municipality,group,variable,month,Nuevas en personas de 5 a 14 años -Hombre,Nuevas en personas de 5 a 14 años -Mujer,TOTAL-H,TOTAL-M,TOTAL
ACACIO,consulta externa,nuevas en personas de 5 a 14 anos,2005-01-01,11,20,11,20,31
ACHACACHI,consulta externa,nuevas en personas de 5 a 14 anos,2005-01-01,94,66,94,66,160
ACHOCALLA,consulta externa,nuevas en personas de 5 a 14 anos,2005-01-01,25,21,25,21,46
AIQUILE,consulta externa,nuevas en personas de 5 a 14 anos,2005-01-01,55,81,55,81,136
ALALAY,consulta externa,nuevas en personas de 5 a 14 anos,2005-01-01,5,4,5,4,9
ALCALA,consulta externa,nuevas en personas de 5 a 14 anos,2005-01-01,12,5,12,5,17
ANCORAIMES,consulta externa,nuevas en personas de 5 a 14 anos,2005-01-01,19,12,19,12,31
ANDAMARCA,consulta externa,nuevas en personas de 5 a 14 anos,2005-01-01,4,3,4,3,7
ANTEQUERA,consulta externa,nuevas en personas de 5 a 14 anos,2005-01-01,4,1,4,1,5
ANZALDO,consulta externa,nuevas en personas de 5 a 14 anos,2005-01-01,9,12,9,12,21
APOLO,consulta externa,nuevas en personas de 5 a 14 anos,2005-01-01,51,64,51,64,115
ARAMPAMPA,consulta externa,nuevas en personas de 5 a 14 anos,2005-01-01,11,6,11,6,17
ARANI,consulta externa,nuevas en personas de 5 a 14 anos,2005-01-01,17,9,17,9,26
ARBIETO,consulta externa,nuevas en personas de 5 a 14 anos,2005-01-01,15,16,15,16,31
ARQUE,consulta externa,nuevas en personas de 5 a 14 anos,2005-01-01,18,16,18,16,34
ASCENCION DE GUARAYOS,consulta externa,nuevas en personas de 5 a 14 anos,2005-01-01,70,94,70,94,164
ATOCHA,consulta externa,nuevas en personas de 5 a 14 anos,2005-01-01,167,193,167,193,360
AUCAPATA,consulta externa,nuevas en personas de 5 a 14 anos,2005-01-01,14,21,14,21,35
AYATA,consulta externa,nuevas en personas de 5 a 14 anos,2005-01-01,23,11,23,11,34
AYO AYO,consulta externa,nuevas en personas de 5 a 14 anos,2005-01-01,7,6,7,6,13
AYOPAYA (V. DE INDEPENDENCIA),consulta externa,nuevas en personas de 5 a 14 anos,2005-01-01,33,30,33,30,63
AZURDUY,consulta externa,nuevas en personas de 5 a 14 anos,2005-01-01,44,37,44,37,81
BATALLAS,consulta externa,nuevas en personas de 5 a 14 anos,2005-01-01,18,26,18,26,44
BAURES,consulta externa,nuevas en personas de 5 a 14 anos,2005-01-01,22,17,22,17,39
BELEN DE ANDAMARCA,consulta externa,nuevas en personas de 5 a 14 anos,2005-01-01,1,2,1,2,3
BELEN DE URMIRI,consulta externa,nuevas en personas de 5 a 14 anos,2005-01-01,7,11,7,11,18
BELLA FLOR,consulta externa,nuevas en personas de 5 a 14 anos,2005-01-01,10,16,10,16,26
BERMEJO,consulta externa,nuevas en personas de 5 a 14 anos,2005-01-01,281,225,281,225,506
BETANZOS,consulta externa,nuevas en personas de 5 a 14 anos,2005-01-01,92,106,92,106,198
BOLIVAR,consulta externa,nuevas en personas de 5 a 14 anos,2005-01-01,8,6,8,6,14
BOLPEBRA,consulta externa,nuevas en personas de 5 a 14 anos,2005-01-01,4,14,4,14,18
BOYUIBE,consulta externa,nuevas en personas de 5 a 14 anos,2005-01-01,33,40,33,40,73
BUENA VISTA,consulta externa,nuevas en personas de 5 a 14 anos,2005-01-01,110,107,110,107,217
CABEZAS,consulta externa,nuevas en personas de 5 a 14 anos,2005-01-01,95,91,95,91,186
CAIROMA,consulta externa,nuevas en personas de 5 a 14 anos,2005-01-01,17,26,17,26,43
"CAIZA ""D""",consulta externa,nuevas en personas de 5 a 14 anos,2005-01-01,28,35,28,35,63
CAJUATA,consulta externa,nuevas en personas de 5 a 14 anos,2005-01-01,44,53,44,53,97
CALACOTO,consulta externa,nuevas en personas de 5 a 14 anos,2005-01-01,14,14,14,14,28
CALAMARCA,consulta externa,nuevas en personas de 5 a 14 anos,2005-01-01,9,19,9,19,28
CAMARGO,consulta externa,nuevas en personas de 5 a 14 anos,2005-01-01,77,72,77,72,149
CAMATAQUI (C. VILLA ABECIA),consulta externa,nuevas en personas de 5 a 14 anos,2005-01-01,12,13,12,13,25
CAMIRI,consulta externa,nuevas en personas de 5 a 14 anos,2005-01-01,253,360,253,360,613
CAPINOTA,consulta externa,nuevas en personas de 5 a 14 anos,2005-01-01,54,40,54,40,94
CAQUIAVIRI,consulta externa,nuevas en personas de 5 a 14 anos,2005-01-01,16,14,16,14,30
CARACOLLO,consulta externa,nuevas en personas de 5 a 14 anos,2005-01-01,36,51,36,51,87
CARANAVI,consulta externa,nuevas en personas de 5 a 14 anos,2005-01-01,133,147,133,147,280
CARAPARI,consulta externa,nuevas en personas de 5 a 14 anos,2005-01-01,88,67,88,67,155
CARIPUYO,consulta externa,nuevas en personas de 5 a 14 anos,2005-01-01,9,13,9,13,22
CARMEN RIVERO TORREZ,consulta externa,nuevas en personas de 5 a 14 anos,2005-01-01,3,6,3,6,9
CATACORA,consulta externa,nuevas en personas de 5 a 14 anos,2005-01-01,8,9,8,9,17
CHACARILLA,consulta externa,nuevas en personas de 5 a 14 anos,2005-01-01,1,0,1,0,1
CHALLAPATA,consulta externa,nuevas en personas de 5 a 14 anos,2005-01-01,59,42,59,42,101
CHAQUI,consulta externa,nuevas en personas de 5 a 14 anos,2005-01-01,19,18,19,18,37
CHARAGUA,consulta externa,nuevas en personas de 5 a 14 anos,2005-01-01,98,114,98,114,212
CHARAÑA,consulta externa,nuevas en personas de 5 a 14 anos,2005-01-01,10,7,10,7,17
CHAYANTA,consulta externa,nuevas en personas de 5 a 14 anos,2005-01-01,41,42,41,42,83
CHIMORE,consulta externa,nuevas en personas de 5 a 14 anos,2005-01-01,77,68,77,68,145
CHIPAYA,consulta externa,nuevas en personas de 5 a 14 anos,2005-01-01,0,1,0,1,1
CHOQUE COTA,consulta externa,nuevas en personas de 5 a 14 anos,2005-01-01,3,3,3,3,6
CHULUMANI (V. DE LA LIBERTAD),consulta externa,nuevas en personas de 5 a 14 anos,2005-01-01,60,45,60,45,105
CHUMA,consulta externa,nuevas en personas de 5 a 14 anos,2005-01-01,35,35,35,35,70
CLIZA,consulta externa,nuevas en personas de 5 a 14 anos,2005-01-01,21,30,21,30,51
COBIJA,consulta externa,nuevas en personas de 5 a 14 anos,2005-01-01,267,230,267,230,497
COCHABAMBA,consulta externa,nuevas en personas de 5 a 14 anos,2005-01-01,4152,4374,4152,4374,8526
COIPASA,consulta externa,nuevas en personas de 5 a 14 anos,2005-01-01,1,9,1,9,10
COLCAPIRHUA,consulta externa,nuevas en personas de 5 a 14 anos,2005-01-01,161,142,161,142,303
"COLCHA ""K""",consulta externa,nuevas en personas de 5 a 14 anos,2005-01-01,30,38,30,38,68
COLLANA,consulta externa,nuevas en personas de 5 a 14 anos,2005-01-01,9,5,9,5,14
COLOMI,consulta externa,nuevas en personas de 5 a 14 anos,2005-01-01,52,24,52,24,76
COLPA BELGICA,consulta externa,nuevas en personas de 5 a 14 anos,2005-01-01,58,30,58,30,88
COLQUECHACA,consulta externa,nuevas en personas de 5 a 14 anos,2005-01-01,92,98,92,98,190
COLQUENCHA,consulta externa,nuevas en personas de 5 a 14 anos,2005-01-01,24,25,24,25,49
COLQUIRI,consulta externa,nuevas en personas de 5 a 14 anos,2005-01-01,40,37,40,37,77
COMANCHE,consulta externa,nuevas en personas de 5 a 14 anos,2005-01-01,2,4,2,4,6
COMARAPA,consulta externa,nuevas en personas de 5 a 14 anos,2005-01-01,63,100,63,100,163
COMBAYA,consulta externa,nuevas en personas de 5 a 14 anos,2005-01-01,6,2,6,2,8
CONCEPCION,consulta externa,nuevas en personas de 5 a 14 anos,2005-01-01,26,24,26,24,50
COPACABANA,consulta externa,nuevas en personas de 5 a 14 anos,2005-01-01,8,16,8,16,24
CORIPATA,consulta externa,nuevas en personas de 5 a 14 anos,2005-01-01,32,24,32,24,56
CORO CORO,consulta externa,nuevas en personas de 5 a 14 anos,2005-01-01,22,13,22,13,35
COROICO,consulta externa,nuevas en personas de 5 a 14 anos,2005-01-01,44,45,44,45,89
CORQUE,consulta externa,nuevas en personas de 5 a 14 anos,2005-01-01,34,22,34,22,56
COTAGAITA,consulta externa,nuevas en personas de 5 a 14 anos,2005-01-01,226,237,226,237,463
COTOCA,consulta externa,nuevas en personas de 5 a 14 anos,2005-01-01,103,78,103,78,181
CUATRO CAÑADAS,consulta externa,nuevas en personas de 5 a 14 anos,2005-01-01,86,78,86,78,164
CUCHUMUELA (V. G. VILLARROEL),consulta externa,nuevas en personas de 5 a 14 anos,2005-01-01,2,4,2,4,6
CUEVO,consulta externa,nuevas en personas de 5 a 14 anos,2005-01-01,53,62,53,62,115
CULPINA,consulta externa,nuevas en personas de 5 a 14 anos,2005-01-01,45,53,45,53,98
CURAHUARA DE CARANGAS,consulta externa,nuevas en personas de 5 a 14 anos,2005-01-01,17,32,17,32,49
CURVA,consulta externa,nuevas en personas de 5 a 14 anos,2005-01-01,3,12,3,12,15
DESAGUADERO,consulta externa,nuevas en personas de 5 a 14 anos,2005-01-01,8,8,8,8,16
EL ALTO,consulta externa,nuevas en personas de 5 a 14 anos,2005-01-01,3684,3777,3684,3777,7461
EL CHORO,consulta externa,nuevas en personas de 5 a 14 anos,2005-01-01,9,10,9,10,19
EL PUENTE(STC),consulta externa,nuevas en personas de 5 a 14 anos,2005-01-01,35,31,35,31,66
EL PUENTE(TJA),consulta externa,nuevas en personas de 5 a 14 anos,2005-01-01,33,34,33,34,67
EL TORNO,consulta externa,nuevas en personas de 5 a 14 anos,2005-01-01,234,228,234,228,462
EL VILLAR,consulta externa,nuevas en personas de 5 a 14 anos,2005-01-01,27,27,27,27,54
ENTRE RIOS,consulta externa,nuevas en personas de 5 a 14 anos,2005-01-01,125,147,125,147,272
ENTRE RIOS,consulta externa,nuevas en personas de 5 a 14 anos,2005-01-01,66,38,66,38,104
ESCARA,consulta externa,nuevas en personas de 5 a 14 anos,2005-01-01,0,1,0,1,1
EUCALIPTUS,consulta externa,nuevas en personas de 5 a 14 anos,2005-01-01,13,15,13,15,28
EUREKA (SANTOS MERCADO),consulta externa,nuevas en personas de 5 a 14 anos,2005-01-01,3,2,3,2,5
EXALTACION,consulta externa,nuevas en personas de 5 a 14 anos,2005-01-01,9,17,9,17,26
FERNANDEZ ALONSO,consulta externa,nuevas en personas de 5 a 14 anos,2005-01-01,61,51,61,51,112
FILADELFIA,consulta externa,nuevas en personas de 5 a 14 anos,2005-01-01,25,23,25,23,48
GENERAL SAAVEDRA,consulta externa,nuevas en personas de 5 a 14 anos,2005-01-01,76,84,76,84,160
GRAL. J.J. PEREZ (CHARAZANI),consulta externa,nuevas en personas de 5 a 14 anos,2005-01-01,24,32,24,32,56
GUANAY,consulta externa,nuevas en personas de 5 a 14 anos,2005-01-01,29,31,29,31,60
GUAQUI,consulta externa,nuevas en personas de 5 a 14 anos,2005-01-01,7,14,7,14,21
GUAYARAMERIN,consulta externa,nuevas en personas de 5 a 14 anos,2005-01-01,257,300,257,300,557
GUTIERREZ,consulta externa,nuevas en personas de 5 a 14 anos,2005-01-01,192,190,192,190,382
HUACARETA,consulta externa,nuevas en personas de 5 a 14 anos,2005-01-01,51,39,51,39,90
HUACAYA (VILLA DE HUACAYA),consulta externa,nuevas en personas de 5 a 14 anos,2005-01-01,17,16,17,16,33
HUACHACALLA,consulta externa,nuevas en personas de 5 a 14 anos,2005-01-01,2,1,2,1,3
HUANUNI,consulta externa,nuevas en personas de 5 a 14 anos,2005-01-01,303,279,303,279,582
HUARACAJE,consulta externa,nuevas en personas de 5 a 14 anos,2005-01-01,20,16,20,16,36
HUAYLLAMARCA,consulta externa,nuevas en personas de 5 a 14 anos,2005-01-01,95,77,95,77,172
ICHOCA,consulta externa,nuevas en personas de 5 a 14 anos,2005-01-01,9,16,9,16,25
ICLA,consulta externa,nuevas en personas de 5 a 14 anos,2005-01-01,24,24,24,24,48
INCAHUASI,consulta externa,nuevas en personas de 5 a 14 anos,2005-01-01,45,45,45,45,90
INGAVI (HUMAITA),consulta externa,nuevas en personas de 5 a 14 anos,2005-01-01,5,4,5,4,9
INQUISIVI,consulta externa,nuevas en personas de 5 a 14 anos,2005-01-01,33,31,33,31,64
IRUPANA (VILLA DE LANZA),consulta externa,nuevas en personas de 5 a 14 anos,2005-01-01,51,61,51,61,112
IXIAMAS,consulta externa,nuevas en personas de 5 a 14 anos,2005-01-01,42,33,42,33,75
JESUS DE MACHACA,consulta externa,nuevas en personas de 5 a 14 anos,2005-01-01,23,20,23,20,43
LA ASUNTA,consulta externa,nuevas en personas de 5 a 14 anos,2005-01-01,109,99,109,99,208
LA GUARDIA,consulta externa,nuevas en personas de 5 a 14 anos,2005-01-01,118,151,118,151,269
LA PAZ,consulta externa,nuevas en personas de 5 a 14 anos,2005-01-01,5921,5776,5921,5776,11697
LA RIVERA,consulta externa,nuevas en personas de 5 a 14 anos,2005-01-01,0,1,0,1,1
LAGUNILLAS,consulta externa,nuevas en personas de 5 a 14 anos,2005-01-01,63,45,63,45,108
LAJA,consulta externa,nuevas en personas de 5 a 14 anos,2005-01-01,47,13,47,13,60
LAS CARRERAS,consulta externa,nuevas en personas de 5 a 14 anos,2005-01-01,11,29,11,29,40
LICOMA PAMPA,consulta externa,nuevas en personas de 5 a 14 anos,2005-01-01,4,2,4,2,6
LLALLAGUA,consulta externa,nuevas en personas de 5 a 14 anos,2005-01-01,120,115,120,115,235
LLICA,consulta externa,nuevas en personas de 5 a 14 anos,2005-01-01,13,28,13,28,41
LORETO,consulta externa,nuevas en personas de 5 a 14 anos,2005-01-01,22,12,22,12,34
LURIBAY,consulta externa,nuevas en personas de 5 a 14 anos,2005-01-01,30,19,30,19,49
MACHACAMARCA,consulta externa,nuevas en personas de 5 a 14 anos,2005-01-01,13,10,13,10,23
MACHARETI,consulta externa,nuevas en personas de 5 a 14 anos,2005-01-01,61,69,61,69,130
MAGDALENA,consulta externa,nuevas en personas de 5 a 14 anos,2005-01-01,73,68,73,68,141
MAIRANA,consulta externa,nuevas en personas de 5 a 14 anos,2005-01-01,32,42,32,42,74
MALLA,consulta externa,nuevas en personas de 5 a 14 anos,2005-01-01,43,46,43,46,89
MAPIRI,consulta externa,nuevas en personas de 5 a 14 anos,2005-01-01,51,56,51,56,107
MECAPACA,consulta externa,nuevas en personas de 5 a 14 anos,2005-01-01,62,79,62,79,141
MINEROS,consulta externa,nuevas en personas de 5 a 14 anos,2005-01-01,24,42,24,42,66
MIZQUE,consulta externa,nuevas en personas de 5 a 14 anos,2005-01-01,31,22,31,22,53
MOCOMOCO,consulta externa,nuevas en personas de 5 a 14 anos,2005-01-01,20,17,20,17,37
MOJINETE,consulta externa,nuevas en personas de 5 a 14 anos,2005-01-01,3,6,3,6,9
MOJOCOYA,consulta externa,nuevas en personas de 5 a 14 anos,2005-01-01,25,31,25,31,56
MONTEAGUDO,consulta externa,nuevas en personas de 5 a 14 anos,2005-01-01,242,274,242,274,516
MONTERO,consulta externa,nuevas en personas de 5 a 14 anos,2005-01-01,521,543,521,543,1064
MORO MORO,consulta externa,nuevas en personas de 5 a 14 anos,2005-01-01,21,8,21,8,29
MOROCHATA,consulta externa,nuevas en personas de 5 a 14 anos,2005-01-01,19,18,19,18,37
NACEBE (SANTA ROSA DEL ABUNA),consulta externa,nuevas en personas de 5 a 14 anos,2005-01-01,12,7,12,7,19
NUEVO MANOA (NUEVA ESPERANZA),consulta externa,nuevas en personas de 5 a 14 anos,2005-01-01,21,13,21,13,34
OCURI,consulta externa,nuevas en personas de 5 a 14 anos,2005-01-01,17,23,17,23,40
OKINAWA,consulta externa,nuevas en personas de 5 a 14 anos,2005-01-01,100,117,100,117,217
OMEREQUE,consulta externa,nuevas en personas de 5 a 14 anos,2005-01-01,7,4,7,4,11
ORURO,consulta externa,nuevas en personas de 5 a 14 anos,2005-01-01,1940,1973,1940,1973,3913
PADCAYA,consulta externa,nuevas en personas de 5 a 14 anos,2005-01-01,99,89,99,89,188
PADILLA,consulta externa,nuevas en personas de 5 a 14 anos,2005-01-01,76,64,76,64,140
PAILON,consulta externa,nuevas en personas de 5 a 14 anos,2005-01-01,44,45,44,45,89
PALCA,consulta externa,nuevas en personas de 5 a 14 anos,2005-01-01,35,25,35,25,60
PALOS BLANCOS,consulta externa,nuevas en personas de 5 a 14 anos,2005-01-01,153,123,153,123,276
PAMPA AULLAGAS,consulta externa,nuevas en personas de 5 a 14 anos,2005-01-01,4,0,4,0,4
PAMPA GRANDE,consulta externa,nuevas en personas de 5 a 14 anos,2005-01-01,78,109,78,109,187
PAPEL PAMPA,consulta externa,nuevas en personas de 5 a 14 anos,2005-01-01,17,13,17,13,30
PASORAPA,consulta externa,nuevas en personas de 5 a 14 anos,2005-01-01,2,5,2,5,7
PATACAMAYA,consulta externa,nuevas en personas de 5 a 14 anos,2005-01-01,34,30,34,30,64
PAZÑA,consulta externa,nuevas en personas de 5 a 14 anos,2005-01-01,22,22,22,22,44
PELECHUCO,consulta externa,nuevas en personas de 5 a 14 anos,2005-01-01,15,24,15,24,39
POCOATA,consulta externa,nuevas en personas de 5 a 14 anos,2005-01-01,58,52,58,52,110
POCONA,consulta externa,nuevas en personas de 5 a 14 anos,2005-01-01,25,26,25,26,51
POJO (CBBA),consulta externa,nuevas en personas de 5 a 14 anos,2005-01-01,23,34,23,34,57
POOPO,consulta externa,nuevas en personas de 5 a 14 anos,2005-01-01,13,21,13,21,34
PORCO,consulta externa,nuevas en personas de 5 a 14 anos,2005-01-01,9,12,9,12,21
POROMA,consulta externa,nuevas en personas de 5 a 14 anos,2005-01-01,53,38,53,38,91
PORONGO,consulta externa,nuevas en personas de 5 a 14 anos,2005-01-01,51,53,51,53,104
PORTACHUELO,consulta externa,nuevas en personas de 5 a 14 anos,2005-01-01,103,114,103,114,217
PORVENIR,consulta externa,nuevas en personas de 5 a 14 anos,2005-01-01,40,37,40,37,77
POSTRER VALLE,consulta externa,nuevas en personas de 5 a 14 anos,2005-01-01,19,10,19,10,29
POTOSI,consulta externa,nuevas en personas de 5 a 14 anos,2005-01-01,997,1103,997,1103,2100
PRESTO,consulta externa,nuevas en personas de 5 a 14 anos,2005-01-01,15,25,15,25,40
PUCARA,consulta externa,nuevas en personas de 5 a 14 anos,2005-01-01,9,5,9,5,14
PUCARANI,consulta externa,nuevas en personas de 5 a 14 anos,2005-01-01,25,31,25,31,56
PUERTO ACOSTA,consulta externa,nuevas en personas de 5 a 14 anos,2005-01-01,42,34,42,34,76
PUERTO CARABUCO,consulta externa,nuevas en personas de 5 a 14 anos,2005-01-01,30,36,30,36,66
PUERTO GONZALO MORENO,consulta externa,nuevas en personas de 5 a 14 anos,2005-01-01,28,30,28,30,58
PUERTO PEREZ,consulta externa,nuevas en personas de 5 a 14 anos,2005-01-01,8,11,8,11,19
PUERTO QUIJARRO,consulta externa,nuevas en personas de 5 a 14 anos,2005-01-01,128,121,128,121,249
PUERTO RICO,consulta externa,nuevas en personas de 5 a 14 anos,2005-01-01,72,77,72,77,149
PUERTO SILES,consulta externa,nuevas en personas de 5 a 14 anos,2005-01-01,10,3,10,3,13
PUERTO SUAREZ,consulta externa,nuevas en personas de 5 a 14 anos,2005-01-01,113,121,113,121,234
PUERTO VILLARROEL,consulta externa,nuevas en personas de 5 a 14 anos,2005-01-01,188,163,188,163,351
PUNA,consulta externa,nuevas en personas de 5 a 14 anos,2005-01-01,76,93,76,93,169
PUNATA,consulta externa,nuevas en personas de 5 a 14 anos,2005-01-01,113,124,113,124,237
QUIABAYA,consulta externa,nuevas en personas de 5 a 14 anos,2005-01-01,5,3,5,3,8
QUILLACOLLO,consulta externa,nuevas en personas de 5 a 14 anos,2005-01-01,298,298,298,298,596
QUIME,consulta externa,nuevas en personas de 5 a 14 anos,2005-01-01,37,35,37,35,72
QUIRUSILLAS,consulta externa,nuevas en personas de 5 a 14 anos,2005-01-01,6,8,6,8,14
RAVELO,consulta externa,nuevas en personas de 5 a 14 anos,2005-01-01,29,25,29,25,54
REYES,consulta externa,nuevas en personas de 5 a 14 anos,2005-01-01,70,59,70,59,129
RIBERALTA,consulta externa,nuevas en personas de 5 a 14 anos,2005-01-01,779,627,779,627,1406
ROBORE,consulta externa,nuevas en personas de 5 a 14 anos,2005-01-01,91,90,91,90,181
RURRENABAQUE,consulta externa,nuevas en personas de 5 a 14 anos,2005-01-01,104,126,104,126,230
SABAYA,consulta externa,nuevas en personas de 5 a 14 anos,2005-01-01,5,20,5,20,25
SACABA,consulta externa,nuevas en personas de 5 a 14 anos,2005-01-01,172,191,172,191,363
SACABAMBA,consulta externa,nuevas en personas de 5 a 14 anos,2005-01-01,6,3,6,3,9
SACACA,consulta externa,nuevas en personas de 5 a 14 anos,2005-01-01,40,33,40,33,73
SAIPINA,consulta externa,nuevas en personas de 5 a 14 anos,2005-01-01,38,26,38,26,64
SALINAS DE GARCI MENDOZA,consulta externa,nuevas en personas de 5 a 14 anos,2005-01-01,17,21,17,21,38
SAMAIPATA,consulta externa,nuevas en personas de 5 a 14 anos,2005-01-01,34,28,34,28,62
SAN AGUSTIN,consulta externa,nuevas en personas de 5 a 14 anos,2005-01-01,6,6,6,6,12
SAN ANDRES,consulta externa,nuevas en personas de 5 a 14 anos,2005-01-01,50,50,50,50,100
SAN ANDRES DE MACHACA,consulta externa,nuevas en personas de 5 a 14 anos,2005-01-01,14,13,14,13,27
SAN ANTONIO DE ESMORUCO,consulta externa,nuevas en personas de 5 a 14 anos,2005-01-01,6,9,6,9,15
SAN ANTONIO DE LOMERIO,consulta externa,nuevas en personas de 5 a 14 anos,2005-01-01,44,27,44,27,71
SAN BENITO,consulta externa,nuevas en personas de 5 a 14 anos,2005-01-01,31,31,31,31,62
SAN BORJA,consulta externa,nuevas en personas de 5 a 14 anos,2005-01-01,99,131,99,131,230
SAN BUENA VENTURA,consulta externa,nuevas en personas de 5 a 14 anos,2005-01-01,43,37,43,37,80
SAN CARLOS,consulta externa,nuevas en personas de 5 a 14 anos,2005-01-01,81,97,81,97,178
SAN IGNACIO,consulta externa,nuevas en personas de 5 a 14 anos,2005-01-01,133,148,133,148,281
SAN IGNACIO DE VELASCO,consulta externa,nuevas en personas de 5 a 14 anos,2005-01-01,263,282,263,282,545
SAN JAVIER(BNI),consulta externa,nuevas en personas de 5 a 14 anos,2005-01-01,6,10,6,10,16
SAN JAVIER(STC),consulta externa,nuevas en personas de 5 a 14 anos,2005-01-01,24,33,24,33,57
SAN JOAQUIN,consulta externa,nuevas en personas de 5 a 14 anos,2005-01-01,20,24,20,24,44
SAN JOSE DE CHIQUITOS,consulta externa,nuevas en personas de 5 a 14 anos,2005-01-01,125,109,125,109,234
SAN JUAN DE YAPACANI,consulta externa,nuevas en personas de 5 a 14 anos,2005-01-01,90,63,90,63,153
SAN JULIAN,consulta externa,nuevas en personas de 5 a 14 anos,2005-01-01,319,206,319,206,525
SAN LORENZO(PND),consulta externa,nuevas en personas de 5 a 14 anos,2005-01-01,72,54,72,54,126
SAN LORENZO(TJA),consulta externa,nuevas en personas de 5 a 14 anos,2005-01-01,94,92,94,92,186
SAN LUCAS,consulta externa,nuevas en personas de 5 a 14 anos,2005-01-01,88,81,88,81,169
SAN MATIAS,consulta externa,nuevas en personas de 5 a 14 anos,2005-01-01,21,22,21,22,43
SAN MIGUEL DE VELASCO,consulta externa,nuevas en personas de 5 a 14 anos,2005-01-01,64,65,64,65,129
SAN PABLO DE LIPEZ,consulta externa,nuevas en personas de 5 a 14 anos,2005-01-01,16,18,16,18,34
SAN PEDRO,consulta externa,nuevas en personas de 5 a 14 anos,2005-01-01,222,175,222,175,397
SAN PEDRO DE BUENA VISTA,consulta externa,nuevas en personas de 5 a 14 anos,2005-01-01,24,24,24,24,48
SAN PEDRO DE CURAHUARA,consulta externa,nuevas en personas de 5 a 14 anos,2005-01-01,38,37,38,37,75
SAN PEDRO DE TIQUINA,consulta externa,nuevas en personas de 5 a 14 anos,2005-01-01,11,8,11,8,19
SAN PEDRO(PND),consulta externa,nuevas en personas de 5 a 14 anos,2005-01-01,3,5,3,5,8
SAN RAFAEL,consulta externa,nuevas en personas de 5 a 14 anos,2005-01-01,14,12,14,12,26
SAN RAMON,consulta externa,nuevas en personas de 5 a 14 anos,2005-01-01,38,21,38,21,59
SAN RAMON,consulta externa,nuevas en personas de 5 a 14 anos,2005-01-01,52,44,52,44,96
SANTA ANA,consulta externa,nuevas en personas de 5 a 14 anos,2005-01-01,74,69,74,69,143
SANTA CRUZ DE LA SIERRA,consulta externa,nuevas en personas de 5 a 14 anos,2005-01-01,7011,8451,7011,8451,15462
SANTA ROSA,consulta externa,nuevas en personas de 5 a 14 anos,2005-01-01,21,9,21,9,30
SANTA ROSA DEL SARA,consulta externa,nuevas en personas de 5 a 14 anos,2005-01-01,88,91,88,91,179
SANTIAGO DE CALLAPA,consulta externa,nuevas en personas de 5 a 14 anos,2005-01-01,16,16,16,16,32
SANTIAGO DE HUARI,consulta externa,nuevas en personas de 5 a 14 anos,2005-01-01,36,26,36,26,62
SANTIAGO DE MACHACA,consulta externa,nuevas en personas de 5 a 14 anos,2005-01-01,3,5,3,5,8
SANTIVAÑES,consulta externa,nuevas en personas de 5 a 14 anos,2005-01-01,23,34,23,34,57
SANTUARIO DE QUILLACAS,consulta externa,nuevas en personas de 5 a 14 anos,2005-01-01,6,4,6,4,10
SAPAHAQUI,consulta externa,nuevas en personas de 5 a 14 anos,2005-01-01,29,27,29,27,56
SENA,consulta externa,nuevas en personas de 5 a 14 anos,2005-01-01,39,22,39,22,61
SICA SICA (VILLA AROMA),consulta externa,nuevas en personas de 5 a 14 anos,2005-01-01,10,28,10,28,38
SICAYA,consulta externa,nuevas en personas de 5 a 14 anos,2005-01-01,0,3,0,3,3
SIPE SIPE,consulta externa,nuevas en personas de 5 a 14 anos,2005-01-01,58,55,58,55,113
SOPACHUY,consulta externa,nuevas en personas de 5 a 14 anos,2005-01-01,18,19,18,19,37
SORACACHI,consulta externa,nuevas en personas de 5 a 14 anos,2005-01-01,12,16,12,16,28
SORATA,consulta externa,nuevas en personas de 5 a 14 anos,2005-01-01,46,45,46,45,91
SUCRE,consulta externa,nuevas en personas de 5 a 14 anos,2005-01-01,2198,2160,2198,2160,4358
TACACHI,consulta externa,nuevas en personas de 5 a 14 anos,2005-01-01,7,7,7,7,14
TACACOMA,consulta externa,nuevas en personas de 5 a 14 anos,2005-01-01,13,6,13,6,19
TACOBAMBA,consulta externa,nuevas en personas de 5 a 14 anos,2005-01-01,19,17,19,17,36
TACOPAYA,consulta externa,nuevas en personas de 5 a 14 anos,2005-01-01,13,12,13,12,25
TAHUA,consulta externa,nuevas en personas de 5 a 14 anos,2005-01-01,3,0,3,0,3
TAPACARI,consulta externa,nuevas en personas de 5 a 14 anos,2005-01-01,67,52,67,52,119
TARABUCO,consulta externa,nuevas en personas de 5 a 14 anos,2005-01-01,35,32,35,32,67
TARACO,consulta externa,nuevas en personas de 5 a 14 anos,2005-01-01,10,1,10,1,11
TARATA,consulta externa,nuevas en personas de 5 a 14 anos,2005-01-01,22,30,22,30,52
TARIJA,consulta externa,nuevas en personas de 5 a 14 anos,2005-01-01,1479,1394,1479,1394,2873
TARVITA,consulta externa,nuevas en personas de 5 a 14 anos,2005-01-01,53,56,53,56,109
TEOPONTE,consulta externa,nuevas en personas de 5 a 14 anos,2005-01-01,30,23,30,23,53
TIAWANACU,consulta externa,nuevas en personas de 5 a 14 anos,2005-01-01,19,25,19,25,44
TINGUIPAYA,consulta externa,nuevas en personas de 5 a 14 anos,2005-01-01,28,26,28,26,54
TIPUANI,consulta externa,nuevas en personas de 5 a 14 anos,2005-01-01,12,11,12,11,23
TIQUIPAYA,consulta externa,nuevas en personas de 5 a 14 anos,2005-01-01,62,65,62,65,127
TIRAQUE (CBBA),consulta externa,nuevas en personas de 5 a 14 anos,2005-01-01,162,182,162,182,344
TITO YUPANQUI (PARQUIPUJIO),consulta externa,nuevas en personas de 5 a 14 anos,2005-01-01,6,7,6,7,13
TOCO,consulta externa,nuevas en personas de 5 a 14 anos,2005-01-01,7,9,7,9,16
TODOS SANTOS,consulta externa,nuevas en personas de 5 a 14 anos,2005-01-01,4,1,4,1,5
TOLATA,consulta externa,nuevas en personas de 5 a 14 anos,2005-01-01,10,8,10,8,18
TOLEDO,consulta externa,nuevas en personas de 5 a 14 anos,2005-01-01,22,27,22,27,49
TOMAVE,consulta externa,nuevas en personas de 5 a 14 anos,2005-01-01,22,25,22,25,47
TOMINA,consulta externa,nuevas en personas de 5 a 14 anos,2005-01-01,42,39,42,39,81
TORO TORO,consulta externa,nuevas en personas de 5 a 14 anos,2005-01-01,27,24,27,24,51
TOTORA(CBBA),consulta externa,nuevas en personas de 5 a 14 anos,2005-01-01,22,14,22,14,36
TOTORA(ORR),consulta externa,nuevas en personas de 5 a 14 anos,2005-01-01,9,4,9,4,13
TRIGAL,consulta externa,nuevas en personas de 5 a 14 anos,2005-01-01,14,11,14,11,25
TRINIDAD,consulta externa,nuevas en personas de 5 a 14 anos,2005-01-01,526,513,526,513,1039
TUPIZA,consulta externa,nuevas en personas de 5 a 14 anos,2005-01-01,557,723,557,723,1280
TURCO,consulta externa,nuevas en personas de 5 a 14 anos,2005-01-01,48,58,48,58,106
UMALA,consulta externa,nuevas en personas de 5 a 14 anos,2005-01-01,4,3,4,3,7
UNCIA,consulta externa,nuevas en personas de 5 a 14 anos,2005-01-01,117,122,117,122,239
URIONDO (A. CONCEPCION),consulta externa,nuevas en personas de 5 a 14 anos,2005-01-01,55,54,55,54,109
URUBICHA,consulta externa,nuevas en personas de 5 a 14 anos,2005-01-01,29,22,29,22,51
UYUNI,consulta externa,nuevas en personas de 5 a 14 anos,2005-01-01,98,103,98,103,201
VACAS,consulta externa,nuevas en personas de 5 a 14 anos,2005-01-01,30,29,30,29,59
VALLEGRANDE,consulta externa,nuevas en personas de 5 a 14 anos,2005-01-01,97,104,97,104,201
VIACHA,consulta externa,nuevas en personas de 5 a 14 anos,2005-01-01,117,141,117,141,258
VILA VILA,consulta externa,nuevas en personas de 5 a 14 anos,2005-01-01,7,9,7,9,16
VILLA MONTES,consulta externa,nuevas en personas de 5 a 14 anos,2005-01-01,174,159,174,159,333
VILLA NUEVA (LOMA ALTA),consulta externa,nuevas en personas de 5 a 14 anos,2005-01-01,5,6,5,6,11
VILLA RIVERO,consulta externa,nuevas en personas de 5 a 14 anos,2005-01-01,18,5,18,5,23
VILLA SERRANO,consulta externa,nuevas en personas de 5 a 14 anos,2005-01-01,39,34,39,34,73
VILLA TUNARI,consulta externa,nuevas en personas de 5 a 14 anos,2005-01-01,281,210,281,210,491
VILLA VACA GUZMAN (MUYUPAMPA),consulta externa,nuevas en personas de 5 a 14 anos,2005-01-01,124,101,124,101,225
VILLAZON,consulta externa,nuevas en personas de 5 a 14 anos,2005-01-01,224,283,224,283,507
VINTO,consulta externa,nuevas en personas de 5 a 14 anos,2005-01-01,17,12,17,12,29
VITICHI,consulta externa,nuevas en personas de 5 a 14 anos,2005-01-01,149,51,149,51,200
WALDO BALLIVIAN,consulta externa,nuevas en personas de 5 a 14 anos,2005-01-01,0,2,0,2,2
WARNES,consulta externa,nuevas en personas de 5 a 14 anos,2005-01-01,172,175,172,175,347
YACO,consulta externa,nuevas en personas de 5 a 14 anos,2005-01-01,23,16,23,16,39
YACUIBA,consulta externa,nuevas en personas de 5 a 14 anos,2005-01-01,653,549,653,549,1202
YAMPARAEZ,consulta externa,nuevas en personas de 5 a 14 anos,2005-01-01,11,8,11,8,19
YANACACHI,consulta externa,nuevas en personas de 5 a 14 anos,2005-01-01,13,17,13,17,30
YAPACANI,consulta externa,nuevas en personas de 5 a 14 anos,2005-01-01,212,175,212,175,387
YOCALLA,consulta externa,nuevas en personas de 5 a 14 anos,2005-01-01,16,14,16,14,30
YOTALA,consulta externa,nuevas en personas de 5 a 14 anos,2005-01-01,34,42,34,42,76
YUNCHARA,consulta externa,nuevas en personas de 5 a 14 anos,2005-01-01,2,4,2,4,6
ZUDAÑEZ,consulta externa,nuevas en personas de 5 a 14 anos,2005-01-01,27,20,27,20,47
ACACIO,consulta externa,nuevas en personas de 5 a 14 anos,2005-02-01,26,10,26,10,36
ACHACACHI,consulta externa,nuevas en personas de 5 a 14 anos,2005-02-01,96,89,96,89,185
ACHOCALLA,consulta externa,nuevas en personas de 5 a 14 anos,2005-02-01,34,32,34,32,66
AIQUILE,consulta externa,nuevas en personas de 5 a 14 anos,2005-02-01,49,78,49,78,127
ALALAY,consulta externa,nuevas en personas de 5 a 14 anos,2005-02-01,5,1,5,1,6
ALCALA,consulta externa,nuevas en personas de 5 a 14 anos,2005-02-01,23,8,23,8,31
ANCORAIMES,consulta externa,nuevas en personas de 5 a 14 anos,2005-02-01,35,27,35,27,62
ANDAMARCA,consulta externa,nuevas en personas de 5 a 14 anos,2005-02-01,22,20,22,20,42
ANTEQUERA,consulta externa,nuevas en personas de 5 a 14 anos,2005-02-01,2,1,2,1,3
ANZALDO,consulta externa,nuevas en personas de 5 a 14 anos,2005-02-01,17,17,17,17,34
APOLO,consulta externa,nuevas en personas de 5 a 14 anos,2005-02-01,20,21,20,21,41
ARAMPAMPA,consulta externa,nuevas en personas de 5 a 14 anos,2005-02-01,7,6,7,6,13
ARANI,consulta externa,nuevas en personas de 5 a 14 anos,2005-02-01,217,237,217,237,454
ARBIETO,consulta externa,nuevas en personas de 5 a 14 anos,2005-02-01,20,16,20,16,36
ARQUE,consulta externa,nuevas en personas de 5 a 14 anos,2005-02-01,22,14,22,14,36
ASCENCION DE GUARAYOS,consulta externa,nuevas en personas de 5 a 14 anos,2005-02-01,51,48,51,48,99
ATOCHA,consulta externa,nuevas en personas de 5 a 14 anos,2005-02-01,159,162,159,162,321
AUCAPATA,consulta externa,nuevas en personas de 5 a 14 anos,2005-02-01,21,24,21,24,45
AYATA,consulta externa,nuevas en personas de 5 a 14 anos,2005-02-01,16,14,16,14,30
AYO AYO,consulta externa,nuevas en personas de 5 a 14 anos,2005-02-01,1,7,1,7,8
AYOPAYA (V. DE INDEPENDENCIA),consulta externa,nuevas en personas de 5 a 14 anos,2005-02-01,45,62,45,62,107
AZURDUY,consulta externa,nuevas en personas de 5 a 14 anos,2005-02-01,62,47,62,47,109
BATALLAS,consulta externa,nuevas en personas de 5 a 14 anos,2005-02-01,29,34,29,34,63
BAURES,consulta externa,nuevas en personas de 5 a 14 anos,2005-02-01,8,10,8,10,18
BELEN DE ANDAMARCA,consulta externa,nuevas en personas de 5 a 14 anos,2005-02-01,2,2,2,2,4
BELEN DE URMIRI,consulta externa,nuevas en personas de 5 a 14 anos,2005-02-01,4,8,4,8,12
BELLA FLOR,consulta externa,nuevas en personas de 5 a 14 anos,2005-02-01,13,19,13,19,32
BERMEJO,consulta externa,nuevas en personas de 5 a 14 anos,2005-02-01,223,164,223,164,387
BETANZOS,consulta externa,nuevas en personas de 5 a 14 anos,2005-02-01,84,90,84,90,174
BOLIVAR,consulta externa,nuevas en personas de 5 a 14 anos,2005-02-01,4,8,4,8,12
BOLPEBRA,consulta externa,nuevas en personas de 5 a 14 anos,2005-02-01,25,29,25,29,54
BOYUIBE,consulta externa,nuevas en personas de 5 a 14 anos,2005-02-01,20,22,20,22,42
BUENA VISTA,consulta externa,nuevas en personas de 5 a 14 anos,2005-02-01,99,70,99,70,169
CABEZAS,consulta externa,nuevas en personas de 5 a 14 anos,2005-02-01,107,86,107,86,193
CAIROMA,consulta externa,nuevas en personas de 5 a 14 anos,2005-02-01,30,27,30,27,57
"CAIZA ""D""",consulta externa,nuevas en personas de 5 a 14 anos,2005-02-01,52,37,52,37,89
CAJUATA,consulta externa,nuevas en personas de 5 a 14 anos,2005-02-01,23,39,23,39,62
CALACOTO,consulta externa,nuevas en personas de 5 a 14 anos,2005-02-01,16,12,16,12,28
CALAMARCA,consulta externa,nuevas en personas de 5 a 14 anos,2005-02-01,23,16,23,16,39
CAMARGO,consulta externa,nuevas en personas de 5 a 14 anos,2005-02-01,63,76,63,76,139
CAMATAQUI (C. VILLA ABECIA),consulta externa,nuevas en personas de 5 a 14 anos,2005-02-01,13,10,13,10,23
CAMIRI,consulta externa,nuevas en personas de 5 a 14 anos,2005-02-01,187,319,187,319,506
CAPINOTA,consulta externa,nuevas en personas de 5 a 14 anos,2005-02-01,36,46,36,46,82
CAQUIAVIRI,consulta externa,nuevas en personas de 5 a 14 anos,2005-02-01,12,20,12,20,32
CARACOLLO,consulta externa,nuevas en personas de 5 a 14 anos,2005-02-01,36,35,36,35,71
CARANAVI,consulta externa,nuevas en personas de 5 a 14 anos,2005-02-01,252,209,252,209,461
CARAPARI,consulta externa,nuevas en personas de 5 a 14 anos,2005-02-01,59,66,59,66,125
CARIPUYO,consulta externa,nuevas en personas de 5 a 14 anos,2005-02-01,9,10,9,10,19
CARMEN RIVERO TORREZ,consulta externa,nuevas en personas de 5 a 14 anos,2005-02-01,8,8,8,8,16
CHALLAPATA,consulta externa,nuevas en personas de 5 a 14 anos,2005-02-01,98,85,98,85,183
CHAQUI,consulta externa,nuevas en personas de 5 a 14 anos,2005-02-01,26,15,26,15,41
CHARAGUA,consulta externa,nuevas en personas de 5 a 14 anos,2005-02-01,70,79,70,79,149
CHARAÑA,consulta externa,nuevas en personas de 5 a 14 anos,2005-02-01,7,6,7,6,13
CHAYANTA,consulta externa,nuevas en personas de 5 a 14 anos,2005-02-01,33,38,33,38,71
CHIMORE,consulta externa,nuevas en personas de 5 a 14 anos,2005-02-01,55,46,55,46,101
CHIPAYA,consulta externa,nuevas en personas de 5 a 14 anos,2005-02-01,1,1,1,1,2
CHOQUE COTA,consulta externa,nuevas en personas de 5 a 14 anos,2005-02-01,1,1,1,1,2
CHULUMANI (V. DE LA LIBERTAD),consulta externa,nuevas en personas de 5 a 14 anos,2005-02-01,51,47,51,47,98
CHUMA,consulta externa,nuevas en personas de 5 a 14 anos,2005-02-01,35,36,35,36,71
CLIZA,consulta externa,nuevas en personas de 5 a 14 anos,2005-02-01,28,19,28,19,47
COBIJA,consulta externa,nuevas en personas de 5 a 14 anos,2005-02-01,182,220,182,220,402
COCHABAMBA,consulta externa,nuevas en personas de 5 a 14 anos,2005-02-01,3142,3028,3142,3028,6170
COIPASA,consulta externa,nuevas en personas de 5 a 14 anos,2005-02-01,2,1,2,1,3
COLCAPIRHUA,consulta externa,nuevas en personas de 5 a 14 anos,2005-02-01,112,116,112,116,228
"COLCHA ""K""",consulta externa,nuevas en personas de 5 a 14 anos,2005-02-01,24,44,24,44,68
COLLANA,consulta externa,nuevas en personas de 5 a 14 anos,2005-02-01,3,2,3,2,5
COLOMI,consulta externa,nuevas en personas de 5 a 14 anos,2005-02-01,31,23,31,23,54
COLPA BELGICA,consulta externa,nuevas en personas de 5 a 14 anos,2005-02-01,39,30,39,30,69
COLQUECHACA,consulta externa,nuevas en personas de 5 a 14 anos,2005-02-01,104,71,104,71,175
COLQUENCHA,consulta externa,nuevas en personas de 5 a 14 anos,2005-02-01,20,17,20,17,37
COLQUIRI,consulta externa,nuevas en personas de 5 a 14 anos,2005-02-01,18,40,18,40,58
COMANCHE,consulta externa,nuevas en personas de 5 a 14 anos,2005-02-01,3,7,3,7,10
COMARAPA,consulta externa,nuevas en personas de 5 a 14 anos,2005-02-01,58,53,58,53,111
COMBAYA,consulta externa,nuevas en personas de 5 a 14 anos,2005-02-01,9,3,9,3,12
CONCEPCION,consulta externa,nuevas en personas de 5 a 14 anos,2005-02-01,27,12,27,12,39
COPACABANA,consulta externa,nuevas en personas de 5 a 14 anos,2005-02-01,15,5,15,5,20
CORIPATA,consulta externa,nuevas en personas de 5 a 14 anos,2005-02-01,24,25,24,25,49
CORO CORO,consulta externa,nuevas en personas de 5 a 14 anos,2005-02-01,16,17,16,17,33
COROICO,consulta externa,nuevas en personas de 5 a 14 anos,2005-02-01,33,22,33,22,55
CORQUE,consulta externa,nuevas en personas de 5 a 14 anos,2005-02-01,22,28,22,28,50
COTAGAITA,consulta externa,nuevas en personas de 5 a 14 anos,2005-02-01,140,184,140,184,324
COTOCA,consulta externa,nuevas en personas de 5 a 14 anos,2005-02-01,61,46,61,46,107
CUATRO CAÑADAS,consulta externa,nuevas en personas de 5 a 14 anos,2005-02-01,82,77,82,77,159
CUCHUMUELA (V. G. VILLARROEL),consulta externa,nuevas en personas de 5 a 14 anos,2005-02-01,3,3,3,3,6
CUEVO,consulta externa,nuevas en personas de 5 a 14 anos,2005-02-01,28,32,28,32,60
CULPINA,consulta externa,nuevas en personas de 5 a 14 anos,2005-02-01,51,54,51,54,105
CURAHUARA DE CARANGAS,consulta externa,nuevas en personas de 5 a 14 anos,2005-02-01,43,52,43,52,95
CURVA,consulta externa,nuevas en personas de 5 a 14 anos,2005-02-01,4,3,4,3,7
DESAGUADERO,consulta externa,nuevas en personas de 5 a 14 anos,2005-02-01,14,9,14,9,23
EL ALTO,consulta externa,nuevas en personas de 5 a 14 anos,2005-02-01,3645,4005,3645,4005,7650
EL CHORO,consulta externa,nuevas en personas de 5 a 14 anos,2005-02-01,6,9,6,9,15
EL PUENTE(STC),consulta externa,nuevas en personas de 5 a 14 anos,2005-02-01,38,53,38,53,91
EL PUENTE(TJA),consulta externa,nuevas en personas de 5 a 14 anos,2005-02-01,19,14,19,14,33
EL TORNO,consulta externa,nuevas en personas de 5 a 14 anos,2005-02-01,172,181,172,181,353
EL VILLAR,consulta externa,nuevas en personas de 5 a 14 anos,2005-02-01,18,28,18,28,46
ENTRE RIOS,consulta externa,nuevas en personas de 5 a 14 anos,2005-02-01,72,118,72,118,190
ENTRE RIOS,consulta externa,nuevas en personas de 5 a 14 anos,2005-02-01,33,18,33,18,51
ESCARA,consulta externa,nuevas en personas de 5 a 14 anos,2005-02-01,1,0,1,0,1
EUCALIPTUS,consulta externa,nuevas en personas de 5 a 14 anos,2005-02-01,7,14,7,14,21
EUREKA (SANTOS MERCADO),consulta externa,nuevas en personas de 5 a 14 anos,2005-02-01,0,1,0,1,1
EXALTACION,consulta externa,nuevas en personas de 5 a 14 anos,2005-02-01,43,42,43,42,85
FERNANDEZ ALONSO,consulta externa,nuevas en personas de 5 a 14 anos,2005-02-01,48,55,48,55,103
FILADELFIA,consulta externa,nuevas en personas de 5 a 14 anos,2005-02-01,17,17,17,17,34
GENERAL SAAVEDRA,consulta externa,nuevas en personas de 5 a 14 anos,2005-02-01,58,58,58,58,116
GRAL. J.J. PEREZ (CHARAZANI),consulta externa,nuevas en personas de 5 a 14 anos,2005-02-01,17,16,17,16,33
GUANAY,consulta externa,nuevas en personas de 5 a 14 anos,2005-02-01,57,60,57,60,117
GUAQUI,consulta externa,nuevas en personas de 5 a 14 anos,2005-02-01,5,5,5,5,10
GUAYARAMERIN,consulta externa,nuevas en personas de 5 a 14 anos,2005-02-01,194,210,194,210,404
GUTIERREZ,consulta externa,nuevas en personas de 5 a 14 anos,2005-02-01,94,116,94,116,210
HUACARETA,consulta externa,nuevas en personas de 5 a 14 anos,2005-02-01,58,56,58,56,114
HUACAYA (VILLA DE HUACAYA),consulta externa,nuevas en personas de 5 a 14 anos,2005-02-01,3,12,3,12,15
HUACHACALLA,consulta externa,nuevas en personas de 5 a 14 anos,2005-02-01,2,4,2,4,6
HUANUNI,consulta externa,nuevas en personas de 5 a 14 anos,2005-02-01,57,54,57,54,111
HUARACAJE,consulta externa,nuevas en personas de 5 a 14 anos,2005-02-01,17,15,17,15,32
HUAYLLAMARCA,consulta externa,nuevas en personas de 5 a 14 anos,2005-02-01,8,8,8,8,16
ICHOCA,consulta externa,nuevas en personas de 5 a 14 anos,2005-02-01,9,10,9,10,19
ICLA,consulta externa,nuevas en personas de 5 a 14 anos,2005-02-01,23,13,23,13,36
INCAHUASI,consulta externa,nuevas en personas de 5 a 14 anos,2005-02-01,29,37,29,37,66
INGAVI (HUMAITA),consulta externa,nuevas en personas de 5 a 14 anos,2005-02-01,9,11,9,11,20
INQUISIVI,consulta externa,nuevas en personas de 5 a 14 anos,2005-02-01,21,16,21,16,37
IRUPANA (VILLA DE LANZA),consulta externa,nuevas en personas de 5 a 14 anos,2005-02-01,47,38,47,38,85
IXIAMAS,consulta externa,nuevas en personas de 5 a 14 anos,2005-02-01,48,34,48,34,82
JESUS DE MACHACA,consulta externa,nuevas en personas de 5 a 14 anos,2005-02-01,28,25,28,25,53
LA ASUNTA,consulta externa,nuevas en personas de 5 a 14 anos,2005-02-01,67,75,67,75,142
LA GUARDIA,consulta externa,nuevas en personas de 5 a 14 anos,2005-02-01,177,107,177,107,284
LA PAZ,consulta externa,nuevas en personas de 5 a 14 anos,2005-02-01,4902,4564,4902,4564,9466
LA RIVERA,consulta externa,nuevas en personas de 5 a 14 anos,2005-02-01,1,4,1,4,5
LAGUNILLAS,consulta externa,nuevas en personas de 5 a 14 anos,2005-02-01,36,39,36,39,75
LAJA,consulta externa,nuevas en personas de 5 a 14 anos,2005-02-01,14,17,14,17,31
LAS CARRERAS,consulta externa,nuevas en personas de 5 a 14 anos,2005-02-01,11,14,11,14,25
LICOMA PAMPA,consulta externa,nuevas en personas de 5 a 14 anos,2005-02-01,1,2,1,2,3
LLALLAGUA,consulta externa,nuevas en personas de 5 a 14 anos,2005-02-01,90,87,90,87,177
LLICA,consulta externa,nuevas en personas de 5 a 14 anos,2005-02-01,13,13,13,13,26
LORETO,consulta externa,nuevas en personas de 5 a 14 anos,2005-02-01,5,6,5,6,11
LURIBAY,consulta externa,nuevas en personas de 5 a 14 anos,2005-02-01,22,14,22,14,36
MACHACAMARCA,consulta externa,nuevas en personas de 5 a 14 anos,2005-02-01,16,13,16,13,29
MACHARETI,consulta externa,nuevas en personas de 5 a 14 anos,2005-02-01,59,80,59,80,139
MAGDALENA,consulta externa,nuevas en personas de 5 a 14 anos,2005-02-01,63,64,63,64,127
MAIRANA,consulta externa,nuevas en personas de 5 a 14 anos,2005-02-01,35,29,35,29,64
MALLA,consulta externa,nuevas en personas de 5 a 14 anos,2005-02-01,29,26,29,26,55
MAPIRI,consulta externa,nuevas en personas de 5 a 14 anos,2005-02-01,38,34,38,34,72
MECAPACA,consulta externa,nuevas en personas de 5 a 14 anos,2005-02-01,50,37,50,37,87
MINEROS,consulta externa,nuevas en personas de 5 a 14 anos,2005-02-01,26,25,26,25,51
MIZQUE,consulta externa,nuevas en personas de 5 a 14 anos,2005-02-01,19,18,19,18,37
MOCOMOCO,consulta externa,nuevas en personas de 5 a 14 anos,2005-02-01,31,30,31,30,61
MOJINETE,consulta externa,nuevas en personas de 5 a 14 anos,2005-02-01,4,4,4,4,8
MOJOCOYA,consulta externa,nuevas en personas de 5 a 14 anos,2005-02-01,24,30,24,30,54
MONTEAGUDO,consulta externa,nuevas en personas de 5 a 14 anos,2005-02-01,180,225,180,225,405
MONTERO,consulta externa,nuevas en personas de 5 a 14 anos,2005-02-01,423,364,423,364,787
MORO MORO,consulta externa,nuevas en personas de 5 a 14 anos,2005-02-01,14,11,14,11,25
MOROCHATA,consulta externa,nuevas en personas de 5 a 14 anos,2005-02-01,20,10,20,10,30
NACEBE (SANTA ROSA DEL ABUNA),consulta externa,nuevas en personas de 5 a 14 anos,2005-02-01,15,4,15,4,19
NAZACARA DE PACAJES,consulta externa,nuevas en personas de 5 a 14 anos,2005-02-01,1,0,1,0,1
NUEVO MANOA (NUEVA ESPERANZA),consulta externa,nuevas en personas de 5 a 14 anos,2005-02-01,7,5,7,5,12
OCURI,consulta externa,nuevas en personas de 5 a 14 anos,2005-02-01,29,28,29,28,57
OKINAWA,consulta externa,nuevas en personas de 5 a 14 anos,2005-02-01,56,68,56,68,124
OMEREQUE,consulta externa,nuevas en personas de 5 a 14 anos,2005-02-01,17,22,17,22,39
ORURO,consulta externa,nuevas en personas de 5 a 14 anos,2005-02-01,1765,1644,1765,1644,3409
PADCAYA,consulta externa,nuevas en personas de 5 a 14 anos,2005-02-01,99,95,99,95,194
PADILLA,consulta externa,nuevas en personas de 5 a 14 anos,2005-02-01,89,65,89,65,154
PAILON,consulta externa,nuevas en personas de 5 a 14 anos,2005-02-01,27,40,27,40,67
PALCA,consulta externa,nuevas en personas de 5 a 14 anos,2005-02-01,21,18,21,18,39
PALOS BLANCOS,consulta externa,nuevas en personas de 5 a 14 anos,2005-02-01,135,128,135,128,263
PAMPA AULLAGAS,consulta externa,nuevas en personas de 5 a 14 anos,2005-02-01,1,1,1,1,2
PAMPA GRANDE,consulta externa,nuevas en personas de 5 a 14 anos,2005-02-01,80,87,80,87,167
PAPEL PAMPA,consulta externa,nuevas en personas de 5 a 14 anos,2005-02-01,20,19,20,19,39
PASORAPA,consulta externa,nuevas en personas de 5 a 14 anos,2005-02-01,20,20,20,20,40
PATACAMAYA,consulta externa,nuevas en personas de 5 a 14 anos,2005-02-01,19,14,19,14,33
PAZÑA,consulta externa,nuevas en personas de 5 a 14 anos,2005-02-01,16,15,16,15,31
PELECHUCO,consulta externa,nuevas en personas de 5 a 14 anos,2005-02-01,26,35,26,35,61
POCOATA,consulta externa,nuevas en personas de 5 a 14 anos,2005-02-01,59,45,59,45,104
POCONA,consulta externa,nuevas en personas de 5 a 14 anos,2005-02-01,19,22,19,22,41
POJO (CBBA),consulta externa,nuevas en personas de 5 a 14 anos,2005-02-01,18,12,18,12,30
POOPO,consulta externa,nuevas en personas de 5 a 14 anos,2005-02-01,22,21,22,21,43
PORCO,consulta externa,nuevas en personas de 5 a 14 anos,2005-02-01,20,12,20,12,32
POROMA,consulta externa,nuevas en personas de 5 a 14 anos,2005-02-01,50,59,50,59,109
PORONGO,consulta externa,nuevas en personas de 5 a 14 anos,2005-02-01,67,60,67,60,127
PORTACHUELO,consulta externa,nuevas en personas de 5 a 14 anos,2005-02-01,81,81,81,81,162
PORVENIR,consulta externa,nuevas en personas de 5 a 14 anos,2005-02-01,26,26,26,26,52
POSTRER VALLE,consulta externa,nuevas en personas de 5 a 14 anos,2005-02-01,7,12,7,12,19
POTOSI,consulta externa,nuevas en personas de 5 a 14 anos,2005-02-01,916,967,916,967,1883
PRESTO,consulta externa,nuevas en personas de 5 a 14 anos,2005-02-01,14,13,14,13,27
PUCARA,consulta externa,nuevas en personas de 5 a 14 anos,2005-02-01,9,8,9,8,17
PUCARANI,consulta externa,nuevas en personas de 5 a 14 anos,2005-02-01,36,32,36,32,68
PUERTO ACOSTA,consulta externa,nuevas en personas de 5 a 14 anos,2005-02-01,60,76,60,76,136
PUERTO CARABUCO,consulta externa,nuevas en personas de 5 a 14 anos,2005-02-01,24,21,24,21,45
PUERTO GONZALO MORENO,consulta externa,nuevas en personas de 5 a 14 anos,2005-02-01,121,92,121,92,213
PUERTO PEREZ,consulta externa,nuevas en personas de 5 a 14 anos,2005-02-01,10,13,10,13,23
PUERTO QUIJARRO,consulta externa,nuevas en personas de 5 a 14 anos,2005-02-01,128,101,128,101,229
PUERTO RICO,consulta externa,nuevas en personas de 5 a 14 anos,2005-02-01,36,45,36,45,81
PUERTO SILES,consulta externa,nuevas en personas de 5 a 14 anos,2005-02-01,16,13,16,13,29
PUERTO SUAREZ,consulta externa,nuevas en personas de 5 a 14 anos,2005-02-01,99,103,99,103,202
PUERTO VILLARROEL,consulta externa,nuevas en personas de 5 a 14 anos,2005-02-01,213,170,213,170,383
PUNA,consulta externa,nuevas en personas de 5 a 14 anos,2005-02-01,88,93,88,93,181
PUNATA,consulta externa,nuevas en personas de 5 a 14 anos,2005-02-01,80,68,80,68,148
QUIABAYA,consulta externa,nuevas en personas de 5 a 14 anos,2005-02-01,1,1,1,1,2
QUILLACOLLO,consulta externa,nuevas en personas de 5 a 14 anos,2005-02-01,197,205,197,205,402
QUIME,consulta externa,nuevas en personas de 5 a 14 anos,2005-02-01,14,25,14,25,39
QUIRUSILLAS,consulta externa,nuevas en personas de 5 a 14 anos,2005-02-01,12,7,12,7,19
RAVELO,consulta externa,nuevas en personas de 5 a 14 anos,2005-02-01,25,16,25,16,41
REYES,consulta externa,nuevas en personas de 5 a 14 anos,2005-02-01,62,36,62,36,98
RIBERALTA,consulta externa,nuevas en personas de 5 a 14 anos,2005-02-01,416,360,416,360,776
ROBORE,consulta externa,nuevas en personas de 5 a 14 anos,2005-02-01,91,41,91,41,132
RURRENABAQUE,consulta externa,nuevas en personas de 5 a 14 anos,2005-02-01,81,76,81,76,157
SABAYA,consulta externa,nuevas en personas de 5 a 14 anos,2005-02-01,9,9,9,9,18
SACABA,consulta externa,nuevas en personas de 5 a 14 anos,2005-02-01,141,150,141,150,291
SACABAMBA,consulta externa,nuevas en personas de 5 a 14 anos,2005-02-01,6,7,6,7,13
SACACA,consulta externa,nuevas en personas de 5 a 14 anos,2005-02-01,51,46,51,46,97
SAIPINA,consulta externa,nuevas en personas de 5 a 14 anos,2005-02-01,28,24,28,24,52
SALINAS DE GARCI MENDOZA,consulta externa,nuevas en personas de 5 a 14 anos,2005-02-01,50,42,50,42,92
SAMAIPATA,consulta externa,nuevas en personas de 5 a 14 anos,2005-02-01,41,33,41,33,74
SAN AGUSTIN,consulta externa,nuevas en personas de 5 a 14 anos,2005-02-01,3,7,3,7,10
SAN ANDRES,consulta externa,nuevas en personas de 5 a 14 anos,2005-02-01,99,105,99,105,204
SAN ANDRES DE MACHACA,consulta externa,nuevas en personas de 5 a 14 anos,2005-02-01,4,11,4,11,15
SAN ANTONIO DE ESMORUCO,consulta externa,nuevas en personas de 5 a 14 anos,2005-02-01,4,3,4,3,7
SAN ANTONIO DE LOMERIO,consulta externa,nuevas en personas de 5 a 14 anos,2005-02-01,15,16,15,16,31
SAN BENITO,consulta externa,nuevas en personas de 5 a 14 anos,2005-02-01,25,31,25,31,56
SAN BORJA,consulta externa,nuevas en personas de 5 a 14 anos,2005-02-01,97,95,97,95,192
SAN BUENA VENTURA,consulta externa,nuevas en personas de 5 a 14 anos,2005-02-01,35,43,35,43,78
SAN CARLOS,consulta externa,nuevas en personas de 5 a 14 anos,2005-02-01,91,81,91,81,172
SAN IGNACIO,consulta externa,nuevas en personas de 5 a 14 anos,2005-02-01,74,58,74,58,132
SAN IGNACIO DE VELASCO,consulta externa,nuevas en personas de 5 a 14 anos,2005-02-01,214,182,214,182,396
SAN JAVIER(BNI),consulta externa,nuevas en personas de 5 a 14 anos,2005-02-01,7,15,7,15,22
SAN JAVIER(STC),consulta externa,nuevas en personas de 5 a 14 anos,2005-02-01,26,21,26,21,47
SAN JOAQUIN,consulta externa,nuevas en personas de 5 a 14 anos,2005-02-01,23,35,23,35,58
SAN JOSE DE CHIQUITOS,consulta externa,nuevas en personas de 5 a 14 anos,2005-02-01,86,90,86,90,176
SAN JUAN DE YAPACANI,consulta externa,nuevas en personas de 5 a 14 anos,2005-02-01,62,60,62,60,122
SAN JULIAN,consulta externa,nuevas en personas de 5 a 14 anos,2005-02-01,233,233,233,233,466
SAN LORENZO(PND),consulta externa,nuevas en personas de 5 a 14 anos,2005-02-01,35,36,35,36,71
SAN LORENZO(TJA),consulta externa,nuevas en personas de 5 a 14 anos,2005-02-01,76,89,76,89,165
SAN LUCAS,consulta externa,nuevas en personas de 5 a 14 anos,2005-02-01,104,104,104,104,208
SAN MIGUEL DE VELASCO,consulta externa,nuevas en personas de 5 a 14 anos,2005-02-01,71,80,71,80,151
SAN PABLO DE LIPEZ,consulta externa,nuevas en personas de 5 a 14 anos,2005-02-01,21,18,21,18,39
SAN PEDRO,consulta externa,nuevas en personas de 5 a 14 anos,2005-02-01,152,117,152,117,269
SAN PEDRO DE BUENA VISTA,consulta externa,nuevas en personas de 5 a 14 anos,2005-02-01,32,39,32,39,71
SAN PEDRO DE CURAHUARA,consulta externa,nuevas en personas de 5 a 14 anos,2005-02-01,32,26,32,26,58
SAN PEDRO DE QUEMES,consulta externa,nuevas en personas de 5 a 14 anos,2005-02-01,1,1,1,1,2
SAN PEDRO DE TIQUINA,consulta externa,nuevas en personas de 5 a 14 anos,2005-02-01,12,12,12,12,24
SAN PEDRO(PND),consulta externa,nuevas en personas de 5 a 14 anos,2005-02-01,2,2,2,2,4
SAN RAFAEL,consulta externa,nuevas en personas de 5 a 14 anos,2005-02-01,13,12,13,12,25
SAN RAMON,consulta externa,nuevas en personas de 5 a 14 anos,2005-02-01,22,34,22,34,56
SAN RAMON,consulta externa,nuevas en personas de 5 a 14 anos,2005-02-01,26,39,26,39,65
SANTA ANA,consulta externa,nuevas en personas de 5 a 14 anos,2005-02-01,65,55,65,55,120
SANTA CRUZ DE LA SIERRA,consulta externa,nuevas en personas de 5 a 14 anos,2005-02-01,6246,7555,6246,7555,13801
SANTA ROSA,consulta externa,nuevas en personas de 5 a 14 anos,2005-02-01,29,15,29,15,44
SANTA ROSA DEL SARA,consulta externa,nuevas en personas de 5 a 14 anos,2005-02-01,51,65,51,65,116
SANTIAGO DE CALLAPA,consulta externa,nuevas en personas de 5 a 14 anos,2005-02-01,13,15,13,15,28
SANTIAGO DE HUARI,consulta externa,nuevas en personas de 5 a 14 anos,2005-02-01,16,10,16,10,26
SANTIAGO DE MACHACA,consulta externa,nuevas en personas de 5 a 14 anos,2005-02-01,3,3,3,3,6
SANTIVAÑES,consulta externa,nuevas en personas de 5 a 14 anos,2005-02-01,25,30,25,30,55
SANTUARIO DE QUILLACAS,consulta externa,nuevas en personas de 5 a 14 anos,2005-02-01,5,2,5,2,7
SAPAHAQUI,consulta externa,nuevas en personas de 5 a 14 anos,2005-02-01,29,31,29,31,60
SENA,consulta externa,nuevas en personas de 5 a 14 anos,2005-02-01,16,24,16,24,40
SICA SICA (VILLA AROMA),consulta externa,nuevas en personas de 5 a 14 anos,2005-02-01,13,20,13,20,33
SICAYA,consulta externa,nuevas en personas de 5 a 14 anos,2005-02-01,2,0,2,0,2
SIPE SIPE,consulta externa,nuevas en personas de 5 a 14 anos,2005-02-01,29,44,29,44,73
SOPACHUY,consulta externa,nuevas en personas de 5 a 14 anos,2005-02-01,23,20,23,20,43
SORACACHI,consulta externa,nuevas en personas de 5 a 14 anos,2005-02-01,25,7,25,7,32
SORATA,consulta externa,nuevas en personas de 5 a 14 anos,2005-02-01,38,45,38,45,83
SUCRE,consulta externa,nuevas en personas de 5 a 14 anos,2005-02-01,2103,1953,2103,1953,4056
TACACHI,consulta externa,nuevas en personas de 5 a 14 anos,2005-02-01,4,8,4,8,12
TACACOMA,consulta externa,nuevas en personas de 5 a 14 anos,2005-02-01,9,7,9,7,16
TACOBAMBA,consulta externa,nuevas en personas de 5 a 14 anos,2005-02-01,14,8,14,8,22
TACOPAYA,consulta externa,nuevas en personas de 5 a 14 anos,2005-02-01,18,15,18,15,33
TAHUA,consulta externa,nuevas en personas de 5 a 14 anos,2005-02-01,2,2,2,2,4
TAPACARI,consulta externa,nuevas en personas de 5 a 14 anos,2005-02-01,39,31,39,31,70
TARABUCO,consulta externa,nuevas en personas de 5 a 14 anos,2005-02-01,26,27,26,27,53
TARACO,consulta externa,nuevas en personas de 5 a 14 anos,2005-02-01,5,4,5,4,9
TARATA,consulta externa,nuevas en personas de 5 a 14 anos,2005-02-01,17,13,17,13,30
TARIJA,consulta externa,nuevas en personas de 5 a 14 anos,2005-02-01,1146,1120,1146,1120,2266
TARVITA,consulta externa,nuevas en personas de 5 a 14 anos,2005-02-01,100,90,100,90,190
TEOPONTE,consulta externa,nuevas en personas de 5 a 14 anos,2005-02-01,34,37,34,37,71
TIAWANACU,consulta externa,nuevas en personas de 5 a 14 anos,2005-02-01,13,17,13,17,30
TINGUIPAYA,consulta externa,nuevas en personas de 5 a 14 anos,2005-02-01,17,11,17,11,28
TIPUANI,consulta externa,nuevas en personas de 5 a 14 anos,2005-02-01,7,12,7,12,19
TIQUIPAYA,consulta externa,nuevas en personas de 5 a 14 anos,2005-02-01,59,55,59,55,114
TIRAQUE (CBBA),consulta externa,nuevas en personas de 5 a 14 anos,2005-02-01,119,125,119,125,244
TITO YUPANQUI (PARQUIPUJIO),consulta externa,nuevas en personas de 5 a 14 anos,2005-02-01,8,8,8,8,16
TOCO,consulta externa,nuevas en personas de 5 a 14 anos,2005-02-01,12,5,12,5,17
TODOS SANTOS,consulta externa,nuevas en personas de 5 a 14 anos,2005-02-01,0,3,0,3,3
TOLATA,consulta externa,nuevas en personas de 5 a 14 anos,2005-02-01,7,10,7,10,17
TOLEDO,consulta externa,nuevas en personas de 5 a 14 anos,2005-02-01,26,31,26,31,57
TOMAVE,consulta externa,nuevas en personas de 5 a 14 anos,2005-02-01,29,29,29,29,58
TOMINA,consulta externa,nuevas en personas de 5 a 14 anos,2005-02-01,45,33,45,33,78
TORO TORO,consulta externa,nuevas en personas de 5 a 14 anos,2005-02-01,18,25,18,25,43
TOTORA(CBBA),consulta externa,nuevas en personas de 5 a 14 anos,2005-02-01,21,14,21,14,35
TOTORA(ORR),consulta externa,nuevas en personas de 5 a 14 anos,2005-02-01,11,5,11,5,16
TRIGAL,consulta externa,nuevas en personas de 5 a 14 anos,2005-02-01,5,9,5,9,14
TRINIDAD,consulta externa,nuevas en personas de 5 a 14 anos,2005-02-01,368,429,368,429,797
TUPIZA,consulta externa,nuevas en personas de 5 a 14 anos,2005-02-01,513,661,513,661,1174
TURCO,consulta externa,nuevas en personas de 5 a 14 anos,2005-02-01,14,12,14,12,26
UMALA,consulta externa,nuevas en personas de 5 a 14 anos,2005-02-01,8,7,8,7,15
UNCIA,consulta externa,nuevas en personas de 5 a 14 anos,2005-02-01,109,93,109,93,202
URIONDO (A. CONCEPCION),consulta externa,nuevas en personas de 5 a 14 anos,2005-02-01,62,77,62,77,139
URUBICHA,consulta externa,nuevas en personas de 5 a 14 anos,2005-02-01,20,14,20,14,34
UYUNI,consulta externa,nuevas en personas de 5 a 14 anos,2005-02-01,72,75,72,75,147
VACAS,consulta externa,nuevas en personas de 5 a 14 anos,2005-02-01,35,30,35,30,65
VALLEGRANDE,consulta externa,nuevas en personas de 5 a 14 anos,2005-02-01,89,90,89,90,179
VIACHA,consulta externa,nuevas en personas de 5 a 14 anos,2005-02-01,95,128,95,128,223
VILA VILA,consulta externa,nuevas en personas de 5 a 14 anos,2005-02-01,6,7,6,7,13
VILLA MONTES,consulta externa,nuevas en personas de 5 a 14 anos,2005-02-01,119,98,119,98,217
VILLA NUEVA (LOMA ALTA),consulta externa,nuevas en personas de 5 a 14 anos,2005-02-01,1,6,1,6,7
VILLA RIVERO,consulta externa,nuevas en personas de 5 a 14 anos,2005-02-01,13,9,13,9,22
VILLA SERRANO,consulta externa,nuevas en personas de 5 a 14 anos,2005-02-01,44,38,44,38,82
VILLA TUNARI,consulta externa,nuevas en personas de 5 a 14 anos,2005-02-01,264,251,264,251,515
VILLA VACA GUZMAN (MUYUPAMPA),consulta externa,nuevas en personas de 5 a 14 anos,2005-02-01,77,83,77,83,160
VILLAZON,consulta externa,nuevas en personas de 5 a 14 anos,2005-02-01,186,205,186,205,391
VINTO,consulta externa,nuevas en personas de 5 a 14 anos,2005-02-01,10,22,10,22,32
VITICHI,consulta externa,nuevas en personas de 5 a 14 anos,2005-02-01,54,51,54,51,105
WALDO BALLIVIAN,consulta externa,nuevas en personas de 5 a 14 anos,2005-02-01,3,6,3,6,9
WARNES,consulta externa,nuevas en personas de 5 a 14 anos,2005-02-01,172,227,172,227,399
YACO,consulta externa,nuevas en personas de 5 a 14 anos,2005-02-01,23,22,23,22,45
YACUIBA,consulta externa,nuevas en personas de 5 a 14 anos,2005-02-01,444,446,444,446,890
YAMPARAEZ,consulta externa,nuevas en personas de 5 a 14 anos,2005-02-01,9,14,9,14,23
YANACACHI,consulta externa,nuevas en personas de 5 a 14 anos,2005-02-01,24,23,24,23,47
YAPACANI,consulta externa,nuevas en personas de 5 a 14 anos,2005-02-01,156,126,156,126,282
YOCALLA,consulta externa,nuevas en personas de 5 a 14 anos,2005-02-01,33,24,33,24,57
YOTALA,consulta externa,nuevas en personas de 5 a 14 anos,2005-02-01,26,33,26,33,59
YUNCHARA,consulta externa,nuevas en personas de 5 a 14 anos,2005-02-01,48,50,48,50,98
ZUDAÑEZ,consulta externa,nuevas en personas de 5 a 14 anos,2005-02-01,22,20,22,20,42
ACACIO,consulta externa,nuevas en personas de 5 a 14 anos,2005-03-01,30,35,30,35,65
ACHACACHI,consulta externa,nuevas en personas de 5 a 14 anos,2005-03-01,152,106,152,106,258
ACHOCALLA,consulta externa,nuevas en personas de 5 a 14 anos,2005-03-01,30,27,30,27,57
AIQUILE,consulta externa,nuevas en personas de 5 a 14 anos,2005-03-01,113,105,113,105,218
ALALAY,consulta externa,nuevas en personas de 5 a 14 anos,2005-03-01,10,2,10,2,12
ALCALA,consulta externa,nuevas en personas de 5 a 14 anos,2005-03-01,10,8,10,8,18
ANCORAIMES,consulta externa,nuevas en personas de 5 a 14 anos,2005-03-01,24,23,24,23,47
ANDAMARCA,consulta externa,nuevas en personas de 5 a 14 anos,2005-03-01,13,8,13,8,21
ANTEQUERA,consulta externa,nuevas en personas de 5 a 14 anos,2005-03-01,2,2,2,2,4
ANZALDO,consulta externa,nuevas en personas de 5 a 14 anos,2005-03-01,30,36,30,36,66
APOLO,consulta externa,nuevas en personas de 5 a 14 anos,2005-03-01,31,34,31,34,65
ARAMPAMPA,consulta externa,nuevas en personas de 5 a 14 anos,2005-03-01,33,31,33,31,64
ARANI,consulta externa,nuevas en personas de 5 a 14 anos,2005-03-01,18,21,18,21,39
ARBIETO,consulta externa,nuevas en personas de 5 a 14 anos,2005-03-01,23,31,23,31,54
ARQUE,consulta externa,nuevas en personas de 5 a 14 anos,2005-03-01,31,14,31,14,45
ASCENCION DE GUARAYOS,consulta externa,nuevas en personas de 5 a 14 anos,2005-03-01,77,69,77,69,146
ATOCHA,consulta externa,nuevas en personas de 5 a 14 anos,2005-03-01,197,266,197,266,463
AUCAPATA,consulta externa,nuevas en personas de 5 a 14 anos,2005-03-01,29,23,29,23,52
AYATA,consulta externa,nuevas en personas de 5 a 14 anos,2005-03-01,30,24,30,24,54
AYO AYO,consulta externa,nuevas en personas de 5 a 14 anos,2005-03-01,3,11,3,11,14
AYOPAYA (V. DE INDEPENDENCIA),consulta externa,nuevas en personas de 5 a 14 anos,2005-03-01,61,57,61,57,118
AZURDUY,consulta externa,nuevas en personas de 5 a 14 anos,2005-03-01,64,68,64,68,132
BATALLAS,consulta externa,nuevas en personas de 5 a 14 anos,2005-03-01,39,18,39,18,57
BAURES,consulta externa,nuevas en personas de 5 a 14 anos,2005-03-01,32,33,32,33,65
BELEN DE ANDAMARCA,consulta externa,nuevas en personas de 5 a 14 anos,2005-03-01,4,6,4,6,10
BELEN DE URMIRI,consulta externa,nuevas en personas de 5 a 14 anos,2005-03-01,22,20,22,20,42
BELLA FLOR,consulta externa,nuevas en personas de 5 a 14 anos,2005-03-01,11,17,11,17,28
BERMEJO,consulta externa,nuevas en personas de 5 a 14 anos,2005-03-01,209,213,209,213,422
BETANZOS,consulta externa,nuevas en personas de 5 a 14 anos,2005-03-01,127,123,127,123,250
BOLIVAR,consulta externa,nuevas en personas de 5 a 14 anos,2005-03-01,19,15,19,15,34
BOLPEBRA,consulta externa,nuevas en personas de 5 a 14 anos,2005-03-01,24,24,24,24,48
BOYUIBE,consulta externa,nuevas en personas de 5 a 14 anos,2005-03-01,26,25,26,25,51
BUENA VISTA,consulta externa,nuevas en personas de 5 a 14 anos,2005-03-01,80,68,80,68,148
CABEZAS,consulta externa,nuevas en personas de 5 a 14 anos,2005-03-01,116,96,116,96,212
CAIROMA,consulta externa,nuevas en personas de 5 a 14 anos,2005-03-01,27,30,27,30,57
"CAIZA ""D""",consulta externa,nuevas en personas de 5 a 14 anos,2005-03-01,52,115,52,115,167
CAJUATA,consulta externa,nuevas en personas de 5 a 14 anos,2005-03-01,31,37,31,37,68
CALACOTO,consulta externa,nuevas en personas de 5 a 14 anos,2005-03-01,16,17,16,17,33
CALAMARCA,consulta externa,nuevas en personas de 5 a 14 anos,2005-03-01,18,14,18,14,32
CAMARGO,consulta externa,nuevas en personas de 5 a 14 anos,2005-03-01,111,113,111,113,224
CAMATAQUI (C. VILLA ABECIA),consulta externa,nuevas en personas de 5 a 14 anos,2005-03-01,12,15,12,15,27
CAMIRI,consulta externa,nuevas en personas de 5 a 14 anos,2005-03-01,297,365,297,365,662
CAPINOTA,consulta externa,nuevas en personas de 5 a 14 anos,2005-03-01,49,52,49,52,101
CAQUIAVIRI,consulta externa,nuevas en personas de 5 a 14 anos,2005-03-01,26,23,26,23,49
CARACOLLO,consulta externa,nuevas en personas de 5 a 14 anos,2005-03-01,47,41,47,41,88
CARANAVI,consulta externa,nuevas en personas de 5 a 14 anos,2005-03-01,263,257,263,257,520
CARANGAS,consulta externa,nuevas en personas de 5 a 14 anos,2005-03-01,1,0,1,0,1
CARAPARI,consulta externa,nuevas en personas de 5 a 14 anos,2005-03-01,75,66,75,66,141
CARIPUYO,consulta externa,nuevas en personas de 5 a 14 anos,2005-03-01,12,8,12,8,20
CARMEN RIVERO TORREZ,consulta externa,nuevas en personas de 5 a 14 anos,2005-03-01,7,3,7,3,10
CATACORA,consulta externa,nuevas en personas de 5 a 14 anos,2005-03-01,2,1,2,1,3
CHACARILLA,consulta externa,nuevas en personas de 5 a 14 anos,2005-03-01,2,1,2,1,3
CHALLAPATA,consulta externa,nuevas en personas de 5 a 14 anos,2005-03-01,73,60,73,60,133
CHAQUI,consulta externa,nuevas en personas de 5 a 14 anos,2005-03-01,31,31,31,31,62
CHARAGUA,consulta externa,nuevas en personas de 5 a 14 anos,2005-03-01,99,115,99,115,214
CHARAÑA,consulta externa,nuevas en personas de 5 a 14 anos,2005-03-01,6,10,6,10,16
CHAYANTA,consulta externa,nuevas en personas de 5 a 14 anos,2005-03-01,56,34,56,34,90
CHIMORE,consulta externa,nuevas en personas de 5 a 14 anos,2005-03-01,75,41,75,41,116
CHIPAYA,consulta externa,nuevas en personas de 5 a 14 anos,2005-03-01,2,1,2,1,3
CHOQUE COTA,consulta externa,nuevas en personas de 5 a 14 anos,2005-03-01,27,19,27,19,46
CHULUMANI (V. DE LA LIBERTAD),consulta externa,nuevas en personas de 5 a 14 anos,2005-03-01,51,51,51,51,102
CHUMA,consulta externa,nuevas en personas de 5 a 14 anos,2005-03-01,92,77,92,77,169
CLIZA,consulta externa,nuevas en personas de 5 a 14 anos,2005-03-01,31,28,31,28,59
COBIJA,consulta externa,nuevas en personas de 5 a 14 anos,2005-03-01,276,306,276,306,582
COCHABAMBA,consulta externa,nuevas en personas de 5 a 14 anos,2005-03-01,4185,3964,4185,3964,8149
COIPASA,consulta externa,nuevas en personas de 5 a 14 anos,2005-03-01,0,3,0,3,3
COLCAPIRHUA,consulta externa,nuevas en personas de 5 a 14 anos,2005-03-01,158,152,158,152,310
"COLCHA ""K""",consulta externa,nuevas en personas de 5 a 14 anos,2005-03-01,66,71,66,71,137
COLLANA,consulta externa,nuevas en personas de 5 a 14 anos,2005-03-01,10,2,10,2,12
COLOMI,consulta externa,nuevas en personas de 5 a 14 anos,2005-03-01,43,25,43,25,68
COLPA BELGICA,consulta externa,nuevas en personas de 5 a 14 anos,2005-03-01,17,19,17,19,36
COLQUECHACA,consulta externa,nuevas en personas de 5 a 14 anos,2005-03-01,161,150,161,150,311
COLQUENCHA,consulta externa,nuevas en personas de 5 a 14 anos,2005-03-01,22,10,22,10,32
COLQUIRI,consulta externa,nuevas en personas de 5 a 14 anos,2005-03-01,27,31,27,31,58
COMANCHE,consulta externa,nuevas en personas de 5 a 14 anos,2005-03-01,6,17,6,17,23
COMARAPA,consulta externa,nuevas en personas de 5 a 14 anos,2005-03-01,77,93,77,93,170
COMBAYA,consulta externa,nuevas en personas de 5 a 14 anos,2005-03-01,12,17,12,17,29
CONCEPCION,consulta externa,nuevas en personas de 5 a 14 anos,2005-03-01,33,20,33,20,53
COPACABANA,consulta externa,nuevas en personas de 5 a 14 anos,2005-03-01,15,21,15,21,36
CORIPATA,consulta externa,nuevas en personas de 5 a 14 anos,2005-03-01,45,42,45,42,87
CORO CORO,consulta externa,nuevas en personas de 5 a 14 anos,2005-03-01,24,25,24,25,49
COROICO,consulta externa,nuevas en personas de 5 a 14 anos,2005-03-01,47,52,47,52,99
CORQUE,consulta externa,nuevas en personas de 5 a 14 anos,2005-03-01,38,32,38,32,70
COTAGAITA,consulta externa,nuevas en personas de 5 a 14 anos,2005-03-01,206,221,206,221,427
COTOCA,consulta externa,nuevas en personas de 5 a 14 anos,2005-03-01,44,52,44,52,96
CUATRO CAÑADAS,consulta externa,nuevas en personas de 5 a 14 anos,2005-03-01,74,57,74,57,131
CUCHUMUELA (V. G. VILLARROEL),consulta externa,nuevas en personas de 5 a 14 anos,2005-03-01,4,4,4,4,8
CUEVO,consulta externa,nuevas en personas de 5 a 14 anos,2005-03-01,49,58,49,58,107
CULPINA,consulta externa,nuevas en personas de 5 a 14 anos,2005-03-01,95,63,95,63,158
CURAHUARA DE CARANGAS,consulta externa,nuevas en personas de 5 a 14 anos,2005-03-01,26,17,26,17,43
CURVA,consulta externa,nuevas en personas de 5 a 14 anos,2005-03-01,11,9,11,9,20
DESAGUADERO,consulta externa,nuevas en personas de 5 a 14 anos,2005-03-01,9,6,9,6,15
EL ALTO,consulta externa,nuevas en personas de 5 a 14 anos,2005-03-01,4689,4745,4689,4745,9434
EL CHORO,consulta externa,nuevas en personas de 5 a 14 anos,2005-03-01,3,4,3,4,7
EL PUENTE(STC),consulta externa,nuevas en personas de 5 a 14 anos,2005-03-01,60,54,60,54,114
EL PUENTE(TJA),consulta externa,nuevas en personas de 5 a 14 anos,2005-03-01,26,24,26,24,50
EL TORNO,consulta externa,nuevas en personas de 5 a 14 anos,2005-03-01,191,181,191,181,372
EL VILLAR,consulta externa,nuevas en personas de 5 a 14 anos,2005-03-01,29,16,29,16,45
ENTRE RIOS,consulta externa,nuevas en personas de 5 a 14 anos,2005-03-01,134,139,134,139,273
ENTRE RIOS,consulta externa,nuevas en personas de 5 a 14 anos,2005-03-01,45,34,45,34,79
ESCARA,consulta externa,nuevas en personas de 5 a 14 anos,2005-03-01,0,1,0,1,1
EUCALIPTUS,consulta externa,nuevas en personas de 5 a 14 anos,2005-03-01,12,24,12,24,36
EUREKA (SANTOS MERCADO),consulta externa,nuevas en personas de 5 a 14 anos,2005-03-01,7,12,7,12,19
EXALTACION,consulta externa,nuevas en personas de 5 a 14 anos,2005-03-01,13,16,13,16,29
FERNANDEZ ALONSO,consulta externa,nuevas en personas de 5 a 14 anos,2005-03-01,70,56,70,56,126
FILADELFIA,consulta externa,nuevas en personas de 5 a 14 anos,2005-03-01,18,8,18,8,26
GENERAL SAAVEDRA,consulta externa,nuevas en personas de 5 a 14 anos,2005-03-01,66,69,66,69,135
GRAL. J.J. PEREZ (CHARAZANI),consulta externa,nuevas en personas de 5 a 14 anos,2005-03-01,27,26,27,26,53
GUANAY,consulta externa,nuevas en personas de 5 a 14 anos,2005-03-01,79,87,79,87,166
GUAQUI,consulta externa,nuevas en personas de 5 a 14 anos,2005-03-01,7,13,7,13,20
GUAYARAMERIN,consulta externa,nuevas en personas de 5 a 14 anos,2005-03-01,316,477,316,477,793
GUTIERREZ,consulta externa,nuevas en personas de 5 a 14 anos,2005-03-01,223,233,223,233,456
HUACARETA,consulta externa,nuevas en personas de 5 a 14 anos,2005-03-01,67,78,67,78,145
HUACAYA (VILLA DE HUACAYA),consulta externa,nuevas en personas de 5 a 14 anos,2005-03-01,22,15,22,15,37
HUACHACALLA,consulta externa,nuevas en personas de 5 a 14 anos,2005-03-01,3,7,3,7,10
HUANUNI,consulta externa,nuevas en personas de 5 a 14 anos,2005-03-01,120,126,120,126,246
HUARACAJE,consulta externa,nuevas en personas de 5 a 14 anos,2005-03-01,24,15,24,15,39
HUAYLLAMARCA,consulta externa,nuevas en personas de 5 a 14 anos,2005-03-01,56,57,56,57,113
ICHOCA,consulta externa,nuevas en personas de 5 a 14 anos,2005-03-01,4,8,4,8,12
ICLA,consulta externa,nuevas en personas de 5 a 14 anos,2005-03-01,31,21,31,21,52
INCAHUASI,consulta externa,nuevas en personas de 5 a 14 anos,2005-03-01,58,56,58,56,114
INGAVI (HUMAITA),consulta externa,nuevas en personas de 5 a 14 anos,2005-03-01,6,11,6,11,17
INQUISIVI,consulta externa,nuevas en personas de 5 a 14 anos,2005-03-01,19,15,19,15,34
IRUPANA (VILLA DE LANZA),consulta externa,nuevas en personas de 5 a 14 anos,2005-03-01,70,54,70,54,124
IXIAMAS,consulta externa,nuevas en personas de 5 a 14 anos,2005-03-01,44,37,44,37,81
JESUS DE MACHACA,consulta externa,nuevas en personas de 5 a 14 anos,2005-03-01,27,30,27,30,57
LA ASUNTA,consulta externa,nuevas en personas de 5 a 14 anos,2005-03-01,90,88,90,88,178
LA GUARDIA,consulta externa,nuevas en personas de 5 a 14 anos,2005-03-01,95,94,95,94,189
LA PAZ,consulta externa,nuevas en personas de 5 a 14 anos,2005-03-01,5643,5266,5643,5266,10909
LA RIVERA,consulta externa,nuevas en personas de 5 a 14 anos,2005-03-01,2,1,2,1,3
LAGUNILLAS,consulta externa,nuevas en personas de 5 a 14 anos,2005-03-01,38,45,38,45,83
LAJA,consulta externa,nuevas en personas de 5 a 14 anos,2005-03-01,29,16,29,16,45
LAS CARRERAS,consulta externa,nuevas en personas de 5 a 14 anos,2005-03-01,18,20,18,20,38
LICOMA PAMPA,consulta externa,nuevas en personas de 5 a 14 anos,2005-03-01,5,5,5,5,10
LLALLAGUA,consulta externa,nuevas en personas de 5 a 14 anos,2005-03-01,113,107,113,107,220
LLICA,consulta externa,nuevas en personas de 5 a 14 anos,2005-03-01,14,16,14,16,30
LORETO,consulta externa,nuevas en personas de 5 a 14 anos,2005-03-01,28,6,28,6,34
LURIBAY,consulta externa,nuevas en personas de 5 a 14 anos,2005-03-01,21,29,21,29,50
MACHACAMARCA,consulta externa,nuevas en personas de 5 a 14 anos,2005-03-01,16,14,16,14,30
MACHARETI,consulta externa,nuevas en personas de 5 a 14 anos,2005-03-01,79,109,79,109,188
MAGDALENA,consulta externa,nuevas en personas de 5 a 14 anos,2005-03-01,72,94,72,94,166
MAIRANA,consulta externa,nuevas en personas de 5 a 14 anos,2005-03-01,30,49,30,49,79
MALLA,consulta externa,nuevas en personas de 5 a 14 anos,2005-03-01,26,37,26,37,63
MAPIRI,consulta externa,nuevas en personas de 5 a 14 anos,2005-03-01,57,50,57,50,107
MECAPACA,consulta externa,nuevas en personas de 5 a 14 anos,2005-03-01,135,126,135,126,261
MINEROS,consulta externa,nuevas en personas de 5 a 14 anos,2005-03-01,35,25,35,25,60
MIZQUE,consulta externa,nuevas en personas de 5 a 14 anos,2005-03-01,27,25,27,25,52
MOCOMOCO,consulta externa,nuevas en personas de 5 a 14 anos,2005-03-01,54,31,54,31,85
MOJINETE,consulta externa,nuevas en personas de 5 a 14 anos,2005-03-01,13,11,13,11,24
MOJOCOYA,consulta externa,nuevas en personas de 5 a 14 anos,2005-03-01,42,48,42,48,90
MONTEAGUDO,consulta externa,nuevas en personas de 5 a 14 anos,2005-03-01,225,226,225,226,451
MONTERO,consulta externa,nuevas en personas de 5 a 14 anos,2005-03-01,476,453,476,453,929
MORO MORO,consulta externa,nuevas en personas de 5 a 14 anos,2005-03-01,14,7,14,7,21
MOROCHATA,consulta externa,nuevas en personas de 5 a 14 anos,2005-03-01,30,24,30,24,54
NACEBE (SANTA ROSA DEL ABUNA),consulta externa,nuevas en personas de 5 a 14 anos,2005-03-01,10,12,10,12,22
NUEVO MANOA (NUEVA ESPERANZA),consulta externa,nuevas en personas de 5 a 14 anos,2005-03-01,28,12,28,12,40
OCURI,consulta externa,nuevas en personas de 5 a 14 anos,2005-03-01,35,36,35,36,71
OKINAWA,consulta externa,nuevas en personas de 5 a 14 anos,2005-03-01,86,77,86,77,163
OMEREQUE,consulta externa,nuevas en personas de 5 a 14 anos,2005-03-01,7,10,7,10,17
ORURO,consulta externa,nuevas en personas de 5 a 14 anos,2005-03-01,2050,2032,2050,2032,4082
PADCAYA,consulta externa,nuevas en personas de 5 a 14 anos,2005-03-01,254,210,254,210,464
PADILLA,consulta externa,nuevas en personas de 5 a 14 anos,2005-03-01,55,67,55,67,122
PAILON,consulta externa,nuevas en personas de 5 a 14 anos,2005-03-01,42,38,42,38,80
PALCA,consulta externa,nuevas en personas de 5 a 14 anos,2005-03-01,45,23,45,23,68
PALOS BLANCOS,consulta externa,nuevas en personas de 5 a 14 anos,2005-03-01,189,144,189,144,333
PAMPA AULLAGAS,consulta externa,nuevas en personas de 5 a 14 anos,2005-03-01,2,0,2,0,2
PAMPA GRANDE,consulta externa,nuevas en personas de 5 a 14 anos,2005-03-01,61,55,61,55,116
PAPEL PAMPA,consulta externa,nuevas en personas de 5 a 14 anos,2005-03-01,15,22,15,22,37
PASORAPA,consulta externa,nuevas en personas de 5 a 14 anos,2005-03-01,8,10,8,10,18
PATACAMAYA,consulta externa,nuevas en personas de 5 a 14 anos,2005-03-01,20,16,20,16,36
PAZÑA,consulta externa,nuevas en personas de 5 a 14 anos,2005-03-01,16,23,16,23,39
PELECHUCO,consulta externa,nuevas en personas de 5 a 14 anos,2005-03-01,34,41,34,41,75
POCOATA,consulta externa,nuevas en personas de 5 a 14 anos,2005-03-01,58,67,58,67,125
POCONA,consulta externa,nuevas en personas de 5 a 14 anos,2005-03-01,41,40,41,40,81
POJO (CBBA),consulta externa,nuevas en personas de 5 a 14 anos,2005-03-01,30,26,30,26,56
POOPO,consulta externa,nuevas en personas de 5 a 14 anos,2005-03-01,29,11,29,11,40
PORCO,consulta externa,nuevas en personas de 5 a 14 anos,2005-03-01,20,21,20,21,41
POROMA,consulta externa,nuevas en personas de 5 a 14 anos,2005-03-01,46,44,46,44,90
PORONGO,consulta externa,nuevas en personas de 5 a 14 anos,2005-03-01,62,44,62,44,106
PORTACHUELO,consulta externa,nuevas en personas de 5 a 14 anos,2005-03-01,85,107,85,107,192
PORVENIR,consulta externa,nuevas en personas de 5 a 14 anos,2005-03-01,34,23,34,23,57
POSTRER VALLE,consulta externa,nuevas en personas de 5 a 14 anos,2005-03-01,24,15,24,15,39
POTOSI,consulta externa,nuevas en personas de 5 a 14 anos,2005-03-01,849,882,849,882,1731
PRESTO,consulta externa,nuevas en personas de 5 a 14 anos,2005-03-01,14,19,14,19,33
PUCARA,consulta externa,nuevas en personas de 5 a 14 anos,2005-03-01,9,9,9,9,18
PUCARANI,consulta externa,nuevas en personas de 5 a 14 anos,2005-03-01,30,36,30,36,66
PUERTO ACOSTA,consulta externa,nuevas en personas de 5 a 14 anos,2005-03-01,70,59,70,59,129
PUERTO CARABUCO,consulta externa,nuevas en personas de 5 a 14 anos,2005-03-01,47,26,47,26,73
PUERTO GONZALO MORENO,consulta externa,nuevas en personas de 5 a 14 anos,2005-03-01,52,57,52,57,109
PUERTO PEREZ,consulta externa,nuevas en personas de 5 a 14 anos,2005-03-01,18,23,18,23,41
PUERTO QUIJARRO,consulta externa,nuevas en personas de 5 a 14 anos,2005-03-01,105,100,105,100,205
PUERTO RICO,consulta externa,nuevas en personas de 5 a 14 anos,2005-03-01,66,69,66,69,135
PUERTO SILES,consulta externa,nuevas en personas de 5 a 14 anos,2005-03-01,1,2,1,2,3
PUERTO SUAREZ,consulta externa,nuevas en personas de 5 a 14 anos,2005-03-01,157,167,157,167,324
PUERTO VILLARROEL,consulta externa,nuevas en personas de 5 a 14 anos,2005-03-01,220,166,220,166,386
PUNA,consulta externa,nuevas en personas de 5 a 14 anos,2005-03-01,112,108,112,108,220
PUNATA,consulta externa,nuevas en personas de 5 a 14 anos,2005-03-01,115,83,115,83,198
QUIABAYA,consulta externa,nuevas en personas de 5 a 14 anos,2005-03-01,7,10,7,10,17
QUILLACOLLO,consulta externa,nuevas en personas de 5 a 14 anos,2005-03-01,336,356,336,356,692
QUIME,consulta externa,nuevas en personas de 5 a 14 anos,2005-03-01,24,41,24,41,65
QUIRUSILLAS,consulta externa,nuevas en personas de 5 a 14 anos,2005-03-01,13,16,13,16,29
RAVELO,consulta externa,nuevas en personas de 5 a 14 anos,2005-03-01,47,24,47,24,71
REYES,consulta externa,nuevas en personas de 5 a 14 anos,2005-03-01,110,138,110,138,248
RIBERALTA,consulta externa,nuevas en personas de 5 a 14 anos,2005-03-01,489,546,489,546,1035
ROBORE,consulta externa,nuevas en personas de 5 a 14 anos,2005-03-01,94,148,94,148,242
RURRENABAQUE,consulta externa,nuevas en personas de 5 a 14 anos,2005-03-01,89,85,89,85,174
SABAYA,consulta externa,nuevas en personas de 5 a 14 anos,2005-03-01,8,14,8,14,22
SACABA,consulta externa,nuevas en personas de 5 a 14 anos,2005-03-01,217,196,217,196,413
SACABAMBA,consulta externa,nuevas en personas de 5 a 14 anos,2005-03-01,12,10,12,10,22
SACACA,consulta externa,nuevas en personas de 5 a 14 anos,2005-03-01,96,87,96,87,183
SAIPINA,consulta externa,nuevas en personas de 5 a 14 anos,2005-03-01,23,25,23,25,48
SALINAS DE GARCI MENDOZA,consulta externa,nuevas en personas de 5 a 14 anos,2005-03-01,89,112,89,112,201
SAMAIPATA,consulta externa,nuevas en personas de 5 a 14 anos,2005-03-01,49,31,49,31,80
SAN AGUSTIN,consulta externa,nuevas en personas de 5 a 14 anos,2005-03-01,6,6,6,6,12
SAN ANDRES,consulta externa,nuevas en personas de 5 a 14 anos,2005-03-01,27,51,27,51,78
SAN ANDRES DE MACHACA,consulta externa,nuevas en personas de 5 a 14 anos,2005-03-01,9,9,9,9,18
SAN ANTONIO DE ESMORUCO,consulta externa,nuevas en personas de 5 a 14 anos,2005-03-01,12,16,12,16,28
SAN ANTONIO DE LOMERIO,consulta externa,nuevas en personas de 5 a 14 anos,2005-03-01,34,34,34,34,68
SAN BENITO,consulta externa,nuevas en personas de 5 a 14 anos,2005-03-01,38,37,38,37,75
SAN BORJA,consulta externa,nuevas en personas de 5 a 14 anos,2005-03-01,120,120,120,120,240
SAN BUENA VENTURA,consulta externa,nuevas en personas de 5 a 14 anos,2005-03-01,78,56,78,56,134
SAN CARLOS,consulta externa,nuevas en personas de 5 a 14 anos,2005-03-01,131,84,131,84,215
SAN IGNACIO,consulta externa,nuevas en personas de 5 a 14 anos,2005-03-01,95,78,95,78,173
SAN IGNACIO DE VELASCO,consulta externa,nuevas en personas de 5 a 14 anos,2005-03-01,249,254,249,254,503
SAN JAVIER(BNI),consulta externa,nuevas en personas de 5 a 14 anos,2005-03-01,30,17,30,17,47
SAN JAVIER(STC),consulta externa,nuevas en personas de 5 a 14 anos,2005-03-01,21,16,21,16,37
SAN JOAQUIN,consulta externa,nuevas en personas de 5 a 14 anos,2005-03-01,22,21,22,21,43
SAN JOSE DE CHIQUITOS,consulta externa,nuevas en personas de 5 a 14 anos,2005-03-01,123,119,123,119,242
SAN JUAN DE YAPACANI,consulta externa,nuevas en personas de 5 a 14 anos,2005-03-01,88,61,88,61,149
SAN JULIAN,consulta externa,nuevas en personas de 5 a 14 anos,2005-03-01,328,322,328,322,650
SAN LORENZO(PND),consulta externa,nuevas en personas de 5 a 14 anos,2005-03-01,41,33,41,33,74
SAN LORENZO(TJA),consulta externa,nuevas en personas de 5 a 14 anos,2005-03-01,126,118,126,118,244
SAN LUCAS,consulta externa,nuevas en personas de 5 a 14 anos,2005-03-01,157,120,157,120,277
SAN MATIAS,consulta externa,nuevas en personas de 5 a 14 anos,2005-03-01,29,26,29,26,55
SAN MIGUEL DE VELASCO,consulta externa,nuevas en personas de 5 a 14 anos,2005-03-01,55,68,55,68,123
SAN PABLO DE LIPEZ,consulta externa,nuevas en personas de 5 a 14 anos,2005-03-01,32,53,32,53,85
SAN PEDRO,consulta externa,nuevas en personas de 5 a 14 anos,2005-03-01,142,136,142,136,278
SAN PEDRO DE BUENA VISTA,consulta externa,nuevas en personas de 5 a 14 anos,2005-03-01,59,41,59,41,100
SAN PEDRO DE CURAHUARA,consulta externa,nuevas en personas de 5 a 14 anos,2005-03-01,20,36,20,36,56
SAN PEDRO DE QUEMES,consulta externa,nuevas en personas de 5 a 14 anos,2005-03-01,1,2,1,2,3
SAN PEDRO DE TIQUINA,consulta externa,nuevas en personas de 5 a 14 anos,2005-03-01,15,8,15,8,23
SAN PEDRO(PND),consulta externa,nuevas en personas de 5 a 14 anos,2005-03-01,4,8,4,8,12
SAN RAFAEL,consulta externa,nuevas en personas de 5 a 14 anos,2005-03-01,88,97,88,97,185
SAN RAMON,consulta externa,nuevas en personas de 5 a 14 anos,2005-03-01,25,13,25,13,38
SAN RAMON,consulta externa,nuevas en personas de 5 a 14 anos,2005-03-01,36,54,36,54,90
SANTA ANA,consulta externa,nuevas en personas de 5 a 14 anos,2005-03-01,61,53,61,53,114
SANTA CRUZ DE LA SIERRA,consulta externa,nuevas en personas de 5 a 14 anos,2005-03-01,7700,8377,7700,8377,16077
SANTA ROSA,consulta externa,nuevas en personas de 5 a 14 anos,2005-03-01,27,19,27,19,46
SANTA ROSA DEL SARA,consulta externa,nuevas en personas de 5 a 14 anos,2005-03-01,98,112,98,112,210
SANTIAGO DE CALLAPA,consulta externa,nuevas en personas de 5 a 14 anos,2005-03-01,36,28,36,28,64
SANTIAGO DE HUARI,consulta externa,nuevas en personas de 5 a 14 anos,2005-03-01,29,20,29,20,49
SANTIAGO DE MACHACA,consulta externa,nuevas en personas de 5 a 14 anos,2005-03-01,10,7,10,7,17
SANTIVAÑES,consulta externa,nuevas en personas de 5 a 14 anos,2005-03-01,38,40,38,40,78
SANTUARIO DE QUILLACAS,consulta externa,nuevas en personas de 5 a 14 anos,2005-03-01,8,5,8,5,13
SAPAHAQUI,consulta externa,nuevas en personas de 5 a 14 anos,2005-03-01,34,24,34,24,58
SENA,consulta externa,nuevas en personas de 5 a 14 anos,2005-03-01,48,48,48,48,96
SICA SICA (VILLA AROMA),consulta externa,nuevas en personas de 5 a 14 anos,2005-03-01,23,22,23,22,45
SICAYA,consulta externa,nuevas en personas de 5 a 14 anos,2005-03-01,4,9,4,9,13
SIPE SIPE,consulta externa,nuevas en personas de 5 a 14 anos,2005-03-01,66,71,66,71,137
SOPACHUY,consulta externa,nuevas en personas de 5 a 14 anos,2005-03-01,28,32,28,32,60
SORACACHI,consulta externa,nuevas en personas de 5 a 14 anos,2005-03-01,17,16,17,16,33
SORATA,consulta externa,nuevas en personas de 5 a 14 anos,2005-03-01,45,31,45,31,76
SUCRE,consulta externa,nuevas en personas de 5 a 14 anos,2005-03-01,2655,2638,2655,2638,5293
TACACHI,consulta externa,nuevas en personas de 5 a 14 anos,2005-03-01,7,13,7,13,20
TACACOMA,consulta externa,nuevas en personas de 5 a 14 anos,2005-03-01,9,6,9,6,15
TACOBAMBA,consulta externa,nuevas en personas de 5 a 14 anos,2005-03-01,24,20,24,20,44
TACOPAYA,consulta externa,nuevas en personas de 5 a 14 anos,2005-03-01,13,9,13,9,22
TAHUA,consulta externa,nuevas en personas de 5 a 14 anos,2005-03-01,8,8,8,8,16
TAPACARI,consulta externa,nuevas en personas de 5 a 14 anos,2005-03-01,112,127,112,127,239
TARABUCO,consulta externa,nuevas en personas de 5 a 14 anos,2005-03-01,43,42,43,42,85
TARACO,consulta externa,nuevas en personas de 5 a 14 anos,2005-03-01,29,27,29,27,56
TARATA,consulta externa,nuevas en personas de 5 a 14 anos,2005-03-01,23,36,23,36,59
TARIJA,consulta externa,nuevas en personas de 5 a 14 anos,2005-03-01,1109,1226,1109,1226,2335
TARVITA,consulta externa,nuevas en personas de 5 a 14 anos,2005-03-01,508,430,508,430,938
TEOPONTE,consulta externa,nuevas en personas de 5 a 14 anos,2005-03-01,45,38,45,38,83
TIAWANACU,consulta externa,nuevas en personas de 5 a 14 anos,2005-03-01,64,67,64,67,131
TINGUIPAYA,consulta externa,nuevas en personas de 5 a 14 anos,2005-03-01,29,20,29,20,49
TIPUANI,consulta externa,nuevas en personas de 5 a 14 anos,2005-03-01,23,24,23,24,47
TIQUIPAYA,consulta externa,nuevas en personas de 5 a 14 anos,2005-03-01,119,117,119,117,236
TIRAQUE (CBBA),consulta externa,nuevas en personas de 5 a 14 anos,2005-03-01,176,121,176,121,297
TITO YUPANQUI (PARQUIPUJIO),consulta externa,nuevas en personas de 5 a 14 anos,2005-03-01,3,16,3,16,19
TOCO,consulta externa,nuevas en personas de 5 a 14 anos,2005-03-01,11,13,11,13,24
TODOS SANTOS,consulta externa,nuevas en personas de 5 a 14 anos,2005-03-01,0,1,0,1,1
TOLATA,consulta externa,nuevas en personas de 5 a 14 anos,2005-03-01,11,10,11,10,21
TOLEDO,consulta externa,nuevas en personas de 5 a 14 anos,2005-03-01,22,21,22,21,43
TOMAVE,consulta externa,nuevas en personas de 5 a 14 anos,2005-03-01,52,60,52,60,112
TOMINA,consulta externa,nuevas en personas de 5 a 14 anos,2005-03-01,38,31,38,31,69
TORO TORO,consulta externa,nuevas en personas de 5 a 14 anos,2005-03-01,59,50,59,50,109
TOTORA(CBBA),consulta externa,nuevas en personas de 5 a 14 anos,2005-03-01,24,19,24,19,43
TOTORA(ORR),consulta externa,nuevas en personas de 5 a 14 anos,2005-03-01,11,21,11,21,32
TRIGAL,consulta externa,nuevas en personas de 5 a 14 anos,2005-03-01,17,19,17,19,36
TRINIDAD,consulta externa,nuevas en personas de 5 a 14 anos,2005-03-01,402,435,402,435,837
TUPIZA,consulta externa,nuevas en personas de 5 a 14 anos,2005-03-01,637,687,637,687,1324
TURCO,consulta externa,nuevas en personas de 5 a 14 anos,2005-03-01,36,33,36,33,69
UMALA,consulta externa,nuevas en personas de 5 a 14 anos,2005-03-01,5,2,5,2,7
UNCIA,consulta externa,nuevas en personas de 5 a 14 anos,2005-03-01,119,102,119,102,221
URIONDO (A. CONCEPCION),consulta externa,nuevas en personas de 5 a 14 anos,2005-03-01,97,65,97,65,162
URUBICHA,consulta externa,nuevas en personas de 5 a 14 anos,2005-03-01,21,19,21,19,40
UYUNI,consulta externa,nuevas en personas de 5 a 14 anos,2005-03-01,66,89,66,89,155
VACAS,consulta externa,nuevas en personas de 5 a 14 anos,2005-03-01,44,33,44,33,77
VALLEGRANDE,consulta externa,nuevas en personas de 5 a 14 anos,2005-03-01,176,204,176,204,380
VIACHA,consulta externa,nuevas en personas de 5 a 14 anos,2005-03-01,158,151,158,151,309
VILA VILA,consulta externa,nuevas en personas de 5 a 14 anos,2005-03-01,10,10,10,10,20
VILLA MONTES,consulta externa,nuevas en personas de 5 a 14 anos,2005-03-01,203,213,203,213,416
VILLA NUEVA (LOMA ALTA),consulta externa,nuevas en personas de 5 a 14 anos,2005-03-01,13,9,13,9,22
VILLA RIVERO,consulta externa,nuevas en personas de 5 a 14 anos,2005-03-01,13,11,13,11,24
VILLA SERRANO,consulta externa,nuevas en personas de 5 a 14 anos,2005-03-01,57,56,57,56,113
VILLA TUNARI,consulta externa,nuevas en personas de 5 a 14 anos,2005-03-01,371,336,371,336,707
VILLA VACA GUZMAN (MUYUPAMPA),consulta externa,nuevas en personas de 5 a 14 anos,2005-03-01,110,118,110,118,228
VILLAZON,consulta externa,nuevas en personas de 5 a 14 anos,2005-03-01,207,228,207,228,435
VINTO,consulta externa,nuevas en personas de 5 a 14 anos,2005-03-01,97,60,97,60,157
VITICHI,consulta externa,nuevas en personas de 5 a 14 anos,2005-03-01,44,50,44,50,94
WALDO BALLIVIAN,consulta externa,nuevas en personas de 5 a 14 anos,2005-03-01,11,2,11,2,13
WARNES,consulta externa,nuevas en personas de 5 a 14 anos,2005-03-01,185,213,185,213,398
YACO,consulta externa,nuevas en personas de 5 a 14 anos,2005-03-01,27,20,27,20,47
YACUIBA,consulta externa,nuevas en personas de 5 a 14 anos,2005-03-01,704,720,704,720,1424
YAMPARAEZ,consulta externa,nuevas en personas de 5 a 14 anos,2005-03-01,17,13,17,13,30
YANACACHI,consulta externa,nuevas en personas de 5 a 14 anos,2005-03-01,29,28,29,28,57
YAPACANI,consulta externa,nuevas en personas de 5 a 14 anos,2005-03-01,199,157,199,157,356
YOCALLA,consulta externa,nuevas en personas de 5 a 14 anos,2005-03-01,21,27,21,27,48
YOTALA,consulta externa,nuevas en personas de 5 a 14 anos,2005-03-01,38,21,38,21,59
YUNCHARA,consulta externa,nuevas en personas de 5 a 14 anos,2005-03-01,5,14,5,14,19
ZUDAÑEZ,consulta externa,nuevas en personas de 5 a 14 anos,2005-03-01,24,19,24,19,43
ACACIO,consulta externa,nuevas en personas de 5 a 14 anos,2005-04-01,27,29,27,29,56
ACHACACHI,consulta externa,nuevas en personas de 5 a 14 anos,2005-04-01,113,100,113,100,213
ACHOCALLA,consulta externa,nuevas en personas de 5 a 14 anos,2005-04-01,25,27,25,27,52
AIQUILE,consulta externa,nuevas en personas de 5 a 14 anos,2005-04-01,100,90,100,90,190
ALALAY,consulta externa,nuevas en personas de 5 a 14 anos,2005-04-01,1,4,1,4,5
ALCALA,consulta externa,nuevas en personas de 5 a 14 anos,2005-04-01,12,18,12,18,30
ANCORAIMES,consulta externa,nuevas en personas de 5 a 14 anos,2005-04-01,26,20,26,20,46
ANDAMARCA,consulta externa,nuevas en personas de 5 a 14 anos,2005-04-01,24,17,24,17,41
ANTEQUERA,consulta externa,nuevas en personas de 5 a 14 anos,2005-04-01,1,8,1,8,9
ANZALDO,consulta externa,nuevas en personas de 5 a 14 anos,2005-04-01,22,22,22,22,44
APOLO,consulta externa,nuevas en personas de 5 a 14 anos,2005-04-01,39,45,39,45,84
ARAMPAMPA,consulta externa,nuevas en personas de 5 a 14 anos,2005-04-01,26,30,26,30,56
ARANI,consulta externa,nuevas en personas de 5 a 14 anos,2005-04-01,19,25,19,25,44
ARBIETO,consulta externa,nuevas en personas de 5 a 14 anos,2005-04-01,30,27,30,27,57
ARQUE,consulta externa,nuevas en personas de 5 a 14 anos,2005-04-01,41,37,41,37,78
ASCENCION DE GUARAYOS,consulta externa,nuevas en personas de 5 a 14 anos,2005-04-01,106,82,106,82,188
ATOCHA,consulta externa,nuevas en personas de 5 a 14 anos,2005-04-01,200,245,200,245,445
AUCAPATA,consulta externa,nuevas en personas de 5 a 14 anos,2005-04-01,18,9,18,9,27
AYATA,consulta externa,nuevas en personas de 5 a 14 anos,2005-04-01,17,7,17,7,24
AYO AYO,consulta externa,nuevas en personas de 5 a 14 anos,2005-04-01,13,4,13,4,17
AYOPAYA (V. DE INDEPENDENCIA),consulta externa,nuevas en personas de 5 a 14 anos,2005-04-01,66,60,66,60,126
AZURDUY,consulta externa,nuevas en personas de 5 a 14 anos,2005-04-01,164,162,164,162,326
BATALLAS,consulta externa,nuevas en personas de 5 a 14 anos,2005-04-01,64,69,64,69,133
BAURES,consulta externa,nuevas en personas de 5 a 14 anos,2005-04-01,20,25,20,25,45
BELEN DE ANDAMARCA,consulta externa,nuevas en personas de 5 a 14 anos,2005-04-01,6,4,6,4,10
BELEN DE URMIRI,consulta externa,nuevas en personas de 5 a 14 anos,2005-04-01,13,21,13,21,34
BELLA FLOR,consulta externa,nuevas en personas de 5 a 14 anos,2005-04-01,25,21,25,21,46
BERMEJO,consulta externa,nuevas en personas de 5 a 14 anos,2005-04-01,248,207,248,207,455
BETANZOS,consulta externa,nuevas en personas de 5 a 14 anos,2005-04-01,141,137,141,137,278
BOLIVAR,consulta externa,nuevas en personas de 5 a 14 anos,2005-04-01,12,27,12,27,39
BOLPEBRA,consulta externa,nuevas en personas de 5 a 14 anos,2005-04-01,17,22,17,22,39
BOYUIBE,consulta externa,nuevas en personas de 5 a 14 anos,2005-04-01,37,33,37,33,70
BUENA VISTA,consulta externa,nuevas en personas de 5 a 14 anos,2005-04-01,64,45,64,45,109
CABEZAS,consulta externa,nuevas en personas de 5 a 14 anos,2005-04-01,113,103,113,103,216
CAIROMA,consulta externa,nuevas en personas de 5 a 14 anos,2005-04-01,37,25,37,25,62
"CAIZA ""D""",consulta externa,nuevas en personas de 5 a 14 anos,2005-04-01,50,76,50,76,126
CAJUATA,consulta externa,nuevas en personas de 5 a 14 anos,2005-04-01,49,47,49,47,96
CALACOTO,consulta externa,nuevas en personas de 5 a 14 anos,2005-04-01,22,27,22,27,49
CALAMARCA,consulta externa,nuevas en personas de 5 a 14 anos,2005-04-01,26,16,26,16,42
CAMARGO,consulta externa,nuevas en personas de 5 a 14 anos,2005-04-01,103,99,103,99,202
CAMATAQUI (C. VILLA ABECIA),consulta externa,nuevas en personas de 5 a 14 anos,2005-04-01,20,35,20,35,55
CAMIRI,consulta externa,nuevas en personas de 5 a 14 anos,2005-04-01,266,337,266,337,603
CAPINOTA,consulta externa,nuevas en personas de 5 a 14 anos,2005-04-01,79,87,79,87,166
CAQUIAVIRI,consulta externa,nuevas en personas de 5 a 14 anos,2005-04-01,31,22,31,22,53
CARACOLLO,consulta externa,nuevas en personas de 5 a 14 anos,2005-04-01,45,42,45,42,87
CARANAVI,consulta externa,nuevas en personas de 5 a 14 anos,2005-04-01,250,234,250,234,484
CARANGAS,consulta externa,nuevas en personas de 5 a 14 anos,2005-04-01,1,1,1,1,2
CARAPARI,consulta externa,nuevas en personas de 5 a 14 anos,2005-04-01,70,58,70,58,128
CARIPUYO,consulta externa,nuevas en personas de 5 a 14 anos,2005-04-01,21,11,21,11,32
CARMEN RIVERO TORREZ,consulta externa,nuevas en personas de 5 a 14 anos,2005-04-01,6,4,6,4,10
CATACORA,consulta externa,nuevas en personas de 5 a 14 anos,2005-04-01,2,7,2,7,9
CHACARILLA,consulta externa,nuevas en personas de 5 a 14 anos,2005-04-01,1,2,1,2,3
CHALLAPATA,consulta externa,nuevas en personas de 5 a 14 anos,2005-04-01,121,100,121,100,221
CHAQUI,consulta externa,nuevas en personas de 5 a 14 anos,2005-04-01,37,34,37,34,71
CHARAGUA,consulta externa,nuevas en personas de 5 a 14 anos,2005-04-01,83,89,83,89,172
CHARAÑA,consulta externa,nuevas en personas de 5 a 14 anos,2005-04-01,5,4,5,4,9
CHAYANTA,consulta externa,nuevas en personas de 5 a 14 anos,2005-04-01,70,63,70,63,133
CHIMORE,consulta externa,nuevas en personas de 5 a 14 anos,2005-04-01,50,46,50,46,96
CHIPAYA,consulta externa,nuevas en personas de 5 a 14 anos,2005-04-01,13,7,13,7,20
CHOQUE COTA,consulta externa,nuevas en personas de 5 a 14 anos,2005-04-01,2,2,2,2,4
CHULUMANI (V. DE LA LIBERTAD),consulta externa,nuevas en personas de 5 a 14 anos,2005-04-01,204,109,204,109,313
CHUMA,consulta externa,nuevas en personas de 5 a 14 anos,2005-04-01,72,47,72,47,119
CLIZA,consulta externa,nuevas en personas de 5 a 14 anos,2005-04-01,28,26,28,26,54
COBIJA,consulta externa,nuevas en personas de 5 a 14 anos,2005-04-01,209,204,209,204,413
COCHABAMBA,consulta externa,nuevas en personas de 5 a 14 anos,2005-04-01,4546,4442,4546,4442,8988
COIPASA,consulta externa,nuevas en personas de 5 a 14 anos,2005-04-01,3,2,3,2,5
COLCAPIRHUA,consulta externa,nuevas en personas de 5 a 14 anos,2005-04-01,196,190,196,190,386
"COLCHA ""K""",consulta externa,nuevas en personas de 5 a 14 anos,2005-04-01,61,84,61,84,145
COLLANA,consulta externa,nuevas en personas de 5 a 14 anos,2005-04-01,15,15,15,15,30
COLOMI,consulta externa,nuevas en personas de 5 a 14 anos,2005-04-01,34,29,34,29,63
COLPA BELGICA,consulta externa,nuevas en personas de 5 a 14 anos,2005-04-01,42,25,42,25,67
COLQUECHACA,consulta externa,nuevas en personas de 5 a 14 anos,2005-04-01,286,228,286,228,514
COLQUENCHA,consulta externa,nuevas en personas de 5 a 14 anos,2005-04-01,19,14,19,14,33
COLQUIRI,consulta externa,nuevas en personas de 5 a 14 anos,2005-04-01,44,44,44,44,88
COMANCHE,consulta externa,nuevas en personas de 5 a 14 anos,2005-04-01,12,10,12,10,22
COMARAPA,consulta externa,nuevas en personas de 5 a 14 anos,2005-04-01,75,73,75,73,148
COMBAYA,consulta externa,nuevas en personas de 5 a 14 anos,2005-04-01,10,16,10,16,26
CONCEPCION,consulta externa,nuevas en personas de 5 a 14 anos,2005-04-01,25,27,25,27,52
COPACABANA,consulta externa,nuevas en personas de 5 a 14 anos,2005-04-01,84,52,84,52,136
CORIPATA,consulta externa,nuevas en personas de 5 a 14 anos,2005-04-01,29,35,29,35,64
CORO CORO,consulta externa,nuevas en personas de 5 a 14 anos,2005-04-01,22,20,22,20,42
COROICO,consulta externa,nuevas en personas de 5 a 14 anos,2005-04-01,145,144,145,144,289
CORQUE,consulta externa,nuevas en personas de 5 a 14 anos,2005-04-01,37,53,37,53,90
COTAGAITA,consulta externa,nuevas en personas de 5 a 14 anos,2005-04-01,178,236,178,236,414
COTOCA,consulta externa,nuevas en personas de 5 a 14 anos,2005-04-01,63,63,63,63,126
CUATRO CAÑADAS,consulta externa,nuevas en personas de 5 a 14 anos,2005-04-01,53,66,53,66,119
CUCHUMUELA (V. G. VILLARROEL),consulta externa,nuevas en personas de 5 a 14 anos,2005-04-01,4,11,4,11,15
CUEVO,consulta externa,nuevas en personas de 5 a 14 anos,2005-04-01,43,32,43,32,75
CULPINA,consulta externa,nuevas en personas de 5 a 14 anos,2005-04-01,76,70,76,70,146
CURAHUARA DE CARANGAS,consulta externa,nuevas en personas de 5 a 14 anos,2005-04-01,143,151,143,151,294
CURVA,consulta externa,nuevas en personas de 5 a 14 anos,2005-04-01,12,12,12,12,24
DESAGUADERO,consulta externa,nuevas en personas de 5 a 14 anos,2005-04-01,2,11,2,11,13
EL ALTO,consulta externa,nuevas en personas de 5 a 14 anos,2005-04-01,5638,5614,5638,5614,11252
EL CHORO,consulta externa,nuevas en personas de 5 a 14 anos,2005-04-01,15,8,15,8,23
EL PUENTE(STC),consulta externa,nuevas en personas de 5 a 14 anos,2005-04-01,61,44,61,44,105
EL PUENTE(TJA),consulta externa,nuevas en personas de 5 a 14 anos,2005-04-01,32,33,32,33,65
EL TORNO,consulta externa,nuevas en personas de 5 a 14 anos,2005-04-01,199,236,199,236,435
EL VILLAR,consulta externa,nuevas en personas de 5 a 14 anos,2005-04-01,19,35,19,35,54
ENTRE RIOS,consulta externa,nuevas en personas de 5 a 14 anos,2005-04-01,123,141,123,141,264
ENTRE RIOS,consulta externa,nuevas en personas de 5 a 14 anos,2005-04-01,42,38,42,38,80
ESCARA,consulta externa,nuevas en personas de 5 a 14 anos,2005-04-01,0,1,0,1,1
EUCALIPTUS,consulta externa,nuevas en personas de 5 a 14 anos,2005-04-01,10,11,10,11,21
EUREKA (SANTOS MERCADO),consulta externa,nuevas en personas de 5 a 14 anos,2005-04-01,0,5,0,5,5
EXALTACION,consulta externa,nuevas en personas de 5 a 14 anos,2005-04-01,35,38,35,38,73
FERNANDEZ ALONSO,consulta externa,nuevas en personas de 5 a 14 anos,2005-04-01,61,49,61,49,110
FILADELFIA,consulta externa,nuevas en personas de 5 a 14 anos,2005-04-01,4,14,4,14,18
GENERAL SAAVEDRA,consulta externa,nuevas en personas de 5 a 14 anos,2005-04-01,67,58,67,58,125
GRAL. J.J. PEREZ (CHARAZANI),consulta externa,nuevas en personas de 5 a 14 anos,2005-04-01,19,14,19,14,33
GUANAY,consulta externa,nuevas en personas de 5 a 14 anos,2005-04-01,81,70,81,70,151
GUAQUI,consulta externa,nuevas en personas de 5 a 14 anos,2005-04-01,12,12,12,12,24
GUAYARAMERIN,consulta externa,nuevas en personas de 5 a 14 anos,2005-04-01,339,306,339,306,645
GUTIERREZ,consulta externa,nuevas en personas de 5 a 14 anos,2005-04-01,154,203,154,203,357
HUACARETA,consulta externa,nuevas en personas de 5 a 14 anos,2005-04-01,79,99,79,99,178
HUACAYA (VILLA DE HUACAYA),consulta externa,nuevas en personas de 5 a 14 anos,2005-04-01,19,8,19,8,27
HUACHACALLA,consulta externa,nuevas en personas de 5 a 14 anos,2005-04-01,0,6,0,6,6
HUANUNI,consulta externa,nuevas en personas de 5 a 14 anos,2005-04-01,67,43,67,43,110
HUARACAJE,consulta externa,nuevas en personas de 5 a 14 anos,2005-04-01,11,14,11,14,25
HUAYLLAMARCA,consulta externa,nuevas en personas de 5 a 14 anos,2005-04-01,10,14,10,14,24
ICHOCA,consulta externa,nuevas en personas de 5 a 14 anos,2005-04-01,7,7,7,7,14
ICLA,consulta externa,nuevas en personas de 5 a 14 anos,2005-04-01,39,34,39,34,73
INCAHUASI,consulta externa,nuevas en personas de 5 a 14 anos,2005-04-01,44,51,44,51,95
INGAVI (HUMAITA),consulta externa,nuevas en personas de 5 a 14 anos,2005-04-01,17,13,17,13,30
INQUISIVI,consulta externa,nuevas en personas de 5 a 14 anos,2005-04-01,26,34,26,34,60
IRUPANA (VILLA DE LANZA),consulta externa,nuevas en personas de 5 a 14 anos,2005-04-01,60,48,60,48,108
IXIAMAS,consulta externa,nuevas en personas de 5 a 14 anos,2005-04-01,83,72,83,72,155
JESUS DE MACHACA,consulta externa,nuevas en personas de 5 a 14 anos,2005-04-01,25,34,25,34,59
LA ASUNTA,consulta externa,nuevas en personas de 5 a 14 anos,2005-04-01,105,100,105,100,205
LA GUARDIA,consulta externa,nuevas en personas de 5 a 14 anos,2005-04-01,86,92,86,92,178
LA PAZ,consulta externa,nuevas en personas de 5 a 14 anos,2005-04-01,6261,6206,6261,6206,12467
LA RIVERA,consulta externa,nuevas en personas de 5 a 14 anos,2005-04-01,2,4,2,4,6
LAGUNILLAS,consulta externa,nuevas en personas de 5 a 14 anos,2005-04-01,68,50,68,50,118
LAJA,consulta externa,nuevas en personas de 5 a 14 anos,2005-04-01,28,24,28,24,52
LAS CARRERAS,consulta externa,nuevas en personas de 5 a 14 anos,2005-04-01,15,20,15,20,35
LICOMA PAMPA,consulta externa,nuevas en personas de 5 a 14 anos,2005-04-01,2,0,2,0,2
LLALLAGUA,consulta externa,nuevas en personas de 5 a 14 anos,2005-04-01,133,153,133,153,286
LLICA,consulta externa,nuevas en personas de 5 a 14 anos,2005-04-01,29,27,29,27,56
LORETO,consulta externa,nuevas en personas de 5 a 14 anos,2005-04-01,10,4,10,4,14
LURIBAY,consulta externa,nuevas en personas de 5 a 14 anos,2005-04-01,32,23,32,23,55
MACHACAMARCA,consulta externa,nuevas en personas de 5 a 14 anos,2005-04-01,16,18,16,18,34
MACHARETI,consulta externa,nuevas en personas de 5 a 14 anos,2005-04-01,97,117,97,117,214
MAGDALENA,consulta externa,nuevas en personas de 5 a 14 anos,2005-04-01,89,69,89,69,158
MAIRANA,consulta externa,nuevas en personas de 5 a 14 anos,2005-04-01,28,37,28,37,65
MALLA,consulta externa,nuevas en personas de 5 a 14 anos,2005-04-01,36,32,36,32,68
MAPIRI,consulta externa,nuevas en personas de 5 a 14 anos,2005-04-01,39,54,39,54,93
MECAPACA,consulta externa,nuevas en personas de 5 a 14 anos,2005-04-01,60,50,60,50,110
MINEROS,consulta externa,nuevas en personas de 5 a 14 anos,2005-04-01,47,34,47,34,81
MIZQUE,consulta externa,nuevas en personas de 5 a 14 anos,2005-04-01,41,127,41,127,168
MOCOMOCO,consulta externa,nuevas en personas de 5 a 14 anos,2005-04-01,46,76,46,76,122
MOJINETE,consulta externa,nuevas en personas de 5 a 14 anos,2005-04-01,9,9,9,9,18
MOJOCOYA,consulta externa,nuevas en personas de 5 a 14 anos,2005-04-01,37,24,37,24,61
MONTEAGUDO,consulta externa,nuevas en personas de 5 a 14 anos,2005-04-01,229,237,229,237,466
MONTERO,consulta externa,nuevas en personas de 5 a 14 anos,2005-04-01,456,465,456,465,921
MORO MORO,consulta externa,nuevas en personas de 5 a 14 anos,2005-04-01,8,19,8,19,27
MOROCHATA,consulta externa,nuevas en personas de 5 a 14 anos,2005-04-01,41,48,41,48,89
NACEBE (SANTA ROSA DEL ABUNA),consulta externa,nuevas en personas de 5 a 14 anos,2005-04-01,24,32,24,32,56
NAZACARA DE PACAJES,consulta externa,nuevas en personas de 5 a 14 anos,2005-04-01,1,1,1,1,2
NUEVO MANOA (NUEVA ESPERANZA),consulta externa,nuevas en personas de 5 a 14 anos,2005-04-01,2,8,2,8,10
OCURI,consulta externa,nuevas en personas de 5 a 14 anos,2005-04-01,75,80,75,80,155
OKINAWA,consulta externa,nuevas en personas de 5 a 14 anos,2005-04-01,86,88,86,88,174
OMEREQUE,consulta externa,nuevas en personas de 5 a 14 anos,2005-04-01,16,30,16,30,46
ORURO,consulta externa,nuevas en personas de 5 a 14 anos,2005-04-01,2293,2346,2293,2346,4639
PADCAYA,consulta externa,nuevas en personas de 5 a 14 anos,2005-04-01,88,73,88,73,161
PADILLA,consulta externa,nuevas en personas de 5 a 14 anos,2005-04-01,70,85,70,85,155
PAILON,consulta externa,nuevas en personas de 5 a 14 anos,2005-04-01,42,50,42,50,92
PALCA,consulta externa,nuevas en personas de 5 a 14 anos,2005-04-01,48,33,48,33,81
PALOS BLANCOS,consulta externa,nuevas en personas de 5 a 14 anos,2005-04-01,139,116,139,116,255
PAMPA AULLAGAS,consulta externa,nuevas en personas de 5 a 14 anos,2005-04-01,21,45,21,45,66
PAMPA GRANDE,consulta externa,nuevas en personas de 5 a 14 anos,2005-04-01,36,35,36,35,71
PAPEL PAMPA,consulta externa,nuevas en personas de 5 a 14 anos,2005-04-01,22,11,22,11,33
PASORAPA,consulta externa,nuevas en personas de 5 a 14 anos,2005-04-01,12,16,12,16,28
PATACAMAYA,consulta externa,nuevas en personas de 5 a 14 anos,2005-04-01,28,23,28,23,51
PAZÑA,consulta externa,nuevas en personas de 5 a 14 anos,2005-04-01,14,27,14,27,41
PELECHUCO,consulta externa,nuevas en personas de 5 a 14 anos,2005-04-01,70,51,70,51,121
POCOATA,consulta externa,nuevas en personas de 5 a 14 anos,2005-04-01,56,65,56,65,121
POCONA,consulta externa,nuevas en personas de 5 a 14 anos,2005-04-01,32,47,32,47,79
POJO (CBBA),consulta externa,nuevas en personas de 5 a 14 anos,2005-04-01,7,6,7,6,13
POOPO,consulta externa,nuevas en personas de 5 a 14 anos,2005-04-01,21,10,21,10,31
PORCO,consulta externa,nuevas en personas de 5 a 14 anos,2005-04-01,30,27,30,27,57
POROMA,consulta externa,nuevas en personas de 5 a 14 anos,2005-04-01,49,72,49,72,121
PORONGO,consulta externa,nuevas en personas de 5 a 14 anos,2005-04-01,77,109,77,109,186
PORTACHUELO,consulta externa,nuevas en personas de 5 a 14 anos,2005-04-01,120,136,120,136,256
PORVENIR,consulta externa,nuevas en personas de 5 a 14 anos,2005-04-01,41,40,41,40,81
POSTRER VALLE,consulta externa,nuevas en personas de 5 a 14 anos,2005-04-01,6,12,6,12,18
POTOSI,consulta externa,nuevas en personas de 5 a 14 anos,2005-04-01,1156,1093,1156,1093,2249
PRESTO,consulta externa,nuevas en personas de 5 a 14 anos,2005-04-01,27,22,27,22,49
PUCARA,consulta externa,nuevas en personas de 5 a 14 anos,2005-04-01,11,5,11,5,16
PUCARANI,consulta externa,nuevas en personas de 5 a 14 anos,2005-04-01,39,31,39,31,70
PUERTO ACOSTA,consulta externa,nuevas en personas de 5 a 14 anos,2005-04-01,88,77,88,77,165
PUERTO CARABUCO,consulta externa,nuevas en personas de 5 a 14 anos,2005-04-01,153,156,153,156,309
PUERTO GONZALO MORENO,consulta externa,nuevas en personas de 5 a 14 anos,2005-04-01,51,46,51,46,97
PUERTO PEREZ,consulta externa,nuevas en personas de 5 a 14 anos,2005-04-01,32,28,32,28,60
PUERTO QUIJARRO,consulta externa,nuevas en personas de 5 a 14 anos,2005-04-01,119,108,119,108,227
PUERTO RICO,consulta externa,nuevas en personas de 5 a 14 anos,2005-04-01,45,65,45,65,110
PUERTO SILES,consulta externa,nuevas en personas de 5 a 14 anos,2005-04-01,4,5,4,5,9
PUERTO SUAREZ,consulta externa,nuevas en personas de 5 a 14 anos,2005-04-01,121,88,121,88,209
PUERTO VILLARROEL,consulta externa,nuevas en personas de 5 a 14 anos,2005-04-01,221,191,221,191,412
PUNA,consulta externa,nuevas en personas de 5 a 14 anos,2005-04-01,113,115,113,115,228
PUNATA,consulta externa,nuevas en personas de 5 a 14 anos,2005-04-01,99,117,99,117,216
QUIABAYA,consulta externa,nuevas en personas de 5 a 14 anos,2005-04-01,11,9,11,9,20
QUILLACOLLO,consulta externa,nuevas en personas de 5 a 14 anos,2005-04-01,88,125,88,125,213
QUIME,consulta externa,nuevas en personas de 5 a 14 anos,2005-04-01,26,27,26,27,53
QUIRUSILLAS,consulta externa,nuevas en personas de 5 a 14 anos,2005-04-01,13,3,13,3,16
RAVELO,consulta externa,nuevas en personas de 5 a 14 anos,2005-04-01,78,51,78,51,129
REYES,consulta externa,nuevas en personas de 5 a 14 anos,2005-04-01,152,151,152,151,303
RIBERALTA,consulta externa,nuevas en personas de 5 a 14 anos,2005-04-01,432,444,432,444,876
ROBORE,consulta externa,nuevas en personas de 5 a 14 anos,2005-04-01,108,97,108,97,205
RURRENABAQUE,consulta externa,nuevas en personas de 5 a 14 anos,2005-04-01,39,52,39,52,91
SABAYA,consulta externa,nuevas en personas de 5 a 14 anos,2005-04-01,12,15,12,15,27
SACABA,consulta externa,nuevas en personas de 5 a 14 anos,2005-04-01,283,241,283,241,524
SACABAMBA,consulta externa,nuevas en personas de 5 a 14 anos,2005-04-01,10,11,10,11,21
SACACA,consulta externa,nuevas en personas de 5 a 14 anos,2005-04-01,61,60,61,60,121
SAIPINA,consulta externa,nuevas en personas de 5 a 14 anos,2005-04-01,16,15,16,15,31
SALINAS DE GARCI MENDOZA,consulta externa,nuevas en personas de 5 a 14 anos,2005-04-01,37,30,37,30,67
SAMAIPATA,consulta externa,nuevas en personas de 5 a 14 anos,2005-04-01,41,42,41,42,83
SAN AGUSTIN,consulta externa,nuevas en personas de 5 a 14 anos,2005-04-01,10,7,10,7,17
SAN ANDRES,consulta externa,nuevas en personas de 5 a 14 anos,2005-04-01,51,62,51,62,113
SAN ANDRES DE MACHACA,consulta externa,nuevas en personas de 5 a 14 anos,2005-04-01,18,18,18,18,36
SAN ANTONIO DE ESMORUCO,consulta externa,nuevas en personas de 5 a 14 anos,2005-04-01,15,22,15,22,37
SAN ANTONIO DE LOMERIO,consulta externa,nuevas en personas de 5 a 14 anos,2005-04-01,12,13,12,13,25
SAN BENITO,consulta externa,nuevas en personas de 5 a 14 anos,2005-04-01,48,55,48,55,103
SAN BORJA,consulta externa,nuevas en personas de 5 a 14 anos,2005-04-01,97,96,97,96,193
SAN BUENA VENTURA,consulta externa,nuevas en personas de 5 a 14 anos,2005-04-01,46,58,46,58,104
SAN CARLOS,consulta externa,nuevas en personas de 5 a 14 anos,2005-04-01,72,87,72,87,159
SAN IGNACIO,consulta externa,nuevas en personas de 5 a 14 anos,2005-04-01,68,88,68,88,156
SAN IGNACIO DE VELASCO,consulta externa,nuevas en personas de 5 a 14 anos,2005-04-01,218,238,218,238,456
SAN JAVIER(BNI),consulta externa,nuevas en personas de 5 a 14 anos,2005-04-01,26,20,26,20,46
SAN JAVIER(STC),consulta externa,nuevas en personas de 5 a 14 anos,2005-04-01,24,46,24,46,70
SAN JOAQUIN,consulta externa,nuevas en personas de 5 a 14 anos,2005-04-01,21,32,21,32,53
SAN JOSE DE CHIQUITOS,consulta externa,nuevas en personas de 5 a 14 anos,2005-04-01,103,119,103,119,222
SAN JUAN DE YAPACANI,consulta externa,nuevas en personas de 5 a 14 anos,2005-04-01,60,55,60,55,115
SAN JULIAN,consulta externa,nuevas en personas de 5 a 14 anos,2005-04-01,199,196,199,196,395
SAN LORENZO(PND),consulta externa,nuevas en personas de 5 a 14 anos,2005-04-01,17,24,17,24,41
SAN LORENZO(TJA),consulta externa,nuevas en personas de 5 a 14 anos,2005-04-01,119,129,119,129,248
SAN LUCAS,consulta externa,nuevas en personas de 5 a 14 anos,2005-04-01,146,128,146,128,274
SAN MATIAS,consulta externa,nuevas en personas de 5 a 14 anos,2005-04-01,46,27,46,27,73
SAN MIGUEL DE VELASCO,consulta externa,nuevas en personas de 5 a 14 anos,2005-04-01,40,46,40,46,86
SAN PABLO DE LIPEZ,consulta externa,nuevas en personas de 5 a 14 anos,2005-04-01,40,46,40,46,86
SAN PEDRO,consulta externa,nuevas en personas de 5 a 14 anos,2005-04-01,111,120,111,120,231
SAN PEDRO DE BUENA VISTA,consulta externa,nuevas en personas de 5 a 14 anos,2005-04-01,75,64,75,64,139
SAN PEDRO DE CURAHUARA,consulta externa,nuevas en personas de 5 a 14 anos,2005-04-01,40,26,40,26,66
SAN PEDRO DE QUEMES,consulta externa,nuevas en personas de 5 a 14 anos,2005-04-01,2,3,2,3,5
SAN PEDRO DE TIQUINA,consulta externa,nuevas en personas de 5 a 14 anos,2005-04-01,36,21,36,21,57
SAN PEDRO(PND),consulta externa,nuevas en personas de 5 a 14 anos,2005-04-01,14,12,14,12,26
SAN RAFAEL,consulta externa,nuevas en personas de 5 a 14 anos,2005-04-01,76,100,76,100,176
SAN RAMON,consulta externa,nuevas en personas de 5 a 14 anos,2005-04-01,58,59,58,59,117
SAN RAMON,consulta externa,nuevas en personas de 5 a 14 anos,2005-04-01,43,31,43,31,74
SANTA ANA,consulta externa,nuevas en personas de 5 a 14 anos,2005-04-01,70,50,70,50,120
SANTA CRUZ DE LA SIERRA,consulta externa,nuevas en personas de 5 a 14 anos,2005-04-01,5509,6563,5509,6563,12072
SANTA ROSA,consulta externa,nuevas en personas de 5 a 14 anos,2005-04-01,54,71,54,71,125
SANTA ROSA DEL SARA,consulta externa,nuevas en personas de 5 a 14 anos,2005-04-01,98,93,98,93,191
SANTIAGO DE CALLAPA,consulta externa,nuevas en personas de 5 a 14 anos,2005-04-01,34,35,34,35,69
SANTIAGO DE HUARI,consulta externa,nuevas en personas de 5 a 14 anos,2005-04-01,31,24,31,24,55
SANTIAGO DE MACHACA,consulta externa,nuevas en personas de 5 a 14 anos,2005-04-01,8,7,8,7,15
SANTIVAÑES,consulta externa,nuevas en personas de 5 a 14 anos,2005-04-01,24,28,24,28,52
SANTUARIO DE QUILLACAS,consulta externa,nuevas en personas de 5 a 14 anos,2005-04-01,7,4,7,4,11
SAPAHAQUI,consulta externa,nuevas en personas de 5 a 14 anos,2005-04-01,47,37,47,37,84
SENA,consulta externa,nuevas en personas de 5 a 14 anos,2005-04-01,13,21,13,21,34
SICA SICA (VILLA AROMA),consulta externa,nuevas en personas de 5 a 14 anos,2005-04-01,24,19,24,19,43
SICAYA,consulta externa,nuevas en personas de 5 a 14 anos,2005-04-01,6,1,6,1,7
SIPE SIPE,consulta externa,nuevas en personas de 5 a 14 anos,2005-04-01,72,89,72,89,161
SOPACHUY,consulta externa,nuevas en personas de 5 a 14 anos,2005-04-01,38,39,38,39,77
SORACACHI,consulta externa,nuevas en personas de 5 a 14 anos,2005-04-01,35,14,35,14,49
SORATA,consulta externa,nuevas en personas de 5 a 14 anos,2005-04-01,52,57,52,57,109
SUCRE,consulta externa,nuevas en personas de 5 a 14 anos,2005-04-01,2749,2811,2749,2811,5560
TACACHI,consulta externa,nuevas en personas de 5 a 14 anos,2005-04-01,5,9,5,9,14
TACACOMA,consulta externa,nuevas en personas de 5 a 14 anos,2005-04-01,18,9,18,9,27
TACOBAMBA,consulta externa,nuevas en personas de 5 a 14 anos,2005-04-01,42,47,42,47,89
TACOPAYA,consulta externa,nuevas en personas de 5 a 14 anos,2005-04-01,23,17,23,17,40
TAHUA,consulta externa,nuevas en personas de 5 a 14 anos,2005-04-01,8,4,8,4,12
TAPACARI,consulta externa,nuevas en personas de 5 a 14 anos,2005-04-01,57,53,57,53,110
TARABUCO,consulta externa,nuevas en personas de 5 a 14 anos,2005-04-01,58,65,58,65,123
TARACO,consulta externa,nuevas en personas de 5 a 14 anos,2005-04-01,28,24,28,24,52
TARATA,consulta externa,nuevas en personas de 5 a 14 anos,2005-04-01,24,33,24,33,57
TARIJA,consulta externa,nuevas en personas de 5 a 14 anos,2005-04-01,1263,1341,1263,1341,2604
TARVITA,consulta externa,nuevas en personas de 5 a 14 anos,2005-04-01,126,118,126,118,244
TEOPONTE,consulta externa,nuevas en personas de 5 a 14 anos,2005-04-01,34,33,34,33,67
TIAWANACU,consulta externa,nuevas en personas de 5 a 14 anos,2005-04-01,48,41,48,41,89
TINGUIPAYA,consulta externa,nuevas en personas de 5 a 14 anos,2005-04-01,26,21,26,21,47
TIPUANI,consulta externa,nuevas en personas de 5 a 14 anos,2005-04-01,17,20,17,20,37
TIQUIPAYA,consulta externa,nuevas en personas de 5 a 14 anos,2005-04-01,110,109,110,109,219
TIRAQUE (CBBA),consulta externa,nuevas en personas de 5 a 14 anos,2005-04-01,189,174,189,174,363
TITO YUPANQUI (PARQUIPUJIO),consulta externa,nuevas en personas de 5 a 14 anos,2005-04-01,8,10,8,10,18
TOCO,consulta externa,nuevas en personas de 5 a 14 anos,2005-04-01,9,12,9,12,21
TODOS SANTOS,consulta externa,nuevas en personas de 5 a 14 anos,2005-04-01,1,1,1,1,2
TOLATA,consulta externa,nuevas en personas de 5 a 14 anos,2005-04-01,17,27,17,27,44
TOLEDO,consulta externa,nuevas en personas de 5 a 14 anos,2005-04-01,35,32,35,32,67
TOMAVE,consulta externa,nuevas en personas de 5 a 14 anos,2005-04-01,29,36,29,36,65
TOMINA,consulta externa,nuevas en personas de 5 a 14 anos,2005-04-01,31,26,31,26,57
TORO TORO,consulta externa,nuevas en personas de 5 a 14 anos,2005-04-01,45,34,45,34,79
TOTORA(CBBA),consulta externa,nuevas en personas de 5 a 14 anos,2005-04-01,29,20,29,20,49
TOTORA(ORR),consulta externa,nuevas en personas de 5 a 14 anos,2005-04-01,9,21,9,21,30
TRIGAL,consulta externa,nuevas en personas de 5 a 14 anos,2005-04-01,13,3,13,3,16
TRINIDAD,consulta externa,nuevas en personas de 5 a 14 anos,2005-04-01,477,498,477,498,975
TUPIZA,consulta externa,nuevas en personas de 5 a 14 anos,2005-04-01,618,683,618,683,1301
TURCO,consulta externa,nuevas en personas de 5 a 14 anos,2005-04-01,11,5,11,5,16
UMALA,consulta externa,nuevas en personas de 5 a 14 anos,2005-04-01,15,15,15,15,30
UNCIA,consulta externa,nuevas en personas de 5 a 14 anos,2005-04-01,120,116,120,116,236
URIONDO (A. CONCEPCION),consulta externa,nuevas en personas de 5 a 14 anos,2005-04-01,33,47,33,47,80
URUBICHA,consulta externa,nuevas en personas de 5 a 14 anos,2005-04-01,33,30,33,30,63
UYUNI,consulta externa,nuevas en personas de 5 a 14 anos,2005-04-01,92,107,92,107,199
VACAS,consulta externa,nuevas en personas de 5 a 14 anos,2005-04-01,24,27,24,27,51
VALLEGRANDE,consulta externa,nuevas en personas de 5 a 14 anos,2005-04-01,97,114,97,114,211
VIACHA,consulta externa,nuevas en personas de 5 a 14 anos,2005-04-01,160,141,160,141,301
VILA VILA,consulta externa,nuevas en personas de 5 a 14 anos,2005-04-01,11,10,11,10,21
VILLA MONTES,consulta externa,nuevas en personas de 5 a 14 anos,2005-04-01,389,353,389,353,742
VILLA NUEVA (LOMA ALTA),consulta externa,nuevas en personas de 5 a 14 anos,2005-04-01,9,11,9,11,20
VILLA RIVERO,consulta externa,nuevas en personas de 5 a 14 anos,2005-04-01,16,6,16,6,22
VILLA SERRANO,consulta externa,nuevas en personas de 5 a 14 anos,2005-04-01,86,80,86,80,166
VILLA TUNARI,consulta externa,nuevas en personas de 5 a 14 anos,2005-04-01,350,283,350,283,633
VILLA VACA GUZMAN (MUYUPAMPA),consulta externa,nuevas en personas de 5 a 14 anos,2005-04-01,93,86,93,86,179
VILLAZON,consulta externa,nuevas en personas de 5 a 14 anos,2005-04-01,249,263,249,263,512
VINTO,consulta externa,nuevas en personas de 5 a 14 anos,2005-04-01,46,25,46,25,71
VITICHI,consulta externa,nuevas en personas de 5 a 14 anos,2005-04-01,51,34,51,34,85
WALDO BALLIVIAN,consulta externa,nuevas en personas de 5 a 14 anos,2005-04-01,8,7,8,7,15
WARNES,consulta externa,nuevas en personas de 5 a 14 anos,2005-04-01,157,184,157,184,341
YACO,consulta externa,nuevas en personas de 5 a 14 anos,2005-04-01,22,24,22,24,46
YACUIBA,consulta externa,nuevas en personas de 5 a 14 anos,2005-04-01,717,730,717,730,1447
YAMPARAEZ,consulta externa,nuevas en personas de 5 a 14 anos,2005-04-01,24,22,24,22,46
YANACACHI,consulta externa,nuevas en personas de 5 a 14 anos,2005-04-01,20,33,20,33,53
YAPACANI,consulta externa,nuevas en personas de 5 a 14 anos,2005-04-01,159,151,159,151,310
YOCALLA,consulta externa,nuevas en personas de 5 a 14 anos,2005-04-01,39,39,39,39,78
YOTALA,consulta externa,nuevas en personas de 5 a 14 anos,2005-04-01,31,37,31,37,68
YUNCHARA,consulta externa,nuevas en personas de 5 a 14 anos,2005-04-01,175,158,175,158,333
ZUDAÑEZ,consulta externa,nuevas en personas de 5 a 14 anos,2005-04-01,43,26,43,26,69
ACACIO,consulta externa,nuevas en personas de 5 a 14 anos,2005-05-01,21,33,21,33,54
ACHACACHI,consulta externa,nuevas en personas de 5 a 14 anos,2005-05-01,123,131,123,131,254
ACHOCALLA,consulta externa,nuevas en personas de 5 a 14 anos,2005-05-01,32,40,32,40,72
AIQUILE,consulta externa,nuevas en personas de 5 a 14 anos,2005-05-01,113,127,113,127,240
ALALAY,consulta externa,nuevas en personas de 5 a 14 anos,2005-05-01,2,3,2,3,5
ALCALA,consulta externa,nuevas en personas de 5 a 14 anos,2005-05-01,11,14,11,14,25
ANCORAIMES,consulta externa,nuevas en personas de 5 a 14 anos,2005-05-01,18,18,18,18,36
ANDAMARCA,consulta externa,nuevas en personas de 5 a 14 anos,2005-05-01,16,9,16,9,25
ANTEQUERA,consulta externa,nuevas en personas de 5 a 14 anos,2005-05-01,10,11,10,11,21
ANZALDO,consulta externa,nuevas en personas de 5 a 14 anos,2005-05-01,21,23,21,23,44
APOLO,consulta externa,nuevas en personas de 5 a 14 anos,2005-05-01,41,62,41,62,103
ARAMPAMPA,consulta externa,nuevas en personas de 5 a 14 anos,2005-05-01,22,10,22,10,32
ARANI,consulta externa,nuevas en personas de 5 a 14 anos,2005-05-01,18,24,18,24,42
ARBIETO,consulta externa,nuevas en personas de 5 a 14 anos,2005-05-01,42,38,42,38,80
ARQUE,consulta externa,nuevas en personas de 5 a 14 anos,2005-05-01,40,26,40,26,66
ASCENCION DE GUARAYOS,consulta externa,nuevas en personas de 5 a 14 anos,2005-05-01,54,71,54,71,125
ATOCHA,consulta externa,nuevas en personas de 5 a 14 anos,2005-05-01,190,232,190,232,422
AUCAPATA,consulta externa,nuevas en personas de 5 a 14 anos,2005-05-01,51,64,51,64,115
AYATA,consulta externa,nuevas en personas de 5 a 14 anos,2005-05-01,75,49,75,49,124
AYO AYO,consulta externa,nuevas en personas de 5 a 14 anos,2005-05-01,7,8,7,8,15
AYOPAYA (V. DE INDEPENDENCIA),consulta externa,nuevas en personas de 5 a 14 anos,2005-05-01,111,67,111,67,178
AZURDUY,consulta externa,nuevas en personas de 5 a 14 anos,2005-05-01,70,93,70,93,163
BATALLAS,consulta externa,nuevas en personas de 5 a 14 anos,2005-05-01,37,28,37,28,65
BAURES,consulta externa,nuevas en personas de 5 a 14 anos,2005-05-01,32,24,32,24,56
BELEN DE ANDAMARCA,consulta externa,nuevas en personas de 5 a 14 anos,2005-05-01,7,3,7,3,10
BELEN DE URMIRI,consulta externa,nuevas en personas de 5 a 14 anos,2005-05-01,9,16,9,16,25
BELLA FLOR,consulta externa,nuevas en personas de 5 a 14 anos,2005-05-01,15,17,15,17,32
BERMEJO,consulta externa,nuevas en personas de 5 a 14 anos,2005-05-01,279,207,279,207,486
BETANZOS,consulta externa,nuevas en personas de 5 a 14 anos,2005-05-01,155,184,155,184,339
BOLIVAR,consulta externa,nuevas en personas de 5 a 14 anos,2005-05-01,13,13,13,13,26
BOLPEBRA,consulta externa,nuevas en personas de 5 a 14 anos,2005-05-01,13,7,13,7,20
BOYUIBE,consulta externa,nuevas en personas de 5 a 14 anos,2005-05-01,32,71,32,71,103
BUENA VISTA,consulta externa,nuevas en personas de 5 a 14 anos,2005-05-01,94,58,94,58,152
CABEZAS,consulta externa,nuevas en personas de 5 a 14 anos,2005-05-01,106,94,106,94,200
CAIROMA,consulta externa,nuevas en personas de 5 a 14 anos,2005-05-01,55,59,55,59,114
"CAIZA ""D""",consulta externa,nuevas en personas de 5 a 14 anos,2005-05-01,44,61,44,61,105
CAJUATA,consulta externa,nuevas en personas de 5 a 14 anos,2005-05-01,46,39,46,39,85
CALACOTO,consulta externa,nuevas en personas de 5 a 14 anos,2005-05-01,18,11,18,11,29
CALAMARCA,consulta externa,nuevas en personas de 5 a 14 anos,2005-05-01,30,21,30,21,51
CAMARGO,consulta externa,nuevas en personas de 5 a 14 anos,2005-05-01,110,93,110,93,203
CAMATAQUI (C. VILLA ABECIA),consulta externa,nuevas en personas de 5 a 14 anos,2005-05-01,12,26,12,26,38
CAMIRI,consulta externa,nuevas en personas de 5 a 14 anos,2005-05-01,284,360,284,360,644
CAPINOTA,consulta externa,nuevas en personas de 5 a 14 anos,2005-05-01,76,71,76,71,147
CAQUIAVIRI,consulta externa,nuevas en personas de 5 a 14 anos,2005-05-01,52,50,52,50,102
CARACOLLO,consulta externa,nuevas en personas de 5 a 14 anos,2005-05-01,56,67,56,67,123
CARANAVI,consulta externa,nuevas en personas de 5 a 14 anos,2005-05-01,293,254,293,254,547
CARANGAS,consulta externa,nuevas en personas de 5 a 14 anos,2005-05-01,3,1,3,1,4
CARAPARI,consulta externa,nuevas en personas de 5 a 14 anos,2005-05-01,143,121,143,121,264
CARIPUYO,consulta externa,nuevas en personas de 5 a 14 anos,2005-05-01,29,15,29,15,44
CARMEN RIVERO TORREZ,consulta externa,nuevas en personas de 5 a 14 anos,2005-05-01,2,0,2,0,2
CATACORA,consulta externa,nuevas en personas de 5 a 14 anos,2005-05-01,9,15,9,15,24
CHACARILLA,consulta externa,nuevas en personas de 5 a 14 anos,2005-05-01,1,0,1,0,1
CHALLAPATA,consulta externa,nuevas en personas de 5 a 14 anos,2005-05-01,128,119,128,119,247
CHAQUI,consulta externa,nuevas en personas de 5 a 14 anos,2005-05-01,14,23,14,23,37
CHARAGUA,consulta externa,nuevas en personas de 5 a 14 anos,2005-05-01,120,113,120,113,233
CHARAÑA,consulta externa,nuevas en personas de 5 a 14 anos,2005-05-01,23,23,23,23,46
CHAYANTA,consulta externa,nuevas en personas de 5 a 14 anos,2005-05-01,74,69,74,69,143
CHIMORE,consulta externa,nuevas en personas de 5 a 14 anos,2005-05-01,108,82,108,82,190
CHIPAYA,consulta externa,nuevas en personas de 5 a 14 anos,2005-05-01,3,3,3,3,6
CHOQUE COTA,consulta externa,nuevas en personas de 5 a 14 anos,2005-05-01,6,5,6,5,11
CHULUMANI (V. DE LA LIBERTAD),consulta externa,nuevas en personas de 5 a 14 anos,2005-05-01,72,81,72,81,153
CHUMA,consulta externa,nuevas en personas de 5 a 14 anos,2005-05-01,73,45,73,45,118
CLIZA,consulta externa,nuevas en personas de 5 a 14 anos,2005-05-01,39,41,39,41,80
COBIJA,consulta externa,nuevas en personas de 5 a 14 anos,2005-05-01,152,146,152,146,298
COCHABAMBA,consulta externa,nuevas en personas de 5 a 14 anos,2005-05-01,4519,4349,4519,4349,8868
COIPASA,consulta externa,nuevas en personas de 5 a 14 anos,2005-05-01,5,7,5,7,12
COLCAPIRHUA,consulta externa,nuevas en personas de 5 a 14 anos,2005-05-01,204,208,204,208,412
"COLCHA ""K""",consulta externa,nuevas en personas de 5 a 14 anos,2005-05-01,85,85,85,85,170
COLLANA,consulta externa,nuevas en personas de 5 a 14 anos,2005-05-01,31,36,31,36,67
COLOMI,consulta externa,nuevas en personas de 5 a 14 anos,2005-05-01,49,47,49,47,96
COLPA BELGICA,consulta externa,nuevas en personas de 5 a 14 anos,2005-05-01,52,47,52,47,99
COLQUECHACA,consulta externa,nuevas en personas de 5 a 14 anos,2005-05-01,144,114,144,114,258
COLQUENCHA,consulta externa,nuevas en personas de 5 a 14 anos,2005-05-01,26,11,26,11,37
COLQUIRI,consulta externa,nuevas en personas de 5 a 14 anos,2005-05-01,55,52,55,52,107
COMANCHE,consulta externa,nuevas en personas de 5 a 14 anos,2005-05-01,27,19,27,19,46
COMARAPA,consulta externa,nuevas en personas de 5 a 14 anos,2005-05-01,78,68,78,68,146
COMBAYA,consulta externa,nuevas en personas de 5 a 14 anos,2005-05-01,16,25,16,25,41
CONCEPCION,consulta externa,nuevas en personas de 5 a 14 anos,2005-05-01,22,34,22,34,56
COPACABANA,consulta externa,nuevas en personas de 5 a 14 anos,2005-05-01,34,24,34,24,58
CORIPATA,consulta externa,nuevas en personas de 5 a 14 anos,2005-05-01,56,62,56,62,118
CORO CORO,consulta externa,nuevas en personas de 5 a 14 anos,2005-05-01,31,22,31,22,53
COROICO,consulta externa,nuevas en personas de 5 a 14 anos,2005-05-01,114,98,114,98,212
CORQUE,consulta externa,nuevas en personas de 5 a 14 anos,2005-05-01,54,64,54,64,118
COTAGAITA,consulta externa,nuevas en personas de 5 a 14 anos,2005-05-01,228,225,228,225,453
COTOCA,consulta externa,nuevas en personas de 5 a 14 anos,2005-05-01,60,99,60,99,159
CUATRO CAÑADAS,consulta externa,nuevas en personas de 5 a 14 anos,2005-05-01,36,42,36,42,78
CUCHUMUELA (V. G. VILLARROEL),consulta externa,nuevas en personas de 5 a 14 anos,2005-05-01,14,7,14,7,21
CUEVO,consulta externa,nuevas en personas de 5 a 14 anos,2005-05-01,16,27,16,27,43
CULPINA,consulta externa,nuevas en personas de 5 a 14 anos,2005-05-01,72,74,72,74,146
CURAHUARA DE CARANGAS,consulta externa,nuevas en personas de 5 a 14 anos,2005-05-01,38,37,38,37,75
CURVA,consulta externa,nuevas en personas de 5 a 14 anos,2005-05-01,3,5,3,5,8
DESAGUADERO,consulta externa,nuevas en personas de 5 a 14 anos,2005-05-01,21,28,21,28,49
EL ALTO,consulta externa,nuevas en personas de 5 a 14 anos,2005-05-01,5577,5668,5577,5668,11245
EL CHORO,consulta externa,nuevas en personas de 5 a 14 anos,2005-05-01,24,27,24,27,51
EL PUENTE(STC),consulta externa,nuevas en personas de 5 a 14 anos,2005-05-01,40,37,40,37,77
EL PUENTE(TJA),consulta externa,nuevas en personas de 5 a 14 anos,2005-05-01,37,22,37,22,59
EL TORNO,consulta externa,nuevas en personas de 5 a 14 anos,2005-05-01,273,253,273,253,526
EL VILLAR,consulta externa,nuevas en personas de 5 a 14 anos,2005-05-01,19,30,19,30,49
ENTRE RIOS,consulta externa,nuevas en personas de 5 a 14 anos,2005-05-01,181,192,181,192,373
ENTRE RIOS,consulta externa,nuevas en personas de 5 a 14 anos,2005-05-01,45,33,45,33,78
ESCARA,consulta externa,nuevas en personas de 5 a 14 anos,2005-05-01,0,1,0,1,1
EUCALIPTUS,consulta externa,nuevas en personas de 5 a 14 anos,2005-05-01,11,21,11,21,32
EUREKA (SANTOS MERCADO),consulta externa,nuevas en personas de 5 a 14 anos,2005-05-01,2,9,2,9,11
EXALTACION,consulta externa,nuevas en personas de 5 a 14 anos,2005-05-01,19,7,19,7,26
FERNANDEZ ALONSO,consulta externa,nuevas en personas de 5 a 14 anos,2005-05-01,48,51,48,51,99
FILADELFIA,consulta externa,nuevas en personas de 5 a 14 anos,2005-05-01,35,43,35,43,78
GENERAL SAAVEDRA,consulta externa,nuevas en personas de 5 a 14 anos,2005-05-01,86,107,86,107,193
GRAL. J.J. PEREZ (CHARAZANI),consulta externa,nuevas en personas de 5 a 14 anos,2005-05-01,40,46,40,46,86
GUANAY,consulta externa,nuevas en personas de 5 a 14 anos,2005-05-01,121,122,121,122,243
GUAQUI,consulta externa,nuevas en personas de 5 a 14 anos,2005-05-01,12,8,12,8,20
GUAYARAMERIN,consulta externa,nuevas en personas de 5 a 14 anos,2005-05-01,277,307,277,307,584
GUTIERREZ,consulta externa,nuevas en personas de 5 a 14 anos,2005-05-01,112,163,112,163,275
HUACARETA,consulta externa,nuevas en personas de 5 a 14 anos,2005-05-01,82,69,82,69,151
HUACAYA (VILLA DE HUACAYA),consulta externa,nuevas en personas de 5 a 14 anos,2005-05-01,24,21,24,21,45
HUACHACALLA,consulta externa,nuevas en personas de 5 a 14 anos,2005-05-01,8,5,8,5,13
HUANUNI,consulta externa,nuevas en personas de 5 a 14 anos,2005-05-01,314,358,314,358,672
HUARACAJE,consulta externa,nuevas en personas de 5 a 14 anos,2005-05-01,15,19,15,19,34
HUAYLLAMARCA,consulta externa,nuevas en personas de 5 a 14 anos,2005-05-01,53,29,53,29,82
ICHOCA,consulta externa,nuevas en personas de 5 a 14 anos,2005-05-01,12,18,12,18,30
ICLA,consulta externa,nuevas en personas de 5 a 14 anos,2005-05-01,32,35,32,35,67
INCAHUASI,consulta externa,nuevas en personas de 5 a 14 anos,2005-05-01,85,83,85,83,168
INGAVI (HUMAITA),consulta externa,nuevas en personas de 5 a 14 anos,2005-05-01,4,8,4,8,12
INQUISIVI,consulta externa,nuevas en personas de 5 a 14 anos,2005-05-01,22,19,22,19,41
IRUPANA (VILLA DE LANZA),consulta externa,nuevas en personas de 5 a 14 anos,2005-05-01,76,74,76,74,150
IXIAMAS,consulta externa,nuevas en personas de 5 a 14 anos,2005-05-01,116,91,116,91,207
JESUS DE MACHACA,consulta externa,nuevas en personas de 5 a 14 anos,2005-05-01,43,43,43,43,86
LA ASUNTA,consulta externa,nuevas en personas de 5 a 14 anos,2005-05-01,62,71,62,71,133
LA GUARDIA,consulta externa,nuevas en personas de 5 a 14 anos,2005-05-01,85,96,85,96,181
LA PAZ,consulta externa,nuevas en personas de 5 a 14 anos,2005-05-01,7317,7190,7317,7190,14507
LA RIVERA,consulta externa,nuevas en personas de 5 a 14 anos,2005-05-01,1,2,1,2,3
LAGUNILLAS,consulta externa,nuevas en personas de 5 a 14 anos,2005-05-01,32,43,32,43,75
LAJA,consulta externa,nuevas en personas de 5 a 14 anos,2005-05-01,37,25,37,25,62
LAS CARRERAS,consulta externa,nuevas en personas de 5 a 14 anos,2005-05-01,12,12,12,12,24
LICOMA PAMPA,consulta externa,nuevas en personas de 5 a 14 anos,2005-05-01,13,12,13,12,25
LLALLAGUA,consulta externa,nuevas en personas de 5 a 14 anos,2005-05-01,173,163,173,163,336
LLICA,consulta externa,nuevas en personas de 5 a 14 anos,2005-05-01,36,26,36,26,62
LORETO,consulta externa,nuevas en personas de 5 a 14 anos,2005-05-01,10,8,10,8,18
LURIBAY,consulta externa,nuevas en personas de 5 a 14 anos,2005-05-01,42,41,42,41,83
MACHACAMARCA,consulta externa,nuevas en personas de 5 a 14 anos,2005-05-01,27,35,27,35,62
MACHARETI,consulta externa,nuevas en personas de 5 a 14 anos,2005-05-01,80,79,80,79,159
MAGDALENA,consulta externa,nuevas en personas de 5 a 14 anos,2005-05-01,59,58,59,58,117
MAIRANA,consulta externa,nuevas en personas de 5 a 14 anos,2005-05-01,29,38,29,38,67
MALLA,consulta externa,nuevas en personas de 5 a 14 anos,2005-05-01,41,65,41,65,106
MAPIRI,consulta externa,nuevas en personas de 5 a 14 anos,2005-05-01,41,45,41,45,86
MECAPACA,consulta externa,nuevas en personas de 5 a 14 anos,2005-05-01,120,91,120,91,211
MINEROS,consulta externa,nuevas en personas de 5 a 14 anos,2005-05-01,29,35,29,35,64
MIZQUE,consulta externa,nuevas en personas de 5 a 14 anos,2005-05-01,35,39,35,39,74
MOCOMOCO,consulta externa,nuevas en personas de 5 a 14 anos,2005-05-01,75,79,75,79,154
MOJINETE,consulta externa,nuevas en personas de 5 a 14 anos,2005-05-01,6,8,6,8,14
MOJOCOYA,consulta externa,nuevas en personas de 5 a 14 anos,2005-05-01,44,34,44,34,78
MONTEAGUDO,consulta externa,nuevas en personas de 5 a 14 anos,2005-05-01,321,361,321,361,682
MONTERO,consulta externa,nuevas en personas de 5 a 14 anos,2005-05-01,412,397,412,397,809
MORO MORO,consulta externa,nuevas en personas de 5 a 14 anos,2005-05-01,3,5,3,5,8
MOROCHATA,consulta externa,nuevas en personas de 5 a 14 anos,2005-05-01,40,52,40,52,92
NACEBE (SANTA ROSA DEL ABUNA),consulta externa,nuevas en personas de 5 a 14 anos,2005-05-01,9,9,9,9,18
NUEVO MANOA (NUEVA ESPERANZA),consulta externa,nuevas en personas de 5 a 14 anos,2005-05-01,12,9,12,9,21
OCURI,consulta externa,nuevas en personas de 5 a 14 anos,2005-05-01,45,33,45,33,78
OKINAWA,consulta externa,nuevas en personas de 5 a 14 anos,2005-05-01,78,82,78,82,160
OMEREQUE,consulta externa,nuevas en personas de 5 a 14 anos,2005-05-01,18,17,18,17,35
ORURO,consulta externa,nuevas en personas de 5 a 14 anos,2005-05-01,3073,2542,3073,2542,5615
PADCAYA,consulta externa,nuevas en personas de 5 a 14 anos,2005-05-01,202,189,202,189,391
PADILLA,consulta externa,nuevas en personas de 5 a 14 anos,2005-05-01,107,97,107,97,204
PAILON,consulta externa,nuevas en personas de 5 a 14 anos,2005-05-01,60,72,60,72,132
PALCA,consulta externa,nuevas en personas de 5 a 14 anos,2005-05-01,49,58,49,58,107
PALOS BLANCOS,consulta externa,nuevas en personas de 5 a 14 anos,2005-05-01,166,141,166,141,307
PAMPA AULLAGAS,consulta externa,nuevas en personas de 5 a 14 anos,2005-05-01,7,2,7,2,9
PAMPA GRANDE,consulta externa,nuevas en personas de 5 a 14 anos,2005-05-01,28,33,28,33,61
PAPEL PAMPA,consulta externa,nuevas en personas de 5 a 14 anos,2005-05-01,37,34,37,34,71
PASORAPA,consulta externa,nuevas en personas de 5 a 14 anos,2005-05-01,5,7,5,7,12
PATACAMAYA,consulta externa,nuevas en personas de 5 a 14 anos,2005-05-01,40,41,40,41,81
PAZÑA,consulta externa,nuevas en personas de 5 a 14 anos,2005-05-01,46,67,46,67,113
PELECHUCO,consulta externa,nuevas en personas de 5 a 14 anos,2005-05-01,32,37,32,37,69
POCOATA,consulta externa,nuevas en personas de 5 a 14 anos,2005-05-01,95,67,95,67,162
POCONA,consulta externa,nuevas en personas de 5 a 14 anos,2005-05-01,34,37,34,37,71
POJO (CBBA),consulta externa,nuevas en personas de 5 a 14 anos,2005-05-01,21,24,21,24,45
POOPO,consulta externa,nuevas en personas de 5 a 14 anos,2005-05-01,28,24,28,24,52
PORCO,consulta externa,nuevas en personas de 5 a 14 anos,2005-05-01,24,19,24,19,43
POROMA,consulta externa,nuevas en personas de 5 a 14 anos,2005-05-01,57,51,57,51,108
PORONGO,consulta externa,nuevas en personas de 5 a 14 anos,2005-05-01,119,101,119,101,220
PORTACHUELO,consulta externa,nuevas en personas de 5 a 14 anos,2005-05-01,92,83,92,83,175
PORVENIR,consulta externa,nuevas en personas de 5 a 14 anos,2005-05-01,31,35,31,35,66
POSTRER VALLE,consulta externa,nuevas en personas de 5 a 14 anos,2005-05-01,10,12,10,12,22
POTOSI,consulta externa,nuevas en personas de 5 a 14 anos,2005-05-01,1085,1030,1085,1030,2115
PRESTO,consulta externa,nuevas en personas de 5 a 14 anos,2005-05-01,24,27,24,27,51
PUCARA,consulta externa,nuevas en personas de 5 a 14 anos,2005-05-01,8,8,8,8,16
PUCARANI,consulta externa,nuevas en personas de 5 a 14 anos,2005-05-01,43,45,43,45,88
PUERTO ACOSTA,consulta externa,nuevas en personas de 5 a 14 anos,2005-05-01,78,66,78,66,144
PUERTO CARABUCO,consulta externa,nuevas en personas de 5 a 14 anos,2005-05-01,77,84,77,84,161
PUERTO GONZALO MORENO,consulta externa,nuevas en personas de 5 a 14 anos,2005-05-01,23,30,23,30,53
PUERTO PEREZ,consulta externa,nuevas en personas de 5 a 14 anos,2005-05-01,26,18,26,18,44
PUERTO QUIJARRO,consulta externa,nuevas en personas de 5 a 14 anos,2005-05-01,130,88,130,88,218
PUERTO RICO,consulta externa,nuevas en personas de 5 a 14 anos,2005-05-01,26,43,26,43,69
PUERTO SILES,consulta externa,nuevas en personas de 5 a 14 anos,2005-05-01,16,12,16,12,28
PUERTO SUAREZ,consulta externa,nuevas en personas de 5 a 14 anos,2005-05-01,117,134,117,134,251
PUERTO VILLARROEL,consulta externa,nuevas en personas de 5 a 14 anos,2005-05-01,234,176,234,176,410
PUNA,consulta externa,nuevas en personas de 5 a 14 anos,2005-05-01,150,146,150,146,296
PUNATA,consulta externa,nuevas en personas de 5 a 14 anos,2005-05-01,113,87,113,87,200
QUIABAYA,consulta externa,nuevas en personas de 5 a 14 anos,2005-05-01,8,18,8,18,26
QUILLACOLLO,consulta externa,nuevas en personas de 5 a 14 anos,2005-05-01,365,391,365,391,756
QUIME,consulta externa,nuevas en personas de 5 a 14 anos,2005-05-01,24,42,24,42,66
QUIRUSILLAS,consulta externa,nuevas en personas de 5 a 14 anos,2005-05-01,7,1,7,1,8
RAVELO,consulta externa,nuevas en personas de 5 a 14 anos,2005-05-01,71,58,71,58,129
REYES,consulta externa,nuevas en personas de 5 a 14 anos,2005-05-01,93,92,93,92,185
RIBERALTA,consulta externa,nuevas en personas de 5 a 14 anos,2005-05-01,286,300,286,300,586
ROBORE,consulta externa,nuevas en personas de 5 a 14 anos,2005-05-01,70,92,70,92,162
RURRENABAQUE,consulta externa,nuevas en personas de 5 a 14 anos,2005-05-01,116,132,116,132,248
SABAYA,consulta externa,nuevas en personas de 5 a 14 anos,2005-05-01,19,14,19,14,33
SACABA,consulta externa,nuevas en personas de 5 a 14 anos,2005-05-01,290,248,290,248,538
SACABAMBA,consulta externa,nuevas en personas de 5 a 14 anos,2005-05-01,13,20,13,20,33
SACACA,consulta externa,nuevas en personas de 5 a 14 anos,2005-05-01,60,57,60,57,117
SAIPINA,consulta externa,nuevas en personas de 5 a 14 anos,2005-05-01,42,38,42,38,80
SALINAS DE GARCI MENDOZA,consulta externa,nuevas en personas de 5 a 14 anos,2005-05-01,158,146,158,146,304
SAMAIPATA,consulta externa,nuevas en personas de 5 a 14 anos,2005-05-01,29,32,29,32,61
SAN AGUSTIN,consulta externa,nuevas en personas de 5 a 14 anos,2005-05-01,9,5,9,5,14
SAN ANDRES,consulta externa,nuevas en personas de 5 a 14 anos,2005-05-01,42,39,42,39,81
SAN ANDRES DE MACHACA,consulta externa,nuevas en personas de 5 a 14 anos,2005-05-01,29,33,29,33,62
SAN ANTONIO DE ESMORUCO,consulta externa,nuevas en personas de 5 a 14 anos,2005-05-01,17,26,17,26,43
SAN ANTONIO DE LOMERIO,consulta externa,nuevas en personas de 5 a 14 anos,2005-05-01,14,19,14,19,33
SAN BENITO,consulta externa,nuevas en personas de 5 a 14 anos,2005-05-01,57,63,57,63,120
SAN BORJA,consulta externa,nuevas en personas de 5 a 14 anos,2005-05-01,91,106,91,106,197
SAN BUENA VENTURA,consulta externa,nuevas en personas de 5 a 14 anos,2005-05-01,31,34,31,34,65
SAN CARLOS,consulta externa,nuevas en personas de 5 a 14 anos,2005-05-01,72,57,72,57,129
SAN IGNACIO,consulta externa,nuevas en personas de 5 a 14 anos,2005-05-01,80,82,80,82,162
SAN IGNACIO DE VELASCO,consulta externa,nuevas en personas de 5 a 14 anos,2005-05-01,211,225,211,225,436
SAN JAVIER(BNI),consulta externa,nuevas en personas de 5 a 14 anos,2005-05-01,37,45,37,45,82
SAN JAVIER(STC),consulta externa,nuevas en personas de 5 a 14 anos,2005-05-01,28,25,28,25,53
SAN JOAQUIN,consulta externa,nuevas en personas de 5 a 14 anos,2005-05-01,33,24,33,24,57
SAN JOSE DE CHIQUITOS,consulta externa,nuevas en personas de 5 a 14 anos,2005-05-01,98,107,98,107,205
SAN JUAN DE YAPACANI,consulta externa,nuevas en personas de 5 a 14 anos,2005-05-01,58,69,58,69,127
SAN JULIAN,consulta externa,nuevas en personas de 5 a 14 anos,2005-05-01,131,170,131,170,301
SAN LORENZO(PND),consulta externa,nuevas en personas de 5 a 14 anos,2005-05-01,14,17,14,17,31
SAN LORENZO(TJA),consulta externa,nuevas en personas de 5 a 14 anos,2005-05-01,162,136,162,136,298
SAN LUCAS,consulta externa,nuevas en personas de 5 a 14 anos,2005-05-01,161,139,161,139,300
SAN MATIAS,consulta externa,nuevas en personas de 5 a 14 anos,2005-05-01,35,25,35,25,60
SAN MIGUEL DE VELASCO,consulta externa,nuevas en personas de 5 a 14 anos,2005-05-01,49,39,49,39,88
SAN PABLO DE LIPEZ,consulta externa,nuevas en personas de 5 a 14 anos,2005-05-01,47,51,47,51,98
SAN PEDRO,consulta externa,nuevas en personas de 5 a 14 anos,2005-05-01,91,107,91,107,198
SAN PEDRO DE BUENA VISTA,consulta externa,nuevas en personas de 5 a 14 anos,2005-05-01,69,60,69,60,129
SAN PEDRO DE CURAHUARA,consulta externa,nuevas en personas de 5 a 14 anos,2005-05-01,69,46,69,46,115
SAN PEDRO DE QUEMES,consulta externa,nuevas en personas de 5 a 14 anos,2005-05-01,3,3,3,3,6
SAN PEDRO DE TIQUINA,consulta externa,nuevas en personas de 5 a 14 anos,2005-05-01,25,22,25,22,47
SAN PEDRO(PND),consulta externa,nuevas en personas de 5 a 14 anos,2005-05-01,10,12,10,12,22
SAN RAFAEL,consulta externa,nuevas en personas de 5 a 14 anos,2005-05-01,28,34,28,34,62
SAN RAMON,consulta externa,nuevas en personas de 5 a 14 anos,2005-05-01,35,30,35,30,65
SAN RAMON,consulta externa,nuevas en personas de 5 a 14 anos,2005-05-01,20,24,20,24,44
SANTA ANA,consulta externa,nuevas en personas de 5 a 14 anos,2005-05-01,62,45,62,45,107
SANTA CRUZ DE LA SIERRA,consulta externa,nuevas en personas de 5 a 14 anos,2005-05-01,6502,8188,6502,8188,14690
SANTA ROSA,consulta externa,nuevas en personas de 5 a 14 anos,2005-05-01,47,87,47,87,134
SANTA ROSA DEL SARA,consulta externa,nuevas en personas de 5 a 14 anos,2005-05-01,88,109,88,109,197
SANTIAGO DE CALLAPA,consulta externa,nuevas en personas de 5 a 14 anos,2005-05-01,22,23,22,23,45
SANTIAGO DE HUARI,consulta externa,nuevas en personas de 5 a 14 anos,2005-05-01,37,41,37,41,78
SANTIAGO DE MACHACA,consulta externa,nuevas en personas de 5 a 14 anos,2005-05-01,8,8,8,8,16
SANTIVAÑES,consulta externa,nuevas en personas de 5 a 14 anos,2005-05-01,37,38,37,38,75
SANTUARIO DE QUILLACAS,consulta externa,nuevas en personas de 5 a 14 anos,2005-05-01,4,3,4,3,7
SAPAHAQUI,consulta externa,nuevas en personas de 5 a 14 anos,2005-05-01,65,49,65,49,114
SENA,consulta externa,nuevas en personas de 5 a 14 anos,2005-05-01,12,22,12,22,34
SICA SICA (VILLA AROMA),consulta externa,nuevas en personas de 5 a 14 anos,2005-05-01,34,31,34,31,65
SICAYA,consulta externa,nuevas en personas de 5 a 14 anos,2005-05-01,8,8,8,8,16
SIPE SIPE,consulta externa,nuevas en personas de 5 a 14 anos,2005-05-01,81,68,81,68,149
SOPACHUY,consulta externa,nuevas en personas de 5 a 14 anos,2005-05-01,24,33,24,33,57
SORACACHI,consulta externa,nuevas en personas de 5 a 14 anos,2005-05-01,33,22,33,22,55
SORATA,consulta externa,nuevas en personas de 5 a 14 anos,2005-05-01,62,70,62,70,132
SUCRE,consulta externa,nuevas en personas de 5 a 14 anos,2005-05-01,2726,2648,2726,2648,5374
TACACHI,consulta externa,nuevas en personas de 5 a 14 anos,2005-05-01,5,6,5,6,11
TACACOMA,consulta externa,nuevas en personas de 5 a 14 anos,2005-05-01,13,17,13,17,30
TACOBAMBA,consulta externa,nuevas en personas de 5 a 14 anos,2005-05-01,26,45,26,45,71
TACOPAYA,consulta externa,nuevas en personas de 5 a 14 anos,2005-05-01,26,30,26,30,56
TAHUA,consulta externa,nuevas en personas de 5 a 14 anos,2005-05-01,2,4,2,4,6
TAPACARI,consulta externa,nuevas en personas de 5 a 14 anos,2005-05-01,122,91,122,91,213
TARABUCO,consulta externa,nuevas en personas de 5 a 14 anos,2005-05-01,61,58,61,58,119
TARACO,consulta externa,nuevas en personas de 5 a 14 anos,2005-05-01,25,14,25,14,39
TARATA,consulta externa,nuevas en personas de 5 a 14 anos,2005-05-01,58,56,58,56,114
TARIJA,consulta externa,nuevas en personas de 5 a 14 anos,2005-05-01,1271,1286,1271,1286,2557
TARVITA,consulta externa,nuevas en personas de 5 a 14 anos,2005-05-01,231,231,231,231,462
TEOPONTE,consulta externa,nuevas en personas de 5 a 14 anos,2005-05-01,71,61,71,61,132
TIAWANACU,consulta externa,nuevas en personas de 5 a 14 anos,2005-05-01,45,38,45,38,83
TINGUIPAYA,consulta externa,nuevas en personas de 5 a 14 anos,2005-05-01,41,30,41,30,71
TIPUANI,consulta externa,nuevas en personas de 5 a 14 anos,2005-05-01,18,8,18,8,26
TIQUIPAYA,consulta externa,nuevas en personas de 5 a 14 anos,2005-05-01,125,119,125,119,244
TIRAQUE (CBBA),consulta externa,nuevas en personas de 5 a 14 anos,2005-05-01,247,216,247,216,463
TITO YUPANQUI (PARQUIPUJIO),consulta externa,nuevas en personas de 5 a 14 anos,2005-05-01,8,10,8,10,18
TOCO,consulta externa,nuevas en personas de 5 a 14 anos,2005-05-01,9,13,9,13,22
TOLATA,consulta externa,nuevas en personas de 5 a 14 anos,2005-05-01,26,36,26,36,62
TOLEDO,consulta externa,nuevas en personas de 5 a 14 anos,2005-05-01,44,51,44,51,95
TOMAVE,consulta externa,nuevas en personas de 5 a 14 anos,2005-05-01,45,55,45,55,100
TOMINA,consulta externa,nuevas en personas de 5 a 14 anos,2005-05-01,32,38,32,38,70
TORO TORO,consulta externa,nuevas en personas de 5 a 14 anos,2005-05-01,60,40,60,40,100
TOTORA(CBBA),consulta externa,nuevas en personas de 5 a 14 anos,2005-05-01,18,22,18,22,40
TOTORA(ORR),consulta externa,nuevas en personas de 5 a 14 anos,2005-05-01,9,13,9,13,22
TRIGAL,consulta externa,nuevas en personas de 5 a 14 anos,2005-05-01,9,6,9,6,15
TRINIDAD,consulta externa,nuevas en personas de 5 a 14 anos,2005-05-01,484,468,484,468,952
TUPIZA,consulta externa,nuevas en personas de 5 a 14 anos,2005-05-01,534,688,534,688,1222
TURCO,consulta externa,nuevas en personas de 5 a 14 anos,2005-05-01,45,38,45,38,83
UMALA,consulta externa,nuevas en personas de 5 a 14 anos,2005-05-01,1,0,1,0,1
UNCIA,consulta externa,nuevas en personas de 5 a 14 anos,2005-05-01,149,187,149,187,336
URIONDO (A. CONCEPCION),consulta externa,nuevas en personas de 5 a 14 anos,2005-05-01,204,225,204,225,429
URUBICHA,consulta externa,nuevas en personas de 5 a 14 anos,2005-05-01,35,25,35,25,60
UYUNI,consulta externa,nuevas en personas de 5 a 14 anos,2005-05-01,91,113,91,113,204
VACAS,consulta externa,nuevas en personas de 5 a 14 anos,2005-05-01,339,296,339,296,635
VALLEGRANDE,consulta externa,nuevas en personas de 5 a 14 anos,2005-05-01,94,75,94,75,169
VIACHA,consulta externa,nuevas en personas de 5 a 14 anos,2005-05-01,215,189,215,189,404
VILA VILA,consulta externa,nuevas en personas de 5 a 14 anos,2005-05-01,17,17,17,17,34
VILLA MONTES,consulta externa,nuevas en personas de 5 a 14 anos,2005-05-01,697,319,697,319,1016
VILLA NUEVA (LOMA ALTA),consulta externa,nuevas en personas de 5 a 14 anos,2005-05-01,12,12,12,12,24
VILLA RIVERO,consulta externa,nuevas en personas de 5 a 14 anos,2005-05-01,20,18,20,18,38
VILLA SERRANO,consulta externa,nuevas en personas de 5 a 14 anos,2005-05-01,51,43,51,43,94
VILLA TUNARI,consulta externa,nuevas en personas de 5 a 14 anos,2005-05-01,617,626,617,626,1243
VILLA VACA GUZMAN (MUYUPAMPA),consulta externa,nuevas en personas de 5 a 14 anos,2005-05-01,108,108,108,108,216
VILLAZON,consulta externa,nuevas en personas de 5 a 14 anos,2005-05-01,203,195,203,195,398
VINTO,consulta externa,nuevas en personas de 5 a 14 anos,2005-05-01,64,39,64,39,103
VITICHI,consulta externa,nuevas en personas de 5 a 14 anos,2005-05-01,52,52,52,52,104
WALDO BALLIVIAN,consulta externa,nuevas en personas de 5 a 14 anos,2005-05-01,9,9,9,9,18
WARNES,consulta externa,nuevas en personas de 5 a 14 anos,2005-05-01,180,167,180,167,347
YACO,consulta externa,nuevas en personas de 5 a 14 anos,2005-05-01,4,7,4,7,11
YACUIBA,consulta externa,nuevas en personas de 5 a 14 anos,2005-05-01,416,424,416,424,840
YAMPARAEZ,consulta externa,nuevas en personas de 5 a 14 anos,2005-05-01,19,30,19,30,49
YANACACHI,consulta externa,nuevas en personas de 5 a 14 anos,2005-05-01,83,72,83,72,155
YAPACANI,consulta externa,nuevas en personas de 5 a 14 anos,2005-05-01,133,131,133,131,264
YOCALLA,consulta externa,nuevas en personas de 5 a 14 anos,2005-05-01,20,19,20,19,39
YOTALA,consulta externa,nuevas en personas de 5 a 14 anos,2005-05-01,40,49,40,49,89
YUNCHARA,consulta externa,nuevas en personas de 5 a 14 anos,2005-05-01,4,8,4,8,12
ZUDAÑEZ,consulta externa,nuevas en personas de 5 a 14 anos,2005-05-01,46,32,46,32,78
ACACIO,consulta externa,nuevas en personas de 5 a 14 anos,2005-06-01,32,32,32,32,64
ACHACACHI,consulta externa,nuevas en personas de 5 a 14 anos,2005-06-01,88,81,88,81,169
ACHOCALLA,consulta externa,nuevas en personas de 5 a 14 anos,2005-06-01,34,16,34,16,50
AIQUILE,consulta externa,nuevas en personas de 5 a 14 anos,2005-06-01,84,85,84,85,169
ALALAY,consulta externa,nuevas en personas de 5 a 14 anos,2005-06-01,2,1,2,1,3
ALCALA,consulta externa,nuevas en personas de 5 a 14 anos,2005-06-01,10,12,10,12,22
ANCORAIMES,consulta externa,nuevas en personas de 5 a 14 anos,2005-06-01,12,15,12,15,27
ANDAMARCA,consulta externa,nuevas en personas de 5 a 14 anos,2005-06-01,22,25,22,25,47
ANTEQUERA,consulta externa,nuevas en personas de 5 a 14 anos,2005-06-01,12,8,12,8,20
ANZALDO,consulta externa,nuevas en personas de 5 a 14 anos,2005-06-01,36,33,36,33,69
APOLO,consulta externa,nuevas en personas de 5 a 14 anos,2005-06-01,40,38,40,38,78
ARAMPAMPA,consulta externa,nuevas en personas de 5 a 14 anos,2005-06-01,8,14,8,14,22
ARANI,consulta externa,nuevas en personas de 5 a 14 anos,2005-06-01,25,29,25,29,54
ARBIETO,consulta externa,nuevas en personas de 5 a 14 anos,2005-06-01,22,20,22,20,42
ARQUE,consulta externa,nuevas en personas de 5 a 14 anos,2005-06-01,25,24,25,24,49
ASCENCION DE GUARAYOS,consulta externa,nuevas en personas de 5 a 14 anos,2005-06-01,86,65,86,65,151
ATOCHA,consulta externa,nuevas en personas de 5 a 14 anos,2005-06-01,179,210,179,210,389
AUCAPATA,consulta externa,nuevas en personas de 5 a 14 anos,2005-06-01,42,27,42,27,69
AYATA,consulta externa,nuevas en personas de 5 a 14 anos,2005-06-01,48,53,48,53,101
AYO AYO,consulta externa,nuevas en personas de 5 a 14 anos,2005-06-01,19,14,19,14,33
AYOPAYA (V. DE INDEPENDENCIA),consulta externa,nuevas en personas de 5 a 14 anos,2005-06-01,94,101,94,101,195
AZURDUY,consulta externa,nuevas en personas de 5 a 14 anos,2005-06-01,64,83,64,83,147
BATALLAS,consulta externa,nuevas en personas de 5 a 14 anos,2005-06-01,69,75,69,75,144
BAURES,consulta externa,nuevas en personas de 5 a 14 anos,2005-06-01,39,43,39,43,82
BELEN DE ANDAMARCA,consulta externa,nuevas en personas de 5 a 14 anos,2005-06-01,6,4,6,4,10
BELEN DE URMIRI,consulta externa,nuevas en personas de 5 a 14 anos,2005-06-01,16,23,16,23,39
BELLA FLOR,consulta externa,nuevas en personas de 5 a 14 anos,2005-06-01,33,22,33,22,55
BERMEJO,consulta externa,nuevas en personas de 5 a 14 anos,2005-06-01,246,241,246,241,487
BETANZOS,consulta externa,nuevas en personas de 5 a 14 anos,2005-06-01,120,143,120,143,263
BOLIVAR,consulta externa,nuevas en personas de 5 a 14 anos,2005-06-01,12,17,12,17,29
BOLPEBRA,consulta externa,nuevas en personas de 5 a 14 anos,2005-06-01,16,12,16,12,28
BOYUIBE,consulta externa,nuevas en personas de 5 a 14 anos,2005-06-01,28,23,28,23,51
BUENA VISTA,consulta externa,nuevas en personas de 5 a 14 anos,2005-06-01,76,92,76,92,168
CABEZAS,consulta externa,nuevas en personas de 5 a 14 anos,2005-06-01,84,82,84,82,166
CAIROMA,consulta externa,nuevas en personas de 5 a 14 anos,2005-06-01,37,49,37,49,86
"CAIZA ""D""",consulta externa,nuevas en personas de 5 a 14 anos,2005-06-01,48,38,48,38,86
CAJUATA,consulta externa,nuevas en personas de 5 a 14 anos,2005-06-01,42,27,42,27,69
CALACOTO,consulta externa,nuevas en personas de 5 a 14 anos,2005-06-01,10,10,10,10,20
CALAMARCA,consulta externa,nuevas en personas de 5 a 14 anos,2005-06-01,12,10,12,10,22
CAMARGO,consulta externa,nuevas en personas de 5 a 14 anos,2005-06-01,93,114,93,114,207
CAMATAQUI (C. VILLA ABECIA),consulta externa,nuevas en personas de 5 a 14 anos,2005-06-01,10,11,10,11,21
CAMIRI,consulta externa,nuevas en personas de 5 a 14 anos,2005-06-01,273,428,273,428,701
CAPINOTA,consulta externa,nuevas en personas de 5 a 14 anos,2005-06-01,109,124,109,124,233
CAQUIAVIRI,consulta externa,nuevas en personas de 5 a 14 anos,2005-06-01,30,17,30,17,47
CARACOLLO,consulta externa,nuevas en personas de 5 a 14 anos,2005-06-01,48,49,48,49,97
CARANAVI,consulta externa,nuevas en personas de 5 a 14 anos,2005-06-01,273,228,273,228,501
CARANGAS,consulta externa,nuevas en personas de 5 a 14 anos,2005-06-01,1,0,1,0,1
CARAPARI,consulta externa,nuevas en personas de 5 a 14 anos,2005-06-01,111,114,111,114,225
CARIPUYO,consulta externa,nuevas en personas de 5 a 14 anos,2005-06-01,19,20,19,20,39
CARMEN RIVERO TORREZ,consulta externa,nuevas en personas de 5 a 14 anos,2005-06-01,5,0,5,0,5
CATACORA,consulta externa,nuevas en personas de 5 a 14 anos,2005-06-01,6,0,6,0,6
CHACARILLA,consulta externa,nuevas en personas de 5 a 14 anos,2005-06-01,0,1,0,1,1
CHALLAPATA,consulta externa,nuevas en personas de 5 a 14 anos,2005-06-01,126,133,126,133,259
CHAQUI,consulta externa,nuevas en personas de 5 a 14 anos,2005-06-01,23,26,23,26,49
CHARAGUA,consulta externa,nuevas en personas de 5 a 14 anos,2005-06-01,79,103,79,103,182
CHARAÑA,consulta externa,nuevas en personas de 5 a 14 anos,2005-06-01,8,13,8,13,21
CHAYANTA,consulta externa,nuevas en personas de 5 a 14 anos,2005-06-01,60,51,60,51,111
CHIMORE,consulta externa,nuevas en personas de 5 a 14 anos,2005-06-01,63,70,63,70,133
CHIPAYA,consulta externa,nuevas en personas de 5 a 14 anos,2005-06-01,9,15,9,15,24
CHOQUE COTA,consulta externa,nuevas en personas de 5 a 14 anos,2005-06-01,1,2,1,2,3
CHULUMANI (V. DE LA LIBERTAD),consulta externa,nuevas en personas de 5 a 14 anos,2005-06-01,68,84,68,84,152
CHUMA,consulta externa,nuevas en personas de 5 a 14 anos,2005-06-01,55,36,55,36,91
CLIZA,consulta externa,nuevas en personas de 5 a 14 anos,2005-06-01,34,38,34,38,72
COBIJA,consulta externa,nuevas en personas de 5 a 14 anos,2005-06-01,164,151,164,151,315
COCHABAMBA,consulta externa,nuevas en personas de 5 a 14 anos,2005-06-01,3675,3604,3675,3604,7279
COIPASA,consulta externa,nuevas en personas de 5 a 14 anos,2005-06-01,4,3,4,3,7
COLCAPIRHUA,consulta externa,nuevas en personas de 5 a 14 anos,2005-06-01,87,128,87,128,215
"COLCHA ""K""",consulta externa,nuevas en personas de 5 a 14 anos,2005-06-01,86,91,86,91,177
COLLANA,consulta externa,nuevas en personas de 5 a 14 anos,2005-06-01,10,18,10,18,28
COLOMI,consulta externa,nuevas en personas de 5 a 14 anos,2005-06-01,35,28,35,28,63
COLPA BELGICA,consulta externa,nuevas en personas de 5 a 14 anos,2005-06-01,29,31,29,31,60
COLQUECHACA,consulta externa,nuevas en personas de 5 a 14 anos,2005-06-01,61,71,61,71,132
COLQUENCHA,consulta externa,nuevas en personas de 5 a 14 anos,2005-06-01,21,15,21,15,36
COLQUIRI,consulta externa,nuevas en personas de 5 a 14 anos,2005-06-01,46,40,46,40,86
COMANCHE,consulta externa,nuevas en personas de 5 a 14 anos,2005-06-01,9,12,9,12,21
COMARAPA,consulta externa,nuevas en personas de 5 a 14 anos,2005-06-01,68,74,68,74,142
COMBAYA,consulta externa,nuevas en personas de 5 a 14 anos,2005-06-01,6,14,6,14,20
CONCEPCION,consulta externa,nuevas en personas de 5 a 14 anos,2005-06-01,37,30,37,30,67
COPACABANA,consulta externa,nuevas en personas de 5 a 14 anos,2005-06-01,10,9,10,9,19
CORIPATA,consulta externa,nuevas en personas de 5 a 14 anos,2005-06-01,59,59,59,59,118
CORO CORO,consulta externa,nuevas en personas de 5 a 14 anos,2005-06-01,22,20,22,20,42
COROICO,consulta externa,nuevas en personas de 5 a 14 anos,2005-06-01,54,54,54,54,108
CORQUE,consulta externa,nuevas en personas de 5 a 14 anos,2005-06-01,38,52,38,52,90
COTAGAITA,consulta externa,nuevas en personas de 5 a 14 anos,2005-06-01,235,305,235,305,540
COTOCA,consulta externa,nuevas en personas de 5 a 14 anos,2005-06-01,45,46,45,46,91
CUATRO CAÑADAS,consulta externa,nuevas en personas de 5 a 14 anos,2005-06-01,53,52,53,52,105
CUCHUMUELA (V. G. VILLARROEL),consulta externa,nuevas en personas de 5 a 14 anos,2005-06-01,5,3,5,3,8
CUEVO,consulta externa,nuevas en personas de 5 a 14 anos,2005-06-01,36,55,36,55,91
CULPINA,consulta externa,nuevas en personas de 5 a 14 anos,2005-06-01,66,60,66,60,126
CURAHUARA DE CARANGAS,consulta externa,nuevas en personas de 5 a 14 anos,2005-06-01,28,31,28,31,59
CURVA,consulta externa,nuevas en personas de 5 a 14 anos,2005-06-01,9,6,9,6,15
DESAGUADERO,consulta externa,nuevas en personas de 5 a 14 anos,2005-06-01,9,14,9,14,23
EL ALTO,consulta externa,nuevas en personas de 5 a 14 anos,2005-06-01,3844,4264,3844,4264,8108
EL CHORO,consulta externa,nuevas en personas de 5 a 14 anos,2005-06-01,14,19,14,19,33
EL PUENTE(STC),consulta externa,nuevas en personas de 5 a 14 anos,2005-06-01,39,36,39,36,75
EL PUENTE(TJA),consulta externa,nuevas en personas de 5 a 14 anos,2005-06-01,36,42,36,42,78
EL TORNO,consulta externa,nuevas en personas de 5 a 14 anos,2005-06-01,244,245,244,245,489
EL VILLAR,consulta externa,nuevas en personas de 5 a 14 anos,2005-06-01,28,37,28,37,65
ENTRE RIOS,consulta externa,nuevas en personas de 5 a 14 anos,2005-06-01,134,161,134,161,295
ENTRE RIOS,consulta externa,nuevas en personas de 5 a 14 anos,2005-06-01,40,46,40,46,86
ESCARA,consulta externa,nuevas en personas de 5 a 14 anos,2005-06-01,1,1,1,1,2
EUCALIPTUS,consulta externa,nuevas en personas de 5 a 14 anos,2005-06-01,17,25,17,25,42
EUREKA (SANTOS MERCADO),consulta externa,nuevas en personas de 5 a 14 anos,2005-06-01,0,5,0,5,5
EXALTACION,consulta externa,nuevas en personas de 5 a 14 anos,2005-06-01,18,20,18,20,38
FERNANDEZ ALONSO,consulta externa,nuevas en personas de 5 a 14 anos,2005-06-01,54,67,54,67,121
FILADELFIA,consulta externa,nuevas en personas de 5 a 14 anos,2005-06-01,15,12,15,12,27
GENERAL SAAVEDRA,consulta externa,nuevas en personas de 5 a 14 anos,2005-06-01,69,87,69,87,156
GRAL. J.J. PEREZ (CHARAZANI),consulta externa,nuevas en personas de 5 a 14 anos,2005-06-01,27,22,27,22,49
GUANAY,consulta externa,nuevas en personas de 5 a 14 anos,2005-06-01,97,54,97,54,151
GUAQUI,consulta externa,nuevas en personas de 5 a 14 anos,2005-06-01,14,7,14,7,21
GUAYARAMERIN,consulta externa,nuevas en personas de 5 a 14 anos,2005-06-01,250,264,250,264,514
GUTIERREZ,consulta externa,nuevas en personas de 5 a 14 anos,2005-06-01,92,127,92,127,219
HUACARETA,consulta externa,nuevas en personas de 5 a 14 anos,2005-06-01,79,88,79,88,167
HUACAYA (VILLA DE HUACAYA),consulta externa,nuevas en personas de 5 a 14 anos,2005-06-01,9,26,9,26,35
HUACHACALLA,consulta externa,nuevas en personas de 5 a 14 anos,2005-06-01,2,3,2,3,5
HUANUNI,consulta externa,nuevas en personas de 5 a 14 anos,2005-06-01,234,269,234,269,503
HUARACAJE,consulta externa,nuevas en personas de 5 a 14 anos,2005-06-01,7,9,7,9,16
HUAYLLAMARCA,consulta externa,nuevas en personas de 5 a 14 anos,2005-06-01,7,4,7,4,11
ICHOCA,consulta externa,nuevas en personas de 5 a 14 anos,2005-06-01,14,11,14,11,25
ICLA,consulta externa,nuevas en personas de 5 a 14 anos,2005-06-01,26,46,26,46,72
INCAHUASI,consulta externa,nuevas en personas de 5 a 14 anos,2005-06-01,65,59,65,59,124
INGAVI (HUMAITA),consulta externa,nuevas en personas de 5 a 14 anos,2005-06-01,10,6,10,6,16
INQUISIVI,consulta externa,nuevas en personas de 5 a 14 anos,2005-06-01,34,18,34,18,52
IRUPANA (VILLA DE LANZA),consulta externa,nuevas en personas de 5 a 14 anos,2005-06-01,73,76,73,76,149
IXIAMAS,consulta externa,nuevas en personas de 5 a 14 anos,2005-06-01,28,43,28,43,71
JESUS DE MACHACA,consulta externa,nuevas en personas de 5 a 14 anos,2005-06-01,29,33,29,33,62
LA ASUNTA,consulta externa,nuevas en personas de 5 a 14 anos,2005-06-01,69,73,69,73,142
LA GUARDIA,consulta externa,nuevas en personas de 5 a 14 anos,2005-06-01,78,95,78,95,173
LA PAZ,consulta externa,nuevas en personas de 5 a 14 anos,2005-06-01,4309,4002,4309,4002,8311
LA RIVERA,consulta externa,nuevas en personas de 5 a 14 anos,2005-06-01,4,3,4,3,7
LAGUNILLAS,consulta externa,nuevas en personas de 5 a 14 anos,2005-06-01,27,50,27,50,77
LAJA,consulta externa,nuevas en personas de 5 a 14 anos,2005-06-01,28,14,28,14,42
LAS CARRERAS,consulta externa,nuevas en personas de 5 a 14 anos,2005-06-01,14,23,14,23,37
LICOMA PAMPA,consulta externa,nuevas en personas de 5 a 14 anos,2005-06-01,3,6,3,6,9
LLALLAGUA,consulta externa,nuevas en personas de 5 a 14 anos,2005-06-01,119,102,119,102,221
LLICA,consulta externa,nuevas en personas de 5 a 14 anos,2005-06-01,48,58,48,58,106
LORETO,consulta externa,nuevas en personas de 5 a 14 anos,2005-06-01,16,17,16,17,33
LURIBAY,consulta externa,nuevas en personas de 5 a 14 anos,2005-06-01,33,42,33,42,75
MACHACAMARCA,consulta externa,nuevas en personas de 5 a 14 anos,2005-06-01,30,21,30,21,51
MACHARETI,consulta externa,nuevas en personas de 5 a 14 anos,2005-06-01,101,126,101,126,227
MAGDALENA,consulta externa,nuevas en personas de 5 a 14 anos,2005-06-01,60,77,60,77,137
MAIRANA,consulta externa,nuevas en personas de 5 a 14 anos,2005-06-01,26,31,26,31,57
MALLA,consulta externa,nuevas en personas de 5 a 14 anos,2005-06-01,22,29,22,29,51
MAPIRI,consulta externa,nuevas en personas de 5 a 14 anos,2005-06-01,43,52,43,52,95
MECAPACA,consulta externa,nuevas en personas de 5 a 14 anos,2005-06-01,56,45,56,45,101
MINEROS,consulta externa,nuevas en personas de 5 a 14 anos,2005-06-01,23,30,23,30,53
MIZQUE,consulta externa,nuevas en personas de 5 a 14 anos,2005-06-01,44,34,44,34,78
MOCOMOCO,consulta externa,nuevas en personas de 5 a 14 anos,2005-06-01,37,31,37,31,68
MOJINETE,consulta externa,nuevas en personas de 5 a 14 anos,2005-06-01,8,7,8,7,15
MOJOCOYA,consulta externa,nuevas en personas de 5 a 14 anos,2005-06-01,41,40,41,40,81
MONTEAGUDO,consulta externa,nuevas en personas de 5 a 14 anos,2005-06-01,240,306,240,306,546
MONTERO,consulta externa,nuevas en personas de 5 a 14 anos,2005-06-01,487,462,487,462,949
MORO MORO,consulta externa,nuevas en personas de 5 a 14 anos,2005-06-01,14,14,14,14,28
MOROCHATA,consulta externa,nuevas en personas de 5 a 14 anos,2005-06-01,25,25,25,25,50
NACEBE (SANTA ROSA DEL ABUNA),consulta externa,nuevas en personas de 5 a 14 anos,2005-06-01,25,17,25,17,42
NAZACARA DE PACAJES,consulta externa,nuevas en personas de 5 a 14 anos,2005-06-01,1,0,1,0,1
NUEVO MANOA (NUEVA ESPERANZA),consulta externa,nuevas en personas de 5 a 14 anos,2005-06-01,5,11,5,11,16
OCURI,consulta externa,nuevas en personas de 5 a 14 anos,2005-06-01,35,47,35,47,82
OKINAWA,consulta externa,nuevas en personas de 5 a 14 anos,2005-06-01,117,88,117,88,205
OMEREQUE,consulta externa,nuevas en personas de 5 a 14 anos,2005-06-01,48,39,48,39,87
ORURO,consulta externa,nuevas en personas de 5 a 14 anos,2005-06-01,2274,2225,2274,2225,4499
PADCAYA,consulta externa,nuevas en personas de 5 a 14 anos,2005-06-01,222,189,222,189,411
PADILLA,consulta externa,nuevas en personas de 5 a 14 anos,2005-06-01,88,88,88,88,176
PAILON,consulta externa,nuevas en personas de 5 a 14 anos,2005-06-01,46,54,46,54,100
PALCA,consulta externa,nuevas en personas de 5 a 14 anos,2005-06-01,30,28,30,28,58
PALOS BLANCOS,consulta externa,nuevas en personas de 5 a 14 anos,2005-06-01,212,183,212,183,395
PAMPA AULLAGAS,consulta externa,nuevas en personas de 5 a 14 anos,2005-06-01,7,13,7,13,20
PAMPA GRANDE,consulta externa,nuevas en personas de 5 a 14 anos,2005-06-01,34,43,34,43,77
PAPEL PAMPA,consulta externa,nuevas en personas de 5 a 14 anos,2005-06-01,20,15,20,15,35
PASORAPA,consulta externa,nuevas en personas de 5 a 14 anos,2005-06-01,10,10,10,10,20
PATACAMAYA,consulta externa,nuevas en personas de 5 a 14 anos,2005-06-01,27,34,27,34,61
PAZÑA,consulta externa,nuevas en personas de 5 a 14 anos,2005-06-01,38,58,38,58,96
PELECHUCO,consulta externa,nuevas en personas de 5 a 14 anos,2005-06-01,40,34,40,34,74
POCOATA,consulta externa,nuevas en personas de 5 a 14 anos,2005-06-01,56,51,56,51,107
POCONA,consulta externa,nuevas en personas de 5 a 14 anos,2005-06-01,50,45,50,45,95
POJO (CBBA),consulta externa,nuevas en personas de 5 a 14 anos,2005-06-01,20,17,20,17,37
POOPO,consulta externa,nuevas en personas de 5 a 14 anos,2005-06-01,37,17,37,17,54
PORCO,consulta externa,nuevas en personas de 5 a 14 anos,2005-06-01,28,32,28,32,60
POROMA,consulta externa,nuevas en personas de 5 a 14 anos,2005-06-01,78,73,78,73,151
PORONGO,consulta externa,nuevas en personas de 5 a 14 anos,2005-06-01,75,81,75,81,156
PORTACHUELO,consulta externa,nuevas en personas de 5 a 14 anos,2005-06-01,116,104,116,104,220
PORVENIR,consulta externa,nuevas en personas de 5 a 14 anos,2005-06-01,18,22,18,22,40
POSTRER VALLE,consulta externa,nuevas en personas de 5 a 14 anos,2005-06-01,8,17,8,17,25
POTOSI,consulta externa,nuevas en personas de 5 a 14 anos,2005-06-01,919,845,919,845,1764
PRESTO,consulta externa,nuevas en personas de 5 a 14 anos,2005-06-01,30,24,30,24,54
PUCARA,consulta externa,nuevas en personas de 5 a 14 anos,2005-06-01,10,13,10,13,23
PUCARANI,consulta externa,nuevas en personas de 5 a 14 anos,2005-06-01,26,39,26,39,65
PUERTO ACOSTA,consulta externa,nuevas en personas de 5 a 14 anos,2005-06-01,45,38,45,38,83
PUERTO CARABUCO,consulta externa,nuevas en personas de 5 a 14 anos,2005-06-01,45,20,45,20,65
PUERTO GONZALO MORENO,consulta externa,nuevas en personas de 5 a 14 anos,2005-06-01,36,37,36,37,73
PUERTO PEREZ,consulta externa,nuevas en personas de 5 a 14 anos,2005-06-01,19,20,19,20,39
PUERTO QUIJARRO,consulta externa,nuevas en personas de 5 a 14 anos,2005-06-01,79,84,79,84,163
PUERTO RICO,consulta externa,nuevas en personas de 5 a 14 anos,2005-06-01,79,108,79,108,187
PUERTO SILES,consulta externa,nuevas en personas de 5 a 14 anos,2005-06-01,1,0,1,0,1
PUERTO SUAREZ,consulta externa,nuevas en personas de 5 a 14 anos,2005-06-01,107,133,107,133,240
PUERTO VILLARROEL,consulta externa,nuevas en personas de 5 a 14 anos,2005-06-01,167,163,167,163,330
PUNA,consulta externa,nuevas en personas de 5 a 14 anos,2005-06-01,138,116,138,116,254
PUNATA,consulta externa,nuevas en personas de 5 a 14 anos,2005-06-01,115,79,115,79,194
QUIABAYA,consulta externa,nuevas en personas de 5 a 14 anos,2005-06-01,12,7,12,7,19
QUILLACOLLO,consulta externa,nuevas en personas de 5 a 14 anos,2005-06-01,188,187,188,187,375
QUIME,consulta externa,nuevas en personas de 5 a 14 anos,2005-06-01,30,36,30,36,66
QUIRUSILLAS,consulta externa,nuevas en personas de 5 a 14 anos,2005-06-01,12,6,12,6,18
RAVELO,consulta externa,nuevas en personas de 5 a 14 anos,2005-06-01,49,51,49,51,100
REYES,consulta externa,nuevas en personas de 5 a 14 anos,2005-06-01,56,42,56,42,98
RIBERALTA,consulta externa,nuevas en personas de 5 a 14 anos,2005-06-01,186,184,186,184,370
ROBORE,consulta externa,nuevas en personas de 5 a 14 anos,2005-06-01,116,79,116,79,195
RURRENABAQUE,consulta externa,nuevas en personas de 5 a 14 anos,2005-06-01,83,77,83,77,160
SABAYA,consulta externa,nuevas en personas de 5 a 14 anos,2005-06-01,21,15,21,15,36
SACABA,consulta externa,nuevas en personas de 5 a 14 anos,2005-06-01,210,165,210,165,375
SACABAMBA,consulta externa,nuevas en personas de 5 a 14 anos,2005-06-01,44,14,44,14,58
SACACA,consulta externa,nuevas en personas de 5 a 14 anos,2005-06-01,82,80,82,80,162
SAIPINA,consulta externa,nuevas en personas de 5 a 14 anos,2005-06-01,27,21,27,21,48
SALINAS DE GARCI MENDOZA,consulta externa,nuevas en personas de 5 a 14 anos,2005-06-01,72,62,72,62,134
SAMAIPATA,consulta externa,nuevas en personas de 5 a 14 anos,2005-06-01,40,30,40,30,70
SAN AGUSTIN,consulta externa,nuevas en personas de 5 a 14 anos,2005-06-01,11,9,11,9,20
SAN ANDRES,consulta externa,nuevas en personas de 5 a 14 anos,2005-06-01,45,57,45,57,102
SAN ANDRES DE MACHACA,consulta externa,nuevas en personas de 5 a 14 anos,2005-06-01,19,7,19,7,26
SAN ANTONIO DE ESMORUCO,consulta externa,nuevas en personas de 5 a 14 anos,2005-06-01,16,19,16,19,35
SAN ANTONIO DE LOMERIO,consulta externa,nuevas en personas de 5 a 14 anos,2005-06-01,33,10,33,10,43
SAN BENITO,consulta externa,nuevas en personas de 5 a 14 anos,2005-06-01,21,35,21,35,56
SAN BORJA,consulta externa,nuevas en personas de 5 a 14 anos,2005-06-01,92,94,92,94,186
SAN BUENA VENTURA,consulta externa,nuevas en personas de 5 a 14 anos,2005-06-01,50,56,50,56,106
SAN CARLOS,consulta externa,nuevas en personas de 5 a 14 anos,2005-06-01,82,103,82,103,185
SAN IGNACIO,consulta externa,nuevas en personas de 5 a 14 anos,2005-06-01,118,171,118,171,289
SAN IGNACIO DE VELASCO,consulta externa,nuevas en personas de 5 a 14 anos,2005-06-01,223,260,223,260,483
SAN JAVIER(BNI),consulta externa,nuevas en personas de 5 a 14 anos,2005-06-01,34,32,34,32,66
SAN JAVIER(STC),consulta externa,nuevas en personas de 5 a 14 anos,2005-06-01,19,21,19,21,40
SAN JOAQUIN,consulta externa,nuevas en personas de 5 a 14 anos,2005-06-01,24,32,24,32,56
SAN JOSE DE CHIQUITOS,consulta externa,nuevas en personas de 5 a 14 anos,2005-06-01,112,134,112,134,246
SAN JUAN DE YAPACANI,consulta externa,nuevas en personas de 5 a 14 anos,2005-06-01,48,47,48,47,95
SAN JULIAN,consulta externa,nuevas en personas de 5 a 14 anos,2005-06-01,139,129,139,129,268
SAN LORENZO(PND),consulta externa,nuevas en personas de 5 a 14 anos,2005-06-01,14,17,14,17,31
SAN LORENZO(TJA),consulta externa,nuevas en personas de 5 a 14 anos,2005-06-01,217,218,217,218,435
SAN LUCAS,consulta externa,nuevas en personas de 5 a 14 anos,2005-06-01,111,137,111,137,248
SAN MATIAS,consulta externa,nuevas en personas de 5 a 14 anos,2005-06-01,37,52,37,52,89
SAN MIGUEL DE VELASCO,consulta externa,nuevas en personas de 5 a 14 anos,2005-06-01,55,39,55,39,94
SAN PABLO DE LIPEZ,consulta externa,nuevas en personas de 5 a 14 anos,2005-06-01,49,30,49,30,79
SAN PEDRO,consulta externa,nuevas en personas de 5 a 14 anos,2005-06-01,115,109,115,109,224
SAN PEDRO DE BUENA VISTA,consulta externa,nuevas en personas de 5 a 14 anos,2005-06-01,52,51,52,51,103
SAN PEDRO DE CURAHUARA,consulta externa,nuevas en personas de 5 a 14 anos,2005-06-01,38,29,38,29,67
SAN PEDRO DE QUEMES,consulta externa,nuevas en personas de 5 a 14 anos,2005-06-01,1,1,1,1,2
SAN PEDRO DE TIQUINA,consulta externa,nuevas en personas de 5 a 14 anos,2005-06-01,8,6,8,6,14
SAN PEDRO(PND),consulta externa,nuevas en personas de 5 a 14 anos,2005-06-01,11,10,11,10,21
SAN RAFAEL,consulta externa,nuevas en personas de 5 a 14 anos,2005-06-01,38,45,38,45,83
SAN RAMON,consulta externa,nuevas en personas de 5 a 14 anos,2005-06-01,9,29,9,29,38
SAN RAMON,consulta externa,nuevas en personas de 5 a 14 anos,2005-06-01,43,45,43,45,88
SANTA ANA,consulta externa,nuevas en personas de 5 a 14 anos,2005-06-01,60,44,60,44,104
SANTA CRUZ DE LA SIERRA,consulta externa,nuevas en personas de 5 a 14 anos,2005-06-01,8656,9335,8656,9335,17991
SANTA ROSA,consulta externa,nuevas en personas de 5 a 14 anos,2005-06-01,20,20,20,20,40
SANTA ROSA DEL SARA,consulta externa,nuevas en personas de 5 a 14 anos,2005-06-01,61,62,61,62,123
SANTIAGO DE CALLAPA,consulta externa,nuevas en personas de 5 a 14 anos,2005-06-01,53,50,53,50,103
SANTIAGO DE HUARI,consulta externa,nuevas en personas de 5 a 14 anos,2005-06-01,35,29,35,29,64
SANTIAGO DE MACHACA,consulta externa,nuevas en personas de 5 a 14 anos,2005-06-01,4,3,4,3,7
SANTIVAÑES,consulta externa,nuevas en personas de 5 a 14 anos,2005-06-01,30,31,30,31,61
SANTUARIO DE QUILLACAS,consulta externa,nuevas en personas de 5 a 14 anos,2005-06-01,3,3,3,3,6
SAPAHAQUI,consulta externa,nuevas en personas de 5 a 14 anos,2005-06-01,26,30,26,30,56
SENA,consulta externa,nuevas en personas de 5 a 14 anos,2005-06-01,10,11,10,11,21
SICA SICA (VILLA AROMA),consulta externa,nuevas en personas de 5 a 14 anos,2005-06-01,17,21,17,21,38
SICAYA,consulta externa,nuevas en personas de 5 a 14 anos,2005-06-01,13,12,13,12,25
SIPE SIPE,consulta externa,nuevas en personas de 5 a 14 anos,2005-06-01,47,37,47,37,84
SOPACHUY,consulta externa,nuevas en personas de 5 a 14 anos,2005-06-01,23,37,23,37,60
SORACACHI,consulta externa,nuevas en personas de 5 a 14 anos,2005-06-01,32,15,32,15,47
SORATA,consulta externa,nuevas en personas de 5 a 14 anos,2005-06-01,50,49,50,49,99
SUCRE,consulta externa,nuevas en personas de 5 a 14 anos,2005-06-01,2611,2566,2611,2566,5177
TACACHI,consulta externa,nuevas en personas de 5 a 14 anos,2005-06-01,9,17,9,17,26
TACACOMA,consulta externa,nuevas en personas de 5 a 14 anos,2005-06-01,20,17,20,17,37
TACOBAMBA,consulta externa,nuevas en personas de 5 a 14 anos,2005-06-01,38,40,38,40,78
TACOPAYA,consulta externa,nuevas en personas de 5 a 14 anos,2005-06-01,10,16,10,16,26
TAHUA,consulta externa,nuevas en personas de 5 a 14 anos,2005-06-01,5,8,5,8,13
TAPACARI,consulta externa,nuevas en personas de 5 a 14 anos,2005-06-01,51,67,51,67,118
TARABUCO,consulta externa,nuevas en personas de 5 a 14 anos,2005-06-01,48,50,48,50,98
TARACO,consulta externa,nuevas en personas de 5 a 14 anos,2005-06-01,11,7,11,7,18
TARATA,consulta externa,nuevas en personas de 5 a 14 anos,2005-06-01,32,30,32,30,62
TARIJA,consulta externa,nuevas en personas de 5 a 14 anos,2005-06-01,1634,1485,1634,1485,3119
TARVITA,consulta externa,nuevas en personas de 5 a 14 anos,2005-06-01,115,134,115,134,249
TEOPONTE,consulta externa,nuevas en personas de 5 a 14 anos,2005-06-01,50,45,50,45,95
TIAWANACU,consulta externa,nuevas en personas de 5 a 14 anos,2005-06-01,34,21,34,21,55
TINGUIPAYA,consulta externa,nuevas en personas de 5 a 14 anos,2005-06-01,37,40,37,40,77
TIPUANI,consulta externa,nuevas en personas de 5 a 14 anos,2005-06-01,18,13,18,13,31
TIQUIPAYA,consulta externa,nuevas en personas de 5 a 14 anos,2005-06-01,71,87,71,87,158
TIRAQUE (CBBA),consulta externa,nuevas en personas de 5 a 14 anos,2005-06-01,147,145,147,145,292
TITO YUPANQUI (PARQUIPUJIO),consulta externa,nuevas en personas de 5 a 14 anos,2005-06-01,12,9,12,9,21
TOCO,consulta externa,nuevas en personas de 5 a 14 anos,2005-06-01,3,5,3,5,8
TODOS SANTOS,consulta externa,nuevas en personas de 5 a 14 anos,2005-06-01,2,0,2,0,2
TOLATA,consulta externa,nuevas en personas de 5 a 14 anos,2005-06-01,9,14,9,14,23
TOLEDO,consulta externa,nuevas en personas de 5 a 14 anos,2005-06-01,50,36,50,36,86
TOMAVE,consulta externa,nuevas en personas de 5 a 14 anos,2005-06-01,34,45,34,45,79
TOMINA,consulta externa,nuevas en personas de 5 a 14 anos,2005-06-01,42,42,42,42,84
TORO TORO,consulta externa,nuevas en personas de 5 a 14 anos,2005-06-01,65,48,65,48,113
TOTORA(CBBA),consulta externa,nuevas en personas de 5 a 14 anos,2005-06-01,22,25,22,25,47
TOTORA(ORR),consulta externa,nuevas en personas de 5 a 14 anos,2005-06-01,20,14,20,14,34
TRIGAL,consulta externa,nuevas en personas de 5 a 14 anos,2005-06-01,4,7,4,7,11
TRINIDAD,consulta externa,nuevas en personas de 5 a 14 anos,2005-06-01,633,656,633,656,1289
TUPIZA,consulta externa,nuevas en personas de 5 a 14 anos,2005-06-01,701,812,701,812,1513
TURCO,consulta externa,nuevas en personas de 5 a 14 anos,2005-06-01,18,15,18,15,33
UMALA,consulta externa,nuevas en personas de 5 a 14 anos,2005-06-01,13,7,13,7,20
UNCIA,consulta externa,nuevas en personas de 5 a 14 anos,2005-06-01,107,133,107,133,240
URIONDO (A. CONCEPCION),consulta externa,nuevas en personas de 5 a 14 anos,2005-06-01,37,34,37,34,71
URUBICHA,consulta externa,nuevas en personas de 5 a 14 anos,2005-06-01,46,41,46,41,87
UYUNI,consulta externa,nuevas en personas de 5 a 14 anos,2005-06-01,111,118,111,118,229
VACAS,consulta externa,nuevas en personas de 5 a 14 anos,2005-06-01,87,66,87,66,153
VALLEGRANDE,consulta externa,nuevas en personas de 5 a 14 anos,2005-06-01,69,94,69,94,163
VIACHA,consulta externa,nuevas en personas de 5 a 14 anos,2005-06-01,121,106,121,106,227
VILA VILA,consulta externa,nuevas en personas de 5 a 14 anos,2005-06-01,7,3,7,3,10
VILLA MONTES,consulta externa,nuevas en personas de 5 a 14 anos,2005-06-01,235,258,235,258,493
VILLA NUEVA (LOMA ALTA),consulta externa,nuevas en personas de 5 a 14 anos,2005-06-01,5,10,5,10,15
VILLA RIVERO,consulta externa,nuevas en personas de 5 a 14 anos,2005-06-01,21,10,21,10,31
VILLA SERRANO,consulta externa,nuevas en personas de 5 a 14 anos,2005-06-01,35,29,35,29,64
VILLA TUNARI,consulta externa,nuevas en personas de 5 a 14 anos,2005-06-01,189,188,189,188,377
VILLA VACA GUZMAN (MUYUPAMPA),consulta externa,nuevas en personas de 5 a 14 anos,2005-06-01,100,107,100,107,207
VILLAZON,consulta externa,nuevas en personas de 5 a 14 anos,2005-06-01,199,244,199,244,443
VINTO,consulta externa,nuevas en personas de 5 a 14 anos,2005-06-01,36,43,36,43,79
VITICHI,consulta externa,nuevas en personas de 5 a 14 anos,2005-06-01,45,56,45,56,101
WALDO BALLIVIAN,consulta externa,nuevas en personas de 5 a 14 anos,2005-06-01,5,11,5,11,16
WARNES,consulta externa,nuevas en personas de 5 a 14 anos,2005-06-01,192,180,192,180,372
YACO,consulta externa,nuevas en personas de 5 a 14 anos,2005-06-01,14,13,14,13,27
YACUIBA,consulta externa,nuevas en personas de 5 a 14 anos,2005-06-01,498,505,498,505,1003
YAMPARAEZ,consulta externa,nuevas en personas de 5 a 14 anos,2005-06-01,23,33,23,33,56
YANACACHI,consulta externa,nuevas en personas de 5 a 14 anos,2005-06-01,54,43,54,43,97
YAPACANI,consulta externa,nuevas en personas de 5 a 14 anos,2005-06-01,129,121,129,121,250
YOCALLA,consulta externa,nuevas en personas de 5 a 14 anos,2005-06-01,25,25,25,25,50
YOTALA,consulta externa,nuevas en personas de 5 a 14 anos,2005-06-01,53,43,53,43,96
YUNCHARA,consulta externa,nuevas en personas de 5 a 14 anos,2005-06-01,192,165,192,165,357
ZUDAÑEZ,consulta externa,nuevas en personas de 5 a 14 anos,2005-06-01,56,37,56,37,93
ACACIO,consulta externa,nuevas en personas de 5 a 14 anos,2005-07-01,74,44,74,44,118
ACHACACHI,consulta externa,nuevas en personas de 5 a 14 anos,2005-07-01,89,95,89,95,184
ACHOCALLA,consulta externa,nuevas en personas de 5 a 14 anos,2005-07-01,23,8,23,8,31
AIQUILE,consulta externa,nuevas en personas de 5 a 14 anos,2005-07-01,144,121,144,121,265
ALALAY,consulta externa,nuevas en personas de 5 a 14 anos,2005-07-01,6,3,6,3,9
ALCALA,consulta externa,nuevas en personas de 5 a 14 anos,2005-07-01,12,11,12,11,23
ANCORAIMES,consulta externa,nuevas en personas de 5 a 14 anos,2005-07-01,17,22,17,22,39
ANDAMARCA,consulta externa,nuevas en personas de 5 a 14 anos,2005-07-01,15,5,15,5,20
ANTEQUERA,consulta externa,nuevas en personas de 5 a 14 anos,2005-07-01,7,3,7,3,10
ANZALDO,consulta externa,nuevas en personas de 5 a 14 anos,2005-07-01,21,22,21,22,43
APOLO,consulta externa,nuevas en personas de 5 a 14 anos,2005-07-01,110,111,110,111,221
ARAMPAMPA,consulta externa,nuevas en personas de 5 a 14 anos,2005-07-01,23,8,23,8,31
ARANI,consulta externa,nuevas en personas de 5 a 14 anos,2005-07-01,13,17,13,17,30
ARBIETO,consulta externa,nuevas en personas de 5 a 14 anos,2005-07-01,15,16,15,16,31
ARQUE,consulta externa,nuevas en personas de 5 a 14 anos,2005-07-01,31,22,31,22,53
ASCENCION DE GUARAYOS,consulta externa,nuevas en personas de 5 a 14 anos,2005-07-01,81,74,81,74,155
ATOCHA,consulta externa,nuevas en personas de 5 a 14 anos,2005-07-01,312,333,312,333,645
AUCAPATA,consulta externa,nuevas en personas de 5 a 14 anos,2005-07-01,25,35,25,35,60
AYATA,consulta externa,nuevas en personas de 5 a 14 anos,2005-07-01,18,33,18,33,51
AYO AYO,consulta externa,nuevas en personas de 5 a 14 anos,2005-07-01,6,3,6,3,9
AYOPAYA (V. DE INDEPENDENCIA),consulta externa,nuevas en personas de 5 a 14 anos,2005-07-01,66,60,66,60,126
AZURDUY,consulta externa,nuevas en personas de 5 a 14 anos,2005-07-01,56,50,56,50,106
BATALLAS,consulta externa,nuevas en personas de 5 a 14 anos,2005-07-01,32,47,32,47,79
BAURES,consulta externa,nuevas en personas de 5 a 14 anos,2005-07-01,24,23,24,23,47
BELEN DE ANDAMARCA,consulta externa,nuevas en personas de 5 a 14 anos,2005-07-01,5,2,5,2,7
BELEN DE URMIRI,consulta externa,nuevas en personas de 5 a 14 anos,2005-07-01,27,18,27,18,45
BELLA FLOR,consulta externa,nuevas en personas de 5 a 14 anos,2005-07-01,25,39,25,39,64
BERMEJO,consulta externa,nuevas en personas de 5 a 14 anos,2005-07-01,276,236,276,236,512
BETANZOS,consulta externa,nuevas en personas de 5 a 14 anos,2005-07-01,204,197,204,197,401
BOLIVAR,consulta externa,nuevas en personas de 5 a 14 anos,2005-07-01,22,29,22,29,51
BOLPEBRA,consulta externa,nuevas en personas de 5 a 14 anos,2005-07-01,9,10,9,10,19
BOYUIBE,consulta externa,nuevas en personas de 5 a 14 anos,2005-07-01,82,58,82,58,140
BUENA VISTA,consulta externa,nuevas en personas de 5 a 14 anos,2005-07-01,99,79,99,79,178
CABEZAS,consulta externa,nuevas en personas de 5 a 14 anos,2005-07-01,74,84,74,84,158
CAIROMA,consulta externa,nuevas en personas de 5 a 14 anos,2005-07-01,35,36,35,36,71
"CAIZA ""D""",consulta externa,nuevas en personas de 5 a 14 anos,2005-07-01,50,45,50,45,95
CAJUATA,consulta externa,nuevas en personas de 5 a 14 anos,2005-07-01,37,35,37,35,72
CALACOTO,consulta externa,nuevas en personas de 5 a 14 anos,2005-07-01,16,8,16,8,24
CALAMARCA,consulta externa,nuevas en personas de 5 a 14 anos,2005-07-01,22,25,22,25,47
CAMARGO,consulta externa,nuevas en personas de 5 a 14 anos,2005-07-01,111,127,111,127,238
CAMATAQUI (C. VILLA ABECIA),consulta externa,nuevas en personas de 5 a 14 anos,2005-07-01,16,29,16,29,45
CAMIRI,consulta externa,nuevas en personas de 5 a 14 anos,2005-07-01,650,658,650,658,1308
CAPINOTA,consulta externa,nuevas en personas de 5 a 14 anos,2005-07-01,95,84,95,84,179
CAQUIAVIRI,consulta externa,nuevas en personas de 5 a 14 anos,2005-07-01,43,41,43,41,84
CARACOLLO,consulta externa,nuevas en personas de 5 a 14 anos,2005-07-01,39,46,39,46,85
CARANAVI,consulta externa,nuevas en personas de 5 a 14 anos,2005-07-01,238,219,238,219,457
CARAPARI,consulta externa,nuevas en personas de 5 a 14 anos,2005-07-01,85,76,85,76,161
CARIPUYO,consulta externa,nuevas en personas de 5 a 14 anos,2005-07-01,75,17,75,17,92
CARMEN RIVERO TORREZ,consulta externa,nuevas en personas de 5 a 14 anos,2005-07-01,10,15,10,15,25
CATACORA,consulta externa,nuevas en personas de 5 a 14 anos,2005-07-01,8,5,8,5,13
CHACARILLA,consulta externa,nuevas en personas de 5 a 14 anos,2005-07-01,2,0,2,0,2
CHALLAPATA,consulta externa,nuevas en personas de 5 a 14 anos,2005-07-01,67,57,67,57,124
CHAQUI,consulta externa,nuevas en personas de 5 a 14 anos,2005-07-01,20,25,20,25,45
CHARAGUA,consulta externa,nuevas en personas de 5 a 14 anos,2005-07-01,138,132,138,132,270
CHARAÑA,consulta externa,nuevas en personas de 5 a 14 anos,2005-07-01,18,15,18,15,33
CHAYANTA,consulta externa,nuevas en personas de 5 a 14 anos,2005-07-01,38,50,38,50,88
CHIMORE,consulta externa,nuevas en personas de 5 a 14 anos,2005-07-01,185,99,185,99,284
CHIPAYA,consulta externa,nuevas en personas de 5 a 14 anos,2005-07-01,4,9,4,9,13
CHOQUE COTA,consulta externa,nuevas en personas de 5 a 14 anos,2005-07-01,1,2,1,2,3
CHULUMANI (V. DE LA LIBERTAD),consulta externa,nuevas en personas de 5 a 14 anos,2005-07-01,81,84,81,84,165
CHUMA,consulta externa,nuevas en personas de 5 a 14 anos,2005-07-01,65,58,65,58,123
CLIZA,consulta externa,nuevas en personas de 5 a 14 anos,2005-07-01,31,20,31,20,51
COBIJA,consulta externa,nuevas en personas de 5 a 14 anos,2005-07-01,160,134,160,134,294
COCHABAMBA,consulta externa,nuevas en personas de 5 a 14 anos,2005-07-01,3594,3465,3594,3465,7059
COIPASA,consulta externa,nuevas en personas de 5 a 14 anos,2005-07-01,2,6,2,6,8
COLCAPIRHUA,consulta externa,nuevas en personas de 5 a 14 anos,2005-07-01,128,123,128,123,251
"COLCHA ""K""",consulta externa,nuevas en personas de 5 a 14 anos,2005-07-01,79,99,79,99,178
COLLANA,consulta externa,nuevas en personas de 5 a 14 anos,2005-07-01,10,13,10,13,23
COLOMI,consulta externa,nuevas en personas de 5 a 14 anos,2005-07-01,48,27,48,27,75
COLPA BELGICA,consulta externa,nuevas en personas de 5 a 14 anos,2005-07-01,43,41,43,41,84
COLQUECHACA,consulta externa,nuevas en personas de 5 a 14 anos,2005-07-01,99,94,99,94,193
COLQUENCHA,consulta externa,nuevas en personas de 5 a 14 anos,2005-07-01,23,13,23,13,36
COLQUIRI,consulta externa,nuevas en personas de 5 a 14 anos,2005-07-01,43,46,43,46,89
COMANCHE,consulta externa,nuevas en personas de 5 a 14 anos,2005-07-01,20,21,20,21,41
COMARAPA,consulta externa,nuevas en personas de 5 a 14 anos,2005-07-01,93,89,93,89,182
COMBAYA,consulta externa,nuevas en personas de 5 a 14 anos,2005-07-01,13,8,13,8,21
CONCEPCION,consulta externa,nuevas en personas de 5 a 14 anos,2005-07-01,38,48,38,48,86
COPACABANA,consulta externa,nuevas en personas de 5 a 14 anos,2005-07-01,22,17,22,17,39
CORIPATA,consulta externa,nuevas en personas de 5 a 14 anos,2005-07-01,54,46,54,46,100
CORO CORO,consulta externa,nuevas en personas de 5 a 14 anos,2005-07-01,21,20,21,20,41
COROICO,consulta externa,nuevas en personas de 5 a 14 anos,2005-07-01,46,45,46,45,91
CORQUE,consulta externa,nuevas en personas de 5 a 14 anos,2005-07-01,36,36,36,36,72
COTAGAITA,consulta externa,nuevas en personas de 5 a 14 anos,2005-07-01,359,450,359,450,809
COTOCA,consulta externa,nuevas en personas de 5 a 14 anos,2005-07-01,56,64,56,64,120
CUATRO CAÑADAS,consulta externa,nuevas en personas de 5 a 14 anos,2005-07-01,60,62,60,62,122
CUCHUMUELA (V. G. VILLARROEL),consulta externa,nuevas en personas de 5 a 14 anos,2005-07-01,9,2,9,2,11
CUEVO,consulta externa,nuevas en personas de 5 a 14 anos,2005-07-01,48,50,48,50,98
CULPINA,consulta externa,nuevas en personas de 5 a 14 anos,2005-07-01,67,62,67,62,129
CURAHUARA DE CARANGAS,consulta externa,nuevas en personas de 5 a 14 anos,2005-07-01,28,27,28,27,55
CURVA,consulta externa,nuevas en personas de 5 a 14 anos,2005-07-01,7,3,7,3,10
DESAGUADERO,consulta externa,nuevas en personas de 5 a 14 anos,2005-07-01,22,16,22,16,38
EL ALTO,consulta externa,nuevas en personas de 5 a 14 anos,2005-07-01,5130,5447,5130,5447,10577
EL CHORO,consulta externa,nuevas en personas de 5 a 14 anos,2005-07-01,16,17,16,17,33
EL PUENTE(STC),consulta externa,nuevas en personas de 5 a 14 anos,2005-07-01,82,63,82,63,145
EL PUENTE(TJA),consulta externa,nuevas en personas de 5 a 14 anos,2005-07-01,45,48,45,48,93
EL TORNO,consulta externa,nuevas en personas de 5 a 14 anos,2005-07-01,239,247,239,247,486
EL VILLAR,consulta externa,nuevas en personas de 5 a 14 anos,2005-07-01,23,30,23,30,53
ENTRE RIOS,consulta externa,nuevas en personas de 5 a 14 anos,2005-07-01,126,177,126,177,303
ENTRE RIOS,consulta externa,nuevas en personas de 5 a 14 anos,2005-07-01,38,32,38,32,70
EUCALIPTUS,consulta externa,nuevas en personas de 5 a 14 anos,2005-07-01,6,12,6,12,18
EUREKA (SANTOS MERCADO),consulta externa,nuevas en personas de 5 a 14 anos,2005-07-01,7,10,7,10,17
EXALTACION,consulta externa,nuevas en personas de 5 a 14 anos,2005-07-01,13,19,13,19,32
FERNANDEZ ALONSO,consulta externa,nuevas en personas de 5 a 14 anos,2005-07-01,40,72,40,72,112
FILADELFIA,consulta externa,nuevas en personas de 5 a 14 anos,2005-07-01,11,12,11,12,23
GENERAL SAAVEDRA,consulta externa,nuevas en personas de 5 a 14 anos,2005-07-01,67,65,67,65,132
GRAL. J.J. PEREZ (CHARAZANI),consulta externa,nuevas en personas de 5 a 14 anos,2005-07-01,34,25,34,25,59
GUANAY,consulta externa,nuevas en personas de 5 a 14 anos,2005-07-01,51,57,51,57,108
GUAQUI,consulta externa,nuevas en personas de 5 a 14 anos,2005-07-01,5,9,5,9,14
GUAYARAMERIN,consulta externa,nuevas en personas de 5 a 14 anos,2005-07-01,247,370,247,370,617
GUTIERREZ,consulta externa,nuevas en personas de 5 a 14 anos,2005-07-01,87,130,87,130,217
HUACARETA,consulta externa,nuevas en personas de 5 a 14 anos,2005-07-01,76,63,76,63,139
HUACAYA (VILLA DE HUACAYA),consulta externa,nuevas en personas de 5 a 14 anos,2005-07-01,7,16,7,16,23
HUACHACALLA,consulta externa,nuevas en personas de 5 a 14 anos,2005-07-01,5,4,5,4,9
HUANUNI,consulta externa,nuevas en personas de 5 a 14 anos,2005-07-01,236,313,236,313,549
HUARACAJE,consulta externa,nuevas en personas de 5 a 14 anos,2005-07-01,9,8,9,8,17
HUAYLLAMARCA,consulta externa,nuevas en personas de 5 a 14 anos,2005-07-01,31,35,31,35,66
ICHOCA,consulta externa,nuevas en personas de 5 a 14 anos,2005-07-01,10,11,10,11,21
ICLA,consulta externa,nuevas en personas de 5 a 14 anos,2005-07-01,39,46,39,46,85
INCAHUASI,consulta externa,nuevas en personas de 5 a 14 anos,2005-07-01,68,84,68,84,152
INGAVI (HUMAITA),consulta externa,nuevas en personas de 5 a 14 anos,2005-07-01,2,2,2,2,4
INQUISIVI,consulta externa,nuevas en personas de 5 a 14 anos,2005-07-01,32,22,32,22,54
IRUPANA (VILLA DE LANZA),consulta externa,nuevas en personas de 5 a 14 anos,2005-07-01,73,68,73,68,141
IXIAMAS,consulta externa,nuevas en personas de 5 a 14 anos,2005-07-01,35,25,35,25,60
JESUS DE MACHACA,consulta externa,nuevas en personas de 5 a 14 anos,2005-07-01,37,30,37,30,67
LA ASUNTA,consulta externa,nuevas en personas de 5 a 14 anos,2005-07-01,83,86,83,86,169
LA GUARDIA,consulta externa,nuevas en personas de 5 a 14 anos,2005-07-01,136,127,136,127,263
LA PAZ,consulta externa,nuevas en personas de 5 a 14 anos,2005-07-01,4945,4769,4945,4769,9714
LA RIVERA,consulta externa,nuevas en personas de 5 a 14 anos,2005-07-01,0,1,0,1,1
LAGUNILLAS,consulta externa,nuevas en personas de 5 a 14 anos,2005-07-01,32,40,32,40,72
LAJA,consulta externa,nuevas en personas de 5 a 14 anos,2005-07-01,30,27,30,27,57
LAS CARRERAS,consulta externa,nuevas en personas de 5 a 14 anos,2005-07-01,27,32,27,32,59
LICOMA PAMPA,consulta externa,nuevas en personas de 5 a 14 anos,2005-07-01,2,4,2,4,6
LLALLAGUA,consulta externa,nuevas en personas de 5 a 14 anos,2005-07-01,125,99,125,99,224
LLICA,consulta externa,nuevas en personas de 5 a 14 anos,2005-07-01,30,37,30,37,67
LORETO,consulta externa,nuevas en personas de 5 a 14 anos,2005-07-01,14,12,14,12,26
LURIBAY,consulta externa,nuevas en personas de 5 a 14 anos,2005-07-01,18,30,18,30,48
MACHACAMARCA,consulta externa,nuevas en personas de 5 a 14 anos,2005-07-01,10,23,10,23,33
MACHARETI,consulta externa,nuevas en personas de 5 a 14 anos,2005-07-01,77,70,77,70,147
MAGDALENA,consulta externa,nuevas en personas de 5 a 14 anos,2005-07-01,54,62,54,62,116
MAIRANA,consulta externa,nuevas en personas de 5 a 14 anos,2005-07-01,19,17,19,17,36
MALLA,consulta externa,nuevas en personas de 5 a 14 anos,2005-07-01,45,61,45,61,106
MAPIRI,consulta externa,nuevas en personas de 5 a 14 anos,2005-07-01,56,58,56,58,114
MECAPACA,consulta externa,nuevas en personas de 5 a 14 anos,2005-07-01,40,47,40,47,87
MINEROS,consulta externa,nuevas en personas de 5 a 14 anos,2005-07-01,50,66,50,66,116
MIZQUE,consulta externa,nuevas en personas de 5 a 14 anos,2005-07-01,21,25,21,25,46
MOCOMOCO,consulta externa,nuevas en personas de 5 a 14 anos,2005-07-01,83,73,83,73,156
MOJINETE,consulta externa,nuevas en personas de 5 a 14 anos,2005-07-01,12,26,12,26,38
MOJOCOYA,consulta externa,nuevas en personas de 5 a 14 anos,2005-07-01,52,47,52,47,99
MONTEAGUDO,consulta externa,nuevas en personas de 5 a 14 anos,2005-07-01,307,320,307,320,627
MONTERO,consulta externa,nuevas en personas de 5 a 14 anos,2005-07-01,412,400,412,400,812
MORO MORO,consulta externa,nuevas en personas de 5 a 14 anos,2005-07-01,52,45,52,45,97
MOROCHATA,consulta externa,nuevas en personas de 5 a 14 anos,2005-07-01,24,36,24,36,60
NACEBE (SANTA ROSA DEL ABUNA),consulta externa,nuevas en personas de 5 a 14 anos,2005-07-01,14,7,14,7,21
NAZACARA DE PACAJES,consulta externa,nuevas en personas de 5 a 14 anos,2005-07-01,1,1,1,1,2
NUEVO MANOA (NUEVA ESPERANZA),consulta externa,nuevas en personas de 5 a 14 anos,2005-07-01,20,14,20,14,34
OCURI,consulta externa,nuevas en personas de 5 a 14 anos,2005-07-01,37,51,37,51,88
OKINAWA,consulta externa,nuevas en personas de 5 a 14 anos,2005-07-01,83,90,83,90,173
OMEREQUE,consulta externa,nuevas en personas de 5 a 14 anos,2005-07-01,17,17,17,17,34
ORURO,consulta externa,nuevas en personas de 5 a 14 anos,2005-07-01,1973,1931,1973,1931,3904
PADCAYA,consulta externa,nuevas en personas de 5 a 14 anos,2005-07-01,134,102,134,102,236
PADILLA,consulta externa,nuevas en personas de 5 a 14 anos,2005-07-01,97,77,97,77,174
PAILON,consulta externa,nuevas en personas de 5 a 14 anos,2005-07-01,91,99,91,99,190
PALCA,consulta externa,nuevas en personas de 5 a 14 anos,2005-07-01,28,47,28,47,75
PALOS BLANCOS,consulta externa,nuevas en personas de 5 a 14 anos,2005-07-01,105,82,105,82,187
PAMPA AULLAGAS,consulta externa,nuevas en personas de 5 a 14 anos,2005-07-01,6,0,6,0,6
PAMPA GRANDE,consulta externa,nuevas en personas de 5 a 14 anos,2005-07-01,29,24,29,24,53
PAPEL PAMPA,consulta externa,nuevas en personas de 5 a 14 anos,2005-07-01,33,39,33,39,72
PASORAPA,consulta externa,nuevas en personas de 5 a 14 anos,2005-07-01,5,1,5,1,6
PATACAMAYA,consulta externa,nuevas en personas de 5 a 14 anos,2005-07-01,14,22,14,22,36
PAZÑA,consulta externa,nuevas en personas de 5 a 14 anos,2005-07-01,22,29,22,29,51
PELECHUCO,consulta externa,nuevas en personas de 5 a 14 anos,2005-07-01,28,32,28,32,60
POCOATA,consulta externa,nuevas en personas de 5 a 14 anos,2005-07-01,76,75,76,75,151
POCONA,consulta externa,nuevas en personas de 5 a 14 anos,2005-07-01,39,56,39,56,95
POJO (CBBA),consulta externa,nuevas en personas de 5 a 14 anos,2005-07-01,22,31,22,31,53
POOPO,consulta externa,nuevas en personas de 5 a 14 anos,2005-07-01,18,16,18,16,34
PORCO,consulta externa,nuevas en personas de 5 a 14 anos,2005-07-01,43,31,43,31,74
POROMA,consulta externa,nuevas en personas de 5 a 14 anos,2005-07-01,92,67,92,67,159
PORONGO,consulta externa,nuevas en personas de 5 a 14 anos,2005-07-01,208,171,208,171,379
PORTACHUELO,consulta externa,nuevas en personas de 5 a 14 anos,2005-07-01,117,104,117,104,221
PORVENIR,consulta externa,nuevas en personas de 5 a 14 anos,2005-07-01,21,26,21,26,47
POSTRER VALLE,consulta externa,nuevas en personas de 5 a 14 anos,2005-07-01,13,14,13,14,27
POTOSI,consulta externa,nuevas en personas de 5 a 14 anos,2005-07-01,1420,2094,1420,2094,3514
PRESTO,consulta externa,nuevas en personas de 5 a 14 anos,2005-07-01,31,46,31,46,77
PUCARA,consulta externa,nuevas en personas de 5 a 14 anos,2005-07-01,9,8,9,8,17
PUCARANI,consulta externa,nuevas en personas de 5 a 14 anos,2005-07-01,44,50,44,50,94
PUERTO ACOSTA,consulta externa,nuevas en personas de 5 a 14 anos,2005-07-01,167,150,167,150,317
PUERTO CARABUCO,consulta externa,nuevas en personas de 5 a 14 anos,2005-07-01,52,83,52,83,135
PUERTO GONZALO MORENO,consulta externa,nuevas en personas de 5 a 14 anos,2005-07-01,26,36,26,36,62
PUERTO PEREZ,consulta externa,nuevas en personas de 5 a 14 anos,2005-07-01,24,30,24,30,54
PUERTO QUIJARRO,consulta externa,nuevas en personas de 5 a 14 anos,2005-07-01,76,82,76,82,158
PUERTO RICO,consulta externa,nuevas en personas de 5 a 14 anos,2005-07-01,44,54,44,54,98
PUERTO SILES,consulta externa,nuevas en personas de 5 a 14 anos,2005-07-01,11,23,11,23,34
PUERTO SUAREZ,consulta externa,nuevas en personas de 5 a 14 anos,2005-07-01,101,95,101,95,196
PUERTO VILLARROEL,consulta externa,nuevas en personas de 5 a 14 anos,2005-07-01,186,125,186,125,311
PUNA,consulta externa,nuevas en personas de 5 a 14 anos,2005-07-01,167,165,167,165,332
PUNATA,consulta externa,nuevas en personas de 5 a 14 anos,2005-07-01,123,94,123,94,217
QUIABAYA,consulta externa,nuevas en personas de 5 a 14 anos,2005-07-01,5,7,5,7,12
QUILLACOLLO,consulta externa,nuevas en personas de 5 a 14 anos,2005-07-01,218,199,218,199,417
QUIME,consulta externa,nuevas en personas de 5 a 14 anos,2005-07-01,24,16,24,16,40
QUIRUSILLAS,consulta externa,nuevas en personas de 5 a 14 anos,2005-07-01,3,5,3,5,8
RAVELO,consulta externa,nuevas en personas de 5 a 14 anos,2005-07-01,147,132,147,132,279
REYES,consulta externa,nuevas en personas de 5 a 14 anos,2005-07-01,65,64,65,64,129
RIBERALTA,consulta externa,nuevas en personas de 5 a 14 anos,2005-07-01,242,242,242,242,484
ROBORE,consulta externa,nuevas en personas de 5 a 14 anos,2005-07-01,133,108,133,108,241
RURRENABAQUE,consulta externa,nuevas en personas de 5 a 14 anos,2005-07-01,129,151,129,151,280
SABAYA,consulta externa,nuevas en personas de 5 a 14 anos,2005-07-01,12,8,12,8,20
SACABA,consulta externa,nuevas en personas de 5 a 14 anos,2005-07-01,207,183,207,183,390
SACABAMBA,consulta externa,nuevas en personas de 5 a 14 anos,2005-07-01,10,9,10,9,19
SACACA,consulta externa,nuevas en personas de 5 a 14 anos,2005-07-01,52,46,52,46,98
SAIPINA,consulta externa,nuevas en personas de 5 a 14 anos,2005-07-01,30,19,30,19,49
SALINAS DE GARCI MENDOZA,consulta externa,nuevas en personas de 5 a 14 anos,2005-07-01,62,63,62,63,125
SAMAIPATA,consulta externa,nuevas en personas de 5 a 14 anos,2005-07-01,98,128,98,128,226
SAN AGUSTIN,consulta externa,nuevas en personas de 5 a 14 anos,2005-07-01,11,10,11,10,21
SAN ANDRES,consulta externa,nuevas en personas de 5 a 14 anos,2005-07-01,66,63,66,63,129
SAN ANDRES DE MACHACA,consulta externa,nuevas en personas de 5 a 14 anos,2005-07-01,15,22,15,22,37
SAN ANTONIO DE ESMORUCO,consulta externa,nuevas en personas de 5 a 14 anos,2005-07-01,39,26,39,26,65
SAN ANTONIO DE LOMERIO,consulta externa,nuevas en personas de 5 a 14 anos,2005-07-01,13,16,13,16,29
SAN BENITO,consulta externa,nuevas en personas de 5 a 14 anos,2005-07-01,25,21,25,21,46
SAN BORJA,consulta externa,nuevas en personas de 5 a 14 anos,2005-07-01,106,101,106,101,207
SAN BUENA VENTURA,consulta externa,nuevas en personas de 5 a 14 anos,2005-07-01,30,31,30,31,61
SAN CARLOS,consulta externa,nuevas en personas de 5 a 14 anos,2005-07-01,56,61,56,61,117
SAN IGNACIO,consulta externa,nuevas en personas de 5 a 14 anos,2005-07-01,123,141,123,141,264
SAN IGNACIO DE VELASCO,consulta externa,nuevas en personas de 5 a 14 anos,2005-07-01,162,229,162,229,391
SAN JAVIER(BNI),consulta externa,nuevas en personas de 5 a 14 anos,2005-07-01,21,37,21,37,58
SAN JAVIER(STC),consulta externa,nuevas en personas de 5 a 14 anos,2005-07-01,43,27,43,27,70
SAN JOAQUIN,consulta externa,nuevas en personas de 5 a 14 anos,2005-07-01,24,33,24,33,57
SAN JOSE DE CHIQUITOS,consulta externa,nuevas en personas de 5 a 14 anos,2005-07-01,98,104,98,104,202
SAN JUAN DE YAPACANI,consulta externa,nuevas en personas de 5 a 14 anos,2005-07-01,427,369,427,369,796
SAN JULIAN,consulta externa,nuevas en personas de 5 a 14 anos,2005-07-01,217,181,217,181,398
SAN LORENZO(PND),consulta externa,nuevas en personas de 5 a 14 anos,2005-07-01,9,15,9,15,24
SAN LORENZO(TJA),consulta externa,nuevas en personas de 5 a 14 anos,2005-07-01,245,225,245,225,470
SAN LUCAS,consulta externa,nuevas en personas de 5 a 14 anos,2005-07-01,175,170,175,170,345
SAN MATIAS,consulta externa,nuevas en personas de 5 a 14 anos,2005-07-01,33,29,33,29,62
SAN MIGUEL DE VELASCO,consulta externa,nuevas en personas de 5 a 14 anos,2005-07-01,45,76,45,76,121
SAN PABLO DE LIPEZ,consulta externa,nuevas en personas de 5 a 14 anos,2005-07-01,28,30,28,30,58
SAN PEDRO,consulta externa,nuevas en personas de 5 a 14 anos,2005-07-01,125,109,125,109,234
SAN PEDRO DE BUENA VISTA,consulta externa,nuevas en personas de 5 a 14 anos,2005-07-01,68,66,68,66,134
SAN PEDRO DE CURAHUARA,consulta externa,nuevas en personas de 5 a 14 anos,2005-07-01,34,36,34,36,70
SAN PEDRO DE QUEMES,consulta externa,nuevas en personas de 5 a 14 anos,2005-07-01,2,1,2,1,3
SAN PEDRO DE TIQUINA,consulta externa,nuevas en personas de 5 a 14 anos,2005-07-01,9,5,9,5,14
SAN PEDRO(PND),consulta externa,nuevas en personas de 5 a 14 anos,2005-07-01,2,5,2,5,7
SAN RAFAEL,consulta externa,nuevas en personas de 5 a 14 anos,2005-07-01,45,63,45,63,108
SAN RAMON,consulta externa,nuevas en personas de 5 a 14 anos,2005-07-01,26,24,26,24,50
SAN RAMON,consulta externa,nuevas en personas de 5 a 14 anos,2005-07-01,40,45,40,45,85
SANTA ANA,consulta externa,nuevas en personas de 5 a 14 anos,2005-07-01,54,48,54,48,102
SANTA CRUZ DE LA SIERRA,consulta externa,nuevas en personas de 5 a 14 anos,2005-07-01,7826,8991,7826,8991,16817
SANTA ROSA,consulta externa,nuevas en personas de 5 a 14 anos,2005-07-01,52,45,52,45,97
SANTA ROSA DEL SARA,consulta externa,nuevas en personas de 5 a 14 anos,2005-07-01,69,67,69,67,136
SANTIAGO DE CALLAPA,consulta externa,nuevas en personas de 5 a 14 anos,2005-07-01,43,39,43,39,82
SANTIAGO DE HUARI,consulta externa,nuevas en personas de 5 a 14 anos,2005-07-01,24,25,24,25,49
SANTIAGO DE MACHACA,consulta externa,nuevas en personas de 5 a 14 anos,2005-07-01,7,8,7,8,15
SANTIVAÑES,consulta externa,nuevas en personas de 5 a 14 anos,2005-07-01,21,27,21,27,48
SANTUARIO DE QUILLACAS,consulta externa,nuevas en personas de 5 a 14 anos,2005-07-01,7,4,7,4,11
SAPAHAQUI,consulta externa,nuevas en personas de 5 a 14 anos,2005-07-01,46,51,46,51,97
SENA,consulta externa,nuevas en personas de 5 a 14 anos,2005-07-01,17,47,17,47,64
SICA SICA (VILLA AROMA),consulta externa,nuevas en personas de 5 a 14 anos,2005-07-01,73,55,73,55,128
SICAYA,consulta externa,nuevas en personas de 5 a 14 anos,2005-07-01,3,10,3,10,13
SIPE SIPE,consulta externa,nuevas en personas de 5 a 14 anos,2005-07-01,36,50,36,50,86
SOPACHUY,consulta externa,nuevas en personas de 5 a 14 anos,2005-07-01,36,20,36,20,56
SORACACHI,consulta externa,nuevas en personas de 5 a 14 anos,2005-07-01,32,17,32,17,49
SORATA,consulta externa,nuevas en personas de 5 a 14 anos,2005-07-01,37,43,37,43,80
SUCRE,consulta externa,nuevas en personas de 5 a 14 anos,2005-07-01,2596,2599,2596,2599,5195
TACACHI,consulta externa,nuevas en personas de 5 a 14 anos,2005-07-01,8,12,8,12,20
TACACOMA,consulta externa,nuevas en personas de 5 a 14 anos,2005-07-01,13,15,13,15,28
TACOBAMBA,consulta externa,nuevas en personas de 5 a 14 anos,2005-07-01,20,24,20,24,44
TACOPAYA,consulta externa,nuevas en personas de 5 a 14 anos,2005-07-01,26,19,26,19,45
TAHUA,consulta externa,nuevas en personas de 5 a 14 anos,2005-07-01,6,7,6,7,13
TAPACARI,consulta externa,nuevas en personas de 5 a 14 anos,2005-07-01,110,79,110,79,189
TARABUCO,consulta externa,nuevas en personas de 5 a 14 anos,2005-07-01,63,63,63,63,126
TARACO,consulta externa,nuevas en personas de 5 a 14 anos,2005-07-01,14,6,14,6,20
TARATA,consulta externa,nuevas en personas de 5 a 14 anos,2005-07-01,21,15,21,15,36
TARIJA,consulta externa,nuevas en personas de 5 a 14 anos,2005-07-01,1457,1458,1457,1458,2915
TARVITA,consulta externa,nuevas en personas de 5 a 14 anos,2005-07-01,128,130,128,130,258
TEOPONTE,consulta externa,nuevas en personas de 5 a 14 anos,2005-07-01,46,60,46,60,106
TIAWANACU,consulta externa,nuevas en personas de 5 a 14 anos,2005-07-01,51,55,51,55,106
TINGUIPAYA,consulta externa,nuevas en personas de 5 a 14 anos,2005-07-01,28,35,28,35,63
TIPUANI,consulta externa,nuevas en personas de 5 a 14 anos,2005-07-01,18,18,18,18,36
TIQUIPAYA,consulta externa,nuevas en personas de 5 a 14 anos,2005-07-01,66,87,66,87,153
TIRAQUE (CBBA),consulta externa,nuevas en personas de 5 a 14 anos,2005-07-01,135,119,135,119,254
TITO YUPANQUI (PARQUIPUJIO),consulta externa,nuevas en personas de 5 a 14 anos,2005-07-01,2,6,2,6,8
TOCO,consulta externa,nuevas en personas de 5 a 14 anos,2005-07-01,7,5,7,5,12
TODOS SANTOS,consulta externa,nuevas en personas de 5 a 14 anos,2005-07-01,0,1,0,1,1
TOLATA,consulta externa,nuevas en personas de 5 a 14 anos,2005-07-01,10,14,10,14,24
TOLEDO,consulta externa,nuevas en personas de 5 a 14 anos,2005-07-01,36,23,36,23,59
TOMAVE,consulta externa,nuevas en personas de 5 a 14 anos,2005-07-01,47,53,47,53,100
TOMINA,consulta externa,nuevas en personas de 5 a 14 anos,2005-07-01,44,47,44,47,91
TORO TORO,consulta externa,nuevas en personas de 5 a 14 anos,2005-07-01,22,40,22,40,62
TOTORA(CBBA),consulta externa,nuevas en personas de 5 a 14 anos,2005-07-01,24,35,24,35,59
TOTORA(ORR),consulta externa,nuevas en personas de 5 a 14 anos,2005-07-01,16,9,16,9,25
TRIGAL,consulta externa,nuevas en personas de 5 a 14 anos,2005-07-01,12,18,12,18,30
TRINIDAD,consulta externa,nuevas en personas de 5 a 14 anos,2005-07-01,471,492,471,492,963
TUPIZA,consulta externa,nuevas en personas de 5 a 14 anos,2005-07-01,822,892,822,892,1714
TURCO,consulta externa,nuevas en personas de 5 a 14 anos,2005-07-01,65,41,65,41,106
UMALA,consulta externa,nuevas en personas de 5 a 14 anos,2005-07-01,14,13,14,13,27
UNCIA,consulta externa,nuevas en personas de 5 a 14 anos,2005-07-01,124,156,124,156,280
URIONDO (A. CONCEPCION),consulta externa,nuevas en personas de 5 a 14 anos,2005-07-01,169,190,169,190,359
URUBICHA,consulta externa,nuevas en personas de 5 a 14 anos,2005-07-01,40,51,40,51,91
UYUNI,consulta externa,nuevas en personas de 5 a 14 anos,2005-07-01,70,115,70,115,185
VACAS,consulta externa,nuevas en personas de 5 a 14 anos,2005-07-01,41,30,41,30,71
VALLEGRANDE,consulta externa,nuevas en personas de 5 a 14 anos,2005-07-01,138,152,138,152,290
VIACHA,consulta externa,nuevas en personas de 5 a 14 anos,2005-07-01,131,188,131,188,319
VILA VILA,consulta externa,nuevas en personas de 5 a 14 anos,2005-07-01,5,7,5,7,12
VILLA MONTES,consulta externa,nuevas en personas de 5 a 14 anos,2005-07-01,147,140,147,140,287
VILLA NUEVA (LOMA ALTA),consulta externa,nuevas en personas de 5 a 14 anos,2005-07-01,22,16,22,16,38
VILLA RIVERO,consulta externa,nuevas en personas de 5 a 14 anos,2005-07-01,13,10,13,10,23
VILLA SERRANO,consulta externa,nuevas en personas de 5 a 14 anos,2005-07-01,47,54,47,54,101
VILLA TUNARI,consulta externa,nuevas en personas de 5 a 14 anos,2005-07-01,204,174,204,174,378
VILLA VACA GUZMAN (MUYUPAMPA),consulta externa,nuevas en personas de 5 a 14 anos,2005-07-01,82,83,82,83,165
VILLAZON,consulta externa,nuevas en personas de 5 a 14 anos,2005-07-01,207,229,207,229,436
VINTO,consulta externa,nuevas en personas de 5 a 14 anos,2005-07-01,34,27,34,27,61
VITICHI,consulta externa,nuevas en personas de 5 a 14 anos,2005-07-01,60,55,60,55,115
WALDO BALLIVIAN,consulta externa,nuevas en personas de 5 a 14 anos,2005-07-01,6,10,6,10,16
WARNES,consulta externa,nuevas en personas de 5 a 14 anos,2005-07-01,188,231,188,231,419
YACO,consulta externa,nuevas en personas de 5 a 14 anos,2005-07-01,22,31,22,31,53
YACUIBA,consulta externa,nuevas en personas de 5 a 14 anos,2005-07-01,571,571,571,571,1142
YAMPARAEZ,consulta externa,nuevas en personas de 5 a 14 anos,2005-07-01,39,36,39,36,75
YANACACHI,consulta externa,nuevas en personas de 5 a 14 anos,2005-07-01,74,74,74,74,148
YAPACANI,consulta externa,nuevas en personas de 5 a 14 anos,2005-07-01,155,162,155,162,317
YOCALLA,consulta externa,nuevas en personas de 5 a 14 anos,2005-07-01,32,28,32,28,60
YOTALA,consulta externa,nuevas en personas de 5 a 14 anos,2005-07-01,56,52,56,52,108
YUNCHARA,consulta externa,nuevas en personas de 5 a 14 anos,2005-07-01,12,13,12,13,25
ZUDAÑEZ,consulta externa,nuevas en personas de 5 a 14 anos,2005-07-01,36,32,36,32,68
ACACIO,consulta externa,nuevas en personas de 5 a 14 anos,2005-08-01,41,36,41,36,77
ACHACACHI,consulta externa,nuevas en personas de 5 a 14 anos,2005-08-01,116,92,116,92,208
ACHOCALLA,consulta externa,nuevas en personas de 5 a 14 anos,2005-08-01,23,24,23,24,47
AIQUILE,consulta externa,nuevas en personas de 5 a 14 anos,2005-08-01,109,100,109,100,209
ALALAY,consulta externa,nuevas en personas de 5 a 14 anos,2005-08-01,5,6,5,6,11
ALCALA,consulta externa,nuevas en personas de 5 a 14 anos,2005-08-01,14,14,14,14,28
ANCORAIMES,consulta externa,nuevas en personas de 5 a 14 anos,2005-08-01,22,19,22,19,41
ANDAMARCA,consulta externa,nuevas en personas de 5 a 14 anos,2005-08-01,35,32,35,32,67
ANTEQUERA,consulta externa,nuevas en personas de 5 a 14 anos,2005-08-01,20,29,20,29,49
ANZALDO,consulta externa,nuevas en personas de 5 a 14 anos,2005-08-01,35,35,35,35,70
APOLO,consulta externa,nuevas en personas de 5 a 14 anos,2005-08-01,58,65,58,65,123
ARAMPAMPA,consulta externa,nuevas en personas de 5 a 14 anos,2005-08-01,14,17,14,17,31
ARANI,consulta externa,nuevas en personas de 5 a 14 anos,2005-08-01,14,8,14,8,22
ARBIETO,consulta externa,nuevas en personas de 5 a 14 anos,2005-08-01,22,24,22,24,46
ARQUE,consulta externa,nuevas en personas de 5 a 14 anos,2005-08-01,21,16,21,16,37
ASCENCION DE GUARAYOS,consulta externa,nuevas en personas de 5 a 14 anos,2005-08-01,72,89,72,89,161
ATOCHA,consulta externa,nuevas en personas de 5 a 14 anos,2005-08-01,361,357,361,357,718
AUCAPATA,consulta externa,nuevas en personas de 5 a 14 anos,2005-08-01,34,32,34,32,66
AYATA,consulta externa,nuevas en personas de 5 a 14 anos,2005-08-01,25,25,25,25,50
AYO AYO,consulta externa,nuevas en personas de 5 a 14 anos,2005-08-01,3,9,3,9,12
AYOPAYA (V. DE INDEPENDENCIA),consulta externa,nuevas en personas de 5 a 14 anos,2005-08-01,79,61,79,61,140
AZURDUY,consulta externa,nuevas en personas de 5 a 14 anos,2005-08-01,106,112,106,112,218
BATALLAS,consulta externa,nuevas en personas de 5 a 14 anos,2005-08-01,53,70,53,70,123
BAURES,consulta externa,nuevas en personas de 5 a 14 anos,2005-08-01,33,48,33,48,81
BELEN DE ANDAMARCA,consulta externa,nuevas en personas de 5 a 14 anos,2005-08-01,10,7,10,7,17
BELEN DE URMIRI,consulta externa,nuevas en personas de 5 a 14 anos,2005-08-01,29,15,29,15,44
BELLA FLOR,consulta externa,nuevas en personas de 5 a 14 anos,2005-08-01,34,32,34,32,66
BERMEJO,consulta externa,nuevas en personas de 5 a 14 anos,2005-08-01,348,318,348,318,666
BETANZOS,consulta externa,nuevas en personas de 5 a 14 anos,2005-08-01,225,230,225,230,455
BOLIVAR,consulta externa,nuevas en personas de 5 a 14 anos,2005-08-01,24,21,24,21,45
BOLPEBRA,consulta externa,nuevas en personas de 5 a 14 anos,2005-08-01,15,12,15,12,27
BOYUIBE,consulta externa,nuevas en personas de 5 a 14 anos,2005-08-01,27,27,27,27,54
BUENA VISTA,consulta externa,nuevas en personas de 5 a 14 anos,2005-08-01,111,117,111,117,228
CABEZAS,consulta externa,nuevas en personas de 5 a 14 anos,2005-08-01,95,88,95,88,183
CAIROMA,consulta externa,nuevas en personas de 5 a 14 anos,2005-08-01,23,37,23,37,60
"CAIZA ""D""",consulta externa,nuevas en personas de 5 a 14 anos,2005-08-01,88,76,88,76,164
CAJUATA,consulta externa,nuevas en personas de 5 a 14 anos,2005-08-01,44,34,44,34,78
CALACOTO,consulta externa,nuevas en personas de 5 a 14 anos,2005-08-01,85,89,85,89,174
CALAMARCA,consulta externa,nuevas en personas de 5 a 14 anos,2005-08-01,23,14,23,14,37
CAMARGO,consulta externa,nuevas en personas de 5 a 14 anos,2005-08-01,125,141,125,141,266
CAMATAQUI (C. VILLA ABECIA),consulta externa,nuevas en personas de 5 a 14 anos,2005-08-01,59,57,59,57,116
CAMIRI,consulta externa,nuevas en personas de 5 a 14 anos,2005-08-01,453,545,453,545,998
CAPINOTA,consulta externa,nuevas en personas de 5 a 14 anos,2005-08-01,54,69,54,69,123
CAQUIAVIRI,consulta externa,nuevas en personas de 5 a 14 anos,2005-08-01,38,32,38,32,70
CARACOLLO,consulta externa,nuevas en personas de 5 a 14 anos,2005-08-01,43,36,43,36,79
CARANAVI,consulta externa,nuevas en personas de 5 a 14 anos,2005-08-01,363,363,363,363,726
CARANGAS,consulta externa,nuevas en personas de 5 a 14 anos,2005-08-01,1,2,1,2,3
CARAPARI,consulta externa,nuevas en personas de 5 a 14 anos,2005-08-01,119,135,119,135,254
CARIPUYO,consulta externa,nuevas en personas de 5 a 14 anos,2005-08-01,22,23,22,23,45
CARMEN RIVERO TORREZ,consulta externa,nuevas en personas de 5 a 14 anos,2005-08-01,28,40,28,40,68
CATACORA,consulta externa,nuevas en personas de 5 a 14 anos,2005-08-01,5,4,5,4,9
CHALLAPATA,consulta externa,nuevas en personas de 5 a 14 anos,2005-08-01,105,103,105,103,208
CHAQUI,consulta externa,nuevas en personas de 5 a 14 anos,2005-08-01,33,35,33,35,68
CHARAGUA,consulta externa,nuevas en personas de 5 a 14 anos,2005-08-01,108,119,108,119,227
CHARAÑA,consulta externa,nuevas en personas de 5 a 14 anos,2005-08-01,9,8,9,8,17
CHAYANTA,consulta externa,nuevas en personas de 5 a 14 anos,2005-08-01,96,93,96,93,189
CHIMORE,consulta externa,nuevas en personas de 5 a 14 anos,2005-08-01,67,52,67,52,119
CHIPAYA,consulta externa,nuevas en personas de 5 a 14 anos,2005-08-01,4,7,4,7,11
CHOQUE COTA,consulta externa,nuevas en personas de 5 a 14 anos,2005-08-01,2,6,2,6,8
CHULUMANI (V. DE LA LIBERTAD),consulta externa,nuevas en personas de 5 a 14 anos,2005-08-01,82,89,82,89,171
CHUMA,consulta externa,nuevas en personas de 5 a 14 anos,2005-08-01,50,56,50,56,106
CLIZA,consulta externa,nuevas en personas de 5 a 14 anos,2005-08-01,25,28,25,28,53
COBIJA,consulta externa,nuevas en personas de 5 a 14 anos,2005-08-01,194,188,194,188,382
COCHABAMBA,consulta externa,nuevas en personas de 5 a 14 anos,2005-08-01,3722,3643,3722,3643,7365
COIPASA,consulta externa,nuevas en personas de 5 a 14 anos,2005-08-01,0,2,0,2,2
COLCAPIRHUA,consulta externa,nuevas en personas de 5 a 14 anos,2005-08-01,143,152,143,152,295
"COLCHA ""K""",consulta externa,nuevas en personas de 5 a 14 anos,2005-08-01,81,80,81,80,161
COLLANA,consulta externa,nuevas en personas de 5 a 14 anos,2005-08-01,12,18,12,18,30
COLOMI,consulta externa,nuevas en personas de 5 a 14 anos,2005-08-01,23,37,23,37,60
COLPA BELGICA,consulta externa,nuevas en personas de 5 a 14 anos,2005-08-01,19,30,19,30,49
COLQUECHACA,consulta externa,nuevas en personas de 5 a 14 anos,2005-08-01,126,112,126,112,238
COLQUENCHA,consulta externa,nuevas en personas de 5 a 14 anos,2005-08-01,23,26,23,26,49
COLQUIRI,consulta externa,nuevas en personas de 5 a 14 anos,2005-08-01,47,44,47,44,91
COMANCHE,consulta externa,nuevas en personas de 5 a 14 anos,2005-08-01,12,18,12,18,30
COMARAPA,consulta externa,nuevas en personas de 5 a 14 anos,2005-08-01,134,94,134,94,228
COMBAYA,consulta externa,nuevas en personas de 5 a 14 anos,2005-08-01,53,91,53,91,144
CONCEPCION,consulta externa,nuevas en personas de 5 a 14 anos,2005-08-01,22,29,22,29,51
COPACABANA,consulta externa,nuevas en personas de 5 a 14 anos,2005-08-01,17,25,17,25,42
CORIPATA,consulta externa,nuevas en personas de 5 a 14 anos,2005-08-01,55,56,55,56,111
CORO CORO,consulta externa,nuevas en personas de 5 a 14 anos,2005-08-01,30,23,30,23,53
COROICO,consulta externa,nuevas en personas de 5 a 14 anos,2005-08-01,82,61,82,61,143
CORQUE,consulta externa,nuevas en personas de 5 a 14 anos,2005-08-01,44,48,44,48,92
COTAGAITA,consulta externa,nuevas en personas de 5 a 14 anos,2005-08-01,275,324,275,324,599
COTOCA,consulta externa,nuevas en personas de 5 a 14 anos,2005-08-01,59,73,59,73,132
CUATRO CAÑADAS,consulta externa,nuevas en personas de 5 a 14 anos,2005-08-01,83,88,83,88,171
CUCHUMUELA (V. G. VILLARROEL),consulta externa,nuevas en personas de 5 a 14 anos,2005-08-01,8,10,8,10,18
CUEVO,consulta externa,nuevas en personas de 5 a 14 anos,2005-08-01,32,55,32,55,87
CULPINA,consulta externa,nuevas en personas de 5 a 14 anos,2005-08-01,187,176,187,176,363
CURAHUARA DE CARANGAS,consulta externa,nuevas en personas de 5 a 14 anos,2005-08-01,108,123,108,123,231
CURVA,consulta externa,nuevas en personas de 5 a 14 anos,2005-08-01,11,6,11,6,17
DESAGUADERO,consulta externa,nuevas en personas de 5 a 14 anos,2005-08-01,21,20,21,20,41
EL ALTO,consulta externa,nuevas en personas de 5 a 14 anos,2005-08-01,5641,5682,5641,5682,11323
EL CHORO,consulta externa,nuevas en personas de 5 a 14 anos,2005-08-01,34,12,34,12,46
EL PUENTE(STC),consulta externa,nuevas en personas de 5 a 14 anos,2005-08-01,139,151,139,151,290
EL PUENTE(TJA),consulta externa,nuevas en personas de 5 a 14 anos,2005-08-01,33,40,33,40,73
EL TORNO,consulta externa,nuevas en personas de 5 a 14 anos,2005-08-01,190,225,190,225,415
EL VILLAR,consulta externa,nuevas en personas de 5 a 14 anos,2005-08-01,67,51,67,51,118
ENTRE RIOS,consulta externa,nuevas en personas de 5 a 14 anos,2005-08-01,199,210,199,210,409
ENTRE RIOS,consulta externa,nuevas en personas de 5 a 14 anos,2005-08-01,57,55,57,55,112
ESCARA,consulta externa,nuevas en personas de 5 a 14 anos,2005-08-01,1,1,1,1,2
EUCALIPTUS,consulta externa,nuevas en personas de 5 a 14 anos,2005-08-01,12,16,12,16,28
EUREKA (SANTOS MERCADO),consulta externa,nuevas en personas de 5 a 14 anos,2005-08-01,1,7,1,7,8
EXALTACION,consulta externa,nuevas en personas de 5 a 14 anos,2005-08-01,10,12,10,12,22
FERNANDEZ ALONSO,consulta externa,nuevas en personas de 5 a 14 anos,2005-08-01,67,63,67,63,130
FILADELFIA,consulta externa,nuevas en personas de 5 a 14 anos,2005-08-01,12,4,12,4,16
GENERAL SAAVEDRA,consulta externa,nuevas en personas de 5 a 14 anos,2005-08-01,75,81,75,81,156
GRAL. J.J. PEREZ (CHARAZANI),consulta externa,nuevas en personas de 5 a 14 anos,2005-08-01,27,43,27,43,70
GUANAY,consulta externa,nuevas en personas de 5 a 14 anos,2005-08-01,84,81,84,81,165
GUAQUI,consulta externa,nuevas en personas de 5 a 14 anos,2005-08-01,8,10,8,10,18
GUAYARAMERIN,consulta externa,nuevas en personas de 5 a 14 anos,2005-08-01,271,333,271,333,604
GUTIERREZ,consulta externa,nuevas en personas de 5 a 14 anos,2005-08-01,141,179,141,179,320
HUACARETA,consulta externa,nuevas en personas de 5 a 14 anos,2005-08-01,68,93,68,93,161
HUACAYA (VILLA DE HUACAYA),consulta externa,nuevas en personas de 5 a 14 anos,2005-08-01,18,12,18,12,30
HUACHACALLA,consulta externa,nuevas en personas de 5 a 14 anos,2005-08-01,10,6,10,6,16
HUANUNI,consulta externa,nuevas en personas de 5 a 14 anos,2005-08-01,249,262,249,262,511
HUARACAJE,consulta externa,nuevas en personas de 5 a 14 anos,2005-08-01,11,16,11,16,27
HUAYLLAMARCA,consulta externa,nuevas en personas de 5 a 14 anos,2005-08-01,14,10,14,10,24
ICHOCA,consulta externa,nuevas en personas de 5 a 14 anos,2005-08-01,11,9,11,9,20
ICLA,consulta externa,nuevas en personas de 5 a 14 anos,2005-08-01,55,44,55,44,99
INCAHUASI,consulta externa,nuevas en personas de 5 a 14 anos,2005-08-01,115,122,115,122,237
INGAVI (HUMAITA),consulta externa,nuevas en personas de 5 a 14 anos,2005-08-01,14,16,14,16,30
INQUISIVI,consulta externa,nuevas en personas de 5 a 14 anos,2005-08-01,32,19,32,19,51
IRUPANA (VILLA DE LANZA),consulta externa,nuevas en personas de 5 a 14 anos,2005-08-01,63,75,63,75,138
IXIAMAS,consulta externa,nuevas en personas de 5 a 14 anos,2005-08-01,59,48,59,48,107
JESUS DE MACHACA,consulta externa,nuevas en personas de 5 a 14 anos,2005-08-01,25,35,25,35,60
LA ASUNTA,consulta externa,nuevas en personas de 5 a 14 anos,2005-08-01,112,132,112,132,244
LA GUARDIA,consulta externa,nuevas en personas de 5 a 14 anos,2005-08-01,113,124,113,124,237
LA PAZ,consulta externa,nuevas en personas de 5 a 14 anos,2005-08-01,7348,7185,7348,7185,14533
LA RIVERA,consulta externa,nuevas en personas de 5 a 14 anos,2005-08-01,2,8,2,8,10
LAGUNILLAS,consulta externa,nuevas en personas de 5 a 14 anos,2005-08-01,45,66,45,66,111
LAJA,consulta externa,nuevas en personas de 5 a 14 anos,2005-08-01,20,25,20,25,45
LAS CARRERAS,consulta externa,nuevas en personas de 5 a 14 anos,2005-08-01,22,28,22,28,50
LICOMA PAMPA,consulta externa,nuevas en personas de 5 a 14 anos,2005-08-01,1,5,1,5,6
LLALLAGUA,consulta externa,nuevas en personas de 5 a 14 anos,2005-08-01,123,127,123,127,250
LLICA,consulta externa,nuevas en personas de 5 a 14 anos,2005-08-01,32,30,32,30,62
LORETO,consulta externa,nuevas en personas de 5 a 14 anos,2005-08-01,17,20,17,20,37
LURIBAY,consulta externa,nuevas en personas de 5 a 14 anos,2005-08-01,22,35,22,35,57
MACHACAMARCA,consulta externa,nuevas en personas de 5 a 14 anos,2005-08-01,25,18,25,18,43
MACHARETI,consulta externa,nuevas en personas de 5 a 14 anos,2005-08-01,107,128,107,128,235
MAGDALENA,consulta externa,nuevas en personas de 5 a 14 anos,2005-08-01,68,78,68,78,146
MAIRANA,consulta externa,nuevas en personas de 5 a 14 anos,2005-08-01,43,48,43,48,91
MALLA,consulta externa,nuevas en personas de 5 a 14 anos,2005-08-01,30,25,30,25,55
MAPIRI,consulta externa,nuevas en personas de 5 a 14 anos,2005-08-01,29,43,29,43,72
MECAPACA,consulta externa,nuevas en personas de 5 a 14 anos,2005-08-01,79,56,79,56,135
MINEROS,consulta externa,nuevas en personas de 5 a 14 anos,2005-08-01,30,31,30,31,61
MIZQUE,consulta externa,nuevas en personas de 5 a 14 anos,2005-08-01,44,43,44,43,87
MOCOMOCO,consulta externa,nuevas en personas de 5 a 14 anos,2005-08-01,46,59,46,59,105
MOJINETE,consulta externa,nuevas en personas de 5 a 14 anos,2005-08-01,28,46,28,46,74
MOJOCOYA,consulta externa,nuevas en personas de 5 a 14 anos,2005-08-01,69,58,69,58,127
MONTEAGUDO,consulta externa,nuevas en personas de 5 a 14 anos,2005-08-01,349,325,349,325,674
MONTERO,consulta externa,nuevas en personas de 5 a 14 anos,2005-08-01,493,505,493,505,998
MORO MORO,consulta externa,nuevas en personas de 5 a 14 anos,2005-08-01,56,63,56,63,119
MOROCHATA,consulta externa,nuevas en personas de 5 a 14 anos,2005-08-01,37,39,37,39,76
NACEBE (SANTA ROSA DEL ABUNA),consulta externa,nuevas en personas de 5 a 14 anos,2005-08-01,22,14,22,14,36
NAZACARA DE PACAJES,consulta externa,nuevas en personas de 5 a 14 anos,2005-08-01,2,3,2,3,5
NUEVO MANOA (NUEVA ESPERANZA),consulta externa,nuevas en personas de 5 a 14 anos,2005-08-01,71,52,71,52,123
OCURI,consulta externa,nuevas en personas de 5 a 14 anos,2005-08-01,56,70,56,70,126
OKINAWA,consulta externa,nuevas en personas de 5 a 14 anos,2005-08-01,90,109,90,109,199
OMEREQUE,consulta externa,nuevas en personas de 5 a 14 anos,2005-08-01,61,70,61,70,131
ORURO,consulta externa,nuevas en personas de 5 a 14 anos,2005-08-01,2251,2100,2251,2100,4351
PADCAYA,consulta externa,nuevas en personas de 5 a 14 anos,2005-08-01,261,238,261,238,499
PADILLA,consulta externa,nuevas en personas de 5 a 14 anos,2005-08-01,114,99,114,99,213
PAILON,consulta externa,nuevas en personas de 5 a 14 anos,2005-08-01,38,45,38,45,83
PALCA,consulta externa,nuevas en personas de 5 a 14 anos,2005-08-01,34,39,34,39,73
PALOS BLANCOS,consulta externa,nuevas en personas de 5 a 14 anos,2005-08-01,121,133,121,133,254
PAMPA AULLAGAS,consulta externa,nuevas en personas de 5 a 14 anos,2005-08-01,21,24,21,24,45
PAMPA GRANDE,consulta externa,nuevas en personas de 5 a 14 anos,2005-08-01,30,42,30,42,72
PAPEL PAMPA,consulta externa,nuevas en personas de 5 a 14 anos,2005-08-01,35,26,35,26,61
PASORAPA,consulta externa,nuevas en personas de 5 a 14 anos,2005-08-01,15,17,15,17,32
PATACAMAYA,consulta externa,nuevas en personas de 5 a 14 anos,2005-08-01,36,25,36,25,61
PAZÑA,consulta externa,nuevas en personas de 5 a 14 anos,2005-08-01,25,35,25,35,60
PELECHUCO,consulta externa,nuevas en personas de 5 a 14 anos,2005-08-01,22,32,22,32,54
POCOATA,consulta externa,nuevas en personas de 5 a 14 anos,2005-08-01,101,84,101,84,185
POCONA,consulta externa,nuevas en personas de 5 a 14 anos,2005-08-01,52,76,52,76,128
POJO (CBBA),consulta externa,nuevas en personas de 5 a 14 anos,2005-08-01,16,23,16,23,39
POOPO,consulta externa,nuevas en personas de 5 a 14 anos,2005-08-01,32,16,32,16,48
PORCO,consulta externa,nuevas en personas de 5 a 14 anos,2005-08-01,30,36,30,36,66
POROMA,consulta externa,nuevas en personas de 5 a 14 anos,2005-08-01,139,121,139,121,260
PORONGO,consulta externa,nuevas en personas de 5 a 14 anos,2005-08-01,264,257,264,257,521
PORTACHUELO,consulta externa,nuevas en personas de 5 a 14 anos,2005-08-01,80,107,80,107,187
PORVENIR,consulta externa,nuevas en personas de 5 a 14 anos,2005-08-01,39,15,39,15,54
POSTRER VALLE,consulta externa,nuevas en personas de 5 a 14 anos,2005-08-01,7,7,7,7,14
POTOSI,consulta externa,nuevas en personas de 5 a 14 anos,2005-08-01,1267,1221,1267,1221,2488
PRESTO,consulta externa,nuevas en personas de 5 a 14 anos,2005-08-01,40,26,40,26,66
PUCARA,consulta externa,nuevas en personas de 5 a 14 anos,2005-08-01,80,98,80,98,178
PUCARANI,consulta externa,nuevas en personas de 5 a 14 anos,2005-08-01,52,47,52,47,99
PUERTO ACOSTA,consulta externa,nuevas en personas de 5 a 14 anos,2005-08-01,78,59,78,59,137
PUERTO CARABUCO,consulta externa,nuevas en personas de 5 a 14 anos,2005-08-01,160,154,160,154,314
PUERTO GONZALO MORENO,consulta externa,nuevas en personas de 5 a 14 anos,2005-08-01,37,36,37,36,73
PUERTO PEREZ,consulta externa,nuevas en personas de 5 a 14 anos,2005-08-01,24,21,24,21,45
PUERTO QUIJARRO,consulta externa,nuevas en personas de 5 a 14 anos,2005-08-01,64,73,64,73,137
PUERTO RICO,consulta externa,nuevas en personas de 5 a 14 anos,2005-08-01,50,78,50,78,128
PUERTO SILES,consulta externa,nuevas en personas de 5 a 14 anos,2005-08-01,8,12,8,12,20
PUERTO SUAREZ,consulta externa,nuevas en personas de 5 a 14 anos,2005-08-01,115,108,115,108,223
PUERTO VILLARROEL,consulta externa,nuevas en personas de 5 a 14 anos,2005-08-01,205,156,205,156,361
PUNA,consulta externa,nuevas en personas de 5 a 14 anos,2005-08-01,270,298,270,298,568
PUNATA,consulta externa,nuevas en personas de 5 a 14 anos,2005-08-01,92,104,92,104,196
QUIABAYA,consulta externa,nuevas en personas de 5 a 14 anos,2005-08-01,9,10,9,10,19
QUILLACOLLO,consulta externa,nuevas en personas de 5 a 14 anos,2005-08-01,241,213,241,213,454
QUIME,consulta externa,nuevas en personas de 5 a 14 anos,2005-08-01,21,28,21,28,49
QUIRUSILLAS,consulta externa,nuevas en personas de 5 a 14 anos,2005-08-01,17,16,17,16,33
RAVELO,consulta externa,nuevas en personas de 5 a 14 anos,2005-08-01,77,86,77,86,163
REYES,consulta externa,nuevas en personas de 5 a 14 anos,2005-08-01,150,143,150,143,293
RIBERALTA,consulta externa,nuevas en personas de 5 a 14 anos,2005-08-01,278,278,278,278,556
ROBORE,consulta externa,nuevas en personas de 5 a 14 anos,2005-08-01,132,106,132,106,238
RURRENABAQUE,consulta externa,nuevas en personas de 5 a 14 anos,2005-08-01,50,53,50,53,103
SABAYA,consulta externa,nuevas en personas de 5 a 14 anos,2005-08-01,13,24,13,24,37
SACABA,consulta externa,nuevas en personas de 5 a 14 anos,2005-08-01,177,159,177,159,336
SACABAMBA,consulta externa,nuevas en personas de 5 a 14 anos,2005-08-01,9,14,9,14,23
SACACA,consulta externa,nuevas en personas de 5 a 14 anos,2005-08-01,108,96,108,96,204
SAIPINA,consulta externa,nuevas en personas de 5 a 14 anos,2005-08-01,29,22,29,22,51
SALINAS DE GARCI MENDOZA,consulta externa,nuevas en personas de 5 a 14 anos,2005-08-01,26,19,26,19,45
SAMAIPATA,consulta externa,nuevas en personas de 5 a 14 anos,2005-08-01,36,52,36,52,88
SAN AGUSTIN,consulta externa,nuevas en personas de 5 a 14 anos,2005-08-01,15,19,15,19,34
SAN ANDRES,consulta externa,nuevas en personas de 5 a 14 anos,2005-08-01,84,106,84,106,190
SAN ANDRES DE MACHACA,consulta externa,nuevas en personas de 5 a 14 anos,2005-08-01,27,25,27,25,52
SAN ANTONIO DE ESMORUCO,consulta externa,nuevas en personas de 5 a 14 anos,2005-08-01,18,18,18,18,36
SAN ANTONIO DE LOMERIO,consulta externa,nuevas en personas de 5 a 14 anos,2005-08-01,17,18,17,18,35
SAN BENITO,consulta externa,nuevas en personas de 5 a 14 anos,2005-08-01,33,43,33,43,76
SAN BORJA,consulta externa,nuevas en personas de 5 a 14 anos,2005-08-01,97,114,97,114,211
SAN BUENA VENTURA,consulta externa,nuevas en personas de 5 a 14 anos,2005-08-01,27,39,27,39,66
SAN CARLOS,consulta externa,nuevas en personas de 5 a 14 anos,2005-08-01,72,61,72,61,133
SAN IGNACIO,consulta externa,nuevas en personas de 5 a 14 anos,2005-08-01,352,447,352,447,799
SAN IGNACIO DE VELASCO,consulta externa,nuevas en personas de 5 a 14 anos,2005-08-01,285,292,285,292,577
SAN JAVIER(BNI),consulta externa,nuevas en personas de 5 a 14 anos,2005-08-01,19,21,19,21,40
SAN JAVIER(STC),consulta externa,nuevas en personas de 5 a 14 anos,2005-08-01,32,42,32,42,74
SAN JOAQUIN,consulta externa,nuevas en personas de 5 a 14 anos,2005-08-01,33,17,33,17,50
SAN JOSE DE CHIQUITOS,consulta externa,nuevas en personas de 5 a 14 anos,2005-08-01,229,216,229,216,445
SAN JUAN DE YAPACANI,consulta externa,nuevas en personas de 5 a 14 anos,2005-08-01,59,58,59,58,117
SAN JULIAN,consulta externa,nuevas en personas de 5 a 14 anos,2005-08-01,280,245,280,245,525
SAN LORENZO(PND),consulta externa,nuevas en personas de 5 a 14 anos,2005-08-01,13,23,13,23,36
SAN LORENZO(TJA),consulta externa,nuevas en personas de 5 a 14 anos,2005-08-01,147,129,147,129,276
SAN LUCAS,consulta externa,nuevas en personas de 5 a 14 anos,2005-08-01,291,289,291,289,580
SAN MATIAS,consulta externa,nuevas en personas de 5 a 14 anos,2005-08-01,29,37,29,37,66
SAN MIGUEL DE VELASCO,consulta externa,nuevas en personas de 5 a 14 anos,2005-08-01,40,55,40,55,95
SAN PABLO DE LIPEZ,consulta externa,nuevas en personas de 5 a 14 anos,2005-08-01,59,62,59,62,121
SAN PEDRO,consulta externa,nuevas en personas de 5 a 14 anos,2005-08-01,143,143,143,143,286
SAN PEDRO DE BUENA VISTA,consulta externa,nuevas en personas de 5 a 14 anos,2005-08-01,97,81,97,81,178
SAN PEDRO DE CURAHUARA,consulta externa,nuevas en personas de 5 a 14 anos,2005-08-01,44,52,44,52,96
SAN PEDRO DE QUEMES,consulta externa,nuevas en personas de 5 a 14 anos,2005-08-01,0,1,0,1,1
SAN PEDRO DE TIQUINA,consulta externa,nuevas en personas de 5 a 14 anos,2005-08-01,27,10,27,10,37
SAN PEDRO(PND),consulta externa,nuevas en personas de 5 a 14 anos,2005-08-01,24,39,24,39,63
SAN RAFAEL,consulta externa,nuevas en personas de 5 a 14 anos,2005-08-01,15,16,15,16,31
SAN RAMON,consulta externa,nuevas en personas de 5 a 14 anos,2005-08-01,53,49,53,49,102
SAN RAMON,consulta externa,nuevas en personas de 5 a 14 anos,2005-08-01,47,52,47,52,99
SANTA ANA,consulta externa,nuevas en personas de 5 a 14 anos,2005-08-01,49,53,49,53,102
SANTA CRUZ DE LA SIERRA,consulta externa,nuevas en personas de 5 a 14 anos,2005-08-01,8853,10149,8853,10149,19002
SANTA ROSA,consulta externa,nuevas en personas de 5 a 14 anos,2005-08-01,38,29,38,29,67
SANTA ROSA DEL SARA,consulta externa,nuevas en personas de 5 a 14 anos,2005-08-01,56,69,56,69,125
SANTIAGO DE CALLAPA,consulta externa,nuevas en personas de 5 a 14 anos,2005-08-01,33,42,33,42,75
SANTIAGO DE HUARI,consulta externa,nuevas en personas de 5 a 14 anos,2005-08-01,27,22,27,22,49
SANTIAGO DE MACHACA,consulta externa,nuevas en personas de 5 a 14 anos,2005-08-01,6,6,6,6,12
SANTIVAÑES,consulta externa,nuevas en personas de 5 a 14 anos,2005-08-01,24,34,24,34,58
SANTUARIO DE QUILLACAS,consulta externa,nuevas en personas de 5 a 14 anos,2005-08-01,16,12,16,12,28
SAPAHAQUI,consulta externa,nuevas en personas de 5 a 14 anos,2005-08-01,30,49,30,49,79
SENA,consulta externa,nuevas en personas de 5 a 14 anos,2005-08-01,24,36,24,36,60
SICA SICA (VILLA AROMA),consulta externa,nuevas en personas de 5 a 14 anos,2005-08-01,32,21,32,21,53
SICAYA,consulta externa,nuevas en personas de 5 a 14 anos,2005-08-01,6,7,6,7,13
SIPE SIPE,consulta externa,nuevas en personas de 5 a 14 anos,2005-08-01,48,52,48,52,100
SOPACHUY,consulta externa,nuevas en personas de 5 a 14 anos,2005-08-01,46,47,46,47,93
SORACACHI,consulta externa,nuevas en personas de 5 a 14 anos,2005-08-01,23,32,23,32,55
SORATA,consulta externa,nuevas en personas de 5 a 14 anos,2005-08-01,47,42,47,42,89
SUCRE,consulta externa,nuevas en personas de 5 a 14 anos,2005-08-01,2977,3398,2977,3398,6375
TACACHI,consulta externa,nuevas en personas de 5 a 14 anos,2005-08-01,7,13,7,13,20
TACACOMA,consulta externa,nuevas en personas de 5 a 14 anos,2005-08-01,6,20,6,20,26
TACOBAMBA,consulta externa,nuevas en personas de 5 a 14 anos,2005-08-01,59,62,59,62,121
TACOPAYA,consulta externa,nuevas en personas de 5 a 14 anos,2005-08-01,28,33,28,33,61
TAHUA,consulta externa,nuevas en personas de 5 a 14 anos,2005-08-01,5,10,5,10,15
TAPACARI,consulta externa,nuevas en personas de 5 a 14 anos,2005-08-01,54,47,54,47,101
TARABUCO,consulta externa,nuevas en personas de 5 a 14 anos,2005-08-01,64,83,64,83,147
TARACO,consulta externa,nuevas en personas de 5 a 14 anos,2005-08-01,7,14,7,14,21
TARATA,consulta externa,nuevas en personas de 5 a 14 anos,2005-08-01,11,20,11,20,31
TARIJA,consulta externa,nuevas en personas de 5 a 14 anos,2005-08-01,1282,1335,1282,1335,2617
TARVITA,consulta externa,nuevas en personas de 5 a 14 anos,2005-08-01,136,139,136,139,275
TEOPONTE,consulta externa,nuevas en personas de 5 a 14 anos,2005-08-01,109,150,109,150,259
TIAWANACU,consulta externa,nuevas en personas de 5 a 14 anos,2005-08-01,49,47,49,47,96
TINGUIPAYA,consulta externa,nuevas en personas de 5 a 14 anos,2005-08-01,60,52,60,52,112
TIPUANI,consulta externa,nuevas en personas de 5 a 14 anos,2005-08-01,18,28,18,28,46
TIQUIPAYA,consulta externa,nuevas en personas de 5 a 14 anos,2005-08-01,169,166,169,166,335
TIRAQUE (CBBA),consulta externa,nuevas en personas de 5 a 14 anos,2005-08-01,148,135,148,135,283
TITO YUPANQUI (PARQUIPUJIO),consulta externa,nuevas en personas de 5 a 14 anos,2005-08-01,12,14,12,14,26
TOCO,consulta externa,nuevas en personas de 5 a 14 anos,2005-08-01,12,4,12,4,16
TODOS SANTOS,consulta externa,nuevas en personas de 5 a 14 anos,2005-08-01,2,0,2,0,2
TOLATA,consulta externa,nuevas en personas de 5 a 14 anos,2005-08-01,17,18,17,18,35
TOLEDO,consulta externa,nuevas en personas de 5 a 14 anos,2005-08-01,30,41,30,41,71
TOMAVE,consulta externa,nuevas en personas de 5 a 14 anos,2005-08-01,57,57,57,57,114
TOMINA,consulta externa,nuevas en personas de 5 a 14 anos,2005-08-01,158,146,158,146,304
TORO TORO,consulta externa,nuevas en personas de 5 a 14 anos,2005-08-01,50,39,50,39,89
TOTORA(CBBA),consulta externa,nuevas en personas de 5 a 14 anos,2005-08-01,27,33,27,33,60
TOTORA(ORR),consulta externa,nuevas en personas de 5 a 14 anos,2005-08-01,12,10,12,10,22
TRIGAL,consulta externa,nuevas en personas de 5 a 14 anos,2005-08-01,18,16,18,16,34
TRINIDAD,consulta externa,nuevas en personas de 5 a 14 anos,2005-08-01,541,602,541,602,1143
TUPIZA,consulta externa,nuevas en personas de 5 a 14 anos,2005-08-01,794,932,794,932,1726
TURCO,consulta externa,nuevas en personas de 5 a 14 anos,2005-08-01,17,15,17,15,32
UMALA,consulta externa,nuevas en personas de 5 a 14 anos,2005-08-01,7,5,7,5,12
UNCIA,consulta externa,nuevas en personas de 5 a 14 anos,2005-08-01,149,137,149,137,286
URIONDO (A. CONCEPCION),consulta externa,nuevas en personas de 5 a 14 anos,2005-08-01,64,77,64,77,141
URUBICHA,consulta externa,nuevas en personas de 5 a 14 anos,2005-08-01,35,31,35,31,66
UYUNI,consulta externa,nuevas en personas de 5 a 14 anos,2005-08-01,73,67,73,67,140
VACAS,consulta externa,nuevas en personas de 5 a 14 anos,2005-08-01,39,30,39,30,69
VALLEGRANDE,consulta externa,nuevas en personas de 5 a 14 anos,2005-08-01,95,95,95,95,190
VIACHA,consulta externa,nuevas en personas de 5 a 14 anos,2005-08-01,224,201,224,201,425
VILA VILA,consulta externa,nuevas en personas de 5 a 14 anos,2005-08-01,8,15,8,15,23
VILLA MONTES,consulta externa,nuevas en personas de 5 a 14 anos,2005-08-01,207,205,207,205,412
VILLA NUEVA (LOMA ALTA),consulta externa,nuevas en personas de 5 a 14 anos,2005-08-01,13,25,13,25,38
VILLA RIVERO,consulta externa,nuevas en personas de 5 a 14 anos,2005-08-01,9,8,9,8,17
VILLA SERRANO,consulta externa,nuevas en personas de 5 a 14 anos,2005-08-01,75,69,75,69,144
VILLA TUNARI,consulta externa,nuevas en personas de 5 a 14 anos,2005-08-01,428,376,428,376,804
VILLA VACA GUZMAN (MUYUPAMPA),consulta externa,nuevas en personas de 5 a 14 anos,2005-08-01,88,98,88,98,186
VILLAZON,consulta externa,nuevas en personas de 5 a 14 anos,2005-08-01,311,271,311,271,582
VINTO,consulta externa,nuevas en personas de 5 a 14 anos,2005-08-01,39,42,39,42,81
VITICHI,consulta externa,nuevas en personas de 5 a 14 anos,2005-08-01,68,79,68,79,147
WALDO BALLIVIAN,consulta externa,nuevas en personas de 5 a 14 anos,2005-08-01,4,8,4,8,12
WARNES,consulta externa,nuevas en personas de 5 a 14 anos,2005-08-01,313,315,313,315,628
YACO,consulta externa,nuevas en personas de 5 a 14 anos,2005-08-01,22,27,22,27,49
YACUIBA,consulta externa,nuevas en personas de 5 a 14 anos,2005-08-01,555,498,555,498,1053
YAMPARAEZ,consulta externa,nuevas en personas de 5 a 14 anos,2005-08-01,37,30,37,30,67
YANACACHI,consulta externa,nuevas en personas de 5 a 14 anos,2005-08-01,37,37,37,37,74
YAPACANI,consulta externa,nuevas en personas de 5 a 14 anos,2005-08-01,124,124,124,124,248
YOCALLA,consulta externa,nuevas en personas de 5 a 14 anos,2005-08-01,45,65,45,65,110
YOTALA,consulta externa,nuevas en personas de 5 a 14 anos,2005-08-01,41,49,41,49,90
YUNCHARA,consulta externa,nuevas en personas de 5 a 14 anos,2005-08-01,199,178,199,178,377
ZUDAÑEZ,consulta externa,nuevas en personas de 5 a 14 anos,2005-08-01,32,25,32,25,57
ACACIO,consulta externa,nuevas en personas de 5 a 14 anos,2005-09-01,53,59,53,59,112
ACHACACHI,consulta externa,nuevas en personas de 5 a 14 anos,2005-09-01,181,161,181,161,342
ACHOCALLA,consulta externa,nuevas en personas de 5 a 14 anos,2005-09-01,60,25,60,25,85
AIQUILE,consulta externa,nuevas en personas de 5 a 14 anos,2005-09-01,77,78,77,78,155
ALALAY,consulta externa,nuevas en personas de 5 a 14 anos,2005-09-01,6,5,6,5,11
ALCALA,consulta externa,nuevas en personas de 5 a 14 anos,2005-09-01,20,23,20,23,43
ANCORAIMES,consulta externa,nuevas en personas de 5 a 14 anos,2005-09-01,47,22,47,22,69
ANDAMARCA,consulta externa,nuevas en personas de 5 a 14 anos,2005-09-01,30,20,30,20,50
ANTEQUERA,consulta externa,nuevas en personas de 5 a 14 anos,2005-09-01,37,40,37,40,77
ANZALDO,consulta externa,nuevas en personas de 5 a 14 anos,2005-09-01,51,78,51,78,129
APOLO,consulta externa,nuevas en personas de 5 a 14 anos,2005-09-01,75,85,75,85,160
ARAMPAMPA,consulta externa,nuevas en personas de 5 a 14 anos,2005-09-01,17,23,17,23,40
ARANI,consulta externa,nuevas en personas de 5 a 14 anos,2005-09-01,18,19,18,19,37
ARBIETO,consulta externa,nuevas en personas de 5 a 14 anos,2005-09-01,22,20,22,20,42
ARQUE,consulta externa,nuevas en personas de 5 a 14 anos,2005-09-01,17,26,17,26,43
ASCENCION DE GUARAYOS,consulta externa,nuevas en personas de 5 a 14 anos,2005-09-01,97,104,97,104,201
ATOCHA,consulta externa,nuevas en personas de 5 a 14 anos,2005-09-01,224,253,224,253,477
AUCAPATA,consulta externa,nuevas en personas de 5 a 14 anos,2005-09-01,27,26,27,26,53
AYATA,consulta externa,nuevas en personas de 5 a 14 anos,2005-09-01,47,34,47,34,81
AYO AYO,consulta externa,nuevas en personas de 5 a 14 anos,2005-09-01,16,22,16,22,38
AYOPAYA (V. DE INDEPENDENCIA),consulta externa,nuevas en personas de 5 a 14 anos,2005-09-01,60,54,60,54,114
AZURDUY,consulta externa,nuevas en personas de 5 a 14 anos,2005-09-01,70,79,70,79,149
BATALLAS,consulta externa,nuevas en personas de 5 a 14 anos,2005-09-01,80,77,80,77,157
BAURES,consulta externa,nuevas en personas de 5 a 14 anos,2005-09-01,20,37,20,37,57
BELEN DE ANDAMARCA,consulta externa,nuevas en personas de 5 a 14 anos,2005-09-01,10,7,10,7,17
BELEN DE URMIRI,consulta externa,nuevas en personas de 5 a 14 anos,2005-09-01,7,24,7,24,31
BELLA FLOR,consulta externa,nuevas en personas de 5 a 14 anos,2005-09-01,32,40,32,40,72
BERMEJO,consulta externa,nuevas en personas de 5 a 14 anos,2005-09-01,273,261,273,261,534
BETANZOS,consulta externa,nuevas en personas de 5 a 14 anos,2005-09-01,204,189,204,189,393
BOLIVAR,consulta externa,nuevas en personas de 5 a 14 anos,2005-09-01,27,19,27,19,46
BOLPEBRA,consulta externa,nuevas en personas de 5 a 14 anos,2005-09-01,8,7,8,7,15
BOYUIBE,consulta externa,nuevas en personas de 5 a 14 anos,2005-09-01,61,59,61,59,120
BUENA VISTA,consulta externa,nuevas en personas de 5 a 14 anos,2005-09-01,69,80,69,80,149
CABEZAS,consulta externa,nuevas en personas de 5 a 14 anos,2005-09-01,136,143,136,143,279
CAIROMA,consulta externa,nuevas en personas de 5 a 14 anos,2005-09-01,34,29,34,29,63
"CAIZA ""D""",consulta externa,nuevas en personas de 5 a 14 anos,2005-09-01,67,50,67,50,117
CAJUATA,consulta externa,nuevas en personas de 5 a 14 anos,2005-09-01,47,48,47,48,95
CALACOTO,consulta externa,nuevas en personas de 5 a 14 anos,2005-09-01,34,52,34,52,86
CALAMARCA,consulta externa,nuevas en personas de 5 a 14 anos,2005-09-01,30,31,30,31,61
CAMARGO,consulta externa,nuevas en personas de 5 a 14 anos,2005-09-01,137,145,137,145,282
CAMATAQUI (C. VILLA ABECIA),consulta externa,nuevas en personas de 5 a 14 anos,2005-09-01,37,53,37,53,90
CAMIRI,consulta externa,nuevas en personas de 5 a 14 anos,2005-09-01,352,461,352,461,813
CAPINOTA,consulta externa,nuevas en personas de 5 a 14 anos,2005-09-01,82,163,82,163,245
CAQUIAVIRI,consulta externa,nuevas en personas de 5 a 14 anos,2005-09-01,42,36,42,36,78
CARACOLLO,consulta externa,nuevas en personas de 5 a 14 anos,2005-09-01,60,65,60,65,125
CARANAVI,consulta externa,nuevas en personas de 5 a 14 anos,2005-09-01,289,265,289,265,554
CARAPARI,consulta externa,nuevas en personas de 5 a 14 anos,2005-09-01,106,93,106,93,199
CARIPUYO,consulta externa,nuevas en personas de 5 a 14 anos,2005-09-01,23,28,23,28,51
CARMEN RIVERO TORREZ,consulta externa,nuevas en personas de 5 a 14 anos,2005-09-01,12,8,12,8,20
CATACORA,consulta externa,nuevas en personas de 5 a 14 anos,2005-09-01,10,4,10,4,14
CHACARILLA,consulta externa,nuevas en personas de 5 a 14 anos,2005-09-01,23,27,23,27,50
CHALLAPATA,consulta externa,nuevas en personas de 5 a 14 anos,2005-09-01,111,104,111,104,215
CHAQUI,consulta externa,nuevas en personas de 5 a 14 anos,2005-09-01,19,20,19,20,39
CHARAGUA,consulta externa,nuevas en personas de 5 a 14 anos,2005-09-01,180,117,180,117,297
CHARAÑA,consulta externa,nuevas en personas de 5 a 14 anos,2005-09-01,40,43,40,43,83
CHAYANTA,consulta externa,nuevas en personas de 5 a 14 anos,2005-09-01,68,69,68,69,137
CHIMORE,consulta externa,nuevas en personas de 5 a 14 anos,2005-09-01,105,123,105,123,228
CHIPAYA,consulta externa,nuevas en personas de 5 a 14 anos,2005-09-01,9,11,9,11,20
CHOQUE COTA,consulta externa,nuevas en personas de 5 a 14 anos,2005-09-01,34,27,34,27,61
CHULUMANI (V. DE LA LIBERTAD),consulta externa,nuevas en personas de 5 a 14 anos,2005-09-01,88,107,88,107,195
CHUMA,consulta externa,nuevas en personas de 5 a 14 anos,2005-09-01,49,44,49,44,93
CLIZA,consulta externa,nuevas en personas de 5 a 14 anos,2005-09-01,40,42,40,42,82
COBIJA,consulta externa,nuevas en personas de 5 a 14 anos,2005-09-01,171,112,171,112,283
COCHABAMBA,consulta externa,nuevas en personas de 5 a 14 anos,2005-09-01,4438,4086,4438,4086,8524
COIPASA,consulta externa,nuevas en personas de 5 a 14 anos,2005-09-01,0,3,0,3,3
COLCAPIRHUA,consulta externa,nuevas en personas de 5 a 14 anos,2005-09-01,165,165,165,165,330
"COLCHA ""K""",consulta externa,nuevas en personas de 5 a 14 anos,2005-09-01,86,104,86,104,190
COLLANA,consulta externa,nuevas en personas de 5 a 14 anos,2005-09-01,9,23,9,23,32
COLOMI,consulta externa,nuevas en personas de 5 a 14 anos,2005-09-01,41,38,41,38,79
COLPA BELGICA,consulta externa,nuevas en personas de 5 a 14 anos,2005-09-01,58,66,58,66,124
COLQUECHACA,consulta externa,nuevas en personas de 5 a 14 anos,2005-09-01,140,137,140,137,277
COLQUENCHA,consulta externa,nuevas en personas de 5 a 14 anos,2005-09-01,25,35,25,35,60
COLQUIRI,consulta externa,nuevas en personas de 5 a 14 anos,2005-09-01,91,78,91,78,169
COMANCHE,consulta externa,nuevas en personas de 5 a 14 anos,2005-09-01,12,9,12,9,21
COMARAPA,consulta externa,nuevas en personas de 5 a 14 anos,2005-09-01,83,80,83,80,163
COMBAYA,consulta externa,nuevas en personas de 5 a 14 anos,2005-09-01,11,15,11,15,26
CONCEPCION,consulta externa,nuevas en personas de 5 a 14 anos,2005-09-01,16,33,16,33,49
COPACABANA,consulta externa,nuevas en personas de 5 a 14 anos,2005-09-01,31,17,31,17,48
CORIPATA,consulta externa,nuevas en personas de 5 a 14 anos,2005-09-01,51,105,51,105,156
CORO CORO,consulta externa,nuevas en personas de 5 a 14 anos,2005-09-01,35,26,35,26,61
COROICO,consulta externa,nuevas en personas de 5 a 14 anos,2005-09-01,224,261,224,261,485
CORQUE,consulta externa,nuevas en personas de 5 a 14 anos,2005-09-01,74,53,74,53,127
COTAGAITA,consulta externa,nuevas en personas de 5 a 14 anos,2005-09-01,283,301,283,301,584
COTOCA,consulta externa,nuevas en personas de 5 a 14 anos,2005-09-01,55,71,55,71,126
CUATRO CAÑADAS,consulta externa,nuevas en personas de 5 a 14 anos,2005-09-01,92,85,92,85,177
CUCHUMUELA (V. G. VILLARROEL),consulta externa,nuevas en personas de 5 a 14 anos,2005-09-01,13,1,13,1,14
CUEVO,consulta externa,nuevas en personas de 5 a 14 anos,2005-09-01,47,67,47,67,114
CULPINA,consulta externa,nuevas en personas de 5 a 14 anos,2005-09-01,97,94,97,94,191
CURAHUARA DE CARANGAS,consulta externa,nuevas en personas de 5 a 14 anos,2005-09-01,35,31,35,31,66
CURVA,consulta externa,nuevas en personas de 5 a 14 anos,2005-09-01,5,8,5,8,13
DESAGUADERO,consulta externa,nuevas en personas de 5 a 14 anos,2005-09-01,21,12,21,12,33
EL ALTO,consulta externa,nuevas en personas de 5 a 14 anos,2005-09-01,7817,7947,7817,7947,15764
EL CHORO,consulta externa,nuevas en personas de 5 a 14 anos,2005-09-01,18,9,18,9,27
EL PUENTE(STC),consulta externa,nuevas en personas de 5 a 14 anos,2005-09-01,128,151,128,151,279
EL PUENTE(TJA),consulta externa,nuevas en personas de 5 a 14 anos,2005-09-01,80,69,80,69,149
EL TORNO,consulta externa,nuevas en personas de 5 a 14 anos,2005-09-01,240,203,240,203,443
EL VILLAR,consulta externa,nuevas en personas de 5 a 14 anos,2005-09-01,50,45,50,45,95
ENTRE RIOS,consulta externa,nuevas en personas de 5 a 14 anos,2005-09-01,123,146,123,146,269
ENTRE RIOS,consulta externa,nuevas en personas de 5 a 14 anos,2005-09-01,43,43,43,43,86
ESCARA,consulta externa,nuevas en personas de 5 a 14 anos,2005-09-01,1,1,1,1,2
EUCALIPTUS,consulta externa,nuevas en personas de 5 a 14 anos,2005-09-01,50,41,50,41,91
EUREKA (SANTOS MERCADO),consulta externa,nuevas en personas de 5 a 14 anos,2005-09-01,3,2,3,2,5
EXALTACION,consulta externa,nuevas en personas de 5 a 14 anos,2005-09-01,23,27,23,27,50
FERNANDEZ ALONSO,consulta externa,nuevas en personas de 5 a 14 anos,2005-09-01,52,74,52,74,126
FILADELFIA,consulta externa,nuevas en personas de 5 a 14 anos,2005-09-01,60,47,60,47,107
GENERAL SAAVEDRA,consulta externa,nuevas en personas de 5 a 14 anos,2005-09-01,84,74,84,74,158
GRAL. J.J. PEREZ (CHARAZANI),consulta externa,nuevas en personas de 5 a 14 anos,2005-09-01,60,55,60,55,115
GUANAY,consulta externa,nuevas en personas de 5 a 14 anos,2005-09-01,90,69,90,69,159
GUAQUI,consulta externa,nuevas en personas de 5 a 14 anos,2005-09-01,21,14,21,14,35
GUAYARAMERIN,consulta externa,nuevas en personas de 5 a 14 anos,2005-09-01,217,260,217,260,477
GUTIERREZ,consulta externa,nuevas en personas de 5 a 14 anos,2005-09-01,148,190,148,190,338
HUACARETA,consulta externa,nuevas en personas de 5 a 14 anos,2005-09-01,91,87,91,87,178
HUACAYA (VILLA DE HUACAYA),consulta externa,nuevas en personas de 5 a 14 anos,2005-09-01,39,37,39,37,76
HUACHACALLA,consulta externa,nuevas en personas de 5 a 14 anos,2005-09-01,6,6,6,6,12
HUANUNI,consulta externa,nuevas en personas de 5 a 14 anos,2005-09-01,285,286,285,286,571
HUARACAJE,consulta externa,nuevas en personas de 5 a 14 anos,2005-09-01,17,17,17,17,34
HUAYLLAMARCA,consulta externa,nuevas en personas de 5 a 14 anos,2005-09-01,70,74,70,74,144
ICHOCA,consulta externa,nuevas en personas de 5 a 14 anos,2005-09-01,17,15,17,15,32
ICLA,consulta externa,nuevas en personas de 5 a 14 anos,2005-09-01,19,31,19,31,50
INCAHUASI,consulta externa,nuevas en personas de 5 a 14 anos,2005-09-01,60,50,60,50,110
INGAVI (HUMAITA),consulta externa,nuevas en personas de 5 a 14 anos,2005-09-01,15,13,15,13,28
INQUISIVI,consulta externa,nuevas en personas de 5 a 14 anos,2005-09-01,34,28,34,28,62
IRUPANA (VILLA DE LANZA),consulta externa,nuevas en personas de 5 a 14 anos,2005-09-01,71,70,71,70,141
IXIAMAS,consulta externa,nuevas en personas de 5 a 14 anos,2005-09-01,52,58,52,58,110
JESUS DE MACHACA,consulta externa,nuevas en personas de 5 a 14 anos,2005-09-01,34,35,34,35,69
LA ASUNTA,consulta externa,nuevas en personas de 5 a 14 anos,2005-09-01,94,101,94,101,195
LA GUARDIA,consulta externa,nuevas en personas de 5 a 14 anos,2005-09-01,131,104,131,104,235
LA PAZ,consulta externa,nuevas en personas de 5 a 14 anos,2005-09-01,7697,7495,7697,7495,15192
LA RIVERA,consulta externa,nuevas en personas de 5 a 14 anos,2005-09-01,3,2,3,2,5
LAGUNILLAS,consulta externa,nuevas en personas de 5 a 14 anos,2005-09-01,180,196,180,196,376
LAJA,consulta externa,nuevas en personas de 5 a 14 anos,2005-09-01,31,23,31,23,54
LAS CARRERAS,consulta externa,nuevas en personas de 5 a 14 anos,2005-09-01,18,22,18,22,40
LICOMA PAMPA,consulta externa,nuevas en personas de 5 a 14 anos,2005-09-01,2,1,2,1,3
LLALLAGUA,consulta externa,nuevas en personas de 5 a 14 anos,2005-09-01,147,132,147,132,279
LLICA,consulta externa,nuevas en personas de 5 a 14 anos,2005-09-01,45,52,45,52,97
LORETO,consulta externa,nuevas en personas de 5 a 14 anos,2005-09-01,14,5,14,5,19
LURIBAY,consulta externa,nuevas en personas de 5 a 14 anos,2005-09-01,38,36,38,36,74
MACHACAMARCA,consulta externa,nuevas en personas de 5 a 14 anos,2005-09-01,29,28,29,28,57
MACHARETI,consulta externa,nuevas en personas de 5 a 14 anos,2005-09-01,110,95,110,95,205
MAGDALENA,consulta externa,nuevas en personas de 5 a 14 anos,2005-09-01,52,85,52,85,137
MAIRANA,consulta externa,nuevas en personas de 5 a 14 anos,2005-09-01,33,42,33,42,75
MALLA,consulta externa,nuevas en personas de 5 a 14 anos,2005-09-01,31,28,31,28,59
MAPIRI,consulta externa,nuevas en personas de 5 a 14 anos,2005-09-01,53,46,53,46,99
MECAPACA,consulta externa,nuevas en personas de 5 a 14 anos,2005-09-01,150,111,150,111,261
MINEROS,consulta externa,nuevas en personas de 5 a 14 anos,2005-09-01,30,15,30,15,45
MIZQUE,consulta externa,nuevas en personas de 5 a 14 anos,2005-09-01,36,28,36,28,64
MOCOMOCO,consulta externa,nuevas en personas de 5 a 14 anos,2005-09-01,78,65,78,65,143
MOJINETE,consulta externa,nuevas en personas de 5 a 14 anos,2005-09-01,6,12,6,12,18
MOJOCOYA,consulta externa,nuevas en personas de 5 a 14 anos,2005-09-01,24,23,24,23,47
MONTEAGUDO,consulta externa,nuevas en personas de 5 a 14 anos,2005-09-01,304,342,304,342,646
MONTERO,consulta externa,nuevas en personas de 5 a 14 anos,2005-09-01,426,423,426,423,849
MORO MORO,consulta externa,nuevas en personas de 5 a 14 anos,2005-09-01,169,134,169,134,303
MOROCHATA,consulta externa,nuevas en personas de 5 a 14 anos,2005-09-01,44,38,44,38,82
NACEBE (SANTA ROSA DEL ABUNA),consulta externa,nuevas en personas de 5 a 14 anos,2005-09-01,19,16,19,16,35
NAZACARA DE PACAJES,consulta externa,nuevas en personas de 5 a 14 anos,2005-09-01,2,2,2,2,4
NUEVO MANOA (NUEVA ESPERANZA),consulta externa,nuevas en personas de 5 a 14 anos,2005-09-01,31,17,31,17,48
OCURI,consulta externa,nuevas en personas de 5 a 14 anos,2005-09-01,56,40,56,40,96
OKINAWA,consulta externa,nuevas en personas de 5 a 14 anos,2005-09-01,89,101,89,101,190
OMEREQUE,consulta externa,nuevas en personas de 5 a 14 anos,2005-09-01,11,12,11,12,23
ORURO,consulta externa,nuevas en personas de 5 a 14 anos,2005-09-01,2860,2680,2860,2680,5540
PADCAYA,consulta externa,nuevas en personas de 5 a 14 anos,2005-09-01,246,195,246,195,441
PADILLA,consulta externa,nuevas en personas de 5 a 14 anos,2005-09-01,110,89,110,89,199
PAILON,consulta externa,nuevas en personas de 5 a 14 anos,2005-09-01,64,63,64,63,127
PALCA,consulta externa,nuevas en personas de 5 a 14 anos,2005-09-01,47,48,47,48,95
PALOS BLANCOS,consulta externa,nuevas en personas de 5 a 14 anos,2005-09-01,124,117,124,117,241
PAMPA AULLAGAS,consulta externa,nuevas en personas de 5 a 14 anos,2005-09-01,13,5,13,5,18
PAMPA GRANDE,consulta externa,nuevas en personas de 5 a 14 anos,2005-09-01,59,50,59,50,109
PAPEL PAMPA,consulta externa,nuevas en personas de 5 a 14 anos,2005-09-01,18,21,18,21,39
PASORAPA,consulta externa,nuevas en personas de 5 a 14 anos,2005-09-01,13,11,13,11,24
PATACAMAYA,consulta externa,nuevas en personas de 5 a 14 anos,2005-09-01,31,41,31,41,72
PAZÑA,consulta externa,nuevas en personas de 5 a 14 anos,2005-09-01,29,44,29,44,73
PELECHUCO,consulta externa,nuevas en personas de 5 a 14 anos,2005-09-01,41,29,41,29,70
POCOATA,consulta externa,nuevas en personas de 5 a 14 anos,2005-09-01,92,91,92,91,183
POCONA,consulta externa,nuevas en personas de 5 a 14 anos,2005-09-01,28,30,28,30,58
POJO (CBBA),consulta externa,nuevas en personas de 5 a 14 anos,2005-09-01,54,47,54,47,101
POOPO,consulta externa,nuevas en personas de 5 a 14 anos,2005-09-01,23,16,23,16,39
PORCO,consulta externa,nuevas en personas de 5 a 14 anos,2005-09-01,21,21,21,21,42
POROMA,consulta externa,nuevas en personas de 5 a 14 anos,2005-09-01,108,94,108,94,202
PORONGO,consulta externa,nuevas en personas de 5 a 14 anos,2005-09-01,209,229,209,229,438
PORTACHUELO,consulta externa,nuevas en personas de 5 a 14 anos,2005-09-01,113,121,113,121,234
PORVENIR,consulta externa,nuevas en personas de 5 a 14 anos,2005-09-01,20,18,20,18,38
POSTRER VALLE,consulta externa,nuevas en personas de 5 a 14 anos,2005-09-01,25,15,25,15,40
POTOSI,consulta externa,nuevas en personas de 5 a 14 anos,2005-09-01,1504,1623,1504,1623,3127
PRESTO,consulta externa,nuevas en personas de 5 a 14 anos,2005-09-01,60,43,60,43,103
PUCARA,consulta externa,nuevas en personas de 5 a 14 anos,2005-09-01,25,11,25,11,36
PUCARANI,consulta externa,nuevas en personas de 5 a 14 anos,2005-09-01,63,57,63,57,120
PUERTO ACOSTA,consulta externa,nuevas en personas de 5 a 14 anos,2005-09-01,75,63,75,63,138
PUERTO CARABUCO,consulta externa,nuevas en personas de 5 a 14 anos,2005-09-01,72,84,72,84,156
PUERTO GONZALO MORENO,consulta externa,nuevas en personas de 5 a 14 anos,2005-09-01,41,27,41,27,68
PUERTO PEREZ,consulta externa,nuevas en personas de 5 a 14 anos,2005-09-01,18,33,18,33,51
PUERTO QUIJARRO,consulta externa,nuevas en personas de 5 a 14 anos,2005-09-01,102,95,102,95,197
PUERTO RICO,consulta externa,nuevas en personas de 5 a 14 anos,2005-09-01,106,84,106,84,190
PUERTO SILES,consulta externa,nuevas en personas de 5 a 14 anos,2005-09-01,1,3,1,3,4
PUERTO SUAREZ,consulta externa,nuevas en personas de 5 a 14 anos,2005-09-01,113,128,113,128,241
PUERTO VILLARROEL,consulta externa,nuevas en personas de 5 a 14 anos,2005-09-01,161,185,161,185,346
PUNA,consulta externa,nuevas en personas de 5 a 14 anos,2005-09-01,201,219,201,219,420
PUNATA,consulta externa,nuevas en personas de 5 a 14 anos,2005-09-01,90,89,90,89,179
QUIABAYA,consulta externa,nuevas en personas de 5 a 14 anos,2005-09-01,9,9,9,9,18
QUILLACOLLO,consulta externa,nuevas en personas de 5 a 14 anos,2005-09-01,293,261,293,261,554
QUIME,consulta externa,nuevas en personas de 5 a 14 anos,2005-09-01,25,34,25,34,59
QUIRUSILLAS,consulta externa,nuevas en personas de 5 a 14 anos,2005-09-01,13,7,13,7,20
RAVELO,consulta externa,nuevas en personas de 5 a 14 anos,2005-09-01,83,86,83,86,169
REYES,consulta externa,nuevas en personas de 5 a 14 anos,2005-09-01,70,78,70,78,148
RIBERALTA,consulta externa,nuevas en personas de 5 a 14 anos,2005-09-01,265,318,265,318,583
ROBORE,consulta externa,nuevas en personas de 5 a 14 anos,2005-09-01,140,134,140,134,274
RURRENABAQUE,consulta externa,nuevas en personas de 5 a 14 anos,2005-09-01,59,60,59,60,119
SABAYA,consulta externa,nuevas en personas de 5 a 14 anos,2005-09-01,10,6,10,6,16
SACABA,consulta externa,nuevas en personas de 5 a 14 anos,2005-09-01,447,424,447,424,871
SACABAMBA,consulta externa,nuevas en personas de 5 a 14 anos,2005-09-01,15,16,15,16,31
SACACA,consulta externa,nuevas en personas de 5 a 14 anos,2005-09-01,102,94,102,94,196
SAIPINA,consulta externa,nuevas en personas de 5 a 14 anos,2005-09-01,30,35,30,35,65
SALINAS DE GARCI MENDOZA,consulta externa,nuevas en personas de 5 a 14 anos,2005-09-01,94,100,94,100,194
SAMAIPATA,consulta externa,nuevas en personas de 5 a 14 anos,2005-09-01,31,31,31,31,62
SAN AGUSTIN,consulta externa,nuevas en personas de 5 a 14 anos,2005-09-01,14,9,14,9,23
SAN ANDRES,consulta externa,nuevas en personas de 5 a 14 anos,2005-09-01,43,46,43,46,89
SAN ANDRES DE MACHACA,consulta externa,nuevas en personas de 5 a 14 anos,2005-09-01,27,22,27,22,49
SAN ANTONIO DE ESMORUCO,consulta externa,nuevas en personas de 5 a 14 anos,2005-09-01,23,22,23,22,45
SAN ANTONIO DE LOMERIO,consulta externa,nuevas en personas de 5 a 14 anos,2005-09-01,7,11,7,11,18
SAN BENITO,consulta externa,nuevas en personas de 5 a 14 anos,2005-09-01,36,40,36,40,76
SAN BORJA,consulta externa,nuevas en personas de 5 a 14 anos,2005-09-01,108,107,108,107,215
SAN BUENA VENTURA,consulta externa,nuevas en personas de 5 a 14 anos,2005-09-01,34,37,34,37,71
SAN CARLOS,consulta externa,nuevas en personas de 5 a 14 anos,2005-09-01,84,86,84,86,170
SAN IGNACIO,consulta externa,nuevas en personas de 5 a 14 anos,2005-09-01,113,124,113,124,237
SAN IGNACIO DE VELASCO,consulta externa,nuevas en personas de 5 a 14 anos,2005-09-01,308,318,308,318,626
SAN JAVIER(BNI),consulta externa,nuevas en personas de 5 a 14 anos,2005-09-01,22,30,22,30,52
SAN JAVIER(STC),consulta externa,nuevas en personas de 5 a 14 anos,2005-09-01,51,49,51,49,100
SAN JOAQUIN,consulta externa,nuevas en personas de 5 a 14 anos,2005-09-01,28,39,28,39,67
SAN JOSE DE CHIQUITOS,consulta externa,nuevas en personas de 5 a 14 anos,2005-09-01,173,207,173,207,380
SAN JUAN DE YAPACANI,consulta externa,nuevas en personas de 5 a 14 anos,2005-09-01,51,44,51,44,95
SAN JULIAN,consulta externa,nuevas en personas de 5 a 14 anos,2005-09-01,260,242,260,242,502
SAN LORENZO(PND),consulta externa,nuevas en personas de 5 a 14 anos,2005-09-01,43,42,43,42,85
SAN LORENZO(TJA),consulta externa,nuevas en personas de 5 a 14 anos,2005-09-01,134,157,134,157,291
SAN LUCAS,consulta externa,nuevas en personas de 5 a 14 anos,2005-09-01,190,144,190,144,334
SAN MATIAS,consulta externa,nuevas en personas de 5 a 14 anos,2005-09-01,21,29,21,29,50
SAN MIGUEL DE VELASCO,consulta externa,nuevas en personas de 5 a 14 anos,2005-09-01,48,48,48,48,96
SAN PABLO DE LIPEZ,consulta externa,nuevas en personas de 5 a 14 anos,2005-09-01,47,73,47,73,120
SAN PEDRO,consulta externa,nuevas en personas de 5 a 14 anos,2005-09-01,127,127,127,127,254
SAN PEDRO DE BUENA VISTA,consulta externa,nuevas en personas de 5 a 14 anos,2005-09-01,81,91,81,91,172
SAN PEDRO DE CURAHUARA,consulta externa,nuevas en personas de 5 a 14 anos,2005-09-01,184,195,184,195,379
SAN PEDRO DE QUEMES,consulta externa,nuevas en personas de 5 a 14 anos,2005-09-01,2,2,2,2,4
SAN PEDRO DE TIQUINA,consulta externa,nuevas en personas de 5 a 14 anos,2005-09-01,23,17,23,17,40
SAN PEDRO(PND),consulta externa,nuevas en personas de 5 a 14 anos,2005-09-01,3,2,3,2,5
SAN RAFAEL,consulta externa,nuevas en personas de 5 a 14 anos,2005-09-01,22,20,22,20,42
SAN RAMON,consulta externa,nuevas en personas de 5 a 14 anos,2005-09-01,44,35,44,35,79
SAN RAMON,consulta externa,nuevas en personas de 5 a 14 anos,2005-09-01,39,27,39,27,66
SANTA ANA,consulta externa,nuevas en personas de 5 a 14 anos,2005-09-01,76,60,76,60,136
SANTA CRUZ DE LA SIERRA,consulta externa,nuevas en personas de 5 a 14 anos,2005-09-01,8875,10282,8875,10282,19157
SANTA ROSA,consulta externa,nuevas en personas de 5 a 14 anos,2005-09-01,20,14,20,14,34
SANTA ROSA DEL SARA,consulta externa,nuevas en personas de 5 a 14 anos,2005-09-01,59,69,59,69,128
SANTIAGO DE CALLAPA,consulta externa,nuevas en personas de 5 a 14 anos,2005-09-01,33,21,33,21,54
SANTIAGO DE HUARI,consulta externa,nuevas en personas de 5 a 14 anos,2005-09-01,32,36,32,36,68
SANTIAGO DE MACHACA,consulta externa,nuevas en personas de 5 a 14 anos,2005-09-01,7,8,7,8,15
SANTIVAÑES,consulta externa,nuevas en personas de 5 a 14 anos,2005-09-01,20,19,20,19,39
SANTUARIO DE QUILLACAS,consulta externa,nuevas en personas de 5 a 14 anos,2005-09-01,46,36,46,36,82
SAPAHAQUI,consulta externa,nuevas en personas de 5 a 14 anos,2005-09-01,48,29,48,29,77
SENA,consulta externa,nuevas en personas de 5 a 14 anos,2005-09-01,32,35,32,35,67
SICA SICA (VILLA AROMA),consulta externa,nuevas en personas de 5 a 14 anos,2005-09-01,39,46,39,46,85
SICAYA,consulta externa,nuevas en personas de 5 a 14 anos,2005-09-01,4,2,4,2,6
SIPE SIPE,consulta externa,nuevas en personas de 5 a 14 anos,2005-09-01,97,65,97,65,162
SOPACHUY,consulta externa,nuevas en personas de 5 a 14 anos,2005-09-01,49,52,49,52,101
SORACACHI,consulta externa,nuevas en personas de 5 a 14 anos,2005-09-01,45,30,45,30,75
SORATA,consulta externa,nuevas en personas de 5 a 14 anos,2005-09-01,72,49,72,49,121
SUCRE,consulta externa,nuevas en personas de 5 a 14 anos,2005-09-01,2546,2621,2546,2621,5167
TACACHI,consulta externa,nuevas en personas de 5 a 14 anos,2005-09-01,7,13,7,13,20
TACACOMA,consulta externa,nuevas en personas de 5 a 14 anos,2005-09-01,5,10,5,10,15
TACOBAMBA,consulta externa,nuevas en personas de 5 a 14 anos,2005-09-01,31,29,31,29,60
TACOPAYA,consulta externa,nuevas en personas de 5 a 14 anos,2005-09-01,20,17,20,17,37
TAHUA,consulta externa,nuevas en personas de 5 a 14 anos,2005-09-01,2,4,2,4,6
TAPACARI,consulta externa,nuevas en personas de 5 a 14 anos,2005-09-01,119,87,119,87,206
TARABUCO,consulta externa,nuevas en personas de 5 a 14 anos,2005-09-01,74,65,74,65,139
TARACO,consulta externa,nuevas en personas de 5 a 14 anos,2005-09-01,22,12,22,12,34
TARATA,consulta externa,nuevas en personas de 5 a 14 anos,2005-09-01,15,29,15,29,44
TARIJA,consulta externa,nuevas en personas de 5 a 14 anos,2005-09-01,1555,1574,1555,1574,3129
TARVITA,consulta externa,nuevas en personas de 5 a 14 anos,2005-09-01,175,210,175,210,385
TEOPONTE,consulta externa,nuevas en personas de 5 a 14 anos,2005-09-01,236,160,236,160,396
TIAWANACU,consulta externa,nuevas en personas de 5 a 14 anos,2005-09-01,71,74,71,74,145
TINGUIPAYA,consulta externa,nuevas en personas de 5 a 14 anos,2005-09-01,77,61,77,61,138
TIPUANI,consulta externa,nuevas en personas de 5 a 14 anos,2005-09-01,89,105,89,105,194
TIQUIPAYA,consulta externa,nuevas en personas de 5 a 14 anos,2005-09-01,189,96,189,96,285
TIRAQUE (CBBA),consulta externa,nuevas en personas de 5 a 14 anos,2005-09-01,147,110,147,110,257
TITO YUPANQUI (PARQUIPUJIO),consulta externa,nuevas en personas de 5 a 14 anos,2005-09-01,12,5,12,5,17
TOCO,consulta externa,nuevas en personas de 5 a 14 anos,2005-09-01,10,7,10,7,17
TODOS SANTOS,consulta externa,nuevas en personas de 5 a 14 anos,2005-09-01,2,1,2,1,3
TOLATA,consulta externa,nuevas en personas de 5 a 14 anos,2005-09-01,10,18,10,18,28
TOLEDO,consulta externa,nuevas en personas de 5 a 14 anos,2005-09-01,24,24,24,24,48
TOMAVE,consulta externa,nuevas en personas de 5 a 14 anos,2005-09-01,48,69,48,69,117
TOMINA,consulta externa,nuevas en personas de 5 a 14 anos,2005-09-01,33,40,33,40,73
TORO TORO,consulta externa,nuevas en personas de 5 a 14 anos,2005-09-01,36,40,36,40,76
TOTORA(CBBA),consulta externa,nuevas en personas de 5 a 14 anos,2005-09-01,36,23,36,23,59
TOTORA(ORR),consulta externa,nuevas en personas de 5 a 14 anos,2005-09-01,23,27,23,27,50
TRIGAL,consulta externa,nuevas en personas de 5 a 14 anos,2005-09-01,12,3,12,3,15
TRINIDAD,consulta externa,nuevas en personas de 5 a 14 anos,2005-09-01,630,731,630,731,1361
TUPIZA,consulta externa,nuevas en personas de 5 a 14 anos,2005-09-01,701,726,701,726,1427
TURCO,consulta externa,nuevas en personas de 5 a 14 anos,2005-09-01,81,86,81,86,167
UMALA,consulta externa,nuevas en personas de 5 a 14 anos,2005-09-01,22,21,22,21,43
UNCIA,consulta externa,nuevas en personas de 5 a 14 anos,2005-09-01,124,125,124,125,249
URIONDO (A. CONCEPCION),consulta externa,nuevas en personas de 5 a 14 anos,2005-09-01,148,158,148,158,306
URUBICHA,consulta externa,nuevas en personas de 5 a 14 anos,2005-09-01,48,60,48,60,108
UYUNI,consulta externa,nuevas en personas de 5 a 14 anos,2005-09-01,80,107,80,107,187
VACAS,consulta externa,nuevas en personas de 5 a 14 anos,2005-09-01,832,928,832,928,1760
VALLEGRANDE,consulta externa,nuevas en personas de 5 a 14 anos,2005-09-01,148,158,148,158,306
VIACHA,consulta externa,nuevas en personas de 5 a 14 anos,2005-09-01,365,343,365,343,708
VILA VILA,consulta externa,nuevas en personas de 5 a 14 anos,2005-09-01,8,10,8,10,18
VILLA MONTES,consulta externa,nuevas en personas de 5 a 14 anos,2005-09-01,484,422,484,422,906
VILLA NUEVA (LOMA ALTA),consulta externa,nuevas en personas de 5 a 14 anos,2005-09-01,19,17,19,17,36
VILLA RIVERO,consulta externa,nuevas en personas de 5 a 14 anos,2005-09-01,8,10,8,10,18
VILLA SERRANO,consulta externa,nuevas en personas de 5 a 14 anos,2005-09-01,41,48,41,48,89
VILLA TUNARI,consulta externa,nuevas en personas de 5 a 14 anos,2005-09-01,257,203,257,203,460
VILLA VACA GUZMAN (MUYUPAMPA),consulta externa,nuevas en personas de 5 a 14 anos,2005-09-01,134,149,134,149,283
VILLAZON,consulta externa,nuevas en personas de 5 a 14 anos,2005-09-01,315,305,315,305,620
VINTO,consulta externa,nuevas en personas de 5 a 14 anos,2005-09-01,47,58,47,58,105
VITICHI,consulta externa,nuevas en personas de 5 a 14 anos,2005-09-01,53,38,53,38,91
WALDO BALLIVIAN,consulta externa,nuevas en personas de 5 a 14 anos,2005-09-01,1,7,1,7,8
WARNES,consulta externa,nuevas en personas de 5 a 14 anos,2005-09-01,218,242,218,242,460
YACO,consulta externa,nuevas en personas de 5 a 14 anos,2005-09-01,16,24,16,24,40
YACUIBA,consulta externa,nuevas en personas de 5 a 14 anos,2005-09-01,719,604,719,604,1323
YAMPARAEZ,consulta externa,nuevas en personas de 5 a 14 anos,2005-09-01,33,34,33,34,67
YANACACHI,consulta externa,nuevas en personas de 5 a 14 anos,2005-09-01,36,37,36,37,73
YAPACANI,consulta externa,nuevas en personas de 5 a 14 anos,2005-09-01,155,152,155,152,307
YOCALLA,consulta externa,nuevas en personas de 5 a 14 anos,2005-09-01,31,39,31,39,70
YOTALA,consulta externa,nuevas en personas de 5 a 14 anos,2005-09-01,50,33,50,33,83
YUNCHARA,consulta externa,nuevas en personas de 5 a 14 anos,2005-09-01,15,17,15,17,32
ZUDAÑEZ,consulta externa,nuevas en personas de 5 a 14 anos,2005-09-01,47,54,47,54,101
ACACIO,consulta externa,nuevas en personas de 5 a 14 anos,2005-10-01,60,43,60,43,103
ACHACACHI,consulta externa,nuevas en personas de 5 a 14 anos,2005-10-01,167,169,167,169,336
ACHOCALLA,consulta externa,nuevas en personas de 5 a 14 anos,2005-10-01,18,19,18,19,37
AIQUILE,consulta externa,nuevas en personas de 5 a 14 anos,2005-10-01,149,99,149,99,248
ALALAY,consulta externa,nuevas en personas de 5 a 14 anos,2005-10-01,4,3,4,3,7
ALCALA,consulta externa,nuevas en personas de 5 a 14 anos,2005-10-01,35,37,35,37,72
ANCORAIMES,consulta externa,nuevas en personas de 5 a 14 anos,2005-10-01,22,30,22,30,52
ANDAMARCA,consulta externa,nuevas en personas de 5 a 14 anos,2005-10-01,107,104,107,104,211
ANTEQUERA,consulta externa,nuevas en personas de 5 a 14 anos,2005-10-01,58,63,58,63,121
ANZALDO,consulta externa,nuevas en personas de 5 a 14 anos,2005-10-01,24,20,24,20,44
APOLO,consulta externa,nuevas en personas de 5 a 14 anos,2005-10-01,70,56,70,56,126
ARAMPAMPA,consulta externa,nuevas en personas de 5 a 14 anos,2005-10-01,18,15,18,15,33
ARANI,consulta externa,nuevas en personas de 5 a 14 anos,2005-10-01,15,22,15,22,37
ARBIETO,consulta externa,nuevas en personas de 5 a 14 anos,2005-10-01,26,27,26,27,53
ARQUE,consulta externa,nuevas en personas de 5 a 14 anos,2005-10-01,29,24,29,24,53
ASCENCION DE GUARAYOS,consulta externa,nuevas en personas de 5 a 14 anos,2005-10-01,87,130,87,130,217
ATOCHA,consulta externa,nuevas en personas de 5 a 14 anos,2005-10-01,218,240,218,240,458
AUCAPATA,consulta externa,nuevas en personas de 5 a 14 anos,2005-10-01,13,19,13,19,32
AYATA,consulta externa,nuevas en personas de 5 a 14 anos,2005-10-01,42,22,42,22,64
AYO AYO,consulta externa,nuevas en personas de 5 a 14 anos,2005-10-01,31,33,31,33,64
AYOPAYA (V. DE INDEPENDENCIA),consulta externa,nuevas en personas de 5 a 14 anos,2005-10-01,108,103,108,103,211
AZURDUY,consulta externa,nuevas en personas de 5 a 14 anos,2005-10-01,138,141,138,141,279
BATALLAS,consulta externa,nuevas en personas de 5 a 14 anos,2005-10-01,59,45,59,45,104
BAURES,consulta externa,nuevas en personas de 5 a 14 anos,2005-10-01,39,31,39,31,70
BELEN DE ANDAMARCA,consulta externa,nuevas en personas de 5 a 14 anos,2005-10-01,17,21,17,21,38
BELEN DE URMIRI,consulta externa,nuevas en personas de 5 a 14 anos,2005-10-01,25,23,25,23,48
BELLA FLOR,consulta externa,nuevas en personas de 5 a 14 anos,2005-10-01,35,31,35,31,66
BERMEJO,consulta externa,nuevas en personas de 5 a 14 anos,2005-10-01,349,467,349,467,816
BETANZOS,consulta externa,nuevas en personas de 5 a 14 anos,2005-10-01,306,179,306,179,485
BOLIVAR,consulta externa,nuevas en personas de 5 a 14 anos,2005-10-01,12,19,12,19,31
BOLPEBRA,consulta externa,nuevas en personas de 5 a 14 anos,2005-10-01,6,4,6,4,10
BOYUIBE,consulta externa,nuevas en personas de 5 a 14 anos,2005-10-01,20,11,20,11,31
BUENA VISTA,consulta externa,nuevas en personas de 5 a 14 anos,2005-10-01,108,91,108,91,199
CABEZAS,consulta externa,nuevas en personas de 5 a 14 anos,2005-10-01,145,124,145,124,269
CAIROMA,consulta externa,nuevas en personas de 5 a 14 anos,2005-10-01,20,40,20,40,60
"CAIZA ""D""",consulta externa,nuevas en personas de 5 a 14 anos,2005-10-01,57,73,57,73,130
CAJUATA,consulta externa,nuevas en personas de 5 a 14 anos,2005-10-01,41,46,41,46,87
CALACOTO,consulta externa,nuevas en personas de 5 a 14 anos,2005-10-01,40,29,40,29,69
CALAMARCA,consulta externa,nuevas en personas de 5 a 14 anos,2005-10-01,38,35,38,35,73
CAMARGO,consulta externa,nuevas en personas de 5 a 14 anos,2005-10-01,117,94,117,94,211
CAMATAQUI (C. VILLA ABECIA),consulta externa,nuevas en personas de 5 a 14 anos,2005-10-01,23,27,23,27,50
CAMIRI,consulta externa,nuevas en personas de 5 a 14 anos,2005-10-01,510,620,510,620,1130
CAPINOTA,consulta externa,nuevas en personas de 5 a 14 anos,2005-10-01,100,88,100,88,188
CAQUIAVIRI,consulta externa,nuevas en personas de 5 a 14 anos,2005-10-01,34,48,34,48,82
CARACOLLO,consulta externa,nuevas en personas de 5 a 14 anos,2005-10-01,135,159,135,159,294
CARANAVI,consulta externa,nuevas en personas de 5 a 14 anos,2005-10-01,345,307,345,307,652
CARANGAS,consulta externa,nuevas en personas de 5 a 14 anos,2005-10-01,4,2,4,2,6
CARAPARI,consulta externa,nuevas en personas de 5 a 14 anos,2005-10-01,118,143,118,143,261
CARIPUYO,consulta externa,nuevas en personas de 5 a 14 anos,2005-10-01,31,31,31,31,62
CARMEN RIVERO TORREZ,consulta externa,nuevas en personas de 5 a 14 anos,2005-10-01,9,8,9,8,17
CATACORA,consulta externa,nuevas en personas de 5 a 14 anos,2005-10-01,5,3,5,3,8
CHACARILLA,consulta externa,nuevas en personas de 5 a 14 anos,2005-10-01,3,11,3,11,14
CHALLAPATA,consulta externa,nuevas en personas de 5 a 14 anos,2005-10-01,279,255,279,255,534
CHAQUI,consulta externa,nuevas en personas de 5 a 14 anos,2005-10-01,35,40,35,40,75
CHARAGUA,consulta externa,nuevas en personas de 5 a 14 anos,2005-10-01,113,129,113,129,242
CHARAÑA,consulta externa,nuevas en personas de 5 a 14 anos,2005-10-01,22,20,22,20,42
CHAYANTA,consulta externa,nuevas en personas de 5 a 14 anos,2005-10-01,106,96,106,96,202
CHIMORE,consulta externa,nuevas en personas de 5 a 14 anos,2005-10-01,75,74,75,74,149
CHIPAYA,consulta externa,nuevas en personas de 5 a 14 anos,2005-10-01,6,4,6,4,10
CHOQUE COTA,consulta externa,nuevas en personas de 5 a 14 anos,2005-10-01,48,56,48,56,104
CHULUMANI (V. DE LA LIBERTAD),consulta externa,nuevas en personas de 5 a 14 anos,2005-10-01,75,85,75,85,160
CHUMA,consulta externa,nuevas en personas de 5 a 14 anos,2005-10-01,63,57,63,57,120
CLIZA,consulta externa,nuevas en personas de 5 a 14 anos,2005-10-01,26,24,26,24,50
COBIJA,consulta externa,nuevas en personas de 5 a 14 anos,2005-10-01,137,132,137,132,269
COCHABAMBA,consulta externa,nuevas en personas de 5 a 14 anos,2005-10-01,5420,5509,5420,5509,10929
COIPASA,consulta externa,nuevas en personas de 5 a 14 anos,2005-10-01,6,5,6,5,11
COLCAPIRHUA,consulta externa,nuevas en personas de 5 a 14 anos,2005-10-01,266,239,266,239,505
"COLCHA ""K""",consulta externa,nuevas en personas de 5 a 14 anos,2005-10-01,76,88,76,88,164
COLLANA,consulta externa,nuevas en personas de 5 a 14 anos,2005-10-01,8,7,8,7,15
COLOMI,consulta externa,nuevas en personas de 5 a 14 anos,2005-10-01,58,39,58,39,97
COLPA BELGICA,consulta externa,nuevas en personas de 5 a 14 anos,2005-10-01,147,168,147,168,315
COLQUECHACA,consulta externa,nuevas en personas de 5 a 14 anos,2005-10-01,101,125,101,125,226
COLQUENCHA,consulta externa,nuevas en personas de 5 a 14 anos,2005-10-01,28,26,28,26,54
COLQUIRI,consulta externa,nuevas en personas de 5 a 14 anos,2005-10-01,66,76,66,76,142
COMANCHE,consulta externa,nuevas en personas de 5 a 14 anos,2005-10-01,13,11,13,11,24
COMARAPA,consulta externa,nuevas en personas de 5 a 14 anos,2005-10-01,96,65,96,65,161
COMBAYA,consulta externa,nuevas en personas de 5 a 14 anos,2005-10-01,8,11,8,11,19
CONCEPCION,consulta externa,nuevas en personas de 5 a 14 anos,2005-10-01,17,36,17,36,53
COPACABANA,consulta externa,nuevas en personas de 5 a 14 anos,2005-10-01,33,27,33,27,60
CORIPATA,consulta externa,nuevas en personas de 5 a 14 anos,2005-10-01,54,63,54,63,117
CORO CORO,consulta externa,nuevas en personas de 5 a 14 anos,2005-10-01,32,20,32,20,52
COROICO,consulta externa,nuevas en personas de 5 a 14 anos,2005-10-01,92,89,92,89,181
CORQUE,consulta externa,nuevas en personas de 5 a 14 anos,2005-10-01,61,69,61,69,130
COTAGAITA,consulta externa,nuevas en personas de 5 a 14 anos,2005-10-01,220,268,220,268,488
COTOCA,consulta externa,nuevas en personas de 5 a 14 anos,2005-10-01,85,75,85,75,160
CUATRO CAÑADAS,consulta externa,nuevas en personas de 5 a 14 anos,2005-10-01,100,102,100,102,202
CUCHUMUELA (V. G. VILLARROEL),consulta externa,nuevas en personas de 5 a 14 anos,2005-10-01,13,4,13,4,17
CUEVO,consulta externa,nuevas en personas de 5 a 14 anos,2005-10-01,35,40,35,40,75
CULPINA,consulta externa,nuevas en personas de 5 a 14 anos,2005-10-01,73,73,73,73,146
CURAHUARA DE CARANGAS,consulta externa,nuevas en personas de 5 a 14 anos,2005-10-01,130,142,130,142,272
CURVA,consulta externa,nuevas en personas de 5 a 14 anos,2005-10-01,9,10,9,10,19
DESAGUADERO,consulta externa,nuevas en personas de 5 a 14 anos,2005-10-01,19,9,19,9,28
EL ALTO,consulta externa,nuevas en personas de 5 a 14 anos,2005-10-01,5035,4153,5035,4153,9188
EL CHORO,consulta externa,nuevas en personas de 5 a 14 anos,2005-10-01,36,36,36,36,72
EL PUENTE(STC),consulta externa,nuevas en personas de 5 a 14 anos,2005-10-01,93,122,93,122,215
EL PUENTE(TJA),consulta externa,nuevas en personas de 5 a 14 anos,2005-10-01,52,60,52,60,112
EL TORNO,consulta externa,nuevas en personas de 5 a 14 anos,2005-10-01,178,171,178,171,349
EL VILLAR,consulta externa,nuevas en personas de 5 a 14 anos,2005-10-01,27,23,27,23,50
ENTRE RIOS,consulta externa,nuevas en personas de 5 a 14 anos,2005-10-01,189,196,189,196,385
ENTRE RIOS,consulta externa,nuevas en personas de 5 a 14 anos,2005-10-01,67,58,67,58,125
EUCALIPTUS,consulta externa,nuevas en personas de 5 a 14 anos,2005-10-01,44,30,44,30,74
EUREKA (SANTOS MERCADO),consulta externa,nuevas en personas de 5 a 14 anos,2005-10-01,6,2,6,2,8
EXALTACION,consulta externa,nuevas en personas de 5 a 14 anos,2005-10-01,6,15,6,15,21
FERNANDEZ ALONSO,consulta externa,nuevas en personas de 5 a 14 anos,2005-10-01,44,34,44,34,78
FILADELFIA,consulta externa,nuevas en personas de 5 a 14 anos,2005-10-01,6,12,6,12,18
GENERAL SAAVEDRA,consulta externa,nuevas en personas de 5 a 14 anos,2005-10-01,69,72,69,72,141
GRAL. J.J. PEREZ (CHARAZANI),consulta externa,nuevas en personas de 5 a 14 anos,2005-10-01,8,22,8,22,30
GUANAY,consulta externa,nuevas en personas de 5 a 14 anos,2005-10-01,115,97,115,97,212
GUAQUI,consulta externa,nuevas en personas de 5 a 14 anos,2005-10-01,16,16,16,16,32
GUAYARAMERIN,consulta externa,nuevas en personas de 5 a 14 anos,2005-10-01,294,313,294,313,607
GUTIERREZ,consulta externa,nuevas en personas de 5 a 14 anos,2005-10-01,213,218,213,218,431
HUACARETA,consulta externa,nuevas en personas de 5 a 14 anos,2005-10-01,83,85,83,85,168
HUACAYA (VILLA DE HUACAYA),consulta externa,nuevas en personas de 5 a 14 anos,2005-10-01,35,31,35,31,66
HUACHACALLA,consulta externa,nuevas en personas de 5 a 14 anos,2005-10-01,1,3,1,3,4
HUANUNI,consulta externa,nuevas en personas de 5 a 14 anos,2005-10-01,167,327,167,327,494
HUARACAJE,consulta externa,nuevas en personas de 5 a 14 anos,2005-10-01,13,6,13,6,19
HUAYLLAMARCA,consulta externa,nuevas en personas de 5 a 14 anos,2005-10-01,36,22,36,22,58
ICHOCA,consulta externa,nuevas en personas de 5 a 14 anos,2005-10-01,36,27,36,27,63
ICLA,consulta externa,nuevas en personas de 5 a 14 anos,2005-10-01,53,58,53,58,111
INCAHUASI,consulta externa,nuevas en personas de 5 a 14 anos,2005-10-01,52,61,52,61,113
INGAVI (HUMAITA),consulta externa,nuevas en personas de 5 a 14 anos,2005-10-01,11,10,11,10,21
INQUISIVI,consulta externa,nuevas en personas de 5 a 14 anos,2005-10-01,36,37,36,37,73
IRUPANA (VILLA DE LANZA),consulta externa,nuevas en personas de 5 a 14 anos,2005-10-01,90,104,90,104,194
IXIAMAS,consulta externa,nuevas en personas de 5 a 14 anos,2005-10-01,42,53,42,53,95
JESUS DE MACHACA,consulta externa,nuevas en personas de 5 a 14 anos,2005-10-01,45,62,45,62,107
LA ASUNTA,consulta externa,nuevas en personas de 5 a 14 anos,2005-10-01,66,70,66,70,136
LA GUARDIA,consulta externa,nuevas en personas de 5 a 14 anos,2005-10-01,176,191,176,191,367
LA PAZ,consulta externa,nuevas en personas de 5 a 14 anos,2005-10-01,5942,5609,5942,5609,11551
LA RIVERA,consulta externa,nuevas en personas de 5 a 14 anos,2005-10-01,4,3,4,3,7
LAGUNILLAS,consulta externa,nuevas en personas de 5 a 14 anos,2005-10-01,46,53,46,53,99
LAJA,consulta externa,nuevas en personas de 5 a 14 anos,2005-10-01,29,21,29,21,50
LAS CARRERAS,consulta externa,nuevas en personas de 5 a 14 anos,2005-10-01,19,17,19,17,36
LICOMA PAMPA,consulta externa,nuevas en personas de 5 a 14 anos,2005-10-01,13,3,13,3,16
LLALLAGUA,consulta externa,nuevas en personas de 5 a 14 anos,2005-10-01,208,175,208,175,383
LLICA,consulta externa,nuevas en personas de 5 a 14 anos,2005-10-01,28,29,28,29,57
LORETO,consulta externa,nuevas en personas de 5 a 14 anos,2005-10-01,18,14,18,14,32
LURIBAY,consulta externa,nuevas en personas de 5 a 14 anos,2005-10-01,40,36,40,36,76
MACHACAMARCA,consulta externa,nuevas en personas de 5 a 14 anos,2005-10-01,18,30,18,30,48
MACHARETI,consulta externa,nuevas en personas de 5 a 14 anos,2005-10-01,130,147,130,147,277
MAGDALENA,consulta externa,nuevas en personas de 5 a 14 anos,2005-10-01,90,88,90,88,178
MAIRANA,consulta externa,nuevas en personas de 5 a 14 anos,2005-10-01,37,40,37,40,77
MALLA,consulta externa,nuevas en personas de 5 a 14 anos,2005-10-01,38,31,38,31,69
MAPIRI,consulta externa,nuevas en personas de 5 a 14 anos,2005-10-01,170,168,170,168,338
MECAPACA,consulta externa,nuevas en personas de 5 a 14 anos,2005-10-01,113,86,113,86,199
MINEROS,consulta externa,nuevas en personas de 5 a 14 anos,2005-10-01,22,24,22,24,46
MIZQUE,consulta externa,nuevas en personas de 5 a 14 anos,2005-10-01,40,46,40,46,86
MOCOMOCO,consulta externa,nuevas en personas de 5 a 14 anos,2005-10-01,106,72,106,72,178
MOJINETE,consulta externa,nuevas en personas de 5 a 14 anos,2005-10-01,9,9,9,9,18
MOJOCOYA,consulta externa,nuevas en personas de 5 a 14 anos,2005-10-01,60,57,60,57,117
MONTEAGUDO,consulta externa,nuevas en personas de 5 a 14 anos,2005-10-01,267,252,267,252,519
MONTERO,consulta externa,nuevas en personas de 5 a 14 anos,2005-10-01,416,394,416,394,810
MORO MORO,consulta externa,nuevas en personas de 5 a 14 anos,2005-10-01,154,151,154,151,305
MOROCHATA,consulta externa,nuevas en personas de 5 a 14 anos,2005-10-01,59,49,59,49,108
NACEBE (SANTA ROSA DEL ABUNA),consulta externa,nuevas en personas de 5 a 14 anos,2005-10-01,48,65,48,65,113
NAZACARA DE PACAJES,consulta externa,nuevas en personas de 5 a 14 anos,2005-10-01,1,3,1,3,4
NUEVO MANOA (NUEVA ESPERANZA),consulta externa,nuevas en personas de 5 a 14 anos,2005-10-01,84,67,84,67,151
OCURI,consulta externa,nuevas en personas de 5 a 14 anos,2005-10-01,63,53,63,53,116
OKINAWA,consulta externa,nuevas en personas de 5 a 14 anos,2005-10-01,81,81,81,81,162
OMEREQUE,consulta externa,nuevas en personas de 5 a 14 anos,2005-10-01,25,33,25,33,58
ORURO,consulta externa,nuevas en personas de 5 a 14 anos,2005-10-01,2724,2714,2724,2714,5438
PADCAYA,consulta externa,nuevas en personas de 5 a 14 anos,2005-10-01,212,174,212,174,386
PADILLA,consulta externa,nuevas en personas de 5 a 14 anos,2005-10-01,107,101,107,101,208
PAILON,consulta externa,nuevas en personas de 5 a 14 anos,2005-10-01,34,51,34,51,85
PALCA,consulta externa,nuevas en personas de 5 a 14 anos,2005-10-01,69,46,69,46,115
PALOS BLANCOS,consulta externa,nuevas en personas de 5 a 14 anos,2005-10-01,173,141,173,141,314
PAMPA AULLAGAS,consulta externa,nuevas en personas de 5 a 14 anos,2005-10-01,37,51,37,51,88
PAMPA GRANDE,consulta externa,nuevas en personas de 5 a 14 anos,2005-10-01,29,42,29,42,71
PAPEL PAMPA,consulta externa,nuevas en personas de 5 a 14 anos,2005-10-01,19,26,19,26,45
PASORAPA,consulta externa,nuevas en personas de 5 a 14 anos,2005-10-01,18,24,18,24,42
PATACAMAYA,consulta externa,nuevas en personas de 5 a 14 anos,2005-10-01,41,33,41,33,74
PAZÑA,consulta externa,nuevas en personas de 5 a 14 anos,2005-10-01,79,119,79,119,198
PELECHUCO,consulta externa,nuevas en personas de 5 a 14 anos,2005-10-01,80,63,80,63,143
POCOATA,consulta externa,nuevas en personas de 5 a 14 anos,2005-10-01,168,123,168,123,291
POCONA,consulta externa,nuevas en personas de 5 a 14 anos,2005-10-01,43,46,43,46,89
POJO (CBBA),consulta externa,nuevas en personas de 5 a 14 anos,2005-10-01,13,8,13,8,21
POOPO,consulta externa,nuevas en personas de 5 a 14 anos,2005-10-01,63,42,63,42,105
PORCO,consulta externa,nuevas en personas de 5 a 14 anos,2005-10-01,52,51,52,51,103
POROMA,consulta externa,nuevas en personas de 5 a 14 anos,2005-10-01,47,50,47,50,97
PORONGO,consulta externa,nuevas en personas de 5 a 14 anos,2005-10-01,315,223,315,223,538
PORTACHUELO,consulta externa,nuevas en personas de 5 a 14 anos,2005-10-01,144,135,144,135,279
PORVENIR,consulta externa,nuevas en personas de 5 a 14 anos,2005-10-01,20,13,20,13,33
POSTRER VALLE,consulta externa,nuevas en personas de 5 a 14 anos,2005-10-01,14,12,14,12,26
POTOSI,consulta externa,nuevas en personas de 5 a 14 anos,2005-10-01,2180,3176,2180,3176,5356
PRESTO,consulta externa,nuevas en personas de 5 a 14 anos,2005-10-01,32,27,32,27,59
PUCARA,consulta externa,nuevas en personas de 5 a 14 anos,2005-10-01,27,27,27,27,54
PUCARANI,consulta externa,nuevas en personas de 5 a 14 anos,2005-10-01,60,70,60,70,130
PUERTO ACOSTA,consulta externa,nuevas en personas de 5 a 14 anos,2005-10-01,164,176,164,176,340
PUERTO CARABUCO,consulta externa,nuevas en personas de 5 a 14 anos,2005-10-01,139,127,139,127,266
PUERTO GONZALO MORENO,consulta externa,nuevas en personas de 5 a 14 anos,2005-10-01,49,45,49,45,94
PUERTO PEREZ,consulta externa,nuevas en personas de 5 a 14 anos,2005-10-01,18,17,18,17,35
PUERTO QUIJARRO,consulta externa,nuevas en personas de 5 a 14 anos,2005-10-01,113,89,113,89,202
PUERTO RICO,consulta externa,nuevas en personas de 5 a 14 anos,2005-10-01,45,63,45,63,108
PUERTO SILES,consulta externa,nuevas en personas de 5 a 14 anos,2005-10-01,2,0,2,0,2
PUERTO SUAREZ,consulta externa,nuevas en personas de 5 a 14 anos,2005-10-01,118,115,118,115,233
PUERTO VILLARROEL,consulta externa,nuevas en personas de 5 a 14 anos,2005-10-01,210,187,210,187,397
PUNA,consulta externa,nuevas en personas de 5 a 14 anos,2005-10-01,294,256,294,256,550
PUNATA,consulta externa,nuevas en personas de 5 a 14 anos,2005-10-01,115,75,115,75,190
QUIABAYA,consulta externa,nuevas en personas de 5 a 14 anos,2005-10-01,11,7,11,7,18
QUILLACOLLO,consulta externa,nuevas en personas de 5 a 14 anos,2005-10-01,185,209,185,209,394
QUIME,consulta externa,nuevas en personas de 5 a 14 anos,2005-10-01,24,36,24,36,60
QUIRUSILLAS,consulta externa,nuevas en personas de 5 a 14 anos,2005-10-01,17,8,17,8,25
RAVELO,consulta externa,nuevas en personas de 5 a 14 anos,2005-10-01,58,55,58,55,113
REYES,consulta externa,nuevas en personas de 5 a 14 anos,2005-10-01,76,52,76,52,128
RIBERALTA,consulta externa,nuevas en personas de 5 a 14 anos,2005-10-01,518,481,518,481,999
ROBORE,consulta externa,nuevas en personas de 5 a 14 anos,2005-10-01,78,77,78,77,155
RURRENABAQUE,consulta externa,nuevas en personas de 5 a 14 anos,2005-10-01,92,77,92,77,169
SABAYA,consulta externa,nuevas en personas de 5 a 14 anos,2005-10-01,15,12,15,12,27
SACABA,consulta externa,nuevas en personas de 5 a 14 anos,2005-10-01,333,327,333,327,660
SACABAMBA,consulta externa,nuevas en personas de 5 a 14 anos,2005-10-01,11,11,11,11,22
SACACA,consulta externa,nuevas en personas de 5 a 14 anos,2005-10-01,79,83,79,83,162
SAIPINA,consulta externa,nuevas en personas de 5 a 14 anos,2005-10-01,10,5,10,5,15
SALINAS DE GARCI MENDOZA,consulta externa,nuevas en personas de 5 a 14 anos,2005-10-01,59,58,59,58,117
SAMAIPATA,consulta externa,nuevas en personas de 5 a 14 anos,2005-10-01,45,39,45,39,84
SAN AGUSTIN,consulta externa,nuevas en personas de 5 a 14 anos,2005-10-01,10,10,10,10,20
SAN ANDRES,consulta externa,nuevas en personas de 5 a 14 anos,2005-10-01,24,44,24,44,68
SAN ANDRES DE MACHACA,consulta externa,nuevas en personas de 5 a 14 anos,2005-10-01,25,28,25,28,53
SAN ANTONIO DE ESMORUCO,consulta externa,nuevas en personas de 5 a 14 anos,2005-10-01,21,20,21,20,41
SAN ANTONIO DE LOMERIO,consulta externa,nuevas en personas de 5 a 14 anos,2005-10-01,18,8,18,8,26
SAN BENITO,consulta externa,nuevas en personas de 5 a 14 anos,2005-10-01,61,85,61,85,146
SAN BORJA,consulta externa,nuevas en personas de 5 a 14 anos,2005-10-01,86,94,86,94,180
SAN BUENA VENTURA,consulta externa,nuevas en personas de 5 a 14 anos,2005-10-01,33,40,33,40,73
SAN CARLOS,consulta externa,nuevas en personas de 5 a 14 anos,2005-10-01,130,137,130,137,267
SAN IGNACIO,consulta externa,nuevas en personas de 5 a 14 anos,2005-10-01,111,114,111,114,225
SAN IGNACIO DE VELASCO,consulta externa,nuevas en personas de 5 a 14 anos,2005-10-01,274,284,274,284,558
SAN JAVIER(BNI),consulta externa,nuevas en personas de 5 a 14 anos,2005-10-01,18,18,18,18,36
SAN JAVIER(STC),consulta externa,nuevas en personas de 5 a 14 anos,2005-10-01,21,34,21,34,55
SAN JOAQUIN,consulta externa,nuevas en personas de 5 a 14 anos,2005-10-01,14,15,14,15,29
SAN JOSE DE CHIQUITOS,consulta externa,nuevas en personas de 5 a 14 anos,2005-10-01,141,170,141,170,311
SAN JUAN DE YAPACANI,consulta externa,nuevas en personas de 5 a 14 anos,2005-10-01,67,58,67,58,125
SAN JULIAN,consulta externa,nuevas en personas de 5 a 14 anos,2005-10-01,298,263,298,263,561
SAN LORENZO(PND),consulta externa,nuevas en personas de 5 a 14 anos,2005-10-01,36,41,36,41,77
SAN LORENZO(TJA),consulta externa,nuevas en personas de 5 a 14 anos,2005-10-01,119,158,119,158,277
SAN LUCAS,consulta externa,nuevas en personas de 5 a 14 anos,2005-10-01,130,151,130,151,281
SAN MATIAS,consulta externa,nuevas en personas de 5 a 14 anos,2005-10-01,27,23,27,23,50
SAN MIGUEL DE VELASCO,consulta externa,nuevas en personas de 5 a 14 anos,2005-10-01,57,45,57,45,102
SAN PABLO DE LIPEZ,consulta externa,nuevas en personas de 5 a 14 anos,2005-10-01,37,37,37,37,74
SAN PEDRO,consulta externa,nuevas en personas de 5 a 14 anos,2005-10-01,134,134,134,134,268
SAN PEDRO DE BUENA VISTA,consulta externa,nuevas en personas de 5 a 14 anos,2005-10-01,116,90,116,90,206
SAN PEDRO DE CURAHUARA,consulta externa,nuevas en personas de 5 a 14 anos,2005-10-01,64,47,64,47,111
SAN PEDRO DE TIQUINA,consulta externa,nuevas en personas de 5 a 14 anos,2005-10-01,15,12,15,12,27
SAN PEDRO(PND),consulta externa,nuevas en personas de 5 a 14 anos,2005-10-01,33,25,33,25,58
SAN RAFAEL,consulta externa,nuevas en personas de 5 a 14 anos,2005-10-01,15,24,15,24,39
SAN RAMON,consulta externa,nuevas en personas de 5 a 14 anos,2005-10-01,38,33,38,33,71
SAN RAMON,consulta externa,nuevas en personas de 5 a 14 anos,2005-10-01,47,50,47,50,97
SANTA ANA,consulta externa,nuevas en personas de 5 a 14 anos,2005-10-01,43,43,43,43,86
SANTA CRUZ DE LA SIERRA,consulta externa,nuevas en personas de 5 a 14 anos,2005-10-01,9223,10190,9223,10190,19413
SANTA ROSA,consulta externa,nuevas en personas de 5 a 14 anos,2005-10-01,49,45,49,45,94
SANTA ROSA DEL SARA,consulta externa,nuevas en personas de 5 a 14 anos,2005-10-01,63,78,63,78,141
SANTIAGO DE CALLAPA,consulta externa,nuevas en personas de 5 a 14 anos,2005-10-01,26,16,26,16,42
SANTIAGO DE HUARI,consulta externa,nuevas en personas de 5 a 14 anos,2005-10-01,54,52,54,52,106
SANTIAGO DE MACHACA,consulta externa,nuevas en personas de 5 a 14 anos,2005-10-01,14,13,14,13,27
SANTIVAÑES,consulta externa,nuevas en personas de 5 a 14 anos,2005-10-01,36,37,36,37,73
SANTUARIO DE QUILLACAS,consulta externa,nuevas en personas de 5 a 14 anos,2005-10-01,41,26,41,26,67
SAPAHAQUI,consulta externa,nuevas en personas de 5 a 14 anos,2005-10-01,56,56,56,56,112
SENA,consulta externa,nuevas en personas de 5 a 14 anos,2005-10-01,18,29,18,29,47
SICA SICA (VILLA AROMA),consulta externa,nuevas en personas de 5 a 14 anos,2005-10-01,35,32,35,32,67
SICAYA,consulta externa,nuevas en personas de 5 a 14 anos,2005-10-01,7,4,7,4,11
SIPE SIPE,consulta externa,nuevas en personas de 5 a 14 anos,2005-10-01,97,68,97,68,165
SOPACHUY,consulta externa,nuevas en personas de 5 a 14 anos,2005-10-01,40,66,40,66,106
SORACACHI,consulta externa,nuevas en personas de 5 a 14 anos,2005-10-01,40,26,40,26,66
SORATA,consulta externa,nuevas en personas de 5 a 14 anos,2005-10-01,65,73,65,73,138
SUCRE,consulta externa,nuevas en personas de 5 a 14 anos,2005-10-01,2849,2684,2849,2684,5533
TACACHI,consulta externa,nuevas en personas de 5 a 14 anos,2005-10-01,7,7,7,7,14
TACACOMA,consulta externa,nuevas en personas de 5 a 14 anos,2005-10-01,19,15,19,15,34
TACOBAMBA,consulta externa,nuevas en personas de 5 a 14 anos,2005-10-01,53,38,53,38,91
TACOPAYA,consulta externa,nuevas en personas de 5 a 14 anos,2005-10-01,47,33,47,33,80
TAHUA,consulta externa,nuevas en personas de 5 a 14 anos,2005-10-01,3,9,3,9,12
TAPACARI,consulta externa,nuevas en personas de 5 a 14 anos,2005-10-01,59,68,59,68,127
TARABUCO,consulta externa,nuevas en personas de 5 a 14 anos,2005-10-01,47,63,47,63,110
TARACO,consulta externa,nuevas en personas de 5 a 14 anos,2005-10-01,34,22,34,22,56
TARATA,consulta externa,nuevas en personas de 5 a 14 anos,2005-10-01,37,38,37,38,75
TARIJA,consulta externa,nuevas en personas de 5 a 14 anos,2005-10-01,1645,1394,1645,1394,3039
TARVITA,consulta externa,nuevas en personas de 5 a 14 anos,2005-10-01,97,86,97,86,183
TEOPONTE,consulta externa,nuevas en personas de 5 a 14 anos,2005-10-01,118,131,118,131,249
TIAWANACU,consulta externa,nuevas en personas de 5 a 14 anos,2005-10-01,67,61,67,61,128
TINGUIPAYA,consulta externa,nuevas en personas de 5 a 14 anos,2005-10-01,65,53,65,53,118
TIPUANI,consulta externa,nuevas en personas de 5 a 14 anos,2005-10-01,28,26,28,26,54
TIQUIPAYA,consulta externa,nuevas en personas de 5 a 14 anos,2005-10-01,151,174,151,174,325
TIRAQUE (CBBA),consulta externa,nuevas en personas de 5 a 14 anos,2005-10-01,176,189,176,189,365
TITO YUPANQUI (PARQUIPUJIO),consulta externa,nuevas en personas de 5 a 14 anos,2005-10-01,7,16,7,16,23
TOCO,consulta externa,nuevas en personas de 5 a 14 anos,2005-10-01,8,17,8,17,25
TODOS SANTOS,consulta externa,nuevas en personas de 5 a 14 anos,2005-10-01,1,0,1,0,1
TOLATA,consulta externa,nuevas en personas de 5 a 14 anos,2005-10-01,14,17,14,17,31
TOLEDO,consulta externa,nuevas en personas de 5 a 14 anos,2005-10-01,35,49,35,49,84
TOMAVE,consulta externa,nuevas en personas de 5 a 14 anos,2005-10-01,62,52,62,52,114
TOMINA,consulta externa,nuevas en personas de 5 a 14 anos,2005-10-01,103,80,103,80,183
TORO TORO,consulta externa,nuevas en personas de 5 a 14 anos,2005-10-01,43,39,43,39,82
TOTORA(CBBA),consulta externa,nuevas en personas de 5 a 14 anos,2005-10-01,43,45,43,45,88
TOTORA(ORR),consulta externa,nuevas en personas de 5 a 14 anos,2005-10-01,31,46,31,46,77
TRIGAL,consulta externa,nuevas en personas de 5 a 14 anos,2005-10-01,9,3,9,3,12
TRINIDAD,consulta externa,nuevas en personas de 5 a 14 anos,2005-10-01,506,507,506,507,1013
TUPIZA,consulta externa,nuevas en personas de 5 a 14 anos,2005-10-01,558,651,558,651,1209
TURCO,consulta externa,nuevas en personas de 5 a 14 anos,2005-10-01,73,61,73,61,134
UMALA,consulta externa,nuevas en personas de 5 a 14 anos,2005-10-01,11,13,11,13,24
UNCIA,consulta externa,nuevas en personas de 5 a 14 anos,2005-10-01,221,175,221,175,396
URIONDO (A. CONCEPCION),consulta externa,nuevas en personas de 5 a 14 anos,2005-10-01,79,72,79,72,151
URUBICHA,consulta externa,nuevas en personas de 5 a 14 anos,2005-10-01,39,39,39,39,78
UYUNI,consulta externa,nuevas en personas de 5 a 14 anos,2005-10-01,123,127,123,127,250
VACAS,consulta externa,nuevas en personas de 5 a 14 anos,2005-10-01,57,45,57,45,102
VALLEGRANDE,consulta externa,nuevas en personas de 5 a 14 anos,2005-10-01,199,190,199,190,389
VIACHA,consulta externa,nuevas en personas de 5 a 14 anos,2005-10-01,190,186,190,186,376
VILA VILA,consulta externa,nuevas en personas de 5 a 14 anos,2005-10-01,8,9,8,9,17
VILLA MONTES,consulta externa,nuevas en personas de 5 a 14 anos,2005-10-01,398,331,398,331,729
VILLA NUEVA (LOMA ALTA),consulta externa,nuevas en personas de 5 a 14 anos,2005-10-01,39,27,39,27,66
VILLA RIVERO,consulta externa,nuevas en personas de 5 a 14 anos,2005-10-01,21,6,21,6,27
VILLA SERRANO,consulta externa,nuevas en personas de 5 a 14 anos,2005-10-01,58,43,58,43,101
VILLA TUNARI,consulta externa,nuevas en personas de 5 a 14 anos,2005-10-01,299,257,299,257,556
VILLA VACA GUZMAN (MUYUPAMPA),consulta externa,nuevas en personas de 5 a 14 anos,2005-10-01,119,99,119,99,218
VILLAZON,consulta externa,nuevas en personas de 5 a 14 anos,2005-10-01,230,195,230,195,425
VINTO,consulta externa,nuevas en personas de 5 a 14 anos,2005-10-01,128,104,128,104,232
VITICHI,consulta externa,nuevas en personas de 5 a 14 anos,2005-10-01,65,68,65,68,133
WALDO BALLIVIAN,consulta externa,nuevas en personas de 5 a 14 anos,2005-10-01,11,14,11,14,25
WARNES,consulta externa,nuevas en personas de 5 a 14 anos,2005-10-01,215,191,215,191,406
YACO,consulta externa,nuevas en personas de 5 a 14 anos,2005-10-01,14,14,14,14,28
YACUIBA,consulta externa,nuevas en personas de 5 a 14 anos,2005-10-01,768,766,768,766,1534
YAMPARAEZ,consulta externa,nuevas en personas de 5 a 14 anos,2005-10-01,22,39,22,39,61
YANACACHI,consulta externa,nuevas en personas de 5 a 14 anos,2005-10-01,58,62,58,62,120
YAPACANI,consulta externa,nuevas en personas de 5 a 14 anos,2005-10-01,166,187,166,187,353
YOCALLA,consulta externa,nuevas en personas de 5 a 14 anos,2005-10-01,42,40,42,40,82
YOTALA,consulta externa,nuevas en personas de 5 a 14 anos,2005-10-01,42,51,42,51,93
YUNCHARA,consulta externa,nuevas en personas de 5 a 14 anos,2005-10-01,179,157,179,157,336
ZUDAÑEZ,consulta externa,nuevas en personas de 5 a 14 anos,2005-10-01,25,27,25,27,52
ACACIO,consulta externa,nuevas en personas de 5 a 14 anos,2005-11-01,83,61,83,61,144
ACHACACHI,consulta externa,nuevas en personas de 5 a 14 anos,2005-11-01,147,125,147,125,272
ACHOCALLA,consulta externa,nuevas en personas de 5 a 14 anos,2005-11-01,17,22,17,22,39
AIQUILE,consulta externa,nuevas en personas de 5 a 14 anos,2005-11-01,136,138,136,138,274
ALALAY,consulta externa,nuevas en personas de 5 a 14 anos,2005-11-01,8,10,8,10,18
ALCALA,consulta externa,nuevas en personas de 5 a 14 anos,2005-11-01,37,21,37,21,58
ANCORAIMES,consulta externa,nuevas en personas de 5 a 14 anos,2005-11-01,38,30,38,30,68
ANDAMARCA,consulta externa,nuevas en personas de 5 a 14 anos,2005-11-01,44,49,44,49,93
ANTEQUERA,consulta externa,nuevas en personas de 5 a 14 anos,2005-11-01,37,58,37,58,95
ANZALDO,consulta externa,nuevas en personas de 5 a 14 anos,2005-11-01,12,14,12,14,26
APOLO,consulta externa,nuevas en personas de 5 a 14 anos,2005-11-01,60,65,60,65,125
ARAMPAMPA,consulta externa,nuevas en personas de 5 a 14 anos,2005-11-01,129,86,129,86,215
ARANI,consulta externa,nuevas en personas de 5 a 14 anos,2005-11-01,20,27,20,27,47
ARBIETO,consulta externa,nuevas en personas de 5 a 14 anos,2005-11-01,54,36,54,36,90
ARQUE,consulta externa,nuevas en personas de 5 a 14 anos,2005-11-01,25,30,25,30,55
ASCENCION DE GUARAYOS,consulta externa,nuevas en personas de 5 a 14 anos,2005-11-01,106,98,106,98,204
ATOCHA,consulta externa,nuevas en personas de 5 a 14 anos,2005-11-01,289,281,289,281,570
AUCAPATA,consulta externa,nuevas en personas de 5 a 14 anos,2005-11-01,16,13,16,13,29
AYATA,consulta externa,nuevas en personas de 5 a 14 anos,2005-11-01,31,31,31,31,62
AYO AYO,consulta externa,nuevas en personas de 5 a 14 anos,2005-11-01,62,44,62,44,106
AYOPAYA (V. DE INDEPENDENCIA),consulta externa,nuevas en personas de 5 a 14 anos,2005-11-01,86,90,86,90,176
AZURDUY,consulta externa,nuevas en personas de 5 a 14 anos,2005-11-01,46,67,46,67,113
BATALLAS,consulta externa,nuevas en personas de 5 a 14 anos,2005-11-01,42,20,42,20,62
BAURES,consulta externa,nuevas en personas de 5 a 14 anos,2005-11-01,29,20,29,20,49
BELEN DE ANDAMARCA,consulta externa,nuevas en personas de 5 a 14 anos,2005-11-01,7,11,7,11,18
BELEN DE URMIRI,consulta externa,nuevas en personas de 5 a 14 anos,2005-11-01,31,28,31,28,59
BELLA FLOR,consulta externa,nuevas en personas de 5 a 14 anos,2005-11-01,78,95,78,95,173
BERMEJO,consulta externa,nuevas en personas de 5 a 14 anos,2005-11-01,200,243,200,243,443
BETANZOS,consulta externa,nuevas en personas de 5 a 14 anos,2005-11-01,209,192,209,192,401
BOLIVAR,consulta externa,nuevas en personas de 5 a 14 anos,2005-11-01,24,20,24,20,44
BOLPEBRA,consulta externa,nuevas en personas de 5 a 14 anos,2005-11-01,28,19,28,19,47
BOYUIBE,consulta externa,nuevas en personas de 5 a 14 anos,2005-11-01,21,22,21,22,43
BUENA VISTA,consulta externa,nuevas en personas de 5 a 14 anos,2005-11-01,135,111,135,111,246
CABEZAS,consulta externa,nuevas en personas de 5 a 14 anos,2005-11-01,155,117,155,117,272
CAIROMA,consulta externa,nuevas en personas de 5 a 14 anos,2005-11-01,44,44,44,44,88
"CAIZA ""D""",consulta externa,nuevas en personas de 5 a 14 anos,2005-11-01,119,90,119,90,209
CAJUATA,consulta externa,nuevas en personas de 5 a 14 anos,2005-11-01,38,47,38,47,85
CALACOTO,consulta externa,nuevas en personas de 5 a 14 anos,2005-11-01,48,49,48,49,97
CALAMARCA,consulta externa,nuevas en personas de 5 a 14 anos,2005-11-01,20,19,20,19,39
CAMARGO,consulta externa,nuevas en personas de 5 a 14 anos,2005-11-01,102,136,102,136,238
CAMATAQUI (C. VILLA ABECIA),consulta externa,nuevas en personas de 5 a 14 anos,2005-11-01,31,35,31,35,66
CAMIRI,consulta externa,nuevas en personas de 5 a 14 anos,2005-11-01,235,422,235,422,657
CAPINOTA,consulta externa,nuevas en personas de 5 a 14 anos,2005-11-01,104,79,104,79,183
CAQUIAVIRI,consulta externa,nuevas en personas de 5 a 14 anos,2005-11-01,70,60,70,60,130
CARACOLLO,consulta externa,nuevas en personas de 5 a 14 anos,2005-11-01,59,56,59,56,115
CARANAVI,consulta externa,nuevas en personas de 5 a 14 anos,2005-11-01,268,236,268,236,504
CARANGAS,consulta externa,nuevas en personas de 5 a 14 anos,2005-11-01,2,0,2,0,2
CARAPARI,consulta externa,nuevas en personas de 5 a 14 anos,2005-11-01,128,129,128,129,257
CARIPUYO,consulta externa,nuevas en personas de 5 a 14 anos,2005-11-01,22,28,22,28,50
CARMEN RIVERO TORREZ,consulta externa,nuevas en personas de 5 a 14 anos,2005-11-01,10,19,10,19,29
CATACORA,consulta externa,nuevas en personas de 5 a 14 anos,2005-11-01,4,2,4,2,6
CHACARILLA,consulta externa,nuevas en personas de 5 a 14 anos,2005-11-01,5,3,5,3,8
CHALLAPATA,consulta externa,nuevas en personas de 5 a 14 anos,2005-11-01,74,67,74,67,141
CHAQUI,consulta externa,nuevas en personas de 5 a 14 anos,2005-11-01,46,52,46,52,98
CHARAGUA,consulta externa,nuevas en personas de 5 a 14 anos,2005-11-01,205,199,205,199,404
CHARAÑA,consulta externa,nuevas en personas de 5 a 14 anos,2005-11-01,13,13,13,13,26
CHAYANTA,consulta externa,nuevas en personas de 5 a 14 anos,2005-11-01,72,58,72,58,130
CHIMORE,consulta externa,nuevas en personas de 5 a 14 anos,2005-11-01,71,81,71,81,152
CHIPAYA,consulta externa,nuevas en personas de 5 a 14 anos,2005-11-01,23,17,23,17,40
CHOQUE COTA,consulta externa,nuevas en personas de 5 a 14 anos,2005-11-01,43,36,43,36,79
CHULUMANI (V. DE LA LIBERTAD),consulta externa,nuevas en personas de 5 a 14 anos,2005-11-01,112,107,112,107,219
CHUMA,consulta externa,nuevas en personas de 5 a 14 anos,2005-11-01,61,65,61,65,126
CLIZA,consulta externa,nuevas en personas de 5 a 14 anos,2005-11-01,60,44,60,44,104
COBIJA,consulta externa,nuevas en personas de 5 a 14 anos,2005-11-01,177,158,177,158,335
COCHABAMBA,consulta externa,nuevas en personas de 5 a 14 anos,2005-11-01,4303,4050,4303,4050,8353
COIPASA,consulta externa,nuevas en personas de 5 a 14 anos,2005-11-01,1,5,1,5,6
COLCAPIRHUA,consulta externa,nuevas en personas de 5 a 14 anos,2005-11-01,147,146,147,146,293
"COLCHA ""K""",consulta externa,nuevas en personas de 5 a 14 anos,2005-11-01,111,102,111,102,213
COLLANA,consulta externa,nuevas en personas de 5 a 14 anos,2005-11-01,9,7,9,7,16
COLOMI,consulta externa,nuevas en personas de 5 a 14 anos,2005-11-01,49,34,49,34,83
COLPA BELGICA,consulta externa,nuevas en personas de 5 a 14 anos,2005-11-01,18,32,18,32,50
COLQUECHACA,consulta externa,nuevas en personas de 5 a 14 anos,2005-11-01,125,110,125,110,235
COLQUENCHA,consulta externa,nuevas en personas de 5 a 14 anos,2005-11-01,14,23,14,23,37
COLQUIRI,consulta externa,nuevas en personas de 5 a 14 anos,2005-11-01,33,45,33,45,78
COMANCHE,consulta externa,nuevas en personas de 5 a 14 anos,2005-11-01,13,12,13,12,25
COMARAPA,consulta externa,nuevas en personas de 5 a 14 anos,2005-11-01,116,103,116,103,219
COMBAYA,consulta externa,nuevas en personas de 5 a 14 anos,2005-11-01,6,18,6,18,24
CONCEPCION,consulta externa,nuevas en personas de 5 a 14 anos,2005-11-01,76,79,76,79,155
COPACABANA,consulta externa,nuevas en personas de 5 a 14 anos,2005-11-01,23,20,23,20,43
CORIPATA,consulta externa,nuevas en personas de 5 a 14 anos,2005-11-01,66,59,66,59,125
CORO CORO,consulta externa,nuevas en personas de 5 a 14 anos,2005-11-01,50,35,50,35,85
COROICO,consulta externa,nuevas en personas de 5 a 14 anos,2005-11-01,61,55,61,55,116
CORQUE,consulta externa,nuevas en personas de 5 a 14 anos,2005-11-01,64,64,64,64,128
COTAGAITA,consulta externa,nuevas en personas de 5 a 14 anos,2005-11-01,211,181,211,181,392
COTOCA,consulta externa,nuevas en personas de 5 a 14 anos,2005-11-01,74,62,74,62,136
CUATRO CAÑADAS,consulta externa,nuevas en personas de 5 a 14 anos,2005-11-01,111,118,111,118,229
CUCHUMUELA (V. G. VILLARROEL),consulta externa,nuevas en personas de 5 a 14 anos,2005-11-01,13,4,13,4,17
CUEVO,consulta externa,nuevas en personas de 5 a 14 anos,2005-11-01,49,74,49,74,123
CULPINA,consulta externa,nuevas en personas de 5 a 14 anos,2005-11-01,93,75,93,75,168
CURAHUARA DE CARANGAS,consulta externa,nuevas en personas de 5 a 14 anos,2005-11-01,52,50,52,50,102
CURVA,consulta externa,nuevas en personas de 5 a 14 anos,2005-11-01,8,3,8,3,11
DESAGUADERO,consulta externa,nuevas en personas de 5 a 14 anos,2005-11-01,18,8,18,8,26
EL ALTO,consulta externa,nuevas en personas de 5 a 14 anos,2005-11-01,5224,5749,5224,5749,10973
EL CHORO,consulta externa,nuevas en personas de 5 a 14 anos,2005-11-01,38,28,38,28,66
EL PUENTE(STC),consulta externa,nuevas en personas de 5 a 14 anos,2005-11-01,69,84,69,84,153
EL PUENTE(TJA),consulta externa,nuevas en personas de 5 a 14 anos,2005-11-01,53,49,53,49,102
EL TORNO,consulta externa,nuevas en personas de 5 a 14 anos,2005-11-01,258,301,258,301,559
EL VILLAR,consulta externa,nuevas en personas de 5 a 14 anos,2005-11-01,41,31,41,31,72
ENTRE RIOS,consulta externa,nuevas en personas de 5 a 14 anos,2005-11-01,188,214,188,214,402
ENTRE RIOS,consulta externa,nuevas en personas de 5 a 14 anos,2005-11-01,98,65,98,65,163
ESCARA,consulta externa,nuevas en personas de 5 a 14 anos,2005-11-01,1,0,1,0,1
EUCALIPTUS,consulta externa,nuevas en personas de 5 a 14 anos,2005-11-01,35,35,35,35,70
EUREKA (SANTOS MERCADO),consulta externa,nuevas en personas de 5 a 14 anos,2005-11-01,12,11,12,11,23
EXALTACION,consulta externa,nuevas en personas de 5 a 14 anos,2005-11-01,17,18,17,18,35
FERNANDEZ ALONSO,consulta externa,nuevas en personas de 5 a 14 anos,2005-11-01,67,59,67,59,126
FILADELFIA,consulta externa,nuevas en personas de 5 a 14 anos,2005-11-01,80,77,80,77,157
GENERAL SAAVEDRA,consulta externa,nuevas en personas de 5 a 14 anos,2005-11-01,87,86,87,86,173
GRAL. J.J. PEREZ (CHARAZANI),consulta externa,nuevas en personas de 5 a 14 anos,2005-11-01,37,27,37,27,64
GUANAY,consulta externa,nuevas en personas de 5 a 14 anos,2005-11-01,70,75,70,75,145
GUAQUI,consulta externa,nuevas en personas de 5 a 14 anos,2005-11-01,18,7,18,7,25
GUAYARAMERIN,consulta externa,nuevas en personas de 5 a 14 anos,2005-11-01,240,352,240,352,592
GUTIERREZ,consulta externa,nuevas en personas de 5 a 14 anos,2005-11-01,133,157,133,157,290
HUACARETA,consulta externa,nuevas en personas de 5 a 14 anos,2005-11-01,79,71,79,71,150
HUACAYA (VILLA DE HUACAYA),consulta externa,nuevas en personas de 5 a 14 anos,2005-11-01,26,28,26,28,54
HUACHACALLA,consulta externa,nuevas en personas de 5 a 14 anos,2005-11-01,1,2,1,2,3
HUANUNI,consulta externa,nuevas en personas de 5 a 14 anos,2005-11-01,167,256,167,256,423
HUARACAJE,consulta externa,nuevas en personas de 5 a 14 anos,2005-11-01,20,43,20,43,63
HUAYLLAMARCA,consulta externa,nuevas en personas de 5 a 14 anos,2005-11-01,70,82,70,82,152
ICHOCA,consulta externa,nuevas en personas de 5 a 14 anos,2005-11-01,17,9,17,9,26
ICLA,consulta externa,nuevas en personas de 5 a 14 anos,2005-11-01,42,37,42,37,79
INCAHUASI,consulta externa,nuevas en personas de 5 a 14 anos,2005-11-01,62,109,62,109,171
INGAVI (HUMAITA),consulta externa,nuevas en personas de 5 a 14 anos,2005-11-01,6,6,6,6,12
INQUISIVI,consulta externa,nuevas en personas de 5 a 14 anos,2005-11-01,19,21,19,21,40
IRUPANA (VILLA DE LANZA),consulta externa,nuevas en personas de 5 a 14 anos,2005-11-01,92,69,92,69,161
IXIAMAS,consulta externa,nuevas en personas de 5 a 14 anos,2005-11-01,45,50,45,50,95
JESUS DE MACHACA,consulta externa,nuevas en personas de 5 a 14 anos,2005-11-01,49,45,49,45,94
LA ASUNTA,consulta externa,nuevas en personas de 5 a 14 anos,2005-11-01,90,85,90,85,175
LA GUARDIA,consulta externa,nuevas en personas de 5 a 14 anos,2005-11-01,130,145,130,145,275
LA PAZ,consulta externa,nuevas en personas de 5 a 14 anos,2005-11-01,5499,5477,5499,5477,10976
LA RIVERA,consulta externa,nuevas en personas de 5 a 14 anos,2005-11-01,0,2,0,2,2
LAGUNILLAS,consulta externa,nuevas en personas de 5 a 14 anos,2005-11-01,73,57,73,57,130
LAJA,consulta externa,nuevas en personas de 5 a 14 anos,2005-11-01,21,21,21,21,42
LAS CARRERAS,consulta externa,nuevas en personas de 5 a 14 anos,2005-11-01,18,22,18,22,40
LICOMA PAMPA,consulta externa,nuevas en personas de 5 a 14 anos,2005-11-01,17,6,17,6,23
LLALLAGUA,consulta externa,nuevas en personas de 5 a 14 anos,2005-11-01,145,134,145,134,279
LLICA,consulta externa,nuevas en personas de 5 a 14 anos,2005-11-01,40,45,40,45,85
LORETO,consulta externa,nuevas en personas de 5 a 14 anos,2005-11-01,10,10,10,10,20
LURIBAY,consulta externa,nuevas en personas de 5 a 14 anos,2005-11-01,38,46,38,46,84
MACHACAMARCA,consulta externa,nuevas en personas de 5 a 14 anos,2005-11-01,12,24,12,24,36
MACHARETI,consulta externa,nuevas en personas de 5 a 14 anos,2005-11-01,73,69,73,69,142
MAGDALENA,consulta externa,nuevas en personas de 5 a 14 anos,2005-11-01,58,79,58,79,137
MAIRANA,consulta externa,nuevas en personas de 5 a 14 anos,2005-11-01,48,38,48,38,86
MALLA,consulta externa,nuevas en personas de 5 a 14 anos,2005-11-01,77,85,77,85,162
MAPIRI,consulta externa,nuevas en personas de 5 a 14 anos,2005-11-01,93,118,93,118,211
MECAPACA,consulta externa,nuevas en personas de 5 a 14 anos,2005-11-01,64,67,64,67,131
MINEROS,consulta externa,nuevas en personas de 5 a 14 anos,2005-11-01,44,34,44,34,78
MIZQUE,consulta externa,nuevas en personas de 5 a 14 anos,2005-11-01,49,56,49,56,105
MOCOMOCO,consulta externa,nuevas en personas de 5 a 14 anos,2005-11-01,134,143,134,143,277
MOJINETE,consulta externa,nuevas en personas de 5 a 14 anos,2005-11-01,3,4,3,4,7
MOJOCOYA,consulta externa,nuevas en personas de 5 a 14 anos,2005-11-01,19,22,19,22,41
MONTEAGUDO,consulta externa,nuevas en personas de 5 a 14 anos,2005-11-01,200,206,200,206,406
MONTERO,consulta externa,nuevas en personas de 5 a 14 anos,2005-11-01,634,606,634,606,1240
MORO MORO,consulta externa,nuevas en personas de 5 a 14 anos,2005-11-01,28,24,28,24,52
MOROCHATA,consulta externa,nuevas en personas de 5 a 14 anos,2005-11-01,25,24,25,24,49
NACEBE (SANTA ROSA DEL ABUNA),consulta externa,nuevas en personas de 5 a 14 anos,2005-11-01,20,13,20,13,33
NUEVO MANOA (NUEVA ESPERANZA),consulta externa,nuevas en personas de 5 a 14 anos,2005-11-01,100,19,100,19,119
OCURI,consulta externa,nuevas en personas de 5 a 14 anos,2005-11-01,50,61,50,61,111
OKINAWA,consulta externa,nuevas en personas de 5 a 14 anos,2005-11-01,87,113,87,113,200
OMEREQUE,consulta externa,nuevas en personas de 5 a 14 anos,2005-11-01,27,18,27,18,45
ORURO,consulta externa,nuevas en personas de 5 a 14 anos,2005-11-01,2080,1954,2080,1954,4034
PADCAYA,consulta externa,nuevas en personas de 5 a 14 anos,2005-11-01,252,257,252,257,509
PADILLA,consulta externa,nuevas en personas de 5 a 14 anos,2005-11-01,117,99,117,99,216
PAILON,consulta externa,nuevas en personas de 5 a 14 anos,2005-11-01,56,56,56,56,112
PALCA,consulta externa,nuevas en personas de 5 a 14 anos,2005-11-01,89,83,89,83,172
PALOS BLANCOS,consulta externa,nuevas en personas de 5 a 14 anos,2005-11-01,225,167,225,167,392
PAMPA AULLAGAS,consulta externa,nuevas en personas de 5 a 14 anos,2005-11-01,46,29,46,29,75
PAMPA GRANDE,consulta externa,nuevas en personas de 5 a 14 anos,2005-11-01,28,56,28,56,84
PAPEL PAMPA,consulta externa,nuevas en personas de 5 a 14 anos,2005-11-01,10,13,10,13,23
PASORAPA,consulta externa,nuevas en personas de 5 a 14 anos,2005-11-01,3,7,3,7,10
PATACAMAYA,consulta externa,nuevas en personas de 5 a 14 anos,2005-11-01,36,32,36,32,68
PAZÑA,consulta externa,nuevas en personas de 5 a 14 anos,2005-11-01,31,45,31,45,76
PELECHUCO,consulta externa,nuevas en personas de 5 a 14 anos,2005-11-01,48,36,48,36,84
POCOATA,consulta externa,nuevas en personas de 5 a 14 anos,2005-11-01,149,143,149,143,292
POCONA,consulta externa,nuevas en personas de 5 a 14 anos,2005-11-01,64,43,64,43,107
POJO (CBBA),consulta externa,nuevas en personas de 5 a 14 anos,2005-11-01,30,27,30,27,57
POOPO,consulta externa,nuevas en personas de 5 a 14 anos,2005-11-01,23,18,23,18,41
PORCO,consulta externa,nuevas en personas de 5 a 14 anos,2005-11-01,22,16,22,16,38
POROMA,consulta externa,nuevas en personas de 5 a 14 anos,2005-11-01,112,96,112,96,208
PORONGO,consulta externa,nuevas en personas de 5 a 14 anos,2005-11-01,137,142,137,142,279
PORTACHUELO,consulta externa,nuevas en personas de 5 a 14 anos,2005-11-01,168,184,168,184,352
PORVENIR,consulta externa,nuevas en personas de 5 a 14 anos,2005-11-01,37,45,37,45,82
POSTRER VALLE,consulta externa,nuevas en personas de 5 a 14 anos,2005-11-01,8,8,8,8,16
POTOSI,consulta externa,nuevas en personas de 5 a 14 anos,2005-11-01,1167,1120,1167,1120,2287
PRESTO,consulta externa,nuevas en personas de 5 a 14 anos,2005-11-01,81,70,81,70,151
PUCARA,consulta externa,nuevas en personas de 5 a 14 anos,2005-11-01,4,18,4,18,22
PUCARANI,consulta externa,nuevas en personas de 5 a 14 anos,2005-11-01,52,43,52,43,95
PUERTO ACOSTA,consulta externa,nuevas en personas de 5 a 14 anos,2005-11-01,40,30,40,30,70
PUERTO CARABUCO,consulta externa,nuevas en personas de 5 a 14 anos,2005-11-01,124,136,124,136,260
PUERTO GONZALO MORENO,consulta externa,nuevas en personas de 5 a 14 anos,2005-11-01,35,35,35,35,70
PUERTO PEREZ,consulta externa,nuevas en personas de 5 a 14 anos,2005-11-01,22,26,22,26,48
PUERTO QUIJARRO,consulta externa,nuevas en personas de 5 a 14 anos,2005-11-01,130,107,130,107,237
PUERTO RICO,consulta externa,nuevas en personas de 5 a 14 anos,2005-11-01,53,49,53,49,102
PUERTO SILES,consulta externa,nuevas en personas de 5 a 14 anos,2005-11-01,6,7,6,7,13
PUERTO SUAREZ,consulta externa,nuevas en personas de 5 a 14 anos,2005-11-01,126,131,126,131,257
PUERTO VILLARROEL,consulta externa,nuevas en personas de 5 a 14 anos,2005-11-01,276,340,276,340,616
PUNA,consulta externa,nuevas en personas de 5 a 14 anos,2005-11-01,184,153,184,153,337
PUNATA,consulta externa,nuevas en personas de 5 a 14 anos,2005-11-01,109,80,109,80,189
QUIABAYA,consulta externa,nuevas en personas de 5 a 14 anos,2005-11-01,7,5,7,5,12
QUILLACOLLO,consulta externa,nuevas en personas de 5 a 14 anos,2005-11-01,149,143,149,143,292
QUIME,consulta externa,nuevas en personas de 5 a 14 anos,2005-11-01,23,14,23,14,37
QUIRUSILLAS,consulta externa,nuevas en personas de 5 a 14 anos,2005-11-01,10,28,10,28,38
RAVELO,consulta externa,nuevas en personas de 5 a 14 anos,2005-11-01,51,55,51,55,106
REYES,consulta externa,nuevas en personas de 5 a 14 anos,2005-11-01,44,56,44,56,100
RIBERALTA,consulta externa,nuevas en personas de 5 a 14 anos,2005-11-01,322,325,322,325,647
ROBORE,consulta externa,nuevas en personas de 5 a 14 anos,2005-11-01,128,68,128,68,196
RURRENABAQUE,consulta externa,nuevas en personas de 5 a 14 anos,2005-11-01,62,78,62,78,140
SABAYA,consulta externa,nuevas en personas de 5 a 14 anos,2005-11-01,7,17,7,17,24
SACABA,consulta externa,nuevas en personas de 5 a 14 anos,2005-11-01,341,240,341,240,581
SACABAMBA,consulta externa,nuevas en personas de 5 a 14 anos,2005-11-01,17,15,17,15,32
SACACA,consulta externa,nuevas en personas de 5 a 14 anos,2005-11-01,76,90,76,90,166
SAIPINA,consulta externa,nuevas en personas de 5 a 14 anos,2005-11-01,47,79,47,79,126
SALINAS DE GARCI MENDOZA,consulta externa,nuevas en personas de 5 a 14 anos,2005-11-01,111,145,111,145,256
SAMAIPATA,consulta externa,nuevas en personas de 5 a 14 anos,2005-11-01,43,36,43,36,79
SAN AGUSTIN,consulta externa,nuevas en personas de 5 a 14 anos,2005-11-01,32,21,32,21,53
SAN ANDRES,consulta externa,nuevas en personas de 5 a 14 anos,2005-11-01,52,36,52,36,88
SAN ANDRES DE MACHACA,consulta externa,nuevas en personas de 5 a 14 anos,2005-11-01,26,17,26,17,43
SAN ANTONIO DE ESMORUCO,consulta externa,nuevas en personas de 5 a 14 anos,2005-11-01,7,17,7,17,24
SAN ANTONIO DE LOMERIO,consulta externa,nuevas en personas de 5 a 14 anos,2005-11-01,21,10,21,10,31
SAN BENITO,consulta externa,nuevas en personas de 5 a 14 anos,2005-11-01,46,53,46,53,99
SAN BORJA,consulta externa,nuevas en personas de 5 a 14 anos,2005-11-01,97,85,97,85,182
SAN BUENA VENTURA,consulta externa,nuevas en personas de 5 a 14 anos,2005-11-01,44,43,44,43,87
SAN CARLOS,consulta externa,nuevas en personas de 5 a 14 anos,2005-11-01,125,118,125,118,243
SAN IGNACIO,consulta externa,nuevas en personas de 5 a 14 anos,2005-11-01,108,122,108,122,230
SAN IGNACIO DE VELASCO,consulta externa,nuevas en personas de 5 a 14 anos,2005-11-01,294,340,294,340,634
SAN JAVIER(BNI),consulta externa,nuevas en personas de 5 a 14 anos,2005-11-01,40,54,40,54,94
SAN JAVIER(STC),consulta externa,nuevas en personas de 5 a 14 anos,2005-11-01,36,17,36,17,53
SAN JOAQUIN,consulta externa,nuevas en personas de 5 a 14 anos,2005-11-01,26,20,26,20,46
SAN JOSE DE CHIQUITOS,consulta externa,nuevas en personas de 5 a 14 anos,2005-11-01,112,103,112,103,215
SAN JUAN DE YAPACANI,consulta externa,nuevas en personas de 5 a 14 anos,2005-11-01,112,109,112,109,221
SAN JULIAN,consulta externa,nuevas en personas de 5 a 14 anos,2005-11-01,274,237,274,237,511
SAN LORENZO(PND),consulta externa,nuevas en personas de 5 a 14 anos,2005-11-01,13,41,13,41,54
SAN LORENZO(TJA),consulta externa,nuevas en personas de 5 a 14 anos,2005-11-01,88,109,88,109,197
SAN LUCAS,consulta externa,nuevas en personas de 5 a 14 anos,2005-11-01,163,168,163,168,331
SAN MATIAS,consulta externa,nuevas en personas de 5 a 14 anos,2005-11-01,63,62,63,62,125
SAN MIGUEL DE VELASCO,consulta externa,nuevas en personas de 5 a 14 anos,2005-11-01,47,54,47,54,101
SAN PABLO DE LIPEZ,consulta externa,nuevas en personas de 5 a 14 anos,2005-11-01,33,31,33,31,64
SAN PEDRO,consulta externa,nuevas en personas de 5 a 14 anos,2005-11-01,162,147,162,147,309
SAN PEDRO DE BUENA VISTA,consulta externa,nuevas en personas de 5 a 14 anos,2005-11-01,68,72,68,72,140
SAN PEDRO DE CURAHUARA,consulta externa,nuevas en personas de 5 a 14 anos,2005-11-01,23,39,23,39,62
SAN PEDRO DE QUEMES,consulta externa,nuevas en personas de 5 a 14 anos,2005-11-01,0,4,0,4,4
SAN PEDRO DE TIQUINA,consulta externa,nuevas en personas de 5 a 14 anos,2005-11-01,14,11,14,11,25
SAN PEDRO(PND),consulta externa,nuevas en personas de 5 a 14 anos,2005-11-01,3,7,3,7,10
SAN RAFAEL,consulta externa,nuevas en personas de 5 a 14 anos,2005-11-01,36,21,36,21,57
SAN RAMON,consulta externa,nuevas en personas de 5 a 14 anos,2005-11-01,42,45,42,45,87
SAN RAMON,consulta externa,nuevas en personas de 5 a 14 anos,2005-11-01,62,50,62,50,112
SANTA ANA,consulta externa,nuevas en personas de 5 a 14 anos,2005-11-01,55,50,55,50,105
SANTA CRUZ DE LA SIERRA,consulta externa,nuevas en personas de 5 a 14 anos,2005-11-01,8874,10691,8874,10691,19565
SANTA ROSA,consulta externa,nuevas en personas de 5 a 14 anos,2005-11-01,33,26,33,26,59
SANTA ROSA DEL SARA,consulta externa,nuevas en personas de 5 a 14 anos,2005-11-01,86,103,86,103,189
SANTIAGO DE CALLAPA,consulta externa,nuevas en personas de 5 a 14 anos,2005-11-01,26,22,26,22,48
SANTIAGO DE HUARI,consulta externa,nuevas en personas de 5 a 14 anos,2005-11-01,38,39,38,39,77
SANTIAGO DE MACHACA,consulta externa,nuevas en personas de 5 a 14 anos,2005-11-01,15,13,15,13,28
SANTIVAÑES,consulta externa,nuevas en personas de 5 a 14 anos,2005-11-01,36,41,36,41,77
SANTUARIO DE QUILLACAS,consulta externa,nuevas en personas de 5 a 14 anos,2005-11-01,11,8,11,8,19
SAPAHAQUI,consulta externa,nuevas en personas de 5 a 14 anos,2005-11-01,50,58,50,58,108
SENA,consulta externa,nuevas en personas de 5 a 14 anos,2005-11-01,24,39,24,39,63
SICA SICA (VILLA AROMA),consulta externa,nuevas en personas de 5 a 14 anos,2005-11-01,50,36,50,36,86
SICAYA,consulta externa,nuevas en personas de 5 a 14 anos,2005-11-01,27,22,27,22,49
SIPE SIPE,consulta externa,nuevas en personas de 5 a 14 anos,2005-11-01,84,57,84,57,141
SOPACHUY,consulta externa,nuevas en personas de 5 a 14 anos,2005-11-01,27,21,27,21,48
SORACACHI,consulta externa,nuevas en personas de 5 a 14 anos,2005-11-01,32,35,32,35,67
SORATA,consulta externa,nuevas en personas de 5 a 14 anos,2005-11-01,81,61,81,61,142
SUCRE,consulta externa,nuevas en personas de 5 a 14 anos,2005-11-01,2928,2929,2928,2929,5857
TACACHI,consulta externa,nuevas en personas de 5 a 14 anos,2005-11-01,1,10,1,10,11
TACACOMA,consulta externa,nuevas en personas de 5 a 14 anos,2005-11-01,21,14,21,14,35
TACOBAMBA,consulta externa,nuevas en personas de 5 a 14 anos,2005-11-01,39,18,39,18,57
TACOPAYA,consulta externa,nuevas en personas de 5 a 14 anos,2005-11-01,67,78,67,78,145
TAHUA,consulta externa,nuevas en personas de 5 a 14 anos,2005-11-01,2,10,2,10,12
TAPACARI,consulta externa,nuevas en personas de 5 a 14 anos,2005-11-01,59,58,59,58,117
TARABUCO,consulta externa,nuevas en personas de 5 a 14 anos,2005-11-01,61,45,61,45,106
TARACO,consulta externa,nuevas en personas de 5 a 14 anos,2005-11-01,10,10,10,10,20
TARATA,consulta externa,nuevas en personas de 5 a 14 anos,2005-11-01,27,111,27,111,138
TARIJA,consulta externa,nuevas en personas de 5 a 14 anos,2005-11-01,1294,1244,1294,1244,2538
TARVITA,consulta externa,nuevas en personas de 5 a 14 anos,2005-11-01,130,138,130,138,268
TEOPONTE,consulta externa,nuevas en personas de 5 a 14 anos,2005-11-01,57,67,57,67,124
TIAWANACU,consulta externa,nuevas en personas de 5 a 14 anos,2005-11-01,55,50,55,50,105
TINGUIPAYA,consulta externa,nuevas en personas de 5 a 14 anos,2005-11-01,77,49,77,49,126
TIPUANI,consulta externa,nuevas en personas de 5 a 14 anos,2005-11-01,34,18,34,18,52
TIQUIPAYA,consulta externa,nuevas en personas de 5 a 14 anos,2005-11-01,87,89,87,89,176
TIRAQUE (CBBA),consulta externa,nuevas en personas de 5 a 14 anos,2005-11-01,251,230,251,230,481
TITO YUPANQUI (PARQUIPUJIO),consulta externa,nuevas en personas de 5 a 14 anos,2005-11-01,7,9,7,9,16
TOCO,consulta externa,nuevas en personas de 5 a 14 anos,2005-11-01,15,14,15,14,29
TOLATA,consulta externa,nuevas en personas de 5 a 14 anos,2005-11-01,18,23,18,23,41
TOLEDO,consulta externa,nuevas en personas de 5 a 14 anos,2005-11-01,44,43,44,43,87
TOMAVE,consulta externa,nuevas en personas de 5 a 14 anos,2005-11-01,95,137,95,137,232
TOMINA,consulta externa,nuevas en personas de 5 a 14 anos,2005-11-01,63,51,63,51,114
TORO TORO,consulta externa,nuevas en personas de 5 a 14 anos,2005-11-01,44,44,44,44,88
TOTORA(CBBA),consulta externa,nuevas en personas de 5 a 14 anos,2005-11-01,33,30,33,30,63
TOTORA(ORR),consulta externa,nuevas en personas de 5 a 14 anos,2005-11-01,42,44,42,44,86
TRIGAL,consulta externa,nuevas en personas de 5 a 14 anos,2005-11-01,14,19,14,19,33
TRINIDAD,consulta externa,nuevas en personas de 5 a 14 anos,2005-11-01,759,737,759,737,1496
TUPIZA,consulta externa,nuevas en personas de 5 a 14 anos,2005-11-01,673,796,673,796,1469
TURCO,consulta externa,nuevas en personas de 5 a 14 anos,2005-11-01,69,60,69,60,129
UMALA,consulta externa,nuevas en personas de 5 a 14 anos,2005-11-01,23,11,23,11,34
UNCIA,consulta externa,nuevas en personas de 5 a 14 anos,2005-11-01,171,155,171,155,326
URIONDO (A. CONCEPCION),consulta externa,nuevas en personas de 5 a 14 anos,2005-11-01,163,177,163,177,340
URUBICHA,consulta externa,nuevas en personas de 5 a 14 anos,2005-11-01,51,63,51,63,114
UYUNI,consulta externa,nuevas en personas de 5 a 14 anos,2005-11-01,91,99,91,99,190
VACAS,consulta externa,nuevas en personas de 5 a 14 anos,2005-11-01,486,440,486,440,926
VALLEGRANDE,consulta externa,nuevas en personas de 5 a 14 anos,2005-11-01,111,129,111,129,240
VIACHA,consulta externa,nuevas en personas de 5 a 14 anos,2005-11-01,168,185,168,185,353
VILA VILA,consulta externa,nuevas en personas de 5 a 14 anos,2005-11-01,18,4,18,4,22
VILLA MONTES,consulta externa,nuevas en personas de 5 a 14 anos,2005-11-01,220,284,220,284,504
VILLA NUEVA (LOMA ALTA),consulta externa,nuevas en personas de 5 a 14 anos,2005-11-01,29,23,29,23,52
VILLA RIVERO,consulta externa,nuevas en personas de 5 a 14 anos,2005-11-01,14,5,14,5,19
VILLA SERRANO,consulta externa,nuevas en personas de 5 a 14 anos,2005-11-01,57,66,57,66,123
VILLA TUNARI,consulta externa,nuevas en personas de 5 a 14 anos,2005-11-01,507,456,507,456,963
VILLA VACA GUZMAN (MUYUPAMPA),consulta externa,nuevas en personas de 5 a 14 anos,2005-11-01,133,146,133,146,279
VILLAZON,consulta externa,nuevas en personas de 5 a 14 anos,2005-11-01,197,195,197,195,392
VINTO,consulta externa,nuevas en personas de 5 a 14 anos,2005-11-01,65,38,65,38,103
VITICHI,consulta externa,nuevas en personas de 5 a 14 anos,2005-11-01,55,52,55,52,107
WALDO BALLIVIAN,consulta externa,nuevas en personas de 5 a 14 anos,2005-11-01,3,7,3,7,10
WARNES,consulta externa,nuevas en personas de 5 a 14 anos,2005-11-01,336,292,336,292,628
YACO,consulta externa,nuevas en personas de 5 a 14 anos,2005-11-01,22,12,22,12,34
YACUIBA,consulta externa,nuevas en personas de 5 a 14 anos,2005-11-01,898,882,898,882,1780
YAMPARAEZ,consulta externa,nuevas en personas de 5 a 14 anos,2005-11-01,28,24,28,24,52
YANACACHI,consulta externa,nuevas en personas de 5 a 14 anos,2005-11-01,39,35,39,35,74
YAPACANI,consulta externa,nuevas en personas de 5 a 14 anos,2005-11-01,234,213,234,213,447
YOCALLA,consulta externa,nuevas en personas de 5 a 14 anos,2005-11-01,35,20,35,20,55
YOTALA,consulta externa,nuevas en personas de 5 a 14 anos,2005-11-01,40,38,40,38,78
YUNCHARA,consulta externa,nuevas en personas de 5 a 14 anos,2005-11-01,90,82,90,82,172
ZUDAÑEZ,consulta externa,nuevas en personas de 5 a 14 anos,2005-11-01,54,31,54,31,85
ACACIO,consulta externa,nuevas en personas de 5 a 14 anos,2005-12-01,30,35,30,35,65
ACHACACHI,consulta externa,nuevas en personas de 5 a 14 anos,2005-12-01,107,113,107,113,220
ACHOCALLA,consulta externa,nuevas en personas de 5 a 14 anos,2005-12-01,15,15,15,15,30
AIQUILE,consulta externa,nuevas en personas de 5 a 14 anos,2005-12-01,55,60,55,60,115
ALALAY,consulta externa,nuevas en personas de 5 a 14 anos,2005-12-01,7,4,7,4,11
ALCALA,consulta externa,nuevas en personas de 5 a 14 anos,2005-12-01,18,39,18,39,57
ANCORAIMES,consulta externa,nuevas en personas de 5 a 14 anos,2005-12-01,13,22,13,22,35
ANDAMARCA,consulta externa,nuevas en personas de 5 a 14 anos,2005-12-01,67,56,67,56,123
ANTEQUERA,consulta externa,nuevas en personas de 5 a 14 anos,2005-12-01,21,20,21,20,41
ANZALDO,consulta externa,nuevas en personas de 5 a 14 anos,2005-12-01,10,15,10,15,25
APOLO,consulta externa,nuevas en personas de 5 a 14 anos,2005-12-01,63,76,63,76,139
ARAMPAMPA,consulta externa,nuevas en personas de 5 a 14 anos,2005-12-01,11,8,11,8,19
ARANI,consulta externa,nuevas en personas de 5 a 14 anos,2005-12-01,14,16,14,16,30
ARBIETO,consulta externa,nuevas en personas de 5 a 14 anos,2005-12-01,22,27,22,27,49
ARQUE,consulta externa,nuevas en personas de 5 a 14 anos,2005-12-01,27,25,27,25,52
ASCENCION DE GUARAYOS,consulta externa,nuevas en personas de 5 a 14 anos,2005-12-01,129,98,129,98,227
ATOCHA,consulta externa,nuevas en personas de 5 a 14 anos,2005-12-01,194,224,194,224,418
AUCAPATA,consulta externa,nuevas en personas de 5 a 14 anos,2005-12-01,19,21,19,21,40
AYATA,consulta externa,nuevas en personas de 5 a 14 anos,2005-12-01,42,38,42,38,80
AYO AYO,consulta externa,nuevas en personas de 5 a 14 anos,2005-12-01,21,20,21,20,41
AYOPAYA (V. DE INDEPENDENCIA),consulta externa,nuevas en personas de 5 a 14 anos,2005-12-01,62,63,62,63,125
AZURDUY,consulta externa,nuevas en personas de 5 a 14 anos,2005-12-01,29,72,29,72,101
BATALLAS,consulta externa,nuevas en personas de 5 a 14 anos,2005-12-01,25,21,25,21,46
BAURES,consulta externa,nuevas en personas de 5 a 14 anos,2005-12-01,34,29,34,29,63
BELEN DE ANDAMARCA,consulta externa,nuevas en personas de 5 a 14 anos,2005-12-01,8,4,8,4,12
BELEN DE URMIRI,consulta externa,nuevas en personas de 5 a 14 anos,2005-12-01,23,31,23,31,54
BELLA FLOR,consulta externa,nuevas en personas de 5 a 14 anos,2005-12-01,60,50,60,50,110
BERMEJO,consulta externa,nuevas en personas de 5 a 14 anos,2005-12-01,276,296,276,296,572
BETANZOS,consulta externa,nuevas en personas de 5 a 14 anos,2005-12-01,158,150,158,150,308
BOLIVAR,consulta externa,nuevas en personas de 5 a 14 anos,2005-12-01,24,18,24,18,42
BOLPEBRA,consulta externa,nuevas en personas de 5 a 14 anos,2005-12-01,9,3,9,3,12
BOYUIBE,consulta externa,nuevas en personas de 5 a 14 anos,2005-12-01,19,11,19,11,30
BUENA VISTA,consulta externa,nuevas en personas de 5 a 14 anos,2005-12-01,83,86,83,86,169
CABEZAS,consulta externa,nuevas en personas de 5 a 14 anos,2005-12-01,110,98,110,98,208
CAIROMA,consulta externa,nuevas en personas de 5 a 14 anos,2005-12-01,30,31,30,31,61
"CAIZA ""D""",consulta externa,nuevas en personas de 5 a 14 anos,2005-12-01,37,33,37,33,70
CAJUATA,consulta externa,nuevas en personas de 5 a 14 anos,2005-12-01,45,41,45,41,86
CALACOTO,consulta externa,nuevas en personas de 5 a 14 anos,2005-12-01,27,25,27,25,52
CALAMARCA,consulta externa,nuevas en personas de 5 a 14 anos,2005-12-01,25,18,25,18,43
CAMARGO,consulta externa,nuevas en personas de 5 a 14 anos,2005-12-01,67,88,67,88,155
CAMATAQUI (C. VILLA ABECIA),consulta externa,nuevas en personas de 5 a 14 anos,2005-12-01,9,16,9,16,25
CAMIRI,consulta externa,nuevas en personas de 5 a 14 anos,2005-12-01,632,778,632,778,1410
CAPINOTA,consulta externa,nuevas en personas de 5 a 14 anos,2005-12-01,92,67,92,67,159
CAQUIAVIRI,consulta externa,nuevas en personas de 5 a 14 anos,2005-12-01,17,28,17,28,45
CARACOLLO,consulta externa,nuevas en personas de 5 a 14 anos,2005-12-01,26,25,26,25,51
CARANAVI,consulta externa,nuevas en personas de 5 a 14 anos,2005-12-01,272,201,272,201,473
CARANGAS,consulta externa,nuevas en personas de 5 a 14 anos,2005-12-01,5,0,5,0,5
CARAPARI,consulta externa,nuevas en personas de 5 a 14 anos,2005-12-01,111,102,111,102,213
CARIPUYO,consulta externa,nuevas en personas de 5 a 14 anos,2005-12-01,21,13,21,13,34
CARMEN RIVERO TORREZ,consulta externa,nuevas en personas de 5 a 14 anos,2005-12-01,6,5,6,5,11
CATACORA,consulta externa,nuevas en personas de 5 a 14 anos,2005-12-01,4,0,4,0,4
CHACARILLA,consulta externa,nuevas en personas de 5 a 14 anos,2005-12-01,0,1,0,1,1
CHALLAPATA,consulta externa,nuevas en personas de 5 a 14 anos,2005-12-01,116,96,116,96,212
CHAQUI,consulta externa,nuevas en personas de 5 a 14 anos,2005-12-01,22,31,22,31,53
CHARAGUA,consulta externa,nuevas en personas de 5 a 14 anos,2005-12-01,126,126,126,126,252
CHARAÑA,consulta externa,nuevas en personas de 5 a 14 anos,2005-12-01,8,7,8,7,15
CHAYANTA,consulta externa,nuevas en personas de 5 a 14 anos,2005-12-01,58,57,58,57,115
CHIMORE,consulta externa,nuevas en personas de 5 a 14 anos,2005-12-01,83,62,83,62,145
CHIPAYA,consulta externa,nuevas en personas de 5 a 14 anos,2005-12-01,8,6,8,6,14
CHOQUE COTA,consulta externa,nuevas en personas de 5 a 14 anos,2005-12-01,5,8,5,8,13
CHULUMANI (V. DE LA LIBERTAD),consulta externa,nuevas en personas de 5 a 14 anos,2005-12-01,59,66,59,66,125
CHUMA,consulta externa,nuevas en personas de 5 a 14 anos,2005-12-01,57,56,57,56,113
CLIZA,consulta externa,nuevas en personas de 5 a 14 anos,2005-12-01,33,35,33,35,68
COBIJA,consulta externa,nuevas en personas de 5 a 14 anos,2005-12-01,161,146,161,146,307
COCHABAMBA,consulta externa,nuevas en personas de 5 a 14 anos,2005-12-01,4312,4118,4312,4118,8430
COIPASA,consulta externa,nuevas en personas de 5 a 14 anos,2005-12-01,2,2,2,2,4
COLCAPIRHUA,consulta externa,nuevas en personas de 5 a 14 anos,2005-12-01,117,138,117,138,255
"COLCHA ""K""",consulta externa,nuevas en personas de 5 a 14 anos,2005-12-01,63,87,63,87,150
COLLANA,consulta externa,nuevas en personas de 5 a 14 anos,2005-12-01,3,5,3,5,8
COLOMI,consulta externa,nuevas en personas de 5 a 14 anos,2005-12-01,48,44,48,44,92
COLPA BELGICA,consulta externa,nuevas en personas de 5 a 14 anos,2005-12-01,14,35,14,35,49
COLQUECHACA,consulta externa,nuevas en personas de 5 a 14 anos,2005-12-01,100,173,100,173,273
COLQUENCHA,consulta externa,nuevas en personas de 5 a 14 anos,2005-12-01,15,12,15,12,27
COLQUIRI,consulta externa,nuevas en personas de 5 a 14 anos,2005-12-01,35,48,35,48,83
COMANCHE,consulta externa,nuevas en personas de 5 a 14 anos,2005-12-01,7,9,7,9,16
COMARAPA,consulta externa,nuevas en personas de 5 a 14 anos,2005-12-01,88,94,88,94,182
COMBAYA,consulta externa,nuevas en personas de 5 a 14 anos,2005-12-01,9,12,9,12,21
CONCEPCION,consulta externa,nuevas en personas de 5 a 14 anos,2005-12-01,32,30,32,30,62
COPACABANA,consulta externa,nuevas en personas de 5 a 14 anos,2005-12-01,29,18,29,18,47
CORIPATA,consulta externa,nuevas en personas de 5 a 14 anos,2005-12-01,40,40,40,40,80
CORO CORO,consulta externa,nuevas en personas de 5 a 14 anos,2005-12-01,14,11,14,11,25
COROICO,consulta externa,nuevas en personas de 5 a 14 anos,2005-12-01,48,75,48,75,123
CORQUE,consulta externa,nuevas en personas de 5 a 14 anos,2005-12-01,39,31,39,31,70
COTAGAITA,consulta externa,nuevas en personas de 5 a 14 anos,2005-12-01,238,230,238,230,468
COTOCA,consulta externa,nuevas en personas de 5 a 14 anos,2005-12-01,88,92,88,92,180
CUATRO CAÑADAS,consulta externa,nuevas en personas de 5 a 14 anos,2005-12-01,128,120,128,120,248
CUCHUMUELA (V. G. VILLARROEL),consulta externa,nuevas en personas de 5 a 14 anos,2005-12-01,4,1,4,1,5
CUEVO,consulta externa,nuevas en personas de 5 a 14 anos,2005-12-01,31,54,31,54,85
CULPINA,consulta externa,nuevas en personas de 5 a 14 anos,2005-12-01,47,40,47,40,87
CURAHUARA DE CARANGAS,consulta externa,nuevas en personas de 5 a 14 anos,2005-12-01,53,78,53,78,131
CURVA,consulta externa,nuevas en personas de 5 a 14 anos,2005-12-01,15,9,15,9,24
DESAGUADERO,consulta externa,nuevas en personas de 5 a 14 anos,2005-12-01,14,10,14,10,24
EL ALTO,consulta externa,nuevas en personas de 5 a 14 anos,2005-12-01,4097,4398,4097,4398,8495
EL CHORO,consulta externa,nuevas en personas de 5 a 14 anos,2005-12-01,21,26,21,26,47
EL PUENTE(STC),consulta externa,nuevas en personas de 5 a 14 anos,2005-12-01,47,39,47,39,86
EL PUENTE(TJA),consulta externa,nuevas en personas de 5 a 14 anos,2005-12-01,52,38,52,38,90
EL TORNO,consulta externa,nuevas en personas de 5 a 14 anos,2005-12-01,235,219,235,219,454
EL VILLAR,consulta externa,nuevas en personas de 5 a 14 anos,2005-12-01,33,26,33,26,59
ENTRE RIOS,consulta externa,nuevas en personas de 5 a 14 anos,2005-12-01,112,110,112,110,222
ENTRE RIOS,consulta externa,nuevas en personas de 5 a 14 anos,2005-12-01,102,80,102,80,182
ESCARA,consulta externa,nuevas en personas de 5 a 14 anos,2005-12-01,0,1,0,1,1
EUCALIPTUS,consulta externa,nuevas en personas de 5 a 14 anos,2005-12-01,9,13,9,13,22
EUREKA (SANTOS MERCADO),consulta externa,nuevas en personas de 5 a 14 anos,2005-12-01,1,4,1,4,5
EXALTACION,consulta externa,nuevas en personas de 5 a 14 anos,2005-12-01,10,17,10,17,27
FERNANDEZ ALONSO,consulta externa,nuevas en personas de 5 a 14 anos,2005-12-01,61,67,61,67,128
FILADELFIA,consulta externa,nuevas en personas de 5 a 14 anos,2005-12-01,28,23,28,23,51
GENERAL SAAVEDRA,consulta externa,nuevas en personas de 5 a 14 anos,2005-12-01,108,101,108,101,209
GRAL. J.J. PEREZ (CHARAZANI),consulta externa,nuevas en personas de 5 a 14 anos,2005-12-01,18,20,18,20,38
GUANAY,consulta externa,nuevas en personas de 5 a 14 anos,2005-12-01,51,47,51,47,98
GUAQUI,consulta externa,nuevas en personas de 5 a 14 anos,2005-12-01,16,10,16,10,26
GUAYARAMERIN,consulta externa,nuevas en personas de 5 a 14 anos,2005-12-01,233,239,233,239,472
GUTIERREZ,consulta externa,nuevas en personas de 5 a 14 anos,2005-12-01,125,119,125,119,244
HUACARETA,consulta externa,nuevas en personas de 5 a 14 anos,2005-12-01,70,61,70,61,131
HUACAYA (VILLA DE HUACAYA),consulta externa,nuevas en personas de 5 a 14 anos,2005-12-01,10,9,10,9,19
HUACHACALLA,consulta externa,nuevas en personas de 5 a 14 anos,2005-12-01,0,1,0,1,1
HUANUNI,consulta externa,nuevas en personas de 5 a 14 anos,2005-12-01,251,261,251,261,512
HUARACAJE,consulta externa,nuevas en personas de 5 a 14 anos,2005-12-01,22,8,22,8,30
HUAYLLAMARCA,consulta externa,nuevas en personas de 5 a 14 anos,2005-12-01,13,13,13,13,26
ICHOCA,consulta externa,nuevas en personas de 5 a 14 anos,2005-12-01,24,27,24,27,51
ICLA,consulta externa,nuevas en personas de 5 a 14 anos,2005-12-01,47,51,47,51,98
INCAHUASI,consulta externa,nuevas en personas de 5 a 14 anos,2005-12-01,52,78,52,78,130
INGAVI (HUMAITA),consulta externa,nuevas en personas de 5 a 14 anos,2005-12-01,14,16,14,16,30
INQUISIVI,consulta externa,nuevas en personas de 5 a 14 anos,2005-12-01,52,32,52,32,84
IRUPANA (VILLA DE LANZA),consulta externa,nuevas en personas de 5 a 14 anos,2005-12-01,74,53,74,53,127
IXIAMAS,consulta externa,nuevas en personas de 5 a 14 anos,2005-12-01,57,46,57,46,103
JESUS DE MACHACA,consulta externa,nuevas en personas de 5 a 14 anos,2005-12-01,23,20,23,20,43
LA ASUNTA,consulta externa,nuevas en personas de 5 a 14 anos,2005-12-01,88,90,88,90,178
LA GUARDIA,consulta externa,nuevas en personas de 5 a 14 anos,2005-12-01,141,152,141,152,293
LA PAZ,consulta externa,nuevas en personas de 5 a 14 anos,2005-12-01,5324,5103,5324,5103,10427
LAGUNILLAS,consulta externa,nuevas en personas de 5 a 14 anos,2005-12-01,51,71,51,71,122
LAJA,consulta externa,nuevas en personas de 5 a 14 anos,2005-12-01,28,22,28,22,50
LAS CARRERAS,consulta externa,nuevas en personas de 5 a 14 anos,2005-12-01,17,17,17,17,34
LICOMA PAMPA,consulta externa,nuevas en personas de 5 a 14 anos,2005-12-01,5,9,5,9,14
LLALLAGUA,consulta externa,nuevas en personas de 5 a 14 anos,2005-12-01,107,96,107,96,203
LLICA,consulta externa,nuevas en personas de 5 a 14 anos,2005-12-01,15,18,15,18,33
LORETO,consulta externa,nuevas en personas de 5 a 14 anos,2005-12-01,36,31,36,31,67
LURIBAY,consulta externa,nuevas en personas de 5 a 14 anos,2005-12-01,15,19,15,19,34
MACHACAMARCA,consulta externa,nuevas en personas de 5 a 14 anos,2005-12-01,11,14,11,14,25
MACHARETI,consulta externa,nuevas en personas de 5 a 14 anos,2005-12-01,53,54,53,54,107
MAGDALENA,consulta externa,nuevas en personas de 5 a 14 anos,2005-12-01,46,33,46,33,79
MAIRANA,consulta externa,nuevas en personas de 5 a 14 anos,2005-12-01,31,29,31,29,60
MALLA,consulta externa,nuevas en personas de 5 a 14 anos,2005-12-01,34,45,34,45,79
MAPIRI,consulta externa,nuevas en personas de 5 a 14 anos,2005-12-01,33,45,33,45,78
MECAPACA,consulta externa,nuevas en personas de 5 a 14 anos,2005-12-01,153,124,153,124,277
MINEROS,consulta externa,nuevas en personas de 5 a 14 anos,2005-12-01,38,35,38,35,73
MIZQUE,consulta externa,nuevas en personas de 5 a 14 anos,2005-12-01,39,49,39,49,88
MOCOMOCO,consulta externa,nuevas en personas de 5 a 14 anos,2005-12-01,57,41,57,41,98
MOJINETE,consulta externa,nuevas en personas de 5 a 14 anos,2005-12-01,3,3,3,3,6
MOJOCOYA,consulta externa,nuevas en personas de 5 a 14 anos,2005-12-01,49,46,49,46,95
MONTEAGUDO,consulta externa,nuevas en personas de 5 a 14 anos,2005-12-01,274,262,274,262,536
MONTERO,consulta externa,nuevas en personas de 5 a 14 anos,2005-12-01,729,655,729,655,1384
MORO MORO,consulta externa,nuevas en personas de 5 a 14 anos,2005-12-01,17,5,17,5,22
MOROCHATA,consulta externa,nuevas en personas de 5 a 14 anos,2005-12-01,30,15,30,15,45
NACEBE (SANTA ROSA DEL ABUNA),consulta externa,nuevas en personas de 5 a 14 anos,2005-12-01,38,37,38,37,75
NAZACARA DE PACAJES,consulta externa,nuevas en personas de 5 a 14 anos,2005-12-01,0,3,0,3,3
NUEVO MANOA (NUEVA ESPERANZA),consulta externa,nuevas en personas de 5 a 14 anos,2005-12-01,36,42,36,42,78
OCURI,consulta externa,nuevas en personas de 5 a 14 anos,2005-12-01,63,68,63,68,131
OKINAWA,consulta externa,nuevas en personas de 5 a 14 anos,2005-12-01,86,95,86,95,181
OMEREQUE,consulta externa,nuevas en personas de 5 a 14 anos,2005-12-01,28,20,28,20,48
ORURO,consulta externa,nuevas en personas de 5 a 14 anos,2005-12-01,2018,2137,2018,2137,4155
PADCAYA,consulta externa,nuevas en personas de 5 a 14 anos,2005-12-01,168,157,168,157,325
PADILLA,consulta externa,nuevas en personas de 5 a 14 anos,2005-12-01,85,82,85,82,167
PAILON,consulta externa,nuevas en personas de 5 a 14 anos,2005-12-01,32,53,32,53,85
PALCA,consulta externa,nuevas en personas de 5 a 14 anos,2005-12-01,37,43,37,43,80
PALOS BLANCOS,consulta externa,nuevas en personas de 5 a 14 anos,2005-12-01,132,116,132,116,248
PAMPA AULLAGAS,consulta externa,nuevas en personas de 5 a 14 anos,2005-12-01,20,39,20,39,59
PAMPA GRANDE,consulta externa,nuevas en personas de 5 a 14 anos,2005-12-01,50,43,50,43,93
PAPEL PAMPA,consulta externa,nuevas en personas de 5 a 14 anos,2005-12-01,16,12,16,12,28
PASORAPA,consulta externa,nuevas en personas de 5 a 14 anos,2005-12-01,14,8,14,8,22
PATACAMAYA,consulta externa,nuevas en personas de 5 a 14 anos,2005-12-01,26,22,26,22,48
PAZÑA,consulta externa,nuevas en personas de 5 a 14 anos,2005-12-01,14,29,14,29,43
PELECHUCO,consulta externa,nuevas en personas de 5 a 14 anos,2005-12-01,40,26,40,26,66
POCOATA,consulta externa,nuevas en personas de 5 a 14 anos,2005-12-01,62,52,62,52,114
POCONA,consulta externa,nuevas en personas de 5 a 14 anos,2005-12-01,49,51,49,51,100
POJO (CBBA),consulta externa,nuevas en personas de 5 a 14 anos,2005-12-01,9,12,9,12,21
POOPO,consulta externa,nuevas en personas de 5 a 14 anos,2005-12-01,24,22,24,22,46
PORCO,consulta externa,nuevas en personas de 5 a 14 anos,2005-12-01,24,28,24,28,52
POROMA,consulta externa,nuevas en personas de 5 a 14 anos,2005-12-01,76,92,76,92,168
PORONGO,consulta externa,nuevas en personas de 5 a 14 anos,2005-12-01,58,54,58,54,112
PORTACHUELO,consulta externa,nuevas en personas de 5 a 14 anos,2005-12-01,223,156,223,156,379
PORVENIR,consulta externa,nuevas en personas de 5 a 14 anos,2005-12-01,27,29,27,29,56
POSTRER VALLE,consulta externa,nuevas en personas de 5 a 14 anos,2005-12-01,11,7,11,7,18
POTOSI,consulta externa,nuevas en personas de 5 a 14 anos,2005-12-01,1224,1225,1224,1225,2449
PRESTO,consulta externa,nuevas en personas de 5 a 14 anos,2005-12-01,20,19,20,19,39
PUCARA,consulta externa,nuevas en personas de 5 a 14 anos,2005-12-01,35,38,35,38,73
PUCARANI,consulta externa,nuevas en personas de 5 a 14 anos,2005-12-01,41,35,41,35,76
PUERTO ACOSTA,consulta externa,nuevas en personas de 5 a 14 anos,2005-12-01,39,27,39,27,66
PUERTO CARABUCO,consulta externa,nuevas en personas de 5 a 14 anos,2005-12-01,41,40,41,40,81
PUERTO GONZALO MORENO,consulta externa,nuevas en personas de 5 a 14 anos,2005-12-01,42,24,42,24,66
PUERTO PEREZ,consulta externa,nuevas en personas de 5 a 14 anos,2005-12-01,9,18,9,18,27
PUERTO QUIJARRO,consulta externa,nuevas en personas de 5 a 14 anos,2005-12-01,81,90,81,90,171
PUERTO RICO,consulta externa,nuevas en personas de 5 a 14 anos,2005-12-01,41,38,41,38,79
PUERTO SUAREZ,consulta externa,nuevas en personas de 5 a 14 anos,2005-12-01,103,131,103,131,234
PUERTO VILLARROEL,consulta externa,nuevas en personas de 5 a 14 anos,2005-12-01,265,191,265,191,456
PUNA,consulta externa,nuevas en personas de 5 a 14 anos,2005-12-01,146,154,146,154,300
PUNATA,consulta externa,nuevas en personas de 5 a 14 anos,2005-12-01,114,81,114,81,195
QUIABAYA,consulta externa,nuevas en personas de 5 a 14 anos,2005-12-01,3,0,3,0,3
QUILLACOLLO,consulta externa,nuevas en personas de 5 a 14 anos,2005-12-01,100,110,100,110,210
QUIME,consulta externa,nuevas en personas de 5 a 14 anos,2005-12-01,16,19,16,19,35
QUIRUSILLAS,consulta externa,nuevas en personas de 5 a 14 anos,2005-12-01,24,23,24,23,47
RAVELO,consulta externa,nuevas en personas de 5 a 14 anos,2005-12-01,51,51,51,51,102
REYES,consulta externa,nuevas en personas de 5 a 14 anos,2005-12-01,40,33,40,33,73
RIBERALTA,consulta externa,nuevas en personas de 5 a 14 anos,2005-12-01,347,313,347,313,660
ROBORE,consulta externa,nuevas en personas de 5 a 14 anos,2005-12-01,104,59,104,59,163
RURRENABAQUE,consulta externa,nuevas en personas de 5 a 14 anos,2005-12-01,64,70,64,70,134
SABAYA,consulta externa,nuevas en personas de 5 a 14 anos,2005-12-01,20,14,20,14,34
SACABA,consulta externa,nuevas en personas de 5 a 14 anos,2005-12-01,174,279,174,279,453
SACABAMBA,consulta externa,nuevas en personas de 5 a 14 anos,2005-12-01,9,10,9,10,19
SACACA,consulta externa,nuevas en personas de 5 a 14 anos,2005-12-01,50,52,50,52,102
SAIPINA,consulta externa,nuevas en personas de 5 a 14 anos,2005-12-01,32,44,32,44,76
SALINAS DE GARCI MENDOZA,consulta externa,nuevas en personas de 5 a 14 anos,2005-12-01,19,26,19,26,45
SAMAIPATA,consulta externa,nuevas en personas de 5 a 14 anos,2005-12-01,56,55,56,55,111
SAN AGUSTIN,consulta externa,nuevas en personas de 5 a 14 anos,2005-12-01,8,5,8,5,13
SAN ANDRES,consulta externa,nuevas en personas de 5 a 14 anos,2005-12-01,42,42,42,42,84
SAN ANDRES DE MACHACA,consulta externa,nuevas en personas de 5 a 14 anos,2005-12-01,19,11,19,11,30
SAN ANTONIO DE ESMORUCO,consulta externa,nuevas en personas de 5 a 14 anos,2005-12-01,6,5,6,5,11
SAN ANTONIO DE LOMERIO,consulta externa,nuevas en personas de 5 a 14 anos,2005-12-01,24,19,24,19,43
SAN BENITO,consulta externa,nuevas en personas de 5 a 14 anos,2005-12-01,108,115,108,115,223
SAN BORJA,consulta externa,nuevas en personas de 5 a 14 anos,2005-12-01,75,61,75,61,136
SAN BUENA VENTURA,consulta externa,nuevas en personas de 5 a 14 anos,2005-12-01,32,22,32,22,54
SAN CARLOS,consulta externa,nuevas en personas de 5 a 14 anos,2005-12-01,100,105,100,105,205
SAN IGNACIO,consulta externa,nuevas en personas de 5 a 14 anos,2005-12-01,84,104,84,104,188
SAN IGNACIO DE VELASCO,consulta externa,nuevas en personas de 5 a 14 anos,2005-12-01,293,314,293,314,607
SAN JAVIER(BNI),consulta externa,nuevas en personas de 5 a 14 anos,2005-12-01,14,13,14,13,27
SAN JAVIER(STC),consulta externa,nuevas en personas de 5 a 14 anos,2005-12-01,43,36,43,36,79
SAN JOAQUIN,consulta externa,nuevas en personas de 5 a 14 anos,2005-12-01,18,22,18,22,40
SAN JOSE DE CHIQUITOS,consulta externa,nuevas en personas de 5 a 14 anos,2005-12-01,70,66,70,66,136
SAN JUAN DE YAPACANI,consulta externa,nuevas en personas de 5 a 14 anos,2005-12-01,67,55,67,55,122
SAN JULIAN,consulta externa,nuevas en personas de 5 a 14 anos,2005-12-01,228,217,228,217,445
SAN LORENZO(PND),consulta externa,nuevas en personas de 5 a 14 anos,2005-12-01,53,46,53,46,99
SAN LORENZO(TJA),consulta externa,nuevas en personas de 5 a 14 anos,2005-12-01,62,95,62,95,157
SAN LUCAS,consulta externa,nuevas en personas de 5 a 14 anos,2005-12-01,126,144,126,144,270
SAN MATIAS,consulta externa,nuevas en personas de 5 a 14 anos,2005-12-01,29,44,29,44,73
SAN MIGUEL DE VELASCO,consulta externa,nuevas en personas de 5 a 14 anos,2005-12-01,42,58,42,58,100
SAN PABLO DE LIPEZ,consulta externa,nuevas en personas de 5 a 14 anos,2005-12-01,40,45,40,45,85
SAN PEDRO,consulta externa,nuevas en personas de 5 a 14 anos,2005-12-01,200,165,200,165,365
SAN PEDRO DE BUENA VISTA,consulta externa,nuevas en personas de 5 a 14 anos,2005-12-01,44,44,44,44,88
SAN PEDRO DE CURAHUARA,consulta externa,nuevas en personas de 5 a 14 anos,2005-12-01,36,32,36,32,68
SAN PEDRO DE QUEMES,consulta externa,nuevas en personas de 5 a 14 anos,2005-12-01,1,2,1,2,3
SAN PEDRO DE TIQUINA,consulta externa,nuevas en personas de 5 a 14 anos,2005-12-01,22,10,22,10,32
SAN PEDRO(PND),consulta externa,nuevas en personas de 5 a 14 anos,2005-12-01,28,34,28,34,62
SAN RAFAEL,consulta externa,nuevas en personas de 5 a 14 anos,2005-12-01,15,15,15,15,30
SAN RAMON,consulta externa,nuevas en personas de 5 a 14 anos,2005-12-01,38,36,38,36,74
SAN RAMON,consulta externa,nuevas en personas de 5 a 14 anos,2005-12-01,46,37,46,37,83
SANTA ANA,consulta externa,nuevas en personas de 5 a 14 anos,2005-12-01,46,45,46,45,91
SANTA CRUZ DE LA SIERRA,consulta externa,nuevas en personas de 5 a 14 anos,2005-12-01,9046,10123,9046,10123,19169
SANTA ROSA,consulta externa,nuevas en personas de 5 a 14 anos,2005-12-01,71,74,71,74,145
SANTA ROSA DEL SARA,consulta externa,nuevas en personas de 5 a 14 anos,2005-12-01,84,99,84,99,183
SANTIAGO DE CALLAPA,consulta externa,nuevas en personas de 5 a 14 anos,2005-12-01,11,8,11,8,19
SANTIAGO DE HUARI,consulta externa,nuevas en personas de 5 a 14 anos,2005-12-01,10,24,10,24,34
SANTIAGO DE MACHACA,consulta externa,nuevas en personas de 5 a 14 anos,2005-12-01,9,4,9,4,13
SANTIVAÑES,consulta externa,nuevas en personas de 5 a 14 anos,2005-12-01,24,11,24,11,35
SANTUARIO DE QUILLACAS,consulta externa,nuevas en personas de 5 a 14 anos,2005-12-01,3,1,3,1,4
SAPAHAQUI,consulta externa,nuevas en personas de 5 a 14 anos,2005-12-01,41,30,41,30,71
SENA,consulta externa,nuevas en personas de 5 a 14 anos,2005-12-01,33,33,33,33,66
SICA SICA (VILLA AROMA),consulta externa,nuevas en personas de 5 a 14 anos,2005-12-01,40,39,40,39,79
SICAYA,consulta externa,nuevas en personas de 5 a 14 anos,2005-12-01,3,3,3,3,6
SIPE SIPE,consulta externa,nuevas en personas de 5 a 14 anos,2005-12-01,60,53,60,53,113
SOPACHUY,consulta externa,nuevas en personas de 5 a 14 anos,2005-12-01,24,25,24,25,49
SORACACHI,consulta externa,nuevas en personas de 5 a 14 anos,2005-12-01,21,14,21,14,35
SORATA,consulta externa,nuevas en personas de 5 a 14 anos,2005-12-01,50,48,50,48,98
SUCRE,consulta externa,nuevas en personas de 5 a 14 anos,2005-12-01,2544,2584,2544,2584,5128
TACACHI,consulta externa,nuevas en personas de 5 a 14 anos,2005-12-01,4,7,4,7,11
TACACOMA,consulta externa,nuevas en personas de 5 a 14 anos,2005-12-01,13,14,13,14,27
TACOBAMBA,consulta externa,nuevas en personas de 5 a 14 anos,2005-12-01,14,16,14,16,30
TACOPAYA,consulta externa,nuevas en personas de 5 a 14 anos,2005-12-01,77,72,77,72,149
TAHUA,consulta externa,nuevas en personas de 5 a 14 anos,2005-12-01,5,2,5,2,7
TAPACARI,consulta externa,nuevas en personas de 5 a 14 anos,2005-12-01,53,45,53,45,98
TARABUCO,consulta externa,nuevas en personas de 5 a 14 anos,2005-12-01,50,59,50,59,109
TARACO,consulta externa,nuevas en personas de 5 a 14 anos,2005-12-01,9,6,9,6,15
TARATA,consulta externa,nuevas en personas de 5 a 14 anos,2005-12-01,15,16,15,16,31
TARIJA,consulta externa,nuevas en personas de 5 a 14 anos,2005-12-01,1420,1402,1420,1402,2822
TARVITA,consulta externa,nuevas en personas de 5 a 14 anos,2005-12-01,48,49,48,49,97
TEOPONTE,consulta externa,nuevas en personas de 5 a 14 anos,2005-12-01,35,30,35,30,65
TIAWANACU,consulta externa,nuevas en personas de 5 a 14 anos,2005-12-01,29,26,29,26,55
TINGUIPAYA,consulta externa,nuevas en personas de 5 a 14 anos,2005-12-01,64,38,64,38,102
TIPUANI,consulta externa,nuevas en personas de 5 a 14 anos,2005-12-01,16,15,16,15,31
TIQUIPAYA,consulta externa,nuevas en personas de 5 a 14 anos,2005-12-01,50,24,50,24,74
TIRAQUE (CBBA),consulta externa,nuevas en personas de 5 a 14 anos,2005-12-01,142,168,142,168,310
TITO YUPANQUI (PARQUIPUJIO),consulta externa,nuevas en personas de 5 a 14 anos,2005-12-01,6,8,6,8,14
TOCO,consulta externa,nuevas en personas de 5 a 14 anos,2005-12-01,5,5,5,5,10
TODOS SANTOS,consulta externa,nuevas en personas de 5 a 14 anos,2005-12-01,2,1,2,1,3
TOLATA,consulta externa,nuevas en personas de 5 a 14 anos,2005-12-01,12,18,12,18,30
TOLEDO,consulta externa,nuevas en personas de 5 a 14 anos,2005-12-01,20,23,20,23,43
TOMAVE,consulta externa,nuevas en personas de 5 a 14 anos,2005-12-01,56,45,56,45,101
TOMINA,consulta externa,nuevas en personas de 5 a 14 anos,2005-12-01,50,31,50,31,81
TORO TORO,consulta externa,nuevas en personas de 5 a 14 anos,2005-12-01,37,39,37,39,76
TOTORA(CBBA),consulta externa,nuevas en personas de 5 a 14 anos,2005-12-01,21,17,21,17,38
TOTORA(ORR),consulta externa,nuevas en personas de 5 a 14 anos,2005-12-01,14,25,14,25,39
TRIGAL,consulta externa,nuevas en personas de 5 a 14 anos,2005-12-01,9,6,9,6,15
TRINIDAD,consulta externa,nuevas en personas de 5 a 14 anos,2005-12-01,551,575,551,575,1126
TUPIZA,consulta externa,nuevas en personas de 5 a 14 anos,2005-12-01,633,789,633,789,1422
TURCO,consulta externa,nuevas en personas de 5 a 14 anos,2005-12-01,10,16,10,16,26
UMALA,consulta externa,nuevas en personas de 5 a 14 anos,2005-12-01,6,13,6,13,19
UNCIA,consulta externa,nuevas en personas de 5 a 14 anos,2005-12-01,160,196,160,196,356
URIONDO (A. CONCEPCION),consulta externa,nuevas en personas de 5 a 14 anos,2005-12-01,60,73,60,73,133
URUBICHA,consulta externa,nuevas en personas de 5 a 14 anos,2005-12-01,96,89,96,89,185
UYUNI,consulta externa,nuevas en personas de 5 a 14 anos,2005-12-01,97,155,97,155,252
VACAS,consulta externa,nuevas en personas de 5 a 14 anos,2005-12-01,54,54,54,54,108
VALLEGRANDE,consulta externa,nuevas en personas de 5 a 14 anos,2005-12-01,68,56,68,56,124
VIACHA,consulta externa,nuevas en personas de 5 a 14 anos,2005-12-01,157,154,157,154,311
VILA VILA,consulta externa,nuevas en personas de 5 a 14 anos,2005-12-01,6,9,6,9,15
VILLA MONTES,consulta externa,nuevas en personas de 5 a 14 anos,2005-12-01,155,161,155,161,316
VILLA NUEVA (LOMA ALTA),consulta externa,nuevas en personas de 5 a 14 anos,2005-12-01,19,9,19,9,28
VILLA RIVERO,consulta externa,nuevas en personas de 5 a 14 anos,2005-12-01,18,16,18,16,34
VILLA SERRANO,consulta externa,nuevas en personas de 5 a 14 anos,2005-12-01,52,59,52,59,111
VILLA TUNARI,consulta externa,nuevas en personas de 5 a 14 anos,2005-12-01,416,368,416,368,784
VILLA VACA GUZMAN (MUYUPAMPA),consulta externa,nuevas en personas de 5 a 14 anos,2005-12-01,107,87,107,87,194
VILLAZON,consulta externa,nuevas en personas de 5 a 14 anos,2005-12-01,199,204,199,204,403
VINTO,consulta externa,nuevas en personas de 5 a 14 anos,2005-12-01,64,52,64,52,116
VITICHI,consulta externa,nuevas en personas de 5 a 14 anos,2005-12-01,39,59,39,59,98
WALDO BALLIVIAN,consulta externa,nuevas en personas de 5 a 14 anos,2005-12-01,6,7,6,7,13
WARNES,consulta externa,nuevas en personas de 5 a 14 anos,2005-12-01,263,241,263,241,504
YACO,consulta externa,nuevas en personas de 5 a 14 anos,2005-12-01,31,23,31,23,54
YACUIBA,consulta externa,nuevas en personas de 5 a 14 anos,2005-12-01,714,643,714,643,1357
YAMPARAEZ,consulta externa,nuevas en personas de 5 a 14 anos,2005-12-01,35,33,35,33,68
YANACACHI,consulta externa,nuevas en personas de 5 a 14 anos,2005-12-01,26,31,26,31,57
YAPACANI,consulta externa,nuevas en personas de 5 a 14 anos,2005-12-01,171,162,171,162,333
YOCALLA,consulta externa,nuevas en personas de 5 a 14 anos,2005-12-01,17,14,17,14,31
YOTALA,consulta externa,nuevas en personas de 5 a 14 anos,2005-12-01,46,47,46,47,93
YUNCHARA,consulta externa,nuevas en personas de 5 a 14 anos,2005-12-01,171,181,171,181,352
ZUDAÑEZ,consulta externa,nuevas en personas de 5 a 14 anos,2005-12-01,28,23,28,23,51
