municipality,group,variable,month,Nuevas en menores de 5 años -Hombre,Nuevas en menores de 5 años -Mujer,TOTAL-H,TOTAL-M,TOTAL
ACACIO,consulta externa,nuevas en menores de 5 anos,2005-01-01,127,119,127,119,246
ACHACACHI,consulta externa,nuevas en menores de 5 anos,2005-01-01,329,269,329,269,598
ACHOCALLA,consulta externa,nuevas en menores de 5 anos,2005-01-01,110,61,110,61,171
AIQUILE,consulta externa,nuevas en menores de 5 anos,2005-01-01,308,298,308,298,606
ALALAY,consulta externa,nuevas en menores de 5 anos,2005-01-01,36,36,36,36,72
ALCALA,consulta externa,nuevas en menores de 5 anos,2005-01-01,78,62,78,62,140
ANCORAIMES,consulta externa,nuevas en menores de 5 anos,2005-01-01,173,201,173,201,374
ANDAMARCA,consulta externa,nuevas en menores de 5 anos,2005-01-01,34,25,34,25,59
ANTEQUERA,consulta externa,nuevas en menores de 5 anos,2005-01-01,25,25,25,25,50
ANZALDO,consulta externa,nuevas en menores de 5 anos,2005-01-01,52,67,52,67,119
APOLO,consulta externa,nuevas en menores de 5 anos,2005-01-01,299,288,299,288,587
ARAMPAMPA,consulta externa,nuevas en menores de 5 anos,2005-01-01,77,73,77,73,150
ARANI,consulta externa,nuevas en menores de 5 anos,2005-01-01,87,94,87,94,181
ARBIETO,consulta externa,nuevas en menores de 5 anos,2005-01-01,70,50,70,50,120
ARQUE,consulta externa,nuevas en menores de 5 anos,2005-01-01,146,109,146,109,255
ASCENCION DE GUARAYOS,consulta externa,nuevas en menores de 5 anos,2005-01-01,371,294,371,294,665
ATOCHA,consulta externa,nuevas en menores de 5 anos,2005-01-01,308,276,308,276,584
AUCAPATA,consulta externa,nuevas en menores de 5 anos,2005-01-01,53,53,53,53,106
AYATA,consulta externa,nuevas en menores de 5 anos,2005-01-01,87,69,87,69,156
AYO AYO,consulta externa,nuevas en menores de 5 anos,2005-01-01,49,41,49,41,90
AYOPAYA (V. DE INDEPENDENCIA),consulta externa,nuevas en menores de 5 anos,2005-01-01,283,294,283,294,577
AZURDUY,consulta externa,nuevas en menores de 5 anos,2005-01-01,454,407,454,407,861
BATALLAS,consulta externa,nuevas en menores de 5 anos,2005-01-01,85,69,85,69,154
BAURES,consulta externa,nuevas en menores de 5 anos,2005-01-01,67,74,67,74,141
BELEN DE ANDAMARCA,consulta externa,nuevas en menores de 5 anos,2005-01-01,10,7,10,7,17
BELEN DE URMIRI,consulta externa,nuevas en menores de 5 anos,2005-01-01,34,22,34,22,56
BELLA FLOR,consulta externa,nuevas en menores de 5 anos,2005-01-01,65,62,65,62,127
BERMEJO,consulta externa,nuevas en menores de 5 anos,2005-01-01,714,652,714,652,1366
BETANZOS,consulta externa,nuevas en menores de 5 anos,2005-01-01,507,555,507,555,1062
BOLIVAR,consulta externa,nuevas en menores de 5 anos,2005-01-01,123,110,123,110,233
BOLPEBRA,consulta externa,nuevas en menores de 5 anos,2005-01-01,28,23,28,23,51
BOYUIBE,consulta externa,nuevas en menores de 5 anos,2005-01-01,85,106,85,106,191
BUENA VISTA,consulta externa,nuevas en menores de 5 anos,2005-01-01,319,339,319,339,658
CABEZAS,consulta externa,nuevas en menores de 5 anos,2005-01-01,446,337,446,337,783
CAIROMA,consulta externa,nuevas en menores de 5 anos,2005-01-01,75,69,75,69,144
"CAIZA ""D""",consulta externa,nuevas en menores de 5 anos,2005-01-01,85,78,85,78,163
CAJUATA,consulta externa,nuevas en menores de 5 anos,2005-01-01,166,117,166,117,283
CALACOTO,consulta externa,nuevas en menores de 5 anos,2005-01-01,29,28,29,28,57
CALAMARCA,consulta externa,nuevas en menores de 5 anos,2005-01-01,84,88,84,88,172
CAMARGO,consulta externa,nuevas en menores de 5 anos,2005-01-01,289,262,289,262,551
CAMATAQUI (C. VILLA ABECIA),consulta externa,nuevas en menores de 5 anos,2005-01-01,74,41,74,41,115
CAMIRI,consulta externa,nuevas en menores de 5 anos,2005-01-01,932,822,932,822,1754
CAPINOTA,consulta externa,nuevas en menores de 5 anos,2005-01-01,247,231,247,231,478
CAQUIAVIRI,consulta externa,nuevas en menores de 5 anos,2005-01-01,63,59,63,59,122
CARACOLLO,consulta externa,nuevas en menores de 5 anos,2005-01-01,226,217,226,217,443
CARANAVI,consulta externa,nuevas en menores de 5 anos,2005-01-01,623,578,623,578,1201
CARANGAS,consulta externa,nuevas en menores de 5 anos,2005-01-01,4,5,4,5,9
CARAPARI,consulta externa,nuevas en menores de 5 anos,2005-01-01,166,171,166,171,337
CARIPUYO,consulta externa,nuevas en menores de 5 anos,2005-01-01,216,194,216,194,410
CARMEN RIVERO TORREZ,consulta externa,nuevas en menores de 5 anos,2005-01-01,417,37,417,37,454
CATACORA,consulta externa,nuevas en menores de 5 anos,2005-01-01,25,22,25,22,47
CHACARILLA,consulta externa,nuevas en menores de 5 anos,2005-01-01,4,4,4,4,8
CHALLAPATA,consulta externa,nuevas en menores de 5 anos,2005-01-01,331,279,331,279,610
CHAQUI,consulta externa,nuevas en menores de 5 anos,2005-01-01,59,56,59,56,115
CHARAGUA,consulta externa,nuevas en menores de 5 anos,2005-01-01,833,674,833,674,1507
CHARAÑA,consulta externa,nuevas en menores de 5 anos,2005-01-01,28,26,28,26,54
CHAYANTA,consulta externa,nuevas en menores de 5 anos,2005-01-01,245,239,245,239,484
CHIMORE,consulta externa,nuevas en menores de 5 anos,2005-01-01,484,434,484,434,918
CHIPAYA,consulta externa,nuevas en menores de 5 anos,2005-01-01,190,15,190,15,205
CHOQUE COTA,consulta externa,nuevas en menores de 5 anos,2005-01-01,28,33,28,33,61
CHULUMANI (V. DE LA LIBERTAD),consulta externa,nuevas en menores de 5 anos,2005-01-01,177,174,177,174,351
CHUMA,consulta externa,nuevas en menores de 5 anos,2005-01-01,101,112,101,112,213
CLIZA,consulta externa,nuevas en menores de 5 anos,2005-01-01,214,186,214,186,400
COBIJA,consulta externa,nuevas en menores de 5 anos,2005-01-01,737,696,737,696,1433
COCHABAMBA,consulta externa,nuevas en menores de 5 anos,2005-01-01,7469,6648,7469,6648,14117
COIPASA,consulta externa,nuevas en menores de 5 anos,2005-01-01,5,8,5,8,13
COLCAPIRHUA,consulta externa,nuevas en menores de 5 anos,2005-01-01,402,375,402,375,777
"COLCHA ""K""",consulta externa,nuevas en menores de 5 anos,2005-01-01,89,81,89,81,170
COLLANA,consulta externa,nuevas en menores de 5 anos,2005-01-01,16,13,16,13,29
COLOMI,consulta externa,nuevas en menores de 5 anos,2005-01-01,272,273,272,273,545
COLPA BELGICA,consulta externa,nuevas en menores de 5 anos,2005-01-01,186,127,186,127,313
COLQUECHACA,consulta externa,nuevas en menores de 5 anos,2005-01-01,442,320,442,320,762
COLQUENCHA,consulta externa,nuevas en menores de 5 anos,2005-01-01,59,74,59,74,133
COLQUIRI,consulta externa,nuevas en menores de 5 anos,2005-01-01,262,238,262,238,500
COMANCHE,consulta externa,nuevas en menores de 5 anos,2005-01-01,16,9,16,9,25
COMARAPA,consulta externa,nuevas en menores de 5 anos,2005-01-01,336,264,336,264,600
COMBAYA,consulta externa,nuevas en menores de 5 anos,2005-01-01,8,8,8,8,16
CONCEPCION,consulta externa,nuevas en menores de 5 anos,2005-01-01,136,153,136,153,289
COPACABANA,consulta externa,nuevas en menores de 5 anos,2005-01-01,49,51,49,51,100
CORIPATA,consulta externa,nuevas en menores de 5 anos,2005-01-01,111,88,111,88,199
CORO CORO,consulta externa,nuevas en menores de 5 anos,2005-01-01,70,55,70,55,125
COROICO,consulta externa,nuevas en menores de 5 anos,2005-01-01,164,130,164,130,294
CORQUE,consulta externa,nuevas en menores de 5 anos,2005-01-01,73,44,73,44,117
COTAGAITA,consulta externa,nuevas en menores de 5 anos,2005-01-01,532,410,532,410,942
COTOCA,consulta externa,nuevas en menores de 5 anos,2005-01-01,818,684,818,684,1502
CUATRO CAÑADAS,consulta externa,nuevas en menores de 5 anos,2005-01-01,423,386,423,386,809
CUCHUMUELA (V. G. VILLARROEL),consulta externa,nuevas en menores de 5 anos,2005-01-01,23,29,23,29,52
CUEVO,consulta externa,nuevas en menores de 5 anos,2005-01-01,145,187,145,187,332
CULPINA,consulta externa,nuevas en menores de 5 anos,2005-01-01,415,432,415,432,847
CURAHUARA DE CARANGAS,consulta externa,nuevas en menores de 5 anos,2005-01-01,41,43,41,43,84
CURVA,consulta externa,nuevas en menores de 5 anos,2005-01-01,53,34,53,34,87
DESAGUADERO,consulta externa,nuevas en menores de 5 anos,2005-01-01,37,15,37,15,52
EL ALTO,consulta externa,nuevas en menores de 5 anos,2005-01-01,6681,6372,6681,6372,13053
EL CHORO,consulta externa,nuevas en menores de 5 anos,2005-01-01,21,21,21,21,42
EL PUENTE(STC),consulta externa,nuevas en menores de 5 anos,2005-01-01,192,206,192,206,398
EL PUENTE(TJA),consulta externa,nuevas en menores de 5 anos,2005-01-01,160,134,160,134,294
EL TORNO,consulta externa,nuevas en menores de 5 anos,2005-01-01,894,872,894,872,1766
EL VILLAR,consulta externa,nuevas en menores de 5 anos,2005-01-01,105,101,105,101,206
ENTRE RIOS,consulta externa,nuevas en menores de 5 anos,2005-01-01,374,295,374,295,669
ENTRE RIOS,consulta externa,nuevas en menores de 5 anos,2005-01-01,518,479,518,479,997
ESCARA,consulta externa,nuevas en menores de 5 anos,2005-01-01,1,2,1,2,3
EUCALIPTUS,consulta externa,nuevas en menores de 5 anos,2005-01-01,172,129,172,129,301
EUREKA (SANTOS MERCADO),consulta externa,nuevas en menores de 5 anos,2005-01-01,5,10,5,10,15
EXALTACION,consulta externa,nuevas en menores de 5 anos,2005-01-01,26,42,26,42,68
FERNANDEZ ALONSO,consulta externa,nuevas en menores de 5 anos,2005-01-01,302,273,302,273,575
FILADELFIA,consulta externa,nuevas en menores de 5 anos,2005-01-01,77,91,77,91,168
GENERAL SAAVEDRA,consulta externa,nuevas en menores de 5 anos,2005-01-01,726,520,726,520,1246
GRAL. J.J. PEREZ (CHARAZANI),consulta externa,nuevas en menores de 5 anos,2005-01-01,93,74,93,74,167
GUANAY,consulta externa,nuevas en menores de 5 anos,2005-01-01,204,203,204,203,407
GUAQUI,consulta externa,nuevas en menores de 5 anos,2005-01-01,22,21,22,21,43
GUAYARAMERIN,consulta externa,nuevas en menores de 5 anos,2005-01-01,816,756,816,756,1572
GUTIERREZ,consulta externa,nuevas en menores de 5 anos,2005-01-01,845,846,845,846,1691
HUACARETA,consulta externa,nuevas en menores de 5 anos,2005-01-01,206,233,206,233,439
HUACAYA (VILLA DE HUACAYA),consulta externa,nuevas en menores de 5 anos,2005-01-01,59,73,59,73,132
HUACHACALLA,consulta externa,nuevas en menores de 5 anos,2005-01-01,7,5,7,5,12
HUANUNI,consulta externa,nuevas en menores de 5 anos,2005-01-01,390,302,390,302,692
HUARACAJE,consulta externa,nuevas en menores de 5 anos,2005-01-01,53,40,53,40,93
HUAYLLAMARCA,consulta externa,nuevas en menores de 5 anos,2005-01-01,78,67,78,67,145
ICHOCA,consulta externa,nuevas en menores de 5 anos,2005-01-01,102,66,102,66,168
ICLA,consulta externa,nuevas en menores de 5 anos,2005-01-01,207,200,207,200,407
INCAHUASI,consulta externa,nuevas en menores de 5 anos,2005-01-01,349,348,349,348,697
INGAVI (HUMAITA),consulta externa,nuevas en menores de 5 anos,2005-01-01,18,12,18,12,30
INQUISIVI,consulta externa,nuevas en menores de 5 anos,2005-01-01,167,171,167,171,338
IRUPANA (VILLA DE LANZA),consulta externa,nuevas en menores de 5 anos,2005-01-01,258,227,258,227,485
IXIAMAS,consulta externa,nuevas en menores de 5 anos,2005-01-01,225,131,225,131,356
JESUS DE MACHACA,consulta externa,nuevas en menores de 5 anos,2005-01-01,150,126,150,126,276
LA ASUNTA,consulta externa,nuevas en menores de 5 anos,2005-01-01,440,451,440,451,891
LA GUARDIA,consulta externa,nuevas en menores de 5 anos,2005-01-01,818,783,818,783,1601
LA PAZ,consulta externa,nuevas en menores de 5 anos,2005-01-01,11565,10357,11565,10357,21922
LA RIVERA,consulta externa,nuevas en menores de 5 anos,2005-01-01,6,4,6,4,10
LAGUNILLAS,consulta externa,nuevas en menores de 5 anos,2005-01-01,190,201,190,201,391
LAJA,consulta externa,nuevas en menores de 5 anos,2005-01-01,81,73,81,73,154
LAS CARRERAS,consulta externa,nuevas en menores de 5 anos,2005-01-01,54,49,54,49,103
LICOMA PAMPA,consulta externa,nuevas en menores de 5 anos,2005-01-01,27,18,27,18,45
LLALLAGUA,consulta externa,nuevas en menores de 5 anos,2005-01-01,360,327,360,327,687
LLICA,consulta externa,nuevas en menores de 5 anos,2005-01-01,46,25,46,25,71
LORETO,consulta externa,nuevas en menores de 5 anos,2005-01-01,454,89,454,89,543
LURIBAY,consulta externa,nuevas en menores de 5 anos,2005-01-01,112,105,112,105,217
MACHACAMARCA,consulta externa,nuevas en menores de 5 anos,2005-01-01,35,33,35,33,68
MACHARETI,consulta externa,nuevas en menores de 5 anos,2005-01-01,283,318,283,318,601
MAGDALENA,consulta externa,nuevas en menores de 5 anos,2005-01-01,189,182,189,182,371
MAIRANA,consulta externa,nuevas en menores de 5 anos,2005-01-01,147,129,147,129,276
MALLA,consulta externa,nuevas en menores de 5 anos,2005-01-01,53,34,53,34,87
MAPIRI,consulta externa,nuevas en menores de 5 anos,2005-01-01,185,195,185,195,380
MECAPACA,consulta externa,nuevas en menores de 5 anos,2005-01-01,114,153,114,153,267
MINEROS,consulta externa,nuevas en menores de 5 anos,2005-01-01,456,359,456,359,815
MIZQUE,consulta externa,nuevas en menores de 5 anos,2005-01-01,222,238,222,238,460
MOCOMOCO,consulta externa,nuevas en menores de 5 anos,2005-01-01,104,91,104,91,195
MOJINETE,consulta externa,nuevas en menores de 5 anos,2005-01-01,16,17,16,17,33
MOJOCOYA,consulta externa,nuevas en menores de 5 anos,2005-01-01,103,101,103,101,204
MONTEAGUDO,consulta externa,nuevas en menores de 5 anos,2005-01-01,530,482,530,482,1012
MONTERO,consulta externa,nuevas en menores de 5 anos,2005-01-01,2857,1728,2857,1728,4585
MORO MORO,consulta externa,nuevas en menores de 5 anos,2005-01-01,64,49,64,49,113
MOROCHATA,consulta externa,nuevas en menores de 5 anos,2005-01-01,178,143,178,143,321
NACEBE (SANTA ROSA DEL ABUNA),consulta externa,nuevas en menores de 5 anos,2005-01-01,32,29,32,29,61
NAZACARA DE PACAJES,consulta externa,nuevas en menores de 5 anos,2005-01-01,3,1,3,1,4
NUEVO MANOA (NUEVA ESPERANZA),consulta externa,nuevas en menores de 5 anos,2005-01-01,28,22,28,22,50
OCURI,consulta externa,nuevas en menores de 5 anos,2005-01-01,335,385,335,385,720
OKINAWA,consulta externa,nuevas en menores de 5 anos,2005-01-01,338,267,338,267,605
OMEREQUE,consulta externa,nuevas en menores de 5 anos,2005-01-01,72,50,72,50,122
ORURO,consulta externa,nuevas en menores de 5 anos,2005-01-01,3533,3019,3533,3019,6552
PADCAYA,consulta externa,nuevas en menores de 5 anos,2005-01-01,1381,286,1381,286,1667
PADILLA,consulta externa,nuevas en menores de 5 anos,2005-01-01,317,268,317,268,585
PAILON,consulta externa,nuevas en menores de 5 anos,2005-01-01,388,344,388,344,732
PALCA,consulta externa,nuevas en menores de 5 anos,2005-01-01,87,83,87,83,170
PALOS BLANCOS,consulta externa,nuevas en menores de 5 anos,2005-01-01,640,527,640,527,1167
PAMPA AULLAGAS,consulta externa,nuevas en menores de 5 anos,2005-01-01,21,18,21,18,39
PAMPA GRANDE,consulta externa,nuevas en menores de 5 anos,2005-01-01,307,358,307,358,665
PAPEL PAMPA,consulta externa,nuevas en menores de 5 anos,2005-01-01,38,32,38,32,70
PASORAPA,consulta externa,nuevas en menores de 5 anos,2005-01-01,6,6,6,6,12
PATACAMAYA,consulta externa,nuevas en menores de 5 anos,2005-01-01,208,213,208,213,421
PAZÑA,consulta externa,nuevas en menores de 5 anos,2005-01-01,43,40,43,40,83
PELECHUCO,consulta externa,nuevas en menores de 5 anos,2005-01-01,57,35,57,35,92
POCOATA,consulta externa,nuevas en menores de 5 anos,2005-01-01,366,350,366,350,716
POCONA,consulta externa,nuevas en menores de 5 anos,2005-01-01,153,116,153,116,269
POJO (CBBA),consulta externa,nuevas en menores de 5 anos,2005-01-01,127,117,127,117,244
POOPO,consulta externa,nuevas en menores de 5 anos,2005-01-01,57,36,57,36,93
PORCO,consulta externa,nuevas en menores de 5 anos,2005-01-01,61,56,61,56,117
POROMA,consulta externa,nuevas en menores de 5 anos,2005-01-01,283,258,283,258,541
PORONGO,consulta externa,nuevas en menores de 5 anos,2005-01-01,151,147,151,147,298
PORTACHUELO,consulta externa,nuevas en menores de 5 anos,2005-01-01,448,377,448,377,825
PORVENIR,consulta externa,nuevas en menores de 5 anos,2005-01-01,87,76,87,76,163
POSTRER VALLE,consulta externa,nuevas en menores de 5 anos,2005-01-01,45,18,45,18,63
POTOSI,consulta externa,nuevas en menores de 5 anos,2005-01-01,2551,2323,2551,2323,4874
PRESTO,consulta externa,nuevas en menores de 5 anos,2005-01-01,348,313,348,313,661
PUCARA,consulta externa,nuevas en menores de 5 anos,2005-01-01,13,13,13,13,26
PUCARANI,consulta externa,nuevas en menores de 5 anos,2005-01-01,109,67,109,67,176
PUERTO ACOSTA,consulta externa,nuevas en menores de 5 anos,2005-01-01,200,209,200,209,409
PUERTO CARABUCO,consulta externa,nuevas en menores de 5 anos,2005-01-01,103,77,103,77,180
PUERTO GONZALO MORENO,consulta externa,nuevas en menores de 5 anos,2005-01-01,98,71,98,71,169
PUERTO PEREZ,consulta externa,nuevas en menores de 5 anos,2005-01-01,28,18,28,18,46
PUERTO QUIJARRO,consulta externa,nuevas en menores de 5 anos,2005-01-01,382,332,382,332,714
PUERTO RICO,consulta externa,nuevas en menores de 5 anos,2005-01-01,186,164,186,164,350
PUERTO SILES,consulta externa,nuevas en menores de 5 anos,2005-01-01,8,28,8,28,36
PUERTO SUAREZ,consulta externa,nuevas en menores de 5 anos,2005-01-01,459,535,459,535,994
PUERTO VILLARROEL,consulta externa,nuevas en menores de 5 anos,2005-01-01,1277,1135,1277,1135,2412
PUNA,consulta externa,nuevas en menores de 5 anos,2005-01-01,307,293,307,293,600
PUNATA,consulta externa,nuevas en menores de 5 anos,2005-01-01,364,264,364,264,628
QUIABAYA,consulta externa,nuevas en menores de 5 anos,2005-01-01,39,26,39,26,65
QUILLACOLLO,consulta externa,nuevas en menores de 5 anos,2005-01-01,935,840,935,840,1775
QUIME,consulta externa,nuevas en menores de 5 anos,2005-01-01,176,156,176,156,332
QUIRUSILLAS,consulta externa,nuevas en menores de 5 anos,2005-01-01,38,26,38,26,64
RAVELO,consulta externa,nuevas en menores de 5 anos,2005-01-01,233,194,233,194,427
REYES,consulta externa,nuevas en menores de 5 anos,2005-01-01,325,268,325,268,593
RIBERALTA,consulta externa,nuevas en menores de 5 anos,2005-01-01,1838,1879,1838,1879,3717
ROBORE,consulta externa,nuevas en menores de 5 anos,2005-01-01,217,208,217,208,425
RURRENABAQUE,consulta externa,nuevas en menores de 5 anos,2005-01-01,450,428,450,428,878
SABAYA,consulta externa,nuevas en menores de 5 anos,2005-01-01,53,33,53,33,86
SACABA,consulta externa,nuevas en menores de 5 anos,2005-01-01,889,794,889,794,1683
SACABAMBA,consulta externa,nuevas en menores de 5 anos,2005-01-01,28,32,28,32,60
SACACA,consulta externa,nuevas en menores de 5 anos,2005-01-01,315,299,315,299,614
SAIPINA,consulta externa,nuevas en menores de 5 anos,2005-01-01,121,107,121,107,228
SALINAS DE GARCI MENDOZA,consulta externa,nuevas en menores de 5 anos,2005-01-01,126,102,126,102,228
SAMAIPATA,consulta externa,nuevas en menores de 5 anos,2005-01-01,139,122,139,122,261
SAN AGUSTIN,consulta externa,nuevas en menores de 5 anos,2005-01-01,25,34,25,34,59
SAN ANDRES,consulta externa,nuevas en menores de 5 anos,2005-01-01,270,239,270,239,509
SAN ANDRES DE MACHACA,consulta externa,nuevas en menores de 5 anos,2005-01-01,35,25,35,25,60
SAN ANTONIO DE ESMORUCO,consulta externa,nuevas en menores de 5 anos,2005-01-01,85,16,85,16,101
SAN ANTONIO DE LOMERIO,consulta externa,nuevas en menores de 5 anos,2005-01-01,119,133,119,133,252
SAN BENITO,consulta externa,nuevas en menores de 5 anos,2005-01-01,140,128,140,128,268
SAN BORJA,consulta externa,nuevas en menores de 5 anos,2005-01-01,557,453,557,453,1010
SAN BUENA VENTURA,consulta externa,nuevas en menores de 5 anos,2005-01-01,184,196,184,196,380
SAN CARLOS,consulta externa,nuevas en menores de 5 anos,2005-01-01,396,372,396,372,768
SAN IGNACIO,consulta externa,nuevas en menores de 5 anos,2005-01-01,624,527,624,527,1151
SAN IGNACIO DE VELASCO,consulta externa,nuevas en menores de 5 anos,2005-01-01,1277,1210,1277,1210,2487
SAN JAVIER(BNI),consulta externa,nuevas en menores de 5 anos,2005-01-01,55,67,55,67,122
SAN JAVIER(STC),consulta externa,nuevas en menores de 5 anos,2005-01-01,160,127,160,127,287
SAN JOAQUIN,consulta externa,nuevas en menores de 5 anos,2005-01-01,99,129,99,129,228
SAN JOSE DE CHIQUITOS,consulta externa,nuevas en menores de 5 anos,2005-01-01,436,494,436,494,930
SAN JUAN DE YAPACANI,consulta externa,nuevas en menores de 5 anos,2005-01-01,286,252,286,252,538
SAN JULIAN,consulta externa,nuevas en menores de 5 anos,2005-01-01,1794,960,1794,960,2754
SAN LORENZO(PND),consulta externa,nuevas en menores de 5 anos,2005-01-01,201,162,201,162,363
SAN LORENZO(TJA),consulta externa,nuevas en menores de 5 anos,2005-01-01,779,515,779,515,1294
SAN LUCAS,consulta externa,nuevas en menores de 5 anos,2005-01-01,750,741,750,741,1491
SAN MATIAS,consulta externa,nuevas en menores de 5 anos,2005-01-01,174,160,174,160,334
SAN MIGUEL DE VELASCO,consulta externa,nuevas en menores de 5 anos,2005-01-01,238,261,238,261,499
SAN PABLO DE LIPEZ,consulta externa,nuevas en menores de 5 anos,2005-01-01,73,55,73,55,128
SAN PEDRO,consulta externa,nuevas en menores de 5 anos,2005-01-01,705,690,705,690,1395
SAN PEDRO DE BUENA VISTA,consulta externa,nuevas en menores de 5 anos,2005-01-01,238,247,238,247,485
SAN PEDRO DE CURAHUARA,consulta externa,nuevas en menores de 5 anos,2005-01-01,48,23,48,23,71
SAN PEDRO DE QUEMES,consulta externa,nuevas en menores de 5 anos,2005-01-01,5,5,5,5,10
SAN PEDRO DE TIQUINA,consulta externa,nuevas en menores de 5 anos,2005-01-01,20,32,20,32,52
SAN PEDRO(PND),consulta externa,nuevas en menores de 5 anos,2005-01-01,23,34,23,34,57
SAN RAFAEL,consulta externa,nuevas en menores de 5 anos,2005-01-01,62,55,62,55,117
SAN RAMON,consulta externa,nuevas en menores de 5 anos,2005-01-01,176,142,176,142,318
SAN RAMON,consulta externa,nuevas en menores de 5 anos,2005-01-01,173,157,173,157,330
SANTA ANA,consulta externa,nuevas en menores de 5 anos,2005-01-01,327,288,327,288,615
SANTA CRUZ DE LA SIERRA,consulta externa,nuevas en menores de 5 anos,2005-01-01,17328,17146,17328,17146,34474
SANTA ROSA,consulta externa,nuevas en menores de 5 anos,2005-01-01,102,138,102,138,240
SANTA ROSA DEL SARA,consulta externa,nuevas en menores de 5 anos,2005-01-01,591,604,591,604,1195
SANTIAGO DE CALLAPA,consulta externa,nuevas en menores de 5 anos,2005-01-01,38,42,38,42,80
SANTIAGO DE HUARI,consulta externa,nuevas en menores de 5 anos,2005-01-01,95,88,95,88,183
SANTIAGO DE MACHACA,consulta externa,nuevas en menores de 5 anos,2005-01-01,24,21,24,21,45
SANTIVAÑES,consulta externa,nuevas en menores de 5 anos,2005-01-01,89,76,89,76,165
SANTUARIO DE QUILLACAS,consulta externa,nuevas en menores de 5 anos,2005-01-01,23,16,23,16,39
SAPAHAQUI,consulta externa,nuevas en menores de 5 anos,2005-01-01,78,66,78,66,144
SENA,consulta externa,nuevas en menores de 5 anos,2005-01-01,73,88,73,88,161
SICA SICA (VILLA AROMA),consulta externa,nuevas en menores de 5 anos,2005-01-01,96,90,96,90,186
SICAYA,consulta externa,nuevas en menores de 5 anos,2005-01-01,23,14,23,14,37
SIPE SIPE,consulta externa,nuevas en menores de 5 anos,2005-01-01,375,366,375,366,741
SOPACHUY,consulta externa,nuevas en menores de 5 anos,2005-01-01,123,134,123,134,257
SORACACHI,consulta externa,nuevas en menores de 5 anos,2005-01-01,73,67,73,67,140
SORATA,consulta externa,nuevas en menores de 5 anos,2005-01-01,178,167,178,167,345
SUCRE,consulta externa,nuevas en menores de 5 anos,2005-01-01,4005,3401,4005,3401,7406
TACACHI,consulta externa,nuevas en menores de 5 anos,2005-01-01,11,17,11,17,28
TACACOMA,consulta externa,nuevas en menores de 5 anos,2005-01-01,66,56,66,56,122
TACOBAMBA,consulta externa,nuevas en menores de 5 anos,2005-01-01,102,92,102,92,194
TACOPAYA,consulta externa,nuevas en menores de 5 anos,2005-01-01,102,75,102,75,177
TAHUA,consulta externa,nuevas en menores de 5 anos,2005-01-01,6,12,6,12,18
TAPACARI,consulta externa,nuevas en menores de 5 anos,2005-01-01,376,332,376,332,708
TARABUCO,consulta externa,nuevas en menores de 5 anos,2005-01-01,481,484,481,484,965
TARACO,consulta externa,nuevas en menores de 5 anos,2005-01-01,39,41,39,41,80
TARATA,consulta externa,nuevas en menores de 5 anos,2005-01-01,120,115,120,115,235
TARIJA,consulta externa,nuevas en menores de 5 anos,2005-01-01,3673,3339,3673,3339,7012
TARVITA,consulta externa,nuevas en menores de 5 anos,2005-01-01,486,474,486,474,960
TEOPONTE,consulta externa,nuevas en menores de 5 anos,2005-01-01,122,108,122,108,230
TIAWANACU,consulta externa,nuevas en menores de 5 anos,2005-01-01,61,55,61,55,116
TINGUIPAYA,consulta externa,nuevas en menores de 5 anos,2005-01-01,204,156,204,156,360
TIPUANI,consulta externa,nuevas en menores de 5 anos,2005-01-01,79,75,79,75,154
TIQUIPAYA,consulta externa,nuevas en menores de 5 anos,2005-01-01,391,347,391,347,738
TIRAQUE (CBBA),consulta externa,nuevas en menores de 5 anos,2005-01-01,843,739,843,739,1582
TITO YUPANQUI (PARQUIPUJIO),consulta externa,nuevas en menores de 5 anos,2005-01-01,18,11,18,11,29
TOCO,consulta externa,nuevas en menores de 5 anos,2005-01-01,43,53,43,53,96
TODOS SANTOS,consulta externa,nuevas en menores de 5 anos,2005-01-01,6,3,6,3,9
TOLATA,consulta externa,nuevas en menores de 5 anos,2005-01-01,27,35,27,35,62
TOLEDO,consulta externa,nuevas en menores de 5 anos,2005-01-01,89,61,89,61,150
TOMAVE,consulta externa,nuevas en menores de 5 anos,2005-01-01,104,93,104,93,197
TOMINA,consulta externa,nuevas en menores de 5 anos,2005-01-01,178,185,178,185,363
TORO TORO,consulta externa,nuevas en menores de 5 anos,2005-01-01,154,139,154,139,293
TOTORA(CBBA),consulta externa,nuevas en menores de 5 anos,2005-01-01,140,132,140,132,272
TOTORA(ORR),consulta externa,nuevas en menores de 5 anos,2005-01-01,44,55,44,55,99
TRIGAL,consulta externa,nuevas en menores de 5 anos,2005-01-01,21,27,21,27,48
TRINIDAD,consulta externa,nuevas en menores de 5 anos,2005-01-01,2378,1988,2378,1988,4366
TUPIZA,consulta externa,nuevas en menores de 5 anos,2005-01-01,1824,972,1824,972,2796
TURCO,consulta externa,nuevas en menores de 5 anos,2005-01-01,76,84,76,84,160
UMALA,consulta externa,nuevas en menores de 5 anos,2005-01-01,27,40,27,40,67
UNCIA,consulta externa,nuevas en menores de 5 anos,2005-01-01,581,496,581,496,1077
URIONDO (A. CONCEPCION),consulta externa,nuevas en menores de 5 anos,2005-01-01,381,367,381,367,748
URUBICHA,consulta externa,nuevas en menores de 5 anos,2005-01-01,154,153,154,153,307
UYUNI,consulta externa,nuevas en menores de 5 anos,2005-01-01,220,194,220,194,414
VACAS,consulta externa,nuevas en menores de 5 anos,2005-01-01,162,174,162,174,336
VALLEGRANDE,consulta externa,nuevas en menores de 5 anos,2005-01-01,207,191,207,191,398
VIACHA,consulta externa,nuevas en menores de 5 anos,2005-01-01,340,322,340,322,662
VILA VILA,consulta externa,nuevas en menores de 5 anos,2005-01-01,191,26,191,26,217
VILLA MONTES,consulta externa,nuevas en menores de 5 anos,2005-01-01,686,654,686,654,1340
VILLA NUEVA (LOMA ALTA),consulta externa,nuevas en menores de 5 anos,2005-01-01,48,45,48,45,93
VILLA RIVERO,consulta externa,nuevas en menores de 5 anos,2005-01-01,43,38,43,38,81
VILLA SERRANO,consulta externa,nuevas en menores de 5 anos,2005-01-01,276,244,276,244,520
VILLA TUNARI,consulta externa,nuevas en menores de 5 anos,2005-01-01,1739,1335,1739,1335,3074
VILLA VACA GUZMAN (MUYUPAMPA),consulta externa,nuevas en menores de 5 anos,2005-01-01,318,311,318,311,629
VILLAZON,consulta externa,nuevas en menores de 5 anos,2005-01-01,759,723,759,723,1482
VINTO,consulta externa,nuevas en menores de 5 anos,2005-01-01,267,234,267,234,501
VITICHI,consulta externa,nuevas en menores de 5 anos,2005-01-01,142,175,142,175,317
WALDO BALLIVIAN,consulta externa,nuevas en menores de 5 anos,2005-01-01,20,19,20,19,39
WARNES,consulta externa,nuevas en menores de 5 anos,2005-01-01,778,672,778,672,1450
YACO,consulta externa,nuevas en menores de 5 anos,2005-01-01,78,81,78,81,159
YACUIBA,consulta externa,nuevas en menores de 5 anos,2005-01-01,1787,1860,1787,1860,3647
YAMPARAEZ,consulta externa,nuevas en menores de 5 anos,2005-01-01,128,120,128,120,248
YANACACHI,consulta externa,nuevas en menores de 5 anos,2005-01-01,45,55,45,55,100
YAPACANI,consulta externa,nuevas en menores de 5 anos,2005-01-01,768,698,768,698,1466
YOCALLA,consulta externa,nuevas en menores de 5 anos,2005-01-01,40,49,40,49,89
YOTALA,consulta externa,nuevas en menores de 5 anos,2005-01-01,150,151,150,151,301
YUNCHARA,consulta externa,nuevas en menores de 5 anos,2005-01-01,113,26,113,26,139
ZUDAÑEZ,consulta externa,nuevas en menores de 5 anos,2005-01-01,155,142,155,142,297
ACACIO,consulta externa,nuevas en menores de 5 anos,2005-02-01,138,154,138,154,292
ACHACACHI,consulta externa,nuevas en menores de 5 anos,2005-02-01,467,239,467,239,706
ACHOCALLA,consulta externa,nuevas en menores de 5 anos,2005-02-01,78,66,78,66,144
AIQUILE,consulta externa,nuevas en menores de 5 anos,2005-02-01,282,275,282,275,557
ALALAY,consulta externa,nuevas en menores de 5 anos,2005-02-01,23,18,23,18,41
ALCALA,consulta externa,nuevas en menores de 5 anos,2005-02-01,106,93,106,93,199
ANCORAIMES,consulta externa,nuevas en menores de 5 anos,2005-02-01,170,159,170,159,329
ANDAMARCA,consulta externa,nuevas en menores de 5 anos,2005-02-01,55,51,55,51,106
ANTEQUERA,consulta externa,nuevas en menores de 5 anos,2005-02-01,20,26,20,26,46
ANZALDO,consulta externa,nuevas en menores de 5 anos,2005-02-01,54,66,54,66,120
APOLO,consulta externa,nuevas en menores de 5 anos,2005-02-01,155,151,155,151,306
ARAMPAMPA,consulta externa,nuevas en menores de 5 anos,2005-02-01,62,76,62,76,138
ARANI,consulta externa,nuevas en menores de 5 anos,2005-02-01,72,88,72,88,160
ARBIETO,consulta externa,nuevas en menores de 5 anos,2005-02-01,84,52,84,52,136
ARQUE,consulta externa,nuevas en menores de 5 anos,2005-02-01,165,115,165,115,280
ASCENCION DE GUARAYOS,consulta externa,nuevas en menores de 5 anos,2005-02-01,650,395,650,395,1045
ATOCHA,consulta externa,nuevas en menores de 5 anos,2005-02-01,261,187,261,187,448
AUCAPATA,consulta externa,nuevas en menores de 5 anos,2005-02-01,104,82,104,82,186
AYATA,consulta externa,nuevas en menores de 5 anos,2005-02-01,113,79,113,79,192
AYO AYO,consulta externa,nuevas en menores de 5 anos,2005-02-01,32,29,32,29,61
AYOPAYA (V. DE INDEPENDENCIA),consulta externa,nuevas en menores de 5 anos,2005-02-01,330,353,330,353,683
AZURDUY,consulta externa,nuevas en menores de 5 anos,2005-02-01,438,418,438,418,856
BATALLAS,consulta externa,nuevas en menores de 5 anos,2005-02-01,116,70,116,70,186
BAURES,consulta externa,nuevas en menores de 5 anos,2005-02-01,46,34,46,34,80
BELEN DE ANDAMARCA,consulta externa,nuevas en menores de 5 anos,2005-02-01,10,8,10,8,18
BELEN DE URMIRI,consulta externa,nuevas en menores de 5 anos,2005-02-01,24,11,24,11,35
BELLA FLOR,consulta externa,nuevas en menores de 5 anos,2005-02-01,51,63,51,63,114
BERMEJO,consulta externa,nuevas en menores de 5 anos,2005-02-01,531,468,531,468,999
BETANZOS,consulta externa,nuevas en menores de 5 anos,2005-02-01,399,380,399,380,779
BOLIVAR,consulta externa,nuevas en menores de 5 anos,2005-02-01,55,57,55,57,112
BOLPEBRA,consulta externa,nuevas en menores de 5 anos,2005-02-01,47,31,47,31,78
BOYUIBE,consulta externa,nuevas en menores de 5 anos,2005-02-01,69,88,69,88,157
BUENA VISTA,consulta externa,nuevas en menores de 5 anos,2005-02-01,254,191,254,191,445
CABEZAS,consulta externa,nuevas en menores de 5 anos,2005-02-01,365,312,365,312,677
CAIROMA,consulta externa,nuevas en menores de 5 anos,2005-02-01,57,84,57,84,141
"CAIZA ""D""",consulta externa,nuevas en menores de 5 anos,2005-02-01,94,81,94,81,175
CAJUATA,consulta externa,nuevas en menores de 5 anos,2005-02-01,133,101,133,101,234
CALACOTO,consulta externa,nuevas en menores de 5 anos,2005-02-01,34,44,34,44,78
CALAMARCA,consulta externa,nuevas en menores de 5 anos,2005-02-01,69,73,69,73,142
CAMARGO,consulta externa,nuevas en menores de 5 anos,2005-02-01,266,270,266,270,536
CAMATAQUI (C. VILLA ABECIA),consulta externa,nuevas en menores de 5 anos,2005-02-01,57,47,57,47,104
CAMIRI,consulta externa,nuevas en menores de 5 anos,2005-02-01,788,729,788,729,1517
CAPINOTA,consulta externa,nuevas en menores de 5 anos,2005-02-01,252,192,252,192,444
CAQUIAVIRI,consulta externa,nuevas en menores de 5 anos,2005-02-01,79,47,79,47,126
CARACOLLO,consulta externa,nuevas en menores de 5 anos,2005-02-01,136,153,136,153,289
CARANAVI,consulta externa,nuevas en menores de 5 anos,2005-02-01,709,632,709,632,1341
CARANGAS,consulta externa,nuevas en menores de 5 anos,2005-02-01,3,1,3,1,4
CARAPARI,consulta externa,nuevas en menores de 5 anos,2005-02-01,153,138,153,138,291
CARIPUYO,consulta externa,nuevas en menores de 5 anos,2005-02-01,139,122,139,122,261
CARMEN RIVERO TORREZ,consulta externa,nuevas en menores de 5 anos,2005-02-01,450,23,450,23,473
CATACORA,consulta externa,nuevas en menores de 5 anos,2005-02-01,6,3,6,3,9
CHACARILLA,consulta externa,nuevas en menores de 5 anos,2005-02-01,4,3,4,3,7
CHALLAPATA,consulta externa,nuevas en menores de 5 anos,2005-02-01,279,247,279,247,526
CHAQUI,consulta externa,nuevas en menores de 5 anos,2005-02-01,72,58,72,58,130
CHARAGUA,consulta externa,nuevas en menores de 5 anos,2005-02-01,593,591,593,591,1184
CHARAÑA,consulta externa,nuevas en menores de 5 anos,2005-02-01,13,8,13,8,21
CHAYANTA,consulta externa,nuevas en menores de 5 anos,2005-02-01,214,233,214,233,447
CHIMORE,consulta externa,nuevas en menores de 5 anos,2005-02-01,466,410,466,410,876
CHIPAYA,consulta externa,nuevas en menores de 5 anos,2005-02-01,18,11,18,11,29
CHOQUE COTA,consulta externa,nuevas en menores de 5 anos,2005-02-01,11,13,11,13,24
CHULUMANI (V. DE LA LIBERTAD),consulta externa,nuevas en menores de 5 anos,2005-02-01,161,155,161,155,316
CHUMA,consulta externa,nuevas en menores de 5 anos,2005-02-01,62,63,62,63,125
CLIZA,consulta externa,nuevas en menores de 5 anos,2005-02-01,138,120,138,120,258
COBIJA,consulta externa,nuevas en menores de 5 anos,2005-02-01,564,498,564,498,1062
COCHABAMBA,consulta externa,nuevas en menores de 5 anos,2005-02-01,6316,5841,6316,5841,12157
COIPASA,consulta externa,nuevas en menores de 5 anos,2005-02-01,7,9,7,9,16
COLCAPIRHUA,consulta externa,nuevas en menores de 5 anos,2005-02-01,267,270,267,270,537
"COLCHA ""K""",consulta externa,nuevas en menores de 5 anos,2005-02-01,79,79,79,79,158
COLLANA,consulta externa,nuevas en menores de 5 anos,2005-02-01,21,16,21,16,37
COLOMI,consulta externa,nuevas en menores de 5 anos,2005-02-01,278,251,278,251,529
COLPA BELGICA,consulta externa,nuevas en menores de 5 anos,2005-02-01,144,96,144,96,240
COLQUECHACA,consulta externa,nuevas en menores de 5 anos,2005-02-01,546,504,546,504,1050
COLQUENCHA,consulta externa,nuevas en menores de 5 anos,2005-02-01,46,73,46,73,119
COLQUIRI,consulta externa,nuevas en menores de 5 anos,2005-02-01,749,264,749,264,1013
COMANCHE,consulta externa,nuevas en menores de 5 anos,2005-02-01,32,23,32,23,55
COMARAPA,consulta externa,nuevas en menores de 5 anos,2005-02-01,340,280,340,280,620
COMBAYA,consulta externa,nuevas en menores de 5 anos,2005-02-01,70,32,70,32,102
CONCEPCION,consulta externa,nuevas en menores de 5 anos,2005-02-01,199,167,199,167,366
COPACABANA,consulta externa,nuevas en menores de 5 anos,2005-02-01,48,44,48,44,92
CORIPATA,consulta externa,nuevas en menores de 5 anos,2005-02-01,107,101,107,101,208
CORO CORO,consulta externa,nuevas en menores de 5 anos,2005-02-01,73,61,73,61,134
COROICO,consulta externa,nuevas en menores de 5 anos,2005-02-01,136,114,136,114,250
CORQUE,consulta externa,nuevas en menores de 5 anos,2005-02-01,46,56,46,56,102
COTAGAITA,consulta externa,nuevas en menores de 5 anos,2005-02-01,451,383,451,383,834
COTOCA,consulta externa,nuevas en menores de 5 anos,2005-02-01,526,409,526,409,935
CUATRO CAÑADAS,consulta externa,nuevas en menores de 5 anos,2005-02-01,362,329,362,329,691
CUCHUMUELA (V. G. VILLARROEL),consulta externa,nuevas en menores de 5 anos,2005-02-01,11,11,11,11,22
CUEVO,consulta externa,nuevas en menores de 5 anos,2005-02-01,72,86,72,86,158
CULPINA,consulta externa,nuevas en menores de 5 anos,2005-02-01,402,389,402,389,791
CURAHUARA DE CARANGAS,consulta externa,nuevas en menores de 5 anos,2005-02-01,77,70,77,70,147
CURVA,consulta externa,nuevas en menores de 5 anos,2005-02-01,22,22,22,22,44
DESAGUADERO,consulta externa,nuevas en menores de 5 anos,2005-02-01,145,26,145,26,171
EL ALTO,consulta externa,nuevas en menores de 5 anos,2005-02-01,6359,5848,6359,5848,12207
EL CHORO,consulta externa,nuevas en menores de 5 anos,2005-02-01,22,17,22,17,39
EL PUENTE(STC),consulta externa,nuevas en menores de 5 anos,2005-02-01,200,167,200,167,367
EL PUENTE(TJA),consulta externa,nuevas en menores de 5 anos,2005-02-01,135,127,135,127,262
EL TORNO,consulta externa,nuevas en menores de 5 anos,2005-02-01,1016,875,1016,875,1891
EL VILLAR,consulta externa,nuevas en menores de 5 anos,2005-02-01,161,156,161,156,317
ENTRE RIOS,consulta externa,nuevas en menores de 5 anos,2005-02-01,275,247,275,247,522
ENTRE RIOS,consulta externa,nuevas en menores de 5 anos,2005-02-01,363,348,363,348,711
ESCARA,consulta externa,nuevas en menores de 5 anos,2005-02-01,0,3,0,3,3
EUCALIPTUS,consulta externa,nuevas en menores de 5 anos,2005-02-01,145,112,145,112,257
EUREKA (SANTOS MERCADO),consulta externa,nuevas en menores de 5 anos,2005-02-01,3,0,3,0,3
EXALTACION,consulta externa,nuevas en menores de 5 anos,2005-02-01,56,73,56,73,129
FERNANDEZ ALONSO,consulta externa,nuevas en menores de 5 anos,2005-02-01,296,300,296,300,596
FILADELFIA,consulta externa,nuevas en menores de 5 anos,2005-02-01,64,71,64,71,135
GENERAL SAAVEDRA,consulta externa,nuevas en menores de 5 anos,2005-02-01,449,371,449,371,820
GRAL. J.J. PEREZ (CHARAZANI),consulta externa,nuevas en menores de 5 anos,2005-02-01,81,88,81,88,169
GUANAY,consulta externa,nuevas en menores de 5 anos,2005-02-01,252,183,252,183,435
GUAQUI,consulta externa,nuevas en menores de 5 anos,2005-02-01,20,8,20,8,28
GUAYARAMERIN,consulta externa,nuevas en menores de 5 anos,2005-02-01,733,737,733,737,1470
GUTIERREZ,consulta externa,nuevas en menores de 5 anos,2005-02-01,594,607,594,607,1201
HUACARETA,consulta externa,nuevas en menores de 5 anos,2005-02-01,260,274,260,274,534
HUACAYA (VILLA DE HUACAYA),consulta externa,nuevas en menores de 5 anos,2005-02-01,47,52,47,52,99
HUACHACALLA,consulta externa,nuevas en menores de 5 anos,2005-02-01,15,18,15,18,33
HUANUNI,consulta externa,nuevas en menores de 5 anos,2005-02-01,312,270,312,270,582
HUARACAJE,consulta externa,nuevas en menores de 5 anos,2005-02-01,36,50,36,50,86
HUAYLLAMARCA,consulta externa,nuevas en menores de 5 anos,2005-02-01,20,40,20,40,60
ICHOCA,consulta externa,nuevas en menores de 5 anos,2005-02-01,41,54,41,54,95
ICLA,consulta externa,nuevas en menores de 5 anos,2005-02-01,290,257,290,257,547
INCAHUASI,consulta externa,nuevas en menores de 5 anos,2005-02-01,397,467,397,467,864
INGAVI (HUMAITA),consulta externa,nuevas en menores de 5 anos,2005-02-01,45,38,45,38,83
INQUISIVI,consulta externa,nuevas en menores de 5 anos,2005-02-01,117,108,117,108,225
IRUPANA (VILLA DE LANZA),consulta externa,nuevas en menores de 5 anos,2005-02-01,226,183,226,183,409
IXIAMAS,consulta externa,nuevas en menores de 5 anos,2005-02-01,183,153,183,153,336
JESUS DE MACHACA,consulta externa,nuevas en menores de 5 anos,2005-02-01,106,91,106,91,197
LA ASUNTA,consulta externa,nuevas en menores de 5 anos,2005-02-01,412,445,412,445,857
LA GUARDIA,consulta externa,nuevas en menores de 5 anos,2005-02-01,586,452,586,452,1038
LA PAZ,consulta externa,nuevas en menores de 5 anos,2005-02-01,9249,8761,9249,8761,18010
LA RIVERA,consulta externa,nuevas en menores de 5 anos,2005-02-01,2,7,2,7,9
LAGUNILLAS,consulta externa,nuevas en menores de 5 anos,2005-02-01,192,206,192,206,398
LAJA,consulta externa,nuevas en menores de 5 anos,2005-02-01,94,68,94,68,162
LAS CARRERAS,consulta externa,nuevas en menores de 5 anos,2005-02-01,49,47,49,47,96
LICOMA PAMPA,consulta externa,nuevas en menores de 5 anos,2005-02-01,34,12,34,12,46
LLALLAGUA,consulta externa,nuevas en menores de 5 anos,2005-02-01,313,283,313,283,596
LLICA,consulta externa,nuevas en menores de 5 anos,2005-02-01,49,52,49,52,101
LORETO,consulta externa,nuevas en menores de 5 anos,2005-02-01,61,69,61,69,130
LURIBAY,consulta externa,nuevas en menores de 5 anos,2005-02-01,246,86,246,86,332
MACHACAMARCA,consulta externa,nuevas en menores de 5 anos,2005-02-01,22,31,22,31,53
MACHARETI,consulta externa,nuevas en menores de 5 anos,2005-02-01,322,343,322,343,665
MAGDALENA,consulta externa,nuevas en menores de 5 anos,2005-02-01,162,130,162,130,292
MAIRANA,consulta externa,nuevas en menores de 5 anos,2005-02-01,135,115,135,115,250
MALLA,consulta externa,nuevas en menores de 5 anos,2005-02-01,38,40,38,40,78
MAPIRI,consulta externa,nuevas en menores de 5 anos,2005-02-01,194,170,194,170,364
MECAPACA,consulta externa,nuevas en menores de 5 anos,2005-02-01,469,109,469,109,578
MINEROS,consulta externa,nuevas en menores de 5 anos,2005-02-01,863,323,863,323,1186
MIZQUE,consulta externa,nuevas en menores de 5 anos,2005-02-01,239,265,239,265,504
MOCOMOCO,consulta externa,nuevas en menores de 5 anos,2005-02-01,95,85,95,85,180
MOJINETE,consulta externa,nuevas en menores de 5 anos,2005-02-01,20,22,20,22,42
MOJOCOYA,consulta externa,nuevas en menores de 5 anos,2005-02-01,169,149,169,149,318
MONTEAGUDO,consulta externa,nuevas en menores de 5 anos,2005-02-01,502,514,502,514,1016
MONTERO,consulta externa,nuevas en menores de 5 anos,2005-02-01,1631,1395,1631,1395,3026
MORO MORO,consulta externa,nuevas en menores de 5 anos,2005-02-01,45,42,45,42,87
MOROCHATA,consulta externa,nuevas en menores de 5 anos,2005-02-01,114,105,114,105,219
NACEBE (SANTA ROSA DEL ABUNA),consulta externa,nuevas en menores de 5 anos,2005-02-01,18,14,18,14,32
NAZACARA DE PACAJES,consulta externa,nuevas en menores de 5 anos,2005-02-01,7,2,7,2,9
NUEVO MANOA (NUEVA ESPERANZA),consulta externa,nuevas en menores de 5 anos,2005-02-01,6,9,6,9,15
OCURI,consulta externa,nuevas en menores de 5 anos,2005-02-01,284,267,284,267,551
OKINAWA,consulta externa,nuevas en menores de 5 anos,2005-02-01,261,212,261,212,473
OMEREQUE,consulta externa,nuevas en menores de 5 anos,2005-02-01,86,80,86,80,166
ORURO,consulta externa,nuevas en menores de 5 anos,2005-02-01,2754,2559,2754,2559,5313
PADCAYA,consulta externa,nuevas en menores de 5 anos,2005-02-01,718,286,718,286,1004
PADILLA,consulta externa,nuevas en menores de 5 anos,2005-02-01,276,264,276,264,540
PAILON,consulta externa,nuevas en menores de 5 anos,2005-02-01,305,285,305,285,590
PALCA,consulta externa,nuevas en menores de 5 anos,2005-02-01,70,60,70,60,130
PALOS BLANCOS,consulta externa,nuevas en menores de 5 anos,2005-02-01,575,517,575,517,1092
PAMPA AULLAGAS,consulta externa,nuevas en menores de 5 anos,2005-02-01,5,6,5,6,11
PAMPA GRANDE,consulta externa,nuevas en menores de 5 anos,2005-02-01,237,175,237,175,412
PAPEL PAMPA,consulta externa,nuevas en menores de 5 anos,2005-02-01,36,35,36,35,71
PASORAPA,consulta externa,nuevas en menores de 5 anos,2005-02-01,55,40,55,40,95
PATACAMAYA,consulta externa,nuevas en menores de 5 anos,2005-02-01,189,192,189,192,381
PAZÑA,consulta externa,nuevas en menores de 5 anos,2005-02-01,83,70,83,70,153
PELECHUCO,consulta externa,nuevas en menores de 5 anos,2005-02-01,82,52,82,52,134
POCOATA,consulta externa,nuevas en menores de 5 anos,2005-02-01,359,374,359,374,733
POCONA,consulta externa,nuevas en menores de 5 anos,2005-02-01,148,107,148,107,255
POJO (CBBA),consulta externa,nuevas en menores de 5 anos,2005-02-01,92,87,92,87,179
POOPO,consulta externa,nuevas en menores de 5 anos,2005-02-01,48,29,48,29,77
PORCO,consulta externa,nuevas en menores de 5 anos,2005-02-01,77,71,77,71,148
POROMA,consulta externa,nuevas en menores de 5 anos,2005-02-01,360,293,360,293,653
PORONGO,consulta externa,nuevas en menores de 5 anos,2005-02-01,133,98,133,98,231
PORTACHUELO,consulta externa,nuevas en menores de 5 anos,2005-02-01,356,302,356,302,658
PORVENIR,consulta externa,nuevas en menores de 5 anos,2005-02-01,62,50,62,50,112
POSTRER VALLE,consulta externa,nuevas en menores de 5 anos,2005-02-01,8,6,8,6,14
POTOSI,consulta externa,nuevas en menores de 5 anos,2005-02-01,2249,3628,2249,3628,5877
PRESTO,consulta externa,nuevas en menores de 5 anos,2005-02-01,276,220,276,220,496
PUCARA,consulta externa,nuevas en menores de 5 anos,2005-02-01,47,28,47,28,75
PUCARANI,consulta externa,nuevas en menores de 5 anos,2005-02-01,103,98,103,98,201
PUERTO ACOSTA,consulta externa,nuevas en menores de 5 anos,2005-02-01,195,187,195,187,382
PUERTO CARABUCO,consulta externa,nuevas en menores de 5 anos,2005-02-01,94,104,94,104,198
PUERTO GONZALO MORENO,consulta externa,nuevas en menores de 5 anos,2005-02-01,179,161,179,161,340
PUERTO PEREZ,consulta externa,nuevas en menores de 5 anos,2005-02-01,29,42,29,42,71
PUERTO QUIJARRO,consulta externa,nuevas en menores de 5 anos,2005-02-01,228,224,228,224,452
PUERTO RICO,consulta externa,nuevas en menores de 5 anos,2005-02-01,166,136,166,136,302
PUERTO SILES,consulta externa,nuevas en menores de 5 anos,2005-02-01,38,49,38,49,87
PUERTO SUAREZ,consulta externa,nuevas en menores de 5 anos,2005-02-01,372,327,372,327,699
PUERTO VILLARROEL,consulta externa,nuevas en menores de 5 anos,2005-02-01,1125,952,1125,952,2077
PUNA,consulta externa,nuevas en menores de 5 anos,2005-02-01,340,362,340,362,702
PUNATA,consulta externa,nuevas en menores de 5 anos,2005-02-01,254,212,254,212,466
QUIABAYA,consulta externa,nuevas en menores de 5 anos,2005-02-01,20,12,20,12,32
QUILLACOLLO,consulta externa,nuevas en menores de 5 anos,2005-02-01,773,707,773,707,1480
QUIME,consulta externa,nuevas en menores de 5 anos,2005-02-01,85,79,85,79,164
QUIRUSILLAS,consulta externa,nuevas en menores de 5 anos,2005-02-01,38,52,38,52,90
RAVELO,consulta externa,nuevas en menores de 5 anos,2005-02-01,278,291,278,291,569
REYES,consulta externa,nuevas en menores de 5 anos,2005-02-01,192,166,192,166,358
RIBERALTA,consulta externa,nuevas en menores de 5 anos,2005-02-01,1273,1014,1273,1014,2287
ROBORE,consulta externa,nuevas en menores de 5 anos,2005-02-01,271,225,271,225,496
RURRENABAQUE,consulta externa,nuevas en menores de 5 anos,2005-02-01,319,302,319,302,621
SABAYA,consulta externa,nuevas en menores de 5 anos,2005-02-01,41,33,41,33,74
SACABA,consulta externa,nuevas en menores de 5 anos,2005-02-01,713,658,713,658,1371
SACABAMBA,consulta externa,nuevas en menores de 5 anos,2005-02-01,23,20,23,20,43
SACACA,consulta externa,nuevas en menores de 5 anos,2005-02-01,409,380,409,380,789
SAIPINA,consulta externa,nuevas en menores de 5 anos,2005-02-01,84,75,84,75,159
SALINAS DE GARCI MENDOZA,consulta externa,nuevas en menores de 5 anos,2005-02-01,131,116,131,116,247
SAMAIPATA,consulta externa,nuevas en menores de 5 anos,2005-02-01,242,125,242,125,367
SAN AGUSTIN,consulta externa,nuevas en menores de 5 anos,2005-02-01,24,25,24,25,49
SAN ANDRES,consulta externa,nuevas en menores de 5 anos,2005-02-01,1313,281,1313,281,1594
SAN ANDRES DE MACHACA,consulta externa,nuevas en menores de 5 anos,2005-02-01,17,15,17,15,32
SAN ANTONIO DE ESMORUCO,consulta externa,nuevas en menores de 5 anos,2005-02-01,22,15,22,15,37
SAN ANTONIO DE LOMERIO,consulta externa,nuevas en menores de 5 anos,2005-02-01,101,88,101,88,189
SAN BENITO,consulta externa,nuevas en menores de 5 anos,2005-02-01,104,90,104,90,194
SAN BORJA,consulta externa,nuevas en menores de 5 anos,2005-02-01,474,382,474,382,856
SAN BUENA VENTURA,consulta externa,nuevas en menores de 5 anos,2005-02-01,233,235,233,235,468
SAN CARLOS,consulta externa,nuevas en menores de 5 anos,2005-02-01,376,403,376,403,779
SAN IGNACIO,consulta externa,nuevas en menores de 5 anos,2005-02-01,403,323,403,323,726
SAN IGNACIO DE VELASCO,consulta externa,nuevas en menores de 5 anos,2005-02-01,882,929,882,929,1811
SAN JAVIER(BNI),consulta externa,nuevas en menores de 5 anos,2005-02-01,42,45,42,45,87
SAN JAVIER(STC),consulta externa,nuevas en menores de 5 anos,2005-02-01,156,134,156,134,290
SAN JOAQUIN,consulta externa,nuevas en menores de 5 anos,2005-02-01,79,68,79,68,147
SAN JOSE DE CHIQUITOS,consulta externa,nuevas en menores de 5 anos,2005-02-01,364,356,364,356,720
SAN JUAN DE YAPACANI,consulta externa,nuevas en menores de 5 anos,2005-02-01,221,225,221,225,446
SAN JULIAN,consulta externa,nuevas en menores de 5 anos,2005-02-01,938,871,938,871,1809
SAN LORENZO(PND),consulta externa,nuevas en menores de 5 anos,2005-02-01,141,127,141,127,268
SAN LORENZO(TJA),consulta externa,nuevas en menores de 5 anos,2005-02-01,398,349,398,349,747
SAN LUCAS,consulta externa,nuevas en menores de 5 anos,2005-02-01,787,785,787,785,1572
SAN MIGUEL DE VELASCO,consulta externa,nuevas en menores de 5 anos,2005-02-01,324,277,324,277,601
SAN PABLO DE LIPEZ,consulta externa,nuevas en menores de 5 anos,2005-02-01,60,41,60,41,101
SAN PEDRO,consulta externa,nuevas en menores de 5 anos,2005-02-01,560,488,560,488,1048
SAN PEDRO DE BUENA VISTA,consulta externa,nuevas en menores de 5 anos,2005-02-01,314,286,314,286,600
SAN PEDRO DE CURAHUARA,consulta externa,nuevas en menores de 5 anos,2005-02-01,41,33,41,33,74
SAN PEDRO DE QUEMES,consulta externa,nuevas en menores de 5 anos,2005-02-01,4,5,4,5,9
SAN PEDRO DE TIQUINA,consulta externa,nuevas en menores de 5 anos,2005-02-01,29,25,29,25,54
SAN PEDRO(PND),consulta externa,nuevas en menores de 5 anos,2005-02-01,26,12,26,12,38
SAN RAFAEL,consulta externa,nuevas en menores de 5 anos,2005-02-01,98,99,98,99,197
SAN RAMON,consulta externa,nuevas en menores de 5 anos,2005-02-01,116,91,116,91,207
SAN RAMON,consulta externa,nuevas en menores de 5 anos,2005-02-01,123,129,123,129,252
SANTA ANA,consulta externa,nuevas en menores de 5 anos,2005-02-01,244,209,244,209,453
SANTA CRUZ DE LA SIERRA,consulta externa,nuevas en menores de 5 anos,2005-02-01,15391,15099,15391,15099,30490
SANTA ROSA,consulta externa,nuevas en menores de 5 anos,2005-02-01,108,92,108,92,200
SANTA ROSA DEL SARA,consulta externa,nuevas en menores de 5 anos,2005-02-01,486,544,486,544,1030
SANTIAGO DE CALLAPA,consulta externa,nuevas en menores de 5 anos,2005-02-01,41,38,41,38,79
SANTIAGO DE HUARI,consulta externa,nuevas en menores de 5 anos,2005-02-01,108,97,108,97,205
SANTIAGO DE MACHACA,consulta externa,nuevas en menores de 5 anos,2005-02-01,20,27,20,27,47
SANTIVAÑES,consulta externa,nuevas en menores de 5 anos,2005-02-01,70,73,70,73,143
SANTUARIO DE QUILLACAS,consulta externa,nuevas en menores de 5 anos,2005-02-01,39,24,39,24,63
SAPAHAQUI,consulta externa,nuevas en menores de 5 anos,2005-02-01,71,60,71,60,131
SENA,consulta externa,nuevas en menores de 5 anos,2005-02-01,139,144,139,144,283
SICA SICA (VILLA AROMA),consulta externa,nuevas en menores de 5 anos,2005-02-01,115,108,115,108,223
SICAYA,consulta externa,nuevas en menores de 5 anos,2005-02-01,19,8,19,8,27
SIPE SIPE,consulta externa,nuevas en menores de 5 anos,2005-02-01,318,270,318,270,588
SOPACHUY,consulta externa,nuevas en menores de 5 anos,2005-02-01,111,112,111,112,223
SORACACHI,consulta externa,nuevas en menores de 5 anos,2005-02-01,68,72,68,72,140
SORATA,consulta externa,nuevas en menores de 5 anos,2005-02-01,158,145,158,145,303
SUCRE,consulta externa,nuevas en menores de 5 anos,2005-02-01,3815,3455,3815,3455,7270
TACACHI,consulta externa,nuevas en menores de 5 anos,2005-02-01,8,12,8,12,20
TACACOMA,consulta externa,nuevas en menores de 5 anos,2005-02-01,74,51,74,51,125
TACOBAMBA,consulta externa,nuevas en menores de 5 anos,2005-02-01,88,51,88,51,139
TACOPAYA,consulta externa,nuevas en menores de 5 anos,2005-02-01,131,115,131,115,246
TAHUA,consulta externa,nuevas en menores de 5 anos,2005-02-01,12,9,12,9,21
TAPACARI,consulta externa,nuevas en menores de 5 anos,2005-02-01,237,180,237,180,417
TARABUCO,consulta externa,nuevas en menores de 5 anos,2005-02-01,394,367,394,367,761
TARACO,consulta externa,nuevas en menores de 5 anos,2005-02-01,40,36,40,36,76
TARATA,consulta externa,nuevas en menores de 5 anos,2005-02-01,75,103,75,103,178
TARIJA,consulta externa,nuevas en menores de 5 anos,2005-02-01,3555,2608,3555,2608,6163
TARVITA,consulta externa,nuevas en menores de 5 anos,2005-02-01,393,367,393,367,760
TEOPONTE,consulta externa,nuevas en menores de 5 anos,2005-02-01,149,148,149,148,297
TIAWANACU,consulta externa,nuevas en menores de 5 anos,2005-02-01,48,41,48,41,89
TINGUIPAYA,consulta externa,nuevas en menores de 5 anos,2005-02-01,156,124,156,124,280
TIPUANI,consulta externa,nuevas en menores de 5 anos,2005-02-01,65,62,65,62,127
TIQUIPAYA,consulta externa,nuevas en menores de 5 anos,2005-02-01,404,355,404,355,759
TIRAQUE (CBBA),consulta externa,nuevas en menores de 5 anos,2005-02-01,686,624,686,624,1310
TITO YUPANQUI (PARQUIPUJIO),consulta externa,nuevas en menores de 5 anos,2005-02-01,16,25,16,25,41
TOCO,consulta externa,nuevas en menores de 5 anos,2005-02-01,24,28,24,28,52
TODOS SANTOS,consulta externa,nuevas en menores de 5 anos,2005-02-01,10,10,10,10,20
TOLATA,consulta externa,nuevas en menores de 5 anos,2005-02-01,43,45,43,45,88
TOLEDO,consulta externa,nuevas en menores de 5 anos,2005-02-01,67,51,67,51,118
TOMAVE,consulta externa,nuevas en menores de 5 anos,2005-02-01,128,115,128,115,243
TOMINA,consulta externa,nuevas en menores de 5 anos,2005-02-01,207,231,207,231,438
TORO TORO,consulta externa,nuevas en menores de 5 anos,2005-02-01,440,201,440,201,641
TOTORA(CBBA),consulta externa,nuevas en menores de 5 anos,2005-02-01,182,146,182,146,328
TOTORA(ORR),consulta externa,nuevas en menores de 5 anos,2005-02-01,29,26,29,26,55
TRIGAL,consulta externa,nuevas en menores de 5 anos,2005-02-01,19,19,19,19,38
TRINIDAD,consulta externa,nuevas en menores de 5 anos,2005-02-01,1641,1440,1641,1440,3081
TUPIZA,consulta externa,nuevas en menores de 5 anos,2005-02-01,1020,759,1020,759,1779
TURCO,consulta externa,nuevas en menores de 5 anos,2005-02-01,56,39,56,39,95
UMALA,consulta externa,nuevas en menores de 5 anos,2005-02-01,68,72,68,72,140
UNCIA,consulta externa,nuevas en menores de 5 anos,2005-02-01,463,397,463,397,860
URIONDO (A. CONCEPCION),consulta externa,nuevas en menores de 5 anos,2005-02-01,277,298,277,298,575
URUBICHA,consulta externa,nuevas en menores de 5 anos,2005-02-01,184,173,184,173,357
UYUNI,consulta externa,nuevas en menores de 5 anos,2005-02-01,186,153,186,153,339
VACAS,consulta externa,nuevas en menores de 5 anos,2005-02-01,165,129,165,129,294
VALLEGRANDE,consulta externa,nuevas en menores de 5 anos,2005-02-01,276,243,276,243,519
VIACHA,consulta externa,nuevas en menores de 5 anos,2005-02-01,335,327,335,327,662
VILA VILA,consulta externa,nuevas en menores de 5 anos,2005-02-01,38,38,38,38,76
VILLA MONTES,consulta externa,nuevas en menores de 5 anos,2005-02-01,514,454,514,454,968
VILLA NUEVA (LOMA ALTA),consulta externa,nuevas en menores de 5 anos,2005-02-01,18,22,18,22,40
VILLA RIVERO,consulta externa,nuevas en menores de 5 anos,2005-02-01,49,34,49,34,83
VILLA SERRANO,consulta externa,nuevas en menores de 5 anos,2005-02-01,362,291,362,291,653
VILLA TUNARI,consulta externa,nuevas en menores de 5 anos,2005-02-01,1339,1251,1339,1251,2590
VILLA VACA GUZMAN (MUYUPAMPA),consulta externa,nuevas en menores de 5 anos,2005-02-01,260,242,260,242,502
VILLAZON,consulta externa,nuevas en menores de 5 anos,2005-02-01,663,596,663,596,1259
VINTO,consulta externa,nuevas en menores de 5 anos,2005-02-01,197,182,197,182,379
VITICHI,consulta externa,nuevas en menores de 5 anos,2005-02-01,178,177,178,177,355
WALDO BALLIVIAN,consulta externa,nuevas en menores de 5 anos,2005-02-01,12,16,12,16,28
WARNES,consulta externa,nuevas en menores de 5 anos,2005-02-01,802,704,802,704,1506
YACO,consulta externa,nuevas en menores de 5 anos,2005-02-01,70,64,70,64,134
YACUIBA,consulta externa,nuevas en menores de 5 anos,2005-02-01,1341,1410,1341,1410,2751
YAMPARAEZ,consulta externa,nuevas en menores de 5 anos,2005-02-01,136,121,136,121,257
YANACACHI,consulta externa,nuevas en menores de 5 anos,2005-02-01,54,71,54,71,125
YAPACANI,consulta externa,nuevas en menores de 5 anos,2005-02-01,641,539,641,539,1180
YOCALLA,consulta externa,nuevas en menores de 5 anos,2005-02-01,47,64,47,64,111
YOTALA,consulta externa,nuevas en menores de 5 anos,2005-02-01,106,133,106,133,239
YUNCHARA,consulta externa,nuevas en menores de 5 anos,2005-02-01,54,62,54,62,116
ZUDAÑEZ,consulta externa,nuevas en menores de 5 anos,2005-02-01,115,153,115,153,268
ACACIO,consulta externa,nuevas en menores de 5 anos,2005-03-01,138,161,138,161,299
ACHACACHI,consulta externa,nuevas en menores de 5 anos,2005-03-01,363,318,363,318,681
ACHOCALLA,consulta externa,nuevas en menores de 5 anos,2005-03-01,83,78,83,78,161
AIQUILE,consulta externa,nuevas en menores de 5 anos,2005-03-01,405,387,405,387,792
ALALAY,consulta externa,nuevas en menores de 5 anos,2005-03-01,66,48,66,48,114
ALCALA,consulta externa,nuevas en menores de 5 anos,2005-03-01,124,135,124,135,259
ANCORAIMES,consulta externa,nuevas en menores de 5 anos,2005-03-01,188,144,188,144,332
ANDAMARCA,consulta externa,nuevas en menores de 5 anos,2005-03-01,35,40,35,40,75
ANTEQUERA,consulta externa,nuevas en menores de 5 anos,2005-03-01,31,27,31,27,58
ANZALDO,consulta externa,nuevas en menores de 5 anos,2005-03-01,131,128,131,128,259
APOLO,consulta externa,nuevas en menores de 5 anos,2005-03-01,179,208,179,208,387
ARAMPAMPA,consulta externa,nuevas en menores de 5 anos,2005-03-01,350,114,350,114,464
ARANI,consulta externa,nuevas en menores de 5 anos,2005-03-01,109,115,109,115,224
ARBIETO,consulta externa,nuevas en menores de 5 anos,2005-03-01,69,44,69,44,113
ARQUE,consulta externa,nuevas en menores de 5 anos,2005-03-01,131,122,131,122,253
ASCENCION DE GUARAYOS,consulta externa,nuevas en menores de 5 anos,2005-03-01,906,362,906,362,1268
ATOCHA,consulta externa,nuevas en menores de 5 anos,2005-03-01,397,293,397,293,690
AUCAPATA,consulta externa,nuevas en menores de 5 anos,2005-03-01,72,81,72,81,153
AYATA,consulta externa,nuevas en menores de 5 anos,2005-03-01,159,126,159,126,285
AYO AYO,consulta externa,nuevas en menores de 5 anos,2005-03-01,59,54,59,54,113
AYOPAYA (V. DE INDEPENDENCIA),consulta externa,nuevas en menores de 5 anos,2005-03-01,489,468,489,468,957
AZURDUY,consulta externa,nuevas en menores de 5 anos,2005-03-01,476,387,476,387,863
BATALLAS,consulta externa,nuevas en menores de 5 anos,2005-03-01,102,76,102,76,178
BAURES,consulta externa,nuevas en menores de 5 anos,2005-03-01,88,108,88,108,196
BELEN DE ANDAMARCA,consulta externa,nuevas en menores de 5 anos,2005-03-01,17,9,17,9,26
BELEN DE URMIRI,consulta externa,nuevas en menores de 5 anos,2005-03-01,39,35,39,35,74
BELLA FLOR,consulta externa,nuevas en menores de 5 anos,2005-03-01,83,79,83,79,162
BERMEJO,consulta externa,nuevas en menores de 5 anos,2005-03-01,532,515,532,515,1047
BETANZOS,consulta externa,nuevas en menores de 5 anos,2005-03-01,537,498,537,498,1035
BOLIVAR,consulta externa,nuevas en menores de 5 anos,2005-03-01,127,136,127,136,263
BOLPEBRA,consulta externa,nuevas en menores de 5 anos,2005-03-01,66,55,66,55,121
BOYUIBE,consulta externa,nuevas en menores de 5 anos,2005-03-01,95,121,95,121,216
BUENA VISTA,consulta externa,nuevas en menores de 5 anos,2005-03-01,255,235,255,235,490
CABEZAS,consulta externa,nuevas en menores de 5 anos,2005-03-01,448,322,448,322,770
CAIROMA,consulta externa,nuevas en menores de 5 anos,2005-03-01,94,72,94,72,166
"CAIZA ""D""",consulta externa,nuevas en menores de 5 anos,2005-03-01,123,77,123,77,200
CAJUATA,consulta externa,nuevas en menores de 5 anos,2005-03-01,121,138,121,138,259
CALACOTO,consulta externa,nuevas en menores de 5 anos,2005-03-01,54,55,54,55,109
CALAMARCA,consulta externa,nuevas en menores de 5 anos,2005-03-01,94,97,94,97,191
CAMARGO,consulta externa,nuevas en menores de 5 anos,2005-03-01,370,350,370,350,720
CAMATAQUI (C. VILLA ABECIA),consulta externa,nuevas en menores de 5 anos,2005-03-01,86,64,86,64,150
CAMIRI,consulta externa,nuevas en menores de 5 anos,2005-03-01,862,819,862,819,1681
CAPINOTA,consulta externa,nuevas en menores de 5 anos,2005-03-01,289,289,289,289,578
CAQUIAVIRI,consulta externa,nuevas en menores de 5 anos,2005-03-01,102,95,102,95,197
CARACOLLO,consulta externa,nuevas en menores de 5 anos,2005-03-01,286,228,286,228,514
CARANAVI,consulta externa,nuevas en menores de 5 anos,2005-03-01,907,858,907,858,1765
CARANGAS,consulta externa,nuevas en menores de 5 anos,2005-03-01,0,1,0,1,1
CARAPARI,consulta externa,nuevas en menores de 5 anos,2005-03-01,179,138,179,138,317
CARIPUYO,consulta externa,nuevas en menores de 5 anos,2005-03-01,298,274,298,274,572
CARMEN RIVERO TORREZ,consulta externa,nuevas en menores de 5 anos,2005-03-01,29,23,29,23,52
CATACORA,consulta externa,nuevas en menores de 5 anos,2005-03-01,8,6,8,6,14
CHACARILLA,consulta externa,nuevas en menores de 5 anos,2005-03-01,11,12,11,12,23
CHALLAPATA,consulta externa,nuevas en menores de 5 anos,2005-03-01,301,260,301,260,561
CHAQUI,consulta externa,nuevas en menores de 5 anos,2005-03-01,117,96,117,96,213
CHARAGUA,consulta externa,nuevas en menores de 5 anos,2005-03-01,694,710,694,710,1404
CHARAÑA,consulta externa,nuevas en menores de 5 anos,2005-03-01,19,24,19,24,43
CHAYANTA,consulta externa,nuevas en menores de 5 anos,2005-03-01,244,239,244,239,483
CHIMORE,consulta externa,nuevas en menores de 5 anos,2005-03-01,532,519,532,519,1051
CHIPAYA,consulta externa,nuevas en menores de 5 anos,2005-03-01,11,13,11,13,24
CHOQUE COTA,consulta externa,nuevas en menores de 5 anos,2005-03-01,25,34,25,34,59
CHULUMANI (V. DE LA LIBERTAD),consulta externa,nuevas en menores de 5 anos,2005-03-01,241,237,241,237,478
CHUMA,consulta externa,nuevas en menores de 5 anos,2005-03-01,132,156,132,156,288
CLIZA,consulta externa,nuevas en menores de 5 anos,2005-03-01,204,123,204,123,327
COBIJA,consulta externa,nuevas en menores de 5 anos,2005-03-01,912,829,912,829,1741
COCHABAMBA,consulta externa,nuevas en menores de 5 anos,2005-03-01,8948,8042,8948,8042,16990
COIPASA,consulta externa,nuevas en menores de 5 anos,2005-03-01,17,9,17,9,26
COLCAPIRHUA,consulta externa,nuevas en menores de 5 anos,2005-03-01,368,377,368,377,745
"COLCHA ""K""",consulta externa,nuevas en menores de 5 anos,2005-03-01,133,140,133,140,273
COLLANA,consulta externa,nuevas en menores de 5 anos,2005-03-01,19,12,19,12,31
COLOMI,consulta externa,nuevas en menores de 5 anos,2005-03-01,246,239,246,239,485
COLPA BELGICA,consulta externa,nuevas en menores de 5 anos,2005-03-01,172,139,172,139,311
COLQUECHACA,consulta externa,nuevas en menores de 5 anos,2005-03-01,753,671,753,671,1424
COLQUENCHA,consulta externa,nuevas en menores de 5 anos,2005-03-01,48,67,48,67,115
COLQUIRI,consulta externa,nuevas en menores de 5 anos,2005-03-01,253,229,253,229,482
COMANCHE,consulta externa,nuevas en menores de 5 anos,2005-03-01,44,50,44,50,94
COMARAPA,consulta externa,nuevas en menores de 5 anos,2005-03-01,341,346,341,346,687
COMBAYA,consulta externa,nuevas en menores de 5 anos,2005-03-01,34,45,34,45,79
CONCEPCION,consulta externa,nuevas en menores de 5 anos,2005-03-01,188,195,188,195,383
COPACABANA,consulta externa,nuevas en menores de 5 anos,2005-03-01,56,58,56,58,114
CORIPATA,consulta externa,nuevas en menores de 5 anos,2005-03-01,165,145,165,145,310
CORO CORO,consulta externa,nuevas en menores de 5 anos,2005-03-01,138,110,138,110,248
COROICO,consulta externa,nuevas en menores de 5 anos,2005-03-01,164,144,164,144,308
CORQUE,consulta externa,nuevas en menores de 5 anos,2005-03-01,64,70,64,70,134
COTAGAITA,consulta externa,nuevas en menores de 5 anos,2005-03-01,738,538,738,538,1276
COTOCA,consulta externa,nuevas en menores de 5 anos,2005-03-01,750,610,750,610,1360
CUATRO CAÑADAS,consulta externa,nuevas en menores de 5 anos,2005-03-01,354,309,354,309,663
CUCHUMUELA (V. G. VILLARROEL),consulta externa,nuevas en menores de 5 anos,2005-03-01,23,14,23,14,37
CUEVO,consulta externa,nuevas en menores de 5 anos,2005-03-01,103,127,103,127,230
CULPINA,consulta externa,nuevas en menores de 5 anos,2005-03-01,502,487,502,487,989
CURAHUARA DE CARANGAS,consulta externa,nuevas en menores de 5 anos,2005-03-01,39,33,39,33,72
CURVA,consulta externa,nuevas en menores de 5 anos,2005-03-01,48,30,48,30,78
DESAGUADERO,consulta externa,nuevas en menores de 5 anos,2005-03-01,32,26,32,26,58
EL ALTO,consulta externa,nuevas en menores de 5 anos,2005-03-01,8541,8004,8541,8004,16545
EL CHORO,consulta externa,nuevas en menores de 5 anos,2005-03-01,2,7,2,7,9
EL PUENTE(STC),consulta externa,nuevas en menores de 5 anos,2005-03-01,240,159,240,159,399
EL PUENTE(TJA),consulta externa,nuevas en menores de 5 anos,2005-03-01,167,155,167,155,322
EL TORNO,consulta externa,nuevas en menores de 5 anos,2005-03-01,1053,846,1053,846,1899
EL VILLAR,consulta externa,nuevas en menores de 5 anos,2005-03-01,240,191,240,191,431
ENTRE RIOS,consulta externa,nuevas en menores de 5 anos,2005-03-01,360,335,360,335,695
ENTRE RIOS,consulta externa,nuevas en menores de 5 anos,2005-03-01,361,357,361,357,718
ESCARA,consulta externa,nuevas en menores de 5 anos,2005-03-01,4,3,4,3,7
EUCALIPTUS,consulta externa,nuevas en menores de 5 anos,2005-03-01,143,101,143,101,244
EUREKA (SANTOS MERCADO),consulta externa,nuevas en menores de 5 anos,2005-03-01,28,32,28,32,60
EXALTACION,consulta externa,nuevas en menores de 5 anos,2005-03-01,46,53,46,53,99
FERNANDEZ ALONSO,consulta externa,nuevas en menores de 5 anos,2005-03-01,381,339,381,339,720
FILADELFIA,consulta externa,nuevas en menores de 5 anos,2005-03-01,93,109,93,109,202
GENERAL SAAVEDRA,consulta externa,nuevas en menores de 5 anos,2005-03-01,643,657,643,657,1300
GRAL. J.J. PEREZ (CHARAZANI),consulta externa,nuevas en menores de 5 anos,2005-03-01,141,140,141,140,281
GUANAY,consulta externa,nuevas en menores de 5 anos,2005-03-01,285,263,285,263,548
GUAQUI,consulta externa,nuevas en menores de 5 anos,2005-03-01,30,11,30,11,41
GUAYARAMERIN,consulta externa,nuevas en menores de 5 anos,2005-03-01,998,939,998,939,1937
GUTIERREZ,consulta externa,nuevas en menores de 5 anos,2005-03-01,590,576,590,576,1166
HUACARETA,consulta externa,nuevas en menores de 5 anos,2005-03-01,342,313,342,313,655
HUACAYA (VILLA DE HUACAYA),consulta externa,nuevas en menores de 5 anos,2005-03-01,79,51,79,51,130
HUACHACALLA,consulta externa,nuevas en menores de 5 anos,2005-03-01,17,21,17,21,38
HUANUNI,consulta externa,nuevas en menores de 5 anos,2005-03-01,393,377,393,377,770
HUARACAJE,consulta externa,nuevas en menores de 5 anos,2005-03-01,58,69,58,69,127
HUAYLLAMARCA,consulta externa,nuevas en menores de 5 anos,2005-03-01,43,67,43,67,110
ICHOCA,consulta externa,nuevas en menores de 5 anos,2005-03-01,90,45,90,45,135
ICLA,consulta externa,nuevas en menores de 5 anos,2005-03-01,338,296,338,296,634
INCAHUASI,consulta externa,nuevas en menores de 5 anos,2005-03-01,487,487,487,487,974
INGAVI (HUMAITA),consulta externa,nuevas en menores de 5 anos,2005-03-01,13,12,13,12,25
INQUISIVI,consulta externa,nuevas en menores de 5 anos,2005-03-01,405,112,405,112,517
IRUPANA (VILLA DE LANZA),consulta externa,nuevas en menores de 5 anos,2005-03-01,257,243,257,243,500
IXIAMAS,consulta externa,nuevas en menores de 5 anos,2005-03-01,191,129,191,129,320
JESUS DE MACHACA,consulta externa,nuevas en menores de 5 anos,2005-03-01,122,98,122,98,220
LA ASUNTA,consulta externa,nuevas en menores de 5 anos,2005-03-01,547,518,547,518,1065
LA GUARDIA,consulta externa,nuevas en menores de 5 anos,2005-03-01,774,684,774,684,1458
LA PAZ,consulta externa,nuevas en menores de 5 anos,2005-03-01,12942,11564,12942,11564,24506
LA RIVERA,consulta externa,nuevas en menores de 5 anos,2005-03-01,1,2,1,2,3
LAGUNILLAS,consulta externa,nuevas en menores de 5 anos,2005-03-01,270,219,270,219,489
LAJA,consulta externa,nuevas en menores de 5 anos,2005-03-01,93,71,93,71,164
LAS CARRERAS,consulta externa,nuevas en menores de 5 anos,2005-03-01,93,66,93,66,159
LICOMA PAMPA,consulta externa,nuevas en menores de 5 anos,2005-03-01,35,31,35,31,66
LLALLAGUA,consulta externa,nuevas en menores de 5 anos,2005-03-01,600,508,600,508,1108
LLICA,consulta externa,nuevas en menores de 5 anos,2005-03-01,84,59,84,59,143
LORETO,consulta externa,nuevas en menores de 5 anos,2005-03-01,51,54,51,54,105
LURIBAY,consulta externa,nuevas en menores de 5 anos,2005-03-01,144,141,144,141,285
MACHACAMARCA,consulta externa,nuevas en menores de 5 anos,2005-03-01,29,36,29,36,65
MACHARETI,consulta externa,nuevas en menores de 5 anos,2005-03-01,303,376,303,376,679
MAGDALENA,consulta externa,nuevas en menores de 5 anos,2005-03-01,241,227,241,227,468
MAIRANA,consulta externa,nuevas en menores de 5 anos,2005-03-01,165,170,165,170,335
MALLA,consulta externa,nuevas en menores de 5 anos,2005-03-01,52,27,52,27,79
MAPIRI,consulta externa,nuevas en menores de 5 anos,2005-03-01,255,229,255,229,484
MECAPACA,consulta externa,nuevas en menores de 5 anos,2005-03-01,198,118,198,118,316
MINEROS,consulta externa,nuevas en menores de 5 anos,2005-03-01,410,377,410,377,787
MIZQUE,consulta externa,nuevas en menores de 5 anos,2005-03-01,318,322,318,322,640
MOCOMOCO,consulta externa,nuevas en menores de 5 anos,2005-03-01,149,140,149,140,289
MOJINETE,consulta externa,nuevas en menores de 5 anos,2005-03-01,21,24,21,24,45
MOJOCOYA,consulta externa,nuevas en menores de 5 anos,2005-03-01,133,110,133,110,243
MONTEAGUDO,consulta externa,nuevas en menores de 5 anos,2005-03-01,643,557,643,557,1200
MONTERO,consulta externa,nuevas en menores de 5 anos,2005-03-01,1823,1584,1823,1584,3407
MORO MORO,consulta externa,nuevas en menores de 5 anos,2005-03-01,37,51,37,51,88
MOROCHATA,consulta externa,nuevas en menores de 5 anos,2005-03-01,157,128,157,128,285
NACEBE (SANTA ROSA DEL ABUNA),consulta externa,nuevas en menores de 5 anos,2005-03-01,52,34,52,34,86
NAZACARA DE PACAJES,consulta externa,nuevas en menores de 5 anos,2005-03-01,2,3,2,3,5
NUEVO MANOA (NUEVA ESPERANZA),consulta externa,nuevas en menores de 5 anos,2005-03-01,31,35,31,35,66
OCURI,consulta externa,nuevas en menores de 5 anos,2005-03-01,401,384,401,384,785
OKINAWA,consulta externa,nuevas en menores de 5 anos,2005-03-01,258,278,258,278,536
OMEREQUE,consulta externa,nuevas en menores de 5 anos,2005-03-01,105,88,105,88,193
ORURO,consulta externa,nuevas en menores de 5 anos,2005-03-01,3584,3004,3584,3004,6588
PADCAYA,consulta externa,nuevas en menores de 5 anos,2005-03-01,362,382,362,382,744
PADILLA,consulta externa,nuevas en menores de 5 anos,2005-03-01,356,365,356,365,721
PAILON,consulta externa,nuevas en menores de 5 anos,2005-03-01,356,338,356,338,694
PALCA,consulta externa,nuevas en menores de 5 anos,2005-03-01,179,103,179,103,282
PALOS BLANCOS,consulta externa,nuevas en menores de 5 anos,2005-03-01,747,655,747,655,1402
PAMPA AULLAGAS,consulta externa,nuevas en menores de 5 anos,2005-03-01,14,19,14,19,33
PAMPA GRANDE,consulta externa,nuevas en menores de 5 anos,2005-03-01,296,171,296,171,467
PAPEL PAMPA,consulta externa,nuevas en menores de 5 anos,2005-03-01,33,38,33,38,71
PASORAPA,consulta externa,nuevas en menores de 5 anos,2005-03-01,38,30,38,30,68
PATACAMAYA,consulta externa,nuevas en menores de 5 anos,2005-03-01,242,200,242,200,442
PAZÑA,consulta externa,nuevas en menores de 5 anos,2005-03-01,76,73,76,73,149
PELECHUCO,consulta externa,nuevas en menores de 5 anos,2005-03-01,69,60,69,60,129
POCOATA,consulta externa,nuevas en menores de 5 anos,2005-03-01,488,513,488,513,1001
POCONA,consulta externa,nuevas en menores de 5 anos,2005-03-01,149,146,149,146,295
POJO (CBBA),consulta externa,nuevas en menores de 5 anos,2005-03-01,156,119,156,119,275
POOPO,consulta externa,nuevas en menores de 5 anos,2005-03-01,56,57,56,57,113
PORCO,consulta externa,nuevas en menores de 5 anos,2005-03-01,88,97,88,97,185
POROMA,consulta externa,nuevas en menores de 5 anos,2005-03-01,392,329,392,329,721
PORONGO,consulta externa,nuevas en menores de 5 anos,2005-03-01,121,117,121,117,238
PORTACHUELO,consulta externa,nuevas en menores de 5 anos,2005-03-01,370,356,370,356,726
PORVENIR,consulta externa,nuevas en menores de 5 anos,2005-03-01,137,92,137,92,229
POSTRER VALLE,consulta externa,nuevas en menores de 5 anos,2005-03-01,29,49,29,49,78
POTOSI,consulta externa,nuevas en menores de 5 anos,2005-03-01,2687,2403,2687,2403,5090
PRESTO,consulta externa,nuevas en menores de 5 anos,2005-03-01,368,303,368,303,671
PUCARA,consulta externa,nuevas en menores de 5 anos,2005-03-01,33,15,33,15,48
PUCARANI,consulta externa,nuevas en menores de 5 anos,2005-03-01,95,94,95,94,189
PUERTO ACOSTA,consulta externa,nuevas en menores de 5 anos,2005-03-01,275,247,275,247,522
PUERTO CARABUCO,consulta externa,nuevas en menores de 5 anos,2005-03-01,120,112,120,112,232
PUERTO GONZALO MORENO,consulta externa,nuevas en menores de 5 anos,2005-03-01,144,136,144,136,280
PUERTO PEREZ,consulta externa,nuevas en menores de 5 anos,2005-03-01,38,32,38,32,70
PUERTO QUIJARRO,consulta externa,nuevas en menores de 5 anos,2005-03-01,260,220,260,220,480
PUERTO RICO,consulta externa,nuevas en menores de 5 anos,2005-03-01,211,183,211,183,394
PUERTO SILES,consulta externa,nuevas en menores de 5 anos,2005-03-01,16,27,16,27,43
PUERTO SUAREZ,consulta externa,nuevas en menores de 5 anos,2005-03-01,564,535,564,535,1099
PUERTO VILLARROEL,consulta externa,nuevas en menores de 5 anos,2005-03-01,1196,1085,1196,1085,2281
PUNA,consulta externa,nuevas en menores de 5 anos,2005-03-01,462,410,462,410,872
PUNATA,consulta externa,nuevas en menores de 5 anos,2005-03-01,303,301,303,301,604
QUIABAYA,consulta externa,nuevas en menores de 5 anos,2005-03-01,21,26,21,26,47
QUILLACOLLO,consulta externa,nuevas en menores de 5 anos,2005-03-01,1040,895,1040,895,1935
QUIME,consulta externa,nuevas en menores de 5 anos,2005-03-01,81,70,81,70,151
QUIRUSILLAS,consulta externa,nuevas en menores de 5 anos,2005-03-01,32,56,32,56,88
RAVELO,consulta externa,nuevas en menores de 5 anos,2005-03-01,376,384,376,384,760
REYES,consulta externa,nuevas en menores de 5 anos,2005-03-01,340,255,340,255,595
RIBERALTA,consulta externa,nuevas en menores de 5 anos,2005-03-01,2113,1740,2113,1740,3853
ROBORE,consulta externa,nuevas en menores de 5 anos,2005-03-01,239,215,239,215,454
RURRENABAQUE,consulta externa,nuevas en menores de 5 anos,2005-03-01,331,362,331,362,693
SABAYA,consulta externa,nuevas en menores de 5 anos,2005-03-01,59,50,59,50,109
SACABA,consulta externa,nuevas en menores de 5 anos,2005-03-01,943,915,943,915,1858
SACABAMBA,consulta externa,nuevas en menores de 5 anos,2005-03-01,50,61,50,61,111
SACACA,consulta externa,nuevas en menores de 5 anos,2005-03-01,533,471,533,471,1004
SAIPINA,consulta externa,nuevas en menores de 5 anos,2005-03-01,111,126,111,126,237
SALINAS DE GARCI MENDOZA,consulta externa,nuevas en menores de 5 anos,2005-03-01,164,146,164,146,310
SAMAIPATA,consulta externa,nuevas en menores de 5 anos,2005-03-01,178,154,178,154,332
SAN AGUSTIN,consulta externa,nuevas en menores de 5 anos,2005-03-01,34,29,34,29,63
SAN ANDRES,consulta externa,nuevas en menores de 5 anos,2005-03-01,231,213,231,213,444
SAN ANDRES DE MACHACA,consulta externa,nuevas en menores de 5 anos,2005-03-01,36,24,36,24,60
SAN ANTONIO DE ESMORUCO,consulta externa,nuevas en menores de 5 anos,2005-03-01,40,40,40,40,80
SAN ANTONIO DE LOMERIO,consulta externa,nuevas en menores de 5 anos,2005-03-01,137,123,137,123,260
SAN BENITO,consulta externa,nuevas en menores de 5 anos,2005-03-01,137,118,137,118,255
SAN BORJA,consulta externa,nuevas en menores de 5 anos,2005-03-01,505,412,505,412,917
SAN BUENA VENTURA,consulta externa,nuevas en menores de 5 anos,2005-03-01,291,249,291,249,540
SAN CARLOS,consulta externa,nuevas en menores de 5 anos,2005-03-01,473,416,473,416,889
SAN IGNACIO,consulta externa,nuevas en menores de 5 anos,2005-03-01,460,410,460,410,870
SAN IGNACIO DE VELASCO,consulta externa,nuevas en menores de 5 anos,2005-03-01,1244,1131,1244,1131,2375
SAN JAVIER(BNI),consulta externa,nuevas en menores de 5 anos,2005-03-01,91,63,91,63,154
SAN JAVIER(STC),consulta externa,nuevas en menores de 5 anos,2005-03-01,156,120,156,120,276
SAN JOAQUIN,consulta externa,nuevas en menores de 5 anos,2005-03-01,100,117,100,117,217
SAN JOSE DE CHIQUITOS,consulta externa,nuevas en menores de 5 anos,2005-03-01,471,422,471,422,893
SAN JUAN DE YAPACANI,consulta externa,nuevas en menores de 5 anos,2005-03-01,291,264,291,264,555
SAN JULIAN,consulta externa,nuevas en menores de 5 anos,2005-03-01,1024,948,1024,948,1972
SAN LORENZO(PND),consulta externa,nuevas en menores de 5 anos,2005-03-01,120,103,120,103,223
SAN LORENZO(TJA),consulta externa,nuevas en menores de 5 anos,2005-03-01,531,490,531,490,1021
SAN LUCAS,consulta externa,nuevas en menores de 5 anos,2005-03-01,812,843,812,843,1655
SAN MATIAS,consulta externa,nuevas en menores de 5 anos,2005-03-01,274,338,274,338,612
SAN MIGUEL DE VELASCO,consulta externa,nuevas en menores de 5 anos,2005-03-01,299,281,299,281,580
SAN PABLO DE LIPEZ,consulta externa,nuevas en menores de 5 anos,2005-03-01,119,95,119,95,214
SAN PEDRO,consulta externa,nuevas en menores de 5 anos,2005-03-01,605,573,605,573,1178
SAN PEDRO DE BUENA VISTA,consulta externa,nuevas en menores de 5 anos,2005-03-01,490,506,490,506,996
SAN PEDRO DE CURAHUARA,consulta externa,nuevas en menores de 5 anos,2005-03-01,170,49,170,49,219
SAN PEDRO DE QUEMES,consulta externa,nuevas en menores de 5 anos,2005-03-01,12,10,12,10,22
SAN PEDRO DE TIQUINA,consulta externa,nuevas en menores de 5 anos,2005-03-01,33,22,33,22,55
SAN PEDRO(PND),consulta externa,nuevas en menores de 5 anos,2005-03-01,9,16,9,16,25
SAN RAFAEL,consulta externa,nuevas en menores de 5 anos,2005-03-01,81,88,81,88,169
SAN RAMON,consulta externa,nuevas en menores de 5 anos,2005-03-01,160,121,160,121,281
SAN RAMON,consulta externa,nuevas en menores de 5 anos,2005-03-01,165,151,165,151,316
SANTA ANA,consulta externa,nuevas en menores de 5 anos,2005-03-01,213,190,213,190,403
SANTA CRUZ DE LA SIERRA,consulta externa,nuevas en menores de 5 anos,2005-03-01,18300,17340,18300,17340,35640
SANTA ROSA,consulta externa,nuevas en menores de 5 anos,2005-03-01,191,105,191,105,296
SANTA ROSA DEL SARA,consulta externa,nuevas en menores de 5 anos,2005-03-01,687,622,687,622,1309
SANTIAGO DE CALLAPA,consulta externa,nuevas en menores de 5 anos,2005-03-01,73,72,73,72,145
SANTIAGO DE HUARI,consulta externa,nuevas en menores de 5 anos,2005-03-01,108,96,108,96,204
SANTIAGO DE MACHACA,consulta externa,nuevas en menores de 5 anos,2005-03-01,54,46,54,46,100
SANTIVAÑES,consulta externa,nuevas en menores de 5 anos,2005-03-01,99,97,99,97,196
SANTUARIO DE QUILLACAS,consulta externa,nuevas en menores de 5 anos,2005-03-01,32,23,32,23,55
SAPAHAQUI,consulta externa,nuevas en menores de 5 anos,2005-03-01,63,54,63,54,117
SENA,consulta externa,nuevas en menores de 5 anos,2005-03-01,153,195,153,195,348
SICA SICA (VILLA AROMA),consulta externa,nuevas en menores de 5 anos,2005-03-01,152,132,152,132,284
SICAYA,consulta externa,nuevas en menores de 5 anos,2005-03-01,65,33,65,33,98
SIPE SIPE,consulta externa,nuevas en menores de 5 anos,2005-03-01,447,395,447,395,842
SOPACHUY,consulta externa,nuevas en menores de 5 anos,2005-03-01,249,169,249,169,418
SORACACHI,consulta externa,nuevas en menores de 5 anos,2005-03-01,64,59,64,59,123
SORATA,consulta externa,nuevas en menores de 5 anos,2005-03-01,154,131,154,131,285
SUCRE,consulta externa,nuevas en menores de 5 anos,2005-03-01,5793,5754,5793,5754,11547
TACACHI,consulta externa,nuevas en menores de 5 anos,2005-03-01,19,13,19,13,32
TACACOMA,consulta externa,nuevas en menores de 5 anos,2005-03-01,104,74,104,74,178
TACOBAMBA,consulta externa,nuevas en menores de 5 anos,2005-03-01,103,80,103,80,183
TACOPAYA,consulta externa,nuevas en menores de 5 anos,2005-03-01,102,82,102,82,184
TAHUA,consulta externa,nuevas en menores de 5 anos,2005-03-01,11,17,11,17,28
TAPACARI,consulta externa,nuevas en menores de 5 anos,2005-03-01,452,464,452,464,916
TARABUCO,consulta externa,nuevas en menores de 5 anos,2005-03-01,499,493,499,493,992
TARACO,consulta externa,nuevas en menores de 5 anos,2005-03-01,38,30,38,30,68
TARATA,consulta externa,nuevas en menores de 5 anos,2005-03-01,105,82,105,82,187
TARIJA,consulta externa,nuevas en menores de 5 anos,2005-03-01,3861,3490,3861,3490,7351
TARVITA,consulta externa,nuevas en menores de 5 anos,2005-03-01,726,737,726,737,1463
TEOPONTE,consulta externa,nuevas en menores de 5 anos,2005-03-01,137,115,137,115,252
TIAWANACU,consulta externa,nuevas en menores de 5 anos,2005-03-01,80,59,80,59,139
TINGUIPAYA,consulta externa,nuevas en menores de 5 anos,2005-03-01,276,238,276,238,514
TIPUANI,consulta externa,nuevas en menores de 5 anos,2005-03-01,95,68,95,68,163
TIQUIPAYA,consulta externa,nuevas en menores de 5 anos,2005-03-01,603,534,603,534,1137
TIRAQUE (CBBA),consulta externa,nuevas en menores de 5 anos,2005-03-01,739,771,739,771,1510
TITO YUPANQUI (PARQUIPUJIO),consulta externa,nuevas en menores de 5 anos,2005-03-01,16,24,16,24,40
TOCO,consulta externa,nuevas en menores de 5 anos,2005-03-01,43,38,43,38,81
TODOS SANTOS,consulta externa,nuevas en menores de 5 anos,2005-03-01,7,8,7,8,15
TOLATA,consulta externa,nuevas en menores de 5 anos,2005-03-01,59,48,59,48,107
TOLEDO,consulta externa,nuevas en menores de 5 anos,2005-03-01,66,52,66,52,118
TOMAVE,consulta externa,nuevas en menores de 5 anos,2005-03-01,174,184,174,184,358
TOMINA,consulta externa,nuevas en menores de 5 anos,2005-03-01,191,197,191,197,388
TORO TORO,consulta externa,nuevas en menores de 5 anos,2005-03-01,627,270,627,270,897
TOTORA(CBBA),consulta externa,nuevas en menores de 5 anos,2005-03-01,259,256,259,256,515
TOTORA(ORR),consulta externa,nuevas en menores de 5 anos,2005-03-01,42,44,42,44,86
TRIGAL,consulta externa,nuevas en menores de 5 anos,2005-03-01,25,28,25,28,53
TRINIDAD,consulta externa,nuevas en menores de 5 anos,2005-03-01,1776,1603,1776,1603,3379
TUPIZA,consulta externa,nuevas en menores de 5 anos,2005-03-01,1273,870,1273,870,2143
TURCO,consulta externa,nuevas en menores de 5 anos,2005-03-01,78,64,78,64,142
UMALA,consulta externa,nuevas en menores de 5 anos,2005-03-01,41,46,41,46,87
UNCIA,consulta externa,nuevas en menores de 5 anos,2005-03-01,673,671,673,671,1344
URIONDO (A. CONCEPCION),consulta externa,nuevas en menores de 5 anos,2005-03-01,298,315,298,315,613
URUBICHA,consulta externa,nuevas en menores de 5 anos,2005-03-01,554,95,554,95,649
UYUNI,consulta externa,nuevas en menores de 5 anos,2005-03-01,239,198,239,198,437
VACAS,consulta externa,nuevas en menores de 5 anos,2005-03-01,141,119,141,119,260
VALLEGRANDE,consulta externa,nuevas en menores de 5 anos,2005-03-01,328,292,328,292,620
VIACHA,consulta externa,nuevas en menores de 5 anos,2005-03-01,753,359,753,359,1112
VILA VILA,consulta externa,nuevas en menores de 5 anos,2005-03-01,63,44,63,44,107
VILLA MONTES,consulta externa,nuevas en menores de 5 anos,2005-03-01,604,573,604,573,1177
VILLA NUEVA (LOMA ALTA),consulta externa,nuevas en menores de 5 anos,2005-03-01,57,76,57,76,133
VILLA RIVERO,consulta externa,nuevas en menores de 5 anos,2005-03-01,43,39,43,39,82
VILLA SERRANO,consulta externa,nuevas en menores de 5 anos,2005-03-01,334,310,334,310,644
VILLA TUNARI,consulta externa,nuevas en menores de 5 anos,2005-03-01,1569,1352,1569,1352,2921
VILLA VACA GUZMAN (MUYUPAMPA),consulta externa,nuevas en menores de 5 anos,2005-03-01,399,400,399,400,799
VILLAZON,consulta externa,nuevas en menores de 5 anos,2005-03-01,840,746,840,746,1586
VINTO,consulta externa,nuevas en menores de 5 anos,2005-03-01,334,307,334,307,641
VITICHI,consulta externa,nuevas en menores de 5 anos,2005-03-01,155,161,155,161,316
WALDO BALLIVIAN,consulta externa,nuevas en menores de 5 anos,2005-03-01,17,21,17,21,38
WARNES,consulta externa,nuevas en menores de 5 anos,2005-03-01,869,778,869,778,1647
YACO,consulta externa,nuevas en menores de 5 anos,2005-03-01,103,113,103,113,216
YACUIBA,consulta externa,nuevas en menores de 5 anos,2005-03-01,1833,1800,1833,1800,3633
YAMPARAEZ,consulta externa,nuevas en menores de 5 anos,2005-03-01,136,130,136,130,266
YANACACHI,consulta externa,nuevas en menores de 5 anos,2005-03-01,77,66,77,66,143
YAPACANI,consulta externa,nuevas en menores de 5 anos,2005-03-01,733,651,733,651,1384
YOCALLA,consulta externa,nuevas en menores de 5 anos,2005-03-01,72,64,72,64,136
YOTALA,consulta externa,nuevas en menores de 5 anos,2005-03-01,99,129,99,129,228
YUNCHARA,consulta externa,nuevas en menores de 5 anos,2005-03-01,55,32,55,32,87
ZUDAÑEZ,consulta externa,nuevas en menores de 5 anos,2005-03-01,170,155,170,155,325
ACACIO,consulta externa,nuevas en menores de 5 anos,2005-04-01,198,175,198,175,373
ACHACACHI,consulta externa,nuevas en menores de 5 anos,2005-04-01,394,376,394,376,770
ACHOCALLA,consulta externa,nuevas en menores de 5 anos,2005-04-01,111,98,111,98,209
AIQUILE,consulta externa,nuevas en menores de 5 anos,2005-04-01,357,349,357,349,706
ALALAY,consulta externa,nuevas en menores de 5 anos,2005-04-01,43,45,43,45,88
ALCALA,consulta externa,nuevas en menores de 5 anos,2005-04-01,104,121,104,121,225
ANCORAIMES,consulta externa,nuevas en menores de 5 anos,2005-04-01,141,130,141,130,271
ANDAMARCA,consulta externa,nuevas en menores de 5 anos,2005-04-01,62,78,62,78,140
ANTEQUERA,consulta externa,nuevas en menores de 5 anos,2005-04-01,24,32,24,32,56
ANZALDO,consulta externa,nuevas en menores de 5 anos,2005-04-01,96,99,96,99,195
APOLO,consulta externa,nuevas en menores de 5 anos,2005-04-01,302,321,302,321,623
ARAMPAMPA,consulta externa,nuevas en menores de 5 anos,2005-04-01,118,101,118,101,219
ARANI,consulta externa,nuevas en menores de 5 anos,2005-04-01,84,83,84,83,167
ARBIETO,consulta externa,nuevas en menores de 5 anos,2005-04-01,84,87,84,87,171
ARQUE,consulta externa,nuevas en menores de 5 anos,2005-04-01,179,181,179,181,360
ASCENCION DE GUARAYOS,consulta externa,nuevas en menores de 5 anos,2005-04-01,492,1184,492,1184,1676
ATOCHA,consulta externa,nuevas en menores de 5 anos,2005-04-01,285,246,285,246,531
AUCAPATA,consulta externa,nuevas en menores de 5 anos,2005-04-01,50,35,50,35,85
AYATA,consulta externa,nuevas en menores de 5 anos,2005-04-01,91,86,91,86,177
AYO AYO,consulta externa,nuevas en menores de 5 anos,2005-04-01,51,41,51,41,92
AYOPAYA (V. DE INDEPENDENCIA),consulta externa,nuevas en menores de 5 anos,2005-04-01,557,565,557,565,1122
AZURDUY,consulta externa,nuevas en menores de 5 anos,2005-04-01,402,436,402,436,838
BATALLAS,consulta externa,nuevas en menores de 5 anos,2005-04-01,118,87,118,87,205
BAURES,consulta externa,nuevas en menores de 5 anos,2005-04-01,71,83,71,83,154
BELEN DE ANDAMARCA,consulta externa,nuevas en menores de 5 anos,2005-04-01,14,30,14,30,44
BELEN DE URMIRI,consulta externa,nuevas en menores de 5 anos,2005-04-01,53,31,53,31,84
BELLA FLOR,consulta externa,nuevas en menores de 5 anos,2005-04-01,84,99,84,99,183
BERMEJO,consulta externa,nuevas en menores de 5 anos,2005-04-01,597,570,597,570,1167
BETANZOS,consulta externa,nuevas en menores de 5 anos,2005-04-01,624,632,624,632,1256
BOLIVAR,consulta externa,nuevas en menores de 5 anos,2005-04-01,103,103,103,103,206
BOLPEBRA,consulta externa,nuevas en menores de 5 anos,2005-04-01,62,41,62,41,103
BOYUIBE,consulta externa,nuevas en menores de 5 anos,2005-04-01,64,78,64,78,142
BUENA VISTA,consulta externa,nuevas en menores de 5 anos,2005-04-01,402,309,402,309,711
CABEZAS,consulta externa,nuevas en menores de 5 anos,2005-04-01,410,346,410,346,756
CAIROMA,consulta externa,nuevas en menores de 5 anos,2005-04-01,116,143,116,143,259
"CAIZA ""D""",consulta externa,nuevas en menores de 5 anos,2005-04-01,101,108,101,108,209
CAJUATA,consulta externa,nuevas en menores de 5 anos,2005-04-01,175,112,175,112,287
CALACOTO,consulta externa,nuevas en menores de 5 anos,2005-04-01,38,61,38,61,99
CALAMARCA,consulta externa,nuevas en menores de 5 anos,2005-04-01,118,99,118,99,217
CAMARGO,consulta externa,nuevas en menores de 5 anos,2005-04-01,378,413,378,413,791
CAMATAQUI (C. VILLA ABECIA),consulta externa,nuevas en menores de 5 anos,2005-04-01,78,48,78,48,126
CAMIRI,consulta externa,nuevas en menores de 5 anos,2005-04-01,924,852,924,852,1776
CAPINOTA,consulta externa,nuevas en menores de 5 anos,2005-04-01,293,238,293,238,531
CAQUIAVIRI,consulta externa,nuevas en menores de 5 anos,2005-04-01,95,86,95,86,181
CARACOLLO,consulta externa,nuevas en menores de 5 anos,2005-04-01,275,281,275,281,556
CARANAVI,consulta externa,nuevas en menores de 5 anos,2005-04-01,853,751,853,751,1604
CARANGAS,consulta externa,nuevas en menores de 5 anos,2005-04-01,0,5,0,5,5
CARAPARI,consulta externa,nuevas en menores de 5 anos,2005-04-01,183,202,183,202,385
CARIPUYO,consulta externa,nuevas en menores de 5 anos,2005-04-01,187,185,187,185,372
CARMEN RIVERO TORREZ,consulta externa,nuevas en menores de 5 anos,2005-04-01,50,39,50,39,89
CATACORA,consulta externa,nuevas en menores de 5 anos,2005-04-01,9,6,9,6,15
CHACARILLA,consulta externa,nuevas en menores de 5 anos,2005-04-01,14,15,14,15,29
CHALLAPATA,consulta externa,nuevas en menores de 5 anos,2005-04-01,348,311,348,311,659
CHAQUI,consulta externa,nuevas en menores de 5 anos,2005-04-01,92,99,92,99,191
CHARAGUA,consulta externa,nuevas en menores de 5 anos,2005-04-01,645,540,645,540,1185
CHARAÑA,consulta externa,nuevas en menores de 5 anos,2005-04-01,18,22,18,22,40
CHAYANTA,consulta externa,nuevas en menores de 5 anos,2005-04-01,261,203,261,203,464
CHIMORE,consulta externa,nuevas en menores de 5 anos,2005-04-01,578,499,578,499,1077
CHIPAYA,consulta externa,nuevas en menores de 5 anos,2005-04-01,24,18,24,18,42
CHOQUE COTA,consulta externa,nuevas en menores de 5 anos,2005-04-01,12,11,12,11,23
CHULUMANI (V. DE LA LIBERTAD),consulta externa,nuevas en menores de 5 anos,2005-04-01,207,205,207,205,412
CHUMA,consulta externa,nuevas en menores de 5 anos,2005-04-01,169,155,169,155,324
CLIZA,consulta externa,nuevas en menores de 5 anos,2005-04-01,284,213,284,213,497
COBIJA,consulta externa,nuevas en menores de 5 anos,2005-04-01,724,626,724,626,1350
COCHABAMBA,consulta externa,nuevas en menores de 5 anos,2005-04-01,10213,9445,10213,9445,19658
COIPASA,consulta externa,nuevas en menores de 5 anos,2005-04-01,6,9,6,9,15
COLCAPIRHUA,consulta externa,nuevas en menores de 5 anos,2005-04-01,457,422,457,422,879
"COLCHA ""K""",consulta externa,nuevas en menores de 5 anos,2005-04-01,164,169,164,169,333
COLLANA,consulta externa,nuevas en menores de 5 anos,2005-04-01,18,16,18,16,34
COLOMI,consulta externa,nuevas en menores de 5 anos,2005-04-01,337,314,337,314,651
COLPA BELGICA,consulta externa,nuevas en menores de 5 anos,2005-04-01,215,146,215,146,361
COLQUECHACA,consulta externa,nuevas en menores de 5 anos,2005-04-01,842,797,842,797,1639
COLQUENCHA,consulta externa,nuevas en menores de 5 anos,2005-04-01,54,66,54,66,120
COLQUIRI,consulta externa,nuevas en menores de 5 anos,2005-04-01,285,233,285,233,518
COMANCHE,consulta externa,nuevas en menores de 5 anos,2005-04-01,26,20,26,20,46
COMARAPA,consulta externa,nuevas en menores de 5 anos,2005-04-01,273,245,273,245,518
COMBAYA,consulta externa,nuevas en menores de 5 anos,2005-04-01,58,35,58,35,93
CONCEPCION,consulta externa,nuevas en menores de 5 anos,2005-04-01,315,287,315,287,602
COPACABANA,consulta externa,nuevas en menores de 5 anos,2005-04-01,74,76,74,76,150
CORIPATA,consulta externa,nuevas en menores de 5 anos,2005-04-01,141,97,141,97,238
CORO CORO,consulta externa,nuevas en menores de 5 anos,2005-04-01,79,76,79,76,155
COROICO,consulta externa,nuevas en menores de 5 anos,2005-04-01,161,135,161,135,296
CORQUE,consulta externa,nuevas en menores de 5 anos,2005-04-01,85,93,85,93,178
COTAGAITA,consulta externa,nuevas en menores de 5 anos,2005-04-01,650,615,650,615,1265
COTOCA,consulta externa,nuevas en menores de 5 anos,2005-04-01,860,734,860,734,1594
CUATRO CAÑADAS,consulta externa,nuevas en menores de 5 anos,2005-04-01,359,291,359,291,650
CUCHUMUELA (V. G. VILLARROEL),consulta externa,nuevas en menores de 5 anos,2005-04-01,19,11,19,11,30
CUEVO,consulta externa,nuevas en menores de 5 anos,2005-04-01,87,99,87,99,186
CULPINA,consulta externa,nuevas en menores de 5 anos,2005-04-01,397,366,397,366,763
CURAHUARA DE CARANGAS,consulta externa,nuevas en menores de 5 anos,2005-04-01,151,99,151,99,250
CURVA,consulta externa,nuevas en menores de 5 anos,2005-04-01,39,20,39,20,59
DESAGUADERO,consulta externa,nuevas en menores de 5 anos,2005-04-01,38,21,38,21,59
EL ALTO,consulta externa,nuevas en menores de 5 anos,2005-04-01,10241,9807,10241,9807,20048
EL CHORO,consulta externa,nuevas en menores de 5 anos,2005-04-01,25,30,25,30,55
EL PUENTE(STC),consulta externa,nuevas en menores de 5 anos,2005-04-01,238,205,238,205,443
EL PUENTE(TJA),consulta externa,nuevas en menores de 5 anos,2005-04-01,205,153,205,153,358
EL TORNO,consulta externa,nuevas en menores de 5 anos,2005-04-01,867,828,867,828,1695
EL VILLAR,consulta externa,nuevas en menores de 5 anos,2005-04-01,253,239,253,239,492
ENTRE RIOS,consulta externa,nuevas en menores de 5 anos,2005-04-01,329,271,329,271,600
ENTRE RIOS,consulta externa,nuevas en menores de 5 anos,2005-04-01,356,316,356,316,672
ESCARA,consulta externa,nuevas en menores de 5 anos,2005-04-01,2,2,2,2,4
EUCALIPTUS,consulta externa,nuevas en menores de 5 anos,2005-04-01,194,172,194,172,366
EUREKA (SANTOS MERCADO),consulta externa,nuevas en menores de 5 anos,2005-04-01,9,8,9,8,17
EXALTACION,consulta externa,nuevas en menores de 5 anos,2005-04-01,70,80,70,80,150
FERNANDEZ ALONSO,consulta externa,nuevas en menores de 5 anos,2005-04-01,299,352,299,352,651
FILADELFIA,consulta externa,nuevas en menores de 5 anos,2005-04-01,71,85,71,85,156
GENERAL SAAVEDRA,consulta externa,nuevas en menores de 5 anos,2005-04-01,585,487,585,487,1072
GRAL. J.J. PEREZ (CHARAZANI),consulta externa,nuevas en menores de 5 anos,2005-04-01,425,95,425,95,520
GUANAY,consulta externa,nuevas en menores de 5 anos,2005-04-01,296,265,296,265,561
GUAQUI,consulta externa,nuevas en menores de 5 anos,2005-04-01,43,36,43,36,79
GUAYARAMERIN,consulta externa,nuevas en menores de 5 anos,2005-04-01,1107,1115,1107,1115,2222
GUTIERREZ,consulta externa,nuevas en menores de 5 anos,2005-04-01,434,447,434,447,881
HUACARETA,consulta externa,nuevas en menores de 5 anos,2005-04-01,346,293,346,293,639
HUACAYA (VILLA DE HUACAYA),consulta externa,nuevas en menores de 5 anos,2005-04-01,41,56,41,56,97
HUACHACALLA,consulta externa,nuevas en menores de 5 anos,2005-04-01,21,6,21,6,27
HUANUNI,consulta externa,nuevas en menores de 5 anos,2005-04-01,276,240,276,240,516
HUARACAJE,consulta externa,nuevas en menores de 5 anos,2005-04-01,73,75,73,75,148
HUAYLLAMARCA,consulta externa,nuevas en menores de 5 anos,2005-04-01,38,35,38,35,73
ICHOCA,consulta externa,nuevas en menores de 5 anos,2005-04-01,109,113,109,113,222
ICLA,consulta externa,nuevas en menores de 5 anos,2005-04-01,457,409,457,409,866
INCAHUASI,consulta externa,nuevas en menores de 5 anos,2005-04-01,517,497,517,497,1014
INGAVI (HUMAITA),consulta externa,nuevas en menores de 5 anos,2005-04-01,49,30,49,30,79
INQUISIVI,consulta externa,nuevas en menores de 5 anos,2005-04-01,181,188,181,188,369
IRUPANA (VILLA DE LANZA),consulta externa,nuevas en menores de 5 anos,2005-04-01,270,219,270,219,489
IXIAMAS,consulta externa,nuevas en menores de 5 anos,2005-04-01,251,133,251,133,384
JESUS DE MACHACA,consulta externa,nuevas en menores de 5 anos,2005-04-01,119,121,119,121,240
LA ASUNTA,consulta externa,nuevas en menores de 5 anos,2005-04-01,515,453,515,453,968
LA GUARDIA,consulta externa,nuevas en menores de 5 anos,2005-04-01,787,765,787,765,1552
LA PAZ,consulta externa,nuevas en menores de 5 anos,2005-04-01,15379,12919,15379,12919,28298
LA RIVERA,consulta externa,nuevas en menores de 5 anos,2005-04-01,3,5,3,5,8
LAGUNILLAS,consulta externa,nuevas en menores de 5 anos,2005-04-01,278,250,278,250,528
LAJA,consulta externa,nuevas en menores de 5 anos,2005-04-01,97,67,97,67,164
LAS CARRERAS,consulta externa,nuevas en menores de 5 anos,2005-04-01,54,56,54,56,110
LICOMA PAMPA,consulta externa,nuevas en menores de 5 anos,2005-04-01,25,22,25,22,47
LLALLAGUA,consulta externa,nuevas en menores de 5 anos,2005-04-01,691,589,691,589,1280
LLICA,consulta externa,nuevas en menores de 5 anos,2005-04-01,68,69,68,69,137
LORETO,consulta externa,nuevas en menores de 5 anos,2005-04-01,49,56,49,56,105
LURIBAY,consulta externa,nuevas en menores de 5 anos,2005-04-01,110,100,110,100,210
MACHACAMARCA,consulta externa,nuevas en menores de 5 anos,2005-04-01,40,48,40,48,88
MACHARETI,consulta externa,nuevas en menores de 5 anos,2005-04-01,374,504,374,504,878
MAGDALENA,consulta externa,nuevas en menores de 5 anos,2005-04-01,171,180,171,180,351
MAIRANA,consulta externa,nuevas en menores de 5 anos,2005-04-01,195,179,195,179,374
MALLA,consulta externa,nuevas en menores de 5 anos,2005-04-01,34,16,34,16,50
MAPIRI,consulta externa,nuevas en menores de 5 anos,2005-04-01,231,219,231,219,450
MECAPACA,consulta externa,nuevas en menores de 5 anos,2005-04-01,118,106,118,106,224
MINEROS,consulta externa,nuevas en menores de 5 anos,2005-04-01,464,388,464,388,852
MIZQUE,consulta externa,nuevas en menores de 5 anos,2005-04-01,474,443,474,443,917
MOCOMOCO,consulta externa,nuevas en menores de 5 anos,2005-04-01,130,131,130,131,261
MOJINETE,consulta externa,nuevas en menores de 5 anos,2005-04-01,33,24,33,24,57
MOJOCOYA,consulta externa,nuevas en menores de 5 anos,2005-04-01,180,127,180,127,307
MONTEAGUDO,consulta externa,nuevas en menores de 5 anos,2005-04-01,699,640,699,640,1339
MONTERO,consulta externa,nuevas en menores de 5 anos,2005-04-01,1778,1437,1778,1437,3215
MORO MORO,consulta externa,nuevas en menores de 5 anos,2005-04-01,57,40,57,40,97
MOROCHATA,consulta externa,nuevas en menores de 5 anos,2005-04-01,286,218,286,218,504
NACEBE (SANTA ROSA DEL ABUNA),consulta externa,nuevas en menores de 5 anos,2005-04-01,66,46,66,46,112
NAZACARA DE PACAJES,consulta externa,nuevas en menores de 5 anos,2005-04-01,1,5,1,5,6
NUEVO MANOA (NUEVA ESPERANZA),consulta externa,nuevas en menores de 5 anos,2005-04-01,14,20,14,20,34
OCURI,consulta externa,nuevas en menores de 5 anos,2005-04-01,607,547,607,547,1154
OKINAWA,consulta externa,nuevas en menores de 5 anos,2005-04-01,281,243,281,243,524
OMEREQUE,consulta externa,nuevas en menores de 5 anos,2005-04-01,105,112,105,112,217
ORURO,consulta externa,nuevas en menores de 5 anos,2005-04-01,4216,3757,4216,3757,7973
PADCAYA,consulta externa,nuevas en menores de 5 anos,2005-04-01,641,340,641,340,981
PADILLA,consulta externa,nuevas en menores de 5 anos,2005-04-01,408,435,408,435,843
PAILON,consulta externa,nuevas en menores de 5 anos,2005-04-01,362,375,362,375,737
PALCA,consulta externa,nuevas en menores de 5 anos,2005-04-01,127,120,127,120,247
PALOS BLANCOS,consulta externa,nuevas en menores de 5 anos,2005-04-01,598,529,598,529,1127
PAMPA AULLAGAS,consulta externa,nuevas en menores de 5 anos,2005-04-01,41,31,41,31,72
PAMPA GRANDE,consulta externa,nuevas en menores de 5 anos,2005-04-01,197,289,197,289,486
PAPEL PAMPA,consulta externa,nuevas en menores de 5 anos,2005-04-01,29,31,29,31,60
PASORAPA,consulta externa,nuevas en menores de 5 anos,2005-04-01,43,36,43,36,79
PATACAMAYA,consulta externa,nuevas en menores de 5 anos,2005-04-01,295,301,295,301,596
PAZÑA,consulta externa,nuevas en menores de 5 anos,2005-04-01,109,100,109,100,209
PELECHUCO,consulta externa,nuevas en menores de 5 anos,2005-04-01,371,60,371,60,431
POCOATA,consulta externa,nuevas en menores de 5 anos,2005-04-01,403,451,403,451,854
POCONA,consulta externa,nuevas en menores de 5 anos,2005-04-01,234,224,234,224,458
POJO (CBBA),consulta externa,nuevas en menores de 5 anos,2005-04-01,110,118,110,118,228
POOPO,consulta externa,nuevas en menores de 5 anos,2005-04-01,40,37,40,37,77
PORCO,consulta externa,nuevas en menores de 5 anos,2005-04-01,106,92,106,92,198
POROMA,consulta externa,nuevas en menores de 5 anos,2005-04-01,316,292,316,292,608
PORONGO,consulta externa,nuevas en menores de 5 anos,2005-04-01,164,138,164,138,302
PORTACHUELO,consulta externa,nuevas en menores de 5 anos,2005-04-01,476,453,476,453,929
PORVENIR,consulta externa,nuevas en menores de 5 anos,2005-04-01,140,99,140,99,239
POSTRER VALLE,consulta externa,nuevas en menores de 5 anos,2005-04-01,44,44,44,44,88
POTOSI,consulta externa,nuevas en menores de 5 anos,2005-04-01,3185,2873,3185,2873,6058
PRESTO,consulta externa,nuevas en menores de 5 anos,2005-04-01,348,345,348,345,693
PUCARA,consulta externa,nuevas en menores de 5 anos,2005-04-01,53,23,53,23,76
PUCARANI,consulta externa,nuevas en menores de 5 anos,2005-04-01,165,130,165,130,295
PUERTO ACOSTA,consulta externa,nuevas en menores de 5 anos,2005-04-01,225,213,225,213,438
PUERTO CARABUCO,consulta externa,nuevas en menores de 5 anos,2005-04-01,125,148,125,148,273
PUERTO GONZALO MORENO,consulta externa,nuevas en menores de 5 anos,2005-04-01,218,217,218,217,435
PUERTO PEREZ,consulta externa,nuevas en menores de 5 anos,2005-04-01,45,27,45,27,72
PUERTO QUIJARRO,consulta externa,nuevas en menores de 5 anos,2005-04-01,323,277,323,277,600
PUERTO RICO,consulta externa,nuevas en menores de 5 anos,2005-04-01,247,212,247,212,459
PUERTO SILES,consulta externa,nuevas en menores de 5 anos,2005-04-01,24,12,24,12,36
PUERTO SUAREZ,consulta externa,nuevas en menores de 5 anos,2005-04-01,447,451,447,451,898
PUERTO VILLARROEL,consulta externa,nuevas en menores de 5 anos,2005-04-01,1428,1334,1428,1334,2762
PUNA,consulta externa,nuevas en menores de 5 anos,2005-04-01,489,450,489,450,939
PUNATA,consulta externa,nuevas en menores de 5 anos,2005-04-01,356,390,356,390,746
QUIABAYA,consulta externa,nuevas en menores de 5 anos,2005-04-01,22,16,22,16,38
QUILLACOLLO,consulta externa,nuevas en menores de 5 anos,2005-04-01,881,526,881,526,1407
QUIME,consulta externa,nuevas en menores de 5 anos,2005-04-01,129,123,129,123,252
QUIRUSILLAS,consulta externa,nuevas en menores de 5 anos,2005-04-01,36,41,36,41,77
RAVELO,consulta externa,nuevas en menores de 5 anos,2005-04-01,597,550,597,550,1147
REYES,consulta externa,nuevas en menores de 5 anos,2005-04-01,443,405,443,405,848
RIBERALTA,consulta externa,nuevas en menores de 5 anos,2005-04-01,2329,1985,2329,1985,4314
ROBORE,consulta externa,nuevas en menores de 5 anos,2005-04-01,232,237,232,237,469
RURRENABAQUE,consulta externa,nuevas en menores de 5 anos,2005-04-01,340,313,340,313,653
SABAYA,consulta externa,nuevas en menores de 5 anos,2005-04-01,40,38,40,38,78
SACABA,consulta externa,nuevas en menores de 5 anos,2005-04-01,1304,1309,1304,1309,2613
SACABAMBA,consulta externa,nuevas en menores de 5 anos,2005-04-01,56,36,56,36,92
SACACA,consulta externa,nuevas en menores de 5 anos,2005-04-01,545,511,545,511,1056
SAIPINA,consulta externa,nuevas en menores de 5 anos,2005-04-01,75,105,75,105,180
SALINAS DE GARCI MENDOZA,consulta externa,nuevas en menores de 5 anos,2005-04-01,145,106,145,106,251
SAMAIPATA,consulta externa,nuevas en menores de 5 anos,2005-04-01,172,160,172,160,332
SAN AGUSTIN,consulta externa,nuevas en menores de 5 anos,2005-04-01,29,41,29,41,70
SAN ANDRES,consulta externa,nuevas en menores de 5 anos,2005-04-01,277,214,277,214,491
SAN ANDRES DE MACHACA,consulta externa,nuevas en menores de 5 anos,2005-04-01,37,31,37,31,68
SAN ANTONIO DE ESMORUCO,consulta externa,nuevas en menores de 5 anos,2005-04-01,51,45,51,45,96
SAN ANTONIO DE LOMERIO,consulta externa,nuevas en menores de 5 anos,2005-04-01,116,93,116,93,209
SAN BENITO,consulta externa,nuevas en menores de 5 anos,2005-04-01,168,173,168,173,341
SAN BORJA,consulta externa,nuevas en menores de 5 anos,2005-04-01,518,461,518,461,979
SAN BUENA VENTURA,consulta externa,nuevas en menores de 5 anos,2005-04-01,183,254,183,254,437
SAN CARLOS,consulta externa,nuevas en menores de 5 anos,2005-04-01,388,370,388,370,758
SAN IGNACIO,consulta externa,nuevas en menores de 5 anos,2005-04-01,498,414,498,414,912
SAN IGNACIO DE VELASCO,consulta externa,nuevas en menores de 5 anos,2005-04-01,905,867,905,867,1772
SAN JAVIER(BNI),consulta externa,nuevas en menores de 5 anos,2005-04-01,57,38,57,38,95
SAN JAVIER(STC),consulta externa,nuevas en menores de 5 anos,2005-04-01,120,100,120,100,220
SAN JOAQUIN,consulta externa,nuevas en menores de 5 anos,2005-04-01,106,100,106,100,206
SAN JOSE DE CHIQUITOS,consulta externa,nuevas en menores de 5 anos,2005-04-01,366,322,366,322,688
SAN JUAN DE YAPACANI,consulta externa,nuevas en menores de 5 anos,2005-04-01,254,239,254,239,493
SAN JULIAN,consulta externa,nuevas en menores de 5 anos,2005-04-01,979,953,979,953,1932
SAN LORENZO(PND),consulta externa,nuevas en menores de 5 anos,2005-04-01,184,153,184,153,337
SAN LORENZO(TJA),consulta externa,nuevas en menores de 5 anos,2005-04-01,599,585,599,585,1184
SAN LUCAS,consulta externa,nuevas en menores de 5 anos,2005-04-01,785,769,785,769,1554
SAN MATIAS,consulta externa,nuevas en menores de 5 anos,2005-04-01,260,254,260,254,514
SAN MIGUEL DE VELASCO,consulta externa,nuevas en menores de 5 anos,2005-04-01,210,215,210,215,425
SAN PABLO DE LIPEZ,consulta externa,nuevas en menores de 5 anos,2005-04-01,268,70,268,70,338
SAN PEDRO,consulta externa,nuevas en menores de 5 anos,2005-04-01,533,536,533,536,1069
SAN PEDRO DE BUENA VISTA,consulta externa,nuevas en menores de 5 anos,2005-04-01,480,453,480,453,933
SAN PEDRO DE CURAHUARA,consulta externa,nuevas en menores de 5 anos,2005-04-01,59,38,59,38,97
SAN PEDRO DE QUEMES,consulta externa,nuevas en menores de 5 anos,2005-04-01,3,9,3,9,12
SAN PEDRO DE TIQUINA,consulta externa,nuevas en menores de 5 anos,2005-04-01,32,29,32,29,61
SAN PEDRO(PND),consulta externa,nuevas en menores de 5 anos,2005-04-01,40,55,40,55,95
SAN RAFAEL,consulta externa,nuevas en menores de 5 anos,2005-04-01,108,108,108,108,216
SAN RAMON,consulta externa,nuevas en menores de 5 anos,2005-04-01,162,120,162,120,282
SAN RAMON,consulta externa,nuevas en menores de 5 anos,2005-04-01,163,125,163,125,288
SANTA ANA,consulta externa,nuevas en menores de 5 anos,2005-04-01,289,253,289,253,542
SANTA CRUZ DE LA SIERRA,consulta externa,nuevas en menores de 5 anos,2005-04-01,18382,17776,18382,17776,36158
SANTA ROSA,consulta externa,nuevas en menores de 5 anos,2005-04-01,175,155,175,155,330
SANTA ROSA DEL SARA,consulta externa,nuevas en menores de 5 anos,2005-04-01,588,625,588,625,1213
SANTIAGO DE CALLAPA,consulta externa,nuevas en menores de 5 anos,2005-04-01,69,58,69,58,127
SANTIAGO DE HUARI,consulta externa,nuevas en menores de 5 anos,2005-04-01,88,98,88,98,186
SANTIAGO DE MACHACA,consulta externa,nuevas en menores de 5 anos,2005-04-01,32,12,32,12,44
SANTIVAÑES,consulta externa,nuevas en menores de 5 anos,2005-04-01,83,69,83,69,152
SANTUARIO DE QUILLACAS,consulta externa,nuevas en menores de 5 anos,2005-04-01,34,27,34,27,61
SAPAHAQUI,consulta externa,nuevas en menores de 5 anos,2005-04-01,128,104,128,104,232
SENA,consulta externa,nuevas en menores de 5 anos,2005-04-01,78,73,78,73,151
SICA SICA (VILLA AROMA),consulta externa,nuevas en menores de 5 anos,2005-04-01,140,115,140,115,255
SICAYA,consulta externa,nuevas en menores de 5 anos,2005-04-01,54,18,54,18,72
SIPE SIPE,consulta externa,nuevas en menores de 5 anos,2005-04-01,497,401,497,401,898
SOPACHUY,consulta externa,nuevas en menores de 5 anos,2005-04-01,188,236,188,236,424
SORACACHI,consulta externa,nuevas en menores de 5 anos,2005-04-01,102,76,102,76,178
SORATA,consulta externa,nuevas en menores de 5 anos,2005-04-01,167,173,167,173,340
SUCRE,consulta externa,nuevas en menores de 5 anos,2005-04-01,6037,5869,6037,5869,11906
TACACHI,consulta externa,nuevas en menores de 5 anos,2005-04-01,14,23,14,23,37
TACACOMA,consulta externa,nuevas en menores de 5 anos,2005-04-01,56,46,56,46,102
TACOBAMBA,consulta externa,nuevas en menores de 5 anos,2005-04-01,210,161,210,161,371
TACOPAYA,consulta externa,nuevas en menores de 5 anos,2005-04-01,191,173,191,173,364
TAHUA,consulta externa,nuevas en menores de 5 anos,2005-04-01,14,19,14,19,33
TAPACARI,consulta externa,nuevas en menores de 5 anos,2005-04-01,419,456,419,456,875
TARABUCO,consulta externa,nuevas en menores de 5 anos,2005-04-01,585,579,585,579,1164
TARACO,consulta externa,nuevas en menores de 5 anos,2005-04-01,36,38,36,38,74
TARATA,consulta externa,nuevas en menores de 5 anos,2005-04-01,137,136,137,136,273
TARIJA,consulta externa,nuevas en menores de 5 anos,2005-04-01,3809,3544,3809,3544,7353
TARVITA,consulta externa,nuevas en menores de 5 anos,2005-04-01,485,467,485,467,952
TEOPONTE,consulta externa,nuevas en menores de 5 anos,2005-04-01,108,155,108,155,263
TIAWANACU,consulta externa,nuevas en menores de 5 anos,2005-04-01,58,73,58,73,131
TINGUIPAYA,consulta externa,nuevas en menores de 5 anos,2005-04-01,287,245,287,245,532
TIPUANI,consulta externa,nuevas en menores de 5 anos,2005-04-01,44,34,44,34,78
TIQUIPAYA,consulta externa,nuevas en menores de 5 anos,2005-04-01,608,494,608,494,1102
TIRAQUE (CBBA),consulta externa,nuevas en menores de 5 anos,2005-04-01,861,837,861,837,1698
TITO YUPANQUI (PARQUIPUJIO),consulta externa,nuevas en menores de 5 anos,2005-04-01,22,28,22,28,50
TOCO,consulta externa,nuevas en menores de 5 anos,2005-04-01,60,45,60,45,105
TODOS SANTOS,consulta externa,nuevas en menores de 5 anos,2005-04-01,3,2,3,2,5
TOLATA,consulta externa,nuevas en menores de 5 anos,2005-04-01,85,59,85,59,144
TOLEDO,consulta externa,nuevas en menores de 5 anos,2005-04-01,113,76,113,76,189
TOMAVE,consulta externa,nuevas en menores de 5 anos,2005-04-01,138,142,138,142,280
TOMINA,consulta externa,nuevas en menores de 5 anos,2005-04-01,237,211,237,211,448
TORO TORO,consulta externa,nuevas en menores de 5 anos,2005-04-01,254,235,254,235,489
TOTORA(CBBA),consulta externa,nuevas en menores de 5 anos,2005-04-01,324,328,324,328,652
TOTORA(ORR),consulta externa,nuevas en menores de 5 anos,2005-04-01,57,62,57,62,119
TRIGAL,consulta externa,nuevas en menores de 5 anos,2005-04-01,25,35,25,35,60
TRINIDAD,consulta externa,nuevas en menores de 5 anos,2005-04-01,2135,1840,2135,1840,3975
TUPIZA,consulta externa,nuevas en menores de 5 anos,2005-04-01,1147,804,1147,804,1951
TURCO,consulta externa,nuevas en menores de 5 anos,2005-04-01,62,33,62,33,95
UMALA,consulta externa,nuevas en menores de 5 anos,2005-04-01,79,87,79,87,166
UNCIA,consulta externa,nuevas en menores de 5 anos,2005-04-01,539,501,539,501,1040
URIONDO (A. CONCEPCION),consulta externa,nuevas en menores de 5 anos,2005-04-01,328,279,328,279,607
URUBICHA,consulta externa,nuevas en menores de 5 anos,2005-04-01,169,169,169,169,338
UYUNI,consulta externa,nuevas en menores de 5 anos,2005-04-01,267,246,267,246,513
VACAS,consulta externa,nuevas en menores de 5 anos,2005-04-01,195,170,195,170,365
VALLEGRANDE,consulta externa,nuevas en menores de 5 anos,2005-04-01,256,236,256,236,492
VIACHA,consulta externa,nuevas en menores de 5 anos,2005-04-01,481,243,481,243,724
VILA VILA,consulta externa,nuevas en menores de 5 anos,2005-04-01,61,66,61,66,127
VILLA MONTES,consulta externa,nuevas en menores de 5 anos,2005-04-01,688,570,688,570,1258
VILLA NUEVA (LOMA ALTA),consulta externa,nuevas en menores de 5 anos,2005-04-01,54,45,54,45,99
VILLA RIVERO,consulta externa,nuevas en menores de 5 anos,2005-04-01,63,49,63,49,112
VILLA SERRANO,consulta externa,nuevas en menores de 5 anos,2005-04-01,357,300,357,300,657
VILLA TUNARI,consulta externa,nuevas en menores de 5 anos,2005-04-01,1719,1381,1719,1381,3100
VILLA VACA GUZMAN (MUYUPAMPA),consulta externa,nuevas en menores de 5 anos,2005-04-01,205,271,205,271,476
VILLAZON,consulta externa,nuevas en menores de 5 anos,2005-04-01,827,778,827,778,1605
VINTO,consulta externa,nuevas en menores de 5 anos,2005-04-01,318,271,318,271,589
VITICHI,consulta externa,nuevas en menores de 5 anos,2005-04-01,190,174,190,174,364
WALDO BALLIVIAN,consulta externa,nuevas en menores de 5 anos,2005-04-01,22,41,22,41,63
WARNES,consulta externa,nuevas en menores de 5 anos,2005-04-01,1486,866,1486,866,2352
YACO,consulta externa,nuevas en menores de 5 anos,2005-04-01,90,76,90,76,166
YACUIBA,consulta externa,nuevas en menores de 5 anos,2005-04-01,1510,1450,1510,1450,2960
YAMPARAEZ,consulta externa,nuevas en menores de 5 anos,2005-04-01,151,143,151,143,294
YANACACHI,consulta externa,nuevas en menores de 5 anos,2005-04-01,36,46,36,46,82
YAPACANI,consulta externa,nuevas en menores de 5 anos,2005-04-01,707,636,707,636,1343
YOCALLA,consulta externa,nuevas en menores de 5 anos,2005-04-01,85,66,85,66,151
YOTALA,consulta externa,nuevas en menores de 5 anos,2005-04-01,135,173,135,173,308
YUNCHARA,consulta externa,nuevas en menores de 5 anos,2005-04-01,108,118,108,118,226
ZUDAÑEZ,consulta externa,nuevas en menores de 5 anos,2005-04-01,168,140,168,140,308
ACACIO,consulta externa,nuevas en menores de 5 anos,2005-05-01,237,190,237,190,427
ACHACACHI,consulta externa,nuevas en menores de 5 anos,2005-05-01,416,371,416,371,787
ACHOCALLA,consulta externa,nuevas en menores de 5 anos,2005-05-01,120,121,120,121,241
AIQUILE,consulta externa,nuevas en menores de 5 anos,2005-05-01,353,356,353,356,709
ALALAY,consulta externa,nuevas en menores de 5 anos,2005-05-01,55,37,55,37,92
ALCALA,consulta externa,nuevas en menores de 5 anos,2005-05-01,94,116,94,116,210
ANCORAIMES,consulta externa,nuevas en menores de 5 anos,2005-05-01,190,173,190,173,363
ANDAMARCA,consulta externa,nuevas en menores de 5 anos,2005-05-01,68,60,68,60,128
ANTEQUERA,consulta externa,nuevas en menores de 5 anos,2005-05-01,41,51,41,51,92
ANZALDO,consulta externa,nuevas en menores de 5 anos,2005-05-01,116,122,116,122,238
APOLO,consulta externa,nuevas en menores de 5 anos,2005-05-01,248,240,248,240,488
ARAMPAMPA,consulta externa,nuevas en menores de 5 anos,2005-05-01,138,158,138,158,296
ARANI,consulta externa,nuevas en menores de 5 anos,2005-05-01,126,115,126,115,241
ARBIETO,consulta externa,nuevas en menores de 5 anos,2005-05-01,76,53,76,53,129
ARQUE,consulta externa,nuevas en menores de 5 anos,2005-05-01,161,142,161,142,303
ASCENCION DE GUARAYOS,consulta externa,nuevas en menores de 5 anos,2005-05-01,358,307,358,307,665
ATOCHA,consulta externa,nuevas en menores de 5 anos,2005-05-01,675,263,675,263,938
AUCAPATA,consulta externa,nuevas en menores de 5 anos,2005-05-01,124,110,124,110,234
AYATA,consulta externa,nuevas en menores de 5 anos,2005-05-01,124,98,124,98,222
AYO AYO,consulta externa,nuevas en menores de 5 anos,2005-05-01,73,65,73,65,138
AYOPAYA (V. DE INDEPENDENCIA),consulta externa,nuevas en menores de 5 anos,2005-05-01,581,536,581,536,1117
AZURDUY,consulta externa,nuevas en menores de 5 anos,2005-05-01,423,409,423,409,832
BATALLAS,consulta externa,nuevas en menores de 5 anos,2005-05-01,126,104,126,104,230
BAURES,consulta externa,nuevas en menores de 5 anos,2005-05-01,79,98,79,98,177
BELEN DE ANDAMARCA,consulta externa,nuevas en menores de 5 anos,2005-05-01,10,7,10,7,17
BELEN DE URMIRI,consulta externa,nuevas en menores de 5 anos,2005-05-01,46,40,46,40,86
BELLA FLOR,consulta externa,nuevas en menores de 5 anos,2005-05-01,103,129,103,129,232
BERMEJO,consulta externa,nuevas en menores de 5 anos,2005-05-01,764,625,764,625,1389
BETANZOS,consulta externa,nuevas en menores de 5 anos,2005-05-01,620,578,620,578,1198
BOLIVAR,consulta externa,nuevas en menores de 5 anos,2005-05-01,143,138,143,138,281
BOLPEBRA,consulta externa,nuevas en menores de 5 anos,2005-05-01,52,45,52,45,97
BOYUIBE,consulta externa,nuevas en menores de 5 anos,2005-05-01,103,83,103,83,186
BUENA VISTA,consulta externa,nuevas en menores de 5 anos,2005-05-01,275,240,275,240,515
CABEZAS,consulta externa,nuevas en menores de 5 anos,2005-05-01,384,293,384,293,677
CAIROMA,consulta externa,nuevas en menores de 5 anos,2005-05-01,156,237,156,237,393
"CAIZA ""D""",consulta externa,nuevas en menores de 5 anos,2005-05-01,150,126,150,126,276
CAJUATA,consulta externa,nuevas en menores de 5 anos,2005-05-01,187,150,187,150,337
CALACOTO,consulta externa,nuevas en menores de 5 anos,2005-05-01,40,41,40,41,81
CALAMARCA,consulta externa,nuevas en menores de 5 anos,2005-05-01,171,186,171,186,357
CAMARGO,consulta externa,nuevas en menores de 5 anos,2005-05-01,389,287,389,287,676
CAMATAQUI (C. VILLA ABECIA),consulta externa,nuevas en menores de 5 anos,2005-05-01,82,48,82,48,130
CAMIRI,consulta externa,nuevas en menores de 5 anos,2005-05-01,1115,924,1115,924,2039
CAPINOTA,consulta externa,nuevas en menores de 5 anos,2005-05-01,349,308,349,308,657
CAQUIAVIRI,consulta externa,nuevas en menores de 5 anos,2005-05-01,168,107,168,107,275
CARACOLLO,consulta externa,nuevas en menores de 5 anos,2005-05-01,335,260,335,260,595
CARANAVI,consulta externa,nuevas en menores de 5 anos,2005-05-01,1064,943,1064,943,2007
CARANGAS,consulta externa,nuevas en menores de 5 anos,2005-05-01,1,1,1,1,2
CARAPARI,consulta externa,nuevas en menores de 5 anos,2005-05-01,193,172,193,172,365
CARIPUYO,consulta externa,nuevas en menores de 5 anos,2005-05-01,287,269,287,269,556
CARMEN RIVERO TORREZ,consulta externa,nuevas en menores de 5 anos,2005-05-01,47,36,47,36,83
CATACORA,consulta externa,nuevas en menores de 5 anos,2005-05-01,31,22,31,22,53
CHACARILLA,consulta externa,nuevas en menores de 5 anos,2005-05-01,9,14,9,14,23
CHALLAPATA,consulta externa,nuevas en menores de 5 anos,2005-05-01,409,353,409,353,762
CHAQUI,consulta externa,nuevas en menores de 5 anos,2005-05-01,113,125,113,125,238
CHARAGUA,consulta externa,nuevas en menores de 5 anos,2005-05-01,516,591,516,591,1107
CHARAÑA,consulta externa,nuevas en menores de 5 anos,2005-05-01,52,45,52,45,97
CHAYANTA,consulta externa,nuevas en menores de 5 anos,2005-05-01,304,245,304,245,549
CHIMORE,consulta externa,nuevas en menores de 5 anos,2005-05-01,551,484,551,484,1035
CHIPAYA,consulta externa,nuevas en menores de 5 anos,2005-05-01,25,20,25,20,45
CHOQUE COTA,consulta externa,nuevas en menores de 5 anos,2005-05-01,22,19,22,19,41
CHULUMANI (V. DE LA LIBERTAD),consulta externa,nuevas en menores de 5 anos,2005-05-01,261,266,261,266,527
CHUMA,consulta externa,nuevas en menores de 5 anos,2005-05-01,131,116,131,116,247
CLIZA,consulta externa,nuevas en menores de 5 anos,2005-05-01,242,211,242,211,453
COBIJA,consulta externa,nuevas en menores de 5 anos,2005-05-01,649,775,649,775,1424
COCHABAMBA,consulta externa,nuevas en menores de 5 anos,2005-05-01,9561,8775,9561,8775,18336
COIPASA,consulta externa,nuevas en menores de 5 anos,2005-05-01,19,20,19,20,39
COLCAPIRHUA,consulta externa,nuevas en menores de 5 anos,2005-05-01,556,488,556,488,1044
"COLCHA ""K""",consulta externa,nuevas en menores de 5 anos,2005-05-01,181,200,181,200,381
COLLANA,consulta externa,nuevas en menores de 5 anos,2005-05-01,45,49,45,49,94
COLOMI,consulta externa,nuevas en menores de 5 anos,2005-05-01,384,356,384,356,740
COLPA BELGICA,consulta externa,nuevas en menores de 5 anos,2005-05-01,136,130,136,130,266
COLQUECHACA,consulta externa,nuevas en menores de 5 anos,2005-05-01,862,695,862,695,1557
COLQUENCHA,consulta externa,nuevas en menores de 5 anos,2005-05-01,84,88,84,88,172
COLQUIRI,consulta externa,nuevas en menores de 5 anos,2005-05-01,359,329,359,329,688
COMANCHE,consulta externa,nuevas en menores de 5 anos,2005-05-01,27,21,27,21,48
COMARAPA,consulta externa,nuevas en menores de 5 anos,2005-05-01,250,218,250,218,468
COMBAYA,consulta externa,nuevas en menores de 5 anos,2005-05-01,40,26,40,26,66
CONCEPCION,consulta externa,nuevas en menores de 5 anos,2005-05-01,197,198,197,198,395
COPACABANA,consulta externa,nuevas en menores de 5 anos,2005-05-01,87,72,87,72,159
CORIPATA,consulta externa,nuevas en menores de 5 anos,2005-05-01,226,192,226,192,418
CORO CORO,consulta externa,nuevas en menores de 5 anos,2005-05-01,105,99,105,99,204
COROICO,consulta externa,nuevas en menores de 5 anos,2005-05-01,174,173,174,173,347
CORQUE,consulta externa,nuevas en menores de 5 anos,2005-05-01,113,127,113,127,240
COTAGAITA,consulta externa,nuevas en menores de 5 anos,2005-05-01,727,625,727,625,1352
COTOCA,consulta externa,nuevas en menores de 5 anos,2005-05-01,664,498,664,498,1162
CUATRO CAÑADAS,consulta externa,nuevas en menores de 5 anos,2005-05-01,363,264,363,264,627
CUCHUMUELA (V. G. VILLARROEL),consulta externa,nuevas en menores de 5 anos,2005-05-01,39,19,39,19,58
CUEVO,consulta externa,nuevas en menores de 5 anos,2005-05-01,82,102,82,102,184
CULPINA,consulta externa,nuevas en menores de 5 anos,2005-05-01,546,513,546,513,1059
CURAHUARA DE CARANGAS,consulta externa,nuevas en menores de 5 anos,2005-05-01,81,57,81,57,138
CURVA,consulta externa,nuevas en menores de 5 anos,2005-05-01,32,23,32,23,55
DESAGUADERO,consulta externa,nuevas en menores de 5 anos,2005-05-01,60,44,60,44,104
EL ALTO,consulta externa,nuevas en menores de 5 anos,2005-05-01,11408,9833,11408,9833,21241
EL CHORO,consulta externa,nuevas en menores de 5 anos,2005-05-01,33,36,33,36,69
EL PUENTE(STC),consulta externa,nuevas en menores de 5 anos,2005-05-01,203,189,203,189,392
EL PUENTE(TJA),consulta externa,nuevas en menores de 5 anos,2005-05-01,227,170,227,170,397
EL TORNO,consulta externa,nuevas en menores de 5 anos,2005-05-01,1080,1060,1080,1060,2140
EL VILLAR,consulta externa,nuevas en menores de 5 anos,2005-05-01,221,189,221,189,410
ENTRE RIOS,consulta externa,nuevas en menores de 5 anos,2005-05-01,411,391,411,391,802
ENTRE RIOS,consulta externa,nuevas en menores de 5 anos,2005-05-01,364,362,364,362,726
ESCARA,consulta externa,nuevas en menores de 5 anos,2005-05-01,4,5,4,5,9
EUCALIPTUS,consulta externa,nuevas en menores de 5 anos,2005-05-01,393,183,393,183,576
EUREKA (SANTOS MERCADO),consulta externa,nuevas en menores de 5 anos,2005-05-01,19,24,19,24,43
EXALTACION,consulta externa,nuevas en menores de 5 anos,2005-05-01,42,53,42,53,95
FERNANDEZ ALONSO,consulta externa,nuevas en menores de 5 anos,2005-05-01,368,358,368,358,726
FILADELFIA,consulta externa,nuevas en menores de 5 anos,2005-05-01,91,128,91,128,219
GENERAL SAAVEDRA,consulta externa,nuevas en menores de 5 anos,2005-05-01,660,553,660,553,1213
GRAL. J.J. PEREZ (CHARAZANI),consulta externa,nuevas en menores de 5 anos,2005-05-01,174,133,174,133,307
GUANAY,consulta externa,nuevas en menores de 5 anos,2005-05-01,392,306,392,306,698
GUAQUI,consulta externa,nuevas en menores de 5 anos,2005-05-01,40,42,40,42,82
GUAYARAMERIN,consulta externa,nuevas en menores de 5 anos,2005-05-01,933,977,933,977,1910
GUTIERREZ,consulta externa,nuevas en menores de 5 anos,2005-05-01,534,462,534,462,996
HUACARETA,consulta externa,nuevas en menores de 5 anos,2005-05-01,299,260,299,260,559
HUACAYA (VILLA DE HUACAYA),consulta externa,nuevas en menores de 5 anos,2005-05-01,89,94,89,94,183
HUACHACALLA,consulta externa,nuevas en menores de 5 anos,2005-05-01,29,20,29,20,49
HUANUNI,consulta externa,nuevas en menores de 5 anos,2005-05-01,506,356,506,356,862
HUARACAJE,consulta externa,nuevas en menores de 5 anos,2005-05-01,77,75,77,75,152
HUAYLLAMARCA,consulta externa,nuevas en menores de 5 anos,2005-05-01,174,74,174,74,248
ICHOCA,consulta externa,nuevas en menores de 5 anos,2005-05-01,60,59,60,59,119
ICLA,consulta externa,nuevas en menores de 5 anos,2005-05-01,294,300,294,300,594
INCAHUASI,consulta externa,nuevas en menores de 5 anos,2005-05-01,593,639,593,639,1232
INGAVI (HUMAITA),consulta externa,nuevas en menores de 5 anos,2005-05-01,14,12,14,12,26
INQUISIVI,consulta externa,nuevas en menores de 5 anos,2005-05-01,148,153,148,153,301
IRUPANA (VILLA DE LANZA),consulta externa,nuevas en menores de 5 anos,2005-05-01,316,263,316,263,579
IXIAMAS,consulta externa,nuevas en menores de 5 anos,2005-05-01,301,184,301,184,485
JESUS DE MACHACA,consulta externa,nuevas en menores de 5 anos,2005-05-01,179,106,179,106,285
LA ASUNTA,consulta externa,nuevas en menores de 5 anos,2005-05-01,480,471,480,471,951
LA GUARDIA,consulta externa,nuevas en menores de 5 anos,2005-05-01,765,691,765,691,1456
LA PAZ,consulta externa,nuevas en menores de 5 anos,2005-05-01,15612,14494,15612,14494,30106
LA RIVERA,consulta externa,nuevas en menores de 5 anos,2005-05-01,1,2,1,2,3
LAGUNILLAS,consulta externa,nuevas en menores de 5 anos,2005-05-01,186,183,186,183,369
LAJA,consulta externa,nuevas en menores de 5 anos,2005-05-01,149,125,149,125,274
LAS CARRERAS,consulta externa,nuevas en menores de 5 anos,2005-05-01,64,57,64,57,121
LICOMA PAMPA,consulta externa,nuevas en menores de 5 anos,2005-05-01,25,31,25,31,56
LLALLAGUA,consulta externa,nuevas en menores de 5 anos,2005-05-01,693,561,693,561,1254
LLICA,consulta externa,nuevas en menores de 5 anos,2005-05-01,72,78,72,78,150
LORETO,consulta externa,nuevas en menores de 5 anos,2005-05-01,64,48,64,48,112
LURIBAY,consulta externa,nuevas en menores de 5 anos,2005-05-01,176,168,176,168,344
MACHACAMARCA,consulta externa,nuevas en menores de 5 anos,2005-05-01,48,64,48,64,112
MACHARETI,consulta externa,nuevas en menores de 5 anos,2005-05-01,350,356,350,356,706
MAGDALENA,consulta externa,nuevas en menores de 5 anos,2005-05-01,181,155,181,155,336
MAIRANA,consulta externa,nuevas en menores de 5 anos,2005-05-01,155,117,155,117,272
MALLA,consulta externa,nuevas en menores de 5 anos,2005-05-01,8,13,8,13,21
MAPIRI,consulta externa,nuevas en menores de 5 anos,2005-05-01,290,294,290,294,584
MECAPACA,consulta externa,nuevas en menores de 5 anos,2005-05-01,170,145,170,145,315
MINEROS,consulta externa,nuevas en menores de 5 anos,2005-05-01,439,368,439,368,807
MIZQUE,consulta externa,nuevas en menores de 5 anos,2005-05-01,342,327,342,327,669
MOCOMOCO,consulta externa,nuevas en menores de 5 anos,2005-05-01,183,147,183,147,330
MOJINETE,consulta externa,nuevas en menores de 5 anos,2005-05-01,32,15,32,15,47
MOJOCOYA,consulta externa,nuevas en menores de 5 anos,2005-05-01,139,123,139,123,262
MONTEAGUDO,consulta externa,nuevas en menores de 5 anos,2005-05-01,677,631,677,631,1308
MONTERO,consulta externa,nuevas en menores de 5 anos,2005-05-01,1765,1546,1765,1546,3311
MORO MORO,consulta externa,nuevas en menores de 5 anos,2005-05-01,51,39,51,39,90
MOROCHATA,consulta externa,nuevas en menores de 5 anos,2005-05-01,269,261,269,261,530
NACEBE (SANTA ROSA DEL ABUNA),consulta externa,nuevas en menores de 5 anos,2005-05-01,61,68,61,68,129
NAZACARA DE PACAJES,consulta externa,nuevas en menores de 5 anos,2005-05-01,8,3,8,3,11
NUEVO MANOA (NUEVA ESPERANZA),consulta externa,nuevas en menores de 5 anos,2005-05-01,31,18,31,18,49
OCURI,consulta externa,nuevas en menores de 5 anos,2005-05-01,536,468,536,468,1004
OKINAWA,consulta externa,nuevas en menores de 5 anos,2005-05-01,268,276,268,276,544
OMEREQUE,consulta externa,nuevas en menores de 5 anos,2005-05-01,76,100,76,100,176
ORURO,consulta externa,nuevas en menores de 5 anos,2005-05-01,4968,4740,4968,4740,9708
PADCAYA,consulta externa,nuevas en menores de 5 anos,2005-05-01,388,388,388,388,776
PADILLA,consulta externa,nuevas en menores de 5 anos,2005-05-01,318,271,318,271,589
PAILON,consulta externa,nuevas en menores de 5 anos,2005-05-01,419,337,419,337,756
PALCA,consulta externa,nuevas en menores de 5 anos,2005-05-01,127,116,127,116,243
PALOS BLANCOS,consulta externa,nuevas en menores de 5 anos,2005-05-01,587,560,587,560,1147
PAMPA AULLAGAS,consulta externa,nuevas en menores de 5 anos,2005-05-01,32,23,32,23,55
PAMPA GRANDE,consulta externa,nuevas en menores de 5 anos,2005-05-01,210,156,210,156,366
PAPEL PAMPA,consulta externa,nuevas en menores de 5 anos,2005-05-01,62,49,62,49,111
PASORAPA,consulta externa,nuevas en menores de 5 anos,2005-05-01,32,20,32,20,52
PATACAMAYA,consulta externa,nuevas en menores de 5 anos,2005-05-01,269,257,269,257,526
PAZÑA,consulta externa,nuevas en menores de 5 anos,2005-05-01,142,140,142,140,282
PELECHUCO,consulta externa,nuevas en menores de 5 anos,2005-05-01,82,90,82,90,172
POCOATA,consulta externa,nuevas en menores de 5 anos,2005-05-01,490,475,490,475,965
POCONA,consulta externa,nuevas en menores de 5 anos,2005-05-01,197,166,197,166,363
POJO (CBBA),consulta externa,nuevas en menores de 5 anos,2005-05-01,255,233,255,233,488
POOPO,consulta externa,nuevas en menores de 5 anos,2005-05-01,63,53,63,53,116
PORCO,consulta externa,nuevas en menores de 5 anos,2005-05-01,127,129,127,129,256
POROMA,consulta externa,nuevas en menores de 5 anos,2005-05-01,337,378,337,378,715
PORONGO,consulta externa,nuevas en menores de 5 anos,2005-05-01,183,141,183,141,324
PORTACHUELO,consulta externa,nuevas en menores de 5 anos,2005-05-01,421,415,421,415,836
PORVENIR,consulta externa,nuevas en menores de 5 anos,2005-05-01,95,91,95,91,186
POSTRER VALLE,consulta externa,nuevas en menores de 5 anos,2005-05-01,35,28,35,28,63
POTOSI,consulta externa,nuevas en menores de 5 anos,2005-05-01,3007,2566,3007,2566,5573
PRESTO,consulta externa,nuevas en menores de 5 anos,2005-05-01,274,286,274,286,560
PUCARA,consulta externa,nuevas en menores de 5 anos,2005-05-01,23,5,23,5,28
PUCARANI,consulta externa,nuevas en menores de 5 anos,2005-05-01,233,218,233,218,451
PUERTO ACOSTA,consulta externa,nuevas en menores de 5 anos,2005-05-01,173,179,173,179,352
PUERTO CARABUCO,consulta externa,nuevas en menores de 5 anos,2005-05-01,198,142,198,142,340
PUERTO GONZALO MORENO,consulta externa,nuevas en menores de 5 anos,2005-05-01,99,87,99,87,186
PUERTO PEREZ,consulta externa,nuevas en menores de 5 anos,2005-05-01,63,48,63,48,111
PUERTO QUIJARRO,consulta externa,nuevas en menores de 5 anos,2005-05-01,272,247,272,247,519
PUERTO RICO,consulta externa,nuevas en menores de 5 anos,2005-05-01,178,163,178,163,341
PUERTO SILES,consulta externa,nuevas en menores de 5 anos,2005-05-01,56,58,56,58,114
PUERTO SUAREZ,consulta externa,nuevas en menores de 5 anos,2005-05-01,511,454,511,454,965
PUERTO VILLARROEL,consulta externa,nuevas en menores de 5 anos,2005-05-01,1259,1138,1259,1138,2397
PUNA,consulta externa,nuevas en menores de 5 anos,2005-05-01,538,505,538,505,1043
PUNATA,consulta externa,nuevas en menores de 5 anos,2005-05-01,275,276,275,276,551
QUIABAYA,consulta externa,nuevas en menores de 5 anos,2005-05-01,30,21,30,21,51
QUILLACOLLO,consulta externa,nuevas en menores de 5 anos,2005-05-01,999,830,999,830,1829
QUIME,consulta externa,nuevas en menores de 5 anos,2005-05-01,136,123,136,123,259
QUIRUSILLAS,consulta externa,nuevas en menores de 5 anos,2005-05-01,28,40,28,40,68
RAVELO,consulta externa,nuevas en menores de 5 anos,2005-05-01,613,585,613,585,1198
REYES,consulta externa,nuevas en menores de 5 anos,2005-05-01,325,274,325,274,599
RIBERALTA,consulta externa,nuevas en menores de 5 anos,2005-05-01,1647,1582,1647,1582,3229
ROBORE,consulta externa,nuevas en menores de 5 anos,2005-05-01,345,331,345,331,676
RURRENABAQUE,consulta externa,nuevas en menores de 5 anos,2005-05-01,408,348,408,348,756
SABAYA,consulta externa,nuevas en menores de 5 anos,2005-05-01,51,49,51,49,100
SACABA,consulta externa,nuevas en menores de 5 anos,2005-05-01,1203,1033,1203,1033,2236
SACABAMBA,consulta externa,nuevas en menores de 5 anos,2005-05-01,79,68,79,68,147
SACACA,consulta externa,nuevas en menores de 5 anos,2005-05-01,1882,431,1882,431,2313
SAIPINA,consulta externa,nuevas en menores de 5 anos,2005-05-01,112,145,112,145,257
SALINAS DE GARCI MENDOZA,consulta externa,nuevas en menores de 5 anos,2005-05-01,249,233,249,233,482
SAMAIPATA,consulta externa,nuevas en menores de 5 anos,2005-05-01,142,104,142,104,246
SAN AGUSTIN,consulta externa,nuevas en menores de 5 anos,2005-05-01,35,31,35,31,66
SAN ANDRES,consulta externa,nuevas en menores de 5 anos,2005-05-01,231,217,231,217,448
SAN ANDRES DE MACHACA,consulta externa,nuevas en menores de 5 anos,2005-05-01,56,53,56,53,109
SAN ANTONIO DE ESMORUCO,consulta externa,nuevas en menores de 5 anos,2005-05-01,45,29,45,29,74
SAN ANTONIO DE LOMERIO,consulta externa,nuevas en menores de 5 anos,2005-05-01,70,71,70,71,141
SAN BENITO,consulta externa,nuevas en menores de 5 anos,2005-05-01,214,196,214,196,410
SAN BORJA,consulta externa,nuevas en menores de 5 anos,2005-05-01,522,471,522,471,993
SAN BUENA VENTURA,consulta externa,nuevas en menores de 5 anos,2005-05-01,188,201,188,201,389
SAN CARLOS,consulta externa,nuevas en menores de 5 anos,2005-05-01,365,348,365,348,713
SAN IGNACIO,consulta externa,nuevas en menores de 5 anos,2005-05-01,460,372,460,372,832
SAN IGNACIO DE VELASCO,consulta externa,nuevas en menores de 5 anos,2005-05-01,863,856,863,856,1719
SAN JAVIER(BNI),consulta externa,nuevas en menores de 5 anos,2005-05-01,78,47,78,47,125
SAN JAVIER(STC),consulta externa,nuevas en menores de 5 anos,2005-05-01,135,112,135,112,247
SAN JOAQUIN,consulta externa,nuevas en menores de 5 anos,2005-05-01,101,93,101,93,194
SAN JOSE DE CHIQUITOS,consulta externa,nuevas en menores de 5 anos,2005-05-01,412,345,412,345,757
SAN JUAN DE YAPACANI,consulta externa,nuevas en menores de 5 anos,2005-05-01,287,243,287,243,530
SAN JULIAN,consulta externa,nuevas en menores de 5 anos,2005-05-01,935,858,935,858,1793
SAN LORENZO(PND),consulta externa,nuevas en menores de 5 anos,2005-05-01,93,63,93,63,156
SAN LORENZO(TJA),consulta externa,nuevas en menores de 5 anos,2005-05-01,503,514,503,514,1017
SAN LUCAS,consulta externa,nuevas en menores de 5 anos,2005-05-01,790,831,790,831,1621
SAN MATIAS,consulta externa,nuevas en menores de 5 anos,2005-05-01,370,282,370,282,652
SAN MIGUEL DE VELASCO,consulta externa,nuevas en menores de 5 anos,2005-05-01,168,164,168,164,332
SAN PABLO DE LIPEZ,consulta externa,nuevas en menores de 5 anos,2005-05-01,103,115,103,115,218
SAN PEDRO,consulta externa,nuevas en menores de 5 anos,2005-05-01,570,520,570,520,1090
SAN PEDRO DE BUENA VISTA,consulta externa,nuevas en menores de 5 anos,2005-05-01,532,556,532,556,1088
SAN PEDRO DE CURAHUARA,consulta externa,nuevas en menores de 5 anos,2005-05-01,39,37,39,37,76
SAN PEDRO DE QUEMES,consulta externa,nuevas en menores de 5 anos,2005-05-01,6,9,6,9,15
SAN PEDRO DE TIQUINA,consulta externa,nuevas en menores de 5 anos,2005-05-01,36,43,36,43,79
SAN PEDRO(PND),consulta externa,nuevas en menores de 5 anos,2005-05-01,23,23,23,23,46
SAN RAFAEL,consulta externa,nuevas en menores de 5 anos,2005-05-01,141,117,141,117,258
SAN RAMON,consulta externa,nuevas en menores de 5 anos,2005-05-01,119,75,119,75,194
SAN RAMON,consulta externa,nuevas en menores de 5 anos,2005-05-01,163,135,163,135,298
SANTA ANA,consulta externa,nuevas en menores de 5 anos,2005-05-01,243,208,243,208,451
SANTA CRUZ DE LA SIERRA,consulta externa,nuevas en menores de 5 anos,2005-05-01,16545,16716,16545,16716,33261
SANTA ROSA,consulta externa,nuevas en menores de 5 anos,2005-05-01,241,221,241,221,462
SANTA ROSA DEL SARA,consulta externa,nuevas en menores de 5 anos,2005-05-01,476,459,476,459,935
SANTIAGO DE CALLAPA,consulta externa,nuevas en menores de 5 anos,2005-05-01,57,29,57,29,86
SANTIAGO DE HUARI,consulta externa,nuevas en menores de 5 anos,2005-05-01,126,102,126,102,228
SANTIAGO DE MACHACA,consulta externa,nuevas en menores de 5 anos,2005-05-01,35,32,35,32,67
SANTIVAÑES,consulta externa,nuevas en menores de 5 anos,2005-05-01,96,112,96,112,208
SANTUARIO DE QUILLACAS,consulta externa,nuevas en menores de 5 anos,2005-05-01,53,50,53,50,103
SAPAHAQUI,consulta externa,nuevas en menores de 5 anos,2005-05-01,103,96,103,96,199
SENA,consulta externa,nuevas en menores de 5 anos,2005-05-01,150,133,150,133,283
SICA SICA (VILLA AROMA),consulta externa,nuevas en menores de 5 anos,2005-05-01,218,205,218,205,423
SICAYA,consulta externa,nuevas en menores de 5 anos,2005-05-01,59,48,59,48,107
SIPE SIPE,consulta externa,nuevas en menores de 5 anos,2005-05-01,586,512,586,512,1098
SOPACHUY,consulta externa,nuevas en menores de 5 anos,2005-05-01,198,243,198,243,441
SORACACHI,consulta externa,nuevas en menores de 5 anos,2005-05-01,99,93,99,93,192
SORATA,consulta externa,nuevas en menores de 5 anos,2005-05-01,242,237,242,237,479
SUCRE,consulta externa,nuevas en menores de 5 anos,2005-05-01,5658,5362,5658,5362,11020
TACACHI,consulta externa,nuevas en menores de 5 anos,2005-05-01,14,16,14,16,30
TACACOMA,consulta externa,nuevas en menores de 5 anos,2005-05-01,60,57,60,57,117
TACOBAMBA,consulta externa,nuevas en menores de 5 anos,2005-05-01,143,122,143,122,265
TACOPAYA,consulta externa,nuevas en menores de 5 anos,2005-05-01,153,146,153,146,299
TAHUA,consulta externa,nuevas en menores de 5 anos,2005-05-01,12,16,12,16,28
TAPACARI,consulta externa,nuevas en menores de 5 anos,2005-05-01,496,434,496,434,930
TARABUCO,consulta externa,nuevas en menores de 5 anos,2005-05-01,665,690,665,690,1355
TARACO,consulta externa,nuevas en menores de 5 anos,2005-05-01,66,47,66,47,113
TARATA,consulta externa,nuevas en menores de 5 anos,2005-05-01,160,162,160,162,322
TARIJA,consulta externa,nuevas en menores de 5 anos,2005-05-01,9542,3554,9542,3554,13096
TARVITA,consulta externa,nuevas en menores de 5 anos,2005-05-01,762,815,762,815,1577
TEOPONTE,consulta externa,nuevas en menores de 5 anos,2005-05-01,214,212,214,212,426
TIAWANACU,consulta externa,nuevas en menores de 5 anos,2005-05-01,111,146,111,146,257
TINGUIPAYA,consulta externa,nuevas en menores de 5 anos,2005-05-01,276,229,276,229,505
TIPUANI,consulta externa,nuevas en menores de 5 anos,2005-05-01,105,88,105,88,193
TIQUIPAYA,consulta externa,nuevas en menores de 5 anos,2005-05-01,632,482,632,482,1114
TIRAQUE (CBBA),consulta externa,nuevas en menores de 5 anos,2005-05-01,840,760,840,760,1600
TITO YUPANQUI (PARQUIPUJIO),consulta externa,nuevas en menores de 5 anos,2005-05-01,42,40,42,40,82
TOCO,consulta externa,nuevas en menores de 5 anos,2005-05-01,77,49,77,49,126
TOLATA,consulta externa,nuevas en menores de 5 anos,2005-05-01,67,56,67,56,123
TOLEDO,consulta externa,nuevas en menores de 5 anos,2005-05-01,94,114,94,114,208
TOMAVE,consulta externa,nuevas en menores de 5 anos,2005-05-01,221,155,221,155,376
TOMINA,consulta externa,nuevas en menores de 5 anos,2005-05-01,198,221,198,221,419
TORO TORO,consulta externa,nuevas en menores de 5 anos,2005-05-01,328,266,328,266,594
TOTORA(CBBA),consulta externa,nuevas en menores de 5 anos,2005-05-01,247,231,247,231,478
TOTORA(ORR),consulta externa,nuevas en menores de 5 anos,2005-05-01,57,66,57,66,123
TRIGAL,consulta externa,nuevas en menores de 5 anos,2005-05-01,22,25,22,25,47
TRINIDAD,consulta externa,nuevas en menores de 5 anos,2005-05-01,2593,2193,2593,2193,4786
TUPIZA,consulta externa,nuevas en menores de 5 anos,2005-05-01,1791,923,1791,923,2714
TURCO,consulta externa,nuevas en menores de 5 anos,2005-05-01,90,90,90,90,180
UMALA,consulta externa,nuevas en menores de 5 anos,2005-05-01,37,32,37,32,69
UNCIA,consulta externa,nuevas en menores de 5 anos,2005-05-01,3933,761,3933,761,4694
URIONDO (A. CONCEPCION),consulta externa,nuevas en menores de 5 anos,2005-05-01,362,347,362,347,709
URUBICHA,consulta externa,nuevas en menores de 5 anos,2005-05-01,107,117,107,117,224
UYUNI,consulta externa,nuevas en menores de 5 anos,2005-05-01,270,248,270,248,518
VACAS,consulta externa,nuevas en menores de 5 anos,2005-05-01,247,186,247,186,433
VALLEGRANDE,consulta externa,nuevas en menores de 5 anos,2005-05-01,222,265,222,265,487
VIACHA,consulta externa,nuevas en menores de 5 anos,2005-05-01,451,473,451,473,924
VILA VILA,consulta externa,nuevas en menores de 5 anos,2005-05-01,127,85,127,85,212
VILLA MONTES,consulta externa,nuevas en menores de 5 anos,2005-05-01,584,515,584,515,1099
VILLA NUEVA (LOMA ALTA),consulta externa,nuevas en menores de 5 anos,2005-05-01,128,105,128,105,233
VILLA RIVERO,consulta externa,nuevas en menores de 5 anos,2005-05-01,50,57,50,57,107
VILLA SERRANO,consulta externa,nuevas en menores de 5 anos,2005-05-01,329,326,329,326,655
VILLA TUNARI,consulta externa,nuevas en menores de 5 anos,2005-05-01,1727,1556,1727,1556,3283
VILLA VACA GUZMAN (MUYUPAMPA),consulta externa,nuevas en menores de 5 anos,2005-05-01,350,350,350,350,700
VILLAZON,consulta externa,nuevas en menores de 5 anos,2005-05-01,796,789,796,789,1585
VINTO,consulta externa,nuevas en menores de 5 anos,2005-05-01,366,313,366,313,679
VITICHI,consulta externa,nuevas en menores de 5 anos,2005-05-01,192,194,192,194,386
WALDO BALLIVIAN,consulta externa,nuevas en menores de 5 anos,2005-05-01,34,48,34,48,82
WARNES,consulta externa,nuevas en menores de 5 anos,2005-05-01,882,759,882,759,1641
YACO,consulta externa,nuevas en menores de 5 anos,2005-05-01,43,30,43,30,73
YACUIBA,consulta externa,nuevas en menores de 5 anos,2005-05-01,1467,1604,1467,1604,3071
YAMPARAEZ,consulta externa,nuevas en menores de 5 anos,2005-05-01,164,133,164,133,297
YANACACHI,consulta externa,nuevas en menores de 5 anos,2005-05-01,96,68,96,68,164
YAPACANI,consulta externa,nuevas en menores de 5 anos,2005-05-01,643,537,643,537,1180
YOCALLA,consulta externa,nuevas en menores de 5 anos,2005-05-01,85,61,85,61,146
YOTALA,consulta externa,nuevas en menores de 5 anos,2005-05-01,192,231,192,231,423
YUNCHARA,consulta externa,nuevas en menores de 5 anos,2005-05-01,55,62,55,62,117
ZUDAÑEZ,consulta externa,nuevas en menores de 5 anos,2005-05-01,186,182,186,182,368
ACACIO,consulta externa,nuevas en menores de 5 anos,2005-06-01,182,171,182,171,353
ACHACACHI,consulta externa,nuevas en menores de 5 anos,2005-06-01,349,250,349,250,599
ACHOCALLA,consulta externa,nuevas en menores de 5 anos,2005-06-01,75,87,75,87,162
AIQUILE,consulta externa,nuevas en menores de 5 anos,2005-06-01,294,299,294,299,593
ALALAY,consulta externa,nuevas en menores de 5 anos,2005-06-01,42,34,42,34,76
ALCALA,consulta externa,nuevas en menores de 5 anos,2005-06-01,133,108,133,108,241
ANCORAIMES,consulta externa,nuevas en menores de 5 anos,2005-06-01,174,163,174,163,337
ANDAMARCA,consulta externa,nuevas en menores de 5 anos,2005-06-01,55,50,55,50,105
ANTEQUERA,consulta externa,nuevas en menores de 5 anos,2005-06-01,60,71,60,71,131
ANZALDO,consulta externa,nuevas en menores de 5 anos,2005-06-01,116,112,116,112,228
APOLO,consulta externa,nuevas en menores de 5 anos,2005-06-01,248,221,248,221,469
ARAMPAMPA,consulta externa,nuevas en menores de 5 anos,2005-06-01,128,129,128,129,257
ARANI,consulta externa,nuevas en menores de 5 anos,2005-06-01,95,57,95,57,152
ARBIETO,consulta externa,nuevas en menores de 5 anos,2005-06-01,75,60,75,60,135
ARQUE,consulta externa,nuevas en menores de 5 anos,2005-06-01,180,166,180,166,346
ASCENCION DE GUARAYOS,consulta externa,nuevas en menores de 5 anos,2005-06-01,544,563,544,563,1107
ATOCHA,consulta externa,nuevas en menores de 5 anos,2005-06-01,321,259,321,259,580
AUCAPATA,consulta externa,nuevas en menores de 5 anos,2005-06-01,73,74,73,74,147
AYATA,consulta externa,nuevas en menores de 5 anos,2005-06-01,126,123,126,123,249
AYO AYO,consulta externa,nuevas en menores de 5 anos,2005-06-01,68,51,68,51,119
AYOPAYA (V. DE INDEPENDENCIA),consulta externa,nuevas en menores de 5 anos,2005-06-01,466,557,466,557,1023
AZURDUY,consulta externa,nuevas en menores de 5 anos,2005-06-01,479,456,479,456,935
BATALLAS,consulta externa,nuevas en menores de 5 anos,2005-06-01,125,97,125,97,222
BAURES,consulta externa,nuevas en menores de 5 anos,2005-06-01,98,123,98,123,221
BELEN DE ANDAMARCA,consulta externa,nuevas en menores de 5 anos,2005-06-01,9,12,9,12,21
BELEN DE URMIRI,consulta externa,nuevas en menores de 5 anos,2005-06-01,39,46,39,46,85
BELLA FLOR,consulta externa,nuevas en menores de 5 anos,2005-06-01,59,75,59,75,134
BERMEJO,consulta externa,nuevas en menores de 5 anos,2005-06-01,928,865,928,865,1793
BETANZOS,consulta externa,nuevas en menores de 5 anos,2005-06-01,599,523,599,523,1122
BOLIVAR,consulta externa,nuevas en menores de 5 anos,2005-06-01,119,95,119,95,214
BOLPEBRA,consulta externa,nuevas en menores de 5 anos,2005-06-01,36,28,36,28,64
BOYUIBE,consulta externa,nuevas en menores de 5 anos,2005-06-01,98,105,98,105,203
BUENA VISTA,consulta externa,nuevas en menores de 5 anos,2005-06-01,306,243,306,243,549
CABEZAS,consulta externa,nuevas en menores de 5 anos,2005-06-01,380,308,380,308,688
CAIROMA,consulta externa,nuevas en menores de 5 anos,2005-06-01,147,181,147,181,328
"CAIZA ""D""",consulta externa,nuevas en menores de 5 anos,2005-06-01,130,133,130,133,263
CAJUATA,consulta externa,nuevas en menores de 5 anos,2005-06-01,148,124,148,124,272
CALACOTO,consulta externa,nuevas en menores de 5 anos,2005-06-01,33,30,33,30,63
CALAMARCA,consulta externa,nuevas en menores de 5 anos,2005-06-01,132,112,132,112,244
CAMARGO,consulta externa,nuevas en menores de 5 anos,2005-06-01,418,409,418,409,827
CAMATAQUI (C. VILLA ABECIA),consulta externa,nuevas en menores de 5 anos,2005-06-01,72,34,72,34,106
CAMIRI,consulta externa,nuevas en menores de 5 anos,2005-06-01,1054,981,1054,981,2035
CAPINOTA,consulta externa,nuevas en menores de 5 anos,2005-06-01,351,308,351,308,659
CAQUIAVIRI,consulta externa,nuevas en menores de 5 anos,2005-06-01,94,93,94,93,187
CARACOLLO,consulta externa,nuevas en menores de 5 anos,2005-06-01,251,232,251,232,483
CARANAVI,consulta externa,nuevas en menores de 5 anos,2005-06-01,965,871,965,871,1836
CARANGAS,consulta externa,nuevas en menores de 5 anos,2005-06-01,0,3,0,3,3
CARAPARI,consulta externa,nuevas en menores de 5 anos,2005-06-01,222,221,222,221,443
CARIPUYO,consulta externa,nuevas en menores de 5 anos,2005-06-01,199,167,199,167,366
CARMEN RIVERO TORREZ,consulta externa,nuevas en menores de 5 anos,2005-06-01,54,30,54,30,84
CATACORA,consulta externa,nuevas en menores de 5 anos,2005-06-01,18,14,18,14,32
CHACARILLA,consulta externa,nuevas en menores de 5 anos,2005-06-01,7,3,7,3,10
CHALLAPATA,consulta externa,nuevas en menores de 5 anos,2005-06-01,372,354,372,354,726
CHAQUI,consulta externa,nuevas en menores de 5 anos,2005-06-01,119,106,119,106,225
CHARAGUA,consulta externa,nuevas en menores de 5 anos,2005-06-01,653,569,653,569,1222
CHARAÑA,consulta externa,nuevas en menores de 5 anos,2005-06-01,19,26,19,26,45
CHAYANTA,consulta externa,nuevas en menores de 5 anos,2005-06-01,302,306,302,306,608
CHIMORE,consulta externa,nuevas en menores de 5 anos,2005-06-01,464,425,464,425,889
CHIPAYA,consulta externa,nuevas en menores de 5 anos,2005-06-01,29,45,29,45,74
CHOQUE COTA,consulta externa,nuevas en menores de 5 anos,2005-06-01,3,6,3,6,9
CHULUMANI (V. DE LA LIBERTAD),consulta externa,nuevas en menores de 5 anos,2005-06-01,277,255,277,255,532
CHUMA,consulta externa,nuevas en menores de 5 anos,2005-06-01,110,106,110,106,216
CLIZA,consulta externa,nuevas en menores de 5 anos,2005-06-01,202,179,202,179,381
COBIJA,consulta externa,nuevas en menores de 5 anos,2005-06-01,591,518,591,518,1109
COCHABAMBA,consulta externa,nuevas en menores de 5 anos,2005-06-01,7422,6845,7422,6845,14267
COIPASA,consulta externa,nuevas en menores de 5 anos,2005-06-01,14,8,14,8,22
COLCAPIRHUA,consulta externa,nuevas en menores de 5 anos,2005-06-01,458,467,458,467,925
"COLCHA ""K""",consulta externa,nuevas en menores de 5 anos,2005-06-01,182,201,182,201,383
COLLANA,consulta externa,nuevas en menores de 5 anos,2005-06-01,44,35,44,35,79
COLOMI,consulta externa,nuevas en menores de 5 anos,2005-06-01,285,245,285,245,530
COLPA BELGICA,consulta externa,nuevas en menores de 5 anos,2005-06-01,228,145,228,145,373
COLQUECHACA,consulta externa,nuevas en menores de 5 anos,2005-06-01,749,696,749,696,1445
COLQUENCHA,consulta externa,nuevas en menores de 5 anos,2005-06-01,117,93,117,93,210
COLQUIRI,consulta externa,nuevas en menores de 5 anos,2005-06-01,292,314,292,314,606
COMANCHE,consulta externa,nuevas en menores de 5 anos,2005-06-01,42,29,42,29,71
COMARAPA,consulta externa,nuevas en menores de 5 anos,2005-06-01,352,297,352,297,649
COMBAYA,consulta externa,nuevas en menores de 5 anos,2005-06-01,41,30,41,30,71
CONCEPCION,consulta externa,nuevas en menores de 5 anos,2005-06-01,256,212,256,212,468
COPACABANA,consulta externa,nuevas en menores de 5 anos,2005-06-01,62,63,62,63,125
CORIPATA,consulta externa,nuevas en menores de 5 anos,2005-06-01,213,214,213,214,427
CORO CORO,consulta externa,nuevas en menores de 5 anos,2005-06-01,129,83,129,83,212
COROICO,consulta externa,nuevas en menores de 5 anos,2005-06-01,216,132,216,132,348
CORQUE,consulta externa,nuevas en menores de 5 anos,2005-06-01,100,86,100,86,186
COTAGAITA,consulta externa,nuevas en menores de 5 anos,2005-06-01,681,599,681,599,1280
COTOCA,consulta externa,nuevas en menores de 5 anos,2005-06-01,673,554,673,554,1227
CUATRO CAÑADAS,consulta externa,nuevas en menores de 5 anos,2005-06-01,372,254,372,254,626
CUCHUMUELA (V. G. VILLARROEL),consulta externa,nuevas en menores de 5 anos,2005-06-01,30,11,30,11,41
CUEVO,consulta externa,nuevas en menores de 5 anos,2005-06-01,80,109,80,109,189
CULPINA,consulta externa,nuevas en menores de 5 anos,2005-06-01,495,427,495,427,922
CURAHUARA DE CARANGAS,consulta externa,nuevas en menores de 5 anos,2005-06-01,49,38,49,38,87
CURVA,consulta externa,nuevas en menores de 5 anos,2005-06-01,28,29,28,29,57
DESAGUADERO,consulta externa,nuevas en menores de 5 anos,2005-06-01,26,37,26,37,63
EL ALTO,consulta externa,nuevas en menores de 5 anos,2005-06-01,8379,7429,8379,7429,15808
EL CHORO,consulta externa,nuevas en menores de 5 anos,2005-06-01,23,15,23,15,38
EL PUENTE(STC),consulta externa,nuevas en menores de 5 anos,2005-06-01,218,195,218,195,413
EL PUENTE(TJA),consulta externa,nuevas en menores de 5 anos,2005-06-01,235,200,235,200,435
EL TORNO,consulta externa,nuevas en menores de 5 anos,2005-06-01,1026,976,1026,976,2002
EL VILLAR,consulta externa,nuevas en menores de 5 anos,2005-06-01,246,237,246,237,483
ENTRE RIOS,consulta externa,nuevas en menores de 5 anos,2005-06-01,400,324,400,324,724
ENTRE RIOS,consulta externa,nuevas en menores de 5 anos,2005-06-01,335,313,335,313,648
ESCARA,consulta externa,nuevas en menores de 5 anos,2005-06-01,3,4,3,4,7
EUCALIPTUS,consulta externa,nuevas en menores de 5 anos,2005-06-01,230,127,230,127,357
EUREKA (SANTOS MERCADO),consulta externa,nuevas en menores de 5 anos,2005-06-01,4,13,4,13,17
EXALTACION,consulta externa,nuevas en menores de 5 anos,2005-06-01,46,58,46,58,104
FERNANDEZ ALONSO,consulta externa,nuevas en menores de 5 anos,2005-06-01,495,506,495,506,1001
FILADELFIA,consulta externa,nuevas en menores de 5 anos,2005-06-01,95,113,95,113,208
GENERAL SAAVEDRA,consulta externa,nuevas en menores de 5 anos,2005-06-01,630,581,630,581,1211
GRAL. J.J. PEREZ (CHARAZANI),consulta externa,nuevas en menores de 5 anos,2005-06-01,138,139,138,139,277
GUANAY,consulta externa,nuevas en menores de 5 anos,2005-06-01,341,278,341,278,619
GUAQUI,consulta externa,nuevas en menores de 5 anos,2005-06-01,36,44,36,44,80
GUAYARAMERIN,consulta externa,nuevas en menores de 5 anos,2005-06-01,925,892,925,892,1817
GUTIERREZ,consulta externa,nuevas en menores de 5 anos,2005-06-01,640,443,640,443,1083
HUACARETA,consulta externa,nuevas en menores de 5 anos,2005-06-01,278,270,278,270,548
HUACAYA (VILLA DE HUACAYA),consulta externa,nuevas en menores de 5 anos,2005-06-01,53,65,53,65,118
HUACHACALLA,consulta externa,nuevas en menores de 5 anos,2005-06-01,12,7,12,7,19
HUANUNI,consulta externa,nuevas en menores de 5 anos,2005-06-01,354,311,354,311,665
HUARACAJE,consulta externa,nuevas en menores de 5 anos,2005-06-01,77,71,77,71,148
HUAYLLAMARCA,consulta externa,nuevas en menores de 5 anos,2005-06-01,36,52,36,52,88
ICHOCA,consulta externa,nuevas en menores de 5 anos,2005-06-01,56,62,56,62,118
ICLA,consulta externa,nuevas en menores de 5 anos,2005-06-01,429,367,429,367,796
INCAHUASI,consulta externa,nuevas en menores de 5 anos,2005-06-01,604,615,604,615,1219
INGAVI (HUMAITA),consulta externa,nuevas en menores de 5 anos,2005-06-01,42,27,42,27,69
INQUISIVI,consulta externa,nuevas en menores de 5 anos,2005-06-01,171,167,171,167,338
IRUPANA (VILLA DE LANZA),consulta externa,nuevas en menores de 5 anos,2005-06-01,299,255,299,255,554
IXIAMAS,consulta externa,nuevas en menores de 5 anos,2005-06-01,304,197,304,197,501
JESUS DE MACHACA,consulta externa,nuevas en menores de 5 anos,2005-06-01,128,128,128,128,256
LA ASUNTA,consulta externa,nuevas en menores de 5 anos,2005-06-01,575,584,575,584,1159
LA GUARDIA,consulta externa,nuevas en menores de 5 anos,2005-06-01,878,826,878,826,1704
LA PAZ,consulta externa,nuevas en menores de 5 anos,2005-06-01,11203,8964,11203,8964,20167
LA RIVERA,consulta externa,nuevas en menores de 5 anos,2005-06-01,10,10,10,10,20
LAGUNILLAS,consulta externa,nuevas en menores de 5 anos,2005-06-01,233,255,233,255,488
LAJA,consulta externa,nuevas en menores de 5 anos,2005-06-01,104,92,104,92,196
LAS CARRERAS,consulta externa,nuevas en menores de 5 anos,2005-06-01,60,59,60,59,119
LICOMA PAMPA,consulta externa,nuevas en menores de 5 anos,2005-06-01,18,29,18,29,47
LLALLAGUA,consulta externa,nuevas en menores de 5 anos,2005-06-01,580,465,580,465,1045
LLICA,consulta externa,nuevas en menores de 5 anos,2005-06-01,88,101,88,101,189
LORETO,consulta externa,nuevas en menores de 5 anos,2005-06-01,209,49,209,49,258
LURIBAY,consulta externa,nuevas en menores de 5 anos,2005-06-01,171,163,171,163,334
MACHACAMARCA,consulta externa,nuevas en menores de 5 anos,2005-06-01,40,38,40,38,78
MACHARETI,consulta externa,nuevas en menores de 5 anos,2005-06-01,300,350,300,350,650
MAGDALENA,consulta externa,nuevas en menores de 5 anos,2005-06-01,164,177,164,177,341
MAIRANA,consulta externa,nuevas en menores de 5 anos,2005-06-01,173,144,173,144,317
MALLA,consulta externa,nuevas en menores de 5 anos,2005-06-01,76,45,76,45,121
MAPIRI,consulta externa,nuevas en menores de 5 anos,2005-06-01,217,205,217,205,422
MECAPACA,consulta externa,nuevas en menores de 5 anos,2005-06-01,118,115,118,115,233
MINEROS,consulta externa,nuevas en menores de 5 anos,2005-06-01,488,397,488,397,885
MIZQUE,consulta externa,nuevas en menores de 5 anos,2005-06-01,319,342,319,342,661
MOCOMOCO,consulta externa,nuevas en menores de 5 anos,2005-06-01,77,87,77,87,164
MOJINETE,consulta externa,nuevas en menores de 5 anos,2005-06-01,113,26,113,26,139
MOJOCOYA,consulta externa,nuevas en menores de 5 anos,2005-06-01,259,232,259,232,491
MONTEAGUDO,consulta externa,nuevas en menores de 5 anos,2005-06-01,754,628,754,628,1382
MONTERO,consulta externa,nuevas en menores de 5 anos,2005-06-01,2214,2019,2214,2019,4233
MORO MORO,consulta externa,nuevas en menores de 5 anos,2005-06-01,73,61,73,61,134
MOROCHATA,consulta externa,nuevas en menores de 5 anos,2005-06-01,267,270,267,270,537
NACEBE (SANTA ROSA DEL ABUNA),consulta externa,nuevas en menores de 5 anos,2005-06-01,62,54,62,54,116
NAZACARA DE PACAJES,consulta externa,nuevas en menores de 5 anos,2005-06-01,6,5,6,5,11
NUEVO MANOA (NUEVA ESPERANZA),consulta externa,nuevas en menores de 5 anos,2005-06-01,19,6,19,6,25
OCURI,consulta externa,nuevas en menores de 5 anos,2005-06-01,392,396,392,396,788
OKINAWA,consulta externa,nuevas en menores de 5 anos,2005-06-01,342,302,342,302,644
OMEREQUE,consulta externa,nuevas en menores de 5 anos,2005-06-01,125,111,125,111,236
ORURO,consulta externa,nuevas en menores de 5 anos,2005-06-01,3802,3504,3802,3504,7306
PADCAYA,consulta externa,nuevas en menores de 5 anos,2005-06-01,477,492,477,492,969
PADILLA,consulta externa,nuevas en menores de 5 anos,2005-06-01,441,381,441,381,822
PAILON,consulta externa,nuevas en menores de 5 anos,2005-06-01,441,419,441,419,860
PALCA,consulta externa,nuevas en menores de 5 anos,2005-06-01,91,79,91,79,170
PALOS BLANCOS,consulta externa,nuevas en menores de 5 anos,2005-06-01,639,523,639,523,1162
PAMPA AULLAGAS,consulta externa,nuevas en menores de 5 anos,2005-06-01,28,34,28,34,62
PAMPA GRANDE,consulta externa,nuevas en menores de 5 anos,2005-06-01,195,173,195,173,368
PAPEL PAMPA,consulta externa,nuevas en menores de 5 anos,2005-06-01,58,53,58,53,111
PASORAPA,consulta externa,nuevas en menores de 5 anos,2005-06-01,19,22,19,22,41
PATACAMAYA,consulta externa,nuevas en menores de 5 anos,2005-06-01,185,212,185,212,397
PAZÑA,consulta externa,nuevas en menores de 5 anos,2005-06-01,134,122,134,122,256
PELECHUCO,consulta externa,nuevas en menores de 5 anos,2005-06-01,91,76,91,76,167
POCOATA,consulta externa,nuevas en menores de 5 anos,2005-06-01,431,424,431,424,855
POCONA,consulta externa,nuevas en menores de 5 anos,2005-06-01,171,147,171,147,318
POJO (CBBA),consulta externa,nuevas en menores de 5 anos,2005-06-01,128,130,128,130,258
POOPO,consulta externa,nuevas en menores de 5 anos,2005-06-01,65,58,65,58,123
PORCO,consulta externa,nuevas en menores de 5 anos,2005-06-01,119,119,119,119,238
POROMA,consulta externa,nuevas en menores de 5 anos,2005-06-01,341,285,341,285,626
PORONGO,consulta externa,nuevas en menores de 5 anos,2005-06-01,182,150,182,150,332
PORTACHUELO,consulta externa,nuevas en menores de 5 anos,2005-06-01,507,452,507,452,959
PORVENIR,consulta externa,nuevas en menores de 5 anos,2005-06-01,94,64,94,64,158
POSTRER VALLE,consulta externa,nuevas en menores de 5 anos,2005-06-01,63,53,63,53,116
POTOSI,consulta externa,nuevas en menores de 5 anos,2005-06-01,2743,2566,2743,2566,5309
PRESTO,consulta externa,nuevas en menores de 5 anos,2005-06-01,320,319,320,319,639
PUCARA,consulta externa,nuevas en menores de 5 anos,2005-06-01,27,30,27,30,57
PUCARANI,consulta externa,nuevas en menores de 5 anos,2005-06-01,170,161,170,161,331
PUERTO ACOSTA,consulta externa,nuevas en menores de 5 anos,2005-06-01,170,177,170,177,347
PUERTO CARABUCO,consulta externa,nuevas en menores de 5 anos,2005-06-01,94,111,94,111,205
PUERTO GONZALO MORENO,consulta externa,nuevas en menores de 5 anos,2005-06-01,100,84,100,84,184
PUERTO PEREZ,consulta externa,nuevas en menores de 5 anos,2005-06-01,58,39,58,39,97
PUERTO QUIJARRO,consulta externa,nuevas en menores de 5 anos,2005-06-01,337,218,337,218,555
PUERTO RICO,consulta externa,nuevas en menores de 5 anos,2005-06-01,238,230,238,230,468
PUERTO SILES,consulta externa,nuevas en menores de 5 anos,2005-06-01,12,13,12,13,25
PUERTO SUAREZ,consulta externa,nuevas en menores de 5 anos,2005-06-01,471,408,471,408,879
PUERTO VILLARROEL,consulta externa,nuevas en menores de 5 anos,2005-06-01,1021,944,1021,944,1965
PUNA,consulta externa,nuevas en menores de 5 anos,2005-06-01,502,433,502,433,935
PUNATA,consulta externa,nuevas en menores de 5 anos,2005-06-01,216,227,216,227,443
QUIABAYA,consulta externa,nuevas en menores de 5 anos,2005-06-01,43,29,43,29,72
QUILLACOLLO,consulta externa,nuevas en menores de 5 anos,2005-06-01,1107,837,1107,837,1944
QUIME,consulta externa,nuevas en menores de 5 anos,2005-06-01,126,104,126,104,230
QUIRUSILLAS,consulta externa,nuevas en menores de 5 anos,2005-06-01,54,29,54,29,83
RAVELO,consulta externa,nuevas en menores de 5 anos,2005-06-01,466,390,466,390,856
REYES,consulta externa,nuevas en menores de 5 anos,2005-06-01,334,324,334,324,658
RIBERALTA,consulta externa,nuevas en menores de 5 anos,2005-06-01,1400,1409,1400,1409,2809
ROBORE,consulta externa,nuevas en menores de 5 anos,2005-06-01,336,270,336,270,606
RURRENABAQUE,consulta externa,nuevas en menores de 5 anos,2005-06-01,439,442,439,442,881
SABAYA,consulta externa,nuevas en menores de 5 anos,2005-06-01,45,42,45,42,87
SACABA,consulta externa,nuevas en menores de 5 anos,2005-06-01,935,797,935,797,1732
SACABAMBA,consulta externa,nuevas en menores de 5 anos,2005-06-01,78,69,78,69,147
SACACA,consulta externa,nuevas en menores de 5 anos,2005-06-01,715,651,715,651,1366
SAIPINA,consulta externa,nuevas en menores de 5 anos,2005-06-01,138,139,138,139,277
SALINAS DE GARCI MENDOZA,consulta externa,nuevas en menores de 5 anos,2005-06-01,142,145,142,145,287
SAMAIPATA,consulta externa,nuevas en menores de 5 anos,2005-06-01,174,150,174,150,324
SAN AGUSTIN,consulta externa,nuevas en menores de 5 anos,2005-06-01,28,37,28,37,65
SAN ANDRES,consulta externa,nuevas en menores de 5 anos,2005-06-01,297,272,297,272,569
SAN ANDRES DE MACHACA,consulta externa,nuevas en menores de 5 anos,2005-06-01,28,37,28,37,65
SAN ANTONIO DE ESMORUCO,consulta externa,nuevas en menores de 5 anos,2005-06-01,38,46,38,46,84
SAN ANTONIO DE LOMERIO,consulta externa,nuevas en menores de 5 anos,2005-06-01,110,74,110,74,184
SAN BENITO,consulta externa,nuevas en menores de 5 anos,2005-06-01,96,96,96,96,192
SAN BORJA,consulta externa,nuevas en menores de 5 anos,2005-06-01,617,510,617,510,1127
SAN BUENA VENTURA,consulta externa,nuevas en menores de 5 anos,2005-06-01,321,258,321,258,579
SAN CARLOS,consulta externa,nuevas en menores de 5 anos,2005-06-01,417,413,417,413,830
SAN IGNACIO,consulta externa,nuevas en menores de 5 anos,2005-06-01,559,438,559,438,997
SAN IGNACIO DE VELASCO,consulta externa,nuevas en menores de 5 anos,2005-06-01,1037,910,1037,910,1947
SAN JAVIER(BNI),consulta externa,nuevas en menores de 5 anos,2005-06-01,70,59,70,59,129
SAN JAVIER(STC),consulta externa,nuevas en menores de 5 anos,2005-06-01,170,102,170,102,272
SAN JOAQUIN,consulta externa,nuevas en menores de 5 anos,2005-06-01,106,108,106,108,214
SAN JOSE DE CHIQUITOS,consulta externa,nuevas en menores de 5 anos,2005-06-01,560,545,560,545,1105
SAN JUAN DE YAPACANI,consulta externa,nuevas en menores de 5 anos,2005-06-01,327,308,327,308,635
SAN JULIAN,consulta externa,nuevas en menores de 5 anos,2005-06-01,941,924,941,924,1865
SAN LORENZO(PND),consulta externa,nuevas en menores de 5 anos,2005-06-01,193,181,193,181,374
SAN LORENZO(TJA),consulta externa,nuevas en menores de 5 anos,2005-06-01,623,586,623,586,1209
SAN LUCAS,consulta externa,nuevas en menores de 5 anos,2005-06-01,833,850,833,850,1683
SAN MATIAS,consulta externa,nuevas en menores de 5 anos,2005-06-01,287,255,287,255,542
SAN MIGUEL DE VELASCO,consulta externa,nuevas en menores de 5 anos,2005-06-01,251,219,251,219,470
SAN PABLO DE LIPEZ,consulta externa,nuevas en menores de 5 anos,2005-06-01,89,107,89,107,196
SAN PEDRO,consulta externa,nuevas en menores de 5 anos,2005-06-01,636,574,636,574,1210
SAN PEDRO DE BUENA VISTA,consulta externa,nuevas en menores de 5 anos,2005-06-01,564,524,564,524,1088
SAN PEDRO DE CURAHUARA,consulta externa,nuevas en menores de 5 anos,2005-06-01,112,96,112,96,208
SAN PEDRO DE QUEMES,consulta externa,nuevas en menores de 5 anos,2005-06-01,4,12,4,12,16
SAN PEDRO DE TIQUINA,consulta externa,nuevas en menores de 5 anos,2005-06-01,52,33,52,33,85
SAN PEDRO(PND),consulta externa,nuevas en menores de 5 anos,2005-06-01,65,68,65,68,133
SAN RAFAEL,consulta externa,nuevas en menores de 5 anos,2005-06-01,51,57,51,57,108
SAN RAMON,consulta externa,nuevas en menores de 5 anos,2005-06-01,106,76,106,76,182
SAN RAMON,consulta externa,nuevas en menores de 5 anos,2005-06-01,148,141,148,141,289
SANTA ANA,consulta externa,nuevas en menores de 5 anos,2005-06-01,277,292,277,292,569
SANTA CRUZ DE LA SIERRA,consulta externa,nuevas en menores de 5 anos,2005-06-01,19205,18220,19205,18220,37425
SANTA ROSA,consulta externa,nuevas en menores de 5 anos,2005-06-01,166,164,166,164,330
SANTA ROSA DEL SARA,consulta externa,nuevas en menores de 5 anos,2005-06-01,575,488,575,488,1063
SANTIAGO DE CALLAPA,consulta externa,nuevas en menores de 5 anos,2005-06-01,47,38,47,38,85
SANTIAGO DE HUARI,consulta externa,nuevas en menores de 5 anos,2005-06-01,150,130,150,130,280
SANTIAGO DE MACHACA,consulta externa,nuevas en menores de 5 anos,2005-06-01,29,28,29,28,57
SANTIVAÑES,consulta externa,nuevas en menores de 5 anos,2005-06-01,72,62,72,62,134
SANTUARIO DE QUILLACAS,consulta externa,nuevas en menores de 5 anos,2005-06-01,45,41,45,41,86
SAPAHAQUI,consulta externa,nuevas en menores de 5 anos,2005-06-01,93,75,93,75,168
SENA,consulta externa,nuevas en menores de 5 anos,2005-06-01,45,36,45,36,81
SICA SICA (VILLA AROMA),consulta externa,nuevas en menores de 5 anos,2005-06-01,231,173,231,173,404
SICAYA,consulta externa,nuevas en menores de 5 anos,2005-06-01,72,46,72,46,118
SIPE SIPE,consulta externa,nuevas en menores de 5 anos,2005-06-01,351,262,351,262,613
SOPACHUY,consulta externa,nuevas en menores de 5 anos,2005-06-01,256,307,256,307,563
SORACACHI,consulta externa,nuevas en menores de 5 anos,2005-06-01,102,83,102,83,185
SORATA,consulta externa,nuevas en menores de 5 anos,2005-06-01,167,198,167,198,365
SUCRE,consulta externa,nuevas en menores de 5 anos,2005-06-01,6683,5314,6683,5314,11997
TACACHI,consulta externa,nuevas en menores de 5 anos,2005-06-01,8,17,8,17,25
TACACOMA,consulta externa,nuevas en menores de 5 anos,2005-06-01,73,39,73,39,112
TACOBAMBA,consulta externa,nuevas en menores de 5 anos,2005-06-01,140,133,140,133,273
TACOPAYA,consulta externa,nuevas en menores de 5 anos,2005-06-01,155,152,155,152,307
TAHUA,consulta externa,nuevas en menores de 5 anos,2005-06-01,18,19,18,19,37
TAPACARI,consulta externa,nuevas en menores de 5 anos,2005-06-01,494,443,494,443,937
TARABUCO,consulta externa,nuevas en menores de 5 anos,2005-06-01,615,635,615,635,1250
TARACO,consulta externa,nuevas en menores de 5 anos,2005-06-01,42,35,42,35,77
TARATA,consulta externa,nuevas en menores de 5 anos,2005-06-01,129,110,129,110,239
TARIJA,consulta externa,nuevas en menores de 5 anos,2005-06-01,4514,4223,4514,4223,8737
TARVITA,consulta externa,nuevas en menores de 5 anos,2005-06-01,612,610,612,610,1222
TEOPONTE,consulta externa,nuevas en menores de 5 anos,2005-06-01,213,159,213,159,372
TIAWANACU,consulta externa,nuevas en menores de 5 anos,2005-06-01,88,100,88,100,188
TINGUIPAYA,consulta externa,nuevas en menores de 5 anos,2005-06-01,299,291,299,291,590
TIPUANI,consulta externa,nuevas en menores de 5 anos,2005-06-01,97,117,97,117,214
TIQUIPAYA,consulta externa,nuevas en menores de 5 anos,2005-06-01,388,346,388,346,734
TIRAQUE (CBBA),consulta externa,nuevas en menores de 5 anos,2005-06-01,587,585,587,585,1172
TITO YUPANQUI (PARQUIPUJIO),consulta externa,nuevas en menores de 5 anos,2005-06-01,32,15,32,15,47
TOCO,consulta externa,nuevas en menores de 5 anos,2005-06-01,49,43,49,43,92
TODOS SANTOS,consulta externa,nuevas en menores de 5 anos,2005-06-01,8,5,8,5,13
TOLATA,consulta externa,nuevas en menores de 5 anos,2005-06-01,55,48,55,48,103
TOLEDO,consulta externa,nuevas en menores de 5 anos,2005-06-01,115,104,115,104,219
TOMAVE,consulta externa,nuevas en menores de 5 anos,2005-06-01,133,120,133,120,253
TOMINA,consulta externa,nuevas en menores de 5 anos,2005-06-01,225,244,225,244,469
TORO TORO,consulta externa,nuevas en menores de 5 anos,2005-06-01,211,196,211,196,407
TOTORA(CBBA),consulta externa,nuevas en menores de 5 anos,2005-06-01,201,205,201,205,406
TOTORA(ORR),consulta externa,nuevas en menores de 5 anos,2005-06-01,40,50,40,50,90
TRIGAL,consulta externa,nuevas en menores de 5 anos,2005-06-01,27,34,27,34,61
TRINIDAD,consulta externa,nuevas en menores de 5 anos,2005-06-01,2698,2499,2698,2499,5197
TUPIZA,consulta externa,nuevas en menores de 5 anos,2005-06-01,2312,1106,2312,1106,3418
TURCO,consulta externa,nuevas en menores de 5 anos,2005-06-01,88,85,88,85,173
UMALA,consulta externa,nuevas en menores de 5 anos,2005-06-01,57,54,57,54,111
UNCIA,consulta externa,nuevas en menores de 5 anos,2005-06-01,595,553,595,553,1148
URIONDO (A. CONCEPCION),consulta externa,nuevas en menores de 5 anos,2005-06-01,375,372,375,372,747
URUBICHA,consulta externa,nuevas en menores de 5 anos,2005-06-01,221,209,221,209,430
UYUNI,consulta externa,nuevas en menores de 5 anos,2005-06-01,227,236,227,236,463
VACAS,consulta externa,nuevas en menores de 5 anos,2005-06-01,170,139,170,139,309
VALLEGRANDE,consulta externa,nuevas en menores de 5 anos,2005-06-01,205,242,205,242,447
VIACHA,consulta externa,nuevas en menores de 5 anos,2005-06-01,356,323,356,323,679
VILA VILA,consulta externa,nuevas en menores de 5 anos,2005-06-01,60,63,60,63,123
VILLA MONTES,consulta externa,nuevas en menores de 5 anos,2005-06-01,645,535,645,535,1180
VILLA NUEVA (LOMA ALTA),consulta externa,nuevas en menores de 5 anos,2005-06-01,57,32,57,32,89
VILLA RIVERO,consulta externa,nuevas en menores de 5 anos,2005-06-01,61,57,61,57,118
VILLA SERRANO,consulta externa,nuevas en menores de 5 anos,2005-06-01,297,245,297,245,542
VILLA TUNARI,consulta externa,nuevas en menores de 5 anos,2005-06-01,1020,1080,1020,1080,2100
VILLA VACA GUZMAN (MUYUPAMPA),consulta externa,nuevas en menores de 5 anos,2005-06-01,286,274,286,274,560
VILLAZON,consulta externa,nuevas en menores de 5 anos,2005-06-01,842,774,842,774,1616
VINTO,consulta externa,nuevas en menores de 5 anos,2005-06-01,298,277,298,277,575
VITICHI,consulta externa,nuevas en menores de 5 anos,2005-06-01,199,234,199,234,433
WALDO BALLIVIAN,consulta externa,nuevas en menores de 5 anos,2005-06-01,38,32,38,32,70
WARNES,consulta externa,nuevas en menores de 5 anos,2005-06-01,1040,1006,1040,1006,2046
YACO,consulta externa,nuevas en menores de 5 anos,2005-06-01,72,74,72,74,146
YACUIBA,consulta externa,nuevas en menores de 5 anos,2005-06-01,1519,1577,1519,1577,3096
YAMPARAEZ,consulta externa,nuevas en menores de 5 anos,2005-06-01,169,161,169,161,330
YANACACHI,consulta externa,nuevas en menores de 5 anos,2005-06-01,69,50,69,50,119
YAPACANI,consulta externa,nuevas en menores de 5 anos,2005-06-01,732,671,732,671,1403
YOCALLA,consulta externa,nuevas en menores de 5 anos,2005-06-01,76,103,76,103,179
YOTALA,consulta externa,nuevas en menores de 5 anos,2005-06-01,177,186,177,186,363
YUNCHARA,consulta externa,nuevas en menores de 5 anos,2005-06-01,117,114,117,114,231
ZUDAÑEZ,consulta externa,nuevas en menores de 5 anos,2005-06-01,181,184,181,184,365
ACACIO,consulta externa,nuevas en menores de 5 anos,2005-07-01,195,160,195,160,355
ACHACACHI,consulta externa,nuevas en menores de 5 anos,2005-07-01,287,258,287,258,545
ACHOCALLA,consulta externa,nuevas en menores de 5 anos,2005-07-01,90,77,90,77,167
AIQUILE,consulta externa,nuevas en menores de 5 anos,2005-07-01,361,315,361,315,676
ALALAY,consulta externa,nuevas en menores de 5 anos,2005-07-01,68,70,68,70,138
ALCALA,consulta externa,nuevas en menores de 5 anos,2005-07-01,135,122,135,122,257
ANCORAIMES,consulta externa,nuevas en menores de 5 anos,2005-07-01,184,167,184,167,351
ANDAMARCA,consulta externa,nuevas en menores de 5 anos,2005-07-01,47,53,47,53,100
ANTEQUERA,consulta externa,nuevas en menores de 5 anos,2005-07-01,34,41,34,41,75
ANZALDO,consulta externa,nuevas en menores de 5 anos,2005-07-01,80,98,80,98,178
APOLO,consulta externa,nuevas en menores de 5 anos,2005-07-01,305,315,305,315,620
ARAMPAMPA,consulta externa,nuevas en menores de 5 anos,2005-07-01,402,117,402,117,519
ARANI,consulta externa,nuevas en menores de 5 anos,2005-07-01,59,54,59,54,113
ARBIETO,consulta externa,nuevas en menores de 5 anos,2005-07-01,46,26,46,26,72
ARQUE,consulta externa,nuevas en menores de 5 anos,2005-07-01,200,193,200,193,393
ASCENCION DE GUARAYOS,consulta externa,nuevas en menores de 5 anos,2005-07-01,496,396,496,396,892
ATOCHA,consulta externa,nuevas en menores de 5 anos,2005-07-01,449,308,449,308,757
AUCAPATA,consulta externa,nuevas en menores de 5 anos,2005-07-01,84,63,84,63,147
AYATA,consulta externa,nuevas en menores de 5 anos,2005-07-01,132,133,132,133,265
AYO AYO,consulta externa,nuevas en menores de 5 anos,2005-07-01,30,29,30,29,59
AYOPAYA (V. DE INDEPENDENCIA),consulta externa,nuevas en menores de 5 anos,2005-07-01,462,440,462,440,902
AZURDUY,consulta externa,nuevas en menores de 5 anos,2005-07-01,453,396,453,396,849
BATALLAS,consulta externa,nuevas en menores de 5 anos,2005-07-01,99,93,99,93,192
BAURES,consulta externa,nuevas en menores de 5 anos,2005-07-01,106,121,106,121,227
BELEN DE ANDAMARCA,consulta externa,nuevas en menores de 5 anos,2005-07-01,8,11,8,11,19
BELEN DE URMIRI,consulta externa,nuevas en menores de 5 anos,2005-07-01,43,42,43,42,85
BELLA FLOR,consulta externa,nuevas en menores de 5 anos,2005-07-01,89,109,89,109,198
BERMEJO,consulta externa,nuevas en menores de 5 anos,2005-07-01,870,851,870,851,1721
BETANZOS,consulta externa,nuevas en menores de 5 anos,2005-07-01,789,746,789,746,1535
BOLIVAR,consulta externa,nuevas en menores de 5 anos,2005-07-01,173,179,173,179,352
BOLPEBRA,consulta externa,nuevas en menores de 5 anos,2005-07-01,48,25,48,25,73
BOYUIBE,consulta externa,nuevas en menores de 5 anos,2005-07-01,110,140,110,140,250
BUENA VISTA,consulta externa,nuevas en menores de 5 anos,2005-07-01,359,301,359,301,660
CABEZAS,consulta externa,nuevas en menores de 5 anos,2005-07-01,368,320,368,320,688
CAIROMA,consulta externa,nuevas en menores de 5 anos,2005-07-01,140,133,140,133,273
"CAIZA ""D""",consulta externa,nuevas en menores de 5 anos,2005-07-01,133,150,133,150,283
CAJUATA,consulta externa,nuevas en menores de 5 anos,2005-07-01,157,137,157,137,294
CALACOTO,consulta externa,nuevas en menores de 5 anos,2005-07-01,43,42,43,42,85
CALAMARCA,consulta externa,nuevas en menores de 5 anos,2005-07-01,145,153,145,153,298
CAMARGO,consulta externa,nuevas en menores de 5 anos,2005-07-01,403,412,403,412,815
CAMATAQUI (C. VILLA ABECIA),consulta externa,nuevas en menores de 5 anos,2005-07-01,77,70,77,70,147
CAMIRI,consulta externa,nuevas en menores de 5 anos,2005-07-01,1016,1067,1016,1067,2083
CAPINOTA,consulta externa,nuevas en menores de 5 anos,2005-07-01,273,242,273,242,515
CAQUIAVIRI,consulta externa,nuevas en menores de 5 anos,2005-07-01,138,121,138,121,259
CARACOLLO,consulta externa,nuevas en menores de 5 anos,2005-07-01,298,225,298,225,523
CARANAVI,consulta externa,nuevas en menores de 5 anos,2005-07-01,900,841,900,841,1741
CARANGAS,consulta externa,nuevas en menores de 5 anos,2005-07-01,2,1,2,1,3
CARAPARI,consulta externa,nuevas en menores de 5 anos,2005-07-01,188,190,188,190,378
CARIPUYO,consulta externa,nuevas en menores de 5 anos,2005-07-01,329,325,329,325,654
CARMEN RIVERO TORREZ,consulta externa,nuevas en menores de 5 anos,2005-07-01,85,63,85,63,148
CATACORA,consulta externa,nuevas en menores de 5 anos,2005-07-01,22,19,22,19,41
CHACARILLA,consulta externa,nuevas en menores de 5 anos,2005-07-01,7,8,7,8,15
CHALLAPATA,consulta externa,nuevas en menores de 5 anos,2005-07-01,302,285,302,285,587
CHAQUI,consulta externa,nuevas en menores de 5 anos,2005-07-01,144,111,144,111,255
CHARAGUA,consulta externa,nuevas en menores de 5 anos,2005-07-01,664,634,664,634,1298
CHARAÑA,consulta externa,nuevas en menores de 5 anos,2005-07-01,44,28,44,28,72
CHAYANTA,consulta externa,nuevas en menores de 5 anos,2005-07-01,242,230,242,230,472
CHIMORE,consulta externa,nuevas en menores de 5 anos,2005-07-01,548,497,548,497,1045
CHIPAYA,consulta externa,nuevas en menores de 5 anos,2005-07-01,47,33,47,33,80
CHOQUE COTA,consulta externa,nuevas en menores de 5 anos,2005-07-01,11,14,11,14,25
CHULUMANI (V. DE LA LIBERTAD),consulta externa,nuevas en menores de 5 anos,2005-07-01,407,393,407,393,800
CHUMA,consulta externa,nuevas en menores de 5 anos,2005-07-01,173,161,173,161,334
CLIZA,consulta externa,nuevas en menores de 5 anos,2005-07-01,155,139,155,139,294
COBIJA,consulta externa,nuevas en menores de 5 anos,2005-07-01,849,710,849,710,1559
COCHABAMBA,consulta externa,nuevas en menores de 5 anos,2005-07-01,6972,6186,6972,6186,13158
COIPASA,consulta externa,nuevas en menores de 5 anos,2005-07-01,8,11,8,11,19
COLCAPIRHUA,consulta externa,nuevas en menores de 5 anos,2005-07-01,409,377,409,377,786
"COLCHA ""K""",consulta externa,nuevas en menores de 5 anos,2005-07-01,150,162,150,162,312
COLLANA,consulta externa,nuevas en menores de 5 anos,2005-07-01,32,20,32,20,52
COLOMI,consulta externa,nuevas en menores de 5 anos,2005-07-01,255,239,255,239,494
COLPA BELGICA,consulta externa,nuevas en menores de 5 anos,2005-07-01,253,188,253,188,441
COLQUECHACA,consulta externa,nuevas en menores de 5 anos,2005-07-01,764,694,764,694,1458
COLQUENCHA,consulta externa,nuevas en menores de 5 anos,2005-07-01,58,66,58,66,124
COLQUIRI,consulta externa,nuevas en menores de 5 anos,2005-07-01,306,261,306,261,567
COMANCHE,consulta externa,nuevas en menores de 5 anos,2005-07-01,47,30,47,30,77
COMARAPA,consulta externa,nuevas en menores de 5 anos,2005-07-01,366,317,366,317,683
COMBAYA,consulta externa,nuevas en menores de 5 anos,2005-07-01,21,10,21,10,31
CONCEPCION,consulta externa,nuevas en menores de 5 anos,2005-07-01,239,227,239,227,466
COPACABANA,consulta externa,nuevas en menores de 5 anos,2005-07-01,65,73,65,73,138
CORIPATA,consulta externa,nuevas en menores de 5 anos,2005-07-01,287,254,287,254,541
CORO CORO,consulta externa,nuevas en menores de 5 anos,2005-07-01,75,85,75,85,160
COROICO,consulta externa,nuevas en menores de 5 anos,2005-07-01,172,151,172,151,323
CORQUE,consulta externa,nuevas en menores de 5 anos,2005-07-01,94,77,94,77,171
COTAGAITA,consulta externa,nuevas en menores de 5 anos,2005-07-01,912,874,912,874,1786
COTOCA,consulta externa,nuevas en menores de 5 anos,2005-07-01,630,568,630,568,1198
CUATRO CAÑADAS,consulta externa,nuevas en menores de 5 anos,2005-07-01,409,329,409,329,738
CUCHUMUELA (V. G. VILLARROEL),consulta externa,nuevas en menores de 5 anos,2005-07-01,30,20,30,20,50
CUEVO,consulta externa,nuevas en menores de 5 anos,2005-07-01,83,114,83,114,197
CULPINA,consulta externa,nuevas en menores de 5 anos,2005-07-01,583,445,583,445,1028
CURAHUARA DE CARANGAS,consulta externa,nuevas en menores de 5 anos,2005-07-01,52,72,52,72,124
CURVA,consulta externa,nuevas en menores de 5 anos,2005-07-01,33,23,33,23,56
DESAGUADERO,consulta externa,nuevas en menores de 5 anos,2005-07-01,68,52,68,52,120
EL ALTO,consulta externa,nuevas en menores de 5 anos,2005-07-01,7904,7370,7904,7370,15274
EL CHORO,consulta externa,nuevas en menores de 5 anos,2005-07-01,20,25,20,25,45
EL PUENTE(STC),consulta externa,nuevas en menores de 5 anos,2005-07-01,257,199,257,199,456
EL PUENTE(TJA),consulta externa,nuevas en menores de 5 anos,2005-07-01,228,182,228,182,410
EL TORNO,consulta externa,nuevas en menores de 5 anos,2005-07-01,993,951,993,951,1944
EL VILLAR,consulta externa,nuevas en menores de 5 anos,2005-07-01,163,158,163,158,321
ENTRE RIOS,consulta externa,nuevas en menores de 5 anos,2005-07-01,454,382,454,382,836
ENTRE RIOS,consulta externa,nuevas en menores de 5 anos,2005-07-01,319,291,319,291,610
ESCARA,consulta externa,nuevas en menores de 5 anos,2005-07-01,0,2,0,2,2
EUCALIPTUS,consulta externa,nuevas en menores de 5 anos,2005-07-01,177,120,177,120,297
EUREKA (SANTOS MERCADO),consulta externa,nuevas en menores de 5 anos,2005-07-01,24,31,24,31,55
EXALTACION,consulta externa,nuevas en menores de 5 anos,2005-07-01,42,68,42,68,110
FERNANDEZ ALONSO,consulta externa,nuevas en menores de 5 anos,2005-07-01,574,552,574,552,1126
FILADELFIA,consulta externa,nuevas en menores de 5 anos,2005-07-01,78,88,78,88,166
GENERAL SAAVEDRA,consulta externa,nuevas en menores de 5 anos,2005-07-01,721,570,721,570,1291
GRAL. J.J. PEREZ (CHARAZANI),consulta externa,nuevas en menores de 5 anos,2005-07-01,175,136,175,136,311
GUANAY,consulta externa,nuevas en menores de 5 anos,2005-07-01,383,284,383,284,667
GUAQUI,consulta externa,nuevas en menores de 5 anos,2005-07-01,36,37,36,37,73
GUAYARAMERIN,consulta externa,nuevas en menores de 5 anos,2005-07-01,949,892,949,892,1841
GUTIERREZ,consulta externa,nuevas en menores de 5 anos,2005-07-01,415,448,415,448,863
HUACARETA,consulta externa,nuevas en menores de 5 anos,2005-07-01,311,307,311,307,618
HUACAYA (VILLA DE HUACAYA),consulta externa,nuevas en menores de 5 anos,2005-07-01,91,104,91,104,195
HUACHACALLA,consulta externa,nuevas en menores de 5 anos,2005-07-01,43,12,43,12,55
HUANUNI,consulta externa,nuevas en menores de 5 anos,2005-07-01,365,327,365,327,692
HUARACAJE,consulta externa,nuevas en menores de 5 anos,2005-07-01,53,41,53,41,94
HUAYLLAMARCA,consulta externa,nuevas en menores de 5 anos,2005-07-01,73,43,73,43,116
ICHOCA,consulta externa,nuevas en menores de 5 anos,2005-07-01,57,51,57,51,108
ICLA,consulta externa,nuevas en menores de 5 anos,2005-07-01,410,409,410,409,819
INCAHUASI,consulta externa,nuevas en menores de 5 anos,2005-07-01,599,706,599,706,1305
INGAVI (HUMAITA),consulta externa,nuevas en menores de 5 anos,2005-07-01,12,5,12,5,17
INQUISIVI,consulta externa,nuevas en menores de 5 anos,2005-07-01,176,146,176,146,322
IRUPANA (VILLA DE LANZA),consulta externa,nuevas en menores de 5 anos,2005-07-01,327,291,327,291,618
IXIAMAS,consulta externa,nuevas en menores de 5 anos,2005-07-01,209,159,209,159,368
JESUS DE MACHACA,consulta externa,nuevas en menores de 5 anos,2005-07-01,167,169,167,169,336
LA ASUNTA,consulta externa,nuevas en menores de 5 anos,2005-07-01,544,496,544,496,1040
LA GUARDIA,consulta externa,nuevas en menores de 5 anos,2005-07-01,926,863,926,863,1789
LA PAZ,consulta externa,nuevas en menores de 5 anos,2005-07-01,10426,9886,10426,9886,20312
LA RIVERA,consulta externa,nuevas en menores de 5 anos,2005-07-01,2,4,2,4,6
LAGUNILLAS,consulta externa,nuevas en menores de 5 anos,2005-07-01,249,214,249,214,463
LAJA,consulta externa,nuevas en menores de 5 anos,2005-07-01,115,96,115,96,211
LAS CARRERAS,consulta externa,nuevas en menores de 5 anos,2005-07-01,94,68,94,68,162
LICOMA PAMPA,consulta externa,nuevas en menores de 5 anos,2005-07-01,23,22,23,22,45
LLALLAGUA,consulta externa,nuevas en menores de 5 anos,2005-07-01,498,503,498,503,1001
LLICA,consulta externa,nuevas en menores de 5 anos,2005-07-01,57,66,57,66,123
LORETO,consulta externa,nuevas en menores de 5 anos,2005-07-01,73,62,73,62,135
LURIBAY,consulta externa,nuevas en menores de 5 anos,2005-07-01,138,108,138,108,246
MACHACAMARCA,consulta externa,nuevas en menores de 5 anos,2005-07-01,24,40,24,40,64
MACHARETI,consulta externa,nuevas en menores de 5 anos,2005-07-01,302,338,302,338,640
MAGDALENA,consulta externa,nuevas en menores de 5 anos,2005-07-01,179,177,179,177,356
MAIRANA,consulta externa,nuevas en menores de 5 anos,2005-07-01,152,146,152,146,298
MALLA,consulta externa,nuevas en menores de 5 anos,2005-07-01,57,53,57,53,110
MAPIRI,consulta externa,nuevas en menores de 5 anos,2005-07-01,232,191,232,191,423
MECAPACA,consulta externa,nuevas en menores de 5 anos,2005-07-01,110,87,110,87,197
MINEROS,consulta externa,nuevas en menores de 5 anos,2005-07-01,519,445,519,445,964
MIZQUE,consulta externa,nuevas en menores de 5 anos,2005-07-01,344,309,344,309,653
MOCOMOCO,consulta externa,nuevas en menores de 5 anos,2005-07-01,148,131,148,131,279
MOJINETE,consulta externa,nuevas en menores de 5 anos,2005-07-01,23,19,23,19,42
MOJOCOYA,consulta externa,nuevas en menores de 5 anos,2005-07-01,247,192,247,192,439
MONTEAGUDO,consulta externa,nuevas en menores de 5 anos,2005-07-01,694,640,694,640,1334
MONTERO,consulta externa,nuevas en menores de 5 anos,2005-07-01,2421,2237,2421,2237,4658
MORO MORO,consulta externa,nuevas en menores de 5 anos,2005-07-01,67,52,67,52,119
MOROCHATA,consulta externa,nuevas en menores de 5 anos,2005-07-01,154,178,154,178,332
NACEBE (SANTA ROSA DEL ABUNA),consulta externa,nuevas en menores de 5 anos,2005-07-01,18,17,18,17,35
NAZACARA DE PACAJES,consulta externa,nuevas en menores de 5 anos,2005-07-01,7,2,7,2,9
NUEVO MANOA (NUEVA ESPERANZA),consulta externa,nuevas en menores de 5 anos,2005-07-01,46,22,46,22,68
OCURI,consulta externa,nuevas en menores de 5 anos,2005-07-01,422,382,422,382,804
OKINAWA,consulta externa,nuevas en menores de 5 anos,2005-07-01,355,343,355,343,698
OMEREQUE,consulta externa,nuevas en menores de 5 anos,2005-07-01,57,77,57,77,134
ORURO,consulta externa,nuevas en menores de 5 anos,2005-07-01,3513,3155,3513,3155,6668
PADCAYA,consulta externa,nuevas en menores de 5 anos,2005-07-01,449,408,449,408,857
PADILLA,consulta externa,nuevas en menores de 5 anos,2005-07-01,346,308,346,308,654
PAILON,consulta externa,nuevas en menores de 5 anos,2005-07-01,443,395,443,395,838
PALCA,consulta externa,nuevas en menores de 5 anos,2005-07-01,115,100,115,100,215
PALOS BLANCOS,consulta externa,nuevas en menores de 5 anos,2005-07-01,511,452,511,452,963
PAMPA AULLAGAS,consulta externa,nuevas en menores de 5 anos,2005-07-01,23,26,23,26,49
PAMPA GRANDE,consulta externa,nuevas en menores de 5 anos,2005-07-01,141,145,141,145,286
PAPEL PAMPA,consulta externa,nuevas en menores de 5 anos,2005-07-01,48,55,48,55,103
PASORAPA,consulta externa,nuevas en menores de 5 anos,2005-07-01,15,18,15,18,33
PATACAMAYA,consulta externa,nuevas en menores de 5 anos,2005-07-01,226,225,226,225,451
PAZÑA,consulta externa,nuevas en menores de 5 anos,2005-07-01,73,81,73,81,154
PELECHUCO,consulta externa,nuevas en menores de 5 anos,2005-07-01,70,62,70,62,132
POCOATA,consulta externa,nuevas en menores de 5 anos,2005-07-01,470,513,470,513,983
POCONA,consulta externa,nuevas en menores de 5 anos,2005-07-01,209,174,209,174,383
POJO (CBBA),consulta externa,nuevas en menores de 5 anos,2005-07-01,233,235,233,235,468
POOPO,consulta externa,nuevas en menores de 5 anos,2005-07-01,45,42,45,42,87
PORCO,consulta externa,nuevas en menores de 5 anos,2005-07-01,127,103,127,103,230
POROMA,consulta externa,nuevas en menores de 5 anos,2005-07-01,456,429,456,429,885
PORONGO,consulta externa,nuevas en menores de 5 anos,2005-07-01,228,152,228,152,380
PORTACHUELO,consulta externa,nuevas en menores de 5 anos,2005-07-01,566,497,566,497,1063
PORVENIR,consulta externa,nuevas en menores de 5 anos,2005-07-01,120,49,120,49,169
POSTRER VALLE,consulta externa,nuevas en menores de 5 anos,2005-07-01,65,44,65,44,109
POTOSI,consulta externa,nuevas en menores de 5 anos,2005-07-01,3160,3001,3160,3001,6161
PRESTO,consulta externa,nuevas en menores de 5 anos,2005-07-01,267,290,267,290,557
PUCARA,consulta externa,nuevas en menores de 5 anos,2005-07-01,37,22,37,22,59
PUCARANI,consulta externa,nuevas en menores de 5 anos,2005-07-01,176,149,176,149,325
PUERTO ACOSTA,consulta externa,nuevas en menores de 5 anos,2005-07-01,201,206,201,206,407
PUERTO CARABUCO,consulta externa,nuevas en menores de 5 anos,2005-07-01,135,130,135,130,265
PUERTO GONZALO MORENO,consulta externa,nuevas en menores de 5 anos,2005-07-01,64,86,64,86,150
PUERTO PEREZ,consulta externa,nuevas en menores de 5 anos,2005-07-01,65,63,65,63,128
PUERTO QUIJARRO,consulta externa,nuevas en menores de 5 anos,2005-07-01,316,314,316,314,630
PUERTO RICO,consulta externa,nuevas en menores de 5 anos,2005-07-01,152,173,152,173,325
PUERTO SILES,consulta externa,nuevas en menores de 5 anos,2005-07-01,38,53,38,53,91
PUERTO SUAREZ,consulta externa,nuevas en menores de 5 anos,2005-07-01,396,351,396,351,747
PUERTO VILLARROEL,consulta externa,nuevas en menores de 5 anos,2005-07-01,988,813,988,813,1801
PUNA,consulta externa,nuevas en menores de 5 anos,2005-07-01,671,616,671,616,1287
PUNATA,consulta externa,nuevas en menores de 5 anos,2005-07-01,269,117,269,117,386
QUIABAYA,consulta externa,nuevas en menores de 5 anos,2005-07-01,19,27,19,27,46
QUILLACOLLO,consulta externa,nuevas en menores de 5 anos,2005-07-01,914,793,914,793,1707
QUIME,consulta externa,nuevas en menores de 5 anos,2005-07-01,102,110,102,110,212
QUIRUSILLAS,consulta externa,nuevas en menores de 5 anos,2005-07-01,52,53,52,53,105
RAVELO,consulta externa,nuevas en menores de 5 anos,2005-07-01,647,550,647,550,1197
REYES,consulta externa,nuevas en menores de 5 anos,2005-07-01,333,289,333,289,622
RIBERALTA,consulta externa,nuevas en menores de 5 anos,2005-07-01,1652,1471,1652,1471,3123
ROBORE,consulta externa,nuevas en menores de 5 anos,2005-07-01,315,313,315,313,628
RURRENABAQUE,consulta externa,nuevas en menores de 5 anos,2005-07-01,563,462,563,462,1025
SABAYA,consulta externa,nuevas en menores de 5 anos,2005-07-01,49,26,49,26,75
SACABA,consulta externa,nuevas en menores de 5 anos,2005-07-01,840,804,840,804,1644
SACABAMBA,consulta externa,nuevas en menores de 5 anos,2005-07-01,40,47,40,47,87
SACACA,consulta externa,nuevas en menores de 5 anos,2005-07-01,466,440,466,440,906
SAIPINA,consulta externa,nuevas en menores de 5 anos,2005-07-01,144,129,144,129,273
SALINAS DE GARCI MENDOZA,consulta externa,nuevas en menores de 5 anos,2005-07-01,176,168,176,168,344
SAMAIPATA,consulta externa,nuevas en menores de 5 anos,2005-07-01,188,144,188,144,332
SAN AGUSTIN,consulta externa,nuevas en menores de 5 anos,2005-07-01,31,29,31,29,60
SAN ANDRES,consulta externa,nuevas en menores de 5 anos,2005-07-01,906,338,906,338,1244
SAN ANDRES DE MACHACA,consulta externa,nuevas en menores de 5 anos,2005-07-01,37,47,37,47,84
SAN ANTONIO DE ESMORUCO,consulta externa,nuevas en menores de 5 anos,2005-07-01,37,54,37,54,91
SAN ANTONIO DE LOMERIO,consulta externa,nuevas en menores de 5 anos,2005-07-01,124,102,124,102,226
SAN BENITO,consulta externa,nuevas en menores de 5 anos,2005-07-01,113,109,113,109,222
SAN BORJA,consulta externa,nuevas en menores de 5 anos,2005-07-01,601,532,601,532,1133
SAN BUENA VENTURA,consulta externa,nuevas en menores de 5 anos,2005-07-01,237,195,237,195,432
SAN CARLOS,consulta externa,nuevas en menores de 5 anos,2005-07-01,380,351,380,351,731
SAN IGNACIO,consulta externa,nuevas en menores de 5 anos,2005-07-01,668,553,668,553,1221
SAN IGNACIO DE VELASCO,consulta externa,nuevas en menores de 5 anos,2005-07-01,975,934,975,934,1909
SAN JAVIER(BNI),consulta externa,nuevas en menores de 5 anos,2005-07-01,59,43,59,43,102
SAN JAVIER(STC),consulta externa,nuevas en menores de 5 anos,2005-07-01,195,157,195,157,352
SAN JOAQUIN,consulta externa,nuevas en menores de 5 anos,2005-07-01,60,91,60,91,151
SAN JOSE DE CHIQUITOS,consulta externa,nuevas en menores de 5 anos,2005-07-01,568,520,568,520,1088
SAN JUAN DE YAPACANI,consulta externa,nuevas en menores de 5 anos,2005-07-01,341,318,341,318,659
SAN JULIAN,consulta externa,nuevas en menores de 5 anos,2005-07-01,1230,1252,1230,1252,2482
SAN LORENZO(PND),consulta externa,nuevas en menores de 5 anos,2005-07-01,103,71,103,71,174
SAN LORENZO(TJA),consulta externa,nuevas en menores de 5 anos,2005-07-01,557,590,557,590,1147
SAN LUCAS,consulta externa,nuevas en menores de 5 anos,2005-07-01,976,953,976,953,1929
SAN MATIAS,consulta externa,nuevas en menores de 5 anos,2005-07-01,260,264,260,264,524
SAN MIGUEL DE VELASCO,consulta externa,nuevas en menores de 5 anos,2005-07-01,215,231,215,231,446
SAN PABLO DE LIPEZ,consulta externa,nuevas en menores de 5 anos,2005-07-01,85,73,85,73,158
SAN PEDRO,consulta externa,nuevas en menores de 5 anos,2005-07-01,679,688,679,688,1367
SAN PEDRO DE BUENA VISTA,consulta externa,nuevas en menores de 5 anos,2005-07-01,489,442,489,442,931
SAN PEDRO DE CURAHUARA,consulta externa,nuevas en menores de 5 anos,2005-07-01,62,69,62,69,131
SAN PEDRO DE QUEMES,consulta externa,nuevas en menores de 5 anos,2005-07-01,5,8,5,8,13
SAN PEDRO DE TIQUINA,consulta externa,nuevas en menores de 5 anos,2005-07-01,51,26,51,26,77
SAN PEDRO(PND),consulta externa,nuevas en menores de 5 anos,2005-07-01,23,31,23,31,54
SAN RAFAEL,consulta externa,nuevas en menores de 5 anos,2005-07-01,176,189,176,189,365
SAN RAMON,consulta externa,nuevas en menores de 5 anos,2005-07-01,132,92,132,92,224
SAN RAMON,consulta externa,nuevas en menores de 5 anos,2005-07-01,189,158,189,158,347
SANTA ANA,consulta externa,nuevas en menores de 5 anos,2005-07-01,204,187,204,187,391
SANTA CRUZ DE LA SIERRA,consulta externa,nuevas en menores de 5 anos,2005-07-01,18482,18725,18482,18725,37207
SANTA ROSA,consulta externa,nuevas en menores de 5 anos,2005-07-01,241,238,241,238,479
SANTA ROSA DEL SARA,consulta externa,nuevas en menores de 5 anos,2005-07-01,556,547,556,547,1103
SANTIAGO DE CALLAPA,consulta externa,nuevas en menores de 5 anos,2005-07-01,68,64,68,64,132
SANTIAGO DE HUARI,consulta externa,nuevas en menores de 5 anos,2005-07-01,112,107,112,107,219
SANTIAGO DE MACHACA,consulta externa,nuevas en menores de 5 anos,2005-07-01,31,27,31,27,58
SANTIVAÑES,consulta externa,nuevas en menores de 5 anos,2005-07-01,80,52,80,52,132
SANTUARIO DE QUILLACAS,consulta externa,nuevas en menores de 5 anos,2005-07-01,38,15,38,15,53
SAPAHAQUI,consulta externa,nuevas en menores de 5 anos,2005-07-01,70,72,70,72,142
SENA,consulta externa,nuevas en menores de 5 anos,2005-07-01,155,144,155,144,299
SICA SICA (VILLA AROMA),consulta externa,nuevas en menores de 5 anos,2005-07-01,240,206,240,206,446
SICAYA,consulta externa,nuevas en menores de 5 anos,2005-07-01,70,39,70,39,109
SIPE SIPE,consulta externa,nuevas en menores de 5 anos,2005-07-01,269,305,269,305,574
SOPACHUY,consulta externa,nuevas en menores de 5 anos,2005-07-01,227,273,227,273,500
SORACACHI,consulta externa,nuevas en menores de 5 anos,2005-07-01,83,71,83,71,154
SORATA,consulta externa,nuevas en menores de 5 anos,2005-07-01,201,170,201,170,371
SUCRE,consulta externa,nuevas en menores de 5 anos,2005-07-01,5373,4811,5373,4811,10184
TACACHI,consulta externa,nuevas en menores de 5 anos,2005-07-01,13,10,13,10,23
TACACOMA,consulta externa,nuevas en menores de 5 anos,2005-07-01,90,69,90,69,159
TACOBAMBA,consulta externa,nuevas en menores de 5 anos,2005-07-01,123,126,123,126,249
TACOPAYA,consulta externa,nuevas en menores de 5 anos,2005-07-01,153,134,153,134,287
TAHUA,consulta externa,nuevas en menores de 5 anos,2005-07-01,15,22,15,22,37
TAPACARI,consulta externa,nuevas en menores de 5 anos,2005-07-01,633,570,633,570,1203
TARABUCO,consulta externa,nuevas en menores de 5 anos,2005-07-01,683,696,683,696,1379
TARACO,consulta externa,nuevas en menores de 5 anos,2005-07-01,34,29,34,29,63
TARATA,consulta externa,nuevas en menores de 5 anos,2005-07-01,100,93,100,93,193
TARIJA,consulta externa,nuevas en menores de 5 anos,2005-07-01,4445,4057,4445,4057,8502
TARVITA,consulta externa,nuevas en menores de 5 anos,2005-07-01,812,778,812,778,1590
TEOPONTE,consulta externa,nuevas en menores de 5 anos,2005-07-01,168,180,168,180,348
TIAWANACU,consulta externa,nuevas en menores de 5 anos,2005-07-01,89,88,89,88,177
TINGUIPAYA,consulta externa,nuevas en menores de 5 anos,2005-07-01,319,329,319,329,648
TIPUANI,consulta externa,nuevas en menores de 5 anos,2005-07-01,124,118,124,118,242
TIQUIPAYA,consulta externa,nuevas en menores de 5 anos,2005-07-01,379,308,379,308,687
TIRAQUE (CBBA),consulta externa,nuevas en menores de 5 anos,2005-07-01,629,553,629,553,1182
TITO YUPANQUI (PARQUIPUJIO),consulta externa,nuevas en menores de 5 anos,2005-07-01,19,18,19,18,37
TOCO,consulta externa,nuevas en menores de 5 anos,2005-07-01,47,43,47,43,90
TODOS SANTOS,consulta externa,nuevas en menores de 5 anos,2005-07-01,3,6,3,6,9
TOLATA,consulta externa,nuevas en menores de 5 anos,2005-07-01,49,44,49,44,93
TOLEDO,consulta externa,nuevas en menores de 5 anos,2005-07-01,64,73,64,73,137
TOMAVE,consulta externa,nuevas en menores de 5 anos,2005-07-01,163,118,163,118,281
TOMINA,consulta externa,nuevas en menores de 5 anos,2005-07-01,291,270,291,270,561
TORO TORO,consulta externa,nuevas en menores de 5 anos,2005-07-01,236,247,236,247,483
TOTORA(CBBA),consulta externa,nuevas en menores de 5 anos,2005-07-01,282,262,282,262,544
TOTORA(ORR),consulta externa,nuevas en menores de 5 anos,2005-07-01,52,64,52,64,116
TRIGAL,consulta externa,nuevas en menores de 5 anos,2005-07-01,30,34,30,34,64
TRINIDAD,consulta externa,nuevas en menores de 5 anos,2005-07-01,2189,1878,2189,1878,4067
TUPIZA,consulta externa,nuevas en menores de 5 anos,2005-07-01,1168,1138,1168,1138,2306
TURCO,consulta externa,nuevas en menores de 5 anos,2005-07-01,89,80,89,80,169
UMALA,consulta externa,nuevas en menores de 5 anos,2005-07-01,39,37,39,37,76
UNCIA,consulta externa,nuevas en menores de 5 anos,2005-07-01,689,613,689,613,1302
URIONDO (A. CONCEPCION),consulta externa,nuevas en menores de 5 anos,2005-07-01,448,376,448,376,824
URUBICHA,consulta externa,nuevas en menores de 5 anos,2005-07-01,223,198,223,198,421
UYUNI,consulta externa,nuevas en menores de 5 anos,2005-07-01,274,254,274,254,528
VACAS,consulta externa,nuevas en menores de 5 anos,2005-07-01,146,108,146,108,254
VALLEGRANDE,consulta externa,nuevas en menores de 5 anos,2005-07-01,270,296,270,296,566
VIACHA,consulta externa,nuevas en menores de 5 anos,2005-07-01,371,286,371,286,657
VILA VILA,consulta externa,nuevas en menores de 5 anos,2005-07-01,60,42,60,42,102
VILLA MONTES,consulta externa,nuevas en menores de 5 anos,2005-07-01,523,431,523,431,954
VILLA NUEVA (LOMA ALTA),consulta externa,nuevas en menores de 5 anos,2005-07-01,77,89,77,89,166
VILLA RIVERO,consulta externa,nuevas en menores de 5 anos,2005-07-01,42,20,42,20,62
VILLA SERRANO,consulta externa,nuevas en menores de 5 anos,2005-07-01,414,413,414,413,827
VILLA TUNARI,consulta externa,nuevas en menores de 5 anos,2005-07-01,1176,1139,1176,1139,2315
VILLA VACA GUZMAN (MUYUPAMPA),consulta externa,nuevas en menores de 5 anos,2005-07-01,329,371,329,371,700
VILLAZON,consulta externa,nuevas en menores de 5 anos,2005-07-01,897,762,897,762,1659
VINTO,consulta externa,nuevas en menores de 5 anos,2005-07-01,259,230,259,230,489
VITICHI,consulta externa,nuevas en menores de 5 anos,2005-07-01,239,231,239,231,470
WALDO BALLIVIAN,consulta externa,nuevas en menores de 5 anos,2005-07-01,29,29,29,29,58
WARNES,consulta externa,nuevas en menores de 5 anos,2005-07-01,1051,1046,1051,1046,2097
YACO,consulta externa,nuevas en menores de 5 anos,2005-07-01,74,67,74,67,141
YACUIBA,consulta externa,nuevas en menores de 5 anos,2005-07-01,1709,1635,1709,1635,3344
YAMPARAEZ,consulta externa,nuevas en menores de 5 anos,2005-07-01,261,218,261,218,479
YANACACHI,consulta externa,nuevas en menores de 5 anos,2005-07-01,119,83,119,83,202
YAPACANI,consulta externa,nuevas en menores de 5 anos,2005-07-01,710,689,710,689,1399
YOCALLA,consulta externa,nuevas en menores de 5 anos,2005-07-01,101,101,101,101,202
YOTALA,consulta externa,nuevas en menores de 5 anos,2005-07-01,181,166,181,166,347
YUNCHARA,consulta externa,nuevas en menores de 5 anos,2005-07-01,226,90,226,90,316
ZUDAÑEZ,consulta externa,nuevas en menores de 5 anos,2005-07-01,239,211,239,211,450
ACACIO,consulta externa,nuevas en menores de 5 anos,2005-08-01,224,216,224,216,440
ACHACACHI,consulta externa,nuevas en menores de 5 anos,2005-08-01,352,310,352,310,662
ACHOCALLA,consulta externa,nuevas en menores de 5 anos,2005-08-01,98,82,98,82,180
AIQUILE,consulta externa,nuevas en menores de 5 anos,2005-08-01,383,341,383,341,724
ALALAY,consulta externa,nuevas en menores de 5 anos,2005-08-01,35,34,35,34,69
ALCALA,consulta externa,nuevas en menores de 5 anos,2005-08-01,161,129,161,129,290
ANCORAIMES,consulta externa,nuevas en menores de 5 anos,2005-08-01,176,165,176,165,341
ANDAMARCA,consulta externa,nuevas en menores de 5 anos,2005-08-01,93,79,93,79,172
ANTEQUERA,consulta externa,nuevas en menores de 5 anos,2005-08-01,32,27,32,27,59
ANZALDO,consulta externa,nuevas en menores de 5 anos,2005-08-01,127,108,127,108,235
APOLO,consulta externa,nuevas en menores de 5 anos,2005-08-01,350,388,350,388,738
ARAMPAMPA,consulta externa,nuevas en menores de 5 anos,2005-08-01,164,131,164,131,295
ARANI,consulta externa,nuevas en menores de 5 anos,2005-08-01,65,56,65,56,121
ARBIETO,consulta externa,nuevas en menores de 5 anos,2005-08-01,57,78,57,78,135
ARQUE,consulta externa,nuevas en menores de 5 anos,2005-08-01,169,166,169,166,335
ASCENCION DE GUARAYOS,consulta externa,nuevas en menores de 5 anos,2005-08-01,455,351,455,351,806
ATOCHA,consulta externa,nuevas en menores de 5 anos,2005-08-01,412,361,412,361,773
AUCAPATA,consulta externa,nuevas en menores de 5 anos,2005-08-01,112,245,112,245,357
AYATA,consulta externa,nuevas en menores de 5 anos,2005-08-01,148,115,148,115,263
AYO AYO,consulta externa,nuevas en menores de 5 anos,2005-08-01,62,51,62,51,113
AYOPAYA (V. DE INDEPENDENCIA),consulta externa,nuevas en menores de 5 anos,2005-08-01,553,489,553,489,1042
AZURDUY,consulta externa,nuevas en menores de 5 anos,2005-08-01,584,611,584,611,1195
BATALLAS,consulta externa,nuevas en menores de 5 anos,2005-08-01,111,101,111,101,212
BAURES,consulta externa,nuevas en menores de 5 anos,2005-08-01,122,111,122,111,233
BELEN DE ANDAMARCA,consulta externa,nuevas en menores de 5 anos,2005-08-01,22,24,22,24,46
BELEN DE URMIRI,consulta externa,nuevas en menores de 5 anos,2005-08-01,68,51,68,51,119
BELLA FLOR,consulta externa,nuevas en menores de 5 anos,2005-08-01,109,136,109,136,245
BERMEJO,consulta externa,nuevas en menores de 5 anos,2005-08-01,613,789,613,789,1402
BETANZOS,consulta externa,nuevas en menores de 5 anos,2005-08-01,801,807,801,807,1608
BOLIVAR,consulta externa,nuevas en menores de 5 anos,2005-08-01,155,163,155,163,318
BOLPEBRA,consulta externa,nuevas en menores de 5 anos,2005-08-01,48,40,48,40,88
BOYUIBE,consulta externa,nuevas en menores de 5 anos,2005-08-01,90,94,90,94,184
BUENA VISTA,consulta externa,nuevas en menores de 5 anos,2005-08-01,307,311,307,311,618
CABEZAS,consulta externa,nuevas en menores de 5 anos,2005-08-01,423,359,423,359,782
CAIROMA,consulta externa,nuevas en menores de 5 anos,2005-08-01,153,141,153,141,294
"CAIZA ""D""",consulta externa,nuevas en menores de 5 anos,2005-08-01,175,177,175,177,352
CAJUATA,consulta externa,nuevas en menores de 5 anos,2005-08-01,161,139,161,139,300
CALACOTO,consulta externa,nuevas en menores de 5 anos,2005-08-01,59,55,59,55,114
CALAMARCA,consulta externa,nuevas en menores de 5 anos,2005-08-01,149,146,149,146,295
CAMARGO,consulta externa,nuevas en menores de 5 anos,2005-08-01,463,473,463,473,936
CAMATAQUI (C. VILLA ABECIA),consulta externa,nuevas en menores de 5 anos,2005-08-01,124,73,124,73,197
CAMIRI,consulta externa,nuevas en menores de 5 anos,2005-08-01,1098,1030,1098,1030,2128
CAPINOTA,consulta externa,nuevas en menores de 5 anos,2005-08-01,288,286,288,286,574
CAQUIAVIRI,consulta externa,nuevas en menores de 5 anos,2005-08-01,114,102,114,102,216
CARACOLLO,consulta externa,nuevas en menores de 5 anos,2005-08-01,241,197,241,197,438
CARANAVI,consulta externa,nuevas en menores de 5 anos,2005-08-01,1152,1019,1152,1019,2171
CARAPARI,consulta externa,nuevas en menores de 5 anos,2005-08-01,232,236,232,236,468
CARIPUYO,consulta externa,nuevas en menores de 5 anos,2005-08-01,257,239,257,239,496
CARMEN RIVERO TORREZ,consulta externa,nuevas en menores de 5 anos,2005-08-01,102,66,102,66,168
CATACORA,consulta externa,nuevas en menores de 5 anos,2005-08-01,32,15,32,15,47
CHACARILLA,consulta externa,nuevas en menores de 5 anos,2005-08-01,3,3,3,3,6
CHALLAPATA,consulta externa,nuevas en menores de 5 anos,2005-08-01,361,301,361,301,662
CHAQUI,consulta externa,nuevas en menores de 5 anos,2005-08-01,135,102,135,102,237
CHARAGUA,consulta externa,nuevas en menores de 5 anos,2005-08-01,607,605,607,605,1212
CHARAÑA,consulta externa,nuevas en menores de 5 anos,2005-08-01,26,26,26,26,52
CHAYANTA,consulta externa,nuevas en menores de 5 anos,2005-08-01,395,403,395,403,798
CHIMORE,consulta externa,nuevas en menores de 5 anos,2005-08-01,501,468,501,468,969
CHIPAYA,consulta externa,nuevas en menores de 5 anos,2005-08-01,24,20,24,20,44
CHOQUE COTA,consulta externa,nuevas en menores de 5 anos,2005-08-01,2,5,2,5,7
CHULUMANI (V. DE LA LIBERTAD),consulta externa,nuevas en menores de 5 anos,2005-08-01,230,248,230,248,478
CHUMA,consulta externa,nuevas en menores de 5 anos,2005-08-01,152,126,152,126,278
CLIZA,consulta externa,nuevas en menores de 5 anos,2005-08-01,187,153,187,153,340
COBIJA,consulta externa,nuevas en menores de 5 anos,2005-08-01,941,780,941,780,1721
COCHABAMBA,consulta externa,nuevas en menores de 5 anos,2005-08-01,8189,7403,8189,7403,15592
COIPASA,consulta externa,nuevas en menores de 5 anos,2005-08-01,13,14,13,14,27
COLCAPIRHUA,consulta externa,nuevas en menores de 5 anos,2005-08-01,379,343,379,343,722
"COLCHA ""K""",consulta externa,nuevas en menores de 5 anos,2005-08-01,203,213,203,213,416
COLLANA,consulta externa,nuevas en menores de 5 anos,2005-08-01,35,21,35,21,56
COLOMI,consulta externa,nuevas en menores de 5 anos,2005-08-01,228,249,228,249,477
COLPA BELGICA,consulta externa,nuevas en menores de 5 anos,2005-08-01,164,174,164,174,338
COLQUECHACA,consulta externa,nuevas en menores de 5 anos,2005-08-01,839,829,839,829,1668
COLQUENCHA,consulta externa,nuevas en menores de 5 anos,2005-08-01,76,75,76,75,151
COLQUIRI,consulta externa,nuevas en menores de 5 anos,2005-08-01,259,258,259,258,517
COMANCHE,consulta externa,nuevas en menores de 5 anos,2005-08-01,27,24,27,24,51
COMARAPA,consulta externa,nuevas en menores de 5 anos,2005-08-01,297,315,297,315,612
COMBAYA,consulta externa,nuevas en menores de 5 anos,2005-08-01,52,40,52,40,92
CONCEPCION,consulta externa,nuevas en menores de 5 anos,2005-08-01,262,226,262,226,488
COPACABANA,consulta externa,nuevas en menores de 5 anos,2005-08-01,62,63,62,63,125
CORIPATA,consulta externa,nuevas en menores de 5 anos,2005-08-01,263,206,263,206,469
CORO CORO,consulta externa,nuevas en menores de 5 anos,2005-08-01,130,107,130,107,237
COROICO,consulta externa,nuevas en menores de 5 anos,2005-08-01,209,213,209,213,422
CORQUE,consulta externa,nuevas en menores de 5 anos,2005-08-01,94,73,94,73,167
COTAGAITA,consulta externa,nuevas en menores de 5 anos,2005-08-01,924,794,924,794,1718
COTOCA,consulta externa,nuevas en menores de 5 anos,2005-08-01,949,786,949,786,1735
CUATRO CAÑADAS,consulta externa,nuevas en menores de 5 anos,2005-08-01,413,380,413,380,793
CUCHUMUELA (V. G. VILLARROEL),consulta externa,nuevas en menores de 5 anos,2005-08-01,22,23,22,23,45
CUEVO,consulta externa,nuevas en menores de 5 anos,2005-08-01,86,99,86,99,185
CULPINA,consulta externa,nuevas en menores de 5 anos,2005-08-01,639,607,639,607,1246
CURAHUARA DE CARANGAS,consulta externa,nuevas en menores de 5 anos,2005-08-01,144,121,144,121,265
CURVA,consulta externa,nuevas en menores de 5 anos,2005-08-01,57,53,57,53,110
DESAGUADERO,consulta externa,nuevas en menores de 5 anos,2005-08-01,73,44,73,44,117
EL ALTO,consulta externa,nuevas en menores de 5 anos,2005-08-01,8973,8165,8973,8165,17138
EL CHORO,consulta externa,nuevas en menores de 5 anos,2005-08-01,26,51,26,51,77
EL PUENTE(STC),consulta externa,nuevas en menores de 5 anos,2005-08-01,293,249,293,249,542
EL PUENTE(TJA),consulta externa,nuevas en menores de 5 anos,2005-08-01,218,175,218,175,393
EL TORNO,consulta externa,nuevas en menores de 5 anos,2005-08-01,1074,911,1074,911,1985
EL VILLAR,consulta externa,nuevas en menores de 5 anos,2005-08-01,266,272,266,272,538
ENTRE RIOS,consulta externa,nuevas en menores de 5 anos,2005-08-01,384,374,384,374,758
ENTRE RIOS,consulta externa,nuevas en menores de 5 anos,2005-08-01,356,353,356,353,709
ESCARA,consulta externa,nuevas en menores de 5 anos,2005-08-01,1,2,1,2,3
EUCALIPTUS,consulta externa,nuevas en menores de 5 anos,2005-08-01,209,181,209,181,390
EUREKA (SANTOS MERCADO),consulta externa,nuevas en menores de 5 anos,2005-08-01,5,18,5,18,23
EXALTACION,consulta externa,nuevas en menores de 5 anos,2005-08-01,33,49,33,49,82
FERNANDEZ ALONSO,consulta externa,nuevas en menores de 5 anos,2005-08-01,441,408,441,408,849
FILADELFIA,consulta externa,nuevas en menores de 5 anos,2005-08-01,61,81,61,81,142
GENERAL SAAVEDRA,consulta externa,nuevas en menores de 5 anos,2005-08-01,657,516,657,516,1173
GRAL. J.J. PEREZ (CHARAZANI),consulta externa,nuevas en menores de 5 anos,2005-08-01,126,116,126,116,242
GUANAY,consulta externa,nuevas en menores de 5 anos,2005-08-01,274,259,274,259,533
GUAQUI,consulta externa,nuevas en menores de 5 anos,2005-08-01,38,35,38,35,73
GUAYARAMERIN,consulta externa,nuevas en menores de 5 anos,2005-08-01,1300,1212,1300,1212,2512
GUTIERREZ,consulta externa,nuevas en menores de 5 anos,2005-08-01,361,377,361,377,738
HUACARETA,consulta externa,nuevas en menores de 5 anos,2005-08-01,331,319,331,319,650
HUACAYA (VILLA DE HUACAYA),consulta externa,nuevas en menores de 5 anos,2005-08-01,49,66,49,66,115
HUACHACALLA,consulta externa,nuevas en menores de 5 anos,2005-08-01,27,29,27,29,56
HUANUNI,consulta externa,nuevas en menores de 5 anos,2005-08-01,390,310,390,310,700
HUARACAJE,consulta externa,nuevas en menores de 5 anos,2005-08-01,105,91,105,91,196
HUAYLLAMARCA,consulta externa,nuevas en menores de 5 anos,2005-08-01,48,46,48,46,94
ICHOCA,consulta externa,nuevas en menores de 5 anos,2005-08-01,87,74,87,74,161
ICLA,consulta externa,nuevas en menores de 5 anos,2005-08-01,466,479,466,479,945
INCAHUASI,consulta externa,nuevas en menores de 5 anos,2005-08-01,720,762,720,762,1482
INGAVI (HUMAITA),consulta externa,nuevas en menores de 5 anos,2005-08-01,61,42,61,42,103
INQUISIVI,consulta externa,nuevas en menores de 5 anos,2005-08-01,177,213,177,213,390
IRUPANA (VILLA DE LANZA),consulta externa,nuevas en menores de 5 anos,2005-08-01,304,258,304,258,562
IXIAMAS,consulta externa,nuevas en menores de 5 anos,2005-08-01,269,204,269,204,473
JESUS DE MACHACA,consulta externa,nuevas en menores de 5 anos,2005-08-01,165,125,165,125,290
LA ASUNTA,consulta externa,nuevas en menores de 5 anos,2005-08-01,442,388,442,388,830
LA GUARDIA,consulta externa,nuevas en menores de 5 anos,2005-08-01,924,892,924,892,1816
LA PAZ,consulta externa,nuevas en menores de 5 anos,2005-08-01,12140,11292,12140,11292,23432
LA RIVERA,consulta externa,nuevas en menores de 5 anos,2005-08-01,3,7,3,7,10
LAGUNILLAS,consulta externa,nuevas en menores de 5 anos,2005-08-01,224,224,224,224,448
LAJA,consulta externa,nuevas en menores de 5 anos,2005-08-01,107,88,107,88,195
LAS CARRERAS,consulta externa,nuevas en menores de 5 anos,2005-08-01,86,40,86,40,126
LICOMA PAMPA,consulta externa,nuevas en menores de 5 anos,2005-08-01,19,26,19,26,45
LLALLAGUA,consulta externa,nuevas en menores de 5 anos,2005-08-01,544,443,544,443,987
LLICA,consulta externa,nuevas en menores de 5 anos,2005-08-01,66,84,66,84,150
LORETO,consulta externa,nuevas en menores de 5 anos,2005-08-01,55,71,55,71,126
LURIBAY,consulta externa,nuevas en menores de 5 anos,2005-08-01,131,83,131,83,214
MACHACAMARCA,consulta externa,nuevas en menores de 5 anos,2005-08-01,31,53,31,53,84
MACHARETI,consulta externa,nuevas en menores de 5 anos,2005-08-01,330,330,330,330,660
MAGDALENA,consulta externa,nuevas en menores de 5 anos,2005-08-01,248,236,248,236,484
MAIRANA,consulta externa,nuevas en menores de 5 anos,2005-08-01,150,140,150,140,290
MALLA,consulta externa,nuevas en menores de 5 anos,2005-08-01,55,59,55,59,114
MAPIRI,consulta externa,nuevas en menores de 5 anos,2005-08-01,249,241,249,241,490
MECAPACA,consulta externa,nuevas en menores de 5 anos,2005-08-01,125,107,125,107,232
MINEROS,consulta externa,nuevas en menores de 5 anos,2005-08-01,427,371,427,371,798
MIZQUE,consulta externa,nuevas en menores de 5 anos,2005-08-01,359,344,359,344,703
MOCOMOCO,consulta externa,nuevas en menores de 5 anos,2005-08-01,107,98,107,98,205
MOJINETE,consulta externa,nuevas en menores de 5 anos,2005-08-01,45,44,45,44,89
MOJOCOYA,consulta externa,nuevas en menores de 5 anos,2005-08-01,375,291,375,291,666
MONTEAGUDO,consulta externa,nuevas en menores de 5 anos,2005-08-01,843,793,843,793,1636
MONTERO,consulta externa,nuevas en menores de 5 anos,2005-08-01,5221,1996,5221,1996,7217
MORO MORO,consulta externa,nuevas en menores de 5 anos,2005-08-01,89,77,89,77,166
MOROCHATA,consulta externa,nuevas en menores de 5 anos,2005-08-01,209,231,209,231,440
NACEBE (SANTA ROSA DEL ABUNA),consulta externa,nuevas en menores de 5 anos,2005-08-01,42,31,42,31,73
NAZACARA DE PACAJES,consulta externa,nuevas en menores de 5 anos,2005-08-01,8,3,8,3,11
NUEVO MANOA (NUEVA ESPERANZA),consulta externa,nuevas en menores de 5 anos,2005-08-01,41,15,41,15,56
OCURI,consulta externa,nuevas en menores de 5 anos,2005-08-01,582,547,582,547,1129
OKINAWA,consulta externa,nuevas en menores de 5 anos,2005-08-01,336,319,336,319,655
OMEREQUE,consulta externa,nuevas en menores de 5 anos,2005-08-01,202,216,202,216,418
ORURO,consulta externa,nuevas en menores de 5 anos,2005-08-01,3742,3218,3742,3218,6960
PADCAYA,consulta externa,nuevas en menores de 5 anos,2005-08-01,526,493,526,493,1019
PADILLA,consulta externa,nuevas en menores de 5 anos,2005-08-01,451,378,451,378,829
PAILON,consulta externa,nuevas en menores de 5 anos,2005-08-01,325,304,325,304,629
PALCA,consulta externa,nuevas en menores de 5 anos,2005-08-01,114,82,114,82,196
PALOS BLANCOS,consulta externa,nuevas en menores de 5 anos,2005-08-01,608,532,608,532,1140
PAMPA AULLAGAS,consulta externa,nuevas en menores de 5 anos,2005-08-01,27,50,27,50,77
PAMPA GRANDE,consulta externa,nuevas en menores de 5 anos,2005-08-01,128,165,128,165,293
PAPEL PAMPA,consulta externa,nuevas en menores de 5 anos,2005-08-01,64,67,64,67,131
PASORAPA,consulta externa,nuevas en menores de 5 anos,2005-08-01,49,40,49,40,89
PATACAMAYA,consulta externa,nuevas en menores de 5 anos,2005-08-01,203,210,203,210,413
PAZÑA,consulta externa,nuevas en menores de 5 anos,2005-08-01,78,60,78,60,138
PELECHUCO,consulta externa,nuevas en menores de 5 anos,2005-08-01,88,81,88,81,169
POCOATA,consulta externa,nuevas en menores de 5 anos,2005-08-01,395,403,395,403,798
POCONA,consulta externa,nuevas en menores de 5 anos,2005-08-01,218,243,218,243,461
POJO (CBBA),consulta externa,nuevas en menores de 5 anos,2005-08-01,133,138,133,138,271
POOPO,consulta externa,nuevas en menores de 5 anos,2005-08-01,53,43,53,43,96
PORCO,consulta externa,nuevas en menores de 5 anos,2005-08-01,116,118,116,118,234
POROMA,consulta externa,nuevas en menores de 5 anos,2005-08-01,591,514,591,514,1105
PORONGO,consulta externa,nuevas en menores de 5 anos,2005-08-01,250,187,250,187,437
PORTACHUELO,consulta externa,nuevas en menores de 5 anos,2005-08-01,561,476,561,476,1037
PORVENIR,consulta externa,nuevas en menores de 5 anos,2005-08-01,127,91,127,91,218
POSTRER VALLE,consulta externa,nuevas en menores de 5 anos,2005-08-01,53,40,53,40,93
POTOSI,consulta externa,nuevas en menores de 5 anos,2005-08-01,3201,2979,3201,2979,6180
PRESTO,consulta externa,nuevas en menores de 5 anos,2005-08-01,361,331,361,331,692
PUCARA,consulta externa,nuevas en menores de 5 anos,2005-08-01,83,50,83,50,133
PUCARANI,consulta externa,nuevas en menores de 5 anos,2005-08-01,253,252,253,252,505
PUERTO ACOSTA,consulta externa,nuevas en menores de 5 anos,2005-08-01,202,172,202,172,374
PUERTO CARABUCO,consulta externa,nuevas en menores de 5 anos,2005-08-01,125,114,125,114,239
PUERTO GONZALO MORENO,consulta externa,nuevas en menores de 5 anos,2005-08-01,113,124,113,124,237
PUERTO PEREZ,consulta externa,nuevas en menores de 5 anos,2005-08-01,67,59,67,59,126
PUERTO QUIJARRO,consulta externa,nuevas en menores de 5 anos,2005-08-01,251,211,251,211,462
PUERTO RICO,consulta externa,nuevas en menores de 5 anos,2005-08-01,279,252,279,252,531
PUERTO SILES,consulta externa,nuevas en menores de 5 anos,2005-08-01,14,22,14,22,36
PUERTO SUAREZ,consulta externa,nuevas en menores de 5 anos,2005-08-01,445,387,445,387,832
PUERTO VILLARROEL,consulta externa,nuevas en menores de 5 anos,2005-08-01,1127,1119,1127,1119,2246
PUNA,consulta externa,nuevas en menores de 5 anos,2005-08-01,781,752,781,752,1533
PUNATA,consulta externa,nuevas en menores de 5 anos,2005-08-01,301,259,301,259,560
QUIABAYA,consulta externa,nuevas en menores de 5 anos,2005-08-01,43,41,43,41,84
QUILLACOLLO,consulta externa,nuevas en menores de 5 anos,2005-08-01,1132,977,1132,977,2109
QUIME,consulta externa,nuevas en menores de 5 anos,2005-08-01,114,97,114,97,211
QUIRUSILLAS,consulta externa,nuevas en menores de 5 anos,2005-08-01,39,43,39,43,82
RAVELO,consulta externa,nuevas en menores de 5 anos,2005-08-01,631,626,631,626,1257
REYES,consulta externa,nuevas en menores de 5 anos,2005-08-01,447,433,447,433,880
RIBERALTA,consulta externa,nuevas en menores de 5 anos,2005-08-01,1891,1735,1891,1735,3626
ROBORE,consulta externa,nuevas en menores de 5 anos,2005-08-01,241,290,241,290,531
RURRENABAQUE,consulta externa,nuevas en menores de 5 anos,2005-08-01,270,251,270,251,521
SABAYA,consulta externa,nuevas en menores de 5 anos,2005-08-01,70,48,70,48,118
SACABA,consulta externa,nuevas en menores de 5 anos,2005-08-01,860,795,860,795,1655
SACABAMBA,consulta externa,nuevas en menores de 5 anos,2005-08-01,65,61,65,61,126
SACACA,consulta externa,nuevas en menores de 5 anos,2005-08-01,736,663,736,663,1399
SAIPINA,consulta externa,nuevas en menores de 5 anos,2005-08-01,129,126,129,126,255
SALINAS DE GARCI MENDOZA,consulta externa,nuevas en menores de 5 anos,2005-08-01,169,125,169,125,294
SAMAIPATA,consulta externa,nuevas en menores de 5 anos,2005-08-01,165,137,165,137,302
SAN AGUSTIN,consulta externa,nuevas en menores de 5 anos,2005-08-01,48,37,48,37,85
SAN ANDRES,consulta externa,nuevas en menores de 5 anos,2005-08-01,344,285,344,285,629
SAN ANDRES DE MACHACA,consulta externa,nuevas en menores de 5 anos,2005-08-01,35,48,35,48,83
SAN ANTONIO DE ESMORUCO,consulta externa,nuevas en menores de 5 anos,2005-08-01,50,56,50,56,106
SAN ANTONIO DE LOMERIO,consulta externa,nuevas en menores de 5 anos,2005-08-01,88,89,88,89,177
SAN BENITO,consulta externa,nuevas en menores de 5 anos,2005-08-01,149,121,149,121,270
SAN BORJA,consulta externa,nuevas en menores de 5 anos,2005-08-01,557,507,557,507,1064
SAN BUENA VENTURA,consulta externa,nuevas en menores de 5 anos,2005-08-01,221,189,221,189,410
SAN CARLOS,consulta externa,nuevas en menores de 5 anos,2005-08-01,361,363,361,363,724
SAN IGNACIO,consulta externa,nuevas en menores de 5 anos,2005-08-01,604,588,604,588,1192
SAN IGNACIO DE VELASCO,consulta externa,nuevas en menores de 5 anos,2005-08-01,1076,991,1076,991,2067
SAN JAVIER(BNI),consulta externa,nuevas en menores de 5 anos,2005-08-01,248,66,248,66,314
SAN JAVIER(STC),consulta externa,nuevas en menores de 5 anos,2005-08-01,182,172,182,172,354
SAN JOAQUIN,consulta externa,nuevas en menores de 5 anos,2005-08-01,59,70,59,70,129
SAN JOSE DE CHIQUITOS,consulta externa,nuevas en menores de 5 anos,2005-08-01,446,505,446,505,951
SAN JUAN DE YAPACANI,consulta externa,nuevas en menores de 5 anos,2005-08-01,360,321,360,321,681
SAN JULIAN,consulta externa,nuevas en menores de 5 anos,2005-08-01,1176,1136,1176,1136,2312
SAN LORENZO(PND),consulta externa,nuevas en menores de 5 anos,2005-08-01,234,180,234,180,414
SAN LORENZO(TJA),consulta externa,nuevas en menores de 5 anos,2005-08-01,534,537,534,537,1071
SAN LUCAS,consulta externa,nuevas en menores de 5 anos,2005-08-01,1229,1221,1229,1221,2450
SAN MATIAS,consulta externa,nuevas en menores de 5 anos,2005-08-01,280,285,280,285,565
SAN MIGUEL DE VELASCO,consulta externa,nuevas en menores de 5 anos,2005-08-01,227,242,227,242,469
SAN PABLO DE LIPEZ,consulta externa,nuevas en menores de 5 anos,2005-08-01,138,122,138,122,260
SAN PEDRO,consulta externa,nuevas en menores de 5 anos,2005-08-01,675,616,675,616,1291
SAN PEDRO DE BUENA VISTA,consulta externa,nuevas en menores de 5 anos,2005-08-01,805,712,805,712,1517
SAN PEDRO DE CURAHUARA,consulta externa,nuevas en menores de 5 anos,2005-08-01,83,70,83,70,153
SAN PEDRO DE QUEMES,consulta externa,nuevas en menores de 5 anos,2005-08-01,3,7,3,7,10
SAN PEDRO DE TIQUINA,consulta externa,nuevas en menores de 5 anos,2005-08-01,35,29,35,29,64
SAN PEDRO(PND),consulta externa,nuevas en menores de 5 anos,2005-08-01,73,98,73,98,171
SAN RAFAEL,consulta externa,nuevas en menores de 5 anos,2005-08-01,72,77,72,77,149
SAN RAMON,consulta externa,nuevas en menores de 5 anos,2005-08-01,146,114,146,114,260
SAN RAMON,consulta externa,nuevas en menores de 5 anos,2005-08-01,166,161,166,161,327
SANTA ANA,consulta externa,nuevas en menores de 5 anos,2005-08-01,307,286,307,286,593
SANTA CRUZ DE LA SIERRA,consulta externa,nuevas en menores de 5 anos,2005-08-01,18616,17935,18616,17935,36551
SANTA ROSA,consulta externa,nuevas en menores de 5 anos,2005-08-01,154,199,154,199,353
SANTA ROSA DEL SARA,consulta externa,nuevas en menores de 5 anos,2005-08-01,514,578,514,578,1092
SANTIAGO DE CALLAPA,consulta externa,nuevas en menores de 5 anos,2005-08-01,60,66,60,66,126
SANTIAGO DE HUARI,consulta externa,nuevas en menores de 5 anos,2005-08-01,116,111,116,111,227
SANTIAGO DE MACHACA,consulta externa,nuevas en menores de 5 anos,2005-08-01,21,18,21,18,39
SANTIVAÑES,consulta externa,nuevas en menores de 5 anos,2005-08-01,83,75,83,75,158
SANTUARIO DE QUILLACAS,consulta externa,nuevas en menores de 5 anos,2005-08-01,37,38,37,38,75
SAPAHAQUI,consulta externa,nuevas en menores de 5 anos,2005-08-01,77,104,77,104,181
SENA,consulta externa,nuevas en menores de 5 anos,2005-08-01,110,123,110,123,233
SICA SICA (VILLA AROMA),consulta externa,nuevas en menores de 5 anos,2005-08-01,191,175,191,175,366
SICAYA,consulta externa,nuevas en menores de 5 anos,2005-08-01,119,79,119,79,198
SIPE SIPE,consulta externa,nuevas en menores de 5 anos,2005-08-01,388,400,388,400,788
SOPACHUY,consulta externa,nuevas en menores de 5 anos,2005-08-01,324,353,324,353,677
SORACACHI,consulta externa,nuevas en menores de 5 anos,2005-08-01,94,101,94,101,195
SORATA,consulta externa,nuevas en menores de 5 anos,2005-08-01,189,156,189,156,345
SUCRE,consulta externa,nuevas en menores de 5 anos,2005-08-01,7498,6358,7498,6358,13856
TACACHI,consulta externa,nuevas en menores de 5 anos,2005-08-01,15,11,15,11,26
TACACOMA,consulta externa,nuevas en menores de 5 anos,2005-08-01,76,63,76,63,139
TACOBAMBA,consulta externa,nuevas en menores de 5 anos,2005-08-01,207,172,207,172,379
TACOPAYA,consulta externa,nuevas en menores de 5 anos,2005-08-01,212,193,212,193,405
TAHUA,consulta externa,nuevas en menores de 5 anos,2005-08-01,23,16,23,16,39
TAPACARI,consulta externa,nuevas en menores de 5 anos,2005-08-01,320,324,320,324,644
TARABUCO,consulta externa,nuevas en menores de 5 anos,2005-08-01,658,707,658,707,1365
TARACO,consulta externa,nuevas en menores de 5 anos,2005-08-01,20,30,20,30,50
TARATA,consulta externa,nuevas en menores de 5 anos,2005-08-01,103,104,103,104,207
TARIJA,consulta externa,nuevas en menores de 5 anos,2005-08-01,4146,3784,4146,3784,7930
TARVITA,consulta externa,nuevas en menores de 5 anos,2005-08-01,712,705,712,705,1417
TEOPONTE,consulta externa,nuevas en menores de 5 anos,2005-08-01,189,187,189,187,376
TIAWANACU,consulta externa,nuevas en menores de 5 anos,2005-08-01,93,85,93,85,178
TINGUIPAYA,consulta externa,nuevas en menores de 5 anos,2005-08-01,420,381,420,381,801
TIPUANI,consulta externa,nuevas en menores de 5 anos,2005-08-01,83,72,83,72,155
TIQUIPAYA,consulta externa,nuevas en menores de 5 anos,2005-08-01,450,381,450,381,831
TIRAQUE (CBBA),consulta externa,nuevas en menores de 5 anos,2005-08-01,706,498,706,498,1204
TITO YUPANQUI (PARQUIPUJIO),consulta externa,nuevas en menores de 5 anos,2005-08-01,29,28,29,28,57
TOCO,consulta externa,nuevas en menores de 5 anos,2005-08-01,43,50,43,50,93
TODOS SANTOS,consulta externa,nuevas en menores de 5 anos,2005-08-01,6,3,6,3,9
TOLATA,consulta externa,nuevas en menores de 5 anos,2005-08-01,45,36,45,36,81
TOLEDO,consulta externa,nuevas en menores de 5 anos,2005-08-01,84,71,84,71,155
TOMAVE,consulta externa,nuevas en menores de 5 anos,2005-08-01,218,237,218,237,455
TOMINA,consulta externa,nuevas en menores de 5 anos,2005-08-01,373,346,373,346,719
TORO TORO,consulta externa,nuevas en menores de 5 anos,2005-08-01,285,267,285,267,552
TOTORA(CBBA),consulta externa,nuevas en menores de 5 anos,2005-08-01,309,329,309,329,638
TOTORA(ORR),consulta externa,nuevas en menores de 5 anos,2005-08-01,47,56,47,56,103
TRIGAL,consulta externa,nuevas en menores de 5 anos,2005-08-01,43,38,43,38,81
TRINIDAD,consulta externa,nuevas en menores de 5 anos,2005-08-01,3402,1962,3402,1962,5364
TUPIZA,consulta externa,nuevas en menores de 5 anos,2005-08-01,1143,1147,1143,1147,2290
TURCO,consulta externa,nuevas en menores de 5 anos,2005-08-01,51,41,51,41,92
UMALA,consulta externa,nuevas en menores de 5 anos,2005-08-01,93,82,93,82,175
UNCIA,consulta externa,nuevas en menores de 5 anos,2005-08-01,582,475,582,475,1057
URIONDO (A. CONCEPCION),consulta externa,nuevas en menores de 5 anos,2005-08-01,495,478,495,478,973
URUBICHA,consulta externa,nuevas en menores de 5 anos,2005-08-01,226,264,226,264,490
UYUNI,consulta externa,nuevas en menores de 5 anos,2005-08-01,214,195,214,195,409
VACAS,consulta externa,nuevas en menores de 5 anos,2005-08-01,160,145,160,145,305
VALLEGRANDE,consulta externa,nuevas en menores de 5 anos,2005-08-01,263,258,263,258,521
VIACHA,consulta externa,nuevas en menores de 5 anos,2005-08-01,447,439,447,439,886
VILA VILA,consulta externa,nuevas en menores de 5 anos,2005-08-01,74,68,74,68,142
VILLA MONTES,consulta externa,nuevas en menores de 5 anos,2005-08-01,589,529,589,529,1118
VILLA NUEVA (LOMA ALTA),consulta externa,nuevas en menores de 5 anos,2005-08-01,75,66,75,66,141
VILLA RIVERO,consulta externa,nuevas en menores de 5 anos,2005-08-01,70,55,70,55,125
VILLA SERRANO,consulta externa,nuevas en menores de 5 anos,2005-08-01,419,442,419,442,861
VILLA TUNARI,consulta externa,nuevas en menores de 5 anos,2005-08-01,1637,1423,1637,1423,3060
VILLA VACA GUZMAN (MUYUPAMPA),consulta externa,nuevas en menores de 5 anos,2005-08-01,285,305,285,305,590
VILLAZON,consulta externa,nuevas en menores de 5 anos,2005-08-01,973,939,973,939,1912
VINTO,consulta externa,nuevas en menores de 5 anos,2005-08-01,302,282,302,282,584
VITICHI,consulta externa,nuevas en menores de 5 anos,2005-08-01,225,186,225,186,411
WALDO BALLIVIAN,consulta externa,nuevas en menores de 5 anos,2005-08-01,45,51,45,51,96
WARNES,consulta externa,nuevas en menores de 5 anos,2005-08-01,1101,1033,1101,1033,2134
YACO,consulta externa,nuevas en menores de 5 anos,2005-08-01,90,79,90,79,169
YACUIBA,consulta externa,nuevas en menores de 5 anos,2005-08-01,1629,1734,1629,1734,3363
YAMPARAEZ,consulta externa,nuevas en menores de 5 anos,2005-08-01,258,205,258,205,463
YANACACHI,consulta externa,nuevas en menores de 5 anos,2005-08-01,63,76,63,76,139
YAPACANI,consulta externa,nuevas en menores de 5 anos,2005-08-01,776,673,776,673,1449
YOCALLA,consulta externa,nuevas en menores de 5 anos,2005-08-01,109,87,109,87,196
YOTALA,consulta externa,nuevas en menores de 5 anos,2005-08-01,150,193,150,193,343
YUNCHARA,consulta externa,nuevas en menores de 5 anos,2005-08-01,144,130,144,130,274
ZUDAÑEZ,consulta externa,nuevas en menores de 5 anos,2005-08-01,212,211,212,211,423
ACACIO,consulta externa,nuevas en menores de 5 anos,2005-09-01,172,173,172,173,345
ACHACACHI,consulta externa,nuevas en menores de 5 anos,2005-09-01,388,388,388,388,776
ACHOCALLA,consulta externa,nuevas en menores de 5 anos,2005-09-01,121,110,121,110,231
AIQUILE,consulta externa,nuevas en menores de 5 anos,2005-09-01,360,324,360,324,684
ALALAY,consulta externa,nuevas en menores de 5 anos,2005-09-01,83,69,83,69,152
ALCALA,consulta externa,nuevas en menores de 5 anos,2005-09-01,210,204,210,204,414
ANCORAIMES,consulta externa,nuevas en menores de 5 anos,2005-09-01,245,213,245,213,458
ANDAMARCA,consulta externa,nuevas en menores de 5 anos,2005-09-01,79,66,79,66,145
ANTEQUERA,consulta externa,nuevas en menores de 5 anos,2005-09-01,34,40,34,40,74
ANZALDO,consulta externa,nuevas en menores de 5 anos,2005-09-01,105,102,105,102,207
APOLO,consulta externa,nuevas en menores de 5 anos,2005-09-01,365,323,365,323,688
ARAMPAMPA,consulta externa,nuevas en menores de 5 anos,2005-09-01,138,117,138,117,255
ARANI,consulta externa,nuevas en menores de 5 anos,2005-09-01,110,96,110,96,206
ARBIETO,consulta externa,nuevas en menores de 5 anos,2005-09-01,79,73,79,73,152
ARQUE,consulta externa,nuevas en menores de 5 anos,2005-09-01,134,136,134,136,270
ASCENCION DE GUARAYOS,consulta externa,nuevas en menores de 5 anos,2005-09-01,412,358,412,358,770
ATOCHA,consulta externa,nuevas en menores de 5 anos,2005-09-01,335,329,335,329,664
AUCAPATA,consulta externa,nuevas en menores de 5 anos,2005-09-01,65,72,65,72,137
AYATA,consulta externa,nuevas en menores de 5 anos,2005-09-01,176,180,176,180,356
AYO AYO,consulta externa,nuevas en menores de 5 anos,2005-09-01,54,38,54,38,92
AYOPAYA (V. DE INDEPENDENCIA),consulta externa,nuevas en menores de 5 anos,2005-09-01,462,444,462,444,906
AZURDUY,consulta externa,nuevas en menores de 5 anos,2005-09-01,583,532,583,532,1115
BATALLAS,consulta externa,nuevas en menores de 5 anos,2005-09-01,104,103,104,103,207
BAURES,consulta externa,nuevas en menores de 5 anos,2005-09-01,76,99,76,99,175
BELEN DE ANDAMARCA,consulta externa,nuevas en menores de 5 anos,2005-09-01,25,12,25,12,37
BELEN DE URMIRI,consulta externa,nuevas en menores de 5 anos,2005-09-01,67,55,67,55,122
BELLA FLOR,consulta externa,nuevas en menores de 5 anos,2005-09-01,109,116,109,116,225
BERMEJO,consulta externa,nuevas en menores de 5 anos,2005-09-01,587,772,587,772,1359
BETANZOS,consulta externa,nuevas en menores de 5 anos,2005-09-01,802,763,802,763,1565
BOLIVAR,consulta externa,nuevas en menores de 5 anos,2005-09-01,145,147,145,147,292
BOLPEBRA,consulta externa,nuevas en menores de 5 anos,2005-09-01,44,29,44,29,73
BOYUIBE,consulta externa,nuevas en menores de 5 anos,2005-09-01,169,90,169,90,259
BUENA VISTA,consulta externa,nuevas en menores de 5 anos,2005-09-01,287,256,287,256,543
CABEZAS,consulta externa,nuevas en menores de 5 anos,2005-09-01,394,356,394,356,750
CAIROMA,consulta externa,nuevas en menores de 5 anos,2005-09-01,132,170,132,170,302
"CAIZA ""D""",consulta externa,nuevas en menores de 5 anos,2005-09-01,155,157,155,157,312
CAJUATA,consulta externa,nuevas en menores de 5 anos,2005-09-01,266,145,266,145,411
CALACOTO,consulta externa,nuevas en menores de 5 anos,2005-09-01,74,62,74,62,136
CALAMARCA,consulta externa,nuevas en menores de 5 anos,2005-09-01,148,148,148,148,296
CAMARGO,consulta externa,nuevas en menores de 5 anos,2005-09-01,407,396,407,396,803
CAMATAQUI (C. VILLA ABECIA),consulta externa,nuevas en menores de 5 anos,2005-09-01,83,49,83,49,132
CAMIRI,consulta externa,nuevas en menores de 5 anos,2005-09-01,1145,1149,1145,1149,2294
CAPINOTA,consulta externa,nuevas en menores de 5 anos,2005-09-01,314,288,314,288,602
CAQUIAVIRI,consulta externa,nuevas en menores de 5 anos,2005-09-01,133,122,133,122,255
CARACOLLO,consulta externa,nuevas en menores de 5 anos,2005-09-01,262,222,262,222,484
CARANAVI,consulta externa,nuevas en menores de 5 anos,2005-09-01,905,856,905,856,1761
CARANGAS,consulta externa,nuevas en menores de 5 anos,2005-09-01,1,1,1,1,2
CARAPARI,consulta externa,nuevas en menores de 5 anos,2005-09-01,206,196,206,196,402
CARIPUYO,consulta externa,nuevas en menores de 5 anos,2005-09-01,356,304,356,304,660
CARMEN RIVERO TORREZ,consulta externa,nuevas en menores de 5 anos,2005-09-01,58,44,58,44,102
CATACORA,consulta externa,nuevas en menores de 5 anos,2005-09-01,23,19,23,19,42
CHACARILLA,consulta externa,nuevas en menores de 5 anos,2005-09-01,52,60,52,60,112
CHALLAPATA,consulta externa,nuevas en menores de 5 anos,2005-09-01,344,272,344,272,616
CHAQUI,consulta externa,nuevas en menores de 5 anos,2005-09-01,112,137,112,137,249
CHARAGUA,consulta externa,nuevas en menores de 5 anos,2005-09-01,640,630,640,630,1270
CHARAÑA,consulta externa,nuevas en menores de 5 anos,2005-09-01,35,37,35,37,72
CHAYANTA,consulta externa,nuevas en menores de 5 anos,2005-09-01,313,320,313,320,633
CHIMORE,consulta externa,nuevas en menores de 5 anos,2005-09-01,587,542,587,542,1129
CHIPAYA,consulta externa,nuevas en menores de 5 anos,2005-09-01,26,20,26,20,46
CHOQUE COTA,consulta externa,nuevas en menores de 5 anos,2005-09-01,37,40,37,40,77
CHULUMANI (V. DE LA LIBERTAD),consulta externa,nuevas en menores de 5 anos,2005-09-01,281,278,281,278,559
CHUMA,consulta externa,nuevas en menores de 5 anos,2005-09-01,112,137,112,137,249
CLIZA,consulta externa,nuevas en menores de 5 anos,2005-09-01,196,153,196,153,349
COBIJA,consulta externa,nuevas en menores de 5 anos,2005-09-01,1009,838,1009,838,1847
COCHABAMBA,consulta externa,nuevas en menores de 5 anos,2005-09-01,7808,7252,7808,7252,15060
COIPASA,consulta externa,nuevas en menores de 5 anos,2005-09-01,9,10,9,10,19
COLCAPIRHUA,consulta externa,nuevas en menores de 5 anos,2005-09-01,450,392,450,392,842
"COLCHA ""K""",consulta externa,nuevas en menores de 5 anos,2005-09-01,177,200,177,200,377
COLLANA,consulta externa,nuevas en menores de 5 anos,2005-09-01,25,30,25,30,55
COLOMI,consulta externa,nuevas en menores de 5 anos,2005-09-01,282,272,282,272,554
COLPA BELGICA,consulta externa,nuevas en menores de 5 anos,2005-09-01,140,118,140,118,258
COLQUECHACA,consulta externa,nuevas en menores de 5 anos,2005-09-01,1138,736,1138,736,1874
COLQUENCHA,consulta externa,nuevas en menores de 5 anos,2005-09-01,83,79,83,79,162
COLQUIRI,consulta externa,nuevas en menores de 5 anos,2005-09-01,307,313,307,313,620
COMANCHE,consulta externa,nuevas en menores de 5 anos,2005-09-01,39,50,39,50,89
COMARAPA,consulta externa,nuevas en menores de 5 anos,2005-09-01,306,307,306,307,613
COMBAYA,consulta externa,nuevas en menores de 5 anos,2005-09-01,28,22,28,22,50
CONCEPCION,consulta externa,nuevas en menores de 5 anos,2005-09-01,179,172,179,172,351
COPACABANA,consulta externa,nuevas en menores de 5 anos,2005-09-01,65,75,65,75,140
CORIPATA,consulta externa,nuevas en menores de 5 anos,2005-09-01,232,193,232,193,425
CORO CORO,consulta externa,nuevas en menores de 5 anos,2005-09-01,140,119,140,119,259
COROICO,consulta externa,nuevas en menores de 5 anos,2005-09-01,293,222,293,222,515
CORQUE,consulta externa,nuevas en menores de 5 anos,2005-09-01,88,115,88,115,203
COTAGAITA,consulta externa,nuevas en menores de 5 anos,2005-09-01,675,676,675,676,1351
COTOCA,consulta externa,nuevas en menores de 5 anos,2005-09-01,634,539,634,539,1173
CUATRO CAÑADAS,consulta externa,nuevas en menores de 5 anos,2005-09-01,415,328,415,328,743
CUCHUMUELA (V. G. VILLARROEL),consulta externa,nuevas en menores de 5 anos,2005-09-01,34,13,34,13,47
CUEVO,consulta externa,nuevas en menores de 5 anos,2005-09-01,89,111,89,111,200
CULPINA,consulta externa,nuevas en menores de 5 anos,2005-09-01,472,484,472,484,956
CURAHUARA DE CARANGAS,consulta externa,nuevas en menores de 5 anos,2005-09-01,103,101,103,101,204
CURVA,consulta externa,nuevas en menores de 5 anos,2005-09-01,50,30,50,30,80
DESAGUADERO,consulta externa,nuevas en menores de 5 anos,2005-09-01,62,37,62,37,99
EL ALTO,consulta externa,nuevas en menores de 5 anos,2005-09-01,8942,9051,8942,9051,17993
EL CHORO,consulta externa,nuevas en menores de 5 anos,2005-09-01,45,39,45,39,84
EL PUENTE(STC),consulta externa,nuevas en menores de 5 anos,2005-09-01,249,240,249,240,489
EL PUENTE(TJA),consulta externa,nuevas en menores de 5 anos,2005-09-01,226,182,226,182,408
EL TORNO,consulta externa,nuevas en menores de 5 anos,2005-09-01,1087,932,1087,932,2019
EL VILLAR,consulta externa,nuevas en menores de 5 anos,2005-09-01,208,203,208,203,411
ENTRE RIOS,consulta externa,nuevas en menores de 5 anos,2005-09-01,434,413,434,413,847
ENTRE RIOS,consulta externa,nuevas en menores de 5 anos,2005-09-01,356,325,356,325,681
ESCARA,consulta externa,nuevas en menores de 5 anos,2005-09-01,5,3,5,3,8
EUCALIPTUS,consulta externa,nuevas en menores de 5 anos,2005-09-01,167,149,167,149,316
EUREKA (SANTOS MERCADO),consulta externa,nuevas en menores de 5 anos,2005-09-01,36,42,36,42,78
EXALTACION,consulta externa,nuevas en menores de 5 anos,2005-09-01,66,78,66,78,144
FERNANDEZ ALONSO,consulta externa,nuevas en menores de 5 anos,2005-09-01,446,417,446,417,863
FILADELFIA,consulta externa,nuevas en menores de 5 anos,2005-09-01,104,112,104,112,216
GENERAL SAAVEDRA,consulta externa,nuevas en menores de 5 anos,2005-09-01,622,535,622,535,1157
GRAL. J.J. PEREZ (CHARAZANI),consulta externa,nuevas en menores de 5 anos,2005-09-01,205,206,205,206,411
GUANAY,consulta externa,nuevas en menores de 5 anos,2005-09-01,346,332,346,332,678
GUAQUI,consulta externa,nuevas en menores de 5 anos,2005-09-01,39,31,39,31,70
GUAYARAMERIN,consulta externa,nuevas en menores de 5 anos,2005-09-01,856,816,856,816,1672
GUTIERREZ,consulta externa,nuevas en menores de 5 anos,2005-09-01,476,442,476,442,918
HUACARETA,consulta externa,nuevas en menores de 5 anos,2005-09-01,297,268,297,268,565
HUACAYA (VILLA DE HUACAYA),consulta externa,nuevas en menores de 5 anos,2005-09-01,169,141,169,141,310
HUACHACALLA,consulta externa,nuevas en menores de 5 anos,2005-09-01,14,6,14,6,20
HUANUNI,consulta externa,nuevas en menores de 5 anos,2005-09-01,440,330,440,330,770
HUARACAJE,consulta externa,nuevas en menores de 5 anos,2005-09-01,88,73,88,73,161
HUAYLLAMARCA,consulta externa,nuevas en menores de 5 anos,2005-09-01,79,120,79,120,199
ICHOCA,consulta externa,nuevas en menores de 5 anos,2005-09-01,65,71,65,71,136
ICLA,consulta externa,nuevas en menores de 5 anos,2005-09-01,326,299,326,299,625
INCAHUASI,consulta externa,nuevas en menores de 5 anos,2005-09-01,460,489,460,489,949
INGAVI (HUMAITA),consulta externa,nuevas en menores de 5 anos,2005-09-01,21,16,21,16,37
INQUISIVI,consulta externa,nuevas en menores de 5 anos,2005-09-01,163,187,163,187,350
IRUPANA (VILLA DE LANZA),consulta externa,nuevas en menores de 5 anos,2005-09-01,285,259,285,259,544
IXIAMAS,consulta externa,nuevas en menores de 5 anos,2005-09-01,254,149,254,149,403
JESUS DE MACHACA,consulta externa,nuevas en menores de 5 anos,2005-09-01,138,115,138,115,253
LA ASUNTA,consulta externa,nuevas en menores de 5 anos,2005-09-01,401,333,401,333,734
LA GUARDIA,consulta externa,nuevas en menores de 5 anos,2005-09-01,836,844,836,844,1680
LA PAZ,consulta externa,nuevas en menores de 5 anos,2005-09-01,12627,12145,12627,12145,24772
LA RIVERA,consulta externa,nuevas en menores de 5 anos,2005-09-01,7,5,7,5,12
LAGUNILLAS,consulta externa,nuevas en menores de 5 anos,2005-09-01,277,273,277,273,550
LAJA,consulta externa,nuevas en menores de 5 anos,2005-09-01,112,107,112,107,219
LAS CARRERAS,consulta externa,nuevas en menores de 5 anos,2005-09-01,68,63,68,63,131
LICOMA PAMPA,consulta externa,nuevas en menores de 5 anos,2005-09-01,28,29,28,29,57
LLALLAGUA,consulta externa,nuevas en menores de 5 anos,2005-09-01,577,464,577,464,1041
LLICA,consulta externa,nuevas en menores de 5 anos,2005-09-01,58,67,58,67,125
LORETO,consulta externa,nuevas en menores de 5 anos,2005-09-01,124,66,124,66,190
LURIBAY,consulta externa,nuevas en menores de 5 anos,2005-09-01,148,138,148,138,286
MACHACAMARCA,consulta externa,nuevas en menores de 5 anos,2005-09-01,32,42,32,42,74
MACHARETI,consulta externa,nuevas en menores de 5 anos,2005-09-01,330,326,330,326,656
MAGDALENA,consulta externa,nuevas en menores de 5 anos,2005-09-01,192,189,192,189,381
MAIRANA,consulta externa,nuevas en menores de 5 anos,2005-09-01,98,127,98,127,225
MALLA,consulta externa,nuevas en menores de 5 anos,2005-09-01,56,62,56,62,118
MAPIRI,consulta externa,nuevas en menores de 5 anos,2005-09-01,271,225,271,225,496
MECAPACA,consulta externa,nuevas en menores de 5 anos,2005-09-01,173,138,173,138,311
MINEROS,consulta externa,nuevas en menores de 5 anos,2005-09-01,375,296,375,296,671
MIZQUE,consulta externa,nuevas en menores de 5 anos,2005-09-01,306,307,306,307,613
MOCOMOCO,consulta externa,nuevas en menores de 5 anos,2005-09-01,166,183,166,183,349
MOJINETE,consulta externa,nuevas en menores de 5 anos,2005-09-01,27,10,27,10,37
MOJOCOYA,consulta externa,nuevas en menores de 5 anos,2005-09-01,194,135,194,135,329
MONTEAGUDO,consulta externa,nuevas en menores de 5 anos,2005-09-01,879,787,879,787,1666
MONTERO,consulta externa,nuevas en menores de 5 anos,2005-09-01,2132,1918,2132,1918,4050
MORO MORO,consulta externa,nuevas en menores de 5 anos,2005-09-01,66,59,66,59,125
MOROCHATA,consulta externa,nuevas en menores de 5 anos,2005-09-01,308,239,308,239,547
NACEBE (SANTA ROSA DEL ABUNA),consulta externa,nuevas en menores de 5 anos,2005-09-01,31,28,31,28,59
NAZACARA DE PACAJES,consulta externa,nuevas en menores de 5 anos,2005-09-01,13,4,13,4,17
NUEVO MANOA (NUEVA ESPERANZA),consulta externa,nuevas en menores de 5 anos,2005-09-01,71,44,71,44,115
OCURI,consulta externa,nuevas en menores de 5 anos,2005-09-01,551,562,551,562,1113
OKINAWA,consulta externa,nuevas en menores de 5 anos,2005-09-01,299,255,299,255,554
OMEREQUE,consulta externa,nuevas en menores de 5 anos,2005-09-01,122,120,122,120,242
ORURO,consulta externa,nuevas en menores de 5 anos,2005-09-01,3947,3806,3947,3806,7753
PADCAYA,consulta externa,nuevas en menores de 5 anos,2005-09-01,505,471,505,471,976
PADILLA,consulta externa,nuevas en menores de 5 anos,2005-09-01,338,322,338,322,660
PAILON,consulta externa,nuevas en menores de 5 anos,2005-09-01,389,355,389,355,744
PALCA,consulta externa,nuevas en menores de 5 anos,2005-09-01,119,112,119,112,231
PALOS BLANCOS,consulta externa,nuevas en menores de 5 anos,2005-09-01,609,541,609,541,1150
PAMPA AULLAGAS,consulta externa,nuevas en menores de 5 anos,2005-09-01,45,42,45,42,87
PAMPA GRANDE,consulta externa,nuevas en menores de 5 anos,2005-09-01,221,183,221,183,404
PAPEL PAMPA,consulta externa,nuevas en menores de 5 anos,2005-09-01,59,62,59,62,121
PASORAPA,consulta externa,nuevas en menores de 5 anos,2005-09-01,46,54,46,54,100
PATACAMAYA,consulta externa,nuevas en menores de 5 anos,2005-09-01,315,256,315,256,571
PAZÑA,consulta externa,nuevas en menores de 5 anos,2005-09-01,77,76,77,76,153
PELECHUCO,consulta externa,nuevas en menores de 5 anos,2005-09-01,96,45,96,45,141
POCOATA,consulta externa,nuevas en menores de 5 anos,2005-09-01,462,494,462,494,956
POCONA,consulta externa,nuevas en menores de 5 anos,2005-09-01,174,158,174,158,332
POJO (CBBA),consulta externa,nuevas en menores de 5 anos,2005-09-01,214,229,214,229,443
POOPO,consulta externa,nuevas en menores de 5 anos,2005-09-01,52,52,52,52,104
PORCO,consulta externa,nuevas en menores de 5 anos,2005-09-01,109,104,109,104,213
POROMA,consulta externa,nuevas en menores de 5 anos,2005-09-01,534,477,534,477,1011
PORONGO,consulta externa,nuevas en menores de 5 anos,2005-09-01,195,155,195,155,350
PORTACHUELO,consulta externa,nuevas en menores de 5 anos,2005-09-01,533,453,533,453,986
PORVENIR,consulta externa,nuevas en menores de 5 anos,2005-09-01,148,108,148,108,256
POSTRER VALLE,consulta externa,nuevas en menores de 5 anos,2005-09-01,39,41,39,41,80
POTOSI,consulta externa,nuevas en menores de 5 anos,2005-09-01,3293,3176,3293,3176,6469
PRESTO,consulta externa,nuevas en menores de 5 anos,2005-09-01,378,348,378,348,726
PUCARA,consulta externa,nuevas en menores de 5 anos,2005-09-01,31,19,31,19,50
PUCARANI,consulta externa,nuevas en menores de 5 anos,2005-09-01,244,212,244,212,456
PUERTO ACOSTA,consulta externa,nuevas en menores de 5 anos,2005-09-01,163,165,163,165,328
PUERTO CARABUCO,consulta externa,nuevas en menores de 5 anos,2005-09-01,94,104,94,104,198
PUERTO GONZALO MORENO,consulta externa,nuevas en menores de 5 anos,2005-09-01,79,90,79,90,169
PUERTO PEREZ,consulta externa,nuevas en menores de 5 anos,2005-09-01,66,58,66,58,124
PUERTO QUIJARRO,consulta externa,nuevas en menores de 5 anos,2005-09-01,254,307,254,307,561
PUERTO RICO,consulta externa,nuevas en menores de 5 anos,2005-09-01,298,303,298,303,601
PUERTO SILES,consulta externa,nuevas en menores de 5 anos,2005-09-01,194,30,194,30,224
PUERTO SUAREZ,consulta externa,nuevas en menores de 5 anos,2005-09-01,369,345,369,345,714
PUERTO VILLARROEL,consulta externa,nuevas en menores de 5 anos,2005-09-01,1019,938,1019,938,1957
PUNA,consulta externa,nuevas en menores de 5 anos,2005-09-01,742,708,742,708,1450
PUNATA,consulta externa,nuevas en menores de 5 anos,2005-09-01,328,258,328,258,586
QUIABAYA,consulta externa,nuevas en menores de 5 anos,2005-09-01,31,35,31,35,66
QUILLACOLLO,consulta externa,nuevas en menores de 5 anos,2005-09-01,1205,1031,1205,1031,2236
QUIME,consulta externa,nuevas en menores de 5 anos,2005-09-01,95,72,95,72,167
QUIRUSILLAS,consulta externa,nuevas en menores de 5 anos,2005-09-01,33,21,33,21,54
RAVELO,consulta externa,nuevas en menores de 5 anos,2005-09-01,609,555,609,555,1164
REYES,consulta externa,nuevas en menores de 5 anos,2005-09-01,342,280,342,280,622
RIBERALTA,consulta externa,nuevas en menores de 5 anos,2005-09-01,1813,1430,1813,1430,3243
ROBORE,consulta externa,nuevas en menores de 5 anos,2005-09-01,314,308,314,308,622
RURRENABAQUE,consulta externa,nuevas en menores de 5 anos,2005-09-01,332,307,332,307,639
SABAYA,consulta externa,nuevas en menores de 5 anos,2005-09-01,46,31,46,31,77
SACABA,consulta externa,nuevas en menores de 5 anos,2005-09-01,982,833,982,833,1815
SACABAMBA,consulta externa,nuevas en menores de 5 anos,2005-09-01,59,55,59,55,114
SACACA,consulta externa,nuevas en menores de 5 anos,2005-09-01,663,560,663,560,1223
SAIPINA,consulta externa,nuevas en menores de 5 anos,2005-09-01,136,167,136,167,303
SALINAS DE GARCI MENDOZA,consulta externa,nuevas en menores de 5 anos,2005-09-01,237,169,237,169,406
SAMAIPATA,consulta externa,nuevas en menores de 5 anos,2005-09-01,129,125,129,125,254
SAN AGUSTIN,consulta externa,nuevas en menores de 5 anos,2005-09-01,38,57,38,57,95
SAN ANDRES,consulta externa,nuevas en menores de 5 anos,2005-09-01,305,270,305,270,575
SAN ANDRES DE MACHACA,consulta externa,nuevas en menores de 5 anos,2005-09-01,56,57,56,57,113
SAN ANTONIO DE ESMORUCO,consulta externa,nuevas en menores de 5 anos,2005-09-01,35,26,35,26,61
SAN ANTONIO DE LOMERIO,consulta externa,nuevas en menores de 5 anos,2005-09-01,111,85,111,85,196
SAN BENITO,consulta externa,nuevas en menores de 5 anos,2005-09-01,125,92,125,92,217
SAN BORJA,consulta externa,nuevas en menores de 5 anos,2005-09-01,631,541,631,541,1172
SAN BUENA VENTURA,consulta externa,nuevas en menores de 5 anos,2005-09-01,233,204,233,204,437
SAN CARLOS,consulta externa,nuevas en menores de 5 anos,2005-09-01,362,309,362,309,671
SAN IGNACIO,consulta externa,nuevas en menores de 5 anos,2005-09-01,498,472,498,472,970
SAN IGNACIO DE VELASCO,consulta externa,nuevas en menores de 5 anos,2005-09-01,930,925,930,925,1855
SAN JAVIER(BNI),consulta externa,nuevas en menores de 5 anos,2005-09-01,71,77,71,77,148
SAN JAVIER(STC),consulta externa,nuevas en menores de 5 anos,2005-09-01,178,166,178,166,344
SAN JOAQUIN,consulta externa,nuevas en menores de 5 anos,2005-09-01,121,109,121,109,230
SAN JOSE DE CHIQUITOS,consulta externa,nuevas en menores de 5 anos,2005-09-01,414,421,414,421,835
SAN JUAN DE YAPACANI,consulta externa,nuevas en menores de 5 anos,2005-09-01,364,310,364,310,674
SAN JULIAN,consulta externa,nuevas en menores de 5 anos,2005-09-01,1028,1038,1028,1038,2066
SAN LORENZO(PND),consulta externa,nuevas en menores de 5 anos,2005-09-01,147,85,147,85,232
SAN LORENZO(TJA),consulta externa,nuevas en menores de 5 anos,2005-09-01,533,460,533,460,993
SAN LUCAS,consulta externa,nuevas en menores de 5 anos,2005-09-01,990,1004,990,1004,1994
SAN MATIAS,consulta externa,nuevas en menores de 5 anos,2005-09-01,203,212,203,212,415
SAN MIGUEL DE VELASCO,consulta externa,nuevas en menores de 5 anos,2005-09-01,172,141,172,141,313
SAN PABLO DE LIPEZ,consulta externa,nuevas en menores de 5 anos,2005-09-01,135,121,135,121,256
SAN PEDRO,consulta externa,nuevas en menores de 5 anos,2005-09-01,542,490,542,490,1032
SAN PEDRO DE BUENA VISTA,consulta externa,nuevas en menores de 5 anos,2005-09-01,694,684,694,684,1378
SAN PEDRO DE CURAHUARA,consulta externa,nuevas en menores de 5 anos,2005-09-01,80,95,80,95,175
SAN PEDRO DE QUEMES,consulta externa,nuevas en menores de 5 anos,2005-09-01,9,10,9,10,19
SAN PEDRO DE TIQUINA,consulta externa,nuevas en menores de 5 anos,2005-09-01,58,33,58,33,91
SAN PEDRO(PND),consulta externa,nuevas en menores de 5 anos,2005-09-01,32,31,32,31,63
SAN RAFAEL,consulta externa,nuevas en menores de 5 anos,2005-09-01,127,136,127,136,263
SAN RAMON,consulta externa,nuevas en menores de 5 anos,2005-09-01,130,104,130,104,234
SAN RAMON,consulta externa,nuevas en menores de 5 anos,2005-09-01,154,155,154,155,309
SANTA ANA,consulta externa,nuevas en menores de 5 anos,2005-09-01,244,208,244,208,452
SANTA CRUZ DE LA SIERRA,consulta externa,nuevas en menores de 5 anos,2005-09-01,19735,19284,19735,19284,39019
SANTA ROSA,consulta externa,nuevas en menores de 5 anos,2005-09-01,62,108,62,108,170
SANTA ROSA DEL SARA,consulta externa,nuevas en menores de 5 anos,2005-09-01,618,563,618,563,1181
SANTIAGO DE CALLAPA,consulta externa,nuevas en menores de 5 anos,2005-09-01,89,98,89,98,187
SANTIAGO DE HUARI,consulta externa,nuevas en menores de 5 anos,2005-09-01,110,101,110,101,211
SANTIAGO DE MACHACA,consulta externa,nuevas en menores de 5 anos,2005-09-01,27,22,27,22,49
SANTIVAÑES,consulta externa,nuevas en menores de 5 anos,2005-09-01,71,73,71,73,144
SANTUARIO DE QUILLACAS,consulta externa,nuevas en menores de 5 anos,2005-09-01,83,62,83,62,145
SAPAHAQUI,consulta externa,nuevas en menores de 5 anos,2005-09-01,75,73,75,73,148
SENA,consulta externa,nuevas en menores de 5 anos,2005-09-01,164,172,164,172,336
SICA SICA (VILLA AROMA),consulta externa,nuevas en menores de 5 anos,2005-09-01,205,158,205,158,363
SICAYA,consulta externa,nuevas en menores de 5 anos,2005-09-01,71,65,71,65,136
SIPE SIPE,consulta externa,nuevas en menores de 5 anos,2005-09-01,422,372,422,372,794
SOPACHUY,consulta externa,nuevas en menores de 5 anos,2005-09-01,317,333,317,333,650
SORACACHI,consulta externa,nuevas en menores de 5 anos,2005-09-01,106,108,106,108,214
SORATA,consulta externa,nuevas en menores de 5 anos,2005-09-01,168,194,168,194,362
SUCRE,consulta externa,nuevas en menores de 5 anos,2005-09-01,6577,5534,6577,5534,12111
TACACHI,consulta externa,nuevas en menores de 5 anos,2005-09-01,14,6,14,6,20
TACACOMA,consulta externa,nuevas en menores de 5 anos,2005-09-01,49,30,49,30,79
TACOBAMBA,consulta externa,nuevas en menores de 5 anos,2005-09-01,156,142,156,142,298
TACOPAYA,consulta externa,nuevas en menores de 5 anos,2005-09-01,161,114,161,114,275
TAHUA,consulta externa,nuevas en menores de 5 anos,2005-09-01,19,17,19,17,36
TAPACARI,consulta externa,nuevas en menores de 5 anos,2005-09-01,470,426,470,426,896
TARABUCO,consulta externa,nuevas en menores de 5 anos,2005-09-01,579,594,579,594,1173
TARACO,consulta externa,nuevas en menores de 5 anos,2005-09-01,37,32,37,32,69
TARATA,consulta externa,nuevas en menores de 5 anos,2005-09-01,124,144,124,144,268
TARIJA,consulta externa,nuevas en menores de 5 anos,2005-09-01,3835,3709,3835,3709,7544
TARVITA,consulta externa,nuevas en menores de 5 anos,2005-09-01,746,729,746,729,1475
TEOPONTE,consulta externa,nuevas en menores de 5 anos,2005-09-01,255,228,255,228,483
TIAWANACU,consulta externa,nuevas en menores de 5 anos,2005-09-01,151,127,151,127,278
TINGUIPAYA,consulta externa,nuevas en menores de 5 anos,2005-09-01,485,463,485,463,948
TIPUANI,consulta externa,nuevas en menores de 5 anos,2005-09-01,145,109,145,109,254
TIQUIPAYA,consulta externa,nuevas en menores de 5 anos,2005-09-01,414,394,414,394,808
TIRAQUE (CBBA),consulta externa,nuevas en menores de 5 anos,2005-09-01,733,653,733,653,1386
TITO YUPANQUI (PARQUIPUJIO),consulta externa,nuevas en menores de 5 anos,2005-09-01,28,16,28,16,44
TOCO,consulta externa,nuevas en menores de 5 anos,2005-09-01,53,55,53,55,108
TODOS SANTOS,consulta externa,nuevas en menores de 5 anos,2005-09-01,9,7,9,7,16
TOLATA,consulta externa,nuevas en menores de 5 anos,2005-09-01,46,45,46,45,91
TOLEDO,consulta externa,nuevas en menores de 5 anos,2005-09-01,79,62,79,62,141
TOMAVE,consulta externa,nuevas en menores de 5 anos,2005-09-01,260,273,260,273,533
TOMINA,consulta externa,nuevas en menores de 5 anos,2005-09-01,252,299,252,299,551
TORO TORO,consulta externa,nuevas en menores de 5 anos,2005-09-01,251,237,251,237,488
TOTORA(CBBA),consulta externa,nuevas en menores de 5 anos,2005-09-01,231,261,231,261,492
TOTORA(ORR),consulta externa,nuevas en menores de 5 anos,2005-09-01,78,97,78,97,175
TRIGAL,consulta externa,nuevas en menores de 5 anos,2005-09-01,35,37,35,37,72
TRINIDAD,consulta externa,nuevas en menores de 5 anos,2005-09-01,2632,1916,2632,1916,4548
TUPIZA,consulta externa,nuevas en menores de 5 anos,2005-09-01,974,952,974,952,1926
TURCO,consulta externa,nuevas en menores de 5 anos,2005-09-01,100,95,100,95,195
UMALA,consulta externa,nuevas en menores de 5 anos,2005-09-01,44,37,44,37,81
UNCIA,consulta externa,nuevas en menores de 5 anos,2005-09-01,765,672,765,672,1437
URIONDO (A. CONCEPCION),consulta externa,nuevas en menores de 5 anos,2005-09-01,502,468,502,468,970
URUBICHA,consulta externa,nuevas en menores de 5 anos,2005-09-01,126,166,126,166,292
UYUNI,consulta externa,nuevas en menores de 5 anos,2005-09-01,253,242,253,242,495
VACAS,consulta externa,nuevas en menores de 5 anos,2005-09-01,194,180,194,180,374
VALLEGRANDE,consulta externa,nuevas en menores de 5 anos,2005-09-01,263,262,263,262,525
VIACHA,consulta externa,nuevas en menores de 5 anos,2005-09-01,608,518,608,518,1126
VILA VILA,consulta externa,nuevas en menores de 5 anos,2005-09-01,60,47,60,47,107
VILLA MONTES,consulta externa,nuevas en menores de 5 anos,2005-09-01,489,524,489,524,1013
VILLA NUEVA (LOMA ALTA),consulta externa,nuevas en menores de 5 anos,2005-09-01,88,75,88,75,163
VILLA RIVERO,consulta externa,nuevas en menores de 5 anos,2005-09-01,92,86,92,86,178
VILLA SERRANO,consulta externa,nuevas en menores de 5 anos,2005-09-01,456,454,456,454,910
VILLA TUNARI,consulta externa,nuevas en menores de 5 anos,2005-09-01,1135,1004,1135,1004,2139
VILLA VACA GUZMAN (MUYUPAMPA),consulta externa,nuevas en menores de 5 anos,2005-09-01,362,394,362,394,756
VILLAZON,consulta externa,nuevas en menores de 5 anos,2005-09-01,880,918,880,918,1798
VINTO,consulta externa,nuevas en menores de 5 anos,2005-09-01,413,323,413,323,736
VITICHI,consulta externa,nuevas en menores de 5 anos,2005-09-01,218,221,218,221,439
WALDO BALLIVIAN,consulta externa,nuevas en menores de 5 anos,2005-09-01,32,54,32,54,86
WARNES,consulta externa,nuevas en menores de 5 anos,2005-09-01,1120,1084,1120,1084,2204
YACO,consulta externa,nuevas en menores de 5 anos,2005-09-01,78,73,78,73,151
YACUIBA,consulta externa,nuevas en menores de 5 anos,2005-09-01,1929,1925,1929,1925,3854
YAMPARAEZ,consulta externa,nuevas en menores de 5 anos,2005-09-01,228,186,228,186,414
YANACACHI,consulta externa,nuevas en menores de 5 anos,2005-09-01,77,65,77,65,142
YAPACANI,consulta externa,nuevas en menores de 5 anos,2005-09-01,716,714,716,714,1430
YOCALLA,consulta externa,nuevas en menores de 5 anos,2005-09-01,99,91,99,91,190
YOTALA,consulta externa,nuevas en menores de 5 anos,2005-09-01,168,181,168,181,349
YUNCHARA,consulta externa,nuevas en menores de 5 anos,2005-09-01,109,82,109,82,191
ZUDAÑEZ,consulta externa,nuevas en menores de 5 anos,2005-09-01,275,223,275,223,498
ACACIO,consulta externa,nuevas en menores de 5 anos,2005-10-01,148,143,148,143,291
ACHACACHI,consulta externa,nuevas en menores de 5 anos,2005-10-01,380,380,380,380,760
ACHOCALLA,consulta externa,nuevas en menores de 5 anos,2005-10-01,111,85,111,85,196
AIQUILE,consulta externa,nuevas en menores de 5 anos,2005-10-01,423,192,423,192,615
ALALAY,consulta externa,nuevas en menores de 5 anos,2005-10-01,40,22,40,22,62
ALCALA,consulta externa,nuevas en menores de 5 anos,2005-10-01,159,153,159,153,312
ANCORAIMES,consulta externa,nuevas en menores de 5 anos,2005-10-01,230,209,230,209,439
ANDAMARCA,consulta externa,nuevas en menores de 5 anos,2005-10-01,120,107,120,107,227
ANTEQUERA,consulta externa,nuevas en menores de 5 anos,2005-10-01,53,51,53,51,104
ANZALDO,consulta externa,nuevas en menores de 5 anos,2005-10-01,70,96,70,96,166
APOLO,consulta externa,nuevas en menores de 5 anos,2005-10-01,310,314,310,314,624
ARAMPAMPA,consulta externa,nuevas en menores de 5 anos,2005-10-01,91,91,91,91,182
ARANI,consulta externa,nuevas en menores de 5 anos,2005-10-01,106,83,106,83,189
ARBIETO,consulta externa,nuevas en menores de 5 anos,2005-10-01,109,85,109,85,194
ARQUE,consulta externa,nuevas en menores de 5 anos,2005-10-01,180,130,180,130,310
ASCENCION DE GUARAYOS,consulta externa,nuevas en menores de 5 anos,2005-10-01,257,246,257,246,503
ATOCHA,consulta externa,nuevas en menores de 5 anos,2005-10-01,385,319,385,319,704
AUCAPATA,consulta externa,nuevas en menores de 5 anos,2005-10-01,60,56,60,56,116
AYATA,consulta externa,nuevas en menores de 5 anos,2005-10-01,111,97,111,97,208
AYO AYO,consulta externa,nuevas en menores de 5 anos,2005-10-01,73,87,73,87,160
AYOPAYA (V. DE INDEPENDENCIA),consulta externa,nuevas en menores de 5 anos,2005-10-01,533,511,533,511,1044
AZURDUY,consulta externa,nuevas en menores de 5 anos,2005-10-01,522,458,522,458,980
BATALLAS,consulta externa,nuevas en menores de 5 anos,2005-10-01,126,91,126,91,217
BAURES,consulta externa,nuevas en menores de 5 anos,2005-10-01,114,62,114,62,176
BELEN DE ANDAMARCA,consulta externa,nuevas en menores de 5 anos,2005-10-01,20,9,20,9,29
BELEN DE URMIRI,consulta externa,nuevas en menores de 5 anos,2005-10-01,64,58,64,58,122
BELLA FLOR,consulta externa,nuevas en menores de 5 anos,2005-10-01,54,69,54,69,123
BERMEJO,consulta externa,nuevas en menores de 5 anos,2005-10-01,1031,955,1031,955,1986
BETANZOS,consulta externa,nuevas en menores de 5 anos,2005-10-01,745,734,745,734,1479
BOLIVAR,consulta externa,nuevas en menores de 5 anos,2005-10-01,119,105,119,105,224
BOLPEBRA,consulta externa,nuevas en menores de 5 anos,2005-10-01,33,39,33,39,72
BOYUIBE,consulta externa,nuevas en menores de 5 anos,2005-10-01,82,69,82,69,151
BUENA VISTA,consulta externa,nuevas en menores de 5 anos,2005-10-01,405,321,405,321,726
CABEZAS,consulta externa,nuevas en menores de 5 anos,2005-10-01,493,390,493,390,883
CAIROMA,consulta externa,nuevas en menores de 5 anos,2005-10-01,158,168,158,168,326
"CAIZA ""D""",consulta externa,nuevas en menores de 5 anos,2005-10-01,141,145,141,145,286
CAJUATA,consulta externa,nuevas en menores de 5 anos,2005-10-01,155,120,155,120,275
CALACOTO,consulta externa,nuevas en menores de 5 anos,2005-10-01,65,59,65,59,124
CALAMARCA,consulta externa,nuevas en menores de 5 anos,2005-10-01,174,177,174,177,351
CAMARGO,consulta externa,nuevas en menores de 5 anos,2005-10-01,476,348,476,348,824
CAMATAQUI (C. VILLA ABECIA),consulta externa,nuevas en menores de 5 anos,2005-10-01,77,63,77,63,140
CAMIRI,consulta externa,nuevas en menores de 5 anos,2005-10-01,1106,1194,1106,1194,2300
CAPINOTA,consulta externa,nuevas en menores de 5 anos,2005-10-01,138,120,138,120,258
CAQUIAVIRI,consulta externa,nuevas en menores de 5 anos,2005-10-01,74,78,74,78,152
CARACOLLO,consulta externa,nuevas en menores de 5 anos,2005-10-01,329,345,329,345,674
CARANAVI,consulta externa,nuevas en menores de 5 anos,2005-10-01,1058,990,1058,990,2048
CARANGAS,consulta externa,nuevas en menores de 5 anos,2005-10-01,11,13,11,13,24
CARAPARI,consulta externa,nuevas en menores de 5 anos,2005-10-01,274,282,274,282,556
CARIPUYO,consulta externa,nuevas en menores de 5 anos,2005-10-01,240,263,240,263,503
CARMEN RIVERO TORREZ,consulta externa,nuevas en menores de 5 anos,2005-10-01,750,62,750,62,812
CATACORA,consulta externa,nuevas en menores de 5 anos,2005-10-01,6,3,6,3,9
CHACARILLA,consulta externa,nuevas en menores de 5 anos,2005-10-01,19,15,19,15,34
CHALLAPATA,consulta externa,nuevas en menores de 5 anos,2005-10-01,472,426,472,426,898
CHAQUI,consulta externa,nuevas en menores de 5 anos,2005-10-01,140,120,140,120,260
CHARAGUA,consulta externa,nuevas en menores de 5 anos,2005-10-01,746,712,746,712,1458
CHARAÑA,consulta externa,nuevas en menores de 5 anos,2005-10-01,14,34,14,34,48
CHAYANTA,consulta externa,nuevas en menores de 5 anos,2005-10-01,382,347,382,347,729
CHIMORE,consulta externa,nuevas en menores de 5 anos,2005-10-01,578,538,578,538,1116
CHIPAYA,consulta externa,nuevas en menores de 5 anos,2005-10-01,30,42,30,42,72
CHOQUE COTA,consulta externa,nuevas en menores de 5 anos,2005-10-01,32,34,32,34,66
CHULUMANI (V. DE LA LIBERTAD),consulta externa,nuevas en menores de 5 anos,2005-10-01,283,229,283,229,512
CHUMA,consulta externa,nuevas en menores de 5 anos,2005-10-01,118,100,118,100,218
CLIZA,consulta externa,nuevas en menores de 5 anos,2005-10-01,194,150,194,150,344
COBIJA,consulta externa,nuevas en menores de 5 anos,2005-10-01,3341,523,3341,523,3864
COCHABAMBA,consulta externa,nuevas en menores de 5 anos,2005-10-01,8933,8025,8933,8025,16958
COIPASA,consulta externa,nuevas en menores de 5 anos,2005-10-01,2,11,2,11,13
COLCAPIRHUA,consulta externa,nuevas en menores de 5 anos,2005-10-01,508,462,508,462,970
"COLCHA ""K""",consulta externa,nuevas en menores de 5 anos,2005-10-01,182,170,182,170,352
COLLANA,consulta externa,nuevas en menores de 5 anos,2005-10-01,22,20,22,20,42
COLOMI,consulta externa,nuevas en menores de 5 anos,2005-10-01,305,277,305,277,582
COLPA BELGICA,consulta externa,nuevas en menores de 5 anos,2005-10-01,209,174,209,174,383
COLQUECHACA,consulta externa,nuevas en menores de 5 anos,2005-10-01,919,844,919,844,1763
COLQUENCHA,consulta externa,nuevas en menores de 5 anos,2005-10-01,89,91,89,91,180
COLQUIRI,consulta externa,nuevas en menores de 5 anos,2005-10-01,401,382,401,382,783
COMANCHE,consulta externa,nuevas en menores de 5 anos,2005-10-01,16,15,16,15,31
COMARAPA,consulta externa,nuevas en menores de 5 anos,2005-10-01,290,293,290,293,583
COMBAYA,consulta externa,nuevas en menores de 5 anos,2005-10-01,39,33,39,33,72
CONCEPCION,consulta externa,nuevas en menores de 5 anos,2005-10-01,214,203,214,203,417
COPACABANA,consulta externa,nuevas en menores de 5 anos,2005-10-01,91,88,91,88,179
CORIPATA,consulta externa,nuevas en menores de 5 anos,2005-10-01,218,201,218,201,419
CORO CORO,consulta externa,nuevas en menores de 5 anos,2005-10-01,88,81,88,81,169
COROICO,consulta externa,nuevas en menores de 5 anos,2005-10-01,203,193,203,193,396
CORQUE,consulta externa,nuevas en menores de 5 anos,2005-10-01,96,100,96,100,196
COTAGAITA,consulta externa,nuevas en menores de 5 anos,2005-10-01,729,630,729,630,1359
COTOCA,consulta externa,nuevas en menores de 5 anos,2005-10-01,715,634,715,634,1349
CUATRO CAÑADAS,consulta externa,nuevas en menores de 5 anos,2005-10-01,430,364,430,364,794
CUCHUMUELA (V. G. VILLARROEL),consulta externa,nuevas en menores de 5 anos,2005-10-01,32,9,32,9,41
CUEVO,consulta externa,nuevas en menores de 5 anos,2005-10-01,89,114,89,114,203
CULPINA,consulta externa,nuevas en menores de 5 anos,2005-10-01,497,453,497,453,950
CURAHUARA DE CARANGAS,consulta externa,nuevas en menores de 5 anos,2005-10-01,151,129,151,129,280
CURVA,consulta externa,nuevas en menores de 5 anos,2005-10-01,27,18,27,18,45
DESAGUADERO,consulta externa,nuevas en menores de 5 anos,2005-10-01,73,38,73,38,111
EL ALTO,consulta externa,nuevas en menores de 5 anos,2005-10-01,9063,8626,9063,8626,17689
EL CHORO,consulta externa,nuevas en menores de 5 anos,2005-10-01,45,69,45,69,114
EL PUENTE(STC),consulta externa,nuevas en menores de 5 anos,2005-10-01,324,314,324,314,638
EL PUENTE(TJA),consulta externa,nuevas en menores de 5 anos,2005-10-01,219,163,219,163,382
EL TORNO,consulta externa,nuevas en menores de 5 anos,2005-10-01,965,973,965,973,1938
EL VILLAR,consulta externa,nuevas en menores de 5 anos,2005-10-01,236,222,236,222,458
ENTRE RIOS,consulta externa,nuevas en menores de 5 anos,2005-10-01,468,417,468,417,885
ENTRE RIOS,consulta externa,nuevas en menores de 5 anos,2005-10-01,428,406,428,406,834
ESCARA,consulta externa,nuevas en menores de 5 anos,2005-10-01,5,4,5,4,9
EUCALIPTUS,consulta externa,nuevas en menores de 5 anos,2005-10-01,257,190,257,190,447
EUREKA (SANTOS MERCADO),consulta externa,nuevas en menores de 5 anos,2005-10-01,11,7,11,7,18
EXALTACION,consulta externa,nuevas en menores de 5 anos,2005-10-01,55,47,55,47,102
FERNANDEZ ALONSO,consulta externa,nuevas en menores de 5 anos,2005-10-01,457,396,457,396,853
FILADELFIA,consulta externa,nuevas en menores de 5 anos,2005-10-01,47,56,47,56,103
GENERAL SAAVEDRA,consulta externa,nuevas en menores de 5 anos,2005-10-01,514,428,514,428,942
GRAL. J.J. PEREZ (CHARAZANI),consulta externa,nuevas en menores de 5 anos,2005-10-01,106,107,106,107,213
GUANAY,consulta externa,nuevas en menores de 5 anos,2005-10-01,365,341,365,341,706
GUAQUI,consulta externa,nuevas en menores de 5 anos,2005-10-01,42,42,42,42,84
GUAYARAMERIN,consulta externa,nuevas en menores de 5 anos,2005-10-01,1066,943,1066,943,2009
GUTIERREZ,consulta externa,nuevas en menores de 5 anos,2005-10-01,573,558,573,558,1131
HUACARETA,consulta externa,nuevas en menores de 5 anos,2005-10-01,352,320,352,320,672
HUACAYA (VILLA DE HUACAYA),consulta externa,nuevas en menores de 5 anos,2005-10-01,91,72,91,72,163
HUACHACALLA,consulta externa,nuevas en menores de 5 anos,2005-10-01,16,16,16,16,32
HUANUNI,consulta externa,nuevas en menores de 5 anos,2005-10-01,467,339,467,339,806
HUARACAJE,consulta externa,nuevas en menores de 5 anos,2005-10-01,75,67,75,67,142
HUAYLLAMARCA,consulta externa,nuevas en menores de 5 anos,2005-10-01,60,83,60,83,143
ICHOCA,consulta externa,nuevas en menores de 5 anos,2005-10-01,90,85,90,85,175
ICLA,consulta externa,nuevas en menores de 5 anos,2005-10-01,431,397,431,397,828
INCAHUASI,consulta externa,nuevas en menores de 5 anos,2005-10-01,507,456,507,456,963
INGAVI (HUMAITA),consulta externa,nuevas en menores de 5 anos,2005-10-01,61,33,61,33,94
INQUISIVI,consulta externa,nuevas en menores de 5 anos,2005-10-01,160,149,160,149,309
IRUPANA (VILLA DE LANZA),consulta externa,nuevas en menores de 5 anos,2005-10-01,296,280,296,280,576
IXIAMAS,consulta externa,nuevas en menores de 5 anos,2005-10-01,272,206,272,206,478
JESUS DE MACHACA,consulta externa,nuevas en menores de 5 anos,2005-10-01,210,217,210,217,427
LA ASUNTA,consulta externa,nuevas en menores de 5 anos,2005-10-01,462,428,462,428,890
LA GUARDIA,consulta externa,nuevas en menores de 5 anos,2005-10-01,966,883,966,883,1849
LA PAZ,consulta externa,nuevas en menores de 5 anos,2005-10-01,12019,11075,12019,11075,23094
LA RIVERA,consulta externa,nuevas en menores de 5 anos,2005-10-01,2,7,2,7,9
LAGUNILLAS,consulta externa,nuevas en menores de 5 anos,2005-10-01,223,236,223,236,459
LAJA,consulta externa,nuevas en menores de 5 anos,2005-10-01,106,92,106,92,198
LAS CARRERAS,consulta externa,nuevas en menores de 5 anos,2005-10-01,76,73,76,73,149
LICOMA PAMPA,consulta externa,nuevas en menores de 5 anos,2005-10-01,20,28,20,28,48
LLALLAGUA,consulta externa,nuevas en menores de 5 anos,2005-10-01,622,524,622,524,1146
LLICA,consulta externa,nuevas en menores de 5 anos,2005-10-01,51,59,51,59,110
LORETO,consulta externa,nuevas en menores de 5 anos,2005-10-01,81,98,81,98,179
LURIBAY,consulta externa,nuevas en menores de 5 anos,2005-10-01,120,121,120,121,241
MACHACAMARCA,consulta externa,nuevas en menores de 5 anos,2005-10-01,48,69,48,69,117
MACHARETI,consulta externa,nuevas en menores de 5 anos,2005-10-01,346,365,346,365,711
MAGDALENA,consulta externa,nuevas en menores de 5 anos,2005-10-01,176,216,176,216,392
MAIRANA,consulta externa,nuevas en menores de 5 anos,2005-10-01,150,174,150,174,324
MALLA,consulta externa,nuevas en menores de 5 anos,2005-10-01,57,38,57,38,95
MAPIRI,consulta externa,nuevas en menores de 5 anos,2005-10-01,289,251,289,251,540
MECAPACA,consulta externa,nuevas en menores de 5 anos,2005-10-01,148,179,148,179,327
MINEROS,consulta externa,nuevas en menores de 5 anos,2005-10-01,462,383,462,383,845
MIZQUE,consulta externa,nuevas en menores de 5 anos,2005-10-01,439,383,439,383,822
MOCOMOCO,consulta externa,nuevas en menores de 5 anos,2005-10-01,162,146,162,146,308
MOJINETE,consulta externa,nuevas en menores de 5 anos,2005-10-01,31,28,31,28,59
MOJOCOYA,consulta externa,nuevas en menores de 5 anos,2005-10-01,226,188,226,188,414
MONTEAGUDO,consulta externa,nuevas en menores de 5 anos,2005-10-01,741,668,741,668,1409
MONTERO,consulta externa,nuevas en menores de 5 anos,2005-10-01,2282,2124,2282,2124,4406
MORO MORO,consulta externa,nuevas en menores de 5 anos,2005-10-01,106,93,106,93,199
MOROCHATA,consulta externa,nuevas en menores de 5 anos,2005-10-01,207,190,207,190,397
NACEBE (SANTA ROSA DEL ABUNA),consulta externa,nuevas en menores de 5 anos,2005-10-01,71,54,71,54,125
NAZACARA DE PACAJES,consulta externa,nuevas en menores de 5 anos,2005-10-01,8,0,8,0,8
NUEVO MANOA (NUEVA ESPERANZA),consulta externa,nuevas en menores de 5 anos,2005-10-01,76,34,76,34,110
OCURI,consulta externa,nuevas en menores de 5 anos,2005-10-01,496,433,496,433,929
OKINAWA,consulta externa,nuevas en menores de 5 anos,2005-10-01,306,307,306,307,613
OMEREQUE,consulta externa,nuevas en menores de 5 anos,2005-10-01,165,171,165,171,336
ORURO,consulta externa,nuevas en menores de 5 anos,2005-10-01,4423,3968,4423,3968,8391
PADCAYA,consulta externa,nuevas en menores de 5 anos,2005-10-01,487,466,487,466,953
PADILLA,consulta externa,nuevas en menores de 5 anos,2005-10-01,358,351,358,351,709
PAILON,consulta externa,nuevas en menores de 5 anos,2005-10-01,359,337,359,337,696
PALCA,consulta externa,nuevas en menores de 5 anos,2005-10-01,112,90,112,90,202
PALOS BLANCOS,consulta externa,nuevas en menores de 5 anos,2005-10-01,649,580,649,580,1229
PAMPA AULLAGAS,consulta externa,nuevas en menores de 5 anos,2005-10-01,49,61,49,61,110
PAMPA GRANDE,consulta externa,nuevas en menores de 5 anos,2005-10-01,203,187,203,187,390
PAPEL PAMPA,consulta externa,nuevas en menores de 5 anos,2005-10-01,104,99,104,99,203
PASORAPA,consulta externa,nuevas en menores de 5 anos,2005-10-01,87,57,87,57,144
PATACAMAYA,consulta externa,nuevas en menores de 5 anos,2005-10-01,326,294,326,294,620
PAZÑA,consulta externa,nuevas en menores de 5 anos,2005-10-01,135,132,135,132,267
PELECHUCO,consulta externa,nuevas en menores de 5 anos,2005-10-01,103,70,103,70,173
POCOATA,consulta externa,nuevas en menores de 5 anos,2005-10-01,449,422,449,422,871
POCONA,consulta externa,nuevas en menores de 5 anos,2005-10-01,177,156,177,156,333
POJO (CBBA),consulta externa,nuevas en menores de 5 anos,2005-10-01,77,88,77,88,165
POOPO,consulta externa,nuevas en menores de 5 anos,2005-10-01,59,38,59,38,97
PORCO,consulta externa,nuevas en menores de 5 anos,2005-10-01,134,127,134,127,261
POROMA,consulta externa,nuevas en menores de 5 anos,2005-10-01,361,294,361,294,655
PORONGO,consulta externa,nuevas en menores de 5 anos,2005-10-01,267,217,267,217,484
PORTACHUELO,consulta externa,nuevas en menores de 5 anos,2005-10-01,538,523,538,523,1061
PORVENIR,consulta externa,nuevas en menores de 5 anos,2005-10-01,115,87,115,87,202
POSTRER VALLE,consulta externa,nuevas en menores de 5 anos,2005-10-01,51,80,51,80,131
POTOSI,consulta externa,nuevas en menores de 5 anos,2005-10-01,3696,3644,3696,3644,7340
PRESTO,consulta externa,nuevas en menores de 5 anos,2005-10-01,291,328,291,328,619
PUCARA,consulta externa,nuevas en menores de 5 anos,2005-10-01,79,56,79,56,135
PUCARANI,consulta externa,nuevas en menores de 5 anos,2005-10-01,247,211,247,211,458
PUERTO ACOSTA,consulta externa,nuevas en menores de 5 anos,2005-10-01,208,236,208,236,444
PUERTO CARABUCO,consulta externa,nuevas en menores de 5 anos,2005-10-01,161,131,161,131,292
PUERTO GONZALO MORENO,consulta externa,nuevas en menores de 5 anos,2005-10-01,136,119,136,119,255
PUERTO PEREZ,consulta externa,nuevas en menores de 5 anos,2005-10-01,60,51,60,51,111
PUERTO QUIJARRO,consulta externa,nuevas en menores de 5 anos,2005-10-01,248,223,248,223,471
PUERTO RICO,consulta externa,nuevas en menores de 5 anos,2005-10-01,254,244,254,244,498
PUERTO SILES,consulta externa,nuevas en menores de 5 anos,2005-10-01,15,26,15,26,41
PUERTO SUAREZ,consulta externa,nuevas en menores de 5 anos,2005-10-01,433,400,433,400,833
PUERTO VILLARROEL,consulta externa,nuevas en menores de 5 anos,2005-10-01,1145,1043,1145,1043,2188
PUNA,consulta externa,nuevas en menores de 5 anos,2005-10-01,656,623,656,623,1279
PUNATA,consulta externa,nuevas en menores de 5 anos,2005-10-01,382,319,382,319,701
QUIABAYA,consulta externa,nuevas en menores de 5 anos,2005-10-01,27,22,27,22,49
QUILLACOLLO,consulta externa,nuevas en menores de 5 anos,2005-10-01,1197,1032,1197,1032,2229
QUIME,consulta externa,nuevas en menores de 5 anos,2005-10-01,124,120,124,120,244
QUIRUSILLAS,consulta externa,nuevas en menores de 5 anos,2005-10-01,54,41,54,41,95
RAVELO,consulta externa,nuevas en menores de 5 anos,2005-10-01,561,470,561,470,1031
REYES,consulta externa,nuevas en menores de 5 anos,2005-10-01,411,413,411,413,824
RIBERALTA,consulta externa,nuevas en menores de 5 anos,2005-10-01,2332,2085,2332,2085,4417
ROBORE,consulta externa,nuevas en menores de 5 anos,2005-10-01,214,216,214,216,430
RURRENABAQUE,consulta externa,nuevas en menores de 5 anos,2005-10-01,402,347,402,347,749
SABAYA,consulta externa,nuevas en menores de 5 anos,2005-10-01,68,50,68,50,118
SACABA,consulta externa,nuevas en menores de 5 anos,2005-10-01,948,903,948,903,1851
SACABAMBA,consulta externa,nuevas en menores de 5 anos,2005-10-01,62,39,62,39,101
SACACA,consulta externa,nuevas en menores de 5 anos,2005-10-01,610,530,610,530,1140
SAIPINA,consulta externa,nuevas en menores de 5 anos,2005-10-01,95,97,95,97,192
SALINAS DE GARCI MENDOZA,consulta externa,nuevas en menores de 5 anos,2005-10-01,242,209,242,209,451
SAMAIPATA,consulta externa,nuevas en menores de 5 anos,2005-10-01,174,127,174,127,301
SAN AGUSTIN,consulta externa,nuevas en menores de 5 anos,2005-10-01,30,39,30,39,69
SAN ANDRES,consulta externa,nuevas en menores de 5 anos,2005-10-01,273,230,273,230,503
SAN ANDRES DE MACHACA,consulta externa,nuevas en menores de 5 anos,2005-10-01,38,26,38,26,64
SAN ANTONIO DE ESMORUCO,consulta externa,nuevas en menores de 5 anos,2005-10-01,31,44,31,44,75
SAN ANTONIO DE LOMERIO,consulta externa,nuevas en menores de 5 anos,2005-10-01,86,85,86,85,171
SAN BENITO,consulta externa,nuevas en menores de 5 anos,2005-10-01,168,148,168,148,316
SAN BORJA,consulta externa,nuevas en menores de 5 anos,2005-10-01,586,516,586,516,1102
SAN BUENA VENTURA,consulta externa,nuevas en menores de 5 anos,2005-10-01,236,233,236,233,469
SAN CARLOS,consulta externa,nuevas en menores de 5 anos,2005-10-01,393,344,393,344,737
SAN IGNACIO,consulta externa,nuevas en menores de 5 anos,2005-10-01,603,493,603,493,1096
SAN IGNACIO DE VELASCO,consulta externa,nuevas en menores de 5 anos,2005-10-01,1122,1082,1122,1082,2204
SAN JAVIER(BNI),consulta externa,nuevas en menores de 5 anos,2005-10-01,54,65,54,65,119
SAN JAVIER(STC),consulta externa,nuevas en menores de 5 anos,2005-10-01,159,126,159,126,285
SAN JOAQUIN,consulta externa,nuevas en menores de 5 anos,2005-10-01,69,71,69,71,140
SAN JOSE DE CHIQUITOS,consulta externa,nuevas en menores de 5 anos,2005-10-01,498,445,498,445,943
SAN JUAN DE YAPACANI,consulta externa,nuevas en menores de 5 anos,2005-10-01,385,316,385,316,701
SAN JULIAN,consulta externa,nuevas en menores de 5 anos,2005-10-01,1080,1003,1080,1003,2083
SAN LORENZO(PND),consulta externa,nuevas en menores de 5 anos,2005-10-01,351,326,351,326,677
SAN LORENZO(TJA),consulta externa,nuevas en menores de 5 anos,2005-10-01,540,506,540,506,1046
SAN LUCAS,consulta externa,nuevas en menores de 5 anos,2005-10-01,892,866,892,866,1758
SAN MATIAS,consulta externa,nuevas en menores de 5 anos,2005-10-01,213,184,213,184,397
SAN MIGUEL DE VELASCO,consulta externa,nuevas en menores de 5 anos,2005-10-01,292,263,292,263,555
SAN PABLO DE LIPEZ,consulta externa,nuevas en menores de 5 anos,2005-10-01,88,76,88,76,164
SAN PEDRO,consulta externa,nuevas en menores de 5 anos,2005-10-01,519,539,519,539,1058
SAN PEDRO DE BUENA VISTA,consulta externa,nuevas en menores de 5 anos,2005-10-01,679,649,679,649,1328
SAN PEDRO DE CURAHUARA,consulta externa,nuevas en menores de 5 anos,2005-10-01,112,79,112,79,191
SAN PEDRO DE QUEMES,consulta externa,nuevas en menores de 5 anos,2005-10-01,2,9,2,9,11
SAN PEDRO DE TIQUINA,consulta externa,nuevas en menores de 5 anos,2005-10-01,54,35,54,35,89
SAN PEDRO(PND),consulta externa,nuevas en menores de 5 anos,2005-10-01,96,132,96,132,228
SAN RAFAEL,consulta externa,nuevas en menores de 5 anos,2005-10-01,102,69,102,69,171
SAN RAMON,consulta externa,nuevas en menores de 5 anos,2005-10-01,91,62,91,62,153
SAN RAMON,consulta externa,nuevas en menores de 5 anos,2005-10-01,137,142,137,142,279
SANTA ANA,consulta externa,nuevas en menores de 5 anos,2005-10-01,263,236,263,236,499
SANTA CRUZ DE LA SIERRA,consulta externa,nuevas en menores de 5 anos,2005-10-01,25466,19264,25466,19264,44730
SANTA ROSA,consulta externa,nuevas en menores de 5 anos,2005-10-01,221,239,221,239,460
SANTA ROSA DEL SARA,consulta externa,nuevas en menores de 5 anos,2005-10-01,626,618,626,618,1244
SANTIAGO DE CALLAPA,consulta externa,nuevas en menores de 5 anos,2005-10-01,73,56,73,56,129
SANTIAGO DE HUARI,consulta externa,nuevas en menores de 5 anos,2005-10-01,114,97,114,97,211
SANTIAGO DE MACHACA,consulta externa,nuevas en menores de 5 anos,2005-10-01,37,32,37,32,69
SANTIVAÑES,consulta externa,nuevas en menores de 5 anos,2005-10-01,74,79,74,79,153
SANTUARIO DE QUILLACAS,consulta externa,nuevas en menores de 5 anos,2005-10-01,57,54,57,54,111
SAPAHAQUI,consulta externa,nuevas en menores de 5 anos,2005-10-01,135,119,135,119,254
SENA,consulta externa,nuevas en menores de 5 anos,2005-10-01,123,91,123,91,214
SICA SICA (VILLA AROMA),consulta externa,nuevas en menores de 5 anos,2005-10-01,167,168,167,168,335
SICAYA,consulta externa,nuevas en menores de 5 anos,2005-10-01,69,24,69,24,93
SIPE SIPE,consulta externa,nuevas en menores de 5 anos,2005-10-01,456,437,456,437,893
SOPACHUY,consulta externa,nuevas en menores de 5 anos,2005-10-01,226,246,226,246,472
SORACACHI,consulta externa,nuevas en menores de 5 anos,2005-10-01,134,119,134,119,253
SORATA,consulta externa,nuevas en menores de 5 anos,2005-10-01,211,256,211,256,467
SUCRE,consulta externa,nuevas en menores de 5 anos,2005-10-01,6442,5907,6442,5907,12349
TACACHI,consulta externa,nuevas en menores de 5 anos,2005-10-01,16,15,16,15,31
TACACOMA,consulta externa,nuevas en menores de 5 anos,2005-10-01,101,88,101,88,189
TACOBAMBA,consulta externa,nuevas en menores de 5 anos,2005-10-01,168,147,168,147,315
TACOPAYA,consulta externa,nuevas en menores de 5 anos,2005-10-01,212,218,212,218,430
TAHUA,consulta externa,nuevas en menores de 5 anos,2005-10-01,18,18,18,18,36
TAPACARI,consulta externa,nuevas en menores de 5 anos,2005-10-01,440,349,440,349,789
TARABUCO,consulta externa,nuevas en menores de 5 anos,2005-10-01,601,599,601,599,1200
TARACO,consulta externa,nuevas en menores de 5 anos,2005-10-01,54,46,54,46,100
TARATA,consulta externa,nuevas en menores de 5 anos,2005-10-01,118,112,118,112,230
TARIJA,consulta externa,nuevas en menores de 5 anos,2005-10-01,5850,3948,5850,3948,9798
TARVITA,consulta externa,nuevas en menores de 5 anos,2005-10-01,433,474,433,474,907
TEOPONTE,consulta externa,nuevas en menores de 5 anos,2005-10-01,178,169,178,169,347
TIAWANACU,consulta externa,nuevas en menores de 5 anos,2005-10-01,112,89,112,89,201
TINGUIPAYA,consulta externa,nuevas en menores de 5 anos,2005-10-01,395,389,395,389,784
TIPUANI,consulta externa,nuevas en menores de 5 anos,2005-10-01,106,67,106,67,173
TIQUIPAYA,consulta externa,nuevas en menores de 5 anos,2005-10-01,654,504,654,504,1158
TIRAQUE (CBBA),consulta externa,nuevas en menores de 5 anos,2005-10-01,719,706,719,706,1425
TITO YUPANQUI (PARQUIPUJIO),consulta externa,nuevas en menores de 5 anos,2005-10-01,39,21,39,21,60
TOCO,consulta externa,nuevas en menores de 5 anos,2005-10-01,65,38,65,38,103
TODOS SANTOS,consulta externa,nuevas en menores de 5 anos,2005-10-01,10,6,10,6,16
TOLATA,consulta externa,nuevas en menores de 5 anos,2005-10-01,40,26,40,26,66
TOLEDO,consulta externa,nuevas en menores de 5 anos,2005-10-01,115,97,115,97,212
TOMAVE,consulta externa,nuevas en menores de 5 anos,2005-10-01,161,166,161,166,327
TOMINA,consulta externa,nuevas en menores de 5 anos,2005-10-01,263,269,263,269,532
TORO TORO,consulta externa,nuevas en menores de 5 anos,2005-10-01,222,212,222,212,434
TOTORA(CBBA),consulta externa,nuevas en menores de 5 anos,2005-10-01,271,240,271,240,511
TOTORA(ORR),consulta externa,nuevas en menores de 5 anos,2005-10-01,78,88,78,88,166
TRIGAL,consulta externa,nuevas en menores de 5 anos,2005-10-01,25,18,25,18,43
TRINIDAD,consulta externa,nuevas en menores de 5 anos,2005-10-01,1880,1601,1880,1601,3481
TUPIZA,consulta externa,nuevas en menores de 5 anos,2005-10-01,828,779,828,779,1607
TURCO,consulta externa,nuevas en menores de 5 anos,2005-10-01,85,96,85,96,181
UMALA,consulta externa,nuevas en menores de 5 anos,2005-10-01,78,61,78,61,139
UNCIA,consulta externa,nuevas en menores de 5 anos,2005-10-01,680,577,680,577,1257
URIONDO (A. CONCEPCION),consulta externa,nuevas en menores de 5 anos,2005-10-01,462,460,462,460,922
URUBICHA,consulta externa,nuevas en menores de 5 anos,2005-10-01,280,285,280,285,565
UYUNI,consulta externa,nuevas en menores de 5 anos,2005-10-01,198,192,198,192,390
VACAS,consulta externa,nuevas en menores de 5 anos,2005-10-01,200,205,200,205,405
VALLEGRANDE,consulta externa,nuevas en menores de 5 anos,2005-10-01,279,317,279,317,596
VIACHA,consulta externa,nuevas en menores de 5 anos,2005-10-01,524,441,524,441,965
VILA VILA,consulta externa,nuevas en menores de 5 anos,2005-10-01,70,71,70,71,141
VILLA MONTES,consulta externa,nuevas en menores de 5 anos,2005-10-01,681,627,681,627,1308
VILLA NUEVA (LOMA ALTA),consulta externa,nuevas en menores de 5 anos,2005-10-01,89,61,89,61,150
VILLA RIVERO,consulta externa,nuevas en menores de 5 anos,2005-10-01,64,61,64,61,125
VILLA SERRANO,consulta externa,nuevas en menores de 5 anos,2005-10-01,481,452,481,452,933
VILLA TUNARI,consulta externa,nuevas en menores de 5 anos,2005-10-01,1576,1446,1576,1446,3022
VILLA VACA GUZMAN (MUYUPAMPA),consulta externa,nuevas en menores de 5 anos,2005-10-01,281,306,281,306,587
VILLAZON,consulta externa,nuevas en menores de 5 anos,2005-10-01,749,605,749,605,1354
VINTO,consulta externa,nuevas en menores de 5 anos,2005-10-01,236,225,236,225,461
VITICHI,consulta externa,nuevas en menores de 5 anos,2005-10-01,218,243,218,243,461
WALDO BALLIVIAN,consulta externa,nuevas en menores de 5 anos,2005-10-01,43,68,43,68,111
WARNES,consulta externa,nuevas en menores de 5 anos,2005-10-01,1168,1091,1168,1091,2259
YACO,consulta externa,nuevas en menores de 5 anos,2005-10-01,61,84,61,84,145
YACUIBA,consulta externa,nuevas en menores de 5 anos,2005-10-01,1929,1997,1929,1997,3926
YAMPARAEZ,consulta externa,nuevas en menores de 5 anos,2005-10-01,163,177,163,177,340
YANACACHI,consulta externa,nuevas en menores de 5 anos,2005-10-01,85,102,85,102,187
YAPACANI,consulta externa,nuevas en menores de 5 anos,2005-10-01,716,674,716,674,1390
YOCALLA,consulta externa,nuevas en menores de 5 anos,2005-10-01,58,63,58,63,121
YOTALA,consulta externa,nuevas en menores de 5 anos,2005-10-01,175,169,175,169,344
YUNCHARA,consulta externa,nuevas en menores de 5 anos,2005-10-01,139,120,139,120,259
ZUDAÑEZ,consulta externa,nuevas en menores de 5 anos,2005-10-01,184,170,184,170,354
ACACIO,consulta externa,nuevas en menores de 5 anos,2005-11-01,137,136,137,136,273
ACHACACHI,consulta externa,nuevas en menores de 5 anos,2005-11-01,364,346,364,346,710
ACHOCALLA,consulta externa,nuevas en menores de 5 anos,2005-11-01,73,85,73,85,158
AIQUILE,consulta externa,nuevas en menores de 5 anos,2005-11-01,396,397,396,397,793
ALALAY,consulta externa,nuevas en menores de 5 anos,2005-11-01,106,79,106,79,185
ALCALA,consulta externa,nuevas en menores de 5 anos,2005-11-01,195,176,195,176,371
ANCORAIMES,consulta externa,nuevas en menores de 5 anos,2005-11-01,233,188,233,188,421
ANDAMARCA,consulta externa,nuevas en menores de 5 anos,2005-11-01,97,100,97,100,197
ANTEQUERA,consulta externa,nuevas en menores de 5 anos,2005-11-01,31,31,31,31,62
ANZALDO,consulta externa,nuevas en menores de 5 anos,2005-11-01,68,83,68,83,151
APOLO,consulta externa,nuevas en menores de 5 anos,2005-11-01,363,368,363,368,731
ARAMPAMPA,consulta externa,nuevas en menores de 5 anos,2005-11-01,384,122,384,122,506
ARANI,consulta externa,nuevas en menores de 5 anos,2005-11-01,133,144,133,144,277
ARBIETO,consulta externa,nuevas en menores de 5 anos,2005-11-01,93,85,93,85,178
ARQUE,consulta externa,nuevas en menores de 5 anos,2005-11-01,165,145,165,145,310
ASCENCION DE GUARAYOS,consulta externa,nuevas en menores de 5 anos,2005-11-01,416,411,416,411,827
ATOCHA,consulta externa,nuevas en menores de 5 anos,2005-11-01,375,279,375,279,654
AUCAPATA,consulta externa,nuevas en menores de 5 anos,2005-11-01,42,44,42,44,86
AYATA,consulta externa,nuevas en menores de 5 anos,2005-11-01,133,115,133,115,248
AYO AYO,consulta externa,nuevas en menores de 5 anos,2005-11-01,66,57,66,57,123
AYOPAYA (V. DE INDEPENDENCIA),consulta externa,nuevas en menores de 5 anos,2005-11-01,497,466,497,466,963
AZURDUY,consulta externa,nuevas en menores de 5 anos,2005-11-01,514,509,514,509,1023
BATALLAS,consulta externa,nuevas en menores de 5 anos,2005-11-01,88,90,88,90,178
BAURES,consulta externa,nuevas en menores de 5 anos,2005-11-01,93,119,93,119,212
BELEN DE ANDAMARCA,consulta externa,nuevas en menores de 5 anos,2005-11-01,32,17,32,17,49
BELEN DE URMIRI,consulta externa,nuevas en menores de 5 anos,2005-11-01,64,64,64,64,128
BELLA FLOR,consulta externa,nuevas en menores de 5 anos,2005-11-01,206,120,206,120,326
BERMEJO,consulta externa,nuevas en menores de 5 anos,2005-11-01,473,805,473,805,1278
BETANZOS,consulta externa,nuevas en menores de 5 anos,2005-11-01,755,690,755,690,1445
BOLIVAR,consulta externa,nuevas en menores de 5 anos,2005-11-01,149,142,149,142,291
BOLPEBRA,consulta externa,nuevas en menores de 5 anos,2005-11-01,27,34,27,34,61
BOYUIBE,consulta externa,nuevas en menores de 5 anos,2005-11-01,82,69,82,69,151
BUENA VISTA,consulta externa,nuevas en menores de 5 anos,2005-11-01,360,308,360,308,668
CABEZAS,consulta externa,nuevas en menores de 5 anos,2005-11-01,497,413,497,413,910
CAIROMA,consulta externa,nuevas en menores de 5 anos,2005-11-01,201,234,201,234,435
"CAIZA ""D""",consulta externa,nuevas en menores de 5 anos,2005-11-01,135,143,135,143,278
CAJUATA,consulta externa,nuevas en menores de 5 anos,2005-11-01,167,132,167,132,299
CALACOTO,consulta externa,nuevas en menores de 5 anos,2005-11-01,95,93,95,93,188
CALAMARCA,consulta externa,nuevas en menores de 5 anos,2005-11-01,161,143,161,143,304
CAMARGO,consulta externa,nuevas en menores de 5 anos,2005-11-01,429,414,429,414,843
CAMATAQUI (C. VILLA ABECIA),consulta externa,nuevas en menores de 5 anos,2005-11-01,113,78,113,78,191
CAMIRI,consulta externa,nuevas en menores de 5 anos,2005-11-01,1075,1016,1075,1016,2091
CAPINOTA,consulta externa,nuevas en menores de 5 anos,2005-11-01,320,286,320,286,606
CAQUIAVIRI,consulta externa,nuevas en menores de 5 anos,2005-11-01,156,130,156,130,286
CARACOLLO,consulta externa,nuevas en menores de 5 anos,2005-11-01,284,256,284,256,540
CARANAVI,consulta externa,nuevas en menores de 5 anos,2005-11-01,1050,948,1050,948,1998
CARANGAS,consulta externa,nuevas en menores de 5 anos,2005-11-01,3,4,3,4,7
CARAPARI,consulta externa,nuevas en menores de 5 anos,2005-11-01,269,268,269,268,537
CARIPUYO,consulta externa,nuevas en menores de 5 anos,2005-11-01,435,352,435,352,787
CARMEN RIVERO TORREZ,consulta externa,nuevas en menores de 5 anos,2005-11-01,60,38,60,38,98
CATACORA,consulta externa,nuevas en menores de 5 anos,2005-11-01,11,9,11,9,20
CHACARILLA,consulta externa,nuevas en menores de 5 anos,2005-11-01,26,21,26,21,47
CHALLAPATA,consulta externa,nuevas en menores de 5 anos,2005-11-01,470,361,470,361,831
CHAQUI,consulta externa,nuevas en menores de 5 anos,2005-11-01,174,120,174,120,294
CHARAGUA,consulta externa,nuevas en menores de 5 anos,2005-11-01,834,833,834,833,1667
CHARAÑA,consulta externa,nuevas en menores de 5 anos,2005-11-01,51,37,51,37,88
CHAYANTA,consulta externa,nuevas en menores de 5 anos,2005-11-01,287,245,287,245,532
CHIMORE,consulta externa,nuevas en menores de 5 anos,2005-11-01,608,544,608,544,1152
CHIPAYA,consulta externa,nuevas en menores de 5 anos,2005-11-01,51,49,51,49,100
CHOQUE COTA,consulta externa,nuevas en menores de 5 anos,2005-11-01,30,36,30,36,66
CHULUMANI (V. DE LA LIBERTAD),consulta externa,nuevas en menores de 5 anos,2005-11-01,324,241,324,241,565
CHUMA,consulta externa,nuevas en menores de 5 anos,2005-11-01,121,131,121,131,252
CLIZA,consulta externa,nuevas en menores de 5 anos,2005-11-01,224,186,224,186,410
COBIJA,consulta externa,nuevas en menores de 5 anos,2005-11-01,888,729,888,729,1617
COCHABAMBA,consulta externa,nuevas en menores de 5 anos,2005-11-01,8948,7679,8948,7679,16627
COIPASA,consulta externa,nuevas en menores de 5 anos,2005-11-01,10,7,10,7,17
COLCAPIRHUA,consulta externa,nuevas en menores de 5 anos,2005-11-01,471,472,471,472,943
"COLCHA ""K""",consulta externa,nuevas en menores de 5 anos,2005-11-01,166,170,166,170,336
COLLANA,consulta externa,nuevas en menores de 5 anos,2005-11-01,18,11,18,11,29
COLOMI,consulta externa,nuevas en menores de 5 anos,2005-11-01,284,239,284,239,523
COLPA BELGICA,consulta externa,nuevas en menores de 5 anos,2005-11-01,147,108,147,108,255
COLQUECHACA,consulta externa,nuevas en menores de 5 anos,2005-11-01,804,815,804,815,1619
COLQUENCHA,consulta externa,nuevas en menores de 5 anos,2005-11-01,67,68,67,68,135
COLQUIRI,consulta externa,nuevas en menores de 5 anos,2005-11-01,405,321,405,321,726
COMANCHE,consulta externa,nuevas en menores de 5 anos,2005-11-01,17,28,17,28,45
COMARAPA,consulta externa,nuevas en menores de 5 anos,2005-11-01,371,420,371,420,791
COMBAYA,consulta externa,nuevas en menores de 5 anos,2005-11-01,56,24,56,24,80
CONCEPCION,consulta externa,nuevas en menores de 5 anos,2005-11-01,498,432,498,432,930
COPACABANA,consulta externa,nuevas en menores de 5 anos,2005-11-01,74,78,74,78,152
CORIPATA,consulta externa,nuevas en menores de 5 anos,2005-11-01,234,245,234,245,479
CORO CORO,consulta externa,nuevas en menores de 5 anos,2005-11-01,118,90,118,90,208
COROICO,consulta externa,nuevas en menores de 5 anos,2005-11-01,207,200,207,200,407
CORQUE,consulta externa,nuevas en menores de 5 anos,2005-11-01,125,121,125,121,246
COTAGAITA,consulta externa,nuevas en menores de 5 anos,2005-11-01,600,547,600,547,1147
COTOCA,consulta externa,nuevas en menores de 5 anos,2005-11-01,776,667,776,667,1443
CUATRO CAÑADAS,consulta externa,nuevas en menores de 5 anos,2005-11-01,546,423,546,423,969
CUCHUMUELA (V. G. VILLARROEL),consulta externa,nuevas en menores de 5 anos,2005-11-01,40,17,40,17,57
CUEVO,consulta externa,nuevas en menores de 5 anos,2005-11-01,104,150,104,150,254
CULPINA,consulta externa,nuevas en menores de 5 anos,2005-11-01,462,441,462,441,903
CURAHUARA DE CARANGAS,consulta externa,nuevas en menores de 5 anos,2005-11-01,89,81,89,81,170
CURVA,consulta externa,nuevas en menores de 5 anos,2005-11-01,14,12,14,12,26
DESAGUADERO,consulta externa,nuevas en menores de 5 anos,2005-11-01,47,25,47,25,72
EL ALTO,consulta externa,nuevas en menores de 5 anos,2005-11-01,8859,7714,8859,7714,16573
EL CHORO,consulta externa,nuevas en menores de 5 anos,2005-11-01,66,43,66,43,109
EL PUENTE(STC),consulta externa,nuevas en menores de 5 anos,2005-11-01,296,327,296,327,623
EL PUENTE(TJA),consulta externa,nuevas en menores de 5 anos,2005-11-01,218,223,218,223,441
EL TORNO,consulta externa,nuevas en menores de 5 anos,2005-11-01,1164,1166,1164,1166,2330
EL VILLAR,consulta externa,nuevas en menores de 5 anos,2005-11-01,180,186,180,186,366
ENTRE RIOS,consulta externa,nuevas en menores de 5 anos,2005-11-01,483,435,483,435,918
ENTRE RIOS,consulta externa,nuevas en menores de 5 anos,2005-11-01,464,430,464,430,894
ESCARA,consulta externa,nuevas en menores de 5 anos,2005-11-01,3,1,3,1,4
EUCALIPTUS,consulta externa,nuevas en menores de 5 anos,2005-11-01,238,147,238,147,385
EUREKA (SANTOS MERCADO),consulta externa,nuevas en menores de 5 anos,2005-11-01,36,54,36,54,90
EXALTACION,consulta externa,nuevas en menores de 5 anos,2005-11-01,60,54,60,54,114
FERNANDEZ ALONSO,consulta externa,nuevas en menores de 5 anos,2005-11-01,510,463,510,463,973
FILADELFIA,consulta externa,nuevas en menores de 5 anos,2005-11-01,140,178,140,178,318
GENERAL SAAVEDRA,consulta externa,nuevas en menores de 5 anos,2005-11-01,564,522,564,522,1086
GRAL. J.J. PEREZ (CHARAZANI),consulta externa,nuevas en menores de 5 anos,2005-11-01,182,148,182,148,330
GUANAY,consulta externa,nuevas en menores de 5 anos,2005-11-01,325,289,325,289,614
GUAQUI,consulta externa,nuevas en menores de 5 anos,2005-11-01,34,44,34,44,78
GUAYARAMERIN,consulta externa,nuevas en menores de 5 anos,2005-11-01,1144,809,1144,809,1953
GUTIERREZ,consulta externa,nuevas en menores de 5 anos,2005-11-01,496,549,496,549,1045
HUACARETA,consulta externa,nuevas en menores de 5 anos,2005-11-01,256,213,256,213,469
HUACAYA (VILLA DE HUACAYA),consulta externa,nuevas en menores de 5 anos,2005-11-01,154,132,154,132,286
HUACHACALLA,consulta externa,nuevas en menores de 5 anos,2005-11-01,21,13,21,13,34
HUANUNI,consulta externa,nuevas en menores de 5 anos,2005-11-01,432,364,432,364,796
HUARACAJE,consulta externa,nuevas en menores de 5 anos,2005-11-01,103,106,103,106,209
HUAYLLAMARCA,consulta externa,nuevas en menores de 5 anos,2005-11-01,65,92,65,92,157
ICHOCA,consulta externa,nuevas en menores de 5 anos,2005-11-01,78,76,78,76,154
ICLA,consulta externa,nuevas en menores de 5 anos,2005-11-01,367,341,367,341,708
INCAHUASI,consulta externa,nuevas en menores de 5 anos,2005-11-01,453,471,453,471,924
INGAVI (HUMAITA),consulta externa,nuevas en menores de 5 anos,2005-11-01,22,7,22,7,29
INQUISIVI,consulta externa,nuevas en menores de 5 anos,2005-11-01,115,135,115,135,250
IRUPANA (VILLA DE LANZA),consulta externa,nuevas en menores de 5 anos,2005-11-01,249,253,249,253,502
IXIAMAS,consulta externa,nuevas en menores de 5 anos,2005-11-01,197,152,197,152,349
JESUS DE MACHACA,consulta externa,nuevas en menores de 5 anos,2005-11-01,165,129,165,129,294
LA ASUNTA,consulta externa,nuevas en menores de 5 anos,2005-11-01,558,444,558,444,1002
LA GUARDIA,consulta externa,nuevas en menores de 5 anos,2005-11-01,1043,966,1043,966,2009
LA PAZ,consulta externa,nuevas en menores de 5 anos,2005-11-01,11547,10938,11547,10938,22485
LA RIVERA,consulta externa,nuevas en menores de 5 anos,2005-11-01,2,10,2,10,12
LAGUNILLAS,consulta externa,nuevas en menores de 5 anos,2005-11-01,271,275,271,275,546
LAJA,consulta externa,nuevas en menores de 5 anos,2005-11-01,118,112,118,112,230
LAS CARRERAS,consulta externa,nuevas en menores de 5 anos,2005-11-01,77,68,77,68,145
LICOMA PAMPA,consulta externa,nuevas en menores de 5 anos,2005-11-01,25,30,25,30,55
LLALLAGUA,consulta externa,nuevas en menores de 5 anos,2005-11-01,700,561,700,561,1261
LLICA,consulta externa,nuevas en menores de 5 anos,2005-11-01,45,56,45,56,101
LORETO,consulta externa,nuevas en menores de 5 anos,2005-11-01,71,65,71,65,136
LURIBAY,consulta externa,nuevas en menores de 5 anos,2005-11-01,173,164,173,164,337
MACHACAMARCA,consulta externa,nuevas en menores de 5 anos,2005-11-01,48,52,48,52,100
MACHARETI,consulta externa,nuevas en menores de 5 anos,2005-11-01,311,335,311,335,646
MAGDALENA,consulta externa,nuevas en menores de 5 anos,2005-11-01,244,213,244,213,457
MAIRANA,consulta externa,nuevas en menores de 5 anos,2005-11-01,143,143,143,143,286
MALLA,consulta externa,nuevas en menores de 5 anos,2005-11-01,64,59,64,59,123
MAPIRI,consulta externa,nuevas en menores de 5 anos,2005-11-01,251,230,251,230,481
MECAPACA,consulta externa,nuevas en menores de 5 anos,2005-11-01,132,117,132,117,249
MINEROS,consulta externa,nuevas en menores de 5 anos,2005-11-01,582,455,582,455,1037
MIZQUE,consulta externa,nuevas en menores de 5 anos,2005-11-01,355,328,355,328,683
MOCOMOCO,consulta externa,nuevas en menores de 5 anos,2005-11-01,181,183,181,183,364
MOJINETE,consulta externa,nuevas en menores de 5 anos,2005-11-01,22,10,22,10,32
MOJOCOYA,consulta externa,nuevas en menores de 5 anos,2005-11-01,188,112,188,112,300
MONTEAGUDO,consulta externa,nuevas en menores de 5 anos,2005-11-01,752,637,752,637,1389
MONTERO,consulta externa,nuevas en menores de 5 anos,2005-11-01,2571,2540,2571,2540,5111
MORO MORO,consulta externa,nuevas en menores de 5 anos,2005-11-01,85,63,85,63,148
MOROCHATA,consulta externa,nuevas en menores de 5 anos,2005-11-01,186,185,186,185,371
NACEBE (SANTA ROSA DEL ABUNA),consulta externa,nuevas en menores de 5 anos,2005-11-01,27,14,27,14,41
NAZACARA DE PACAJES,consulta externa,nuevas en menores de 5 anos,2005-11-01,5,3,5,3,8
NUEVO MANOA (NUEVA ESPERANZA),consulta externa,nuevas en menores de 5 anos,2005-11-01,87,50,87,50,137
OCURI,consulta externa,nuevas en menores de 5 anos,2005-11-01,616,558,616,558,1174
OKINAWA,consulta externa,nuevas en menores de 5 anos,2005-11-01,350,313,350,313,663
OMEREQUE,consulta externa,nuevas en menores de 5 anos,2005-11-01,149,129,149,129,278
ORURO,consulta externa,nuevas en menores de 5 anos,2005-11-01,4155,3629,4155,3629,7784
PADCAYA,consulta externa,nuevas en menores de 5 anos,2005-11-01,459,405,459,405,864
PADILLA,consulta externa,nuevas en menores de 5 anos,2005-11-01,368,276,368,276,644
PAILON,consulta externa,nuevas en menores de 5 anos,2005-11-01,383,394,383,394,777
PALCA,consulta externa,nuevas en menores de 5 anos,2005-11-01,101,108,101,108,209
PALOS BLANCOS,consulta externa,nuevas en menores de 5 anos,2005-11-01,695,647,695,647,1342
PAMPA AULLAGAS,consulta externa,nuevas en menores de 5 anos,2005-11-01,47,41,47,41,88
PAMPA GRANDE,consulta externa,nuevas en menores de 5 anos,2005-11-01,215,199,215,199,414
PAPEL PAMPA,consulta externa,nuevas en menores de 5 anos,2005-11-01,57,60,57,60,117
PASORAPA,consulta externa,nuevas en menores de 5 anos,2005-11-01,42,41,42,41,83
PATACAMAYA,consulta externa,nuevas en menores de 5 anos,2005-11-01,274,277,274,277,551
PAZÑA,consulta externa,nuevas en menores de 5 anos,2005-11-01,93,91,93,91,184
PELECHUCO,consulta externa,nuevas en menores de 5 anos,2005-11-01,87,54,87,54,141
POCOATA,consulta externa,nuevas en menores de 5 anos,2005-11-01,497,567,497,567,1064
POCONA,consulta externa,nuevas en menores de 5 anos,2005-11-01,203,218,203,218,421
POJO (CBBA),consulta externa,nuevas en menores de 5 anos,2005-11-01,204,201,204,201,405
POOPO,consulta externa,nuevas en menores de 5 anos,2005-11-01,45,37,45,37,82
PORCO,consulta externa,nuevas en menores de 5 anos,2005-11-01,97,118,97,118,215
POROMA,consulta externa,nuevas en menores de 5 anos,2005-11-01,474,395,474,395,869
PORONGO,consulta externa,nuevas en menores de 5 anos,2005-11-01,220,199,220,199,419
PORTACHUELO,consulta externa,nuevas en menores de 5 anos,2005-11-01,592,517,592,517,1109
PORVENIR,consulta externa,nuevas en menores de 5 anos,2005-11-01,184,135,184,135,319
POSTRER VALLE,consulta externa,nuevas en menores de 5 anos,2005-11-01,47,54,47,54,101
POTOSI,consulta externa,nuevas en menores de 5 anos,2005-11-01,2854,2783,2854,2783,5637
PRESTO,consulta externa,nuevas en menores de 5 anos,2005-11-01,470,467,470,467,937
PUCARA,consulta externa,nuevas en menores de 5 anos,2005-11-01,30,20,30,20,50
PUCARANI,consulta externa,nuevas en menores de 5 anos,2005-11-01,245,194,245,194,439
PUERTO ACOSTA,consulta externa,nuevas en menores de 5 anos,2005-11-01,179,185,179,185,364
PUERTO CARABUCO,consulta externa,nuevas en menores de 5 anos,2005-11-01,111,92,111,92,203
PUERTO GONZALO MORENO,consulta externa,nuevas en menores de 5 anos,2005-11-01,151,152,151,152,303
PUERTO PEREZ,consulta externa,nuevas en menores de 5 anos,2005-11-01,70,55,70,55,125
PUERTO QUIJARRO,consulta externa,nuevas en menores de 5 anos,2005-11-01,268,248,268,248,516
PUERTO RICO,consulta externa,nuevas en menores de 5 anos,2005-11-01,225,239,225,239,464
PUERTO SILES,consulta externa,nuevas en menores de 5 anos,2005-11-01,37,25,37,25,62
PUERTO SUAREZ,consulta externa,nuevas en menores de 5 anos,2005-11-01,284,347,284,347,631
PUERTO VILLARROEL,consulta externa,nuevas en menores de 5 anos,2005-11-01,1291,1253,1291,1253,2544
PUNA,consulta externa,nuevas en menores de 5 anos,2005-11-01,610,591,610,591,1201
PUNATA,consulta externa,nuevas en menores de 5 anos,2005-11-01,367,343,367,343,710
QUIABAYA,consulta externa,nuevas en menores de 5 anos,2005-11-01,19,37,19,37,56
QUILLACOLLO,consulta externa,nuevas en menores de 5 anos,2005-11-01,1114,873,1114,873,1987
QUIME,consulta externa,nuevas en menores de 5 anos,2005-11-01,105,79,105,79,184
QUIRUSILLAS,consulta externa,nuevas en menores de 5 anos,2005-11-01,58,46,58,46,104
RAVELO,consulta externa,nuevas en menores de 5 anos,2005-11-01,474,411,474,411,885
REYES,consulta externa,nuevas en menores de 5 anos,2005-11-01,300,287,300,287,587
RIBERALTA,consulta externa,nuevas en menores de 5 anos,2005-11-01,1946,1839,1946,1839,3785
ROBORE,consulta externa,nuevas en menores de 5 anos,2005-11-01,304,237,304,237,541
RURRENABAQUE,consulta externa,nuevas en menores de 5 anos,2005-11-01,364,290,364,290,654
SABAYA,consulta externa,nuevas en menores de 5 anos,2005-11-01,66,69,66,69,135
SACABA,consulta externa,nuevas en menores de 5 anos,2005-11-01,1183,1074,1183,1074,2257
SACABAMBA,consulta externa,nuevas en menores de 5 anos,2005-11-01,58,42,58,42,100
SACACA,consulta externa,nuevas en menores de 5 anos,2005-11-01,538,519,538,519,1057
SAIPINA,consulta externa,nuevas en menores de 5 anos,2005-11-01,196,233,196,233,429
SALINAS DE GARCI MENDOZA,consulta externa,nuevas en menores de 5 anos,2005-11-01,266,260,266,260,526
SAMAIPATA,consulta externa,nuevas en menores de 5 anos,2005-11-01,134,102,134,102,236
SAN AGUSTIN,consulta externa,nuevas en menores de 5 anos,2005-11-01,64,50,64,50,114
SAN ANDRES,consulta externa,nuevas en menores de 5 anos,2005-11-01,251,263,251,263,514
SAN ANDRES DE MACHACA,consulta externa,nuevas en menores de 5 anos,2005-11-01,62,39,62,39,101
SAN ANTONIO DE ESMORUCO,consulta externa,nuevas en menores de 5 anos,2005-11-01,33,33,33,33,66
SAN ANTONIO DE LOMERIO,consulta externa,nuevas en menores de 5 anos,2005-11-01,102,98,102,98,200
SAN BENITO,consulta externa,nuevas en menores de 5 anos,2005-11-01,161,142,161,142,303
SAN BORJA,consulta externa,nuevas en menores de 5 anos,2005-11-01,638,521,638,521,1159
SAN BUENA VENTURA,consulta externa,nuevas en menores de 5 anos,2005-11-01,268,280,268,280,548
SAN CARLOS,consulta externa,nuevas en menores de 5 anos,2005-11-01,445,347,445,347,792
SAN IGNACIO,consulta externa,nuevas en menores de 5 anos,2005-11-01,558,428,558,428,986
SAN IGNACIO DE VELASCO,consulta externa,nuevas en menores de 5 anos,2005-11-01,1090,1119,1090,1119,2209
SAN JAVIER(BNI),consulta externa,nuevas en menores de 5 anos,2005-11-01,132,114,132,114,246
SAN JAVIER(STC),consulta externa,nuevas en menores de 5 anos,2005-11-01,184,169,184,169,353
SAN JOAQUIN,consulta externa,nuevas en menores de 5 anos,2005-11-01,79,70,79,70,149
SAN JOSE DE CHIQUITOS,consulta externa,nuevas en menores de 5 anos,2005-11-01,494,446,494,446,940
SAN JUAN DE YAPACANI,consulta externa,nuevas en menores de 5 anos,2005-11-01,458,373,458,373,831
SAN JULIAN,consulta externa,nuevas en menores de 5 anos,2005-11-01,1220,1253,1220,1253,2473
SAN LORENZO(PND),consulta externa,nuevas en menores de 5 anos,2005-11-01,73,52,73,52,125
SAN LORENZO(TJA),consulta externa,nuevas en menores de 5 anos,2005-11-01,518,459,518,459,977
SAN LUCAS,consulta externa,nuevas en menores de 5 anos,2005-11-01,1207,890,1207,890,2097
SAN MATIAS,consulta externa,nuevas en menores de 5 anos,2005-11-01,3153,434,3153,434,3587
SAN MIGUEL DE VELASCO,consulta externa,nuevas en menores de 5 anos,2005-11-01,210,174,210,174,384
SAN PABLO DE LIPEZ,consulta externa,nuevas en menores de 5 anos,2005-11-01,96,89,96,89,185
SAN PEDRO,consulta externa,nuevas en menores de 5 anos,2005-11-01,632,546,632,546,1178
SAN PEDRO DE BUENA VISTA,consulta externa,nuevas en menores de 5 anos,2005-11-01,752,715,752,715,1467
SAN PEDRO DE CURAHUARA,consulta externa,nuevas en menores de 5 anos,2005-11-01,82,61,82,61,143
SAN PEDRO DE QUEMES,consulta externa,nuevas en menores de 5 anos,2005-11-01,11,19,11,19,30
SAN PEDRO DE TIQUINA,consulta externa,nuevas en menores de 5 anos,2005-11-01,50,36,50,36,86
SAN PEDRO(PND),consulta externa,nuevas en menores de 5 anos,2005-11-01,29,53,29,53,82
SAN RAFAEL,consulta externa,nuevas en menores de 5 anos,2005-11-01,178,170,178,170,348
SAN RAMON,consulta externa,nuevas en menores de 5 anos,2005-11-01,110,94,110,94,204
SAN RAMON,consulta externa,nuevas en menores de 5 anos,2005-11-01,203,159,203,159,362
SANTA ANA,consulta externa,nuevas en menores de 5 anos,2005-11-01,261,233,261,233,494
SANTA CRUZ DE LA SIERRA,consulta externa,nuevas en menores de 5 anos,2005-11-01,32663,20773,32663,20773,53436
SANTA ROSA,consulta externa,nuevas en menores de 5 anos,2005-11-01,146,167,146,167,313
SANTA ROSA DEL SARA,consulta externa,nuevas en menores de 5 anos,2005-11-01,724,665,724,665,1389
SANTIAGO DE CALLAPA,consulta externa,nuevas en menores de 5 anos,2005-11-01,46,48,46,48,94
SANTIAGO DE HUARI,consulta externa,nuevas en menores de 5 anos,2005-11-01,102,92,102,92,194
SANTIAGO DE MACHACA,consulta externa,nuevas en menores de 5 anos,2005-11-01,27,24,27,24,51
SANTIVAÑES,consulta externa,nuevas en menores de 5 anos,2005-11-01,105,92,105,92,197
SANTUARIO DE QUILLACAS,consulta externa,nuevas en menores de 5 anos,2005-11-01,55,30,55,30,85
SAPAHAQUI,consulta externa,nuevas en menores de 5 anos,2005-11-01,127,111,127,111,238
SENA,consulta externa,nuevas en menores de 5 anos,2005-11-01,133,145,133,145,278
SICA SICA (VILLA AROMA),consulta externa,nuevas en menores de 5 anos,2005-11-01,211,165,211,165,376
SICAYA,consulta externa,nuevas en menores de 5 anos,2005-11-01,58,43,58,43,101
SIPE SIPE,consulta externa,nuevas en menores de 5 anos,2005-11-01,510,421,510,421,931
SOPACHUY,consulta externa,nuevas en menores de 5 anos,2005-11-01,187,154,187,154,341
SORACACHI,consulta externa,nuevas en menores de 5 anos,2005-11-01,123,97,123,97,220
SORATA,consulta externa,nuevas en menores de 5 anos,2005-11-01,205,245,205,245,450
SUCRE,consulta externa,nuevas en menores de 5 anos,2005-11-01,6102,5683,6102,5683,11785
TACACHI,consulta externa,nuevas en menores de 5 anos,2005-11-01,18,17,18,17,35
TACACOMA,consulta externa,nuevas en menores de 5 anos,2005-11-01,108,89,108,89,197
TACOBAMBA,consulta externa,nuevas en menores de 5 anos,2005-11-01,176,141,176,141,317
TACOPAYA,consulta externa,nuevas en menores de 5 anos,2005-11-01,202,172,202,172,374
TAHUA,consulta externa,nuevas en menores de 5 anos,2005-11-01,20,20,20,20,40
TAPACARI,consulta externa,nuevas en menores de 5 anos,2005-11-01,367,309,367,309,676
TARABUCO,consulta externa,nuevas en menores de 5 anos,2005-11-01,649,706,649,706,1355
TARACO,consulta externa,nuevas en menores de 5 anos,2005-11-01,28,28,28,28,56
TARATA,consulta externa,nuevas en menores de 5 anos,2005-11-01,85,90,85,90,175
TARIJA,consulta externa,nuevas en menores de 5 anos,2005-11-01,3669,3336,3669,3336,7005
TARVITA,consulta externa,nuevas en menores de 5 anos,2005-11-01,628,644,628,644,1272
TEOPONTE,consulta externa,nuevas en menores de 5 anos,2005-11-01,227,215,227,215,442
TIAWANACU,consulta externa,nuevas en menores de 5 anos,2005-11-01,119,99,119,99,218
TINGUIPAYA,consulta externa,nuevas en menores de 5 anos,2005-11-01,295,305,295,305,600
TIPUANI,consulta externa,nuevas en menores de 5 anos,2005-11-01,169,118,169,118,287
TIQUIPAYA,consulta externa,nuevas en menores de 5 anos,2005-11-01,534,455,534,455,989
TIRAQUE (CBBA),consulta externa,nuevas en menores de 5 anos,2005-11-01,840,752,840,752,1592
TITO YUPANQUI (PARQUIPUJIO),consulta externa,nuevas en menores de 5 anos,2005-11-01,20,37,20,37,57
TOCO,consulta externa,nuevas en menores de 5 anos,2005-11-01,107,90,107,90,197
TOLATA,consulta externa,nuevas en menores de 5 anos,2005-11-01,34,33,34,33,67
TOLEDO,consulta externa,nuevas en menores de 5 anos,2005-11-01,104,99,104,99,203
TOMAVE,consulta externa,nuevas en menores de 5 anos,2005-11-01,263,247,263,247,510
TOMINA,consulta externa,nuevas en menores de 5 anos,2005-11-01,270,273,270,273,543
TORO TORO,consulta externa,nuevas en menores de 5 anos,2005-11-01,264,220,264,220,484
TOTORA(CBBA),consulta externa,nuevas en menores de 5 anos,2005-11-01,186,183,186,183,369
TOTORA(ORR),consulta externa,nuevas en menores de 5 anos,2005-11-01,318,109,318,109,427
TRIGAL,consulta externa,nuevas en menores de 5 anos,2005-11-01,50,45,50,45,95
TRINIDAD,consulta externa,nuevas en menores de 5 anos,2005-11-01,3014,2379,3014,2379,5393
TUPIZA,consulta externa,nuevas en menores de 5 anos,2005-11-01,1001,1031,1001,1031,2032
TURCO,consulta externa,nuevas en menores de 5 anos,2005-11-01,92,89,92,89,181
UMALA,consulta externa,nuevas en menores de 5 anos,2005-11-01,23,54,23,54,77
UNCIA,consulta externa,nuevas en menores de 5 anos,2005-11-01,780,700,780,700,1480
URIONDO (A. CONCEPCION),consulta externa,nuevas en menores de 5 anos,2005-11-01,486,488,486,488,974
URUBICHA,consulta externa,nuevas en menores de 5 anos,2005-11-01,154,161,154,161,315
UYUNI,consulta externa,nuevas en menores de 5 anos,2005-11-01,237,192,237,192,429
VACAS,consulta externa,nuevas en menores de 5 anos,2005-11-01,223,239,223,239,462
VALLEGRANDE,consulta externa,nuevas en menores de 5 anos,2005-11-01,286,233,286,233,519
VIACHA,consulta externa,nuevas en menores de 5 anos,2005-11-01,488,440,488,440,928
VILA VILA,consulta externa,nuevas en menores de 5 anos,2005-11-01,77,62,77,62,139
VILLA MONTES,consulta externa,nuevas en menores de 5 anos,2005-11-01,650,598,650,598,1248
VILLA NUEVA (LOMA ALTA),consulta externa,nuevas en menores de 5 anos,2005-11-01,80,78,80,78,158
VILLA RIVERO,consulta externa,nuevas en menores de 5 anos,2005-11-01,54,49,54,49,103
VILLA SERRANO,consulta externa,nuevas en menores de 5 anos,2005-11-01,462,416,462,416,878
VILLA TUNARI,consulta externa,nuevas en menores de 5 anos,2005-11-01,1678,1548,1678,1548,3226
VILLA VACA GUZMAN (MUYUPAMPA),consulta externa,nuevas en menores de 5 anos,2005-11-01,439,464,439,464,903
VILLAZON,consulta externa,nuevas en menores de 5 anos,2005-11-01,797,694,797,694,1491
VINTO,consulta externa,nuevas en menores de 5 anos,2005-11-01,257,240,257,240,497
VITICHI,consulta externa,nuevas en menores de 5 anos,2005-11-01,178,213,178,213,391
WALDO BALLIVIAN,consulta externa,nuevas en menores de 5 anos,2005-11-01,39,42,39,42,81
WARNES,consulta externa,nuevas en menores de 5 anos,2005-11-01,1326,1198,1326,1198,2524
YACO,consulta externa,nuevas en menores de 5 anos,2005-11-01,104,80,104,80,184
YACUIBA,consulta externa,nuevas en menores de 5 anos,2005-11-01,2228,2079,2228,2079,4307
YAMPARAEZ,consulta externa,nuevas en menores de 5 anos,2005-11-01,174,116,174,116,290
YANACACHI,consulta externa,nuevas en menores de 5 anos,2005-11-01,84,86,84,86,170
YAPACANI,consulta externa,nuevas en menores de 5 anos,2005-11-01,817,709,817,709,1526
YOCALLA,consulta externa,nuevas en menores de 5 anos,2005-11-01,62,74,62,74,136
YOTALA,consulta externa,nuevas en menores de 5 anos,2005-11-01,158,147,158,147,305
YUNCHARA,consulta externa,nuevas en menores de 5 anos,2005-11-01,122,106,122,106,228
ZUDAÑEZ,consulta externa,nuevas en menores de 5 anos,2005-11-01,264,258,264,258,522
ACACIO,consulta externa,nuevas en menores de 5 anos,2005-12-01,166,138,166,138,304
ACHACACHI,consulta externa,nuevas en menores de 5 anos,2005-12-01,308,300,308,300,608
ACHOCALLA,consulta externa,nuevas en menores de 5 anos,2005-12-01,69,87,69,87,156
AIQUILE,consulta externa,nuevas en menores de 5 anos,2005-12-01,280,256,280,256,536
ALALAY,consulta externa,nuevas en menores de 5 anos,2005-12-01,24,11,24,11,35
ALCALA,consulta externa,nuevas en menores de 5 anos,2005-12-01,158,131,158,131,289
ANCORAIMES,consulta externa,nuevas en menores de 5 anos,2005-12-01,147,127,147,127,274
ANDAMARCA,consulta externa,nuevas en menores de 5 anos,2005-12-01,65,66,65,66,131
ANTEQUERA,consulta externa,nuevas en menores de 5 anos,2005-12-01,30,43,30,43,73
ANZALDO,consulta externa,nuevas en menores de 5 anos,2005-12-01,63,68,63,68,131
APOLO,consulta externa,nuevas en menores de 5 anos,2005-12-01,272,303,272,303,575
ARAMPAMPA,consulta externa,nuevas en menores de 5 anos,2005-12-01,126,111,126,111,237
ARANI,consulta externa,nuevas en menores de 5 anos,2005-12-01,81,90,81,90,171
ARBIETO,consulta externa,nuevas en menores de 5 anos,2005-12-01,79,53,79,53,132
ARQUE,consulta externa,nuevas en menores de 5 anos,2005-12-01,216,174,216,174,390
ASCENCION DE GUARAYOS,consulta externa,nuevas en menores de 5 anos,2005-12-01,417,416,417,416,833
ATOCHA,consulta externa,nuevas en menores de 5 anos,2005-12-01,290,241,290,241,531
AUCAPATA,consulta externa,nuevas en menores de 5 anos,2005-12-01,78,62,78,62,140
AYATA,consulta externa,nuevas en menores de 5 anos,2005-12-01,124,124,124,124,248
AYO AYO,consulta externa,nuevas en menores de 5 anos,2005-12-01,66,71,66,71,137
AYOPAYA (V. DE INDEPENDENCIA),consulta externa,nuevas en menores de 5 anos,2005-12-01,420,411,420,411,831
AZURDUY,consulta externa,nuevas en menores de 5 anos,2005-12-01,392,345,392,345,737
BATALLAS,consulta externa,nuevas en menores de 5 anos,2005-12-01,80,66,80,66,146
BAURES,consulta externa,nuevas en menores de 5 anos,2005-12-01,99,93,99,93,192
BELEN DE ANDAMARCA,consulta externa,nuevas en menores de 5 anos,2005-12-01,9,10,9,10,19
BELEN DE URMIRI,consulta externa,nuevas en menores de 5 anos,2005-12-01,78,48,78,48,126
BELLA FLOR,consulta externa,nuevas en menores de 5 anos,2005-12-01,102,96,102,96,198
BERMEJO,consulta externa,nuevas en menores de 5 anos,2005-12-01,953,932,953,932,1885
BETANZOS,consulta externa,nuevas en menores de 5 anos,2005-12-01,590,622,590,622,1212
BOLIVAR,consulta externa,nuevas en menores de 5 anos,2005-12-01,134,107,134,107,241
BOLPEBRA,consulta externa,nuevas en menores de 5 anos,2005-12-01,23,19,23,19,42
BOYUIBE,consulta externa,nuevas en menores de 5 anos,2005-12-01,59,68,59,68,127
BUENA VISTA,consulta externa,nuevas en menores de 5 anos,2005-12-01,285,258,285,258,543
CABEZAS,consulta externa,nuevas en menores de 5 anos,2005-12-01,417,305,417,305,722
CAIROMA,consulta externa,nuevas en menores de 5 anos,2005-12-01,126,161,126,161,287
"CAIZA ""D""",consulta externa,nuevas en menores de 5 anos,2005-12-01,118,96,118,96,214
CAJUATA,consulta externa,nuevas en menores de 5 anos,2005-12-01,107,95,107,95,202
CALACOTO,consulta externa,nuevas en menores de 5 anos,2005-12-01,74,62,74,62,136
CALAMARCA,consulta externa,nuevas en menores de 5 anos,2005-12-01,169,117,169,117,286
CAMARGO,consulta externa,nuevas en menores de 5 anos,2005-12-01,342,301,342,301,643
CAMATAQUI (C. VILLA ABECIA),consulta externa,nuevas en menores de 5 anos,2005-12-01,75,46,75,46,121
CAMIRI,consulta externa,nuevas en menores de 5 anos,2005-12-01,979,833,979,833,1812
CAPINOTA,consulta externa,nuevas en menores de 5 anos,2005-12-01,377,302,377,302,679
CAQUIAVIRI,consulta externa,nuevas en menores de 5 anos,2005-12-01,70,78,70,78,148
CARACOLLO,consulta externa,nuevas en menores de 5 anos,2005-12-01,182,168,182,168,350
CARANAVI,consulta externa,nuevas en menores de 5 anos,2005-12-01,943,798,943,798,1741
CARANGAS,consulta externa,nuevas en menores de 5 anos,2005-12-01,7,6,7,6,13
CARAPARI,consulta externa,nuevas en menores de 5 anos,2005-12-01,228,242,228,242,470
CARIPUYO,consulta externa,nuevas en menores de 5 anos,2005-12-01,196,187,196,187,383
CARMEN RIVERO TORREZ,consulta externa,nuevas en menores de 5 anos,2005-12-01,60,49,60,49,109
CATACORA,consulta externa,nuevas en menores de 5 anos,2005-12-01,7,10,7,10,17
CHACARILLA,consulta externa,nuevas en menores de 5 anos,2005-12-01,8,141,8,141,149
CHALLAPATA,consulta externa,nuevas en menores de 5 anos,2005-12-01,403,302,403,302,705
CHAQUI,consulta externa,nuevas en menores de 5 anos,2005-12-01,138,111,138,111,249
CHARAGUA,consulta externa,nuevas en menores de 5 anos,2005-12-01,823,711,823,711,1534
CHARAÑA,consulta externa,nuevas en menores de 5 anos,2005-12-01,23,37,23,37,60
CHAYANTA,consulta externa,nuevas en menores de 5 anos,2005-12-01,273,284,273,284,557
CHIMORE,consulta externa,nuevas en menores de 5 anos,2005-12-01,500,507,500,507,1007
CHIPAYA,consulta externa,nuevas en menores de 5 anos,2005-12-01,26,29,26,29,55
CHOQUE COTA,consulta externa,nuevas en menores de 5 anos,2005-12-01,16,13,16,13,29
CHULUMANI (V. DE LA LIBERTAD),consulta externa,nuevas en menores de 5 anos,2005-12-01,156,171,156,171,327
CHUMA,consulta externa,nuevas en menores de 5 anos,2005-12-01,111,111,111,111,222
CLIZA,consulta externa,nuevas en menores de 5 anos,2005-12-01,173,181,173,181,354
COBIJA,consulta externa,nuevas en menores de 5 anos,2005-12-01,773,624,773,624,1397
COCHABAMBA,consulta externa,nuevas en menores de 5 anos,2005-12-01,8091,6873,8091,6873,14964
COIPASA,consulta externa,nuevas en menores de 5 anos,2005-12-01,6,7,6,7,13
COLCAPIRHUA,consulta externa,nuevas en menores de 5 anos,2005-12-01,365,390,365,390,755
"COLCHA ""K""",consulta externa,nuevas en menores de 5 anos,2005-12-01,128,130,128,130,258
COLLANA,consulta externa,nuevas en menores de 5 anos,2005-12-01,14,10,14,10,24
COLOMI,consulta externa,nuevas en menores de 5 anos,2005-12-01,258,224,258,224,482
COLPA BELGICA,consulta externa,nuevas en menores de 5 anos,2005-12-01,126,129,126,129,255
COLQUECHACA,consulta externa,nuevas en menores de 5 anos,2005-12-01,763,767,763,767,1530
COLQUENCHA,consulta externa,nuevas en menores de 5 anos,2005-12-01,70,56,70,56,126
COLQUIRI,consulta externa,nuevas en menores de 5 anos,2005-12-01,321,321,321,321,642
COMANCHE,consulta externa,nuevas en menores de 5 anos,2005-12-01,25,15,25,15,40
COMARAPA,consulta externa,nuevas en menores de 5 anos,2005-12-01,281,257,281,257,538
COMBAYA,consulta externa,nuevas en menores de 5 anos,2005-12-01,35,23,35,23,58
CONCEPCION,consulta externa,nuevas en menores de 5 anos,2005-12-01,260,213,260,213,473
COPACABANA,consulta externa,nuevas en menores de 5 anos,2005-12-01,73,74,73,74,147
CORIPATA,consulta externa,nuevas en menores de 5 anos,2005-12-01,198,182,198,182,380
CORO CORO,consulta externa,nuevas en menores de 5 anos,2005-12-01,113,85,113,85,198
COROICO,consulta externa,nuevas en menores de 5 anos,2005-12-01,146,126,146,126,272
CORQUE,consulta externa,nuevas en menores de 5 anos,2005-12-01,71,82,71,82,153
COTAGAITA,consulta externa,nuevas en menores de 5 anos,2005-12-01,576,519,576,519,1095
COTOCA,consulta externa,nuevas en menores de 5 anos,2005-12-01,635,566,635,566,1201
CUATRO CAÑADAS,consulta externa,nuevas en menores de 5 anos,2005-12-01,477,387,477,387,864
CUCHUMUELA (V. G. VILLARROEL),consulta externa,nuevas en menores de 5 anos,2005-12-01,19,6,19,6,25
CUEVO,consulta externa,nuevas en menores de 5 anos,2005-12-01,68,108,68,108,176
CULPINA,consulta externa,nuevas en menores de 5 anos,2005-12-01,359,344,359,344,703
CURAHUARA DE CARANGAS,consulta externa,nuevas en menores de 5 anos,2005-12-01,77,67,77,67,144
CURVA,consulta externa,nuevas en menores de 5 anos,2005-12-01,43,27,43,27,70
DESAGUADERO,consulta externa,nuevas en menores de 5 anos,2005-12-01,50,31,50,31,81
EL ALTO,consulta externa,nuevas en menores de 5 anos,2005-12-01,7997,7220,7997,7220,15217
EL CHORO,consulta externa,nuevas en menores de 5 anos,2005-12-01,40,41,40,41,81
EL PUENTE(STC),consulta externa,nuevas en menores de 5 anos,2005-12-01,209,188,209,188,397
EL PUENTE(TJA),consulta externa,nuevas en menores de 5 anos,2005-12-01,219,190,219,190,409
EL TORNO,consulta externa,nuevas en menores de 5 anos,2005-12-01,859,821,859,821,1680
EL VILLAR,consulta externa,nuevas en menores de 5 anos,2005-12-01,174,144,174,144,318
ENTRE RIOS,consulta externa,nuevas en menores de 5 anos,2005-12-01,381,336,381,336,717
ENTRE RIOS,consulta externa,nuevas en menores de 5 anos,2005-12-01,451,396,451,396,847
ESCARA,consulta externa,nuevas en menores de 5 anos,2005-12-01,2,1,2,1,3
EUCALIPTUS,consulta externa,nuevas en menores de 5 anos,2005-12-01,154,112,154,112,266
EUREKA (SANTOS MERCADO),consulta externa,nuevas en menores de 5 anos,2005-12-01,6,17,6,17,23
EXALTACION,consulta externa,nuevas en menores de 5 anos,2005-12-01,39,58,39,58,97
FERNANDEZ ALONSO,consulta externa,nuevas en menores de 5 anos,2005-12-01,484,418,484,418,902
FILADELFIA,consulta externa,nuevas en menores de 5 anos,2005-12-01,116,114,116,114,230
GENERAL SAAVEDRA,consulta externa,nuevas en menores de 5 anos,2005-12-01,606,473,606,473,1079
GRAL. J.J. PEREZ (CHARAZANI),consulta externa,nuevas en menores de 5 anos,2005-12-01,87,74,87,74,161
GUANAY,consulta externa,nuevas en menores de 5 anos,2005-12-01,282,265,282,265,547
GUAQUI,consulta externa,nuevas en menores de 5 anos,2005-12-01,48,38,48,38,86
GUAYARAMERIN,consulta externa,nuevas en menores de 5 anos,2005-12-01,812,779,812,779,1591
GUTIERREZ,consulta externa,nuevas en menores de 5 anos,2005-12-01,484,450,484,450,934
HUACARETA,consulta externa,nuevas en menores de 5 anos,2005-12-01,206,181,206,181,387
HUACAYA (VILLA DE HUACAYA),consulta externa,nuevas en menores de 5 anos,2005-12-01,106,75,106,75,181
HUACHACALLA,consulta externa,nuevas en menores de 5 anos,2005-12-01,11,5,11,5,16
HUANUNI,consulta externa,nuevas en menores de 5 anos,2005-12-01,445,283,445,283,728
HUARACAJE,consulta externa,nuevas en menores de 5 anos,2005-12-01,77,70,77,70,147
HUAYLLAMARCA,consulta externa,nuevas en menores de 5 anos,2005-12-01,31,43,31,43,74
ICHOCA,consulta externa,nuevas en menores de 5 anos,2005-12-01,96,38,96,38,134
ICLA,consulta externa,nuevas en menores de 5 anos,2005-12-01,460,446,460,446,906
INCAHUASI,consulta externa,nuevas en menores de 5 anos,2005-12-01,472,499,472,499,971
INGAVI (HUMAITA),consulta externa,nuevas en menores de 5 anos,2005-12-01,30,17,30,17,47
INQUISIVI,consulta externa,nuevas en menores de 5 anos,2005-12-01,396,168,396,168,564
IRUPANA (VILLA DE LANZA),consulta externa,nuevas en menores de 5 anos,2005-12-01,198,188,198,188,386
IXIAMAS,consulta externa,nuevas en menores de 5 anos,2005-12-01,216,168,216,168,384
JESUS DE MACHACA,consulta externa,nuevas en menores de 5 anos,2005-12-01,151,131,151,131,282
LA ASUNTA,consulta externa,nuevas en menores de 5 anos,2005-12-01,315,299,315,299,614
LA GUARDIA,consulta externa,nuevas en menores de 5 anos,2005-12-01,859,904,859,904,1763
LA PAZ,consulta externa,nuevas en menores de 5 anos,2005-12-01,11055,9881,11055,9881,20936
LA RIVERA,consulta externa,nuevas en menores de 5 anos,2005-12-01,1,4,1,4,5
LAGUNILLAS,consulta externa,nuevas en menores de 5 anos,2005-12-01,228,239,228,239,467
LAJA,consulta externa,nuevas en menores de 5 anos,2005-12-01,119,86,119,86,205
LAS CARRERAS,consulta externa,nuevas en menores de 5 anos,2005-12-01,70,75,70,75,145
LICOMA PAMPA,consulta externa,nuevas en menores de 5 anos,2005-12-01,290,24,290,24,314
LLALLAGUA,consulta externa,nuevas en menores de 5 anos,2005-12-01,482,490,482,490,972
LLICA,consulta externa,nuevas en menores de 5 anos,2005-12-01,38,44,38,44,82
LORETO,consulta externa,nuevas en menores de 5 anos,2005-12-01,155,153,155,153,308
LURIBAY,consulta externa,nuevas en menores de 5 anos,2005-12-01,130,107,130,107,237
MACHACAMARCA,consulta externa,nuevas en menores de 5 anos,2005-12-01,25,37,25,37,62
MACHARETI,consulta externa,nuevas en menores de 5 anos,2005-12-01,255,250,255,250,505
MAGDALENA,consulta externa,nuevas en menores de 5 anos,2005-12-01,100,108,100,108,208
MAIRANA,consulta externa,nuevas en menores de 5 anos,2005-12-01,132,150,132,150,282
MALLA,consulta externa,nuevas en menores de 5 anos,2005-12-01,49,45,49,45,94
MAPIRI,consulta externa,nuevas en menores de 5 anos,2005-12-01,153,181,153,181,334
MECAPACA,consulta externa,nuevas en menores de 5 anos,2005-12-01,131,102,131,102,233
MINEROS,consulta externa,nuevas en menores de 5 anos,2005-12-01,472,428,472,428,900
MIZQUE,consulta externa,nuevas en menores de 5 anos,2005-12-01,295,273,295,273,568
MOCOMOCO,consulta externa,nuevas en menores de 5 anos,2005-12-01,105,91,105,91,196
MOJINETE,consulta externa,nuevas en menores de 5 anos,2005-12-01,19,15,19,15,34
MOJOCOYA,consulta externa,nuevas en menores de 5 anos,2005-12-01,161,107,161,107,268
MONTEAGUDO,consulta externa,nuevas en menores de 5 anos,2005-12-01,635,544,635,544,1179
MONTERO,consulta externa,nuevas en menores de 5 anos,2005-12-01,2633,2383,2633,2383,5016
MORO MORO,consulta externa,nuevas en menores de 5 anos,2005-12-01,51,43,51,43,94
MOROCHATA,consulta externa,nuevas en menores de 5 anos,2005-12-01,216,234,216,234,450
NACEBE (SANTA ROSA DEL ABUNA),consulta externa,nuevas en menores de 5 anos,2005-12-01,33,28,33,28,61
NAZACARA DE PACAJES,consulta externa,nuevas en menores de 5 anos,2005-12-01,2,4,2,4,6
NUEVO MANOA (NUEVA ESPERANZA),consulta externa,nuevas en menores de 5 anos,2005-12-01,85,40,85,40,125
OCURI,consulta externa,nuevas en menores de 5 anos,2005-12-01,574,552,574,552,1126
OKINAWA,consulta externa,nuevas en menores de 5 anos,2005-12-01,297,270,297,270,567
OMEREQUE,consulta externa,nuevas en menores de 5 anos,2005-12-01,120,92,120,92,212
ORURO,consulta externa,nuevas en menores de 5 anos,2005-12-01,3885,3366,3885,3366,7251
PADCAYA,consulta externa,nuevas en menores de 5 anos,2005-12-01,323,338,323,338,661
PADILLA,consulta externa,nuevas en menores de 5 anos,2005-12-01,442,360,442,360,802
PAILON,consulta externa,nuevas en menores de 5 anos,2005-12-01,258,214,258,214,472
PALCA,consulta externa,nuevas en menores de 5 anos,2005-12-01,106,100,106,100,206
PALOS BLANCOS,consulta externa,nuevas en menores de 5 anos,2005-12-01,598,607,598,607,1205
PAMPA AULLAGAS,consulta externa,nuevas en menores de 5 anos,2005-12-01,21,43,21,43,64
PAMPA GRANDE,consulta externa,nuevas en menores de 5 anos,2005-12-01,185,181,185,181,366
PAPEL PAMPA,consulta externa,nuevas en menores de 5 anos,2005-12-01,41,60,41,60,101
PASORAPA,consulta externa,nuevas en menores de 5 anos,2005-12-01,50,35,50,35,85
PATACAMAYA,consulta externa,nuevas en menores de 5 anos,2005-12-01,174,185,174,185,359
PAZÑA,consulta externa,nuevas en menores de 5 anos,2005-12-01,87,67,87,67,154
PELECHUCO,consulta externa,nuevas en menores de 5 anos,2005-12-01,79,67,79,67,146
POCOATA,consulta externa,nuevas en menores de 5 anos,2005-12-01,361,392,361,392,753
POCONA,consulta externa,nuevas en menores de 5 anos,2005-12-01,190,166,190,166,356
POJO (CBBA),consulta externa,nuevas en menores de 5 anos,2005-12-01,60,58,60,58,118
POOPO,consulta externa,nuevas en menores de 5 anos,2005-12-01,36,35,36,35,71
PORCO,consulta externa,nuevas en menores de 5 anos,2005-12-01,96,108,96,108,204
POROMA,consulta externa,nuevas en menores de 5 anos,2005-12-01,336,308,336,308,644
PORONGO,consulta externa,nuevas en menores de 5 anos,2005-12-01,142,137,142,137,279
PORTACHUELO,consulta externa,nuevas en menores de 5 anos,2005-12-01,614,493,614,493,1107
PORVENIR,consulta externa,nuevas en menores de 5 anos,2005-12-01,146,105,146,105,251
POSTRER VALLE,consulta externa,nuevas en menores de 5 anos,2005-12-01,51,53,51,53,104
POTOSI,consulta externa,nuevas en menores de 5 anos,2005-12-01,2868,2746,2868,2746,5614
PRESTO,consulta externa,nuevas en menores de 5 anos,2005-12-01,277,270,277,270,547
PUCARA,consulta externa,nuevas en menores de 5 anos,2005-12-01,55,48,55,48,103
PUCARANI,consulta externa,nuevas en menores de 5 anos,2005-12-01,228,189,228,189,417
PUERTO ACOSTA,consulta externa,nuevas en menores de 5 anos,2005-12-01,120,111,120,111,231
PUERTO CARABUCO,consulta externa,nuevas en menores de 5 anos,2005-12-01,85,82,85,82,167
PUERTO GONZALO MORENO,consulta externa,nuevas en menores de 5 anos,2005-12-01,113,93,113,93,206
PUERTO PEREZ,consulta externa,nuevas en menores de 5 anos,2005-12-01,56,27,56,27,83
PUERTO QUIJARRO,consulta externa,nuevas en menores de 5 anos,2005-12-01,209,197,209,197,406
PUERTO RICO,consulta externa,nuevas en menores de 5 anos,2005-12-01,123,116,123,116,239
PUERTO SUAREZ,consulta externa,nuevas en menores de 5 anos,2005-12-01,353,283,353,283,636
PUERTO VILLARROEL,consulta externa,nuevas en menores de 5 anos,2005-12-01,1183,1124,1183,1124,2307
PUNA,consulta externa,nuevas en menores de 5 anos,2005-12-01,551,551,551,551,1102
PUNATA,consulta externa,nuevas en menores de 5 anos,2005-12-01,299,236,299,236,535
QUIABAYA,consulta externa,nuevas en menores de 5 anos,2005-12-01,7,4,7,4,11
QUILLACOLLO,consulta externa,nuevas en menores de 5 anos,2005-12-01,742,723,742,723,1465
QUIME,consulta externa,nuevas en menores de 5 anos,2005-12-01,75,66,75,66,141
QUIRUSILLAS,consulta externa,nuevas en menores de 5 anos,2005-12-01,42,57,42,57,99
RAVELO,consulta externa,nuevas en menores de 5 anos,2005-12-01,351,311,351,311,662
REYES,consulta externa,nuevas en menores de 5 anos,2005-12-01,233,202,233,202,435
RIBERALTA,consulta externa,nuevas en menores de 5 anos,2005-12-01,2072,1880,2072,1880,3952
ROBORE,consulta externa,nuevas en menores de 5 anos,2005-12-01,1344,206,1344,206,1550
RURRENABAQUE,consulta externa,nuevas en menores de 5 anos,2005-12-01,381,316,381,316,697
SABAYA,consulta externa,nuevas en menores de 5 anos,2005-12-01,66,48,66,48,114
SACABA,consulta externa,nuevas en menores de 5 anos,2005-12-01,1018,902,1018,902,1920
SACABAMBA,consulta externa,nuevas en menores de 5 anos,2005-12-01,46,42,46,42,88
SACACA,consulta externa,nuevas en menores de 5 anos,2005-12-01,522,510,522,510,1032
SAIPINA,consulta externa,nuevas en menores de 5 anos,2005-12-01,136,130,136,130,266
SALINAS DE GARCI MENDOZA,consulta externa,nuevas en menores de 5 anos,2005-12-01,175,128,175,128,303
SAMAIPATA,consulta externa,nuevas en menores de 5 anos,2005-12-01,170,135,170,135,305
SAN AGUSTIN,consulta externa,nuevas en menores de 5 anos,2005-12-01,41,41,41,41,82
SAN ANDRES,consulta externa,nuevas en menores de 5 anos,2005-12-01,237,197,237,197,434
SAN ANDRES DE MACHACA,consulta externa,nuevas en menores de 5 anos,2005-12-01,25,24,25,24,49
SAN ANTONIO DE ESMORUCO,consulta externa,nuevas en menores de 5 anos,2005-12-01,23,21,23,21,44
SAN ANTONIO DE LOMERIO,consulta externa,nuevas en menores de 5 anos,2005-12-01,106,97,106,97,203
SAN BENITO,consulta externa,nuevas en menores de 5 anos,2005-12-01,123,148,123,148,271
SAN BORJA,consulta externa,nuevas en menores de 5 anos,2005-12-01,533,493,533,493,1026
SAN BUENA VENTURA,consulta externa,nuevas en menores de 5 anos,2005-12-01,217,186,217,186,403
SAN CARLOS,consulta externa,nuevas en menores de 5 anos,2005-12-01,406,373,406,373,779
SAN IGNACIO,consulta externa,nuevas en menores de 5 anos,2005-12-01,445,380,445,380,825
SAN IGNACIO DE VELASCO,consulta externa,nuevas en menores de 5 anos,2005-12-01,1068,1028,1068,1028,2096
SAN JAVIER(BNI),consulta externa,nuevas en menores de 5 anos,2005-12-01,41,69,41,69,110
SAN JAVIER(STC),consulta externa,nuevas en menores de 5 anos,2005-12-01,153,129,153,129,282
SAN JOAQUIN,consulta externa,nuevas en menores de 5 anos,2005-12-01,62,71,62,71,133
SAN JOSE DE CHIQUITOS,consulta externa,nuevas en menores de 5 anos,2005-12-01,380,343,380,343,723
SAN JUAN DE YAPACANI,consulta externa,nuevas en menores de 5 anos,2005-12-01,329,320,329,320,649
SAN JULIAN,consulta externa,nuevas en menores de 5 anos,2005-12-01,1079,1003,1079,1003,2082
SAN LORENZO(PND),consulta externa,nuevas en menores de 5 anos,2005-12-01,223,209,223,209,432
SAN LORENZO(TJA),consulta externa,nuevas en menores de 5 anos,2005-12-01,453,442,453,442,895
SAN LUCAS,consulta externa,nuevas en menores de 5 anos,2005-12-01,739,774,739,774,1513
SAN MATIAS,consulta externa,nuevas en menores de 5 anos,2005-12-01,230,232,230,232,462
SAN MIGUEL DE VELASCO,consulta externa,nuevas en menores de 5 anos,2005-12-01,209,202,209,202,411
SAN PABLO DE LIPEZ,consulta externa,nuevas en menores de 5 anos,2005-12-01,69,86,69,86,155
SAN PEDRO,consulta externa,nuevas en menores de 5 anos,2005-12-01,560,568,560,568,1128
SAN PEDRO DE BUENA VISTA,consulta externa,nuevas en menores de 5 anos,2005-12-01,486,415,486,415,901
SAN PEDRO DE CURAHUARA,consulta externa,nuevas en menores de 5 anos,2005-12-01,56,32,56,32,88
SAN PEDRO DE QUEMES,consulta externa,nuevas en menores de 5 anos,2005-12-01,6,14,6,14,20
SAN PEDRO DE TIQUINA,consulta externa,nuevas en menores de 5 anos,2005-12-01,9,9,9,9,18
SAN PEDRO(PND),consulta externa,nuevas en menores de 5 anos,2005-12-01,76,92,76,92,168
SAN RAFAEL,consulta externa,nuevas en menores de 5 anos,2005-12-01,67,51,67,51,118
SAN RAMON,consulta externa,nuevas en menores de 5 anos,2005-12-01,105,74,105,74,179
SAN RAMON,consulta externa,nuevas en menores de 5 anos,2005-12-01,158,148,158,148,306
SANTA ANA,consulta externa,nuevas en menores de 5 anos,2005-12-01,245,233,245,233,478
SANTA CRUZ DE LA SIERRA,consulta externa,nuevas en menores de 5 anos,2005-12-01,19258,18406,19258,18406,37664
SANTA ROSA,consulta externa,nuevas en menores de 5 anos,2005-12-01,274,271,274,271,545
SANTA ROSA DEL SARA,consulta externa,nuevas en menores de 5 anos,2005-12-01,785,776,785,776,1561
SANTIAGO DE CALLAPA,consulta externa,nuevas en menores de 5 anos,2005-12-01,43,24,43,24,67
SANTIAGO DE HUARI,consulta externa,nuevas en menores de 5 anos,2005-12-01,91,71,91,71,162
SANTIAGO DE MACHACA,consulta externa,nuevas en menores de 5 anos,2005-12-01,23,18,23,18,41
SANTIVAÑES,consulta externa,nuevas en menores de 5 anos,2005-12-01,148,102,148,102,250
SANTUARIO DE QUILLACAS,consulta externa,nuevas en menores de 5 anos,2005-12-01,15,45,15,45,60
SAPAHAQUI,consulta externa,nuevas en menores de 5 anos,2005-12-01,117,86,117,86,203
SENA,consulta externa,nuevas en menores de 5 anos,2005-12-01,86,100,86,100,186
SICA SICA (VILLA AROMA),consulta externa,nuevas en menores de 5 anos,2005-12-01,137,122,137,122,259
SICAYA,consulta externa,nuevas en menores de 5 anos,2005-12-01,22,16,22,16,38
SIPE SIPE,consulta externa,nuevas en menores de 5 anos,2005-12-01,374,334,374,334,708
SOPACHUY,consulta externa,nuevas en menores de 5 anos,2005-12-01,156,159,156,159,315
SORACACHI,consulta externa,nuevas en menores de 5 anos,2005-12-01,72,67,72,67,139
SORATA,consulta externa,nuevas en menores de 5 anos,2005-12-01,184,171,184,171,355
SUCRE,consulta externa,nuevas en menores de 5 anos,2005-12-01,5191,4808,5191,4808,9999
TACACHI,consulta externa,nuevas en menores de 5 anos,2005-12-01,9,10,9,10,19
TACACOMA,consulta externa,nuevas en menores de 5 anos,2005-12-01,51,31,51,31,82
TACOBAMBA,consulta externa,nuevas en menores de 5 anos,2005-12-01,104,88,104,88,192
TACOPAYA,consulta externa,nuevas en menores de 5 anos,2005-12-01,300,264,300,264,564
TAHUA,consulta externa,nuevas en menores de 5 anos,2005-12-01,13,14,13,14,27
TAPACARI,consulta externa,nuevas en menores de 5 anos,2005-12-01,261,260,261,260,521
TARABUCO,consulta externa,nuevas en menores de 5 anos,2005-12-01,648,622,648,622,1270
TARACO,consulta externa,nuevas en menores de 5 anos,2005-12-01,28,27,28,27,55
TARATA,consulta externa,nuevas en menores de 5 anos,2005-12-01,72,91,72,91,163
TARIJA,consulta externa,nuevas en menores de 5 anos,2005-12-01,3742,3239,3742,3239,6981
TARVITA,consulta externa,nuevas en menores de 5 anos,2005-12-01,322,332,322,332,654
TEOPONTE,consulta externa,nuevas en menores de 5 anos,2005-12-01,131,135,131,135,266
TIAWANACU,consulta externa,nuevas en menores de 5 anos,2005-12-01,63,62,63,62,125
TINGUIPAYA,consulta externa,nuevas en menores de 5 anos,2005-12-01,294,286,294,286,580
TIPUANI,consulta externa,nuevas en menores de 5 anos,2005-12-01,107,102,107,102,209
TIQUIPAYA,consulta externa,nuevas en menores de 5 anos,2005-12-01,346,271,346,271,617
TIRAQUE (CBBA),consulta externa,nuevas en menores de 5 anos,2005-12-01,803,708,803,708,1511
TITO YUPANQUI (PARQUIPUJIO),consulta externa,nuevas en menores de 5 anos,2005-12-01,17,15,17,15,32
TOCO,consulta externa,nuevas en menores de 5 anos,2005-12-01,38,30,38,30,68
TODOS SANTOS,consulta externa,nuevas en menores de 5 anos,2005-12-01,2,2,2,2,4
TOLATA,consulta externa,nuevas en menores de 5 anos,2005-12-01,55,48,55,48,103
TOLEDO,consulta externa,nuevas en menores de 5 anos,2005-12-01,96,62,96,62,158
TOMAVE,consulta externa,nuevas en menores de 5 anos,2005-12-01,226,220,226,220,446
TOMINA,consulta externa,nuevas en menores de 5 anos,2005-12-01,201,212,201,212,413
TORO TORO,consulta externa,nuevas en menores de 5 anos,2005-12-01,210,216,210,216,426
TOTORA(CBBA),consulta externa,nuevas en menores de 5 anos,2005-12-01,186,120,186,120,306
TOTORA(ORR),consulta externa,nuevas en menores de 5 anos,2005-12-01,82,73,82,73,155
TRIGAL,consulta externa,nuevas en menores de 5 anos,2005-12-01,35,36,35,36,71
TRINIDAD,consulta externa,nuevas en menores de 5 anos,2005-12-01,1999,1833,1999,1833,3832
TUPIZA,consulta externa,nuevas en menores de 5 anos,2005-12-01,901,927,901,927,1828
TURCO,consulta externa,nuevas en menores de 5 anos,2005-12-01,48,41,48,41,89
UMALA,consulta externa,nuevas en menores de 5 anos,2005-12-01,73,42,73,42,115
UNCIA,consulta externa,nuevas en menores de 5 anos,2005-12-01,2459,573,2459,573,3032
URIONDO (A. CONCEPCION),consulta externa,nuevas en menores de 5 anos,2005-12-01,459,368,459,368,827
URUBICHA,consulta externa,nuevas en menores de 5 anos,2005-12-01,206,202,206,202,408
UYUNI,consulta externa,nuevas en menores de 5 anos,2005-12-01,218,186,218,186,404
VACAS,consulta externa,nuevas en menores de 5 anos,2005-12-01,150,132,150,132,282
VALLEGRANDE,consulta externa,nuevas en menores de 5 anos,2005-12-01,218,213,218,213,431
VIACHA,consulta externa,nuevas en menores de 5 anos,2005-12-01,382,390,382,390,772
VILA VILA,consulta externa,nuevas en menores de 5 anos,2005-12-01,57,62,57,62,119
VILLA MONTES,consulta externa,nuevas en menores de 5 anos,2005-12-01,656,568,656,568,1224
VILLA NUEVA (LOMA ALTA),consulta externa,nuevas en menores de 5 anos,2005-12-01,28,27,28,27,55
VILLA RIVERO,consulta externa,nuevas en menores de 5 anos,2005-12-01,50,56,50,56,106
VILLA SERRANO,consulta externa,nuevas en menores de 5 anos,2005-12-01,385,381,385,381,766
VILLA TUNARI,consulta externa,nuevas en menores de 5 anos,2005-12-01,1542,1431,1542,1431,2973
VILLA VACA GUZMAN (MUYUPAMPA),consulta externa,nuevas en menores de 5 anos,2005-12-01,308,318,308,318,626
VILLAZON,consulta externa,nuevas en menores de 5 anos,2005-12-01,732,650,732,650,1382
VINTO,consulta externa,nuevas en menores de 5 anos,2005-12-01,153,151,153,151,304
VITICHI,consulta externa,nuevas en menores de 5 anos,2005-12-01,175,165,175,165,340
WALDO BALLIVIAN,consulta externa,nuevas en menores de 5 anos,2005-12-01,15,19,15,19,34
WARNES,consulta externa,nuevas en menores de 5 anos,2005-12-01,1008,1013,1008,1013,2021
YACO,consulta externa,nuevas en menores de 5 anos,2005-12-01,61,79,61,79,140
YACUIBA,consulta externa,nuevas en menores de 5 anos,2005-12-01,2111,1951,2111,1951,4062
YAMPARAEZ,consulta externa,nuevas en menores de 5 anos,2005-12-01,152,114,152,114,266
YANACACHI,consulta externa,nuevas en menores de 5 anos,2005-12-01,53,64,53,64,117
YAPACANI,consulta externa,nuevas en menores de 5 anos,2005-12-01,473,597,473,597,1070
YOCALLA,consulta externa,nuevas en menores de 5 anos,2005-12-01,90,72,90,72,162
YOTALA,consulta externa,nuevas en menores de 5 anos,2005-12-01,111,116,111,116,227
YUNCHARA,consulta externa,nuevas en menores de 5 anos,2005-12-01,157,179,157,179,336
ZUDAÑEZ,consulta externa,nuevas en menores de 5 anos,2005-12-01,220,190,220,190,410
