municipality,group,variable,month,Nuevas en personas de 60 años o más -Hombre,Nuevas en personas de 60 años o más -Mujer,TOTAL-H,TOTAL-M,TOTAL
ACACIO,consulta externa,nuevas en personas de 60 anos o mas,2005-01-01,24,46,24,46,70
ACHACACHI,consulta externa,nuevas en personas de 60 anos o mas,2005-01-01,113,85,113,85,198
ACHOCALLA,consulta externa,nuevas en personas de 60 anos o mas,2005-01-01,12,9,12,9,21
AIQUILE,consulta externa,nuevas en personas de 60 anos o mas,2005-01-01,52,85,52,85,137
ALALAY,consulta externa,nuevas en personas de 60 anos o mas,2005-01-01,4,6,4,6,10
ALCALA,consulta externa,nuevas en personas de 60 anos o mas,2005-01-01,19,24,19,24,43
ANCORAIMES,consulta externa,nuevas en personas de 60 anos o mas,2005-01-01,33,18,33,18,51
ANDAMARCA,consulta externa,nuevas en personas de 60 anos o mas,2005-01-01,18,18,18,18,36
ANTEQUERA,consulta externa,nuevas en personas de 60 anos o mas,2005-01-01,1,6,1,6,7
ANZALDO,consulta externa,nuevas en personas de 60 anos o mas,2005-01-01,24,27,24,27,51
APOLO,consulta externa,nuevas en personas de 60 anos o mas,2005-01-01,39,39,39,39,78
ARAMPAMPA,consulta externa,nuevas en personas de 60 anos o mas,2005-01-01,3,8,3,8,11
ARANI,consulta externa,nuevas en personas de 60 anos o mas,2005-01-01,9,21,9,21,30
ARBIETO,consulta externa,nuevas en personas de 60 anos o mas,2005-01-01,22,30,22,30,52
ARQUE,consulta externa,nuevas en personas de 60 anos o mas,2005-01-01,10,23,10,23,33
ASCENCION DE GUARAYOS,consulta externa,nuevas en personas de 60 anos o mas,2005-01-01,20,26,20,26,46
ATOCHA,consulta externa,nuevas en personas de 60 anos o mas,2005-01-01,71,132,71,132,203
AUCAPATA,consulta externa,nuevas en personas de 60 anos o mas,2005-01-01,15,15,15,15,30
AYATA,consulta externa,nuevas en personas de 60 anos o mas,2005-01-01,10,25,10,25,35
AYO AYO,consulta externa,nuevas en personas de 60 anos o mas,2005-01-01,8,10,8,10,18
AYOPAYA (V. DE INDEPENDENCIA),consulta externa,nuevas en personas de 60 anos o mas,2005-01-01,50,55,50,55,105
AZURDUY,consulta externa,nuevas en personas de 60 anos o mas,2005-01-01,31,45,31,45,76
BATALLAS,consulta externa,nuevas en personas de 60 anos o mas,2005-01-01,30,24,30,24,54
BAURES,consulta externa,nuevas en personas de 60 anos o mas,2005-01-01,10,14,10,14,24
BELEN DE ANDAMARCA,consulta externa,nuevas en personas de 60 anos o mas,2005-01-01,1,2,1,2,3
BELEN DE URMIRI,consulta externa,nuevas en personas de 60 anos o mas,2005-01-01,17,13,17,13,30
BELLA FLOR,consulta externa,nuevas en personas de 60 anos o mas,2005-01-01,7,9,7,9,16
BERMEJO,consulta externa,nuevas en personas de 60 anos o mas,2005-01-01,268,249,268,249,517
BETANZOS,consulta externa,nuevas en personas de 60 anos o mas,2005-01-01,116,218,116,218,334
BOLIVAR,consulta externa,nuevas en personas de 60 anos o mas,2005-01-01,16,14,16,14,30
BOLPEBRA,consulta externa,nuevas en personas de 60 anos o mas,2005-01-01,9,2,9,2,11
BOYUIBE,consulta externa,nuevas en personas de 60 anos o mas,2005-01-01,18,22,18,22,40
BUENA VISTA,consulta externa,nuevas en personas de 60 anos o mas,2005-01-01,98,71,98,71,169
CABEZAS,consulta externa,nuevas en personas de 60 anos o mas,2005-01-01,44,36,44,36,80
CAIROMA,consulta externa,nuevas en personas de 60 anos o mas,2005-01-01,14,20,14,20,34
"CAIZA ""D""",consulta externa,nuevas en personas de 60 anos o mas,2005-01-01,42,72,42,72,114
CAJUATA,consulta externa,nuevas en personas de 60 anos o mas,2005-01-01,34,19,34,19,53
CALACOTO,consulta externa,nuevas en personas de 60 anos o mas,2005-01-01,28,33,28,33,61
CALAMARCA,consulta externa,nuevas en personas de 60 anos o mas,2005-01-01,9,8,9,8,17
CAMARGO,consulta externa,nuevas en personas de 60 anos o mas,2005-01-01,128,212,128,212,340
CAMATAQUI (C. VILLA ABECIA),consulta externa,nuevas en personas de 60 anos o mas,2005-01-01,16,17,16,17,33
CAMIRI,consulta externa,nuevas en personas de 60 anos o mas,2005-01-01,677,847,677,847,1524
CAPINOTA,consulta externa,nuevas en personas de 60 anos o mas,2005-01-01,26,40,26,40,66
CAQUIAVIRI,consulta externa,nuevas en personas de 60 anos o mas,2005-01-01,25,54,25,54,79
CARACOLLO,consulta externa,nuevas en personas de 60 anos o mas,2005-01-01,38,36,38,36,74
CARANAVI,consulta externa,nuevas en personas de 60 anos o mas,2005-01-01,103,56,103,56,159
CARANGAS,consulta externa,nuevas en personas de 60 anos o mas,2005-01-01,2,0,2,0,2
CARAPARI,consulta externa,nuevas en personas de 60 anos o mas,2005-01-01,49,37,49,37,86
CARIPUYO,consulta externa,nuevas en personas de 60 anos o mas,2005-01-01,13,15,13,15,28
CARMEN RIVERO TORREZ,consulta externa,nuevas en personas de 60 anos o mas,2005-01-01,6,6,6,6,12
CATACORA,consulta externa,nuevas en personas de 60 anos o mas,2005-01-01,2,6,2,6,8
CHACARILLA,consulta externa,nuevas en personas de 60 anos o mas,2005-01-01,0,1,0,1,1
CHALLAPATA,consulta externa,nuevas en personas de 60 anos o mas,2005-01-01,101,82,101,82,183
CHAQUI,consulta externa,nuevas en personas de 60 anos o mas,2005-01-01,29,30,29,30,59
CHARAGUA,consulta externa,nuevas en personas de 60 anos o mas,2005-01-01,39,36,39,36,75
CHARAÑA,consulta externa,nuevas en personas de 60 anos o mas,2005-01-01,10,10,10,10,20
CHAYANTA,consulta externa,nuevas en personas de 60 anos o mas,2005-01-01,25,60,25,60,85
CHIMORE,consulta externa,nuevas en personas de 60 anos o mas,2005-01-01,26,15,26,15,41
CHIPAYA,consulta externa,nuevas en personas de 60 anos o mas,2005-01-01,4,2,4,2,6
CHOQUE COTA,consulta externa,nuevas en personas de 60 anos o mas,2005-01-01,12,5,12,5,17
CHULUMANI (V. DE LA LIBERTAD),consulta externa,nuevas en personas de 60 anos o mas,2005-01-01,67,48,67,48,115
CHUMA,consulta externa,nuevas en personas de 60 anos o mas,2005-01-01,40,49,40,49,89
CLIZA,consulta externa,nuevas en personas de 60 anos o mas,2005-01-01,12,28,12,28,40
COBIJA,consulta externa,nuevas en personas de 60 anos o mas,2005-01-01,150,249,150,249,399
COCHABAMBA,consulta externa,nuevas en personas de 60 anos o mas,2005-01-01,4310,4915,4310,4915,9225
COIPASA,consulta externa,nuevas en personas de 60 anos o mas,2005-01-01,1,3,1,3,4
COLCAPIRHUA,consulta externa,nuevas en personas de 60 anos o mas,2005-01-01,120,162,120,162,282
"COLCHA ""K""",consulta externa,nuevas en personas de 60 anos o mas,2005-01-01,52,69,52,69,121
COLLANA,consulta externa,nuevas en personas de 60 anos o mas,2005-01-01,10,13,10,13,23
COLOMI,consulta externa,nuevas en personas de 60 anos o mas,2005-01-01,10,22,10,22,32
COLPA BELGICA,consulta externa,nuevas en personas de 60 anos o mas,2005-01-01,65,30,65,30,95
COLQUECHACA,consulta externa,nuevas en personas de 60 anos o mas,2005-01-01,74,98,74,98,172
COLQUENCHA,consulta externa,nuevas en personas de 60 anos o mas,2005-01-01,37,40,37,40,77
COLQUIRI,consulta externa,nuevas en personas de 60 anos o mas,2005-01-01,38,30,38,30,68
COMANCHE,consulta externa,nuevas en personas de 60 anos o mas,2005-01-01,21,11,21,11,32
COMARAPA,consulta externa,nuevas en personas de 60 anos o mas,2005-01-01,117,105,117,105,222
COMBAYA,consulta externa,nuevas en personas de 60 anos o mas,2005-01-01,6,15,6,15,21
CONCEPCION,consulta externa,nuevas en personas de 60 anos o mas,2005-01-01,43,39,43,39,82
COPACABANA,consulta externa,nuevas en personas de 60 anos o mas,2005-01-01,9,9,9,9,18
CORIPATA,consulta externa,nuevas en personas de 60 anos o mas,2005-01-01,17,21,17,21,38
CORO CORO,consulta externa,nuevas en personas de 60 anos o mas,2005-01-01,22,28,22,28,50
COROICO,consulta externa,nuevas en personas de 60 anos o mas,2005-01-01,54,36,54,36,90
CORQUE,consulta externa,nuevas en personas de 60 anos o mas,2005-01-01,37,36,37,36,73
COTAGAITA,consulta externa,nuevas en personas de 60 anos o mas,2005-01-01,181,316,181,316,497
COTOCA,consulta externa,nuevas en personas de 60 anos o mas,2005-01-01,85,61,85,61,146
CUATRO CAÑADAS,consulta externa,nuevas en personas de 60 anos o mas,2005-01-01,26,26,26,26,52
CUCHUMUELA (V. G. VILLARROEL),consulta externa,nuevas en personas de 60 anos o mas,2005-01-01,4,12,4,12,16
CUEVO,consulta externa,nuevas en personas de 60 anos o mas,2005-01-01,13,21,13,21,34
CULPINA,consulta externa,nuevas en personas de 60 anos o mas,2005-01-01,40,48,40,48,88
CURAHUARA DE CARANGAS,consulta externa,nuevas en personas de 60 anos o mas,2005-01-01,25,25,25,25,50
CURVA,consulta externa,nuevas en personas de 60 anos o mas,2005-01-01,5,3,5,3,8
DESAGUADERO,consulta externa,nuevas en personas de 60 anos o mas,2005-01-01,18,10,18,10,28
EL ALTO,consulta externa,nuevas en personas de 60 anos o mas,2005-01-01,1001,1078,1001,1078,2079
EL CHORO,consulta externa,nuevas en personas de 60 anos o mas,2005-01-01,14,19,14,19,33
EL PUENTE(STC),consulta externa,nuevas en personas de 60 anos o mas,2005-01-01,21,12,21,12,33
EL PUENTE(TJA),consulta externa,nuevas en personas de 60 anos o mas,2005-01-01,27,148,27,148,175
EL TORNO,consulta externa,nuevas en personas de 60 anos o mas,2005-01-01,129,154,129,154,283
EL VILLAR,consulta externa,nuevas en personas de 60 anos o mas,2005-01-01,21,30,21,30,51
ENTRE RIOS,consulta externa,nuevas en personas de 60 anos o mas,2005-01-01,59,77,59,77,136
ENTRE RIOS,consulta externa,nuevas en personas de 60 anos o mas,2005-01-01,5,8,5,8,13
ESCARA,consulta externa,nuevas en personas de 60 anos o mas,2005-01-01,1,0,1,0,1
EUCALIPTUS,consulta externa,nuevas en personas de 60 anos o mas,2005-01-01,19,15,19,15,34
EXALTACION,consulta externa,nuevas en personas de 60 anos o mas,2005-01-01,1,0,1,0,1
FERNANDEZ ALONSO,consulta externa,nuevas en personas de 60 anos o mas,2005-01-01,29,15,29,15,44
FILADELFIA,consulta externa,nuevas en personas de 60 anos o mas,2005-01-01,6,2,6,2,8
GENERAL SAAVEDRA,consulta externa,nuevas en personas de 60 anos o mas,2005-01-01,25,34,25,34,59
GRAL. J.J. PEREZ (CHARAZANI),consulta externa,nuevas en personas de 60 anos o mas,2005-01-01,28,29,28,29,57
GUANAY,consulta externa,nuevas en personas de 60 anos o mas,2005-01-01,61,59,61,59,120
GUAQUI,consulta externa,nuevas en personas de 60 anos o mas,2005-01-01,15,11,15,11,26
GUAYARAMERIN,consulta externa,nuevas en personas de 60 anos o mas,2005-01-01,377,449,377,449,826
GUTIERREZ,consulta externa,nuevas en personas de 60 anos o mas,2005-01-01,40,53,40,53,93
HUACARETA,consulta externa,nuevas en personas de 60 anos o mas,2005-01-01,43,45,43,45,88
HUACAYA (VILLA DE HUACAYA),consulta externa,nuevas en personas de 60 anos o mas,2005-01-01,6,16,6,16,22
HUACHACALLA,consulta externa,nuevas en personas de 60 anos o mas,2005-01-01,1,5,1,5,6
HUANUNI,consulta externa,nuevas en personas de 60 anos o mas,2005-01-01,92,98,92,98,190
HUARACAJE,consulta externa,nuevas en personas de 60 anos o mas,2005-01-01,11,9,11,9,20
HUAYLLAMARCA,consulta externa,nuevas en personas de 60 anos o mas,2005-01-01,46,51,46,51,97
ICHOCA,consulta externa,nuevas en personas de 60 anos o mas,2005-01-01,10,7,10,7,17
ICLA,consulta externa,nuevas en personas de 60 anos o mas,2005-01-01,20,28,20,28,48
INCAHUASI,consulta externa,nuevas en personas de 60 anos o mas,2005-01-01,15,41,15,41,56
INGAVI (HUMAITA),consulta externa,nuevas en personas de 60 anos o mas,2005-01-01,3,0,3,0,3
INQUISIVI,consulta externa,nuevas en personas de 60 anos o mas,2005-01-01,40,27,40,27,67
IRUPANA (VILLA DE LANZA),consulta externa,nuevas en personas de 60 anos o mas,2005-01-01,39,48,39,48,87
IXIAMAS,consulta externa,nuevas en personas de 60 anos o mas,2005-01-01,17,9,17,9,26
JESUS DE MACHACA,consulta externa,nuevas en personas de 60 anos o mas,2005-01-01,51,60,51,60,111
LA ASUNTA,consulta externa,nuevas en personas de 60 anos o mas,2005-01-01,37,13,37,13,50
LA GUARDIA,consulta externa,nuevas en personas de 60 anos o mas,2005-01-01,26,22,26,22,48
LA PAZ,consulta externa,nuevas en personas de 60 anos o mas,2005-01-01,7307,8736,7307,8736,16043
LA RIVERA,consulta externa,nuevas en personas de 60 anos o mas,2005-01-01,1,1,1,1,2
LAGUNILLAS,consulta externa,nuevas en personas de 60 anos o mas,2005-01-01,20,29,20,29,49
LAJA,consulta externa,nuevas en personas de 60 anos o mas,2005-01-01,22,18,22,18,40
LAS CARRERAS,consulta externa,nuevas en personas de 60 anos o mas,2005-01-01,19,28,19,28,47
LICOMA PAMPA,consulta externa,nuevas en personas de 60 anos o mas,2005-01-01,2,1,2,1,3
LLALLAGUA,consulta externa,nuevas en personas de 60 anos o mas,2005-01-01,165,190,165,190,355
LLICA,consulta externa,nuevas en personas de 60 anos o mas,2005-01-01,31,29,31,29,60
LORETO,consulta externa,nuevas en personas de 60 anos o mas,2005-01-01,6,8,6,8,14
LURIBAY,consulta externa,nuevas en personas de 60 anos o mas,2005-01-01,37,31,37,31,68
MACHACAMARCA,consulta externa,nuevas en personas de 60 anos o mas,2005-01-01,63,63,63,63,126
MACHARETI,consulta externa,nuevas en personas de 60 anos o mas,2005-01-01,40,37,40,37,77
MAGDALENA,consulta externa,nuevas en personas de 60 anos o mas,2005-01-01,33,30,33,30,63
MAIRANA,consulta externa,nuevas en personas de 60 anos o mas,2005-01-01,35,66,35,66,101
MALLA,consulta externa,nuevas en personas de 60 anos o mas,2005-01-01,0,4,0,4,4
MAPIRI,consulta externa,nuevas en personas de 60 anos o mas,2005-01-01,54,56,54,56,110
MECAPACA,consulta externa,nuevas en personas de 60 anos o mas,2005-01-01,22,38,22,38,60
MINEROS,consulta externa,nuevas en personas de 60 anos o mas,2005-01-01,15,19,15,19,34
MIZQUE,consulta externa,nuevas en personas de 60 anos o mas,2005-01-01,19,18,19,18,37
MOCOMOCO,consulta externa,nuevas en personas de 60 anos o mas,2005-01-01,31,36,31,36,67
MOJINETE,consulta externa,nuevas en personas de 60 anos o mas,2005-01-01,10,28,10,28,38
MOJOCOYA,consulta externa,nuevas en personas de 60 anos o mas,2005-01-01,15,30,15,30,45
MONTEAGUDO,consulta externa,nuevas en personas de 60 anos o mas,2005-01-01,148,195,148,195,343
MONTERO,consulta externa,nuevas en personas de 60 anos o mas,2005-01-01,438,423,438,423,861
MORO MORO,consulta externa,nuevas en personas de 60 anos o mas,2005-01-01,27,32,27,32,59
MOROCHATA,consulta externa,nuevas en personas de 60 anos o mas,2005-01-01,10,18,10,18,28
NACEBE (SANTA ROSA DEL ABUNA),consulta externa,nuevas en personas de 60 anos o mas,2005-01-01,0,3,0,3,3
NAZACARA DE PACAJES,consulta externa,nuevas en personas de 60 anos o mas,2005-01-01,2,1,2,1,3
NUEVO MANOA (NUEVA ESPERANZA),consulta externa,nuevas en personas de 60 anos o mas,2005-01-01,3,0,3,0,3
OCURI,consulta externa,nuevas en personas de 60 anos o mas,2005-01-01,18,46,18,46,64
OKINAWA,consulta externa,nuevas en personas de 60 anos o mas,2005-01-01,77,66,77,66,143
OMEREQUE,consulta externa,nuevas en personas de 60 anos o mas,2005-01-01,3,9,3,9,12
ORURO,consulta externa,nuevas en personas de 60 anos o mas,2005-01-01,2335,2842,2335,2842,5177
PADCAYA,consulta externa,nuevas en personas de 60 anos o mas,2005-01-01,78,101,78,101,179
PADILLA,consulta externa,nuevas en personas de 60 anos o mas,2005-01-01,91,151,91,151,242
PAILON,consulta externa,nuevas en personas de 60 anos o mas,2005-01-01,14,15,14,15,29
PALCA,consulta externa,nuevas en personas de 60 anos o mas,2005-01-01,18,18,18,18,36
PALOS BLANCOS,consulta externa,nuevas en personas de 60 anos o mas,2005-01-01,39,22,39,22,61
PAMPA AULLAGAS,consulta externa,nuevas en personas de 60 anos o mas,2005-01-01,2,5,2,5,7
PAMPA GRANDE,consulta externa,nuevas en personas de 60 anos o mas,2005-01-01,31,52,31,52,83
PAPEL PAMPA,consulta externa,nuevas en personas de 60 anos o mas,2005-01-01,32,15,32,15,47
PASORAPA,consulta externa,nuevas en personas de 60 anos o mas,2005-01-01,3,6,3,6,9
PATACAMAYA,consulta externa,nuevas en personas de 60 anos o mas,2005-01-01,24,23,24,23,47
PAZÑA,consulta externa,nuevas en personas de 60 anos o mas,2005-01-01,35,55,35,55,90
PELECHUCO,consulta externa,nuevas en personas de 60 anos o mas,2005-01-01,13,13,13,13,26
POCOATA,consulta externa,nuevas en personas de 60 anos o mas,2005-01-01,72,109,72,109,181
POCONA,consulta externa,nuevas en personas de 60 anos o mas,2005-01-01,11,26,11,26,37
POJO (CBBA),consulta externa,nuevas en personas de 60 anos o mas,2005-01-01,6,13,6,13,19
POOPO,consulta externa,nuevas en personas de 60 anos o mas,2005-01-01,53,51,53,51,104
PORCO,consulta externa,nuevas en personas de 60 anos o mas,2005-01-01,9,11,9,11,20
POROMA,consulta externa,nuevas en personas de 60 anos o mas,2005-01-01,44,50,44,50,94
PORONGO,consulta externa,nuevas en personas de 60 anos o mas,2005-01-01,15,12,15,12,27
PORTACHUELO,consulta externa,nuevas en personas de 60 anos o mas,2005-01-01,103,94,103,94,197
PORVENIR,consulta externa,nuevas en personas de 60 anos o mas,2005-01-01,16,6,16,6,22
POSTRER VALLE,consulta externa,nuevas en personas de 60 anos o mas,2005-01-01,29,12,29,12,41
POTOSI,consulta externa,nuevas en personas de 60 anos o mas,2005-01-01,1233,1632,1233,1632,2865
PRESTO,consulta externa,nuevas en personas de 60 anos o mas,2005-01-01,10,32,10,32,42
PUCARA,consulta externa,nuevas en personas de 60 anos o mas,2005-01-01,15,67,15,67,82
PUCARANI,consulta externa,nuevas en personas de 60 anos o mas,2005-01-01,35,40,35,40,75
PUERTO ACOSTA,consulta externa,nuevas en personas de 60 anos o mas,2005-01-01,123,107,123,107,230
PUERTO CARABUCO,consulta externa,nuevas en personas de 60 anos o mas,2005-01-01,56,48,56,48,104
PUERTO GONZALO MORENO,consulta externa,nuevas en personas de 60 anos o mas,2005-01-01,29,4,29,4,33
PUERTO PEREZ,consulta externa,nuevas en personas de 60 anos o mas,2005-01-01,23,15,23,15,38
PUERTO QUIJARRO,consulta externa,nuevas en personas de 60 anos o mas,2005-01-01,126,86,126,86,212
PUERTO RICO,consulta externa,nuevas en personas de 60 anos o mas,2005-01-01,14,7,14,7,21
PUERTO SILES,consulta externa,nuevas en personas de 60 anos o mas,2005-01-01,1,0,1,0,1
PUERTO SUAREZ,consulta externa,nuevas en personas de 60 anos o mas,2005-01-01,149,144,149,144,293
PUERTO VILLARROEL,consulta externa,nuevas en personas de 60 anos o mas,2005-01-01,21,32,21,32,53
PUNA,consulta externa,nuevas en personas de 60 anos o mas,2005-01-01,91,210,91,210,301
PUNATA,consulta externa,nuevas en personas de 60 anos o mas,2005-01-01,91,339,91,339,430
QUIABAYA,consulta externa,nuevas en personas de 60 anos o mas,2005-01-01,6,6,6,6,12
QUILLACOLLO,consulta externa,nuevas en personas de 60 anos o mas,2005-01-01,364,469,364,469,833
QUIME,consulta externa,nuevas en personas de 60 anos o mas,2005-01-01,14,13,14,13,27
QUIRUSILLAS,consulta externa,nuevas en personas de 60 anos o mas,2005-01-01,10,7,10,7,17
RAVELO,consulta externa,nuevas en personas de 60 anos o mas,2005-01-01,29,55,29,55,84
REYES,consulta externa,nuevas en personas de 60 anos o mas,2005-01-01,109,110,109,110,219
RIBERALTA,consulta externa,nuevas en personas de 60 anos o mas,2005-01-01,225,205,225,205,430
ROBORE,consulta externa,nuevas en personas de 60 anos o mas,2005-01-01,37,22,37,22,59
RURRENABAQUE,consulta externa,nuevas en personas de 60 anos o mas,2005-01-01,171,160,171,160,331
SABAYA,consulta externa,nuevas en personas de 60 anos o mas,2005-01-01,15,25,15,25,40
SACABA,consulta externa,nuevas en personas de 60 anos o mas,2005-01-01,133,161,133,161,294
SACABAMBA,consulta externa,nuevas en personas de 60 anos o mas,2005-01-01,3,10,3,10,13
SACACA,consulta externa,nuevas en personas de 60 anos o mas,2005-01-01,21,37,21,37,58
SAIPINA,consulta externa,nuevas en personas de 60 anos o mas,2005-01-01,34,44,34,44,78
SALINAS DE GARCI MENDOZA,consulta externa,nuevas en personas de 60 anos o mas,2005-01-01,20,27,20,27,47
SAMAIPATA,consulta externa,nuevas en personas de 60 anos o mas,2005-01-01,76,91,76,91,167
SAN AGUSTIN,consulta externa,nuevas en personas de 60 anos o mas,2005-01-01,10,17,10,17,27
SAN ANDRES,consulta externa,nuevas en personas de 60 anos o mas,2005-01-01,15,12,15,12,27
SAN ANDRES DE MACHACA,consulta externa,nuevas en personas de 60 anos o mas,2005-01-01,46,46,46,46,92
SAN ANTONIO DE ESMORUCO,consulta externa,nuevas en personas de 60 anos o mas,2005-01-01,4,4,4,4,8
SAN ANTONIO DE LOMERIO,consulta externa,nuevas en personas de 60 anos o mas,2005-01-01,14,13,14,13,27
SAN BENITO,consulta externa,nuevas en personas de 60 anos o mas,2005-01-01,13,28,13,28,41
SAN BORJA,consulta externa,nuevas en personas de 60 anos o mas,2005-01-01,94,95,94,95,189
SAN BUENA VENTURA,consulta externa,nuevas en personas de 60 anos o mas,2005-01-01,5,12,5,12,17
SAN CARLOS,consulta externa,nuevas en personas de 60 anos o mas,2005-01-01,86,77,86,77,163
SAN IGNACIO,consulta externa,nuevas en personas de 60 anos o mas,2005-01-01,84,95,84,95,179
SAN IGNACIO DE VELASCO,consulta externa,nuevas en personas de 60 anos o mas,2005-01-01,169,190,169,190,359
SAN JAVIER(BNI),consulta externa,nuevas en personas de 60 anos o mas,2005-01-01,3,3,3,3,6
SAN JAVIER(STC),consulta externa,nuevas en personas de 60 anos o mas,2005-01-01,12,7,12,7,19
SAN JOAQUIN,consulta externa,nuevas en personas de 60 anos o mas,2005-01-01,33,43,33,43,76
SAN JOSE DE CHIQUITOS,consulta externa,nuevas en personas de 60 anos o mas,2005-01-01,146,92,146,92,238
SAN JUAN DE YAPACANI,consulta externa,nuevas en personas de 60 anos o mas,2005-01-01,36,27,36,27,63
SAN JULIAN,consulta externa,nuevas en personas de 60 anos o mas,2005-01-01,69,60,69,60,129
SAN LORENZO(PND),consulta externa,nuevas en personas de 60 anos o mas,2005-01-01,16,11,16,11,27
SAN LORENZO(TJA),consulta externa,nuevas en personas de 60 anos o mas,2005-01-01,49,61,49,61,110
SAN LUCAS,consulta externa,nuevas en personas de 60 anos o mas,2005-01-01,83,188,83,188,271
SAN MATIAS,consulta externa,nuevas en personas de 60 anos o mas,2005-01-01,5,5,5,5,10
SAN MIGUEL DE VELASCO,consulta externa,nuevas en personas de 60 anos o mas,2005-01-01,55,61,55,61,116
SAN PABLO DE LIPEZ,consulta externa,nuevas en personas de 60 anos o mas,2005-01-01,28,27,28,27,55
SAN PEDRO,consulta externa,nuevas en personas de 60 anos o mas,2005-01-01,31,23,31,23,54
SAN PEDRO DE BUENA VISTA,consulta externa,nuevas en personas de 60 anos o mas,2005-01-01,18,25,18,25,43
SAN PEDRO DE CURAHUARA,consulta externa,nuevas en personas de 60 anos o mas,2005-01-01,9,13,9,13,22
SAN PEDRO DE QUEMES,consulta externa,nuevas en personas de 60 anos o mas,2005-01-01,0,1,0,1,1
SAN PEDRO DE TIQUINA,consulta externa,nuevas en personas de 60 anos o mas,2005-01-01,16,20,16,20,36
SAN PEDRO(PND),consulta externa,nuevas en personas de 60 anos o mas,2005-01-01,1,0,1,0,1
SAN RAFAEL,consulta externa,nuevas en personas de 60 anos o mas,2005-01-01,9,10,9,10,19
SAN RAMON,consulta externa,nuevas en personas de 60 anos o mas,2005-01-01,64,82,64,82,146
SAN RAMON,consulta externa,nuevas en personas de 60 anos o mas,2005-01-01,21,13,21,13,34
SANTA ANA,consulta externa,nuevas en personas de 60 anos o mas,2005-01-01,108,96,108,96,204
SANTA CRUZ DE LA SIERRA,consulta externa,nuevas en personas de 60 anos o mas,2005-01-01,5446,8389,5446,8389,13835
SANTA ROSA,consulta externa,nuevas en personas de 60 anos o mas,2005-01-01,16,10,16,10,26
SANTA ROSA DEL SARA,consulta externa,nuevas en personas de 60 anos o mas,2005-01-01,41,40,41,40,81
SANTIAGO DE CALLAPA,consulta externa,nuevas en personas de 60 anos o mas,2005-01-01,15,11,15,11,26
SANTIAGO DE HUARI,consulta externa,nuevas en personas de 60 anos o mas,2005-01-01,49,50,49,50,99
SANTIAGO DE MACHACA,consulta externa,nuevas en personas de 60 anos o mas,2005-01-01,15,8,15,8,23
SANTIVAÑES,consulta externa,nuevas en personas de 60 anos o mas,2005-01-01,18,47,18,47,65
SANTUARIO DE QUILLACAS,consulta externa,nuevas en personas de 60 anos o mas,2005-01-01,7,14,7,14,21
SAPAHAQUI,consulta externa,nuevas en personas de 60 anos o mas,2005-01-01,49,28,49,28,77
SENA,consulta externa,nuevas en personas de 60 anos o mas,2005-01-01,9,5,9,5,14
SICA SICA (VILLA AROMA),consulta externa,nuevas en personas de 60 anos o mas,2005-01-01,31,49,31,49,80
SICAYA,consulta externa,nuevas en personas de 60 anos o mas,2005-01-01,0,2,0,2,2
SIPE SIPE,consulta externa,nuevas en personas de 60 anos o mas,2005-01-01,20,33,20,33,53
SOPACHUY,consulta externa,nuevas en personas de 60 anos o mas,2005-01-01,13,23,13,23,36
SORACACHI,consulta externa,nuevas en personas de 60 anos o mas,2005-01-01,9,5,9,5,14
SORATA,consulta externa,nuevas en personas de 60 anos o mas,2005-01-01,39,61,39,61,100
SUCRE,consulta externa,nuevas en personas de 60 anos o mas,2005-01-01,1940,2779,1940,2779,4719
TACACHI,consulta externa,nuevas en personas de 60 anos o mas,2005-01-01,2,17,2,17,19
TACACOMA,consulta externa,nuevas en personas de 60 anos o mas,2005-01-01,9,4,9,4,13
TACOBAMBA,consulta externa,nuevas en personas de 60 anos o mas,2005-01-01,9,25,9,25,34
TACOPAYA,consulta externa,nuevas en personas de 60 anos o mas,2005-01-01,14,40,14,40,54
TAHUA,consulta externa,nuevas en personas de 60 anos o mas,2005-01-01,3,3,3,3,6
TAPACARI,consulta externa,nuevas en personas de 60 anos o mas,2005-01-01,38,68,38,68,106
TARABUCO,consulta externa,nuevas en personas de 60 anos o mas,2005-01-01,45,62,45,62,107
TARACO,consulta externa,nuevas en personas de 60 anos o mas,2005-01-01,7,16,7,16,23
TARATA,consulta externa,nuevas en personas de 60 anos o mas,2005-01-01,9,15,9,15,24
TARIJA,consulta externa,nuevas en personas de 60 anos o mas,2005-01-01,1392,1738,1392,1738,3130
TARVITA,consulta externa,nuevas en personas de 60 anos o mas,2005-01-01,61,117,61,117,178
TEOPONTE,consulta externa,nuevas en personas de 60 anos o mas,2005-01-01,22,17,22,17,39
TIAWANACU,consulta externa,nuevas en personas de 60 anos o mas,2005-01-01,13,13,13,13,26
TINGUIPAYA,consulta externa,nuevas en personas de 60 anos o mas,2005-01-01,28,44,28,44,72
TIPUANI,consulta externa,nuevas en personas de 60 anos o mas,2005-01-01,6,2,6,2,8
TIQUIPAYA,consulta externa,nuevas en personas de 60 anos o mas,2005-01-01,8,16,8,16,24
TIRAQUE (CBBA),consulta externa,nuevas en personas de 60 anos o mas,2005-01-01,35,47,35,47,82
TITO YUPANQUI (PARQUIPUJIO),consulta externa,nuevas en personas de 60 anos o mas,2005-01-01,11,8,11,8,19
TOCO,consulta externa,nuevas en personas de 60 anos o mas,2005-01-01,4,13,4,13,17
TODOS SANTOS,consulta externa,nuevas en personas de 60 anos o mas,2005-01-01,1,0,1,0,1
TOLATA,consulta externa,nuevas en personas de 60 anos o mas,2005-01-01,2,4,2,4,6
TOLEDO,consulta externa,nuevas en personas de 60 anos o mas,2005-01-01,24,26,24,26,50
TOMAVE,consulta externa,nuevas en personas de 60 anos o mas,2005-01-01,29,39,29,39,68
TOMINA,consulta externa,nuevas en personas de 60 anos o mas,2005-01-01,35,58,35,58,93
TORO TORO,consulta externa,nuevas en personas de 60 anos o mas,2005-01-01,21,32,21,32,53
TOTORA(CBBA),consulta externa,nuevas en personas de 60 anos o mas,2005-01-01,17,29,17,29,46
TOTORA(ORR),consulta externa,nuevas en personas de 60 anos o mas,2005-01-01,11,12,11,12,23
TRIGAL,consulta externa,nuevas en personas de 60 anos o mas,2005-01-01,27,42,27,42,69
TRINIDAD,consulta externa,nuevas en personas de 60 anos o mas,2005-01-01,342,311,342,311,653
TUPIZA,consulta externa,nuevas en personas de 60 anos o mas,2005-01-01,325,581,325,581,906
TURCO,consulta externa,nuevas en personas de 60 anos o mas,2005-01-01,47,39,47,39,86
UMALA,consulta externa,nuevas en personas de 60 anos o mas,2005-01-01,5,5,5,5,10
UNCIA,consulta externa,nuevas en personas de 60 anos o mas,2005-01-01,101,151,101,151,252
URIONDO (A. CONCEPCION),consulta externa,nuevas en personas de 60 anos o mas,2005-01-01,29,26,29,26,55
URUBICHA,consulta externa,nuevas en personas de 60 anos o mas,2005-01-01,4,7,4,7,11
UYUNI,consulta externa,nuevas en personas de 60 anos o mas,2005-01-01,205,232,205,232,437
VACAS,consulta externa,nuevas en personas de 60 anos o mas,2005-01-01,22,33,22,33,55
VALLEGRANDE,consulta externa,nuevas en personas de 60 anos o mas,2005-01-01,209,309,209,309,518
VIACHA,consulta externa,nuevas en personas de 60 anos o mas,2005-01-01,297,232,297,232,529
VILA VILA,consulta externa,nuevas en personas de 60 anos o mas,2005-01-01,2,6,2,6,8
VILLA MONTES,consulta externa,nuevas en personas de 60 anos o mas,2005-01-01,171,162,171,162,333
VILLA NUEVA (LOMA ALTA),consulta externa,nuevas en personas de 60 anos o mas,2005-01-01,1,0,1,0,1
VILLA RIVERO,consulta externa,nuevas en personas de 60 anos o mas,2005-01-01,6,14,6,14,20
VILLA SERRANO,consulta externa,nuevas en personas de 60 anos o mas,2005-01-01,40,53,40,53,93
VILLA TUNARI,consulta externa,nuevas en personas de 60 anos o mas,2005-01-01,66,63,66,63,129
VILLA VACA GUZMAN (MUYUPAMPA),consulta externa,nuevas en personas de 60 anos o mas,2005-01-01,77,73,77,73,150
VILLAZON,consulta externa,nuevas en personas de 60 anos o mas,2005-01-01,241,359,241,359,600
VINTO,consulta externa,nuevas en personas de 60 anos o mas,2005-01-01,4,12,4,12,16
VITICHI,consulta externa,nuevas en personas de 60 anos o mas,2005-01-01,54,79,54,79,133
WALDO BALLIVIAN,consulta externa,nuevas en personas de 60 anos o mas,2005-01-01,2,2,2,2,4
WARNES,consulta externa,nuevas en personas de 60 anos o mas,2005-01-01,41,52,41,52,93
YACO,consulta externa,nuevas en personas de 60 anos o mas,2005-01-01,18,24,18,24,42
YACUIBA,consulta externa,nuevas en personas de 60 anos o mas,2005-01-01,431,593,431,593,1024
YAMPARAEZ,consulta externa,nuevas en personas de 60 anos o mas,2005-01-01,15,30,15,30,45
YANACACHI,consulta externa,nuevas en personas de 60 anos o mas,2005-01-01,5,7,5,7,12
YAPACANI,consulta externa,nuevas en personas de 60 anos o mas,2005-01-01,121,98,121,98,219
YOCALLA,consulta externa,nuevas en personas de 60 anos o mas,2005-01-01,23,29,23,29,52
YOTALA,consulta externa,nuevas en personas de 60 anos o mas,2005-01-01,26,40,26,40,66
YUNCHARA,consulta externa,nuevas en personas de 60 anos o mas,2005-01-01,6,12,6,12,18
ZUDAÑEZ,consulta externa,nuevas en personas de 60 anos o mas,2005-01-01,34,38,34,38,72
ACACIO,consulta externa,nuevas en personas de 60 anos o mas,2005-02-01,17,26,17,26,43
ACHACACHI,consulta externa,nuevas en personas de 60 anos o mas,2005-02-01,136,135,136,135,271
ACHOCALLA,consulta externa,nuevas en personas de 60 anos o mas,2005-02-01,10,12,10,12,22
AIQUILE,consulta externa,nuevas en personas de 60 anos o mas,2005-02-01,58,79,58,79,137
ALALAY,consulta externa,nuevas en personas de 60 anos o mas,2005-02-01,1,4,1,4,5
ALCALA,consulta externa,nuevas en personas de 60 anos o mas,2005-02-01,15,17,15,17,32
ANCORAIMES,consulta externa,nuevas en personas de 60 anos o mas,2005-02-01,62,39,62,39,101
ANDAMARCA,consulta externa,nuevas en personas de 60 anos o mas,2005-02-01,24,24,24,24,48
ANTEQUERA,consulta externa,nuevas en personas de 60 anos o mas,2005-02-01,1,1,1,1,2
ANZALDO,consulta externa,nuevas en personas de 60 anos o mas,2005-02-01,11,19,11,19,30
APOLO,consulta externa,nuevas en personas de 60 anos o mas,2005-02-01,20,26,20,26,46
ARAMPAMPA,consulta externa,nuevas en personas de 60 anos o mas,2005-02-01,10,14,10,14,24
ARANI,consulta externa,nuevas en personas de 60 anos o mas,2005-02-01,19,17,19,17,36
ARBIETO,consulta externa,nuevas en personas de 60 anos o mas,2005-02-01,19,34,19,34,53
ARQUE,consulta externa,nuevas en personas de 60 anos o mas,2005-02-01,16,15,16,15,31
ASCENCION DE GUARAYOS,consulta externa,nuevas en personas de 60 anos o mas,2005-02-01,13,13,13,13,26
ATOCHA,consulta externa,nuevas en personas de 60 anos o mas,2005-02-01,80,105,80,105,185
AUCAPATA,consulta externa,nuevas en personas de 60 anos o mas,2005-02-01,22,22,22,22,44
AYATA,consulta externa,nuevas en personas de 60 anos o mas,2005-02-01,14,18,14,18,32
AYO AYO,consulta externa,nuevas en personas de 60 anos o mas,2005-02-01,12,2,12,2,14
AYOPAYA (V. DE INDEPENDENCIA),consulta externa,nuevas en personas de 60 anos o mas,2005-02-01,39,59,39,59,98
AZURDUY,consulta externa,nuevas en personas de 60 anos o mas,2005-02-01,40,63,40,63,103
BATALLAS,consulta externa,nuevas en personas de 60 anos o mas,2005-02-01,47,40,47,40,87
BAURES,consulta externa,nuevas en personas de 60 anos o mas,2005-02-01,14,14,14,14,28
BELEN DE ANDAMARCA,consulta externa,nuevas en personas de 60 anos o mas,2005-02-01,6,15,6,15,21
BELEN DE URMIRI,consulta externa,nuevas en personas de 60 anos o mas,2005-02-01,2,5,2,5,7
BELLA FLOR,consulta externa,nuevas en personas de 60 anos o mas,2005-02-01,3,2,3,2,5
BERMEJO,consulta externa,nuevas en personas de 60 anos o mas,2005-02-01,162,182,162,182,344
BETANZOS,consulta externa,nuevas en personas de 60 anos o mas,2005-02-01,94,162,94,162,256
BOLIVAR,consulta externa,nuevas en personas de 60 anos o mas,2005-02-01,14,14,14,14,28
BOLPEBRA,consulta externa,nuevas en personas de 60 anos o mas,2005-02-01,4,10,4,10,14
BOYUIBE,consulta externa,nuevas en personas de 60 anos o mas,2005-02-01,8,17,8,17,25
BUENA VISTA,consulta externa,nuevas en personas de 60 anos o mas,2005-02-01,81,60,81,60,141
CABEZAS,consulta externa,nuevas en personas de 60 anos o mas,2005-02-01,20,34,20,34,54
CAIROMA,consulta externa,nuevas en personas de 60 anos o mas,2005-02-01,18,28,18,28,46
"CAIZA ""D""",consulta externa,nuevas en personas de 60 anos o mas,2005-02-01,47,66,47,66,113
CAJUATA,consulta externa,nuevas en personas de 60 anos o mas,2005-02-01,27,20,27,20,47
CALACOTO,consulta externa,nuevas en personas de 60 anos o mas,2005-02-01,26,18,26,18,44
CALAMARCA,consulta externa,nuevas en personas de 60 anos o mas,2005-02-01,13,11,13,11,24
CAMARGO,consulta externa,nuevas en personas de 60 anos o mas,2005-02-01,134,220,134,220,354
CAMATAQUI (C. VILLA ABECIA),consulta externa,nuevas en personas de 60 anos o mas,2005-02-01,17,17,17,17,34
CAMIRI,consulta externa,nuevas en personas de 60 anos o mas,2005-02-01,504,678,504,678,1182
CAPINOTA,consulta externa,nuevas en personas de 60 anos o mas,2005-02-01,29,33,29,33,62
CAQUIAVIRI,consulta externa,nuevas en personas de 60 anos o mas,2005-02-01,49,33,49,33,82
CARACOLLO,consulta externa,nuevas en personas de 60 anos o mas,2005-02-01,37,57,37,57,94
CARANAVI,consulta externa,nuevas en personas de 60 anos o mas,2005-02-01,121,60,121,60,181
CARANGAS,consulta externa,nuevas en personas de 60 anos o mas,2005-02-01,2,2,2,2,4
CARAPARI,consulta externa,nuevas en personas de 60 anos o mas,2005-02-01,27,29,27,29,56
CARIPUYO,consulta externa,nuevas en personas de 60 anos o mas,2005-02-01,11,19,11,19,30
CARMEN RIVERO TORREZ,consulta externa,nuevas en personas de 60 anos o mas,2005-02-01,17,16,17,16,33
CATACORA,consulta externa,nuevas en personas de 60 anos o mas,2005-02-01,0,3,0,3,3
CHACARILLA,consulta externa,nuevas en personas de 60 anos o mas,2005-02-01,1,0,1,0,1
CHALLAPATA,consulta externa,nuevas en personas de 60 anos o mas,2005-02-01,138,91,138,91,229
CHAQUI,consulta externa,nuevas en personas de 60 anos o mas,2005-02-01,19,32,19,32,51
CHARAGUA,consulta externa,nuevas en personas de 60 anos o mas,2005-02-01,29,40,29,40,69
CHARAÑA,consulta externa,nuevas en personas de 60 anos o mas,2005-02-01,4,6,4,6,10
CHAYANTA,consulta externa,nuevas en personas de 60 anos o mas,2005-02-01,25,73,25,73,98
CHIMORE,consulta externa,nuevas en personas de 60 anos o mas,2005-02-01,15,5,15,5,20
CHIPAYA,consulta externa,nuevas en personas de 60 anos o mas,2005-02-01,2,0,2,0,2
CHOQUE COTA,consulta externa,nuevas en personas de 60 anos o mas,2005-02-01,5,3,5,3,8
CHULUMANI (V. DE LA LIBERTAD),consulta externa,nuevas en personas de 60 anos o mas,2005-02-01,53,38,53,38,91
CHUMA,consulta externa,nuevas en personas de 60 anos o mas,2005-02-01,29,34,29,34,63
CLIZA,consulta externa,nuevas en personas de 60 anos o mas,2005-02-01,11,19,11,19,30
COBIJA,consulta externa,nuevas en personas de 60 anos o mas,2005-02-01,118,219,118,219,337
COCHABAMBA,consulta externa,nuevas en personas de 60 anos o mas,2005-02-01,4093,4746,4093,4746,8839
COLCAPIRHUA,consulta externa,nuevas en personas de 60 anos o mas,2005-02-01,99,115,99,115,214
"COLCHA ""K""",consulta externa,nuevas en personas de 60 anos o mas,2005-02-01,48,57,48,57,105
COLLANA,consulta externa,nuevas en personas de 60 anos o mas,2005-02-01,13,2,13,2,15
COLOMI,consulta externa,nuevas en personas de 60 anos o mas,2005-02-01,11,17,11,17,28
COLPA BELGICA,consulta externa,nuevas en personas de 60 anos o mas,2005-02-01,48,27,48,27,75
COLQUECHACA,consulta externa,nuevas en personas de 60 anos o mas,2005-02-01,92,115,92,115,207
COLQUENCHA,consulta externa,nuevas en personas de 60 anos o mas,2005-02-01,26,25,26,25,51
COLQUIRI,consulta externa,nuevas en personas de 60 anos o mas,2005-02-01,42,48,42,48,90
COMANCHE,consulta externa,nuevas en personas de 60 anos o mas,2005-02-01,13,9,13,9,22
COMARAPA,consulta externa,nuevas en personas de 60 anos o mas,2005-02-01,88,84,88,84,172
COMBAYA,consulta externa,nuevas en personas de 60 anos o mas,2005-02-01,5,13,5,13,18
CONCEPCION,consulta externa,nuevas en personas de 60 anos o mas,2005-02-01,34,39,34,39,73
COPACABANA,consulta externa,nuevas en personas de 60 anos o mas,2005-02-01,12,20,12,20,32
CORIPATA,consulta externa,nuevas en personas de 60 anos o mas,2005-02-01,22,11,22,11,33
CORO CORO,consulta externa,nuevas en personas de 60 anos o mas,2005-02-01,23,19,23,19,42
COROICO,consulta externa,nuevas en personas de 60 anos o mas,2005-02-01,38,31,38,31,69
CORQUE,consulta externa,nuevas en personas de 60 anos o mas,2005-02-01,35,43,35,43,78
COTAGAITA,consulta externa,nuevas en personas de 60 anos o mas,2005-02-01,138,236,138,236,374
COTOCA,consulta externa,nuevas en personas de 60 anos o mas,2005-02-01,89,98,89,98,187
CUATRO CAÑADAS,consulta externa,nuevas en personas de 60 anos o mas,2005-02-01,17,16,17,16,33
CUCHUMUELA (V. G. VILLARROEL),consulta externa,nuevas en personas de 60 anos o mas,2005-02-01,8,8,8,8,16
CUEVO,consulta externa,nuevas en personas de 60 anos o mas,2005-02-01,8,21,8,21,29
CULPINA,consulta externa,nuevas en personas de 60 anos o mas,2005-02-01,42,57,42,57,99
CURAHUARA DE CARANGAS,consulta externa,nuevas en personas de 60 anos o mas,2005-02-01,36,35,36,35,71
CURVA,consulta externa,nuevas en personas de 60 anos o mas,2005-02-01,5,13,5,13,18
DESAGUADERO,consulta externa,nuevas en personas de 60 anos o mas,2005-02-01,13,11,13,11,24
EL ALTO,consulta externa,nuevas en personas de 60 anos o mas,2005-02-01,912,941,912,941,1853
EL CHORO,consulta externa,nuevas en personas de 60 anos o mas,2005-02-01,13,12,13,12,25
EL PUENTE(STC),consulta externa,nuevas en personas de 60 anos o mas,2005-02-01,4,5,4,5,9
EL PUENTE(TJA),consulta externa,nuevas en personas de 60 anos o mas,2005-02-01,19,42,19,42,61
EL TORNO,consulta externa,nuevas en personas de 60 anos o mas,2005-02-01,149,150,149,150,299
EL VILLAR,consulta externa,nuevas en personas de 60 anos o mas,2005-02-01,28,40,28,40,68
ENTRE RIOS,consulta externa,nuevas en personas de 60 anos o mas,2005-02-01,45,46,45,46,91
ENTRE RIOS,consulta externa,nuevas en personas de 60 anos o mas,2005-02-01,7,3,7,3,10
ESCARA,consulta externa,nuevas en personas de 60 anos o mas,2005-02-01,1,0,1,0,1
EUCALIPTUS,consulta externa,nuevas en personas de 60 anos o mas,2005-02-01,7,9,7,9,16
EXALTACION,consulta externa,nuevas en personas de 60 anos o mas,2005-02-01,7,9,7,9,16
FERNANDEZ ALONSO,consulta externa,nuevas en personas de 60 anos o mas,2005-02-01,15,9,15,9,24
FILADELFIA,consulta externa,nuevas en personas de 60 anos o mas,2005-02-01,4,5,4,5,9
GENERAL SAAVEDRA,consulta externa,nuevas en personas de 60 anos o mas,2005-02-01,20,15,20,15,35
GRAL. J.J. PEREZ (CHARAZANI),consulta externa,nuevas en personas de 60 anos o mas,2005-02-01,8,13,8,13,21
GUANAY,consulta externa,nuevas en personas de 60 anos o mas,2005-02-01,67,81,67,81,148
GUAQUI,consulta externa,nuevas en personas de 60 anos o mas,2005-02-01,10,10,10,10,20
GUAYARAMERIN,consulta externa,nuevas en personas de 60 anos o mas,2005-02-01,280,373,280,373,653
GUTIERREZ,consulta externa,nuevas en personas de 60 anos o mas,2005-02-01,36,42,36,42,78
HUACARETA,consulta externa,nuevas en personas de 60 anos o mas,2005-02-01,31,49,31,49,80
HUACAYA (VILLA DE HUACAYA),consulta externa,nuevas en personas de 60 anos o mas,2005-02-01,5,12,5,12,17
HUACHACALLA,consulta externa,nuevas en personas de 60 anos o mas,2005-02-01,3,1,3,1,4
HUANUNI,consulta externa,nuevas en personas de 60 anos o mas,2005-02-01,43,40,43,40,83
HUARACAJE,consulta externa,nuevas en personas de 60 anos o mas,2005-02-01,6,5,6,5,11
HUAYLLAMARCA,consulta externa,nuevas en personas de 60 anos o mas,2005-02-01,14,9,14,9,23
ICHOCA,consulta externa,nuevas en personas de 60 anos o mas,2005-02-01,11,10,11,10,21
ICLA,consulta externa,nuevas en personas de 60 anos o mas,2005-02-01,12,25,12,25,37
INCAHUASI,consulta externa,nuevas en personas de 60 anos o mas,2005-02-01,44,61,44,61,105
INGAVI (HUMAITA),consulta externa,nuevas en personas de 60 anos o mas,2005-02-01,5,2,5,2,7
INQUISIVI,consulta externa,nuevas en personas de 60 anos o mas,2005-02-01,22,25,22,25,47
IRUPANA (VILLA DE LANZA),consulta externa,nuevas en personas de 60 anos o mas,2005-02-01,37,35,37,35,72
IXIAMAS,consulta externa,nuevas en personas de 60 anos o mas,2005-02-01,18,11,18,11,29
JESUS DE MACHACA,consulta externa,nuevas en personas de 60 anos o mas,2005-02-01,62,57,62,57,119
LA ASUNTA,consulta externa,nuevas en personas de 60 anos o mas,2005-02-01,15,11,15,11,26
LA GUARDIA,consulta externa,nuevas en personas de 60 anos o mas,2005-02-01,8,14,8,14,22
LA PAZ,consulta externa,nuevas en personas de 60 anos o mas,2005-02-01,6276,6807,6276,6807,13083
LA RIVERA,consulta externa,nuevas en personas de 60 anos o mas,2005-02-01,0,3,0,3,3
LAGUNILLAS,consulta externa,nuevas en personas de 60 anos o mas,2005-02-01,23,20,23,20,43
LAJA,consulta externa,nuevas en personas de 60 anos o mas,2005-02-01,30,24,30,24,54
LAS CARRERAS,consulta externa,nuevas en personas de 60 anos o mas,2005-02-01,13,25,13,25,38
LICOMA PAMPA,consulta externa,nuevas en personas de 60 anos o mas,2005-02-01,0,4,0,4,4
LLALLAGUA,consulta externa,nuevas en personas de 60 anos o mas,2005-02-01,143,335,143,335,478
LLICA,consulta externa,nuevas en personas de 60 anos o mas,2005-02-01,39,37,39,37,76
LORETO,consulta externa,nuevas en personas de 60 anos o mas,2005-02-01,3,1,3,1,4
LURIBAY,consulta externa,nuevas en personas de 60 anos o mas,2005-02-01,27,29,27,29,56
MACHACAMARCA,consulta externa,nuevas en personas de 60 anos o mas,2005-02-01,57,67,57,67,124
MACHARETI,consulta externa,nuevas en personas de 60 anos o mas,2005-02-01,38,36,38,36,74
MAGDALENA,consulta externa,nuevas en personas de 60 anos o mas,2005-02-01,55,25,55,25,80
MAIRANA,consulta externa,nuevas en personas de 60 anos o mas,2005-02-01,55,79,55,79,134
MALLA,consulta externa,nuevas en personas de 60 anos o mas,2005-02-01,5,4,5,4,9
MAPIRI,consulta externa,nuevas en personas de 60 anos o mas,2005-02-01,43,46,43,46,89
MECAPACA,consulta externa,nuevas en personas de 60 anos o mas,2005-02-01,22,18,22,18,40
MINEROS,consulta externa,nuevas en personas de 60 anos o mas,2005-02-01,18,17,18,17,35
MIZQUE,consulta externa,nuevas en personas de 60 anos o mas,2005-02-01,18,20,18,20,38
MOCOMOCO,consulta externa,nuevas en personas de 60 anos o mas,2005-02-01,28,52,28,52,80
MOJINETE,consulta externa,nuevas en personas de 60 anos o mas,2005-02-01,5,15,5,15,20
MOJOCOYA,consulta externa,nuevas en personas de 60 anos o mas,2005-02-01,16,26,16,26,42
MONTEAGUDO,consulta externa,nuevas en personas de 60 anos o mas,2005-02-01,143,216,143,216,359
MONTERO,consulta externa,nuevas en personas de 60 anos o mas,2005-02-01,374,397,374,397,771
MORO MORO,consulta externa,nuevas en personas de 60 anos o mas,2005-02-01,25,21,25,21,46
MOROCHATA,consulta externa,nuevas en personas de 60 anos o mas,2005-02-01,11,14,11,14,25
NACEBE (SANTA ROSA DEL ABUNA),consulta externa,nuevas en personas de 60 anos o mas,2005-02-01,0,2,0,2,2
NAZACARA DE PACAJES,consulta externa,nuevas en personas de 60 anos o mas,2005-02-01,2,0,2,0,2
NUEVO MANOA (NUEVA ESPERANZA),consulta externa,nuevas en personas de 60 anos o mas,2005-02-01,3,2,3,2,5
OCURI,consulta externa,nuevas en personas de 60 anos o mas,2005-02-01,27,48,27,48,75
OKINAWA,consulta externa,nuevas en personas de 60 anos o mas,2005-02-01,38,49,38,49,87
OMEREQUE,consulta externa,nuevas en personas de 60 anos o mas,2005-02-01,9,14,9,14,23
ORURO,consulta externa,nuevas en personas de 60 anos o mas,2005-02-01,2177,2304,2177,2304,4481
PADCAYA,consulta externa,nuevas en personas de 60 anos o mas,2005-02-01,59,70,59,70,129
PADILLA,consulta externa,nuevas en personas de 60 anos o mas,2005-02-01,121,124,121,124,245
PAILON,consulta externa,nuevas en personas de 60 anos o mas,2005-02-01,13,17,13,17,30
PALCA,consulta externa,nuevas en personas de 60 anos o mas,2005-02-01,20,21,20,21,41
PALOS BLANCOS,consulta externa,nuevas en personas de 60 anos o mas,2005-02-01,27,24,27,24,51
PAMPA AULLAGAS,consulta externa,nuevas en personas de 60 anos o mas,2005-02-01,1,2,1,2,3
PAMPA GRANDE,consulta externa,nuevas en personas de 60 anos o mas,2005-02-01,31,54,31,54,85
PAPEL PAMPA,consulta externa,nuevas en personas de 60 anos o mas,2005-02-01,18,22,18,22,40
PASORAPA,consulta externa,nuevas en personas de 60 anos o mas,2005-02-01,5,8,5,8,13
PATACAMAYA,consulta externa,nuevas en personas de 60 anos o mas,2005-02-01,18,22,18,22,40
PAZÑA,consulta externa,nuevas en personas de 60 anos o mas,2005-02-01,27,43,27,43,70
PELECHUCO,consulta externa,nuevas en personas de 60 anos o mas,2005-02-01,13,16,13,16,29
POCOATA,consulta externa,nuevas en personas de 60 anos o mas,2005-02-01,73,84,73,84,157
POCONA,consulta externa,nuevas en personas de 60 anos o mas,2005-02-01,19,23,19,23,42
POJO (CBBA),consulta externa,nuevas en personas de 60 anos o mas,2005-02-01,8,5,8,5,13
POOPO,consulta externa,nuevas en personas de 60 anos o mas,2005-02-01,24,46,24,46,70
PORCO,consulta externa,nuevas en personas de 60 anos o mas,2005-02-01,7,16,7,16,23
POROMA,consulta externa,nuevas en personas de 60 anos o mas,2005-02-01,42,72,42,72,114
PORONGO,consulta externa,nuevas en personas de 60 anos o mas,2005-02-01,33,25,33,25,58
PORTACHUELO,consulta externa,nuevas en personas de 60 anos o mas,2005-02-01,97,87,97,87,184
PORVENIR,consulta externa,nuevas en personas de 60 anos o mas,2005-02-01,8,3,8,3,11
POSTRER VALLE,consulta externa,nuevas en personas de 60 anos o mas,2005-02-01,12,20,12,20,32
POTOSI,consulta externa,nuevas en personas de 60 anos o mas,2005-02-01,1078,1358,1078,1358,2436
PRESTO,consulta externa,nuevas en personas de 60 anos o mas,2005-02-01,12,25,12,25,37
PUCARA,consulta externa,nuevas en personas de 60 anos o mas,2005-02-01,22,46,22,46,68
PUCARANI,consulta externa,nuevas en personas de 60 anos o mas,2005-02-01,34,47,34,47,81
PUERTO ACOSTA,consulta externa,nuevas en personas de 60 anos o mas,2005-02-01,145,112,145,112,257
PUERTO CARABUCO,consulta externa,nuevas en personas de 60 anos o mas,2005-02-01,55,50,55,50,105
PUERTO GONZALO MORENO,consulta externa,nuevas en personas de 60 anos o mas,2005-02-01,27,13,27,13,40
PUERTO PEREZ,consulta externa,nuevas en personas de 60 anos o mas,2005-02-01,18,13,18,13,31
PUERTO QUIJARRO,consulta externa,nuevas en personas de 60 anos o mas,2005-02-01,146,134,146,134,280
PUERTO RICO,consulta externa,nuevas en personas de 60 anos o mas,2005-02-01,12,5,12,5,17
PUERTO SILES,consulta externa,nuevas en personas de 60 anos o mas,2005-02-01,6,9,6,9,15
PUERTO SUAREZ,consulta externa,nuevas en personas de 60 anos o mas,2005-02-01,75,100,75,100,175
PUERTO VILLARROEL,consulta externa,nuevas en personas de 60 anos o mas,2005-02-01,32,21,32,21,53
PUNA,consulta externa,nuevas en personas de 60 anos o mas,2005-02-01,97,157,97,157,254
PUNATA,consulta externa,nuevas en personas de 60 anos o mas,2005-02-01,84,119,84,119,203
QUIABAYA,consulta externa,nuevas en personas de 60 anos o mas,2005-02-01,4,2,4,2,6
QUILLACOLLO,consulta externa,nuevas en personas de 60 anos o mas,2005-02-01,317,345,317,345,662
QUIME,consulta externa,nuevas en personas de 60 anos o mas,2005-02-01,12,9,12,9,21
QUIRUSILLAS,consulta externa,nuevas en personas de 60 anos o mas,2005-02-01,3,10,3,10,13
RAVELO,consulta externa,nuevas en personas de 60 anos o mas,2005-02-01,32,52,32,52,84
REYES,consulta externa,nuevas en personas de 60 anos o mas,2005-02-01,55,59,55,59,114
RIBERALTA,consulta externa,nuevas en personas de 60 anos o mas,2005-02-01,236,216,236,216,452
ROBORE,consulta externa,nuevas en personas de 60 anos o mas,2005-02-01,42,20,42,20,62
RURRENABAQUE,consulta externa,nuevas en personas de 60 anos o mas,2005-02-01,164,148,164,148,312
SABAYA,consulta externa,nuevas en personas de 60 anos o mas,2005-02-01,12,9,12,9,21
SACABA,consulta externa,nuevas en personas de 60 anos o mas,2005-02-01,92,108,92,108,200
SACABAMBA,consulta externa,nuevas en personas de 60 anos o mas,2005-02-01,7,7,7,7,14
SACACA,consulta externa,nuevas en personas de 60 anos o mas,2005-02-01,29,57,29,57,86
SAIPINA,consulta externa,nuevas en personas de 60 anos o mas,2005-02-01,23,33,23,33,56
SALINAS DE GARCI MENDOZA,consulta externa,nuevas en personas de 60 anos o mas,2005-02-01,30,35,30,35,65
SAMAIPATA,consulta externa,nuevas en personas de 60 anos o mas,2005-02-01,50,92,50,92,142
SAN AGUSTIN,consulta externa,nuevas en personas de 60 anos o mas,2005-02-01,6,9,6,9,15
SAN ANDRES,consulta externa,nuevas en personas de 60 anos o mas,2005-02-01,10,16,10,16,26
SAN ANDRES DE MACHACA,consulta externa,nuevas en personas de 60 anos o mas,2005-02-01,28,35,28,35,63
SAN ANTONIO DE ESMORUCO,consulta externa,nuevas en personas de 60 anos o mas,2005-02-01,3,10,3,10,13
SAN ANTONIO DE LOMERIO,consulta externa,nuevas en personas de 60 anos o mas,2005-02-01,14,14,14,14,28
SAN BENITO,consulta externa,nuevas en personas de 60 anos o mas,2005-02-01,24,35,24,35,59
SAN BORJA,consulta externa,nuevas en personas de 60 anos o mas,2005-02-01,92,96,92,96,188
SAN BUENA VENTURA,consulta externa,nuevas en personas de 60 anos o mas,2005-02-01,11,18,11,18,29
SAN CARLOS,consulta externa,nuevas en personas de 60 anos o mas,2005-02-01,84,64,84,64,148
SAN IGNACIO,consulta externa,nuevas en personas de 60 anos o mas,2005-02-01,61,56,61,56,117
SAN IGNACIO DE VELASCO,consulta externa,nuevas en personas de 60 anos o mas,2005-02-01,153,167,153,167,320
SAN JAVIER(BNI),consulta externa,nuevas en personas de 60 anos o mas,2005-02-01,6,4,6,4,10
SAN JAVIER(STC),consulta externa,nuevas en personas de 60 anos o mas,2005-02-01,5,5,5,5,10
SAN JOAQUIN,consulta externa,nuevas en personas de 60 anos o mas,2005-02-01,26,47,26,47,73
SAN JOSE DE CHIQUITOS,consulta externa,nuevas en personas de 60 anos o mas,2005-02-01,98,125,98,125,223
SAN JUAN DE YAPACANI,consulta externa,nuevas en personas de 60 anos o mas,2005-02-01,28,30,28,30,58
SAN JULIAN,consulta externa,nuevas en personas de 60 anos o mas,2005-02-01,66,78,66,78,144
SAN LORENZO(PND),consulta externa,nuevas en personas de 60 anos o mas,2005-02-01,3,6,3,6,9
SAN LORENZO(TJA),consulta externa,nuevas en personas de 60 anos o mas,2005-02-01,36,48,36,48,84
SAN LUCAS,consulta externa,nuevas en personas de 60 anos o mas,2005-02-01,90,177,90,177,267
SAN MIGUEL DE VELASCO,consulta externa,nuevas en personas de 60 anos o mas,2005-02-01,55,95,55,95,150
SAN PABLO DE LIPEZ,consulta externa,nuevas en personas de 60 anos o mas,2005-02-01,11,24,11,24,35
SAN PEDRO,consulta externa,nuevas en personas de 60 anos o mas,2005-02-01,26,39,26,39,65
SAN PEDRO DE BUENA VISTA,consulta externa,nuevas en personas de 60 anos o mas,2005-02-01,33,51,33,51,84
SAN PEDRO DE CURAHUARA,consulta externa,nuevas en personas de 60 anos o mas,2005-02-01,10,11,10,11,21
SAN PEDRO DE QUEMES,consulta externa,nuevas en personas de 60 anos o mas,2005-02-01,0,3,0,3,3
SAN PEDRO DE TIQUINA,consulta externa,nuevas en personas de 60 anos o mas,2005-02-01,10,16,10,16,26
SAN RAFAEL,consulta externa,nuevas en personas de 60 anos o mas,2005-02-01,6,8,6,8,14
SAN RAMON,consulta externa,nuevas en personas de 60 anos o mas,2005-02-01,29,31,29,31,60
SAN RAMON,consulta externa,nuevas en personas de 60 anos o mas,2005-02-01,9,12,9,12,21
SANTA ANA,consulta externa,nuevas en personas de 60 anos o mas,2005-02-01,80,84,80,84,164
SANTA CRUZ DE LA SIERRA,consulta externa,nuevas en personas de 60 anos o mas,2005-02-01,4209,5929,4209,5929,10138
SANTA ROSA,consulta externa,nuevas en personas de 60 anos o mas,2005-02-01,36,30,36,30,66
SANTA ROSA DEL SARA,consulta externa,nuevas en personas de 60 anos o mas,2005-02-01,39,31,39,31,70
SANTIAGO DE CALLAPA,consulta externa,nuevas en personas de 60 anos o mas,2005-02-01,12,15,12,15,27
SANTIAGO DE HUARI,consulta externa,nuevas en personas de 60 anos o mas,2005-02-01,30,46,30,46,76
SANTIAGO DE MACHACA,consulta externa,nuevas en personas de 60 anos o mas,2005-02-01,6,6,6,6,12
SANTIVAÑES,consulta externa,nuevas en personas de 60 anos o mas,2005-02-01,17,24,17,24,41
SANTUARIO DE QUILLACAS,consulta externa,nuevas en personas de 60 anos o mas,2005-02-01,7,8,7,8,15
SAPAHAQUI,consulta externa,nuevas en personas de 60 anos o mas,2005-02-01,22,19,22,19,41
SENA,consulta externa,nuevas en personas de 60 anos o mas,2005-02-01,9,3,9,3,12
SICA SICA (VILLA AROMA),consulta externa,nuevas en personas de 60 anos o mas,2005-02-01,34,29,34,29,63
SICAYA,consulta externa,nuevas en personas de 60 anos o mas,2005-02-01,1,0,1,0,1
SIPE SIPE,consulta externa,nuevas en personas de 60 anos o mas,2005-02-01,20,35,20,35,55
SOPACHUY,consulta externa,nuevas en personas de 60 anos o mas,2005-02-01,30,24,30,24,54
SORACACHI,consulta externa,nuevas en personas de 60 anos o mas,2005-02-01,9,11,9,11,20
SORATA,consulta externa,nuevas en personas de 60 anos o mas,2005-02-01,39,57,39,57,96
SUCRE,consulta externa,nuevas en personas de 60 anos o mas,2005-02-01,1849,2487,1849,2487,4336
TACACHI,consulta externa,nuevas en personas de 60 anos o mas,2005-02-01,5,8,5,8,13
TACACOMA,consulta externa,nuevas en personas de 60 anos o mas,2005-02-01,8,5,8,5,13
TACOBAMBA,consulta externa,nuevas en personas de 60 anos o mas,2005-02-01,12,31,12,31,43
TACOPAYA,consulta externa,nuevas en personas de 60 anos o mas,2005-02-01,13,23,13,23,36
TAHUA,consulta externa,nuevas en personas de 60 anos o mas,2005-02-01,3,5,3,5,8
TAPACARI,consulta externa,nuevas en personas de 60 anos o mas,2005-02-01,31,50,31,50,81
TARABUCO,consulta externa,nuevas en personas de 60 anos o mas,2005-02-01,36,39,36,39,75
TARACO,consulta externa,nuevas en personas de 60 anos o mas,2005-02-01,13,15,13,15,28
TARATA,consulta externa,nuevas en personas de 60 anos o mas,2005-02-01,4,10,4,10,14
TARIJA,consulta externa,nuevas en personas de 60 anos o mas,2005-02-01,1214,1409,1214,1409,2623
TARVITA,consulta externa,nuevas en personas de 60 anos o mas,2005-02-01,58,88,58,88,146
TEOPONTE,consulta externa,nuevas en personas de 60 anos o mas,2005-02-01,32,22,32,22,54
TIAWANACU,consulta externa,nuevas en personas de 60 anos o mas,2005-02-01,14,25,14,25,39
TINGUIPAYA,consulta externa,nuevas en personas de 60 anos o mas,2005-02-01,19,26,19,26,45
TIPUANI,consulta externa,nuevas en personas de 60 anos o mas,2005-02-01,3,2,3,2,5
TIQUIPAYA,consulta externa,nuevas en personas de 60 anos o mas,2005-02-01,7,22,7,22,29
TIRAQUE (CBBA),consulta externa,nuevas en personas de 60 anos o mas,2005-02-01,47,64,47,64,111
TITO YUPANQUI (PARQUIPUJIO),consulta externa,nuevas en personas de 60 anos o mas,2005-02-01,20,21,20,21,41
TOCO,consulta externa,nuevas en personas de 60 anos o mas,2005-02-01,1,10,1,10,11
TODOS SANTOS,consulta externa,nuevas en personas de 60 anos o mas,2005-02-01,1,1,1,1,2
TOLATA,consulta externa,nuevas en personas de 60 anos o mas,2005-02-01,1,10,1,10,11
TOLEDO,consulta externa,nuevas en personas de 60 anos o mas,2005-02-01,32,33,32,33,65
TOMAVE,consulta externa,nuevas en personas de 60 anos o mas,2005-02-01,35,63,35,63,98
TOMINA,consulta externa,nuevas en personas de 60 anos o mas,2005-02-01,26,36,26,36,62
TORO TORO,consulta externa,nuevas en personas de 60 anos o mas,2005-02-01,24,41,24,41,65
TOTORA(CBBA),consulta externa,nuevas en personas de 60 anos o mas,2005-02-01,18,19,18,19,37
TOTORA(ORR),consulta externa,nuevas en personas de 60 anos o mas,2005-02-01,9,9,9,9,18
TRIGAL,consulta externa,nuevas en personas de 60 anos o mas,2005-02-01,5,12,5,12,17
TRINIDAD,consulta externa,nuevas en personas de 60 anos o mas,2005-02-01,310,295,310,295,605
TUPIZA,consulta externa,nuevas en personas de 60 anos o mas,2005-02-01,324,458,324,458,782
TURCO,consulta externa,nuevas en personas de 60 anos o mas,2005-02-01,17,10,17,10,27
UMALA,consulta externa,nuevas en personas de 60 anos o mas,2005-02-01,12,12,12,12,24
UNCIA,consulta externa,nuevas en personas de 60 anos o mas,2005-02-01,77,134,77,134,211
URIONDO (A. CONCEPCION),consulta externa,nuevas en personas de 60 anos o mas,2005-02-01,30,32,30,32,62
URUBICHA,consulta externa,nuevas en personas de 60 anos o mas,2005-02-01,1,3,1,3,4
UYUNI,consulta externa,nuevas en personas de 60 anos o mas,2005-02-01,112,126,112,126,238
VACAS,consulta externa,nuevas en personas de 60 anos o mas,2005-02-01,24,28,24,28,52
VALLEGRANDE,consulta externa,nuevas en personas de 60 anos o mas,2005-02-01,179,259,179,259,438
VIACHA,consulta externa,nuevas en personas de 60 anos o mas,2005-02-01,186,161,186,161,347
VILA VILA,consulta externa,nuevas en personas de 60 anos o mas,2005-02-01,4,4,4,4,8
VILLA MONTES,consulta externa,nuevas en personas de 60 anos o mas,2005-02-01,126,107,126,107,233
VILLA NUEVA (LOMA ALTA),consulta externa,nuevas en personas de 60 anos o mas,2005-02-01,1,1,1,1,2
VILLA RIVERO,consulta externa,nuevas en personas de 60 anos o mas,2005-02-01,10,15,10,15,25
VILLA SERRANO,consulta externa,nuevas en personas de 60 anos o mas,2005-02-01,47,65,47,65,112
VILLA TUNARI,consulta externa,nuevas en personas de 60 anos o mas,2005-02-01,69,55,69,55,124
VILLA VACA GUZMAN (MUYUPAMPA),consulta externa,nuevas en personas de 60 anos o mas,2005-02-01,58,65,58,65,123
VILLAZON,consulta externa,nuevas en personas de 60 anos o mas,2005-02-01,215,323,215,323,538
VINTO,consulta externa,nuevas en personas de 60 anos o mas,2005-02-01,9,12,9,12,21
VITICHI,consulta externa,nuevas en personas de 60 anos o mas,2005-02-01,56,74,56,74,130
WALDO BALLIVIAN,consulta externa,nuevas en personas de 60 anos o mas,2005-02-01,2,3,2,3,5
WARNES,consulta externa,nuevas en personas de 60 anos o mas,2005-02-01,59,53,59,53,112
YACO,consulta externa,nuevas en personas de 60 anos o mas,2005-02-01,18,17,18,17,35
YACUIBA,consulta externa,nuevas en personas de 60 anos o mas,2005-02-01,305,442,305,442,747
YAMPARAEZ,consulta externa,nuevas en personas de 60 anos o mas,2005-02-01,24,29,24,29,53
YANACACHI,consulta externa,nuevas en personas de 60 anos o mas,2005-02-01,18,7,18,7,25
YAPACANI,consulta externa,nuevas en personas de 60 anos o mas,2005-02-01,107,72,107,72,179
YOCALLA,consulta externa,nuevas en personas de 60 anos o mas,2005-02-01,22,30,22,30,52
YOTALA,consulta externa,nuevas en personas de 60 anos o mas,2005-02-01,20,52,20,52,72
YUNCHARA,consulta externa,nuevas en personas de 60 anos o mas,2005-02-01,25,19,25,19,44
ZUDAÑEZ,consulta externa,nuevas en personas de 60 anos o mas,2005-02-01,23,40,23,40,63
ACACIO,consulta externa,nuevas en personas de 60 anos o mas,2005-03-01,23,36,23,36,59
ACHACACHI,consulta externa,nuevas en personas de 60 anos o mas,2005-03-01,164,138,164,138,302
ACHOCALLA,consulta externa,nuevas en personas de 60 anos o mas,2005-03-01,23,8,23,8,31
AIQUILE,consulta externa,nuevas en personas de 60 anos o mas,2005-03-01,59,98,59,98,157
ALALAY,consulta externa,nuevas en personas de 60 anos o mas,2005-03-01,5,7,5,7,12
ALCALA,consulta externa,nuevas en personas de 60 anos o mas,2005-03-01,20,29,20,29,49
ANCORAIMES,consulta externa,nuevas en personas de 60 anos o mas,2005-03-01,23,18,23,18,41
ANDAMARCA,consulta externa,nuevas en personas de 60 anos o mas,2005-03-01,10,15,10,15,25
ANTEQUERA,consulta externa,nuevas en personas de 60 anos o mas,2005-03-01,2,7,2,7,9
ANZALDO,consulta externa,nuevas en personas de 60 anos o mas,2005-03-01,26,38,26,38,64
APOLO,consulta externa,nuevas en personas de 60 anos o mas,2005-03-01,28,24,28,24,52
ARAMPAMPA,consulta externa,nuevas en personas de 60 anos o mas,2005-03-01,25,21,25,21,46
ARANI,consulta externa,nuevas en personas de 60 anos o mas,2005-03-01,16,31,16,31,47
ARBIETO,consulta externa,nuevas en personas de 60 anos o mas,2005-03-01,21,39,21,39,60
ARQUE,consulta externa,nuevas en personas de 60 anos o mas,2005-03-01,13,17,13,17,30
ASCENCION DE GUARAYOS,consulta externa,nuevas en personas de 60 anos o mas,2005-03-01,12,17,12,17,29
ATOCHA,consulta externa,nuevas en personas de 60 anos o mas,2005-03-01,75,144,75,144,219
AUCAPATA,consulta externa,nuevas en personas de 60 anos o mas,2005-03-01,22,17,22,17,39
AYATA,consulta externa,nuevas en personas de 60 anos o mas,2005-03-01,17,27,17,27,44
AYO AYO,consulta externa,nuevas en personas de 60 anos o mas,2005-03-01,12,4,12,4,16
AYOPAYA (V. DE INDEPENDENCIA),consulta externa,nuevas en personas de 60 anos o mas,2005-03-01,55,78,55,78,133
AZURDUY,consulta externa,nuevas en personas de 60 anos o mas,2005-03-01,43,62,43,62,105
BATALLAS,consulta externa,nuevas en personas de 60 anos o mas,2005-03-01,44,16,44,16,60
BAURES,consulta externa,nuevas en personas de 60 anos o mas,2005-03-01,26,30,26,30,56
BELEN DE ANDAMARCA,consulta externa,nuevas en personas de 60 anos o mas,2005-03-01,7,14,7,14,21
BELEN DE URMIRI,consulta externa,nuevas en personas de 60 anos o mas,2005-03-01,10,14,10,14,24
BELLA FLOR,consulta externa,nuevas en personas de 60 anos o mas,2005-03-01,13,4,13,4,17
BERMEJO,consulta externa,nuevas en personas de 60 anos o mas,2005-03-01,277,225,277,225,502
BETANZOS,consulta externa,nuevas en personas de 60 anos o mas,2005-03-01,114,190,114,190,304
BOLIVAR,consulta externa,nuevas en personas de 60 anos o mas,2005-03-01,16,29,16,29,45
BOLPEBRA,consulta externa,nuevas en personas de 60 anos o mas,2005-03-01,7,10,7,10,17
BOYUIBE,consulta externa,nuevas en personas de 60 anos o mas,2005-03-01,8,17,8,17,25
BUENA VISTA,consulta externa,nuevas en personas de 60 anos o mas,2005-03-01,95,55,95,55,150
CABEZAS,consulta externa,nuevas en personas de 60 anos o mas,2005-03-01,30,29,30,29,59
CAIROMA,consulta externa,nuevas en personas de 60 anos o mas,2005-03-01,18,30,18,30,48
"CAIZA ""D""",consulta externa,nuevas en personas de 60 anos o mas,2005-03-01,51,106,51,106,157
CAJUATA,consulta externa,nuevas en personas de 60 anos o mas,2005-03-01,25,22,25,22,47
CALACOTO,consulta externa,nuevas en personas de 60 anos o mas,2005-03-01,31,45,31,45,76
CALAMARCA,consulta externa,nuevas en personas de 60 anos o mas,2005-03-01,15,11,15,11,26
CAMARGO,consulta externa,nuevas en personas de 60 anos o mas,2005-03-01,185,277,185,277,462
CAMATAQUI (C. VILLA ABECIA),consulta externa,nuevas en personas de 60 anos o mas,2005-03-01,25,26,25,26,51
CAMIRI,consulta externa,nuevas en personas de 60 anos o mas,2005-03-01,681,686,681,686,1367
CAPINOTA,consulta externa,nuevas en personas de 60 anos o mas,2005-03-01,26,27,26,27,53
CAQUIAVIRI,consulta externa,nuevas en personas de 60 anos o mas,2005-03-01,57,62,57,62,119
CARACOLLO,consulta externa,nuevas en personas de 60 anos o mas,2005-03-01,69,57,69,57,126
CARANAVI,consulta externa,nuevas en personas de 60 anos o mas,2005-03-01,109,59,109,59,168
CARANGAS,consulta externa,nuevas en personas de 60 anos o mas,2005-03-01,3,3,3,3,6
CARAPARI,consulta externa,nuevas en personas de 60 anos o mas,2005-03-01,39,32,39,32,71
CARIPUYO,consulta externa,nuevas en personas de 60 anos o mas,2005-03-01,14,20,14,20,34
CARMEN RIVERO TORREZ,consulta externa,nuevas en personas de 60 anos o mas,2005-03-01,20,20,20,20,40
CATACORA,consulta externa,nuevas en personas de 60 anos o mas,2005-03-01,5,5,5,5,10
CHACARILLA,consulta externa,nuevas en personas de 60 anos o mas,2005-03-01,0,1,0,1,1
CHALLAPATA,consulta externa,nuevas en personas de 60 anos o mas,2005-03-01,101,91,101,91,192
CHAQUI,consulta externa,nuevas en personas de 60 anos o mas,2005-03-01,31,58,31,58,89
CHARAGUA,consulta externa,nuevas en personas de 60 anos o mas,2005-03-01,32,44,32,44,76
CHARAÑA,consulta externa,nuevas en personas de 60 anos o mas,2005-03-01,8,10,8,10,18
CHAYANTA,consulta externa,nuevas en personas de 60 anos o mas,2005-03-01,34,79,34,79,113
CHIMORE,consulta externa,nuevas en personas de 60 anos o mas,2005-03-01,7,13,7,13,20
CHIPAYA,consulta externa,nuevas en personas de 60 anos o mas,2005-03-01,2,4,2,4,6
CHOQUE COTA,consulta externa,nuevas en personas de 60 anos o mas,2005-03-01,8,13,8,13,21
CHULUMANI (V. DE LA LIBERTAD),consulta externa,nuevas en personas de 60 anos o mas,2005-03-01,71,40,71,40,111
CHUMA,consulta externa,nuevas en personas de 60 anos o mas,2005-03-01,30,39,30,39,69
CLIZA,consulta externa,nuevas en personas de 60 anos o mas,2005-03-01,13,40,13,40,53
COBIJA,consulta externa,nuevas en personas de 60 anos o mas,2005-03-01,150,207,150,207,357
COCHABAMBA,consulta externa,nuevas en personas de 60 anos o mas,2005-03-01,4826,5839,4826,5839,10665
COIPASA,consulta externa,nuevas en personas de 60 anos o mas,2005-03-01,4,1,4,1,5
COLCAPIRHUA,consulta externa,nuevas en personas de 60 anos o mas,2005-03-01,116,175,116,175,291
"COLCHA ""K""",consulta externa,nuevas en personas de 60 anos o mas,2005-03-01,84,102,84,102,186
COLLANA,consulta externa,nuevas en personas de 60 anos o mas,2005-03-01,11,9,11,9,20
COLOMI,consulta externa,nuevas en personas de 60 anos o mas,2005-03-01,18,17,18,17,35
COLPA BELGICA,consulta externa,nuevas en personas de 60 anos o mas,2005-03-01,3,1,3,1,4
COLQUECHACA,consulta externa,nuevas en personas de 60 anos o mas,2005-03-01,97,125,97,125,222
COLQUENCHA,consulta externa,nuevas en personas de 60 anos o mas,2005-03-01,22,23,22,23,45
COLQUIRI,consulta externa,nuevas en personas de 60 anos o mas,2005-03-01,41,50,41,50,91
COMANCHE,consulta externa,nuevas en personas de 60 anos o mas,2005-03-01,9,7,9,7,16
COMARAPA,consulta externa,nuevas en personas de 60 anos o mas,2005-03-01,78,122,78,122,200
COMBAYA,consulta externa,nuevas en personas de 60 anos o mas,2005-03-01,4,10,4,10,14
CONCEPCION,consulta externa,nuevas en personas de 60 anos o mas,2005-03-01,35,43,35,43,78
COPACABANA,consulta externa,nuevas en personas de 60 anos o mas,2005-03-01,30,37,30,37,67
CORIPATA,consulta externa,nuevas en personas de 60 anos o mas,2005-03-01,24,23,24,23,47
CORO CORO,consulta externa,nuevas en personas de 60 anos o mas,2005-03-01,23,43,23,43,66
COROICO,consulta externa,nuevas en personas de 60 anos o mas,2005-03-01,50,31,50,31,81
CORQUE,consulta externa,nuevas en personas de 60 anos o mas,2005-03-01,62,72,62,72,134
COTAGAITA,consulta externa,nuevas en personas de 60 anos o mas,2005-03-01,204,406,204,406,610
COTOCA,consulta externa,nuevas en personas de 60 anos o mas,2005-03-01,84,95,84,95,179
CUATRO CAÑADAS,consulta externa,nuevas en personas de 60 anos o mas,2005-03-01,12,23,12,23,35
CUCHUMUELA (V. G. VILLARROEL),consulta externa,nuevas en personas de 60 anos o mas,2005-03-01,5,8,5,8,13
CUEVO,consulta externa,nuevas en personas de 60 anos o mas,2005-03-01,16,20,16,20,36
CULPINA,consulta externa,nuevas en personas de 60 anos o mas,2005-03-01,59,64,59,64,123
CURAHUARA DE CARANGAS,consulta externa,nuevas en personas de 60 anos o mas,2005-03-01,18,19,18,19,37
CURVA,consulta externa,nuevas en personas de 60 anos o mas,2005-03-01,10,16,10,16,26
DESAGUADERO,consulta externa,nuevas en personas de 60 anos o mas,2005-03-01,17,22,17,22,39
EL ALTO,consulta externa,nuevas en personas de 60 anos o mas,2005-03-01,1390,1370,1390,1370,2760
EL CHORO,consulta externa,nuevas en personas de 60 anos o mas,2005-03-01,14,16,14,16,30
EL PUENTE(STC),consulta externa,nuevas en personas de 60 anos o mas,2005-03-01,10,17,10,17,27
EL PUENTE(TJA),consulta externa,nuevas en personas de 60 anos o mas,2005-03-01,33,44,33,44,77
EL TORNO,consulta externa,nuevas en personas de 60 anos o mas,2005-03-01,133,171,133,171,304
EL VILLAR,consulta externa,nuevas en personas de 60 anos o mas,2005-03-01,16,31,16,31,47
ENTRE RIOS,consulta externa,nuevas en personas de 60 anos o mas,2005-03-01,58,54,58,54,112
ENTRE RIOS,consulta externa,nuevas en personas de 60 anos o mas,2005-03-01,11,7,11,7,18
ESCARA,consulta externa,nuevas en personas de 60 anos o mas,2005-03-01,2,0,2,0,2
EUCALIPTUS,consulta externa,nuevas en personas de 60 anos o mas,2005-03-01,16,9,16,9,25
EUREKA (SANTOS MERCADO),consulta externa,nuevas en personas de 60 anos o mas,2005-03-01,2,1,2,1,3
EXALTACION,consulta externa,nuevas en personas de 60 anos o mas,2005-03-01,5,9,5,9,14
FERNANDEZ ALONSO,consulta externa,nuevas en personas de 60 anos o mas,2005-03-01,18,13,18,13,31
FILADELFIA,consulta externa,nuevas en personas de 60 anos o mas,2005-03-01,2,4,2,4,6
GENERAL SAAVEDRA,consulta externa,nuevas en personas de 60 anos o mas,2005-03-01,18,12,18,12,30
GRAL. J.J. PEREZ (CHARAZANI),consulta externa,nuevas en personas de 60 anos o mas,2005-03-01,33,41,33,41,74
GUANAY,consulta externa,nuevas en personas de 60 anos o mas,2005-03-01,99,80,99,80,179
GUAQUI,consulta externa,nuevas en personas de 60 anos o mas,2005-03-01,16,21,16,21,37
GUAYARAMERIN,consulta externa,nuevas en personas de 60 anos o mas,2005-03-01,260,468,260,468,728
GUTIERREZ,consulta externa,nuevas en personas de 60 anos o mas,2005-03-01,43,35,43,35,78
HUACARETA,consulta externa,nuevas en personas de 60 anos o mas,2005-03-01,42,66,42,66,108
HUACAYA (VILLA DE HUACAYA),consulta externa,nuevas en personas de 60 anos o mas,2005-03-01,8,14,8,14,22
HUACHACALLA,consulta externa,nuevas en personas de 60 anos o mas,2005-03-01,7,3,7,3,10
HUANUNI,consulta externa,nuevas en personas de 60 anos o mas,2005-03-01,91,90,91,90,181
HUARACAJE,consulta externa,nuevas en personas de 60 anos o mas,2005-03-01,3,8,3,8,11
HUAYLLAMARCA,consulta externa,nuevas en personas de 60 anos o mas,2005-03-01,57,38,57,38,95
ICHOCA,consulta externa,nuevas en personas de 60 anos o mas,2005-03-01,9,9,9,9,18
ICLA,consulta externa,nuevas en personas de 60 anos o mas,2005-03-01,10,30,10,30,40
INCAHUASI,consulta externa,nuevas en personas de 60 anos o mas,2005-03-01,53,64,53,64,117
INGAVI (HUMAITA),consulta externa,nuevas en personas de 60 anos o mas,2005-03-01,4,1,4,1,5
INQUISIVI,consulta externa,nuevas en personas de 60 anos o mas,2005-03-01,28,15,28,15,43
IRUPANA (VILLA DE LANZA),consulta externa,nuevas en personas de 60 anos o mas,2005-03-01,54,40,54,40,94
IXIAMAS,consulta externa,nuevas en personas de 60 anos o mas,2005-03-01,11,8,11,8,19
JESUS DE MACHACA,consulta externa,nuevas en personas de 60 anos o mas,2005-03-01,58,73,58,73,131
LA ASUNTA,consulta externa,nuevas en personas de 60 anos o mas,2005-03-01,9,6,9,6,15
LA GUARDIA,consulta externa,nuevas en personas de 60 anos o mas,2005-03-01,21,25,21,25,46
LA PAZ,consulta externa,nuevas en personas de 60 anos o mas,2005-03-01,7104,8641,7104,8641,15745
LA RIVERA,consulta externa,nuevas en personas de 60 anos o mas,2005-03-01,0,2,0,2,2
LAGUNILLAS,consulta externa,nuevas en personas de 60 anos o mas,2005-03-01,20,12,20,12,32
LAJA,consulta externa,nuevas en personas de 60 anos o mas,2005-03-01,26,25,26,25,51
LAS CARRERAS,consulta externa,nuevas en personas de 60 anos o mas,2005-03-01,21,46,21,46,67
LICOMA PAMPA,consulta externa,nuevas en personas de 60 anos o mas,2005-03-01,5,2,5,2,7
LLALLAGUA,consulta externa,nuevas en personas de 60 anos o mas,2005-03-01,236,372,236,372,608
LLICA,consulta externa,nuevas en personas de 60 anos o mas,2005-03-01,38,46,38,46,84
LORETO,consulta externa,nuevas en personas de 60 anos o mas,2005-03-01,6,3,6,3,9
LURIBAY,consulta externa,nuevas en personas de 60 anos o mas,2005-03-01,36,31,36,31,67
MACHACAMARCA,consulta externa,nuevas en personas de 60 anos o mas,2005-03-01,55,74,55,74,129
MACHARETI,consulta externa,nuevas en personas de 60 anos o mas,2005-03-01,37,37,37,37,74
MAGDALENA,consulta externa,nuevas en personas de 60 anos o mas,2005-03-01,46,36,46,36,82
MAIRANA,consulta externa,nuevas en personas de 60 anos o mas,2005-03-01,51,91,51,91,142
MALLA,consulta externa,nuevas en personas de 60 anos o mas,2005-03-01,10,8,10,8,18
MAPIRI,consulta externa,nuevas en personas de 60 anos o mas,2005-03-01,63,32,63,32,95
MECAPACA,consulta externa,nuevas en personas de 60 anos o mas,2005-03-01,28,23,28,23,51
MINEROS,consulta externa,nuevas en personas de 60 anos o mas,2005-03-01,23,16,23,16,39
MIZQUE,consulta externa,nuevas en personas de 60 anos o mas,2005-03-01,23,39,23,39,62
MOCOMOCO,consulta externa,nuevas en personas de 60 anos o mas,2005-03-01,37,65,37,65,102
MOJINETE,consulta externa,nuevas en personas de 60 anos o mas,2005-03-01,9,14,9,14,23
MOJOCOYA,consulta externa,nuevas en personas de 60 anos o mas,2005-03-01,22,29,22,29,51
MONTEAGUDO,consulta externa,nuevas en personas de 60 anos o mas,2005-03-01,205,270,205,270,475
MONTERO,consulta externa,nuevas en personas de 60 anos o mas,2005-03-01,455,501,455,501,956
MORO MORO,consulta externa,nuevas en personas de 60 anos o mas,2005-03-01,18,21,18,21,39
MOROCHATA,consulta externa,nuevas en personas de 60 anos o mas,2005-03-01,10,21,10,21,31
NACEBE (SANTA ROSA DEL ABUNA),consulta externa,nuevas en personas de 60 anos o mas,2005-03-01,4,2,4,2,6
NAZACARA DE PACAJES,consulta externa,nuevas en personas de 60 anos o mas,2005-03-01,3,5,3,5,8
NUEVO MANOA (NUEVA ESPERANZA),consulta externa,nuevas en personas de 60 anos o mas,2005-03-01,3,0,3,0,3
OCURI,consulta externa,nuevas en personas de 60 anos o mas,2005-03-01,45,66,45,66,111
OKINAWA,consulta externa,nuevas en personas de 60 anos o mas,2005-03-01,45,51,45,51,96
OMEREQUE,consulta externa,nuevas en personas de 60 anos o mas,2005-03-01,14,24,14,24,38
ORURO,consulta externa,nuevas en personas de 60 anos o mas,2005-03-01,2353,2910,2353,2910,5263
PADCAYA,consulta externa,nuevas en personas de 60 anos o mas,2005-03-01,84,108,84,108,192
PADILLA,consulta externa,nuevas en personas de 60 anos o mas,2005-03-01,122,173,122,173,295
PAILON,consulta externa,nuevas en personas de 60 anos o mas,2005-03-01,16,25,16,25,41
PALCA,consulta externa,nuevas en personas de 60 anos o mas,2005-03-01,30,29,30,29,59
PALOS BLANCOS,consulta externa,nuevas en personas de 60 anos o mas,2005-03-01,47,25,47,25,72
PAMPA AULLAGAS,consulta externa,nuevas en personas de 60 anos o mas,2005-03-01,4,2,4,2,6
PAMPA GRANDE,consulta externa,nuevas en personas de 60 anos o mas,2005-03-01,44,48,44,48,92
PAPEL PAMPA,consulta externa,nuevas en personas de 60 anos o mas,2005-03-01,31,26,31,26,57
PASORAPA,consulta externa,nuevas en personas de 60 anos o mas,2005-03-01,10,20,10,20,30
PATACAMAYA,consulta externa,nuevas en personas de 60 anos o mas,2005-03-01,40,29,40,29,69
PAZÑA,consulta externa,nuevas en personas de 60 anos o mas,2005-03-01,36,39,36,39,75
PELECHUCO,consulta externa,nuevas en personas de 60 anos o mas,2005-03-01,11,17,11,17,28
POCOATA,consulta externa,nuevas en personas de 60 anos o mas,2005-03-01,102,119,102,119,221
POCONA,consulta externa,nuevas en personas de 60 anos o mas,2005-03-01,19,36,19,36,55
POJO (CBBA),consulta externa,nuevas en personas de 60 anos o mas,2005-03-01,5,8,5,8,13
POOPO,consulta externa,nuevas en personas de 60 anos o mas,2005-03-01,43,68,43,68,111
PORCO,consulta externa,nuevas en personas de 60 anos o mas,2005-03-01,14,11,14,11,25
POROMA,consulta externa,nuevas en personas de 60 anos o mas,2005-03-01,47,89,47,89,136
PORONGO,consulta externa,nuevas en personas de 60 anos o mas,2005-03-01,17,8,17,8,25
PORTACHUELO,consulta externa,nuevas en personas de 60 anos o mas,2005-03-01,98,120,98,120,218
PORVENIR,consulta externa,nuevas en personas de 60 anos o mas,2005-03-01,11,7,11,7,18
POSTRER VALLE,consulta externa,nuevas en personas de 60 anos o mas,2005-03-01,10,26,10,26,36
POTOSI,consulta externa,nuevas en personas de 60 anos o mas,2005-03-01,1186,1617,1186,1617,2803
PRESTO,consulta externa,nuevas en personas de 60 anos o mas,2005-03-01,21,39,21,39,60
PUCARA,consulta externa,nuevas en personas de 60 anos o mas,2005-03-01,15,31,15,31,46
PUCARANI,consulta externa,nuevas en personas de 60 anos o mas,2005-03-01,38,28,38,28,66
PUERTO ACOSTA,consulta externa,nuevas en personas de 60 anos o mas,2005-03-01,111,117,111,117,228
PUERTO CARABUCO,consulta externa,nuevas en personas de 60 anos o mas,2005-03-01,55,49,55,49,104
PUERTO GONZALO MORENO,consulta externa,nuevas en personas de 60 anos o mas,2005-03-01,21,9,21,9,30
PUERTO PEREZ,consulta externa,nuevas en personas de 60 anos o mas,2005-03-01,20,21,20,21,41
PUERTO QUIJARRO,consulta externa,nuevas en personas de 60 anos o mas,2005-03-01,72,105,72,105,177
PUERTO RICO,consulta externa,nuevas en personas de 60 anos o mas,2005-03-01,15,15,15,15,30
PUERTO SILES,consulta externa,nuevas en personas de 60 anos o mas,2005-03-01,5,1,5,1,6
PUERTO SUAREZ,consulta externa,nuevas en personas de 60 anos o mas,2005-03-01,123,143,123,143,266
PUERTO VILLARROEL,consulta externa,nuevas en personas de 60 anos o mas,2005-03-01,29,26,29,26,55
PUNA,consulta externa,nuevas en personas de 60 anos o mas,2005-03-01,145,235,145,235,380
PUNATA,consulta externa,nuevas en personas de 60 anos o mas,2005-03-01,117,144,117,144,261
QUIABAYA,consulta externa,nuevas en personas de 60 anos o mas,2005-03-01,6,5,6,5,11
QUILLACOLLO,consulta externa,nuevas en personas de 60 anos o mas,2005-03-01,401,617,401,617,1018
QUIME,consulta externa,nuevas en personas de 60 anos o mas,2005-03-01,17,12,17,12,29
QUIRUSILLAS,consulta externa,nuevas en personas de 60 anos o mas,2005-03-01,9,24,9,24,33
RAVELO,consulta externa,nuevas en personas de 60 anos o mas,2005-03-01,50,93,50,93,143
REYES,consulta externa,nuevas en personas de 60 anos o mas,2005-03-01,68,78,68,78,146
RIBERALTA,consulta externa,nuevas en personas de 60 anos o mas,2005-03-01,299,371,299,371,670
ROBORE,consulta externa,nuevas en personas de 60 anos o mas,2005-03-01,42,29,42,29,71
RURRENABAQUE,consulta externa,nuevas en personas de 60 anos o mas,2005-03-01,139,156,139,156,295
SABAYA,consulta externa,nuevas en personas de 60 anos o mas,2005-03-01,33,28,33,28,61
SACABA,consulta externa,nuevas en personas de 60 anos o mas,2005-03-01,126,152,126,152,278
SACABAMBA,consulta externa,nuevas en personas de 60 anos o mas,2005-03-01,12,10,12,10,22
SACACA,consulta externa,nuevas en personas de 60 anos o mas,2005-03-01,25,65,25,65,90
SAIPINA,consulta externa,nuevas en personas de 60 anos o mas,2005-03-01,18,33,18,33,51
SALINAS DE GARCI MENDOZA,consulta externa,nuevas en personas de 60 anos o mas,2005-03-01,50,55,50,55,105
SAMAIPATA,consulta externa,nuevas en personas de 60 anos o mas,2005-03-01,77,67,77,67,144
SAN AGUSTIN,consulta externa,nuevas en personas de 60 anos o mas,2005-03-01,5,4,5,4,9
SAN ANDRES,consulta externa,nuevas en personas de 60 anos o mas,2005-03-01,13,17,13,17,30
SAN ANDRES DE MACHACA,consulta externa,nuevas en personas de 60 anos o mas,2005-03-01,24,36,24,36,60
SAN ANTONIO DE ESMORUCO,consulta externa,nuevas en personas de 60 anos o mas,2005-03-01,13,12,13,12,25
SAN ANTONIO DE LOMERIO,consulta externa,nuevas en personas de 60 anos o mas,2005-03-01,19,16,19,16,35
SAN BENITO,consulta externa,nuevas en personas de 60 anos o mas,2005-03-01,23,23,23,23,46
SAN BORJA,consulta externa,nuevas en personas de 60 anos o mas,2005-03-01,82,82,82,82,164
SAN BUENA VENTURA,consulta externa,nuevas en personas de 60 anos o mas,2005-03-01,15,13,15,13,28
SAN CARLOS,consulta externa,nuevas en personas de 60 anos o mas,2005-03-01,70,86,70,86,156
SAN IGNACIO,consulta externa,nuevas en personas de 60 anos o mas,2005-03-01,28,45,28,45,73
SAN IGNACIO DE VELASCO,consulta externa,nuevas en personas de 60 anos o mas,2005-03-01,182,287,182,287,469
SAN JAVIER(BNI),consulta externa,nuevas en personas de 60 anos o mas,2005-03-01,3,10,3,10,13
SAN JAVIER(STC),consulta externa,nuevas en personas de 60 anos o mas,2005-03-01,7,1,7,1,8
SAN JOAQUIN,consulta externa,nuevas en personas de 60 anos o mas,2005-03-01,21,44,21,44,65
SAN JOSE DE CHIQUITOS,consulta externa,nuevas en personas de 60 anos o mas,2005-03-01,90,116,90,116,206
SAN JUAN DE YAPACANI,consulta externa,nuevas en personas de 60 anos o mas,2005-03-01,38,37,38,37,75
SAN JULIAN,consulta externa,nuevas en personas de 60 anos o mas,2005-03-01,82,81,82,81,163
SAN LORENZO(PND),consulta externa,nuevas en personas de 60 anos o mas,2005-03-01,2,3,2,3,5
SAN LORENZO(TJA),consulta externa,nuevas en personas de 60 anos o mas,2005-03-01,46,64,46,64,110
SAN LUCAS,consulta externa,nuevas en personas de 60 anos o mas,2005-03-01,147,268,147,268,415
SAN MATIAS,consulta externa,nuevas en personas de 60 anos o mas,2005-03-01,7,10,7,10,17
SAN MIGUEL DE VELASCO,consulta externa,nuevas en personas de 60 anos o mas,2005-03-01,43,84,43,84,127
SAN PABLO DE LIPEZ,consulta externa,nuevas en personas de 60 anos o mas,2005-03-01,22,13,22,13,35
SAN PEDRO,consulta externa,nuevas en personas de 60 anos o mas,2005-03-01,39,26,39,26,65
SAN PEDRO DE BUENA VISTA,consulta externa,nuevas en personas de 60 anos o mas,2005-03-01,53,78,53,78,131
SAN PEDRO DE CURAHUARA,consulta externa,nuevas en personas de 60 anos o mas,2005-03-01,12,21,12,21,33
SAN PEDRO DE QUEMES,consulta externa,nuevas en personas de 60 anos o mas,2005-03-01,0,6,0,6,6
SAN PEDRO DE TIQUINA,consulta externa,nuevas en personas de 60 anos o mas,2005-03-01,23,34,23,34,57
SAN PEDRO(PND),consulta externa,nuevas en personas de 60 anos o mas,2005-03-01,1,1,1,1,2
SAN RAFAEL,consulta externa,nuevas en personas de 60 anos o mas,2005-03-01,8,9,8,9,17
SAN RAMON,consulta externa,nuevas en personas de 60 anos o mas,2005-03-01,39,27,39,27,66
SAN RAMON,consulta externa,nuevas en personas de 60 anos o mas,2005-03-01,11,13,11,13,24
SANTA ANA,consulta externa,nuevas en personas de 60 anos o mas,2005-03-01,112,133,112,133,245
SANTA CRUZ DE LA SIERRA,consulta externa,nuevas en personas de 60 anos o mas,2005-03-01,5084,7121,5084,7121,12205
SANTA ROSA,consulta externa,nuevas en personas de 60 anos o mas,2005-03-01,5,9,5,9,14
SANTA ROSA DEL SARA,consulta externa,nuevas en personas de 60 anos o mas,2005-03-01,47,37,47,37,84
SANTIAGO DE CALLAPA,consulta externa,nuevas en personas de 60 anos o mas,2005-03-01,20,21,20,21,41
SANTIAGO DE HUARI,consulta externa,nuevas en personas de 60 anos o mas,2005-03-01,65,60,65,60,125
SANTIAGO DE MACHACA,consulta externa,nuevas en personas de 60 anos o mas,2005-03-01,11,23,11,23,34
SANTIVAÑES,consulta externa,nuevas en personas de 60 anos o mas,2005-03-01,30,45,30,45,75
SANTUARIO DE QUILLACAS,consulta externa,nuevas en personas de 60 anos o mas,2005-03-01,5,9,5,9,14
SAPAHAQUI,consulta externa,nuevas en personas de 60 anos o mas,2005-03-01,25,35,25,35,60
SENA,consulta externa,nuevas en personas de 60 anos o mas,2005-03-01,5,4,5,4,9
SICA SICA (VILLA AROMA),consulta externa,nuevas en personas de 60 anos o mas,2005-03-01,41,39,41,39,80
SICAYA,consulta externa,nuevas en personas de 60 anos o mas,2005-03-01,2,9,2,9,11
SIPE SIPE,consulta externa,nuevas en personas de 60 anos o mas,2005-03-01,26,37,26,37,63
SOPACHUY,consulta externa,nuevas en personas de 60 anos o mas,2005-03-01,29,41,29,41,70
SORACACHI,consulta externa,nuevas en personas de 60 anos o mas,2005-03-01,12,15,12,15,27
SORATA,consulta externa,nuevas en personas de 60 anos o mas,2005-03-01,47,65,47,65,112
SUCRE,consulta externa,nuevas en personas de 60 anos o mas,2005-03-01,2198,3262,2198,3262,5460
TACACHI,consulta externa,nuevas en personas de 60 anos o mas,2005-03-01,3,9,3,9,12
TACACOMA,consulta externa,nuevas en personas de 60 anos o mas,2005-03-01,2,1,2,1,3
TACOBAMBA,consulta externa,nuevas en personas de 60 anos o mas,2005-03-01,13,64,13,64,77
TACOPAYA,consulta externa,nuevas en personas de 60 anos o mas,2005-03-01,21,18,21,18,39
TAHUA,consulta externa,nuevas en personas de 60 anos o mas,2005-03-01,6,7,6,7,13
TAPACARI,consulta externa,nuevas en personas de 60 anos o mas,2005-03-01,47,73,47,73,120
TARABUCO,consulta externa,nuevas en personas de 60 anos o mas,2005-03-01,59,77,59,77,136
TARACO,consulta externa,nuevas en personas de 60 anos o mas,2005-03-01,13,13,13,13,26
TARATA,consulta externa,nuevas en personas de 60 anos o mas,2005-03-01,11,14,11,14,25
TARIJA,consulta externa,nuevas en personas de 60 anos o mas,2005-03-01,1407,1818,1407,1818,3225
TARVITA,consulta externa,nuevas en personas de 60 anos o mas,2005-03-01,75,146,75,146,221
TEOPONTE,consulta externa,nuevas en personas de 60 anos o mas,2005-03-01,16,12,16,12,28
TIAWANACU,consulta externa,nuevas en personas de 60 anos o mas,2005-03-01,18,26,18,26,44
TINGUIPAYA,consulta externa,nuevas en personas de 60 anos o mas,2005-03-01,44,67,44,67,111
TIPUANI,consulta externa,nuevas en personas de 60 anos o mas,2005-03-01,4,7,4,7,11
TIQUIPAYA,consulta externa,nuevas en personas de 60 anos o mas,2005-03-01,13,13,13,13,26
TIRAQUE (CBBA),consulta externa,nuevas en personas de 60 anos o mas,2005-03-01,45,42,45,42,87
TITO YUPANQUI (PARQUIPUJIO),consulta externa,nuevas en personas de 60 anos o mas,2005-03-01,1,15,1,15,16
TOCO,consulta externa,nuevas en personas de 60 anos o mas,2005-03-01,3,8,3,8,11
TOLATA,consulta externa,nuevas en personas de 60 anos o mas,2005-03-01,0,10,0,10,10
TOLEDO,consulta externa,nuevas en personas de 60 anos o mas,2005-03-01,31,19,31,19,50
TOMAVE,consulta externa,nuevas en personas de 60 anos o mas,2005-03-01,45,54,45,54,99
TOMINA,consulta externa,nuevas en personas de 60 anos o mas,2005-03-01,22,35,22,35,57
TORO TORO,consulta externa,nuevas en personas de 60 anos o mas,2005-03-01,59,95,59,95,154
TOTORA(CBBA),consulta externa,nuevas en personas de 60 anos o mas,2005-03-01,7,27,7,27,34
TOTORA(ORR),consulta externa,nuevas en personas de 60 anos o mas,2005-03-01,16,18,16,18,34
TRIGAL,consulta externa,nuevas en personas de 60 anos o mas,2005-03-01,39,51,39,51,90
TRINIDAD,consulta externa,nuevas en personas de 60 anos o mas,2005-03-01,324,292,324,292,616
TUPIZA,consulta externa,nuevas en personas de 60 anos o mas,2005-03-01,406,543,406,543,949
TURCO,consulta externa,nuevas en personas de 60 anos o mas,2005-03-01,40,38,40,38,78
UMALA,consulta externa,nuevas en personas de 60 anos o mas,2005-03-01,8,9,8,9,17
UNCIA,consulta externa,nuevas en personas de 60 anos o mas,2005-03-01,105,156,105,156,261
URIONDO (A. CONCEPCION),consulta externa,nuevas en personas de 60 anos o mas,2005-03-01,24,34,24,34,58
URUBICHA,consulta externa,nuevas en personas de 60 anos o mas,2005-03-01,3,2,3,2,5
UYUNI,consulta externa,nuevas en personas de 60 anos o mas,2005-03-01,149,158,149,158,307
VACAS,consulta externa,nuevas en personas de 60 anos o mas,2005-03-01,20,66,20,66,86
VALLEGRANDE,consulta externa,nuevas en personas de 60 anos o mas,2005-03-01,230,283,230,283,513
VIACHA,consulta externa,nuevas en personas de 60 anos o mas,2005-03-01,260,113,260,113,373
VILA VILA,consulta externa,nuevas en personas de 60 anos o mas,2005-03-01,11,4,11,4,15
VILLA MONTES,consulta externa,nuevas en personas de 60 anos o mas,2005-03-01,145,137,145,137,282
VILLA NUEVA (LOMA ALTA),consulta externa,nuevas en personas de 60 anos o mas,2005-03-01,6,4,6,4,10
VILLA RIVERO,consulta externa,nuevas en personas de 60 anos o mas,2005-03-01,17,26,17,26,43
VILLA SERRANO,consulta externa,nuevas en personas de 60 anos o mas,2005-03-01,54,67,54,67,121
VILLA TUNARI,consulta externa,nuevas en personas de 60 anos o mas,2005-03-01,91,69,91,69,160
VILLA VACA GUZMAN (MUYUPAMPA),consulta externa,nuevas en personas de 60 anos o mas,2005-03-01,46,72,46,72,118
VILLAZON,consulta externa,nuevas en personas de 60 anos o mas,2005-03-01,247,353,247,353,600
VINTO,consulta externa,nuevas en personas de 60 anos o mas,2005-03-01,11,26,11,26,37
VITICHI,consulta externa,nuevas en personas de 60 anos o mas,2005-03-01,49,78,49,78,127
WALDO BALLIVIAN,consulta externa,nuevas en personas de 60 anos o mas,2005-03-01,3,5,3,5,8
WARNES,consulta externa,nuevas en personas de 60 anos o mas,2005-03-01,37,65,37,65,102
YACO,consulta externa,nuevas en personas de 60 anos o mas,2005-03-01,27,18,27,18,45
YACUIBA,consulta externa,nuevas en personas de 60 anos o mas,2005-03-01,407,670,407,670,1077
YAMPARAEZ,consulta externa,nuevas en personas de 60 anos o mas,2005-03-01,29,44,29,44,73
YANACACHI,consulta externa,nuevas en personas de 60 anos o mas,2005-03-01,17,14,17,14,31
YAPACANI,consulta externa,nuevas en personas de 60 anos o mas,2005-03-01,128,92,128,92,220
YOCALLA,consulta externa,nuevas en personas de 60 anos o mas,2005-03-01,34,57,34,57,91
YOTALA,consulta externa,nuevas en personas de 60 anos o mas,2005-03-01,25,66,25,66,91
YUNCHARA,consulta externa,nuevas en personas de 60 anos o mas,2005-03-01,4,14,4,14,18
ZUDAÑEZ,consulta externa,nuevas en personas de 60 anos o mas,2005-03-01,28,31,28,31,59
ACACIO,consulta externa,nuevas en personas de 60 anos o mas,2005-04-01,25,41,25,41,66
ACHACACHI,consulta externa,nuevas en personas de 60 anos o mas,2005-04-01,122,138,122,138,260
ACHOCALLA,consulta externa,nuevas en personas de 60 anos o mas,2005-04-01,12,11,12,11,23
AIQUILE,consulta externa,nuevas en personas de 60 anos o mas,2005-04-01,69,86,69,86,155
ALALAY,consulta externa,nuevas en personas de 60 anos o mas,2005-04-01,1,2,1,2,3
ALCALA,consulta externa,nuevas en personas de 60 anos o mas,2005-04-01,22,20,22,20,42
ANCORAIMES,consulta externa,nuevas en personas de 60 anos o mas,2005-04-01,49,64,49,64,113
ANDAMARCA,consulta externa,nuevas en personas de 60 anos o mas,2005-04-01,22,32,22,32,54
ANTEQUERA,consulta externa,nuevas en personas de 60 anos o mas,2005-04-01,1,0,1,0,1
ANZALDO,consulta externa,nuevas en personas de 60 anos o mas,2005-04-01,11,24,11,24,35
APOLO,consulta externa,nuevas en personas de 60 anos o mas,2005-04-01,31,28,31,28,59
ARAMPAMPA,consulta externa,nuevas en personas de 60 anos o mas,2005-04-01,18,37,18,37,55
ARANI,consulta externa,nuevas en personas de 60 anos o mas,2005-04-01,12,21,12,21,33
ARBIETO,consulta externa,nuevas en personas de 60 anos o mas,2005-04-01,15,42,15,42,57
ARQUE,consulta externa,nuevas en personas de 60 anos o mas,2005-04-01,12,38,12,38,50
ASCENCION DE GUARAYOS,consulta externa,nuevas en personas de 60 anos o mas,2005-04-01,16,21,16,21,37
ATOCHA,consulta externa,nuevas en personas de 60 anos o mas,2005-04-01,80,115,80,115,195
AUCAPATA,consulta externa,nuevas en personas de 60 anos o mas,2005-04-01,15,12,15,12,27
AYATA,consulta externa,nuevas en personas de 60 anos o mas,2005-04-01,9,15,9,15,24
AYO AYO,consulta externa,nuevas en personas de 60 anos o mas,2005-04-01,7,2,7,2,9
AYOPAYA (V. DE INDEPENDENCIA),consulta externa,nuevas en personas de 60 anos o mas,2005-04-01,63,88,63,88,151
AZURDUY,consulta externa,nuevas en personas de 60 anos o mas,2005-04-01,43,76,43,76,119
BATALLAS,consulta externa,nuevas en personas de 60 anos o mas,2005-04-01,42,30,42,30,72
BAURES,consulta externa,nuevas en personas de 60 anos o mas,2005-04-01,25,32,25,32,57
BELEN DE ANDAMARCA,consulta externa,nuevas en personas de 60 anos o mas,2005-04-01,3,7,3,7,10
BELEN DE URMIRI,consulta externa,nuevas en personas de 60 anos o mas,2005-04-01,12,27,12,27,39
BELLA FLOR,consulta externa,nuevas en personas de 60 anos o mas,2005-04-01,8,3,8,3,11
BERMEJO,consulta externa,nuevas en personas de 60 anos o mas,2005-04-01,355,466,355,466,821
BETANZOS,consulta externa,nuevas en personas de 60 anos o mas,2005-04-01,157,221,157,221,378
BOLIVAR,consulta externa,nuevas en personas de 60 anos o mas,2005-04-01,8,26,8,26,34
BOLPEBRA,consulta externa,nuevas en personas de 60 anos o mas,2005-04-01,6,6,6,6,12
BOYUIBE,consulta externa,nuevas en personas de 60 anos o mas,2005-04-01,14,10,14,10,24
BUENA VISTA,consulta externa,nuevas en personas de 60 anos o mas,2005-04-01,106,82,106,82,188
CABEZAS,consulta externa,nuevas en personas de 60 anos o mas,2005-04-01,37,39,37,39,76
CAIROMA,consulta externa,nuevas en personas de 60 anos o mas,2005-04-01,22,23,22,23,45
"CAIZA ""D""",consulta externa,nuevas en personas de 60 anos o mas,2005-04-01,40,89,40,89,129
CAJUATA,consulta externa,nuevas en personas de 60 anos o mas,2005-04-01,44,30,44,30,74
CALACOTO,consulta externa,nuevas en personas de 60 anos o mas,2005-04-01,34,36,34,36,70
CALAMARCA,consulta externa,nuevas en personas de 60 anos o mas,2005-04-01,15,9,15,9,24
CAMARGO,consulta externa,nuevas en personas de 60 anos o mas,2005-04-01,175,239,175,239,414
CAMATAQUI (C. VILLA ABECIA),consulta externa,nuevas en personas de 60 anos o mas,2005-04-01,11,41,11,41,52
CAMIRI,consulta externa,nuevas en personas de 60 anos o mas,2005-04-01,654,782,654,782,1436
CAPINOTA,consulta externa,nuevas en personas de 60 anos o mas,2005-04-01,28,50,28,50,78
CAQUIAVIRI,consulta externa,nuevas en personas de 60 anos o mas,2005-04-01,30,46,30,46,76
CARACOLLO,consulta externa,nuevas en personas de 60 anos o mas,2005-04-01,58,52,58,52,110
CARANAVI,consulta externa,nuevas en personas de 60 anos o mas,2005-04-01,112,73,112,73,185
CARANGAS,consulta externa,nuevas en personas de 60 anos o mas,2005-04-01,2,1,2,1,3
CARAPARI,consulta externa,nuevas en personas de 60 anos o mas,2005-04-01,23,42,23,42,65
CARIPUYO,consulta externa,nuevas en personas de 60 anos o mas,2005-04-01,8,18,8,18,26
CARMEN RIVERO TORREZ,consulta externa,nuevas en personas de 60 anos o mas,2005-04-01,3,2,3,2,5
CATACORA,consulta externa,nuevas en personas de 60 anos o mas,2005-04-01,1,4,1,4,5
CHACARILLA,consulta externa,nuevas en personas de 60 anos o mas,2005-04-01,0,1,0,1,1
CHALLAPATA,consulta externa,nuevas en personas de 60 anos o mas,2005-04-01,102,95,102,95,197
CHAQUI,consulta externa,nuevas en personas de 60 anos o mas,2005-04-01,33,61,33,61,94
CHARAGUA,consulta externa,nuevas en personas de 60 anos o mas,2005-04-01,48,35,48,35,83
CHARAÑA,consulta externa,nuevas en personas de 60 anos o mas,2005-04-01,7,7,7,7,14
CHAYANTA,consulta externa,nuevas en personas de 60 anos o mas,2005-04-01,39,99,39,99,138
CHIMORE,consulta externa,nuevas en personas de 60 anos o mas,2005-04-01,25,12,25,12,37
CHIPAYA,consulta externa,nuevas en personas de 60 anos o mas,2005-04-01,5,5,5,5,10
CHOQUE COTA,consulta externa,nuevas en personas de 60 anos o mas,2005-04-01,2,7,2,7,9
CHULUMANI (V. DE LA LIBERTAD),consulta externa,nuevas en personas de 60 anos o mas,2005-04-01,75,62,75,62,137
CHUMA,consulta externa,nuevas en personas de 60 anos o mas,2005-04-01,41,54,41,54,95
CLIZA,consulta externa,nuevas en personas de 60 anos o mas,2005-04-01,15,31,15,31,46
COBIJA,consulta externa,nuevas en personas de 60 anos o mas,2005-04-01,114,198,114,198,312
COCHABAMBA,consulta externa,nuevas en personas de 60 anos o mas,2005-04-01,4436,5296,4436,5296,9732
COIPASA,consulta externa,nuevas en personas de 60 anos o mas,2005-04-01,2,0,2,0,2
COLCAPIRHUA,consulta externa,nuevas en personas de 60 anos o mas,2005-04-01,97,154,97,154,251
"COLCHA ""K""",consulta externa,nuevas en personas de 60 anos o mas,2005-04-01,101,94,101,94,195
COLLANA,consulta externa,nuevas en personas de 60 anos o mas,2005-04-01,12,15,12,15,27
COLOMI,consulta externa,nuevas en personas de 60 anos o mas,2005-04-01,11,7,11,7,18
COLPA BELGICA,consulta externa,nuevas en personas de 60 anos o mas,2005-04-01,55,32,55,32,87
COLQUECHACA,consulta externa,nuevas en personas de 60 anos o mas,2005-04-01,82,120,82,120,202
COLQUENCHA,consulta externa,nuevas en personas de 60 anos o mas,2005-04-01,26,14,26,14,40
COLQUIRI,consulta externa,nuevas en personas de 60 anos o mas,2005-04-01,41,52,41,52,93
COMANCHE,consulta externa,nuevas en personas de 60 anos o mas,2005-04-01,12,10,12,10,22
COMARAPA,consulta externa,nuevas en personas de 60 anos o mas,2005-04-01,89,111,89,111,200
COMBAYA,consulta externa,nuevas en personas de 60 anos o mas,2005-04-01,5,17,5,17,22
CONCEPCION,consulta externa,nuevas en personas de 60 anos o mas,2005-04-01,38,33,38,33,71
COPACABANA,consulta externa,nuevas en personas de 60 anos o mas,2005-04-01,13,26,13,26,39
CORIPATA,consulta externa,nuevas en personas de 60 anos o mas,2005-04-01,22,15,22,15,37
CORO CORO,consulta externa,nuevas en personas de 60 anos o mas,2005-04-01,21,34,21,34,55
COROICO,consulta externa,nuevas en personas de 60 anos o mas,2005-04-01,36,42,36,42,78
CORQUE,consulta externa,nuevas en personas de 60 anos o mas,2005-04-01,38,52,38,52,90
COTAGAITA,consulta externa,nuevas en personas de 60 anos o mas,2005-04-01,248,479,248,479,727
COTOCA,consulta externa,nuevas en personas de 60 anos o mas,2005-04-01,102,100,102,100,202
CUATRO CAÑADAS,consulta externa,nuevas en personas de 60 anos o mas,2005-04-01,9,20,9,20,29
CUCHUMUELA (V. G. VILLARROEL),consulta externa,nuevas en personas de 60 anos o mas,2005-04-01,5,5,5,5,10
CUEVO,consulta externa,nuevas en personas de 60 anos o mas,2005-04-01,18,22,18,22,40
CULPINA,consulta externa,nuevas en personas de 60 anos o mas,2005-04-01,34,65,34,65,99
CURAHUARA DE CARANGAS,consulta externa,nuevas en personas de 60 anos o mas,2005-04-01,98,120,98,120,218
CURVA,consulta externa,nuevas en personas de 60 anos o mas,2005-04-01,10,16,10,16,26
DESAGUADERO,consulta externa,nuevas en personas de 60 anos o mas,2005-04-01,24,7,24,7,31
EL ALTO,consulta externa,nuevas en personas de 60 anos o mas,2005-04-01,1324,1412,1324,1412,2736
EL CHORO,consulta externa,nuevas en personas de 60 anos o mas,2005-04-01,18,16,18,16,34
EL PUENTE(STC),consulta externa,nuevas en personas de 60 anos o mas,2005-04-01,12,10,12,10,22
EL PUENTE(TJA),consulta externa,nuevas en personas de 60 anos o mas,2005-04-01,32,58,32,58,90
EL TORNO,consulta externa,nuevas en personas de 60 anos o mas,2005-04-01,125,138,125,138,263
EL VILLAR,consulta externa,nuevas en personas de 60 anos o mas,2005-04-01,19,37,19,37,56
ENTRE RIOS,consulta externa,nuevas en personas de 60 anos o mas,2005-04-01,44,59,44,59,103
ENTRE RIOS,consulta externa,nuevas en personas de 60 anos o mas,2005-04-01,8,10,8,10,18
EUCALIPTUS,consulta externa,nuevas en personas de 60 anos o mas,2005-04-01,14,19,14,19,33
EXALTACION,consulta externa,nuevas en personas de 60 anos o mas,2005-04-01,9,21,9,21,30
FERNANDEZ ALONSO,consulta externa,nuevas en personas de 60 anos o mas,2005-04-01,16,19,16,19,35
FILADELFIA,consulta externa,nuevas en personas de 60 anos o mas,2005-04-01,4,4,4,4,8
GENERAL SAAVEDRA,consulta externa,nuevas en personas de 60 anos o mas,2005-04-01,29,23,29,23,52
GRAL. J.J. PEREZ (CHARAZANI),consulta externa,nuevas en personas de 60 anos o mas,2005-04-01,9,24,9,24,33
GUANAY,consulta externa,nuevas en personas de 60 anos o mas,2005-04-01,58,57,58,57,115
GUAQUI,consulta externa,nuevas en personas de 60 anos o mas,2005-04-01,28,11,28,11,39
GUAYARAMERIN,consulta externa,nuevas en personas de 60 anos o mas,2005-04-01,386,459,386,459,845
GUTIERREZ,consulta externa,nuevas en personas de 60 anos o mas,2005-04-01,29,46,29,46,75
HUACARETA,consulta externa,nuevas en personas de 60 anos o mas,2005-04-01,40,68,40,68,108
HUACAYA (VILLA DE HUACAYA),consulta externa,nuevas en personas de 60 anos o mas,2005-04-01,7,15,7,15,22
HUACHACALLA,consulta externa,nuevas en personas de 60 anos o mas,2005-04-01,2,1,2,1,3
HUANUNI,consulta externa,nuevas en personas de 60 anos o mas,2005-04-01,21,21,21,21,42
HUARACAJE,consulta externa,nuevas en personas de 60 anos o mas,2005-04-01,6,7,6,7,13
HUAYLLAMARCA,consulta externa,nuevas en personas de 60 anos o mas,2005-04-01,8,19,8,19,27
ICHOCA,consulta externa,nuevas en personas de 60 anos o mas,2005-04-01,12,15,12,15,27
ICLA,consulta externa,nuevas en personas de 60 anos o mas,2005-04-01,26,58,26,58,84
INCAHUASI,consulta externa,nuevas en personas de 60 anos o mas,2005-04-01,37,65,37,65,102
INQUISIVI,consulta externa,nuevas en personas de 60 anos o mas,2005-04-01,28,32,28,32,60
IRUPANA (VILLA DE LANZA),consulta externa,nuevas en personas de 60 anos o mas,2005-04-01,41,31,41,31,72
IXIAMAS,consulta externa,nuevas en personas de 60 anos o mas,2005-04-01,17,8,17,8,25
JESUS DE MACHACA,consulta externa,nuevas en personas de 60 anos o mas,2005-04-01,59,46,59,46,105
LA ASUNTA,consulta externa,nuevas en personas de 60 anos o mas,2005-04-01,13,9,13,9,22
LA GUARDIA,consulta externa,nuevas en personas de 60 anos o mas,2005-04-01,13,19,13,19,32
LA PAZ,consulta externa,nuevas en personas de 60 anos o mas,2005-04-01,6892,8238,6892,8238,15130
LA RIVERA,consulta externa,nuevas en personas de 60 anos o mas,2005-04-01,1,0,1,0,1
LAGUNILLAS,consulta externa,nuevas en personas de 60 anos o mas,2005-04-01,15,22,15,22,37
LAJA,consulta externa,nuevas en personas de 60 anos o mas,2005-04-01,17,15,17,15,32
LAS CARRERAS,consulta externa,nuevas en personas de 60 anos o mas,2005-04-01,23,40,23,40,63
LICOMA PAMPA,consulta externa,nuevas en personas de 60 anos o mas,2005-04-01,5,7,5,7,12
LLALLAGUA,consulta externa,nuevas en personas de 60 anos o mas,2005-04-01,223,299,223,299,522
LLICA,consulta externa,nuevas en personas de 60 anos o mas,2005-04-01,60,43,60,43,103
LORETO,consulta externa,nuevas en personas de 60 anos o mas,2005-04-01,8,12,8,12,20
LURIBAY,consulta externa,nuevas en personas de 60 anos o mas,2005-04-01,27,37,27,37,64
MACHACAMARCA,consulta externa,nuevas en personas de 60 anos o mas,2005-04-01,63,73,63,73,136
MACHARETI,consulta externa,nuevas en personas de 60 anos o mas,2005-04-01,61,37,61,37,98
MAGDALENA,consulta externa,nuevas en personas de 60 anos o mas,2005-04-01,46,40,46,40,86
MAIRANA,consulta externa,nuevas en personas de 60 anos o mas,2005-04-01,48,64,48,64,112
MALLA,consulta externa,nuevas en personas de 60 anos o mas,2005-04-01,10,8,10,8,18
MAPIRI,consulta externa,nuevas en personas de 60 anos o mas,2005-04-01,48,49,48,49,97
MECAPACA,consulta externa,nuevas en personas de 60 anos o mas,2005-04-01,28,23,28,23,51
MINEROS,consulta externa,nuevas en personas de 60 anos o mas,2005-04-01,11,15,11,15,26
MIZQUE,consulta externa,nuevas en personas de 60 anos o mas,2005-04-01,39,49,39,49,88
MOCOMOCO,consulta externa,nuevas en personas de 60 anos o mas,2005-04-01,42,56,42,56,98
MOJINETE,consulta externa,nuevas en personas de 60 anos o mas,2005-04-01,15,15,15,15,30
MOJOCOYA,consulta externa,nuevas en personas de 60 anos o mas,2005-04-01,18,22,18,22,40
MONTEAGUDO,consulta externa,nuevas en personas de 60 anos o mas,2005-04-01,174,237,174,237,411
MONTERO,consulta externa,nuevas en personas de 60 anos o mas,2005-04-01,311,407,311,407,718
MORO MORO,consulta externa,nuevas en personas de 60 anos o mas,2005-04-01,34,34,34,34,68
MOROCHATA,consulta externa,nuevas en personas de 60 anos o mas,2005-04-01,25,21,25,21,46
NACEBE (SANTA ROSA DEL ABUNA),consulta externa,nuevas en personas de 60 anos o mas,2005-04-01,8,3,8,3,11
NAZACARA DE PACAJES,consulta externa,nuevas en personas de 60 anos o mas,2005-04-01,1,2,1,2,3
NUEVO MANOA (NUEVA ESPERANZA),consulta externa,nuevas en personas de 60 anos o mas,2005-04-01,2,1,2,1,3
OCURI,consulta externa,nuevas en personas de 60 anos o mas,2005-04-01,40,72,40,72,112
OKINAWA,consulta externa,nuevas en personas de 60 anos o mas,2005-04-01,51,52,51,52,103
OMEREQUE,consulta externa,nuevas en personas de 60 anos o mas,2005-04-01,12,21,12,21,33
ORURO,consulta externa,nuevas en personas de 60 anos o mas,2005-04-01,2141,2539,2141,2539,4680
PADCAYA,consulta externa,nuevas en personas de 60 anos o mas,2005-04-01,67,80,67,80,147
PADILLA,consulta externa,nuevas en personas de 60 anos o mas,2005-04-01,137,195,137,195,332
PAILON,consulta externa,nuevas en personas de 60 anos o mas,2005-04-01,6,19,6,19,25
PALCA,consulta externa,nuevas en personas de 60 anos o mas,2005-04-01,26,27,26,27,53
PALOS BLANCOS,consulta externa,nuevas en personas de 60 anos o mas,2005-04-01,35,22,35,22,57
PAMPA AULLAGAS,consulta externa,nuevas en personas de 60 anos o mas,2005-04-01,16,9,16,9,25
PAMPA GRANDE,consulta externa,nuevas en personas de 60 anos o mas,2005-04-01,35,43,35,43,78
PAPEL PAMPA,consulta externa,nuevas en personas de 60 anos o mas,2005-04-01,23,19,23,19,42
PASORAPA,consulta externa,nuevas en personas de 60 anos o mas,2005-04-01,8,11,8,11,19
PATACAMAYA,consulta externa,nuevas en personas de 60 anos o mas,2005-04-01,31,28,31,28,59
PAZÑA,consulta externa,nuevas en personas de 60 anos o mas,2005-04-01,42,52,42,52,94
PELECHUCO,consulta externa,nuevas en personas de 60 anos o mas,2005-04-01,13,16,13,16,29
POCOATA,consulta externa,nuevas en personas de 60 anos o mas,2005-04-01,100,111,100,111,211
POCONA,consulta externa,nuevas en personas de 60 anos o mas,2005-04-01,18,26,18,26,44
POJO (CBBA),consulta externa,nuevas en personas de 60 anos o mas,2005-04-01,5,8,5,8,13
POOPO,consulta externa,nuevas en personas de 60 anos o mas,2005-04-01,56,67,56,67,123
PORCO,consulta externa,nuevas en personas de 60 anos o mas,2005-04-01,7,17,7,17,24
POROMA,consulta externa,nuevas en personas de 60 anos o mas,2005-04-01,35,53,35,53,88
PORONGO,consulta externa,nuevas en personas de 60 anos o mas,2005-04-01,15,18,15,18,33
PORTACHUELO,consulta externa,nuevas en personas de 60 anos o mas,2005-04-01,114,123,114,123,237
PORVENIR,consulta externa,nuevas en personas de 60 anos o mas,2005-04-01,12,7,12,7,19
POSTRER VALLE,consulta externa,nuevas en personas de 60 anos o mas,2005-04-01,24,23,24,23,47
POTOSI,consulta externa,nuevas en personas de 60 anos o mas,2005-04-01,1248,1589,1248,1589,2837
PRESTO,consulta externa,nuevas en personas de 60 anos o mas,2005-04-01,27,27,27,27,54
PUCARA,consulta externa,nuevas en personas de 60 anos o mas,2005-04-01,24,39,24,39,63
PUCARANI,consulta externa,nuevas en personas de 60 anos o mas,2005-04-01,35,31,35,31,66
PUERTO ACOSTA,consulta externa,nuevas en personas de 60 anos o mas,2005-04-01,133,116,133,116,249
PUERTO CARABUCO,consulta externa,nuevas en personas de 60 anos o mas,2005-04-01,57,54,57,54,111
PUERTO GONZALO MORENO,consulta externa,nuevas en personas de 60 anos o mas,2005-04-01,16,8,16,8,24
PUERTO PEREZ,consulta externa,nuevas en personas de 60 anos o mas,2005-04-01,38,47,38,47,85
PUERTO QUIJARRO,consulta externa,nuevas en personas de 60 anos o mas,2005-04-01,67,69,67,69,136
PUERTO RICO,consulta externa,nuevas en personas de 60 anos o mas,2005-04-01,12,10,12,10,22
PUERTO SILES,consulta externa,nuevas en personas de 60 anos o mas,2005-04-01,1,1,1,1,2
PUERTO SUAREZ,consulta externa,nuevas en personas de 60 anos o mas,2005-04-01,86,119,86,119,205
PUERTO VILLARROEL,consulta externa,nuevas en personas de 60 anos o mas,2005-04-01,29,30,29,30,59
PUNA,consulta externa,nuevas en personas de 60 anos o mas,2005-04-01,109,216,109,216,325
PUNATA,consulta externa,nuevas en personas de 60 anos o mas,2005-04-01,115,160,115,160,275
QUIABAYA,consulta externa,nuevas en personas de 60 anos o mas,2005-04-01,9,15,9,15,24
QUILLACOLLO,consulta externa,nuevas en personas de 60 anos o mas,2005-04-01,45,57,45,57,102
QUIME,consulta externa,nuevas en personas de 60 anos o mas,2005-04-01,21,19,21,19,40
QUIRUSILLAS,consulta externa,nuevas en personas de 60 anos o mas,2005-04-01,3,9,3,9,12
RAVELO,consulta externa,nuevas en personas de 60 anos o mas,2005-04-01,53,78,53,78,131
REYES,consulta externa,nuevas en personas de 60 anos o mas,2005-04-01,30,40,30,40,70
RIBERALTA,consulta externa,nuevas en personas de 60 anos o mas,2005-04-01,102,132,102,132,234
ROBORE,consulta externa,nuevas en personas de 60 anos o mas,2005-04-01,33,83,33,83,116
RURRENABAQUE,consulta externa,nuevas en personas de 60 anos o mas,2005-04-01,11,9,11,9,20
SABAYA,consulta externa,nuevas en personas de 60 anos o mas,2005-04-01,16,26,16,26,42
SACABA,consulta externa,nuevas en personas de 60 anos o mas,2005-04-01,129,151,129,151,280
SACABAMBA,consulta externa,nuevas en personas de 60 anos o mas,2005-04-01,16,19,16,19,35
SACACA,consulta externa,nuevas en personas de 60 anos o mas,2005-04-01,32,75,32,75,107
SAIPINA,consulta externa,nuevas en personas de 60 anos o mas,2005-04-01,4,23,4,23,27
SALINAS DE GARCI MENDOZA,consulta externa,nuevas en personas de 60 anos o mas,2005-04-01,28,25,28,25,53
SAMAIPATA,consulta externa,nuevas en personas de 60 anos o mas,2005-04-01,68,124,68,124,192
SAN AGUSTIN,consulta externa,nuevas en personas de 60 anos o mas,2005-04-01,6,4,6,4,10
SAN ANDRES,consulta externa,nuevas en personas de 60 anos o mas,2005-04-01,4,10,4,10,14
SAN ANDRES DE MACHACA,consulta externa,nuevas en personas de 60 anos o mas,2005-04-01,35,47,35,47,82
SAN ANTONIO DE ESMORUCO,consulta externa,nuevas en personas de 60 anos o mas,2005-04-01,14,13,14,13,27
SAN ANTONIO DE LOMERIO,consulta externa,nuevas en personas de 60 anos o mas,2005-04-01,10,18,10,18,28
SAN BENITO,consulta externa,nuevas en personas de 60 anos o mas,2005-04-01,17,31,17,31,48
SAN BORJA,consulta externa,nuevas en personas de 60 anos o mas,2005-04-01,91,93,91,93,184
SAN BUENA VENTURA,consulta externa,nuevas en personas de 60 anos o mas,2005-04-01,17,18,17,18,35
SAN CARLOS,consulta externa,nuevas en personas de 60 anos o mas,2005-04-01,75,77,75,77,152
SAN IGNACIO,consulta externa,nuevas en personas de 60 anos o mas,2005-04-01,49,64,49,64,113
SAN IGNACIO DE VELASCO,consulta externa,nuevas en personas de 60 anos o mas,2005-04-01,227,251,227,251,478
SAN JAVIER(BNI),consulta externa,nuevas en personas de 60 anos o mas,2005-04-01,4,2,4,2,6
SAN JAVIER(STC),consulta externa,nuevas en personas de 60 anos o mas,2005-04-01,10,11,10,11,21
SAN JOAQUIN,consulta externa,nuevas en personas de 60 anos o mas,2005-04-01,29,72,29,72,101
SAN JOSE DE CHIQUITOS,consulta externa,nuevas en personas de 60 anos o mas,2005-04-01,69,110,69,110,179
SAN JUAN DE YAPACANI,consulta externa,nuevas en personas de 60 anos o mas,2005-04-01,39,37,39,37,76
SAN JULIAN,consulta externa,nuevas en personas de 60 anos o mas,2005-04-01,65,60,65,60,125
SAN LORENZO(PND),consulta externa,nuevas en personas de 60 anos o mas,2005-04-01,2,3,2,3,5
SAN LORENZO(TJA),consulta externa,nuevas en personas de 60 anos o mas,2005-04-01,39,56,39,56,95
SAN LUCAS,consulta externa,nuevas en personas de 60 anos o mas,2005-04-01,98,213,98,213,311
SAN MATIAS,consulta externa,nuevas en personas de 60 anos o mas,2005-04-01,10,13,10,13,23
SAN MIGUEL DE VELASCO,consulta externa,nuevas en personas de 60 anos o mas,2005-04-01,45,50,45,50,95
SAN PABLO DE LIPEZ,consulta externa,nuevas en personas de 60 anos o mas,2005-04-01,21,21,21,21,42
SAN PEDRO,consulta externa,nuevas en personas de 60 anos o mas,2005-04-01,28,44,28,44,72
SAN PEDRO DE BUENA VISTA,consulta externa,nuevas en personas de 60 anos o mas,2005-04-01,44,52,44,52,96
SAN PEDRO DE CURAHUARA,consulta externa,nuevas en personas de 60 anos o mas,2005-04-01,11,27,11,27,38
SAN PEDRO DE QUEMES,consulta externa,nuevas en personas de 60 anos o mas,2005-04-01,0,1,0,1,1
SAN PEDRO DE TIQUINA,consulta externa,nuevas en personas de 60 anos o mas,2005-04-01,25,39,25,39,64
SAN PEDRO(PND),consulta externa,nuevas en personas de 60 anos o mas,2005-04-01,1,5,1,5,6
SAN RAFAEL,consulta externa,nuevas en personas de 60 anos o mas,2005-04-01,7,7,7,7,14
SAN RAMON,consulta externa,nuevas en personas de 60 anos o mas,2005-04-01,40,49,40,49,89
SAN RAMON,consulta externa,nuevas en personas de 60 anos o mas,2005-04-01,8,5,8,5,13
SANTA ANA,consulta externa,nuevas en personas de 60 anos o mas,2005-04-01,112,141,112,141,253
SANTA CRUZ DE LA SIERRA,consulta externa,nuevas en personas de 60 anos o mas,2005-04-01,4109,7237,4109,7237,11346
SANTA ROSA,consulta externa,nuevas en personas de 60 anos o mas,2005-04-01,58,64,58,64,122
SANTA ROSA DEL SARA,consulta externa,nuevas en personas de 60 anos o mas,2005-04-01,40,23,40,23,63
SANTIAGO DE CALLAPA,consulta externa,nuevas en personas de 60 anos o mas,2005-04-01,10,21,10,21,31
SANTIAGO DE HUARI,consulta externa,nuevas en personas de 60 anos o mas,2005-04-01,37,64,37,64,101
SANTIAGO DE MACHACA,consulta externa,nuevas en personas de 60 anos o mas,2005-04-01,5,16,5,16,21
SANTIVAÑES,consulta externa,nuevas en personas de 60 anos o mas,2005-04-01,21,35,21,35,56
SANTUARIO DE QUILLACAS,consulta externa,nuevas en personas de 60 anos o mas,2005-04-01,17,17,17,17,34
SAPAHAQUI,consulta externa,nuevas en personas de 60 anos o mas,2005-04-01,37,36,37,36,73
SENA,consulta externa,nuevas en personas de 60 anos o mas,2005-04-01,3,0,3,0,3
SICA SICA (VILLA AROMA),consulta externa,nuevas en personas de 60 anos o mas,2005-04-01,39,39,39,39,78
SICAYA,consulta externa,nuevas en personas de 60 anos o mas,2005-04-01,4,6,4,6,10
SIPE SIPE,consulta externa,nuevas en personas de 60 anos o mas,2005-04-01,17,29,17,29,46
SOPACHUY,consulta externa,nuevas en personas de 60 anos o mas,2005-04-01,29,45,29,45,74
SORACACHI,consulta externa,nuevas en personas de 60 anos o mas,2005-04-01,7,12,7,12,19
SORATA,consulta externa,nuevas en personas de 60 anos o mas,2005-04-01,57,51,57,51,108
SUCRE,consulta externa,nuevas en personas de 60 anos o mas,2005-04-01,2107,2875,2107,2875,4982
TACACHI,consulta externa,nuevas en personas de 60 anos o mas,2005-04-01,6,8,6,8,14
TACACOMA,consulta externa,nuevas en personas de 60 anos o mas,2005-04-01,7,3,7,3,10
TACOBAMBA,consulta externa,nuevas en personas de 60 anos o mas,2005-04-01,27,50,27,50,77
TACOPAYA,consulta externa,nuevas en personas de 60 anos o mas,2005-04-01,9,29,9,29,38
TAHUA,consulta externa,nuevas en personas de 60 anos o mas,2005-04-01,10,8,10,8,18
TAPACARI,consulta externa,nuevas en personas de 60 anos o mas,2005-04-01,47,51,47,51,98
TARABUCO,consulta externa,nuevas en personas de 60 anos o mas,2005-04-01,46,71,46,71,117
TARACO,consulta externa,nuevas en personas de 60 anos o mas,2005-04-01,25,25,25,25,50
TARATA,consulta externa,nuevas en personas de 60 anos o mas,2005-04-01,9,20,9,20,29
TARIJA,consulta externa,nuevas en personas de 60 anos o mas,2005-04-01,1630,1771,1630,1771,3401
TARVITA,consulta externa,nuevas en personas de 60 anos o mas,2005-04-01,56,85,56,85,141
TEOPONTE,consulta externa,nuevas en personas de 60 anos o mas,2005-04-01,29,27,29,27,56
TIAWANACU,consulta externa,nuevas en personas de 60 anos o mas,2005-04-01,35,30,35,30,65
TINGUIPAYA,consulta externa,nuevas en personas de 60 anos o mas,2005-04-01,33,45,33,45,78
TIPUANI,consulta externa,nuevas en personas de 60 anos o mas,2005-04-01,10,8,10,8,18
TIQUIPAYA,consulta externa,nuevas en personas de 60 anos o mas,2005-04-01,18,32,18,32,50
TIRAQUE (CBBA),consulta externa,nuevas en personas de 60 anos o mas,2005-04-01,52,39,52,39,91
TITO YUPANQUI (PARQUIPUJIO),consulta externa,nuevas en personas de 60 anos o mas,2005-04-01,8,21,8,21,29
TOCO,consulta externa,nuevas en personas de 60 anos o mas,2005-04-01,8,15,8,15,23
TODOS SANTOS,consulta externa,nuevas en personas de 60 anos o mas,2005-04-01,2,0,2,0,2
TOLATA,consulta externa,nuevas en personas de 60 anos o mas,2005-04-01,14,14,14,14,28
TOLEDO,consulta externa,nuevas en personas de 60 anos o mas,2005-04-01,38,41,38,41,79
TOMAVE,consulta externa,nuevas en personas de 60 anos o mas,2005-04-01,28,52,28,52,80
TOMINA,consulta externa,nuevas en personas de 60 anos o mas,2005-04-01,27,53,27,53,80
TORO TORO,consulta externa,nuevas en personas de 60 anos o mas,2005-04-01,37,50,37,50,87
TOTORA(CBBA),consulta externa,nuevas en personas de 60 anos o mas,2005-04-01,22,21,22,21,43
TOTORA(ORR),consulta externa,nuevas en personas de 60 anos o mas,2005-04-01,11,12,11,12,23
TRIGAL,consulta externa,nuevas en personas de 60 anos o mas,2005-04-01,22,33,22,33,55
TRINIDAD,consulta externa,nuevas en personas de 60 anos o mas,2005-04-01,314,308,314,308,622
TUPIZA,consulta externa,nuevas en personas de 60 anos o mas,2005-04-01,347,490,347,490,837
TURCO,consulta externa,nuevas en personas de 60 anos o mas,2005-04-01,14,7,14,7,21
UMALA,consulta externa,nuevas en personas de 60 anos o mas,2005-04-01,5,7,5,7,12
UNCIA,consulta externa,nuevas en personas de 60 anos o mas,2005-04-01,78,148,78,148,226
URIONDO (A. CONCEPCION),consulta externa,nuevas en personas de 60 anos o mas,2005-04-01,20,33,20,33,53
URUBICHA,consulta externa,nuevas en personas de 60 anos o mas,2005-04-01,1,5,1,5,6
UYUNI,consulta externa,nuevas en personas de 60 anos o mas,2005-04-01,230,150,230,150,380
VACAS,consulta externa,nuevas en personas de 60 anos o mas,2005-04-01,16,39,16,39,55
VALLEGRANDE,consulta externa,nuevas en personas de 60 anos o mas,2005-04-01,234,292,234,292,526
VIACHA,consulta externa,nuevas en personas de 60 anos o mas,2005-04-01,114,188,114,188,302
VILA VILA,consulta externa,nuevas en personas de 60 anos o mas,2005-04-01,6,12,6,12,18
VILLA MONTES,consulta externa,nuevas en personas de 60 anos o mas,2005-04-01,150,114,150,114,264
VILLA NUEVA (LOMA ALTA),consulta externa,nuevas en personas de 60 anos o mas,2005-04-01,2,3,2,3,5
VILLA RIVERO,consulta externa,nuevas en personas de 60 anos o mas,2005-04-01,13,10,13,10,23
VILLA SERRANO,consulta externa,nuevas en personas de 60 anos o mas,2005-04-01,36,60,36,60,96
VILLA TUNARI,consulta externa,nuevas en personas de 60 anos o mas,2005-04-01,89,63,89,63,152
VILLA VACA GUZMAN (MUYUPAMPA),consulta externa,nuevas en personas de 60 anos o mas,2005-04-01,69,80,69,80,149
VILLAZON,consulta externa,nuevas en personas de 60 anos o mas,2005-04-01,202,314,202,314,516
VINTO,consulta externa,nuevas en personas de 60 anos o mas,2005-04-01,14,13,14,13,27
VITICHI,consulta externa,nuevas en personas de 60 anos o mas,2005-04-01,51,86,51,86,137
WALDO BALLIVIAN,consulta externa,nuevas en personas de 60 anos o mas,2005-04-01,2,4,2,4,6
WARNES,consulta externa,nuevas en personas de 60 anos o mas,2005-04-01,55,44,55,44,99
YACO,consulta externa,nuevas en personas de 60 anos o mas,2005-04-01,17,12,17,12,29
YACUIBA,consulta externa,nuevas en personas de 60 anos o mas,2005-04-01,402,448,402,448,850
YAMPARAEZ,consulta externa,nuevas en personas de 60 anos o mas,2005-04-01,29,52,29,52,81
YANACACHI,consulta externa,nuevas en personas de 60 anos o mas,2005-04-01,10,31,10,31,41
YAPACANI,consulta externa,nuevas en personas de 60 anos o mas,2005-04-01,126,91,126,91,217
YOCALLA,consulta externa,nuevas en personas de 60 anos o mas,2005-04-01,20,52,20,52,72
YOTALA,consulta externa,nuevas en personas de 60 anos o mas,2005-04-01,20,49,20,49,69
YUNCHARA,consulta externa,nuevas en personas de 60 anos o mas,2005-04-01,25,36,25,36,61
ZUDAÑEZ,consulta externa,nuevas en personas de 60 anos o mas,2005-04-01,27,34,27,34,61
ACACIO,consulta externa,nuevas en personas de 60 anos o mas,2005-05-01,24,50,24,50,74
ACHACACHI,consulta externa,nuevas en personas de 60 anos o mas,2005-05-01,173,170,173,170,343
ACHOCALLA,consulta externa,nuevas en personas de 60 anos o mas,2005-05-01,14,17,14,17,31
AIQUILE,consulta externa,nuevas en personas de 60 anos o mas,2005-05-01,84,122,84,122,206
ALALAY,consulta externa,nuevas en personas de 60 anos o mas,2005-05-01,0,4,0,4,4
ALCALA,consulta externa,nuevas en personas de 60 anos o mas,2005-05-01,11,18,11,18,29
ANCORAIMES,consulta externa,nuevas en personas de 60 anos o mas,2005-05-01,32,22,32,22,54
ANDAMARCA,consulta externa,nuevas en personas de 60 anos o mas,2005-05-01,18,17,18,17,35
ANTEQUERA,consulta externa,nuevas en personas de 60 anos o mas,2005-05-01,3,5,3,5,8
ANZALDO,consulta externa,nuevas en personas de 60 anos o mas,2005-05-01,10,17,10,17,27
APOLO,consulta externa,nuevas en personas de 60 anos o mas,2005-05-01,43,32,43,32,75
ARAMPAMPA,consulta externa,nuevas en personas de 60 anos o mas,2005-05-01,22,22,22,22,44
ARANI,consulta externa,nuevas en personas de 60 anos o mas,2005-05-01,8,13,8,13,21
ARBIETO,consulta externa,nuevas en personas de 60 anos o mas,2005-05-01,18,38,18,38,56
ARQUE,consulta externa,nuevas en personas de 60 anos o mas,2005-05-01,11,22,11,22,33
ASCENCION DE GUARAYOS,consulta externa,nuevas en personas de 60 anos o mas,2005-05-01,17,19,17,19,36
ATOCHA,consulta externa,nuevas en personas de 60 anos o mas,2005-05-01,66,105,66,105,171
AUCAPATA,consulta externa,nuevas en personas de 60 anos o mas,2005-05-01,27,29,27,29,56
AYATA,consulta externa,nuevas en personas de 60 anos o mas,2005-05-01,20,32,20,32,52
AYO AYO,consulta externa,nuevas en personas de 60 anos o mas,2005-05-01,15,5,15,5,20
AYOPAYA (V. DE INDEPENDENCIA),consulta externa,nuevas en personas de 60 anos o mas,2005-05-01,58,72,58,72,130
AZURDUY,consulta externa,nuevas en personas de 60 anos o mas,2005-05-01,28,34,28,34,62
BATALLAS,consulta externa,nuevas en personas de 60 anos o mas,2005-05-01,27,30,27,30,57
BAURES,consulta externa,nuevas en personas de 60 anos o mas,2005-05-01,20,20,20,20,40
BELEN DE ANDAMARCA,consulta externa,nuevas en personas de 60 anos o mas,2005-05-01,5,8,5,8,13
BELEN DE URMIRI,consulta externa,nuevas en personas de 60 anos o mas,2005-05-01,17,14,17,14,31
BELLA FLOR,consulta externa,nuevas en personas de 60 anos o mas,2005-05-01,12,3,12,3,15
BERMEJO,consulta externa,nuevas en personas de 60 anos o mas,2005-05-01,335,316,335,316,651
BETANZOS,consulta externa,nuevas en personas de 60 anos o mas,2005-05-01,130,255,130,255,385
BOLIVAR,consulta externa,nuevas en personas de 60 anos o mas,2005-05-01,12,19,12,19,31
BOLPEBRA,consulta externa,nuevas en personas de 60 anos o mas,2005-05-01,2,6,2,6,8
BOYUIBE,consulta externa,nuevas en personas de 60 anos o mas,2005-05-01,7,11,7,11,18
BUENA VISTA,consulta externa,nuevas en personas de 60 anos o mas,2005-05-01,76,52,76,52,128
CABEZAS,consulta externa,nuevas en personas de 60 anos o mas,2005-05-01,21,38,21,38,59
CAIROMA,consulta externa,nuevas en personas de 60 anos o mas,2005-05-01,32,18,32,18,50
"CAIZA ""D""",consulta externa,nuevas en personas de 60 anos o mas,2005-05-01,45,82,45,82,127
CAJUATA,consulta externa,nuevas en personas de 60 anos o mas,2005-05-01,34,29,34,29,63
CALACOTO,consulta externa,nuevas en personas de 60 anos o mas,2005-05-01,18,25,18,25,43
CALAMARCA,consulta externa,nuevas en personas de 60 anos o mas,2005-05-01,16,14,16,14,30
CAMARGO,consulta externa,nuevas en personas de 60 anos o mas,2005-05-01,159,192,159,192,351
CAMATAQUI (C. VILLA ABECIA),consulta externa,nuevas en personas de 60 anos o mas,2005-05-01,18,20,18,20,38
CAMIRI,consulta externa,nuevas en personas de 60 anos o mas,2005-05-01,687,759,687,759,1446
CAPINOTA,consulta externa,nuevas en personas de 60 anos o mas,2005-05-01,26,42,26,42,68
CAQUIAVIRI,consulta externa,nuevas en personas de 60 anos o mas,2005-05-01,44,62,44,62,106
CARACOLLO,consulta externa,nuevas en personas de 60 anos o mas,2005-05-01,44,46,44,46,90
CARANAVI,consulta externa,nuevas en personas de 60 anos o mas,2005-05-01,138,105,138,105,243
CARANGAS,consulta externa,nuevas en personas de 60 anos o mas,2005-05-01,2,2,2,2,4
CARAPARI,consulta externa,nuevas en personas de 60 anos o mas,2005-05-01,36,53,36,53,89
CARIPUYO,consulta externa,nuevas en personas de 60 anos o mas,2005-05-01,8,27,8,27,35
CARMEN RIVERO TORREZ,consulta externa,nuevas en personas de 60 anos o mas,2005-05-01,2,2,2,2,4
CATACORA,consulta externa,nuevas en personas de 60 anos o mas,2005-05-01,6,10,6,10,16
CHACARILLA,consulta externa,nuevas en personas de 60 anos o mas,2005-05-01,0,1,0,1,1
CHALLAPATA,consulta externa,nuevas en personas de 60 anos o mas,2005-05-01,55,73,55,73,128
CHAQUI,consulta externa,nuevas en personas de 60 anos o mas,2005-05-01,28,37,28,37,65
CHARAGUA,consulta externa,nuevas en personas de 60 anos o mas,2005-05-01,47,56,47,56,103
CHARAÑA,consulta externa,nuevas en personas de 60 anos o mas,2005-05-01,8,9,8,9,17
CHAYANTA,consulta externa,nuevas en personas de 60 anos o mas,2005-05-01,35,77,35,77,112
CHIMORE,consulta externa,nuevas en personas de 60 anos o mas,2005-05-01,21,14,21,14,35
CHIPAYA,consulta externa,nuevas en personas de 60 anos o mas,2005-05-01,3,3,3,3,6
CHOQUE COTA,consulta externa,nuevas en personas de 60 anos o mas,2005-05-01,3,3,3,3,6
CHULUMANI (V. DE LA LIBERTAD),consulta externa,nuevas en personas de 60 anos o mas,2005-05-01,74,45,74,45,119
CHUMA,consulta externa,nuevas en personas de 60 anos o mas,2005-05-01,45,66,45,66,111
CLIZA,consulta externa,nuevas en personas de 60 anos o mas,2005-05-01,11,24,11,24,35
COBIJA,consulta externa,nuevas en personas de 60 anos o mas,2005-05-01,111,199,111,199,310
COCHABAMBA,consulta externa,nuevas en personas de 60 anos o mas,2005-05-01,4100,4617,4100,4617,8717
COIPASA,consulta externa,nuevas en personas de 60 anos o mas,2005-05-01,1,3,1,3,4
COLCAPIRHUA,consulta externa,nuevas en personas de 60 anos o mas,2005-05-01,110,140,110,140,250
"COLCHA ""K""",consulta externa,nuevas en personas de 60 anos o mas,2005-05-01,67,68,67,68,135
COLLANA,consulta externa,nuevas en personas de 60 anos o mas,2005-05-01,14,23,14,23,37
COLOMI,consulta externa,nuevas en personas de 60 anos o mas,2005-05-01,13,18,13,18,31
COLPA BELGICA,consulta externa,nuevas en personas de 60 anos o mas,2005-05-01,54,21,54,21,75
COLQUECHACA,consulta externa,nuevas en personas de 60 anos o mas,2005-05-01,79,102,79,102,181
COLQUENCHA,consulta externa,nuevas en personas de 60 anos o mas,2005-05-01,11,28,11,28,39
COLQUIRI,consulta externa,nuevas en personas de 60 anos o mas,2005-05-01,59,53,59,53,112
COMANCHE,consulta externa,nuevas en personas de 60 anos o mas,2005-05-01,15,7,15,7,22
COMARAPA,consulta externa,nuevas en personas de 60 anos o mas,2005-05-01,94,97,94,97,191
COMBAYA,consulta externa,nuevas en personas de 60 anos o mas,2005-05-01,10,21,10,21,31
CONCEPCION,consulta externa,nuevas en personas de 60 anos o mas,2005-05-01,41,40,41,40,81
COPACABANA,consulta externa,nuevas en personas de 60 anos o mas,2005-05-01,9,20,9,20,29
CORIPATA,consulta externa,nuevas en personas de 60 anos o mas,2005-05-01,32,33,32,33,65
CORO CORO,consulta externa,nuevas en personas de 60 anos o mas,2005-05-01,30,27,30,27,57
COROICO,consulta externa,nuevas en personas de 60 anos o mas,2005-05-01,54,43,54,43,97
CORQUE,consulta externa,nuevas en personas de 60 anos o mas,2005-05-01,48,61,48,61,109
COTAGAITA,consulta externa,nuevas en personas de 60 anos o mas,2005-05-01,191,322,191,322,513
COTOCA,consulta externa,nuevas en personas de 60 anos o mas,2005-05-01,213,211,213,211,424
CUATRO CAÑADAS,consulta externa,nuevas en personas de 60 anos o mas,2005-05-01,11,10,11,10,21
CUCHUMUELA (V. G. VILLARROEL),consulta externa,nuevas en personas de 60 anos o mas,2005-05-01,3,19,3,19,22
CUEVO,consulta externa,nuevas en personas de 60 anos o mas,2005-05-01,10,33,10,33,43
CULPINA,consulta externa,nuevas en personas de 60 anos o mas,2005-05-01,54,61,54,61,115
CURAHUARA DE CARANGAS,consulta externa,nuevas en personas de 60 anos o mas,2005-05-01,34,31,34,31,65
CURVA,consulta externa,nuevas en personas de 60 anos o mas,2005-05-01,5,6,5,6,11
DESAGUADERO,consulta externa,nuevas en personas de 60 anos o mas,2005-05-01,19,11,19,11,30
EL ALTO,consulta externa,nuevas en personas de 60 anos o mas,2005-05-01,1106,1188,1106,1188,2294
EL CHORO,consulta externa,nuevas en personas de 60 anos o mas,2005-05-01,16,10,16,10,26
EL PUENTE(STC),consulta externa,nuevas en personas de 60 anos o mas,2005-05-01,7,13,7,13,20
EL PUENTE(TJA),consulta externa,nuevas en personas de 60 anos o mas,2005-05-01,24,51,24,51,75
EL TORNO,consulta externa,nuevas en personas de 60 anos o mas,2005-05-01,166,169,166,169,335
EL VILLAR,consulta externa,nuevas en personas de 60 anos o mas,2005-05-01,15,32,15,32,47
ENTRE RIOS,consulta externa,nuevas en personas de 60 anos o mas,2005-05-01,58,70,58,70,128
ENTRE RIOS,consulta externa,nuevas en personas de 60 anos o mas,2005-05-01,14,4,14,4,18
EUCALIPTUS,consulta externa,nuevas en personas de 60 anos o mas,2005-05-01,18,9,18,9,27
EUREKA (SANTOS MERCADO),consulta externa,nuevas en personas de 60 anos o mas,2005-05-01,0,1,0,1,1
EXALTACION,consulta externa,nuevas en personas de 60 anos o mas,2005-05-01,2,9,2,9,11
FERNANDEZ ALONSO,consulta externa,nuevas en personas de 60 anos o mas,2005-05-01,12,22,12,22,34
FILADELFIA,consulta externa,nuevas en personas de 60 anos o mas,2005-05-01,8,16,8,16,24
GENERAL SAAVEDRA,consulta externa,nuevas en personas de 60 anos o mas,2005-05-01,23,27,23,27,50
GRAL. J.J. PEREZ (CHARAZANI),consulta externa,nuevas en personas de 60 anos o mas,2005-05-01,27,25,27,25,52
GUANAY,consulta externa,nuevas en personas de 60 anos o mas,2005-05-01,86,78,86,78,164
GUAQUI,consulta externa,nuevas en personas de 60 anos o mas,2005-05-01,28,24,28,24,52
GUAYARAMERIN,consulta externa,nuevas en personas de 60 anos o mas,2005-05-01,245,435,245,435,680
GUTIERREZ,consulta externa,nuevas en personas de 60 anos o mas,2005-05-01,28,33,28,33,61
HUACARETA,consulta externa,nuevas en personas de 60 anos o mas,2005-05-01,47,61,47,61,108
HUACAYA (VILLA DE HUACAYA),consulta externa,nuevas en personas de 60 anos o mas,2005-05-01,11,9,11,9,20
HUACHACALLA,consulta externa,nuevas en personas de 60 anos o mas,2005-05-01,4,1,4,1,5
HUANUNI,consulta externa,nuevas en personas de 60 anos o mas,2005-05-01,118,107,118,107,225
HUARACAJE,consulta externa,nuevas en personas de 60 anos o mas,2005-05-01,2,8,2,8,10
HUAYLLAMARCA,consulta externa,nuevas en personas de 60 anos o mas,2005-05-01,23,28,23,28,51
ICHOCA,consulta externa,nuevas en personas de 60 anos o mas,2005-05-01,10,11,10,11,21
ICLA,consulta externa,nuevas en personas de 60 anos o mas,2005-05-01,19,34,19,34,53
INCAHUASI,consulta externa,nuevas en personas de 60 anos o mas,2005-05-01,54,91,54,91,145
INGAVI (HUMAITA),consulta externa,nuevas en personas de 60 anos o mas,2005-05-01,2,0,2,0,2
INQUISIVI,consulta externa,nuevas en personas de 60 anos o mas,2005-05-01,30,16,30,16,46
IRUPANA (VILLA DE LANZA),consulta externa,nuevas en personas de 60 anos o mas,2005-05-01,50,33,50,33,83
IXIAMAS,consulta externa,nuevas en personas de 60 anos o mas,2005-05-01,23,12,23,12,35
JESUS DE MACHACA,consulta externa,nuevas en personas de 60 anos o mas,2005-05-01,59,118,59,118,177
LA ASUNTA,consulta externa,nuevas en personas de 60 anos o mas,2005-05-01,15,13,15,13,28
LA GUARDIA,consulta externa,nuevas en personas de 60 anos o mas,2005-05-01,7,12,7,12,19
LA PAZ,consulta externa,nuevas en personas de 60 anos o mas,2005-05-01,6820,8111,6820,8111,14931
LA RIVERA,consulta externa,nuevas en personas de 60 anos o mas,2005-05-01,1,1,1,1,2
LAGUNILLAS,consulta externa,nuevas en personas de 60 anos o mas,2005-05-01,28,31,28,31,59
LAJA,consulta externa,nuevas en personas de 60 anos o mas,2005-05-01,29,26,29,26,55
LAS CARRERAS,consulta externa,nuevas en personas de 60 anos o mas,2005-05-01,15,19,15,19,34
LICOMA PAMPA,consulta externa,nuevas en personas de 60 anos o mas,2005-05-01,5,8,5,8,13
LLALLAGUA,consulta externa,nuevas en personas de 60 anos o mas,2005-05-01,283,152,283,152,435
LLICA,consulta externa,nuevas en personas de 60 anos o mas,2005-05-01,48,36,48,36,84
LORETO,consulta externa,nuevas en personas de 60 anos o mas,2005-05-01,2,7,2,7,9
LURIBAY,consulta externa,nuevas en personas de 60 anos o mas,2005-05-01,43,43,43,43,86
MACHACAMARCA,consulta externa,nuevas en personas de 60 anos o mas,2005-05-01,52,83,52,83,135
MACHARETI,consulta externa,nuevas en personas de 60 anos o mas,2005-05-01,46,59,46,59,105
MAGDALENA,consulta externa,nuevas en personas de 60 anos o mas,2005-05-01,32,24,32,24,56
MAIRANA,consulta externa,nuevas en personas de 60 anos o mas,2005-05-01,35,56,35,56,91
MALLA,consulta externa,nuevas en personas de 60 anos o mas,2005-05-01,9,16,9,16,25
MAPIRI,consulta externa,nuevas en personas de 60 anos o mas,2005-05-01,38,36,38,36,74
MECAPACA,consulta externa,nuevas en personas de 60 anos o mas,2005-05-01,42,32,42,32,74
MINEROS,consulta externa,nuevas en personas de 60 anos o mas,2005-05-01,16,10,16,10,26
MIZQUE,consulta externa,nuevas en personas de 60 anos o mas,2005-05-01,17,15,17,15,32
MOCOMOCO,consulta externa,nuevas en personas de 60 anos o mas,2005-05-01,53,67,53,67,120
MOJINETE,consulta externa,nuevas en personas de 60 anos o mas,2005-05-01,6,16,6,16,22
MOJOCOYA,consulta externa,nuevas en personas de 60 anos o mas,2005-05-01,14,32,14,32,46
MONTEAGUDO,consulta externa,nuevas en personas de 60 anos o mas,2005-05-01,187,264,187,264,451
MONTERO,consulta externa,nuevas en personas de 60 anos o mas,2005-05-01,89,139,89,139,228
MORO MORO,consulta externa,nuevas en personas de 60 anos o mas,2005-05-01,18,32,18,32,50
MOROCHATA,consulta externa,nuevas en personas de 60 anos o mas,2005-05-01,17,29,17,29,46
NACEBE (SANTA ROSA DEL ABUNA),consulta externa,nuevas en personas de 60 anos o mas,2005-05-01,3,0,3,0,3
NAZACARA DE PACAJES,consulta externa,nuevas en personas de 60 anos o mas,2005-05-01,1,3,1,3,4
NUEVO MANOA (NUEVA ESPERANZA),consulta externa,nuevas en personas de 60 anos o mas,2005-05-01,3,3,3,3,6
OCURI,consulta externa,nuevas en personas de 60 anos o mas,2005-05-01,38,35,38,35,73
OKINAWA,consulta externa,nuevas en personas de 60 anos o mas,2005-05-01,48,54,48,54,102
OMEREQUE,consulta externa,nuevas en personas de 60 anos o mas,2005-05-01,14,21,14,21,35
ORURO,consulta externa,nuevas en personas de 60 anos o mas,2005-05-01,2166,2286,2166,2286,4452
PADCAYA,consulta externa,nuevas en personas de 60 anos o mas,2005-05-01,58,77,58,77,135
PADILLA,consulta externa,nuevas en personas de 60 anos o mas,2005-05-01,124,190,124,190,314
PAILON,consulta externa,nuevas en personas de 60 anos o mas,2005-05-01,9,15,9,15,24
PALCA,consulta externa,nuevas en personas de 60 anos o mas,2005-05-01,31,18,31,18,49
PALOS BLANCOS,consulta externa,nuevas en personas de 60 anos o mas,2005-05-01,48,26,48,26,74
PAMPA AULLAGAS,consulta externa,nuevas en personas de 60 anos o mas,2005-05-01,9,2,9,2,11
PAMPA GRANDE,consulta externa,nuevas en personas de 60 anos o mas,2005-05-01,22,40,22,40,62
PAPEL PAMPA,consulta externa,nuevas en personas de 60 anos o mas,2005-05-01,21,23,21,23,44
PASORAPA,consulta externa,nuevas en personas de 60 anos o mas,2005-05-01,4,7,4,7,11
PATACAMAYA,consulta externa,nuevas en personas de 60 anos o mas,2005-05-01,39,27,39,27,66
PAZÑA,consulta externa,nuevas en personas de 60 anos o mas,2005-05-01,39,56,39,56,95
PELECHUCO,consulta externa,nuevas en personas de 60 anos o mas,2005-05-01,21,9,21,9,30
POCOATA,consulta externa,nuevas en personas de 60 anos o mas,2005-05-01,102,128,102,128,230
POCONA,consulta externa,nuevas en personas de 60 anos o mas,2005-05-01,15,49,15,49,64
POJO (CBBA),consulta externa,nuevas en personas de 60 anos o mas,2005-05-01,9,19,9,19,28
POOPO,consulta externa,nuevas en personas de 60 anos o mas,2005-05-01,50,49,50,49,99
PORCO,consulta externa,nuevas en personas de 60 anos o mas,2005-05-01,9,18,9,18,27
POROMA,consulta externa,nuevas en personas de 60 anos o mas,2005-05-01,49,62,49,62,111
PORONGO,consulta externa,nuevas en personas de 60 anos o mas,2005-05-01,33,36,33,36,69
PORTACHUELO,consulta externa,nuevas en personas de 60 anos o mas,2005-05-01,102,81,102,81,183
PORVENIR,consulta externa,nuevas en personas de 60 anos o mas,2005-05-01,18,8,18,8,26
POSTRER VALLE,consulta externa,nuevas en personas de 60 anos o mas,2005-05-01,18,16,18,16,34
POTOSI,consulta externa,nuevas en personas de 60 anos o mas,2005-05-01,1109,1389,1109,1389,2498
PRESTO,consulta externa,nuevas en personas de 60 anos o mas,2005-05-01,18,30,18,30,48
PUCARA,consulta externa,nuevas en personas de 60 anos o mas,2005-05-01,23,39,23,39,62
PUCARANI,consulta externa,nuevas en personas de 60 anos o mas,2005-05-01,49,39,49,39,88
PUERTO ACOSTA,consulta externa,nuevas en personas de 60 anos o mas,2005-05-01,100,96,100,96,196
PUERTO CARABUCO,consulta externa,nuevas en personas de 60 anos o mas,2005-05-01,64,62,64,62,126
PUERTO GONZALO MORENO,consulta externa,nuevas en personas de 60 anos o mas,2005-05-01,22,16,22,16,38
PUERTO PEREZ,consulta externa,nuevas en personas de 60 anos o mas,2005-05-01,19,29,19,29,48
PUERTO QUIJARRO,consulta externa,nuevas en personas de 60 anos o mas,2005-05-01,120,88,120,88,208
PUERTO RICO,consulta externa,nuevas en personas de 60 anos o mas,2005-05-01,16,6,16,6,22
PUERTO SILES,consulta externa,nuevas en personas de 60 anos o mas,2005-05-01,3,3,3,3,6
PUERTO SUAREZ,consulta externa,nuevas en personas de 60 anos o mas,2005-05-01,123,143,123,143,266
PUERTO VILLARROEL,consulta externa,nuevas en personas de 60 anos o mas,2005-05-01,32,19,32,19,51
PUNA,consulta externa,nuevas en personas de 60 anos o mas,2005-05-01,125,220,125,220,345
PUNATA,consulta externa,nuevas en personas de 60 anos o mas,2005-05-01,102,141,102,141,243
QUIABAYA,consulta externa,nuevas en personas de 60 anos o mas,2005-05-01,7,8,7,8,15
QUILLACOLLO,consulta externa,nuevas en personas de 60 anos o mas,2005-05-01,403,448,403,448,851
QUIME,consulta externa,nuevas en personas de 60 anos o mas,2005-05-01,30,16,30,16,46
QUIRUSILLAS,consulta externa,nuevas en personas de 60 anos o mas,2005-05-01,5,5,5,5,10
RAVELO,consulta externa,nuevas en personas de 60 anos o mas,2005-05-01,45,104,45,104,149
REYES,consulta externa,nuevas en personas de 60 anos o mas,2005-05-01,98,90,98,90,188
RIBERALTA,consulta externa,nuevas en personas de 60 anos o mas,2005-05-01,80,69,80,69,149
ROBORE,consulta externa,nuevas en personas de 60 anos o mas,2005-05-01,42,42,42,42,84
RURRENABAQUE,consulta externa,nuevas en personas de 60 anos o mas,2005-05-01,187,117,187,117,304
SABAYA,consulta externa,nuevas en personas de 60 anos o mas,2005-05-01,16,24,16,24,40
SACABA,consulta externa,nuevas en personas de 60 anos o mas,2005-05-01,115,187,115,187,302
SACABAMBA,consulta externa,nuevas en personas de 60 anos o mas,2005-05-01,12,13,12,13,25
SACACA,consulta externa,nuevas en personas de 60 anos o mas,2005-05-01,24,58,24,58,82
SAIPINA,consulta externa,nuevas en personas de 60 anos o mas,2005-05-01,52,68,52,68,120
SALINAS DE GARCI MENDOZA,consulta externa,nuevas en personas de 60 anos o mas,2005-05-01,57,66,57,66,123
SAMAIPATA,consulta externa,nuevas en personas de 60 anos o mas,2005-05-01,60,45,60,45,105
SAN AGUSTIN,consulta externa,nuevas en personas de 60 anos o mas,2005-05-01,7,4,7,4,11
SAN ANDRES,consulta externa,nuevas en personas de 60 anos o mas,2005-05-01,10,13,10,13,23
SAN ANDRES DE MACHACA,consulta externa,nuevas en personas de 60 anos o mas,2005-05-01,38,33,38,33,71
SAN ANTONIO DE ESMORUCO,consulta externa,nuevas en personas de 60 anos o mas,2005-05-01,12,11,12,11,23
SAN ANTONIO DE LOMERIO,consulta externa,nuevas en personas de 60 anos o mas,2005-05-01,10,13,10,13,23
SAN BENITO,consulta externa,nuevas en personas de 60 anos o mas,2005-05-01,19,31,19,31,50
SAN BORJA,consulta externa,nuevas en personas de 60 anos o mas,2005-05-01,104,97,104,97,201
SAN BUENA VENTURA,consulta externa,nuevas en personas de 60 anos o mas,2005-05-01,4,8,4,8,12
SAN CARLOS,consulta externa,nuevas en personas de 60 anos o mas,2005-05-01,81,67,81,67,148
SAN IGNACIO,consulta externa,nuevas en personas de 60 anos o mas,2005-05-01,51,64,51,64,115
SAN IGNACIO DE VELASCO,consulta externa,nuevas en personas de 60 anos o mas,2005-05-01,217,234,217,234,451
SAN JAVIER(BNI),consulta externa,nuevas en personas de 60 anos o mas,2005-05-01,6,8,6,8,14
SAN JAVIER(STC),consulta externa,nuevas en personas de 60 anos o mas,2005-05-01,3,6,3,6,9
SAN JOAQUIN,consulta externa,nuevas en personas de 60 anos o mas,2005-05-01,38,43,38,43,81
SAN JOSE DE CHIQUITOS,consulta externa,nuevas en personas de 60 anos o mas,2005-05-01,57,79,57,79,136
SAN JUAN DE YAPACANI,consulta externa,nuevas en personas de 60 anos o mas,2005-05-01,35,36,35,36,71
SAN JULIAN,consulta externa,nuevas en personas de 60 anos o mas,2005-05-01,52,51,52,51,103
SAN LORENZO(TJA),consulta externa,nuevas en personas de 60 anos o mas,2005-05-01,42,57,42,57,99
SAN LUCAS,consulta externa,nuevas en personas de 60 anos o mas,2005-05-01,98,152,98,152,250
SAN MATIAS,consulta externa,nuevas en personas de 60 anos o mas,2005-05-01,11,12,11,12,23
SAN MIGUEL DE VELASCO,consulta externa,nuevas en personas de 60 anos o mas,2005-05-01,40,50,40,50,90
SAN PABLO DE LIPEZ,consulta externa,nuevas en personas de 60 anos o mas,2005-05-01,17,17,17,17,34
SAN PEDRO,consulta externa,nuevas en personas de 60 anos o mas,2005-05-01,33,32,33,32,65
SAN PEDRO DE BUENA VISTA,consulta externa,nuevas en personas de 60 anos o mas,2005-05-01,42,64,42,64,106
SAN PEDRO DE CURAHUARA,consulta externa,nuevas en personas de 60 anos o mas,2005-05-01,16,21,16,21,37
SAN PEDRO DE QUEMES,consulta externa,nuevas en personas de 60 anos o mas,2005-05-01,7,6,7,6,13
SAN PEDRO DE TIQUINA,consulta externa,nuevas en personas de 60 anos o mas,2005-05-01,11,21,11,21,32
SAN PEDRO(PND),consulta externa,nuevas en personas de 60 anos o mas,2005-05-01,1,0,1,0,1
SAN RAFAEL,consulta externa,nuevas en personas de 60 anos o mas,2005-05-01,13,17,13,17,30
SAN RAMON,consulta externa,nuevas en personas de 60 anos o mas,2005-05-01,46,47,46,47,93
SAN RAMON,consulta externa,nuevas en personas de 60 anos o mas,2005-05-01,9,11,9,11,20
SANTA ANA,consulta externa,nuevas en personas de 60 anos o mas,2005-05-01,109,119,109,119,228
SANTA CRUZ DE LA SIERRA,consulta externa,nuevas en personas de 60 anos o mas,2005-05-01,4368,6468,4368,6468,10836
SANTA ROSA,consulta externa,nuevas en personas de 60 anos o mas,2005-05-01,60,52,60,52,112
SANTA ROSA DEL SARA,consulta externa,nuevas en personas de 60 anos o mas,2005-05-01,33,30,33,30,63
SANTIAGO DE CALLAPA,consulta externa,nuevas en personas de 60 anos o mas,2005-05-01,14,17,14,17,31
SANTIAGO DE HUARI,consulta externa,nuevas en personas de 60 anos o mas,2005-05-01,43,43,43,43,86
SANTIAGO DE MACHACA,consulta externa,nuevas en personas de 60 anos o mas,2005-05-01,19,18,19,18,37
SANTIVAÑES,consulta externa,nuevas en personas de 60 anos o mas,2005-05-01,21,43,21,43,64
SANTUARIO DE QUILLACAS,consulta externa,nuevas en personas de 60 anos o mas,2005-05-01,10,8,10,8,18
SAPAHAQUI,consulta externa,nuevas en personas de 60 anos o mas,2005-05-01,31,32,31,32,63
SENA,consulta externa,nuevas en personas de 60 anos o mas,2005-05-01,10,2,10,2,12
SICA SICA (VILLA AROMA),consulta externa,nuevas en personas de 60 anos o mas,2005-05-01,43,50,43,50,93
SICAYA,consulta externa,nuevas en personas de 60 anos o mas,2005-05-01,4,10,4,10,14
SIPE SIPE,consulta externa,nuevas en personas de 60 anos o mas,2005-05-01,30,46,30,46,76
SOPACHUY,consulta externa,nuevas en personas de 60 anos o mas,2005-05-01,18,25,18,25,43
SORACACHI,consulta externa,nuevas en personas de 60 anos o mas,2005-05-01,8,8,8,8,16
SORATA,consulta externa,nuevas en personas de 60 anos o mas,2005-05-01,55,55,55,55,110
SUCRE,consulta externa,nuevas en personas de 60 anos o mas,2005-05-01,2130,2962,2130,2962,5092
TACACHI,consulta externa,nuevas en personas de 60 anos o mas,2005-05-01,6,9,6,9,15
TACACOMA,consulta externa,nuevas en personas de 60 anos o mas,2005-05-01,11,8,11,8,19
TACOBAMBA,consulta externa,nuevas en personas de 60 anos o mas,2005-05-01,30,49,30,49,79
TACOPAYA,consulta externa,nuevas en personas de 60 anos o mas,2005-05-01,17,49,17,49,66
TAHUA,consulta externa,nuevas en personas de 60 anos o mas,2005-05-01,10,10,10,10,20
TAPACARI,consulta externa,nuevas en personas de 60 anos o mas,2005-05-01,47,82,47,82,129
TARABUCO,consulta externa,nuevas en personas de 60 anos o mas,2005-05-01,65,68,65,68,133
TARACO,consulta externa,nuevas en personas de 60 anos o mas,2005-05-01,35,23,35,23,58
TARATA,consulta externa,nuevas en personas de 60 anos o mas,2005-05-01,23,26,23,26,49
TARIJA,consulta externa,nuevas en personas de 60 anos o mas,2005-05-01,1459,1607,1459,1607,3066
TARVITA,consulta externa,nuevas en personas de 60 anos o mas,2005-05-01,82,133,82,133,215
TEOPONTE,consulta externa,nuevas en personas de 60 anos o mas,2005-05-01,31,24,31,24,55
TIAWANACU,consulta externa,nuevas en personas de 60 anos o mas,2005-05-01,27,25,27,25,52
TINGUIPAYA,consulta externa,nuevas en personas de 60 anos o mas,2005-05-01,25,55,25,55,80
TIPUANI,consulta externa,nuevas en personas de 60 anos o mas,2005-05-01,12,3,12,3,15
TIQUIPAYA,consulta externa,nuevas en personas de 60 anos o mas,2005-05-01,17,19,17,19,36
TIRAQUE (CBBA),consulta externa,nuevas en personas de 60 anos o mas,2005-05-01,58,64,58,64,122
TITO YUPANQUI (PARQUIPUJIO),consulta externa,nuevas en personas de 60 anos o mas,2005-05-01,11,27,11,27,38
TOCO,consulta externa,nuevas en personas de 60 anos o mas,2005-05-01,14,10,14,10,24
TOLATA,consulta externa,nuevas en personas de 60 anos o mas,2005-05-01,5,12,5,12,17
TOLEDO,consulta externa,nuevas en personas de 60 anos o mas,2005-05-01,29,20,29,20,49
TOMAVE,consulta externa,nuevas en personas de 60 anos o mas,2005-05-01,57,68,57,68,125
TOMINA,consulta externa,nuevas en personas de 60 anos o mas,2005-05-01,26,33,26,33,59
TORO TORO,consulta externa,nuevas en personas de 60 anos o mas,2005-05-01,25,47,25,47,72
TOTORA(CBBA),consulta externa,nuevas en personas de 60 anos o mas,2005-05-01,16,22,16,22,38
TOTORA(ORR),consulta externa,nuevas en personas de 60 anos o mas,2005-05-01,4,9,4,9,13
TRIGAL,consulta externa,nuevas en personas de 60 anos o mas,2005-05-01,20,23,20,23,43
TRINIDAD,consulta externa,nuevas en personas de 60 anos o mas,2005-05-01,298,428,298,428,726
TUPIZA,consulta externa,nuevas en personas de 60 anos o mas,2005-05-01,304,475,304,475,779
TURCO,consulta externa,nuevas en personas de 60 anos o mas,2005-05-01,41,29,41,29,70
UMALA,consulta externa,nuevas en personas de 60 anos o mas,2005-05-01,7,1,7,1,8
UNCIA,consulta externa,nuevas en personas de 60 anos o mas,2005-05-01,91,174,91,174,265
URIONDO (A. CONCEPCION),consulta externa,nuevas en personas de 60 anos o mas,2005-05-01,32,47,32,47,79
URUBICHA,consulta externa,nuevas en personas de 60 anos o mas,2005-05-01,2,6,2,6,8
UYUNI,consulta externa,nuevas en personas de 60 anos o mas,2005-05-01,168,179,168,179,347
VACAS,consulta externa,nuevas en personas de 60 anos o mas,2005-05-01,22,55,22,55,77
VALLEGRANDE,consulta externa,nuevas en personas de 60 anos o mas,2005-05-01,234,343,234,343,577
VIACHA,consulta externa,nuevas en personas de 60 anos o mas,2005-05-01,194,195,194,195,389
VILA VILA,consulta externa,nuevas en personas de 60 anos o mas,2005-05-01,11,18,11,18,29
VILLA MONTES,consulta externa,nuevas en personas de 60 anos o mas,2005-05-01,171,135,171,135,306
VILLA NUEVA (LOMA ALTA),consulta externa,nuevas en personas de 60 anos o mas,2005-05-01,1,3,1,3,4
VILLA RIVERO,consulta externa,nuevas en personas de 60 anos o mas,2005-05-01,5,24,5,24,29
VILLA SERRANO,consulta externa,nuevas en personas de 60 anos o mas,2005-05-01,56,66,56,66,122
VILLA TUNARI,consulta externa,nuevas en personas de 60 anos o mas,2005-05-01,124,103,124,103,227
VILLA VACA GUZMAN (MUYUPAMPA),consulta externa,nuevas en personas de 60 anos o mas,2005-05-01,65,89,65,89,154
VILLAZON,consulta externa,nuevas en personas de 60 anos o mas,2005-05-01,230,259,230,259,489
VINTO,consulta externa,nuevas en personas de 60 anos o mas,2005-05-01,20,33,20,33,53
VITICHI,consulta externa,nuevas en personas de 60 anos o mas,2005-05-01,56,84,56,84,140
WALDO BALLIVIAN,consulta externa,nuevas en personas de 60 anos o mas,2005-05-01,3,4,3,4,7
WARNES,consulta externa,nuevas en personas de 60 anos o mas,2005-05-01,56,62,56,62,118
YACO,consulta externa,nuevas en personas de 60 anos o mas,2005-05-01,16,11,16,11,27
YACUIBA,consulta externa,nuevas en personas de 60 anos o mas,2005-05-01,387,504,387,504,891
YAMPARAEZ,consulta externa,nuevas en personas de 60 anos o mas,2005-05-01,25,45,25,45,70
YANACACHI,consulta externa,nuevas en personas de 60 anos o mas,2005-05-01,15,16,15,16,31
YAPACANI,consulta externa,nuevas en personas de 60 anos o mas,2005-05-01,107,88,107,88,195
YOCALLA,consulta externa,nuevas en personas de 60 anos o mas,2005-05-01,18,51,18,51,69
YOTALA,consulta externa,nuevas en personas de 60 anos o mas,2005-05-01,27,30,27,30,57
YUNCHARA,consulta externa,nuevas en personas de 60 anos o mas,2005-05-01,3,13,3,13,16
ZUDAÑEZ,consulta externa,nuevas en personas de 60 anos o mas,2005-05-01,20,21,20,21,41
ACACIO,consulta externa,nuevas en personas de 60 anos o mas,2005-06-01,15,51,15,51,66
ACHACACHI,consulta externa,nuevas en personas de 60 anos o mas,2005-06-01,140,151,140,151,291
ACHOCALLA,consulta externa,nuevas en personas de 60 anos o mas,2005-06-01,13,9,13,9,22
AIQUILE,consulta externa,nuevas en personas de 60 anos o mas,2005-06-01,59,100,59,100,159
ALALAY,consulta externa,nuevas en personas de 60 anos o mas,2005-06-01,3,5,3,5,8
ALCALA,consulta externa,nuevas en personas de 60 anos o mas,2005-06-01,18,20,18,20,38
ANCORAIMES,consulta externa,nuevas en personas de 60 anos o mas,2005-06-01,24,24,24,24,48
ANDAMARCA,consulta externa,nuevas en personas de 60 anos o mas,2005-06-01,21,16,21,16,37
ANTEQUERA,consulta externa,nuevas en personas de 60 anos o mas,2005-06-01,4,2,4,2,6
ANZALDO,consulta externa,nuevas en personas de 60 anos o mas,2005-06-01,14,30,14,30,44
APOLO,consulta externa,nuevas en personas de 60 anos o mas,2005-06-01,32,32,32,32,64
ARAMPAMPA,consulta externa,nuevas en personas de 60 anos o mas,2005-06-01,6,20,6,20,26
ARANI,consulta externa,nuevas en personas de 60 anos o mas,2005-06-01,15,22,15,22,37
ARBIETO,consulta externa,nuevas en personas de 60 anos o mas,2005-06-01,16,36,16,36,52
ARQUE,consulta externa,nuevas en personas de 60 anos o mas,2005-06-01,14,19,14,19,33
ASCENCION DE GUARAYOS,consulta externa,nuevas en personas de 60 anos o mas,2005-06-01,17,19,17,19,36
ATOCHA,consulta externa,nuevas en personas de 60 anos o mas,2005-06-01,85,116,85,116,201
AUCAPATA,consulta externa,nuevas en personas de 60 anos o mas,2005-06-01,24,27,24,27,51
AYATA,consulta externa,nuevas en personas de 60 anos o mas,2005-06-01,21,40,21,40,61
AYO AYO,consulta externa,nuevas en personas de 60 anos o mas,2005-06-01,4,6,4,6,10
AYOPAYA (V. DE INDEPENDENCIA),consulta externa,nuevas en personas de 60 anos o mas,2005-06-01,56,69,56,69,125
AZURDUY,consulta externa,nuevas en personas de 60 anos o mas,2005-06-01,63,77,63,77,140
BATALLAS,consulta externa,nuevas en personas de 60 anos o mas,2005-06-01,34,25,34,25,59
BAURES,consulta externa,nuevas en personas de 60 anos o mas,2005-06-01,31,22,31,22,53
BELEN DE ANDAMARCA,consulta externa,nuevas en personas de 60 anos o mas,2005-06-01,2,5,2,5,7
BELEN DE URMIRI,consulta externa,nuevas en personas de 60 anos o mas,2005-06-01,10,12,10,12,22
BELLA FLOR,consulta externa,nuevas en personas de 60 anos o mas,2005-06-01,8,3,8,3,11
BERMEJO,consulta externa,nuevas en personas de 60 anos o mas,2005-06-01,439,327,439,327,766
BETANZOS,consulta externa,nuevas en personas de 60 anos o mas,2005-06-01,116,174,116,174,290
BOLIVAR,consulta externa,nuevas en personas de 60 anos o mas,2005-06-01,6,15,6,15,21
BOLPEBRA,consulta externa,nuevas en personas de 60 anos o mas,2005-06-01,0,8,0,8,8
BOYUIBE,consulta externa,nuevas en personas de 60 anos o mas,2005-06-01,9,17,9,17,26
BUENA VISTA,consulta externa,nuevas en personas de 60 anos o mas,2005-06-01,89,59,89,59,148
CABEZAS,consulta externa,nuevas en personas de 60 anos o mas,2005-06-01,19,24,19,24,43
CAIROMA,consulta externa,nuevas en personas de 60 anos o mas,2005-06-01,26,21,26,21,47
"CAIZA ""D""",consulta externa,nuevas en personas de 60 anos o mas,2005-06-01,53,78,53,78,131
CAJUATA,consulta externa,nuevas en personas de 60 anos o mas,2005-06-01,47,32,47,32,79
CALACOTO,consulta externa,nuevas en personas de 60 anos o mas,2005-06-01,37,38,37,38,75
CALAMARCA,consulta externa,nuevas en personas de 60 anos o mas,2005-06-01,17,13,17,13,30
CAMARGO,consulta externa,nuevas en personas de 60 anos o mas,2005-06-01,169,211,169,211,380
CAMATAQUI (C. VILLA ABECIA),consulta externa,nuevas en personas de 60 anos o mas,2005-06-01,18,12,18,12,30
CAMIRI,consulta externa,nuevas en personas de 60 anos o mas,2005-06-01,656,850,656,850,1506
CAPINOTA,consulta externa,nuevas en personas de 60 anos o mas,2005-06-01,57,61,57,61,118
CAQUIAVIRI,consulta externa,nuevas en personas de 60 anos o mas,2005-06-01,37,54,37,54,91
CARACOLLO,consulta externa,nuevas en personas de 60 anos o mas,2005-06-01,38,41,38,41,79
CARANAVI,consulta externa,nuevas en personas de 60 anos o mas,2005-06-01,121,79,121,79,200
CARANGAS,consulta externa,nuevas en personas de 60 anos o mas,2005-06-01,1,0,1,0,1
CARAPARI,consulta externa,nuevas en personas de 60 anos o mas,2005-06-01,38,41,38,41,79
CARIPUYO,consulta externa,nuevas en personas de 60 anos o mas,2005-06-01,14,21,14,21,35
CARMEN RIVERO TORREZ,consulta externa,nuevas en personas de 60 anos o mas,2005-06-01,2,2,2,2,4
CATACORA,consulta externa,nuevas en personas de 60 anos o mas,2005-06-01,6,3,6,3,9
CHACARILLA,consulta externa,nuevas en personas de 60 anos o mas,2005-06-01,1,1,1,1,2
CHALLAPATA,consulta externa,nuevas en personas de 60 anos o mas,2005-06-01,52,58,52,58,110
CHAQUI,consulta externa,nuevas en personas de 60 anos o mas,2005-06-01,26,40,26,40,66
CHARAGUA,consulta externa,nuevas en personas de 60 anos o mas,2005-06-01,42,48,42,48,90
CHARAÑA,consulta externa,nuevas en personas de 60 anos o mas,2005-06-01,5,7,5,7,12
CHAYANTA,consulta externa,nuevas en personas de 60 anos o mas,2005-06-01,38,79,38,79,117
CHIMORE,consulta externa,nuevas en personas de 60 anos o mas,2005-06-01,15,8,15,8,23
CHIPAYA,consulta externa,nuevas en personas de 60 anos o mas,2005-06-01,5,3,5,3,8
CHOQUE COTA,consulta externa,nuevas en personas de 60 anos o mas,2005-06-01,1,3,1,3,4
CHULUMANI (V. DE LA LIBERTAD),consulta externa,nuevas en personas de 60 anos o mas,2005-06-01,63,51,63,51,114
CHUMA,consulta externa,nuevas en personas de 60 anos o mas,2005-06-01,42,63,42,63,105
CLIZA,consulta externa,nuevas en personas de 60 anos o mas,2005-06-01,25,21,25,21,46
COBIJA,consulta externa,nuevas en personas de 60 anos o mas,2005-06-01,117,197,117,197,314
COCHABAMBA,consulta externa,nuevas en personas de 60 anos o mas,2005-06-01,3842,5073,3842,5073,8915
COIPASA,consulta externa,nuevas en personas de 60 anos o mas,2005-06-01,2,0,2,0,2
COLCAPIRHUA,consulta externa,nuevas en personas de 60 anos o mas,2005-06-01,79,162,79,162,241
"COLCHA ""K""",consulta externa,nuevas en personas de 60 anos o mas,2005-06-01,68,84,68,84,152
COLLANA,consulta externa,nuevas en personas de 60 anos o mas,2005-06-01,17,20,17,20,37
COLOMI,consulta externa,nuevas en personas de 60 anos o mas,2005-06-01,18,17,18,17,35
COLPA BELGICA,consulta externa,nuevas en personas de 60 anos o mas,2005-06-01,47,22,47,22,69
COLQUECHACA,consulta externa,nuevas en personas de 60 anos o mas,2005-06-01,59,75,59,75,134
COLQUENCHA,consulta externa,nuevas en personas de 60 anos o mas,2005-06-01,19,21,19,21,40
COLQUIRI,consulta externa,nuevas en personas de 60 anos o mas,2005-06-01,44,27,44,27,71
COMANCHE,consulta externa,nuevas en personas de 60 anos o mas,2005-06-01,11,16,11,16,27
COMARAPA,consulta externa,nuevas en personas de 60 anos o mas,2005-06-01,89,103,89,103,192
COMBAYA,consulta externa,nuevas en personas de 60 anos o mas,2005-06-01,5,14,5,14,19
CONCEPCION,consulta externa,nuevas en personas de 60 anos o mas,2005-06-01,46,40,46,40,86
COPACABANA,consulta externa,nuevas en personas de 60 anos o mas,2005-06-01,7,15,7,15,22
CORIPATA,consulta externa,nuevas en personas de 60 anos o mas,2005-06-01,33,15,33,15,48
CORO CORO,consulta externa,nuevas en personas de 60 anos o mas,2005-06-01,26,20,26,20,46
COROICO,consulta externa,nuevas en personas de 60 anos o mas,2005-06-01,50,37,50,37,87
CORQUE,consulta externa,nuevas en personas de 60 anos o mas,2005-06-01,43,39,43,39,82
COTAGAITA,consulta externa,nuevas en personas de 60 anos o mas,2005-06-01,191,314,191,314,505
COTOCA,consulta externa,nuevas en personas de 60 anos o mas,2005-06-01,107,121,107,121,228
CUATRO CAÑADAS,consulta externa,nuevas en personas de 60 anos o mas,2005-06-01,23,18,23,18,41
CUCHUMUELA (V. G. VILLARROEL),consulta externa,nuevas en personas de 60 anos o mas,2005-06-01,3,7,3,7,10
CUEVO,consulta externa,nuevas en personas de 60 anos o mas,2005-06-01,14,30,14,30,44
CULPINA,consulta externa,nuevas en personas de 60 anos o mas,2005-06-01,41,61,41,61,102
CURAHUARA DE CARANGAS,consulta externa,nuevas en personas de 60 anos o mas,2005-06-01,25,28,25,28,53
CURVA,consulta externa,nuevas en personas de 60 anos o mas,2005-06-01,7,18,7,18,25
DESAGUADERO,consulta externa,nuevas en personas de 60 anos o mas,2005-06-01,11,15,11,15,26
EL ALTO,consulta externa,nuevas en personas de 60 anos o mas,2005-06-01,1045,1235,1045,1235,2280
EL CHORO,consulta externa,nuevas en personas de 60 anos o mas,2005-06-01,14,21,14,21,35
EL PUENTE(STC),consulta externa,nuevas en personas de 60 anos o mas,2005-06-01,16,7,16,7,23
EL PUENTE(TJA),consulta externa,nuevas en personas de 60 anos o mas,2005-06-01,25,48,25,48,73
EL TORNO,consulta externa,nuevas en personas de 60 anos o mas,2005-06-01,137,168,137,168,305
EL VILLAR,consulta externa,nuevas en personas de 60 anos o mas,2005-06-01,15,37,15,37,52
ENTRE RIOS,consulta externa,nuevas en personas de 60 anos o mas,2005-06-01,53,59,53,59,112
ENTRE RIOS,consulta externa,nuevas en personas de 60 anos o mas,2005-06-01,11,3,11,3,14
ESCARA,consulta externa,nuevas en personas de 60 anos o mas,2005-06-01,4,1,4,1,5
EUCALIPTUS,consulta externa,nuevas en personas de 60 anos o mas,2005-06-01,12,9,12,9,21
EUREKA (SANTOS MERCADO),consulta externa,nuevas en personas de 60 anos o mas,2005-06-01,1,1,1,1,2
EXALTACION,consulta externa,nuevas en personas de 60 anos o mas,2005-06-01,7,8,7,8,15
FERNANDEZ ALONSO,consulta externa,nuevas en personas de 60 anos o mas,2005-06-01,21,27,21,27,48
FILADELFIA,consulta externa,nuevas en personas de 60 anos o mas,2005-06-01,5,5,5,5,10
GENERAL SAAVEDRA,consulta externa,nuevas en personas de 60 anos o mas,2005-06-01,25,31,25,31,56
GRAL. J.J. PEREZ (CHARAZANI),consulta externa,nuevas en personas de 60 anos o mas,2005-06-01,11,17,11,17,28
GUANAY,consulta externa,nuevas en personas de 60 anos o mas,2005-06-01,66,55,66,55,121
GUAQUI,consulta externa,nuevas en personas de 60 anos o mas,2005-06-01,21,25,21,25,46
GUAYARAMERIN,consulta externa,nuevas en personas de 60 anos o mas,2005-06-01,257,461,257,461,718
GUTIERREZ,consulta externa,nuevas en personas de 60 anos o mas,2005-06-01,29,50,29,50,79
HUACARETA,consulta externa,nuevas en personas de 60 anos o mas,2005-06-01,42,53,42,53,95
HUACAYA (VILLA DE HUACAYA),consulta externa,nuevas en personas de 60 anos o mas,2005-06-01,11,22,11,22,33
HUACHACALLA,consulta externa,nuevas en personas de 60 anos o mas,2005-06-01,5,2,5,2,7
HUANUNI,consulta externa,nuevas en personas de 60 anos o mas,2005-06-01,86,77,86,77,163
HUARACAJE,consulta externa,nuevas en personas de 60 anos o mas,2005-06-01,8,9,8,9,17
HUAYLLAMARCA,consulta externa,nuevas en personas de 60 anos o mas,2005-06-01,15,19,15,19,34
ICHOCA,consulta externa,nuevas en personas de 60 anos o mas,2005-06-01,12,9,12,9,21
ICLA,consulta externa,nuevas en personas de 60 anos o mas,2005-06-01,24,42,24,42,66
INCAHUASI,consulta externa,nuevas en personas de 60 anos o mas,2005-06-01,25,71,25,71,96
INGAVI (HUMAITA),consulta externa,nuevas en personas de 60 anos o mas,2005-06-01,1,0,1,0,1
INQUISIVI,consulta externa,nuevas en personas de 60 anos o mas,2005-06-01,22,18,22,18,40
IRUPANA (VILLA DE LANZA),consulta externa,nuevas en personas de 60 anos o mas,2005-06-01,58,45,58,45,103
IXIAMAS,consulta externa,nuevas en personas de 60 anos o mas,2005-06-01,8,7,8,7,15
JESUS DE MACHACA,consulta externa,nuevas en personas de 60 anos o mas,2005-06-01,35,49,35,49,84
LA ASUNTA,consulta externa,nuevas en personas de 60 anos o mas,2005-06-01,35,22,35,22,57
LA GUARDIA,consulta externa,nuevas en personas de 60 anos o mas,2005-06-01,24,20,24,20,44
LA PAZ,consulta externa,nuevas en personas de 60 anos o mas,2005-06-01,6327,7061,6327,7061,13388
LA RIVERA,consulta externa,nuevas en personas de 60 anos o mas,2005-06-01,2,2,2,2,4
LAGUNILLAS,consulta externa,nuevas en personas de 60 anos o mas,2005-06-01,20,30,20,30,50
LAJA,consulta externa,nuevas en personas de 60 anos o mas,2005-06-01,21,17,21,17,38
LAS CARRERAS,consulta externa,nuevas en personas de 60 anos o mas,2005-06-01,18,22,18,22,40
LICOMA PAMPA,consulta externa,nuevas en personas de 60 anos o mas,2005-06-01,5,0,5,0,5
LLALLAGUA,consulta externa,nuevas en personas de 60 anos o mas,2005-06-01,134,215,134,215,349
LLICA,consulta externa,nuevas en personas de 60 anos o mas,2005-06-01,47,45,47,45,92
LORETO,consulta externa,nuevas en personas de 60 anos o mas,2005-06-01,4,4,4,4,8
LURIBAY,consulta externa,nuevas en personas de 60 anos o mas,2005-06-01,58,29,58,29,87
MACHACAMARCA,consulta externa,nuevas en personas de 60 anos o mas,2005-06-01,56,56,56,56,112
MACHARETI,consulta externa,nuevas en personas de 60 anos o mas,2005-06-01,62,59,62,59,121
MAGDALENA,consulta externa,nuevas en personas de 60 anos o mas,2005-06-01,48,33,48,33,81
MAIRANA,consulta externa,nuevas en personas de 60 anos o mas,2005-06-01,38,69,38,69,107
MALLA,consulta externa,nuevas en personas de 60 anos o mas,2005-06-01,11,11,11,11,22
MAPIRI,consulta externa,nuevas en personas de 60 anos o mas,2005-06-01,39,25,39,25,64
MECAPACA,consulta externa,nuevas en personas de 60 anos o mas,2005-06-01,37,33,37,33,70
MINEROS,consulta externa,nuevas en personas de 60 anos o mas,2005-06-01,18,21,18,21,39
MIZQUE,consulta externa,nuevas en personas de 60 anos o mas,2005-06-01,16,28,16,28,44
MOCOMOCO,consulta externa,nuevas en personas de 60 anos o mas,2005-06-01,57,47,57,47,104
MOJINETE,consulta externa,nuevas en personas de 60 anos o mas,2005-06-01,11,18,11,18,29
MOJOCOYA,consulta externa,nuevas en personas de 60 anos o mas,2005-06-01,23,47,23,47,70
MONTEAGUDO,consulta externa,nuevas en personas de 60 anos o mas,2005-06-01,185,252,185,252,437
MONTERO,consulta externa,nuevas en personas de 60 anos o mas,2005-06-01,360,463,360,463,823
MORO MORO,consulta externa,nuevas en personas de 60 anos o mas,2005-06-01,15,28,15,28,43
MOROCHATA,consulta externa,nuevas en personas de 60 anos o mas,2005-06-01,23,25,23,25,48
NACEBE (SANTA ROSA DEL ABUNA),consulta externa,nuevas en personas de 60 anos o mas,2005-06-01,8,3,8,3,11
NAZACARA DE PACAJES,consulta externa,nuevas en personas de 60 anos o mas,2005-06-01,1,4,1,4,5
NUEVO MANOA (NUEVA ESPERANZA),consulta externa,nuevas en personas de 60 anos o mas,2005-06-01,0,1,0,1,1
OCURI,consulta externa,nuevas en personas de 60 anos o mas,2005-06-01,28,36,28,36,64
OKINAWA,consulta externa,nuevas en personas de 60 anos o mas,2005-06-01,55,59,55,59,114
OMEREQUE,consulta externa,nuevas en personas de 60 anos o mas,2005-06-01,27,29,27,29,56
ORURO,consulta externa,nuevas en personas de 60 anos o mas,2005-06-01,2221,2316,2221,2316,4537
PADCAYA,consulta externa,nuevas en personas de 60 anos o mas,2005-06-01,66,79,66,79,145
PADILLA,consulta externa,nuevas en personas de 60 anos o mas,2005-06-01,118,220,118,220,338
PAILON,consulta externa,nuevas en personas de 60 anos o mas,2005-06-01,17,19,17,19,36
PALCA,consulta externa,nuevas en personas de 60 anos o mas,2005-06-01,25,12,25,12,37
PALOS BLANCOS,consulta externa,nuevas en personas de 60 anos o mas,2005-06-01,43,22,43,22,65
PAMPA AULLAGAS,consulta externa,nuevas en personas de 60 anos o mas,2005-06-01,2,7,2,7,9
PAMPA GRANDE,consulta externa,nuevas en personas de 60 anos o mas,2005-06-01,18,29,18,29,47
PAPEL PAMPA,consulta externa,nuevas en personas de 60 anos o mas,2005-06-01,24,18,24,18,42
PASORAPA,consulta externa,nuevas en personas de 60 anos o mas,2005-06-01,5,15,5,15,20
PATACAMAYA,consulta externa,nuevas en personas de 60 anos o mas,2005-06-01,52,107,52,107,159
PAZÑA,consulta externa,nuevas en personas de 60 anos o mas,2005-06-01,41,52,41,52,93
PELECHUCO,consulta externa,nuevas en personas de 60 anos o mas,2005-06-01,24,15,24,15,39
POCOATA,consulta externa,nuevas en personas de 60 anos o mas,2005-06-01,70,85,70,85,155
POCONA,consulta externa,nuevas en personas de 60 anos o mas,2005-06-01,25,29,25,29,54
POJO (CBBA),consulta externa,nuevas en personas de 60 anos o mas,2005-06-01,10,11,10,11,21
POOPO,consulta externa,nuevas en personas de 60 anos o mas,2005-06-01,49,75,49,75,124
PORCO,consulta externa,nuevas en personas de 60 anos o mas,2005-06-01,12,21,12,21,33
POROMA,consulta externa,nuevas en personas de 60 anos o mas,2005-06-01,37,52,37,52,89
PORONGO,consulta externa,nuevas en personas de 60 anos o mas,2005-06-01,24,27,24,27,51
PORTACHUELO,consulta externa,nuevas en personas de 60 anos o mas,2005-06-01,99,110,99,110,209
PORVENIR,consulta externa,nuevas en personas de 60 anos o mas,2005-06-01,9,7,9,7,16
POSTRER VALLE,consulta externa,nuevas en personas de 60 anos o mas,2005-06-01,22,24,22,24,46
POTOSI,consulta externa,nuevas en personas de 60 anos o mas,2005-06-01,1136,1385,1136,1385,2521
PRESTO,consulta externa,nuevas en personas de 60 anos o mas,2005-06-01,14,32,14,32,46
PUCARA,consulta externa,nuevas en personas de 60 anos o mas,2005-06-01,23,43,23,43,66
PUCARANI,consulta externa,nuevas en personas de 60 anos o mas,2005-06-01,58,20,58,20,78
PUERTO ACOSTA,consulta externa,nuevas en personas de 60 anos o mas,2005-06-01,119,87,119,87,206
PUERTO CARABUCO,consulta externa,nuevas en personas de 60 anos o mas,2005-06-01,57,41,57,41,98
PUERTO GONZALO MORENO,consulta externa,nuevas en personas de 60 anos o mas,2005-06-01,10,16,10,16,26
PUERTO PEREZ,consulta externa,nuevas en personas de 60 anos o mas,2005-06-01,38,24,38,24,62
PUERTO QUIJARRO,consulta externa,nuevas en personas de 60 anos o mas,2005-06-01,81,68,81,68,149
PUERTO RICO,consulta externa,nuevas en personas de 60 anos o mas,2005-06-01,13,9,13,9,22
PUERTO SILES,consulta externa,nuevas en personas de 60 anos o mas,2005-06-01,2,0,2,0,2
PUERTO SUAREZ,consulta externa,nuevas en personas de 60 anos o mas,2005-06-01,85,106,85,106,191
PUERTO VILLARROEL,consulta externa,nuevas en personas de 60 anos o mas,2005-06-01,31,28,31,28,59
PUNA,consulta externa,nuevas en personas de 60 anos o mas,2005-06-01,107,202,107,202,309
PUNATA,consulta externa,nuevas en personas de 60 anos o mas,2005-06-01,96,146,96,146,242
QUIABAYA,consulta externa,nuevas en personas de 60 anos o mas,2005-06-01,12,10,12,10,22
QUILLACOLLO,consulta externa,nuevas en personas de 60 anos o mas,2005-06-01,334,367,334,367,701
QUIME,consulta externa,nuevas en personas de 60 anos o mas,2005-06-01,18,16,18,16,34
QUIRUSILLAS,consulta externa,nuevas en personas de 60 anos o mas,2005-06-01,9,16,9,16,25
RAVELO,consulta externa,nuevas en personas de 60 anos o mas,2005-06-01,47,76,47,76,123
REYES,consulta externa,nuevas en personas de 60 anos o mas,2005-06-01,64,67,64,67,131
RIBERALTA,consulta externa,nuevas en personas de 60 anos o mas,2005-06-01,71,73,71,73,144
ROBORE,consulta externa,nuevas en personas de 60 anos o mas,2005-06-01,47,59,47,59,106
RURRENABAQUE,consulta externa,nuevas en personas de 60 anos o mas,2005-06-01,154,124,154,124,278
SABAYA,consulta externa,nuevas en personas de 60 anos o mas,2005-06-01,16,16,16,16,32
SACABA,consulta externa,nuevas en personas de 60 anos o mas,2005-06-01,139,168,139,168,307
SACABAMBA,consulta externa,nuevas en personas de 60 anos o mas,2005-06-01,14,14,14,14,28
SACACA,consulta externa,nuevas en personas de 60 anos o mas,2005-06-01,35,88,35,88,123
SAIPINA,consulta externa,nuevas en personas de 60 anos o mas,2005-06-01,53,45,53,45,98
SALINAS DE GARCI MENDOZA,consulta externa,nuevas en personas de 60 anos o mas,2005-06-01,41,32,41,32,73
SAMAIPATA,consulta externa,nuevas en personas de 60 anos o mas,2005-06-01,64,64,64,64,128
SAN AGUSTIN,consulta externa,nuevas en personas de 60 anos o mas,2005-06-01,6,7,6,7,13
SAN ANDRES,consulta externa,nuevas en personas de 60 anos o mas,2005-06-01,13,17,13,17,30
SAN ANDRES DE MACHACA,consulta externa,nuevas en personas de 60 anos o mas,2005-06-01,25,37,25,37,62
SAN ANTONIO DE ESMORUCO,consulta externa,nuevas en personas de 60 anos o mas,2005-06-01,12,12,12,12,24
SAN ANTONIO DE LOMERIO,consulta externa,nuevas en personas de 60 anos o mas,2005-06-01,7,8,7,8,15
SAN BENITO,consulta externa,nuevas en personas de 60 anos o mas,2005-06-01,3,26,3,26,29
SAN BORJA,consulta externa,nuevas en personas de 60 anos o mas,2005-06-01,87,69,87,69,156
SAN BUENA VENTURA,consulta externa,nuevas en personas de 60 anos o mas,2005-06-01,3,14,3,14,17
SAN CARLOS,consulta externa,nuevas en personas de 60 anos o mas,2005-06-01,95,90,95,90,185
SAN IGNACIO,consulta externa,nuevas en personas de 60 anos o mas,2005-06-01,58,86,58,86,144
SAN IGNACIO DE VELASCO,consulta externa,nuevas en personas de 60 anos o mas,2005-06-01,154,198,154,198,352
SAN JAVIER(BNI),consulta externa,nuevas en personas de 60 anos o mas,2005-06-01,5,7,5,7,12
SAN JAVIER(STC),consulta externa,nuevas en personas de 60 anos o mas,2005-06-01,5,9,5,9,14
SAN JOAQUIN,consulta externa,nuevas en personas de 60 anos o mas,2005-06-01,20,35,20,35,55
SAN JOSE DE CHIQUITOS,consulta externa,nuevas en personas de 60 anos o mas,2005-06-01,101,108,101,108,209
SAN JUAN DE YAPACANI,consulta externa,nuevas en personas de 60 anos o mas,2005-06-01,26,37,26,37,63
SAN JULIAN,consulta externa,nuevas en personas de 60 anos o mas,2005-06-01,56,50,56,50,106
SAN LORENZO(PND),consulta externa,nuevas en personas de 60 anos o mas,2005-06-01,5,8,5,8,13
SAN LORENZO(TJA),consulta externa,nuevas en personas de 60 anos o mas,2005-06-01,49,84,49,84,133
SAN LUCAS,consulta externa,nuevas en personas de 60 anos o mas,2005-06-01,89,152,89,152,241
SAN MATIAS,consulta externa,nuevas en personas de 60 anos o mas,2005-06-01,19,13,19,13,32
SAN MIGUEL DE VELASCO,consulta externa,nuevas en personas de 60 anos o mas,2005-06-01,49,57,49,57,106
SAN PABLO DE LIPEZ,consulta externa,nuevas en personas de 60 anos o mas,2005-06-01,15,15,15,15,30
SAN PEDRO,consulta externa,nuevas en personas de 60 anos o mas,2005-06-01,35,26,35,26,61
SAN PEDRO DE BUENA VISTA,consulta externa,nuevas en personas de 60 anos o mas,2005-06-01,41,56,41,56,97
SAN PEDRO DE CURAHUARA,consulta externa,nuevas en personas de 60 anos o mas,2005-06-01,13,9,13,9,22
SAN PEDRO DE QUEMES,consulta externa,nuevas en personas de 60 anos o mas,2005-06-01,1,1,1,1,2
SAN PEDRO DE TIQUINA,consulta externa,nuevas en personas de 60 anos o mas,2005-06-01,33,31,33,31,64
SAN PEDRO(PND),consulta externa,nuevas en personas de 60 anos o mas,2005-06-01,2,3,2,3,5
SAN RAFAEL,consulta externa,nuevas en personas de 60 anos o mas,2005-06-01,8,8,8,8,16
SAN RAMON,consulta externa,nuevas en personas de 60 anos o mas,2005-06-01,70,48,70,48,118
SAN RAMON,consulta externa,nuevas en personas de 60 anos o mas,2005-06-01,9,13,9,13,22
SANTA ANA,consulta externa,nuevas en personas de 60 anos o mas,2005-06-01,112,137,112,137,249
SANTA CRUZ DE LA SIERRA,consulta externa,nuevas en personas de 60 anos o mas,2005-06-01,5341,6748,5341,6748,12089
SANTA ROSA,consulta externa,nuevas en personas de 60 anos o mas,2005-06-01,2,10,2,10,12
SANTA ROSA DEL SARA,consulta externa,nuevas en personas de 60 anos o mas,2005-06-01,51,28,51,28,79
SANTIAGO DE CALLAPA,consulta externa,nuevas en personas de 60 anos o mas,2005-06-01,41,21,41,21,62
SANTIAGO DE HUARI,consulta externa,nuevas en personas de 60 anos o mas,2005-06-01,59,64,59,64,123
SANTIAGO DE MACHACA,consulta externa,nuevas en personas de 60 anos o mas,2005-06-01,12,10,12,10,22
SANTIVAÑES,consulta externa,nuevas en personas de 60 anos o mas,2005-06-01,18,42,18,42,60
SANTUARIO DE QUILLACAS,consulta externa,nuevas en personas de 60 anos o mas,2005-06-01,11,11,11,11,22
SAPAHAQUI,consulta externa,nuevas en personas de 60 anos o mas,2005-06-01,24,38,24,38,62
SENA,consulta externa,nuevas en personas de 60 anos o mas,2005-06-01,2,1,2,1,3
SICA SICA (VILLA AROMA),consulta externa,nuevas en personas de 60 anos o mas,2005-06-01,45,40,45,40,85
SICAYA,consulta externa,nuevas en personas de 60 anos o mas,2005-06-01,3,5,3,5,8
SIPE SIPE,consulta externa,nuevas en personas de 60 anos o mas,2005-06-01,26,29,26,29,55
SOPACHUY,consulta externa,nuevas en personas de 60 anos o mas,2005-06-01,14,29,14,29,43
SORACACHI,consulta externa,nuevas en personas de 60 anos o mas,2005-06-01,14,13,14,13,27
SORATA,consulta externa,nuevas en personas de 60 anos o mas,2005-06-01,42,53,42,53,95
SUCRE,consulta externa,nuevas en personas de 60 anos o mas,2005-06-01,2097,3053,2097,3053,5150
TACACHI,consulta externa,nuevas en personas de 60 anos o mas,2005-06-01,1,6,1,6,7
TACACOMA,consulta externa,nuevas en personas de 60 anos o mas,2005-06-01,9,5,9,5,14
TACOBAMBA,consulta externa,nuevas en personas de 60 anos o mas,2005-06-01,20,44,20,44,64
TACOPAYA,consulta externa,nuevas en personas de 60 anos o mas,2005-06-01,15,28,15,28,43
TAHUA,consulta externa,nuevas en personas de 60 anos o mas,2005-06-01,8,19,8,19,27
TAPACARI,consulta externa,nuevas en personas de 60 anos o mas,2005-06-01,40,55,40,55,95
TARABUCO,consulta externa,nuevas en personas de 60 anos o mas,2005-06-01,62,86,62,86,148
TARACO,consulta externa,nuevas en personas de 60 anos o mas,2005-06-01,17,19,17,19,36
TARATA,consulta externa,nuevas en personas de 60 anos o mas,2005-06-01,10,16,10,16,26
TARIJA,consulta externa,nuevas en personas de 60 anos o mas,2005-06-01,1916,2168,1916,2168,4084
TARVITA,consulta externa,nuevas en personas de 60 anos o mas,2005-06-01,54,59,54,59,113
TEOPONTE,consulta externa,nuevas en personas de 60 anos o mas,2005-06-01,39,17,39,17,56
TIAWANACU,consulta externa,nuevas en personas de 60 anos o mas,2005-06-01,27,23,27,23,50
TINGUIPAYA,consulta externa,nuevas en personas de 60 anos o mas,2005-06-01,41,40,41,40,81
TIPUANI,consulta externa,nuevas en personas de 60 anos o mas,2005-06-01,10,11,10,11,21
TIQUIPAYA,consulta externa,nuevas en personas de 60 anos o mas,2005-06-01,10,10,10,10,20
TIRAQUE (CBBA),consulta externa,nuevas en personas de 60 anos o mas,2005-06-01,48,46,48,46,94
TITO YUPANQUI (PARQUIPUJIO),consulta externa,nuevas en personas de 60 anos o mas,2005-06-01,18,11,18,11,29
TOCO,consulta externa,nuevas en personas de 60 anos o mas,2005-06-01,10,8,10,8,18
TODOS SANTOS,consulta externa,nuevas en personas de 60 anos o mas,2005-06-01,1,1,1,1,2
TOLATA,consulta externa,nuevas en personas de 60 anos o mas,2005-06-01,5,10,5,10,15
TOLEDO,consulta externa,nuevas en personas de 60 anos o mas,2005-06-01,35,23,35,23,58
TOMAVE,consulta externa,nuevas en personas de 60 anos o mas,2005-06-01,41,62,41,62,103
TOMINA,consulta externa,nuevas en personas de 60 anos o mas,2005-06-01,28,24,28,24,52
TORO TORO,consulta externa,nuevas en personas de 60 anos o mas,2005-06-01,23,47,23,47,70
TOTORA(CBBA),consulta externa,nuevas en personas de 60 anos o mas,2005-06-01,21,30,21,30,51
TOTORA(ORR),consulta externa,nuevas en personas de 60 anos o mas,2005-06-01,7,10,7,10,17
TRIGAL,consulta externa,nuevas en personas de 60 anos o mas,2005-06-01,23,24,23,24,47
TRINIDAD,consulta externa,nuevas en personas de 60 anos o mas,2005-06-01,396,328,396,328,724
TUPIZA,consulta externa,nuevas en personas de 60 anos o mas,2005-06-01,348,544,348,544,892
TURCO,consulta externa,nuevas en personas de 60 anos o mas,2005-06-01,17,18,17,18,35
UMALA,consulta externa,nuevas en personas de 60 anos o mas,2005-06-01,6,8,6,8,14
UNCIA,consulta externa,nuevas en personas de 60 anos o mas,2005-06-01,94,126,94,126,220
URIONDO (A. CONCEPCION),consulta externa,nuevas en personas de 60 anos o mas,2005-06-01,14,25,14,25,39
URUBICHA,consulta externa,nuevas en personas de 60 anos o mas,2005-06-01,8,5,8,5,13
UYUNI,consulta externa,nuevas en personas de 60 anos o mas,2005-06-01,156,184,156,184,340
VACAS,consulta externa,nuevas en personas de 60 anos o mas,2005-06-01,29,39,29,39,68
VALLEGRANDE,consulta externa,nuevas en personas de 60 anos o mas,2005-06-01,169,263,169,263,432
VIACHA,consulta externa,nuevas en personas de 60 anos o mas,2005-06-01,207,174,207,174,381
VILA VILA,consulta externa,nuevas en personas de 60 anos o mas,2005-06-01,10,7,10,7,17
VILLA MONTES,consulta externa,nuevas en personas de 60 anos o mas,2005-06-01,141,137,141,137,278
VILLA NUEVA (LOMA ALTA),consulta externa,nuevas en personas de 60 anos o mas,2005-06-01,0,1,0,1,1
VILLA RIVERO,consulta externa,nuevas en personas de 60 anos o mas,2005-06-01,11,17,11,17,28
VILLA SERRANO,consulta externa,nuevas en personas de 60 anos o mas,2005-06-01,36,42,36,42,78
VILLA TUNARI,consulta externa,nuevas en personas de 60 anos o mas,2005-06-01,61,51,61,51,112
VILLA VACA GUZMAN (MUYUPAMPA),consulta externa,nuevas en personas de 60 anos o mas,2005-06-01,64,59,64,59,123
VILLAZON,consulta externa,nuevas en personas de 60 anos o mas,2005-06-01,223,315,223,315,538
VINTO,consulta externa,nuevas en personas de 60 anos o mas,2005-06-01,26,36,26,36,62
VITICHI,consulta externa,nuevas en personas de 60 anos o mas,2005-06-01,50,78,50,78,128
WALDO BALLIVIAN,consulta externa,nuevas en personas de 60 anos o mas,2005-06-01,5,6,5,6,11
WARNES,consulta externa,nuevas en personas de 60 anos o mas,2005-06-01,56,54,56,54,110
YACO,consulta externa,nuevas en personas de 60 anos o mas,2005-06-01,19,12,19,12,31
YACUIBA,consulta externa,nuevas en personas de 60 anos o mas,2005-06-01,385,520,385,520,905
YAMPARAEZ,consulta externa,nuevas en personas de 60 anos o mas,2005-06-01,23,26,23,26,49
YANACACHI,consulta externa,nuevas en personas de 60 anos o mas,2005-06-01,26,22,26,22,48
YAPACANI,consulta externa,nuevas en personas de 60 anos o mas,2005-06-01,126,90,126,90,216
YOCALLA,consulta externa,nuevas en personas de 60 anos o mas,2005-06-01,33,43,33,43,76
YOTALA,consulta externa,nuevas en personas de 60 anos o mas,2005-06-01,31,42,31,42,73
YUNCHARA,consulta externa,nuevas en personas de 60 anos o mas,2005-06-01,26,39,26,39,65
ZUDAÑEZ,consulta externa,nuevas en personas de 60 anos o mas,2005-06-01,23,31,23,31,54
ACACIO,consulta externa,nuevas en personas de 60 anos o mas,2005-07-01,24,39,24,39,63
ACHACACHI,consulta externa,nuevas en personas de 60 anos o mas,2005-07-01,162,140,162,140,302
ACHOCALLA,consulta externa,nuevas en personas de 60 anos o mas,2005-07-01,16,11,16,11,27
AIQUILE,consulta externa,nuevas en personas de 60 anos o mas,2005-07-01,85,129,85,129,214
ALALAY,consulta externa,nuevas en personas de 60 anos o mas,2005-07-01,5,11,5,11,16
ALCALA,consulta externa,nuevas en personas de 60 anos o mas,2005-07-01,20,27,20,27,47
ANCORAIMES,consulta externa,nuevas en personas de 60 anos o mas,2005-07-01,31,16,31,16,47
ANDAMARCA,consulta externa,nuevas en personas de 60 anos o mas,2005-07-01,15,8,15,8,23
ANTEQUERA,consulta externa,nuevas en personas de 60 anos o mas,2005-07-01,1,5,1,5,6
ANZALDO,consulta externa,nuevas en personas de 60 anos o mas,2005-07-01,12,24,12,24,36
APOLO,consulta externa,nuevas en personas de 60 anos o mas,2005-07-01,30,34,30,34,64
ARAMPAMPA,consulta externa,nuevas en personas de 60 anos o mas,2005-07-01,19,14,19,14,33
ARANI,consulta externa,nuevas en personas de 60 anos o mas,2005-07-01,13,20,13,20,33
ARBIETO,consulta externa,nuevas en personas de 60 anos o mas,2005-07-01,15,32,15,32,47
ARQUE,consulta externa,nuevas en personas de 60 anos o mas,2005-07-01,18,19,18,19,37
ASCENCION DE GUARAYOS,consulta externa,nuevas en personas de 60 anos o mas,2005-07-01,13,12,13,12,25
ATOCHA,consulta externa,nuevas en personas de 60 anos o mas,2005-07-01,77,126,77,126,203
AUCAPATA,consulta externa,nuevas en personas de 60 anos o mas,2005-07-01,21,24,21,24,45
AYATA,consulta externa,nuevas en personas de 60 anos o mas,2005-07-01,24,39,24,39,63
AYO AYO,consulta externa,nuevas en personas de 60 anos o mas,2005-07-01,7,13,7,13,20
AYOPAYA (V. DE INDEPENDENCIA),consulta externa,nuevas en personas de 60 anos o mas,2005-07-01,39,85,39,85,124
AZURDUY,consulta externa,nuevas en personas de 60 anos o mas,2005-07-01,59,48,59,48,107
BATALLAS,consulta externa,nuevas en personas de 60 anos o mas,2005-07-01,35,32,35,32,67
BAURES,consulta externa,nuevas en personas de 60 anos o mas,2005-07-01,22,26,22,26,48
BELEN DE ANDAMARCA,consulta externa,nuevas en personas de 60 anos o mas,2005-07-01,11,2,11,2,13
BELEN DE URMIRI,consulta externa,nuevas en personas de 60 anos o mas,2005-07-01,15,9,15,9,24
BELLA FLOR,consulta externa,nuevas en personas de 60 anos o mas,2005-07-01,16,3,16,3,19
BERMEJO,consulta externa,nuevas en personas de 60 anos o mas,2005-07-01,324,225,324,225,549
BETANZOS,consulta externa,nuevas en personas de 60 anos o mas,2005-07-01,163,257,163,257,420
BOLIVAR,consulta externa,nuevas en personas de 60 anos o mas,2005-07-01,19,16,19,16,35
BOLPEBRA,consulta externa,nuevas en personas de 60 anos o mas,2005-07-01,3,5,3,5,8
BOYUIBE,consulta externa,nuevas en personas de 60 anos o mas,2005-07-01,11,22,11,22,33
BUENA VISTA,consulta externa,nuevas en personas de 60 anos o mas,2005-07-01,77,59,77,59,136
CABEZAS,consulta externa,nuevas en personas de 60 anos o mas,2005-07-01,21,18,21,18,39
CAIROMA,consulta externa,nuevas en personas de 60 anos o mas,2005-07-01,26,18,26,18,44
"CAIZA ""D""",consulta externa,nuevas en personas de 60 anos o mas,2005-07-01,75,114,75,114,189
CAJUATA,consulta externa,nuevas en personas de 60 anos o mas,2005-07-01,42,28,42,28,70
CALACOTO,consulta externa,nuevas en personas de 60 anos o mas,2005-07-01,41,26,41,26,67
CALAMARCA,consulta externa,nuevas en personas de 60 anos o mas,2005-07-01,18,12,18,12,30
CAMARGO,consulta externa,nuevas en personas de 60 anos o mas,2005-07-01,246,269,246,269,515
CAMATAQUI (C. VILLA ABECIA),consulta externa,nuevas en personas de 60 anos o mas,2005-07-01,23,21,23,21,44
CAMIRI,consulta externa,nuevas en personas de 60 anos o mas,2005-07-01,602,754,602,754,1356
CAPINOTA,consulta externa,nuevas en personas de 60 anos o mas,2005-07-01,54,73,54,73,127
CAQUIAVIRI,consulta externa,nuevas en personas de 60 anos o mas,2005-07-01,37,55,37,55,92
CARACOLLO,consulta externa,nuevas en personas de 60 anos o mas,2005-07-01,47,41,47,41,88
CARANAVI,consulta externa,nuevas en personas de 60 anos o mas,2005-07-01,109,62,109,62,171
CARANGAS,consulta externa,nuevas en personas de 60 anos o mas,2005-07-01,1,0,1,0,1
CARAPARI,consulta externa,nuevas en personas de 60 anos o mas,2005-07-01,26,48,26,48,74
CARIPUYO,consulta externa,nuevas en personas de 60 anos o mas,2005-07-01,12,21,12,21,33
CARMEN RIVERO TORREZ,consulta externa,nuevas en personas de 60 anos o mas,2005-07-01,19,38,19,38,57
CATACORA,consulta externa,nuevas en personas de 60 anos o mas,2005-07-01,6,4,6,4,10
CHALLAPATA,consulta externa,nuevas en personas de 60 anos o mas,2005-07-01,97,90,97,90,187
CHAQUI,consulta externa,nuevas en personas de 60 anos o mas,2005-07-01,29,53,29,53,82
CHARAGUA,consulta externa,nuevas en personas de 60 anos o mas,2005-07-01,52,70,52,70,122
CHARAÑA,consulta externa,nuevas en personas de 60 anos o mas,2005-07-01,6,9,6,9,15
CHAYANTA,consulta externa,nuevas en personas de 60 anos o mas,2005-07-01,28,52,28,52,80
CHIMORE,consulta externa,nuevas en personas de 60 anos o mas,2005-07-01,28,19,28,19,47
CHIPAYA,consulta externa,nuevas en personas de 60 anos o mas,2005-07-01,7,2,7,2,9
CHOQUE COTA,consulta externa,nuevas en personas de 60 anos o mas,2005-07-01,4,6,4,6,10
CHULUMANI (V. DE LA LIBERTAD),consulta externa,nuevas en personas de 60 anos o mas,2005-07-01,65,52,65,52,117
CHUMA,consulta externa,nuevas en personas de 60 anos o mas,2005-07-01,58,48,58,48,106
CLIZA,consulta externa,nuevas en personas de 60 anos o mas,2005-07-01,28,26,28,26,54
COBIJA,consulta externa,nuevas en personas de 60 anos o mas,2005-07-01,98,146,98,146,244
COCHABAMBA,consulta externa,nuevas en personas de 60 anos o mas,2005-07-01,4414,4784,4414,4784,9198
COIPASA,consulta externa,nuevas en personas de 60 anos o mas,2005-07-01,2,0,2,0,2
COLCAPIRHUA,consulta externa,nuevas en personas de 60 anos o mas,2005-07-01,151,251,151,251,402
"COLCHA ""K""",consulta externa,nuevas en personas de 60 anos o mas,2005-07-01,64,85,64,85,149
COLLANA,consulta externa,nuevas en personas de 60 anos o mas,2005-07-01,15,18,15,18,33
COLOMI,consulta externa,nuevas en personas de 60 anos o mas,2005-07-01,14,20,14,20,34
COLPA BELGICA,consulta externa,nuevas en personas de 60 anos o mas,2005-07-01,29,25,29,25,54
COLQUECHACA,consulta externa,nuevas en personas de 60 anos o mas,2005-07-01,80,116,80,116,196
COLQUENCHA,consulta externa,nuevas en personas de 60 anos o mas,2005-07-01,27,33,27,33,60
COLQUIRI,consulta externa,nuevas en personas de 60 anos o mas,2005-07-01,27,33,27,33,60
COMANCHE,consulta externa,nuevas en personas de 60 anos o mas,2005-07-01,13,10,13,10,23
COMARAPA,consulta externa,nuevas en personas de 60 anos o mas,2005-07-01,122,130,122,130,252
COMBAYA,consulta externa,nuevas en personas de 60 anos o mas,2005-07-01,1,2,1,2,3
CONCEPCION,consulta externa,nuevas en personas de 60 anos o mas,2005-07-01,69,56,69,56,125
COPACABANA,consulta externa,nuevas en personas de 60 anos o mas,2005-07-01,22,21,22,21,43
CORIPATA,consulta externa,nuevas en personas de 60 anos o mas,2005-07-01,26,23,26,23,49
CORO CORO,consulta externa,nuevas en personas de 60 anos o mas,2005-07-01,19,29,19,29,48
COROICO,consulta externa,nuevas en personas de 60 anos o mas,2005-07-01,40,36,40,36,76
CORQUE,consulta externa,nuevas en personas de 60 anos o mas,2005-07-01,36,39,36,39,75
COTAGAITA,consulta externa,nuevas en personas de 60 anos o mas,2005-07-01,179,375,179,375,554
COTOCA,consulta externa,nuevas en personas de 60 anos o mas,2005-07-01,82,150,82,150,232
CUATRO CAÑADAS,consulta externa,nuevas en personas de 60 anos o mas,2005-07-01,15,21,15,21,36
CUCHUMUELA (V. G. VILLARROEL),consulta externa,nuevas en personas de 60 anos o mas,2005-07-01,6,11,6,11,17
CUEVO,consulta externa,nuevas en personas de 60 anos o mas,2005-07-01,14,30,14,30,44
CULPINA,consulta externa,nuevas en personas de 60 anos o mas,2005-07-01,34,44,34,44,78
CURAHUARA DE CARANGAS,consulta externa,nuevas en personas de 60 anos o mas,2005-07-01,41,25,41,25,66
CURVA,consulta externa,nuevas en personas de 60 anos o mas,2005-07-01,9,11,9,11,20
DESAGUADERO,consulta externa,nuevas en personas de 60 anos o mas,2005-07-01,15,21,15,21,36
EL ALTO,consulta externa,nuevas en personas de 60 anos o mas,2005-07-01,1470,1535,1470,1535,3005
EL CHORO,consulta externa,nuevas en personas de 60 anos o mas,2005-07-01,17,17,17,17,34
EL PUENTE(STC),consulta externa,nuevas en personas de 60 anos o mas,2005-07-01,12,17,12,17,29
EL PUENTE(TJA),consulta externa,nuevas en personas de 60 anos o mas,2005-07-01,36,54,36,54,90
EL TORNO,consulta externa,nuevas en personas de 60 anos o mas,2005-07-01,162,166,162,166,328
EL VILLAR,consulta externa,nuevas en personas de 60 anos o mas,2005-07-01,20,38,20,38,58
ENTRE RIOS,consulta externa,nuevas en personas de 60 anos o mas,2005-07-01,68,89,68,89,157
ENTRE RIOS,consulta externa,nuevas en personas de 60 anos o mas,2005-07-01,10,4,10,4,14
EUCALIPTUS,consulta externa,nuevas en personas de 60 anos o mas,2005-07-01,27,16,27,16,43
EUREKA (SANTOS MERCADO),consulta externa,nuevas en personas de 60 anos o mas,2005-07-01,2,2,2,2,4
EXALTACION,consulta externa,nuevas en personas de 60 anos o mas,2005-07-01,12,8,12,8,20
FERNANDEZ ALONSO,consulta externa,nuevas en personas de 60 anos o mas,2005-07-01,24,16,24,16,40
FILADELFIA,consulta externa,nuevas en personas de 60 anos o mas,2005-07-01,6,5,6,5,11
GENERAL SAAVEDRA,consulta externa,nuevas en personas de 60 anos o mas,2005-07-01,20,17,20,17,37
GRAL. J.J. PEREZ (CHARAZANI),consulta externa,nuevas en personas de 60 anos o mas,2005-07-01,27,26,27,26,53
GUANAY,consulta externa,nuevas en personas de 60 anos o mas,2005-07-01,70,63,70,63,133
GUAQUI,consulta externa,nuevas en personas de 60 anos o mas,2005-07-01,17,22,17,22,39
GUAYARAMERIN,consulta externa,nuevas en personas de 60 anos o mas,2005-07-01,141,457,141,457,598
GUTIERREZ,consulta externa,nuevas en personas de 60 anos o mas,2005-07-01,39,45,39,45,84
HUACARETA,consulta externa,nuevas en personas de 60 anos o mas,2005-07-01,55,64,55,64,119
HUACAYA (VILLA DE HUACAYA),consulta externa,nuevas en personas de 60 anos o mas,2005-07-01,13,18,13,18,31
HUACHACALLA,consulta externa,nuevas en personas de 60 anos o mas,2005-07-01,7,6,7,6,13
HUANUNI,consulta externa,nuevas en personas de 60 anos o mas,2005-07-01,99,113,99,113,212
HUARACAJE,consulta externa,nuevas en personas de 60 anos o mas,2005-07-01,3,3,3,3,6
HUAYLLAMARCA,consulta externa,nuevas en personas de 60 anos o mas,2005-07-01,17,37,17,37,54
ICHOCA,consulta externa,nuevas en personas de 60 anos o mas,2005-07-01,11,12,11,12,23
ICLA,consulta externa,nuevas en personas de 60 anos o mas,2005-07-01,18,29,18,29,47
INCAHUASI,consulta externa,nuevas en personas de 60 anos o mas,2005-07-01,38,77,38,77,115
INQUISIVI,consulta externa,nuevas en personas de 60 anos o mas,2005-07-01,26,23,26,23,49
IRUPANA (VILLA DE LANZA),consulta externa,nuevas en personas de 60 anos o mas,2005-07-01,61,59,61,59,120
IXIAMAS,consulta externa,nuevas en personas de 60 anos o mas,2005-07-01,8,5,8,5,13
JESUS DE MACHACA,consulta externa,nuevas en personas de 60 anos o mas,2005-07-01,43,65,43,65,108
LA ASUNTA,consulta externa,nuevas en personas de 60 anos o mas,2005-07-01,19,15,19,15,34
LA GUARDIA,consulta externa,nuevas en personas de 60 anos o mas,2005-07-01,22,22,22,22,44
LA PAZ,consulta externa,nuevas en personas de 60 anos o mas,2005-07-01,6278,7353,6278,7353,13631
LA RIVERA,consulta externa,nuevas en personas de 60 anos o mas,2005-07-01,0,2,0,2,2
LAGUNILLAS,consulta externa,nuevas en personas de 60 anos o mas,2005-07-01,21,30,21,30,51
LAJA,consulta externa,nuevas en personas de 60 anos o mas,2005-07-01,22,26,22,26,48
LAS CARRERAS,consulta externa,nuevas en personas de 60 anos o mas,2005-07-01,21,29,21,29,50
LICOMA PAMPA,consulta externa,nuevas en personas de 60 anos o mas,2005-07-01,4,3,4,3,7
LLALLAGUA,consulta externa,nuevas en personas de 60 anos o mas,2005-07-01,178,237,178,237,415
LLICA,consulta externa,nuevas en personas de 60 anos o mas,2005-07-01,39,35,39,35,74
LORETO,consulta externa,nuevas en personas de 60 anos o mas,2005-07-01,6,6,6,6,12
LURIBAY,consulta externa,nuevas en personas de 60 anos o mas,2005-07-01,36,34,36,34,70
MACHACAMARCA,consulta externa,nuevas en personas de 60 anos o mas,2005-07-01,71,72,71,72,143
MACHARETI,consulta externa,nuevas en personas de 60 anos o mas,2005-07-01,53,61,53,61,114
MAGDALENA,consulta externa,nuevas en personas de 60 anos o mas,2005-07-01,24,21,24,21,45
MAIRANA,consulta externa,nuevas en personas de 60 anos o mas,2005-07-01,38,63,38,63,101
MALLA,consulta externa,nuevas en personas de 60 anos o mas,2005-07-01,3,4,3,4,7
MAPIRI,consulta externa,nuevas en personas de 60 anos o mas,2005-07-01,31,29,31,29,60
MECAPACA,consulta externa,nuevas en personas de 60 anos o mas,2005-07-01,33,23,33,23,56
MINEROS,consulta externa,nuevas en personas de 60 anos o mas,2005-07-01,96,94,96,94,190
MIZQUE,consulta externa,nuevas en personas de 60 anos o mas,2005-07-01,28,12,28,12,40
MOCOMOCO,consulta externa,nuevas en personas de 60 anos o mas,2005-07-01,49,83,49,83,132
MOJINETE,consulta externa,nuevas en personas de 60 anos o mas,2005-07-01,13,13,13,13,26
MOJOCOYA,consulta externa,nuevas en personas de 60 anos o mas,2005-07-01,38,42,38,42,80
MONTEAGUDO,consulta externa,nuevas en personas de 60 anos o mas,2005-07-01,180,231,180,231,411
MONTERO,consulta externa,nuevas en personas de 60 anos o mas,2005-07-01,379,426,379,426,805
MORO MORO,consulta externa,nuevas en personas de 60 anos o mas,2005-07-01,29,50,29,50,79
MOROCHATA,consulta externa,nuevas en personas de 60 anos o mas,2005-07-01,13,19,13,19,32
NAZACARA DE PACAJES,consulta externa,nuevas en personas de 60 anos o mas,2005-07-01,1,0,1,0,1
NUEVO MANOA (NUEVA ESPERANZA),consulta externa,nuevas en personas de 60 anos o mas,2005-07-01,4,2,4,2,6
OCURI,consulta externa,nuevas en personas de 60 anos o mas,2005-07-01,38,44,38,44,82
OKINAWA,consulta externa,nuevas en personas de 60 anos o mas,2005-07-01,40,56,40,56,96
OMEREQUE,consulta externa,nuevas en personas de 60 anos o mas,2005-07-01,12,15,12,15,27
ORURO,consulta externa,nuevas en personas de 60 anos o mas,2005-07-01,2181,2093,2181,2093,4274
PADCAYA,consulta externa,nuevas en personas de 60 anos o mas,2005-07-01,67,72,67,72,139
PADILLA,consulta externa,nuevas en personas de 60 anos o mas,2005-07-01,129,208,129,208,337
PAILON,consulta externa,nuevas en personas de 60 anos o mas,2005-07-01,17,14,17,14,31
PALCA,consulta externa,nuevas en personas de 60 anos o mas,2005-07-01,21,19,21,19,40
PALOS BLANCOS,consulta externa,nuevas en personas de 60 anos o mas,2005-07-01,25,27,25,27,52
PAMPA AULLAGAS,consulta externa,nuevas en personas de 60 anos o mas,2005-07-01,3,7,3,7,10
PAMPA GRANDE,consulta externa,nuevas en personas de 60 anos o mas,2005-07-01,33,29,33,29,62
PAPEL PAMPA,consulta externa,nuevas en personas de 60 anos o mas,2005-07-01,24,18,24,18,42
PASORAPA,consulta externa,nuevas en personas de 60 anos o mas,2005-07-01,6,7,6,7,13
PATACAMAYA,consulta externa,nuevas en personas de 60 anos o mas,2005-07-01,21,21,21,21,42
PAZÑA,consulta externa,nuevas en personas de 60 anos o mas,2005-07-01,38,51,38,51,89
PELECHUCO,consulta externa,nuevas en personas de 60 anos o mas,2005-07-01,22,26,22,26,48
POCOATA,consulta externa,nuevas en personas de 60 anos o mas,2005-07-01,75,86,75,86,161
POCONA,consulta externa,nuevas en personas de 60 anos o mas,2005-07-01,30,43,30,43,73
POJO (CBBA),consulta externa,nuevas en personas de 60 anos o mas,2005-07-01,18,12,18,12,30
POOPO,consulta externa,nuevas en personas de 60 anos o mas,2005-07-01,59,73,59,73,132
PORCO,consulta externa,nuevas en personas de 60 anos o mas,2005-07-01,8,22,8,22,30
POROMA,consulta externa,nuevas en personas de 60 anos o mas,2005-07-01,56,70,56,70,126
PORONGO,consulta externa,nuevas en personas de 60 anos o mas,2005-07-01,18,19,18,19,37
PORTACHUELO,consulta externa,nuevas en personas de 60 anos o mas,2005-07-01,103,146,103,146,249
PORVENIR,consulta externa,nuevas en personas de 60 anos o mas,2005-07-01,9,7,9,7,16
POSTRER VALLE,consulta externa,nuevas en personas de 60 anos o mas,2005-07-01,29,32,29,32,61
POTOSI,consulta externa,nuevas en personas de 60 anos o mas,2005-07-01,1467,1805,1467,1805,3272
PRESTO,consulta externa,nuevas en personas de 60 anos o mas,2005-07-01,15,33,15,33,48
PUCARA,consulta externa,nuevas en personas de 60 anos o mas,2005-07-01,23,42,23,42,65
PUCARANI,consulta externa,nuevas en personas de 60 anos o mas,2005-07-01,38,48,38,48,86
PUERTO ACOSTA,consulta externa,nuevas en personas de 60 anos o mas,2005-07-01,165,113,165,113,278
PUERTO CARABUCO,consulta externa,nuevas en personas de 60 anos o mas,2005-07-01,63,76,63,76,139
PUERTO GONZALO MORENO,consulta externa,nuevas en personas de 60 anos o mas,2005-07-01,12,11,12,11,23
PUERTO PEREZ,consulta externa,nuevas en personas de 60 anos o mas,2005-07-01,26,23,26,23,49
PUERTO QUIJARRO,consulta externa,nuevas en personas de 60 anos o mas,2005-07-01,107,36,107,36,143
PUERTO RICO,consulta externa,nuevas en personas de 60 anos o mas,2005-07-01,12,12,12,12,24
PUERTO SILES,consulta externa,nuevas en personas de 60 anos o mas,2005-07-01,7,5,7,5,12
PUERTO SUAREZ,consulta externa,nuevas en personas de 60 anos o mas,2005-07-01,95,102,95,102,197
PUERTO VILLARROEL,consulta externa,nuevas en personas de 60 anos o mas,2005-07-01,22,20,22,20,42
PUNA,consulta externa,nuevas en personas de 60 anos o mas,2005-07-01,151,232,151,232,383
PUNATA,consulta externa,nuevas en personas de 60 anos o mas,2005-07-01,109,132,109,132,241
QUIABAYA,consulta externa,nuevas en personas de 60 anos o mas,2005-07-01,2,8,2,8,10
QUILLACOLLO,consulta externa,nuevas en personas de 60 anos o mas,2005-07-01,327,365,327,365,692
QUIME,consulta externa,nuevas en personas de 60 anos o mas,2005-07-01,22,28,22,28,50
QUIRUSILLAS,consulta externa,nuevas en personas de 60 anos o mas,2005-07-01,3,4,3,4,7
RAVELO,consulta externa,nuevas en personas de 60 anos o mas,2005-07-01,56,84,56,84,140
REYES,consulta externa,nuevas en personas de 60 anos o mas,2005-07-01,76,95,76,95,171
RIBERALTA,consulta externa,nuevas en personas de 60 anos o mas,2005-07-01,60,55,60,55,115
ROBORE,consulta externa,nuevas en personas de 60 anos o mas,2005-07-01,40,48,40,48,88
RURRENABAQUE,consulta externa,nuevas en personas de 60 anos o mas,2005-07-01,171,172,171,172,343
SABAYA,consulta externa,nuevas en personas de 60 anos o mas,2005-07-01,16,24,16,24,40
SACABA,consulta externa,nuevas en personas de 60 anos o mas,2005-07-01,127,157,127,157,284
SACABAMBA,consulta externa,nuevas en personas de 60 anos o mas,2005-07-01,5,6,5,6,11
SACACA,consulta externa,nuevas en personas de 60 anos o mas,2005-07-01,18,38,18,38,56
SAIPINA,consulta externa,nuevas en personas de 60 anos o mas,2005-07-01,53,53,53,53,106
SALINAS DE GARCI MENDOZA,consulta externa,nuevas en personas de 60 anos o mas,2005-07-01,75,48,75,48,123
SAMAIPATA,consulta externa,nuevas en personas de 60 anos o mas,2005-07-01,55,59,55,59,114
SAN AGUSTIN,consulta externa,nuevas en personas de 60 anos o mas,2005-07-01,9,9,9,9,18
SAN ANDRES,consulta externa,nuevas en personas de 60 anos o mas,2005-07-01,7,12,7,12,19
SAN ANDRES DE MACHACA,consulta externa,nuevas en personas de 60 anos o mas,2005-07-01,33,54,33,54,87
SAN ANTONIO DE ESMORUCO,consulta externa,nuevas en personas de 60 anos o mas,2005-07-01,7,11,7,11,18
SAN ANTONIO DE LOMERIO,consulta externa,nuevas en personas de 60 anos o mas,2005-07-01,6,7,6,7,13
SAN BENITO,consulta externa,nuevas en personas de 60 anos o mas,2005-07-01,21,38,21,38,59
SAN BORJA,consulta externa,nuevas en personas de 60 anos o mas,2005-07-01,86,94,86,94,180
SAN BUENA VENTURA,consulta externa,nuevas en personas de 60 anos o mas,2005-07-01,12,13,12,13,25
SAN CARLOS,consulta externa,nuevas en personas de 60 anos o mas,2005-07-01,83,78,83,78,161
SAN IGNACIO,consulta externa,nuevas en personas de 60 anos o mas,2005-07-01,81,95,81,95,176
SAN IGNACIO DE VELASCO,consulta externa,nuevas en personas de 60 anos o mas,2005-07-01,198,228,198,228,426
SAN JAVIER(BNI),consulta externa,nuevas en personas de 60 anos o mas,2005-07-01,3,7,3,7,10
SAN JAVIER(STC),consulta externa,nuevas en personas de 60 anos o mas,2005-07-01,8,7,8,7,15
SAN JOAQUIN,consulta externa,nuevas en personas de 60 anos o mas,2005-07-01,26,38,26,38,64
SAN JOSE DE CHIQUITOS,consulta externa,nuevas en personas de 60 anos o mas,2005-07-01,83,75,83,75,158
SAN JUAN DE YAPACANI,consulta externa,nuevas en personas de 60 anos o mas,2005-07-01,26,33,26,33,59
SAN JULIAN,consulta externa,nuevas en personas de 60 anos o mas,2005-07-01,49,55,49,55,104
SAN LORENZO(PND),consulta externa,nuevas en personas de 60 anos o mas,2005-07-01,3,4,3,4,7
SAN LORENZO(TJA),consulta externa,nuevas en personas de 60 anos o mas,2005-07-01,47,75,47,75,122
SAN LUCAS,consulta externa,nuevas en personas de 60 anos o mas,2005-07-01,110,182,110,182,292
SAN MATIAS,consulta externa,nuevas en personas de 60 anos o mas,2005-07-01,16,13,16,13,29
SAN MIGUEL DE VELASCO,consulta externa,nuevas en personas de 60 anos o mas,2005-07-01,46,76,46,76,122
SAN PABLO DE LIPEZ,consulta externa,nuevas en personas de 60 anos o mas,2005-07-01,14,19,14,19,33
SAN PEDRO,consulta externa,nuevas en personas de 60 anos o mas,2005-07-01,32,20,32,20,52
SAN PEDRO DE BUENA VISTA,consulta externa,nuevas en personas de 60 anos o mas,2005-07-01,43,66,43,66,109
SAN PEDRO DE CURAHUARA,consulta externa,nuevas en personas de 60 anos o mas,2005-07-01,7,21,7,21,28
SAN PEDRO DE QUEMES,consulta externa,nuevas en personas de 60 anos o mas,2005-07-01,1,4,1,4,5
SAN PEDRO DE TIQUINA,consulta externa,nuevas en personas de 60 anos o mas,2005-07-01,20,30,20,30,50
SAN PEDRO(PND),consulta externa,nuevas en personas de 60 anos o mas,2005-07-01,2,1,2,1,3
SAN RAFAEL,consulta externa,nuevas en personas de 60 anos o mas,2005-07-01,14,12,14,12,26
SAN RAMON,consulta externa,nuevas en personas de 60 anos o mas,2005-07-01,73,93,73,93,166
SAN RAMON,consulta externa,nuevas en personas de 60 anos o mas,2005-07-01,9,15,9,15,24
SANTA ANA,consulta externa,nuevas en personas de 60 anos o mas,2005-07-01,99,120,99,120,219
SANTA CRUZ DE LA SIERRA,consulta externa,nuevas en personas de 60 anos o mas,2005-07-01,4844,6368,4844,6368,11212
SANTA ROSA,consulta externa,nuevas en personas de 60 anos o mas,2005-07-01,69,54,69,54,123
SANTA ROSA DEL SARA,consulta externa,nuevas en personas de 60 anos o mas,2005-07-01,31,22,31,22,53
SANTIAGO DE CALLAPA,consulta externa,nuevas en personas de 60 anos o mas,2005-07-01,16,16,16,16,32
SANTIAGO DE HUARI,consulta externa,nuevas en personas de 60 anos o mas,2005-07-01,48,31,48,31,79
SANTIAGO DE MACHACA,consulta externa,nuevas en personas de 60 anos o mas,2005-07-01,13,13,13,13,26
SANTIVAÑES,consulta externa,nuevas en personas de 60 anos o mas,2005-07-01,24,39,24,39,63
SANTUARIO DE QUILLACAS,consulta externa,nuevas en personas de 60 anos o mas,2005-07-01,2,3,2,3,5
SAPAHAQUI,consulta externa,nuevas en personas de 60 anos o mas,2005-07-01,25,26,25,26,51
SENA,consulta externa,nuevas en personas de 60 anos o mas,2005-07-01,10,5,10,5,15
SICA SICA (VILLA AROMA),consulta externa,nuevas en personas de 60 anos o mas,2005-07-01,42,38,42,38,80
SICAYA,consulta externa,nuevas en personas de 60 anos o mas,2005-07-01,6,6,6,6,12
SIPE SIPE,consulta externa,nuevas en personas de 60 anos o mas,2005-07-01,21,27,21,27,48
SOPACHUY,consulta externa,nuevas en personas de 60 anos o mas,2005-07-01,10,22,10,22,32
SORACACHI,consulta externa,nuevas en personas de 60 anos o mas,2005-07-01,9,11,9,11,20
SORATA,consulta externa,nuevas en personas de 60 anos o mas,2005-07-01,44,41,44,41,85
SUCRE,consulta externa,nuevas en personas de 60 anos o mas,2005-07-01,2150,3174,2150,3174,5324
TACACHI,consulta externa,nuevas en personas de 60 anos o mas,2005-07-01,4,9,4,9,13
TACACOMA,consulta externa,nuevas en personas de 60 anos o mas,2005-07-01,8,11,8,11,19
TACOBAMBA,consulta externa,nuevas en personas de 60 anos o mas,2005-07-01,16,24,16,24,40
TACOPAYA,consulta externa,nuevas en personas de 60 anos o mas,2005-07-01,10,20,10,20,30
TAHUA,consulta externa,nuevas en personas de 60 anos o mas,2005-07-01,10,6,10,6,16
TAPACARI,consulta externa,nuevas en personas de 60 anos o mas,2005-07-01,66,68,66,68,134
TARABUCO,consulta externa,nuevas en personas de 60 anos o mas,2005-07-01,62,121,62,121,183
TARACO,consulta externa,nuevas en personas de 60 anos o mas,2005-07-01,15,18,15,18,33
TARATA,consulta externa,nuevas en personas de 60 anos o mas,2005-07-01,27,9,27,9,36
TARIJA,consulta externa,nuevas en personas de 60 anos o mas,2005-07-01,1580,1750,1580,1750,3330
TARVITA,consulta externa,nuevas en personas de 60 anos o mas,2005-07-01,84,119,84,119,203
TEOPONTE,consulta externa,nuevas en personas de 60 anos o mas,2005-07-01,29,24,29,24,53
TIAWANACU,consulta externa,nuevas en personas de 60 anos o mas,2005-07-01,18,26,18,26,44
TINGUIPAYA,consulta externa,nuevas en personas de 60 anos o mas,2005-07-01,24,41,24,41,65
TIPUANI,consulta externa,nuevas en personas de 60 anos o mas,2005-07-01,13,9,13,9,22
TIQUIPAYA,consulta externa,nuevas en personas de 60 anos o mas,2005-07-01,12,15,12,15,27
TIRAQUE (CBBA),consulta externa,nuevas en personas de 60 anos o mas,2005-07-01,62,63,62,63,125
TITO YUPANQUI (PARQUIPUJIO),consulta externa,nuevas en personas de 60 anos o mas,2005-07-01,17,14,17,14,31
TOCO,consulta externa,nuevas en personas de 60 anos o mas,2005-07-01,7,8,7,8,15
TOLATA,consulta externa,nuevas en personas de 60 anos o mas,2005-07-01,5,13,5,13,18
TOLEDO,consulta externa,nuevas en personas de 60 anos o mas,2005-07-01,20,26,20,26,46
TOMAVE,consulta externa,nuevas en personas de 60 anos o mas,2005-07-01,30,44,30,44,74
TOMINA,consulta externa,nuevas en personas de 60 anos o mas,2005-07-01,32,48,32,48,80
TORO TORO,consulta externa,nuevas en personas de 60 anos o mas,2005-07-01,43,45,43,45,88
TOTORA(CBBA),consulta externa,nuevas en personas de 60 anos o mas,2005-07-01,20,32,20,32,52
TOTORA(ORR),consulta externa,nuevas en personas de 60 anos o mas,2005-07-01,11,11,11,11,22
TRIGAL,consulta externa,nuevas en personas de 60 anos o mas,2005-07-01,25,19,25,19,44
TRINIDAD,consulta externa,nuevas en personas de 60 anos o mas,2005-07-01,343,315,343,315,658
TUPIZA,consulta externa,nuevas en personas de 60 anos o mas,2005-07-01,400,561,400,561,961
TURCO,consulta externa,nuevas en personas de 60 anos o mas,2005-07-01,51,45,51,45,96
UMALA,consulta externa,nuevas en personas de 60 anos o mas,2005-07-01,3,8,3,8,11
UNCIA,consulta externa,nuevas en personas de 60 anos o mas,2005-07-01,104,160,104,160,264
URIONDO (A. CONCEPCION),consulta externa,nuevas en personas de 60 anos o mas,2005-07-01,53,89,53,89,142
URUBICHA,consulta externa,nuevas en personas de 60 anos o mas,2005-07-01,10,11,10,11,21
UYUNI,consulta externa,nuevas en personas de 60 anos o mas,2005-07-01,167,174,167,174,341
VACAS,consulta externa,nuevas en personas de 60 anos o mas,2005-07-01,19,49,19,49,68
VALLEGRANDE,consulta externa,nuevas en personas de 60 anos o mas,2005-07-01,215,256,215,256,471
VIACHA,consulta externa,nuevas en personas de 60 anos o mas,2005-07-01,230,208,230,208,438
VILA VILA,consulta externa,nuevas en personas de 60 anos o mas,2005-07-01,9,9,9,9,18
VILLA MONTES,consulta externa,nuevas en personas de 60 anos o mas,2005-07-01,75,84,75,84,159
VILLA NUEVA (LOMA ALTA),consulta externa,nuevas en personas de 60 anos o mas,2005-07-01,5,4,5,4,9
VILLA RIVERO,consulta externa,nuevas en personas de 60 anos o mas,2005-07-01,18,19,18,19,37
VILLA SERRANO,consulta externa,nuevas en personas de 60 anos o mas,2005-07-01,50,55,50,55,105
VILLA TUNARI,consulta externa,nuevas en personas de 60 anos o mas,2005-07-01,75,67,75,67,142
VILLA VACA GUZMAN (MUYUPAMPA),consulta externa,nuevas en personas de 60 anos o mas,2005-07-01,44,73,44,73,117
VILLAZON,consulta externa,nuevas en personas de 60 anos o mas,2005-07-01,183,282,183,282,465
VINTO,consulta externa,nuevas en personas de 60 anos o mas,2005-07-01,24,24,24,24,48
VITICHI,consulta externa,nuevas en personas de 60 anos o mas,2005-07-01,59,104,59,104,163
WALDO BALLIVIAN,consulta externa,nuevas en personas de 60 anos o mas,2005-07-01,2,3,2,3,5
WARNES,consulta externa,nuevas en personas de 60 anos o mas,2005-07-01,61,77,61,77,138
YACO,consulta externa,nuevas en personas de 60 anos o mas,2005-07-01,10,9,10,9,19
YACUIBA,consulta externa,nuevas en personas de 60 anos o mas,2005-07-01,429,569,429,569,998
YAMPARAEZ,consulta externa,nuevas en personas de 60 anos o mas,2005-07-01,27,64,27,64,91
YANACACHI,consulta externa,nuevas en personas de 60 anos o mas,2005-07-01,37,21,37,21,58
YAPACANI,consulta externa,nuevas en personas de 60 anos o mas,2005-07-01,126,98,126,98,224
YOCALLA,consulta externa,nuevas en personas de 60 anos o mas,2005-07-01,39,53,39,53,92
YOTALA,consulta externa,nuevas en personas de 60 anos o mas,2005-07-01,24,43,24,43,67
YUNCHARA,consulta externa,nuevas en personas de 60 anos o mas,2005-07-01,1,16,1,16,17
ZUDAÑEZ,consulta externa,nuevas en personas de 60 anos o mas,2005-07-01,24,35,24,35,59
ACACIO,consulta externa,nuevas en personas de 60 anos o mas,2005-08-01,26,50,26,50,76
ACHACACHI,consulta externa,nuevas en personas de 60 anos o mas,2005-08-01,152,164,152,164,316
ACHOCALLA,consulta externa,nuevas en personas de 60 anos o mas,2005-08-01,16,17,16,17,33
AIQUILE,consulta externa,nuevas en personas de 60 anos o mas,2005-08-01,100,126,100,126,226
ALALAY,consulta externa,nuevas en personas de 60 anos o mas,2005-08-01,4,11,4,11,15
ALCALA,consulta externa,nuevas en personas de 60 anos o mas,2005-08-01,24,32,24,32,56
ANCORAIMES,consulta externa,nuevas en personas de 60 anos o mas,2005-08-01,27,26,27,26,53
ANDAMARCA,consulta externa,nuevas en personas de 60 anos o mas,2005-08-01,19,21,19,21,40
ANTEQUERA,consulta externa,nuevas en personas de 60 anos o mas,2005-08-01,3,9,3,9,12
ANZALDO,consulta externa,nuevas en personas de 60 anos o mas,2005-08-01,22,27,22,27,49
APOLO,consulta externa,nuevas en personas de 60 anos o mas,2005-08-01,42,48,42,48,90
ARAMPAMPA,consulta externa,nuevas en personas de 60 anos o mas,2005-08-01,10,23,10,23,33
ARANI,consulta externa,nuevas en personas de 60 anos o mas,2005-08-01,10,16,10,16,26
ARBIETO,consulta externa,nuevas en personas de 60 anos o mas,2005-08-01,15,40,15,40,55
ARQUE,consulta externa,nuevas en personas de 60 anos o mas,2005-08-01,8,20,8,20,28
ASCENCION DE GUARAYOS,consulta externa,nuevas en personas de 60 anos o mas,2005-08-01,20,19,20,19,39
ATOCHA,consulta externa,nuevas en personas de 60 anos o mas,2005-08-01,95,120,95,120,215
AUCAPATA,consulta externa,nuevas en personas de 60 anos o mas,2005-08-01,15,15,15,15,30
AYATA,consulta externa,nuevas en personas de 60 anos o mas,2005-08-01,23,31,23,31,54
AYO AYO,consulta externa,nuevas en personas de 60 anos o mas,2005-08-01,7,10,7,10,17
AYOPAYA (V. DE INDEPENDENCIA),consulta externa,nuevas en personas de 60 anos o mas,2005-08-01,56,70,56,70,126
AZURDUY,consulta externa,nuevas en personas de 60 anos o mas,2005-08-01,65,83,65,83,148
BATALLAS,consulta externa,nuevas en personas de 60 anos o mas,2005-08-01,36,40,36,40,76
BAURES,consulta externa,nuevas en personas de 60 anos o mas,2005-08-01,25,33,25,33,58
BELEN DE ANDAMARCA,consulta externa,nuevas en personas de 60 anos o mas,2005-08-01,8,5,8,5,13
BELEN DE URMIRI,consulta externa,nuevas en personas de 60 anos o mas,2005-08-01,23,25,23,25,48
BELLA FLOR,consulta externa,nuevas en personas de 60 anos o mas,2005-08-01,4,5,4,5,9
BERMEJO,consulta externa,nuevas en personas de 60 anos o mas,2005-08-01,283,268,283,268,551
BETANZOS,consulta externa,nuevas en personas de 60 anos o mas,2005-08-01,184,245,184,245,429
BOLIVAR,consulta externa,nuevas en personas de 60 anos o mas,2005-08-01,16,21,16,21,37
BOLPEBRA,consulta externa,nuevas en personas de 60 anos o mas,2005-08-01,5,2,5,2,7
BOYUIBE,consulta externa,nuevas en personas de 60 anos o mas,2005-08-01,7,11,7,11,18
BUENA VISTA,consulta externa,nuevas en personas de 60 anos o mas,2005-08-01,104,86,104,86,190
CABEZAS,consulta externa,nuevas en personas de 60 anos o mas,2005-08-01,39,42,39,42,81
CAIROMA,consulta externa,nuevas en personas de 60 anos o mas,2005-08-01,28,21,28,21,49
"CAIZA ""D""",consulta externa,nuevas en personas de 60 anos o mas,2005-08-01,68,100,68,100,168
CAJUATA,consulta externa,nuevas en personas de 60 anos o mas,2005-08-01,38,16,38,16,54
CALACOTO,consulta externa,nuevas en personas de 60 anos o mas,2005-08-01,52,50,52,50,102
CALAMARCA,consulta externa,nuevas en personas de 60 anos o mas,2005-08-01,20,18,20,18,38
CAMARGO,consulta externa,nuevas en personas de 60 anos o mas,2005-08-01,167,302,167,302,469
CAMATAQUI (C. VILLA ABECIA),consulta externa,nuevas en personas de 60 anos o mas,2005-08-01,22,49,22,49,71
CAMIRI,consulta externa,nuevas en personas de 60 anos o mas,2005-08-01,502,827,502,827,1329
CAPINOTA,consulta externa,nuevas en personas de 60 anos o mas,2005-08-01,48,49,48,49,97
CAQUIAVIRI,consulta externa,nuevas en personas de 60 anos o mas,2005-08-01,47,49,47,49,96
CARACOLLO,consulta externa,nuevas en personas de 60 anos o mas,2005-08-01,47,39,47,39,86
CARANAVI,consulta externa,nuevas en personas de 60 anos o mas,2005-08-01,177,90,177,90,267
CARANGAS,consulta externa,nuevas en personas de 60 anos o mas,2005-08-01,3,1,3,1,4
CARAPARI,consulta externa,nuevas en personas de 60 anos o mas,2005-08-01,44,59,44,59,103
CARIPUYO,consulta externa,nuevas en personas de 60 anos o mas,2005-08-01,16,14,16,14,30
CARMEN RIVERO TORREZ,consulta externa,nuevas en personas de 60 anos o mas,2005-08-01,38,52,38,52,90
CATACORA,consulta externa,nuevas en personas de 60 anos o mas,2005-08-01,5,3,5,3,8
CHACARILLA,consulta externa,nuevas en personas de 60 anos o mas,2005-08-01,1,0,1,0,1
CHALLAPATA,consulta externa,nuevas en personas de 60 anos o mas,2005-08-01,125,74,125,74,199
CHAQUI,consulta externa,nuevas en personas de 60 anos o mas,2005-08-01,33,70,33,70,103
CHARAGUA,consulta externa,nuevas en personas de 60 anos o mas,2005-08-01,57,91,57,91,148
CHARAÑA,consulta externa,nuevas en personas de 60 anos o mas,2005-08-01,2,9,2,9,11
CHAYANTA,consulta externa,nuevas en personas de 60 anos o mas,2005-08-01,53,111,53,111,164
CHIMORE,consulta externa,nuevas en personas de 60 anos o mas,2005-08-01,20,9,20,9,29
CHIPAYA,consulta externa,nuevas en personas de 60 anos o mas,2005-08-01,1,0,1,0,1
CHOQUE COTA,consulta externa,nuevas en personas de 60 anos o mas,2005-08-01,4,9,4,9,13
CHULUMANI (V. DE LA LIBERTAD),consulta externa,nuevas en personas de 60 anos o mas,2005-08-01,54,45,54,45,99
CHUMA,consulta externa,nuevas en personas de 60 anos o mas,2005-08-01,44,37,44,37,81
CLIZA,consulta externa,nuevas en personas de 60 anos o mas,2005-08-01,23,27,23,27,50
COBIJA,consulta externa,nuevas en personas de 60 anos o mas,2005-08-01,137,227,137,227,364
COCHABAMBA,consulta externa,nuevas en personas de 60 anos o mas,2005-08-01,4056,5012,4056,5012,9068
COIPASA,consulta externa,nuevas en personas de 60 anos o mas,2005-08-01,3,0,3,0,3
COLCAPIRHUA,consulta externa,nuevas en personas de 60 anos o mas,2005-08-01,108,172,108,172,280
"COLCHA ""K""",consulta externa,nuevas en personas de 60 anos o mas,2005-08-01,81,105,81,105,186
COLLANA,consulta externa,nuevas en personas de 60 anos o mas,2005-08-01,18,12,18,12,30
COLOMI,consulta externa,nuevas en personas de 60 anos o mas,2005-08-01,17,14,17,14,31
COLPA BELGICA,consulta externa,nuevas en personas de 60 anos o mas,2005-08-01,10,10,10,10,20
COLQUECHACA,consulta externa,nuevas en personas de 60 anos o mas,2005-08-01,116,106,116,106,222
COLQUENCHA,consulta externa,nuevas en personas de 60 anos o mas,2005-08-01,23,30,23,30,53
COLQUIRI,consulta externa,nuevas en personas de 60 anos o mas,2005-08-01,68,33,68,33,101
COMANCHE,consulta externa,nuevas en personas de 60 anos o mas,2005-08-01,11,11,11,11,22
COMARAPA,consulta externa,nuevas en personas de 60 anos o mas,2005-08-01,158,139,158,139,297
COMBAYA,consulta externa,nuevas en personas de 60 anos o mas,2005-08-01,9,14,9,14,23
CONCEPCION,consulta externa,nuevas en personas de 60 anos o mas,2005-08-01,63,72,63,72,135
COPACABANA,consulta externa,nuevas en personas de 60 anos o mas,2005-08-01,25,27,25,27,52
CORIPATA,consulta externa,nuevas en personas de 60 anos o mas,2005-08-01,31,34,31,34,65
CORO CORO,consulta externa,nuevas en personas de 60 anos o mas,2005-08-01,40,60,40,60,100
COROICO,consulta externa,nuevas en personas de 60 anos o mas,2005-08-01,54,40,54,40,94
CORQUE,consulta externa,nuevas en personas de 60 anos o mas,2005-08-01,39,31,39,31,70
COTAGAITA,consulta externa,nuevas en personas de 60 anos o mas,2005-08-01,253,414,253,414,667
COTOCA,consulta externa,nuevas en personas de 60 anos o mas,2005-08-01,73,56,73,56,129
CUATRO CAÑADAS,consulta externa,nuevas en personas de 60 anos o mas,2005-08-01,25,24,25,24,49
CUCHUMUELA (V. G. VILLARROEL),consulta externa,nuevas en personas de 60 anos o mas,2005-08-01,7,5,7,5,12
CUEVO,consulta externa,nuevas en personas de 60 anos o mas,2005-08-01,16,31,16,31,47
CULPINA,consulta externa,nuevas en personas de 60 anos o mas,2005-08-01,61,112,61,112,173
CURAHUARA DE CARANGAS,consulta externa,nuevas en personas de 60 anos o mas,2005-08-01,51,65,51,65,116
CURVA,consulta externa,nuevas en personas de 60 anos o mas,2005-08-01,14,16,14,16,30
DESAGUADERO,consulta externa,nuevas en personas de 60 anos o mas,2005-08-01,24,26,24,26,50
EL ALTO,consulta externa,nuevas en personas de 60 anos o mas,2005-08-01,1377,1447,1377,1447,2824
EL CHORO,consulta externa,nuevas en personas de 60 anos o mas,2005-08-01,16,33,16,33,49
EL PUENTE(STC),consulta externa,nuevas en personas de 60 anos o mas,2005-08-01,9,24,9,24,33
EL PUENTE(TJA),consulta externa,nuevas en personas de 60 anos o mas,2005-08-01,23,46,23,46,69
EL TORNO,consulta externa,nuevas en personas de 60 anos o mas,2005-08-01,184,189,184,189,373
EL VILLAR,consulta externa,nuevas en personas de 60 anos o mas,2005-08-01,28,70,28,70,98
ENTRE RIOS,consulta externa,nuevas en personas de 60 anos o mas,2005-08-01,83,88,83,88,171
ENTRE RIOS,consulta externa,nuevas en personas de 60 anos o mas,2005-08-01,15,3,15,3,18
EUCALIPTUS,consulta externa,nuevas en personas de 60 anos o mas,2005-08-01,37,29,37,29,66
EUREKA (SANTOS MERCADO),consulta externa,nuevas en personas de 60 anos o mas,2005-08-01,1,0,1,0,1
EXALTACION,consulta externa,nuevas en personas de 60 anos o mas,2005-08-01,6,8,6,8,14
FERNANDEZ ALONSO,consulta externa,nuevas en personas de 60 anos o mas,2005-08-01,13,24,13,24,37
FILADELFIA,consulta externa,nuevas en personas de 60 anos o mas,2005-08-01,5,3,5,3,8
GENERAL SAAVEDRA,consulta externa,nuevas en personas de 60 anos o mas,2005-08-01,40,23,40,23,63
GRAL. J.J. PEREZ (CHARAZANI),consulta externa,nuevas en personas de 60 anos o mas,2005-08-01,18,34,18,34,52
GUANAY,consulta externa,nuevas en personas de 60 anos o mas,2005-08-01,69,55,69,55,124
GUAQUI,consulta externa,nuevas en personas de 60 anos o mas,2005-08-01,27,22,27,22,49
GUAYARAMERIN,consulta externa,nuevas en personas de 60 anos o mas,2005-08-01,317,471,317,471,788
GUTIERREZ,consulta externa,nuevas en personas de 60 anos o mas,2005-08-01,48,60,48,60,108
HUACARETA,consulta externa,nuevas en personas de 60 anos o mas,2005-08-01,45,48,45,48,93
HUACAYA (VILLA DE HUACAYA),consulta externa,nuevas en personas de 60 anos o mas,2005-08-01,8,11,8,11,19
HUACHACALLA,consulta externa,nuevas en personas de 60 anos o mas,2005-08-01,11,13,11,13,24
HUANUNI,consulta externa,nuevas en personas de 60 anos o mas,2005-08-01,108,105,108,105,213
HUARACAJE,consulta externa,nuevas en personas de 60 anos o mas,2005-08-01,11,3,11,3,14
HUAYLLAMARCA,consulta externa,nuevas en personas de 60 anos o mas,2005-08-01,21,26,21,26,47
ICHOCA,consulta externa,nuevas en personas de 60 anos o mas,2005-08-01,21,19,21,19,40
ICLA,consulta externa,nuevas en personas de 60 anos o mas,2005-08-01,22,52,22,52,74
INCAHUASI,consulta externa,nuevas en personas de 60 anos o mas,2005-08-01,67,171,67,171,238
INGAVI (HUMAITA),consulta externa,nuevas en personas de 60 anos o mas,2005-08-01,1,1,1,1,2
INQUISIVI,consulta externa,nuevas en personas de 60 anos o mas,2005-08-01,41,33,41,33,74
IRUPANA (VILLA DE LANZA),consulta externa,nuevas en personas de 60 anos o mas,2005-08-01,50,60,50,60,110
IXIAMAS,consulta externa,nuevas en personas de 60 anos o mas,2005-08-01,50,42,50,42,92
JESUS DE MACHACA,consulta externa,nuevas en personas de 60 anos o mas,2005-08-01,49,72,49,72,121
LA ASUNTA,consulta externa,nuevas en personas de 60 anos o mas,2005-08-01,33,9,33,9,42
LA GUARDIA,consulta externa,nuevas en personas de 60 anos o mas,2005-08-01,34,27,34,27,61
LA PAZ,consulta externa,nuevas en personas de 60 anos o mas,2005-08-01,7611,9002,7611,9002,16613
LA RIVERA,consulta externa,nuevas en personas de 60 anos o mas,2005-08-01,2,1,2,1,3
LAGUNILLAS,consulta externa,nuevas en personas de 60 anos o mas,2005-08-01,17,25,17,25,42
LAJA,consulta externa,nuevas en personas de 60 anos o mas,2005-08-01,19,35,19,35,54
LAS CARRERAS,consulta externa,nuevas en personas de 60 anos o mas,2005-08-01,19,38,19,38,57
LICOMA PAMPA,consulta externa,nuevas en personas de 60 anos o mas,2005-08-01,6,6,6,6,12
LLALLAGUA,consulta externa,nuevas en personas de 60 anos o mas,2005-08-01,205,317,205,317,522
LLICA,consulta externa,nuevas en personas de 60 anos o mas,2005-08-01,67,56,67,56,123
LORETO,consulta externa,nuevas en personas de 60 anos o mas,2005-08-01,7,12,7,12,19
LURIBAY,consulta externa,nuevas en personas de 60 anos o mas,2005-08-01,43,47,43,47,90
MACHACAMARCA,consulta externa,nuevas en personas de 60 anos o mas,2005-08-01,71,71,71,71,142
MACHARETI,consulta externa,nuevas en personas de 60 anos o mas,2005-08-01,53,49,53,49,102
MAGDALENA,consulta externa,nuevas en personas de 60 anos o mas,2005-08-01,53,40,53,40,93
MAIRANA,consulta externa,nuevas en personas de 60 anos o mas,2005-08-01,51,73,51,73,124
MALLA,consulta externa,nuevas en personas de 60 anos o mas,2005-08-01,16,19,16,19,35
MAPIRI,consulta externa,nuevas en personas de 60 anos o mas,2005-08-01,33,27,33,27,60
MECAPACA,consulta externa,nuevas en personas de 60 anos o mas,2005-08-01,26,19,26,19,45
MINEROS,consulta externa,nuevas en personas de 60 anos o mas,2005-08-01,18,10,18,10,28
MIZQUE,consulta externa,nuevas en personas de 60 anos o mas,2005-08-01,27,50,27,50,77
MOCOMOCO,consulta externa,nuevas en personas de 60 anos o mas,2005-08-01,54,57,54,57,111
MOJINETE,consulta externa,nuevas en personas de 60 anos o mas,2005-08-01,7,23,7,23,30
MOJOCOYA,consulta externa,nuevas en personas de 60 anos o mas,2005-08-01,31,30,31,30,61
MONTEAGUDO,consulta externa,nuevas en personas de 60 anos o mas,2005-08-01,261,303,261,303,564
MONTERO,consulta externa,nuevas en personas de 60 anos o mas,2005-08-01,303,425,303,425,728
MORO MORO,consulta externa,nuevas en personas de 60 anos o mas,2005-08-01,25,41,25,41,66
MOROCHATA,consulta externa,nuevas en personas de 60 anos o mas,2005-08-01,18,14,18,14,32
NACEBE (SANTA ROSA DEL ABUNA),consulta externa,nuevas en personas de 60 anos o mas,2005-08-01,2,2,2,2,4
NAZACARA DE PACAJES,consulta externa,nuevas en personas de 60 anos o mas,2005-08-01,4,1,4,1,5
NUEVO MANOA (NUEVA ESPERANZA),consulta externa,nuevas en personas de 60 anos o mas,2005-08-01,3,3,3,3,6
OCURI,consulta externa,nuevas en personas de 60 anos o mas,2005-08-01,26,49,26,49,75
OKINAWA,consulta externa,nuevas en personas de 60 anos o mas,2005-08-01,61,49,61,49,110
OMEREQUE,consulta externa,nuevas en personas de 60 anos o mas,2005-08-01,20,44,20,44,64
ORURO,consulta externa,nuevas en personas de 60 anos o mas,2005-08-01,2356,2626,2356,2626,4982
PADCAYA,consulta externa,nuevas en personas de 60 anos o mas,2005-08-01,60,85,60,85,145
PADILLA,consulta externa,nuevas en personas de 60 anos o mas,2005-08-01,143,239,143,239,382
PAILON,consulta externa,nuevas en personas de 60 anos o mas,2005-08-01,22,29,22,29,51
PALCA,consulta externa,nuevas en personas de 60 anos o mas,2005-08-01,21,19,21,19,40
PALOS BLANCOS,consulta externa,nuevas en personas de 60 anos o mas,2005-08-01,38,18,38,18,56
PAMPA AULLAGAS,consulta externa,nuevas en personas de 60 anos o mas,2005-08-01,7,11,7,11,18
PAMPA GRANDE,consulta externa,nuevas en personas de 60 anos o mas,2005-08-01,25,34,25,34,59
PAPEL PAMPA,consulta externa,nuevas en personas de 60 anos o mas,2005-08-01,28,22,28,22,50
PASORAPA,consulta externa,nuevas en personas de 60 anos o mas,2005-08-01,5,12,5,12,17
PATACAMAYA,consulta externa,nuevas en personas de 60 anos o mas,2005-08-01,16,18,16,18,34
PAZÑA,consulta externa,nuevas en personas de 60 anos o mas,2005-08-01,33,48,33,48,81
PELECHUCO,consulta externa,nuevas en personas de 60 anos o mas,2005-08-01,17,28,17,28,45
POCOATA,consulta externa,nuevas en personas de 60 anos o mas,2005-08-01,63,92,63,92,155
POCONA,consulta externa,nuevas en personas de 60 anos o mas,2005-08-01,21,55,21,55,76
POJO (CBBA),consulta externa,nuevas en personas de 60 anos o mas,2005-08-01,8,9,8,9,17
POOPO,consulta externa,nuevas en personas de 60 anos o mas,2005-08-01,46,67,46,67,113
PORCO,consulta externa,nuevas en personas de 60 anos o mas,2005-08-01,8,22,8,22,30
POROMA,consulta externa,nuevas en personas de 60 anos o mas,2005-08-01,73,90,73,90,163
PORONGO,consulta externa,nuevas en personas de 60 anos o mas,2005-08-01,37,21,37,21,58
PORTACHUELO,consulta externa,nuevas en personas de 60 anos o mas,2005-08-01,158,131,158,131,289
PORVENIR,consulta externa,nuevas en personas de 60 anos o mas,2005-08-01,10,5,10,5,15
POSTRER VALLE,consulta externa,nuevas en personas de 60 anos o mas,2005-08-01,39,23,39,23,62
POTOSI,consulta externa,nuevas en personas de 60 anos o mas,2005-08-01,1706,1986,1706,1986,3692
PRESTO,consulta externa,nuevas en personas de 60 anos o mas,2005-08-01,18,33,18,33,51
PUCARA,consulta externa,nuevas en personas de 60 anos o mas,2005-08-01,26,49,26,49,75
PUCARANI,consulta externa,nuevas en personas de 60 anos o mas,2005-08-01,58,40,58,40,98
PUERTO ACOSTA,consulta externa,nuevas en personas de 60 anos o mas,2005-08-01,112,100,112,100,212
PUERTO CARABUCO,consulta externa,nuevas en personas de 60 anos o mas,2005-08-01,67,63,67,63,130
PUERTO GONZALO MORENO,consulta externa,nuevas en personas de 60 anos o mas,2005-08-01,15,15,15,15,30
PUERTO PEREZ,consulta externa,nuevas en personas de 60 anos o mas,2005-08-01,27,36,27,36,63
PUERTO QUIJARRO,consulta externa,nuevas en personas de 60 anos o mas,2005-08-01,92,74,92,74,166
PUERTO RICO,consulta externa,nuevas en personas de 60 anos o mas,2005-08-01,17,27,17,27,44
PUERTO SUAREZ,consulta externa,nuevas en personas de 60 anos o mas,2005-08-01,104,141,104,141,245
PUERTO VILLARROEL,consulta externa,nuevas en personas de 60 anos o mas,2005-08-01,22,20,22,20,42
PUNA,consulta externa,nuevas en personas de 60 anos o mas,2005-08-01,160,287,160,287,447
PUNATA,consulta externa,nuevas en personas de 60 anos o mas,2005-08-01,82,131,82,131,213
QUIABAYA,consulta externa,nuevas en personas de 60 anos o mas,2005-08-01,14,19,14,19,33
QUILLACOLLO,consulta externa,nuevas en personas de 60 anos o mas,2005-08-01,359,439,359,439,798
QUIME,consulta externa,nuevas en personas de 60 anos o mas,2005-08-01,33,18,33,18,51
QUIRUSILLAS,consulta externa,nuevas en personas de 60 anos o mas,2005-08-01,7,11,7,11,18
RAVELO,consulta externa,nuevas en personas de 60 anos o mas,2005-08-01,51,92,51,92,143
REYES,consulta externa,nuevas en personas de 60 anos o mas,2005-08-01,99,118,99,118,217
RIBERALTA,consulta externa,nuevas en personas de 60 anos o mas,2005-08-01,79,76,79,76,155
ROBORE,consulta externa,nuevas en personas de 60 anos o mas,2005-08-01,41,51,41,51,92
RURRENABAQUE,consulta externa,nuevas en personas de 60 anos o mas,2005-08-01,137,131,137,131,268
SABAYA,consulta externa,nuevas en personas de 60 anos o mas,2005-08-01,21,24,21,24,45
SACABA,consulta externa,nuevas en personas de 60 anos o mas,2005-08-01,155,244,155,244,399
SACABAMBA,consulta externa,nuevas en personas de 60 anos o mas,2005-08-01,12,14,12,14,26
SACACA,consulta externa,nuevas en personas de 60 anos o mas,2005-08-01,27,65,27,65,92
SAIPINA,consulta externa,nuevas en personas de 60 anos o mas,2005-08-01,44,67,44,67,111
SALINAS DE GARCI MENDOZA,consulta externa,nuevas en personas de 60 anos o mas,2005-08-01,43,29,43,29,72
SAMAIPATA,consulta externa,nuevas en personas de 60 anos o mas,2005-08-01,62,77,62,77,139
SAN AGUSTIN,consulta externa,nuevas en personas de 60 anos o mas,2005-08-01,12,15,12,15,27
SAN ANDRES,consulta externa,nuevas en personas de 60 anos o mas,2005-08-01,16,19,16,19,35
SAN ANDRES DE MACHACA,consulta externa,nuevas en personas de 60 anos o mas,2005-08-01,28,43,28,43,71
SAN ANTONIO DE ESMORUCO,consulta externa,nuevas en personas de 60 anos o mas,2005-08-01,11,8,11,8,19
SAN ANTONIO DE LOMERIO,consulta externa,nuevas en personas de 60 anos o mas,2005-08-01,12,9,12,9,21
SAN BENITO,consulta externa,nuevas en personas de 60 anos o mas,2005-08-01,14,24,14,24,38
SAN BORJA,consulta externa,nuevas en personas de 60 anos o mas,2005-08-01,116,104,116,104,220
SAN BUENA VENTURA,consulta externa,nuevas en personas de 60 anos o mas,2005-08-01,11,17,11,17,28
SAN CARLOS,consulta externa,nuevas en personas de 60 anos o mas,2005-08-01,96,88,96,88,184
SAN IGNACIO,consulta externa,nuevas en personas de 60 anos o mas,2005-08-01,88,100,88,100,188
SAN IGNACIO DE VELASCO,consulta externa,nuevas en personas de 60 anos o mas,2005-08-01,239,383,239,383,622
SAN JAVIER(BNI),consulta externa,nuevas en personas de 60 anos o mas,2005-08-01,3,12,3,12,15
SAN JAVIER(STC),consulta externa,nuevas en personas de 60 anos o mas,2005-08-01,10,8,10,8,18
SAN JOAQUIN,consulta externa,nuevas en personas de 60 anos o mas,2005-08-01,30,39,30,39,69
SAN JOSE DE CHIQUITOS,consulta externa,nuevas en personas de 60 anos o mas,2005-08-01,105,132,105,132,237
SAN JUAN DE YAPACANI,consulta externa,nuevas en personas de 60 anos o mas,2005-08-01,25,42,25,42,67
SAN JULIAN,consulta externa,nuevas en personas de 60 anos o mas,2005-08-01,84,72,84,72,156
SAN LORENZO(PND),consulta externa,nuevas en personas de 60 anos o mas,2005-08-01,4,1,4,1,5
SAN LORENZO(TJA),consulta externa,nuevas en personas de 60 anos o mas,2005-08-01,61,91,61,91,152
SAN LUCAS,consulta externa,nuevas en personas de 60 anos o mas,2005-08-01,158,287,158,287,445
SAN MATIAS,consulta externa,nuevas en personas de 60 anos o mas,2005-08-01,14,18,14,18,32
SAN MIGUEL DE VELASCO,consulta externa,nuevas en personas de 60 anos o mas,2005-08-01,50,44,50,44,94
SAN PABLO DE LIPEZ,consulta externa,nuevas en personas de 60 anos o mas,2005-08-01,12,26,12,26,38
SAN PEDRO,consulta externa,nuevas en personas de 60 anos o mas,2005-08-01,51,53,51,53,104
SAN PEDRO DE BUENA VISTA,consulta externa,nuevas en personas de 60 anos o mas,2005-08-01,45,90,45,90,135
SAN PEDRO DE CURAHUARA,consulta externa,nuevas en personas de 60 anos o mas,2005-08-01,14,16,14,16,30
SAN PEDRO DE QUEMES,consulta externa,nuevas en personas de 60 anos o mas,2005-08-01,3,1,3,1,4
SAN PEDRO DE TIQUINA,consulta externa,nuevas en personas de 60 anos o mas,2005-08-01,23,22,23,22,45
SAN PEDRO(PND),consulta externa,nuevas en personas de 60 anos o mas,2005-08-01,2,4,2,4,6
SAN RAFAEL,consulta externa,nuevas en personas de 60 anos o mas,2005-08-01,11,10,11,10,21
SAN RAMON,consulta externa,nuevas en personas de 60 anos o mas,2005-08-01,49,88,49,88,137
SAN RAMON,consulta externa,nuevas en personas de 60 anos o mas,2005-08-01,15,12,15,12,27
SANTA ANA,consulta externa,nuevas en personas de 60 anos o mas,2005-08-01,103,109,103,109,212
SANTA CRUZ DE LA SIERRA,consulta externa,nuevas en personas de 60 anos o mas,2005-08-01,5888,11090,5888,11090,16978
SANTA ROSA,consulta externa,nuevas en personas de 60 anos o mas,2005-08-01,37,40,37,40,77
SANTA ROSA DEL SARA,consulta externa,nuevas en personas de 60 anos o mas,2005-08-01,37,23,37,23,60
SANTIAGO DE CALLAPA,consulta externa,nuevas en personas de 60 anos o mas,2005-08-01,26,31,26,31,57
SANTIAGO DE HUARI,consulta externa,nuevas en personas de 60 anos o mas,2005-08-01,48,67,48,67,115
SANTIAGO DE MACHACA,consulta externa,nuevas en personas de 60 anos o mas,2005-08-01,6,9,6,9,15
SANTIVAÑES,consulta externa,nuevas en personas de 60 anos o mas,2005-08-01,24,51,24,51,75
SANTUARIO DE QUILLACAS,consulta externa,nuevas en personas de 60 anos o mas,2005-08-01,5,9,5,9,14
SAPAHAQUI,consulta externa,nuevas en personas de 60 anos o mas,2005-08-01,21,40,21,40,61
SENA,consulta externa,nuevas en personas de 60 anos o mas,2005-08-01,4,4,4,4,8
SICA SICA (VILLA AROMA),consulta externa,nuevas en personas de 60 anos o mas,2005-08-01,39,35,39,35,74
SICAYA,consulta externa,nuevas en personas de 60 anos o mas,2005-08-01,5,5,5,5,10
SIPE SIPE,consulta externa,nuevas en personas de 60 anos o mas,2005-08-01,27,50,27,50,77
SOPACHUY,consulta externa,nuevas en personas de 60 anos o mas,2005-08-01,31,39,31,39,70
SORACACHI,consulta externa,nuevas en personas de 60 anos o mas,2005-08-01,19,15,19,15,34
SORATA,consulta externa,nuevas en personas de 60 anos o mas,2005-08-01,77,66,77,66,143
SUCRE,consulta externa,nuevas en personas de 60 anos o mas,2005-08-01,2483,3733,2483,3733,6216
TACACHI,consulta externa,nuevas en personas de 60 anos o mas,2005-08-01,3,6,3,6,9
TACACOMA,consulta externa,nuevas en personas de 60 anos o mas,2005-08-01,15,14,15,14,29
TACOBAMBA,consulta externa,nuevas en personas de 60 anos o mas,2005-08-01,21,33,21,33,54
TACOPAYA,consulta externa,nuevas en personas de 60 anos o mas,2005-08-01,30,40,30,40,70
TAHUA,consulta externa,nuevas en personas de 60 anos o mas,2005-08-01,8,6,8,6,14
TAPACARI,consulta externa,nuevas en personas de 60 anos o mas,2005-08-01,43,44,43,44,87
TARABUCO,consulta externa,nuevas en personas de 60 anos o mas,2005-08-01,75,108,75,108,183
TARACO,consulta externa,nuevas en personas de 60 anos o mas,2005-08-01,21,20,21,20,41
TARATA,consulta externa,nuevas en personas de 60 anos o mas,2005-08-01,15,14,15,14,29
TARIJA,consulta externa,nuevas en personas de 60 anos o mas,2005-08-01,1662,1930,1662,1930,3592
TARVITA,consulta externa,nuevas en personas de 60 anos o mas,2005-08-01,73,114,73,114,187
TEOPONTE,consulta externa,nuevas en personas de 60 anos o mas,2005-08-01,27,20,27,20,47
TIAWANACU,consulta externa,nuevas en personas de 60 anos o mas,2005-08-01,20,16,20,16,36
TINGUIPAYA,consulta externa,nuevas en personas de 60 anos o mas,2005-08-01,35,73,35,73,108
TIPUANI,consulta externa,nuevas en personas de 60 anos o mas,2005-08-01,25,31,25,31,56
TIQUIPAYA,consulta externa,nuevas en personas de 60 anos o mas,2005-08-01,20,15,20,15,35
TIRAQUE (CBBA),consulta externa,nuevas en personas de 60 anos o mas,2005-08-01,48,65,48,65,113
TITO YUPANQUI (PARQUIPUJIO),consulta externa,nuevas en personas de 60 anos o mas,2005-08-01,9,30,9,30,39
TOCO,consulta externa,nuevas en personas de 60 anos o mas,2005-08-01,11,16,11,16,27
TODOS SANTOS,consulta externa,nuevas en personas de 60 anos o mas,2005-08-01,1,0,1,0,1
TOLATA,consulta externa,nuevas en personas de 60 anos o mas,2005-08-01,6,10,6,10,16
TOLEDO,consulta externa,nuevas en personas de 60 anos o mas,2005-08-01,22,29,22,29,51
TOMAVE,consulta externa,nuevas en personas de 60 anos o mas,2005-08-01,54,84,54,84,138
TOMINA,consulta externa,nuevas en personas de 60 anos o mas,2005-08-01,58,61,58,61,119
TORO TORO,consulta externa,nuevas en personas de 60 anos o mas,2005-08-01,24,53,24,53,77
TOTORA(CBBA),consulta externa,nuevas en personas de 60 anos o mas,2005-08-01,17,23,17,23,40
TOTORA(ORR),consulta externa,nuevas en personas de 60 anos o mas,2005-08-01,7,12,7,12,19
TRIGAL,consulta externa,nuevas en personas de 60 anos o mas,2005-08-01,25,34,25,34,59
TRINIDAD,consulta externa,nuevas en personas de 60 anos o mas,2005-08-01,350,349,350,349,699
TUPIZA,consulta externa,nuevas en personas de 60 anos o mas,2005-08-01,374,559,374,559,933
TURCO,consulta externa,nuevas en personas de 60 anos o mas,2005-08-01,18,15,18,15,33
UMALA,consulta externa,nuevas en personas de 60 anos o mas,2005-08-01,8,4,8,4,12
UNCIA,consulta externa,nuevas en personas de 60 anos o mas,2005-08-01,109,121,109,121,230
URIONDO (A. CONCEPCION),consulta externa,nuevas en personas de 60 anos o mas,2005-08-01,29,29,29,29,58
URUBICHA,consulta externa,nuevas en personas de 60 anos o mas,2005-08-01,7,7,7,7,14
UYUNI,consulta externa,nuevas en personas de 60 anos o mas,2005-08-01,130,184,130,184,314
VACAS,consulta externa,nuevas en personas de 60 anos o mas,2005-08-01,31,43,31,43,74
VALLEGRANDE,consulta externa,nuevas en personas de 60 anos o mas,2005-08-01,177,241,177,241,418
VIACHA,consulta externa,nuevas en personas de 60 anos o mas,2005-08-01,262,246,262,246,508
VILA VILA,consulta externa,nuevas en personas de 60 anos o mas,2005-08-01,4,9,4,9,13
VILLA MONTES,consulta externa,nuevas en personas de 60 anos o mas,2005-08-01,86,98,86,98,184
VILLA NUEVA (LOMA ALTA),consulta externa,nuevas en personas de 60 anos o mas,2005-08-01,2,5,2,5,7
VILLA RIVERO,consulta externa,nuevas en personas de 60 anos o mas,2005-08-01,12,19,12,19,31
VILLA SERRANO,consulta externa,nuevas en personas de 60 anos o mas,2005-08-01,41,48,41,48,89
VILLA TUNARI,consulta externa,nuevas en personas de 60 anos o mas,2005-08-01,116,73,116,73,189
VILLA VACA GUZMAN (MUYUPAMPA),consulta externa,nuevas en personas de 60 anos o mas,2005-08-01,52,54,52,54,106
VILLAZON,consulta externa,nuevas en personas de 60 anos o mas,2005-08-01,221,379,221,379,600
VINTO,consulta externa,nuevas en personas de 60 anos o mas,2005-08-01,29,36,29,36,65
VITICHI,consulta externa,nuevas en personas de 60 anos o mas,2005-08-01,59,118,59,118,177
WALDO BALLIVIAN,consulta externa,nuevas en personas de 60 anos o mas,2005-08-01,2,5,2,5,7
WARNES,consulta externa,nuevas en personas de 60 anos o mas,2005-08-01,56,76,56,76,132
YACO,consulta externa,nuevas en personas de 60 anos o mas,2005-08-01,28,21,28,21,49
YACUIBA,consulta externa,nuevas en personas de 60 anos o mas,2005-08-01,461,556,461,556,1017
YAMPARAEZ,consulta externa,nuevas en personas de 60 anos o mas,2005-08-01,30,58,30,58,88
YANACACHI,consulta externa,nuevas en personas de 60 anos o mas,2005-08-01,20,6,20,6,26
YAPACANI,consulta externa,nuevas en personas de 60 anos o mas,2005-08-01,152,108,152,108,260
YOCALLA,consulta externa,nuevas en personas de 60 anos o mas,2005-08-01,46,58,46,58,104
YOTALA,consulta externa,nuevas en personas de 60 anos o mas,2005-08-01,25,51,25,51,76
YUNCHARA,consulta externa,nuevas en personas de 60 anos o mas,2005-08-01,32,39,32,39,71
ZUDAÑEZ,consulta externa,nuevas en personas de 60 anos o mas,2005-08-01,19,43,19,43,62
ACACIO,consulta externa,nuevas en personas de 60 anos o mas,2005-09-01,31,40,31,40,71
ACHACACHI,consulta externa,nuevas en personas de 60 anos o mas,2005-09-01,170,191,170,191,361
ACHOCALLA,consulta externa,nuevas en personas de 60 anos o mas,2005-09-01,21,18,21,18,39
AIQUILE,consulta externa,nuevas en personas de 60 anos o mas,2005-09-01,86,104,86,104,190
ALALAY,consulta externa,nuevas en personas de 60 anos o mas,2005-09-01,4,13,4,13,17
ALCALA,consulta externa,nuevas en personas de 60 anos o mas,2005-09-01,24,26,24,26,50
ANCORAIMES,consulta externa,nuevas en personas de 60 anos o mas,2005-09-01,35,38,35,38,73
ANDAMARCA,consulta externa,nuevas en personas de 60 anos o mas,2005-09-01,24,33,24,33,57
ANTEQUERA,consulta externa,nuevas en personas de 60 anos o mas,2005-09-01,4,6,4,6,10
ANZALDO,consulta externa,nuevas en personas de 60 anos o mas,2005-09-01,29,21,29,21,50
APOLO,consulta externa,nuevas en personas de 60 anos o mas,2005-09-01,46,56,46,56,102
ARAMPAMPA,consulta externa,nuevas en personas de 60 anos o mas,2005-09-01,20,22,20,22,42
ARANI,consulta externa,nuevas en personas de 60 anos o mas,2005-09-01,5,8,5,8,13
ARBIETO,consulta externa,nuevas en personas de 60 anos o mas,2005-09-01,35,34,35,34,69
ARQUE,consulta externa,nuevas en personas de 60 anos o mas,2005-09-01,8,21,8,21,29
ASCENCION DE GUARAYOS,consulta externa,nuevas en personas de 60 anos o mas,2005-09-01,22,10,22,10,32
ATOCHA,consulta externa,nuevas en personas de 60 anos o mas,2005-09-01,98,115,98,115,213
AUCAPATA,consulta externa,nuevas en personas de 60 anos o mas,2005-09-01,10,21,10,21,31
AYATA,consulta externa,nuevas en personas de 60 anos o mas,2005-09-01,34,18,34,18,52
AYO AYO,consulta externa,nuevas en personas de 60 anos o mas,2005-09-01,11,13,11,13,24
AYOPAYA (V. DE INDEPENDENCIA),consulta externa,nuevas en personas de 60 anos o mas,2005-09-01,48,66,48,66,114
AZURDUY,consulta externa,nuevas en personas de 60 anos o mas,2005-09-01,49,67,49,67,116
BATALLAS,consulta externa,nuevas en personas de 60 anos o mas,2005-09-01,30,28,30,28,58
BAURES,consulta externa,nuevas en personas de 60 anos o mas,2005-09-01,27,31,27,31,58
BELEN DE ANDAMARCA,consulta externa,nuevas en personas de 60 anos o mas,2005-09-01,7,6,7,6,13
BELEN DE URMIRI,consulta externa,nuevas en personas de 60 anos o mas,2005-09-01,16,32,16,32,48
BELLA FLOR,consulta externa,nuevas en personas de 60 anos o mas,2005-09-01,13,23,13,23,36
BERMEJO,consulta externa,nuevas en personas de 60 anos o mas,2005-09-01,197,253,197,253,450
BETANZOS,consulta externa,nuevas en personas de 60 anos o mas,2005-09-01,172,246,172,246,418
BOLIVAR,consulta externa,nuevas en personas de 60 anos o mas,2005-09-01,13,19,13,19,32
BOLPEBRA,consulta externa,nuevas en personas de 60 anos o mas,2005-09-01,4,2,4,2,6
BOYUIBE,consulta externa,nuevas en personas de 60 anos o mas,2005-09-01,12,33,12,33,45
BUENA VISTA,consulta externa,nuevas en personas de 60 anos o mas,2005-09-01,77,66,77,66,143
CABEZAS,consulta externa,nuevas en personas de 60 anos o mas,2005-09-01,37,42,37,42,79
CAIROMA,consulta externa,nuevas en personas de 60 anos o mas,2005-09-01,39,25,39,25,64
"CAIZA ""D""",consulta externa,nuevas en personas de 60 anos o mas,2005-09-01,61,98,61,98,159
CAJUATA,consulta externa,nuevas en personas de 60 anos o mas,2005-09-01,49,42,49,42,91
CALACOTO,consulta externa,nuevas en personas de 60 anos o mas,2005-09-01,17,29,17,29,46
CALAMARCA,consulta externa,nuevas en personas de 60 anos o mas,2005-09-01,29,32,29,32,61
CAMARGO,consulta externa,nuevas en personas de 60 anos o mas,2005-09-01,181,257,181,257,438
CAMATAQUI (C. VILLA ABECIA),consulta externa,nuevas en personas de 60 anos o mas,2005-09-01,15,28,15,28,43
CAMIRI,consulta externa,nuevas en personas de 60 anos o mas,2005-09-01,711,801,711,801,1512
CAPINOTA,consulta externa,nuevas en personas de 60 anos o mas,2005-09-01,74,86,74,86,160
CAQUIAVIRI,consulta externa,nuevas en personas de 60 anos o mas,2005-09-01,39,42,39,42,81
CARACOLLO,consulta externa,nuevas en personas de 60 anos o mas,2005-09-01,71,50,71,50,121
CARANAVI,consulta externa,nuevas en personas de 60 anos o mas,2005-09-01,113,71,113,71,184
CARAPARI,consulta externa,nuevas en personas de 60 anos o mas,2005-09-01,32,43,32,43,75
CARIPUYO,consulta externa,nuevas en personas de 60 anos o mas,2005-09-01,14,19,14,19,33
CARMEN RIVERO TORREZ,consulta externa,nuevas en personas de 60 anos o mas,2005-09-01,26,20,26,20,46
CATACORA,consulta externa,nuevas en personas de 60 anos o mas,2005-09-01,4,6,4,6,10
CHACARILLA,consulta externa,nuevas en personas de 60 anos o mas,2005-09-01,9,9,9,9,18
CHALLAPATA,consulta externa,nuevas en personas de 60 anos o mas,2005-09-01,105,109,105,109,214
CHAQUI,consulta externa,nuevas en personas de 60 anos o mas,2005-09-01,34,54,34,54,88
CHARAGUA,consulta externa,nuevas en personas de 60 anos o mas,2005-09-01,44,55,44,55,99
CHARAÑA,consulta externa,nuevas en personas de 60 anos o mas,2005-09-01,13,3,13,3,16
CHAYANTA,consulta externa,nuevas en personas de 60 anos o mas,2005-09-01,44,73,44,73,117
CHIMORE,consulta externa,nuevas en personas de 60 anos o mas,2005-09-01,30,14,30,14,44
CHIPAYA,consulta externa,nuevas en personas de 60 anos o mas,2005-09-01,1,3,1,3,4
CHOQUE COTA,consulta externa,nuevas en personas de 60 anos o mas,2005-09-01,3,3,3,3,6
CHULUMANI (V. DE LA LIBERTAD),consulta externa,nuevas en personas de 60 anos o mas,2005-09-01,69,54,69,54,123
CHUMA,consulta externa,nuevas en personas de 60 anos o mas,2005-09-01,39,50,39,50,89
CLIZA,consulta externa,nuevas en personas de 60 anos o mas,2005-09-01,24,24,24,24,48
COBIJA,consulta externa,nuevas en personas de 60 anos o mas,2005-09-01,124,191,124,191,315
COCHABAMBA,consulta externa,nuevas en personas de 60 anos o mas,2005-09-01,3888,4835,3888,4835,8723
COIPASA,consulta externa,nuevas en personas de 60 anos o mas,2005-09-01,2,0,2,0,2
COLCAPIRHUA,consulta externa,nuevas en personas de 60 anos o mas,2005-09-01,114,157,114,157,271
"COLCHA ""K""",consulta externa,nuevas en personas de 60 anos o mas,2005-09-01,82,74,82,74,156
COLLANA,consulta externa,nuevas en personas de 60 anos o mas,2005-09-01,12,13,12,13,25
COLOMI,consulta externa,nuevas en personas de 60 anos o mas,2005-09-01,10,10,10,10,20
COLPA BELGICA,consulta externa,nuevas en personas de 60 anos o mas,2005-09-01,10,9,10,9,19
COLQUECHACA,consulta externa,nuevas en personas de 60 anos o mas,2005-09-01,92,110,92,110,202
COLQUENCHA,consulta externa,nuevas en personas de 60 anos o mas,2005-09-01,29,24,29,24,53
COLQUIRI,consulta externa,nuevas en personas de 60 anos o mas,2005-09-01,43,24,43,24,67
COMANCHE,consulta externa,nuevas en personas de 60 anos o mas,2005-09-01,9,9,9,9,18
COMARAPA,consulta externa,nuevas en personas de 60 anos o mas,2005-09-01,127,123,127,123,250
COMBAYA,consulta externa,nuevas en personas de 60 anos o mas,2005-09-01,2,7,2,7,9
CONCEPCION,consulta externa,nuevas en personas de 60 anos o mas,2005-09-01,53,51,53,51,104
COPACABANA,consulta externa,nuevas en personas de 60 anos o mas,2005-09-01,26,26,26,26,52
CORIPATA,consulta externa,nuevas en personas de 60 anos o mas,2005-09-01,26,31,26,31,57
CORO CORO,consulta externa,nuevas en personas de 60 anos o mas,2005-09-01,22,36,22,36,58
COROICO,consulta externa,nuevas en personas de 60 anos o mas,2005-09-01,158,185,158,185,343
CORQUE,consulta externa,nuevas en personas de 60 anos o mas,2005-09-01,43,35,43,35,78
COTAGAITA,consulta externa,nuevas en personas de 60 anos o mas,2005-09-01,263,481,263,481,744
COTOCA,consulta externa,nuevas en personas de 60 anos o mas,2005-09-01,129,132,129,132,261
CUATRO CAÑADAS,consulta externa,nuevas en personas de 60 anos o mas,2005-09-01,27,35,27,35,62
CUCHUMUELA (V. G. VILLARROEL),consulta externa,nuevas en personas de 60 anos o mas,2005-09-01,6,12,6,12,18
CUEVO,consulta externa,nuevas en personas de 60 anos o mas,2005-09-01,17,23,17,23,40
CULPINA,consulta externa,nuevas en personas de 60 anos o mas,2005-09-01,46,70,46,70,116
CURAHUARA DE CARANGAS,consulta externa,nuevas en personas de 60 anos o mas,2005-09-01,37,23,37,23,60
CURVA,consulta externa,nuevas en personas de 60 anos o mas,2005-09-01,12,10,12,10,22
DESAGUADERO,consulta externa,nuevas en personas de 60 anos o mas,2005-09-01,14,15,14,15,29
EL ALTO,consulta externa,nuevas en personas de 60 anos o mas,2005-09-01,1298,1538,1298,1538,2836
EL CHORO,consulta externa,nuevas en personas de 60 anos o mas,2005-09-01,17,22,17,22,39
EL PUENTE(STC),consulta externa,nuevas en personas de 60 anos o mas,2005-09-01,5,15,5,15,20
EL PUENTE(TJA),consulta externa,nuevas en personas de 60 anos o mas,2005-09-01,62,82,62,82,144
EL TORNO,consulta externa,nuevas en personas de 60 anos o mas,2005-09-01,151,155,151,155,306
EL VILLAR,consulta externa,nuevas en personas de 60 anos o mas,2005-09-01,22,44,22,44,66
ENTRE RIOS,consulta externa,nuevas en personas de 60 anos o mas,2005-09-01,67,85,67,85,152
ENTRE RIOS,consulta externa,nuevas en personas de 60 anos o mas,2005-09-01,9,10,9,10,19
ESCARA,consulta externa,nuevas en personas de 60 anos o mas,2005-09-01,0,2,0,2,2
EUCALIPTUS,consulta externa,nuevas en personas de 60 anos o mas,2005-09-01,30,23,30,23,53
EUREKA (SANTOS MERCADO),consulta externa,nuevas en personas de 60 anos o mas,2005-09-01,0,1,0,1,1
EXALTACION,consulta externa,nuevas en personas de 60 anos o mas,2005-09-01,5,12,5,12,17
FERNANDEZ ALONSO,consulta externa,nuevas en personas de 60 anos o mas,2005-09-01,12,5,12,5,17
FILADELFIA,consulta externa,nuevas en personas de 60 anos o mas,2005-09-01,12,7,12,7,19
GENERAL SAAVEDRA,consulta externa,nuevas en personas de 60 anos o mas,2005-09-01,30,18,30,18,48
GRAL. J.J. PEREZ (CHARAZANI),consulta externa,nuevas en personas de 60 anos o mas,2005-09-01,30,31,30,31,61
GUANAY,consulta externa,nuevas en personas de 60 anos o mas,2005-09-01,84,64,84,64,148
GUAQUI,consulta externa,nuevas en personas de 60 anos o mas,2005-09-01,21,22,21,22,43
GUAYARAMERIN,consulta externa,nuevas en personas de 60 anos o mas,2005-09-01,363,395,363,395,758
GUTIERREZ,consulta externa,nuevas en personas de 60 anos o mas,2005-09-01,52,64,52,64,116
HUACARETA,consulta externa,nuevas en personas de 60 anos o mas,2005-09-01,54,67,54,67,121
HUACAYA (VILLA DE HUACAYA),consulta externa,nuevas en personas de 60 anos o mas,2005-09-01,17,31,17,31,48
HUACHACALLA,consulta externa,nuevas en personas de 60 anos o mas,2005-09-01,7,7,7,7,14
HUANUNI,consulta externa,nuevas en personas de 60 anos o mas,2005-09-01,118,109,118,109,227
HUARACAJE,consulta externa,nuevas en personas de 60 anos o mas,2005-09-01,7,10,7,10,17
HUAYLLAMARCA,consulta externa,nuevas en personas de 60 anos o mas,2005-09-01,29,33,29,33,62
ICHOCA,consulta externa,nuevas en personas de 60 anos o mas,2005-09-01,18,8,18,8,26
ICLA,consulta externa,nuevas en personas de 60 anos o mas,2005-09-01,10,31,10,31,41
INCAHUASI,consulta externa,nuevas en personas de 60 anos o mas,2005-09-01,46,70,46,70,116
INGAVI (HUMAITA),consulta externa,nuevas en personas de 60 anos o mas,2005-09-01,1,0,1,0,1
INQUISIVI,consulta externa,nuevas en personas de 60 anos o mas,2005-09-01,35,23,35,23,58
IRUPANA (VILLA DE LANZA),consulta externa,nuevas en personas de 60 anos o mas,2005-09-01,40,30,40,30,70
IXIAMAS,consulta externa,nuevas en personas de 60 anos o mas,2005-09-01,12,9,12,9,21
JESUS DE MACHACA,consulta externa,nuevas en personas de 60 anos o mas,2005-09-01,40,48,40,48,88
LA ASUNTA,consulta externa,nuevas en personas de 60 anos o mas,2005-09-01,16,7,16,7,23
LA GUARDIA,consulta externa,nuevas en personas de 60 anos o mas,2005-09-01,32,37,32,37,69
LA PAZ,consulta externa,nuevas en personas de 60 anos o mas,2005-09-01,7560,9451,7560,9451,17011
LA RIVERA,consulta externa,nuevas en personas de 60 anos o mas,2005-09-01,1,7,1,7,8
LAGUNILLAS,consulta externa,nuevas en personas de 60 anos o mas,2005-09-01,20,27,20,27,47
LAJA,consulta externa,nuevas en personas de 60 anos o mas,2005-09-01,28,34,28,34,62
LAS CARRERAS,consulta externa,nuevas en personas de 60 anos o mas,2005-09-01,16,33,16,33,49
LICOMA PAMPA,consulta externa,nuevas en personas de 60 anos o mas,2005-09-01,4,7,4,7,11
LLALLAGUA,consulta externa,nuevas en personas de 60 anos o mas,2005-09-01,206,319,206,319,525
LLICA,consulta externa,nuevas en personas de 60 anos o mas,2005-09-01,46,64,46,64,110
LORETO,consulta externa,nuevas en personas de 60 anos o mas,2005-09-01,3,4,3,4,7
LURIBAY,consulta externa,nuevas en personas de 60 anos o mas,2005-09-01,29,41,29,41,70
MACHACAMARCA,consulta externa,nuevas en personas de 60 anos o mas,2005-09-01,70,67,70,67,137
MACHARETI,consulta externa,nuevas en personas de 60 anos o mas,2005-09-01,71,49,71,49,120
MAGDALENA,consulta externa,nuevas en personas de 60 anos o mas,2005-09-01,33,27,33,27,60
MAIRANA,consulta externa,nuevas en personas de 60 anos o mas,2005-09-01,45,75,45,75,120
MALLA,consulta externa,nuevas en personas de 60 anos o mas,2005-09-01,4,7,4,7,11
MAPIRI,consulta externa,nuevas en personas de 60 anos o mas,2005-09-01,44,36,44,36,80
MECAPACA,consulta externa,nuevas en personas de 60 anos o mas,2005-09-01,24,28,24,28,52
MINEROS,consulta externa,nuevas en personas de 60 anos o mas,2005-09-01,116,87,116,87,203
MIZQUE,consulta externa,nuevas en personas de 60 anos o mas,2005-09-01,23,20,23,20,43
MOCOMOCO,consulta externa,nuevas en personas de 60 anos o mas,2005-09-01,69,78,69,78,147
MOJINETE,consulta externa,nuevas en personas de 60 anos o mas,2005-09-01,3,16,3,16,19
MOJOCOYA,consulta externa,nuevas en personas de 60 anos o mas,2005-09-01,20,32,20,32,52
MONTEAGUDO,consulta externa,nuevas en personas de 60 anos o mas,2005-09-01,219,264,219,264,483
MONTERO,consulta externa,nuevas en personas de 60 anos o mas,2005-09-01,322,364,322,364,686
MORO MORO,consulta externa,nuevas en personas de 60 anos o mas,2005-09-01,31,44,31,44,75
MOROCHATA,consulta externa,nuevas en personas de 60 anos o mas,2005-09-01,30,38,30,38,68
NACEBE (SANTA ROSA DEL ABUNA),consulta externa,nuevas en personas de 60 anos o mas,2005-09-01,3,0,3,0,3
NAZACARA DE PACAJES,consulta externa,nuevas en personas de 60 anos o mas,2005-09-01,3,0,3,0,3
NUEVO MANOA (NUEVA ESPERANZA),consulta externa,nuevas en personas de 60 anos o mas,2005-09-01,3,1,3,1,4
OCURI,consulta externa,nuevas en personas de 60 anos o mas,2005-09-01,29,41,29,41,70
OKINAWA,consulta externa,nuevas en personas de 60 anos o mas,2005-09-01,59,55,59,55,114
OMEREQUE,consulta externa,nuevas en personas de 60 anos o mas,2005-09-01,17,18,17,18,35
ORURO,consulta externa,nuevas en personas de 60 anos o mas,2005-09-01,2393,2757,2393,2757,5150
PADCAYA,consulta externa,nuevas en personas de 60 anos o mas,2005-09-01,88,95,88,95,183
PADILLA,consulta externa,nuevas en personas de 60 anos o mas,2005-09-01,152,212,152,212,364
PAILON,consulta externa,nuevas en personas de 60 anos o mas,2005-09-01,15,21,15,21,36
PALCA,consulta externa,nuevas en personas de 60 anos o mas,2005-09-01,20,24,20,24,44
PALOS BLANCOS,consulta externa,nuevas en personas de 60 anos o mas,2005-09-01,49,36,49,36,85
PAMPA AULLAGAS,consulta externa,nuevas en personas de 60 anos o mas,2005-09-01,1,6,1,6,7
PAMPA GRANDE,consulta externa,nuevas en personas de 60 anos o mas,2005-09-01,22,50,22,50,72
PAPEL PAMPA,consulta externa,nuevas en personas de 60 anos o mas,2005-09-01,17,21,17,21,38
PASORAPA,consulta externa,nuevas en personas de 60 anos o mas,2005-09-01,3,10,3,10,13
PATACAMAYA,consulta externa,nuevas en personas de 60 anos o mas,2005-09-01,37,25,37,25,62
PAZÑA,consulta externa,nuevas en personas de 60 anos o mas,2005-09-01,51,51,51,51,102
PELECHUCO,consulta externa,nuevas en personas de 60 anos o mas,2005-09-01,13,18,13,18,31
POCOATA,consulta externa,nuevas en personas de 60 anos o mas,2005-09-01,81,102,81,102,183
POCONA,consulta externa,nuevas en personas de 60 anos o mas,2005-09-01,12,40,12,40,52
POJO (CBBA),consulta externa,nuevas en personas de 60 anos o mas,2005-09-01,15,15,15,15,30
POOPO,consulta externa,nuevas en personas de 60 anos o mas,2005-09-01,55,58,55,58,113
PORCO,consulta externa,nuevas en personas de 60 anos o mas,2005-09-01,9,23,9,23,32
POROMA,consulta externa,nuevas en personas de 60 anos o mas,2005-09-01,55,74,55,74,129
PORONGO,consulta externa,nuevas en personas de 60 anos o mas,2005-09-01,23,28,23,28,51
PORTACHUELO,consulta externa,nuevas en personas de 60 anos o mas,2005-09-01,129,134,129,134,263
PORVENIR,consulta externa,nuevas en personas de 60 anos o mas,2005-09-01,12,6,12,6,18
POSTRER VALLE,consulta externa,nuevas en personas de 60 anos o mas,2005-09-01,29,31,29,31,60
POTOSI,consulta externa,nuevas en personas de 60 anos o mas,2005-09-01,1717,2204,1717,2204,3921
PRESTO,consulta externa,nuevas en personas de 60 anos o mas,2005-09-01,14,44,14,44,58
PUCARA,consulta externa,nuevas en personas de 60 anos o mas,2005-09-01,31,44,31,44,75
PUCARANI,consulta externa,nuevas en personas de 60 anos o mas,2005-09-01,49,37,49,37,86
PUERTO ACOSTA,consulta externa,nuevas en personas de 60 anos o mas,2005-09-01,113,123,113,123,236
PUERTO CARABUCO,consulta externa,nuevas en personas de 60 anos o mas,2005-09-01,35,51,35,51,86
PUERTO GONZALO MORENO,consulta externa,nuevas en personas de 60 anos o mas,2005-09-01,14,8,14,8,22
PUERTO PEREZ,consulta externa,nuevas en personas de 60 anos o mas,2005-09-01,42,36,42,36,78
PUERTO QUIJARRO,consulta externa,nuevas en personas de 60 anos o mas,2005-09-01,92,92,92,92,184
PUERTO RICO,consulta externa,nuevas en personas de 60 anos o mas,2005-09-01,68,29,68,29,97
PUERTO SUAREZ,consulta externa,nuevas en personas de 60 anos o mas,2005-09-01,83,100,83,100,183
PUERTO VILLARROEL,consulta externa,nuevas en personas de 60 anos o mas,2005-09-01,21,18,21,18,39
PUNA,consulta externa,nuevas en personas de 60 anos o mas,2005-09-01,174,270,174,270,444
PUNATA,consulta externa,nuevas en personas de 60 anos o mas,2005-09-01,93,111,93,111,204
QUIABAYA,consulta externa,nuevas en personas de 60 anos o mas,2005-09-01,4,13,4,13,17
QUILLACOLLO,consulta externa,nuevas en personas de 60 anos o mas,2005-09-01,386,419,386,419,805
QUIME,consulta externa,nuevas en personas de 60 anos o mas,2005-09-01,20,18,20,18,38
QUIRUSILLAS,consulta externa,nuevas en personas de 60 anos o mas,2005-09-01,4,4,4,4,8
RAVELO,consulta externa,nuevas en personas de 60 anos o mas,2005-09-01,56,82,56,82,138
REYES,consulta externa,nuevas en personas de 60 anos o mas,2005-09-01,79,73,79,73,152
RIBERALTA,consulta externa,nuevas en personas de 60 anos o mas,2005-09-01,123,111,123,111,234
ROBORE,consulta externa,nuevas en personas de 60 anos o mas,2005-09-01,55,54,55,54,109
RURRENABAQUE,consulta externa,nuevas en personas de 60 anos o mas,2005-09-01,154,138,154,138,292
SABAYA,consulta externa,nuevas en personas de 60 anos o mas,2005-09-01,22,36,22,36,58
SACABA,consulta externa,nuevas en personas de 60 anos o mas,2005-09-01,121,179,121,179,300
SACABAMBA,consulta externa,nuevas en personas de 60 anos o mas,2005-09-01,12,14,12,14,26
SACACA,consulta externa,nuevas en personas de 60 anos o mas,2005-09-01,39,85,39,85,124
SAIPINA,consulta externa,nuevas en personas de 60 anos o mas,2005-09-01,45,79,45,79,124
SALINAS DE GARCI MENDOZA,consulta externa,nuevas en personas de 60 anos o mas,2005-09-01,72,58,72,58,130
SAMAIPATA,consulta externa,nuevas en personas de 60 anos o mas,2005-09-01,48,57,48,57,105
SAN AGUSTIN,consulta externa,nuevas en personas de 60 anos o mas,2005-09-01,6,9,6,9,15
SAN ANDRES,consulta externa,nuevas en personas de 60 anos o mas,2005-09-01,17,21,17,21,38
SAN ANDRES DE MACHACA,consulta externa,nuevas en personas de 60 anos o mas,2005-09-01,21,42,21,42,63
SAN ANTONIO DE ESMORUCO,consulta externa,nuevas en personas de 60 anos o mas,2005-09-01,8,5,8,5,13
SAN ANTONIO DE LOMERIO,consulta externa,nuevas en personas de 60 anos o mas,2005-09-01,19,14,19,14,33
SAN BENITO,consulta externa,nuevas en personas de 60 anos o mas,2005-09-01,17,34,17,34,51
SAN BORJA,consulta externa,nuevas en personas de 60 anos o mas,2005-09-01,89,100,89,100,189
SAN BUENA VENTURA,consulta externa,nuevas en personas de 60 anos o mas,2005-09-01,10,16,10,16,26
SAN CARLOS,consulta externa,nuevas en personas de 60 anos o mas,2005-09-01,83,72,83,72,155
SAN IGNACIO,consulta externa,nuevas en personas de 60 anos o mas,2005-09-01,40,69,40,69,109
SAN IGNACIO DE VELASCO,consulta externa,nuevas en personas de 60 anos o mas,2005-09-01,225,278,225,278,503
SAN JAVIER(BNI),consulta externa,nuevas en personas de 60 anos o mas,2005-09-01,3,5,3,5,8
SAN JAVIER(STC),consulta externa,nuevas en personas de 60 anos o mas,2005-09-01,5,3,5,3,8
SAN JOAQUIN,consulta externa,nuevas en personas de 60 anos o mas,2005-09-01,33,61,33,61,94
SAN JOSE DE CHIQUITOS,consulta externa,nuevas en personas de 60 anos o mas,2005-09-01,43,58,43,58,101
SAN JUAN DE YAPACANI,consulta externa,nuevas en personas de 60 anos o mas,2005-09-01,26,29,26,29,55
SAN JULIAN,consulta externa,nuevas en personas de 60 anos o mas,2005-09-01,61,56,61,56,117
SAN LORENZO(PND),consulta externa,nuevas en personas de 60 anos o mas,2005-09-01,12,9,12,9,21
SAN LORENZO(TJA),consulta externa,nuevas en personas de 60 anos o mas,2005-09-01,91,125,91,125,216
SAN LUCAS,consulta externa,nuevas en personas de 60 anos o mas,2005-09-01,149,221,149,221,370
SAN MATIAS,consulta externa,nuevas en personas de 60 anos o mas,2005-09-01,9,14,9,14,23
SAN MIGUEL DE VELASCO,consulta externa,nuevas en personas de 60 anos o mas,2005-09-01,40,38,40,38,78
SAN PABLO DE LIPEZ,consulta externa,nuevas en personas de 60 anos o mas,2005-09-01,32,24,32,24,56
SAN PEDRO,consulta externa,nuevas en personas de 60 anos o mas,2005-09-01,36,32,36,32,68
SAN PEDRO DE BUENA VISTA,consulta externa,nuevas en personas de 60 anos o mas,2005-09-01,62,75,62,75,137
SAN PEDRO DE CURAHUARA,consulta externa,nuevas en personas de 60 anos o mas,2005-09-01,16,21,16,21,37
SAN PEDRO DE QUEMES,consulta externa,nuevas en personas de 60 anos o mas,2005-09-01,2,1,2,1,3
SAN PEDRO DE TIQUINA,consulta externa,nuevas en personas de 60 anos o mas,2005-09-01,27,26,27,26,53
SAN PEDRO(PND),consulta externa,nuevas en personas de 60 anos o mas,2005-09-01,0,2,0,2,2
SAN RAFAEL,consulta externa,nuevas en personas de 60 anos o mas,2005-09-01,10,15,10,15,25
SAN RAMON,consulta externa,nuevas en personas de 60 anos o mas,2005-09-01,42,44,42,44,86
SAN RAMON,consulta externa,nuevas en personas de 60 anos o mas,2005-09-01,11,9,11,9,20
SANTA ANA,consulta externa,nuevas en personas de 60 anos o mas,2005-09-01,103,110,103,110,213
SANTA CRUZ DE LA SIERRA,consulta externa,nuevas en personas de 60 anos o mas,2005-09-01,5438,7917,5438,7917,13355
SANTA ROSA,consulta externa,nuevas en personas de 60 anos o mas,2005-09-01,37,43,37,43,80
SANTA ROSA DEL SARA,consulta externa,nuevas en personas de 60 anos o mas,2005-09-01,41,34,41,34,75
SANTIAGO DE CALLAPA,consulta externa,nuevas en personas de 60 anos o mas,2005-09-01,10,27,10,27,37
SANTIAGO DE HUARI,consulta externa,nuevas en personas de 60 anos o mas,2005-09-01,60,53,60,53,113
SANTIAGO DE MACHACA,consulta externa,nuevas en personas de 60 anos o mas,2005-09-01,10,22,10,22,32
SANTIVAÑES,consulta externa,nuevas en personas de 60 anos o mas,2005-09-01,15,45,15,45,60
SANTUARIO DE QUILLACAS,consulta externa,nuevas en personas de 60 anos o mas,2005-09-01,14,20,14,20,34
SAPAHAQUI,consulta externa,nuevas en personas de 60 anos o mas,2005-09-01,22,17,22,17,39
SENA,consulta externa,nuevas en personas de 60 anos o mas,2005-09-01,10,8,10,8,18
SICA SICA (VILLA AROMA),consulta externa,nuevas en personas de 60 anos o mas,2005-09-01,51,33,51,33,84
SICAYA,consulta externa,nuevas en personas de 60 anos o mas,2005-09-01,0,4,0,4,4
SIPE SIPE,consulta externa,nuevas en personas de 60 anos o mas,2005-09-01,37,30,37,30,67
SOPACHUY,consulta externa,nuevas en personas de 60 anos o mas,2005-09-01,35,39,35,39,74
SORACACHI,consulta externa,nuevas en personas de 60 anos o mas,2005-09-01,15,15,15,15,30
SORATA,consulta externa,nuevas en personas de 60 anos o mas,2005-09-01,57,70,57,70,127
SUCRE,consulta externa,nuevas en personas de 60 anos o mas,2005-09-01,2518,3513,2518,3513,6031
TACACHI,consulta externa,nuevas en personas de 60 anos o mas,2005-09-01,4,6,4,6,10
TACACOMA,consulta externa,nuevas en personas de 60 anos o mas,2005-09-01,6,8,6,8,14
TACOBAMBA,consulta externa,nuevas en personas de 60 anos o mas,2005-09-01,19,42,19,42,61
TACOPAYA,consulta externa,nuevas en personas de 60 anos o mas,2005-09-01,16,32,16,32,48
TAHUA,consulta externa,nuevas en personas de 60 anos o mas,2005-09-01,8,10,8,10,18
TAPACARI,consulta externa,nuevas en personas de 60 anos o mas,2005-09-01,32,62,32,62,94
TARABUCO,consulta externa,nuevas en personas de 60 anos o mas,2005-09-01,80,123,80,123,203
TARACO,consulta externa,nuevas en personas de 60 anos o mas,2005-09-01,23,17,23,17,40
TARATA,consulta externa,nuevas en personas de 60 anos o mas,2005-09-01,8,28,8,28,36
TARIJA,consulta externa,nuevas en personas de 60 anos o mas,2005-09-01,1439,1637,1439,1637,3076
TARVITA,consulta externa,nuevas en personas de 60 anos o mas,2005-09-01,97,130,97,130,227
TEOPONTE,consulta externa,nuevas en personas de 60 anos o mas,2005-09-01,47,37,47,37,84
TIAWANACU,consulta externa,nuevas en personas de 60 anos o mas,2005-09-01,17,25,17,25,42
TINGUIPAYA,consulta externa,nuevas en personas de 60 anos o mas,2005-09-01,42,71,42,71,113
TIPUANI,consulta externa,nuevas en personas de 60 anos o mas,2005-09-01,12,10,12,10,22
TIQUIPAYA,consulta externa,nuevas en personas de 60 anos o mas,2005-09-01,10,18,10,18,28
TIRAQUE (CBBA),consulta externa,nuevas en personas de 60 anos o mas,2005-09-01,32,32,32,32,64
TITO YUPANQUI (PARQUIPUJIO),consulta externa,nuevas en personas de 60 anos o mas,2005-09-01,7,20,7,20,27
TOCO,consulta externa,nuevas en personas de 60 anos o mas,2005-09-01,9,16,9,16,25
TODOS SANTOS,consulta externa,nuevas en personas de 60 anos o mas,2005-09-01,4,2,4,2,6
TOLATA,consulta externa,nuevas en personas de 60 anos o mas,2005-09-01,10,9,10,9,19
TOLEDO,consulta externa,nuevas en personas de 60 anos o mas,2005-09-01,14,30,14,30,44
TOMAVE,consulta externa,nuevas en personas de 60 anos o mas,2005-09-01,67,126,67,126,193
TOMINA,consulta externa,nuevas en personas de 60 anos o mas,2005-09-01,43,47,43,47,90
TORO TORO,consulta externa,nuevas en personas de 60 anos o mas,2005-09-01,26,60,26,60,86
TOTORA(CBBA),consulta externa,nuevas en personas de 60 anos o mas,2005-09-01,12,20,12,20,32
TOTORA(ORR),consulta externa,nuevas en personas de 60 anos o mas,2005-09-01,20,18,20,18,38
TRIGAL,consulta externa,nuevas en personas de 60 anos o mas,2005-09-01,30,30,30,30,60
TRINIDAD,consulta externa,nuevas en personas de 60 anos o mas,2005-09-01,321,352,321,352,673
TUPIZA,consulta externa,nuevas en personas de 60 anos o mas,2005-09-01,351,491,351,491,842
TURCO,consulta externa,nuevas en personas de 60 anos o mas,2005-09-01,41,39,41,39,80
UMALA,consulta externa,nuevas en personas de 60 anos o mas,2005-09-01,5,8,5,8,13
UNCIA,consulta externa,nuevas en personas de 60 anos o mas,2005-09-01,83,125,83,125,208
URIONDO (A. CONCEPCION),consulta externa,nuevas en personas de 60 anos o mas,2005-09-01,45,71,45,71,116
URUBICHA,consulta externa,nuevas en personas de 60 anos o mas,2005-09-01,5,14,5,14,19
UYUNI,consulta externa,nuevas en personas de 60 anos o mas,2005-09-01,225,272,225,272,497
VACAS,consulta externa,nuevas en personas de 60 anos o mas,2005-09-01,28,55,28,55,83
VALLEGRANDE,consulta externa,nuevas en personas de 60 anos o mas,2005-09-01,114,182,114,182,296
VIACHA,consulta externa,nuevas en personas de 60 anos o mas,2005-09-01,279,249,279,249,528
VILA VILA,consulta externa,nuevas en personas de 60 anos o mas,2005-09-01,6,7,6,7,13
VILLA MONTES,consulta externa,nuevas en personas de 60 anos o mas,2005-09-01,129,126,129,126,255
VILLA NUEVA (LOMA ALTA),consulta externa,nuevas en personas de 60 anos o mas,2005-09-01,0,2,0,2,2
VILLA RIVERO,consulta externa,nuevas en personas de 60 anos o mas,2005-09-01,12,13,12,13,25
VILLA SERRANO,consulta externa,nuevas en personas de 60 anos o mas,2005-09-01,47,51,47,51,98
VILLA TUNARI,consulta externa,nuevas en personas de 60 anos o mas,2005-09-01,67,44,67,44,111
VILLA VACA GUZMAN (MUYUPAMPA),consulta externa,nuevas en personas de 60 anos o mas,2005-09-01,57,76,57,76,133
VILLAZON,consulta externa,nuevas en personas de 60 anos o mas,2005-09-01,225,312,225,312,537
VINTO,consulta externa,nuevas en personas de 60 anos o mas,2005-09-01,28,30,28,30,58
VITICHI,consulta externa,nuevas en personas de 60 anos o mas,2005-09-01,62,107,62,107,169
WALDO BALLIVIAN,consulta externa,nuevas en personas de 60 anos o mas,2005-09-01,0,2,0,2,2
WARNES,consulta externa,nuevas en personas de 60 anos o mas,2005-09-01,61,61,61,61,122
YACO,consulta externa,nuevas en personas de 60 anos o mas,2005-09-01,17,8,17,8,25
YACUIBA,consulta externa,nuevas en personas de 60 anos o mas,2005-09-01,520,614,520,614,1134
YAMPARAEZ,consulta externa,nuevas en personas de 60 anos o mas,2005-09-01,35,54,35,54,89
YANACACHI,consulta externa,nuevas en personas de 60 anos o mas,2005-09-01,28,14,28,14,42
YAPACANI,consulta externa,nuevas en personas de 60 anos o mas,2005-09-01,146,117,146,117,263
YOCALLA,consulta externa,nuevas en personas de 60 anos o mas,2005-09-01,47,52,47,52,99
YOTALA,consulta externa,nuevas en personas de 60 anos o mas,2005-09-01,23,49,23,49,72
YUNCHARA,consulta externa,nuevas en personas de 60 anos o mas,2005-09-01,6,17,6,17,23
ZUDAÑEZ,consulta externa,nuevas en personas de 60 anos o mas,2005-09-01,36,44,36,44,80
ACACIO,consulta externa,nuevas en personas de 60 anos o mas,2005-10-01,28,45,28,45,73
ACHACACHI,consulta externa,nuevas en personas de 60 anos o mas,2005-10-01,147,161,147,161,308
ACHOCALLA,consulta externa,nuevas en personas de 60 anos o mas,2005-10-01,14,11,14,11,25
AIQUILE,consulta externa,nuevas en personas de 60 anos o mas,2005-10-01,89,83,89,83,172
ALALAY,consulta externa,nuevas en personas de 60 anos o mas,2005-10-01,3,9,3,9,12
ALCALA,consulta externa,nuevas en personas de 60 anos o mas,2005-10-01,27,18,27,18,45
ANCORAIMES,consulta externa,nuevas en personas de 60 anos o mas,2005-10-01,31,33,31,33,64
ANDAMARCA,consulta externa,nuevas en personas de 60 anos o mas,2005-10-01,58,70,58,70,128
ANTEQUERA,consulta externa,nuevas en personas de 60 anos o mas,2005-10-01,1,4,1,4,5
ANZALDO,consulta externa,nuevas en personas de 60 anos o mas,2005-10-01,19,29,19,29,48
APOLO,consulta externa,nuevas en personas de 60 anos o mas,2005-10-01,41,39,41,39,80
ARAMPAMPA,consulta externa,nuevas en personas de 60 anos o mas,2005-10-01,15,14,15,14,29
ARANI,consulta externa,nuevas en personas de 60 anos o mas,2005-10-01,8,18,8,18,26
ARBIETO,consulta externa,nuevas en personas de 60 anos o mas,2005-10-01,18,46,18,46,64
ARQUE,consulta externa,nuevas en personas de 60 anos o mas,2005-10-01,14,24,14,24,38
ASCENCION DE GUARAYOS,consulta externa,nuevas en personas de 60 anos o mas,2005-10-01,10,6,10,6,16
ATOCHA,consulta externa,nuevas en personas de 60 anos o mas,2005-10-01,79,116,79,116,195
AUCAPATA,consulta externa,nuevas en personas de 60 anos o mas,2005-10-01,17,25,17,25,42
AYATA,consulta externa,nuevas en personas de 60 anos o mas,2005-10-01,27,32,27,32,59
AYO AYO,consulta externa,nuevas en personas de 60 anos o mas,2005-10-01,14,11,14,11,25
AYOPAYA (V. DE INDEPENDENCIA),consulta externa,nuevas en personas de 60 anos o mas,2005-10-01,60,84,60,84,144
AZURDUY,consulta externa,nuevas en personas de 60 anos o mas,2005-10-01,57,86,57,86,143
BATALLAS,consulta externa,nuevas en personas de 60 anos o mas,2005-10-01,31,31,31,31,62
BAURES,consulta externa,nuevas en personas de 60 anos o mas,2005-10-01,37,8,37,8,45
BELEN DE ANDAMARCA,consulta externa,nuevas en personas de 60 anos o mas,2005-10-01,14,6,14,6,20
BELEN DE URMIRI,consulta externa,nuevas en personas de 60 anos o mas,2005-10-01,20,12,20,12,32
BELLA FLOR,consulta externa,nuevas en personas de 60 anos o mas,2005-10-01,11,5,11,5,16
BERMEJO,consulta externa,nuevas en personas de 60 anos o mas,2005-10-01,248,205,248,205,453
BETANZOS,consulta externa,nuevas en personas de 60 anos o mas,2005-10-01,163,292,163,292,455
BOLIVAR,consulta externa,nuevas en personas de 60 anos o mas,2005-10-01,12,17,12,17,29
BOLPEBRA,consulta externa,nuevas en personas de 60 anos o mas,2005-10-01,6,0,6,0,6
BOYUIBE,consulta externa,nuevas en personas de 60 anos o mas,2005-10-01,10,19,10,19,29
BUENA VISTA,consulta externa,nuevas en personas de 60 anos o mas,2005-10-01,69,58,69,58,127
CABEZAS,consulta externa,nuevas en personas de 60 anos o mas,2005-10-01,49,39,49,39,88
CAIROMA,consulta externa,nuevas en personas de 60 anos o mas,2005-10-01,32,44,32,44,76
"CAIZA ""D""",consulta externa,nuevas en personas de 60 anos o mas,2005-10-01,51,97,51,97,148
CAJUATA,consulta externa,nuevas en personas de 60 anos o mas,2005-10-01,21,21,21,21,42
CALACOTO,consulta externa,nuevas en personas de 60 anos o mas,2005-10-01,26,27,26,27,53
CALAMARCA,consulta externa,nuevas en personas de 60 anos o mas,2005-10-01,20,27,20,27,47
CAMARGO,consulta externa,nuevas en personas de 60 anos o mas,2005-10-01,180,250,180,250,430
CAMATAQUI (C. VILLA ABECIA),consulta externa,nuevas en personas de 60 anos o mas,2005-10-01,20,34,20,34,54
CAMIRI,consulta externa,nuevas en personas de 60 anos o mas,2005-10-01,749,906,749,906,1655
CAPINOTA,consulta externa,nuevas en personas de 60 anos o mas,2005-10-01,56,78,56,78,134
CAQUIAVIRI,consulta externa,nuevas en personas de 60 anos o mas,2005-10-01,34,49,34,49,83
CARACOLLO,consulta externa,nuevas en personas de 60 anos o mas,2005-10-01,62,49,62,49,111
CARANAVI,consulta externa,nuevas en personas de 60 anos o mas,2005-10-01,108,64,108,64,172
CARANGAS,consulta externa,nuevas en personas de 60 anos o mas,2005-10-01,1,3,1,3,4
CARAPARI,consulta externa,nuevas en personas de 60 anos o mas,2005-10-01,44,55,44,55,99
CARIPUYO,consulta externa,nuevas en personas de 60 anos o mas,2005-10-01,10,32,10,32,42
CARMEN RIVERO TORREZ,consulta externa,nuevas en personas de 60 anos o mas,2005-10-01,3,7,3,7,10
CATACORA,consulta externa,nuevas en personas de 60 anos o mas,2005-10-01,0,2,0,2,2
CHACARILLA,consulta externa,nuevas en personas de 60 anos o mas,2005-10-01,6,8,6,8,14
CHALLAPATA,consulta externa,nuevas en personas de 60 anos o mas,2005-10-01,123,92,123,92,215
CHAQUI,consulta externa,nuevas en personas de 60 anos o mas,2005-10-01,34,47,34,47,81
CHARAGUA,consulta externa,nuevas en personas de 60 anos o mas,2005-10-01,55,56,55,56,111
CHARAÑA,consulta externa,nuevas en personas de 60 anos o mas,2005-10-01,7,7,7,7,14
CHAYANTA,consulta externa,nuevas en personas de 60 anos o mas,2005-10-01,60,96,60,96,156
CHIMORE,consulta externa,nuevas en personas de 60 anos o mas,2005-10-01,24,16,24,16,40
CHIPAYA,consulta externa,nuevas en personas de 60 anos o mas,2005-10-01,1,5,1,5,6
CHOQUE COTA,consulta externa,nuevas en personas de 60 anos o mas,2005-10-01,11,11,11,11,22
CHULUMANI (V. DE LA LIBERTAD),consulta externa,nuevas en personas de 60 anos o mas,2005-10-01,64,52,64,52,116
CHUMA,consulta externa,nuevas en personas de 60 anos o mas,2005-10-01,52,31,52,31,83
CLIZA,consulta externa,nuevas en personas de 60 anos o mas,2005-10-01,14,24,14,24,38
COBIJA,consulta externa,nuevas en personas de 60 anos o mas,2005-10-01,114,137,114,137,251
COCHABAMBA,consulta externa,nuevas en personas de 60 anos o mas,2005-10-01,4234,5263,4234,5263,9497
COIPASA,consulta externa,nuevas en personas de 60 anos o mas,2005-10-01,2,1,2,1,3
COLCAPIRHUA,consulta externa,nuevas en personas de 60 anos o mas,2005-10-01,135,187,135,187,322
"COLCHA ""K""",consulta externa,nuevas en personas de 60 anos o mas,2005-10-01,39,49,39,49,88
COLLANA,consulta externa,nuevas en personas de 60 anos o mas,2005-10-01,13,9,13,9,22
COLOMI,consulta externa,nuevas en personas de 60 anos o mas,2005-10-01,17,21,17,21,38
COLPA BELGICA,consulta externa,nuevas en personas de 60 anos o mas,2005-10-01,52,58,52,58,110
COLQUECHACA,consulta externa,nuevas en personas de 60 anos o mas,2005-10-01,82,131,82,131,213
COLQUENCHA,consulta externa,nuevas en personas de 60 anos o mas,2005-10-01,15,32,15,32,47
COLQUIRI,consulta externa,nuevas en personas de 60 anos o mas,2005-10-01,41,44,41,44,85
COMANCHE,consulta externa,nuevas en personas de 60 anos o mas,2005-10-01,12,6,12,6,18
COMARAPA,consulta externa,nuevas en personas de 60 anos o mas,2005-10-01,87,119,87,119,206
COMBAYA,consulta externa,nuevas en personas de 60 anos o mas,2005-10-01,8,13,8,13,21
CONCEPCION,consulta externa,nuevas en personas de 60 anos o mas,2005-10-01,56,64,56,64,120
COPACABANA,consulta externa,nuevas en personas de 60 anos o mas,2005-10-01,18,21,18,21,39
CORIPATA,consulta externa,nuevas en personas de 60 anos o mas,2005-10-01,33,20,33,20,53
CORO CORO,consulta externa,nuevas en personas de 60 anos o mas,2005-10-01,36,39,36,39,75
COROICO,consulta externa,nuevas en personas de 60 anos o mas,2005-10-01,35,35,35,35,70
CORQUE,consulta externa,nuevas en personas de 60 anos o mas,2005-10-01,42,41,42,41,83
COTAGAITA,consulta externa,nuevas en personas de 60 anos o mas,2005-10-01,194,360,194,360,554
COTOCA,consulta externa,nuevas en personas de 60 anos o mas,2005-10-01,101,126,101,126,227
CUATRO CAÑADAS,consulta externa,nuevas en personas de 60 anos o mas,2005-10-01,27,22,27,22,49
CUCHUMUELA (V. G. VILLARROEL),consulta externa,nuevas en personas de 60 anos o mas,2005-10-01,5,11,5,11,16
CUEVO,consulta externa,nuevas en personas de 60 anos o mas,2005-10-01,16,36,16,36,52
CULPINA,consulta externa,nuevas en personas de 60 anos o mas,2005-10-01,53,65,53,65,118
CURAHUARA DE CARANGAS,consulta externa,nuevas en personas de 60 anos o mas,2005-10-01,56,65,56,65,121
CURVA,consulta externa,nuevas en personas de 60 anos o mas,2005-10-01,3,9,3,9,12
DESAGUADERO,consulta externa,nuevas en personas de 60 anos o mas,2005-10-01,20,14,20,14,34
EL ALTO,consulta externa,nuevas en personas de 60 anos o mas,2005-10-01,1427,1526,1427,1526,2953
EL CHORO,consulta externa,nuevas en personas de 60 anos o mas,2005-10-01,20,19,20,19,39
EL PUENTE(STC),consulta externa,nuevas en personas de 60 anos o mas,2005-10-01,17,8,17,8,25
EL PUENTE(TJA),consulta externa,nuevas en personas de 60 anos o mas,2005-10-01,36,65,36,65,101
EL TORNO,consulta externa,nuevas en personas de 60 anos o mas,2005-10-01,363,359,363,359,722
EL VILLAR,consulta externa,nuevas en personas de 60 anos o mas,2005-10-01,22,64,22,64,86
ENTRE RIOS,consulta externa,nuevas en personas de 60 anos o mas,2005-10-01,101,91,101,91,192
ENTRE RIOS,consulta externa,nuevas en personas de 60 anos o mas,2005-10-01,4,3,4,3,7
ESCARA,consulta externa,nuevas en personas de 60 anos o mas,2005-10-01,0,4,0,4,4
EUCALIPTUS,consulta externa,nuevas en personas de 60 anos o mas,2005-10-01,12,25,12,25,37
EXALTACION,consulta externa,nuevas en personas de 60 anos o mas,2005-10-01,3,4,3,4,7
FERNANDEZ ALONSO,consulta externa,nuevas en personas de 60 anos o mas,2005-10-01,15,20,15,20,35
FILADELFIA,consulta externa,nuevas en personas de 60 anos o mas,2005-10-01,6,9,6,9,15
GENERAL SAAVEDRA,consulta externa,nuevas en personas de 60 anos o mas,2005-10-01,28,20,28,20,48
GRAL. J.J. PEREZ (CHARAZANI),consulta externa,nuevas en personas de 60 anos o mas,2005-10-01,17,32,17,32,49
GUANAY,consulta externa,nuevas en personas de 60 anos o mas,2005-10-01,85,58,85,58,143
GUAQUI,consulta externa,nuevas en personas de 60 anos o mas,2005-10-01,19,26,19,26,45
GUAYARAMERIN,consulta externa,nuevas en personas de 60 anos o mas,2005-10-01,338,500,338,500,838
GUTIERREZ,consulta externa,nuevas en personas de 60 anos o mas,2005-10-01,44,77,44,77,121
HUACARETA,consulta externa,nuevas en personas de 60 anos o mas,2005-10-01,71,69,71,69,140
HUACAYA (VILLA DE HUACAYA),consulta externa,nuevas en personas de 60 anos o mas,2005-10-01,4,20,4,20,24
HUACHACALLA,consulta externa,nuevas en personas de 60 anos o mas,2005-10-01,5,7,5,7,12
HUANUNI,consulta externa,nuevas en personas de 60 anos o mas,2005-10-01,178,96,178,96,274
HUARACAJE,consulta externa,nuevas en personas de 60 anos o mas,2005-10-01,5,7,5,7,12
HUAYLLAMARCA,consulta externa,nuevas en personas de 60 anos o mas,2005-10-01,30,22,30,22,52
ICHOCA,consulta externa,nuevas en personas de 60 anos o mas,2005-10-01,19,15,19,15,34
ICLA,consulta externa,nuevas en personas de 60 anos o mas,2005-10-01,28,49,28,49,77
INCAHUASI,consulta externa,nuevas en personas de 60 anos o mas,2005-10-01,27,54,27,54,81
INGAVI (HUMAITA),consulta externa,nuevas en personas de 60 anos o mas,2005-10-01,1,1,1,1,2
INQUISIVI,consulta externa,nuevas en personas de 60 anos o mas,2005-10-01,41,25,41,25,66
IRUPANA (VILLA DE LANZA),consulta externa,nuevas en personas de 60 anos o mas,2005-10-01,55,45,55,45,100
IXIAMAS,consulta externa,nuevas en personas de 60 anos o mas,2005-10-01,56,42,56,42,98
JESUS DE MACHACA,consulta externa,nuevas en personas de 60 anos o mas,2005-10-01,51,74,51,74,125
LA ASUNTA,consulta externa,nuevas en personas de 60 anos o mas,2005-10-01,19,9,19,9,28
LA GUARDIA,consulta externa,nuevas en personas de 60 anos o mas,2005-10-01,36,35,36,35,71
LA PAZ,consulta externa,nuevas en personas de 60 anos o mas,2005-10-01,7293,8761,7293,8761,16054
LA RIVERA,consulta externa,nuevas en personas de 60 anos o mas,2005-10-01,3,5,3,5,8
LAGUNILLAS,consulta externa,nuevas en personas de 60 anos o mas,2005-10-01,21,32,21,32,53
LAJA,consulta externa,nuevas en personas de 60 anos o mas,2005-10-01,19,26,19,26,45
LAS CARRERAS,consulta externa,nuevas en personas de 60 anos o mas,2005-10-01,12,42,12,42,54
LICOMA PAMPA,consulta externa,nuevas en personas de 60 anos o mas,2005-10-01,4,4,4,4,8
LLALLAGUA,consulta externa,nuevas en personas de 60 anos o mas,2005-10-01,198,289,198,289,487
LLICA,consulta externa,nuevas en personas de 60 anos o mas,2005-10-01,39,46,39,46,85
LORETO,consulta externa,nuevas en personas de 60 anos o mas,2005-10-01,6,2,6,2,8
LURIBAY,consulta externa,nuevas en personas de 60 anos o mas,2005-10-01,44,43,44,43,87
MACHACAMARCA,consulta externa,nuevas en personas de 60 anos o mas,2005-10-01,53,75,53,75,128
MACHARETI,consulta externa,nuevas en personas de 60 anos o mas,2005-10-01,39,77,39,77,116
MAGDALENA,consulta externa,nuevas en personas de 60 anos o mas,2005-10-01,35,25,35,25,60
MAIRANA,consulta externa,nuevas en personas de 60 anos o mas,2005-10-01,60,73,60,73,133
MALLA,consulta externa,nuevas en personas de 60 anos o mas,2005-10-01,1,10,1,10,11
MAPIRI,consulta externa,nuevas en personas de 60 anos o mas,2005-10-01,30,33,30,33,63
MECAPACA,consulta externa,nuevas en personas de 60 anos o mas,2005-10-01,33,34,33,34,67
MINEROS,consulta externa,nuevas en personas de 60 anos o mas,2005-10-01,95,73,95,73,168
MIZQUE,consulta externa,nuevas en personas de 60 anos o mas,2005-10-01,23,31,23,31,54
MOCOMOCO,consulta externa,nuevas en personas de 60 anos o mas,2005-10-01,85,55,85,55,140
MOJINETE,consulta externa,nuevas en personas de 60 anos o mas,2005-10-01,10,21,10,21,31
MOJOCOYA,consulta externa,nuevas en personas de 60 anos o mas,2005-10-01,20,28,20,28,48
MONTEAGUDO,consulta externa,nuevas en personas de 60 anos o mas,2005-10-01,221,318,221,318,539
MONTERO,consulta externa,nuevas en personas de 60 anos o mas,2005-10-01,232,304,232,304,536
MORO MORO,consulta externa,nuevas en personas de 60 anos o mas,2005-10-01,34,53,34,53,87
MOROCHATA,consulta externa,nuevas en personas de 60 anos o mas,2005-10-01,17,23,17,23,40
NACEBE (SANTA ROSA DEL ABUNA),consulta externa,nuevas en personas de 60 anos o mas,2005-10-01,3,6,3,6,9
NAZACARA DE PACAJES,consulta externa,nuevas en personas de 60 anos o mas,2005-10-01,8,3,8,3,11
NUEVO MANOA (NUEVA ESPERANZA),consulta externa,nuevas en personas de 60 anos o mas,2005-10-01,5,4,5,4,9
OCURI,consulta externa,nuevas en personas de 60 anos o mas,2005-10-01,25,51,25,51,76
OKINAWA,consulta externa,nuevas en personas de 60 anos o mas,2005-10-01,54,48,54,48,102
OMEREQUE,consulta externa,nuevas en personas de 60 anos o mas,2005-10-01,12,21,12,21,33
ORURO,consulta externa,nuevas en personas de 60 anos o mas,2005-10-01,2361,2575,2361,2575,4936
PADCAYA,consulta externa,nuevas en personas de 60 anos o mas,2005-10-01,101,114,101,114,215
PADILLA,consulta externa,nuevas en personas de 60 anos o mas,2005-10-01,160,226,160,226,386
PAILON,consulta externa,nuevas en personas de 60 anos o mas,2005-10-01,11,21,11,21,32
PALCA,consulta externa,nuevas en personas de 60 anos o mas,2005-10-01,26,32,26,32,58
PALOS BLANCOS,consulta externa,nuevas en personas de 60 anos o mas,2005-10-01,39,31,39,31,70
PAMPA AULLAGAS,consulta externa,nuevas en personas de 60 anos o mas,2005-10-01,8,10,8,10,18
PAMPA GRANDE,consulta externa,nuevas en personas de 60 anos o mas,2005-10-01,29,54,29,54,83
PAPEL PAMPA,consulta externa,nuevas en personas de 60 anos o mas,2005-10-01,31,31,31,31,62
PASORAPA,consulta externa,nuevas en personas de 60 anos o mas,2005-10-01,9,18,9,18,27
PATACAMAYA,consulta externa,nuevas en personas de 60 anos o mas,2005-10-01,28,21,28,21,49
PAZÑA,consulta externa,nuevas en personas de 60 anos o mas,2005-10-01,40,61,40,61,101
PELECHUCO,consulta externa,nuevas en personas de 60 anos o mas,2005-10-01,24,23,24,23,47
POCOATA,consulta externa,nuevas en personas de 60 anos o mas,2005-10-01,79,104,79,104,183
POCONA,consulta externa,nuevas en personas de 60 anos o mas,2005-10-01,20,51,20,51,71
POJO (CBBA),consulta externa,nuevas en personas de 60 anos o mas,2005-10-01,12,9,12,9,21
POOPO,consulta externa,nuevas en personas de 60 anos o mas,2005-10-01,43,47,43,47,90
PORCO,consulta externa,nuevas en personas de 60 anos o mas,2005-10-01,7,34,7,34,41
POROMA,consulta externa,nuevas en personas de 60 anos o mas,2005-10-01,31,53,31,53,84
PORONGO,consulta externa,nuevas en personas de 60 anos o mas,2005-10-01,28,25,28,25,53
PORTACHUELO,consulta externa,nuevas en personas de 60 anos o mas,2005-10-01,122,153,122,153,275
PORVENIR,consulta externa,nuevas en personas de 60 anos o mas,2005-10-01,14,12,14,12,26
POSTRER VALLE,consulta externa,nuevas en personas de 60 anos o mas,2005-10-01,29,38,29,38,67
POTOSI,consulta externa,nuevas en personas de 60 anos o mas,2005-10-01,1496,1900,1496,1900,3396
PRESTO,consulta externa,nuevas en personas de 60 anos o mas,2005-10-01,13,32,13,32,45
PUCARA,consulta externa,nuevas en personas de 60 anos o mas,2005-10-01,35,51,35,51,86
PUCARANI,consulta externa,nuevas en personas de 60 anos o mas,2005-10-01,59,50,59,50,109
PUERTO ACOSTA,consulta externa,nuevas en personas de 60 anos o mas,2005-10-01,128,61,128,61,189
PUERTO CARABUCO,consulta externa,nuevas en personas de 60 anos o mas,2005-10-01,33,51,33,51,84
PUERTO GONZALO MORENO,consulta externa,nuevas en personas de 60 anos o mas,2005-10-01,13,11,13,11,24
PUERTO PEREZ,consulta externa,nuevas en personas de 60 anos o mas,2005-10-01,31,44,31,44,75
PUERTO QUIJARRO,consulta externa,nuevas en personas de 60 anos o mas,2005-10-01,76,66,76,66,142
PUERTO RICO,consulta externa,nuevas en personas de 60 anos o mas,2005-10-01,14,19,14,19,33
PUERTO SUAREZ,consulta externa,nuevas en personas de 60 anos o mas,2005-10-01,85,107,85,107,192
PUERTO VILLARROEL,consulta externa,nuevas en personas de 60 anos o mas,2005-10-01,33,19,33,19,52
PUNA,consulta externa,nuevas en personas de 60 anos o mas,2005-10-01,160,264,160,264,424
PUNATA,consulta externa,nuevas en personas de 60 anos o mas,2005-10-01,137,129,137,129,266
QUIABAYA,consulta externa,nuevas en personas de 60 anos o mas,2005-10-01,10,7,10,7,17
QUILLACOLLO,consulta externa,nuevas en personas de 60 anos o mas,2005-10-01,58,51,58,51,109
QUIME,consulta externa,nuevas en personas de 60 anos o mas,2005-10-01,18,19,18,19,37
QUIRUSILLAS,consulta externa,nuevas en personas de 60 anos o mas,2005-10-01,11,12,11,12,23
RAVELO,consulta externa,nuevas en personas de 60 anos o mas,2005-10-01,53,93,53,93,146
REYES,consulta externa,nuevas en personas de 60 anos o mas,2005-10-01,78,79,78,79,157
RIBERALTA,consulta externa,nuevas en personas de 60 anos o mas,2005-10-01,109,84,109,84,193
ROBORE,consulta externa,nuevas en personas de 60 anos o mas,2005-10-01,29,77,29,77,106
RURRENABAQUE,consulta externa,nuevas en personas de 60 anos o mas,2005-10-01,65,45,65,45,110
SABAYA,consulta externa,nuevas en personas de 60 anos o mas,2005-10-01,19,35,19,35,54
SACABA,consulta externa,nuevas en personas de 60 anos o mas,2005-10-01,115,225,115,225,340
SACABAMBA,consulta externa,nuevas en personas de 60 anos o mas,2005-10-01,8,12,8,12,20
SACACA,consulta externa,nuevas en personas de 60 anos o mas,2005-10-01,28,86,28,86,114
SAIPINA,consulta externa,nuevas en personas de 60 anos o mas,2005-10-01,4,6,4,6,10
SALINAS DE GARCI MENDOZA,consulta externa,nuevas en personas de 60 anos o mas,2005-10-01,63,45,63,45,108
SAMAIPATA,consulta externa,nuevas en personas de 60 anos o mas,2005-10-01,52,51,52,51,103
SAN AGUSTIN,consulta externa,nuevas en personas de 60 anos o mas,2005-10-01,9,10,9,10,19
SAN ANDRES,consulta externa,nuevas en personas de 60 anos o mas,2005-10-01,7,10,7,10,17
SAN ANDRES DE MACHACA,consulta externa,nuevas en personas de 60 anos o mas,2005-10-01,28,54,28,54,82
SAN ANTONIO DE ESMORUCO,consulta externa,nuevas en personas de 60 anos o mas,2005-10-01,10,4,10,4,14
SAN ANTONIO DE LOMERIO,consulta externa,nuevas en personas de 60 anos o mas,2005-10-01,17,16,17,16,33
SAN BENITO,consulta externa,nuevas en personas de 60 anos o mas,2005-10-01,17,22,17,22,39
SAN BORJA,consulta externa,nuevas en personas de 60 anos o mas,2005-10-01,121,94,121,94,215
SAN BUENA VENTURA,consulta externa,nuevas en personas de 60 anos o mas,2005-10-01,13,17,13,17,30
SAN CARLOS,consulta externa,nuevas en personas de 60 anos o mas,2005-10-01,95,113,95,113,208
SAN IGNACIO,consulta externa,nuevas en personas de 60 anos o mas,2005-10-01,80,92,80,92,172
SAN IGNACIO DE VELASCO,consulta externa,nuevas en personas de 60 anos o mas,2005-10-01,233,273,233,273,506
SAN JAVIER(BNI),consulta externa,nuevas en personas de 60 anos o mas,2005-10-01,6,4,6,4,10
SAN JAVIER(STC),consulta externa,nuevas en personas de 60 anos o mas,2005-10-01,10,7,10,7,17
SAN JOAQUIN,consulta externa,nuevas en personas de 60 anos o mas,2005-10-01,29,32,29,32,61
SAN JOSE DE CHIQUITOS,consulta externa,nuevas en personas de 60 anos o mas,2005-10-01,112,101,112,101,213
SAN JUAN DE YAPACANI,consulta externa,nuevas en personas de 60 anos o mas,2005-10-01,21,26,21,26,47
SAN JULIAN,consulta externa,nuevas en personas de 60 anos o mas,2005-10-01,60,61,60,61,121
SAN LORENZO(PND),consulta externa,nuevas en personas de 60 anos o mas,2005-10-01,4,5,4,5,9
SAN LORENZO(TJA),consulta externa,nuevas en personas de 60 anos o mas,2005-10-01,44,73,44,73,117
SAN LUCAS,consulta externa,nuevas en personas de 60 anos o mas,2005-10-01,124,175,124,175,299
SAN MATIAS,consulta externa,nuevas en personas de 60 anos o mas,2005-10-01,16,10,16,10,26
SAN MIGUEL DE VELASCO,consulta externa,nuevas en personas de 60 anos o mas,2005-10-01,33,51,33,51,84
SAN PABLO DE LIPEZ,consulta externa,nuevas en personas de 60 anos o mas,2005-10-01,20,14,20,14,34
SAN PEDRO,consulta externa,nuevas en personas de 60 anos o mas,2005-10-01,26,41,26,41,67
SAN PEDRO DE BUENA VISTA,consulta externa,nuevas en personas de 60 anos o mas,2005-10-01,43,85,43,85,128
SAN PEDRO DE CURAHUARA,consulta externa,nuevas en personas de 60 anos o mas,2005-10-01,18,23,18,23,41
SAN PEDRO DE QUEMES,consulta externa,nuevas en personas de 60 anos o mas,2005-10-01,1,3,1,3,4
SAN PEDRO DE TIQUINA,consulta externa,nuevas en personas de 60 anos o mas,2005-10-01,25,26,25,26,51
SAN PEDRO(PND),consulta externa,nuevas en personas de 60 anos o mas,2005-10-01,6,3,6,3,9
SAN RAFAEL,consulta externa,nuevas en personas de 60 anos o mas,2005-10-01,9,10,9,10,19
SAN RAMON,consulta externa,nuevas en personas de 60 anos o mas,2005-10-01,69,68,69,68,137
SAN RAMON,consulta externa,nuevas en personas de 60 anos o mas,2005-10-01,13,17,13,17,30
SANTA ANA,consulta externa,nuevas en personas de 60 anos o mas,2005-10-01,93,142,93,142,235
SANTA CRUZ DE LA SIERRA,consulta externa,nuevas en personas de 60 anos o mas,2005-10-01,6012,9036,6012,9036,15048
SANTA ROSA,consulta externa,nuevas en personas de 60 anos o mas,2005-10-01,51,57,51,57,108
SANTA ROSA DEL SARA,consulta externa,nuevas en personas de 60 anos o mas,2005-10-01,45,21,45,21,66
SANTIAGO DE CALLAPA,consulta externa,nuevas en personas de 60 anos o mas,2005-10-01,20,37,20,37,57
SANTIAGO DE HUARI,consulta externa,nuevas en personas de 60 anos o mas,2005-10-01,41,59,41,59,100
SANTIAGO DE MACHACA,consulta externa,nuevas en personas de 60 anos o mas,2005-10-01,19,28,19,28,47
SANTIVAÑES,consulta externa,nuevas en personas de 60 anos o mas,2005-10-01,15,47,15,47,62
SANTUARIO DE QUILLACAS,consulta externa,nuevas en personas de 60 anos o mas,2005-10-01,7,7,7,7,14
SAPAHAQUI,consulta externa,nuevas en personas de 60 anos o mas,2005-10-01,44,48,44,48,92
SENA,consulta externa,nuevas en personas de 60 anos o mas,2005-10-01,4,4,4,4,8
SICA SICA (VILLA AROMA),consulta externa,nuevas en personas de 60 anos o mas,2005-10-01,33,44,33,44,77
SICAYA,consulta externa,nuevas en personas de 60 anos o mas,2005-10-01,2,1,2,1,3
SIPE SIPE,consulta externa,nuevas en personas de 60 anos o mas,2005-10-01,30,54,30,54,84
SOPACHUY,consulta externa,nuevas en personas de 60 anos o mas,2005-10-01,21,38,21,38,59
SORACACHI,consulta externa,nuevas en personas de 60 anos o mas,2005-10-01,14,16,14,16,30
SORATA,consulta externa,nuevas en personas de 60 anos o mas,2005-10-01,65,58,65,58,123
SUCRE,consulta externa,nuevas en personas de 60 anos o mas,2005-10-01,2287,3408,2287,3408,5695
TACACHI,consulta externa,nuevas en personas de 60 anos o mas,2005-10-01,5,6,5,6,11
TACACOMA,consulta externa,nuevas en personas de 60 anos o mas,2005-10-01,9,16,9,16,25
TACOBAMBA,consulta externa,nuevas en personas de 60 anos o mas,2005-10-01,17,57,17,57,74
TACOPAYA,consulta externa,nuevas en personas de 60 anos o mas,2005-10-01,20,45,20,45,65
TAHUA,consulta externa,nuevas en personas de 60 anos o mas,2005-10-01,5,6,5,6,11
TAPACARI,consulta externa,nuevas en personas de 60 anos o mas,2005-10-01,53,56,53,56,109
TARABUCO,consulta externa,nuevas en personas de 60 anos o mas,2005-10-01,44,81,44,81,125
TARACO,consulta externa,nuevas en personas de 60 anos o mas,2005-10-01,22,15,22,15,37
TARATA,consulta externa,nuevas en personas de 60 anos o mas,2005-10-01,19,17,19,17,36
TARIJA,consulta externa,nuevas en personas de 60 anos o mas,2005-10-01,1315,1529,1315,1529,2844
TARVITA,consulta externa,nuevas en personas de 60 anos o mas,2005-10-01,55,107,55,107,162
TEOPONTE,consulta externa,nuevas en personas de 60 anos o mas,2005-10-01,40,27,40,27,67
TIAWANACU,consulta externa,nuevas en personas de 60 anos o mas,2005-10-01,20,26,20,26,46
TINGUIPAYA,consulta externa,nuevas en personas de 60 anos o mas,2005-10-01,53,61,53,61,114
TIPUANI,consulta externa,nuevas en personas de 60 anos o mas,2005-10-01,9,1,9,1,10
TIQUIPAYA,consulta externa,nuevas en personas de 60 anos o mas,2005-10-01,10,23,10,23,33
TIRAQUE (CBBA),consulta externa,nuevas en personas de 60 anos o mas,2005-10-01,54,52,54,52,106
TITO YUPANQUI (PARQUIPUJIO),consulta externa,nuevas en personas de 60 anos o mas,2005-10-01,8,19,8,19,27
TOCO,consulta externa,nuevas en personas de 60 anos o mas,2005-10-01,4,16,4,16,20
TODOS SANTOS,consulta externa,nuevas en personas de 60 anos o mas,2005-10-01,3,1,3,1,4
TOLATA,consulta externa,nuevas en personas de 60 anos o mas,2005-10-01,3,11,3,11,14
TOLEDO,consulta externa,nuevas en personas de 60 anos o mas,2005-10-01,34,43,34,43,77
TOMAVE,consulta externa,nuevas en personas de 60 anos o mas,2005-10-01,45,73,45,73,118
TOMINA,consulta externa,nuevas en personas de 60 anos o mas,2005-10-01,35,52,35,52,87
TORO TORO,consulta externa,nuevas en personas de 60 anos o mas,2005-10-01,21,63,21,63,84
TOTORA(CBBA),consulta externa,nuevas en personas de 60 anos o mas,2005-10-01,17,33,17,33,50
TOTORA(ORR),consulta externa,nuevas en personas de 60 anos o mas,2005-10-01,16,17,16,17,33
TRIGAL,consulta externa,nuevas en personas de 60 anos o mas,2005-10-01,23,41,23,41,64
TRINIDAD,consulta externa,nuevas en personas de 60 anos o mas,2005-10-01,375,470,375,470,845
TUPIZA,consulta externa,nuevas en personas de 60 anos o mas,2005-10-01,301,442,301,442,743
TURCO,consulta externa,nuevas en personas de 60 anos o mas,2005-10-01,32,48,32,48,80
UMALA,consulta externa,nuevas en personas de 60 anos o mas,2005-10-01,14,18,14,18,32
UNCIA,consulta externa,nuevas en personas de 60 anos o mas,2005-10-01,99,149,99,149,248
URIONDO (A. CONCEPCION),consulta externa,nuevas en personas de 60 anos o mas,2005-10-01,33,43,33,43,76
URUBICHA,consulta externa,nuevas en personas de 60 anos o mas,2005-10-01,6,4,6,4,10
UYUNI,consulta externa,nuevas en personas de 60 anos o mas,2005-10-01,198,222,198,222,420
VACAS,consulta externa,nuevas en personas de 60 anos o mas,2005-10-01,26,42,26,42,68
VALLEGRANDE,consulta externa,nuevas en personas de 60 anos o mas,2005-10-01,139,194,139,194,333
VIACHA,consulta externa,nuevas en personas de 60 anos o mas,2005-10-01,297,312,297,312,609
VILA VILA,consulta externa,nuevas en personas de 60 anos o mas,2005-10-01,12,16,12,16,28
VILLA MONTES,consulta externa,nuevas en personas de 60 anos o mas,2005-10-01,109,100,109,100,209
VILLA NUEVA (LOMA ALTA),consulta externa,nuevas en personas de 60 anos o mas,2005-10-01,6,3,6,3,9
VILLA RIVERO,consulta externa,nuevas en personas de 60 anos o mas,2005-10-01,12,20,12,20,32
VILLA SERRANO,consulta externa,nuevas en personas de 60 anos o mas,2005-10-01,45,64,45,64,109
VILLA TUNARI,consulta externa,nuevas en personas de 60 anos o mas,2005-10-01,78,64,78,64,142
VILLA VACA GUZMAN (MUYUPAMPA),consulta externa,nuevas en personas de 60 anos o mas,2005-10-01,61,73,61,73,134
VILLAZON,consulta externa,nuevas en personas de 60 anos o mas,2005-10-01,197,283,197,283,480
VINTO,consulta externa,nuevas en personas de 60 anos o mas,2005-10-01,46,87,46,87,133
VITICHI,consulta externa,nuevas en personas de 60 anos o mas,2005-10-01,57,110,57,110,167
WALDO BALLIVIAN,consulta externa,nuevas en personas de 60 anos o mas,2005-10-01,2,3,2,3,5
WARNES,consulta externa,nuevas en personas de 60 anos o mas,2005-10-01,62,71,62,71,133
YACO,consulta externa,nuevas en personas de 60 anos o mas,2005-10-01,11,16,11,16,27
YACUIBA,consulta externa,nuevas en personas de 60 anos o mas,2005-10-01,489,600,489,600,1089
YAMPARAEZ,consulta externa,nuevas en personas de 60 anos o mas,2005-10-01,34,51,34,51,85
YANACACHI,consulta externa,nuevas en personas de 60 anos o mas,2005-10-01,27,27,27,27,54
YAPACANI,consulta externa,nuevas en personas de 60 anos o mas,2005-10-01,135,124,135,124,259
YOCALLA,consulta externa,nuevas en personas de 60 anos o mas,2005-10-01,37,66,37,66,103
YOTALA,consulta externa,nuevas en personas de 60 anos o mas,2005-10-01,26,51,26,51,77
YUNCHARA,consulta externa,nuevas en personas de 60 anos o mas,2005-10-01,21,31,21,31,52
ZUDAÑEZ,consulta externa,nuevas en personas de 60 anos o mas,2005-10-01,23,47,23,47,70
ACACIO,consulta externa,nuevas en personas de 60 anos o mas,2005-11-01,16,38,16,38,54
ACHACACHI,consulta externa,nuevas en personas de 60 anos o mas,2005-11-01,216,184,216,184,400
ACHOCALLA,consulta externa,nuevas en personas de 60 anos o mas,2005-11-01,24,9,24,9,33
AIQUILE,consulta externa,nuevas en personas de 60 anos o mas,2005-11-01,75,111,75,111,186
ALALAY,consulta externa,nuevas en personas de 60 anos o mas,2005-11-01,1,5,1,5,6
ALCALA,consulta externa,nuevas en personas de 60 anos o mas,2005-11-01,22,30,22,30,52
ANCORAIMES,consulta externa,nuevas en personas de 60 anos o mas,2005-11-01,24,33,24,33,57
ANDAMARCA,consulta externa,nuevas en personas de 60 anos o mas,2005-11-01,30,31,30,31,61
ANTEQUERA,consulta externa,nuevas en personas de 60 anos o mas,2005-11-01,1,5,1,5,6
ANZALDO,consulta externa,nuevas en personas de 60 anos o mas,2005-11-01,19,26,19,26,45
APOLO,consulta externa,nuevas en personas de 60 anos o mas,2005-11-01,36,43,36,43,79
ARAMPAMPA,consulta externa,nuevas en personas de 60 anos o mas,2005-11-01,11,21,11,21,32
ARANI,consulta externa,nuevas en personas de 60 anos o mas,2005-11-01,9,31,9,31,40
ARBIETO,consulta externa,nuevas en personas de 60 anos o mas,2005-11-01,19,56,19,56,75
ARQUE,consulta externa,nuevas en personas de 60 anos o mas,2005-11-01,10,20,10,20,30
ASCENCION DE GUARAYOS,consulta externa,nuevas en personas de 60 anos o mas,2005-11-01,34,33,34,33,67
ATOCHA,consulta externa,nuevas en personas de 60 anos o mas,2005-11-01,75,130,75,130,205
AUCAPATA,consulta externa,nuevas en personas de 60 anos o mas,2005-11-01,24,18,24,18,42
AYATA,consulta externa,nuevas en personas de 60 anos o mas,2005-11-01,26,38,26,38,64
AYO AYO,consulta externa,nuevas en personas de 60 anos o mas,2005-11-01,9,6,9,6,15
AYOPAYA (V. DE INDEPENDENCIA),consulta externa,nuevas en personas de 60 anos o mas,2005-11-01,50,72,50,72,122
AZURDUY,consulta externa,nuevas en personas de 60 anos o mas,2005-11-01,38,70,38,70,108
BATALLAS,consulta externa,nuevas en personas de 60 anos o mas,2005-11-01,20,15,20,15,35
BAURES,consulta externa,nuevas en personas de 60 anos o mas,2005-11-01,23,30,23,30,53
BELEN DE ANDAMARCA,consulta externa,nuevas en personas de 60 anos o mas,2005-11-01,16,9,16,9,25
BELEN DE URMIRI,consulta externa,nuevas en personas de 60 anos o mas,2005-11-01,18,28,18,28,46
BELLA FLOR,consulta externa,nuevas en personas de 60 anos o mas,2005-11-01,14,10,14,10,24
BERMEJO,consulta externa,nuevas en personas de 60 anos o mas,2005-11-01,350,347,350,347,697
BETANZOS,consulta externa,nuevas en personas de 60 anos o mas,2005-11-01,155,286,155,286,441
BOLIVAR,consulta externa,nuevas en personas de 60 anos o mas,2005-11-01,17,17,17,17,34
BOLPEBRA,consulta externa,nuevas en personas de 60 anos o mas,2005-11-01,9,9,9,9,18
BOYUIBE,consulta externa,nuevas en personas de 60 anos o mas,2005-11-01,3,10,3,10,13
BUENA VISTA,consulta externa,nuevas en personas de 60 anos o mas,2005-11-01,85,70,85,70,155
CABEZAS,consulta externa,nuevas en personas de 60 anos o mas,2005-11-01,41,48,41,48,89
CAIROMA,consulta externa,nuevas en personas de 60 anos o mas,2005-11-01,28,34,28,34,62
"CAIZA ""D""",consulta externa,nuevas en personas de 60 anos o mas,2005-11-01,55,81,55,81,136
CAJUATA,consulta externa,nuevas en personas de 60 anos o mas,2005-11-01,38,38,38,38,76
CALACOTO,consulta externa,nuevas en personas de 60 anos o mas,2005-11-01,34,44,34,44,78
CALAMARCA,consulta externa,nuevas en personas de 60 anos o mas,2005-11-01,16,14,16,14,30
CAMARGO,consulta externa,nuevas en personas de 60 anos o mas,2005-11-01,188,288,188,288,476
CAMATAQUI (C. VILLA ABECIA),consulta externa,nuevas en personas de 60 anos o mas,2005-11-01,24,30,24,30,54
CAMIRI,consulta externa,nuevas en personas de 60 anos o mas,2005-11-01,135,183,135,183,318
CAPINOTA,consulta externa,nuevas en personas de 60 anos o mas,2005-11-01,60,61,60,61,121
CAQUIAVIRI,consulta externa,nuevas en personas de 60 anos o mas,2005-11-01,52,105,52,105,157
CARACOLLO,consulta externa,nuevas en personas de 60 anos o mas,2005-11-01,68,67,68,67,135
CARANAVI,consulta externa,nuevas en personas de 60 anos o mas,2005-11-01,106,65,106,65,171
CARANGAS,consulta externa,nuevas en personas de 60 anos o mas,2005-11-01,0,1,0,1,1
CARAPARI,consulta externa,nuevas en personas de 60 anos o mas,2005-11-01,42,64,42,64,106
CARIPUYO,consulta externa,nuevas en personas de 60 anos o mas,2005-11-01,19,31,19,31,50
CARMEN RIVERO TORREZ,consulta externa,nuevas en personas de 60 anos o mas,2005-11-01,26,30,26,30,56
CATACORA,consulta externa,nuevas en personas de 60 anos o mas,2005-11-01,1,3,1,3,4
CHACARILLA,consulta externa,nuevas en personas de 60 anos o mas,2005-11-01,8,4,8,4,12
CHALLAPATA,consulta externa,nuevas en personas de 60 anos o mas,2005-11-01,114,93,114,93,207
CHAQUI,consulta externa,nuevas en personas de 60 anos o mas,2005-11-01,31,59,31,59,90
CHARAGUA,consulta externa,nuevas en personas de 60 anos o mas,2005-11-01,45,67,45,67,112
CHARAÑA,consulta externa,nuevas en personas de 60 anos o mas,2005-11-01,4,10,4,10,14
CHAYANTA,consulta externa,nuevas en personas de 60 anos o mas,2005-11-01,37,57,37,57,94
CHIMORE,consulta externa,nuevas en personas de 60 anos o mas,2005-11-01,9,16,9,16,25
CHIPAYA,consulta externa,nuevas en personas de 60 anos o mas,2005-11-01,6,5,6,5,11
CHOQUE COTA,consulta externa,nuevas en personas de 60 anos o mas,2005-11-01,7,18,7,18,25
CHULUMANI (V. DE LA LIBERTAD),consulta externa,nuevas en personas de 60 anos o mas,2005-11-01,72,48,72,48,120
CHUMA,consulta externa,nuevas en personas de 60 anos o mas,2005-11-01,43,38,43,38,81
CLIZA,consulta externa,nuevas en personas de 60 anos o mas,2005-11-01,27,33,27,33,60
COBIJA,consulta externa,nuevas en personas de 60 anos o mas,2005-11-01,141,197,141,197,338
COCHABAMBA,consulta externa,nuevas en personas de 60 anos o mas,2005-11-01,3963,4950,3963,4950,8913
COLCAPIRHUA,consulta externa,nuevas en personas de 60 anos o mas,2005-11-01,122,164,122,164,286
"COLCHA ""K""",consulta externa,nuevas en personas de 60 anos o mas,2005-11-01,76,99,76,99,175
COLLANA,consulta externa,nuevas en personas de 60 anos o mas,2005-11-01,12,12,12,12,24
COLOMI,consulta externa,nuevas en personas de 60 anos o mas,2005-11-01,11,12,11,12,23
COLPA BELGICA,consulta externa,nuevas en personas de 60 anos o mas,2005-11-01,4,5,4,5,9
COLQUECHACA,consulta externa,nuevas en personas de 60 anos o mas,2005-11-01,73,109,73,109,182
COLQUENCHA,consulta externa,nuevas en personas de 60 anos o mas,2005-11-01,18,32,18,32,50
COLQUIRI,consulta externa,nuevas en personas de 60 anos o mas,2005-11-01,34,35,34,35,69
COMANCHE,consulta externa,nuevas en personas de 60 anos o mas,2005-11-01,9,13,9,13,22
COMARAPA,consulta externa,nuevas en personas de 60 anos o mas,2005-11-01,108,114,108,114,222
COMBAYA,consulta externa,nuevas en personas de 60 anos o mas,2005-11-01,3,8,3,8,11
CONCEPCION,consulta externa,nuevas en personas de 60 anos o mas,2005-11-01,79,75,79,75,154
COPACABANA,consulta externa,nuevas en personas de 60 anos o mas,2005-11-01,22,20,22,20,42
CORIPATA,consulta externa,nuevas en personas de 60 anos o mas,2005-11-01,23,35,23,35,58
CORO CORO,consulta externa,nuevas en personas de 60 anos o mas,2005-11-01,33,36,33,36,69
COROICO,consulta externa,nuevas en personas de 60 anos o mas,2005-11-01,33,27,33,27,60
CORQUE,consulta externa,nuevas en personas de 60 anos o mas,2005-11-01,58,43,58,43,101
COTAGAITA,consulta externa,nuevas en personas de 60 anos o mas,2005-11-01,114,237,114,237,351
COTOCA,consulta externa,nuevas en personas de 60 anos o mas,2005-11-01,80,65,80,65,145
CUATRO CAÑADAS,consulta externa,nuevas en personas de 60 anos o mas,2005-11-01,22,54,22,54,76
CUCHUMUELA (V. G. VILLARROEL),consulta externa,nuevas en personas de 60 anos o mas,2005-11-01,5,9,5,9,14
CUEVO,consulta externa,nuevas en personas de 60 anos o mas,2005-11-01,23,21,23,21,44
CULPINA,consulta externa,nuevas en personas de 60 anos o mas,2005-11-01,55,73,55,73,128
CURAHUARA DE CARANGAS,consulta externa,nuevas en personas de 60 anos o mas,2005-11-01,49,62,49,62,111
CURVA,consulta externa,nuevas en personas de 60 anos o mas,2005-11-01,3,9,3,9,12
DESAGUADERO,consulta externa,nuevas en personas de 60 anos o mas,2005-11-01,14,8,14,8,22
EL ALTO,consulta externa,nuevas en personas de 60 anos o mas,2005-11-01,1198,1357,1198,1357,2555
EL CHORO,consulta externa,nuevas en personas de 60 anos o mas,2005-11-01,26,34,26,34,60
EL PUENTE(STC),consulta externa,nuevas en personas de 60 anos o mas,2005-11-01,10,13,10,13,23
EL PUENTE(TJA),consulta externa,nuevas en personas de 60 anos o mas,2005-11-01,33,58,33,58,91
EL TORNO,consulta externa,nuevas en personas de 60 anos o mas,2005-11-01,293,379,293,379,672
EL VILLAR,consulta externa,nuevas en personas de 60 anos o mas,2005-11-01,21,42,21,42,63
ENTRE RIOS,consulta externa,nuevas en personas de 60 anos o mas,2005-11-01,26,8,26,8,34
ENTRE RIOS,consulta externa,nuevas en personas de 60 anos o mas,2005-11-01,43,76,43,76,119
ESCARA,consulta externa,nuevas en personas de 60 anos o mas,2005-11-01,0,2,0,2,2
EUCALIPTUS,consulta externa,nuevas en personas de 60 anos o mas,2005-11-01,25,37,25,37,62
EUREKA (SANTOS MERCADO),consulta externa,nuevas en personas de 60 anos o mas,2005-11-01,1,2,1,2,3
EXALTACION,consulta externa,nuevas en personas de 60 anos o mas,2005-11-01,3,7,3,7,10
FERNANDEZ ALONSO,consulta externa,nuevas en personas de 60 anos o mas,2005-11-01,12,9,12,9,21
FILADELFIA,consulta externa,nuevas en personas de 60 anos o mas,2005-11-01,18,12,18,12,30
GENERAL SAAVEDRA,consulta externa,nuevas en personas de 60 anos o mas,2005-11-01,16,23,16,23,39
GRAL. J.J. PEREZ (CHARAZANI),consulta externa,nuevas en personas de 60 anos o mas,2005-11-01,25,34,25,34,59
GUANAY,consulta externa,nuevas en personas de 60 anos o mas,2005-11-01,67,60,67,60,127
GUAQUI,consulta externa,nuevas en personas de 60 anos o mas,2005-11-01,21,27,21,27,48
GUAYARAMERIN,consulta externa,nuevas en personas de 60 anos o mas,2005-11-01,414,434,414,434,848
GUTIERREZ,consulta externa,nuevas en personas de 60 anos o mas,2005-11-01,47,48,47,48,95
HUACARETA,consulta externa,nuevas en personas de 60 anos o mas,2005-11-01,44,93,44,93,137
HUACAYA (VILLA DE HUACAYA),consulta externa,nuevas en personas de 60 anos o mas,2005-11-01,11,25,11,25,36
HUACHACALLA,consulta externa,nuevas en personas de 60 anos o mas,2005-11-01,4,4,4,4,8
HUANUNI,consulta externa,nuevas en personas de 60 anos o mas,2005-11-01,134,137,134,137,271
HUARACAJE,consulta externa,nuevas en personas de 60 anos o mas,2005-11-01,4,5,4,5,9
HUAYLLAMARCA,consulta externa,nuevas en personas de 60 anos o mas,2005-11-01,49,54,49,54,103
ICHOCA,consulta externa,nuevas en personas de 60 anos o mas,2005-11-01,16,17,16,17,33
ICLA,consulta externa,nuevas en personas de 60 anos o mas,2005-11-01,21,58,21,58,79
INCAHUASI,consulta externa,nuevas en personas de 60 anos o mas,2005-11-01,46,106,46,106,152
INQUISIVI,consulta externa,nuevas en personas de 60 anos o mas,2005-11-01,23,26,23,26,49
IRUPANA (VILLA DE LANZA),consulta externa,nuevas en personas de 60 anos o mas,2005-11-01,54,53,54,53,107
IXIAMAS,consulta externa,nuevas en personas de 60 anos o mas,2005-11-01,11,4,11,4,15
JESUS DE MACHACA,consulta externa,nuevas en personas de 60 anos o mas,2005-11-01,42,80,42,80,122
LA ASUNTA,consulta externa,nuevas en personas de 60 anos o mas,2005-11-01,28,16,28,16,44
LA GUARDIA,consulta externa,nuevas en personas de 60 anos o mas,2005-11-01,25,34,25,34,59
LA PAZ,consulta externa,nuevas en personas de 60 anos o mas,2005-11-01,7152,8490,7152,8490,15642
LA RIVERA,consulta externa,nuevas en personas de 60 anos o mas,2005-11-01,3,5,3,5,8
LAGUNILLAS,consulta externa,nuevas en personas de 60 anos o mas,2005-11-01,14,27,14,27,41
LAJA,consulta externa,nuevas en personas de 60 anos o mas,2005-11-01,34,30,34,30,64
LAS CARRERAS,consulta externa,nuevas en personas de 60 anos o mas,2005-11-01,13,35,13,35,48
LICOMA PAMPA,consulta externa,nuevas en personas de 60 anos o mas,2005-11-01,9,6,9,6,15
LLALLAGUA,consulta externa,nuevas en personas de 60 anos o mas,2005-11-01,191,313,191,313,504
LLICA,consulta externa,nuevas en personas de 60 anos o mas,2005-11-01,51,56,51,56,107
LORETO,consulta externa,nuevas en personas de 60 anos o mas,2005-11-01,2,3,2,3,5
LURIBAY,consulta externa,nuevas en personas de 60 anos o mas,2005-11-01,39,46,39,46,85
MACHACAMARCA,consulta externa,nuevas en personas de 60 anos o mas,2005-11-01,56,74,56,74,130
MACHARETI,consulta externa,nuevas en personas de 60 anos o mas,2005-11-01,49,44,49,44,93
MAGDALENA,consulta externa,nuevas en personas de 60 anos o mas,2005-11-01,32,27,32,27,59
MAIRANA,consulta externa,nuevas en personas de 60 anos o mas,2005-11-01,48,65,48,65,113
MALLA,consulta externa,nuevas en personas de 60 anos o mas,2005-11-01,6,10,6,10,16
MAPIRI,consulta externa,nuevas en personas de 60 anos o mas,2005-11-01,36,40,36,40,76
MECAPACA,consulta externa,nuevas en personas de 60 anos o mas,2005-11-01,39,42,39,42,81
MINEROS,consulta externa,nuevas en personas de 60 anos o mas,2005-11-01,108,88,108,88,196
MIZQUE,consulta externa,nuevas en personas de 60 anos o mas,2005-11-01,39,34,39,34,73
MOCOMOCO,consulta externa,nuevas en personas de 60 anos o mas,2005-11-01,67,85,67,85,152
MOJINETE,consulta externa,nuevas en personas de 60 anos o mas,2005-11-01,6,19,6,19,25
MOJOCOYA,consulta externa,nuevas en personas de 60 anos o mas,2005-11-01,26,30,26,30,56
MONTEAGUDO,consulta externa,nuevas en personas de 60 anos o mas,2005-11-01,183,333,183,333,516
MONTERO,consulta externa,nuevas en personas de 60 anos o mas,2005-11-01,212,286,212,286,498
MORO MORO,consulta externa,nuevas en personas de 60 anos o mas,2005-11-01,38,58,38,58,96
MOROCHATA,consulta externa,nuevas en personas de 60 anos o mas,2005-11-01,19,19,19,19,38
NACEBE (SANTA ROSA DEL ABUNA),consulta externa,nuevas en personas de 60 anos o mas,2005-11-01,3,1,3,1,4
NAZACARA DE PACAJES,consulta externa,nuevas en personas de 60 anos o mas,2005-11-01,6,4,6,4,10
NUEVO MANOA (NUEVA ESPERANZA),consulta externa,nuevas en personas de 60 anos o mas,2005-11-01,9,1,9,1,10
OCURI,consulta externa,nuevas en personas de 60 anos o mas,2005-11-01,36,58,36,58,94
OKINAWA,consulta externa,nuevas en personas de 60 anos o mas,2005-11-01,52,65,52,65,117
OMEREQUE,consulta externa,nuevas en personas de 60 anos o mas,2005-11-01,12,26,12,26,38
ORURO,consulta externa,nuevas en personas de 60 anos o mas,2005-11-01,2721,3156,2721,3156,5877
PADCAYA,consulta externa,nuevas en personas de 60 anos o mas,2005-11-01,63,113,63,113,176
PADILLA,consulta externa,nuevas en personas de 60 anos o mas,2005-11-01,135,190,135,190,325
PAILON,consulta externa,nuevas en personas de 60 anos o mas,2005-11-01,20,22,20,22,42
PALCA,consulta externa,nuevas en personas de 60 anos o mas,2005-11-01,16,31,16,31,47
PALOS BLANCOS,consulta externa,nuevas en personas de 60 anos o mas,2005-11-01,39,27,39,27,66
PAMPA AULLAGAS,consulta externa,nuevas en personas de 60 anos o mas,2005-11-01,8,2,8,2,10
PAMPA GRANDE,consulta externa,nuevas en personas de 60 anos o mas,2005-11-01,12,17,12,17,29
PAPEL PAMPA,consulta externa,nuevas en personas de 60 anos o mas,2005-11-01,30,29,30,29,59
PASORAPA,consulta externa,nuevas en personas de 60 anos o mas,2005-11-01,4,8,4,8,12
PATACAMAYA,consulta externa,nuevas en personas de 60 anos o mas,2005-11-01,37,33,37,33,70
PAZÑA,consulta externa,nuevas en personas de 60 anos o mas,2005-11-01,52,49,52,49,101
PELECHUCO,consulta externa,nuevas en personas de 60 anos o mas,2005-11-01,15,29,15,29,44
POCOATA,consulta externa,nuevas en personas de 60 anos o mas,2005-11-01,82,97,82,97,179
POCONA,consulta externa,nuevas en personas de 60 anos o mas,2005-11-01,27,57,27,57,84
POJO (CBBA),consulta externa,nuevas en personas de 60 anos o mas,2005-11-01,12,31,12,31,43
POOPO,consulta externa,nuevas en personas de 60 anos o mas,2005-11-01,31,58,31,58,89
PORCO,consulta externa,nuevas en personas de 60 anos o mas,2005-11-01,4,16,4,16,20
POROMA,consulta externa,nuevas en personas de 60 anos o mas,2005-11-01,68,68,68,68,136
PORONGO,consulta externa,nuevas en personas de 60 anos o mas,2005-11-01,31,28,31,28,59
PORTACHUELO,consulta externa,nuevas en personas de 60 anos o mas,2005-11-01,162,173,162,173,335
PORVENIR,consulta externa,nuevas en personas de 60 anos o mas,2005-11-01,12,13,12,13,25
POSTRER VALLE,consulta externa,nuevas en personas de 60 anos o mas,2005-11-01,9,19,9,19,28
POTOSI,consulta externa,nuevas en personas de 60 anos o mas,2005-11-01,1397,1827,1397,1827,3224
PRESTO,consulta externa,nuevas en personas de 60 anos o mas,2005-11-01,24,32,24,32,56
PUCARA,consulta externa,nuevas en personas de 60 anos o mas,2005-11-01,15,31,15,31,46
PUCARANI,consulta externa,nuevas en personas de 60 anos o mas,2005-11-01,55,56,55,56,111
PUERTO ACOSTA,consulta externa,nuevas en personas de 60 anos o mas,2005-11-01,115,97,115,97,212
PUERTO CARABUCO,consulta externa,nuevas en personas de 60 anos o mas,2005-11-01,47,55,47,55,102
PUERTO GONZALO MORENO,consulta externa,nuevas en personas de 60 anos o mas,2005-11-01,16,12,16,12,28
PUERTO PEREZ,consulta externa,nuevas en personas de 60 anos o mas,2005-11-01,48,37,48,37,85
PUERTO QUIJARRO,consulta externa,nuevas en personas de 60 anos o mas,2005-11-01,95,76,95,76,171
PUERTO RICO,consulta externa,nuevas en personas de 60 anos o mas,2005-11-01,21,14,21,14,35
PUERTO SILES,consulta externa,nuevas en personas de 60 anos o mas,2005-11-01,3,3,3,3,6
PUERTO SUAREZ,consulta externa,nuevas en personas de 60 anos o mas,2005-11-01,109,133,109,133,242
PUERTO VILLARROEL,consulta externa,nuevas en personas de 60 anos o mas,2005-11-01,35,30,35,30,65
PUNA,consulta externa,nuevas en personas de 60 anos o mas,2005-11-01,163,284,163,284,447
PUNATA,consulta externa,nuevas en personas de 60 anos o mas,2005-11-01,100,108,100,108,208
QUIABAYA,consulta externa,nuevas en personas de 60 anos o mas,2005-11-01,7,5,7,5,12
QUILLACOLLO,consulta externa,nuevas en personas de 60 anos o mas,2005-11-01,41,79,41,79,120
QUIME,consulta externa,nuevas en personas de 60 anos o mas,2005-11-01,20,13,20,13,33
QUIRUSILLAS,consulta externa,nuevas en personas de 60 anos o mas,2005-11-01,4,4,4,4,8
RAVELO,consulta externa,nuevas en personas de 60 anos o mas,2005-11-01,57,63,57,63,120
REYES,consulta externa,nuevas en personas de 60 anos o mas,2005-11-01,78,87,78,87,165
RIBERALTA,consulta externa,nuevas en personas de 60 anos o mas,2005-11-01,75,62,75,62,137
ROBORE,consulta externa,nuevas en personas de 60 anos o mas,2005-11-01,34,49,34,49,83
RURRENABAQUE,consulta externa,nuevas en personas de 60 anos o mas,2005-11-01,135,135,135,135,270
SABAYA,consulta externa,nuevas en personas de 60 anos o mas,2005-11-01,33,34,33,34,67
SACABA,consulta externa,nuevas en personas de 60 anos o mas,2005-11-01,130,216,130,216,346
SACABAMBA,consulta externa,nuevas en personas de 60 anos o mas,2005-11-01,4,14,4,14,18
SACACA,consulta externa,nuevas en personas de 60 anos o mas,2005-11-01,22,56,22,56,78
SAIPINA,consulta externa,nuevas en personas de 60 anos o mas,2005-11-01,77,146,77,146,223
SALINAS DE GARCI MENDOZA,consulta externa,nuevas en personas de 60 anos o mas,2005-11-01,80,89,80,89,169
SAMAIPATA,consulta externa,nuevas en personas de 60 anos o mas,2005-11-01,42,63,42,63,105
SAN AGUSTIN,consulta externa,nuevas en personas de 60 anos o mas,2005-11-01,13,6,13,6,19
SAN ANDRES,consulta externa,nuevas en personas de 60 anos o mas,2005-11-01,6,14,6,14,20
SAN ANDRES DE MACHACA,consulta externa,nuevas en personas de 60 anos o mas,2005-11-01,32,50,32,50,82
SAN ANTONIO DE ESMORUCO,consulta externa,nuevas en personas de 60 anos o mas,2005-11-01,4,9,4,9,13
SAN ANTONIO DE LOMERIO,consulta externa,nuevas en personas de 60 anos o mas,2005-11-01,17,14,17,14,31
SAN BENITO,consulta externa,nuevas en personas de 60 anos o mas,2005-11-01,15,38,15,38,53
SAN BORJA,consulta externa,nuevas en personas de 60 anos o mas,2005-11-01,82,101,82,101,183
SAN BUENA VENTURA,consulta externa,nuevas en personas de 60 anos o mas,2005-11-01,6,11,6,11,17
SAN CARLOS,consulta externa,nuevas en personas de 60 anos o mas,2005-11-01,97,83,97,83,180
SAN IGNACIO,consulta externa,nuevas en personas de 60 anos o mas,2005-11-01,66,88,66,88,154
SAN IGNACIO DE VELASCO,consulta externa,nuevas en personas de 60 anos o mas,2005-11-01,258,329,258,329,587
SAN JAVIER(BNI),consulta externa,nuevas en personas de 60 anos o mas,2005-11-01,19,17,19,17,36
SAN JAVIER(STC),consulta externa,nuevas en personas de 60 anos o mas,2005-11-01,15,16,15,16,31
SAN JOAQUIN,consulta externa,nuevas en personas de 60 anos o mas,2005-11-01,29,34,29,34,63
SAN JOSE DE CHIQUITOS,consulta externa,nuevas en personas de 60 anos o mas,2005-11-01,108,116,108,116,224
SAN JUAN DE YAPACANI,consulta externa,nuevas en personas de 60 anos o mas,2005-11-01,34,38,34,38,72
SAN JULIAN,consulta externa,nuevas en personas de 60 anos o mas,2005-11-01,68,76,68,76,144
SAN LORENZO(PND),consulta externa,nuevas en personas de 60 anos o mas,2005-11-01,1,1,1,1,2
SAN LORENZO(TJA),consulta externa,nuevas en personas de 60 anos o mas,2005-11-01,55,73,55,73,128
SAN LUCAS,consulta externa,nuevas en personas de 60 anos o mas,2005-11-01,138,241,138,241,379
SAN MATIAS,consulta externa,nuevas en personas de 60 anos o mas,2005-11-01,19,25,19,25,44
SAN MIGUEL DE VELASCO,consulta externa,nuevas en personas de 60 anos o mas,2005-11-01,34,46,34,46,80
SAN PABLO DE LIPEZ,consulta externa,nuevas en personas de 60 anos o mas,2005-11-01,20,21,20,21,41
SAN PEDRO,consulta externa,nuevas en personas de 60 anos o mas,2005-11-01,35,51,35,51,86
SAN PEDRO DE BUENA VISTA,consulta externa,nuevas en personas de 60 anos o mas,2005-11-01,40,84,40,84,124
SAN PEDRO DE CURAHUARA,consulta externa,nuevas en personas de 60 anos o mas,2005-11-01,15,14,15,14,29
SAN PEDRO DE QUEMES,consulta externa,nuevas en personas de 60 anos o mas,2005-11-01,0,1,0,1,1
SAN PEDRO DE TIQUINA,consulta externa,nuevas en personas de 60 anos o mas,2005-11-01,22,22,22,22,44
SAN PEDRO(PND),consulta externa,nuevas en personas de 60 anos o mas,2005-11-01,4,0,4,0,4
SAN RAFAEL,consulta externa,nuevas en personas de 60 anos o mas,2005-11-01,11,15,11,15,26
SAN RAMON,consulta externa,nuevas en personas de 60 anos o mas,2005-11-01,46,79,46,79,125
SAN RAMON,consulta externa,nuevas en personas de 60 anos o mas,2005-11-01,13,9,13,9,22
SANTA ANA,consulta externa,nuevas en personas de 60 anos o mas,2005-11-01,92,131,92,131,223
SANTA CRUZ DE LA SIERRA,consulta externa,nuevas en personas de 60 anos o mas,2005-11-01,5152,7055,5152,7055,12207
SANTA ROSA,consulta externa,nuevas en personas de 60 anos o mas,2005-11-01,43,41,43,41,84
SANTA ROSA DEL SARA,consulta externa,nuevas en personas de 60 anos o mas,2005-11-01,42,29,42,29,71
SANTIAGO DE CALLAPA,consulta externa,nuevas en personas de 60 anos o mas,2005-11-01,15,22,15,22,37
SANTIAGO DE HUARI,consulta externa,nuevas en personas de 60 anos o mas,2005-11-01,42,72,42,72,114
SANTIAGO DE MACHACA,consulta externa,nuevas en personas de 60 anos o mas,2005-11-01,20,17,20,17,37
SANTIVAÑES,consulta externa,nuevas en personas de 60 anos o mas,2005-11-01,18,38,18,38,56
SANTUARIO DE QUILLACAS,consulta externa,nuevas en personas de 60 anos o mas,2005-11-01,12,12,12,12,24
SAPAHAQUI,consulta externa,nuevas en personas de 60 anos o mas,2005-11-01,30,36,30,36,66
SENA,consulta externa,nuevas en personas de 60 anos o mas,2005-11-01,9,5,9,5,14
SICA SICA (VILLA AROMA),consulta externa,nuevas en personas de 60 anos o mas,2005-11-01,27,41,27,41,68
SICAYA,consulta externa,nuevas en personas de 60 anos o mas,2005-11-01,5,5,5,5,10
SIPE SIPE,consulta externa,nuevas en personas de 60 anos o mas,2005-11-01,25,43,25,43,68
SOPACHUY,consulta externa,nuevas en personas de 60 anos o mas,2005-11-01,16,59,16,59,75
SORACACHI,consulta externa,nuevas en personas de 60 anos o mas,2005-11-01,15,16,15,16,31
SORATA,consulta externa,nuevas en personas de 60 anos o mas,2005-11-01,42,58,42,58,100
SUCRE,consulta externa,nuevas en personas de 60 anos o mas,2005-11-01,2193,3241,2193,3241,5434
TACACHI,consulta externa,nuevas en personas de 60 anos o mas,2005-11-01,5,5,5,5,10
TACACOMA,consulta externa,nuevas en personas de 60 anos o mas,2005-11-01,7,23,7,23,30
TACOBAMBA,consulta externa,nuevas en personas de 60 anos o mas,2005-11-01,19,50,19,50,69
TACOPAYA,consulta externa,nuevas en personas de 60 anos o mas,2005-11-01,26,64,26,64,90
TAHUA,consulta externa,nuevas en personas de 60 anos o mas,2005-11-01,4,7,4,7,11
TAPACARI,consulta externa,nuevas en personas de 60 anos o mas,2005-11-01,47,45,47,45,92
TARABUCO,consulta externa,nuevas en personas de 60 anos o mas,2005-11-01,59,89,59,89,148
TARACO,consulta externa,nuevas en personas de 60 anos o mas,2005-11-01,26,15,26,15,41
TARATA,consulta externa,nuevas en personas de 60 anos o mas,2005-11-01,13,18,13,18,31
TARIJA,consulta externa,nuevas en personas de 60 anos o mas,2005-11-01,1373,1559,1373,1559,2932
TARVITA,consulta externa,nuevas en personas de 60 anos o mas,2005-11-01,81,103,81,103,184
TEOPONTE,consulta externa,nuevas en personas de 60 anos o mas,2005-11-01,53,38,53,38,91
TIAWANACU,consulta externa,nuevas en personas de 60 anos o mas,2005-11-01,35,35,35,35,70
TINGUIPAYA,consulta externa,nuevas en personas de 60 anos o mas,2005-11-01,60,89,60,89,149
TIPUANI,consulta externa,nuevas en personas de 60 anos o mas,2005-11-01,6,8,6,8,14
TIQUIPAYA,consulta externa,nuevas en personas de 60 anos o mas,2005-11-01,21,29,21,29,50
TIRAQUE (CBBA),consulta externa,nuevas en personas de 60 anos o mas,2005-11-01,64,56,64,56,120
TITO YUPANQUI (PARQUIPUJIO),consulta externa,nuevas en personas de 60 anos o mas,2005-11-01,9,10,9,10,19
TOCO,consulta externa,nuevas en personas de 60 anos o mas,2005-11-01,10,15,10,15,25
TOLATA,consulta externa,nuevas en personas de 60 anos o mas,2005-11-01,3,13,3,13,16
TOLEDO,consulta externa,nuevas en personas de 60 anos o mas,2005-11-01,39,46,39,46,85
TOMAVE,consulta externa,nuevas en personas de 60 anos o mas,2005-11-01,54,111,54,111,165
TOMINA,consulta externa,nuevas en personas de 60 anos o mas,2005-11-01,24,48,24,48,72
TORO TORO,consulta externa,nuevas en personas de 60 anos o mas,2005-11-01,26,48,26,48,74
TOTORA(CBBA),consulta externa,nuevas en personas de 60 anos o mas,2005-11-01,14,25,14,25,39
TOTORA(ORR),consulta externa,nuevas en personas de 60 anos o mas,2005-11-01,14,22,14,22,36
TRIGAL,consulta externa,nuevas en personas de 60 anos o mas,2005-11-01,27,42,27,42,69
TRINIDAD,consulta externa,nuevas en personas de 60 anos o mas,2005-11-01,291,397,291,397,688
TUPIZA,consulta externa,nuevas en personas de 60 anos o mas,2005-11-01,328,532,328,532,860
TURCO,consulta externa,nuevas en personas de 60 anos o mas,2005-11-01,41,40,41,40,81
UMALA,consulta externa,nuevas en personas de 60 anos o mas,2005-11-01,6,6,6,6,12
UNCIA,consulta externa,nuevas en personas de 60 anos o mas,2005-11-01,118,210,118,210,328
URIONDO (A. CONCEPCION),consulta externa,nuevas en personas de 60 anos o mas,2005-11-01,51,70,51,70,121
URUBICHA,consulta externa,nuevas en personas de 60 anos o mas,2005-11-01,4,9,4,9,13
UYUNI,consulta externa,nuevas en personas de 60 anos o mas,2005-11-01,150,175,150,175,325
VACAS,consulta externa,nuevas en personas de 60 anos o mas,2005-11-01,32,56,32,56,88
VALLEGRANDE,consulta externa,nuevas en personas de 60 anos o mas,2005-11-01,175,194,175,194,369
VIACHA,consulta externa,nuevas en personas de 60 anos o mas,2005-11-01,282,254,282,254,536
VILA VILA,consulta externa,nuevas en personas de 60 anos o mas,2005-11-01,5,7,5,7,12
VILLA MONTES,consulta externa,nuevas en personas de 60 anos o mas,2005-11-01,84,80,84,80,164
VILLA NUEVA (LOMA ALTA),consulta externa,nuevas en personas de 60 anos o mas,2005-11-01,3,2,3,2,5
VILLA RIVERO,consulta externa,nuevas en personas de 60 anos o mas,2005-11-01,10,23,10,23,33
VILLA SERRANO,consulta externa,nuevas en personas de 60 anos o mas,2005-11-01,47,61,47,61,108
VILLA TUNARI,consulta externa,nuevas en personas de 60 anos o mas,2005-11-01,70,72,70,72,142
VILLA VACA GUZMAN (MUYUPAMPA),consulta externa,nuevas en personas de 60 anos o mas,2005-11-01,58,75,58,75,133
VILLAZON,consulta externa,nuevas en personas de 60 anos o mas,2005-11-01,246,389,246,389,635
VINTO,consulta externa,nuevas en personas de 60 anos o mas,2005-11-01,23,38,23,38,61
VITICHI,consulta externa,nuevas en personas de 60 anos o mas,2005-11-01,51,71,51,71,122
WALDO BALLIVIAN,consulta externa,nuevas en personas de 60 anos o mas,2005-11-01,5,2,5,2,7
WARNES,consulta externa,nuevas en personas de 60 anos o mas,2005-11-01,49,60,49,60,109
YACO,consulta externa,nuevas en personas de 60 anos o mas,2005-11-01,12,17,12,17,29
YACUIBA,consulta externa,nuevas en personas de 60 anos o mas,2005-11-01,460,677,460,677,1137
YAMPARAEZ,consulta externa,nuevas en personas de 60 anos o mas,2005-11-01,22,34,22,34,56
YANACACHI,consulta externa,nuevas en personas de 60 anos o mas,2005-11-01,20,15,20,15,35
YAPACANI,consulta externa,nuevas en personas de 60 anos o mas,2005-11-01,104,107,104,107,211
YOCALLA,consulta externa,nuevas en personas de 60 anos o mas,2005-11-01,30,67,30,67,97
YOTALA,consulta externa,nuevas en personas de 60 anos o mas,2005-11-01,25,55,25,55,80
YUNCHARA,consulta externa,nuevas en personas de 60 anos o mas,2005-11-01,8,13,8,13,21
ZUDAÑEZ,consulta externa,nuevas en personas de 60 anos o mas,2005-11-01,28,35,28,35,63
ACACIO,consulta externa,nuevas en personas de 60 anos o mas,2005-12-01,21,37,21,37,58
ACHACACHI,consulta externa,nuevas en personas de 60 anos o mas,2005-12-01,144,187,144,187,331
ACHOCALLA,consulta externa,nuevas en personas de 60 anos o mas,2005-12-01,17,11,17,11,28
AIQUILE,consulta externa,nuevas en personas de 60 anos o mas,2005-12-01,54,94,54,94,148
ALALAY,consulta externa,nuevas en personas de 60 anos o mas,2005-12-01,1,3,1,3,4
ALCALA,consulta externa,nuevas en personas de 60 anos o mas,2005-12-01,21,38,21,38,59
ANCORAIMES,consulta externa,nuevas en personas de 60 anos o mas,2005-12-01,21,31,21,31,52
ANDAMARCA,consulta externa,nuevas en personas de 60 anos o mas,2005-12-01,35,44,35,44,79
ANTEQUERA,consulta externa,nuevas en personas de 60 anos o mas,2005-12-01,4,3,4,3,7
ANZALDO,consulta externa,nuevas en personas de 60 anos o mas,2005-12-01,22,7,22,7,29
APOLO,consulta externa,nuevas en personas de 60 anos o mas,2005-12-01,44,43,44,43,87
ARAMPAMPA,consulta externa,nuevas en personas de 60 anos o mas,2005-12-01,13,22,13,22,35
ARANI,consulta externa,nuevas en personas de 60 anos o mas,2005-12-01,10,25,10,25,35
ARBIETO,consulta externa,nuevas en personas de 60 anos o mas,2005-12-01,15,33,15,33,48
ARQUE,consulta externa,nuevas en personas de 60 anos o mas,2005-12-01,9,22,9,22,31
ASCENCION DE GUARAYOS,consulta externa,nuevas en personas de 60 anos o mas,2005-12-01,24,33,24,33,57
ATOCHA,consulta externa,nuevas en personas de 60 anos o mas,2005-12-01,84,104,84,104,188
AUCAPATA,consulta externa,nuevas en personas de 60 anos o mas,2005-12-01,20,14,20,14,34
AYATA,consulta externa,nuevas en personas de 60 anos o mas,2005-12-01,23,33,23,33,56
AYO AYO,consulta externa,nuevas en personas de 60 anos o mas,2005-12-01,12,14,12,14,26
AYOPAYA (V. DE INDEPENDENCIA),consulta externa,nuevas en personas de 60 anos o mas,2005-12-01,53,79,53,79,132
AZURDUY,consulta externa,nuevas en personas de 60 anos o mas,2005-12-01,42,50,42,50,92
BATALLAS,consulta externa,nuevas en personas de 60 anos o mas,2005-12-01,46,21,46,21,67
BAURES,consulta externa,nuevas en personas de 60 anos o mas,2005-12-01,13,12,13,12,25
BELEN DE ANDAMARCA,consulta externa,nuevas en personas de 60 anos o mas,2005-12-01,6,12,6,12,18
BELEN DE URMIRI,consulta externa,nuevas en personas de 60 anos o mas,2005-12-01,11,22,11,22,33
BELLA FLOR,consulta externa,nuevas en personas de 60 anos o mas,2005-12-01,5,9,5,9,14
BERMEJO,consulta externa,nuevas en personas de 60 anos o mas,2005-12-01,221,163,221,163,384
BETANZOS,consulta externa,nuevas en personas de 60 anos o mas,2005-12-01,149,270,149,270,419
BOLIVAR,consulta externa,nuevas en personas de 60 anos o mas,2005-12-01,11,20,11,20,31
BOLPEBRA,consulta externa,nuevas en personas de 60 anos o mas,2005-12-01,2,1,2,1,3
BOYUIBE,consulta externa,nuevas en personas de 60 anos o mas,2005-12-01,8,22,8,22,30
BUENA VISTA,consulta externa,nuevas en personas de 60 anos o mas,2005-12-01,88,47,88,47,135
CABEZAS,consulta externa,nuevas en personas de 60 anos o mas,2005-12-01,20,44,20,44,64
CAIROMA,consulta externa,nuevas en personas de 60 anos o mas,2005-12-01,21,29,21,29,50
"CAIZA ""D""",consulta externa,nuevas en personas de 60 anos o mas,2005-12-01,34,63,34,63,97
CAJUATA,consulta externa,nuevas en personas de 60 anos o mas,2005-12-01,18,28,18,28,46
CALACOTO,consulta externa,nuevas en personas de 60 anos o mas,2005-12-01,41,39,41,39,80
CALAMARCA,consulta externa,nuevas en personas de 60 anos o mas,2005-12-01,31,11,31,11,42
CAMARGO,consulta externa,nuevas en personas de 60 anos o mas,2005-12-01,152,214,152,214,366
CAMATAQUI (C. VILLA ABECIA),consulta externa,nuevas en personas de 60 anos o mas,2005-12-01,16,20,16,20,36
CAMIRI,consulta externa,nuevas en personas de 60 anos o mas,2005-12-01,103,186,103,186,289
CAPINOTA,consulta externa,nuevas en personas de 60 anos o mas,2005-12-01,50,58,50,58,108
CAQUIAVIRI,consulta externa,nuevas en personas de 60 anos o mas,2005-12-01,28,28,28,28,56
CARACOLLO,consulta externa,nuevas en personas de 60 anos o mas,2005-12-01,65,66,65,66,131
CARANAVI,consulta externa,nuevas en personas de 60 anos o mas,2005-12-01,115,62,115,62,177
CARANGAS,consulta externa,nuevas en personas de 60 anos o mas,2005-12-01,1,2,1,2,3
CARAPARI,consulta externa,nuevas en personas de 60 anos o mas,2005-12-01,46,49,46,49,95
CARIPUYO,consulta externa,nuevas en personas de 60 anos o mas,2005-12-01,10,23,10,23,33
CARMEN RIVERO TORREZ,consulta externa,nuevas en personas de 60 anos o mas,2005-12-01,2,3,2,3,5
CATACORA,consulta externa,nuevas en personas de 60 anos o mas,2005-12-01,4,4,4,4,8
CHACARILLA,consulta externa,nuevas en personas de 60 anos o mas,2005-12-01,4,5,4,5,9
CHALLAPATA,consulta externa,nuevas en personas de 60 anos o mas,2005-12-01,66,54,66,54,120
CHAQUI,consulta externa,nuevas en personas de 60 anos o mas,2005-12-01,19,45,19,45,64
CHARAGUA,consulta externa,nuevas en personas de 60 anos o mas,2005-12-01,43,51,43,51,94
CHARAÑA,consulta externa,nuevas en personas de 60 anos o mas,2005-12-01,9,5,9,5,14
CHAYANTA,consulta externa,nuevas en personas de 60 anos o mas,2005-12-01,50,80,50,80,130
CHIMORE,consulta externa,nuevas en personas de 60 anos o mas,2005-12-01,14,3,14,3,17
CHIPAYA,consulta externa,nuevas en personas de 60 anos o mas,2005-12-01,5,1,5,1,6
CHOQUE COTA,consulta externa,nuevas en personas de 60 anos o mas,2005-12-01,6,11,6,11,17
CHULUMANI (V. DE LA LIBERTAD),consulta externa,nuevas en personas de 60 anos o mas,2005-12-01,45,39,45,39,84
CHUMA,consulta externa,nuevas en personas de 60 anos o mas,2005-12-01,33,36,33,36,69
CLIZA,consulta externa,nuevas en personas de 60 anos o mas,2005-12-01,15,24,15,24,39
COBIJA,consulta externa,nuevas en personas de 60 anos o mas,2005-12-01,113,96,113,96,209
COCHABAMBA,consulta externa,nuevas en personas de 60 anos o mas,2005-12-01,4038,4666,4038,4666,8704
COLCAPIRHUA,consulta externa,nuevas en personas de 60 anos o mas,2005-12-01,144,180,144,180,324
"COLCHA ""K""",consulta externa,nuevas en personas de 60 anos o mas,2005-12-01,80,90,80,90,170
COLLANA,consulta externa,nuevas en personas de 60 anos o mas,2005-12-01,14,12,14,12,26
COLOMI,consulta externa,nuevas en personas de 60 anos o mas,2005-12-01,11,15,11,15,26
COLPA BELGICA,consulta externa,nuevas en personas de 60 anos o mas,2005-12-01,5,11,5,11,16
COLQUECHACA,consulta externa,nuevas en personas de 60 anos o mas,2005-12-01,93,117,93,117,210
COLQUENCHA,consulta externa,nuevas en personas de 60 anos o mas,2005-12-01,24,23,24,23,47
COLQUIRI,consulta externa,nuevas en personas de 60 anos o mas,2005-12-01,38,35,38,35,73
COMANCHE,consulta externa,nuevas en personas de 60 anos o mas,2005-12-01,9,11,9,11,20
COMARAPA,consulta externa,nuevas en personas de 60 anos o mas,2005-12-01,74,79,74,79,153
COMBAYA,consulta externa,nuevas en personas de 60 anos o mas,2005-12-01,4,12,4,12,16
CONCEPCION,consulta externa,nuevas en personas de 60 anos o mas,2005-12-01,75,60,75,60,135
COPACABANA,consulta externa,nuevas en personas de 60 anos o mas,2005-12-01,52,30,52,30,82
CORIPATA,consulta externa,nuevas en personas de 60 anos o mas,2005-12-01,28,32,28,32,60
CORO CORO,consulta externa,nuevas en personas de 60 anos o mas,2005-12-01,17,17,17,17,34
COROICO,consulta externa,nuevas en personas de 60 anos o mas,2005-12-01,39,30,39,30,69
CORQUE,consulta externa,nuevas en personas de 60 anos o mas,2005-12-01,35,31,35,31,66
COTAGAITA,consulta externa,nuevas en personas de 60 anos o mas,2005-12-01,115,265,115,265,380
COTOCA,consulta externa,nuevas en personas de 60 anos o mas,2005-12-01,91,85,91,85,176
CUATRO CAÑADAS,consulta externa,nuevas en personas de 60 anos o mas,2005-12-01,28,18,28,18,46
CUCHUMUELA (V. G. VILLARROEL),consulta externa,nuevas en personas de 60 anos o mas,2005-12-01,4,4,4,4,8
CUEVO,consulta externa,nuevas en personas de 60 anos o mas,2005-12-01,21,29,21,29,50
CULPINA,consulta externa,nuevas en personas de 60 anos o mas,2005-12-01,34,67,34,67,101
CURAHUARA DE CARANGAS,consulta externa,nuevas en personas de 60 anos o mas,2005-12-01,56,48,56,48,104
CURVA,consulta externa,nuevas en personas de 60 anos o mas,2005-12-01,8,13,8,13,21
DESAGUADERO,consulta externa,nuevas en personas de 60 anos o mas,2005-12-01,17,10,17,10,27
EL ALTO,consulta externa,nuevas en personas de 60 anos o mas,2005-12-01,1112,1338,1112,1338,2450
EL CHORO,consulta externa,nuevas en personas de 60 anos o mas,2005-12-01,32,39,32,39,71
EL PUENTE(STC),consulta externa,nuevas en personas de 60 anos o mas,2005-12-01,11,6,11,6,17
EL PUENTE(TJA),consulta externa,nuevas en personas de 60 anos o mas,2005-12-01,28,39,28,39,67
EL TORNO,consulta externa,nuevas en personas de 60 anos o mas,2005-12-01,361,383,361,383,744
EL VILLAR,consulta externa,nuevas en personas de 60 anos o mas,2005-12-01,19,38,19,38,57
ENTRE RIOS,consulta externa,nuevas en personas de 60 anos o mas,2005-12-01,63,72,63,72,135
ENTRE RIOS,consulta externa,nuevas en personas de 60 anos o mas,2005-12-01,10,3,10,3,13
ESCARA,consulta externa,nuevas en personas de 60 anos o mas,2005-12-01,1,7,1,7,8
EUCALIPTUS,consulta externa,nuevas en personas de 60 anos o mas,2005-12-01,29,35,29,35,64
EXALTACION,consulta externa,nuevas en personas de 60 anos o mas,2005-12-01,4,2,4,2,6
FERNANDEZ ALONSO,consulta externa,nuevas en personas de 60 anos o mas,2005-12-01,17,11,17,11,28
FILADELFIA,consulta externa,nuevas en personas de 60 anos o mas,2005-12-01,8,12,8,12,20
GENERAL SAAVEDRA,consulta externa,nuevas en personas de 60 anos o mas,2005-12-01,17,21,17,21,38
GRAL. J.J. PEREZ (CHARAZANI),consulta externa,nuevas en personas de 60 anos o mas,2005-12-01,31,16,31,16,47
GUANAY,consulta externa,nuevas en personas de 60 anos o mas,2005-12-01,73,60,73,60,133
GUAQUI,consulta externa,nuevas en personas de 60 anos o mas,2005-12-01,24,15,24,15,39
GUAYARAMERIN,consulta externa,nuevas en personas de 60 anos o mas,2005-12-01,386,396,386,396,782
GUTIERREZ,consulta externa,nuevas en personas de 60 anos o mas,2005-12-01,44,54,44,54,98
HUACARETA,consulta externa,nuevas en personas de 60 anos o mas,2005-12-01,22,46,22,46,68
HUACAYA (VILLA DE HUACAYA),consulta externa,nuevas en personas de 60 anos o mas,2005-12-01,5,10,5,10,15
HUACHACALLA,consulta externa,nuevas en personas de 60 anos o mas,2005-12-01,5,0,5,0,5
HUANUNI,consulta externa,nuevas en personas de 60 anos o mas,2005-12-01,95,96,95,96,191
HUARACAJE,consulta externa,nuevas en personas de 60 anos o mas,2005-12-01,5,10,5,10,15
HUAYLLAMARCA,consulta externa,nuevas en personas de 60 anos o mas,2005-12-01,17,35,17,35,52
ICHOCA,consulta externa,nuevas en personas de 60 anos o mas,2005-12-01,14,8,14,8,22
ICLA,consulta externa,nuevas en personas de 60 anos o mas,2005-12-01,29,65,29,65,94
INCAHUASI,consulta externa,nuevas en personas de 60 anos o mas,2005-12-01,47,96,47,96,143
INGAVI (HUMAITA),consulta externa,nuevas en personas de 60 anos o mas,2005-12-01,2,2,2,2,4
INQUISIVI,consulta externa,nuevas en personas de 60 anos o mas,2005-12-01,38,31,38,31,69
IRUPANA (VILLA DE LANZA),consulta externa,nuevas en personas de 60 anos o mas,2005-12-01,45,43,45,43,88
IXIAMAS,consulta externa,nuevas en personas de 60 anos o mas,2005-12-01,21,12,21,12,33
JESUS DE MACHACA,consulta externa,nuevas en personas de 60 anos o mas,2005-12-01,62,63,62,63,125
LA ASUNTA,consulta externa,nuevas en personas de 60 anos o mas,2005-12-01,12,5,12,5,17
LA GUARDIA,consulta externa,nuevas en personas de 60 anos o mas,2005-12-01,30,53,30,53,83
LA PAZ,consulta externa,nuevas en personas de 60 anos o mas,2005-12-01,6889,7955,6889,7955,14844
LA RIVERA,consulta externa,nuevas en personas de 60 anos o mas,2005-12-01,0,4,0,4,4
LAGUNILLAS,consulta externa,nuevas en personas de 60 anos o mas,2005-12-01,15,22,15,22,37
LAJA,consulta externa,nuevas en personas de 60 anos o mas,2005-12-01,23,24,23,24,47
LAS CARRERAS,consulta externa,nuevas en personas de 60 anos o mas,2005-12-01,18,30,18,30,48
LICOMA PAMPA,consulta externa,nuevas en personas de 60 anos o mas,2005-12-01,7,3,7,3,10
LLALLAGUA,consulta externa,nuevas en personas de 60 anos o mas,2005-12-01,203,357,203,357,560
LLICA,consulta externa,nuevas en personas de 60 anos o mas,2005-12-01,43,39,43,39,82
LORETO,consulta externa,nuevas en personas de 60 anos o mas,2005-12-01,17,17,17,17,34
LURIBAY,consulta externa,nuevas en personas de 60 anos o mas,2005-12-01,21,30,21,30,51
MACHACAMARCA,consulta externa,nuevas en personas de 60 anos o mas,2005-12-01,50,64,50,64,114
MACHARETI,consulta externa,nuevas en personas de 60 anos o mas,2005-12-01,36,45,36,45,81
MAGDALENA,consulta externa,nuevas en personas de 60 anos o mas,2005-12-01,10,14,10,14,24
MAIRANA,consulta externa,nuevas en personas de 60 anos o mas,2005-12-01,49,76,49,76,125
MALLA,consulta externa,nuevas en personas de 60 anos o mas,2005-12-01,2,5,2,5,7
MAPIRI,consulta externa,nuevas en personas de 60 anos o mas,2005-12-01,41,21,41,21,62
MECAPACA,consulta externa,nuevas en personas de 60 anos o mas,2005-12-01,24,24,24,24,48
MINEROS,consulta externa,nuevas en personas de 60 anos o mas,2005-12-01,78,58,78,58,136
MIZQUE,consulta externa,nuevas en personas de 60 anos o mas,2005-12-01,14,22,14,22,36
MOCOMOCO,consulta externa,nuevas en personas de 60 anos o mas,2005-12-01,48,45,48,45,93
MOJINETE,consulta externa,nuevas en personas de 60 anos o mas,2005-12-01,6,10,6,10,16
MOJOCOYA,consulta externa,nuevas en personas de 60 anos o mas,2005-12-01,16,21,16,21,37
MONTEAGUDO,consulta externa,nuevas en personas de 60 anos o mas,2005-12-01,166,280,166,280,446
MONTERO,consulta externa,nuevas en personas de 60 anos o mas,2005-12-01,424,496,424,496,920
MORO MORO,consulta externa,nuevas en personas de 60 anos o mas,2005-12-01,34,46,34,46,80
MOROCHATA,consulta externa,nuevas en personas de 60 anos o mas,2005-12-01,10,17,10,17,27
NACEBE (SANTA ROSA DEL ABUNA),consulta externa,nuevas en personas de 60 anos o mas,2005-12-01,5,1,5,1,6
NUEVO MANOA (NUEVA ESPERANZA),consulta externa,nuevas en personas de 60 anos o mas,2005-12-01,3,5,3,5,8
OCURI,consulta externa,nuevas en personas de 60 anos o mas,2005-12-01,44,89,44,89,133
OKINAWA,consulta externa,nuevas en personas de 60 anos o mas,2005-12-01,46,58,46,58,104
OMEREQUE,consulta externa,nuevas en personas de 60 anos o mas,2005-12-01,15,23,15,23,38
ORURO,consulta externa,nuevas en personas de 60 anos o mas,2005-12-01,2603,3057,2603,3057,5660
PADCAYA,consulta externa,nuevas en personas de 60 anos o mas,2005-12-01,67,89,67,89,156
PADILLA,consulta externa,nuevas en personas de 60 anos o mas,2005-12-01,111,182,111,182,293
PAILON,consulta externa,nuevas en personas de 60 anos o mas,2005-12-01,8,16,8,16,24
PALCA,consulta externa,nuevas en personas de 60 anos o mas,2005-12-01,28,28,28,28,56
PALOS BLANCOS,consulta externa,nuevas en personas de 60 anos o mas,2005-12-01,36,18,36,18,54
PAMPA AULLAGAS,consulta externa,nuevas en personas de 60 anos o mas,2005-12-01,6,11,6,11,17
PAMPA GRANDE,consulta externa,nuevas en personas de 60 anos o mas,2005-12-01,30,51,30,51,81
PAPEL PAMPA,consulta externa,nuevas en personas de 60 anos o mas,2005-12-01,23,20,23,20,43
PASORAPA,consulta externa,nuevas en personas de 60 anos o mas,2005-12-01,7,8,7,8,15
PATACAMAYA,consulta externa,nuevas en personas de 60 anos o mas,2005-12-01,18,23,18,23,41
PAZÑA,consulta externa,nuevas en personas de 60 anos o mas,2005-12-01,49,54,49,54,103
PELECHUCO,consulta externa,nuevas en personas de 60 anos o mas,2005-12-01,12,23,12,23,35
POCOATA,consulta externa,nuevas en personas de 60 anos o mas,2005-12-01,39,81,39,81,120
POCONA,consulta externa,nuevas en personas de 60 anos o mas,2005-12-01,20,44,20,44,64
POJO (CBBA),consulta externa,nuevas en personas de 60 anos o mas,2005-12-01,6,10,6,10,16
POOPO,consulta externa,nuevas en personas de 60 anos o mas,2005-12-01,45,54,45,54,99
PORCO,consulta externa,nuevas en personas de 60 anos o mas,2005-12-01,4,20,4,20,24
POROMA,consulta externa,nuevas en personas de 60 anos o mas,2005-12-01,53,79,53,79,132
PORONGO,consulta externa,nuevas en personas de 60 anos o mas,2005-12-01,20,18,20,18,38
PORTACHUELO,consulta externa,nuevas en personas de 60 anos o mas,2005-12-01,145,186,145,186,331
PORVENIR,consulta externa,nuevas en personas de 60 anos o mas,2005-12-01,6,13,6,13,19
POSTRER VALLE,consulta externa,nuevas en personas de 60 anos o mas,2005-12-01,26,23,26,23,49
POTOSI,consulta externa,nuevas en personas de 60 anos o mas,2005-12-01,1490,1858,1490,1858,3348
PRESTO,consulta externa,nuevas en personas de 60 anos o mas,2005-12-01,25,29,25,29,54
PUCARA,consulta externa,nuevas en personas de 60 anos o mas,2005-12-01,22,38,22,38,60
PUCARANI,consulta externa,nuevas en personas de 60 anos o mas,2005-12-01,43,45,43,45,88
PUERTO ACOSTA,consulta externa,nuevas en personas de 60 anos o mas,2005-12-01,115,104,115,104,219
PUERTO CARABUCO,consulta externa,nuevas en personas de 60 anos o mas,2005-12-01,31,46,31,46,77
PUERTO GONZALO MORENO,consulta externa,nuevas en personas de 60 anos o mas,2005-12-01,10,3,10,3,13
PUERTO PEREZ,consulta externa,nuevas en personas de 60 anos o mas,2005-12-01,26,21,26,21,47
PUERTO QUIJARRO,consulta externa,nuevas en personas de 60 anos o mas,2005-12-01,137,134,137,134,271
PUERTO RICO,consulta externa,nuevas en personas de 60 anos o mas,2005-12-01,16,13,16,13,29
PUERTO SUAREZ,consulta externa,nuevas en personas de 60 anos o mas,2005-12-01,65,120,65,120,185
PUERTO VILLARROEL,consulta externa,nuevas en personas de 60 anos o mas,2005-12-01,25,19,25,19,44
PUNA,consulta externa,nuevas en personas de 60 anos o mas,2005-12-01,138,215,138,215,353
PUNATA,consulta externa,nuevas en personas de 60 anos o mas,2005-12-01,94,89,94,89,183
QUIABAYA,consulta externa,nuevas en personas de 60 anos o mas,2005-12-01,1,3,1,3,4
QUILLACOLLO,consulta externa,nuevas en personas de 60 anos o mas,2005-12-01,32,50,32,50,82
QUIME,consulta externa,nuevas en personas de 60 anos o mas,2005-12-01,17,17,17,17,34
QUIRUSILLAS,consulta externa,nuevas en personas de 60 anos o mas,2005-12-01,8,15,8,15,23
RAVELO,consulta externa,nuevas en personas de 60 anos o mas,2005-12-01,47,87,47,87,134
REYES,consulta externa,nuevas en personas de 60 anos o mas,2005-12-01,59,64,59,64,123
RIBERALTA,consulta externa,nuevas en personas de 60 anos o mas,2005-12-01,89,81,89,81,170
ROBORE,consulta externa,nuevas en personas de 60 anos o mas,2005-12-01,32,59,32,59,91
RURRENABAQUE,consulta externa,nuevas en personas de 60 anos o mas,2005-12-01,104,101,104,101,205
SABAYA,consulta externa,nuevas en personas de 60 anos o mas,2005-12-01,40,46,40,46,86
SACABA,consulta externa,nuevas en personas de 60 anos o mas,2005-12-01,130,189,130,189,319
SACABAMBA,consulta externa,nuevas en personas de 60 anos o mas,2005-12-01,14,12,14,12,26
SACACA,consulta externa,nuevas en personas de 60 anos o mas,2005-12-01,41,67,41,67,108
SAIPINA,consulta externa,nuevas en personas de 60 anos o mas,2005-12-01,21,35,21,35,56
SALINAS DE GARCI MENDOZA,consulta externa,nuevas en personas de 60 anos o mas,2005-12-01,68,50,68,50,118
SAMAIPATA,consulta externa,nuevas en personas de 60 anos o mas,2005-12-01,51,61,51,61,112
SAN AGUSTIN,consulta externa,nuevas en personas de 60 anos o mas,2005-12-01,9,5,9,5,14
SAN ANDRES,consulta externa,nuevas en personas de 60 anos o mas,2005-12-01,11,6,11,6,17
SAN ANDRES DE MACHACA,consulta externa,nuevas en personas de 60 anos o mas,2005-12-01,30,39,30,39,69
SAN ANTONIO DE ESMORUCO,consulta externa,nuevas en personas de 60 anos o mas,2005-12-01,5,6,5,6,11
SAN ANTONIO DE LOMERIO,consulta externa,nuevas en personas de 60 anos o mas,2005-12-01,22,15,22,15,37
SAN BENITO,consulta externa,nuevas en personas de 60 anos o mas,2005-12-01,16,40,16,40,56
SAN BORJA,consulta externa,nuevas en personas de 60 anos o mas,2005-12-01,72,65,72,65,137
SAN BUENA VENTURA,consulta externa,nuevas en personas de 60 anos o mas,2005-12-01,10,4,10,4,14
SAN CARLOS,consulta externa,nuevas en personas de 60 anos o mas,2005-12-01,77,91,77,91,168
SAN IGNACIO,consulta externa,nuevas en personas de 60 anos o mas,2005-12-01,71,79,71,79,150
SAN IGNACIO DE VELASCO,consulta externa,nuevas en personas de 60 anos o mas,2005-12-01,207,249,207,249,456
SAN JAVIER(BNI),consulta externa,nuevas en personas de 60 anos o mas,2005-12-01,9,6,9,6,15
SAN JAVIER(STC),consulta externa,nuevas en personas de 60 anos o mas,2005-12-01,10,9,10,9,19
SAN JOAQUIN,consulta externa,nuevas en personas de 60 anos o mas,2005-12-01,29,33,29,33,62
SAN JOSE DE CHIQUITOS,consulta externa,nuevas en personas de 60 anos o mas,2005-12-01,71,111,71,111,182
SAN JUAN DE YAPACANI,consulta externa,nuevas en personas de 60 anos o mas,2005-12-01,25,24,25,24,49
SAN JULIAN,consulta externa,nuevas en personas de 60 anos o mas,2005-12-01,51,46,51,46,97
SAN LORENZO(PND),consulta externa,nuevas en personas de 60 anos o mas,2005-12-01,8,10,8,10,18
SAN LORENZO(TJA),consulta externa,nuevas en personas de 60 anos o mas,2005-12-01,41,64,41,64,105
SAN LUCAS,consulta externa,nuevas en personas de 60 anos o mas,2005-12-01,111,258,111,258,369
SAN MATIAS,consulta externa,nuevas en personas de 60 anos o mas,2005-12-01,8,6,8,6,14
SAN MIGUEL DE VELASCO,consulta externa,nuevas en personas de 60 anos o mas,2005-12-01,39,25,39,25,64
SAN PABLO DE LIPEZ,consulta externa,nuevas en personas de 60 anos o mas,2005-12-01,11,19,11,19,30
SAN PEDRO,consulta externa,nuevas en personas de 60 anos o mas,2005-12-01,31,29,31,29,60
SAN PEDRO DE BUENA VISTA,consulta externa,nuevas en personas de 60 anos o mas,2005-12-01,49,59,49,59,108
SAN PEDRO DE CURAHUARA,consulta externa,nuevas en personas de 60 anos o mas,2005-12-01,18,13,18,13,31
SAN PEDRO DE QUEMES,consulta externa,nuevas en personas de 60 anos o mas,2005-12-01,2,1,2,1,3
SAN PEDRO DE TIQUINA,consulta externa,nuevas en personas de 60 anos o mas,2005-12-01,16,28,16,28,44
SAN PEDRO(PND),consulta externa,nuevas en personas de 60 anos o mas,2005-12-01,2,1,2,1,3
SAN RAFAEL,consulta externa,nuevas en personas de 60 anos o mas,2005-12-01,4,15,4,15,19
SAN RAMON,consulta externa,nuevas en personas de 60 anos o mas,2005-12-01,43,72,43,72,115
SAN RAMON,consulta externa,nuevas en personas de 60 anos o mas,2005-12-01,11,20,11,20,31
SANTA ANA,consulta externa,nuevas en personas de 60 anos o mas,2005-12-01,76,101,76,101,177
SANTA CRUZ DE LA SIERRA,consulta externa,nuevas en personas de 60 anos o mas,2005-12-01,5779,7526,5779,7526,13305
SANTA ROSA,consulta externa,nuevas en personas de 60 anos o mas,2005-12-01,34,51,34,51,85
SANTA ROSA DEL SARA,consulta externa,nuevas en personas de 60 anos o mas,2005-12-01,26,21,26,21,47
SANTIAGO DE CALLAPA,consulta externa,nuevas en personas de 60 anos o mas,2005-12-01,11,16,11,16,27
SANTIAGO DE HUARI,consulta externa,nuevas en personas de 60 anos o mas,2005-12-01,62,71,62,71,133
SANTIAGO DE MACHACA,consulta externa,nuevas en personas de 60 anos o mas,2005-12-01,17,19,17,19,36
SANTIVAÑES,consulta externa,nuevas en personas de 60 anos o mas,2005-12-01,16,48,16,48,64
SANTUARIO DE QUILLACAS,consulta externa,nuevas en personas de 60 anos o mas,2005-12-01,7,9,7,9,16
SAPAHAQUI,consulta externa,nuevas en personas de 60 anos o mas,2005-12-01,31,26,31,26,57
SENA,consulta externa,nuevas en personas de 60 anos o mas,2005-12-01,4,5,4,5,9
SICA SICA (VILLA AROMA),consulta externa,nuevas en personas de 60 anos o mas,2005-12-01,33,35,33,35,68
SICAYA,consulta externa,nuevas en personas de 60 anos o mas,2005-12-01,1,4,1,4,5
SIPE SIPE,consulta externa,nuevas en personas de 60 anos o mas,2005-12-01,25,41,25,41,66
SOPACHUY,consulta externa,nuevas en personas de 60 anos o mas,2005-12-01,16,45,16,45,61
SORACACHI,consulta externa,nuevas en personas de 60 anos o mas,2005-12-01,11,17,11,17,28
SORATA,consulta externa,nuevas en personas de 60 anos o mas,2005-12-01,49,59,49,59,108
SUCRE,consulta externa,nuevas en personas de 60 anos o mas,2005-12-01,1963,2886,1963,2886,4849
TACACHI,consulta externa,nuevas en personas de 60 anos o mas,2005-12-01,1,3,1,3,4
TACACOMA,consulta externa,nuevas en personas de 60 anos o mas,2005-12-01,6,4,6,4,10
TACOBAMBA,consulta externa,nuevas en personas de 60 anos o mas,2005-12-01,10,33,10,33,43
TACOPAYA,consulta externa,nuevas en personas de 60 anos o mas,2005-12-01,38,73,38,73,111
TAHUA,consulta externa,nuevas en personas de 60 anos o mas,2005-12-01,8,5,8,5,13
TAPACARI,consulta externa,nuevas en personas de 60 anos o mas,2005-12-01,37,39,37,39,76
TARABUCO,consulta externa,nuevas en personas de 60 anos o mas,2005-12-01,72,77,72,77,149
TARACO,consulta externa,nuevas en personas de 60 anos o mas,2005-12-01,9,7,9,7,16
TARATA,consulta externa,nuevas en personas de 60 anos o mas,2005-12-01,18,12,18,12,30
TARIJA,consulta externa,nuevas en personas de 60 anos o mas,2005-12-01,1248,1505,1248,1505,2753
TARVITA,consulta externa,nuevas en personas de 60 anos o mas,2005-12-01,50,75,50,75,125
TEOPONTE,consulta externa,nuevas en personas de 60 anos o mas,2005-12-01,69,57,69,57,126
TIAWANACU,consulta externa,nuevas en personas de 60 anos o mas,2005-12-01,23,23,23,23,46
TINGUIPAYA,consulta externa,nuevas en personas de 60 anos o mas,2005-12-01,40,78,40,78,118
TIPUANI,consulta externa,nuevas en personas de 60 anos o mas,2005-12-01,7,11,7,11,18
TIQUIPAYA,consulta externa,nuevas en personas de 60 anos o mas,2005-12-01,13,17,13,17,30
TIRAQUE (CBBA),consulta externa,nuevas en personas de 60 anos o mas,2005-12-01,64,63,64,63,127
TITO YUPANQUI (PARQUIPUJIO),consulta externa,nuevas en personas de 60 anos o mas,2005-12-01,6,17,6,17,23
TOCO,consulta externa,nuevas en personas de 60 anos o mas,2005-12-01,10,7,10,7,17
TOLATA,consulta externa,nuevas en personas de 60 anos o mas,2005-12-01,3,15,3,15,18
TOLEDO,consulta externa,nuevas en personas de 60 anos o mas,2005-12-01,32,35,32,35,67
TOMAVE,consulta externa,nuevas en personas de 60 anos o mas,2005-12-01,48,70,48,70,118
TOMINA,consulta externa,nuevas en personas de 60 anos o mas,2005-12-01,33,47,33,47,80
TORO TORO,consulta externa,nuevas en personas de 60 anos o mas,2005-12-01,29,49,29,49,78
TOTORA(CBBA),consulta externa,nuevas en personas de 60 anos o mas,2005-12-01,10,18,10,18,28
TOTORA(ORR),consulta externa,nuevas en personas de 60 anos o mas,2005-12-01,13,18,13,18,31
TRIGAL,consulta externa,nuevas en personas de 60 anos o mas,2005-12-01,29,36,29,36,65
TRINIDAD,consulta externa,nuevas en personas de 60 anos o mas,2005-12-01,319,342,319,342,661
TUPIZA,consulta externa,nuevas en personas de 60 anos o mas,2005-12-01,359,523,359,523,882
TURCO,consulta externa,nuevas en personas de 60 anos o mas,2005-12-01,24,22,24,22,46
UMALA,consulta externa,nuevas en personas de 60 anos o mas,2005-12-01,6,4,6,4,10
UNCIA,consulta externa,nuevas en personas de 60 anos o mas,2005-12-01,149,185,149,185,334
URIONDO (A. CONCEPCION),consulta externa,nuevas en personas de 60 anos o mas,2005-12-01,38,46,38,46,84
URUBICHA,consulta externa,nuevas en personas de 60 anos o mas,2005-12-01,6,6,6,6,12
UYUNI,consulta externa,nuevas en personas de 60 anos o mas,2005-12-01,172,214,172,214,386
VACAS,consulta externa,nuevas en personas de 60 anos o mas,2005-12-01,19,37,19,37,56
VALLEGRANDE,consulta externa,nuevas en personas de 60 anos o mas,2005-12-01,159,228,159,228,387
VIACHA,consulta externa,nuevas en personas de 60 anos o mas,2005-12-01,247,231,247,231,478
VILA VILA,consulta externa,nuevas en personas de 60 anos o mas,2005-12-01,5,11,5,11,16
VILLA MONTES,consulta externa,nuevas en personas de 60 anos o mas,2005-12-01,95,110,95,110,205
VILLA NUEVA (LOMA ALTA),consulta externa,nuevas en personas de 60 anos o mas,2005-12-01,1,0,1,0,1
VILLA RIVERO,consulta externa,nuevas en personas de 60 anos o mas,2005-12-01,13,21,13,21,34
VILLA SERRANO,consulta externa,nuevas en personas de 60 anos o mas,2005-12-01,53,54,53,54,107
VILLA TUNARI,consulta externa,nuevas en personas de 60 anos o mas,2005-12-01,72,55,72,55,127
VILLA VACA GUZMAN (MUYUPAMPA),consulta externa,nuevas en personas de 60 anos o mas,2005-12-01,68,66,68,66,134
VILLAZON,consulta externa,nuevas en personas de 60 anos o mas,2005-12-01,286,300,286,300,586
VINTO,consulta externa,nuevas en personas de 60 anos o mas,2005-12-01,39,48,39,48,87
VITICHI,consulta externa,nuevas en personas de 60 anos o mas,2005-12-01,59,75,59,75,134
WALDO BALLIVIAN,consulta externa,nuevas en personas de 60 anos o mas,2005-12-01,6,2,6,2,8
WARNES,consulta externa,nuevas en personas de 60 anos o mas,2005-12-01,71,66,71,66,137
YACO,consulta externa,nuevas en personas de 60 anos o mas,2005-12-01,14,10,14,10,24
YACUIBA,consulta externa,nuevas en personas de 60 anos o mas,2005-12-01,374,477,374,477,851
YAMPARAEZ,consulta externa,nuevas en personas de 60 anos o mas,2005-12-01,18,47,18,47,65
YANACACHI,consulta externa,nuevas en personas de 60 anos o mas,2005-12-01,19,11,19,11,30
YAPACANI,consulta externa,nuevas en personas de 60 anos o mas,2005-12-01,133,111,133,111,244
YOCALLA,consulta externa,nuevas en personas de 60 anos o mas,2005-12-01,28,58,28,58,86
YOTALA,consulta externa,nuevas en personas de 60 anos o mas,2005-12-01,18,40,18,40,58
YUNCHARA,consulta externa,nuevas en personas de 60 anos o mas,2005-12-01,30,51,30,51,81
ZUDAÑEZ,consulta externa,nuevas en personas de 60 anos o mas,2005-12-01,20,37,20,37,57
