municipality,group,variable,month,Nuevas en personas de 15 a 59 años -Hombre,Nuevas en personas de 15 a 59 años -Mujer,TOTAL-H,TOTAL-M,TOTAL
ACACIO,consulta externa,nuevas en personas de 15 a 59 anos,2005-01-01,60,106,60,106,166
ACHACACHI,consulta externa,nuevas en personas de 15 a 59 anos,2005-01-01,353,495,353,495,848
ACHOCALLA,consulta externa,nuevas en personas de 15 a 59 anos,2005-01-01,69,141,69,141,210
AIQUILE,consulta externa,nuevas en personas de 15 a 59 anos,2005-01-01,167,423,167,423,590
ALALAY,consulta externa,nuevas en personas de 15 a 59 anos,2005-01-01,9,26,9,26,35
ALCALA,consulta externa,nuevas en personas de 15 a 59 anos,2005-01-01,55,101,55,101,156
ANCORAIMES,consulta externa,nuevas en personas de 15 a 59 anos,2005-01-01,70,147,70,147,217
ANDAMARCA,consulta externa,nuevas en personas de 15 a 59 anos,2005-01-01,24,42,24,42,66
ANTEQUERA,consulta externa,nuevas en personas de 15 a 59 anos,2005-01-01,4,8,4,8,12
ANZALDO,consulta externa,nuevas en personas de 15 a 59 anos,2005-01-01,30,68,30,68,98
APOLO,consulta externa,nuevas en personas de 15 a 59 anos,2005-01-01,87,262,87,262,349
ARAMPAMPA,consulta externa,nuevas en personas de 15 a 59 anos,2005-01-01,39,78,39,78,117
ARANI,consulta externa,nuevas en personas de 15 a 59 anos,2005-01-01,32,73,32,73,105
ARBIETO,consulta externa,nuevas en personas de 15 a 59 anos,2005-01-01,46,88,46,88,134
ARQUE,consulta externa,nuevas en personas de 15 a 59 anos,2005-01-01,85,73,85,73,158
ASCENCION DE GUARAYOS,consulta externa,nuevas en personas de 15 a 59 anos,2005-01-01,162,271,162,271,433
ATOCHA,consulta externa,nuevas en personas de 15 a 59 anos,2005-01-01,776,905,776,905,1681
AUCAPATA,consulta externa,nuevas en personas de 15 a 59 anos,2005-01-01,74,84,74,84,158
AYATA,consulta externa,nuevas en personas de 15 a 59 anos,2005-01-01,38,89,38,89,127
AYO AYO,consulta externa,nuevas en personas de 15 a 59 anos,2005-01-01,43,42,43,42,85
AYOPAYA (V. DE INDEPENDENCIA),consulta externa,nuevas en personas de 15 a 59 anos,2005-01-01,150,377,150,377,527
AZURDUY,consulta externa,nuevas en personas de 15 a 59 anos,2005-01-01,116,312,116,312,428
BATALLAS,consulta externa,nuevas en personas de 15 a 59 anos,2005-01-01,96,116,96,116,212
BAURES,consulta externa,nuevas en personas de 15 a 59 anos,2005-01-01,36,65,36,65,101
BELEN DE ANDAMARCA,consulta externa,nuevas en personas de 15 a 59 anos,2005-01-01,7,8,7,8,15
BELEN DE URMIRI,consulta externa,nuevas en personas de 15 a 59 anos,2005-01-01,25,61,25,61,86
BELLA FLOR,consulta externa,nuevas en personas de 15 a 59 anos,2005-01-01,52,69,52,69,121
BERMEJO,consulta externa,nuevas en personas de 15 a 59 anos,2005-01-01,652,895,652,895,1547
BETANZOS,consulta externa,nuevas en personas de 15 a 59 anos,2005-01-01,316,795,316,795,1111
BOLIVAR,consulta externa,nuevas en personas de 15 a 59 anos,2005-01-01,28,59,28,59,87
BOLPEBRA,consulta externa,nuevas en personas de 15 a 59 anos,2005-01-01,46,25,46,25,71
BOYUIBE,consulta externa,nuevas en personas de 15 a 59 anos,2005-01-01,43,81,43,81,124
BUENA VISTA,consulta externa,nuevas en personas de 15 a 59 anos,2005-01-01,245,376,245,376,621
CABEZAS,consulta externa,nuevas en personas de 15 a 59 anos,2005-01-01,280,323,280,323,603
CAIROMA,consulta externa,nuevas en personas de 15 a 59 anos,2005-01-01,74,97,74,97,171
"CAIZA ""D""",consulta externa,nuevas en personas de 15 a 59 anos,2005-01-01,120,185,120,185,305
CAJUATA,consulta externa,nuevas en personas de 15 a 59 anos,2005-01-01,126,174,126,174,300
CALACOTO,consulta externa,nuevas en personas de 15 a 59 anos,2005-01-01,42,64,42,64,106
CALAMARCA,consulta externa,nuevas en personas de 15 a 59 anos,2005-01-01,51,82,51,82,133
CAMARGO,consulta externa,nuevas en personas de 15 a 59 anos,2005-01-01,265,630,265,630,895
CAMATAQUI (C. VILLA ABECIA),consulta externa,nuevas en personas de 15 a 59 anos,2005-01-01,36,114,36,114,150
CAMIRI,consulta externa,nuevas en personas de 15 a 59 anos,2005-01-01,959,1947,959,1947,2906
CAPINOTA,consulta externa,nuevas en personas de 15 a 59 anos,2005-01-01,120,189,120,189,309
CAQUIAVIRI,consulta externa,nuevas en personas de 15 a 59 anos,2005-01-01,81,148,81,148,229
CARACOLLO,consulta externa,nuevas en personas de 15 a 59 anos,2005-01-01,105,157,105,157,262
CARANAVI,consulta externa,nuevas en personas de 15 a 59 anos,2005-01-01,665,637,665,637,1302
CARANGAS,consulta externa,nuevas en personas de 15 a 59 anos,2005-01-01,3,3,3,3,6
CARAPARI,consulta externa,nuevas en personas de 15 a 59 anos,2005-01-01,198,217,198,217,415
CARIPUYO,consulta externa,nuevas en personas de 15 a 59 anos,2005-01-01,40,157,40,157,197
CARMEN RIVERO TORREZ,consulta externa,nuevas en personas de 15 a 59 anos,2005-01-01,23,58,23,58,81
CATACORA,consulta externa,nuevas en personas de 15 a 59 anos,2005-01-01,9,24,9,24,33
CHACARILLA,consulta externa,nuevas en personas de 15 a 59 anos,2005-01-01,2,1,2,1,3
CHALLAPATA,consulta externa,nuevas en personas de 15 a 59 anos,2005-01-01,257,402,257,402,659
CHAQUI,consulta externa,nuevas en personas de 15 a 59 anos,2005-01-01,76,134,76,134,210
CHARAGUA,consulta externa,nuevas en personas de 15 a 59 anos,2005-01-01,179,381,179,381,560
CHARAÑA,consulta externa,nuevas en personas de 15 a 59 anos,2005-01-01,38,46,38,46,84
CHAYANTA,consulta externa,nuevas en personas de 15 a 59 anos,2005-01-01,124,229,124,229,353
CHIMORE,consulta externa,nuevas en personas de 15 a 59 anos,2005-01-01,120,238,120,238,358
CHIPAYA,consulta externa,nuevas en personas de 15 a 59 anos,2005-01-01,11,11,11,11,22
CHOQUE COTA,consulta externa,nuevas en personas de 15 a 59 anos,2005-01-01,5,17,5,17,22
CHULUMANI (V. DE LA LIBERTAD),consulta externa,nuevas en personas de 15 a 59 anos,2005-01-01,230,278,230,278,508
CHUMA,consulta externa,nuevas en personas de 15 a 59 anos,2005-01-01,97,194,97,194,291
CLIZA,consulta externa,nuevas en personas de 15 a 59 anos,2005-01-01,43,111,43,111,154
COBIJA,consulta externa,nuevas en personas de 15 a 59 anos,2005-01-01,812,1336,812,1336,2148
COCHABAMBA,consulta externa,nuevas en personas de 15 a 59 anos,2005-01-01,10188,23701,10188,23701,33889
COIPASA,consulta externa,nuevas en personas de 15 a 59 anos,2005-01-01,4,13,4,13,17
COLCAPIRHUA,consulta externa,nuevas en personas de 15 a 59 anos,2005-01-01,479,783,479,783,1262
"COLCHA ""K""",consulta externa,nuevas en personas de 15 a 59 anos,2005-01-01,121,233,121,233,354
COLLANA,consulta externa,nuevas en personas de 15 a 59 anos,2005-01-01,11,27,11,27,38
COLOMI,consulta externa,nuevas en personas de 15 a 59 anos,2005-01-01,127,241,127,241,368
COLPA BELGICA,consulta externa,nuevas en personas de 15 a 59 anos,2005-01-01,75,97,75,97,172
COLQUECHACA,consulta externa,nuevas en personas de 15 a 59 anos,2005-01-01,242,416,242,416,658
COLQUENCHA,consulta externa,nuevas en personas de 15 a 59 anos,2005-01-01,85,133,85,133,218
COLQUIRI,consulta externa,nuevas en personas de 15 a 59 anos,2005-01-01,137,323,137,323,460
COMANCHE,consulta externa,nuevas en personas de 15 a 59 anos,2005-01-01,13,30,13,30,43
COMARAPA,consulta externa,nuevas en personas de 15 a 59 anos,2005-01-01,227,386,227,386,613
COMBAYA,consulta externa,nuevas en personas de 15 a 59 anos,2005-01-01,12,26,12,26,38
CONCEPCION,consulta externa,nuevas en personas de 15 a 59 anos,2005-01-01,51,76,51,76,127
COPACABANA,consulta externa,nuevas en personas de 15 a 59 anos,2005-01-01,58,95,58,95,153
CORIPATA,consulta externa,nuevas en personas de 15 a 59 anos,2005-01-01,96,122,96,122,218
CORO CORO,consulta externa,nuevas en personas de 15 a 59 anos,2005-01-01,57,94,57,94,151
COROICO,consulta externa,nuevas en personas de 15 a 59 anos,2005-01-01,169,256,169,256,425
CORQUE,consulta externa,nuevas en personas de 15 a 59 anos,2005-01-01,116,74,116,74,190
COTAGAITA,consulta externa,nuevas en personas de 15 a 59 anos,2005-01-01,651,1083,651,1083,1734
COTOCA,consulta externa,nuevas en personas de 15 a 59 anos,2005-01-01,131,416,131,416,547
CUATRO CAÑADAS,consulta externa,nuevas en personas de 15 a 59 anos,2005-01-01,178,413,178,413,591
CUCHUMUELA (V. G. VILLARROEL),consulta externa,nuevas en personas de 15 a 59 anos,2005-01-01,28,42,28,42,70
CUEVO,consulta externa,nuevas en personas de 15 a 59 anos,2005-01-01,89,143,89,143,232
CULPINA,consulta externa,nuevas en personas de 15 a 59 anos,2005-01-01,129,331,129,331,460
CURAHUARA DE CARANGAS,consulta externa,nuevas en personas de 15 a 59 anos,2005-01-01,59,72,59,72,131
CURVA,consulta externa,nuevas en personas de 15 a 59 anos,2005-01-01,18,38,18,38,56
DESAGUADERO,consulta externa,nuevas en personas de 15 a 59 anos,2005-01-01,31,60,31,60,91
EL ALTO,consulta externa,nuevas en personas de 15 a 59 anos,2005-01-01,6004,10366,6004,10366,16370
EL CHORO,consulta externa,nuevas en personas de 15 a 59 anos,2005-01-01,28,41,28,41,69
EL PUENTE(STC),consulta externa,nuevas en personas de 15 a 59 anos,2005-01-01,131,106,131,106,237
EL PUENTE(TJA),consulta externa,nuevas en personas de 15 a 59 anos,2005-01-01,93,184,93,184,277
EL TORNO,consulta externa,nuevas en personas de 15 a 59 anos,2005-01-01,635,834,635,834,1469
EL VILLAR,consulta externa,nuevas en personas de 15 a 59 anos,2005-01-01,76,149,76,149,225
ENTRE RIOS,consulta externa,nuevas en personas de 15 a 59 anos,2005-01-01,290,465,290,465,755
ENTRE RIOS,consulta externa,nuevas en personas de 15 a 59 anos,2005-01-01,226,264,226,264,490
ESCARA,consulta externa,nuevas en personas de 15 a 59 anos,2005-01-01,3,1,3,1,4
EUCALIPTUS,consulta externa,nuevas en personas de 15 a 59 anos,2005-01-01,30,78,30,78,108
EUREKA (SANTOS MERCADO),consulta externa,nuevas en personas de 15 a 59 anos,2005-01-01,6,3,6,3,9
EXALTACION,consulta externa,nuevas en personas de 15 a 59 anos,2005-01-01,12,25,12,25,37
FERNANDEZ ALONSO,consulta externa,nuevas en personas de 15 a 59 anos,2005-01-01,154,233,154,233,387
FILADELFIA,consulta externa,nuevas en personas de 15 a 59 anos,2005-01-01,30,56,30,56,86
GENERAL SAAVEDRA,consulta externa,nuevas en personas de 15 a 59 anos,2005-01-01,131,303,131,303,434
GRAL. J.J. PEREZ (CHARAZANI),consulta externa,nuevas en personas de 15 a 59 anos,2005-01-01,80,100,80,100,180
GUANAY,consulta externa,nuevas en personas de 15 a 59 anos,2005-01-01,85,210,85,210,295
GUAQUI,consulta externa,nuevas en personas de 15 a 59 anos,2005-01-01,35,55,35,55,90
GUAYARAMERIN,consulta externa,nuevas en personas de 15 a 59 anos,2005-01-01,461,1622,461,1622,2083
GUTIERREZ,consulta externa,nuevas en personas de 15 a 59 anos,2005-01-01,328,436,328,436,764
HUACARETA,consulta externa,nuevas en personas de 15 a 59 anos,2005-01-01,173,257,173,257,430
HUACAYA (VILLA DE HUACAYA),consulta externa,nuevas en personas de 15 a 59 anos,2005-01-01,27,68,27,68,95
HUACHACALLA,consulta externa,nuevas en personas de 15 a 59 anos,2005-01-01,6,12,6,12,18
HUANUNI,consulta externa,nuevas en personas de 15 a 59 anos,2005-01-01,454,630,454,630,1084
HUARACAJE,consulta externa,nuevas en personas de 15 a 59 anos,2005-01-01,35,44,35,44,79
HUAYLLAMARCA,consulta externa,nuevas en personas de 15 a 59 anos,2005-01-01,115,121,115,121,236
ICHOCA,consulta externa,nuevas en personas de 15 a 59 anos,2005-01-01,44,53,44,53,97
ICLA,consulta externa,nuevas en personas de 15 a 59 anos,2005-01-01,53,123,53,123,176
INCAHUASI,consulta externa,nuevas en personas de 15 a 59 anos,2005-01-01,138,392,138,392,530
INGAVI (HUMAITA),consulta externa,nuevas en personas de 15 a 59 anos,2005-01-01,6,17,6,17,23
INQUISIVI,consulta externa,nuevas en personas de 15 a 59 anos,2005-01-01,62,177,62,177,239
IRUPANA (VILLA DE LANZA),consulta externa,nuevas en personas de 15 a 59 anos,2005-01-01,196,351,196,351,547
IXIAMAS,consulta externa,nuevas en personas de 15 a 59 anos,2005-01-01,100,160,100,160,260
JESUS DE MACHACA,consulta externa,nuevas en personas de 15 a 59 anos,2005-01-01,102,255,102,255,357
LA ASUNTA,consulta externa,nuevas en personas de 15 a 59 anos,2005-01-01,269,412,269,412,681
LA GUARDIA,consulta externa,nuevas en personas de 15 a 59 anos,2005-01-01,196,453,196,453,649
LA PAZ,consulta externa,nuevas en personas de 15 a 59 anos,2005-01-01,17717,35974,17717,35974,53691
LA RIVERA,consulta externa,nuevas en personas de 15 a 59 anos,2005-01-01,4,7,4,7,11
LAGUNILLAS,consulta externa,nuevas en personas de 15 a 59 anos,2005-01-01,125,167,125,167,292
LAJA,consulta externa,nuevas en personas de 15 a 59 anos,2005-01-01,65,113,65,113,178
LAS CARRERAS,consulta externa,nuevas en personas de 15 a 59 anos,2005-01-01,61,145,61,145,206
LICOMA PAMPA,consulta externa,nuevas en personas de 15 a 59 anos,2005-01-01,12,16,12,16,28
LLALLAGUA,consulta externa,nuevas en personas de 15 a 59 anos,2005-01-01,470,876,470,876,1346
LLICA,consulta externa,nuevas en personas de 15 a 59 anos,2005-01-01,99,141,99,141,240
LORETO,consulta externa,nuevas en personas de 15 a 59 anos,2005-01-01,23,51,23,51,74
LURIBAY,consulta externa,nuevas en personas de 15 a 59 anos,2005-01-01,109,136,109,136,245
MACHACAMARCA,consulta externa,nuevas en personas de 15 a 59 anos,2005-01-01,40,76,40,76,116
MACHARETI,consulta externa,nuevas en personas de 15 a 59 anos,2005-01-01,186,329,186,329,515
MAGDALENA,consulta externa,nuevas en personas de 15 a 59 anos,2005-01-01,137,268,137,268,405
MAIRANA,consulta externa,nuevas en personas de 15 a 59 anos,2005-01-01,72,210,72,210,282
MALLA,consulta externa,nuevas en personas de 15 a 59 anos,2005-01-01,29,46,29,46,75
MAPIRI,consulta externa,nuevas en personas de 15 a 59 anos,2005-01-01,120,187,120,187,307
MECAPACA,consulta externa,nuevas en personas de 15 a 59 anos,2005-01-01,152,157,152,157,309
MINEROS,consulta externa,nuevas en personas de 15 a 59 anos,2005-01-01,101,301,101,301,402
MIZQUE,consulta externa,nuevas en personas de 15 a 59 anos,2005-01-01,83,150,83,150,233
MOCOMOCO,consulta externa,nuevas en personas de 15 a 59 anos,2005-01-01,103,148,103,148,251
MOJINETE,consulta externa,nuevas en personas de 15 a 59 anos,2005-01-01,15,40,15,40,55
MOJOCOYA,consulta externa,nuevas en personas de 15 a 59 anos,2005-01-01,61,145,61,145,206
MONTEAGUDO,consulta externa,nuevas en personas de 15 a 59 anos,2005-01-01,676,1253,676,1253,1929
MONTERO,consulta externa,nuevas en personas de 15 a 59 anos,2005-01-01,1121,2398,1121,2398,3519
MORO MORO,consulta externa,nuevas en personas de 15 a 59 anos,2005-01-01,17,64,17,64,81
MOROCHATA,consulta externa,nuevas en personas de 15 a 59 anos,2005-01-01,74,282,74,282,356
NACEBE (SANTA ROSA DEL ABUNA),consulta externa,nuevas en personas de 15 a 59 anos,2005-01-01,27,44,27,44,71
NAZACARA DE PACAJES,consulta externa,nuevas en personas de 15 a 59 anos,2005-01-01,3,4,3,4,7
NUEVO MANOA (NUEVA ESPERANZA),consulta externa,nuevas en personas de 15 a 59 anos,2005-01-01,36,49,36,49,85
OCURI,consulta externa,nuevas en personas de 15 a 59 anos,2005-01-01,93,248,93,248,341
OKINAWA,consulta externa,nuevas en personas de 15 a 59 anos,2005-01-01,184,396,184,396,580
OMEREQUE,consulta externa,nuevas en personas de 15 a 59 anos,2005-01-01,29,82,29,82,111
ORURO,consulta externa,nuevas en personas de 15 a 59 anos,2005-01-01,5657,9846,5657,9846,15503
PADCAYA,consulta externa,nuevas en personas de 15 a 59 anos,2005-01-01,245,368,245,368,613
PADILLA,consulta externa,nuevas en personas de 15 a 59 anos,2005-01-01,270,599,270,599,869
PAILON,consulta externa,nuevas en personas de 15 a 59 anos,2005-01-01,100,170,100,170,270
PALCA,consulta externa,nuevas en personas de 15 a 59 anos,2005-01-01,92,149,92,149,241
PALOS BLANCOS,consulta externa,nuevas en personas de 15 a 59 anos,2005-01-01,308,454,308,454,762
PAMPA AULLAGAS,consulta externa,nuevas en personas de 15 a 59 anos,2005-01-01,23,22,23,22,45
PAMPA GRANDE,consulta externa,nuevas en personas de 15 a 59 anos,2005-01-01,108,237,108,237,345
PAPEL PAMPA,consulta externa,nuevas en personas de 15 a 59 anos,2005-01-01,44,73,44,73,117
PASORAPA,consulta externa,nuevas en personas de 15 a 59 anos,2005-01-01,7,24,7,24,31
PATACAMAYA,consulta externa,nuevas en personas de 15 a 59 anos,2005-01-01,92,128,92,128,220
PAZÑA,consulta externa,nuevas en personas de 15 a 59 anos,2005-01-01,60,98,60,98,158
PELECHUCO,consulta externa,nuevas en personas de 15 a 59 anos,2005-01-01,104,108,104,108,212
POCOATA,consulta externa,nuevas en personas de 15 a 59 anos,2005-01-01,198,382,198,382,580
POCONA,consulta externa,nuevas en personas de 15 a 59 anos,2005-01-01,74,156,74,156,230
POJO (CBBA),consulta externa,nuevas en personas de 15 a 59 anos,2005-01-01,56,98,56,98,154
POOPO,consulta externa,nuevas en personas de 15 a 59 anos,2005-01-01,68,83,68,83,151
PORCO,consulta externa,nuevas en personas de 15 a 59 anos,2005-01-01,80,144,80,144,224
POROMA,consulta externa,nuevas en personas de 15 a 59 anos,2005-01-01,140,402,140,402,542
PORONGO,consulta externa,nuevas en personas de 15 a 59 anos,2005-01-01,107,159,107,159,266
PORTACHUELO,consulta externa,nuevas en personas de 15 a 59 anos,2005-01-01,256,634,256,634,890
PORVENIR,consulta externa,nuevas en personas de 15 a 59 anos,2005-01-01,104,133,104,133,237
POSTRER VALLE,consulta externa,nuevas en personas de 15 a 59 anos,2005-01-01,41,35,41,35,76
POTOSI,consulta externa,nuevas en personas de 15 a 59 anos,2005-01-01,4775,7126,4775,7126,11901
PRESTO,consulta externa,nuevas en personas de 15 a 59 anos,2005-01-01,61,202,61,202,263
PUCARA,consulta externa,nuevas en personas de 15 a 59 anos,2005-01-01,30,62,30,62,92
PUCARANI,consulta externa,nuevas en personas de 15 a 59 anos,2005-01-01,108,174,108,174,282
PUERTO ACOSTA,consulta externa,nuevas en personas de 15 a 59 anos,2005-01-01,179,254,179,254,433
PUERTO CARABUCO,consulta externa,nuevas en personas de 15 a 59 anos,2005-01-01,128,179,128,179,307
PUERTO GONZALO MORENO,consulta externa,nuevas en personas de 15 a 59 anos,2005-01-01,48,85,48,85,133
PUERTO PEREZ,consulta externa,nuevas en personas de 15 a 59 anos,2005-01-01,32,62,32,62,94
PUERTO QUIJARRO,consulta externa,nuevas en personas de 15 a 59 anos,2005-01-01,433,528,433,528,961
PUERTO RICO,consulta externa,nuevas en personas de 15 a 59 anos,2005-01-01,40,155,40,155,195
PUERTO SILES,consulta externa,nuevas en personas de 15 a 59 anos,2005-01-01,18,15,18,15,33
PUERTO SUAREZ,consulta externa,nuevas en personas de 15 a 59 anos,2005-01-01,296,578,296,578,874
PUERTO VILLARROEL,consulta externa,nuevas en personas de 15 a 59 anos,2005-01-01,372,609,372,609,981
PUNA,consulta externa,nuevas en personas de 15 a 59 anos,2005-01-01,218,526,218,526,744
PUNATA,consulta externa,nuevas en personas de 15 a 59 anos,2005-01-01,275,744,275,744,1019
QUIABAYA,consulta externa,nuevas en personas de 15 a 59 anos,2005-01-01,25,49,25,49,74
QUILLACOLLO,consulta externa,nuevas en personas de 15 a 59 anos,2005-01-01,611,1695,611,1695,2306
QUIME,consulta externa,nuevas en personas de 15 a 59 anos,2005-01-01,129,145,129,145,274
QUIRUSILLAS,consulta externa,nuevas en personas de 15 a 59 anos,2005-01-01,23,41,23,41,64
RAVELO,consulta externa,nuevas en personas de 15 a 59 anos,2005-01-01,91,219,91,219,310
REYES,consulta externa,nuevas en personas de 15 a 59 anos,2005-01-01,104,259,104,259,363
RIBERALTA,consulta externa,nuevas en personas de 15 a 59 anos,2005-01-01,1665,2372,1665,2372,4037
ROBORE,consulta externa,nuevas en personas de 15 a 59 anos,2005-01-01,181,267,181,267,448
RURRENABAQUE,consulta externa,nuevas en personas de 15 a 59 anos,2005-01-01,293,491,293,491,784
SABAYA,consulta externa,nuevas en personas de 15 a 59 anos,2005-01-01,49,75,49,75,124
SACABA,consulta externa,nuevas en personas de 15 a 59 anos,2005-01-01,518,1276,518,1276,1794
SACABAMBA,consulta externa,nuevas en personas de 15 a 59 anos,2005-01-01,18,44,18,44,62
SACACA,consulta externa,nuevas en personas de 15 a 59 anos,2005-01-01,106,263,106,263,369
SAIPINA,consulta externa,nuevas en personas de 15 a 59 anos,2005-01-01,67,171,67,171,238
SALINAS DE GARCI MENDOZA,consulta externa,nuevas en personas de 15 a 59 anos,2005-01-01,53,85,53,85,138
SAMAIPATA,consulta externa,nuevas en personas de 15 a 59 anos,2005-01-01,97,176,97,176,273
SAN AGUSTIN,consulta externa,nuevas en personas de 15 a 59 anos,2005-01-01,40,55,40,55,95
SAN ANDRES,consulta externa,nuevas en personas de 15 a 59 anos,2005-01-01,55,125,55,125,180
SAN ANDRES DE MACHACA,consulta externa,nuevas en personas de 15 a 59 anos,2005-01-01,53,68,53,68,121
SAN ANTONIO DE ESMORUCO,consulta externa,nuevas en personas de 15 a 59 anos,2005-01-01,23,61,23,61,84
SAN ANTONIO DE LOMERIO,consulta externa,nuevas en personas de 15 a 59 anos,2005-01-01,58,73,58,73,131
SAN BENITO,consulta externa,nuevas en personas de 15 a 59 anos,2005-01-01,72,158,72,158,230
SAN BORJA,consulta externa,nuevas en personas de 15 a 59 anos,2005-01-01,278,553,278,553,831
SAN BUENA VENTURA,consulta externa,nuevas en personas de 15 a 59 anos,2005-01-01,82,126,82,126,208
SAN CARLOS,consulta externa,nuevas en personas de 15 a 59 anos,2005-01-01,137,452,137,452,589
SAN IGNACIO,consulta externa,nuevas en personas de 15 a 59 anos,2005-01-01,189,378,189,378,567
SAN IGNACIO DE VELASCO,consulta externa,nuevas en personas de 15 a 59 anos,2005-01-01,536,1161,536,1161,1697
SAN JAVIER(BNI),consulta externa,nuevas en personas de 15 a 59 anos,2005-01-01,18,25,18,25,43
SAN JAVIER(STC),consulta externa,nuevas en personas de 15 a 59 anos,2005-01-01,68,93,68,93,161
SAN JOAQUIN,consulta externa,nuevas en personas de 15 a 59 anos,2005-01-01,35,103,35,103,138
SAN JOSE DE CHIQUITOS,consulta externa,nuevas en personas de 15 a 59 anos,2005-01-01,252,525,252,525,777
SAN JUAN DE YAPACANI,consulta externa,nuevas en personas de 15 a 59 anos,2005-01-01,247,407,247,407,654
SAN JULIAN,consulta externa,nuevas en personas de 15 a 59 anos,2005-01-01,686,1004,686,1004,1690
SAN LORENZO(PND),consulta externa,nuevas en personas de 15 a 59 anos,2005-01-01,117,152,117,152,269
SAN LORENZO(TJA),consulta externa,nuevas en personas de 15 a 59 anos,2005-01-01,109,446,109,446,555
SAN LUCAS,consulta externa,nuevas en personas de 15 a 59 anos,2005-01-01,320,961,320,961,1281
SAN MATIAS,consulta externa,nuevas en personas de 15 a 59 anos,2005-01-01,66,100,66,100,166
SAN MIGUEL DE VELASCO,consulta externa,nuevas en personas de 15 a 59 anos,2005-01-01,117,270,117,270,387
SAN PABLO DE LIPEZ,consulta externa,nuevas en personas de 15 a 59 anos,2005-01-01,95,149,95,149,244
SAN PEDRO,consulta externa,nuevas en personas de 15 a 59 anos,2005-01-01,566,657,566,657,1223
SAN PEDRO DE BUENA VISTA,consulta externa,nuevas en personas de 15 a 59 anos,2005-01-01,109,201,109,201,310
SAN PEDRO DE CURAHUARA,consulta externa,nuevas en personas de 15 a 59 anos,2005-01-01,31,58,31,58,89
SAN PEDRO DE QUEMES,consulta externa,nuevas en personas de 15 a 59 anos,2005-01-01,5,4,5,4,9
SAN PEDRO DE TIQUINA,consulta externa,nuevas en personas de 15 a 59 anos,2005-01-01,33,42,33,42,75
SAN PEDRO(PND),consulta externa,nuevas en personas de 15 a 59 anos,2005-01-01,15,7,15,7,22
SAN RAFAEL,consulta externa,nuevas en personas de 15 a 59 anos,2005-01-01,47,70,47,70,117
SAN RAMON,consulta externa,nuevas en personas de 15 a 59 anos,2005-01-01,52,178,52,178,230
SAN RAMON,consulta externa,nuevas en personas de 15 a 59 anos,2005-01-01,122,273,122,273,395
SANTA ANA,consulta externa,nuevas en personas de 15 a 59 anos,2005-01-01,112,221,112,221,333
SANTA CRUZ DE LA SIERRA,consulta externa,nuevas en personas de 15 a 59 anos,2005-01-01,19074,34033,19074,34033,53107
SANTA ROSA,consulta externa,nuevas en personas de 15 a 59 anos,2005-01-01,50,81,50,81,131
SANTA ROSA DEL SARA,consulta externa,nuevas en personas de 15 a 59 anos,2005-01-01,168,354,168,354,522
SANTIAGO DE CALLAPA,consulta externa,nuevas en personas de 15 a 59 anos,2005-01-01,36,47,36,47,83
SANTIAGO DE HUARI,consulta externa,nuevas en personas de 15 a 59 anos,2005-01-01,85,136,85,136,221
SANTIAGO DE MACHACA,consulta externa,nuevas en personas de 15 a 59 anos,2005-01-01,16,31,16,31,47
SANTIVAÑES,consulta externa,nuevas en personas de 15 a 59 anos,2005-01-01,43,115,43,115,158
SANTUARIO DE QUILLACAS,consulta externa,nuevas en personas de 15 a 59 anos,2005-01-01,25,46,25,46,71
SAPAHAQUI,consulta externa,nuevas en personas de 15 a 59 anos,2005-01-01,83,89,83,89,172
SENA,consulta externa,nuevas en personas de 15 a 59 anos,2005-01-01,76,59,76,59,135
SICA SICA (VILLA AROMA),consulta externa,nuevas en personas de 15 a 59 anos,2005-01-01,107,151,107,151,258
SICAYA,consulta externa,nuevas en personas de 15 a 59 anos,2005-01-01,10,17,10,17,27
SIPE SIPE,consulta externa,nuevas en personas de 15 a 59 anos,2005-01-01,77,348,77,348,425
SOPACHUY,consulta externa,nuevas en personas de 15 a 59 anos,2005-01-01,65,121,65,121,186
SORACACHI,consulta externa,nuevas en personas de 15 a 59 anos,2005-01-01,40,76,40,76,116
SORATA,consulta externa,nuevas en personas de 15 a 59 anos,2005-01-01,148,193,148,193,341
SUCRE,consulta externa,nuevas en personas de 15 a 59 anos,2005-01-01,6607,13800,6607,13800,20407
TACACHI,consulta externa,nuevas en personas de 15 a 59 anos,2005-01-01,14,51,14,51,65
TACACOMA,consulta externa,nuevas en personas de 15 a 59 anos,2005-01-01,29,69,29,69,98
TACOBAMBA,consulta externa,nuevas en personas de 15 a 59 anos,2005-01-01,30,86,30,86,116
TACOPAYA,consulta externa,nuevas en personas de 15 a 59 anos,2005-01-01,42,102,42,102,144
TAHUA,consulta externa,nuevas en personas de 15 a 59 anos,2005-01-01,7,33,7,33,40
TAPACARI,consulta externa,nuevas en personas de 15 a 59 anos,2005-01-01,178,355,178,355,533
TARABUCO,consulta externa,nuevas en personas de 15 a 59 anos,2005-01-01,99,215,99,215,314
TARACO,consulta externa,nuevas en personas de 15 a 59 anos,2005-01-01,24,55,24,55,79
TARATA,consulta externa,nuevas en personas de 15 a 59 anos,2005-01-01,48,52,48,52,100
TARIJA,consulta externa,nuevas en personas de 15 a 59 anos,2005-01-01,4267,8479,4267,8479,12746
TARVITA,consulta externa,nuevas en personas de 15 a 59 anos,2005-01-01,175,595,175,595,770
TEOPONTE,consulta externa,nuevas en personas de 15 a 59 anos,2005-01-01,49,46,49,46,95
TIAWANACU,consulta externa,nuevas en personas de 15 a 59 anos,2005-01-01,61,134,61,134,195
TINGUIPAYA,consulta externa,nuevas en personas de 15 a 59 anos,2005-01-01,111,221,111,221,332
TIPUANI,consulta externa,nuevas en personas de 15 a 59 anos,2005-01-01,32,54,32,54,86
TIQUIPAYA,consulta externa,nuevas en personas de 15 a 59 anos,2005-01-01,63,346,63,346,409
TIRAQUE (CBBA),consulta externa,nuevas en personas de 15 a 59 anos,2005-01-01,378,766,378,766,1144
TITO YUPANQUI (PARQUIPUJIO),consulta externa,nuevas en personas de 15 a 59 anos,2005-01-01,21,38,21,38,59
TOCO,consulta externa,nuevas en personas de 15 a 59 anos,2005-01-01,12,20,12,20,32
TODOS SANTOS,consulta externa,nuevas en personas de 15 a 59 anos,2005-01-01,11,3,11,3,14
TOLATA,consulta externa,nuevas en personas de 15 a 59 anos,2005-01-01,9,7,9,7,16
TOLEDO,consulta externa,nuevas en personas de 15 a 59 anos,2005-01-01,105,107,105,107,212
TOMAVE,consulta externa,nuevas en personas de 15 a 59 anos,2005-01-01,123,190,123,190,313
TOMINA,consulta externa,nuevas en personas de 15 a 59 anos,2005-01-01,159,268,159,268,427
TORO TORO,consulta externa,nuevas en personas de 15 a 59 anos,2005-01-01,75,220,75,220,295
TOTORA(CBBA),consulta externa,nuevas en personas de 15 a 59 anos,2005-01-01,77,126,77,126,203
TOTORA(ORR),consulta externa,nuevas en personas de 15 a 59 anos,2005-01-01,26,40,26,40,66
TRIGAL,consulta externa,nuevas en personas de 15 a 59 anos,2005-01-01,25,47,25,47,72
TRINIDAD,consulta externa,nuevas en personas de 15 a 59 anos,2005-01-01,1265,2505,1265,2505,3770
TUPIZA,consulta externa,nuevas en personas de 15 a 59 anos,2005-01-01,1367,2562,1367,2562,3929
TURCO,consulta externa,nuevas en personas de 15 a 59 anos,2005-01-01,80,115,80,115,195
UMALA,consulta externa,nuevas en personas de 15 a 59 anos,2005-01-01,10,6,10,6,16
UNCIA,consulta externa,nuevas en personas de 15 a 59 anos,2005-01-01,336,640,336,640,976
URIONDO (A. CONCEPCION),consulta externa,nuevas en personas de 15 a 59 anos,2005-01-01,140,286,140,286,426
URUBICHA,consulta externa,nuevas en personas de 15 a 59 anos,2005-01-01,48,95,48,95,143
UYUNI,consulta externa,nuevas en personas de 15 a 59 anos,2005-01-01,508,863,508,863,1371
VACAS,consulta externa,nuevas en personas de 15 a 59 anos,2005-01-01,109,211,109,211,320
VALLEGRANDE,consulta externa,nuevas en personas de 15 a 59 anos,2005-01-01,238,321,238,321,559
VIACHA,consulta externa,nuevas en personas de 15 a 59 anos,2005-01-01,553,754,553,754,1307
VILA VILA,consulta externa,nuevas en personas de 15 a 59 anos,2005-01-01,7,25,7,25,32
VILLA MONTES,consulta externa,nuevas en personas de 15 a 59 anos,2005-01-01,435,612,435,612,1047
VILLA NUEVA (LOMA ALTA),consulta externa,nuevas en personas de 15 a 59 anos,2005-01-01,13,13,13,13,26
VILLA RIVERO,consulta externa,nuevas en personas de 15 a 59 anos,2005-01-01,17,67,17,67,84
VILLA SERRANO,consulta externa,nuevas en personas de 15 a 59 anos,2005-01-01,177,286,177,286,463
VILLA TUNARI,consulta externa,nuevas en personas de 15 a 59 anos,2005-01-01,691,946,691,946,1637
VILLA VACA GUZMAN (MUYUPAMPA),consulta externa,nuevas en personas de 15 a 59 anos,2005-01-01,233,434,233,434,667
VILLAZON,consulta externa,nuevas en personas de 15 a 59 anos,2005-01-01,654,1591,654,1591,2245
VINTO,consulta externa,nuevas en personas de 15 a 59 anos,2005-01-01,20,54,20,54,74
VITICHI,consulta externa,nuevas en personas de 15 a 59 anos,2005-01-01,164,286,164,286,450
WALDO BALLIVIAN,consulta externa,nuevas en personas de 15 a 59 anos,2005-01-01,8,24,8,24,32
WARNES,consulta externa,nuevas en personas de 15 a 59 anos,2005-01-01,381,520,381,520,901
YACO,consulta externa,nuevas en personas de 15 a 59 anos,2005-01-01,40,56,40,56,96
YACUIBA,consulta externa,nuevas en personas de 15 a 59 anos,2005-01-01,1596,2523,1596,2523,4119
YAMPARAEZ,consulta externa,nuevas en personas de 15 a 59 anos,2005-01-01,65,122,65,122,187
YANACACHI,consulta externa,nuevas en personas de 15 a 59 anos,2005-01-01,51,58,51,58,109
YAPACANI,consulta externa,nuevas en personas de 15 a 59 anos,2005-01-01,406,1095,406,1095,1501
YOCALLA,consulta externa,nuevas en personas de 15 a 59 anos,2005-01-01,50,102,50,102,152
YOTALA,consulta externa,nuevas en personas de 15 a 59 anos,2005-01-01,100,165,100,165,265
YUNCHARA,consulta externa,nuevas en personas de 15 a 59 anos,2005-01-01,15,53,15,53,68
ZUDAÑEZ,consulta externa,nuevas en personas de 15 a 59 anos,2005-01-01,104,198,104,198,302
ACACIO,consulta externa,nuevas en personas de 15 a 59 anos,2005-02-01,75,110,75,110,185
ACHACACHI,consulta externa,nuevas en personas de 15 a 59 anos,2005-02-01,413,626,413,626,1039
ACHOCALLA,consulta externa,nuevas en personas de 15 a 59 anos,2005-02-01,66,124,66,124,190
AIQUILE,consulta externa,nuevas en personas de 15 a 59 anos,2005-02-01,161,402,161,402,563
ALALAY,consulta externa,nuevas en personas de 15 a 59 anos,2005-02-01,7,23,7,23,30
ALCALA,consulta externa,nuevas en personas de 15 a 59 anos,2005-02-01,36,95,36,95,131
ANCORAIMES,consulta externa,nuevas en personas de 15 a 59 anos,2005-02-01,122,209,122,209,331
ANDAMARCA,consulta externa,nuevas en personas de 15 a 59 anos,2005-02-01,39,69,39,69,108
ANTEQUERA,consulta externa,nuevas en personas de 15 a 59 anos,2005-02-01,11,10,11,10,21
ANZALDO,consulta externa,nuevas en personas de 15 a 59 anos,2005-02-01,49,64,49,64,113
APOLO,consulta externa,nuevas en personas de 15 a 59 anos,2005-02-01,102,204,102,204,306
ARAMPAMPA,consulta externa,nuevas en personas de 15 a 59 anos,2005-02-01,48,72,48,72,120
ARANI,consulta externa,nuevas en personas de 15 a 59 anos,2005-02-01,36,92,36,92,128
ARBIETO,consulta externa,nuevas en personas de 15 a 59 anos,2005-02-01,55,83,55,83,138
ARQUE,consulta externa,nuevas en personas de 15 a 59 anos,2005-02-01,80,167,80,167,247
ASCENCION DE GUARAYOS,consulta externa,nuevas en personas de 15 a 59 anos,2005-02-01,107,195,107,195,302
ATOCHA,consulta externa,nuevas en personas de 15 a 59 anos,2005-02-01,626,767,626,767,1393
AUCAPATA,consulta externa,nuevas en personas de 15 a 59 anos,2005-02-01,79,101,79,101,180
AYATA,consulta externa,nuevas en personas de 15 a 59 anos,2005-02-01,33,66,33,66,99
AYO AYO,consulta externa,nuevas en personas de 15 a 59 anos,2005-02-01,23,42,23,42,65
AYOPAYA (V. DE INDEPENDENCIA),consulta externa,nuevas en personas de 15 a 59 anos,2005-02-01,189,434,189,434,623
AZURDUY,consulta externa,nuevas en personas de 15 a 59 anos,2005-02-01,171,540,171,540,711
BATALLAS,consulta externa,nuevas en personas de 15 a 59 anos,2005-02-01,108,118,108,118,226
BAURES,consulta externa,nuevas en personas de 15 a 59 anos,2005-02-01,21,61,21,61,82
BELEN DE ANDAMARCA,consulta externa,nuevas en personas de 15 a 59 anos,2005-02-01,2,17,2,17,19
BELEN DE URMIRI,consulta externa,nuevas en personas de 15 a 59 anos,2005-02-01,16,44,16,44,60
BELLA FLOR,consulta externa,nuevas en personas de 15 a 59 anos,2005-02-01,67,60,67,60,127
BERMEJO,consulta externa,nuevas en personas de 15 a 59 anos,2005-02-01,718,907,718,907,1625
BETANZOS,consulta externa,nuevas en personas de 15 a 59 anos,2005-02-01,333,691,333,691,1024
BOLIVAR,consulta externa,nuevas en personas de 15 a 59 anos,2005-02-01,26,44,26,44,70
BOLPEBRA,consulta externa,nuevas en personas de 15 a 59 anos,2005-02-01,50,31,50,31,81
BOYUIBE,consulta externa,nuevas en personas de 15 a 59 anos,2005-02-01,36,62,36,62,98
BUENA VISTA,consulta externa,nuevas en personas de 15 a 59 anos,2005-02-01,190,254,190,254,444
CABEZAS,consulta externa,nuevas en personas de 15 a 59 anos,2005-02-01,200,340,200,340,540
CAIROMA,consulta externa,nuevas en personas de 15 a 59 anos,2005-02-01,78,92,78,92,170
"CAIZA ""D""",consulta externa,nuevas en personas de 15 a 59 anos,2005-02-01,133,214,133,214,347
CAJUATA,consulta externa,nuevas en personas de 15 a 59 anos,2005-02-01,96,151,96,151,247
CALACOTO,consulta externa,nuevas en personas de 15 a 59 anos,2005-02-01,34,60,34,60,94
CALAMARCA,consulta externa,nuevas en personas de 15 a 59 anos,2005-02-01,43,80,43,80,123
CAMARGO,consulta externa,nuevas en personas de 15 a 59 anos,2005-02-01,299,686,299,686,985
CAMATAQUI (C. VILLA ABECIA),consulta externa,nuevas en personas de 15 a 59 anos,2005-02-01,45,89,45,89,134
CAMIRI,consulta externa,nuevas en personas de 15 a 59 anos,2005-02-01,829,1732,829,1732,2561
CAPINOTA,consulta externa,nuevas en personas de 15 a 59 anos,2005-02-01,127,126,127,126,253
CAQUIAVIRI,consulta externa,nuevas en personas de 15 a 59 anos,2005-02-01,54,145,54,145,199
CARACOLLO,consulta externa,nuevas en personas de 15 a 59 anos,2005-02-01,102,126,102,126,228
CARANAVI,consulta externa,nuevas en personas de 15 a 59 anos,2005-02-01,684,968,684,968,1652
CARANGAS,consulta externa,nuevas en personas de 15 a 59 anos,2005-02-01,1,4,1,4,5
CARAPARI,consulta externa,nuevas en personas de 15 a 59 anos,2005-02-01,140,207,140,207,347
CARIPUYO,consulta externa,nuevas en personas de 15 a 59 anos,2005-02-01,46,122,46,122,168
CARMEN RIVERO TORREZ,consulta externa,nuevas en personas de 15 a 59 anos,2005-02-01,39,70,39,70,109
CATACORA,consulta externa,nuevas en personas de 15 a 59 anos,2005-02-01,4,12,4,12,16
CHACARILLA,consulta externa,nuevas en personas de 15 a 59 anos,2005-02-01,0,1,0,1,1
CHALLAPATA,consulta externa,nuevas en personas de 15 a 59 anos,2005-02-01,287,373,287,373,660
CHAQUI,consulta externa,nuevas en personas de 15 a 59 anos,2005-02-01,85,153,85,153,238
CHARAGUA,consulta externa,nuevas en personas de 15 a 59 anos,2005-02-01,134,366,134,366,500
CHARAÑA,consulta externa,nuevas en personas de 15 a 59 anos,2005-02-01,31,43,31,43,74
CHAYANTA,consulta externa,nuevas en personas de 15 a 59 anos,2005-02-01,118,259,118,259,377
CHIMORE,consulta externa,nuevas en personas de 15 a 59 anos,2005-02-01,108,176,108,176,284
CHIPAYA,consulta externa,nuevas en personas de 15 a 59 anos,2005-02-01,2,12,2,12,14
CHOQUE COTA,consulta externa,nuevas en personas de 15 a 59 anos,2005-02-01,4,21,4,21,25
CHULUMANI (V. DE LA LIBERTAD),consulta externa,nuevas en personas de 15 a 59 anos,2005-02-01,147,186,147,186,333
CHUMA,consulta externa,nuevas en personas de 15 a 59 anos,2005-02-01,87,167,87,167,254
CLIZA,consulta externa,nuevas en personas de 15 a 59 anos,2005-02-01,40,125,40,125,165
COBIJA,consulta externa,nuevas en personas de 15 a 59 anos,2005-02-01,618,968,618,968,1586
COCHABAMBA,consulta externa,nuevas en personas de 15 a 59 anos,2005-02-01,8780,17202,8780,17202,25982
COIPASA,consulta externa,nuevas en personas de 15 a 59 anos,2005-02-01,3,3,3,3,6
COLCAPIRHUA,consulta externa,nuevas en personas de 15 a 59 anos,2005-02-01,375,690,375,690,1065
"COLCHA ""K""",consulta externa,nuevas en personas de 15 a 59 anos,2005-02-01,99,234,99,234,333
COLLANA,consulta externa,nuevas en personas de 15 a 59 anos,2005-02-01,28,33,28,33,61
COLOMI,consulta externa,nuevas en personas de 15 a 59 anos,2005-02-01,95,215,95,215,310
COLPA BELGICA,consulta externa,nuevas en personas de 15 a 59 anos,2005-02-01,59,139,59,139,198
COLQUECHACA,consulta externa,nuevas en personas de 15 a 59 anos,2005-02-01,331,526,331,526,857
COLQUENCHA,consulta externa,nuevas en personas de 15 a 59 anos,2005-02-01,61,111,61,111,172
COLQUIRI,consulta externa,nuevas en personas de 15 a 59 anos,2005-02-01,153,302,153,302,455
COMANCHE,consulta externa,nuevas en personas de 15 a 59 anos,2005-02-01,22,34,22,34,56
COMARAPA,consulta externa,nuevas en personas de 15 a 59 anos,2005-02-01,202,323,202,323,525
COMBAYA,consulta externa,nuevas en personas de 15 a 59 anos,2005-02-01,30,30,30,30,60
CONCEPCION,consulta externa,nuevas en personas de 15 a 59 anos,2005-02-01,49,83,49,83,132
COPACABANA,consulta externa,nuevas en personas de 15 a 59 anos,2005-02-01,48,103,48,103,151
CORIPATA,consulta externa,nuevas en personas de 15 a 59 anos,2005-02-01,85,110,85,110,195
CORO CORO,consulta externa,nuevas en personas de 15 a 59 anos,2005-02-01,54,95,54,95,149
COROICO,consulta externa,nuevas en personas de 15 a 59 anos,2005-02-01,131,160,131,160,291
CORQUE,consulta externa,nuevas en personas de 15 a 59 anos,2005-02-01,97,81,97,81,178
COTAGAITA,consulta externa,nuevas en personas de 15 a 59 anos,2005-02-01,737,946,737,946,1683
COTOCA,consulta externa,nuevas en personas de 15 a 59 anos,2005-02-01,99,405,99,405,504
CUATRO CAÑADAS,consulta externa,nuevas en personas de 15 a 59 anos,2005-02-01,135,435,135,435,570
CUCHUMUELA (V. G. VILLARROEL),consulta externa,nuevas en personas de 15 a 59 anos,2005-02-01,15,21,15,21,36
CUEVO,consulta externa,nuevas en personas de 15 a 59 anos,2005-02-01,46,88,46,88,134
CULPINA,consulta externa,nuevas en personas de 15 a 59 anos,2005-02-01,147,347,147,347,494
CURAHUARA DE CARANGAS,consulta externa,nuevas en personas de 15 a 59 anos,2005-02-01,85,155,85,155,240
CURVA,consulta externa,nuevas en personas de 15 a 59 anos,2005-02-01,31,27,31,27,58
DESAGUADERO,consulta externa,nuevas en personas de 15 a 59 anos,2005-02-01,13,48,13,48,61
EL ALTO,consulta externa,nuevas en personas de 15 a 59 anos,2005-02-01,6074,9517,6074,9517,15591
EL CHORO,consulta externa,nuevas en personas de 15 a 59 anos,2005-02-01,30,33,30,33,63
EL PUENTE(STC),consulta externa,nuevas en personas de 15 a 59 anos,2005-02-01,76,181,76,181,257
EL PUENTE(TJA),consulta externa,nuevas en personas de 15 a 59 anos,2005-02-01,90,188,90,188,278
EL TORNO,consulta externa,nuevas en personas de 15 a 59 anos,2005-02-01,531,869,531,869,1400
EL VILLAR,consulta externa,nuevas en personas de 15 a 59 anos,2005-02-01,82,163,82,163,245
ENTRE RIOS,consulta externa,nuevas en personas de 15 a 59 anos,2005-02-01,218,362,218,362,580
ENTRE RIOS,consulta externa,nuevas en personas de 15 a 59 anos,2005-02-01,168,187,168,187,355
ESCARA,consulta externa,nuevas en personas de 15 a 59 anos,2005-02-01,4,2,4,2,6
EUCALIPTUS,consulta externa,nuevas en personas de 15 a 59 anos,2005-02-01,28,56,28,56,84
EUREKA (SANTOS MERCADO),consulta externa,nuevas en personas de 15 a 59 anos,2005-02-01,2,2,2,2,4
EXALTACION,consulta externa,nuevas en personas de 15 a 59 anos,2005-02-01,51,141,51,141,192
FERNANDEZ ALONSO,consulta externa,nuevas en personas de 15 a 59 anos,2005-02-01,109,278,109,278,387
FILADELFIA,consulta externa,nuevas en personas de 15 a 59 anos,2005-02-01,49,65,49,65,114
GENERAL SAAVEDRA,consulta externa,nuevas en personas de 15 a 59 anos,2005-02-01,83,233,83,233,316
GRAL. J.J. PEREZ (CHARAZANI),consulta externa,nuevas en personas de 15 a 59 anos,2005-02-01,42,93,42,93,135
GUANAY,consulta externa,nuevas en personas de 15 a 59 anos,2005-02-01,144,209,144,209,353
GUAQUI,consulta externa,nuevas en personas de 15 a 59 anos,2005-02-01,15,39,15,39,54
GUAYARAMERIN,consulta externa,nuevas en personas de 15 a 59 anos,2005-02-01,440,1414,440,1414,1854
GUTIERREZ,consulta externa,nuevas en personas de 15 a 59 anos,2005-02-01,211,288,211,288,499
HUACARETA,consulta externa,nuevas en personas de 15 a 59 anos,2005-02-01,159,244,159,244,403
HUACAYA (VILLA DE HUACAYA),consulta externa,nuevas en personas de 15 a 59 anos,2005-02-01,34,50,34,50,84
HUACHACALLA,consulta externa,nuevas en personas de 15 a 59 anos,2005-02-01,10,17,10,17,27
HUANUNI,consulta externa,nuevas en personas de 15 a 59 anos,2005-02-01,270,290,270,290,560
HUARACAJE,consulta externa,nuevas en personas de 15 a 59 anos,2005-02-01,23,38,23,38,61
HUAYLLAMARCA,consulta externa,nuevas en personas de 15 a 59 anos,2005-02-01,29,28,29,28,57
ICHOCA,consulta externa,nuevas en personas de 15 a 59 anos,2005-02-01,25,34,25,34,59
ICLA,consulta externa,nuevas en personas de 15 a 59 anos,2005-02-01,93,244,93,244,337
INCAHUASI,consulta externa,nuevas en personas de 15 a 59 anos,2005-02-01,175,433,175,433,608
INGAVI (HUMAITA),consulta externa,nuevas en personas de 15 a 59 anos,2005-02-01,14,24,14,24,38
INQUISIVI,consulta externa,nuevas en personas de 15 a 59 anos,2005-02-01,71,130,71,130,201
IRUPANA (VILLA DE LANZA),consulta externa,nuevas en personas de 15 a 59 anos,2005-02-01,197,294,197,294,491
IXIAMAS,consulta externa,nuevas en personas de 15 a 59 anos,2005-02-01,119,165,119,165,284
JESUS DE MACHACA,consulta externa,nuevas en personas de 15 a 59 anos,2005-02-01,84,226,84,226,310
LA ASUNTA,consulta externa,nuevas en personas de 15 a 59 anos,2005-02-01,269,454,269,454,723
LA GUARDIA,consulta externa,nuevas en personas de 15 a 59 anos,2005-02-01,153,351,153,351,504
LA PAZ,consulta externa,nuevas en personas de 15 a 59 anos,2005-02-01,15625,30553,15625,30553,46178
LA RIVERA,consulta externa,nuevas en personas de 15 a 59 anos,2005-02-01,0,6,0,6,6
LAGUNILLAS,consulta externa,nuevas en personas de 15 a 59 anos,2005-02-01,83,122,83,122,205
LAJA,consulta externa,nuevas en personas de 15 a 59 anos,2005-02-01,59,105,59,105,164
LAS CARRERAS,consulta externa,nuevas en personas de 15 a 59 anos,2005-02-01,56,117,56,117,173
LICOMA PAMPA,consulta externa,nuevas en personas de 15 a 59 anos,2005-02-01,12,15,12,15,27
LLALLAGUA,consulta externa,nuevas en personas de 15 a 59 anos,2005-02-01,388,678,388,678,1066
LLICA,consulta externa,nuevas en personas de 15 a 59 anos,2005-02-01,69,110,69,110,179
LORETO,consulta externa,nuevas en personas de 15 a 59 anos,2005-02-01,8,13,8,13,21
LURIBAY,consulta externa,nuevas en personas de 15 a 59 anos,2005-02-01,76,118,76,118,194
MACHACAMARCA,consulta externa,nuevas en personas de 15 a 59 anos,2005-02-01,34,79,34,79,113
MACHARETI,consulta externa,nuevas en personas de 15 a 59 anos,2005-02-01,118,307,118,307,425
MAGDALENA,consulta externa,nuevas en personas de 15 a 59 anos,2005-02-01,127,233,127,233,360
MAIRANA,consulta externa,nuevas en personas de 15 a 59 anos,2005-02-01,93,255,93,255,348
MALLA,consulta externa,nuevas en personas de 15 a 59 anos,2005-02-01,22,50,22,50,72
MAPIRI,consulta externa,nuevas en personas de 15 a 59 anos,2005-02-01,73,147,73,147,220
MECAPACA,consulta externa,nuevas en personas de 15 a 59 anos,2005-02-01,146,167,146,167,313
MINEROS,consulta externa,nuevas en personas de 15 a 59 anos,2005-02-01,93,289,93,289,382
MIZQUE,consulta externa,nuevas en personas de 15 a 59 anos,2005-02-01,89,130,89,130,219
MOCOMOCO,consulta externa,nuevas en personas de 15 a 59 anos,2005-02-01,83,172,83,172,255
MOJINETE,consulta externa,nuevas en personas de 15 a 59 anos,2005-02-01,13,32,13,32,45
MOJOCOYA,consulta externa,nuevas en personas de 15 a 59 anos,2005-02-01,73,140,73,140,213
MONTEAGUDO,consulta externa,nuevas en personas de 15 a 59 anos,2005-02-01,598,1067,598,1067,1665
MONTERO,consulta externa,nuevas en personas de 15 a 59 anos,2005-02-01,1092,2179,1092,2179,3271
MORO MORO,consulta externa,nuevas en personas de 15 a 59 anos,2005-02-01,18,33,18,33,51
MOROCHATA,consulta externa,nuevas en personas de 15 a 59 anos,2005-02-01,45,181,45,181,226
NACEBE (SANTA ROSA DEL ABUNA),consulta externa,nuevas en personas de 15 a 59 anos,2005-02-01,23,30,23,30,53
NAZACARA DE PACAJES,consulta externa,nuevas en personas de 15 a 59 anos,2005-02-01,2,7,2,7,9
NUEVO MANOA (NUEVA ESPERANZA),consulta externa,nuevas en personas de 15 a 59 anos,2005-02-01,21,30,21,30,51
OCURI,consulta externa,nuevas en personas de 15 a 59 anos,2005-02-01,129,307,129,307,436
OKINAWA,consulta externa,nuevas en personas de 15 a 59 anos,2005-02-01,126,326,126,326,452
OMEREQUE,consulta externa,nuevas en personas de 15 a 59 anos,2005-02-01,36,114,36,114,150
ORURO,consulta externa,nuevas en personas de 15 a 59 anos,2005-02-01,4928,7812,4928,7812,12740
PADCAYA,consulta externa,nuevas en personas de 15 a 59 anos,2005-02-01,192,326,192,326,518
PADILLA,consulta externa,nuevas en personas de 15 a 59 anos,2005-02-01,225,538,225,538,763
PAILON,consulta externa,nuevas en personas de 15 a 59 anos,2005-02-01,74,207,74,207,281
PALCA,consulta externa,nuevas en personas de 15 a 59 anos,2005-02-01,87,96,87,96,183
PALOS BLANCOS,consulta externa,nuevas en personas de 15 a 59 anos,2005-02-01,333,400,333,400,733
PAMPA AULLAGAS,consulta externa,nuevas en personas de 15 a 59 anos,2005-02-01,3,9,3,9,12
PAMPA GRANDE,consulta externa,nuevas en personas de 15 a 59 anos,2005-02-01,85,172,85,172,257
PAPEL PAMPA,consulta externa,nuevas en personas de 15 a 59 anos,2005-02-01,24,80,24,80,104
PASORAPA,consulta externa,nuevas en personas de 15 a 59 anos,2005-02-01,24,84,24,84,108
PATACAMAYA,consulta externa,nuevas en personas de 15 a 59 anos,2005-02-01,96,103,96,103,199
PAZÑA,consulta externa,nuevas en personas de 15 a 59 anos,2005-02-01,61,116,61,116,177
PELECHUCO,consulta externa,nuevas en personas de 15 a 59 anos,2005-02-01,41,45,41,45,86
POCOATA,consulta externa,nuevas en personas de 15 a 59 anos,2005-02-01,261,399,261,399,660
POCONA,consulta externa,nuevas en personas de 15 a 59 anos,2005-02-01,103,168,103,168,271
POJO (CBBA),consulta externa,nuevas en personas de 15 a 59 anos,2005-02-01,36,76,36,76,112
POOPO,consulta externa,nuevas en personas de 15 a 59 anos,2005-02-01,65,77,65,77,142
PORCO,consulta externa,nuevas en personas de 15 a 59 anos,2005-02-01,62,118,62,118,180
POROMA,consulta externa,nuevas en personas de 15 a 59 anos,2005-02-01,186,370,186,370,556
PORONGO,consulta externa,nuevas en personas de 15 a 59 anos,2005-02-01,98,161,98,161,259
PORTACHUELO,consulta externa,nuevas en personas de 15 a 59 anos,2005-02-01,203,548,203,548,751
PORVENIR,consulta externa,nuevas en personas de 15 a 59 anos,2005-02-01,67,88,67,88,155
POSTRER VALLE,consulta externa,nuevas en personas de 15 a 59 anos,2005-02-01,14,27,14,27,41
POTOSI,consulta externa,nuevas en personas de 15 a 59 anos,2005-02-01,4334,5846,4334,5846,10180
PRESTO,consulta externa,nuevas en personas de 15 a 59 anos,2005-02-01,78,150,78,150,228
PUCARA,consulta externa,nuevas en personas de 15 a 59 anos,2005-02-01,37,64,37,64,101
PUCARANI,consulta externa,nuevas en personas de 15 a 59 anos,2005-02-01,104,184,104,184,288
PUERTO ACOSTA,consulta externa,nuevas en personas de 15 a 59 anos,2005-02-01,221,345,221,345,566
PUERTO CARABUCO,consulta externa,nuevas en personas de 15 a 59 anos,2005-02-01,110,150,110,150,260
PUERTO GONZALO MORENO,consulta externa,nuevas en personas de 15 a 59 anos,2005-02-01,105,212,105,212,317
PUERTO PEREZ,consulta externa,nuevas en personas de 15 a 59 anos,2005-02-01,43,59,43,59,102
PUERTO QUIJARRO,consulta externa,nuevas en personas de 15 a 59 anos,2005-02-01,306,335,306,335,641
PUERTO RICO,consulta externa,nuevas en personas de 15 a 59 anos,2005-02-01,74,165,74,165,239
PUERTO SILES,consulta externa,nuevas en personas de 15 a 59 anos,2005-02-01,25,93,25,93,118
PUERTO SUAREZ,consulta externa,nuevas en personas de 15 a 59 anos,2005-02-01,263,562,263,562,825
PUERTO VILLARROEL,consulta externa,nuevas en personas de 15 a 59 anos,2005-02-01,402,708,402,708,1110
PUNA,consulta externa,nuevas en personas de 15 a 59 anos,2005-02-01,251,550,251,550,801
PUNATA,consulta externa,nuevas en personas de 15 a 59 anos,2005-02-01,214,607,214,607,821
QUIABAYA,consulta externa,nuevas en personas de 15 a 59 anos,2005-02-01,9,22,9,22,31
QUILLACOLLO,consulta externa,nuevas en personas de 15 a 59 anos,2005-02-01,490,1049,490,1049,1539
QUIME,consulta externa,nuevas en personas de 15 a 59 anos,2005-02-01,94,102,94,102,196
QUIRUSILLAS,consulta externa,nuevas en personas de 15 a 59 anos,2005-02-01,30,56,30,56,86
RAVELO,consulta externa,nuevas en personas de 15 a 59 anos,2005-02-01,107,207,107,207,314
REYES,consulta externa,nuevas en personas de 15 a 59 anos,2005-02-01,99,206,99,206,305
RIBERALTA,consulta externa,nuevas en personas de 15 a 59 anos,2005-02-01,901,1609,901,1609,2510
ROBORE,consulta externa,nuevas en personas de 15 a 59 anos,2005-02-01,153,536,153,536,689
RURRENABAQUE,consulta externa,nuevas en personas de 15 a 59 anos,2005-02-01,219,329,219,329,548
SABAYA,consulta externa,nuevas en personas de 15 a 59 anos,2005-02-01,33,56,33,56,89
SACABA,consulta externa,nuevas en personas de 15 a 59 anos,2005-02-01,417,947,417,947,1364
SACABAMBA,consulta externa,nuevas en personas de 15 a 59 anos,2005-02-01,21,30,21,30,51
SACACA,consulta externa,nuevas en personas de 15 a 59 anos,2005-02-01,145,348,145,348,493
SAIPINA,consulta externa,nuevas en personas de 15 a 59 anos,2005-02-01,72,146,72,146,218
SALINAS DE GARCI MENDOZA,consulta externa,nuevas en personas de 15 a 59 anos,2005-02-01,63,153,63,153,216
SAMAIPATA,consulta externa,nuevas en personas de 15 a 59 anos,2005-02-01,78,193,78,193,271
SAN AGUSTIN,consulta externa,nuevas en personas de 15 a 59 anos,2005-02-01,38,56,38,56,94
SAN ANDRES,consulta externa,nuevas en personas de 15 a 59 anos,2005-02-01,56,149,56,149,205
SAN ANDRES DE MACHACA,consulta externa,nuevas en personas de 15 a 59 anos,2005-02-01,28,43,28,43,71
SAN ANTONIO DE ESMORUCO,consulta externa,nuevas en personas de 15 a 59 anos,2005-02-01,18,40,18,40,58
SAN ANTONIO DE LOMERIO,consulta externa,nuevas en personas de 15 a 59 anos,2005-02-01,38,64,38,64,102
SAN BENITO,consulta externa,nuevas en personas de 15 a 59 anos,2005-02-01,65,111,65,111,176
SAN BORJA,consulta externa,nuevas en personas de 15 a 59 anos,2005-02-01,180,460,180,460,640
SAN BUENA VENTURA,consulta externa,nuevas en personas de 15 a 59 anos,2005-02-01,98,168,98,168,266
SAN CARLOS,consulta externa,nuevas en personas de 15 a 59 anos,2005-02-01,140,363,140,363,503
SAN IGNACIO,consulta externa,nuevas en personas de 15 a 59 anos,2005-02-01,153,276,153,276,429
SAN IGNACIO DE VELASCO,consulta externa,nuevas en personas de 15 a 59 anos,2005-02-01,419,933,419,933,1352
SAN JAVIER(BNI),consulta externa,nuevas en personas de 15 a 59 anos,2005-02-01,11,28,11,28,39
SAN JAVIER(STC),consulta externa,nuevas en personas de 15 a 59 anos,2005-02-01,76,161,76,161,237
SAN JOAQUIN,consulta externa,nuevas en personas de 15 a 59 anos,2005-02-01,65,141,65,141,206
SAN JOSE DE CHIQUITOS,consulta externa,nuevas en personas de 15 a 59 anos,2005-02-01,213,349,213,349,562
SAN JUAN DE YAPACANI,consulta externa,nuevas en personas de 15 a 59 anos,2005-02-01,247,306,247,306,553
SAN JULIAN,consulta externa,nuevas en personas de 15 a 59 anos,2005-02-01,699,1187,699,1187,1886
SAN LORENZO(PND),consulta externa,nuevas en personas de 15 a 59 anos,2005-02-01,48,103,48,103,151
SAN LORENZO(TJA),consulta externa,nuevas en personas de 15 a 59 anos,2005-02-01,103,363,103,363,466
SAN LUCAS,consulta externa,nuevas en personas de 15 a 59 anos,2005-02-01,316,889,316,889,1205
SAN MIGUEL DE VELASCO,consulta externa,nuevas en personas de 15 a 59 anos,2005-02-01,122,236,122,236,358
SAN PABLO DE LIPEZ,consulta externa,nuevas en personas de 15 a 59 anos,2005-02-01,97,115,97,115,212
SAN PEDRO,consulta externa,nuevas en personas de 15 a 59 anos,2005-02-01,299,509,299,509,808
SAN PEDRO DE BUENA VISTA,consulta externa,nuevas en personas de 15 a 59 anos,2005-02-01,120,235,120,235,355
SAN PEDRO DE CURAHUARA,consulta externa,nuevas en personas de 15 a 59 anos,2005-02-01,33,46,33,46,79
SAN PEDRO DE QUEMES,consulta externa,nuevas en personas de 15 a 59 anos,2005-02-01,2,7,2,7,9
SAN PEDRO DE TIQUINA,consulta externa,nuevas en personas de 15 a 59 anos,2005-02-01,40,68,40,68,108
SAN PEDRO(PND),consulta externa,nuevas en personas de 15 a 59 anos,2005-02-01,5,14,5,14,19
SAN RAFAEL,consulta externa,nuevas en personas de 15 a 59 anos,2005-02-01,38,68,38,68,106
SAN RAMON,consulta externa,nuevas en personas de 15 a 59 anos,2005-02-01,32,106,32,106,138
SAN RAMON,consulta externa,nuevas en personas de 15 a 59 anos,2005-02-01,102,182,102,182,284
SANTA ANA,consulta externa,nuevas en personas de 15 a 59 anos,2005-02-01,84,201,84,201,285
SANTA CRUZ DE LA SIERRA,consulta externa,nuevas en personas de 15 a 59 anos,2005-02-01,15265,28445,15265,28445,43710
SANTA ROSA,consulta externa,nuevas en personas de 15 a 59 anos,2005-02-01,55,108,55,108,163
SANTA ROSA DEL SARA,consulta externa,nuevas en personas de 15 a 59 anos,2005-02-01,125,280,125,280,405
SANTIAGO DE CALLAPA,consulta externa,nuevas en personas de 15 a 59 anos,2005-02-01,35,67,35,67,102
SANTIAGO DE HUARI,consulta externa,nuevas en personas de 15 a 59 anos,2005-02-01,96,116,96,116,212
SANTIAGO DE MACHACA,consulta externa,nuevas en personas de 15 a 59 anos,2005-02-01,18,39,18,39,57
SANTIVAÑES,consulta externa,nuevas en personas de 15 a 59 anos,2005-02-01,70,101,70,101,171
SANTUARIO DE QUILLACAS,consulta externa,nuevas en personas de 15 a 59 anos,2005-02-01,14,23,14,23,37
SAPAHAQUI,consulta externa,nuevas en personas de 15 a 59 anos,2005-02-01,101,94,101,94,195
SENA,consulta externa,nuevas en personas de 15 a 59 anos,2005-02-01,49,63,49,63,112
SICA SICA (VILLA AROMA),consulta externa,nuevas en personas de 15 a 59 anos,2005-02-01,123,162,123,162,285
SICAYA,consulta externa,nuevas en personas de 15 a 59 anos,2005-02-01,6,9,6,9,15
SIPE SIPE,consulta externa,nuevas en personas de 15 a 59 anos,2005-02-01,74,273,74,273,347
SOPACHUY,consulta externa,nuevas en personas de 15 a 59 anos,2005-02-01,89,164,89,164,253
SORACACHI,consulta externa,nuevas en personas de 15 a 59 anos,2005-02-01,54,75,54,75,129
SORATA,consulta externa,nuevas en personas de 15 a 59 anos,2005-02-01,112,215,112,215,327
SUCRE,consulta externa,nuevas en personas de 15 a 59 anos,2005-02-01,6357,11928,6357,11928,18285
TACACHI,consulta externa,nuevas en personas de 15 a 59 anos,2005-02-01,10,31,10,31,41
TACACOMA,consulta externa,nuevas en personas de 15 a 59 anos,2005-02-01,24,38,24,38,62
TACOBAMBA,consulta externa,nuevas en personas de 15 a 59 anos,2005-02-01,64,87,64,87,151
TACOPAYA,consulta externa,nuevas en personas de 15 a 59 anos,2005-02-01,62,108,62,108,170
TAHUA,consulta externa,nuevas en personas de 15 a 59 anos,2005-02-01,9,25,9,25,34
TAPACARI,consulta externa,nuevas en personas de 15 a 59 anos,2005-02-01,115,259,115,259,374
TARABUCO,consulta externa,nuevas en personas de 15 a 59 anos,2005-02-01,143,209,143,209,352
TARACO,consulta externa,nuevas en personas de 15 a 59 anos,2005-02-01,35,41,35,41,76
TARATA,consulta externa,nuevas en personas de 15 a 59 anos,2005-02-01,31,58,31,58,89
TARIJA,consulta externa,nuevas en personas de 15 a 59 anos,2005-02-01,3399,6853,3399,6853,10252
TARVITA,consulta externa,nuevas en personas de 15 a 59 anos,2005-02-01,203,437,203,437,640
TEOPONTE,consulta externa,nuevas en personas de 15 a 59 anos,2005-02-01,58,97,58,97,155
TIAWANACU,consulta externa,nuevas en personas de 15 a 59 anos,2005-02-01,49,101,49,101,150
TINGUIPAYA,consulta externa,nuevas en personas de 15 a 59 anos,2005-02-01,115,184,115,184,299
TIPUANI,consulta externa,nuevas en personas de 15 a 59 anos,2005-02-01,44,51,44,51,95
TIQUIPAYA,consulta externa,nuevas en personas de 15 a 59 anos,2005-02-01,80,252,80,252,332
TIRAQUE (CBBA),consulta externa,nuevas en personas de 15 a 59 anos,2005-02-01,357,683,357,683,1040
TITO YUPANQUI (PARQUIPUJIO),consulta externa,nuevas en personas de 15 a 59 anos,2005-02-01,15,63,15,63,78
TOCO,consulta externa,nuevas en personas de 15 a 59 anos,2005-02-01,8,22,8,22,30
TODOS SANTOS,consulta externa,nuevas en personas de 15 a 59 anos,2005-02-01,9,8,9,8,17
TOLATA,consulta externa,nuevas en personas de 15 a 59 anos,2005-02-01,11,30,11,30,41
TOLEDO,consulta externa,nuevas en personas de 15 a 59 anos,2005-02-01,132,99,132,99,231
TOMAVE,consulta externa,nuevas en personas de 15 a 59 anos,2005-02-01,144,213,144,213,357
TOMINA,consulta externa,nuevas en personas de 15 a 59 anos,2005-02-01,115,202,115,202,317
TORO TORO,consulta externa,nuevas en personas de 15 a 59 anos,2005-02-01,93,200,93,200,293
TOTORA(CBBA),consulta externa,nuevas en personas de 15 a 59 anos,2005-02-01,76,130,76,130,206
TOTORA(ORR),consulta externa,nuevas en personas de 15 a 59 anos,2005-02-01,18,32,18,32,50
TRIGAL,consulta externa,nuevas en personas de 15 a 59 anos,2005-02-01,19,36,19,36,55
TRINIDAD,consulta externa,nuevas en personas de 15 a 59 anos,2005-02-01,943,2084,943,2084,3027
TUPIZA,consulta externa,nuevas en personas de 15 a 59 anos,2005-02-01,1352,2310,1352,2310,3662
TURCO,consulta externa,nuevas en personas de 15 a 59 anos,2005-02-01,24,65,24,65,89
UMALA,consulta externa,nuevas en personas de 15 a 59 anos,2005-02-01,10,44,10,44,54
UNCIA,consulta externa,nuevas en personas de 15 a 59 anos,2005-02-01,285,563,285,563,848
URIONDO (A. CONCEPCION),consulta externa,nuevas en personas de 15 a 59 anos,2005-02-01,159,297,159,297,456
URUBICHA,consulta externa,nuevas en personas de 15 a 59 anos,2005-02-01,33,50,33,50,83
UYUNI,consulta externa,nuevas en personas de 15 a 59 anos,2005-02-01,388,593,388,593,981
VACAS,consulta externa,nuevas en personas de 15 a 59 anos,2005-02-01,110,167,110,167,277
VALLEGRANDE,consulta externa,nuevas en personas de 15 a 59 anos,2005-02-01,243,556,243,556,799
VIACHA,consulta externa,nuevas en personas de 15 a 59 anos,2005-02-01,381,727,381,727,1108
VILA VILA,consulta externa,nuevas en personas de 15 a 59 anos,2005-02-01,17,28,17,28,45
VILLA MONTES,consulta externa,nuevas en personas de 15 a 59 anos,2005-02-01,252,385,252,385,637
VILLA NUEVA (LOMA ALTA),consulta externa,nuevas en personas de 15 a 59 anos,2005-02-01,18,13,18,13,31
VILLA RIVERO,consulta externa,nuevas en personas de 15 a 59 anos,2005-02-01,21,58,21,58,79
VILLA SERRANO,consulta externa,nuevas en personas de 15 a 59 anos,2005-02-01,144,517,144,517,661
VILLA TUNARI,consulta externa,nuevas en personas de 15 a 59 anos,2005-02-01,617,829,617,829,1446
VILLA VACA GUZMAN (MUYUPAMPA),consulta externa,nuevas en personas de 15 a 59 anos,2005-02-01,197,421,197,421,618
VILLAZON,consulta externa,nuevas en personas de 15 a 59 anos,2005-02-01,564,1394,564,1394,1958
VINTO,consulta externa,nuevas en personas de 15 a 59 anos,2005-02-01,31,106,31,106,137
VITICHI,consulta externa,nuevas en personas de 15 a 59 anos,2005-02-01,142,304,142,304,446
WALDO BALLIVIAN,consulta externa,nuevas en personas de 15 a 59 anos,2005-02-01,11,12,11,12,23
WARNES,consulta externa,nuevas en personas de 15 a 59 anos,2005-02-01,305,527,305,527,832
YACO,consulta externa,nuevas en personas de 15 a 59 anos,2005-02-01,44,76,44,76,120
YACUIBA,consulta externa,nuevas en personas de 15 a 59 anos,2005-02-01,1227,2072,1227,2072,3299
YAMPARAEZ,consulta externa,nuevas en personas de 15 a 59 anos,2005-02-01,68,132,68,132,200
YANACACHI,consulta externa,nuevas en personas de 15 a 59 anos,2005-02-01,67,124,67,124,191
YAPACANI,consulta externa,nuevas en personas de 15 a 59 anos,2005-02-01,352,810,352,810,1162
YOCALLA,consulta externa,nuevas en personas de 15 a 59 anos,2005-02-01,91,127,91,127,218
YOTALA,consulta externa,nuevas en personas de 15 a 59 anos,2005-02-01,74,144,74,144,218
YUNCHARA,consulta externa,nuevas en personas de 15 a 59 anos,2005-02-01,80,119,80,119,199
ZUDAÑEZ,consulta externa,nuevas en personas de 15 a 59 anos,2005-02-01,95,208,95,208,303
ACACIO,consulta externa,nuevas en personas de 15 a 59 anos,2005-03-01,102,169,102,169,271
ACHACACHI,consulta externa,nuevas en personas de 15 a 59 anos,2005-03-01,441,628,441,628,1069
ACHOCALLA,consulta externa,nuevas en personas de 15 a 59 anos,2005-03-01,50,172,50,172,222
AIQUILE,consulta externa,nuevas en personas de 15 a 59 anos,2005-03-01,283,517,283,517,800
ALALAY,consulta externa,nuevas en personas de 15 a 59 anos,2005-03-01,24,41,24,41,65
ALCALA,consulta externa,nuevas en personas de 15 a 59 anos,2005-03-01,37,93,37,93,130
ANCORAIMES,consulta externa,nuevas en personas de 15 a 59 anos,2005-03-01,106,146,106,146,252
ANDAMARCA,consulta externa,nuevas en personas de 15 a 59 anos,2005-03-01,37,51,37,51,88
ANTEQUERA,consulta externa,nuevas en personas de 15 a 59 anos,2005-03-01,8,13,8,13,21
ANZALDO,consulta externa,nuevas en personas de 15 a 59 anos,2005-03-01,60,114,60,114,174
APOLO,consulta externa,nuevas en personas de 15 a 59 anos,2005-03-01,66,149,66,149,215
ARAMPAMPA,consulta externa,nuevas en personas de 15 a 59 anos,2005-03-01,77,105,77,105,182
ARANI,consulta externa,nuevas en personas de 15 a 59 anos,2005-03-01,24,93,24,93,117
ARBIETO,consulta externa,nuevas en personas de 15 a 59 anos,2005-03-01,70,113,70,113,183
ARQUE,consulta externa,nuevas en personas de 15 a 59 anos,2005-03-01,59,136,59,136,195
ASCENCION DE GUARAYOS,consulta externa,nuevas en personas de 15 a 59 anos,2005-03-01,152,302,152,302,454
ATOCHA,consulta externa,nuevas en personas de 15 a 59 anos,2005-03-01,736,923,736,923,1659
AUCAPATA,consulta externa,nuevas en personas de 15 a 59 anos,2005-03-01,56,95,56,95,151
AYATA,consulta externa,nuevas en personas de 15 a 59 anos,2005-03-01,63,104,63,104,167
AYO AYO,consulta externa,nuevas en personas de 15 a 59 anos,2005-03-01,38,44,38,44,82
AYOPAYA (V. DE INDEPENDENCIA),consulta externa,nuevas en personas de 15 a 59 anos,2005-03-01,193,503,193,503,696
AZURDUY,consulta externa,nuevas en personas de 15 a 59 anos,2005-03-01,226,501,226,501,727
BATALLAS,consulta externa,nuevas en personas de 15 a 59 anos,2005-03-01,116,148,116,148,264
BAURES,consulta externa,nuevas en personas de 15 a 59 anos,2005-03-01,47,115,47,115,162
BELEN DE ANDAMARCA,consulta externa,nuevas en personas de 15 a 59 anos,2005-03-01,32,19,32,19,51
BELEN DE URMIRI,consulta externa,nuevas en personas de 15 a 59 anos,2005-03-01,34,88,34,88,122
BELLA FLOR,consulta externa,nuevas en personas de 15 a 59 anos,2005-03-01,64,71,64,71,135
BERMEJO,consulta externa,nuevas en personas de 15 a 59 anos,2005-03-01,585,999,585,999,1584
BETANZOS,consulta externa,nuevas en personas de 15 a 59 anos,2005-03-01,366,773,366,773,1139
BOLIVAR,consulta externa,nuevas en personas de 15 a 59 anos,2005-03-01,41,61,41,61,102
BOLPEBRA,consulta externa,nuevas en personas de 15 a 59 anos,2005-03-01,49,45,49,45,94
BOYUIBE,consulta externa,nuevas en personas de 15 a 59 anos,2005-03-01,41,81,41,81,122
BUENA VISTA,consulta externa,nuevas en personas de 15 a 59 anos,2005-03-01,173,268,173,268,441
CABEZAS,consulta externa,nuevas en personas de 15 a 59 anos,2005-03-01,253,371,253,371,624
CAIROMA,consulta externa,nuevas en personas de 15 a 59 anos,2005-03-01,109,116,109,116,225
"CAIZA ""D""",consulta externa,nuevas en personas de 15 a 59 anos,2005-03-01,164,272,164,272,436
CAJUATA,consulta externa,nuevas en personas de 15 a 59 anos,2005-03-01,121,157,121,157,278
CALACOTO,consulta externa,nuevas en personas de 15 a 59 anos,2005-03-01,25,103,25,103,128
CALAMARCA,consulta externa,nuevas en personas de 15 a 59 anos,2005-03-01,80,118,80,118,198
CAMARGO,consulta externa,nuevas en personas de 15 a 59 anos,2005-03-01,302,763,302,763,1065
CAMATAQUI (C. VILLA ABECIA),consulta externa,nuevas en personas de 15 a 59 anos,2005-03-01,58,109,58,109,167
CAMIRI,consulta externa,nuevas en personas de 15 a 59 anos,2005-03-01,710,1643,710,1643,2353
CAPINOTA,consulta externa,nuevas en personas de 15 a 59 anos,2005-03-01,113,159,113,159,272
CAQUIAVIRI,consulta externa,nuevas en personas de 15 a 59 anos,2005-03-01,86,138,86,138,224
CARACOLLO,consulta externa,nuevas en personas de 15 a 59 anos,2005-03-01,107,148,107,148,255
CARANAVI,consulta externa,nuevas en personas de 15 a 59 anos,2005-03-01,792,1070,792,1070,1862
CARANGAS,consulta externa,nuevas en personas de 15 a 59 anos,2005-03-01,4,2,4,2,6
CARAPARI,consulta externa,nuevas en personas de 15 a 59 anos,2005-03-01,162,240,162,240,402
CARIPUYO,consulta externa,nuevas en personas de 15 a 59 anos,2005-03-01,42,92,42,92,134
CARMEN RIVERO TORREZ,consulta externa,nuevas en personas de 15 a 59 anos,2005-03-01,41,64,41,64,105
CATACORA,consulta externa,nuevas en personas de 15 a 59 anos,2005-03-01,3,12,3,12,15
CHALLAPATA,consulta externa,nuevas en personas de 15 a 59 anos,2005-03-01,283,418,283,418,701
CHAQUI,consulta externa,nuevas en personas de 15 a 59 anos,2005-03-01,103,194,103,194,297
CHARAGUA,consulta externa,nuevas en personas de 15 a 59 anos,2005-03-01,154,481,154,481,635
CHARAÑA,consulta externa,nuevas en personas de 15 a 59 anos,2005-03-01,54,52,54,52,106
CHAYANTA,consulta externa,nuevas en personas de 15 a 59 anos,2005-03-01,170,241,170,241,411
CHIMORE,consulta externa,nuevas en personas de 15 a 59 anos,2005-03-01,160,262,160,262,422
CHIPAYA,consulta externa,nuevas en personas de 15 a 59 anos,2005-03-01,3,5,3,5,8
CHOQUE COTA,consulta externa,nuevas en personas de 15 a 59 anos,2005-03-01,21,49,21,49,70
CHULUMANI (V. DE LA LIBERTAD),consulta externa,nuevas en personas de 15 a 59 anos,2005-03-01,174,298,174,298,472
CHUMA,consulta externa,nuevas en personas de 15 a 59 anos,2005-03-01,110,202,110,202,312
CLIZA,consulta externa,nuevas en personas de 15 a 59 anos,2005-03-01,44,98,44,98,142
COBIJA,consulta externa,nuevas en personas de 15 a 59 anos,2005-03-01,597,1158,597,1158,1755
COCHABAMBA,consulta externa,nuevas en personas de 15 a 59 anos,2005-03-01,10392,21598,10392,21598,31990
COIPASA,consulta externa,nuevas en personas de 15 a 59 anos,2005-03-01,12,13,12,13,25
COLCAPIRHUA,consulta externa,nuevas en personas de 15 a 59 anos,2005-03-01,410,870,410,870,1280
"COLCHA ""K""",consulta externa,nuevas en personas de 15 a 59 anos,2005-03-01,200,371,200,371,571
COLLANA,consulta externa,nuevas en personas de 15 a 59 anos,2005-03-01,15,27,15,27,42
COLOMI,consulta externa,nuevas en personas de 15 a 59 anos,2005-03-01,85,178,85,178,263
COLPA BELGICA,consulta externa,nuevas en personas de 15 a 59 anos,2005-03-01,23,94,23,94,117
COLQUECHACA,consulta externa,nuevas en personas de 15 a 59 anos,2005-03-01,334,681,334,681,1015
COLQUENCHA,consulta externa,nuevas en personas de 15 a 59 anos,2005-03-01,61,87,61,87,148
COLQUIRI,consulta externa,nuevas en personas de 15 a 59 anos,2005-03-01,170,379,170,379,549
COMANCHE,consulta externa,nuevas en personas de 15 a 59 anos,2005-03-01,17,40,17,40,57
COMARAPA,consulta externa,nuevas en personas de 15 a 59 anos,2005-03-01,239,461,239,461,700
COMBAYA,consulta externa,nuevas en personas de 15 a 59 anos,2005-03-01,19,23,19,23,42
CONCEPCION,consulta externa,nuevas en personas de 15 a 59 anos,2005-03-01,52,105,52,105,157
COPACABANA,consulta externa,nuevas en personas de 15 a 59 anos,2005-03-01,61,135,61,135,196
CORIPATA,consulta externa,nuevas en personas de 15 a 59 anos,2005-03-01,100,148,100,148,248
CORO CORO,consulta externa,nuevas en personas de 15 a 59 anos,2005-03-01,60,134,60,134,194
COROICO,consulta externa,nuevas en personas de 15 a 59 anos,2005-03-01,166,243,166,243,409
CORQUE,consulta externa,nuevas en personas de 15 a 59 anos,2005-03-01,143,205,143,205,348
COTAGAITA,consulta externa,nuevas en personas de 15 a 59 anos,2005-03-01,778,1213,778,1213,1991
COTOCA,consulta externa,nuevas en personas de 15 a 59 anos,2005-03-01,122,592,122,592,714
CUATRO CAÑADAS,consulta externa,nuevas en personas de 15 a 59 anos,2005-03-01,153,439,153,439,592
CUCHUMUELA (V. G. VILLARROEL),consulta externa,nuevas en personas de 15 a 59 anos,2005-03-01,8,27,8,27,35
CUEVO,consulta externa,nuevas en personas de 15 a 59 anos,2005-03-01,84,137,84,137,221
CULPINA,consulta externa,nuevas en personas de 15 a 59 anos,2005-03-01,224,434,224,434,658
CURAHUARA DE CARANGAS,consulta externa,nuevas en personas de 15 a 59 anos,2005-03-01,57,96,57,96,153
CURVA,consulta externa,nuevas en personas de 15 a 59 anos,2005-03-01,27,36,27,36,63
DESAGUADERO,consulta externa,nuevas en personas de 15 a 59 anos,2005-03-01,27,53,27,53,80
EL ALTO,consulta externa,nuevas en personas de 15 a 59 anos,2005-03-01,6907,11722,6907,11722,18629
EL CHORO,consulta externa,nuevas en personas de 15 a 59 anos,2005-03-01,16,26,16,26,42
EL PUENTE(STC),consulta externa,nuevas en personas de 15 a 59 anos,2005-03-01,70,122,70,122,192
EL PUENTE(TJA),consulta externa,nuevas en personas de 15 a 59 anos,2005-03-01,106,247,106,247,353
EL TORNO,consulta externa,nuevas en personas de 15 a 59 anos,2005-03-01,668,914,668,914,1582
EL VILLAR,consulta externa,nuevas en personas de 15 a 59 anos,2005-03-01,74,148,74,148,222
ENTRE RIOS,consulta externa,nuevas en personas de 15 a 59 anos,2005-03-01,246,408,246,408,654
ENTRE RIOS,consulta externa,nuevas en personas de 15 a 59 anos,2005-03-01,171,237,171,237,408
ESCARA,consulta externa,nuevas en personas de 15 a 59 anos,2005-03-01,1,5,1,5,6
EUCALIPTUS,consulta externa,nuevas en personas de 15 a 59 anos,2005-03-01,28,58,28,58,86
EUREKA (SANTOS MERCADO),consulta externa,nuevas en personas de 15 a 59 anos,2005-03-01,10,28,10,28,38
EXALTACION,consulta externa,nuevas en personas de 15 a 59 anos,2005-03-01,22,37,22,37,59
FERNANDEZ ALONSO,consulta externa,nuevas en personas de 15 a 59 anos,2005-03-01,124,283,124,283,407
FILADELFIA,consulta externa,nuevas en personas de 15 a 59 anos,2005-03-01,35,67,35,67,102
GENERAL SAAVEDRA,consulta externa,nuevas en personas de 15 a 59 anos,2005-03-01,109,310,109,310,419
GRAL. J.J. PEREZ (CHARAZANI),consulta externa,nuevas en personas de 15 a 59 anos,2005-03-01,82,153,82,153,235
GUANAY,consulta externa,nuevas en personas de 15 a 59 anos,2005-03-01,213,316,213,316,529
GUAQUI,consulta externa,nuevas en personas de 15 a 59 anos,2005-03-01,40,46,40,46,86
GUAYARAMERIN,consulta externa,nuevas en personas de 15 a 59 anos,2005-03-01,555,1663,555,1663,2218
GUTIERREZ,consulta externa,nuevas en personas de 15 a 59 anos,2005-03-01,214,350,214,350,564
HUACARETA,consulta externa,nuevas en personas de 15 a 59 anos,2005-03-01,169,288,169,288,457
HUACAYA (VILLA DE HUACAYA),consulta externa,nuevas en personas de 15 a 59 anos,2005-03-01,27,65,27,65,92
HUACHACALLA,consulta externa,nuevas en personas de 15 a 59 anos,2005-03-01,16,18,16,18,34
HUANUNI,consulta externa,nuevas en personas de 15 a 59 anos,2005-03-01,367,498,367,498,865
HUARACAJE,consulta externa,nuevas en personas de 15 a 59 anos,2005-03-01,31,58,31,58,89
HUAYLLAMARCA,consulta externa,nuevas en personas de 15 a 59 anos,2005-03-01,72,99,72,99,171
ICHOCA,consulta externa,nuevas en personas de 15 a 59 anos,2005-03-01,25,58,25,58,83
ICLA,consulta externa,nuevas en personas de 15 a 59 anos,2005-03-01,87,198,87,198,285
INCAHUASI,consulta externa,nuevas en personas de 15 a 59 anos,2005-03-01,193,478,193,478,671
INGAVI (HUMAITA),consulta externa,nuevas en personas de 15 a 59 anos,2005-03-01,14,17,14,17,31
INQUISIVI,consulta externa,nuevas en personas de 15 a 59 anos,2005-03-01,53,132,53,132,185
IRUPANA (VILLA DE LANZA),consulta externa,nuevas en personas de 15 a 59 anos,2005-03-01,166,361,166,361,527
IXIAMAS,consulta externa,nuevas en personas de 15 a 59 anos,2005-03-01,103,145,103,145,248
JESUS DE MACHACA,consulta externa,nuevas en personas de 15 a 59 anos,2005-03-01,131,290,131,290,421
LA ASUNTA,consulta externa,nuevas en personas de 15 a 59 anos,2005-03-01,248,438,248,438,686
LA GUARDIA,consulta externa,nuevas en personas de 15 a 59 anos,2005-03-01,147,458,147,458,605
LA PAZ,consulta externa,nuevas en personas de 15 a 59 anos,2005-03-01,18526,38003,18526,38003,56529
LA RIVERA,consulta externa,nuevas en personas de 15 a 59 anos,2005-03-01,4,10,4,10,14
LAGUNILLAS,consulta externa,nuevas en personas de 15 a 59 anos,2005-03-01,90,118,90,118,208
LAJA,consulta externa,nuevas en personas de 15 a 59 anos,2005-03-01,75,119,75,119,194
LAS CARRERAS,consulta externa,nuevas en personas de 15 a 59 anos,2005-03-01,54,138,54,138,192
LICOMA PAMPA,consulta externa,nuevas en personas de 15 a 59 anos,2005-03-01,13,14,13,14,27
LLALLAGUA,consulta externa,nuevas en personas de 15 a 59 anos,2005-03-01,537,891,537,891,1428
LLICA,consulta externa,nuevas en personas de 15 a 59 anos,2005-03-01,122,155,122,155,277
LORETO,consulta externa,nuevas en personas de 15 a 59 anos,2005-03-01,8,37,8,37,45
LURIBAY,consulta externa,nuevas en personas de 15 a 59 anos,2005-03-01,91,151,91,151,242
MACHACAMARCA,consulta externa,nuevas en personas de 15 a 59 anos,2005-03-01,40,79,40,79,119
MACHARETI,consulta externa,nuevas en personas de 15 a 59 anos,2005-03-01,163,336,163,336,499
MAGDALENA,consulta externa,nuevas en personas de 15 a 59 anos,2005-03-01,158,290,158,290,448
MAIRANA,consulta externa,nuevas en personas de 15 a 59 anos,2005-03-01,71,260,71,260,331
MALLA,consulta externa,nuevas en personas de 15 a 59 anos,2005-03-01,35,54,35,54,89
MAPIRI,consulta externa,nuevas en personas de 15 a 59 anos,2005-03-01,134,141,134,141,275
MECAPACA,consulta externa,nuevas en personas de 15 a 59 anos,2005-03-01,170,184,170,184,354
MINEROS,consulta externa,nuevas en personas de 15 a 59 anos,2005-03-01,139,352,139,352,491
MIZQUE,consulta externa,nuevas en personas de 15 a 59 anos,2005-03-01,88,164,88,164,252
MOCOMOCO,consulta externa,nuevas en personas de 15 a 59 anos,2005-03-01,159,203,159,203,362
MOJINETE,consulta externa,nuevas en personas de 15 a 59 anos,2005-03-01,28,44,28,44,72
MOJOCOYA,consulta externa,nuevas en personas de 15 a 59 anos,2005-03-01,90,255,90,255,345
MONTEAGUDO,consulta externa,nuevas en personas de 15 a 59 anos,2005-03-01,589,1100,589,1100,1689
MONTERO,consulta externa,nuevas en personas de 15 a 59 anos,2005-03-01,1318,2767,1318,2767,4085
MORO MORO,consulta externa,nuevas en personas de 15 a 59 anos,2005-03-01,6,51,6,51,57
MOROCHATA,consulta externa,nuevas en personas de 15 a 59 anos,2005-03-01,62,226,62,226,288
NACEBE (SANTA ROSA DEL ABUNA),consulta externa,nuevas en personas de 15 a 59 anos,2005-03-01,33,43,33,43,76
NAZACARA DE PACAJES,consulta externa,nuevas en personas de 15 a 59 anos,2005-03-01,9,12,9,12,21
NUEVO MANOA (NUEVA ESPERANZA),consulta externa,nuevas en personas de 15 a 59 anos,2005-03-01,57,61,57,61,118
OCURI,consulta externa,nuevas en personas de 15 a 59 anos,2005-03-01,152,345,152,345,497
OKINAWA,consulta externa,nuevas en personas de 15 a 59 anos,2005-03-01,160,399,160,399,559
OMEREQUE,consulta externa,nuevas en personas de 15 a 59 anos,2005-03-01,39,96,39,96,135
ORURO,consulta externa,nuevas en personas de 15 a 59 anos,2005-03-01,5888,10121,5888,10121,16009
PADCAYA,consulta externa,nuevas en personas de 15 a 59 anos,2005-03-01,250,508,250,508,758
PADILLA,consulta externa,nuevas en personas de 15 a 59 anos,2005-03-01,249,533,249,533,782
PAILON,consulta externa,nuevas en personas de 15 a 59 anos,2005-03-01,104,192,104,192,296
PALCA,consulta externa,nuevas en personas de 15 a 59 anos,2005-03-01,105,155,105,155,260
PALOS BLANCOS,consulta externa,nuevas en personas de 15 a 59 anos,2005-03-01,549,527,549,527,1076
PAMPA AULLAGAS,consulta externa,nuevas en personas de 15 a 59 anos,2005-03-01,7,12,7,12,19
PAMPA GRANDE,consulta externa,nuevas en personas de 15 a 59 anos,2005-03-01,148,182,148,182,330
PAPEL PAMPA,consulta externa,nuevas en personas de 15 a 59 anos,2005-03-01,29,61,29,61,90
PASORAPA,consulta externa,nuevas en personas de 15 a 59 anos,2005-03-01,21,37,21,37,58
PATACAMAYA,consulta externa,nuevas en personas de 15 a 59 anos,2005-03-01,96,120,96,120,216
PAZÑA,consulta externa,nuevas en personas de 15 a 59 anos,2005-03-01,73,148,73,148,221
PELECHUCO,consulta externa,nuevas en personas de 15 a 59 anos,2005-03-01,102,102,102,102,204
POCOATA,consulta externa,nuevas en personas de 15 a 59 anos,2005-03-01,261,464,261,464,725
POCONA,consulta externa,nuevas en personas de 15 a 59 anos,2005-03-01,88,148,88,148,236
POJO (CBBA),consulta externa,nuevas en personas de 15 a 59 anos,2005-03-01,66,117,66,117,183
POOPO,consulta externa,nuevas en personas de 15 a 59 anos,2005-03-01,72,93,72,93,165
PORCO,consulta externa,nuevas en personas de 15 a 59 anos,2005-03-01,68,126,68,126,194
POROMA,consulta externa,nuevas en personas de 15 a 59 anos,2005-03-01,141,398,141,398,539
PORONGO,consulta externa,nuevas en personas de 15 a 59 anos,2005-03-01,55,119,55,119,174
PORTACHUELO,consulta externa,nuevas en personas de 15 a 59 anos,2005-03-01,274,499,274,499,773
PORVENIR,consulta externa,nuevas en personas de 15 a 59 anos,2005-03-01,87,99,87,99,186
POSTRER VALLE,consulta externa,nuevas en personas de 15 a 59 anos,2005-03-01,22,38,22,38,60
POTOSI,consulta externa,nuevas en personas de 15 a 59 anos,2005-03-01,4743,6595,4743,6595,11338
PRESTO,consulta externa,nuevas en personas de 15 a 59 anos,2005-03-01,81,237,81,237,318
PUCARA,consulta externa,nuevas en personas de 15 a 59 anos,2005-03-01,32,62,32,62,94
PUCARANI,consulta externa,nuevas en personas de 15 a 59 anos,2005-03-01,113,205,113,205,318
PUERTO ACOSTA,consulta externa,nuevas en personas de 15 a 59 anos,2005-03-01,279,347,279,347,626
PUERTO CARABUCO,consulta externa,nuevas en personas de 15 a 59 anos,2005-03-01,141,160,141,160,301
PUERTO GONZALO MORENO,consulta externa,nuevas en personas de 15 a 59 anos,2005-03-01,102,133,102,133,235
PUERTO PEREZ,consulta externa,nuevas en personas de 15 a 59 anos,2005-03-01,77,86,77,86,163
PUERTO QUIJARRO,consulta externa,nuevas en personas de 15 a 59 anos,2005-03-01,332,328,332,328,660
PUERTO RICO,consulta externa,nuevas en personas de 15 a 59 anos,2005-03-01,126,235,126,235,361
PUERTO SILES,consulta externa,nuevas en personas de 15 a 59 anos,2005-03-01,22,20,22,20,42
PUERTO SUAREZ,consulta externa,nuevas en personas de 15 a 59 anos,2005-03-01,280,582,280,582,862
PUERTO VILLARROEL,consulta externa,nuevas en personas de 15 a 59 anos,2005-03-01,585,717,585,717,1302
PUNA,consulta externa,nuevas en personas de 15 a 59 anos,2005-03-01,316,685,316,685,1001
PUNATA,consulta externa,nuevas en personas de 15 a 59 anos,2005-03-01,232,618,232,618,850
QUIABAYA,consulta externa,nuevas en personas de 15 a 59 anos,2005-03-01,31,38,31,38,69
QUILLACOLLO,consulta externa,nuevas en personas de 15 a 59 anos,2005-03-01,553,1268,553,1268,1821
QUIME,consulta externa,nuevas en personas de 15 a 59 anos,2005-03-01,54,79,54,79,133
QUIRUSILLAS,consulta externa,nuevas en personas de 15 a 59 anos,2005-03-01,17,62,17,62,79
RAVELO,consulta externa,nuevas en personas de 15 a 59 anos,2005-03-01,163,314,163,314,477
REYES,consulta externa,nuevas en personas de 15 a 59 anos,2005-03-01,82,206,82,206,288
RIBERALTA,consulta externa,nuevas en personas de 15 a 59 anos,2005-03-01,1270,2557,1270,2557,3827
ROBORE,consulta externa,nuevas en personas de 15 a 59 anos,2005-03-01,161,524,161,524,685
RURRENABAQUE,consulta externa,nuevas en personas de 15 a 59 anos,2005-03-01,199,376,199,376,575
SABAYA,consulta externa,nuevas en personas de 15 a 59 anos,2005-03-01,58,69,58,69,127
SACABA,consulta externa,nuevas en personas de 15 a 59 anos,2005-03-01,483,1078,483,1078,1561
SACABAMBA,consulta externa,nuevas en personas de 15 a 59 anos,2005-03-01,27,52,27,52,79
SACACA,consulta externa,nuevas en personas de 15 a 59 anos,2005-03-01,148,382,148,382,530
SAIPINA,consulta externa,nuevas en personas de 15 a 59 anos,2005-03-01,81,183,81,183,264
SALINAS DE GARCI MENDOZA,consulta externa,nuevas en personas de 15 a 59 anos,2005-03-01,136,273,136,273,409
SAMAIPATA,consulta externa,nuevas en personas de 15 a 59 anos,2005-03-01,77,163,77,163,240
SAN AGUSTIN,consulta externa,nuevas en personas de 15 a 59 anos,2005-03-01,29,68,29,68,97
SAN ANDRES,consulta externa,nuevas en personas de 15 a 59 anos,2005-03-01,65,171,65,171,236
SAN ANDRES DE MACHACA,consulta externa,nuevas en personas de 15 a 59 anos,2005-03-01,45,91,45,91,136
SAN ANTONIO DE ESMORUCO,consulta externa,nuevas en personas de 15 a 59 anos,2005-03-01,40,117,40,117,157
SAN ANTONIO DE LOMERIO,consulta externa,nuevas en personas de 15 a 59 anos,2005-03-01,45,71,45,71,116
SAN BENITO,consulta externa,nuevas en personas de 15 a 59 anos,2005-03-01,71,139,71,139,210
SAN BORJA,consulta externa,nuevas en personas de 15 a 59 anos,2005-03-01,269,578,269,578,847
SAN BUENA VENTURA,consulta externa,nuevas en personas de 15 a 59 anos,2005-03-01,115,182,115,182,297
SAN CARLOS,consulta externa,nuevas en personas de 15 a 59 anos,2005-03-01,181,547,181,547,728
SAN IGNACIO,consulta externa,nuevas en personas de 15 a 59 anos,2005-03-01,120,312,120,312,432
SAN IGNACIO DE VELASCO,consulta externa,nuevas en personas de 15 a 59 anos,2005-03-01,506,1123,506,1123,1629
SAN JAVIER(BNI),consulta externa,nuevas en personas de 15 a 59 anos,2005-03-01,27,74,27,74,101
SAN JAVIER(STC),consulta externa,nuevas en personas de 15 a 59 anos,2005-03-01,78,190,78,190,268
SAN JOAQUIN,consulta externa,nuevas en personas de 15 a 59 anos,2005-03-01,51,96,51,96,147
SAN JOSE DE CHIQUITOS,consulta externa,nuevas en personas de 15 a 59 anos,2005-03-01,270,458,270,458,728
SAN JUAN DE YAPACANI,consulta externa,nuevas en personas de 15 a 59 anos,2005-03-01,249,264,249,264,513
SAN JULIAN,consulta externa,nuevas en personas de 15 a 59 anos,2005-03-01,801,1255,801,1255,2056
SAN LORENZO(PND),consulta externa,nuevas en personas de 15 a 59 anos,2005-03-01,66,93,66,93,159
SAN LORENZO(TJA),consulta externa,nuevas en personas de 15 a 59 anos,2005-03-01,138,510,138,510,648
SAN LUCAS,consulta externa,nuevas en personas de 15 a 59 anos,2005-03-01,443,1145,443,1145,1588
SAN MATIAS,consulta externa,nuevas en personas de 15 a 59 anos,2005-03-01,70,213,70,213,283
SAN MIGUEL DE VELASCO,consulta externa,nuevas en personas de 15 a 59 anos,2005-03-01,116,270,116,270,386
SAN PABLO DE LIPEZ,consulta externa,nuevas en personas de 15 a 59 anos,2005-03-01,117,177,117,177,294
SAN PEDRO,consulta externa,nuevas en personas de 15 a 59 anos,2005-03-01,442,559,442,559,1001
SAN PEDRO DE BUENA VISTA,consulta externa,nuevas en personas de 15 a 59 anos,2005-03-01,194,410,194,410,604
SAN PEDRO DE CURAHUARA,consulta externa,nuevas en personas de 15 a 59 anos,2005-03-01,37,41,37,41,78
SAN PEDRO DE QUEMES,consulta externa,nuevas en personas de 15 a 59 anos,2005-03-01,4,16,4,16,20
SAN PEDRO DE TIQUINA,consulta externa,nuevas en personas de 15 a 59 anos,2005-03-01,47,51,47,51,98
SAN PEDRO(PND),consulta externa,nuevas en personas de 15 a 59 anos,2005-03-01,2,6,2,6,8
SAN RAFAEL,consulta externa,nuevas en personas de 15 a 59 anos,2005-03-01,62,100,62,100,162
SAN RAMON,consulta externa,nuevas en personas de 15 a 59 anos,2005-03-01,56,139,56,139,195
SAN RAMON,consulta externa,nuevas en personas de 15 a 59 anos,2005-03-01,102,251,102,251,353
SANTA ANA,consulta externa,nuevas en personas de 15 a 59 anos,2005-03-01,124,258,124,258,382
SANTA CRUZ DE LA SIERRA,consulta externa,nuevas en personas de 15 a 59 anos,2005-03-01,19211,34027,19211,34027,53238
SANTA ROSA,consulta externa,nuevas en personas de 15 a 59 anos,2005-03-01,51,108,51,108,159
SANTA ROSA DEL SARA,consulta externa,nuevas en personas de 15 a 59 anos,2005-03-01,186,350,186,350,536
SANTIAGO DE CALLAPA,consulta externa,nuevas en personas de 15 a 59 anos,2005-03-01,56,79,56,79,135
SANTIAGO DE HUARI,consulta externa,nuevas en personas de 15 a 59 anos,2005-03-01,88,119,88,119,207
SANTIAGO DE MACHACA,consulta externa,nuevas en personas de 15 a 59 anos,2005-03-01,26,34,26,34,60
SANTIVAÑES,consulta externa,nuevas en personas de 15 a 59 anos,2005-03-01,76,102,76,102,178
SANTUARIO DE QUILLACAS,consulta externa,nuevas en personas de 15 a 59 anos,2005-03-01,10,26,10,26,36
SAPAHAQUI,consulta externa,nuevas en personas de 15 a 59 anos,2005-03-01,106,123,106,123,229
SENA,consulta externa,nuevas en personas de 15 a 59 anos,2005-03-01,114,101,114,101,215
SICA SICA (VILLA AROMA),consulta externa,nuevas en personas de 15 a 59 anos,2005-03-01,107,167,107,167,274
SICAYA,consulta externa,nuevas en personas de 15 a 59 anos,2005-03-01,9,27,9,27,36
SIPE SIPE,consulta externa,nuevas en personas de 15 a 59 anos,2005-03-01,82,374,82,374,456
SOPACHUY,consulta externa,nuevas en personas de 15 a 59 anos,2005-03-01,98,199,98,199,297
SORACACHI,consulta externa,nuevas en personas de 15 a 59 anos,2005-03-01,56,87,56,87,143
SORATA,consulta externa,nuevas en personas de 15 a 59 anos,2005-03-01,134,176,134,176,310
SUCRE,consulta externa,nuevas en personas de 15 a 59 anos,2005-03-01,7187,14572,7187,14572,21759
TACACHI,consulta externa,nuevas en personas de 15 a 59 anos,2005-03-01,13,56,13,56,69
TACACOMA,consulta externa,nuevas en personas de 15 a 59 anos,2005-03-01,33,56,33,56,89
TACOBAMBA,consulta externa,nuevas en personas de 15 a 59 anos,2005-03-01,79,147,79,147,226
TACOPAYA,consulta externa,nuevas en personas de 15 a 59 anos,2005-03-01,44,110,44,110,154
TAHUA,consulta externa,nuevas en personas de 15 a 59 anos,2005-03-01,14,23,14,23,37
TAPACARI,consulta externa,nuevas en personas de 15 a 59 anos,2005-03-01,193,405,193,405,598
TARABUCO,consulta externa,nuevas en personas de 15 a 59 anos,2005-03-01,155,289,155,289,444
TARACO,consulta externa,nuevas en personas de 15 a 59 anos,2005-03-01,31,35,31,35,66
TARATA,consulta externa,nuevas en personas de 15 a 59 anos,2005-03-01,36,149,36,149,185
TARIJA,consulta externa,nuevas en personas de 15 a 59 anos,2005-03-01,4361,8361,4361,8361,12722
TARVITA,consulta externa,nuevas en personas de 15 a 59 anos,2005-03-01,379,959,379,959,1338
TEOPONTE,consulta externa,nuevas en personas de 15 a 59 anos,2005-03-01,34,105,34,105,139
TIAWANACU,consulta externa,nuevas en personas de 15 a 59 anos,2005-03-01,75,144,75,144,219
TINGUIPAYA,consulta externa,nuevas en personas de 15 a 59 anos,2005-03-01,139,296,139,296,435
TIPUANI,consulta externa,nuevas en personas de 15 a 59 anos,2005-03-01,58,69,58,69,127
TIQUIPAYA,consulta externa,nuevas en personas de 15 a 59 anos,2005-03-01,48,269,48,269,317
TIRAQUE (CBBA),consulta externa,nuevas en personas de 15 a 59 anos,2005-03-01,330,821,330,821,1151
TITO YUPANQUI (PARQUIPUJIO),consulta externa,nuevas en personas de 15 a 59 anos,2005-03-01,25,46,25,46,71
TOCO,consulta externa,nuevas en personas de 15 a 59 anos,2005-03-01,18,38,18,38,56
TODOS SANTOS,consulta externa,nuevas en personas de 15 a 59 anos,2005-03-01,1,6,1,6,7
TOLATA,consulta externa,nuevas en personas de 15 a 59 anos,2005-03-01,10,32,10,32,42
TOLEDO,consulta externa,nuevas en personas de 15 a 59 anos,2005-03-01,102,148,102,148,250
TOMAVE,consulta externa,nuevas en personas de 15 a 59 anos,2005-03-01,144,241,144,241,385
TOMINA,consulta externa,nuevas en personas de 15 a 59 anos,2005-03-01,114,233,114,233,347
TORO TORO,consulta externa,nuevas en personas de 15 a 59 anos,2005-03-01,147,228,147,228,375
TOTORA(CBBA),consulta externa,nuevas en personas de 15 a 59 anos,2005-03-01,91,158,91,158,249
TOTORA(ORR),consulta externa,nuevas en personas de 15 a 59 anos,2005-03-01,26,60,26,60,86
TRIGAL,consulta externa,nuevas en personas de 15 a 59 anos,2005-03-01,24,44,24,44,68
TRINIDAD,consulta externa,nuevas en personas de 15 a 59 anos,2005-03-01,1108,2141,1108,2141,3249
TUPIZA,consulta externa,nuevas en personas de 15 a 59 anos,2005-03-01,1486,2578,1486,2578,4064
TURCO,consulta externa,nuevas en personas de 15 a 59 anos,2005-03-01,90,118,90,118,208
UMALA,consulta externa,nuevas en personas de 15 a 59 anos,2005-03-01,5,12,5,12,17
UNCIA,consulta externa,nuevas en personas de 15 a 59 anos,2005-03-01,349,723,349,723,1072
URIONDO (A. CONCEPCION),consulta externa,nuevas en personas de 15 a 59 anos,2005-03-01,118,214,118,214,332
URUBICHA,consulta externa,nuevas en personas de 15 a 59 anos,2005-03-01,34,63,34,63,97
UYUNI,consulta externa,nuevas en personas de 15 a 59 anos,2005-03-01,500,1195,500,1195,1695
VACAS,consulta externa,nuevas en personas de 15 a 59 anos,2005-03-01,89,187,89,187,276
VALLEGRANDE,consulta externa,nuevas en personas de 15 a 59 anos,2005-03-01,264,731,264,731,995
VIACHA,consulta externa,nuevas en personas de 15 a 59 anos,2005-03-01,412,848,412,848,1260
VILA VILA,consulta externa,nuevas en personas de 15 a 59 anos,2005-03-01,26,44,26,44,70
VILLA MONTES,consulta externa,nuevas en personas de 15 a 59 anos,2005-03-01,360,515,360,515,875
VILLA NUEVA (LOMA ALTA),consulta externa,nuevas en personas de 15 a 59 anos,2005-03-01,25,33,25,33,58
VILLA RIVERO,consulta externa,nuevas en personas de 15 a 59 anos,2005-03-01,28,78,28,78,106
VILLA SERRANO,consulta externa,nuevas en personas de 15 a 59 anos,2005-03-01,199,379,199,379,578
VILLA TUNARI,consulta externa,nuevas en personas de 15 a 59 anos,2005-03-01,760,962,760,962,1722
VILLA VACA GUZMAN (MUYUPAMPA),consulta externa,nuevas en personas de 15 a 59 anos,2005-03-01,239,410,239,410,649
VILLAZON,consulta externa,nuevas en personas de 15 a 59 anos,2005-03-01,498,1394,498,1394,1892
VINTO,consulta externa,nuevas en personas de 15 a 59 anos,2005-03-01,78,203,78,203,281
VITICHI,consulta externa,nuevas en personas de 15 a 59 anos,2005-03-01,166,323,166,323,489
WALDO BALLIVIAN,consulta externa,nuevas en personas de 15 a 59 anos,2005-03-01,11,23,11,23,34
WARNES,consulta externa,nuevas en personas de 15 a 59 anos,2005-03-01,334,640,334,640,974
YACO,consulta externa,nuevas en personas de 15 a 59 anos,2005-03-01,44,86,44,86,130
YACUIBA,consulta externa,nuevas en personas de 15 a 59 anos,2005-03-01,1617,2469,1617,2469,4086
YAMPARAEZ,consulta externa,nuevas en personas de 15 a 59 anos,2005-03-01,96,137,96,137,233
YANACACHI,consulta externa,nuevas en personas de 15 a 59 anos,2005-03-01,78,115,78,115,193
YAPACANI,consulta externa,nuevas en personas de 15 a 59 anos,2005-03-01,423,1008,423,1008,1431
YOCALLA,consulta externa,nuevas en personas de 15 a 59 anos,2005-03-01,67,116,67,116,183
YOTALA,consulta externa,nuevas en personas de 15 a 59 anos,2005-03-01,111,730,111,730,841
YUNCHARA,consulta externa,nuevas en personas de 15 a 59 anos,2005-03-01,19,69,19,69,88
ZUDAÑEZ,consulta externa,nuevas en personas de 15 a 59 anos,2005-03-01,114,219,114,219,333
ACACIO,consulta externa,nuevas en personas de 15 a 59 anos,2005-04-01,99,154,99,154,253
ACHACACHI,consulta externa,nuevas en personas de 15 a 59 anos,2005-04-01,371,592,371,592,963
ACHOCALLA,consulta externa,nuevas en personas de 15 a 59 anos,2005-04-01,61,132,61,132,193
AIQUILE,consulta externa,nuevas en personas de 15 a 59 anos,2005-04-01,174,394,174,394,568
ALALAY,consulta externa,nuevas en personas de 15 a 59 anos,2005-04-01,15,31,15,31,46
ALCALA,consulta externa,nuevas en personas de 15 a 59 anos,2005-04-01,35,109,35,109,144
ANCORAIMES,consulta externa,nuevas en personas de 15 a 59 anos,2005-04-01,109,166,109,166,275
ANDAMARCA,consulta externa,nuevas en personas de 15 a 59 anos,2005-04-01,38,57,38,57,95
ANTEQUERA,consulta externa,nuevas en personas de 15 a 59 anos,2005-04-01,11,7,11,7,18
ANZALDO,consulta externa,nuevas en personas de 15 a 59 anos,2005-04-01,42,89,42,89,131
APOLO,consulta externa,nuevas en personas de 15 a 59 anos,2005-04-01,87,188,87,188,275
ARAMPAMPA,consulta externa,nuevas en personas de 15 a 59 anos,2005-04-01,64,103,64,103,167
ARANI,consulta externa,nuevas en personas de 15 a 59 anos,2005-04-01,39,82,39,82,121
ARBIETO,consulta externa,nuevas en personas de 15 a 59 anos,2005-04-01,27,98,27,98,125
ARQUE,consulta externa,nuevas en personas de 15 a 59 anos,2005-04-01,88,127,88,127,215
ASCENCION DE GUARAYOS,consulta externa,nuevas en personas de 15 a 59 anos,2005-04-01,158,281,158,281,439
ATOCHA,consulta externa,nuevas en personas de 15 a 59 anos,2005-04-01,764,776,764,776,1540
AUCAPATA,consulta externa,nuevas en personas de 15 a 59 anos,2005-04-01,65,61,65,61,126
AYATA,consulta externa,nuevas en personas de 15 a 59 anos,2005-04-01,61,70,61,70,131
AYO AYO,consulta externa,nuevas en personas de 15 a 59 anos,2005-04-01,17,45,17,45,62
AYOPAYA (V. DE INDEPENDENCIA),consulta externa,nuevas en personas de 15 a 59 anos,2005-04-01,189,478,189,478,667
AZURDUY,consulta externa,nuevas en personas de 15 a 59 anos,2005-04-01,164,516,164,516,680
BATALLAS,consulta externa,nuevas en personas de 15 a 59 anos,2005-04-01,90,128,90,128,218
BAURES,consulta externa,nuevas en personas de 15 a 59 anos,2005-04-01,78,157,78,157,235
BELEN DE ANDAMARCA,consulta externa,nuevas en personas de 15 a 59 anos,2005-04-01,15,19,15,19,34
BELEN DE URMIRI,consulta externa,nuevas en personas de 15 a 59 anos,2005-04-01,54,73,54,73,127
BELLA FLOR,consulta externa,nuevas en personas de 15 a 59 anos,2005-04-01,74,88,74,88,162
BERMEJO,consulta externa,nuevas en personas de 15 a 59 anos,2005-04-01,686,1037,686,1037,1723
BETANZOS,consulta externa,nuevas en personas de 15 a 59 anos,2005-04-01,450,902,450,902,1352
BOLIVAR,consulta externa,nuevas en personas de 15 a 59 anos,2005-04-01,39,74,39,74,113
BOLPEBRA,consulta externa,nuevas en personas de 15 a 59 anos,2005-04-01,46,34,46,34,80
BOYUIBE,consulta externa,nuevas en personas de 15 a 59 anos,2005-04-01,30,88,30,88,118
BUENA VISTA,consulta externa,nuevas en personas de 15 a 59 anos,2005-04-01,204,300,204,300,504
CABEZAS,consulta externa,nuevas en personas de 15 a 59 anos,2005-04-01,250,316,250,316,566
CAIROMA,consulta externa,nuevas en personas de 15 a 59 anos,2005-04-01,68,140,68,140,208
"CAIZA ""D""",consulta externa,nuevas en personas de 15 a 59 anos,2005-04-01,175,282,175,282,457
CAJUATA,consulta externa,nuevas en personas de 15 a 59 anos,2005-04-01,126,195,126,195,321
CALACOTO,consulta externa,nuevas en personas de 15 a 59 anos,2005-04-01,53,69,53,69,122
CALAMARCA,consulta externa,nuevas en personas de 15 a 59 anos,2005-04-01,43,71,43,71,114
CAMARGO,consulta externa,nuevas en personas de 15 a 59 anos,2005-04-01,277,638,277,638,915
CAMATAQUI (C. VILLA ABECIA),consulta externa,nuevas en personas de 15 a 59 anos,2005-04-01,68,112,68,112,180
CAMIRI,consulta externa,nuevas en personas de 15 a 59 anos,2005-04-01,662,1615,662,1615,2277
CAPINOTA,consulta externa,nuevas en personas de 15 a 59 anos,2005-04-01,106,202,106,202,308
CAQUIAVIRI,consulta externa,nuevas en personas de 15 a 59 anos,2005-04-01,87,124,87,124,211
CARACOLLO,consulta externa,nuevas en personas de 15 a 59 anos,2005-04-01,94,156,94,156,250
CARANAVI,consulta externa,nuevas en personas de 15 a 59 anos,2005-04-01,768,1093,768,1093,1861
CARANGAS,consulta externa,nuevas en personas de 15 a 59 anos,2005-04-01,3,0,3,0,3
CARAPARI,consulta externa,nuevas en personas de 15 a 59 anos,2005-04-01,171,249,171,249,420
CARIPUYO,consulta externa,nuevas en personas de 15 a 59 anos,2005-04-01,68,118,68,118,186
CARMEN RIVERO TORREZ,consulta externa,nuevas en personas de 15 a 59 anos,2005-04-01,22,99,22,99,121
CATACORA,consulta externa,nuevas en personas de 15 a 59 anos,2005-04-01,9,18,9,18,27
CHACARILLA,consulta externa,nuevas en personas de 15 a 59 anos,2005-04-01,2,2,2,2,4
CHALLAPATA,consulta externa,nuevas en personas de 15 a 59 anos,2005-04-01,218,432,218,432,650
CHAQUI,consulta externa,nuevas en personas de 15 a 59 anos,2005-04-01,117,185,117,185,302
CHARAGUA,consulta externa,nuevas en personas de 15 a 59 anos,2005-04-01,165,422,165,422,587
CHARAÑA,consulta externa,nuevas en personas de 15 a 59 anos,2005-04-01,45,54,45,54,99
CHAYANTA,consulta externa,nuevas en personas de 15 a 59 anos,2005-04-01,176,327,176,327,503
CHIMORE,consulta externa,nuevas en personas de 15 a 59 anos,2005-04-01,153,208,153,208,361
CHIPAYA,consulta externa,nuevas en personas de 15 a 59 anos,2005-04-01,8,23,8,23,31
CHOQUE COTA,consulta externa,nuevas en personas de 15 a 59 anos,2005-04-01,5,13,5,13,18
CHULUMANI (V. DE LA LIBERTAD),consulta externa,nuevas en personas de 15 a 59 anos,2005-04-01,172,191,172,191,363
CHUMA,consulta externa,nuevas en personas de 15 a 59 anos,2005-04-01,123,231,123,231,354
CLIZA,consulta externa,nuevas en personas de 15 a 59 anos,2005-04-01,33,123,33,123,156
COBIJA,consulta externa,nuevas en personas de 15 a 59 anos,2005-04-01,580,1147,580,1147,1727
COCHABAMBA,consulta externa,nuevas en personas de 15 a 59 anos,2005-04-01,10287,21193,10287,21193,31480
COIPASA,consulta externa,nuevas en personas de 15 a 59 anos,2005-04-01,8,9,8,9,17
COLCAPIRHUA,consulta externa,nuevas en personas de 15 a 59 anos,2005-04-01,384,737,384,737,1121
"COLCHA ""K""",consulta externa,nuevas en personas de 15 a 59 anos,2005-04-01,224,374,224,374,598
COLLANA,consulta externa,nuevas en personas de 15 a 59 anos,2005-04-01,30,37,30,37,67
COLOMI,consulta externa,nuevas en personas de 15 a 59 anos,2005-04-01,75,181,75,181,256
COLPA BELGICA,consulta externa,nuevas en personas de 15 a 59 anos,2005-04-01,65,120,65,120,185
COLQUECHACA,consulta externa,nuevas en personas de 15 a 59 anos,2005-04-01,290,535,290,535,825
COLQUENCHA,consulta externa,nuevas en personas de 15 a 59 anos,2005-04-01,62,81,62,81,143
COLQUIRI,consulta externa,nuevas en personas de 15 a 59 anos,2005-04-01,149,325,149,325,474
COMANCHE,consulta externa,nuevas en personas de 15 a 59 anos,2005-04-01,11,43,11,43,54
COMARAPA,consulta externa,nuevas en personas de 15 a 59 anos,2005-04-01,177,344,177,344,521
COMBAYA,consulta externa,nuevas en personas de 15 a 59 anos,2005-04-01,29,45,29,45,74
CONCEPCION,consulta externa,nuevas en personas de 15 a 59 anos,2005-04-01,64,138,64,138,202
COPACABANA,consulta externa,nuevas en personas de 15 a 59 anos,2005-04-01,57,87,57,87,144
CORIPATA,consulta externa,nuevas en personas de 15 a 59 anos,2005-04-01,83,162,83,162,245
CORO CORO,consulta externa,nuevas en personas de 15 a 59 anos,2005-04-01,62,140,62,140,202
COROICO,consulta externa,nuevas en personas de 15 a 59 anos,2005-04-01,188,282,188,282,470
CORQUE,consulta externa,nuevas en personas de 15 a 59 anos,2005-04-01,112,124,112,124,236
COTAGAITA,consulta externa,nuevas en personas de 15 a 59 anos,2005-04-01,753,1280,753,1280,2033
COTOCA,consulta externa,nuevas en personas de 15 a 59 anos,2005-04-01,155,553,155,553,708
CUATRO CAÑADAS,consulta externa,nuevas en personas de 15 a 59 anos,2005-04-01,129,387,129,387,516
CUCHUMUELA (V. G. VILLARROEL),consulta externa,nuevas en personas de 15 a 59 anos,2005-04-01,9,22,9,22,31
CUEVO,consulta externa,nuevas en personas de 15 a 59 anos,2005-04-01,69,102,69,102,171
CULPINA,consulta externa,nuevas en personas de 15 a 59 anos,2005-04-01,216,394,216,394,610
CURAHUARA DE CARANGAS,consulta externa,nuevas en personas de 15 a 59 anos,2005-04-01,198,368,198,368,566
CURVA,consulta externa,nuevas en personas de 15 a 59 anos,2005-04-01,29,40,29,40,69
DESAGUADERO,consulta externa,nuevas en personas de 15 a 59 anos,2005-04-01,28,72,28,72,100
EL ALTO,consulta externa,nuevas en personas de 15 a 59 anos,2005-04-01,6631,10772,6631,10772,17403
EL CHORO,consulta externa,nuevas en personas de 15 a 59 anos,2005-04-01,24,30,24,30,54
EL PUENTE(STC),consulta externa,nuevas en personas de 15 a 59 anos,2005-04-01,102,138,102,138,240
EL PUENTE(TJA),consulta externa,nuevas en personas de 15 a 59 anos,2005-04-01,109,182,109,182,291
EL TORNO,consulta externa,nuevas en personas de 15 a 59 anos,2005-04-01,566,846,566,846,1412
EL VILLAR,consulta externa,nuevas en personas de 15 a 59 anos,2005-04-01,91,213,91,213,304
ENTRE RIOS,consulta externa,nuevas en personas de 15 a 59 anos,2005-04-01,229,381,229,381,610
ENTRE RIOS,consulta externa,nuevas en personas de 15 a 59 anos,2005-04-01,135,173,135,173,308
ESCARA,consulta externa,nuevas en personas de 15 a 59 anos,2005-04-01,2,1,2,1,3
EUCALIPTUS,consulta externa,nuevas en personas de 15 a 59 anos,2005-04-01,28,61,28,61,89
EUREKA (SANTOS MERCADO),consulta externa,nuevas en personas de 15 a 59 anos,2005-04-01,1,10,1,10,11
EXALTACION,consulta externa,nuevas en personas de 15 a 59 anos,2005-04-01,62,128,62,128,190
FERNANDEZ ALONSO,consulta externa,nuevas en personas de 15 a 59 anos,2005-04-01,157,276,157,276,433
FILADELFIA,consulta externa,nuevas en personas de 15 a 59 anos,2005-04-01,9,44,9,44,53
GENERAL SAAVEDRA,consulta externa,nuevas en personas de 15 a 59 anos,2005-04-01,116,273,116,273,389
GRAL. J.J. PEREZ (CHARAZANI),consulta externa,nuevas en personas de 15 a 59 anos,2005-04-01,55,94,55,94,149
GUANAY,consulta externa,nuevas en personas de 15 a 59 anos,2005-04-01,151,266,151,266,417
GUAQUI,consulta externa,nuevas en personas de 15 a 59 anos,2005-04-01,29,70,29,70,99
GUAYARAMERIN,consulta externa,nuevas en personas de 15 a 59 anos,2005-04-01,687,1890,687,1890,2577
GUTIERREZ,consulta externa,nuevas en personas de 15 a 59 anos,2005-04-01,152,273,152,273,425
HUACARETA,consulta externa,nuevas en personas de 15 a 59 anos,2005-04-01,216,460,216,460,676
HUACAYA (VILLA DE HUACAYA),consulta externa,nuevas en personas de 15 a 59 anos,2005-04-01,30,56,30,56,86
HUACHACALLA,consulta externa,nuevas en personas de 15 a 59 anos,2005-04-01,24,18,24,18,42
HUANUNI,consulta externa,nuevas en personas de 15 a 59 anos,2005-04-01,166,277,166,277,443
HUARACAJE,consulta externa,nuevas en personas de 15 a 59 anos,2005-04-01,22,51,22,51,73
HUAYLLAMARCA,consulta externa,nuevas en personas de 15 a 59 anos,2005-04-01,32,31,32,31,63
ICHOCA,consulta externa,nuevas en personas de 15 a 59 anos,2005-04-01,55,83,55,83,138
ICLA,consulta externa,nuevas en personas de 15 a 59 anos,2005-04-01,85,394,85,394,479
INCAHUASI,consulta externa,nuevas en personas de 15 a 59 anos,2005-04-01,167,485,167,485,652
INGAVI (HUMAITA),consulta externa,nuevas en personas de 15 a 59 anos,2005-04-01,8,5,8,5,13
INQUISIVI,consulta externa,nuevas en personas de 15 a 59 anos,2005-04-01,74,158,74,158,232
IRUPANA (VILLA DE LANZA),consulta externa,nuevas en personas de 15 a 59 anos,2005-04-01,144,307,144,307,451
IXIAMAS,consulta externa,nuevas en personas de 15 a 59 anos,2005-04-01,103,158,103,158,261
JESUS DE MACHACA,consulta externa,nuevas en personas de 15 a 59 anos,2005-04-01,129,292,129,292,421
LA ASUNTA,consulta externa,nuevas en personas de 15 a 59 anos,2005-04-01,315,476,315,476,791
LA GUARDIA,consulta externa,nuevas en personas de 15 a 59 anos,2005-04-01,156,412,156,412,568
LA PAZ,consulta externa,nuevas en personas de 15 a 59 anos,2005-04-01,18926,38507,18926,38507,57433
LA RIVERA,consulta externa,nuevas en personas de 15 a 59 anos,2005-04-01,7,7,7,7,14
LAGUNILLAS,consulta externa,nuevas en personas de 15 a 59 anos,2005-04-01,103,151,103,151,254
LAJA,consulta externa,nuevas en personas de 15 a 59 anos,2005-04-01,51,120,51,120,171
LAS CARRERAS,consulta externa,nuevas en personas de 15 a 59 anos,2005-04-01,54,129,54,129,183
LICOMA PAMPA,consulta externa,nuevas en personas de 15 a 59 anos,2005-04-01,4,15,4,15,19
LLALLAGUA,consulta externa,nuevas en personas de 15 a 59 anos,2005-04-01,470,920,470,920,1390
LLICA,consulta externa,nuevas en personas de 15 a 59 anos,2005-04-01,153,207,153,207,360
LORETO,consulta externa,nuevas en personas de 15 a 59 anos,2005-04-01,21,41,21,41,62
LURIBAY,consulta externa,nuevas en personas de 15 a 59 anos,2005-04-01,72,147,72,147,219
MACHACAMARCA,consulta externa,nuevas en personas de 15 a 59 anos,2005-04-01,31,62,31,62,93
MACHARETI,consulta externa,nuevas en personas de 15 a 59 anos,2005-04-01,167,414,167,414,581
MAGDALENA,consulta externa,nuevas en personas de 15 a 59 anos,2005-04-01,149,276,149,276,425
MAIRANA,consulta externa,nuevas en personas de 15 a 59 anos,2005-04-01,95,201,95,201,296
MALLA,consulta externa,nuevas en personas de 15 a 59 anos,2005-04-01,41,47,41,47,88
MAPIRI,consulta externa,nuevas en personas de 15 a 59 anos,2005-04-01,134,175,134,175,309
MECAPACA,consulta externa,nuevas en personas de 15 a 59 anos,2005-04-01,125,174,125,174,299
MINEROS,consulta externa,nuevas en personas de 15 a 59 anos,2005-04-01,107,308,107,308,415
MIZQUE,consulta externa,nuevas en personas de 15 a 59 anos,2005-04-01,91,220,91,220,311
MOCOMOCO,consulta externa,nuevas en personas de 15 a 59 anos,2005-04-01,134,183,134,183,317
MOJINETE,consulta externa,nuevas en personas de 15 a 59 anos,2005-04-01,20,47,20,47,67
MOJOCOYA,consulta externa,nuevas en personas de 15 a 59 anos,2005-04-01,83,205,83,205,288
MONTEAGUDO,consulta externa,nuevas en personas de 15 a 59 anos,2005-04-01,570,1416,570,1416,1986
MONTERO,consulta externa,nuevas en personas de 15 a 59 anos,2005-04-01,1207,2076,1207,2076,3283
MORO MORO,consulta externa,nuevas en personas de 15 a 59 anos,2005-04-01,22,61,22,61,83
MOROCHATA,consulta externa,nuevas en personas de 15 a 59 anos,2005-04-01,81,284,81,284,365
NACEBE (SANTA ROSA DEL ABUNA),consulta externa,nuevas en personas de 15 a 59 anos,2005-04-01,83,79,83,79,162
NAZACARA DE PACAJES,consulta externa,nuevas en personas de 15 a 59 anos,2005-04-01,9,10,9,10,19
NUEVO MANOA (NUEVA ESPERANZA),consulta externa,nuevas en personas de 15 a 59 anos,2005-04-01,24,43,24,43,67
OCURI,consulta externa,nuevas en personas de 15 a 59 anos,2005-04-01,163,375,163,375,538
OKINAWA,consulta externa,nuevas en personas de 15 a 59 anos,2005-04-01,145,337,145,337,482
OMEREQUE,consulta externa,nuevas en personas de 15 a 59 anos,2005-04-01,59,121,59,121,180
ORURO,consulta externa,nuevas en personas de 15 a 59 anos,2005-04-01,5697,9115,5697,9115,14812
PADCAYA,consulta externa,nuevas en personas de 15 a 59 anos,2005-04-01,242,391,242,391,633
PADILLA,consulta externa,nuevas en personas de 15 a 59 anos,2005-04-01,328,440,328,440,768
PAILON,consulta externa,nuevas en personas de 15 a 59 anos,2005-04-01,103,252,103,252,355
PALCA,consulta externa,nuevas en personas de 15 a 59 anos,2005-04-01,92,128,92,128,220
PALOS BLANCOS,consulta externa,nuevas en personas de 15 a 59 anos,2005-04-01,464,437,464,437,901
PAMPA AULLAGAS,consulta externa,nuevas en personas de 15 a 59 anos,2005-04-01,20,43,20,43,63
PAMPA GRANDE,consulta externa,nuevas en personas de 15 a 59 anos,2005-04-01,70,202,70,202,272
PAPEL PAMPA,consulta externa,nuevas en personas de 15 a 59 anos,2005-04-01,34,67,34,67,101
PASORAPA,consulta externa,nuevas en personas de 15 a 59 anos,2005-04-01,29,48,29,48,77
PATACAMAYA,consulta externa,nuevas en personas de 15 a 59 anos,2005-04-01,105,116,105,116,221
PAZÑA,consulta externa,nuevas en personas de 15 a 59 anos,2005-04-01,75,128,75,128,203
PELECHUCO,consulta externa,nuevas en personas de 15 a 59 anos,2005-04-01,117,130,117,130,247
POCOATA,consulta externa,nuevas en personas de 15 a 59 anos,2005-04-01,208,430,208,430,638
POCONA,consulta externa,nuevas en personas de 15 a 59 anos,2005-04-01,87,139,87,139,226
POJO (CBBA),consulta externa,nuevas en personas de 15 a 59 anos,2005-04-01,26,66,26,66,92
POOPO,consulta externa,nuevas en personas de 15 a 59 anos,2005-04-01,79,106,79,106,185
PORCO,consulta externa,nuevas en personas de 15 a 59 anos,2005-04-01,78,105,78,105,183
POROMA,consulta externa,nuevas en personas de 15 a 59 anos,2005-04-01,135,332,135,332,467
PORONGO,consulta externa,nuevas en personas de 15 a 59 anos,2005-04-01,95,171,95,171,266
PORTACHUELO,consulta externa,nuevas en personas de 15 a 59 anos,2005-04-01,233,625,233,625,858
PORVENIR,consulta externa,nuevas en personas de 15 a 59 anos,2005-04-01,52,92,52,92,144
POSTRER VALLE,consulta externa,nuevas en personas de 15 a 59 anos,2005-04-01,18,31,18,31,49
POTOSI,consulta externa,nuevas en personas de 15 a 59 anos,2005-04-01,5109,6213,5109,6213,11322
PRESTO,consulta externa,nuevas en personas de 15 a 59 anos,2005-04-01,80,172,80,172,252
PUCARA,consulta externa,nuevas en personas de 15 a 59 anos,2005-04-01,28,68,28,68,96
PUCARANI,consulta externa,nuevas en personas de 15 a 59 anos,2005-04-01,99,159,99,159,258
PUERTO ACOSTA,consulta externa,nuevas en personas de 15 a 59 anos,2005-04-01,247,355,247,355,602
PUERTO CARABUCO,consulta externa,nuevas en personas de 15 a 59 anos,2005-04-01,177,192,177,192,369
PUERTO GONZALO MORENO,consulta externa,nuevas en personas de 15 a 59 anos,2005-04-01,57,161,57,161,218
PUERTO PEREZ,consulta externa,nuevas en personas de 15 a 59 anos,2005-04-01,97,143,97,143,240
PUERTO QUIJARRO,consulta externa,nuevas en personas de 15 a 59 anos,2005-04-01,341,378,341,378,719
PUERTO RICO,consulta externa,nuevas en personas de 15 a 59 anos,2005-04-01,103,171,103,171,274
PUERTO SILES,consulta externa,nuevas en personas de 15 a 59 anos,2005-04-01,9,6,9,6,15
PUERTO SUAREZ,consulta externa,nuevas en personas de 15 a 59 anos,2005-04-01,201,564,201,564,765
PUERTO VILLARROEL,consulta externa,nuevas en personas de 15 a 59 anos,2005-04-01,585,681,585,681,1266
PUNA,consulta externa,nuevas en personas de 15 a 59 anos,2005-04-01,413,701,413,701,1114
PUNATA,consulta externa,nuevas en personas de 15 a 59 anos,2005-04-01,259,660,259,660,919
QUIABAYA,consulta externa,nuevas en personas de 15 a 59 anos,2005-04-01,26,49,26,49,75
QUILLACOLLO,consulta externa,nuevas en personas de 15 a 59 anos,2005-04-01,275,621,275,621,896
QUIME,consulta externa,nuevas en personas de 15 a 59 anos,2005-04-01,176,149,176,149,325
QUIRUSILLAS,consulta externa,nuevas en personas de 15 a 59 anos,2005-04-01,14,30,14,30,44
RAVELO,consulta externa,nuevas en personas de 15 a 59 anos,2005-04-01,177,407,177,407,584
REYES,consulta externa,nuevas en personas de 15 a 59 anos,2005-04-01,179,556,179,556,735
RIBERALTA,consulta externa,nuevas en personas de 15 a 59 anos,2005-04-01,1111,1945,1111,1945,3056
ROBORE,consulta externa,nuevas en personas de 15 a 59 anos,2005-04-01,152,476,152,476,628
RURRENABAQUE,consulta externa,nuevas en personas de 15 a 59 anos,2005-04-01,104,220,104,220,324
SABAYA,consulta externa,nuevas en personas de 15 a 59 anos,2005-04-01,51,62,51,62,113
SACABA,consulta externa,nuevas en personas de 15 a 59 anos,2005-04-01,483,849,483,849,1332
SACABAMBA,consulta externa,nuevas en personas de 15 a 59 anos,2005-04-01,20,42,20,42,62
SACACA,consulta externa,nuevas en personas de 15 a 59 anos,2005-04-01,164,386,164,386,550
SAIPINA,consulta externa,nuevas en personas de 15 a 59 anos,2005-04-01,66,138,66,138,204
SALINAS DE GARCI MENDOZA,consulta externa,nuevas en personas de 15 a 59 anos,2005-04-01,90,153,90,153,243
SAMAIPATA,consulta externa,nuevas en personas de 15 a 59 anos,2005-04-01,132,204,132,204,336
SAN AGUSTIN,consulta externa,nuevas en personas de 15 a 59 anos,2005-04-01,24,63,24,63,87
SAN ANDRES,consulta externa,nuevas en personas de 15 a 59 anos,2005-04-01,68,200,68,200,268
SAN ANDRES DE MACHACA,consulta externa,nuevas en personas de 15 a 59 anos,2005-04-01,67,57,67,57,124
SAN ANTONIO DE ESMORUCO,consulta externa,nuevas en personas de 15 a 59 anos,2005-04-01,34,68,34,68,102
SAN ANTONIO DE LOMERIO,consulta externa,nuevas en personas de 15 a 59 anos,2005-04-01,33,76,33,76,109
SAN BENITO,consulta externa,nuevas en personas de 15 a 59 anos,2005-04-01,71,172,71,172,243
SAN BORJA,consulta externa,nuevas en personas de 15 a 59 anos,2005-04-01,210,535,210,535,745
SAN BUENA VENTURA,consulta externa,nuevas en personas de 15 a 59 anos,2005-04-01,69,225,69,225,294
SAN CARLOS,consulta externa,nuevas en personas de 15 a 59 anos,2005-04-01,151,511,151,511,662
SAN IGNACIO,consulta externa,nuevas en personas de 15 a 59 anos,2005-04-01,124,267,124,267,391
SAN IGNACIO DE VELASCO,consulta externa,nuevas en personas de 15 a 59 anos,2005-04-01,577,1265,577,1265,1842
SAN JAVIER(BNI),consulta externa,nuevas en personas de 15 a 59 anos,2005-04-01,12,40,12,40,52
SAN JAVIER(STC),consulta externa,nuevas en personas de 15 a 59 anos,2005-04-01,38,108,38,108,146
SAN JOAQUIN,consulta externa,nuevas en personas de 15 a 59 anos,2005-04-01,55,122,55,122,177
SAN JOSE DE CHIQUITOS,consulta externa,nuevas en personas de 15 a 59 anos,2005-04-01,245,444,245,444,689
SAN JUAN DE YAPACANI,consulta externa,nuevas en personas de 15 a 59 anos,2005-04-01,215,353,215,353,568
SAN JULIAN,consulta externa,nuevas en personas de 15 a 59 anos,2005-04-01,638,1155,638,1155,1793
SAN LORENZO(PND),consulta externa,nuevas en personas de 15 a 59 anos,2005-04-01,52,108,52,108,160
SAN LORENZO(TJA),consulta externa,nuevas en personas de 15 a 59 anos,2005-04-01,124,513,124,513,637
SAN LUCAS,consulta externa,nuevas en personas de 15 a 59 anos,2005-04-01,368,838,368,838,1206
SAN MATIAS,consulta externa,nuevas en personas de 15 a 59 anos,2005-04-01,135,101,135,101,236
SAN MIGUEL DE VELASCO,consulta externa,nuevas en personas de 15 a 59 anos,2005-04-01,83,202,83,202,285
SAN PABLO DE LIPEZ,consulta externa,nuevas en personas de 15 a 59 anos,2005-04-01,100,170,100,170,270
SAN PEDRO,consulta externa,nuevas en personas de 15 a 59 anos,2005-04-01,323,517,323,517,840
SAN PEDRO DE BUENA VISTA,consulta externa,nuevas en personas de 15 a 59 anos,2005-04-01,194,313,194,313,507
SAN PEDRO DE CURAHUARA,consulta externa,nuevas en personas de 15 a 59 anos,2005-04-01,70,65,70,65,135
SAN PEDRO DE QUEMES,consulta externa,nuevas en personas de 15 a 59 anos,2005-04-01,7,8,7,8,15
SAN PEDRO DE TIQUINA,consulta externa,nuevas en personas de 15 a 59 anos,2005-04-01,43,48,43,48,91
SAN PEDRO(PND),consulta externa,nuevas en personas de 15 a 59 anos,2005-04-01,8,28,8,28,36
SAN RAFAEL,consulta externa,nuevas en personas de 15 a 59 anos,2005-04-01,57,109,57,109,166
SAN RAMON,consulta externa,nuevas en personas de 15 a 59 anos,2005-04-01,69,259,69,259,328
SAN RAMON,consulta externa,nuevas en personas de 15 a 59 anos,2005-04-01,89,241,89,241,330
SANTA ANA,consulta externa,nuevas en personas de 15 a 59 anos,2005-04-01,126,268,126,268,394
SANTA CRUZ DE LA SIERRA,consulta externa,nuevas en personas de 15 a 59 anos,2005-04-01,19262,36860,19262,36860,56122
SANTA ROSA,consulta externa,nuevas en personas de 15 a 59 anos,2005-04-01,72,143,72,143,215
SANTA ROSA DEL SARA,consulta externa,nuevas en personas de 15 a 59 anos,2005-04-01,196,352,196,352,548
SANTIAGO DE CALLAPA,consulta externa,nuevas en personas de 15 a 59 anos,2005-04-01,23,68,23,68,91
SANTIAGO DE HUARI,consulta externa,nuevas en personas de 15 a 59 anos,2005-04-01,106,121,106,121,227
SANTIAGO DE MACHACA,consulta externa,nuevas en personas de 15 a 59 anos,2005-04-01,21,37,21,37,58
SANTIVAÑES,consulta externa,nuevas en personas de 15 a 59 anos,2005-04-01,101,102,101,102,203
SANTUARIO DE QUILLACAS,consulta externa,nuevas en personas de 15 a 59 anos,2005-04-01,19,42,19,42,61
SAPAHAQUI,consulta externa,nuevas en personas de 15 a 59 anos,2005-04-01,94,131,94,131,225
SENA,consulta externa,nuevas en personas de 15 a 59 anos,2005-04-01,56,49,56,49,105
SICA SICA (VILLA AROMA),consulta externa,nuevas en personas de 15 a 59 anos,2005-04-01,89,118,89,118,207
SICAYA,consulta externa,nuevas en personas de 15 a 59 anos,2005-04-01,17,30,17,30,47
SIPE SIPE,consulta externa,nuevas en personas de 15 a 59 anos,2005-04-01,76,302,76,302,378
SOPACHUY,consulta externa,nuevas en personas de 15 a 59 anos,2005-04-01,95,166,95,166,261
SORACACHI,consulta externa,nuevas en personas de 15 a 59 anos,2005-04-01,51,86,51,86,137
SORATA,consulta externa,nuevas en personas de 15 a 59 anos,2005-04-01,189,212,189,212,401
SUCRE,consulta externa,nuevas en personas de 15 a 59 anos,2005-04-01,6936,13732,6936,13732,20668
TACACHI,consulta externa,nuevas en personas de 15 a 59 anos,2005-04-01,15,51,15,51,66
TACACOMA,consulta externa,nuevas en personas de 15 a 59 anos,2005-04-01,43,63,43,63,106
TACOBAMBA,consulta externa,nuevas en personas de 15 a 59 anos,2005-04-01,105,237,105,237,342
TACOPAYA,consulta externa,nuevas en personas de 15 a 59 anos,2005-04-01,51,123,51,123,174
TAHUA,consulta externa,nuevas en personas de 15 a 59 anos,2005-04-01,16,38,16,38,54
TAPACARI,consulta externa,nuevas en personas de 15 a 59 anos,2005-04-01,134,342,134,342,476
TARABUCO,consulta externa,nuevas en personas de 15 a 59 anos,2005-04-01,174,271,174,271,445
TARACO,consulta externa,nuevas en personas de 15 a 59 anos,2005-04-01,33,47,33,47,80
TARATA,consulta externa,nuevas en personas de 15 a 59 anos,2005-04-01,34,72,34,72,106
TARIJA,consulta externa,nuevas en personas de 15 a 59 anos,2005-04-01,3870,8138,3870,8138,12008
TARVITA,consulta externa,nuevas en personas de 15 a 59 anos,2005-04-01,259,549,259,549,808
TEOPONTE,consulta externa,nuevas en personas de 15 a 59 anos,2005-04-01,66,119,66,119,185
TIAWANACU,consulta externa,nuevas en personas de 15 a 59 anos,2005-04-01,70,132,70,132,202
TINGUIPAYA,consulta externa,nuevas en personas de 15 a 59 anos,2005-04-01,139,245,139,245,384
TIPUANI,consulta externa,nuevas en personas de 15 a 59 anos,2005-04-01,44,83,44,83,127
TIQUIPAYA,consulta externa,nuevas en personas de 15 a 59 anos,2005-04-01,134,340,134,340,474
TIRAQUE (CBBA),consulta externa,nuevas en personas de 15 a 59 anos,2005-04-01,376,780,376,780,1156
TITO YUPANQUI (PARQUIPUJIO),consulta externa,nuevas en personas de 15 a 59 anos,2005-04-01,21,40,21,40,61
TOCO,consulta externa,nuevas en personas de 15 a 59 anos,2005-04-01,25,34,25,34,59
TODOS SANTOS,consulta externa,nuevas en personas de 15 a 59 anos,2005-04-01,6,3,6,3,9
TOLATA,consulta externa,nuevas en personas de 15 a 59 anos,2005-04-01,14,22,14,22,36
TOLEDO,consulta externa,nuevas en personas de 15 a 59 anos,2005-04-01,134,170,134,170,304
TOMAVE,consulta externa,nuevas en personas de 15 a 59 anos,2005-04-01,142,212,142,212,354
TOMINA,consulta externa,nuevas en personas de 15 a 59 anos,2005-04-01,125,255,125,255,380
TORO TORO,consulta externa,nuevas en personas de 15 a 59 anos,2005-04-01,134,231,134,231,365
TOTORA(CBBA),consulta externa,nuevas en personas de 15 a 59 anos,2005-04-01,101,178,101,178,279
TOTORA(ORR),consulta externa,nuevas en personas de 15 a 59 anos,2005-04-01,34,50,34,50,84
TRIGAL,consulta externa,nuevas en personas de 15 a 59 anos,2005-04-01,18,34,18,34,52
TRINIDAD,consulta externa,nuevas en personas de 15 a 59 anos,2005-04-01,1060,2107,1060,2107,3167
TUPIZA,consulta externa,nuevas en personas de 15 a 59 anos,2005-04-01,1367,2347,1367,2347,3714
TURCO,consulta externa,nuevas en personas de 15 a 59 anos,2005-04-01,16,47,16,47,63
UMALA,consulta externa,nuevas en personas de 15 a 59 anos,2005-04-01,30,42,30,42,72
UNCIA,consulta externa,nuevas en personas de 15 a 59 anos,2005-04-01,320,559,320,559,879
URIONDO (A. CONCEPCION),consulta externa,nuevas en personas de 15 a 59 anos,2005-04-01,97,221,97,221,318
URUBICHA,consulta externa,nuevas en personas de 15 a 59 anos,2005-04-01,34,73,34,73,107
UYUNI,consulta externa,nuevas en personas de 15 a 59 anos,2005-04-01,452,612,452,612,1064
VACAS,consulta externa,nuevas en personas de 15 a 59 anos,2005-04-01,98,192,98,192,290
VALLEGRANDE,consulta externa,nuevas en personas de 15 a 59 anos,2005-04-01,209,638,209,638,847
VIACHA,consulta externa,nuevas en personas de 15 a 59 anos,2005-04-01,276,806,276,806,1082
VILA VILA,consulta externa,nuevas en personas de 15 a 59 anos,2005-04-01,43,46,43,46,89
VILLA MONTES,consulta externa,nuevas en personas de 15 a 59 anos,2005-04-01,339,528,339,528,867
VILLA NUEVA (LOMA ALTA),consulta externa,nuevas en personas de 15 a 59 anos,2005-04-01,39,16,39,16,55
VILLA RIVERO,consulta externa,nuevas en personas de 15 a 59 anos,2005-04-01,34,66,34,66,100
VILLA SERRANO,consulta externa,nuevas en personas de 15 a 59 anos,2005-04-01,163,349,163,349,512
VILLA TUNARI,consulta externa,nuevas en personas de 15 a 59 anos,2005-04-01,614,892,614,892,1506
VILLA VACA GUZMAN (MUYUPAMPA),consulta externa,nuevas en personas de 15 a 59 anos,2005-04-01,229,468,229,468,697
VILLAZON,consulta externa,nuevas en personas de 15 a 59 anos,2005-04-01,541,1415,541,1415,1956
VINTO,consulta externa,nuevas en personas de 15 a 59 anos,2005-04-01,40,172,40,172,212
VITICHI,consulta externa,nuevas en personas de 15 a 59 anos,2005-04-01,198,317,198,317,515
WALDO BALLIVIAN,consulta externa,nuevas en personas de 15 a 59 anos,2005-04-01,10,41,10,41,51
WARNES,consulta externa,nuevas en personas de 15 a 59 anos,2005-04-01,323,629,323,629,952
YACO,consulta externa,nuevas en personas de 15 a 59 anos,2005-04-01,35,59,35,59,94
YACUIBA,consulta externa,nuevas en personas de 15 a 59 anos,2005-04-01,1248,1986,1248,1986,3234
YAMPARAEZ,consulta externa,nuevas en personas de 15 a 59 anos,2005-04-01,63,138,63,138,201
YANACACHI,consulta externa,nuevas en personas de 15 a 59 anos,2005-04-01,78,248,78,248,326
YAPACANI,consulta externa,nuevas en personas de 15 a 59 anos,2005-04-01,367,990,367,990,1357
YOCALLA,consulta externa,nuevas en personas de 15 a 59 anos,2005-04-01,102,168,102,168,270
YOTALA,consulta externa,nuevas en personas de 15 a 59 anos,2005-04-01,82,230,82,230,312
YUNCHARA,consulta externa,nuevas en personas de 15 a 59 anos,2005-04-01,148,266,148,266,414
ZUDAÑEZ,consulta externa,nuevas en personas de 15 a 59 anos,2005-04-01,94,192,94,192,286
ACACIO,consulta externa,nuevas en personas de 15 a 59 anos,2005-05-01,124,188,124,188,312
ACHACACHI,consulta externa,nuevas en personas de 15 a 59 anos,2005-05-01,406,630,406,630,1036
ACHOCALLA,consulta externa,nuevas en personas de 15 a 59 anos,2005-05-01,69,134,69,134,203
AIQUILE,consulta externa,nuevas en personas de 15 a 59 anos,2005-05-01,228,383,228,383,611
ALALAY,consulta externa,nuevas en personas de 15 a 59 anos,2005-05-01,17,28,17,28,45
ALCALA,consulta externa,nuevas en personas de 15 a 59 anos,2005-05-01,48,117,48,117,165
ANCORAIMES,consulta externa,nuevas en personas de 15 a 59 anos,2005-05-01,94,159,94,159,253
ANDAMARCA,consulta externa,nuevas en personas de 15 a 59 anos,2005-05-01,34,42,34,42,76
ANTEQUERA,consulta externa,nuevas en personas de 15 a 59 anos,2005-05-01,16,27,16,27,43
ANZALDO,consulta externa,nuevas en personas de 15 a 59 anos,2005-05-01,39,80,39,80,119
APOLO,consulta externa,nuevas en personas de 15 a 59 anos,2005-05-01,127,254,127,254,381
ARAMPAMPA,consulta externa,nuevas en personas de 15 a 59 anos,2005-05-01,100,124,100,124,224
ARANI,consulta externa,nuevas en personas de 15 a 59 anos,2005-05-01,42,57,42,57,99
ARBIETO,consulta externa,nuevas en personas de 15 a 59 anos,2005-05-01,52,91,52,91,143
ARQUE,consulta externa,nuevas en personas de 15 a 59 anos,2005-05-01,57,128,57,128,185
ASCENCION DE GUARAYOS,consulta externa,nuevas en personas de 15 a 59 anos,2005-05-01,167,286,167,286,453
ATOCHA,consulta externa,nuevas en personas de 15 a 59 anos,2005-05-01,659,833,659,833,1492
AUCAPATA,consulta externa,nuevas en personas de 15 a 59 anos,2005-05-01,96,140,96,140,236
AYATA,consulta externa,nuevas en personas de 15 a 59 anos,2005-05-01,79,120,79,120,199
AYO AYO,consulta externa,nuevas en personas de 15 a 59 anos,2005-05-01,62,48,62,48,110
AYOPAYA (V. DE INDEPENDENCIA),consulta externa,nuevas en personas de 15 a 59 anos,2005-05-01,224,411,224,411,635
AZURDUY,consulta externa,nuevas en personas de 15 a 59 anos,2005-05-01,252,493,252,493,745
BATALLAS,consulta externa,nuevas en personas de 15 a 59 anos,2005-05-01,79,118,79,118,197
BAURES,consulta externa,nuevas en personas de 15 a 59 anos,2005-05-01,62,89,62,89,151
BELEN DE ANDAMARCA,consulta externa,nuevas en personas de 15 a 59 anos,2005-05-01,12,25,12,25,37
BELEN DE URMIRI,consulta externa,nuevas en personas de 15 a 59 anos,2005-05-01,41,73,41,73,114
BELLA FLOR,consulta externa,nuevas en personas de 15 a 59 anos,2005-05-01,39,62,39,62,101
BERMEJO,consulta externa,nuevas en personas de 15 a 59 anos,2005-05-01,526,917,526,917,1443
BETANZOS,consulta externa,nuevas en personas de 15 a 59 anos,2005-05-01,395,1080,395,1080,1475
BOLIVAR,consulta externa,nuevas en personas de 15 a 59 anos,2005-05-01,42,62,42,62,104
BOLPEBRA,consulta externa,nuevas en personas de 15 a 59 anos,2005-05-01,28,30,28,30,58
BOYUIBE,consulta externa,nuevas en personas de 15 a 59 anos,2005-05-01,9,47,9,47,56
BUENA VISTA,consulta externa,nuevas en personas de 15 a 59 anos,2005-05-01,138,226,138,226,364
CABEZAS,consulta externa,nuevas en personas de 15 a 59 anos,2005-05-01,260,301,260,301,561
CAIROMA,consulta externa,nuevas en personas de 15 a 59 anos,2005-05-01,107,158,107,158,265
"CAIZA ""D""",consulta externa,nuevas en personas de 15 a 59 anos,2005-05-01,162,231,162,231,393
CAJUATA,consulta externa,nuevas en personas de 15 a 59 anos,2005-05-01,126,188,126,188,314
CALACOTO,consulta externa,nuevas en personas de 15 a 59 anos,2005-05-01,32,23,32,23,55
CALAMARCA,consulta externa,nuevas en personas de 15 a 59 anos,2005-05-01,56,108,56,108,164
CAMARGO,consulta externa,nuevas en personas de 15 a 59 anos,2005-05-01,355,709,355,709,1064
CAMATAQUI (C. VILLA ABECIA),consulta externa,nuevas en personas de 15 a 59 anos,2005-05-01,78,103,78,103,181
CAMIRI,consulta externa,nuevas en personas de 15 a 59 anos,2005-05-01,725,1813,725,1813,2538
CAPINOTA,consulta externa,nuevas en personas de 15 a 59 anos,2005-05-01,131,236,131,236,367
CAQUIAVIRI,consulta externa,nuevas en personas de 15 a 59 anos,2005-05-01,100,188,100,188,288
CARACOLLO,consulta externa,nuevas en personas de 15 a 59 anos,2005-05-01,90,131,90,131,221
CARANAVI,consulta externa,nuevas en personas de 15 a 59 anos,2005-05-01,775,1175,775,1175,1950
CARANGAS,consulta externa,nuevas en personas de 15 a 59 anos,2005-05-01,4,3,4,3,7
CARAPARI,consulta externa,nuevas en personas de 15 a 59 anos,2005-05-01,177,301,177,301,478
CARIPUYO,consulta externa,nuevas en personas de 15 a 59 anos,2005-05-01,87,136,87,136,223
CARMEN RIVERO TORREZ,consulta externa,nuevas en personas de 15 a 59 anos,2005-05-01,14,61,14,61,75
CATACORA,consulta externa,nuevas en personas de 15 a 59 anos,2005-05-01,18,32,18,32,50
CHACARILLA,consulta externa,nuevas en personas de 15 a 59 anos,2005-05-01,2,1,2,1,3
CHALLAPATA,consulta externa,nuevas en personas de 15 a 59 anos,2005-05-01,284,332,284,332,616
CHAQUI,consulta externa,nuevas en personas de 15 a 59 anos,2005-05-01,61,137,61,137,198
CHARAGUA,consulta externa,nuevas en personas de 15 a 59 anos,2005-05-01,131,393,131,393,524
CHARAÑA,consulta externa,nuevas en personas de 15 a 59 anos,2005-05-01,70,61,70,61,131
CHAYANTA,consulta externa,nuevas en personas de 15 a 59 anos,2005-05-01,172,276,172,276,448
CHIMORE,consulta externa,nuevas en personas de 15 a 59 anos,2005-05-01,228,251,228,251,479
CHIPAYA,consulta externa,nuevas en personas de 15 a 59 anos,2005-05-01,6,18,6,18,24
CHOQUE COTA,consulta externa,nuevas en personas de 15 a 59 anos,2005-05-01,9,19,9,19,28
CHULUMANI (V. DE LA LIBERTAD),consulta externa,nuevas en personas de 15 a 59 anos,2005-05-01,208,348,208,348,556
CHUMA,consulta externa,nuevas en personas de 15 a 59 anos,2005-05-01,160,224,160,224,384
CLIZA,consulta externa,nuevas en personas de 15 a 59 anos,2005-05-01,48,122,48,122,170
COBIJA,consulta externa,nuevas en personas de 15 a 59 anos,2005-05-01,524,889,524,889,1413
COCHABAMBA,consulta externa,nuevas en personas de 15 a 59 anos,2005-05-01,10794,20802,10794,20802,31596
COIPASA,consulta externa,nuevas en personas de 15 a 59 anos,2005-05-01,7,11,7,11,18
COLCAPIRHUA,consulta externa,nuevas en personas de 15 a 59 anos,2005-05-01,394,744,394,744,1138
"COLCHA ""K""",consulta externa,nuevas en personas de 15 a 59 anos,2005-05-01,162,363,162,363,525
COLLANA,consulta externa,nuevas en personas de 15 a 59 anos,2005-05-01,49,74,49,74,123
COLOMI,consulta externa,nuevas en personas de 15 a 59 anos,2005-05-01,105,191,105,191,296
COLPA BELGICA,consulta externa,nuevas en personas de 15 a 59 anos,2005-05-01,85,124,85,124,209
COLQUECHACA,consulta externa,nuevas en personas de 15 a 59 anos,2005-05-01,328,506,328,506,834
COLQUENCHA,consulta externa,nuevas en personas de 15 a 59 anos,2005-05-01,53,75,53,75,128
COLQUIRI,consulta externa,nuevas en personas de 15 a 59 anos,2005-05-01,166,376,166,376,542
COMANCHE,consulta externa,nuevas en personas de 15 a 59 anos,2005-05-01,26,37,26,37,63
COMARAPA,consulta externa,nuevas en personas de 15 a 59 anos,2005-05-01,178,313,178,313,491
COMBAYA,consulta externa,nuevas en personas de 15 a 59 anos,2005-05-01,20,39,20,39,59
CONCEPCION,consulta externa,nuevas en personas de 15 a 59 anos,2005-05-01,78,121,78,121,199
COPACABANA,consulta externa,nuevas en personas de 15 a 59 anos,2005-05-01,64,117,64,117,181
CORIPATA,consulta externa,nuevas en personas de 15 a 59 anos,2005-05-01,122,212,122,212,334
CORO CORO,consulta externa,nuevas en personas de 15 a 59 anos,2005-05-01,72,131,72,131,203
COROICO,consulta externa,nuevas en personas de 15 a 59 anos,2005-05-01,173,262,173,262,435
CORQUE,consulta externa,nuevas en personas de 15 a 59 anos,2005-05-01,126,124,126,124,250
COTAGAITA,consulta externa,nuevas en personas de 15 a 59 anos,2005-05-01,812,1307,812,1307,2119
COTOCA,consulta externa,nuevas en personas de 15 a 59 anos,2005-05-01,188,518,188,518,706
CUATRO CAÑADAS,consulta externa,nuevas en personas de 15 a 59 anos,2005-05-01,162,386,162,386,548
CUCHUMUELA (V. G. VILLARROEL),consulta externa,nuevas en personas de 15 a 59 anos,2005-05-01,14,30,14,30,44
CUEVO,consulta externa,nuevas en personas de 15 a 59 anos,2005-05-01,48,59,48,59,107
CULPINA,consulta externa,nuevas en personas de 15 a 59 anos,2005-05-01,265,511,265,511,776
CURAHUARA DE CARANGAS,consulta externa,nuevas en personas de 15 a 59 anos,2005-05-01,86,116,86,116,202
CURVA,consulta externa,nuevas en personas de 15 a 59 anos,2005-05-01,34,55,34,55,89
DESAGUADERO,consulta externa,nuevas en personas de 15 a 59 anos,2005-05-01,45,86,45,86,131
EL ALTO,consulta externa,nuevas en personas de 15 a 59 anos,2005-05-01,7216,9967,7216,9967,17183
EL CHORO,consulta externa,nuevas en personas de 15 a 59 anos,2005-05-01,35,48,35,48,83
EL PUENTE(STC),consulta externa,nuevas en personas de 15 a 59 anos,2005-05-01,91,139,91,139,230
EL PUENTE(TJA),consulta externa,nuevas en personas de 15 a 59 anos,2005-05-01,123,221,123,221,344
EL TORNO,consulta externa,nuevas en personas de 15 a 59 anos,2005-05-01,593,934,593,934,1527
EL VILLAR,consulta externa,nuevas en personas de 15 a 59 anos,2005-05-01,62,180,62,180,242
ENTRE RIOS,consulta externa,nuevas en personas de 15 a 59 anos,2005-05-01,316,464,316,464,780
ENTRE RIOS,consulta externa,nuevas en personas de 15 a 59 anos,2005-05-01,149,180,149,180,329
ESCARA,consulta externa,nuevas en personas de 15 a 59 anos,2005-05-01,1,2,1,2,3
EUCALIPTUS,consulta externa,nuevas en personas de 15 a 59 anos,2005-05-01,53,60,53,60,113
EUREKA (SANTOS MERCADO),consulta externa,nuevas en personas de 15 a 59 anos,2005-05-01,7,21,7,21,28
EXALTACION,consulta externa,nuevas en personas de 15 a 59 anos,2005-05-01,23,42,23,42,65
FERNANDEZ ALONSO,consulta externa,nuevas en personas de 15 a 59 anos,2005-05-01,158,274,158,274,432
FILADELFIA,consulta externa,nuevas en personas de 15 a 59 anos,2005-05-01,66,157,66,157,223
GENERAL SAAVEDRA,consulta externa,nuevas en personas de 15 a 59 anos,2005-05-01,202,249,202,249,451
GRAL. J.J. PEREZ (CHARAZANI),consulta externa,nuevas en personas de 15 a 59 anos,2005-05-01,125,179,125,179,304
GUANAY,consulta externa,nuevas en personas de 15 a 59 anos,2005-05-01,175,308,175,308,483
GUAQUI,consulta externa,nuevas en personas de 15 a 59 anos,2005-05-01,48,70,48,70,118
GUAYARAMERIN,consulta externa,nuevas en personas de 15 a 59 anos,2005-05-01,761,1582,761,1582,2343
GUTIERREZ,consulta externa,nuevas en personas de 15 a 59 anos,2005-05-01,129,278,129,278,407
HUACARETA,consulta externa,nuevas en personas de 15 a 59 anos,2005-05-01,201,357,201,357,558
HUACAYA (VILLA DE HUACAYA),consulta externa,nuevas en personas de 15 a 59 anos,2005-05-01,27,96,27,96,123
HUACHACALLA,consulta externa,nuevas en personas de 15 a 59 anos,2005-05-01,28,9,28,9,37
HUANUNI,consulta externa,nuevas en personas de 15 a 59 anos,2005-05-01,470,588,470,588,1058
HUARACAJE,consulta externa,nuevas en personas de 15 a 59 anos,2005-05-01,39,59,39,59,98
HUAYLLAMARCA,consulta externa,nuevas en personas de 15 a 59 anos,2005-05-01,60,87,60,87,147
ICHOCA,consulta externa,nuevas en personas de 15 a 59 anos,2005-05-01,32,64,32,64,96
ICLA,consulta externa,nuevas en personas de 15 a 59 anos,2005-05-01,104,204,104,204,308
INCAHUASI,consulta externa,nuevas en personas de 15 a 59 anos,2005-05-01,254,659,254,659,913
INGAVI (HUMAITA),consulta externa,nuevas en personas de 15 a 59 anos,2005-05-01,12,6,12,6,18
INQUISIVI,consulta externa,nuevas en personas de 15 a 59 anos,2005-05-01,61,133,61,133,194
IRUPANA (VILLA DE LANZA),consulta externa,nuevas en personas de 15 a 59 anos,2005-05-01,172,287,172,287,459
IXIAMAS,consulta externa,nuevas en personas de 15 a 59 anos,2005-05-01,140,180,140,180,320
JESUS DE MACHACA,consulta externa,nuevas en personas de 15 a 59 anos,2005-05-01,98,278,98,278,376
LA ASUNTA,consulta externa,nuevas en personas de 15 a 59 anos,2005-05-01,251,359,251,359,610
LA GUARDIA,consulta externa,nuevas en personas de 15 a 59 anos,2005-05-01,148,444,148,444,592
LA PAZ,consulta externa,nuevas en personas de 15 a 59 anos,2005-05-01,18304,35760,18304,35760,54064
LA RIVERA,consulta externa,nuevas en personas de 15 a 59 anos,2005-05-01,7,11,7,11,18
LAGUNILLAS,consulta externa,nuevas en personas de 15 a 59 anos,2005-05-01,90,133,90,133,223
LAJA,consulta externa,nuevas en personas de 15 a 59 anos,2005-05-01,77,133,77,133,210
LAS CARRERAS,consulta externa,nuevas en personas de 15 a 59 anos,2005-05-01,37,100,37,100,137
LICOMA PAMPA,consulta externa,nuevas en personas de 15 a 59 anos,2005-05-01,23,34,23,34,57
LLALLAGUA,consulta externa,nuevas en personas de 15 a 59 anos,2005-05-01,426,795,426,795,1221
LLICA,consulta externa,nuevas en personas de 15 a 59 anos,2005-05-01,126,132,126,132,258
LORETO,consulta externa,nuevas en personas de 15 a 59 anos,2005-05-01,12,39,12,39,51
LURIBAY,consulta externa,nuevas en personas de 15 a 59 anos,2005-05-01,121,149,121,149,270
MACHACAMARCA,consulta externa,nuevas en personas de 15 a 59 anos,2005-05-01,53,81,53,81,134
MACHARETI,consulta externa,nuevas en personas de 15 a 59 anos,2005-05-01,183,427,183,427,610
MAGDALENA,consulta externa,nuevas en personas de 15 a 59 anos,2005-05-01,115,268,115,268,383
MAIRANA,consulta externa,nuevas en personas de 15 a 59 anos,2005-05-01,51,206,51,206,257
MALLA,consulta externa,nuevas en personas de 15 a 59 anos,2005-05-01,48,61,48,61,109
MAPIRI,consulta externa,nuevas en personas de 15 a 59 anos,2005-05-01,155,193,155,193,348
MECAPACA,consulta externa,nuevas en personas de 15 a 59 anos,2005-05-01,136,249,136,249,385
MINEROS,consulta externa,nuevas en personas de 15 a 59 anos,2005-05-01,142,332,142,332,474
MIZQUE,consulta externa,nuevas en personas de 15 a 59 anos,2005-05-01,106,145,106,145,251
MOCOMOCO,consulta externa,nuevas en personas de 15 a 59 anos,2005-05-01,187,218,187,218,405
MOJINETE,consulta externa,nuevas en personas de 15 a 59 anos,2005-05-01,16,23,16,23,39
MOJOCOYA,consulta externa,nuevas en personas de 15 a 59 anos,2005-05-01,58,186,58,186,244
MONTEAGUDO,consulta externa,nuevas en personas de 15 a 59 anos,2005-05-01,594,1325,594,1325,1919
MONTERO,consulta externa,nuevas en personas de 15 a 59 anos,2005-05-01,1209,1996,1209,1996,3205
MORO MORO,consulta externa,nuevas en personas de 15 a 59 anos,2005-05-01,17,46,17,46,63
MOROCHATA,consulta externa,nuevas en personas de 15 a 59 anos,2005-05-01,113,306,113,306,419
NACEBE (SANTA ROSA DEL ABUNA),consulta externa,nuevas en personas de 15 a 59 anos,2005-05-01,34,44,34,44,78
NAZACARA DE PACAJES,consulta externa,nuevas en personas de 15 a 59 anos,2005-05-01,13,8,13,8,21
NUEVO MANOA (NUEVA ESPERANZA),consulta externa,nuevas en personas de 15 a 59 anos,2005-05-01,29,42,29,42,71
OCURI,consulta externa,nuevas en personas de 15 a 59 anos,2005-05-01,118,322,118,322,440
OKINAWA,consulta externa,nuevas en personas de 15 a 59 anos,2005-05-01,141,316,141,316,457
OMEREQUE,consulta externa,nuevas en personas de 15 a 59 anos,2005-05-01,50,99,50,99,149
ORURO,consulta externa,nuevas en personas de 15 a 59 anos,2005-05-01,6140,8339,6140,8339,14479
PADCAYA,consulta externa,nuevas en personas de 15 a 59 anos,2005-05-01,270,396,270,396,666
PADILLA,consulta externa,nuevas en personas de 15 a 59 anos,2005-05-01,217,598,217,598,815
PAILON,consulta externa,nuevas en personas de 15 a 59 anos,2005-05-01,98,267,98,267,365
PALCA,consulta externa,nuevas en personas de 15 a 59 anos,2005-05-01,101,158,101,158,259
PALOS BLANCOS,consulta externa,nuevas en personas de 15 a 59 anos,2005-05-01,444,475,444,475,919
PAMPA AULLAGAS,consulta externa,nuevas en personas de 15 a 59 anos,2005-05-01,10,21,10,21,31
PAMPA GRANDE,consulta externa,nuevas en personas de 15 a 59 anos,2005-05-01,72,215,72,215,287
PAPEL PAMPA,consulta externa,nuevas en personas de 15 a 59 anos,2005-05-01,34,59,34,59,93
PASORAPA,consulta externa,nuevas en personas de 15 a 59 anos,2005-05-01,20,22,20,22,42
PATACAMAYA,consulta externa,nuevas en personas de 15 a 59 anos,2005-05-01,94,109,94,109,203
PAZÑA,consulta externa,nuevas en personas de 15 a 59 anos,2005-05-01,95,147,95,147,242
PELECHUCO,consulta externa,nuevas en personas de 15 a 59 anos,2005-05-01,131,132,131,132,263
POCOATA,consulta externa,nuevas en personas de 15 a 59 anos,2005-05-01,354,511,354,511,865
POCONA,consulta externa,nuevas en personas de 15 a 59 anos,2005-05-01,93,156,93,156,249
POJO (CBBA),consulta externa,nuevas en personas de 15 a 59 anos,2005-05-01,71,98,71,98,169
POOPO,consulta externa,nuevas en personas de 15 a 59 anos,2005-05-01,71,78,71,78,149
PORCO,consulta externa,nuevas en personas de 15 a 59 anos,2005-05-01,63,128,63,128,191
POROMA,consulta externa,nuevas en personas de 15 a 59 anos,2005-05-01,160,422,160,422,582
PORONGO,consulta externa,nuevas en personas de 15 a 59 anos,2005-05-01,151,190,151,190,341
PORTACHUELO,consulta externa,nuevas en personas de 15 a 59 anos,2005-05-01,199,563,199,563,762
PORVENIR,consulta externa,nuevas en personas de 15 a 59 anos,2005-05-01,77,100,77,100,177
POSTRER VALLE,consulta externa,nuevas en personas de 15 a 59 anos,2005-05-01,23,40,23,40,63
POTOSI,consulta externa,nuevas en personas de 15 a 59 anos,2005-05-01,4497,5978,4497,5978,10475
PRESTO,consulta externa,nuevas en personas de 15 a 59 anos,2005-05-01,51,216,51,216,267
PUCARA,consulta externa,nuevas en personas de 15 a 59 anos,2005-05-01,27,88,27,88,115
PUCARANI,consulta externa,nuevas en personas de 15 a 59 anos,2005-05-01,122,218,122,218,340
PUERTO ACOSTA,consulta externa,nuevas en personas de 15 a 59 anos,2005-05-01,212,275,212,275,487
PUERTO CARABUCO,consulta externa,nuevas en personas de 15 a 59 anos,2005-05-01,171,230,171,230,401
PUERTO GONZALO MORENO,consulta externa,nuevas en personas de 15 a 59 anos,2005-05-01,77,111,77,111,188
PUERTO PEREZ,consulta externa,nuevas en personas de 15 a 59 anos,2005-05-01,72,89,72,89,161
PUERTO QUIJARRO,consulta externa,nuevas en personas de 15 a 59 anos,2005-05-01,378,320,378,320,698
PUERTO RICO,consulta externa,nuevas en personas de 15 a 59 anos,2005-05-01,89,143,89,143,232
PUERTO SILES,consulta externa,nuevas en personas de 15 a 59 anos,2005-05-01,21,81,21,81,102
PUERTO SUAREZ,consulta externa,nuevas en personas de 15 a 59 anos,2005-05-01,210,617,210,617,827
PUERTO VILLARROEL,consulta externa,nuevas en personas de 15 a 59 anos,2005-05-01,449,670,449,670,1119
PUNA,consulta externa,nuevas en personas de 15 a 59 anos,2005-05-01,410,704,410,704,1114
PUNATA,consulta externa,nuevas en personas de 15 a 59 anos,2005-05-01,231,559,231,559,790
QUIABAYA,consulta externa,nuevas en personas de 15 a 59 anos,2005-05-01,24,37,24,37,61
QUILLACOLLO,consulta externa,nuevas en personas de 15 a 59 anos,2005-05-01,681,1334,681,1334,2015
QUIME,consulta externa,nuevas en personas de 15 a 59 anos,2005-05-01,132,109,132,109,241
QUIRUSILLAS,consulta externa,nuevas en personas de 15 a 59 anos,2005-05-01,13,24,13,24,37
RAVELO,consulta externa,nuevas en personas de 15 a 59 anos,2005-05-01,170,410,170,410,580
REYES,consulta externa,nuevas en personas de 15 a 59 anos,2005-05-01,146,232,146,232,378
RIBERALTA,consulta externa,nuevas en personas de 15 a 59 anos,2005-05-01,549,1178,549,1178,1727
ROBORE,consulta externa,nuevas en personas de 15 a 59 anos,2005-05-01,130,373,130,373,503
RURRENABAQUE,consulta externa,nuevas en personas de 15 a 59 anos,2005-05-01,199,413,199,413,612
SABAYA,consulta externa,nuevas en personas de 15 a 59 anos,2005-05-01,43,64,43,64,107
SACABA,consulta externa,nuevas en personas de 15 a 59 anos,2005-05-01,485,1042,485,1042,1527
SACABAMBA,consulta externa,nuevas en personas de 15 a 59 anos,2005-05-01,31,51,31,51,82
SACACA,consulta externa,nuevas en personas de 15 a 59 anos,2005-05-01,157,390,157,390,547
SAIPINA,consulta externa,nuevas en personas de 15 a 59 anos,2005-05-01,85,205,85,205,290
SALINAS DE GARCI MENDOZA,consulta externa,nuevas en personas de 15 a 59 anos,2005-05-01,183,351,183,351,534
SAMAIPATA,consulta externa,nuevas en personas de 15 a 59 anos,2005-05-01,81,138,81,138,219
SAN AGUSTIN,consulta externa,nuevas en personas de 15 a 59 anos,2005-05-01,46,65,46,65,111
SAN ANDRES,consulta externa,nuevas en personas de 15 a 59 anos,2005-05-01,55,157,55,157,212
SAN ANDRES DE MACHACA,consulta externa,nuevas en personas de 15 a 59 anos,2005-05-01,72,95,72,95,167
SAN ANTONIO DE ESMORUCO,consulta externa,nuevas en personas de 15 a 59 anos,2005-05-01,33,57,33,57,90
SAN ANTONIO DE LOMERIO,consulta externa,nuevas en personas de 15 a 59 anos,2005-05-01,64,97,64,97,161
SAN BENITO,consulta externa,nuevas en personas de 15 a 59 anos,2005-05-01,66,147,66,147,213
SAN BORJA,consulta externa,nuevas en personas de 15 a 59 anos,2005-05-01,177,411,177,411,588
SAN BUENA VENTURA,consulta externa,nuevas en personas de 15 a 59 anos,2005-05-01,79,100,79,100,179
SAN CARLOS,consulta externa,nuevas en personas de 15 a 59 anos,2005-05-01,145,463,145,463,608
SAN IGNACIO,consulta externa,nuevas en personas de 15 a 59 anos,2005-05-01,190,310,190,310,500
SAN IGNACIO DE VELASCO,consulta externa,nuevas en personas de 15 a 59 anos,2005-05-01,545,1158,545,1158,1703
SAN JAVIER(BNI),consulta externa,nuevas en personas de 15 a 59 anos,2005-05-01,10,44,10,44,54
SAN JAVIER(STC),consulta externa,nuevas en personas de 15 a 59 anos,2005-05-01,60,158,60,158,218
SAN JOAQUIN,consulta externa,nuevas en personas de 15 a 59 anos,2005-05-01,57,132,57,132,189
SAN JOSE DE CHIQUITOS,consulta externa,nuevas en personas de 15 a 59 anos,2005-05-01,180,424,180,424,604
SAN JUAN DE YAPACANI,consulta externa,nuevas en personas de 15 a 59 anos,2005-05-01,166,381,166,381,547
SAN JULIAN,consulta externa,nuevas en personas de 15 a 59 anos,2005-05-01,556,1040,556,1040,1596
SAN LORENZO(PND),consulta externa,nuevas en personas de 15 a 59 anos,2005-05-01,34,47,34,47,81
SAN LORENZO(TJA),consulta externa,nuevas en personas de 15 a 59 anos,2005-05-01,168,517,168,517,685
SAN LUCAS,consulta externa,nuevas en personas de 15 a 59 anos,2005-05-01,405,835,405,835,1240
SAN MATIAS,consulta externa,nuevas en personas de 15 a 59 anos,2005-05-01,90,292,90,292,382
SAN MIGUEL DE VELASCO,consulta externa,nuevas en personas de 15 a 59 anos,2005-05-01,63,149,63,149,212
SAN PABLO DE LIPEZ,consulta externa,nuevas en personas de 15 a 59 anos,2005-05-01,87,166,87,166,253
SAN PEDRO,consulta externa,nuevas en personas de 15 a 59 anos,2005-05-01,345,497,345,497,842
SAN PEDRO DE BUENA VISTA,consulta externa,nuevas en personas de 15 a 59 anos,2005-05-01,228,374,228,374,602
SAN PEDRO DE CURAHUARA,consulta externa,nuevas en personas de 15 a 59 anos,2005-05-01,55,64,55,64,119
SAN PEDRO DE QUEMES,consulta externa,nuevas en personas de 15 a 59 anos,2005-05-01,18,18,18,18,36
SAN PEDRO DE TIQUINA,consulta externa,nuevas en personas de 15 a 59 anos,2005-05-01,31,43,31,43,74
SAN PEDRO(PND),consulta externa,nuevas en personas de 15 a 59 anos,2005-05-01,3,4,3,4,7
SAN RAFAEL,consulta externa,nuevas en personas de 15 a 59 anos,2005-05-01,62,107,62,107,169
SAN RAMON,consulta externa,nuevas en personas de 15 a 59 anos,2005-05-01,23,127,23,127,150
SAN RAMON,consulta externa,nuevas en personas de 15 a 59 anos,2005-05-01,71,188,71,188,259
SANTA ANA,consulta externa,nuevas en personas de 15 a 59 anos,2005-05-01,100,196,100,196,296
SANTA CRUZ DE LA SIERRA,consulta externa,nuevas en personas de 15 a 59 anos,2005-05-01,16355,32643,16355,32643,48998
SANTA ROSA,consulta externa,nuevas en personas de 15 a 59 anos,2005-05-01,84,226,84,226,310
SANTA ROSA DEL SARA,consulta externa,nuevas en personas de 15 a 59 anos,2005-05-01,128,263,128,263,391
SANTIAGO DE CALLAPA,consulta externa,nuevas en personas de 15 a 59 anos,2005-05-01,34,39,34,39,73
SANTIAGO DE HUARI,consulta externa,nuevas en personas de 15 a 59 anos,2005-05-01,109,119,109,119,228
SANTIAGO DE MACHACA,consulta externa,nuevas en personas de 15 a 59 anos,2005-05-01,25,39,25,39,64
SANTIVAÑES,consulta externa,nuevas en personas de 15 a 59 anos,2005-05-01,75,101,75,101,176
SANTUARIO DE QUILLACAS,consulta externa,nuevas en personas de 15 a 59 anos,2005-05-01,10,19,10,19,29
SAPAHAQUI,consulta externa,nuevas en personas de 15 a 59 anos,2005-05-01,80,102,80,102,182
SENA,consulta externa,nuevas en personas de 15 a 59 anos,2005-05-01,34,55,34,55,89
SICA SICA (VILLA AROMA),consulta externa,nuevas en personas de 15 a 59 anos,2005-05-01,117,157,117,157,274
SICAYA,consulta externa,nuevas en personas de 15 a 59 anos,2005-05-01,18,25,18,25,43
SIPE SIPE,consulta externa,nuevas en personas de 15 a 59 anos,2005-05-01,113,356,113,356,469
SOPACHUY,consulta externa,nuevas en personas de 15 a 59 anos,2005-05-01,67,132,67,132,199
SORACACHI,consulta externa,nuevas en personas de 15 a 59 anos,2005-05-01,53,84,53,84,137
SORATA,consulta externa,nuevas en personas de 15 a 59 anos,2005-05-01,206,238,206,238,444
SUCRE,consulta externa,nuevas en personas de 15 a 59 anos,2005-05-01,7612,13899,7612,13899,21511
TACACHI,consulta externa,nuevas en personas de 15 a 59 anos,2005-05-01,23,42,23,42,65
TACACOMA,consulta externa,nuevas en personas de 15 a 59 anos,2005-05-01,75,85,75,85,160
TACOBAMBA,consulta externa,nuevas en personas de 15 a 59 anos,2005-05-01,78,149,78,149,227
TACOPAYA,consulta externa,nuevas en personas de 15 a 59 anos,2005-05-01,81,138,81,138,219
TAHUA,consulta externa,nuevas en personas de 15 a 59 anos,2005-05-01,19,33,19,33,52
TAPACARI,consulta externa,nuevas en personas de 15 a 59 anos,2005-05-01,193,333,193,333,526
TARABUCO,consulta externa,nuevas en personas de 15 a 59 anos,2005-05-01,150,294,150,294,444
TARACO,consulta externa,nuevas en personas de 15 a 59 anos,2005-05-01,45,53,45,53,98
TARATA,consulta externa,nuevas en personas de 15 a 59 anos,2005-05-01,46,89,46,89,135
TARIJA,consulta externa,nuevas en personas de 15 a 59 anos,2005-05-01,3407,7546,3407,7546,10953
TARVITA,consulta externa,nuevas en personas de 15 a 59 anos,2005-05-01,279,829,279,829,1108
TEOPONTE,consulta externa,nuevas en personas de 15 a 59 anos,2005-05-01,108,175,108,175,283
TIAWANACU,consulta externa,nuevas en personas de 15 a 59 anos,2005-05-01,109,156,109,156,265
TINGUIPAYA,consulta externa,nuevas en personas de 15 a 59 anos,2005-05-01,160,313,160,313,473
TIPUANI,consulta externa,nuevas en personas de 15 a 59 anos,2005-05-01,30,68,30,68,98
TIQUIPAYA,consulta externa,nuevas en personas de 15 a 59 anos,2005-05-01,110,336,110,336,446
TIRAQUE (CBBA),consulta externa,nuevas en personas de 15 a 59 anos,2005-05-01,473,826,473,826,1299
TITO YUPANQUI (PARQUIPUJIO),consulta externa,nuevas en personas de 15 a 59 anos,2005-05-01,13,54,13,54,67
TOCO,consulta externa,nuevas en personas de 15 a 59 anos,2005-05-01,31,26,31,26,57
TOLATA,consulta externa,nuevas en personas de 15 a 59 anos,2005-05-01,10,51,10,51,61
TOLEDO,consulta externa,nuevas en personas de 15 a 59 anos,2005-05-01,149,157,149,157,306
TOMAVE,consulta externa,nuevas en personas de 15 a 59 anos,2005-05-01,136,304,136,304,440
TOMINA,consulta externa,nuevas en personas de 15 a 59 anos,2005-05-01,123,243,123,243,366
TORO TORO,consulta externa,nuevas en personas de 15 a 59 anos,2005-05-01,124,278,124,278,402
TOTORA(CBBA),consulta externa,nuevas en personas de 15 a 59 anos,2005-05-01,113,118,113,118,231
TOTORA(ORR),consulta externa,nuevas en personas de 15 a 59 anos,2005-05-01,28,33,28,33,61
TRIGAL,consulta externa,nuevas en personas de 15 a 59 anos,2005-05-01,19,37,19,37,56
TRINIDAD,consulta externa,nuevas en personas de 15 a 59 anos,2005-05-01,987,1699,987,1699,2686
TUPIZA,consulta externa,nuevas en personas de 15 a 59 anos,2005-05-01,1281,2263,1281,2263,3544
TURCO,consulta externa,nuevas en personas de 15 a 59 anos,2005-05-01,67,85,67,85,152
UMALA,consulta externa,nuevas en personas de 15 a 59 anos,2005-05-01,14,8,14,8,22
UNCIA,consulta externa,nuevas en personas de 15 a 59 anos,2005-05-01,377,699,377,699,1076
URIONDO (A. CONCEPCION),consulta externa,nuevas en personas de 15 a 59 anos,2005-05-01,258,500,258,500,758
URUBICHA,consulta externa,nuevas en personas de 15 a 59 anos,2005-05-01,33,64,33,64,97
UYUNI,consulta externa,nuevas en personas de 15 a 59 anos,2005-05-01,426,663,426,663,1089
VACAS,consulta externa,nuevas en personas de 15 a 59 anos,2005-05-01,179,305,179,305,484
VALLEGRANDE,consulta externa,nuevas en personas de 15 a 59 anos,2005-05-01,244,814,244,814,1058
VIACHA,consulta externa,nuevas en personas de 15 a 59 anos,2005-05-01,401,729,401,729,1130
VILA VILA,consulta externa,nuevas en personas de 15 a 59 anos,2005-05-01,45,53,45,53,98
VILLA MONTES,consulta externa,nuevas en personas de 15 a 59 anos,2005-05-01,326,534,326,534,860
VILLA NUEVA (LOMA ALTA),consulta externa,nuevas en personas de 15 a 59 anos,2005-05-01,22,56,22,56,78
VILLA RIVERO,consulta externa,nuevas en personas de 15 a 59 anos,2005-05-01,33,77,33,77,110
VILLA SERRANO,consulta externa,nuevas en personas de 15 a 59 anos,2005-05-01,171,344,171,344,515
VILLA TUNARI,consulta externa,nuevas en personas de 15 a 59 anos,2005-05-01,920,1344,920,1344,2264
VILLA VACA GUZMAN (MUYUPAMPA),consulta externa,nuevas en personas de 15 a 59 anos,2005-05-01,288,524,288,524,812
VILLAZON,consulta externa,nuevas en personas de 15 a 59 anos,2005-05-01,460,1251,460,1251,1711
VINTO,consulta externa,nuevas en personas de 15 a 59 anos,2005-05-01,118,231,118,231,349
VITICHI,consulta externa,nuevas en personas de 15 a 59 anos,2005-05-01,203,374,203,374,577
WALDO BALLIVIAN,consulta externa,nuevas en personas de 15 a 59 anos,2005-05-01,17,42,17,42,59
WARNES,consulta externa,nuevas en personas de 15 a 59 anos,2005-05-01,366,746,366,746,1112
YACO,consulta externa,nuevas en personas de 15 a 59 anos,2005-05-01,37,50,37,50,87
YACUIBA,consulta externa,nuevas en personas de 15 a 59 anos,2005-05-01,1077,2024,1077,2024,3101
YAMPARAEZ,consulta externa,nuevas en personas de 15 a 59 anos,2005-05-01,79,118,79,118,197
YANACACHI,consulta externa,nuevas en personas de 15 a 59 anos,2005-05-01,126,133,126,133,259
YAPACANI,consulta externa,nuevas en personas de 15 a 59 anos,2005-05-01,312,902,312,902,1214
YOCALLA,consulta externa,nuevas en personas de 15 a 59 anos,2005-05-01,87,98,87,98,185
YOTALA,consulta externa,nuevas en personas de 15 a 59 anos,2005-05-01,114,189,114,189,303
YUNCHARA,consulta externa,nuevas en personas de 15 a 59 anos,2005-05-01,15,57,15,57,72
ZUDAÑEZ,consulta externa,nuevas en personas de 15 a 59 anos,2005-05-01,81,206,81,206,287
ACACIO,consulta externa,nuevas en personas de 15 a 59 anos,2005-06-01,117,130,117,130,247
ACHACACHI,consulta externa,nuevas en personas de 15 a 59 anos,2005-06-01,328,518,328,518,846
ACHOCALLA,consulta externa,nuevas en personas de 15 a 59 anos,2005-06-01,58,88,58,88,146
AIQUILE,consulta externa,nuevas en personas de 15 a 59 anos,2005-06-01,203,388,203,388,591
ALALAY,consulta externa,nuevas en personas de 15 a 59 anos,2005-06-01,8,30,8,30,38
ALCALA,consulta externa,nuevas en personas de 15 a 59 anos,2005-06-01,37,116,37,116,153
ANCORAIMES,consulta externa,nuevas en personas de 15 a 59 anos,2005-06-01,78,157,78,157,235
ANDAMARCA,consulta externa,nuevas en personas de 15 a 59 anos,2005-06-01,33,65,33,65,98
ANTEQUERA,consulta externa,nuevas en personas de 15 a 59 anos,2005-06-01,23,41,23,41,64
ANZALDO,consulta externa,nuevas en personas de 15 a 59 anos,2005-06-01,55,88,55,88,143
APOLO,consulta externa,nuevas en personas de 15 a 59 anos,2005-06-01,113,180,113,180,293
ARAMPAMPA,consulta externa,nuevas en personas de 15 a 59 anos,2005-06-01,51,101,51,101,152
ARANI,consulta externa,nuevas en personas de 15 a 59 anos,2005-06-01,47,73,47,73,120
ARBIETO,consulta externa,nuevas en personas de 15 a 59 anos,2005-06-01,31,85,31,85,116
ARQUE,consulta externa,nuevas en personas de 15 a 59 anos,2005-06-01,80,119,80,119,199
ASCENCION DE GUARAYOS,consulta externa,nuevas en personas de 15 a 59 anos,2005-06-01,175,375,175,375,550
ATOCHA,consulta externa,nuevas en personas de 15 a 59 anos,2005-06-01,786,863,786,863,1649
AUCAPATA,consulta externa,nuevas en personas de 15 a 59 anos,2005-06-01,72,89,72,89,161
AYATA,consulta externa,nuevas en personas de 15 a 59 anos,2005-06-01,98,119,98,119,217
AYO AYO,consulta externa,nuevas en personas de 15 a 59 anos,2005-06-01,25,64,25,64,89
AYOPAYA (V. DE INDEPENDENCIA),consulta externa,nuevas en personas de 15 a 59 anos,2005-06-01,206,451,206,451,657
AZURDUY,consulta externa,nuevas en personas de 15 a 59 anos,2005-06-01,271,701,271,701,972
BATALLAS,consulta externa,nuevas en personas de 15 a 59 anos,2005-06-01,90,128,90,128,218
BAURES,consulta externa,nuevas en personas de 15 a 59 anos,2005-06-01,77,131,77,131,208
BELEN DE ANDAMARCA,consulta externa,nuevas en personas de 15 a 59 anos,2005-06-01,12,14,12,14,26
BELEN DE URMIRI,consulta externa,nuevas en personas de 15 a 59 anos,2005-06-01,23,53,23,53,76
BELLA FLOR,consulta externa,nuevas en personas de 15 a 59 anos,2005-06-01,73,68,73,68,141
BERMEJO,consulta externa,nuevas en personas de 15 a 59 anos,2005-06-01,915,1151,915,1151,2066
BETANZOS,consulta externa,nuevas en personas de 15 a 59 anos,2005-06-01,414,851,414,851,1265
BOLIVAR,consulta externa,nuevas en personas de 15 a 59 anos,2005-06-01,37,36,37,36,73
BOLPEBRA,consulta externa,nuevas en personas de 15 a 59 anos,2005-06-01,43,28,43,28,71
BOYUIBE,consulta externa,nuevas en personas de 15 a 59 anos,2005-06-01,33,87,33,87,120
BUENA VISTA,consulta externa,nuevas en personas de 15 a 59 anos,2005-06-01,155,323,155,323,478
CABEZAS,consulta externa,nuevas en personas de 15 a 59 anos,2005-06-01,173,236,173,236,409
CAIROMA,consulta externa,nuevas en personas de 15 a 59 anos,2005-06-01,121,138,121,138,259
"CAIZA ""D""",consulta externa,nuevas en personas de 15 a 59 anos,2005-06-01,140,214,140,214,354
CAJUATA,consulta externa,nuevas en personas de 15 a 59 anos,2005-06-01,101,178,101,178,279
CALACOTO,consulta externa,nuevas en personas de 15 a 59 anos,2005-06-01,37,46,37,46,83
CALAMARCA,consulta externa,nuevas en personas de 15 a 59 anos,2005-06-01,50,76,50,76,126
CAMARGO,consulta externa,nuevas en personas de 15 a 59 anos,2005-06-01,326,630,326,630,956
CAMATAQUI (C. VILLA ABECIA),consulta externa,nuevas en personas de 15 a 59 anos,2005-06-01,59,69,59,69,128
CAMIRI,consulta externa,nuevas en personas de 15 a 59 anos,2005-06-01,995,1982,995,1982,2977
CAPINOTA,consulta externa,nuevas en personas de 15 a 59 anos,2005-06-01,191,290,191,290,481
CAQUIAVIRI,consulta externa,nuevas en personas de 15 a 59 anos,2005-06-01,55,148,55,148,203
CARACOLLO,consulta externa,nuevas en personas de 15 a 59 anos,2005-06-01,118,126,118,126,244
CARANAVI,consulta externa,nuevas en personas de 15 a 59 anos,2005-06-01,749,1067,749,1067,1816
CARANGAS,consulta externa,nuevas en personas de 15 a 59 anos,2005-06-01,3,2,3,2,5
CARAPARI,consulta externa,nuevas en personas de 15 a 59 anos,2005-06-01,161,285,161,285,446
CARIPUYO,consulta externa,nuevas en personas de 15 a 59 anos,2005-06-01,50,112,50,112,162
CARMEN RIVERO TORREZ,consulta externa,nuevas en personas de 15 a 59 anos,2005-06-01,15,87,15,87,102
CATACORA,consulta externa,nuevas en personas de 15 a 59 anos,2005-06-01,10,14,10,14,24
CHACARILLA,consulta externa,nuevas en personas de 15 a 59 anos,2005-06-01,1,0,1,0,1
CHALLAPATA,consulta externa,nuevas en personas de 15 a 59 anos,2005-06-01,234,374,234,374,608
CHAQUI,consulta externa,nuevas en personas de 15 a 59 anos,2005-06-01,84,120,84,120,204
CHARAGUA,consulta externa,nuevas en personas de 15 a 59 anos,2005-06-01,145,428,145,428,573
CHARAÑA,consulta externa,nuevas en personas de 15 a 59 anos,2005-06-01,48,46,48,46,94
CHAYANTA,consulta externa,nuevas en personas de 15 a 59 anos,2005-06-01,156,264,156,264,420
CHIMORE,consulta externa,nuevas en personas de 15 a 59 anos,2005-06-01,138,302,138,302,440
CHIPAYA,consulta externa,nuevas en personas de 15 a 59 anos,2005-06-01,9,13,9,13,22
CHOQUE COTA,consulta externa,nuevas en personas de 15 a 59 anos,2005-06-01,6,6,6,6,12
CHULUMANI (V. DE LA LIBERTAD),consulta externa,nuevas en personas de 15 a 59 anos,2005-06-01,228,320,228,320,548
CHUMA,consulta externa,nuevas en personas de 15 a 59 anos,2005-06-01,144,174,144,174,318
CLIZA,consulta externa,nuevas en personas de 15 a 59 anos,2005-06-01,32,128,32,128,160
COBIJA,consulta externa,nuevas en personas de 15 a 59 anos,2005-06-01,553,1174,553,1174,1727
COCHABAMBA,consulta externa,nuevas en personas de 15 a 59 anos,2005-06-01,10402,20362,10402,20362,30764
COIPASA,consulta externa,nuevas en personas de 15 a 59 anos,2005-06-01,2,12,2,12,14
COLCAPIRHUA,consulta externa,nuevas en personas de 15 a 59 anos,2005-06-01,357,584,357,584,941
"COLCHA ""K""",consulta externa,nuevas en personas de 15 a 59 anos,2005-06-01,196,324,196,324,520
COLLANA,consulta externa,nuevas en personas de 15 a 59 anos,2005-06-01,35,64,35,64,99
COLOMI,consulta externa,nuevas en personas de 15 a 59 anos,2005-06-01,91,206,91,206,297
COLPA BELGICA,consulta externa,nuevas en personas de 15 a 59 anos,2005-06-01,71,136,71,136,207
COLQUECHACA,consulta externa,nuevas en personas de 15 a 59 anos,2005-06-01,237,468,237,468,705
COLQUENCHA,consulta externa,nuevas en personas de 15 a 59 anos,2005-06-01,44,84,44,84,128
COLQUIRI,consulta externa,nuevas en personas de 15 a 59 anos,2005-06-01,140,333,140,333,473
COMANCHE,consulta externa,nuevas en personas de 15 a 59 anos,2005-06-01,17,45,17,45,62
COMARAPA,consulta externa,nuevas en personas de 15 a 59 anos,2005-06-01,181,330,181,330,511
COMBAYA,consulta externa,nuevas en personas de 15 a 59 anos,2005-06-01,10,29,10,29,39
CONCEPCION,consulta externa,nuevas en personas de 15 a 59 anos,2005-06-01,75,134,75,134,209
COPACABANA,consulta externa,nuevas en personas de 15 a 59 anos,2005-06-01,35,72,35,72,107
CORIPATA,consulta externa,nuevas en personas de 15 a 59 anos,2005-06-01,127,194,127,194,321
CORO CORO,consulta externa,nuevas en personas de 15 a 59 anos,2005-06-01,57,125,57,125,182
COROICO,consulta externa,nuevas en personas de 15 a 59 anos,2005-06-01,166,259,166,259,425
CORQUE,consulta externa,nuevas en personas de 15 a 59 anos,2005-06-01,130,110,130,110,240
COTAGAITA,consulta externa,nuevas en personas de 15 a 59 anos,2005-06-01,754,1240,754,1240,1994
COTOCA,consulta externa,nuevas en personas de 15 a 59 anos,2005-06-01,116,430,116,430,546
CUATRO CAÑADAS,consulta externa,nuevas en personas de 15 a 59 anos,2005-06-01,152,425,152,425,577
CUCHUMUELA (V. G. VILLARROEL),consulta externa,nuevas en personas de 15 a 59 anos,2005-06-01,18,35,18,35,53
CUEVO,consulta externa,nuevas en personas de 15 a 59 anos,2005-06-01,78,111,78,111,189
CULPINA,consulta externa,nuevas en personas de 15 a 59 anos,2005-06-01,241,430,241,430,671
CURAHUARA DE CARANGAS,consulta externa,nuevas en personas de 15 a 59 anos,2005-06-01,60,79,60,79,139
CURVA,consulta externa,nuevas en personas de 15 a 59 anos,2005-06-01,28,44,28,44,72
DESAGUADERO,consulta externa,nuevas en personas de 15 a 59 anos,2005-06-01,43,54,43,54,97
EL ALTO,consulta externa,nuevas en personas de 15 a 59 anos,2005-06-01,5845,10367,5845,10367,16212
EL CHORO,consulta externa,nuevas en personas de 15 a 59 anos,2005-06-01,17,32,17,32,49
EL PUENTE(STC),consulta externa,nuevas en personas de 15 a 59 anos,2005-06-01,87,149,87,149,236
EL PUENTE(TJA),consulta externa,nuevas en personas de 15 a 59 anos,2005-06-01,114,236,114,236,350
EL TORNO,consulta externa,nuevas en personas de 15 a 59 anos,2005-06-01,560,875,560,875,1435
EL VILLAR,consulta externa,nuevas en personas de 15 a 59 anos,2005-06-01,96,207,96,207,303
ENTRE RIOS,consulta externa,nuevas en personas de 15 a 59 anos,2005-06-01,230,442,230,442,672
ENTRE RIOS,consulta externa,nuevas en personas de 15 a 59 anos,2005-06-01,143,197,143,197,340
ESCARA,consulta externa,nuevas en personas de 15 a 59 anos,2005-06-01,1,2,1,2,3
EUCALIPTUS,consulta externa,nuevas en personas de 15 a 59 anos,2005-06-01,33,84,33,84,117
EUREKA (SANTOS MERCADO),consulta externa,nuevas en personas de 15 a 59 anos,2005-06-01,6,8,6,8,14
EXALTACION,consulta externa,nuevas en personas de 15 a 59 anos,2005-06-01,20,70,20,70,90
FERNANDEZ ALONSO,consulta externa,nuevas en personas de 15 a 59 anos,2005-06-01,157,417,157,417,574
FILADELFIA,consulta externa,nuevas en personas de 15 a 59 anos,2005-06-01,15,47,15,47,62
GENERAL SAAVEDRA,consulta externa,nuevas en personas de 15 a 59 anos,2005-06-01,162,302,162,302,464
GRAL. J.J. PEREZ (CHARAZANI),consulta externa,nuevas en personas de 15 a 59 anos,2005-06-01,61,116,61,116,177
GUANAY,consulta externa,nuevas en personas de 15 a 59 anos,2005-06-01,155,276,155,276,431
GUAQUI,consulta externa,nuevas en personas de 15 a 59 anos,2005-06-01,37,72,37,72,109
GUAYARAMERIN,consulta externa,nuevas en personas de 15 a 59 anos,2005-06-01,691,1473,691,1473,2164
GUTIERREZ,consulta externa,nuevas en personas de 15 a 59 anos,2005-06-01,146,322,146,322,468
HUACARETA,consulta externa,nuevas en personas de 15 a 59 anos,2005-06-01,222,381,222,381,603
HUACAYA (VILLA DE HUACAYA),consulta externa,nuevas en personas de 15 a 59 anos,2005-06-01,30,80,30,80,110
HUACHACALLA,consulta externa,nuevas en personas de 15 a 59 anos,2005-06-01,11,8,11,8,19
HUANUNI,consulta externa,nuevas en personas de 15 a 59 anos,2005-06-01,414,575,414,575,989
HUARACAJE,consulta externa,nuevas en personas de 15 a 59 anos,2005-06-01,18,40,18,40,58
HUAYLLAMARCA,consulta externa,nuevas en personas de 15 a 59 anos,2005-06-01,23,37,23,37,60
ICHOCA,consulta externa,nuevas en personas de 15 a 59 anos,2005-06-01,54,75,54,75,129
ICLA,consulta externa,nuevas en personas de 15 a 59 anos,2005-06-01,96,380,96,380,476
INCAHUASI,consulta externa,nuevas en personas de 15 a 59 anos,2005-06-01,163,459,163,459,622
INGAVI (HUMAITA),consulta externa,nuevas en personas de 15 a 59 anos,2005-06-01,15,28,15,28,43
INQUISIVI,consulta externa,nuevas en personas de 15 a 59 anos,2005-06-01,91,173,91,173,264
IRUPANA (VILLA DE LANZA),consulta externa,nuevas en personas de 15 a 59 anos,2005-06-01,202,320,202,320,522
IXIAMAS,consulta externa,nuevas en personas de 15 a 59 anos,2005-06-01,96,160,96,160,256
JESUS DE MACHACA,consulta externa,nuevas en personas de 15 a 59 anos,2005-06-01,89,188,89,188,277
LA ASUNTA,consulta externa,nuevas en personas de 15 a 59 anos,2005-06-01,296,500,296,500,796
LA GUARDIA,consulta externa,nuevas en personas de 15 a 59 anos,2005-06-01,121,506,121,506,627
LA PAZ,consulta externa,nuevas en personas de 15 a 59 anos,2005-06-01,16001,30930,16001,30930,46931
LA RIVERA,consulta externa,nuevas en personas de 15 a 59 anos,2005-06-01,9,9,9,9,18
LAGUNILLAS,consulta externa,nuevas en personas de 15 a 59 anos,2005-06-01,123,182,123,182,305
LAJA,consulta externa,nuevas en personas de 15 a 59 anos,2005-06-01,68,121,68,121,189
LAS CARRERAS,consulta externa,nuevas en personas de 15 a 59 anos,2005-06-01,45,86,45,86,131
LICOMA PAMPA,consulta externa,nuevas en personas de 15 a 59 anos,2005-06-01,5,14,5,14,19
LLALLAGUA,consulta externa,nuevas en personas de 15 a 59 anos,2005-06-01,394,695,394,695,1089
LLICA,consulta externa,nuevas en personas de 15 a 59 anos,2005-06-01,132,175,132,175,307
LORETO,consulta externa,nuevas en personas de 15 a 59 anos,2005-06-01,14,38,14,38,52
LURIBAY,consulta externa,nuevas en personas de 15 a 59 anos,2005-06-01,128,163,128,163,291
MACHACAMARCA,consulta externa,nuevas en personas de 15 a 59 anos,2005-06-01,50,55,50,55,105
MACHARETI,consulta externa,nuevas en personas de 15 a 59 anos,2005-06-01,228,471,228,471,699
MAGDALENA,consulta externa,nuevas en personas de 15 a 59 anos,2005-06-01,155,209,155,209,364
MAIRANA,consulta externa,nuevas en personas de 15 a 59 anos,2005-06-01,71,196,71,196,267
MALLA,consulta externa,nuevas en personas de 15 a 59 anos,2005-06-01,37,45,37,45,82
MAPIRI,consulta externa,nuevas en personas de 15 a 59 anos,2005-06-01,158,217,158,217,375
MECAPACA,consulta externa,nuevas en personas de 15 a 59 anos,2005-06-01,144,181,144,181,325
MINEROS,consulta externa,nuevas en personas de 15 a 59 anos,2005-06-01,159,366,159,366,525
MIZQUE,consulta externa,nuevas en personas de 15 a 59 anos,2005-06-01,98,152,98,152,250
MOCOMOCO,consulta externa,nuevas en personas de 15 a 59 anos,2005-06-01,99,153,99,153,252
MOJINETE,consulta externa,nuevas en personas de 15 a 59 anos,2005-06-01,22,45,22,45,67
MOJOCOYA,consulta externa,nuevas en personas de 15 a 59 anos,2005-06-01,89,326,89,326,415
MONTEAGUDO,consulta externa,nuevas en personas de 15 a 59 anos,2005-06-01,852,1434,852,1434,2286
MONTERO,consulta externa,nuevas en personas de 15 a 59 anos,2005-06-01,1559,2948,1559,2948,4507
MORO MORO,consulta externa,nuevas en personas de 15 a 59 anos,2005-06-01,37,68,37,68,105
MOROCHATA,consulta externa,nuevas en personas de 15 a 59 anos,2005-06-01,108,281,108,281,389
NACEBE (SANTA ROSA DEL ABUNA),consulta externa,nuevas en personas de 15 a 59 anos,2005-06-01,87,96,87,96,183
NAZACARA DE PACAJES,consulta externa,nuevas en personas de 15 a 59 anos,2005-06-01,6,7,6,7,13
NUEVO MANOA (NUEVA ESPERANZA),consulta externa,nuevas en personas de 15 a 59 anos,2005-06-01,29,28,29,28,57
OCURI,consulta externa,nuevas en personas de 15 a 59 anos,2005-06-01,138,309,138,309,447
OKINAWA,consulta externa,nuevas en personas de 15 a 59 anos,2005-06-01,254,547,254,547,801
OMEREQUE,consulta externa,nuevas en personas de 15 a 59 anos,2005-06-01,75,127,75,127,202
ORURO,consulta externa,nuevas en personas de 15 a 59 anos,2005-06-01,5987,9221,5987,9221,15208
PADCAYA,consulta externa,nuevas en personas de 15 a 59 anos,2005-06-01,243,458,243,458,701
PADILLA,consulta externa,nuevas en personas de 15 a 59 anos,2005-06-01,235,618,235,618,853
PAILON,consulta externa,nuevas en personas de 15 a 59 anos,2005-06-01,121,267,121,267,388
PALCA,consulta externa,nuevas en personas de 15 a 59 anos,2005-06-01,71,98,71,98,169
PALOS BLANCOS,consulta externa,nuevas en personas de 15 a 59 anos,2005-06-01,467,355,467,355,822
PAMPA AULLAGAS,consulta externa,nuevas en personas de 15 a 59 anos,2005-06-01,17,43,17,43,60
PAMPA GRANDE,consulta externa,nuevas en personas de 15 a 59 anos,2005-06-01,67,194,67,194,261
PAPEL PAMPA,consulta externa,nuevas en personas de 15 a 59 anos,2005-06-01,46,72,46,72,118
PASORAPA,consulta externa,nuevas en personas de 15 a 59 anos,2005-06-01,26,59,26,59,85
PATACAMAYA,consulta externa,nuevas en personas de 15 a 59 anos,2005-06-01,130,165,130,165,295
PAZÑA,consulta externa,nuevas en personas de 15 a 59 anos,2005-06-01,90,181,90,181,271
PELECHUCO,consulta externa,nuevas en personas de 15 a 59 anos,2005-06-01,134,153,134,153,287
POCOATA,consulta externa,nuevas en personas de 15 a 59 anos,2005-06-01,211,367,211,367,578
POCONA,consulta externa,nuevas en personas de 15 a 59 anos,2005-06-01,86,124,86,124,210
POJO (CBBA),consulta externa,nuevas en personas de 15 a 59 anos,2005-06-01,47,93,47,93,140
POOPO,consulta externa,nuevas en personas de 15 a 59 anos,2005-06-01,105,113,105,113,218
PORCO,consulta externa,nuevas en personas de 15 a 59 anos,2005-06-01,63,122,63,122,185
POROMA,consulta externa,nuevas en personas de 15 a 59 anos,2005-06-01,194,420,194,420,614
PORONGO,consulta externa,nuevas en personas de 15 a 59 anos,2005-06-01,124,297,124,297,421
PORTACHUELO,consulta externa,nuevas en personas de 15 a 59 anos,2005-06-01,225,689,225,689,914
PORVENIR,consulta externa,nuevas en personas de 15 a 59 anos,2005-06-01,67,50,67,50,117
POSTRER VALLE,consulta externa,nuevas en personas de 15 a 59 anos,2005-06-01,28,64,28,64,92
POTOSI,consulta externa,nuevas en personas de 15 a 59 anos,2005-06-01,5060,5856,5060,5856,10916
PRESTO,consulta externa,nuevas en personas de 15 a 59 anos,2005-06-01,75,154,75,154,229
PUCARA,consulta externa,nuevas en personas de 15 a 59 anos,2005-06-01,53,93,53,93,146
PUCARANI,consulta externa,nuevas en personas de 15 a 59 anos,2005-06-01,125,210,125,210,335
PUERTO ACOSTA,consulta externa,nuevas en personas de 15 a 59 anos,2005-06-01,186,274,186,274,460
PUERTO CARABUCO,consulta externa,nuevas en personas de 15 a 59 anos,2005-06-01,125,159,125,159,284
PUERTO GONZALO MORENO,consulta externa,nuevas en personas de 15 a 59 anos,2005-06-01,66,111,66,111,177
PUERTO PEREZ,consulta externa,nuevas en personas de 15 a 59 anos,2005-06-01,74,87,74,87,161
PUERTO QUIJARRO,consulta externa,nuevas en personas de 15 a 59 anos,2005-06-01,321,279,321,279,600
PUERTO RICO,consulta externa,nuevas en personas de 15 a 59 anos,2005-06-01,141,280,141,280,421
PUERTO SILES,consulta externa,nuevas en personas de 15 a 59 anos,2005-06-01,6,4,6,4,10
PUERTO SUAREZ,consulta externa,nuevas en personas de 15 a 59 anos,2005-06-01,184,660,184,660,844
PUERTO VILLARROEL,consulta externa,nuevas en personas de 15 a 59 anos,2005-06-01,458,646,458,646,1104
PUNA,consulta externa,nuevas en personas de 15 a 59 anos,2005-06-01,389,643,389,643,1032
PUNATA,consulta externa,nuevas en personas de 15 a 59 anos,2005-06-01,233,415,233,415,648
QUIABAYA,consulta externa,nuevas en personas de 15 a 59 anos,2005-06-01,25,60,25,60,85
QUILLACOLLO,consulta externa,nuevas en personas de 15 a 59 anos,2005-06-01,456,1240,456,1240,1696
QUIME,consulta externa,nuevas en personas de 15 a 59 anos,2005-06-01,86,107,86,107,193
QUIRUSILLAS,consulta externa,nuevas en personas de 15 a 59 anos,2005-06-01,15,38,15,38,53
RAVELO,consulta externa,nuevas en personas de 15 a 59 anos,2005-06-01,130,362,130,362,492
REYES,consulta externa,nuevas en personas de 15 a 59 anos,2005-06-01,87,218,87,218,305
RIBERALTA,consulta externa,nuevas en personas de 15 a 59 anos,2005-06-01,432,900,432,900,1332
ROBORE,consulta externa,nuevas en personas de 15 a 59 anos,2005-06-01,188,427,188,427,615
RURRENABAQUE,consulta externa,nuevas en personas de 15 a 59 anos,2005-06-01,222,409,222,409,631
SABAYA,consulta externa,nuevas en personas de 15 a 59 anos,2005-06-01,33,74,33,74,107
SACABA,consulta externa,nuevas en personas de 15 a 59 anos,2005-06-01,498,946,498,946,1444
SACABAMBA,consulta externa,nuevas en personas de 15 a 59 anos,2005-06-01,34,52,34,52,86
SACACA,consulta externa,nuevas en personas de 15 a 59 anos,2005-06-01,201,472,201,472,673
SAIPINA,consulta externa,nuevas en personas de 15 a 59 anos,2005-06-01,91,212,91,212,303
SALINAS DE GARCI MENDOZA,consulta externa,nuevas en personas de 15 a 59 anos,2005-06-01,116,218,116,218,334
SAMAIPATA,consulta externa,nuevas en personas de 15 a 59 anos,2005-06-01,100,197,100,197,297
SAN AGUSTIN,consulta externa,nuevas en personas de 15 a 59 anos,2005-06-01,26,80,26,80,106
SAN ANDRES,consulta externa,nuevas en personas de 15 a 59 anos,2005-06-01,66,177,66,177,243
SAN ANDRES DE MACHACA,consulta externa,nuevas en personas de 15 a 59 anos,2005-06-01,28,76,28,76,104
SAN ANTONIO DE ESMORUCO,consulta externa,nuevas en personas de 15 a 59 anos,2005-06-01,37,73,37,73,110
SAN ANTONIO DE LOMERIO,consulta externa,nuevas en personas de 15 a 59 anos,2005-06-01,43,54,43,54,97
SAN BENITO,consulta externa,nuevas en personas de 15 a 59 anos,2005-06-01,54,95,54,95,149
SAN BORJA,consulta externa,nuevas en personas de 15 a 59 anos,2005-06-01,177,418,177,418,595
SAN BUENA VENTURA,consulta externa,nuevas en personas de 15 a 59 anos,2005-06-01,60,137,60,137,197
SAN CARLOS,consulta externa,nuevas en personas de 15 a 59 anos,2005-06-01,161,465,161,465,626
SAN IGNACIO,consulta externa,nuevas en personas de 15 a 59 anos,2005-06-01,196,438,196,438,634
SAN IGNACIO DE VELASCO,consulta externa,nuevas en personas de 15 a 59 anos,2005-06-01,490,1187,490,1187,1677
SAN JAVIER(BNI),consulta externa,nuevas en personas de 15 a 59 anos,2005-06-01,12,44,12,44,56
SAN JAVIER(STC),consulta externa,nuevas en personas de 15 a 59 anos,2005-06-01,69,146,69,146,215
SAN JOAQUIN,consulta externa,nuevas en personas de 15 a 59 anos,2005-06-01,35,109,35,109,144
SAN JOSE DE CHIQUITOS,consulta externa,nuevas en personas de 15 a 59 anos,2005-06-01,260,533,260,533,793
SAN JUAN DE YAPACANI,consulta externa,nuevas en personas de 15 a 59 anos,2005-06-01,186,369,186,369,555
SAN JULIAN,consulta externa,nuevas en personas de 15 a 59 anos,2005-06-01,543,879,543,879,1422
SAN LORENZO(PND),consulta externa,nuevas en personas de 15 a 59 anos,2005-06-01,41,480,41,480,521
SAN LORENZO(TJA),consulta externa,nuevas en personas de 15 a 59 anos,2005-06-01,160,519,160,519,679
SAN LUCAS,consulta externa,nuevas en personas de 15 a 59 anos,2005-06-01,378,835,378,835,1213
SAN MATIAS,consulta externa,nuevas en personas de 15 a 59 anos,2005-06-01,97,263,97,263,360
SAN MIGUEL DE VELASCO,consulta externa,nuevas en personas de 15 a 59 anos,2005-06-01,92,184,92,184,276
SAN PABLO DE LIPEZ,consulta externa,nuevas en personas de 15 a 59 anos,2005-06-01,75,163,75,163,238
SAN PEDRO,consulta externa,nuevas en personas de 15 a 59 anos,2005-06-01,387,534,387,534,921
SAN PEDRO DE BUENA VISTA,consulta externa,nuevas en personas de 15 a 59 anos,2005-06-01,171,303,171,303,474
SAN PEDRO DE CURAHUARA,consulta externa,nuevas en personas de 15 a 59 anos,2005-06-01,35,57,35,57,92
SAN PEDRO DE QUEMES,consulta externa,nuevas en personas de 15 a 59 anos,2005-06-01,3,9,3,9,12
SAN PEDRO DE TIQUINA,consulta externa,nuevas en personas de 15 a 59 anos,2005-06-01,31,47,31,47,78
SAN PEDRO(PND),consulta externa,nuevas en personas de 15 a 59 anos,2005-06-01,14,41,14,41,55
SAN RAFAEL,consulta externa,nuevas en personas de 15 a 59 anos,2005-06-01,84,147,84,147,231
SAN RAMON,consulta externa,nuevas en personas de 15 a 59 anos,2005-06-01,23,102,23,102,125
SAN RAMON,consulta externa,nuevas en personas de 15 a 59 anos,2005-06-01,98,189,98,189,287
SANTA ANA,consulta externa,nuevas en personas de 15 a 59 anos,2005-06-01,135,270,135,270,405
SANTA CRUZ DE LA SIERRA,consulta externa,nuevas en personas de 15 a 59 anos,2005-06-01,20082,33873,20082,33873,53955
SANTA ROSA,consulta externa,nuevas en personas de 15 a 59 anos,2005-06-01,66,132,66,132,198
SANTA ROSA DEL SARA,consulta externa,nuevas en personas de 15 a 59 anos,2005-06-01,123,305,123,305,428
SANTIAGO DE CALLAPA,consulta externa,nuevas en personas de 15 a 59 anos,2005-06-01,63,61,63,61,124
SANTIAGO DE HUARI,consulta externa,nuevas en personas de 15 a 59 anos,2005-06-01,102,144,102,144,246
SANTIAGO DE MACHACA,consulta externa,nuevas en personas de 15 a 59 anos,2005-06-01,17,36,17,36,53
SANTIVAÑES,consulta externa,nuevas en personas de 15 a 59 anos,2005-06-01,67,97,67,97,164
SANTUARIO DE QUILLACAS,consulta externa,nuevas en personas de 15 a 59 anos,2005-06-01,15,20,15,20,35
SAPAHAQUI,consulta externa,nuevas en personas de 15 a 59 anos,2005-06-01,91,103,91,103,194
SENA,consulta externa,nuevas en personas de 15 a 59 anos,2005-06-01,27,14,27,14,41
SICA SICA (VILLA AROMA),consulta externa,nuevas en personas de 15 a 59 anos,2005-06-01,81,120,81,120,201
SICAYA,consulta externa,nuevas en personas de 15 a 59 anos,2005-06-01,11,34,11,34,45
SIPE SIPE,consulta externa,nuevas en personas de 15 a 59 anos,2005-06-01,82,414,82,414,496
SOPACHUY,consulta externa,nuevas en personas de 15 a 59 anos,2005-06-01,85,171,85,171,256
SORACACHI,consulta externa,nuevas en personas de 15 a 59 anos,2005-06-01,64,85,64,85,149
SORATA,consulta externa,nuevas en personas de 15 a 59 anos,2005-06-01,132,186,132,186,318
SUCRE,consulta externa,nuevas en personas de 15 a 59 anos,2005-06-01,7321,14438,7321,14438,21759
TACACHI,consulta externa,nuevas en personas de 15 a 59 anos,2005-06-01,19,39,19,39,58
TACACOMA,consulta externa,nuevas en personas de 15 a 59 anos,2005-06-01,71,90,71,90,161
TACOBAMBA,consulta externa,nuevas en personas de 15 a 59 anos,2005-06-01,77,126,77,126,203
TACOPAYA,consulta externa,nuevas en personas de 15 a 59 anos,2005-06-01,73,114,73,114,187
TAHUA,consulta externa,nuevas en personas de 15 a 59 anos,2005-06-01,17,36,17,36,53
TAPACARI,consulta externa,nuevas en personas de 15 a 59 anos,2005-06-01,150,260,150,260,410
TARABUCO,consulta externa,nuevas en personas de 15 a 59 anos,2005-06-01,170,305,170,305,475
TARACO,consulta externa,nuevas en personas de 15 a 59 anos,2005-06-01,31,59,31,59,90
TARATA,consulta externa,nuevas en personas de 15 a 59 anos,2005-06-01,40,63,40,63,103
TARIJA,consulta externa,nuevas en personas de 15 a 59 anos,2005-06-01,4115,8462,4115,8462,12577
TARVITA,consulta externa,nuevas en personas de 15 a 59 anos,2005-06-01,172,553,172,553,725
TEOPONTE,consulta externa,nuevas en personas de 15 a 59 anos,2005-06-01,67,93,67,93,160
TIAWANACU,consulta externa,nuevas en personas de 15 a 59 anos,2005-06-01,70,140,70,140,210
TINGUIPAYA,consulta externa,nuevas en personas de 15 a 59 anos,2005-06-01,133,314,133,314,447
TIPUANI,consulta externa,nuevas en personas de 15 a 59 anos,2005-06-01,40,146,40,146,186
TIQUIPAYA,consulta externa,nuevas en personas de 15 a 59 anos,2005-06-01,63,303,63,303,366
TIRAQUE (CBBA),consulta externa,nuevas en personas de 15 a 59 anos,2005-06-01,427,763,427,763,1190
TITO YUPANQUI (PARQUIPUJIO),consulta externa,nuevas en personas de 15 a 59 anos,2005-06-01,30,42,30,42,72
TOCO,consulta externa,nuevas en personas de 15 a 59 anos,2005-06-01,25,34,25,34,59
TODOS SANTOS,consulta externa,nuevas en personas de 15 a 59 anos,2005-06-01,16,7,16,7,23
TOLATA,consulta externa,nuevas en personas de 15 a 59 anos,2005-06-01,17,50,17,50,67
TOLEDO,consulta externa,nuevas en personas de 15 a 59 anos,2005-06-01,177,164,177,164,341
TOMAVE,consulta externa,nuevas en personas de 15 a 59 anos,2005-06-01,115,241,115,241,356
TOMINA,consulta externa,nuevas en personas de 15 a 59 anos,2005-06-01,93,238,93,238,331
TORO TORO,consulta externa,nuevas en personas de 15 a 59 anos,2005-06-01,122,304,122,304,426
TOTORA(CBBA),consulta externa,nuevas en personas de 15 a 59 anos,2005-06-01,131,168,131,168,299
TOTORA(ORR),consulta externa,nuevas en personas de 15 a 59 anos,2005-06-01,20,28,20,28,48
TRIGAL,consulta externa,nuevas en personas de 15 a 59 anos,2005-06-01,18,38,18,38,56
TRINIDAD,consulta externa,nuevas en personas de 15 a 59 anos,2005-06-01,951,2199,951,2199,3150
TUPIZA,consulta externa,nuevas en personas de 15 a 59 anos,2005-06-01,1422,2515,1422,2515,3937
TURCO,consulta externa,nuevas en personas de 15 a 59 anos,2005-06-01,45,41,45,41,86
UMALA,consulta externa,nuevas en personas de 15 a 59 anos,2005-06-01,14,25,14,25,39
UNCIA,consulta externa,nuevas en personas de 15 a 59 anos,2005-06-01,308,639,308,639,947
URIONDO (A. CONCEPCION),consulta externa,nuevas en personas de 15 a 59 anos,2005-06-01,84,209,84,209,293
URUBICHA,consulta externa,nuevas en personas de 15 a 59 anos,2005-06-01,42,96,42,96,138
UYUNI,consulta externa,nuevas en personas de 15 a 59 anos,2005-06-01,419,629,419,629,1048
VACAS,consulta externa,nuevas en personas de 15 a 59 anos,2005-06-01,108,212,108,212,320
VALLEGRANDE,consulta externa,nuevas en personas de 15 a 59 anos,2005-06-01,237,651,237,651,888
VIACHA,consulta externa,nuevas en personas de 15 a 59 anos,2005-06-01,362,664,362,664,1026
VILA VILA,consulta externa,nuevas en personas de 15 a 59 anos,2005-06-01,31,41,31,41,72
VILLA MONTES,consulta externa,nuevas en personas de 15 a 59 anos,2005-06-01,362,587,362,587,949
VILLA NUEVA (LOMA ALTA),consulta externa,nuevas en personas de 15 a 59 anos,2005-06-01,28,22,28,22,50
VILLA RIVERO,consulta externa,nuevas en personas de 15 a 59 anos,2005-06-01,32,64,32,64,96
VILLA SERRANO,consulta externa,nuevas en personas de 15 a 59 anos,2005-06-01,150,237,150,237,387
VILLA TUNARI,consulta externa,nuevas en personas de 15 a 59 anos,2005-06-01,507,753,507,753,1260
VILLA VACA GUZMAN (MUYUPAMPA),consulta externa,nuevas en personas de 15 a 59 anos,2005-06-01,295,366,295,366,661
VILLAZON,consulta externa,nuevas en personas de 15 a 59 anos,2005-06-01,410,1291,410,1291,1701
VINTO,consulta externa,nuevas en personas de 15 a 59 anos,2005-06-01,121,256,121,256,377
VITICHI,consulta externa,nuevas en personas de 15 a 59 anos,2005-06-01,193,324,193,324,517
WALDO BALLIVIAN,consulta externa,nuevas en personas de 15 a 59 anos,2005-06-01,13,43,13,43,56
WARNES,consulta externa,nuevas en personas de 15 a 59 anos,2005-06-01,394,804,394,804,1198
YACO,consulta externa,nuevas en personas de 15 a 59 anos,2005-06-01,44,76,44,76,120
YACUIBA,consulta externa,nuevas en personas de 15 a 59 anos,2005-06-01,1203,2301,1203,2301,3504
YAMPARAEZ,consulta externa,nuevas en personas de 15 a 59 anos,2005-06-01,77,133,77,133,210
YANACACHI,consulta externa,nuevas en personas de 15 a 59 anos,2005-06-01,104,131,104,131,235
YAPACANI,consulta externa,nuevas en personas de 15 a 59 anos,2005-06-01,326,718,326,718,1044
YOCALLA,consulta externa,nuevas en personas de 15 a 59 anos,2005-06-01,76,97,76,97,173
YOTALA,consulta externa,nuevas en personas de 15 a 59 anos,2005-06-01,89,180,89,180,269
YUNCHARA,consulta externa,nuevas en personas de 15 a 59 anos,2005-06-01,122,262,122,262,384
ZUDAÑEZ,consulta externa,nuevas en personas de 15 a 59 anos,2005-06-01,128,228,128,228,356
ACACIO,consulta externa,nuevas en personas de 15 a 59 anos,2005-07-01,89,126,89,126,215
ACHACACHI,consulta externa,nuevas en personas de 15 a 59 anos,2005-07-01,363,578,363,578,941
ACHOCALLA,consulta externa,nuevas en personas de 15 a 59 anos,2005-07-01,60,128,60,128,188
AIQUILE,consulta externa,nuevas en personas de 15 a 59 anos,2005-07-01,232,545,232,545,777
ALALAY,consulta externa,nuevas en personas de 15 a 59 anos,2005-07-01,24,54,24,54,78
ALCALA,consulta externa,nuevas en personas de 15 a 59 anos,2005-07-01,43,102,43,102,145
ANCORAIMES,consulta externa,nuevas en personas de 15 a 59 anos,2005-07-01,107,169,107,169,276
ANDAMARCA,consulta externa,nuevas en personas de 15 a 59 anos,2005-07-01,28,38,28,38,66
ANTEQUERA,consulta externa,nuevas en personas de 15 a 59 anos,2005-07-01,14,29,14,29,43
ANZALDO,consulta externa,nuevas en personas de 15 a 59 anos,2005-07-01,65,84,65,84,149
APOLO,consulta externa,nuevas en personas de 15 a 59 anos,2005-07-01,173,295,173,295,468
ARAMPAMPA,consulta externa,nuevas en personas de 15 a 59 anos,2005-07-01,44,115,44,115,159
ARANI,consulta externa,nuevas en personas de 15 a 59 anos,2005-07-01,28,62,28,62,90
ARBIETO,consulta externa,nuevas en personas de 15 a 59 anos,2005-07-01,26,73,26,73,99
ARQUE,consulta externa,nuevas en personas de 15 a 59 anos,2005-07-01,65,109,65,109,174
ASCENCION DE GUARAYOS,consulta externa,nuevas en personas de 15 a 59 anos,2005-07-01,199,342,199,342,541
ATOCHA,consulta externa,nuevas en personas de 15 a 59 anos,2005-07-01,852,893,852,893,1745
AUCAPATA,consulta externa,nuevas en personas de 15 a 59 anos,2005-07-01,108,133,108,133,241
AYATA,consulta externa,nuevas en personas de 15 a 59 anos,2005-07-01,86,132,86,132,218
AYO AYO,consulta externa,nuevas en personas de 15 a 59 anos,2005-07-01,27,48,27,48,75
AYOPAYA (V. DE INDEPENDENCIA),consulta externa,nuevas en personas de 15 a 59 anos,2005-07-01,149,416,149,416,565
AZURDUY,consulta externa,nuevas en personas de 15 a 59 anos,2005-07-01,249,466,249,466,715
BATALLAS,consulta externa,nuevas en personas de 15 a 59 anos,2005-07-01,93,130,93,130,223
BAURES,consulta externa,nuevas en personas de 15 a 59 anos,2005-07-01,69,121,69,121,190
BELEN DE ANDAMARCA,consulta externa,nuevas en personas de 15 a 59 anos,2005-07-01,12,12,12,12,24
BELEN DE URMIRI,consulta externa,nuevas en personas de 15 a 59 anos,2005-07-01,34,72,34,72,106
BELLA FLOR,consulta externa,nuevas en personas de 15 a 59 anos,2005-07-01,105,104,105,104,209
BERMEJO,consulta externa,nuevas en personas de 15 a 59 anos,2005-07-01,909,1061,909,1061,1970
BETANZOS,consulta externa,nuevas en personas de 15 a 59 anos,2005-07-01,425,1116,425,1116,1541
BOLIVAR,consulta externa,nuevas en personas de 15 a 59 anos,2005-07-01,56,82,56,82,138
BOLPEBRA,consulta externa,nuevas en personas de 15 a 59 anos,2005-07-01,45,21,45,21,66
BOYUIBE,consulta externa,nuevas en personas de 15 a 59 anos,2005-07-01,60,98,60,98,158
BUENA VISTA,consulta externa,nuevas en personas de 15 a 59 anos,2005-07-01,163,319,163,319,482
CABEZAS,consulta externa,nuevas en personas de 15 a 59 anos,2005-07-01,174,294,174,294,468
CAIROMA,consulta externa,nuevas en personas de 15 a 59 anos,2005-07-01,99,129,99,129,228
"CAIZA ""D""",consulta externa,nuevas en personas de 15 a 59 anos,2005-07-01,183,239,183,239,422
CAJUATA,consulta externa,nuevas en personas de 15 a 59 anos,2005-07-01,104,204,104,204,308
CALACOTO,consulta externa,nuevas en personas de 15 a 59 anos,2005-07-01,44,53,44,53,97
CALAMARCA,consulta externa,nuevas en personas de 15 a 59 anos,2005-07-01,63,99,63,99,162
CAMARGO,consulta externa,nuevas en personas de 15 a 59 anos,2005-07-01,346,848,346,848,1194
CAMATAQUI (C. VILLA ABECIA),consulta externa,nuevas en personas de 15 a 59 anos,2005-07-01,77,118,77,118,195
CAMIRI,consulta externa,nuevas en personas de 15 a 59 anos,2005-07-01,867,1768,867,1768,2635
CAPINOTA,consulta externa,nuevas en personas de 15 a 59 anos,2005-07-01,252,352,252,352,604
CAQUIAVIRI,consulta externa,nuevas en personas de 15 a 59 anos,2005-07-01,80,174,80,174,254
CARACOLLO,consulta externa,nuevas en personas de 15 a 59 anos,2005-07-01,104,127,104,127,231
CARANAVI,consulta externa,nuevas en personas de 15 a 59 anos,2005-07-01,720,922,720,922,1642
CARANGAS,consulta externa,nuevas en personas de 15 a 59 anos,2005-07-01,1,2,1,2,3
CARAPARI,consulta externa,nuevas en personas de 15 a 59 anos,2005-07-01,197,315,197,315,512
CARIPUYO,consulta externa,nuevas en personas de 15 a 59 anos,2005-07-01,77,142,77,142,219
CARMEN RIVERO TORREZ,consulta externa,nuevas en personas de 15 a 59 anos,2005-07-01,23,85,23,85,108
CATACORA,consulta externa,nuevas en personas de 15 a 59 anos,2005-07-01,12,26,12,26,38
CHACARILLA,consulta externa,nuevas en personas de 15 a 59 anos,2005-07-01,2,0,2,0,2
CHALLAPATA,consulta externa,nuevas en personas de 15 a 59 anos,2005-07-01,225,350,225,350,575
CHAQUI,consulta externa,nuevas en personas de 15 a 59 anos,2005-07-01,75,159,75,159,234
CHARAGUA,consulta externa,nuevas en personas de 15 a 59 anos,2005-07-01,189,561,189,561,750
CHARAÑA,consulta externa,nuevas en personas de 15 a 59 anos,2005-07-01,54,58,54,58,112
CHAYANTA,consulta externa,nuevas en personas de 15 a 59 anos,2005-07-01,117,254,117,254,371
CHIMORE,consulta externa,nuevas en personas de 15 a 59 anos,2005-07-01,212,260,212,260,472
CHIPAYA,consulta externa,nuevas en personas de 15 a 59 anos,2005-07-01,18,23,18,23,41
CHOQUE COTA,consulta externa,nuevas en personas de 15 a 59 anos,2005-07-01,6,8,6,8,14
CHULUMANI (V. DE LA LIBERTAD),consulta externa,nuevas en personas de 15 a 59 anos,2005-07-01,212,318,212,318,530
CHUMA,consulta externa,nuevas en personas de 15 a 59 anos,2005-07-01,143,191,143,191,334
CLIZA,consulta externa,nuevas en personas de 15 a 59 anos,2005-07-01,46,117,46,117,163
COBIJA,consulta externa,nuevas en personas de 15 a 59 anos,2005-07-01,558,1105,558,1105,1663
COCHABAMBA,consulta externa,nuevas en personas de 15 a 59 anos,2005-07-01,10089,20732,10089,20732,30821
COIPASA,consulta externa,nuevas en personas de 15 a 59 anos,2005-07-01,13,16,13,16,29
COLCAPIRHUA,consulta externa,nuevas en personas de 15 a 59 anos,2005-07-01,420,743,420,743,1163
"COLCHA ""K""",consulta externa,nuevas en personas de 15 a 59 anos,2005-07-01,155,292,155,292,447
COLLANA,consulta externa,nuevas en personas de 15 a 59 anos,2005-07-01,29,48,29,48,77
COLOMI,consulta externa,nuevas en personas de 15 a 59 anos,2005-07-01,92,199,92,199,291
COLPA BELGICA,consulta externa,nuevas en personas de 15 a 59 anos,2005-07-01,66,168,66,168,234
COLQUECHACA,consulta externa,nuevas en personas de 15 a 59 anos,2005-07-01,252,553,252,553,805
COLQUENCHA,consulta externa,nuevas en personas de 15 a 59 anos,2005-07-01,49,91,49,91,140
COLQUIRI,consulta externa,nuevas en personas de 15 a 59 anos,2005-07-01,166,323,166,323,489
COMANCHE,consulta externa,nuevas en personas de 15 a 59 anos,2005-07-01,31,34,31,34,65
COMARAPA,consulta externa,nuevas en personas de 15 a 59 anos,2005-07-01,224,371,224,371,595
COMBAYA,consulta externa,nuevas en personas de 15 a 59 anos,2005-07-01,6,8,6,8,14
CONCEPCION,consulta externa,nuevas en personas de 15 a 59 anos,2005-07-01,83,139,83,139,222
COPACABANA,consulta externa,nuevas en personas de 15 a 59 anos,2005-07-01,67,105,67,105,172
CORIPATA,consulta externa,nuevas en personas de 15 a 59 anos,2005-07-01,119,208,119,208,327
CORO CORO,consulta externa,nuevas en personas de 15 a 59 anos,2005-07-01,53,119,53,119,172
COROICO,consulta externa,nuevas en personas de 15 a 59 anos,2005-07-01,114,191,114,191,305
CORQUE,consulta externa,nuevas en personas de 15 a 59 anos,2005-07-01,98,87,98,87,185
COTAGAITA,consulta externa,nuevas en personas de 15 a 59 anos,2005-07-01,878,1426,878,1426,2304
COTOCA,consulta externa,nuevas en personas de 15 a 59 anos,2005-07-01,99,323,99,323,422
CUATRO CAÑADAS,consulta externa,nuevas en personas de 15 a 59 anos,2005-07-01,163,428,163,428,591
CUCHUMUELA (V. G. VILLARROEL),consulta externa,nuevas en personas de 15 a 59 anos,2005-07-01,13,32,13,32,45
CUEVO,consulta externa,nuevas en personas de 15 a 59 anos,2005-07-01,64,93,64,93,157
CULPINA,consulta externa,nuevas en personas de 15 a 59 anos,2005-07-01,302,372,302,372,674
CURAHUARA DE CARANGAS,consulta externa,nuevas en personas de 15 a 59 anos,2005-07-01,67,114,67,114,181
CURVA,consulta externa,nuevas en personas de 15 a 59 anos,2005-07-01,28,35,28,35,63
DESAGUADERO,consulta externa,nuevas en personas de 15 a 59 anos,2005-07-01,43,65,43,65,108
EL ALTO,consulta externa,nuevas en personas de 15 a 59 anos,2005-07-01,7207,11583,7207,11583,18790
EL CHORO,consulta externa,nuevas en personas de 15 a 59 anos,2005-07-01,30,48,30,48,78
EL PUENTE(STC),consulta externa,nuevas en personas de 15 a 59 anos,2005-07-01,110,157,110,157,267
EL PUENTE(TJA),consulta externa,nuevas en personas de 15 a 59 anos,2005-07-01,118,216,118,216,334
EL TORNO,consulta externa,nuevas en personas de 15 a 59 anos,2005-07-01,652,905,652,905,1557
EL VILLAR,consulta externa,nuevas en personas de 15 a 59 anos,2005-07-01,83,237,83,237,320
ENTRE RIOS,consulta externa,nuevas en personas de 15 a 59 anos,2005-07-01,333,500,333,500,833
ENTRE RIOS,consulta externa,nuevas en personas de 15 a 59 anos,2005-07-01,163,194,163,194,357
ESCARA,consulta externa,nuevas en personas de 15 a 59 anos,2005-07-01,5,1,5,1,6
EUCALIPTUS,consulta externa,nuevas en personas de 15 a 59 anos,2005-07-01,17,87,17,87,104
EUREKA (SANTOS MERCADO),consulta externa,nuevas en personas de 15 a 59 anos,2005-07-01,18,39,18,39,57
EXALTACION,consulta externa,nuevas en personas de 15 a 59 anos,2005-07-01,41,99,41,99,140
FERNANDEZ ALONSO,consulta externa,nuevas en personas de 15 a 59 anos,2005-07-01,166,476,166,476,642
FILADELFIA,consulta externa,nuevas en personas de 15 a 59 anos,2005-07-01,30,67,30,67,97
GENERAL SAAVEDRA,consulta externa,nuevas en personas de 15 a 59 anos,2005-07-01,160,312,160,312,472
GRAL. J.J. PEREZ (CHARAZANI),consulta externa,nuevas en personas de 15 a 59 anos,2005-07-01,87,131,87,131,218
GUANAY,consulta externa,nuevas en personas de 15 a 59 anos,2005-07-01,129,302,129,302,431
GUAQUI,consulta externa,nuevas en personas de 15 a 59 anos,2005-07-01,31,58,31,58,89
GUAYARAMERIN,consulta externa,nuevas en personas de 15 a 59 anos,2005-07-01,1222,1301,1222,1301,2523
GUTIERREZ,consulta externa,nuevas en personas de 15 a 59 anos,2005-07-01,179,301,179,301,480
HUACARETA,consulta externa,nuevas en personas de 15 a 59 anos,2005-07-01,194,324,194,324,518
HUACAYA (VILLA DE HUACAYA),consulta externa,nuevas en personas de 15 a 59 anos,2005-07-01,27,85,27,85,112
HUACHACALLA,consulta externa,nuevas en personas de 15 a 59 anos,2005-07-01,65,13,65,13,78
HUANUNI,consulta externa,nuevas en personas de 15 a 59 anos,2005-07-01,472,620,472,620,1092
HUARACAJE,consulta externa,nuevas en personas de 15 a 59 anos,2005-07-01,21,17,21,17,38
HUAYLLAMARCA,consulta externa,nuevas en personas de 15 a 59 anos,2005-07-01,70,79,70,79,149
ICHOCA,consulta externa,nuevas en personas de 15 a 59 anos,2005-07-01,37,67,37,67,104
ICLA,consulta externa,nuevas en personas de 15 a 59 anos,2005-07-01,124,259,124,259,383
INCAHUASI,consulta externa,nuevas en personas de 15 a 59 anos,2005-07-01,190,579,190,579,769
INGAVI (HUMAITA),consulta externa,nuevas en personas de 15 a 59 anos,2005-07-01,8,12,8,12,20
INQUISIVI,consulta externa,nuevas en personas de 15 a 59 anos,2005-07-01,84,139,84,139,223
IRUPANA (VILLA DE LANZA),consulta externa,nuevas en personas de 15 a 59 anos,2005-07-01,197,348,197,348,545
IXIAMAS,consulta externa,nuevas en personas de 15 a 59 anos,2005-07-01,89,101,89,101,190
JESUS DE MACHACA,consulta externa,nuevas en personas de 15 a 59 anos,2005-07-01,120,326,120,326,446
LA ASUNTA,consulta externa,nuevas en personas de 15 a 59 anos,2005-07-01,308,333,308,333,641
LA GUARDIA,consulta externa,nuevas en personas de 15 a 59 anos,2005-07-01,149,381,149,381,530
LA PAZ,consulta externa,nuevas en personas de 15 a 59 anos,2005-07-01,16807,34919,16807,34919,51726
LA RIVERA,consulta externa,nuevas en personas de 15 a 59 anos,2005-07-01,6,10,6,10,16
LAGUNILLAS,consulta externa,nuevas en personas de 15 a 59 anos,2005-07-01,107,199,107,199,306
LAJA,consulta externa,nuevas en personas de 15 a 59 anos,2005-07-01,60,130,60,130,190
LAS CARRERAS,consulta externa,nuevas en personas de 15 a 59 anos,2005-07-01,60,122,60,122,182
LICOMA PAMPA,consulta externa,nuevas en personas de 15 a 59 anos,2005-07-01,16,17,16,17,33
LLALLAGUA,consulta externa,nuevas en personas de 15 a 59 anos,2005-07-01,442,860,442,860,1302
LLICA,consulta externa,nuevas en personas de 15 a 59 anos,2005-07-01,99,124,99,124,223
LORETO,consulta externa,nuevas en personas de 15 a 59 anos,2005-07-01,22,57,22,57,79
LURIBAY,consulta externa,nuevas en personas de 15 a 59 anos,2005-07-01,107,178,107,178,285
MACHACAMARCA,consulta externa,nuevas en personas de 15 a 59 anos,2005-07-01,48,86,48,86,134
MACHARETI,consulta externa,nuevas en personas de 15 a 59 anos,2005-07-01,197,438,197,438,635
MAGDALENA,consulta externa,nuevas en personas de 15 a 59 anos,2005-07-01,109,180,109,180,289
MAIRANA,consulta externa,nuevas en personas de 15 a 59 anos,2005-07-01,45,159,45,159,204
MALLA,consulta externa,nuevas en personas de 15 a 59 anos,2005-07-01,44,77,44,77,121
MAPIRI,consulta externa,nuevas en personas de 15 a 59 anos,2005-07-01,106,225,106,225,331
MECAPACA,consulta externa,nuevas en personas de 15 a 59 anos,2005-07-01,107,130,107,130,237
MINEROS,consulta externa,nuevas en personas de 15 a 59 anos,2005-07-01,122,331,122,331,453
MIZQUE,consulta externa,nuevas en personas de 15 a 59 anos,2005-07-01,95,152,95,152,247
MOCOMOCO,consulta externa,nuevas en personas de 15 a 59 anos,2005-07-01,180,200,180,200,380
MOJINETE,consulta externa,nuevas en personas de 15 a 59 anos,2005-07-01,19,24,19,24,43
MOJOCOYA,consulta externa,nuevas en personas de 15 a 59 anos,2005-07-01,117,222,117,222,339
MONTEAGUDO,consulta externa,nuevas en personas de 15 a 59 anos,2005-07-01,709,1390,709,1390,2099
MONTERO,consulta externa,nuevas en personas de 15 a 59 anos,2005-07-01,1384,2638,1384,2638,4022
MORO MORO,consulta externa,nuevas en personas de 15 a 59 anos,2005-07-01,21,53,21,53,74
MOROCHATA,consulta externa,nuevas en personas de 15 a 59 anos,2005-07-01,91,146,91,146,237
NACEBE (SANTA ROSA DEL ABUNA),consulta externa,nuevas en personas de 15 a 59 anos,2005-07-01,28,28,28,28,56
NAZACARA DE PACAJES,consulta externa,nuevas en personas de 15 a 59 anos,2005-07-01,11,8,11,8,19
NUEVO MANOA (NUEVA ESPERANZA),consulta externa,nuevas en personas de 15 a 59 anos,2005-07-01,68,62,68,62,130
OCURI,consulta externa,nuevas en personas de 15 a 59 anos,2005-07-01,135,289,135,289,424
OKINAWA,consulta externa,nuevas en personas de 15 a 59 anos,2005-07-01,194,466,194,466,660
OMEREQUE,consulta externa,nuevas en personas de 15 a 59 anos,2005-07-01,35,116,35,116,151
ORURO,consulta externa,nuevas en personas de 15 a 59 anos,2005-07-01,5680,9476,5680,9476,15156
PADCAYA,consulta externa,nuevas en personas de 15 a 59 anos,2005-07-01,282,406,282,406,688
PADILLA,consulta externa,nuevas en personas de 15 a 59 anos,2005-07-01,285,596,285,596,881
PAILON,consulta externa,nuevas en personas de 15 a 59 anos,2005-07-01,171,201,171,201,372
PALCA,consulta externa,nuevas en personas de 15 a 59 anos,2005-07-01,104,125,104,125,229
PALOS BLANCOS,consulta externa,nuevas en personas de 15 a 59 anos,2005-07-01,372,359,372,359,731
PAMPA AULLAGAS,consulta externa,nuevas en personas de 15 a 59 anos,2005-07-01,9,15,9,15,24
PAMPA GRANDE,consulta externa,nuevas en personas de 15 a 59 anos,2005-07-01,65,158,65,158,223
PAPEL PAMPA,consulta externa,nuevas en personas de 15 a 59 anos,2005-07-01,40,50,40,50,90
PASORAPA,consulta externa,nuevas en personas de 15 a 59 anos,2005-07-01,12,20,12,20,32
PATACAMAYA,consulta externa,nuevas en personas de 15 a 59 anos,2005-07-01,98,104,98,104,202
PAZÑA,consulta externa,nuevas en personas de 15 a 59 anos,2005-07-01,76,117,76,117,193
PELECHUCO,consulta externa,nuevas en personas de 15 a 59 anos,2005-07-01,137,136,137,136,273
POCOATA,consulta externa,nuevas en personas de 15 a 59 anos,2005-07-01,240,394,240,394,634
POCONA,consulta externa,nuevas en personas de 15 a 59 anos,2005-07-01,87,136,87,136,223
POJO (CBBA),consulta externa,nuevas en personas de 15 a 59 anos,2005-07-01,91,166,91,166,257
POOPO,consulta externa,nuevas en personas de 15 a 59 anos,2005-07-01,99,114,99,114,213
PORCO,consulta externa,nuevas en personas de 15 a 59 anos,2005-07-01,59,101,59,101,160
POROMA,consulta externa,nuevas en personas de 15 a 59 anos,2005-07-01,197,478,197,478,675
PORONGO,consulta externa,nuevas en personas de 15 a 59 anos,2005-07-01,96,208,96,208,304
PORTACHUELO,consulta externa,nuevas en personas de 15 a 59 anos,2005-07-01,223,641,223,641,864
PORVENIR,consulta externa,nuevas en personas de 15 a 59 anos,2005-07-01,62,56,62,56,118
POSTRER VALLE,consulta externa,nuevas en personas de 15 a 59 anos,2005-07-01,35,70,35,70,105
POTOSI,consulta externa,nuevas en personas de 15 a 59 anos,2005-07-01,4749,8185,4749,8185,12934
PRESTO,consulta externa,nuevas en personas de 15 a 59 anos,2005-07-01,75,262,75,262,337
PUCARA,consulta externa,nuevas en personas de 15 a 59 anos,2005-07-01,47,61,47,61,108
PUCARANI,consulta externa,nuevas en personas de 15 a 59 anos,2005-07-01,112,217,112,217,329
PUERTO ACOSTA,consulta externa,nuevas en personas de 15 a 59 anos,2005-07-01,239,380,239,380,619
PUERTO CARABUCO,consulta externa,nuevas en personas de 15 a 59 anos,2005-07-01,113,156,113,156,269
PUERTO GONZALO MORENO,consulta externa,nuevas en personas de 15 a 59 anos,2005-07-01,58,74,58,74,132
PUERTO PEREZ,consulta externa,nuevas en personas de 15 a 59 anos,2005-07-01,70,135,70,135,205
PUERTO QUIJARRO,consulta externa,nuevas en personas de 15 a 59 anos,2005-07-01,286,373,286,373,659
PUERTO RICO,consulta externa,nuevas en personas de 15 a 59 anos,2005-07-01,175,152,175,152,327
PUERTO SILES,consulta externa,nuevas en personas de 15 a 59 anos,2005-07-01,10,88,10,88,98
PUERTO SUAREZ,consulta externa,nuevas en personas de 15 a 59 anos,2005-07-01,165,644,165,644,809
PUERTO VILLARROEL,consulta externa,nuevas en personas de 15 a 59 anos,2005-07-01,396,530,396,530,926
PUNA,consulta externa,nuevas en personas de 15 a 59 anos,2005-07-01,451,806,451,806,1257
PUNATA,consulta externa,nuevas en personas de 15 a 59 anos,2005-07-01,253,641,253,641,894
QUIABAYA,consulta externa,nuevas en personas de 15 a 59 anos,2005-07-01,21,45,21,45,66
QUILLACOLLO,consulta externa,nuevas en personas de 15 a 59 anos,2005-07-01,436,1167,436,1167,1603
QUIME,consulta externa,nuevas en personas de 15 a 59 anos,2005-07-01,173,103,173,103,276
QUIRUSILLAS,consulta externa,nuevas en personas de 15 a 59 anos,2005-07-01,12,29,12,29,41
RAVELO,consulta externa,nuevas en personas de 15 a 59 anos,2005-07-01,196,358,196,358,554
REYES,consulta externa,nuevas en personas de 15 a 59 anos,2005-07-01,83,194,83,194,277
RIBERALTA,consulta externa,nuevas en personas de 15 a 59 anos,2005-07-01,500,1175,500,1175,1675
ROBORE,consulta externa,nuevas en personas de 15 a 59 anos,2005-07-01,210,563,210,563,773
RURRENABAQUE,consulta externa,nuevas en personas de 15 a 59 anos,2005-07-01,274,527,274,527,801
SABAYA,consulta externa,nuevas en personas de 15 a 59 anos,2005-07-01,42,57,42,57,99
SACABA,consulta externa,nuevas en personas de 15 a 59 anos,2005-07-01,419,957,419,957,1376
SACABAMBA,consulta externa,nuevas en personas de 15 a 59 anos,2005-07-01,31,39,31,39,70
SACACA,consulta externa,nuevas en personas de 15 a 59 anos,2005-07-01,114,217,114,217,331
SAIPINA,consulta externa,nuevas en personas de 15 a 59 anos,2005-07-01,106,215,106,215,321
SALINAS DE GARCI MENDOZA,consulta externa,nuevas en personas de 15 a 59 anos,2005-07-01,159,271,159,271,430
SAMAIPATA,consulta externa,nuevas en personas de 15 a 59 anos,2005-07-01,60,149,60,149,209
SAN AGUSTIN,consulta externa,nuevas en personas de 15 a 59 anos,2005-07-01,22,49,22,49,71
SAN ANDRES,consulta externa,nuevas en personas de 15 a 59 anos,2005-07-01,61,154,61,154,215
SAN ANDRES DE MACHACA,consulta externa,nuevas en personas de 15 a 59 anos,2005-07-01,63,98,63,98,161
SAN ANTONIO DE ESMORUCO,consulta externa,nuevas en personas de 15 a 59 anos,2005-07-01,40,90,40,90,130
SAN ANTONIO DE LOMERIO,consulta externa,nuevas en personas de 15 a 59 anos,2005-07-01,33,69,33,69,102
SAN BENITO,consulta externa,nuevas en personas de 15 a 59 anos,2005-07-01,44,128,44,128,172
SAN BORJA,consulta externa,nuevas en personas de 15 a 59 anos,2005-07-01,177,315,177,315,492
SAN BUENA VENTURA,consulta externa,nuevas en personas de 15 a 59 anos,2005-07-01,84,100,84,100,184
SAN CARLOS,consulta externa,nuevas en personas de 15 a 59 anos,2005-07-01,125,448,125,448,573
SAN IGNACIO,consulta externa,nuevas en personas de 15 a 59 anos,2005-07-01,187,471,187,471,658
SAN IGNACIO DE VELASCO,consulta externa,nuevas en personas de 15 a 59 anos,2005-07-01,499,957,499,957,1456
SAN JAVIER(BNI),consulta externa,nuevas en personas de 15 a 59 anos,2005-07-01,19,36,19,36,55
SAN JAVIER(STC),consulta externa,nuevas en personas de 15 a 59 anos,2005-07-01,54,170,54,170,224
SAN JOAQUIN,consulta externa,nuevas en personas de 15 a 59 anos,2005-07-01,42,106,42,106,148
SAN JOSE DE CHIQUITOS,consulta externa,nuevas en personas de 15 a 59 anos,2005-07-01,262,352,262,352,614
SAN JUAN DE YAPACANI,consulta externa,nuevas en personas de 15 a 59 anos,2005-07-01,205,417,205,417,622
SAN JULIAN,consulta externa,nuevas en personas de 15 a 59 anos,2005-07-01,611,1045,611,1045,1656
SAN LORENZO(PND),consulta externa,nuevas en personas de 15 a 59 anos,2005-07-01,30,57,30,57,87
SAN LORENZO(TJA),consulta externa,nuevas en personas de 15 a 59 anos,2005-07-01,144,530,144,530,674
SAN LUCAS,consulta externa,nuevas en personas de 15 a 59 anos,2005-07-01,465,933,465,933,1398
SAN MATIAS,consulta externa,nuevas en personas de 15 a 59 anos,2005-07-01,64,371,64,371,435
SAN MIGUEL DE VELASCO,consulta externa,nuevas en personas de 15 a 59 anos,2005-07-01,120,294,120,294,414
SAN PABLO DE LIPEZ,consulta externa,nuevas en personas de 15 a 59 anos,2005-07-01,77,125,77,125,202
SAN PEDRO,consulta externa,nuevas en personas de 15 a 59 anos,2005-07-01,338,541,338,541,879
SAN PEDRO DE BUENA VISTA,consulta externa,nuevas en personas de 15 a 59 anos,2005-07-01,209,385,209,385,594
SAN PEDRO DE CURAHUARA,consulta externa,nuevas en personas de 15 a 59 anos,2005-07-01,39,44,39,44,83
SAN PEDRO DE QUEMES,consulta externa,nuevas en personas de 15 a 59 anos,2005-07-01,8,14,8,14,22
SAN PEDRO DE TIQUINA,consulta externa,nuevas en personas de 15 a 59 anos,2005-07-01,30,77,30,77,107
SAN PEDRO(PND),consulta externa,nuevas en personas de 15 a 59 anos,2005-07-01,7,7,7,7,14
SAN RAFAEL,consulta externa,nuevas en personas de 15 a 59 anos,2005-07-01,92,164,92,164,256
SAN RAMON,consulta externa,nuevas en personas de 15 a 59 anos,2005-07-01,30,128,30,128,158
SAN RAMON,consulta externa,nuevas en personas de 15 a 59 anos,2005-07-01,101,237,101,237,338
SANTA ANA,consulta externa,nuevas en personas de 15 a 59 anos,2005-07-01,120,233,120,233,353
SANTA CRUZ DE LA SIERRA,consulta externa,nuevas en personas de 15 a 59 anos,2005-07-01,17799,32018,17799,32018,49817
SANTA ROSA,consulta externa,nuevas en personas de 15 a 59 anos,2005-07-01,90,153,90,153,243
SANTA ROSA DEL SARA,consulta externa,nuevas en personas de 15 a 59 anos,2005-07-01,146,278,146,278,424
SANTIAGO DE CALLAPA,consulta externa,nuevas en personas de 15 a 59 anos,2005-07-01,38,59,38,59,97
SANTIAGO DE HUARI,consulta externa,nuevas en personas de 15 a 59 anos,2005-07-01,109,114,109,114,223
SANTIAGO DE MACHACA,consulta externa,nuevas en personas de 15 a 59 anos,2005-07-01,19,44,19,44,63
SANTIVAÑES,consulta externa,nuevas en personas de 15 a 59 anos,2005-07-01,69,119,69,119,188
SANTUARIO DE QUILLACAS,consulta externa,nuevas en personas de 15 a 59 anos,2005-07-01,8,23,8,23,31
SAPAHAQUI,consulta externa,nuevas en personas de 15 a 59 anos,2005-07-01,102,114,102,114,216
SENA,consulta externa,nuevas en personas de 15 a 59 anos,2005-07-01,38,63,38,63,101
SICA SICA (VILLA AROMA),consulta externa,nuevas en personas de 15 a 59 anos,2005-07-01,95,147,95,147,242
SICAYA,consulta externa,nuevas en personas de 15 a 59 anos,2005-07-01,16,26,16,26,42
SIPE SIPE,consulta externa,nuevas en personas de 15 a 59 anos,2005-07-01,106,559,106,559,665
SOPACHUY,consulta externa,nuevas en personas de 15 a 59 anos,2005-07-01,73,148,73,148,221
SORACACHI,consulta externa,nuevas en personas de 15 a 59 anos,2005-07-01,49,73,49,73,122
SORATA,consulta externa,nuevas en personas de 15 a 59 anos,2005-07-01,173,215,173,215,388
SUCRE,consulta externa,nuevas en personas de 15 a 59 anos,2005-07-01,7670,14659,7670,14659,22329
TACACHI,consulta externa,nuevas en personas de 15 a 59 anos,2005-07-01,22,38,22,38,60
TACACOMA,consulta externa,nuevas en personas de 15 a 59 anos,2005-07-01,89,89,89,89,178
TACOBAMBA,consulta externa,nuevas en personas de 15 a 59 anos,2005-07-01,51,95,51,95,146
TACOPAYA,consulta externa,nuevas en personas de 15 a 59 anos,2005-07-01,59,122,59,122,181
TAHUA,consulta externa,nuevas en personas de 15 a 59 anos,2005-07-01,9,30,9,30,39
TAPACARI,consulta externa,nuevas en personas de 15 a 59 anos,2005-07-01,178,336,178,336,514
TARABUCO,consulta externa,nuevas en personas de 15 a 59 anos,2005-07-01,171,325,171,325,496
TARACO,consulta externa,nuevas en personas de 15 a 59 anos,2005-07-01,19,23,19,23,42
TARATA,consulta externa,nuevas en personas de 15 a 59 anos,2005-07-01,27,45,27,45,72
TARIJA,consulta externa,nuevas en personas de 15 a 59 anos,2005-07-01,4048,7453,4048,7453,11501
TARVITA,consulta externa,nuevas en personas de 15 a 59 anos,2005-07-01,304,842,304,842,1146
TEOPONTE,consulta externa,nuevas en personas de 15 a 59 anos,2005-07-01,61,123,61,123,184
TIAWANACU,consulta externa,nuevas en personas de 15 a 59 anos,2005-07-01,74,120,74,120,194
TINGUIPAYA,consulta externa,nuevas en personas de 15 a 59 anos,2005-07-01,131,307,131,307,438
TIPUANI,consulta externa,nuevas en personas de 15 a 59 anos,2005-07-01,52,92,52,92,144
TIQUIPAYA,consulta externa,nuevas en personas de 15 a 59 anos,2005-07-01,78,246,78,246,324
TIRAQUE (CBBA),consulta externa,nuevas en personas de 15 a 59 anos,2005-07-01,428,899,428,899,1327
TITO YUPANQUI (PARQUIPUJIO),consulta externa,nuevas en personas de 15 a 59 anos,2005-07-01,30,42,30,42,72
TOCO,consulta externa,nuevas en personas de 15 a 59 anos,2005-07-01,21,41,21,41,62
TODOS SANTOS,consulta externa,nuevas en personas de 15 a 59 anos,2005-07-01,4,7,4,7,11
TOLATA,consulta externa,nuevas en personas de 15 a 59 anos,2005-07-01,12,39,12,39,51
TOLEDO,consulta externa,nuevas en personas de 15 a 59 anos,2005-07-01,142,126,142,126,268
TOMAVE,consulta externa,nuevas en personas de 15 a 59 anos,2005-07-01,113,179,113,179,292
TOMINA,consulta externa,nuevas en personas de 15 a 59 anos,2005-07-01,123,260,123,260,383
TORO TORO,consulta externa,nuevas en personas de 15 a 59 anos,2005-07-01,99,240,99,240,339
TOTORA(CBBA),consulta externa,nuevas en personas de 15 a 59 anos,2005-07-01,119,227,119,227,346
TOTORA(ORR),consulta externa,nuevas en personas de 15 a 59 anos,2005-07-01,37,52,37,52,89
TRIGAL,consulta externa,nuevas en personas de 15 a 59 anos,2005-07-01,33,56,33,56,89
TRINIDAD,consulta externa,nuevas en personas de 15 a 59 anos,2005-07-01,870,2082,870,2082,2952
TUPIZA,consulta externa,nuevas en personas de 15 a 59 anos,2005-07-01,1479,2500,1479,2500,3979
TURCO,consulta externa,nuevas en personas de 15 a 59 anos,2005-07-01,88,129,88,129,217
UMALA,consulta externa,nuevas en personas de 15 a 59 anos,2005-07-01,13,16,13,16,29
UNCIA,consulta externa,nuevas en personas de 15 a 59 anos,2005-07-01,279,708,279,708,987
URIONDO (A. CONCEPCION),consulta externa,nuevas en personas de 15 a 59 anos,2005-07-01,270,498,270,498,768
URUBICHA,consulta externa,nuevas en personas de 15 a 59 anos,2005-07-01,41,137,41,137,178
UYUNI,consulta externa,nuevas en personas de 15 a 59 anos,2005-07-01,499,829,499,829,1328
VACAS,consulta externa,nuevas en personas de 15 a 59 anos,2005-07-01,88,187,88,187,275
VALLEGRANDE,consulta externa,nuevas en personas de 15 a 59 anos,2005-07-01,201,561,201,561,762
VIACHA,consulta externa,nuevas en personas de 15 a 59 anos,2005-07-01,454,855,454,855,1309
VILA VILA,consulta externa,nuevas en personas de 15 a 59 anos,2005-07-01,23,38,23,38,61
VILLA MONTES,consulta externa,nuevas en personas de 15 a 59 anos,2005-07-01,313,490,313,490,803
VILLA NUEVA (LOMA ALTA),consulta externa,nuevas en personas de 15 a 59 anos,2005-07-01,18,59,18,59,77
VILLA RIVERO,consulta externa,nuevas en personas de 15 a 59 anos,2005-07-01,43,70,43,70,113
VILLA SERRANO,consulta externa,nuevas en personas de 15 a 59 anos,2005-07-01,163,322,163,322,485
VILLA TUNARI,consulta externa,nuevas en personas de 15 a 59 anos,2005-07-01,537,919,537,919,1456
VILLA VACA GUZMAN (MUYUPAMPA),consulta externa,nuevas en personas de 15 a 59 anos,2005-07-01,234,749,234,749,983
VILLAZON,consulta externa,nuevas en personas de 15 a 59 anos,2005-07-01,516,1128,516,1128,1644
VINTO,consulta externa,nuevas en personas de 15 a 59 anos,2005-07-01,112,131,112,131,243
VITICHI,consulta externa,nuevas en personas de 15 a 59 anos,2005-07-01,182,336,182,336,518
WALDO BALLIVIAN,consulta externa,nuevas en personas de 15 a 59 anos,2005-07-01,13,19,13,19,32
WARNES,consulta externa,nuevas en personas de 15 a 59 anos,2005-07-01,455,872,455,872,1327
YACO,consulta externa,nuevas en personas de 15 a 59 anos,2005-07-01,49,81,49,81,130
YACUIBA,consulta externa,nuevas en personas de 15 a 59 anos,2005-07-01,1246,2476,1246,2476,3722
YAMPARAEZ,consulta externa,nuevas en personas de 15 a 59 anos,2005-07-01,98,196,98,196,294
YANACACHI,consulta externa,nuevas en personas de 15 a 59 anos,2005-07-01,107,138,107,138,245
YAPACANI,consulta externa,nuevas en personas de 15 a 59 anos,2005-07-01,333,1063,333,1063,1396
YOCALLA,consulta externa,nuevas en personas de 15 a 59 anos,2005-07-01,77,165,77,165,242
YOTALA,consulta externa,nuevas en personas de 15 a 59 anos,2005-07-01,100,180,100,180,280
YUNCHARA,consulta externa,nuevas en personas de 15 a 59 anos,2005-07-01,22,88,22,88,110
ZUDAÑEZ,consulta externa,nuevas en personas de 15 a 59 anos,2005-07-01,79,189,79,189,268
ACACIO,consulta externa,nuevas en personas de 15 a 59 anos,2005-08-01,117,228,117,228,345
ACHACACHI,consulta externa,nuevas en personas de 15 a 59 anos,2005-08-01,420,599,420,599,1019
ACHOCALLA,consulta externa,nuevas en personas de 15 a 59 anos,2005-08-01,53,126,53,126,179
AIQUILE,consulta externa,nuevas en personas de 15 a 59 anos,2005-08-01,212,480,212,480,692
ALALAY,consulta externa,nuevas en personas de 15 a 59 anos,2005-08-01,17,34,17,34,51
ALCALA,consulta externa,nuevas en personas de 15 a 59 anos,2005-08-01,49,136,49,136,185
ANCORAIMES,consulta externa,nuevas en personas de 15 a 59 anos,2005-08-01,94,140,94,140,234
ANDAMARCA,consulta externa,nuevas en personas de 15 a 59 anos,2005-08-01,34,60,34,60,94
ANTEQUERA,consulta externa,nuevas en personas de 15 a 59 anos,2005-08-01,11,24,11,24,35
ANZALDO,consulta externa,nuevas en personas de 15 a 59 anos,2005-08-01,55,111,55,111,166
APOLO,consulta externa,nuevas en personas de 15 a 59 anos,2005-08-01,174,284,174,284,458
ARAMPAMPA,consulta externa,nuevas en personas de 15 a 59 anos,2005-08-01,52,127,52,127,179
ARANI,consulta externa,nuevas en personas de 15 a 59 anos,2005-08-01,40,60,40,60,100
ARBIETO,consulta externa,nuevas en personas de 15 a 59 anos,2005-08-01,43,122,43,122,165
ARQUE,consulta externa,nuevas en personas de 15 a 59 anos,2005-08-01,52,103,52,103,155
ASCENCION DE GUARAYOS,consulta externa,nuevas en personas de 15 a 59 anos,2005-08-01,179,321,179,321,500
ATOCHA,consulta externa,nuevas en personas de 15 a 59 anos,2005-08-01,882,983,882,983,1865
AUCAPATA,consulta externa,nuevas en personas de 15 a 59 anos,2005-08-01,94,139,94,139,233
AYATA,consulta externa,nuevas en personas de 15 a 59 anos,2005-08-01,87,121,87,121,208
AYO AYO,consulta externa,nuevas en personas de 15 a 59 anos,2005-08-01,42,46,42,46,88
AYOPAYA (V. DE INDEPENDENCIA),consulta externa,nuevas en personas de 15 a 59 anos,2005-08-01,153,456,153,456,609
AZURDUY,consulta externa,nuevas en personas de 15 a 59 anos,2005-08-01,323,729,323,729,1052
BATALLAS,consulta externa,nuevas en personas de 15 a 59 anos,2005-08-01,95,153,95,153,248
BAURES,consulta externa,nuevas en personas de 15 a 59 anos,2005-08-01,73,152,73,152,225
BELEN DE ANDAMARCA,consulta externa,nuevas en personas de 15 a 59 anos,2005-08-01,16,33,16,33,49
BELEN DE URMIRI,consulta externa,nuevas en personas de 15 a 59 anos,2005-08-01,70,95,70,95,165
BELLA FLOR,consulta externa,nuevas en personas de 15 a 59 anos,2005-08-01,80,84,80,84,164
BERMEJO,consulta externa,nuevas en personas de 15 a 59 anos,2005-08-01,969,1122,969,1122,2091
BETANZOS,consulta externa,nuevas en personas de 15 a 59 anos,2005-08-01,490,1151,490,1151,1641
BOLIVAR,consulta externa,nuevas en personas de 15 a 59 anos,2005-08-01,77,70,77,70,147
BOLPEBRA,consulta externa,nuevas en personas de 15 a 59 anos,2005-08-01,32,28,32,28,60
BOYUIBE,consulta externa,nuevas en personas de 15 a 59 anos,2005-08-01,42,89,42,89,131
BUENA VISTA,consulta externa,nuevas en personas de 15 a 59 anos,2005-08-01,236,454,236,454,690
CABEZAS,consulta externa,nuevas en personas de 15 a 59 anos,2005-08-01,267,368,267,368,635
CAIROMA,consulta externa,nuevas en personas de 15 a 59 anos,2005-08-01,116,178,116,178,294
"CAIZA ""D""",consulta externa,nuevas en personas de 15 a 59 anos,2005-08-01,222,308,222,308,530
CAJUATA,consulta externa,nuevas en personas de 15 a 59 anos,2005-08-01,94,192,94,192,286
CALACOTO,consulta externa,nuevas en personas de 15 a 59 anos,2005-08-01,55,87,55,87,142
CALAMARCA,consulta externa,nuevas en personas de 15 a 59 anos,2005-08-01,48,108,48,108,156
CAMARGO,consulta externa,nuevas en personas de 15 a 59 anos,2005-08-01,344,597,344,597,941
CAMATAQUI (C. VILLA ABECIA),consulta externa,nuevas en personas de 15 a 59 anos,2005-08-01,98,143,98,143,241
CAMIRI,consulta externa,nuevas en personas de 15 a 59 anos,2005-08-01,946,1900,946,1900,2846
CAPINOTA,consulta externa,nuevas en personas de 15 a 59 anos,2005-08-01,198,298,198,298,496
CAQUIAVIRI,consulta externa,nuevas en personas de 15 a 59 anos,2005-08-01,84,171,84,171,255
CARACOLLO,consulta externa,nuevas en personas de 15 a 59 anos,2005-08-01,89,153,89,153,242
CARANAVI,consulta externa,nuevas en personas de 15 a 59 anos,2005-08-01,801,1302,801,1302,2103
CARAPARI,consulta externa,nuevas en personas de 15 a 59 anos,2005-08-01,199,327,199,327,526
CARIPUYO,consulta externa,nuevas en personas de 15 a 59 anos,2005-08-01,62,111,62,111,173
CARMEN RIVERO TORREZ,consulta externa,nuevas en personas de 15 a 59 anos,2005-08-01,74,135,74,135,209
CATACORA,consulta externa,nuevas en personas de 15 a 59 anos,2005-08-01,8,23,8,23,31
CHACARILLA,consulta externa,nuevas en personas de 15 a 59 anos,2005-08-01,0,5,0,5,5
CHALLAPATA,consulta externa,nuevas en personas de 15 a 59 anos,2005-08-01,214,422,214,422,636
CHAQUI,consulta externa,nuevas en personas de 15 a 59 anos,2005-08-01,65,159,65,159,224
CHARAGUA,consulta externa,nuevas en personas de 15 a 59 anos,2005-08-01,207,577,207,577,784
CHARAÑA,consulta externa,nuevas en personas de 15 a 59 anos,2005-08-01,46,35,46,35,81
CHAYANTA,consulta externa,nuevas en personas de 15 a 59 anos,2005-08-01,257,418,257,418,675
CHIMORE,consulta externa,nuevas en personas de 15 a 59 anos,2005-08-01,166,269,166,269,435
CHIPAYA,consulta externa,nuevas en personas de 15 a 59 anos,2005-08-01,9,15,9,15,24
CHOQUE COTA,consulta externa,nuevas en personas de 15 a 59 anos,2005-08-01,9,9,9,9,18
CHULUMANI (V. DE LA LIBERTAD),consulta externa,nuevas en personas de 15 a 59 anos,2005-08-01,230,306,230,306,536
CHUMA,consulta externa,nuevas en personas de 15 a 59 anos,2005-08-01,152,200,152,200,352
CLIZA,consulta externa,nuevas en personas de 15 a 59 anos,2005-08-01,58,113,58,113,171
COBIJA,consulta externa,nuevas en personas de 15 a 59 anos,2005-08-01,534,1147,534,1147,1681
COCHABAMBA,consulta externa,nuevas en personas de 15 a 59 anos,2005-08-01,10684,22774,10684,22774,33458
COIPASA,consulta externa,nuevas en personas de 15 a 59 anos,2005-08-01,14,16,14,16,30
COLCAPIRHUA,consulta externa,nuevas en personas de 15 a 59 anos,2005-08-01,406,714,406,714,1120
"COLCHA ""K""",consulta externa,nuevas en personas de 15 a 59 anos,2005-08-01,192,392,192,392,584
COLLANA,consulta externa,nuevas en personas de 15 a 59 anos,2005-08-01,30,54,30,54,84
COLOMI,consulta externa,nuevas en personas de 15 a 59 anos,2005-08-01,91,196,91,196,287
COLPA BELGICA,consulta externa,nuevas en personas de 15 a 59 anos,2005-08-01,33,110,33,110,143
COLQUECHACA,consulta externa,nuevas en personas de 15 a 59 anos,2005-08-01,276,590,276,590,866
COLQUENCHA,consulta externa,nuevas en personas de 15 a 59 anos,2005-08-01,59,93,59,93,152
COLQUIRI,consulta externa,nuevas en personas de 15 a 59 anos,2005-08-01,166,343,166,343,509
COMANCHE,consulta externa,nuevas en personas de 15 a 59 anos,2005-08-01,28,46,28,46,74
COMARAPA,consulta externa,nuevas en personas de 15 a 59 anos,2005-08-01,215,432,215,432,647
COMBAYA,consulta externa,nuevas en personas de 15 a 59 anos,2005-08-01,20,30,20,30,50
CONCEPCION,consulta externa,nuevas en personas de 15 a 59 anos,2005-08-01,66,137,66,137,203
COPACABANA,consulta externa,nuevas en personas de 15 a 59 anos,2005-08-01,93,134,93,134,227
CORIPATA,consulta externa,nuevas en personas de 15 a 59 anos,2005-08-01,117,193,117,193,310
CORO CORO,consulta externa,nuevas en personas de 15 a 59 anos,2005-08-01,88,171,88,171,259
COROICO,consulta externa,nuevas en personas de 15 a 59 anos,2005-08-01,190,307,190,307,497
CORQUE,consulta externa,nuevas en personas de 15 a 59 anos,2005-08-01,111,108,111,108,219
COTAGAITA,consulta externa,nuevas en personas de 15 a 59 anos,2005-08-01,965,1370,965,1370,2335
COTOCA,consulta externa,nuevas en personas de 15 a 59 anos,2005-08-01,108,359,108,359,467
CUATRO CAÑADAS,consulta externa,nuevas en personas de 15 a 59 anos,2005-08-01,182,498,182,498,680
CUCHUMUELA (V. G. VILLARROEL),consulta externa,nuevas en personas de 15 a 59 anos,2005-08-01,20,48,20,48,68
CUEVO,consulta externa,nuevas en personas de 15 a 59 anos,2005-08-01,81,117,81,117,198
CULPINA,consulta externa,nuevas en personas de 15 a 59 anos,2005-08-01,352,571,352,571,923
CURAHUARA DE CARANGAS,consulta externa,nuevas en personas de 15 a 59 anos,2005-08-01,121,211,121,211,332
CURVA,consulta externa,nuevas en personas de 15 a 59 anos,2005-08-01,27,57,27,57,84
DESAGUADERO,consulta externa,nuevas en personas de 15 a 59 anos,2005-08-01,62,75,62,75,137
EL ALTO,consulta externa,nuevas en personas de 15 a 59 anos,2005-08-01,7585,11792,7585,11792,19377
EL CHORO,consulta externa,nuevas en personas de 15 a 59 anos,2005-08-01,49,77,49,77,126
EL PUENTE(STC),consulta externa,nuevas en personas de 15 a 59 anos,2005-08-01,136,158,136,158,294
EL PUENTE(TJA),consulta externa,nuevas en personas de 15 a 59 anos,2005-08-01,118,235,118,235,353
EL TORNO,consulta externa,nuevas en personas de 15 a 59 anos,2005-08-01,656,884,656,884,1540
EL VILLAR,consulta externa,nuevas en personas de 15 a 59 anos,2005-08-01,112,310,112,310,422
ENTRE RIOS,consulta externa,nuevas en personas de 15 a 59 anos,2005-08-01,313,576,313,576,889
ENTRE RIOS,consulta externa,nuevas en personas de 15 a 59 anos,2005-08-01,220,229,220,229,449
ESCARA,consulta externa,nuevas en personas de 15 a 59 anos,2005-08-01,3,3,3,3,6
EUCALIPTUS,consulta externa,nuevas en personas de 15 a 59 anos,2005-08-01,48,63,48,63,111
EUREKA (SANTOS MERCADO),consulta externa,nuevas en personas de 15 a 59 anos,2005-08-01,8,7,8,7,15
EXALTACION,consulta externa,nuevas en personas de 15 a 59 anos,2005-08-01,34,35,34,35,69
FERNANDEZ ALONSO,consulta externa,nuevas en personas de 15 a 59 anos,2005-08-01,171,358,171,358,529
FILADELFIA,consulta externa,nuevas en personas de 15 a 59 anos,2005-08-01,21,42,21,42,63
GENERAL SAAVEDRA,consulta externa,nuevas en personas de 15 a 59 anos,2005-08-01,161,275,161,275,436
GRAL. J.J. PEREZ (CHARAZANI),consulta externa,nuevas en personas de 15 a 59 anos,2005-08-01,113,124,113,124,237
GUANAY,consulta externa,nuevas en personas de 15 a 59 anos,2005-08-01,137,312,137,312,449
GUAQUI,consulta externa,nuevas en personas de 15 a 59 anos,2005-08-01,57,80,57,80,137
GUAYARAMERIN,consulta externa,nuevas en personas de 15 a 59 anos,2005-08-01,641,1674,641,1674,2315
GUTIERREZ,consulta externa,nuevas en personas de 15 a 59 anos,2005-08-01,150,296,150,296,446
HUACARETA,consulta externa,nuevas en personas de 15 a 59 anos,2005-08-01,276,336,276,336,612
HUACAYA (VILLA DE HUACAYA),consulta externa,nuevas en personas de 15 a 59 anos,2005-08-01,17,63,17,63,80
HUACHACALLA,consulta externa,nuevas en personas de 15 a 59 anos,2005-08-01,48,26,48,26,74
HUANUNI,consulta externa,nuevas en personas de 15 a 59 anos,2005-08-01,463,634,463,634,1097
HUARACAJE,consulta externa,nuevas en personas de 15 a 59 anos,2005-08-01,36,75,36,75,111
HUAYLLAMARCA,consulta externa,nuevas en personas de 15 a 59 anos,2005-08-01,43,49,43,49,92
ICHOCA,consulta externa,nuevas en personas de 15 a 59 anos,2005-08-01,57,98,57,98,155
ICLA,consulta externa,nuevas en personas de 15 a 59 anos,2005-08-01,114,368,114,368,482
INCAHUASI,consulta externa,nuevas en personas de 15 a 59 anos,2005-08-01,250,658,250,658,908
INGAVI (HUMAITA),consulta externa,nuevas en personas de 15 a 59 anos,2005-08-01,24,55,24,55,79
INQUISIVI,consulta externa,nuevas en personas de 15 a 59 anos,2005-08-01,87,164,87,164,251
IRUPANA (VILLA DE LANZA),consulta externa,nuevas en personas de 15 a 59 anos,2005-08-01,185,309,185,309,494
IXIAMAS,consulta externa,nuevas en personas de 15 a 59 anos,2005-08-01,161,193,161,193,354
JESUS DE MACHACA,consulta externa,nuevas en personas de 15 a 59 anos,2005-08-01,132,256,132,256,388
LA ASUNTA,consulta externa,nuevas en personas de 15 a 59 anos,2005-08-01,298,265,298,265,563
LA GUARDIA,consulta externa,nuevas en personas de 15 a 59 anos,2005-08-01,141,533,141,533,674
LA PAZ,consulta externa,nuevas en personas de 15 a 59 anos,2005-08-01,19765,38140,19765,38140,57905
LA RIVERA,consulta externa,nuevas en personas de 15 a 59 anos,2005-08-01,3,4,3,4,7
LAGUNILLAS,consulta externa,nuevas en personas de 15 a 59 anos,2005-08-01,144,191,144,191,335
LAJA,consulta externa,nuevas en personas de 15 a 59 anos,2005-08-01,59,141,59,141,200
LAS CARRERAS,consulta externa,nuevas en personas de 15 a 59 anos,2005-08-01,53,130,53,130,183
LICOMA PAMPA,consulta externa,nuevas en personas de 15 a 59 anos,2005-08-01,24,20,24,20,44
LLALLAGUA,consulta externa,nuevas en personas de 15 a 59 anos,2005-08-01,437,832,437,832,1269
LLICA,consulta externa,nuevas en personas de 15 a 59 anos,2005-08-01,171,189,171,189,360
LORETO,consulta externa,nuevas en personas de 15 a 59 anos,2005-08-01,20,67,20,67,87
LURIBAY,consulta externa,nuevas en personas de 15 a 59 anos,2005-08-01,124,183,124,183,307
MACHACAMARCA,consulta externa,nuevas en personas de 15 a 59 anos,2005-08-01,37,98,37,98,135
MACHARETI,consulta externa,nuevas en personas de 15 a 59 anos,2005-08-01,187,413,187,413,600
MAGDALENA,consulta externa,nuevas en personas de 15 a 59 anos,2005-08-01,135,309,135,309,444
MAIRANA,consulta externa,nuevas en personas de 15 a 59 anos,2005-08-01,100,231,100,231,331
MALLA,consulta externa,nuevas en personas de 15 a 59 anos,2005-08-01,41,78,41,78,119
MAPIRI,consulta externa,nuevas en personas de 15 a 59 anos,2005-08-01,120,203,120,203,323
MECAPACA,consulta externa,nuevas en personas de 15 a 59 anos,2005-08-01,134,143,134,143,277
MINEROS,consulta externa,nuevas en personas de 15 a 59 anos,2005-08-01,120,246,120,246,366
MIZQUE,consulta externa,nuevas en personas de 15 a 59 anos,2005-08-01,121,260,121,260,381
MOCOMOCO,consulta externa,nuevas en personas de 15 a 59 anos,2005-08-01,130,172,130,172,302
MOJINETE,consulta externa,nuevas en personas de 15 a 59 anos,2005-08-01,32,63,32,63,95
MOJOCOYA,consulta externa,nuevas en personas de 15 a 59 anos,2005-08-01,105,314,105,314,419
MONTEAGUDO,consulta externa,nuevas en personas de 15 a 59 anos,2005-08-01,860,1614,860,1614,2474
MONTERO,consulta externa,nuevas en personas de 15 a 59 anos,2005-08-01,1353,2589,1353,2589,3942
MORO MORO,consulta externa,nuevas en personas de 15 a 59 anos,2005-08-01,35,97,35,97,132
MOROCHATA,consulta externa,nuevas en personas de 15 a 59 anos,2005-08-01,114,218,114,218,332
NACEBE (SANTA ROSA DEL ABUNA),consulta externa,nuevas en personas de 15 a 59 anos,2005-08-01,41,56,41,56,97
NAZACARA DE PACAJES,consulta externa,nuevas en personas de 15 a 59 anos,2005-08-01,10,4,10,4,14
NUEVO MANOA (NUEVA ESPERANZA),consulta externa,nuevas en personas de 15 a 59 anos,2005-08-01,130,84,130,84,214
OCURI,consulta externa,nuevas en personas de 15 a 59 anos,2005-08-01,133,381,133,381,514
OKINAWA,consulta externa,nuevas en personas de 15 a 59 anos,2005-08-01,227,467,227,467,694
OMEREQUE,consulta externa,nuevas en personas de 15 a 59 anos,2005-08-01,101,212,101,212,313
ORURO,consulta externa,nuevas en personas de 15 a 59 anos,2005-08-01,6248,10157,6248,10157,16405
PADCAYA,consulta externa,nuevas en personas de 15 a 59 anos,2005-08-01,261,481,261,481,742
PADILLA,consulta externa,nuevas en personas de 15 a 59 anos,2005-08-01,274,687,274,687,961
PAILON,consulta externa,nuevas en personas de 15 a 59 anos,2005-08-01,89,184,89,184,273
PALCA,consulta externa,nuevas en personas de 15 a 59 anos,2005-08-01,88,136,88,136,224
PALOS BLANCOS,consulta externa,nuevas en personas de 15 a 59 anos,2005-08-01,485,462,485,462,947
PAMPA AULLAGAS,consulta externa,nuevas en personas de 15 a 59 anos,2005-08-01,19,38,19,38,57
PAMPA GRANDE,consulta externa,nuevas en personas de 15 a 59 anos,2005-08-01,64,176,64,176,240
PAPEL PAMPA,consulta externa,nuevas en personas de 15 a 59 anos,2005-08-01,54,104,54,104,158
PASORAPA,consulta externa,nuevas en personas de 15 a 59 anos,2005-08-01,34,67,34,67,101
PATACAMAYA,consulta externa,nuevas en personas de 15 a 59 anos,2005-08-01,111,98,111,98,209
PAZÑA,consulta externa,nuevas en personas de 15 a 59 anos,2005-08-01,80,158,80,158,238
PELECHUCO,consulta externa,nuevas en personas de 15 a 59 anos,2005-08-01,112,133,112,133,245
POCOATA,consulta externa,nuevas en personas de 15 a 59 anos,2005-08-01,247,387,247,387,634
POCONA,consulta externa,nuevas en personas de 15 a 59 anos,2005-08-01,104,190,104,190,294
POJO (CBBA),consulta externa,nuevas en personas de 15 a 59 anos,2005-08-01,58,111,58,111,169
POOPO,consulta externa,nuevas en personas de 15 a 59 anos,2005-08-01,82,97,82,97,179
PORCO,consulta externa,nuevas en personas de 15 a 59 anos,2005-08-01,80,138,80,138,218
POROMA,consulta externa,nuevas en personas de 15 a 59 anos,2005-08-01,256,624,256,624,880
PORONGO,consulta externa,nuevas en personas de 15 a 59 anos,2005-08-01,160,542,160,542,702
PORTACHUELO,consulta externa,nuevas en personas de 15 a 59 anos,2005-08-01,259,674,259,674,933
PORVENIR,consulta externa,nuevas en personas de 15 a 59 anos,2005-08-01,71,55,71,55,126
POSTRER VALLE,consulta externa,nuevas en personas de 15 a 59 anos,2005-08-01,28,67,28,67,95
POTOSI,consulta externa,nuevas en personas de 15 a 59 anos,2005-08-01,4278,8265,4278,8265,12543
PRESTO,consulta externa,nuevas en personas de 15 a 59 anos,2005-08-01,74,207,74,207,281
PUCARA,consulta externa,nuevas en personas de 15 a 59 anos,2005-08-01,64,125,64,125,189
PUCARANI,consulta externa,nuevas en personas de 15 a 59 anos,2005-08-01,130,234,130,234,364
PUERTO ACOSTA,consulta externa,nuevas en personas de 15 a 59 anos,2005-08-01,228,325,228,325,553
PUERTO CARABUCO,consulta externa,nuevas en personas de 15 a 59 anos,2005-08-01,186,234,186,234,420
PUERTO GONZALO MORENO,consulta externa,nuevas en personas de 15 a 59 anos,2005-08-01,62,87,62,87,149
PUERTO PEREZ,consulta externa,nuevas en personas de 15 a 59 anos,2005-08-01,79,109,79,109,188
PUERTO QUIJARRO,consulta externa,nuevas en personas de 15 a 59 anos,2005-08-01,320,370,320,370,690
PUERTO RICO,consulta externa,nuevas en personas de 15 a 59 anos,2005-08-01,120,181,120,181,301
PUERTO SILES,consulta externa,nuevas en personas de 15 a 59 anos,2005-08-01,4,4,4,4,8
PUERTO SUAREZ,consulta externa,nuevas en personas de 15 a 59 anos,2005-08-01,220,566,220,566,786
PUERTO VILLARROEL,consulta externa,nuevas en personas de 15 a 59 anos,2005-08-01,530,676,530,676,1206
PUNA,consulta externa,nuevas en personas de 15 a 59 anos,2005-08-01,553,1000,553,1000,1553
PUNATA,consulta externa,nuevas en personas de 15 a 59 anos,2005-08-01,253,684,253,684,937
QUIABAYA,consulta externa,nuevas en personas de 15 a 59 anos,2005-08-01,48,73,48,73,121
QUILLACOLLO,consulta externa,nuevas en personas de 15 a 59 anos,2005-08-01,763,1533,763,1533,2296
QUIME,consulta externa,nuevas en personas de 15 a 59 anos,2005-08-01,141,132,141,132,273
QUIRUSILLAS,consulta externa,nuevas en personas de 15 a 59 anos,2005-08-01,30,54,30,54,84
RAVELO,consulta externa,nuevas en personas de 15 a 59 anos,2005-08-01,249,440,249,440,689
REYES,consulta externa,nuevas en personas de 15 a 59 anos,2005-08-01,192,601,192,601,793
RIBERALTA,consulta externa,nuevas en personas de 15 a 59 anos,2005-08-01,586,1255,586,1255,1841
ROBORE,consulta externa,nuevas en personas de 15 a 59 anos,2005-08-01,202,501,202,501,703
RURRENABAQUE,consulta externa,nuevas en personas de 15 a 59 anos,2005-08-01,167,366,167,366,533
SABAYA,consulta externa,nuevas en personas de 15 a 59 anos,2005-08-01,46,68,46,68,114
SACABA,consulta externa,nuevas en personas de 15 a 59 anos,2005-08-01,421,935,421,935,1356
SACABAMBA,consulta externa,nuevas en personas de 15 a 59 anos,2005-08-01,53,60,53,60,113
SACACA,consulta externa,nuevas en personas de 15 a 59 anos,2005-08-01,192,481,192,481,673
SAIPINA,consulta externa,nuevas en personas de 15 a 59 anos,2005-08-01,81,218,81,218,299
SALINAS DE GARCI MENDOZA,consulta externa,nuevas en personas de 15 a 59 anos,2005-08-01,90,218,90,218,308
SAMAIPATA,consulta externa,nuevas en personas de 15 a 59 anos,2005-08-01,100,212,100,212,312
SAN AGUSTIN,consulta externa,nuevas en personas de 15 a 59 anos,2005-08-01,44,75,44,75,119
SAN ANDRES,consulta externa,nuevas en personas de 15 a 59 anos,2005-08-01,86,210,86,210,296
SAN ANDRES DE MACHACA,consulta externa,nuevas en personas de 15 a 59 anos,2005-08-01,57,78,57,78,135
SAN ANTONIO DE ESMORUCO,consulta externa,nuevas en personas de 15 a 59 anos,2005-08-01,29,71,29,71,100
SAN ANTONIO DE LOMERIO,consulta externa,nuevas en personas de 15 a 59 anos,2005-08-01,50,67,50,67,117
SAN BENITO,consulta externa,nuevas en personas de 15 a 59 anos,2005-08-01,71,163,71,163,234
SAN BORJA,consulta externa,nuevas en personas de 15 a 59 anos,2005-08-01,184,436,184,436,620
SAN BUENA VENTURA,consulta externa,nuevas en personas de 15 a 59 anos,2005-08-01,107,136,107,136,243
SAN CARLOS,consulta externa,nuevas en personas de 15 a 59 anos,2005-08-01,155,314,155,314,469
SAN IGNACIO,consulta externa,nuevas en personas de 15 a 59 anos,2005-08-01,224,570,224,570,794
SAN IGNACIO DE VELASCO,consulta externa,nuevas en personas de 15 a 59 anos,2005-08-01,616,1376,616,1376,1992
SAN JAVIER(BNI),consulta externa,nuevas en personas de 15 a 59 anos,2005-08-01,28,77,28,77,105
SAN JAVIER(STC),consulta externa,nuevas en personas de 15 a 59 anos,2005-08-01,101,198,101,198,299
SAN JOAQUIN,consulta externa,nuevas en personas de 15 a 59 anos,2005-08-01,36,99,36,99,135
SAN JOSE DE CHIQUITOS,consulta externa,nuevas en personas de 15 a 59 anos,2005-08-01,248,538,248,538,786
SAN JUAN DE YAPACANI,consulta externa,nuevas en personas de 15 a 59 anos,2005-08-01,190,396,190,396,586
SAN JULIAN,consulta externa,nuevas en personas de 15 a 59 anos,2005-08-01,729,1269,729,1269,1998
SAN LORENZO(PND),consulta externa,nuevas en personas de 15 a 59 anos,2005-08-01,53,127,53,127,180
SAN LORENZO(TJA),consulta externa,nuevas en personas de 15 a 59 anos,2005-08-01,158,509,158,509,667
SAN LUCAS,consulta externa,nuevas en personas de 15 a 59 anos,2005-08-01,614,1079,614,1079,1693
SAN MATIAS,consulta externa,nuevas en personas de 15 a 59 anos,2005-08-01,85,175,85,175,260
SAN MIGUEL DE VELASCO,consulta externa,nuevas en personas de 15 a 59 anos,2005-08-01,96,184,96,184,280
SAN PABLO DE LIPEZ,consulta externa,nuevas en personas de 15 a 59 anos,2005-08-01,110,202,110,202,312
SAN PEDRO,consulta externa,nuevas en personas de 15 a 59 anos,2005-08-01,439,596,439,596,1035
SAN PEDRO DE BUENA VISTA,consulta externa,nuevas en personas de 15 a 59 anos,2005-08-01,257,485,257,485,742
SAN PEDRO DE CURAHUARA,consulta externa,nuevas en personas de 15 a 59 anos,2005-08-01,64,79,64,79,143
SAN PEDRO DE QUEMES,consulta externa,nuevas en personas de 15 a 59 anos,2005-08-01,3,14,3,14,17
SAN PEDRO DE TIQUINA,consulta externa,nuevas en personas de 15 a 59 anos,2005-08-01,44,53,44,53,97
SAN PEDRO(PND),consulta externa,nuevas en personas de 15 a 59 anos,2005-08-01,45,79,45,79,124
SAN RAFAEL,consulta externa,nuevas en personas de 15 a 59 anos,2005-08-01,82,112,82,112,194
SAN RAMON,consulta externa,nuevas en personas de 15 a 59 anos,2005-08-01,47,152,47,152,199
SAN RAMON,consulta externa,nuevas en personas de 15 a 59 anos,2005-08-01,104,200,104,200,304
SANTA ANA,consulta externa,nuevas en personas de 15 a 59 anos,2005-08-01,134,213,134,213,347
SANTA CRUZ DE LA SIERRA,consulta externa,nuevas en personas de 15 a 59 anos,2005-08-01,20595,37366,20595,37366,57961
SANTA ROSA,consulta externa,nuevas en personas de 15 a 59 anos,2005-08-01,36,152,36,152,188
SANTA ROSA DEL SARA,consulta externa,nuevas en personas de 15 a 59 anos,2005-08-01,193,377,193,377,570
SANTIAGO DE CALLAPA,consulta externa,nuevas en personas de 15 a 59 anos,2005-08-01,44,89,44,89,133
SANTIAGO DE HUARI,consulta externa,nuevas en personas de 15 a 59 anos,2005-08-01,109,127,109,127,236
SANTIAGO DE MACHACA,consulta externa,nuevas en personas de 15 a 59 anos,2005-08-01,9,27,9,27,36
SANTIVAÑES,consulta externa,nuevas en personas de 15 a 59 anos,2005-08-01,52,106,52,106,158
SANTUARIO DE QUILLACAS,consulta externa,nuevas en personas de 15 a 59 anos,2005-08-01,23,42,23,42,65
SAPAHAQUI,consulta externa,nuevas en personas de 15 a 59 anos,2005-08-01,113,119,113,119,232
SENA,consulta externa,nuevas en personas de 15 a 59 anos,2005-08-01,55,78,55,78,133
SICA SICA (VILLA AROMA),consulta externa,nuevas en personas de 15 a 59 anos,2005-08-01,98,131,98,131,229
SICAYA,consulta externa,nuevas en personas de 15 a 59 anos,2005-08-01,10,16,10,16,26
SIPE SIPE,consulta externa,nuevas en personas de 15 a 59 anos,2005-08-01,83,419,83,419,502
SOPACHUY,consulta externa,nuevas en personas de 15 a 59 anos,2005-08-01,123,225,123,225,348
SORACACHI,consulta externa,nuevas en personas de 15 a 59 anos,2005-08-01,50,120,50,120,170
SORATA,consulta externa,nuevas en personas de 15 a 59 anos,2005-08-01,204,220,204,220,424
SUCRE,consulta externa,nuevas en personas de 15 a 59 anos,2005-08-01,7981,16379,7981,16379,24360
TACACHI,consulta externa,nuevas en personas de 15 a 59 anos,2005-08-01,13,35,13,35,48
TACACOMA,consulta externa,nuevas en personas de 15 a 59 anos,2005-08-01,75,109,75,109,184
TACOBAMBA,consulta externa,nuevas en personas de 15 a 59 anos,2005-08-01,121,197,121,197,318
TACOPAYA,consulta externa,nuevas en personas de 15 a 59 anos,2005-08-01,76,156,76,156,232
TAHUA,consulta externa,nuevas en personas de 15 a 59 anos,2005-08-01,14,15,14,15,29
TAPACARI,consulta externa,nuevas en personas de 15 a 59 anos,2005-08-01,159,278,159,278,437
TARABUCO,consulta externa,nuevas en personas de 15 a 59 anos,2005-08-01,209,410,209,410,619
TARACO,consulta externa,nuevas en personas de 15 a 59 anos,2005-08-01,17,33,17,33,50
TARATA,consulta externa,nuevas en personas de 15 a 59 anos,2005-08-01,54,73,54,73,127
TARIJA,consulta externa,nuevas en personas de 15 a 59 anos,2005-08-01,3903,8388,3903,8388,12291
TARVITA,consulta externa,nuevas en personas de 15 a 59 anos,2005-08-01,319,670,319,670,989
TEOPONTE,consulta externa,nuevas en personas de 15 a 59 anos,2005-08-01,95,143,95,143,238
TIAWANACU,consulta externa,nuevas en personas de 15 a 59 anos,2005-08-01,72,116,72,116,188
TINGUIPAYA,consulta externa,nuevas en personas de 15 a 59 anos,2005-08-01,156,359,156,359,515
TIPUANI,consulta externa,nuevas en personas de 15 a 59 anos,2005-08-01,44,102,44,102,146
TIQUIPAYA,consulta externa,nuevas en personas de 15 a 59 anos,2005-08-01,97,376,97,376,473
TIRAQUE (CBBA),consulta externa,nuevas en personas de 15 a 59 anos,2005-08-01,414,735,414,735,1149
TITO YUPANQUI (PARQUIPUJIO),consulta externa,nuevas en personas de 15 a 59 anos,2005-08-01,26,63,26,63,89
TOCO,consulta externa,nuevas en personas de 15 a 59 anos,2005-08-01,15,50,15,50,65
TODOS SANTOS,consulta externa,nuevas en personas de 15 a 59 anos,2005-08-01,12,4,12,4,16
TOLATA,consulta externa,nuevas en personas de 15 a 59 anos,2005-08-01,17,51,17,51,68
TOLEDO,consulta externa,nuevas en personas de 15 a 59 anos,2005-08-01,155,161,155,161,316
TOMAVE,consulta externa,nuevas en personas de 15 a 59 anos,2005-08-01,147,331,147,331,478
TOMINA,consulta externa,nuevas en personas de 15 a 59 anos,2005-08-01,194,362,194,362,556
TORO TORO,consulta externa,nuevas en personas de 15 a 59 anos,2005-08-01,122,256,122,256,378
TOTORA(CBBA),consulta externa,nuevas en personas de 15 a 59 anos,2005-08-01,129,186,129,186,315
TOTORA(ORR),consulta externa,nuevas en personas de 15 a 59 anos,2005-08-01,28,40,28,40,68
TRIGAL,consulta externa,nuevas en personas de 15 a 59 anos,2005-08-01,29,43,29,43,72
TRINIDAD,consulta externa,nuevas en personas de 15 a 59 anos,2005-08-01,1059,2196,1059,2196,3255
TUPIZA,consulta externa,nuevas en personas de 15 a 59 anos,2005-08-01,1453,2585,1453,2585,4038
TURCO,consulta externa,nuevas en personas de 15 a 59 anos,2005-08-01,44,59,44,59,103
UMALA,consulta externa,nuevas en personas de 15 a 59 anos,2005-08-01,16,43,16,43,59
UNCIA,consulta externa,nuevas en personas de 15 a 59 anos,2005-08-01,303,708,303,708,1011
URIONDO (A. CONCEPCION),consulta externa,nuevas en personas de 15 a 59 anos,2005-08-01,78,233,78,233,311
URUBICHA,consulta externa,nuevas en personas de 15 a 59 anos,2005-08-01,46,108,46,108,154
UYUNI,consulta externa,nuevas en personas de 15 a 59 anos,2005-08-01,500,601,500,601,1101
VACAS,consulta externa,nuevas en personas de 15 a 59 anos,2005-08-01,93,257,93,257,350
VALLEGRANDE,consulta externa,nuevas en personas de 15 a 59 anos,2005-08-01,227,601,227,601,828
VIACHA,consulta externa,nuevas en personas de 15 a 59 anos,2005-08-01,527,866,527,866,1393
VILA VILA,consulta externa,nuevas en personas de 15 a 59 anos,2005-08-01,31,44,31,44,75
VILLA MONTES,consulta externa,nuevas en personas de 15 a 59 anos,2005-08-01,316,491,316,491,807
VILLA NUEVA (LOMA ALTA),consulta externa,nuevas en personas de 15 a 59 anos,2005-08-01,45,46,45,46,91
VILLA RIVERO,consulta externa,nuevas en personas de 15 a 59 anos,2005-08-01,33,72,33,72,105
VILLA SERRANO,consulta externa,nuevas en personas de 15 a 59 anos,2005-08-01,163,280,163,280,443
VILLA TUNARI,consulta externa,nuevas en personas de 15 a 59 anos,2005-08-01,785,1316,785,1316,2101
VILLA VACA GUZMAN (MUYUPAMPA),consulta externa,nuevas en personas de 15 a 59 anos,2005-08-01,226,348,226,348,574
VILLAZON,consulta externa,nuevas en personas de 15 a 59 anos,2005-08-01,570,1435,570,1435,2005
VINTO,consulta externa,nuevas en personas de 15 a 59 anos,2005-08-01,164,336,164,336,500
VITICHI,consulta externa,nuevas en personas de 15 a 59 anos,2005-08-01,205,371,205,371,576
WALDO BALLIVIAN,consulta externa,nuevas en personas de 15 a 59 anos,2005-08-01,14,58,14,58,72
WARNES,consulta externa,nuevas en personas de 15 a 59 anos,2005-08-01,446,922,446,922,1368
YACO,consulta externa,nuevas en personas de 15 a 59 anos,2005-08-01,44,69,44,69,113
YACUIBA,consulta externa,nuevas en personas de 15 a 59 anos,2005-08-01,1388,2580,1388,2580,3968
YAMPARAEZ,consulta externa,nuevas en personas de 15 a 59 anos,2005-08-01,70,176,70,176,246
YANACACHI,consulta externa,nuevas en personas de 15 a 59 anos,2005-08-01,123,144,123,144,267
YAPACANI,consulta externa,nuevas en personas de 15 a 59 anos,2005-08-01,342,1123,342,1123,1465
YOCALLA,consulta externa,nuevas en personas de 15 a 59 anos,2005-08-01,114,176,114,176,290
YOTALA,consulta externa,nuevas en personas de 15 a 59 anos,2005-08-01,107,193,107,193,300
YUNCHARA,consulta externa,nuevas en personas de 15 a 59 anos,2005-08-01,135,329,135,329,464
ZUDAÑEZ,consulta externa,nuevas en personas de 15 a 59 anos,2005-08-01,91,203,91,203,294
ACACIO,consulta externa,nuevas en personas de 15 a 59 anos,2005-09-01,96,179,96,179,275
ACHACACHI,consulta externa,nuevas en personas de 15 a 59 anos,2005-09-01,410,646,410,646,1056
ACHOCALLA,consulta externa,nuevas en personas de 15 a 59 anos,2005-09-01,46,122,46,122,168
AIQUILE,consulta externa,nuevas en personas de 15 a 59 anos,2005-09-01,199,464,199,464,663
ALALAY,consulta externa,nuevas en personas de 15 a 59 anos,2005-09-01,27,64,27,64,91
ALCALA,consulta externa,nuevas en personas de 15 a 59 anos,2005-09-01,56,164,56,164,220
ANCORAIMES,consulta externa,nuevas en personas de 15 a 59 anos,2005-09-01,112,204,112,204,316
ANDAMARCA,consulta externa,nuevas en personas de 15 a 59 anos,2005-09-01,39,73,39,73,112
ANTEQUERA,consulta externa,nuevas en personas de 15 a 59 anos,2005-09-01,11,23,11,23,34
ANZALDO,consulta externa,nuevas en personas de 15 a 59 anos,2005-09-01,85,90,85,90,175
APOLO,consulta externa,nuevas en personas de 15 a 59 anos,2005-09-01,178,322,178,322,500
ARAMPAMPA,consulta externa,nuevas en personas de 15 a 59 anos,2005-09-01,71,122,71,122,193
ARANI,consulta externa,nuevas en personas de 15 a 59 anos,2005-09-01,40,47,40,47,87
ARBIETO,consulta externa,nuevas en personas de 15 a 59 anos,2005-09-01,29,115,29,115,144
ARQUE,consulta externa,nuevas en personas de 15 a 59 anos,2005-09-01,71,139,71,139,210
ASCENCION DE GUARAYOS,consulta externa,nuevas en personas de 15 a 59 anos,2005-09-01,219,339,219,339,558
ATOCHA,consulta externa,nuevas en personas de 15 a 59 anos,2005-09-01,881,973,881,973,1854
AUCAPATA,consulta externa,nuevas en personas de 15 a 59 anos,2005-09-01,89,143,89,143,232
AYATA,consulta externa,nuevas en personas de 15 a 59 anos,2005-09-01,70,134,70,134,204
AYO AYO,consulta externa,nuevas en personas de 15 a 59 anos,2005-09-01,35,67,35,67,102
AYOPAYA (V. DE INDEPENDENCIA),consulta externa,nuevas en personas de 15 a 59 anos,2005-09-01,182,391,182,391,573
AZURDUY,consulta externa,nuevas en personas de 15 a 59 anos,2005-09-01,234,459,234,459,693
BATALLAS,consulta externa,nuevas en personas de 15 a 59 anos,2005-09-01,100,118,100,118,218
BAURES,consulta externa,nuevas en personas de 15 a 59 anos,2005-09-01,60,146,60,146,206
BELEN DE ANDAMARCA,consulta externa,nuevas en personas de 15 a 59 anos,2005-09-01,31,32,31,32,63
BELEN DE URMIRI,consulta externa,nuevas en personas de 15 a 59 anos,2005-09-01,44,94,44,94,138
BELLA FLOR,consulta externa,nuevas en personas de 15 a 59 anos,2005-09-01,111,102,111,102,213
BERMEJO,consulta externa,nuevas en personas de 15 a 59 anos,2005-09-01,918,958,918,958,1876
BETANZOS,consulta externa,nuevas en personas de 15 a 59 anos,2005-09-01,511,1160,511,1160,1671
BOLIVAR,consulta externa,nuevas en personas de 15 a 59 anos,2005-09-01,61,103,61,103,164
BOLPEBRA,consulta externa,nuevas en personas de 15 a 59 anos,2005-09-01,30,22,30,22,52
BOYUIBE,consulta externa,nuevas en personas de 15 a 59 anos,2005-09-01,54,118,54,118,172
BUENA VISTA,consulta externa,nuevas en personas de 15 a 59 anos,2005-09-01,184,334,184,334,518
CABEZAS,consulta externa,nuevas en personas de 15 a 59 anos,2005-09-01,280,390,280,390,670
CAIROMA,consulta externa,nuevas en personas de 15 a 59 anos,2005-09-01,88,169,88,169,257
"CAIZA ""D""",consulta externa,nuevas en personas de 15 a 59 anos,2005-09-01,183,236,183,236,419
CAJUATA,consulta externa,nuevas en personas de 15 a 59 anos,2005-09-01,124,206,124,206,330
CALACOTO,consulta externa,nuevas en personas de 15 a 59 anos,2005-09-01,36,51,36,51,87
CALAMARCA,consulta externa,nuevas en personas de 15 a 59 anos,2005-09-01,78,95,78,95,173
CAMARGO,consulta externa,nuevas en personas de 15 a 59 anos,2005-09-01,337,772,337,772,1109
CAMATAQUI (C. VILLA ABECIA),consulta externa,nuevas en personas de 15 a 59 anos,2005-09-01,69,79,69,79,148
CAMIRI,consulta externa,nuevas en personas de 15 a 59 anos,2005-09-01,773,1903,773,1903,2676
CAPINOTA,consulta externa,nuevas en personas de 15 a 59 anos,2005-09-01,235,399,235,399,634
CAQUIAVIRI,consulta externa,nuevas en personas de 15 a 59 anos,2005-09-01,113,177,113,177,290
CARACOLLO,consulta externa,nuevas en personas de 15 a 59 anos,2005-09-01,85,160,85,160,245
CARANAVI,consulta externa,nuevas en personas de 15 a 59 anos,2005-09-01,771,1136,771,1136,1907
CARANGAS,consulta externa,nuevas en personas de 15 a 59 anos,2005-09-01,1,0,1,0,1
CARAPARI,consulta externa,nuevas en personas de 15 a 59 anos,2005-09-01,188,287,188,287,475
CARIPUYO,consulta externa,nuevas en personas de 15 a 59 anos,2005-09-01,84,178,84,178,262
CARMEN RIVERO TORREZ,consulta externa,nuevas en personas de 15 a 59 anos,2005-09-01,36,108,36,108,144
CATACORA,consulta externa,nuevas en personas de 15 a 59 anos,2005-09-01,12,22,12,22,34
CHACARILLA,consulta externa,nuevas en personas de 15 a 59 anos,2005-09-01,39,52,39,52,91
CHALLAPATA,consulta externa,nuevas en personas de 15 a 59 anos,2005-09-01,323,468,323,468,791
CHAQUI,consulta externa,nuevas en personas de 15 a 59 anos,2005-09-01,45,149,45,149,194
CHARAGUA,consulta externa,nuevas en personas de 15 a 59 anos,2005-09-01,188,449,188,449,637
CHARAÑA,consulta externa,nuevas en personas de 15 a 59 anos,2005-09-01,45,48,45,48,93
CHAYANTA,consulta externa,nuevas en personas de 15 a 59 anos,2005-09-01,207,325,207,325,532
CHIMORE,consulta externa,nuevas en personas de 15 a 59 anos,2005-09-01,200,359,200,359,559
CHIPAYA,consulta externa,nuevas en personas de 15 a 59 anos,2005-09-01,15,34,15,34,49
CHOQUE COTA,consulta externa,nuevas en personas de 15 a 59 anos,2005-09-01,26,60,26,60,86
CHULUMANI (V. DE LA LIBERTAD),consulta externa,nuevas en personas de 15 a 59 anos,2005-09-01,224,274,224,274,498
CHUMA,consulta externa,nuevas en personas de 15 a 59 anos,2005-09-01,128,170,128,170,298
CLIZA,consulta externa,nuevas en personas de 15 a 59 anos,2005-09-01,54,111,54,111,165
COBIJA,consulta externa,nuevas en personas de 15 a 59 anos,2005-09-01,540,1290,540,1290,1830
COCHABAMBA,consulta externa,nuevas en personas de 15 a 59 anos,2005-09-01,10657,21414,10657,21414,32071
COIPASA,consulta externa,nuevas en personas de 15 a 59 anos,2005-09-01,8,16,8,16,24
COLCAPIRHUA,consulta externa,nuevas en personas de 15 a 59 anos,2005-09-01,392,666,392,666,1058
"COLCHA ""K""",consulta externa,nuevas en personas de 15 a 59 anos,2005-09-01,186,366,186,366,552
COLLANA,consulta externa,nuevas en personas de 15 a 59 anos,2005-09-01,30,61,30,61,91
COLOMI,consulta externa,nuevas en personas de 15 a 59 anos,2005-09-01,75,236,75,236,311
COLPA BELGICA,consulta externa,nuevas en personas de 15 a 59 anos,2005-09-01,58,163,58,163,221
COLQUECHACA,consulta externa,nuevas en personas de 15 a 59 anos,2005-09-01,327,642,327,642,969
COLQUENCHA,consulta externa,nuevas en personas de 15 a 59 anos,2005-09-01,46,89,46,89,135
COLQUIRI,consulta externa,nuevas en personas de 15 a 59 anos,2005-09-01,153,356,153,356,509
COMANCHE,consulta externa,nuevas en personas de 15 a 59 anos,2005-09-01,18,44,18,44,62
COMARAPA,consulta externa,nuevas en personas de 15 a 59 anos,2005-09-01,251,446,251,446,697
COMBAYA,consulta externa,nuevas en personas de 15 a 59 anos,2005-09-01,24,26,24,26,50
CONCEPCION,consulta externa,nuevas en personas de 15 a 59 anos,2005-09-01,82,122,82,122,204
COPACABANA,consulta externa,nuevas en personas de 15 a 59 anos,2005-09-01,70,99,70,99,169
CORIPATA,consulta externa,nuevas en personas de 15 a 59 anos,2005-09-01,137,202,137,202,339
CORO CORO,consulta externa,nuevas en personas de 15 a 59 anos,2005-09-01,77,152,77,152,229
COROICO,consulta externa,nuevas en personas de 15 a 59 anos,2005-09-01,365,820,365,820,1185
CORQUE,consulta externa,nuevas en personas de 15 a 59 anos,2005-09-01,132,107,132,107,239
COTAGAITA,consulta externa,nuevas en personas de 15 a 59 anos,2005-09-01,904,1226,904,1226,2130
COTOCA,consulta externa,nuevas en personas de 15 a 59 anos,2005-09-01,135,420,135,420,555
CUATRO CAÑADAS,consulta externa,nuevas en personas de 15 a 59 anos,2005-09-01,190,460,190,460,650
CUCHUMUELA (V. G. VILLARROEL),consulta externa,nuevas en personas de 15 a 59 anos,2005-09-01,17,30,17,30,47
CUEVO,consulta externa,nuevas en personas de 15 a 59 anos,2005-09-01,94,133,94,133,227
CULPINA,consulta externa,nuevas en personas de 15 a 59 anos,2005-09-01,212,412,212,412,624
CURAHUARA DE CARANGAS,consulta externa,nuevas en personas de 15 a 59 anos,2005-09-01,80,105,80,105,185
CURVA,consulta externa,nuevas en personas de 15 a 59 anos,2005-09-01,25,46,25,46,71
DESAGUADERO,consulta externa,nuevas en personas de 15 a 59 anos,2005-09-01,44,60,44,60,104
EL ALTO,consulta externa,nuevas en personas de 15 a 59 anos,2005-09-01,7732,11654,7732,11654,19386
EL CHORO,consulta externa,nuevas en personas de 15 a 59 anos,2005-09-01,52,71,52,71,123
EL PUENTE(STC),consulta externa,nuevas en personas de 15 a 59 anos,2005-09-01,102,165,102,165,267
EL PUENTE(TJA),consulta externa,nuevas en personas de 15 a 59 anos,2005-09-01,181,324,181,324,505
EL TORNO,consulta externa,nuevas en personas de 15 a 59 anos,2005-09-01,589,776,589,776,1365
EL VILLAR,consulta externa,nuevas en personas de 15 a 59 anos,2005-09-01,106,253,106,253,359
ENTRE RIOS,consulta externa,nuevas en personas de 15 a 59 anos,2005-09-01,311,545,311,545,856
ENTRE RIOS,consulta externa,nuevas en personas de 15 a 59 anos,2005-09-01,143,212,143,212,355
ESCARA,consulta externa,nuevas en personas de 15 a 59 anos,2005-09-01,7,14,7,14,21
EUCALIPTUS,consulta externa,nuevas en personas de 15 a 59 anos,2005-09-01,43,107,43,107,150
EUREKA (SANTOS MERCADO),consulta externa,nuevas en personas de 15 a 59 anos,2005-09-01,12,23,12,23,35
EXALTACION,consulta externa,nuevas en personas de 15 a 59 anos,2005-09-01,33,112,33,112,145
FERNANDEZ ALONSO,consulta externa,nuevas en personas de 15 a 59 anos,2005-09-01,143,176,143,176,319
FILADELFIA,consulta externa,nuevas en personas de 15 a 59 anos,2005-09-01,78,120,78,120,198
GENERAL SAAVEDRA,consulta externa,nuevas en personas de 15 a 59 anos,2005-09-01,153,291,153,291,444
GRAL. J.J. PEREZ (CHARAZANI),consulta externa,nuevas en personas de 15 a 59 anos,2005-09-01,121,203,121,203,324
GUANAY,consulta externa,nuevas en personas de 15 a 59 anos,2005-09-01,188,332,188,332,520
GUAQUI,consulta externa,nuevas en personas de 15 a 59 anos,2005-09-01,31,77,31,77,108
GUAYARAMERIN,consulta externa,nuevas en personas de 15 a 59 anos,2005-09-01,510,1291,510,1291,1801
GUTIERREZ,consulta externa,nuevas en personas de 15 a 59 anos,2005-09-01,207,365,207,365,572
HUACARETA,consulta externa,nuevas en personas de 15 a 59 anos,2005-09-01,247,381,247,381,628
HUACAYA (VILLA DE HUACAYA),consulta externa,nuevas en personas de 15 a 59 anos,2005-09-01,73,109,73,109,182
HUACHACALLA,consulta externa,nuevas en personas de 15 a 59 anos,2005-09-01,27,28,27,28,55
HUANUNI,consulta externa,nuevas en personas de 15 a 59 anos,2005-09-01,346,619,346,619,965
HUARACAJE,consulta externa,nuevas en personas de 15 a 59 anos,2005-09-01,24,48,24,48,72
HUAYLLAMARCA,consulta externa,nuevas en personas de 15 a 59 anos,2005-09-01,66,133,66,133,199
ICHOCA,consulta externa,nuevas en personas de 15 a 59 anos,2005-09-01,58,98,58,98,156
ICLA,consulta externa,nuevas en personas de 15 a 59 anos,2005-09-01,107,207,107,207,314
INCAHUASI,consulta externa,nuevas en personas de 15 a 59 anos,2005-09-01,147,515,147,515,662
INGAVI (HUMAITA),consulta externa,nuevas en personas de 15 a 59 anos,2005-09-01,15,9,15,9,24
INQUISIVI,consulta externa,nuevas en personas de 15 a 59 anos,2005-09-01,82,158,82,158,240
IRUPANA (VILLA DE LANZA),consulta externa,nuevas en personas de 15 a 59 anos,2005-09-01,192,319,192,319,511
IXIAMAS,consulta externa,nuevas en personas de 15 a 59 anos,2005-09-01,163,231,163,231,394
JESUS DE MACHACA,consulta externa,nuevas en personas de 15 a 59 anos,2005-09-01,113,212,113,212,325
LA ASUNTA,consulta externa,nuevas en personas de 15 a 59 anos,2005-09-01,250,293,250,293,543
LA GUARDIA,consulta externa,nuevas en personas de 15 a 59 anos,2005-09-01,205,648,205,648,853
LA PAZ,consulta externa,nuevas en personas de 15 a 59 anos,2005-09-01,20114,38388,20114,38388,58502
LA RIVERA,consulta externa,nuevas en personas de 15 a 59 anos,2005-09-01,5,11,5,11,16
LAGUNILLAS,consulta externa,nuevas en personas de 15 a 59 anos,2005-09-01,74,143,74,143,217
LAJA,consulta externa,nuevas en personas de 15 a 59 anos,2005-09-01,71,163,71,163,234
LAS CARRERAS,consulta externa,nuevas en personas de 15 a 59 anos,2005-09-01,28,117,28,117,145
LICOMA PAMPA,consulta externa,nuevas en personas de 15 a 59 anos,2005-09-01,10,19,10,19,29
LLALLAGUA,consulta externa,nuevas en personas de 15 a 59 anos,2005-09-01,457,953,457,953,1410
LLICA,consulta externa,nuevas en personas de 15 a 59 anos,2005-09-01,171,181,171,181,352
LORETO,consulta externa,nuevas en personas de 15 a 59 anos,2005-09-01,18,49,18,49,67
LURIBAY,consulta externa,nuevas en personas de 15 a 59 anos,2005-09-01,113,162,113,162,275
MACHACAMARCA,consulta externa,nuevas en personas de 15 a 59 anos,2005-09-01,45,94,45,94,139
MACHARETI,consulta externa,nuevas en personas de 15 a 59 anos,2005-09-01,209,453,209,453,662
MAGDALENA,consulta externa,nuevas en personas de 15 a 59 anos,2005-09-01,125,234,125,234,359
MAIRANA,consulta externa,nuevas en personas de 15 a 59 anos,2005-09-01,85,243,85,243,328
MALLA,consulta externa,nuevas en personas de 15 a 59 anos,2005-09-01,39,57,39,57,96
MAPIRI,consulta externa,nuevas en personas de 15 a 59 anos,2005-09-01,122,202,122,202,324
MECAPACA,consulta externa,nuevas en personas de 15 a 59 anos,2005-09-01,115,306,115,306,421
MINEROS,consulta externa,nuevas en personas de 15 a 59 anos,2005-09-01,104,322,104,322,426
MIZQUE,consulta externa,nuevas en personas de 15 a 59 anos,2005-09-01,103,176,103,176,279
MOCOMOCO,consulta externa,nuevas en personas de 15 a 59 anos,2005-09-01,194,238,194,238,432
MOJINETE,consulta externa,nuevas en personas de 15 a 59 anos,2005-09-01,13,40,13,40,53
MOJOCOYA,consulta externa,nuevas en personas de 15 a 59 anos,2005-09-01,76,173,76,173,249
MONTEAGUDO,consulta externa,nuevas en personas de 15 a 59 anos,2005-09-01,799,1519,799,1519,2318
MONTERO,consulta externa,nuevas en personas de 15 a 59 anos,2005-09-01,1092,1968,1092,1968,3060
MORO MORO,consulta externa,nuevas en personas de 15 a 59 anos,2005-09-01,25,59,25,59,84
MOROCHATA,consulta externa,nuevas en personas de 15 a 59 anos,2005-09-01,144,237,144,237,381
NACEBE (SANTA ROSA DEL ABUNA),consulta externa,nuevas en personas de 15 a 59 anos,2005-09-01,34,39,34,39,73
NAZACARA DE PACAJES,consulta externa,nuevas en personas de 15 a 59 anos,2005-09-01,7,10,7,10,17
NUEVO MANOA (NUEVA ESPERANZA),consulta externa,nuevas en personas de 15 a 59 anos,2005-09-01,81,68,81,68,149
OCURI,consulta externa,nuevas en personas de 15 a 59 anos,2005-09-01,116,299,116,299,415
OKINAWA,consulta externa,nuevas en personas de 15 a 59 anos,2005-09-01,166,439,166,439,605
OMEREQUE,consulta externa,nuevas en personas de 15 a 59 anos,2005-09-01,50,117,50,117,167
ORURO,consulta externa,nuevas en personas de 15 a 59 anos,2005-09-01,6259,9830,6259,9830,16089
PADCAYA,consulta externa,nuevas en personas de 15 a 59 anos,2005-09-01,256,478,256,478,734
PADILLA,consulta externa,nuevas en personas de 15 a 59 anos,2005-09-01,229,584,229,584,813
PAILON,consulta externa,nuevas en personas de 15 a 59 anos,2005-09-01,98,189,98,189,287
PALCA,consulta externa,nuevas en personas de 15 a 59 anos,2005-09-01,91,127,91,127,218
PALOS BLANCOS,consulta externa,nuevas en personas de 15 a 59 anos,2005-09-01,413,522,413,522,935
PAMPA AULLAGAS,consulta externa,nuevas en personas de 15 a 59 anos,2005-09-01,15,32,15,32,47
PAMPA GRANDE,consulta externa,nuevas en personas de 15 a 59 anos,2005-09-01,85,253,85,253,338
PAPEL PAMPA,consulta externa,nuevas en personas de 15 a 59 anos,2005-09-01,36,75,36,75,111
PASORAPA,consulta externa,nuevas en personas de 15 a 59 anos,2005-09-01,28,41,28,41,69
PATACAMAYA,consulta externa,nuevas en personas de 15 a 59 anos,2005-09-01,93,123,93,123,216
PAZÑA,consulta externa,nuevas en personas de 15 a 59 anos,2005-09-01,89,162,89,162,251
PELECHUCO,consulta externa,nuevas en personas de 15 a 59 anos,2005-09-01,123,122,123,122,245
POCOATA,consulta externa,nuevas en personas de 15 a 59 anos,2005-09-01,237,486,237,486,723
POCONA,consulta externa,nuevas en personas de 15 a 59 anos,2005-09-01,72,154,72,154,226
POJO (CBBA),consulta externa,nuevas en personas de 15 a 59 anos,2005-09-01,120,176,120,176,296
POOPO,consulta externa,nuevas en personas de 15 a 59 anos,2005-09-01,59,62,59,62,121
PORCO,consulta externa,nuevas en personas de 15 a 59 anos,2005-09-01,68,123,68,123,191
POROMA,consulta externa,nuevas en personas de 15 a 59 anos,2005-09-01,216,546,216,546,762
PORONGO,consulta externa,nuevas en personas de 15 a 59 anos,2005-09-01,118,188,118,188,306
PORTACHUELO,consulta externa,nuevas en personas de 15 a 59 anos,2005-09-01,218,739,218,739,957
PORVENIR,consulta externa,nuevas en personas de 15 a 59 anos,2005-09-01,63,76,63,76,139
POSTRER VALLE,consulta externa,nuevas en personas de 15 a 59 anos,2005-09-01,38,70,38,70,108
POTOSI,consulta externa,nuevas en personas de 15 a 59 anos,2005-09-01,5045,8543,5045,8543,13588
PRESTO,consulta externa,nuevas en personas de 15 a 59 anos,2005-09-01,99,312,99,312,411
PUCARA,consulta externa,nuevas en personas de 15 a 59 anos,2005-09-01,45,80,45,80,125
PUCARANI,consulta externa,nuevas en personas de 15 a 59 anos,2005-09-01,130,276,130,276,406
PUERTO ACOSTA,consulta externa,nuevas en personas de 15 a 59 anos,2005-09-01,202,278,202,278,480
PUERTO CARABUCO,consulta externa,nuevas en personas de 15 a 59 anos,2005-09-01,103,137,103,137,240
PUERTO GONZALO MORENO,consulta externa,nuevas en personas de 15 a 59 anos,2005-09-01,79,79,79,79,158
PUERTO PEREZ,consulta externa,nuevas en personas de 15 a 59 anos,2005-09-01,91,112,91,112,203
PUERTO QUIJARRO,consulta externa,nuevas en personas de 15 a 59 anos,2005-09-01,323,421,323,421,744
PUERTO RICO,consulta externa,nuevas en personas de 15 a 59 anos,2005-09-01,193,312,193,312,505
PUERTO SILES,consulta externa,nuevas en personas de 15 a 59 anos,2005-09-01,4,6,4,6,10
PUERTO SUAREZ,consulta externa,nuevas en personas de 15 a 59 anos,2005-09-01,176,401,176,401,577
PUERTO VILLARROEL,consulta externa,nuevas en personas de 15 a 59 anos,2005-09-01,503,637,503,637,1140
PUNA,consulta externa,nuevas en personas de 15 a 59 anos,2005-09-01,434,936,434,936,1370
PUNATA,consulta externa,nuevas en personas de 15 a 59 anos,2005-09-01,245,641,245,641,886
QUIABAYA,consulta externa,nuevas en personas de 15 a 59 anos,2005-09-01,32,46,32,46,78
QUILLACOLLO,consulta externa,nuevas en personas de 15 a 59 anos,2005-09-01,609,1503,609,1503,2112
QUIME,consulta externa,nuevas en personas de 15 a 59 anos,2005-09-01,102,93,102,93,195
QUIRUSILLAS,consulta externa,nuevas en personas de 15 a 59 anos,2005-09-01,22,23,22,23,45
RAVELO,consulta externa,nuevas en personas de 15 a 59 anos,2005-09-01,195,365,195,365,560
REYES,consulta externa,nuevas en personas de 15 a 59 anos,2005-09-01,93,193,93,193,286
RIBERALTA,consulta externa,nuevas en personas de 15 a 59 anos,2005-09-01,740,1108,740,1108,1848
ROBORE,consulta externa,nuevas en personas de 15 a 59 anos,2005-09-01,215,630,215,630,845
RURRENABAQUE,consulta externa,nuevas en personas de 15 a 59 anos,2005-09-01,176,378,176,378,554
SABAYA,consulta externa,nuevas en personas de 15 a 59 anos,2005-09-01,55,67,55,67,122
SACABA,consulta externa,nuevas en personas de 15 a 59 anos,2005-09-01,494,1349,494,1349,1843
SACABAMBA,consulta externa,nuevas en personas de 15 a 59 anos,2005-09-01,55,79,55,79,134
SACACA,consulta externa,nuevas en personas de 15 a 59 anos,2005-09-01,152,426,152,426,578
SAIPINA,consulta externa,nuevas en personas de 15 a 59 anos,2005-09-01,108,242,108,242,350
SALINAS DE GARCI MENDOZA,consulta externa,nuevas en personas de 15 a 59 anos,2005-09-01,143,281,143,281,424
SAMAIPATA,consulta externa,nuevas en personas de 15 a 59 anos,2005-09-01,78,144,78,144,222
SAN AGUSTIN,consulta externa,nuevas en personas de 15 a 59 anos,2005-09-01,34,95,34,95,129
SAN ANDRES,consulta externa,nuevas en personas de 15 a 59 anos,2005-09-01,85,198,85,198,283
SAN ANDRES DE MACHACA,consulta externa,nuevas en personas de 15 a 59 anos,2005-09-01,59,99,59,99,158
SAN ANTONIO DE ESMORUCO,consulta externa,nuevas en personas de 15 a 59 anos,2005-09-01,35,68,35,68,103
SAN ANTONIO DE LOMERIO,consulta externa,nuevas en personas de 15 a 59 anos,2005-09-01,42,57,42,57,99
SAN BENITO,consulta externa,nuevas en personas de 15 a 59 anos,2005-09-01,63,151,63,151,214
SAN BORJA,consulta externa,nuevas en personas de 15 a 59 anos,2005-09-01,181,444,181,444,625
SAN BUENA VENTURA,consulta externa,nuevas en personas de 15 a 59 anos,2005-09-01,102,156,102,156,258
SAN CARLOS,consulta externa,nuevas en personas de 15 a 59 anos,2005-09-01,144,411,144,411,555
SAN IGNACIO,consulta externa,nuevas en personas de 15 a 59 anos,2005-09-01,198,448,198,448,646
SAN IGNACIO DE VELASCO,consulta externa,nuevas en personas de 15 a 59 anos,2005-09-01,779,1422,779,1422,2201
SAN JAVIER(BNI),consulta externa,nuevas en personas de 15 a 59 anos,2005-09-01,27,40,27,40,67
SAN JAVIER(STC),consulta externa,nuevas en personas de 15 a 59 anos,2005-09-01,87,272,87,272,359
SAN JOAQUIN,consulta externa,nuevas en personas de 15 a 59 anos,2005-09-01,36,117,36,117,153
SAN JOSE DE CHIQUITOS,consulta externa,nuevas en personas de 15 a 59 anos,2005-09-01,231,469,231,469,700
SAN JUAN DE YAPACANI,consulta externa,nuevas en personas de 15 a 59 anos,2005-09-01,192,399,192,399,591
SAN JULIAN,consulta externa,nuevas en personas de 15 a 59 anos,2005-09-01,693,1163,693,1163,1856
SAN LORENZO(PND),consulta externa,nuevas en personas de 15 a 59 anos,2005-09-01,55,87,55,87,142
SAN LORENZO(TJA),consulta externa,nuevas en personas de 15 a 59 anos,2005-09-01,220,564,220,564,784
SAN LUCAS,consulta externa,nuevas en personas de 15 a 59 anos,2005-09-01,451,1043,451,1043,1494
SAN MATIAS,consulta externa,nuevas en personas de 15 a 59 anos,2005-09-01,60,185,60,185,245
SAN MIGUEL DE VELASCO,consulta externa,nuevas en personas de 15 a 59 anos,2005-09-01,88,180,88,180,268
SAN PABLO DE LIPEZ,consulta externa,nuevas en personas de 15 a 59 anos,2005-09-01,95,198,95,198,293
SAN PEDRO,consulta externa,nuevas en personas de 15 a 59 anos,2005-09-01,326,520,326,520,846
SAN PEDRO DE BUENA VISTA,consulta externa,nuevas en personas de 15 a 59 anos,2005-09-01,206,426,206,426,632
SAN PEDRO DE CURAHUARA,consulta externa,nuevas en personas de 15 a 59 anos,2005-09-01,71,86,71,86,157
SAN PEDRO DE QUEMES,consulta externa,nuevas en personas de 15 a 59 anos,2005-09-01,4,12,4,12,16
SAN PEDRO DE TIQUINA,consulta externa,nuevas en personas de 15 a 59 anos,2005-09-01,30,44,30,44,74
SAN PEDRO(PND),consulta externa,nuevas en personas de 15 a 59 anos,2005-09-01,8,13,8,13,21
SAN RAFAEL,consulta externa,nuevas en personas de 15 a 59 anos,2005-09-01,98,114,98,114,212
SAN RAMON,consulta externa,nuevas en personas de 15 a 59 anos,2005-09-01,45,120,45,120,165
SAN RAMON,consulta externa,nuevas en personas de 15 a 59 anos,2005-09-01,109,215,109,215,324
SANTA ANA,consulta externa,nuevas en personas de 15 a 59 anos,2005-09-01,172,240,172,240,412
SANTA CRUZ DE LA SIERRA,consulta externa,nuevas en personas de 15 a 59 anos,2005-09-01,19411,36749,19411,36749,56160
SANTA ROSA,consulta externa,nuevas en personas de 15 a 59 anos,2005-09-01,35,95,35,95,130
SANTA ROSA DEL SARA,consulta externa,nuevas en personas de 15 a 59 anos,2005-09-01,175,429,175,429,604
SANTIAGO DE CALLAPA,consulta externa,nuevas en personas de 15 a 59 anos,2005-09-01,42,70,42,70,112
SANTIAGO DE HUARI,consulta externa,nuevas en personas de 15 a 59 anos,2005-09-01,110,140,110,140,250
SANTIAGO DE MACHACA,consulta externa,nuevas en personas de 15 a 59 anos,2005-09-01,23,32,23,32,55
SANTIVAÑES,consulta externa,nuevas en personas de 15 a 59 anos,2005-09-01,69,101,69,101,170
SANTUARIO DE QUILLACAS,consulta externa,nuevas en personas de 15 a 59 anos,2005-09-01,38,68,38,68,106
SAPAHAQUI,consulta externa,nuevas en personas de 15 a 59 anos,2005-09-01,89,120,89,120,209
SENA,consulta externa,nuevas en personas de 15 a 59 anos,2005-09-01,74,93,74,93,167
SICA SICA (VILLA AROMA),consulta externa,nuevas en personas de 15 a 59 anos,2005-09-01,106,147,106,147,253
SICAYA,consulta externa,nuevas en personas de 15 a 59 anos,2005-09-01,6,16,6,16,22
SIPE SIPE,consulta externa,nuevas en personas de 15 a 59 anos,2005-09-01,91,415,91,415,506
SOPACHUY,consulta externa,nuevas en personas de 15 a 59 anos,2005-09-01,123,275,123,275,398
SORACACHI,consulta externa,nuevas en personas de 15 a 59 anos,2005-09-01,64,108,64,108,172
SORATA,consulta externa,nuevas en personas de 15 a 59 anos,2005-09-01,201,236,201,236,437
SUCRE,consulta externa,nuevas en personas de 15 a 59 anos,2005-09-01,6918,14418,6918,14418,21336
TACACHI,consulta externa,nuevas en personas de 15 a 59 anos,2005-09-01,21,45,21,45,66
TACACOMA,consulta externa,nuevas en personas de 15 a 59 anos,2005-09-01,41,51,41,51,92
TACOBAMBA,consulta externa,nuevas en personas de 15 a 59 anos,2005-09-01,101,135,101,135,236
TACOPAYA,consulta externa,nuevas en personas de 15 a 59 anos,2005-09-01,60,136,60,136,196
TAHUA,consulta externa,nuevas en personas de 15 a 59 anos,2005-09-01,13,22,13,22,35
TAPACARI,consulta externa,nuevas en personas de 15 a 59 anos,2005-09-01,160,261,160,261,421
TARABUCO,consulta externa,nuevas en personas de 15 a 59 anos,2005-09-01,168,368,168,368,536
TARACO,consulta externa,nuevas en personas de 15 a 59 anos,2005-09-01,17,38,17,38,55
TARATA,consulta externa,nuevas en personas de 15 a 59 anos,2005-09-01,52,99,52,99,151
TARIJA,consulta externa,nuevas en personas de 15 a 59 anos,2005-09-01,4104,7725,4104,7725,11829
TARVITA,consulta externa,nuevas en personas de 15 a 59 anos,2005-09-01,404,913,404,913,1317
TEOPONTE,consulta externa,nuevas en personas de 15 a 59 anos,2005-09-01,106,172,106,172,278
TIAWANACU,consulta externa,nuevas en personas de 15 a 59 anos,2005-09-01,85,146,85,146,231
TINGUIPAYA,consulta externa,nuevas en personas de 15 a 59 anos,2005-09-01,180,424,180,424,604
TIPUANI,consulta externa,nuevas en personas de 15 a 59 anos,2005-09-01,112,111,112,111,223
TIQUIPAYA,consulta externa,nuevas en personas de 15 a 59 anos,2005-09-01,80,237,80,237,317
TIRAQUE (CBBA),consulta externa,nuevas en personas de 15 a 59 anos,2005-09-01,356,741,356,741,1097
TITO YUPANQUI (PARQUIPUJIO),consulta externa,nuevas en personas de 15 a 59 anos,2005-09-01,17,38,17,38,55
TOCO,consulta externa,nuevas en personas de 15 a 59 anos,2005-09-01,16,72,16,72,88
TODOS SANTOS,consulta externa,nuevas en personas de 15 a 59 anos,2005-09-01,15,15,15,15,30
TOLATA,consulta externa,nuevas en personas de 15 a 59 anos,2005-09-01,24,57,24,57,81
TOLEDO,consulta externa,nuevas en personas de 15 a 59 anos,2005-09-01,78,110,78,110,188
TOMAVE,consulta externa,nuevas en personas de 15 a 59 anos,2005-09-01,210,399,210,399,609
TOMINA,consulta externa,nuevas en personas de 15 a 59 anos,2005-09-01,102,247,102,247,349
TORO TORO,consulta externa,nuevas en personas de 15 a 59 anos,2005-09-01,96,276,96,276,372
TOTORA(CBBA),consulta externa,nuevas en personas de 15 a 59 anos,2005-09-01,102,158,102,158,260
TOTORA(ORR),consulta externa,nuevas en personas de 15 a 59 anos,2005-09-01,49,65,49,65,114
TRIGAL,consulta externa,nuevas en personas de 15 a 59 anos,2005-09-01,35,23,35,23,58
TRINIDAD,consulta externa,nuevas en personas de 15 a 59 anos,2005-09-01,1009,1933,1009,1933,2942
TUPIZA,consulta externa,nuevas en personas de 15 a 59 anos,2005-09-01,1445,2388,1445,2388,3833
TURCO,consulta externa,nuevas en personas de 15 a 59 anos,2005-09-01,63,95,63,95,158
UMALA,consulta externa,nuevas en personas de 15 a 59 anos,2005-09-01,14,12,14,12,26
UNCIA,consulta externa,nuevas en personas de 15 a 59 anos,2005-09-01,353,675,353,675,1028
URIONDO (A. CONCEPCION),consulta externa,nuevas en personas de 15 a 59 anos,2005-09-01,218,416,218,416,634
URUBICHA,consulta externa,nuevas en personas de 15 a 59 anos,2005-09-01,51,114,51,114,165
UYUNI,consulta externa,nuevas en personas de 15 a 59 anos,2005-09-01,504,781,504,781,1285
VACAS,consulta externa,nuevas en personas de 15 a 59 anos,2005-09-01,92,234,92,234,326
VALLEGRANDE,consulta externa,nuevas en personas de 15 a 59 anos,2005-09-01,277,636,277,636,913
VIACHA,consulta externa,nuevas en personas de 15 a 59 anos,2005-09-01,510,878,510,878,1388
VILA VILA,consulta externa,nuevas en personas de 15 a 59 anos,2005-09-01,21,34,21,34,55
VILLA MONTES,consulta externa,nuevas en personas de 15 a 59 anos,2005-09-01,382,549,382,549,931
VILLA NUEVA (LOMA ALTA),consulta externa,nuevas en personas de 15 a 59 anos,2005-09-01,28,46,28,46,74
VILLA RIVERO,consulta externa,nuevas en personas de 15 a 59 anos,2005-09-01,34,80,34,80,114
VILLA SERRANO,consulta externa,nuevas en personas de 15 a 59 anos,2005-09-01,167,297,167,297,464
VILLA TUNARI,consulta externa,nuevas en personas de 15 a 59 anos,2005-09-01,492,791,492,791,1283
VILLA VACA GUZMAN (MUYUPAMPA),consulta externa,nuevas en personas de 15 a 59 anos,2005-09-01,265,510,265,510,775
VILLAZON,consulta externa,nuevas en personas de 15 a 59 anos,2005-09-01,538,1434,538,1434,1972
VINTO,consulta externa,nuevas en personas de 15 a 59 anos,2005-09-01,122,224,122,224,346
VITICHI,consulta externa,nuevas en personas de 15 a 59 anos,2005-09-01,188,315,188,315,503
WALDO BALLIVIAN,consulta externa,nuevas en personas de 15 a 59 anos,2005-09-01,16,34,16,34,50
WARNES,consulta externa,nuevas en personas de 15 a 59 anos,2005-09-01,370,952,370,952,1322
YACO,consulta externa,nuevas en personas de 15 a 59 anos,2005-09-01,47,67,47,67,114
YACUIBA,consulta externa,nuevas en personas de 15 a 59 anos,2005-09-01,1612,2555,1612,2555,4167
YAMPARAEZ,consulta externa,nuevas en personas de 15 a 59 anos,2005-09-01,120,185,120,185,305
YANACACHI,consulta externa,nuevas en personas de 15 a 59 anos,2005-09-01,110,119,110,119,229
YAPACANI,consulta externa,nuevas en personas de 15 a 59 anos,2005-09-01,370,1094,370,1094,1464
YOCALLA,consulta externa,nuevas en personas de 15 a 59 anos,2005-09-01,80,200,80,200,280
YOTALA,consulta externa,nuevas en personas de 15 a 59 anos,2005-09-01,119,190,119,190,309
YUNCHARA,consulta externa,nuevas en personas de 15 a 59 anos,2005-09-01,22,79,22,79,101
ZUDAÑEZ,consulta externa,nuevas en personas de 15 a 59 anos,2005-09-01,100,218,100,218,318
ACACIO,consulta externa,nuevas en personas de 15 a 59 anos,2005-10-01,105,210,105,210,315
ACHACACHI,consulta externa,nuevas en personas de 15 a 59 anos,2005-10-01,397,562,397,562,959
ACHOCALLA,consulta externa,nuevas en personas de 15 a 59 anos,2005-10-01,43,94,43,94,137
AIQUILE,consulta externa,nuevas en personas de 15 a 59 anos,2005-10-01,237,251,237,251,488
ALALAY,consulta externa,nuevas en personas de 15 a 59 anos,2005-10-01,13,18,13,18,31
ALCALA,consulta externa,nuevas en personas de 15 a 59 anos,2005-10-01,31,153,31,153,184
ANCORAIMES,consulta externa,nuevas en personas de 15 a 59 anos,2005-10-01,106,202,106,202,308
ANDAMARCA,consulta externa,nuevas en personas de 15 a 59 anos,2005-10-01,86,169,86,169,255
ANTEQUERA,consulta externa,nuevas en personas de 15 a 59 anos,2005-10-01,18,34,18,34,52
ANZALDO,consulta externa,nuevas en personas de 15 a 59 anos,2005-10-01,52,92,52,92,144
APOLO,consulta externa,nuevas en personas de 15 a 59 anos,2005-10-01,187,335,187,335,522
ARAMPAMPA,consulta externa,nuevas en personas de 15 a 59 anos,2005-10-01,53,85,53,85,138
ARANI,consulta externa,nuevas en personas de 15 a 59 anos,2005-10-01,33,58,33,58,91
ARBIETO,consulta externa,nuevas en personas de 15 a 59 anos,2005-10-01,47,107,47,107,154
ARQUE,consulta externa,nuevas en personas de 15 a 59 anos,2005-10-01,82,127,82,127,209
ASCENCION DE GUARAYOS,consulta externa,nuevas en personas de 15 a 59 anos,2005-10-01,92,105,92,105,197
ATOCHA,consulta externa,nuevas en personas de 15 a 59 anos,2005-10-01,746,869,746,869,1615
AUCAPATA,consulta externa,nuevas en personas de 15 a 59 anos,2005-10-01,69,87,69,87,156
AYATA,consulta externa,nuevas en personas de 15 a 59 anos,2005-10-01,83,92,83,92,175
AYO AYO,consulta externa,nuevas en personas de 15 a 59 anos,2005-10-01,43,103,43,103,146
AYOPAYA (V. DE INDEPENDENCIA),consulta externa,nuevas en personas de 15 a 59 anos,2005-10-01,254,525,254,525,779
AZURDUY,consulta externa,nuevas en personas de 15 a 59 anos,2005-10-01,264,527,264,527,791
BATALLAS,consulta externa,nuevas en personas de 15 a 59 anos,2005-10-01,96,129,96,129,225
BAURES,consulta externa,nuevas en personas de 15 a 59 anos,2005-10-01,83,57,83,57,140
BELEN DE ANDAMARCA,consulta externa,nuevas en personas de 15 a 59 anos,2005-10-01,29,27,29,27,56
BELEN DE URMIRI,consulta externa,nuevas en personas de 15 a 59 anos,2005-10-01,58,90,58,90,148
BELLA FLOR,consulta externa,nuevas en personas de 15 a 59 anos,2005-10-01,72,65,72,65,137
BERMEJO,consulta externa,nuevas en personas de 15 a 59 anos,2005-10-01,998,1255,998,1255,2253
BETANZOS,consulta externa,nuevas en personas de 15 a 59 anos,2005-10-01,471,1053,471,1053,1524
BOLIVAR,consulta externa,nuevas en personas de 15 a 59 anos,2005-10-01,72,102,72,102,174
BOLPEBRA,consulta externa,nuevas en personas de 15 a 59 anos,2005-10-01,23,15,23,15,38
BOYUIBE,consulta externa,nuevas en personas de 15 a 59 anos,2005-10-01,24,71,24,71,95
BUENA VISTA,consulta externa,nuevas en personas de 15 a 59 anos,2005-10-01,275,362,275,362,637
CABEZAS,consulta externa,nuevas en personas de 15 a 59 anos,2005-10-01,245,352,245,352,597
CAIROMA,consulta externa,nuevas en personas de 15 a 59 anos,2005-10-01,108,154,108,154,262
"CAIZA ""D""",consulta externa,nuevas en personas de 15 a 59 anos,2005-10-01,181,272,181,272,453
CAJUATA,consulta externa,nuevas en personas de 15 a 59 anos,2005-10-01,116,193,116,193,309
CALACOTO,consulta externa,nuevas en personas de 15 a 59 anos,2005-10-01,50,64,50,64,114
CALAMARCA,consulta externa,nuevas en personas de 15 a 59 anos,2005-10-01,47,124,47,124,171
CAMARGO,consulta externa,nuevas en personas de 15 a 59 anos,2005-10-01,330,688,330,688,1018
CAMATAQUI (C. VILLA ABECIA),consulta externa,nuevas en personas de 15 a 59 anos,2005-10-01,49,115,49,115,164
CAMIRI,consulta externa,nuevas en personas de 15 a 59 anos,2005-10-01,985,2068,985,2068,3053
CAPINOTA,consulta externa,nuevas en personas de 15 a 59 anos,2005-10-01,176,293,176,293,469
CAQUIAVIRI,consulta externa,nuevas en personas de 15 a 59 anos,2005-10-01,92,138,92,138,230
CARACOLLO,consulta externa,nuevas en personas de 15 a 59 anos,2005-10-01,129,245,129,245,374
CARANAVI,consulta externa,nuevas en personas de 15 a 59 anos,2005-10-01,864,1081,864,1081,1945
CARANGAS,consulta externa,nuevas en personas de 15 a 59 anos,2005-10-01,2,3,2,3,5
CARAPARI,consulta externa,nuevas en personas de 15 a 59 anos,2005-10-01,232,358,232,358,590
CARIPUYO,consulta externa,nuevas en personas de 15 a 59 anos,2005-10-01,82,169,82,169,251
CARMEN RIVERO TORREZ,consulta externa,nuevas en personas de 15 a 59 anos,2005-10-01,30,65,30,65,95
CATACORA,consulta externa,nuevas en personas de 15 a 59 anos,2005-10-01,3,8,3,8,11
CHACARILLA,consulta externa,nuevas en personas de 15 a 59 anos,2005-10-01,4,27,4,27,31
CHALLAPATA,consulta externa,nuevas en personas de 15 a 59 anos,2005-10-01,299,547,299,547,846
CHAQUI,consulta externa,nuevas en personas de 15 a 59 anos,2005-10-01,79,166,79,166,245
CHARAGUA,consulta externa,nuevas en personas de 15 a 59 anos,2005-10-01,230,478,230,478,708
CHARAÑA,consulta externa,nuevas en personas de 15 a 59 anos,2005-10-01,42,52,42,52,94
CHAYANTA,consulta externa,nuevas en personas de 15 a 59 anos,2005-10-01,212,355,212,355,567
CHIMORE,consulta externa,nuevas en personas de 15 a 59 anos,2005-10-01,121,237,121,237,358
CHIPAYA,consulta externa,nuevas en personas de 15 a 59 anos,2005-10-01,24,24,24,24,48
CHOQUE COTA,consulta externa,nuevas en personas de 15 a 59 anos,2005-10-01,51,35,51,35,86
CHULUMANI (V. DE LA LIBERTAD),consulta externa,nuevas en personas de 15 a 59 anos,2005-10-01,216,321,216,321,537
CHUMA,consulta externa,nuevas en personas de 15 a 59 anos,2005-10-01,150,197,150,197,347
CLIZA,consulta externa,nuevas en personas de 15 a 59 anos,2005-10-01,50,115,50,115,165
COBIJA,consulta externa,nuevas en personas de 15 a 59 anos,2005-10-01,491,1128,491,1128,1619
COCHABAMBA,consulta externa,nuevas en personas de 15 a 59 anos,2005-10-01,11201,23170,11201,23170,34371
COIPASA,consulta externa,nuevas en personas de 15 a 59 anos,2005-10-01,15,20,15,20,35
COLCAPIRHUA,consulta externa,nuevas en personas de 15 a 59 anos,2005-10-01,445,834,445,834,1279
"COLCHA ""K""",consulta externa,nuevas en personas de 15 a 59 anos,2005-10-01,153,333,153,333,486
COLLANA,consulta externa,nuevas en personas de 15 a 59 anos,2005-10-01,21,37,21,37,58
COLOMI,consulta externa,nuevas en personas de 15 a 59 anos,2005-10-01,88,213,88,213,301
COLPA BELGICA,consulta externa,nuevas en personas de 15 a 59 anos,2005-10-01,129,236,129,236,365
COLQUECHACA,consulta externa,nuevas en personas de 15 a 59 anos,2005-10-01,295,579,295,579,874
COLQUENCHA,consulta externa,nuevas en personas de 15 a 59 anos,2005-10-01,35,106,35,106,141
COLQUIRI,consulta externa,nuevas en personas de 15 a 59 anos,2005-10-01,157,435,157,435,592
COMANCHE,consulta externa,nuevas en personas de 15 a 59 anos,2005-10-01,12,29,12,29,41
COMARAPA,consulta externa,nuevas en personas de 15 a 59 anos,2005-10-01,215,368,215,368,583
COMBAYA,consulta externa,nuevas en personas de 15 a 59 anos,2005-10-01,20,25,20,25,45
CONCEPCION,consulta externa,nuevas en personas de 15 a 59 anos,2005-10-01,81,128,81,128,209
COPACABANA,consulta externa,nuevas en personas de 15 a 59 anos,2005-10-01,72,129,72,129,201
CORIPATA,consulta externa,nuevas en personas de 15 a 59 anos,2005-10-01,124,220,124,220,344
CORO CORO,consulta externa,nuevas en personas de 15 a 59 anos,2005-10-01,68,134,68,134,202
COROICO,consulta externa,nuevas en personas de 15 a 59 anos,2005-10-01,190,221,190,221,411
CORQUE,consulta externa,nuevas en personas de 15 a 59 anos,2005-10-01,137,108,137,108,245
COTAGAITA,consulta externa,nuevas en personas de 15 a 59 anos,2005-10-01,841,1332,841,1332,2173
COTOCA,consulta externa,nuevas en personas de 15 a 59 anos,2005-10-01,123,462,123,462,585
CUATRO CAÑADAS,consulta externa,nuevas en personas de 15 a 59 anos,2005-10-01,205,462,205,462,667
CUCHUMUELA (V. G. VILLARROEL),consulta externa,nuevas en personas de 15 a 59 anos,2005-10-01,18,31,18,31,49
CUEVO,consulta externa,nuevas en personas de 15 a 59 anos,2005-10-01,83,114,83,114,197
CULPINA,consulta externa,nuevas en personas de 15 a 59 anos,2005-10-01,185,395,185,395,580
CURAHUARA DE CARANGAS,consulta externa,nuevas en personas de 15 a 59 anos,2005-10-01,144,279,144,279,423
CURVA,consulta externa,nuevas en personas de 15 a 59 anos,2005-10-01,22,41,22,41,63
DESAGUADERO,consulta externa,nuevas en personas de 15 a 59 anos,2005-10-01,31,60,31,60,91
EL ALTO,consulta externa,nuevas en personas de 15 a 59 anos,2005-10-01,8227,11107,8227,11107,19334
EL CHORO,consulta externa,nuevas en personas de 15 a 59 anos,2005-10-01,52,90,52,90,142
EL PUENTE(STC),consulta externa,nuevas en personas de 15 a 59 anos,2005-10-01,130,158,130,158,288
EL PUENTE(TJA),consulta externa,nuevas en personas de 15 a 59 anos,2005-10-01,139,244,139,244,383
EL TORNO,consulta externa,nuevas en personas de 15 a 59 anos,2005-10-01,656,788,656,788,1444
EL VILLAR,consulta externa,nuevas en personas de 15 a 59 anos,2005-10-01,104,270,104,270,374
ENTRE RIOS,consulta externa,nuevas en personas de 15 a 59 anos,2005-10-01,407,626,407,626,1033
ENTRE RIOS,consulta externa,nuevas en personas de 15 a 59 anos,2005-10-01,172,219,172,219,391
ESCARA,consulta externa,nuevas en personas de 15 a 59 anos,2005-10-01,7,8,7,8,15
EUCALIPTUS,consulta externa,nuevas en personas de 15 a 59 anos,2005-10-01,37,81,37,81,118
EUREKA (SANTOS MERCADO),consulta externa,nuevas en personas de 15 a 59 anos,2005-10-01,14,13,14,13,27
EXALTACION,consulta externa,nuevas en personas de 15 a 59 anos,2005-10-01,29,60,29,60,89
FERNANDEZ ALONSO,consulta externa,nuevas en personas de 15 a 59 anos,2005-10-01,122,322,122,322,444
FILADELFIA,consulta externa,nuevas en personas de 15 a 59 anos,2005-10-01,27,35,27,35,62
GENERAL SAAVEDRA,consulta externa,nuevas en personas de 15 a 59 anos,2005-10-01,124,243,124,243,367
GRAL. J.J. PEREZ (CHARAZANI),consulta externa,nuevas en personas de 15 a 59 anos,2005-10-01,68,128,68,128,196
GUANAY,consulta externa,nuevas en personas de 15 a 59 anos,2005-10-01,156,336,156,336,492
GUAQUI,consulta externa,nuevas en personas de 15 a 59 anos,2005-10-01,27,61,27,61,88
GUAYARAMERIN,consulta externa,nuevas en personas de 15 a 59 anos,2005-10-01,621,1731,621,1731,2352
GUTIERREZ,consulta externa,nuevas en personas de 15 a 59 anos,2005-10-01,256,427,256,427,683
HUACARETA,consulta externa,nuevas en personas de 15 a 59 anos,2005-10-01,253,423,253,423,676
HUACAYA (VILLA DE HUACAYA),consulta externa,nuevas en personas de 15 a 59 anos,2005-10-01,41,87,41,87,128
HUACHACALLA,consulta externa,nuevas en personas de 15 a 59 anos,2005-10-01,15,9,15,9,24
HUANUNI,consulta externa,nuevas en personas de 15 a 59 anos,2005-10-01,355,677,355,677,1032
HUARACAJE,consulta externa,nuevas en personas de 15 a 59 anos,2005-10-01,18,43,18,43,61
HUAYLLAMARCA,consulta externa,nuevas en personas de 15 a 59 anos,2005-10-01,71,88,71,88,159
ICHOCA,consulta externa,nuevas en personas de 15 a 59 anos,2005-10-01,57,130,57,130,187
ICLA,consulta externa,nuevas en personas de 15 a 59 anos,2005-10-01,135,346,135,346,481
INCAHUASI,consulta externa,nuevas en personas de 15 a 59 anos,2005-10-01,194,503,194,503,697
INGAVI (HUMAITA),consulta externa,nuevas en personas de 15 a 59 anos,2005-10-01,18,45,18,45,63
INQUISIVI,consulta externa,nuevas en personas de 15 a 59 anos,2005-10-01,94,167,94,167,261
IRUPANA (VILLA DE LANZA),consulta externa,nuevas en personas de 15 a 59 anos,2005-10-01,188,367,188,367,555
IXIAMAS,consulta externa,nuevas en personas de 15 a 59 anos,2005-10-01,157,213,157,213,370
JESUS DE MACHACA,consulta externa,nuevas en personas de 15 a 59 anos,2005-10-01,155,361,155,361,516
LA ASUNTA,consulta externa,nuevas en personas de 15 a 59 anos,2005-10-01,213,289,213,289,502
LA GUARDIA,consulta externa,nuevas en personas de 15 a 59 anos,2005-10-01,198,676,198,676,874
LA PAZ,consulta externa,nuevas en personas de 15 a 59 anos,2005-10-01,18415,35027,18415,35027,53442
LA RIVERA,consulta externa,nuevas en personas de 15 a 59 anos,2005-10-01,5,7,5,7,12
LAGUNILLAS,consulta externa,nuevas en personas de 15 a 59 anos,2005-10-01,119,198,119,198,317
LAJA,consulta externa,nuevas en personas de 15 a 59 anos,2005-10-01,68,148,68,148,216
LAS CARRERAS,consulta externa,nuevas en personas de 15 a 59 anos,2005-10-01,48,114,48,114,162
LICOMA PAMPA,consulta externa,nuevas en personas de 15 a 59 anos,2005-10-01,17,16,17,16,33
LLALLAGUA,consulta externa,nuevas en personas de 15 a 59 anos,2005-10-01,505,924,505,924,1429
LLICA,consulta externa,nuevas en personas de 15 a 59 anos,2005-10-01,128,155,128,155,283
LORETO,consulta externa,nuevas en personas de 15 a 59 anos,2005-10-01,16,38,16,38,54
LURIBAY,consulta externa,nuevas en personas de 15 a 59 anos,2005-10-01,118,174,118,174,292
MACHACAMARCA,consulta externa,nuevas en personas de 15 a 59 anos,2005-10-01,56,61,56,61,117
MACHARETI,consulta externa,nuevas en personas de 15 a 59 anos,2005-10-01,219,436,219,436,655
MAGDALENA,consulta externa,nuevas en personas de 15 a 59 anos,2005-10-01,140,263,140,263,403
MAIRANA,consulta externa,nuevas en personas de 15 a 59 anos,2005-10-01,99,219,99,219,318
MALLA,consulta externa,nuevas en personas de 15 a 59 anos,2005-10-01,32,41,32,41,73
MAPIRI,consulta externa,nuevas en personas de 15 a 59 anos,2005-10-01,207,390,207,390,597
MECAPACA,consulta externa,nuevas en personas de 15 a 59 anos,2005-10-01,159,190,159,190,349
MINEROS,consulta externa,nuevas en personas de 15 a 59 anos,2005-10-01,96,274,96,274,370
MIZQUE,consulta externa,nuevas en personas de 15 a 59 anos,2005-10-01,131,220,131,220,351
MOCOMOCO,consulta externa,nuevas en personas de 15 a 59 anos,2005-10-01,206,230,206,230,436
MOJINETE,consulta externa,nuevas en personas de 15 a 59 anos,2005-10-01,42,78,42,78,120
MOJOCOYA,consulta externa,nuevas en personas de 15 a 59 anos,2005-10-01,69,262,69,262,331
MONTEAGUDO,consulta externa,nuevas en personas de 15 a 59 anos,2005-10-01,706,1453,706,1453,2159
MONTERO,consulta externa,nuevas en personas de 15 a 59 anos,2005-10-01,1280,2189,1280,2189,3469
MORO MORO,consulta externa,nuevas en personas de 15 a 59 anos,2005-10-01,25,77,25,77,102
MOROCHATA,consulta externa,nuevas en personas de 15 a 59 anos,2005-10-01,75,177,75,177,252
NACEBE (SANTA ROSA DEL ABUNA),consulta externa,nuevas en personas de 15 a 59 anos,2005-10-01,94,110,94,110,204
NAZACARA DE PACAJES,consulta externa,nuevas en personas de 15 a 59 anos,2005-10-01,9,8,9,8,17
NUEVO MANOA (NUEVA ESPERANZA),consulta externa,nuevas en personas de 15 a 59 anos,2005-10-01,147,156,147,156,303
OCURI,consulta externa,nuevas en personas de 15 a 59 anos,2005-10-01,134,281,134,281,415
OKINAWA,consulta externa,nuevas en personas de 15 a 59 anos,2005-10-01,179,567,179,567,746
OMEREQUE,consulta externa,nuevas en personas de 15 a 59 anos,2005-10-01,91,188,91,188,279
ORURO,consulta externa,nuevas en personas de 15 a 59 anos,2005-10-01,6463,9376,6463,9376,15839
PADCAYA,consulta externa,nuevas en personas de 15 a 59 anos,2005-10-01,308,514,308,514,822
PADILLA,consulta externa,nuevas en personas de 15 a 59 anos,2005-10-01,257,653,257,653,910
PAILON,consulta externa,nuevas en personas de 15 a 59 anos,2005-10-01,102,168,102,168,270
PALCA,consulta externa,nuevas en personas de 15 a 59 anos,2005-10-01,86,127,86,127,213
PALOS BLANCOS,consulta externa,nuevas en personas de 15 a 59 anos,2005-10-01,403,481,403,481,884
PAMPA AULLAGAS,consulta externa,nuevas en personas de 15 a 59 anos,2005-10-01,16,70,16,70,86
PAMPA GRANDE,consulta externa,nuevas en personas de 15 a 59 anos,2005-10-01,77,205,77,205,282
PAPEL PAMPA,consulta externa,nuevas en personas de 15 a 59 anos,2005-10-01,54,96,54,96,150
PASORAPA,consulta externa,nuevas en personas de 15 a 59 anos,2005-10-01,47,90,47,90,137
PATACAMAYA,consulta externa,nuevas en personas de 15 a 59 anos,2005-10-01,115,162,115,162,277
PAZÑA,consulta externa,nuevas en personas de 15 a 59 anos,2005-10-01,146,208,146,208,354
PELECHUCO,consulta externa,nuevas en personas de 15 a 59 anos,2005-10-01,173,145,173,145,318
POCOATA,consulta externa,nuevas en personas de 15 a 59 anos,2005-10-01,366,442,366,442,808
POCONA,consulta externa,nuevas en personas de 15 a 59 anos,2005-10-01,105,138,105,138,243
POJO (CBBA),consulta externa,nuevas en personas de 15 a 59 anos,2005-10-01,46,92,46,92,138
POOPO,consulta externa,nuevas en personas de 15 a 59 anos,2005-10-01,59,100,59,100,159
PORCO,consulta externa,nuevas en personas de 15 a 59 anos,2005-10-01,86,138,86,138,224
POROMA,consulta externa,nuevas en personas de 15 a 59 anos,2005-10-01,131,441,131,441,572
PORONGO,consulta externa,nuevas en personas de 15 a 59 anos,2005-10-01,162,251,162,251,413
PORTACHUELO,consulta externa,nuevas en personas de 15 a 59 anos,2005-10-01,249,626,249,626,875
PORVENIR,consulta externa,nuevas en personas de 15 a 59 anos,2005-10-01,66,70,66,70,136
POSTRER VALLE,consulta externa,nuevas en personas de 15 a 59 anos,2005-10-01,16,57,16,57,73
POTOSI,consulta externa,nuevas en personas de 15 a 59 anos,2005-10-01,5954,9157,5954,9157,15111
PRESTO,consulta externa,nuevas en personas de 15 a 59 anos,2005-10-01,95,218,95,218,313
PUCARA,consulta externa,nuevas en personas de 15 a 59 anos,2005-10-01,50,103,50,103,153
PUCARANI,consulta externa,nuevas en personas de 15 a 59 anos,2005-10-01,100,233,100,233,333
PUERTO ACOSTA,consulta externa,nuevas en personas de 15 a 59 anos,2005-10-01,276,214,276,214,490
PUERTO CARABUCO,consulta externa,nuevas en personas de 15 a 59 anos,2005-10-01,134,198,134,198,332
PUERTO GONZALO MORENO,consulta externa,nuevas en personas de 15 a 59 anos,2005-10-01,90,94,90,94,184
PUERTO PEREZ,consulta externa,nuevas en personas de 15 a 59 anos,2005-10-01,93,78,93,78,171
PUERTO QUIJARRO,consulta externa,nuevas en personas de 15 a 59 anos,2005-10-01,364,516,364,516,880
PUERTO RICO,consulta externa,nuevas en personas de 15 a 59 anos,2005-10-01,110,182,110,182,292
PUERTO SILES,consulta externa,nuevas en personas de 15 a 59 anos,2005-10-01,2,6,2,6,8
PUERTO SUAREZ,consulta externa,nuevas en personas de 15 a 59 anos,2005-10-01,193,343,193,343,536
PUERTO VILLARROEL,consulta externa,nuevas en personas de 15 a 59 anos,2005-10-01,484,706,484,706,1190
PUNA,consulta externa,nuevas en personas de 15 a 59 anos,2005-10-01,483,1039,483,1039,1522
PUNATA,consulta externa,nuevas en personas de 15 a 59 anos,2005-10-01,327,861,327,861,1188
QUIABAYA,consulta externa,nuevas en personas de 15 a 59 anos,2005-10-01,17,31,17,31,48
QUILLACOLLO,consulta externa,nuevas en personas de 15 a 59 anos,2005-10-01,238,667,238,667,905
QUIME,consulta externa,nuevas en personas de 15 a 59 anos,2005-10-01,120,122,120,122,242
QUIRUSILLAS,consulta externa,nuevas en personas de 15 a 59 anos,2005-10-01,20,44,20,44,64
RAVELO,consulta externa,nuevas en personas de 15 a 59 anos,2005-10-01,171,422,171,422,593
REYES,consulta externa,nuevas en personas de 15 a 59 anos,2005-10-01,108,295,108,295,403
RIBERALTA,consulta externa,nuevas en personas de 15 a 59 anos,2005-10-01,610,1349,610,1349,1959
ROBORE,consulta externa,nuevas en personas de 15 a 59 anos,2005-10-01,172,458,172,458,630
RURRENABAQUE,consulta externa,nuevas en personas de 15 a 59 anos,2005-10-01,149,289,149,289,438
SABAYA,consulta externa,nuevas en personas de 15 a 59 anos,2005-10-01,50,77,50,77,127
SACABA,consulta externa,nuevas en personas de 15 a 59 anos,2005-10-01,446,1394,446,1394,1840
SACABAMBA,consulta externa,nuevas en personas de 15 a 59 anos,2005-10-01,30,31,30,31,61
SACACA,consulta externa,nuevas en personas de 15 a 59 anos,2005-10-01,165,466,165,466,631
SAIPINA,consulta externa,nuevas en personas de 15 a 59 anos,2005-10-01,35,93,35,93,128
SALINAS DE GARCI MENDOZA,consulta externa,nuevas en personas de 15 a 59 anos,2005-10-01,131,262,131,262,393
SAMAIPATA,consulta externa,nuevas en personas de 15 a 59 anos,2005-10-01,116,210,116,210,326
SAN AGUSTIN,consulta externa,nuevas en personas de 15 a 59 anos,2005-10-01,20,72,20,72,92
SAN ANDRES,consulta externa,nuevas en personas de 15 a 59 anos,2005-10-01,51,151,51,151,202
SAN ANDRES DE MACHACA,consulta externa,nuevas en personas de 15 a 59 anos,2005-10-01,69,94,69,94,163
SAN ANTONIO DE ESMORUCO,consulta externa,nuevas en personas de 15 a 59 anos,2005-10-01,17,70,17,70,87
SAN ANTONIO DE LOMERIO,consulta externa,nuevas en personas de 15 a 59 anos,2005-10-01,49,80,49,80,129
SAN BENITO,consulta externa,nuevas en personas de 15 a 59 anos,2005-10-01,69,171,69,171,240
SAN BORJA,consulta externa,nuevas en personas de 15 a 59 anos,2005-10-01,234,577,234,577,811
SAN BUENA VENTURA,consulta externa,nuevas en personas de 15 a 59 anos,2005-10-01,80,169,80,169,249
SAN CARLOS,consulta externa,nuevas en personas de 15 a 59 anos,2005-10-01,236,486,236,486,722
SAN IGNACIO,consulta externa,nuevas en personas de 15 a 59 anos,2005-10-01,236,512,236,512,748
SAN IGNACIO DE VELASCO,consulta externa,nuevas en personas de 15 a 59 anos,2005-10-01,694,1464,694,1464,2158
SAN JAVIER(BNI),consulta externa,nuevas en personas de 15 a 59 anos,2005-10-01,27,55,27,55,82
SAN JAVIER(STC),consulta externa,nuevas en personas de 15 a 59 anos,2005-10-01,75,186,75,186,261
SAN JOAQUIN,consulta externa,nuevas en personas de 15 a 59 anos,2005-10-01,36,78,36,78,114
SAN JOSE DE CHIQUITOS,consulta externa,nuevas en personas de 15 a 59 anos,2005-10-01,272,476,272,476,748
SAN JUAN DE YAPACANI,consulta externa,nuevas en personas de 15 a 59 anos,2005-10-01,189,429,189,429,618
SAN JULIAN,consulta externa,nuevas en personas de 15 a 59 anos,2005-10-01,652,1046,652,1046,1698
SAN LORENZO(PND),consulta externa,nuevas en personas de 15 a 59 anos,2005-10-01,28,119,28,119,147
SAN LORENZO(TJA),consulta externa,nuevas en personas de 15 a 59 anos,2005-10-01,144,436,144,436,580
SAN LUCAS,consulta externa,nuevas en personas de 15 a 59 anos,2005-10-01,391,914,391,914,1305
SAN MATIAS,consulta externa,nuevas en personas de 15 a 59 anos,2005-10-01,73,156,73,156,229
SAN MIGUEL DE VELASCO,consulta externa,nuevas en personas de 15 a 59 anos,2005-10-01,118,230,118,230,348
SAN PABLO DE LIPEZ,consulta externa,nuevas en personas de 15 a 59 anos,2005-10-01,59,140,59,140,199
SAN PEDRO,consulta externa,nuevas en personas de 15 a 59 anos,2005-10-01,324,604,324,604,928
SAN PEDRO DE BUENA VISTA,consulta externa,nuevas en personas de 15 a 59 anos,2005-10-01,251,408,251,408,659
SAN PEDRO DE CURAHUARA,consulta externa,nuevas en personas de 15 a 59 anos,2005-10-01,81,80,81,80,161
SAN PEDRO DE QUEMES,consulta externa,nuevas en personas de 15 a 59 anos,2005-10-01,2,11,2,11,13
SAN PEDRO DE TIQUINA,consulta externa,nuevas en personas de 15 a 59 anos,2005-10-01,41,69,41,69,110
SAN PEDRO(PND),consulta externa,nuevas en personas de 15 a 59 anos,2005-10-01,37,63,37,63,100
SAN RAFAEL,consulta externa,nuevas en personas de 15 a 59 anos,2005-10-01,83,144,83,144,227
SAN RAMON,consulta externa,nuevas en personas de 15 a 59 anos,2005-10-01,33,114,33,114,147
SAN RAMON,consulta externa,nuevas en personas de 15 a 59 anos,2005-10-01,118,243,118,243,361
SANTA ANA,consulta externa,nuevas en personas de 15 a 59 anos,2005-10-01,87,220,87,220,307
SANTA CRUZ DE LA SIERRA,consulta externa,nuevas en personas de 15 a 59 anos,2005-10-01,23381,39935,23381,39935,63316
SANTA ROSA,consulta externa,nuevas en personas de 15 a 59 anos,2005-10-01,71,159,71,159,230
SANTA ROSA DEL SARA,consulta externa,nuevas en personas de 15 a 59 anos,2005-10-01,170,371,170,371,541
SANTIAGO DE CALLAPA,consulta externa,nuevas en personas de 15 a 59 anos,2005-10-01,47,61,47,61,108
SANTIAGO DE HUARI,consulta externa,nuevas en personas de 15 a 59 anos,2005-10-01,57,122,57,122,179
SANTIAGO DE MACHACA,consulta externa,nuevas en personas de 15 a 59 anos,2005-10-01,37,71,37,71,108
SANTIVAÑES,consulta externa,nuevas en personas de 15 a 59 anos,2005-10-01,62,110,62,110,172
SANTUARIO DE QUILLACAS,consulta externa,nuevas en personas de 15 a 59 anos,2005-10-01,29,38,29,38,67
SAPAHAQUI,consulta externa,nuevas en personas de 15 a 59 anos,2005-10-01,125,154,125,154,279
SENA,consulta externa,nuevas en personas de 15 a 59 anos,2005-10-01,43,66,43,66,109
SICA SICA (VILLA AROMA),consulta externa,nuevas en personas de 15 a 59 anos,2005-10-01,97,133,97,133,230
SICAYA,consulta externa,nuevas en personas de 15 a 59 anos,2005-10-01,16,23,16,23,39
SIPE SIPE,consulta externa,nuevas en personas de 15 a 59 anos,2005-10-01,125,580,125,580,705
SOPACHUY,consulta externa,nuevas en personas de 15 a 59 anos,2005-10-01,120,254,120,254,374
SORACACHI,consulta externa,nuevas en personas de 15 a 59 anos,2005-10-01,56,91,56,91,147
SORATA,consulta externa,nuevas en personas de 15 a 59 anos,2005-10-01,184,241,184,241,425
SUCRE,consulta externa,nuevas en personas de 15 a 59 anos,2005-10-01,7372,15248,7372,15248,22620
TACACHI,consulta externa,nuevas en personas de 15 a 59 anos,2005-10-01,10,37,10,37,47
TACACOMA,consulta externa,nuevas en personas de 15 a 59 anos,2005-10-01,58,159,58,159,217
TACOBAMBA,consulta externa,nuevas en personas de 15 a 59 anos,2005-10-01,129,170,129,170,299
TACOPAYA,consulta externa,nuevas en personas de 15 a 59 anos,2005-10-01,75,186,75,186,261
TAHUA,consulta externa,nuevas en personas de 15 a 59 anos,2005-10-01,25,40,25,40,65
TAPACARI,consulta externa,nuevas en personas de 15 a 59 anos,2005-10-01,164,392,164,392,556
TARABUCO,consulta externa,nuevas en personas de 15 a 59 anos,2005-10-01,182,381,182,381,563
TARACO,consulta externa,nuevas en personas de 15 a 59 anos,2005-10-01,26,86,26,86,112
TARATA,consulta externa,nuevas en personas de 15 a 59 anos,2005-10-01,50,66,50,66,116
TARIJA,consulta externa,nuevas en personas de 15 a 59 anos,2005-10-01,4149,8069,4149,8069,12218
TARVITA,consulta externa,nuevas en personas de 15 a 59 anos,2005-10-01,227,540,227,540,767
TEOPONTE,consulta externa,nuevas en personas de 15 a 59 anos,2005-10-01,118,138,118,138,256
TIAWANACU,consulta externa,nuevas en personas de 15 a 59 anos,2005-10-01,79,142,79,142,221
TINGUIPAYA,consulta externa,nuevas en personas de 15 a 59 anos,2005-10-01,133,367,133,367,500
TIPUANI,consulta externa,nuevas en personas de 15 a 59 anos,2005-10-01,58,95,58,95,153
TIQUIPAYA,consulta externa,nuevas en personas de 15 a 59 anos,2005-10-01,101,324,101,324,425
TIRAQUE (CBBA),consulta externa,nuevas en personas de 15 a 59 anos,2005-10-01,384,776,384,776,1160
TITO YUPANQUI (PARQUIPUJIO),consulta externa,nuevas en personas de 15 a 59 anos,2005-10-01,23,42,23,42,65
TOCO,consulta externa,nuevas en personas de 15 a 59 anos,2005-10-01,15,42,15,42,57
TODOS SANTOS,consulta externa,nuevas en personas de 15 a 59 anos,2005-10-01,22,14,22,14,36
TOLATA,consulta externa,nuevas en personas de 15 a 59 anos,2005-10-01,12,36,12,36,48
TOLEDO,consulta externa,nuevas en personas de 15 a 59 anos,2005-10-01,148,192,148,192,340
TOMAVE,consulta externa,nuevas en personas de 15 a 59 anos,2005-10-01,165,287,165,287,452
TOMINA,consulta externa,nuevas en personas de 15 a 59 anos,2005-10-01,145,309,145,309,454
TORO TORO,consulta externa,nuevas en personas de 15 a 59 anos,2005-10-01,90,236,90,236,326
TOTORA(CBBA),consulta externa,nuevas en personas de 15 a 59 anos,2005-10-01,84,147,84,147,231
TOTORA(ORR),consulta externa,nuevas en personas de 15 a 59 anos,2005-10-01,43,59,43,59,102
TRIGAL,consulta externa,nuevas en personas de 15 a 59 anos,2005-10-01,22,17,22,17,39
TRINIDAD,consulta externa,nuevas en personas de 15 a 59 anos,2005-10-01,1028,1931,1028,1931,2959
TUPIZA,consulta externa,nuevas en personas de 15 a 59 anos,2005-10-01,1170,2125,1170,2125,3295
TURCO,consulta externa,nuevas en personas de 15 a 59 anos,2005-10-01,92,113,92,113,205
UMALA,consulta externa,nuevas en personas de 15 a 59 anos,2005-10-01,20,40,20,40,60
UNCIA,consulta externa,nuevas en personas de 15 a 59 anos,2005-10-01,369,666,369,666,1035
URIONDO (A. CONCEPCION),consulta externa,nuevas en personas de 15 a 59 anos,2005-10-01,114,294,114,294,408
URUBICHA,consulta externa,nuevas en personas de 15 a 59 anos,2005-10-01,47,83,47,83,130
UYUNI,consulta externa,nuevas en personas de 15 a 59 anos,2005-10-01,727,760,727,760,1487
VACAS,consulta externa,nuevas en personas de 15 a 59 anos,2005-10-01,107,238,107,238,345
VALLEGRANDE,consulta externa,nuevas en personas de 15 a 59 anos,2005-10-01,238,624,238,624,862
VIACHA,consulta externa,nuevas en personas de 15 a 59 anos,2005-10-01,439,984,439,984,1423
VILA VILA,consulta externa,nuevas en personas de 15 a 59 anos,2005-10-01,28,49,28,49,77
VILLA MONTES,consulta externa,nuevas en personas de 15 a 59 anos,2005-10-01,461,589,461,589,1050
VILLA NUEVA (LOMA ALTA),consulta externa,nuevas en personas de 15 a 59 anos,2005-10-01,56,52,56,52,108
VILLA RIVERO,consulta externa,nuevas en personas de 15 a 59 anos,2005-10-01,22,69,22,69,91
VILLA SERRANO,consulta externa,nuevas en personas de 15 a 59 anos,2005-10-01,156,308,156,308,464
VILLA TUNARI,consulta externa,nuevas en personas de 15 a 59 anos,2005-10-01,631,1122,631,1122,1753
VILLA VACA GUZMAN (MUYUPAMPA),consulta externa,nuevas en personas de 15 a 59 anos,2005-10-01,272,392,272,392,664
VILLAZON,consulta externa,nuevas en personas de 15 a 59 anos,2005-10-01,448,1144,448,1144,1592
VINTO,consulta externa,nuevas en personas de 15 a 59 anos,2005-10-01,256,412,256,412,668
VITICHI,consulta externa,nuevas en personas de 15 a 59 anos,2005-10-01,148,335,148,335,483
WALDO BALLIVIAN,consulta externa,nuevas en personas de 15 a 59 anos,2005-10-01,15,33,15,33,48
WARNES,consulta externa,nuevas en personas de 15 a 59 anos,2005-10-01,371,895,371,895,1266
YACO,consulta externa,nuevas en personas de 15 a 59 anos,2005-10-01,45,66,45,66,111
YACUIBA,consulta externa,nuevas en personas de 15 a 59 anos,2005-10-01,1499,2687,1499,2687,4186
YAMPARAEZ,consulta externa,nuevas en personas de 15 a 59 anos,2005-10-01,82,175,82,175,257
YANACACHI,consulta externa,nuevas en personas de 15 a 59 anos,2005-10-01,109,172,109,172,281
YAPACANI,consulta externa,nuevas en personas de 15 a 59 anos,2005-10-01,365,1014,365,1014,1379
YOCALLA,consulta externa,nuevas en personas de 15 a 59 anos,2005-10-01,75,93,75,93,168
YOTALA,consulta externa,nuevas en personas de 15 a 59 anos,2005-10-01,80,174,80,174,254
YUNCHARA,consulta externa,nuevas en personas de 15 a 59 anos,2005-10-01,131,309,131,309,440
ZUDAÑEZ,consulta externa,nuevas en personas de 15 a 59 anos,2005-10-01,103,219,103,219,322
ACACIO,consulta externa,nuevas en personas de 15 a 59 anos,2005-11-01,102,169,102,169,271
ACHACACHI,consulta externa,nuevas en personas de 15 a 59 anos,2005-11-01,412,654,412,654,1066
ACHOCALLA,consulta externa,nuevas en personas de 15 a 59 anos,2005-11-01,38,69,38,69,107
AIQUILE,consulta externa,nuevas en personas de 15 a 59 anos,2005-11-01,242,507,242,507,749
ALALAY,consulta externa,nuevas en personas de 15 a 59 anos,2005-11-01,80,45,80,45,125
ALCALA,consulta externa,nuevas en personas de 15 a 59 anos,2005-11-01,90,191,90,191,281
ANCORAIMES,consulta externa,nuevas en personas de 15 a 59 anos,2005-11-01,93,244,93,244,337
ANDAMARCA,consulta externa,nuevas en personas de 15 a 59 anos,2005-11-01,43,78,43,78,121
ANTEQUERA,consulta externa,nuevas en personas de 15 a 59 anos,2005-11-01,15,19,15,19,34
ANZALDO,consulta externa,nuevas en personas de 15 a 59 anos,2005-11-01,26,53,26,53,79
APOLO,consulta externa,nuevas en personas de 15 a 59 anos,2005-11-01,185,302,185,302,487
ARAMPAMPA,consulta externa,nuevas en personas de 15 a 59 anos,2005-11-01,40,106,40,106,146
ARANI,consulta externa,nuevas en personas de 15 a 59 anos,2005-11-01,32,80,32,80,112
ARBIETO,consulta externa,nuevas en personas de 15 a 59 anos,2005-11-01,56,101,56,101,157
ARQUE,consulta externa,nuevas en personas de 15 a 59 anos,2005-11-01,81,155,81,155,236
ASCENCION DE GUARAYOS,consulta externa,nuevas en personas de 15 a 59 anos,2005-11-01,187,278,187,278,465
ATOCHA,consulta externa,nuevas en personas de 15 a 59 anos,2005-11-01,715,954,715,954,1669
AUCAPATA,consulta externa,nuevas en personas de 15 a 59 anos,2005-11-01,67,84,67,84,151
AYATA,consulta externa,nuevas en personas de 15 a 59 anos,2005-11-01,81,150,81,150,231
AYO AYO,consulta externa,nuevas en personas de 15 a 59 anos,2005-11-01,51,93,51,93,144
AYOPAYA (V. DE INDEPENDENCIA),consulta externa,nuevas en personas de 15 a 59 anos,2005-11-01,224,480,224,480,704
AZURDUY,consulta externa,nuevas en personas de 15 a 59 anos,2005-11-01,275,502,275,502,777
BATALLAS,consulta externa,nuevas en personas de 15 a 59 anos,2005-11-01,73,115,73,115,188
BAURES,consulta externa,nuevas en personas de 15 a 59 anos,2005-11-01,53,119,53,119,172
BELEN DE ANDAMARCA,consulta externa,nuevas en personas de 15 a 59 anos,2005-11-01,26,40,26,40,66
BELEN DE URMIRI,consulta externa,nuevas en personas de 15 a 59 anos,2005-11-01,50,98,50,98,148
BELLA FLOR,consulta externa,nuevas en personas de 15 a 59 anos,2005-11-01,136,127,136,127,263
BERMEJO,consulta externa,nuevas en personas de 15 a 59 anos,2005-11-01,878,1201,878,1201,2079
BETANZOS,consulta externa,nuevas en personas de 15 a 59 anos,2005-11-01,500,1031,500,1031,1531
BOLIVAR,consulta externa,nuevas en personas de 15 a 59 anos,2005-11-01,62,106,62,106,168
BOLPEBRA,consulta externa,nuevas en personas de 15 a 59 anos,2005-11-01,57,42,57,42,99
BOYUIBE,consulta externa,nuevas en personas de 15 a 59 anos,2005-11-01,71,62,71,62,133
BUENA VISTA,consulta externa,nuevas en personas de 15 a 59 anos,2005-11-01,209,313,209,313,522
CABEZAS,consulta externa,nuevas en personas de 15 a 59 anos,2005-11-01,282,375,282,375,657
CAIROMA,consulta externa,nuevas en personas de 15 a 59 anos,2005-11-01,107,229,107,229,336
"CAIZA ""D""",consulta externa,nuevas en personas de 15 a 59 anos,2005-11-01,168,256,168,256,424
CAJUATA,consulta externa,nuevas en personas de 15 a 59 anos,2005-11-01,120,158,120,158,278
CALACOTO,consulta externa,nuevas en personas de 15 a 59 anos,2005-11-01,33,91,33,91,124
CALAMARCA,consulta externa,nuevas en personas de 15 a 59 anos,2005-11-01,73,137,73,137,210
CAMARGO,consulta externa,nuevas en personas de 15 a 59 anos,2005-11-01,303,669,303,669,972
CAMATAQUI (C. VILLA ABECIA),consulta externa,nuevas en personas de 15 a 59 anos,2005-11-01,63,128,63,128,191
CAMIRI,consulta externa,nuevas en personas de 15 a 59 anos,2005-11-01,597,1418,597,1418,2015
CAPINOTA,consulta externa,nuevas en personas de 15 a 59 anos,2005-11-01,206,267,206,267,473
CAQUIAVIRI,consulta externa,nuevas en personas de 15 a 59 anos,2005-11-01,137,214,137,214,351
CARACOLLO,consulta externa,nuevas en personas de 15 a 59 anos,2005-11-01,93,184,93,184,277
CARANAVI,consulta externa,nuevas en personas de 15 a 59 anos,2005-11-01,674,930,674,930,1604
CARANGAS,consulta externa,nuevas en personas de 15 a 59 anos,2005-11-01,1,0,1,0,1
CARAPARI,consulta externa,nuevas en personas de 15 a 59 anos,2005-11-01,240,310,240,310,550
CARIPUYO,consulta externa,nuevas en personas de 15 a 59 anos,2005-11-01,100,249,100,249,349
CARMEN RIVERO TORREZ,consulta externa,nuevas en personas de 15 a 59 anos,2005-11-01,28,41,28,41,69
CATACORA,consulta externa,nuevas en personas de 15 a 59 anos,2005-11-01,6,9,6,9,15
CHACARILLA,consulta externa,nuevas en personas de 15 a 59 anos,2005-11-01,11,13,11,13,24
CHALLAPATA,consulta externa,nuevas en personas de 15 a 59 anos,2005-11-01,185,379,185,379,564
CHAQUI,consulta externa,nuevas en personas de 15 a 59 anos,2005-11-01,82,168,82,168,250
CHARAGUA,consulta externa,nuevas en personas de 15 a 59 anos,2005-11-01,204,481,204,481,685
CHARAÑA,consulta externa,nuevas en personas de 15 a 59 anos,2005-11-01,67,64,67,64,131
CHAYANTA,consulta externa,nuevas en personas de 15 a 59 anos,2005-11-01,158,313,158,313,471
CHIMORE,consulta externa,nuevas en personas de 15 a 59 anos,2005-11-01,117,249,117,249,366
CHIPAYA,consulta externa,nuevas en personas de 15 a 59 anos,2005-11-01,24,38,24,38,62
CHOQUE COTA,consulta externa,nuevas en personas de 15 a 59 anos,2005-11-01,44,108,44,108,152
CHULUMANI (V. DE LA LIBERTAD),consulta externa,nuevas en personas de 15 a 59 anos,2005-11-01,225,362,225,362,587
CHUMA,consulta externa,nuevas en personas de 15 a 59 anos,2005-11-01,126,205,126,205,331
CLIZA,consulta externa,nuevas en personas de 15 a 59 anos,2005-11-01,60,123,60,123,183
COBIJA,consulta externa,nuevas en personas de 15 a 59 anos,2005-11-01,662,1286,662,1286,1948
COCHABAMBA,consulta externa,nuevas en personas de 15 a 59 anos,2005-11-01,9837,21156,9837,21156,30993
COIPASA,consulta externa,nuevas en personas de 15 a 59 anos,2005-11-01,10,10,10,10,20
COLCAPIRHUA,consulta externa,nuevas en personas de 15 a 59 anos,2005-11-01,404,604,404,604,1008
"COLCHA ""K""",consulta externa,nuevas en personas de 15 a 59 anos,2005-11-01,217,438,217,438,655
COLLANA,consulta externa,nuevas en personas de 15 a 59 anos,2005-11-01,34,43,34,43,77
COLOMI,consulta externa,nuevas en personas de 15 a 59 anos,2005-11-01,71,180,71,180,251
COLPA BELGICA,consulta externa,nuevas en personas de 15 a 59 anos,2005-11-01,22,103,22,103,125
COLQUECHACA,consulta externa,nuevas en personas de 15 a 59 anos,2005-11-01,281,577,281,577,858
COLQUENCHA,consulta externa,nuevas en personas de 15 a 59 anos,2005-11-01,44,73,44,73,117
COLQUIRI,consulta externa,nuevas en personas de 15 a 59 anos,2005-11-01,136,402,136,402,538
COMANCHE,consulta externa,nuevas en personas de 15 a 59 anos,2005-11-01,26,33,26,33,59
COMARAPA,consulta externa,nuevas en personas de 15 a 59 anos,2005-11-01,238,434,238,434,672
COMBAYA,consulta externa,nuevas en personas de 15 a 59 anos,2005-11-01,15,26,15,26,41
CONCEPCION,consulta externa,nuevas en personas de 15 a 59 anos,2005-11-01,144,337,144,337,481
COPACABANA,consulta externa,nuevas en personas de 15 a 59 anos,2005-11-01,75,137,75,137,212
CORIPATA,consulta externa,nuevas en personas de 15 a 59 anos,2005-11-01,137,200,137,200,337
CORO CORO,consulta externa,nuevas en personas de 15 a 59 anos,2005-11-01,106,193,106,193,299
COROICO,consulta externa,nuevas en personas de 15 a 59 anos,2005-11-01,159,231,159,231,390
CORQUE,consulta externa,nuevas en personas de 15 a 59 anos,2005-11-01,144,173,144,173,317
COTAGAITA,consulta externa,nuevas en personas de 15 a 59 anos,2005-11-01,697,1090,697,1090,1787
COTOCA,consulta externa,nuevas en personas de 15 a 59 anos,2005-11-01,78,431,78,431,509
CUATRO CAÑADAS,consulta externa,nuevas en personas de 15 a 59 anos,2005-11-01,228,497,228,497,725
CUCHUMUELA (V. G. VILLARROEL),consulta externa,nuevas en personas de 15 a 59 anos,2005-11-01,25,32,25,32,57
CUEVO,consulta externa,nuevas en personas de 15 a 59 anos,2005-11-01,88,118,88,118,206
CULPINA,consulta externa,nuevas en personas de 15 a 59 anos,2005-11-01,198,466,198,466,664
CURAHUARA DE CARANGAS,consulta externa,nuevas en personas de 15 a 59 anos,2005-11-01,95,156,95,156,251
CURVA,consulta externa,nuevas en personas de 15 a 59 anos,2005-11-01,4,17,4,17,21
DESAGUADERO,consulta externa,nuevas en personas de 15 a 59 anos,2005-11-01,35,54,35,54,89
EL ALTO,consulta externa,nuevas en personas de 15 a 59 anos,2005-11-01,7318,12186,7318,12186,19504
EL CHORO,consulta externa,nuevas en personas de 15 a 59 anos,2005-11-01,43,79,43,79,122
EL PUENTE(STC),consulta externa,nuevas en personas de 15 a 59 anos,2005-11-01,132,231,132,231,363
EL PUENTE(TJA),consulta externa,nuevas en personas de 15 a 59 anos,2005-11-01,141,272,141,272,413
EL TORNO,consulta externa,nuevas en personas de 15 a 59 anos,2005-11-01,608,751,608,751,1359
EL VILLAR,consulta externa,nuevas en personas de 15 a 59 anos,2005-11-01,91,235,91,235,326
ENTRE RIOS,consulta externa,nuevas en personas de 15 a 59 anos,2005-11-01,307,602,307,602,909
ENTRE RIOS,consulta externa,nuevas en personas de 15 a 59 anos,2005-11-01,178,195,178,195,373
ESCARA,consulta externa,nuevas en personas de 15 a 59 anos,2005-11-01,1,3,1,3,4
EUCALIPTUS,consulta externa,nuevas en personas de 15 a 59 anos,2005-11-01,51,124,51,124,175
EUREKA (SANTOS MERCADO),consulta externa,nuevas en personas de 15 a 59 anos,2005-11-01,30,51,30,51,81
EXALTACION,consulta externa,nuevas en personas de 15 a 59 anos,2005-11-01,25,69,25,69,94
FERNANDEZ ALONSO,consulta externa,nuevas en personas de 15 a 59 anos,2005-11-01,133,294,133,294,427
FILADELFIA,consulta externa,nuevas en personas de 15 a 59 anos,2005-11-01,104,159,104,159,263
GENERAL SAAVEDRA,consulta externa,nuevas en personas de 15 a 59 anos,2005-11-01,89,266,89,266,355
GRAL. J.J. PEREZ (CHARAZANI),consulta externa,nuevas en personas de 15 a 59 anos,2005-11-01,76,201,76,201,277
GUANAY,consulta externa,nuevas en personas de 15 a 59 anos,2005-11-01,134,324,134,324,458
GUAQUI,consulta externa,nuevas en personas de 15 a 59 anos,2005-11-01,41,79,41,79,120
GUAYARAMERIN,consulta externa,nuevas en personas de 15 a 59 anos,2005-11-01,495,1623,495,1623,2118
GUTIERREZ,consulta externa,nuevas en personas de 15 a 59 anos,2005-11-01,236,361,236,361,597
HUACARETA,consulta externa,nuevas en personas de 15 a 59 anos,2005-11-01,203,350,203,350,553
HUACAYA (VILLA DE HUACAYA),consulta externa,nuevas en personas de 15 a 59 anos,2005-11-01,48,140,48,140,188
HUACHACALLA,consulta externa,nuevas en personas de 15 a 59 anos,2005-11-01,11,13,11,13,24
HUANUNI,consulta externa,nuevas en personas de 15 a 59 anos,2005-11-01,261,446,261,446,707
HUARACAJE,consulta externa,nuevas en personas de 15 a 59 anos,2005-11-01,20,28,20,28,48
HUAYLLAMARCA,consulta externa,nuevas en personas de 15 a 59 anos,2005-11-01,78,158,78,158,236
ICHOCA,consulta externa,nuevas en personas de 15 a 59 anos,2005-11-01,47,103,47,103,150
ICLA,consulta externa,nuevas en personas de 15 a 59 anos,2005-11-01,146,271,146,271,417
INCAHUASI,consulta externa,nuevas en personas de 15 a 59 anos,2005-11-01,204,609,204,609,813
INGAVI (HUMAITA),consulta externa,nuevas en personas de 15 a 59 anos,2005-11-01,6,15,6,15,21
INQUISIVI,consulta externa,nuevas en personas de 15 a 59 anos,2005-11-01,72,125,72,125,197
IRUPANA (VILLA DE LANZA),consulta externa,nuevas en personas de 15 a 59 anos,2005-11-01,190,324,190,324,514
IXIAMAS,consulta externa,nuevas en personas de 15 a 59 anos,2005-11-01,100,143,100,143,243
JESUS DE MACHACA,consulta externa,nuevas en personas de 15 a 59 anos,2005-11-01,131,290,131,290,421
LA ASUNTA,consulta externa,nuevas en personas de 15 a 59 anos,2005-11-01,291,413,291,413,704
LA GUARDIA,consulta externa,nuevas en personas de 15 a 59 anos,2005-11-01,194,556,194,556,750
LA PAZ,consulta externa,nuevas en personas de 15 a 59 anos,2005-11-01,17490,36610,17490,36610,54100
LA RIVERA,consulta externa,nuevas en personas de 15 a 59 anos,2005-11-01,10,15,10,15,25
LAGUNILLAS,consulta externa,nuevas en personas de 15 a 59 anos,2005-11-01,107,201,107,201,308
LAJA,consulta externa,nuevas en personas de 15 a 59 anos,2005-11-01,72,153,72,153,225
LAS CARRERAS,consulta externa,nuevas en personas de 15 a 59 anos,2005-11-01,44,119,44,119,163
LICOMA PAMPA,consulta externa,nuevas en personas de 15 a 59 anos,2005-11-01,29,25,29,25,54
LLALLAGUA,consulta externa,nuevas en personas de 15 a 59 anos,2005-11-01,487,839,487,839,1326
LLICA,consulta externa,nuevas en personas de 15 a 59 anos,2005-11-01,120,220,120,220,340
LORETO,consulta externa,nuevas en personas de 15 a 59 anos,2005-11-01,10,31,10,31,41
LURIBAY,consulta externa,nuevas en personas de 15 a 59 anos,2005-11-01,133,178,133,178,311
MACHACAMARCA,consulta externa,nuevas en personas de 15 a 59 anos,2005-11-01,54,82,54,82,136
MACHARETI,consulta externa,nuevas en personas de 15 a 59 anos,2005-11-01,151,417,151,417,568
MAGDALENA,consulta externa,nuevas en personas de 15 a 59 anos,2005-11-01,106,281,106,281,387
MAIRANA,consulta externa,nuevas en personas de 15 a 59 anos,2005-11-01,81,238,81,238,319
MALLA,consulta externa,nuevas en personas de 15 a 59 anos,2005-11-01,33,68,33,68,101
MAPIRI,consulta externa,nuevas en personas de 15 a 59 anos,2005-11-01,213,245,213,245,458
MECAPACA,consulta externa,nuevas en personas de 15 a 59 anos,2005-11-01,155,201,155,201,356
MINEROS,consulta externa,nuevas en personas de 15 a 59 anos,2005-11-01,105,334,105,334,439
MIZQUE,consulta externa,nuevas en personas de 15 a 59 anos,2005-11-01,104,199,104,199,303
MOCOMOCO,consulta externa,nuevas en personas de 15 a 59 anos,2005-11-01,199,258,199,258,457
MOJINETE,consulta externa,nuevas en personas de 15 a 59 anos,2005-11-01,26,39,26,39,65
MOJOCOYA,consulta externa,nuevas en personas de 15 a 59 anos,2005-11-01,64,185,64,185,249
MONTEAGUDO,consulta externa,nuevas en personas de 15 a 59 anos,2005-11-01,632,1247,632,1247,1879
MONTERO,consulta externa,nuevas en personas de 15 a 59 anos,2005-11-01,1381,2275,1381,2275,3656
MORO MORO,consulta externa,nuevas en personas de 15 a 59 anos,2005-11-01,52,96,52,96,148
MOROCHATA,consulta externa,nuevas en personas de 15 a 59 anos,2005-11-01,92,185,92,185,277
NACEBE (SANTA ROSA DEL ABUNA),consulta externa,nuevas en personas de 15 a 59 anos,2005-11-01,40,30,40,30,70
NAZACARA DE PACAJES,consulta externa,nuevas en personas de 15 a 59 anos,2005-11-01,4,6,4,6,10
NUEVO MANOA (NUEVA ESPERANZA),consulta externa,nuevas en personas de 15 a 59 anos,2005-11-01,172,148,172,148,320
OCURI,consulta externa,nuevas en personas de 15 a 59 anos,2005-11-01,154,305,154,305,459
OKINAWA,consulta externa,nuevas en personas de 15 a 59 anos,2005-11-01,178,522,178,522,700
OMEREQUE,consulta externa,nuevas en personas de 15 a 59 anos,2005-11-01,49,156,49,156,205
ORURO,consulta externa,nuevas en personas de 15 a 59 anos,2005-11-01,6949,10114,6949,10114,17063
PADCAYA,consulta externa,nuevas en personas de 15 a 59 anos,2005-11-01,272,494,272,494,766
PADILLA,consulta externa,nuevas en personas de 15 a 59 anos,2005-11-01,260,600,260,600,860
PAILON,consulta externa,nuevas en personas de 15 a 59 anos,2005-11-01,134,147,134,147,281
PALCA,consulta externa,nuevas en personas de 15 a 59 anos,2005-11-01,92,169,92,169,261
PALOS BLANCOS,consulta externa,nuevas en personas de 15 a 59 anos,2005-11-01,521,466,521,466,987
PAMPA AULLAGAS,consulta externa,nuevas en personas de 15 a 59 anos,2005-11-01,17,37,17,37,54
PAMPA GRANDE,consulta externa,nuevas en personas de 15 a 59 anos,2005-11-01,87,174,87,174,261
PAPEL PAMPA,consulta externa,nuevas en personas de 15 a 59 anos,2005-11-01,39,83,39,83,122
PASORAPA,consulta externa,nuevas en personas de 15 a 59 anos,2005-11-01,21,41,21,41,62
PATACAMAYA,consulta externa,nuevas en personas de 15 a 59 anos,2005-11-01,107,159,107,159,266
PAZÑA,consulta externa,nuevas en personas de 15 a 59 anos,2005-11-01,88,171,88,171,259
PELECHUCO,consulta externa,nuevas en personas de 15 a 59 anos,2005-11-01,138,128,138,128,266
POCOATA,consulta externa,nuevas en personas de 15 a 59 anos,2005-11-01,288,496,288,496,784
POCONA,consulta externa,nuevas en personas de 15 a 59 anos,2005-11-01,151,202,151,202,353
POJO (CBBA),consulta externa,nuevas en personas de 15 a 59 anos,2005-11-01,64,144,64,144,208
POOPO,consulta externa,nuevas en personas de 15 a 59 anos,2005-11-01,66,52,66,52,118
PORCO,consulta externa,nuevas en personas de 15 a 59 anos,2005-11-01,82,116,82,116,198
POROMA,consulta externa,nuevas en personas de 15 a 59 anos,2005-11-01,205,548,205,548,753
PORONGO,consulta externa,nuevas en personas de 15 a 59 anos,2005-11-01,103,225,103,225,328
PORTACHUELO,consulta externa,nuevas en personas de 15 a 59 anos,2005-11-01,291,787,291,787,1078
PORVENIR,consulta externa,nuevas en personas de 15 a 59 anos,2005-11-01,82,129,82,129,211
POSTRER VALLE,consulta externa,nuevas en personas de 15 a 59 anos,2005-11-01,24,52,24,52,76
POTOSI,consulta externa,nuevas en personas de 15 a 59 anos,2005-11-01,4094,7227,4094,7227,11321
PRESTO,consulta externa,nuevas en personas de 15 a 59 anos,2005-11-01,73,359,73,359,432
PUCARA,consulta externa,nuevas en personas de 15 a 59 anos,2005-11-01,43,58,43,58,101
PUCARANI,consulta externa,nuevas en personas de 15 a 59 anos,2005-11-01,139,271,139,271,410
PUERTO ACOSTA,consulta externa,nuevas en personas de 15 a 59 anos,2005-11-01,229,312,229,312,541
PUERTO CARABUCO,consulta externa,nuevas en personas de 15 a 59 anos,2005-11-01,143,195,143,195,338
PUERTO GONZALO MORENO,consulta externa,nuevas en personas de 15 a 59 anos,2005-11-01,65,130,65,130,195
PUERTO PEREZ,consulta externa,nuevas en personas de 15 a 59 anos,2005-11-01,73,97,73,97,170
PUERTO QUIJARRO,consulta externa,nuevas en personas de 15 a 59 anos,2005-11-01,378,356,378,356,734
PUERTO RICO,consulta externa,nuevas en personas de 15 a 59 anos,2005-11-01,120,206,120,206,326
PUERTO SILES,consulta externa,nuevas en personas de 15 a 59 anos,2005-11-01,13,40,13,40,53
PUERTO SUAREZ,consulta externa,nuevas en personas de 15 a 59 anos,2005-11-01,266,509,266,509,775
PUERTO VILLARROEL,consulta externa,nuevas en personas de 15 a 59 anos,2005-11-01,538,789,538,789,1327
PUNA,consulta externa,nuevas en personas de 15 a 59 anos,2005-11-01,419,953,419,953,1372
PUNATA,consulta externa,nuevas en personas de 15 a 59 anos,2005-11-01,269,487,269,487,756
QUIABAYA,consulta externa,nuevas en personas de 15 a 59 anos,2005-11-01,23,32,23,32,55
QUILLACOLLO,consulta externa,nuevas en personas de 15 a 59 anos,2005-11-01,195,523,195,523,718
QUIME,consulta externa,nuevas en personas de 15 a 59 anos,2005-11-01,86,84,86,84,170
QUIRUSILLAS,consulta externa,nuevas en personas de 15 a 59 anos,2005-11-01,33,24,33,24,57
RAVELO,consulta externa,nuevas en personas de 15 a 59 anos,2005-11-01,171,349,171,349,520
REYES,consulta externa,nuevas en personas de 15 a 59 anos,2005-11-01,71,222,71,222,293
RIBERALTA,consulta externa,nuevas en personas de 15 a 59 anos,2005-11-01,994,1536,994,1536,2530
ROBORE,consulta externa,nuevas en personas de 15 a 59 anos,2005-11-01,190,523,190,523,713
RURRENABAQUE,consulta externa,nuevas en personas de 15 a 59 anos,2005-11-01,174,335,174,335,509
SABAYA,consulta externa,nuevas en personas de 15 a 59 anos,2005-11-01,53,95,53,95,148
SACABA,consulta externa,nuevas en personas de 15 a 59 anos,2005-11-01,528,1266,528,1266,1794
SACABAMBA,consulta externa,nuevas en personas de 15 a 59 anos,2005-11-01,41,43,41,43,84
SACACA,consulta externa,nuevas en personas de 15 a 59 anos,2005-11-01,133,381,133,381,514
SAIPINA,consulta externa,nuevas en personas de 15 a 59 anos,2005-11-01,175,383,175,383,558
SALINAS DE GARCI MENDOZA,consulta externa,nuevas en personas de 15 a 59 anos,2005-11-01,219,424,219,424,643
SAMAIPATA,consulta externa,nuevas en personas de 15 a 59 anos,2005-11-01,84,169,84,169,253
SAN AGUSTIN,consulta externa,nuevas en personas de 15 a 59 anos,2005-11-01,34,83,34,83,117
SAN ANDRES,consulta externa,nuevas en personas de 15 a 59 anos,2005-11-01,49,158,49,158,207
SAN ANDRES DE MACHACA,consulta externa,nuevas en personas de 15 a 59 anos,2005-11-01,60,111,60,111,171
SAN ANTONIO DE ESMORUCO,consulta externa,nuevas en personas de 15 a 59 anos,2005-11-01,24,72,24,72,96
SAN ANTONIO DE LOMERIO,consulta externa,nuevas en personas de 15 a 59 anos,2005-11-01,49,76,49,76,125
SAN BENITO,consulta externa,nuevas en personas de 15 a 59 anos,2005-11-01,65,168,65,168,233
SAN BORJA,consulta externa,nuevas en personas de 15 a 59 anos,2005-11-01,172,516,172,516,688
SAN BUENA VENTURA,consulta externa,nuevas en personas de 15 a 59 anos,2005-11-01,88,138,88,138,226
SAN CARLOS,consulta externa,nuevas en personas de 15 a 59 anos,2005-11-01,200,406,200,406,606
SAN IGNACIO,consulta externa,nuevas en personas de 15 a 59 anos,2005-11-01,187,377,187,377,564
SAN IGNACIO DE VELASCO,consulta externa,nuevas en personas de 15 a 59 anos,2005-11-01,744,1581,744,1581,2325
SAN JAVIER(BNI),consulta externa,nuevas en personas de 15 a 59 anos,2005-11-01,33,97,33,97,130
SAN JAVIER(STC),consulta externa,nuevas en personas de 15 a 59 anos,2005-11-01,82,203,82,203,285
SAN JOAQUIN,consulta externa,nuevas en personas de 15 a 59 anos,2005-11-01,34,70,34,70,104
SAN JOSE DE CHIQUITOS,consulta externa,nuevas en personas de 15 a 59 anos,2005-11-01,232,497,232,497,729
SAN JUAN DE YAPACANI,consulta externa,nuevas en personas de 15 a 59 anos,2005-11-01,198,427,198,427,625
SAN JULIAN,consulta externa,nuevas en personas de 15 a 59 anos,2005-11-01,697,1021,697,1021,1718
SAN LORENZO(PND),consulta externa,nuevas en personas de 15 a 59 anos,2005-11-01,52,38,52,38,90
SAN LORENZO(TJA),consulta externa,nuevas en personas de 15 a 59 anos,2005-11-01,163,549,163,549,712
SAN LUCAS,consulta externa,nuevas en personas de 15 a 59 anos,2005-11-01,457,1025,457,1025,1482
SAN MATIAS,consulta externa,nuevas en personas de 15 a 59 anos,2005-11-01,158,235,158,235,393
SAN MIGUEL DE VELASCO,consulta externa,nuevas en personas de 15 a 59 anos,2005-11-01,82,196,82,196,278
SAN PABLO DE LIPEZ,consulta externa,nuevas en personas de 15 a 59 anos,2005-11-01,76,135,76,135,211
SAN PEDRO,consulta externa,nuevas en personas de 15 a 59 anos,2005-11-01,267,568,267,568,835
SAN PEDRO DE BUENA VISTA,consulta externa,nuevas en personas de 15 a 59 anos,2005-11-01,234,456,234,456,690
SAN PEDRO DE CURAHUARA,consulta externa,nuevas en personas de 15 a 59 anos,2005-11-01,51,61,51,61,112
SAN PEDRO DE QUEMES,consulta externa,nuevas en personas de 15 a 59 anos,2005-11-01,2,14,2,14,16
SAN PEDRO DE TIQUINA,consulta externa,nuevas en personas de 15 a 59 anos,2005-11-01,43,50,43,50,93
SAN PEDRO(PND),consulta externa,nuevas en personas de 15 a 59 anos,2005-11-01,18,18,18,18,36
SAN RAFAEL,consulta externa,nuevas en personas de 15 a 59 anos,2005-11-01,103,171,103,171,274
SAN RAMON,consulta externa,nuevas en personas de 15 a 59 anos,2005-11-01,53,151,53,151,204
SAN RAMON,consulta externa,nuevas en personas de 15 a 59 anos,2005-11-01,121,245,121,245,366
SANTA ANA,consulta externa,nuevas en personas de 15 a 59 anos,2005-11-01,79,255,79,255,334
SANTA CRUZ DE LA SIERRA,consulta externa,nuevas en personas de 15 a 59 anos,2005-11-01,20598,37733,20598,37733,58331
SANTA ROSA,consulta externa,nuevas en personas de 15 a 59 anos,2005-11-01,52,114,52,114,166
SANTA ROSA DEL SARA,consulta externa,nuevas en personas de 15 a 59 anos,2005-11-01,154,417,154,417,571
SANTIAGO DE CALLAPA,consulta externa,nuevas en personas de 15 a 59 anos,2005-11-01,35,58,35,58,93
SANTIAGO DE HUARI,consulta externa,nuevas en personas de 15 a 59 anos,2005-11-01,111,145,111,145,256
SANTIAGO DE MACHACA,consulta externa,nuevas en personas de 15 a 59 anos,2005-11-01,21,45,21,45,66
SANTIVAÑES,consulta externa,nuevas en personas de 15 a 59 anos,2005-11-01,67,86,67,86,153
SANTUARIO DE QUILLACAS,consulta externa,nuevas en personas de 15 a 59 anos,2005-11-01,23,56,23,56,79
SAPAHAQUI,consulta externa,nuevas en personas de 15 a 59 anos,2005-11-01,117,152,117,152,269
SENA,consulta externa,nuevas en personas de 15 a 59 anos,2005-11-01,58,102,58,102,160
SICA SICA (VILLA AROMA),consulta externa,nuevas en personas de 15 a 59 anos,2005-11-01,90,141,90,141,231
SICAYA,consulta externa,nuevas en personas de 15 a 59 anos,2005-11-01,15,22,15,22,37
SIPE SIPE,consulta externa,nuevas en personas de 15 a 59 anos,2005-11-01,79,497,79,497,576
SOPACHUY,consulta externa,nuevas en personas de 15 a 59 anos,2005-11-01,85,194,85,194,279
SORACACHI,consulta externa,nuevas en personas de 15 a 59 anos,2005-11-01,52,99,52,99,151
SORATA,consulta externa,nuevas en personas de 15 a 59 anos,2005-11-01,173,268,173,268,441
SUCRE,consulta externa,nuevas en personas de 15 a 59 anos,2005-11-01,7420,14802,7420,14802,22222
TACACHI,consulta externa,nuevas en personas de 15 a 59 anos,2005-11-01,26,44,26,44,70
TACACOMA,consulta externa,nuevas en personas de 15 a 59 anos,2005-11-01,105,143,105,143,248
TACOBAMBA,consulta externa,nuevas en personas de 15 a 59 anos,2005-11-01,101,160,101,160,261
TACOPAYA,consulta externa,nuevas en personas de 15 a 59 anos,2005-11-01,91,203,91,203,294
TAHUA,consulta externa,nuevas en personas de 15 a 59 anos,2005-11-01,18,20,18,20,38
TAPACARI,consulta externa,nuevas en personas de 15 a 59 anos,2005-11-01,168,312,168,312,480
TARABUCO,consulta externa,nuevas en personas de 15 a 59 anos,2005-11-01,219,416,219,416,635
TARACO,consulta externa,nuevas en personas de 15 a 59 anos,2005-11-01,28,54,28,54,82
TARATA,consulta externa,nuevas en personas de 15 a 59 anos,2005-11-01,38,54,38,54,92
TARIJA,consulta externa,nuevas en personas de 15 a 59 anos,2005-11-01,4060,9517,4060,9517,13577
TARVITA,consulta externa,nuevas en personas de 15 a 59 anos,2005-11-01,252,679,252,679,931
TEOPONTE,consulta externa,nuevas en personas de 15 a 59 anos,2005-11-01,106,142,106,142,248
TIAWANACU,consulta externa,nuevas en personas de 15 a 59 anos,2005-11-01,74,196,74,196,270
TINGUIPAYA,consulta externa,nuevas en personas de 15 a 59 anos,2005-11-01,189,417,189,417,606
TIPUANI,consulta externa,nuevas en personas de 15 a 59 anos,2005-11-01,45,129,45,129,174
TIQUIPAYA,consulta externa,nuevas en personas de 15 a 59 anos,2005-11-01,119,268,119,268,387
TIRAQUE (CBBA),consulta externa,nuevas en personas de 15 a 59 anos,2005-11-01,380,815,380,815,1195
TITO YUPANQUI (PARQUIPUJIO),consulta externa,nuevas en personas de 15 a 59 anos,2005-11-01,20,76,20,76,96
TOCO,consulta externa,nuevas en personas de 15 a 59 anos,2005-11-01,14,38,14,38,52
TOLATA,consulta externa,nuevas en personas de 15 a 59 anos,2005-11-01,18,34,18,34,52
TOLEDO,consulta externa,nuevas en personas de 15 a 59 anos,2005-11-01,179,208,179,208,387
TOMAVE,consulta externa,nuevas en personas de 15 a 59 anos,2005-11-01,267,385,267,385,652
TOMINA,consulta externa,nuevas en personas de 15 a 59 anos,2005-11-01,152,275,152,275,427
TORO TORO,consulta externa,nuevas en personas de 15 a 59 anos,2005-11-01,123,269,123,269,392
TOTORA(CBBA),consulta externa,nuevas en personas de 15 a 59 anos,2005-11-01,90,175,90,175,265
TOTORA(ORR),consulta externa,nuevas en personas de 15 a 59 anos,2005-11-01,41,73,41,73,114
TRIGAL,consulta externa,nuevas en personas de 15 a 59 anos,2005-11-01,29,31,29,31,60
TRINIDAD,consulta externa,nuevas en personas de 15 a 59 anos,2005-11-01,1041,1954,1041,1954,2995
TUPIZA,consulta externa,nuevas en personas de 15 a 59 anos,2005-11-01,1278,2708,1278,2708,3986
TURCO,consulta externa,nuevas en personas de 15 a 59 anos,2005-11-01,60,104,60,104,164
UMALA,consulta externa,nuevas en personas de 15 a 59 anos,2005-11-01,20,18,20,18,38
UNCIA,consulta externa,nuevas en personas de 15 a 59 anos,2005-11-01,407,766,407,766,1173
URIONDO (A. CONCEPCION),consulta externa,nuevas en personas de 15 a 59 anos,2005-11-01,244,519,244,519,763
URUBICHA,consulta externa,nuevas en personas de 15 a 59 anos,2005-11-01,52,93,52,93,145
UYUNI,consulta externa,nuevas en personas de 15 a 59 anos,2005-11-01,388,713,388,713,1101
VACAS,consulta externa,nuevas en personas de 15 a 59 anos,2005-11-01,146,301,146,301,447
VALLEGRANDE,consulta externa,nuevas en personas de 15 a 59 anos,2005-11-01,267,606,267,606,873
VIACHA,consulta externa,nuevas en personas de 15 a 59 anos,2005-11-01,466,862,466,862,1328
VILA VILA,consulta externa,nuevas en personas de 15 a 59 anos,2005-11-01,35,44,35,44,79
VILLA MONTES,consulta externa,nuevas en personas de 15 a 59 anos,2005-11-01,414,675,414,675,1089
VILLA NUEVA (LOMA ALTA),consulta externa,nuevas en personas de 15 a 59 anos,2005-11-01,29,62,29,62,91
VILLA RIVERO,consulta externa,nuevas en personas de 15 a 59 anos,2005-11-01,33,61,33,61,94
VILLA SERRANO,consulta externa,nuevas en personas de 15 a 59 anos,2005-11-01,184,373,184,373,557
VILLA TUNARI,consulta externa,nuevas en personas de 15 a 59 anos,2005-11-01,794,1136,794,1136,1930
VILLA VACA GUZMAN (MUYUPAMPA),consulta externa,nuevas en personas de 15 a 59 anos,2005-11-01,293,494,293,494,787
VILLAZON,consulta externa,nuevas en personas de 15 a 59 anos,2005-11-01,512,1420,512,1420,1932
VINTO,consulta externa,nuevas en personas de 15 a 59 anos,2005-11-01,159,285,159,285,444
VITICHI,consulta externa,nuevas en personas de 15 a 59 anos,2005-11-01,126,265,126,265,391
WALDO BALLIVIAN,consulta externa,nuevas en personas de 15 a 59 anos,2005-11-01,12,29,12,29,41
WARNES,consulta externa,nuevas en personas de 15 a 59 anos,2005-11-01,377,732,377,732,1109
YACO,consulta externa,nuevas en personas de 15 a 59 anos,2005-11-01,46,65,46,65,111
YACUIBA,consulta externa,nuevas en personas de 15 a 59 anos,2005-11-01,1756,2966,1756,2966,4722
YAMPARAEZ,consulta externa,nuevas en personas de 15 a 59 anos,2005-11-01,111,178,111,178,289
YANACACHI,consulta externa,nuevas en personas de 15 a 59 anos,2005-11-01,125,123,125,123,248
YAPACANI,consulta externa,nuevas en personas de 15 a 59 anos,2005-11-01,386,1014,386,1014,1400
YOCALLA,consulta externa,nuevas en personas de 15 a 59 anos,2005-11-01,78,106,78,106,184
YOTALA,consulta externa,nuevas en personas de 15 a 59 anos,2005-11-01,108,160,108,160,268
YUNCHARA,consulta externa,nuevas en personas de 15 a 59 anos,2005-11-01,72,127,72,127,199
ZUDAÑEZ,consulta externa,nuevas en personas de 15 a 59 anos,2005-11-01,146,292,146,292,438
ACACIO,consulta externa,nuevas en personas de 15 a 59 anos,2005-12-01,71,141,71,141,212
ACHACACHI,consulta externa,nuevas en personas de 15 a 59 anos,2005-12-01,369,552,369,552,921
ACHOCALLA,consulta externa,nuevas en personas de 15 a 59 anos,2005-12-01,34,80,34,80,114
AIQUILE,consulta externa,nuevas en personas de 15 a 59 anos,2005-12-01,192,425,192,425,617
ALALAY,consulta externa,nuevas en personas de 15 a 59 anos,2005-12-01,6,15,6,15,21
ALCALA,consulta externa,nuevas en personas de 15 a 59 anos,2005-12-01,82,192,82,192,274
ANCORAIMES,consulta externa,nuevas en personas de 15 a 59 anos,2005-12-01,73,177,73,177,250
ANDAMARCA,consulta externa,nuevas en personas de 15 a 59 anos,2005-12-01,57,115,57,115,172
ANTEQUERA,consulta externa,nuevas en personas de 15 a 59 anos,2005-12-01,18,18,18,18,36
ANZALDO,consulta externa,nuevas en personas de 15 a 59 anos,2005-12-01,34,86,34,86,120
APOLO,consulta externa,nuevas en personas de 15 a 59 anos,2005-12-01,151,306,151,306,457
ARAMPAMPA,consulta externa,nuevas en personas de 15 a 59 anos,2005-12-01,42,87,42,87,129
ARANI,consulta externa,nuevas en personas de 15 a 59 anos,2005-12-01,36,82,36,82,118
ARBIETO,consulta externa,nuevas en personas de 15 a 59 anos,2005-12-01,36,69,36,69,105
ARQUE,consulta externa,nuevas en personas de 15 a 59 anos,2005-12-01,52,156,52,156,208
ASCENCION DE GUARAYOS,consulta externa,nuevas en personas de 15 a 59 anos,2005-12-01,217,320,217,320,537
ATOCHA,consulta externa,nuevas en personas de 15 a 59 anos,2005-12-01,681,906,681,906,1587
AUCAPATA,consulta externa,nuevas en personas de 15 a 59 anos,2005-12-01,56,94,56,94,150
AYATA,consulta externa,nuevas en personas de 15 a 59 anos,2005-12-01,61,157,61,157,218
AYO AYO,consulta externa,nuevas en personas de 15 a 59 anos,2005-12-01,61,95,61,95,156
AYOPAYA (V. DE INDEPENDENCIA),consulta externa,nuevas en personas de 15 a 59 anos,2005-12-01,188,439,188,439,627
AZURDUY,consulta externa,nuevas en personas de 15 a 59 anos,2005-12-01,188,406,188,406,594
BATALLAS,consulta externa,nuevas en personas de 15 a 59 anos,2005-12-01,86,121,86,121,207
BAURES,consulta externa,nuevas en personas de 15 a 59 anos,2005-12-01,54,104,54,104,158
BELEN DE ANDAMARCA,consulta externa,nuevas en personas de 15 a 59 anos,2005-12-01,12,28,12,28,40
BELEN DE URMIRI,consulta externa,nuevas en personas de 15 a 59 anos,2005-12-01,55,110,55,110,165
BELLA FLOR,consulta externa,nuevas en personas de 15 a 59 anos,2005-12-01,76,62,76,62,138
BERMEJO,consulta externa,nuevas en personas de 15 a 59 anos,2005-12-01,622,980,622,980,1602
BETANZOS,consulta externa,nuevas en personas de 15 a 59 anos,2005-12-01,401,887,401,887,1288
BOLIVAR,consulta externa,nuevas en personas de 15 a 59 anos,2005-12-01,68,86,68,86,154
BOLPEBRA,consulta externa,nuevas en personas de 15 a 59 anos,2005-12-01,14,21,14,21,35
BOYUIBE,consulta externa,nuevas en personas de 15 a 59 anos,2005-12-01,47,54,47,54,101
BUENA VISTA,consulta externa,nuevas en personas de 15 a 59 anos,2005-12-01,173,276,173,276,449
CABEZAS,consulta externa,nuevas en personas de 15 a 59 anos,2005-12-01,234,285,234,285,519
CAIROMA,consulta externa,nuevas en personas de 15 a 59 anos,2005-12-01,101,141,101,141,242
"CAIZA ""D""",consulta externa,nuevas en personas de 15 a 59 anos,2005-12-01,141,188,141,188,329
CAJUATA,consulta externa,nuevas en personas de 15 a 59 anos,2005-12-01,131,175,131,175,306
CALACOTO,consulta externa,nuevas en personas de 15 a 59 anos,2005-12-01,68,89,68,89,157
CALAMARCA,consulta externa,nuevas en personas de 15 a 59 anos,2005-12-01,95,127,95,127,222
CAMARGO,consulta externa,nuevas en personas de 15 a 59 anos,2005-12-01,303,719,303,719,1022
CAMATAQUI (C. VILLA ABECIA),consulta externa,nuevas en personas de 15 a 59 anos,2005-12-01,56,79,56,79,135
CAMIRI,consulta externa,nuevas en personas de 15 a 59 anos,2005-12-01,522,1123,522,1123,1645
CAPINOTA,consulta externa,nuevas en personas de 15 a 59 anos,2005-12-01,207,329,207,329,536
CAQUIAVIRI,consulta externa,nuevas en personas de 15 a 59 anos,2005-12-01,62,116,62,116,178
CARACOLLO,consulta externa,nuevas en personas de 15 a 59 anos,2005-12-01,83,154,83,154,237
CARANAVI,consulta externa,nuevas en personas de 15 a 59 anos,2005-12-01,575,892,575,892,1467
CARANGAS,consulta externa,nuevas en personas de 15 a 59 anos,2005-12-01,2,3,2,3,5
CARAPARI,consulta externa,nuevas en personas de 15 a 59 anos,2005-12-01,206,293,206,293,499
CARIPUYO,consulta externa,nuevas en personas de 15 a 59 anos,2005-12-01,73,115,73,115,188
CARMEN RIVERO TORREZ,consulta externa,nuevas en personas de 15 a 59 anos,2005-12-01,30,22,30,22,52
CATACORA,consulta externa,nuevas en personas de 15 a 59 anos,2005-12-01,5,19,5,19,24
CHACARILLA,consulta externa,nuevas en personas de 15 a 59 anos,2005-12-01,4,12,4,12,16
CHALLAPATA,consulta externa,nuevas en personas de 15 a 59 anos,2005-12-01,255,456,255,456,711
CHAQUI,consulta externa,nuevas en personas de 15 a 59 anos,2005-12-01,48,135,48,135,183
CHARAGUA,consulta externa,nuevas en personas de 15 a 59 anos,2005-12-01,219,442,219,442,661
CHARAÑA,consulta externa,nuevas en personas de 15 a 59 anos,2005-12-01,56,70,56,70,126
CHAYANTA,consulta externa,nuevas en personas de 15 a 59 anos,2005-12-01,136,309,136,309,445
CHIMORE,consulta externa,nuevas en personas de 15 a 59 anos,2005-12-01,112,229,112,229,341
CHIPAYA,consulta externa,nuevas en personas de 15 a 59 anos,2005-12-01,14,21,14,21,35
CHOQUE COTA,consulta externa,nuevas en personas de 15 a 59 anos,2005-12-01,25,48,25,48,73
CHULUMANI (V. DE LA LIBERTAD),consulta externa,nuevas en personas de 15 a 59 anos,2005-12-01,188,255,188,255,443
CHUMA,consulta externa,nuevas en personas de 15 a 59 anos,2005-12-01,107,165,107,165,272
CLIZA,consulta externa,nuevas en personas de 15 a 59 anos,2005-12-01,42,139,42,139,181
COBIJA,consulta externa,nuevas en personas de 15 a 59 anos,2005-12-01,587,1162,587,1162,1749
COCHABAMBA,consulta externa,nuevas en personas de 15 a 59 anos,2005-12-01,9825,20616,9825,20616,30441
COIPASA,consulta externa,nuevas en personas de 15 a 59 anos,2005-12-01,9,11,9,11,20
COLCAPIRHUA,consulta externa,nuevas en personas de 15 a 59 anos,2005-12-01,510,594,510,594,1104
"COLCHA ""K""",consulta externa,nuevas en personas de 15 a 59 anos,2005-12-01,205,335,205,335,540
COLLANA,consulta externa,nuevas en personas de 15 a 59 anos,2005-12-01,36,16,36,16,52
COLOMI,consulta externa,nuevas en personas de 15 a 59 anos,2005-12-01,99,200,99,200,299
COLPA BELGICA,consulta externa,nuevas en personas de 15 a 59 anos,2005-12-01,30,122,30,122,152
COLQUECHACA,consulta externa,nuevas en personas de 15 a 59 anos,2005-12-01,303,587,303,587,890
COLQUENCHA,consulta externa,nuevas en personas de 15 a 59 anos,2005-12-01,48,98,48,98,146
COLQUIRI,consulta externa,nuevas en personas de 15 a 59 anos,2005-12-01,147,417,147,417,564
COMANCHE,consulta externa,nuevas en personas de 15 a 59 anos,2005-12-01,20,37,20,37,57
COMARAPA,consulta externa,nuevas en personas de 15 a 59 anos,2005-12-01,162,318,162,318,480
COMBAYA,consulta externa,nuevas en personas de 15 a 59 anos,2005-12-01,7,24,7,24,31
CONCEPCION,consulta externa,nuevas en personas de 15 a 59 anos,2005-12-01,66,113,66,113,179
COPACABANA,consulta externa,nuevas en personas de 15 a 59 anos,2005-12-01,81,177,81,177,258
CORIPATA,consulta externa,nuevas en personas de 15 a 59 anos,2005-12-01,113,188,113,188,301
CORO CORO,consulta externa,nuevas en personas de 15 a 59 anos,2005-12-01,45,118,45,118,163
COROICO,consulta externa,nuevas en personas de 15 a 59 anos,2005-12-01,152,213,152,213,365
CORQUE,consulta externa,nuevas en personas de 15 a 59 anos,2005-12-01,106,87,106,87,193
COTAGAITA,consulta externa,nuevas en personas de 15 a 59 anos,2005-12-01,817,1246,817,1246,2063
COTOCA,consulta externa,nuevas en personas de 15 a 59 anos,2005-12-01,105,385,105,385,490
CUATRO CAÑADAS,consulta externa,nuevas en personas de 15 a 59 anos,2005-12-01,197,409,197,409,606
CUCHUMUELA (V. G. VILLARROEL),consulta externa,nuevas en personas de 15 a 59 anos,2005-12-01,9,11,9,11,20
CUEVO,consulta externa,nuevas en personas de 15 a 59 anos,2005-12-01,80,97,80,97,177
CULPINA,consulta externa,nuevas en personas de 15 a 59 anos,2005-12-01,171,332,171,332,503
CURAHUARA DE CARANGAS,consulta externa,nuevas en personas de 15 a 59 anos,2005-12-01,114,201,114,201,315
CURVA,consulta externa,nuevas en personas de 15 a 59 anos,2005-12-01,33,52,33,52,85
DESAGUADERO,consulta externa,nuevas en personas de 15 a 59 anos,2005-12-01,41,82,41,82,123
EL ALTO,consulta externa,nuevas en personas de 15 a 59 anos,2005-12-01,7330,11526,7330,11526,18856
EL CHORO,consulta externa,nuevas en personas de 15 a 59 anos,2005-12-01,49,75,49,75,124
EL PUENTE(STC),consulta externa,nuevas en personas de 15 a 59 anos,2005-12-01,92,149,92,149,241
EL PUENTE(TJA),consulta externa,nuevas en personas de 15 a 59 anos,2005-12-01,114,232,114,232,346
EL TORNO,consulta externa,nuevas en personas de 15 a 59 anos,2005-12-01,571,839,571,839,1410
EL VILLAR,consulta externa,nuevas en personas de 15 a 59 anos,2005-12-01,64,183,64,183,247
ENTRE RIOS,consulta externa,nuevas en personas de 15 a 59 anos,2005-12-01,299,444,299,444,743
ENTRE RIOS,consulta externa,nuevas en personas de 15 a 59 anos,2005-12-01,189,273,189,273,462
ESCARA,consulta externa,nuevas en personas de 15 a 59 anos,2005-12-01,1,2,1,2,3
EUCALIPTUS,consulta externa,nuevas en personas de 15 a 59 anos,2005-12-01,29,56,29,56,85
EUREKA (SANTOS MERCADO),consulta externa,nuevas en personas de 15 a 59 anos,2005-12-01,20,19,20,19,39
EXALTACION,consulta externa,nuevas en personas de 15 a 59 anos,2005-12-01,8,23,8,23,31
FERNANDEZ ALONSO,consulta externa,nuevas en personas de 15 a 59 anos,2005-12-01,138,289,138,289,427
FILADELFIA,consulta externa,nuevas en personas de 15 a 59 anos,2005-12-01,38,82,38,82,120
GENERAL SAAVEDRA,consulta externa,nuevas en personas de 15 a 59 anos,2005-12-01,165,315,165,315,480
GRAL. J.J. PEREZ (CHARAZANI),consulta externa,nuevas en personas de 15 a 59 anos,2005-12-01,50,112,50,112,162
GUANAY,consulta externa,nuevas en personas de 15 a 59 anos,2005-12-01,127,298,127,298,425
GUAQUI,consulta externa,nuevas en personas de 15 a 59 anos,2005-12-01,37,60,37,60,97
GUAYARAMERIN,consulta externa,nuevas en personas de 15 a 59 anos,2005-12-01,1117,1624,1117,1624,2741
GUTIERREZ,consulta externa,nuevas en personas de 15 a 59 anos,2005-12-01,207,344,207,344,551
HUACARETA,consulta externa,nuevas en personas de 15 a 59 anos,2005-12-01,192,326,192,326,518
HUACAYA (VILLA DE HUACAYA),consulta externa,nuevas en personas de 15 a 59 anos,2005-12-01,33,50,33,50,83
HUACHACALLA,consulta externa,nuevas en personas de 15 a 59 anos,2005-12-01,8,15,8,15,23
HUANUNI,consulta externa,nuevas en personas de 15 a 59 anos,2005-12-01,458,673,458,673,1131
HUARACAJE,consulta externa,nuevas en personas de 15 a 59 anos,2005-12-01,20,38,20,38,58
HUAYLLAMARCA,consulta externa,nuevas en personas de 15 a 59 anos,2005-12-01,23,75,23,75,98
ICHOCA,consulta externa,nuevas en personas de 15 a 59 anos,2005-12-01,43,93,43,93,136
ICLA,consulta externa,nuevas en personas de 15 a 59 anos,2005-12-01,106,310,106,310,416
INCAHUASI,consulta externa,nuevas en personas de 15 a 59 anos,2005-12-01,172,652,172,652,824
INGAVI (HUMAITA),consulta externa,nuevas en personas de 15 a 59 anos,2005-12-01,23,30,23,30,53
INQUISIVI,consulta externa,nuevas en personas de 15 a 59 anos,2005-12-01,119,180,119,180,299
IRUPANA (VILLA DE LANZA),consulta externa,nuevas en personas de 15 a 59 anos,2005-12-01,196,323,196,323,519
IXIAMAS,consulta externa,nuevas en personas de 15 a 59 anos,2005-12-01,95,151,95,151,246
JESUS DE MACHACA,consulta externa,nuevas en personas de 15 a 59 anos,2005-12-01,128,260,128,260,388
LA ASUNTA,consulta externa,nuevas en personas de 15 a 59 anos,2005-12-01,179,208,179,208,387
LA GUARDIA,consulta externa,nuevas en personas de 15 a 59 anos,2005-12-01,193,534,193,534,727
LA PAZ,consulta externa,nuevas en personas de 15 a 59 anos,2005-12-01,16961,34119,16961,34119,51080
LA RIVERA,consulta externa,nuevas en personas de 15 a 59 anos,2005-12-01,6,8,6,8,14
LAGUNILLAS,consulta externa,nuevas en personas de 15 a 59 anos,2005-12-01,106,138,106,138,244
LAJA,consulta externa,nuevas en personas de 15 a 59 anos,2005-12-01,65,118,65,118,183
LAS CARRERAS,consulta externa,nuevas en personas de 15 a 59 anos,2005-12-01,64,164,64,164,228
LICOMA PAMPA,consulta externa,nuevas en personas de 15 a 59 anos,2005-12-01,30,34,30,34,64
LLALLAGUA,consulta externa,nuevas en personas de 15 a 59 anos,2005-12-01,395,793,395,793,1188
LLICA,consulta externa,nuevas en personas de 15 a 59 anos,2005-12-01,97,131,97,131,228
LORETO,consulta externa,nuevas en personas de 15 a 59 anos,2005-12-01,50,80,50,80,130
LURIBAY,consulta externa,nuevas en personas de 15 a 59 anos,2005-12-01,75,137,75,137,212
MACHACAMARCA,consulta externa,nuevas en personas de 15 a 59 anos,2005-12-01,47,69,47,69,116
MACHARETI,consulta externa,nuevas en personas de 15 a 59 anos,2005-12-01,144,342,144,342,486
MAGDALENA,consulta externa,nuevas en personas de 15 a 59 anos,2005-12-01,72,122,72,122,194
MAIRANA,consulta externa,nuevas en personas de 15 a 59 anos,2005-12-01,78,247,78,247,325
MALLA,consulta externa,nuevas en personas de 15 a 59 anos,2005-12-01,27,61,27,61,88
MAPIRI,consulta externa,nuevas en personas de 15 a 59 anos,2005-12-01,132,231,132,231,363
MECAPACA,consulta externa,nuevas en personas de 15 a 59 anos,2005-12-01,132,188,132,188,320
MINEROS,consulta externa,nuevas en personas de 15 a 59 anos,2005-12-01,118,354,118,354,472
MIZQUE,consulta externa,nuevas en personas de 15 a 59 anos,2005-12-01,71,107,71,107,178
MOCOMOCO,consulta externa,nuevas en personas de 15 a 59 anos,2005-12-01,127,176,127,176,303
MOJINETE,consulta externa,nuevas en personas de 15 a 59 anos,2005-12-01,13,25,13,25,38
MOJOCOYA,consulta externa,nuevas en personas de 15 a 59 anos,2005-12-01,72,171,72,171,243
MONTEAGUDO,consulta externa,nuevas en personas de 15 a 59 anos,2005-12-01,695,1188,695,1188,1883
MONTERO,consulta externa,nuevas en personas de 15 a 59 anos,2005-12-01,1086,2453,1086,2453,3539
MORO MORO,consulta externa,nuevas en personas de 15 a 59 anos,2005-12-01,33,40,33,40,73
MOROCHATA,consulta externa,nuevas en personas de 15 a 59 anos,2005-12-01,60,119,60,119,179
NACEBE (SANTA ROSA DEL ABUNA),consulta externa,nuevas en personas de 15 a 59 anos,2005-12-01,102,88,102,88,190
NAZACARA DE PACAJES,consulta externa,nuevas en personas de 15 a 59 anos,2005-12-01,2,5,2,5,7
NUEVO MANOA (NUEVA ESPERANZA),consulta externa,nuevas en personas de 15 a 59 anos,2005-12-01,125,91,125,91,216
OCURI,consulta externa,nuevas en personas de 15 a 59 anos,2005-12-01,176,400,176,400,576
OKINAWA,consulta externa,nuevas en personas de 15 a 59 anos,2005-12-01,222,374,222,374,596
OMEREQUE,consulta externa,nuevas en personas de 15 a 59 anos,2005-12-01,66,129,66,129,195
ORURO,consulta externa,nuevas en personas de 15 a 59 anos,2005-12-01,6851,10209,6851,10209,17060
PADCAYA,consulta externa,nuevas en personas de 15 a 59 anos,2005-12-01,202,407,202,407,609
PADILLA,consulta externa,nuevas en personas de 15 a 59 anos,2005-12-01,290,636,290,636,926
PAILON,consulta externa,nuevas en personas de 15 a 59 anos,2005-12-01,98,153,98,153,251
PALCA,consulta externa,nuevas en personas de 15 a 59 anos,2005-12-01,97,169,97,169,266
PALOS BLANCOS,consulta externa,nuevas en personas de 15 a 59 anos,2005-12-01,257,380,257,380,637
PAMPA AULLAGAS,consulta externa,nuevas en personas de 15 a 59 anos,2005-12-01,18,47,18,47,65
PAMPA GRANDE,consulta externa,nuevas en personas de 15 a 59 anos,2005-12-01,106,209,106,209,315
PAPEL PAMPA,consulta externa,nuevas en personas de 15 a 59 anos,2005-12-01,31,68,31,68,99
PASORAPA,consulta externa,nuevas en personas de 15 a 59 anos,2005-12-01,25,63,25,63,88
PATACAMAYA,consulta externa,nuevas en personas de 15 a 59 anos,2005-12-01,110,154,110,154,264
PAZÑA,consulta externa,nuevas en personas de 15 a 59 anos,2005-12-01,109,152,109,152,261
PELECHUCO,consulta externa,nuevas en personas de 15 a 59 anos,2005-12-01,89,101,89,101,190
POCOATA,consulta externa,nuevas en personas de 15 a 59 anos,2005-12-01,210,334,210,334,544
POCONA,consulta externa,nuevas en personas de 15 a 59 anos,2005-12-01,95,173,95,173,268
POJO (CBBA),consulta externa,nuevas en personas de 15 a 59 anos,2005-12-01,38,63,38,63,101
POOPO,consulta externa,nuevas en personas de 15 a 59 anos,2005-12-01,67,69,67,69,136
PORCO,consulta externa,nuevas en personas de 15 a 59 anos,2005-12-01,84,152,84,152,236
POROMA,consulta externa,nuevas en personas de 15 a 59 anos,2005-12-01,189,420,189,420,609
PORONGO,consulta externa,nuevas en personas de 15 a 59 anos,2005-12-01,83,119,83,119,202
PORTACHUELO,consulta externa,nuevas en personas de 15 a 59 anos,2005-12-01,301,804,301,804,1105
PORVENIR,consulta externa,nuevas en personas de 15 a 59 anos,2005-12-01,103,85,103,85,188
POSTRER VALLE,consulta externa,nuevas en personas de 15 a 59 anos,2005-12-01,20,47,20,47,67
POTOSI,consulta externa,nuevas en personas de 15 a 59 anos,2005-12-01,4841,8266,4841,8266,13107
PRESTO,consulta externa,nuevas en personas de 15 a 59 anos,2005-12-01,58,188,58,188,246
PUCARA,consulta externa,nuevas en personas de 15 a 59 anos,2005-12-01,48,82,48,82,130
PUCARANI,consulta externa,nuevas en personas de 15 a 59 anos,2005-12-01,98,239,98,239,337
PUERTO ACOSTA,consulta externa,nuevas en personas de 15 a 59 anos,2005-12-01,191,247,191,247,438
PUERTO CARABUCO,consulta externa,nuevas en personas de 15 a 59 anos,2005-12-01,96,112,96,112,208
PUERTO GONZALO MORENO,consulta externa,nuevas en personas de 15 a 59 anos,2005-12-01,56,101,56,101,157
PUERTO PEREZ,consulta externa,nuevas en personas de 15 a 59 anos,2005-12-01,58,86,58,86,144
PUERTO QUIJARRO,consulta externa,nuevas en personas de 15 a 59 anos,2005-12-01,410,330,410,330,740
PUERTO RICO,consulta externa,nuevas en personas de 15 a 59 anos,2005-12-01,83,132,83,132,215
PUERTO SUAREZ,consulta externa,nuevas en personas de 15 a 59 anos,2005-12-01,208,558,208,558,766
PUERTO VILLARROEL,consulta externa,nuevas en personas de 15 a 59 anos,2005-12-01,252,379,252,379,631
PUNA,consulta externa,nuevas en personas de 15 a 59 anos,2005-12-01,344,795,344,795,1139
PUNATA,consulta externa,nuevas en personas de 15 a 59 anos,2005-12-01,185,533,185,533,718
QUIABAYA,consulta externa,nuevas en personas de 15 a 59 anos,2005-12-01,8,13,8,13,21
QUILLACOLLO,consulta externa,nuevas en personas de 15 a 59 anos,2005-12-01,158,677,158,677,835
QUIME,consulta externa,nuevas en personas de 15 a 59 anos,2005-12-01,85,83,85,83,168
QUIRUSILLAS,consulta externa,nuevas en personas de 15 a 59 anos,2005-12-01,17,46,17,46,63
RAVELO,consulta externa,nuevas en personas de 15 a 59 anos,2005-12-01,117,295,117,295,412
REYES,consulta externa,nuevas en personas de 15 a 59 anos,2005-12-01,50,124,50,124,174
RIBERALTA,consulta externa,nuevas en personas de 15 a 59 anos,2005-12-01,914,1502,914,1502,2416
ROBORE,consulta externa,nuevas en personas de 15 a 59 anos,2005-12-01,111,337,111,337,448
RURRENABAQUE,consulta externa,nuevas en personas de 15 a 59 anos,2005-12-01,147,309,147,309,456
SABAYA,consulta externa,nuevas en personas de 15 a 59 anos,2005-12-01,99,118,99,118,217
SACABA,consulta externa,nuevas en personas de 15 a 59 anos,2005-12-01,473,1135,473,1135,1608
SACABAMBA,consulta externa,nuevas en personas de 15 a 59 anos,2005-12-01,36,53,36,53,89
SACACA,consulta externa,nuevas en personas de 15 a 59 anos,2005-12-01,162,467,162,467,629
SAIPINA,consulta externa,nuevas en personas de 15 a 59 anos,2005-12-01,94,198,94,198,292
SALINAS DE GARCI MENDOZA,consulta externa,nuevas en personas de 15 a 59 anos,2005-12-01,119,201,119,201,320
SAMAIPATA,consulta externa,nuevas en personas de 15 a 59 anos,2005-12-01,132,194,132,194,326
SAN AGUSTIN,consulta externa,nuevas en personas de 15 a 59 anos,2005-12-01,42,72,42,72,114
SAN ANDRES,consulta externa,nuevas en personas de 15 a 59 anos,2005-12-01,45,123,45,123,168
SAN ANDRES DE MACHACA,consulta externa,nuevas en personas de 15 a 59 anos,2005-12-01,49,81,49,81,130
SAN ANTONIO DE ESMORUCO,consulta externa,nuevas en personas de 15 a 59 anos,2005-12-01,23,35,23,35,58
SAN ANTONIO DE LOMERIO,consulta externa,nuevas en personas de 15 a 59 anos,2005-12-01,43,65,43,65,108
SAN BENITO,consulta externa,nuevas en personas de 15 a 59 anos,2005-12-01,56,149,56,149,205
SAN BORJA,consulta externa,nuevas en personas de 15 a 59 anos,2005-12-01,156,466,156,466,622
SAN BUENA VENTURA,consulta externa,nuevas en personas de 15 a 59 anos,2005-12-01,64,104,64,104,168
SAN CARLOS,consulta externa,nuevas en personas de 15 a 59 anos,2005-12-01,185,322,185,322,507
SAN IGNACIO,consulta externa,nuevas en personas de 15 a 59 anos,2005-12-01,148,336,148,336,484
SAN IGNACIO DE VELASCO,consulta externa,nuevas en personas de 15 a 59 anos,2005-12-01,612,1327,612,1327,1939
SAN JAVIER(BNI),consulta externa,nuevas en personas de 15 a 59 anos,2005-12-01,12,31,12,31,43
SAN JAVIER(STC),consulta externa,nuevas en personas de 15 a 59 anos,2005-12-01,199,94,199,94,293
SAN JOAQUIN,consulta externa,nuevas en personas de 15 a 59 anos,2005-12-01,29,67,29,67,96
SAN JOSE DE CHIQUITOS,consulta externa,nuevas en personas de 15 a 59 anos,2005-12-01,157,316,157,316,473
SAN JUAN DE YAPACANI,consulta externa,nuevas en personas de 15 a 59 anos,2005-12-01,223,440,223,440,663
SAN JULIAN,consulta externa,nuevas en personas de 15 a 59 anos,2005-12-01,581,967,581,967,1548
SAN LORENZO(PND),consulta externa,nuevas en personas de 15 a 59 anos,2005-12-01,49,185,49,185,234
SAN LORENZO(TJA),consulta externa,nuevas en personas de 15 a 59 anos,2005-12-01,130,450,130,450,580
SAN LUCAS,consulta externa,nuevas en personas de 15 a 59 anos,2005-12-01,346,983,346,983,1329
SAN MATIAS,consulta externa,nuevas en personas de 15 a 59 anos,2005-12-01,69,110,69,110,179
SAN MIGUEL DE VELASCO,consulta externa,nuevas en personas de 15 a 59 anos,2005-12-01,99,199,99,199,298
SAN PABLO DE LIPEZ,consulta externa,nuevas en personas de 15 a 59 anos,2005-12-01,84,149,84,149,233
SAN PEDRO,consulta externa,nuevas en personas de 15 a 59 anos,2005-12-01,352,555,352,555,907
SAN PEDRO DE BUENA VISTA,consulta externa,nuevas en personas de 15 a 59 anos,2005-12-01,167,274,167,274,441
SAN PEDRO DE CURAHUARA,consulta externa,nuevas en personas de 15 a 59 anos,2005-12-01,31,54,31,54,85
SAN PEDRO DE QUEMES,consulta externa,nuevas en personas de 15 a 59 anos,2005-12-01,5,14,5,14,19
SAN PEDRO DE TIQUINA,consulta externa,nuevas en personas de 15 a 59 anos,2005-12-01,30,39,30,39,69
SAN PEDRO(PND),consulta externa,nuevas en personas de 15 a 59 anos,2005-12-01,26,48,26,48,74
SAN RAFAEL,consulta externa,nuevas en personas de 15 a 59 anos,2005-12-01,67,100,67,100,167
SAN RAMON,consulta externa,nuevas en personas de 15 a 59 anos,2005-12-01,44,130,44,130,174
SAN RAMON,consulta externa,nuevas en personas de 15 a 59 anos,2005-12-01,112,210,112,210,322
SANTA ANA,consulta externa,nuevas en personas de 15 a 59 anos,2005-12-01,77,288,77,288,365
SANTA CRUZ DE LA SIERRA,consulta externa,nuevas en personas de 15 a 59 anos,2005-12-01,20685,37250,20685,37250,57935
SANTA ROSA,consulta externa,nuevas en personas de 15 a 59 anos,2005-12-01,69,154,69,154,223
SANTA ROSA DEL SARA,consulta externa,nuevas en personas de 15 a 59 anos,2005-12-01,210,423,210,423,633
SANTIAGO DE CALLAPA,consulta externa,nuevas en personas de 15 a 59 anos,2005-12-01,14,33,14,33,47
SANTIAGO DE HUARI,consulta externa,nuevas en personas de 15 a 59 anos,2005-12-01,99,146,99,146,245
SANTIAGO DE MACHACA,consulta externa,nuevas en personas de 15 a 59 anos,2005-12-01,19,31,19,31,50
SANTIVAÑES,consulta externa,nuevas en personas de 15 a 59 anos,2005-12-01,63,92,63,92,155
SANTUARIO DE QUILLACAS,consulta externa,nuevas en personas de 15 a 59 anos,2005-12-01,4,31,4,31,35
SAPAHAQUI,consulta externa,nuevas en personas de 15 a 59 anos,2005-12-01,85,111,85,111,196
SENA,consulta externa,nuevas en personas de 15 a 59 anos,2005-12-01,65,78,65,78,143
SICA SICA (VILLA AROMA),consulta externa,nuevas en personas de 15 a 59 anos,2005-12-01,71,116,71,116,187
SICAYA,consulta externa,nuevas en personas de 15 a 59 anos,2005-12-01,15,23,15,23,38
SIPE SIPE,consulta externa,nuevas en personas de 15 a 59 anos,2005-12-01,114,252,114,252,366
SOPACHUY,consulta externa,nuevas en personas de 15 a 59 anos,2005-12-01,73,177,73,177,250
SORACACHI,consulta externa,nuevas en personas de 15 a 59 anos,2005-12-01,30,55,30,55,85
SORATA,consulta externa,nuevas en personas de 15 a 59 anos,2005-12-01,187,213,187,213,400
SUCRE,consulta externa,nuevas en personas de 15 a 59 anos,2005-12-01,6828,13068,6828,13068,19896
TACACHI,consulta externa,nuevas en personas de 15 a 59 anos,2005-12-01,11,41,11,41,52
TACACOMA,consulta externa,nuevas en personas de 15 a 59 anos,2005-12-01,48,86,48,86,134
TACOBAMBA,consulta externa,nuevas en personas de 15 a 59 anos,2005-12-01,51,114,51,114,165
TACOPAYA,consulta externa,nuevas en personas de 15 a 59 anos,2005-12-01,94,215,94,215,309
TAHUA,consulta externa,nuevas en personas de 15 a 59 anos,2005-12-01,8,28,8,28,36
TAPACARI,consulta externa,nuevas en personas de 15 a 59 anos,2005-12-01,106,256,106,256,362
TARABUCO,consulta externa,nuevas en personas de 15 a 59 anos,2005-12-01,166,380,166,380,546
TARACO,consulta externa,nuevas en personas de 15 a 59 anos,2005-12-01,17,46,17,46,63
TARATA,consulta externa,nuevas en personas de 15 a 59 anos,2005-12-01,30,40,30,40,70
TARIJA,consulta externa,nuevas en personas de 15 a 59 anos,2005-12-01,4037,8792,4037,8792,12829
TARVITA,consulta externa,nuevas en personas de 15 a 59 anos,2005-12-01,165,418,165,418,583
TEOPONTE,consulta externa,nuevas en personas de 15 a 59 anos,2005-12-01,70,87,70,87,157
TIAWANACU,consulta externa,nuevas en personas de 15 a 59 anos,2005-12-01,66,161,66,161,227
TINGUIPAYA,consulta externa,nuevas en personas de 15 a 59 anos,2005-12-01,192,441,192,441,633
TIPUANI,consulta externa,nuevas en personas de 15 a 59 anos,2005-12-01,41,122,41,122,163
TIQUIPAYA,consulta externa,nuevas en personas de 15 a 59 anos,2005-12-01,62,249,62,249,311
TIRAQUE (CBBA),consulta externa,nuevas en personas de 15 a 59 anos,2005-12-01,440,790,440,790,1230
TITO YUPANQUI (PARQUIPUJIO),consulta externa,nuevas en personas de 15 a 59 anos,2005-12-01,11,47,11,47,58
TOCO,consulta externa,nuevas en personas de 15 a 59 anos,2005-12-01,18,31,18,31,49
TODOS SANTOS,consulta externa,nuevas en personas de 15 a 59 anos,2005-12-01,5,4,5,4,9
TOLATA,consulta externa,nuevas en personas de 15 a 59 anos,2005-12-01,15,59,15,59,74
TOLEDO,consulta externa,nuevas en personas de 15 a 59 anos,2005-12-01,94,145,94,145,239
TOMAVE,consulta externa,nuevas en personas de 15 a 59 anos,2005-12-01,170,242,170,242,412
TOMINA,consulta externa,nuevas en personas de 15 a 59 anos,2005-12-01,118,254,118,254,372
TORO TORO,consulta externa,nuevas en personas de 15 a 59 anos,2005-12-01,101,235,101,235,336
TOTORA(CBBA),consulta externa,nuevas en personas de 15 a 59 anos,2005-12-01,72,73,72,73,145
TOTORA(ORR),consulta externa,nuevas en personas de 15 a 59 anos,2005-12-01,34,65,34,65,99
TRIGAL,consulta externa,nuevas en personas de 15 a 59 anos,2005-12-01,26,33,26,33,59
TRINIDAD,consulta externa,nuevas en personas de 15 a 59 anos,2005-12-01,974,2056,974,2056,3030
TUPIZA,consulta externa,nuevas en personas de 15 a 59 anos,2005-12-01,1341,2516,1341,2516,3857
TURCO,consulta externa,nuevas en personas de 15 a 59 anos,2005-12-01,34,52,34,52,86
UMALA,consulta externa,nuevas en personas de 15 a 59 anos,2005-12-01,5,21,5,21,26
UNCIA,consulta externa,nuevas en personas de 15 a 59 anos,2005-12-01,375,815,375,815,1190
URIONDO (A. CONCEPCION),consulta externa,nuevas en personas de 15 a 59 anos,2005-12-01,103,344,103,344,447
URUBICHA,consulta externa,nuevas en personas de 15 a 59 anos,2005-12-01,47,86,47,86,133
UYUNI,consulta externa,nuevas en personas de 15 a 59 anos,2005-12-01,350,625,350,625,975
VACAS,consulta externa,nuevas en personas de 15 a 59 anos,2005-12-01,90,212,90,212,302
VALLEGRANDE,consulta externa,nuevas en personas de 15 a 59 anos,2005-12-01,233,567,233,567,800
VIACHA,consulta externa,nuevas en personas de 15 a 59 anos,2005-12-01,444,782,444,782,1226
VILA VILA,consulta externa,nuevas en personas de 15 a 59 anos,2005-12-01,27,44,27,44,71
VILLA MONTES,consulta externa,nuevas en personas de 15 a 59 anos,2005-12-01,355,550,355,550,905
VILLA NUEVA (LOMA ALTA),consulta externa,nuevas en personas de 15 a 59 anos,2005-12-01,28,20,28,20,48
VILLA RIVERO,consulta externa,nuevas en personas de 15 a 59 anos,2005-12-01,33,60,33,60,93
VILLA SERRANO,consulta externa,nuevas en personas de 15 a 59 anos,2005-12-01,134,264,134,264,398
VILLA TUNARI,consulta externa,nuevas en personas de 15 a 59 anos,2005-12-01,739,1137,739,1137,1876
VILLA VACA GUZMAN (MUYUPAMPA),consulta externa,nuevas en personas de 15 a 59 anos,2005-12-01,226,385,226,385,611
VILLAZON,consulta externa,nuevas en personas de 15 a 59 anos,2005-12-01,507,1375,507,1375,1882
VINTO,consulta externa,nuevas en personas de 15 a 59 anos,2005-12-01,120,215,120,215,335
VITICHI,consulta externa,nuevas en personas de 15 a 59 anos,2005-12-01,138,265,138,265,403
WALDO BALLIVIAN,consulta externa,nuevas en personas de 15 a 59 anos,2005-12-01,7,12,7,12,19
WARNES,consulta externa,nuevas en personas de 15 a 59 anos,2005-12-01,442,756,442,756,1198
YACO,consulta externa,nuevas en personas de 15 a 59 anos,2005-12-01,49,63,49,63,112
YACUIBA,consulta externa,nuevas en personas de 15 a 59 anos,2005-12-01,1177,2529,1177,2529,3706
YAMPARAEZ,consulta externa,nuevas en personas de 15 a 59 anos,2005-12-01,90,171,90,171,261
YANACACHI,consulta externa,nuevas en personas de 15 a 59 anos,2005-12-01,97,83,97,83,180
YAPACANI,consulta externa,nuevas en personas de 15 a 59 anos,2005-12-01,384,898,384,898,1282
YOCALLA,consulta externa,nuevas en personas de 15 a 59 anos,2005-12-01,63,126,63,126,189
YOTALA,consulta externa,nuevas en personas de 15 a 59 anos,2005-12-01,85,118,85,118,203
YUNCHARA,consulta externa,nuevas en personas de 15 a 59 anos,2005-12-01,195,387,195,387,582
ZUDAÑEZ,consulta externa,nuevas en personas de 15 a 59 anos,2005-12-01,90,215,90,215,305
