municipality,group,variable,month,Repetidas en personas de 60 años o más -Hombre,Repetidas en personas de 60 años o más -Mujer,TOTAL-H,TOTAL-M,TOTAL
ACACIO,consulta externa,repetidas en personas de 60 anos o mas,2005-01-01,0,3,0,3,3
ACHACACHI,consulta externa,repetidas en personas de 60 anos o mas,2005-01-01,21,19,21,19,40
ACHOCALLA,consulta externa,repetidas en personas de 60 anos o mas,2005-01-01,3,2,3,2,5
AIQUILE,consulta externa,repetidas en personas de 60 anos o mas,2005-01-01,38,38,38,38,76
ANCORAIMES,consulta externa,repetidas en personas de 60 anos o mas,2005-01-01,1,1,1,1,2
ANDAMARCA,consulta externa,repetidas en personas de 60 anos o mas,2005-01-01,0,1,0,1,1
ANZALDO,consulta externa,repetidas en personas de 60 anos o mas,2005-01-01,0,1,0,1,1
APOLO,consulta externa,repetidas en personas de 60 anos o mas,2005-01-01,0,1,0,1,1
ARAMPAMPA,consulta externa,repetidas en personas de 60 anos o mas,2005-01-01,0,1,0,1,1
ARANI,consulta externa,repetidas en personas de 60 anos o mas,2005-01-01,0,1,0,1,1
ARBIETO,consulta externa,repetidas en personas de 60 anos o mas,2005-01-01,3,6,3,6,9
ARQUE,consulta externa,repetidas en personas de 60 anos o mas,2005-01-01,0,1,0,1,1
ATOCHA,consulta externa,repetidas en personas de 60 anos o mas,2005-01-01,27,32,27,32,59
AUCAPATA,consulta externa,repetidas en personas de 60 anos o mas,2005-01-01,1,2,1,2,3
AYATA,consulta externa,repetidas en personas de 60 anos o mas,2005-01-01,1,4,1,4,5
AYOPAYA (V. DE INDEPENDENCIA),consulta externa,repetidas en personas de 60 anos o mas,2005-01-01,4,3,4,3,7
AZURDUY,consulta externa,repetidas en personas de 60 anos o mas,2005-01-01,2,4,2,4,6
BATALLAS,consulta externa,repetidas en personas de 60 anos o mas,2005-01-01,1,1,1,1,2
BAURES,consulta externa,repetidas en personas de 60 anos o mas,2005-01-01,3,4,3,4,7
BELEN DE URMIRI,consulta externa,repetidas en personas de 60 anos o mas,2005-01-01,3,7,3,7,10
BELLA FLOR,consulta externa,repetidas en personas de 60 anos o mas,2005-01-01,8,0,8,0,8
BERMEJO,consulta externa,repetidas en personas de 60 anos o mas,2005-01-01,49,89,49,89,138
BETANZOS,consulta externa,repetidas en personas de 60 anos o mas,2005-01-01,28,33,28,33,61
BOLIVAR,consulta externa,repetidas en personas de 60 anos o mas,2005-01-01,3,2,3,2,5
BOYUIBE,consulta externa,repetidas en personas de 60 anos o mas,2005-01-01,0,4,0,4,4
BUENA VISTA,consulta externa,repetidas en personas de 60 anos o mas,2005-01-01,32,24,32,24,56
"CAIZA ""D""",consulta externa,repetidas en personas de 60 anos o mas,2005-01-01,0,5,0,5,5
CAJUATA,consulta externa,repetidas en personas de 60 anos o mas,2005-01-01,1,3,1,3,4
CALACOTO,consulta externa,repetidas en personas de 60 anos o mas,2005-01-01,1,3,1,3,4
CALAMARCA,consulta externa,repetidas en personas de 60 anos o mas,2005-01-01,1,1,1,1,2
CAMARGO,consulta externa,repetidas en personas de 60 anos o mas,2005-01-01,9,20,9,20,29
CAMATAQUI (C. VILLA ABECIA),consulta externa,repetidas en personas de 60 anos o mas,2005-01-01,2,0,2,0,2
CAMIRI,consulta externa,repetidas en personas de 60 anos o mas,2005-01-01,42,140,42,140,182
CAPINOTA,consulta externa,repetidas en personas de 60 anos o mas,2005-01-01,4,8,4,8,12
CAQUIAVIRI,consulta externa,repetidas en personas de 60 anos o mas,2005-01-01,0,2,0,2,2
CARACOLLO,consulta externa,repetidas en personas de 60 anos o mas,2005-01-01,26,29,26,29,55
CARANAVI,consulta externa,repetidas en personas de 60 anos o mas,2005-01-01,9,9,9,9,18
CARAPARI,consulta externa,repetidas en personas de 60 anos o mas,2005-01-01,4,2,4,2,6
CHALLAPATA,consulta externa,repetidas en personas de 60 anos o mas,2005-01-01,3,2,3,2,5
CHAQUI,consulta externa,repetidas en personas de 60 anos o mas,2005-01-01,4,0,4,0,4
CHARAGUA,consulta externa,repetidas en personas de 60 anos o mas,2005-01-01,1,1,1,1,2
CHARAÑA,consulta externa,repetidas en personas de 60 anos o mas,2005-01-01,1,1,1,1,2
CHAYANTA,consulta externa,repetidas en personas de 60 anos o mas,2005-01-01,2,18,2,18,20
CHIMORE,consulta externa,repetidas en personas de 60 anos o mas,2005-01-01,6,5,6,5,11
CHULUMANI (V. DE LA LIBERTAD),consulta externa,repetidas en personas de 60 anos o mas,2005-01-01,42,26,42,26,68
CHUMA,consulta externa,repetidas en personas de 60 anos o mas,2005-01-01,4,3,4,3,7
CLIZA,consulta externa,repetidas en personas de 60 anos o mas,2005-01-01,1,1,1,1,2
COBIJA,consulta externa,repetidas en personas de 60 anos o mas,2005-01-01,54,131,54,131,185
COCHABAMBA,consulta externa,repetidas en personas de 60 anos o mas,2005-01-01,3903,4936,3903,4936,8839
COLCAPIRHUA,consulta externa,repetidas en personas de 60 anos o mas,2005-01-01,55,52,55,52,107
"COLCHA ""K""",consulta externa,repetidas en personas de 60 anos o mas,2005-01-01,4,8,4,8,12
COLLANA,consulta externa,repetidas en personas de 60 anos o mas,2005-01-01,2,1,2,1,3
COLOMI,consulta externa,repetidas en personas de 60 anos o mas,2005-01-01,4,5,4,5,9
COLPA BELGICA,consulta externa,repetidas en personas de 60 anos o mas,2005-01-01,47,9,47,9,56
COLQUECHACA,consulta externa,repetidas en personas de 60 anos o mas,2005-01-01,10,2,10,2,12
COLQUENCHA,consulta externa,repetidas en personas de 60 anos o mas,2005-01-01,2,0,2,0,2
COLQUIRI,consulta externa,repetidas en personas de 60 anos o mas,2005-01-01,8,7,8,7,15
COMANCHE,consulta externa,repetidas en personas de 60 anos o mas,2005-01-01,1,1,1,1,2
COMARAPA,consulta externa,repetidas en personas de 60 anos o mas,2005-01-01,18,24,18,24,42
COMBAYA,consulta externa,repetidas en personas de 60 anos o mas,2005-01-01,4,4,4,4,8
CONCEPCION,consulta externa,repetidas en personas de 60 anos o mas,2005-01-01,3,1,3,1,4
COPACABANA,consulta externa,repetidas en personas de 60 anos o mas,2005-01-01,4,3,4,3,7
CORIPATA,consulta externa,repetidas en personas de 60 anos o mas,2005-01-01,2,1,2,1,3
CORO CORO,consulta externa,repetidas en personas de 60 anos o mas,2005-01-01,1,0,1,0,1
COROICO,consulta externa,repetidas en personas de 60 anos o mas,2005-01-01,33,14,33,14,47
CORQUE,consulta externa,repetidas en personas de 60 anos o mas,2005-01-01,6,5,6,5,11
COTAGAITA,consulta externa,repetidas en personas de 60 anos o mas,2005-01-01,31,24,31,24,55
COTOCA,consulta externa,repetidas en personas de 60 anos o mas,2005-01-01,14,10,14,10,24
CUATRO CAÑADAS,consulta externa,repetidas en personas de 60 anos o mas,2005-01-01,0,1,0,1,1
CUEVO,consulta externa,repetidas en personas de 60 anos o mas,2005-01-01,1,1,1,1,2
CULPINA,consulta externa,repetidas en personas de 60 anos o mas,2005-01-01,1,1,1,1,2
CURAHUARA DE CARANGAS,consulta externa,repetidas en personas de 60 anos o mas,2005-01-01,0,2,0,2,2
CURVA,consulta externa,repetidas en personas de 60 anos o mas,2005-01-01,1,0,1,0,1
DESAGUADERO,consulta externa,repetidas en personas de 60 anos o mas,2005-01-01,0,1,0,1,1
EL ALTO,consulta externa,repetidas en personas de 60 anos o mas,2005-01-01,404,466,404,466,870
EL CHORO,consulta externa,repetidas en personas de 60 anos o mas,2005-01-01,0,2,0,2,2
EL PUENTE(STC),consulta externa,repetidas en personas de 60 anos o mas,2005-01-01,0,1,0,1,1
EL PUENTE(TJA),consulta externa,repetidas en personas de 60 anos o mas,2005-01-01,1,3,1,3,4
EL TORNO,consulta externa,repetidas en personas de 60 anos o mas,2005-01-01,44,54,44,54,98
EL VILLAR,consulta externa,repetidas en personas de 60 anos o mas,2005-01-01,2,3,2,3,5
ENTRE RIOS,consulta externa,repetidas en personas de 60 anos o mas,2005-01-01,0,1,0,1,1
ENTRE RIOS,consulta externa,repetidas en personas de 60 anos o mas,2005-01-01,4,5,4,5,9
EUCALIPTUS,consulta externa,repetidas en personas de 60 anos o mas,2005-01-01,0,2,0,2,2
EXALTACION,consulta externa,repetidas en personas de 60 anos o mas,2005-01-01,2,1,2,1,3
FERNANDEZ ALONSO,consulta externa,repetidas en personas de 60 anos o mas,2005-01-01,3,3,3,3,6
GENERAL SAAVEDRA,consulta externa,repetidas en personas de 60 anos o mas,2005-01-01,3,3,3,3,6
GRAL. J.J. PEREZ (CHARAZANI),consulta externa,repetidas en personas de 60 anos o mas,2005-01-01,1,0,1,0,1
GUANAY,consulta externa,repetidas en personas de 60 anos o mas,2005-01-01,9,4,9,4,13
GUAQUI,consulta externa,repetidas en personas de 60 anos o mas,2005-01-01,2,1,2,1,3
GUAYARAMERIN,consulta externa,repetidas en personas de 60 anos o mas,2005-01-01,110,73,110,73,183
GUTIERREZ,consulta externa,repetidas en personas de 60 anos o mas,2005-01-01,43,29,43,29,72
HUACARETA,consulta externa,repetidas en personas de 60 anos o mas,2005-01-01,3,3,3,3,6
HUACAYA (VILLA DE HUACAYA),consulta externa,repetidas en personas de 60 anos o mas,2005-01-01,0,1,0,1,1
HUANUNI,consulta externa,repetidas en personas de 60 anos o mas,2005-01-01,60,50,60,50,110
HUARACAJE,consulta externa,repetidas en personas de 60 anos o mas,2005-01-01,1,6,1,6,7
ICLA,consulta externa,repetidas en personas de 60 anos o mas,2005-01-01,1,1,1,1,2
INCAHUASI,consulta externa,repetidas en personas de 60 anos o mas,2005-01-01,0,1,0,1,1
INGAVI (HUMAITA),consulta externa,repetidas en personas de 60 anos o mas,2005-01-01,2,0,2,0,2
INQUISIVI,consulta externa,repetidas en personas de 60 anos o mas,2005-01-01,0,1,0,1,1
IRUPANA (VILLA DE LANZA),consulta externa,repetidas en personas de 60 anos o mas,2005-01-01,7,2,7,2,9
IXIAMAS,consulta externa,repetidas en personas de 60 anos o mas,2005-01-01,0,1,0,1,1
JESUS DE MACHACA,consulta externa,repetidas en personas de 60 anos o mas,2005-01-01,3,7,3,7,10
LA GUARDIA,consulta externa,repetidas en personas de 60 anos o mas,2005-01-01,5,6,5,6,11
LA PAZ,consulta externa,repetidas en personas de 60 anos o mas,2005-01-01,7572,10727,7572,10727,18299
LAGUNILLAS,consulta externa,repetidas en personas de 60 anos o mas,2005-01-01,0,1,0,1,1
LAJA,consulta externa,repetidas en personas de 60 anos o mas,2005-01-01,7,5,7,5,12
LAS CARRERAS,consulta externa,repetidas en personas de 60 anos o mas,2005-01-01,3,9,3,9,12
LLALLAGUA,consulta externa,repetidas en personas de 60 anos o mas,2005-01-01,37,48,37,48,85
LLICA,consulta externa,repetidas en personas de 60 anos o mas,2005-01-01,3,2,3,2,5
LORETO,consulta externa,repetidas en personas de 60 anos o mas,2005-01-01,2,3,2,3,5
LURIBAY,consulta externa,repetidas en personas de 60 anos o mas,2005-01-01,1,2,1,2,3
MACHACAMARCA,consulta externa,repetidas en personas de 60 anos o mas,2005-01-01,39,46,39,46,85
MACHARETI,consulta externa,repetidas en personas de 60 anos o mas,2005-01-01,5,0,5,0,5
MAGDALENA,consulta externa,repetidas en personas de 60 anos o mas,2005-01-01,66,92,66,92,158
MAPIRI,consulta externa,repetidas en personas de 60 anos o mas,2005-01-01,5,7,5,7,12
MECAPACA,consulta externa,repetidas en personas de 60 anos o mas,2005-01-01,7,4,7,4,11
MINEROS,consulta externa,repetidas en personas de 60 anos o mas,2005-01-01,2,0,2,0,2
MOCOMOCO,consulta externa,repetidas en personas de 60 anos o mas,2005-01-01,2,3,2,3,5
MOJINETE,consulta externa,repetidas en personas de 60 anos o mas,2005-01-01,7,2,7,2,9
MOJOCOYA,consulta externa,repetidas en personas de 60 anos o mas,2005-01-01,1,2,1,2,3
MONTEAGUDO,consulta externa,repetidas en personas de 60 anos o mas,2005-01-01,37,57,37,57,94
MONTERO,consulta externa,repetidas en personas de 60 anos o mas,2005-01-01,410,506,410,506,916
MORO MORO,consulta externa,repetidas en personas de 60 anos o mas,2005-01-01,3,2,3,2,5
MOROCHATA,consulta externa,repetidas en personas de 60 anos o mas,2005-01-01,2,1,2,1,3
OKINAWA,consulta externa,repetidas en personas de 60 anos o mas,2005-01-01,8,15,8,15,23
OMEREQUE,consulta externa,repetidas en personas de 60 anos o mas,2005-01-01,0,1,0,1,1
ORURO,consulta externa,repetidas en personas de 60 anos o mas,2005-01-01,1164,1478,1164,1478,2642
PADCAYA,consulta externa,repetidas en personas de 60 anos o mas,2005-01-01,8,4,8,4,12
PADILLA,consulta externa,repetidas en personas de 60 anos o mas,2005-01-01,16,31,16,31,47
PALCA,consulta externa,repetidas en personas de 60 anos o mas,2005-01-01,4,5,4,5,9
PALOS BLANCOS,consulta externa,repetidas en personas de 60 anos o mas,2005-01-01,9,8,9,8,17
PAMPA AULLAGAS,consulta externa,repetidas en personas de 60 anos o mas,2005-01-01,1,0,1,0,1
PAMPA GRANDE,consulta externa,repetidas en personas de 60 anos o mas,2005-01-01,4,4,4,4,8
PAPEL PAMPA,consulta externa,repetidas en personas de 60 anos o mas,2005-01-01,2,1,2,1,3
PASORAPA,consulta externa,repetidas en personas de 60 anos o mas,2005-01-01,0,2,0,2,2
PAZÑA,consulta externa,repetidas en personas de 60 anos o mas,2005-01-01,20,35,20,35,55
PELECHUCO,consulta externa,repetidas en personas de 60 anos o mas,2005-01-01,1,0,1,0,1
POCOATA,consulta externa,repetidas en personas de 60 anos o mas,2005-01-01,2,3,2,3,5
POCONA,consulta externa,repetidas en personas de 60 anos o mas,2005-01-01,3,5,3,5,8
POOPO,consulta externa,repetidas en personas de 60 anos o mas,2005-01-01,9,9,9,9,18
POROMA,consulta externa,repetidas en personas de 60 anos o mas,2005-01-01,2,0,2,0,2
PORONGO,consulta externa,repetidas en personas de 60 anos o mas,2005-01-01,3,3,3,3,6
PORTACHUELO,consulta externa,repetidas en personas de 60 anos o mas,2005-01-01,13,30,13,30,43
POSTRER VALLE,consulta externa,repetidas en personas de 60 anos o mas,2005-01-01,1,0,1,0,1
POTOSI,consulta externa,repetidas en personas de 60 anos o mas,2005-01-01,766,872,766,872,1638
PUCARANI,consulta externa,repetidas en personas de 60 anos o mas,2005-01-01,2,2,2,2,4
PUERTO ACOSTA,consulta externa,repetidas en personas de 60 anos o mas,2005-01-01,33,13,33,13,46
PUERTO CARABUCO,consulta externa,repetidas en personas de 60 anos o mas,2005-01-01,5,5,5,5,10
PUERTO GONZALO MORENO,consulta externa,repetidas en personas de 60 anos o mas,2005-01-01,3,3,3,3,6
PUERTO PEREZ,consulta externa,repetidas en personas de 60 anos o mas,2005-01-01,7,0,7,0,7
PUERTO QUIJARRO,consulta externa,repetidas en personas de 60 anos o mas,2005-01-01,42,37,42,37,79
PUERTO SILES,consulta externa,repetidas en personas de 60 anos o mas,2005-01-01,0,1,0,1,1
PUERTO SUAREZ,consulta externa,repetidas en personas de 60 anos o mas,2005-01-01,12,14,12,14,26
PUERTO VILLARROEL,consulta externa,repetidas en personas de 60 anos o mas,2005-01-01,2,7,2,7,9
PUNA,consulta externa,repetidas en personas de 60 anos o mas,2005-01-01,10,2,10,2,12
PUNATA,consulta externa,repetidas en personas de 60 anos o mas,2005-01-01,72,88,72,88,160
QUIABAYA,consulta externa,repetidas en personas de 60 anos o mas,2005-01-01,4,2,4,2,6
QUILLACOLLO,consulta externa,repetidas en personas de 60 anos o mas,2005-01-01,300,309,300,309,609
QUIME,consulta externa,repetidas en personas de 60 anos o mas,2005-01-01,3,1,3,1,4
QUIRUSILLAS,consulta externa,repetidas en personas de 60 anos o mas,2005-01-01,1,0,1,0,1
REYES,consulta externa,repetidas en personas de 60 anos o mas,2005-01-01,70,46,70,46,116
RIBERALTA,consulta externa,repetidas en personas de 60 anos o mas,2005-01-01,66,58,66,58,124
ROBORE,consulta externa,repetidas en personas de 60 anos o mas,2005-01-01,18,12,18,12,30
RURRENABAQUE,consulta externa,repetidas en personas de 60 anos o mas,2005-01-01,39,24,39,24,63
SABAYA,consulta externa,repetidas en personas de 60 anos o mas,2005-01-01,0,1,0,1,1
SACABA,consulta externa,repetidas en personas de 60 anos o mas,2005-01-01,79,90,79,90,169
SACABAMBA,consulta externa,repetidas en personas de 60 anos o mas,2005-01-01,0,2,0,2,2
SACACA,consulta externa,repetidas en personas de 60 anos o mas,2005-01-01,0,1,0,1,1
SAIPINA,consulta externa,repetidas en personas de 60 anos o mas,2005-01-01,16,15,16,15,31
SALINAS DE GARCI MENDOZA,consulta externa,repetidas en personas de 60 anos o mas,2005-01-01,17,3,17,3,20
SAMAIPATA,consulta externa,repetidas en personas de 60 anos o mas,2005-01-01,1,1,1,1,2
SAN AGUSTIN,consulta externa,repetidas en personas de 60 anos o mas,2005-01-01,1,1,1,1,2
SAN ANDRES,consulta externa,repetidas en personas de 60 anos o mas,2005-01-01,3,6,3,6,9
SAN ANDRES DE MACHACA,consulta externa,repetidas en personas de 60 anos o mas,2005-01-01,2,1,2,1,3
SAN ANTONIO DE ESMORUCO,consulta externa,repetidas en personas de 60 anos o mas,2005-01-01,2,0,2,0,2
SAN BENITO,consulta externa,repetidas en personas de 60 anos o mas,2005-01-01,0,5,0,5,5
SAN BORJA,consulta externa,repetidas en personas de 60 anos o mas,2005-01-01,50,56,50,56,106
SAN CARLOS,consulta externa,repetidas en personas de 60 anos o mas,2005-01-01,12,9,12,9,21
SAN IGNACIO,consulta externa,repetidas en personas de 60 anos o mas,2005-01-01,28,38,28,38,66
SAN IGNACIO DE VELASCO,consulta externa,repetidas en personas de 60 anos o mas,2005-01-01,48,59,48,59,107
SAN JAVIER(BNI),consulta externa,repetidas en personas de 60 anos o mas,2005-01-01,1,0,1,0,1
SAN JAVIER(STC),consulta externa,repetidas en personas de 60 anos o mas,2005-01-01,0,1,0,1,1
SAN JOAQUIN,consulta externa,repetidas en personas de 60 anos o mas,2005-01-01,18,18,18,18,36
SAN JOSE DE CHIQUITOS,consulta externa,repetidas en personas de 60 anos o mas,2005-01-01,11,18,11,18,29
SAN JUAN DE YAPACANI,consulta externa,repetidas en personas de 60 anos o mas,2005-01-01,5,7,5,7,12
SAN JULIAN,consulta externa,repetidas en personas de 60 anos o mas,2005-01-01,4,4,4,4,8
SAN LORENZO(PND),consulta externa,repetidas en personas de 60 anos o mas,2005-01-01,1,1,1,1,2
SAN LORENZO(TJA),consulta externa,repetidas en personas de 60 anos o mas,2005-01-01,7,14,7,14,21
SAN LUCAS,consulta externa,repetidas en personas de 60 anos o mas,2005-01-01,2,11,2,11,13
SAN MATIAS,consulta externa,repetidas en personas de 60 anos o mas,2005-01-01,3,1,3,1,4
SAN MIGUEL DE VELASCO,consulta externa,repetidas en personas de 60 anos o mas,2005-01-01,38,37,38,37,75
SAN PABLO DE LIPEZ,consulta externa,repetidas en personas de 60 anos o mas,2005-01-01,3,6,3,6,9
SAN PEDRO,consulta externa,repetidas en personas de 60 anos o mas,2005-01-01,2,0,2,0,2
SAN PEDRO DE CURAHUARA,consulta externa,repetidas en personas de 60 anos o mas,2005-01-01,4,7,4,7,11
SAN PEDRO DE TIQUINA,consulta externa,repetidas en personas de 60 anos o mas,2005-01-01,5,9,5,9,14
SAN RAFAEL,consulta externa,repetidas en personas de 60 anos o mas,2005-01-01,3,1,3,1,4
SAN RAMON,consulta externa,repetidas en personas de 60 anos o mas,2005-01-01,13,22,13,22,35
SAN RAMON,consulta externa,repetidas en personas de 60 anos o mas,2005-01-01,1,0,1,0,1
SANTA ANA,consulta externa,repetidas en personas de 60 anos o mas,2005-01-01,100,95,100,95,195
SANTA CRUZ DE LA SIERRA,consulta externa,repetidas en personas de 60 anos o mas,2005-01-01,2158,2667,2158,2667,4825
SANTA ROSA,consulta externa,repetidas en personas de 60 anos o mas,2005-01-01,1,0,1,0,1
SANTA ROSA DEL SARA,consulta externa,repetidas en personas de 60 anos o mas,2005-01-01,6,1,6,1,7
SANTIAGO DE CALLAPA,consulta externa,repetidas en personas de 60 anos o mas,2005-01-01,3,3,3,3,6
SANTIAGO DE HUARI,consulta externa,repetidas en personas de 60 anos o mas,2005-01-01,5,6,5,6,11
SANTIAGO DE MACHACA,consulta externa,repetidas en personas de 60 anos o mas,2005-01-01,0,3,0,3,3
SANTIVAÑES,consulta externa,repetidas en personas de 60 anos o mas,2005-01-01,2,12,2,12,14
SAPAHAQUI,consulta externa,repetidas en personas de 60 anos o mas,2005-01-01,6,4,6,4,10
SENA,consulta externa,repetidas en personas de 60 anos o mas,2005-01-01,0,1,0,1,1
SICA SICA (VILLA AROMA),consulta externa,repetidas en personas de 60 anos o mas,2005-01-01,1,6,1,6,7
SIPE SIPE,consulta externa,repetidas en personas de 60 anos o mas,2005-01-01,14,14,14,14,28
SOPACHUY,consulta externa,repetidas en personas de 60 anos o mas,2005-01-01,1,0,1,0,1
SORACACHI,consulta externa,repetidas en personas de 60 anos o mas,2005-01-01,3,1,3,1,4
SORATA,consulta externa,repetidas en personas de 60 anos o mas,2005-01-01,1,3,1,3,4
SUCRE,consulta externa,repetidas en personas de 60 anos o mas,2005-01-01,952,1416,952,1416,2368
TACACHI,consulta externa,repetidas en personas de 60 anos o mas,2005-01-01,8,12,8,12,20
TACOBAMBA,consulta externa,repetidas en personas de 60 anos o mas,2005-01-01,0,1,0,1,1
TACOPAYA,consulta externa,repetidas en personas de 60 anos o mas,2005-01-01,1,2,1,2,3
TAHUA,consulta externa,repetidas en personas de 60 anos o mas,2005-01-01,0,1,0,1,1
TARABUCO,consulta externa,repetidas en personas de 60 anos o mas,2005-01-01,4,15,4,15,19
TARACO,consulta externa,repetidas en personas de 60 anos o mas,2005-01-01,1,1,1,1,2
TARATA,consulta externa,repetidas en personas de 60 anos o mas,2005-01-01,3,4,3,4,7
TARIJA,consulta externa,repetidas en personas de 60 anos o mas,2005-01-01,1127,1741,1127,1741,2868
TARVITA,consulta externa,repetidas en personas de 60 anos o mas,2005-01-01,8,6,8,6,14
TEOPONTE,consulta externa,repetidas en personas de 60 anos o mas,2005-01-01,3,1,3,1,4
TIAWANACU,consulta externa,repetidas en personas de 60 anos o mas,2005-01-01,2,3,2,3,5
TIPUANI,consulta externa,repetidas en personas de 60 anos o mas,2005-01-01,3,0,3,0,3
TIQUIPAYA,consulta externa,repetidas en personas de 60 anos o mas,2005-01-01,6,10,6,10,16
TIRAQUE (CBBA),consulta externa,repetidas en personas de 60 anos o mas,2005-01-01,3,4,3,4,7
TITO YUPANQUI (PARQUIPUJIO),consulta externa,repetidas en personas de 60 anos o mas,2005-01-01,1,1,1,1,2
TOCO,consulta externa,repetidas en personas de 60 anos o mas,2005-01-01,0,1,0,1,1
TODOS SANTOS,consulta externa,repetidas en personas de 60 anos o mas,2005-01-01,1,0,1,0,1
TOLATA,consulta externa,repetidas en personas de 60 anos o mas,2005-01-01,0,1,0,1,1
TOLEDO,consulta externa,repetidas en personas de 60 anos o mas,2005-01-01,1,3,1,3,4
TOMAVE,consulta externa,repetidas en personas de 60 anos o mas,2005-01-01,0,1,0,1,1
TOMINA,consulta externa,repetidas en personas de 60 anos o mas,2005-01-01,3,0,3,0,3
TORO TORO,consulta externa,repetidas en personas de 60 anos o mas,2005-01-01,1,2,1,2,3
TOTORA(CBBA),consulta externa,repetidas en personas de 60 anos o mas,2005-01-01,9,5,9,5,14
TOTORA(ORR),consulta externa,repetidas en personas de 60 anos o mas,2005-01-01,0,1,0,1,1
TRIGAL,consulta externa,repetidas en personas de 60 anos o mas,2005-01-01,0,1,0,1,1
TRINIDAD,consulta externa,repetidas en personas de 60 anos o mas,2005-01-01,253,209,253,209,462
TUPIZA,consulta externa,repetidas en personas de 60 anos o mas,2005-01-01,31,56,31,56,87
UNCIA,consulta externa,repetidas en personas de 60 anos o mas,2005-01-01,23,52,23,52,75
URIONDO (A. CONCEPCION),consulta externa,repetidas en personas de 60 anos o mas,2005-01-01,4,0,4,0,4
UYUNI,consulta externa,repetidas en personas de 60 anos o mas,2005-01-01,39,48,39,48,87
VACAS,consulta externa,repetidas en personas de 60 anos o mas,2005-01-01,8,3,8,3,11
VALLEGRANDE,consulta externa,repetidas en personas de 60 anos o mas,2005-01-01,97,148,97,148,245
VIACHA,consulta externa,repetidas en personas de 60 anos o mas,2005-01-01,79,59,79,59,138
VILLA MONTES,consulta externa,repetidas en personas de 60 anos o mas,2005-01-01,17,22,17,22,39
VILLA RIVERO,consulta externa,repetidas en personas de 60 anos o mas,2005-01-01,0,2,0,2,2
VILLA SERRANO,consulta externa,repetidas en personas de 60 anos o mas,2005-01-01,0,2,0,2,2
VILLA TUNARI,consulta externa,repetidas en personas de 60 anos o mas,2005-01-01,28,14,28,14,42
VILLA VACA GUZMAN (MUYUPAMPA),consulta externa,repetidas en personas de 60 anos o mas,2005-01-01,6,3,6,3,9
VILLAZON,consulta externa,repetidas en personas de 60 anos o mas,2005-01-01,50,64,50,64,114
VINTO,consulta externa,repetidas en personas de 60 anos o mas,2005-01-01,3,2,3,2,5
VITICHI,consulta externa,repetidas en personas de 60 anos o mas,2005-01-01,10,20,10,20,30
WALDO BALLIVIAN,consulta externa,repetidas en personas de 60 anos o mas,2005-01-01,1,1,1,1,2
WARNES,consulta externa,repetidas en personas de 60 anos o mas,2005-01-01,3,2,3,2,5
YACO,consulta externa,repetidas en personas de 60 anos o mas,2005-01-01,2,0,2,0,2
YACUIBA,consulta externa,repetidas en personas de 60 anos o mas,2005-01-01,110,163,110,163,273
YANACACHI,consulta externa,repetidas en personas de 60 anos o mas,2005-01-01,1,0,1,0,1
YAPACANI,consulta externa,repetidas en personas de 60 anos o mas,2005-01-01,3,1,3,1,4
YOCALLA,consulta externa,repetidas en personas de 60 anos o mas,2005-01-01,0,1,0,1,1
YOTALA,consulta externa,repetidas en personas de 60 anos o mas,2005-01-01,9,12,9,12,21
YUNCHARA,consulta externa,repetidas en personas de 60 anos o mas,2005-01-01,0,2,0,2,2
ZUDAÑEZ,consulta externa,repetidas en personas de 60 anos o mas,2005-01-01,4,2,4,2,6
ACACIO,consulta externa,repetidas en personas de 60 anos o mas,2005-02-01,2,2,2,2,4
ACHACACHI,consulta externa,repetidas en personas de 60 anos o mas,2005-02-01,22,24,22,24,46
ACHOCALLA,consulta externa,repetidas en personas de 60 anos o mas,2005-02-01,2,4,2,4,6
AIQUILE,consulta externa,repetidas en personas de 60 anos o mas,2005-02-01,28,36,28,36,64
ALCALA,consulta externa,repetidas en personas de 60 anos o mas,2005-02-01,0,4,0,4,4
ANCORAIMES,consulta externa,repetidas en personas de 60 anos o mas,2005-02-01,7,2,7,2,9
ANDAMARCA,consulta externa,repetidas en personas de 60 anos o mas,2005-02-01,0,1,0,1,1
ANTEQUERA,consulta externa,repetidas en personas de 60 anos o mas,2005-02-01,0,1,0,1,1
ANZALDO,consulta externa,repetidas en personas de 60 anos o mas,2005-02-01,1,1,1,1,2
APOLO,consulta externa,repetidas en personas de 60 anos o mas,2005-02-01,3,2,3,2,5
ARAMPAMPA,consulta externa,repetidas en personas de 60 anos o mas,2005-02-01,0,1,0,1,1
ARANI,consulta externa,repetidas en personas de 60 anos o mas,2005-02-01,2,1,2,1,3
ARBIETO,consulta externa,repetidas en personas de 60 anos o mas,2005-02-01,6,5,6,5,11
ASCENCION DE GUARAYOS,consulta externa,repetidas en personas de 60 anos o mas,2005-02-01,1,0,1,0,1
ATOCHA,consulta externa,repetidas en personas de 60 anos o mas,2005-02-01,21,46,21,46,67
AUCAPATA,consulta externa,repetidas en personas de 60 anos o mas,2005-02-01,1,1,1,1,2
AYATA,consulta externa,repetidas en personas de 60 anos o mas,2005-02-01,1,2,1,2,3
AYO AYO,consulta externa,repetidas en personas de 60 anos o mas,2005-02-01,2,1,2,1,3
AYOPAYA (V. DE INDEPENDENCIA),consulta externa,repetidas en personas de 60 anos o mas,2005-02-01,4,5,4,5,9
AZURDUY,consulta externa,repetidas en personas de 60 anos o mas,2005-02-01,3,2,3,2,5
BATALLAS,consulta externa,repetidas en personas de 60 anos o mas,2005-02-01,5,4,5,4,9
BAURES,consulta externa,repetidas en personas de 60 anos o mas,2005-02-01,1,4,1,4,5
BELEN DE ANDAMARCA,consulta externa,repetidas en personas de 60 anos o mas,2005-02-01,1,2,1,2,3
BERMEJO,consulta externa,repetidas en personas de 60 anos o mas,2005-02-01,31,63,31,63,94
BETANZOS,consulta externa,repetidas en personas de 60 anos o mas,2005-02-01,21,25,21,25,46
BOLIVAR,consulta externa,repetidas en personas de 60 anos o mas,2005-02-01,1,2,1,2,3
BOYUIBE,consulta externa,repetidas en personas de 60 anos o mas,2005-02-01,5,4,5,4,9
BUENA VISTA,consulta externa,repetidas en personas de 60 anos o mas,2005-02-01,25,20,25,20,45
CAIROMA,consulta externa,repetidas en personas de 60 anos o mas,2005-02-01,0,1,0,1,1
"CAIZA ""D""",consulta externa,repetidas en personas de 60 anos o mas,2005-02-01,5,6,5,6,11
CAJUATA,consulta externa,repetidas en personas de 60 anos o mas,2005-02-01,1,1,1,1,2
CALACOTO,consulta externa,repetidas en personas de 60 anos o mas,2005-02-01,4,2,4,2,6
CALAMARCA,consulta externa,repetidas en personas de 60 anos o mas,2005-02-01,2,2,2,2,4
CAMARGO,consulta externa,repetidas en personas de 60 anos o mas,2005-02-01,8,9,8,9,17
CAMATAQUI (C. VILLA ABECIA),consulta externa,repetidas en personas de 60 anos o mas,2005-02-01,6,3,6,3,9
CAMIRI,consulta externa,repetidas en personas de 60 anos o mas,2005-02-01,42,115,42,115,157
CAPINOTA,consulta externa,repetidas en personas de 60 anos o mas,2005-02-01,4,7,4,7,11
CAQUIAVIRI,consulta externa,repetidas en personas de 60 anos o mas,2005-02-01,4,4,4,4,8
CARACOLLO,consulta externa,repetidas en personas de 60 anos o mas,2005-02-01,17,23,17,23,40
CARANAVI,consulta externa,repetidas en personas de 60 anos o mas,2005-02-01,3,2,3,2,5
CARAPARI,consulta externa,repetidas en personas de 60 anos o mas,2005-02-01,0,4,0,4,4
CARMEN RIVERO TORREZ,consulta externa,repetidas en personas de 60 anos o mas,2005-02-01,0,2,0,2,2
CHALLAPATA,consulta externa,repetidas en personas de 60 anos o mas,2005-02-01,14,7,14,7,21
CHAQUI,consulta externa,repetidas en personas de 60 anos o mas,2005-02-01,0,1,0,1,1
CHARAGUA,consulta externa,repetidas en personas de 60 anos o mas,2005-02-01,3,2,3,2,5
CHAYANTA,consulta externa,repetidas en personas de 60 anos o mas,2005-02-01,3,8,3,8,11
CHIMORE,consulta externa,repetidas en personas de 60 anos o mas,2005-02-01,5,2,5,2,7
CHULUMANI (V. DE LA LIBERTAD),consulta externa,repetidas en personas de 60 anos o mas,2005-02-01,49,14,49,14,63
CHUMA,consulta externa,repetidas en personas de 60 anos o mas,2005-02-01,3,8,3,8,11
CLIZA,consulta externa,repetidas en personas de 60 anos o mas,2005-02-01,1,4,1,4,5
COBIJA,consulta externa,repetidas en personas de 60 anos o mas,2005-02-01,57,164,57,164,221
COCHABAMBA,consulta externa,repetidas en personas de 60 anos o mas,2005-02-01,3800,4859,3800,4859,8659
COLCAPIRHUA,consulta externa,repetidas en personas de 60 anos o mas,2005-02-01,30,42,30,42,72
"COLCHA ""K""",consulta externa,repetidas en personas de 60 anos o mas,2005-02-01,12,8,12,8,20
COLLANA,consulta externa,repetidas en personas de 60 anos o mas,2005-02-01,1,0,1,0,1
COLOMI,consulta externa,repetidas en personas de 60 anos o mas,2005-02-01,3,0,3,0,3
COLPA BELGICA,consulta externa,repetidas en personas de 60 anos o mas,2005-02-01,27,20,27,20,47
COLQUECHACA,consulta externa,repetidas en personas de 60 anos o mas,2005-02-01,4,4,4,4,8
COLQUENCHA,consulta externa,repetidas en personas de 60 anos o mas,2005-02-01,0,3,0,3,3
COLQUIRI,consulta externa,repetidas en personas de 60 anos o mas,2005-02-01,4,3,4,3,7
COMANCHE,consulta externa,repetidas en personas de 60 anos o mas,2005-02-01,0,2,0,2,2
COMARAPA,consulta externa,repetidas en personas de 60 anos o mas,2005-02-01,11,18,11,18,29
COMBAYA,consulta externa,repetidas en personas de 60 anos o mas,2005-02-01,1,9,1,9,10
COPACABANA,consulta externa,repetidas en personas de 60 anos o mas,2005-02-01,1,0,1,0,1
CORIPATA,consulta externa,repetidas en personas de 60 anos o mas,2005-02-01,1,1,1,1,2
CORO CORO,consulta externa,repetidas en personas de 60 anos o mas,2005-02-01,3,1,3,1,4
COROICO,consulta externa,repetidas en personas de 60 anos o mas,2005-02-01,23,22,23,22,45
CORQUE,consulta externa,repetidas en personas de 60 anos o mas,2005-02-01,16,7,16,7,23
COTAGAITA,consulta externa,repetidas en personas de 60 anos o mas,2005-02-01,10,18,10,18,28
CUATRO CAÑADAS,consulta externa,repetidas en personas de 60 anos o mas,2005-02-01,8,4,8,4,12
CUCHUMUELA (V. G. VILLARROEL),consulta externa,repetidas en personas de 60 anos o mas,2005-02-01,0,2,0,2,2
CUEVO,consulta externa,repetidas en personas de 60 anos o mas,2005-02-01,0,1,0,1,1
CULPINA,consulta externa,repetidas en personas de 60 anos o mas,2005-02-01,1,2,1,2,3
CURAHUARA DE CARANGAS,consulta externa,repetidas en personas de 60 anos o mas,2005-02-01,1,0,1,0,1
EL ALTO,consulta externa,repetidas en personas de 60 anos o mas,2005-02-01,466,554,466,554,1020
EL CHORO,consulta externa,repetidas en personas de 60 anos o mas,2005-02-01,0,1,0,1,1
EL PUENTE(STC),consulta externa,repetidas en personas de 60 anos o mas,2005-02-01,0,1,0,1,1
EL PUENTE(TJA),consulta externa,repetidas en personas de 60 anos o mas,2005-02-01,0,2,0,2,2
EL TORNO,consulta externa,repetidas en personas de 60 anos o mas,2005-02-01,151,178,151,178,329
EL VILLAR,consulta externa,repetidas en personas de 60 anos o mas,2005-02-01,1,0,1,0,1
ENTRE RIOS,consulta externa,repetidas en personas de 60 anos o mas,2005-02-01,5,1,5,1,6
ENTRE RIOS,consulta externa,repetidas en personas de 60 anos o mas,2005-02-01,1,1,1,1,2
EUCALIPTUS,consulta externa,repetidas en personas de 60 anos o mas,2005-02-01,0,1,0,1,1
FERNANDEZ ALONSO,consulta externa,repetidas en personas de 60 anos o mas,2005-02-01,6,1,6,1,7
FILADELFIA,consulta externa,repetidas en personas de 60 anos o mas,2005-02-01,4,7,4,7,11
GENERAL SAAVEDRA,consulta externa,repetidas en personas de 60 anos o mas,2005-02-01,2,1,2,1,3
GRAL. J.J. PEREZ (CHARAZANI),consulta externa,repetidas en personas de 60 anos o mas,2005-02-01,0,1,0,1,1
GUANAY,consulta externa,repetidas en personas de 60 anos o mas,2005-02-01,1,0,1,0,1
GUAQUI,consulta externa,repetidas en personas de 60 anos o mas,2005-02-01,0,6,0,6,6
GUAYARAMERIN,consulta externa,repetidas en personas de 60 anos o mas,2005-02-01,134,109,134,109,243
GUTIERREZ,consulta externa,repetidas en personas de 60 anos o mas,2005-02-01,1,2,1,2,3
HUACARETA,consulta externa,repetidas en personas de 60 anos o mas,2005-02-01,7,10,7,10,17
HUANUNI,consulta externa,repetidas en personas de 60 anos o mas,2005-02-01,37,62,37,62,99
HUARACAJE,consulta externa,repetidas en personas de 60 anos o mas,2005-02-01,5,10,5,10,15
ICHOCA,consulta externa,repetidas en personas de 60 anos o mas,2005-02-01,0,1,0,1,1
ICLA,consulta externa,repetidas en personas de 60 anos o mas,2005-02-01,0,2,0,2,2
INCAHUASI,consulta externa,repetidas en personas de 60 anos o mas,2005-02-01,1,3,1,3,4
INGAVI (HUMAITA),consulta externa,repetidas en personas de 60 anos o mas,2005-02-01,3,0,3,0,3
INQUISIVI,consulta externa,repetidas en personas de 60 anos o mas,2005-02-01,4,1,4,1,5
IRUPANA (VILLA DE LANZA),consulta externa,repetidas en personas de 60 anos o mas,2005-02-01,8,3,8,3,11
IXIAMAS,consulta externa,repetidas en personas de 60 anos o mas,2005-02-01,1,3,1,3,4
JESUS DE MACHACA,consulta externa,repetidas en personas de 60 anos o mas,2005-02-01,12,4,12,4,16
LA GUARDIA,consulta externa,repetidas en personas de 60 anos o mas,2005-02-01,2,4,2,4,6
LA PAZ,consulta externa,repetidas en personas de 60 anos o mas,2005-02-01,7425,10714,7425,10714,18139
LAJA,consulta externa,repetidas en personas de 60 anos o mas,2005-02-01,6,7,6,7,13
LAS CARRERAS,consulta externa,repetidas en personas de 60 anos o mas,2005-02-01,3,12,3,12,15
LLALLAGUA,consulta externa,repetidas en personas de 60 anos o mas,2005-02-01,44,41,44,41,85
LLICA,consulta externa,repetidas en personas de 60 anos o mas,2005-02-01,4,7,4,7,11
LORETO,consulta externa,repetidas en personas de 60 anos o mas,2005-02-01,1,1,1,1,2
LURIBAY,consulta externa,repetidas en personas de 60 anos o mas,2005-02-01,0,2,0,2,2
MACHACAMARCA,consulta externa,repetidas en personas de 60 anos o mas,2005-02-01,20,28,20,28,48
MACHARETI,consulta externa,repetidas en personas de 60 anos o mas,2005-02-01,3,3,3,3,6
MAGDALENA,consulta externa,repetidas en personas de 60 anos o mas,2005-02-01,47,73,47,73,120
MAIRANA,consulta externa,repetidas en personas de 60 anos o mas,2005-02-01,1,0,1,0,1
MAPIRI,consulta externa,repetidas en personas de 60 anos o mas,2005-02-01,6,8,6,8,14
MECAPACA,consulta externa,repetidas en personas de 60 anos o mas,2005-02-01,6,1,6,1,7
MINEROS,consulta externa,repetidas en personas de 60 anos o mas,2005-02-01,1,1,1,1,2
MIZQUE,consulta externa,repetidas en personas de 60 anos o mas,2005-02-01,3,0,3,0,3
MOCOMOCO,consulta externa,repetidas en personas de 60 anos o mas,2005-02-01,5,4,5,4,9
MOJINETE,consulta externa,repetidas en personas de 60 anos o mas,2005-02-01,1,0,1,0,1
MOJOCOYA,consulta externa,repetidas en personas de 60 anos o mas,2005-02-01,0,3,0,3,3
MONTEAGUDO,consulta externa,repetidas en personas de 60 anos o mas,2005-02-01,43,48,43,48,91
MONTERO,consulta externa,repetidas en personas de 60 anos o mas,2005-02-01,436,522,436,522,958
MORO MORO,consulta externa,repetidas en personas de 60 anos o mas,2005-02-01,2,0,2,0,2
MOROCHATA,consulta externa,repetidas en personas de 60 anos o mas,2005-02-01,2,9,2,9,11
NAZACARA DE PACAJES,consulta externa,repetidas en personas de 60 anos o mas,2005-02-01,1,0,1,0,1
OKINAWA,consulta externa,repetidas en personas de 60 anos o mas,2005-02-01,12,18,12,18,30
OMEREQUE,consulta externa,repetidas en personas de 60 anos o mas,2005-02-01,0,3,0,3,3
ORURO,consulta externa,repetidas en personas de 60 anos o mas,2005-02-01,1065,1530,1065,1530,2595
PADCAYA,consulta externa,repetidas en personas de 60 anos o mas,2005-02-01,8,2,8,2,10
PADILLA,consulta externa,repetidas en personas de 60 anos o mas,2005-02-01,12,28,12,28,40
PALCA,consulta externa,repetidas en personas de 60 anos o mas,2005-02-01,1,2,1,2,3
PALOS BLANCOS,consulta externa,repetidas en personas de 60 anos o mas,2005-02-01,8,4,8,4,12
PAMPA GRANDE,consulta externa,repetidas en personas de 60 anos o mas,2005-02-01,0,14,0,14,14
PAPEL PAMPA,consulta externa,repetidas en personas de 60 anos o mas,2005-02-01,2,0,2,0,2
PASORAPA,consulta externa,repetidas en personas de 60 anos o mas,2005-02-01,0,1,0,1,1
PATACAMAYA,consulta externa,repetidas en personas de 60 anos o mas,2005-02-01,3,0,3,0,3
PAZÑA,consulta externa,repetidas en personas de 60 anos o mas,2005-02-01,10,15,10,15,25
PELECHUCO,consulta externa,repetidas en personas de 60 anos o mas,2005-02-01,6,5,6,5,11
POCOATA,consulta externa,repetidas en personas de 60 anos o mas,2005-02-01,5,2,5,2,7
POCONA,consulta externa,repetidas en personas de 60 anos o mas,2005-02-01,2,1,2,1,3
POJO (CBBA),consulta externa,repetidas en personas de 60 anos o mas,2005-02-01,1,0,1,0,1
POOPO,consulta externa,repetidas en personas de 60 anos o mas,2005-02-01,12,8,12,8,20
PORCO,consulta externa,repetidas en personas de 60 anos o mas,2005-02-01,0,2,0,2,2
POROMA,consulta externa,repetidas en personas de 60 anos o mas,2005-02-01,1,3,1,3,4
PORONGO,consulta externa,repetidas en personas de 60 anos o mas,2005-02-01,5,4,5,4,9
PORTACHUELO,consulta externa,repetidas en personas de 60 anos o mas,2005-02-01,14,20,14,20,34
PORVENIR,consulta externa,repetidas en personas de 60 anos o mas,2005-02-01,0,1,0,1,1
POSTRER VALLE,consulta externa,repetidas en personas de 60 anos o mas,2005-02-01,0,2,0,2,2
POTOSI,consulta externa,repetidas en personas de 60 anos o mas,2005-02-01,750,914,750,914,1664
PUCARANI,consulta externa,repetidas en personas de 60 anos o mas,2005-02-01,1,2,1,2,3
PUERTO ACOSTA,consulta externa,repetidas en personas de 60 anos o mas,2005-02-01,60,33,60,33,93
PUERTO CARABUCO,consulta externa,repetidas en personas de 60 anos o mas,2005-02-01,4,4,4,4,8
PUERTO GONZALO MORENO,consulta externa,repetidas en personas de 60 anos o mas,2005-02-01,1,4,1,4,5
PUERTO PEREZ,consulta externa,repetidas en personas de 60 anos o mas,2005-02-01,0,2,0,2,2
PUERTO QUIJARRO,consulta externa,repetidas en personas de 60 anos o mas,2005-02-01,24,18,24,18,42
PUERTO SILES,consulta externa,repetidas en personas de 60 anos o mas,2005-02-01,1,0,1,0,1
PUERTO SUAREZ,consulta externa,repetidas en personas de 60 anos o mas,2005-02-01,4,9,4,9,13
PUERTO VILLARROEL,consulta externa,repetidas en personas de 60 anos o mas,2005-02-01,0,3,0,3,3
PUNA,consulta externa,repetidas en personas de 60 anos o mas,2005-02-01,6,10,6,10,16
PUNATA,consulta externa,repetidas en personas de 60 anos o mas,2005-02-01,75,89,75,89,164
QUIABAYA,consulta externa,repetidas en personas de 60 anos o mas,2005-02-01,3,2,3,2,5
QUILLACOLLO,consulta externa,repetidas en personas de 60 anos o mas,2005-02-01,304,312,304,312,616
QUIME,consulta externa,repetidas en personas de 60 anos o mas,2005-02-01,1,2,1,2,3
RAVELO,consulta externa,repetidas en personas de 60 anos o mas,2005-02-01,4,3,4,3,7
REYES,consulta externa,repetidas en personas de 60 anos o mas,2005-02-01,8,10,8,10,18
RIBERALTA,consulta externa,repetidas en personas de 60 anos o mas,2005-02-01,136,178,136,178,314
ROBORE,consulta externa,repetidas en personas de 60 anos o mas,2005-02-01,12,23,12,23,35
RURRENABAQUE,consulta externa,repetidas en personas de 60 anos o mas,2005-02-01,31,27,31,27,58
SABAYA,consulta externa,repetidas en personas de 60 anos o mas,2005-02-01,0,1,0,1,1
SACABA,consulta externa,repetidas en personas de 60 anos o mas,2005-02-01,102,72,102,72,174
SACABAMBA,consulta externa,repetidas en personas de 60 anos o mas,2005-02-01,2,1,2,1,3
SACACA,consulta externa,repetidas en personas de 60 anos o mas,2005-02-01,0,1,0,1,1
SAIPINA,consulta externa,repetidas en personas de 60 anos o mas,2005-02-01,7,14,7,14,21
SALINAS DE GARCI MENDOZA,consulta externa,repetidas en personas de 60 anos o mas,2005-02-01,13,17,13,17,30
SAMAIPATA,consulta externa,repetidas en personas de 60 anos o mas,2005-02-01,0,2,0,2,2
SAN AGUSTIN,consulta externa,repetidas en personas de 60 anos o mas,2005-02-01,2,1,2,1,3
SAN ANDRES,consulta externa,repetidas en personas de 60 anos o mas,2005-02-01,2,3,2,3,5
SAN ANDRES DE MACHACA,consulta externa,repetidas en personas de 60 anos o mas,2005-02-01,2,0,2,0,2
SAN ANTONIO DE LOMERIO,consulta externa,repetidas en personas de 60 anos o mas,2005-02-01,2,0,2,0,2
SAN BENITO,consulta externa,repetidas en personas de 60 anos o mas,2005-02-01,3,4,3,4,7
SAN BORJA,consulta externa,repetidas en personas de 60 anos o mas,2005-02-01,34,49,34,49,83
SAN BUENA VENTURA,consulta externa,repetidas en personas de 60 anos o mas,2005-02-01,3,3,3,3,6
SAN CARLOS,consulta externa,repetidas en personas de 60 anos o mas,2005-02-01,2,6,2,6,8
SAN IGNACIO,consulta externa,repetidas en personas de 60 anos o mas,2005-02-01,45,31,45,31,76
SAN IGNACIO DE VELASCO,consulta externa,repetidas en personas de 60 anos o mas,2005-02-01,57,55,57,55,112
SAN JAVIER(BNI),consulta externa,repetidas en personas de 60 anos o mas,2005-02-01,2,0,2,0,2
SAN JAVIER(STC),consulta externa,repetidas en personas de 60 anos o mas,2005-02-01,2,1,2,1,3
SAN JOAQUIN,consulta externa,repetidas en personas de 60 anos o mas,2005-02-01,19,17,19,17,36
SAN JOSE DE CHIQUITOS,consulta externa,repetidas en personas de 60 anos o mas,2005-02-01,2,14,2,14,16
SAN JUAN DE YAPACANI,consulta externa,repetidas en personas de 60 anos o mas,2005-02-01,3,5,3,5,8
SAN JULIAN,consulta externa,repetidas en personas de 60 anos o mas,2005-02-01,6,3,6,3,9
SAN LORENZO(PND),consulta externa,repetidas en personas de 60 anos o mas,2005-02-01,0,1,0,1,1
SAN LORENZO(TJA),consulta externa,repetidas en personas de 60 anos o mas,2005-02-01,3,5,3,5,8
SAN LUCAS,consulta externa,repetidas en personas de 60 anos o mas,2005-02-01,2,6,2,6,8
SAN MIGUEL DE VELASCO,consulta externa,repetidas en personas de 60 anos o mas,2005-02-01,35,52,35,52,87
SAN PABLO DE LIPEZ,consulta externa,repetidas en personas de 60 anos o mas,2005-02-01,1,7,1,7,8
SAN PEDRO,consulta externa,repetidas en personas de 60 anos o mas,2005-02-01,2,1,2,1,3
SAN PEDRO DE TIQUINA,consulta externa,repetidas en personas de 60 anos o mas,2005-02-01,2,5,2,5,7
SAN RAFAEL,consulta externa,repetidas en personas de 60 anos o mas,2005-02-01,1,1,1,1,2
SAN RAMON,consulta externa,repetidas en personas de 60 anos o mas,2005-02-01,10,14,10,14,24
SAN RAMON,consulta externa,repetidas en personas de 60 anos o mas,2005-02-01,1,4,1,4,5
SANTA ANA,consulta externa,repetidas en personas de 60 anos o mas,2005-02-01,91,92,91,92,183
SANTA CRUZ DE LA SIERRA,consulta externa,repetidas en personas de 60 anos o mas,2005-02-01,2264,3261,2264,3261,5525
SANTA ROSA,consulta externa,repetidas en personas de 60 anos o mas,2005-02-01,12,17,12,17,29
SANTA ROSA DEL SARA,consulta externa,repetidas en personas de 60 anos o mas,2005-02-01,0,2,0,2,2
SANTIAGO DE CALLAPA,consulta externa,repetidas en personas de 60 anos o mas,2005-02-01,1,4,1,4,5
SANTIAGO DE HUARI,consulta externa,repetidas en personas de 60 anos o mas,2005-02-01,6,5,6,5,11
SANTIAGO DE MACHACA,consulta externa,repetidas en personas de 60 anos o mas,2005-02-01,0,1,0,1,1
SANTIVAÑES,consulta externa,repetidas en personas de 60 anos o mas,2005-02-01,6,5,6,5,11
SAPAHAQUI,consulta externa,repetidas en personas de 60 anos o mas,2005-02-01,2,5,2,5,7
SICA SICA (VILLA AROMA),consulta externa,repetidas en personas de 60 anos o mas,2005-02-01,1,3,1,3,4
SICAYA,consulta externa,repetidas en personas de 60 anos o mas,2005-02-01,0,1,0,1,1
SIPE SIPE,consulta externa,repetidas en personas de 60 anos o mas,2005-02-01,7,12,7,12,19
SOPACHUY,consulta externa,repetidas en personas de 60 anos o mas,2005-02-01,1,1,1,1,2
SORACACHI,consulta externa,repetidas en personas de 60 anos o mas,2005-02-01,0,3,0,3,3
SORATA,consulta externa,repetidas en personas de 60 anos o mas,2005-02-01,4,2,4,2,6
SUCRE,consulta externa,repetidas en personas de 60 anos o mas,2005-02-01,1086,1567,1086,1567,2653
TACACHI,consulta externa,repetidas en personas de 60 anos o mas,2005-02-01,7,0,7,0,7
TACOPAYA,consulta externa,repetidas en personas de 60 anos o mas,2005-02-01,0,2,0,2,2
TAHUA,consulta externa,repetidas en personas de 60 anos o mas,2005-02-01,1,1,1,1,2
TAPACARI,consulta externa,repetidas en personas de 60 anos o mas,2005-02-01,3,2,3,2,5
TARABUCO,consulta externa,repetidas en personas de 60 anos o mas,2005-02-01,11,11,11,11,22
TARACO,consulta externa,repetidas en personas de 60 anos o mas,2005-02-01,1,3,1,3,4
TARATA,consulta externa,repetidas en personas de 60 anos o mas,2005-02-01,1,2,1,2,3
TARIJA,consulta externa,repetidas en personas de 60 anos o mas,2005-02-01,1179,1728,1179,1728,2907
TARVITA,consulta externa,repetidas en personas de 60 anos o mas,2005-02-01,2,7,2,7,9
TEOPONTE,consulta externa,repetidas en personas de 60 anos o mas,2005-02-01,10,3,10,3,13
TINGUIPAYA,consulta externa,repetidas en personas de 60 anos o mas,2005-02-01,1,3,1,3,4
TIQUIPAYA,consulta externa,repetidas en personas de 60 anos o mas,2005-02-01,0,5,0,5,5
TIRAQUE (CBBA),consulta externa,repetidas en personas de 60 anos o mas,2005-02-01,4,2,4,2,6
TITO YUPANQUI (PARQUIPUJIO),consulta externa,repetidas en personas de 60 anos o mas,2005-02-01,1,2,1,2,3
TOCO,consulta externa,repetidas en personas de 60 anos o mas,2005-02-01,0,1,0,1,1
TOLATA,consulta externa,repetidas en personas de 60 anos o mas,2005-02-01,0,2,0,2,2
TOLEDO,consulta externa,repetidas en personas de 60 anos o mas,2005-02-01,0,3,0,3,3
TOMAVE,consulta externa,repetidas en personas de 60 anos o mas,2005-02-01,5,3,5,3,8
TOMINA,consulta externa,repetidas en personas de 60 anos o mas,2005-02-01,1,1,1,1,2
TORO TORO,consulta externa,repetidas en personas de 60 anos o mas,2005-02-01,2,9,2,9,11
TOTORA(CBBA),consulta externa,repetidas en personas de 60 anos o mas,2005-02-01,8,2,8,2,10
TOTORA(ORR),consulta externa,repetidas en personas de 60 anos o mas,2005-02-01,0,1,0,1,1
TRIGAL,consulta externa,repetidas en personas de 60 anos o mas,2005-02-01,1,4,1,4,5
TRINIDAD,consulta externa,repetidas en personas de 60 anos o mas,2005-02-01,233,197,233,197,430
TUPIZA,consulta externa,repetidas en personas de 60 anos o mas,2005-02-01,43,65,43,65,108
UNCIA,consulta externa,repetidas en personas de 60 anos o mas,2005-02-01,40,59,40,59,99
UYUNI,consulta externa,repetidas en personas de 60 anos o mas,2005-02-01,26,39,26,39,65
VACAS,consulta externa,repetidas en personas de 60 anos o mas,2005-02-01,6,1,6,1,7
VALLEGRANDE,consulta externa,repetidas en personas de 60 anos o mas,2005-02-01,122,173,122,173,295
VIACHA,consulta externa,repetidas en personas de 60 anos o mas,2005-02-01,108,105,108,105,213
VILA VILA,consulta externa,repetidas en personas de 60 anos o mas,2005-02-01,2,3,2,3,5
VILLA MONTES,consulta externa,repetidas en personas de 60 anos o mas,2005-02-01,34,63,34,63,97
VILLA RIVERO,consulta externa,repetidas en personas de 60 anos o mas,2005-02-01,3,6,3,6,9
VILLA SERRANO,consulta externa,repetidas en personas de 60 anos o mas,2005-02-01,2,2,2,2,4
VILLA TUNARI,consulta externa,repetidas en personas de 60 anos o mas,2005-02-01,25,10,25,10,35
VILLA VACA GUZMAN (MUYUPAMPA),consulta externa,repetidas en personas de 60 anos o mas,2005-02-01,3,5,3,5,8
VILLAZON,consulta externa,repetidas en personas de 60 anos o mas,2005-02-01,42,49,42,49,91
VINTO,consulta externa,repetidas en personas de 60 anos o mas,2005-02-01,2,7,2,7,9
VITICHI,consulta externa,repetidas en personas de 60 anos o mas,2005-02-01,7,13,7,13,20
WALDO BALLIVIAN,consulta externa,repetidas en personas de 60 anos o mas,2005-02-01,0,1,0,1,1
WARNES,consulta externa,repetidas en personas de 60 anos o mas,2005-02-01,2,12,2,12,14
YACO,consulta externa,repetidas en personas de 60 anos o mas,2005-02-01,2,1,2,1,3
YACUIBA,consulta externa,repetidas en personas de 60 anos o mas,2005-02-01,96,194,96,194,290
YAMPARAEZ,consulta externa,repetidas en personas de 60 anos o mas,2005-02-01,4,3,4,3,7
YANACACHI,consulta externa,repetidas en personas de 60 anos o mas,2005-02-01,2,1,2,1,3
YAPACANI,consulta externa,repetidas en personas de 60 anos o mas,2005-02-01,7,3,7,3,10
YOCALLA,consulta externa,repetidas en personas de 60 anos o mas,2005-02-01,0,1,0,1,1
YOTALA,consulta externa,repetidas en personas de 60 anos o mas,2005-02-01,4,16,4,16,20
ZUDAÑEZ,consulta externa,repetidas en personas de 60 anos o mas,2005-02-01,1,1,1,1,2
ACACIO,consulta externa,repetidas en personas de 60 anos o mas,2005-03-01,1,0,1,0,1
ACHACACHI,consulta externa,repetidas en personas de 60 anos o mas,2005-03-01,26,24,26,24,50
ACHOCALLA,consulta externa,repetidas en personas de 60 anos o mas,2005-03-01,5,1,5,1,6
AIQUILE,consulta externa,repetidas en personas de 60 anos o mas,2005-03-01,38,49,38,49,87
ANTEQUERA,consulta externa,repetidas en personas de 60 anos o mas,2005-03-01,0,1,0,1,1
ANZALDO,consulta externa,repetidas en personas de 60 anos o mas,2005-03-01,1,0,1,0,1
APOLO,consulta externa,repetidas en personas de 60 anos o mas,2005-03-01,5,3,5,3,8
ARANI,consulta externa,repetidas en personas de 60 anos o mas,2005-03-01,1,2,1,2,3
ARBIETO,consulta externa,repetidas en personas de 60 anos o mas,2005-03-01,2,4,2,4,6
ATOCHA,consulta externa,repetidas en personas de 60 anos o mas,2005-03-01,34,45,34,45,79
AUCAPATA,consulta externa,repetidas en personas de 60 anos o mas,2005-03-01,4,1,4,1,5
AYATA,consulta externa,repetidas en personas de 60 anos o mas,2005-03-01,0,1,0,1,1
AYO AYO,consulta externa,repetidas en personas de 60 anos o mas,2005-03-01,2,0,2,0,2
AYOPAYA (V. DE INDEPENDENCIA),consulta externa,repetidas en personas de 60 anos o mas,2005-03-01,1,6,1,6,7
AZURDUY,consulta externa,repetidas en personas de 60 anos o mas,2005-03-01,4,2,4,2,6
BATALLAS,consulta externa,repetidas en personas de 60 anos o mas,2005-03-01,4,1,4,1,5
BAURES,consulta externa,repetidas en personas de 60 anos o mas,2005-03-01,7,3,7,3,10
BELEN DE ANDAMARCA,consulta externa,repetidas en personas de 60 anos o mas,2005-03-01,2,4,2,4,6
BERMEJO,consulta externa,repetidas en personas de 60 anos o mas,2005-03-01,73,63,73,63,136
BETANZOS,consulta externa,repetidas en personas de 60 anos o mas,2005-03-01,24,30,24,30,54
BOLIVAR,consulta externa,repetidas en personas de 60 anos o mas,2005-03-01,3,2,3,2,5
BOYUIBE,consulta externa,repetidas en personas de 60 anos o mas,2005-03-01,4,10,4,10,14
BUENA VISTA,consulta externa,repetidas en personas de 60 anos o mas,2005-03-01,21,20,21,20,41
CABEZAS,consulta externa,repetidas en personas de 60 anos o mas,2005-03-01,0,1,0,1,1
CAIROMA,consulta externa,repetidas en personas de 60 anos o mas,2005-03-01,1,0,1,0,1
"CAIZA ""D""",consulta externa,repetidas en personas de 60 anos o mas,2005-03-01,6,6,6,6,12
CAJUATA,consulta externa,repetidas en personas de 60 anos o mas,2005-03-01,1,1,1,1,2
CALACOTO,consulta externa,repetidas en personas de 60 anos o mas,2005-03-01,1,2,1,2,3
CALAMARCA,consulta externa,repetidas en personas de 60 anos o mas,2005-03-01,2,0,2,0,2
CAMARGO,consulta externa,repetidas en personas de 60 anos o mas,2005-03-01,14,25,14,25,39
CAMATAQUI (C. VILLA ABECIA),consulta externa,repetidas en personas de 60 anos o mas,2005-03-01,2,1,2,1,3
CAMIRI,consulta externa,repetidas en personas de 60 anos o mas,2005-03-01,49,108,49,108,157
CAPINOTA,consulta externa,repetidas en personas de 60 anos o mas,2005-03-01,0,5,0,5,5
CAQUIAVIRI,consulta externa,repetidas en personas de 60 anos o mas,2005-03-01,5,8,5,8,13
CARACOLLO,consulta externa,repetidas en personas de 60 anos o mas,2005-03-01,20,23,20,23,43
CARANAVI,consulta externa,repetidas en personas de 60 anos o mas,2005-03-01,13,7,13,7,20
CARAPARI,consulta externa,repetidas en personas de 60 anos o mas,2005-03-01,0,1,0,1,1
CARIPUYO,consulta externa,repetidas en personas de 60 anos o mas,2005-03-01,5,5,5,5,10
CATACORA,consulta externa,repetidas en personas de 60 anos o mas,2005-03-01,1,1,1,1,2
CHALLAPATA,consulta externa,repetidas en personas de 60 anos o mas,2005-03-01,3,4,3,4,7
CHAQUI,consulta externa,repetidas en personas de 60 anos o mas,2005-03-01,3,0,3,0,3
CHARAGUA,consulta externa,repetidas en personas de 60 anos o mas,2005-03-01,0,4,0,4,4
CHARAÑA,consulta externa,repetidas en personas de 60 anos o mas,2005-03-01,0,3,0,3,3
CHAYANTA,consulta externa,repetidas en personas de 60 anos o mas,2005-03-01,2,10,2,10,12
CHIMORE,consulta externa,repetidas en personas de 60 anos o mas,2005-03-01,0,1,0,1,1
CHOQUE COTA,consulta externa,repetidas en personas de 60 anos o mas,2005-03-01,7,7,7,7,14
CHULUMANI (V. DE LA LIBERTAD),consulta externa,repetidas en personas de 60 anos o mas,2005-03-01,40,10,40,10,50
CHUMA,consulta externa,repetidas en personas de 60 anos o mas,2005-03-01,5,9,5,9,14
CLIZA,consulta externa,repetidas en personas de 60 anos o mas,2005-03-01,1,1,1,1,2
COBIJA,consulta externa,repetidas en personas de 60 anos o mas,2005-03-01,56,112,56,112,168
COCHABAMBA,consulta externa,repetidas en personas de 60 anos o mas,2005-03-01,4701,6066,4701,6066,10767
COLCAPIRHUA,consulta externa,repetidas en personas de 60 anos o mas,2005-03-01,55,86,55,86,141
"COLCHA ""K""",consulta externa,repetidas en personas de 60 anos o mas,2005-03-01,8,10,8,10,18
COLLANA,consulta externa,repetidas en personas de 60 anos o mas,2005-03-01,2,2,2,2,4
COLOMI,consulta externa,repetidas en personas de 60 anos o mas,2005-03-01,1,1,1,1,2
COLPA BELGICA,consulta externa,repetidas en personas de 60 anos o mas,2005-03-01,2,0,2,0,2
COLQUECHACA,consulta externa,repetidas en personas de 60 anos o mas,2005-03-01,8,3,8,3,11
COLQUENCHA,consulta externa,repetidas en personas de 60 anos o mas,2005-03-01,5,6,5,6,11
COLQUIRI,consulta externa,repetidas en personas de 60 anos o mas,2005-03-01,4,3,4,3,7
COMANCHE,consulta externa,repetidas en personas de 60 anos o mas,2005-03-01,1,1,1,1,2
COMARAPA,consulta externa,repetidas en personas de 60 anos o mas,2005-03-01,15,22,15,22,37
COMBAYA,consulta externa,repetidas en personas de 60 anos o mas,2005-03-01,0,3,0,3,3
CONCEPCION,consulta externa,repetidas en personas de 60 anos o mas,2005-03-01,9,6,9,6,15
CORO CORO,consulta externa,repetidas en personas de 60 anos o mas,2005-03-01,0,2,0,2,2
COROICO,consulta externa,repetidas en personas de 60 anos o mas,2005-03-01,35,22,35,22,57
CORQUE,consulta externa,repetidas en personas de 60 anos o mas,2005-03-01,17,6,17,6,23
COTAGAITA,consulta externa,repetidas en personas de 60 anos o mas,2005-03-01,21,41,21,41,62
COTOCA,consulta externa,repetidas en personas de 60 anos o mas,2005-03-01,1,0,1,0,1
CUATRO CAÑADAS,consulta externa,repetidas en personas de 60 anos o mas,2005-03-01,1,6,1,6,7
CUEVO,consulta externa,repetidas en personas de 60 anos o mas,2005-03-01,3,6,3,6,9
CULPINA,consulta externa,repetidas en personas de 60 anos o mas,2005-03-01,2,2,2,2,4
CURVA,consulta externa,repetidas en personas de 60 anos o mas,2005-03-01,2,1,2,1,3
DESAGUADERO,consulta externa,repetidas en personas de 60 anos o mas,2005-03-01,2,3,2,3,5
EL ALTO,consulta externa,repetidas en personas de 60 anos o mas,2005-03-01,811,850,811,850,1661
EL PUENTE(TJA),consulta externa,repetidas en personas de 60 anos o mas,2005-03-01,4,1,4,1,5
EL TORNO,consulta externa,repetidas en personas de 60 anos o mas,2005-03-01,154,154,154,154,308
EL VILLAR,consulta externa,repetidas en personas de 60 anos o mas,2005-03-01,3,5,3,5,8
ENTRE RIOS,consulta externa,repetidas en personas de 60 anos o mas,2005-03-01,3,1,3,1,4
ENTRE RIOS,consulta externa,repetidas en personas de 60 anos o mas,2005-03-01,6,5,6,5,11
EUCALIPTUS,consulta externa,repetidas en personas de 60 anos o mas,2005-03-01,1,0,1,0,1
EXALTACION,consulta externa,repetidas en personas de 60 anos o mas,2005-03-01,0,1,0,1,1
FERNANDEZ ALONSO,consulta externa,repetidas en personas de 60 anos o mas,2005-03-01,3,4,3,4,7
GENERAL SAAVEDRA,consulta externa,repetidas en personas de 60 anos o mas,2005-03-01,2,1,2,1,3
GRAL. J.J. PEREZ (CHARAZANI),consulta externa,repetidas en personas de 60 anos o mas,2005-03-01,0,1,0,1,1
GUANAY,consulta externa,repetidas en personas de 60 anos o mas,2005-03-01,4,3,4,3,7
GUAQUI,consulta externa,repetidas en personas de 60 anos o mas,2005-03-01,0,3,0,3,3
GUAYARAMERIN,consulta externa,repetidas en personas de 60 anos o mas,2005-03-01,180,145,180,145,325
GUTIERREZ,consulta externa,repetidas en personas de 60 anos o mas,2005-03-01,4,2,4,2,6
HUACARETA,consulta externa,repetidas en personas de 60 anos o mas,2005-03-01,3,5,3,5,8
HUACHACALLA,consulta externa,repetidas en personas de 60 anos o mas,2005-03-01,3,0,3,0,3
HUANUNI,consulta externa,repetidas en personas de 60 anos o mas,2005-03-01,39,67,39,67,106
HUARACAJE,consulta externa,repetidas en personas de 60 anos o mas,2005-03-01,4,7,4,7,11
HUAYLLAMARCA,consulta externa,repetidas en personas de 60 anos o mas,2005-03-01,1,4,1,4,5
ICHOCA,consulta externa,repetidas en personas de 60 anos o mas,2005-03-01,0,2,0,2,2
ICLA,consulta externa,repetidas en personas de 60 anos o mas,2005-03-01,1,2,1,2,3
INCAHUASI,consulta externa,repetidas en personas de 60 anos o mas,2005-03-01,6,3,6,3,9
INGAVI (HUMAITA),consulta externa,repetidas en personas de 60 anos o mas,2005-03-01,1,1,1,1,2
INQUISIVI,consulta externa,repetidas en personas de 60 anos o mas,2005-03-01,4,3,4,3,7
IRUPANA (VILLA DE LANZA),consulta externa,repetidas en personas de 60 anos o mas,2005-03-01,7,1,7,1,8
IXIAMAS,consulta externa,repetidas en personas de 60 anos o mas,2005-03-01,1,0,1,0,1
JESUS DE MACHACA,consulta externa,repetidas en personas de 60 anos o mas,2005-03-01,11,5,11,5,16
LA ASUNTA,consulta externa,repetidas en personas de 60 anos o mas,2005-03-01,1,1,1,1,2
LA GUARDIA,consulta externa,repetidas en personas de 60 anos o mas,2005-03-01,1,2,1,2,3
LA PAZ,consulta externa,repetidas en personas de 60 anos o mas,2005-03-01,8894,12937,8894,12937,21831
LAGUNILLAS,consulta externa,repetidas en personas de 60 anos o mas,2005-03-01,0,1,0,1,1
LAJA,consulta externa,repetidas en personas de 60 anos o mas,2005-03-01,2,1,2,1,3
LAS CARRERAS,consulta externa,repetidas en personas de 60 anos o mas,2005-03-01,9,12,9,12,21
LLALLAGUA,consulta externa,repetidas en personas de 60 anos o mas,2005-03-01,42,44,42,44,86
LLICA,consulta externa,repetidas en personas de 60 anos o mas,2005-03-01,14,11,14,11,25
LORETO,consulta externa,repetidas en personas de 60 anos o mas,2005-03-01,1,0,1,0,1
MACHACAMARCA,consulta externa,repetidas en personas de 60 anos o mas,2005-03-01,34,38,34,38,72
MACHARETI,consulta externa,repetidas en personas de 60 anos o mas,2005-03-01,4,3,4,3,7
MAGDALENA,consulta externa,repetidas en personas de 60 anos o mas,2005-03-01,58,70,58,70,128
MAIRANA,consulta externa,repetidas en personas de 60 anos o mas,2005-03-01,4,5,4,5,9
MAPIRI,consulta externa,repetidas en personas de 60 anos o mas,2005-03-01,6,1,6,1,7
MECAPACA,consulta externa,repetidas en personas de 60 anos o mas,2005-03-01,6,3,6,3,9
MINEROS,consulta externa,repetidas en personas de 60 anos o mas,2005-03-01,3,1,3,1,4
MIZQUE,consulta externa,repetidas en personas de 60 anos o mas,2005-03-01,2,3,2,3,5
MOCOMOCO,consulta externa,repetidas en personas de 60 anos o mas,2005-03-01,2,8,2,8,10
MOJINETE,consulta externa,repetidas en personas de 60 anos o mas,2005-03-01,6,1,6,1,7
MOJOCOYA,consulta externa,repetidas en personas de 60 anos o mas,2005-03-01,0,2,0,2,2
MONTEAGUDO,consulta externa,repetidas en personas de 60 anos o mas,2005-03-01,64,66,64,66,130
MONTERO,consulta externa,repetidas en personas de 60 anos o mas,2005-03-01,468,555,468,555,1023
MORO MORO,consulta externa,repetidas en personas de 60 anos o mas,2005-03-01,2,0,2,0,2
MOROCHATA,consulta externa,repetidas en personas de 60 anos o mas,2005-03-01,2,6,2,6,8
OCURI,consulta externa,repetidas en personas de 60 anos o mas,2005-03-01,0,2,0,2,2
OKINAWA,consulta externa,repetidas en personas de 60 anos o mas,2005-03-01,14,18,14,18,32
OMEREQUE,consulta externa,repetidas en personas de 60 anos o mas,2005-03-01,3,5,3,5,8
ORURO,consulta externa,repetidas en personas de 60 anos o mas,2005-03-01,1372,1698,1372,1698,3070
PADCAYA,consulta externa,repetidas en personas de 60 anos o mas,2005-03-01,3,8,3,8,11
PADILLA,consulta externa,repetidas en personas de 60 anos o mas,2005-03-01,21,16,21,16,37
PALCA,consulta externa,repetidas en personas de 60 anos o mas,2005-03-01,1,2,1,2,3
PALOS BLANCOS,consulta externa,repetidas en personas de 60 anos o mas,2005-03-01,2,6,2,6,8
PAMPA AULLAGAS,consulta externa,repetidas en personas de 60 anos o mas,2005-03-01,0,2,0,2,2
PAMPA GRANDE,consulta externa,repetidas en personas de 60 anos o mas,2005-03-01,5,17,5,17,22
PAPEL PAMPA,consulta externa,repetidas en personas de 60 anos o mas,2005-03-01,1,1,1,1,2
PASORAPA,consulta externa,repetidas en personas de 60 anos o mas,2005-03-01,1,1,1,1,2
PATACAMAYA,consulta externa,repetidas en personas de 60 anos o mas,2005-03-01,1,1,1,1,2
PAZÑA,consulta externa,repetidas en personas de 60 anos o mas,2005-03-01,9,16,9,16,25
PELECHUCO,consulta externa,repetidas en personas de 60 anos o mas,2005-03-01,1,2,1,2,3
POCOATA,consulta externa,repetidas en personas de 60 anos o mas,2005-03-01,5,3,5,3,8
POOPO,consulta externa,repetidas en personas de 60 anos o mas,2005-03-01,9,10,9,10,19
PORCO,consulta externa,repetidas en personas de 60 anos o mas,2005-03-01,1,2,1,2,3
POROMA,consulta externa,repetidas en personas de 60 anos o mas,2005-03-01,2,2,2,2,4
PORTACHUELO,consulta externa,repetidas en personas de 60 anos o mas,2005-03-01,23,27,23,27,50
POSTRER VALLE,consulta externa,repetidas en personas de 60 anos o mas,2005-03-01,1,9,1,9,10
POTOSI,consulta externa,repetidas en personas de 60 anos o mas,2005-03-01,934,1156,934,1156,2090
PRESTO,consulta externa,repetidas en personas de 60 anos o mas,2005-03-01,0,3,0,3,3
PUCARANI,consulta externa,repetidas en personas de 60 anos o mas,2005-03-01,4,5,4,5,9
PUERTO ACOSTA,consulta externa,repetidas en personas de 60 anos o mas,2005-03-01,45,33,45,33,78
PUERTO CARABUCO,consulta externa,repetidas en personas de 60 anos o mas,2005-03-01,1,4,1,4,5
PUERTO GONZALO MORENO,consulta externa,repetidas en personas de 60 anos o mas,2005-03-01,9,10,9,10,19
PUERTO PEREZ,consulta externa,repetidas en personas de 60 anos o mas,2005-03-01,0,2,0,2,2
PUERTO QUIJARRO,consulta externa,repetidas en personas de 60 anos o mas,2005-03-01,2,5,2,5,7
PUERTO RICO,consulta externa,repetidas en personas de 60 anos o mas,2005-03-01,7,9,7,9,16
PUERTO SILES,consulta externa,repetidas en personas de 60 anos o mas,2005-03-01,3,4,3,4,7
PUERTO SUAREZ,consulta externa,repetidas en personas de 60 anos o mas,2005-03-01,9,14,9,14,23
PUERTO VILLARROEL,consulta externa,repetidas en personas de 60 anos o mas,2005-03-01,2,5,2,5,7
PUNA,consulta externa,repetidas en personas de 60 anos o mas,2005-03-01,12,9,12,9,21
PUNATA,consulta externa,repetidas en personas de 60 anos o mas,2005-03-01,84,114,84,114,198
QUIABAYA,consulta externa,repetidas en personas de 60 anos o mas,2005-03-01,0,4,0,4,4
QUILLACOLLO,consulta externa,repetidas en personas de 60 anos o mas,2005-03-01,335,417,335,417,752
QUIME,consulta externa,repetidas en personas de 60 anos o mas,2005-03-01,2,1,2,1,3
REYES,consulta externa,repetidas en personas de 60 anos o mas,2005-03-01,42,56,42,56,98
RIBERALTA,consulta externa,repetidas en personas de 60 anos o mas,2005-03-01,155,206,155,206,361
ROBORE,consulta externa,repetidas en personas de 60 anos o mas,2005-03-01,14,14,14,14,28
RURRENABAQUE,consulta externa,repetidas en personas de 60 anos o mas,2005-03-01,43,23,43,23,66
SABAYA,consulta externa,repetidas en personas de 60 anos o mas,2005-03-01,3,2,3,2,5
SACABA,consulta externa,repetidas en personas de 60 anos o mas,2005-03-01,85,105,85,105,190
SACABAMBA,consulta externa,repetidas en personas de 60 anos o mas,2005-03-01,1,4,1,4,5
SACACA,consulta externa,repetidas en personas de 60 anos o mas,2005-03-01,0,1,0,1,1
SAIPINA,consulta externa,repetidas en personas de 60 anos o mas,2005-03-01,3,6,3,6,9
SALINAS DE GARCI MENDOZA,consulta externa,repetidas en personas de 60 anos o mas,2005-03-01,4,6,4,6,10
SAMAIPATA,consulta externa,repetidas en personas de 60 anos o mas,2005-03-01,1,0,1,0,1
SAN AGUSTIN,consulta externa,repetidas en personas de 60 anos o mas,2005-03-01,1,1,1,1,2
SAN ANDRES,consulta externa,repetidas en personas de 60 anos o mas,2005-03-01,4,4,4,4,8
SAN ANDRES DE MACHACA,consulta externa,repetidas en personas de 60 anos o mas,2005-03-01,0,2,0,2,2
SAN ANTONIO DE ESMORUCO,consulta externa,repetidas en personas de 60 anos o mas,2005-03-01,2,2,2,2,4
SAN ANTONIO DE LOMERIO,consulta externa,repetidas en personas de 60 anos o mas,2005-03-01,1,0,1,0,1
SAN BENITO,consulta externa,repetidas en personas de 60 anos o mas,2005-03-01,9,6,9,6,15
SAN BORJA,consulta externa,repetidas en personas de 60 anos o mas,2005-03-01,48,46,48,46,94
SAN BUENA VENTURA,consulta externa,repetidas en personas de 60 anos o mas,2005-03-01,1,2,1,2,3
SAN CARLOS,consulta externa,repetidas en personas de 60 anos o mas,2005-03-01,6,2,6,2,8
SAN IGNACIO,consulta externa,repetidas en personas de 60 anos o mas,2005-03-01,9,5,9,5,14
SAN IGNACIO DE VELASCO,consulta externa,repetidas en personas de 60 anos o mas,2005-03-01,71,74,71,74,145
SAN JAVIER(BNI),consulta externa,repetidas en personas de 60 anos o mas,2005-03-01,3,1,3,1,4
SAN JAVIER(STC),consulta externa,repetidas en personas de 60 anos o mas,2005-03-01,3,2,3,2,5
SAN JOAQUIN,consulta externa,repetidas en personas de 60 anos o mas,2005-03-01,10,22,10,22,32
SAN JOSE DE CHIQUITOS,consulta externa,repetidas en personas de 60 anos o mas,2005-03-01,18,26,18,26,44
SAN JUAN DE YAPACANI,consulta externa,repetidas en personas de 60 anos o mas,2005-03-01,3,6,3,6,9
SAN JULIAN,consulta externa,repetidas en personas de 60 anos o mas,2005-03-01,11,18,11,18,29
SAN LORENZO(PND),consulta externa,repetidas en personas de 60 anos o mas,2005-03-01,3,2,3,2,5
SAN LORENZO(TJA),consulta externa,repetidas en personas de 60 anos o mas,2005-03-01,4,7,4,7,11
SAN LUCAS,consulta externa,repetidas en personas de 60 anos o mas,2005-03-01,1,7,1,7,8
SAN MATIAS,consulta externa,repetidas en personas de 60 anos o mas,2005-03-01,1,0,1,0,1
SAN MIGUEL DE VELASCO,consulta externa,repetidas en personas de 60 anos o mas,2005-03-01,31,78,31,78,109
SAN PABLO DE LIPEZ,consulta externa,repetidas en personas de 60 anos o mas,2005-03-01,6,5,6,5,11
SAN PEDRO,consulta externa,repetidas en personas de 60 anos o mas,2005-03-01,4,3,4,3,7
SAN PEDRO DE CURAHUARA,consulta externa,repetidas en personas de 60 anos o mas,2005-03-01,1,1,1,1,2
SAN PEDRO DE QUEMES,consulta externa,repetidas en personas de 60 anos o mas,2005-03-01,0,1,0,1,1
SAN PEDRO DE TIQUINA,consulta externa,repetidas en personas de 60 anos o mas,2005-03-01,6,4,6,4,10
SAN RAFAEL,consulta externa,repetidas en personas de 60 anos o mas,2005-03-01,1,2,1,2,3
SAN RAMON,consulta externa,repetidas en personas de 60 anos o mas,2005-03-01,23,16,23,16,39
SAN RAMON,consulta externa,repetidas en personas de 60 anos o mas,2005-03-01,0,7,0,7,7
SANTA ANA,consulta externa,repetidas en personas de 60 anos o mas,2005-03-01,85,126,85,126,211
SANTA CRUZ DE LA SIERRA,consulta externa,repetidas en personas de 60 anos o mas,2005-03-01,2372,4055,2372,4055,6427
SANTA ROSA,consulta externa,repetidas en personas de 60 anos o mas,2005-03-01,0,1,0,1,1
SANTA ROSA DEL SARA,consulta externa,repetidas en personas de 60 anos o mas,2005-03-01,7,2,7,2,9
SANTIAGO DE CALLAPA,consulta externa,repetidas en personas de 60 anos o mas,2005-03-01,1,14,1,14,15
SANTIAGO DE HUARI,consulta externa,repetidas en personas de 60 anos o mas,2005-03-01,7,8,7,8,15
SANTIAGO DE MACHACA,consulta externa,repetidas en personas de 60 anos o mas,2005-03-01,1,0,1,0,1
SANTIVAÑES,consulta externa,repetidas en personas de 60 anos o mas,2005-03-01,5,5,5,5,10
SAPAHAQUI,consulta externa,repetidas en personas de 60 anos o mas,2005-03-01,2,3,2,3,5
SICA SICA (VILLA AROMA),consulta externa,repetidas en personas de 60 anos o mas,2005-03-01,1,0,1,0,1
SICAYA,consulta externa,repetidas en personas de 60 anos o mas,2005-03-01,0,1,0,1,1
SIPE SIPE,consulta externa,repetidas en personas de 60 anos o mas,2005-03-01,8,16,8,16,24
SOPACHUY,consulta externa,repetidas en personas de 60 anos o mas,2005-03-01,3,1,3,1,4
SORATA,consulta externa,repetidas en personas de 60 anos o mas,2005-03-01,5,3,5,3,8
SUCRE,consulta externa,repetidas en personas de 60 anos o mas,2005-03-01,1539,2076,1539,2076,3615
TACACHI,consulta externa,repetidas en personas de 60 anos o mas,2005-03-01,7,10,7,10,17
TACOBAMBA,consulta externa,repetidas en personas de 60 anos o mas,2005-03-01,0,3,0,3,3
TACOPAYA,consulta externa,repetidas en personas de 60 anos o mas,2005-03-01,2,1,2,1,3
TAHUA,consulta externa,repetidas en personas de 60 anos o mas,2005-03-01,0,1,0,1,1
TAPACARI,consulta externa,repetidas en personas de 60 anos o mas,2005-03-01,2,7,2,7,9
TARABUCO,consulta externa,repetidas en personas de 60 anos o mas,2005-03-01,9,27,9,27,36
TARACO,consulta externa,repetidas en personas de 60 anos o mas,2005-03-01,1,2,1,2,3
TARATA,consulta externa,repetidas en personas de 60 anos o mas,2005-03-01,1,3,1,3,4
TARIJA,consulta externa,repetidas en personas de 60 anos o mas,2005-03-01,1620,2363,1620,2363,3983
TARVITA,consulta externa,repetidas en personas de 60 anos o mas,2005-03-01,3,12,3,12,15
TEOPONTE,consulta externa,repetidas en personas de 60 anos o mas,2005-03-01,1,0,1,0,1
TIAWANACU,consulta externa,repetidas en personas de 60 anos o mas,2005-03-01,0,1,0,1,1
TIPUANI,consulta externa,repetidas en personas de 60 anos o mas,2005-03-01,1,6,1,6,7
TIQUIPAYA,consulta externa,repetidas en personas de 60 anos o mas,2005-03-01,2,10,2,10,12
TIRAQUE (CBBA),consulta externa,repetidas en personas de 60 anos o mas,2005-03-01,2,7,2,7,9
TITO YUPANQUI (PARQUIPUJIO),consulta externa,repetidas en personas de 60 anos o mas,2005-03-01,0,1,0,1,1
TOLATA,consulta externa,repetidas en personas de 60 anos o mas,2005-03-01,0,1,0,1,1
TOMAVE,consulta externa,repetidas en personas de 60 anos o mas,2005-03-01,3,1,3,1,4
TOMINA,consulta externa,repetidas en personas de 60 anos o mas,2005-03-01,0,1,0,1,1
TORO TORO,consulta externa,repetidas en personas de 60 anos o mas,2005-03-01,2,0,2,0,2
TOTORA(CBBA),consulta externa,repetidas en personas de 60 anos o mas,2005-03-01,4,8,4,8,12
TRIGAL,consulta externa,repetidas en personas de 60 anos o mas,2005-03-01,1,0,1,0,1
TRINIDAD,consulta externa,repetidas en personas de 60 anos o mas,2005-03-01,177,182,177,182,359
TUPIZA,consulta externa,repetidas en personas de 60 anos o mas,2005-03-01,49,58,49,58,107
TURCO,consulta externa,repetidas en personas de 60 anos o mas,2005-03-01,0,2,0,2,2
UMALA,consulta externa,repetidas en personas de 60 anos o mas,2005-03-01,1,0,1,0,1
UNCIA,consulta externa,repetidas en personas de 60 anos o mas,2005-03-01,52,87,52,87,139
URUBICHA,consulta externa,repetidas en personas de 60 anos o mas,2005-03-01,1,0,1,0,1
UYUNI,consulta externa,repetidas en personas de 60 anos o mas,2005-03-01,28,30,28,30,58
VACAS,consulta externa,repetidas en personas de 60 anos o mas,2005-03-01,17,11,17,11,28
VALLEGRANDE,consulta externa,repetidas en personas de 60 anos o mas,2005-03-01,149,201,149,201,350
VIACHA,consulta externa,repetidas en personas de 60 anos o mas,2005-03-01,163,157,163,157,320
VILA VILA,consulta externa,repetidas en personas de 60 anos o mas,2005-03-01,1,2,1,2,3
VILLA MONTES,consulta externa,repetidas en personas de 60 anos o mas,2005-03-01,61,65,61,65,126
VILLA RIVERO,consulta externa,repetidas en personas de 60 anos o mas,2005-03-01,4,3,4,3,7
VILLA SERRANO,consulta externa,repetidas en personas de 60 anos o mas,2005-03-01,1,2,1,2,3
VILLA TUNARI,consulta externa,repetidas en personas de 60 anos o mas,2005-03-01,26,13,26,13,39
VILLA VACA GUZMAN (MUYUPAMPA),consulta externa,repetidas en personas de 60 anos o mas,2005-03-01,2,6,2,6,8
VILLAZON,consulta externa,repetidas en personas de 60 anos o mas,2005-03-01,83,78,83,78,161
VINTO,consulta externa,repetidas en personas de 60 anos o mas,2005-03-01,4,7,4,7,11
VITICHI,consulta externa,repetidas en personas de 60 anos o mas,2005-03-01,7,14,7,14,21
WALDO BALLIVIAN,consulta externa,repetidas en personas de 60 anos o mas,2005-03-01,0,2,0,2,2
WARNES,consulta externa,repetidas en personas de 60 anos o mas,2005-03-01,38,41,38,41,79
YACO,consulta externa,repetidas en personas de 60 anos o mas,2005-03-01,3,0,3,0,3
YACUIBA,consulta externa,repetidas en personas de 60 anos o mas,2005-03-01,118,261,118,261,379
YAMPARAEZ,consulta externa,repetidas en personas de 60 anos o mas,2005-03-01,2,3,2,3,5
YANACACHI,consulta externa,repetidas en personas de 60 anos o mas,2005-03-01,3,1,3,1,4
YAPACANI,consulta externa,repetidas en personas de 60 anos o mas,2005-03-01,4,3,4,3,7
YOCALLA,consulta externa,repetidas en personas de 60 anos o mas,2005-03-01,2,3,2,3,5
YOTALA,consulta externa,repetidas en personas de 60 anos o mas,2005-03-01,10,13,10,13,23
ZUDAÑEZ,consulta externa,repetidas en personas de 60 anos o mas,2005-03-01,2,4,2,4,6
ACACIO,consulta externa,repetidas en personas de 60 anos o mas,2005-04-01,0,3,0,3,3
ACHACACHI,consulta externa,repetidas en personas de 60 anos o mas,2005-04-01,19,28,19,28,47
ACHOCALLA,consulta externa,repetidas en personas de 60 anos o mas,2005-04-01,3,0,3,0,3
AIQUILE,consulta externa,repetidas en personas de 60 anos o mas,2005-04-01,32,43,32,43,75
ALCALA,consulta externa,repetidas en personas de 60 anos o mas,2005-04-01,2,0,2,0,2
ANCORAIMES,consulta externa,repetidas en personas de 60 anos o mas,2005-04-01,2,2,2,2,4
ANDAMARCA,consulta externa,repetidas en personas de 60 anos o mas,2005-04-01,0,2,0,2,2
ANTEQUERA,consulta externa,repetidas en personas de 60 anos o mas,2005-04-01,0,1,0,1,1
ANZALDO,consulta externa,repetidas en personas de 60 anos o mas,2005-04-01,2,0,2,0,2
APOLO,consulta externa,repetidas en personas de 60 anos o mas,2005-04-01,6,6,6,6,12
ARANI,consulta externa,repetidas en personas de 60 anos o mas,2005-04-01,7,2,7,2,9
ARBIETO,consulta externa,repetidas en personas de 60 anos o mas,2005-04-01,2,2,2,2,4
ATOCHA,consulta externa,repetidas en personas de 60 anos o mas,2005-04-01,32,48,32,48,80
AUCAPATA,consulta externa,repetidas en personas de 60 anos o mas,2005-04-01,0,4,0,4,4
AYO AYO,consulta externa,repetidas en personas de 60 anos o mas,2005-04-01,1,1,1,1,2
AYOPAYA (V. DE INDEPENDENCIA),consulta externa,repetidas en personas de 60 anos o mas,2005-04-01,3,6,3,6,9
AZURDUY,consulta externa,repetidas en personas de 60 anos o mas,2005-04-01,2,4,2,4,6
BATALLAS,consulta externa,repetidas en personas de 60 anos o mas,2005-04-01,5,5,5,5,10
BAURES,consulta externa,repetidas en personas de 60 anos o mas,2005-04-01,15,13,15,13,28
BELEN DE ANDAMARCA,consulta externa,repetidas en personas de 60 anos o mas,2005-04-01,1,0,1,0,1
BELEN DE URMIRI,consulta externa,repetidas en personas de 60 anos o mas,2005-04-01,1,0,1,0,1
BERMEJO,consulta externa,repetidas en personas de 60 anos o mas,2005-04-01,51,57,51,57,108
BETANZOS,consulta externa,repetidas en personas de 60 anos o mas,2005-04-01,31,48,31,48,79
BOLIVAR,consulta externa,repetidas en personas de 60 anos o mas,2005-04-01,1,2,1,2,3
BOLPEBRA,consulta externa,repetidas en personas de 60 anos o mas,2005-04-01,0,1,0,1,1
BOYUIBE,consulta externa,repetidas en personas de 60 anos o mas,2005-04-01,7,3,7,3,10
BUENA VISTA,consulta externa,repetidas en personas de 60 anos o mas,2005-04-01,38,24,38,24,62
CAIROMA,consulta externa,repetidas en personas de 60 anos o mas,2005-04-01,6,6,6,6,12
"CAIZA ""D""",consulta externa,repetidas en personas de 60 anos o mas,2005-04-01,0,3,0,3,3
CAJUATA,consulta externa,repetidas en personas de 60 anos o mas,2005-04-01,2,3,2,3,5
CALACOTO,consulta externa,repetidas en personas de 60 anos o mas,2005-04-01,8,6,8,6,14
CALAMARCA,consulta externa,repetidas en personas de 60 anos o mas,2005-04-01,1,1,1,1,2
CAMARGO,consulta externa,repetidas en personas de 60 anos o mas,2005-04-01,12,30,12,30,42
CAMATAQUI (C. VILLA ABECIA),consulta externa,repetidas en personas de 60 anos o mas,2005-04-01,1,4,1,4,5
CAMIRI,consulta externa,repetidas en personas de 60 anos o mas,2005-04-01,40,96,40,96,136
CAPINOTA,consulta externa,repetidas en personas de 60 anos o mas,2005-04-01,11,15,11,15,26
CAQUIAVIRI,consulta externa,repetidas en personas de 60 anos o mas,2005-04-01,13,4,13,4,17
CARACOLLO,consulta externa,repetidas en personas de 60 anos o mas,2005-04-01,14,12,14,12,26
CARANAVI,consulta externa,repetidas en personas de 60 anos o mas,2005-04-01,5,4,5,4,9
CARAPARI,consulta externa,repetidas en personas de 60 anos o mas,2005-04-01,1,1,1,1,2
CATACORA,consulta externa,repetidas en personas de 60 anos o mas,2005-04-01,0,2,0,2,2
CHALLAPATA,consulta externa,repetidas en personas de 60 anos o mas,2005-04-01,12,10,12,10,22
CHAQUI,consulta externa,repetidas en personas de 60 anos o mas,2005-04-01,0,1,0,1,1
CHARAGUA,consulta externa,repetidas en personas de 60 anos o mas,2005-04-01,3,2,3,2,5
CHARAÑA,consulta externa,repetidas en personas de 60 anos o mas,2005-04-01,1,0,1,0,1
CHAYANTA,consulta externa,repetidas en personas de 60 anos o mas,2005-04-01,3,9,3,9,12
CHIMORE,consulta externa,repetidas en personas de 60 anos o mas,2005-04-01,4,0,4,0,4
CHULUMANI (V. DE LA LIBERTAD),consulta externa,repetidas en personas de 60 anos o mas,2005-04-01,53,24,53,24,77
CHUMA,consulta externa,repetidas en personas de 60 anos o mas,2005-04-01,7,13,7,13,20
CLIZA,consulta externa,repetidas en personas de 60 anos o mas,2005-04-01,0,1,0,1,1
COBIJA,consulta externa,repetidas en personas de 60 anos o mas,2005-04-01,57,132,57,132,189
COCHABAMBA,consulta externa,repetidas en personas de 60 anos o mas,2005-04-01,4698,6207,4698,6207,10905
COLCAPIRHUA,consulta externa,repetidas en personas de 60 anos o mas,2005-04-01,64,90,64,90,154
"COLCHA ""K""",consulta externa,repetidas en personas de 60 anos o mas,2005-04-01,3,6,3,6,9
COLLANA,consulta externa,repetidas en personas de 60 anos o mas,2005-04-01,3,0,3,0,3
COLOMI,consulta externa,repetidas en personas de 60 anos o mas,2005-04-01,1,0,1,0,1
COLPA BELGICA,consulta externa,repetidas en personas de 60 anos o mas,2005-04-01,42,29,42,29,71
COLQUECHACA,consulta externa,repetidas en personas de 60 anos o mas,2005-04-01,6,6,6,6,12
COLQUENCHA,consulta externa,repetidas en personas de 60 anos o mas,2005-04-01,2,2,2,2,4
COLQUIRI,consulta externa,repetidas en personas de 60 anos o mas,2005-04-01,1,1,1,1,2
COMANCHE,consulta externa,repetidas en personas de 60 anos o mas,2005-04-01,0,2,0,2,2
COMARAPA,consulta externa,repetidas en personas de 60 anos o mas,2005-04-01,8,24,8,24,32
COMBAYA,consulta externa,repetidas en personas de 60 anos o mas,2005-04-01,1,4,1,4,5
CONCEPCION,consulta externa,repetidas en personas de 60 anos o mas,2005-04-01,0,4,0,4,4
CORIPATA,consulta externa,repetidas en personas de 60 anos o mas,2005-04-01,1,0,1,0,1
CORO CORO,consulta externa,repetidas en personas de 60 anos o mas,2005-04-01,0,1,0,1,1
COROICO,consulta externa,repetidas en personas de 60 anos o mas,2005-04-01,33,53,33,53,86
CORQUE,consulta externa,repetidas en personas de 60 anos o mas,2005-04-01,9,10,9,10,19
COTAGAITA,consulta externa,repetidas en personas de 60 anos o mas,2005-04-01,19,27,19,27,46
CUATRO CAÑADAS,consulta externa,repetidas en personas de 60 anos o mas,2005-04-01,1,2,1,2,3
CUEVO,consulta externa,repetidas en personas de 60 anos o mas,2005-04-01,0,1,0,1,1
CULPINA,consulta externa,repetidas en personas de 60 anos o mas,2005-04-01,2,2,2,2,4
CURAHUARA DE CARANGAS,consulta externa,repetidas en personas de 60 anos o mas,2005-04-01,6,0,6,0,6
DESAGUADERO,consulta externa,repetidas en personas de 60 anos o mas,2005-04-01,0,3,0,3,3
EL ALTO,consulta externa,repetidas en personas de 60 anos o mas,2005-04-01,717,897,717,897,1614
EL CHORO,consulta externa,repetidas en personas de 60 anos o mas,2005-04-01,1,2,1,2,3
EL PUENTE(STC),consulta externa,repetidas en personas de 60 anos o mas,2005-04-01,2,2,2,2,4
EL PUENTE(TJA),consulta externa,repetidas en personas de 60 anos o mas,2005-04-01,2,1,2,1,3
EL TORNO,consulta externa,repetidas en personas de 60 anos o mas,2005-04-01,165,154,165,154,319
EL VILLAR,consulta externa,repetidas en personas de 60 anos o mas,2005-04-01,1,1,1,1,2
ENTRE RIOS,consulta externa,repetidas en personas de 60 anos o mas,2005-04-01,27,7,27,7,34
ENTRE RIOS,consulta externa,repetidas en personas de 60 anos o mas,2005-04-01,5,2,5,2,7
EXALTACION,consulta externa,repetidas en personas de 60 anos o mas,2005-04-01,1,1,1,1,2
FERNANDEZ ALONSO,consulta externa,repetidas en personas de 60 anos o mas,2005-04-01,5,6,5,6,11
GENERAL SAAVEDRA,consulta externa,repetidas en personas de 60 anos o mas,2005-04-01,0,1,0,1,1
GRAL. J.J. PEREZ (CHARAZANI),consulta externa,repetidas en personas de 60 anos o mas,2005-04-01,1,3,1,3,4
GUAYARAMERIN,consulta externa,repetidas en personas de 60 anos o mas,2005-04-01,118,126,118,126,244
GUTIERREZ,consulta externa,repetidas en personas de 60 anos o mas,2005-04-01,2,2,2,2,4
HUACARETA,consulta externa,repetidas en personas de 60 anos o mas,2005-04-01,3,3,3,3,6
HUACHACALLA,consulta externa,repetidas en personas de 60 anos o mas,2005-04-01,2,0,2,0,2
HUANUNI,consulta externa,repetidas en personas de 60 anos o mas,2005-04-01,1,2,1,2,3
HUARACAJE,consulta externa,repetidas en personas de 60 anos o mas,2005-04-01,1,4,1,4,5
ICLA,consulta externa,repetidas en personas de 60 anos o mas,2005-04-01,4,0,4,0,4
INCAHUASI,consulta externa,repetidas en personas de 60 anos o mas,2005-04-01,5,0,5,0,5
INQUISIVI,consulta externa,repetidas en personas de 60 anos o mas,2005-04-01,1,1,1,1,2
IRUPANA (VILLA DE LANZA),consulta externa,repetidas en personas de 60 anos o mas,2005-04-01,11,2,11,2,13
IXIAMAS,consulta externa,repetidas en personas de 60 anos o mas,2005-04-01,1,1,1,1,2
JESUS DE MACHACA,consulta externa,repetidas en personas de 60 anos o mas,2005-04-01,6,5,6,5,11
LA GUARDIA,consulta externa,repetidas en personas de 60 anos o mas,2005-04-01,6,3,6,3,9
LA PAZ,consulta externa,repetidas en personas de 60 anos o mas,2005-04-01,9043,12028,9043,12028,21071
LAGUNILLAS,consulta externa,repetidas en personas de 60 anos o mas,2005-04-01,1,1,1,1,2
LAJA,consulta externa,repetidas en personas de 60 anos o mas,2005-04-01,1,5,1,5,6
LAS CARRERAS,consulta externa,repetidas en personas de 60 anos o mas,2005-04-01,1,11,1,11,12
LLALLAGUA,consulta externa,repetidas en personas de 60 anos o mas,2005-04-01,45,47,45,47,92
LLICA,consulta externa,repetidas en personas de 60 anos o mas,2005-04-01,3,7,3,7,10
LORETO,consulta externa,repetidas en personas de 60 anos o mas,2005-04-01,17,1,17,1,18
LURIBAY,consulta externa,repetidas en personas de 60 anos o mas,2005-04-01,0,1,0,1,1
MACHACAMARCA,consulta externa,repetidas en personas de 60 anos o mas,2005-04-01,37,58,37,58,95
MACHARETI,consulta externa,repetidas en personas de 60 anos o mas,2005-04-01,3,1,3,1,4
MAGDALENA,consulta externa,repetidas en personas de 60 anos o mas,2005-04-01,76,107,76,107,183
MAPIRI,consulta externa,repetidas en personas de 60 anos o mas,2005-04-01,4,1,4,1,5
MECAPACA,consulta externa,repetidas en personas de 60 anos o mas,2005-04-01,10,8,10,8,18
MINEROS,consulta externa,repetidas en personas de 60 anos o mas,2005-04-01,2,1,2,1,3
MIZQUE,consulta externa,repetidas en personas de 60 anos o mas,2005-04-01,3,2,3,2,5
MOCOMOCO,consulta externa,repetidas en personas de 60 anos o mas,2005-04-01,5,6,5,6,11
MOJINETE,consulta externa,repetidas en personas de 60 anos o mas,2005-04-01,9,4,9,4,13
MOJOCOYA,consulta externa,repetidas en personas de 60 anos o mas,2005-04-01,2,1,2,1,3
MONTEAGUDO,consulta externa,repetidas en personas de 60 anos o mas,2005-04-01,60,67,60,67,127
MONTERO,consulta externa,repetidas en personas de 60 anos o mas,2005-04-01,518,628,518,628,1146
MORO MORO,consulta externa,repetidas en personas de 60 anos o mas,2005-04-01,0,1,0,1,1
MOROCHATA,consulta externa,repetidas en personas de 60 anos o mas,2005-04-01,5,4,5,4,9
OKINAWA,consulta externa,repetidas en personas de 60 anos o mas,2005-04-01,5,10,5,10,15
OMEREQUE,consulta externa,repetidas en personas de 60 anos o mas,2005-04-01,1,0,1,0,1
ORURO,consulta externa,repetidas en personas de 60 anos o mas,2005-04-01,1455,1758,1455,1758,3213
PADCAYA,consulta externa,repetidas en personas de 60 anos o mas,2005-04-01,7,8,7,8,15
PADILLA,consulta externa,repetidas en personas de 60 anos o mas,2005-04-01,14,19,14,19,33
PALCA,consulta externa,repetidas en personas de 60 anos o mas,2005-04-01,4,2,4,2,6
PALOS BLANCOS,consulta externa,repetidas en personas de 60 anos o mas,2005-04-01,15,4,15,4,19
PAMPA GRANDE,consulta externa,repetidas en personas de 60 anos o mas,2005-04-01,3,2,3,2,5
PAPEL PAMPA,consulta externa,repetidas en personas de 60 anos o mas,2005-04-01,1,0,1,0,1
PASORAPA,consulta externa,repetidas en personas de 60 anos o mas,2005-04-01,0,2,0,2,2
PATACAMAYA,consulta externa,repetidas en personas de 60 anos o mas,2005-04-01,5,1,5,1,6
PAZÑA,consulta externa,repetidas en personas de 60 anos o mas,2005-04-01,11,11,11,11,22
PELECHUCO,consulta externa,repetidas en personas de 60 anos o mas,2005-04-01,0,2,0,2,2
POCOATA,consulta externa,repetidas en personas de 60 anos o mas,2005-04-01,1,3,1,3,4
POCONA,consulta externa,repetidas en personas de 60 anos o mas,2005-04-01,1,2,1,2,3
POJO (CBBA),consulta externa,repetidas en personas de 60 anos o mas,2005-04-01,1,0,1,0,1
POOPO,consulta externa,repetidas en personas de 60 anos o mas,2005-04-01,10,15,10,15,25
PORCO,consulta externa,repetidas en personas de 60 anos o mas,2005-04-01,0,1,0,1,1
POROMA,consulta externa,repetidas en personas de 60 anos o mas,2005-04-01,3,2,3,2,5
PORONGO,consulta externa,repetidas en personas de 60 anos o mas,2005-04-01,1,1,1,1,2
PORTACHUELO,consulta externa,repetidas en personas de 60 anos o mas,2005-04-01,15,30,15,30,45
PORVENIR,consulta externa,repetidas en personas de 60 anos o mas,2005-04-01,9,1,9,1,10
POSTRER VALLE,consulta externa,repetidas en personas de 60 anos o mas,2005-04-01,9,13,9,13,22
POTOSI,consulta externa,repetidas en personas de 60 anos o mas,2005-04-01,1036,1340,1036,1340,2376
PRESTO,consulta externa,repetidas en personas de 60 anos o mas,2005-04-01,0,1,0,1,1
PUCARA,consulta externa,repetidas en personas de 60 anos o mas,2005-04-01,1,6,1,6,7
PUCARANI,consulta externa,repetidas en personas de 60 anos o mas,2005-04-01,3,3,3,3,6
PUERTO ACOSTA,consulta externa,repetidas en personas de 60 anos o mas,2005-04-01,26,21,26,21,47
PUERTO CARABUCO,consulta externa,repetidas en personas de 60 anos o mas,2005-04-01,2,5,2,5,7
PUERTO GONZALO MORENO,consulta externa,repetidas en personas de 60 anos o mas,2005-04-01,4,3,4,3,7
PUERTO PEREZ,consulta externa,repetidas en personas de 60 anos o mas,2005-04-01,1,1,1,1,2
PUERTO QUIJARRO,consulta externa,repetidas en personas de 60 anos o mas,2005-04-01,12,13,12,13,25
PUERTO RICO,consulta externa,repetidas en personas de 60 anos o mas,2005-04-01,1,1,1,1,2
PUERTO SILES,consulta externa,repetidas en personas de 60 anos o mas,2005-04-01,0,1,0,1,1
PUERTO SUAREZ,consulta externa,repetidas en personas de 60 anos o mas,2005-04-01,6,6,6,6,12
PUERTO VILLARROEL,consulta externa,repetidas en personas de 60 anos o mas,2005-04-01,5,4,5,4,9
PUNA,consulta externa,repetidas en personas de 60 anos o mas,2005-04-01,9,12,9,12,21
PUNATA,consulta externa,repetidas en personas de 60 anos o mas,2005-04-01,72,130,72,130,202
QUIABAYA,consulta externa,repetidas en personas de 60 anos o mas,2005-04-01,0,1,0,1,1
QUILLACOLLO,consulta externa,repetidas en personas de 60 anos o mas,2005-04-01,27,33,27,33,60
QUIME,consulta externa,repetidas en personas de 60 anos o mas,2005-04-01,5,3,5,3,8
QUIRUSILLAS,consulta externa,repetidas en personas de 60 anos o mas,2005-04-01,0,3,0,3,3
RAVELO,consulta externa,repetidas en personas de 60 anos o mas,2005-04-01,0,1,0,1,1
REYES,consulta externa,repetidas en personas de 60 anos o mas,2005-04-01,11,15,11,15,26
RIBERALTA,consulta externa,repetidas en personas de 60 anos o mas,2005-04-01,13,9,13,9,22
ROBORE,consulta externa,repetidas en personas de 60 anos o mas,2005-04-01,25,26,25,26,51
RURRENABAQUE,consulta externa,repetidas en personas de 60 anos o mas,2005-04-01,1,2,1,2,3
SABAYA,consulta externa,repetidas en personas de 60 anos o mas,2005-04-01,0,2,0,2,2
SACABA,consulta externa,repetidas en personas de 60 anos o mas,2005-04-01,96,97,96,97,193
SACABAMBA,consulta externa,repetidas en personas de 60 anos o mas,2005-04-01,1,1,1,1,2
SACACA,consulta externa,repetidas en personas de 60 anos o mas,2005-04-01,1,2,1,2,3
SAIPINA,consulta externa,repetidas en personas de 60 anos o mas,2005-04-01,0,5,0,5,5
SALINAS DE GARCI MENDOZA,consulta externa,repetidas en personas de 60 anos o mas,2005-04-01,3,5,3,5,8
SAMAIPATA,consulta externa,repetidas en personas de 60 anos o mas,2005-04-01,1,0,1,0,1
SAN ANDRES,consulta externa,repetidas en personas de 60 anos o mas,2005-04-01,4,6,4,6,10
SAN ANTONIO DE ESMORUCO,consulta externa,repetidas en personas de 60 anos o mas,2005-04-01,0,4,0,4,4
SAN ANTONIO DE LOMERIO,consulta externa,repetidas en personas de 60 anos o mas,2005-04-01,1,0,1,0,1
SAN BENITO,consulta externa,repetidas en personas de 60 anos o mas,2005-04-01,7,6,7,6,13
SAN BORJA,consulta externa,repetidas en personas de 60 anos o mas,2005-04-01,65,57,65,57,122
SAN BUENA VENTURA,consulta externa,repetidas en personas de 60 anos o mas,2005-04-01,1,0,1,0,1
SAN CARLOS,consulta externa,repetidas en personas de 60 anos o mas,2005-04-01,4,10,4,10,14
SAN IGNACIO,consulta externa,repetidas en personas de 60 anos o mas,2005-04-01,39,33,39,33,72
SAN IGNACIO DE VELASCO,consulta externa,repetidas en personas de 60 anos o mas,2005-04-01,41,52,41,52,93
SAN JAVIER(BNI),consulta externa,repetidas en personas de 60 anos o mas,2005-04-01,1,0,1,0,1
SAN JAVIER(STC),consulta externa,repetidas en personas de 60 anos o mas,2005-04-01,5,6,5,6,11
SAN JOAQUIN,consulta externa,repetidas en personas de 60 anos o mas,2005-04-01,22,25,22,25,47
SAN JOSE DE CHIQUITOS,consulta externa,repetidas en personas de 60 anos o mas,2005-04-01,13,18,13,18,31
SAN JUAN DE YAPACANI,consulta externa,repetidas en personas de 60 anos o mas,2005-04-01,2,3,2,3,5
SAN JULIAN,consulta externa,repetidas en personas de 60 anos o mas,2005-04-01,4,8,4,8,12
SAN LORENZO(TJA),consulta externa,repetidas en personas de 60 anos o mas,2005-04-01,9,11,9,11,20
SAN LUCAS,consulta externa,repetidas en personas de 60 anos o mas,2005-04-01,5,12,5,12,17
SAN MATIAS,consulta externa,repetidas en personas de 60 anos o mas,2005-04-01,1,4,1,4,5
SAN MIGUEL DE VELASCO,consulta externa,repetidas en personas de 60 anos o mas,2005-04-01,21,54,21,54,75
SAN PABLO DE LIPEZ,consulta externa,repetidas en personas de 60 anos o mas,2005-04-01,2,0,2,0,2
SAN PEDRO,consulta externa,repetidas en personas de 60 anos o mas,2005-04-01,0,4,0,4,4
SAN PEDRO DE BUENA VISTA,consulta externa,repetidas en personas de 60 anos o mas,2005-04-01,0,1,0,1,1
SAN PEDRO DE TIQUINA,consulta externa,repetidas en personas de 60 anos o mas,2005-04-01,6,2,6,2,8
SAN RAMON,consulta externa,repetidas en personas de 60 anos o mas,2005-04-01,4,3,4,3,7
SAN RAMON,consulta externa,repetidas en personas de 60 anos o mas,2005-04-01,21,11,21,11,32
SANTA ANA,consulta externa,repetidas en personas de 60 anos o mas,2005-04-01,111,136,111,136,247
SANTA CRUZ DE LA SIERRA,consulta externa,repetidas en personas de 60 anos o mas,2005-04-01,1655,5014,1655,5014,6669
SANTA ROSA,consulta externa,repetidas en personas de 60 anos o mas,2005-04-01,16,8,16,8,24
SANTA ROSA DEL SARA,consulta externa,repetidas en personas de 60 anos o mas,2005-04-01,0,2,0,2,2
SANTIAGO DE CALLAPA,consulta externa,repetidas en personas de 60 anos o mas,2005-04-01,2,7,2,7,9
SANTIAGO DE HUARI,consulta externa,repetidas en personas de 60 anos o mas,2005-04-01,8,11,8,11,19
SANTIAGO DE MACHACA,consulta externa,repetidas en personas de 60 anos o mas,2005-04-01,1,1,1,1,2
SANTIVAÑES,consulta externa,repetidas en personas de 60 anos o mas,2005-04-01,7,3,7,3,10
SANTUARIO DE QUILLACAS,consulta externa,repetidas en personas de 60 anos o mas,2005-04-01,0,1,0,1,1
SAPAHAQUI,consulta externa,repetidas en personas de 60 anos o mas,2005-04-01,5,4,5,4,9
SICA SICA (VILLA AROMA),consulta externa,repetidas en personas de 60 anos o mas,2005-04-01,2,2,2,2,4
SIPE SIPE,consulta externa,repetidas en personas de 60 anos o mas,2005-04-01,9,11,9,11,20
SOPACHUY,consulta externa,repetidas en personas de 60 anos o mas,2005-04-01,0,3,0,3,3
SORACACHI,consulta externa,repetidas en personas de 60 anos o mas,2005-04-01,1,0,1,0,1
SORATA,consulta externa,repetidas en personas de 60 anos o mas,2005-04-01,1,2,1,2,3
SUCRE,consulta externa,repetidas en personas de 60 anos o mas,2005-04-01,1516,1993,1516,1993,3509
TACACHI,consulta externa,repetidas en personas de 60 anos o mas,2005-04-01,4,5,4,5,9
TACACOMA,consulta externa,repetidas en personas de 60 anos o mas,2005-04-01,0,1,0,1,1
TAHUA,consulta externa,repetidas en personas de 60 anos o mas,2005-04-01,1,2,1,2,3
TAPACARI,consulta externa,repetidas en personas de 60 anos o mas,2005-04-01,6,7,6,7,13
TARABUCO,consulta externa,repetidas en personas de 60 anos o mas,2005-04-01,11,28,11,28,39
TARACO,consulta externa,repetidas en personas de 60 anos o mas,2005-04-01,2,2,2,2,4
TARATA,consulta externa,repetidas en personas de 60 anos o mas,2005-04-01,3,2,3,2,5
TARIJA,consulta externa,repetidas en personas de 60 anos o mas,2005-04-01,1518,2178,1518,2178,3696
TARVITA,consulta externa,repetidas en personas de 60 anos o mas,2005-04-01,2,2,2,2,4
TEOPONTE,consulta externa,repetidas en personas de 60 anos o mas,2005-04-01,19,12,19,12,31
TIAWANACU,consulta externa,repetidas en personas de 60 anos o mas,2005-04-01,2,2,2,2,4
TINGUIPAYA,consulta externa,repetidas en personas de 60 anos o mas,2005-04-01,0,1,0,1,1
TIPUANI,consulta externa,repetidas en personas de 60 anos o mas,2005-04-01,2,5,2,5,7
TIQUIPAYA,consulta externa,repetidas en personas de 60 anos o mas,2005-04-01,6,10,6,10,16
TIRAQUE (CBBA),consulta externa,repetidas en personas de 60 anos o mas,2005-04-01,12,8,12,8,20
TOCO,consulta externa,repetidas en personas de 60 anos o mas,2005-04-01,0,2,0,2,2
TOLEDO,consulta externa,repetidas en personas de 60 anos o mas,2005-04-01,2,1,2,1,3
TOMAVE,consulta externa,repetidas en personas de 60 anos o mas,2005-04-01,1,5,1,5,6
TOMINA,consulta externa,repetidas en personas de 60 anos o mas,2005-04-01,3,4,3,4,7
TORO TORO,consulta externa,repetidas en personas de 60 anos o mas,2005-04-01,1,0,1,0,1
TOTORA(CBBA),consulta externa,repetidas en personas de 60 anos o mas,2005-04-01,8,4,8,4,12
TRIGAL,consulta externa,repetidas en personas de 60 anos o mas,2005-04-01,2,2,2,2,4
TRINIDAD,consulta externa,repetidas en personas de 60 anos o mas,2005-04-01,179,176,179,176,355
TUPIZA,consulta externa,repetidas en personas de 60 anos o mas,2005-04-01,37,40,37,40,77
UNCIA,consulta externa,repetidas en personas de 60 anos o mas,2005-04-01,42,85,42,85,127
URIONDO (A. CONCEPCION),consulta externa,repetidas en personas de 60 anos o mas,2005-04-01,1,1,1,1,2
UYUNI,consulta externa,repetidas en personas de 60 anos o mas,2005-04-01,41,51,41,51,92
VACAS,consulta externa,repetidas en personas de 60 anos o mas,2005-04-01,3,10,3,10,13
VALLEGRANDE,consulta externa,repetidas en personas de 60 anos o mas,2005-04-01,82,111,82,111,193
VIACHA,consulta externa,repetidas en personas de 60 anos o mas,2005-04-01,141,124,141,124,265
VILLA MONTES,consulta externa,repetidas en personas de 60 anos o mas,2005-04-01,31,30,31,30,61
VILLA RIVERO,consulta externa,repetidas en personas de 60 anos o mas,2005-04-01,1,3,1,3,4
VILLA SERRANO,consulta externa,repetidas en personas de 60 anos o mas,2005-04-01,0,1,0,1,1
VILLA TUNARI,consulta externa,repetidas en personas de 60 anos o mas,2005-04-01,28,20,28,20,48
VILLA VACA GUZMAN (MUYUPAMPA),consulta externa,repetidas en personas de 60 anos o mas,2005-04-01,0,3,0,3,3
VILLAZON,consulta externa,repetidas en personas de 60 anos o mas,2005-04-01,60,110,60,110,170
VINTO,consulta externa,repetidas en personas de 60 anos o mas,2005-04-01,6,10,6,10,16
VITICHI,consulta externa,repetidas en personas de 60 anos o mas,2005-04-01,16,8,16,8,24
WALDO BALLIVIAN,consulta externa,repetidas en personas de 60 anos o mas,2005-04-01,0,6,0,6,6
WARNES,consulta externa,repetidas en personas de 60 anos o mas,2005-04-01,10,11,10,11,21
YACUIBA,consulta externa,repetidas en personas de 60 anos o mas,2005-04-01,133,192,133,192,325
YAMPARAEZ,consulta externa,repetidas en personas de 60 anos o mas,2005-04-01,6,9,6,9,15
YANACACHI,consulta externa,repetidas en personas de 60 anos o mas,2005-04-01,1,0,1,0,1
YAPACANI,consulta externa,repetidas en personas de 60 anos o mas,2005-04-01,5,10,5,10,15
YOCALLA,consulta externa,repetidas en personas de 60 anos o mas,2005-04-01,1,2,1,2,3
YOTALA,consulta externa,repetidas en personas de 60 anos o mas,2005-04-01,9,19,9,19,28
ZUDAÑEZ,consulta externa,repetidas en personas de 60 anos o mas,2005-04-01,3,4,3,4,7
ACACIO,consulta externa,repetidas en personas de 60 anos o mas,2005-05-01,2,2,2,2,4
ACHACACHI,consulta externa,repetidas en personas de 60 anos o mas,2005-05-01,29,20,29,20,49
ACHOCALLA,consulta externa,repetidas en personas de 60 anos o mas,2005-05-01,3,3,3,3,6
AIQUILE,consulta externa,repetidas en personas de 60 anos o mas,2005-05-01,32,47,32,47,79
ALALAY,consulta externa,repetidas en personas de 60 anos o mas,2005-05-01,1,3,1,3,4
ALCALA,consulta externa,repetidas en personas de 60 anos o mas,2005-05-01,1,0,1,0,1
ANCORAIMES,consulta externa,repetidas en personas de 60 anos o mas,2005-05-01,2,2,2,2,4
ANDAMARCA,consulta externa,repetidas en personas de 60 anos o mas,2005-05-01,1,2,1,2,3
APOLO,consulta externa,repetidas en personas de 60 anos o mas,2005-05-01,11,4,11,4,15
ARANI,consulta externa,repetidas en personas de 60 anos o mas,2005-05-01,5,9,5,9,14
ARBIETO,consulta externa,repetidas en personas de 60 anos o mas,2005-05-01,7,11,7,11,18
ASCENCION DE GUARAYOS,consulta externa,repetidas en personas de 60 anos o mas,2005-05-01,1,0,1,0,1
ATOCHA,consulta externa,repetidas en personas de 60 anos o mas,2005-05-01,21,57,21,57,78
AUCAPATA,consulta externa,repetidas en personas de 60 anos o mas,2005-05-01,3,1,3,1,4
AYATA,consulta externa,repetidas en personas de 60 anos o mas,2005-05-01,3,1,3,1,4
AYOPAYA (V. DE INDEPENDENCIA),consulta externa,repetidas en personas de 60 anos o mas,2005-05-01,0,9,0,9,9
AZURDUY,consulta externa,repetidas en personas de 60 anos o mas,2005-05-01,3,3,3,3,6
BATALLAS,consulta externa,repetidas en personas de 60 anos o mas,2005-05-01,2,2,2,2,4
BAURES,consulta externa,repetidas en personas de 60 anos o mas,2005-05-01,8,3,8,3,11
BELEN DE ANDAMARCA,consulta externa,repetidas en personas de 60 anos o mas,2005-05-01,0,1,0,1,1
BELLA FLOR,consulta externa,repetidas en personas de 60 anos o mas,2005-05-01,1,0,1,0,1
BERMEJO,consulta externa,repetidas en personas de 60 anos o mas,2005-05-01,64,75,64,75,139
BETANZOS,consulta externa,repetidas en personas de 60 anos o mas,2005-05-01,32,42,32,42,74
BOLIVAR,consulta externa,repetidas en personas de 60 anos o mas,2005-05-01,1,0,1,0,1
BOLPEBRA,consulta externa,repetidas en personas de 60 anos o mas,2005-05-01,0,1,0,1,1
BOYUIBE,consulta externa,repetidas en personas de 60 anos o mas,2005-05-01,4,4,4,4,8
BUENA VISTA,consulta externa,repetidas en personas de 60 anos o mas,2005-05-01,25,35,25,35,60
CABEZAS,consulta externa,repetidas en personas de 60 anos o mas,2005-05-01,0,1,0,1,1
CAIROMA,consulta externa,repetidas en personas de 60 anos o mas,2005-05-01,4,1,4,1,5
"CAIZA ""D""",consulta externa,repetidas en personas de 60 anos o mas,2005-05-01,2,2,2,2,4
CAJUATA,consulta externa,repetidas en personas de 60 anos o mas,2005-05-01,0,3,0,3,3
CALACOTO,consulta externa,repetidas en personas de 60 anos o mas,2005-05-01,3,1,3,1,4
CALAMARCA,consulta externa,repetidas en personas de 60 anos o mas,2005-05-01,6,0,6,0,6
CAMARGO,consulta externa,repetidas en personas de 60 anos o mas,2005-05-01,14,16,14,16,30
CAMATAQUI (C. VILLA ABECIA),consulta externa,repetidas en personas de 60 anos o mas,2005-05-01,1,4,1,4,5
CAMIRI,consulta externa,repetidas en personas de 60 anos o mas,2005-05-01,68,120,68,120,188
CAPINOTA,consulta externa,repetidas en personas de 60 anos o mas,2005-05-01,7,8,7,8,15
CAQUIAVIRI,consulta externa,repetidas en personas de 60 anos o mas,2005-05-01,7,7,7,7,14
CARACOLLO,consulta externa,repetidas en personas de 60 anos o mas,2005-05-01,17,12,17,12,29
CARANAVI,consulta externa,repetidas en personas de 60 anos o mas,2005-05-01,12,12,12,12,24
CARAPARI,consulta externa,repetidas en personas de 60 anos o mas,2005-05-01,0,2,0,2,2
CARMEN RIVERO TORREZ,consulta externa,repetidas en personas de 60 anos o mas,2005-05-01,1,1,1,1,2
CHACARILLA,consulta externa,repetidas en personas de 60 anos o mas,2005-05-01,2,0,2,0,2
CHALLAPATA,consulta externa,repetidas en personas de 60 anos o mas,2005-05-01,2,6,2,6,8
CHAQUI,consulta externa,repetidas en personas de 60 anos o mas,2005-05-01,0,2,0,2,2
CHARAGUA,consulta externa,repetidas en personas de 60 anos o mas,2005-05-01,4,5,4,5,9
CHARAÑA,consulta externa,repetidas en personas de 60 anos o mas,2005-05-01,0,4,0,4,4
CHAYANTA,consulta externa,repetidas en personas de 60 anos o mas,2005-05-01,1,7,1,7,8
CHIMORE,consulta externa,repetidas en personas de 60 anos o mas,2005-05-01,2,2,2,2,4
CHOQUE COTA,consulta externa,repetidas en personas de 60 anos o mas,2005-05-01,1,0,1,0,1
CHULUMANI (V. DE LA LIBERTAD),consulta externa,repetidas en personas de 60 anos o mas,2005-05-01,28,10,28,10,38
CHUMA,consulta externa,repetidas en personas de 60 anos o mas,2005-05-01,10,9,10,9,19
COBIJA,consulta externa,repetidas en personas de 60 anos o mas,2005-05-01,43,97,43,97,140
COCHABAMBA,consulta externa,repetidas en personas de 60 anos o mas,2005-05-01,4490,5271,4490,5271,9761
COLCAPIRHUA,consulta externa,repetidas en personas de 60 anos o mas,2005-05-01,57,80,57,80,137
"COLCHA ""K""",consulta externa,repetidas en personas de 60 anos o mas,2005-05-01,6,7,6,7,13
COLLANA,consulta externa,repetidas en personas de 60 anos o mas,2005-05-01,2,4,2,4,6
COLOMI,consulta externa,repetidas en personas de 60 anos o mas,2005-05-01,6,1,6,1,7
COLPA BELGICA,consulta externa,repetidas en personas de 60 anos o mas,2005-05-01,38,6,38,6,44
COLQUECHACA,consulta externa,repetidas en personas de 60 anos o mas,2005-05-01,7,5,7,5,12
COLQUENCHA,consulta externa,repetidas en personas de 60 anos o mas,2005-05-01,0,1,0,1,1
COLQUIRI,consulta externa,repetidas en personas de 60 anos o mas,2005-05-01,3,13,3,13,16
COMANCHE,consulta externa,repetidas en personas de 60 anos o mas,2005-05-01,0,3,0,3,3
COMARAPA,consulta externa,repetidas en personas de 60 anos o mas,2005-05-01,16,8,16,8,24
COMBAYA,consulta externa,repetidas en personas de 60 anos o mas,2005-05-01,5,6,5,6,11
CONCEPCION,consulta externa,repetidas en personas de 60 anos o mas,2005-05-01,24,19,24,19,43
COPACABANA,consulta externa,repetidas en personas de 60 anos o mas,2005-05-01,0,1,0,1,1
CORIPATA,consulta externa,repetidas en personas de 60 anos o mas,2005-05-01,3,4,3,4,7
CORO CORO,consulta externa,repetidas en personas de 60 anos o mas,2005-05-01,0,2,0,2,2
COROICO,consulta externa,repetidas en personas de 60 anos o mas,2005-05-01,49,27,49,27,76
CORQUE,consulta externa,repetidas en personas de 60 anos o mas,2005-05-01,14,13,14,13,27
COTAGAITA,consulta externa,repetidas en personas de 60 anos o mas,2005-05-01,12,32,12,32,44
CUATRO CAÑADAS,consulta externa,repetidas en personas de 60 anos o mas,2005-05-01,2,2,2,2,4
CUEVO,consulta externa,repetidas en personas de 60 anos o mas,2005-05-01,0,2,0,2,2
CULPINA,consulta externa,repetidas en personas de 60 anos o mas,2005-05-01,0,2,0,2,2
CURAHUARA DE CARANGAS,consulta externa,repetidas en personas de 60 anos o mas,2005-05-01,2,1,2,1,3
CURVA,consulta externa,repetidas en personas de 60 anos o mas,2005-05-01,1,0,1,0,1
DESAGUADERO,consulta externa,repetidas en personas de 60 anos o mas,2005-05-01,2,2,2,2,4
EL ALTO,consulta externa,repetidas en personas de 60 anos o mas,2005-05-01,689,679,689,679,1368
EL PUENTE(STC),consulta externa,repetidas en personas de 60 anos o mas,2005-05-01,2,0,2,0,2
EL PUENTE(TJA),consulta externa,repetidas en personas de 60 anos o mas,2005-05-01,2,1,2,1,3
EL TORNO,consulta externa,repetidas en personas de 60 anos o mas,2005-05-01,313,194,313,194,507
EL VILLAR,consulta externa,repetidas en personas de 60 anos o mas,2005-05-01,3,1,3,1,4
ENTRE RIOS,consulta externa,repetidas en personas de 60 anos o mas,2005-05-01,8,17,8,17,25
ENTRE RIOS,consulta externa,repetidas en personas de 60 anos o mas,2005-05-01,1,0,1,0,1
EUCALIPTUS,consulta externa,repetidas en personas de 60 anos o mas,2005-05-01,1,0,1,0,1
FERNANDEZ ALONSO,consulta externa,repetidas en personas de 60 anos o mas,2005-05-01,2,1,2,1,3
FILADELFIA,consulta externa,repetidas en personas de 60 anos o mas,2005-05-01,6,7,6,7,13
GENERAL SAAVEDRA,consulta externa,repetidas en personas de 60 anos o mas,2005-05-01,4,2,4,2,6
GRAL. J.J. PEREZ (CHARAZANI),consulta externa,repetidas en personas de 60 anos o mas,2005-05-01,2,2,2,2,4
GUANAY,consulta externa,repetidas en personas de 60 anos o mas,2005-05-01,1,0,1,0,1
GUAQUI,consulta externa,repetidas en personas de 60 anos o mas,2005-05-01,0,2,0,2,2
GUAYARAMERIN,consulta externa,repetidas en personas de 60 anos o mas,2005-05-01,127,110,127,110,237
GUTIERREZ,consulta externa,repetidas en personas de 60 anos o mas,2005-05-01,2,0,2,0,2
HUACARETA,consulta externa,repetidas en personas de 60 anos o mas,2005-05-01,1,2,1,2,3
HUANUNI,consulta externa,repetidas en personas de 60 anos o mas,2005-05-01,71,57,71,57,128
HUARACAJE,consulta externa,repetidas en personas de 60 anos o mas,2005-05-01,4,2,4,2,6
HUAYLLAMARCA,consulta externa,repetidas en personas de 60 anos o mas,2005-05-01,3,8,3,8,11
ICLA,consulta externa,repetidas en personas de 60 anos o mas,2005-05-01,0,2,0,2,2
INCAHUASI,consulta externa,repetidas en personas de 60 anos o mas,2005-05-01,4,1,4,1,5
INQUISIVI,consulta externa,repetidas en personas de 60 anos o mas,2005-05-01,4,1,4,1,5
IRUPANA (VILLA DE LANZA),consulta externa,repetidas en personas de 60 anos o mas,2005-05-01,7,3,7,3,10
JESUS DE MACHACA,consulta externa,repetidas en personas de 60 anos o mas,2005-05-01,9,7,9,7,16
LA GUARDIA,consulta externa,repetidas en personas de 60 anos o mas,2005-05-01,2,3,2,3,5
LA PAZ,consulta externa,repetidas en personas de 60 anos o mas,2005-05-01,8098,11439,8098,11439,19537
LAJA,consulta externa,repetidas en personas de 60 anos o mas,2005-05-01,0,3,0,3,3
LAS CARRERAS,consulta externa,repetidas en personas de 60 anos o mas,2005-05-01,2,5,2,5,7
LICOMA PAMPA,consulta externa,repetidas en personas de 60 anos o mas,2005-05-01,0,2,0,2,2
LLALLAGUA,consulta externa,repetidas en personas de 60 anos o mas,2005-05-01,34,34,34,34,68
LLICA,consulta externa,repetidas en personas de 60 anos o mas,2005-05-01,7,8,7,8,15
LORETO,consulta externa,repetidas en personas de 60 anos o mas,2005-05-01,0,1,0,1,1
MACHACAMARCA,consulta externa,repetidas en personas de 60 anos o mas,2005-05-01,35,47,35,47,82
MACHARETI,consulta externa,repetidas en personas de 60 anos o mas,2005-05-01,3,4,3,4,7
MAGDALENA,consulta externa,repetidas en personas de 60 anos o mas,2005-05-01,68,73,68,73,141
MECAPACA,consulta externa,repetidas en personas de 60 anos o mas,2005-05-01,16,13,16,13,29
MINEROS,consulta externa,repetidas en personas de 60 anos o mas,2005-05-01,3,1,3,1,4
MIZQUE,consulta externa,repetidas en personas de 60 anos o mas,2005-05-01,1,1,1,1,2
MOCOMOCO,consulta externa,repetidas en personas de 60 anos o mas,2005-05-01,1,3,1,3,4
MOJINETE,consulta externa,repetidas en personas de 60 anos o mas,2005-05-01,1,6,1,6,7
MOJOCOYA,consulta externa,repetidas en personas de 60 anos o mas,2005-05-01,4,0,4,0,4
MONTEAGUDO,consulta externa,repetidas en personas de 60 anos o mas,2005-05-01,43,60,43,60,103
MONTERO,consulta externa,repetidas en personas de 60 anos o mas,2005-05-01,57,83,57,83,140
MORO MORO,consulta externa,repetidas en personas de 60 anos o mas,2005-05-01,3,0,3,0,3
MOROCHATA,consulta externa,repetidas en personas de 60 anos o mas,2005-05-01,1,0,1,0,1
OKINAWA,consulta externa,repetidas en personas de 60 anos o mas,2005-05-01,3,0,3,0,3
OMEREQUE,consulta externa,repetidas en personas de 60 anos o mas,2005-05-01,0,1,0,1,1
ORURO,consulta externa,repetidas en personas de 60 anos o mas,2005-05-01,1487,1679,1487,1679,3166
PADCAYA,consulta externa,repetidas en personas de 60 anos o mas,2005-05-01,4,1,4,1,5
PADILLA,consulta externa,repetidas en personas de 60 anos o mas,2005-05-01,13,17,13,17,30
PALCA,consulta externa,repetidas en personas de 60 anos o mas,2005-05-01,3,3,3,3,6
PALOS BLANCOS,consulta externa,repetidas en personas de 60 anos o mas,2005-05-01,16,15,16,15,31
PAMPA GRANDE,consulta externa,repetidas en personas de 60 anos o mas,2005-05-01,3,3,3,3,6
PAPEL PAMPA,consulta externa,repetidas en personas de 60 anos o mas,2005-05-01,1,0,1,0,1
PASORAPA,consulta externa,repetidas en personas de 60 anos o mas,2005-05-01,4,7,4,7,11
PATACAMAYA,consulta externa,repetidas en personas de 60 anos o mas,2005-05-01,1,1,1,1,2
PAZÑA,consulta externa,repetidas en personas de 60 anos o mas,2005-05-01,11,18,11,18,29
PELECHUCO,consulta externa,repetidas en personas de 60 anos o mas,2005-05-01,2,1,2,1,3
POCOATA,consulta externa,repetidas en personas de 60 anos o mas,2005-05-01,3,2,3,2,5
POJO (CBBA),consulta externa,repetidas en personas de 60 anos o mas,2005-05-01,1,0,1,0,1
POOPO,consulta externa,repetidas en personas de 60 anos o mas,2005-05-01,11,11,11,11,22
POROMA,consulta externa,repetidas en personas de 60 anos o mas,2005-05-01,9,1,9,1,10
PORONGO,consulta externa,repetidas en personas de 60 anos o mas,2005-05-01,4,5,4,5,9
PORTACHUELO,consulta externa,repetidas en personas de 60 anos o mas,2005-05-01,27,6,27,6,33
PORVENIR,consulta externa,repetidas en personas de 60 anos o mas,2005-05-01,18,0,18,0,18
POSTRER VALLE,consulta externa,repetidas en personas de 60 anos o mas,2005-05-01,3,6,3,6,9
POTOSI,consulta externa,repetidas en personas de 60 anos o mas,2005-05-01,801,1069,801,1069,1870
PUCARANI,consulta externa,repetidas en personas de 60 anos o mas,2005-05-01,6,2,6,2,8
PUERTO ACOSTA,consulta externa,repetidas en personas de 60 anos o mas,2005-05-01,22,13,22,13,35
PUERTO CARABUCO,consulta externa,repetidas en personas de 60 anos o mas,2005-05-01,3,1,3,1,4
PUERTO GONZALO MORENO,consulta externa,repetidas en personas de 60 anos o mas,2005-05-01,3,3,3,3,6
PUERTO PEREZ,consulta externa,repetidas en personas de 60 anos o mas,2005-05-01,1,5,1,5,6
PUERTO QUIJARRO,consulta externa,repetidas en personas de 60 anos o mas,2005-05-01,15,20,15,20,35
PUERTO RICO,consulta externa,repetidas en personas de 60 anos o mas,2005-05-01,2,1,2,1,3
PUERTO SILES,consulta externa,repetidas en personas de 60 anos o mas,2005-05-01,2,0,2,0,2
PUERTO SUAREZ,consulta externa,repetidas en personas de 60 anos o mas,2005-05-01,6,6,6,6,12
PUERTO VILLARROEL,consulta externa,repetidas en personas de 60 anos o mas,2005-05-01,3,1,3,1,4
PUNA,consulta externa,repetidas en personas de 60 anos o mas,2005-05-01,5,13,5,13,18
PUNATA,consulta externa,repetidas en personas de 60 anos o mas,2005-05-01,74,114,74,114,188
QUILLACOLLO,consulta externa,repetidas en personas de 60 anos o mas,2005-05-01,325,376,325,376,701
QUIME,consulta externa,repetidas en personas de 60 anos o mas,2005-05-01,8,6,8,6,14
REYES,consulta externa,repetidas en personas de 60 anos o mas,2005-05-01,17,28,17,28,45
RIBERALTA,consulta externa,repetidas en personas de 60 anos o mas,2005-05-01,5,5,5,5,10
ROBORE,consulta externa,repetidas en personas de 60 anos o mas,2005-05-01,12,10,12,10,22
RURRENABAQUE,consulta externa,repetidas en personas de 60 anos o mas,2005-05-01,56,27,56,27,83
SABAYA,consulta externa,repetidas en personas de 60 anos o mas,2005-05-01,0,1,0,1,1
SACABA,consulta externa,repetidas en personas de 60 anos o mas,2005-05-01,71,111,71,111,182
SACABAMBA,consulta externa,repetidas en personas de 60 anos o mas,2005-05-01,1,2,1,2,3
SAIPINA,consulta externa,repetidas en personas de 60 anos o mas,2005-05-01,12,17,12,17,29
SALINAS DE GARCI MENDOZA,consulta externa,repetidas en personas de 60 anos o mas,2005-05-01,6,0,6,0,6
SAMAIPATA,consulta externa,repetidas en personas de 60 anos o mas,2005-05-01,0,1,0,1,1
SAN ANDRES,consulta externa,repetidas en personas de 60 anos o mas,2005-05-01,0,1,0,1,1
SAN ANDRES DE MACHACA,consulta externa,repetidas en personas de 60 anos o mas,2005-05-01,0,1,0,1,1
SAN ANTONIO DE ESMORUCO,consulta externa,repetidas en personas de 60 anos o mas,2005-05-01,0,2,0,2,2
SAN BENITO,consulta externa,repetidas en personas de 60 anos o mas,2005-05-01,2,6,2,6,8
SAN BORJA,consulta externa,repetidas en personas de 60 anos o mas,2005-05-01,45,62,45,62,107
SAN BUENA VENTURA,consulta externa,repetidas en personas de 60 anos o mas,2005-05-01,2,0,2,0,2
SAN CARLOS,consulta externa,repetidas en personas de 60 anos o mas,2005-05-01,15,9,15,9,24
SAN IGNACIO,consulta externa,repetidas en personas de 60 anos o mas,2005-05-01,42,36,42,36,78
SAN IGNACIO DE VELASCO,consulta externa,repetidas en personas de 60 anos o mas,2005-05-01,48,41,48,41,89
SAN JAVIER(BNI),consulta externa,repetidas en personas de 60 anos o mas,2005-05-01,0,1,0,1,1
SAN JAVIER(STC),consulta externa,repetidas en personas de 60 anos o mas,2005-05-01,3,1,3,1,4
SAN JOAQUIN,consulta externa,repetidas en personas de 60 anos o mas,2005-05-01,16,23,16,23,39
SAN JOSE DE CHIQUITOS,consulta externa,repetidas en personas de 60 anos o mas,2005-05-01,17,21,17,21,38
SAN JUAN DE YAPACANI,consulta externa,repetidas en personas de 60 anos o mas,2005-05-01,5,6,5,6,11
SAN JULIAN,consulta externa,repetidas en personas de 60 anos o mas,2005-05-01,3,9,3,9,12
SAN LORENZO(PND),consulta externa,repetidas en personas de 60 anos o mas,2005-05-01,0,1,0,1,1
SAN LORENZO(TJA),consulta externa,repetidas en personas de 60 anos o mas,2005-05-01,3,13,3,13,16
SAN LUCAS,consulta externa,repetidas en personas de 60 anos o mas,2005-05-01,2,9,2,9,11
SAN MATIAS,consulta externa,repetidas en personas de 60 anos o mas,2005-05-01,2,5,2,5,7
SAN MIGUEL DE VELASCO,consulta externa,repetidas en personas de 60 anos o mas,2005-05-01,15,33,15,33,48
SAN PABLO DE LIPEZ,consulta externa,repetidas en personas de 60 anos o mas,2005-05-01,0,2,0,2,2
SAN PEDRO,consulta externa,repetidas en personas de 60 anos o mas,2005-05-01,1,2,1,2,3
SAN PEDRO DE CURAHUARA,consulta externa,repetidas en personas de 60 anos o mas,2005-05-01,1,0,1,0,1
SAN PEDRO DE TIQUINA,consulta externa,repetidas en personas de 60 anos o mas,2005-05-01,3,3,3,3,6
SAN RAFAEL,consulta externa,repetidas en personas de 60 anos o mas,2005-05-01,0,2,0,2,2
SAN RAMON,consulta externa,repetidas en personas de 60 anos o mas,2005-05-01,25,17,25,17,42
SAN RAMON,consulta externa,repetidas en personas de 60 anos o mas,2005-05-01,0,2,0,2,2
SANTA ANA,consulta externa,repetidas en personas de 60 anos o mas,2005-05-01,111,115,111,115,226
SANTA CRUZ DE LA SIERRA,consulta externa,repetidas en personas de 60 anos o mas,2005-05-01,2426,3504,2426,3504,5930
SANTA ROSA,consulta externa,repetidas en personas de 60 anos o mas,2005-05-01,25,14,25,14,39
SANTA ROSA DEL SARA,consulta externa,repetidas en personas de 60 anos o mas,2005-05-01,1,4,1,4,5
SANTIAGO DE HUARI,consulta externa,repetidas en personas de 60 anos o mas,2005-05-01,4,10,4,10,14
SANTIVAÑES,consulta externa,repetidas en personas de 60 anos o mas,2005-05-01,5,7,5,7,12
SANTUARIO DE QUILLACAS,consulta externa,repetidas en personas de 60 anos o mas,2005-05-01,1,1,1,1,2
SAPAHAQUI,consulta externa,repetidas en personas de 60 anos o mas,2005-05-01,2,4,2,4,6
SICA SICA (VILLA AROMA),consulta externa,repetidas en personas de 60 anos o mas,2005-05-01,2,1,2,1,3
SICAYA,consulta externa,repetidas en personas de 60 anos o mas,2005-05-01,1,1,1,1,2
SIPE SIPE,consulta externa,repetidas en personas de 60 anos o mas,2005-05-01,13,29,13,29,42
SOPACHUY,consulta externa,repetidas en personas de 60 anos o mas,2005-05-01,0,2,0,2,2
SORACACHI,consulta externa,repetidas en personas de 60 anos o mas,2005-05-01,0,2,0,2,2
SORATA,consulta externa,repetidas en personas de 60 anos o mas,2005-05-01,3,0,3,0,3
SUCRE,consulta externa,repetidas en personas de 60 anos o mas,2005-05-01,1421,1933,1421,1933,3354
TACACHI,consulta externa,repetidas en personas de 60 anos o mas,2005-05-01,3,7,3,7,10
TACACOMA,consulta externa,repetidas en personas de 60 anos o mas,2005-05-01,1,0,1,0,1
TACOBAMBA,consulta externa,repetidas en personas de 60 anos o mas,2005-05-01,1,1,1,1,2
TAHUA,consulta externa,repetidas en personas de 60 anos o mas,2005-05-01,1,1,1,1,2
TAPACARI,consulta externa,repetidas en personas de 60 anos o mas,2005-05-01,4,5,4,5,9
TARABUCO,consulta externa,repetidas en personas de 60 anos o mas,2005-05-01,16,34,16,34,50
TARACO,consulta externa,repetidas en personas de 60 anos o mas,2005-05-01,4,1,4,1,5
TARATA,consulta externa,repetidas en personas de 60 anos o mas,2005-05-01,1,2,1,2,3
TARIJA,consulta externa,repetidas en personas de 60 anos o mas,2005-05-01,1294,1737,1294,1737,3031
TARVITA,consulta externa,repetidas en personas de 60 anos o mas,2005-05-01,1,2,1,2,3
TEOPONTE,consulta externa,repetidas en personas de 60 anos o mas,2005-05-01,19,15,19,15,34
TIAWANACU,consulta externa,repetidas en personas de 60 anos o mas,2005-05-01,2,0,2,0,2
TINGUIPAYA,consulta externa,repetidas en personas de 60 anos o mas,2005-05-01,0,2,0,2,2
TIPUANI,consulta externa,repetidas en personas de 60 anos o mas,2005-05-01,4,0,4,0,4
TIQUIPAYA,consulta externa,repetidas en personas de 60 anos o mas,2005-05-01,8,5,8,5,13
TIRAQUE (CBBA),consulta externa,repetidas en personas de 60 anos o mas,2005-05-01,31,22,31,22,53
TOLATA,consulta externa,repetidas en personas de 60 anos o mas,2005-05-01,0,4,0,4,4
TOLEDO,consulta externa,repetidas en personas de 60 anos o mas,2005-05-01,0,3,0,3,3
TOMAVE,consulta externa,repetidas en personas de 60 anos o mas,2005-05-01,1,0,1,0,1
TOMINA,consulta externa,repetidas en personas de 60 anos o mas,2005-05-01,0,1,0,1,1
TORO TORO,consulta externa,repetidas en personas de 60 anos o mas,2005-05-01,0,1,0,1,1
TOTORA(CBBA),consulta externa,repetidas en personas de 60 anos o mas,2005-05-01,3,8,3,8,11
TRIGAL,consulta externa,repetidas en personas de 60 anos o mas,2005-05-01,3,4,3,4,7
TRINIDAD,consulta externa,repetidas en personas de 60 anos o mas,2005-05-01,161,221,161,221,382
TUPIZA,consulta externa,repetidas en personas de 60 anos o mas,2005-05-01,44,55,44,55,99
TURCO,consulta externa,repetidas en personas de 60 anos o mas,2005-05-01,0,1,0,1,1
UMALA,consulta externa,repetidas en personas de 60 anos o mas,2005-05-01,1,0,1,0,1
UNCIA,consulta externa,repetidas en personas de 60 anos o mas,2005-05-01,49,82,49,82,131
URIONDO (A. CONCEPCION),consulta externa,repetidas en personas de 60 anos o mas,2005-05-01,3,5,3,5,8
UYUNI,consulta externa,repetidas en personas de 60 anos o mas,2005-05-01,33,45,33,45,78
VACAS,consulta externa,repetidas en personas de 60 anos o mas,2005-05-01,4,16,4,16,20
VALLEGRANDE,consulta externa,repetidas en personas de 60 anos o mas,2005-05-01,134,171,134,171,305
VIACHA,consulta externa,repetidas en personas de 60 anos o mas,2005-05-01,88,91,88,91,179
VILA VILA,consulta externa,repetidas en personas de 60 anos o mas,2005-05-01,0,1,0,1,1
VILLA MONTES,consulta externa,repetidas en personas de 60 anos o mas,2005-05-01,31,30,31,30,61
VILLA RIVERO,consulta externa,repetidas en personas de 60 anos o mas,2005-05-01,2,3,2,3,5
VILLA SERRANO,consulta externa,repetidas en personas de 60 anos o mas,2005-05-01,3,4,3,4,7
VILLA TUNARI,consulta externa,repetidas en personas de 60 anos o mas,2005-05-01,30,21,30,21,51
VILLA VACA GUZMAN (MUYUPAMPA),consulta externa,repetidas en personas de 60 anos o mas,2005-05-01,2,1,2,1,3
VILLAZON,consulta externa,repetidas en personas de 60 anos o mas,2005-05-01,54,87,54,87,141
VINTO,consulta externa,repetidas en personas de 60 anos o mas,2005-05-01,10,12,10,12,22
VITICHI,consulta externa,repetidas en personas de 60 anos o mas,2005-05-01,11,12,11,12,23
WARNES,consulta externa,repetidas en personas de 60 anos o mas,2005-05-01,5,1,5,1,6
YACUIBA,consulta externa,repetidas en personas de 60 anos o mas,2005-05-01,149,224,149,224,373
YAMPARAEZ,consulta externa,repetidas en personas de 60 anos o mas,2005-05-01,6,9,6,9,15
YANACACHI,consulta externa,repetidas en personas de 60 anos o mas,2005-05-01,3,4,3,4,7
YAPACANI,consulta externa,repetidas en personas de 60 anos o mas,2005-05-01,2,2,2,2,4
YOCALLA,consulta externa,repetidas en personas de 60 anos o mas,2005-05-01,1,2,1,2,3
YOTALA,consulta externa,repetidas en personas de 60 anos o mas,2005-05-01,6,14,6,14,20
ZUDAÑEZ,consulta externa,repetidas en personas de 60 anos o mas,2005-05-01,1,0,1,0,1
ACACIO,consulta externa,repetidas en personas de 60 anos o mas,2005-06-01,1,7,1,7,8
ACHACACHI,consulta externa,repetidas en personas de 60 anos o mas,2005-06-01,32,16,32,16,48
ACHOCALLA,consulta externa,repetidas en personas de 60 anos o mas,2005-06-01,3,2,3,2,5
AIQUILE,consulta externa,repetidas en personas de 60 anos o mas,2005-06-01,26,62,26,62,88
ANCORAIMES,consulta externa,repetidas en personas de 60 anos o mas,2005-06-01,5,4,5,4,9
ANTEQUERA,consulta externa,repetidas en personas de 60 anos o mas,2005-06-01,0,1,0,1,1
ANZALDO,consulta externa,repetidas en personas de 60 anos o mas,2005-06-01,2,1,2,1,3
APOLO,consulta externa,repetidas en personas de 60 anos o mas,2005-06-01,5,2,5,2,7
ARANI,consulta externa,repetidas en personas de 60 anos o mas,2005-06-01,7,3,7,3,10
ARBIETO,consulta externa,repetidas en personas de 60 anos o mas,2005-06-01,3,5,3,5,8
ARQUE,consulta externa,repetidas en personas de 60 anos o mas,2005-06-01,0,2,0,2,2
ASCENCION DE GUARAYOS,consulta externa,repetidas en personas de 60 anos o mas,2005-06-01,1,1,1,1,2
ATOCHA,consulta externa,repetidas en personas de 60 anos o mas,2005-06-01,30,25,30,25,55
AUCAPATA,consulta externa,repetidas en personas de 60 anos o mas,2005-06-01,2,6,2,6,8
AYATA,consulta externa,repetidas en personas de 60 anos o mas,2005-06-01,4,3,4,3,7
AYO AYO,consulta externa,repetidas en personas de 60 anos o mas,2005-06-01,0,1,0,1,1
AYOPAYA (V. DE INDEPENDENCIA),consulta externa,repetidas en personas de 60 anos o mas,2005-06-01,1,0,1,0,1
AZURDUY,consulta externa,repetidas en personas de 60 anos o mas,2005-06-01,3,4,3,4,7
BATALLAS,consulta externa,repetidas en personas de 60 anos o mas,2005-06-01,2,6,2,6,8
BAURES,consulta externa,repetidas en personas de 60 anos o mas,2005-06-01,18,5,18,5,23
BELEN DE ANDAMARCA,consulta externa,repetidas en personas de 60 anos o mas,2005-06-01,0,1,0,1,1
BELEN DE URMIRI,consulta externa,repetidas en personas de 60 anos o mas,2005-06-01,0,1,0,1,1
BERMEJO,consulta externa,repetidas en personas de 60 anos o mas,2005-06-01,58,47,58,47,105
BETANZOS,consulta externa,repetidas en personas de 60 anos o mas,2005-06-01,17,36,17,36,53
BOYUIBE,consulta externa,repetidas en personas de 60 anos o mas,2005-06-01,4,8,4,8,12
BUENA VISTA,consulta externa,repetidas en personas de 60 anos o mas,2005-06-01,38,28,38,28,66
CABEZAS,consulta externa,repetidas en personas de 60 anos o mas,2005-06-01,1,2,1,2,3
CAIROMA,consulta externa,repetidas en personas de 60 anos o mas,2005-06-01,0,2,0,2,2
"CAIZA ""D""",consulta externa,repetidas en personas de 60 anos o mas,2005-06-01,3,3,3,3,6
CAJUATA,consulta externa,repetidas en personas de 60 anos o mas,2005-06-01,0,1,0,1,1
CALACOTO,consulta externa,repetidas en personas de 60 anos o mas,2005-06-01,2,2,2,2,4
CALAMARCA,consulta externa,repetidas en personas de 60 anos o mas,2005-06-01,0,1,0,1,1
CAMARGO,consulta externa,repetidas en personas de 60 anos o mas,2005-06-01,15,20,15,20,35
CAMATAQUI (C. VILLA ABECIA),consulta externa,repetidas en personas de 60 anos o mas,2005-06-01,0,4,0,4,4
CAMIRI,consulta externa,repetidas en personas de 60 anos o mas,2005-06-01,60,134,60,134,194
CAPINOTA,consulta externa,repetidas en personas de 60 anos o mas,2005-06-01,19,20,19,20,39
CAQUIAVIRI,consulta externa,repetidas en personas de 60 anos o mas,2005-06-01,2,2,2,2,4
CARACOLLO,consulta externa,repetidas en personas de 60 anos o mas,2005-06-01,19,7,19,7,26
CARANAVI,consulta externa,repetidas en personas de 60 anos o mas,2005-06-01,19,19,19,19,38
CARANGAS,consulta externa,repetidas en personas de 60 anos o mas,2005-06-01,1,0,1,0,1
CARAPARI,consulta externa,repetidas en personas de 60 anos o mas,2005-06-01,11,8,11,8,19
CATACORA,consulta externa,repetidas en personas de 60 anos o mas,2005-06-01,0,1,0,1,1
CHACARILLA,consulta externa,repetidas en personas de 60 anos o mas,2005-06-01,0,1,0,1,1
CHALLAPATA,consulta externa,repetidas en personas de 60 anos o mas,2005-06-01,2,10,2,10,12
CHARAGUA,consulta externa,repetidas en personas de 60 anos o mas,2005-06-01,10,5,10,5,15
CHARAÑA,consulta externa,repetidas en personas de 60 anos o mas,2005-06-01,2,2,2,2,4
CHAYANTA,consulta externa,repetidas en personas de 60 anos o mas,2005-06-01,2,7,2,7,9
CHIMORE,consulta externa,repetidas en personas de 60 anos o mas,2005-06-01,1,1,1,1,2
CHULUMANI (V. DE LA LIBERTAD),consulta externa,repetidas en personas de 60 anos o mas,2005-06-01,33,10,33,10,43
CHUMA,consulta externa,repetidas en personas de 60 anos o mas,2005-06-01,2,4,2,4,6
CLIZA,consulta externa,repetidas en personas de 60 anos o mas,2005-06-01,3,2,3,2,5
COBIJA,consulta externa,repetidas en personas de 60 anos o mas,2005-06-01,46,95,46,95,141
COCHABAMBA,consulta externa,repetidas en personas de 60 anos o mas,2005-06-01,4279,5565,4279,5565,9844
COIPASA,consulta externa,repetidas en personas de 60 anos o mas,2005-06-01,1,0,1,0,1
COLCAPIRHUA,consulta externa,repetidas en personas de 60 anos o mas,2005-06-01,41,64,41,64,105
"COLCHA ""K""",consulta externa,repetidas en personas de 60 anos o mas,2005-06-01,8,4,8,4,12
COLLANA,consulta externa,repetidas en personas de 60 anos o mas,2005-06-01,3,3,3,3,6
COLOMI,consulta externa,repetidas en personas de 60 anos o mas,2005-06-01,3,1,3,1,4
COLPA BELGICA,consulta externa,repetidas en personas de 60 anos o mas,2005-06-01,38,15,38,15,53
COLQUECHACA,consulta externa,repetidas en personas de 60 anos o mas,2005-06-01,4,7,4,7,11
COLQUENCHA,consulta externa,repetidas en personas de 60 anos o mas,2005-06-01,1,3,1,3,4
COLQUIRI,consulta externa,repetidas en personas de 60 anos o mas,2005-06-01,2,2,2,2,4
COMANCHE,consulta externa,repetidas en personas de 60 anos o mas,2005-06-01,1,1,1,1,2
COMARAPA,consulta externa,repetidas en personas de 60 anos o mas,2005-06-01,18,25,18,25,43
COMBAYA,consulta externa,repetidas en personas de 60 anos o mas,2005-06-01,0,8,0,8,8
CONCEPCION,consulta externa,repetidas en personas de 60 anos o mas,2005-06-01,14,6,14,6,20
COPACABANA,consulta externa,repetidas en personas de 60 anos o mas,2005-06-01,0,2,0,2,2
CORIPATA,consulta externa,repetidas en personas de 60 anos o mas,2005-06-01,0,1,0,1,1
CORO CORO,consulta externa,repetidas en personas de 60 anos o mas,2005-06-01,6,3,6,3,9
COROICO,consulta externa,repetidas en personas de 60 anos o mas,2005-06-01,41,28,41,28,69
CORQUE,consulta externa,repetidas en personas de 60 anos o mas,2005-06-01,5,7,5,7,12
COTAGAITA,consulta externa,repetidas en personas de 60 anos o mas,2005-06-01,4,25,4,25,29
CUATRO CAÑADAS,consulta externa,repetidas en personas de 60 anos o mas,2005-06-01,3,1,3,1,4
CUEVO,consulta externa,repetidas en personas de 60 anos o mas,2005-06-01,0,5,0,5,5
CULPINA,consulta externa,repetidas en personas de 60 anos o mas,2005-06-01,1,1,1,1,2
CURAHUARA DE CARANGAS,consulta externa,repetidas en personas de 60 anos o mas,2005-06-01,1,0,1,0,1
DESAGUADERO,consulta externa,repetidas en personas de 60 anos o mas,2005-06-01,1,1,1,1,2
EL ALTO,consulta externa,repetidas en personas de 60 anos o mas,2005-06-01,498,740,498,740,1238
EL CHORO,consulta externa,repetidas en personas de 60 anos o mas,2005-06-01,0,1,0,1,1
EL PUENTE(TJA),consulta externa,repetidas en personas de 60 anos o mas,2005-06-01,2,4,2,4,6
EL TORNO,consulta externa,repetidas en personas de 60 anos o mas,2005-06-01,34,47,34,47,81
EL VILLAR,consulta externa,repetidas en personas de 60 anos o mas,2005-06-01,2,5,2,5,7
ENTRE RIOS,consulta externa,repetidas en personas de 60 anos o mas,2005-06-01,1,6,1,6,7
ENTRE RIOS,consulta externa,repetidas en personas de 60 anos o mas,2005-06-01,1,1,1,1,2
EXALTACION,consulta externa,repetidas en personas de 60 anos o mas,2005-06-01,2,1,2,1,3
FERNANDEZ ALONSO,consulta externa,repetidas en personas de 60 anos o mas,2005-06-01,2,0,2,0,2
GENERAL SAAVEDRA,consulta externa,repetidas en personas de 60 anos o mas,2005-06-01,6,1,6,1,7
GRAL. J.J. PEREZ (CHARAZANI),consulta externa,repetidas en personas de 60 anos o mas,2005-06-01,0,2,0,2,2
GUAQUI,consulta externa,repetidas en personas de 60 anos o mas,2005-06-01,3,1,3,1,4
GUAYARAMERIN,consulta externa,repetidas en personas de 60 anos o mas,2005-06-01,150,252,150,252,402
GUTIERREZ,consulta externa,repetidas en personas de 60 anos o mas,2005-06-01,4,11,4,11,15
HUACARETA,consulta externa,repetidas en personas de 60 anos o mas,2005-06-01,3,3,3,3,6
HUANUNI,consulta externa,repetidas en personas de 60 anos o mas,2005-06-01,63,48,63,48,111
HUARACAJE,consulta externa,repetidas en personas de 60 anos o mas,2005-06-01,2,1,2,1,3
ICLA,consulta externa,repetidas en personas de 60 anos o mas,2005-06-01,2,3,2,3,5
INCAHUASI,consulta externa,repetidas en personas de 60 anos o mas,2005-06-01,4,2,4,2,6
INQUISIVI,consulta externa,repetidas en personas de 60 anos o mas,2005-06-01,8,2,8,2,10
IRUPANA (VILLA DE LANZA),consulta externa,repetidas en personas de 60 anos o mas,2005-06-01,11,5,11,5,16
IXIAMAS,consulta externa,repetidas en personas de 60 anos o mas,2005-06-01,0,1,0,1,1
JESUS DE MACHACA,consulta externa,repetidas en personas de 60 anos o mas,2005-06-01,16,10,16,10,26
LA GUARDIA,consulta externa,repetidas en personas de 60 anos o mas,2005-06-01,1,4,1,4,5
LA PAZ,consulta externa,repetidas en personas de 60 anos o mas,2005-06-01,7133,10375,7133,10375,17508
LAGUNILLAS,consulta externa,repetidas en personas de 60 anos o mas,2005-06-01,0,1,0,1,1
LAJA,consulta externa,repetidas en personas de 60 anos o mas,2005-06-01,5,2,5,2,7
LAS CARRERAS,consulta externa,repetidas en personas de 60 anos o mas,2005-06-01,2,5,2,5,7
LLALLAGUA,consulta externa,repetidas en personas de 60 anos o mas,2005-06-01,35,47,35,47,82
LLICA,consulta externa,repetidas en personas de 60 anos o mas,2005-06-01,5,6,5,6,11
LORETO,consulta externa,repetidas en personas de 60 anos o mas,2005-06-01,2,2,2,2,4
LURIBAY,consulta externa,repetidas en personas de 60 anos o mas,2005-06-01,1,1,1,1,2
MACHACAMARCA,consulta externa,repetidas en personas de 60 anos o mas,2005-06-01,34,33,34,33,67
MACHARETI,consulta externa,repetidas en personas de 60 anos o mas,2005-06-01,3,0,3,0,3
MAGDALENA,consulta externa,repetidas en personas de 60 anos o mas,2005-06-01,64,69,64,69,133
MAIRANA,consulta externa,repetidas en personas de 60 anos o mas,2005-06-01,1,1,1,1,2
MALLA,consulta externa,repetidas en personas de 60 anos o mas,2005-06-01,1,1,1,1,2
MAPIRI,consulta externa,repetidas en personas de 60 anos o mas,2005-06-01,2,3,2,3,5
MECAPACA,consulta externa,repetidas en personas de 60 anos o mas,2005-06-01,5,2,5,2,7
MINEROS,consulta externa,repetidas en personas de 60 anos o mas,2005-06-01,0,4,0,4,4
MIZQUE,consulta externa,repetidas en personas de 60 anos o mas,2005-06-01,0,3,0,3,3
MOCOMOCO,consulta externa,repetidas en personas de 60 anos o mas,2005-06-01,0,15,0,15,15
MOJINETE,consulta externa,repetidas en personas de 60 anos o mas,2005-06-01,6,5,6,5,11
MOJOCOYA,consulta externa,repetidas en personas de 60 anos o mas,2005-06-01,1,4,1,4,5
MONTEAGUDO,consulta externa,repetidas en personas de 60 anos o mas,2005-06-01,56,90,56,90,146
MONTERO,consulta externa,repetidas en personas de 60 anos o mas,2005-06-01,417,528,417,528,945
MORO MORO,consulta externa,repetidas en personas de 60 anos o mas,2005-06-01,4,6,4,6,10
MOROCHATA,consulta externa,repetidas en personas de 60 anos o mas,2005-06-01,1,2,1,2,3
OKINAWA,consulta externa,repetidas en personas de 60 anos o mas,2005-06-01,13,7,13,7,20
OMEREQUE,consulta externa,repetidas en personas de 60 anos o mas,2005-06-01,0,3,0,3,3
ORURO,consulta externa,repetidas en personas de 60 anos o mas,2005-06-01,1378,1521,1378,1521,2899
PADCAYA,consulta externa,repetidas en personas de 60 anos o mas,2005-06-01,0,4,0,4,4
PADILLA,consulta externa,repetidas en personas de 60 anos o mas,2005-06-01,7,23,7,23,30
PALCA,consulta externa,repetidas en personas de 60 anos o mas,2005-06-01,1,2,1,2,3
PALOS BLANCOS,consulta externa,repetidas en personas de 60 anos o mas,2005-06-01,6,0,6,0,6
PAMPA GRANDE,consulta externa,repetidas en personas de 60 anos o mas,2005-06-01,4,3,4,3,7
PAPEL PAMPA,consulta externa,repetidas en personas de 60 anos o mas,2005-06-01,2,1,2,1,3
PASORAPA,consulta externa,repetidas en personas de 60 anos o mas,2005-06-01,0,3,0,3,3
PATACAMAYA,consulta externa,repetidas en personas de 60 anos o mas,2005-06-01,3,1,3,1,4
PAZÑA,consulta externa,repetidas en personas de 60 anos o mas,2005-06-01,18,18,18,18,36
POCOATA,consulta externa,repetidas en personas de 60 anos o mas,2005-06-01,8,2,8,2,10
POCONA,consulta externa,repetidas en personas de 60 anos o mas,2005-06-01,1,2,1,2,3
POOPO,consulta externa,repetidas en personas de 60 anos o mas,2005-06-01,8,2,8,2,10
POROMA,consulta externa,repetidas en personas de 60 anos o mas,2005-06-01,7,3,7,3,10
PORONGO,consulta externa,repetidas en personas de 60 anos o mas,2005-06-01,3,3,3,3,6
PORTACHUELO,consulta externa,repetidas en personas de 60 anos o mas,2005-06-01,29,23,29,23,52
PORVENIR,consulta externa,repetidas en personas de 60 anos o mas,2005-06-01,7,1,7,1,8
POSTRER VALLE,consulta externa,repetidas en personas de 60 anos o mas,2005-06-01,5,1,5,1,6
POTOSI,consulta externa,repetidas en personas de 60 anos o mas,2005-06-01,771,1030,771,1030,1801
PUCARA,consulta externa,repetidas en personas de 60 anos o mas,2005-06-01,10,18,10,18,28
PUCARANI,consulta externa,repetidas en personas de 60 anos o mas,2005-06-01,2,4,2,4,6
PUERTO ACOSTA,consulta externa,repetidas en personas de 60 anos o mas,2005-06-01,15,11,15,11,26
PUERTO CARABUCO,consulta externa,repetidas en personas de 60 anos o mas,2005-06-01,1,5,1,5,6
PUERTO GONZALO MORENO,consulta externa,repetidas en personas de 60 anos o mas,2005-06-01,3,1,3,1,4
PUERTO PEREZ,consulta externa,repetidas en personas de 60 anos o mas,2005-06-01,9,3,9,3,12
PUERTO QUIJARRO,consulta externa,repetidas en personas de 60 anos o mas,2005-06-01,5,5,5,5,10
PUERTO RICO,consulta externa,repetidas en personas de 60 anos o mas,2005-06-01,16,18,16,18,34
PUERTO SUAREZ,consulta externa,repetidas en personas de 60 anos o mas,2005-06-01,20,16,20,16,36
PUERTO VILLARROEL,consulta externa,repetidas en personas de 60 anos o mas,2005-06-01,3,6,3,6,9
PUNA,consulta externa,repetidas en personas de 60 anos o mas,2005-06-01,8,9,8,9,17
PUNATA,consulta externa,repetidas en personas de 60 anos o mas,2005-06-01,151,116,151,116,267
QUILLACOLLO,consulta externa,repetidas en personas de 60 anos o mas,2005-06-01,318,358,318,358,676
QUIME,consulta externa,repetidas en personas de 60 anos o mas,2005-06-01,0,2,0,2,2
REYES,consulta externa,repetidas en personas de 60 anos o mas,2005-06-01,17,22,17,22,39
RIBERALTA,consulta externa,repetidas en personas de 60 anos o mas,2005-06-01,9,14,9,14,23
ROBORE,consulta externa,repetidas en personas de 60 anos o mas,2005-06-01,16,14,16,14,30
RURRENABAQUE,consulta externa,repetidas en personas de 60 anos o mas,2005-06-01,43,35,43,35,78
SABAYA,consulta externa,repetidas en personas de 60 anos o mas,2005-06-01,0,1,0,1,1
SACABA,consulta externa,repetidas en personas de 60 anos o mas,2005-06-01,64,85,64,85,149
SACABAMBA,consulta externa,repetidas en personas de 60 anos o mas,2005-06-01,1,2,1,2,3
SACACA,consulta externa,repetidas en personas de 60 anos o mas,2005-06-01,0,1,0,1,1
SAIPINA,consulta externa,repetidas en personas de 60 anos o mas,2005-06-01,12,10,12,10,22
SALINAS DE GARCI MENDOZA,consulta externa,repetidas en personas de 60 anos o mas,2005-06-01,9,9,9,9,18
SAMAIPATA,consulta externa,repetidas en personas de 60 anos o mas,2005-06-01,0,1,0,1,1
SAN ANDRES,consulta externa,repetidas en personas de 60 anos o mas,2005-06-01,2,3,2,3,5
SAN ANDRES DE MACHACA,consulta externa,repetidas en personas de 60 anos o mas,2005-06-01,0,2,0,2,2
SAN ANTONIO DE ESMORUCO,consulta externa,repetidas en personas de 60 anos o mas,2005-06-01,1,1,1,1,2
SAN BENITO,consulta externa,repetidas en personas de 60 anos o mas,2005-06-01,2,6,2,6,8
SAN BORJA,consulta externa,repetidas en personas de 60 anos o mas,2005-06-01,54,75,54,75,129
SAN BUENA VENTURA,consulta externa,repetidas en personas de 60 anos o mas,2005-06-01,0,3,0,3,3
SAN CARLOS,consulta externa,repetidas en personas de 60 anos o mas,2005-06-01,9,12,9,12,21
SAN IGNACIO,consulta externa,repetidas en personas de 60 anos o mas,2005-06-01,40,49,40,49,89
SAN IGNACIO DE VELASCO,consulta externa,repetidas en personas de 60 anos o mas,2005-06-01,32,37,32,37,69
SAN JAVIER(BNI),consulta externa,repetidas en personas de 60 anos o mas,2005-06-01,0,1,0,1,1
SAN JAVIER(STC),consulta externa,repetidas en personas de 60 anos o mas,2005-06-01,1,1,1,1,2
SAN JOAQUIN,consulta externa,repetidas en personas de 60 anos o mas,2005-06-01,7,18,7,18,25
SAN JOSE DE CHIQUITOS,consulta externa,repetidas en personas de 60 anos o mas,2005-06-01,10,10,10,10,20
SAN JUAN DE YAPACANI,consulta externa,repetidas en personas de 60 anos o mas,2005-06-01,2,0,2,0,2
SAN JULIAN,consulta externa,repetidas en personas de 60 anos o mas,2005-06-01,2,2,2,2,4
SAN LORENZO(PND),consulta externa,repetidas en personas de 60 anos o mas,2005-06-01,2,1,2,1,3
SAN LORENZO(TJA),consulta externa,repetidas en personas de 60 anos o mas,2005-06-01,11,14,11,14,25
SAN LUCAS,consulta externa,repetidas en personas de 60 anos o mas,2005-06-01,8,16,8,16,24
SAN MATIAS,consulta externa,repetidas en personas de 60 anos o mas,2005-06-01,2,2,2,2,4
SAN MIGUEL DE VELASCO,consulta externa,repetidas en personas de 60 anos o mas,2005-06-01,19,61,19,61,80
SAN PABLO DE LIPEZ,consulta externa,repetidas en personas de 60 anos o mas,2005-06-01,4,2,4,2,6
SAN PEDRO,consulta externa,repetidas en personas de 60 anos o mas,2005-06-01,1,1,1,1,2
SAN PEDRO DE CURAHUARA,consulta externa,repetidas en personas de 60 anos o mas,2005-06-01,2,6,2,6,8
SAN PEDRO DE TIQUINA,consulta externa,repetidas en personas de 60 anos o mas,2005-06-01,4,6,4,6,10
SAN RAFAEL,consulta externa,repetidas en personas de 60 anos o mas,2005-06-01,1,0,1,0,1
SAN RAMON,consulta externa,repetidas en personas de 60 anos o mas,2005-06-01,10,19,10,19,29
SAN RAMON,consulta externa,repetidas en personas de 60 anos o mas,2005-06-01,0,6,0,6,6
SANTA ANA,consulta externa,repetidas en personas de 60 anos o mas,2005-06-01,120,138,120,138,258
SANTA CRUZ DE LA SIERRA,consulta externa,repetidas en personas de 60 anos o mas,2005-06-01,2787,3762,2787,3762,6549
SANTA ROSA,consulta externa,repetidas en personas de 60 anos o mas,2005-06-01,0,1,0,1,1
SANTA ROSA DEL SARA,consulta externa,repetidas en personas de 60 anos o mas,2005-06-01,1,21,1,21,22
SANTIAGO DE CALLAPA,consulta externa,repetidas en personas de 60 anos o mas,2005-06-01,1,1,1,1,2
SANTIAGO DE HUARI,consulta externa,repetidas en personas de 60 anos o mas,2005-06-01,11,11,11,11,22
SANTIAGO DE MACHACA,consulta externa,repetidas en personas de 60 anos o mas,2005-06-01,3,2,3,2,5
SANTIVAÑES,consulta externa,repetidas en personas de 60 anos o mas,2005-06-01,2,5,2,5,7
SAPAHAQUI,consulta externa,repetidas en personas de 60 anos o mas,2005-06-01,3,0,3,0,3
SICA SICA (VILLA AROMA),consulta externa,repetidas en personas de 60 anos o mas,2005-06-01,3,0,3,0,3
SICAYA,consulta externa,repetidas en personas de 60 anos o mas,2005-06-01,0,2,0,2,2
SIPE SIPE,consulta externa,repetidas en personas de 60 anos o mas,2005-06-01,4,8,4,8,12
SOPACHUY,consulta externa,repetidas en personas de 60 anos o mas,2005-06-01,2,3,2,3,5
SORACACHI,consulta externa,repetidas en personas de 60 anos o mas,2005-06-01,1,2,1,2,3
SORATA,consulta externa,repetidas en personas de 60 anos o mas,2005-06-01,9,1,9,1,10
SUCRE,consulta externa,repetidas en personas de 60 anos o mas,2005-06-01,1378,1836,1378,1836,3214
TACACHI,consulta externa,repetidas en personas de 60 anos o mas,2005-06-01,4,7,4,7,11
TACACOMA,consulta externa,repetidas en personas de 60 anos o mas,2005-06-01,1,0,1,0,1
TACOBAMBA,consulta externa,repetidas en personas de 60 anos o mas,2005-06-01,1,1,1,1,2
TACOPAYA,consulta externa,repetidas en personas de 60 anos o mas,2005-06-01,1,0,1,0,1
TAHUA,consulta externa,repetidas en personas de 60 anos o mas,2005-06-01,0,1,0,1,1
TAPACARI,consulta externa,repetidas en personas de 60 anos o mas,2005-06-01,0,6,0,6,6
TARABUCO,consulta externa,repetidas en personas de 60 anos o mas,2005-06-01,17,28,17,28,45
TARACO,consulta externa,repetidas en personas de 60 anos o mas,2005-06-01,4,3,4,3,7
TARATA,consulta externa,repetidas en personas de 60 anos o mas,2005-06-01,1,4,1,4,5
TARIJA,consulta externa,repetidas en personas de 60 anos o mas,2005-06-01,1601,2142,1601,2142,3743
TARVITA,consulta externa,repetidas en personas de 60 anos o mas,2005-06-01,0,2,0,2,2
TEOPONTE,consulta externa,repetidas en personas de 60 anos o mas,2005-06-01,18,11,18,11,29
TIAWANACU,consulta externa,repetidas en personas de 60 anos o mas,2005-06-01,0,2,0,2,2
TINGUIPAYA,consulta externa,repetidas en personas de 60 anos o mas,2005-06-01,1,0,1,0,1
TIPUANI,consulta externa,repetidas en personas de 60 anos o mas,2005-06-01,5,5,5,5,10
TIQUIPAYA,consulta externa,repetidas en personas de 60 anos o mas,2005-06-01,4,8,4,8,12
TIRAQUE (CBBA),consulta externa,repetidas en personas de 60 anos o mas,2005-06-01,30,35,30,35,65
TITO YUPANQUI (PARQUIPUJIO),consulta externa,repetidas en personas de 60 anos o mas,2005-06-01,1,0,1,0,1
TOLATA,consulta externa,repetidas en personas de 60 anos o mas,2005-06-01,1,1,1,1,2
TOLEDO,consulta externa,repetidas en personas de 60 anos o mas,2005-06-01,2,3,2,3,5
TOMAVE,consulta externa,repetidas en personas de 60 anos o mas,2005-06-01,0,3,0,3,3
TOMINA,consulta externa,repetidas en personas de 60 anos o mas,2005-06-01,2,0,2,0,2
TORO TORO,consulta externa,repetidas en personas de 60 anos o mas,2005-06-01,2,4,2,4,6
TOTORA(CBBA),consulta externa,repetidas en personas de 60 anos o mas,2005-06-01,6,2,6,2,8
TRIGAL,consulta externa,repetidas en personas de 60 anos o mas,2005-06-01,1,3,1,3,4
TRINIDAD,consulta externa,repetidas en personas de 60 anos o mas,2005-06-01,147,186,147,186,333
TUPIZA,consulta externa,repetidas en personas de 60 anos o mas,2005-06-01,46,55,46,55,101
UNCIA,consulta externa,repetidas en personas de 60 anos o mas,2005-06-01,50,59,50,59,109
URIONDO (A. CONCEPCION),consulta externa,repetidas en personas de 60 anos o mas,2005-06-01,3,3,3,3,6
URUBICHA,consulta externa,repetidas en personas de 60 anos o mas,2005-06-01,1,0,1,0,1
UYUNI,consulta externa,repetidas en personas de 60 anos o mas,2005-06-01,95,110,95,110,205
VACAS,consulta externa,repetidas en personas de 60 anos o mas,2005-06-01,0,11,0,11,11
VALLEGRANDE,consulta externa,repetidas en personas de 60 anos o mas,2005-06-01,127,189,127,189,316
VIACHA,consulta externa,repetidas en personas de 60 anos o mas,2005-06-01,89,98,89,98,187
VILLA MONTES,consulta externa,repetidas en personas de 60 anos o mas,2005-06-01,86,95,86,95,181
VILLA RIVERO,consulta externa,repetidas en personas de 60 anos o mas,2005-06-01,2,3,2,3,5
VILLA SERRANO,consulta externa,repetidas en personas de 60 anos o mas,2005-06-01,3,4,3,4,7
VILLA TUNARI,consulta externa,repetidas en personas de 60 anos o mas,2005-06-01,17,15,17,15,32
VILLA VACA GUZMAN (MUYUPAMPA),consulta externa,repetidas en personas de 60 anos o mas,2005-06-01,2,2,2,2,4
VILLAZON,consulta externa,repetidas en personas de 60 anos o mas,2005-06-01,50,78,50,78,128
VINTO,consulta externa,repetidas en personas de 60 anos o mas,2005-06-01,2,17,2,17,19
VITICHI,consulta externa,repetidas en personas de 60 anos o mas,2005-06-01,10,10,10,10,20
WALDO BALLIVIAN,consulta externa,repetidas en personas de 60 anos o mas,2005-06-01,2,1,2,1,3
WARNES,consulta externa,repetidas en personas de 60 anos o mas,2005-06-01,9,8,9,8,17
YACO,consulta externa,repetidas en personas de 60 anos o mas,2005-06-01,3,1,3,1,4
YACUIBA,consulta externa,repetidas en personas de 60 anos o mas,2005-06-01,94,261,94,261,355
YAMPARAEZ,consulta externa,repetidas en personas de 60 anos o mas,2005-06-01,6,4,6,4,10
YANACACHI,consulta externa,repetidas en personas de 60 anos o mas,2005-06-01,2,0,2,0,2
YAPACANI,consulta externa,repetidas en personas de 60 anos o mas,2005-06-01,6,3,6,3,9
YOCALLA,consulta externa,repetidas en personas de 60 anos o mas,2005-06-01,4,4,4,4,8
YOTALA,consulta externa,repetidas en personas de 60 anos o mas,2005-06-01,5,18,5,18,23
YUNCHARA,consulta externa,repetidas en personas de 60 anos o mas,2005-06-01,0,1,0,1,1
ACACIO,consulta externa,repetidas en personas de 60 anos o mas,2005-07-01,2,1,2,1,3
ACHACACHI,consulta externa,repetidas en personas de 60 anos o mas,2005-07-01,18,19,18,19,37
ACHOCALLA,consulta externa,repetidas en personas de 60 anos o mas,2005-07-01,3,4,3,4,7
AIQUILE,consulta externa,repetidas en personas de 60 anos o mas,2005-07-01,31,62,31,62,93
ALALAY,consulta externa,repetidas en personas de 60 anos o mas,2005-07-01,1,1,1,1,2
ALCALA,consulta externa,repetidas en personas de 60 anos o mas,2005-07-01,1,1,1,1,2
ANCORAIMES,consulta externa,repetidas en personas de 60 anos o mas,2005-07-01,2,8,2,8,10
ANZALDO,consulta externa,repetidas en personas de 60 anos o mas,2005-07-01,2,1,2,1,3
APOLO,consulta externa,repetidas en personas de 60 anos o mas,2005-07-01,1,1,1,1,2
ARAMPAMPA,consulta externa,repetidas en personas de 60 anos o mas,2005-07-01,3,1,3,1,4
ARANI,consulta externa,repetidas en personas de 60 anos o mas,2005-07-01,6,7,6,7,13
ARBIETO,consulta externa,repetidas en personas de 60 anos o mas,2005-07-01,1,4,1,4,5
ATOCHA,consulta externa,repetidas en personas de 60 anos o mas,2005-07-01,26,31,26,31,57
AUCAPATA,consulta externa,repetidas en personas de 60 anos o mas,2005-07-01,3,4,3,4,7
AYATA,consulta externa,repetidas en personas de 60 anos o mas,2005-07-01,4,3,4,3,7
AYO AYO,consulta externa,repetidas en personas de 60 anos o mas,2005-07-01,1,0,1,0,1
AYOPAYA (V. DE INDEPENDENCIA),consulta externa,repetidas en personas de 60 anos o mas,2005-07-01,3,6,3,6,9
AZURDUY,consulta externa,repetidas en personas de 60 anos o mas,2005-07-01,1,0,1,0,1
BATALLAS,consulta externa,repetidas en personas de 60 anos o mas,2005-07-01,2,8,2,8,10
BAURES,consulta externa,repetidas en personas de 60 anos o mas,2005-07-01,10,8,10,8,18
BELEN DE URMIRI,consulta externa,repetidas en personas de 60 anos o mas,2005-07-01,3,1,3,1,4
BELLA FLOR,consulta externa,repetidas en personas de 60 anos o mas,2005-07-01,3,0,3,0,3
BERMEJO,consulta externa,repetidas en personas de 60 anos o mas,2005-07-01,57,39,57,39,96
BETANZOS,consulta externa,repetidas en personas de 60 anos o mas,2005-07-01,25,46,25,46,71
BOLIVAR,consulta externa,repetidas en personas de 60 anos o mas,2005-07-01,2,3,2,3,5
BOLPEBRA,consulta externa,repetidas en personas de 60 anos o mas,2005-07-01,0,4,0,4,4
BOYUIBE,consulta externa,repetidas en personas de 60 anos o mas,2005-07-01,3,5,3,5,8
BUENA VISTA,consulta externa,repetidas en personas de 60 anos o mas,2005-07-01,44,22,44,22,66
CABEZAS,consulta externa,repetidas en personas de 60 anos o mas,2005-07-01,0,2,0,2,2
"CAIZA ""D""",consulta externa,repetidas en personas de 60 anos o mas,2005-07-01,5,2,5,2,7
CAJUATA,consulta externa,repetidas en personas de 60 anos o mas,2005-07-01,3,1,3,1,4
CALACOTO,consulta externa,repetidas en personas de 60 anos o mas,2005-07-01,0,2,0,2,2
CALAMARCA,consulta externa,repetidas en personas de 60 anos o mas,2005-07-01,2,2,2,2,4
CAMARGO,consulta externa,repetidas en personas de 60 anos o mas,2005-07-01,15,25,15,25,40
CAMATAQUI (C. VILLA ABECIA),consulta externa,repetidas en personas de 60 anos o mas,2005-07-01,3,0,3,0,3
CAMIRI,consulta externa,repetidas en personas de 60 anos o mas,2005-07-01,25,86,25,86,111
CAPINOTA,consulta externa,repetidas en personas de 60 anos o mas,2005-07-01,17,26,17,26,43
CAQUIAVIRI,consulta externa,repetidas en personas de 60 anos o mas,2005-07-01,2,2,2,2,4
CARACOLLO,consulta externa,repetidas en personas de 60 anos o mas,2005-07-01,10,13,10,13,23
CARANAVI,consulta externa,repetidas en personas de 60 anos o mas,2005-07-01,21,8,21,8,29
CARAPARI,consulta externa,repetidas en personas de 60 anos o mas,2005-07-01,5,0,5,0,5
CARMEN RIVERO TORREZ,consulta externa,repetidas en personas de 60 anos o mas,2005-07-01,0,2,0,2,2
CHALLAPATA,consulta externa,repetidas en personas de 60 anos o mas,2005-07-01,7,6,7,6,13
CHAQUI,consulta externa,repetidas en personas de 60 anos o mas,2005-07-01,2,2,2,2,4
CHARAGUA,consulta externa,repetidas en personas de 60 anos o mas,2005-07-01,7,2,7,2,9
CHARAÑA,consulta externa,repetidas en personas de 60 anos o mas,2005-07-01,0,1,0,1,1
CHAYANTA,consulta externa,repetidas en personas de 60 anos o mas,2005-07-01,4,20,4,20,24
CHIMORE,consulta externa,repetidas en personas de 60 anos o mas,2005-07-01,3,2,3,2,5
CHOQUE COTA,consulta externa,repetidas en personas de 60 anos o mas,2005-07-01,2,2,2,2,4
CHULUMANI (V. DE LA LIBERTAD),consulta externa,repetidas en personas de 60 anos o mas,2005-07-01,47,23,47,23,70
CHUMA,consulta externa,repetidas en personas de 60 anos o mas,2005-07-01,3,5,3,5,8
CLIZA,consulta externa,repetidas en personas de 60 anos o mas,2005-07-01,4,4,4,4,8
COBIJA,consulta externa,repetidas en personas de 60 anos o mas,2005-07-01,46,150,46,150,196
COCHABAMBA,consulta externa,repetidas en personas de 60 anos o mas,2005-07-01,4159,5273,4159,5273,9432
COLCAPIRHUA,consulta externa,repetidas en personas de 60 anos o mas,2005-07-01,39,64,39,64,103
"COLCHA ""K""",consulta externa,repetidas en personas de 60 anos o mas,2005-07-01,13,8,13,8,21
COLLANA,consulta externa,repetidas en personas de 60 anos o mas,2005-07-01,2,3,2,3,5
COLOMI,consulta externa,repetidas en personas de 60 anos o mas,2005-07-01,0,1,0,1,1
COLPA BELGICA,consulta externa,repetidas en personas de 60 anos o mas,2005-07-01,7,6,7,6,13
COLQUECHACA,consulta externa,repetidas en personas de 60 anos o mas,2005-07-01,7,5,7,5,12
COLQUENCHA,consulta externa,repetidas en personas de 60 anos o mas,2005-07-01,5,1,5,1,6
COLQUIRI,consulta externa,repetidas en personas de 60 anos o mas,2005-07-01,6,1,6,1,7
COMANCHE,consulta externa,repetidas en personas de 60 anos o mas,2005-07-01,2,1,2,1,3
COMARAPA,consulta externa,repetidas en personas de 60 anos o mas,2005-07-01,22,17,22,17,39
CONCEPCION,consulta externa,repetidas en personas de 60 anos o mas,2005-07-01,2,1,2,1,3
COPACABANA,consulta externa,repetidas en personas de 60 anos o mas,2005-07-01,5,0,5,0,5
CORIPATA,consulta externa,repetidas en personas de 60 anos o mas,2005-07-01,1,0,1,0,1
CORO CORO,consulta externa,repetidas en personas de 60 anos o mas,2005-07-01,0,2,0,2,2
COROICO,consulta externa,repetidas en personas de 60 anos o mas,2005-07-01,13,10,13,10,23
CORQUE,consulta externa,repetidas en personas de 60 anos o mas,2005-07-01,15,5,15,5,20
COTAGAITA,consulta externa,repetidas en personas de 60 anos o mas,2005-07-01,16,36,16,36,52
COTOCA,consulta externa,repetidas en personas de 60 anos o mas,2005-07-01,0,1,0,1,1
CUATRO CAÑADAS,consulta externa,repetidas en personas de 60 anos o mas,2005-07-01,3,5,3,5,8
CUEVO,consulta externa,repetidas en personas de 60 anos o mas,2005-07-01,1,6,1,6,7
CULPINA,consulta externa,repetidas en personas de 60 anos o mas,2005-07-01,2,1,2,1,3
DESAGUADERO,consulta externa,repetidas en personas de 60 anos o mas,2005-07-01,1,3,1,3,4
EL ALTO,consulta externa,repetidas en personas de 60 anos o mas,2005-07-01,716,811,716,811,1527
EL CHORO,consulta externa,repetidas en personas de 60 anos o mas,2005-07-01,0,1,0,1,1
EL PUENTE(STC),consulta externa,repetidas en personas de 60 anos o mas,2005-07-01,2,5,2,5,7
EL PUENTE(TJA),consulta externa,repetidas en personas de 60 anos o mas,2005-07-01,2,2,2,2,4
EL TORNO,consulta externa,repetidas en personas de 60 anos o mas,2005-07-01,220,283,220,283,503
EL VILLAR,consulta externa,repetidas en personas de 60 anos o mas,2005-07-01,1,3,1,3,4
ENTRE RIOS,consulta externa,repetidas en personas de 60 anos o mas,2005-07-01,11,9,11,9,20
ENTRE RIOS,consulta externa,repetidas en personas de 60 anos o mas,2005-07-01,2,1,2,1,3
EUCALIPTUS,consulta externa,repetidas en personas de 60 anos o mas,2005-07-01,1,2,1,2,3
EUREKA (SANTOS MERCADO),consulta externa,repetidas en personas de 60 anos o mas,2005-07-01,1,0,1,0,1
EXALTACION,consulta externa,repetidas en personas de 60 anos o mas,2005-07-01,1,2,1,2,3
FERNANDEZ ALONSO,consulta externa,repetidas en personas de 60 anos o mas,2005-07-01,2,1,2,1,3
GENERAL SAAVEDRA,consulta externa,repetidas en personas de 60 anos o mas,2005-07-01,0,2,0,2,2
GRAL. J.J. PEREZ (CHARAZANI),consulta externa,repetidas en personas de 60 anos o mas,2005-07-01,1,0,1,0,1
GUANAY,consulta externa,repetidas en personas de 60 anos o mas,2005-07-01,1,0,1,0,1
GUAQUI,consulta externa,repetidas en personas de 60 anos o mas,2005-07-01,0,1,0,1,1
GUAYARAMERIN,consulta externa,repetidas en personas de 60 anos o mas,2005-07-01,86,219,86,219,305
GUTIERREZ,consulta externa,repetidas en personas de 60 anos o mas,2005-07-01,4,3,4,3,7
HUACARETA,consulta externa,repetidas en personas de 60 anos o mas,2005-07-01,3,7,3,7,10
HUACHACALLA,consulta externa,repetidas en personas de 60 anos o mas,2005-07-01,1,1,1,1,2
HUANUNI,consulta externa,repetidas en personas de 60 anos o mas,2005-07-01,77,59,77,59,136
HUARACAJE,consulta externa,repetidas en personas de 60 anos o mas,2005-07-01,0,3,0,3,3
HUAYLLAMARCA,consulta externa,repetidas en personas de 60 anos o mas,2005-07-01,3,8,3,8,11
ICLA,consulta externa,repetidas en personas de 60 anos o mas,2005-07-01,1,4,1,4,5
INCAHUASI,consulta externa,repetidas en personas de 60 anos o mas,2005-07-01,0,4,0,4,4
INQUISIVI,consulta externa,repetidas en personas de 60 anos o mas,2005-07-01,2,1,2,1,3
IRUPANA (VILLA DE LANZA),consulta externa,repetidas en personas de 60 anos o mas,2005-07-01,14,10,14,10,24
IXIAMAS,consulta externa,repetidas en personas de 60 anos o mas,2005-07-01,1,1,1,1,2
JESUS DE MACHACA,consulta externa,repetidas en personas de 60 anos o mas,2005-07-01,7,19,7,19,26
LA ASUNTA,consulta externa,repetidas en personas de 60 anos o mas,2005-07-01,1,0,1,0,1
LA GUARDIA,consulta externa,repetidas en personas de 60 anos o mas,2005-07-01,3,12,3,12,15
LA PAZ,consulta externa,repetidas en personas de 60 anos o mas,2005-07-01,8266,11445,8266,11445,19711
LAGUNILLAS,consulta externa,repetidas en personas de 60 anos o mas,2005-07-01,3,4,3,4,7
LAJA,consulta externa,repetidas en personas de 60 anos o mas,2005-07-01,4,4,4,4,8
LLALLAGUA,consulta externa,repetidas en personas de 60 anos o mas,2005-07-01,54,46,54,46,100
LLICA,consulta externa,repetidas en personas de 60 anos o mas,2005-07-01,9,6,9,6,15
LORETO,consulta externa,repetidas en personas de 60 anos o mas,2005-07-01,2,1,2,1,3
LURIBAY,consulta externa,repetidas en personas de 60 anos o mas,2005-07-01,1,3,1,3,4
MACHACAMARCA,consulta externa,repetidas en personas de 60 anos o mas,2005-07-01,48,47,48,47,95
MACHARETI,consulta externa,repetidas en personas de 60 anos o mas,2005-07-01,4,2,4,2,6
MAGDALENA,consulta externa,repetidas en personas de 60 anos o mas,2005-07-01,56,95,56,95,151
MAIRANA,consulta externa,repetidas en personas de 60 anos o mas,2005-07-01,0,1,0,1,1
MAPIRI,consulta externa,repetidas en personas de 60 anos o mas,2005-07-01,1,0,1,0,1
MECAPACA,consulta externa,repetidas en personas de 60 anos o mas,2005-07-01,11,8,11,8,19
MINEROS,consulta externa,repetidas en personas de 60 anos o mas,2005-07-01,12,32,12,32,44
MIZQUE,consulta externa,repetidas en personas de 60 anos o mas,2005-07-01,4,3,4,3,7
MOCOMOCO,consulta externa,repetidas en personas de 60 anos o mas,2005-07-01,2,4,2,4,6
MOJINETE,consulta externa,repetidas en personas de 60 anos o mas,2005-07-01,5,7,5,7,12
MOJOCOYA,consulta externa,repetidas en personas de 60 anos o mas,2005-07-01,1,6,1,6,7
MONTEAGUDO,consulta externa,repetidas en personas de 60 anos o mas,2005-07-01,53,65,53,65,118
MONTERO,consulta externa,repetidas en personas de 60 anos o mas,2005-07-01,423,512,423,512,935
MORO MORO,consulta externa,repetidas en personas de 60 anos o mas,2005-07-01,4,5,4,5,9
MOROCHATA,consulta externa,repetidas en personas de 60 anos o mas,2005-07-01,0,4,0,4,4
NUEVO MANOA (NUEVA ESPERANZA),consulta externa,repetidas en personas de 60 anos o mas,2005-07-01,0,1,0,1,1
OKINAWA,consulta externa,repetidas en personas de 60 anos o mas,2005-07-01,8,6,8,6,14
OMEREQUE,consulta externa,repetidas en personas de 60 anos o mas,2005-07-01,3,8,3,8,11
ORURO,consulta externa,repetidas en personas de 60 anos o mas,2005-07-01,1217,1459,1217,1459,2676
PADCAYA,consulta externa,repetidas en personas de 60 anos o mas,2005-07-01,1,6,1,6,7
PADILLA,consulta externa,repetidas en personas de 60 anos o mas,2005-07-01,8,15,8,15,23
PAILON,consulta externa,repetidas en personas de 60 anos o mas,2005-07-01,1,2,1,2,3
PALCA,consulta externa,repetidas en personas de 60 anos o mas,2005-07-01,3,0,3,0,3
PALOS BLANCOS,consulta externa,repetidas en personas de 60 anos o mas,2005-07-01,9,6,9,6,15
PAMPA GRANDE,consulta externa,repetidas en personas de 60 anos o mas,2005-07-01,6,6,6,6,12
PAPEL PAMPA,consulta externa,repetidas en personas de 60 anos o mas,2005-07-01,2,3,2,3,5
PASORAPA,consulta externa,repetidas en personas de 60 anos o mas,2005-07-01,0,1,0,1,1
PATACAMAYA,consulta externa,repetidas en personas de 60 anos o mas,2005-07-01,0,1,0,1,1
PAZÑA,consulta externa,repetidas en personas de 60 anos o mas,2005-07-01,23,10,23,10,33
PELECHUCO,consulta externa,repetidas en personas de 60 anos o mas,2005-07-01,1,1,1,1,2
POCOATA,consulta externa,repetidas en personas de 60 anos o mas,2005-07-01,0,2,0,2,2
POCONA,consulta externa,repetidas en personas de 60 anos o mas,2005-07-01,2,4,2,4,6
POOPO,consulta externa,repetidas en personas de 60 anos o mas,2005-07-01,7,6,7,6,13
PORCO,consulta externa,repetidas en personas de 60 anos o mas,2005-07-01,0,2,0,2,2
POROMA,consulta externa,repetidas en personas de 60 anos o mas,2005-07-01,0,1,0,1,1
PORONGO,consulta externa,repetidas en personas de 60 anos o mas,2005-07-01,1,5,1,5,6
PORTACHUELO,consulta externa,repetidas en personas de 60 anos o mas,2005-07-01,17,27,17,27,44
PORVENIR,consulta externa,repetidas en personas de 60 anos o mas,2005-07-01,6,4,6,4,10
POSTRER VALLE,consulta externa,repetidas en personas de 60 anos o mas,2005-07-01,3,2,3,2,5
POTOSI,consulta externa,repetidas en personas de 60 anos o mas,2005-07-01,931,1139,931,1139,2070
PRESTO,consulta externa,repetidas en personas de 60 anos o mas,2005-07-01,1,3,1,3,4
PUCARA,consulta externa,repetidas en personas de 60 anos o mas,2005-07-01,3,4,3,4,7
PUCARANI,consulta externa,repetidas en personas de 60 anos o mas,2005-07-01,4,5,4,5,9
PUERTO ACOSTA,consulta externa,repetidas en personas de 60 anos o mas,2005-07-01,17,8,17,8,25
PUERTO CARABUCO,consulta externa,repetidas en personas de 60 anos o mas,2005-07-01,6,2,6,2,8
PUERTO GONZALO MORENO,consulta externa,repetidas en personas de 60 anos o mas,2005-07-01,1,0,1,0,1
PUERTO PEREZ,consulta externa,repetidas en personas de 60 anos o mas,2005-07-01,6,8,6,8,14
PUERTO QUIJARRO,consulta externa,repetidas en personas de 60 anos o mas,2005-07-01,1,0,1,0,1
PUERTO SILES,consulta externa,repetidas en personas de 60 anos o mas,2005-07-01,1,1,1,1,2
PUERTO SUAREZ,consulta externa,repetidas en personas de 60 anos o mas,2005-07-01,9,24,9,24,33
PUERTO VILLARROEL,consulta externa,repetidas en personas de 60 anos o mas,2005-07-01,7,3,7,3,10
PUNA,consulta externa,repetidas en personas de 60 anos o mas,2005-07-01,13,9,13,9,22
PUNATA,consulta externa,repetidas en personas de 60 anos o mas,2005-07-01,99,141,99,141,240
QUILLACOLLO,consulta externa,repetidas en personas de 60 anos o mas,2005-07-01,321,391,321,391,712
QUIME,consulta externa,repetidas en personas de 60 anos o mas,2005-07-01,5,2,5,2,7
REYES,consulta externa,repetidas en personas de 60 anos o mas,2005-07-01,34,36,34,36,70
RIBERALTA,consulta externa,repetidas en personas de 60 anos o mas,2005-07-01,17,8,17,8,25
ROBORE,consulta externa,repetidas en personas de 60 anos o mas,2005-07-01,11,2,11,2,13
RURRENABAQUE,consulta externa,repetidas en personas de 60 anos o mas,2005-07-01,35,35,35,35,70
SABAYA,consulta externa,repetidas en personas de 60 anos o mas,2005-07-01,3,1,3,1,4
SACABA,consulta externa,repetidas en personas de 60 anos o mas,2005-07-01,98,92,98,92,190
SACABAMBA,consulta externa,repetidas en personas de 60 anos o mas,2005-07-01,1,2,1,2,3
SACACA,consulta externa,repetidas en personas de 60 anos o mas,2005-07-01,1,0,1,0,1
SAIPINA,consulta externa,repetidas en personas de 60 anos o mas,2005-07-01,14,15,14,15,29
SALINAS DE GARCI MENDOZA,consulta externa,repetidas en personas de 60 anos o mas,2005-07-01,15,7,15,7,22
SAMAIPATA,consulta externa,repetidas en personas de 60 anos o mas,2005-07-01,2,2,2,2,4
SAN AGUSTIN,consulta externa,repetidas en personas de 60 anos o mas,2005-07-01,1,2,1,2,3
SAN ANDRES,consulta externa,repetidas en personas de 60 anos o mas,2005-07-01,4,6,4,6,10
SAN ANDRES DE MACHACA,consulta externa,repetidas en personas de 60 anos o mas,2005-07-01,3,2,3,2,5
SAN ANTONIO DE LOMERIO,consulta externa,repetidas en personas de 60 anos o mas,2005-07-01,2,2,2,2,4
SAN BENITO,consulta externa,repetidas en personas de 60 anos o mas,2005-07-01,6,13,6,13,19
SAN BORJA,consulta externa,repetidas en personas de 60 anos o mas,2005-07-01,52,78,52,78,130
SAN BUENA VENTURA,consulta externa,repetidas en personas de 60 anos o mas,2005-07-01,3,3,3,3,6
SAN CARLOS,consulta externa,repetidas en personas de 60 anos o mas,2005-07-01,13,16,13,16,29
SAN IGNACIO,consulta externa,repetidas en personas de 60 anos o mas,2005-07-01,39,48,39,48,87
SAN IGNACIO DE VELASCO,consulta externa,repetidas en personas de 60 anos o mas,2005-07-01,16,40,16,40,56
SAN JAVIER(BNI),consulta externa,repetidas en personas de 60 anos o mas,2005-07-01,0,1,0,1,1
SAN JAVIER(STC),consulta externa,repetidas en personas de 60 anos o mas,2005-07-01,0,3,0,3,3
SAN JOAQUIN,consulta externa,repetidas en personas de 60 anos o mas,2005-07-01,10,20,10,20,30
SAN JOSE DE CHIQUITOS,consulta externa,repetidas en personas de 60 anos o mas,2005-07-01,8,15,8,15,23
SAN JUAN DE YAPACANI,consulta externa,repetidas en personas de 60 anos o mas,2005-07-01,4,2,4,2,6
SAN JULIAN,consulta externa,repetidas en personas de 60 anos o mas,2005-07-01,4,6,4,6,10
SAN LORENZO(PND),consulta externa,repetidas en personas de 60 anos o mas,2005-07-01,1,0,1,0,1
SAN LORENZO(TJA),consulta externa,repetidas en personas de 60 anos o mas,2005-07-01,4,8,4,8,12
SAN LUCAS,consulta externa,repetidas en personas de 60 anos o mas,2005-07-01,8,10,8,10,18
SAN MATIAS,consulta externa,repetidas en personas de 60 anos o mas,2005-07-01,2,1,2,1,3
SAN MIGUEL DE VELASCO,consulta externa,repetidas en personas de 60 anos o mas,2005-07-01,29,71,29,71,100
SAN PABLO DE LIPEZ,consulta externa,repetidas en personas de 60 anos o mas,2005-07-01,0,2,0,2,2
SAN PEDRO,consulta externa,repetidas en personas de 60 anos o mas,2005-07-01,2,3,2,3,5
SAN PEDRO DE CURAHUARA,consulta externa,repetidas en personas de 60 anos o mas,2005-07-01,0,5,0,5,5
SAN PEDRO DE TIQUINA,consulta externa,repetidas en personas de 60 anos o mas,2005-07-01,5,5,5,5,10
SAN PEDRO(PND),consulta externa,repetidas en personas de 60 anos o mas,2005-07-01,1,0,1,0,1
SAN RAMON,consulta externa,repetidas en personas de 60 anos o mas,2005-07-01,2,9,2,9,11
SAN RAMON,consulta externa,repetidas en personas de 60 anos o mas,2005-07-01,11,18,11,18,29
SANTA ANA,consulta externa,repetidas en personas de 60 anos o mas,2005-07-01,95,90,95,90,185
SANTA CRUZ DE LA SIERRA,consulta externa,repetidas en personas de 60 anos o mas,2005-07-01,2024,3060,2024,3060,5084
SANTA ROSA,consulta externa,repetidas en personas de 60 anos o mas,2005-07-01,39,31,39,31,70
SANTA ROSA DEL SARA,consulta externa,repetidas en personas de 60 anos o mas,2005-07-01,1,4,1,4,5
SANTIAGO DE HUARI,consulta externa,repetidas en personas de 60 anos o mas,2005-07-01,7,10,7,10,17
SANTIVAÑES,consulta externa,repetidas en personas de 60 anos o mas,2005-07-01,1,5,1,5,6
SAPAHAQUI,consulta externa,repetidas en personas de 60 anos o mas,2005-07-01,0,4,0,4,4
SICA SICA (VILLA AROMA),consulta externa,repetidas en personas de 60 anos o mas,2005-07-01,2,0,2,0,2
SICAYA,consulta externa,repetidas en personas de 60 anos o mas,2005-07-01,0,3,0,3,3
SIPE SIPE,consulta externa,repetidas en personas de 60 anos o mas,2005-07-01,9,19,9,19,28
SOPACHUY,consulta externa,repetidas en personas de 60 anos o mas,2005-07-01,1,1,1,1,2
SORACACHI,consulta externa,repetidas en personas de 60 anos o mas,2005-07-01,1,0,1,0,1
SORATA,consulta externa,repetidas en personas de 60 anos o mas,2005-07-01,10,6,10,6,16
SUCRE,consulta externa,repetidas en personas de 60 anos o mas,2005-07-01,1253,2024,1253,2024,3277
TACACHI,consulta externa,repetidas en personas de 60 anos o mas,2005-07-01,4,8,4,8,12
TAHUA,consulta externa,repetidas en personas de 60 anos o mas,2005-07-01,2,0,2,0,2
TAPACARI,consulta externa,repetidas en personas de 60 anos o mas,2005-07-01,1,4,1,4,5
TARABUCO,consulta externa,repetidas en personas de 60 anos o mas,2005-07-01,12,20,12,20,32
TARACO,consulta externa,repetidas en personas de 60 anos o mas,2005-07-01,1,3,1,3,4
TARATA,consulta externa,repetidas en personas de 60 anos o mas,2005-07-01,4,2,4,2,6
TARIJA,consulta externa,repetidas en personas de 60 anos o mas,2005-07-01,1322,1778,1322,1778,3100
TARVITA,consulta externa,repetidas en personas de 60 anos o mas,2005-07-01,2,6,2,6,8
TEOPONTE,consulta externa,repetidas en personas de 60 anos o mas,2005-07-01,5,5,5,5,10
TIAWANACU,consulta externa,repetidas en personas de 60 anos o mas,2005-07-01,1,0,1,0,1
TINGUIPAYA,consulta externa,repetidas en personas de 60 anos o mas,2005-07-01,1,0,1,0,1
TIPUANI,consulta externa,repetidas en personas de 60 anos o mas,2005-07-01,6,7,6,7,13
TIQUIPAYA,consulta externa,repetidas en personas de 60 anos o mas,2005-07-01,9,5,9,5,14
TIRAQUE (CBBA),consulta externa,repetidas en personas de 60 anos o mas,2005-07-01,25,42,25,42,67
TITO YUPANQUI (PARQUIPUJIO),consulta externa,repetidas en personas de 60 anos o mas,2005-07-01,3,2,3,2,5
TOCO,consulta externa,repetidas en personas de 60 anos o mas,2005-07-01,4,0,4,0,4
TOLATA,consulta externa,repetidas en personas de 60 anos o mas,2005-07-01,3,3,3,3,6
TOLEDO,consulta externa,repetidas en personas de 60 anos o mas,2005-07-01,4,4,4,4,8
TOMAVE,consulta externa,repetidas en personas de 60 anos o mas,2005-07-01,7,4,7,4,11
TOMINA,consulta externa,repetidas en personas de 60 anos o mas,2005-07-01,5,2,5,2,7
TORO TORO,consulta externa,repetidas en personas de 60 anos o mas,2005-07-01,0,3,0,3,3
TOTORA(CBBA),consulta externa,repetidas en personas de 60 anos o mas,2005-07-01,0,4,0,4,4
TOTORA(ORR),consulta externa,repetidas en personas de 60 anos o mas,2005-07-01,1,0,1,0,1
TRIGAL,consulta externa,repetidas en personas de 60 anos o mas,2005-07-01,3,4,3,4,7
TRINIDAD,consulta externa,repetidas en personas de 60 anos o mas,2005-07-01,156,188,156,188,344
TUPIZA,consulta externa,repetidas en personas de 60 anos o mas,2005-07-01,51,43,51,43,94
TURCO,consulta externa,repetidas en personas de 60 anos o mas,2005-07-01,1,0,1,0,1
UNCIA,consulta externa,repetidas en personas de 60 anos o mas,2005-07-01,42,60,42,60,102
URUBICHA,consulta externa,repetidas en personas de 60 anos o mas,2005-07-01,2,0,2,0,2
UYUNI,consulta externa,repetidas en personas de 60 anos o mas,2005-07-01,89,69,89,69,158
VACAS,consulta externa,repetidas en personas de 60 anos o mas,2005-07-01,8,8,8,8,16
VALLEGRANDE,consulta externa,repetidas en personas de 60 anos o mas,2005-07-01,115,171,115,171,286
VIACHA,consulta externa,repetidas en personas de 60 anos o mas,2005-07-01,110,133,110,133,243
VILA VILA,consulta externa,repetidas en personas de 60 anos o mas,2005-07-01,3,1,3,1,4
VILLA MONTES,consulta externa,repetidas en personas de 60 anos o mas,2005-07-01,75,69,75,69,144
VILLA RIVERO,consulta externa,repetidas en personas de 60 anos o mas,2005-07-01,6,3,6,3,9
VILLA SERRANO,consulta externa,repetidas en personas de 60 anos o mas,2005-07-01,4,1,4,1,5
VILLA TUNARI,consulta externa,repetidas en personas de 60 anos o mas,2005-07-01,27,25,27,25,52
VILLA VACA GUZMAN (MUYUPAMPA),consulta externa,repetidas en personas de 60 anos o mas,2005-07-01,1,5,1,5,6
VILLAZON,consulta externa,repetidas en personas de 60 anos o mas,2005-07-01,49,44,49,44,93
VINTO,consulta externa,repetidas en personas de 60 anos o mas,2005-07-01,7,11,7,11,18
VITICHI,consulta externa,repetidas en personas de 60 anos o mas,2005-07-01,8,11,8,11,19
WALDO BALLIVIAN,consulta externa,repetidas en personas de 60 anos o mas,2005-07-01,1,1,1,1,2
WARNES,consulta externa,repetidas en personas de 60 anos o mas,2005-07-01,7,5,7,5,12
YACO,consulta externa,repetidas en personas de 60 anos o mas,2005-07-01,1,1,1,1,2
YACUIBA,consulta externa,repetidas en personas de 60 anos o mas,2005-07-01,168,275,168,275,443
YAMPARAEZ,consulta externa,repetidas en personas de 60 anos o mas,2005-07-01,5,11,5,11,16
YANACACHI,consulta externa,repetidas en personas de 60 anos o mas,2005-07-01,3,1,3,1,4
YAPACANI,consulta externa,repetidas en personas de 60 anos o mas,2005-07-01,5,2,5,2,7
YOCALLA,consulta externa,repetidas en personas de 60 anos o mas,2005-07-01,5,7,5,7,12
YOTALA,consulta externa,repetidas en personas de 60 anos o mas,2005-07-01,10,14,10,14,24
ZUDAÑEZ,consulta externa,repetidas en personas de 60 anos o mas,2005-07-01,1,4,1,4,5
ACACIO,consulta externa,repetidas en personas de 60 anos o mas,2005-08-01,0,1,0,1,1
ACHACACHI,consulta externa,repetidas en personas de 60 anos o mas,2005-08-01,32,20,32,20,52
ACHOCALLA,consulta externa,repetidas en personas de 60 anos o mas,2005-08-01,2,1,2,1,3
AIQUILE,consulta externa,repetidas en personas de 60 anos o mas,2005-08-01,36,53,36,53,89
ANCORAIMES,consulta externa,repetidas en personas de 60 anos o mas,2005-08-01,8,8,8,8,16
ANZALDO,consulta externa,repetidas en personas de 60 anos o mas,2005-08-01,1,1,1,1,2
APOLO,consulta externa,repetidas en personas de 60 anos o mas,2005-08-01,9,1,9,1,10
ARANI,consulta externa,repetidas en personas de 60 anos o mas,2005-08-01,5,10,5,10,15
ARBIETO,consulta externa,repetidas en personas de 60 anos o mas,2005-08-01,24,17,24,17,41
ARQUE,consulta externa,repetidas en personas de 60 anos o mas,2005-08-01,0,2,0,2,2
ATOCHA,consulta externa,repetidas en personas de 60 anos o mas,2005-08-01,34,52,34,52,86
AUCAPATA,consulta externa,repetidas en personas de 60 anos o mas,2005-08-01,0,1,0,1,1
AYATA,consulta externa,repetidas en personas de 60 anos o mas,2005-08-01,5,5,5,5,10
AYO AYO,consulta externa,repetidas en personas de 60 anos o mas,2005-08-01,4,1,4,1,5
AYOPAYA (V. DE INDEPENDENCIA),consulta externa,repetidas en personas de 60 anos o mas,2005-08-01,2,3,2,3,5
AZURDUY,consulta externa,repetidas en personas de 60 anos o mas,2005-08-01,1,1,1,1,2
BATALLAS,consulta externa,repetidas en personas de 60 anos o mas,2005-08-01,5,3,5,3,8
BAURES,consulta externa,repetidas en personas de 60 anos o mas,2005-08-01,10,12,10,12,22
BELEN DE ANDAMARCA,consulta externa,repetidas en personas de 60 anos o mas,2005-08-01,0,4,0,4,4
BELEN DE URMIRI,consulta externa,repetidas en personas de 60 anos o mas,2005-08-01,3,1,3,1,4
BERMEJO,consulta externa,repetidas en personas de 60 anos o mas,2005-08-01,46,99,46,99,145
BETANZOS,consulta externa,repetidas en personas de 60 anos o mas,2005-08-01,30,48,30,48,78
BOLIVAR,consulta externa,repetidas en personas de 60 anos o mas,2005-08-01,1,0,1,0,1
BOYUIBE,consulta externa,repetidas en personas de 60 anos o mas,2005-08-01,2,5,2,5,7
BUENA VISTA,consulta externa,repetidas en personas de 60 anos o mas,2005-08-01,17,8,17,8,25
CABEZAS,consulta externa,repetidas en personas de 60 anos o mas,2005-08-01,0,3,0,3,3
CAIROMA,consulta externa,repetidas en personas de 60 anos o mas,2005-08-01,8,7,8,7,15
"CAIZA ""D""",consulta externa,repetidas en personas de 60 anos o mas,2005-08-01,0,3,0,3,3
CAJUATA,consulta externa,repetidas en personas de 60 anos o mas,2005-08-01,1,1,1,1,2
CALACOTO,consulta externa,repetidas en personas de 60 anos o mas,2005-08-01,1,1,1,1,2
CALAMARCA,consulta externa,repetidas en personas de 60 anos o mas,2005-08-01,4,2,4,2,6
CAMARGO,consulta externa,repetidas en personas de 60 anos o mas,2005-08-01,9,22,9,22,31
CAMATAQUI (C. VILLA ABECIA),consulta externa,repetidas en personas de 60 anos o mas,2005-08-01,0,3,0,3,3
CAMIRI,consulta externa,repetidas en personas de 60 anos o mas,2005-08-01,69,103,69,103,172
CAPINOTA,consulta externa,repetidas en personas de 60 anos o mas,2005-08-01,15,17,15,17,32
CAQUIAVIRI,consulta externa,repetidas en personas de 60 anos o mas,2005-08-01,5,10,5,10,15
CARACOLLO,consulta externa,repetidas en personas de 60 anos o mas,2005-08-01,16,8,16,8,24
CARANAVI,consulta externa,repetidas en personas de 60 anos o mas,2005-08-01,21,12,21,12,33
CARAPARI,consulta externa,repetidas en personas de 60 anos o mas,2005-08-01,1,1,1,1,2
CARIPUYO,consulta externa,repetidas en personas de 60 anos o mas,2005-08-01,2,5,2,5,7
CATACORA,consulta externa,repetidas en personas de 60 anos o mas,2005-08-01,2,0,2,0,2
CHALLAPATA,consulta externa,repetidas en personas de 60 anos o mas,2005-08-01,8,9,8,9,17
CHAQUI,consulta externa,repetidas en personas de 60 anos o mas,2005-08-01,1,2,1,2,3
CHARAGUA,consulta externa,repetidas en personas de 60 anos o mas,2005-08-01,7,5,7,5,12
CHARAÑA,consulta externa,repetidas en personas de 60 anos o mas,2005-08-01,0,1,0,1,1
CHAYANTA,consulta externa,repetidas en personas de 60 anos o mas,2005-08-01,5,13,5,13,18
CHIMORE,consulta externa,repetidas en personas de 60 anos o mas,2005-08-01,2,0,2,0,2
CHULUMANI (V. DE LA LIBERTAD),consulta externa,repetidas en personas de 60 anos o mas,2005-08-01,41,14,41,14,55
CHUMA,consulta externa,repetidas en personas de 60 anos o mas,2005-08-01,2,7,2,7,9
CLIZA,consulta externa,repetidas en personas de 60 anos o mas,2005-08-01,2,1,2,1,3
COBIJA,consulta externa,repetidas en personas de 60 anos o mas,2005-08-01,31,117,31,117,148
COCHABAMBA,consulta externa,repetidas en personas de 60 anos o mas,2005-08-01,5250,6238,5250,6238,11488
COLCAPIRHUA,consulta externa,repetidas en personas de 60 anos o mas,2005-08-01,37,54,37,54,91
"COLCHA ""K""",consulta externa,repetidas en personas de 60 anos o mas,2005-08-01,10,10,10,10,20
COLLANA,consulta externa,repetidas en personas de 60 anos o mas,2005-08-01,2,3,2,3,5
COLPA BELGICA,consulta externa,repetidas en personas de 60 anos o mas,2005-08-01,2,1,2,1,3
COLQUECHACA,consulta externa,repetidas en personas de 60 anos o mas,2005-08-01,5,4,5,4,9
COLQUENCHA,consulta externa,repetidas en personas de 60 anos o mas,2005-08-01,2,2,2,2,4
COLQUIRI,consulta externa,repetidas en personas de 60 anos o mas,2005-08-01,5,1,5,1,6
COMARAPA,consulta externa,repetidas en personas de 60 anos o mas,2005-08-01,27,29,27,29,56
COMBAYA,consulta externa,repetidas en personas de 60 anos o mas,2005-08-01,0,3,0,3,3
COPACABANA,consulta externa,repetidas en personas de 60 anos o mas,2005-08-01,1,0,1,0,1
CORIPATA,consulta externa,repetidas en personas de 60 anos o mas,2005-08-01,1,5,1,5,6
CORO CORO,consulta externa,repetidas en personas de 60 anos o mas,2005-08-01,2,6,2,6,8
COROICO,consulta externa,repetidas en personas de 60 anos o mas,2005-08-01,27,44,27,44,71
CORQUE,consulta externa,repetidas en personas de 60 anos o mas,2005-08-01,10,4,10,4,14
COTAGAITA,consulta externa,repetidas en personas de 60 anos o mas,2005-08-01,20,44,20,44,64
CUATRO CAÑADAS,consulta externa,repetidas en personas de 60 anos o mas,2005-08-01,2,3,2,3,5
CUCHUMUELA (V. G. VILLARROEL),consulta externa,repetidas en personas de 60 anos o mas,2005-08-01,1,0,1,0,1
CUEVO,consulta externa,repetidas en personas de 60 anos o mas,2005-08-01,3,5,3,5,8
CULPINA,consulta externa,repetidas en personas de 60 anos o mas,2005-08-01,2,3,2,3,5
DESAGUADERO,consulta externa,repetidas en personas de 60 anos o mas,2005-08-01,4,1,4,1,5
EL ALTO,consulta externa,repetidas en personas de 60 anos o mas,2005-08-01,725,769,725,769,1494
EL CHORO,consulta externa,repetidas en personas de 60 anos o mas,2005-08-01,0,2,0,2,2
EL PUENTE(STC),consulta externa,repetidas en personas de 60 anos o mas,2005-08-01,0,1,0,1,1
EL PUENTE(TJA),consulta externa,repetidas en personas de 60 anos o mas,2005-08-01,0,1,0,1,1
EL TORNO,consulta externa,repetidas en personas de 60 anos o mas,2005-08-01,164,213,164,213,377
EL VILLAR,consulta externa,repetidas en personas de 60 anos o mas,2005-08-01,0,4,0,4,4
ENTRE RIOS,consulta externa,repetidas en personas de 60 anos o mas,2005-08-01,3,6,3,6,9
EUCALIPTUS,consulta externa,repetidas en personas de 60 anos o mas,2005-08-01,1,3,1,3,4
EXALTACION,consulta externa,repetidas en personas de 60 anos o mas,2005-08-01,0,1,0,1,1
FERNANDEZ ALONSO,consulta externa,repetidas en personas de 60 anos o mas,2005-08-01,1,1,1,1,2
FILADELFIA,consulta externa,repetidas en personas de 60 anos o mas,2005-08-01,0,1,0,1,1
GENERAL SAAVEDRA,consulta externa,repetidas en personas de 60 anos o mas,2005-08-01,1,0,1,0,1
GRAL. J.J. PEREZ (CHARAZANI),consulta externa,repetidas en personas de 60 anos o mas,2005-08-01,3,1,3,1,4
GUANAY,consulta externa,repetidas en personas de 60 anos o mas,2005-08-01,2,1,2,1,3
GUAQUI,consulta externa,repetidas en personas de 60 anos o mas,2005-08-01,2,1,2,1,3
GUAYARAMERIN,consulta externa,repetidas en personas de 60 anos o mas,2005-08-01,214,250,214,250,464
GUTIERREZ,consulta externa,repetidas en personas de 60 anos o mas,2005-08-01,24,19,24,19,43
HUACARETA,consulta externa,repetidas en personas de 60 anos o mas,2005-08-01,11,14,11,14,25
HUACAYA (VILLA DE HUACAYA),consulta externa,repetidas en personas de 60 anos o mas,2005-08-01,0,9,0,9,9
HUANUNI,consulta externa,repetidas en personas de 60 anos o mas,2005-08-01,79,59,79,59,138
HUARACAJE,consulta externa,repetidas en personas de 60 anos o mas,2005-08-01,5,3,5,3,8
HUAYLLAMARCA,consulta externa,repetidas en personas de 60 anos o mas,2005-08-01,1,0,1,0,1
ICHOCA,consulta externa,repetidas en personas de 60 anos o mas,2005-08-01,1,0,1,0,1
ICLA,consulta externa,repetidas en personas de 60 anos o mas,2005-08-01,0,3,0,3,3
INCAHUASI,consulta externa,repetidas en personas de 60 anos o mas,2005-08-01,6,5,6,5,11
INQUISIVI,consulta externa,repetidas en personas de 60 anos o mas,2005-08-01,3,0,3,0,3
IRUPANA (VILLA DE LANZA),consulta externa,repetidas en personas de 60 anos o mas,2005-08-01,12,7,12,7,19
IXIAMAS,consulta externa,repetidas en personas de 60 anos o mas,2005-08-01,0,5,0,5,5
JESUS DE MACHACA,consulta externa,repetidas en personas de 60 anos o mas,2005-08-01,7,10,7,10,17
LA ASUNTA,consulta externa,repetidas en personas de 60 anos o mas,2005-08-01,5,1,5,1,6
LA GUARDIA,consulta externa,repetidas en personas de 60 anos o mas,2005-08-01,12,11,12,11,23
LA PAZ,consulta externa,repetidas en personas de 60 anos o mas,2005-08-01,9111,12191,9111,12191,21302
LAGUNILLAS,consulta externa,repetidas en personas de 60 anos o mas,2005-08-01,2,0,2,0,2
LAJA,consulta externa,repetidas en personas de 60 anos o mas,2005-08-01,4,3,4,3,7
LAS CARRERAS,consulta externa,repetidas en personas de 60 anos o mas,2005-08-01,7,5,7,5,12
LICOMA PAMPA,consulta externa,repetidas en personas de 60 anos o mas,2005-08-01,0,1,0,1,1
LLALLAGUA,consulta externa,repetidas en personas de 60 anos o mas,2005-08-01,49,60,49,60,109
LLICA,consulta externa,repetidas en personas de 60 anos o mas,2005-08-01,12,6,12,6,18
LORETO,consulta externa,repetidas en personas de 60 anos o mas,2005-08-01,1,0,1,0,1
MACHACAMARCA,consulta externa,repetidas en personas de 60 anos o mas,2005-08-01,54,49,54,49,103
MACHARETI,consulta externa,repetidas en personas de 60 anos o mas,2005-08-01,1,0,1,0,1
MAGDALENA,consulta externa,repetidas en personas de 60 anos o mas,2005-08-01,70,94,70,94,164
MAIRANA,consulta externa,repetidas en personas de 60 anos o mas,2005-08-01,2,1,2,1,3
MALLA,consulta externa,repetidas en personas de 60 anos o mas,2005-08-01,2,0,2,0,2
MECAPACA,consulta externa,repetidas en personas de 60 anos o mas,2005-08-01,3,4,3,4,7
MINEROS,consulta externa,repetidas en personas de 60 anos o mas,2005-08-01,2,0,2,0,2
MIZQUE,consulta externa,repetidas en personas de 60 anos o mas,2005-08-01,6,4,6,4,10
MOCOMOCO,consulta externa,repetidas en personas de 60 anos o mas,2005-08-01,1,4,1,4,5
MOJINETE,consulta externa,repetidas en personas de 60 anos o mas,2005-08-01,3,9,3,9,12
MOJOCOYA,consulta externa,repetidas en personas de 60 anos o mas,2005-08-01,2,2,2,2,4
MONTEAGUDO,consulta externa,repetidas en personas de 60 anos o mas,2005-08-01,53,67,53,67,120
MONTERO,consulta externa,repetidas en personas de 60 anos o mas,2005-08-01,568,661,568,661,1229
MORO MORO,consulta externa,repetidas en personas de 60 anos o mas,2005-08-01,1,1,1,1,2
MOROCHATA,consulta externa,repetidas en personas de 60 anos o mas,2005-08-01,11,10,11,10,21
NUEVO MANOA (NUEVA ESPERANZA),consulta externa,repetidas en personas de 60 anos o mas,2005-08-01,1,1,1,1,2
OKINAWA,consulta externa,repetidas en personas de 60 anos o mas,2005-08-01,8,3,8,3,11
OMEREQUE,consulta externa,repetidas en personas de 60 anos o mas,2005-08-01,3,3,3,3,6
ORURO,consulta externa,repetidas en personas de 60 anos o mas,2005-08-01,1451,1752,1451,1752,3203
PADCAYA,consulta externa,repetidas en personas de 60 anos o mas,2005-08-01,7,7,7,7,14
PADILLA,consulta externa,repetidas en personas de 60 anos o mas,2005-08-01,8,19,8,19,27
PAILON,consulta externa,repetidas en personas de 60 anos o mas,2005-08-01,1,0,1,0,1
PALCA,consulta externa,repetidas en personas de 60 anos o mas,2005-08-01,6,4,6,4,10
PALOS BLANCOS,consulta externa,repetidas en personas de 60 anos o mas,2005-08-01,8,3,8,3,11
PAMPA AULLAGAS,consulta externa,repetidas en personas de 60 anos o mas,2005-08-01,0,1,0,1,1
PAMPA GRANDE,consulta externa,repetidas en personas de 60 anos o mas,2005-08-01,5,8,5,8,13
PAPEL PAMPA,consulta externa,repetidas en personas de 60 anos o mas,2005-08-01,6,7,6,7,13
PASORAPA,consulta externa,repetidas en personas de 60 anos o mas,2005-08-01,1,1,1,1,2
PATACAMAYA,consulta externa,repetidas en personas de 60 anos o mas,2005-08-01,2,0,2,0,2
PAZÑA,consulta externa,repetidas en personas de 60 anos o mas,2005-08-01,14,21,14,21,35
PELECHUCO,consulta externa,repetidas en personas de 60 anos o mas,2005-08-01,0,1,0,1,1
POCOATA,consulta externa,repetidas en personas de 60 anos o mas,2005-08-01,0,4,0,4,4
POCONA,consulta externa,repetidas en personas de 60 anos o mas,2005-08-01,1,2,1,2,3
POJO (CBBA),consulta externa,repetidas en personas de 60 anos o mas,2005-08-01,0,1,0,1,1
POOPO,consulta externa,repetidas en personas de 60 anos o mas,2005-08-01,7,8,7,8,15
PORCO,consulta externa,repetidas en personas de 60 anos o mas,2005-08-01,0,1,0,1,1
POROMA,consulta externa,repetidas en personas de 60 anos o mas,2005-08-01,14,3,14,3,17
PORONGO,consulta externa,repetidas en personas de 60 anos o mas,2005-08-01,0,3,0,3,3
PORTACHUELO,consulta externa,repetidas en personas de 60 anos o mas,2005-08-01,17,12,17,12,29
PORVENIR,consulta externa,repetidas en personas de 60 anos o mas,2005-08-01,8,7,8,7,15
POSTRER VALLE,consulta externa,repetidas en personas de 60 anos o mas,2005-08-01,2,1,2,1,3
POTOSI,consulta externa,repetidas en personas de 60 anos o mas,2005-08-01,1112,1381,1112,1381,2493
PRESTO,consulta externa,repetidas en personas de 60 anos o mas,2005-08-01,0,1,0,1,1
PUCARANI,consulta externa,repetidas en personas de 60 anos o mas,2005-08-01,7,4,7,4,11
PUERTO ACOSTA,consulta externa,repetidas en personas de 60 anos o mas,2005-08-01,21,10,21,10,31
PUERTO CARABUCO,consulta externa,repetidas en personas de 60 anos o mas,2005-08-01,6,7,6,7,13
PUERTO GONZALO MORENO,consulta externa,repetidas en personas de 60 anos o mas,2005-08-01,0,1,0,1,1
PUERTO PEREZ,consulta externa,repetidas en personas de 60 anos o mas,2005-08-01,8,11,8,11,19
PUERTO QUIJARRO,consulta externa,repetidas en personas de 60 anos o mas,2005-08-01,2,4,2,4,6
PUERTO RICO,consulta externa,repetidas en personas de 60 anos o mas,2005-08-01,0,6,0,6,6
PUERTO SUAREZ,consulta externa,repetidas en personas de 60 anos o mas,2005-08-01,3,8,3,8,11
PUERTO VILLARROEL,consulta externa,repetidas en personas de 60 anos o mas,2005-08-01,6,10,6,10,16
PUNA,consulta externa,repetidas en personas de 60 anos o mas,2005-08-01,5,12,5,12,17
PUNATA,consulta externa,repetidas en personas de 60 anos o mas,2005-08-01,91,124,91,124,215
QUILLACOLLO,consulta externa,repetidas en personas de 60 anos o mas,2005-08-01,337,431,337,431,768
QUIME,consulta externa,repetidas en personas de 60 anos o mas,2005-08-01,1,0,1,0,1
RAVELO,consulta externa,repetidas en personas de 60 anos o mas,2005-08-01,2,1,2,1,3
REYES,consulta externa,repetidas en personas de 60 anos o mas,2005-08-01,45,57,45,57,102
RIBERALTA,consulta externa,repetidas en personas de 60 anos o mas,2005-08-01,8,14,8,14,22
ROBORE,consulta externa,repetidas en personas de 60 anos o mas,2005-08-01,21,18,21,18,39
RURRENABAQUE,consulta externa,repetidas en personas de 60 anos o mas,2005-08-01,49,35,49,35,84
SABAYA,consulta externa,repetidas en personas de 60 anos o mas,2005-08-01,3,6,3,6,9
SACABA,consulta externa,repetidas en personas de 60 anos o mas,2005-08-01,99,141,99,141,240
SACABAMBA,consulta externa,repetidas en personas de 60 anos o mas,2005-08-01,2,1,2,1,3
SACACA,consulta externa,repetidas en personas de 60 anos o mas,2005-08-01,1,0,1,0,1
SAIPINA,consulta externa,repetidas en personas de 60 anos o mas,2005-08-01,20,34,20,34,54
SALINAS DE GARCI MENDOZA,consulta externa,repetidas en personas de 60 anos o mas,2005-08-01,6,2,6,2,8
SAMAIPATA,consulta externa,repetidas en personas de 60 anos o mas,2005-08-01,1,0,1,0,1
SAN AGUSTIN,consulta externa,repetidas en personas de 60 anos o mas,2005-08-01,1,0,1,0,1
SAN ANDRES,consulta externa,repetidas en personas de 60 anos o mas,2005-08-01,14,8,14,8,22
SAN ANDRES DE MACHACA,consulta externa,repetidas en personas de 60 anos o mas,2005-08-01,3,1,3,1,4
SAN ANTONIO DE ESMORUCO,consulta externa,repetidas en personas de 60 anos o mas,2005-08-01,7,1,7,1,8
SAN BENITO,consulta externa,repetidas en personas de 60 anos o mas,2005-08-01,2,7,2,7,9
SAN BORJA,consulta externa,repetidas en personas de 60 anos o mas,2005-08-01,53,61,53,61,114
SAN BUENA VENTURA,consulta externa,repetidas en personas de 60 anos o mas,2005-08-01,2,5,2,5,7
SAN CARLOS,consulta externa,repetidas en personas de 60 anos o mas,2005-08-01,15,16,15,16,31
SAN IGNACIO,consulta externa,repetidas en personas de 60 anos o mas,2005-08-01,27,44,27,44,71
SAN IGNACIO DE VELASCO,consulta externa,repetidas en personas de 60 anos o mas,2005-08-01,27,33,27,33,60
SAN JAVIER(BNI),consulta externa,repetidas en personas de 60 anos o mas,2005-08-01,0,1,0,1,1
SAN JAVIER(STC),consulta externa,repetidas en personas de 60 anos o mas,2005-08-01,1,1,1,1,2
SAN JOAQUIN,consulta externa,repetidas en personas de 60 anos o mas,2005-08-01,14,18,14,18,32
SAN JOSE DE CHIQUITOS,consulta externa,repetidas en personas de 60 anos o mas,2005-08-01,10,15,10,15,25
SAN JUAN DE YAPACANI,consulta externa,repetidas en personas de 60 anos o mas,2005-08-01,5,4,5,4,9
SAN JULIAN,consulta externa,repetidas en personas de 60 anos o mas,2005-08-01,6,8,6,8,14
SAN LORENZO(PND),consulta externa,repetidas en personas de 60 anos o mas,2005-08-01,1,0,1,0,1
SAN LORENZO(TJA),consulta externa,repetidas en personas de 60 anos o mas,2005-08-01,4,7,4,7,11
SAN LUCAS,consulta externa,repetidas en personas de 60 anos o mas,2005-08-01,4,7,4,7,11
SAN MATIAS,consulta externa,repetidas en personas de 60 anos o mas,2005-08-01,0,2,0,2,2
SAN MIGUEL DE VELASCO,consulta externa,repetidas en personas de 60 anos o mas,2005-08-01,43,98,43,98,141
SAN PABLO DE LIPEZ,consulta externa,repetidas en personas de 60 anos o mas,2005-08-01,4,6,4,6,10
SAN PEDRO,consulta externa,repetidas en personas de 60 anos o mas,2005-08-01,4,5,4,5,9
SAN PEDRO DE BUENA VISTA,consulta externa,repetidas en personas de 60 anos o mas,2005-08-01,0,2,0,2,2
SAN PEDRO DE CURAHUARA,consulta externa,repetidas en personas de 60 anos o mas,2005-08-01,0,3,0,3,3
SAN PEDRO DE TIQUINA,consulta externa,repetidas en personas de 60 anos o mas,2005-08-01,2,4,2,4,6
SAN RAMON,consulta externa,repetidas en personas de 60 anos o mas,2005-08-01,1,7,1,7,8
SAN RAMON,consulta externa,repetidas en personas de 60 anos o mas,2005-08-01,38,10,38,10,48
SANTA ANA,consulta externa,repetidas en personas de 60 anos o mas,2005-08-01,101,96,101,96,197
SANTA CRUZ DE LA SIERRA,consulta externa,repetidas en personas de 60 anos o mas,2005-08-01,3481,4787,3481,4787,8268
SANTA ROSA DEL SARA,consulta externa,repetidas en personas de 60 anos o mas,2005-08-01,4,6,4,6,10
SANTIAGO DE CALLAPA,consulta externa,repetidas en personas de 60 anos o mas,2005-08-01,0,1,0,1,1
SANTIAGO DE HUARI,consulta externa,repetidas en personas de 60 anos o mas,2005-08-01,12,11,12,11,23
SANTIAGO DE MACHACA,consulta externa,repetidas en personas de 60 anos o mas,2005-08-01,1,1,1,1,2
SANTIVAÑES,consulta externa,repetidas en personas de 60 anos o mas,2005-08-01,6,20,6,20,26
SAPAHAQUI,consulta externa,repetidas en personas de 60 anos o mas,2005-08-01,1,1,1,1,2
SICA SICA (VILLA AROMA),consulta externa,repetidas en personas de 60 anos o mas,2005-08-01,1,2,1,2,3
SICAYA,consulta externa,repetidas en personas de 60 anos o mas,2005-08-01,0,4,0,4,4
SIPE SIPE,consulta externa,repetidas en personas de 60 anos o mas,2005-08-01,12,21,12,21,33
SOPACHUY,consulta externa,repetidas en personas de 60 anos o mas,2005-08-01,2,1,2,1,3
SORACACHI,consulta externa,repetidas en personas de 60 anos o mas,2005-08-01,1,0,1,0,1
SORATA,consulta externa,repetidas en personas de 60 anos o mas,2005-08-01,9,3,9,3,12
SUCRE,consulta externa,repetidas en personas de 60 anos o mas,2005-08-01,1680,2476,1680,2476,4156
TACACHI,consulta externa,repetidas en personas de 60 anos o mas,2005-08-01,6,12,6,12,18
TACOPAYA,consulta externa,repetidas en personas de 60 anos o mas,2005-08-01,1,3,1,3,4
TAHUA,consulta externa,repetidas en personas de 60 anos o mas,2005-08-01,1,1,1,1,2
TAPACARI,consulta externa,repetidas en personas de 60 anos o mas,2005-08-01,5,3,5,3,8
TARABUCO,consulta externa,repetidas en personas de 60 anos o mas,2005-08-01,16,44,16,44,60
TARACO,consulta externa,repetidas en personas de 60 anos o mas,2005-08-01,1,6,1,6,7
TARATA,consulta externa,repetidas en personas de 60 anos o mas,2005-08-01,5,1,5,1,6
TARIJA,consulta externa,repetidas en personas de 60 anos o mas,2005-08-01,1554,2321,1554,2321,3875
TARVITA,consulta externa,repetidas en personas de 60 anos o mas,2005-08-01,1,7,1,7,8
TEOPONTE,consulta externa,repetidas en personas de 60 anos o mas,2005-08-01,7,9,7,9,16
TIAWANACU,consulta externa,repetidas en personas de 60 anos o mas,2005-08-01,3,8,3,8,11
TINGUIPAYA,consulta externa,repetidas en personas de 60 anos o mas,2005-08-01,2,5,2,5,7
TIPUANI,consulta externa,repetidas en personas de 60 anos o mas,2005-08-01,11,8,11,8,19
TIQUIPAYA,consulta externa,repetidas en personas de 60 anos o mas,2005-08-01,9,5,9,5,14
TIRAQUE (CBBA),consulta externa,repetidas en personas de 60 anos o mas,2005-08-01,19,31,19,31,50
TITO YUPANQUI (PARQUIPUJIO),consulta externa,repetidas en personas de 60 anos o mas,2005-08-01,0,2,0,2,2
TOCO,consulta externa,repetidas en personas de 60 anos o mas,2005-08-01,0,1,0,1,1
TODOS SANTOS,consulta externa,repetidas en personas de 60 anos o mas,2005-08-01,1,0,1,0,1
TOLATA,consulta externa,repetidas en personas de 60 anos o mas,2005-08-01,2,5,2,5,7
TOLEDO,consulta externa,repetidas en personas de 60 anos o mas,2005-08-01,4,0,4,0,4
TOMAVE,consulta externa,repetidas en personas de 60 anos o mas,2005-08-01,1,3,1,3,4
TOMINA,consulta externa,repetidas en personas de 60 anos o mas,2005-08-01,5,7,5,7,12
TORO TORO,consulta externa,repetidas en personas de 60 anos o mas,2005-08-01,1,6,1,6,7
TOTORA(CBBA),consulta externa,repetidas en personas de 60 anos o mas,2005-08-01,2,4,2,4,6
TRIGAL,consulta externa,repetidas en personas de 60 anos o mas,2005-08-01,2,1,2,1,3
TRINIDAD,consulta externa,repetidas en personas de 60 anos o mas,2005-08-01,205,232,205,232,437
TUPIZA,consulta externa,repetidas en personas de 60 anos o mas,2005-08-01,31,40,31,40,71
UNCIA,consulta externa,repetidas en personas de 60 anos o mas,2005-08-01,57,90,57,90,147
URIONDO (A. CONCEPCION),consulta externa,repetidas en personas de 60 anos o mas,2005-08-01,4,12,4,12,16
URUBICHA,consulta externa,repetidas en personas de 60 anos o mas,2005-08-01,1,3,1,3,4
UYUNI,consulta externa,repetidas en personas de 60 anos o mas,2005-08-01,58,63,58,63,121
VACAS,consulta externa,repetidas en personas de 60 anos o mas,2005-08-01,8,12,8,12,20
VALLEGRANDE,consulta externa,repetidas en personas de 60 anos o mas,2005-08-01,118,234,118,234,352
VIACHA,consulta externa,repetidas en personas de 60 anos o mas,2005-08-01,89,124,89,124,213
VILA VILA,consulta externa,repetidas en personas de 60 anos o mas,2005-08-01,1,0,1,0,1
VILLA MONTES,consulta externa,repetidas en personas de 60 anos o mas,2005-08-01,108,89,108,89,197
VILLA NUEVA (LOMA ALTA),consulta externa,repetidas en personas de 60 anos o mas,2005-08-01,1,1,1,1,2
VILLA RIVERO,consulta externa,repetidas en personas de 60 anos o mas,2005-08-01,3,4,3,4,7
VILLA SERRANO,consulta externa,repetidas en personas de 60 anos o mas,2005-08-01,2,1,2,1,3
VILLA TUNARI,consulta externa,repetidas en personas de 60 anos o mas,2005-08-01,27,18,27,18,45
VILLA VACA GUZMAN (MUYUPAMPA),consulta externa,repetidas en personas de 60 anos o mas,2005-08-01,2,3,2,3,5
VILLAZON,consulta externa,repetidas en personas de 60 anos o mas,2005-08-01,48,64,48,64,112
VINTO,consulta externa,repetidas en personas de 60 anos o mas,2005-08-01,13,11,13,11,24
VITICHI,consulta externa,repetidas en personas de 60 anos o mas,2005-08-01,5,3,5,3,8
WALDO BALLIVIAN,consulta externa,repetidas en personas de 60 anos o mas,2005-08-01,1,1,1,1,2
WARNES,consulta externa,repetidas en personas de 60 anos o mas,2005-08-01,6,18,6,18,24
YACO,consulta externa,repetidas en personas de 60 anos o mas,2005-08-01,1,0,1,0,1
YACUIBA,consulta externa,repetidas en personas de 60 anos o mas,2005-08-01,128,257,128,257,385
YAMPARAEZ,consulta externa,repetidas en personas de 60 anos o mas,2005-08-01,4,12,4,12,16
YANACACHI,consulta externa,repetidas en personas de 60 anos o mas,2005-08-01,1,8,1,8,9
YAPACANI,consulta externa,repetidas en personas de 60 anos o mas,2005-08-01,3,3,3,3,6
YOCALLA,consulta externa,repetidas en personas de 60 anos o mas,2005-08-01,1,2,1,2,3
YOTALA,consulta externa,repetidas en personas de 60 anos o mas,2005-08-01,15,29,15,29,44
YUNCHARA,consulta externa,repetidas en personas de 60 anos o mas,2005-08-01,1,1,1,1,2
ZUDAÑEZ,consulta externa,repetidas en personas de 60 anos o mas,2005-08-01,2,7,2,7,9
ACACIO,consulta externa,repetidas en personas de 60 anos o mas,2005-09-01,1,2,1,2,3
ACHACACHI,consulta externa,repetidas en personas de 60 anos o mas,2005-09-01,26,33,26,33,59
ACHOCALLA,consulta externa,repetidas en personas de 60 anos o mas,2005-09-01,5,3,5,3,8
AIQUILE,consulta externa,repetidas en personas de 60 anos o mas,2005-09-01,40,50,40,50,90
ALALAY,consulta externa,repetidas en personas de 60 anos o mas,2005-09-01,2,3,2,3,5
ANCORAIMES,consulta externa,repetidas en personas de 60 anos o mas,2005-09-01,6,12,6,12,18
ANDAMARCA,consulta externa,repetidas en personas de 60 anos o mas,2005-09-01,1,4,1,4,5
ANTEQUERA,consulta externa,repetidas en personas de 60 anos o mas,2005-09-01,2,1,2,1,3
ANZALDO,consulta externa,repetidas en personas de 60 anos o mas,2005-09-01,4,5,4,5,9
APOLO,consulta externa,repetidas en personas de 60 anos o mas,2005-09-01,5,9,5,9,14
ARANI,consulta externa,repetidas en personas de 60 anos o mas,2005-09-01,3,3,3,3,6
ARBIETO,consulta externa,repetidas en personas de 60 anos o mas,2005-09-01,9,8,9,8,17
ATOCHA,consulta externa,repetidas en personas de 60 anos o mas,2005-09-01,30,33,30,33,63
AUCAPATA,consulta externa,repetidas en personas de 60 anos o mas,2005-09-01,4,1,4,1,5
AYATA,consulta externa,repetidas en personas de 60 anos o mas,2005-09-01,2,2,2,2,4
AYOPAYA (V. DE INDEPENDENCIA),consulta externa,repetidas en personas de 60 anos o mas,2005-09-01,4,3,4,3,7
AZURDUY,consulta externa,repetidas en personas de 60 anos o mas,2005-09-01,1,0,1,0,1
BATALLAS,consulta externa,repetidas en personas de 60 anos o mas,2005-09-01,1,2,1,2,3
BAURES,consulta externa,repetidas en personas de 60 anos o mas,2005-09-01,12,13,12,13,25
BELEN DE ANDAMARCA,consulta externa,repetidas en personas de 60 anos o mas,2005-09-01,0,3,0,3,3
BELEN DE URMIRI,consulta externa,repetidas en personas de 60 anos o mas,2005-09-01,6,0,6,0,6
BERMEJO,consulta externa,repetidas en personas de 60 anos o mas,2005-09-01,63,46,63,46,109
BETANZOS,consulta externa,repetidas en personas de 60 anos o mas,2005-09-01,37,36,37,36,73
BOLIVAR,consulta externa,repetidas en personas de 60 anos o mas,2005-09-01,1,3,1,3,4
BOYUIBE,consulta externa,repetidas en personas de 60 anos o mas,2005-09-01,4,3,4,3,7
BUENA VISTA,consulta externa,repetidas en personas de 60 anos o mas,2005-09-01,37,29,37,29,66
CABEZAS,consulta externa,repetidas en personas de 60 anos o mas,2005-09-01,2,2,2,2,4
CAIROMA,consulta externa,repetidas en personas de 60 anos o mas,2005-09-01,5,2,5,2,7
"CAIZA ""D""",consulta externa,repetidas en personas de 60 anos o mas,2005-09-01,2,2,2,2,4
CAJUATA,consulta externa,repetidas en personas de 60 anos o mas,2005-09-01,1,1,1,1,2
CALACOTO,consulta externa,repetidas en personas de 60 anos o mas,2005-09-01,0,2,0,2,2
CALAMARCA,consulta externa,repetidas en personas de 60 anos o mas,2005-09-01,5,2,5,2,7
CAMARGO,consulta externa,repetidas en personas de 60 anos o mas,2005-09-01,15,26,15,26,41
CAMATAQUI (C. VILLA ABECIA),consulta externa,repetidas en personas de 60 anos o mas,2005-09-01,1,0,1,0,1
CAMIRI,consulta externa,repetidas en personas de 60 anos o mas,2005-09-01,68,90,68,90,158
CAPINOTA,consulta externa,repetidas en personas de 60 anos o mas,2005-09-01,20,30,20,30,50
CAQUIAVIRI,consulta externa,repetidas en personas de 60 anos o mas,2005-09-01,3,2,3,2,5
CARACOLLO,consulta externa,repetidas en personas de 60 anos o mas,2005-09-01,9,13,9,13,22
CARANAVI,consulta externa,repetidas en personas de 60 anos o mas,2005-09-01,1,7,1,7,8
CARAPARI,consulta externa,repetidas en personas de 60 anos o mas,2005-09-01,2,6,2,6,8
CARMEN RIVERO TORREZ,consulta externa,repetidas en personas de 60 anos o mas,2005-09-01,1,0,1,0,1
CHALLAPATA,consulta externa,repetidas en personas de 60 anos o mas,2005-09-01,11,3,11,3,14
CHAQUI,consulta externa,repetidas en personas de 60 anos o mas,2005-09-01,0,1,0,1,1
CHARAGUA,consulta externa,repetidas en personas de 60 anos o mas,2005-09-01,6,10,6,10,16
CHARAÑA,consulta externa,repetidas en personas de 60 anos o mas,2005-09-01,1,3,1,3,4
CHAYANTA,consulta externa,repetidas en personas de 60 anos o mas,2005-09-01,7,1,7,1,8
CHIMORE,consulta externa,repetidas en personas de 60 anos o mas,2005-09-01,1,0,1,0,1
CHOQUE COTA,consulta externa,repetidas en personas de 60 anos o mas,2005-09-01,0,1,0,1,1
CHULUMANI (V. DE LA LIBERTAD),consulta externa,repetidas en personas de 60 anos o mas,2005-09-01,41,20,41,20,61
CHUMA,consulta externa,repetidas en personas de 60 anos o mas,2005-09-01,0,7,0,7,7
CLIZA,consulta externa,repetidas en personas de 60 anos o mas,2005-09-01,4,2,4,2,6
COBIJA,consulta externa,repetidas en personas de 60 anos o mas,2005-09-01,42,140,42,140,182
COCHABAMBA,consulta externa,repetidas en personas de 60 anos o mas,2005-09-01,4822,6044,4822,6044,10866
COLCAPIRHUA,consulta externa,repetidas en personas de 60 anos o mas,2005-09-01,50,80,50,80,130
"COLCHA ""K""",consulta externa,repetidas en personas de 60 anos o mas,2005-09-01,13,5,13,5,18
COLLANA,consulta externa,repetidas en personas de 60 anos o mas,2005-09-01,1,2,1,2,3
COLOMI,consulta externa,repetidas en personas de 60 anos o mas,2005-09-01,3,0,3,0,3
COLPA BELGICA,consulta externa,repetidas en personas de 60 anos o mas,2005-09-01,1,7,1,7,8
COLQUECHACA,consulta externa,repetidas en personas de 60 anos o mas,2005-09-01,2,7,2,7,9
COLQUENCHA,consulta externa,repetidas en personas de 60 anos o mas,2005-09-01,2,3,2,3,5
COLQUIRI,consulta externa,repetidas en personas de 60 anos o mas,2005-09-01,3,2,3,2,5
COMANCHE,consulta externa,repetidas en personas de 60 anos o mas,2005-09-01,0,1,0,1,1
COMARAPA,consulta externa,repetidas en personas de 60 anos o mas,2005-09-01,18,24,18,24,42
COMBAYA,consulta externa,repetidas en personas de 60 anos o mas,2005-09-01,0,1,0,1,1
CONCEPCION,consulta externa,repetidas en personas de 60 anos o mas,2005-09-01,2,5,2,5,7
COPACABANA,consulta externa,repetidas en personas de 60 anos o mas,2005-09-01,0,2,0,2,2
CORIPATA,consulta externa,repetidas en personas de 60 anos o mas,2005-09-01,1,3,1,3,4
CORO CORO,consulta externa,repetidas en personas de 60 anos o mas,2005-09-01,0,3,0,3,3
COROICO,consulta externa,repetidas en personas de 60 anos o mas,2005-09-01,26,46,26,46,72
CORQUE,consulta externa,repetidas en personas de 60 anos o mas,2005-09-01,5,8,5,8,13
COTAGAITA,consulta externa,repetidas en personas de 60 anos o mas,2005-09-01,14,33,14,33,47
COTOCA,consulta externa,repetidas en personas de 60 anos o mas,2005-09-01,5,1,5,1,6
CUATRO CAÑADAS,consulta externa,repetidas en personas de 60 anos o mas,2005-09-01,1,3,1,3,4
CUCHUMUELA (V. G. VILLARROEL),consulta externa,repetidas en personas de 60 anos o mas,2005-09-01,1,1,1,1,2
CUEVO,consulta externa,repetidas en personas de 60 anos o mas,2005-09-01,0,3,0,3,3
CULPINA,consulta externa,repetidas en personas de 60 anos o mas,2005-09-01,3,6,3,6,9
CURVA,consulta externa,repetidas en personas de 60 anos o mas,2005-09-01,0,1,0,1,1
DESAGUADERO,consulta externa,repetidas en personas de 60 anos o mas,2005-09-01,3,3,3,3,6
EL ALTO,consulta externa,repetidas en personas de 60 anos o mas,2005-09-01,754,963,754,963,1717
EL CHORO,consulta externa,repetidas en personas de 60 anos o mas,2005-09-01,3,0,3,0,3
EL PUENTE(STC),consulta externa,repetidas en personas de 60 anos o mas,2005-09-01,1,1,1,1,2
EL PUENTE(TJA),consulta externa,repetidas en personas de 60 anos o mas,2005-09-01,0,4,0,4,4
EL TORNO,consulta externa,repetidas en personas de 60 anos o mas,2005-09-01,104,94,104,94,198
ENTRE RIOS,consulta externa,repetidas en personas de 60 anos o mas,2005-09-01,3,3,3,3,6
EUCALIPTUS,consulta externa,repetidas en personas de 60 anos o mas,2005-09-01,1,6,1,6,7
EXALTACION,consulta externa,repetidas en personas de 60 anos o mas,2005-09-01,1,2,1,2,3
FERNANDEZ ALONSO,consulta externa,repetidas en personas de 60 anos o mas,2005-09-01,4,1,4,1,5
GENERAL SAAVEDRA,consulta externa,repetidas en personas de 60 anos o mas,2005-09-01,6,2,6,2,8
GRAL. J.J. PEREZ (CHARAZANI),consulta externa,repetidas en personas de 60 anos o mas,2005-09-01,1,3,1,3,4
GUAQUI,consulta externa,repetidas en personas de 60 anos o mas,2005-09-01,3,3,3,3,6
GUAYARAMERIN,consulta externa,repetidas en personas de 60 anos o mas,2005-09-01,126,221,126,221,347
GUTIERREZ,consulta externa,repetidas en personas de 60 anos o mas,2005-09-01,2,5,2,5,7
HUACARETA,consulta externa,repetidas en personas de 60 anos o mas,2005-09-01,6,8,6,8,14
HUACHACALLA,consulta externa,repetidas en personas de 60 anos o mas,2005-09-01,1,2,1,2,3
HUANUNI,consulta externa,repetidas en personas de 60 anos o mas,2005-09-01,87,69,87,69,156
HUARACAJE,consulta externa,repetidas en personas de 60 anos o mas,2005-09-01,1,1,1,1,2
HUAYLLAMARCA,consulta externa,repetidas en personas de 60 anos o mas,2005-09-01,1,0,1,0,1
ICLA,consulta externa,repetidas en personas de 60 anos o mas,2005-09-01,0,2,0,2,2
INCAHUASI,consulta externa,repetidas en personas de 60 anos o mas,2005-09-01,0,2,0,2,2
INQUISIVI,consulta externa,repetidas en personas de 60 anos o mas,2005-09-01,1,1,1,1,2
IRUPANA (VILLA DE LANZA),consulta externa,repetidas en personas de 60 anos o mas,2005-09-01,7,1,7,1,8
IXIAMAS,consulta externa,repetidas en personas de 60 anos o mas,2005-09-01,1,1,1,1,2
JESUS DE MACHACA,consulta externa,repetidas en personas de 60 anos o mas,2005-09-01,2,13,2,13,15
LA ASUNTA,consulta externa,repetidas en personas de 60 anos o mas,2005-09-01,2,1,2,1,3
LA GUARDIA,consulta externa,repetidas en personas de 60 anos o mas,2005-09-01,9,3,9,3,12
LA PAZ,consulta externa,repetidas en personas de 60 anos o mas,2005-09-01,9636,13998,9636,13998,23634
LAGUNILLAS,consulta externa,repetidas en personas de 60 anos o mas,2005-09-01,0,1,0,1,1
LAJA,consulta externa,repetidas en personas de 60 anos o mas,2005-09-01,2,1,2,1,3
LAS CARRERAS,consulta externa,repetidas en personas de 60 anos o mas,2005-09-01,5,4,5,4,9
LLALLAGUA,consulta externa,repetidas en personas de 60 anos o mas,2005-09-01,35,56,35,56,91
LLICA,consulta externa,repetidas en personas de 60 anos o mas,2005-09-01,14,8,14,8,22
LORETO,consulta externa,repetidas en personas de 60 anos o mas,2005-09-01,2,1,2,1,3
LURIBAY,consulta externa,repetidas en personas de 60 anos o mas,2005-09-01,3,3,3,3,6
MACHACAMARCA,consulta externa,repetidas en personas de 60 anos o mas,2005-09-01,35,35,35,35,70
MACHARETI,consulta externa,repetidas en personas de 60 anos o mas,2005-09-01,3,1,3,1,4
MAGDALENA,consulta externa,repetidas en personas de 60 anos o mas,2005-09-01,65,79,65,79,144
MAIRANA,consulta externa,repetidas en personas de 60 anos o mas,2005-09-01,0,3,0,3,3
MAPIRI,consulta externa,repetidas en personas de 60 anos o mas,2005-09-01,1,0,1,0,1
MECAPACA,consulta externa,repetidas en personas de 60 anos o mas,2005-09-01,10,5,10,5,15
MINEROS,consulta externa,repetidas en personas de 60 anos o mas,2005-09-01,9,0,9,0,9
MIZQUE,consulta externa,repetidas en personas de 60 anos o mas,2005-09-01,2,5,2,5,7
MOCOMOCO,consulta externa,repetidas en personas de 60 anos o mas,2005-09-01,1,11,1,11,12
MOJINETE,consulta externa,repetidas en personas de 60 anos o mas,2005-09-01,0,8,0,8,8
MOJOCOYA,consulta externa,repetidas en personas de 60 anos o mas,2005-09-01,4,1,4,1,5
MONTEAGUDO,consulta externa,repetidas en personas de 60 anos o mas,2005-09-01,48,93,48,93,141
MONTERO,consulta externa,repetidas en personas de 60 anos o mas,2005-09-01,474,589,474,589,1063
MORO MORO,consulta externa,repetidas en personas de 60 anos o mas,2005-09-01,8,5,8,5,13
MOROCHATA,consulta externa,repetidas en personas de 60 anos o mas,2005-09-01,6,10,6,10,16
OKINAWA,consulta externa,repetidas en personas de 60 anos o mas,2005-09-01,8,10,8,10,18
OMEREQUE,consulta externa,repetidas en personas de 60 anos o mas,2005-09-01,3,3,3,3,6
ORURO,consulta externa,repetidas en personas de 60 anos o mas,2005-09-01,1571,1868,1571,1868,3439
PADCAYA,consulta externa,repetidas en personas de 60 anos o mas,2005-09-01,3,11,3,11,14
PADILLA,consulta externa,repetidas en personas de 60 anos o mas,2005-09-01,10,15,10,15,25
PAILON,consulta externa,repetidas en personas de 60 anos o mas,2005-09-01,1,1,1,1,2
PALCA,consulta externa,repetidas en personas de 60 anos o mas,2005-09-01,3,3,3,3,6
PALOS BLANCOS,consulta externa,repetidas en personas de 60 anos o mas,2005-09-01,1,1,1,1,2
PAMPA GRANDE,consulta externa,repetidas en personas de 60 anos o mas,2005-09-01,4,4,4,4,8
PAPEL PAMPA,consulta externa,repetidas en personas de 60 anos o mas,2005-09-01,5,2,5,2,7
PASORAPA,consulta externa,repetidas en personas de 60 anos o mas,2005-09-01,1,4,1,4,5
PATACAMAYA,consulta externa,repetidas en personas de 60 anos o mas,2005-09-01,3,3,3,3,6
PAZÑA,consulta externa,repetidas en personas de 60 anos o mas,2005-09-01,22,15,22,15,37
PELECHUCO,consulta externa,repetidas en personas de 60 anos o mas,2005-09-01,1,0,1,0,1
POCOATA,consulta externa,repetidas en personas de 60 anos o mas,2005-09-01,6,2,6,2,8
POCONA,consulta externa,repetidas en personas de 60 anos o mas,2005-09-01,2,1,2,1,3
POOPO,consulta externa,repetidas en personas de 60 anos o mas,2005-09-01,8,7,8,7,15
PORCO,consulta externa,repetidas en personas de 60 anos o mas,2005-09-01,0,2,0,2,2
POROMA,consulta externa,repetidas en personas de 60 anos o mas,2005-09-01,2,2,2,2,4
PORONGO,consulta externa,repetidas en personas de 60 anos o mas,2005-09-01,3,4,3,4,7
PORTACHUELO,consulta externa,repetidas en personas de 60 anos o mas,2005-09-01,19,13,19,13,32
PORVENIR,consulta externa,repetidas en personas de 60 anos o mas,2005-09-01,3,0,3,0,3
POSTRER VALLE,consulta externa,repetidas en personas de 60 anos o mas,2005-09-01,4,3,4,3,7
POTOSI,consulta externa,repetidas en personas de 60 anos o mas,2005-09-01,1283,1497,1283,1497,2780
PUCARA,consulta externa,repetidas en personas de 60 anos o mas,2005-09-01,0,1,0,1,1
PUCARANI,consulta externa,repetidas en personas de 60 anos o mas,2005-09-01,3,3,3,3,6
PUERTO ACOSTA,consulta externa,repetidas en personas de 60 anos o mas,2005-09-01,9,9,9,9,18
PUERTO CARABUCO,consulta externa,repetidas en personas de 60 anos o mas,2005-09-01,0,5,0,5,5
PUERTO GONZALO MORENO,consulta externa,repetidas en personas de 60 anos o mas,2005-09-01,1,2,1,2,3
PUERTO PEREZ,consulta externa,repetidas en personas de 60 anos o mas,2005-09-01,8,8,8,8,16
PUERTO QUIJARRO,consulta externa,repetidas en personas de 60 anos o mas,2005-09-01,4,6,4,6,10
PUERTO RICO,consulta externa,repetidas en personas de 60 anos o mas,2005-09-01,1,0,1,0,1
PUERTO SUAREZ,consulta externa,repetidas en personas de 60 anos o mas,2005-09-01,9,10,9,10,19
PUERTO VILLARROEL,consulta externa,repetidas en personas de 60 anos o mas,2005-09-01,4,3,4,3,7
PUNA,consulta externa,repetidas en personas de 60 anos o mas,2005-09-01,7,4,7,4,11
PUNATA,consulta externa,repetidas en personas de 60 anos o mas,2005-09-01,96,155,96,155,251
QUILLACOLLO,consulta externa,repetidas en personas de 60 anos o mas,2005-09-01,330,466,330,466,796
QUIME,consulta externa,repetidas en personas de 60 anos o mas,2005-09-01,3,1,3,1,4
RAVELO,consulta externa,repetidas en personas de 60 anos o mas,2005-09-01,1,0,1,0,1
REYES,consulta externa,repetidas en personas de 60 anos o mas,2005-09-01,21,56,21,56,77
RIBERALTA,consulta externa,repetidas en personas de 60 anos o mas,2005-09-01,25,9,25,9,34
ROBORE,consulta externa,repetidas en personas de 60 anos o mas,2005-09-01,11,13,11,13,24
RURRENABAQUE,consulta externa,repetidas en personas de 60 anos o mas,2005-09-01,33,31,33,31,64
SABAYA,consulta externa,repetidas en personas de 60 anos o mas,2005-09-01,4,3,4,3,7
SACABA,consulta externa,repetidas en personas de 60 anos o mas,2005-09-01,90,137,90,137,227
SACABAMBA,consulta externa,repetidas en personas de 60 anos o mas,2005-09-01,5,0,5,0,5
SACACA,consulta externa,repetidas en personas de 60 anos o mas,2005-09-01,1,1,1,1,2
SAIPINA,consulta externa,repetidas en personas de 60 anos o mas,2005-09-01,11,29,11,29,40
SALINAS DE GARCI MENDOZA,consulta externa,repetidas en personas de 60 anos o mas,2005-09-01,3,2,3,2,5
SAMAIPATA,consulta externa,repetidas en personas de 60 anos o mas,2005-09-01,1,2,1,2,3
SAN ANDRES,consulta externa,repetidas en personas de 60 anos o mas,2005-09-01,6,7,6,7,13
SAN ANDRES DE MACHACA,consulta externa,repetidas en personas de 60 anos o mas,2005-09-01,5,4,5,4,9
SAN ANTONIO DE LOMERIO,consulta externa,repetidas en personas de 60 anos o mas,2005-09-01,2,3,2,3,5
SAN BENITO,consulta externa,repetidas en personas de 60 anos o mas,2005-09-01,16,15,16,15,31
SAN BORJA,consulta externa,repetidas en personas de 60 anos o mas,2005-09-01,53,59,53,59,112
SAN BUENA VENTURA,consulta externa,repetidas en personas de 60 anos o mas,2005-09-01,1,7,1,7,8
SAN CARLOS,consulta externa,repetidas en personas de 60 anos o mas,2005-09-01,17,5,17,5,22
SAN IGNACIO,consulta externa,repetidas en personas de 60 anos o mas,2005-09-01,29,39,29,39,68
SAN IGNACIO DE VELASCO,consulta externa,repetidas en personas de 60 anos o mas,2005-09-01,35,45,35,45,80
SAN JAVIER(STC),consulta externa,repetidas en personas de 60 anos o mas,2005-09-01,1,0,1,0,1
SAN JOAQUIN,consulta externa,repetidas en personas de 60 anos o mas,2005-09-01,15,33,15,33,48
SAN JUAN DE YAPACANI,consulta externa,repetidas en personas de 60 anos o mas,2005-09-01,7,4,7,4,11
SAN JULIAN,consulta externa,repetidas en personas de 60 anos o mas,2005-09-01,11,6,11,6,17
SAN LORENZO(PND),consulta externa,repetidas en personas de 60 anos o mas,2005-09-01,1,1,1,1,2
SAN LORENZO(TJA),consulta externa,repetidas en personas de 60 anos o mas,2005-09-01,5,4,5,4,9
SAN LUCAS,consulta externa,repetidas en personas de 60 anos o mas,2005-09-01,2,8,2,8,10
SAN MATIAS,consulta externa,repetidas en personas de 60 anos o mas,2005-09-01,3,2,3,2,5
SAN MIGUEL DE VELASCO,consulta externa,repetidas en personas de 60 anos o mas,2005-09-01,33,65,33,65,98
SAN PABLO DE LIPEZ,consulta externa,repetidas en personas de 60 anos o mas,2005-09-01,1,7,1,7,8
SAN PEDRO,consulta externa,repetidas en personas de 60 anos o mas,2005-09-01,6,7,6,7,13
SAN PEDRO DE BUENA VISTA,consulta externa,repetidas en personas de 60 anos o mas,2005-09-01,0,2,0,2,2
SAN PEDRO DE CURAHUARA,consulta externa,repetidas en personas de 60 anos o mas,2005-09-01,0,4,0,4,4
SAN PEDRO DE QUEMES,consulta externa,repetidas en personas de 60 anos o mas,2005-09-01,1,0,1,0,1
SAN PEDRO DE TIQUINA,consulta externa,repetidas en personas de 60 anos o mas,2005-09-01,8,3,8,3,11
SAN RAFAEL,consulta externa,repetidas en personas de 60 anos o mas,2005-09-01,0,2,0,2,2
SAN RAMON,consulta externa,repetidas en personas de 60 anos o mas,2005-09-01,7,10,7,10,17
SAN RAMON,consulta externa,repetidas en personas de 60 anos o mas,2005-09-01,1,9,1,9,10
SANTA ANA,consulta externa,repetidas en personas de 60 anos o mas,2005-09-01,99,98,99,98,197
SANTA CRUZ DE LA SIERRA,consulta externa,repetidas en personas de 60 anos o mas,2005-09-01,2955,4598,2955,4598,7553
SANTA ROSA,consulta externa,repetidas en personas de 60 anos o mas,2005-09-01,11,13,11,13,24
SANTA ROSA DEL SARA,consulta externa,repetidas en personas de 60 anos o mas,2005-09-01,3,6,3,6,9
SANTIAGO DE CALLAPA,consulta externa,repetidas en personas de 60 anos o mas,2005-09-01,0,3,0,3,3
SANTIAGO DE HUARI,consulta externa,repetidas en personas de 60 anos o mas,2005-09-01,9,9,9,9,18
SANTIAGO DE MACHACA,consulta externa,repetidas en personas de 60 anos o mas,2005-09-01,2,1,2,1,3
SANTIVAÑES,consulta externa,repetidas en personas de 60 anos o mas,2005-09-01,0,5,0,5,5
SAPAHAQUI,consulta externa,repetidas en personas de 60 anos o mas,2005-09-01,2,2,2,2,4
SICA SICA (VILLA AROMA),consulta externa,repetidas en personas de 60 anos o mas,2005-09-01,2,3,2,3,5
SICAYA,consulta externa,repetidas en personas de 60 anos o mas,2005-09-01,0,1,0,1,1
SIPE SIPE,consulta externa,repetidas en personas de 60 anos o mas,2005-09-01,13,13,13,13,26
SOPACHUY,consulta externa,repetidas en personas de 60 anos o mas,2005-09-01,1,1,1,1,2
SORATA,consulta externa,repetidas en personas de 60 anos o mas,2005-09-01,1,4,1,4,5
SUCRE,consulta externa,repetidas en personas de 60 anos o mas,2005-09-01,1463,2029,1463,2029,3492
TACACHI,consulta externa,repetidas en personas de 60 anos o mas,2005-09-01,7,8,7,8,15
TACOPAYA,consulta externa,repetidas en personas de 60 anos o mas,2005-09-01,0,1,0,1,1
TAPACARI,consulta externa,repetidas en personas de 60 anos o mas,2005-09-01,7,7,7,7,14
TARABUCO,consulta externa,repetidas en personas de 60 anos o mas,2005-09-01,13,34,13,34,47
TARACO,consulta externa,repetidas en personas de 60 anos o mas,2005-09-01,4,6,4,6,10
TARATA,consulta externa,repetidas en personas de 60 anos o mas,2005-09-01,0,3,0,3,3
TARIJA,consulta externa,repetidas en personas de 60 anos o mas,2005-09-01,1618,2319,1618,2319,3937
TARVITA,consulta externa,repetidas en personas de 60 anos o mas,2005-09-01,2,8,2,8,10
TEOPONTE,consulta externa,repetidas en personas de 60 anos o mas,2005-09-01,6,10,6,10,16
TIAWANACU,consulta externa,repetidas en personas de 60 anos o mas,2005-09-01,6,0,6,0,6
TINGUIPAYA,consulta externa,repetidas en personas de 60 anos o mas,2005-09-01,0,1,0,1,1
TIPUANI,consulta externa,repetidas en personas de 60 anos o mas,2005-09-01,4,2,4,2,6
TIQUIPAYA,consulta externa,repetidas en personas de 60 anos o mas,2005-09-01,6,2,6,2,8
TIRAQUE (CBBA),consulta externa,repetidas en personas de 60 anos o mas,2005-09-01,8,5,8,5,13
TOCO,consulta externa,repetidas en personas de 60 anos o mas,2005-09-01,3,1,3,1,4
TODOS SANTOS,consulta externa,repetidas en personas de 60 anos o mas,2005-09-01,0,1,0,1,1
TOLATA,consulta externa,repetidas en personas de 60 anos o mas,2005-09-01,2,1,2,1,3
TOLEDO,consulta externa,repetidas en personas de 60 anos o mas,2005-09-01,0,2,0,2,2
TOMAVE,consulta externa,repetidas en personas de 60 anos o mas,2005-09-01,1,6,1,6,7
TOMINA,consulta externa,repetidas en personas de 60 anos o mas,2005-09-01,1,3,1,3,4
TORO TORO,consulta externa,repetidas en personas de 60 anos o mas,2005-09-01,3,3,3,3,6
TOTORA(CBBA),consulta externa,repetidas en personas de 60 anos o mas,2005-09-01,4,4,4,4,8
TOTORA(ORR),consulta externa,repetidas en personas de 60 anos o mas,2005-09-01,1,0,1,0,1
TRIGAL,consulta externa,repetidas en personas de 60 anos o mas,2005-09-01,0,1,0,1,1
TRINIDAD,consulta externa,repetidas en personas de 60 anos o mas,2005-09-01,196,227,196,227,423
TUPIZA,consulta externa,repetidas en personas de 60 anos o mas,2005-09-01,49,61,49,61,110
UNCIA,consulta externa,repetidas en personas de 60 anos o mas,2005-09-01,41,48,41,48,89
URIONDO (A. CONCEPCION),consulta externa,repetidas en personas de 60 anos o mas,2005-09-01,1,1,1,1,2
UYUNI,consulta externa,repetidas en personas de 60 anos o mas,2005-09-01,102,132,102,132,234
VACAS,consulta externa,repetidas en personas de 60 anos o mas,2005-09-01,11,20,11,20,31
VALLEGRANDE,consulta externa,repetidas en personas de 60 anos o mas,2005-09-01,155,269,155,269,424
VIACHA,consulta externa,repetidas en personas de 60 anos o mas,2005-09-01,76,75,76,75,151
VILLA MONTES,consulta externa,repetidas en personas de 60 anos o mas,2005-09-01,91,94,91,94,185
VILLA RIVERO,consulta externa,repetidas en personas de 60 anos o mas,2005-09-01,2,5,2,5,7
VILLA SERRANO,consulta externa,repetidas en personas de 60 anos o mas,2005-09-01,1,0,1,0,1
VILLA TUNARI,consulta externa,repetidas en personas de 60 anos o mas,2005-09-01,24,15,24,15,39
VILLA VACA GUZMAN (MUYUPAMPA),consulta externa,repetidas en personas de 60 anos o mas,2005-09-01,3,6,3,6,9
VILLAZON,consulta externa,repetidas en personas de 60 anos o mas,2005-09-01,62,55,62,55,117
VINTO,consulta externa,repetidas en personas de 60 anos o mas,2005-09-01,11,9,11,9,20
VITICHI,consulta externa,repetidas en personas de 60 anos o mas,2005-09-01,12,8,12,8,20
WALDO BALLIVIAN,consulta externa,repetidas en personas de 60 anos o mas,2005-09-01,0,2,0,2,2
WARNES,consulta externa,repetidas en personas de 60 anos o mas,2005-09-01,3,5,3,5,8
YACUIBA,consulta externa,repetidas en personas de 60 anos o mas,2005-09-01,195,260,195,260,455
YAMPARAEZ,consulta externa,repetidas en personas de 60 anos o mas,2005-09-01,5,18,5,18,23
YANACACHI,consulta externa,repetidas en personas de 60 anos o mas,2005-09-01,7,0,7,0,7
YAPACANI,consulta externa,repetidas en personas de 60 anos o mas,2005-09-01,3,1,3,1,4
YOCALLA,consulta externa,repetidas en personas de 60 anos o mas,2005-09-01,3,3,3,3,6
YOTALA,consulta externa,repetidas en personas de 60 anos o mas,2005-09-01,2,5,2,5,7
YUNCHARA,consulta externa,repetidas en personas de 60 anos o mas,2005-09-01,0,1,0,1,1
ZUDAÑEZ,consulta externa,repetidas en personas de 60 anos o mas,2005-09-01,1,4,1,4,5
ACACIO,consulta externa,repetidas en personas de 60 anos o mas,2005-10-01,3,1,3,1,4
ACHACACHI,consulta externa,repetidas en personas de 60 anos o mas,2005-10-01,46,30,46,30,76
ACHOCALLA,consulta externa,repetidas en personas de 60 anos o mas,2005-10-01,5,1,5,1,6
AIQUILE,consulta externa,repetidas en personas de 60 anos o mas,2005-10-01,44,44,44,44,88
ALALAY,consulta externa,repetidas en personas de 60 anos o mas,2005-10-01,0,1,0,1,1
ANCORAIMES,consulta externa,repetidas en personas de 60 anos o mas,2005-10-01,5,6,5,6,11
ANDAMARCA,consulta externa,repetidas en personas de 60 anos o mas,2005-10-01,8,1,8,1,9
ANTEQUERA,consulta externa,repetidas en personas de 60 anos o mas,2005-10-01,1,0,1,0,1
ANZALDO,consulta externa,repetidas en personas de 60 anos o mas,2005-10-01,1,4,1,4,5
APOLO,consulta externa,repetidas en personas de 60 anos o mas,2005-10-01,3,8,3,8,11
ARAMPAMPA,consulta externa,repetidas en personas de 60 anos o mas,2005-10-01,2,0,2,0,2
ARANI,consulta externa,repetidas en personas de 60 anos o mas,2005-10-01,3,5,3,5,8
ARBIETO,consulta externa,repetidas en personas de 60 anos o mas,2005-10-01,7,10,7,10,17
ATOCHA,consulta externa,repetidas en personas de 60 anos o mas,2005-10-01,32,51,32,51,83
AUCAPATA,consulta externa,repetidas en personas de 60 anos o mas,2005-10-01,4,3,4,3,7
AYATA,consulta externa,repetidas en personas de 60 anos o mas,2005-10-01,5,0,5,0,5
AYO AYO,consulta externa,repetidas en personas de 60 anos o mas,2005-10-01,3,1,3,1,4
AYOPAYA (V. DE INDEPENDENCIA),consulta externa,repetidas en personas de 60 anos o mas,2005-10-01,4,1,4,1,5
AZURDUY,consulta externa,repetidas en personas de 60 anos o mas,2005-10-01,2,2,2,2,4
BATALLAS,consulta externa,repetidas en personas de 60 anos o mas,2005-10-01,1,3,1,3,4
BAURES,consulta externa,repetidas en personas de 60 anos o mas,2005-10-01,7,6,7,6,13
BELEN DE ANDAMARCA,consulta externa,repetidas en personas de 60 anos o mas,2005-10-01,2,1,2,1,3
BELEN DE URMIRI,consulta externa,repetidas en personas de 60 anos o mas,2005-10-01,2,2,2,2,4
BERMEJO,consulta externa,repetidas en personas de 60 anos o mas,2005-10-01,49,65,49,65,114
BETANZOS,consulta externa,repetidas en personas de 60 anos o mas,2005-10-01,29,33,29,33,62
BOYUIBE,consulta externa,repetidas en personas de 60 anos o mas,2005-10-01,1,14,1,14,15
BUENA VISTA,consulta externa,repetidas en personas de 60 anos o mas,2005-10-01,61,45,61,45,106
CABEZAS,consulta externa,repetidas en personas de 60 anos o mas,2005-10-01,2,0,2,0,2
CAIROMA,consulta externa,repetidas en personas de 60 anos o mas,2005-10-01,1,0,1,0,1
CALACOTO,consulta externa,repetidas en personas de 60 anos o mas,2005-10-01,2,1,2,1,3
CALAMARCA,consulta externa,repetidas en personas de 60 anos o mas,2005-10-01,1,4,1,4,5
CAMARGO,consulta externa,repetidas en personas de 60 anos o mas,2005-10-01,18,34,18,34,52
CAMATAQUI (C. VILLA ABECIA),consulta externa,repetidas en personas de 60 anos o mas,2005-10-01,0,3,0,3,3
CAMIRI,consulta externa,repetidas en personas de 60 anos o mas,2005-10-01,64,118,64,118,182
CAPINOTA,consulta externa,repetidas en personas de 60 anos o mas,2005-10-01,19,29,19,29,48
CAQUIAVIRI,consulta externa,repetidas en personas de 60 anos o mas,2005-10-01,5,3,5,3,8
CARACOLLO,consulta externa,repetidas en personas de 60 anos o mas,2005-10-01,17,20,17,20,37
CARANAVI,consulta externa,repetidas en personas de 60 anos o mas,2005-10-01,8,5,8,5,13
CARAPARI,consulta externa,repetidas en personas de 60 anos o mas,2005-10-01,1,5,1,5,6
CHALLAPATA,consulta externa,repetidas en personas de 60 anos o mas,2005-10-01,15,10,15,10,25
CHARAGUA,consulta externa,repetidas en personas de 60 anos o mas,2005-10-01,11,6,11,6,17
CHARAÑA,consulta externa,repetidas en personas de 60 anos o mas,2005-10-01,1,2,1,2,3
CHAYANTA,consulta externa,repetidas en personas de 60 anos o mas,2005-10-01,2,21,2,21,23
CHIMORE,consulta externa,repetidas en personas de 60 anos o mas,2005-10-01,1,0,1,0,1
CHOQUE COTA,consulta externa,repetidas en personas de 60 anos o mas,2005-10-01,2,3,2,3,5
CHULUMANI (V. DE LA LIBERTAD),consulta externa,repetidas en personas de 60 anos o mas,2005-10-01,21,13,21,13,34
CHUMA,consulta externa,repetidas en personas de 60 anos o mas,2005-10-01,3,3,3,3,6
CLIZA,consulta externa,repetidas en personas de 60 anos o mas,2005-10-01,2,3,2,3,5
COBIJA,consulta externa,repetidas en personas de 60 anos o mas,2005-10-01,16,112,16,112,128
COCHABAMBA,consulta externa,repetidas en personas de 60 anos o mas,2005-10-01,5078,6613,5078,6613,11691
COLCAPIRHUA,consulta externa,repetidas en personas de 60 anos o mas,2005-10-01,34,85,34,85,119
"COLCHA ""K""",consulta externa,repetidas en personas de 60 anos o mas,2005-10-01,2,4,2,4,6
COLLANA,consulta externa,repetidas en personas de 60 anos o mas,2005-10-01,0,3,0,3,3
COLOMI,consulta externa,repetidas en personas de 60 anos o mas,2005-10-01,0,2,0,2,2
COLPA BELGICA,consulta externa,repetidas en personas de 60 anos o mas,2005-10-01,14,26,14,26,40
COLQUECHACA,consulta externa,repetidas en personas de 60 anos o mas,2005-10-01,12,9,12,9,21
COLQUENCHA,consulta externa,repetidas en personas de 60 anos o mas,2005-10-01,3,3,3,3,6
COLQUIRI,consulta externa,repetidas en personas de 60 anos o mas,2005-10-01,3,1,3,1,4
COMANCHE,consulta externa,repetidas en personas de 60 anos o mas,2005-10-01,3,1,3,1,4
COMARAPA,consulta externa,repetidas en personas de 60 anos o mas,2005-10-01,12,21,12,21,33
COMBAYA,consulta externa,repetidas en personas de 60 anos o mas,2005-10-01,1,1,1,1,2
CONCEPCION,consulta externa,repetidas en personas de 60 anos o mas,2005-10-01,1,0,1,0,1
COPACABANA,consulta externa,repetidas en personas de 60 anos o mas,2005-10-01,0,1,0,1,1
CORIPATA,consulta externa,repetidas en personas de 60 anos o mas,2005-10-01,1,2,1,2,3
CORO CORO,consulta externa,repetidas en personas de 60 anos o mas,2005-10-01,1,1,1,1,2
COROICO,consulta externa,repetidas en personas de 60 anos o mas,2005-10-01,29,34,29,34,63
CORQUE,consulta externa,repetidas en personas de 60 anos o mas,2005-10-01,8,7,8,7,15
COTAGAITA,consulta externa,repetidas en personas de 60 anos o mas,2005-10-01,9,21,9,21,30
COTOCA,consulta externa,repetidas en personas de 60 anos o mas,2005-10-01,0,2,0,2,2
CUATRO CAÑADAS,consulta externa,repetidas en personas de 60 anos o mas,2005-10-01,8,4,8,4,12
CUCHUMUELA (V. G. VILLARROEL),consulta externa,repetidas en personas de 60 anos o mas,2005-10-01,3,6,3,6,9
CUEVO,consulta externa,repetidas en personas de 60 anos o mas,2005-10-01,2,6,2,6,8
CULPINA,consulta externa,repetidas en personas de 60 anos o mas,2005-10-01,4,4,4,4,8
CURAHUARA DE CARANGAS,consulta externa,repetidas en personas de 60 anos o mas,2005-10-01,1,0,1,0,1
DESAGUADERO,consulta externa,repetidas en personas de 60 anos o mas,2005-10-01,2,2,2,2,4
EL ALTO,consulta externa,repetidas en personas de 60 anos o mas,2005-10-01,683,910,683,910,1593
EL CHORO,consulta externa,repetidas en personas de 60 anos o mas,2005-10-01,0,1,0,1,1
EL PUENTE(TJA),consulta externa,repetidas en personas de 60 anos o mas,2005-10-01,3,1,3,1,4
EL TORNO,consulta externa,repetidas en personas de 60 anos o mas,2005-10-01,53,53,53,53,106
EL VILLAR,consulta externa,repetidas en personas de 60 anos o mas,2005-10-01,1,1,1,1,2
ENTRE RIOS,consulta externa,repetidas en personas de 60 anos o mas,2005-10-01,4,6,4,6,10
ENTRE RIOS,consulta externa,repetidas en personas de 60 anos o mas,2005-10-01,3,0,3,0,3
EUCALIPTUS,consulta externa,repetidas en personas de 60 anos o mas,2005-10-01,0,2,0,2,2
EXALTACION,consulta externa,repetidas en personas de 60 anos o mas,2005-10-01,0,5,0,5,5
FERNANDEZ ALONSO,consulta externa,repetidas en personas de 60 anos o mas,2005-10-01,1,2,1,2,3
FILADELFIA,consulta externa,repetidas en personas de 60 anos o mas,2005-10-01,2,3,2,3,5
GENERAL SAAVEDRA,consulta externa,repetidas en personas de 60 anos o mas,2005-10-01,0,1,0,1,1
GRAL. J.J. PEREZ (CHARAZANI),consulta externa,repetidas en personas de 60 anos o mas,2005-10-01,3,7,3,7,10
GUANAY,consulta externa,repetidas en personas de 60 anos o mas,2005-10-01,0,2,0,2,2
GUAQUI,consulta externa,repetidas en personas de 60 anos o mas,2005-10-01,4,5,4,5,9
GUAYARAMERIN,consulta externa,repetidas en personas de 60 anos o mas,2005-10-01,119,169,119,169,288
GUTIERREZ,consulta externa,repetidas en personas de 60 anos o mas,2005-10-01,3,8,3,8,11
HUACARETA,consulta externa,repetidas en personas de 60 anos o mas,2005-10-01,12,17,12,17,29
HUACHACALLA,consulta externa,repetidas en personas de 60 anos o mas,2005-10-01,1,2,1,2,3
HUANUNI,consulta externa,repetidas en personas de 60 anos o mas,2005-10-01,63,53,63,53,116
HUARACAJE,consulta externa,repetidas en personas de 60 anos o mas,2005-10-01,1,2,1,2,3
HUAYLLAMARCA,consulta externa,repetidas en personas de 60 anos o mas,2005-10-01,5,0,5,0,5
ICLA,consulta externa,repetidas en personas de 60 anos o mas,2005-10-01,1,5,1,5,6
INCAHUASI,consulta externa,repetidas en personas de 60 anos o mas,2005-10-01,2,0,2,0,2
INQUISIVI,consulta externa,repetidas en personas de 60 anos o mas,2005-10-01,3,1,3,1,4
IRUPANA (VILLA DE LANZA),consulta externa,repetidas en personas de 60 anos o mas,2005-10-01,3,6,3,6,9
IXIAMAS,consulta externa,repetidas en personas de 60 anos o mas,2005-10-01,0,2,0,2,2
JESUS DE MACHACA,consulta externa,repetidas en personas de 60 anos o mas,2005-10-01,6,9,6,9,15
LA ASUNTA,consulta externa,repetidas en personas de 60 anos o mas,2005-10-01,4,0,4,0,4
LA GUARDIA,consulta externa,repetidas en personas de 60 anos o mas,2005-10-01,6,6,6,6,12
LA PAZ,consulta externa,repetidas en personas de 60 anos o mas,2005-10-01,9768,13711,9768,13711,23479
LA RIVERA,consulta externa,repetidas en personas de 60 anos o mas,2005-10-01,0,3,0,3,3
LAGUNILLAS,consulta externa,repetidas en personas de 60 anos o mas,2005-10-01,1,6,1,6,7
LAJA,consulta externa,repetidas en personas de 60 anos o mas,2005-10-01,5,1,5,1,6
LAS CARRERAS,consulta externa,repetidas en personas de 60 anos o mas,2005-10-01,1,9,1,9,10
LLALLAGUA,consulta externa,repetidas en personas de 60 anos o mas,2005-10-01,40,58,40,58,98
LLICA,consulta externa,repetidas en personas de 60 anos o mas,2005-10-01,8,8,8,8,16
LORETO,consulta externa,repetidas en personas de 60 anos o mas,2005-10-01,1,1,1,1,2
LURIBAY,consulta externa,repetidas en personas de 60 anos o mas,2005-10-01,0,6,0,6,6
MACHACAMARCA,consulta externa,repetidas en personas de 60 anos o mas,2005-10-01,32,43,32,43,75
MACHARETI,consulta externa,repetidas en personas de 60 anos o mas,2005-10-01,4,1,4,1,5
MAGDALENA,consulta externa,repetidas en personas de 60 anos o mas,2005-10-01,16,66,16,66,82
MAIRANA,consulta externa,repetidas en personas de 60 anos o mas,2005-10-01,0,1,0,1,1
MALLA,consulta externa,repetidas en personas de 60 anos o mas,2005-10-01,0,1,0,1,1
MECAPACA,consulta externa,repetidas en personas de 60 anos o mas,2005-10-01,3,10,3,10,13
MINEROS,consulta externa,repetidas en personas de 60 anos o mas,2005-10-01,7,5,7,5,12
MIZQUE,consulta externa,repetidas en personas de 60 anos o mas,2005-10-01,2,3,2,3,5
MOCOMOCO,consulta externa,repetidas en personas de 60 anos o mas,2005-10-01,8,7,8,7,15
MOJINETE,consulta externa,repetidas en personas de 60 anos o mas,2005-10-01,1,9,1,9,10
MOJOCOYA,consulta externa,repetidas en personas de 60 anos o mas,2005-10-01,4,1,4,1,5
MONTEAGUDO,consulta externa,repetidas en personas de 60 anos o mas,2005-10-01,41,70,41,70,111
MONTERO,consulta externa,repetidas en personas de 60 anos o mas,2005-10-01,503,628,503,628,1131
MORO MORO,consulta externa,repetidas en personas de 60 anos o mas,2005-10-01,4,2,4,2,6
MOROCHATA,consulta externa,repetidas en personas de 60 anos o mas,2005-10-01,4,10,4,10,14
NAZACARA DE PACAJES,consulta externa,repetidas en personas de 60 anos o mas,2005-10-01,1,0,1,0,1
OKINAWA,consulta externa,repetidas en personas de 60 anos o mas,2005-10-01,12,8,12,8,20
OMEREQUE,consulta externa,repetidas en personas de 60 anos o mas,2005-10-01,6,1,6,1,7
ORURO,consulta externa,repetidas en personas de 60 anos o mas,2005-10-01,1488,1683,1488,1683,3171
PADCAYA,consulta externa,repetidas en personas de 60 anos o mas,2005-10-01,8,10,8,10,18
PADILLA,consulta externa,repetidas en personas de 60 anos o mas,2005-10-01,8,24,8,24,32
PALCA,consulta externa,repetidas en personas de 60 anos o mas,2005-10-01,2,1,2,1,3
PALOS BLANCOS,consulta externa,repetidas en personas de 60 anos o mas,2005-10-01,17,4,17,4,21
PAMPA GRANDE,consulta externa,repetidas en personas de 60 anos o mas,2005-10-01,3,5,3,5,8
PAPEL PAMPA,consulta externa,repetidas en personas de 60 anos o mas,2005-10-01,8,5,8,5,13
PASORAPA,consulta externa,repetidas en personas de 60 anos o mas,2005-10-01,0,2,0,2,2
PATACAMAYA,consulta externa,repetidas en personas de 60 anos o mas,2005-10-01,3,0,3,0,3
PAZÑA,consulta externa,repetidas en personas de 60 anos o mas,2005-10-01,11,15,11,15,26
PELECHUCO,consulta externa,repetidas en personas de 60 anos o mas,2005-10-01,0,1,0,1,1
POCOATA,consulta externa,repetidas en personas de 60 anos o mas,2005-10-01,2,3,2,3,5
POJO (CBBA),consulta externa,repetidas en personas de 60 anos o mas,2005-10-01,1,0,1,0,1
POOPO,consulta externa,repetidas en personas de 60 anos o mas,2005-10-01,7,4,7,4,11
PORCO,consulta externa,repetidas en personas de 60 anos o mas,2005-10-01,1,0,1,0,1
POROMA,consulta externa,repetidas en personas de 60 anos o mas,2005-10-01,6,3,6,3,9
PORONGO,consulta externa,repetidas en personas de 60 anos o mas,2005-10-01,3,1,3,1,4
PORTACHUELO,consulta externa,repetidas en personas de 60 anos o mas,2005-10-01,35,25,35,25,60
PORVENIR,consulta externa,repetidas en personas de 60 anos o mas,2005-10-01,1,0,1,0,1
POSTRER VALLE,consulta externa,repetidas en personas de 60 anos o mas,2005-10-01,2,5,2,5,7
POTOSI,consulta externa,repetidas en personas de 60 anos o mas,2005-10-01,1057,1279,1057,1279,2336
PRESTO,consulta externa,repetidas en personas de 60 anos o mas,2005-10-01,0,2,0,2,2
PUCARA,consulta externa,repetidas en personas de 60 anos o mas,2005-10-01,0,9,0,9,9
PUCARANI,consulta externa,repetidas en personas de 60 anos o mas,2005-10-01,3,2,3,2,5
PUERTO ACOSTA,consulta externa,repetidas en personas de 60 anos o mas,2005-10-01,12,2,12,2,14
PUERTO CARABUCO,consulta externa,repetidas en personas de 60 anos o mas,2005-10-01,0,4,0,4,4
PUERTO GONZALO MORENO,consulta externa,repetidas en personas de 60 anos o mas,2005-10-01,1,0,1,0,1
PUERTO PEREZ,consulta externa,repetidas en personas de 60 anos o mas,2005-10-01,18,3,18,3,21
PUERTO QUIJARRO,consulta externa,repetidas en personas de 60 anos o mas,2005-10-01,6,8,6,8,14
PUERTO RICO,consulta externa,repetidas en personas de 60 anos o mas,2005-10-01,0,1,0,1,1
PUERTO SUAREZ,consulta externa,repetidas en personas de 60 anos o mas,2005-10-01,11,7,11,7,18
PUERTO VILLARROEL,consulta externa,repetidas en personas de 60 anos o mas,2005-10-01,3,0,3,0,3
PUNA,consulta externa,repetidas en personas de 60 anos o mas,2005-10-01,6,1,6,1,7
PUNATA,consulta externa,repetidas en personas de 60 anos o mas,2005-10-01,109,155,109,155,264
QUILLACOLLO,consulta externa,repetidas en personas de 60 anos o mas,2005-10-01,11,10,11,10,21
QUIME,consulta externa,repetidas en personas de 60 anos o mas,2005-10-01,2,1,2,1,3
QUIRUSILLAS,consulta externa,repetidas en personas de 60 anos o mas,2005-10-01,1,0,1,0,1
REYES,consulta externa,repetidas en personas de 60 anos o mas,2005-10-01,69,48,69,48,117
RIBERALTA,consulta externa,repetidas en personas de 60 anos o mas,2005-10-01,11,11,11,11,22
ROBORE,consulta externa,repetidas en personas de 60 anos o mas,2005-10-01,32,38,32,38,70
RURRENABAQUE,consulta externa,repetidas en personas de 60 anos o mas,2005-10-01,38,23,38,23,61
SABAYA,consulta externa,repetidas en personas de 60 anos o mas,2005-10-01,0,1,0,1,1
SACABA,consulta externa,repetidas en personas de 60 anos o mas,2005-10-01,83,120,83,120,203
SACABAMBA,consulta externa,repetidas en personas de 60 anos o mas,2005-10-01,2,4,2,4,6
SACACA,consulta externa,repetidas en personas de 60 anos o mas,2005-10-01,0,1,0,1,1
SAIPINA,consulta externa,repetidas en personas de 60 anos o mas,2005-10-01,0,1,0,1,1
SALINAS DE GARCI MENDOZA,consulta externa,repetidas en personas de 60 anos o mas,2005-10-01,7,2,7,2,9
SAMAIPATA,consulta externa,repetidas en personas de 60 anos o mas,2005-10-01,0,1,0,1,1
SAN ANDRES,consulta externa,repetidas en personas de 60 anos o mas,2005-10-01,1,2,1,2,3
SAN ANDRES DE MACHACA,consulta externa,repetidas en personas de 60 anos o mas,2005-10-01,1,0,1,0,1
SAN ANTONIO DE ESMORUCO,consulta externa,repetidas en personas de 60 anos o mas,2005-10-01,4,0,4,0,4
SAN BENITO,consulta externa,repetidas en personas de 60 anos o mas,2005-10-01,10,13,10,13,23
SAN BORJA,consulta externa,repetidas en personas de 60 anos o mas,2005-10-01,69,77,69,77,146
SAN BUENA VENTURA,consulta externa,repetidas en personas de 60 anos o mas,2005-10-01,2,2,2,2,4
SAN CARLOS,consulta externa,repetidas en personas de 60 anos o mas,2005-10-01,19,12,19,12,31
SAN IGNACIO,consulta externa,repetidas en personas de 60 anos o mas,2005-10-01,37,33,37,33,70
SAN IGNACIO DE VELASCO,consulta externa,repetidas en personas de 60 anos o mas,2005-10-01,30,55,30,55,85
SAN JAVIER(BNI),consulta externa,repetidas en personas de 60 anos o mas,2005-10-01,0,2,0,2,2
SAN JAVIER(STC),consulta externa,repetidas en personas de 60 anos o mas,2005-10-01,2,0,2,0,2
SAN JOAQUIN,consulta externa,repetidas en personas de 60 anos o mas,2005-10-01,11,26,11,26,37
SAN JOSE DE CHIQUITOS,consulta externa,repetidas en personas de 60 anos o mas,2005-10-01,10,12,10,12,22
SAN JUAN DE YAPACANI,consulta externa,repetidas en personas de 60 anos o mas,2005-10-01,8,9,8,9,17
SAN JULIAN,consulta externa,repetidas en personas de 60 anos o mas,2005-10-01,0,3,0,3,3
SAN LORENZO(TJA),consulta externa,repetidas en personas de 60 anos o mas,2005-10-01,6,5,6,5,11
SAN LUCAS,consulta externa,repetidas en personas de 60 anos o mas,2005-10-01,1,10,1,10,11
SAN MATIAS,consulta externa,repetidas en personas de 60 anos o mas,2005-10-01,0,1,0,1,1
SAN MIGUEL DE VELASCO,consulta externa,repetidas en personas de 60 anos o mas,2005-10-01,36,96,36,96,132
SAN PABLO DE LIPEZ,consulta externa,repetidas en personas de 60 anos o mas,2005-10-01,1,2,1,2,3
SAN PEDRO,consulta externa,repetidas en personas de 60 anos o mas,2005-10-01,14,5,14,5,19
SAN PEDRO DE CURAHUARA,consulta externa,repetidas en personas de 60 anos o mas,2005-10-01,0,1,0,1,1
SAN PEDRO DE TIQUINA,consulta externa,repetidas en personas de 60 anos o mas,2005-10-01,2,4,2,4,6
SAN RAFAEL,consulta externa,repetidas en personas de 60 anos o mas,2005-10-01,2,2,2,2,4
SAN RAMON,consulta externa,repetidas en personas de 60 anos o mas,2005-10-01,1,15,1,15,16
SAN RAMON,consulta externa,repetidas en personas de 60 anos o mas,2005-10-01,2,7,2,7,9
SANTA ANA,consulta externa,repetidas en personas de 60 anos o mas,2005-10-01,76,135,76,135,211
SANTA CRUZ DE LA SIERRA,consulta externa,repetidas en personas de 60 anos o mas,2005-10-01,2498,4692,2498,4692,7190
SANTA ROSA DEL SARA,consulta externa,repetidas en personas de 60 anos o mas,2005-10-01,6,4,6,4,10
SANTIAGO DE CALLAPA,consulta externa,repetidas en personas de 60 anos o mas,2005-10-01,1,4,1,4,5
SANTIAGO DE HUARI,consulta externa,repetidas en personas de 60 anos o mas,2005-10-01,32,11,32,11,43
SANTIAGO DE MACHACA,consulta externa,repetidas en personas de 60 anos o mas,2005-10-01,4,0,4,0,4
SANTIVAÑES,consulta externa,repetidas en personas de 60 anos o mas,2005-10-01,0,4,0,4,4
SAPAHAQUI,consulta externa,repetidas en personas de 60 anos o mas,2005-10-01,0,1,0,1,1
SICA SICA (VILLA AROMA),consulta externa,repetidas en personas de 60 anos o mas,2005-10-01,4,2,4,2,6
SICAYA,consulta externa,repetidas en personas de 60 anos o mas,2005-10-01,0,2,0,2,2
SIPE SIPE,consulta externa,repetidas en personas de 60 anos o mas,2005-10-01,8,7,8,7,15
SORACACHI,consulta externa,repetidas en personas de 60 anos o mas,2005-10-01,1,0,1,0,1
SORATA,consulta externa,repetidas en personas de 60 anos o mas,2005-10-01,8,2,8,2,10
SUCRE,consulta externa,repetidas en personas de 60 anos o mas,2005-10-01,1332,2149,1332,2149,3481
TACACHI,consulta externa,repetidas en personas de 60 anos o mas,2005-10-01,2,8,2,8,10
TACACOMA,consulta externa,repetidas en personas de 60 anos o mas,2005-10-01,0,4,0,4,4
TACOBAMBA,consulta externa,repetidas en personas de 60 anos o mas,2005-10-01,1,4,1,4,5
TACOPAYA,consulta externa,repetidas en personas de 60 anos o mas,2005-10-01,1,5,1,5,6
TAHUA,consulta externa,repetidas en personas de 60 anos o mas,2005-10-01,0,1,0,1,1
TAPACARI,consulta externa,repetidas en personas de 60 anos o mas,2005-10-01,1,6,1,6,7
TARABUCO,consulta externa,repetidas en personas de 60 anos o mas,2005-10-01,16,19,16,19,35
TARACO,consulta externa,repetidas en personas de 60 anos o mas,2005-10-01,4,5,4,5,9
TARATA,consulta externa,repetidas en personas de 60 anos o mas,2005-10-01,4,2,4,2,6
TARIJA,consulta externa,repetidas en personas de 60 anos o mas,2005-10-01,1726,2589,1726,2589,4315
TARVITA,consulta externa,repetidas en personas de 60 anos o mas,2005-10-01,0,3,0,3,3
TEOPONTE,consulta externa,repetidas en personas de 60 anos o mas,2005-10-01,8,4,8,4,12
TIAWANACU,consulta externa,repetidas en personas de 60 anos o mas,2005-10-01,6,3,6,3,9
TIPUANI,consulta externa,repetidas en personas de 60 anos o mas,2005-10-01,8,2,8,2,10
TIQUIPAYA,consulta externa,repetidas en personas de 60 anos o mas,2005-10-01,9,10,9,10,19
TIRAQUE (CBBA),consulta externa,repetidas en personas de 60 anos o mas,2005-10-01,9,12,9,12,21
TITO YUPANQUI (PARQUIPUJIO),consulta externa,repetidas en personas de 60 anos o mas,2005-10-01,1,2,1,2,3
TOCO,consulta externa,repetidas en personas de 60 anos o mas,2005-10-01,1,0,1,0,1
TOLATA,consulta externa,repetidas en personas de 60 anos o mas,2005-10-01,0,2,0,2,2
TOLEDO,consulta externa,repetidas en personas de 60 anos o mas,2005-10-01,2,1,2,1,3
TOMAVE,consulta externa,repetidas en personas de 60 anos o mas,2005-10-01,6,11,6,11,17
TOMINA,consulta externa,repetidas en personas de 60 anos o mas,2005-10-01,4,3,4,3,7
TORO TORO,consulta externa,repetidas en personas de 60 anos o mas,2005-10-01,2,4,2,4,6
TOTORA(CBBA),consulta externa,repetidas en personas de 60 anos o mas,2005-10-01,2,1,2,1,3
TOTORA(ORR),consulta externa,repetidas en personas de 60 anos o mas,2005-10-01,0,5,0,5,5
TRIGAL,consulta externa,repetidas en personas de 60 anos o mas,2005-10-01,1,0,1,0,1
TRINIDAD,consulta externa,repetidas en personas de 60 anos o mas,2005-10-01,194,200,194,200,394
TUPIZA,consulta externa,repetidas en personas de 60 anos o mas,2005-10-01,32,53,32,53,85
TURCO,consulta externa,repetidas en personas de 60 anos o mas,2005-10-01,3,0,3,0,3
UNCIA,consulta externa,repetidas en personas de 60 anos o mas,2005-10-01,50,72,50,72,122
URIONDO (A. CONCEPCION),consulta externa,repetidas en personas de 60 anos o mas,2005-10-01,4,4,4,4,8
UYUNI,consulta externa,repetidas en personas de 60 anos o mas,2005-10-01,42,47,42,47,89
VACAS,consulta externa,repetidas en personas de 60 anos o mas,2005-10-01,16,20,16,20,36
VALLEGRANDE,consulta externa,repetidas en personas de 60 anos o mas,2005-10-01,227,276,227,276,503
VIACHA,consulta externa,repetidas en personas de 60 anos o mas,2005-10-01,91,93,91,93,184
VILA VILA,consulta externa,repetidas en personas de 60 anos o mas,2005-10-01,0,1,0,1,1
VILLA MONTES,consulta externa,repetidas en personas de 60 anos o mas,2005-10-01,86,66,86,66,152
VILLA RIVERO,consulta externa,repetidas en personas de 60 anos o mas,2005-10-01,1,3,1,3,4
VILLA SERRANO,consulta externa,repetidas en personas de 60 anos o mas,2005-10-01,2,0,2,0,2
VILLA TUNARI,consulta externa,repetidas en personas de 60 anos o mas,2005-10-01,32,34,32,34,66
VILLA VACA GUZMAN (MUYUPAMPA),consulta externa,repetidas en personas de 60 anos o mas,2005-10-01,8,2,8,2,10
VILLAZON,consulta externa,repetidas en personas de 60 anos o mas,2005-10-01,2,8,2,8,10
VINTO,consulta externa,repetidas en personas de 60 anos o mas,2005-10-01,32,56,32,56,88
VITICHI,consulta externa,repetidas en personas de 60 anos o mas,2005-10-01,15,13,15,13,28
WALDO BALLIVIAN,consulta externa,repetidas en personas de 60 anos o mas,2005-10-01,0,2,0,2,2
WARNES,consulta externa,repetidas en personas de 60 anos o mas,2005-10-01,2,16,2,16,18
YACO,consulta externa,repetidas en personas de 60 anos o mas,2005-10-01,1,3,1,3,4
YACUIBA,consulta externa,repetidas en personas de 60 anos o mas,2005-10-01,179,284,179,284,463
YAMPARAEZ,consulta externa,repetidas en personas de 60 anos o mas,2005-10-01,12,7,12,7,19
YANACACHI,consulta externa,repetidas en personas de 60 anos o mas,2005-10-01,1,0,1,0,1
YAPACANI,consulta externa,repetidas en personas de 60 anos o mas,2005-10-01,0,2,0,2,2
YOCALLA,consulta externa,repetidas en personas de 60 anos o mas,2005-10-01,0,2,0,2,2
YOTALA,consulta externa,repetidas en personas de 60 anos o mas,2005-10-01,8,13,8,13,21
YUNCHARA,consulta externa,repetidas en personas de 60 anos o mas,2005-10-01,0,1,0,1,1
ZUDAÑEZ,consulta externa,repetidas en personas de 60 anos o mas,2005-10-01,1,7,1,7,8
ACACIO,consulta externa,repetidas en personas de 60 anos o mas,2005-11-01,3,1,3,1,4
ACHACACHI,consulta externa,repetidas en personas de 60 anos o mas,2005-11-01,65,39,65,39,104
ACHOCALLA,consulta externa,repetidas en personas de 60 anos o mas,2005-11-01,14,6,14,6,20
AIQUILE,consulta externa,repetidas en personas de 60 anos o mas,2005-11-01,32,54,32,54,86
ALALAY,consulta externa,repetidas en personas de 60 anos o mas,2005-11-01,0,3,0,3,3
ANCORAIMES,consulta externa,repetidas en personas de 60 anos o mas,2005-11-01,3,4,3,4,7
ANDAMARCA,consulta externa,repetidas en personas de 60 anos o mas,2005-11-01,4,5,4,5,9
ANTEQUERA,consulta externa,repetidas en personas de 60 anos o mas,2005-11-01,1,0,1,0,1
ANZALDO,consulta externa,repetidas en personas de 60 anos o mas,2005-11-01,1,1,1,1,2
APOLO,consulta externa,repetidas en personas de 60 anos o mas,2005-11-01,4,3,4,3,7
ARANI,consulta externa,repetidas en personas de 60 anos o mas,2005-11-01,3,10,3,10,13
ARBIETO,consulta externa,repetidas en personas de 60 anos o mas,2005-11-01,2,14,2,14,16
ARQUE,consulta externa,repetidas en personas de 60 anos o mas,2005-11-01,0,1,0,1,1
ATOCHA,consulta externa,repetidas en personas de 60 anos o mas,2005-11-01,37,53,37,53,90
AUCAPATA,consulta externa,repetidas en personas de 60 anos o mas,2005-11-01,1,2,1,2,3
AYATA,consulta externa,repetidas en personas de 60 anos o mas,2005-11-01,1,1,1,1,2
AYO AYO,consulta externa,repetidas en personas de 60 anos o mas,2005-11-01,1,0,1,0,1
AYOPAYA (V. DE INDEPENDENCIA),consulta externa,repetidas en personas de 60 anos o mas,2005-11-01,2,5,2,5,7
AZURDUY,consulta externa,repetidas en personas de 60 anos o mas,2005-11-01,0,1,0,1,1
BATALLAS,consulta externa,repetidas en personas de 60 anos o mas,2005-11-01,4,2,4,2,6
BAURES,consulta externa,repetidas en personas de 60 anos o mas,2005-11-01,16,15,16,15,31
BELEN DE ANDAMARCA,consulta externa,repetidas en personas de 60 anos o mas,2005-11-01,11,1,11,1,12
BELEN DE URMIRI,consulta externa,repetidas en personas de 60 anos o mas,2005-11-01,2,2,2,2,4
BELLA FLOR,consulta externa,repetidas en personas de 60 anos o mas,2005-11-01,4,1,4,1,5
BERMEJO,consulta externa,repetidas en personas de 60 anos o mas,2005-11-01,72,63,72,63,135
BETANZOS,consulta externa,repetidas en personas de 60 anos o mas,2005-11-01,26,45,26,45,71
BOLIVAR,consulta externa,repetidas en personas de 60 anos o mas,2005-11-01,2,2,2,2,4
BOYUIBE,consulta externa,repetidas en personas de 60 anos o mas,2005-11-01,2,5,2,5,7
BUENA VISTA,consulta externa,repetidas en personas de 60 anos o mas,2005-11-01,57,24,57,24,81
CABEZAS,consulta externa,repetidas en personas de 60 anos o mas,2005-11-01,1,3,1,3,4
CAIROMA,consulta externa,repetidas en personas de 60 anos o mas,2005-11-01,0,1,0,1,1
"CAIZA ""D""",consulta externa,repetidas en personas de 60 anos o mas,2005-11-01,4,3,4,3,7
CALACOTO,consulta externa,repetidas en personas de 60 anos o mas,2005-11-01,1,1,1,1,2
CALAMARCA,consulta externa,repetidas en personas de 60 anos o mas,2005-11-01,3,0,3,0,3
CAMARGO,consulta externa,repetidas en personas de 60 anos o mas,2005-11-01,14,37,14,37,51
CAMIRI,consulta externa,repetidas en personas de 60 anos o mas,2005-11-01,21,46,21,46,67
CAPINOTA,consulta externa,repetidas en personas de 60 anos o mas,2005-11-01,35,47,35,47,82
CAQUIAVIRI,consulta externa,repetidas en personas de 60 anos o mas,2005-11-01,6,6,6,6,12
CARACOLLO,consulta externa,repetidas en personas de 60 anos o mas,2005-11-01,12,17,12,17,29
CARANAVI,consulta externa,repetidas en personas de 60 anos o mas,2005-11-01,8,8,8,8,16
CARAPARI,consulta externa,repetidas en personas de 60 anos o mas,2005-11-01,2,1,2,1,3
CARMEN RIVERO TORREZ,consulta externa,repetidas en personas de 60 anos o mas,2005-11-01,5,7,5,7,12
CHALLAPATA,consulta externa,repetidas en personas de 60 anos o mas,2005-11-01,3,8,3,8,11
CHAQUI,consulta externa,repetidas en personas de 60 anos o mas,2005-11-01,0,1,0,1,1
CHARAGUA,consulta externa,repetidas en personas de 60 anos o mas,2005-11-01,7,6,7,6,13
CHAYANTA,consulta externa,repetidas en personas de 60 anos o mas,2005-11-01,3,22,3,22,25
CHIMORE,consulta externa,repetidas en personas de 60 anos o mas,2005-11-01,0,1,0,1,1
CHOQUE COTA,consulta externa,repetidas en personas de 60 anos o mas,2005-11-01,2,2,2,2,4
CHULUMANI (V. DE LA LIBERTAD),consulta externa,repetidas en personas de 60 anos o mas,2005-11-01,21,15,21,15,36
CHUMA,consulta externa,repetidas en personas de 60 anos o mas,2005-11-01,3,6,3,6,9
CLIZA,consulta externa,repetidas en personas de 60 anos o mas,2005-11-01,3,3,3,3,6
COBIJA,consulta externa,repetidas en personas de 60 anos o mas,2005-11-01,50,160,50,160,210
COCHABAMBA,consulta externa,repetidas en personas de 60 anos o mas,2005-11-01,5291,6842,5291,6842,12133
COLCAPIRHUA,consulta externa,repetidas en personas de 60 anos o mas,2005-11-01,46,70,46,70,116
"COLCHA ""K""",consulta externa,repetidas en personas de 60 anos o mas,2005-11-01,3,8,3,8,11
COLLANA,consulta externa,repetidas en personas de 60 anos o mas,2005-11-01,6,4,6,4,10
COLOMI,consulta externa,repetidas en personas de 60 anos o mas,2005-11-01,2,0,2,0,2
COLPA BELGICA,consulta externa,repetidas en personas de 60 anos o mas,2005-11-01,4,2,4,2,6
COLQUECHACA,consulta externa,repetidas en personas de 60 anos o mas,2005-11-01,3,15,3,15,18
COLQUENCHA,consulta externa,repetidas en personas de 60 anos o mas,2005-11-01,0,2,0,2,2
COLQUIRI,consulta externa,repetidas en personas de 60 anos o mas,2005-11-01,0,5,0,5,5
COMARAPA,consulta externa,repetidas en personas de 60 anos o mas,2005-11-01,8,8,8,8,16
COMBAYA,consulta externa,repetidas en personas de 60 anos o mas,2005-11-01,0,2,0,2,2
CONCEPCION,consulta externa,repetidas en personas de 60 anos o mas,2005-11-01,2,3,2,3,5
COPACABANA,consulta externa,repetidas en personas de 60 anos o mas,2005-11-01,2,0,2,0,2
CORO CORO,consulta externa,repetidas en personas de 60 anos o mas,2005-11-01,4,2,4,2,6
COROICO,consulta externa,repetidas en personas de 60 anos o mas,2005-11-01,23,40,23,40,63
CORQUE,consulta externa,repetidas en personas de 60 anos o mas,2005-11-01,11,12,11,12,23
COTAGAITA,consulta externa,repetidas en personas de 60 anos o mas,2005-11-01,3,15,3,15,18
CUATRO CAÑADAS,consulta externa,repetidas en personas de 60 anos o mas,2005-11-01,2,2,2,2,4
CUCHUMUELA (V. G. VILLARROEL),consulta externa,repetidas en personas de 60 anos o mas,2005-11-01,2,2,2,2,4
CUEVO,consulta externa,repetidas en personas de 60 anos o mas,2005-11-01,0,1,0,1,1
CULPINA,consulta externa,repetidas en personas de 60 anos o mas,2005-11-01,1,3,1,3,4
CURAHUARA DE CARANGAS,consulta externa,repetidas en personas de 60 anos o mas,2005-11-01,0,4,0,4,4
CURVA,consulta externa,repetidas en personas de 60 anos o mas,2005-11-01,0,1,0,1,1
DESAGUADERO,consulta externa,repetidas en personas de 60 anos o mas,2005-11-01,0,1,0,1,1
EL ALTO,consulta externa,repetidas en personas de 60 anos o mas,2005-11-01,466,595,466,595,1061
EL CHORO,consulta externa,repetidas en personas de 60 anos o mas,2005-11-01,2,7,2,7,9
EL PUENTE(TJA),consulta externa,repetidas en personas de 60 anos o mas,2005-11-01,2,3,2,3,5
EL TORNO,consulta externa,repetidas en personas de 60 anos o mas,2005-11-01,59,72,59,72,131
EL VILLAR,consulta externa,repetidas en personas de 60 anos o mas,2005-11-01,0,2,0,2,2
ENTRE RIOS,consulta externa,repetidas en personas de 60 anos o mas,2005-11-01,5,8,5,8,13
ENTRE RIOS,consulta externa,repetidas en personas de 60 anos o mas,2005-11-01,0,1,0,1,1
EUCALIPTUS,consulta externa,repetidas en personas de 60 anos o mas,2005-11-01,2,2,2,2,4
EXALTACION,consulta externa,repetidas en personas de 60 anos o mas,2005-11-01,1,2,1,2,3
FERNANDEZ ALONSO,consulta externa,repetidas en personas de 60 anos o mas,2005-11-01,3,5,3,5,8
FILADELFIA,consulta externa,repetidas en personas de 60 anos o mas,2005-11-01,0,1,0,1,1
GENERAL SAAVEDRA,consulta externa,repetidas en personas de 60 anos o mas,2005-11-01,3,4,3,4,7
GRAL. J.J. PEREZ (CHARAZANI),consulta externa,repetidas en personas de 60 anos o mas,2005-11-01,2,2,2,2,4
GUANAY,consulta externa,repetidas en personas de 60 anos o mas,2005-11-01,1,0,1,0,1
GUAQUI,consulta externa,repetidas en personas de 60 anos o mas,2005-11-01,7,0,7,0,7
GUAYARAMERIN,consulta externa,repetidas en personas de 60 anos o mas,2005-11-01,141,169,141,169,310
GUTIERREZ,consulta externa,repetidas en personas de 60 anos o mas,2005-11-01,6,6,6,6,12
HUACARETA,consulta externa,repetidas en personas de 60 anos o mas,2005-11-01,3,19,3,19,22
HUACHACALLA,consulta externa,repetidas en personas de 60 anos o mas,2005-11-01,8,3,8,3,11
HUANUNI,consulta externa,repetidas en personas de 60 anos o mas,2005-11-01,98,80,98,80,178
HUARACAJE,consulta externa,repetidas en personas de 60 anos o mas,2005-11-01,0,1,0,1,1
HUAYLLAMARCA,consulta externa,repetidas en personas de 60 anos o mas,2005-11-01,10,1,10,1,11
ICHOCA,consulta externa,repetidas en personas de 60 anos o mas,2005-11-01,0,1,0,1,1
ICLA,consulta externa,repetidas en personas de 60 anos o mas,2005-11-01,0,2,0,2,2
INCAHUASI,consulta externa,repetidas en personas de 60 anos o mas,2005-11-01,0,1,0,1,1
INQUISIVI,consulta externa,repetidas en personas de 60 anos o mas,2005-11-01,7,0,7,0,7
IRUPANA (VILLA DE LANZA),consulta externa,repetidas en personas de 60 anos o mas,2005-11-01,10,3,10,3,13
JESUS DE MACHACA,consulta externa,repetidas en personas de 60 anos o mas,2005-11-01,6,7,6,7,13
LA ASUNTA,consulta externa,repetidas en personas de 60 anos o mas,2005-11-01,0,1,0,1,1
LA GUARDIA,consulta externa,repetidas en personas de 60 anos o mas,2005-11-01,5,3,5,3,8
LA PAZ,consulta externa,repetidas en personas de 60 anos o mas,2005-11-01,10052,13575,10052,13575,23627
LA RIVERA,consulta externa,repetidas en personas de 60 anos o mas,2005-11-01,2,0,2,0,2
LAGUNILLAS,consulta externa,repetidas en personas de 60 anos o mas,2005-11-01,2,0,2,0,2
LAJA,consulta externa,repetidas en personas de 60 anos o mas,2005-11-01,6,1,6,1,7
LAS CARRERAS,consulta externa,repetidas en personas de 60 anos o mas,2005-11-01,0,4,0,4,4
LLALLAGUA,consulta externa,repetidas en personas de 60 anos o mas,2005-11-01,42,60,42,60,102
LLICA,consulta externa,repetidas en personas de 60 anos o mas,2005-11-01,7,1,7,1,8
LURIBAY,consulta externa,repetidas en personas de 60 anos o mas,2005-11-01,3,4,3,4,7
MACHACAMARCA,consulta externa,repetidas en personas de 60 anos o mas,2005-11-01,23,37,23,37,60
MACHARETI,consulta externa,repetidas en personas de 60 anos o mas,2005-11-01,2,1,2,1,3
MAGDALENA,consulta externa,repetidas en personas de 60 anos o mas,2005-11-01,58,64,58,64,122
MALLA,consulta externa,repetidas en personas de 60 anos o mas,2005-11-01,0,1,0,1,1
MECAPACA,consulta externa,repetidas en personas de 60 anos o mas,2005-11-01,7,17,7,17,24
MINEROS,consulta externa,repetidas en personas de 60 anos o mas,2005-11-01,13,12,13,12,25
MIZQUE,consulta externa,repetidas en personas de 60 anos o mas,2005-11-01,1,3,1,3,4
MOCOMOCO,consulta externa,repetidas en personas de 60 anos o mas,2005-11-01,4,9,4,9,13
MOJINETE,consulta externa,repetidas en personas de 60 anos o mas,2005-11-01,5,6,5,6,11
MOJOCOYA,consulta externa,repetidas en personas de 60 anos o mas,2005-11-01,1,2,1,2,3
MONTEAGUDO,consulta externa,repetidas en personas de 60 anos o mas,2005-11-01,51,80,51,80,131
MONTERO,consulta externa,repetidas en personas de 60 anos o mas,2005-11-01,432,556,432,556,988
MORO MORO,consulta externa,repetidas en personas de 60 anos o mas,2005-11-01,3,4,3,4,7
MOROCHATA,consulta externa,repetidas en personas de 60 anos o mas,2005-11-01,8,7,8,7,15
OKINAWA,consulta externa,repetidas en personas de 60 anos o mas,2005-11-01,6,11,6,11,17
OMEREQUE,consulta externa,repetidas en personas de 60 anos o mas,2005-11-01,3,1,3,1,4
ORURO,consulta externa,repetidas en personas de 60 anos o mas,2005-11-01,1402,1851,1402,1851,3253
PADCAYA,consulta externa,repetidas en personas de 60 anos o mas,2005-11-01,6,6,6,6,12
PADILLA,consulta externa,repetidas en personas de 60 anos o mas,2005-11-01,22,42,22,42,64
PALCA,consulta externa,repetidas en personas de 60 anos o mas,2005-11-01,1,10,1,10,11
PALOS BLANCOS,consulta externa,repetidas en personas de 60 anos o mas,2005-11-01,12,6,12,6,18
PAMPA AULLAGAS,consulta externa,repetidas en personas de 60 anos o mas,2005-11-01,1,0,1,0,1
PAPEL PAMPA,consulta externa,repetidas en personas de 60 anos o mas,2005-11-01,3,4,3,4,7
PATACAMAYA,consulta externa,repetidas en personas de 60 anos o mas,2005-11-01,1,0,1,0,1
PAZÑA,consulta externa,repetidas en personas de 60 anos o mas,2005-11-01,13,14,13,14,27
POCOATA,consulta externa,repetidas en personas de 60 anos o mas,2005-11-01,0,4,0,4,4
POCONA,consulta externa,repetidas en personas de 60 anos o mas,2005-11-01,9,4,9,4,13
POOPO,consulta externa,repetidas en personas de 60 anos o mas,2005-11-01,5,7,5,7,12
POROMA,consulta externa,repetidas en personas de 60 anos o mas,2005-11-01,2,6,2,6,8
PORONGO,consulta externa,repetidas en personas de 60 anos o mas,2005-11-01,2,2,2,2,4
PORTACHUELO,consulta externa,repetidas en personas de 60 anos o mas,2005-11-01,18,12,18,12,30
POSTRER VALLE,consulta externa,repetidas en personas de 60 anos o mas,2005-11-01,1,1,1,1,2
POTOSI,consulta externa,repetidas en personas de 60 anos o mas,2005-11-01,1205,1518,1205,1518,2723
PUCARA,consulta externa,repetidas en personas de 60 anos o mas,2005-11-01,1,10,1,10,11
PUCARANI,consulta externa,repetidas en personas de 60 anos o mas,2005-11-01,9,3,9,3,12
PUERTO ACOSTA,consulta externa,repetidas en personas de 60 anos o mas,2005-11-01,9,9,9,9,18
PUERTO CARABUCO,consulta externa,repetidas en personas de 60 anos o mas,2005-11-01,2,2,2,2,4
PUERTO GONZALO MORENO,consulta externa,repetidas en personas de 60 anos o mas,2005-11-01,1,2,1,2,3
PUERTO PEREZ,consulta externa,repetidas en personas de 60 anos o mas,2005-11-01,19,1,19,1,20
PUERTO QUIJARRO,consulta externa,repetidas en personas de 60 anos o mas,2005-11-01,2,5,2,5,7
PUERTO SILES,consulta externa,repetidas en personas de 60 anos o mas,2005-11-01,1,0,1,0,1
PUERTO SUAREZ,consulta externa,repetidas en personas de 60 anos o mas,2005-11-01,4,6,4,6,10
PUERTO VILLARROEL,consulta externa,repetidas en personas de 60 anos o mas,2005-11-01,5,2,5,2,7
PUNA,consulta externa,repetidas en personas de 60 anos o mas,2005-11-01,11,12,11,12,23
PUNATA,consulta externa,repetidas en personas de 60 anos o mas,2005-11-01,71,105,71,105,176
QUIABAYA,consulta externa,repetidas en personas de 60 anos o mas,2005-11-01,0,1,0,1,1
QUILLACOLLO,consulta externa,repetidas en personas de 60 anos o mas,2005-11-01,13,24,13,24,37
QUIME,consulta externa,repetidas en personas de 60 anos o mas,2005-11-01,3,1,3,1,4
QUIRUSILLAS,consulta externa,repetidas en personas de 60 anos o mas,2005-11-01,0,1,0,1,1
REYES,consulta externa,repetidas en personas de 60 anos o mas,2005-11-01,68,69,68,69,137
RIBERALTA,consulta externa,repetidas en personas de 60 anos o mas,2005-11-01,15,14,15,14,29
ROBORE,consulta externa,repetidas en personas de 60 anos o mas,2005-11-01,21,20,21,20,41
RURRENABAQUE,consulta externa,repetidas en personas de 60 anos o mas,2005-11-01,32,32,32,32,64
SABAYA,consulta externa,repetidas en personas de 60 anos o mas,2005-11-01,3,1,3,1,4
SACABA,consulta externa,repetidas en personas de 60 anos o mas,2005-11-01,81,140,81,140,221
SACABAMBA,consulta externa,repetidas en personas de 60 anos o mas,2005-11-01,0,1,0,1,1
SACACA,consulta externa,repetidas en personas de 60 anos o mas,2005-11-01,3,2,3,2,5
SAIPINA,consulta externa,repetidas en personas de 60 anos o mas,2005-11-01,21,53,21,53,74
SALINAS DE GARCI MENDOZA,consulta externa,repetidas en personas de 60 anos o mas,2005-11-01,4,8,4,8,12
SAMAIPATA,consulta externa,repetidas en personas de 60 anos o mas,2005-11-01,1,0,1,0,1
SAN ANDRES DE MACHACA,consulta externa,repetidas en personas de 60 anos o mas,2005-11-01,5,3,5,3,8
SAN ANTONIO DE ESMORUCO,consulta externa,repetidas en personas de 60 anos o mas,2005-11-01,1,0,1,0,1
SAN ANTONIO DE LOMERIO,consulta externa,repetidas en personas de 60 anos o mas,2005-11-01,1,0,1,0,1
SAN BENITO,consulta externa,repetidas en personas de 60 anos o mas,2005-11-01,12,27,12,27,39
SAN BORJA,consulta externa,repetidas en personas de 60 anos o mas,2005-11-01,52,59,52,59,111
SAN BUENA VENTURA,consulta externa,repetidas en personas de 60 anos o mas,2005-11-01,1,2,1,2,3
SAN CARLOS,consulta externa,repetidas en personas de 60 anos o mas,2005-11-01,9,14,9,14,23
SAN IGNACIO,consulta externa,repetidas en personas de 60 anos o mas,2005-11-01,34,56,34,56,90
SAN IGNACIO DE VELASCO,consulta externa,repetidas en personas de 60 anos o mas,2005-11-01,35,52,35,52,87
SAN JAVIER(BNI),consulta externa,repetidas en personas de 60 anos o mas,2005-11-01,1,2,1,2,3
SAN JAVIER(STC),consulta externa,repetidas en personas de 60 anos o mas,2005-11-01,2,3,2,3,5
SAN JOAQUIN,consulta externa,repetidas en personas de 60 anos o mas,2005-11-01,19,32,19,32,51
SAN JOSE DE CHIQUITOS,consulta externa,repetidas en personas de 60 anos o mas,2005-11-01,6,6,6,6,12
SAN JUAN DE YAPACANI,consulta externa,repetidas en personas de 60 anos o mas,2005-11-01,14,18,14,18,32
SAN JULIAN,consulta externa,repetidas en personas de 60 anos o mas,2005-11-01,2,5,2,5,7
SAN LORENZO(TJA),consulta externa,repetidas en personas de 60 anos o mas,2005-11-01,4,5,4,5,9
SAN LUCAS,consulta externa,repetidas en personas de 60 anos o mas,2005-11-01,13,7,13,7,20
SAN MIGUEL DE VELASCO,consulta externa,repetidas en personas de 60 anos o mas,2005-11-01,46,89,46,89,135
SAN PABLO DE LIPEZ,consulta externa,repetidas en personas de 60 anos o mas,2005-11-01,3,3,3,3,6
SAN PEDRO,consulta externa,repetidas en personas de 60 anos o mas,2005-11-01,12,10,12,10,22
SAN PEDRO DE BUENA VISTA,consulta externa,repetidas en personas de 60 anos o mas,2005-11-01,1,1,1,1,2
SAN PEDRO DE CURAHUARA,consulta externa,repetidas en personas de 60 anos o mas,2005-11-01,4,4,4,4,8
SAN PEDRO DE TIQUINA,consulta externa,repetidas en personas de 60 anos o mas,2005-11-01,5,3,5,3,8
SAN RAFAEL,consulta externa,repetidas en personas de 60 anos o mas,2005-11-01,0,1,0,1,1
SAN RAMON,consulta externa,repetidas en personas de 60 anos o mas,2005-11-01,26,28,26,28,54
SAN RAMON,consulta externa,repetidas en personas de 60 anos o mas,2005-11-01,0,2,0,2,2
SANTA ANA,consulta externa,repetidas en personas de 60 anos o mas,2005-11-01,73,132,73,132,205
SANTA CRUZ DE LA SIERRA,consulta externa,repetidas en personas de 60 anos o mas,2005-11-01,2780,3906,2780,3906,6686
SANTA ROSA,consulta externa,repetidas en personas de 60 anos o mas,2005-11-01,0,3,0,3,3
SANTA ROSA DEL SARA,consulta externa,repetidas en personas de 60 anos o mas,2005-11-01,8,5,8,5,13
SANTIAGO DE CALLAPA,consulta externa,repetidas en personas de 60 anos o mas,2005-11-01,4,0,4,0,4
SANTIAGO DE HUARI,consulta externa,repetidas en personas de 60 anos o mas,2005-11-01,9,5,9,5,14
SANTIAGO DE MACHACA,consulta externa,repetidas en personas de 60 anos o mas,2005-11-01,1,1,1,1,2
SANTIVAÑES,consulta externa,repetidas en personas de 60 anos o mas,2005-11-01,13,6,13,6,19
SAPAHAQUI,consulta externa,repetidas en personas de 60 anos o mas,2005-11-01,0,2,0,2,2
SICA SICA (VILLA AROMA),consulta externa,repetidas en personas de 60 anos o mas,2005-11-01,2,2,2,2,4
SICAYA,consulta externa,repetidas en personas de 60 anos o mas,2005-11-01,1,1,1,1,2
SIPE SIPE,consulta externa,repetidas en personas de 60 anos o mas,2005-11-01,7,5,7,5,12
SOPACHUY,consulta externa,repetidas en personas de 60 anos o mas,2005-11-01,2,4,2,4,6
SORATA,consulta externa,repetidas en personas de 60 anos o mas,2005-11-01,7,2,7,2,9
SUCRE,consulta externa,repetidas en personas de 60 anos o mas,2005-11-01,1257,2078,1257,2078,3335
TACACHI,consulta externa,repetidas en personas de 60 anos o mas,2005-11-01,2,5,2,5,7
TACACOMA,consulta externa,repetidas en personas de 60 anos o mas,2005-11-01,1,1,1,1,2
TACOPAYA,consulta externa,repetidas en personas de 60 anos o mas,2005-11-01,3,2,3,2,5
TAHUA,consulta externa,repetidas en personas de 60 anos o mas,2005-11-01,0,2,0,2,2
TAPACARI,consulta externa,repetidas en personas de 60 anos o mas,2005-11-01,3,2,3,2,5
TARABUCO,consulta externa,repetidas en personas de 60 anos o mas,2005-11-01,23,29,23,29,52
TARACO,consulta externa,repetidas en personas de 60 anos o mas,2005-11-01,2,2,2,2,4
TARATA,consulta externa,repetidas en personas de 60 anos o mas,2005-11-01,3,2,3,2,5
TARIJA,consulta externa,repetidas en personas de 60 anos o mas,2005-11-01,1594,2468,1594,2468,4062
TARVITA,consulta externa,repetidas en personas de 60 anos o mas,2005-11-01,4,4,4,4,8
TEOPONTE,consulta externa,repetidas en personas de 60 anos o mas,2005-11-01,3,1,3,1,4
TINGUIPAYA,consulta externa,repetidas en personas de 60 anos o mas,2005-11-01,0,2,0,2,2
TIPUANI,consulta externa,repetidas en personas de 60 anos o mas,2005-11-01,4,1,4,1,5
TIQUIPAYA,consulta externa,repetidas en personas de 60 anos o mas,2005-11-01,9,10,9,10,19
TIRAQUE (CBBA),consulta externa,repetidas en personas de 60 anos o mas,2005-11-01,12,15,12,15,27
TOLATA,consulta externa,repetidas en personas de 60 anos o mas,2005-11-01,0,10,0,10,10
TOLEDO,consulta externa,repetidas en personas de 60 anos o mas,2005-11-01,1,1,1,1,2
TOMAVE,consulta externa,repetidas en personas de 60 anos o mas,2005-11-01,4,4,4,4,8
TOMINA,consulta externa,repetidas en personas de 60 anos o mas,2005-11-01,3,0,3,0,3
TORO TORO,consulta externa,repetidas en personas de 60 anos o mas,2005-11-01,3,3,3,3,6
TOTORA(CBBA),consulta externa,repetidas en personas de 60 anos o mas,2005-11-01,1,4,1,4,5
TRIGAL,consulta externa,repetidas en personas de 60 anos o mas,2005-11-01,1,0,1,0,1
TRINIDAD,consulta externa,repetidas en personas de 60 anos o mas,2005-11-01,173,163,173,163,336
TUPIZA,consulta externa,repetidas en personas de 60 anos o mas,2005-11-01,32,63,32,63,95
TURCO,consulta externa,repetidas en personas de 60 anos o mas,2005-11-01,1,0,1,0,1
UNCIA,consulta externa,repetidas en personas de 60 anos o mas,2005-11-01,42,58,42,58,100
URIONDO (A. CONCEPCION),consulta externa,repetidas en personas de 60 anos o mas,2005-11-01,0,2,0,2,2
URUBICHA,consulta externa,repetidas en personas de 60 anos o mas,2005-11-01,1,1,1,1,2
UYUNI,consulta externa,repetidas en personas de 60 anos o mas,2005-11-01,57,46,57,46,103
VACAS,consulta externa,repetidas en personas de 60 anos o mas,2005-11-01,16,29,16,29,45
VALLEGRANDE,consulta externa,repetidas en personas de 60 anos o mas,2005-11-01,167,259,167,259,426
VIACHA,consulta externa,repetidas en personas de 60 anos o mas,2005-11-01,82,99,82,99,181
VILA VILA,consulta externa,repetidas en personas de 60 anos o mas,2005-11-01,3,2,3,2,5
VILLA MONTES,consulta externa,repetidas en personas de 60 anos o mas,2005-11-01,78,64,78,64,142
VILLA RIVERO,consulta externa,repetidas en personas de 60 anos o mas,2005-11-01,2,2,2,2,4
VILLA SERRANO,consulta externa,repetidas en personas de 60 anos o mas,2005-11-01,2,0,2,0,2
VILLA TUNARI,consulta externa,repetidas en personas de 60 anos o mas,2005-11-01,24,24,24,24,48
VILLA VACA GUZMAN (MUYUPAMPA),consulta externa,repetidas en personas de 60 anos o mas,2005-11-01,1,6,1,6,7
VILLAZON,consulta externa,repetidas en personas de 60 anos o mas,2005-11-01,38,54,38,54,92
VINTO,consulta externa,repetidas en personas de 60 anos o mas,2005-11-01,9,13,9,13,22
VITICHI,consulta externa,repetidas en personas de 60 anos o mas,2005-11-01,3,7,3,7,10
WALDO BALLIVIAN,consulta externa,repetidas en personas de 60 anos o mas,2005-11-01,0,5,0,5,5
WARNES,consulta externa,repetidas en personas de 60 anos o mas,2005-11-01,3,1,3,1,4
YACUIBA,consulta externa,repetidas en personas de 60 anos o mas,2005-11-01,162,269,162,269,431
YAMPARAEZ,consulta externa,repetidas en personas de 60 anos o mas,2005-11-01,4,6,4,6,10
YANACACHI,consulta externa,repetidas en personas de 60 anos o mas,2005-11-01,0,1,0,1,1
YAPACANI,consulta externa,repetidas en personas de 60 anos o mas,2005-11-01,1,1,1,1,2
YOCALLA,consulta externa,repetidas en personas de 60 anos o mas,2005-11-01,0,1,0,1,1
YOTALA,consulta externa,repetidas en personas de 60 anos o mas,2005-11-01,2,13,2,13,15
YUNCHARA,consulta externa,repetidas en personas de 60 anos o mas,2005-11-01,2,0,2,0,2
ZUDAÑEZ,consulta externa,repetidas en personas de 60 anos o mas,2005-11-01,0,3,0,3,3
ACACIO,consulta externa,repetidas en personas de 60 anos o mas,2005-12-01,0,1,0,1,1
ACHACACHI,consulta externa,repetidas en personas de 60 anos o mas,2005-12-01,27,53,27,53,80
ACHOCALLA,consulta externa,repetidas en personas de 60 anos o mas,2005-12-01,2,1,2,1,3
AIQUILE,consulta externa,repetidas en personas de 60 anos o mas,2005-12-01,44,53,44,53,97
ANCORAIMES,consulta externa,repetidas en personas de 60 anos o mas,2005-12-01,10,2,10,2,12
ANDAMARCA,consulta externa,repetidas en personas de 60 anos o mas,2005-12-01,1,3,1,3,4
ANZALDO,consulta externa,repetidas en personas de 60 anos o mas,2005-12-01,0,5,0,5,5
APOLO,consulta externa,repetidas en personas de 60 anos o mas,2005-12-01,9,4,9,4,13
ARANI,consulta externa,repetidas en personas de 60 anos o mas,2005-12-01,3,6,3,6,9
ARBIETO,consulta externa,repetidas en personas de 60 anos o mas,2005-12-01,4,7,4,7,11
ARQUE,consulta externa,repetidas en personas de 60 anos o mas,2005-12-01,1,0,1,0,1
ASCENCION DE GUARAYOS,consulta externa,repetidas en personas de 60 anos o mas,2005-12-01,1,1,1,1,2
ATOCHA,consulta externa,repetidas en personas de 60 anos o mas,2005-12-01,40,50,40,50,90
AYATA,consulta externa,repetidas en personas de 60 anos o mas,2005-12-01,1,3,1,3,4
AYO AYO,consulta externa,repetidas en personas de 60 anos o mas,2005-12-01,1,0,1,0,1
AYOPAYA (V. DE INDEPENDENCIA),consulta externa,repetidas en personas de 60 anos o mas,2005-12-01,2,2,2,2,4
AZURDUY,consulta externa,repetidas en personas de 60 anos o mas,2005-12-01,0,2,0,2,2
BATALLAS,consulta externa,repetidas en personas de 60 anos o mas,2005-12-01,8,2,8,2,10
BAURES,consulta externa,repetidas en personas de 60 anos o mas,2005-12-01,8,4,8,4,12
BELEN DE ANDAMARCA,consulta externa,repetidas en personas de 60 anos o mas,2005-12-01,5,0,5,0,5
BELEN DE URMIRI,consulta externa,repetidas en personas de 60 anos o mas,2005-12-01,4,2,4,2,6
BELLA FLOR,consulta externa,repetidas en personas de 60 anos o mas,2005-12-01,4,1,4,1,5
BERMEJO,consulta externa,repetidas en personas de 60 anos o mas,2005-12-01,61,57,61,57,118
BETANZOS,consulta externa,repetidas en personas de 60 anos o mas,2005-12-01,22,31,22,31,53
BOLIVAR,consulta externa,repetidas en personas de 60 anos o mas,2005-12-01,1,0,1,0,1
BOLPEBRA,consulta externa,repetidas en personas de 60 anos o mas,2005-12-01,1,1,1,1,2
BOYUIBE,consulta externa,repetidas en personas de 60 anos o mas,2005-12-01,0,12,0,12,12
BUENA VISTA,consulta externa,repetidas en personas de 60 anos o mas,2005-12-01,23,18,23,18,41
CAIROMA,consulta externa,repetidas en personas de 60 anos o mas,2005-12-01,1,3,1,3,4
"CAIZA ""D""",consulta externa,repetidas en personas de 60 anos o mas,2005-12-01,1,3,1,3,4
CAJUATA,consulta externa,repetidas en personas de 60 anos o mas,2005-12-01,1,0,1,0,1
CALACOTO,consulta externa,repetidas en personas de 60 anos o mas,2005-12-01,4,2,4,2,6
CALAMARCA,consulta externa,repetidas en personas de 60 anos o mas,2005-12-01,4,1,4,1,5
CAMARGO,consulta externa,repetidas en personas de 60 anos o mas,2005-12-01,10,20,10,20,30
CAMATAQUI (C. VILLA ABECIA),consulta externa,repetidas en personas de 60 anos o mas,2005-12-01,0,1,0,1,1
CAMIRI,consulta externa,repetidas en personas de 60 anos o mas,2005-12-01,21,40,21,40,61
CAPINOTA,consulta externa,repetidas en personas de 60 anos o mas,2005-12-01,17,26,17,26,43
CAQUIAVIRI,consulta externa,repetidas en personas de 60 anos o mas,2005-12-01,0,2,0,2,2
CARACOLLO,consulta externa,repetidas en personas de 60 anos o mas,2005-12-01,4,9,4,9,13
CARANAVI,consulta externa,repetidas en personas de 60 anos o mas,2005-12-01,2,2,2,2,4
CARAPARI,consulta externa,repetidas en personas de 60 anos o mas,2005-12-01,2,0,2,0,2
CHALLAPATA,consulta externa,repetidas en personas de 60 anos o mas,2005-12-01,11,10,11,10,21
CHAQUI,consulta externa,repetidas en personas de 60 anos o mas,2005-12-01,0,1,0,1,1
CHARAGUA,consulta externa,repetidas en personas de 60 anos o mas,2005-12-01,5,8,5,8,13
CHARAÑA,consulta externa,repetidas en personas de 60 anos o mas,2005-12-01,0,2,0,2,2
CHAYANTA,consulta externa,repetidas en personas de 60 anos o mas,2005-12-01,7,18,7,18,25
CHIMORE,consulta externa,repetidas en personas de 60 anos o mas,2005-12-01,1,1,1,1,2
CHULUMANI (V. DE LA LIBERTAD),consulta externa,repetidas en personas de 60 anos o mas,2005-12-01,5,12,5,12,17
CHUMA,consulta externa,repetidas en personas de 60 anos o mas,2005-12-01,0,1,0,1,1
CLIZA,consulta externa,repetidas en personas de 60 anos o mas,2005-12-01,3,2,3,2,5
COBIJA,consulta externa,repetidas en personas de 60 anos o mas,2005-12-01,67,85,67,85,152
COCHABAMBA,consulta externa,repetidas en personas de 60 anos o mas,2005-12-01,4596,5953,4596,5953,10549
COLCAPIRHUA,consulta externa,repetidas en personas de 60 anos o mas,2005-12-01,60,100,60,100,160
"COLCHA ""K""",consulta externa,repetidas en personas de 60 anos o mas,2005-12-01,11,4,11,4,15
COLLANA,consulta externa,repetidas en personas de 60 anos o mas,2005-12-01,8,7,8,7,15
COLOMI,consulta externa,repetidas en personas de 60 anos o mas,2005-12-01,2,1,2,1,3
COLPA BELGICA,consulta externa,repetidas en personas de 60 anos o mas,2005-12-01,2,2,2,2,4
COLQUECHACA,consulta externa,repetidas en personas de 60 anos o mas,2005-12-01,7,3,7,3,10
COLQUENCHA,consulta externa,repetidas en personas de 60 anos o mas,2005-12-01,1,1,1,1,2
COLQUIRI,consulta externa,repetidas en personas de 60 anos o mas,2005-12-01,2,2,2,2,4
COMANCHE,consulta externa,repetidas en personas de 60 anos o mas,2005-12-01,3,0,3,0,3
COMARAPA,consulta externa,repetidas en personas de 60 anos o mas,2005-12-01,11,5,11,5,16
COMBAYA,consulta externa,repetidas en personas de 60 anos o mas,2005-12-01,0,2,0,2,2
CONCEPCION,consulta externa,repetidas en personas de 60 anos o mas,2005-12-01,2,1,2,1,3
CORIPATA,consulta externa,repetidas en personas de 60 anos o mas,2005-12-01,0,2,0,2,2
CORO CORO,consulta externa,repetidas en personas de 60 anos o mas,2005-12-01,0,1,0,1,1
COROICO,consulta externa,repetidas en personas de 60 anos o mas,2005-12-01,25,38,25,38,63
CORQUE,consulta externa,repetidas en personas de 60 anos o mas,2005-12-01,8,3,8,3,11
COTAGAITA,consulta externa,repetidas en personas de 60 anos o mas,2005-12-01,8,17,8,17,25
CUATRO CAÑADAS,consulta externa,repetidas en personas de 60 anos o mas,2005-12-01,1,2,1,2,3
CUCHUMUELA (V. G. VILLARROEL),consulta externa,repetidas en personas de 60 anos o mas,2005-12-01,0,3,0,3,3
CUEVO,consulta externa,repetidas en personas de 60 anos o mas,2005-12-01,1,1,1,1,2
CULPINA,consulta externa,repetidas en personas de 60 anos o mas,2005-12-01,0,5,0,5,5
CURAHUARA DE CARANGAS,consulta externa,repetidas en personas de 60 anos o mas,2005-12-01,3,10,3,10,13
CURVA,consulta externa,repetidas en personas de 60 anos o mas,2005-12-01,2,0,2,0,2
DESAGUADERO,consulta externa,repetidas en personas de 60 anos o mas,2005-12-01,2,0,2,0,2
EL ALTO,consulta externa,repetidas en personas de 60 anos o mas,2005-12-01,582,622,582,622,1204
EL CHORO,consulta externa,repetidas en personas de 60 anos o mas,2005-12-01,1,1,1,1,2
EL PUENTE(STC),consulta externa,repetidas en personas de 60 anos o mas,2005-12-01,1,1,1,1,2
EL PUENTE(TJA),consulta externa,repetidas en personas de 60 anos o mas,2005-12-01,0,2,0,2,2
EL TORNO,consulta externa,repetidas en personas de 60 anos o mas,2005-12-01,39,53,39,53,92
EL VILLAR,consulta externa,repetidas en personas de 60 anos o mas,2005-12-01,1,7,1,7,8
ENTRE RIOS,consulta externa,repetidas en personas de 60 anos o mas,2005-12-01,4,4,4,4,8
ENTRE RIOS,consulta externa,repetidas en personas de 60 anos o mas,2005-12-01,5,5,5,5,10
EUCALIPTUS,consulta externa,repetidas en personas de 60 anos o mas,2005-12-01,3,3,3,3,6
FERNANDEZ ALONSO,consulta externa,repetidas en personas de 60 anos o mas,2005-12-01,3,0,3,0,3
FILADELFIA,consulta externa,repetidas en personas de 60 anos o mas,2005-12-01,0,3,0,3,3
GENERAL SAAVEDRA,consulta externa,repetidas en personas de 60 anos o mas,2005-12-01,3,3,3,3,6
GRAL. J.J. PEREZ (CHARAZANI),consulta externa,repetidas en personas de 60 anos o mas,2005-12-01,3,1,3,1,4
GUAQUI,consulta externa,repetidas en personas de 60 anos o mas,2005-12-01,5,0,5,0,5
GUAYARAMERIN,consulta externa,repetidas en personas de 60 anos o mas,2005-12-01,356,343,356,343,699
GUTIERREZ,consulta externa,repetidas en personas de 60 anos o mas,2005-12-01,2,4,2,4,6
HUACARETA,consulta externa,repetidas en personas de 60 anos o mas,2005-12-01,3,6,3,6,9
HUACHACALLA,consulta externa,repetidas en personas de 60 anos o mas,2005-12-01,1,2,1,2,3
HUANUNI,consulta externa,repetidas en personas de 60 anos o mas,2005-12-01,71,53,71,53,124
HUARACAJE,consulta externa,repetidas en personas de 60 anos o mas,2005-12-01,1,8,1,8,9
HUAYLLAMARCA,consulta externa,repetidas en personas de 60 anos o mas,2005-12-01,3,8,3,8,11
ICHOCA,consulta externa,repetidas en personas de 60 anos o mas,2005-12-01,0,2,0,2,2
ICLA,consulta externa,repetidas en personas de 60 anos o mas,2005-12-01,0,5,0,5,5
INCAHUASI,consulta externa,repetidas en personas de 60 anos o mas,2005-12-01,2,1,2,1,3
INQUISIVI,consulta externa,repetidas en personas de 60 anos o mas,2005-12-01,4,2,4,2,6
IRUPANA (VILLA DE LANZA),consulta externa,repetidas en personas de 60 anos o mas,2005-12-01,5,4,5,4,9
JESUS DE MACHACA,consulta externa,repetidas en personas de 60 anos o mas,2005-12-01,3,8,3,8,11
LA GUARDIA,consulta externa,repetidas en personas de 60 anos o mas,2005-12-01,3,5,3,5,8
LA PAZ,consulta externa,repetidas en personas de 60 anos o mas,2005-12-01,9160,13645,9160,13645,22805
LAGUNILLAS,consulta externa,repetidas en personas de 60 anos o mas,2005-12-01,0,1,0,1,1
LAJA,consulta externa,repetidas en personas de 60 anos o mas,2005-12-01,10,4,10,4,14
LAS CARRERAS,consulta externa,repetidas en personas de 60 anos o mas,2005-12-01,3,8,3,8,11
LLALLAGUA,consulta externa,repetidas en personas de 60 anos o mas,2005-12-01,58,83,58,83,141
LLICA,consulta externa,repetidas en personas de 60 anos o mas,2005-12-01,9,5,9,5,14
LORETO,consulta externa,repetidas en personas de 60 anos o mas,2005-12-01,5,3,5,3,8
LURIBAY,consulta externa,repetidas en personas de 60 anos o mas,2005-12-01,1,2,1,2,3
MACHACAMARCA,consulta externa,repetidas en personas de 60 anos o mas,2005-12-01,23,26,23,26,49
MACHARETI,consulta externa,repetidas en personas de 60 anos o mas,2005-12-01,2,1,2,1,3
MAGDALENA,consulta externa,repetidas en personas de 60 anos o mas,2005-12-01,182,230,182,230,412
MAPIRI,consulta externa,repetidas en personas de 60 anos o mas,2005-12-01,0,2,0,2,2
MECAPACA,consulta externa,repetidas en personas de 60 anos o mas,2005-12-01,7,18,7,18,25
MINEROS,consulta externa,repetidas en personas de 60 anos o mas,2005-12-01,15,10,15,10,25
MIZQUE,consulta externa,repetidas en personas de 60 anos o mas,2005-12-01,1,1,1,1,2
MOCOMOCO,consulta externa,repetidas en personas de 60 anos o mas,2005-12-01,2,5,2,5,7
MOJINETE,consulta externa,repetidas en personas de 60 anos o mas,2005-12-01,3,4,3,4,7
MOJOCOYA,consulta externa,repetidas en personas de 60 anos o mas,2005-12-01,3,0,3,0,3
MONTEAGUDO,consulta externa,repetidas en personas de 60 anos o mas,2005-12-01,41,72,41,72,113
MONTERO,consulta externa,repetidas en personas de 60 anos o mas,2005-12-01,501,593,501,593,1094
MORO MORO,consulta externa,repetidas en personas de 60 anos o mas,2005-12-01,20,8,20,8,28
MOROCHATA,consulta externa,repetidas en personas de 60 anos o mas,2005-12-01,9,7,9,7,16
NAZACARA DE PACAJES,consulta externa,repetidas en personas de 60 anos o mas,2005-12-01,0,1,0,1,1
OKINAWA,consulta externa,repetidas en personas de 60 anos o mas,2005-12-01,4,14,4,14,18
OMEREQUE,consulta externa,repetidas en personas de 60 anos o mas,2005-12-01,0,1,0,1,1
ORURO,consulta externa,repetidas en personas de 60 anos o mas,2005-12-01,1317,1727,1317,1727,3044
PADCAYA,consulta externa,repetidas en personas de 60 anos o mas,2005-12-01,2,5,2,5,7
PADILLA,consulta externa,repetidas en personas de 60 anos o mas,2005-12-01,12,11,12,11,23
PALCA,consulta externa,repetidas en personas de 60 anos o mas,2005-12-01,1,1,1,1,2
PALOS BLANCOS,consulta externa,repetidas en personas de 60 anos o mas,2005-12-01,13,11,13,11,24
PAMPA GRANDE,consulta externa,repetidas en personas de 60 anos o mas,2005-12-01,8,14,8,14,22
PAPEL PAMPA,consulta externa,repetidas en personas de 60 anos o mas,2005-12-01,2,7,2,7,9
PASORAPA,consulta externa,repetidas en personas de 60 anos o mas,2005-12-01,2,1,2,1,3
PATACAMAYA,consulta externa,repetidas en personas de 60 anos o mas,2005-12-01,1,1,1,1,2
PAZÑA,consulta externa,repetidas en personas de 60 anos o mas,2005-12-01,13,12,13,12,25
PELECHUCO,consulta externa,repetidas en personas de 60 anos o mas,2005-12-01,0,1,0,1,1
POCOATA,consulta externa,repetidas en personas de 60 anos o mas,2005-12-01,1,1,1,1,2
POCONA,consulta externa,repetidas en personas de 60 anos o mas,2005-12-01,1,0,1,0,1
POJO (CBBA),consulta externa,repetidas en personas de 60 anos o mas,2005-12-01,1,1,1,1,2
POOPO,consulta externa,repetidas en personas de 60 anos o mas,2005-12-01,10,6,10,6,16
PORCO,consulta externa,repetidas en personas de 60 anos o mas,2005-12-01,0,3,0,3,3
POROMA,consulta externa,repetidas en personas de 60 anos o mas,2005-12-01,3,4,3,4,7
PORONGO,consulta externa,repetidas en personas de 60 anos o mas,2005-12-01,2,4,2,4,6
PORTACHUELO,consulta externa,repetidas en personas de 60 anos o mas,2005-12-01,17,16,17,16,33
PORVENIR,consulta externa,repetidas en personas de 60 anos o mas,2005-12-01,3,1,3,1,4
POSTRER VALLE,consulta externa,repetidas en personas de 60 anos o mas,2005-12-01,1,2,1,2,3
POTOSI,consulta externa,repetidas en personas de 60 anos o mas,2005-12-01,1098,1307,1098,1307,2405
PRESTO,consulta externa,repetidas en personas de 60 anos o mas,2005-12-01,0,1,0,1,1
PUCARA,consulta externa,repetidas en personas de 60 anos o mas,2005-12-01,7,3,7,3,10
PUCARANI,consulta externa,repetidas en personas de 60 anos o mas,2005-12-01,5,5,5,5,10
PUERTO ACOSTA,consulta externa,repetidas en personas de 60 anos o mas,2005-12-01,10,6,10,6,16
PUERTO CARABUCO,consulta externa,repetidas en personas de 60 anos o mas,2005-12-01,0,6,0,6,6
PUERTO GONZALO MORENO,consulta externa,repetidas en personas de 60 anos o mas,2005-12-01,0,1,0,1,1
PUERTO PEREZ,consulta externa,repetidas en personas de 60 anos o mas,2005-12-01,18,1,18,1,19
PUERTO QUIJARRO,consulta externa,repetidas en personas de 60 anos o mas,2005-12-01,38,28,38,28,66
PUERTO RICO,consulta externa,repetidas en personas de 60 anos o mas,2005-12-01,2,1,2,1,3
PUERTO SUAREZ,consulta externa,repetidas en personas de 60 anos o mas,2005-12-01,0,9,0,9,9
PUERTO VILLARROEL,consulta externa,repetidas en personas de 60 anos o mas,2005-12-01,0,1,0,1,1
PUNA,consulta externa,repetidas en personas de 60 anos o mas,2005-12-01,7,9,7,9,16
PUNATA,consulta externa,repetidas en personas de 60 anos o mas,2005-12-01,92,118,92,118,210
QUILLACOLLO,consulta externa,repetidas en personas de 60 anos o mas,2005-12-01,12,21,12,21,33
QUIME,consulta externa,repetidas en personas de 60 anos o mas,2005-12-01,1,0,1,0,1
REYES,consulta externa,repetidas en personas de 60 anos o mas,2005-12-01,38,28,38,28,66
RIBERALTA,consulta externa,repetidas en personas de 60 anos o mas,2005-12-01,7,10,7,10,17
ROBORE,consulta externa,repetidas en personas de 60 anos o mas,2005-12-01,16,20,16,20,36
RURRENABAQUE,consulta externa,repetidas en personas de 60 anos o mas,2005-12-01,25,15,25,15,40
SABAYA,consulta externa,repetidas en personas de 60 anos o mas,2005-12-01,3,3,3,3,6
SACABA,consulta externa,repetidas en personas de 60 anos o mas,2005-12-01,79,124,79,124,203
SACABAMBA,consulta externa,repetidas en personas de 60 anos o mas,2005-12-01,2,2,2,2,4
SACACA,consulta externa,repetidas en personas de 60 anos o mas,2005-12-01,2,3,2,3,5
SAIPINA,consulta externa,repetidas en personas de 60 anos o mas,2005-12-01,1,7,1,7,8
SALINAS DE GARCI MENDOZA,consulta externa,repetidas en personas de 60 anos o mas,2005-12-01,4,3,4,3,7
SAMAIPATA,consulta externa,repetidas en personas de 60 anos o mas,2005-12-01,2,2,2,2,4
SAN ANDRES,consulta externa,repetidas en personas de 60 anos o mas,2005-12-01,0,1,0,1,1
SAN ANDRES DE MACHACA,consulta externa,repetidas en personas de 60 anos o mas,2005-12-01,6,3,6,3,9
SAN ANTONIO DE ESMORUCO,consulta externa,repetidas en personas de 60 anos o mas,2005-12-01,1,1,1,1,2
SAN ANTONIO DE LOMERIO,consulta externa,repetidas en personas de 60 anos o mas,2005-12-01,0,6,0,6,6
SAN BENITO,consulta externa,repetidas en personas de 60 anos o mas,2005-12-01,4,11,4,11,15
SAN BORJA,consulta externa,repetidas en personas de 60 anos o mas,2005-12-01,41,36,41,36,77
SAN BUENA VENTURA,consulta externa,repetidas en personas de 60 anos o mas,2005-12-01,1,2,1,2,3
SAN CARLOS,consulta externa,repetidas en personas de 60 anos o mas,2005-12-01,19,17,19,17,36
SAN IGNACIO,consulta externa,repetidas en personas de 60 anos o mas,2005-12-01,27,39,27,39,66
SAN IGNACIO DE VELASCO,consulta externa,repetidas en personas de 60 anos o mas,2005-12-01,38,41,38,41,79
SAN JAVIER(BNI),consulta externa,repetidas en personas de 60 anos o mas,2005-12-01,0,2,0,2,2
SAN JAVIER(STC),consulta externa,repetidas en personas de 60 anos o mas,2005-12-01,2,1,2,1,3
SAN JOAQUIN,consulta externa,repetidas en personas de 60 anos o mas,2005-12-01,22,36,22,36,58
SAN JOSE DE CHIQUITOS,consulta externa,repetidas en personas de 60 anos o mas,2005-12-01,4,9,4,9,13
SAN JUAN DE YAPACANI,consulta externa,repetidas en personas de 60 anos o mas,2005-12-01,15,13,15,13,28
SAN JULIAN,consulta externa,repetidas en personas de 60 anos o mas,2005-12-01,3,6,3,6,9
SAN LORENZO(TJA),consulta externa,repetidas en personas de 60 anos o mas,2005-12-01,5,4,5,4,9
SAN LUCAS,consulta externa,repetidas en personas de 60 anos o mas,2005-12-01,14,10,14,10,24
SAN MATIAS,consulta externa,repetidas en personas de 60 anos o mas,2005-12-01,1,3,1,3,4
SAN MIGUEL DE VELASCO,consulta externa,repetidas en personas de 60 anos o mas,2005-12-01,39,72,39,72,111
SAN PABLO DE LIPEZ,consulta externa,repetidas en personas de 60 anos o mas,2005-12-01,2,4,2,4,6
SAN PEDRO,consulta externa,repetidas en personas de 60 anos o mas,2005-12-01,6,2,6,2,8
SAN PEDRO DE CURAHUARA,consulta externa,repetidas en personas de 60 anos o mas,2005-12-01,0,1,0,1,1
SAN PEDRO DE TIQUINA,consulta externa,repetidas en personas de 60 anos o mas,2005-12-01,1,2,1,2,3
SAN RAMON,consulta externa,repetidas en personas de 60 anos o mas,2005-12-01,6,3,6,3,9
SAN RAMON,consulta externa,repetidas en personas de 60 anos o mas,2005-12-01,21,22,21,22,43
SANTA ANA,consulta externa,repetidas en personas de 60 anos o mas,2005-12-01,56,97,56,97,153
SANTA CRUZ DE LA SIERRA,consulta externa,repetidas en personas de 60 anos o mas,2005-12-01,3059,4952,3059,4952,8011
SANTA ROSA,consulta externa,repetidas en personas de 60 anos o mas,2005-12-01,4,1,4,1,5
SANTA ROSA DEL SARA,consulta externa,repetidas en personas de 60 anos o mas,2005-12-01,1,4,1,4,5
SANTIAGO DE CALLAPA,consulta externa,repetidas en personas de 60 anos o mas,2005-12-01,1,0,1,0,1
SANTIAGO DE HUARI,consulta externa,repetidas en personas de 60 anos o mas,2005-12-01,3,13,3,13,16
SANTIAGO DE MACHACA,consulta externa,repetidas en personas de 60 anos o mas,2005-12-01,0,2,0,2,2
SANTIVAÑES,consulta externa,repetidas en personas de 60 anos o mas,2005-12-01,6,10,6,10,16
SANTUARIO DE QUILLACAS,consulta externa,repetidas en personas de 60 anos o mas,2005-12-01,0,1,0,1,1
SAPAHAQUI,consulta externa,repetidas en personas de 60 anos o mas,2005-12-01,1,0,1,0,1
SICA SICA (VILLA AROMA),consulta externa,repetidas en personas de 60 anos o mas,2005-12-01,0,4,0,4,4
SICAYA,consulta externa,repetidas en personas de 60 anos o mas,2005-12-01,0,1,0,1,1
SIPE SIPE,consulta externa,repetidas en personas de 60 anos o mas,2005-12-01,7,25,7,25,32
SOPACHUY,consulta externa,repetidas en personas de 60 anos o mas,2005-12-01,0,1,0,1,1
SORATA,consulta externa,repetidas en personas de 60 anos o mas,2005-12-01,11,1,11,1,12
SUCRE,consulta externa,repetidas en personas de 60 anos o mas,2005-12-01,1113,1656,1113,1656,2769
TACACHI,consulta externa,repetidas en personas de 60 anos o mas,2005-12-01,0,9,0,9,9
TACOBAMBA,consulta externa,repetidas en personas de 60 anos o mas,2005-12-01,1,3,1,3,4
TACOPAYA,consulta externa,repetidas en personas de 60 anos o mas,2005-12-01,2,1,2,1,3
TAPACARI,consulta externa,repetidas en personas de 60 anos o mas,2005-12-01,2,3,2,3,5
TARABUCO,consulta externa,repetidas en personas de 60 anos o mas,2005-12-01,16,37,16,37,53
TARACO,consulta externa,repetidas en personas de 60 anos o mas,2005-12-01,1,0,1,0,1
TARATA,consulta externa,repetidas en personas de 60 anos o mas,2005-12-01,3,0,3,0,3
TARIJA,consulta externa,repetidas en personas de 60 anos o mas,2005-12-01,1574,2319,1574,2319,3893
TARVITA,consulta externa,repetidas en personas de 60 anos o mas,2005-12-01,0,1,0,1,1
TEOPONTE,consulta externa,repetidas en personas de 60 anos o mas,2005-12-01,0,7,0,7,7
TIAWANACU,consulta externa,repetidas en personas de 60 anos o mas,2005-12-01,4,10,4,10,14
TIPUANI,consulta externa,repetidas en personas de 60 anos o mas,2005-12-01,1,1,1,1,2
TIQUIPAYA,consulta externa,repetidas en personas de 60 anos o mas,2005-12-01,2,0,2,0,2
TIRAQUE (CBBA),consulta externa,repetidas en personas de 60 anos o mas,2005-12-01,12,13,12,13,25
TITO YUPANQUI (PARQUIPUJIO),consulta externa,repetidas en personas de 60 anos o mas,2005-12-01,1,1,1,1,2
TOCO,consulta externa,repetidas en personas de 60 anos o mas,2005-12-01,0,1,0,1,1
TOLEDO,consulta externa,repetidas en personas de 60 anos o mas,2005-12-01,5,2,5,2,7
TOMAVE,consulta externa,repetidas en personas de 60 anos o mas,2005-12-01,6,2,6,2,8
TOMINA,consulta externa,repetidas en personas de 60 anos o mas,2005-12-01,1,7,1,7,8
TORO TORO,consulta externa,repetidas en personas de 60 anos o mas,2005-12-01,1,0,1,0,1
TOTORA(CBBA),consulta externa,repetidas en personas de 60 anos o mas,2005-12-01,1,1,1,1,2
TRIGAL,consulta externa,repetidas en personas de 60 anos o mas,2005-12-01,0,2,0,2,2
TRINIDAD,consulta externa,repetidas en personas de 60 anos o mas,2005-12-01,145,173,145,173,318
TUPIZA,consulta externa,repetidas en personas de 60 anos o mas,2005-12-01,34,57,34,57,91
TURCO,consulta externa,repetidas en personas de 60 anos o mas,2005-12-01,0,1,0,1,1
UMALA,consulta externa,repetidas en personas de 60 anos o mas,2005-12-01,1,0,1,0,1
UNCIA,consulta externa,repetidas en personas de 60 anos o mas,2005-12-01,29,114,29,114,143
URIONDO (A. CONCEPCION),consulta externa,repetidas en personas de 60 anos o mas,2005-12-01,1,0,1,0,1
UYUNI,consulta externa,repetidas en personas de 60 anos o mas,2005-12-01,45,71,45,71,116
VACAS,consulta externa,repetidas en personas de 60 anos o mas,2005-12-01,10,31,10,31,41
VALLEGRANDE,consulta externa,repetidas en personas de 60 anos o mas,2005-12-01,160,235,160,235,395
VIACHA,consulta externa,repetidas en personas de 60 anos o mas,2005-12-01,56,96,56,96,152
VILA VILA,consulta externa,repetidas en personas de 60 anos o mas,2005-12-01,1,0,1,0,1
VILLA MONTES,consulta externa,repetidas en personas de 60 anos o mas,2005-12-01,72,16,72,16,88
VILLA RIVERO,consulta externa,repetidas en personas de 60 anos o mas,2005-12-01,1,3,1,3,4
VILLA SERRANO,consulta externa,repetidas en personas de 60 anos o mas,2005-12-01,2,2,2,2,4
VILLA TUNARI,consulta externa,repetidas en personas de 60 anos o mas,2005-12-01,29,32,29,32,61
VILLA VACA GUZMAN (MUYUPAMPA),consulta externa,repetidas en personas de 60 anos o mas,2005-12-01,1,9,1,9,10
VILLAZON,consulta externa,repetidas en personas de 60 anos o mas,2005-12-01,22,53,22,53,75
VINTO,consulta externa,repetidas en personas de 60 anos o mas,2005-12-01,14,46,14,46,60
VITICHI,consulta externa,repetidas en personas de 60 anos o mas,2005-12-01,8,14,8,14,22
WALDO BALLIVIAN,consulta externa,repetidas en personas de 60 anos o mas,2005-12-01,0,3,0,3,3
WARNES,consulta externa,repetidas en personas de 60 anos o mas,2005-12-01,2,6,2,6,8
YACUIBA,consulta externa,repetidas en personas de 60 anos o mas,2005-12-01,140,149,140,149,289
YAMPARAEZ,consulta externa,repetidas en personas de 60 anos o mas,2005-12-01,9,11,9,11,20
YANACACHI,consulta externa,repetidas en personas de 60 anos o mas,2005-12-01,2,1,2,1,3
YAPACANI,consulta externa,repetidas en personas de 60 anos o mas,2005-12-01,3,1,3,1,4
YOCALLA,consulta externa,repetidas en personas de 60 anos o mas,2005-12-01,1,2,1,2,3
YOTALA,consulta externa,repetidas en personas de 60 anos o mas,2005-12-01,1,9,1,9,10
ZUDAÑEZ,consulta externa,repetidas en personas de 60 anos o mas,2005-12-01,1,1,1,1,2
