municipality,group,variable,month,Nuevas en personas de 5 a 14 años -Hombre,Nuevas en personas de 5 a 14 años -Mujer,TOTAL-H,TOTAL-M,TOTAL
ACACIO,consulta externa,nuevas en personas de 5 a 14 anos,2006-01-01,11,12,11,12,23
ACHACACHI,consulta externa,nuevas en personas de 5 a 14 anos,2006-01-01,96,80,96,80,176
ACHOCALLA,consulta externa,nuevas en personas de 5 a 14 anos,2006-01-01,16,20,16,20,36
AIQUILE,consulta externa,nuevas en personas de 5 a 14 anos,2006-01-01,102,112,102,112,214
ALALAY,consulta externa,nuevas en personas de 5 a 14 anos,2006-01-01,1,6,1,6,7
ALCALA,consulta externa,nuevas en personas de 5 a 14 anos,2006-01-01,22,18,22,18,40
ANCORAIMES,consulta externa,nuevas en personas de 5 a 14 anos,2006-01-01,16,14,16,14,30
ANDAMARCA,consulta externa,nuevas en personas de 5 a 14 anos,2006-01-01,8,12,8,12,20
ANTEQUERA,consulta externa,nuevas en personas de 5 a 14 anos,2006-01-01,3,9,3,9,12
ANZALDO,consulta externa,nuevas en personas de 5 a 14 anos,2006-01-01,10,13,10,13,23
APOLO,consulta externa,nuevas en personas de 5 a 14 anos,2006-01-01,32,60,32,60,92
ARAMPAMPA,consulta externa,nuevas en personas de 5 a 14 anos,2006-01-01,7,12,7,12,19
ARANI,consulta externa,nuevas en personas de 5 a 14 anos,2006-01-01,9,7,9,7,16
ARBIETO,consulta externa,nuevas en personas de 5 a 14 anos,2006-01-01,12,16,12,16,28
ARQUE,consulta externa,nuevas en personas de 5 a 14 anos,2006-01-01,12,17,12,17,29
ASCENCION DE GUARAYOS,consulta externa,nuevas en personas de 5 a 14 anos,2006-01-01,128,109,128,109,237
ATOCHA,consulta externa,nuevas en personas de 5 a 14 anos,2006-01-01,159,200,159,200,359
AUCAPATA,consulta externa,nuevas en personas de 5 a 14 anos,2006-01-01,21,21,21,21,42
AYATA,consulta externa,nuevas en personas de 5 a 14 anos,2006-01-01,19,15,19,15,34
AYO AYO,consulta externa,nuevas en personas de 5 a 14 anos,2006-01-01,13,12,13,12,25
AYOPAYA (V. DE INDEPENDENCIA),consulta externa,nuevas en personas de 5 a 14 anos,2006-01-01,69,41,69,41,110
AZURDUY,consulta externa,nuevas en personas de 5 a 14 anos,2006-01-01,31,41,31,41,72
BATALLAS,consulta externa,nuevas en personas de 5 a 14 anos,2006-01-01,31,20,31,20,51
BAURES,consulta externa,nuevas en personas de 5 a 14 anos,2006-01-01,22,23,22,23,45
BELEN DE ANDAMARCA,consulta externa,nuevas en personas de 5 a 14 anos,2006-01-01,7,4,7,4,11
BELEN DE URMIRI,consulta externa,nuevas en personas de 5 a 14 anos,2006-01-01,10,13,10,13,23
BELLA FLOR,consulta externa,nuevas en personas de 5 a 14 anos,2006-01-01,67,82,67,82,149
BERMEJO,consulta externa,nuevas en personas de 5 a 14 anos,2006-01-01,224,189,224,189,413
BETANZOS,consulta externa,nuevas en personas de 5 a 14 anos,2006-01-01,117,120,117,120,237
BOLIVAR,consulta externa,nuevas en personas de 5 a 14 anos,2006-01-01,17,9,17,9,26
BOLPEBRA,consulta externa,nuevas en personas de 5 a 14 anos,2006-01-01,24,10,24,10,34
BOYUIBE,consulta externa,nuevas en personas de 5 a 14 anos,2006-01-01,21,18,21,18,39
BUENA VISTA,consulta externa,nuevas en personas de 5 a 14 anos,2006-01-01,122,106,122,106,228
CABEZAS,consulta externa,nuevas en personas de 5 a 14 anos,2006-01-01,116,92,116,92,208
CAIROMA,consulta externa,nuevas en personas de 5 a 14 anos,2006-01-01,38,30,38,30,68
"CAIZA ""D""",consulta externa,nuevas en personas de 5 a 14 anos,2006-01-01,20,15,20,15,35
CAJUATA,consulta externa,nuevas en personas de 5 a 14 anos,2006-01-01,44,56,44,56,100
CALACOTO,consulta externa,nuevas en personas de 5 a 14 anos,2006-01-01,34,22,34,22,56
CALAMARCA,consulta externa,nuevas en personas de 5 a 14 anos,2006-01-01,18,19,18,19,37
CAMARGO,consulta externa,nuevas en personas de 5 a 14 anos,2006-01-01,190,163,190,163,353
CAMATAQUI (C. VILLA ABECIA),consulta externa,nuevas en personas de 5 a 14 anos,2006-01-01,19,15,19,15,34
CAMIRI,consulta externa,nuevas en personas de 5 a 14 anos,2006-01-01,287,386,287,386,673
CAPINOTA,consulta externa,nuevas en personas de 5 a 14 anos,2006-01-01,97,76,97,76,173
CAQUIAVIRI,consulta externa,nuevas en personas de 5 a 14 anos,2006-01-01,18,20,18,20,38
CARACOLLO,consulta externa,nuevas en personas de 5 a 14 anos,2006-01-01,45,34,45,34,79
CARANAVI,consulta externa,nuevas en personas de 5 a 14 anos,2006-01-01,177,160,177,160,337
CARANGAS,consulta externa,nuevas en personas de 5 a 14 anos,2006-01-01,4,2,4,2,6
CARAPARI,consulta externa,nuevas en personas de 5 a 14 anos,2006-01-01,83,56,83,56,139
CARIPUYO,consulta externa,nuevas en personas de 5 a 14 anos,2006-01-01,7,12,7,12,19
CARMEN RIVERO TORREZ,consulta externa,nuevas en personas de 5 a 14 anos,2006-01-01,15,8,15,8,23
CATACORA,consulta externa,nuevas en personas de 5 a 14 anos,2006-01-01,5,1,5,1,6
CHALLAPATA,consulta externa,nuevas en personas de 5 a 14 anos,2006-01-01,84,48,84,48,132
CHAQUI,consulta externa,nuevas en personas de 5 a 14 anos,2006-01-01,11,24,11,24,35
CHARAGUA,consulta externa,nuevas en personas de 5 a 14 anos,2006-01-01,138,115,138,115,253
CHARAÑA,consulta externa,nuevas en personas de 5 a 14 anos,2006-01-01,12,12,12,12,24
CHAYANTA,consulta externa,nuevas en personas de 5 a 14 anos,2006-01-01,29,38,29,38,67
CHIMORE,consulta externa,nuevas en personas de 5 a 14 anos,2006-01-01,55,45,55,45,100
CHIPAYA,consulta externa,nuevas en personas de 5 a 14 anos,2006-01-01,11,10,11,10,21
CHOQUE COTA,consulta externa,nuevas en personas de 5 a 14 anos,2006-01-01,8,8,8,8,16
CHULUMANI (V. DE LA LIBERTAD),consulta externa,nuevas en personas de 5 a 14 anos,2006-01-01,48,49,48,49,97
CHUMA,consulta externa,nuevas en personas de 5 a 14 anos,2006-01-01,40,116,40,116,156
CLIZA,consulta externa,nuevas en personas de 5 a 14 anos,2006-01-01,27,35,27,35,62
COBIJA,consulta externa,nuevas en personas de 5 a 14 anos,2006-01-01,219,229,219,229,448
COCHABAMBA,consulta externa,nuevas en personas de 5 a 14 anos,2006-01-01,3835,4464,3835,4464,8299
COLCAPIRHUA,consulta externa,nuevas en personas de 5 a 14 anos,2006-01-01,215,186,215,186,401
"COLCHA ""K""",consulta externa,nuevas en personas de 5 a 14 anos,2006-01-01,51,39,51,39,90
COLLANA,consulta externa,nuevas en personas de 5 a 14 anos,2006-01-01,6,3,6,3,9
COLOMI,consulta externa,nuevas en personas de 5 a 14 anos,2006-01-01,34,31,34,31,65
COLPA BELGICA,consulta externa,nuevas en personas de 5 a 14 anos,2006-01-01,48,34,48,34,82
COLQUECHACA,consulta externa,nuevas en personas de 5 a 14 anos,2006-01-01,150,149,150,149,299
COLQUENCHA,consulta externa,nuevas en personas de 5 a 14 anos,2006-01-01,9,19,9,19,28
COLQUIRI,consulta externa,nuevas en personas de 5 a 14 anos,2006-01-01,62,50,62,50,112
COMANCHE,consulta externa,nuevas en personas de 5 a 14 anos,2006-01-01,6,5,6,5,11
COMARAPA,consulta externa,nuevas en personas de 5 a 14 anos,2006-01-01,116,129,116,129,245
COMBAYA,consulta externa,nuevas en personas de 5 a 14 anos,2006-01-01,12,3,12,3,15
CONCEPCION,consulta externa,nuevas en personas de 5 a 14 anos,2006-01-01,60,73,60,73,133
COPACABANA,consulta externa,nuevas en personas de 5 a 14 anos,2006-01-01,34,19,34,19,53
CORIPATA,consulta externa,nuevas en personas de 5 a 14 anos,2006-01-01,45,48,45,48,93
CORO CORO,consulta externa,nuevas en personas de 5 a 14 anos,2006-01-01,14,17,14,17,31
COROICO,consulta externa,nuevas en personas de 5 a 14 anos,2006-01-01,73,63,73,63,136
CORQUE,consulta externa,nuevas en personas de 5 a 14 anos,2006-01-01,23,20,23,20,43
COTAGAITA,consulta externa,nuevas en personas de 5 a 14 anos,2006-01-01,164,187,164,187,351
COTOCA,consulta externa,nuevas en personas de 5 a 14 anos,2006-01-01,92,80,92,80,172
CUATRO CAÑADAS,consulta externa,nuevas en personas de 5 a 14 anos,2006-01-01,121,127,121,127,248
CUCHUMUELA (V. G. VILLARROEL),consulta externa,nuevas en personas de 5 a 14 anos,2006-01-01,2,1,2,1,3
CUEVO,consulta externa,nuevas en personas de 5 a 14 anos,2006-01-01,40,36,40,36,76
CULPINA,consulta externa,nuevas en personas de 5 a 14 anos,2006-01-01,67,44,67,44,111
CURAHUARA DE CARANGAS,consulta externa,nuevas en personas de 5 a 14 anos,2006-01-01,13,18,13,18,31
CURVA,consulta externa,nuevas en personas de 5 a 14 anos,2006-01-01,3,5,3,5,8
DESAGUADERO,consulta externa,nuevas en personas de 5 a 14 anos,2006-01-01,10,11,10,11,21
EL ALTO,consulta externa,nuevas en personas de 5 a 14 anos,2006-01-01,3558,3668,3558,3668,7226
EL CHORO,consulta externa,nuevas en personas de 5 a 14 anos,2006-01-01,15,16,15,16,31
EL PUENTE(STC),consulta externa,nuevas en personas de 5 a 14 anos,2006-01-01,36,37,36,37,73
EL PUENTE(TJA),consulta externa,nuevas en personas de 5 a 14 anos,2006-01-01,59,91,59,91,150
EL TORNO,consulta externa,nuevas en personas de 5 a 14 anos,2006-01-01,149,323,149,323,472
EL VILLAR,consulta externa,nuevas en personas de 5 a 14 anos,2006-01-01,21,24,21,24,45
ENTRE RIOS,consulta externa,nuevas en personas de 5 a 14 anos,2006-01-01,78,104,78,104,182
ENTRE RIOS,consulta externa,nuevas en personas de 5 a 14 anos,2006-01-01,83,64,83,64,147
ESCARA,consulta externa,nuevas en personas de 5 a 14 anos,2006-01-01,0,1,0,1,1
ESMERALDA,consulta externa,nuevas en personas de 5 a 14 anos,2006-01-01,1,1,1,1,2
EUCALIPTUS,consulta externa,nuevas en personas de 5 a 14 anos,2006-01-01,8,22,8,22,30
EUREKA (SANTOS MERCADO),consulta externa,nuevas en personas de 5 a 14 anos,2006-01-01,13,20,13,20,33
EXALTACION,consulta externa,nuevas en personas de 5 a 14 anos,2006-01-01,7,8,7,8,15
FERNANDEZ ALONSO,consulta externa,nuevas en personas de 5 a 14 anos,2006-01-01,65,57,65,57,122
FILADELFIA,consulta externa,nuevas en personas de 5 a 14 anos,2006-01-01,76,86,76,86,162
GENERAL SAAVEDRA,consulta externa,nuevas en personas de 5 a 14 anos,2006-01-01,91,104,91,104,195
GRAL. J.J. PEREZ (CHARAZANI),consulta externa,nuevas en personas de 5 a 14 anos,2006-01-01,16,17,16,17,33
GUANAY,consulta externa,nuevas en personas de 5 a 14 anos,2006-01-01,70,58,70,58,128
GUAQUI,consulta externa,nuevas en personas de 5 a 14 anos,2006-01-01,9,9,9,9,18
GUAYARAMERIN,consulta externa,nuevas en personas de 5 a 14 anos,2006-01-01,311,336,311,336,647
GUTIERREZ,consulta externa,nuevas en personas de 5 a 14 anos,2006-01-01,132,118,132,118,250
HUACARETA,consulta externa,nuevas en personas de 5 a 14 anos,2006-01-01,90,80,90,80,170
HUACAYA (VILLA DE HUACAYA),consulta externa,nuevas en personas de 5 a 14 anos,2006-01-01,33,22,33,22,55
HUACHACALLA,consulta externa,nuevas en personas de 5 a 14 anos,2006-01-01,8,7,8,7,15
HUANUNI,consulta externa,nuevas en personas de 5 a 14 anos,2006-01-01,282,283,282,283,565
HUARACAJE,consulta externa,nuevas en personas de 5 a 14 anos,2006-01-01,16,23,16,23,39
HUAYLLAMARCA,consulta externa,nuevas en personas de 5 a 14 anos,2006-01-01,13,17,13,17,30
ICHOCA,consulta externa,nuevas en personas de 5 a 14 anos,2006-01-01,9,10,9,10,19
ICLA,consulta externa,nuevas en personas de 5 a 14 anos,2006-01-01,24,22,24,22,46
INCAHUASI,consulta externa,nuevas en personas de 5 a 14 anos,2006-01-01,59,56,59,56,115
INGAVI (HUMAITA),consulta externa,nuevas en personas de 5 a 14 anos,2006-01-01,14,15,14,15,29
INQUISIVI,consulta externa,nuevas en personas de 5 a 14 anos,2006-01-01,32,33,32,33,65
IRUPANA (VILLA DE LANZA),consulta externa,nuevas en personas de 5 a 14 anos,2006-01-01,63,65,63,65,128
IXIAMAS,consulta externa,nuevas en personas de 5 a 14 anos,2006-01-01,39,50,39,50,89
JESUS DE MACHACA,consulta externa,nuevas en personas de 5 a 14 anos,2006-01-01,24,20,24,20,44
LA ASUNTA,consulta externa,nuevas en personas de 5 a 14 anos,2006-01-01,153,133,153,133,286
LA GUARDIA,consulta externa,nuevas en personas de 5 a 14 anos,2006-01-01,195,166,195,166,361
LA PAZ,consulta externa,nuevas en personas de 5 a 14 anos,2006-01-01,5763,5653,5763,5653,11416
LA RIVERA,consulta externa,nuevas en personas de 5 a 14 anos,2006-01-01,2,1,2,1,3
LAGUNILLAS,consulta externa,nuevas en personas de 5 a 14 anos,2006-01-01,67,66,67,66,133
LAJA,consulta externa,nuevas en personas de 5 a 14 anos,2006-01-01,17,18,17,18,35
LAS CARRERAS,consulta externa,nuevas en personas de 5 a 14 anos,2006-01-01,32,16,32,16,48
LICOMA PAMPA,consulta externa,nuevas en personas de 5 a 14 anos,2006-01-01,12,15,12,15,27
LLALLAGUA,consulta externa,nuevas en personas de 5 a 14 anos,2006-01-01,111,102,111,102,213
LLICA,consulta externa,nuevas en personas de 5 a 14 anos,2006-01-01,15,14,15,14,29
LORETO,consulta externa,nuevas en personas de 5 a 14 anos,2006-01-01,20,12,20,12,32
LURIBAY,consulta externa,nuevas en personas de 5 a 14 anos,2006-01-01,11,19,11,19,30
MACHACAMARCA,consulta externa,nuevas en personas de 5 a 14 anos,2006-01-01,16,18,16,18,34
MACHARETI,consulta externa,nuevas en personas de 5 a 14 anos,2006-01-01,74,94,74,94,168
MAGDALENA,consulta externa,nuevas en personas de 5 a 14 anos,2006-01-01,74,88,74,88,162
MAIRANA,consulta externa,nuevas en personas de 5 a 14 anos,2006-01-01,63,38,63,38,101
MALLA,consulta externa,nuevas en personas de 5 a 14 anos,2006-01-01,48,45,48,45,93
MAPIRI,consulta externa,nuevas en personas de 5 a 14 anos,2006-01-01,34,27,34,27,61
MECAPACA,consulta externa,nuevas en personas de 5 a 14 anos,2006-01-01,50,42,50,42,92
MINEROS,consulta externa,nuevas en personas de 5 a 14 anos,2006-01-01,36,40,36,40,76
MIZQUE,consulta externa,nuevas en personas de 5 a 14 anos,2006-01-01,33,34,33,34,67
MOCOMOCO,consulta externa,nuevas en personas de 5 a 14 anos,2006-01-01,29,22,29,22,51
MOJINETE,consulta externa,nuevas en personas de 5 a 14 anos,2006-01-01,2,3,2,3,5
MOJOCOYA,consulta externa,nuevas en personas de 5 a 14 anos,2006-01-01,33,18,33,18,51
MONTEAGUDO,consulta externa,nuevas en personas de 5 a 14 anos,2006-01-01,281,287,281,287,568
MONTERO,consulta externa,nuevas en personas de 5 a 14 anos,2006-01-01,678,908,678,908,1586
MORO MORO,consulta externa,nuevas en personas de 5 a 14 anos,2006-01-01,17,17,17,17,34
MOROCHATA,consulta externa,nuevas en personas de 5 a 14 anos,2006-01-01,17,20,17,20,37
NACEBE (SANTA ROSA DEL ABUNA),consulta externa,nuevas en personas de 5 a 14 anos,2006-01-01,32,24,32,24,56
NUEVO MANOA (NUEVA ESPERANZA),consulta externa,nuevas en personas de 5 a 14 anos,2006-01-01,30,33,30,33,63
OCURI,consulta externa,nuevas en personas de 5 a 14 anos,2006-01-01,80,94,80,94,174
OKINAWA,consulta externa,nuevas en personas de 5 a 14 anos,2006-01-01,111,121,111,121,232
OMEREQUE,consulta externa,nuevas en personas de 5 a 14 anos,2006-01-01,20,17,20,17,37
ORURO,consulta externa,nuevas en personas de 5 a 14 anos,2006-01-01,2164,2341,2164,2341,4505
PADCAYA,consulta externa,nuevas en personas de 5 a 14 anos,2006-01-01,146,116,146,116,262
PADILLA,consulta externa,nuevas en personas de 5 a 14 anos,2006-01-01,87,68,87,68,155
PAILON,consulta externa,nuevas en personas de 5 a 14 anos,2006-01-01,43,63,43,63,106
PALCA,consulta externa,nuevas en personas de 5 a 14 anos,2006-01-01,28,24,28,24,52
PALOS BLANCOS,consulta externa,nuevas en personas de 5 a 14 anos,2006-01-01,130,108,130,108,238
PAMPA AULLAGAS,consulta externa,nuevas en personas de 5 a 14 anos,2006-01-01,15,4,15,4,19
PAMPA GRANDE,consulta externa,nuevas en personas de 5 a 14 anos,2006-01-01,80,47,80,47,127
PAPEL PAMPA,consulta externa,nuevas en personas de 5 a 14 anos,2006-01-01,6,10,6,10,16
PASORAPA,consulta externa,nuevas en personas de 5 a 14 anos,2006-01-01,3,4,3,4,7
PATACAMAYA,consulta externa,nuevas en personas de 5 a 14 anos,2006-01-01,33,27,33,27,60
PAZÑA,consulta externa,nuevas en personas de 5 a 14 anos,2006-01-01,15,22,15,22,37
PELECHUCO,consulta externa,nuevas en personas de 5 a 14 anos,2006-01-01,30,23,30,23,53
POCOATA,consulta externa,nuevas en personas de 5 a 14 anos,2006-01-01,80,87,80,87,167
POCONA,consulta externa,nuevas en personas de 5 a 14 anos,2006-01-01,27,39,27,39,66
POJO (CBBA),consulta externa,nuevas en personas de 5 a 14 anos,2006-01-01,10,13,10,13,23
POOPO,consulta externa,nuevas en personas de 5 a 14 anos,2006-01-01,18,9,18,9,27
PORCO,consulta externa,nuevas en personas de 5 a 14 anos,2006-01-01,19,26,19,26,45
POROMA,consulta externa,nuevas en personas de 5 a 14 anos,2006-01-01,41,49,41,49,90
PORONGO,consulta externa,nuevas en personas de 5 a 14 anos,2006-01-01,74,67,74,67,141
PORTACHUELO,consulta externa,nuevas en personas de 5 a 14 anos,2006-01-01,142,159,142,159,301
PORVENIR,consulta externa,nuevas en personas de 5 a 14 anos,2006-01-01,41,37,41,37,78
POSTRER VALLE,consulta externa,nuevas en personas de 5 a 14 anos,2006-01-01,10,12,10,12,22
POTOSI,consulta externa,nuevas en personas de 5 a 14 anos,2006-01-01,1404,1242,1404,1242,2646
PRESTO,consulta externa,nuevas en personas de 5 a 14 anos,2006-01-01,51,39,51,39,90
PUCARA,consulta externa,nuevas en personas de 5 a 14 anos,2006-01-01,13,7,13,7,20
PUCARANI,consulta externa,nuevas en personas de 5 a 14 anos,2006-01-01,17,28,17,28,45
PUERTO ACOSTA,consulta externa,nuevas en personas de 5 a 14 anos,2006-01-01,35,34,35,34,69
PUERTO CARABUCO,consulta externa,nuevas en personas de 5 a 14 anos,2006-01-01,34,32,34,32,66
PUERTO GONZALO MORENO,consulta externa,nuevas en personas de 5 a 14 anos,2006-01-01,39,30,39,30,69
PUERTO PEREZ,consulta externa,nuevas en personas de 5 a 14 anos,2006-01-01,24,18,24,18,42
PUERTO QUIJARRO,consulta externa,nuevas en personas de 5 a 14 anos,2006-01-01,106,65,106,65,171
PUERTO RICO,consulta externa,nuevas en personas de 5 a 14 anos,2006-01-01,55,62,55,62,117
PUERTO SILES,consulta externa,nuevas en personas de 5 a 14 anos,2006-01-01,1,2,1,2,3
PUERTO SUAREZ,consulta externa,nuevas en personas de 5 a 14 anos,2006-01-01,117,140,117,140,257
PUERTO VILLARROEL,consulta externa,nuevas en personas de 5 a 14 anos,2006-01-01,220,167,220,167,387
PUNA,consulta externa,nuevas en personas de 5 a 14 anos,2006-01-01,80,74,80,74,154
PUNATA,consulta externa,nuevas en personas de 5 a 14 anos,2006-01-01,128,113,128,113,241
QUIABAYA,consulta externa,nuevas en personas de 5 a 14 anos,2006-01-01,2,4,2,4,6
QUILLACOLLO,consulta externa,nuevas en personas de 5 a 14 anos,2006-01-01,124,302,124,302,426
QUIME,consulta externa,nuevas en personas de 5 a 14 anos,2006-01-01,20,26,20,26,46
QUIRUSILLAS,consulta externa,nuevas en personas de 5 a 14 anos,2006-01-01,8,6,8,6,14
RAVELO,consulta externa,nuevas en personas de 5 a 14 anos,2006-01-01,26,34,26,34,60
REYES,consulta externa,nuevas en personas de 5 a 14 anos,2006-01-01,54,44,54,44,98
RIBERALTA,consulta externa,nuevas en personas de 5 a 14 anos,2006-01-01,390,346,390,346,736
ROBORE,consulta externa,nuevas en personas de 5 a 14 anos,2006-01-01,128,103,128,103,231
RURRENABAQUE,consulta externa,nuevas en personas de 5 a 14 anos,2006-01-01,72,82,72,82,154
SABAYA,consulta externa,nuevas en personas de 5 a 14 anos,2006-01-01,5,5,5,5,10
SACABA,consulta externa,nuevas en personas de 5 a 14 anos,2006-01-01,183,194,183,194,377
SACABAMBA,consulta externa,nuevas en personas de 5 a 14 anos,2006-01-01,7,6,7,6,13
SACACA,consulta externa,nuevas en personas de 5 a 14 anos,2006-01-01,38,32,38,32,70
SAIPINA,consulta externa,nuevas en personas de 5 a 14 anos,2006-01-01,64,70,64,70,134
SALINAS DE GARCI MENDOZA,consulta externa,nuevas en personas de 5 a 14 anos,2006-01-01,36,42,36,42,78
SAMAIPATA,consulta externa,nuevas en personas de 5 a 14 anos,2006-01-01,48,34,48,34,82
SAN AGUSTIN,consulta externa,nuevas en personas de 5 a 14 anos,2006-01-01,6,8,6,8,14
SAN ANDRES,consulta externa,nuevas en personas de 5 a 14 anos,2006-01-01,70,78,70,78,148
SAN ANDRES DE MACHACA,consulta externa,nuevas en personas de 5 a 14 anos,2006-01-01,9,9,9,9,18
SAN ANTONIO DE ESMORUCO,consulta externa,nuevas en personas de 5 a 14 anos,2006-01-01,9,8,9,8,17
SAN ANTONIO DE LOMERIO,consulta externa,nuevas en personas de 5 a 14 anos,2006-01-01,23,14,23,14,37
SAN BENITO,consulta externa,nuevas en personas de 5 a 14 anos,2006-01-01,32,44,32,44,76
SAN BORJA,consulta externa,nuevas en personas de 5 a 14 anos,2006-01-01,98,101,98,101,199
SAN BUENA VENTURA,consulta externa,nuevas en personas de 5 a 14 anos,2006-01-01,34,34,34,34,68
SAN CARLOS,consulta externa,nuevas en personas de 5 a 14 anos,2006-01-01,102,154,102,154,256
SAN IGNACIO,consulta externa,nuevas en personas de 5 a 14 anos,2006-01-01,174,131,174,131,305
SAN IGNACIO DE VELASCO,consulta externa,nuevas en personas de 5 a 14 anos,2006-01-01,439,357,439,357,796
SAN JAVIER(BNI),consulta externa,nuevas en personas de 5 a 14 anos,2006-01-01,18,21,18,21,39
SAN JAVIER(STC),consulta externa,nuevas en personas de 5 a 14 anos,2006-01-01,46,62,46,62,108
SAN JOAQUIN,consulta externa,nuevas en personas de 5 a 14 anos,2006-01-01,8,23,8,23,31
SAN JOSE DE CHIQUITOS,consulta externa,nuevas en personas de 5 a 14 anos,2006-01-01,119,130,119,130,249
SAN JUAN DE YAPACANI,consulta externa,nuevas en personas de 5 a 14 anos,2006-01-01,58,38,58,38,96
SAN JULIAN,consulta externa,nuevas en personas de 5 a 14 anos,2006-01-01,206,192,206,192,398
SAN LORENZO(PND),consulta externa,nuevas en personas de 5 a 14 anos,2006-01-01,21,30,21,30,51
SAN LORENZO(TJA),consulta externa,nuevas en personas de 5 a 14 anos,2006-01-01,131,144,131,144,275
SAN LUCAS,consulta externa,nuevas en personas de 5 a 14 anos,2006-01-01,127,161,127,161,288
SAN MATIAS,consulta externa,nuevas en personas de 5 a 14 anos,2006-01-01,30,38,30,38,68
SAN MIGUEL DE VELASCO,consulta externa,nuevas en personas de 5 a 14 anos,2006-01-01,49,70,49,70,119
SAN PABLO DE LIPEZ,consulta externa,nuevas en personas de 5 a 14 anos,2006-01-01,27,27,27,27,54
SAN PEDRO,consulta externa,nuevas en personas de 5 a 14 anos,2006-01-01,207,203,207,203,410
SAN PEDRO DE BUENA VISTA,consulta externa,nuevas en personas de 5 a 14 anos,2006-01-01,30,42,30,42,72
SAN PEDRO DE CURAHUARA,consulta externa,nuevas en personas de 5 a 14 anos,2006-01-01,25,19,25,19,44
SAN PEDRO DE QUEMES,consulta externa,nuevas en personas de 5 a 14 anos,2006-01-01,2,0,2,0,2
SAN PEDRO DE TIQUINA,consulta externa,nuevas en personas de 5 a 14 anos,2006-01-01,20,8,20,8,28
SAN PEDRO(PND),consulta externa,nuevas en personas de 5 a 14 anos,2006-01-01,14,14,14,14,28
SAN RAFAEL,consulta externa,nuevas en personas de 5 a 14 anos,2006-01-01,27,29,27,29,56
SAN RAMON,consulta externa,nuevas en personas de 5 a 14 anos,2006-01-01,35,37,35,37,72
SAN RAMON,consulta externa,nuevas en personas de 5 a 14 anos,2006-01-01,61,48,61,48,109
SANTA ANA,consulta externa,nuevas en personas de 5 a 14 anos,2006-01-01,57,56,57,56,113
SANTA CRUZ DE LA SIERRA,consulta externa,nuevas en personas de 5 a 14 anos,2006-01-01,9927,11201,9927,11201,21128
SANTA ROSA,consulta externa,nuevas en personas de 5 a 14 anos,2006-01-01,32,15,32,15,47
SANTA ROSA DEL SARA,consulta externa,nuevas en personas de 5 a 14 anos,2006-01-01,144,134,144,134,278
SANTIAGO DE CALLAPA,consulta externa,nuevas en personas de 5 a 14 anos,2006-01-01,9,10,9,10,19
SANTIAGO DE HUARI,consulta externa,nuevas en personas de 5 a 14 anos,2006-01-01,10,17,10,17,27
SANTIAGO DE MACHACA,consulta externa,nuevas en personas de 5 a 14 anos,2006-01-01,5,2,5,2,7
SANTIVAÑES,consulta externa,nuevas en personas de 5 a 14 anos,2006-01-01,24,43,24,43,67
SANTUARIO DE QUILLACAS,consulta externa,nuevas en personas de 5 a 14 anos,2006-01-01,11,4,11,4,15
SAPAHAQUI,consulta externa,nuevas en personas de 5 a 14 anos,2006-01-01,44,41,44,41,85
SENA,consulta externa,nuevas en personas de 5 a 14 anos,2006-01-01,104,113,104,113,217
SICA SICA (VILLA AROMA),consulta externa,nuevas en personas de 5 a 14 anos,2006-01-01,41,31,41,31,72
SICAYA,consulta externa,nuevas en personas de 5 a 14 anos,2006-01-01,4,3,4,3,7
SIPE SIPE,consulta externa,nuevas en personas de 5 a 14 anos,2006-01-01,69,74,69,74,143
SOPACHUY,consulta externa,nuevas en personas de 5 a 14 anos,2006-01-01,45,29,45,29,74
SORACACHI,consulta externa,nuevas en personas de 5 a 14 anos,2006-01-01,19,18,19,18,37
SORATA,consulta externa,nuevas en personas de 5 a 14 anos,2006-01-01,39,37,39,37,76
SUCRE,consulta externa,nuevas en personas de 5 a 14 anos,2006-01-01,2388,2380,2388,2380,4768
TACACHI,consulta externa,nuevas en personas de 5 a 14 anos,2006-01-01,2,5,2,5,7
TACACOMA,consulta externa,nuevas en personas de 5 a 14 anos,2006-01-01,8,9,8,9,17
TACOBAMBA,consulta externa,nuevas en personas de 5 a 14 anos,2006-01-01,15,13,15,13,28
TACOPAYA,consulta externa,nuevas en personas de 5 a 14 anos,2006-01-01,10,9,10,9,19
TAHUA,consulta externa,nuevas en personas de 5 a 14 anos,2006-01-01,11,10,11,10,21
TAPACARI,consulta externa,nuevas en personas de 5 a 14 anos,2006-01-01,42,38,42,38,80
TARABUCO,consulta externa,nuevas en personas de 5 a 14 anos,2006-01-01,43,32,43,32,75
TARACO,consulta externa,nuevas en personas de 5 a 14 anos,2006-01-01,8,14,8,14,22
TARATA,consulta externa,nuevas en personas de 5 a 14 anos,2006-01-01,24,10,24,10,34
TARIJA,consulta externa,nuevas en personas de 5 a 14 anos,2006-01-01,1793,1801,1793,1801,3594
TARVITA,consulta externa,nuevas en personas de 5 a 14 anos,2006-01-01,55,73,55,73,128
TEOPONTE,consulta externa,nuevas en personas de 5 a 14 anos,2006-01-01,35,34,35,34,69
TIAWANACU,consulta externa,nuevas en personas de 5 a 14 anos,2006-01-01,26,16,26,16,42
TINGUIPAYA,consulta externa,nuevas en personas de 5 a 14 anos,2006-01-01,48,43,48,43,91
TIPUANI,consulta externa,nuevas en personas de 5 a 14 anos,2006-01-01,17,19,17,19,36
TIQUIPAYA,consulta externa,nuevas en personas de 5 a 14 anos,2006-01-01,57,52,57,52,109
TIRAQUE (CBBA),consulta externa,nuevas en personas de 5 a 14 anos,2006-01-01,215,218,215,218,433
TITO YUPANQUI (PARQUIPUJIO),consulta externa,nuevas en personas de 5 a 14 anos,2006-01-01,7,9,7,9,16
TOCO,consulta externa,nuevas en personas de 5 a 14 anos,2006-01-01,5,6,5,6,11
TODOS SANTOS,consulta externa,nuevas en personas de 5 a 14 anos,2006-01-01,4,3,4,3,7
TOLATA,consulta externa,nuevas en personas de 5 a 14 anos,2006-01-01,10,12,10,12,22
TOLEDO,consulta externa,nuevas en personas de 5 a 14 anos,2006-01-01,31,33,31,33,64
TOMAVE,consulta externa,nuevas en personas de 5 a 14 anos,2006-01-01,53,65,53,65,118
TOMINA,consulta externa,nuevas en personas de 5 a 14 anos,2006-01-01,59,59,59,59,118
TORO TORO,consulta externa,nuevas en personas de 5 a 14 anos,2006-01-01,23,30,23,30,53
TOTORA(CBBA),consulta externa,nuevas en personas de 5 a 14 anos,2006-01-01,28,15,28,15,43
TOTORA(ORR),consulta externa,nuevas en personas de 5 a 14 anos,2006-01-01,11,12,11,12,23
TRIGAL,consulta externa,nuevas en personas de 5 a 14 anos,2006-01-01,13,16,13,16,29
TRINIDAD,consulta externa,nuevas en personas de 5 a 14 anos,2006-01-01,889,849,889,849,1738
TUPIZA,consulta externa,nuevas en personas de 5 a 14 anos,2006-01-01,501,641,501,641,1142
TURCO,consulta externa,nuevas en personas de 5 a 14 anos,2006-01-01,21,24,21,24,45
UMALA,consulta externa,nuevas en personas de 5 a 14 anos,2006-01-01,1,3,1,3,4
UNCIA,consulta externa,nuevas en personas de 5 a 14 anos,2006-01-01,150,190,150,190,340
URIONDO (A. CONCEPCION),consulta externa,nuevas en personas de 5 a 14 anos,2006-01-01,102,95,102,95,197
URUBICHA,consulta externa,nuevas en personas de 5 a 14 anos,2006-01-01,45,48,45,48,93
UYUNI,consulta externa,nuevas en personas de 5 a 14 anos,2006-01-01,89,100,89,100,189
VACAS,consulta externa,nuevas en personas de 5 a 14 anos,2006-01-01,24,35,24,35,59
VALLEGRANDE,consulta externa,nuevas en personas de 5 a 14 anos,2006-01-01,131,119,131,119,250
VIACHA,consulta externa,nuevas en personas de 5 a 14 anos,2006-01-01,152,109,152,109,261
VILA VILA,consulta externa,nuevas en personas de 5 a 14 anos,2006-01-01,7,2,7,2,9
VILLA MONTES,consulta externa,nuevas en personas de 5 a 14 anos,2006-01-01,162,184,162,184,346
VILLA NUEVA (LOMA ALTA),consulta externa,nuevas en personas de 5 a 14 anos,2006-01-01,17,16,17,16,33
VILLA RIVERO,consulta externa,nuevas en personas de 5 a 14 anos,2006-01-01,12,13,12,13,25
VILLA SERRANO,consulta externa,nuevas en personas de 5 a 14 anos,2006-01-01,29,43,29,43,72
VILLA TUNARI,consulta externa,nuevas en personas de 5 a 14 anos,2006-01-01,254,212,254,212,466
VILLA VACA GUZMAN (MUYUPAMPA),consulta externa,nuevas en personas de 5 a 14 anos,2006-01-01,132,117,132,117,249
VILLAZON,consulta externa,nuevas en personas de 5 a 14 anos,2006-01-01,211,197,211,197,408
VINTO,consulta externa,nuevas en personas de 5 a 14 anos,2006-01-01,66,93,66,93,159
VITICHI,consulta externa,nuevas en personas de 5 a 14 anos,2006-01-01,55,41,55,41,96
WALDO BALLIVIAN,consulta externa,nuevas en personas de 5 a 14 anos,2006-01-01,1,1,1,1,2
WARNES,consulta externa,nuevas en personas de 5 a 14 anos,2006-01-01,284,304,284,304,588
YACO,consulta externa,nuevas en personas de 5 a 14 anos,2006-01-01,14,18,14,18,32
YACUIBA,consulta externa,nuevas en personas de 5 a 14 anos,2006-01-01,768,849,768,849,1617
YAMPARAEZ,consulta externa,nuevas en personas de 5 a 14 anos,2006-01-01,28,23,28,23,51
YANACACHI,consulta externa,nuevas en personas de 5 a 14 anos,2006-01-01,33,30,33,30,63
YAPACANI,consulta externa,nuevas en personas de 5 a 14 anos,2006-01-01,150,131,150,131,281
YOCALLA,consulta externa,nuevas en personas de 5 a 14 anos,2006-01-01,18,13,18,13,31
YOTALA,consulta externa,nuevas en personas de 5 a 14 anos,2006-01-01,28,41,28,41,69
YUNCHARA,consulta externa,nuevas en personas de 5 a 14 anos,2006-01-01,5,13,5,13,18
ZUDAÑEZ,consulta externa,nuevas en personas de 5 a 14 anos,2006-01-01,24,26,24,26,50
ACACIO,consulta externa,nuevas en personas de 5 a 14 anos,2006-02-01,28,21,28,21,49
ACHACACHI,consulta externa,nuevas en personas de 5 a 14 anos,2006-02-01,99,88,99,88,187
ACHOCALLA,consulta externa,nuevas en personas de 5 a 14 anos,2006-02-01,14,17,14,17,31
AIQUILE,consulta externa,nuevas en personas de 5 a 14 anos,2006-02-01,83,55,83,55,138
ALALAY,consulta externa,nuevas en personas de 5 a 14 anos,2006-02-01,8,2,8,2,10
ALCALA,consulta externa,nuevas en personas de 5 a 14 anos,2006-02-01,33,29,33,29,62
ANCORAIMES,consulta externa,nuevas en personas de 5 a 14 anos,2006-02-01,18,19,18,19,37
ANDAMARCA,consulta externa,nuevas en personas de 5 a 14 anos,2006-02-01,56,47,56,47,103
ANTEQUERA,consulta externa,nuevas en personas de 5 a 14 anos,2006-02-01,9,12,9,12,21
ANZALDO,consulta externa,nuevas en personas de 5 a 14 anos,2006-02-01,18,18,18,18,36
APOLO,consulta externa,nuevas en personas de 5 a 14 anos,2006-02-01,45,58,45,58,103
ARAMPAMPA,consulta externa,nuevas en personas de 5 a 14 anos,2006-02-01,14,11,14,11,25
ARANI,consulta externa,nuevas en personas de 5 a 14 anos,2006-02-01,14,14,14,14,28
ARBIETO,consulta externa,nuevas en personas de 5 a 14 anos,2006-02-01,23,16,23,16,39
ARQUE,consulta externa,nuevas en personas de 5 a 14 anos,2006-02-01,17,17,17,17,34
ASCENCION DE GUARAYOS,consulta externa,nuevas en personas de 5 a 14 anos,2006-02-01,191,164,191,164,355
ATOCHA,consulta externa,nuevas en personas de 5 a 14 anos,2006-02-01,154,184,154,184,338
AUCAPATA,consulta externa,nuevas en personas de 5 a 14 anos,2006-02-01,39,36,39,36,75
AYATA,consulta externa,nuevas en personas de 5 a 14 anos,2006-02-01,17,19,17,19,36
AYO AYO,consulta externa,nuevas en personas de 5 a 14 anos,2006-02-01,16,12,16,12,28
AYOPAYA (V. DE INDEPENDENCIA),consulta externa,nuevas en personas de 5 a 14 anos,2006-02-01,64,60,64,60,124
AZURDUY,consulta externa,nuevas en personas de 5 a 14 anos,2006-02-01,55,44,55,44,99
BATALLAS,consulta externa,nuevas en personas de 5 a 14 anos,2006-02-01,19,26,19,26,45
BAURES,consulta externa,nuevas en personas de 5 a 14 anos,2006-02-01,66,47,66,47,113
BELEN DE ANDAMARCA,consulta externa,nuevas en personas de 5 a 14 anos,2006-02-01,1,3,1,3,4
BELEN DE URMIRI,consulta externa,nuevas en personas de 5 a 14 anos,2006-02-01,14,20,14,20,34
BELLA FLOR,consulta externa,nuevas en personas de 5 a 14 anos,2006-02-01,21,31,21,31,52
BERMEJO,consulta externa,nuevas en personas de 5 a 14 anos,2006-02-01,369,282,369,282,651
BETANZOS,consulta externa,nuevas en personas de 5 a 14 anos,2006-02-01,129,124,129,124,253
BOLIVAR,consulta externa,nuevas en personas de 5 a 14 anos,2006-02-01,25,29,25,29,54
BOLPEBRA,consulta externa,nuevas en personas de 5 a 14 anos,2006-02-01,22,27,22,27,49
BOYUIBE,consulta externa,nuevas en personas de 5 a 14 anos,2006-02-01,50,52,50,52,102
BUENA VISTA,consulta externa,nuevas en personas de 5 a 14 anos,2006-02-01,143,119,143,119,262
CABEZAS,consulta externa,nuevas en personas de 5 a 14 anos,2006-02-01,124,118,124,118,242
CAIROMA,consulta externa,nuevas en personas de 5 a 14 anos,2006-02-01,37,36,37,36,73
"CAIZA ""D""",consulta externa,nuevas en personas de 5 a 14 anos,2006-02-01,47,27,47,27,74
CAJUATA,consulta externa,nuevas en personas de 5 a 14 anos,2006-02-01,35,32,35,32,67
CALACOTO,consulta externa,nuevas en personas de 5 a 14 anos,2006-02-01,24,19,24,19,43
CALAMARCA,consulta externa,nuevas en personas de 5 a 14 anos,2006-02-01,17,18,17,18,35
CAMARGO,consulta externa,nuevas en personas de 5 a 14 anos,2006-02-01,213,198,213,198,411
CAMATAQUI (C. VILLA ABECIA),consulta externa,nuevas en personas de 5 a 14 anos,2006-02-01,14,17,14,17,31
CAMIRI,consulta externa,nuevas en personas de 5 a 14 anos,2006-02-01,300,348,300,348,648
CAPINOTA,consulta externa,nuevas en personas de 5 a 14 anos,2006-02-01,104,114,104,114,218
CAQUIAVIRI,consulta externa,nuevas en personas de 5 a 14 anos,2006-02-01,15,17,15,17,32
CARACOLLO,consulta externa,nuevas en personas de 5 a 14 anos,2006-02-01,25,31,25,31,56
CARANAVI,consulta externa,nuevas en personas de 5 a 14 anos,2006-02-01,261,203,261,203,464
CARANGAS,consulta externa,nuevas en personas de 5 a 14 anos,2006-02-01,0,1,0,1,1
CARAPARI,consulta externa,nuevas en personas de 5 a 14 anos,2006-02-01,81,70,81,70,151
CARIPUYO,consulta externa,nuevas en personas de 5 a 14 anos,2006-02-01,11,7,11,7,18
CARMEN RIVERO TORREZ,consulta externa,nuevas en personas de 5 a 14 anos,2006-02-01,4,6,4,6,10
CATACORA,consulta externa,nuevas en personas de 5 a 14 anos,2006-02-01,3,2,3,2,5
CHACARILLA,consulta externa,nuevas en personas de 5 a 14 anos,2006-02-01,10,6,10,6,16
CHALLAPATA,consulta externa,nuevas en personas de 5 a 14 anos,2006-02-01,119,142,119,142,261
CHAQUI,consulta externa,nuevas en personas de 5 a 14 anos,2006-02-01,8,9,8,9,17
CHARAGUA,consulta externa,nuevas en personas de 5 a 14 anos,2006-02-01,99,99,99,99,198
CHARAÑA,consulta externa,nuevas en personas de 5 a 14 anos,2006-02-01,11,16,11,16,27
CHAYANTA,consulta externa,nuevas en personas de 5 a 14 anos,2006-02-01,63,65,63,65,128
CHIMORE,consulta externa,nuevas en personas de 5 a 14 anos,2006-02-01,49,44,49,44,93
CHIPAYA,consulta externa,nuevas en personas de 5 a 14 anos,2006-02-01,8,11,8,11,19
CHOQUE COTA,consulta externa,nuevas en personas de 5 a 14 anos,2006-02-01,1,2,1,2,3
CHULUMANI (V. DE LA LIBERTAD),consulta externa,nuevas en personas de 5 a 14 anos,2006-02-01,71,57,71,57,128
CHUMA,consulta externa,nuevas en personas de 5 a 14 anos,2006-02-01,36,36,36,36,72
CLIZA,consulta externa,nuevas en personas de 5 a 14 anos,2006-02-01,28,41,28,41,69
COBIJA,consulta externa,nuevas en personas de 5 a 14 anos,2006-02-01,186,180,186,180,366
COCHABAMBA,consulta externa,nuevas en personas de 5 a 14 anos,2006-02-01,3752,3742,3752,3742,7494
COIPASA,consulta externa,nuevas en personas de 5 a 14 anos,2006-02-01,1,1,1,1,2
COLCAPIRHUA,consulta externa,nuevas en personas de 5 a 14 anos,2006-02-01,152,131,152,131,283
"COLCHA ""K""",consulta externa,nuevas en personas de 5 a 14 anos,2006-02-01,53,39,53,39,92
COLLANA,consulta externa,nuevas en personas de 5 a 14 anos,2006-02-01,4,6,4,6,10
COLOMI,consulta externa,nuevas en personas de 5 a 14 anos,2006-02-01,47,31,47,31,78
COLPA BELGICA,consulta externa,nuevas en personas de 5 a 14 anos,2006-02-01,95,121,95,121,216
COLQUECHACA,consulta externa,nuevas en personas de 5 a 14 anos,2006-02-01,167,135,167,135,302
COLQUENCHA,consulta externa,nuevas en personas de 5 a 14 anos,2006-02-01,22,24,22,24,46
COLQUIRI,consulta externa,nuevas en personas de 5 a 14 anos,2006-02-01,79,49,79,49,128
COMANCHE,consulta externa,nuevas en personas de 5 a 14 anos,2006-02-01,12,8,12,8,20
COMARAPA,consulta externa,nuevas en personas de 5 a 14 anos,2006-02-01,87,83,87,83,170
COMBAYA,consulta externa,nuevas en personas de 5 a 14 anos,2006-02-01,2,0,2,0,2
CONCEPCION,consulta externa,nuevas en personas de 5 a 14 anos,2006-02-01,27,41,27,41,68
COPACABANA,consulta externa,nuevas en personas de 5 a 14 anos,2006-02-01,28,23,28,23,51
CORIPATA,consulta externa,nuevas en personas de 5 a 14 anos,2006-02-01,31,49,31,49,80
CORO CORO,consulta externa,nuevas en personas de 5 a 14 anos,2006-02-01,26,27,26,27,53
COROICO,consulta externa,nuevas en personas de 5 a 14 anos,2006-02-01,87,67,87,67,154
CORQUE,consulta externa,nuevas en personas de 5 a 14 anos,2006-02-01,20,25,20,25,45
COTAGAITA,consulta externa,nuevas en personas de 5 a 14 anos,2006-02-01,143,197,143,197,340
COTOCA,consulta externa,nuevas en personas de 5 a 14 anos,2006-02-01,27,51,27,51,78
CUATRO CAÑADAS,consulta externa,nuevas en personas de 5 a 14 anos,2006-02-01,151,127,151,127,278
CUCHUMUELA (V. G. VILLARROEL),consulta externa,nuevas en personas de 5 a 14 anos,2006-02-01,7,4,7,4,11
CUEVO,consulta externa,nuevas en personas de 5 a 14 anos,2006-02-01,32,38,32,38,70
CULPINA,consulta externa,nuevas en personas de 5 a 14 anos,2006-02-01,50,35,50,35,85
CURAHUARA DE CARANGAS,consulta externa,nuevas en personas de 5 a 14 anos,2006-02-01,66,81,66,81,147
CURVA,consulta externa,nuevas en personas de 5 a 14 anos,2006-02-01,2,5,2,5,7
DESAGUADERO,consulta externa,nuevas en personas de 5 a 14 anos,2006-02-01,10,20,10,20,30
EL ALTO,consulta externa,nuevas en personas de 5 a 14 anos,2006-02-01,3464,3511,3464,3511,6975
EL CHORO,consulta externa,nuevas en personas de 5 a 14 anos,2006-02-01,25,18,25,18,43
EL PUENTE(STC),consulta externa,nuevas en personas de 5 a 14 anos,2006-02-01,277,248,277,248,525
EL PUENTE(TJA),consulta externa,nuevas en personas de 5 a 14 anos,2006-02-01,32,36,32,36,68
EL TORNO,consulta externa,nuevas en personas de 5 a 14 anos,2006-02-01,175,175,175,175,350
EL VILLAR,consulta externa,nuevas en personas de 5 a 14 anos,2006-02-01,16,29,16,29,45
ENTRE RIOS,consulta externa,nuevas en personas de 5 a 14 anos,2006-02-01,127,132,127,132,259
ENTRE RIOS,consulta externa,nuevas en personas de 5 a 14 anos,2006-02-01,77,55,77,55,132
ESCARA,consulta externa,nuevas en personas de 5 a 14 anos,2006-02-01,1,0,1,0,1
ESMERALDA,consulta externa,nuevas en personas de 5 a 14 anos,2006-02-01,1,0,1,0,1
EUCALIPTUS,consulta externa,nuevas en personas de 5 a 14 anos,2006-02-01,17,17,17,17,34
EUREKA (SANTOS MERCADO),consulta externa,nuevas en personas de 5 a 14 anos,2006-02-01,7,8,7,8,15
EXALTACION,consulta externa,nuevas en personas de 5 a 14 anos,2006-02-01,19,21,19,21,40
FERNANDEZ ALONSO,consulta externa,nuevas en personas de 5 a 14 anos,2006-02-01,54,52,54,52,106
FILADELFIA,consulta externa,nuevas en personas de 5 a 14 anos,2006-02-01,67,78,67,78,145
GENERAL SAAVEDRA,consulta externa,nuevas en personas de 5 a 14 anos,2006-02-01,69,57,69,57,126
GRAL. J.J. PEREZ (CHARAZANI),consulta externa,nuevas en personas de 5 a 14 anos,2006-02-01,28,36,28,36,64
GUANAY,consulta externa,nuevas en personas de 5 a 14 anos,2006-02-01,51,46,51,46,97
GUAQUI,consulta externa,nuevas en personas de 5 a 14 anos,2006-02-01,11,12,11,12,23
GUAYARAMERIN,consulta externa,nuevas en personas de 5 a 14 anos,2006-02-01,181,211,181,211,392
GUTIERREZ,consulta externa,nuevas en personas de 5 a 14 anos,2006-02-01,102,130,102,130,232
HUACARETA,consulta externa,nuevas en personas de 5 a 14 anos,2006-02-01,65,64,65,64,129
HUACAYA (VILLA DE HUACAYA),consulta externa,nuevas en personas de 5 a 14 anos,2006-02-01,20,11,20,11,31
HUACHACALLA,consulta externa,nuevas en personas de 5 a 14 anos,2006-02-01,1,4,1,4,5
HUANUNI,consulta externa,nuevas en personas de 5 a 14 anos,2006-02-01,251,264,251,264,515
HUARACAJE,consulta externa,nuevas en personas de 5 a 14 anos,2006-02-01,60,43,60,43,103
HUAYLLAMARCA,consulta externa,nuevas en personas de 5 a 14 anos,2006-02-01,8,8,8,8,16
ICHOCA,consulta externa,nuevas en personas de 5 a 14 anos,2006-02-01,18,10,18,10,28
ICLA,consulta externa,nuevas en personas de 5 a 14 anos,2006-02-01,35,39,35,39,74
INCAHUASI,consulta externa,nuevas en personas de 5 a 14 anos,2006-02-01,99,112,99,112,211
INGAVI (HUMAITA),consulta externa,nuevas en personas de 5 a 14 anos,2006-02-01,19,27,19,27,46
INQUISIVI,consulta externa,nuevas en personas de 5 a 14 anos,2006-02-01,33,52,33,52,85
IRUPANA (VILLA DE LANZA),consulta externa,nuevas en personas de 5 a 14 anos,2006-02-01,62,50,62,50,112
IXIAMAS,consulta externa,nuevas en personas de 5 a 14 anos,2006-02-01,87,86,87,86,173
JESUS DE MACHACA,consulta externa,nuevas en personas de 5 a 14 anos,2006-02-01,27,36,27,36,63
LA ASUNTA,consulta externa,nuevas en personas de 5 a 14 anos,2006-02-01,70,95,70,95,165
LA GUARDIA,consulta externa,nuevas en personas de 5 a 14 anos,2006-02-01,138,148,138,148,286
LA PAZ,consulta externa,nuevas en personas de 5 a 14 anos,2006-02-01,4769,4759,4769,4759,9528
LAGUNILLAS,consulta externa,nuevas en personas de 5 a 14 anos,2006-02-01,74,60,74,60,134
LAJA,consulta externa,nuevas en personas de 5 a 14 anos,2006-02-01,22,10,22,10,32
LAS CARRERAS,consulta externa,nuevas en personas de 5 a 14 anos,2006-02-01,21,18,21,18,39
LICOMA PAMPA,consulta externa,nuevas en personas de 5 a 14 anos,2006-02-01,43,37,43,37,80
LLALLAGUA,consulta externa,nuevas en personas de 5 a 14 anos,2006-02-01,94,79,94,79,173
LLICA,consulta externa,nuevas en personas de 5 a 14 anos,2006-02-01,20,11,20,11,31
LORETO,consulta externa,nuevas en personas de 5 a 14 anos,2006-02-01,44,49,44,49,93
LURIBAY,consulta externa,nuevas en personas de 5 a 14 anos,2006-02-01,28,15,28,15,43
MACHACAMARCA,consulta externa,nuevas en personas de 5 a 14 anos,2006-02-01,22,15,22,15,37
MACHARETI,consulta externa,nuevas en personas de 5 a 14 anos,2006-02-01,98,103,98,103,201
MAGDALENA,consulta externa,nuevas en personas de 5 a 14 anos,2006-02-01,66,59,66,59,125
MAIRANA,consulta externa,nuevas en personas de 5 a 14 anos,2006-02-01,43,32,43,32,75
MALLA,consulta externa,nuevas en personas de 5 a 14 anos,2006-02-01,45,43,45,43,88
MAPIRI,consulta externa,nuevas en personas de 5 a 14 anos,2006-02-01,69,50,69,50,119
MECAPACA,consulta externa,nuevas en personas de 5 a 14 anos,2006-02-01,188,134,188,134,322
MINEROS,consulta externa,nuevas en personas de 5 a 14 anos,2006-02-01,25,21,25,21,46
MIZQUE,consulta externa,nuevas en personas de 5 a 14 anos,2006-02-01,94,66,94,66,160
MOCOMOCO,consulta externa,nuevas en personas de 5 a 14 anos,2006-02-01,56,53,56,53,109
MOJINETE,consulta externa,nuevas en personas de 5 a 14 anos,2006-02-01,5,14,5,14,19
MOJOCOYA,consulta externa,nuevas en personas de 5 a 14 anos,2006-02-01,27,30,27,30,57
MONTEAGUDO,consulta externa,nuevas en personas de 5 a 14 anos,2006-02-01,273,303,273,303,576
MONTERO,consulta externa,nuevas en personas de 5 a 14 anos,2006-02-01,445,362,445,362,807
MORO MORO,consulta externa,nuevas en personas de 5 a 14 anos,2006-02-01,11,15,11,15,26
MOROCHATA,consulta externa,nuevas en personas de 5 a 14 anos,2006-02-01,16,18,16,18,34
NACEBE (SANTA ROSA DEL ABUNA),consulta externa,nuevas en personas de 5 a 14 anos,2006-02-01,27,28,27,28,55
NUEVO MANOA (NUEVA ESPERANZA),consulta externa,nuevas en personas de 5 a 14 anos,2006-02-01,55,41,55,41,96
OCURI,consulta externa,nuevas en personas de 5 a 14 anos,2006-02-01,71,80,71,80,151
OKINAWA,consulta externa,nuevas en personas de 5 a 14 anos,2006-02-01,232,206,232,206,438
OMEREQUE,consulta externa,nuevas en personas de 5 a 14 anos,2006-02-01,33,41,33,41,74
ORURO,consulta externa,nuevas en personas de 5 a 14 anos,2006-02-01,2182,2067,2182,2067,4249
PADCAYA,consulta externa,nuevas en personas de 5 a 14 anos,2006-02-01,175,201,175,201,376
PADILLA,consulta externa,nuevas en personas de 5 a 14 anos,2006-02-01,88,87,88,87,175
PAILON,consulta externa,nuevas en personas de 5 a 14 anos,2006-02-01,101,90,101,90,191
PALCA,consulta externa,nuevas en personas de 5 a 14 anos,2006-02-01,28,26,28,26,54
PALOS BLANCOS,consulta externa,nuevas en personas de 5 a 14 anos,2006-02-01,113,104,113,104,217
PAMPA AULLAGAS,consulta externa,nuevas en personas de 5 a 14 anos,2006-02-01,18,23,18,23,41
PAMPA GRANDE,consulta externa,nuevas en personas de 5 a 14 anos,2006-02-01,37,34,37,34,71
PAPEL PAMPA,consulta externa,nuevas en personas de 5 a 14 anos,2006-02-01,17,38,17,38,55
PASORAPA,consulta externa,nuevas en personas de 5 a 14 anos,2006-02-01,15,12,15,12,27
PATACAMAYA,consulta externa,nuevas en personas de 5 a 14 anos,2006-02-01,18,29,18,29,47
PAZÑA,consulta externa,nuevas en personas de 5 a 14 anos,2006-02-01,12,28,12,28,40
PELECHUCO,consulta externa,nuevas en personas de 5 a 14 anos,2006-02-01,33,25,33,25,58
POCOATA,consulta externa,nuevas en personas de 5 a 14 anos,2006-02-01,53,65,53,65,118
POCONA,consulta externa,nuevas en personas de 5 a 14 anos,2006-02-01,55,55,55,55,110
POJO (CBBA),consulta externa,nuevas en personas de 5 a 14 anos,2006-02-01,8,11,8,11,19
POOPO,consulta externa,nuevas en personas de 5 a 14 anos,2006-02-01,16,16,16,16,32
PORCO,consulta externa,nuevas en personas de 5 a 14 anos,2006-02-01,25,26,25,26,51
POROMA,consulta externa,nuevas en personas de 5 a 14 anos,2006-02-01,70,69,70,69,139
PORONGO,consulta externa,nuevas en personas de 5 a 14 anos,2006-02-01,111,127,111,127,238
PORTACHUELO,consulta externa,nuevas en personas de 5 a 14 anos,2006-02-01,123,107,123,107,230
PORVENIR,consulta externa,nuevas en personas de 5 a 14 anos,2006-02-01,30,28,30,28,58
POSTRER VALLE,consulta externa,nuevas en personas de 5 a 14 anos,2006-02-01,7,15,7,15,22
POTOSI,consulta externa,nuevas en personas de 5 a 14 anos,2006-02-01,1168,1006,1168,1006,2174
PRESTO,consulta externa,nuevas en personas de 5 a 14 anos,2006-02-01,33,38,33,38,71
PUCARA,consulta externa,nuevas en personas de 5 a 14 anos,2006-02-01,21,32,21,32,53
PUCARANI,consulta externa,nuevas en personas de 5 a 14 anos,2006-02-01,50,32,50,32,82
PUERTO ACOSTA,consulta externa,nuevas en personas de 5 a 14 anos,2006-02-01,84,83,84,83,167
PUERTO CARABUCO,consulta externa,nuevas en personas de 5 a 14 anos,2006-02-01,19,10,19,10,29
PUERTO GONZALO MORENO,consulta externa,nuevas en personas de 5 a 14 anos,2006-02-01,65,47,65,47,112
PUERTO PEREZ,consulta externa,nuevas en personas de 5 a 14 anos,2006-02-01,30,24,30,24,54
PUERTO QUIJARRO,consulta externa,nuevas en personas de 5 a 14 anos,2006-02-01,89,86,89,86,175
PUERTO RICO,consulta externa,nuevas en personas de 5 a 14 anos,2006-02-01,52,58,52,58,110
PUERTO SILES,consulta externa,nuevas en personas de 5 a 14 anos,2006-02-01,23,19,23,19,42
PUERTO SUAREZ,consulta externa,nuevas en personas de 5 a 14 anos,2006-02-01,137,93,137,93,230
PUERTO VILLARROEL,consulta externa,nuevas en personas de 5 a 14 anos,2006-02-01,182,184,182,184,366
PUNA,consulta externa,nuevas en personas de 5 a 14 anos,2006-02-01,117,125,117,125,242
PUNATA,consulta externa,nuevas en personas de 5 a 14 anos,2006-02-01,86,83,86,83,169
QUIABAYA,consulta externa,nuevas en personas de 5 a 14 anos,2006-02-01,3,5,3,5,8
QUILLACOLLO,consulta externa,nuevas en personas de 5 a 14 anos,2006-02-01,102,112,102,112,214
QUIME,consulta externa,nuevas en personas de 5 a 14 anos,2006-02-01,52,70,52,70,122
QUIRUSILLAS,consulta externa,nuevas en personas de 5 a 14 anos,2006-02-01,10,9,10,9,19
RAVELO,consulta externa,nuevas en personas de 5 a 14 anos,2006-02-01,26,24,26,24,50
REYES,consulta externa,nuevas en personas de 5 a 14 anos,2006-02-01,90,85,90,85,175
RIBERALTA,consulta externa,nuevas en personas de 5 a 14 anos,2006-02-01,411,387,411,387,798
ROBORE,consulta externa,nuevas en personas de 5 a 14 anos,2006-02-01,175,174,175,174,349
RURRENABAQUE,consulta externa,nuevas en personas de 5 a 14 anos,2006-02-01,98,79,98,79,177
SABAYA,consulta externa,nuevas en personas de 5 a 14 anos,2006-02-01,15,16,15,16,31
SACABA,consulta externa,nuevas en personas de 5 a 14 anos,2006-02-01,224,230,224,230,454
SACABAMBA,consulta externa,nuevas en personas de 5 a 14 anos,2006-02-01,4,2,4,2,6
SACACA,consulta externa,nuevas en personas de 5 a 14 anos,2006-02-01,50,58,50,58,108
SAIPINA,consulta externa,nuevas en personas de 5 a 14 anos,2006-02-01,59,59,59,59,118
SALINAS DE GARCI MENDOZA,consulta externa,nuevas en personas de 5 a 14 anos,2006-02-01,16,22,16,22,38
SAMAIPATA,consulta externa,nuevas en personas de 5 a 14 anos,2006-02-01,59,39,59,39,98
SAN AGUSTIN,consulta externa,nuevas en personas de 5 a 14 anos,2006-02-01,5,7,5,7,12
SAN ANDRES,consulta externa,nuevas en personas de 5 a 14 anos,2006-02-01,31,38,31,38,69
SAN ANDRES DE MACHACA,consulta externa,nuevas en personas de 5 a 14 anos,2006-02-01,5,7,5,7,12
SAN ANTONIO DE ESMORUCO,consulta externa,nuevas en personas de 5 a 14 anos,2006-02-01,3,10,3,10,13
SAN ANTONIO DE LOMERIO,consulta externa,nuevas en personas de 5 a 14 anos,2006-02-01,15,18,15,18,33
SAN BENITO,consulta externa,nuevas en personas de 5 a 14 anos,2006-02-01,27,35,27,35,62
SAN BORJA,consulta externa,nuevas en personas de 5 a 14 anos,2006-02-01,103,82,103,82,185
SAN BUENA VENTURA,consulta externa,nuevas en personas de 5 a 14 anos,2006-02-01,204,218,204,218,422
SAN CARLOS,consulta externa,nuevas en personas de 5 a 14 anos,2006-02-01,109,106,109,106,215
SAN IGNACIO,consulta externa,nuevas en personas de 5 a 14 anos,2006-02-01,140,156,140,156,296
SAN IGNACIO DE VELASCO,consulta externa,nuevas en personas de 5 a 14 anos,2006-02-01,345,306,345,306,651
SAN JAVIER(BNI),consulta externa,nuevas en personas de 5 a 14 anos,2006-02-01,8,11,8,11,19
SAN JAVIER(STC),consulta externa,nuevas en personas de 5 a 14 anos,2006-02-01,15,14,15,14,29
SAN JOAQUIN,consulta externa,nuevas en personas de 5 a 14 anos,2006-02-01,33,26,33,26,59
SAN JOSE DE CHIQUITOS,consulta externa,nuevas en personas de 5 a 14 anos,2006-02-01,133,110,133,110,243
SAN JUAN DE YAPACANI,consulta externa,nuevas en personas de 5 a 14 anos,2006-02-01,70,65,70,65,135
SAN JULIAN,consulta externa,nuevas en personas de 5 a 14 anos,2006-02-01,994,1017,994,1017,2011
SAN LORENZO(PND),consulta externa,nuevas en personas de 5 a 14 anos,2006-02-01,31,37,31,37,68
SAN LORENZO(TJA),consulta externa,nuevas en personas de 5 a 14 anos,2006-02-01,115,120,115,120,235
SAN LUCAS,consulta externa,nuevas en personas de 5 a 14 anos,2006-02-01,87,135,87,135,222
SAN MATIAS,consulta externa,nuevas en personas de 5 a 14 anos,2006-02-01,42,20,42,20,62
SAN MIGUEL DE VELASCO,consulta externa,nuevas en personas de 5 a 14 anos,2006-02-01,75,78,75,78,153
SAN PABLO DE LIPEZ,consulta externa,nuevas en personas de 5 a 14 anos,2006-02-01,28,37,28,37,65
SAN PEDRO,consulta externa,nuevas en personas de 5 a 14 anos,2006-02-01,139,137,139,137,276
SAN PEDRO DE BUENA VISTA,consulta externa,nuevas en personas de 5 a 14 anos,2006-02-01,42,49,42,49,91
SAN PEDRO DE CURAHUARA,consulta externa,nuevas en personas de 5 a 14 anos,2006-02-01,16,24,16,24,40
SAN PEDRO DE QUEMES,consulta externa,nuevas en personas de 5 a 14 anos,2006-02-01,3,1,3,1,4
SAN PEDRO DE TIQUINA,consulta externa,nuevas en personas de 5 a 14 anos,2006-02-01,10,8,10,8,18
SAN PEDRO(PND),consulta externa,nuevas en personas de 5 a 14 anos,2006-02-01,10,15,10,15,25
SAN RAFAEL,consulta externa,nuevas en personas de 5 a 14 anos,2006-02-01,19,15,19,15,34
SAN RAMON,consulta externa,nuevas en personas de 5 a 14 anos,2006-02-01,48,66,48,66,114
SAN RAMON,consulta externa,nuevas en personas de 5 a 14 anos,2006-02-01,33,33,33,33,66
SANTA ANA,consulta externa,nuevas en personas de 5 a 14 anos,2006-02-01,71,80,71,80,151
SANTA CRUZ DE LA SIERRA,consulta externa,nuevas en personas de 5 a 14 anos,2006-02-01,9662,9123,9662,9123,18785
SANTA ROSA,consulta externa,nuevas en personas de 5 a 14 anos,2006-02-01,19,28,19,28,47
SANTA ROSA DEL SARA,consulta externa,nuevas en personas de 5 a 14 anos,2006-02-01,111,125,111,125,236
SANTIAGO DE CALLAPA,consulta externa,nuevas en personas de 5 a 14 anos,2006-02-01,12,9,12,9,21
SANTIAGO DE HUARI,consulta externa,nuevas en personas de 5 a 14 anos,2006-02-01,32,40,32,40,72
SANTIAGO DE MACHACA,consulta externa,nuevas en personas de 5 a 14 anos,2006-02-01,11,7,11,7,18
SANTIVAÑES,consulta externa,nuevas en personas de 5 a 14 anos,2006-02-01,25,33,25,33,58
SANTUARIO DE QUILLACAS,consulta externa,nuevas en personas de 5 a 14 anos,2006-02-01,10,5,10,5,15
SAPAHAQUI,consulta externa,nuevas en personas de 5 a 14 anos,2006-02-01,57,65,57,65,122
SENA,consulta externa,nuevas en personas de 5 a 14 anos,2006-02-01,36,46,36,46,82
SICA SICA (VILLA AROMA),consulta externa,nuevas en personas de 5 a 14 anos,2006-02-01,24,20,24,20,44
SICAYA,consulta externa,nuevas en personas de 5 a 14 anos,2006-02-01,4,3,4,3,7
SIPE SIPE,consulta externa,nuevas en personas de 5 a 14 anos,2006-02-01,74,44,74,44,118
SOPACHUY,consulta externa,nuevas en personas de 5 a 14 anos,2006-02-01,51,45,51,45,96
SORACACHI,consulta externa,nuevas en personas de 5 a 14 anos,2006-02-01,14,11,14,11,25
SORATA,consulta externa,nuevas en personas de 5 a 14 anos,2006-02-01,33,31,33,31,64
SUCRE,consulta externa,nuevas en personas de 5 a 14 anos,2006-02-01,2290,2060,2290,2060,4350
TACACHI,consulta externa,nuevas en personas de 5 a 14 anos,2006-02-01,5,10,5,10,15
TACACOMA,consulta externa,nuevas en personas de 5 a 14 anos,2006-02-01,15,21,15,21,36
TACOBAMBA,consulta externa,nuevas en personas de 5 a 14 anos,2006-02-01,15,11,15,11,26
TACOPAYA,consulta externa,nuevas en personas de 5 a 14 anos,2006-02-01,21,17,21,17,38
TAHUA,consulta externa,nuevas en personas de 5 a 14 anos,2006-02-01,5,7,5,7,12
TAPACARI,consulta externa,nuevas en personas de 5 a 14 anos,2006-02-01,59,26,59,26,85
TARABUCO,consulta externa,nuevas en personas de 5 a 14 anos,2006-02-01,52,34,52,34,86
TARACO,consulta externa,nuevas en personas de 5 a 14 anos,2006-02-01,11,7,11,7,18
TARATA,consulta externa,nuevas en personas de 5 a 14 anos,2006-02-01,14,25,14,25,39
TARIJA,consulta externa,nuevas en personas de 5 a 14 anos,2006-02-01,1397,1348,1397,1348,2745
TARVITA,consulta externa,nuevas en personas de 5 a 14 anos,2006-02-01,55,61,55,61,116
TEOPONTE,consulta externa,nuevas en personas de 5 a 14 anos,2006-02-01,63,70,63,70,133
TIAWANACU,consulta externa,nuevas en personas de 5 a 14 anos,2006-02-01,17,8,17,8,25
TINGUIPAYA,consulta externa,nuevas en personas de 5 a 14 anos,2006-02-01,32,54,32,54,86
TIPUANI,consulta externa,nuevas en personas de 5 a 14 anos,2006-02-01,41,22,41,22,63
TIQUIPAYA,consulta externa,nuevas en personas de 5 a 14 anos,2006-02-01,60,62,60,62,122
TIRAQUE (CBBA),consulta externa,nuevas en personas de 5 a 14 anos,2006-02-01,285,197,285,197,482
TITO YUPANQUI (PARQUIPUJIO),consulta externa,nuevas en personas de 5 a 14 anos,2006-02-01,5,3,5,3,8
TOCO,consulta externa,nuevas en personas de 5 a 14 anos,2006-02-01,12,7,12,7,19
TODOS SANTOS,consulta externa,nuevas en personas de 5 a 14 anos,2006-02-01,1,0,1,0,1
TOLATA,consulta externa,nuevas en personas de 5 a 14 anos,2006-02-01,15,18,15,18,33
TOLEDO,consulta externa,nuevas en personas de 5 a 14 anos,2006-02-01,23,24,23,24,47
TOMAVE,consulta externa,nuevas en personas de 5 a 14 anos,2006-02-01,47,58,47,58,105
TOMINA,consulta externa,nuevas en personas de 5 a 14 anos,2006-02-01,45,52,45,52,97
TORO TORO,consulta externa,nuevas en personas de 5 a 14 anos,2006-02-01,33,43,33,43,76
TOTORA(CBBA),consulta externa,nuevas en personas de 5 a 14 anos,2006-02-01,25,14,25,14,39
TOTORA(ORR),consulta externa,nuevas en personas de 5 a 14 anos,2006-02-01,5,8,5,8,13
TRIGAL,consulta externa,nuevas en personas de 5 a 14 anos,2006-02-01,25,30,25,30,55
TRINIDAD,consulta externa,nuevas en personas de 5 a 14 anos,2006-02-01,688,831,688,831,1519
TUPIZA,consulta externa,nuevas en personas de 5 a 14 anos,2006-02-01,502,613,502,613,1115
TURCO,consulta externa,nuevas en personas de 5 a 14 anos,2006-02-01,13,10,13,10,23
UMALA,consulta externa,nuevas en personas de 5 a 14 anos,2006-02-01,48,38,48,38,86
UNCIA,consulta externa,nuevas en personas de 5 a 14 anos,2006-02-01,108,115,108,115,223
URIONDO (A. CONCEPCION),consulta externa,nuevas en personas de 5 a 14 anos,2006-02-01,34,36,34,36,70
URUBICHA,consulta externa,nuevas en personas de 5 a 14 anos,2006-02-01,65,72,65,72,137
UYUNI,consulta externa,nuevas en personas de 5 a 14 anos,2006-02-01,84,110,84,110,194
VACAS,consulta externa,nuevas en personas de 5 a 14 anos,2006-02-01,44,45,44,45,89
VALLEGRANDE,consulta externa,nuevas en personas de 5 a 14 anos,2006-02-01,103,125,103,125,228
VIACHA,consulta externa,nuevas en personas de 5 a 14 anos,2006-02-01,204,201,204,201,405
VILA VILA,consulta externa,nuevas en personas de 5 a 14 anos,2006-02-01,38,56,38,56,94
VILLA MONTES,consulta externa,nuevas en personas de 5 a 14 anos,2006-02-01,128,134,128,134,262
VILLA NUEVA (LOMA ALTA),consulta externa,nuevas en personas de 5 a 14 anos,2006-02-01,7,1,7,1,8
VILLA RIVERO,consulta externa,nuevas en personas de 5 a 14 anos,2006-02-01,10,10,10,10,20
VILLA SERRANO,consulta externa,nuevas en personas de 5 a 14 anos,2006-02-01,45,37,45,37,82
VILLA TUNARI,consulta externa,nuevas en personas de 5 a 14 anos,2006-02-01,483,444,483,444,927
VILLA VACA GUZMAN (MUYUPAMPA),consulta externa,nuevas en personas de 5 a 14 anos,2006-02-01,97,73,97,73,170
VILLAZON,consulta externa,nuevas en personas de 5 a 14 anos,2006-02-01,195,161,195,161,356
VINTO,consulta externa,nuevas en personas de 5 a 14 anos,2006-02-01,77,58,77,58,135
VITICHI,consulta externa,nuevas en personas de 5 a 14 anos,2006-02-01,50,55,50,55,105
WALDO BALLIVIAN,consulta externa,nuevas en personas de 5 a 14 anos,2006-02-01,5,3,5,3,8
WARNES,consulta externa,nuevas en personas de 5 a 14 anos,2006-02-01,172,187,172,187,359
YACO,consulta externa,nuevas en personas de 5 a 14 anos,2006-02-01,20,16,20,16,36
YACUIBA,consulta externa,nuevas en personas de 5 a 14 anos,2006-02-01,607,561,607,561,1168
YAMPARAEZ,consulta externa,nuevas en personas de 5 a 14 anos,2006-02-01,14,23,14,23,37
YANACACHI,consulta externa,nuevas en personas de 5 a 14 anos,2006-02-01,47,48,47,48,95
YAPACANI,consulta externa,nuevas en personas de 5 a 14 anos,2006-02-01,354,292,354,292,646
YOCALLA,consulta externa,nuevas en personas de 5 a 14 anos,2006-02-01,9,22,9,22,31
YOTALA,consulta externa,nuevas en personas de 5 a 14 anos,2006-02-01,34,33,34,33,67
YUNCHARA,consulta externa,nuevas en personas de 5 a 14 anos,2006-02-01,72,90,72,90,162
ZUDAÑEZ,consulta externa,nuevas en personas de 5 a 14 anos,2006-02-01,22,26,22,26,48
ACACIO,consulta externa,nuevas en personas de 5 a 14 anos,2006-03-01,178,128,178,128,306
ACHACACHI,consulta externa,nuevas en personas de 5 a 14 anos,2006-03-01,118,111,118,111,229
ACHOCALLA,consulta externa,nuevas en personas de 5 a 14 anos,2006-03-01,5,6,5,6,11
AIQUILE,consulta externa,nuevas en personas de 5 a 14 anos,2006-03-01,131,123,131,123,254
ALALAY,consulta externa,nuevas en personas de 5 a 14 anos,2006-03-01,0,5,0,5,5
ALCALA,consulta externa,nuevas en personas de 5 a 14 anos,2006-03-01,122,132,122,132,254
ANCORAIMES,consulta externa,nuevas en personas de 5 a 14 anos,2006-03-01,21,24,21,24,45
ANDAMARCA,consulta externa,nuevas en personas de 5 a 14 anos,2006-03-01,22,17,22,17,39
ANTEQUERA,consulta externa,nuevas en personas de 5 a 14 anos,2006-03-01,56,52,56,52,108
ANZALDO,consulta externa,nuevas en personas de 5 a 14 anos,2006-03-01,27,33,27,33,60
APOLO,consulta externa,nuevas en personas de 5 a 14 anos,2006-03-01,80,79,80,79,159
ARAMPAMPA,consulta externa,nuevas en personas de 5 a 14 anos,2006-03-01,8,10,8,10,18
ARANI,consulta externa,nuevas en personas de 5 a 14 anos,2006-03-01,69,20,69,20,89
ARBIETO,consulta externa,nuevas en personas de 5 a 14 anos,2006-03-01,42,33,42,33,75
ARQUE,consulta externa,nuevas en personas de 5 a 14 anos,2006-03-01,26,26,26,26,52
ASCENCION DE GUARAYOS,consulta externa,nuevas en personas de 5 a 14 anos,2006-03-01,142,147,142,147,289
ATOCHA,consulta externa,nuevas en personas de 5 a 14 anos,2006-03-01,236,245,236,245,481
AUCAPATA,consulta externa,nuevas en personas de 5 a 14 anos,2006-03-01,33,30,33,30,63
AYATA,consulta externa,nuevas en personas de 5 a 14 anos,2006-03-01,35,31,35,31,66
AYO AYO,consulta externa,nuevas en personas de 5 a 14 anos,2006-03-01,13,10,13,10,23
AYOPAYA (V. DE INDEPENDENCIA),consulta externa,nuevas en personas de 5 a 14 anos,2006-03-01,87,62,87,62,149
AZURDUY,consulta externa,nuevas en personas de 5 a 14 anos,2006-03-01,105,137,105,137,242
BATALLAS,consulta externa,nuevas en personas de 5 a 14 anos,2006-03-01,39,34,39,34,73
BAURES,consulta externa,nuevas en personas de 5 a 14 anos,2006-03-01,28,37,28,37,65
BELEN DE ANDAMARCA,consulta externa,nuevas en personas de 5 a 14 anos,2006-03-01,5,7,5,7,12
BELEN DE URMIRI,consulta externa,nuevas en personas de 5 a 14 anos,2006-03-01,17,16,17,16,33
BELLA FLOR,consulta externa,nuevas en personas de 5 a 14 anos,2006-03-01,85,102,85,102,187
BERMEJO,consulta externa,nuevas en personas de 5 a 14 anos,2006-03-01,289,331,289,331,620
BETANZOS,consulta externa,nuevas en personas de 5 a 14 anos,2006-03-01,179,167,179,167,346
BOLIVAR,consulta externa,nuevas en personas de 5 a 14 anos,2006-03-01,56,76,56,76,132
BOLPEBRA,consulta externa,nuevas en personas de 5 a 14 anos,2006-03-01,17,21,17,21,38
BOYUIBE,consulta externa,nuevas en personas de 5 a 14 anos,2006-03-01,211,204,211,204,415
BUENA VISTA,consulta externa,nuevas en personas de 5 a 14 anos,2006-03-01,134,126,134,126,260
CABEZAS,consulta externa,nuevas en personas de 5 a 14 anos,2006-03-01,149,156,149,156,305
CAIROMA,consulta externa,nuevas en personas de 5 a 14 anos,2006-03-01,28,28,28,28,56
"CAIZA ""D""",consulta externa,nuevas en personas de 5 a 14 anos,2006-03-01,62,59,62,59,121
CAJUATA,consulta externa,nuevas en personas de 5 a 14 anos,2006-03-01,54,51,54,51,105
CALACOTO,consulta externa,nuevas en personas de 5 a 14 anos,2006-03-01,27,31,27,31,58
CALAMARCA,consulta externa,nuevas en personas de 5 a 14 anos,2006-03-01,26,13,26,13,39
CAMARGO,consulta externa,nuevas en personas de 5 a 14 anos,2006-03-01,301,295,301,295,596
CAMATAQUI (C. VILLA ABECIA),consulta externa,nuevas en personas de 5 a 14 anos,2006-03-01,45,45,45,45,90
CAMIRI,consulta externa,nuevas en personas de 5 a 14 anos,2006-03-01,383,464,383,464,847
CAPINOTA,consulta externa,nuevas en personas de 5 a 14 anos,2006-03-01,63,56,63,56,119
CAQUIAVIRI,consulta externa,nuevas en personas de 5 a 14 anos,2006-03-01,26,14,26,14,40
CARACOLLO,consulta externa,nuevas en personas de 5 a 14 anos,2006-03-01,57,31,57,31,88
CARANAVI,consulta externa,nuevas en personas de 5 a 14 anos,2006-03-01,424,396,424,396,820
CARANGAS,consulta externa,nuevas en personas de 5 a 14 anos,2006-03-01,1,0,1,0,1
CARAPARI,consulta externa,nuevas en personas de 5 a 14 anos,2006-03-01,115,91,115,91,206
CARIPUYO,consulta externa,nuevas en personas de 5 a 14 anos,2006-03-01,80,69,80,69,149
CARMEN RIVERO TORREZ,consulta externa,nuevas en personas de 5 a 14 anos,2006-03-01,3,9,3,9,12
CATACORA,consulta externa,nuevas en personas de 5 a 14 anos,2006-03-01,7,7,7,7,14
CHACARILLA,consulta externa,nuevas en personas de 5 a 14 anos,2006-03-01,1,1,1,1,2
CHALLAPATA,consulta externa,nuevas en personas de 5 a 14 anos,2006-03-01,129,122,129,122,251
CHAQUI,consulta externa,nuevas en personas de 5 a 14 anos,2006-03-01,25,30,25,30,55
CHARAGUA,consulta externa,nuevas en personas de 5 a 14 anos,2006-03-01,84,116,84,116,200
CHARAÑA,consulta externa,nuevas en personas de 5 a 14 anos,2006-03-01,8,14,8,14,22
CHAYANTA,consulta externa,nuevas en personas de 5 a 14 anos,2006-03-01,45,59,45,59,104
CHIMORE,consulta externa,nuevas en personas de 5 a 14 anos,2006-03-01,179,134,179,134,313
CHIPAYA,consulta externa,nuevas en personas de 5 a 14 anos,2006-03-01,6,8,6,8,14
CHOQUE COTA,consulta externa,nuevas en personas de 5 a 14 anos,2006-03-01,27,25,27,25,52
CHULUMANI (V. DE LA LIBERTAD),consulta externa,nuevas en personas de 5 a 14 anos,2006-03-01,72,91,72,91,163
CHUMA,consulta externa,nuevas en personas de 5 a 14 anos,2006-03-01,60,38,60,38,98
CLIZA,consulta externa,nuevas en personas de 5 a 14 anos,2006-03-01,24,30,24,30,54
COBIJA,consulta externa,nuevas en personas de 5 a 14 anos,2006-03-01,311,317,311,317,628
COCHABAMBA,consulta externa,nuevas en personas de 5 a 14 anos,2006-03-01,4960,5188,4960,5188,10148
COIPASA,consulta externa,nuevas en personas de 5 a 14 anos,2006-03-01,1,7,1,7,8
COLCAPIRHUA,consulta externa,nuevas en personas de 5 a 14 anos,2006-03-01,216,207,216,207,423
"COLCHA ""K""",consulta externa,nuevas en personas de 5 a 14 anos,2006-03-01,103,75,103,75,178
COLLANA,consulta externa,nuevas en personas de 5 a 14 anos,2006-03-01,4,6,4,6,10
COLOMI,consulta externa,nuevas en personas de 5 a 14 anos,2006-03-01,54,59,54,59,113
COLPA BELGICA,consulta externa,nuevas en personas de 5 a 14 anos,2006-03-01,83,84,83,84,167
COLQUECHACA,consulta externa,nuevas en personas de 5 a 14 anos,2006-03-01,112,93,112,93,205
COLQUENCHA,consulta externa,nuevas en personas de 5 a 14 anos,2006-03-01,25,20,25,20,45
COLQUIRI,consulta externa,nuevas en personas de 5 a 14 anos,2006-03-01,70,74,70,74,144
COMANCHE,consulta externa,nuevas en personas de 5 a 14 anos,2006-03-01,17,9,17,9,26
COMARAPA,consulta externa,nuevas en personas de 5 a 14 anos,2006-03-01,121,155,121,155,276
COMBAYA,consulta externa,nuevas en personas de 5 a 14 anos,2006-03-01,5,15,5,15,20
CONCEPCION,consulta externa,nuevas en personas de 5 a 14 anos,2006-03-01,47,44,47,44,91
COPACABANA,consulta externa,nuevas en personas de 5 a 14 anos,2006-03-01,28,37,28,37,65
CORIPATA,consulta externa,nuevas en personas de 5 a 14 anos,2006-03-01,50,52,50,52,102
CORO CORO,consulta externa,nuevas en personas de 5 a 14 anos,2006-03-01,24,20,24,20,44
COROICO,consulta externa,nuevas en personas de 5 a 14 anos,2006-03-01,129,130,129,130,259
CORQUE,consulta externa,nuevas en personas de 5 a 14 anos,2006-03-01,43,47,43,47,90
COTAGAITA,consulta externa,nuevas en personas de 5 a 14 anos,2006-03-01,170,214,170,214,384
COTOCA,consulta externa,nuevas en personas de 5 a 14 anos,2006-03-01,60,49,60,49,109
CUATRO CAÑADAS,consulta externa,nuevas en personas de 5 a 14 anos,2006-03-01,188,207,188,207,395
CUCHUMUELA (V. G. VILLARROEL),consulta externa,nuevas en personas de 5 a 14 anos,2006-03-01,9,8,9,8,17
CUEVO,consulta externa,nuevas en personas de 5 a 14 anos,2006-03-01,52,42,52,42,94
CULPINA,consulta externa,nuevas en personas de 5 a 14 anos,2006-03-01,110,112,110,112,222
CURAHUARA DE CARANGAS,consulta externa,nuevas en personas de 5 a 14 anos,2006-03-01,26,30,26,30,56
CURVA,consulta externa,nuevas en personas de 5 a 14 anos,2006-03-01,4,5,4,5,9
DESAGUADERO,consulta externa,nuevas en personas de 5 a 14 anos,2006-03-01,9,11,9,11,20
EL ALTO,consulta externa,nuevas en personas de 5 a 14 anos,2006-03-01,4887,5214,4887,5214,10101
EL CHORO,consulta externa,nuevas en personas de 5 a 14 anos,2006-03-01,73,57,73,57,130
EL PUENTE(STC),consulta externa,nuevas en personas de 5 a 14 anos,2006-03-01,180,177,180,177,357
EL PUENTE(TJA),consulta externa,nuevas en personas de 5 a 14 anos,2006-03-01,170,201,170,201,371
EL TORNO,consulta externa,nuevas en personas de 5 a 14 anos,2006-03-01,214,196,214,196,410
EL VILLAR,consulta externa,nuevas en personas de 5 a 14 anos,2006-03-01,22,16,22,16,38
ENTRE RIOS,consulta externa,nuevas en personas de 5 a 14 anos,2006-03-01,155,165,155,165,320
ENTRE RIOS,consulta externa,nuevas en personas de 5 a 14 anos,2006-03-01,100,65,100,65,165
ESCARA,consulta externa,nuevas en personas de 5 a 14 anos,2006-03-01,0,1,0,1,1
ESMERALDA,consulta externa,nuevas en personas de 5 a 14 anos,2006-03-01,0,1,0,1,1
EUCALIPTUS,consulta externa,nuevas en personas de 5 a 14 anos,2006-03-01,42,27,42,27,69
EUREKA (SANTOS MERCADO),consulta externa,nuevas en personas de 5 a 14 anos,2006-03-01,15,15,15,15,30
EXALTACION,consulta externa,nuevas en personas de 5 a 14 anos,2006-03-01,5,4,5,4,9
FERNANDEZ ALONSO,consulta externa,nuevas en personas de 5 a 14 anos,2006-03-01,42,54,42,54,96
FILADELFIA,consulta externa,nuevas en personas de 5 a 14 anos,2006-03-01,121,94,121,94,215
GENERAL SAAVEDRA,consulta externa,nuevas en personas de 5 a 14 anos,2006-03-01,146,150,146,150,296
GRAL. J.J. PEREZ (CHARAZANI),consulta externa,nuevas en personas de 5 a 14 anos,2006-03-01,31,29,31,29,60
GUANAY,consulta externa,nuevas en personas de 5 a 14 anos,2006-03-01,68,61,68,61,129
GUAQUI,consulta externa,nuevas en personas de 5 a 14 anos,2006-03-01,20,16,20,16,36
GUAYARAMERIN,consulta externa,nuevas en personas de 5 a 14 anos,2006-03-01,302,347,302,347,649
GUTIERREZ,consulta externa,nuevas en personas de 5 a 14 anos,2006-03-01,158,163,158,163,321
HUACARETA,consulta externa,nuevas en personas de 5 a 14 anos,2006-03-01,96,92,96,92,188
HUACAYA (VILLA DE HUACAYA),consulta externa,nuevas en personas de 5 a 14 anos,2006-03-01,10,12,10,12,22
HUACHACALLA,consulta externa,nuevas en personas de 5 a 14 anos,2006-03-01,2,3,2,3,5
HUANUNI,consulta externa,nuevas en personas de 5 a 14 anos,2006-03-01,277,289,277,289,566
HUARACAJE,consulta externa,nuevas en personas de 5 a 14 anos,2006-03-01,44,34,44,34,78
HUAYLLAMARCA,consulta externa,nuevas en personas de 5 a 14 anos,2006-03-01,29,41,29,41,70
ICHOCA,consulta externa,nuevas en personas de 5 a 14 anos,2006-03-01,29,25,29,25,54
ICLA,consulta externa,nuevas en personas de 5 a 14 anos,2006-03-01,93,85,93,85,178
INCAHUASI,consulta externa,nuevas en personas de 5 a 14 anos,2006-03-01,104,101,104,101,205
INGAVI (HUMAITA),consulta externa,nuevas en personas de 5 a 14 anos,2006-03-01,18,16,18,16,34
INQUISIVI,consulta externa,nuevas en personas de 5 a 14 anos,2006-03-01,43,56,43,56,99
IRUPANA (VILLA DE LANZA),consulta externa,nuevas en personas de 5 a 14 anos,2006-03-01,63,58,63,58,121
IXIAMAS,consulta externa,nuevas en personas de 5 a 14 anos,2006-03-01,202,179,202,179,381
JESUS DE MACHACA,consulta externa,nuevas en personas de 5 a 14 anos,2006-03-01,18,36,18,36,54
LA ASUNTA,consulta externa,nuevas en personas de 5 a 14 anos,2006-03-01,78,80,78,80,158
LA GUARDIA,consulta externa,nuevas en personas de 5 a 14 anos,2006-03-01,163,151,163,151,314
LA PAZ,consulta externa,nuevas en personas de 5 a 14 anos,2006-03-01,6907,6899,6907,6899,13806
LA RIVERA,consulta externa,nuevas en personas de 5 a 14 anos,2006-03-01,5,3,5,3,8
LAGUNILLAS,consulta externa,nuevas en personas de 5 a 14 anos,2006-03-01,114,107,114,107,221
LAJA,consulta externa,nuevas en personas de 5 a 14 anos,2006-03-01,23,33,23,33,56
LAS CARRERAS,consulta externa,nuevas en personas de 5 a 14 anos,2006-03-01,17,25,17,25,42
LICOMA PAMPA,consulta externa,nuevas en personas de 5 a 14 anos,2006-03-01,49,60,49,60,109
LLALLAGUA,consulta externa,nuevas en personas de 5 a 14 anos,2006-03-01,123,117,123,117,240
LLICA,consulta externa,nuevas en personas de 5 a 14 anos,2006-03-01,25,24,25,24,49
LORETO,consulta externa,nuevas en personas de 5 a 14 anos,2006-03-01,27,18,27,18,45
LURIBAY,consulta externa,nuevas en personas de 5 a 14 anos,2006-03-01,40,45,40,45,85
MACHACAMARCA,consulta externa,nuevas en personas de 5 a 14 anos,2006-03-01,28,29,28,29,57
MACHARETI,consulta externa,nuevas en personas de 5 a 14 anos,2006-03-01,68,81,68,81,149
MAGDALENA,consulta externa,nuevas en personas de 5 a 14 anos,2006-03-01,71,68,71,68,139
MAIRANA,consulta externa,nuevas en personas de 5 a 14 anos,2006-03-01,37,39,37,39,76
MALLA,consulta externa,nuevas en personas de 5 a 14 anos,2006-03-01,36,36,36,36,72
MAPIRI,consulta externa,nuevas en personas de 5 a 14 anos,2006-03-01,55,51,55,51,106
MECAPACA,consulta externa,nuevas en personas de 5 a 14 anos,2006-03-01,100,90,100,90,190
MINEROS,consulta externa,nuevas en personas de 5 a 14 anos,2006-03-01,39,46,39,46,85
MIZQUE,consulta externa,nuevas en personas de 5 a 14 anos,2006-03-01,84,72,84,72,156
MOCOMOCO,consulta externa,nuevas en personas de 5 a 14 anos,2006-03-01,86,63,86,63,149
MOJINETE,consulta externa,nuevas en personas de 5 a 14 anos,2006-03-01,9,16,9,16,25
MOJOCOYA,consulta externa,nuevas en personas de 5 a 14 anos,2006-03-01,34,37,34,37,71
MONTEAGUDO,consulta externa,nuevas en personas de 5 a 14 anos,2006-03-01,334,286,334,286,620
MONTERO,consulta externa,nuevas en personas de 5 a 14 anos,2006-03-01,1041,963,1041,963,2004
MORO MORO,consulta externa,nuevas en personas de 5 a 14 anos,2006-03-01,14,9,14,9,23
MOROCHATA,consulta externa,nuevas en personas de 5 a 14 anos,2006-03-01,26,24,26,24,50
NACEBE (SANTA ROSA DEL ABUNA),consulta externa,nuevas en personas de 5 a 14 anos,2006-03-01,15,19,15,19,34
NAZACARA DE PACAJES,consulta externa,nuevas en personas de 5 a 14 anos,2006-03-01,0,1,0,1,1
NUEVO MANOA (NUEVA ESPERANZA),consulta externa,nuevas en personas de 5 a 14 anos,2006-03-01,21,19,21,19,40
OCURI,consulta externa,nuevas en personas de 5 a 14 anos,2006-03-01,45,41,45,41,86
OKINAWA,consulta externa,nuevas en personas de 5 a 14 anos,2006-03-01,114,126,114,126,240
OMEREQUE,consulta externa,nuevas en personas de 5 a 14 anos,2006-03-01,9,7,9,7,16
ORURO,consulta externa,nuevas en personas de 5 a 14 anos,2006-03-01,2743,2721,2743,2721,5464
PADCAYA,consulta externa,nuevas en personas de 5 a 14 anos,2006-03-01,351,313,351,313,664
PADILLA,consulta externa,nuevas en personas de 5 a 14 anos,2006-03-01,173,163,173,163,336
PAILON,consulta externa,nuevas en personas de 5 a 14 anos,2006-03-01,57,78,57,78,135
PALCA,consulta externa,nuevas en personas de 5 a 14 anos,2006-03-01,36,29,36,29,65
PALOS BLANCOS,consulta externa,nuevas en personas de 5 a 14 anos,2006-03-01,169,135,169,135,304
PAMPA AULLAGAS,consulta externa,nuevas en personas de 5 a 14 anos,2006-03-01,14,20,14,20,34
PAMPA GRANDE,consulta externa,nuevas en personas de 5 a 14 anos,2006-03-01,54,57,54,57,111
PAPEL PAMPA,consulta externa,nuevas en personas de 5 a 14 anos,2006-03-01,25,17,25,17,42
PASORAPA,consulta externa,nuevas en personas de 5 a 14 anos,2006-03-01,5,7,5,7,12
PATACAMAYA,consulta externa,nuevas en personas de 5 a 14 anos,2006-03-01,29,21,29,21,50
PAZÑA,consulta externa,nuevas en personas de 5 a 14 anos,2006-03-01,42,45,42,45,87
PELECHUCO,consulta externa,nuevas en personas de 5 a 14 anos,2006-03-01,27,32,27,32,59
POCOATA,consulta externa,nuevas en personas de 5 a 14 anos,2006-03-01,65,75,65,75,140
POCONA,consulta externa,nuevas en personas de 5 a 14 anos,2006-03-01,50,46,50,46,96
POJO (CBBA),consulta externa,nuevas en personas de 5 a 14 anos,2006-03-01,36,32,36,32,68
POOPO,consulta externa,nuevas en personas de 5 a 14 anos,2006-03-01,26,29,26,29,55
PORCO,consulta externa,nuevas en personas de 5 a 14 anos,2006-03-01,38,38,38,38,76
POROMA,consulta externa,nuevas en personas de 5 a 14 anos,2006-03-01,102,94,102,94,196
PORONGO,consulta externa,nuevas en personas de 5 a 14 anos,2006-03-01,122,123,122,123,245
PORTACHUELO,consulta externa,nuevas en personas de 5 a 14 anos,2006-03-01,173,113,173,113,286
PORVENIR,consulta externa,nuevas en personas de 5 a 14 anos,2006-03-01,41,25,41,25,66
POSTRER VALLE,consulta externa,nuevas en personas de 5 a 14 anos,2006-03-01,136,150,136,150,286
POTOSI,consulta externa,nuevas en personas de 5 a 14 anos,2006-03-01,1659,1432,1659,1432,3091
PRESTO,consulta externa,nuevas en personas de 5 a 14 anos,2006-03-01,104,151,104,151,255
PUCARA,consulta externa,nuevas en personas de 5 a 14 anos,2006-03-01,8,8,8,8,16
PUCARANI,consulta externa,nuevas en personas de 5 a 14 anos,2006-03-01,57,46,57,46,103
PUERTO ACOSTA,consulta externa,nuevas en personas de 5 a 14 anos,2006-03-01,112,106,112,106,218
PUERTO CARABUCO,consulta externa,nuevas en personas de 5 a 14 anos,2006-03-01,52,41,52,41,93
PUERTO GONZALO MORENO,consulta externa,nuevas en personas de 5 a 14 anos,2006-03-01,67,79,67,79,146
PUERTO PEREZ,consulta externa,nuevas en personas de 5 a 14 anos,2006-03-01,28,14,28,14,42
PUERTO QUIJARRO,consulta externa,nuevas en personas de 5 a 14 anos,2006-03-01,115,66,115,66,181
PUERTO RICO,consulta externa,nuevas en personas de 5 a 14 anos,2006-03-01,90,86,90,86,176
PUERTO SILES,consulta externa,nuevas en personas de 5 a 14 anos,2006-03-01,4,4,4,4,8
PUERTO SUAREZ,consulta externa,nuevas en personas de 5 a 14 anos,2006-03-01,129,112,129,112,241
PUERTO VILLARROEL,consulta externa,nuevas en personas de 5 a 14 anos,2006-03-01,282,237,282,237,519
PUNA,consulta externa,nuevas en personas de 5 a 14 anos,2006-03-01,166,126,166,126,292
PUNATA,consulta externa,nuevas en personas de 5 a 14 anos,2006-03-01,102,104,102,104,206
QUIABAYA,consulta externa,nuevas en personas de 5 a 14 anos,2006-03-01,3,2,3,2,5
QUILLACOLLO,consulta externa,nuevas en personas de 5 a 14 anos,2006-03-01,360,381,360,381,741
QUIME,consulta externa,nuevas en personas de 5 a 14 anos,2006-03-01,27,33,27,33,60
QUIRUSILLAS,consulta externa,nuevas en personas de 5 a 14 anos,2006-03-01,23,9,23,9,32
RAVELO,consulta externa,nuevas en personas de 5 a 14 anos,2006-03-01,52,39,52,39,91
REYES,consulta externa,nuevas en personas de 5 a 14 anos,2006-03-01,145,139,145,139,284
RIBERALTA,consulta externa,nuevas en personas de 5 a 14 anos,2006-03-01,464,530,464,530,994
ROBORE,consulta externa,nuevas en personas de 5 a 14 anos,2006-03-01,219,172,219,172,391
RURRENABAQUE,consulta externa,nuevas en personas de 5 a 14 anos,2006-03-01,68,71,68,71,139
SABAYA,consulta externa,nuevas en personas de 5 a 14 anos,2006-03-01,16,13,16,13,29
SACABA,consulta externa,nuevas en personas de 5 a 14 anos,2006-03-01,282,259,282,259,541
SACABAMBA,consulta externa,nuevas en personas de 5 a 14 anos,2006-03-01,28,36,28,36,64
SACACA,consulta externa,nuevas en personas de 5 a 14 anos,2006-03-01,62,65,62,65,127
SAIPINA,consulta externa,nuevas en personas de 5 a 14 anos,2006-03-01,66,52,66,52,118
SALINAS DE GARCI MENDOZA,consulta externa,nuevas en personas de 5 a 14 anos,2006-03-01,58,75,58,75,133
SAMAIPATA,consulta externa,nuevas en personas de 5 a 14 anos,2006-03-01,46,49,46,49,95
SAN AGUSTIN,consulta externa,nuevas en personas de 5 a 14 anos,2006-03-01,14,15,14,15,29
SAN ANDRES,consulta externa,nuevas en personas de 5 a 14 anos,2006-03-01,59,66,59,66,125
SAN ANDRES DE MACHACA,consulta externa,nuevas en personas de 5 a 14 anos,2006-03-01,13,12,13,12,25
SAN ANTONIO DE ESMORUCO,consulta externa,nuevas en personas de 5 a 14 anos,2006-03-01,26,33,26,33,59
SAN ANTONIO DE LOMERIO,consulta externa,nuevas en personas de 5 a 14 anos,2006-03-01,27,28,27,28,55
SAN BENITO,consulta externa,nuevas en personas de 5 a 14 anos,2006-03-01,46,57,46,57,103
SAN BORJA,consulta externa,nuevas en personas de 5 a 14 anos,2006-03-01,128,107,128,107,235
SAN BUENA VENTURA,consulta externa,nuevas en personas de 5 a 14 anos,2006-03-01,112,120,112,120,232
SAN CARLOS,consulta externa,nuevas en personas de 5 a 14 anos,2006-03-01,89,91,89,91,180
SAN IGNACIO,consulta externa,nuevas en personas de 5 a 14 anos,2006-03-01,317,276,317,276,593
SAN IGNACIO DE VELASCO,consulta externa,nuevas en personas de 5 a 14 anos,2006-03-01,443,418,443,418,861
SAN JAVIER(BNI),consulta externa,nuevas en personas de 5 a 14 anos,2006-03-01,20,17,20,17,37
SAN JAVIER(STC),consulta externa,nuevas en personas de 5 a 14 anos,2006-03-01,246,266,246,266,512
SAN JOAQUIN,consulta externa,nuevas en personas de 5 a 14 anos,2006-03-01,48,34,48,34,82
SAN JOSE DE CHIQUITOS,consulta externa,nuevas en personas de 5 a 14 anos,2006-03-01,132,124,132,124,256
SAN JUAN DE YAPACANI,consulta externa,nuevas en personas de 5 a 14 anos,2006-03-01,289,253,289,253,542
SAN JULIAN,consulta externa,nuevas en personas de 5 a 14 anos,2006-03-01,741,755,741,755,1496
SAN LORENZO(PND),consulta externa,nuevas en personas de 5 a 14 anos,2006-03-01,116,168,116,168,284
SAN LORENZO(TJA),consulta externa,nuevas en personas de 5 a 14 anos,2006-03-01,400,404,400,404,804
SAN LUCAS,consulta externa,nuevas en personas de 5 a 14 anos,2006-03-01,186,191,186,191,377
SAN MATIAS,consulta externa,nuevas en personas de 5 a 14 anos,2006-03-01,59,53,59,53,112
SAN MIGUEL DE VELASCO,consulta externa,nuevas en personas de 5 a 14 anos,2006-03-01,70,81,70,81,151
SAN PABLO DE LIPEZ,consulta externa,nuevas en personas de 5 a 14 anos,2006-03-01,74,67,74,67,141
SAN PEDRO,consulta externa,nuevas en personas de 5 a 14 anos,2006-03-01,149,134,149,134,283
SAN PEDRO DE BUENA VISTA,consulta externa,nuevas en personas de 5 a 14 anos,2006-03-01,57,65,57,65,122
SAN PEDRO DE CURAHUARA,consulta externa,nuevas en personas de 5 a 14 anos,2006-03-01,98,89,98,89,187
SAN PEDRO DE TIQUINA,consulta externa,nuevas en personas de 5 a 14 anos,2006-03-01,11,9,11,9,20
SAN PEDRO(PND),consulta externa,nuevas en personas de 5 a 14 anos,2006-03-01,15,28,15,28,43
SAN RAFAEL,consulta externa,nuevas en personas de 5 a 14 anos,2006-03-01,17,9,17,9,26
SAN RAMON,consulta externa,nuevas en personas de 5 a 14 anos,2006-03-01,52,41,52,41,93
SAN RAMON,consulta externa,nuevas en personas de 5 a 14 anos,2006-03-01,55,45,55,45,100
SANTA ANA,consulta externa,nuevas en personas de 5 a 14 anos,2006-03-01,42,45,42,45,87
SANTA CRUZ DE LA SIERRA,consulta externa,nuevas en personas de 5 a 14 anos,2006-03-01,9033,10596,9033,10596,19629
SANTA ROSA,consulta externa,nuevas en personas de 5 a 14 anos,2006-03-01,62,73,62,73,135
SANTA ROSA DEL SARA,consulta externa,nuevas en personas de 5 a 14 anos,2006-03-01,108,99,108,99,207
SANTIAGO DE CALLAPA,consulta externa,nuevas en personas de 5 a 14 anos,2006-03-01,22,9,22,9,31
SANTIAGO DE HUARI,consulta externa,nuevas en personas de 5 a 14 anos,2006-03-01,38,43,38,43,81
SANTIAGO DE MACHACA,consulta externa,nuevas en personas de 5 a 14 anos,2006-03-01,7,11,7,11,18
SANTIVAÑES,consulta externa,nuevas en personas de 5 a 14 anos,2006-03-01,23,26,23,26,49
SANTUARIO DE QUILLACAS,consulta externa,nuevas en personas de 5 a 14 anos,2006-03-01,20,25,20,25,45
SAPAHAQUI,consulta externa,nuevas en personas de 5 a 14 anos,2006-03-01,52,64,52,64,116
SENA,consulta externa,nuevas en personas de 5 a 14 anos,2006-03-01,52,66,52,66,118
SICA SICA (VILLA AROMA),consulta externa,nuevas en personas de 5 a 14 anos,2006-03-01,19,29,19,29,48
SICAYA,consulta externa,nuevas en personas de 5 a 14 anos,2006-03-01,2,2,2,2,4
SIPE SIPE,consulta externa,nuevas en personas de 5 a 14 anos,2006-03-01,95,90,95,90,185
SOPACHUY,consulta externa,nuevas en personas de 5 a 14 anos,2006-03-01,54,55,54,55,109
SORACACHI,consulta externa,nuevas en personas de 5 a 14 anos,2006-03-01,32,23,32,23,55
SORATA,consulta externa,nuevas en personas de 5 a 14 anos,2006-03-01,35,38,35,38,73
SUCRE,consulta externa,nuevas en personas de 5 a 14 anos,2006-03-01,2549,2406,2549,2406,4955
TACACHI,consulta externa,nuevas en personas de 5 a 14 anos,2006-03-01,4,7,4,7,11
TACACOMA,consulta externa,nuevas en personas de 5 a 14 anos,2006-03-01,30,17,30,17,47
TACOBAMBA,consulta externa,nuevas en personas de 5 a 14 anos,2006-03-01,35,24,35,24,59
TACOPAYA,consulta externa,nuevas en personas de 5 a 14 anos,2006-03-01,48,40,48,40,88
TAHUA,consulta externa,nuevas en personas de 5 a 14 anos,2006-03-01,6,9,6,9,15
TAPACARI,consulta externa,nuevas en personas de 5 a 14 anos,2006-03-01,94,97,94,97,191
TARABUCO,consulta externa,nuevas en personas de 5 a 14 anos,2006-03-01,100,125,100,125,225
TARACO,consulta externa,nuevas en personas de 5 a 14 anos,2006-03-01,11,9,11,9,20
TARATA,consulta externa,nuevas en personas de 5 a 14 anos,2006-03-01,18,25,18,25,43
TARIJA,consulta externa,nuevas en personas de 5 a 14 anos,2006-03-01,1731,1468,1731,1468,3199
TARVITA,consulta externa,nuevas en personas de 5 a 14 anos,2006-03-01,141,128,141,128,269
TEOPONTE,consulta externa,nuevas en personas de 5 a 14 anos,2006-03-01,205,160,205,160,365
TIAWANACU,consulta externa,nuevas en personas de 5 a 14 anos,2006-03-01,100,81,100,81,181
TINGUIPAYA,consulta externa,nuevas en personas de 5 a 14 anos,2006-03-01,54,47,54,47,101
TIPUANI,consulta externa,nuevas en personas de 5 a 14 anos,2006-03-01,18,18,18,18,36
TIQUIPAYA,consulta externa,nuevas en personas de 5 a 14 anos,2006-03-01,94,109,94,109,203
TIRAQUE (CBBA),consulta externa,nuevas en personas de 5 a 14 anos,2006-03-01,158,197,158,197,355
TITO YUPANQUI (PARQUIPUJIO),consulta externa,nuevas en personas de 5 a 14 anos,2006-03-01,6,5,6,5,11
TOCO,consulta externa,nuevas en personas de 5 a 14 anos,2006-03-01,9,12,9,12,21
TODOS SANTOS,consulta externa,nuevas en personas de 5 a 14 anos,2006-03-01,2,1,2,1,3
TOLATA,consulta externa,nuevas en personas de 5 a 14 anos,2006-03-01,23,21,23,21,44
TOLEDO,consulta externa,nuevas en personas de 5 a 14 anos,2006-03-01,56,45,56,45,101
TOMAVE,consulta externa,nuevas en personas de 5 a 14 anos,2006-03-01,51,68,51,68,119
TOMINA,consulta externa,nuevas en personas de 5 a 14 anos,2006-03-01,57,61,57,61,118
TORO TORO,consulta externa,nuevas en personas de 5 a 14 anos,2006-03-01,48,41,48,41,89
TOTORA(CBBA),consulta externa,nuevas en personas de 5 a 14 anos,2006-03-01,17,38,17,38,55
TOTORA(ORR),consulta externa,nuevas en personas de 5 a 14 anos,2006-03-01,31,27,31,27,58
TRIGAL,consulta externa,nuevas en personas de 5 a 14 anos,2006-03-01,31,33,31,33,64
TRINIDAD,consulta externa,nuevas en personas de 5 a 14 anos,2006-03-01,933,1063,933,1063,1996
TUPIZA,consulta externa,nuevas en personas de 5 a 14 anos,2006-03-01,701,897,701,897,1598
TURCO,consulta externa,nuevas en personas de 5 a 14 anos,2006-03-01,78,61,78,61,139
UMALA,consulta externa,nuevas en personas de 5 a 14 anos,2006-03-01,44,26,44,26,70
UNCIA,consulta externa,nuevas en personas de 5 a 14 anos,2006-03-01,217,182,217,182,399
URIONDO (A. CONCEPCION),consulta externa,nuevas en personas de 5 a 14 anos,2006-03-01,158,167,158,167,325
URUBICHA,consulta externa,nuevas en personas de 5 a 14 anos,2006-03-01,48,29,48,29,77
UYUNI,consulta externa,nuevas en personas de 5 a 14 anos,2006-03-01,100,109,100,109,209
VACAS,consulta externa,nuevas en personas de 5 a 14 anos,2006-03-01,64,56,64,56,120
VALLEGRANDE,consulta externa,nuevas en personas de 5 a 14 anos,2006-03-01,171,192,171,192,363
VIACHA,consulta externa,nuevas en personas de 5 a 14 anos,2006-03-01,242,257,242,257,499
VILA VILA,consulta externa,nuevas en personas de 5 a 14 anos,2006-03-01,31,43,31,43,74
VILLA MONTES,consulta externa,nuevas en personas de 5 a 14 anos,2006-03-01,262,246,262,246,508
VILLA NUEVA (LOMA ALTA),consulta externa,nuevas en personas de 5 a 14 anos,2006-03-01,21,21,21,21,42
VILLA RIVERO,consulta externa,nuevas en personas de 5 a 14 anos,2006-03-01,18,13,18,13,31
VILLA SERRANO,consulta externa,nuevas en personas de 5 a 14 anos,2006-03-01,114,120,114,120,234
VILLA TUNARI,consulta externa,nuevas en personas de 5 a 14 anos,2006-03-01,421,299,421,299,720
VILLA VACA GUZMAN (MUYUPAMPA),consulta externa,nuevas en personas de 5 a 14 anos,2006-03-01,112,101,112,101,213
VILLAZON,consulta externa,nuevas en personas de 5 a 14 anos,2006-03-01,254,253,254,253,507
VINTO,consulta externa,nuevas en personas de 5 a 14 anos,2006-03-01,50,50,50,50,100
VITICHI,consulta externa,nuevas en personas de 5 a 14 anos,2006-03-01,54,57,54,57,111
WALDO BALLIVIAN,consulta externa,nuevas en personas de 5 a 14 anos,2006-03-01,5,3,5,3,8
WARNES,consulta externa,nuevas en personas de 5 a 14 anos,2006-03-01,303,278,303,278,581
YACO,consulta externa,nuevas en personas de 5 a 14 anos,2006-03-01,27,19,27,19,46
YACUIBA,consulta externa,nuevas en personas de 5 a 14 anos,2006-03-01,694,701,694,701,1395
YAMPARAEZ,consulta externa,nuevas en personas de 5 a 14 anos,2006-03-01,33,23,33,23,56
YANACACHI,consulta externa,nuevas en personas de 5 a 14 anos,2006-03-01,111,92,111,92,203
YAPACANI,consulta externa,nuevas en personas de 5 a 14 anos,2006-03-01,383,388,383,388,771
YOCALLA,consulta externa,nuevas en personas de 5 a 14 anos,2006-03-01,29,30,29,30,59
YOTALA,consulta externa,nuevas en personas de 5 a 14 anos,2006-03-01,63,75,63,75,138
YUNCHARA,consulta externa,nuevas en personas de 5 a 14 anos,2006-03-01,86,67,86,67,153
ZUDAÑEZ,consulta externa,nuevas en personas de 5 a 14 anos,2006-03-01,45,47,45,47,92
ACACIO,consulta externa,nuevas en personas de 5 a 14 anos,2006-04-01,260,199,260,199,459
ACHACACHI,consulta externa,nuevas en personas de 5 a 14 anos,2006-04-01,123,108,123,108,231
ACHOCALLA,consulta externa,nuevas en personas de 5 a 14 anos,2006-04-01,17,27,17,27,44
AIQUILE,consulta externa,nuevas en personas de 5 a 14 anos,2006-04-01,84,86,84,86,170
ALALAY,consulta externa,nuevas en personas de 5 a 14 anos,2006-04-01,2,1,2,1,3
ALCALA,consulta externa,nuevas en personas de 5 a 14 anos,2006-04-01,76,52,76,52,128
ANCORAIMES,consulta externa,nuevas en personas de 5 a 14 anos,2006-04-01,23,20,23,20,43
ANDAMARCA,consulta externa,nuevas en personas de 5 a 14 anos,2006-04-01,41,43,41,43,84
ANTEQUERA,consulta externa,nuevas en personas de 5 a 14 anos,2006-04-01,42,40,42,40,82
ANZALDO,consulta externa,nuevas en personas de 5 a 14 anos,2006-04-01,11,21,11,21,32
APOLO,consulta externa,nuevas en personas de 5 a 14 anos,2006-04-01,81,95,81,95,176
ARAMPAMPA,consulta externa,nuevas en personas de 5 a 14 anos,2006-04-01,13,14,13,14,27
ARANI,consulta externa,nuevas en personas de 5 a 14 anos,2006-04-01,47,19,47,19,66
ARBIETO,consulta externa,nuevas en personas de 5 a 14 anos,2006-04-01,25,23,25,23,48
ARQUE,consulta externa,nuevas en personas de 5 a 14 anos,2006-04-01,34,45,34,45,79
ASCENCION DE GUARAYOS,consulta externa,nuevas en personas de 5 a 14 anos,2006-04-01,160,144,160,144,304
ATOCHA,consulta externa,nuevas en personas de 5 a 14 anos,2006-04-01,260,292,260,292,552
AUCAPATA,consulta externa,nuevas en personas de 5 a 14 anos,2006-04-01,46,57,46,57,103
AYATA,consulta externa,nuevas en personas de 5 a 14 anos,2006-04-01,36,34,36,34,70
AYO AYO,consulta externa,nuevas en personas de 5 a 14 anos,2006-04-01,32,15,32,15,47
AYOPAYA (V. DE INDEPENDENCIA),consulta externa,nuevas en personas de 5 a 14 anos,2006-04-01,79,74,79,74,153
AZURDUY,consulta externa,nuevas en personas de 5 a 14 anos,2006-04-01,113,147,113,147,260
BATALLAS,consulta externa,nuevas en personas de 5 a 14 anos,2006-04-01,42,28,42,28,70
BAURES,consulta externa,nuevas en personas de 5 a 14 anos,2006-04-01,37,53,37,53,90
BELEN DE ANDAMARCA,consulta externa,nuevas en personas de 5 a 14 anos,2006-04-01,17,10,17,10,27
BELEN DE URMIRI,consulta externa,nuevas en personas de 5 a 14 anos,2006-04-01,25,19,25,19,44
BELLA FLOR,consulta externa,nuevas en personas de 5 a 14 anos,2006-04-01,39,33,39,33,72
BERMEJO,consulta externa,nuevas en personas de 5 a 14 anos,2006-04-01,338,263,338,263,601
BETANZOS,consulta externa,nuevas en personas de 5 a 14 anos,2006-04-01,120,152,120,152,272
BOLIVAR,consulta externa,nuevas en personas de 5 a 14 anos,2006-04-01,20,19,20,19,39
BOLPEBRA,consulta externa,nuevas en personas de 5 a 14 anos,2006-04-01,17,19,17,19,36
BOYUIBE,consulta externa,nuevas en personas de 5 a 14 anos,2006-04-01,69,84,69,84,153
BUENA VISTA,consulta externa,nuevas en personas de 5 a 14 anos,2006-04-01,169,130,169,130,299
CABEZAS,consulta externa,nuevas en personas de 5 a 14 anos,2006-04-01,151,333,151,333,484
CAIROMA,consulta externa,nuevas en personas de 5 a 14 anos,2006-04-01,41,40,41,40,81
"CAIZA ""D""",consulta externa,nuevas en personas de 5 a 14 anos,2006-04-01,75,70,75,70,145
CAJUATA,consulta externa,nuevas en personas de 5 a 14 anos,2006-04-01,60,65,60,65,125
CALACOTO,consulta externa,nuevas en personas de 5 a 14 anos,2006-04-01,50,52,50,52,102
CALAMARCA,consulta externa,nuevas en personas de 5 a 14 anos,2006-04-01,49,30,49,30,79
CAMARGO,consulta externa,nuevas en personas de 5 a 14 anos,2006-04-01,130,123,130,123,253
CAMATAQUI (C. VILLA ABECIA),consulta externa,nuevas en personas de 5 a 14 anos,2006-04-01,35,47,35,47,82
CAMIRI,consulta externa,nuevas en personas de 5 a 14 anos,2006-04-01,382,472,382,472,854
CAPINOTA,consulta externa,nuevas en personas de 5 a 14 anos,2006-04-01,92,84,92,84,176
CAQUIAVIRI,consulta externa,nuevas en personas de 5 a 14 anos,2006-04-01,44,29,44,29,73
CARACOLLO,consulta externa,nuevas en personas de 5 a 14 anos,2006-04-01,110,117,110,117,227
CARANAVI,consulta externa,nuevas en personas de 5 a 14 anos,2006-04-01,372,298,372,298,670
CARANGAS,consulta externa,nuevas en personas de 5 a 14 anos,2006-04-01,0,1,0,1,1
CARAPARI,consulta externa,nuevas en personas de 5 a 14 anos,2006-04-01,99,108,99,108,207
CARIPUYO,consulta externa,nuevas en personas de 5 a 14 anos,2006-04-01,21,9,21,9,30
CARMEN RIVERO TORREZ,consulta externa,nuevas en personas de 5 a 14 anos,2006-04-01,9,8,9,8,17
CATACORA,consulta externa,nuevas en personas de 5 a 14 anos,2006-04-01,8,8,8,8,16
CHACARILLA,consulta externa,nuevas en personas de 5 a 14 anos,2006-04-01,10,8,10,8,18
CHALLAPATA,consulta externa,nuevas en personas de 5 a 14 anos,2006-04-01,114,121,114,121,235
CHAQUI,consulta externa,nuevas en personas de 5 a 14 anos,2006-04-01,20,15,20,15,35
CHARAGUA,consulta externa,nuevas en personas de 5 a 14 anos,2006-04-01,73,86,73,86,159
CHARAÑA,consulta externa,nuevas en personas de 5 a 14 anos,2006-04-01,18,14,18,14,32
CHAYANTA,consulta externa,nuevas en personas de 5 a 14 anos,2006-04-01,87,74,87,74,161
CHIMORE,consulta externa,nuevas en personas de 5 a 14 anos,2006-04-01,127,111,127,111,238
CHIPAYA,consulta externa,nuevas en personas de 5 a 14 anos,2006-04-01,17,19,17,19,36
CHOQUE COTA,consulta externa,nuevas en personas de 5 a 14 anos,2006-04-01,22,12,22,12,34
CHULUMANI (V. DE LA LIBERTAD),consulta externa,nuevas en personas de 5 a 14 anos,2006-04-01,77,76,77,76,153
CHUMA,consulta externa,nuevas en personas de 5 a 14 anos,2006-04-01,57,46,57,46,103
CLIZA,consulta externa,nuevas en personas de 5 a 14 anos,2006-04-01,17,15,17,15,32
COBIJA,consulta externa,nuevas en personas de 5 a 14 anos,2006-04-01,240,209,240,209,449
COCHABAMBA,consulta externa,nuevas en personas de 5 a 14 anos,2006-04-01,4070,4165,4070,4165,8235
COIPASA,consulta externa,nuevas en personas de 5 a 14 anos,2006-04-01,3,7,3,7,10
COLCAPIRHUA,consulta externa,nuevas en personas de 5 a 14 anos,2006-04-01,212,169,212,169,381
"COLCHA ""K""",consulta externa,nuevas en personas de 5 a 14 anos,2006-04-01,73,81,73,81,154
COLLANA,consulta externa,nuevas en personas de 5 a 14 anos,2006-04-01,4,2,4,2,6
COLOMI,consulta externa,nuevas en personas de 5 a 14 anos,2006-04-01,34,39,34,39,73
COLPA BELGICA,consulta externa,nuevas en personas de 5 a 14 anos,2006-04-01,87,93,87,93,180
COLQUECHACA,consulta externa,nuevas en personas de 5 a 14 anos,2006-04-01,118,88,118,88,206
COLQUENCHA,consulta externa,nuevas en personas de 5 a 14 anos,2006-04-01,24,27,24,27,51
COLQUIRI,consulta externa,nuevas en personas de 5 a 14 anos,2006-04-01,103,81,103,81,184
COMANCHE,consulta externa,nuevas en personas de 5 a 14 anos,2006-04-01,10,9,10,9,19
COMARAPA,consulta externa,nuevas en personas de 5 a 14 anos,2006-04-01,123,105,123,105,228
COMBAYA,consulta externa,nuevas en personas de 5 a 14 anos,2006-04-01,8,1,8,1,9
CONCEPCION,consulta externa,nuevas en personas de 5 a 14 anos,2006-04-01,58,35,58,35,93
COPACABANA,consulta externa,nuevas en personas de 5 a 14 anos,2006-04-01,55,50,55,50,105
CORIPATA,consulta externa,nuevas en personas de 5 a 14 anos,2006-04-01,82,84,82,84,166
CORO CORO,consulta externa,nuevas en personas de 5 a 14 anos,2006-04-01,28,24,28,24,52
COROICO,consulta externa,nuevas en personas de 5 a 14 anos,2006-04-01,167,138,167,138,305
CORQUE,consulta externa,nuevas en personas de 5 a 14 anos,2006-04-01,52,50,52,50,102
COTAGAITA,consulta externa,nuevas en personas de 5 a 14 anos,2006-04-01,260,277,260,277,537
COTOCA,consulta externa,nuevas en personas de 5 a 14 anos,2006-04-01,86,66,86,66,152
CUATRO CAÑADAS,consulta externa,nuevas en personas de 5 a 14 anos,2006-04-01,224,225,224,225,449
CUCHUMUELA (V. G. VILLARROEL),consulta externa,nuevas en personas de 5 a 14 anos,2006-04-01,10,8,10,8,18
CUEVO,consulta externa,nuevas en personas de 5 a 14 anos,2006-04-01,39,63,39,63,102
CULPINA,consulta externa,nuevas en personas de 5 a 14 anos,2006-04-01,62,70,62,70,132
CURAHUARA DE CARANGAS,consulta externa,nuevas en personas de 5 a 14 anos,2006-04-01,129,140,129,140,269
CURVA,consulta externa,nuevas en personas de 5 a 14 anos,2006-04-01,3,11,3,11,14
DESAGUADERO,consulta externa,nuevas en personas de 5 a 14 anos,2006-04-01,11,11,11,11,22
EL ALTO,consulta externa,nuevas en personas de 5 a 14 anos,2006-04-01,5167,5334,5167,5334,10501
EL CHORO,consulta externa,nuevas en personas de 5 a 14 anos,2006-04-01,56,58,56,58,114
EL PUENTE(STC),consulta externa,nuevas en personas de 5 a 14 anos,2006-04-01,97,104,97,104,201
EL PUENTE(TJA),consulta externa,nuevas en personas de 5 a 14 anos,2006-04-01,203,204,203,204,407
EL TORNO,consulta externa,nuevas en personas de 5 a 14 anos,2006-04-01,255,266,255,266,521
EL VILLAR,consulta externa,nuevas en personas de 5 a 14 anos,2006-04-01,27,30,27,30,57
ENTRE RIOS,consulta externa,nuevas en personas de 5 a 14 anos,2006-04-01,162,149,162,149,311
ENTRE RIOS,consulta externa,nuevas en personas de 5 a 14 anos,2006-04-01,59,55,59,55,114
EUCALIPTUS,consulta externa,nuevas en personas de 5 a 14 anos,2006-04-01,25,41,25,41,66
EUREKA (SANTOS MERCADO),consulta externa,nuevas en personas de 5 a 14 anos,2006-04-01,4,1,4,1,5
EXALTACION,consulta externa,nuevas en personas de 5 a 14 anos,2006-04-01,13,8,13,8,21
FERNANDEZ ALONSO,consulta externa,nuevas en personas de 5 a 14 anos,2006-04-01,77,90,77,90,167
FILADELFIA,consulta externa,nuevas en personas de 5 a 14 anos,2006-04-01,55,69,55,69,124
GENERAL SAAVEDRA,consulta externa,nuevas en personas de 5 a 14 anos,2006-04-01,145,102,145,102,247
GRAL. J.J. PEREZ (CHARAZANI),consulta externa,nuevas en personas de 5 a 14 anos,2006-04-01,29,33,29,33,62
GUANAY,consulta externa,nuevas en personas de 5 a 14 anos,2006-04-01,81,83,81,83,164
GUAQUI,consulta externa,nuevas en personas de 5 a 14 anos,2006-04-01,26,18,26,18,44
GUAYARAMERIN,consulta externa,nuevas en personas de 5 a 14 anos,2006-04-01,276,353,276,353,629
GUTIERREZ,consulta externa,nuevas en personas de 5 a 14 anos,2006-04-01,169,154,169,154,323
HUACARETA,consulta externa,nuevas en personas de 5 a 14 anos,2006-04-01,110,83,110,83,193
HUACAYA (VILLA DE HUACAYA),consulta externa,nuevas en personas de 5 a 14 anos,2006-04-01,11,16,11,16,27
HUACHACALLA,consulta externa,nuevas en personas de 5 a 14 anos,2006-04-01,3,15,3,15,18
HUANUNI,consulta externa,nuevas en personas de 5 a 14 anos,2006-04-01,250,274,250,274,524
HUARACAJE,consulta externa,nuevas en personas de 5 a 14 anos,2006-04-01,32,25,32,25,57
HUAYLLAMARCA,consulta externa,nuevas en personas de 5 a 14 anos,2006-04-01,22,39,22,39,61
ICHOCA,consulta externa,nuevas en personas de 5 a 14 anos,2006-04-01,16,13,16,13,29
ICLA,consulta externa,nuevas en personas de 5 a 14 anos,2006-04-01,112,112,112,112,224
INCAHUASI,consulta externa,nuevas en personas de 5 a 14 anos,2006-04-01,139,147,139,147,286
INGAVI (HUMAITA),consulta externa,nuevas en personas de 5 a 14 anos,2006-04-01,23,40,23,40,63
INQUISIVI,consulta externa,nuevas en personas de 5 a 14 anos,2006-04-01,30,42,30,42,72
IRUPANA (VILLA DE LANZA),consulta externa,nuevas en personas de 5 a 14 anos,2006-04-01,84,71,84,71,155
IXIAMAS,consulta externa,nuevas en personas de 5 a 14 anos,2006-04-01,52,59,52,59,111
JESUS DE MACHACA,consulta externa,nuevas en personas de 5 a 14 anos,2006-04-01,53,53,53,53,106
LA ASUNTA,consulta externa,nuevas en personas de 5 a 14 anos,2006-04-01,88,53,88,53,141
LA GUARDIA,consulta externa,nuevas en personas de 5 a 14 anos,2006-04-01,225,183,225,183,408
LA PAZ,consulta externa,nuevas en personas de 5 a 14 anos,2006-04-01,6770,6557,6770,6557,13327
LA RIVERA,consulta externa,nuevas en personas de 5 a 14 anos,2006-04-01,1,3,1,3,4
LAGUNILLAS,consulta externa,nuevas en personas de 5 a 14 anos,2006-04-01,78,81,78,81,159
LAJA,consulta externa,nuevas en personas de 5 a 14 anos,2006-04-01,30,24,30,24,54
LAS CARRERAS,consulta externa,nuevas en personas de 5 a 14 anos,2006-04-01,14,15,14,15,29
LICOMA PAMPA,consulta externa,nuevas en personas de 5 a 14 anos,2006-04-01,30,40,30,40,70
LLALLAGUA,consulta externa,nuevas en personas de 5 a 14 anos,2006-04-01,139,131,139,131,270
LLICA,consulta externa,nuevas en personas de 5 a 14 anos,2006-04-01,40,52,40,52,92
LORETO,consulta externa,nuevas en personas de 5 a 14 anos,2006-04-01,32,39,32,39,71
LURIBAY,consulta externa,nuevas en personas de 5 a 14 anos,2006-04-01,43,42,43,42,85
MACHACAMARCA,consulta externa,nuevas en personas de 5 a 14 anos,2006-04-01,24,19,24,19,43
MACHARETI,consulta externa,nuevas en personas de 5 a 14 anos,2006-04-01,83,111,83,111,194
MAGDALENA,consulta externa,nuevas en personas de 5 a 14 anos,2006-04-01,48,56,48,56,104
MAIRANA,consulta externa,nuevas en personas de 5 a 14 anos,2006-04-01,44,36,44,36,80
MALLA,consulta externa,nuevas en personas de 5 a 14 anos,2006-04-01,56,45,56,45,101
MAPIRI,consulta externa,nuevas en personas de 5 a 14 anos,2006-04-01,53,67,53,67,120
MECAPACA,consulta externa,nuevas en personas de 5 a 14 anos,2006-04-01,128,93,128,93,221
MINEROS,consulta externa,nuevas en personas de 5 a 14 anos,2006-04-01,49,51,49,51,100
MIZQUE,consulta externa,nuevas en personas de 5 a 14 anos,2006-04-01,40,44,40,44,84
MOCOMOCO,consulta externa,nuevas en personas de 5 a 14 anos,2006-04-01,72,59,72,59,131
MOJINETE,consulta externa,nuevas en personas de 5 a 14 anos,2006-04-01,7,8,7,8,15
MOJOCOYA,consulta externa,nuevas en personas de 5 a 14 anos,2006-04-01,37,42,37,42,79
MONTEAGUDO,consulta externa,nuevas en personas de 5 a 14 anos,2006-04-01,223,262,223,262,485
MONTERO,consulta externa,nuevas en personas de 5 a 14 anos,2006-04-01,1463,1370,1463,1370,2833
MORO MORO,consulta externa,nuevas en personas de 5 a 14 anos,2006-04-01,45,61,45,61,106
MOROCHATA,consulta externa,nuevas en personas de 5 a 14 anos,2006-04-01,30,24,30,24,54
NACEBE (SANTA ROSA DEL ABUNA),consulta externa,nuevas en personas de 5 a 14 anos,2006-04-01,83,45,83,45,128
NAZACARA DE PACAJES,consulta externa,nuevas en personas de 5 a 14 anos,2006-04-01,3,3,3,3,6
NUEVO MANOA (NUEVA ESPERANZA),consulta externa,nuevas en personas de 5 a 14 anos,2006-04-01,26,25,26,25,51
OCURI,consulta externa,nuevas en personas de 5 a 14 anos,2006-04-01,93,66,93,66,159
OKINAWA,consulta externa,nuevas en personas de 5 a 14 anos,2006-04-01,85,71,85,71,156
OMEREQUE,consulta externa,nuevas en personas de 5 a 14 anos,2006-04-01,90,63,90,63,153
ORURO,consulta externa,nuevas en personas de 5 a 14 anos,2006-04-01,2428,2385,2428,2385,4813
PADCAYA,consulta externa,nuevas en personas de 5 a 14 anos,2006-04-01,307,259,307,259,566
PADILLA,consulta externa,nuevas en personas de 5 a 14 anos,2006-04-01,133,122,133,122,255
PAILON,consulta externa,nuevas en personas de 5 a 14 anos,2006-04-01,98,140,98,140,238
PALCA,consulta externa,nuevas en personas de 5 a 14 anos,2006-04-01,47,39,47,39,86
PALOS BLANCOS,consulta externa,nuevas en personas de 5 a 14 anos,2006-04-01,141,133,141,133,274
PAMPA AULLAGAS,consulta externa,nuevas en personas de 5 a 14 anos,2006-04-01,18,21,18,21,39
PAMPA GRANDE,consulta externa,nuevas en personas de 5 a 14 anos,2006-04-01,45,47,45,47,92
PAPEL PAMPA,consulta externa,nuevas en personas de 5 a 14 anos,2006-04-01,27,33,27,33,60
PASORAPA,consulta externa,nuevas en personas de 5 a 14 anos,2006-04-01,38,38,38,38,76
PATACAMAYA,consulta externa,nuevas en personas de 5 a 14 anos,2006-04-01,41,39,41,39,80
PAZÑA,consulta externa,nuevas en personas de 5 a 14 anos,2006-04-01,41,53,41,53,94
PELECHUCO,consulta externa,nuevas en personas de 5 a 14 anos,2006-04-01,27,24,27,24,51
POCOATA,consulta externa,nuevas en personas de 5 a 14 anos,2006-04-01,86,67,86,67,153
POCONA,consulta externa,nuevas en personas de 5 a 14 anos,2006-04-01,59,56,59,56,115
POJO (CBBA),consulta externa,nuevas en personas de 5 a 14 anos,2006-04-01,21,17,21,17,38
POOPO,consulta externa,nuevas en personas de 5 a 14 anos,2006-04-01,36,43,36,43,79
PORCO,consulta externa,nuevas en personas de 5 a 14 anos,2006-04-01,31,24,31,24,55
POROMA,consulta externa,nuevas en personas de 5 a 14 anos,2006-04-01,124,162,124,162,286
PORONGO,consulta externa,nuevas en personas de 5 a 14 anos,2006-04-01,109,95,109,95,204
PORTACHUELO,consulta externa,nuevas en personas de 5 a 14 anos,2006-04-01,108,153,108,153,261
PORVENIR,consulta externa,nuevas en personas de 5 a 14 anos,2006-04-01,58,40,58,40,98
POSTRER VALLE,consulta externa,nuevas en personas de 5 a 14 anos,2006-04-01,21,22,21,22,43
POTOSI,consulta externa,nuevas en personas de 5 a 14 anos,2006-04-01,1527,1477,1527,1477,3004
PRESTO,consulta externa,nuevas en personas de 5 a 14 anos,2006-04-01,83,77,83,77,160
PUCARA,consulta externa,nuevas en personas de 5 a 14 anos,2006-04-01,15,16,15,16,31
PUCARANI,consulta externa,nuevas en personas de 5 a 14 anos,2006-04-01,74,47,74,47,121
PUERTO ACOSTA,consulta externa,nuevas en personas de 5 a 14 anos,2006-04-01,85,81,85,81,166
PUERTO CARABUCO,consulta externa,nuevas en personas de 5 a 14 anos,2006-04-01,122,113,122,113,235
PUERTO GONZALO MORENO,consulta externa,nuevas en personas de 5 a 14 anos,2006-04-01,49,27,49,27,76
PUERTO PEREZ,consulta externa,nuevas en personas de 5 a 14 anos,2006-04-01,27,22,27,22,49
PUERTO QUIJARRO,consulta externa,nuevas en personas de 5 a 14 anos,2006-04-01,175,135,175,135,310
PUERTO RICO,consulta externa,nuevas en personas de 5 a 14 anos,2006-04-01,89,78,89,78,167
PUERTO SILES,consulta externa,nuevas en personas de 5 a 14 anos,2006-04-01,10,18,10,18,28
PUERTO SUAREZ,consulta externa,nuevas en personas de 5 a 14 anos,2006-04-01,306,304,306,304,610
PUERTO VILLARROEL,consulta externa,nuevas en personas de 5 a 14 anos,2006-04-01,334,284,334,284,618
PUNA,consulta externa,nuevas en personas de 5 a 14 anos,2006-04-01,193,180,193,180,373
PUNATA,consulta externa,nuevas en personas de 5 a 14 anos,2006-04-01,103,86,103,86,189
QUIABAYA,consulta externa,nuevas en personas de 5 a 14 anos,2006-04-01,0,2,0,2,2
QUILLACOLLO,consulta externa,nuevas en personas de 5 a 14 anos,2006-04-01,331,301,331,301,632
QUIME,consulta externa,nuevas en personas de 5 a 14 anos,2006-04-01,38,38,38,38,76
QUIRUSILLAS,consulta externa,nuevas en personas de 5 a 14 anos,2006-04-01,18,16,18,16,34
RAVELO,consulta externa,nuevas en personas de 5 a 14 anos,2006-04-01,42,41,42,41,83
REYES,consulta externa,nuevas en personas de 5 a 14 anos,2006-04-01,66,57,66,57,123
RIBERALTA,consulta externa,nuevas en personas de 5 a 14 anos,2006-04-01,361,382,361,382,743
ROBORE,consulta externa,nuevas en personas de 5 a 14 anos,2006-04-01,107,91,107,91,198
RURRENABAQUE,consulta externa,nuevas en personas de 5 a 14 anos,2006-04-01,104,117,104,117,221
SABAYA,consulta externa,nuevas en personas de 5 a 14 anos,2006-04-01,19,22,19,22,41
SACABA,consulta externa,nuevas en personas de 5 a 14 anos,2006-04-01,283,285,283,285,568
SACABAMBA,consulta externa,nuevas en personas de 5 a 14 anos,2006-04-01,22,12,22,12,34
SACACA,consulta externa,nuevas en personas de 5 a 14 anos,2006-04-01,94,102,94,102,196
SAIPINA,consulta externa,nuevas en personas de 5 a 14 anos,2006-04-01,11,11,11,11,22
SALINAS DE GARCI MENDOZA,consulta externa,nuevas en personas de 5 a 14 anos,2006-04-01,59,51,59,51,110
SAMAIPATA,consulta externa,nuevas en personas de 5 a 14 anos,2006-04-01,73,78,73,78,151
SAN AGUSTIN,consulta externa,nuevas en personas de 5 a 14 anos,2006-04-01,8,5,8,5,13
SAN ANDRES,consulta externa,nuevas en personas de 5 a 14 anos,2006-04-01,49,49,49,49,98
SAN ANDRES DE MACHACA,consulta externa,nuevas en personas de 5 a 14 anos,2006-04-01,22,24,22,24,46
SAN ANTONIO DE ESMORUCO,consulta externa,nuevas en personas de 5 a 14 anos,2006-04-01,15,21,15,21,36
SAN ANTONIO DE LOMERIO,consulta externa,nuevas en personas de 5 a 14 anos,2006-04-01,28,26,28,26,54
SAN BENITO,consulta externa,nuevas en personas de 5 a 14 anos,2006-04-01,54,52,54,52,106
SAN BORJA,consulta externa,nuevas en personas de 5 a 14 anos,2006-04-01,120,125,120,125,245
SAN BUENA VENTURA,consulta externa,nuevas en personas de 5 a 14 anos,2006-04-01,84,126,84,126,210
SAN CARLOS,consulta externa,nuevas en personas de 5 a 14 anos,2006-04-01,106,71,106,71,177
SAN IGNACIO,consulta externa,nuevas en personas de 5 a 14 anos,2006-04-01,78,92,78,92,170
SAN IGNACIO DE VELASCO,consulta externa,nuevas en personas de 5 a 14 anos,2006-04-01,286,303,286,303,589
SAN JAVIER(BNI),consulta externa,nuevas en personas de 5 a 14 anos,2006-04-01,32,33,32,33,65
SAN JAVIER(STC),consulta externa,nuevas en personas de 5 a 14 anos,2006-04-01,31,41,31,41,72
SAN JOAQUIN,consulta externa,nuevas en personas de 5 a 14 anos,2006-04-01,32,34,32,34,66
SAN JOSE DE CHIQUITOS,consulta externa,nuevas en personas de 5 a 14 anos,2006-04-01,103,114,103,114,217
SAN JUAN DE YAPACANI,consulta externa,nuevas en personas de 5 a 14 anos,2006-04-01,73,51,73,51,124
SAN JULIAN,consulta externa,nuevas en personas de 5 a 14 anos,2006-04-01,539,484,539,484,1023
SAN LORENZO(PND),consulta externa,nuevas en personas de 5 a 14 anos,2006-04-01,31,35,31,35,66
SAN LORENZO(TJA),consulta externa,nuevas en personas de 5 a 14 anos,2006-04-01,291,326,291,326,617
SAN LUCAS,consulta externa,nuevas en personas de 5 a 14 anos,2006-04-01,156,122,156,122,278
SAN MATIAS,consulta externa,nuevas en personas de 5 a 14 anos,2006-04-01,31,48,31,48,79
SAN MIGUEL DE VELASCO,consulta externa,nuevas en personas de 5 a 14 anos,2006-04-01,135,146,135,146,281
SAN PABLO DE LIPEZ,consulta externa,nuevas en personas de 5 a 14 anos,2006-04-01,51,48,51,48,99
SAN PEDRO,consulta externa,nuevas en personas de 5 a 14 anos,2006-04-01,211,215,211,215,426
SAN PEDRO DE BUENA VISTA,consulta externa,nuevas en personas de 5 a 14 anos,2006-04-01,65,57,65,57,122
SAN PEDRO DE CURAHUARA,consulta externa,nuevas en personas de 5 a 14 anos,2006-04-01,44,41,44,41,85
SAN PEDRO DE QUEMES,consulta externa,nuevas en personas de 5 a 14 anos,2006-04-01,1,5,1,5,6
SAN PEDRO DE TIQUINA,consulta externa,nuevas en personas de 5 a 14 anos,2006-04-01,25,19,25,19,44
SAN PEDRO(PND),consulta externa,nuevas en personas de 5 a 14 anos,2006-04-01,44,30,44,30,74
SAN RAFAEL,consulta externa,nuevas en personas de 5 a 14 anos,2006-04-01,29,19,29,19,48
SAN RAMON,consulta externa,nuevas en personas de 5 a 14 anos,2006-04-01,38,32,38,32,70
SAN RAMON,consulta externa,nuevas en personas de 5 a 14 anos,2006-04-01,55,50,55,50,105
SANTA ANA,consulta externa,nuevas en personas de 5 a 14 anos,2006-04-01,40,52,40,52,92
SANTA CRUZ DE LA SIERRA,consulta externa,nuevas en personas de 5 a 14 anos,2006-04-01,10399,10800,10399,10800,21199
SANTA ROSA,consulta externa,nuevas en personas de 5 a 14 anos,2006-04-01,125,153,125,153,278
SANTA ROSA DEL SARA,consulta externa,nuevas en personas de 5 a 14 anos,2006-04-01,102,103,102,103,205
SANTIAGO DE CALLAPA,consulta externa,nuevas en personas de 5 a 14 anos,2006-04-01,19,16,19,16,35
SANTIAGO DE HUARI,consulta externa,nuevas en personas de 5 a 14 anos,2006-04-01,60,42,60,42,102
SANTIAGO DE MACHACA,consulta externa,nuevas en personas de 5 a 14 anos,2006-04-01,3,8,3,8,11
SANTIVAÑES,consulta externa,nuevas en personas de 5 a 14 anos,2006-04-01,38,23,38,23,61
SANTUARIO DE QUILLACAS,consulta externa,nuevas en personas de 5 a 14 anos,2006-04-01,15,14,15,14,29
SAPAHAQUI,consulta externa,nuevas en personas de 5 a 14 anos,2006-04-01,50,47,50,47,97
SENA,consulta externa,nuevas en personas de 5 a 14 anos,2006-04-01,37,27,37,27,64
SICA SICA (VILLA AROMA),consulta externa,nuevas en personas de 5 a 14 anos,2006-04-01,23,26,23,26,49
SICAYA,consulta externa,nuevas en personas de 5 a 14 anos,2006-04-01,9,9,9,9,18
SIPE SIPE,consulta externa,nuevas en personas de 5 a 14 anos,2006-04-01,81,60,81,60,141
SOPACHUY,consulta externa,nuevas en personas de 5 a 14 anos,2006-04-01,47,51,47,51,98
SORACACHI,consulta externa,nuevas en personas de 5 a 14 anos,2006-04-01,39,35,39,35,74
SORATA,consulta externa,nuevas en personas de 5 a 14 anos,2006-04-01,40,45,40,45,85
SUCRE,consulta externa,nuevas en personas de 5 a 14 anos,2006-04-01,2892,2869,2892,2869,5761
TACACHI,consulta externa,nuevas en personas de 5 a 14 anos,2006-04-01,3,5,3,5,8
TACACOMA,consulta externa,nuevas en personas de 5 a 14 anos,2006-04-01,23,26,23,26,49
TACOBAMBA,consulta externa,nuevas en personas de 5 a 14 anos,2006-04-01,46,37,46,37,83
TACOPAYA,consulta externa,nuevas en personas de 5 a 14 anos,2006-04-01,46,35,46,35,81
TAHUA,consulta externa,nuevas en personas de 5 a 14 anos,2006-04-01,4,11,4,11,15
TAPACARI,consulta externa,nuevas en personas de 5 a 14 anos,2006-04-01,101,64,101,64,165
TARABUCO,consulta externa,nuevas en personas de 5 a 14 anos,2006-04-01,112,106,112,106,218
TARACO,consulta externa,nuevas en personas de 5 a 14 anos,2006-04-01,5,12,5,12,17
TARATA,consulta externa,nuevas en personas de 5 a 14 anos,2006-04-01,49,29,49,29,78
TARIJA,consulta externa,nuevas en personas de 5 a 14 anos,2006-04-01,1321,1168,1321,1168,2489
TARVITA,consulta externa,nuevas en personas de 5 a 14 anos,2006-04-01,69,67,69,67,136
TEOPONTE,consulta externa,nuevas en personas de 5 a 14 anos,2006-04-01,54,43,54,43,97
TIAWANACU,consulta externa,nuevas en personas de 5 a 14 anos,2006-04-01,82,51,82,51,133
TINGUIPAYA,consulta externa,nuevas en personas de 5 a 14 anos,2006-04-01,135,100,135,100,235
TIPUANI,consulta externa,nuevas en personas de 5 a 14 anos,2006-04-01,19,14,19,14,33
TIQUIPAYA,consulta externa,nuevas en personas de 5 a 14 anos,2006-04-01,107,108,107,108,215
TIRAQUE (CBBA),consulta externa,nuevas en personas de 5 a 14 anos,2006-04-01,144,136,144,136,280
TITO YUPANQUI (PARQUIPUJIO),consulta externa,nuevas en personas de 5 a 14 anos,2006-04-01,12,18,12,18,30
TOCO,consulta externa,nuevas en personas de 5 a 14 anos,2006-04-01,14,13,14,13,27
TODOS SANTOS,consulta externa,nuevas en personas de 5 a 14 anos,2006-04-01,2,1,2,1,3
TOLATA,consulta externa,nuevas en personas de 5 a 14 anos,2006-04-01,29,24,29,24,53
TOLEDO,consulta externa,nuevas en personas de 5 a 14 anos,2006-04-01,62,63,62,63,125
TOMAVE,consulta externa,nuevas en personas de 5 a 14 anos,2006-04-01,56,59,56,59,115
TOMINA,consulta externa,nuevas en personas de 5 a 14 anos,2006-04-01,46,52,46,52,98
TORO TORO,consulta externa,nuevas en personas de 5 a 14 anos,2006-04-01,48,58,48,58,106
TOTORA(CBBA),consulta externa,nuevas en personas de 5 a 14 anos,2006-04-01,26,39,26,39,65
TOTORA(ORR),consulta externa,nuevas en personas de 5 a 14 anos,2006-04-01,16,10,16,10,26
TRIGAL,consulta externa,nuevas en personas de 5 a 14 anos,2006-04-01,21,28,21,28,49
TRINIDAD,consulta externa,nuevas en personas de 5 a 14 anos,2006-04-01,527,616,527,616,1143
TUPIZA,consulta externa,nuevas en personas de 5 a 14 anos,2006-04-01,693,812,693,812,1505
TURCO,consulta externa,nuevas en personas de 5 a 14 anos,2006-04-01,17,13,17,13,30
UMALA,consulta externa,nuevas en personas de 5 a 14 anos,2006-04-01,34,36,34,36,70
UNCIA,consulta externa,nuevas en personas de 5 a 14 anos,2006-04-01,199,207,199,207,406
URIONDO (A. CONCEPCION),consulta externa,nuevas en personas de 5 a 14 anos,2006-04-01,130,142,130,142,272
URUBICHA,consulta externa,nuevas en personas de 5 a 14 anos,2006-04-01,23,15,23,15,38
UYUNI,consulta externa,nuevas en personas de 5 a 14 anos,2006-04-01,145,152,145,152,297
VACAS,consulta externa,nuevas en personas de 5 a 14 anos,2006-04-01,124,106,124,106,230
VALLEGRANDE,consulta externa,nuevas en personas de 5 a 14 anos,2006-04-01,123,165,123,165,288
VIACHA,consulta externa,nuevas en personas de 5 a 14 anos,2006-04-01,331,329,331,329,660
VILA VILA,consulta externa,nuevas en personas de 5 a 14 anos,2006-04-01,11,12,11,12,23
VILLA MONTES,consulta externa,nuevas en personas de 5 a 14 anos,2006-04-01,321,329,321,329,650
VILLA NUEVA (LOMA ALTA),consulta externa,nuevas en personas de 5 a 14 anos,2006-04-01,12,19,12,19,31
VILLA RIVERO,consulta externa,nuevas en personas de 5 a 14 anos,2006-04-01,26,15,26,15,41
VILLA SERRANO,consulta externa,nuevas en personas de 5 a 14 anos,2006-04-01,52,48,52,48,100
VILLA TUNARI,consulta externa,nuevas en personas de 5 a 14 anos,2006-04-01,465,446,465,446,911
VILLA VACA GUZMAN (MUYUPAMPA),consulta externa,nuevas en personas de 5 a 14 anos,2006-04-01,123,81,123,81,204
VILLAZON,consulta externa,nuevas en personas de 5 a 14 anos,2006-04-01,271,240,271,240,511
VINTO,consulta externa,nuevas en personas de 5 a 14 anos,2006-04-01,41,37,41,37,78
VITICHI,consulta externa,nuevas en personas de 5 a 14 anos,2006-04-01,79,72,79,72,151
WALDO BALLIVIAN,consulta externa,nuevas en personas de 5 a 14 anos,2006-04-01,14,9,14,9,23
WARNES,consulta externa,nuevas en personas de 5 a 14 anos,2006-04-01,279,284,279,284,563
YACO,consulta externa,nuevas en personas de 5 a 14 anos,2006-04-01,34,37,34,37,71
YACUIBA,consulta externa,nuevas en personas de 5 a 14 anos,2006-04-01,614,524,614,524,1138
YAMPARAEZ,consulta externa,nuevas en personas de 5 a 14 anos,2006-04-01,46,22,46,22,68
YANACACHI,consulta externa,nuevas en personas de 5 a 14 anos,2006-04-01,121,99,121,99,220
YAPACANI,consulta externa,nuevas en personas de 5 a 14 anos,2006-04-01,182,177,182,177,359
YOCALLA,consulta externa,nuevas en personas de 5 a 14 anos,2006-04-01,39,29,39,29,68
YOTALA,consulta externa,nuevas en personas de 5 a 14 anos,2006-04-01,68,110,68,110,178
YUNCHARA,consulta externa,nuevas en personas de 5 a 14 anos,2006-04-01,98,133,98,133,231
ZUDAÑEZ,consulta externa,nuevas en personas de 5 a 14 anos,2006-04-01,55,94,55,94,149
ACACIO,consulta externa,nuevas en personas de 5 a 14 anos,2006-05-01,122,96,122,96,218
ACHACACHI,consulta externa,nuevas en personas de 5 a 14 anos,2006-05-01,177,158,177,158,335
ACHOCALLA,consulta externa,nuevas en personas de 5 a 14 anos,2006-05-01,58,36,58,36,94
AIQUILE,consulta externa,nuevas en personas de 5 a 14 anos,2006-05-01,101,109,101,109,210
ALALAY,consulta externa,nuevas en personas de 5 a 14 anos,2006-05-01,6,9,6,9,15
ALCALA,consulta externa,nuevas en personas de 5 a 14 anos,2006-05-01,52,56,52,56,108
ANCORAIMES,consulta externa,nuevas en personas de 5 a 14 anos,2006-05-01,45,26,45,26,71
ANDAMARCA,consulta externa,nuevas en personas de 5 a 14 anos,2006-05-01,27,15,27,15,42
ANTEQUERA,consulta externa,nuevas en personas de 5 a 14 anos,2006-05-01,35,37,35,37,72
ANZALDO,consulta externa,nuevas en personas de 5 a 14 anos,2006-05-01,34,45,34,45,79
APOLO,consulta externa,nuevas en personas de 5 a 14 anos,2006-05-01,86,70,86,70,156
ARAMPAMPA,consulta externa,nuevas en personas de 5 a 14 anos,2006-05-01,25,27,25,27,52
ARANI,consulta externa,nuevas en personas de 5 a 14 anos,2006-05-01,26,12,26,12,38
ARBIETO,consulta externa,nuevas en personas de 5 a 14 anos,2006-05-01,34,42,34,42,76
ARQUE,consulta externa,nuevas en personas de 5 a 14 anos,2006-05-01,62,49,62,49,111
ASCENCION DE GUARAYOS,consulta externa,nuevas en personas de 5 a 14 anos,2006-05-01,198,194,198,194,392
ATOCHA,consulta externa,nuevas en personas de 5 a 14 anos,2006-05-01,433,530,433,530,963
AUCAPATA,consulta externa,nuevas en personas de 5 a 14 anos,2006-05-01,84,27,84,27,111
AYATA,consulta externa,nuevas en personas de 5 a 14 anos,2006-05-01,46,33,46,33,79
AYO AYO,consulta externa,nuevas en personas de 5 a 14 anos,2006-05-01,31,33,31,33,64
AYOPAYA (V. DE INDEPENDENCIA),consulta externa,nuevas en personas de 5 a 14 anos,2006-05-01,123,126,123,126,249
AZURDUY,consulta externa,nuevas en personas de 5 a 14 anos,2006-05-01,77,98,77,98,175
BATALLAS,consulta externa,nuevas en personas de 5 a 14 anos,2006-05-01,31,35,31,35,66
BAURES,consulta externa,nuevas en personas de 5 a 14 anos,2006-05-01,16,16,16,16,32
BELEN DE ANDAMARCA,consulta externa,nuevas en personas de 5 a 14 anos,2006-05-01,12,14,12,14,26
BELEN DE URMIRI,consulta externa,nuevas en personas de 5 a 14 anos,2006-05-01,32,33,32,33,65
BELLA FLOR,consulta externa,nuevas en personas de 5 a 14 anos,2006-05-01,40,42,40,42,82
BERMEJO,consulta externa,nuevas en personas de 5 a 14 anos,2006-05-01,342,336,342,336,678
BETANZOS,consulta externa,nuevas en personas de 5 a 14 anos,2006-05-01,277,263,277,263,540
BOLIVAR,consulta externa,nuevas en personas de 5 a 14 anos,2006-05-01,36,36,36,36,72
BOLPEBRA,consulta externa,nuevas en personas de 5 a 14 anos,2006-05-01,34,36,34,36,70
BOYUIBE,consulta externa,nuevas en personas de 5 a 14 anos,2006-05-01,70,54,70,54,124
BUENA VISTA,consulta externa,nuevas en personas de 5 a 14 anos,2006-05-01,88,68,88,68,156
CABEZAS,consulta externa,nuevas en personas de 5 a 14 anos,2006-05-01,160,133,160,133,293
CAIROMA,consulta externa,nuevas en personas de 5 a 14 anos,2006-05-01,81,77,81,77,158
"CAIZA ""D""",consulta externa,nuevas en personas de 5 a 14 anos,2006-05-01,107,95,107,95,202
CAJUATA,consulta externa,nuevas en personas de 5 a 14 anos,2006-05-01,60,50,60,50,110
CALACOTO,consulta externa,nuevas en personas de 5 a 14 anos,2006-05-01,112,88,112,88,200
CALAMARCA,consulta externa,nuevas en personas de 5 a 14 anos,2006-05-01,54,33,54,33,87
CAMARGO,consulta externa,nuevas en personas de 5 a 14 anos,2006-05-01,133,145,133,145,278
CAMATAQUI (C. VILLA ABECIA),consulta externa,nuevas en personas de 5 a 14 anos,2006-05-01,34,55,34,55,89
CAMIRI,consulta externa,nuevas en personas de 5 a 14 anos,2006-05-01,412,572,412,572,984
CAPINOTA,consulta externa,nuevas en personas de 5 a 14 anos,2006-05-01,84,89,84,89,173
CAQUIAVIRI,consulta externa,nuevas en personas de 5 a 14 anos,2006-05-01,45,44,45,44,89
CARACOLLO,consulta externa,nuevas en personas de 5 a 14 anos,2006-05-01,120,133,120,133,253
CARANAVI,consulta externa,nuevas en personas de 5 a 14 anos,2006-05-01,364,329,364,329,693
CARAPARI,consulta externa,nuevas en personas de 5 a 14 anos,2006-05-01,160,177,160,177,337
CARIPUYO,consulta externa,nuevas en personas de 5 a 14 anos,2006-05-01,33,35,33,35,68
CARMEN RIVERO TORREZ,consulta externa,nuevas en personas de 5 a 14 anos,2006-05-01,3,5,3,5,8
CATACORA,consulta externa,nuevas en personas de 5 a 14 anos,2006-05-01,21,4,21,4,25
CHACARILLA,consulta externa,nuevas en personas de 5 a 14 anos,2006-05-01,5,9,5,9,14
CHALLAPATA,consulta externa,nuevas en personas de 5 a 14 anos,2006-05-01,143,124,143,124,267
CHAQUI,consulta externa,nuevas en personas de 5 a 14 anos,2006-05-01,34,26,34,26,60
CHARAGUA,consulta externa,nuevas en personas de 5 a 14 anos,2006-05-01,107,121,107,121,228
CHARAÑA,consulta externa,nuevas en personas de 5 a 14 anos,2006-05-01,21,17,21,17,38
CHAYANTA,consulta externa,nuevas en personas de 5 a 14 anos,2006-05-01,111,103,111,103,214
CHIMORE,consulta externa,nuevas en personas de 5 a 14 anos,2006-05-01,90,97,90,97,187
CHIPAYA,consulta externa,nuevas en personas de 5 a 14 anos,2006-05-01,10,7,10,7,17
CHOQUE COTA,consulta externa,nuevas en personas de 5 a 14 anos,2006-05-01,22,17,22,17,39
CHULUMANI (V. DE LA LIBERTAD),consulta externa,nuevas en personas de 5 a 14 anos,2006-05-01,197,199,197,199,396
CHUMA,consulta externa,nuevas en personas de 5 a 14 anos,2006-05-01,52,63,52,63,115
CLIZA,consulta externa,nuevas en personas de 5 a 14 anos,2006-05-01,52,42,52,42,94
COBIJA,consulta externa,nuevas en personas de 5 a 14 anos,2006-05-01,275,247,275,247,522
COCHABAMBA,consulta externa,nuevas en personas de 5 a 14 anos,2006-05-01,5659,6017,5659,6017,11676
COIPASA,consulta externa,nuevas en personas de 5 a 14 anos,2006-05-01,3,7,3,7,10
COLCAPIRHUA,consulta externa,nuevas en personas de 5 a 14 anos,2006-05-01,286,275,286,275,561
"COLCHA ""K""",consulta externa,nuevas en personas de 5 a 14 anos,2006-05-01,92,111,92,111,203
COLLANA,consulta externa,nuevas en personas de 5 a 14 anos,2006-05-01,8,6,8,6,14
COLOMI,consulta externa,nuevas en personas de 5 a 14 anos,2006-05-01,53,39,53,39,92
COLPA BELGICA,consulta externa,nuevas en personas de 5 a 14 anos,2006-05-01,43,32,43,32,75
COLQUECHACA,consulta externa,nuevas en personas de 5 a 14 anos,2006-05-01,139,113,139,113,252
COLQUENCHA,consulta externa,nuevas en personas de 5 a 14 anos,2006-05-01,53,73,53,73,126
COLQUIRI,consulta externa,nuevas en personas de 5 a 14 anos,2006-05-01,83,90,83,90,173
COMANCHE,consulta externa,nuevas en personas de 5 a 14 anos,2006-05-01,16,22,16,22,38
COMARAPA,consulta externa,nuevas en personas de 5 a 14 anos,2006-05-01,163,142,163,142,305
COMBAYA,consulta externa,nuevas en personas de 5 a 14 anos,2006-05-01,10,15,10,15,25
CONCEPCION,consulta externa,nuevas en personas de 5 a 14 anos,2006-05-01,37,37,37,37,74
COPACABANA,consulta externa,nuevas en personas de 5 a 14 anos,2006-05-01,84,83,84,83,167
CORIPATA,consulta externa,nuevas en personas de 5 a 14 anos,2006-05-01,136,84,136,84,220
CORO CORO,consulta externa,nuevas en personas de 5 a 14 anos,2006-05-01,45,43,45,43,88
COROICO,consulta externa,nuevas en personas de 5 a 14 anos,2006-05-01,148,132,148,132,280
CORQUE,consulta externa,nuevas en personas de 5 a 14 anos,2006-05-01,102,91,102,91,193
COTAGAITA,consulta externa,nuevas en personas de 5 a 14 anos,2006-05-01,393,395,393,395,788
COTOCA,consulta externa,nuevas en personas de 5 a 14 anos,2006-05-01,46,51,46,51,97
CUATRO CAÑADAS,consulta externa,nuevas en personas de 5 a 14 anos,2006-05-01,122,104,122,104,226
CUCHUMUELA (V. G. VILLARROEL),consulta externa,nuevas en personas de 5 a 14 anos,2006-05-01,19,13,19,13,32
CUEVO,consulta externa,nuevas en personas de 5 a 14 anos,2006-05-01,70,78,70,78,148
CULPINA,consulta externa,nuevas en personas de 5 a 14 anos,2006-05-01,89,110,89,110,199
CURAHUARA DE CARANGAS,consulta externa,nuevas en personas de 5 a 14 anos,2006-05-01,31,43,31,43,74
CURVA,consulta externa,nuevas en personas de 5 a 14 anos,2006-05-01,7,13,7,13,20
DESAGUADERO,consulta externa,nuevas en personas de 5 a 14 anos,2006-05-01,37,26,37,26,63
EL ALTO,consulta externa,nuevas en personas de 5 a 14 anos,2006-05-01,7341,8262,7341,8262,15603
EL CHORO,consulta externa,nuevas en personas de 5 a 14 anos,2006-05-01,48,34,48,34,82
EL PUENTE(STC),consulta externa,nuevas en personas de 5 a 14 anos,2006-05-01,142,128,142,128,270
EL PUENTE(TJA),consulta externa,nuevas en personas de 5 a 14 anos,2006-05-01,189,179,189,179,368
EL TORNO,consulta externa,nuevas en personas de 5 a 14 anos,2006-05-01,256,260,256,260,516
EL VILLAR,consulta externa,nuevas en personas de 5 a 14 anos,2006-05-01,42,27,42,27,69
ENTRE RIOS,consulta externa,nuevas en personas de 5 a 14 anos,2006-05-01,264,287,264,287,551
ENTRE RIOS,consulta externa,nuevas en personas de 5 a 14 anos,2006-05-01,62,42,62,42,104
ESCARA,consulta externa,nuevas en personas de 5 a 14 anos,2006-05-01,3,0,3,0,3
EUCALIPTUS,consulta externa,nuevas en personas de 5 a 14 anos,2006-05-01,54,55,54,55,109
EUREKA (SANTOS MERCADO),consulta externa,nuevas en personas de 5 a 14 anos,2006-05-01,7,13,7,13,20
EXALTACION,consulta externa,nuevas en personas de 5 a 14 anos,2006-05-01,22,37,22,37,59
FERNANDEZ ALONSO,consulta externa,nuevas en personas de 5 a 14 anos,2006-05-01,33,40,33,40,73
FILADELFIA,consulta externa,nuevas en personas de 5 a 14 anos,2006-05-01,74,61,74,61,135
GENERAL SAAVEDRA,consulta externa,nuevas en personas de 5 a 14 anos,2006-05-01,126,124,126,124,250
GRAL. J.J. PEREZ (CHARAZANI),consulta externa,nuevas en personas de 5 a 14 anos,2006-05-01,76,69,76,69,145
GUANAY,consulta externa,nuevas en personas de 5 a 14 anos,2006-05-01,25,37,25,37,62
GUAQUI,consulta externa,nuevas en personas de 5 a 14 anos,2006-05-01,35,19,35,19,54
GUAYARAMERIN,consulta externa,nuevas en personas de 5 a 14 anos,2006-05-01,285,372,285,372,657
GUTIERREZ,consulta externa,nuevas en personas de 5 a 14 anos,2006-05-01,183,204,183,204,387
HUACARETA,consulta externa,nuevas en personas de 5 a 14 anos,2006-05-01,129,99,129,99,228
HUACAYA (VILLA DE HUACAYA),consulta externa,nuevas en personas de 5 a 14 anos,2006-05-01,28,32,28,32,60
HUACHACALLA,consulta externa,nuevas en personas de 5 a 14 anos,2006-05-01,13,5,13,5,18
HUANUNI,consulta externa,nuevas en personas de 5 a 14 anos,2006-05-01,293,345,293,345,638
HUARACAJE,consulta externa,nuevas en personas de 5 a 14 anos,2006-05-01,46,23,46,23,69
HUAYLLAMARCA,consulta externa,nuevas en personas de 5 a 14 anos,2006-05-01,52,55,52,55,107
ICHOCA,consulta externa,nuevas en personas de 5 a 14 anos,2006-05-01,43,44,43,44,87
ICLA,consulta externa,nuevas en personas de 5 a 14 anos,2006-05-01,81,95,81,95,176
INCAHUASI,consulta externa,nuevas en personas de 5 a 14 anos,2006-05-01,116,97,116,97,213
INGAVI (HUMAITA),consulta externa,nuevas en personas de 5 a 14 anos,2006-05-01,7,10,7,10,17
INQUISIVI,consulta externa,nuevas en personas de 5 a 14 anos,2006-05-01,101,89,101,89,190
IRUPANA (VILLA DE LANZA),consulta externa,nuevas en personas de 5 a 14 anos,2006-05-01,108,97,108,97,205
IXIAMAS,consulta externa,nuevas en personas de 5 a 14 anos,2006-05-01,82,43,82,43,125
JESUS DE MACHACA,consulta externa,nuevas en personas de 5 a 14 anos,2006-05-01,76,81,76,81,157
LA ASUNTA,consulta externa,nuevas en personas de 5 a 14 anos,2006-05-01,105,110,105,110,215
LA GUARDIA,consulta externa,nuevas en personas de 5 a 14 anos,2006-05-01,190,209,190,209,399
LA PAZ,consulta externa,nuevas en personas de 5 a 14 anos,2006-05-01,9389,9463,9389,9463,18852
LA RIVERA,consulta externa,nuevas en personas de 5 a 14 anos,2006-05-01,7,5,7,5,12
LAGUNILLAS,consulta externa,nuevas en personas de 5 a 14 anos,2006-05-01,75,68,75,68,143
LAJA,consulta externa,nuevas en personas de 5 a 14 anos,2006-05-01,68,38,68,38,106
LAS CARRERAS,consulta externa,nuevas en personas de 5 a 14 anos,2006-05-01,27,34,27,34,61
LICOMA PAMPA,consulta externa,nuevas en personas de 5 a 14 anos,2006-05-01,19,36,19,36,55
LLALLAGUA,consulta externa,nuevas en personas de 5 a 14 anos,2006-05-01,271,237,271,237,508
LLICA,consulta externa,nuevas en personas de 5 a 14 anos,2006-05-01,37,35,37,35,72
LORETO,consulta externa,nuevas en personas de 5 a 14 anos,2006-05-01,27,14,27,14,41
LURIBAY,consulta externa,nuevas en personas de 5 a 14 anos,2006-05-01,65,66,65,66,131
MACHACAMARCA,consulta externa,nuevas en personas de 5 a 14 anos,2006-05-01,35,43,35,43,78
MACHARETI,consulta externa,nuevas en personas de 5 a 14 anos,2006-05-01,105,126,105,126,231
MAGDALENA,consulta externa,nuevas en personas de 5 a 14 anos,2006-05-01,75,93,75,93,168
MAIRANA,consulta externa,nuevas en personas de 5 a 14 anos,2006-05-01,58,36,58,36,94
MALLA,consulta externa,nuevas en personas de 5 a 14 anos,2006-05-01,65,67,65,67,132
MAPIRI,consulta externa,nuevas en personas de 5 a 14 anos,2006-05-01,116,90,116,90,206
MECAPACA,consulta externa,nuevas en personas de 5 a 14 anos,2006-05-01,108,84,108,84,192
MINEROS,consulta externa,nuevas en personas de 5 a 14 anos,2006-05-01,24,38,24,38,62
MIZQUE,consulta externa,nuevas en personas de 5 a 14 anos,2006-05-01,49,72,49,72,121
MOCOMOCO,consulta externa,nuevas en personas de 5 a 14 anos,2006-05-01,111,119,111,119,230
MOJINETE,consulta externa,nuevas en personas de 5 a 14 anos,2006-05-01,10,4,10,4,14
MOJOCOYA,consulta externa,nuevas en personas de 5 a 14 anos,2006-05-01,41,41,41,41,82
MONTEAGUDO,consulta externa,nuevas en personas de 5 a 14 anos,2006-05-01,356,419,356,419,775
MONTERO,consulta externa,nuevas en personas de 5 a 14 anos,2006-05-01,915,909,915,909,1824
MORO MORO,consulta externa,nuevas en personas de 5 a 14 anos,2006-05-01,19,16,19,16,35
MOROCHATA,consulta externa,nuevas en personas de 5 a 14 anos,2006-05-01,37,42,37,42,79
NACEBE (SANTA ROSA DEL ABUNA),consulta externa,nuevas en personas de 5 a 14 anos,2006-05-01,55,45,55,45,100
NAZACARA DE PACAJES,consulta externa,nuevas en personas de 5 a 14 anos,2006-05-01,3,2,3,2,5
NUEVO MANOA (NUEVA ESPERANZA),consulta externa,nuevas en personas de 5 a 14 anos,2006-05-01,27,15,27,15,42
OCURI,consulta externa,nuevas en personas de 5 a 14 anos,2006-05-01,115,89,115,89,204
OKINAWA,consulta externa,nuevas en personas de 5 a 14 anos,2006-05-01,62,78,62,78,140
OMEREQUE,consulta externa,nuevas en personas de 5 a 14 anos,2006-05-01,39,47,39,47,86
ORURO,consulta externa,nuevas en personas de 5 a 14 anos,2006-05-01,3527,3663,3527,3663,7190
PADCAYA,consulta externa,nuevas en personas de 5 a 14 anos,2006-05-01,227,285,227,285,512
PADILLA,consulta externa,nuevas en personas de 5 a 14 anos,2006-05-01,151,168,151,168,319
PAILON,consulta externa,nuevas en personas de 5 a 14 anos,2006-05-01,63,60,63,60,123
PALCA,consulta externa,nuevas en personas de 5 a 14 anos,2006-05-01,75,71,75,71,146
PALOS BLANCOS,consulta externa,nuevas en personas de 5 a 14 anos,2006-05-01,160,143,160,143,303
PAMPA AULLAGAS,consulta externa,nuevas en personas de 5 a 14 anos,2006-05-01,28,28,28,28,56
PAMPA GRANDE,consulta externa,nuevas en personas de 5 a 14 anos,2006-05-01,54,63,54,63,117
PAPEL PAMPA,consulta externa,nuevas en personas de 5 a 14 anos,2006-05-01,73,55,73,55,128
PASORAPA,consulta externa,nuevas en personas de 5 a 14 anos,2006-05-01,10,14,10,14,24
PATACAMAYA,consulta externa,nuevas en personas de 5 a 14 anos,2006-05-01,74,43,74,43,117
PAZÑA,consulta externa,nuevas en personas de 5 a 14 anos,2006-05-01,46,72,46,72,118
PELECHUCO,consulta externa,nuevas en personas de 5 a 14 anos,2006-05-01,51,58,51,58,109
POCOATA,consulta externa,nuevas en personas de 5 a 14 anos,2006-05-01,132,102,132,102,234
POCONA,consulta externa,nuevas en personas de 5 a 14 anos,2006-05-01,65,63,65,63,128
POJO (CBBA),consulta externa,nuevas en personas de 5 a 14 anos,2006-05-01,35,27,35,27,62
POOPO,consulta externa,nuevas en personas de 5 a 14 anos,2006-05-01,36,25,36,25,61
PORCO,consulta externa,nuevas en personas de 5 a 14 anos,2006-05-01,89,109,89,109,198
POROMA,consulta externa,nuevas en personas de 5 a 14 anos,2006-05-01,165,166,165,166,331
PORONGO,consulta externa,nuevas en personas de 5 a 14 anos,2006-05-01,125,124,125,124,249
PORTACHUELO,consulta externa,nuevas en personas de 5 a 14 anos,2006-05-01,145,108,145,108,253
PORVENIR,consulta externa,nuevas en personas de 5 a 14 anos,2006-05-01,51,54,51,54,105
POSTRER VALLE,consulta externa,nuevas en personas de 5 a 14 anos,2006-05-01,86,118,86,118,204
POTOSI,consulta externa,nuevas en personas de 5 a 14 anos,2006-05-01,2459,2216,2459,2216,4675
PRESTO,consulta externa,nuevas en personas de 5 a 14 anos,2006-05-01,57,78,57,78,135
PUCARA,consulta externa,nuevas en personas de 5 a 14 anos,2006-05-01,39,60,39,60,99
PUCARANI,consulta externa,nuevas en personas de 5 a 14 anos,2006-05-01,117,101,117,101,218
PUERTO ACOSTA,consulta externa,nuevas en personas de 5 a 14 anos,2006-05-01,92,76,92,76,168
PUERTO CARABUCO,consulta externa,nuevas en personas de 5 a 14 anos,2006-05-01,83,72,83,72,155
PUERTO GONZALO MORENO,consulta externa,nuevas en personas de 5 a 14 anos,2006-05-01,45,34,45,34,79
PUERTO PEREZ,consulta externa,nuevas en personas de 5 a 14 anos,2006-05-01,26,27,26,27,53
PUERTO QUIJARRO,consulta externa,nuevas en personas de 5 a 14 anos,2006-05-01,114,106,114,106,220
PUERTO RICO,consulta externa,nuevas en personas de 5 a 14 anos,2006-05-01,57,54,57,54,111
PUERTO SILES,consulta externa,nuevas en personas de 5 a 14 anos,2006-05-01,4,1,4,1,5
PUERTO SUAREZ,consulta externa,nuevas en personas de 5 a 14 anos,2006-05-01,157,173,157,173,330
PUERTO VILLARROEL,consulta externa,nuevas en personas de 5 a 14 anos,2006-05-01,218,210,218,210,428
PUNA,consulta externa,nuevas en personas de 5 a 14 anos,2006-05-01,274,241,274,241,515
PUNATA,consulta externa,nuevas en personas de 5 a 14 anos,2006-05-01,143,135,143,135,278
QUIABAYA,consulta externa,nuevas en personas de 5 a 14 anos,2006-05-01,5,8,5,8,13
QUILLACOLLO,consulta externa,nuevas en personas de 5 a 14 anos,2006-05-01,611,456,611,456,1067
QUIME,consulta externa,nuevas en personas de 5 a 14 anos,2006-05-01,40,38,40,38,78
QUIRUSILLAS,consulta externa,nuevas en personas de 5 a 14 anos,2006-05-01,21,12,21,12,33
RAVELO,consulta externa,nuevas en personas de 5 a 14 anos,2006-05-01,104,93,104,93,197
REYES,consulta externa,nuevas en personas de 5 a 14 anos,2006-05-01,188,220,188,220,408
RIBERALTA,consulta externa,nuevas en personas de 5 a 14 anos,2006-05-01,400,373,400,373,773
ROBORE,consulta externa,nuevas en personas de 5 a 14 anos,2006-05-01,98,60,98,60,158
RURRENABAQUE,consulta externa,nuevas en personas de 5 a 14 anos,2006-05-01,73,79,73,79,152
SABAYA,consulta externa,nuevas en personas de 5 a 14 anos,2006-05-01,22,44,22,44,66
SACABA,consulta externa,nuevas en personas de 5 a 14 anos,2006-05-01,407,351,407,351,758
SACABAMBA,consulta externa,nuevas en personas de 5 a 14 anos,2006-05-01,31,23,31,23,54
SACACA,consulta externa,nuevas en personas de 5 a 14 anos,2006-05-01,173,143,173,143,316
SAIPINA,consulta externa,nuevas en personas de 5 a 14 anos,2006-05-01,40,38,40,38,78
SALINAS DE GARCI MENDOZA,consulta externa,nuevas en personas de 5 a 14 anos,2006-05-01,88,96,88,96,184
SAMAIPATA,consulta externa,nuevas en personas de 5 a 14 anos,2006-05-01,40,37,40,37,77
SAN AGUSTIN,consulta externa,nuevas en personas de 5 a 14 anos,2006-05-01,20,22,20,22,42
SAN ANDRES,consulta externa,nuevas en personas de 5 a 14 anos,2006-05-01,41,45,41,45,86
SAN ANDRES DE MACHACA,consulta externa,nuevas en personas de 5 a 14 anos,2006-05-01,38,30,38,30,68
SAN ANTONIO DE ESMORUCO,consulta externa,nuevas en personas de 5 a 14 anos,2006-05-01,47,47,47,47,94
SAN ANTONIO DE LOMERIO,consulta externa,nuevas en personas de 5 a 14 anos,2006-05-01,17,10,17,10,27
SAN BENITO,consulta externa,nuevas en personas de 5 a 14 anos,2006-05-01,59,50,59,50,109
SAN BORJA,consulta externa,nuevas en personas de 5 a 14 anos,2006-05-01,128,110,128,110,238
SAN BUENA VENTURA,consulta externa,nuevas en personas de 5 a 14 anos,2006-05-01,97,79,97,79,176
SAN CARLOS,consulta externa,nuevas en personas de 5 a 14 anos,2006-05-01,94,118,94,118,212
SAN IGNACIO,consulta externa,nuevas en personas de 5 a 14 anos,2006-05-01,158,144,158,144,302
SAN IGNACIO DE VELASCO,consulta externa,nuevas en personas de 5 a 14 anos,2006-05-01,308,356,308,356,664
SAN JAVIER(BNI),consulta externa,nuevas en personas de 5 a 14 anos,2006-05-01,14,18,14,18,32
SAN JAVIER(STC),consulta externa,nuevas en personas de 5 a 14 anos,2006-05-01,31,35,31,35,66
SAN JOAQUIN,consulta externa,nuevas en personas de 5 a 14 anos,2006-05-01,28,33,28,33,61
SAN JOSE DE CHIQUITOS,consulta externa,nuevas en personas de 5 a 14 anos,2006-05-01,83,96,83,96,179
SAN JUAN DE YAPACANI,consulta externa,nuevas en personas de 5 a 14 anos,2006-05-01,44,57,44,57,101
SAN JULIAN,consulta externa,nuevas en personas de 5 a 14 anos,2006-05-01,511,389,511,389,900
SAN LORENZO(PND),consulta externa,nuevas en personas de 5 a 14 anos,2006-05-01,53,55,53,55,108
SAN LORENZO(TJA),consulta externa,nuevas en personas de 5 a 14 anos,2006-05-01,333,391,333,391,724
SAN LUCAS,consulta externa,nuevas en personas de 5 a 14 anos,2006-05-01,228,212,228,212,440
SAN MATIAS,consulta externa,nuevas en personas de 5 a 14 anos,2006-05-01,34,37,34,37,71
SAN MIGUEL DE VELASCO,consulta externa,nuevas en personas de 5 a 14 anos,2006-05-01,36,40,36,40,76
SAN PABLO DE LIPEZ,consulta externa,nuevas en personas de 5 a 14 anos,2006-05-01,70,72,70,72,142
SAN PEDRO,consulta externa,nuevas en personas de 5 a 14 anos,2006-05-01,112,129,112,129,241
SAN PEDRO DE BUENA VISTA,consulta externa,nuevas en personas de 5 a 14 anos,2006-05-01,145,89,145,89,234
SAN PEDRO DE CURAHUARA,consulta externa,nuevas en personas de 5 a 14 anos,2006-05-01,45,47,45,47,92
SAN PEDRO DE QUEMES,consulta externa,nuevas en personas de 5 a 14 anos,2006-05-01,4,3,4,3,7
SAN PEDRO DE TIQUINA,consulta externa,nuevas en personas de 5 a 14 anos,2006-05-01,24,19,24,19,43
SAN PEDRO(PND),consulta externa,nuevas en personas de 5 a 14 anos,2006-05-01,14,13,14,13,27
SAN RAFAEL,consulta externa,nuevas en personas de 5 a 14 anos,2006-05-01,11,14,11,14,25
SAN RAMON,consulta externa,nuevas en personas de 5 a 14 anos,2006-05-01,64,47,64,47,111
SAN RAMON,consulta externa,nuevas en personas de 5 a 14 anos,2006-05-01,40,41,40,41,81
SANTA ANA,consulta externa,nuevas en personas de 5 a 14 anos,2006-05-01,72,59,72,59,131
SANTA CRUZ DE LA SIERRA,consulta externa,nuevas en personas de 5 a 14 anos,2006-05-01,8338,9239,8338,9239,17577
SANTA ROSA,consulta externa,nuevas en personas de 5 a 14 anos,2006-05-01,154,123,154,123,277
SANTA ROSA DEL SARA,consulta externa,nuevas en personas de 5 a 14 anos,2006-05-01,159,146,159,146,305
SANTIAGO DE CALLAPA,consulta externa,nuevas en personas de 5 a 14 anos,2006-05-01,52,44,52,44,96
SANTIAGO DE HUARI,consulta externa,nuevas en personas de 5 a 14 anos,2006-05-01,69,46,69,46,115
SANTIAGO DE MACHACA,consulta externa,nuevas en personas de 5 a 14 anos,2006-05-01,19,10,19,10,29
SANTIVAÑES,consulta externa,nuevas en personas de 5 a 14 anos,2006-05-01,44,61,44,61,105
SANTUARIO DE QUILLACAS,consulta externa,nuevas en personas de 5 a 14 anos,2006-05-01,23,11,23,11,34
SAPAHAQUI,consulta externa,nuevas en personas de 5 a 14 anos,2006-05-01,64,61,64,61,125
SENA,consulta externa,nuevas en personas de 5 a 14 anos,2006-05-01,75,94,75,94,169
SICA SICA (VILLA AROMA),consulta externa,nuevas en personas de 5 a 14 anos,2006-05-01,59,27,59,27,86
SICAYA,consulta externa,nuevas en personas de 5 a 14 anos,2006-05-01,17,11,17,11,28
SIPE SIPE,consulta externa,nuevas en personas de 5 a 14 anos,2006-05-01,125,129,125,129,254
SOPACHUY,consulta externa,nuevas en personas de 5 a 14 anos,2006-05-01,64,55,64,55,119
SORACACHI,consulta externa,nuevas en personas de 5 a 14 anos,2006-05-01,39,29,39,29,68
SORATA,consulta externa,nuevas en personas de 5 a 14 anos,2006-05-01,74,85,74,85,159
SUCRE,consulta externa,nuevas en personas de 5 a 14 anos,2006-05-01,4473,4297,4473,4297,8770
TACACHI,consulta externa,nuevas en personas de 5 a 14 anos,2006-05-01,5,9,5,9,14
TACACOMA,consulta externa,nuevas en personas de 5 a 14 anos,2006-05-01,47,30,47,30,77
TACOBAMBA,consulta externa,nuevas en personas de 5 a 14 anos,2006-05-01,47,41,47,41,88
TACOPAYA,consulta externa,nuevas en personas de 5 a 14 anos,2006-05-01,25,21,25,21,46
TAHUA,consulta externa,nuevas en personas de 5 a 14 anos,2006-05-01,4,5,4,5,9
TAPACARI,consulta externa,nuevas en personas de 5 a 14 anos,2006-05-01,287,229,287,229,516
TARABUCO,consulta externa,nuevas en personas de 5 a 14 anos,2006-05-01,94,96,94,96,190
TARACO,consulta externa,nuevas en personas de 5 a 14 anos,2006-05-01,14,15,14,15,29
TARATA,consulta externa,nuevas en personas de 5 a 14 anos,2006-05-01,46,51,46,51,97
TARIJA,consulta externa,nuevas en personas de 5 a 14 anos,2006-05-01,2287,2278,2287,2278,4565
TARVITA,consulta externa,nuevas en personas de 5 a 14 anos,2006-05-01,111,121,111,121,232
TEOPONTE,consulta externa,nuevas en personas de 5 a 14 anos,2006-05-01,76,56,76,56,132
TIAWANACU,consulta externa,nuevas en personas de 5 a 14 anos,2006-05-01,93,91,93,91,184
TINGUIPAYA,consulta externa,nuevas en personas de 5 a 14 anos,2006-05-01,195,162,195,162,357
TIPUANI,consulta externa,nuevas en personas de 5 a 14 anos,2006-05-01,22,26,22,26,48
TIQUIPAYA,consulta externa,nuevas en personas de 5 a 14 anos,2006-05-01,198,219,198,219,417
TIRAQUE (CBBA),consulta externa,nuevas en personas de 5 a 14 anos,2006-05-01,204,166,204,166,370
TITO YUPANQUI (PARQUIPUJIO),consulta externa,nuevas en personas de 5 a 14 anos,2006-05-01,9,12,9,12,21
TOCO,consulta externa,nuevas en personas de 5 a 14 anos,2006-05-01,20,23,20,23,43
TODOS SANTOS,consulta externa,nuevas en personas de 5 a 14 anos,2006-05-01,2,2,2,2,4
TOLATA,consulta externa,nuevas en personas de 5 a 14 anos,2006-05-01,54,37,54,37,91
TOLEDO,consulta externa,nuevas en personas de 5 a 14 anos,2006-05-01,67,72,67,72,139
TOMAVE,consulta externa,nuevas en personas de 5 a 14 anos,2006-05-01,98,133,98,133,231
TOMINA,consulta externa,nuevas en personas de 5 a 14 anos,2006-05-01,78,95,78,95,173
TORO TORO,consulta externa,nuevas en personas de 5 a 14 anos,2006-05-01,70,63,70,63,133
TOTORA(CBBA),consulta externa,nuevas en personas de 5 a 14 anos,2006-05-01,23,29,23,29,52
TOTORA(ORR),consulta externa,nuevas en personas de 5 a 14 anos,2006-05-01,16,13,16,13,29
TRIGAL,consulta externa,nuevas en personas de 5 a 14 anos,2006-05-01,19,18,19,18,37
TRINIDAD,consulta externa,nuevas en personas de 5 a 14 anos,2006-05-01,852,944,852,944,1796
TUPIZA,consulta externa,nuevas en personas de 5 a 14 anos,2006-05-01,897,1003,897,1003,1900
TURCO,consulta externa,nuevas en personas de 5 a 14 anos,2006-05-01,75,57,75,57,132
UMALA,consulta externa,nuevas en personas de 5 a 14 anos,2006-05-01,38,20,38,20,58
UNCIA,consulta externa,nuevas en personas de 5 a 14 anos,2006-05-01,255,276,255,276,531
URIONDO (A. CONCEPCION),consulta externa,nuevas en personas de 5 a 14 anos,2006-05-01,152,120,152,120,272
URUBICHA,consulta externa,nuevas en personas de 5 a 14 anos,2006-05-01,40,40,40,40,80
UYUNI,consulta externa,nuevas en personas de 5 a 14 anos,2006-05-01,193,172,193,172,365
VACAS,consulta externa,nuevas en personas de 5 a 14 anos,2006-05-01,147,157,147,157,304
VALLEGRANDE,consulta externa,nuevas en personas de 5 a 14 anos,2006-05-01,178,186,178,186,364
VIACHA,consulta externa,nuevas en personas de 5 a 14 anos,2006-05-01,401,436,401,436,837
VILA VILA,consulta externa,nuevas en personas de 5 a 14 anos,2006-05-01,42,33,42,33,75
VILLA MONTES,consulta externa,nuevas en personas de 5 a 14 anos,2006-05-01,325,316,325,316,641
VILLA NUEVA (LOMA ALTA),consulta externa,nuevas en personas de 5 a 14 anos,2006-05-01,6,14,6,14,20
VILLA RIVERO,consulta externa,nuevas en personas de 5 a 14 anos,2006-05-01,27,33,27,33,60
VILLA SERRANO,consulta externa,nuevas en personas de 5 a 14 anos,2006-05-01,64,61,64,61,125
VILLA TUNARI,consulta externa,nuevas en personas de 5 a 14 anos,2006-05-01,469,443,469,443,912
VILLA VACA GUZMAN (MUYUPAMPA),consulta externa,nuevas en personas de 5 a 14 anos,2006-05-01,123,130,123,130,253
VILLAZON,consulta externa,nuevas en personas de 5 a 14 anos,2006-05-01,412,449,412,449,861
VINTO,consulta externa,nuevas en personas de 5 a 14 anos,2006-05-01,52,60,52,60,112
VITICHI,consulta externa,nuevas en personas de 5 a 14 anos,2006-05-01,116,117,116,117,233
WALDO BALLIVIAN,consulta externa,nuevas en personas de 5 a 14 anos,2006-05-01,20,15,20,15,35
WARNES,consulta externa,nuevas en personas de 5 a 14 anos,2006-05-01,199,189,199,189,388
YACO,consulta externa,nuevas en personas de 5 a 14 anos,2006-05-01,58,51,58,51,109
YACUIBA,consulta externa,nuevas en personas de 5 a 14 anos,2006-05-01,802,747,802,747,1549
YAMPARAEZ,consulta externa,nuevas en personas de 5 a 14 anos,2006-05-01,39,56,39,56,95
YANACACHI,consulta externa,nuevas en personas de 5 a 14 anos,2006-05-01,54,34,54,34,88
YAPACANI,consulta externa,nuevas en personas de 5 a 14 anos,2006-05-01,144,142,144,142,286
YOCALLA,consulta externa,nuevas en personas de 5 a 14 anos,2006-05-01,23,43,23,43,66
YOTALA,consulta externa,nuevas en personas de 5 a 14 anos,2006-05-01,96,96,96,96,192
YUNCHARA,consulta externa,nuevas en personas de 5 a 14 anos,2006-05-01,16,25,16,25,41
ZUDAÑEZ,consulta externa,nuevas en personas de 5 a 14 anos,2006-05-01,125,130,125,130,255
ACACIO,consulta externa,nuevas en personas de 5 a 14 anos,2006-06-01,124,106,124,106,230
ACHACACHI,consulta externa,nuevas en personas de 5 a 14 anos,2006-06-01,114,129,114,129,243
ACHOCALLA,consulta externa,nuevas en personas de 5 a 14 anos,2006-06-01,19,14,19,14,33
AIQUILE,consulta externa,nuevas en personas de 5 a 14 anos,2006-06-01,108,92,108,92,200
ALALAY,consulta externa,nuevas en personas de 5 a 14 anos,2006-06-01,4,3,4,3,7
ALCALA,consulta externa,nuevas en personas de 5 a 14 anos,2006-06-01,49,75,49,75,124
ANCORAIMES,consulta externa,nuevas en personas de 5 a 14 anos,2006-06-01,18,12,18,12,30
ANDAMARCA,consulta externa,nuevas en personas de 5 a 14 anos,2006-06-01,41,45,41,45,86
ANTEQUERA,consulta externa,nuevas en personas de 5 a 14 anos,2006-06-01,31,34,31,34,65
ANZALDO,consulta externa,nuevas en personas de 5 a 14 anos,2006-06-01,26,25,26,25,51
APOLO,consulta externa,nuevas en personas de 5 a 14 anos,2006-06-01,54,46,54,46,100
ARAMPAMPA,consulta externa,nuevas en personas de 5 a 14 anos,2006-06-01,37,37,37,37,74
ARANI,consulta externa,nuevas en personas de 5 a 14 anos,2006-06-01,5,11,5,11,16
ARBIETO,consulta externa,nuevas en personas de 5 a 14 anos,2006-06-01,22,41,22,41,63
ARQUE,consulta externa,nuevas en personas de 5 a 14 anos,2006-06-01,23,20,23,20,43
ASCENCION DE GUARAYOS,consulta externa,nuevas en personas de 5 a 14 anos,2006-06-01,107,95,107,95,202
ATOCHA,consulta externa,nuevas en personas de 5 a 14 anos,2006-06-01,233,304,233,304,537
AUCAPATA,consulta externa,nuevas en personas de 5 a 14 anos,2006-06-01,50,46,50,46,96
AYATA,consulta externa,nuevas en personas de 5 a 14 anos,2006-06-01,34,28,34,28,62
AYO AYO,consulta externa,nuevas en personas de 5 a 14 anos,2006-06-01,19,27,19,27,46
AYOPAYA (V. DE INDEPENDENCIA),consulta externa,nuevas en personas de 5 a 14 anos,2006-06-01,99,89,99,89,188
AZURDUY,consulta externa,nuevas en personas de 5 a 14 anos,2006-06-01,140,146,140,146,286
BATALLAS,consulta externa,nuevas en personas de 5 a 14 anos,2006-06-01,37,40,37,40,77
BAURES,consulta externa,nuevas en personas de 5 a 14 anos,2006-06-01,23,18,23,18,41
BELEN DE ANDAMARCA,consulta externa,nuevas en personas de 5 a 14 anos,2006-06-01,6,6,6,6,12
BELEN DE URMIRI,consulta externa,nuevas en personas de 5 a 14 anos,2006-06-01,23,15,23,15,38
BELLA FLOR,consulta externa,nuevas en personas de 5 a 14 anos,2006-06-01,41,36,41,36,77
BERMEJO,consulta externa,nuevas en personas de 5 a 14 anos,2006-06-01,206,288,206,288,494
BETANZOS,consulta externa,nuevas en personas de 5 a 14 anos,2006-06-01,256,262,256,262,518
BOLIVAR,consulta externa,nuevas en personas de 5 a 14 anos,2006-06-01,20,23,20,23,43
BOLPEBRA,consulta externa,nuevas en personas de 5 a 14 anos,2006-06-01,38,24,38,24,62
BOYUIBE,consulta externa,nuevas en personas de 5 a 14 anos,2006-06-01,46,44,46,44,90
BUENA VISTA,consulta externa,nuevas en personas de 5 a 14 anos,2006-06-01,104,80,104,80,184
CABEZAS,consulta externa,nuevas en personas de 5 a 14 anos,2006-06-01,88,98,88,98,186
CAIROMA,consulta externa,nuevas en personas de 5 a 14 anos,2006-06-01,67,42,67,42,109
"CAIZA ""D""",consulta externa,nuevas en personas de 5 a 14 anos,2006-06-01,86,85,86,85,171
CAJUATA,consulta externa,nuevas en personas de 5 a 14 anos,2006-06-01,34,47,34,47,81
CALACOTO,consulta externa,nuevas en personas de 5 a 14 anos,2006-06-01,68,48,68,48,116
CALAMARCA,consulta externa,nuevas en personas de 5 a 14 anos,2006-06-01,29,23,29,23,52
CAMARGO,consulta externa,nuevas en personas de 5 a 14 anos,2006-06-01,126,151,126,151,277
CAMATAQUI (C. VILLA ABECIA),consulta externa,nuevas en personas de 5 a 14 anos,2006-06-01,47,28,47,28,75
CAMIRI,consulta externa,nuevas en personas de 5 a 14 anos,2006-06-01,360,421,360,421,781
CAPINOTA,consulta externa,nuevas en personas de 5 a 14 anos,2006-06-01,95,127,95,127,222
CAQUIAVIRI,consulta externa,nuevas en personas de 5 a 14 anos,2006-06-01,44,32,44,32,76
CARACOLLO,consulta externa,nuevas en personas de 5 a 14 anos,2006-06-01,77,86,77,86,163
CARANAVI,consulta externa,nuevas en personas de 5 a 14 anos,2006-06-01,330,270,330,270,600
CARANGAS,consulta externa,nuevas en personas de 5 a 14 anos,2006-06-01,3,1,3,1,4
CARAPARI,consulta externa,nuevas en personas de 5 a 14 anos,2006-06-01,110,110,110,110,220
CARIPUYO,consulta externa,nuevas en personas de 5 a 14 anos,2006-06-01,24,25,24,25,49
CARMEN RIVERO TORREZ,consulta externa,nuevas en personas de 5 a 14 anos,2006-06-01,11,10,11,10,21
CATACORA,consulta externa,nuevas en personas de 5 a 14 anos,2006-06-01,4,6,4,6,10
CHACARILLA,consulta externa,nuevas en personas de 5 a 14 anos,2006-06-01,2,4,2,4,6
CHALLAPATA,consulta externa,nuevas en personas de 5 a 14 anos,2006-06-01,171,158,171,158,329
CHAQUI,consulta externa,nuevas en personas de 5 a 14 anos,2006-06-01,35,71,35,71,106
CHARAGUA,consulta externa,nuevas en personas de 5 a 14 anos,2006-06-01,82,105,82,105,187
CHARAÑA,consulta externa,nuevas en personas de 5 a 14 anos,2006-06-01,20,22,20,22,42
CHAYANTA,consulta externa,nuevas en personas de 5 a 14 anos,2006-06-01,66,77,66,77,143
CHIMORE,consulta externa,nuevas en personas de 5 a 14 anos,2006-06-01,77,73,77,73,150
CHIPAYA,consulta externa,nuevas en personas de 5 a 14 anos,2006-06-01,7,5,7,5,12
CHOQUE COTA,consulta externa,nuevas en personas de 5 a 14 anos,2006-06-01,8,11,8,11,19
CHULUMANI (V. DE LA LIBERTAD),consulta externa,nuevas en personas de 5 a 14 anos,2006-06-01,76,82,76,82,158
CHUMA,consulta externa,nuevas en personas de 5 a 14 anos,2006-06-01,102,73,102,73,175
CLIZA,consulta externa,nuevas en personas de 5 a 14 anos,2006-06-01,41,57,41,57,98
COBIJA,consulta externa,nuevas en personas de 5 a 14 anos,2006-06-01,386,374,386,374,760
COCHABAMBA,consulta externa,nuevas en personas de 5 a 14 anos,2006-06-01,4635,4476,4635,4476,9111
COIPASA,consulta externa,nuevas en personas de 5 a 14 anos,2006-06-01,2,4,2,4,6
COLCAPIRHUA,consulta externa,nuevas en personas de 5 a 14 anos,2006-06-01,189,190,189,190,379
"COLCHA ""K""",consulta externa,nuevas en personas de 5 a 14 anos,2006-06-01,76,76,76,76,152
COLLANA,consulta externa,nuevas en personas de 5 a 14 anos,2006-06-01,8,9,8,9,17
COLOMI,consulta externa,nuevas en personas de 5 a 14 anos,2006-06-01,69,63,69,63,132
COLPA BELGICA,consulta externa,nuevas en personas de 5 a 14 anos,2006-06-01,41,19,41,19,60
COLQUECHACA,consulta externa,nuevas en personas de 5 a 14 anos,2006-06-01,103,136,103,136,239
COLQUENCHA,consulta externa,nuevas en personas de 5 a 14 anos,2006-06-01,37,33,37,33,70
COLQUIRI,consulta externa,nuevas en personas de 5 a 14 anos,2006-06-01,64,66,64,66,130
COMANCHE,consulta externa,nuevas en personas de 5 a 14 anos,2006-06-01,9,1,9,1,10
COMARAPA,consulta externa,nuevas en personas de 5 a 14 anos,2006-06-01,105,74,105,74,179
COMBAYA,consulta externa,nuevas en personas de 5 a 14 anos,2006-06-01,6,4,6,4,10
CONCEPCION,consulta externa,nuevas en personas de 5 a 14 anos,2006-06-01,32,30,32,30,62
COPACABANA,consulta externa,nuevas en personas de 5 a 14 anos,2006-06-01,40,31,40,31,71
CORIPATA,consulta externa,nuevas en personas de 5 a 14 anos,2006-06-01,54,70,54,70,124
CORO CORO,consulta externa,nuevas en personas de 5 a 14 anos,2006-06-01,26,20,26,20,46
COROICO,consulta externa,nuevas en personas de 5 a 14 anos,2006-06-01,118,115,118,115,233
CORQUE,consulta externa,nuevas en personas de 5 a 14 anos,2006-06-01,67,47,67,47,114
COTAGAITA,consulta externa,nuevas en personas de 5 a 14 anos,2006-06-01,384,408,384,408,792
COTOCA,consulta externa,nuevas en personas de 5 a 14 anos,2006-06-01,78,81,78,81,159
CUATRO CAÑADAS,consulta externa,nuevas en personas de 5 a 14 anos,2006-06-01,92,94,92,94,186
CUCHUMUELA (V. G. VILLARROEL),consulta externa,nuevas en personas de 5 a 14 anos,2006-06-01,3,0,3,0,3
CUEVO,consulta externa,nuevas en personas de 5 a 14 anos,2006-06-01,50,56,50,56,106
CULPINA,consulta externa,nuevas en personas de 5 a 14 anos,2006-06-01,93,91,93,91,184
CURAHUARA DE CARANGAS,consulta externa,nuevas en personas de 5 a 14 anos,2006-06-01,47,62,47,62,109
CURVA,consulta externa,nuevas en personas de 5 a 14 anos,2006-06-01,14,16,14,16,30
DESAGUADERO,consulta externa,nuevas en personas de 5 a 14 anos,2006-06-01,21,17,21,17,38
EL ALTO,consulta externa,nuevas en personas de 5 a 14 anos,2006-06-01,5008,4796,5008,4796,9804
EL CHORO,consulta externa,nuevas en personas de 5 a 14 anos,2006-06-01,27,21,27,21,48
EL PUENTE(STC),consulta externa,nuevas en personas de 5 a 14 anos,2006-06-01,71,92,71,92,163
EL PUENTE(TJA),consulta externa,nuevas en personas de 5 a 14 anos,2006-06-01,169,187,169,187,356
EL TORNO,consulta externa,nuevas en personas de 5 a 14 anos,2006-06-01,210,214,210,214,424
EL VILLAR,consulta externa,nuevas en personas de 5 a 14 anos,2006-06-01,64,74,64,74,138
ENTRE RIOS,consulta externa,nuevas en personas de 5 a 14 anos,2006-06-01,273,287,273,287,560
ENTRE RIOS,consulta externa,nuevas en personas de 5 a 14 anos,2006-06-01,74,76,74,76,150
ESCARA,consulta externa,nuevas en personas de 5 a 14 anos,2006-06-01,0,1,0,1,1
EUCALIPTUS,consulta externa,nuevas en personas de 5 a 14 anos,2006-06-01,14,22,14,22,36
EUREKA (SANTOS MERCADO),consulta externa,nuevas en personas de 5 a 14 anos,2006-06-01,2,3,2,3,5
EXALTACION,consulta externa,nuevas en personas de 5 a 14 anos,2006-06-01,26,39,26,39,65
FERNANDEZ ALONSO,consulta externa,nuevas en personas de 5 a 14 anos,2006-06-01,159,177,159,177,336
FILADELFIA,consulta externa,nuevas en personas de 5 a 14 anos,2006-06-01,80,72,80,72,152
GENERAL SAAVEDRA,consulta externa,nuevas en personas de 5 a 14 anos,2006-06-01,69,71,69,71,140
GRAL. J.J. PEREZ (CHARAZANI),consulta externa,nuevas en personas de 5 a 14 anos,2006-06-01,50,46,50,46,96
GUANAY,consulta externa,nuevas en personas de 5 a 14 anos,2006-06-01,52,40,52,40,92
GUAQUI,consulta externa,nuevas en personas de 5 a 14 anos,2006-06-01,22,19,22,19,41
GUAYARAMERIN,consulta externa,nuevas en personas de 5 a 14 anos,2006-06-01,304,222,304,222,526
GUTIERREZ,consulta externa,nuevas en personas de 5 a 14 anos,2006-06-01,164,200,164,200,364
HUACARETA,consulta externa,nuevas en personas de 5 a 14 anos,2006-06-01,67,70,67,70,137
HUACAYA (VILLA DE HUACAYA),consulta externa,nuevas en personas de 5 a 14 anos,2006-06-01,19,25,19,25,44
HUACHACALLA,consulta externa,nuevas en personas de 5 a 14 anos,2006-06-01,5,2,5,2,7
HUANUNI,consulta externa,nuevas en personas de 5 a 14 anos,2006-06-01,290,310,290,310,600
HUARACAJE,consulta externa,nuevas en personas de 5 a 14 anos,2006-06-01,13,16,13,16,29
HUAYLLAMARCA,consulta externa,nuevas en personas de 5 a 14 anos,2006-06-01,13,17,13,17,30
ICHOCA,consulta externa,nuevas en personas de 5 a 14 anos,2006-06-01,14,14,14,14,28
ICLA,consulta externa,nuevas en personas de 5 a 14 anos,2006-06-01,98,97,98,97,195
INCAHUASI,consulta externa,nuevas en personas de 5 a 14 anos,2006-06-01,99,103,99,103,202
INGAVI (HUMAITA),consulta externa,nuevas en personas de 5 a 14 anos,2006-06-01,21,28,21,28,49
INQUISIVI,consulta externa,nuevas en personas de 5 a 14 anos,2006-06-01,54,57,54,57,111
IRUPANA (VILLA DE LANZA),consulta externa,nuevas en personas de 5 a 14 anos,2006-06-01,85,97,85,97,182
IXIAMAS,consulta externa,nuevas en personas de 5 a 14 anos,2006-06-01,67,66,67,66,133
JESUS DE MACHACA,consulta externa,nuevas en personas de 5 a 14 anos,2006-06-01,61,51,61,51,112
LA ASUNTA,consulta externa,nuevas en personas de 5 a 14 anos,2006-06-01,101,135,101,135,236
LA GUARDIA,consulta externa,nuevas en personas de 5 a 14 anos,2006-06-01,180,151,180,151,331
LA PAZ,consulta externa,nuevas en personas de 5 a 14 anos,2006-06-01,5724,6006,5724,6006,11730
LA RIVERA,consulta externa,nuevas en personas de 5 a 14 anos,2006-06-01,1,0,1,0,1
LAGUNILLAS,consulta externa,nuevas en personas de 5 a 14 anos,2006-06-01,40,55,40,55,95
LAJA,consulta externa,nuevas en personas de 5 a 14 anos,2006-06-01,40,24,40,24,64
LAS CARRERAS,consulta externa,nuevas en personas de 5 a 14 anos,2006-06-01,27,35,27,35,62
LICOMA PAMPA,consulta externa,nuevas en personas de 5 a 14 anos,2006-06-01,26,37,26,37,63
LLALLAGUA,consulta externa,nuevas en personas de 5 a 14 anos,2006-06-01,151,176,151,176,327
LLICA,consulta externa,nuevas en personas de 5 a 14 anos,2006-06-01,41,28,41,28,69
LORETO,consulta externa,nuevas en personas de 5 a 14 anos,2006-06-01,21,35,21,35,56
LURIBAY,consulta externa,nuevas en personas de 5 a 14 anos,2006-06-01,30,38,30,38,68
MACHACAMARCA,consulta externa,nuevas en personas de 5 a 14 anos,2006-06-01,14,6,14,6,20
MACHARETI,consulta externa,nuevas en personas de 5 a 14 anos,2006-06-01,108,130,108,130,238
MAGDALENA,consulta externa,nuevas en personas de 5 a 14 anos,2006-06-01,83,79,83,79,162
MAIRANA,consulta externa,nuevas en personas de 5 a 14 anos,2006-06-01,30,34,30,34,64
MALLA,consulta externa,nuevas en personas de 5 a 14 anos,2006-06-01,41,42,41,42,83
MAPIRI,consulta externa,nuevas en personas de 5 a 14 anos,2006-06-01,136,130,136,130,266
MECAPACA,consulta externa,nuevas en personas de 5 a 14 anos,2006-06-01,74,81,74,81,155
MINEROS,consulta externa,nuevas en personas de 5 a 14 anos,2006-06-01,30,31,30,31,61
MIZQUE,consulta externa,nuevas en personas de 5 a 14 anos,2006-06-01,81,63,81,63,144
MOCOMOCO,consulta externa,nuevas en personas de 5 a 14 anos,2006-06-01,74,56,74,56,130
MOJINETE,consulta externa,nuevas en personas de 5 a 14 anos,2006-06-01,10,18,10,18,28
MOJOCOYA,consulta externa,nuevas en personas de 5 a 14 anos,2006-06-01,169,170,169,170,339
MONTEAGUDO,consulta externa,nuevas en personas de 5 a 14 anos,2006-06-01,726,759,726,759,1485
MONTERO,consulta externa,nuevas en personas de 5 a 14 anos,2006-06-01,924,1058,924,1058,1982
MORO MORO,consulta externa,nuevas en personas de 5 a 14 anos,2006-06-01,9,11,9,11,20
MOROCHATA,consulta externa,nuevas en personas de 5 a 14 anos,2006-06-01,38,36,38,36,74
NACEBE (SANTA ROSA DEL ABUNA),consulta externa,nuevas en personas de 5 a 14 anos,2006-06-01,80,65,80,65,145
NAZACARA DE PACAJES,consulta externa,nuevas en personas de 5 a 14 anos,2006-06-01,0,2,0,2,2
NUEVO MANOA (NUEVA ESPERANZA),consulta externa,nuevas en personas de 5 a 14 anos,2006-06-01,1,1,1,1,2
OCURI,consulta externa,nuevas en personas de 5 a 14 anos,2006-06-01,64,62,64,62,126
OKINAWA,consulta externa,nuevas en personas de 5 a 14 anos,2006-06-01,63,85,63,85,148
OMEREQUE,consulta externa,nuevas en personas de 5 a 14 anos,2006-06-01,29,55,29,55,84
ORURO,consulta externa,nuevas en personas de 5 a 14 anos,2006-06-01,2225,2345,2225,2345,4570
PADCAYA,consulta externa,nuevas en personas de 5 a 14 anos,2006-06-01,267,239,267,239,506
PADILLA,consulta externa,nuevas en personas de 5 a 14 anos,2006-06-01,175,173,175,173,348
PAILON,consulta externa,nuevas en personas de 5 a 14 anos,2006-06-01,36,35,36,35,71
PALCA,consulta externa,nuevas en personas de 5 a 14 anos,2006-06-01,32,24,32,24,56
PALOS BLANCOS,consulta externa,nuevas en personas de 5 a 14 anos,2006-06-01,169,151,169,151,320
PAMPA AULLAGAS,consulta externa,nuevas en personas de 5 a 14 anos,2006-06-01,30,35,30,35,65
PAMPA GRANDE,consulta externa,nuevas en personas de 5 a 14 anos,2006-06-01,23,21,23,21,44
PAPEL PAMPA,consulta externa,nuevas en personas de 5 a 14 anos,2006-06-01,14,37,14,37,51
PASORAPA,consulta externa,nuevas en personas de 5 a 14 anos,2006-06-01,11,25,11,25,36
PATACAMAYA,consulta externa,nuevas en personas de 5 a 14 anos,2006-06-01,37,19,37,19,56
PAZÑA,consulta externa,nuevas en personas de 5 a 14 anos,2006-06-01,31,23,31,23,54
PELECHUCO,consulta externa,nuevas en personas de 5 a 14 anos,2006-06-01,43,48,43,48,91
POCOATA,consulta externa,nuevas en personas de 5 a 14 anos,2006-06-01,102,73,102,73,175
POCONA,consulta externa,nuevas en personas de 5 a 14 anos,2006-06-01,64,78,64,78,142
POJO (CBBA),consulta externa,nuevas en personas de 5 a 14 anos,2006-06-01,14,14,14,14,28
POOPO,consulta externa,nuevas en personas de 5 a 14 anos,2006-06-01,18,18,18,18,36
PORCO,consulta externa,nuevas en personas de 5 a 14 anos,2006-06-01,35,43,35,43,78
POROMA,consulta externa,nuevas en personas de 5 a 14 anos,2006-06-01,115,91,115,91,206
PORONGO,consulta externa,nuevas en personas de 5 a 14 anos,2006-06-01,143,107,143,107,250
PORTACHUELO,consulta externa,nuevas en personas de 5 a 14 anos,2006-06-01,100,86,100,86,186
PORVENIR,consulta externa,nuevas en personas de 5 a 14 anos,2006-06-01,85,100,85,100,185
POSTRER VALLE,consulta externa,nuevas en personas de 5 a 14 anos,2006-06-01,79,88,79,88,167
POTOSI,consulta externa,nuevas en personas de 5 a 14 anos,2006-06-01,1276,1150,1276,1150,2426
PRESTO,consulta externa,nuevas en personas de 5 a 14 anos,2006-06-01,46,39,46,39,85
PUCARA,consulta externa,nuevas en personas de 5 a 14 anos,2006-06-01,26,20,26,20,46
PUCARANI,consulta externa,nuevas en personas de 5 a 14 anos,2006-06-01,45,50,45,50,95
PUERTO ACOSTA,consulta externa,nuevas en personas de 5 a 14 anos,2006-06-01,118,104,118,104,222
PUERTO CARABUCO,consulta externa,nuevas en personas de 5 a 14 anos,2006-06-01,134,127,134,127,261
PUERTO GONZALO MORENO,consulta externa,nuevas en personas de 5 a 14 anos,2006-06-01,50,51,50,51,101
PUERTO PEREZ,consulta externa,nuevas en personas de 5 a 14 anos,2006-06-01,14,10,14,10,24
PUERTO QUIJARRO,consulta externa,nuevas en personas de 5 a 14 anos,2006-06-01,146,131,146,131,277
PUERTO RICO,consulta externa,nuevas en personas de 5 a 14 anos,2006-06-01,57,81,57,81,138
PUERTO SILES,consulta externa,nuevas en personas de 5 a 14 anos,2006-06-01,1,2,1,2,3
PUERTO SUAREZ,consulta externa,nuevas en personas de 5 a 14 anos,2006-06-01,114,143,114,143,257
PUERTO VILLARROEL,consulta externa,nuevas en personas de 5 a 14 anos,2006-06-01,289,226,289,226,515
PUNA,consulta externa,nuevas en personas de 5 a 14 anos,2006-06-01,272,248,272,248,520
PUNATA,consulta externa,nuevas en personas de 5 a 14 anos,2006-06-01,96,74,96,74,170
QUIABAYA,consulta externa,nuevas en personas de 5 a 14 anos,2006-06-01,14,5,14,5,19
QUILLACOLLO,consulta externa,nuevas en personas de 5 a 14 anos,2006-06-01,202,255,202,255,457
QUIME,consulta externa,nuevas en personas de 5 a 14 anos,2006-06-01,31,34,31,34,65
QUIRUSILLAS,consulta externa,nuevas en personas de 5 a 14 anos,2006-06-01,5,15,5,15,20
RAVELO,consulta externa,nuevas en personas de 5 a 14 anos,2006-06-01,68,70,68,70,138
REYES,consulta externa,nuevas en personas de 5 a 14 anos,2006-06-01,136,126,136,126,262
RIBERALTA,consulta externa,nuevas en personas de 5 a 14 anos,2006-06-01,508,518,508,518,1026
ROBORE,consulta externa,nuevas en personas de 5 a 14 anos,2006-06-01,105,82,105,82,187
RURRENABAQUE,consulta externa,nuevas en personas de 5 a 14 anos,2006-06-01,109,114,109,114,223
SABAYA,consulta externa,nuevas en personas de 5 a 14 anos,2006-06-01,12,14,12,14,26
SACABA,consulta externa,nuevas en personas de 5 a 14 anos,2006-06-01,181,173,181,173,354
SACABAMBA,consulta externa,nuevas en personas de 5 a 14 anos,2006-06-01,15,10,15,10,25
SACACA,consulta externa,nuevas en personas de 5 a 14 anos,2006-06-01,129,111,129,111,240
SAIPINA,consulta externa,nuevas en personas de 5 a 14 anos,2006-06-01,73,55,73,55,128
SALINAS DE GARCI MENDOZA,consulta externa,nuevas en personas de 5 a 14 anos,2006-06-01,44,44,44,44,88
SAMAIPATA,consulta externa,nuevas en personas de 5 a 14 anos,2006-06-01,28,38,28,38,66
SAN AGUSTIN,consulta externa,nuevas en personas de 5 a 14 anos,2006-06-01,18,25,18,25,43
SAN ANDRES,consulta externa,nuevas en personas de 5 a 14 anos,2006-06-01,41,45,41,45,86
SAN ANDRES DE MACHACA,consulta externa,nuevas en personas de 5 a 14 anos,2006-06-01,39,28,39,28,67
SAN ANTONIO DE ESMORUCO,consulta externa,nuevas en personas de 5 a 14 anos,2006-06-01,15,20,15,20,35
SAN ANTONIO DE LOMERIO,consulta externa,nuevas en personas de 5 a 14 anos,2006-06-01,15,5,15,5,20
SAN BENITO,consulta externa,nuevas en personas de 5 a 14 anos,2006-06-01,30,38,30,38,68
SAN BORJA,consulta externa,nuevas en personas de 5 a 14 anos,2006-06-01,107,104,107,104,211
SAN BUENA VENTURA,consulta externa,nuevas en personas de 5 a 14 anos,2006-06-01,37,46,37,46,83
SAN CARLOS,consulta externa,nuevas en personas de 5 a 14 anos,2006-06-01,213,214,213,214,427
SAN IGNACIO,consulta externa,nuevas en personas de 5 a 14 anos,2006-06-01,213,230,213,230,443
SAN IGNACIO DE VELASCO,consulta externa,nuevas en personas de 5 a 14 anos,2006-06-01,299,297,299,297,596
SAN JAVIER(BNI),consulta externa,nuevas en personas de 5 a 14 anos,2006-06-01,13,10,13,10,23
SAN JAVIER(STC),consulta externa,nuevas en personas de 5 a 14 anos,2006-06-01,47,57,47,57,104
SAN JOAQUIN,consulta externa,nuevas en personas de 5 a 14 anos,2006-06-01,77,73,77,73,150
SAN JOSE DE CHIQUITOS,consulta externa,nuevas en personas de 5 a 14 anos,2006-06-01,74,78,74,78,152
SAN JUAN DE YAPACANI,consulta externa,nuevas en personas de 5 a 14 anos,2006-06-01,47,46,47,46,93
SAN JULIAN,consulta externa,nuevas en personas de 5 a 14 anos,2006-06-01,197,217,197,217,414
SAN LORENZO(PND),consulta externa,nuevas en personas de 5 a 14 anos,2006-06-01,76,63,76,63,139
SAN LORENZO(TJA),consulta externa,nuevas en personas de 5 a 14 anos,2006-06-01,280,321,280,321,601
SAN LUCAS,consulta externa,nuevas en personas de 5 a 14 anos,2006-06-01,297,272,297,272,569
SAN MATIAS,consulta externa,nuevas en personas de 5 a 14 anos,2006-06-01,36,40,36,40,76
SAN MIGUEL DE VELASCO,consulta externa,nuevas en personas de 5 a 14 anos,2006-06-01,45,53,45,53,98
SAN PABLO DE LIPEZ,consulta externa,nuevas en personas de 5 a 14 anos,2006-06-01,41,40,41,40,81
SAN PEDRO,consulta externa,nuevas en personas de 5 a 14 anos,2006-06-01,76,99,76,99,175
SAN PEDRO DE BUENA VISTA,consulta externa,nuevas en personas de 5 a 14 anos,2006-06-01,113,68,113,68,181
SAN PEDRO DE CURAHUARA,consulta externa,nuevas en personas de 5 a 14 anos,2006-06-01,53,37,53,37,90
SAN PEDRO DE QUEMES,consulta externa,nuevas en personas de 5 a 14 anos,2006-06-01,8,5,8,5,13
SAN PEDRO DE TIQUINA,consulta externa,nuevas en personas de 5 a 14 anos,2006-06-01,30,37,30,37,67
SAN PEDRO(PND),consulta externa,nuevas en personas de 5 a 14 anos,2006-06-01,45,44,45,44,89
SAN RAFAEL,consulta externa,nuevas en personas de 5 a 14 anos,2006-06-01,28,23,28,23,51
SAN RAMON,consulta externa,nuevas en personas de 5 a 14 anos,2006-06-01,39,35,39,35,74
SAN RAMON,consulta externa,nuevas en personas de 5 a 14 anos,2006-06-01,31,38,31,38,69
SANTA ANA,consulta externa,nuevas en personas de 5 a 14 anos,2006-06-01,56,82,56,82,138
SANTA CRUZ DE LA SIERRA,consulta externa,nuevas en personas de 5 a 14 anos,2006-06-01,6852,7213,6852,7213,14065
SANTA ROSA,consulta externa,nuevas en personas de 5 a 14 anos,2006-06-01,26,23,26,23,49
SANTA ROSA DEL SARA,consulta externa,nuevas en personas de 5 a 14 anos,2006-06-01,71,102,71,102,173
SANTIAGO DE CALLAPA,consulta externa,nuevas en personas de 5 a 14 anos,2006-06-01,13,23,13,23,36
SANTIAGO DE HUARI,consulta externa,nuevas en personas de 5 a 14 anos,2006-06-01,69,62,69,62,131
SANTIAGO DE MACHACA,consulta externa,nuevas en personas de 5 a 14 anos,2006-06-01,10,7,10,7,17
SANTIVAÑES,consulta externa,nuevas en personas de 5 a 14 anos,2006-06-01,28,24,28,24,52
SANTUARIO DE QUILLACAS,consulta externa,nuevas en personas de 5 a 14 anos,2006-06-01,8,6,8,6,14
SAPAHAQUI,consulta externa,nuevas en personas de 5 a 14 anos,2006-06-01,57,49,57,49,106
SENA,consulta externa,nuevas en personas de 5 a 14 anos,2006-06-01,15,25,15,25,40
SICA SICA (VILLA AROMA),consulta externa,nuevas en personas de 5 a 14 anos,2006-06-01,30,33,30,33,63
SICAYA,consulta externa,nuevas en personas de 5 a 14 anos,2006-06-01,2,5,2,5,7
SIPE SIPE,consulta externa,nuevas en personas de 5 a 14 anos,2006-06-01,57,42,57,42,99
SOPACHUY,consulta externa,nuevas en personas de 5 a 14 anos,2006-06-01,75,65,75,65,140
SORACACHI,consulta externa,nuevas en personas de 5 a 14 anos,2006-06-01,41,17,41,17,58
SORATA,consulta externa,nuevas en personas de 5 a 14 anos,2006-06-01,72,56,72,56,128
SUCRE,consulta externa,nuevas en personas de 5 a 14 anos,2006-06-01,2408,2480,2408,2480,4888
TACACHI,consulta externa,nuevas en personas de 5 a 14 anos,2006-06-01,6,2,6,2,8
TACACOMA,consulta externa,nuevas en personas de 5 a 14 anos,2006-06-01,23,23,23,23,46
TACOBAMBA,consulta externa,nuevas en personas de 5 a 14 anos,2006-06-01,41,34,41,34,75
TACOPAYA,consulta externa,nuevas en personas de 5 a 14 anos,2006-06-01,77,53,77,53,130
TAHUA,consulta externa,nuevas en personas de 5 a 14 anos,2006-06-01,5,9,5,9,14
TAPACARI,consulta externa,nuevas en personas de 5 a 14 anos,2006-06-01,89,84,89,84,173
TARABUCO,consulta externa,nuevas en personas de 5 a 14 anos,2006-06-01,101,105,101,105,206
TARACO,consulta externa,nuevas en personas de 5 a 14 anos,2006-06-01,9,8,9,8,17
TARATA,consulta externa,nuevas en personas de 5 a 14 anos,2006-06-01,30,26,30,26,56
TARIJA,consulta externa,nuevas en personas de 5 a 14 anos,2006-06-01,1540,1496,1540,1496,3036
TARVITA,consulta externa,nuevas en personas de 5 a 14 anos,2006-06-01,98,91,98,91,189
TEOPONTE,consulta externa,nuevas en personas de 5 a 14 anos,2006-06-01,47,43,47,43,90
TIAWANACU,consulta externa,nuevas en personas de 5 a 14 anos,2006-06-01,111,82,111,82,193
TINGUIPAYA,consulta externa,nuevas en personas de 5 a 14 anos,2006-06-01,158,151,158,151,309
TIPUANI,consulta externa,nuevas en personas de 5 a 14 anos,2006-06-01,20,29,20,29,49
TIQUIPAYA,consulta externa,nuevas en personas de 5 a 14 anos,2006-06-01,95,89,95,89,184
TIRAQUE (CBBA),consulta externa,nuevas en personas de 5 a 14 anos,2006-06-01,161,182,161,182,343
TITO YUPANQUI (PARQUIPUJIO),consulta externa,nuevas en personas de 5 a 14 anos,2006-06-01,8,5,8,5,13
TOCO,consulta externa,nuevas en personas de 5 a 14 anos,2006-06-01,14,10,14,10,24
TODOS SANTOS,consulta externa,nuevas en personas de 5 a 14 anos,2006-06-01,0,3,0,3,3
TOLATA,consulta externa,nuevas en personas de 5 a 14 anos,2006-06-01,13,15,13,15,28
TOLEDO,consulta externa,nuevas en personas de 5 a 14 anos,2006-06-01,47,48,47,48,95
TOMAVE,consulta externa,nuevas en personas de 5 a 14 anos,2006-06-01,59,60,59,60,119
TOMINA,consulta externa,nuevas en personas de 5 a 14 anos,2006-06-01,82,52,82,52,134
TORO TORO,consulta externa,nuevas en personas de 5 a 14 anos,2006-06-01,51,61,51,61,112
TOTORA(CBBA),consulta externa,nuevas en personas de 5 a 14 anos,2006-06-01,39,22,39,22,61
TOTORA(ORR),consulta externa,nuevas en personas de 5 a 14 anos,2006-06-01,28,35,28,35,63
TRIGAL,consulta externa,nuevas en personas de 5 a 14 anos,2006-06-01,15,9,15,9,24
TRINIDAD,consulta externa,nuevas en personas de 5 a 14 anos,2006-06-01,914,977,914,977,1891
TUPIZA,consulta externa,nuevas en personas de 5 a 14 anos,2006-06-01,941,989,941,989,1930
TURCO,consulta externa,nuevas en personas de 5 a 14 anos,2006-06-01,28,29,28,29,57
UMALA,consulta externa,nuevas en personas de 5 a 14 anos,2006-06-01,27,33,27,33,60
UNCIA,consulta externa,nuevas en personas de 5 a 14 anos,2006-06-01,191,231,191,231,422
URIONDO (A. CONCEPCION),consulta externa,nuevas en personas de 5 a 14 anos,2006-06-01,164,174,164,174,338
URUBICHA,consulta externa,nuevas en personas de 5 a 14 anos,2006-06-01,24,24,24,24,48
UYUNI,consulta externa,nuevas en personas de 5 a 14 anos,2006-06-01,152,100,152,100,252
VACAS,consulta externa,nuevas en personas de 5 a 14 anos,2006-06-01,52,42,52,42,94
VALLEGRANDE,consulta externa,nuevas en personas de 5 a 14 anos,2006-06-01,267,287,267,287,554
VIACHA,consulta externa,nuevas en personas de 5 a 14 anos,2006-06-01,195,189,195,189,384
VILA VILA,consulta externa,nuevas en personas de 5 a 14 anos,2006-06-01,14,13,14,13,27
VILLA MONTES,consulta externa,nuevas en personas de 5 a 14 anos,2006-06-01,266,243,266,243,509
VILLA NUEVA (LOMA ALTA),consulta externa,nuevas en personas de 5 a 14 anos,2006-06-01,14,14,14,14,28
VILLA RIVERO,consulta externa,nuevas en personas de 5 a 14 anos,2006-06-01,19,15,19,15,34
VILLA SERRANO,consulta externa,nuevas en personas de 5 a 14 anos,2006-06-01,62,76,62,76,138
VILLA TUNARI,consulta externa,nuevas en personas de 5 a 14 anos,2006-06-01,337,342,337,342,679
VILLA VACA GUZMAN (MUYUPAMPA),consulta externa,nuevas en personas de 5 a 14 anos,2006-06-01,58,78,58,78,136
VILLAZON,consulta externa,nuevas en personas de 5 a 14 anos,2006-06-01,292,255,292,255,547
VINTO,consulta externa,nuevas en personas de 5 a 14 anos,2006-06-01,18,11,18,11,29
VITICHI,consulta externa,nuevas en personas de 5 a 14 anos,2006-06-01,123,136,123,136,259
WALDO BALLIVIAN,consulta externa,nuevas en personas de 5 a 14 anos,2006-06-01,10,10,10,10,20
WARNES,consulta externa,nuevas en personas de 5 a 14 anos,2006-06-01,184,201,184,201,385
YACO,consulta externa,nuevas en personas de 5 a 14 anos,2006-06-01,24,23,24,23,47
YACUIBA,consulta externa,nuevas en personas de 5 a 14 anos,2006-06-01,539,518,539,518,1057
YAMPARAEZ,consulta externa,nuevas en personas de 5 a 14 anos,2006-06-01,62,54,62,54,116
YANACACHI,consulta externa,nuevas en personas de 5 a 14 anos,2006-06-01,36,50,36,50,86
YAPACANI,consulta externa,nuevas en personas de 5 a 14 anos,2006-06-01,233,220,233,220,453
YOCALLA,consulta externa,nuevas en personas de 5 a 14 anos,2006-06-01,30,43,30,43,73
YOTALA,consulta externa,nuevas en personas de 5 a 14 anos,2006-06-01,71,69,71,69,140
YUNCHARA,consulta externa,nuevas en personas de 5 a 14 anos,2006-06-01,53,81,53,81,134
ZUDAÑEZ,consulta externa,nuevas en personas de 5 a 14 anos,2006-06-01,92,110,92,110,202
ACACIO,consulta externa,nuevas en personas de 5 a 14 anos,2006-07-01,48,44,48,44,92
ACHACACHI,consulta externa,nuevas en personas de 5 a 14 anos,2006-07-01,78,74,78,74,152
ACHOCALLA,consulta externa,nuevas en personas de 5 a 14 anos,2006-07-01,6,20,6,20,26
AIQUILE,consulta externa,nuevas en personas de 5 a 14 anos,2006-07-01,72,93,72,93,165
ALALAY,consulta externa,nuevas en personas de 5 a 14 anos,2006-07-01,5,2,5,2,7
ALCALA,consulta externa,nuevas en personas de 5 a 14 anos,2006-07-01,43,46,43,46,89
ANCORAIMES,consulta externa,nuevas en personas de 5 a 14 anos,2006-07-01,15,15,15,15,30
ANDAMARCA,consulta externa,nuevas en personas de 5 a 14 anos,2006-07-01,13,16,13,16,29
ANTEQUERA,consulta externa,nuevas en personas de 5 a 14 anos,2006-07-01,11,18,11,18,29
ANZALDO,consulta externa,nuevas en personas de 5 a 14 anos,2006-07-01,19,17,19,17,36
APOLO,consulta externa,nuevas en personas de 5 a 14 anos,2006-07-01,36,48,36,48,84
ARAMPAMPA,consulta externa,nuevas en personas de 5 a 14 anos,2006-07-01,9,8,9,8,17
ARANI,consulta externa,nuevas en personas de 5 a 14 anos,2006-07-01,18,13,18,13,31
ARBIETO,consulta externa,nuevas en personas de 5 a 14 anos,2006-07-01,10,11,10,11,21
ARQUE,consulta externa,nuevas en personas de 5 a 14 anos,2006-07-01,30,16,30,16,46
ASCENCION DE GUARAYOS,consulta externa,nuevas en personas de 5 a 14 anos,2006-07-01,98,100,98,100,198
ATOCHA,consulta externa,nuevas en personas de 5 a 14 anos,2006-07-01,147,170,147,170,317
AUCAPATA,consulta externa,nuevas en personas de 5 a 14 anos,2006-07-01,43,21,43,21,64
AYATA,consulta externa,nuevas en personas de 5 a 14 anos,2006-07-01,24,31,24,31,55
AYO AYO,consulta externa,nuevas en personas de 5 a 14 anos,2006-07-01,16,13,16,13,29
AYOPAYA (V. DE INDEPENDENCIA),consulta externa,nuevas en personas de 5 a 14 anos,2006-07-01,46,42,46,42,88
AZURDUY,consulta externa,nuevas en personas de 5 a 14 anos,2006-07-01,71,86,71,86,157
BATALLAS,consulta externa,nuevas en personas de 5 a 14 anos,2006-07-01,34,28,34,28,62
BAURES,consulta externa,nuevas en personas de 5 a 14 anos,2006-07-01,30,33,30,33,63
BELEN DE ANDAMARCA,consulta externa,nuevas en personas de 5 a 14 anos,2006-07-01,8,5,8,5,13
BELEN DE URMIRI,consulta externa,nuevas en personas de 5 a 14 anos,2006-07-01,9,9,9,9,18
BELLA FLOR,consulta externa,nuevas en personas de 5 a 14 anos,2006-07-01,63,87,63,87,150
BERMEJO,consulta externa,nuevas en personas de 5 a 14 anos,2006-07-01,324,227,324,227,551
BETANZOS,consulta externa,nuevas en personas de 5 a 14 anos,2006-07-01,131,130,131,130,261
BOLIVAR,consulta externa,nuevas en personas de 5 a 14 anos,2006-07-01,42,31,42,31,73
BOLPEBRA,consulta externa,nuevas en personas de 5 a 14 anos,2006-07-01,11,12,11,12,23
BOYUIBE,consulta externa,nuevas en personas de 5 a 14 anos,2006-07-01,154,167,154,167,321
BUENA VISTA,consulta externa,nuevas en personas de 5 a 14 anos,2006-07-01,68,55,68,55,123
CABEZAS,consulta externa,nuevas en personas de 5 a 14 anos,2006-07-01,165,159,165,159,324
CAIROMA,consulta externa,nuevas en personas de 5 a 14 anos,2006-07-01,42,34,42,34,76
"CAIZA ""D""",consulta externa,nuevas en personas de 5 a 14 anos,2006-07-01,64,59,64,59,123
CAJUATA,consulta externa,nuevas en personas de 5 a 14 anos,2006-07-01,37,40,37,40,77
CALACOTO,consulta externa,nuevas en personas de 5 a 14 anos,2006-07-01,45,39,45,39,84
CALAMARCA,consulta externa,nuevas en personas de 5 a 14 anos,2006-07-01,16,17,16,17,33
CAMARGO,consulta externa,nuevas en personas de 5 a 14 anos,2006-07-01,166,212,166,212,378
CAMATAQUI (C. VILLA ABECIA),consulta externa,nuevas en personas de 5 a 14 anos,2006-07-01,23,20,23,20,43
CAMIRI,consulta externa,nuevas en personas de 5 a 14 anos,2006-07-01,638,660,638,660,1298
CAPINOTA,consulta externa,nuevas en personas de 5 a 14 anos,2006-07-01,80,74,80,74,154
CAQUIAVIRI,consulta externa,nuevas en personas de 5 a 14 anos,2006-07-01,17,21,17,21,38
CARACOLLO,consulta externa,nuevas en personas de 5 a 14 anos,2006-07-01,55,78,55,78,133
CARANAVI,consulta externa,nuevas en personas de 5 a 14 anos,2006-07-01,294,284,294,284,578
CARAPARI,consulta externa,nuevas en personas de 5 a 14 anos,2006-07-01,75,87,75,87,162
CARIPUYO,consulta externa,nuevas en personas de 5 a 14 anos,2006-07-01,12,11,12,11,23
CARMEN RIVERO TORREZ,consulta externa,nuevas en personas de 5 a 14 anos,2006-07-01,8,4,8,4,12
CATACORA,consulta externa,nuevas en personas de 5 a 14 anos,2006-07-01,4,6,4,6,10
CHACARILLA,consulta externa,nuevas en personas de 5 a 14 anos,2006-07-01,3,2,3,2,5
CHALLAPATA,consulta externa,nuevas en personas de 5 a 14 anos,2006-07-01,103,101,103,101,204
CHAQUI,consulta externa,nuevas en personas de 5 a 14 anos,2006-07-01,21,34,21,34,55
CHARAGUA,consulta externa,nuevas en personas de 5 a 14 anos,2006-07-01,87,108,87,108,195
CHARAÑA,consulta externa,nuevas en personas de 5 a 14 anos,2006-07-01,6,8,6,8,14
CHAYANTA,consulta externa,nuevas en personas de 5 a 14 anos,2006-07-01,47,45,47,45,92
CHIMORE,consulta externa,nuevas en personas de 5 a 14 anos,2006-07-01,72,73,72,73,145
CHIPAYA,consulta externa,nuevas en personas de 5 a 14 anos,2006-07-01,12,8,12,8,20
CHOQUE COTA,consulta externa,nuevas en personas de 5 a 14 anos,2006-07-01,28,32,28,32,60
CHULUMANI (V. DE LA LIBERTAD),consulta externa,nuevas en personas de 5 a 14 anos,2006-07-01,48,52,48,52,100
CHUMA,consulta externa,nuevas en personas de 5 a 14 anos,2006-07-01,94,82,94,82,176
CLIZA,consulta externa,nuevas en personas de 5 a 14 anos,2006-07-01,65,62,65,62,127
COBIJA,consulta externa,nuevas en personas de 5 a 14 anos,2006-07-01,344,358,344,358,702
COCHABAMBA,consulta externa,nuevas en personas de 5 a 14 anos,2006-07-01,3879,4111,3879,4111,7990
COIPASA,consulta externa,nuevas en personas de 5 a 14 anos,2006-07-01,1,4,1,4,5
COLCAPIRHUA,consulta externa,nuevas en personas de 5 a 14 anos,2006-07-01,225,207,225,207,432
"COLCHA ""K""",consulta externa,nuevas en personas de 5 a 14 anos,2006-07-01,50,45,50,45,95
COLLANA,consulta externa,nuevas en personas de 5 a 14 anos,2006-07-01,3,1,3,1,4
COLOMI,consulta externa,nuevas en personas de 5 a 14 anos,2006-07-01,24,31,24,31,55
COLPA BELGICA,consulta externa,nuevas en personas de 5 a 14 anos,2006-07-01,41,37,41,37,78
COLQUECHACA,consulta externa,nuevas en personas de 5 a 14 anos,2006-07-01,87,88,87,88,175
COLQUENCHA,consulta externa,nuevas en personas de 5 a 14 anos,2006-07-01,22,26,22,26,48
COLQUIRI,consulta externa,nuevas en personas de 5 a 14 anos,2006-07-01,67,45,67,45,112
COMANCHE,consulta externa,nuevas en personas de 5 a 14 anos,2006-07-01,7,5,7,5,12
COMARAPA,consulta externa,nuevas en personas de 5 a 14 anos,2006-07-01,108,119,108,119,227
COMBAYA,consulta externa,nuevas en personas de 5 a 14 anos,2006-07-01,7,3,7,3,10
CONCEPCION,consulta externa,nuevas en personas de 5 a 14 anos,2006-07-01,36,32,36,32,68
COPACABANA,consulta externa,nuevas en personas de 5 a 14 anos,2006-07-01,36,29,36,29,65
CORIPATA,consulta externa,nuevas en personas de 5 a 14 anos,2006-07-01,49,36,49,36,85
CORO CORO,consulta externa,nuevas en personas de 5 a 14 anos,2006-07-01,23,30,23,30,53
COROICO,consulta externa,nuevas en personas de 5 a 14 anos,2006-07-01,87,109,87,109,196
CORQUE,consulta externa,nuevas en personas de 5 a 14 anos,2006-07-01,33,28,33,28,61
COTAGAITA,consulta externa,nuevas en personas de 5 a 14 anos,2006-07-01,238,232,238,232,470
COTOCA,consulta externa,nuevas en personas de 5 a 14 anos,2006-07-01,70,77,70,77,147
CUATRO CAÑADAS,consulta externa,nuevas en personas de 5 a 14 anos,2006-07-01,112,121,112,121,233
CUCHUMUELA (V. G. VILLARROEL),consulta externa,nuevas en personas de 5 a 14 anos,2006-07-01,4,3,4,3,7
CUEVO,consulta externa,nuevas en personas de 5 a 14 anos,2006-07-01,38,36,38,36,74
CULPINA,consulta externa,nuevas en personas de 5 a 14 anos,2006-07-01,121,151,121,151,272
CURAHUARA DE CARANGAS,consulta externa,nuevas en personas de 5 a 14 anos,2006-07-01,26,26,26,26,52
CURVA,consulta externa,nuevas en personas de 5 a 14 anos,2006-07-01,4,3,4,3,7
DESAGUADERO,consulta externa,nuevas en personas de 5 a 14 anos,2006-07-01,10,13,10,13,23
EL ALTO,consulta externa,nuevas en personas de 5 a 14 anos,2006-07-01,4785,5673,4785,5673,10458
EL CHORO,consulta externa,nuevas en personas de 5 a 14 anos,2006-07-01,9,6,9,6,15
EL PUENTE(STC),consulta externa,nuevas en personas de 5 a 14 anos,2006-07-01,87,68,87,68,155
EL PUENTE(TJA),consulta externa,nuevas en personas de 5 a 14 anos,2006-07-01,91,121,91,121,212
EL TORNO,consulta externa,nuevas en personas de 5 a 14 anos,2006-07-01,210,240,210,240,450
EL VILLAR,consulta externa,nuevas en personas de 5 a 14 anos,2006-07-01,43,54,43,54,97
ENTRE RIOS,consulta externa,nuevas en personas de 5 a 14 anos,2006-07-01,191,210,191,210,401
ENTRE RIOS,consulta externa,nuevas en personas de 5 a 14 anos,2006-07-01,98,92,98,92,190
ESCARA,consulta externa,nuevas en personas de 5 a 14 anos,2006-07-01,2,0,2,0,2
ESMERALDA,consulta externa,nuevas en personas de 5 a 14 anos,2006-07-01,0,2,0,2,2
EUCALIPTUS,consulta externa,nuevas en personas de 5 a 14 anos,2006-07-01,15,20,15,20,35
EUREKA (SANTOS MERCADO),consulta externa,nuevas en personas de 5 a 14 anos,2006-07-01,4,4,4,4,8
EXALTACION,consulta externa,nuevas en personas de 5 a 14 anos,2006-07-01,9,11,9,11,20
FERNANDEZ ALONSO,consulta externa,nuevas en personas de 5 a 14 anos,2006-07-01,53,68,53,68,121
FILADELFIA,consulta externa,nuevas en personas de 5 a 14 anos,2006-07-01,50,58,50,58,108
GENERAL SAAVEDRA,consulta externa,nuevas en personas de 5 a 14 anos,2006-07-01,67,85,67,85,152
GRAL. J.J. PEREZ (CHARAZANI),consulta externa,nuevas en personas de 5 a 14 anos,2006-07-01,22,28,22,28,50
GUANAY,consulta externa,nuevas en personas de 5 a 14 anos,2006-07-01,55,77,55,77,132
GUAQUI,consulta externa,nuevas en personas de 5 a 14 anos,2006-07-01,12,14,12,14,26
GUAYARAMERIN,consulta externa,nuevas en personas de 5 a 14 anos,2006-07-01,304,345,304,345,649
GUTIERREZ,consulta externa,nuevas en personas de 5 a 14 anos,2006-07-01,115,80,115,80,195
HUACARETA,consulta externa,nuevas en personas de 5 a 14 anos,2006-07-01,75,62,75,62,137
HUACAYA (VILLA DE HUACAYA),consulta externa,nuevas en personas de 5 a 14 anos,2006-07-01,21,23,21,23,44
HUACHACALLA,consulta externa,nuevas en personas de 5 a 14 anos,2006-07-01,3,9,3,9,12
HUANUNI,consulta externa,nuevas en personas de 5 a 14 anos,2006-07-01,144,150,144,150,294
HUARACAJE,consulta externa,nuevas en personas de 5 a 14 anos,2006-07-01,9,7,9,7,16
HUAYLLAMARCA,consulta externa,nuevas en personas de 5 a 14 anos,2006-07-01,17,20,17,20,37
ICHOCA,consulta externa,nuevas en personas de 5 a 14 anos,2006-07-01,11,8,11,8,19
ICLA,consulta externa,nuevas en personas de 5 a 14 anos,2006-07-01,82,87,82,87,169
INCAHUASI,consulta externa,nuevas en personas de 5 a 14 anos,2006-07-01,69,76,69,76,145
INGAVI (HUMAITA),consulta externa,nuevas en personas de 5 a 14 anos,2006-07-01,10,11,10,11,21
INQUISIVI,consulta externa,nuevas en personas de 5 a 14 anos,2006-07-01,48,56,48,56,104
IRUPANA (VILLA DE LANZA),consulta externa,nuevas en personas de 5 a 14 anos,2006-07-01,84,50,84,50,134
IXIAMAS,consulta externa,nuevas en personas de 5 a 14 anos,2006-07-01,101,90,101,90,191
JESUS DE MACHACA,consulta externa,nuevas en personas de 5 a 14 anos,2006-07-01,28,27,28,27,55
LA ASUNTA,consulta externa,nuevas en personas de 5 a 14 anos,2006-07-01,59,69,59,69,128
LA GUARDIA,consulta externa,nuevas en personas de 5 a 14 anos,2006-07-01,225,227,225,227,452
LA PAZ,consulta externa,nuevas en personas de 5 a 14 anos,2006-07-01,6434,6417,6434,6417,12851
LA RIVERA,consulta externa,nuevas en personas de 5 a 14 anos,2006-07-01,1,3,1,3,4
LAGUNILLAS,consulta externa,nuevas en personas de 5 a 14 anos,2006-07-01,79,74,79,74,153
LAJA,consulta externa,nuevas en personas de 5 a 14 anos,2006-07-01,27,23,27,23,50
LAS CARRERAS,consulta externa,nuevas en personas de 5 a 14 anos,2006-07-01,33,24,33,24,57
LICOMA PAMPA,consulta externa,nuevas en personas de 5 a 14 anos,2006-07-01,18,23,18,23,41
LLALLAGUA,consulta externa,nuevas en personas de 5 a 14 anos,2006-07-01,187,185,187,185,372
LLICA,consulta externa,nuevas en personas de 5 a 14 anos,2006-07-01,16,18,16,18,34
LORETO,consulta externa,nuevas en personas de 5 a 14 anos,2006-07-01,21,18,21,18,39
LURIBAY,consulta externa,nuevas en personas de 5 a 14 anos,2006-07-01,43,33,43,33,76
MACHACAMARCA,consulta externa,nuevas en personas de 5 a 14 anos,2006-07-01,19,22,19,22,41
MACHARETI,consulta externa,nuevas en personas de 5 a 14 anos,2006-07-01,50,67,50,67,117
MAGDALENA,consulta externa,nuevas en personas de 5 a 14 anos,2006-07-01,74,80,74,80,154
MAIRANA,consulta externa,nuevas en personas de 5 a 14 anos,2006-07-01,42,44,42,44,86
MALLA,consulta externa,nuevas en personas de 5 a 14 anos,2006-07-01,37,31,37,31,68
MAPIRI,consulta externa,nuevas en personas de 5 a 14 anos,2006-07-01,43,50,43,50,93
MECAPACA,consulta externa,nuevas en personas de 5 a 14 anos,2006-07-01,86,49,86,49,135
MINEROS,consulta externa,nuevas en personas de 5 a 14 anos,2006-07-01,45,29,45,29,74
MIZQUE,consulta externa,nuevas en personas de 5 a 14 anos,2006-07-01,41,51,41,51,92
MOCOMOCO,consulta externa,nuevas en personas de 5 a 14 anos,2006-07-01,41,58,41,58,99
MOJINETE,consulta externa,nuevas en personas de 5 a 14 anos,2006-07-01,10,14,10,14,24
MOJOCOYA,consulta externa,nuevas en personas de 5 a 14 anos,2006-07-01,60,62,60,62,122
MONTEAGUDO,consulta externa,nuevas en personas de 5 a 14 anos,2006-07-01,401,459,401,459,860
MONTERO,consulta externa,nuevas en personas de 5 a 14 anos,2006-07-01,921,868,921,868,1789
MORO MORO,consulta externa,nuevas en personas de 5 a 14 anos,2006-07-01,8,13,8,13,21
MOROCHATA,consulta externa,nuevas en personas de 5 a 14 anos,2006-07-01,35,33,35,33,68
NACEBE (SANTA ROSA DEL ABUNA),consulta externa,nuevas en personas de 5 a 14 anos,2006-07-01,11,6,11,6,17
NUEVO MANOA (NUEVA ESPERANZA),consulta externa,nuevas en personas de 5 a 14 anos,2006-07-01,4,7,4,7,11
OCURI,consulta externa,nuevas en personas de 5 a 14 anos,2006-07-01,47,51,47,51,98
OKINAWA,consulta externa,nuevas en personas de 5 a 14 anos,2006-07-01,164,186,164,186,350
OMEREQUE,consulta externa,nuevas en personas de 5 a 14 anos,2006-07-01,35,26,35,26,61
ORURO,consulta externa,nuevas en personas de 5 a 14 anos,2006-07-01,2210,2297,2210,2297,4507
PADCAYA,consulta externa,nuevas en personas de 5 a 14 anos,2006-07-01,274,203,274,203,477
PADILLA,consulta externa,nuevas en personas de 5 a 14 anos,2006-07-01,103,89,103,89,192
PAILON,consulta externa,nuevas en personas de 5 a 14 anos,2006-07-01,10,34,10,34,44
PALCA,consulta externa,nuevas en personas de 5 a 14 anos,2006-07-01,30,15,30,15,45
PALOS BLANCOS,consulta externa,nuevas en personas de 5 a 14 anos,2006-07-01,109,86,109,86,195
PAMPA AULLAGAS,consulta externa,nuevas en personas de 5 a 14 anos,2006-07-01,11,5,11,5,16
PAMPA GRANDE,consulta externa,nuevas en personas de 5 a 14 anos,2006-07-01,34,43,34,43,77
PAPEL PAMPA,consulta externa,nuevas en personas de 5 a 14 anos,2006-07-01,58,9,58,9,67
PASORAPA,consulta externa,nuevas en personas de 5 a 14 anos,2006-07-01,9,3,9,3,12
PATACAMAYA,consulta externa,nuevas en personas de 5 a 14 anos,2006-07-01,24,23,24,23,47
PAZÑA,consulta externa,nuevas en personas de 5 a 14 anos,2006-07-01,22,26,22,26,48
PELECHUCO,consulta externa,nuevas en personas de 5 a 14 anos,2006-07-01,25,32,25,32,57
POCOATA,consulta externa,nuevas en personas de 5 a 14 anos,2006-07-01,58,54,58,54,112
POCONA,consulta externa,nuevas en personas de 5 a 14 anos,2006-07-01,37,31,37,31,68
POJO (CBBA),consulta externa,nuevas en personas de 5 a 14 anos,2006-07-01,21,20,21,20,41
POOPO,consulta externa,nuevas en personas de 5 a 14 anos,2006-07-01,17,13,17,13,30
PORCO,consulta externa,nuevas en personas de 5 a 14 anos,2006-07-01,24,26,24,26,50
POROMA,consulta externa,nuevas en personas de 5 a 14 anos,2006-07-01,111,97,111,97,208
PORONGO,consulta externa,nuevas en personas de 5 a 14 anos,2006-07-01,134,103,134,103,237
PORTACHUELO,consulta externa,nuevas en personas de 5 a 14 anos,2006-07-01,108,123,108,123,231
PORVENIR,consulta externa,nuevas en personas de 5 a 14 anos,2006-07-01,40,57,40,57,97
POSTRER VALLE,consulta externa,nuevas en personas de 5 a 14 anos,2006-07-01,12,9,12,9,21
POTOSI,consulta externa,nuevas en personas de 5 a 14 anos,2006-07-01,2228,1281,2228,1281,3509
PRESTO,consulta externa,nuevas en personas de 5 a 14 anos,2006-07-01,31,35,31,35,66
PUCARA,consulta externa,nuevas en personas de 5 a 14 anos,2006-07-01,14,21,14,21,35
PUCARANI,consulta externa,nuevas en personas de 5 a 14 anos,2006-07-01,39,21,39,21,60
PUERTO ACOSTA,consulta externa,nuevas en personas de 5 a 14 anos,2006-07-01,73,81,73,81,154
PUERTO CARABUCO,consulta externa,nuevas en personas de 5 a 14 anos,2006-07-01,195,171,195,171,366
PUERTO GONZALO MORENO,consulta externa,nuevas en personas de 5 a 14 anos,2006-07-01,57,64,57,64,121
PUERTO PEREZ,consulta externa,nuevas en personas de 5 a 14 anos,2006-07-01,17,23,17,23,40
PUERTO QUIJARRO,consulta externa,nuevas en personas de 5 a 14 anos,2006-07-01,144,171,144,171,315
PUERTO RICO,consulta externa,nuevas en personas de 5 a 14 anos,2006-07-01,52,56,52,56,108
PUERTO SILES,consulta externa,nuevas en personas de 5 a 14 anos,2006-07-01,18,17,18,17,35
PUERTO SUAREZ,consulta externa,nuevas en personas de 5 a 14 anos,2006-07-01,96,108,96,108,204
PUERTO VILLARROEL,consulta externa,nuevas en personas de 5 a 14 anos,2006-07-01,217,176,217,176,393
PUNA,consulta externa,nuevas en personas de 5 a 14 anos,2006-07-01,98,121,98,121,219
PUNATA,consulta externa,nuevas en personas de 5 a 14 anos,2006-07-01,106,82,106,82,188
QUIABAYA,consulta externa,nuevas en personas de 5 a 14 anos,2006-07-01,6,12,6,12,18
QUILLACOLLO,consulta externa,nuevas en personas de 5 a 14 anos,2006-07-01,143,130,143,130,273
QUIME,consulta externa,nuevas en personas de 5 a 14 anos,2006-07-01,40,42,40,42,82
QUIRUSILLAS,consulta externa,nuevas en personas de 5 a 14 anos,2006-07-01,3,4,3,4,7
RAVELO,consulta externa,nuevas en personas de 5 a 14 anos,2006-07-01,52,44,52,44,96
REYES,consulta externa,nuevas en personas de 5 a 14 anos,2006-07-01,66,57,66,57,123
RIBERALTA,consulta externa,nuevas en personas de 5 a 14 anos,2006-07-01,552,563,552,563,1115
ROBORE,consulta externa,nuevas en personas de 5 a 14 anos,2006-07-01,207,187,207,187,394
RURRENABAQUE,consulta externa,nuevas en personas de 5 a 14 anos,2006-07-01,67,62,67,62,129
SABAYA,consulta externa,nuevas en personas de 5 a 14 anos,2006-07-01,15,9,15,9,24
SACABA,consulta externa,nuevas en personas de 5 a 14 anos,2006-07-01,133,135,133,135,268
SACABAMBA,consulta externa,nuevas en personas de 5 a 14 anos,2006-07-01,11,6,11,6,17
SACACA,consulta externa,nuevas en personas de 5 a 14 anos,2006-07-01,75,98,75,98,173
SAIPINA,consulta externa,nuevas en personas de 5 a 14 anos,2006-07-01,52,49,52,49,101
SALINAS DE GARCI MENDOZA,consulta externa,nuevas en personas de 5 a 14 anos,2006-07-01,65,73,65,73,138
SAMAIPATA,consulta externa,nuevas en personas de 5 a 14 anos,2006-07-01,21,30,21,30,51
SAN AGUSTIN,consulta externa,nuevas en personas de 5 a 14 anos,2006-07-01,7,7,7,7,14
SAN ANDRES,consulta externa,nuevas en personas de 5 a 14 anos,2006-07-01,88,94,88,94,182
SAN ANDRES DE MACHACA,consulta externa,nuevas en personas de 5 a 14 anos,2006-07-01,23,26,23,26,49
SAN ANTONIO DE ESMORUCO,consulta externa,nuevas en personas de 5 a 14 anos,2006-07-01,10,9,10,9,19
SAN ANTONIO DE LOMERIO,consulta externa,nuevas en personas de 5 a 14 anos,2006-07-01,14,15,14,15,29
SAN BENITO,consulta externa,nuevas en personas de 5 a 14 anos,2006-07-01,34,21,34,21,55
SAN BORJA,consulta externa,nuevas en personas de 5 a 14 anos,2006-07-01,137,112,137,112,249
SAN BUENA VENTURA,consulta externa,nuevas en personas de 5 a 14 anos,2006-07-01,44,50,44,50,94
SAN CARLOS,consulta externa,nuevas en personas de 5 a 14 anos,2006-07-01,202,220,202,220,422
SAN IGNACIO,consulta externa,nuevas en personas de 5 a 14 anos,2006-07-01,178,213,178,213,391
SAN IGNACIO DE VELASCO,consulta externa,nuevas en personas de 5 a 14 anos,2006-07-01,258,291,258,291,549
SAN JAVIER(BNI),consulta externa,nuevas en personas de 5 a 14 anos,2006-07-01,30,33,30,33,63
SAN JAVIER(STC),consulta externa,nuevas en personas de 5 a 14 anos,2006-07-01,26,32,26,32,58
SAN JOAQUIN,consulta externa,nuevas en personas de 5 a 14 anos,2006-07-01,33,31,33,31,64
SAN JOSE DE CHIQUITOS,consulta externa,nuevas en personas de 5 a 14 anos,2006-07-01,69,64,69,64,133
SAN JUAN DE YAPACANI,consulta externa,nuevas en personas de 5 a 14 anos,2006-07-01,79,98,79,98,177
SAN JULIAN,consulta externa,nuevas en personas de 5 a 14 anos,2006-07-01,325,369,325,369,694
SAN LORENZO(PND),consulta externa,nuevas en personas de 5 a 14 anos,2006-07-01,81,75,81,75,156
SAN LORENZO(TJA),consulta externa,nuevas en personas de 5 a 14 anos,2006-07-01,220,276,220,276,496
SAN LUCAS,consulta externa,nuevas en personas de 5 a 14 anos,2006-07-01,134,162,134,162,296
SAN MATIAS,consulta externa,nuevas en personas de 5 a 14 anos,2006-07-01,61,51,61,51,112
SAN MIGUEL DE VELASCO,consulta externa,nuevas en personas de 5 a 14 anos,2006-07-01,37,41,37,41,78
SAN PABLO DE LIPEZ,consulta externa,nuevas en personas de 5 a 14 anos,2006-07-01,19,32,19,32,51
SAN PEDRO,consulta externa,nuevas en personas de 5 a 14 anos,2006-07-01,123,105,123,105,228
SAN PEDRO DE BUENA VISTA,consulta externa,nuevas en personas de 5 a 14 anos,2006-07-01,40,52,40,52,92
SAN PEDRO DE CURAHUARA,consulta externa,nuevas en personas de 5 a 14 anos,2006-07-01,34,32,34,32,66
SAN PEDRO DE QUEMES,consulta externa,nuevas en personas de 5 a 14 anos,2006-07-01,1,1,1,1,2
SAN PEDRO DE TIQUINA,consulta externa,nuevas en personas de 5 a 14 anos,2006-07-01,15,13,15,13,28
SAN PEDRO(PND),consulta externa,nuevas en personas de 5 a 14 anos,2006-07-01,3,4,3,4,7
SAN RAFAEL,consulta externa,nuevas en personas de 5 a 14 anos,2006-07-01,19,14,19,14,33
SAN RAMON,consulta externa,nuevas en personas de 5 a 14 anos,2006-07-01,52,46,52,46,98
SAN RAMON,consulta externa,nuevas en personas de 5 a 14 anos,2006-07-01,38,39,38,39,77
SANTA ANA,consulta externa,nuevas en personas de 5 a 14 anos,2006-07-01,46,41,46,41,87
SANTA CRUZ DE LA SIERRA,consulta externa,nuevas en personas de 5 a 14 anos,2006-07-01,7748,8378,7748,8378,16126
SANTA ROSA,consulta externa,nuevas en personas de 5 a 14 anos,2006-07-01,24,20,24,20,44
SANTA ROSA DEL SARA,consulta externa,nuevas en personas de 5 a 14 anos,2006-07-01,89,116,89,116,205
SANTIAGO DE CALLAPA,consulta externa,nuevas en personas de 5 a 14 anos,2006-07-01,14,11,14,11,25
SANTIAGO DE HUARI,consulta externa,nuevas en personas de 5 a 14 anos,2006-07-01,17,11,17,11,28
SANTIAGO DE MACHACA,consulta externa,nuevas en personas de 5 a 14 anos,2006-07-01,4,1,4,1,5
SANTIVAÑES,consulta externa,nuevas en personas de 5 a 14 anos,2006-07-01,20,15,20,15,35
SANTUARIO DE QUILLACAS,consulta externa,nuevas en personas de 5 a 14 anos,2006-07-01,15,8,15,8,23
SAPAHAQUI,consulta externa,nuevas en personas de 5 a 14 anos,2006-07-01,55,47,55,47,102
SENA,consulta externa,nuevas en personas de 5 a 14 anos,2006-07-01,56,51,56,51,107
SICA SICA (VILLA AROMA),consulta externa,nuevas en personas de 5 a 14 anos,2006-07-01,27,18,27,18,45
SICAYA,consulta externa,nuevas en personas de 5 a 14 anos,2006-07-01,2,2,2,2,4
SIPE SIPE,consulta externa,nuevas en personas de 5 a 14 anos,2006-07-01,40,44,40,44,84
SOPACHUY,consulta externa,nuevas en personas de 5 a 14 anos,2006-07-01,65,58,65,58,123
SORACACHI,consulta externa,nuevas en personas de 5 a 14 anos,2006-07-01,50,37,50,37,87
SORATA,consulta externa,nuevas en personas de 5 a 14 anos,2006-07-01,69,51,69,51,120
SUCRE,consulta externa,nuevas en personas de 5 a 14 anos,2006-07-01,2477,2513,2477,2513,4990
TACACHI,consulta externa,nuevas en personas de 5 a 14 anos,2006-07-01,2,6,2,6,8
TACACOMA,consulta externa,nuevas en personas de 5 a 14 anos,2006-07-01,8,14,8,14,22
TACOBAMBA,consulta externa,nuevas en personas de 5 a 14 anos,2006-07-01,18,21,18,21,39
TACOPAYA,consulta externa,nuevas en personas de 5 a 14 anos,2006-07-01,55,25,55,25,80
TAHUA,consulta externa,nuevas en personas de 5 a 14 anos,2006-07-01,0,4,0,4,4
TAPACARI,consulta externa,nuevas en personas de 5 a 14 anos,2006-07-01,84,66,84,66,150
TARABUCO,consulta externa,nuevas en personas de 5 a 14 anos,2006-07-01,109,105,109,105,214
TARACO,consulta externa,nuevas en personas de 5 a 14 anos,2006-07-01,6,3,6,3,9
TARATA,consulta externa,nuevas en personas de 5 a 14 anos,2006-07-01,26,28,26,28,54
TARIJA,consulta externa,nuevas en personas de 5 a 14 anos,2006-07-01,1003,917,1003,917,1920
TARVITA,consulta externa,nuevas en personas de 5 a 14 anos,2006-07-01,128,147,128,147,275
TEOPONTE,consulta externa,nuevas en personas de 5 a 14 anos,2006-07-01,97,87,97,87,184
TIAWANACU,consulta externa,nuevas en personas de 5 a 14 anos,2006-07-01,43,45,43,45,88
TINGUIPAYA,consulta externa,nuevas en personas de 5 a 14 anos,2006-07-01,106,122,106,122,228
TIPUANI,consulta externa,nuevas en personas de 5 a 14 anos,2006-07-01,15,10,15,10,25
TIQUIPAYA,consulta externa,nuevas en personas de 5 a 14 anos,2006-07-01,100,111,100,111,211
TIRAQUE (CBBA),consulta externa,nuevas en personas de 5 a 14 anos,2006-07-01,173,158,173,158,331
TITO YUPANQUI (PARQUIPUJIO),consulta externa,nuevas en personas de 5 a 14 anos,2006-07-01,2,9,2,9,11
TOCO,consulta externa,nuevas en personas de 5 a 14 anos,2006-07-01,3,5,3,5,8
TODOS SANTOS,consulta externa,nuevas en personas de 5 a 14 anos,2006-07-01,1,1,1,1,2
TOLATA,consulta externa,nuevas en personas de 5 a 14 anos,2006-07-01,18,21,18,21,39
TOLEDO,consulta externa,nuevas en personas de 5 a 14 anos,2006-07-01,45,79,45,79,124
TOMAVE,consulta externa,nuevas en personas de 5 a 14 anos,2006-07-01,39,40,39,40,79
TOMINA,consulta externa,nuevas en personas de 5 a 14 anos,2006-07-01,47,57,47,57,104
TORO TORO,consulta externa,nuevas en personas de 5 a 14 anos,2006-07-01,24,28,24,28,52
TOTORA(CBBA),consulta externa,nuevas en personas de 5 a 14 anos,2006-07-01,14,21,14,21,35
TOTORA(ORR),consulta externa,nuevas en personas de 5 a 14 anos,2006-07-01,26,23,26,23,49
TRIGAL,consulta externa,nuevas en personas de 5 a 14 anos,2006-07-01,10,12,10,12,22
TRINIDAD,consulta externa,nuevas en personas de 5 a 14 anos,2006-07-01,640,700,640,700,1340
TUPIZA,consulta externa,nuevas en personas de 5 a 14 anos,2006-07-01,591,776,591,776,1367
TURCO,consulta externa,nuevas en personas de 5 a 14 anos,2006-07-01,51,45,51,45,96
UMALA,consulta externa,nuevas en personas de 5 a 14 anos,2006-07-01,24,24,24,24,48
UNCIA,consulta externa,nuevas en personas de 5 a 14 anos,2006-07-01,165,185,165,185,350
URIONDO (A. CONCEPCION),consulta externa,nuevas en personas de 5 a 14 anos,2006-07-01,133,123,133,123,256
URUBICHA,consulta externa,nuevas en personas de 5 a 14 anos,2006-07-01,42,42,42,42,84
UYUNI,consulta externa,nuevas en personas de 5 a 14 anos,2006-07-01,101,51,101,51,152
VACAS,consulta externa,nuevas en personas de 5 a 14 anos,2006-07-01,26,26,26,26,52
VALLEGRANDE,consulta externa,nuevas en personas de 5 a 14 anos,2006-07-01,319,287,319,287,606
VIACHA,consulta externa,nuevas en personas de 5 a 14 anos,2006-07-01,193,179,193,179,372
VILA VILA,consulta externa,nuevas en personas de 5 a 14 anos,2006-07-01,9,10,9,10,19
VILLA MONTES,consulta externa,nuevas en personas de 5 a 14 anos,2006-07-01,193,200,193,200,393
VILLA NUEVA (LOMA ALTA),consulta externa,nuevas en personas de 5 a 14 anos,2006-07-01,11,9,11,9,20
VILLA RIVERO,consulta externa,nuevas en personas de 5 a 14 anos,2006-07-01,15,17,15,17,32
VILLA SERRANO,consulta externa,nuevas en personas de 5 a 14 anos,2006-07-01,73,59,73,59,132
VILLA TUNARI,consulta externa,nuevas en personas de 5 a 14 anos,2006-07-01,301,239,301,239,540
VILLA VACA GUZMAN (MUYUPAMPA),consulta externa,nuevas en personas de 5 a 14 anos,2006-07-01,74,85,74,85,159
VILLAZON,consulta externa,nuevas en personas de 5 a 14 anos,2006-07-01,369,366,369,366,735
VINTO,consulta externa,nuevas en personas de 5 a 14 anos,2006-07-01,65,71,65,71,136
VITICHI,consulta externa,nuevas en personas de 5 a 14 anos,2006-07-01,46,55,46,55,101
WALDO BALLIVIAN,consulta externa,nuevas en personas de 5 a 14 anos,2006-07-01,3,0,3,0,3
WARNES,consulta externa,nuevas en personas de 5 a 14 anos,2006-07-01,237,251,237,251,488
YACO,consulta externa,nuevas en personas de 5 a 14 anos,2006-07-01,29,20,29,20,49
YACUIBA,consulta externa,nuevas en personas de 5 a 14 anos,2006-07-01,751,647,751,647,1398
YAMPARAEZ,consulta externa,nuevas en personas de 5 a 14 anos,2006-07-01,22,15,22,15,37
YANACACHI,consulta externa,nuevas en personas de 5 a 14 anos,2006-07-01,106,119,106,119,225
YAPACANI,consulta externa,nuevas en personas de 5 a 14 anos,2006-07-01,464,345,464,345,809
YOCALLA,consulta externa,nuevas en personas de 5 a 14 anos,2006-07-01,28,30,28,30,58
YOTALA,consulta externa,nuevas en personas de 5 a 14 anos,2006-07-01,34,35,34,35,69
YUNCHARA,consulta externa,nuevas en personas de 5 a 14 anos,2006-07-01,39,48,39,48,87
ZUDAÑEZ,consulta externa,nuevas en personas de 5 a 14 anos,2006-07-01,95,120,95,120,215
ACACIO,consulta externa,nuevas en personas de 5 a 14 anos,2006-08-01,54,37,54,37,91
ACHACACHI,consulta externa,nuevas en personas de 5 a 14 anos,2006-08-01,102,94,102,94,196
ACHOCALLA,consulta externa,nuevas en personas de 5 a 14 anos,2006-08-01,12,9,12,9,21
AIQUILE,consulta externa,nuevas en personas de 5 a 14 anos,2006-08-01,110,146,110,146,256
ALCALA,consulta externa,nuevas en personas de 5 a 14 anos,2006-08-01,183,210,183,210,393
ANCORAIMES,consulta externa,nuevas en personas de 5 a 14 anos,2006-08-01,24,20,24,20,44
ANDAMARCA,consulta externa,nuevas en personas de 5 a 14 anos,2006-08-01,57,52,57,52,109
ANTEQUERA,consulta externa,nuevas en personas de 5 a 14 anos,2006-08-01,16,23,16,23,39
ANZALDO,consulta externa,nuevas en personas de 5 a 14 anos,2006-08-01,28,15,28,15,43
APOLO,consulta externa,nuevas en personas de 5 a 14 anos,2006-08-01,38,55,38,55,93
ARAMPAMPA,consulta externa,nuevas en personas de 5 a 14 anos,2006-08-01,21,22,21,22,43
ARANI,consulta externa,nuevas en personas de 5 a 14 anos,2006-08-01,28,23,28,23,51
ARBIETO,consulta externa,nuevas en personas de 5 a 14 anos,2006-08-01,20,26,20,26,46
ARQUE,consulta externa,nuevas en personas de 5 a 14 anos,2006-08-01,31,30,31,30,61
ASCENCION DE GUARAYOS,consulta externa,nuevas en personas de 5 a 14 anos,2006-08-01,104,132,104,132,236
ATOCHA,consulta externa,nuevas en personas de 5 a 14 anos,2006-08-01,192,203,192,203,395
AUCAPATA,consulta externa,nuevas en personas de 5 a 14 anos,2006-08-01,40,22,40,22,62
AYATA,consulta externa,nuevas en personas de 5 a 14 anos,2006-08-01,30,20,30,20,50
AYO AYO,consulta externa,nuevas en personas de 5 a 14 anos,2006-08-01,25,16,25,16,41
AYOPAYA (V. DE INDEPENDENCIA),consulta externa,nuevas en personas de 5 a 14 anos,2006-08-01,51,54,51,54,105
AZURDUY,consulta externa,nuevas en personas de 5 a 14 anos,2006-08-01,128,139,128,139,267
BATALLAS,consulta externa,nuevas en personas de 5 a 14 anos,2006-08-01,31,27,31,27,58
BAURES,consulta externa,nuevas en personas de 5 a 14 anos,2006-08-01,39,36,39,36,75
BELEN DE ANDAMARCA,consulta externa,nuevas en personas de 5 a 14 anos,2006-08-01,8,2,8,2,10
BELEN DE URMIRI,consulta externa,nuevas en personas de 5 a 14 anos,2006-08-01,14,32,14,32,46
BELLA FLOR,consulta externa,nuevas en personas de 5 a 14 anos,2006-08-01,116,123,116,123,239
BERMEJO,consulta externa,nuevas en personas de 5 a 14 anos,2006-08-01,246,251,246,251,497
BETANZOS,consulta externa,nuevas en personas de 5 a 14 anos,2006-08-01,130,149,130,149,279
BOLIVAR,consulta externa,nuevas en personas de 5 a 14 anos,2006-08-01,30,29,30,29,59
BOLPEBRA,consulta externa,nuevas en personas de 5 a 14 anos,2006-08-01,46,57,46,57,103
BOYUIBE,consulta externa,nuevas en personas de 5 a 14 anos,2006-08-01,79,96,79,96,175
BUENA VISTA,consulta externa,nuevas en personas de 5 a 14 anos,2006-08-01,71,62,71,62,133
CABEZAS,consulta externa,nuevas en personas de 5 a 14 anos,2006-08-01,236,278,236,278,514
CAIROMA,consulta externa,nuevas en personas de 5 a 14 anos,2006-08-01,30,30,30,30,60
"CAIZA ""D""",consulta externa,nuevas en personas de 5 a 14 anos,2006-08-01,62,67,62,67,129
CAJUATA,consulta externa,nuevas en personas de 5 a 14 anos,2006-08-01,42,47,42,47,89
CALACOTO,consulta externa,nuevas en personas de 5 a 14 anos,2006-08-01,41,44,41,44,85
CALAMARCA,consulta externa,nuevas en personas de 5 a 14 anos,2006-08-01,30,23,30,23,53
CAMARGO,consulta externa,nuevas en personas de 5 a 14 anos,2006-08-01,124,122,124,122,246
CAMATAQUI (C. VILLA ABECIA),consulta externa,nuevas en personas de 5 a 14 anos,2006-08-01,41,35,41,35,76
CAMIRI,consulta externa,nuevas en personas de 5 a 14 anos,2006-08-01,469,591,469,591,1060
CAPINOTA,consulta externa,nuevas en personas de 5 a 14 anos,2006-08-01,105,118,105,118,223
CAQUIAVIRI,consulta externa,nuevas en personas de 5 a 14 anos,2006-08-01,35,37,35,37,72
CARACOLLO,consulta externa,nuevas en personas de 5 a 14 anos,2006-08-01,131,149,131,149,280
CARANAVI,consulta externa,nuevas en personas de 5 a 14 anos,2006-08-01,320,278,320,278,598
CARANGAS,consulta externa,nuevas en personas de 5 a 14 anos,2006-08-01,1,1,1,1,2
CARAPARI,consulta externa,nuevas en personas de 5 a 14 anos,2006-08-01,261,244,261,244,505
CARIPUYO,consulta externa,nuevas en personas de 5 a 14 anos,2006-08-01,19,22,19,22,41
CARMEN RIVERO TORREZ,consulta externa,nuevas en personas de 5 a 14 anos,2006-08-01,9,5,9,5,14
CATACORA,consulta externa,nuevas en personas de 5 a 14 anos,2006-08-01,12,5,12,5,17
CHACARILLA,consulta externa,nuevas en personas de 5 a 14 anos,2006-08-01,3,7,3,7,10
CHALLAPATA,consulta externa,nuevas en personas de 5 a 14 anos,2006-08-01,106,77,106,77,183
CHAQUI,consulta externa,nuevas en personas de 5 a 14 anos,2006-08-01,13,36,13,36,49
CHARAGUA,consulta externa,nuevas en personas de 5 a 14 anos,2006-08-01,84,103,84,103,187
CHARAÑA,consulta externa,nuevas en personas de 5 a 14 anos,2006-08-01,15,12,15,12,27
CHAYANTA,consulta externa,nuevas en personas de 5 a 14 anos,2006-08-01,61,70,61,70,131
CHIMORE,consulta externa,nuevas en personas de 5 a 14 anos,2006-08-01,33,31,33,31,64
CHIPAYA,consulta externa,nuevas en personas de 5 a 14 anos,2006-08-01,3,1,3,1,4
CHOQUE COTA,consulta externa,nuevas en personas de 5 a 14 anos,2006-08-01,37,54,37,54,91
CHULUMANI (V. DE LA LIBERTAD),consulta externa,nuevas en personas de 5 a 14 anos,2006-08-01,55,30,55,30,85
CHUMA,consulta externa,nuevas en personas de 5 a 14 anos,2006-08-01,53,65,53,65,118
CLIZA,consulta externa,nuevas en personas de 5 a 14 anos,2006-08-01,54,46,54,46,100
COBIJA,consulta externa,nuevas en personas de 5 a 14 anos,2006-08-01,330,281,330,281,611
COCHABAMBA,consulta externa,nuevas en personas de 5 a 14 anos,2006-08-01,3581,3550,3581,3550,7131
COIPASA,consulta externa,nuevas en personas de 5 a 14 anos,2006-08-01,3,9,3,9,12
COLCAPIRHUA,consulta externa,nuevas en personas de 5 a 14 anos,2006-08-01,162,173,162,173,335
"COLCHA ""K""",consulta externa,nuevas en personas de 5 a 14 anos,2006-08-01,70,59,70,59,129
COLLANA,consulta externa,nuevas en personas de 5 a 14 anos,2006-08-01,3,3,3,3,6
COLOMI,consulta externa,nuevas en personas de 5 a 14 anos,2006-08-01,37,48,37,48,85
COLPA BELGICA,consulta externa,nuevas en personas de 5 a 14 anos,2006-08-01,22,24,22,24,46
COLQUECHACA,consulta externa,nuevas en personas de 5 a 14 anos,2006-08-01,94,92,94,92,186
COLQUENCHA,consulta externa,nuevas en personas de 5 a 14 anos,2006-08-01,25,28,25,28,53
COLQUIRI,consulta externa,nuevas en personas de 5 a 14 anos,2006-08-01,31,35,31,35,66
COMANCHE,consulta externa,nuevas en personas de 5 a 14 anos,2006-08-01,8,4,8,4,12
COMARAPA,consulta externa,nuevas en personas de 5 a 14 anos,2006-08-01,95,87,95,87,182
COMBAYA,consulta externa,nuevas en personas de 5 a 14 anos,2006-08-01,11,11,11,11,22
CONCEPCION,consulta externa,nuevas en personas de 5 a 14 anos,2006-08-01,20,121,20,121,141
COPACABANA,consulta externa,nuevas en personas de 5 a 14 anos,2006-08-01,32,18,32,18,50
CORIPATA,consulta externa,nuevas en personas de 5 a 14 anos,2006-08-01,54,47,54,47,101
CORO CORO,consulta externa,nuevas en personas de 5 a 14 anos,2006-08-01,35,29,35,29,64
COROICO,consulta externa,nuevas en personas de 5 a 14 anos,2006-08-01,110,122,110,122,232
CORQUE,consulta externa,nuevas en personas de 5 a 14 anos,2006-08-01,45,49,45,49,94
COTAGAITA,consulta externa,nuevas en personas de 5 a 14 anos,2006-08-01,177,183,177,183,360
COTOCA,consulta externa,nuevas en personas de 5 a 14 anos,2006-08-01,88,71,88,71,159
CUATRO CAÑADAS,consulta externa,nuevas en personas de 5 a 14 anos,2006-08-01,139,111,139,111,250
CUCHUMUELA (V. G. VILLARROEL),consulta externa,nuevas en personas de 5 a 14 anos,2006-08-01,6,1,6,1,7
CUEVO,consulta externa,nuevas en personas de 5 a 14 anos,2006-08-01,44,41,44,41,85
CULPINA,consulta externa,nuevas en personas de 5 a 14 anos,2006-08-01,103,95,103,95,198
CURAHUARA DE CARANGAS,consulta externa,nuevas en personas de 5 a 14 anos,2006-08-01,150,162,150,162,312
CURVA,consulta externa,nuevas en personas de 5 a 14 anos,2006-08-01,17,20,17,20,37
DESAGUADERO,consulta externa,nuevas en personas de 5 a 14 anos,2006-08-01,23,18,23,18,41
EL ALTO,consulta externa,nuevas en personas de 5 a 14 anos,2006-08-01,3716,3793,3716,3793,7509
EL CHORO,consulta externa,nuevas en personas de 5 a 14 anos,2006-08-01,31,19,31,19,50
EL PUENTE(STC),consulta externa,nuevas en personas de 5 a 14 anos,2006-08-01,65,61,65,61,126
EL PUENTE(TJA),consulta externa,nuevas en personas de 5 a 14 anos,2006-08-01,62,92,62,92,154
EL TORNO,consulta externa,nuevas en personas de 5 a 14 anos,2006-08-01,175,184,175,184,359
EL VILLAR,consulta externa,nuevas en personas de 5 a 14 anos,2006-08-01,22,36,22,36,58
ENTRE RIOS,consulta externa,nuevas en personas de 5 a 14 anos,2006-08-01,263,229,263,229,492
ENTRE RIOS,consulta externa,nuevas en personas de 5 a 14 anos,2006-08-01,72,66,72,66,138
ESCARA,consulta externa,nuevas en personas de 5 a 14 anos,2006-08-01,2,0,2,0,2
ESMERALDA,consulta externa,nuevas en personas de 5 a 14 anos,2006-08-01,1,1,1,1,2
EUCALIPTUS,consulta externa,nuevas en personas de 5 a 14 anos,2006-08-01,14,14,14,14,28
EUREKA (SANTOS MERCADO),consulta externa,nuevas en personas de 5 a 14 anos,2006-08-01,19,19,19,19,38
EXALTACION,consulta externa,nuevas en personas de 5 a 14 anos,2006-08-01,12,17,12,17,29
FERNANDEZ ALONSO,consulta externa,nuevas en personas de 5 a 14 anos,2006-08-01,52,67,52,67,119
FILADELFIA,consulta externa,nuevas en personas de 5 a 14 anos,2006-08-01,76,57,76,57,133
GENERAL SAAVEDRA,consulta externa,nuevas en personas de 5 a 14 anos,2006-08-01,93,77,93,77,170
GRAL. J.J. PEREZ (CHARAZANI),consulta externa,nuevas en personas de 5 a 14 anos,2006-08-01,20,15,20,15,35
GUANAY,consulta externa,nuevas en personas de 5 a 14 anos,2006-08-01,44,37,44,37,81
GUAQUI,consulta externa,nuevas en personas de 5 a 14 anos,2006-08-01,15,23,15,23,38
GUAYARAMERIN,consulta externa,nuevas en personas de 5 a 14 anos,2006-08-01,313,311,313,311,624
GUTIERREZ,consulta externa,nuevas en personas de 5 a 14 anos,2006-08-01,129,139,129,139,268
HUACARETA,consulta externa,nuevas en personas de 5 a 14 anos,2006-08-01,71,88,71,88,159
HUACAYA (VILLA DE HUACAYA),consulta externa,nuevas en personas de 5 a 14 anos,2006-08-01,13,16,13,16,29
HUACHACALLA,consulta externa,nuevas en personas de 5 a 14 anos,2006-08-01,30,21,30,21,51
HUANUNI,consulta externa,nuevas en personas de 5 a 14 anos,2006-08-01,348,362,348,362,710
HUARACAJE,consulta externa,nuevas en personas de 5 a 14 anos,2006-08-01,35,39,35,39,74
HUAYLLAMARCA,consulta externa,nuevas en personas de 5 a 14 anos,2006-08-01,20,16,20,16,36
ICHOCA,consulta externa,nuevas en personas de 5 a 14 anos,2006-08-01,23,11,23,11,34
ICLA,consulta externa,nuevas en personas de 5 a 14 anos,2006-08-01,57,53,57,53,110
INCAHUASI,consulta externa,nuevas en personas de 5 a 14 anos,2006-08-01,93,111,93,111,204
INGAVI (HUMAITA),consulta externa,nuevas en personas de 5 a 14 anos,2006-08-01,32,35,32,35,67
INQUISIVI,consulta externa,nuevas en personas de 5 a 14 anos,2006-08-01,40,35,40,35,75
IRUPANA (VILLA DE LANZA),consulta externa,nuevas en personas de 5 a 14 anos,2006-08-01,46,48,46,48,94
IXIAMAS,consulta externa,nuevas en personas de 5 a 14 anos,2006-08-01,87,84,87,84,171
JESUS DE MACHACA,consulta externa,nuevas en personas de 5 a 14 anos,2006-08-01,45,50,45,50,95
LA ASUNTA,consulta externa,nuevas en personas de 5 a 14 anos,2006-08-01,72,83,72,83,155
LA GUARDIA,consulta externa,nuevas en personas de 5 a 14 anos,2006-08-01,195,164,195,164,359
LA PAZ,consulta externa,nuevas en personas de 5 a 14 anos,2006-08-01,5010,4973,5010,4973,9983
LA RIVERA,consulta externa,nuevas en personas de 5 a 14 anos,2006-08-01,1,2,1,2,3
LAGUNILLAS,consulta externa,nuevas en personas de 5 a 14 anos,2006-08-01,87,106,87,106,193
LAJA,consulta externa,nuevas en personas de 5 a 14 anos,2006-08-01,33,29,33,29,62
LAS CARRERAS,consulta externa,nuevas en personas de 5 a 14 anos,2006-08-01,36,37,36,37,73
LICOMA PAMPA,consulta externa,nuevas en personas de 5 a 14 anos,2006-08-01,14,18,14,18,32
LLALLAGUA,consulta externa,nuevas en personas de 5 a 14 anos,2006-08-01,112,125,112,125,237
LLICA,consulta externa,nuevas en personas de 5 a 14 anos,2006-08-01,32,26,32,26,58
LORETO,consulta externa,nuevas en personas de 5 a 14 anos,2006-08-01,11,10,11,10,21
LURIBAY,consulta externa,nuevas en personas de 5 a 14 anos,2006-08-01,45,34,45,34,79
MACHACAMARCA,consulta externa,nuevas en personas de 5 a 14 anos,2006-08-01,18,23,18,23,41
MACHARETI,consulta externa,nuevas en personas de 5 a 14 anos,2006-08-01,84,102,84,102,186
MAGDALENA,consulta externa,nuevas en personas de 5 a 14 anos,2006-08-01,71,76,71,76,147
MAIRANA,consulta externa,nuevas en personas de 5 a 14 anos,2006-08-01,44,52,44,52,96
MALLA,consulta externa,nuevas en personas de 5 a 14 anos,2006-08-01,44,34,44,34,78
MAPIRI,consulta externa,nuevas en personas de 5 a 14 anos,2006-08-01,126,117,126,117,243
MECAPACA,consulta externa,nuevas en personas de 5 a 14 anos,2006-08-01,104,96,104,96,200
MINEROS,consulta externa,nuevas en personas de 5 a 14 anos,2006-08-01,51,53,51,53,104
MIZQUE,consulta externa,nuevas en personas de 5 a 14 anos,2006-08-01,35,47,35,47,82
MOCOMOCO,consulta externa,nuevas en personas de 5 a 14 anos,2006-08-01,121,106,121,106,227
MOJINETE,consulta externa,nuevas en personas de 5 a 14 anos,2006-08-01,10,10,10,10,20
MOJOCOYA,consulta externa,nuevas en personas de 5 a 14 anos,2006-08-01,180,186,180,186,366
MONTEAGUDO,consulta externa,nuevas en personas de 5 a 14 anos,2006-08-01,286,346,286,346,632
MONTERO,consulta externa,nuevas en personas de 5 a 14 anos,2006-08-01,1000,1116,1000,1116,2116
MORO MORO,consulta externa,nuevas en personas de 5 a 14 anos,2006-08-01,24,13,24,13,37
MOROCHATA,consulta externa,nuevas en personas de 5 a 14 anos,2006-08-01,31,33,31,33,64
NACEBE (SANTA ROSA DEL ABUNA),consulta externa,nuevas en personas de 5 a 14 anos,2006-08-01,6,13,6,13,19
NUEVO MANOA (NUEVA ESPERANZA),consulta externa,nuevas en personas de 5 a 14 anos,2006-08-01,7,6,7,6,13
OCURI,consulta externa,nuevas en personas de 5 a 14 anos,2006-08-01,62,92,62,92,154
OKINAWA,consulta externa,nuevas en personas de 5 a 14 anos,2006-08-01,136,162,136,162,298
OMEREQUE,consulta externa,nuevas en personas de 5 a 14 anos,2006-08-01,20,26,20,26,46
ORURO,consulta externa,nuevas en personas de 5 a 14 anos,2006-08-01,2082,2083,2082,2083,4165
PADCAYA,consulta externa,nuevas en personas de 5 a 14 anos,2006-08-01,299,269,299,269,568
PADILLA,consulta externa,nuevas en personas de 5 a 14 anos,2006-08-01,92,97,92,97,189
PAILON,consulta externa,nuevas en personas de 5 a 14 anos,2006-08-01,54,65,54,65,119
PALCA,consulta externa,nuevas en personas de 5 a 14 anos,2006-08-01,135,126,135,126,261
PALOS BLANCOS,consulta externa,nuevas en personas de 5 a 14 anos,2006-08-01,89,94,89,94,183
PAMPA AULLAGAS,consulta externa,nuevas en personas de 5 a 14 anos,2006-08-01,11,23,11,23,34
PAMPA GRANDE,consulta externa,nuevas en personas de 5 a 14 anos,2006-08-01,39,44,39,44,83
PAPEL PAMPA,consulta externa,nuevas en personas de 5 a 14 anos,2006-08-01,22,21,22,21,43
PASORAPA,consulta externa,nuevas en personas de 5 a 14 anos,2006-08-01,10,17,10,17,27
PATACAMAYA,consulta externa,nuevas en personas de 5 a 14 anos,2006-08-01,31,23,31,23,54
PAZÑA,consulta externa,nuevas en personas de 5 a 14 anos,2006-08-01,40,44,40,44,84
PELECHUCO,consulta externa,nuevas en personas de 5 a 14 anos,2006-08-01,29,31,29,31,60
POCOATA,consulta externa,nuevas en personas de 5 a 14 anos,2006-08-01,71,64,71,64,135
POCONA,consulta externa,nuevas en personas de 5 a 14 anos,2006-08-01,35,27,35,27,62
POJO (CBBA),consulta externa,nuevas en personas de 5 a 14 anos,2006-08-01,11,11,11,11,22
POOPO,consulta externa,nuevas en personas de 5 a 14 anos,2006-08-01,39,36,39,36,75
PORCO,consulta externa,nuevas en personas de 5 a 14 anos,2006-08-01,41,41,41,41,82
POROMA,consulta externa,nuevas en personas de 5 a 14 anos,2006-08-01,153,151,153,151,304
PORONGO,consulta externa,nuevas en personas de 5 a 14 anos,2006-08-01,124,123,124,123,247
PORTACHUELO,consulta externa,nuevas en personas de 5 a 14 anos,2006-08-01,120,148,120,148,268
PORVENIR,consulta externa,nuevas en personas de 5 a 14 anos,2006-08-01,45,42,45,42,87
POSTRER VALLE,consulta externa,nuevas en personas de 5 a 14 anos,2006-08-01,27,24,27,24,51
POTOSI,consulta externa,nuevas en personas de 5 a 14 anos,2006-08-01,1243,992,1243,992,2235
PRESTO,consulta externa,nuevas en personas de 5 a 14 anos,2006-08-01,30,37,30,37,67
PUCARA,consulta externa,nuevas en personas de 5 a 14 anos,2006-08-01,19,22,19,22,41
PUCARANI,consulta externa,nuevas en personas de 5 a 14 anos,2006-08-01,81,55,81,55,136
PUERTO ACOSTA,consulta externa,nuevas en personas de 5 a 14 anos,2006-08-01,99,70,99,70,169
PUERTO CARABUCO,consulta externa,nuevas en personas de 5 a 14 anos,2006-08-01,142,157,142,157,299
PUERTO GONZALO MORENO,consulta externa,nuevas en personas de 5 a 14 anos,2006-08-01,32,29,32,29,61
PUERTO PEREZ,consulta externa,nuevas en personas de 5 a 14 anos,2006-08-01,10,7,10,7,17
PUERTO QUIJARRO,consulta externa,nuevas en personas de 5 a 14 anos,2006-08-01,110,100,110,100,210
PUERTO RICO,consulta externa,nuevas en personas de 5 a 14 anos,2006-08-01,85,89,85,89,174
PUERTO SILES,consulta externa,nuevas en personas de 5 a 14 anos,2006-08-01,2,2,2,2,4
PUERTO SUAREZ,consulta externa,nuevas en personas de 5 a 14 anos,2006-08-01,93,101,93,101,194
PUERTO VILLARROEL,consulta externa,nuevas en personas de 5 a 14 anos,2006-08-01,239,179,239,179,418
PUNA,consulta externa,nuevas en personas de 5 a 14 anos,2006-08-01,132,141,132,141,273
PUNATA,consulta externa,nuevas en personas de 5 a 14 anos,2006-08-01,122,113,122,113,235
QUIABAYA,consulta externa,nuevas en personas de 5 a 14 anos,2006-08-01,7,6,7,6,13
QUILLACOLLO,consulta externa,nuevas en personas de 5 a 14 anos,2006-08-01,91,80,91,80,171
QUIME,consulta externa,nuevas en personas de 5 a 14 anos,2006-08-01,26,21,26,21,47
QUIRUSILLAS,consulta externa,nuevas en personas de 5 a 14 anos,2006-08-01,14,11,14,11,25
RAVELO,consulta externa,nuevas en personas de 5 a 14 anos,2006-08-01,61,48,61,48,109
REYES,consulta externa,nuevas en personas de 5 a 14 anos,2006-08-01,71,95,71,95,166
RIBERALTA,consulta externa,nuevas en personas de 5 a 14 anos,2006-08-01,500,528,500,528,1028
ROBORE,consulta externa,nuevas en personas de 5 a 14 anos,2006-08-01,179,192,179,192,371
RURRENABAQUE,consulta externa,nuevas en personas de 5 a 14 anos,2006-08-01,72,75,72,75,147
SABAYA,consulta externa,nuevas en personas de 5 a 14 anos,2006-08-01,17,19,17,19,36
SACABA,consulta externa,nuevas en personas de 5 a 14 anos,2006-08-01,461,742,461,742,1203
SACABAMBA,consulta externa,nuevas en personas de 5 a 14 anos,2006-08-01,12,12,12,12,24
SACACA,consulta externa,nuevas en personas de 5 a 14 anos,2006-08-01,152,126,152,126,278
SAIPINA,consulta externa,nuevas en personas de 5 a 14 anos,2006-08-01,10,13,10,13,23
SALINAS DE GARCI MENDOZA,consulta externa,nuevas en personas de 5 a 14 anos,2006-08-01,28,38,28,38,66
SAMAIPATA,consulta externa,nuevas en personas de 5 a 14 anos,2006-08-01,50,54,50,54,104
SAN AGUSTIN,consulta externa,nuevas en personas de 5 a 14 anos,2006-08-01,30,29,30,29,59
SAN ANDRES,consulta externa,nuevas en personas de 5 a 14 anos,2006-08-01,67,61,67,61,128
SAN ANDRES DE MACHACA,consulta externa,nuevas en personas de 5 a 14 anos,2006-08-01,14,18,14,18,32
SAN ANTONIO DE ESMORUCO,consulta externa,nuevas en personas de 5 a 14 anos,2006-08-01,18,14,18,14,32
SAN ANTONIO DE LOMERIO,consulta externa,nuevas en personas de 5 a 14 anos,2006-08-01,20,18,20,18,38
SAN BENITO,consulta externa,nuevas en personas de 5 a 14 anos,2006-08-01,71,55,71,55,126
SAN BORJA,consulta externa,nuevas en personas de 5 a 14 anos,2006-08-01,140,127,140,127,267
SAN BUENA VENTURA,consulta externa,nuevas en personas de 5 a 14 anos,2006-08-01,112,125,112,125,237
SAN CARLOS,consulta externa,nuevas en personas de 5 a 14 anos,2006-08-01,187,190,187,190,377
SAN IGNACIO,consulta externa,nuevas en personas de 5 a 14 anos,2006-08-01,225,274,225,274,499
SAN IGNACIO DE VELASCO,consulta externa,nuevas en personas de 5 a 14 anos,2006-08-01,286,276,286,276,562
SAN JAVIER(BNI),consulta externa,nuevas en personas de 5 a 14 anos,2006-08-01,98,83,98,83,181
SAN JAVIER(STC),consulta externa,nuevas en personas de 5 a 14 anos,2006-08-01,22,34,22,34,56
SAN JOAQUIN,consulta externa,nuevas en personas de 5 a 14 anos,2006-08-01,117,155,117,155,272
SAN JOSE DE CHIQUITOS,consulta externa,nuevas en personas de 5 a 14 anos,2006-08-01,128,120,128,120,248
SAN JUAN DE YAPACANI,consulta externa,nuevas en personas de 5 a 14 anos,2006-08-01,79,89,79,89,168
SAN JULIAN,consulta externa,nuevas en personas de 5 a 14 anos,2006-08-01,548,537,548,537,1085
SAN LORENZO(PND),consulta externa,nuevas en personas de 5 a 14 anos,2006-08-01,17,33,17,33,50
SAN LORENZO(TJA),consulta externa,nuevas en personas de 5 a 14 anos,2006-08-01,225,259,225,259,484
SAN LUCAS,consulta externa,nuevas en personas de 5 a 14 anos,2006-08-01,119,132,119,132,251
SAN MATIAS,consulta externa,nuevas en personas de 5 a 14 anos,2006-08-01,66,45,66,45,111
SAN MIGUEL DE VELASCO,consulta externa,nuevas en personas de 5 a 14 anos,2006-08-01,34,47,34,47,81
SAN PABLO DE LIPEZ,consulta externa,nuevas en personas de 5 a 14 anos,2006-08-01,36,48,36,48,84
SAN PEDRO,consulta externa,nuevas en personas de 5 a 14 anos,2006-08-01,111,127,111,127,238
SAN PEDRO DE BUENA VISTA,consulta externa,nuevas en personas de 5 a 14 anos,2006-08-01,56,62,56,62,118
SAN PEDRO DE CURAHUARA,consulta externa,nuevas en personas de 5 a 14 anos,2006-08-01,32,17,32,17,49
SAN PEDRO DE QUEMES,consulta externa,nuevas en personas de 5 a 14 anos,2006-08-01,2,5,2,5,7
SAN PEDRO DE TIQUINA,consulta externa,nuevas en personas de 5 a 14 anos,2006-08-01,13,12,13,12,25
SAN PEDRO(PND),consulta externa,nuevas en personas de 5 a 14 anos,2006-08-01,20,26,20,26,46
SAN RAFAEL,consulta externa,nuevas en personas de 5 a 14 anos,2006-08-01,23,18,23,18,41
SAN RAMON,consulta externa,nuevas en personas de 5 a 14 anos,2006-08-01,41,37,41,37,78
SAN RAMON,consulta externa,nuevas en personas de 5 a 14 anos,2006-08-01,104,122,104,122,226
SANTA ANA,consulta externa,nuevas en personas de 5 a 14 anos,2006-08-01,83,84,83,84,167
SANTA CRUZ DE LA SIERRA,consulta externa,nuevas en personas de 5 a 14 anos,2006-08-01,8184,8750,8184,8750,16934
SANTA ROSA,consulta externa,nuevas en personas de 5 a 14 anos,2006-08-01,45,33,45,33,78
SANTA ROSA DEL SARA,consulta externa,nuevas en personas de 5 a 14 anos,2006-08-01,86,90,86,90,176
SANTIAGO DE CALLAPA,consulta externa,nuevas en personas de 5 a 14 anos,2006-08-01,53,56,53,56,109
SANTIAGO DE HUARI,consulta externa,nuevas en personas de 5 a 14 anos,2006-08-01,50,52,50,52,102
SANTIAGO DE MACHACA,consulta externa,nuevas en personas de 5 a 14 anos,2006-08-01,5,5,5,5,10
SANTIVAÑES,consulta externa,nuevas en personas de 5 a 14 anos,2006-08-01,37,37,37,37,74
SANTUARIO DE QUILLACAS,consulta externa,nuevas en personas de 5 a 14 anos,2006-08-01,24,29,24,29,53
SAPAHAQUI,consulta externa,nuevas en personas de 5 a 14 anos,2006-08-01,49,52,49,52,101
SENA,consulta externa,nuevas en personas de 5 a 14 anos,2006-08-01,18,37,18,37,55
SICA SICA (VILLA AROMA),consulta externa,nuevas en personas de 5 a 14 anos,2006-08-01,29,23,29,23,52
SICAYA,consulta externa,nuevas en personas de 5 a 14 anos,2006-08-01,8,11,8,11,19
SIPE SIPE,consulta externa,nuevas en personas de 5 a 14 anos,2006-08-01,47,41,47,41,88
SOPACHUY,consulta externa,nuevas en personas de 5 a 14 anos,2006-08-01,73,87,73,87,160
SORACACHI,consulta externa,nuevas en personas de 5 a 14 anos,2006-08-01,28,24,28,24,52
SORATA,consulta externa,nuevas en personas de 5 a 14 anos,2006-08-01,64,42,64,42,106
SUCRE,consulta externa,nuevas en personas de 5 a 14 anos,2006-08-01,2231,2439,2231,2439,4670
TACACHI,consulta externa,nuevas en personas de 5 a 14 anos,2006-08-01,5,3,5,3,8
TACACOMA,consulta externa,nuevas en personas de 5 a 14 anos,2006-08-01,13,12,13,12,25
TACOBAMBA,consulta externa,nuevas en personas de 5 a 14 anos,2006-08-01,27,29,27,29,56
TACOPAYA,consulta externa,nuevas en personas de 5 a 14 anos,2006-08-01,27,18,27,18,45
TAHUA,consulta externa,nuevas en personas de 5 a 14 anos,2006-08-01,2,2,2,2,4
TAPACARI,consulta externa,nuevas en personas de 5 a 14 anos,2006-08-01,58,65,58,65,123
TARABUCO,consulta externa,nuevas en personas de 5 a 14 anos,2006-08-01,82,81,82,81,163
TARACO,consulta externa,nuevas en personas de 5 a 14 anos,2006-08-01,8,7,8,7,15
TARATA,consulta externa,nuevas en personas de 5 a 14 anos,2006-08-01,33,28,33,28,61
TARIJA,consulta externa,nuevas en personas de 5 a 14 anos,2006-08-01,837,747,837,747,1584
TARVITA,consulta externa,nuevas en personas de 5 a 14 anos,2006-08-01,107,119,107,119,226
TEOPONTE,consulta externa,nuevas en personas de 5 a 14 anos,2006-08-01,28,36,28,36,64
TIAWANACU,consulta externa,nuevas en personas de 5 a 14 anos,2006-08-01,80,84,80,84,164
TINGUIPAYA,consulta externa,nuevas en personas de 5 a 14 anos,2006-08-01,73,96,73,96,169
TIPUANI,consulta externa,nuevas en personas de 5 a 14 anos,2006-08-01,25,18,25,18,43
TIQUIPAYA,consulta externa,nuevas en personas de 5 a 14 anos,2006-08-01,112,130,112,130,242
TIRAQUE (CBBA),consulta externa,nuevas en personas de 5 a 14 anos,2006-08-01,142,149,142,149,291
TITO YUPANQUI (PARQUIPUJIO),consulta externa,nuevas en personas de 5 a 14 anos,2006-08-01,7,5,7,5,12
TOCO,consulta externa,nuevas en personas de 5 a 14 anos,2006-08-01,16,7,16,7,23
TOLATA,consulta externa,nuevas en personas de 5 a 14 anos,2006-08-01,19,15,19,15,34
TOLEDO,consulta externa,nuevas en personas de 5 a 14 anos,2006-08-01,37,51,37,51,88
TOMAVE,consulta externa,nuevas en personas de 5 a 14 anos,2006-08-01,62,79,62,79,141
TOMINA,consulta externa,nuevas en personas de 5 a 14 anos,2006-08-01,87,74,87,74,161
TORO TORO,consulta externa,nuevas en personas de 5 a 14 anos,2006-08-01,42,31,42,31,73
TOTORA(CBBA),consulta externa,nuevas en personas de 5 a 14 anos,2006-08-01,23,31,23,31,54
TOTORA(ORR),consulta externa,nuevas en personas de 5 a 14 anos,2006-08-01,16,23,16,23,39
TRIGAL,consulta externa,nuevas en personas de 5 a 14 anos,2006-08-01,26,31,26,31,57
TRINIDAD,consulta externa,nuevas en personas de 5 a 14 anos,2006-08-01,698,726,698,726,1424
TUPIZA,consulta externa,nuevas en personas de 5 a 14 anos,2006-08-01,607,762,607,762,1369
TURCO,consulta externa,nuevas en personas de 5 a 14 anos,2006-08-01,15,25,15,25,40
UMALA,consulta externa,nuevas en personas de 5 a 14 anos,2006-08-01,22,26,22,26,48
UNCIA,consulta externa,nuevas en personas de 5 a 14 anos,2006-08-01,188,142,188,142,330
URIONDO (A. CONCEPCION),consulta externa,nuevas en personas de 5 a 14 anos,2006-08-01,91,101,91,101,192
URUBICHA,consulta externa,nuevas en personas de 5 a 14 anos,2006-08-01,30,31,30,31,61
UYUNI,consulta externa,nuevas en personas de 5 a 14 anos,2006-08-01,87,117,87,117,204
VACAS,consulta externa,nuevas en personas de 5 a 14 anos,2006-08-01,36,60,36,60,96
VALLEGRANDE,consulta externa,nuevas en personas de 5 a 14 anos,2006-08-01,295,297,295,297,592
VIACHA,consulta externa,nuevas en personas de 5 a 14 anos,2006-08-01,220,159,220,159,379
VILA VILA,consulta externa,nuevas en personas de 5 a 14 anos,2006-08-01,8,4,8,4,12
VILLA MONTES,consulta externa,nuevas en personas de 5 a 14 anos,2006-08-01,489,479,489,479,968
VILLA NUEVA (LOMA ALTA),consulta externa,nuevas en personas de 5 a 14 anos,2006-08-01,45,45,45,45,90
VILLA RIVERO,consulta externa,nuevas en personas de 5 a 14 anos,2006-08-01,18,20,18,20,38
VILLA SERRANO,consulta externa,nuevas en personas de 5 a 14 anos,2006-08-01,57,42,57,42,99
VILLA TUNARI,consulta externa,nuevas en personas de 5 a 14 anos,2006-08-01,330,408,330,408,738
VILLA VACA GUZMAN (MUYUPAMPA),consulta externa,nuevas en personas de 5 a 14 anos,2006-08-01,78,63,78,63,141
VILLAZON,consulta externa,nuevas en personas de 5 a 14 anos,2006-08-01,373,360,373,360,733
VINTO,consulta externa,nuevas en personas de 5 a 14 anos,2006-08-01,60,34,60,34,94
VITICHI,consulta externa,nuevas en personas de 5 a 14 anos,2006-08-01,118,132,118,132,250
WALDO BALLIVIAN,consulta externa,nuevas en personas de 5 a 14 anos,2006-08-01,5,5,5,5,10
WARNES,consulta externa,nuevas en personas de 5 a 14 anos,2006-08-01,275,253,275,253,528
YACO,consulta externa,nuevas en personas de 5 a 14 anos,2006-08-01,44,37,44,37,81
YACUIBA,consulta externa,nuevas en personas de 5 a 14 anos,2006-08-01,757,769,757,769,1526
YAMPARAEZ,consulta externa,nuevas en personas de 5 a 14 anos,2006-08-01,33,22,33,22,55
YANACACHI,consulta externa,nuevas en personas de 5 a 14 anos,2006-08-01,94,68,94,68,162
YAPACANI,consulta externa,nuevas en personas de 5 a 14 anos,2006-08-01,422,386,422,386,808
YOCALLA,consulta externa,nuevas en personas de 5 a 14 anos,2006-08-01,43,39,43,39,82
YOTALA,consulta externa,nuevas en personas de 5 a 14 anos,2006-08-01,23,26,23,26,49
YUNCHARA,consulta externa,nuevas en personas de 5 a 14 anos,2006-08-01,163,161,163,161,324
ZUDAÑEZ,consulta externa,nuevas en personas de 5 a 14 anos,2006-08-01,184,137,184,137,321
ACACIO,consulta externa,nuevas en personas de 5 a 14 anos,2006-09-01,63,64,63,64,127
ACHACACHI,consulta externa,nuevas en personas de 5 a 14 anos,2006-09-01,106,97,106,97,203
ACHOCALLA,consulta externa,nuevas en personas de 5 a 14 anos,2006-09-01,9,9,9,9,18
AIQUILE,consulta externa,nuevas en personas de 5 a 14 anos,2006-09-01,265,296,265,296,561
ALCALA,consulta externa,nuevas en personas de 5 a 14 anos,2006-09-01,65,68,65,68,133
ANCORAIMES,consulta externa,nuevas en personas de 5 a 14 anos,2006-09-01,31,24,31,24,55
ANDAMARCA,consulta externa,nuevas en personas de 5 a 14 anos,2006-09-01,63,67,63,67,130
ANTEQUERA,consulta externa,nuevas en personas de 5 a 14 anos,2006-09-01,7,21,7,21,28
ANZALDO,consulta externa,nuevas en personas de 5 a 14 anos,2006-09-01,23,32,23,32,55
APOLO,consulta externa,nuevas en personas de 5 a 14 anos,2006-09-01,51,68,51,68,119
ARAMPAMPA,consulta externa,nuevas en personas de 5 a 14 anos,2006-09-01,11,15,11,15,26
ARANI,consulta externa,nuevas en personas de 5 a 14 anos,2006-09-01,7,7,7,7,14
ARBIETO,consulta externa,nuevas en personas de 5 a 14 anos,2006-09-01,15,17,15,17,32
ARQUE,consulta externa,nuevas en personas de 5 a 14 anos,2006-09-01,37,23,37,23,60
ASCENCION DE GUARAYOS,consulta externa,nuevas en personas de 5 a 14 anos,2006-09-01,86,101,86,101,187
ATOCHA,consulta externa,nuevas en personas de 5 a 14 anos,2006-09-01,201,194,201,194,395
AUCAPATA,consulta externa,nuevas en personas de 5 a 14 anos,2006-09-01,23,21,23,21,44
AYATA,consulta externa,nuevas en personas de 5 a 14 anos,2006-09-01,11,11,11,11,22
AYO AYO,consulta externa,nuevas en personas de 5 a 14 anos,2006-09-01,25,16,25,16,41
AYOPAYA (V. DE INDEPENDENCIA),consulta externa,nuevas en personas de 5 a 14 anos,2006-09-01,77,54,77,54,131
AZURDUY,consulta externa,nuevas en personas de 5 a 14 anos,2006-09-01,81,75,81,75,156
BATALLAS,consulta externa,nuevas en personas de 5 a 14 anos,2006-09-01,28,11,28,11,39
BAURES,consulta externa,nuevas en personas de 5 a 14 anos,2006-09-01,47,46,47,46,93
BELEN DE ANDAMARCA,consulta externa,nuevas en personas de 5 a 14 anos,2006-09-01,6,2,6,2,8
BELEN DE URMIRI,consulta externa,nuevas en personas de 5 a 14 anos,2006-09-01,16,14,16,14,30
BELLA FLOR,consulta externa,nuevas en personas de 5 a 14 anos,2006-09-01,18,29,18,29,47
BERMEJO,consulta externa,nuevas en personas de 5 a 14 anos,2006-09-01,382,292,382,292,674
BETANZOS,consulta externa,nuevas en personas de 5 a 14 anos,2006-09-01,148,146,148,146,294
BOLIVAR,consulta externa,nuevas en personas de 5 a 14 anos,2006-09-01,24,19,24,19,43
BOLPEBRA,consulta externa,nuevas en personas de 5 a 14 anos,2006-09-01,26,21,26,21,47
BOYUIBE,consulta externa,nuevas en personas de 5 a 14 anos,2006-09-01,91,94,91,94,185
BUENA VISTA,consulta externa,nuevas en personas de 5 a 14 anos,2006-09-01,66,58,66,58,124
CABEZAS,consulta externa,nuevas en personas de 5 a 14 anos,2006-09-01,155,156,155,156,311
CAIROMA,consulta externa,nuevas en personas de 5 a 14 anos,2006-09-01,40,43,40,43,83
"CAIZA ""D""",consulta externa,nuevas en personas de 5 a 14 anos,2006-09-01,59,61,59,61,120
CAJUATA,consulta externa,nuevas en personas de 5 a 14 anos,2006-09-01,47,39,47,39,86
CALACOTO,consulta externa,nuevas en personas de 5 a 14 anos,2006-09-01,176,165,176,165,341
CALAMARCA,consulta externa,nuevas en personas de 5 a 14 anos,2006-09-01,22,19,22,19,41
CAMARGO,consulta externa,nuevas en personas de 5 a 14 anos,2006-09-01,265,274,265,274,539
CAMATAQUI (C. VILLA ABECIA),consulta externa,nuevas en personas de 5 a 14 anos,2006-09-01,49,45,49,45,94
CAMIRI,consulta externa,nuevas en personas de 5 a 14 anos,2006-09-01,533,709,533,709,1242
CAPINOTA,consulta externa,nuevas en personas de 5 a 14 anos,2006-09-01,125,161,125,161,286
CAQUIAVIRI,consulta externa,nuevas en personas de 5 a 14 anos,2006-09-01,22,32,22,32,54
CARACOLLO,consulta externa,nuevas en personas de 5 a 14 anos,2006-09-01,37,47,37,47,84
CARANAVI,consulta externa,nuevas en personas de 5 a 14 anos,2006-09-01,392,306,392,306,698
CARANGAS,consulta externa,nuevas en personas de 5 a 14 anos,2006-09-01,0,1,0,1,1
CARAPARI,consulta externa,nuevas en personas de 5 a 14 anos,2006-09-01,58,62,58,62,120
CARIPUYO,consulta externa,nuevas en personas de 5 a 14 anos,2006-09-01,25,15,25,15,40
CARMEN RIVERO TORREZ,consulta externa,nuevas en personas de 5 a 14 anos,2006-09-01,5,6,5,6,11
CATACORA,consulta externa,nuevas en personas de 5 a 14 anos,2006-09-01,4,6,4,6,10
CHACARILLA,consulta externa,nuevas en personas de 5 a 14 anos,2006-09-01,1,0,1,0,1
CHALLAPATA,consulta externa,nuevas en personas de 5 a 14 anos,2006-09-01,99,62,99,62,161
CHAQUI,consulta externa,nuevas en personas de 5 a 14 anos,2006-09-01,22,30,22,30,52
CHARAGUA,consulta externa,nuevas en personas de 5 a 14 anos,2006-09-01,128,147,128,147,275
CHARAÑA,consulta externa,nuevas en personas de 5 a 14 anos,2006-09-01,7,10,7,10,17
CHAYANTA,consulta externa,nuevas en personas de 5 a 14 anos,2006-09-01,40,39,40,39,79
CHIMORE,consulta externa,nuevas en personas de 5 a 14 anos,2006-09-01,38,46,38,46,84
CHIPAYA,consulta externa,nuevas en personas de 5 a 14 anos,2006-09-01,3,5,3,5,8
CHOQUE COTA,consulta externa,nuevas en personas de 5 a 14 anos,2006-09-01,41,41,41,41,82
CHULUMANI (V. DE LA LIBERTAD),consulta externa,nuevas en personas de 5 a 14 anos,2006-09-01,79,54,79,54,133
CHUMA,consulta externa,nuevas en personas de 5 a 14 anos,2006-09-01,103,84,103,84,187
CLIZA,consulta externa,nuevas en personas de 5 a 14 anos,2006-09-01,38,41,38,41,79
COBIJA,consulta externa,nuevas en personas de 5 a 14 anos,2006-09-01,369,367,369,367,736
COCHABAMBA,consulta externa,nuevas en personas de 5 a 14 anos,2006-09-01,3357,3292,3357,3292,6649
COIPASA,consulta externa,nuevas en personas de 5 a 14 anos,2006-09-01,1,3,1,3,4
COLCAPIRHUA,consulta externa,nuevas en personas de 5 a 14 anos,2006-09-01,153,187,153,187,340
"COLCHA ""K""",consulta externa,nuevas en personas de 5 a 14 anos,2006-09-01,44,50,44,50,94
COLLANA,consulta externa,nuevas en personas de 5 a 14 anos,2006-09-01,10,7,10,7,17
COLOMI,consulta externa,nuevas en personas de 5 a 14 anos,2006-09-01,39,58,39,58,97
COLPA BELGICA,consulta externa,nuevas en personas de 5 a 14 anos,2006-09-01,44,36,44,36,80
COLQUECHACA,consulta externa,nuevas en personas de 5 a 14 anos,2006-09-01,127,123,127,123,250
COLQUENCHA,consulta externa,nuevas en personas de 5 a 14 anos,2006-09-01,28,38,28,38,66
COLQUIRI,consulta externa,nuevas en personas de 5 a 14 anos,2006-09-01,58,37,58,37,95
COMANCHE,consulta externa,nuevas en personas de 5 a 14 anos,2006-09-01,18,14,18,14,32
COMARAPA,consulta externa,nuevas en personas de 5 a 14 anos,2006-09-01,118,111,118,111,229
COMBAYA,consulta externa,nuevas en personas de 5 a 14 anos,2006-09-01,10,9,10,9,19
CONCEPCION,consulta externa,nuevas en personas de 5 a 14 anos,2006-09-01,26,28,26,28,54
COPACABANA,consulta externa,nuevas en personas de 5 a 14 anos,2006-09-01,21,28,21,28,49
CORIPATA,consulta externa,nuevas en personas de 5 a 14 anos,2006-09-01,47,46,47,46,93
CORO CORO,consulta externa,nuevas en personas de 5 a 14 anos,2006-09-01,34,22,34,22,56
COROICO,consulta externa,nuevas en personas de 5 a 14 anos,2006-09-01,118,130,118,130,248
CORQUE,consulta externa,nuevas en personas de 5 a 14 anos,2006-09-01,74,55,74,55,129
COTAGAITA,consulta externa,nuevas en personas de 5 a 14 anos,2006-09-01,203,197,203,197,400
COTOCA,consulta externa,nuevas en personas de 5 a 14 anos,2006-09-01,57,52,57,52,109
CUATRO CAÑADAS,consulta externa,nuevas en personas de 5 a 14 anos,2006-09-01,93,104,93,104,197
CUCHUMUELA (V. G. VILLARROEL),consulta externa,nuevas en personas de 5 a 14 anos,2006-09-01,19,18,19,18,37
CUEVO,consulta externa,nuevas en personas de 5 a 14 anos,2006-09-01,29,26,29,26,55
CULPINA,consulta externa,nuevas en personas de 5 a 14 anos,2006-09-01,109,102,109,102,211
CURAHUARA DE CARANGAS,consulta externa,nuevas en personas de 5 a 14 anos,2006-09-01,50,73,50,73,123
CURVA,consulta externa,nuevas en personas de 5 a 14 anos,2006-09-01,16,10,16,10,26
DESAGUADERO,consulta externa,nuevas en personas de 5 a 14 anos,2006-09-01,16,15,16,15,31
EL ALTO,consulta externa,nuevas en personas de 5 a 14 anos,2006-09-01,4335,4112,4335,4112,8447
EL CHORO,consulta externa,nuevas en personas de 5 a 14 anos,2006-09-01,24,15,24,15,39
EL PUENTE(STC),consulta externa,nuevas en personas de 5 a 14 anos,2006-09-01,47,45,47,45,92
EL PUENTE(TJA),consulta externa,nuevas en personas de 5 a 14 anos,2006-09-01,43,64,43,64,107
EL TORNO,consulta externa,nuevas en personas de 5 a 14 anos,2006-09-01,165,195,165,195,360
EL VILLAR,consulta externa,nuevas en personas de 5 a 14 anos,2006-09-01,23,27,23,27,50
ENTRE RIOS,consulta externa,nuevas en personas de 5 a 14 anos,2006-09-01,256,282,256,282,538
ENTRE RIOS,consulta externa,nuevas en personas de 5 a 14 anos,2006-09-01,74,71,74,71,145
ESCARA,consulta externa,nuevas en personas de 5 a 14 anos,2006-09-01,1,0,1,0,1
EUCALIPTUS,consulta externa,nuevas en personas de 5 a 14 anos,2006-09-01,35,22,35,22,57
EUREKA (SANTOS MERCADO),consulta externa,nuevas en personas de 5 a 14 anos,2006-09-01,20,23,20,23,43
EXALTACION,consulta externa,nuevas en personas de 5 a 14 anos,2006-09-01,25,29,25,29,54
FERNANDEZ ALONSO,consulta externa,nuevas en personas de 5 a 14 anos,2006-09-01,82,90,82,90,172
FILADELFIA,consulta externa,nuevas en personas de 5 a 14 anos,2006-09-01,74,82,74,82,156
GENERAL SAAVEDRA,consulta externa,nuevas en personas de 5 a 14 anos,2006-09-01,325,412,325,412,737
GRAL. J.J. PEREZ (CHARAZANI),consulta externa,nuevas en personas de 5 a 14 anos,2006-09-01,39,38,39,38,77
GUANAY,consulta externa,nuevas en personas de 5 a 14 anos,2006-09-01,92,80,92,80,172
GUAQUI,consulta externa,nuevas en personas de 5 a 14 anos,2006-09-01,19,10,19,10,29
GUAYARAMERIN,consulta externa,nuevas en personas de 5 a 14 anos,2006-09-01,240,258,240,258,498
GUTIERREZ,consulta externa,nuevas en personas de 5 a 14 anos,2006-09-01,134,138,134,138,272
HUACARETA,consulta externa,nuevas en personas de 5 a 14 anos,2006-09-01,61,81,61,81,142
HUACAYA (VILLA DE HUACAYA),consulta externa,nuevas en personas de 5 a 14 anos,2006-09-01,19,10,19,10,29
HUACHACALLA,consulta externa,nuevas en personas de 5 a 14 anos,2006-09-01,23,27,23,27,50
HUANUNI,consulta externa,nuevas en personas de 5 a 14 anos,2006-09-01,177,304,177,304,481
HUARACAJE,consulta externa,nuevas en personas de 5 a 14 anos,2006-09-01,5,10,5,10,15
HUAYLLAMARCA,consulta externa,nuevas en personas de 5 a 14 anos,2006-09-01,34,32,34,32,66
ICHOCA,consulta externa,nuevas en personas de 5 a 14 anos,2006-09-01,12,13,12,13,25
ICLA,consulta externa,nuevas en personas de 5 a 14 anos,2006-09-01,50,53,50,53,103
INCAHUASI,consulta externa,nuevas en personas de 5 a 14 anos,2006-09-01,68,81,68,81,149
INGAVI (HUMAITA),consulta externa,nuevas en personas de 5 a 14 anos,2006-09-01,7,6,7,6,13
INQUISIVI,consulta externa,nuevas en personas de 5 a 14 anos,2006-09-01,62,40,62,40,102
IRUPANA (VILLA DE LANZA),consulta externa,nuevas en personas de 5 a 14 anos,2006-09-01,87,81,87,81,168
IXIAMAS,consulta externa,nuevas en personas de 5 a 14 anos,2006-09-01,50,56,50,56,106
JESUS DE MACHACA,consulta externa,nuevas en personas de 5 a 14 anos,2006-09-01,43,44,43,44,87
LA ASUNTA,consulta externa,nuevas en personas de 5 a 14 anos,2006-09-01,89,68,89,68,157
LA GUARDIA,consulta externa,nuevas en personas de 5 a 14 anos,2006-09-01,168,121,168,121,289
LA PAZ,consulta externa,nuevas en personas de 5 a 14 anos,2006-09-01,6091,5845,6091,5845,11936
LA RIVERA,consulta externa,nuevas en personas de 5 a 14 anos,2006-09-01,0,2,0,2,2
LAGUNILLAS,consulta externa,nuevas en personas de 5 a 14 anos,2006-09-01,49,40,49,40,89
LAJA,consulta externa,nuevas en personas de 5 a 14 anos,2006-09-01,30,25,30,25,55
LAS CARRERAS,consulta externa,nuevas en personas de 5 a 14 anos,2006-09-01,17,29,17,29,46
LICOMA PAMPA,consulta externa,nuevas en personas de 5 a 14 anos,2006-09-01,114,100,114,100,214
LLALLAGUA,consulta externa,nuevas en personas de 5 a 14 anos,2006-09-01,140,145,140,145,285
LLICA,consulta externa,nuevas en personas de 5 a 14 anos,2006-09-01,26,21,26,21,47
LORETO,consulta externa,nuevas en personas de 5 a 14 anos,2006-09-01,7,13,7,13,20
LURIBAY,consulta externa,nuevas en personas de 5 a 14 anos,2006-09-01,42,44,42,44,86
MACHACAMARCA,consulta externa,nuevas en personas de 5 a 14 anos,2006-09-01,8,7,8,7,15
MACHARETI,consulta externa,nuevas en personas de 5 a 14 anos,2006-09-01,92,105,92,105,197
MAGDALENA,consulta externa,nuevas en personas de 5 a 14 anos,2006-09-01,66,60,66,60,126
MAIRANA,consulta externa,nuevas en personas de 5 a 14 anos,2006-09-01,22,20,22,20,42
MALLA,consulta externa,nuevas en personas de 5 a 14 anos,2006-09-01,54,38,54,38,92
MAPIRI,consulta externa,nuevas en personas de 5 a 14 anos,2006-09-01,73,66,73,66,139
MECAPACA,consulta externa,nuevas en personas de 5 a 14 anos,2006-09-01,77,77,77,77,154
MINEROS,consulta externa,nuevas en personas de 5 a 14 anos,2006-09-01,27,25,27,25,52
MIZQUE,consulta externa,nuevas en personas de 5 a 14 anos,2006-09-01,49,94,49,94,143
MOCOMOCO,consulta externa,nuevas en personas de 5 a 14 anos,2006-09-01,77,67,77,67,144
MOJINETE,consulta externa,nuevas en personas de 5 a 14 anos,2006-09-01,7,16,7,16,23
MOJOCOYA,consulta externa,nuevas en personas de 5 a 14 anos,2006-09-01,55,41,55,41,96
MONTEAGUDO,consulta externa,nuevas en personas de 5 a 14 anos,2006-09-01,348,390,348,390,738
MONTERO,consulta externa,nuevas en personas de 5 a 14 anos,2006-09-01,855,813,855,813,1668
MORO MORO,consulta externa,nuevas en personas de 5 a 14 anos,2006-09-01,21,12,21,12,33
MOROCHATA,consulta externa,nuevas en personas de 5 a 14 anos,2006-09-01,20,28,20,28,48
NACEBE (SANTA ROSA DEL ABUNA),consulta externa,nuevas en personas de 5 a 14 anos,2006-09-01,31,28,31,28,59
NUEVO MANOA (NUEVA ESPERANZA),consulta externa,nuevas en personas de 5 a 14 anos,2006-09-01,13,23,13,23,36
OCURI,consulta externa,nuevas en personas de 5 a 14 anos,2006-09-01,71,67,71,67,138
OKINAWA,consulta externa,nuevas en personas de 5 a 14 anos,2006-09-01,107,139,107,139,246
OMEREQUE,consulta externa,nuevas en personas de 5 a 14 anos,2006-09-01,18,16,18,16,34
ORURO,consulta externa,nuevas en personas de 5 a 14 anos,2006-09-01,2179,2083,2179,2083,4262
PADCAYA,consulta externa,nuevas en personas de 5 a 14 anos,2006-09-01,300,297,300,297,597
PADILLA,consulta externa,nuevas en personas de 5 a 14 anos,2006-09-01,86,71,86,71,157
PAILON,consulta externa,nuevas en personas de 5 a 14 anos,2006-09-01,31,32,31,32,63
PALCA,consulta externa,nuevas en personas de 5 a 14 anos,2006-09-01,38,31,38,31,69
PALOS BLANCOS,consulta externa,nuevas en personas de 5 a 14 anos,2006-09-01,120,123,120,123,243
PAMPA AULLAGAS,consulta externa,nuevas en personas de 5 a 14 anos,2006-09-01,10,7,10,7,17
PAMPA GRANDE,consulta externa,nuevas en personas de 5 a 14 anos,2006-09-01,19,31,19,31,50
PAPEL PAMPA,consulta externa,nuevas en personas de 5 a 14 anos,2006-09-01,47,47,47,47,94
PASORAPA,consulta externa,nuevas en personas de 5 a 14 anos,2006-09-01,9,18,9,18,27
PATACAMAYA,consulta externa,nuevas en personas de 5 a 14 anos,2006-09-01,36,31,36,31,67
PAZÑA,consulta externa,nuevas en personas de 5 a 14 anos,2006-09-01,25,24,25,24,49
PELECHUCO,consulta externa,nuevas en personas de 5 a 14 anos,2006-09-01,31,31,31,31,62
POCOATA,consulta externa,nuevas en personas de 5 a 14 anos,2006-09-01,72,61,72,61,133
POCONA,consulta externa,nuevas en personas de 5 a 14 anos,2006-09-01,43,30,43,30,73
POJO (CBBA),consulta externa,nuevas en personas de 5 a 14 anos,2006-09-01,17,17,17,17,34
POOPO,consulta externa,nuevas en personas de 5 a 14 anos,2006-09-01,16,19,16,19,35
PORCO,consulta externa,nuevas en personas de 5 a 14 anos,2006-09-01,33,35,33,35,68
POROMA,consulta externa,nuevas en personas de 5 a 14 anos,2006-09-01,285,268,285,268,553
PORONGO,consulta externa,nuevas en personas de 5 a 14 anos,2006-09-01,79,80,79,80,159
PORTACHUELO,consulta externa,nuevas en personas de 5 a 14 anos,2006-09-01,81,96,81,96,177
PORVENIR,consulta externa,nuevas en personas de 5 a 14 anos,2006-09-01,20,25,20,25,45
POSTRER VALLE,consulta externa,nuevas en personas de 5 a 14 anos,2006-09-01,25,25,25,25,50
POTOSI,consulta externa,nuevas en personas de 5 a 14 anos,2006-09-01,1034,968,1034,968,2002
PRESTO,consulta externa,nuevas en personas de 5 a 14 anos,2006-09-01,41,47,41,47,88
PUCARA,consulta externa,nuevas en personas de 5 a 14 anos,2006-09-01,12,17,12,17,29
PUCARANI,consulta externa,nuevas en personas de 5 a 14 anos,2006-09-01,50,51,50,51,101
PUERTO ACOSTA,consulta externa,nuevas en personas de 5 a 14 anos,2006-09-01,203,201,203,201,404
PUERTO CARABUCO,consulta externa,nuevas en personas de 5 a 14 anos,2006-09-01,158,159,158,159,317
PUERTO GONZALO MORENO,consulta externa,nuevas en personas de 5 a 14 anos,2006-09-01,29,20,29,20,49
PUERTO PEREZ,consulta externa,nuevas en personas de 5 a 14 anos,2006-09-01,9,6,9,6,15
PUERTO QUIJARRO,consulta externa,nuevas en personas de 5 a 14 anos,2006-09-01,120,92,120,92,212
PUERTO RICO,consulta externa,nuevas en personas de 5 a 14 anos,2006-09-01,53,51,53,51,104
PUERTO SILES,consulta externa,nuevas en personas de 5 a 14 anos,2006-09-01,7,6,7,6,13
PUERTO SUAREZ,consulta externa,nuevas en personas de 5 a 14 anos,2006-09-01,186,205,186,205,391
PUERTO VILLARROEL,consulta externa,nuevas en personas de 5 a 14 anos,2006-09-01,249,214,249,214,463
PUNA,consulta externa,nuevas en personas de 5 a 14 anos,2006-09-01,172,158,172,158,330
PUNATA,consulta externa,nuevas en personas de 5 a 14 anos,2006-09-01,110,112,110,112,222
QUIABAYA,consulta externa,nuevas en personas de 5 a 14 anos,2006-09-01,12,17,12,17,29
QUILLACOLLO,consulta externa,nuevas en personas de 5 a 14 anos,2006-09-01,105,111,105,111,216
QUIME,consulta externa,nuevas en personas de 5 a 14 anos,2006-09-01,86,73,86,73,159
QUIRUSILLAS,consulta externa,nuevas en personas de 5 a 14 anos,2006-09-01,7,4,7,4,11
RAVELO,consulta externa,nuevas en personas de 5 a 14 anos,2006-09-01,57,39,57,39,96
REYES,consulta externa,nuevas en personas de 5 a 14 anos,2006-09-01,65,79,65,79,144
RIBERALTA,consulta externa,nuevas en personas de 5 a 14 anos,2006-09-01,764,771,764,771,1535
ROBORE,consulta externa,nuevas en personas de 5 a 14 anos,2006-09-01,93,106,93,106,199
RURRENABAQUE,consulta externa,nuevas en personas de 5 a 14 anos,2006-09-01,118,129,118,129,247
SABAYA,consulta externa,nuevas en personas de 5 a 14 anos,2006-09-01,20,19,20,19,39
SACABA,consulta externa,nuevas en personas de 5 a 14 anos,2006-09-01,242,174,242,174,416
SACABAMBA,consulta externa,nuevas en personas de 5 a 14 anos,2006-09-01,11,9,11,9,20
SACACA,consulta externa,nuevas en personas de 5 a 14 anos,2006-09-01,75,79,75,79,154
SAIPINA,consulta externa,nuevas en personas de 5 a 14 anos,2006-09-01,41,32,41,32,73
SALINAS DE GARCI MENDOZA,consulta externa,nuevas en personas de 5 a 14 anos,2006-09-01,62,66,62,66,128
SAMAIPATA,consulta externa,nuevas en personas de 5 a 14 anos,2006-09-01,58,52,58,52,110
SAN AGUSTIN,consulta externa,nuevas en personas de 5 a 14 anos,2006-09-01,10,8,10,8,18
SAN ANDRES,consulta externa,nuevas en personas de 5 a 14 anos,2006-09-01,68,72,68,72,140
SAN ANDRES DE MACHACA,consulta externa,nuevas en personas de 5 a 14 anos,2006-09-01,20,25,20,25,45
SAN ANTONIO DE ESMORUCO,consulta externa,nuevas en personas de 5 a 14 anos,2006-09-01,20,29,20,29,49
SAN ANTONIO DE LOMERIO,consulta externa,nuevas en personas de 5 a 14 anos,2006-09-01,22,14,22,14,36
SAN BENITO,consulta externa,nuevas en personas de 5 a 14 anos,2006-09-01,36,35,36,35,71
SAN BORJA,consulta externa,nuevas en personas de 5 a 14 anos,2006-09-01,103,74,103,74,177
SAN BUENA VENTURA,consulta externa,nuevas en personas de 5 a 14 anos,2006-09-01,20,100,20,100,120
SAN CARLOS,consulta externa,nuevas en personas de 5 a 14 anos,2006-09-01,131,126,131,126,257
SAN IGNACIO,consulta externa,nuevas en personas de 5 a 14 anos,2006-09-01,145,149,145,149,294
SAN IGNACIO DE VELASCO,consulta externa,nuevas en personas de 5 a 14 anos,2006-09-01,266,288,266,288,554
SAN JAVIER(BNI),consulta externa,nuevas en personas de 5 a 14 anos,2006-09-01,39,33,39,33,72
SAN JAVIER(STC),consulta externa,nuevas en personas de 5 a 14 anos,2006-09-01,30,29,30,29,59
SAN JOAQUIN,consulta externa,nuevas en personas de 5 a 14 anos,2006-09-01,125,139,125,139,264
SAN JOSE DE CHIQUITOS,consulta externa,nuevas en personas de 5 a 14 anos,2006-09-01,66,64,66,64,130
SAN JUAN DE YAPACANI,consulta externa,nuevas en personas de 5 a 14 anos,2006-09-01,50,54,50,54,104
SAN JULIAN,consulta externa,nuevas en personas de 5 a 14 anos,2006-09-01,502,524,502,524,1026
SAN LORENZO(PND),consulta externa,nuevas en personas de 5 a 14 anos,2006-09-01,10,12,10,12,22
SAN LORENZO(TJA),consulta externa,nuevas en personas de 5 a 14 anos,2006-09-01,273,356,273,356,629
SAN LUCAS,consulta externa,nuevas en personas de 5 a 14 anos,2006-09-01,170,154,170,154,324
SAN MATIAS,consulta externa,nuevas en personas de 5 a 14 anos,2006-09-01,37,42,37,42,79
SAN MIGUEL DE VELASCO,consulta externa,nuevas en personas de 5 a 14 anos,2006-09-01,42,54,42,54,96
SAN PABLO DE LIPEZ,consulta externa,nuevas en personas de 5 a 14 anos,2006-09-01,35,49,35,49,84
SAN PEDRO,consulta externa,nuevas en personas de 5 a 14 anos,2006-09-01,102,107,102,107,209
SAN PEDRO DE BUENA VISTA,consulta externa,nuevas en personas de 5 a 14 anos,2006-09-01,52,55,52,55,107
SAN PEDRO DE CURAHUARA,consulta externa,nuevas en personas de 5 a 14 anos,2006-09-01,41,58,41,58,99
SAN PEDRO DE QUEMES,consulta externa,nuevas en personas de 5 a 14 anos,2006-09-01,2,2,2,2,4
SAN PEDRO DE TIQUINA,consulta externa,nuevas en personas de 5 a 14 anos,2006-09-01,13,17,13,17,30
SAN PEDRO(PND),consulta externa,nuevas en personas de 5 a 14 anos,2006-09-01,7,8,7,8,15
SAN RAFAEL,consulta externa,nuevas en personas de 5 a 14 anos,2006-09-01,13,14,13,14,27
SAN RAMON,consulta externa,nuevas en personas de 5 a 14 anos,2006-09-01,52,35,52,35,87
SAN RAMON,consulta externa,nuevas en personas de 5 a 14 anos,2006-09-01,139,131,139,131,270
SANTA ANA,consulta externa,nuevas en personas de 5 a 14 anos,2006-09-01,74,345,74,345,419
SANTA CRUZ DE LA SIERRA,consulta externa,nuevas en personas de 5 a 14 anos,2006-09-01,7132,7985,7132,7985,15117
SANTA ROSA,consulta externa,nuevas en personas de 5 a 14 anos,2006-09-01,451,406,451,406,857
SANTA ROSA DEL SARA,consulta externa,nuevas en personas de 5 a 14 anos,2006-09-01,118,124,118,124,242
SANTIAGO DE CALLAPA,consulta externa,nuevas en personas de 5 a 14 anos,2006-09-01,64,55,64,55,119
SANTIAGO DE HUARI,consulta externa,nuevas en personas de 5 a 14 anos,2006-09-01,22,21,22,21,43
SANTIAGO DE MACHACA,consulta externa,nuevas en personas de 5 a 14 anos,2006-09-01,3,4,3,4,7
SANTIVAÑES,consulta externa,nuevas en personas de 5 a 14 anos,2006-09-01,24,22,24,22,46
SANTUARIO DE QUILLACAS,consulta externa,nuevas en personas de 5 a 14 anos,2006-09-01,20,17,20,17,37
SAPAHAQUI,consulta externa,nuevas en personas de 5 a 14 anos,2006-09-01,82,84,82,84,166
SENA,consulta externa,nuevas en personas de 5 a 14 anos,2006-09-01,47,44,47,44,91
SICA SICA (VILLA AROMA),consulta externa,nuevas en personas de 5 a 14 anos,2006-09-01,43,32,43,32,75
SICAYA,consulta externa,nuevas en personas de 5 a 14 anos,2006-09-01,5,7,5,7,12
SIPE SIPE,consulta externa,nuevas en personas de 5 a 14 anos,2006-09-01,50,42,50,42,92
SOPACHUY,consulta externa,nuevas en personas de 5 a 14 anos,2006-09-01,74,72,74,72,146
SORACACHI,consulta externa,nuevas en personas de 5 a 14 anos,2006-09-01,34,39,34,39,73
SORATA,consulta externa,nuevas en personas de 5 a 14 anos,2006-09-01,45,51,45,51,96
SUCRE,consulta externa,nuevas en personas de 5 a 14 anos,2006-09-01,2423,2438,2423,2438,4861
TACACHI,consulta externa,nuevas en personas de 5 a 14 anos,2006-09-01,6,5,6,5,11
TACACOMA,consulta externa,nuevas en personas de 5 a 14 anos,2006-09-01,14,13,14,13,27
TACOBAMBA,consulta externa,nuevas en personas de 5 a 14 anos,2006-09-01,27,38,27,38,65
TACOPAYA,consulta externa,nuevas en personas de 5 a 14 anos,2006-09-01,22,26,22,26,48
TAHUA,consulta externa,nuevas en personas de 5 a 14 anos,2006-09-01,3,1,3,1,4
TAPACARI,consulta externa,nuevas en personas de 5 a 14 anos,2006-09-01,94,67,94,67,161
TARABUCO,consulta externa,nuevas en personas de 5 a 14 anos,2006-09-01,52,47,52,47,99
TARACO,consulta externa,nuevas en personas de 5 a 14 anos,2006-09-01,3,8,3,8,11
TARATA,consulta externa,nuevas en personas de 5 a 14 anos,2006-09-01,20,30,20,30,50
TARIJA,consulta externa,nuevas en personas de 5 a 14 anos,2006-09-01,1160,1028,1160,1028,2188
TARVITA,consulta externa,nuevas en personas de 5 a 14 anos,2006-09-01,162,196,162,196,358
TEOPONTE,consulta externa,nuevas en personas de 5 a 14 anos,2006-09-01,137,120,137,120,257
TIAWANACU,consulta externa,nuevas en personas de 5 a 14 anos,2006-09-01,49,49,49,49,98
TINGUIPAYA,consulta externa,nuevas en personas de 5 a 14 anos,2006-09-01,84,85,84,85,169
TIPUANI,consulta externa,nuevas en personas de 5 a 14 anos,2006-09-01,16,22,16,22,38
TIQUIPAYA,consulta externa,nuevas en personas de 5 a 14 anos,2006-09-01,86,77,86,77,163
TIRAQUE (CBBA),consulta externa,nuevas en personas de 5 a 14 anos,2006-09-01,191,184,191,184,375
TITO YUPANQUI (PARQUIPUJIO),consulta externa,nuevas en personas de 5 a 14 anos,2006-09-01,6,7,6,7,13
TOCO,consulta externa,nuevas en personas de 5 a 14 anos,2006-09-01,10,14,10,14,24
TODOS SANTOS,consulta externa,nuevas en personas de 5 a 14 anos,2006-09-01,1,2,1,2,3
TOLATA,consulta externa,nuevas en personas de 5 a 14 anos,2006-09-01,16,20,16,20,36
TOLEDO,consulta externa,nuevas en personas de 5 a 14 anos,2006-09-01,50,37,50,37,87
TOMAVE,consulta externa,nuevas en personas de 5 a 14 anos,2006-09-01,34,59,34,59,93
TOMINA,consulta externa,nuevas en personas de 5 a 14 anos,2006-09-01,63,48,63,48,111
TORO TORO,consulta externa,nuevas en personas de 5 a 14 anos,2006-09-01,49,50,49,50,99
TOTORA(CBBA),consulta externa,nuevas en personas de 5 a 14 anos,2006-09-01,22,32,22,32,54
TOTORA(ORR),consulta externa,nuevas en personas de 5 a 14 anos,2006-09-01,13,25,13,25,38
TRIGAL,consulta externa,nuevas en personas de 5 a 14 anos,2006-09-01,8,15,8,15,23
TRINIDAD,consulta externa,nuevas en personas de 5 a 14 anos,2006-09-01,387,510,387,510,897
TUPIZA,consulta externa,nuevas en personas de 5 a 14 anos,2006-09-01,638,796,638,796,1434
TURCO,consulta externa,nuevas en personas de 5 a 14 anos,2006-09-01,54,45,54,45,99
UMALA,consulta externa,nuevas en personas de 5 a 14 anos,2006-09-01,25,17,25,17,42
UNCIA,consulta externa,nuevas en personas de 5 a 14 anos,2006-09-01,164,174,164,174,338
URIONDO (A. CONCEPCION),consulta externa,nuevas en personas de 5 a 14 anos,2006-09-01,138,231,138,231,369
URUBICHA,consulta externa,nuevas en personas de 5 a 14 anos,2006-09-01,27,19,27,19,46
UYUNI,consulta externa,nuevas en personas de 5 a 14 anos,2006-09-01,97,102,97,102,199
VACAS,consulta externa,nuevas en personas de 5 a 14 anos,2006-09-01,38,33,38,33,71
VALLEGRANDE,consulta externa,nuevas en personas de 5 a 14 anos,2006-09-01,195,256,195,256,451
VIACHA,consulta externa,nuevas en personas de 5 a 14 anos,2006-09-01,199,168,199,168,367
VILA VILA,consulta externa,nuevas en personas de 5 a 14 anos,2006-09-01,7,8,7,8,15
VILLA MONTES,consulta externa,nuevas en personas de 5 a 14 anos,2006-09-01,383,432,383,432,815
VILLA NUEVA (LOMA ALTA),consulta externa,nuevas en personas de 5 a 14 anos,2006-09-01,52,45,52,45,97
VILLA RIVERO,consulta externa,nuevas en personas de 5 a 14 anos,2006-09-01,48,37,48,37,85
VILLA SERRANO,consulta externa,nuevas en personas de 5 a 14 anos,2006-09-01,49,60,49,60,109
VILLA TUNARI,consulta externa,nuevas en personas de 5 a 14 anos,2006-09-01,315,276,315,276,591
VILLA VACA GUZMAN (MUYUPAMPA),consulta externa,nuevas en personas de 5 a 14 anos,2006-09-01,114,117,114,117,231
VILLAZON,consulta externa,nuevas en personas de 5 a 14 anos,2006-09-01,315,350,315,350,665
VINTO,consulta externa,nuevas en personas de 5 a 14 anos,2006-09-01,55,81,55,81,136
VITICHI,consulta externa,nuevas en personas de 5 a 14 anos,2006-09-01,104,86,104,86,190
WALDO BALLIVIAN,consulta externa,nuevas en personas de 5 a 14 anos,2006-09-01,9,9,9,9,18
WARNES,consulta externa,nuevas en personas de 5 a 14 anos,2006-09-01,240,228,240,228,468
YACO,consulta externa,nuevas en personas de 5 a 14 anos,2006-09-01,70,56,70,56,126
YACUIBA,consulta externa,nuevas en personas de 5 a 14 anos,2006-09-01,926,909,926,909,1835
YAMPARAEZ,consulta externa,nuevas en personas de 5 a 14 anos,2006-09-01,29,34,29,34,63
YANACACHI,consulta externa,nuevas en personas de 5 a 14 anos,2006-09-01,46,27,46,27,73
YAPACANI,consulta externa,nuevas en personas de 5 a 14 anos,2006-09-01,313,279,313,279,592
YOCALLA,consulta externa,nuevas en personas de 5 a 14 anos,2006-09-01,64,64,64,64,128
YOTALA,consulta externa,nuevas en personas de 5 a 14 anos,2006-09-01,21,22,21,22,43
YUNCHARA,consulta externa,nuevas en personas de 5 a 14 anos,2006-09-01,75,88,75,88,163
ZUDAÑEZ,consulta externa,nuevas en personas de 5 a 14 anos,2006-09-01,98,75,98,75,173
ACACIO,consulta externa,nuevas en personas de 5 a 14 anos,2006-10-01,460,463,460,463,923
ACHACACHI,consulta externa,nuevas en personas de 5 a 14 anos,2006-10-01,113,112,113,112,225
ACHOCALLA,consulta externa,nuevas en personas de 5 a 14 anos,2006-10-01,15,26,15,26,41
AIQUILE,consulta externa,nuevas en personas de 5 a 14 anos,2006-10-01,85,72,85,72,157
ALCALA,consulta externa,nuevas en personas de 5 a 14 anos,2006-10-01,76,80,76,80,156
ANCORAIMES,consulta externa,nuevas en personas de 5 a 14 anos,2006-10-01,28,25,28,25,53
ANDAMARCA,consulta externa,nuevas en personas de 5 a 14 anos,2006-10-01,68,67,68,67,135
ANTEQUERA,consulta externa,nuevas en personas de 5 a 14 anos,2006-10-01,36,35,36,35,71
ANZALDO,consulta externa,nuevas en personas de 5 a 14 anos,2006-10-01,20,25,20,25,45
APOLO,consulta externa,nuevas en personas de 5 a 14 anos,2006-10-01,55,57,55,57,112
ARAMPAMPA,consulta externa,nuevas en personas de 5 a 14 anos,2006-10-01,12,12,12,12,24
ARANI,consulta externa,nuevas en personas de 5 a 14 anos,2006-10-01,22,21,22,21,43
ARBIETO,consulta externa,nuevas en personas de 5 a 14 anos,2006-10-01,27,29,27,29,56
ARQUE,consulta externa,nuevas en personas de 5 a 14 anos,2006-10-01,28,30,28,30,58
ASCENCION DE GUARAYOS,consulta externa,nuevas en personas de 5 a 14 anos,2006-10-01,142,107,142,107,249
ATOCHA,consulta externa,nuevas en personas de 5 a 14 anos,2006-10-01,201,237,201,237,438
AUCAPATA,consulta externa,nuevas en personas de 5 a 14 anos,2006-10-01,38,33,38,33,71
AYATA,consulta externa,nuevas en personas de 5 a 14 anos,2006-10-01,48,49,48,49,97
AYO AYO,consulta externa,nuevas en personas de 5 a 14 anos,2006-10-01,28,30,28,30,58
AYOPAYA (V. DE INDEPENDENCIA),consulta externa,nuevas en personas de 5 a 14 anos,2006-10-01,72,66,72,66,138
AZURDUY,consulta externa,nuevas en personas de 5 a 14 anos,2006-10-01,107,105,107,105,212
BATALLAS,consulta externa,nuevas en personas de 5 a 14 anos,2006-10-01,24,24,24,24,48
BAURES,consulta externa,nuevas en personas de 5 a 14 anos,2006-10-01,37,42,37,42,79
BELEN DE ANDAMARCA,consulta externa,nuevas en personas de 5 a 14 anos,2006-10-01,8,8,8,8,16
BELEN DE URMIRI,consulta externa,nuevas en personas de 5 a 14 anos,2006-10-01,26,25,26,25,51
BELLA FLOR,consulta externa,nuevas en personas de 5 a 14 anos,2006-10-01,93,97,93,97,190
BERMEJO,consulta externa,nuevas en personas de 5 a 14 anos,2006-10-01,377,337,377,337,714
BETANZOS,consulta externa,nuevas en personas de 5 a 14 anos,2006-10-01,153,154,153,154,307
BOLIVAR,consulta externa,nuevas en personas de 5 a 14 anos,2006-10-01,18,21,18,21,39
BOLPEBRA,consulta externa,nuevas en personas de 5 a 14 anos,2006-10-01,52,50,52,50,102
BOYUIBE,consulta externa,nuevas en personas de 5 a 14 anos,2006-10-01,96,112,96,112,208
BUENA VISTA,consulta externa,nuevas en personas de 5 a 14 anos,2006-10-01,100,73,100,73,173
CABEZAS,consulta externa,nuevas en personas de 5 a 14 anos,2006-10-01,233,247,233,247,480
CAIROMA,consulta externa,nuevas en personas de 5 a 14 anos,2006-10-01,46,21,46,21,67
"CAIZA ""D""",consulta externa,nuevas en personas de 5 a 14 anos,2006-10-01,57,61,57,61,118
CAJUATA,consulta externa,nuevas en personas de 5 a 14 anos,2006-10-01,41,55,41,55,96
CALACOTO,consulta externa,nuevas en personas de 5 a 14 anos,2006-10-01,46,41,46,41,87
CALAMARCA,consulta externa,nuevas en personas de 5 a 14 anos,2006-10-01,63,39,63,39,102
CAMARGO,consulta externa,nuevas en personas de 5 a 14 anos,2006-10-01,266,229,266,229,495
CAMATAQUI (C. VILLA ABECIA),consulta externa,nuevas en personas de 5 a 14 anos,2006-10-01,52,61,52,61,113
CAMIRI,consulta externa,nuevas en personas de 5 a 14 anos,2006-10-01,552,683,552,683,1235
CAPINOTA,consulta externa,nuevas en personas de 5 a 14 anos,2006-10-01,91,74,91,74,165
CAQUIAVIRI,consulta externa,nuevas en personas de 5 a 14 anos,2006-10-01,23,26,23,26,49
CARACOLLO,consulta externa,nuevas en personas de 5 a 14 anos,2006-10-01,69,73,69,73,142
CARANAVI,consulta externa,nuevas en personas de 5 a 14 anos,2006-10-01,479,439,479,439,918
CARANGAS,consulta externa,nuevas en personas de 5 a 14 anos,2006-10-01,2,0,2,0,2
CARAPARI,consulta externa,nuevas en personas de 5 a 14 anos,2006-10-01,128,132,128,132,260
CARIPUYO,consulta externa,nuevas en personas de 5 a 14 anos,2006-10-01,22,22,22,22,44
CARMEN RIVERO TORREZ,consulta externa,nuevas en personas de 5 a 14 anos,2006-10-01,9,6,9,6,15
CATACORA,consulta externa,nuevas en personas de 5 a 14 anos,2006-10-01,0,1,0,1,1
CHACARILLA,consulta externa,nuevas en personas de 5 a 14 anos,2006-10-01,2,0,2,0,2
CHALLAPATA,consulta externa,nuevas en personas de 5 a 14 anos,2006-10-01,269,155,269,155,424
CHAQUI,consulta externa,nuevas en personas de 5 a 14 anos,2006-10-01,21,35,21,35,56
CHARAGUA,consulta externa,nuevas en personas de 5 a 14 anos,2006-10-01,120,172,120,172,292
CHARAÑA,consulta externa,nuevas en personas de 5 a 14 anos,2006-10-01,13,17,13,17,30
CHAYANTA,consulta externa,nuevas en personas de 5 a 14 anos,2006-10-01,46,77,46,77,123
CHIMORE,consulta externa,nuevas en personas de 5 a 14 anos,2006-10-01,55,64,55,64,119
CHIPAYA,consulta externa,nuevas en personas de 5 a 14 anos,2006-10-01,7,3,7,3,10
CHOQUE COTA,consulta externa,nuevas en personas de 5 a 14 anos,2006-10-01,19,18,19,18,37
CHULUMANI (V. DE LA LIBERTAD),consulta externa,nuevas en personas de 5 a 14 anos,2006-10-01,71,73,71,73,144
CHUMA,consulta externa,nuevas en personas de 5 a 14 anos,2006-10-01,74,65,74,65,139
CLIZA,consulta externa,nuevas en personas de 5 a 14 anos,2006-10-01,59,73,59,73,132
COBIJA,consulta externa,nuevas en personas de 5 a 14 anos,2006-10-01,289,295,289,295,584
COCHABAMBA,consulta externa,nuevas en personas de 5 a 14 anos,2006-10-01,4010,4077,4010,4077,8087
COIPASA,consulta externa,nuevas en personas de 5 a 14 anos,2006-10-01,7,6,7,6,13
COLCAPIRHUA,consulta externa,nuevas en personas de 5 a 14 anos,2006-10-01,197,202,197,202,399
"COLCHA ""K""",consulta externa,nuevas en personas de 5 a 14 anos,2006-10-01,52,69,52,69,121
COLLANA,consulta externa,nuevas en personas de 5 a 14 anos,2006-10-01,17,13,17,13,30
COLOMI,consulta externa,nuevas en personas de 5 a 14 anos,2006-10-01,55,52,55,52,107
COLPA BELGICA,consulta externa,nuevas en personas de 5 a 14 anos,2006-10-01,59,65,59,65,124
COLQUECHACA,consulta externa,nuevas en personas de 5 a 14 anos,2006-10-01,140,111,140,111,251
COLQUENCHA,consulta externa,nuevas en personas de 5 a 14 anos,2006-10-01,34,29,34,29,63
COLQUIRI,consulta externa,nuevas en personas de 5 a 14 anos,2006-10-01,76,63,76,63,139
COMANCHE,consulta externa,nuevas en personas de 5 a 14 anos,2006-10-01,11,8,11,8,19
COMARAPA,consulta externa,nuevas en personas de 5 a 14 anos,2006-10-01,109,92,109,92,201
COMBAYA,consulta externa,nuevas en personas de 5 a 14 anos,2006-10-01,13,6,13,6,19
CONCEPCION,consulta externa,nuevas en personas de 5 a 14 anos,2006-10-01,120,129,120,129,249
COPACABANA,consulta externa,nuevas en personas de 5 a 14 anos,2006-10-01,87,88,87,88,175
CORIPATA,consulta externa,nuevas en personas de 5 a 14 anos,2006-10-01,56,62,56,62,118
CORO CORO,consulta externa,nuevas en personas de 5 a 14 anos,2006-10-01,34,27,34,27,61
COROICO,consulta externa,nuevas en personas de 5 a 14 anos,2006-10-01,108,102,108,102,210
CORQUE,consulta externa,nuevas en personas de 5 a 14 anos,2006-10-01,43,28,43,28,71
COTAGAITA,consulta externa,nuevas en personas de 5 a 14 anos,2006-10-01,286,308,286,308,594
COTOCA,consulta externa,nuevas en personas de 5 a 14 anos,2006-10-01,77,98,77,98,175
CUATRO CAÑADAS,consulta externa,nuevas en personas de 5 a 14 anos,2006-10-01,89,99,89,99,188
CUCHUMUELA (V. G. VILLARROEL),consulta externa,nuevas en personas de 5 a 14 anos,2006-10-01,17,14,17,14,31
CUEVO,consulta externa,nuevas en personas de 5 a 14 anos,2006-10-01,91,87,91,87,178
CULPINA,consulta externa,nuevas en personas de 5 a 14 anos,2006-10-01,84,90,84,90,174
CURAHUARA DE CARANGAS,consulta externa,nuevas en personas de 5 a 14 anos,2006-10-01,122,142,122,142,264
CURVA,consulta externa,nuevas en personas de 5 a 14 anos,2006-10-01,4,16,4,16,20
DESAGUADERO,consulta externa,nuevas en personas de 5 a 14 anos,2006-10-01,20,17,20,17,37
EL ALTO,consulta externa,nuevas en personas de 5 a 14 anos,2006-10-01,4871,5087,4871,5087,9958
EL CHORO,consulta externa,nuevas en personas de 5 a 14 anos,2006-10-01,35,28,35,28,63
EL PUENTE(STC),consulta externa,nuevas en personas de 5 a 14 anos,2006-10-01,35,44,35,44,79
EL PUENTE(TJA),consulta externa,nuevas en personas de 5 a 14 anos,2006-10-01,81,98,81,98,179
EL TORNO,consulta externa,nuevas en personas de 5 a 14 anos,2006-10-01,176,160,176,160,336
EL VILLAR,consulta externa,nuevas en personas de 5 a 14 anos,2006-10-01,133,105,133,105,238
ENTRE RIOS,consulta externa,nuevas en personas de 5 a 14 anos,2006-10-01,199,219,199,219,418
ENTRE RIOS,consulta externa,nuevas en personas de 5 a 14 anos,2006-10-01,94,98,94,98,192
ESCARA,consulta externa,nuevas en personas de 5 a 14 anos,2006-10-01,1,0,1,0,1
ESMERALDA,consulta externa,nuevas en personas de 5 a 14 anos,2006-10-01,6,10,6,10,16
EUCALIPTUS,consulta externa,nuevas en personas de 5 a 14 anos,2006-10-01,21,17,21,17,38
EUREKA (SANTOS MERCADO),consulta externa,nuevas en personas de 5 a 14 anos,2006-10-01,4,5,4,5,9
EXALTACION,consulta externa,nuevas en personas de 5 a 14 anos,2006-10-01,8,6,8,6,14
FERNANDEZ ALONSO,consulta externa,nuevas en personas de 5 a 14 anos,2006-10-01,52,39,52,39,91
FILADELFIA,consulta externa,nuevas en personas de 5 a 14 anos,2006-10-01,83,80,83,80,163
GENERAL SAAVEDRA,consulta externa,nuevas en personas de 5 a 14 anos,2006-10-01,92,83,92,83,175
GRAL. J.J. PEREZ (CHARAZANI),consulta externa,nuevas en personas de 5 a 14 anos,2006-10-01,31,29,31,29,60
GUANAY,consulta externa,nuevas en personas de 5 a 14 anos,2006-10-01,87,66,87,66,153
GUAQUI,consulta externa,nuevas en personas de 5 a 14 anos,2006-10-01,20,20,20,20,40
GUAYARAMERIN,consulta externa,nuevas en personas de 5 a 14 anos,2006-10-01,448,437,448,437,885
GUTIERREZ,consulta externa,nuevas en personas de 5 a 14 anos,2006-10-01,142,140,142,140,282
HUACARETA,consulta externa,nuevas en personas de 5 a 14 anos,2006-10-01,103,94,103,94,197
HUACAYA (VILLA DE HUACAYA),consulta externa,nuevas en personas de 5 a 14 anos,2006-10-01,20,25,20,25,45
HUACHACALLA,consulta externa,nuevas en personas de 5 a 14 anos,2006-10-01,8,13,8,13,21
HUANUNI,consulta externa,nuevas en personas de 5 a 14 anos,2006-10-01,66,105,66,105,171
HUARACAJE,consulta externa,nuevas en personas de 5 a 14 anos,2006-10-01,12,19,12,19,31
HUAYLLAMARCA,consulta externa,nuevas en personas de 5 a 14 anos,2006-10-01,11,17,11,17,28
ICHOCA,consulta externa,nuevas en personas de 5 a 14 anos,2006-10-01,14,14,14,14,28
ICLA,consulta externa,nuevas en personas de 5 a 14 anos,2006-10-01,41,66,41,66,107
INCAHUASI,consulta externa,nuevas en personas de 5 a 14 anos,2006-10-01,125,129,125,129,254
INGAVI (HUMAITA),consulta externa,nuevas en personas de 5 a 14 anos,2006-10-01,29,30,29,30,59
INQUISIVI,consulta externa,nuevas en personas de 5 a 14 anos,2006-10-01,58,33,58,33,91
IRUPANA (VILLA DE LANZA),consulta externa,nuevas en personas de 5 a 14 anos,2006-10-01,85,92,85,92,177
IXIAMAS,consulta externa,nuevas en personas de 5 a 14 anos,2006-10-01,83,82,83,82,165
JESUS DE MACHACA,consulta externa,nuevas en personas de 5 a 14 anos,2006-10-01,39,45,39,45,84
LA ASUNTA,consulta externa,nuevas en personas de 5 a 14 anos,2006-10-01,79,70,79,70,149
LA GUARDIA,consulta externa,nuevas en personas de 5 a 14 anos,2006-10-01,172,141,172,141,313
LA PAZ,consulta externa,nuevas en personas de 5 a 14 anos,2006-10-01,6637,6425,6637,6425,13062
LA RIVERA,consulta externa,nuevas en personas de 5 a 14 anos,2006-10-01,1,3,1,3,4
LAGUNILLAS,consulta externa,nuevas en personas de 5 a 14 anos,2006-10-01,87,159,87,159,246
LAJA,consulta externa,nuevas en personas de 5 a 14 anos,2006-10-01,33,31,33,31,64
LAS CARRERAS,consulta externa,nuevas en personas de 5 a 14 anos,2006-10-01,22,27,22,27,49
LICOMA PAMPA,consulta externa,nuevas en personas de 5 a 14 anos,2006-10-01,12,16,12,16,28
LLALLAGUA,consulta externa,nuevas en personas de 5 a 14 anos,2006-10-01,164,152,164,152,316
LLICA,consulta externa,nuevas en personas de 5 a 14 anos,2006-10-01,28,35,28,35,63
LORETO,consulta externa,nuevas en personas de 5 a 14 anos,2006-10-01,19,16,19,16,35
LURIBAY,consulta externa,nuevas en personas de 5 a 14 anos,2006-10-01,39,45,39,45,84
MACHACAMARCA,consulta externa,nuevas en personas de 5 a 14 anos,2006-10-01,14,14,14,14,28
MACHARETI,consulta externa,nuevas en personas de 5 a 14 anos,2006-10-01,122,117,122,117,239
MAGDALENA,consulta externa,nuevas en personas de 5 a 14 anos,2006-10-01,64,67,64,67,131
MAIRANA,consulta externa,nuevas en personas de 5 a 14 anos,2006-10-01,73,61,73,61,134
MALLA,consulta externa,nuevas en personas de 5 a 14 anos,2006-10-01,58,50,58,50,108
MAPIRI,consulta externa,nuevas en personas de 5 a 14 anos,2006-10-01,61,64,61,64,125
MECAPACA,consulta externa,nuevas en personas de 5 a 14 anos,2006-10-01,59,65,59,65,124
MINEROS,consulta externa,nuevas en personas de 5 a 14 anos,2006-10-01,24,43,24,43,67
MIZQUE,consulta externa,nuevas en personas de 5 a 14 anos,2006-10-01,43,47,43,47,90
MOCOMOCO,consulta externa,nuevas en personas de 5 a 14 anos,2006-10-01,47,70,47,70,117
MOJINETE,consulta externa,nuevas en personas de 5 a 14 anos,2006-10-01,2,4,2,4,6
MOJOCOYA,consulta externa,nuevas en personas de 5 a 14 anos,2006-10-01,58,52,58,52,110
MONTEAGUDO,consulta externa,nuevas en personas de 5 a 14 anos,2006-10-01,409,401,409,401,810
MONTERO,consulta externa,nuevas en personas de 5 a 14 anos,2006-10-01,1316,1165,1316,1165,2481
MORO MORO,consulta externa,nuevas en personas de 5 a 14 anos,2006-10-01,24,27,24,27,51
MOROCHATA,consulta externa,nuevas en personas de 5 a 14 anos,2006-10-01,43,30,43,30,73
NACEBE (SANTA ROSA DEL ABUNA),consulta externa,nuevas en personas de 5 a 14 anos,2006-10-01,1,1,1,1,2
NUEVO MANOA (NUEVA ESPERANZA),consulta externa,nuevas en personas de 5 a 14 anos,2006-10-01,38,38,38,38,76
OCURI,consulta externa,nuevas en personas de 5 a 14 anos,2006-10-01,177,157,177,157,334
OKINAWA,consulta externa,nuevas en personas de 5 a 14 anos,2006-10-01,134,159,134,159,293
OMEREQUE,consulta externa,nuevas en personas de 5 a 14 anos,2006-10-01,36,29,36,29,65
ORURO,consulta externa,nuevas en personas de 5 a 14 anos,2006-10-01,2353,2339,2353,2339,4692
PADCAYA,consulta externa,nuevas en personas de 5 a 14 anos,2006-10-01,365,306,365,306,671
PADILLA,consulta externa,nuevas en personas de 5 a 14 anos,2006-10-01,105,99,105,99,204
PAILON,consulta externa,nuevas en personas de 5 a 14 anos,2006-10-01,47,69,47,69,116
PALCA,consulta externa,nuevas en personas de 5 a 14 anos,2006-10-01,27,30,27,30,57
PALOS BLANCOS,consulta externa,nuevas en personas de 5 a 14 anos,2006-10-01,186,165,186,165,351
PAMPA AULLAGAS,consulta externa,nuevas en personas de 5 a 14 anos,2006-10-01,9,14,9,14,23
PAMPA GRANDE,consulta externa,nuevas en personas de 5 a 14 anos,2006-10-01,30,41,30,41,71
PAPEL PAMPA,consulta externa,nuevas en personas de 5 a 14 anos,2006-10-01,37,39,37,39,76
PASORAPA,consulta externa,nuevas en personas de 5 a 14 anos,2006-10-01,18,23,18,23,41
PATACAMAYA,consulta externa,nuevas en personas de 5 a 14 anos,2006-10-01,44,38,44,38,82
PAZÑA,consulta externa,nuevas en personas de 5 a 14 anos,2006-10-01,18,36,18,36,54
PELECHUCO,consulta externa,nuevas en personas de 5 a 14 anos,2006-10-01,31,33,31,33,64
POCOATA,consulta externa,nuevas en personas de 5 a 14 anos,2006-10-01,86,94,86,94,180
POCONA,consulta externa,nuevas en personas de 5 a 14 anos,2006-10-01,48,41,48,41,89
POJO (CBBA),consulta externa,nuevas en personas de 5 a 14 anos,2006-10-01,19,18,19,18,37
POOPO,consulta externa,nuevas en personas de 5 a 14 anos,2006-10-01,32,17,32,17,49
PORCO,consulta externa,nuevas en personas de 5 a 14 anos,2006-10-01,29,26,29,26,55
POROMA,consulta externa,nuevas en personas de 5 a 14 anos,2006-10-01,175,171,175,171,346
PORONGO,consulta externa,nuevas en personas de 5 a 14 anos,2006-10-01,89,71,89,71,160
PORTACHUELO,consulta externa,nuevas en personas de 5 a 14 anos,2006-10-01,122,122,122,122,244
PORVENIR,consulta externa,nuevas en personas de 5 a 14 anos,2006-10-01,96,96,96,96,192
POSTRER VALLE,consulta externa,nuevas en personas de 5 a 14 anos,2006-10-01,7,8,7,8,15
POTOSI,consulta externa,nuevas en personas de 5 a 14 anos,2006-10-01,1240,1213,1240,1213,2453
PRESTO,consulta externa,nuevas en personas de 5 a 14 anos,2006-10-01,50,42,50,42,92
PUCARA,consulta externa,nuevas en personas de 5 a 14 anos,2006-10-01,33,49,33,49,82
PUCARANI,consulta externa,nuevas en personas de 5 a 14 anos,2006-10-01,66,52,66,52,118
PUERTO ACOSTA,consulta externa,nuevas en personas de 5 a 14 anos,2006-10-01,117,141,117,141,258
PUERTO CARABUCO,consulta externa,nuevas en personas de 5 a 14 anos,2006-10-01,86,70,86,70,156
PUERTO GONZALO MORENO,consulta externa,nuevas en personas de 5 a 14 anos,2006-10-01,58,41,58,41,99
PUERTO PEREZ,consulta externa,nuevas en personas de 5 a 14 anos,2006-10-01,28,29,28,29,57
PUERTO QUIJARRO,consulta externa,nuevas en personas de 5 a 14 anos,2006-10-01,154,83,154,83,237
PUERTO RICO,consulta externa,nuevas en personas de 5 a 14 anos,2006-10-01,35,42,35,42,77
PUERTO SILES,consulta externa,nuevas en personas de 5 a 14 anos,2006-10-01,48,43,48,43,91
PUERTO SUAREZ,consulta externa,nuevas en personas de 5 a 14 anos,2006-10-01,91,92,91,92,183
PUERTO VILLARROEL,consulta externa,nuevas en personas de 5 a 14 anos,2006-10-01,433,351,433,351,784
PUNA,consulta externa,nuevas en personas de 5 a 14 anos,2006-10-01,192,184,192,184,376
PUNATA,consulta externa,nuevas en personas de 5 a 14 anos,2006-10-01,129,140,129,140,269
QUIABAYA,consulta externa,nuevas en personas de 5 a 14 anos,2006-10-01,18,16,18,16,34
QUILLACOLLO,consulta externa,nuevas en personas de 5 a 14 anos,2006-10-01,115,111,115,111,226
QUIME,consulta externa,nuevas en personas de 5 a 14 anos,2006-10-01,48,47,48,47,95
QUIRUSILLAS,consulta externa,nuevas en personas de 5 a 14 anos,2006-10-01,8,13,8,13,21
RAVELO,consulta externa,nuevas en personas de 5 a 14 anos,2006-10-01,109,127,109,127,236
REYES,consulta externa,nuevas en personas de 5 a 14 anos,2006-10-01,81,79,81,79,160
RIBERALTA,consulta externa,nuevas en personas de 5 a 14 anos,2006-10-01,593,714,593,714,1307
ROBORE,consulta externa,nuevas en personas de 5 a 14 anos,2006-10-01,102,62,102,62,164
RURRENABAQUE,consulta externa,nuevas en personas de 5 a 14 anos,2006-10-01,91,123,91,123,214
SABAYA,consulta externa,nuevas en personas de 5 a 14 anos,2006-10-01,14,10,14,10,24
SACABA,consulta externa,nuevas en personas de 5 a 14 anos,2006-10-01,251,236,251,236,487
SACABAMBA,consulta externa,nuevas en personas de 5 a 14 anos,2006-10-01,35,21,35,21,56
SACACA,consulta externa,nuevas en personas de 5 a 14 anos,2006-10-01,87,92,87,92,179
SAIPINA,consulta externa,nuevas en personas de 5 a 14 anos,2006-10-01,67,86,67,86,153
SALINAS DE GARCI MENDOZA,consulta externa,nuevas en personas de 5 a 14 anos,2006-10-01,30,41,30,41,71
SAMAIPATA,consulta externa,nuevas en personas de 5 a 14 anos,2006-10-01,57,54,57,54,111
SAN AGUSTIN,consulta externa,nuevas en personas de 5 a 14 anos,2006-10-01,16,12,16,12,28
SAN ANDRES,consulta externa,nuevas en personas de 5 a 14 anos,2006-10-01,61,64,61,64,125
SAN ANDRES DE MACHACA,consulta externa,nuevas en personas de 5 a 14 anos,2006-10-01,10,20,10,20,30
SAN ANTONIO DE ESMORUCO,consulta externa,nuevas en personas de 5 a 14 anos,2006-10-01,24,29,24,29,53
SAN ANTONIO DE LOMERIO,consulta externa,nuevas en personas de 5 a 14 anos,2006-10-01,24,13,24,13,37
SAN BENITO,consulta externa,nuevas en personas de 5 a 14 anos,2006-10-01,97,102,97,102,199
SAN BORJA,consulta externa,nuevas en personas de 5 a 14 anos,2006-10-01,86,99,86,99,185
SAN BUENA VENTURA,consulta externa,nuevas en personas de 5 a 14 anos,2006-10-01,100,96,100,96,196
SAN CARLOS,consulta externa,nuevas en personas de 5 a 14 anos,2006-10-01,165,173,165,173,338
SAN IGNACIO,consulta externa,nuevas en personas de 5 a 14 anos,2006-10-01,138,118,138,118,256
SAN IGNACIO DE VELASCO,consulta externa,nuevas en personas de 5 a 14 anos,2006-10-01,241,262,241,262,503
SAN JAVIER(BNI),consulta externa,nuevas en personas de 5 a 14 anos,2006-10-01,18,15,18,15,33
SAN JAVIER(STC),consulta externa,nuevas en personas de 5 a 14 anos,2006-10-01,231,217,231,217,448
SAN JOAQUIN,consulta externa,nuevas en personas de 5 a 14 anos,2006-10-01,25,28,25,28,53
SAN JOSE DE CHIQUITOS,consulta externa,nuevas en personas de 5 a 14 anos,2006-10-01,96,93,96,93,189
SAN JUAN DE YAPACANI,consulta externa,nuevas en personas de 5 a 14 anos,2006-10-01,58,55,58,55,113
SAN JULIAN,consulta externa,nuevas en personas de 5 a 14 anos,2006-10-01,448,438,448,438,886
SAN LORENZO(PND),consulta externa,nuevas en personas de 5 a 14 anos,2006-10-01,61,53,61,53,114
SAN LORENZO(TJA),consulta externa,nuevas en personas de 5 a 14 anos,2006-10-01,227,267,227,267,494
SAN LUCAS,consulta externa,nuevas en personas de 5 a 14 anos,2006-10-01,129,138,129,138,267
SAN MATIAS,consulta externa,nuevas en personas de 5 a 14 anos,2006-10-01,33,54,33,54,87
SAN MIGUEL DE VELASCO,consulta externa,nuevas en personas de 5 a 14 anos,2006-10-01,37,39,37,39,76
SAN PABLO DE LIPEZ,consulta externa,nuevas en personas de 5 a 14 anos,2006-10-01,24,30,24,30,54
SAN PEDRO,consulta externa,nuevas en personas de 5 a 14 anos,2006-10-01,141,138,141,138,279
SAN PEDRO DE BUENA VISTA,consulta externa,nuevas en personas de 5 a 14 anos,2006-10-01,55,55,55,55,110
SAN PEDRO DE CURAHUARA,consulta externa,nuevas en personas de 5 a 14 anos,2006-10-01,32,32,32,32,64
SAN PEDRO DE QUEMES,consulta externa,nuevas en personas de 5 a 14 anos,2006-10-01,3,1,3,1,4
SAN PEDRO DE TIQUINA,consulta externa,nuevas en personas de 5 a 14 anos,2006-10-01,14,9,14,9,23
SAN PEDRO(PND),consulta externa,nuevas en personas de 5 a 14 anos,2006-10-01,25,22,25,22,47
SAN RAFAEL,consulta externa,nuevas en personas de 5 a 14 anos,2006-10-01,49,57,49,57,106
SAN RAMON,consulta externa,nuevas en personas de 5 a 14 anos,2006-10-01,49,36,49,36,85
SAN RAMON,consulta externa,nuevas en personas de 5 a 14 anos,2006-10-01,91,94,91,94,185
SANTA ANA,consulta externa,nuevas en personas de 5 a 14 anos,2006-10-01,46,79,46,79,125
SANTA CRUZ DE LA SIERRA,consulta externa,nuevas en personas de 5 a 14 anos,2006-10-01,7905,8255,7905,8255,16160
SANTA ROSA,consulta externa,nuevas en personas de 5 a 14 anos,2006-10-01,72,64,72,64,136
SANTA ROSA DEL SARA,consulta externa,nuevas en personas de 5 a 14 anos,2006-10-01,110,115,110,115,225
SANTIAGO DE CALLAPA,consulta externa,nuevas en personas de 5 a 14 anos,2006-10-01,40,47,40,47,87
SANTIAGO DE HUARI,consulta externa,nuevas en personas de 5 a 14 anos,2006-10-01,35,41,35,41,76
SANTIAGO DE MACHACA,consulta externa,nuevas en personas de 5 a 14 anos,2006-10-01,13,7,13,7,20
SANTIVAÑES,consulta externa,nuevas en personas de 5 a 14 anos,2006-10-01,20,17,20,17,37
SANTUARIO DE QUILLACAS,consulta externa,nuevas en personas de 5 a 14 anos,2006-10-01,27,22,27,22,49
SAPAHAQUI,consulta externa,nuevas en personas de 5 a 14 anos,2006-10-01,46,52,46,52,98
SENA,consulta externa,nuevas en personas de 5 a 14 anos,2006-10-01,11,16,11,16,27
SICA SICA (VILLA AROMA),consulta externa,nuevas en personas de 5 a 14 anos,2006-10-01,30,25,30,25,55
SICAYA,consulta externa,nuevas en personas de 5 a 14 anos,2006-10-01,9,5,9,5,14
SIPE SIPE,consulta externa,nuevas en personas de 5 a 14 anos,2006-10-01,61,58,61,58,119
SOPACHUY,consulta externa,nuevas en personas de 5 a 14 anos,2006-10-01,256,235,256,235,491
SORACACHI,consulta externa,nuevas en personas de 5 a 14 anos,2006-10-01,37,29,37,29,66
SORATA,consulta externa,nuevas en personas de 5 a 14 anos,2006-10-01,52,53,52,53,105
SUCRE,consulta externa,nuevas en personas de 5 a 14 anos,2006-10-01,3134,3000,3134,3000,6134
TACACHI,consulta externa,nuevas en personas de 5 a 14 anos,2006-10-01,3,4,3,4,7
TACACOMA,consulta externa,nuevas en personas de 5 a 14 anos,2006-10-01,14,18,14,18,32
TACOBAMBA,consulta externa,nuevas en personas de 5 a 14 anos,2006-10-01,40,25,40,25,65
TACOPAYA,consulta externa,nuevas en personas de 5 a 14 anos,2006-10-01,34,31,34,31,65
TAHUA,consulta externa,nuevas en personas de 5 a 14 anos,2006-10-01,9,9,9,9,18
TAPACARI,consulta externa,nuevas en personas de 5 a 14 anos,2006-10-01,74,83,74,83,157
TARABUCO,consulta externa,nuevas en personas de 5 a 14 anos,2006-10-01,100,91,100,91,191
TARACO,consulta externa,nuevas en personas de 5 a 14 anos,2006-10-01,11,5,11,5,16
TARATA,consulta externa,nuevas en personas de 5 a 14 anos,2006-10-01,65,67,65,67,132
TARIJA,consulta externa,nuevas en personas de 5 a 14 anos,2006-10-01,1290,1132,1290,1132,2422
TARVITA,consulta externa,nuevas en personas de 5 a 14 anos,2006-10-01,77,69,77,69,146
TEOPONTE,consulta externa,nuevas en personas de 5 a 14 anos,2006-10-01,149,196,149,196,345
TIAWANACU,consulta externa,nuevas en personas de 5 a 14 anos,2006-10-01,97,89,97,89,186
TINGUIPAYA,consulta externa,nuevas en personas de 5 a 14 anos,2006-10-01,89,86,89,86,175
TIPUANI,consulta externa,nuevas en personas de 5 a 14 anos,2006-10-01,39,53,39,53,92
TIQUIPAYA,consulta externa,nuevas en personas de 5 a 14 anos,2006-10-01,139,185,139,185,324
TIRAQUE (CBBA),consulta externa,nuevas en personas de 5 a 14 anos,2006-10-01,147,149,147,149,296
TITO YUPANQUI (PARQUIPUJIO),consulta externa,nuevas en personas de 5 a 14 anos,2006-10-01,8,8,8,8,16
TOCO,consulta externa,nuevas en personas de 5 a 14 anos,2006-10-01,20,17,20,17,37
TODOS SANTOS,consulta externa,nuevas en personas de 5 a 14 anos,2006-10-01,1,2,1,2,3
TOLATA,consulta externa,nuevas en personas de 5 a 14 anos,2006-10-01,6,7,6,7,13
TOLEDO,consulta externa,nuevas en personas de 5 a 14 anos,2006-10-01,45,40,45,40,85
TOMAVE,consulta externa,nuevas en personas de 5 a 14 anos,2006-10-01,44,57,44,57,101
TOMINA,consulta externa,nuevas en personas de 5 a 14 anos,2006-10-01,81,95,81,95,176
TORO TORO,consulta externa,nuevas en personas de 5 a 14 anos,2006-10-01,43,48,43,48,91
TOTORA(CBBA),consulta externa,nuevas en personas de 5 a 14 anos,2006-10-01,13,24,13,24,37
TOTORA(ORR),consulta externa,nuevas en personas de 5 a 14 anos,2006-10-01,32,25,32,25,57
TRIGAL,consulta externa,nuevas en personas de 5 a 14 anos,2006-10-01,8,10,8,10,18
TRINIDAD,consulta externa,nuevas en personas de 5 a 14 anos,2006-10-01,464,489,464,489,953
TUPIZA,consulta externa,nuevas en personas de 5 a 14 anos,2006-10-01,773,869,773,869,1642
TURCO,consulta externa,nuevas en personas de 5 a 14 anos,2006-10-01,20,30,20,30,50
UMALA,consulta externa,nuevas en personas de 5 a 14 anos,2006-10-01,18,12,18,12,30
UNCIA,consulta externa,nuevas en personas de 5 a 14 anos,2006-10-01,157,179,157,179,336
URIONDO (A. CONCEPCION),consulta externa,nuevas en personas de 5 a 14 anos,2006-10-01,77,82,77,82,159
URUBICHA,consulta externa,nuevas en personas de 5 a 14 anos,2006-10-01,31,27,31,27,58
UYUNI,consulta externa,nuevas en personas de 5 a 14 anos,2006-10-01,98,115,98,115,213
VACAS,consulta externa,nuevas en personas de 5 a 14 anos,2006-10-01,41,46,41,46,87
VALLEGRANDE,consulta externa,nuevas en personas de 5 a 14 anos,2006-10-01,280,301,280,301,581
VIACHA,consulta externa,nuevas en personas de 5 a 14 anos,2006-10-01,265,277,265,277,542
VILA VILA,consulta externa,nuevas en personas de 5 a 14 anos,2006-10-01,8,7,8,7,15
VILLA MONTES,consulta externa,nuevas en personas de 5 a 14 anos,2006-10-01,294,286,294,286,580
VILLA NUEVA (LOMA ALTA),consulta externa,nuevas en personas de 5 a 14 anos,2006-10-01,25,40,25,40,65
VILLA RIVERO,consulta externa,nuevas en personas de 5 a 14 anos,2006-10-01,41,33,41,33,74
VILLA SERRANO,consulta externa,nuevas en personas de 5 a 14 anos,2006-10-01,46,33,46,33,79
VILLA TUNARI,consulta externa,nuevas en personas de 5 a 14 anos,2006-10-01,340,318,340,318,658
VILLA VACA GUZMAN (MUYUPAMPA),consulta externa,nuevas en personas de 5 a 14 anos,2006-10-01,164,149,164,149,313
VILLAZON,consulta externa,nuevas en personas de 5 a 14 anos,2006-10-01,323,330,323,330,653
VINTO,consulta externa,nuevas en personas de 5 a 14 anos,2006-10-01,66,68,66,68,134
VITICHI,consulta externa,nuevas en personas de 5 a 14 anos,2006-10-01,85,79,85,79,164
WALDO BALLIVIAN,consulta externa,nuevas en personas de 5 a 14 anos,2006-10-01,12,14,12,14,26
WARNES,consulta externa,nuevas en personas de 5 a 14 anos,2006-10-01,241,246,241,246,487
YACO,consulta externa,nuevas en personas de 5 a 14 anos,2006-10-01,56,53,56,53,109
YACUIBA,consulta externa,nuevas en personas de 5 a 14 anos,2006-10-01,752,759,752,759,1511
YAMPARAEZ,consulta externa,nuevas en personas de 5 a 14 anos,2006-10-01,32,35,32,35,67
YANACACHI,consulta externa,nuevas en personas de 5 a 14 anos,2006-10-01,40,29,40,29,69
YAPACANI,consulta externa,nuevas en personas de 5 a 14 anos,2006-10-01,397,324,397,324,721
YOCALLA,consulta externa,nuevas en personas de 5 a 14 anos,2006-10-01,51,31,51,31,82
YOTALA,consulta externa,nuevas en personas de 5 a 14 anos,2006-10-01,19,27,19,27,46
YUNCHARA,consulta externa,nuevas en personas de 5 a 14 anos,2006-10-01,63,70,63,70,133
ZUDAÑEZ,consulta externa,nuevas en personas de 5 a 14 anos,2006-10-01,60,48,60,48,108
ACACIO,consulta externa,nuevas en personas de 5 a 14 anos,2006-11-01,142,127,142,127,269
ACHACACHI,consulta externa,nuevas en personas de 5 a 14 anos,2006-11-01,149,120,149,120,269
ACHOCALLA,consulta externa,nuevas en personas de 5 a 14 anos,2006-11-01,33,25,33,25,58
AIQUILE,consulta externa,nuevas en personas de 5 a 14 anos,2006-11-01,116,106,116,106,222
ALCALA,consulta externa,nuevas en personas de 5 a 14 anos,2006-11-01,62,64,62,64,126
ANCORAIMES,consulta externa,nuevas en personas de 5 a 14 anos,2006-11-01,32,22,32,22,54
ANDAMARCA,consulta externa,nuevas en personas de 5 a 14 anos,2006-11-01,18,18,18,18,36
ANTEQUERA,consulta externa,nuevas en personas de 5 a 14 anos,2006-11-01,29,33,29,33,62
ANZALDO,consulta externa,nuevas en personas de 5 a 14 anos,2006-11-01,26,28,26,28,54
APOLO,consulta externa,nuevas en personas de 5 a 14 anos,2006-11-01,65,85,65,85,150
ARAMPAMPA,consulta externa,nuevas en personas de 5 a 14 anos,2006-11-01,34,23,34,23,57
ARANI,consulta externa,nuevas en personas de 5 a 14 anos,2006-11-01,38,29,38,29,67
ARBIETO,consulta externa,nuevas en personas de 5 a 14 anos,2006-11-01,30,25,30,25,55
ARQUE,consulta externa,nuevas en personas de 5 a 14 anos,2006-11-01,106,117,106,117,223
ASCENCION DE GUARAYOS,consulta externa,nuevas en personas de 5 a 14 anos,2006-11-01,130,97,130,97,227
ATOCHA,consulta externa,nuevas en personas de 5 a 14 anos,2006-11-01,236,287,236,287,523
AUCAPATA,consulta externa,nuevas en personas de 5 a 14 anos,2006-11-01,43,36,43,36,79
AYATA,consulta externa,nuevas en personas de 5 a 14 anos,2006-11-01,22,28,22,28,50
AYO AYO,consulta externa,nuevas en personas de 5 a 14 anos,2006-11-01,17,17,17,17,34
AYOPAYA (V. DE INDEPENDENCIA),consulta externa,nuevas en personas de 5 a 14 anos,2006-11-01,82,59,82,59,141
AZURDUY,consulta externa,nuevas en personas de 5 a 14 anos,2006-11-01,139,131,139,131,270
BATALLAS,consulta externa,nuevas en personas de 5 a 14 anos,2006-11-01,30,31,30,31,61
BAURES,consulta externa,nuevas en personas de 5 a 14 anos,2006-11-01,41,49,41,49,90
BELEN DE ANDAMARCA,consulta externa,nuevas en personas de 5 a 14 anos,2006-11-01,7,14,7,14,21
BELEN DE URMIRI,consulta externa,nuevas en personas de 5 a 14 anos,2006-11-01,26,20,26,20,46
BELLA FLOR,consulta externa,nuevas en personas de 5 a 14 anos,2006-11-01,16,20,16,20,36
BERMEJO,consulta externa,nuevas en personas de 5 a 14 anos,2006-11-01,280,294,280,294,574
BETANZOS,consulta externa,nuevas en personas de 5 a 14 anos,2006-11-01,231,186,231,186,417
BOLIVAR,consulta externa,nuevas en personas de 5 a 14 anos,2006-11-01,37,56,37,56,93
BOLPEBRA,consulta externa,nuevas en personas de 5 a 14 anos,2006-11-01,66,53,66,53,119
BOYUIBE,consulta externa,nuevas en personas de 5 a 14 anos,2006-11-01,20,24,20,24,44
BUENA VISTA,consulta externa,nuevas en personas de 5 a 14 anos,2006-11-01,105,83,105,83,188
CABEZAS,consulta externa,nuevas en personas de 5 a 14 anos,2006-11-01,255,251,255,251,506
CAIROMA,consulta externa,nuevas en personas de 5 a 14 anos,2006-11-01,38,27,38,27,65
"CAIZA ""D""",consulta externa,nuevas en personas de 5 a 14 anos,2006-11-01,80,67,80,67,147
CAJUATA,consulta externa,nuevas en personas de 5 a 14 anos,2006-11-01,75,75,75,75,150
CALACOTO,consulta externa,nuevas en personas de 5 a 14 anos,2006-11-01,35,39,35,39,74
CALAMARCA,consulta externa,nuevas en personas de 5 a 14 anos,2006-11-01,19,21,19,21,40
CAMARGO,consulta externa,nuevas en personas de 5 a 14 anos,2006-11-01,66,67,66,67,133
CAMATAQUI (C. VILLA ABECIA),consulta externa,nuevas en personas de 5 a 14 anos,2006-11-01,25,43,25,43,68
CAMIRI,consulta externa,nuevas en personas de 5 a 14 anos,2006-11-01,434,557,434,557,991
CAPINOTA,consulta externa,nuevas en personas de 5 a 14 anos,2006-11-01,60,90,60,90,150
CAQUIAVIRI,consulta externa,nuevas en personas de 5 a 14 anos,2006-11-01,40,34,40,34,74
CARACOLLO,consulta externa,nuevas en personas de 5 a 14 anos,2006-11-01,61,63,61,63,124
CARANAVI,consulta externa,nuevas en personas de 5 a 14 anos,2006-11-01,326,330,326,330,656
CARANGAS,consulta externa,nuevas en personas de 5 a 14 anos,2006-11-01,1,0,1,0,1
CARAPARI,consulta externa,nuevas en personas de 5 a 14 anos,2006-11-01,139,130,139,130,269
CARIPUYO,consulta externa,nuevas en personas de 5 a 14 anos,2006-11-01,24,25,24,25,49
CARMEN RIVERO TORREZ,consulta externa,nuevas en personas de 5 a 14 anos,2006-11-01,7,7,7,7,14
CATACORA,consulta externa,nuevas en personas de 5 a 14 anos,2006-11-01,5,2,5,2,7
CHACARILLA,consulta externa,nuevas en personas de 5 a 14 anos,2006-11-01,0,2,0,2,2
CHALLAPATA,consulta externa,nuevas en personas de 5 a 14 anos,2006-11-01,203,189,203,189,392
CHAQUI,consulta externa,nuevas en personas de 5 a 14 anos,2006-11-01,41,41,41,41,82
CHARAGUA,consulta externa,nuevas en personas de 5 a 14 anos,2006-11-01,121,116,121,116,237
CHARAÑA,consulta externa,nuevas en personas de 5 a 14 anos,2006-11-01,19,20,19,20,39
CHAYANTA,consulta externa,nuevas en personas de 5 a 14 anos,2006-11-01,53,78,53,78,131
CHIMORE,consulta externa,nuevas en personas de 5 a 14 anos,2006-11-01,66,62,66,62,128
CHIPAYA,consulta externa,nuevas en personas de 5 a 14 anos,2006-11-01,5,5,5,5,10
CHOQUE COTA,consulta externa,nuevas en personas de 5 a 14 anos,2006-11-01,51,74,51,74,125
CHULUMANI (V. DE LA LIBERTAD),consulta externa,nuevas en personas de 5 a 14 anos,2006-11-01,78,108,78,108,186
CHUMA,consulta externa,nuevas en personas de 5 a 14 anos,2006-11-01,79,73,79,73,152
CLIZA,consulta externa,nuevas en personas de 5 a 14 anos,2006-11-01,57,46,57,46,103
COBIJA,consulta externa,nuevas en personas de 5 a 14 anos,2006-11-01,384,348,384,348,732
COCHABAMBA,consulta externa,nuevas en personas de 5 a 14 anos,2006-11-01,4260,4024,4260,4024,8284
COIPASA,consulta externa,nuevas en personas de 5 a 14 anos,2006-11-01,4,15,4,15,19
COLCAPIRHUA,consulta externa,nuevas en personas de 5 a 14 anos,2006-11-01,126,156,126,156,282
"COLCHA ""K""",consulta externa,nuevas en personas de 5 a 14 anos,2006-11-01,55,55,55,55,110
COLLANA,consulta externa,nuevas en personas de 5 a 14 anos,2006-11-01,7,6,7,6,13
COLOMI,consulta externa,nuevas en personas de 5 a 14 anos,2006-11-01,88,50,88,50,138
COLPA BELGICA,consulta externa,nuevas en personas de 5 a 14 anos,2006-11-01,61,73,61,73,134
COLQUECHACA,consulta externa,nuevas en personas de 5 a 14 anos,2006-11-01,252,205,252,205,457
COLQUENCHA,consulta externa,nuevas en personas de 5 a 14 anos,2006-11-01,37,45,37,45,82
COLQUIRI,consulta externa,nuevas en personas de 5 a 14 anos,2006-11-01,55,44,55,44,99
COMANCHE,consulta externa,nuevas en personas de 5 a 14 anos,2006-11-01,11,12,11,12,23
COMARAPA,consulta externa,nuevas en personas de 5 a 14 anos,2006-11-01,148,130,148,130,278
COMBAYA,consulta externa,nuevas en personas de 5 a 14 anos,2006-11-01,18,10,18,10,28
CONCEPCION,consulta externa,nuevas en personas de 5 a 14 anos,2006-11-01,32,21,32,21,53
COPACABANA,consulta externa,nuevas en personas de 5 a 14 anos,2006-11-01,79,69,79,69,148
CORIPATA,consulta externa,nuevas en personas de 5 a 14 anos,2006-11-01,64,64,64,64,128
CORO CORO,consulta externa,nuevas en personas de 5 a 14 anos,2006-11-01,50,58,50,58,108
COROICO,consulta externa,nuevas en personas de 5 a 14 anos,2006-11-01,163,169,163,169,332
CORQUE,consulta externa,nuevas en personas de 5 a 14 anos,2006-11-01,60,67,60,67,127
COTAGAITA,consulta externa,nuevas en personas de 5 a 14 anos,2006-11-01,215,230,215,230,445
COTOCA,consulta externa,nuevas en personas de 5 a 14 anos,2006-11-01,99,65,99,65,164
CUATRO CAÑADAS,consulta externa,nuevas en personas de 5 a 14 anos,2006-11-01,102,103,102,103,205
CUCHUMUELA (V. G. VILLARROEL),consulta externa,nuevas en personas de 5 a 14 anos,2006-11-01,7,4,7,4,11
CUEVO,consulta externa,nuevas en personas de 5 a 14 anos,2006-11-01,47,34,47,34,81
CULPINA,consulta externa,nuevas en personas de 5 a 14 anos,2006-11-01,174,145,174,145,319
CURAHUARA DE CARANGAS,consulta externa,nuevas en personas de 5 a 14 anos,2006-11-01,37,67,37,67,104
CURVA,consulta externa,nuevas en personas de 5 a 14 anos,2006-11-01,3,4,3,4,7
DESAGUADERO,consulta externa,nuevas en personas de 5 a 14 anos,2006-11-01,26,13,26,13,39
EL ALTO,consulta externa,nuevas en personas de 5 a 14 anos,2006-11-01,4345,4316,4345,4316,8661
EL CHORO,consulta externa,nuevas en personas de 5 a 14 anos,2006-11-01,39,14,39,14,53
EL PUENTE(STC),consulta externa,nuevas en personas de 5 a 14 anos,2006-11-01,157,172,157,172,329
EL PUENTE(TJA),consulta externa,nuevas en personas de 5 a 14 anos,2006-11-01,69,94,69,94,163
EL TORNO,consulta externa,nuevas en personas de 5 a 14 anos,2006-11-01,214,220,214,220,434
EL VILLAR,consulta externa,nuevas en personas de 5 a 14 anos,2006-11-01,34,36,34,36,70
ENTRE RIOS,consulta externa,nuevas en personas de 5 a 14 anos,2006-11-01,229,232,229,232,461
ENTRE RIOS,consulta externa,nuevas en personas de 5 a 14 anos,2006-11-01,112,92,112,92,204
ESCARA,consulta externa,nuevas en personas de 5 a 14 anos,2006-11-01,1,1,1,1,2
ESMERALDA,consulta externa,nuevas en personas de 5 a 14 anos,2006-11-01,2,2,2,2,4
EUCALIPTUS,consulta externa,nuevas en personas de 5 a 14 anos,2006-11-01,57,32,57,32,89
EUREKA (SANTOS MERCADO),consulta externa,nuevas en personas de 5 a 14 anos,2006-11-01,40,47,40,47,87
EXALTACION,consulta externa,nuevas en personas de 5 a 14 anos,2006-11-01,30,29,30,29,59
FERNANDEZ ALONSO,consulta externa,nuevas en personas de 5 a 14 anos,2006-11-01,160,132,160,132,292
FILADELFIA,consulta externa,nuevas en personas de 5 a 14 anos,2006-11-01,80,73,80,73,153
GENERAL SAAVEDRA,consulta externa,nuevas en personas de 5 a 14 anos,2006-11-01,130,159,130,159,289
GRAL. J.J. PEREZ (CHARAZANI),consulta externa,nuevas en personas de 5 a 14 anos,2006-11-01,20,25,20,25,45
GUANAY,consulta externa,nuevas en personas de 5 a 14 anos,2006-11-01,87,86,87,86,173
GUAQUI,consulta externa,nuevas en personas de 5 a 14 anos,2006-11-01,20,24,20,24,44
GUAYARAMERIN,consulta externa,nuevas en personas de 5 a 14 anos,2006-11-01,310,346,310,346,656
GUTIERREZ,consulta externa,nuevas en personas de 5 a 14 anos,2006-11-01,103,124,103,124,227
HUACARETA,consulta externa,nuevas en personas de 5 a 14 anos,2006-11-01,94,100,94,100,194
HUACAYA (VILLA DE HUACAYA),consulta externa,nuevas en personas de 5 a 14 anos,2006-11-01,26,45,26,45,71
HUACHACALLA,consulta externa,nuevas en personas de 5 a 14 anos,2006-11-01,32,29,32,29,61
HUANUNI,consulta externa,nuevas en personas de 5 a 14 anos,2006-11-01,130,138,130,138,268
HUARACAJE,consulta externa,nuevas en personas de 5 a 14 anos,2006-11-01,25,13,25,13,38
HUAYLLAMARCA,consulta externa,nuevas en personas de 5 a 14 anos,2006-11-01,46,66,46,66,112
ICHOCA,consulta externa,nuevas en personas de 5 a 14 anos,2006-11-01,24,19,24,19,43
ICLA,consulta externa,nuevas en personas de 5 a 14 anos,2006-11-01,64,59,64,59,123
INCAHUASI,consulta externa,nuevas en personas de 5 a 14 anos,2006-11-01,196,188,196,188,384
INGAVI (HUMAITA),consulta externa,nuevas en personas de 5 a 14 anos,2006-11-01,9,7,9,7,16
INQUISIVI,consulta externa,nuevas en personas de 5 a 14 anos,2006-11-01,65,92,65,92,157
IRUPANA (VILLA DE LANZA),consulta externa,nuevas en personas de 5 a 14 anos,2006-11-01,84,87,84,87,171
IXIAMAS,consulta externa,nuevas en personas de 5 a 14 anos,2006-11-01,113,100,113,100,213
JESUS DE MACHACA,consulta externa,nuevas en personas de 5 a 14 anos,2006-11-01,47,42,47,42,89
LA ASUNTA,consulta externa,nuevas en personas de 5 a 14 anos,2006-11-01,96,73,96,73,169
LA GUARDIA,consulta externa,nuevas en personas de 5 a 14 anos,2006-11-01,167,125,167,125,292
LA PAZ,consulta externa,nuevas en personas de 5 a 14 anos,2006-11-01,6509,6537,6509,6537,13046
LAGUNILLAS,consulta externa,nuevas en personas de 5 a 14 anos,2006-11-01,99,108,99,108,207
LAJA,consulta externa,nuevas en personas de 5 a 14 anos,2006-11-01,27,19,27,19,46
LAS CARRERAS,consulta externa,nuevas en personas de 5 a 14 anos,2006-11-01,25,32,25,32,57
LICOMA PAMPA,consulta externa,nuevas en personas de 5 a 14 anos,2006-11-01,20,22,20,22,42
LLALLAGUA,consulta externa,nuevas en personas de 5 a 14 anos,2006-11-01,140,159,140,159,299
LLICA,consulta externa,nuevas en personas de 5 a 14 anos,2006-11-01,37,27,37,27,64
LORETO,consulta externa,nuevas en personas de 5 a 14 anos,2006-11-01,67,74,67,74,141
LURIBAY,consulta externa,nuevas en personas de 5 a 14 anos,2006-11-01,51,50,51,50,101
MACHACAMARCA,consulta externa,nuevas en personas de 5 a 14 anos,2006-11-01,24,12,24,12,36
MACHARETI,consulta externa,nuevas en personas de 5 a 14 anos,2006-11-01,97,133,97,133,230
MAGDALENA,consulta externa,nuevas en personas de 5 a 14 anos,2006-11-01,68,43,68,43,111
MAIRANA,consulta externa,nuevas en personas de 5 a 14 anos,2006-11-01,60,46,60,46,106
MALLA,consulta externa,nuevas en personas de 5 a 14 anos,2006-11-01,54,46,54,46,100
MAPIRI,consulta externa,nuevas en personas de 5 a 14 anos,2006-11-01,73,78,73,78,151
MECAPACA,consulta externa,nuevas en personas de 5 a 14 anos,2006-11-01,116,94,116,94,210
MINEROS,consulta externa,nuevas en personas de 5 a 14 anos,2006-11-01,43,32,43,32,75
MIZQUE,consulta externa,nuevas en personas de 5 a 14 anos,2006-11-01,51,40,51,40,91
MOCOMOCO,consulta externa,nuevas en personas de 5 a 14 anos,2006-11-01,88,71,88,71,159
MOJINETE,consulta externa,nuevas en personas de 5 a 14 anos,2006-11-01,10,17,10,17,27
MOJOCOYA,consulta externa,nuevas en personas de 5 a 14 anos,2006-11-01,195,181,195,181,376
MONTEAGUDO,consulta externa,nuevas en personas de 5 a 14 anos,2006-11-01,551,552,551,552,1103
MONTERO,consulta externa,nuevas en personas de 5 a 14 anos,2006-11-01,890,935,890,935,1825
MORO MORO,consulta externa,nuevas en personas de 5 a 14 anos,2006-11-01,14,13,14,13,27
MOROCHATA,consulta externa,nuevas en personas de 5 a 14 anos,2006-11-01,37,62,37,62,99
NACEBE (SANTA ROSA DEL ABUNA),consulta externa,nuevas en personas de 5 a 14 anos,2006-11-01,36,34,36,34,70
NUEVO MANOA (NUEVA ESPERANZA),consulta externa,nuevas en personas de 5 a 14 anos,2006-11-01,15,26,15,26,41
OCURI,consulta externa,nuevas en personas de 5 a 14 anos,2006-11-01,74,63,74,63,137
OKINAWA,consulta externa,nuevas en personas de 5 a 14 anos,2006-11-01,157,220,157,220,377
OMEREQUE,consulta externa,nuevas en personas de 5 a 14 anos,2006-11-01,36,34,36,34,70
ORURO,consulta externa,nuevas en personas de 5 a 14 anos,2006-11-01,2155,2213,2155,2213,4368
PADCAYA,consulta externa,nuevas en personas de 5 a 14 anos,2006-11-01,278,255,278,255,533
PADILLA,consulta externa,nuevas en personas de 5 a 14 anos,2006-11-01,72,121,72,121,193
PAILON,consulta externa,nuevas en personas de 5 a 14 anos,2006-11-01,55,56,55,56,111
PALCA,consulta externa,nuevas en personas de 5 a 14 anos,2006-11-01,60,39,60,39,99
PALOS BLANCOS,consulta externa,nuevas en personas de 5 a 14 anos,2006-11-01,202,155,202,155,357
PAMPA AULLAGAS,consulta externa,nuevas en personas de 5 a 14 anos,2006-11-01,28,23,28,23,51
PAMPA GRANDE,consulta externa,nuevas en personas de 5 a 14 anos,2006-11-01,36,36,36,36,72
PAPEL PAMPA,consulta externa,nuevas en personas de 5 a 14 anos,2006-11-01,22,30,22,30,52
PASORAPA,consulta externa,nuevas en personas de 5 a 14 anos,2006-11-01,3,3,3,3,6
PATACAMAYA,consulta externa,nuevas en personas de 5 a 14 anos,2006-11-01,57,41,57,41,98
PAZÑA,consulta externa,nuevas en personas de 5 a 14 anos,2006-11-01,41,32,41,32,73
PELECHUCO,consulta externa,nuevas en personas de 5 a 14 anos,2006-11-01,43,31,43,31,74
POCOATA,consulta externa,nuevas en personas de 5 a 14 anos,2006-11-01,113,112,113,112,225
POCONA,consulta externa,nuevas en personas de 5 a 14 anos,2006-11-01,52,53,52,53,105
POJO (CBBA),consulta externa,nuevas en personas de 5 a 14 anos,2006-11-01,34,26,34,26,60
POOPO,consulta externa,nuevas en personas de 5 a 14 anos,2006-11-01,12,21,12,21,33
PORCO,consulta externa,nuevas en personas de 5 a 14 anos,2006-11-01,26,23,26,23,49
POROMA,consulta externa,nuevas en personas de 5 a 14 anos,2006-11-01,169,185,169,185,354
PORONGO,consulta externa,nuevas en personas de 5 a 14 anos,2006-11-01,71,47,71,47,118
PORTACHUELO,consulta externa,nuevas en personas de 5 a 14 anos,2006-11-01,130,143,130,143,273
PORVENIR,consulta externa,nuevas en personas de 5 a 14 anos,2006-11-01,93,75,93,75,168
POSTRER VALLE,consulta externa,nuevas en personas de 5 a 14 anos,2006-11-01,25,17,25,17,42
POTOSI,consulta externa,nuevas en personas de 5 a 14 anos,2006-11-01,1309,1275,1309,1275,2584
PRESTO,consulta externa,nuevas en personas de 5 a 14 anos,2006-11-01,112,112,112,112,224
PUCARA,consulta externa,nuevas en personas de 5 a 14 anos,2006-11-01,16,13,16,13,29
PUCARANI,consulta externa,nuevas en personas de 5 a 14 anos,2006-11-01,76,67,76,67,143
PUERTO ACOSTA,consulta externa,nuevas en personas de 5 a 14 anos,2006-11-01,104,88,104,88,192
PUERTO CARABUCO,consulta externa,nuevas en personas de 5 a 14 anos,2006-11-01,107,102,107,102,209
PUERTO GONZALO MORENO,consulta externa,nuevas en personas de 5 a 14 anos,2006-11-01,63,46,63,46,109
PUERTO PEREZ,consulta externa,nuevas en personas de 5 a 14 anos,2006-11-01,15,18,15,18,33
PUERTO QUIJARRO,consulta externa,nuevas en personas de 5 a 14 anos,2006-11-01,146,114,146,114,260
PUERTO RICO,consulta externa,nuevas en personas de 5 a 14 anos,2006-11-01,29,29,29,29,58
PUERTO SILES,consulta externa,nuevas en personas de 5 a 14 anos,2006-11-01,8,12,8,12,20
PUERTO SUAREZ,consulta externa,nuevas en personas de 5 a 14 anos,2006-11-01,88,78,88,78,166
PUERTO VILLARROEL,consulta externa,nuevas en personas de 5 a 14 anos,2006-11-01,440,328,440,328,768
PUNA,consulta externa,nuevas en personas de 5 a 14 anos,2006-11-01,178,276,178,276,454
PUNATA,consulta externa,nuevas en personas de 5 a 14 anos,2006-11-01,126,124,126,124,250
QUIABAYA,consulta externa,nuevas en personas de 5 a 14 anos,2006-11-01,22,34,22,34,56
QUILLACOLLO,consulta externa,nuevas en personas de 5 a 14 anos,2006-11-01,86,101,86,101,187
QUIME,consulta externa,nuevas en personas de 5 a 14 anos,2006-11-01,46,37,46,37,83
QUIRUSILLAS,consulta externa,nuevas en personas de 5 a 14 anos,2006-11-01,10,7,10,7,17
RAVELO,consulta externa,nuevas en personas de 5 a 14 anos,2006-11-01,119,103,119,103,222
REYES,consulta externa,nuevas en personas de 5 a 14 anos,2006-11-01,44,49,44,49,93
RIBERALTA,consulta externa,nuevas en personas de 5 a 14 anos,2006-11-01,401,480,401,480,881
ROBORE,consulta externa,nuevas en personas de 5 a 14 anos,2006-11-01,99,68,99,68,167
RURRENABAQUE,consulta externa,nuevas en personas de 5 a 14 anos,2006-11-01,54,53,54,53,107
SABAYA,consulta externa,nuevas en personas de 5 a 14 anos,2006-11-01,11,13,11,13,24
SACABA,consulta externa,nuevas en personas de 5 a 14 anos,2006-11-01,262,201,262,201,463
SACABAMBA,consulta externa,nuevas en personas de 5 a 14 anos,2006-11-01,19,16,19,16,35
SACACA,consulta externa,nuevas en personas de 5 a 14 anos,2006-11-01,125,105,125,105,230
SAIPINA,consulta externa,nuevas en personas de 5 a 14 anos,2006-11-01,65,71,65,71,136
SALINAS DE GARCI MENDOZA,consulta externa,nuevas en personas de 5 a 14 anos,2006-11-01,70,90,70,90,160
SAMAIPATA,consulta externa,nuevas en personas de 5 a 14 anos,2006-11-01,34,34,34,34,68
SAN AGUSTIN,consulta externa,nuevas en personas de 5 a 14 anos,2006-11-01,7,11,7,11,18
SAN ANDRES,consulta externa,nuevas en personas de 5 a 14 anos,2006-11-01,53,44,53,44,97
SAN ANDRES DE MACHACA,consulta externa,nuevas en personas de 5 a 14 anos,2006-11-01,34,41,34,41,75
SAN ANTONIO DE ESMORUCO,consulta externa,nuevas en personas de 5 a 14 anos,2006-11-01,12,11,12,11,23
SAN ANTONIO DE LOMERIO,consulta externa,nuevas en personas de 5 a 14 anos,2006-11-01,16,14,16,14,30
SAN BENITO,consulta externa,nuevas en personas de 5 a 14 anos,2006-11-01,81,83,81,83,164
SAN BORJA,consulta externa,nuevas en personas de 5 a 14 anos,2006-11-01,93,94,93,94,187
SAN BUENA VENTURA,consulta externa,nuevas en personas de 5 a 14 anos,2006-11-01,138,119,138,119,257
SAN CARLOS,consulta externa,nuevas en personas de 5 a 14 anos,2006-11-01,117,167,117,167,284
SAN IGNACIO,consulta externa,nuevas en personas de 5 a 14 anos,2006-11-01,165,166,165,166,331
SAN IGNACIO DE VELASCO,consulta externa,nuevas en personas de 5 a 14 anos,2006-11-01,254,279,254,279,533
SAN JAVIER(BNI),consulta externa,nuevas en personas de 5 a 14 anos,2006-11-01,19,17,19,17,36
SAN JAVIER(STC),consulta externa,nuevas en personas de 5 a 14 anos,2006-11-01,170,178,170,178,348
SAN JOAQUIN,consulta externa,nuevas en personas de 5 a 14 anos,2006-11-01,51,27,51,27,78
SAN JOSE DE CHIQUITOS,consulta externa,nuevas en personas de 5 a 14 anos,2006-11-01,110,80,110,80,190
SAN JUAN DE YAPACANI,consulta externa,nuevas en personas de 5 a 14 anos,2006-11-01,67,91,67,91,158
SAN JULIAN,consulta externa,nuevas en personas de 5 a 14 anos,2006-11-01,455,474,455,474,929
SAN LORENZO(PND),consulta externa,nuevas en personas de 5 a 14 anos,2006-11-01,55,76,55,76,131
SAN LORENZO(TJA),consulta externa,nuevas en personas de 5 a 14 anos,2006-11-01,390,421,390,421,811
SAN LUCAS,consulta externa,nuevas en personas de 5 a 14 anos,2006-11-01,182,179,182,179,361
SAN MATIAS,consulta externa,nuevas en personas de 5 a 14 anos,2006-11-01,43,54,43,54,97
SAN MIGUEL DE VELASCO,consulta externa,nuevas en personas de 5 a 14 anos,2006-11-01,47,59,47,59,106
SAN PABLO DE LIPEZ,consulta externa,nuevas en personas de 5 a 14 anos,2006-11-01,58,41,58,41,99
SAN PEDRO,consulta externa,nuevas en personas de 5 a 14 anos,2006-11-01,147,135,147,135,282
SAN PEDRO DE BUENA VISTA,consulta externa,nuevas en personas de 5 a 14 anos,2006-11-01,77,61,77,61,138
SAN PEDRO DE CURAHUARA,consulta externa,nuevas en personas de 5 a 14 anos,2006-11-01,33,29,33,29,62
SAN PEDRO DE QUEMES,consulta externa,nuevas en personas de 5 a 14 anos,2006-11-01,7,1,7,1,8
SAN PEDRO DE TIQUINA,consulta externa,nuevas en personas de 5 a 14 anos,2006-11-01,22,13,22,13,35
SAN PEDRO(PND),consulta externa,nuevas en personas de 5 a 14 anos,2006-11-01,12,11,12,11,23
SAN RAFAEL,consulta externa,nuevas en personas de 5 a 14 anos,2006-11-01,21,23,21,23,44
SAN RAMON,consulta externa,nuevas en personas de 5 a 14 anos,2006-11-01,42,45,42,45,87
SAN RAMON,consulta externa,nuevas en personas de 5 a 14 anos,2006-11-01,127,132,127,132,259
SANTA ANA,consulta externa,nuevas en personas de 5 a 14 anos,2006-11-01,38,69,38,69,107
SANTA CRUZ DE LA SIERRA,consulta externa,nuevas en personas de 5 a 14 anos,2006-11-01,8199,8687,8199,8687,16886
SANTA ROSA,consulta externa,nuevas en personas de 5 a 14 anos,2006-11-01,41,35,41,35,76
SANTA ROSA DEL SARA,consulta externa,nuevas en personas de 5 a 14 anos,2006-11-01,115,168,115,168,283
SANTIAGO DE CALLAPA,consulta externa,nuevas en personas de 5 a 14 anos,2006-11-01,36,39,36,39,75
SANTIAGO DE HUARI,consulta externa,nuevas en personas de 5 a 14 anos,2006-11-01,38,36,38,36,74
SANTIAGO DE MACHACA,consulta externa,nuevas en personas de 5 a 14 anos,2006-11-01,9,9,9,9,18
SANTIVAÑES,consulta externa,nuevas en personas de 5 a 14 anos,2006-11-01,131,123,131,123,254
SANTUARIO DE QUILLACAS,consulta externa,nuevas en personas de 5 a 14 anos,2006-11-01,25,33,25,33,58
SAPAHAQUI,consulta externa,nuevas en personas de 5 a 14 anos,2006-11-01,38,55,38,55,93
SENA,consulta externa,nuevas en personas de 5 a 14 anos,2006-11-01,73,70,73,70,143
SICA SICA (VILLA AROMA),consulta externa,nuevas en personas de 5 a 14 anos,2006-11-01,36,24,36,24,60
SICAYA,consulta externa,nuevas en personas de 5 a 14 anos,2006-11-01,6,15,6,15,21
SIPE SIPE,consulta externa,nuevas en personas de 5 a 14 anos,2006-11-01,65,57,65,57,122
SOPACHUY,consulta externa,nuevas en personas de 5 a 14 anos,2006-11-01,113,123,113,123,236
SORACACHI,consulta externa,nuevas en personas de 5 a 14 anos,2006-11-01,57,60,57,60,117
SORATA,consulta externa,nuevas en personas de 5 a 14 anos,2006-11-01,54,35,54,35,89
SUCRE,consulta externa,nuevas en personas de 5 a 14 anos,2006-11-01,2671,3308,2671,3308,5979
TACACHI,consulta externa,nuevas en personas de 5 a 14 anos,2006-11-01,6,7,6,7,13
TACACOMA,consulta externa,nuevas en personas de 5 a 14 anos,2006-11-01,16,15,16,15,31
TACOBAMBA,consulta externa,nuevas en personas de 5 a 14 anos,2006-11-01,41,37,41,37,78
TACOPAYA,consulta externa,nuevas en personas de 5 a 14 anos,2006-11-01,32,20,32,20,52
TAHUA,consulta externa,nuevas en personas de 5 a 14 anos,2006-11-01,5,3,5,3,8
TAPACARI,consulta externa,nuevas en personas de 5 a 14 anos,2006-11-01,69,64,69,64,133
TARABUCO,consulta externa,nuevas en personas de 5 a 14 anos,2006-11-01,343,285,343,285,628
TARACO,consulta externa,nuevas en personas de 5 a 14 anos,2006-11-01,16,16,16,16,32
TARATA,consulta externa,nuevas en personas de 5 a 14 anos,2006-11-01,27,28,27,28,55
TARIJA,consulta externa,nuevas en personas de 5 a 14 anos,2006-11-01,1006,900,1006,900,1906
TARVITA,consulta externa,nuevas en personas de 5 a 14 anos,2006-11-01,198,187,198,187,385
TEOPONTE,consulta externa,nuevas en personas de 5 a 14 anos,2006-11-01,91,52,91,52,143
TIAWANACU,consulta externa,nuevas en personas de 5 a 14 anos,2006-11-01,36,28,36,28,64
TINGUIPAYA,consulta externa,nuevas en personas de 5 a 14 anos,2006-11-01,96,97,96,97,193
TIPUANI,consulta externa,nuevas en personas de 5 a 14 anos,2006-11-01,53,68,53,68,121
TIQUIPAYA,consulta externa,nuevas en personas de 5 a 14 anos,2006-11-01,125,133,125,133,258
TIRAQUE (CBBA),consulta externa,nuevas en personas de 5 a 14 anos,2006-11-01,156,171,156,171,327
TITO YUPANQUI (PARQUIPUJIO),consulta externa,nuevas en personas de 5 a 14 anos,2006-11-01,5,9,5,9,14
TOCO,consulta externa,nuevas en personas de 5 a 14 anos,2006-11-01,67,53,67,53,120
TOLATA,consulta externa,nuevas en personas de 5 a 14 anos,2006-11-01,8,13,8,13,21
TOLEDO,consulta externa,nuevas en personas de 5 a 14 anos,2006-11-01,70,89,70,89,159
TOMAVE,consulta externa,nuevas en personas de 5 a 14 anos,2006-11-01,64,67,64,67,131
TOMINA,consulta externa,nuevas en personas de 5 a 14 anos,2006-11-01,113,121,113,121,234
TORO TORO,consulta externa,nuevas en personas de 5 a 14 anos,2006-11-01,57,69,57,69,126
TOTORA(CBBA),consulta externa,nuevas en personas de 5 a 14 anos,2006-11-01,27,21,27,21,48
TOTORA(ORR),consulta externa,nuevas en personas de 5 a 14 anos,2006-11-01,17,28,17,28,45
TRIGAL,consulta externa,nuevas en personas de 5 a 14 anos,2006-11-01,20,15,20,15,35
TRINIDAD,consulta externa,nuevas en personas de 5 a 14 anos,2006-11-01,517,542,517,542,1059
TUPIZA,consulta externa,nuevas en personas de 5 a 14 anos,2006-11-01,763,904,763,904,1667
TURCO,consulta externa,nuevas en personas de 5 a 14 anos,2006-11-01,97,89,97,89,186
UMALA,consulta externa,nuevas en personas de 5 a 14 anos,2006-11-01,11,7,11,7,18
UNCIA,consulta externa,nuevas en personas de 5 a 14 anos,2006-11-01,148,148,148,148,296
URIONDO (A. CONCEPCION),consulta externa,nuevas en personas de 5 a 14 anos,2006-11-01,141,123,141,123,264
URUBICHA,consulta externa,nuevas en personas de 5 a 14 anos,2006-11-01,18,24,18,24,42
UYUNI,consulta externa,nuevas en personas de 5 a 14 anos,2006-11-01,131,91,131,91,222
VACAS,consulta externa,nuevas en personas de 5 a 14 anos,2006-11-01,78,80,78,80,158
VALLEGRANDE,consulta externa,nuevas en personas de 5 a 14 anos,2006-11-01,208,230,208,230,438
VIACHA,consulta externa,nuevas en personas de 5 a 14 anos,2006-11-01,290,228,290,228,518
VILA VILA,consulta externa,nuevas en personas de 5 a 14 anos,2006-11-01,6,9,6,9,15
VILLA MONTES,consulta externa,nuevas en personas de 5 a 14 anos,2006-11-01,188,222,188,222,410
VILLA NUEVA (LOMA ALTA),consulta externa,nuevas en personas de 5 a 14 anos,2006-11-01,40,59,40,59,99
VILLA RIVERO,consulta externa,nuevas en personas de 5 a 14 anos,2006-11-01,40,28,40,28,68
VILLA SERRANO,consulta externa,nuevas en personas de 5 a 14 anos,2006-11-01,62,53,62,53,115
VILLA TUNARI,consulta externa,nuevas en personas de 5 a 14 anos,2006-11-01,338,291,338,291,629
VILLA VACA GUZMAN (MUYUPAMPA),consulta externa,nuevas en personas de 5 a 14 anos,2006-11-01,225,209,225,209,434
VILLAZON,consulta externa,nuevas en personas de 5 a 14 anos,2006-11-01,218,218,218,218,436
VINTO,consulta externa,nuevas en personas de 5 a 14 anos,2006-11-01,69,41,69,41,110
VITICHI,consulta externa,nuevas en personas de 5 a 14 anos,2006-11-01,58,71,58,71,129
WALDO BALLIVIAN,consulta externa,nuevas en personas de 5 a 14 anos,2006-11-01,9,13,9,13,22
WARNES,consulta externa,nuevas en personas de 5 a 14 anos,2006-11-01,236,212,236,212,448
YACO,consulta externa,nuevas en personas de 5 a 14 anos,2006-11-01,89,74,89,74,163
YACUIBA,consulta externa,nuevas en personas de 5 a 14 anos,2006-11-01,880,914,880,914,1794
YAMPARAEZ,consulta externa,nuevas en personas de 5 a 14 anos,2006-11-01,37,55,37,55,92
YANACACHI,consulta externa,nuevas en personas de 5 a 14 anos,2006-11-01,50,36,50,36,86
YAPACANI,consulta externa,nuevas en personas de 5 a 14 anos,2006-11-01,313,328,313,328,641
YOCALLA,consulta externa,nuevas en personas de 5 a 14 anos,2006-11-01,64,62,64,62,126
YOTALA,consulta externa,nuevas en personas de 5 a 14 anos,2006-11-01,100,137,100,137,237
YUNCHARA,consulta externa,nuevas en personas de 5 a 14 anos,2006-11-01,55,56,55,56,111
ZUDAÑEZ,consulta externa,nuevas en personas de 5 a 14 anos,2006-11-01,276,263,276,263,539
ACACIO,consulta externa,nuevas en personas de 5 a 14 anos,2006-12-01,38,50,38,50,88
ACHACACHI,consulta externa,nuevas en personas de 5 a 14 anos,2006-12-01,93,92,93,92,185
ACHOCALLA,consulta externa,nuevas en personas de 5 a 14 anos,2006-12-01,63,76,63,76,139
AIQUILE,consulta externa,nuevas en personas de 5 a 14 anos,2006-12-01,91,114,91,114,205
ALCALA,consulta externa,nuevas en personas de 5 a 14 anos,2006-12-01,45,45,45,45,90
ANCORAIMES,consulta externa,nuevas en personas de 5 a 14 anos,2006-12-01,20,16,20,16,36
ANDAMARCA,consulta externa,nuevas en personas de 5 a 14 anos,2006-12-01,58,64,58,64,122
ANTEQUERA,consulta externa,nuevas en personas de 5 a 14 anos,2006-12-01,32,17,32,17,49
ANZALDO,consulta externa,nuevas en personas de 5 a 14 anos,2006-12-01,17,26,17,26,43
APOLO,consulta externa,nuevas en personas de 5 a 14 anos,2006-12-01,59,59,59,59,118
ARAMPAMPA,consulta externa,nuevas en personas de 5 a 14 anos,2006-12-01,13,12,13,12,25
ARANI,consulta externa,nuevas en personas de 5 a 14 anos,2006-12-01,16,16,16,16,32
ARBIETO,consulta externa,nuevas en personas de 5 a 14 anos,2006-12-01,25,22,25,22,47
ARQUE,consulta externa,nuevas en personas de 5 a 14 anos,2006-12-01,34,14,34,14,48
ASCENCION DE GUARAYOS,consulta externa,nuevas en personas de 5 a 14 anos,2006-12-01,74,86,74,86,160
ATOCHA,consulta externa,nuevas en personas de 5 a 14 anos,2006-12-01,175,223,175,223,398
AUCAPATA,consulta externa,nuevas en personas de 5 a 14 anos,2006-12-01,39,28,39,28,67
AYATA,consulta externa,nuevas en personas de 5 a 14 anos,2006-12-01,26,26,26,26,52
AYO AYO,consulta externa,nuevas en personas de 5 a 14 anos,2006-12-01,17,10,17,10,27
AYOPAYA (V. DE INDEPENDENCIA),consulta externa,nuevas en personas de 5 a 14 anos,2006-12-01,75,78,75,78,153
AZURDUY,consulta externa,nuevas en personas de 5 a 14 anos,2006-12-01,88,86,88,86,174
BATALLAS,consulta externa,nuevas en personas de 5 a 14 anos,2006-12-01,31,39,31,39,70
BAURES,consulta externa,nuevas en personas de 5 a 14 anos,2006-12-01,53,66,53,66,119
BELEN DE ANDAMARCA,consulta externa,nuevas en personas de 5 a 14 anos,2006-12-01,13,8,13,8,21
BELEN DE URMIRI,consulta externa,nuevas en personas de 5 a 14 anos,2006-12-01,19,19,19,19,38
BELLA FLOR,consulta externa,nuevas en personas de 5 a 14 anos,2006-12-01,29,34,29,34,63
BERMEJO,consulta externa,nuevas en personas de 5 a 14 anos,2006-12-01,430,466,430,466,896
BETANZOS,consulta externa,nuevas en personas de 5 a 14 anos,2006-12-01,173,187,173,187,360
BOLIVAR,consulta externa,nuevas en personas de 5 a 14 anos,2006-12-01,20,20,20,20,40
BOLPEBRA,consulta externa,nuevas en personas de 5 a 14 anos,2006-12-01,9,5,9,5,14
BOYUIBE,consulta externa,nuevas en personas de 5 a 14 anos,2006-12-01,32,30,32,30,62
BUENA VISTA,consulta externa,nuevas en personas de 5 a 14 anos,2006-12-01,52,72,52,72,124
CABEZAS,consulta externa,nuevas en personas de 5 a 14 anos,2006-12-01,109,76,109,76,185
CAIROMA,consulta externa,nuevas en personas de 5 a 14 anos,2006-12-01,30,24,30,24,54
"CAIZA ""D""",consulta externa,nuevas en personas de 5 a 14 anos,2006-12-01,64,47,64,47,111
CAJUATA,consulta externa,nuevas en personas de 5 a 14 anos,2006-12-01,42,41,42,41,83
CALACOTO,consulta externa,nuevas en personas de 5 a 14 anos,2006-12-01,16,14,16,14,30
CALAMARCA,consulta externa,nuevas en personas de 5 a 14 anos,2006-12-01,30,20,30,20,50
CAMARGO,consulta externa,nuevas en personas de 5 a 14 anos,2006-12-01,135,151,135,151,286
CAMATAQUI (C. VILLA ABECIA),consulta externa,nuevas en personas de 5 a 14 anos,2006-12-01,37,42,37,42,79
CAMIRI,consulta externa,nuevas en personas de 5 a 14 anos,2006-12-01,294,289,294,289,583
CAPINOTA,consulta externa,nuevas en personas de 5 a 14 anos,2006-12-01,53,53,53,53,106
CAQUIAVIRI,consulta externa,nuevas en personas de 5 a 14 anos,2006-12-01,27,20,27,20,47
CARACOLLO,consulta externa,nuevas en personas de 5 a 14 anos,2006-12-01,57,62,57,62,119
CARANAVI,consulta externa,nuevas en personas de 5 a 14 anos,2006-12-01,441,419,441,419,860
CARANGAS,consulta externa,nuevas en personas de 5 a 14 anos,2006-12-01,1,0,1,0,1
CARAPARI,consulta externa,nuevas en personas de 5 a 14 anos,2006-12-01,121,152,121,152,273
CARIPUYO,consulta externa,nuevas en personas de 5 a 14 anos,2006-12-01,26,15,26,15,41
CARMEN RIVERO TORREZ,consulta externa,nuevas en personas de 5 a 14 anos,2006-12-01,11,4,11,4,15
CATACORA,consulta externa,nuevas en personas de 5 a 14 anos,2006-12-01,4,1,4,1,5
CHACARILLA,consulta externa,nuevas en personas de 5 a 14 anos,2006-12-01,3,6,3,6,9
CHALLAPATA,consulta externa,nuevas en personas de 5 a 14 anos,2006-12-01,121,98,121,98,219
CHAQUI,consulta externa,nuevas en personas de 5 a 14 anos,2006-12-01,19,25,19,25,44
CHARAGUA,consulta externa,nuevas en personas de 5 a 14 anos,2006-12-01,90,98,90,98,188
CHARAÑA,consulta externa,nuevas en personas de 5 a 14 anos,2006-12-01,11,12,11,12,23
CHAYANTA,consulta externa,nuevas en personas de 5 a 14 anos,2006-12-01,50,55,50,55,105
CHIMORE,consulta externa,nuevas en personas de 5 a 14 anos,2006-12-01,60,62,60,62,122
CHIPAYA,consulta externa,nuevas en personas de 5 a 14 anos,2006-12-01,8,14,8,14,22
CHOQUE COTA,consulta externa,nuevas en personas de 5 a 14 anos,2006-12-01,12,10,12,10,22
CHULUMANI (V. DE LA LIBERTAD),consulta externa,nuevas en personas de 5 a 14 anos,2006-12-01,93,115,93,115,208
CHUMA,consulta externa,nuevas en personas de 5 a 14 anos,2006-12-01,49,38,49,38,87
CLIZA,consulta externa,nuevas en personas de 5 a 14 anos,2006-12-01,20,45,20,45,65
COBIJA,consulta externa,nuevas en personas de 5 a 14 anos,2006-12-01,191,261,191,261,452
COCHABAMBA,consulta externa,nuevas en personas de 5 a 14 anos,2006-12-01,4134,4083,4134,4083,8217
COIPASA,consulta externa,nuevas en personas de 5 a 14 anos,2006-12-01,6,4,6,4,10
COLCAPIRHUA,consulta externa,nuevas en personas de 5 a 14 anos,2006-12-01,199,169,199,169,368
"COLCHA ""K""",consulta externa,nuevas en personas de 5 a 14 anos,2006-12-01,47,43,47,43,90
COLLANA,consulta externa,nuevas en personas de 5 a 14 anos,2006-12-01,11,13,11,13,24
COLOMI,consulta externa,nuevas en personas de 5 a 14 anos,2006-12-01,61,41,61,41,102
COLPA BELGICA,consulta externa,nuevas en personas de 5 a 14 anos,2006-12-01,40,41,40,41,81
COLQUECHACA,consulta externa,nuevas en personas de 5 a 14 anos,2006-12-01,180,178,180,178,358
COLQUENCHA,consulta externa,nuevas en personas de 5 a 14 anos,2006-12-01,29,43,29,43,72
COLQUIRI,consulta externa,nuevas en personas de 5 a 14 anos,2006-12-01,33,41,33,41,74
COMANCHE,consulta externa,nuevas en personas de 5 a 14 anos,2006-12-01,4,8,4,8,12
COMARAPA,consulta externa,nuevas en personas de 5 a 14 anos,2006-12-01,77,73,77,73,150
COMBAYA,consulta externa,nuevas en personas de 5 a 14 anos,2006-12-01,4,5,4,5,9
CONCEPCION,consulta externa,nuevas en personas de 5 a 14 anos,2006-12-01,78,52,78,52,130
COPACABANA,consulta externa,nuevas en personas de 5 a 14 anos,2006-12-01,39,39,39,39,78
CORIPATA,consulta externa,nuevas en personas de 5 a 14 anos,2006-12-01,45,33,45,33,78
CORO CORO,consulta externa,nuevas en personas de 5 a 14 anos,2006-12-01,30,23,30,23,53
COROICO,consulta externa,nuevas en personas de 5 a 14 anos,2006-12-01,110,536,110,536,646
CORQUE,consulta externa,nuevas en personas de 5 a 14 anos,2006-12-01,20,28,20,28,48
COTAGAITA,consulta externa,nuevas en personas de 5 a 14 anos,2006-12-01,215,257,215,257,472
COTOCA,consulta externa,nuevas en personas de 5 a 14 anos,2006-12-01,65,57,65,57,122
CUATRO CAÑADAS,consulta externa,nuevas en personas de 5 a 14 anos,2006-12-01,112,93,112,93,205
CUCHUMUELA (V. G. VILLARROEL),consulta externa,nuevas en personas de 5 a 14 anos,2006-12-01,3,0,3,0,3
CUEVO,consulta externa,nuevas en personas de 5 a 14 anos,2006-12-01,57,65,57,65,122
CULPINA,consulta externa,nuevas en personas de 5 a 14 anos,2006-12-01,73,73,73,73,146
CURAHUARA DE CARANGAS,consulta externa,nuevas en personas de 5 a 14 anos,2006-12-01,102,127,102,127,229
CURVA,consulta externa,nuevas en personas de 5 a 14 anos,2006-12-01,13,6,13,6,19
DESAGUADERO,consulta externa,nuevas en personas de 5 a 14 anos,2006-12-01,17,17,17,17,34
EL ALTO,consulta externa,nuevas en personas de 5 a 14 anos,2006-12-01,4063,4308,4063,4308,8371
EL CHORO,consulta externa,nuevas en personas de 5 a 14 anos,2006-12-01,23,21,23,21,44
EL PUENTE(STC),consulta externa,nuevas en personas de 5 a 14 anos,2006-12-01,63,56,63,56,119
EL PUENTE(TJA),consulta externa,nuevas en personas de 5 a 14 anos,2006-12-01,111,134,111,134,245
EL TORNO,consulta externa,nuevas en personas de 5 a 14 anos,2006-12-01,220,206,220,206,426
EL VILLAR,consulta externa,nuevas en personas de 5 a 14 anos,2006-12-01,54,34,54,34,88
ENTRE RIOS,consulta externa,nuevas en personas de 5 a 14 anos,2006-12-01,350,317,350,317,667
ENTRE RIOS,consulta externa,nuevas en personas de 5 a 14 anos,2006-12-01,97,86,97,86,183
ESCARA,consulta externa,nuevas en personas de 5 a 14 anos,2006-12-01,1,0,1,0,1
ESMERALDA,consulta externa,nuevas en personas de 5 a 14 anos,2006-12-01,3,3,3,3,6
EUCALIPTUS,consulta externa,nuevas en personas de 5 a 14 anos,2006-12-01,38,27,38,27,65
EUREKA (SANTOS MERCADO),consulta externa,nuevas en personas de 5 a 14 anos,2006-12-01,1,3,1,3,4
EXALTACION,consulta externa,nuevas en personas de 5 a 14 anos,2006-12-01,6,3,6,3,9
FERNANDEZ ALONSO,consulta externa,nuevas en personas de 5 a 14 anos,2006-12-01,131,100,131,100,231
FILADELFIA,consulta externa,nuevas en personas de 5 a 14 anos,2006-12-01,24,11,24,11,35
GENERAL SAAVEDRA,consulta externa,nuevas en personas de 5 a 14 anos,2006-12-01,146,146,146,146,292
GRAL. J.J. PEREZ (CHARAZANI),consulta externa,nuevas en personas de 5 a 14 anos,2006-12-01,13,21,13,21,34
GUANAY,consulta externa,nuevas en personas de 5 a 14 anos,2006-12-01,85,71,85,71,156
GUAQUI,consulta externa,nuevas en personas de 5 a 14 anos,2006-12-01,6,9,6,9,15
GUAYARAMERIN,consulta externa,nuevas en personas de 5 a 14 anos,2006-12-01,293,305,293,305,598
GUTIERREZ,consulta externa,nuevas en personas de 5 a 14 anos,2006-12-01,98,132,98,132,230
HUACARETA,consulta externa,nuevas en personas de 5 a 14 anos,2006-12-01,129,93,129,93,222
HUACAYA (VILLA DE HUACAYA),consulta externa,nuevas en personas de 5 a 14 anos,2006-12-01,9,6,9,6,15
HUACHACALLA,consulta externa,nuevas en personas de 5 a 14 anos,2006-12-01,19,13,19,13,32
HUANUNI,consulta externa,nuevas en personas de 5 a 14 anos,2006-12-01,173,190,173,190,363
HUARACAJE,consulta externa,nuevas en personas de 5 a 14 anos,2006-12-01,35,36,35,36,71
HUAYLLAMARCA,consulta externa,nuevas en personas de 5 a 14 anos,2006-12-01,11,8,11,8,19
ICHOCA,consulta externa,nuevas en personas de 5 a 14 anos,2006-12-01,10,11,10,11,21
ICLA,consulta externa,nuevas en personas de 5 a 14 anos,2006-12-01,53,57,53,57,110
INCAHUASI,consulta externa,nuevas en personas de 5 a 14 anos,2006-12-01,100,100,100,100,200
INGAVI (HUMAITA),consulta externa,nuevas en personas de 5 a 14 anos,2006-12-01,12,8,12,8,20
INQUISIVI,consulta externa,nuevas en personas de 5 a 14 anos,2006-12-01,60,50,60,50,110
IRUPANA (VILLA DE LANZA),consulta externa,nuevas en personas de 5 a 14 anos,2006-12-01,66,53,66,53,119
IXIAMAS,consulta externa,nuevas en personas de 5 a 14 anos,2006-12-01,63,62,63,62,125
JESUS DE MACHACA,consulta externa,nuevas en personas de 5 a 14 anos,2006-12-01,35,40,35,40,75
LA ASUNTA,consulta externa,nuevas en personas de 5 a 14 anos,2006-12-01,64,64,64,64,128
LA GUARDIA,consulta externa,nuevas en personas de 5 a 14 anos,2006-12-01,197,185,197,185,382
LA PAZ,consulta externa,nuevas en personas de 5 a 14 anos,2006-12-01,5520,5645,5520,5645,11165
LA RIVERA,consulta externa,nuevas en personas de 5 a 14 anos,2006-12-01,3,5,3,5,8
LAGUNILLAS,consulta externa,nuevas en personas de 5 a 14 anos,2006-12-01,52,67,52,67,119
LAJA,consulta externa,nuevas en personas de 5 a 14 anos,2006-12-01,33,29,33,29,62
LAS CARRERAS,consulta externa,nuevas en personas de 5 a 14 anos,2006-12-01,23,11,23,11,34
LICOMA PAMPA,consulta externa,nuevas en personas de 5 a 14 anos,2006-12-01,12,17,12,17,29
LLALLAGUA,consulta externa,nuevas en personas de 5 a 14 anos,2006-12-01,115,117,115,117,232
LLICA,consulta externa,nuevas en personas de 5 a 14 anos,2006-12-01,15,27,15,27,42
LORETO,consulta externa,nuevas en personas de 5 a 14 anos,2006-12-01,15,9,15,9,24
LURIBAY,consulta externa,nuevas en personas de 5 a 14 anos,2006-12-01,36,47,36,47,83
MACHACAMARCA,consulta externa,nuevas en personas de 5 a 14 anos,2006-12-01,25,24,25,24,49
MACHARETI,consulta externa,nuevas en personas de 5 a 14 anos,2006-12-01,93,74,93,74,167
MAGDALENA,consulta externa,nuevas en personas de 5 a 14 anos,2006-12-01,36,38,36,38,74
MAIRANA,consulta externa,nuevas en personas de 5 a 14 anos,2006-12-01,50,49,50,49,99
MALLA,consulta externa,nuevas en personas de 5 a 14 anos,2006-12-01,44,50,44,50,94
MAPIRI,consulta externa,nuevas en personas de 5 a 14 anos,2006-12-01,68,65,68,65,133
MECAPACA,consulta externa,nuevas en personas de 5 a 14 anos,2006-12-01,55,51,55,51,106
MINEROS,consulta externa,nuevas en personas de 5 a 14 anos,2006-12-01,41,37,41,37,78
MIZQUE,consulta externa,nuevas en personas de 5 a 14 anos,2006-12-01,36,41,36,41,77
MOCOMOCO,consulta externa,nuevas en personas de 5 a 14 anos,2006-12-01,67,69,67,69,136
MOJINETE,consulta externa,nuevas en personas de 5 a 14 anos,2006-12-01,3,6,3,6,9
MOJOCOYA,consulta externa,nuevas en personas de 5 a 14 anos,2006-12-01,35,35,35,35,70
MONTEAGUDO,consulta externa,nuevas en personas de 5 a 14 anos,2006-12-01,481,266,481,266,747
MONTERO,consulta externa,nuevas en personas de 5 a 14 anos,2006-12-01,501,613,501,613,1114
MORO MORO,consulta externa,nuevas en personas de 5 a 14 anos,2006-12-01,24,18,24,18,42
MOROCHATA,consulta externa,nuevas en personas de 5 a 14 anos,2006-12-01,28,25,28,25,53
NACEBE (SANTA ROSA DEL ABUNA),consulta externa,nuevas en personas de 5 a 14 anos,2006-12-01,19,23,19,23,42
NAZACARA DE PACAJES,consulta externa,nuevas en personas de 5 a 14 anos,2006-12-01,1,0,1,0,1
NUEVO MANOA (NUEVA ESPERANZA),consulta externa,nuevas en personas de 5 a 14 anos,2006-12-01,3,6,3,6,9
OCURI,consulta externa,nuevas en personas de 5 a 14 anos,2006-12-01,50,49,50,49,99
OKINAWA,consulta externa,nuevas en personas de 5 a 14 anos,2006-12-01,103,120,103,120,223
OMEREQUE,consulta externa,nuevas en personas de 5 a 14 anos,2006-12-01,18,30,18,30,48
ORURO,consulta externa,nuevas en personas de 5 a 14 anos,2006-12-01,2242,2619,2242,2619,4861
PADCAYA,consulta externa,nuevas en personas de 5 a 14 anos,2006-12-01,296,358,296,358,654
PADILLA,consulta externa,nuevas en personas de 5 a 14 anos,2006-12-01,142,139,142,139,281
PAILON,consulta externa,nuevas en personas de 5 a 14 anos,2006-12-01,47,48,47,48,95
PALCA,consulta externa,nuevas en personas de 5 a 14 anos,2006-12-01,34,30,34,30,64
PALOS BLANCOS,consulta externa,nuevas en personas de 5 a 14 anos,2006-12-01,166,101,166,101,267
PAMPA AULLAGAS,consulta externa,nuevas en personas de 5 a 14 anos,2006-12-01,34,38,34,38,72
PAMPA GRANDE,consulta externa,nuevas en personas de 5 a 14 anos,2006-12-01,22,27,22,27,49
PAPEL PAMPA,consulta externa,nuevas en personas de 5 a 14 anos,2006-12-01,20,26,20,26,46
PASORAPA,consulta externa,nuevas en personas de 5 a 14 anos,2006-12-01,16,16,16,16,32
PATACAMAYA,consulta externa,nuevas en personas de 5 a 14 anos,2006-12-01,34,40,34,40,74
PAZÑA,consulta externa,nuevas en personas de 5 a 14 anos,2006-12-01,30,37,30,37,67
PELECHUCO,consulta externa,nuevas en personas de 5 a 14 anos,2006-12-01,29,27,29,27,56
POCOATA,consulta externa,nuevas en personas de 5 a 14 anos,2006-12-01,81,55,81,55,136
POCONA,consulta externa,nuevas en personas de 5 a 14 anos,2006-12-01,34,28,34,28,62
POJO (CBBA),consulta externa,nuevas en personas de 5 a 14 anos,2006-12-01,8,15,8,15,23
POOPO,consulta externa,nuevas en personas de 5 a 14 anos,2006-12-01,7,14,7,14,21
PORCO,consulta externa,nuevas en personas de 5 a 14 anos,2006-12-01,23,26,23,26,49
POROMA,consulta externa,nuevas en personas de 5 a 14 anos,2006-12-01,84,67,84,67,151
PORONGO,consulta externa,nuevas en personas de 5 a 14 anos,2006-12-01,78,57,78,57,135
PORTACHUELO,consulta externa,nuevas en personas de 5 a 14 anos,2006-12-01,145,102,145,102,247
PORVENIR,consulta externa,nuevas en personas de 5 a 14 anos,2006-12-01,88,60,88,60,148
POSTRER VALLE,consulta externa,nuevas en personas de 5 a 14 anos,2006-12-01,17,14,17,14,31
POTOSI,consulta externa,nuevas en personas de 5 a 14 anos,2006-12-01,1239,1387,1239,1387,2626
PRESTO,consulta externa,nuevas en personas de 5 a 14 anos,2006-12-01,30,17,30,17,47
PUCARA,consulta externa,nuevas en personas de 5 a 14 anos,2006-12-01,17,20,17,20,37
PUCARANI,consulta externa,nuevas en personas de 5 a 14 anos,2006-12-01,49,58,49,58,107
PUERTO ACOSTA,consulta externa,nuevas en personas de 5 a 14 anos,2006-12-01,47,45,47,45,92
PUERTO CARABUCO,consulta externa,nuevas en personas de 5 a 14 anos,2006-12-01,41,41,41,41,82
PUERTO GONZALO MORENO,consulta externa,nuevas en personas de 5 a 14 anos,2006-12-01,54,49,54,49,103
PUERTO PEREZ,consulta externa,nuevas en personas de 5 a 14 anos,2006-12-01,14,17,14,17,31
PUERTO QUIJARRO,consulta externa,nuevas en personas de 5 a 14 anos,2006-12-01,167,128,167,128,295
PUERTO RICO,consulta externa,nuevas en personas de 5 a 14 anos,2006-12-01,75,65,75,65,140
PUERTO SILES,consulta externa,nuevas en personas de 5 a 14 anos,2006-12-01,3,2,3,2,5
PUERTO SUAREZ,consulta externa,nuevas en personas de 5 a 14 anos,2006-12-01,124,151,124,151,275
PUERTO VILLARROEL,consulta externa,nuevas en personas de 5 a 14 anos,2006-12-01,252,199,252,199,451
PUNA,consulta externa,nuevas en personas de 5 a 14 anos,2006-12-01,149,198,149,198,347
PUNATA,consulta externa,nuevas en personas de 5 a 14 anos,2006-12-01,78,109,78,109,187
QUIABAYA,consulta externa,nuevas en personas de 5 a 14 anos,2006-12-01,29,40,29,40,69
QUILLACOLLO,consulta externa,nuevas en personas de 5 a 14 anos,2006-12-01,176,161,176,161,337
QUIME,consulta externa,nuevas en personas de 5 a 14 anos,2006-12-01,55,49,55,49,104
QUIRUSILLAS,consulta externa,nuevas en personas de 5 a 14 anos,2006-12-01,13,7,13,7,20
RAVELO,consulta externa,nuevas en personas de 5 a 14 anos,2006-12-01,57,52,57,52,109
REYES,consulta externa,nuevas en personas de 5 a 14 anos,2006-12-01,59,75,59,75,134
RIBERALTA,consulta externa,nuevas en personas de 5 a 14 anos,2006-12-01,334,345,334,345,679
ROBORE,consulta externa,nuevas en personas de 5 a 14 anos,2006-12-01,52,47,52,47,99
RURRENABAQUE,consulta externa,nuevas en personas de 5 a 14 anos,2006-12-01,55,41,55,41,96
SABAYA,consulta externa,nuevas en personas de 5 a 14 anos,2006-12-01,62,44,62,44,106
SACABA,consulta externa,nuevas en personas de 5 a 14 anos,2006-12-01,220,226,220,226,446
SACABAMBA,consulta externa,nuevas en personas de 5 a 14 anos,2006-12-01,16,17,16,17,33
SACACA,consulta externa,nuevas en personas de 5 a 14 anos,2006-12-01,69,89,69,89,158
SAIPINA,consulta externa,nuevas en personas de 5 a 14 anos,2006-12-01,49,30,49,30,79
SALINAS DE GARCI MENDOZA,consulta externa,nuevas en personas de 5 a 14 anos,2006-12-01,39,29,39,29,68
SAMAIPATA,consulta externa,nuevas en personas de 5 a 14 anos,2006-12-01,87,68,87,68,155
SAN AGUSTIN,consulta externa,nuevas en personas de 5 a 14 anos,2006-12-01,10,13,10,13,23
SAN ANDRES,consulta externa,nuevas en personas de 5 a 14 anos,2006-12-01,32,44,32,44,76
SAN ANDRES DE MACHACA,consulta externa,nuevas en personas de 5 a 14 anos,2006-12-01,14,13,14,13,27
SAN ANTONIO DE ESMORUCO,consulta externa,nuevas en personas de 5 a 14 anos,2006-12-01,19,21,19,21,40
SAN ANTONIO DE LOMERIO,consulta externa,nuevas en personas de 5 a 14 anos,2006-12-01,18,10,18,10,28
SAN BENITO,consulta externa,nuevas en personas de 5 a 14 anos,2006-12-01,47,53,47,53,100
SAN BORJA,consulta externa,nuevas en personas de 5 a 14 anos,2006-12-01,80,75,80,75,155
SAN BUENA VENTURA,consulta externa,nuevas en personas de 5 a 14 anos,2006-12-01,124,109,124,109,233
SAN CARLOS,consulta externa,nuevas en personas de 5 a 14 anos,2006-12-01,148,191,148,191,339
SAN IGNACIO,consulta externa,nuevas en personas de 5 a 14 anos,2006-12-01,80,88,80,88,168
SAN IGNACIO DE VELASCO,consulta externa,nuevas en personas de 5 a 14 anos,2006-12-01,301,406,301,406,707
SAN JAVIER(BNI),consulta externa,nuevas en personas de 5 a 14 anos,2006-12-01,15,6,15,6,21
SAN JAVIER(STC),consulta externa,nuevas en personas de 5 a 14 anos,2006-12-01,145,168,145,168,313
SAN JOAQUIN,consulta externa,nuevas en personas de 5 a 14 anos,2006-12-01,96,110,96,110,206
SAN JOSE DE CHIQUITOS,consulta externa,nuevas en personas de 5 a 14 anos,2006-12-01,111,89,111,89,200
SAN JUAN DE YAPACANI,consulta externa,nuevas en personas de 5 a 14 anos,2006-12-01,91,83,91,83,174
SAN JULIAN,consulta externa,nuevas en personas de 5 a 14 anos,2006-12-01,338,389,338,389,727
SAN LORENZO(PND),consulta externa,nuevas en personas de 5 a 14 anos,2006-12-01,9,11,9,11,20
SAN LORENZO(TJA),consulta externa,nuevas en personas de 5 a 14 anos,2006-12-01,409,483,409,483,892
SAN LUCAS,consulta externa,nuevas en personas de 5 a 14 anos,2006-12-01,119,108,119,108,227
SAN MATIAS,consulta externa,nuevas en personas de 5 a 14 anos,2006-12-01,21,22,21,22,43
SAN MIGUEL DE VELASCO,consulta externa,nuevas en personas de 5 a 14 anos,2006-12-01,63,63,63,63,126
SAN PABLO DE LIPEZ,consulta externa,nuevas en personas de 5 a 14 anos,2006-12-01,28,28,28,28,56
SAN PEDRO,consulta externa,nuevas en personas de 5 a 14 anos,2006-12-01,128,154,128,154,282
SAN PEDRO DE BUENA VISTA,consulta externa,nuevas en personas de 5 a 14 anos,2006-12-01,43,49,43,49,92
SAN PEDRO DE CURAHUARA,consulta externa,nuevas en personas de 5 a 14 anos,2006-12-01,21,39,21,39,60
SAN PEDRO DE QUEMES,consulta externa,nuevas en personas de 5 a 14 anos,2006-12-01,0,1,0,1,1
SAN PEDRO DE TIQUINA,consulta externa,nuevas en personas de 5 a 14 anos,2006-12-01,15,10,15,10,25
SAN PEDRO(PND),consulta externa,nuevas en personas de 5 a 14 anos,2006-12-01,3,5,3,5,8
SAN RAFAEL,consulta externa,nuevas en personas de 5 a 14 anos,2006-12-01,19,22,19,22,41
SAN RAMON,consulta externa,nuevas en personas de 5 a 14 anos,2006-12-01,45,34,45,34,79
SAN RAMON,consulta externa,nuevas en personas de 5 a 14 anos,2006-12-01,116,74,116,74,190
SANTA ANA,consulta externa,nuevas en personas de 5 a 14 anos,2006-12-01,37,44,37,44,81
SANTA CRUZ DE LA SIERRA,consulta externa,nuevas en personas de 5 a 14 anos,2006-12-01,8437,8086,8437,8086,16523
SANTA ROSA,consulta externa,nuevas en personas de 5 a 14 anos,2006-12-01,48,29,48,29,77
SANTA ROSA DEL SARA,consulta externa,nuevas en personas de 5 a 14 anos,2006-12-01,110,113,110,113,223
SANTIAGO DE CALLAPA,consulta externa,nuevas en personas de 5 a 14 anos,2006-12-01,34,30,34,30,64
SANTIAGO DE HUARI,consulta externa,nuevas en personas de 5 a 14 anos,2006-12-01,29,45,29,45,74
SANTIAGO DE MACHACA,consulta externa,nuevas en personas de 5 a 14 anos,2006-12-01,4,11,4,11,15
SANTIVAÑES,consulta externa,nuevas en personas de 5 a 14 anos,2006-12-01,28,31,28,31,59
SANTUARIO DE QUILLACAS,consulta externa,nuevas en personas de 5 a 14 anos,2006-12-01,13,15,13,15,28
SAPAHAQUI,consulta externa,nuevas en personas de 5 a 14 anos,2006-12-01,18,42,18,42,60
SENA,consulta externa,nuevas en personas de 5 a 14 anos,2006-12-01,50,63,50,63,113
SICA SICA (VILLA AROMA),consulta externa,nuevas en personas de 5 a 14 anos,2006-12-01,26,25,26,25,51
SICAYA,consulta externa,nuevas en personas de 5 a 14 anos,2006-12-01,13,1,13,1,14
SIPE SIPE,consulta externa,nuevas en personas de 5 a 14 anos,2006-12-01,93,44,93,44,137
SOPACHUY,consulta externa,nuevas en personas de 5 a 14 anos,2006-12-01,113,105,113,105,218
SORACACHI,consulta externa,nuevas en personas de 5 a 14 anos,2006-12-01,39,42,39,42,81
SORATA,consulta externa,nuevas en personas de 5 a 14 anos,2006-12-01,54,63,54,63,117
SUCRE,consulta externa,nuevas en personas de 5 a 14 anos,2006-12-01,2275,2154,2275,2154,4429
TACACHI,consulta externa,nuevas en personas de 5 a 14 anos,2006-12-01,1,1,1,1,2
TACACOMA,consulta externa,nuevas en personas de 5 a 14 anos,2006-12-01,20,27,20,27,47
TACOBAMBA,consulta externa,nuevas en personas de 5 a 14 anos,2006-12-01,20,20,20,20,40
TACOPAYA,consulta externa,nuevas en personas de 5 a 14 anos,2006-12-01,42,54,42,54,96
TAHUA,consulta externa,nuevas en personas de 5 a 14 anos,2006-12-01,6,5,6,5,11
TAPACARI,consulta externa,nuevas en personas de 5 a 14 anos,2006-12-01,78,78,78,78,156
TARABUCO,consulta externa,nuevas en personas de 5 a 14 anos,2006-12-01,259,260,259,260,519
TARACO,consulta externa,nuevas en personas de 5 a 14 anos,2006-12-01,12,13,12,13,25
TARATA,consulta externa,nuevas en personas de 5 a 14 anos,2006-12-01,27,30,27,30,57
TARIJA,consulta externa,nuevas en personas de 5 a 14 anos,2006-12-01,1640,1584,1640,1584,3224
TARVITA,consulta externa,nuevas en personas de 5 a 14 anos,2006-12-01,72,81,72,81,153
TEOPONTE,consulta externa,nuevas en personas de 5 a 14 anos,2006-12-01,41,32,41,32,73
TIAWANACU,consulta externa,nuevas en personas de 5 a 14 anos,2006-12-01,19,17,19,17,36
TINGUIPAYA,consulta externa,nuevas en personas de 5 a 14 anos,2006-12-01,53,57,53,57,110
TIPUANI,consulta externa,nuevas en personas de 5 a 14 anos,2006-12-01,28,33,28,33,61
TIQUIPAYA,consulta externa,nuevas en personas de 5 a 14 anos,2006-12-01,108,106,108,106,214
TIRAQUE (CBBA),consulta externa,nuevas en personas de 5 a 14 anos,2006-12-01,198,153,198,153,351
TITO YUPANQUI (PARQUIPUJIO),consulta externa,nuevas en personas de 5 a 14 anos,2006-12-01,3,10,3,10,13
TOCO,consulta externa,nuevas en personas de 5 a 14 anos,2006-12-01,25,15,25,15,40
TODOS SANTOS,consulta externa,nuevas en personas de 5 a 14 anos,2006-12-01,5,7,5,7,12
TOLATA,consulta externa,nuevas en personas de 5 a 14 anos,2006-12-01,9,9,9,9,18
TOLEDO,consulta externa,nuevas en personas de 5 a 14 anos,2006-12-01,54,63,54,63,117
TOMAVE,consulta externa,nuevas en personas de 5 a 14 anos,2006-12-01,53,54,53,54,107
TOMINA,consulta externa,nuevas en personas de 5 a 14 anos,2006-12-01,59,74,59,74,133
TORO TORO,consulta externa,nuevas en personas de 5 a 14 anos,2006-12-01,39,45,39,45,84
TOTORA(CBBA),consulta externa,nuevas en personas de 5 a 14 anos,2006-12-01,23,28,23,28,51
TOTORA(ORR),consulta externa,nuevas en personas de 5 a 14 anos,2006-12-01,27,26,27,26,53
TRIGAL,consulta externa,nuevas en personas de 5 a 14 anos,2006-12-01,8,9,8,9,17
TRINIDAD,consulta externa,nuevas en personas de 5 a 14 anos,2006-12-01,520,536,520,536,1056
TUPIZA,consulta externa,nuevas en personas de 5 a 14 anos,2006-12-01,638,802,638,802,1440
TURCO,consulta externa,nuevas en personas de 5 a 14 anos,2006-12-01,23,21,23,21,44
UMALA,consulta externa,nuevas en personas de 5 a 14 anos,2006-12-01,5,9,5,9,14
UNCIA,consulta externa,nuevas en personas de 5 a 14 anos,2006-12-01,140,110,140,110,250
URIONDO (A. CONCEPCION),consulta externa,nuevas en personas de 5 a 14 anos,2006-12-01,125,151,125,151,276
URUBICHA,consulta externa,nuevas en personas de 5 a 14 anos,2006-12-01,18,19,18,19,37
UYUNI,consulta externa,nuevas en personas de 5 a 14 anos,2006-12-01,50,49,50,49,99
VACAS,consulta externa,nuevas en personas de 5 a 14 anos,2006-12-01,37,38,37,38,75
VALLEGRANDE,consulta externa,nuevas en personas de 5 a 14 anos,2006-12-01,168,151,168,151,319
VIACHA,consulta externa,nuevas en personas de 5 a 14 anos,2006-12-01,165,171,165,171,336
VILA VILA,consulta externa,nuevas en personas de 5 a 14 anos,2006-12-01,7,6,7,6,13
VILLA MONTES,consulta externa,nuevas en personas de 5 a 14 anos,2006-12-01,335,325,335,325,660
VILLA NUEVA (LOMA ALTA),consulta externa,nuevas en personas de 5 a 14 anos,2006-12-01,21,30,21,30,51
VILLA RIVERO,consulta externa,nuevas en personas de 5 a 14 anos,2006-12-01,19,12,19,12,31
VILLA SERRANO,consulta externa,nuevas en personas de 5 a 14 anos,2006-12-01,58,63,58,63,121
VILLA TUNARI,consulta externa,nuevas en personas de 5 a 14 anos,2006-12-01,478,461,478,461,939
VILLA VACA GUZMAN (MUYUPAMPA),consulta externa,nuevas en personas de 5 a 14 anos,2006-12-01,77,92,77,92,169
VILLAZON,consulta externa,nuevas en personas de 5 a 14 anos,2006-12-01,232,219,232,219,451
VINTO,consulta externa,nuevas en personas de 5 a 14 anos,2006-12-01,38,48,38,48,86
VITICHI,consulta externa,nuevas en personas de 5 a 14 anos,2006-12-01,49,57,49,57,106
WALDO BALLIVIAN,consulta externa,nuevas en personas de 5 a 14 anos,2006-12-01,6,9,6,9,15
WARNES,consulta externa,nuevas en personas de 5 a 14 anos,2006-12-01,214,208,214,208,422
YACO,consulta externa,nuevas en personas de 5 a 14 anos,2006-12-01,54,57,54,57,111
YACUIBA,consulta externa,nuevas en personas de 5 a 14 anos,2006-12-01,923,910,923,910,1833
YAMPARAEZ,consulta externa,nuevas en personas de 5 a 14 anos,2006-12-01,35,41,35,41,76
YANACACHI,consulta externa,nuevas en personas de 5 a 14 anos,2006-12-01,48,34,48,34,82
YAPACANI,consulta externa,nuevas en personas de 5 a 14 anos,2006-12-01,371,374,371,374,745
YOCALLA,consulta externa,nuevas en personas de 5 a 14 anos,2006-12-01,44,41,44,41,85
YOTALA,consulta externa,nuevas en personas de 5 a 14 anos,2006-12-01,68,47,68,47,115
YUNCHARA,consulta externa,nuevas en personas de 5 a 14 anos,2006-12-01,92,113,92,113,205
ZUDAÑEZ,consulta externa,nuevas en personas de 5 a 14 anos,2006-12-01,40,52,40,52,92
