municipality,group,variable,month,Nuevas en personas de 15 a 59 años -Hombre,Nuevas en personas de 15 a 59 años -Mujer,TOTAL-H,TOTAL-M,TOTAL
ACACIO,consulta externa,nuevas en personas de 15 a 59 anos,2006-01-01,36,97,36,97,133
ACHACACHI,consulta externa,nuevas en personas de 15 a 59 anos,2006-01-01,361,686,361,686,1047
ACHOCALLA,consulta externa,nuevas en personas de 15 a 59 anos,2006-01-01,21,67,21,67,88
AIQUILE,consulta externa,nuevas en personas de 15 a 59 anos,2006-01-01,228,458,228,458,686
ALALAY,consulta externa,nuevas en personas de 15 a 59 anos,2006-01-01,14,41,14,41,55
ALCALA,consulta externa,nuevas en personas de 15 a 59 anos,2006-01-01,85,188,85,188,273
ANCORAIMES,consulta externa,nuevas en personas de 15 a 59 anos,2006-01-01,82,171,82,171,253
ANDAMARCA,consulta externa,nuevas en personas de 15 a 59 anos,2006-01-01,35,50,35,50,85
ANTEQUERA,consulta externa,nuevas en personas de 15 a 59 anos,2006-01-01,11,36,11,36,47
ANZALDO,consulta externa,nuevas en personas de 15 a 59 anos,2006-01-01,45,66,45,66,111
APOLO,consulta externa,nuevas en personas de 15 a 59 anos,2006-01-01,126,223,126,223,349
ARAMPAMPA,consulta externa,nuevas en personas de 15 a 59 anos,2006-01-01,36,71,36,71,107
ARANI,consulta externa,nuevas en personas de 15 a 59 anos,2006-01-01,27,44,27,44,71
ARBIETO,consulta externa,nuevas en personas de 15 a 59 anos,2006-01-01,28,75,28,75,103
ARQUE,consulta externa,nuevas en personas de 15 a 59 anos,2006-01-01,53,182,53,182,235
ASCENCION DE GUARAYOS,consulta externa,nuevas en personas de 15 a 59 anos,2006-01-01,189,339,189,339,528
ATOCHA,consulta externa,nuevas en personas de 15 a 59 anos,2006-01-01,659,766,659,766,1425
AUCAPATA,consulta externa,nuevas en personas de 15 a 59 anos,2006-01-01,33,94,33,94,127
AYATA,consulta externa,nuevas en personas de 15 a 59 anos,2006-01-01,38,111,38,111,149
AYO AYO,consulta externa,nuevas en personas de 15 a 59 anos,2006-01-01,36,92,36,92,128
AYOPAYA (V. DE INDEPENDENCIA),consulta externa,nuevas en personas de 15 a 59 anos,2006-01-01,178,317,178,317,495
AZURDUY,consulta externa,nuevas en personas de 15 a 59 anos,2006-01-01,134,344,134,344,478
BATALLAS,consulta externa,nuevas en personas de 15 a 59 anos,2006-01-01,92,166,92,166,258
BAURES,consulta externa,nuevas en personas de 15 a 59 anos,2006-01-01,21,49,21,49,70
BELEN DE ANDAMARCA,consulta externa,nuevas en personas de 15 a 59 anos,2006-01-01,24,27,24,27,51
BELEN DE URMIRI,consulta externa,nuevas en personas de 15 a 59 anos,2006-01-01,33,100,33,100,133
BELLA FLOR,consulta externa,nuevas en personas de 15 a 59 anos,2006-01-01,104,104,104,104,208
BERMEJO,consulta externa,nuevas en personas de 15 a 59 anos,2006-01-01,475,914,475,914,1389
BETANZOS,consulta externa,nuevas en personas de 15 a 59 anos,2006-01-01,433,781,433,781,1214
BOLIVAR,consulta externa,nuevas en personas de 15 a 59 anos,2006-01-01,61,85,61,85,146
BOLPEBRA,consulta externa,nuevas en personas de 15 a 59 anos,2006-01-01,38,44,38,44,82
BOYUIBE,consulta externa,nuevas en personas de 15 a 59 anos,2006-01-01,37,66,37,66,103
BUENA VISTA,consulta externa,nuevas en personas de 15 a 59 anos,2006-01-01,236,342,236,342,578
CABEZAS,consulta externa,nuevas en personas de 15 a 59 anos,2006-01-01,261,370,261,370,631
CAIROMA,consulta externa,nuevas en personas de 15 a 59 anos,2006-01-01,92,166,92,166,258
"CAIZA ""D""",consulta externa,nuevas en personas de 15 a 59 anos,2006-01-01,114,193,114,193,307
CAJUATA,consulta externa,nuevas en personas de 15 a 59 anos,2006-01-01,112,199,112,199,311
CALACOTO,consulta externa,nuevas en personas de 15 a 59 anos,2006-01-01,45,68,45,68,113
CALAMARCA,consulta externa,nuevas en personas de 15 a 59 anos,2006-01-01,63,123,63,123,186
CAMARGO,consulta externa,nuevas en personas de 15 a 59 anos,2006-01-01,563,989,563,989,1552
CAMATAQUI (C. VILLA ABECIA),consulta externa,nuevas en personas de 15 a 59 anos,2006-01-01,45,115,45,115,160
CAMIRI,consulta externa,nuevas en personas de 15 a 59 anos,2006-01-01,760,1050,760,1050,1810
CAPINOTA,consulta externa,nuevas en personas de 15 a 59 anos,2006-01-01,208,353,208,353,561
CAQUIAVIRI,consulta externa,nuevas en personas de 15 a 59 anos,2006-01-01,53,118,53,118,171
CARACOLLO,consulta externa,nuevas en personas de 15 a 59 anos,2006-01-01,101,160,101,160,261
CARANAVI,consulta externa,nuevas en personas de 15 a 59 anos,2006-01-01,590,798,590,798,1388
CARANGAS,consulta externa,nuevas en personas de 15 a 59 anos,2006-01-01,7,9,7,9,16
CARAPARI,consulta externa,nuevas en personas de 15 a 59 anos,2006-01-01,180,273,180,273,453
CARIPUYO,consulta externa,nuevas en personas de 15 a 59 anos,2006-01-01,50,142,50,142,192
CARMEN RIVERO TORREZ,consulta externa,nuevas en personas de 15 a 59 anos,2006-01-01,18,32,18,32,50
CATACORA,consulta externa,nuevas en personas de 15 a 59 anos,2006-01-01,8,8,8,8,16
CHACARILLA,consulta externa,nuevas en personas de 15 a 59 anos,2006-01-01,4,6,4,6,10
CHALLAPATA,consulta externa,nuevas en personas de 15 a 59 anos,2006-01-01,168,369,168,369,537
CHAQUI,consulta externa,nuevas en personas de 15 a 59 anos,2006-01-01,40,103,40,103,143
CHARAGUA,consulta externa,nuevas en personas de 15 a 59 anos,2006-01-01,228,509,228,509,737
CHARAÑA,consulta externa,nuevas en personas de 15 a 59 anos,2006-01-01,41,50,41,50,91
CHAYANTA,consulta externa,nuevas en personas de 15 a 59 anos,2006-01-01,142,276,142,276,418
CHIMORE,consulta externa,nuevas en personas de 15 a 59 anos,2006-01-01,132,216,132,216,348
CHIPAYA,consulta externa,nuevas en personas de 15 a 59 anos,2006-01-01,15,23,15,23,38
CHOQUE COTA,consulta externa,nuevas en personas de 15 a 59 anos,2006-01-01,13,35,13,35,48
CHULUMANI (V. DE LA LIBERTAD),consulta externa,nuevas en personas de 15 a 59 anos,2006-01-01,170,249,170,249,419
CHUMA,consulta externa,nuevas en personas de 15 a 59 anos,2006-01-01,103,186,103,186,289
CLIZA,consulta externa,nuevas en personas de 15 a 59 anos,2006-01-01,38,139,38,139,177
COBIJA,consulta externa,nuevas en personas de 15 a 59 anos,2006-01-01,737,1402,737,1402,2139
COCHABAMBA,consulta externa,nuevas en personas de 15 a 59 anos,2006-01-01,11147,24668,11147,24668,35815
COLCAPIRHUA,consulta externa,nuevas en personas de 15 a 59 anos,2006-01-01,481,873,481,873,1354
"COLCHA ""K""",consulta externa,nuevas en personas de 15 a 59 anos,2006-01-01,144,278,144,278,422
COLLANA,consulta externa,nuevas en personas de 15 a 59 anos,2006-01-01,12,35,12,35,47
COLOMI,consulta externa,nuevas en personas de 15 a 59 anos,2006-01-01,76,174,76,174,250
COLPA BELGICA,consulta externa,nuevas en personas de 15 a 59 anos,2006-01-01,83,116,83,116,199
COLQUECHACA,consulta externa,nuevas en personas de 15 a 59 anos,2006-01-01,366,666,366,666,1032
COLQUENCHA,consulta externa,nuevas en personas de 15 a 59 anos,2006-01-01,43,107,43,107,150
COLQUIRI,consulta externa,nuevas en personas de 15 a 59 anos,2006-01-01,234,457,234,457,691
COMANCHE,consulta externa,nuevas en personas de 15 a 59 anos,2006-01-01,20,37,20,37,57
COMARAPA,consulta externa,nuevas en personas de 15 a 59 anos,2006-01-01,218,501,218,501,719
COMBAYA,consulta externa,nuevas en personas de 15 a 59 anos,2006-01-01,10,23,10,23,33
CONCEPCION,consulta externa,nuevas en personas de 15 a 59 anos,2006-01-01,97,185,97,185,282
COPACABANA,consulta externa,nuevas en personas de 15 a 59 anos,2006-01-01,87,26,87,26,113
CORIPATA,consulta externa,nuevas en personas de 15 a 59 anos,2006-01-01,129,180,129,180,309
CORO CORO,consulta externa,nuevas en personas de 15 a 59 anos,2006-01-01,42,116,42,116,158
COROICO,consulta externa,nuevas en personas de 15 a 59 anos,2006-01-01,208,329,208,329,537
CORQUE,consulta externa,nuevas en personas de 15 a 59 anos,2006-01-01,86,81,86,81,167
COTAGAITA,consulta externa,nuevas en personas de 15 a 59 anos,2006-01-01,682,1104,682,1104,1786
COTOCA,consulta externa,nuevas en personas de 15 a 59 anos,2006-01-01,157,524,157,524,681
CUATRO CAÑADAS,consulta externa,nuevas en personas de 15 a 59 anos,2006-01-01,267,562,267,562,829
CUCHUMUELA (V. G. VILLARROEL),consulta externa,nuevas en personas de 15 a 59 anos,2006-01-01,4,8,4,8,12
CUEVO,consulta externa,nuevas en personas de 15 a 59 anos,2006-01-01,96,134,96,134,230
CULPINA,consulta externa,nuevas en personas de 15 a 59 anos,2006-01-01,176,347,176,347,523
CURAHUARA DE CARANGAS,consulta externa,nuevas en personas de 15 a 59 anos,2006-01-01,61,113,61,113,174
CURVA,consulta externa,nuevas en personas de 15 a 59 anos,2006-01-01,22,33,22,33,55
DESAGUADERO,consulta externa,nuevas en personas de 15 a 59 anos,2006-01-01,28,56,28,56,84
EL ALTO,consulta externa,nuevas en personas de 15 a 59 anos,2006-01-01,5648,10205,5648,10205,15853
EL CHORO,consulta externa,nuevas en personas de 15 a 59 anos,2006-01-01,47,88,47,88,135
EL PUENTE(STC),consulta externa,nuevas en personas de 15 a 59 anos,2006-01-01,71,142,71,142,213
EL PUENTE(TJA),consulta externa,nuevas en personas de 15 a 59 anos,2006-01-01,155,323,155,323,478
EL TORNO,consulta externa,nuevas en personas de 15 a 59 anos,2006-01-01,713,1055,713,1055,1768
EL VILLAR,consulta externa,nuevas en personas de 15 a 59 anos,2006-01-01,90,211,90,211,301
ENTRE RIOS,consulta externa,nuevas en personas de 15 a 59 anos,2006-01-01,338,422,338,422,760
ENTRE RIOS,consulta externa,nuevas en personas de 15 a 59 anos,2006-01-01,236,265,236,265,501
ESCARA,consulta externa,nuevas en personas de 15 a 59 anos,2006-01-01,5,2,5,2,7
ESMERALDA,consulta externa,nuevas en personas de 15 a 59 anos,2006-01-01,3,1,3,1,4
EUCALIPTUS,consulta externa,nuevas en personas de 15 a 59 anos,2006-01-01,75,123,75,123,198
EUREKA (SANTOS MERCADO),consulta externa,nuevas en personas de 15 a 59 anos,2006-01-01,27,51,27,51,78
EXALTACION,consulta externa,nuevas en personas de 15 a 59 anos,2006-01-01,6,11,6,11,17
FERNANDEZ ALONSO,consulta externa,nuevas en personas de 15 a 59 anos,2006-01-01,130,284,130,284,414
FILADELFIA,consulta externa,nuevas en personas de 15 a 59 anos,2006-01-01,99,170,99,170,269
GENERAL SAAVEDRA,consulta externa,nuevas en personas de 15 a 59 anos,2006-01-01,136,233,136,233,369
GRAL. J.J. PEREZ (CHARAZANI),consulta externa,nuevas en personas de 15 a 59 anos,2006-01-01,58,106,58,106,164
GUANAY,consulta externa,nuevas en personas de 15 a 59 anos,2006-01-01,173,330,173,330,503
GUAQUI,consulta externa,nuevas en personas de 15 a 59 anos,2006-01-01,25,57,25,57,82
GUAYARAMERIN,consulta externa,nuevas en personas de 15 a 59 anos,2006-01-01,503,1597,503,1597,2100
GUTIERREZ,consulta externa,nuevas en personas de 15 a 59 anos,2006-01-01,207,326,207,326,533
HUACARETA,consulta externa,nuevas en personas de 15 a 59 anos,2006-01-01,190,334,190,334,524
HUACAYA (VILLA DE HUACAYA),consulta externa,nuevas en personas de 15 a 59 anos,2006-01-01,37,78,37,78,115
HUACHACALLA,consulta externa,nuevas en personas de 15 a 59 anos,2006-01-01,34,22,34,22,56
HUANUNI,consulta externa,nuevas en personas de 15 a 59 anos,2006-01-01,473,661,473,661,1134
HUARACAJE,consulta externa,nuevas en personas de 15 a 59 anos,2006-01-01,24,45,24,45,69
HUAYLLAMARCA,consulta externa,nuevas en personas de 15 a 59 anos,2006-01-01,48,59,48,59,107
ICHOCA,consulta externa,nuevas en personas de 15 a 59 anos,2006-01-01,23,53,23,53,76
ICLA,consulta externa,nuevas en personas de 15 a 59 anos,2006-01-01,99,256,99,256,355
INCAHUASI,consulta externa,nuevas en personas de 15 a 59 anos,2006-01-01,201,588,201,588,789
INGAVI (HUMAITA),consulta externa,nuevas en personas de 15 a 59 anos,2006-01-01,37,27,37,27,64
INQUISIVI,consulta externa,nuevas en personas de 15 a 59 anos,2006-01-01,103,157,103,157,260
IRUPANA (VILLA DE LANZA),consulta externa,nuevas en personas de 15 a 59 anos,2006-01-01,160,321,160,321,481
IXIAMAS,consulta externa,nuevas en personas de 15 a 59 anos,2006-01-01,73,152,73,152,225
JESUS DE MACHACA,consulta externa,nuevas en personas de 15 a 59 anos,2006-01-01,91,224,91,224,315
LA ASUNTA,consulta externa,nuevas en personas de 15 a 59 anos,2006-01-01,230,259,230,259,489
LA GUARDIA,consulta externa,nuevas en personas de 15 a 59 anos,2006-01-01,284,614,284,614,898
LA PAZ,consulta externa,nuevas en personas de 15 a 59 anos,2006-01-01,20875,37566,20875,37566,58441
LA RIVERA,consulta externa,nuevas en personas de 15 a 59 anos,2006-01-01,3,2,3,2,5
LAGUNILLAS,consulta externa,nuevas en personas de 15 a 59 anos,2006-01-01,126,218,126,218,344
LAJA,consulta externa,nuevas en personas de 15 a 59 anos,2006-01-01,76,135,76,135,211
LAS CARRERAS,consulta externa,nuevas en personas de 15 a 59 anos,2006-01-01,73,140,73,140,213
LICOMA PAMPA,consulta externa,nuevas en personas de 15 a 59 anos,2006-01-01,26,24,26,24,50
LLALLAGUA,consulta externa,nuevas en personas de 15 a 59 anos,2006-01-01,399,865,399,865,1264
LLICA,consulta externa,nuevas en personas de 15 a 59 anos,2006-01-01,76,99,76,99,175
LORETO,consulta externa,nuevas en personas de 15 a 59 anos,2006-01-01,17,28,17,28,45
LURIBAY,consulta externa,nuevas en personas de 15 a 59 anos,2006-01-01,79,127,79,127,206
MACHACAMARCA,consulta externa,nuevas en personas de 15 a 59 anos,2006-01-01,46,70,46,70,116
MACHARETI,consulta externa,nuevas en personas de 15 a 59 anos,2006-01-01,159,366,159,366,525
MAGDALENA,consulta externa,nuevas en personas de 15 a 59 anos,2006-01-01,149,311,149,311,460
MAIRANA,consulta externa,nuevas en personas de 15 a 59 anos,2006-01-01,97,234,97,234,331
MALLA,consulta externa,nuevas en personas de 15 a 59 anos,2006-01-01,26,61,26,61,87
MAPIRI,consulta externa,nuevas en personas de 15 a 59 anos,2006-01-01,104,190,104,190,294
MECAPACA,consulta externa,nuevas en personas de 15 a 59 anos,2006-01-01,119,209,119,209,328
MINEROS,consulta externa,nuevas en personas de 15 a 59 anos,2006-01-01,101,319,101,319,420
MIZQUE,consulta externa,nuevas en personas de 15 a 59 anos,2006-01-01,44,104,44,104,148
MOCOMOCO,consulta externa,nuevas en personas de 15 a 59 anos,2006-01-01,129,122,129,122,251
MOJINETE,consulta externa,nuevas en personas de 15 a 59 anos,2006-01-01,5,31,5,31,36
MOJOCOYA,consulta externa,nuevas en personas de 15 a 59 anos,2006-01-01,52,198,52,198,250
MONTEAGUDO,consulta externa,nuevas en personas de 15 a 59 anos,2006-01-01,693,1205,693,1205,1898
MONTERO,consulta externa,nuevas en personas de 15 a 59 anos,2006-01-01,1265,2867,1265,2867,4132
MORO MORO,consulta externa,nuevas en personas de 15 a 59 anos,2006-01-01,29,79,29,79,108
MOROCHATA,consulta externa,nuevas en personas de 15 a 59 anos,2006-01-01,86,198,86,198,284
NACEBE (SANTA ROSA DEL ABUNA),consulta externa,nuevas en personas de 15 a 59 anos,2006-01-01,53,61,53,61,114
NAZACARA DE PACAJES,consulta externa,nuevas en personas de 15 a 59 anos,2006-01-01,3,5,3,5,8
NUEVO MANOA (NUEVA ESPERANZA),consulta externa,nuevas en personas de 15 a 59 anos,2006-01-01,119,75,119,75,194
OCURI,consulta externa,nuevas en personas de 15 a 59 anos,2006-01-01,156,427,156,427,583
OKINAWA,consulta externa,nuevas en personas de 15 a 59 anos,2006-01-01,163,543,163,543,706
OMEREQUE,consulta externa,nuevas en personas de 15 a 59 anos,2006-01-01,53,112,53,112,165
ORURO,consulta externa,nuevas en personas de 15 a 59 anos,2006-01-01,6703,10762,6703,10762,17465
PADCAYA,consulta externa,nuevas en personas de 15 a 59 anos,2006-01-01,279,496,279,496,775
PADILLA,consulta externa,nuevas en personas de 15 a 59 anos,2006-01-01,260,560,260,560,820
PAILON,consulta externa,nuevas en personas de 15 a 59 anos,2006-01-01,109,161,109,161,270
PALCA,consulta externa,nuevas en personas de 15 a 59 anos,2006-01-01,89,134,89,134,223
PALOS BLANCOS,consulta externa,nuevas en personas de 15 a 59 anos,2006-01-01,311,459,311,459,770
PAMPA AULLAGAS,consulta externa,nuevas en personas de 15 a 59 anos,2006-01-01,37,35,37,35,72
PAMPA GRANDE,consulta externa,nuevas en personas de 15 a 59 anos,2006-01-01,91,228,91,228,319
PAPEL PAMPA,consulta externa,nuevas en personas de 15 a 59 anos,2006-01-01,34,47,34,47,81
PASORAPA,consulta externa,nuevas en personas de 15 a 59 anos,2006-01-01,22,28,22,28,50
PATACAMAYA,consulta externa,nuevas en personas de 15 a 59 anos,2006-01-01,77,162,77,162,239
PAZÑA,consulta externa,nuevas en personas de 15 a 59 anos,2006-01-01,81,142,81,142,223
PELECHUCO,consulta externa,nuevas en personas de 15 a 59 anos,2006-01-01,132,121,132,121,253
POCOATA,consulta externa,nuevas en personas de 15 a 59 anos,2006-01-01,270,408,270,408,678
POCONA,consulta externa,nuevas en personas de 15 a 59 anos,2006-01-01,113,149,113,149,262
POJO (CBBA),consulta externa,nuevas en personas de 15 a 59 anos,2006-01-01,30,53,30,53,83
POOPO,consulta externa,nuevas en personas de 15 a 59 anos,2006-01-01,64,79,64,79,143
PORCO,consulta externa,nuevas en personas de 15 a 59 anos,2006-01-01,70,137,70,137,207
POROMA,consulta externa,nuevas en personas de 15 a 59 anos,2006-01-01,115,334,115,334,449
PORONGO,consulta externa,nuevas en personas de 15 a 59 anos,2006-01-01,115,166,115,166,281
PORTACHUELO,consulta externa,nuevas en personas de 15 a 59 anos,2006-01-01,262,847,262,847,1109
PORVENIR,consulta externa,nuevas en personas de 15 a 59 anos,2006-01-01,117,101,117,101,218
POSTRER VALLE,consulta externa,nuevas en personas de 15 a 59 anos,2006-01-01,47,49,47,49,96
POTOSI,consulta externa,nuevas en personas de 15 a 59 anos,2006-01-01,10826,8298,10826,8298,19124
PRESTO,consulta externa,nuevas en personas de 15 a 59 anos,2006-01-01,76,270,76,270,346
PUCARA,consulta externa,nuevas en personas de 15 a 59 anos,2006-01-01,18,69,18,69,87
PUCARANI,consulta externa,nuevas en personas de 15 a 59 anos,2006-01-01,92,197,92,197,289
PUERTO ACOSTA,consulta externa,nuevas en personas de 15 a 59 anos,2006-01-01,176,290,176,290,466
PUERTO CARABUCO,consulta externa,nuevas en personas de 15 a 59 anos,2006-01-01,101,146,101,146,247
PUERTO GONZALO MORENO,consulta externa,nuevas en personas de 15 a 59 anos,2006-01-01,77,85,77,85,162
PUERTO PEREZ,consulta externa,nuevas en personas de 15 a 59 anos,2006-01-01,85,87,85,87,172
PUERTO QUIJARRO,consulta externa,nuevas en personas de 15 a 59 anos,2006-01-01,365,326,365,326,691
PUERTO RICO,consulta externa,nuevas en personas de 15 a 59 anos,2006-01-01,127,134,127,134,261
PUERTO SUAREZ,consulta externa,nuevas en personas de 15 a 59 anos,2006-01-01,236,498,236,498,734
PUERTO VILLARROEL,consulta externa,nuevas en personas de 15 a 59 anos,2006-01-01,523,731,523,731,1254
PUNA,consulta externa,nuevas en personas de 15 a 59 anos,2006-01-01,234,610,234,610,844
PUNATA,consulta externa,nuevas en personas de 15 a 59 anos,2006-01-01,344,774,344,774,1118
QUIABAYA,consulta externa,nuevas en personas de 15 a 59 anos,2006-01-01,7,9,7,9,16
QUILLACOLLO,consulta externa,nuevas en personas de 15 a 59 anos,2006-01-01,200,1880,200,1880,2080
QUIME,consulta externa,nuevas en personas de 15 a 59 anos,2006-01-01,186,114,186,114,300
QUIRUSILLAS,consulta externa,nuevas en personas de 15 a 59 anos,2006-01-01,13,26,13,26,39
RAVELO,consulta externa,nuevas en personas de 15 a 59 anos,2006-01-01,72,211,72,211,283
REYES,consulta externa,nuevas en personas de 15 a 59 anos,2006-01-01,72,208,72,208,280
RIBERALTA,consulta externa,nuevas en personas de 15 a 59 anos,2006-01-01,684,1533,684,1533,2217
ROBORE,consulta externa,nuevas en personas de 15 a 59 anos,2006-01-01,166,610,166,610,776
RURRENABAQUE,consulta externa,nuevas en personas de 15 a 59 anos,2006-01-01,198,393,198,393,591
SABAYA,consulta externa,nuevas en personas de 15 a 59 anos,2006-01-01,53,63,53,63,116
SACABA,consulta externa,nuevas en personas de 15 a 59 anos,2006-01-01,612,1415,612,1415,2027
SACABAMBA,consulta externa,nuevas en personas de 15 a 59 anos,2006-01-01,53,54,53,54,107
SACACA,consulta externa,nuevas en personas de 15 a 59 anos,2006-01-01,90,254,90,254,344
SAIPINA,consulta externa,nuevas en personas de 15 a 59 anos,2006-01-01,135,214,135,214,349
SALINAS DE GARCI MENDOZA,consulta externa,nuevas en personas de 15 a 59 anos,2006-01-01,106,204,106,204,310
SAMAIPATA,consulta externa,nuevas en personas de 15 a 59 anos,2006-01-01,101,183,101,183,284
SAN AGUSTIN,consulta externa,nuevas en personas de 15 a 59 anos,2006-01-01,34,57,34,57,91
SAN ANDRES,consulta externa,nuevas en personas de 15 a 59 anos,2006-01-01,105,259,105,259,364
SAN ANDRES DE MACHACA,consulta externa,nuevas en personas de 15 a 59 anos,2006-01-01,36,69,36,69,105
SAN ANTONIO DE ESMORUCO,consulta externa,nuevas en personas de 15 a 59 anos,2006-01-01,36,68,36,68,104
SAN ANTONIO DE LOMERIO,consulta externa,nuevas en personas de 15 a 59 anos,2006-01-01,63,70,63,70,133
SAN BENITO,consulta externa,nuevas en personas de 15 a 59 anos,2006-01-01,62,141,62,141,203
SAN BORJA,consulta externa,nuevas en personas de 15 a 59 anos,2006-01-01,156,521,156,521,677
SAN BUENA VENTURA,consulta externa,nuevas en personas de 15 a 59 anos,2006-01-01,34,123,34,123,157
SAN CARLOS,consulta externa,nuevas en personas de 15 a 59 anos,2006-01-01,132,405,132,405,537
SAN IGNACIO,consulta externa,nuevas en personas de 15 a 59 anos,2006-01-01,186,376,186,376,562
SAN IGNACIO DE VELASCO,consulta externa,nuevas en personas de 15 a 59 anos,2006-01-01,719,1482,719,1482,2201
SAN JAVIER(BNI),consulta externa,nuevas en personas de 15 a 59 anos,2006-01-01,21,28,21,28,49
SAN JAVIER(STC),consulta externa,nuevas en personas de 15 a 59 anos,2006-01-01,91,199,91,199,290
SAN JOAQUIN,consulta externa,nuevas en personas de 15 a 59 anos,2006-01-01,36,83,36,83,119
SAN JOSE DE CHIQUITOS,consulta externa,nuevas en personas de 15 a 59 anos,2006-01-01,240,481,240,481,721
SAN JUAN DE YAPACANI,consulta externa,nuevas en personas de 15 a 59 anos,2006-01-01,235,299,235,299,534
SAN JULIAN,consulta externa,nuevas en personas de 15 a 59 anos,2006-01-01,582,1108,582,1108,1690
SAN LORENZO(PND),consulta externa,nuevas en personas de 15 a 59 anos,2006-01-01,56,63,56,63,119
SAN LORENZO(TJA),consulta externa,nuevas en personas de 15 a 59 anos,2006-01-01,201,531,201,531,732
SAN LUCAS,consulta externa,nuevas en personas de 15 a 59 anos,2006-01-01,377,1034,377,1034,1411
SAN MATIAS,consulta externa,nuevas en personas de 15 a 59 anos,2006-01-01,97,128,97,128,225
SAN MIGUEL DE VELASCO,consulta externa,nuevas en personas de 15 a 59 anos,2006-01-01,111,198,111,198,309
SAN PABLO DE LIPEZ,consulta externa,nuevas en personas de 15 a 59 anos,2006-01-01,79,157,79,157,236
SAN PEDRO,consulta externa,nuevas en personas de 15 a 59 anos,2006-01-01,307,520,307,520,827
SAN PEDRO DE BUENA VISTA,consulta externa,nuevas en personas de 15 a 59 anos,2006-01-01,133,269,133,269,402
SAN PEDRO DE CURAHUARA,consulta externa,nuevas en personas de 15 a 59 anos,2006-01-01,22,49,22,49,71
SAN PEDRO DE QUEMES,consulta externa,nuevas en personas de 15 a 59 anos,2006-01-01,1,7,1,7,8
SAN PEDRO DE TIQUINA,consulta externa,nuevas en personas de 15 a 59 anos,2006-01-01,28,42,28,42,70
SAN PEDRO(PND),consulta externa,nuevas en personas de 15 a 59 anos,2006-01-01,26,48,26,48,74
SAN RAFAEL,consulta externa,nuevas en personas de 15 a 59 anos,2006-01-01,78,114,78,114,192
SAN RAMON,consulta externa,nuevas en personas de 15 a 59 anos,2006-01-01,55,146,55,146,201
SAN RAMON,consulta externa,nuevas en personas de 15 a 59 anos,2006-01-01,137,257,137,257,394
SANTA ANA,consulta externa,nuevas en personas de 15 a 59 anos,2006-01-01,81,237,81,237,318
SANTA CRUZ DE LA SIERRA,consulta externa,nuevas en personas de 15 a 59 anos,2006-01-01,26172,45852,26172,45852,72024
SANTA ROSA,consulta externa,nuevas en personas de 15 a 59 anos,2006-01-01,115,118,115,118,233
SANTA ROSA DEL SARA,consulta externa,nuevas en personas de 15 a 59 anos,2006-01-01,240,421,240,421,661
SANTIAGO DE CALLAPA,consulta externa,nuevas en personas de 15 a 59 anos,2006-01-01,31,42,31,42,73
SANTIAGO DE HUARI,consulta externa,nuevas en personas de 15 a 59 anos,2006-01-01,62,115,62,115,177
SANTIAGO DE MACHACA,consulta externa,nuevas en personas de 15 a 59 anos,2006-01-01,27,41,27,41,68
SANTIVAÑES,consulta externa,nuevas en personas de 15 a 59 anos,2006-01-01,65,114,65,114,179
SANTUARIO DE QUILLACAS,consulta externa,nuevas en personas de 15 a 59 anos,2006-01-01,23,30,23,30,53
SAPAHAQUI,consulta externa,nuevas en personas de 15 a 59 anos,2006-01-01,94,121,94,121,215
SENA,consulta externa,nuevas en personas de 15 a 59 anos,2006-01-01,119,275,119,275,394
SICA SICA (VILLA AROMA),consulta externa,nuevas en personas de 15 a 59 anos,2006-01-01,102,201,102,201,303
SICAYA,consulta externa,nuevas en personas de 15 a 59 anos,2006-01-01,2,17,2,17,19
SIPE SIPE,consulta externa,nuevas en personas de 15 a 59 anos,2006-01-01,106,501,106,501,607
SOPACHUY,consulta externa,nuevas en personas de 15 a 59 anos,2006-01-01,121,236,121,236,357
SORACACHI,consulta externa,nuevas en personas de 15 a 59 anos,2006-01-01,36,66,36,66,102
SORATA,consulta externa,nuevas en personas de 15 a 59 anos,2006-01-01,122,174,122,174,296
SUCRE,consulta externa,nuevas en personas de 15 a 59 anos,2006-01-01,7002,14421,7002,14421,21423
TACACHI,consulta externa,nuevas en personas de 15 a 59 anos,2006-01-01,11,36,11,36,47
TACACOMA,consulta externa,nuevas en personas de 15 a 59 anos,2006-01-01,49,70,49,70,119
TACOBAMBA,consulta externa,nuevas en personas de 15 a 59 anos,2006-01-01,58,121,58,121,179
TACOPAYA,consulta externa,nuevas en personas de 15 a 59 anos,2006-01-01,59,125,59,125,184
TAHUA,consulta externa,nuevas en personas de 15 a 59 anos,2006-01-01,9,14,9,14,23
TAPACARI,consulta externa,nuevas en personas de 15 a 59 anos,2006-01-01,99,246,99,246,345
TARABUCO,consulta externa,nuevas en personas de 15 a 59 anos,2006-01-01,175,245,175,245,420
TARACO,consulta externa,nuevas en personas de 15 a 59 anos,2006-01-01,15,43,15,43,58
TARATA,consulta externa,nuevas en personas de 15 a 59 anos,2006-01-01,40,64,40,64,104
TARIJA,consulta externa,nuevas en personas de 15 a 59 anos,2006-01-01,4971,9878,4971,9878,14849
TARVITA,consulta externa,nuevas en personas de 15 a 59 anos,2006-01-01,217,545,217,545,762
TEOPONTE,consulta externa,nuevas en personas de 15 a 59 anos,2006-01-01,69,109,69,109,178
TIAWANACU,consulta externa,nuevas en personas de 15 a 59 anos,2006-01-01,80,153,80,153,233
TINGUIPAYA,consulta externa,nuevas en personas de 15 a 59 anos,2006-01-01,167,456,167,456,623
TIPUANI,consulta externa,nuevas en personas de 15 a 59 anos,2006-01-01,55,116,55,116,171
TIQUIPAYA,consulta externa,nuevas en personas de 15 a 59 anos,2006-01-01,154,335,154,335,489
TIRAQUE (CBBA),consulta externa,nuevas en personas de 15 a 59 anos,2006-01-01,397,700,397,700,1097
TITO YUPANQUI (PARQUIPUJIO),consulta externa,nuevas en personas de 15 a 59 anos,2006-01-01,17,50,17,50,67
TOCO,consulta externa,nuevas en personas de 15 a 59 anos,2006-01-01,11,34,11,34,45
TODOS SANTOS,consulta externa,nuevas en personas de 15 a 59 anos,2006-01-01,1,5,1,5,6
TOLATA,consulta externa,nuevas en personas de 15 a 59 anos,2006-01-01,14,34,14,34,48
TOLEDO,consulta externa,nuevas en personas de 15 a 59 anos,2006-01-01,86,146,86,146,232
TOMAVE,consulta externa,nuevas en personas de 15 a 59 anos,2006-01-01,217,296,217,296,513
TOMINA,consulta externa,nuevas en personas de 15 a 59 anos,2006-01-01,173,316,173,316,489
TORO TORO,consulta externa,nuevas en personas de 15 a 59 anos,2006-01-01,82,184,82,184,266
TOTORA(CBBA),consulta externa,nuevas en personas de 15 a 59 anos,2006-01-01,77,77,77,77,154
TOTORA(ORR),consulta externa,nuevas en personas de 15 a 59 anos,2006-01-01,24,41,24,41,65
TRIGAL,consulta externa,nuevas en personas de 15 a 59 anos,2006-01-01,26,44,26,44,70
TRINIDAD,consulta externa,nuevas en personas de 15 a 59 anos,2006-01-01,2947,4790,2947,4790,7737
TUPIZA,consulta externa,nuevas en personas de 15 a 59 anos,2006-01-01,1215,2367,1215,2367,3582
TURCO,consulta externa,nuevas en personas de 15 a 59 anos,2006-01-01,38,68,38,68,106
UMALA,consulta externa,nuevas en personas de 15 a 59 anos,2006-01-01,11,10,11,10,21
UNCIA,consulta externa,nuevas en personas de 15 a 59 anos,2006-01-01,461,670,461,670,1131
URIONDO (A. CONCEPCION),consulta externa,nuevas en personas de 15 a 59 anos,2006-01-01,173,458,173,458,631
URUBICHA,consulta externa,nuevas en personas de 15 a 59 anos,2006-01-01,41,114,41,114,155
UYUNI,consulta externa,nuevas en personas de 15 a 59 anos,2006-01-01,582,935,582,935,1517
VACAS,consulta externa,nuevas en personas de 15 a 59 anos,2006-01-01,91,223,91,223,314
VALLEGRANDE,consulta externa,nuevas en personas de 15 a 59 anos,2006-01-01,267,681,267,681,948
VIACHA,consulta externa,nuevas en personas de 15 a 59 anos,2006-01-01,524,842,524,842,1366
VILA VILA,consulta externa,nuevas en personas de 15 a 59 anos,2006-01-01,8,21,8,21,29
VILLA MONTES,consulta externa,nuevas en personas de 15 a 59 anos,2006-01-01,452,758,452,758,1210
VILLA NUEVA (LOMA ALTA),consulta externa,nuevas en personas de 15 a 59 anos,2006-01-01,48,58,48,58,106
VILLA RIVERO,consulta externa,nuevas en personas de 15 a 59 anos,2006-01-01,26,62,26,62,88
VILLA SERRANO,consulta externa,nuevas en personas de 15 a 59 anos,2006-01-01,99,221,99,221,320
VILLA TUNARI,consulta externa,nuevas en personas de 15 a 59 anos,2006-01-01,612,753,612,753,1365
VILLA VACA GUZMAN (MUYUPAMPA),consulta externa,nuevas en personas de 15 a 59 anos,2006-01-01,254,404,254,404,658
VILLAZON,consulta externa,nuevas en personas de 15 a 59 anos,2006-01-01,493,1558,493,1558,2051
VINTO,consulta externa,nuevas en personas de 15 a 59 anos,2006-01-01,88,101,88,101,189
VITICHI,consulta externa,nuevas en personas de 15 a 59 anos,2006-01-01,145,311,145,311,456
WALDO BALLIVIAN,consulta externa,nuevas en personas de 15 a 59 anos,2006-01-01,8,16,8,16,24
WARNES,consulta externa,nuevas en personas de 15 a 59 anos,2006-01-01,330,795,330,795,1125
YACO,consulta externa,nuevas en personas de 15 a 59 anos,2006-01-01,50,73,50,73,123
YACUIBA,consulta externa,nuevas en personas de 15 a 59 anos,2006-01-01,1870,3082,1870,3082,4952
YAMPARAEZ,consulta externa,nuevas en personas de 15 a 59 anos,2006-01-01,61,123,61,123,184
YANACACHI,consulta externa,nuevas en personas de 15 a 59 anos,2006-01-01,93,104,93,104,197
YAPACANI,consulta externa,nuevas en personas de 15 a 59 anos,2006-01-01,363,898,363,898,1261
YOCALLA,consulta externa,nuevas en personas de 15 a 59 anos,2006-01-01,50,121,50,121,171
YOTALA,consulta externa,nuevas en personas de 15 a 59 anos,2006-01-01,71,109,71,109,180
YUNCHARA,consulta externa,nuevas en personas de 15 a 59 anos,2006-01-01,40,53,40,53,93
ZUDAÑEZ,consulta externa,nuevas en personas de 15 a 59 anos,2006-01-01,114,192,114,192,306
ACACIO,consulta externa,nuevas en personas de 15 a 59 anos,2006-02-01,63,134,63,134,197
ACHACACHI,consulta externa,nuevas en personas de 15 a 59 anos,2006-02-01,473,834,473,834,1307
ACHOCALLA,consulta externa,nuevas en personas de 15 a 59 anos,2006-02-01,46,77,46,77,123
AIQUILE,consulta externa,nuevas en personas de 15 a 59 anos,2006-02-01,172,411,172,411,583
ALALAY,consulta externa,nuevas en personas de 15 a 59 anos,2006-02-01,19,45,19,45,64
ALCALA,consulta externa,nuevas en personas de 15 a 59 anos,2006-02-01,69,215,69,215,284
ANCORAIMES,consulta externa,nuevas en personas de 15 a 59 anos,2006-02-01,140,231,140,231,371
ANDAMARCA,consulta externa,nuevas en personas de 15 a 59 anos,2006-02-01,58,111,58,111,169
ANTEQUERA,consulta externa,nuevas en personas de 15 a 59 anos,2006-02-01,2,20,2,20,22
ANZALDO,consulta externa,nuevas en personas de 15 a 59 anos,2006-02-01,44,83,44,83,127
APOLO,consulta externa,nuevas en personas de 15 a 59 anos,2006-02-01,123,216,123,216,339
ARAMPAMPA,consulta externa,nuevas en personas de 15 a 59 anos,2006-02-01,33,66,33,66,99
ARANI,consulta externa,nuevas en personas de 15 a 59 anos,2006-02-01,40,59,40,59,99
ARBIETO,consulta externa,nuevas en personas de 15 a 59 anos,2006-02-01,28,53,28,53,81
ARQUE,consulta externa,nuevas en personas de 15 a 59 anos,2006-02-01,86,190,86,190,276
ASCENCION DE GUARAYOS,consulta externa,nuevas en personas de 15 a 59 anos,2006-02-01,339,483,339,483,822
ATOCHA,consulta externa,nuevas en personas de 15 a 59 anos,2006-02-01,571,692,571,692,1263
AUCAPATA,consulta externa,nuevas en personas de 15 a 59 anos,2006-02-01,98,181,98,181,279
AYATA,consulta externa,nuevas en personas de 15 a 59 anos,2006-02-01,49,111,49,111,160
AYO AYO,consulta externa,nuevas en personas de 15 a 59 anos,2006-02-01,35,83,35,83,118
AYOPAYA (V. DE INDEPENDENCIA),consulta externa,nuevas en personas de 15 a 59 anos,2006-02-01,179,438,179,438,617
AZURDUY,consulta externa,nuevas en personas de 15 a 59 anos,2006-02-01,184,429,184,429,613
BATALLAS,consulta externa,nuevas en personas de 15 a 59 anos,2006-02-01,82,141,82,141,223
BAURES,consulta externa,nuevas en personas de 15 a 59 anos,2006-02-01,107,211,107,211,318
BELEN DE ANDAMARCA,consulta externa,nuevas en personas de 15 a 59 anos,2006-02-01,9,18,9,18,27
BELEN DE URMIRI,consulta externa,nuevas en personas de 15 a 59 anos,2006-02-01,22,72,22,72,94
BELLA FLOR,consulta externa,nuevas en personas de 15 a 59 anos,2006-02-01,66,66,66,66,132
BERMEJO,consulta externa,nuevas en personas de 15 a 59 anos,2006-02-01,548,1025,548,1025,1573
BETANZOS,consulta externa,nuevas en personas de 15 a 59 anos,2006-02-01,335,782,335,782,1117
BOLIVAR,consulta externa,nuevas en personas de 15 a 59 anos,2006-02-01,67,153,67,153,220
BOLPEBRA,consulta externa,nuevas en personas de 15 a 59 anos,2006-02-01,94,44,94,44,138
BOYUIBE,consulta externa,nuevas en personas de 15 a 59 anos,2006-02-01,69,137,69,137,206
BUENA VISTA,consulta externa,nuevas en personas de 15 a 59 anos,2006-02-01,241,352,241,352,593
CABEZAS,consulta externa,nuevas en personas de 15 a 59 anos,2006-02-01,249,358,249,358,607
CAIROMA,consulta externa,nuevas en personas de 15 a 59 anos,2006-02-01,99,169,99,169,268
"CAIZA ""D""",consulta externa,nuevas en personas de 15 a 59 anos,2006-02-01,145,285,145,285,430
CAJUATA,consulta externa,nuevas en personas de 15 a 59 anos,2006-02-01,121,193,121,193,314
CALACOTO,consulta externa,nuevas en personas de 15 a 59 anos,2006-02-01,43,71,43,71,114
CALAMARCA,consulta externa,nuevas en personas de 15 a 59 anos,2006-02-01,71,129,71,129,200
CAMARGO,consulta externa,nuevas en personas de 15 a 59 anos,2006-02-01,341,826,341,826,1167
CAMATAQUI (C. VILLA ABECIA),consulta externa,nuevas en personas de 15 a 59 anos,2006-02-01,55,113,55,113,168
CAMIRI,consulta externa,nuevas en personas de 15 a 59 anos,2006-02-01,727,1430,727,1430,2157
CAPINOTA,consulta externa,nuevas en personas de 15 a 59 anos,2006-02-01,245,277,245,277,522
CAQUIAVIRI,consulta externa,nuevas en personas de 15 a 59 anos,2006-02-01,63,140,63,140,203
CARACOLLO,consulta externa,nuevas en personas de 15 a 59 anos,2006-02-01,69,156,69,156,225
CARANAVI,consulta externa,nuevas en personas de 15 a 59 anos,2006-02-01,1002,1148,1002,1148,2150
CARANGAS,consulta externa,nuevas en personas de 15 a 59 anos,2006-02-01,3,2,3,2,5
CARAPARI,consulta externa,nuevas en personas de 15 a 59 anos,2006-02-01,208,304,208,304,512
CARIPUYO,consulta externa,nuevas en personas de 15 a 59 anos,2006-02-01,40,130,40,130,170
CARMEN RIVERO TORREZ,consulta externa,nuevas en personas de 15 a 59 anos,2006-02-01,23,34,23,34,57
CATACORA,consulta externa,nuevas en personas de 15 a 59 anos,2006-02-01,6,16,6,16,22
CHACARILLA,consulta externa,nuevas en personas de 15 a 59 anos,2006-02-01,17,42,17,42,59
CHALLAPATA,consulta externa,nuevas en personas de 15 a 59 anos,2006-02-01,230,517,230,517,747
CHAQUI,consulta externa,nuevas en personas de 15 a 59 anos,2006-02-01,38,91,38,91,129
CHARAGUA,consulta externa,nuevas en personas de 15 a 59 anos,2006-02-01,186,434,186,434,620
CHARAÑA,consulta externa,nuevas en personas de 15 a 59 anos,2006-02-01,51,38,51,38,89
CHAYANTA,consulta externa,nuevas en personas de 15 a 59 anos,2006-02-01,150,371,150,371,521
CHIMORE,consulta externa,nuevas en personas de 15 a 59 anos,2006-02-01,100,162,100,162,262
CHIPAYA,consulta externa,nuevas en personas de 15 a 59 anos,2006-02-01,23,44,23,44,67
CHOQUE COTA,consulta externa,nuevas en personas de 15 a 59 anos,2006-02-01,16,23,16,23,39
CHULUMANI (V. DE LA LIBERTAD),consulta externa,nuevas en personas de 15 a 59 anos,2006-02-01,242,312,242,312,554
CHUMA,consulta externa,nuevas en personas de 15 a 59 anos,2006-02-01,98,193,98,193,291
CLIZA,consulta externa,nuevas en personas de 15 a 59 anos,2006-02-01,52,72,52,72,124
COBIJA,consulta externa,nuevas en personas de 15 a 59 anos,2006-02-01,634,1325,634,1325,1959
COCHABAMBA,consulta externa,nuevas en personas de 15 a 59 anos,2006-02-01,8853,20250,8853,20250,29103
COIPASA,consulta externa,nuevas en personas de 15 a 59 anos,2006-02-01,3,4,3,4,7
COLCAPIRHUA,consulta externa,nuevas en personas de 15 a 59 anos,2006-02-01,346,529,346,529,875
"COLCHA ""K""",consulta externa,nuevas en personas de 15 a 59 anos,2006-02-01,148,289,148,289,437
COLLANA,consulta externa,nuevas en personas de 15 a 59 anos,2006-02-01,23,29,23,29,52
COLOMI,consulta externa,nuevas en personas de 15 a 59 anos,2006-02-01,103,181,103,181,284
COLPA BELGICA,consulta externa,nuevas en personas de 15 a 59 anos,2006-02-01,94,287,94,287,381
COLQUECHACA,consulta externa,nuevas en personas de 15 a 59 anos,2006-02-01,343,706,343,706,1049
COLQUENCHA,consulta externa,nuevas en personas de 15 a 59 anos,2006-02-01,60,111,60,111,171
COLQUIRI,consulta externa,nuevas en personas de 15 a 59 anos,2006-02-01,217,544,217,544,761
COMANCHE,consulta externa,nuevas en personas de 15 a 59 anos,2006-02-01,19,37,19,37,56
COMARAPA,consulta externa,nuevas en personas de 15 a 59 anos,2006-02-01,241,416,241,416,657
COMBAYA,consulta externa,nuevas en personas de 15 a 59 anos,2006-02-01,1,3,1,3,4
CONCEPCION,consulta externa,nuevas en personas de 15 a 59 anos,2006-02-01,92,130,92,130,222
COPACABANA,consulta externa,nuevas en personas de 15 a 59 anos,2006-02-01,111,202,111,202,313
CORIPATA,consulta externa,nuevas en personas de 15 a 59 anos,2006-02-01,170,151,170,151,321
CORO CORO,consulta externa,nuevas en personas de 15 a 59 anos,2006-02-01,97,165,97,165,262
COROICO,consulta externa,nuevas en personas de 15 a 59 anos,2006-02-01,258,336,258,336,594
CORQUE,consulta externa,nuevas en personas de 15 a 59 anos,2006-02-01,129,99,129,99,228
COTAGAITA,consulta externa,nuevas en personas de 15 a 59 anos,2006-02-01,648,1106,648,1106,1754
COTOCA,consulta externa,nuevas en personas de 15 a 59 anos,2006-02-01,120,236,120,236,356
CUATRO CAÑADAS,consulta externa,nuevas en personas de 15 a 59 anos,2006-02-01,306,648,306,648,954
CUCHUMUELA (V. G. VILLARROEL),consulta externa,nuevas en personas de 15 a 59 anos,2006-02-01,16,23,16,23,39
CUEVO,consulta externa,nuevas en personas de 15 a 59 anos,2006-02-01,60,78,60,78,138
CULPINA,consulta externa,nuevas en personas de 15 a 59 anos,2006-02-01,125,283,125,283,408
CURAHUARA DE CARANGAS,consulta externa,nuevas en personas de 15 a 59 anos,2006-02-01,108,206,108,206,314
CURVA,consulta externa,nuevas en personas de 15 a 59 anos,2006-02-01,28,45,28,45,73
DESAGUADERO,consulta externa,nuevas en personas de 15 a 59 anos,2006-02-01,39,91,39,91,130
EL ALTO,consulta externa,nuevas en personas de 15 a 59 anos,2006-02-01,4547,9196,4547,9196,13743
EL CHORO,consulta externa,nuevas en personas de 15 a 59 anos,2006-02-01,48,120,48,120,168
EL PUENTE(STC),consulta externa,nuevas en personas de 15 a 59 anos,2006-02-01,348,532,348,532,880
EL PUENTE(TJA),consulta externa,nuevas en personas de 15 a 59 anos,2006-02-01,140,222,140,222,362
EL TORNO,consulta externa,nuevas en personas de 15 a 59 anos,2006-02-01,641,1019,641,1019,1660
EL VILLAR,consulta externa,nuevas en personas de 15 a 59 anos,2006-02-01,67,241,67,241,308
ENTRE RIOS,consulta externa,nuevas en personas de 15 a 59 anos,2006-02-01,299,470,299,470,769
ENTRE RIOS,consulta externa,nuevas en personas de 15 a 59 anos,2006-02-01,216,248,216,248,464
ESCARA,consulta externa,nuevas en personas de 15 a 59 anos,2006-02-01,5,6,5,6,11
ESMERALDA,consulta externa,nuevas en personas de 15 a 59 anos,2006-02-01,1,0,1,0,1
EUCALIPTUS,consulta externa,nuevas en personas de 15 a 59 anos,2006-02-01,34,117,34,117,151
EUREKA (SANTOS MERCADO),consulta externa,nuevas en personas de 15 a 59 anos,2006-02-01,17,12,17,12,29
EXALTACION,consulta externa,nuevas en personas de 15 a 59 anos,2006-02-01,33,108,33,108,141
FERNANDEZ ALONSO,consulta externa,nuevas en personas de 15 a 59 anos,2006-02-01,132,241,132,241,373
FILADELFIA,consulta externa,nuevas en personas de 15 a 59 anos,2006-02-01,151,197,151,197,348
GENERAL SAAVEDRA,consulta externa,nuevas en personas de 15 a 59 anos,2006-02-01,128,284,128,284,412
GRAL. J.J. PEREZ (CHARAZANI),consulta externa,nuevas en personas de 15 a 59 anos,2006-02-01,103,202,103,202,305
GUANAY,consulta externa,nuevas en personas de 15 a 59 anos,2006-02-01,169,317,169,317,486
GUAQUI,consulta externa,nuevas en personas de 15 a 59 anos,2006-02-01,25,58,25,58,83
GUAYARAMERIN,consulta externa,nuevas en personas de 15 a 59 anos,2006-02-01,406,1220,406,1220,1626
GUTIERREZ,consulta externa,nuevas en personas de 15 a 59 anos,2006-02-01,218,304,218,304,522
HUACARETA,consulta externa,nuevas en personas de 15 a 59 anos,2006-02-01,195,335,195,335,530
HUACAYA (VILLA DE HUACAYA),consulta externa,nuevas en personas de 15 a 59 anos,2006-02-01,21,50,21,50,71
HUACHACALLA,consulta externa,nuevas en personas de 15 a 59 anos,2006-02-01,8,19,8,19,27
HUANUNI,consulta externa,nuevas en personas de 15 a 59 anos,2006-02-01,461,601,461,601,1062
HUARACAJE,consulta externa,nuevas en personas de 15 a 59 anos,2006-02-01,61,176,61,176,237
HUAYLLAMARCA,consulta externa,nuevas en personas de 15 a 59 anos,2006-02-01,37,79,37,79,116
ICHOCA,consulta externa,nuevas en personas de 15 a 59 anos,2006-02-01,48,116,48,116,164
ICLA,consulta externa,nuevas en personas de 15 a 59 anos,2006-02-01,139,421,139,421,560
INCAHUASI,consulta externa,nuevas en personas de 15 a 59 anos,2006-02-01,243,779,243,779,1022
INGAVI (HUMAITA),consulta externa,nuevas en personas de 15 a 59 anos,2006-02-01,46,42,46,42,88
INQUISIVI,consulta externa,nuevas en personas de 15 a 59 anos,2006-02-01,95,199,95,199,294
IRUPANA (VILLA DE LANZA),consulta externa,nuevas en personas de 15 a 59 anos,2006-02-01,190,324,190,324,514
IXIAMAS,consulta externa,nuevas en personas de 15 a 59 anos,2006-02-01,185,335,185,335,520
JESUS DE MACHACA,consulta externa,nuevas en personas de 15 a 59 anos,2006-02-01,98,256,98,256,354
LA ASUNTA,consulta externa,nuevas en personas de 15 a 59 anos,2006-02-01,347,442,347,442,789
LA GUARDIA,consulta externa,nuevas en personas de 15 a 59 anos,2006-02-01,232,637,232,637,869
LA PAZ,consulta externa,nuevas en personas de 15 a 59 anos,2006-02-01,17716,32907,17716,32907,50623
LA RIVERA,consulta externa,nuevas en personas de 15 a 59 anos,2006-02-01,4,8,4,8,12
LAGUNILLAS,consulta externa,nuevas en personas de 15 a 59 anos,2006-02-01,135,208,135,208,343
LAJA,consulta externa,nuevas en personas de 15 a 59 anos,2006-02-01,73,133,73,133,206
LAS CARRERAS,consulta externa,nuevas en personas de 15 a 59 anos,2006-02-01,51,110,51,110,161
LICOMA PAMPA,consulta externa,nuevas en personas de 15 a 59 anos,2006-02-01,21,18,21,18,39
LLALLAGUA,consulta externa,nuevas en personas de 15 a 59 anos,2006-02-01,391,725,391,725,1116
LLICA,consulta externa,nuevas en personas de 15 a 59 anos,2006-02-01,104,136,104,136,240
LORETO,consulta externa,nuevas en personas de 15 a 59 anos,2006-02-01,42,103,42,103,145
LURIBAY,consulta externa,nuevas en personas de 15 a 59 anos,2006-02-01,163,197,163,197,360
MACHACAMARCA,consulta externa,nuevas en personas de 15 a 59 anos,2006-02-01,33,71,33,71,104
MACHARETI,consulta externa,nuevas en personas de 15 a 59 anos,2006-02-01,137,382,137,382,519
MAGDALENA,consulta externa,nuevas en personas de 15 a 59 anos,2006-02-01,132,326,132,326,458
MAIRANA,consulta externa,nuevas en personas de 15 a 59 anos,2006-02-01,113,243,113,243,356
MALLA,consulta externa,nuevas en personas de 15 a 59 anos,2006-02-01,45,73,45,73,118
MAPIRI,consulta externa,nuevas en personas de 15 a 59 anos,2006-02-01,412,247,412,247,659
MECAPACA,consulta externa,nuevas en personas de 15 a 59 anos,2006-02-01,209,326,209,326,535
MINEROS,consulta externa,nuevas en personas de 15 a 59 anos,2006-02-01,59,254,59,254,313
MIZQUE,consulta externa,nuevas en personas de 15 a 59 anos,2006-02-01,205,330,205,330,535
MOCOMOCO,consulta externa,nuevas en personas de 15 a 59 anos,2006-02-01,160,222,160,222,382
MOJINETE,consulta externa,nuevas en personas de 15 a 59 anos,2006-02-01,15,46,15,46,61
MOJOCOYA,consulta externa,nuevas en personas de 15 a 59 anos,2006-02-01,79,210,79,210,289
MONTEAGUDO,consulta externa,nuevas en personas de 15 a 59 anos,2006-02-01,647,1054,647,1054,1701
MONTERO,consulta externa,nuevas en personas de 15 a 59 anos,2006-02-01,732,1717,732,1717,2449
MORO MORO,consulta externa,nuevas en personas de 15 a 59 anos,2006-02-01,25,70,25,70,95
MOROCHATA,consulta externa,nuevas en personas de 15 a 59 anos,2006-02-01,77,176,77,176,253
NACEBE (SANTA ROSA DEL ABUNA),consulta externa,nuevas en personas de 15 a 59 anos,2006-02-01,78,68,78,68,146
NAZACARA DE PACAJES,consulta externa,nuevas en personas de 15 a 59 anos,2006-02-01,2,0,2,0,2
NUEVO MANOA (NUEVA ESPERANZA),consulta externa,nuevas en personas de 15 a 59 anos,2006-02-01,57,72,57,72,129
OCURI,consulta externa,nuevas en personas de 15 a 59 anos,2006-02-01,143,387,143,387,530
OKINAWA,consulta externa,nuevas en personas de 15 a 59 anos,2006-02-01,272,639,272,639,911
OMEREQUE,consulta externa,nuevas en personas de 15 a 59 anos,2006-02-01,42,131,42,131,173
ORURO,consulta externa,nuevas en personas de 15 a 59 anos,2006-02-01,5490,9269,5490,9269,14759
PADCAYA,consulta externa,nuevas en personas de 15 a 59 anos,2006-02-01,277,527,277,527,804
PADILLA,consulta externa,nuevas en personas de 15 a 59 anos,2006-02-01,320,762,320,762,1082
PAILON,consulta externa,nuevas en personas de 15 a 59 anos,2006-02-01,137,250,137,250,387
PALCA,consulta externa,nuevas en personas de 15 a 59 anos,2006-02-01,101,163,101,163,264
PALOS BLANCOS,consulta externa,nuevas en personas de 15 a 59 anos,2006-02-01,295,444,295,444,739
PAMPA AULLAGAS,consulta externa,nuevas en personas de 15 a 59 anos,2006-02-01,20,53,20,53,73
PAMPA GRANDE,consulta externa,nuevas en personas de 15 a 59 anos,2006-02-01,88,169,88,169,257
PAPEL PAMPA,consulta externa,nuevas en personas de 15 a 59 anos,2006-02-01,54,80,54,80,134
PASORAPA,consulta externa,nuevas en personas de 15 a 59 anos,2006-02-01,38,55,38,55,93
PATACAMAYA,consulta externa,nuevas en personas de 15 a 59 anos,2006-02-01,128,193,128,193,321
PAZÑA,consulta externa,nuevas en personas de 15 a 59 anos,2006-02-01,74,134,74,134,208
PELECHUCO,consulta externa,nuevas en personas de 15 a 59 anos,2006-02-01,106,128,106,128,234
POCOATA,consulta externa,nuevas en personas de 15 a 59 anos,2006-02-01,255,437,255,437,692
POCONA,consulta externa,nuevas en personas de 15 a 59 anos,2006-02-01,107,179,107,179,286
POJO (CBBA),consulta externa,nuevas en personas de 15 a 59 anos,2006-02-01,28,46,28,46,74
POOPO,consulta externa,nuevas en personas de 15 a 59 anos,2006-02-01,48,44,48,44,92
PORCO,consulta externa,nuevas en personas de 15 a 59 anos,2006-02-01,67,129,67,129,196
POROMA,consulta externa,nuevas en personas de 15 a 59 anos,2006-02-01,172,461,172,461,633
PORONGO,consulta externa,nuevas en personas de 15 a 59 anos,2006-02-01,102,176,102,176,278
PORTACHUELO,consulta externa,nuevas en personas de 15 a 59 anos,2006-02-01,198,443,198,443,641
PORVENIR,consulta externa,nuevas en personas de 15 a 59 anos,2006-02-01,74,82,74,82,156
POSTRER VALLE,consulta externa,nuevas en personas de 15 a 59 anos,2006-02-01,10,59,10,59,69
POTOSI,consulta externa,nuevas en personas de 15 a 59 anos,2006-02-01,9573,7235,9573,7235,16808
PRESTO,consulta externa,nuevas en personas de 15 a 59 anos,2006-02-01,101,267,101,267,368
PUCARA,consulta externa,nuevas en personas de 15 a 59 anos,2006-02-01,47,85,47,85,132
PUCARANI,consulta externa,nuevas en personas de 15 a 59 anos,2006-02-01,120,215,120,215,335
PUERTO ACOSTA,consulta externa,nuevas en personas de 15 a 59 anos,2006-02-01,304,446,304,446,750
PUERTO CARABUCO,consulta externa,nuevas en personas de 15 a 59 anos,2006-02-01,136,172,136,172,308
PUERTO GONZALO MORENO,consulta externa,nuevas en personas de 15 a 59 anos,2006-02-01,83,135,83,135,218
PUERTO PEREZ,consulta externa,nuevas en personas de 15 a 59 anos,2006-02-01,75,108,75,108,183
PUERTO QUIJARRO,consulta externa,nuevas en personas de 15 a 59 anos,2006-02-01,357,299,357,299,656
PUERTO RICO,consulta externa,nuevas en personas de 15 a 59 anos,2006-02-01,131,152,131,152,283
PUERTO SILES,consulta externa,nuevas en personas de 15 a 59 anos,2006-02-01,29,62,29,62,91
PUERTO SUAREZ,consulta externa,nuevas en personas de 15 a 59 anos,2006-02-01,155,395,155,395,550
PUERTO VILLARROEL,consulta externa,nuevas en personas de 15 a 59 anos,2006-02-01,564,706,564,706,1270
PUNA,consulta externa,nuevas en personas de 15 a 59 anos,2006-02-01,351,870,351,870,1221
PUNATA,consulta externa,nuevas en personas de 15 a 59 anos,2006-02-01,212,574,212,574,786
QUIABAYA,consulta externa,nuevas en personas de 15 a 59 anos,2006-02-01,18,28,18,28,46
QUILLACOLLO,consulta externa,nuevas en personas de 15 a 59 anos,2006-02-01,210,517,210,517,727
QUIME,consulta externa,nuevas en personas de 15 a 59 anos,2006-02-01,224,193,224,193,417
QUIRUSILLAS,consulta externa,nuevas en personas de 15 a 59 anos,2006-02-01,25,42,25,42,67
RAVELO,consulta externa,nuevas en personas de 15 a 59 anos,2006-02-01,107,245,107,245,352
REYES,consulta externa,nuevas en personas de 15 a 59 anos,2006-02-01,126,288,126,288,414
RIBERALTA,consulta externa,nuevas en personas de 15 a 59 anos,2006-02-01,611,1322,611,1322,1933
ROBORE,consulta externa,nuevas en personas de 15 a 59 anos,2006-02-01,195,559,195,559,754
RURRENABAQUE,consulta externa,nuevas en personas de 15 a 59 anos,2006-02-01,160,338,160,338,498
SABAYA,consulta externa,nuevas en personas de 15 a 59 anos,2006-02-01,53,69,53,69,122
SACABA,consulta externa,nuevas en personas de 15 a 59 anos,2006-02-01,458,1288,458,1288,1746
SACABAMBA,consulta externa,nuevas en personas de 15 a 59 anos,2006-02-01,26,42,26,42,68
SACACA,consulta externa,nuevas en personas de 15 a 59 anos,2006-02-01,178,428,178,428,606
SAIPINA,consulta externa,nuevas en personas de 15 a 59 anos,2006-02-01,265,499,265,499,764
SALINAS DE GARCI MENDOZA,consulta externa,nuevas en personas de 15 a 59 anos,2006-02-01,80,177,80,177,257
SAMAIPATA,consulta externa,nuevas en personas de 15 a 59 anos,2006-02-01,129,201,129,201,330
SAN AGUSTIN,consulta externa,nuevas en personas de 15 a 59 anos,2006-02-01,25,54,25,54,79
SAN ANDRES,consulta externa,nuevas en personas de 15 a 59 anos,2006-02-01,56,166,56,166,222
SAN ANDRES DE MACHACA,consulta externa,nuevas en personas de 15 a 59 anos,2006-02-01,30,71,30,71,101
SAN ANTONIO DE ESMORUCO,consulta externa,nuevas en personas de 15 a 59 anos,2006-02-01,18,63,18,63,81
SAN ANTONIO DE LOMERIO,consulta externa,nuevas en personas de 15 a 59 anos,2006-02-01,37,42,37,42,79
SAN BENITO,consulta externa,nuevas en personas de 15 a 59 anos,2006-02-01,41,138,41,138,179
SAN BORJA,consulta externa,nuevas en personas de 15 a 59 anos,2006-02-01,181,413,181,413,594
SAN BUENA VENTURA,consulta externa,nuevas en personas de 15 a 59 anos,2006-02-01,279,464,279,464,743
SAN CARLOS,consulta externa,nuevas en personas de 15 a 59 anos,2006-02-01,204,472,204,472,676
SAN IGNACIO,consulta externa,nuevas en personas de 15 a 59 anos,2006-02-01,217,536,217,536,753
SAN IGNACIO DE VELASCO,consulta externa,nuevas en personas de 15 a 59 anos,2006-02-01,576,1129,576,1129,1705
SAN JAVIER(BNI),consulta externa,nuevas en personas de 15 a 59 anos,2006-02-01,14,15,14,15,29
SAN JAVIER(STC),consulta externa,nuevas en personas de 15 a 59 anos,2006-02-01,61,149,61,149,210
SAN JOAQUIN,consulta externa,nuevas en personas de 15 a 59 anos,2006-02-01,53,165,53,165,218
SAN JOSE DE CHIQUITOS,consulta externa,nuevas en personas de 15 a 59 anos,2006-02-01,205,386,205,386,591
SAN JUAN DE YAPACANI,consulta externa,nuevas en personas de 15 a 59 anos,2006-02-01,113,182,113,182,295
SAN JULIAN,consulta externa,nuevas en personas de 15 a 59 anos,2006-02-01,2112,3009,2112,3009,5121
SAN LORENZO(PND),consulta externa,nuevas en personas de 15 a 59 anos,2006-02-01,42,147,42,147,189
SAN LORENZO(TJA),consulta externa,nuevas en personas de 15 a 59 anos,2006-02-01,186,444,186,444,630
SAN LUCAS,consulta externa,nuevas en personas de 15 a 59 anos,2006-02-01,333,898,333,898,1231
SAN MATIAS,consulta externa,nuevas en personas de 15 a 59 anos,2006-02-01,150,273,150,273,423
SAN MIGUEL DE VELASCO,consulta externa,nuevas en personas de 15 a 59 anos,2006-02-01,84,175,84,175,259
SAN PABLO DE LIPEZ,consulta externa,nuevas en personas de 15 a 59 anos,2006-02-01,74,151,74,151,225
SAN PEDRO,consulta externa,nuevas en personas de 15 a 59 anos,2006-02-01,270,470,270,470,740
SAN PEDRO DE BUENA VISTA,consulta externa,nuevas en personas de 15 a 59 anos,2006-02-01,145,287,145,287,432
SAN PEDRO DE CURAHUARA,consulta externa,nuevas en personas de 15 a 59 anos,2006-02-01,30,60,30,60,90
SAN PEDRO DE QUEMES,consulta externa,nuevas en personas de 15 a 59 anos,2006-02-01,4,8,4,8,12
SAN PEDRO DE TIQUINA,consulta externa,nuevas en personas de 15 a 59 anos,2006-02-01,23,32,23,32,55
SAN PEDRO(PND),consulta externa,nuevas en personas de 15 a 59 anos,2006-02-01,15,34,15,34,49
SAN RAFAEL,consulta externa,nuevas en personas de 15 a 59 anos,2006-02-01,73,67,73,67,140
SAN RAMON,consulta externa,nuevas en personas de 15 a 59 anos,2006-02-01,53,168,53,168,221
SAN RAMON,consulta externa,nuevas en personas de 15 a 59 anos,2006-02-01,124,216,124,216,340
SANTA ANA,consulta externa,nuevas en personas de 15 a 59 anos,2006-02-01,98,253,98,253,351
SANTA CRUZ DE LA SIERRA,consulta externa,nuevas en personas de 15 a 59 anos,2006-02-01,18919,35009,18919,35009,53928
SANTA ROSA,consulta externa,nuevas en personas de 15 a 59 anos,2006-02-01,44,130,44,130,174
SANTA ROSA DEL SARA,consulta externa,nuevas en personas de 15 a 59 anos,2006-02-01,278,472,278,472,750
SANTIAGO DE CALLAPA,consulta externa,nuevas en personas de 15 a 59 anos,2006-02-01,17,25,17,25,42
SANTIAGO DE HUARI,consulta externa,nuevas en personas de 15 a 59 anos,2006-02-01,67,145,67,145,212
SANTIAGO DE MACHACA,consulta externa,nuevas en personas de 15 a 59 anos,2006-02-01,52,83,52,83,135
SANTIVAÑES,consulta externa,nuevas en personas de 15 a 59 anos,2006-02-01,42,79,42,79,121
SANTUARIO DE QUILLACAS,consulta externa,nuevas en personas de 15 a 59 anos,2006-02-01,18,37,18,37,55
SAPAHAQUI,consulta externa,nuevas en personas de 15 a 59 anos,2006-02-01,131,160,131,160,291
SENA,consulta externa,nuevas en personas de 15 a 59 anos,2006-02-01,69,105,69,105,174
SICA SICA (VILLA AROMA),consulta externa,nuevas en personas de 15 a 59 anos,2006-02-01,77,132,77,132,209
SICAYA,consulta externa,nuevas en personas de 15 a 59 anos,2006-02-01,11,27,11,27,38
SIPE SIPE,consulta externa,nuevas en personas de 15 a 59 anos,2006-02-01,96,354,96,354,450
SOPACHUY,consulta externa,nuevas en personas de 15 a 59 anos,2006-02-01,105,245,105,245,350
SORACACHI,consulta externa,nuevas en personas de 15 a 59 anos,2006-02-01,53,62,53,62,115
SORATA,consulta externa,nuevas en personas de 15 a 59 anos,2006-02-01,154,200,154,200,354
SUCRE,consulta externa,nuevas en personas de 15 a 59 anos,2006-02-01,6692,13939,6692,13939,20631
TACACHI,consulta externa,nuevas en personas de 15 a 59 anos,2006-02-01,7,28,7,28,35
TACACOMA,consulta externa,nuevas en personas de 15 a 59 anos,2006-02-01,71,84,71,84,155
TACOBAMBA,consulta externa,nuevas en personas de 15 a 59 anos,2006-02-01,69,166,69,166,235
TACOPAYA,consulta externa,nuevas en personas de 15 a 59 anos,2006-02-01,70,162,70,162,232
TAHUA,consulta externa,nuevas en personas de 15 a 59 anos,2006-02-01,16,33,16,33,49
TAPACARI,consulta externa,nuevas en personas de 15 a 59 anos,2006-02-01,157,352,157,352,509
TARABUCO,consulta externa,nuevas en personas de 15 a 59 anos,2006-02-01,177,335,177,335,512
TARACO,consulta externa,nuevas en personas de 15 a 59 anos,2006-02-01,19,47,19,47,66
TARATA,consulta externa,nuevas en personas de 15 a 59 anos,2006-02-01,41,49,41,49,90
TARIJA,consulta externa,nuevas en personas de 15 a 59 anos,2006-02-01,4788,8612,4788,8612,13400
TARVITA,consulta externa,nuevas en personas de 15 a 59 anos,2006-02-01,208,447,208,447,655
TEOPONTE,consulta externa,nuevas en personas de 15 a 59 anos,2006-02-01,133,165,133,165,298
TIAWANACU,consulta externa,nuevas en personas de 15 a 59 anos,2006-02-01,70,152,70,152,222
TINGUIPAYA,consulta externa,nuevas en personas de 15 a 59 anos,2006-02-01,156,446,156,446,602
TIPUANI,consulta externa,nuevas en personas de 15 a 59 anos,2006-02-01,78,126,78,126,204
TIQUIPAYA,consulta externa,nuevas en personas de 15 a 59 anos,2006-02-01,96,345,96,345,441
TIRAQUE (CBBA),consulta externa,nuevas en personas de 15 a 59 anos,2006-02-01,398,703,398,703,1101
TITO YUPANQUI (PARQUIPUJIO),consulta externa,nuevas en personas de 15 a 59 anos,2006-02-01,13,48,13,48,61
TOCO,consulta externa,nuevas en personas de 15 a 59 anos,2006-02-01,20,44,20,44,64
TODOS SANTOS,consulta externa,nuevas en personas de 15 a 59 anos,2006-02-01,2,0,2,0,2
TOLATA,consulta externa,nuevas en personas de 15 a 59 anos,2006-02-01,17,38,17,38,55
TOLEDO,consulta externa,nuevas en personas de 15 a 59 anos,2006-02-01,91,143,91,143,234
TOMAVE,consulta externa,nuevas en personas de 15 a 59 anos,2006-02-01,160,269,160,269,429
TOMINA,consulta externa,nuevas en personas de 15 a 59 anos,2006-02-01,148,250,148,250,398
TORO TORO,consulta externa,nuevas en personas de 15 a 59 anos,2006-02-01,91,220,91,220,311
TOTORA(CBBA),consulta externa,nuevas en personas de 15 a 59 anos,2006-02-01,80,87,80,87,167
TOTORA(ORR),consulta externa,nuevas en personas de 15 a 59 anos,2006-02-01,25,42,25,42,67
TRIGAL,consulta externa,nuevas en personas de 15 a 59 anos,2006-02-01,76,149,76,149,225
TRINIDAD,consulta externa,nuevas en personas de 15 a 59 anos,2006-02-01,1719,3482,1719,3482,5201
TUPIZA,consulta externa,nuevas en personas de 15 a 59 anos,2006-02-01,1301,2274,1301,2274,3575
TURCO,consulta externa,nuevas en personas de 15 a 59 anos,2006-02-01,31,53,31,53,84
UMALA,consulta externa,nuevas en personas de 15 a 59 anos,2006-02-01,86,86,86,86,172
UNCIA,consulta externa,nuevas en personas de 15 a 59 anos,2006-02-01,403,602,403,602,1005
URIONDO (A. CONCEPCION),consulta externa,nuevas en personas de 15 a 59 anos,2006-02-01,109,290,109,290,399
URUBICHA,consulta externa,nuevas en personas de 15 a 59 anos,2006-02-01,60,134,60,134,194
UYUNI,consulta externa,nuevas en personas de 15 a 59 anos,2006-02-01,554,697,554,697,1251
VACAS,consulta externa,nuevas en personas de 15 a 59 anos,2006-02-01,85,178,85,178,263
VALLEGRANDE,consulta externa,nuevas en personas de 15 a 59 anos,2006-02-01,350,718,350,718,1068
VIACHA,consulta externa,nuevas en personas de 15 a 59 anos,2006-02-01,555,981,555,981,1536
VILA VILA,consulta externa,nuevas en personas de 15 a 59 anos,2006-02-01,120,170,120,170,290
VILLA MONTES,consulta externa,nuevas en personas de 15 a 59 anos,2006-02-01,385,596,385,596,981
VILLA NUEVA (LOMA ALTA),consulta externa,nuevas en personas de 15 a 59 anos,2006-02-01,11,7,11,7,18
VILLA RIVERO,consulta externa,nuevas en personas de 15 a 59 anos,2006-02-01,30,99,30,99,129
VILLA SERRANO,consulta externa,nuevas en personas de 15 a 59 anos,2006-02-01,138,284,138,284,422
VILLA TUNARI,consulta externa,nuevas en personas de 15 a 59 anos,2006-02-01,783,1374,783,1374,2157
VILLA VACA GUZMAN (MUYUPAMPA),consulta externa,nuevas en personas de 15 a 59 anos,2006-02-01,222,351,222,351,573
VILLAZON,consulta externa,nuevas en personas de 15 a 59 anos,2006-02-01,524,1191,524,1191,1715
VINTO,consulta externa,nuevas en personas de 15 a 59 anos,2006-02-01,207,344,207,344,551
VITICHI,consulta externa,nuevas en personas de 15 a 59 anos,2006-02-01,129,293,129,293,422
WALDO BALLIVIAN,consulta externa,nuevas en personas de 15 a 59 anos,2006-02-01,9,17,9,17,26
WARNES,consulta externa,nuevas en personas de 15 a 59 anos,2006-02-01,304,604,304,604,908
YACO,consulta externa,nuevas en personas de 15 a 59 anos,2006-02-01,40,80,40,80,120
YACUIBA,consulta externa,nuevas en personas de 15 a 59 anos,2006-02-01,1396,2693,1396,2693,4089
YAMPARAEZ,consulta externa,nuevas en personas de 15 a 59 anos,2006-02-01,68,150,68,150,218
YANACACHI,consulta externa,nuevas en personas de 15 a 59 anos,2006-02-01,272,229,272,229,501
YAPACANI,consulta externa,nuevas en personas de 15 a 59 anos,2006-02-01,649,1283,649,1283,1932
YOCALLA,consulta externa,nuevas en personas de 15 a 59 anos,2006-02-01,47,83,47,83,130
YOTALA,consulta externa,nuevas en personas de 15 a 59 anos,2006-02-01,94,136,94,136,230
YUNCHARA,consulta externa,nuevas en personas de 15 a 59 anos,2006-02-01,109,237,109,237,346
ZUDAÑEZ,consulta externa,nuevas en personas de 15 a 59 anos,2006-02-01,134,204,134,204,338
ACACIO,consulta externa,nuevas en personas de 15 a 59 anos,2006-03-01,99,151,99,151,250
ACHACACHI,consulta externa,nuevas en personas de 15 a 59 anos,2006-03-01,499,826,499,826,1325
ACHOCALLA,consulta externa,nuevas en personas de 15 a 59 anos,2006-03-01,43,64,43,64,107
AIQUILE,consulta externa,nuevas en personas de 15 a 59 anos,2006-03-01,236,477,236,477,713
ALALAY,consulta externa,nuevas en personas de 15 a 59 anos,2006-03-01,22,48,22,48,70
ALCALA,consulta externa,nuevas en personas de 15 a 59 anos,2006-03-01,163,323,163,323,486
ANCORAIMES,consulta externa,nuevas en personas de 15 a 59 anos,2006-03-01,113,235,113,235,348
ANDAMARCA,consulta externa,nuevas en personas de 15 a 59 anos,2006-03-01,62,88,62,88,150
ANTEQUERA,consulta externa,nuevas en personas de 15 a 59 anos,2006-03-01,16,25,16,25,41
ANZALDO,consulta externa,nuevas en personas de 15 a 59 anos,2006-03-01,66,82,66,82,148
APOLO,consulta externa,nuevas en personas de 15 a 59 anos,2006-03-01,128,310,128,310,438
ARAMPAMPA,consulta externa,nuevas en personas de 15 a 59 anos,2006-03-01,31,86,31,86,117
ARANI,consulta externa,nuevas en personas de 15 a 59 anos,2006-03-01,54,67,54,67,121
ARBIETO,consulta externa,nuevas en personas de 15 a 59 anos,2006-03-01,29,59,29,59,88
ARQUE,consulta externa,nuevas en personas de 15 a 59 anos,2006-03-01,82,183,82,183,265
ASCENCION DE GUARAYOS,consulta externa,nuevas en personas de 15 a 59 anos,2006-03-01,273,400,273,400,673
ATOCHA,consulta externa,nuevas en personas de 15 a 59 anos,2006-03-01,828,868,828,868,1696
AUCAPATA,consulta externa,nuevas en personas de 15 a 59 anos,2006-03-01,96,136,96,136,232
AYATA,consulta externa,nuevas en personas de 15 a 59 anos,2006-03-01,56,144,56,144,200
AYO AYO,consulta externa,nuevas en personas de 15 a 59 anos,2006-03-01,49,87,49,87,136
AYOPAYA (V. DE INDEPENDENCIA),consulta externa,nuevas en personas de 15 a 59 anos,2006-03-01,229,463,229,463,692
AZURDUY,consulta externa,nuevas en personas de 15 a 59 anos,2006-03-01,272,672,272,672,944
BATALLAS,consulta externa,nuevas en personas de 15 a 59 anos,2006-03-01,91,137,91,137,228
BAURES,consulta externa,nuevas en personas de 15 a 59 anos,2006-03-01,68,194,68,194,262
BELEN DE ANDAMARCA,consulta externa,nuevas en personas de 15 a 59 anos,2006-03-01,13,25,13,25,38
BELEN DE URMIRI,consulta externa,nuevas en personas de 15 a 59 anos,2006-03-01,58,107,58,107,165
BELLA FLOR,consulta externa,nuevas en personas de 15 a 59 anos,2006-03-01,111,117,111,117,228
BERMEJO,consulta externa,nuevas en personas de 15 a 59 anos,2006-03-01,700,1213,700,1213,1913
BETANZOS,consulta externa,nuevas en personas de 15 a 59 anos,2006-03-01,508,945,508,945,1453
BOLIVAR,consulta externa,nuevas en personas de 15 a 59 anos,2006-03-01,189,248,189,248,437
BOLPEBRA,consulta externa,nuevas en personas de 15 a 59 anos,2006-03-01,52,38,52,38,90
BOYUIBE,consulta externa,nuevas en personas de 15 a 59 anos,2006-03-01,106,209,106,209,315
BUENA VISTA,consulta externa,nuevas en personas de 15 a 59 anos,2006-03-01,247,402,247,402,649
CABEZAS,consulta externa,nuevas en personas de 15 a 59 anos,2006-03-01,367,452,367,452,819
CAIROMA,consulta externa,nuevas en personas de 15 a 59 anos,2006-03-01,111,193,111,193,304
"CAIZA ""D""",consulta externa,nuevas en personas de 15 a 59 anos,2006-03-01,235,314,235,314,549
CAJUATA,consulta externa,nuevas en personas de 15 a 59 anos,2006-03-01,135,276,135,276,411
CALACOTO,consulta externa,nuevas en personas de 15 a 59 anos,2006-03-01,85,114,85,114,199
CALAMARCA,consulta externa,nuevas en personas de 15 a 59 anos,2006-03-01,57,114,57,114,171
CAMARGO,consulta externa,nuevas en personas de 15 a 59 anos,2006-03-01,554,848,554,848,1402
CAMATAQUI (C. VILLA ABECIA),consulta externa,nuevas en personas de 15 a 59 anos,2006-03-01,94,176,94,176,270
CAMIRI,consulta externa,nuevas en personas de 15 a 59 anos,2006-03-01,720,1511,720,1511,2231
CAPINOTA,consulta externa,nuevas en personas de 15 a 59 anos,2006-03-01,159,196,159,196,355
CAQUIAVIRI,consulta externa,nuevas en personas de 15 a 59 anos,2006-03-01,89,150,89,150,239
CARACOLLO,consulta externa,nuevas en personas de 15 a 59 anos,2006-03-01,119,217,119,217,336
CARANAVI,consulta externa,nuevas en personas de 15 a 59 anos,2006-03-01,1082,1497,1082,1497,2579
CARANGAS,consulta externa,nuevas en personas de 15 a 59 anos,2006-03-01,0,1,0,1,1
CARAPARI,consulta externa,nuevas en personas de 15 a 59 anos,2006-03-01,267,369,267,369,636
CARIPUYO,consulta externa,nuevas en personas de 15 a 59 anos,2006-03-01,80,243,80,243,323
CARMEN RIVERO TORREZ,consulta externa,nuevas en personas de 15 a 59 anos,2006-03-01,20,52,20,52,72
CATACORA,consulta externa,nuevas en personas de 15 a 59 anos,2006-03-01,26,57,26,57,83
CHACARILLA,consulta externa,nuevas en personas de 15 a 59 anos,2006-03-01,5,10,5,10,15
CHALLAPATA,consulta externa,nuevas en personas de 15 a 59 anos,2006-03-01,277,540,277,540,817
CHAQUI,consulta externa,nuevas en personas de 15 a 59 anos,2006-03-01,67,155,67,155,222
CHARAGUA,consulta externa,nuevas en personas de 15 a 59 anos,2006-03-01,149,439,149,439,588
CHARAÑA,consulta externa,nuevas en personas de 15 a 59 anos,2006-03-01,57,65,57,65,122
CHAYANTA,consulta externa,nuevas en personas de 15 a 59 anos,2006-03-01,136,306,136,306,442
CHIMORE,consulta externa,nuevas en personas de 15 a 59 anos,2006-03-01,262,310,262,310,572
CHIPAYA,consulta externa,nuevas en personas de 15 a 59 anos,2006-03-01,23,29,23,29,52
CHOQUE COTA,consulta externa,nuevas en personas de 15 a 59 anos,2006-03-01,39,62,39,62,101
CHULUMANI (V. DE LA LIBERTAD),consulta externa,nuevas en personas de 15 a 59 anos,2006-03-01,232,318,232,318,550
CHUMA,consulta externa,nuevas en personas de 15 a 59 anos,2006-03-01,136,211,136,211,347
CLIZA,consulta externa,nuevas en personas de 15 a 59 anos,2006-03-01,61,106,61,106,167
COBIJA,consulta externa,nuevas en personas de 15 a 59 anos,2006-03-01,819,1581,819,1581,2400
COCHABAMBA,consulta externa,nuevas en personas de 15 a 59 anos,2006-03-01,12480,26654,12480,26654,39134
COIPASA,consulta externa,nuevas en personas de 15 a 59 anos,2006-03-01,7,13,7,13,20
COLCAPIRHUA,consulta externa,nuevas en personas de 15 a 59 anos,2006-03-01,466,985,466,985,1451
"COLCHA ""K""",consulta externa,nuevas en personas de 15 a 59 anos,2006-03-01,213,455,213,455,668
COLLANA,consulta externa,nuevas en personas de 15 a 59 anos,2006-03-01,28,34,28,34,62
COLOMI,consulta externa,nuevas en personas de 15 a 59 anos,2006-03-01,139,228,139,228,367
COLPA BELGICA,consulta externa,nuevas en personas de 15 a 59 anos,2006-03-01,87,166,87,166,253
COLQUECHACA,consulta externa,nuevas en personas de 15 a 59 anos,2006-03-01,418,729,418,729,1147
COLQUENCHA,consulta externa,nuevas en personas de 15 a 59 anos,2006-03-01,52,120,52,120,172
COLQUIRI,consulta externa,nuevas en personas de 15 a 59 anos,2006-03-01,231,594,231,594,825
COMANCHE,consulta externa,nuevas en personas de 15 a 59 anos,2006-03-01,27,49,27,49,76
COMARAPA,consulta externa,nuevas en personas de 15 a 59 anos,2006-03-01,262,600,262,600,862
COMBAYA,consulta externa,nuevas en personas de 15 a 59 anos,2006-03-01,19,30,19,30,49
CONCEPCION,consulta externa,nuevas en personas de 15 a 59 anos,2006-03-01,9,162,9,162,171
COPACABANA,consulta externa,nuevas en personas de 15 a 59 anos,2006-03-01,150,267,150,267,417
CORIPATA,consulta externa,nuevas en personas de 15 a 59 anos,2006-03-01,139,227,139,227,366
CORO CORO,consulta externa,nuevas en personas de 15 a 59 anos,2006-03-01,72,117,72,117,189
COROICO,consulta externa,nuevas en personas de 15 a 59 anos,2006-03-01,359,426,359,426,785
CORQUE,consulta externa,nuevas en personas de 15 a 59 anos,2006-03-01,154,165,154,165,319
COTAGAITA,consulta externa,nuevas en personas de 15 a 59 anos,2006-03-01,781,1234,781,1234,2015
COTOCA,consulta externa,nuevas en personas de 15 a 59 anos,2006-03-01,169,469,169,469,638
CUATRO CAÑADAS,consulta externa,nuevas en personas de 15 a 59 anos,2006-03-01,379,648,379,648,1027
CUCHUMUELA (V. G. VILLARROEL),consulta externa,nuevas en personas de 15 a 59 anos,2006-03-01,91,35,91,35,126
CUEVO,consulta externa,nuevas en personas de 15 a 59 anos,2006-03-01,88,107,88,107,195
CULPINA,consulta externa,nuevas en personas de 15 a 59 anos,2006-03-01,270,642,270,642,912
CURAHUARA DE CARANGAS,consulta externa,nuevas en personas de 15 a 59 anos,2006-03-01,56,174,56,174,230
CURVA,consulta externa,nuevas en personas de 15 a 59 anos,2006-03-01,21,44,21,44,65
DESAGUADERO,consulta externa,nuevas en personas de 15 a 59 anos,2006-03-01,34,62,34,62,96
EL ALTO,consulta externa,nuevas en personas de 15 a 59 anos,2006-03-01,6720,13304,6720,13304,20024
EL CHORO,consulta externa,nuevas en personas de 15 a 59 anos,2006-03-01,115,210,115,210,325
EL PUENTE(STC),consulta externa,nuevas en personas de 15 a 59 anos,2006-03-01,236,430,236,430,666
EL PUENTE(TJA),consulta externa,nuevas en personas de 15 a 59 anos,2006-03-01,265,469,265,469,734
EL TORNO,consulta externa,nuevas en personas de 15 a 59 anos,2006-03-01,712,1142,712,1142,1854
EL VILLAR,consulta externa,nuevas en personas de 15 a 59 anos,2006-03-01,86,229,86,229,315
ENTRE RIOS,consulta externa,nuevas en personas de 15 a 59 anos,2006-03-01,387,643,387,643,1030
ENTRE RIOS,consulta externa,nuevas en personas de 15 a 59 anos,2006-03-01,214,257,214,257,471
ESCARA,consulta externa,nuevas en personas de 15 a 59 anos,2006-03-01,10,3,10,3,13
EUCALIPTUS,consulta externa,nuevas en personas de 15 a 59 anos,2006-03-01,67,123,67,123,190
EUREKA (SANTOS MERCADO),consulta externa,nuevas en personas de 15 a 59 anos,2006-03-01,27,56,27,56,83
EXALTACION,consulta externa,nuevas en personas de 15 a 59 anos,2006-03-01,8,14,8,14,22
FERNANDEZ ALONSO,consulta externa,nuevas en personas de 15 a 59 anos,2006-03-01,104,277,104,277,381
FILADELFIA,consulta externa,nuevas en personas de 15 a 59 anos,2006-03-01,152,246,152,246,398
GENERAL SAAVEDRA,consulta externa,nuevas en personas de 15 a 59 anos,2006-03-01,134,236,134,236,370
GRAL. J.J. PEREZ (CHARAZANI),consulta externa,nuevas en personas de 15 a 59 anos,2006-03-01,126,180,126,180,306
GUANAY,consulta externa,nuevas en personas de 15 a 59 anos,2006-03-01,189,365,189,365,554
GUAQUI,consulta externa,nuevas en personas de 15 a 59 anos,2006-03-01,38,66,38,66,104
GUAYARAMERIN,consulta externa,nuevas en personas de 15 a 59 anos,2006-03-01,484,1670,484,1670,2154
GUTIERREZ,consulta externa,nuevas en personas de 15 a 59 anos,2006-03-01,186,285,186,285,471
HUACARETA,consulta externa,nuevas en personas de 15 a 59 anos,2006-03-01,195,364,195,364,559
HUACAYA (VILLA DE HUACAYA),consulta externa,nuevas en personas de 15 a 59 anos,2006-03-01,32,90,32,90,122
HUACHACALLA,consulta externa,nuevas en personas de 15 a 59 anos,2006-03-01,15,19,15,19,34
HUANUNI,consulta externa,nuevas en personas de 15 a 59 anos,2006-03-01,442,689,442,689,1131
HUARACAJE,consulta externa,nuevas en personas de 15 a 59 anos,2006-03-01,46,100,46,100,146
HUAYLLAMARCA,consulta externa,nuevas en personas de 15 a 59 anos,2006-03-01,75,144,75,144,219
ICHOCA,consulta externa,nuevas en personas de 15 a 59 anos,2006-03-01,87,192,87,192,279
ICLA,consulta externa,nuevas en personas de 15 a 59 anos,2006-03-01,158,368,158,368,526
INCAHUASI,consulta externa,nuevas en personas de 15 a 59 anos,2006-03-01,275,728,275,728,1003
INGAVI (HUMAITA),consulta externa,nuevas en personas de 15 a 59 anos,2006-03-01,15,7,15,7,22
INQUISIVI,consulta externa,nuevas en personas de 15 a 59 anos,2006-03-01,81,214,81,214,295
IRUPANA (VILLA DE LANZA),consulta externa,nuevas en personas de 15 a 59 anos,2006-03-01,135,330,135,330,465
IXIAMAS,consulta externa,nuevas en personas de 15 a 59 anos,2006-03-01,273,370,273,370,643
JESUS DE MACHACA,consulta externa,nuevas en personas de 15 a 59 anos,2006-03-01,128,254,128,254,382
LA ASUNTA,consulta externa,nuevas en personas de 15 a 59 anos,2006-03-01,290,428,290,428,718
LA GUARDIA,consulta externa,nuevas en personas de 15 a 59 anos,2006-03-01,289,727,289,727,1016
LA PAZ,consulta externa,nuevas en personas de 15 a 59 anos,2006-03-01,21373,39983,21373,39983,61356
LA RIVERA,consulta externa,nuevas en personas de 15 a 59 anos,2006-03-01,4,11,4,11,15
LAGUNILLAS,consulta externa,nuevas en personas de 15 a 59 anos,2006-03-01,126,202,126,202,328
LAJA,consulta externa,nuevas en personas de 15 a 59 anos,2006-03-01,57,138,57,138,195
LAS CARRERAS,consulta externa,nuevas en personas de 15 a 59 anos,2006-03-01,64,155,64,155,219
LICOMA PAMPA,consulta externa,nuevas en personas de 15 a 59 anos,2006-03-01,35,74,35,74,109
LLALLAGUA,consulta externa,nuevas en personas de 15 a 59 anos,2006-03-01,435,908,435,908,1343
LLICA,consulta externa,nuevas en personas de 15 a 59 anos,2006-03-01,132,160,132,160,292
LORETO,consulta externa,nuevas en personas de 15 a 59 anos,2006-03-01,17,42,17,42,59
LURIBAY,consulta externa,nuevas en personas de 15 a 59 anos,2006-03-01,131,212,131,212,343
MACHACAMARCA,consulta externa,nuevas en personas de 15 a 59 anos,2006-03-01,46,79,46,79,125
MACHARETI,consulta externa,nuevas en personas de 15 a 59 anos,2006-03-01,155,372,155,372,527
MAGDALENA,consulta externa,nuevas en personas de 15 a 59 anos,2006-03-01,122,308,122,308,430
MAIRANA,consulta externa,nuevas en personas de 15 a 59 anos,2006-03-01,86,247,86,247,333
MALLA,consulta externa,nuevas en personas de 15 a 59 anos,2006-03-01,49,91,49,91,140
MAPIRI,consulta externa,nuevas en personas de 15 a 59 anos,2006-03-01,164,262,164,262,426
MECAPACA,consulta externa,nuevas en personas de 15 a 59 anos,2006-03-01,159,277,159,277,436
MINEROS,consulta externa,nuevas en personas de 15 a 59 anos,2006-03-01,110,362,110,362,472
MIZQUE,consulta externa,nuevas en personas de 15 a 59 anos,2006-03-01,195,384,195,384,579
MOCOMOCO,consulta externa,nuevas en personas de 15 a 59 anos,2006-03-01,258,287,258,287,545
MOJINETE,consulta externa,nuevas en personas de 15 a 59 anos,2006-03-01,13,37,13,37,50
MOJOCOYA,consulta externa,nuevas en personas de 15 a 59 anos,2006-03-01,137,280,137,280,417
MONTEAGUDO,consulta externa,nuevas en personas de 15 a 59 anos,2006-03-01,782,1298,782,1298,2080
MONTERO,consulta externa,nuevas en personas de 15 a 59 anos,2006-03-01,1248,2695,1248,2695,3943
MORO MORO,consulta externa,nuevas en personas de 15 a 59 anos,2006-03-01,47,78,47,78,125
MOROCHATA,consulta externa,nuevas en personas de 15 a 59 anos,2006-03-01,98,206,98,206,304
NACEBE (SANTA ROSA DEL ABUNA),consulta externa,nuevas en personas de 15 a 59 anos,2006-03-01,51,45,51,45,96
NAZACARA DE PACAJES,consulta externa,nuevas en personas de 15 a 59 anos,2006-03-01,5,6,5,6,11
NUEVO MANOA (NUEVA ESPERANZA),consulta externa,nuevas en personas de 15 a 59 anos,2006-03-01,49,27,49,27,76
OCURI,consulta externa,nuevas en personas de 15 a 59 anos,2006-03-01,150,379,150,379,529
OKINAWA,consulta externa,nuevas en personas de 15 a 59 anos,2006-03-01,171,527,171,527,698
OMEREQUE,consulta externa,nuevas en personas de 15 a 59 anos,2006-03-01,30,67,30,67,97
ORURO,consulta externa,nuevas en personas de 15 a 59 anos,2006-03-01,7387,12107,7387,12107,19494
PADCAYA,consulta externa,nuevas en personas de 15 a 59 anos,2006-03-01,388,750,388,750,1138
PADILLA,consulta externa,nuevas en personas de 15 a 59 anos,2006-03-01,308,772,308,772,1080
PAILON,consulta externa,nuevas en personas de 15 a 59 anos,2006-03-01,101,205,101,205,306
PALCA,consulta externa,nuevas en personas de 15 a 59 anos,2006-03-01,94,151,94,151,245
PALOS BLANCOS,consulta externa,nuevas en personas de 15 a 59 anos,2006-03-01,524,642,524,642,1166
PAMPA AULLAGAS,consulta externa,nuevas en personas de 15 a 59 anos,2006-03-01,16,43,16,43,59
PAMPA GRANDE,consulta externa,nuevas en personas de 15 a 59 anos,2006-03-01,120,279,120,279,399
PAPEL PAMPA,consulta externa,nuevas en personas de 15 a 59 anos,2006-03-01,71,103,71,103,174
PASORAPA,consulta externa,nuevas en personas de 15 a 59 anos,2006-03-01,19,30,19,30,49
PATACAMAYA,consulta externa,nuevas en personas de 15 a 59 anos,2006-03-01,95,204,95,204,299
PAZÑA,consulta externa,nuevas en personas de 15 a 59 anos,2006-03-01,88,175,88,175,263
PELECHUCO,consulta externa,nuevas en personas de 15 a 59 anos,2006-03-01,125,143,125,143,268
POCOATA,consulta externa,nuevas en personas de 15 a 59 anos,2006-03-01,242,418,242,418,660
POCONA,consulta externa,nuevas en personas de 15 a 59 anos,2006-03-01,112,159,112,159,271
POJO (CBBA),consulta externa,nuevas en personas de 15 a 59 anos,2006-03-01,47,128,47,128,175
POOPO,consulta externa,nuevas en personas de 15 a 59 anos,2006-03-01,68,77,68,77,145
PORCO,consulta externa,nuevas en personas de 15 a 59 anos,2006-03-01,68,173,68,173,241
POROMA,consulta externa,nuevas en personas de 15 a 59 anos,2006-03-01,238,532,238,532,770
PORONGO,consulta externa,nuevas en personas de 15 a 59 anos,2006-03-01,127,201,127,201,328
PORTACHUELO,consulta externa,nuevas en personas de 15 a 59 anos,2006-03-01,224,576,224,576,800
PORVENIR,consulta externa,nuevas en personas de 15 a 59 anos,2006-03-01,92,101,92,101,193
POSTRER VALLE,consulta externa,nuevas en personas de 15 a 59 anos,2006-03-01,97,154,97,154,251
POTOSI,consulta externa,nuevas en personas de 15 a 59 anos,2006-03-01,11348,8578,11348,8578,19926
PRESTO,consulta externa,nuevas en personas de 15 a 59 anos,2006-03-01,188,476,188,476,664
PUCARA,consulta externa,nuevas en personas de 15 a 59 anos,2006-03-01,29,78,29,78,107
PUCARANI,consulta externa,nuevas en personas de 15 a 59 anos,2006-03-01,113,252,113,252,365
PUERTO ACOSTA,consulta externa,nuevas en personas de 15 a 59 anos,2006-03-01,254,348,254,348,602
PUERTO CARABUCO,consulta externa,nuevas en personas de 15 a 59 anos,2006-03-01,154,193,154,193,347
PUERTO GONZALO MORENO,consulta externa,nuevas en personas de 15 a 59 anos,2006-03-01,87,127,87,127,214
PUERTO PEREZ,consulta externa,nuevas en personas de 15 a 59 anos,2006-03-01,98,111,98,111,209
PUERTO QUIJARRO,consulta externa,nuevas en personas de 15 a 59 anos,2006-03-01,382,379,382,379,761
PUERTO RICO,consulta externa,nuevas en personas de 15 a 59 anos,2006-03-01,117,256,117,256,373
PUERTO SILES,consulta externa,nuevas en personas de 15 a 59 anos,2006-03-01,22,11,22,11,33
PUERTO SUAREZ,consulta externa,nuevas en personas de 15 a 59 anos,2006-03-01,204,496,204,496,700
PUERTO VILLARROEL,consulta externa,nuevas en personas de 15 a 59 anos,2006-03-01,608,960,608,960,1568
PUNA,consulta externa,nuevas en personas de 15 a 59 anos,2006-03-01,493,1028,493,1028,1521
PUNATA,consulta externa,nuevas en personas de 15 a 59 anos,2006-03-01,189,634,189,634,823
QUIABAYA,consulta externa,nuevas en personas de 15 a 59 anos,2006-03-01,24,46,24,46,70
QUILLACOLLO,consulta externa,nuevas en personas de 15 a 59 anos,2006-03-01,734,1654,734,1654,2388
QUIME,consulta externa,nuevas en personas de 15 a 59 anos,2006-03-01,249,144,249,144,393
QUIRUSILLAS,consulta externa,nuevas en personas de 15 a 59 anos,2006-03-01,29,50,29,50,79
RAVELO,consulta externa,nuevas en personas de 15 a 59 anos,2006-03-01,156,329,156,329,485
REYES,consulta externa,nuevas en personas de 15 a 59 anos,2006-03-01,213,297,213,297,510
RIBERALTA,consulta externa,nuevas en personas de 15 a 59 anos,2006-03-01,1029,1888,1029,1888,2917
ROBORE,consulta externa,nuevas en personas de 15 a 59 anos,2006-03-01,144,572,144,572,716
RURRENABAQUE,consulta externa,nuevas en personas de 15 a 59 anos,2006-03-01,158,316,158,316,474
SABAYA,consulta externa,nuevas en personas de 15 a 59 anos,2006-03-01,43,70,43,70,113
SACABA,consulta externa,nuevas en personas de 15 a 59 anos,2006-03-01,530,1600,530,1600,2130
SACABAMBA,consulta externa,nuevas en personas de 15 a 59 anos,2006-03-01,46,44,46,44,90
SACACA,consulta externa,nuevas en personas de 15 a 59 anos,2006-03-01,169,376,169,376,545
SAIPINA,consulta externa,nuevas en personas de 15 a 59 anos,2006-03-01,146,267,146,267,413
SALINAS DE GARCI MENDOZA,consulta externa,nuevas en personas de 15 a 59 anos,2006-03-01,155,308,155,308,463
SAMAIPATA,consulta externa,nuevas en personas de 15 a 59 anos,2006-03-01,75,150,75,150,225
SAN AGUSTIN,consulta externa,nuevas en personas de 15 a 59 anos,2006-03-01,40,62,40,62,102
SAN ANDRES,consulta externa,nuevas en personas de 15 a 59 anos,2006-03-01,82,239,82,239,321
SAN ANDRES DE MACHACA,consulta externa,nuevas en personas de 15 a 59 anos,2006-03-01,30,85,30,85,115
SAN ANTONIO DE ESMORUCO,consulta externa,nuevas en personas de 15 a 59 anos,2006-03-01,35,105,35,105,140
SAN ANTONIO DE LOMERIO,consulta externa,nuevas en personas de 15 a 59 anos,2006-03-01,30,45,30,45,75
SAN BENITO,consulta externa,nuevas en personas de 15 a 59 anos,2006-03-01,58,148,58,148,206
SAN BORJA,consulta externa,nuevas en personas de 15 a 59 anos,2006-03-01,168,537,168,537,705
SAN BUENA VENTURA,consulta externa,nuevas en personas de 15 a 59 anos,2006-03-01,194,305,194,305,499
SAN CARLOS,consulta externa,nuevas en personas de 15 a 59 anos,2006-03-01,163,462,163,462,625
SAN IGNACIO,consulta externa,nuevas en personas de 15 a 59 anos,2006-03-01,245,574,245,574,819
SAN IGNACIO DE VELASCO,consulta externa,nuevas en personas de 15 a 59 anos,2006-03-01,757,1527,757,1527,2284
SAN JAVIER(BNI),consulta externa,nuevas en personas de 15 a 59 anos,2006-03-01,12,55,12,55,67
SAN JAVIER(STC),consulta externa,nuevas en personas de 15 a 59 anos,2006-03-01,287,346,287,346,633
SAN JOAQUIN,consulta externa,nuevas en personas de 15 a 59 anos,2006-03-01,66,145,66,145,211
SAN JOSE DE CHIQUITOS,consulta externa,nuevas en personas de 15 a 59 anos,2006-03-01,254,490,254,490,744
SAN JUAN DE YAPACANI,consulta externa,nuevas en personas de 15 a 59 anos,2006-03-01,253,503,253,503,756
SAN JULIAN,consulta externa,nuevas en personas de 15 a 59 anos,2006-03-01,1261,1850,1261,1850,3111
SAN LORENZO(PND),consulta externa,nuevas en personas de 15 a 59 anos,2006-03-01,154,350,154,350,504
SAN LORENZO(TJA),consulta externa,nuevas en personas de 15 a 59 anos,2006-03-01,383,900,383,900,1283
SAN LUCAS,consulta externa,nuevas en personas de 15 a 59 anos,2006-03-01,529,1276,529,1276,1805
SAN MATIAS,consulta externa,nuevas en personas de 15 a 59 anos,2006-03-01,95,191,95,191,286
SAN MIGUEL DE VELASCO,consulta externa,nuevas en personas de 15 a 59 anos,2006-03-01,132,298,132,298,430
SAN PABLO DE LIPEZ,consulta externa,nuevas en personas de 15 a 59 anos,2006-03-01,89,198,89,198,287
SAN PEDRO,consulta externa,nuevas en personas de 15 a 59 anos,2006-03-01,309,553,309,553,862
SAN PEDRO DE BUENA VISTA,consulta externa,nuevas en personas de 15 a 59 anos,2006-03-01,193,371,193,371,564
SAN PEDRO DE CURAHUARA,consulta externa,nuevas en personas de 15 a 59 anos,2006-03-01,142,204,142,204,346
SAN PEDRO DE TIQUINA,consulta externa,nuevas en personas de 15 a 59 anos,2006-03-01,22,44,22,44,66
SAN PEDRO(PND),consulta externa,nuevas en personas de 15 a 59 anos,2006-03-01,29,37,29,37,66
SAN RAFAEL,consulta externa,nuevas en personas de 15 a 59 anos,2006-03-01,62,106,62,106,168
SAN RAMON,consulta externa,nuevas en personas de 15 a 59 anos,2006-03-01,51,176,51,176,227
SAN RAMON,consulta externa,nuevas en personas de 15 a 59 anos,2006-03-01,131,260,131,260,391
SANTA ANA,consulta externa,nuevas en personas de 15 a 59 anos,2006-03-01,97,280,97,280,377
SANTA CRUZ DE LA SIERRA,consulta externa,nuevas en personas de 15 a 59 anos,2006-03-01,23036,41823,23036,41823,64859
SANTA ROSA,consulta externa,nuevas en personas de 15 a 59 anos,2006-03-01,94,225,94,225,319
SANTA ROSA DEL SARA,consulta externa,nuevas en personas de 15 a 59 anos,2006-03-01,199,393,199,393,592
SANTIAGO DE CALLAPA,consulta externa,nuevas en personas de 15 a 59 anos,2006-03-01,31,30,31,30,61
SANTIAGO DE HUARI,consulta externa,nuevas en personas de 15 a 59 anos,2006-03-01,104,163,104,163,267
SANTIAGO DE MACHACA,consulta externa,nuevas en personas de 15 a 59 anos,2006-03-01,27,41,27,41,68
SANTIVAÑES,consulta externa,nuevas en personas de 15 a 59 anos,2006-03-01,53,88,53,88,141
SANTUARIO DE QUILLACAS,consulta externa,nuevas en personas de 15 a 59 anos,2006-03-01,42,75,42,75,117
SAPAHAQUI,consulta externa,nuevas en personas de 15 a 59 anos,2006-03-01,139,135,139,135,274
SENA,consulta externa,nuevas en personas de 15 a 59 anos,2006-03-01,102,225,102,225,327
SICA SICA (VILLA AROMA),consulta externa,nuevas en personas de 15 a 59 anos,2006-03-01,68,173,68,173,241
SICAYA,consulta externa,nuevas en personas de 15 a 59 anos,2006-03-01,13,22,13,22,35
SIPE SIPE,consulta externa,nuevas en personas de 15 a 59 anos,2006-03-01,110,483,110,483,593
SOPACHUY,consulta externa,nuevas en personas de 15 a 59 anos,2006-03-01,172,324,172,324,496
SORACACHI,consulta externa,nuevas en personas de 15 a 59 anos,2006-03-01,58,85,58,85,143
SORATA,consulta externa,nuevas en personas de 15 a 59 anos,2006-03-01,194,201,194,201,395
SUCRE,consulta externa,nuevas en personas de 15 a 59 anos,2006-03-01,7965,15418,7965,15418,23383
TACACHI,consulta externa,nuevas en personas de 15 a 59 anos,2006-03-01,5,30,5,30,35
TACACOMA,consulta externa,nuevas en personas de 15 a 59 anos,2006-03-01,66,146,66,146,212
TACOBAMBA,consulta externa,nuevas en personas de 15 a 59 anos,2006-03-01,89,175,89,175,264
TACOPAYA,consulta externa,nuevas en personas de 15 a 59 anos,2006-03-01,70,142,70,142,212
TAHUA,consulta externa,nuevas en personas de 15 a 59 anos,2006-03-01,18,41,18,41,59
TAPACARI,consulta externa,nuevas en personas de 15 a 59 anos,2006-03-01,174,424,174,424,598
TARABUCO,consulta externa,nuevas en personas de 15 a 59 anos,2006-03-01,304,583,304,583,887
TARACO,consulta externa,nuevas en personas de 15 a 59 anos,2006-03-01,20,53,20,53,73
TARATA,consulta externa,nuevas en personas de 15 a 59 anos,2006-03-01,56,60,56,60,116
TARIJA,consulta externa,nuevas en personas de 15 a 59 anos,2006-03-01,3377,8346,3377,8346,11723
TARVITA,consulta externa,nuevas en personas de 15 a 59 anos,2006-03-01,278,705,278,705,983
TEOPONTE,consulta externa,nuevas en personas de 15 a 59 anos,2006-03-01,216,319,216,319,535
TIAWANACU,consulta externa,nuevas en personas de 15 a 59 anos,2006-03-01,99,158,99,158,257
TINGUIPAYA,consulta externa,nuevas en personas de 15 a 59 anos,2006-03-01,179,492,179,492,671
TIPUANI,consulta externa,nuevas en personas de 15 a 59 anos,2006-03-01,56,133,56,133,189
TIQUIPAYA,consulta externa,nuevas en personas de 15 a 59 anos,2006-03-01,115,372,115,372,487
TIRAQUE (CBBA),consulta externa,nuevas en personas de 15 a 59 anos,2006-03-01,430,847,430,847,1277
TITO YUPANQUI (PARQUIPUJIO),consulta externa,nuevas en personas de 15 a 59 anos,2006-03-01,18,37,18,37,55
TOCO,consulta externa,nuevas en personas de 15 a 59 anos,2006-03-01,23,39,23,39,62
TODOS SANTOS,consulta externa,nuevas en personas de 15 a 59 anos,2006-03-01,6,13,6,13,19
TOLATA,consulta externa,nuevas en personas de 15 a 59 anos,2006-03-01,24,56,24,56,80
TOLEDO,consulta externa,nuevas en personas de 15 a 59 anos,2006-03-01,113,163,113,163,276
TOMAVE,consulta externa,nuevas en personas de 15 a 59 anos,2006-03-01,197,314,197,314,511
TOMINA,consulta externa,nuevas en personas de 15 a 59 anos,2006-03-01,218,382,218,382,600
TORO TORO,consulta externa,nuevas en personas de 15 a 59 anos,2006-03-01,129,281,129,281,410
TOTORA(CBBA),consulta externa,nuevas en personas de 15 a 59 anos,2006-03-01,96,186,96,186,282
TOTORA(ORR),consulta externa,nuevas en personas de 15 a 59 anos,2006-03-01,40,62,40,62,102
TRIGAL,consulta externa,nuevas en personas de 15 a 59 anos,2006-03-01,54,87,54,87,141
TRINIDAD,consulta externa,nuevas en personas de 15 a 59 anos,2006-03-01,1651,3407,1651,3407,5058
TUPIZA,consulta externa,nuevas en personas de 15 a 59 anos,2006-03-01,1603,3057,1603,3057,4660
TURCO,consulta externa,nuevas en personas de 15 a 59 anos,2006-03-01,90,135,90,135,225
UMALA,consulta externa,nuevas en personas de 15 a 59 anos,2006-03-01,16,40,16,40,56
UNCIA,consulta externa,nuevas en personas de 15 a 59 anos,2006-03-01,476,858,476,858,1334
URIONDO (A. CONCEPCION),consulta externa,nuevas en personas de 15 a 59 anos,2006-03-01,218,586,218,586,804
URUBICHA,consulta externa,nuevas en personas de 15 a 59 anos,2006-03-01,25,111,25,111,136
UYUNI,consulta externa,nuevas en personas de 15 a 59 anos,2006-03-01,805,844,805,844,1649
VACAS,consulta externa,nuevas en personas de 15 a 59 anos,2006-03-01,115,235,115,235,350
VALLEGRANDE,consulta externa,nuevas en personas de 15 a 59 anos,2006-03-01,347,751,347,751,1098
VIACHA,consulta externa,nuevas en personas de 15 a 59 anos,2006-03-01,655,1084,655,1084,1739
VILA VILA,consulta externa,nuevas en personas de 15 a 59 anos,2006-03-01,95,108,95,108,203
VILLA MONTES,consulta externa,nuevas en personas de 15 a 59 anos,2006-03-01,381,604,381,604,985
VILLA NUEVA (LOMA ALTA),consulta externa,nuevas en personas de 15 a 59 anos,2006-03-01,40,36,40,36,76
VILLA RIVERO,consulta externa,nuevas en personas de 15 a 59 anos,2006-03-01,41,78,41,78,119
VILLA SERRANO,consulta externa,nuevas en personas de 15 a 59 anos,2006-03-01,190,571,190,571,761
VILLA TUNARI,consulta externa,nuevas en personas de 15 a 59 anos,2006-03-01,1022,1487,1022,1487,2509
VILLA VACA GUZMAN (MUYUPAMPA),consulta externa,nuevas en personas de 15 a 59 anos,2006-03-01,323,517,323,517,840
VILLAZON,consulta externa,nuevas en personas de 15 a 59 anos,2006-03-01,563,1561,563,1561,2124
VINTO,consulta externa,nuevas en personas de 15 a 59 anos,2006-03-01,687,155,687,155,842
VITICHI,consulta externa,nuevas en personas de 15 a 59 anos,2006-03-01,134,282,134,282,416
WALDO BALLIVIAN,consulta externa,nuevas en personas de 15 a 59 anos,2006-03-01,24,29,24,29,53
WARNES,consulta externa,nuevas en personas de 15 a 59 anos,2006-03-01,474,817,474,817,1291
YACO,consulta externa,nuevas en personas de 15 a 59 anos,2006-03-01,56,97,56,97,153
YACUIBA,consulta externa,nuevas en personas de 15 a 59 anos,2006-03-01,1848,3772,1848,3772,5620
YAMPARAEZ,consulta externa,nuevas en personas de 15 a 59 anos,2006-03-01,103,174,103,174,277
YANACACHI,consulta externa,nuevas en personas de 15 a 59 anos,2006-03-01,174,177,174,177,351
YAPACANI,consulta externa,nuevas en personas de 15 a 59 anos,2006-03-01,910,1704,910,1704,2614
YOCALLA,consulta externa,nuevas en personas de 15 a 59 anos,2006-03-01,77,102,77,102,179
YOTALA,consulta externa,nuevas en personas de 15 a 59 anos,2006-03-01,108,219,108,219,327
YUNCHARA,consulta externa,nuevas en personas de 15 a 59 anos,2006-03-01,86,220,86,220,306
ZUDAÑEZ,consulta externa,nuevas en personas de 15 a 59 anos,2006-03-01,245,452,245,452,697
ACACIO,consulta externa,nuevas en personas de 15 a 59 anos,2006-04-01,132,180,132,180,312
ACHACACHI,consulta externa,nuevas en personas de 15 a 59 anos,2006-04-01,413,492,413,492,905
ACHOCALLA,consulta externa,nuevas en personas de 15 a 59 anos,2006-04-01,66,72,66,72,138
AIQUILE,consulta externa,nuevas en personas de 15 a 59 anos,2006-04-01,161,381,161,381,542
ALALAY,consulta externa,nuevas en personas de 15 a 59 anos,2006-04-01,19,35,19,35,54
ALCALA,consulta externa,nuevas en personas de 15 a 59 anos,2006-04-01,110,268,110,268,378
ANCORAIMES,consulta externa,nuevas en personas de 15 a 59 anos,2006-04-01,109,169,109,169,278
ANDAMARCA,consulta externa,nuevas en personas de 15 a 59 anos,2006-04-01,98,105,98,105,203
ANTEQUERA,consulta externa,nuevas en personas de 15 a 59 anos,2006-04-01,19,41,19,41,60
ANZALDO,consulta externa,nuevas en personas de 15 a 59 anos,2006-04-01,51,77,51,77,128
APOLO,consulta externa,nuevas en personas de 15 a 59 anos,2006-04-01,116,232,116,232,348
ARAMPAMPA,consulta externa,nuevas en personas de 15 a 59 anos,2006-04-01,45,68,45,68,113
ARANI,consulta externa,nuevas en personas de 15 a 59 anos,2006-04-01,72,90,72,90,162
ARBIETO,consulta externa,nuevas en personas de 15 a 59 anos,2006-04-01,31,61,31,61,92
ARQUE,consulta externa,nuevas en personas de 15 a 59 anos,2006-04-01,99,206,99,206,305
ASCENCION DE GUARAYOS,consulta externa,nuevas en personas de 15 a 59 anos,2006-04-01,183,378,183,378,561
ATOCHA,consulta externa,nuevas en personas de 15 a 59 anos,2006-04-01,738,812,738,812,1550
AUCAPATA,consulta externa,nuevas en personas de 15 a 59 anos,2006-04-01,157,232,157,232,389
AYATA,consulta externa,nuevas en personas de 15 a 59 anos,2006-04-01,66,106,66,106,172
AYO AYO,consulta externa,nuevas en personas de 15 a 59 anos,2006-04-01,77,98,77,98,175
AYOPAYA (V. DE INDEPENDENCIA),consulta externa,nuevas en personas de 15 a 59 anos,2006-04-01,257,459,257,459,716
AZURDUY,consulta externa,nuevas en personas de 15 a 59 anos,2006-04-01,208,606,208,606,814
BATALLAS,consulta externa,nuevas en personas de 15 a 59 anos,2006-04-01,110,175,110,175,285
BAURES,consulta externa,nuevas en personas de 15 a 59 anos,2006-04-01,66,132,66,132,198
BELEN DE ANDAMARCA,consulta externa,nuevas en personas de 15 a 59 anos,2006-04-01,47,28,47,28,75
BELEN DE URMIRI,consulta externa,nuevas en personas de 15 a 59 anos,2006-04-01,57,69,57,69,126
BELLA FLOR,consulta externa,nuevas en personas de 15 a 59 anos,2006-04-01,82,98,82,98,180
BERMEJO,consulta externa,nuevas en personas de 15 a 59 anos,2006-04-01,639,945,639,945,1584
BETANZOS,consulta externa,nuevas en personas de 15 a 59 anos,2006-04-01,399,762,399,762,1161
BOLIVAR,consulta externa,nuevas en personas de 15 a 59 anos,2006-04-01,84,99,84,99,183
BOLPEBRA,consulta externa,nuevas en personas de 15 a 59 anos,2006-04-01,37,31,37,31,68
BOYUIBE,consulta externa,nuevas en personas de 15 a 59 anos,2006-04-01,56,157,56,157,213
BUENA VISTA,consulta externa,nuevas en personas de 15 a 59 anos,2006-04-01,272,368,272,368,640
CABEZAS,consulta externa,nuevas en personas de 15 a 59 anos,2006-04-01,249,275,249,275,524
CAIROMA,consulta externa,nuevas en personas de 15 a 59 anos,2006-04-01,118,199,118,199,317
"CAIZA ""D""",consulta externa,nuevas en personas de 15 a 59 anos,2006-04-01,208,283,208,283,491
CAJUATA,consulta externa,nuevas en personas de 15 a 59 anos,2006-04-01,108,222,108,222,330
CALACOTO,consulta externa,nuevas en personas de 15 a 59 anos,2006-04-01,83,131,83,131,214
CALAMARCA,consulta externa,nuevas en personas de 15 a 59 anos,2006-04-01,54,114,54,114,168
CAMARGO,consulta externa,nuevas en personas de 15 a 59 anos,2006-04-01,263,625,263,625,888
CAMATAQUI (C. VILLA ABECIA),consulta externa,nuevas en personas de 15 a 59 anos,2006-04-01,93,174,93,174,267
CAMIRI,consulta externa,nuevas en personas de 15 a 59 anos,2006-04-01,925,1720,925,1720,2645
CAPINOTA,consulta externa,nuevas en personas de 15 a 59 anos,2006-04-01,217,284,217,284,501
CAQUIAVIRI,consulta externa,nuevas en personas de 15 a 59 anos,2006-04-01,74,172,74,172,246
CARACOLLO,consulta externa,nuevas en personas de 15 a 59 anos,2006-04-01,139,293,139,293,432
CARANAVI,consulta externa,nuevas en personas de 15 a 59 anos,2006-04-01,832,1106,832,1106,1938
CARANGAS,consulta externa,nuevas en personas de 15 a 59 anos,2006-04-01,2,4,2,4,6
CARAPARI,consulta externa,nuevas en personas de 15 a 59 anos,2006-04-01,276,373,276,373,649
CARIPUYO,consulta externa,nuevas en personas de 15 a 59 anos,2006-04-01,72,163,72,163,235
CARMEN RIVERO TORREZ,consulta externa,nuevas en personas de 15 a 59 anos,2006-04-01,49,84,49,84,133
CATACORA,consulta externa,nuevas en personas de 15 a 59 anos,2006-04-01,14,42,14,42,56
CHACARILLA,consulta externa,nuevas en personas de 15 a 59 anos,2006-04-01,14,9,14,9,23
CHALLAPATA,consulta externa,nuevas en personas de 15 a 59 anos,2006-04-01,252,446,252,446,698
CHAQUI,consulta externa,nuevas en personas de 15 a 59 anos,2006-04-01,55,113,55,113,168
CHARAGUA,consulta externa,nuevas en personas de 15 a 59 anos,2006-04-01,140,305,140,305,445
CHARAÑA,consulta externa,nuevas en personas de 15 a 59 anos,2006-04-01,60,34,60,34,94
CHAYANTA,consulta externa,nuevas en personas de 15 a 59 anos,2006-04-01,188,359,188,359,547
CHIMORE,consulta externa,nuevas en personas de 15 a 59 anos,2006-04-01,193,247,193,247,440
CHIPAYA,consulta externa,nuevas en personas de 15 a 59 anos,2006-04-01,43,80,43,80,123
CHOQUE COTA,consulta externa,nuevas en personas de 15 a 59 anos,2006-04-01,22,33,22,33,55
CHULUMANI (V. DE LA LIBERTAD),consulta externa,nuevas en personas de 15 a 59 anos,2006-04-01,202,342,202,342,544
CHUMA,consulta externa,nuevas en personas de 15 a 59 anos,2006-04-01,114,182,114,182,296
CLIZA,consulta externa,nuevas en personas de 15 a 59 anos,2006-04-01,28,84,28,84,112
COBIJA,consulta externa,nuevas en personas de 15 a 59 anos,2006-04-01,630,1130,630,1130,1760
COCHABAMBA,consulta externa,nuevas en personas de 15 a 59 anos,2006-04-01,10614,21008,10614,21008,31622
COIPASA,consulta externa,nuevas en personas de 15 a 59 anos,2006-04-01,9,7,9,7,16
COLCAPIRHUA,consulta externa,nuevas en personas de 15 a 59 anos,2006-04-01,415,679,415,679,1094
"COLCHA ""K""",consulta externa,nuevas en personas de 15 a 59 anos,2006-04-01,188,330,188,330,518
COLLANA,consulta externa,nuevas en personas de 15 a 59 anos,2006-04-01,26,21,26,21,47
COLOMI,consulta externa,nuevas en personas de 15 a 59 anos,2006-04-01,68,183,68,183,251
COLPA BELGICA,consulta externa,nuevas en personas de 15 a 59 anos,2006-04-01,118,202,118,202,320
COLQUECHACA,consulta externa,nuevas en personas de 15 a 59 anos,2006-04-01,346,638,346,638,984
COLQUENCHA,consulta externa,nuevas en personas de 15 a 59 anos,2006-04-01,59,93,59,93,152
COLQUIRI,consulta externa,nuevas en personas de 15 a 59 anos,2006-04-01,209,420,209,420,629
COMANCHE,consulta externa,nuevas en personas de 15 a 59 anos,2006-04-01,21,43,21,43,64
COMARAPA,consulta externa,nuevas en personas de 15 a 59 anos,2006-04-01,240,452,240,452,692
COMBAYA,consulta externa,nuevas en personas de 15 a 59 anos,2006-04-01,19,42,19,42,61
CONCEPCION,consulta externa,nuevas en personas de 15 a 59 anos,2006-04-01,100,185,100,185,285
COPACABANA,consulta externa,nuevas en personas de 15 a 59 anos,2006-04-01,138,283,138,283,421
CORIPATA,consulta externa,nuevas en personas de 15 a 59 anos,2006-04-01,148,191,148,191,339
CORO CORO,consulta externa,nuevas en personas de 15 a 59 anos,2006-04-01,57,141,57,141,198
COROICO,consulta externa,nuevas en personas de 15 a 59 anos,2006-04-01,419,450,419,450,869
CORQUE,consulta externa,nuevas en personas de 15 a 59 anos,2006-04-01,193,128,193,128,321
COTAGAITA,consulta externa,nuevas en personas de 15 a 59 anos,2006-04-01,638,1157,638,1157,1795
COTOCA,consulta externa,nuevas en personas de 15 a 59 anos,2006-04-01,151,393,151,393,544
CUATRO CAÑADAS,consulta externa,nuevas en personas de 15 a 59 anos,2006-04-01,330,585,330,585,915
CUCHUMUELA (V. G. VILLARROEL),consulta externa,nuevas en personas de 15 a 59 anos,2006-04-01,24,38,24,38,62
CUEVO,consulta externa,nuevas en personas de 15 a 59 anos,2006-04-01,87,124,87,124,211
CULPINA,consulta externa,nuevas en personas de 15 a 59 anos,2006-04-01,164,315,164,315,479
CURAHUARA DE CARANGAS,consulta externa,nuevas en personas de 15 a 59 anos,2006-04-01,116,214,116,214,330
CURVA,consulta externa,nuevas en personas de 15 a 59 anos,2006-04-01,20,35,20,35,55
DESAGUADERO,consulta externa,nuevas en personas de 15 a 59 anos,2006-04-01,40,51,40,51,91
EL ALTO,consulta externa,nuevas en personas de 15 a 59 anos,2006-04-01,7249,12612,7249,12612,19861
EL CHORO,consulta externa,nuevas en personas de 15 a 59 anos,2006-04-01,101,136,101,136,237
EL PUENTE(STC),consulta externa,nuevas en personas de 15 a 59 anos,2006-04-01,130,222,130,222,352
EL PUENTE(TJA),consulta externa,nuevas en personas de 15 a 59 anos,2006-04-01,189,415,189,415,604
EL TORNO,consulta externa,nuevas en personas de 15 a 59 anos,2006-04-01,577,947,577,947,1524
EL VILLAR,consulta externa,nuevas en personas de 15 a 59 anos,2006-04-01,63,281,63,281,344
ENTRE RIOS,consulta externa,nuevas en personas de 15 a 59 anos,2006-04-01,306,541,306,541,847
ENTRE RIOS,consulta externa,nuevas en personas de 15 a 59 anos,2006-04-01,204,220,204,220,424
ESCARA,consulta externa,nuevas en personas de 15 a 59 anos,2006-04-01,4,7,4,7,11
ESMERALDA,consulta externa,nuevas en personas de 15 a 59 anos,2006-04-01,1,1,1,1,2
EUCALIPTUS,consulta externa,nuevas en personas de 15 a 59 anos,2006-04-01,37,77,37,77,114
EUREKA (SANTOS MERCADO),consulta externa,nuevas en personas de 15 a 59 anos,2006-04-01,10,11,10,11,21
EXALTACION,consulta externa,nuevas en personas de 15 a 59 anos,2006-04-01,11,56,11,56,67
FERNANDEZ ALONSO,consulta externa,nuevas en personas de 15 a 59 anos,2006-04-01,120,254,120,254,374
FILADELFIA,consulta externa,nuevas en personas de 15 a 59 anos,2006-04-01,111,135,111,135,246
GENERAL SAAVEDRA,consulta externa,nuevas en personas de 15 a 59 anos,2006-04-01,155,241,155,241,396
GRAL. J.J. PEREZ (CHARAZANI),consulta externa,nuevas en personas de 15 a 59 anos,2006-04-01,88,129,88,129,217
GUANAY,consulta externa,nuevas en personas de 15 a 59 anos,2006-04-01,173,337,173,337,510
GUAQUI,consulta externa,nuevas en personas de 15 a 59 anos,2006-04-01,57,84,57,84,141
GUAYARAMERIN,consulta externa,nuevas en personas de 15 a 59 anos,2006-04-01,495,1597,495,1597,2092
GUTIERREZ,consulta externa,nuevas en personas de 15 a 59 anos,2006-04-01,221,346,221,346,567
HUACARETA,consulta externa,nuevas en personas de 15 a 59 anos,2006-04-01,189,402,189,402,591
HUACAYA (VILLA DE HUACAYA),consulta externa,nuevas en personas de 15 a 59 anos,2006-04-01,24,81,24,81,105
HUACHACALLA,consulta externa,nuevas en personas de 15 a 59 anos,2006-04-01,14,12,14,12,26
HUANUNI,consulta externa,nuevas en personas de 15 a 59 anos,2006-04-01,444,608,444,608,1052
HUARACAJE,consulta externa,nuevas en personas de 15 a 59 anos,2006-04-01,28,76,28,76,104
HUAYLLAMARCA,consulta externa,nuevas en personas de 15 a 59 anos,2006-04-01,53,60,53,60,113
ICHOCA,consulta externa,nuevas en personas de 15 a 59 anos,2006-04-01,49,111,49,111,160
ICLA,consulta externa,nuevas en personas de 15 a 59 anos,2006-04-01,180,360,180,360,540
INCAHUASI,consulta externa,nuevas en personas de 15 a 59 anos,2006-04-01,317,841,317,841,1158
INGAVI (HUMAITA),consulta externa,nuevas en personas de 15 a 59 anos,2006-04-01,49,37,49,37,86
INQUISIVI,consulta externa,nuevas en personas de 15 a 59 anos,2006-04-01,101,232,101,232,333
IRUPANA (VILLA DE LANZA),consulta externa,nuevas en personas de 15 a 59 anos,2006-04-01,187,377,187,377,564
IXIAMAS,consulta externa,nuevas en personas de 15 a 59 anos,2006-04-01,72,177,72,177,249
JESUS DE MACHACA,consulta externa,nuevas en personas de 15 a 59 anos,2006-04-01,151,257,151,257,408
LA ASUNTA,consulta externa,nuevas en personas de 15 a 59 anos,2006-04-01,254,340,254,340,594
LA GUARDIA,consulta externa,nuevas en personas de 15 a 59 anos,2006-04-01,270,532,270,532,802
LA PAZ,consulta externa,nuevas en personas de 15 a 59 anos,2006-04-01,18367,33381,18367,33381,51748
LA RIVERA,consulta externa,nuevas en personas de 15 a 59 anos,2006-04-01,5,11,5,11,16
LAGUNILLAS,consulta externa,nuevas en personas de 15 a 59 anos,2006-04-01,143,203,143,203,346
LAJA,consulta externa,nuevas en personas de 15 a 59 anos,2006-04-01,67,115,67,115,182
LAS CARRERAS,consulta externa,nuevas en personas de 15 a 59 anos,2006-04-01,61,147,61,147,208
LICOMA PAMPA,consulta externa,nuevas en personas de 15 a 59 anos,2006-04-01,64,71,64,71,135
LLALLAGUA,consulta externa,nuevas en personas de 15 a 59 anos,2006-04-01,340,693,340,693,1033
LLICA,consulta externa,nuevas en personas de 15 a 59 anos,2006-04-01,121,182,121,182,303
LORETO,consulta externa,nuevas en personas de 15 a 59 anos,2006-04-01,44,92,44,92,136
LURIBAY,consulta externa,nuevas en personas de 15 a 59 anos,2006-04-01,132,205,132,205,337
MACHACAMARCA,consulta externa,nuevas en personas de 15 a 59 anos,2006-04-01,43,65,43,65,108
MACHARETI,consulta externa,nuevas en personas de 15 a 59 anos,2006-04-01,132,406,132,406,538
MAGDALENA,consulta externa,nuevas en personas de 15 a 59 anos,2006-04-01,106,277,106,277,383
MAIRANA,consulta externa,nuevas en personas de 15 a 59 anos,2006-04-01,87,203,87,203,290
MALLA,consulta externa,nuevas en personas de 15 a 59 anos,2006-04-01,38,89,38,89,127
MAPIRI,consulta externa,nuevas en personas de 15 a 59 anos,2006-04-01,153,256,153,256,409
MECAPACA,consulta externa,nuevas en personas de 15 a 59 anos,2006-04-01,141,202,141,202,343
MINEROS,consulta externa,nuevas en personas de 15 a 59 anos,2006-04-01,140,353,140,353,493
MIZQUE,consulta externa,nuevas en personas de 15 a 59 anos,2006-04-01,129,187,129,187,316
MOCOMOCO,consulta externa,nuevas en personas de 15 a 59 anos,2006-04-01,242,228,242,228,470
MOJINETE,consulta externa,nuevas en personas de 15 a 59 anos,2006-04-01,10,48,10,48,58
MOJOCOYA,consulta externa,nuevas en personas de 15 a 59 anos,2006-04-01,158,293,158,293,451
MONTEAGUDO,consulta externa,nuevas en personas de 15 a 59 anos,2006-04-01,616,1095,616,1095,1711
MONTERO,consulta externa,nuevas en personas de 15 a 59 anos,2006-04-01,1289,2272,1289,2272,3561
MORO MORO,consulta externa,nuevas en personas de 15 a 59 anos,2006-04-01,35,128,35,128,163
MOROCHATA,consulta externa,nuevas en personas de 15 a 59 anos,2006-04-01,137,227,137,227,364
NACEBE (SANTA ROSA DEL ABUNA),consulta externa,nuevas en personas de 15 a 59 anos,2006-04-01,191,146,191,146,337
NAZACARA DE PACAJES,consulta externa,nuevas en personas de 15 a 59 anos,2006-04-01,12,9,12,9,21
NUEVO MANOA (NUEVA ESPERANZA),consulta externa,nuevas en personas de 15 a 59 anos,2006-04-01,42,20,42,20,62
OCURI,consulta externa,nuevas en personas de 15 a 59 anos,2006-04-01,156,344,156,344,500
OKINAWA,consulta externa,nuevas en personas de 15 a 59 anos,2006-04-01,126,363,126,363,489
OMEREQUE,consulta externa,nuevas en personas de 15 a 59 anos,2006-04-01,159,192,159,192,351
ORURO,consulta externa,nuevas en personas de 15 a 59 anos,2006-04-01,6460,9927,6460,9927,16387
PADCAYA,consulta externa,nuevas en personas de 15 a 59 anos,2006-04-01,331,652,331,652,983
PADILLA,consulta externa,nuevas en personas de 15 a 59 anos,2006-04-01,294,866,294,866,1160
PAILON,consulta externa,nuevas en personas de 15 a 59 anos,2006-04-01,125,204,125,204,329
PALCA,consulta externa,nuevas en personas de 15 a 59 anos,2006-04-01,116,142,116,142,258
PALOS BLANCOS,consulta externa,nuevas en personas de 15 a 59 anos,2006-04-01,423,485,423,485,908
PAMPA AULLAGAS,consulta externa,nuevas en personas de 15 a 59 anos,2006-04-01,23,44,23,44,67
PAMPA GRANDE,consulta externa,nuevas en personas de 15 a 59 anos,2006-04-01,89,189,89,189,278
PAPEL PAMPA,consulta externa,nuevas en personas de 15 a 59 anos,2006-04-01,72,93,72,93,165
PASORAPA,consulta externa,nuevas en personas de 15 a 59 anos,2006-04-01,27,67,27,67,94
PATACAMAYA,consulta externa,nuevas en personas de 15 a 59 anos,2006-04-01,88,120,88,120,208
PAZÑA,consulta externa,nuevas en personas de 15 a 59 anos,2006-04-01,96,144,96,144,240
PELECHUCO,consulta externa,nuevas en personas de 15 a 59 anos,2006-04-01,95,109,95,109,204
POCOATA,consulta externa,nuevas en personas de 15 a 59 anos,2006-04-01,241,374,241,374,615
POCONA,consulta externa,nuevas en personas de 15 a 59 anos,2006-04-01,103,186,103,186,289
POJO (CBBA),consulta externa,nuevas en personas de 15 a 59 anos,2006-04-01,25,81,25,81,106
POOPO,consulta externa,nuevas en personas de 15 a 59 anos,2006-04-01,102,135,102,135,237
PORCO,consulta externa,nuevas en personas de 15 a 59 anos,2006-04-01,90,145,90,145,235
POROMA,consulta externa,nuevas en personas de 15 a 59 anos,2006-04-01,218,412,218,412,630
PORONGO,consulta externa,nuevas en personas de 15 a 59 anos,2006-04-01,90,156,90,156,246
PORTACHUELO,consulta externa,nuevas en personas de 15 a 59 anos,2006-04-01,252,593,252,593,845
PORVENIR,consulta externa,nuevas en personas de 15 a 59 anos,2006-04-01,111,100,111,100,211
POSTRER VALLE,consulta externa,nuevas en personas de 15 a 59 anos,2006-04-01,43,71,43,71,114
POTOSI,consulta externa,nuevas en personas de 15 a 59 anos,2006-04-01,10424,7110,10424,7110,17534
PRESTO,consulta externa,nuevas en personas de 15 a 59 anos,2006-04-01,172,338,172,338,510
PUCARA,consulta externa,nuevas en personas de 15 a 59 anos,2006-04-01,41,60,41,60,101
PUCARANI,consulta externa,nuevas en personas de 15 a 59 anos,2006-04-01,147,220,147,220,367
PUERTO ACOSTA,consulta externa,nuevas en personas de 15 a 59 anos,2006-04-01,265,285,265,285,550
PUERTO CARABUCO,consulta externa,nuevas en personas de 15 a 59 anos,2006-04-01,155,248,155,248,403
PUERTO GONZALO MORENO,consulta externa,nuevas en personas de 15 a 59 anos,2006-04-01,65,130,65,130,195
PUERTO PEREZ,consulta externa,nuevas en personas de 15 a 59 anos,2006-04-01,79,98,79,98,177
PUERTO QUIJARRO,consulta externa,nuevas en personas de 15 a 59 anos,2006-04-01,435,370,435,370,805
PUERTO RICO,consulta externa,nuevas en personas de 15 a 59 anos,2006-04-01,147,205,147,205,352
PUERTO SILES,consulta externa,nuevas en personas de 15 a 59 anos,2006-04-01,29,68,29,68,97
PUERTO SUAREZ,consulta externa,nuevas en personas de 15 a 59 anos,2006-04-01,509,847,509,847,1356
PUERTO VILLARROEL,consulta externa,nuevas en personas de 15 a 59 anos,2006-04-01,578,853,578,853,1431
PUNA,consulta externa,nuevas en personas de 15 a 59 anos,2006-04-01,565,1005,565,1005,1570
PUNATA,consulta externa,nuevas en personas de 15 a 59 anos,2006-04-01,195,558,195,558,753
QUIABAYA,consulta externa,nuevas en personas de 15 a 59 anos,2006-04-01,12,26,12,26,38
QUILLACOLLO,consulta externa,nuevas en personas de 15 a 59 anos,2006-04-01,525,1217,525,1217,1742
QUIME,consulta externa,nuevas en personas de 15 a 59 anos,2006-04-01,197,140,197,140,337
QUIRUSILLAS,consulta externa,nuevas en personas de 15 a 59 anos,2006-04-01,30,49,30,49,79
RAVELO,consulta externa,nuevas en personas de 15 a 59 anos,2006-04-01,125,237,125,237,362
REYES,consulta externa,nuevas en personas de 15 a 59 anos,2006-04-01,109,214,109,214,323
RIBERALTA,consulta externa,nuevas en personas de 15 a 59 anos,2006-04-01,701,1464,701,1464,2165
ROBORE,consulta externa,nuevas en personas de 15 a 59 anos,2006-04-01,178,509,178,509,687
RURRENABAQUE,consulta externa,nuevas en personas de 15 a 59 anos,2006-04-01,218,356,218,356,574
SABAYA,consulta externa,nuevas en personas de 15 a 59 anos,2006-04-01,46,66,46,66,112
SACABA,consulta externa,nuevas en personas de 15 a 59 anos,2006-04-01,659,1449,659,1449,2108
SACABAMBA,consulta externa,nuevas en personas de 15 a 59 anos,2006-04-01,40,59,40,59,99
SACACA,consulta externa,nuevas en personas de 15 a 59 anos,2006-04-01,238,505,238,505,743
SAIPINA,consulta externa,nuevas en personas de 15 a 59 anos,2006-04-01,32,69,32,69,101
SALINAS DE GARCI MENDOZA,consulta externa,nuevas en personas de 15 a 59 anos,2006-04-01,130,250,130,250,380
SAMAIPATA,consulta externa,nuevas en personas de 15 a 59 anos,2006-04-01,128,204,128,204,332
SAN AGUSTIN,consulta externa,nuevas en personas de 15 a 59 anos,2006-04-01,31,77,31,77,108
SAN ANDRES,consulta externa,nuevas en personas de 15 a 59 anos,2006-04-01,50,188,50,188,238
SAN ANDRES DE MACHACA,consulta externa,nuevas en personas de 15 a 59 anos,2006-04-01,66,92,66,92,158
SAN ANTONIO DE ESMORUCO,consulta externa,nuevas en personas de 15 a 59 anos,2006-04-01,35,55,35,55,90
SAN ANTONIO DE LOMERIO,consulta externa,nuevas en personas de 15 a 59 anos,2006-04-01,40,77,40,77,117
SAN BENITO,consulta externa,nuevas en personas de 15 a 59 anos,2006-04-01,61,132,61,132,193
SAN BORJA,consulta externa,nuevas en personas de 15 a 59 anos,2006-04-01,169,538,169,538,707
SAN BUENA VENTURA,consulta externa,nuevas en personas de 15 a 59 anos,2006-04-01,160,321,160,321,481
SAN CARLOS,consulta externa,nuevas en personas de 15 a 59 anos,2006-04-01,168,408,168,408,576
SAN IGNACIO,consulta externa,nuevas en personas de 15 a 59 anos,2006-04-01,212,395,212,395,607
SAN IGNACIO DE VELASCO,consulta externa,nuevas en personas de 15 a 59 anos,2006-04-01,578,1297,578,1297,1875
SAN JAVIER(BNI),consulta externa,nuevas en personas de 15 a 59 anos,2006-04-01,27,63,27,63,90
SAN JAVIER(STC),consulta externa,nuevas en personas de 15 a 59 anos,2006-04-01,88,142,88,142,230
SAN JOAQUIN,consulta externa,nuevas en personas de 15 a 59 anos,2006-04-01,60,96,60,96,156
SAN JOSE DE CHIQUITOS,consulta externa,nuevas en personas de 15 a 59 anos,2006-04-01,214,432,214,432,646
SAN JUAN DE YAPACANI,consulta externa,nuevas en personas de 15 a 59 anos,2006-04-01,190,325,190,325,515
SAN JULIAN,consulta externa,nuevas en personas de 15 a 59 anos,2006-04-01,1030,1240,1030,1240,2270
SAN LORENZO(PND),consulta externa,nuevas en personas de 15 a 59 anos,2006-04-01,50,114,50,114,164
SAN LORENZO(TJA),consulta externa,nuevas en personas de 15 a 59 anos,2006-04-01,236,560,236,560,796
SAN LUCAS,consulta externa,nuevas en personas de 15 a 59 anos,2006-04-01,525,1154,525,1154,1679
SAN MATIAS,consulta externa,nuevas en personas de 15 a 59 anos,2006-04-01,118,315,118,315,433
SAN MIGUEL DE VELASCO,consulta externa,nuevas en personas de 15 a 59 anos,2006-04-01,177,364,177,364,541
SAN PABLO DE LIPEZ,consulta externa,nuevas en personas de 15 a 59 anos,2006-04-01,86,153,86,153,239
SAN PEDRO,consulta externa,nuevas en personas de 15 a 59 anos,2006-04-01,350,522,350,522,872
SAN PEDRO DE BUENA VISTA,consulta externa,nuevas en personas de 15 a 59 anos,2006-04-01,161,330,161,330,491
SAN PEDRO DE CURAHUARA,consulta externa,nuevas en personas de 15 a 59 anos,2006-04-01,98,93,98,93,191
SAN PEDRO DE QUEMES,consulta externa,nuevas en personas de 15 a 59 anos,2006-04-01,7,10,7,10,17
SAN PEDRO DE TIQUINA,consulta externa,nuevas en personas de 15 a 59 anos,2006-04-01,45,56,45,56,101
SAN PEDRO(PND),consulta externa,nuevas en personas de 15 a 59 anos,2006-04-01,31,86,31,86,117
SAN RAFAEL,consulta externa,nuevas en personas de 15 a 59 anos,2006-04-01,105,130,105,130,235
SAN RAMON,consulta externa,nuevas en personas de 15 a 59 anos,2006-04-01,68,209,68,209,277
SAN RAMON,consulta externa,nuevas en personas de 15 a 59 anos,2006-04-01,119,246,119,246,365
SANTA ANA,consulta externa,nuevas en personas de 15 a 59 anos,2006-04-01,67,229,67,229,296
SANTA CRUZ DE LA SIERRA,consulta externa,nuevas en personas de 15 a 59 anos,2006-04-01,20682,36654,20682,36654,57336
SANTA ROSA,consulta externa,nuevas en personas de 15 a 59 anos,2006-04-01,166,368,166,368,534
SANTA ROSA DEL SARA,consulta externa,nuevas en personas de 15 a 59 anos,2006-04-01,206,365,206,365,571
SANTIAGO DE CALLAPA,consulta externa,nuevas en personas de 15 a 59 anos,2006-04-01,31,30,31,30,61
SANTIAGO DE HUARI,consulta externa,nuevas en personas de 15 a 59 anos,2006-04-01,110,149,110,149,259
SANTIAGO DE MACHACA,consulta externa,nuevas en personas de 15 a 59 anos,2006-04-01,14,51,14,51,65
SANTIVAÑES,consulta externa,nuevas en personas de 15 a 59 anos,2006-04-01,49,101,49,101,150
SANTUARIO DE QUILLACAS,consulta externa,nuevas en personas de 15 a 59 anos,2006-04-01,32,52,32,52,84
SAPAHAQUI,consulta externa,nuevas en personas de 15 a 59 anos,2006-04-01,94,136,94,136,230
SENA,consulta externa,nuevas en personas de 15 a 59 anos,2006-04-01,73,90,73,90,163
SICA SICA (VILLA AROMA),consulta externa,nuevas en personas de 15 a 59 anos,2006-04-01,68,120,68,120,188
SICAYA,consulta externa,nuevas en personas de 15 a 59 anos,2006-04-01,13,26,13,26,39
SIPE SIPE,consulta externa,nuevas en personas de 15 a 59 anos,2006-04-01,102,381,102,381,483
SOPACHUY,consulta externa,nuevas en personas de 15 a 59 anos,2006-04-01,113,202,113,202,315
SORACACHI,consulta externa,nuevas en personas de 15 a 59 anos,2006-04-01,60,71,60,71,131
SORATA,consulta externa,nuevas en personas de 15 a 59 anos,2006-04-01,161,221,161,221,382
SUCRE,consulta externa,nuevas en personas de 15 a 59 anos,2006-04-01,7340,14894,7340,14894,22234
TACACHI,consulta externa,nuevas en personas de 15 a 59 anos,2006-04-01,11,36,11,36,47
TACACOMA,consulta externa,nuevas en personas de 15 a 59 anos,2006-04-01,78,109,78,109,187
TACOBAMBA,consulta externa,nuevas en personas de 15 a 59 anos,2006-04-01,112,195,112,195,307
TACOPAYA,consulta externa,nuevas en personas de 15 a 59 anos,2006-04-01,92,156,92,156,248
TAHUA,consulta externa,nuevas en personas de 15 a 59 anos,2006-04-01,13,26,13,26,39
TAPACARI,consulta externa,nuevas en personas de 15 a 59 anos,2006-04-01,210,417,210,417,627
TARABUCO,consulta externa,nuevas en personas de 15 a 59 anos,2006-04-01,270,619,270,619,889
TARACO,consulta externa,nuevas en personas de 15 a 59 anos,2006-04-01,29,60,29,60,89
TARATA,consulta externa,nuevas en personas de 15 a 59 anos,2006-04-01,29,43,29,43,72
TARIJA,consulta externa,nuevas en personas de 15 a 59 anos,2006-04-01,3519,7085,3519,7085,10604
TARVITA,consulta externa,nuevas en personas de 15 a 59 anos,2006-04-01,181,458,181,458,639
TEOPONTE,consulta externa,nuevas en personas de 15 a 59 anos,2006-04-01,139,109,139,109,248
TIAWANACU,consulta externa,nuevas en personas de 15 a 59 anos,2006-04-01,83,177,83,177,260
TINGUIPAYA,consulta externa,nuevas en personas de 15 a 59 anos,2006-04-01,202,477,202,477,679
TIPUANI,consulta externa,nuevas en personas de 15 a 59 anos,2006-04-01,39,101,39,101,140
TIQUIPAYA,consulta externa,nuevas en personas de 15 a 59 anos,2006-04-01,120,364,120,364,484
TIRAQUE (CBBA),consulta externa,nuevas en personas de 15 a 59 anos,2006-04-01,334,623,334,623,957
TITO YUPANQUI (PARQUIPUJIO),consulta externa,nuevas en personas de 15 a 59 anos,2006-04-01,17,68,17,68,85
TOCO,consulta externa,nuevas en personas de 15 a 59 anos,2006-04-01,20,50,20,50,70
TODOS SANTOS,consulta externa,nuevas en personas de 15 a 59 anos,2006-04-01,4,6,4,6,10
TOLATA,consulta externa,nuevas en personas de 15 a 59 anos,2006-04-01,22,63,22,63,85
TOLEDO,consulta externa,nuevas en personas de 15 a 59 anos,2006-04-01,143,165,143,165,308
TOMAVE,consulta externa,nuevas en personas de 15 a 59 anos,2006-04-01,198,357,198,357,555
TOMINA,consulta externa,nuevas en personas de 15 a 59 anos,2006-04-01,133,285,133,285,418
TORO TORO,consulta externa,nuevas en personas de 15 a 59 anos,2006-04-01,122,226,122,226,348
TOTORA(CBBA),consulta externa,nuevas en personas de 15 a 59 anos,2006-04-01,90,142,90,142,232
TOTORA(ORR),consulta externa,nuevas en personas de 15 a 59 anos,2006-04-01,32,58,32,58,90
TRIGAL,consulta externa,nuevas en personas de 15 a 59 anos,2006-04-01,33,57,33,57,90
TRINIDAD,consulta externa,nuevas en personas de 15 a 59 anos,2006-04-01,874,2277,874,2277,3151
TUPIZA,consulta externa,nuevas en personas de 15 a 59 anos,2006-04-01,1444,2386,1444,2386,3830
TURCO,consulta externa,nuevas en personas de 15 a 59 anos,2006-04-01,57,67,57,67,124
UMALA,consulta externa,nuevas en personas de 15 a 59 anos,2006-04-01,82,65,82,65,147
UNCIA,consulta externa,nuevas en personas de 15 a 59 anos,2006-04-01,383,734,383,734,1117
URIONDO (A. CONCEPCION),consulta externa,nuevas en personas de 15 a 59 anos,2006-04-01,137,438,137,438,575
URUBICHA,consulta externa,nuevas en personas de 15 a 59 anos,2006-04-01,41,93,41,93,134
UYUNI,consulta externa,nuevas en personas de 15 a 59 anos,2006-04-01,779,687,779,687,1466
VACAS,consulta externa,nuevas en personas de 15 a 59 anos,2006-04-01,100,224,100,224,324
VALLEGRANDE,consulta externa,nuevas en personas de 15 a 59 anos,2006-04-01,242,650,242,650,892
VIACHA,consulta externa,nuevas en personas de 15 a 59 anos,2006-04-01,530,1052,530,1052,1582
VILA VILA,consulta externa,nuevas en personas de 15 a 59 anos,2006-04-01,39,54,39,54,93
VILLA MONTES,consulta externa,nuevas en personas de 15 a 59 anos,2006-04-01,380,564,380,564,944
VILLA NUEVA (LOMA ALTA),consulta externa,nuevas en personas de 15 a 59 anos,2006-04-01,44,53,44,53,97
VILLA RIVERO,consulta externa,nuevas en personas de 15 a 59 anos,2006-04-01,30,67,30,67,97
VILLA SERRANO,consulta externa,nuevas en personas de 15 a 59 anos,2006-04-01,170,383,170,383,553
VILLA TUNARI,consulta externa,nuevas en personas de 15 a 59 anos,2006-04-01,876,1489,876,1489,2365
VILLA VACA GUZMAN (MUYUPAMPA),consulta externa,nuevas en personas de 15 a 59 anos,2006-04-01,214,1599,214,1599,1813
VILLAZON,consulta externa,nuevas en personas de 15 a 59 anos,2006-04-01,551,1308,551,1308,1859
VINTO,consulta externa,nuevas en personas de 15 a 59 anos,2006-04-01,73,130,73,130,203
VITICHI,consulta externa,nuevas en personas de 15 a 59 anos,2006-04-01,180,447,180,447,627
WALDO BALLIVIAN,consulta externa,nuevas en personas de 15 a 59 anos,2006-04-01,19,47,19,47,66
WARNES,consulta externa,nuevas en personas de 15 a 59 anos,2006-04-01,481,885,481,885,1366
YACO,consulta externa,nuevas en personas de 15 a 59 anos,2006-04-01,59,95,59,95,154
YACUIBA,consulta externa,nuevas en personas de 15 a 59 anos,2006-04-01,1314,2576,1314,2576,3890
YAMPARAEZ,consulta externa,nuevas en personas de 15 a 59 anos,2006-04-01,109,186,109,186,295
YANACACHI,consulta externa,nuevas en personas de 15 a 59 anos,2006-04-01,168,173,168,173,341
YAPACANI,consulta externa,nuevas en personas de 15 a 59 anos,2006-04-01,436,1003,436,1003,1439
YOCALLA,consulta externa,nuevas en personas de 15 a 59 anos,2006-04-01,79,137,79,137,216
YOTALA,consulta externa,nuevas en personas de 15 a 59 anos,2006-04-01,142,261,142,261,403
YUNCHARA,consulta externa,nuevas en personas de 15 a 59 anos,2006-04-01,145,317,145,317,462
ZUDAÑEZ,consulta externa,nuevas en personas de 15 a 59 anos,2006-04-01,144,364,144,364,508
ACACIO,consulta externa,nuevas en personas de 15 a 59 anos,2006-05-01,133,114,133,114,247
ACHACACHI,consulta externa,nuevas en personas de 15 a 59 anos,2006-05-01,473,819,473,819,1292
ACHOCALLA,consulta externa,nuevas en personas de 15 a 59 anos,2006-05-01,54,96,54,96,150
AIQUILE,consulta externa,nuevas en personas de 15 a 59 anos,2006-05-01,190,414,190,414,604
ALALAY,consulta externa,nuevas en personas de 15 a 59 anos,2006-05-01,21,38,21,38,59
ALCALA,consulta externa,nuevas en personas de 15 a 59 anos,2006-05-01,148,280,148,280,428
ANCORAIMES,consulta externa,nuevas en personas de 15 a 59 anos,2006-05-01,128,248,128,248,376
ANDAMARCA,consulta externa,nuevas en personas de 15 a 59 anos,2006-05-01,43,67,43,67,110
ANTEQUERA,consulta externa,nuevas en personas de 15 a 59 anos,2006-05-01,21,44,21,44,65
ANZALDO,consulta externa,nuevas en personas de 15 a 59 anos,2006-05-01,71,88,71,88,159
APOLO,consulta externa,nuevas en personas de 15 a 59 anos,2006-05-01,130,287,130,287,417
ARAMPAMPA,consulta externa,nuevas en personas de 15 a 59 anos,2006-05-01,67,116,67,116,183
ARANI,consulta externa,nuevas en personas de 15 a 59 anos,2006-05-01,15,56,15,56,71
ARBIETO,consulta externa,nuevas en personas de 15 a 59 anos,2006-05-01,28,97,28,97,125
ARQUE,consulta externa,nuevas en personas de 15 a 59 anos,2006-05-01,115,273,115,273,388
ASCENCION DE GUARAYOS,consulta externa,nuevas en personas de 15 a 59 anos,2006-05-01,189,324,189,324,513
ATOCHA,consulta externa,nuevas en personas de 15 a 59 anos,2006-05-01,999,1066,999,1066,2065
AUCAPATA,consulta externa,nuevas en personas de 15 a 59 anos,2006-05-01,104,118,104,118,222
AYATA,consulta externa,nuevas en personas de 15 a 59 anos,2006-05-01,74,157,74,157,231
AYO AYO,consulta externa,nuevas en personas de 15 a 59 anos,2006-05-01,76,109,76,109,185
AYOPAYA (V. DE INDEPENDENCIA),consulta externa,nuevas en personas de 15 a 59 anos,2006-05-01,284,483,284,483,767
AZURDUY,consulta externa,nuevas en personas de 15 a 59 anos,2006-05-01,390,669,390,669,1059
BATALLAS,consulta externa,nuevas en personas de 15 a 59 anos,2006-05-01,88,176,88,176,264
BAURES,consulta externa,nuevas en personas de 15 a 59 anos,2006-05-01,58,82,58,82,140
BELEN DE ANDAMARCA,consulta externa,nuevas en personas de 15 a 59 anos,2006-05-01,21,31,21,31,52
BELEN DE URMIRI,consulta externa,nuevas en personas de 15 a 59 anos,2006-05-01,103,168,103,168,271
BELLA FLOR,consulta externa,nuevas en personas de 15 a 59 anos,2006-05-01,79,107,79,107,186
BERMEJO,consulta externa,nuevas en personas de 15 a 59 anos,2006-05-01,688,1181,688,1181,1869
BETANZOS,consulta externa,nuevas en personas de 15 a 59 anos,2006-05-01,560,1069,560,1069,1629
BOLIVAR,consulta externa,nuevas en personas de 15 a 59 anos,2006-05-01,80,146,80,146,226
BOLPEBRA,consulta externa,nuevas en personas de 15 a 59 anos,2006-05-01,54,72,54,72,126
BOYUIBE,consulta externa,nuevas en personas de 15 a 59 anos,2006-05-01,99,101,99,101,200
BUENA VISTA,consulta externa,nuevas en personas de 15 a 59 anos,2006-05-01,239,341,239,341,580
CABEZAS,consulta externa,nuevas en personas de 15 a 59 anos,2006-05-01,329,419,329,419,748
CAIROMA,consulta externa,nuevas en personas de 15 a 59 anos,2006-05-01,164,249,164,249,413
"CAIZA ""D""",consulta externa,nuevas en personas de 15 a 59 anos,2006-05-01,223,263,223,263,486
CAJUATA,consulta externa,nuevas en personas de 15 a 59 anos,2006-05-01,129,244,129,244,373
CALACOTO,consulta externa,nuevas en personas de 15 a 59 anos,2006-05-01,115,175,115,175,290
CALAMARCA,consulta externa,nuevas en personas de 15 a 59 anos,2006-05-01,78,158,78,158,236
CAMARGO,consulta externa,nuevas en personas de 15 a 59 anos,2006-05-01,220,530,220,530,750
CAMATAQUI (C. VILLA ABECIA),consulta externa,nuevas en personas de 15 a 59 anos,2006-05-01,164,167,164,167,331
CAMIRI,consulta externa,nuevas en personas de 15 a 59 anos,2006-05-01,972,1668,972,1668,2640
CAPINOTA,consulta externa,nuevas en personas de 15 a 59 anos,2006-05-01,150,197,150,197,347
CAQUIAVIRI,consulta externa,nuevas en personas de 15 a 59 anos,2006-05-01,111,205,111,205,316
CARACOLLO,consulta externa,nuevas en personas de 15 a 59 anos,2006-05-01,146,272,146,272,418
CARANAVI,consulta externa,nuevas en personas de 15 a 59 anos,2006-05-01,1048,1430,1048,1430,2478
CARANGAS,consulta externa,nuevas en personas de 15 a 59 anos,2006-05-01,3,1,3,1,4
CARAPARI,consulta externa,nuevas en personas de 15 a 59 anos,2006-05-01,259,330,259,330,589
CARIPUYO,consulta externa,nuevas en personas de 15 a 59 anos,2006-05-01,91,270,91,270,361
CARMEN RIVERO TORREZ,consulta externa,nuevas en personas de 15 a 59 anos,2006-05-01,22,55,22,55,77
CATACORA,consulta externa,nuevas en personas de 15 a 59 anos,2006-05-01,13,38,13,38,51
CHACARILLA,consulta externa,nuevas en personas de 15 a 59 anos,2006-05-01,16,20,16,20,36
CHALLAPATA,consulta externa,nuevas en personas de 15 a 59 anos,2006-05-01,343,454,343,454,797
CHAQUI,consulta externa,nuevas en personas de 15 a 59 anos,2006-05-01,89,179,89,179,268
CHARAGUA,consulta externa,nuevas en personas de 15 a 59 anos,2006-05-01,188,359,188,359,547
CHARAÑA,consulta externa,nuevas en personas de 15 a 59 anos,2006-05-01,58,68,58,68,126
CHAYANTA,consulta externa,nuevas en personas de 15 a 59 anos,2006-05-01,247,434,247,434,681
CHIMORE,consulta externa,nuevas en personas de 15 a 59 anos,2006-05-01,183,266,183,266,449
CHIPAYA,consulta externa,nuevas en personas de 15 a 59 anos,2006-05-01,18,22,18,22,40
CHOQUE COTA,consulta externa,nuevas en personas de 15 a 59 anos,2006-05-01,23,35,23,35,58
CHULUMANI (V. DE LA LIBERTAD),consulta externa,nuevas en personas de 15 a 59 anos,2006-05-01,216,364,216,364,580
CHUMA,consulta externa,nuevas en personas de 15 a 59 anos,2006-05-01,174,262,174,262,436
CLIZA,consulta externa,nuevas en personas de 15 a 59 anos,2006-05-01,48,113,48,113,161
COBIJA,consulta externa,nuevas en personas de 15 a 59 anos,2006-05-01,750,1061,750,1061,1811
COCHABAMBA,consulta externa,nuevas en personas de 15 a 59 anos,2006-05-01,11523,26575,11523,26575,38098
COIPASA,consulta externa,nuevas en personas de 15 a 59 anos,2006-05-01,7,8,7,8,15
COLCAPIRHUA,consulta externa,nuevas en personas de 15 a 59 anos,2006-05-01,424,847,424,847,1271
"COLCHA ""K""",consulta externa,nuevas en personas de 15 a 59 anos,2006-05-01,247,426,247,426,673
COLLANA,consulta externa,nuevas en personas de 15 a 59 anos,2006-05-01,20,24,20,24,44
COLOMI,consulta externa,nuevas en personas de 15 a 59 anos,2006-05-01,99,195,99,195,294
COLPA BELGICA,consulta externa,nuevas en personas de 15 a 59 anos,2006-05-01,67,165,67,165,232
COLQUECHACA,consulta externa,nuevas en personas de 15 a 59 anos,2006-05-01,426,776,426,776,1202
COLQUENCHA,consulta externa,nuevas en personas de 15 a 59 anos,2006-05-01,111,140,111,140,251
COLQUIRI,consulta externa,nuevas en personas de 15 a 59 anos,2006-05-01,297,570,297,570,867
COMANCHE,consulta externa,nuevas en personas de 15 a 59 anos,2006-05-01,38,58,38,58,96
COMARAPA,consulta externa,nuevas en personas de 15 a 59 anos,2006-05-01,320,564,320,564,884
COMBAYA,consulta externa,nuevas en personas de 15 a 59 anos,2006-05-01,22,32,22,32,54
CONCEPCION,consulta externa,nuevas en personas de 15 a 59 anos,2006-05-01,70,124,70,124,194
COPACABANA,consulta externa,nuevas en personas de 15 a 59 anos,2006-05-01,178,259,178,259,437
CORIPATA,consulta externa,nuevas en personas de 15 a 59 anos,2006-05-01,100,246,100,246,346
CORO CORO,consulta externa,nuevas en personas de 15 a 59 anos,2006-05-01,91,149,91,149,240
COROICO,consulta externa,nuevas en personas de 15 a 59 anos,2006-05-01,411,477,411,477,888
CORQUE,consulta externa,nuevas en personas de 15 a 59 anos,2006-05-01,216,173,216,173,389
COTAGAITA,consulta externa,nuevas en personas de 15 a 59 anos,2006-05-01,1006,1455,1006,1455,2461
COTOCA,consulta externa,nuevas en personas de 15 a 59 anos,2006-05-01,146,304,146,304,450
CUATRO CAÑADAS,consulta externa,nuevas en personas de 15 a 59 anos,2006-05-01,234,556,234,556,790
CUCHUMUELA (V. G. VILLARROEL),consulta externa,nuevas en personas de 15 a 59 anos,2006-05-01,10,32,10,32,42
CUEVO,consulta externa,nuevas en personas de 15 a 59 anos,2006-05-01,106,138,106,138,244
CULPINA,consulta externa,nuevas en personas de 15 a 59 anos,2006-05-01,230,488,230,488,718
CURAHUARA DE CARANGAS,consulta externa,nuevas en personas de 15 a 59 anos,2006-05-01,76,124,76,124,200
CURVA,consulta externa,nuevas en personas de 15 a 59 anos,2006-05-01,44,50,44,50,94
DESAGUADERO,consulta externa,nuevas en personas de 15 a 59 anos,2006-05-01,104,98,104,98,202
EL ALTO,consulta externa,nuevas en personas de 15 a 59 anos,2006-05-01,7226,11356,7226,11356,18582
EL CHORO,consulta externa,nuevas en personas de 15 a 59 anos,2006-05-01,69,90,69,90,159
EL PUENTE(STC),consulta externa,nuevas en personas de 15 a 59 anos,2006-05-01,188,335,188,335,523
EL PUENTE(TJA),consulta externa,nuevas en personas de 15 a 59 anos,2006-05-01,242,374,242,374,616
EL TORNO,consulta externa,nuevas en personas de 15 a 59 anos,2006-05-01,586,868,586,868,1454
EL VILLAR,consulta externa,nuevas en personas de 15 a 59 anos,2006-05-01,80,193,80,193,273
ENTRE RIOS,consulta externa,nuevas en personas de 15 a 59 anos,2006-05-01,529,717,529,717,1246
ENTRE RIOS,consulta externa,nuevas en personas de 15 a 59 anos,2006-05-01,159,261,159,261,420
ESCARA,consulta externa,nuevas en personas de 15 a 59 anos,2006-05-01,4,6,4,6,10
EUCALIPTUS,consulta externa,nuevas en personas de 15 a 59 anos,2006-05-01,52,140,52,140,192
EUREKA (SANTOS MERCADO),consulta externa,nuevas en personas de 15 a 59 anos,2006-05-01,14,35,14,35,49
EXALTACION,consulta externa,nuevas en personas de 15 a 59 anos,2006-05-01,63,113,63,113,176
FERNANDEZ ALONSO,consulta externa,nuevas en personas de 15 a 59 anos,2006-05-01,123,340,123,340,463
FILADELFIA,consulta externa,nuevas en personas de 15 a 59 anos,2006-05-01,124,195,124,195,319
GENERAL SAAVEDRA,consulta externa,nuevas en personas de 15 a 59 anos,2006-05-01,186,210,186,210,396
GRAL. J.J. PEREZ (CHARAZANI),consulta externa,nuevas en personas de 15 a 59 anos,2006-05-01,143,229,143,229,372
GUANAY,consulta externa,nuevas en personas de 15 a 59 anos,2006-05-01,112,207,112,207,319
GUAQUI,consulta externa,nuevas en personas de 15 a 59 anos,2006-05-01,35,94,35,94,129
GUAYARAMERIN,consulta externa,nuevas en personas de 15 a 59 anos,2006-05-01,478,1488,478,1488,1966
GUTIERREZ,consulta externa,nuevas en personas de 15 a 59 anos,2006-05-01,191,299,191,299,490
HUACARETA,consulta externa,nuevas en personas de 15 a 59 anos,2006-05-01,238,425,238,425,663
HUACAYA (VILLA DE HUACAYA),consulta externa,nuevas en personas de 15 a 59 anos,2006-05-01,114,198,114,198,312
HUACHACALLA,consulta externa,nuevas en personas de 15 a 59 anos,2006-05-01,28,26,28,26,54
HUANUNI,consulta externa,nuevas en personas de 15 a 59 anos,2006-05-01,555,779,555,779,1334
HUARACAJE,consulta externa,nuevas en personas de 15 a 59 anos,2006-05-01,37,92,37,92,129
HUAYLLAMARCA,consulta externa,nuevas en personas de 15 a 59 anos,2006-05-01,102,139,102,139,241
ICHOCA,consulta externa,nuevas en personas de 15 a 59 anos,2006-05-01,89,178,89,178,267
ICLA,consulta externa,nuevas en personas de 15 a 59 anos,2006-05-01,181,406,181,406,587
INCAHUASI,consulta externa,nuevas en personas de 15 a 59 anos,2006-05-01,298,766,298,766,1064
INGAVI (HUMAITA),consulta externa,nuevas en personas de 15 a 59 anos,2006-05-01,7,5,7,5,12
INQUISIVI,consulta externa,nuevas en personas de 15 a 59 anos,2006-05-01,150,264,150,264,414
IRUPANA (VILLA DE LANZA),consulta externa,nuevas en personas de 15 a 59 anos,2006-05-01,221,354,221,354,575
IXIAMAS,consulta externa,nuevas en personas de 15 a 59 anos,2006-05-01,104,202,104,202,306
JESUS DE MACHACA,consulta externa,nuevas en personas de 15 a 59 anos,2006-05-01,171,347,171,347,518
LA ASUNTA,consulta externa,nuevas en personas de 15 a 59 anos,2006-05-01,329,408,329,408,737
LA GUARDIA,consulta externa,nuevas en personas de 15 a 59 anos,2006-05-01,270,689,270,689,959
LA PAZ,consulta externa,nuevas en personas de 15 a 59 anos,2006-05-01,22156,36770,22156,36770,58926
LA RIVERA,consulta externa,nuevas en personas de 15 a 59 anos,2006-05-01,8,11,8,11,19
LAGUNILLAS,consulta externa,nuevas en personas de 15 a 59 anos,2006-05-01,114,183,114,183,297
LAJA,consulta externa,nuevas en personas de 15 a 59 anos,2006-05-01,144,153,144,153,297
LAS CARRERAS,consulta externa,nuevas en personas de 15 a 59 anos,2006-05-01,74,209,74,209,283
LICOMA PAMPA,consulta externa,nuevas en personas de 15 a 59 anos,2006-05-01,48,63,48,63,111
LLALLAGUA,consulta externa,nuevas en personas de 15 a 59 anos,2006-05-01,611,1145,611,1145,1756
LLICA,consulta externa,nuevas en personas de 15 a 59 anos,2006-05-01,144,172,144,172,316
LORETO,consulta externa,nuevas en personas de 15 a 59 anos,2006-05-01,37,65,37,65,102
LURIBAY,consulta externa,nuevas en personas de 15 a 59 anos,2006-05-01,178,241,178,241,419
MACHACAMARCA,consulta externa,nuevas en personas de 15 a 59 anos,2006-05-01,64,84,64,84,148
MACHARETI,consulta externa,nuevas en personas de 15 a 59 anos,2006-05-01,214,454,214,454,668
MAGDALENA,consulta externa,nuevas en personas de 15 a 59 anos,2006-05-01,133,274,133,274,407
MAIRANA,consulta externa,nuevas en personas de 15 a 59 anos,2006-05-01,113,250,113,250,363
MALLA,consulta externa,nuevas en personas de 15 a 59 anos,2006-05-01,63,96,63,96,159
MAPIRI,consulta externa,nuevas en personas de 15 a 59 anos,2006-05-01,238,455,238,455,693
MECAPACA,consulta externa,nuevas en personas de 15 a 59 anos,2006-05-01,166,229,166,229,395
MINEROS,consulta externa,nuevas en personas de 15 a 59 anos,2006-05-01,151,305,151,305,456
MIZQUE,consulta externa,nuevas en personas de 15 a 59 anos,2006-05-01,116,226,116,226,342
MOCOMOCO,consulta externa,nuevas en personas de 15 a 59 anos,2006-05-01,221,250,221,250,471
MOJINETE,consulta externa,nuevas en personas de 15 a 59 anos,2006-05-01,18,49,18,49,67
MOJOCOYA,consulta externa,nuevas en personas de 15 a 59 anos,2006-05-01,110,248,110,248,358
MONTEAGUDO,consulta externa,nuevas en personas de 15 a 59 anos,2006-05-01,749,1490,749,1490,2239
MONTERO,consulta externa,nuevas en personas de 15 a 59 anos,2006-05-01,1586,3112,1586,3112,4698
MORO MORO,consulta externa,nuevas en personas de 15 a 59 anos,2006-05-01,62,125,62,125,187
MOROCHATA,consulta externa,nuevas en personas de 15 a 59 anos,2006-05-01,83,212,83,212,295
NACEBE (SANTA ROSA DEL ABUNA),consulta externa,nuevas en personas de 15 a 59 anos,2006-05-01,100,66,100,66,166
NAZACARA DE PACAJES,consulta externa,nuevas en personas de 15 a 59 anos,2006-05-01,26,7,26,7,33
NUEVO MANOA (NUEVA ESPERANZA),consulta externa,nuevas en personas de 15 a 59 anos,2006-05-01,115,50,115,50,165
OCURI,consulta externa,nuevas en personas de 15 a 59 anos,2006-05-01,243,488,243,488,731
OKINAWA,consulta externa,nuevas en personas de 15 a 59 anos,2006-05-01,146,409,146,409,555
OMEREQUE,consulta externa,nuevas en personas de 15 a 59 anos,2006-05-01,78,207,78,207,285
ORURO,consulta externa,nuevas en personas de 15 a 59 anos,2006-05-01,7735,12093,7735,12093,19828
PADCAYA,consulta externa,nuevas en personas de 15 a 59 anos,2006-05-01,336,520,336,520,856
PADILLA,consulta externa,nuevas en personas de 15 a 59 anos,2006-05-01,334,862,334,862,1196
PAILON,consulta externa,nuevas en personas de 15 a 59 anos,2006-05-01,119,152,119,152,271
PALCA,consulta externa,nuevas en personas de 15 a 59 anos,2006-05-01,142,181,142,181,323
PALOS BLANCOS,consulta externa,nuevas en personas de 15 a 59 anos,2006-05-01,526,651,526,651,1177
PAMPA AULLAGAS,consulta externa,nuevas en personas de 15 a 59 anos,2006-05-01,24,43,24,43,67
PAMPA GRANDE,consulta externa,nuevas en personas de 15 a 59 anos,2006-05-01,132,219,132,219,351
PAPEL PAMPA,consulta externa,nuevas en personas de 15 a 59 anos,2006-05-01,74,99,74,99,173
PASORAPA,consulta externa,nuevas en personas de 15 a 59 anos,2006-05-01,24,59,24,59,83
PATACAMAYA,consulta externa,nuevas en personas de 15 a 59 anos,2006-05-01,123,224,123,224,347
PAZÑA,consulta externa,nuevas en personas de 15 a 59 anos,2006-05-01,122,197,122,197,319
PELECHUCO,consulta externa,nuevas en personas de 15 a 59 anos,2006-05-01,152,189,152,189,341
POCOATA,consulta externa,nuevas en personas de 15 a 59 anos,2006-05-01,306,536,306,536,842
POCONA,consulta externa,nuevas en personas de 15 a 59 anos,2006-05-01,109,171,109,171,280
POJO (CBBA),consulta externa,nuevas en personas de 15 a 59 anos,2006-05-01,36,162,36,162,198
POOPO,consulta externa,nuevas en personas de 15 a 59 anos,2006-05-01,56,95,56,95,151
PORCO,consulta externa,nuevas en personas de 15 a 59 anos,2006-05-01,144,253,144,253,397
POROMA,consulta externa,nuevas en personas de 15 a 59 anos,2006-05-01,296,598,296,598,894
PORONGO,consulta externa,nuevas en personas de 15 a 59 anos,2006-05-01,85,170,85,170,255
PORTACHUELO,consulta externa,nuevas en personas de 15 a 59 anos,2006-05-01,239,609,239,609,848
PORVENIR,consulta externa,nuevas en personas de 15 a 59 anos,2006-05-01,98,125,98,125,223
POSTRER VALLE,consulta externa,nuevas en personas de 15 a 59 anos,2006-05-01,77,105,77,105,182
POTOSI,consulta externa,nuevas en personas de 15 a 59 anos,2006-05-01,13353,8541,13353,8541,21894
PRESTO,consulta externa,nuevas en personas de 15 a 59 anos,2006-05-01,120,364,120,364,484
PUCARA,consulta externa,nuevas en personas de 15 a 59 anos,2006-05-01,131,217,131,217,348
PUCARANI,consulta externa,nuevas en personas de 15 a 59 anos,2006-05-01,174,306,174,306,480
PUERTO ACOSTA,consulta externa,nuevas en personas de 15 a 59 anos,2006-05-01,266,362,266,362,628
PUERTO CARABUCO,consulta externa,nuevas en personas de 15 a 59 anos,2006-05-01,176,281,176,281,457
PUERTO GONZALO MORENO,consulta externa,nuevas en personas de 15 a 59 anos,2006-05-01,58,107,58,107,165
PUERTO PEREZ,consulta externa,nuevas en personas de 15 a 59 anos,2006-05-01,75,119,75,119,194
PUERTO QUIJARRO,consulta externa,nuevas en personas de 15 a 59 anos,2006-05-01,339,368,339,368,707
PUERTO RICO,consulta externa,nuevas en personas de 15 a 59 anos,2006-05-01,146,201,146,201,347
PUERTO SILES,consulta externa,nuevas en personas de 15 a 59 anos,2006-05-01,2,2,2,2,4
PUERTO SUAREZ,consulta externa,nuevas en personas de 15 a 59 anos,2006-05-01,219,510,219,510,729
PUERTO VILLARROEL,consulta externa,nuevas en personas de 15 a 59 anos,2006-05-01,643,953,643,953,1596
PUNA,consulta externa,nuevas en personas de 15 a 59 anos,2006-05-01,747,1209,747,1209,1956
PUNATA,consulta externa,nuevas en personas de 15 a 59 anos,2006-05-01,236,558,236,558,794
QUIABAYA,consulta externa,nuevas en personas de 15 a 59 anos,2006-05-01,31,47,31,47,78
QUILLACOLLO,consulta externa,nuevas en personas de 15 a 59 anos,2006-05-01,695,1511,695,1511,2206
QUIME,consulta externa,nuevas en personas de 15 a 59 anos,2006-05-01,252,144,252,144,396
QUIRUSILLAS,consulta externa,nuevas en personas de 15 a 59 anos,2006-05-01,32,48,32,48,80
RAVELO,consulta externa,nuevas en personas de 15 a 59 anos,2006-05-01,238,406,238,406,644
REYES,consulta externa,nuevas en personas de 15 a 59 anos,2006-05-01,206,367,206,367,573
RIBERALTA,consulta externa,nuevas en personas de 15 a 59 anos,2006-05-01,809,1346,809,1346,2155
ROBORE,consulta externa,nuevas en personas de 15 a 59 anos,2006-05-01,224,384,224,384,608
RURRENABAQUE,consulta externa,nuevas en personas de 15 a 59 anos,2006-05-01,183,329,183,329,512
SABAYA,consulta externa,nuevas en personas de 15 a 59 anos,2006-05-01,80,102,80,102,182
SACABA,consulta externa,nuevas en personas de 15 a 59 anos,2006-05-01,573,1492,573,1492,2065
SACABAMBA,consulta externa,nuevas en personas de 15 a 59 anos,2006-05-01,61,61,61,61,122
SACACA,consulta externa,nuevas en personas de 15 a 59 anos,2006-05-01,347,650,347,650,997
SAIPINA,consulta externa,nuevas en personas de 15 a 59 anos,2006-05-01,121,211,121,211,332
SALINAS DE GARCI MENDOZA,consulta externa,nuevas en personas de 15 a 59 anos,2006-05-01,143,296,143,296,439
SAMAIPATA,consulta externa,nuevas en personas de 15 a 59 anos,2006-05-01,73,124,73,124,197
SAN AGUSTIN,consulta externa,nuevas en personas de 15 a 59 anos,2006-05-01,97,81,97,81,178
SAN ANDRES,consulta externa,nuevas en personas de 15 a 59 anos,2006-05-01,59,173,59,173,232
SAN ANDRES DE MACHACA,consulta externa,nuevas en personas de 15 a 59 anos,2006-05-01,84,162,84,162,246
SAN ANTONIO DE ESMORUCO,consulta externa,nuevas en personas de 15 a 59 anos,2006-05-01,33,82,33,82,115
SAN ANTONIO DE LOMERIO,consulta externa,nuevas en personas de 15 a 59 anos,2006-05-01,34,64,34,64,98
SAN BENITO,consulta externa,nuevas en personas de 15 a 59 anos,2006-05-01,44,133,44,133,177
SAN BORJA,consulta externa,nuevas en personas de 15 a 59 anos,2006-05-01,184,488,184,488,672
SAN BUENA VENTURA,consulta externa,nuevas en personas de 15 a 59 anos,2006-05-01,177,267,177,267,444
SAN CARLOS,consulta externa,nuevas en personas de 15 a 59 anos,2006-05-01,156,519,156,519,675
SAN IGNACIO,consulta externa,nuevas en personas de 15 a 59 anos,2006-05-01,233,570,233,570,803
SAN IGNACIO DE VELASCO,consulta externa,nuevas en personas de 15 a 59 anos,2006-05-01,883,1568,883,1568,2451
SAN JAVIER(BNI),consulta externa,nuevas en personas de 15 a 59 anos,2006-05-01,24,35,24,35,59
SAN JAVIER(STC),consulta externa,nuevas en personas de 15 a 59 anos,2006-05-01,90,180,90,180,270
SAN JOAQUIN,consulta externa,nuevas en personas de 15 a 59 anos,2006-05-01,53,121,53,121,174
SAN JOSE DE CHIQUITOS,consulta externa,nuevas en personas de 15 a 59 anos,2006-05-01,231,392,231,392,623
SAN JUAN DE YAPACANI,consulta externa,nuevas en personas de 15 a 59 anos,2006-05-01,173,210,173,210,383
SAN JULIAN,consulta externa,nuevas en personas de 15 a 59 anos,2006-05-01,937,1346,937,1346,2283
SAN LORENZO(PND),consulta externa,nuevas en personas de 15 a 59 anos,2006-05-01,101,175,101,175,276
SAN LORENZO(TJA),consulta externa,nuevas en personas de 15 a 59 anos,2006-05-01,318,649,318,649,967
SAN LUCAS,consulta externa,nuevas en personas de 15 a 59 anos,2006-05-01,576,1283,576,1283,1859
SAN MATIAS,consulta externa,nuevas en personas de 15 a 59 anos,2006-05-01,94,145,94,145,239
SAN MIGUEL DE VELASCO,consulta externa,nuevas en personas de 15 a 59 anos,2006-05-01,76,148,76,148,224
SAN PABLO DE LIPEZ,consulta externa,nuevas en personas de 15 a 59 anos,2006-05-01,85,209,85,209,294
SAN PEDRO,consulta externa,nuevas en personas de 15 a 59 anos,2006-05-01,344,567,344,567,911
SAN PEDRO DE BUENA VISTA,consulta externa,nuevas en personas de 15 a 59 anos,2006-05-01,255,513,255,513,768
SAN PEDRO DE CURAHUARA,consulta externa,nuevas en personas de 15 a 59 anos,2006-05-01,64,77,64,77,141
SAN PEDRO DE QUEMES,consulta externa,nuevas en personas de 15 a 59 anos,2006-05-01,5,15,5,15,20
SAN PEDRO DE TIQUINA,consulta externa,nuevas en personas de 15 a 59 anos,2006-05-01,39,53,39,53,92
SAN PEDRO(PND),consulta externa,nuevas en personas de 15 a 59 anos,2006-05-01,24,32,24,32,56
SAN RAFAEL,consulta externa,nuevas en personas de 15 a 59 anos,2006-05-01,78,87,78,87,165
SAN RAMON,consulta externa,nuevas en personas de 15 a 59 anos,2006-05-01,56,185,56,185,241
SAN RAMON,consulta externa,nuevas en personas de 15 a 59 anos,2006-05-01,116,267,116,267,383
SANTA ANA,consulta externa,nuevas en personas de 15 a 59 anos,2006-05-01,107,296,107,296,403
SANTA CRUZ DE LA SIERRA,consulta externa,nuevas en personas de 15 a 59 anos,2006-05-01,20683,36125,20683,36125,56808
SANTA ROSA,consulta externa,nuevas en personas de 15 a 59 anos,2006-05-01,90,219,90,219,309
SANTA ROSA DEL SARA,consulta externa,nuevas en personas de 15 a 59 anos,2006-05-01,195,395,195,395,590
SANTIAGO DE CALLAPA,consulta externa,nuevas en personas de 15 a 59 anos,2006-05-01,59,61,59,61,120
SANTIAGO DE HUARI,consulta externa,nuevas en personas de 15 a 59 anos,2006-05-01,123,177,123,177,300
SANTIAGO DE MACHACA,consulta externa,nuevas en personas de 15 a 59 anos,2006-05-01,21,53,21,53,74
SANTIVAÑES,consulta externa,nuevas en personas de 15 a 59 anos,2006-05-01,62,115,62,115,177
SANTUARIO DE QUILLACAS,consulta externa,nuevas en personas de 15 a 59 anos,2006-05-01,14,50,14,50,64
SAPAHAQUI,consulta externa,nuevas en personas de 15 a 59 anos,2006-05-01,104,119,104,119,223
SENA,consulta externa,nuevas en personas de 15 a 59 anos,2006-05-01,142,245,142,245,387
SICA SICA (VILLA AROMA),consulta externa,nuevas en personas de 15 a 59 anos,2006-05-01,118,198,118,198,316
SICAYA,consulta externa,nuevas en personas de 15 a 59 anos,2006-05-01,18,26,18,26,44
SIPE SIPE,consulta externa,nuevas en personas de 15 a 59 anos,2006-05-01,115,465,115,465,580
SOPACHUY,consulta externa,nuevas en personas de 15 a 59 anos,2006-05-01,131,306,131,306,437
SORACACHI,consulta externa,nuevas en personas de 15 a 59 anos,2006-05-01,65,80,65,80,145
SORATA,consulta externa,nuevas en personas de 15 a 59 anos,2006-05-01,186,276,186,276,462
SUCRE,consulta externa,nuevas en personas de 15 a 59 anos,2006-05-01,9024,18089,9024,18089,27113
TACACHI,consulta externa,nuevas en personas de 15 a 59 anos,2006-05-01,7,27,7,27,34
TACACOMA,consulta externa,nuevas en personas de 15 a 59 anos,2006-05-01,102,125,102,125,227
TACOBAMBA,consulta externa,nuevas en personas de 15 a 59 anos,2006-05-01,143,195,143,195,338
TACOPAYA,consulta externa,nuevas en personas de 15 a 59 anos,2006-05-01,75,120,75,120,195
TAHUA,consulta externa,nuevas en personas de 15 a 59 anos,2006-05-01,16,21,16,21,37
TAPACARI,consulta externa,nuevas en personas de 15 a 59 anos,2006-05-01,233,447,233,447,680
TARABUCO,consulta externa,nuevas en personas de 15 a 59 anos,2006-05-01,336,531,336,531,867
TARACO,consulta externa,nuevas en personas de 15 a 59 anos,2006-05-01,32,46,32,46,78
TARATA,consulta externa,nuevas en personas de 15 a 59 anos,2006-05-01,34,25,34,25,59
TARIJA,consulta externa,nuevas en personas de 15 a 59 anos,2006-05-01,4806,9855,4806,9855,14661
TARVITA,consulta externa,nuevas en personas de 15 a 59 anos,2006-05-01,502,1094,502,1094,1596
TEOPONTE,consulta externa,nuevas en personas de 15 a 59 anos,2006-05-01,180,186,180,186,366
TIAWANACU,consulta externa,nuevas en personas de 15 a 59 anos,2006-05-01,106,201,106,201,307
TINGUIPAYA,consulta externa,nuevas en personas de 15 a 59 anos,2006-05-01,230,576,230,576,806
TIPUANI,consulta externa,nuevas en personas de 15 a 59 anos,2006-05-01,65,154,65,154,219
TIQUIPAYA,consulta externa,nuevas en personas de 15 a 59 anos,2006-05-01,195,547,195,547,742
TIRAQUE (CBBA),consulta externa,nuevas en personas de 15 a 59 anos,2006-05-01,402,815,402,815,1217
TITO YUPANQUI (PARQUIPUJIO),consulta externa,nuevas en personas de 15 a 59 anos,2006-05-01,20,53,20,53,73
TOCO,consulta externa,nuevas en personas de 15 a 59 anos,2006-05-01,23,48,23,48,71
TODOS SANTOS,consulta externa,nuevas en personas de 15 a 59 anos,2006-05-01,19,14,19,14,33
TOLATA,consulta externa,nuevas en personas de 15 a 59 anos,2006-05-01,30,65,30,65,95
TOLEDO,consulta externa,nuevas en personas de 15 a 59 anos,2006-05-01,188,199,188,199,387
TOMAVE,consulta externa,nuevas en personas de 15 a 59 anos,2006-05-01,295,410,295,410,705
TOMINA,consulta externa,nuevas en personas de 15 a 59 anos,2006-05-01,239,443,239,443,682
TORO TORO,consulta externa,nuevas en personas de 15 a 59 anos,2006-05-01,177,322,177,322,499
TOTORA(CBBA),consulta externa,nuevas en personas de 15 a 59 anos,2006-05-01,100,160,100,160,260
TOTORA(ORR),consulta externa,nuevas en personas de 15 a 59 anos,2006-05-01,47,56,47,56,103
TRIGAL,consulta externa,nuevas en personas de 15 a 59 anos,2006-05-01,34,44,34,44,78
TRINIDAD,consulta externa,nuevas en personas de 15 a 59 anos,2006-05-01,2607,3992,2607,3992,6599
TUPIZA,consulta externa,nuevas en personas de 15 a 59 anos,2006-05-01,1867,2787,1867,2787,4654
TURCO,consulta externa,nuevas en personas de 15 a 59 anos,2006-05-01,112,129,112,129,241
UMALA,consulta externa,nuevas en personas de 15 a 59 anos,2006-05-01,88,118,88,118,206
UNCIA,consulta externa,nuevas en personas de 15 a 59 anos,2006-05-01,527,955,527,955,1482
URIONDO (A. CONCEPCION),consulta externa,nuevas en personas de 15 a 59 anos,2006-05-01,251,552,251,552,803
URUBICHA,consulta externa,nuevas en personas de 15 a 59 anos,2006-05-01,11,111,11,111,122
UYUNI,consulta externa,nuevas en personas de 15 a 59 anos,2006-05-01,896,1076,896,1076,1972
VACAS,consulta externa,nuevas en personas de 15 a 59 anos,2006-05-01,134,236,134,236,370
VALLEGRANDE,consulta externa,nuevas en personas de 15 a 59 anos,2006-05-01,395,795,395,795,1190
VIACHA,consulta externa,nuevas en personas de 15 a 59 anos,2006-05-01,663,1169,663,1169,1832
VILA VILA,consulta externa,nuevas en personas de 15 a 59 anos,2006-05-01,34,47,34,47,81
VILLA MONTES,consulta externa,nuevas en personas de 15 a 59 anos,2006-05-01,485,657,485,657,1142
VILLA NUEVA (LOMA ALTA),consulta externa,nuevas en personas de 15 a 59 anos,2006-05-01,30,52,30,52,82
VILLA RIVERO,consulta externa,nuevas en personas de 15 a 59 anos,2006-05-01,24,70,24,70,94
VILLA SERRANO,consulta externa,nuevas en personas de 15 a 59 anos,2006-05-01,240,519,240,519,759
VILLA TUNARI,consulta externa,nuevas en personas de 15 a 59 anos,2006-05-01,863,1390,863,1390,2253
VILLA VACA GUZMAN (MUYUPAMPA),consulta externa,nuevas en personas de 15 a 59 anos,2006-05-01,302,547,302,547,849
VILLAZON,consulta externa,nuevas en personas de 15 a 59 anos,2006-05-01,654,1490,654,1490,2144
VINTO,consulta externa,nuevas en personas de 15 a 59 anos,2006-05-01,114,208,114,208,322
VITICHI,consulta externa,nuevas en personas de 15 a 59 anos,2006-05-01,260,471,260,471,731
WALDO BALLIVIAN,consulta externa,nuevas en personas de 15 a 59 anos,2006-05-01,24,43,24,43,67
WARNES,consulta externa,nuevas en personas de 15 a 59 anos,2006-05-01,495,713,495,713,1208
YACO,consulta externa,nuevas en personas de 15 a 59 anos,2006-05-01,73,134,73,134,207
YACUIBA,consulta externa,nuevas en personas de 15 a 59 anos,2006-05-01,1880,3406,1880,3406,5286
YAMPARAEZ,consulta externa,nuevas en personas de 15 a 59 anos,2006-05-01,108,164,108,164,272
YANACACHI,consulta externa,nuevas en personas de 15 a 59 anos,2006-05-01,102,106,102,106,208
YAPACANI,consulta externa,nuevas en personas de 15 a 59 anos,2006-05-01,315,806,315,806,1121
YOCALLA,consulta externa,nuevas en personas de 15 a 59 anos,2006-05-01,90,132,90,132,222
YOTALA,consulta externa,nuevas en personas de 15 a 59 anos,2006-05-01,131,207,131,207,338
YUNCHARA,consulta externa,nuevas en personas de 15 a 59 anos,2006-05-01,59,124,59,124,183
ZUDAÑEZ,consulta externa,nuevas en personas de 15 a 59 anos,2006-05-01,199,363,199,363,562
ACACIO,consulta externa,nuevas en personas de 15 a 59 anos,2006-06-01,120,183,120,183,303
ACHACACHI,consulta externa,nuevas en personas de 15 a 59 anos,2006-06-01,439,663,439,663,1102
ACHOCALLA,consulta externa,nuevas en personas de 15 a 59 anos,2006-06-01,42,79,42,79,121
AIQUILE,consulta externa,nuevas en personas de 15 a 59 anos,2006-06-01,177,391,177,391,568
ALALAY,consulta externa,nuevas en personas de 15 a 59 anos,2006-06-01,9,18,9,18,27
ALCALA,consulta externa,nuevas en personas de 15 a 59 anos,2006-06-01,128,285,128,285,413
ANCORAIMES,consulta externa,nuevas en personas de 15 a 59 anos,2006-06-01,90,192,90,192,282
ANDAMARCA,consulta externa,nuevas en personas de 15 a 59 anos,2006-06-01,31,63,31,63,94
ANTEQUERA,consulta externa,nuevas en personas de 15 a 59 anos,2006-06-01,20,53,20,53,73
ANZALDO,consulta externa,nuevas en personas de 15 a 59 anos,2006-06-01,43,66,43,66,109
APOLO,consulta externa,nuevas en personas de 15 a 59 anos,2006-06-01,160,251,160,251,411
ARAMPAMPA,consulta externa,nuevas en personas de 15 a 59 anos,2006-06-01,60,63,60,63,123
ARANI,consulta externa,nuevas en personas de 15 a 59 anos,2006-06-01,25,43,25,43,68
ARBIETO,consulta externa,nuevas en personas de 15 a 59 anos,2006-06-01,30,64,30,64,94
ARQUE,consulta externa,nuevas en personas de 15 a 59 anos,2006-06-01,79,177,79,177,256
ASCENCION DE GUARAYOS,consulta externa,nuevas en personas de 15 a 59 anos,2006-06-01,179,299,179,299,478
ATOCHA,consulta externa,nuevas en personas de 15 a 59 anos,2006-06-01,776,862,776,862,1638
AUCAPATA,consulta externa,nuevas en personas de 15 a 59 anos,2006-06-01,175,196,175,196,371
AYATA,consulta externa,nuevas en personas de 15 a 59 anos,2006-06-01,51,81,51,81,132
AYO AYO,consulta externa,nuevas en personas de 15 a 59 anos,2006-06-01,57,81,57,81,138
AYOPAYA (V. DE INDEPENDENCIA),consulta externa,nuevas en personas de 15 a 59 anos,2006-06-01,211,441,211,441,652
AZURDUY,consulta externa,nuevas en personas de 15 a 59 anos,2006-06-01,384,766,384,766,1150
BATALLAS,consulta externa,nuevas en personas de 15 a 59 anos,2006-06-01,103,138,103,138,241
BAURES,consulta externa,nuevas en personas de 15 a 59 anos,2006-06-01,70,147,70,147,217
BELEN DE ANDAMARCA,consulta externa,nuevas en personas de 15 a 59 anos,2006-06-01,27,27,27,27,54
BELEN DE URMIRI,consulta externa,nuevas en personas de 15 a 59 anos,2006-06-01,46,70,46,70,116
BELLA FLOR,consulta externa,nuevas en personas de 15 a 59 anos,2006-06-01,70,77,70,77,147
BERMEJO,consulta externa,nuevas en personas de 15 a 59 anos,2006-06-01,592,1011,592,1011,1603
BETANZOS,consulta externa,nuevas en personas de 15 a 59 anos,2006-06-01,586,969,586,969,1555
BOLIVAR,consulta externa,nuevas en personas de 15 a 59 anos,2006-06-01,56,77,56,77,133
BOLPEBRA,consulta externa,nuevas en personas de 15 a 59 anos,2006-06-01,38,36,38,36,74
BOYUIBE,consulta externa,nuevas en personas de 15 a 59 anos,2006-06-01,68,137,68,137,205
BUENA VISTA,consulta externa,nuevas en personas de 15 a 59 anos,2006-06-01,228,316,228,316,544
CABEZAS,consulta externa,nuevas en personas de 15 a 59 anos,2006-06-01,200,374,200,374,574
CAIROMA,consulta externa,nuevas en personas de 15 a 59 anos,2006-06-01,154,219,154,219,373
"CAIZA ""D""",consulta externa,nuevas en personas de 15 a 59 anos,2006-06-01,233,274,233,274,507
CAJUATA,consulta externa,nuevas en personas de 15 a 59 anos,2006-06-01,83,161,83,161,244
CALACOTO,consulta externa,nuevas en personas de 15 a 59 anos,2006-06-01,74,95,74,95,169
CALAMARCA,consulta externa,nuevas en personas de 15 a 59 anos,2006-06-01,68,124,68,124,192
CAMARGO,consulta externa,nuevas en personas de 15 a 59 anos,2006-06-01,265,654,265,654,919
CAMATAQUI (C. VILLA ABECIA),consulta externa,nuevas en personas de 15 a 59 anos,2006-06-01,105,166,105,166,271
CAMIRI,consulta externa,nuevas en personas de 15 a 59 anos,2006-06-01,797,1600,797,1600,2397
CAPINOTA,consulta externa,nuevas en personas de 15 a 59 anos,2006-06-01,230,270,230,270,500
CAQUIAVIRI,consulta externa,nuevas en personas de 15 a 59 anos,2006-06-01,77,151,77,151,228
CARACOLLO,consulta externa,nuevas en personas de 15 a 59 anos,2006-06-01,148,325,148,325,473
CARANAVI,consulta externa,nuevas en personas de 15 a 59 anos,2006-06-01,964,1372,964,1372,2336
CARANGAS,consulta externa,nuevas en personas de 15 a 59 anos,2006-06-01,0,2,0,2,2
CARAPARI,consulta externa,nuevas en personas de 15 a 59 anos,2006-06-01,218,318,218,318,536
CARIPUYO,consulta externa,nuevas en personas de 15 a 59 anos,2006-06-01,71,129,71,129,200
CARMEN RIVERO TORREZ,consulta externa,nuevas en personas de 15 a 59 anos,2006-06-01,17,63,17,63,80
CATACORA,consulta externa,nuevas en personas de 15 a 59 anos,2006-06-01,6,16,6,16,22
CHACARILLA,consulta externa,nuevas en personas de 15 a 59 anos,2006-06-01,5,17,5,17,22
CHALLAPATA,consulta externa,nuevas en personas de 15 a 59 anos,2006-06-01,249,440,249,440,689
CHAQUI,consulta externa,nuevas en personas de 15 a 59 anos,2006-06-01,63,127,63,127,190
CHARAGUA,consulta externa,nuevas en personas de 15 a 59 anos,2006-06-01,173,363,173,363,536
CHARAÑA,consulta externa,nuevas en personas de 15 a 59 anos,2006-06-01,48,56,48,56,104
CHAYANTA,consulta externa,nuevas en personas de 15 a 59 anos,2006-06-01,207,371,207,371,578
CHIMORE,consulta externa,nuevas en personas de 15 a 59 anos,2006-06-01,163,266,163,266,429
CHIPAYA,consulta externa,nuevas en personas de 15 a 59 anos,2006-06-01,13,27,13,27,40
CHOQUE COTA,consulta externa,nuevas en personas de 15 a 59 anos,2006-06-01,22,25,22,25,47
CHULUMANI (V. DE LA LIBERTAD),consulta externa,nuevas en personas de 15 a 59 anos,2006-06-01,189,244,189,244,433
CHUMA,consulta externa,nuevas en personas de 15 a 59 anos,2006-06-01,218,318,218,318,536
CLIZA,consulta externa,nuevas en personas de 15 a 59 anos,2006-06-01,45,106,45,106,151
COBIJA,consulta externa,nuevas en personas de 15 a 59 anos,2006-06-01,832,1387,832,1387,2219
COCHABAMBA,consulta externa,nuevas en personas de 15 a 59 anos,2006-06-01,11326,23849,11326,23849,35175
COIPASA,consulta externa,nuevas en personas de 15 a 59 anos,2006-06-01,5,18,5,18,23
COLCAPIRHUA,consulta externa,nuevas en personas de 15 a 59 anos,2006-06-01,448,699,448,699,1147
"COLCHA ""K""",consulta externa,nuevas en personas de 15 a 59 anos,2006-06-01,187,317,187,317,504
COLLANA,consulta externa,nuevas en personas de 15 a 59 anos,2006-06-01,14,37,14,37,51
COLOMI,consulta externa,nuevas en personas de 15 a 59 anos,2006-06-01,89,213,89,213,302
COLPA BELGICA,consulta externa,nuevas en personas de 15 a 59 anos,2006-06-01,75,147,75,147,222
COLQUECHACA,consulta externa,nuevas en personas de 15 a 59 anos,2006-06-01,327,628,327,628,955
COLQUENCHA,consulta externa,nuevas en personas de 15 a 59 anos,2006-06-01,82,124,82,124,206
COLQUIRI,consulta externa,nuevas en personas de 15 a 59 anos,2006-06-01,219,489,219,489,708
COMANCHE,consulta externa,nuevas en personas de 15 a 59 anos,2006-06-01,17,36,17,36,53
COMARAPA,consulta externa,nuevas en personas de 15 a 59 anos,2006-06-01,194,432,194,432,626
COMBAYA,consulta externa,nuevas en personas de 15 a 59 anos,2006-06-01,15,23,15,23,38
CONCEPCION,consulta externa,nuevas en personas de 15 a 59 anos,2006-06-01,92,106,92,106,198
COPACABANA,consulta externa,nuevas en personas de 15 a 59 anos,2006-06-01,110,162,110,162,272
CORIPATA,consulta externa,nuevas en personas de 15 a 59 anos,2006-06-01,142,195,142,195,337
CORO CORO,consulta externa,nuevas en personas de 15 a 59 anos,2006-06-01,54,93,54,93,147
COROICO,consulta externa,nuevas en personas de 15 a 59 anos,2006-06-01,374,1258,374,1258,1632
CORQUE,consulta externa,nuevas en personas de 15 a 59 anos,2006-06-01,109,100,109,100,209
COTAGAITA,consulta externa,nuevas en personas de 15 a 59 anos,2006-06-01,959,1440,959,1440,2399
COTOCA,consulta externa,nuevas en personas de 15 a 59 anos,2006-06-01,189,472,189,472,661
CUATRO CAÑADAS,consulta externa,nuevas en personas de 15 a 59 anos,2006-06-01,237,406,237,406,643
CUCHUMUELA (V. G. VILLARROEL),consulta externa,nuevas en personas de 15 a 59 anos,2006-06-01,11,8,11,8,19
CUEVO,consulta externa,nuevas en personas de 15 a 59 anos,2006-06-01,88,105,88,105,193
CULPINA,consulta externa,nuevas en personas de 15 a 59 anos,2006-06-01,212,396,212,396,608
CURAHUARA DE CARANGAS,consulta externa,nuevas en personas de 15 a 59 anos,2006-06-01,74,161,74,161,235
CURVA,consulta externa,nuevas en personas de 15 a 59 anos,2006-06-01,37,51,37,51,88
DESAGUADERO,consulta externa,nuevas en personas de 15 a 59 anos,2006-06-01,40,71,40,71,111
EL ALTO,consulta externa,nuevas en personas de 15 a 59 anos,2006-06-01,7026,11662,7026,11662,18688
EL CHORO,consulta externa,nuevas en personas de 15 a 59 anos,2006-06-01,42,71,42,71,113
EL PUENTE(STC),consulta externa,nuevas en personas de 15 a 59 anos,2006-06-01,128,241,128,241,369
EL PUENTE(TJA),consulta externa,nuevas en personas de 15 a 59 anos,2006-06-01,197,365,197,365,562
EL TORNO,consulta externa,nuevas en personas de 15 a 59 anos,2006-06-01,589,919,589,919,1508
EL VILLAR,consulta externa,nuevas en personas de 15 a 59 anos,2006-06-01,155,353,155,353,508
ENTRE RIOS,consulta externa,nuevas en personas de 15 a 59 anos,2006-06-01,547,768,547,768,1315
ENTRE RIOS,consulta externa,nuevas en personas de 15 a 59 anos,2006-06-01,348,511,348,511,859
ESCARA,consulta externa,nuevas en personas de 15 a 59 anos,2006-06-01,11,3,11,3,14
EUCALIPTUS,consulta externa,nuevas en personas de 15 a 59 anos,2006-06-01,37,83,37,83,120
EUREKA (SANTOS MERCADO),consulta externa,nuevas en personas de 15 a 59 anos,2006-06-01,9,17,9,17,26
EXALTACION,consulta externa,nuevas en personas de 15 a 59 anos,2006-06-01,33,90,33,90,123
FERNANDEZ ALONSO,consulta externa,nuevas en personas de 15 a 59 anos,2006-06-01,165,302,165,302,467
FILADELFIA,consulta externa,nuevas en personas de 15 a 59 anos,2006-06-01,87,198,87,198,285
GENERAL SAAVEDRA,consulta externa,nuevas en personas de 15 a 59 anos,2006-06-01,160,309,160,309,469
GRAL. J.J. PEREZ (CHARAZANI),consulta externa,nuevas en personas de 15 a 59 anos,2006-06-01,83,112,83,112,195
GUANAY,consulta externa,nuevas en personas de 15 a 59 anos,2006-06-01,162,330,162,330,492
GUAQUI,consulta externa,nuevas en personas de 15 a 59 anos,2006-06-01,35,73,35,73,108
GUAYARAMERIN,consulta externa,nuevas en personas de 15 a 59 anos,2006-06-01,605,1543,605,1543,2148
GUTIERREZ,consulta externa,nuevas en personas de 15 a 59 anos,2006-06-01,148,286,148,286,434
HUACARETA,consulta externa,nuevas en personas de 15 a 59 anos,2006-06-01,222,308,222,308,530
HUACAYA (VILLA DE HUACAYA),consulta externa,nuevas en personas de 15 a 59 anos,2006-06-01,28,71,28,71,99
HUACHACALLA,consulta externa,nuevas en personas de 15 a 59 anos,2006-06-01,16,20,16,20,36
HUANUNI,consulta externa,nuevas en personas de 15 a 59 anos,2006-06-01,480,620,480,620,1100
HUARACAJE,consulta externa,nuevas en personas de 15 a 59 anos,2006-06-01,22,55,22,55,77
HUAYLLAMARCA,consulta externa,nuevas en personas de 15 a 59 anos,2006-06-01,43,51,43,51,94
ICHOCA,consulta externa,nuevas en personas de 15 a 59 anos,2006-06-01,60,82,60,82,142
ICLA,consulta externa,nuevas en personas de 15 a 59 anos,2006-06-01,208,430,208,430,638
INCAHUASI,consulta externa,nuevas en personas de 15 a 59 anos,2006-06-01,290,659,290,659,949
INGAVI (HUMAITA),consulta externa,nuevas en personas de 15 a 59 anos,2006-06-01,37,62,37,62,99
INQUISIVI,consulta externa,nuevas en personas de 15 a 59 anos,2006-06-01,121,250,121,250,371
IRUPANA (VILLA DE LANZA),consulta externa,nuevas en personas de 15 a 59 anos,2006-06-01,220,415,220,415,635
IXIAMAS,consulta externa,nuevas en personas de 15 a 59 anos,2006-06-01,114,189,114,189,303
JESUS DE MACHACA,consulta externa,nuevas en personas de 15 a 59 anos,2006-06-01,122,316,122,316,438
LA ASUNTA,consulta externa,nuevas en personas de 15 a 59 anos,2006-06-01,237,478,237,478,715
LA GUARDIA,consulta externa,nuevas en personas de 15 a 59 anos,2006-06-01,306,684,306,684,990
LA PAZ,consulta externa,nuevas en personas de 15 a 59 anos,2006-06-01,20022,34909,20022,34909,54931
LA RIVERA,consulta externa,nuevas en personas de 15 a 59 anos,2006-06-01,4,8,4,8,12
LAGUNILLAS,consulta externa,nuevas en personas de 15 a 59 anos,2006-06-01,107,184,107,184,291
LAJA,consulta externa,nuevas en personas de 15 a 59 anos,2006-06-01,68,165,68,165,233
LAS CARRERAS,consulta externa,nuevas en personas de 15 a 59 anos,2006-06-01,80,190,80,190,270
LICOMA PAMPA,consulta externa,nuevas en personas de 15 a 59 anos,2006-06-01,54,77,54,77,131
LLALLAGUA,consulta externa,nuevas en personas de 15 a 59 anos,2006-06-01,801,1521,801,1521,2322
LLICA,consulta externa,nuevas en personas de 15 a 59 anos,2006-06-01,91,171,91,171,262
LORETO,consulta externa,nuevas en personas de 15 a 59 anos,2006-06-01,35,106,35,106,141
LURIBAY,consulta externa,nuevas en personas de 15 a 59 anos,2006-06-01,122,157,122,157,279
MACHACAMARCA,consulta externa,nuevas en personas de 15 a 59 anos,2006-06-01,46,61,46,61,107
MACHARETI,consulta externa,nuevas en personas de 15 a 59 anos,2006-06-01,187,405,187,405,592
MAGDALENA,consulta externa,nuevas en personas de 15 a 59 anos,2006-06-01,149,287,149,287,436
MAIRANA,consulta externa,nuevas en personas de 15 a 59 anos,2006-06-01,134,288,134,288,422
MALLA,consulta externa,nuevas en personas de 15 a 59 anos,2006-06-01,49,66,49,66,115
MAPIRI,consulta externa,nuevas en personas de 15 a 59 anos,2006-06-01,257,379,257,379,636
MECAPACA,consulta externa,nuevas en personas de 15 a 59 anos,2006-06-01,176,270,176,270,446
MINEROS,consulta externa,nuevas en personas de 15 a 59 anos,2006-06-01,145,350,145,350,495
MIZQUE,consulta externa,nuevas en personas de 15 a 59 anos,2006-06-01,146,224,146,224,370
MOCOMOCO,consulta externa,nuevas en personas de 15 a 59 anos,2006-06-01,190,200,190,200,390
MOJINETE,consulta externa,nuevas en personas de 15 a 59 anos,2006-06-01,15,41,15,41,56
MOJOCOYA,consulta externa,nuevas en personas de 15 a 59 anos,2006-06-01,134,297,134,297,431
MONTEAGUDO,consulta externa,nuevas en personas de 15 a 59 anos,2006-06-01,1512,2326,1512,2326,3838
MONTERO,consulta externa,nuevas en personas de 15 a 59 anos,2006-06-01,1382,3065,1382,3065,4447
MORO MORO,consulta externa,nuevas en personas de 15 a 59 anos,2006-06-01,31,64,31,64,95
MOROCHATA,consulta externa,nuevas en personas de 15 a 59 anos,2006-06-01,89,151,89,151,240
NACEBE (SANTA ROSA DEL ABUNA),consulta externa,nuevas en personas de 15 a 59 anos,2006-06-01,122,137,122,137,259
NAZACARA DE PACAJES,consulta externa,nuevas en personas de 15 a 59 anos,2006-06-01,12,11,12,11,23
NUEVO MANOA (NUEVA ESPERANZA),consulta externa,nuevas en personas de 15 a 59 anos,2006-06-01,1,5,1,5,6
OCURI,consulta externa,nuevas en personas de 15 a 59 anos,2006-06-01,164,365,164,365,529
OKINAWA,consulta externa,nuevas en personas de 15 a 59 anos,2006-06-01,176,497,176,497,673
OMEREQUE,consulta externa,nuevas en personas de 15 a 59 anos,2006-06-01,75,142,75,142,217
ORURO,consulta externa,nuevas en personas de 15 a 59 anos,2006-06-01,7035,10309,7035,10309,17344
PADCAYA,consulta externa,nuevas en personas de 15 a 59 anos,2006-06-01,302,488,302,488,790
PADILLA,consulta externa,nuevas en personas de 15 a 59 anos,2006-06-01,359,990,359,990,1349
PAILON,consulta externa,nuevas en personas de 15 a 59 anos,2006-06-01,107,134,107,134,241
PALCA,consulta externa,nuevas en personas de 15 a 59 anos,2006-06-01,92,120,92,120,212
PALOS BLANCOS,consulta externa,nuevas en personas de 15 a 59 anos,2006-06-01,517,530,517,530,1047
PAMPA AULLAGAS,consulta externa,nuevas en personas de 15 a 59 anos,2006-06-01,25,70,25,70,95
PAMPA GRANDE,consulta externa,nuevas en personas de 15 a 59 anos,2006-06-01,91,195,91,195,286
PAPEL PAMPA,consulta externa,nuevas en personas de 15 a 59 anos,2006-06-01,53,83,53,83,136
PASORAPA,consulta externa,nuevas en personas de 15 a 59 anos,2006-06-01,35,57,35,57,92
PATACAMAYA,consulta externa,nuevas en personas de 15 a 59 anos,2006-06-01,101,167,101,167,268
PAZÑA,consulta externa,nuevas en personas de 15 a 59 anos,2006-06-01,83,157,83,157,240
PELECHUCO,consulta externa,nuevas en personas de 15 a 59 anos,2006-06-01,129,123,129,123,252
POCOATA,consulta externa,nuevas en personas de 15 a 59 anos,2006-06-01,250,349,250,349,599
POCONA,consulta externa,nuevas en personas de 15 a 59 anos,2006-06-01,100,167,100,167,267
POJO (CBBA),consulta externa,nuevas en personas de 15 a 59 anos,2006-06-01,43,76,43,76,119
POOPO,consulta externa,nuevas en personas de 15 a 59 anos,2006-06-01,57,87,57,87,144
PORCO,consulta externa,nuevas en personas de 15 a 59 anos,2006-06-01,84,180,84,180,264
POROMA,consulta externa,nuevas en personas de 15 a 59 anos,2006-06-01,248,462,248,462,710
PORONGO,consulta externa,nuevas en personas de 15 a 59 anos,2006-06-01,137,174,137,174,311
PORTACHUELO,consulta externa,nuevas en personas de 15 a 59 anos,2006-06-01,203,649,203,649,852
PORVENIR,consulta externa,nuevas en personas de 15 a 59 anos,2006-06-01,133,198,133,198,331
POSTRER VALLE,consulta externa,nuevas en personas de 15 a 59 anos,2006-06-01,31,42,31,42,73
POTOSI,consulta externa,nuevas en personas de 15 a 59 anos,2006-06-01,12454,7285,12454,7285,19739
PRESTO,consulta externa,nuevas en personas de 15 a 59 anos,2006-06-01,88,210,88,210,298
PUCARA,consulta externa,nuevas en personas de 15 a 59 anos,2006-06-01,81,115,81,115,196
PUCARANI,consulta externa,nuevas en personas de 15 a 59 anos,2006-06-01,109,245,109,245,354
PUERTO ACOSTA,consulta externa,nuevas en personas de 15 a 59 anos,2006-06-01,356,416,356,416,772
PUERTO CARABUCO,consulta externa,nuevas en personas de 15 a 59 anos,2006-06-01,125,183,125,183,308
PUERTO GONZALO MORENO,consulta externa,nuevas en personas de 15 a 59 anos,2006-06-01,63,117,63,117,180
PUERTO PEREZ,consulta externa,nuevas en personas de 15 a 59 anos,2006-06-01,53,91,53,91,144
PUERTO QUIJARRO,consulta externa,nuevas en personas de 15 a 59 anos,2006-06-01,405,493,405,493,898
PUERTO RICO,consulta externa,nuevas en personas de 15 a 59 anos,2006-06-01,108,206,108,206,314
PUERTO SILES,consulta externa,nuevas en personas de 15 a 59 anos,2006-06-01,2,3,2,3,5
PUERTO SUAREZ,consulta externa,nuevas en personas de 15 a 59 anos,2006-06-01,204,502,204,502,706
PUERTO VILLARROEL,consulta externa,nuevas en personas de 15 a 59 anos,2006-06-01,545,882,545,882,1427
PUNA,consulta externa,nuevas en personas de 15 a 59 anos,2006-06-01,580,924,580,924,1504
PUNATA,consulta externa,nuevas en personas de 15 a 59 anos,2006-06-01,264,535,264,535,799
QUIABAYA,consulta externa,nuevas en personas de 15 a 59 anos,2006-06-01,21,33,21,33,54
QUILLACOLLO,consulta externa,nuevas en personas de 15 a 59 anos,2006-06-01,542,1440,542,1440,1982
QUIME,consulta externa,nuevas en personas de 15 a 59 anos,2006-06-01,254,127,254,127,381
QUIRUSILLAS,consulta externa,nuevas en personas de 15 a 59 anos,2006-06-01,25,71,25,71,96
RAVELO,consulta externa,nuevas en personas de 15 a 59 anos,2006-06-01,161,324,161,324,485
REYES,consulta externa,nuevas en personas de 15 a 59 anos,2006-06-01,178,356,178,356,534
RIBERALTA,consulta externa,nuevas en personas de 15 a 59 anos,2006-06-01,743,1641,743,1641,2384
ROBORE,consulta externa,nuevas en personas de 15 a 59 anos,2006-06-01,156,530,156,530,686
RURRENABAQUE,consulta externa,nuevas en personas de 15 a 59 anos,2006-06-01,194,386,194,386,580
SABAYA,consulta externa,nuevas en personas de 15 a 59 anos,2006-06-01,52,71,52,71,123
SACABA,consulta externa,nuevas en personas de 15 a 59 anos,2006-06-01,463,1147,463,1147,1610
SACABAMBA,consulta externa,nuevas en personas de 15 a 59 anos,2006-06-01,43,49,43,49,92
SACACA,consulta externa,nuevas en personas de 15 a 59 anos,2006-06-01,367,628,367,628,995
SAIPINA,consulta externa,nuevas en personas de 15 a 59 anos,2006-06-01,117,249,117,249,366
SALINAS DE GARCI MENDOZA,consulta externa,nuevas en personas de 15 a 59 anos,2006-06-01,117,194,117,194,311
SAMAIPATA,consulta externa,nuevas en personas de 15 a 59 anos,2006-06-01,152,178,152,178,330
SAN AGUSTIN,consulta externa,nuevas en personas de 15 a 59 anos,2006-06-01,38,107,38,107,145
SAN ANDRES,consulta externa,nuevas en personas de 15 a 59 anos,2006-06-01,62,198,62,198,260
SAN ANDRES DE MACHACA,consulta externa,nuevas en personas de 15 a 59 anos,2006-06-01,75,114,75,114,189
SAN ANTONIO DE ESMORUCO,consulta externa,nuevas en personas de 15 a 59 anos,2006-06-01,21,52,21,52,73
SAN ANTONIO DE LOMERIO,consulta externa,nuevas en personas de 15 a 59 anos,2006-06-01,25,60,25,60,85
SAN BENITO,consulta externa,nuevas en personas de 15 a 59 anos,2006-06-01,64,134,64,134,198
SAN BORJA,consulta externa,nuevas en personas de 15 a 59 anos,2006-06-01,179,473,179,473,652
SAN BUENA VENTURA,consulta externa,nuevas en personas de 15 a 59 anos,2006-06-01,71,127,71,127,198
SAN CARLOS,consulta externa,nuevas en personas de 15 a 59 anos,2006-06-01,295,1027,295,1027,1322
SAN IGNACIO,consulta externa,nuevas en personas de 15 a 59 anos,2006-06-01,301,543,301,543,844
SAN IGNACIO DE VELASCO,consulta externa,nuevas en personas de 15 a 59 anos,2006-06-01,644,1386,644,1386,2030
SAN JAVIER(BNI),consulta externa,nuevas en personas de 15 a 59 anos,2006-06-01,20,28,20,28,48
SAN JAVIER(STC),consulta externa,nuevas en personas de 15 a 59 anos,2006-06-01,92,192,92,192,284
SAN JOAQUIN,consulta externa,nuevas en personas de 15 a 59 anos,2006-06-01,130,277,130,277,407
SAN JOSE DE CHIQUITOS,consulta externa,nuevas en personas de 15 a 59 anos,2006-06-01,180,355,180,355,535
SAN JUAN DE YAPACANI,consulta externa,nuevas en personas de 15 a 59 anos,2006-06-01,150,187,150,187,337
SAN JULIAN,consulta externa,nuevas en personas de 15 a 59 anos,2006-06-01,620,932,620,932,1552
SAN LORENZO(PND),consulta externa,nuevas en personas de 15 a 59 anos,2006-06-01,61,146,61,146,207
SAN LORENZO(TJA),consulta externa,nuevas en personas de 15 a 59 anos,2006-06-01,325,742,325,742,1067
SAN LUCAS,consulta externa,nuevas en personas de 15 a 59 anos,2006-06-01,545,1159,545,1159,1704
SAN MATIAS,consulta externa,nuevas en personas de 15 a 59 anos,2006-06-01,95,217,95,217,312
SAN MIGUEL DE VELASCO,consulta externa,nuevas en personas de 15 a 59 anos,2006-06-01,74,185,74,185,259
SAN PABLO DE LIPEZ,consulta externa,nuevas en personas de 15 a 59 anos,2006-06-01,80,151,80,151,231
SAN PEDRO,consulta externa,nuevas en personas de 15 a 59 anos,2006-06-01,287,503,287,503,790
SAN PEDRO DE BUENA VISTA,consulta externa,nuevas en personas de 15 a 59 anos,2006-06-01,231,349,231,349,580
SAN PEDRO DE CURAHUARA,consulta externa,nuevas en personas de 15 a 59 anos,2006-06-01,71,73,71,73,144
SAN PEDRO DE QUEMES,consulta externa,nuevas en personas de 15 a 59 anos,2006-06-01,3,8,3,8,11
SAN PEDRO DE TIQUINA,consulta externa,nuevas en personas de 15 a 59 anos,2006-06-01,55,104,55,104,159
SAN PEDRO(PND),consulta externa,nuevas en personas de 15 a 59 anos,2006-06-01,48,94,48,94,142
SAN RAFAEL,consulta externa,nuevas en personas de 15 a 59 anos,2006-06-01,94,140,94,140,234
SAN RAMON,consulta externa,nuevas en personas de 15 a 59 anos,2006-06-01,52,131,52,131,183
SAN RAMON,consulta externa,nuevas en personas de 15 a 59 anos,2006-06-01,110,235,110,235,345
SANTA ANA,consulta externa,nuevas en personas de 15 a 59 anos,2006-06-01,96,291,96,291,387
SANTA CRUZ DE LA SIERRA,consulta externa,nuevas en personas de 15 a 59 anos,2006-06-01,16455,30201,16455,30201,46656
SANTA ROSA,consulta externa,nuevas en personas de 15 a 59 anos,2006-06-01,31,105,31,105,136
SANTA ROSA DEL SARA,consulta externa,nuevas en personas de 15 a 59 anos,2006-06-01,148,394,148,394,542
SANTIAGO DE CALLAPA,consulta externa,nuevas en personas de 15 a 59 anos,2006-06-01,34,29,34,29,63
SANTIAGO DE HUARI,consulta externa,nuevas en personas de 15 a 59 anos,2006-06-01,134,177,134,177,311
SANTIAGO DE MACHACA,consulta externa,nuevas en personas de 15 a 59 anos,2006-06-01,17,46,17,46,63
SANTIVAÑES,consulta externa,nuevas en personas de 15 a 59 anos,2006-06-01,35,93,35,93,128
SANTUARIO DE QUILLACAS,consulta externa,nuevas en personas de 15 a 59 anos,2006-06-01,20,50,20,50,70
SAPAHAQUI,consulta externa,nuevas en personas de 15 a 59 anos,2006-06-01,108,127,108,127,235
SENA,consulta externa,nuevas en personas de 15 a 59 anos,2006-06-01,58,110,58,110,168
SICA SICA (VILLA AROMA),consulta externa,nuevas en personas de 15 a 59 anos,2006-06-01,92,107,92,107,199
SICAYA,consulta externa,nuevas en personas de 15 a 59 anos,2006-06-01,13,24,13,24,37
SIPE SIPE,consulta externa,nuevas en personas de 15 a 59 anos,2006-06-01,91,427,91,427,518
SOPACHUY,consulta externa,nuevas en personas de 15 a 59 anos,2006-06-01,126,271,126,271,397
SORACACHI,consulta externa,nuevas en personas de 15 a 59 anos,2006-06-01,44,39,44,39,83
SORATA,consulta externa,nuevas en personas de 15 a 59 anos,2006-06-01,181,268,181,268,449
SUCRE,consulta externa,nuevas en personas de 15 a 59 anos,2006-06-01,8041,15840,8041,15840,23881
TACACHI,consulta externa,nuevas en personas de 15 a 59 anos,2006-06-01,7,26,7,26,33
TACACOMA,consulta externa,nuevas en personas de 15 a 59 anos,2006-06-01,150,142,150,142,292
TACOBAMBA,consulta externa,nuevas en personas de 15 a 59 anos,2006-06-01,106,152,106,152,258
TACOPAYA,consulta externa,nuevas en personas de 15 a 59 anos,2006-06-01,41,86,41,86,127
TAHUA,consulta externa,nuevas en personas de 15 a 59 anos,2006-06-01,19,22,19,22,41
TAPACARI,consulta externa,nuevas en personas de 15 a 59 anos,2006-06-01,217,402,217,402,619
TARABUCO,consulta externa,nuevas en personas de 15 a 59 anos,2006-06-01,297,467,297,467,764
TARACO,consulta externa,nuevas en personas de 15 a 59 anos,2006-06-01,35,42,35,42,77
TARATA,consulta externa,nuevas en personas de 15 a 59 anos,2006-06-01,38,51,38,51,89
TARIJA,consulta externa,nuevas en personas de 15 a 59 anos,2006-06-01,4249,8682,4249,8682,12931
TARVITA,consulta externa,nuevas en personas de 15 a 59 anos,2006-06-01,259,644,259,644,903
TEOPONTE,consulta externa,nuevas en personas de 15 a 59 anos,2006-06-01,97,130,97,130,227
TIAWANACU,consulta externa,nuevas en personas de 15 a 59 anos,2006-06-01,90,158,90,158,248
TINGUIPAYA,consulta externa,nuevas en personas de 15 a 59 anos,2006-06-01,232,553,232,553,785
TIPUANI,consulta externa,nuevas en personas de 15 a 59 anos,2006-06-01,101,196,101,196,297
TIQUIPAYA,consulta externa,nuevas en personas de 15 a 59 anos,2006-06-01,132,478,132,478,610
TIRAQUE (CBBA),consulta externa,nuevas en personas de 15 a 59 anos,2006-06-01,396,528,396,528,924
TITO YUPANQUI (PARQUIPUJIO),consulta externa,nuevas en personas de 15 a 59 anos,2006-06-01,14,60,14,60,74
TOCO,consulta externa,nuevas en personas de 15 a 59 anos,2006-06-01,21,26,21,26,47
TODOS SANTOS,consulta externa,nuevas en personas de 15 a 59 anos,2006-06-01,3,2,3,2,5
TOLATA,consulta externa,nuevas en personas de 15 a 59 anos,2006-06-01,19,41,19,41,60
TOLEDO,consulta externa,nuevas en personas de 15 a 59 anos,2006-06-01,109,139,109,139,248
TOMAVE,consulta externa,nuevas en personas de 15 a 59 anos,2006-06-01,168,287,168,287,455
TOMINA,consulta externa,nuevas en personas de 15 a 59 anos,2006-06-01,146,340,146,340,486
TORO TORO,consulta externa,nuevas en personas de 15 a 59 anos,2006-06-01,135,249,135,249,384
TOTORA(CBBA),consulta externa,nuevas en personas de 15 a 59 anos,2006-06-01,103,92,103,92,195
TOTORA(ORR),consulta externa,nuevas en personas de 15 a 59 anos,2006-06-01,35,40,35,40,75
TRIGAL,consulta externa,nuevas en personas de 15 a 59 anos,2006-06-01,41,52,41,52,93
TRINIDAD,consulta externa,nuevas en personas de 15 a 59 anos,2006-06-01,1839,3016,1839,3016,4855
TUPIZA,consulta externa,nuevas en personas de 15 a 59 anos,2006-06-01,1594,2616,1594,2616,4210
TURCO,consulta externa,nuevas en personas de 15 a 59 anos,2006-06-01,56,77,56,77,133
UMALA,consulta externa,nuevas en personas de 15 a 59 anos,2006-06-01,47,66,47,66,113
UNCIA,consulta externa,nuevas en personas de 15 a 59 anos,2006-06-01,445,812,445,812,1257
URIONDO (A. CONCEPCION),consulta externa,nuevas en personas de 15 a 59 anos,2006-06-01,151,430,151,430,581
URUBICHA,consulta externa,nuevas en personas de 15 a 59 anos,2006-06-01,21,82,21,82,103
UYUNI,consulta externa,nuevas en personas de 15 a 59 anos,2006-06-01,516,658,516,658,1174
VACAS,consulta externa,nuevas en personas de 15 a 59 anos,2006-06-01,121,203,121,203,324
VALLEGRANDE,consulta externa,nuevas en personas de 15 a 59 anos,2006-06-01,360,774,360,774,1134
VIACHA,consulta externa,nuevas en personas de 15 a 59 anos,2006-06-01,538,903,538,903,1441
VILA VILA,consulta externa,nuevas en personas de 15 a 59 anos,2006-06-01,34,56,34,56,90
VILLA MONTES,consulta externa,nuevas en personas de 15 a 59 anos,2006-06-01,436,569,436,569,1005
VILLA NUEVA (LOMA ALTA),consulta externa,nuevas en personas de 15 a 59 anos,2006-06-01,7,13,7,13,20
VILLA RIVERO,consulta externa,nuevas en personas de 15 a 59 anos,2006-06-01,47,70,47,70,117
VILLA SERRANO,consulta externa,nuevas en personas de 15 a 59 anos,2006-06-01,200,467,200,467,667
VILLA TUNARI,consulta externa,nuevas en personas de 15 a 59 anos,2006-06-01,759,1534,759,1534,2293
VILLA VACA GUZMAN (MUYUPAMPA),consulta externa,nuevas en personas de 15 a 59 anos,2006-06-01,222,395,222,395,617
VILLAZON,consulta externa,nuevas en personas de 15 a 59 anos,2006-06-01,671,1529,671,1529,2200
VINTO,consulta externa,nuevas en personas de 15 a 59 anos,2006-06-01,20,45,20,45,65
VITICHI,consulta externa,nuevas en personas de 15 a 59 anos,2006-06-01,212,474,212,474,686
WALDO BALLIVIAN,consulta externa,nuevas en personas de 15 a 59 anos,2006-06-01,34,32,34,32,66
WARNES,consulta externa,nuevas en personas de 15 a 59 anos,2006-06-01,399,628,399,628,1027
YACO,consulta externa,nuevas en personas de 15 a 59 anos,2006-06-01,42,88,42,88,130
YACUIBA,consulta externa,nuevas en personas de 15 a 59 anos,2006-06-01,1450,3178,1450,3178,4628
YAMPARAEZ,consulta externa,nuevas en personas de 15 a 59 anos,2006-06-01,92,188,92,188,280
YANACACHI,consulta externa,nuevas en personas de 15 a 59 anos,2006-06-01,84,113,84,113,197
YAPACANI,consulta externa,nuevas en personas de 15 a 59 anos,2006-06-01,611,1324,611,1324,1935
YOCALLA,consulta externa,nuevas en personas de 15 a 59 anos,2006-06-01,100,165,100,165,265
YOTALA,consulta externa,nuevas en personas de 15 a 59 anos,2006-06-01,145,238,145,238,383
YUNCHARA,consulta externa,nuevas en personas de 15 a 59 anos,2006-06-01,85,178,85,178,263
ZUDAÑEZ,consulta externa,nuevas en personas de 15 a 59 anos,2006-06-01,265,608,265,608,873
ACACIO,consulta externa,nuevas en personas de 15 a 59 anos,2006-07-01,89,178,89,178,267
ACHACACHI,consulta externa,nuevas en personas de 15 a 59 anos,2006-07-01,335,574,335,574,909
ACHOCALLA,consulta externa,nuevas en personas de 15 a 59 anos,2006-07-01,33,51,33,51,84
AIQUILE,consulta externa,nuevas en personas de 15 a 59 anos,2006-07-01,207,505,207,505,712
ALALAY,consulta externa,nuevas en personas de 15 a 59 anos,2006-07-01,8,16,8,16,24
ALCALA,consulta externa,nuevas en personas de 15 a 59 anos,2006-07-01,103,234,103,234,337
ANCORAIMES,consulta externa,nuevas en personas de 15 a 59 anos,2006-07-01,84,208,84,208,292
ANDAMARCA,consulta externa,nuevas en personas de 15 a 59 anos,2006-07-01,28,52,28,52,80
ANTEQUERA,consulta externa,nuevas en personas de 15 a 59 anos,2006-07-01,12,32,12,32,44
ANZALDO,consulta externa,nuevas en personas de 15 a 59 anos,2006-07-01,28,40,28,40,68
APOLO,consulta externa,nuevas en personas de 15 a 59 anos,2006-07-01,103,263,103,263,366
ARAMPAMPA,consulta externa,nuevas en personas de 15 a 59 anos,2006-07-01,44,64,44,64,108
ARANI,consulta externa,nuevas en personas de 15 a 59 anos,2006-07-01,22,62,22,62,84
ARBIETO,consulta externa,nuevas en personas de 15 a 59 anos,2006-07-01,32,68,32,68,100
ARQUE,consulta externa,nuevas en personas de 15 a 59 anos,2006-07-01,61,164,61,164,225
ASCENCION DE GUARAYOS,consulta externa,nuevas en personas de 15 a 59 anos,2006-07-01,367,519,367,519,886
ATOCHA,consulta externa,nuevas en personas de 15 a 59 anos,2006-07-01,675,755,675,755,1430
AUCAPATA,consulta externa,nuevas en personas de 15 a 59 anos,2006-07-01,94,107,94,107,201
AYATA,consulta externa,nuevas en personas de 15 a 59 anos,2006-07-01,56,93,56,93,149
AYO AYO,consulta externa,nuevas en personas de 15 a 59 anos,2006-07-01,66,75,66,75,141
AYOPAYA (V. DE INDEPENDENCIA),consulta externa,nuevas en personas de 15 a 59 anos,2006-07-01,190,385,190,385,575
AZURDUY,consulta externa,nuevas en personas de 15 a 59 anos,2006-07-01,295,588,295,588,883
BATALLAS,consulta externa,nuevas en personas de 15 a 59 anos,2006-07-01,94,156,94,156,250
BAURES,consulta externa,nuevas en personas de 15 a 59 anos,2006-07-01,60,127,60,127,187
BELEN DE ANDAMARCA,consulta externa,nuevas en personas de 15 a 59 anos,2006-07-01,12,23,12,23,35
BELEN DE URMIRI,consulta externa,nuevas en personas de 15 a 59 anos,2006-07-01,30,50,30,50,80
BELLA FLOR,consulta externa,nuevas en personas de 15 a 59 anos,2006-07-01,138,178,138,178,316
BERMEJO,consulta externa,nuevas en personas de 15 a 59 anos,2006-07-01,870,1175,870,1175,2045
BETANZOS,consulta externa,nuevas en personas de 15 a 59 anos,2006-07-01,430,803,430,803,1233
BOLIVAR,consulta externa,nuevas en personas de 15 a 59 anos,2006-07-01,74,151,74,151,225
BOLPEBRA,consulta externa,nuevas en personas de 15 a 59 anos,2006-07-01,51,48,51,48,99
BOYUIBE,consulta externa,nuevas en personas de 15 a 59 anos,2006-07-01,154,262,154,262,416
BUENA VISTA,consulta externa,nuevas en personas de 15 a 59 anos,2006-07-01,160,278,160,278,438
CABEZAS,consulta externa,nuevas en personas de 15 a 59 anos,2006-07-01,323,474,323,474,797
CAIROMA,consulta externa,nuevas en personas de 15 a 59 anos,2006-07-01,142,237,142,237,379
"CAIZA ""D""",consulta externa,nuevas en personas de 15 a 59 anos,2006-07-01,188,302,188,302,490
CAJUATA,consulta externa,nuevas en personas de 15 a 59 anos,2006-07-01,122,229,122,229,351
CALACOTO,consulta externa,nuevas en personas de 15 a 59 anos,2006-07-01,65,100,65,100,165
CALAMARCA,consulta externa,nuevas en personas de 15 a 59 anos,2006-07-01,41,121,41,121,162
CAMARGO,consulta externa,nuevas en personas de 15 a 59 anos,2006-07-01,468,1023,468,1023,1491
CAMATAQUI (C. VILLA ABECIA),consulta externa,nuevas en personas de 15 a 59 anos,2006-07-01,109,149,109,149,258
CAMIRI,consulta externa,nuevas en personas de 15 a 59 anos,2006-07-01,916,1990,916,1990,2906
CAPINOTA,consulta externa,nuevas en personas de 15 a 59 anos,2006-07-01,194,247,194,247,441
CAQUIAVIRI,consulta externa,nuevas en personas de 15 a 59 anos,2006-07-01,67,100,67,100,167
CARACOLLO,consulta externa,nuevas en personas de 15 a 59 anos,2006-07-01,174,318,174,318,492
CARANAVI,consulta externa,nuevas en personas de 15 a 59 anos,2006-07-01,939,1575,939,1575,2514
CARANGAS,consulta externa,nuevas en personas de 15 a 59 anos,2006-07-01,2,2,2,2,4
CARAPARI,consulta externa,nuevas en personas de 15 a 59 anos,2006-07-01,198,270,198,270,468
CARIPUYO,consulta externa,nuevas en personas de 15 a 59 anos,2006-07-01,74,138,74,138,212
CARMEN RIVERO TORREZ,consulta externa,nuevas en personas de 15 a 59 anos,2006-07-01,22,13,22,13,35
CATACORA,consulta externa,nuevas en personas de 15 a 59 anos,2006-07-01,6,22,6,22,28
CHACARILLA,consulta externa,nuevas en personas de 15 a 59 anos,2006-07-01,6,14,6,14,20
CHALLAPATA,consulta externa,nuevas en personas de 15 a 59 anos,2006-07-01,267,385,267,385,652
CHAQUI,consulta externa,nuevas en personas de 15 a 59 anos,2006-07-01,73,136,73,136,209
CHARAGUA,consulta externa,nuevas en personas de 15 a 59 anos,2006-07-01,160,393,160,393,553
CHARAÑA,consulta externa,nuevas en personas de 15 a 59 anos,2006-07-01,37,36,37,36,73
CHAYANTA,consulta externa,nuevas en personas de 15 a 59 anos,2006-07-01,149,326,149,326,475
CHIMORE,consulta externa,nuevas en personas de 15 a 59 anos,2006-07-01,136,249,136,249,385
CHIPAYA,consulta externa,nuevas en personas de 15 a 59 anos,2006-07-01,29,35,29,35,64
CHOQUE COTA,consulta externa,nuevas en personas de 15 a 59 anos,2006-07-01,48,86,48,86,134
CHULUMANI (V. DE LA LIBERTAD),consulta externa,nuevas en personas de 15 a 59 anos,2006-07-01,194,243,194,243,437
CHUMA,consulta externa,nuevas en personas de 15 a 59 anos,2006-07-01,194,289,194,289,483
CLIZA,consulta externa,nuevas en personas de 15 a 59 anos,2006-07-01,73,105,73,105,178
COBIJA,consulta externa,nuevas en personas de 15 a 59 anos,2006-07-01,934,1555,934,1555,2489
COCHABAMBA,consulta externa,nuevas en personas de 15 a 59 anos,2006-07-01,10778,22947,10778,22947,33725
COIPASA,consulta externa,nuevas en personas de 15 a 59 anos,2006-07-01,6,23,6,23,29
COLCAPIRHUA,consulta externa,nuevas en personas de 15 a 59 anos,2006-07-01,401,875,401,875,1276
"COLCHA ""K""",consulta externa,nuevas en personas de 15 a 59 anos,2006-07-01,147,252,147,252,399
COLLANA,consulta externa,nuevas en personas de 15 a 59 anos,2006-07-01,17,29,17,29,46
COLOMI,consulta externa,nuevas en personas de 15 a 59 anos,2006-07-01,92,202,92,202,294
COLPA BELGICA,consulta externa,nuevas en personas de 15 a 59 anos,2006-07-01,110,172,110,172,282
COLQUECHACA,consulta externa,nuevas en personas de 15 a 59 anos,2006-07-01,283,574,283,574,857
COLQUENCHA,consulta externa,nuevas en personas de 15 a 59 anos,2006-07-01,54,112,54,112,166
COLQUIRI,consulta externa,nuevas en personas de 15 a 59 anos,2006-07-01,222,478,222,478,700
COMANCHE,consulta externa,nuevas en personas de 15 a 59 anos,2006-07-01,23,38,23,38,61
COMARAPA,consulta externa,nuevas en personas de 15 a 59 anos,2006-07-01,304,588,304,588,892
COMBAYA,consulta externa,nuevas en personas de 15 a 59 anos,2006-07-01,15,21,15,21,36
CONCEPCION,consulta externa,nuevas en personas de 15 a 59 anos,2006-07-01,80,166,80,166,246
COPACABANA,consulta externa,nuevas en personas de 15 a 59 anos,2006-07-01,150,162,150,162,312
CORIPATA,consulta externa,nuevas en personas de 15 a 59 anos,2006-07-01,136,224,136,224,360
CORO CORO,consulta externa,nuevas en personas de 15 a 59 anos,2006-07-01,59,113,59,113,172
COROICO,consulta externa,nuevas en personas de 15 a 59 anos,2006-07-01,249,380,249,380,629
CORQUE,consulta externa,nuevas en personas de 15 a 59 anos,2006-07-01,85,89,85,89,174
COTAGAITA,consulta externa,nuevas en personas de 15 a 59 anos,2006-07-01,786,1154,786,1154,1940
COTOCA,consulta externa,nuevas en personas de 15 a 59 anos,2006-07-01,178,447,178,447,625
CUATRO CAÑADAS,consulta externa,nuevas en personas de 15 a 59 anos,2006-07-01,289,586,289,586,875
CUCHUMUELA (V. G. VILLARROEL),consulta externa,nuevas en personas de 15 a 59 anos,2006-07-01,14,18,14,18,32
CUEVO,consulta externa,nuevas en personas de 15 a 59 anos,2006-07-01,64,83,64,83,147
CULPINA,consulta externa,nuevas en personas de 15 a 59 anos,2006-07-01,330,654,330,654,984
CURAHUARA DE CARANGAS,consulta externa,nuevas en personas de 15 a 59 anos,2006-07-01,107,168,107,168,275
CURVA,consulta externa,nuevas en personas de 15 a 59 anos,2006-07-01,10,30,10,30,40
DESAGUADERO,consulta externa,nuevas en personas de 15 a 59 anos,2006-07-01,44,68,44,68,112
EL ALTO,consulta externa,nuevas en personas de 15 a 59 anos,2006-07-01,6916,11054,6916,11054,17970
EL CHORO,consulta externa,nuevas en personas de 15 a 59 anos,2006-07-01,32,46,32,46,78
EL PUENTE(STC),consulta externa,nuevas en personas de 15 a 59 anos,2006-07-01,148,220,148,220,368
EL PUENTE(TJA),consulta externa,nuevas en personas de 15 a 59 anos,2006-07-01,178,363,178,363,541
EL TORNO,consulta externa,nuevas en personas de 15 a 59 anos,2006-07-01,616,934,616,934,1550
EL VILLAR,consulta externa,nuevas en personas de 15 a 59 anos,2006-07-01,170,350,170,350,520
ENTRE RIOS,consulta externa,nuevas en personas de 15 a 59 anos,2006-07-01,404,645,404,645,1049
ENTRE RIOS,consulta externa,nuevas en personas de 15 a 59 anos,2006-07-01,299,357,299,357,656
ESCARA,consulta externa,nuevas en personas de 15 a 59 anos,2006-07-01,4,4,4,4,8
ESMERALDA,consulta externa,nuevas en personas de 15 a 59 anos,2006-07-01,9,4,9,4,13
EUCALIPTUS,consulta externa,nuevas en personas de 15 a 59 anos,2006-07-01,32,85,32,85,117
EUREKA (SANTOS MERCADO),consulta externa,nuevas en personas de 15 a 59 anos,2006-07-01,4,29,4,29,33
EXALTACION,consulta externa,nuevas en personas de 15 a 59 anos,2006-07-01,15,20,15,20,35
FERNANDEZ ALONSO,consulta externa,nuevas en personas de 15 a 59 anos,2006-07-01,175,282,175,282,457
FILADELFIA,consulta externa,nuevas en personas de 15 a 59 anos,2006-07-01,97,137,97,137,234
GENERAL SAAVEDRA,consulta externa,nuevas en personas de 15 a 59 anos,2006-07-01,204,266,204,266,470
GRAL. J.J. PEREZ (CHARAZANI),consulta externa,nuevas en personas de 15 a 59 anos,2006-07-01,86,146,86,146,232
GUANAY,consulta externa,nuevas en personas de 15 a 59 anos,2006-07-01,132,337,132,337,469
GUAQUI,consulta externa,nuevas en personas de 15 a 59 anos,2006-07-01,48,85,48,85,133
GUAYARAMERIN,consulta externa,nuevas en personas de 15 a 59 anos,2006-07-01,700,1558,700,1558,2258
GUTIERREZ,consulta externa,nuevas en personas de 15 a 59 anos,2006-07-01,180,242,180,242,422
HUACARETA,consulta externa,nuevas en personas de 15 a 59 anos,2006-07-01,190,336,190,336,526
HUACAYA (VILLA DE HUACAYA),consulta externa,nuevas en personas de 15 a 59 anos,2006-07-01,65,144,65,144,209
HUACHACALLA,consulta externa,nuevas en personas de 15 a 59 anos,2006-07-01,26,36,26,36,62
HUANUNI,consulta externa,nuevas en personas de 15 a 59 anos,2006-07-01,306,486,306,486,792
HUARACAJE,consulta externa,nuevas en personas de 15 a 59 anos,2006-07-01,15,40,15,40,55
HUAYLLAMARCA,consulta externa,nuevas en personas de 15 a 59 anos,2006-07-01,47,102,47,102,149
ICHOCA,consulta externa,nuevas en personas de 15 a 59 anos,2006-07-01,65,94,65,94,159
ICLA,consulta externa,nuevas en personas de 15 a 59 anos,2006-07-01,182,406,182,406,588
INCAHUASI,consulta externa,nuevas en personas de 15 a 59 anos,2006-07-01,198,657,198,657,855
INGAVI (HUMAITA),consulta externa,nuevas en personas de 15 a 59 anos,2006-07-01,17,16,17,16,33
INQUISIVI,consulta externa,nuevas en personas de 15 a 59 anos,2006-07-01,97,192,97,192,289
IRUPANA (VILLA DE LANZA),consulta externa,nuevas en personas de 15 a 59 anos,2006-07-01,215,408,215,408,623
IXIAMAS,consulta externa,nuevas en personas de 15 a 59 anos,2006-07-01,220,377,220,377,597
JESUS DE MACHACA,consulta externa,nuevas en personas de 15 a 59 anos,2006-07-01,119,370,119,370,489
LA ASUNTA,consulta externa,nuevas en personas de 15 a 59 anos,2006-07-01,284,457,284,457,741
LA GUARDIA,consulta externa,nuevas en personas de 15 a 59 anos,2006-07-01,317,785,317,785,1102
LA PAZ,consulta externa,nuevas en personas de 15 a 59 anos,2006-07-01,20224,36808,20224,36808,57032
LA RIVERA,consulta externa,nuevas en personas de 15 a 59 anos,2006-07-01,3,8,3,8,11
LAGUNILLAS,consulta externa,nuevas en personas de 15 a 59 anos,2006-07-01,106,216,106,216,322
LAJA,consulta externa,nuevas en personas de 15 a 59 anos,2006-07-01,75,107,75,107,182
LAS CARRERAS,consulta externa,nuevas en personas de 15 a 59 anos,2006-07-01,73,185,73,185,258
LICOMA PAMPA,consulta externa,nuevas en personas de 15 a 59 anos,2006-07-01,45,70,45,70,115
LLALLAGUA,consulta externa,nuevas en personas de 15 a 59 anos,2006-07-01,846,1484,846,1484,2330
LLICA,consulta externa,nuevas en personas de 15 a 59 anos,2006-07-01,96,173,96,173,269
LORETO,consulta externa,nuevas en personas de 15 a 59 anos,2006-07-01,21,47,21,47,68
LURIBAY,consulta externa,nuevas en personas de 15 a 59 anos,2006-07-01,138,202,138,202,340
MACHACAMARCA,consulta externa,nuevas en personas de 15 a 59 anos,2006-07-01,60,75,60,75,135
MACHARETI,consulta externa,nuevas en personas de 15 a 59 anos,2006-07-01,146,352,146,352,498
MAGDALENA,consulta externa,nuevas en personas de 15 a 59 anos,2006-07-01,141,293,141,293,434
MAIRANA,consulta externa,nuevas en personas de 15 a 59 anos,2006-07-01,98,232,98,232,330
MALLA,consulta externa,nuevas en personas de 15 a 59 anos,2006-07-01,34,76,34,76,110
MAPIRI,consulta externa,nuevas en personas de 15 a 59 anos,2006-07-01,143,209,143,209,352
MECAPACA,consulta externa,nuevas en personas de 15 a 59 anos,2006-07-01,158,270,158,270,428
MINEROS,consulta externa,nuevas en personas de 15 a 59 anos,2006-07-01,163,138,163,138,301
MIZQUE,consulta externa,nuevas en personas de 15 a 59 anos,2006-07-01,169,276,169,276,445
MOCOMOCO,consulta externa,nuevas en personas de 15 a 59 anos,2006-07-01,184,213,184,213,397
MOJINETE,consulta externa,nuevas en personas de 15 a 59 anos,2006-07-01,15,33,15,33,48
MOJOCOYA,consulta externa,nuevas en personas de 15 a 59 anos,2006-07-01,149,279,149,279,428
MONTEAGUDO,consulta externa,nuevas en personas de 15 a 59 anos,2006-07-01,1144,2227,1144,2227,3371
MONTERO,consulta externa,nuevas en personas de 15 a 59 anos,2006-07-01,1159,3027,1159,3027,4186
MORO MORO,consulta externa,nuevas en personas de 15 a 59 anos,2006-07-01,38,110,38,110,148
MOROCHATA,consulta externa,nuevas en personas de 15 a 59 anos,2006-07-01,86,173,86,173,259
NACEBE (SANTA ROSA DEL ABUNA),consulta externa,nuevas en personas de 15 a 59 anos,2006-07-01,29,26,29,26,55
NUEVO MANOA (NUEVA ESPERANZA),consulta externa,nuevas en personas de 15 a 59 anos,2006-07-01,23,41,23,41,64
OCURI,consulta externa,nuevas en personas de 15 a 59 anos,2006-07-01,233,383,233,383,616
OKINAWA,consulta externa,nuevas en personas de 15 a 59 anos,2006-07-01,456,782,456,782,1238
OMEREQUE,consulta externa,nuevas en personas de 15 a 59 anos,2006-07-01,42,132,42,132,174
ORURO,consulta externa,nuevas en personas de 15 a 59 anos,2006-07-01,7504,11660,7504,11660,19164
PADCAYA,consulta externa,nuevas en personas de 15 a 59 anos,2006-07-01,412,649,412,649,1061
PADILLA,consulta externa,nuevas en personas de 15 a 59 anos,2006-07-01,271,739,271,739,1010
PAILON,consulta externa,nuevas en personas de 15 a 59 anos,2006-07-01,121,145,121,145,266
PALCA,consulta externa,nuevas en personas de 15 a 59 anos,2006-07-01,115,135,115,135,250
PALOS BLANCOS,consulta externa,nuevas en personas de 15 a 59 anos,2006-07-01,451,536,451,536,987
PAMPA AULLAGAS,consulta externa,nuevas en personas de 15 a 59 anos,2006-07-01,8,31,8,31,39
PAMPA GRANDE,consulta externa,nuevas en personas de 15 a 59 anos,2006-07-01,139,216,139,216,355
PAPEL PAMPA,consulta externa,nuevas en personas de 15 a 59 anos,2006-07-01,33,39,33,39,72
PASORAPA,consulta externa,nuevas en personas de 15 a 59 anos,2006-07-01,23,70,23,70,93
PATACAMAYA,consulta externa,nuevas en personas de 15 a 59 anos,2006-07-01,90,166,90,166,256
PAZÑA,consulta externa,nuevas en personas de 15 a 59 anos,2006-07-01,73,142,73,142,215
PELECHUCO,consulta externa,nuevas en personas de 15 a 59 anos,2006-07-01,122,124,122,124,246
POCOATA,consulta externa,nuevas en personas de 15 a 59 anos,2006-07-01,226,377,226,377,603
POCONA,consulta externa,nuevas en personas de 15 a 59 anos,2006-07-01,93,128,93,128,221
POJO (CBBA),consulta externa,nuevas en personas de 15 a 59 anos,2006-07-01,42,146,42,146,188
POOPO,consulta externa,nuevas en personas de 15 a 59 anos,2006-07-01,57,76,57,76,133
PORCO,consulta externa,nuevas en personas de 15 a 59 anos,2006-07-01,102,183,102,183,285
POROMA,consulta externa,nuevas en personas de 15 a 59 anos,2006-07-01,237,608,237,608,845
PORONGO,consulta externa,nuevas en personas de 15 a 59 anos,2006-07-01,154,268,154,268,422
PORTACHUELO,consulta externa,nuevas en personas de 15 a 59 anos,2006-07-01,187,592,187,592,779
PORVENIR,consulta externa,nuevas en personas de 15 a 59 anos,2006-07-01,144,141,144,141,285
POSTRER VALLE,consulta externa,nuevas en personas de 15 a 59 anos,2006-07-01,53,79,53,79,132
POTOSI,consulta externa,nuevas en personas de 15 a 59 anos,2006-07-01,19894,7560,19894,7560,27454
PRESTO,consulta externa,nuevas en personas de 15 a 59 anos,2006-07-01,117,343,117,343,460
PUCARA,consulta externa,nuevas en personas de 15 a 59 anos,2006-07-01,58,75,58,75,133
PUCARANI,consulta externa,nuevas en personas de 15 a 59 anos,2006-07-01,108,219,108,219,327
PUERTO ACOSTA,consulta externa,nuevas en personas de 15 a 59 anos,2006-07-01,310,397,310,397,707
PUERTO CARABUCO,consulta externa,nuevas en personas de 15 a 59 anos,2006-07-01,145,187,145,187,332
PUERTO GONZALO MORENO,consulta externa,nuevas en personas de 15 a 59 anos,2006-07-01,71,142,71,142,213
PUERTO PEREZ,consulta externa,nuevas en personas de 15 a 59 anos,2006-07-01,67,78,67,78,145
PUERTO QUIJARRO,consulta externa,nuevas en personas de 15 a 59 anos,2006-07-01,376,569,376,569,945
PUERTO RICO,consulta externa,nuevas en personas de 15 a 59 anos,2006-07-01,115,178,115,178,293
PUERTO SILES,consulta externa,nuevas en personas de 15 a 59 anos,2006-07-01,23,65,23,65,88
PUERTO SUAREZ,consulta externa,nuevas en personas de 15 a 59 anos,2006-07-01,140,431,140,431,571
PUERTO VILLARROEL,consulta externa,nuevas en personas de 15 a 59 anos,2006-07-01,468,791,468,791,1259
PUNA,consulta externa,nuevas en personas de 15 a 59 anos,2006-07-01,386,850,386,850,1236
PUNATA,consulta externa,nuevas en personas de 15 a 59 anos,2006-07-01,254,583,254,583,837
QUIABAYA,consulta externa,nuevas en personas de 15 a 59 anos,2006-07-01,39,78,39,78,117
QUILLACOLLO,consulta externa,nuevas en personas de 15 a 59 anos,2006-07-01,268,564,268,564,832
QUIME,consulta externa,nuevas en personas de 15 a 59 anos,2006-07-01,213,139,213,139,352
QUIRUSILLAS,consulta externa,nuevas en personas de 15 a 59 anos,2006-07-01,21,31,21,31,52
RAVELO,consulta externa,nuevas en personas de 15 a 59 anos,2006-07-01,159,296,159,296,455
REYES,consulta externa,nuevas en personas de 15 a 59 anos,2006-07-01,128,241,128,241,369
RIBERALTA,consulta externa,nuevas en personas de 15 a 59 anos,2006-07-01,848,1514,848,1514,2362
ROBORE,consulta externa,nuevas en personas de 15 a 59 anos,2006-07-01,357,595,357,595,952
RURRENABAQUE,consulta externa,nuevas en personas de 15 a 59 anos,2006-07-01,153,357,153,357,510
SABAYA,consulta externa,nuevas en personas de 15 a 59 anos,2006-07-01,58,72,58,72,130
SACABA,consulta externa,nuevas en personas de 15 a 59 anos,2006-07-01,550,1323,550,1323,1873
SACABAMBA,consulta externa,nuevas en personas de 15 a 59 anos,2006-07-01,27,27,27,27,54
SACACA,consulta externa,nuevas en personas de 15 a 59 anos,2006-07-01,235,457,235,457,692
SAIPINA,consulta externa,nuevas en personas de 15 a 59 anos,2006-07-01,131,217,131,217,348
SALINAS DE GARCI MENDOZA,consulta externa,nuevas en personas de 15 a 59 anos,2006-07-01,158,309,158,309,467
SAMAIPATA,consulta externa,nuevas en personas de 15 a 59 anos,2006-07-01,98,107,98,107,205
SAN AGUSTIN,consulta externa,nuevas en personas de 15 a 59 anos,2006-07-01,31,60,31,60,91
SAN ANDRES,consulta externa,nuevas en personas de 15 a 59 anos,2006-07-01,126,250,126,250,376
SAN ANDRES DE MACHACA,consulta externa,nuevas en personas de 15 a 59 anos,2006-07-01,54,110,54,110,164
SAN ANTONIO DE ESMORUCO,consulta externa,nuevas en personas de 15 a 59 anos,2006-07-01,30,45,30,45,75
SAN ANTONIO DE LOMERIO,consulta externa,nuevas en personas de 15 a 59 anos,2006-07-01,36,88,36,88,124
SAN BENITO,consulta externa,nuevas en personas de 15 a 59 anos,2006-07-01,52,143,52,143,195
SAN BORJA,consulta externa,nuevas en personas de 15 a 59 anos,2006-07-01,159,401,159,401,560
SAN BUENA VENTURA,consulta externa,nuevas en personas de 15 a 59 anos,2006-07-01,128,187,128,187,315
SAN CARLOS,consulta externa,nuevas en personas de 15 a 59 anos,2006-07-01,237,787,237,787,1024
SAN IGNACIO,consulta externa,nuevas en personas de 15 a 59 anos,2006-07-01,347,639,347,639,986
SAN IGNACIO DE VELASCO,consulta externa,nuevas en personas de 15 a 59 anos,2006-07-01,630,1331,630,1331,1961
SAN JAVIER(BNI),consulta externa,nuevas en personas de 15 a 59 anos,2006-07-01,31,92,31,92,123
SAN JAVIER(STC),consulta externa,nuevas en personas de 15 a 59 anos,2006-07-01,95,218,95,218,313
SAN JOAQUIN,consulta externa,nuevas en personas de 15 a 59 anos,2006-07-01,81,135,81,135,216
SAN JOSE DE CHIQUITOS,consulta externa,nuevas en personas de 15 a 59 anos,2006-07-01,216,370,216,370,586
SAN JUAN DE YAPACANI,consulta externa,nuevas en personas de 15 a 59 anos,2006-07-01,142,223,142,223,365
SAN JULIAN,consulta externa,nuevas en personas de 15 a 59 anos,2006-07-01,799,1501,799,1501,2300
SAN LORENZO(PND),consulta externa,nuevas en personas de 15 a 59 anos,2006-07-01,65,155,65,155,220
SAN LORENZO(TJA),consulta externa,nuevas en personas de 15 a 59 anos,2006-07-01,265,682,265,682,947
SAN LUCAS,consulta externa,nuevas en personas de 15 a 59 anos,2006-07-01,451,1086,451,1086,1537
SAN MATIAS,consulta externa,nuevas en personas de 15 a 59 anos,2006-07-01,87,204,87,204,291
SAN MIGUEL DE VELASCO,consulta externa,nuevas en personas de 15 a 59 anos,2006-07-01,72,183,72,183,255
SAN PABLO DE LIPEZ,consulta externa,nuevas en personas de 15 a 59 anos,2006-07-01,73,131,73,131,204
SAN PEDRO,consulta externa,nuevas en personas de 15 a 59 anos,2006-07-01,324,535,324,535,859
SAN PEDRO DE BUENA VISTA,consulta externa,nuevas en personas de 15 a 59 anos,2006-07-01,181,312,181,312,493
SAN PEDRO DE CURAHUARA,consulta externa,nuevas en personas de 15 a 59 anos,2006-07-01,37,51,37,51,88
SAN PEDRO DE QUEMES,consulta externa,nuevas en personas de 15 a 59 anos,2006-07-01,3,7,3,7,10
SAN PEDRO DE TIQUINA,consulta externa,nuevas en personas de 15 a 59 anos,2006-07-01,44,33,44,33,77
SAN PEDRO(PND),consulta externa,nuevas en personas de 15 a 59 anos,2006-07-01,8,14,8,14,22
SAN RAFAEL,consulta externa,nuevas en personas de 15 a 59 anos,2006-07-01,70,129,70,129,199
SAN RAMON,consulta externa,nuevas en personas de 15 a 59 anos,2006-07-01,61,176,61,176,237
SAN RAMON,consulta externa,nuevas en personas de 15 a 59 anos,2006-07-01,126,226,126,226,352
SANTA ANA,consulta externa,nuevas en personas de 15 a 59 anos,2006-07-01,117,244,117,244,361
SANTA CRUZ DE LA SIERRA,consulta externa,nuevas en personas de 15 a 59 anos,2006-07-01,15355,33376,15355,33376,48731
SANTA ROSA,consulta externa,nuevas en personas de 15 a 59 anos,2006-07-01,37,175,37,175,212
SANTA ROSA DEL SARA,consulta externa,nuevas en personas de 15 a 59 anos,2006-07-01,217,549,217,549,766
SANTIAGO DE CALLAPA,consulta externa,nuevas en personas de 15 a 59 anos,2006-07-01,32,38,32,38,70
SANTIAGO DE HUARI,consulta externa,nuevas en personas de 15 a 59 anos,2006-07-01,65,96,65,96,161
SANTIAGO DE MACHACA,consulta externa,nuevas en personas de 15 a 59 anos,2006-07-01,15,36,15,36,51
SANTIVAÑES,consulta externa,nuevas en personas de 15 a 59 anos,2006-07-01,53,123,53,123,176
SANTUARIO DE QUILLACAS,consulta externa,nuevas en personas de 15 a 59 anos,2006-07-01,18,52,18,52,70
SAPAHAQUI,consulta externa,nuevas en personas de 15 a 59 anos,2006-07-01,107,147,107,147,254
SENA,consulta externa,nuevas en personas de 15 a 59 anos,2006-07-01,108,199,108,199,307
SICA SICA (VILLA AROMA),consulta externa,nuevas en personas de 15 a 59 anos,2006-07-01,90,133,90,133,223
SICAYA,consulta externa,nuevas en personas de 15 a 59 anos,2006-07-01,8,31,8,31,39
SIPE SIPE,consulta externa,nuevas en personas de 15 a 59 anos,2006-07-01,80,378,80,378,458
SOPACHUY,consulta externa,nuevas en personas de 15 a 59 anos,2006-07-01,107,317,107,317,424
SORACACHI,consulta externa,nuevas en personas de 15 a 59 anos,2006-07-01,59,83,59,83,142
SORATA,consulta externa,nuevas en personas de 15 a 59 anos,2006-07-01,174,255,174,255,429
SUCRE,consulta externa,nuevas en personas de 15 a 59 anos,2006-07-01,8261,16681,8261,16681,24942
TACACHI,consulta externa,nuevas en personas de 15 a 59 anos,2006-07-01,5,32,5,32,37
TACACOMA,consulta externa,nuevas en personas de 15 a 59 anos,2006-07-01,63,111,63,111,174
TACOBAMBA,consulta externa,nuevas en personas de 15 a 59 anos,2006-07-01,66,132,66,132,198
TACOPAYA,consulta externa,nuevas en personas de 15 a 59 anos,2006-07-01,93,154,93,154,247
TAHUA,consulta externa,nuevas en personas de 15 a 59 anos,2006-07-01,7,25,7,25,32
TAPACARI,consulta externa,nuevas en personas de 15 a 59 anos,2006-07-01,179,390,179,390,569
TARABUCO,consulta externa,nuevas en personas de 15 a 59 anos,2006-07-01,371,660,371,660,1031
TARACO,consulta externa,nuevas en personas de 15 a 59 anos,2006-07-01,20,21,20,21,41
TARATA,consulta externa,nuevas en personas de 15 a 59 anos,2006-07-01,56,70,56,70,126
TARIJA,consulta externa,nuevas en personas de 15 a 59 anos,2006-07-01,2950,5964,2950,5964,8914
TARVITA,consulta externa,nuevas en personas de 15 a 59 anos,2006-07-01,273,701,273,701,974
TEOPONTE,consulta externa,nuevas en personas de 15 a 59 anos,2006-07-01,170,190,170,190,360
TIAWANACU,consulta externa,nuevas en personas de 15 a 59 anos,2006-07-01,47,145,47,145,192
TINGUIPAYA,consulta externa,nuevas en personas de 15 a 59 anos,2006-07-01,177,458,177,458,635
TIPUANI,consulta externa,nuevas en personas de 15 a 59 anos,2006-07-01,91,178,91,178,269
TIQUIPAYA,consulta externa,nuevas en personas de 15 a 59 anos,2006-07-01,99,343,99,343,442
TIRAQUE (CBBA),consulta externa,nuevas en personas de 15 a 59 anos,2006-07-01,359,435,359,435,794
TITO YUPANQUI (PARQUIPUJIO),consulta externa,nuevas en personas de 15 a 59 anos,2006-07-01,24,55,24,55,79
TOCO,consulta externa,nuevas en personas de 15 a 59 anos,2006-07-01,9,43,9,43,52
TODOS SANTOS,consulta externa,nuevas en personas de 15 a 59 anos,2006-07-01,2,0,2,0,2
TOLATA,consulta externa,nuevas en personas de 15 a 59 anos,2006-07-01,31,64,31,64,95
TOLEDO,consulta externa,nuevas en personas de 15 a 59 anos,2006-07-01,105,152,105,152,257
TOMAVE,consulta externa,nuevas en personas de 15 a 59 anos,2006-07-01,141,272,141,272,413
TOMINA,consulta externa,nuevas en personas de 15 a 59 anos,2006-07-01,224,396,224,396,620
TORO TORO,consulta externa,nuevas en personas de 15 a 59 anos,2006-07-01,129,274,129,274,403
TOTORA(CBBA),consulta externa,nuevas en personas de 15 a 59 anos,2006-07-01,76,98,76,98,174
TOTORA(ORR),consulta externa,nuevas en personas de 15 a 59 anos,2006-07-01,52,64,52,64,116
TRIGAL,consulta externa,nuevas en personas de 15 a 59 anos,2006-07-01,30,61,30,61,91
TRINIDAD,consulta externa,nuevas en personas de 15 a 59 anos,2006-07-01,1016,2526,1016,2526,3542
TUPIZA,consulta externa,nuevas en personas de 15 a 59 anos,2006-07-01,1456,2537,1456,2537,3993
TURCO,consulta externa,nuevas en personas de 15 a 59 anos,2006-07-01,111,133,111,133,244
UMALA,consulta externa,nuevas en personas de 15 a 59 anos,2006-07-01,30,64,30,64,94
UNCIA,consulta externa,nuevas en personas de 15 a 59 anos,2006-07-01,434,822,434,822,1256
URIONDO (A. CONCEPCION),consulta externa,nuevas en personas de 15 a 59 anos,2006-07-01,192,464,192,464,656
URUBICHA,consulta externa,nuevas en personas de 15 a 59 anos,2006-07-01,44,89,44,89,133
UYUNI,consulta externa,nuevas en personas de 15 a 59 anos,2006-07-01,605,683,605,683,1288
VACAS,consulta externa,nuevas en personas de 15 a 59 anos,2006-07-01,113,209,113,209,322
VALLEGRANDE,consulta externa,nuevas en personas de 15 a 59 anos,2006-07-01,636,1071,636,1071,1707
VIACHA,consulta externa,nuevas en personas de 15 a 59 anos,2006-07-01,497,847,497,847,1344
VILA VILA,consulta externa,nuevas en personas de 15 a 59 anos,2006-07-01,16,37,16,37,53
VILLA MONTES,consulta externa,nuevas en personas de 15 a 59 anos,2006-07-01,434,678,434,678,1112
VILLA NUEVA (LOMA ALTA),consulta externa,nuevas en personas de 15 a 59 anos,2006-07-01,30,57,30,57,87
VILLA RIVERO,consulta externa,nuevas en personas de 15 a 59 anos,2006-07-01,39,99,39,99,138
VILLA SERRANO,consulta externa,nuevas en personas de 15 a 59 anos,2006-07-01,220,467,220,467,687
VILLA TUNARI,consulta externa,nuevas en personas de 15 a 59 anos,2006-07-01,1080,1749,1080,1749,2829
VILLA VACA GUZMAN (MUYUPAMPA),consulta externa,nuevas en personas de 15 a 59 anos,2006-07-01,239,515,239,515,754
VILLAZON,consulta externa,nuevas en personas de 15 a 59 anos,2006-07-01,1616,3431,1616,3431,5047
VINTO,consulta externa,nuevas en personas de 15 a 59 anos,2006-07-01,121,234,121,234,355
VITICHI,consulta externa,nuevas en personas de 15 a 59 anos,2006-07-01,192,364,192,364,556
WALDO BALLIVIAN,consulta externa,nuevas en personas de 15 a 59 anos,2006-07-01,15,43,15,43,58
WARNES,consulta externa,nuevas en personas de 15 a 59 anos,2006-07-01,470,807,470,807,1277
YACO,consulta externa,nuevas en personas de 15 a 59 anos,2006-07-01,34,73,34,73,107
YACUIBA,consulta externa,nuevas en personas de 15 a 59 anos,2006-07-01,1835,2921,1835,2921,4756
YAMPARAEZ,consulta externa,nuevas en personas de 15 a 59 anos,2006-07-01,78,170,78,170,248
YANACACHI,consulta externa,nuevas en personas de 15 a 59 anos,2006-07-01,273,453,273,453,726
YAPACANI,consulta externa,nuevas en personas de 15 a 59 anos,2006-07-01,1635,2626,1635,2626,4261
YOCALLA,consulta externa,nuevas en personas de 15 a 59 anos,2006-07-01,115,198,115,198,313
YOTALA,consulta externa,nuevas en personas de 15 a 59 anos,2006-07-01,128,212,128,212,340
YUNCHARA,consulta externa,nuevas en personas de 15 a 59 anos,2006-07-01,97,199,97,199,296
ZUDAÑEZ,consulta externa,nuevas en personas de 15 a 59 anos,2006-07-01,232,468,232,468,700
ACACIO,consulta externa,nuevas en personas de 15 a 59 anos,2006-08-01,99,203,99,203,302
ACHACACHI,consulta externa,nuevas en personas de 15 a 59 anos,2006-08-01,436,722,436,722,1158
ACHOCALLA,consulta externa,nuevas en personas de 15 a 59 anos,2006-08-01,52,77,52,77,129
AIQUILE,consulta externa,nuevas en personas de 15 a 59 anos,2006-08-01,161,455,161,455,616
ALCALA,consulta externa,nuevas en personas de 15 a 59 anos,2006-08-01,78,316,78,316,394
ANCORAIMES,consulta externa,nuevas en personas de 15 a 59 anos,2006-08-01,105,244,105,244,349
ANDAMARCA,consulta externa,nuevas en personas de 15 a 59 anos,2006-08-01,85,155,85,155,240
ANTEQUERA,consulta externa,nuevas en personas de 15 a 59 anos,2006-08-01,17,20,17,20,37
ANZALDO,consulta externa,nuevas en personas de 15 a 59 anos,2006-08-01,40,79,40,79,119
APOLO,consulta externa,nuevas en personas de 15 a 59 anos,2006-08-01,148,305,148,305,453
ARAMPAMPA,consulta externa,nuevas en personas de 15 a 59 anos,2006-08-01,61,87,61,87,148
ARANI,consulta externa,nuevas en personas de 15 a 59 anos,2006-08-01,44,80,44,80,124
ARBIETO,consulta externa,nuevas en personas de 15 a 59 anos,2006-08-01,37,70,37,70,107
ARQUE,consulta externa,nuevas en personas de 15 a 59 anos,2006-08-01,117,197,117,197,314
ASCENCION DE GUARAYOS,consulta externa,nuevas en personas de 15 a 59 anos,2006-08-01,252,436,252,436,688
ATOCHA,consulta externa,nuevas en personas de 15 a 59 anos,2006-08-01,726,754,726,754,1480
AUCAPATA,consulta externa,nuevas en personas de 15 a 59 anos,2006-08-01,99,129,99,129,228
AYATA,consulta externa,nuevas en personas de 15 a 59 anos,2006-08-01,68,126,68,126,194
AYO AYO,consulta externa,nuevas en personas de 15 a 59 anos,2006-08-01,57,102,57,102,159
AYOPAYA (V. DE INDEPENDENCIA),consulta externa,nuevas en personas de 15 a 59 anos,2006-08-01,157,445,157,445,602
AZURDUY,consulta externa,nuevas en personas de 15 a 59 anos,2006-08-01,316,848,316,848,1164
BATALLAS,consulta externa,nuevas en personas de 15 a 59 anos,2006-08-01,92,154,92,154,246
BAURES,consulta externa,nuevas en personas de 15 a 59 anos,2006-08-01,77,81,77,81,158
BELEN DE ANDAMARCA,consulta externa,nuevas en personas de 15 a 59 anos,2006-08-01,13,25,13,25,38
BELEN DE URMIRI,consulta externa,nuevas en personas de 15 a 59 anos,2006-08-01,79,89,79,89,168
BELLA FLOR,consulta externa,nuevas en personas de 15 a 59 anos,2006-08-01,210,183,210,183,393
BERMEJO,consulta externa,nuevas en personas de 15 a 59 anos,2006-08-01,844,1106,844,1106,1950
BETANZOS,consulta externa,nuevas en personas de 15 a 59 anos,2006-08-01,486,1023,486,1023,1509
BOLIVAR,consulta externa,nuevas en personas de 15 a 59 anos,2006-08-01,44,84,44,84,128
BOLPEBRA,consulta externa,nuevas en personas de 15 a 59 anos,2006-08-01,87,124,87,124,211
BOYUIBE,consulta externa,nuevas en personas de 15 a 59 anos,2006-08-01,109,139,109,139,248
BUENA VISTA,consulta externa,nuevas en personas de 15 a 59 anos,2006-08-01,199,284,199,284,483
CABEZAS,consulta externa,nuevas en personas de 15 a 59 anos,2006-08-01,737,749,737,749,1486
CAIROMA,consulta externa,nuevas en personas de 15 a 59 anos,2006-08-01,138,260,138,260,398
"CAIZA ""D""",consulta externa,nuevas en personas de 15 a 59 anos,2006-08-01,207,311,207,311,518
CAJUATA,consulta externa,nuevas en personas de 15 a 59 anos,2006-08-01,104,206,104,206,310
CALACOTO,consulta externa,nuevas en personas de 15 a 59 anos,2006-08-01,67,103,67,103,170
CALAMARCA,consulta externa,nuevas en personas de 15 a 59 anos,2006-08-01,75,150,75,150,225
CAMARGO,consulta externa,nuevas en personas de 15 a 59 anos,2006-08-01,315,673,315,673,988
CAMATAQUI (C. VILLA ABECIA),consulta externa,nuevas en personas de 15 a 59 anos,2006-08-01,120,197,120,197,317
CAMIRI,consulta externa,nuevas en personas de 15 a 59 anos,2006-08-01,1012,2105,1012,2105,3117
CAPINOTA,consulta externa,nuevas en personas de 15 a 59 anos,2006-08-01,226,294,226,294,520
CAQUIAVIRI,consulta externa,nuevas en personas de 15 a 59 anos,2006-08-01,86,106,86,106,192
CARACOLLO,consulta externa,nuevas en personas de 15 a 59 anos,2006-08-01,140,193,140,193,333
CARANAVI,consulta externa,nuevas en personas de 15 a 59 anos,2006-08-01,1100,1450,1100,1450,2550
CARANGAS,consulta externa,nuevas en personas de 15 a 59 anos,2006-08-01,2,6,2,6,8
CARAPARI,consulta externa,nuevas en personas de 15 a 59 anos,2006-08-01,184,277,184,277,461
CARIPUYO,consulta externa,nuevas en personas de 15 a 59 anos,2006-08-01,74,183,74,183,257
CARMEN RIVERO TORREZ,consulta externa,nuevas en personas de 15 a 59 anos,2006-08-01,18,59,18,59,77
CATACORA,consulta externa,nuevas en personas de 15 a 59 anos,2006-08-01,8,25,8,25,33
CHACARILLA,consulta externa,nuevas en personas de 15 a 59 anos,2006-08-01,5,12,5,12,17
CHALLAPATA,consulta externa,nuevas en personas de 15 a 59 anos,2006-08-01,242,455,242,455,697
CHAQUI,consulta externa,nuevas en personas de 15 a 59 anos,2006-08-01,70,122,70,122,192
CHARAGUA,consulta externa,nuevas en personas de 15 a 59 anos,2006-08-01,146,340,146,340,486
CHARAÑA,consulta externa,nuevas en personas de 15 a 59 anos,2006-08-01,32,35,32,35,67
CHAYANTA,consulta externa,nuevas en personas de 15 a 59 anos,2006-08-01,158,420,158,420,578
CHIMORE,consulta externa,nuevas en personas de 15 a 59 anos,2006-08-01,137,173,137,173,310
CHIPAYA,consulta externa,nuevas en personas de 15 a 59 anos,2006-08-01,16,16,16,16,32
CHOQUE COTA,consulta externa,nuevas en personas de 15 a 59 anos,2006-08-01,130,223,130,223,353
CHULUMANI (V. DE LA LIBERTAD),consulta externa,nuevas en personas de 15 a 59 anos,2006-08-01,136,200,136,200,336
CHUMA,consulta externa,nuevas en personas de 15 a 59 anos,2006-08-01,215,305,215,305,520
CLIZA,consulta externa,nuevas en personas de 15 a 59 anos,2006-08-01,77,133,77,133,210
COBIJA,consulta externa,nuevas en personas de 15 a 59 anos,2006-08-01,879,1747,879,1747,2626
COCHABAMBA,consulta externa,nuevas en personas de 15 a 59 anos,2006-08-01,10587,23488,10587,23488,34075
COIPASA,consulta externa,nuevas en personas de 15 a 59 anos,2006-08-01,13,29,13,29,42
COLCAPIRHUA,consulta externa,nuevas en personas de 15 a 59 anos,2006-08-01,354,722,354,722,1076
"COLCHA ""K""",consulta externa,nuevas en personas de 15 a 59 anos,2006-08-01,197,357,197,357,554
COLLANA,consulta externa,nuevas en personas de 15 a 59 anos,2006-08-01,15,34,15,34,49
COLOMI,consulta externa,nuevas en personas de 15 a 59 anos,2006-08-01,116,247,116,247,363
COLPA BELGICA,consulta externa,nuevas en personas de 15 a 59 anos,2006-08-01,28,83,28,83,111
COLQUECHACA,consulta externa,nuevas en personas de 15 a 59 anos,2006-08-01,319,609,319,609,928
COLQUENCHA,consulta externa,nuevas en personas de 15 a 59 anos,2006-08-01,75,138,75,138,213
COLQUIRI,consulta externa,nuevas en personas de 15 a 59 anos,2006-08-01,176,436,176,436,612
COMANCHE,consulta externa,nuevas en personas de 15 a 59 anos,2006-08-01,25,44,25,44,69
COMARAPA,consulta externa,nuevas en personas de 15 a 59 anos,2006-08-01,169,435,169,435,604
COMBAYA,consulta externa,nuevas en personas de 15 a 59 anos,2006-08-01,28,37,28,37,65
CONCEPCION,consulta externa,nuevas en personas de 15 a 59 anos,2006-08-01,246,291,246,291,537
COPACABANA,consulta externa,nuevas en personas de 15 a 59 anos,2006-08-01,136,219,136,219,355
CORIPATA,consulta externa,nuevas en personas de 15 a 59 anos,2006-08-01,138,200,138,200,338
CORO CORO,consulta externa,nuevas en personas de 15 a 59 anos,2006-08-01,85,177,85,177,262
COROICO,consulta externa,nuevas en personas de 15 a 59 anos,2006-08-01,307,399,307,399,706
CORQUE,consulta externa,nuevas en personas de 15 a 59 anos,2006-08-01,110,112,110,112,222
COTAGAITA,consulta externa,nuevas en personas de 15 a 59 anos,2006-08-01,644,1096,644,1096,1740
COTOCA,consulta externa,nuevas en personas de 15 a 59 anos,2006-08-01,154,463,154,463,617
CUATRO CAÑADAS,consulta externa,nuevas en personas de 15 a 59 anos,2006-08-01,284,650,284,650,934
CUCHUMUELA (V. G. VILLARROEL),consulta externa,nuevas en personas de 15 a 59 anos,2006-08-01,13,20,13,20,33
CUEVO,consulta externa,nuevas en personas de 15 a 59 anos,2006-08-01,81,129,81,129,210
CULPINA,consulta externa,nuevas en personas de 15 a 59 anos,2006-08-01,232,539,232,539,771
CURAHUARA DE CARANGAS,consulta externa,nuevas en personas de 15 a 59 anos,2006-08-01,149,350,149,350,499
CURVA,consulta externa,nuevas en personas de 15 a 59 anos,2006-08-01,30,77,30,77,107
DESAGUADERO,consulta externa,nuevas en personas de 15 a 59 anos,2006-08-01,52,83,52,83,135
EL ALTO,consulta externa,nuevas en personas de 15 a 59 anos,2006-08-01,6240,11928,6240,11928,18168
EL CHORO,consulta externa,nuevas en personas de 15 a 59 anos,2006-08-01,83,138,83,138,221
EL PUENTE(STC),consulta externa,nuevas en personas de 15 a 59 anos,2006-08-01,146,215,146,215,361
EL PUENTE(TJA),consulta externa,nuevas en personas de 15 a 59 anos,2006-08-01,197,309,197,309,506
EL TORNO,consulta externa,nuevas en personas de 15 a 59 anos,2006-08-01,579,935,579,935,1514
EL VILLAR,consulta externa,nuevas en personas de 15 a 59 anos,2006-08-01,111,259,111,259,370
ENTRE RIOS,consulta externa,nuevas en personas de 15 a 59 anos,2006-08-01,521,775,521,775,1296
ENTRE RIOS,consulta externa,nuevas en personas de 15 a 59 anos,2006-08-01,275,405,275,405,680
ESCARA,consulta externa,nuevas en personas de 15 a 59 anos,2006-08-01,8,2,8,2,10
ESMERALDA,consulta externa,nuevas en personas de 15 a 59 anos,2006-08-01,5,8,5,8,13
EUCALIPTUS,consulta externa,nuevas en personas de 15 a 59 anos,2006-08-01,55,115,55,115,170
EUREKA (SANTOS MERCADO),consulta externa,nuevas en personas de 15 a 59 anos,2006-08-01,82,85,82,85,167
EXALTACION,consulta externa,nuevas en personas de 15 a 59 anos,2006-08-01,25,21,25,21,46
FERNANDEZ ALONSO,consulta externa,nuevas en personas de 15 a 59 anos,2006-08-01,132,360,132,360,492
FILADELFIA,consulta externa,nuevas en personas de 15 a 59 anos,2006-08-01,59,132,59,132,191
GENERAL SAAVEDRA,consulta externa,nuevas en personas de 15 a 59 anos,2006-08-01,186,288,186,288,474
GRAL. J.J. PEREZ (CHARAZANI),consulta externa,nuevas en personas de 15 a 59 anos,2006-08-01,99,149,99,149,248
GUANAY,consulta externa,nuevas en personas de 15 a 59 anos,2006-08-01,124,287,124,287,411
GUAQUI,consulta externa,nuevas en personas de 15 a 59 anos,2006-08-01,46,83,46,83,129
GUAYARAMERIN,consulta externa,nuevas en personas de 15 a 59 anos,2006-08-01,507,1306,507,1306,1813
GUTIERREZ,consulta externa,nuevas en personas de 15 a 59 anos,2006-08-01,201,322,201,322,523
HUACARETA,consulta externa,nuevas en personas de 15 a 59 anos,2006-08-01,207,384,207,384,591
HUACAYA (VILLA DE HUACAYA),consulta externa,nuevas en personas de 15 a 59 anos,2006-08-01,36,118,36,118,154
HUACHACALLA,consulta externa,nuevas en personas de 15 a 59 anos,2006-08-01,53,33,53,33,86
HUANUNI,consulta externa,nuevas en personas de 15 a 59 anos,2006-08-01,616,945,616,945,1561
HUARACAJE,consulta externa,nuevas en personas de 15 a 59 anos,2006-08-01,39,104,39,104,143
HUAYLLAMARCA,consulta externa,nuevas en personas de 15 a 59 anos,2006-08-01,62,96,62,96,158
ICHOCA,consulta externa,nuevas en personas de 15 a 59 anos,2006-08-01,62,96,62,96,158
ICLA,consulta externa,nuevas en personas de 15 a 59 anos,2006-08-01,139,370,139,370,509
INCAHUASI,consulta externa,nuevas en personas de 15 a 59 anos,2006-08-01,281,936,281,936,1217
INGAVI (HUMAITA),consulta externa,nuevas en personas de 15 a 59 anos,2006-08-01,38,60,38,60,98
INQUISIVI,consulta externa,nuevas en personas de 15 a 59 anos,2006-08-01,106,226,106,226,332
IRUPANA (VILLA DE LANZA),consulta externa,nuevas en personas de 15 a 59 anos,2006-08-01,195,385,195,385,580
IXIAMAS,consulta externa,nuevas en personas de 15 a 59 anos,2006-08-01,200,358,200,358,558
JESUS DE MACHACA,consulta externa,nuevas en personas de 15 a 59 anos,2006-08-01,135,420,135,420,555
LA ASUNTA,consulta externa,nuevas en personas de 15 a 59 anos,2006-08-01,256,399,256,399,655
LA GUARDIA,consulta externa,nuevas en personas de 15 a 59 anos,2006-08-01,252,754,252,754,1006
LA PAZ,consulta externa,nuevas en personas de 15 a 59 anos,2006-08-01,21963,37512,21963,37512,59475
LA RIVERA,consulta externa,nuevas en personas de 15 a 59 anos,2006-08-01,5,7,5,7,12
LAGUNILLAS,consulta externa,nuevas en personas de 15 a 59 anos,2006-08-01,145,219,145,219,364
LAJA,consulta externa,nuevas en personas de 15 a 59 anos,2006-08-01,91,186,91,186,277
LAS CARRERAS,consulta externa,nuevas en personas de 15 a 59 anos,2006-08-01,89,230,89,230,319
LICOMA PAMPA,consulta externa,nuevas en personas de 15 a 59 anos,2006-08-01,64,72,64,72,136
LLALLAGUA,consulta externa,nuevas en personas de 15 a 59 anos,2006-08-01,651,1294,651,1294,1945
LLICA,consulta externa,nuevas en personas de 15 a 59 anos,2006-08-01,128,184,128,184,312
LORETO,consulta externa,nuevas en personas de 15 a 59 anos,2006-08-01,21,49,21,49,70
LURIBAY,consulta externa,nuevas en personas de 15 a 59 anos,2006-08-01,191,262,191,262,453
MACHACAMARCA,consulta externa,nuevas en personas de 15 a 59 anos,2006-08-01,42,77,42,77,119
MACHARETI,consulta externa,nuevas en personas de 15 a 59 anos,2006-08-01,162,362,162,362,524
MAGDALENA,consulta externa,nuevas en personas de 15 a 59 anos,2006-08-01,134,283,134,283,417
MAIRANA,consulta externa,nuevas en personas de 15 a 59 anos,2006-08-01,145,382,145,382,527
MALLA,consulta externa,nuevas en personas de 15 a 59 anos,2006-08-01,57,131,57,131,188
MAPIRI,consulta externa,nuevas en personas de 15 a 59 anos,2006-08-01,182,332,182,332,514
MECAPACA,consulta externa,nuevas en personas de 15 a 59 anos,2006-08-01,191,286,191,286,477
MINEROS,consulta externa,nuevas en personas de 15 a 59 anos,2006-08-01,126,399,126,399,525
MIZQUE,consulta externa,nuevas en personas de 15 a 59 anos,2006-08-01,168,240,168,240,408
MOCOMOCO,consulta externa,nuevas en personas de 15 a 59 anos,2006-08-01,233,335,233,335,568
MOJINETE,consulta externa,nuevas en personas de 15 a 59 anos,2006-08-01,19,58,19,58,77
MOJOCOYA,consulta externa,nuevas en personas de 15 a 59 anos,2006-08-01,150,377,150,377,527
MONTEAGUDO,consulta externa,nuevas en personas de 15 a 59 anos,2006-08-01,1079,1926,1079,1926,3005
MONTERO,consulta externa,nuevas en personas de 15 a 59 anos,2006-08-01,1250,2747,1250,2747,3997
MORO MORO,consulta externa,nuevas en personas de 15 a 59 anos,2006-08-01,30,90,30,90,120
MOROCHATA,consulta externa,nuevas en personas de 15 a 59 anos,2006-08-01,79,155,79,155,234
NUEVO MANOA (NUEVA ESPERANZA),consulta externa,nuevas en personas de 15 a 59 anos,2006-08-01,12,6,12,6,18
OCURI,consulta externa,nuevas en personas de 15 a 59 anos,2006-08-01,266,471,266,471,737
OKINAWA,consulta externa,nuevas en personas de 15 a 59 anos,2006-08-01,303,620,303,620,923
OMEREQUE,consulta externa,nuevas en personas de 15 a 59 anos,2006-08-01,52,172,52,172,224
ORURO,consulta externa,nuevas en personas de 15 a 59 anos,2006-08-01,7277,11633,7277,11633,18910
PADCAYA,consulta externa,nuevas en personas de 15 a 59 anos,2006-08-01,1516,754,1516,754,2270
PADILLA,consulta externa,nuevas en personas de 15 a 59 anos,2006-08-01,298,796,298,796,1094
PAILON,consulta externa,nuevas en personas de 15 a 59 anos,2006-08-01,170,177,170,177,347
PALCA,consulta externa,nuevas en personas de 15 a 59 anos,2006-08-01,144,157,144,157,301
PALOS BLANCOS,consulta externa,nuevas en personas de 15 a 59 anos,2006-08-01,488,484,488,484,972
PAMPA AULLAGAS,consulta externa,nuevas en personas de 15 a 59 anos,2006-08-01,21,40,21,40,61
PAMPA GRANDE,consulta externa,nuevas en personas de 15 a 59 anos,2006-08-01,184,266,184,266,450
PAPEL PAMPA,consulta externa,nuevas en personas de 15 a 59 anos,2006-08-01,60,71,60,71,131
PASORAPA,consulta externa,nuevas en personas de 15 a 59 anos,2006-08-01,39,224,39,224,263
PATACAMAYA,consulta externa,nuevas en personas de 15 a 59 anos,2006-08-01,108,176,108,176,284
PAZÑA,consulta externa,nuevas en personas de 15 a 59 anos,2006-08-01,151,189,151,189,340
PELECHUCO,consulta externa,nuevas en personas de 15 a 59 anos,2006-08-01,118,124,118,124,242
POCOATA,consulta externa,nuevas en personas de 15 a 59 anos,2006-08-01,253,372,253,372,625
POCONA,consulta externa,nuevas en personas de 15 a 59 anos,2006-08-01,75,132,75,132,207
POJO (CBBA),consulta externa,nuevas en personas de 15 a 59 anos,2006-08-01,30,62,30,62,92
POOPO,consulta externa,nuevas en personas de 15 a 59 anos,2006-08-01,76,91,76,91,167
PORCO,consulta externa,nuevas en personas de 15 a 59 anos,2006-08-01,88,177,88,177,265
POROMA,consulta externa,nuevas en personas de 15 a 59 anos,2006-08-01,340,762,340,762,1102
PORONGO,consulta externa,nuevas en personas de 15 a 59 anos,2006-08-01,129,272,129,272,401
PORTACHUELO,consulta externa,nuevas en personas de 15 a 59 anos,2006-08-01,243,663,243,663,906
PORVENIR,consulta externa,nuevas en personas de 15 a 59 anos,2006-08-01,129,116,129,116,245
POSTRER VALLE,consulta externa,nuevas en personas de 15 a 59 anos,2006-08-01,52,84,52,84,136
POTOSI,consulta externa,nuevas en personas de 15 a 59 anos,2006-08-01,13664,7254,13664,7254,20918
PRESTO,consulta externa,nuevas en personas de 15 a 59 anos,2006-08-01,174,338,174,338,512
PUCARA,consulta externa,nuevas en personas de 15 a 59 anos,2006-08-01,93,154,93,154,247
PUCARANI,consulta externa,nuevas en personas de 15 a 59 anos,2006-08-01,172,277,172,277,449
PUERTO ACOSTA,consulta externa,nuevas en personas de 15 a 59 anos,2006-08-01,400,492,400,492,892
PUERTO CARABUCO,consulta externa,nuevas en personas de 15 a 59 anos,2006-08-01,201,325,201,325,526
PUERTO GONZALO MORENO,consulta externa,nuevas en personas de 15 a 59 anos,2006-08-01,58,130,58,130,188
PUERTO PEREZ,consulta externa,nuevas en personas de 15 a 59 anos,2006-08-01,67,81,67,81,148
PUERTO QUIJARRO,consulta externa,nuevas en personas de 15 a 59 anos,2006-08-01,401,403,401,403,804
PUERTO RICO,consulta externa,nuevas en personas de 15 a 59 anos,2006-08-01,190,216,190,216,406
PUERTO SILES,consulta externa,nuevas en personas de 15 a 59 anos,2006-08-01,3,18,3,18,21
PUERTO SUAREZ,consulta externa,nuevas en personas de 15 a 59 anos,2006-08-01,200,472,200,472,672
PUERTO VILLARROEL,consulta externa,nuevas en personas de 15 a 59 anos,2006-08-01,516,828,516,828,1344
PUNA,consulta externa,nuevas en personas de 15 a 59 anos,2006-08-01,466,884,466,884,1350
PUNATA,consulta externa,nuevas en personas de 15 a 59 anos,2006-08-01,241,549,241,549,790
QUIABAYA,consulta externa,nuevas en personas de 15 a 59 anos,2006-08-01,32,77,32,77,109
QUILLACOLLO,consulta externa,nuevas en personas de 15 a 59 anos,2006-08-01,197,607,197,607,804
QUIME,consulta externa,nuevas en personas de 15 a 59 anos,2006-08-01,103,89,103,89,192
QUIRUSILLAS,consulta externa,nuevas en personas de 15 a 59 anos,2006-08-01,17,44,17,44,61
RAVELO,consulta externa,nuevas en personas de 15 a 59 anos,2006-08-01,149,296,149,296,445
REYES,consulta externa,nuevas en personas de 15 a 59 anos,2006-08-01,170,288,170,288,458
RIBERALTA,consulta externa,nuevas en personas de 15 a 59 anos,2006-08-01,630,1678,630,1678,2308
ROBORE,consulta externa,nuevas en personas de 15 a 59 anos,2006-08-01,312,677,312,677,989
RURRENABAQUE,consulta externa,nuevas en personas de 15 a 59 anos,2006-08-01,212,348,212,348,560
SABAYA,consulta externa,nuevas en personas de 15 a 59 anos,2006-08-01,77,127,77,127,204
SACABA,consulta externa,nuevas en personas de 15 a 59 anos,2006-08-01,595,1832,595,1832,2427
SACABAMBA,consulta externa,nuevas en personas de 15 a 59 anos,2006-08-01,46,48,46,48,94
SACACA,consulta externa,nuevas en personas de 15 a 59 anos,2006-08-01,299,563,299,563,862
SAIPINA,consulta externa,nuevas en personas de 15 a 59 anos,2006-08-01,29,42,29,42,71
SALINAS DE GARCI MENDOZA,consulta externa,nuevas en personas de 15 a 59 anos,2006-08-01,135,252,135,252,387
SAMAIPATA,consulta externa,nuevas en personas de 15 a 59 anos,2006-08-01,164,222,164,222,386
SAN AGUSTIN,consulta externa,nuevas en personas de 15 a 59 anos,2006-08-01,72,131,72,131,203
SAN ANDRES,consulta externa,nuevas en personas de 15 a 59 anos,2006-08-01,77,262,77,262,339
SAN ANDRES DE MACHACA,consulta externa,nuevas en personas de 15 a 59 anos,2006-08-01,46,133,46,133,179
SAN ANTONIO DE ESMORUCO,consulta externa,nuevas en personas de 15 a 59 anos,2006-08-01,45,66,45,66,111
SAN ANTONIO DE LOMERIO,consulta externa,nuevas en personas de 15 a 59 anos,2006-08-01,45,45,45,45,90
SAN BENITO,consulta externa,nuevas en personas de 15 a 59 anos,2006-08-01,160,323,160,323,483
SAN BORJA,consulta externa,nuevas en personas de 15 a 59 anos,2006-08-01,196,473,196,473,669
SAN BUENA VENTURA,consulta externa,nuevas en personas de 15 a 59 anos,2006-08-01,230,515,230,515,745
SAN CARLOS,consulta externa,nuevas en personas de 15 a 59 anos,2006-08-01,295,729,295,729,1024
SAN IGNACIO,consulta externa,nuevas en personas de 15 a 59 anos,2006-08-01,395,756,395,756,1151
SAN IGNACIO DE VELASCO,consulta externa,nuevas en personas de 15 a 59 anos,2006-08-01,690,1642,690,1642,2332
SAN JAVIER(BNI),consulta externa,nuevas en personas de 15 a 59 anos,2006-08-01,18,118,18,118,136
SAN JAVIER(STC),consulta externa,nuevas en personas de 15 a 59 anos,2006-08-01,95,236,95,236,331
SAN JOAQUIN,consulta externa,nuevas en personas de 15 a 59 anos,2006-08-01,181,357,181,357,538
SAN JOSE DE CHIQUITOS,consulta externa,nuevas en personas de 15 a 59 anos,2006-08-01,220,484,220,484,704
SAN JUAN DE YAPACANI,consulta externa,nuevas en personas de 15 a 59 anos,2006-08-01,204,235,204,235,439
SAN JULIAN,consulta externa,nuevas en personas de 15 a 59 anos,2006-08-01,1424,1780,1424,1780,3204
SAN LORENZO(PND),consulta externa,nuevas en personas de 15 a 59 anos,2006-08-01,37,119,37,119,156
SAN LORENZO(TJA),consulta externa,nuevas en personas de 15 a 59 anos,2006-08-01,200,579,200,579,779
SAN LUCAS,consulta externa,nuevas en personas de 15 a 59 anos,2006-08-01,540,1224,540,1224,1764
SAN MATIAS,consulta externa,nuevas en personas de 15 a 59 anos,2006-08-01,158,207,158,207,365
SAN MIGUEL DE VELASCO,consulta externa,nuevas en personas de 15 a 59 anos,2006-08-01,78,211,78,211,289
SAN PABLO DE LIPEZ,consulta externa,nuevas en personas de 15 a 59 anos,2006-08-01,89,170,89,170,259
SAN PEDRO,consulta externa,nuevas en personas de 15 a 59 anos,2006-08-01,359,585,359,585,944
SAN PEDRO DE BUENA VISTA,consulta externa,nuevas en personas de 15 a 59 anos,2006-08-01,191,372,191,372,563
SAN PEDRO DE CURAHUARA,consulta externa,nuevas en personas de 15 a 59 anos,2006-08-01,56,63,56,63,119
SAN PEDRO DE QUEMES,consulta externa,nuevas en personas de 15 a 59 anos,2006-08-01,2,5,2,5,7
SAN PEDRO DE TIQUINA,consulta externa,nuevas en personas de 15 a 59 anos,2006-08-01,45,76,45,76,121
SAN PEDRO(PND),consulta externa,nuevas en personas de 15 a 59 anos,2006-08-01,26,84,26,84,110
SAN RAFAEL,consulta externa,nuevas en personas de 15 a 59 anos,2006-08-01,105,142,105,142,247
SAN RAMON,consulta externa,nuevas en personas de 15 a 59 anos,2006-08-01,58,164,58,164,222
SAN RAMON,consulta externa,nuevas en personas de 15 a 59 anos,2006-08-01,246,439,246,439,685
SANTA ANA,consulta externa,nuevas en personas de 15 a 59 anos,2006-08-01,159,356,159,356,515
SANTA CRUZ DE LA SIERRA,consulta externa,nuevas en personas de 15 a 59 anos,2006-08-01,15649,30774,15649,30774,46423
SANTA ROSA,consulta externa,nuevas en personas de 15 a 59 anos,2006-08-01,61,202,61,202,263
SANTA ROSA DEL SARA,consulta externa,nuevas en personas de 15 a 59 anos,2006-08-01,212,448,212,448,660
SANTIAGO DE CALLAPA,consulta externa,nuevas en personas de 15 a 59 anos,2006-08-01,25,33,25,33,58
SANTIAGO DE HUARI,consulta externa,nuevas en personas de 15 a 59 anos,2006-08-01,70,195,70,195,265
SANTIAGO DE MACHACA,consulta externa,nuevas en personas de 15 a 59 anos,2006-08-01,11,39,11,39,50
SANTIVAÑES,consulta externa,nuevas en personas de 15 a 59 anos,2006-08-01,97,195,97,195,292
SANTUARIO DE QUILLACAS,consulta externa,nuevas en personas de 15 a 59 anos,2006-08-01,30,37,30,37,67
SAPAHAQUI,consulta externa,nuevas en personas de 15 a 59 anos,2006-08-01,127,157,127,157,284
SENA,consulta externa,nuevas en personas de 15 a 59 anos,2006-08-01,58,112,58,112,170
SICA SICA (VILLA AROMA),consulta externa,nuevas en personas de 15 a 59 anos,2006-08-01,108,154,108,154,262
SICAYA,consulta externa,nuevas en personas de 15 a 59 anos,2006-08-01,17,35,17,35,52
SIPE SIPE,consulta externa,nuevas en personas de 15 a 59 anos,2006-08-01,84,412,84,412,496
SOPACHUY,consulta externa,nuevas en personas de 15 a 59 anos,2006-08-01,103,312,103,312,415
SORACACHI,consulta externa,nuevas en personas de 15 a 59 anos,2006-08-01,50,82,50,82,132
SORATA,consulta externa,nuevas en personas de 15 a 59 anos,2006-08-01,177,266,177,266,443
SUCRE,consulta externa,nuevas en personas de 15 a 59 anos,2006-08-01,7836,15944,7836,15944,23780
TACACHI,consulta externa,nuevas en personas de 15 a 59 anos,2006-08-01,8,28,8,28,36
TACACOMA,consulta externa,nuevas en personas de 15 a 59 anos,2006-08-01,71,88,71,88,159
TACOBAMBA,consulta externa,nuevas en personas de 15 a 59 anos,2006-08-01,88,169,88,169,257
TACOPAYA,consulta externa,nuevas en personas de 15 a 59 anos,2006-08-01,68,145,68,145,213
TAHUA,consulta externa,nuevas en personas de 15 a 59 anos,2006-08-01,23,38,23,38,61
TAPACARI,consulta externa,nuevas en personas de 15 a 59 anos,2006-08-01,233,446,233,446,679
TARABUCO,consulta externa,nuevas en personas de 15 a 59 anos,2006-08-01,306,488,306,488,794
TARACO,consulta externa,nuevas en personas de 15 a 59 anos,2006-08-01,30,51,30,51,81
TARATA,consulta externa,nuevas en personas de 15 a 59 anos,2006-08-01,48,109,48,109,157
TARIJA,consulta externa,nuevas en personas de 15 a 59 anos,2006-08-01,2512,5826,2512,5826,8338
TARVITA,consulta externa,nuevas en personas de 15 a 59 anos,2006-08-01,246,674,246,674,920
TEOPONTE,consulta externa,nuevas en personas de 15 a 59 anos,2006-08-01,104,196,104,196,300
TIAWANACU,consulta externa,nuevas en personas de 15 a 59 anos,2006-08-01,66,137,66,137,203
TINGUIPAYA,consulta externa,nuevas en personas de 15 a 59 anos,2006-08-01,270,524,270,524,794
TIPUANI,consulta externa,nuevas en personas de 15 a 59 anos,2006-08-01,87,171,87,171,258
TIQUIPAYA,consulta externa,nuevas en personas de 15 a 59 anos,2006-08-01,129,590,129,590,719
TIRAQUE (CBBA),consulta externa,nuevas en personas de 15 a 59 anos,2006-08-01,333,622,333,622,955
TITO YUPANQUI (PARQUIPUJIO),consulta externa,nuevas en personas de 15 a 59 anos,2006-08-01,17,78,17,78,95
TOCO,consulta externa,nuevas en personas de 15 a 59 anos,2006-08-01,16,42,16,42,58
TOLATA,consulta externa,nuevas en personas de 15 a 59 anos,2006-08-01,21,76,21,76,97
TOLEDO,consulta externa,nuevas en personas de 15 a 59 anos,2006-08-01,183,199,183,199,382
TOMAVE,consulta externa,nuevas en personas de 15 a 59 anos,2006-08-01,175,381,175,381,556
TOMINA,consulta externa,nuevas en personas de 15 a 59 anos,2006-08-01,215,395,215,395,610
TORO TORO,consulta externa,nuevas en personas de 15 a 59 anos,2006-08-01,135,272,135,272,407
TOTORA(CBBA),consulta externa,nuevas en personas de 15 a 59 anos,2006-08-01,85,96,85,96,181
TOTORA(ORR),consulta externa,nuevas en personas de 15 a 59 anos,2006-08-01,73,90,73,90,163
TRIGAL,consulta externa,nuevas en personas de 15 a 59 anos,2006-08-01,64,90,64,90,154
TRINIDAD,consulta externa,nuevas en personas de 15 a 59 anos,2006-08-01,935,2295,935,2295,3230
TUPIZA,consulta externa,nuevas en personas de 15 a 59 anos,2006-08-01,1477,2733,1477,2733,4210
TURCO,consulta externa,nuevas en personas de 15 a 59 anos,2006-08-01,81,127,81,127,208
UMALA,consulta externa,nuevas en personas de 15 a 59 anos,2006-08-01,34,40,34,40,74
UNCIA,consulta externa,nuevas en personas de 15 a 59 anos,2006-08-01,410,952,410,952,1362
URIONDO (A. CONCEPCION),consulta externa,nuevas en personas de 15 a 59 anos,2006-08-01,270,537,270,537,807
URUBICHA,consulta externa,nuevas en personas de 15 a 59 anos,2006-08-01,53,86,53,86,139
UYUNI,consulta externa,nuevas en personas de 15 a 59 anos,2006-08-01,1029,1024,1029,1024,2053
VACAS,consulta externa,nuevas en personas de 15 a 59 anos,2006-08-01,97,242,97,242,339
VALLEGRANDE,consulta externa,nuevas en personas de 15 a 59 anos,2006-08-01,743,1257,743,1257,2000
VIACHA,consulta externa,nuevas en personas de 15 a 59 anos,2006-08-01,533,942,533,942,1475
VILA VILA,consulta externa,nuevas en personas de 15 a 59 anos,2006-08-01,12,30,12,30,42
VILLA MONTES,consulta externa,nuevas en personas de 15 a 59 anos,2006-08-01,432,654,432,654,1086
VILLA NUEVA (LOMA ALTA),consulta externa,nuevas en personas de 15 a 59 anos,2006-08-01,105,119,105,119,224
VILLA RIVERO,consulta externa,nuevas en personas de 15 a 59 anos,2006-08-01,43,104,43,104,147
VILLA SERRANO,consulta externa,nuevas en personas de 15 a 59 anos,2006-08-01,187,426,187,426,613
VILLA TUNARI,consulta externa,nuevas en personas de 15 a 59 anos,2006-08-01,1009,1876,1009,1876,2885
VILLA VACA GUZMAN (MUYUPAMPA),consulta externa,nuevas en personas de 15 a 59 anos,2006-08-01,183,383,183,383,566
VILLAZON,consulta externa,nuevas en personas de 15 a 59 anos,2006-08-01,1107,2360,1107,2360,3467
VINTO,consulta externa,nuevas en personas de 15 a 59 anos,2006-08-01,121,288,121,288,409
VITICHI,consulta externa,nuevas en personas de 15 a 59 anos,2006-08-01,275,480,275,480,755
WALDO BALLIVIAN,consulta externa,nuevas en personas de 15 a 59 anos,2006-08-01,14,44,14,44,58
WARNES,consulta externa,nuevas en personas de 15 a 59 anos,2006-08-01,404,723,404,723,1127
YACO,consulta externa,nuevas en personas de 15 a 59 anos,2006-08-01,42,88,42,88,130
YACUIBA,consulta externa,nuevas en personas de 15 a 59 anos,2006-08-01,1867,3973,1867,3973,5840
YAMPARAEZ,consulta externa,nuevas en personas de 15 a 59 anos,2006-08-01,88,201,88,201,289
YANACACHI,consulta externa,nuevas en personas de 15 a 59 anos,2006-08-01,159,124,159,124,283
YAPACANI,consulta externa,nuevas en personas de 15 a 59 anos,2006-08-01,1339,2359,1339,2359,3698
YOCALLA,consulta externa,nuevas en personas de 15 a 59 anos,2006-08-01,191,279,191,279,470
YOTALA,consulta externa,nuevas en personas de 15 a 59 anos,2006-08-01,92,150,92,150,242
YUNCHARA,consulta externa,nuevas en personas de 15 a 59 anos,2006-08-01,201,350,201,350,551
ZUDAÑEZ,consulta externa,nuevas en personas de 15 a 59 anos,2006-08-01,224,531,224,531,755
ACACIO,consulta externa,nuevas en personas de 15 a 59 anos,2006-09-01,108,176,108,176,284
ACHACACHI,consulta externa,nuevas en personas de 15 a 59 anos,2006-09-01,386,621,386,621,1007
ACHOCALLA,consulta externa,nuevas en personas de 15 a 59 anos,2006-09-01,35,72,35,72,107
AIQUILE,consulta externa,nuevas en personas de 15 a 59 anos,2006-09-01,188,485,188,485,673
ALCALA,consulta externa,nuevas en personas de 15 a 59 anos,2006-09-01,84,296,84,296,380
ANCORAIMES,consulta externa,nuevas en personas de 15 a 59 anos,2006-09-01,91,179,91,179,270
ANDAMARCA,consulta externa,nuevas en personas de 15 a 59 anos,2006-09-01,59,110,59,110,169
ANTEQUERA,consulta externa,nuevas en personas de 15 a 59 anos,2006-09-01,12,26,12,26,38
ANZALDO,consulta externa,nuevas en personas de 15 a 59 anos,2006-09-01,38,90,38,90,128
APOLO,consulta externa,nuevas en personas de 15 a 59 anos,2006-09-01,187,332,187,332,519
ARAMPAMPA,consulta externa,nuevas en personas de 15 a 59 anos,2006-09-01,47,106,47,106,153
ARANI,consulta externa,nuevas en personas de 15 a 59 anos,2006-09-01,24,51,24,51,75
ARBIETO,consulta externa,nuevas en personas de 15 a 59 anos,2006-09-01,36,99,36,99,135
ARQUE,consulta externa,nuevas en personas de 15 a 59 anos,2006-09-01,103,157,103,157,260
ASCENCION DE GUARAYOS,consulta externa,nuevas en personas de 15 a 59 anos,2006-09-01,204,328,204,328,532
ATOCHA,consulta externa,nuevas en personas de 15 a 59 anos,2006-09-01,711,897,711,897,1608
AUCAPATA,consulta externa,nuevas en personas de 15 a 59 anos,2006-09-01,79,98,79,98,177
AYATA,consulta externa,nuevas en personas de 15 a 59 anos,2006-09-01,76,144,76,144,220
AYO AYO,consulta externa,nuevas en personas de 15 a 59 anos,2006-09-01,50,84,50,84,134
AYOPAYA (V. DE INDEPENDENCIA),consulta externa,nuevas en personas de 15 a 59 anos,2006-09-01,196,452,196,452,648
AZURDUY,consulta externa,nuevas en personas de 15 a 59 anos,2006-09-01,332,603,332,603,935
BATALLAS,consulta externa,nuevas en personas de 15 a 59 anos,2006-09-01,104,155,104,155,259
BAURES,consulta externa,nuevas en personas de 15 a 59 anos,2006-09-01,39,71,39,71,110
BELEN DE ANDAMARCA,consulta externa,nuevas en personas de 15 a 59 anos,2006-09-01,16,32,16,32,48
BELEN DE URMIRI,consulta externa,nuevas en personas de 15 a 59 anos,2006-09-01,36,106,36,106,142
BELLA FLOR,consulta externa,nuevas en personas de 15 a 59 anos,2006-09-01,85,54,85,54,139
BERMEJO,consulta externa,nuevas en personas de 15 a 59 anos,2006-09-01,1144,1596,1144,1596,2740
BETANZOS,consulta externa,nuevas en personas de 15 a 59 anos,2006-09-01,379,944,379,944,1323
BOLIVAR,consulta externa,nuevas en personas de 15 a 59 anos,2006-09-01,79,156,79,156,235
BOLPEBRA,consulta externa,nuevas en personas de 15 a 59 anos,2006-09-01,33,57,33,57,90
BOYUIBE,consulta externa,nuevas en personas de 15 a 59 anos,2006-09-01,114,190,114,190,304
BUENA VISTA,consulta externa,nuevas en personas de 15 a 59 anos,2006-09-01,189,273,189,273,462
CABEZAS,consulta externa,nuevas en personas de 15 a 59 anos,2006-09-01,303,400,303,400,703
CAIROMA,consulta externa,nuevas en personas de 15 a 59 anos,2006-09-01,138,210,138,210,348
"CAIZA ""D""",consulta externa,nuevas en personas de 15 a 59 anos,2006-09-01,177,289,177,289,466
CAJUATA,consulta externa,nuevas en personas de 15 a 59 anos,2006-09-01,79,153,79,153,232
CALACOTO,consulta externa,nuevas en personas de 15 a 59 anos,2006-09-01,53,87,53,87,140
CALAMARCA,consulta externa,nuevas en personas de 15 a 59 anos,2006-09-01,75,130,75,130,205
CAMARGO,consulta externa,nuevas en personas de 15 a 59 anos,2006-09-01,361,917,361,917,1278
CAMATAQUI (C. VILLA ABECIA),consulta externa,nuevas en personas de 15 a 59 anos,2006-09-01,106,164,106,164,270
CAMIRI,consulta externa,nuevas en personas de 15 a 59 anos,2006-09-01,765,2148,765,2148,2913
CAPINOTA,consulta externa,nuevas en personas de 15 a 59 anos,2006-09-01,211,275,211,275,486
CAQUIAVIRI,consulta externa,nuevas en personas de 15 a 59 anos,2006-09-01,77,130,77,130,207
CARACOLLO,consulta externa,nuevas en personas de 15 a 59 anos,2006-09-01,99,179,99,179,278
CARANAVI,consulta externa,nuevas en personas de 15 a 59 anos,2006-09-01,944,1662,944,1662,2606
CARANGAS,consulta externa,nuevas en personas de 15 a 59 anos,2006-09-01,0,2,0,2,2
CARAPARI,consulta externa,nuevas en personas de 15 a 59 anos,2006-09-01,216,315,216,315,531
CARIPUYO,consulta externa,nuevas en personas de 15 a 59 anos,2006-09-01,93,164,93,164,257
CARMEN RIVERO TORREZ,consulta externa,nuevas en personas de 15 a 59 anos,2006-09-01,22,81,22,81,103
CATACORA,consulta externa,nuevas en personas de 15 a 59 anos,2006-09-01,6,10,6,10,16
CHACARILLA,consulta externa,nuevas en personas de 15 a 59 anos,2006-09-01,8,15,8,15,23
CHALLAPATA,consulta externa,nuevas en personas de 15 a 59 anos,2006-09-01,225,314,225,314,539
CHAQUI,consulta externa,nuevas en personas de 15 a 59 anos,2006-09-01,81,140,81,140,221
CHARAGUA,consulta externa,nuevas en personas de 15 a 59 anos,2006-09-01,175,378,175,378,553
CHARAÑA,consulta externa,nuevas en personas de 15 a 59 anos,2006-09-01,45,28,45,28,73
CHAYANTA,consulta externa,nuevas en personas de 15 a 59 anos,2006-09-01,202,374,202,374,576
CHIMORE,consulta externa,nuevas en personas de 15 a 59 anos,2006-09-01,115,182,115,182,297
CHIPAYA,consulta externa,nuevas en personas de 15 a 59 anos,2006-09-01,8,18,8,18,26
CHOQUE COTA,consulta externa,nuevas en personas de 15 a 59 anos,2006-09-01,53,104,53,104,157
CHULUMANI (V. DE LA LIBERTAD),consulta externa,nuevas en personas de 15 a 59 anos,2006-09-01,173,239,173,239,412
CHUMA,consulta externa,nuevas en personas de 15 a 59 anos,2006-09-01,199,324,199,324,523
CLIZA,consulta externa,nuevas en personas de 15 a 59 anos,2006-09-01,64,103,64,103,167
COBIJA,consulta externa,nuevas en personas de 15 a 59 anos,2006-09-01,1574,1395,1574,1395,2969
COCHABAMBA,consulta externa,nuevas en personas de 15 a 59 anos,2006-09-01,11279,23025,11279,23025,34304
COIPASA,consulta externa,nuevas en personas de 15 a 59 anos,2006-09-01,14,19,14,19,33
COLCAPIRHUA,consulta externa,nuevas en personas de 15 a 59 anos,2006-09-01,320,743,320,743,1063
"COLCHA ""K""",consulta externa,nuevas en personas de 15 a 59 anos,2006-09-01,188,307,188,307,495
COLLANA,consulta externa,nuevas en personas de 15 a 59 anos,2006-09-01,16,47,16,47,63
COLOMI,consulta externa,nuevas en personas de 15 a 59 anos,2006-09-01,158,314,158,314,472
COLPA BELGICA,consulta externa,nuevas en personas de 15 a 59 anos,2006-09-01,133,127,133,127,260
COLQUECHACA,consulta externa,nuevas en personas de 15 a 59 anos,2006-09-01,367,658,367,658,1025
COLQUENCHA,consulta externa,nuevas en personas de 15 a 59 anos,2006-09-01,77,163,77,163,240
COLQUIRI,consulta externa,nuevas en personas de 15 a 59 anos,2006-09-01,219,499,219,499,718
COMANCHE,consulta externa,nuevas en personas de 15 a 59 anos,2006-09-01,29,37,29,37,66
COMARAPA,consulta externa,nuevas en personas de 15 a 59 anos,2006-09-01,291,501,291,501,792
COMBAYA,consulta externa,nuevas en personas de 15 a 59 anos,2006-09-01,46,58,46,58,104
CONCEPCION,consulta externa,nuevas en personas de 15 a 59 anos,2006-09-01,46,62,46,62,108
COPACABANA,consulta externa,nuevas en personas de 15 a 59 anos,2006-09-01,82,168,82,168,250
CORIPATA,consulta externa,nuevas en personas de 15 a 59 anos,2006-09-01,123,173,123,173,296
CORO CORO,consulta externa,nuevas en personas de 15 a 59 anos,2006-09-01,98,173,98,173,271
COROICO,consulta externa,nuevas en personas de 15 a 59 anos,2006-09-01,302,376,302,376,678
CORQUE,consulta externa,nuevas en personas de 15 a 59 anos,2006-09-01,87,118,87,118,205
COTAGAITA,consulta externa,nuevas en personas de 15 a 59 anos,2006-09-01,604,1053,604,1053,1657
COTOCA,consulta externa,nuevas en personas de 15 a 59 anos,2006-09-01,124,535,124,535,659
CUATRO CAÑADAS,consulta externa,nuevas en personas de 15 a 59 anos,2006-09-01,202,457,202,457,659
CUCHUMUELA (V. G. VILLARROEL),consulta externa,nuevas en personas de 15 a 59 anos,2006-09-01,17,26,17,26,43
CUEVO,consulta externa,nuevas en personas de 15 a 59 anos,2006-09-01,91,101,91,101,192
CULPINA,consulta externa,nuevas en personas de 15 a 59 anos,2006-09-01,258,605,258,605,863
CURAHUARA DE CARANGAS,consulta externa,nuevas en personas de 15 a 59 anos,2006-09-01,100,255,100,255,355
CURVA,consulta externa,nuevas en personas de 15 a 59 anos,2006-09-01,20,65,20,65,85
DESAGUADERO,consulta externa,nuevas en personas de 15 a 59 anos,2006-09-01,31,71,31,71,102
EL ALTO,consulta externa,nuevas en personas de 15 a 59 anos,2006-09-01,5584,11095,5584,11095,16679
EL CHORO,consulta externa,nuevas en personas de 15 a 59 anos,2006-09-01,57,99,57,99,156
EL PUENTE(STC),consulta externa,nuevas en personas de 15 a 59 anos,2006-09-01,71,158,71,158,229
EL PUENTE(TJA),consulta externa,nuevas en personas de 15 a 59 anos,2006-09-01,150,249,150,249,399
EL TORNO,consulta externa,nuevas en personas de 15 a 59 anos,2006-09-01,523,755,523,755,1278
EL VILLAR,consulta externa,nuevas en personas de 15 a 59 anos,2006-09-01,132,236,132,236,368
ENTRE RIOS,consulta externa,nuevas en personas de 15 a 59 anos,2006-09-01,583,790,583,790,1373
ENTRE RIOS,consulta externa,nuevas en personas de 15 a 59 anos,2006-09-01,304,484,304,484,788
ESCARA,consulta externa,nuevas en personas de 15 a 59 anos,2006-09-01,8,10,8,10,18
ESMERALDA,consulta externa,nuevas en personas de 15 a 59 anos,2006-09-01,13,13,13,13,26
EUCALIPTUS,consulta externa,nuevas en personas de 15 a 59 anos,2006-09-01,53,140,53,140,193
EUREKA (SANTOS MERCADO),consulta externa,nuevas en personas de 15 a 59 anos,2006-09-01,17,49,17,49,66
EXALTACION,consulta externa,nuevas en personas de 15 a 59 anos,2006-09-01,42,121,42,121,163
FERNANDEZ ALONSO,consulta externa,nuevas en personas de 15 a 59 anos,2006-09-01,137,334,137,334,471
FILADELFIA,consulta externa,nuevas en personas de 15 a 59 anos,2006-09-01,109,157,109,157,266
GENERAL SAAVEDRA,consulta externa,nuevas en personas de 15 a 59 anos,2006-09-01,160,294,160,294,454
GRAL. J.J. PEREZ (CHARAZANI),consulta externa,nuevas en personas de 15 a 59 anos,2006-09-01,115,231,115,231,346
GUANAY,consulta externa,nuevas en personas de 15 a 59 anos,2006-09-01,203,368,203,368,571
GUAQUI,consulta externa,nuevas en personas de 15 a 59 anos,2006-09-01,36,92,36,92,128
GUAYARAMERIN,consulta externa,nuevas en personas de 15 a 59 anos,2006-09-01,651,1461,651,1461,2112
GUTIERREZ,consulta externa,nuevas en personas de 15 a 59 anos,2006-09-01,173,356,173,356,529
HUACARETA,consulta externa,nuevas en personas de 15 a 59 anos,2006-09-01,202,306,202,306,508
HUACAYA (VILLA DE HUACAYA),consulta externa,nuevas en personas de 15 a 59 anos,2006-09-01,32,99,32,99,131
HUACHACALLA,consulta externa,nuevas en personas de 15 a 59 anos,2006-09-01,224,115,224,115,339
HUANUNI,consulta externa,nuevas en personas de 15 a 59 anos,2006-09-01,525,785,525,785,1310
HUARACAJE,consulta externa,nuevas en personas de 15 a 59 anos,2006-09-01,26,35,26,35,61
HUAYLLAMARCA,consulta externa,nuevas en personas de 15 a 59 anos,2006-09-01,68,117,68,117,185
ICHOCA,consulta externa,nuevas en personas de 15 a 59 anos,2006-09-01,53,117,53,117,170
ICLA,consulta externa,nuevas en personas de 15 a 59 anos,2006-09-01,237,349,237,349,586
INCAHUASI,consulta externa,nuevas en personas de 15 a 59 anos,2006-09-01,204,670,204,670,874
INGAVI (HUMAITA),consulta externa,nuevas en personas de 15 a 59 anos,2006-09-01,16,12,16,12,28
INQUISIVI,consulta externa,nuevas en personas de 15 a 59 anos,2006-09-01,90,162,90,162,252
IRUPANA (VILLA DE LANZA),consulta externa,nuevas en personas de 15 a 59 anos,2006-09-01,240,451,240,451,691
IXIAMAS,consulta externa,nuevas en personas de 15 a 59 anos,2006-09-01,128,236,128,236,364
JESUS DE MACHACA,consulta externa,nuevas en personas de 15 a 59 anos,2006-09-01,118,312,118,312,430
LA ASUNTA,consulta externa,nuevas en personas de 15 a 59 anos,2006-09-01,279,453,279,453,732
LA GUARDIA,consulta externa,nuevas en personas de 15 a 59 anos,2006-09-01,221,678,221,678,899
LA PAZ,consulta externa,nuevas en personas de 15 a 59 anos,2006-09-01,20685,37408,20685,37408,58093
LA RIVERA,consulta externa,nuevas en personas de 15 a 59 anos,2006-09-01,8,2,8,2,10
LAGUNILLAS,consulta externa,nuevas en personas de 15 a 59 anos,2006-09-01,103,198,103,198,301
LAJA,consulta externa,nuevas en personas de 15 a 59 anos,2006-09-01,95,161,95,161,256
LAS CARRERAS,consulta externa,nuevas en personas de 15 a 59 anos,2006-09-01,50,196,50,196,246
LICOMA PAMPA,consulta externa,nuevas en personas de 15 a 59 anos,2006-09-01,46,73,46,73,119
LLALLAGUA,consulta externa,nuevas en personas de 15 a 59 anos,2006-09-01,524,1054,524,1054,1578
LLICA,consulta externa,nuevas en personas de 15 a 59 anos,2006-09-01,107,174,107,174,281
LORETO,consulta externa,nuevas en personas de 15 a 59 anos,2006-09-01,14,59,14,59,73
LURIBAY,consulta externa,nuevas en personas de 15 a 59 anos,2006-09-01,155,274,155,274,429
MACHACAMARCA,consulta externa,nuevas en personas de 15 a 59 anos,2006-09-01,13,24,13,24,37
MACHARETI,consulta externa,nuevas en personas de 15 a 59 anos,2006-09-01,233,547,233,547,780
MAGDALENA,consulta externa,nuevas en personas de 15 a 59 anos,2006-09-01,125,317,125,317,442
MAIRANA,consulta externa,nuevas en personas de 15 a 59 anos,2006-09-01,75,186,75,186,261
MALLA,consulta externa,nuevas en personas de 15 a 59 anos,2006-09-01,56,74,56,74,130
MAPIRI,consulta externa,nuevas en personas de 15 a 59 anos,2006-09-01,167,249,167,249,416
MECAPACA,consulta externa,nuevas en personas de 15 a 59 anos,2006-09-01,173,220,173,220,393
MINEROS,consulta externa,nuevas en personas de 15 a 59 anos,2006-09-01,112,318,112,318,430
MIZQUE,consulta externa,nuevas en personas de 15 a 59 anos,2006-09-01,144,264,144,264,408
MOCOMOCO,consulta externa,nuevas en personas de 15 a 59 anos,2006-09-01,171,224,171,224,395
MOJINETE,consulta externa,nuevas en personas de 15 a 59 anos,2006-09-01,15,42,15,42,57
MOJOCOYA,consulta externa,nuevas en personas de 15 a 59 anos,2006-09-01,119,342,119,342,461
MONTEAGUDO,consulta externa,nuevas en personas de 15 a 59 anos,2006-09-01,1225,1980,1225,1980,3205
MONTERO,consulta externa,nuevas en personas de 15 a 59 anos,2006-09-01,1198,2253,1198,2253,3451
MORO MORO,consulta externa,nuevas en personas de 15 a 59 anos,2006-09-01,54,121,54,121,175
MOROCHATA,consulta externa,nuevas en personas de 15 a 59 anos,2006-09-01,84,158,84,158,242
NACEBE (SANTA ROSA DEL ABUNA),consulta externa,nuevas en personas de 15 a 59 anos,2006-09-01,76,65,76,65,141
NUEVO MANOA (NUEVA ESPERANZA),consulta externa,nuevas en personas de 15 a 59 anos,2006-09-01,29,85,29,85,114
OCURI,consulta externa,nuevas en personas de 15 a 59 anos,2006-09-01,209,494,209,494,703
OKINAWA,consulta externa,nuevas en personas de 15 a 59 anos,2006-09-01,213,562,213,562,775
OMEREQUE,consulta externa,nuevas en personas de 15 a 59 anos,2006-09-01,48,138,48,138,186
ORURO,consulta externa,nuevas en personas de 15 a 59 anos,2006-09-01,6867,10726,6867,10726,17593
PADCAYA,consulta externa,nuevas en personas de 15 a 59 anos,2006-09-01,360,613,360,613,973
PADILLA,consulta externa,nuevas en personas de 15 a 59 anos,2006-09-01,261,586,261,586,847
PAILON,consulta externa,nuevas en personas de 15 a 59 anos,2006-09-01,128,139,128,139,267
PALCA,consulta externa,nuevas en personas de 15 a 59 anos,2006-09-01,119,160,119,160,279
PALOS BLANCOS,consulta externa,nuevas en personas de 15 a 59 anos,2006-09-01,402,505,402,505,907
PAMPA AULLAGAS,consulta externa,nuevas en personas de 15 a 59 anos,2006-09-01,9,27,9,27,36
PAMPA GRANDE,consulta externa,nuevas en personas de 15 a 59 anos,2006-09-01,108,177,108,177,285
PAPEL PAMPA,consulta externa,nuevas en personas de 15 a 59 anos,2006-09-01,45,66,45,66,111
PASORAPA,consulta externa,nuevas en personas de 15 a 59 anos,2006-09-01,26,46,26,46,72
PATACAMAYA,consulta externa,nuevas en personas de 15 a 59 anos,2006-09-01,108,181,108,181,289
PAZÑA,consulta externa,nuevas en personas de 15 a 59 anos,2006-09-01,92,165,92,165,257
PELECHUCO,consulta externa,nuevas en personas de 15 a 59 anos,2006-09-01,121,116,121,116,237
POCOATA,consulta externa,nuevas en personas de 15 a 59 anos,2006-09-01,257,427,257,427,684
POCONA,consulta externa,nuevas en personas de 15 a 59 anos,2006-09-01,96,159,96,159,255
POJO (CBBA),consulta externa,nuevas en personas de 15 a 59 anos,2006-09-01,56,141,56,141,197
POOPO,consulta externa,nuevas en personas de 15 a 59 anos,2006-09-01,40,81,40,81,121
PORCO,consulta externa,nuevas en personas de 15 a 59 anos,2006-09-01,93,138,93,138,231
POROMA,consulta externa,nuevas en personas de 15 a 59 anos,2006-09-01,360,744,360,744,1104
PORONGO,consulta externa,nuevas en personas de 15 a 59 anos,2006-09-01,148,223,148,223,371
PORTACHUELO,consulta externa,nuevas en personas de 15 a 59 anos,2006-09-01,169,561,169,561,730
PORVENIR,consulta externa,nuevas en personas de 15 a 59 anos,2006-09-01,98,101,98,101,199
POSTRER VALLE,consulta externa,nuevas en personas de 15 a 59 anos,2006-09-01,80,88,80,88,168
POTOSI,consulta externa,nuevas en personas de 15 a 59 anos,2006-09-01,11623,7355,11623,7355,18978
PRESTO,consulta externa,nuevas en personas de 15 a 59 anos,2006-09-01,88,252,88,252,340
PUCARA,consulta externa,nuevas en personas de 15 a 59 anos,2006-09-01,51,81,51,81,132
PUCARANI,consulta externa,nuevas en personas de 15 a 59 anos,2006-09-01,123,296,123,296,419
PUERTO ACOSTA,consulta externa,nuevas en personas de 15 a 59 anos,2006-09-01,367,274,367,274,641
PUERTO CARABUCO,consulta externa,nuevas en personas de 15 a 59 anos,2006-09-01,169,238,169,238,407
PUERTO GONZALO MORENO,consulta externa,nuevas en personas de 15 a 59 anos,2006-09-01,51,156,51,156,207
PUERTO PEREZ,consulta externa,nuevas en personas de 15 a 59 anos,2006-09-01,39,81,39,81,120
PUERTO QUIJARRO,consulta externa,nuevas en personas de 15 a 59 anos,2006-09-01,342,514,342,514,856
PUERTO RICO,consulta externa,nuevas en personas de 15 a 59 anos,2006-09-01,145,158,145,158,303
PUERTO SILES,consulta externa,nuevas en personas de 15 a 59 anos,2006-09-01,28,70,28,70,98
PUERTO SUAREZ,consulta externa,nuevas en personas de 15 a 59 anos,2006-09-01,320,560,320,560,880
PUERTO VILLARROEL,consulta externa,nuevas en personas de 15 a 59 anos,2006-09-01,537,818,537,818,1355
PUNA,consulta externa,nuevas en personas de 15 a 59 anos,2006-09-01,471,953,471,953,1424
PUNATA,consulta externa,nuevas en personas de 15 a 59 anos,2006-09-01,263,540,263,540,803
QUIABAYA,consulta externa,nuevas en personas de 15 a 59 anos,2006-09-01,42,91,42,91,133
QUILLACOLLO,consulta externa,nuevas en personas de 15 a 59 anos,2006-09-01,310,673,310,673,983
QUIME,consulta externa,nuevas en personas de 15 a 59 anos,2006-09-01,229,124,229,124,353
QUIRUSILLAS,consulta externa,nuevas en personas de 15 a 59 anos,2006-09-01,24,46,24,46,70
RAVELO,consulta externa,nuevas en personas de 15 a 59 anos,2006-09-01,113,304,113,304,417
REYES,consulta externa,nuevas en personas de 15 a 59 anos,2006-09-01,106,299,106,299,405
RIBERALTA,consulta externa,nuevas en personas de 15 a 59 anos,2006-09-01,3351,3172,3351,3172,6523
ROBORE,consulta externa,nuevas en personas de 15 a 59 anos,2006-09-01,229,558,229,558,787
RURRENABAQUE,consulta externa,nuevas en personas de 15 a 59 anos,2006-09-01,223,460,223,460,683
SABAYA,consulta externa,nuevas en personas de 15 a 59 anos,2006-09-01,64,101,64,101,165
SACABA,consulta externa,nuevas en personas de 15 a 59 anos,2006-09-01,559,1280,559,1280,1839
SACABAMBA,consulta externa,nuevas en personas de 15 a 59 anos,2006-09-01,32,37,32,37,69
SACACA,consulta externa,nuevas en personas de 15 a 59 anos,2006-09-01,222,532,222,532,754
SAIPINA,consulta externa,nuevas en personas de 15 a 59 anos,2006-09-01,94,113,94,113,207
SALINAS DE GARCI MENDOZA,consulta externa,nuevas en personas de 15 a 59 anos,2006-09-01,128,263,128,263,391
SAMAIPATA,consulta externa,nuevas en personas de 15 a 59 anos,2006-09-01,108,139,108,139,247
SAN AGUSTIN,consulta externa,nuevas en personas de 15 a 59 anos,2006-09-01,44,108,44,108,152
SAN ANDRES,consulta externa,nuevas en personas de 15 a 59 anos,2006-09-01,60,211,60,211,271
SAN ANDRES DE MACHACA,consulta externa,nuevas en personas de 15 a 59 anos,2006-09-01,57,125,57,125,182
SAN ANTONIO DE ESMORUCO,consulta externa,nuevas en personas de 15 a 59 anos,2006-09-01,43,95,43,95,138
SAN ANTONIO DE LOMERIO,consulta externa,nuevas en personas de 15 a 59 anos,2006-09-01,42,88,42,88,130
SAN BENITO,consulta externa,nuevas en personas de 15 a 59 anos,2006-09-01,60,159,60,159,219
SAN BORJA,consulta externa,nuevas en personas de 15 a 59 anos,2006-09-01,143,350,143,350,493
SAN BUENA VENTURA,consulta externa,nuevas en personas de 15 a 59 anos,2006-09-01,274,396,274,396,670
SAN CARLOS,consulta externa,nuevas en personas de 15 a 59 anos,2006-09-01,230,523,230,523,753
SAN IGNACIO,consulta externa,nuevas en personas de 15 a 59 anos,2006-09-01,335,607,335,607,942
SAN IGNACIO DE VELASCO,consulta externa,nuevas en personas de 15 a 59 anos,2006-09-01,651,1282,651,1282,1933
SAN JAVIER(BNI),consulta externa,nuevas en personas de 15 a 59 anos,2006-09-01,42,60,42,60,102
SAN JAVIER(STC),consulta externa,nuevas en personas de 15 a 59 anos,2006-09-01,88,227,88,227,315
SAN JOAQUIN,consulta externa,nuevas en personas de 15 a 59 anos,2006-09-01,156,394,156,394,550
SAN JOSE DE CHIQUITOS,consulta externa,nuevas en personas de 15 a 59 anos,2006-09-01,131,426,131,426,557
SAN JUAN DE YAPACANI,consulta externa,nuevas en personas de 15 a 59 anos,2006-09-01,204,276,204,276,480
SAN JULIAN,consulta externa,nuevas en personas de 15 a 59 anos,2006-09-01,1508,2013,1508,2013,3521
SAN LORENZO(PND),consulta externa,nuevas en personas de 15 a 59 anos,2006-09-01,39,46,39,46,85
SAN LORENZO(TJA),consulta externa,nuevas en personas de 15 a 59 anos,2006-09-01,235,595,235,595,830
SAN LUCAS,consulta externa,nuevas en personas de 15 a 59 anos,2006-09-01,526,1238,526,1238,1764
SAN MATIAS,consulta externa,nuevas en personas de 15 a 59 anos,2006-09-01,133,273,133,273,406
SAN MIGUEL DE VELASCO,consulta externa,nuevas en personas de 15 a 59 anos,2006-09-01,107,226,107,226,333
SAN PABLO DE LIPEZ,consulta externa,nuevas en personas de 15 a 59 anos,2006-09-01,84,171,84,171,255
SAN PEDRO,consulta externa,nuevas en personas de 15 a 59 anos,2006-09-01,246,402,246,402,648
SAN PEDRO DE BUENA VISTA,consulta externa,nuevas en personas de 15 a 59 anos,2006-09-01,200,408,200,408,608
SAN PEDRO DE CURAHUARA,consulta externa,nuevas en personas de 15 a 59 anos,2006-09-01,51,76,51,76,127
SAN PEDRO DE QUEMES,consulta externa,nuevas en personas de 15 a 59 anos,2006-09-01,1,14,1,14,15
SAN PEDRO DE TIQUINA,consulta externa,nuevas en personas de 15 a 59 anos,2006-09-01,73,61,73,61,134
SAN PEDRO(PND),consulta externa,nuevas en personas de 15 a 59 anos,2006-09-01,2,6,2,6,8
SAN RAFAEL,consulta externa,nuevas en personas de 15 a 59 anos,2006-09-01,86,170,86,170,256
SAN RAMON,consulta externa,nuevas en personas de 15 a 59 anos,2006-09-01,66,159,66,159,225
SAN RAMON,consulta externa,nuevas en personas de 15 a 59 anos,2006-09-01,241,434,241,434,675
SANTA ANA,consulta externa,nuevas en personas de 15 a 59 anos,2006-09-01,137,333,137,333,470
SANTA CRUZ DE LA SIERRA,consulta externa,nuevas en personas de 15 a 59 anos,2006-09-01,14662,28013,14662,28013,42675
SANTA ROSA,consulta externa,nuevas en personas de 15 a 59 anos,2006-09-01,658,869,658,869,1527
SANTA ROSA DEL SARA,consulta externa,nuevas en personas de 15 a 59 anos,2006-09-01,247,596,247,596,843
SANTIAGO DE CALLAPA,consulta externa,nuevas en personas de 15 a 59 anos,2006-09-01,19,45,19,45,64
SANTIAGO DE HUARI,consulta externa,nuevas en personas de 15 a 59 anos,2006-09-01,99,164,99,164,263
SANTIAGO DE MACHACA,consulta externa,nuevas en personas de 15 a 59 anos,2006-09-01,16,54,16,54,70
SANTIVAÑES,consulta externa,nuevas en personas de 15 a 59 anos,2006-09-01,85,122,85,122,207
SANTUARIO DE QUILLACAS,consulta externa,nuevas en personas de 15 a 59 anos,2006-09-01,19,44,19,44,63
SAPAHAQUI,consulta externa,nuevas en personas de 15 a 59 anos,2006-09-01,130,152,130,152,282
SENA,consulta externa,nuevas en personas de 15 a 59 anos,2006-09-01,76,147,76,147,223
SICA SICA (VILLA AROMA),consulta externa,nuevas en personas de 15 a 59 anos,2006-09-01,95,164,95,164,259
SICAYA,consulta externa,nuevas en personas de 15 a 59 anos,2006-09-01,18,31,18,31,49
SIPE SIPE,consulta externa,nuevas en personas de 15 a 59 anos,2006-09-01,100,502,100,502,602
SOPACHUY,consulta externa,nuevas en personas de 15 a 59 anos,2006-09-01,137,312,137,312,449
SORACACHI,consulta externa,nuevas en personas de 15 a 59 anos,2006-09-01,110,140,110,140,250
SORATA,consulta externa,nuevas en personas de 15 a 59 anos,2006-09-01,173,260,173,260,433
SUCRE,consulta externa,nuevas en personas de 15 a 59 anos,2006-09-01,7611,15430,7611,15430,23041
TACACHI,consulta externa,nuevas en personas de 15 a 59 anos,2006-09-01,10,19,10,19,29
TACACOMA,consulta externa,nuevas en personas de 15 a 59 anos,2006-09-01,79,129,79,129,208
TACOBAMBA,consulta externa,nuevas en personas de 15 a 59 anos,2006-09-01,69,135,69,135,204
TACOPAYA,consulta externa,nuevas en personas de 15 a 59 anos,2006-09-01,60,142,60,142,202
TAHUA,consulta externa,nuevas en personas de 15 a 59 anos,2006-09-01,19,25,19,25,44
TAPACARI,consulta externa,nuevas en personas de 15 a 59 anos,2006-09-01,204,423,204,423,627
TARABUCO,consulta externa,nuevas en personas de 15 a 59 anos,2006-09-01,217,402,217,402,619
TARACO,consulta externa,nuevas en personas de 15 a 59 anos,2006-09-01,26,32,26,32,58
TARATA,consulta externa,nuevas en personas de 15 a 59 anos,2006-09-01,31,83,31,83,114
TARIJA,consulta externa,nuevas en personas de 15 a 59 anos,2006-09-01,3589,7625,3589,7625,11214
TARVITA,consulta externa,nuevas en personas de 15 a 59 anos,2006-09-01,254,734,254,734,988
TEOPONTE,consulta externa,nuevas en personas de 15 a 59 anos,2006-09-01,137,174,137,174,311
TIAWANACU,consulta externa,nuevas en personas de 15 a 59 anos,2006-09-01,76,166,76,166,242
TINGUIPAYA,consulta externa,nuevas en personas de 15 a 59 anos,2006-09-01,221,494,221,494,715
TIPUANI,consulta externa,nuevas en personas de 15 a 59 anos,2006-09-01,65,123,65,123,188
TIQUIPAYA,consulta externa,nuevas en personas de 15 a 59 anos,2006-09-01,152,496,152,496,648
TIRAQUE (CBBA),consulta externa,nuevas en personas de 15 a 59 anos,2006-09-01,340,625,340,625,965
TITO YUPANQUI (PARQUIPUJIO),consulta externa,nuevas en personas de 15 a 59 anos,2006-09-01,16,74,16,74,90
TOCO,consulta externa,nuevas en personas de 15 a 59 anos,2006-09-01,20,41,20,41,61
TODOS SANTOS,consulta externa,nuevas en personas de 15 a 59 anos,2006-09-01,14,14,14,14,28
TOLATA,consulta externa,nuevas en personas de 15 a 59 anos,2006-09-01,15,56,15,56,71
TOLEDO,consulta externa,nuevas en personas de 15 a 59 anos,2006-09-01,119,184,119,184,303
TOMAVE,consulta externa,nuevas en personas de 15 a 59 anos,2006-09-01,188,282,188,282,470
TOMINA,consulta externa,nuevas en personas de 15 a 59 anos,2006-09-01,183,333,183,333,516
TORO TORO,consulta externa,nuevas en personas de 15 a 59 anos,2006-09-01,145,312,145,312,457
TOTORA(CBBA),consulta externa,nuevas en personas de 15 a 59 anos,2006-09-01,92,109,92,109,201
TOTORA(ORR),consulta externa,nuevas en personas de 15 a 59 anos,2006-09-01,40,62,40,62,102
TRIGAL,consulta externa,nuevas en personas de 15 a 59 anos,2006-09-01,32,49,32,49,81
TRINIDAD,consulta externa,nuevas en personas de 15 a 59 anos,2006-09-01,978,2210,978,2210,3188
TUPIZA,consulta externa,nuevas en personas de 15 a 59 anos,2006-09-01,1373,2632,1373,2632,4005
TURCO,consulta externa,nuevas en personas de 15 a 59 anos,2006-09-01,65,120,65,120,185
UMALA,consulta externa,nuevas en personas de 15 a 59 anos,2006-09-01,12,30,12,30,42
UNCIA,consulta externa,nuevas en personas de 15 a 59 anos,2006-09-01,563,1001,563,1001,1564
URIONDO (A. CONCEPCION),consulta externa,nuevas en personas de 15 a 59 anos,2006-09-01,265,421,265,421,686
URUBICHA,consulta externa,nuevas en personas de 15 a 59 anos,2006-09-01,51,82,51,82,133
UYUNI,consulta externa,nuevas en personas de 15 a 59 anos,2006-09-01,647,783,647,783,1430
VACAS,consulta externa,nuevas en personas de 15 a 59 anos,2006-09-01,102,218,102,218,320
VALLEGRANDE,consulta externa,nuevas en personas de 15 a 59 anos,2006-09-01,710,1300,710,1300,2010
VIACHA,consulta externa,nuevas en personas de 15 a 59 anos,2006-09-01,542,1048,542,1048,1590
VILA VILA,consulta externa,nuevas en personas de 15 a 59 anos,2006-09-01,21,29,21,29,50
VILLA MONTES,consulta externa,nuevas en personas de 15 a 59 anos,2006-09-01,462,689,462,689,1151
VILLA NUEVA (LOMA ALTA),consulta externa,nuevas en personas de 15 a 59 anos,2006-09-01,78,109,78,109,187
VILLA RIVERO,consulta externa,nuevas en personas de 15 a 59 anos,2006-09-01,77,125,77,125,202
VILLA SERRANO,consulta externa,nuevas en personas de 15 a 59 anos,2006-09-01,191,360,191,360,551
VILLA TUNARI,consulta externa,nuevas en personas de 15 a 59 anos,2006-09-01,828,1560,828,1560,2388
VILLA VACA GUZMAN (MUYUPAMPA),consulta externa,nuevas en personas de 15 a 59 anos,2006-09-01,295,491,295,491,786
VILLAZON,consulta externa,nuevas en personas de 15 a 59 anos,2006-09-01,1043,2464,1043,2464,3507
VINTO,consulta externa,nuevas en personas de 15 a 59 anos,2006-09-01,170,370,170,370,540
VITICHI,consulta externa,nuevas en personas de 15 a 59 anos,2006-09-01,339,377,339,377,716
WALDO BALLIVIAN,consulta externa,nuevas en personas de 15 a 59 anos,2006-09-01,18,67,18,67,85
WARNES,consulta externa,nuevas en personas de 15 a 59 anos,2006-09-01,488,821,488,821,1309
YACO,consulta externa,nuevas en personas de 15 a 59 anos,2006-09-01,73,136,73,136,209
YACUIBA,consulta externa,nuevas en personas de 15 a 59 anos,2006-09-01,1806,3489,1806,3489,5295
YAMPARAEZ,consulta externa,nuevas en personas de 15 a 59 anos,2006-09-01,113,203,113,203,316
YANACACHI,consulta externa,nuevas en personas de 15 a 59 anos,2006-09-01,170,140,170,140,310
YAPACANI,consulta externa,nuevas en personas de 15 a 59 anos,2006-09-01,1107,1948,1107,1948,3055
YOCALLA,consulta externa,nuevas en personas de 15 a 59 anos,2006-09-01,108,196,108,196,304
YOTALA,consulta externa,nuevas en personas de 15 a 59 anos,2006-09-01,63,115,63,115,178
YUNCHARA,consulta externa,nuevas en personas de 15 a 59 anos,2006-09-01,145,220,145,220,365
ZUDAÑEZ,consulta externa,nuevas en personas de 15 a 59 anos,2006-09-01,223,461,223,461,684
ACACIO,consulta externa,nuevas en personas de 15 a 59 anos,2006-10-01,104,193,104,193,297
ACHACACHI,consulta externa,nuevas en personas de 15 a 59 anos,2006-10-01,420,705,420,705,1125
ACHOCALLA,consulta externa,nuevas en personas de 15 a 59 anos,2006-10-01,59,92,59,92,151
AIQUILE,consulta externa,nuevas en personas de 15 a 59 anos,2006-10-01,181,459,181,459,640
ALCALA,consulta externa,nuevas en personas de 15 a 59 anos,2006-10-01,79,326,79,326,405
ANCORAIMES,consulta externa,nuevas en personas de 15 a 59 anos,2006-10-01,114,218,114,218,332
ANDAMARCA,consulta externa,nuevas en personas de 15 a 59 anos,2006-10-01,99,129,99,129,228
ANTEQUERA,consulta externa,nuevas en personas de 15 a 59 anos,2006-10-01,22,44,22,44,66
ANZALDO,consulta externa,nuevas en personas de 15 a 59 anos,2006-10-01,47,85,47,85,132
APOLO,consulta externa,nuevas en personas de 15 a 59 anos,2006-10-01,173,342,173,342,515
ARAMPAMPA,consulta externa,nuevas en personas de 15 a 59 anos,2006-10-01,43,83,43,83,126
ARANI,consulta externa,nuevas en personas de 15 a 59 anos,2006-10-01,43,95,43,95,138
ARBIETO,consulta externa,nuevas en personas de 15 a 59 anos,2006-10-01,32,126,32,126,158
ARQUE,consulta externa,nuevas en personas de 15 a 59 anos,2006-10-01,88,223,88,223,311
ASCENCION DE GUARAYOS,consulta externa,nuevas en personas de 15 a 59 anos,2006-10-01,237,361,237,361,598
ATOCHA,consulta externa,nuevas en personas de 15 a 59 anos,2006-10-01,824,984,824,984,1808
AUCAPATA,consulta externa,nuevas en personas de 15 a 59 anos,2006-10-01,108,136,108,136,244
AYATA,consulta externa,nuevas en personas de 15 a 59 anos,2006-10-01,117,170,117,170,287
AYO AYO,consulta externa,nuevas en personas de 15 a 59 anos,2006-10-01,76,118,76,118,194
AYOPAYA (V. DE INDEPENDENCIA),consulta externa,nuevas en personas de 15 a 59 anos,2006-10-01,221,565,221,565,786
AZURDUY,consulta externa,nuevas en personas de 15 a 59 anos,2006-10-01,273,647,273,647,920
BATALLAS,consulta externa,nuevas en personas de 15 a 59 anos,2006-10-01,115,143,115,143,258
BAURES,consulta externa,nuevas en personas de 15 a 59 anos,2006-10-01,102,152,102,152,254
BELEN DE ANDAMARCA,consulta externa,nuevas en personas de 15 a 59 anos,2006-10-01,22,39,22,39,61
BELEN DE URMIRI,consulta externa,nuevas en personas de 15 a 59 anos,2006-10-01,42,80,42,80,122
BELLA FLOR,consulta externa,nuevas en personas de 15 a 59 anos,2006-10-01,175,195,175,195,370
BERMEJO,consulta externa,nuevas en personas de 15 a 59 anos,2006-10-01,816,1333,816,1333,2149
BETANZOS,consulta externa,nuevas en personas de 15 a 59 anos,2006-10-01,489,944,489,944,1433
BOLIVAR,consulta externa,nuevas en personas de 15 a 59 anos,2006-10-01,63,112,63,112,175
BOLPEBRA,consulta externa,nuevas en personas de 15 a 59 anos,2006-10-01,52,37,52,37,89
BOYUIBE,consulta externa,nuevas en personas de 15 a 59 anos,2006-10-01,116,196,116,196,312
BUENA VISTA,consulta externa,nuevas en personas de 15 a 59 anos,2006-10-01,202,277,202,277,479
CABEZAS,consulta externa,nuevas en personas de 15 a 59 anos,2006-10-01,372,515,372,515,887
CAIROMA,consulta externa,nuevas en personas de 15 a 59 anos,2006-10-01,107,219,107,219,326
"CAIZA ""D""",consulta externa,nuevas en personas de 15 a 59 anos,2006-10-01,209,349,209,349,558
CAJUATA,consulta externa,nuevas en personas de 15 a 59 anos,2006-10-01,97,195,97,195,292
CALACOTO,consulta externa,nuevas en personas de 15 a 59 anos,2006-10-01,50,89,50,89,139
CALAMARCA,consulta externa,nuevas en personas de 15 a 59 anos,2006-10-01,76,140,76,140,216
CAMARGO,consulta externa,nuevas en personas de 15 a 59 anos,2006-10-01,502,1165,502,1165,1667
CAMATAQUI (C. VILLA ABECIA),consulta externa,nuevas en personas de 15 a 59 anos,2006-10-01,81,171,81,171,252
CAMIRI,consulta externa,nuevas en personas de 15 a 59 anos,2006-10-01,1059,2341,1059,2341,3400
CAPINOTA,consulta externa,nuevas en personas de 15 a 59 anos,2006-10-01,244,335,244,335,579
CAQUIAVIRI,consulta externa,nuevas en personas de 15 a 59 anos,2006-10-01,90,170,90,170,260
CARACOLLO,consulta externa,nuevas en personas de 15 a 59 anos,2006-10-01,148,201,148,201,349
CARANAVI,consulta externa,nuevas en personas de 15 a 59 anos,2006-10-01,1238,1725,1238,1725,2963
CARANGAS,consulta externa,nuevas en personas de 15 a 59 anos,2006-10-01,6,4,6,4,10
CARAPARI,consulta externa,nuevas en personas de 15 a 59 anos,2006-10-01,262,367,262,367,629
CARIPUYO,consulta externa,nuevas en personas de 15 a 59 anos,2006-10-01,96,177,96,177,273
CARMEN RIVERO TORREZ,consulta externa,nuevas en personas de 15 a 59 anos,2006-10-01,11,52,11,52,63
CATACORA,consulta externa,nuevas en personas de 15 a 59 anos,2006-10-01,2,8,2,8,10
CHACARILLA,consulta externa,nuevas en personas de 15 a 59 anos,2006-10-01,5,8,5,8,13
CHALLAPATA,consulta externa,nuevas en personas de 15 a 59 anos,2006-10-01,462,851,462,851,1313
CHAQUI,consulta externa,nuevas en personas de 15 a 59 anos,2006-10-01,45,134,45,134,179
CHARAGUA,consulta externa,nuevas en personas de 15 a 59 anos,2006-10-01,237,495,237,495,732
CHARAÑA,consulta externa,nuevas en personas de 15 a 59 anos,2006-10-01,53,56,53,56,109
CHAYANTA,consulta externa,nuevas en personas de 15 a 59 anos,2006-10-01,200,441,200,441,641
CHIMORE,consulta externa,nuevas en personas de 15 a 59 anos,2006-10-01,146,248,146,248,394
CHIPAYA,consulta externa,nuevas en personas de 15 a 59 anos,2006-10-01,9,13,9,13,22
CHOQUE COTA,consulta externa,nuevas en personas de 15 a 59 anos,2006-10-01,34,48,34,48,82
CHULUMANI (V. DE LA LIBERTAD),consulta externa,nuevas en personas de 15 a 59 anos,2006-10-01,227,320,227,320,547
CHUMA,consulta externa,nuevas en personas de 15 a 59 anos,2006-10-01,190,288,190,288,478
CLIZA,consulta externa,nuevas en personas de 15 a 59 anos,2006-10-01,96,133,96,133,229
COBIJA,consulta externa,nuevas en personas de 15 a 59 anos,2006-10-01,799,1453,799,1453,2252
COCHABAMBA,consulta externa,nuevas en personas de 15 a 59 anos,2006-10-01,11157,25089,11157,25089,36246
COIPASA,consulta externa,nuevas en personas de 15 a 59 anos,2006-10-01,17,20,17,20,37
COLCAPIRHUA,consulta externa,nuevas en personas de 15 a 59 anos,2006-10-01,482,1043,482,1043,1525
"COLCHA ""K""",consulta externa,nuevas en personas de 15 a 59 anos,2006-10-01,199,381,199,381,580
COLLANA,consulta externa,nuevas en personas de 15 a 59 anos,2006-10-01,28,55,28,55,83
COLOMI,consulta externa,nuevas en personas de 15 a 59 anos,2006-10-01,115,288,115,288,403
COLPA BELGICA,consulta externa,nuevas en personas de 15 a 59 anos,2006-10-01,154,154,154,154,308
COLQUECHACA,consulta externa,nuevas en personas de 15 a 59 anos,2006-10-01,366,668,366,668,1034
COLQUENCHA,consulta externa,nuevas en personas de 15 a 59 anos,2006-10-01,73,113,73,113,186
COLQUIRI,consulta externa,nuevas en personas de 15 a 59 anos,2006-10-01,238,550,238,550,788
COMANCHE,consulta externa,nuevas en personas de 15 a 59 anos,2006-10-01,22,29,22,29,51
COMARAPA,consulta externa,nuevas en personas de 15 a 59 anos,2006-10-01,229,480,229,480,709
COMBAYA,consulta externa,nuevas en personas de 15 a 59 anos,2006-10-01,24,28,24,28,52
CONCEPCION,consulta externa,nuevas en personas de 15 a 59 anos,2006-10-01,228,418,228,418,646
COPACABANA,consulta externa,nuevas en personas de 15 a 59 anos,2006-10-01,210,418,210,418,628
CORIPATA,consulta externa,nuevas en personas de 15 a 59 anos,2006-10-01,114,212,114,212,326
CORO CORO,consulta externa,nuevas en personas de 15 a 59 anos,2006-10-01,95,160,95,160,255
COROICO,consulta externa,nuevas en personas de 15 a 59 anos,2006-10-01,325,361,325,361,686
CORQUE,consulta externa,nuevas en personas de 15 a 59 anos,2006-10-01,92,98,92,98,190
COTAGAITA,consulta externa,nuevas en personas de 15 a 59 anos,2006-10-01,846,1332,846,1332,2178
COTOCA,consulta externa,nuevas en personas de 15 a 59 anos,2006-10-01,142,474,142,474,616
CUATRO CAÑADAS,consulta externa,nuevas en personas de 15 a 59 anos,2006-10-01,162,387,162,387,549
CUCHUMUELA (V. G. VILLARROEL),consulta externa,nuevas en personas de 15 a 59 anos,2006-10-01,19,25,19,25,44
CUEVO,consulta externa,nuevas en personas de 15 a 59 anos,2006-10-01,81,143,81,143,224
CULPINA,consulta externa,nuevas en personas de 15 a 59 anos,2006-10-01,290,597,290,597,887
CURAHUARA DE CARANGAS,consulta externa,nuevas en personas de 15 a 59 anos,2006-10-01,129,340,129,340,469
CURVA,consulta externa,nuevas en personas de 15 a 59 anos,2006-10-01,28,58,28,58,86
DESAGUADERO,consulta externa,nuevas en personas de 15 a 59 anos,2006-10-01,46,64,46,64,110
EL ALTO,consulta externa,nuevas en personas de 15 a 59 anos,2006-10-01,6760,12937,6760,12937,19697
EL CHORO,consulta externa,nuevas en personas de 15 a 59 anos,2006-10-01,46,108,46,108,154
EL PUENTE(STC),consulta externa,nuevas en personas de 15 a 59 anos,2006-10-01,99,180,99,180,279
EL PUENTE(TJA),consulta externa,nuevas en personas de 15 a 59 anos,2006-10-01,134,332,134,332,466
EL TORNO,consulta externa,nuevas en personas de 15 a 59 anos,2006-10-01,461,826,461,826,1287
EL VILLAR,consulta externa,nuevas en personas de 15 a 59 anos,2006-10-01,104,298,104,298,402
ENTRE RIOS,consulta externa,nuevas en personas de 15 a 59 anos,2006-10-01,513,695,513,695,1208
ENTRE RIOS,consulta externa,nuevas en personas de 15 a 59 anos,2006-10-01,178,333,178,333,511
ESCARA,consulta externa,nuevas en personas de 15 a 59 anos,2006-10-01,7,2,7,2,9
ESMERALDA,consulta externa,nuevas en personas de 15 a 59 anos,2006-10-01,8,11,8,11,19
EUCALIPTUS,consulta externa,nuevas en personas de 15 a 59 anos,2006-10-01,60,122,60,122,182
EUREKA (SANTOS MERCADO),consulta externa,nuevas en personas de 15 a 59 anos,2006-10-01,8,22,8,22,30
EXALTACION,consulta externa,nuevas en personas de 15 a 59 anos,2006-10-01,18,32,18,32,50
FERNANDEZ ALONSO,consulta externa,nuevas en personas de 15 a 59 anos,2006-10-01,163,332,163,332,495
FILADELFIA,consulta externa,nuevas en personas de 15 a 59 anos,2006-10-01,75,220,75,220,295
GENERAL SAAVEDRA,consulta externa,nuevas en personas de 15 a 59 anos,2006-10-01,137,289,137,289,426
GRAL. J.J. PEREZ (CHARAZANI),consulta externa,nuevas en personas de 15 a 59 anos,2006-10-01,112,156,112,156,268
GUANAY,consulta externa,nuevas en personas de 15 a 59 anos,2006-10-01,173,378,173,378,551
GUAQUI,consulta externa,nuevas en personas de 15 a 59 anos,2006-10-01,57,78,57,78,135
GUAYARAMERIN,consulta externa,nuevas en personas de 15 a 59 anos,2006-10-01,609,1482,609,1482,2091
GUTIERREZ,consulta externa,nuevas en personas de 15 a 59 anos,2006-10-01,172,359,172,359,531
HUACARETA,consulta externa,nuevas en personas de 15 a 59 anos,2006-10-01,286,496,286,496,782
HUACAYA (VILLA DE HUACAYA),consulta externa,nuevas en personas de 15 a 59 anos,2006-10-01,29,88,29,88,117
HUACHACALLA,consulta externa,nuevas en personas de 15 a 59 anos,2006-10-01,176,105,176,105,281
HUANUNI,consulta externa,nuevas en personas de 15 a 59 anos,2006-10-01,209,513,209,513,722
HUARACAJE,consulta externa,nuevas en personas de 15 a 59 anos,2006-10-01,31,90,31,90,121
HUAYLLAMARCA,consulta externa,nuevas en personas de 15 a 59 anos,2006-10-01,43,77,43,77,120
ICHOCA,consulta externa,nuevas en personas de 15 a 59 anos,2006-10-01,51,108,51,108,159
ICLA,consulta externa,nuevas en personas de 15 a 59 anos,2006-10-01,183,466,183,466,649
INCAHUASI,consulta externa,nuevas en personas de 15 a 59 anos,2006-10-01,223,931,223,931,1154
INGAVI (HUMAITA),consulta externa,nuevas en personas de 15 a 59 anos,2006-10-01,39,72,39,72,111
INQUISIVI,consulta externa,nuevas en personas de 15 a 59 anos,2006-10-01,128,231,128,231,359
IRUPANA (VILLA DE LANZA),consulta externa,nuevas en personas de 15 a 59 anos,2006-10-01,219,352,219,352,571
IXIAMAS,consulta externa,nuevas en personas de 15 a 59 anos,2006-10-01,267,414,267,414,681
JESUS DE MACHACA,consulta externa,nuevas en personas de 15 a 59 anos,2006-10-01,148,364,148,364,512
LA ASUNTA,consulta externa,nuevas en personas de 15 a 59 anos,2006-10-01,292,386,292,386,678
LA GUARDIA,consulta externa,nuevas en personas de 15 a 59 anos,2006-10-01,274,651,274,651,925
LA PAZ,consulta externa,nuevas en personas de 15 a 59 anos,2006-10-01,22017,39877,22017,39877,61894
LA RIVERA,consulta externa,nuevas en personas de 15 a 59 anos,2006-10-01,5,6,5,6,11
LAGUNILLAS,consulta externa,nuevas en personas de 15 a 59 anos,2006-10-01,148,211,148,211,359
LAJA,consulta externa,nuevas en personas de 15 a 59 anos,2006-10-01,65,163,65,163,228
LAS CARRERAS,consulta externa,nuevas en personas de 15 a 59 anos,2006-10-01,64,108,64,108,172
LICOMA PAMPA,consulta externa,nuevas en personas de 15 a 59 anos,2006-10-01,48,63,48,63,111
LLALLAGUA,consulta externa,nuevas en personas de 15 a 59 anos,2006-10-01,694,1221,694,1221,1915
LLICA,consulta externa,nuevas en personas de 15 a 59 anos,2006-10-01,175,215,175,215,390
LORETO,consulta externa,nuevas en personas de 15 a 59 anos,2006-10-01,24,54,24,54,78
LURIBAY,consulta externa,nuevas en personas de 15 a 59 anos,2006-10-01,124,254,124,254,378
MACHACAMARCA,consulta externa,nuevas en personas de 15 a 59 anos,2006-10-01,25,61,25,61,86
MACHARETI,consulta externa,nuevas en personas de 15 a 59 anos,2006-10-01,222,496,222,496,718
MAGDALENA,consulta externa,nuevas en personas de 15 a 59 anos,2006-10-01,154,296,154,296,450
MAIRANA,consulta externa,nuevas en personas de 15 a 59 anos,2006-10-01,128,289,128,289,417
MALLA,consulta externa,nuevas en personas de 15 a 59 anos,2006-10-01,44,66,44,66,110
MAPIRI,consulta externa,nuevas en personas de 15 a 59 anos,2006-10-01,174,253,174,253,427
MECAPACA,consulta externa,nuevas en personas de 15 a 59 anos,2006-10-01,158,212,158,212,370
MINEROS,consulta externa,nuevas en personas de 15 a 59 anos,2006-10-01,109,377,109,377,486
MIZQUE,consulta externa,nuevas en personas de 15 a 59 anos,2006-10-01,106,205,106,205,311
MOCOMOCO,consulta externa,nuevas en personas de 15 a 59 anos,2006-10-01,156,281,156,281,437
MOJINETE,consulta externa,nuevas en personas de 15 a 59 anos,2006-10-01,14,30,14,30,44
MOJOCOYA,consulta externa,nuevas en personas de 15 a 59 anos,2006-10-01,187,441,187,441,628
MONTEAGUDO,consulta externa,nuevas en personas de 15 a 59 anos,2006-10-01,1024,1781,1024,1781,2805
MONTERO,consulta externa,nuevas en personas de 15 a 59 anos,2006-10-01,1001,3175,1001,3175,4176
MORO MORO,consulta externa,nuevas en personas de 15 a 59 anos,2006-10-01,39,136,39,136,175
MOROCHATA,consulta externa,nuevas en personas de 15 a 59 anos,2006-10-01,110,175,110,175,285
NACEBE (SANTA ROSA DEL ABUNA),consulta externa,nuevas en personas de 15 a 59 anos,2006-10-01,6,5,6,5,11
NUEVO MANOA (NUEVA ESPERANZA),consulta externa,nuevas en personas de 15 a 59 anos,2006-10-01,141,93,141,93,234
OCURI,consulta externa,nuevas en personas de 15 a 59 anos,2006-10-01,275,554,275,554,829
OKINAWA,consulta externa,nuevas en personas de 15 a 59 anos,2006-10-01,247,705,247,705,952
OMEREQUE,consulta externa,nuevas en personas de 15 a 59 anos,2006-10-01,54,129,54,129,183
ORURO,consulta externa,nuevas en personas de 15 a 59 anos,2006-10-01,7292,11636,7292,11636,18928
PADCAYA,consulta externa,nuevas en personas de 15 a 59 anos,2006-10-01,453,683,453,683,1136
PADILLA,consulta externa,nuevas en personas de 15 a 59 anos,2006-10-01,341,827,341,827,1168
PAILON,consulta externa,nuevas en personas de 15 a 59 anos,2006-10-01,151,178,151,178,329
PALCA,consulta externa,nuevas en personas de 15 a 59 anos,2006-10-01,90,121,90,121,211
PALOS BLANCOS,consulta externa,nuevas en personas de 15 a 59 anos,2006-10-01,436,515,436,515,951
PAMPA AULLAGAS,consulta externa,nuevas en personas de 15 a 59 anos,2006-10-01,13,44,13,44,57
PAMPA GRANDE,consulta externa,nuevas en personas de 15 a 59 anos,2006-10-01,108,147,108,147,255
PAPEL PAMPA,consulta externa,nuevas en personas de 15 a 59 anos,2006-10-01,48,74,48,74,122
PASORAPA,consulta externa,nuevas en personas de 15 a 59 anos,2006-10-01,25,73,25,73,98
PATACAMAYA,consulta externa,nuevas en personas de 15 a 59 anos,2006-10-01,130,206,130,206,336
PAZÑA,consulta externa,nuevas en personas de 15 a 59 anos,2006-10-01,89,132,89,132,221
PELECHUCO,consulta externa,nuevas en personas de 15 a 59 anos,2006-10-01,142,153,142,153,295
POCOATA,consulta externa,nuevas en personas de 15 a 59 anos,2006-10-01,283,438,283,438,721
POCONA,consulta externa,nuevas en personas de 15 a 59 anos,2006-10-01,130,149,130,149,279
POJO (CBBA),consulta externa,nuevas en personas de 15 a 59 anos,2006-10-01,49,74,49,74,123
POOPO,consulta externa,nuevas en personas de 15 a 59 anos,2006-10-01,56,70,56,70,126
PORCO,consulta externa,nuevas en personas de 15 a 59 anos,2006-10-01,97,178,97,178,275
POROMA,consulta externa,nuevas en personas de 15 a 59 anos,2006-10-01,303,693,303,693,996
PORONGO,consulta externa,nuevas en personas de 15 a 59 anos,2006-10-01,88,186,88,186,274
PORTACHUELO,consulta externa,nuevas en personas de 15 a 59 anos,2006-10-01,277,750,277,750,1027
PORVENIR,consulta externa,nuevas en personas de 15 a 59 anos,2006-10-01,138,155,138,155,293
POSTRER VALLE,consulta externa,nuevas en personas de 15 a 59 anos,2006-10-01,39,62,39,62,101
POTOSI,consulta externa,nuevas en personas de 15 a 59 anos,2006-10-01,10661,7169,10661,7169,17830
PRESTO,consulta externa,nuevas en personas de 15 a 59 anos,2006-10-01,215,337,215,337,552
PUCARA,consulta externa,nuevas en personas de 15 a 59 anos,2006-10-01,78,150,78,150,228
PUCARANI,consulta externa,nuevas en personas de 15 a 59 anos,2006-10-01,148,380,148,380,528
PUERTO ACOSTA,consulta externa,nuevas en personas de 15 a 59 anos,2006-10-01,353,480,353,480,833
PUERTO CARABUCO,consulta externa,nuevas en personas de 15 a 59 anos,2006-10-01,141,223,141,223,364
PUERTO GONZALO MORENO,consulta externa,nuevas en personas de 15 a 59 anos,2006-10-01,87,156,87,156,243
PUERTO PEREZ,consulta externa,nuevas en personas de 15 a 59 anos,2006-10-01,58,80,58,80,138
PUERTO QUIJARRO,consulta externa,nuevas en personas de 15 a 59 anos,2006-10-01,391,408,391,408,799
PUERTO RICO,consulta externa,nuevas en personas de 15 a 59 anos,2006-10-01,118,172,118,172,290
PUERTO SILES,consulta externa,nuevas en personas de 15 a 59 anos,2006-10-01,9,7,9,7,16
PUERTO SUAREZ,consulta externa,nuevas en personas de 15 a 59 anos,2006-10-01,209,465,209,465,674
PUERTO VILLARROEL,consulta externa,nuevas en personas de 15 a 59 anos,2006-10-01,511,648,511,648,1159
PUNA,consulta externa,nuevas en personas de 15 a 59 anos,2006-10-01,453,956,453,956,1409
PUNATA,consulta externa,nuevas en personas de 15 a 59 anos,2006-10-01,292,545,292,545,837
QUIABAYA,consulta externa,nuevas en personas de 15 a 59 anos,2006-10-01,50,88,50,88,138
QUILLACOLLO,consulta externa,nuevas en personas de 15 a 59 anos,2006-10-01,229,892,229,892,1121
QUIME,consulta externa,nuevas en personas de 15 a 59 anos,2006-10-01,217,132,217,132,349
QUIRUSILLAS,consulta externa,nuevas en personas de 15 a 59 anos,2006-10-01,23,69,23,69,92
RAVELO,consulta externa,nuevas en personas de 15 a 59 anos,2006-10-01,216,466,216,466,682
REYES,consulta externa,nuevas en personas de 15 a 59 anos,2006-10-01,146,302,146,302,448
RIBERALTA,consulta externa,nuevas en personas de 15 a 59 anos,2006-10-01,1938,3534,1938,3534,5472
ROBORE,consulta externa,nuevas en personas de 15 a 59 anos,2006-10-01,199,576,199,576,775
RURRENABAQUE,consulta externa,nuevas en personas de 15 a 59 anos,2006-10-01,290,543,290,543,833
SABAYA,consulta externa,nuevas en personas de 15 a 59 anos,2006-10-01,95,96,95,96,191
SACABA,consulta externa,nuevas en personas de 15 a 59 anos,2006-10-01,645,1537,645,1537,2182
SACABAMBA,consulta externa,nuevas en personas de 15 a 59 anos,2006-10-01,72,57,72,57,129
SACACA,consulta externa,nuevas en personas de 15 a 59 anos,2006-10-01,184,487,184,487,671
SAIPINA,consulta externa,nuevas en personas de 15 a 59 anos,2006-10-01,184,476,184,476,660
SALINAS DE GARCI MENDOZA,consulta externa,nuevas en personas de 15 a 59 anos,2006-10-01,128,214,128,214,342
SAMAIPATA,consulta externa,nuevas en personas de 15 a 59 anos,2006-10-01,145,221,145,221,366
SAN AGUSTIN,consulta externa,nuevas en personas de 15 a 59 anos,2006-10-01,47,99,47,99,146
SAN ANDRES,consulta externa,nuevas en personas de 15 a 59 anos,2006-10-01,52,262,52,262,314
SAN ANDRES DE MACHACA,consulta externa,nuevas en personas de 15 a 59 anos,2006-10-01,82,115,82,115,197
SAN ANTONIO DE ESMORUCO,consulta externa,nuevas en personas de 15 a 59 anos,2006-10-01,32,85,32,85,117
SAN ANTONIO DE LOMERIO,consulta externa,nuevas en personas de 15 a 59 anos,2006-10-01,53,117,53,117,170
SAN BENITO,consulta externa,nuevas en personas de 15 a 59 anos,2006-10-01,95,159,95,159,254
SAN BORJA,consulta externa,nuevas en personas de 15 a 59 anos,2006-10-01,208,315,208,315,523
SAN BUENA VENTURA,consulta externa,nuevas en personas de 15 a 59 anos,2006-10-01,257,454,257,454,711
SAN CARLOS,consulta externa,nuevas en personas de 15 a 59 anos,2006-10-01,239,656,239,656,895
SAN IGNACIO,consulta externa,nuevas en personas de 15 a 59 anos,2006-10-01,198,574,198,574,772
SAN IGNACIO DE VELASCO,consulta externa,nuevas en personas de 15 a 59 anos,2006-10-01,567,1187,567,1187,1754
SAN JAVIER(BNI),consulta externa,nuevas en personas de 15 a 59 anos,2006-10-01,30,33,30,33,63
SAN JAVIER(STC),consulta externa,nuevas en personas de 15 a 59 anos,2006-10-01,271,496,271,496,767
SAN JOAQUIN,consulta externa,nuevas en personas de 15 a 59 anos,2006-10-01,74,237,74,237,311
SAN JOSE DE CHIQUITOS,consulta externa,nuevas en personas de 15 a 59 anos,2006-10-01,235,496,235,496,731
SAN JUAN DE YAPACANI,consulta externa,nuevas en personas de 15 a 59 anos,2006-10-01,218,339,218,339,557
SAN JULIAN,consulta externa,nuevas en personas de 15 a 59 anos,2006-10-01,987,1578,987,1578,2565
SAN LORENZO(PND),consulta externa,nuevas en personas de 15 a 59 anos,2006-10-01,42,129,42,129,171
SAN LORENZO(TJA),consulta externa,nuevas en personas de 15 a 59 anos,2006-10-01,211,613,211,613,824
SAN LUCAS,consulta externa,nuevas en personas de 15 a 59 anos,2006-10-01,461,1256,461,1256,1717
SAN MATIAS,consulta externa,nuevas en personas de 15 a 59 anos,2006-10-01,116,368,116,368,484
SAN MIGUEL DE VELASCO,consulta externa,nuevas en personas de 15 a 59 anos,2006-10-01,83,143,83,143,226
SAN PABLO DE LIPEZ,consulta externa,nuevas en personas de 15 a 59 anos,2006-10-01,83,198,83,198,281
SAN PEDRO,consulta externa,nuevas en personas de 15 a 59 anos,2006-10-01,299,575,299,575,874
SAN PEDRO DE BUENA VISTA,consulta externa,nuevas en personas de 15 a 59 anos,2006-10-01,177,482,177,482,659
SAN PEDRO DE CURAHUARA,consulta externa,nuevas en personas de 15 a 59 anos,2006-10-01,55,71,55,71,126
SAN PEDRO DE QUEMES,consulta externa,nuevas en personas de 15 a 59 anos,2006-10-01,6,10,6,10,16
SAN PEDRO DE TIQUINA,consulta externa,nuevas en personas de 15 a 59 anos,2006-10-01,42,54,42,54,96
SAN PEDRO(PND),consulta externa,nuevas en personas de 15 a 59 anos,2006-10-01,20,73,20,73,93
SAN RAFAEL,consulta externa,nuevas en personas de 15 a 59 anos,2006-10-01,156,161,156,161,317
SAN RAMON,consulta externa,nuevas en personas de 15 a 59 anos,2006-10-01,57,118,57,118,175
SAN RAMON,consulta externa,nuevas en personas de 15 a 59 anos,2006-10-01,206,453,206,453,659
SANTA ANA,consulta externa,nuevas en personas de 15 a 59 anos,2006-10-01,146,317,146,317,463
SANTA CRUZ DE LA SIERRA,consulta externa,nuevas en personas de 15 a 59 anos,2006-10-01,16609,32730,16609,32730,49339
SANTA ROSA,consulta externa,nuevas en personas de 15 a 59 anos,2006-10-01,81,178,81,178,259
SANTA ROSA DEL SARA,consulta externa,nuevas en personas de 15 a 59 anos,2006-10-01,236,630,236,630,866
SANTIAGO DE CALLAPA,consulta externa,nuevas en personas de 15 a 59 anos,2006-10-01,30,44,30,44,74
SANTIAGO DE HUARI,consulta externa,nuevas en personas de 15 a 59 anos,2006-10-01,78,159,78,159,237
SANTIAGO DE MACHACA,consulta externa,nuevas en personas de 15 a 59 anos,2006-10-01,14,42,14,42,56
SANTIVAÑES,consulta externa,nuevas en personas de 15 a 59 anos,2006-10-01,54,95,54,95,149
SANTUARIO DE QUILLACAS,consulta externa,nuevas en personas de 15 a 59 anos,2006-10-01,24,56,24,56,80
SAPAHAQUI,consulta externa,nuevas en personas de 15 a 59 anos,2006-10-01,82,120,82,120,202
SENA,consulta externa,nuevas en personas de 15 a 59 anos,2006-10-01,31,82,31,82,113
SICA SICA (VILLA AROMA),consulta externa,nuevas en personas de 15 a 59 anos,2006-10-01,113,217,113,217,330
SICAYA,consulta externa,nuevas en personas de 15 a 59 anos,2006-10-01,11,18,11,18,29
SIPE SIPE,consulta externa,nuevas en personas de 15 a 59 anos,2006-10-01,88,342,88,342,430
SOPACHUY,consulta externa,nuevas en personas de 15 a 59 anos,2006-10-01,114,348,114,348,462
SORACACHI,consulta externa,nuevas en personas de 15 a 59 anos,2006-10-01,46,72,46,72,118
SORATA,consulta externa,nuevas en personas de 15 a 59 anos,2006-10-01,170,270,170,270,440
SUCRE,consulta externa,nuevas en personas de 15 a 59 anos,2006-10-01,8542,17728,8542,17728,26270
TACACHI,consulta externa,nuevas en personas de 15 a 59 anos,2006-10-01,9,31,9,31,40
TACACOMA,consulta externa,nuevas en personas de 15 a 59 anos,2006-10-01,60,100,60,100,160
TACOBAMBA,consulta externa,nuevas en personas de 15 a 59 anos,2006-10-01,104,206,104,206,310
TACOPAYA,consulta externa,nuevas en personas de 15 a 59 anos,2006-10-01,67,240,67,240,307
TAHUA,consulta externa,nuevas en personas de 15 a 59 anos,2006-10-01,15,48,15,48,63
TAPACARI,consulta externa,nuevas en personas de 15 a 59 anos,2006-10-01,215,509,215,509,724
TARABUCO,consulta externa,nuevas en personas de 15 a 59 anos,2006-10-01,306,623,306,623,929
TARACO,consulta externa,nuevas en personas de 15 a 59 anos,2006-10-01,17,58,17,58,75
TARATA,consulta externa,nuevas en personas de 15 a 59 anos,2006-10-01,54,104,54,104,158
TARIJA,consulta externa,nuevas en personas de 15 a 59 anos,2006-10-01,4485,8730,4485,8730,13215
TARVITA,consulta externa,nuevas en personas de 15 a 59 anos,2006-10-01,245,638,245,638,883
TEOPONTE,consulta externa,nuevas en personas de 15 a 59 anos,2006-10-01,72,132,72,132,204
TIAWANACU,consulta externa,nuevas en personas de 15 a 59 anos,2006-10-01,73,146,73,146,219
TINGUIPAYA,consulta externa,nuevas en personas de 15 a 59 anos,2006-10-01,147,414,147,414,561
TIPUANI,consulta externa,nuevas en personas de 15 a 59 anos,2006-10-01,97,192,97,192,289
TIQUIPAYA,consulta externa,nuevas en personas de 15 a 59 anos,2006-10-01,79,427,79,427,506
TIRAQUE (CBBA),consulta externa,nuevas en personas de 15 a 59 anos,2006-10-01,324,795,324,795,1119
TITO YUPANQUI (PARQUIPUJIO),consulta externa,nuevas en personas de 15 a 59 anos,2006-10-01,11,77,11,77,88
TOCO,consulta externa,nuevas en personas de 15 a 59 anos,2006-10-01,26,61,26,61,87
TOLATA,consulta externa,nuevas en personas de 15 a 59 anos,2006-10-01,23,39,23,39,62
TOLEDO,consulta externa,nuevas en personas de 15 a 59 anos,2006-10-01,122,199,122,199,321
TOMAVE,consulta externa,nuevas en personas de 15 a 59 anos,2006-10-01,184,288,184,288,472
TOMINA,consulta externa,nuevas en personas de 15 a 59 anos,2006-10-01,280,551,280,551,831
TORO TORO,consulta externa,nuevas en personas de 15 a 59 anos,2006-10-01,133,297,133,297,430
TOTORA(CBBA),consulta externa,nuevas en personas de 15 a 59 anos,2006-10-01,79,99,79,99,178
TOTORA(ORR),consulta externa,nuevas en personas de 15 a 59 anos,2006-10-01,43,65,43,65,108
TRIGAL,consulta externa,nuevas en personas de 15 a 59 anos,2006-10-01,29,56,29,56,85
TRINIDAD,consulta externa,nuevas en personas de 15 a 59 anos,2006-10-01,1135,2057,1135,2057,3192
TUPIZA,consulta externa,nuevas en personas de 15 a 59 anos,2006-10-01,1519,2775,1519,2775,4294
TURCO,consulta externa,nuevas en personas de 15 a 59 anos,2006-10-01,67,70,67,70,137
UMALA,consulta externa,nuevas en personas de 15 a 59 anos,2006-10-01,21,34,21,34,55
UNCIA,consulta externa,nuevas en personas de 15 a 59 anos,2006-10-01,483,997,483,997,1480
URIONDO (A. CONCEPCION),consulta externa,nuevas en personas de 15 a 59 anos,2006-10-01,160,552,160,552,712
URUBICHA,consulta externa,nuevas en personas de 15 a 59 anos,2006-10-01,42,98,42,98,140
UYUNI,consulta externa,nuevas en personas de 15 a 59 anos,2006-10-01,733,948,733,948,1681
VACAS,consulta externa,nuevas en personas de 15 a 59 anos,2006-10-01,141,216,141,216,357
VALLEGRANDE,consulta externa,nuevas en personas de 15 a 59 anos,2006-10-01,682,1257,682,1257,1939
VIACHA,consulta externa,nuevas en personas de 15 a 59 anos,2006-10-01,491,990,491,990,1481
VILA VILA,consulta externa,nuevas en personas de 15 a 59 anos,2006-10-01,27,48,27,48,75
VILLA MONTES,consulta externa,nuevas en personas de 15 a 59 anos,2006-10-01,466,623,466,623,1089
VILLA NUEVA (LOMA ALTA),consulta externa,nuevas en personas de 15 a 59 anos,2006-10-01,71,72,71,72,143
VILLA RIVERO,consulta externa,nuevas en personas de 15 a 59 anos,2006-10-01,51,128,51,128,179
VILLA SERRANO,consulta externa,nuevas en personas de 15 a 59 anos,2006-10-01,173,383,173,383,556
VILLA TUNARI,consulta externa,nuevas en personas de 15 a 59 anos,2006-10-01,847,1602,847,1602,2449
VILLA VACA GUZMAN (MUYUPAMPA),consulta externa,nuevas en personas de 15 a 59 anos,2006-10-01,277,482,277,482,759
VILLAZON,consulta externa,nuevas en personas de 15 a 59 anos,2006-10-01,709,1811,709,1811,2520
VINTO,consulta externa,nuevas en personas de 15 a 59 anos,2006-10-01,171,376,171,376,547
VITICHI,consulta externa,nuevas en personas de 15 a 59 anos,2006-10-01,186,371,186,371,557
WALDO BALLIVIAN,consulta externa,nuevas en personas de 15 a 59 anos,2006-10-01,21,63,21,63,84
WARNES,consulta externa,nuevas en personas de 15 a 59 anos,2006-10-01,528,804,528,804,1332
YACO,consulta externa,nuevas en personas de 15 a 59 anos,2006-10-01,45,101,45,101,146
YACUIBA,consulta externa,nuevas en personas de 15 a 59 anos,2006-10-01,1719,3827,1719,3827,5546
YAMPARAEZ,consulta externa,nuevas en personas de 15 a 59 anos,2006-10-01,109,237,109,237,346
YANACACHI,consulta externa,nuevas en personas de 15 a 59 anos,2006-10-01,139,153,139,153,292
YAPACANI,consulta externa,nuevas en personas de 15 a 59 anos,2006-10-01,1269,1840,1269,1840,3109
YOCALLA,consulta externa,nuevas en personas de 15 a 59 anos,2006-10-01,179,264,179,264,443
YOTALA,consulta externa,nuevas en personas de 15 a 59 anos,2006-10-01,81,212,81,212,293
YUNCHARA,consulta externa,nuevas en personas de 15 a 59 anos,2006-10-01,103,202,103,202,305
ZUDAÑEZ,consulta externa,nuevas en personas de 15 a 59 anos,2006-10-01,219,465,219,465,684
ACACIO,consulta externa,nuevas en personas de 15 a 59 anos,2006-11-01,98,215,98,215,313
ACHACACHI,consulta externa,nuevas en personas de 15 a 59 anos,2006-11-01,443,559,443,559,1002
ACHOCALLA,consulta externa,nuevas en personas de 15 a 59 anos,2006-11-01,57,114,57,114,171
AIQUILE,consulta externa,nuevas en personas de 15 a 59 anos,2006-11-01,186,423,186,423,609
ALCALA,consulta externa,nuevas en personas de 15 a 59 anos,2006-11-01,78,364,78,364,442
ANCORAIMES,consulta externa,nuevas en personas de 15 a 59 anos,2006-11-01,123,258,123,258,381
ANDAMARCA,consulta externa,nuevas en personas de 15 a 59 anos,2006-11-01,39,26,39,26,65
ANTEQUERA,consulta externa,nuevas en personas de 15 a 59 anos,2006-11-01,21,46,21,46,67
ANZALDO,consulta externa,nuevas en personas de 15 a 59 anos,2006-11-01,49,86,49,86,135
APOLO,consulta externa,nuevas en personas de 15 a 59 anos,2006-11-01,249,514,249,514,763
ARAMPAMPA,consulta externa,nuevas en personas de 15 a 59 anos,2006-11-01,81,106,81,106,187
ARANI,consulta externa,nuevas en personas de 15 a 59 anos,2006-11-01,66,117,66,117,183
ARBIETO,consulta externa,nuevas en personas de 15 a 59 anos,2006-11-01,38,119,38,119,157
ARQUE,consulta externa,nuevas en personas de 15 a 59 anos,2006-11-01,120,235,120,235,355
ASCENCION DE GUARAYOS,consulta externa,nuevas en personas de 15 a 59 anos,2006-11-01,311,403,311,403,714
ATOCHA,consulta externa,nuevas en personas de 15 a 59 anos,2006-11-01,828,956,828,956,1784
AUCAPATA,consulta externa,nuevas en personas de 15 a 59 anos,2006-11-01,109,131,109,131,240
AYATA,consulta externa,nuevas en personas de 15 a 59 anos,2006-11-01,58,139,58,139,197
AYO AYO,consulta externa,nuevas en personas de 15 a 59 anos,2006-11-01,67,111,67,111,178
AYOPAYA (V. DE INDEPENDENCIA),consulta externa,nuevas en personas de 15 a 59 anos,2006-11-01,197,473,197,473,670
AZURDUY,consulta externa,nuevas en personas de 15 a 59 anos,2006-11-01,303,483,303,483,786
BATALLAS,consulta externa,nuevas en personas de 15 a 59 anos,2006-11-01,88,156,88,156,244
BAURES,consulta externa,nuevas en personas de 15 a 59 anos,2006-11-01,95,144,95,144,239
BELEN DE ANDAMARCA,consulta externa,nuevas en personas de 15 a 59 anos,2006-11-01,20,31,20,31,51
BELEN DE URMIRI,consulta externa,nuevas en personas de 15 a 59 anos,2006-11-01,55,87,55,87,142
BELLA FLOR,consulta externa,nuevas en personas de 15 a 59 anos,2006-11-01,45,50,45,50,95
BERMEJO,consulta externa,nuevas en personas de 15 a 59 anos,2006-11-01,670,1124,670,1124,1794
BETANZOS,consulta externa,nuevas en personas de 15 a 59 anos,2006-11-01,484,1048,484,1048,1532
BOLIVAR,consulta externa,nuevas en personas de 15 a 59 anos,2006-11-01,86,169,86,169,255
BOLPEBRA,consulta externa,nuevas en personas de 15 a 59 anos,2006-11-01,60,83,60,83,143
BOYUIBE,consulta externa,nuevas en personas de 15 a 59 anos,2006-11-01,36,71,36,71,107
BUENA VISTA,consulta externa,nuevas en personas de 15 a 59 anos,2006-11-01,184,279,184,279,463
CABEZAS,consulta externa,nuevas en personas de 15 a 59 anos,2006-11-01,512,701,512,701,1213
CAIROMA,consulta externa,nuevas en personas de 15 a 59 anos,2006-11-01,93,186,93,186,279
"CAIZA ""D""",consulta externa,nuevas en personas de 15 a 59 anos,2006-11-01,186,286,186,286,472
CAJUATA,consulta externa,nuevas en personas de 15 a 59 anos,2006-11-01,122,206,122,206,328
CALACOTO,consulta externa,nuevas en personas de 15 a 59 anos,2006-11-01,58,99,58,99,157
CALAMARCA,consulta externa,nuevas en personas de 15 a 59 anos,2006-11-01,55,133,55,133,188
CAMARGO,consulta externa,nuevas en personas de 15 a 59 anos,2006-11-01,275,566,275,566,841
CAMATAQUI (C. VILLA ABECIA),consulta externa,nuevas en personas de 15 a 59 anos,2006-11-01,109,235,109,235,344
CAMIRI,consulta externa,nuevas en personas de 15 a 59 anos,2006-11-01,1069,2146,1069,2146,3215
CAPINOTA,consulta externa,nuevas en personas de 15 a 59 anos,2006-11-01,222,323,222,323,545
CAQUIAVIRI,consulta externa,nuevas en personas de 15 a 59 anos,2006-11-01,88,178,88,178,266
CARACOLLO,consulta externa,nuevas en personas de 15 a 59 anos,2006-11-01,115,210,115,210,325
CARANAVI,consulta externa,nuevas en personas de 15 a 59 anos,2006-11-01,959,1877,959,1877,2836
CARANGAS,consulta externa,nuevas en personas de 15 a 59 anos,2006-11-01,1,2,1,2,3
CARAPARI,consulta externa,nuevas en personas de 15 a 59 anos,2006-11-01,276,422,276,422,698
CARIPUYO,consulta externa,nuevas en personas de 15 a 59 anos,2006-11-01,68,163,68,163,231
CARMEN RIVERO TORREZ,consulta externa,nuevas en personas de 15 a 59 anos,2006-11-01,31,51,31,51,82
CATACORA,consulta externa,nuevas en personas de 15 a 59 anos,2006-11-01,5,15,5,15,20
CHACARILLA,consulta externa,nuevas en personas de 15 a 59 anos,2006-11-01,7,18,7,18,25
CHALLAPATA,consulta externa,nuevas en personas de 15 a 59 anos,2006-11-01,698,1120,698,1120,1818
CHAQUI,consulta externa,nuevas en personas de 15 a 59 anos,2006-11-01,86,169,86,169,255
CHARAGUA,consulta externa,nuevas en personas de 15 a 59 anos,2006-11-01,178,456,178,456,634
CHARAÑA,consulta externa,nuevas en personas de 15 a 59 anos,2006-11-01,45,63,45,63,108
CHAYANTA,consulta externa,nuevas en personas de 15 a 59 anos,2006-11-01,236,388,236,388,624
CHIMORE,consulta externa,nuevas en personas de 15 a 59 anos,2006-11-01,139,174,139,174,313
CHIPAYA,consulta externa,nuevas en personas de 15 a 59 anos,2006-11-01,18,19,18,19,37
CHOQUE COTA,consulta externa,nuevas en personas de 15 a 59 anos,2006-11-01,58,89,58,89,147
CHULUMANI (V. DE LA LIBERTAD),consulta externa,nuevas en personas de 15 a 59 anos,2006-11-01,226,257,226,257,483
CHUMA,consulta externa,nuevas en personas de 15 a 59 anos,2006-11-01,193,292,193,292,485
CLIZA,consulta externa,nuevas en personas de 15 a 59 anos,2006-11-01,60,105,60,105,165
COBIJA,consulta externa,nuevas en personas de 15 a 59 anos,2006-11-01,895,1419,895,1419,2314
COCHABAMBA,consulta externa,nuevas en personas de 15 a 59 anos,2006-11-01,13122,24507,13122,24507,37629
COIPASA,consulta externa,nuevas en personas de 15 a 59 anos,2006-11-01,21,22,21,22,43
COLCAPIRHUA,consulta externa,nuevas en personas de 15 a 59 anos,2006-11-01,407,718,407,718,1125
"COLCHA ""K""",consulta externa,nuevas en personas de 15 a 59 anos,2006-11-01,216,417,216,417,633
COLLANA,consulta externa,nuevas en personas de 15 a 59 anos,2006-11-01,27,38,27,38,65
COLOMI,consulta externa,nuevas en personas de 15 a 59 anos,2006-11-01,113,256,113,256,369
COLPA BELGICA,consulta externa,nuevas en personas de 15 a 59 anos,2006-11-01,126,170,126,170,296
COLQUECHACA,consulta externa,nuevas en personas de 15 a 59 anos,2006-11-01,388,713,388,713,1101
COLQUENCHA,consulta externa,nuevas en personas de 15 a 59 anos,2006-11-01,91,167,91,167,258
COLQUIRI,consulta externa,nuevas en personas de 15 a 59 anos,2006-11-01,223,544,223,544,767
COMANCHE,consulta externa,nuevas en personas de 15 a 59 anos,2006-11-01,14,34,14,34,48
COMARAPA,consulta externa,nuevas en personas de 15 a 59 anos,2006-11-01,339,528,339,528,867
COMBAYA,consulta externa,nuevas en personas de 15 a 59 anos,2006-11-01,16,30,16,30,46
CONCEPCION,consulta externa,nuevas en personas de 15 a 59 anos,2006-11-01,50,121,50,121,171
COPACABANA,consulta externa,nuevas en personas de 15 a 59 anos,2006-11-01,124,245,124,245,369
CORIPATA,consulta externa,nuevas en personas de 15 a 59 anos,2006-11-01,143,192,143,192,335
CORO CORO,consulta externa,nuevas en personas de 15 a 59 anos,2006-11-01,81,188,81,188,269
COROICO,consulta externa,nuevas en personas de 15 a 59 anos,2006-11-01,378,293,378,293,671
CORQUE,consulta externa,nuevas en personas de 15 a 59 anos,2006-11-01,82,120,82,120,202
COTAGAITA,consulta externa,nuevas en personas de 15 a 59 anos,2006-11-01,586,1071,586,1071,1657
COTOCA,consulta externa,nuevas en personas de 15 a 59 anos,2006-11-01,123,552,123,552,675
CUATRO CAÑADAS,consulta externa,nuevas en personas de 15 a 59 anos,2006-11-01,197,380,197,380,577
CUCHUMUELA (V. G. VILLARROEL),consulta externa,nuevas en personas de 15 a 59 anos,2006-11-01,8,31,8,31,39
CUEVO,consulta externa,nuevas en personas de 15 a 59 anos,2006-11-01,80,140,80,140,220
CULPINA,consulta externa,nuevas en personas de 15 a 59 anos,2006-11-01,355,868,355,868,1223
CURAHUARA DE CARANGAS,consulta externa,nuevas en personas de 15 a 59 anos,2006-11-01,144,282,144,282,426
CURVA,consulta externa,nuevas en personas de 15 a 59 anos,2006-11-01,18,40,18,40,58
DESAGUADERO,consulta externa,nuevas en personas de 15 a 59 anos,2006-11-01,49,78,49,78,127
EL ALTO,consulta externa,nuevas en personas de 15 a 59 anos,2006-11-01,5331,10445,5331,10445,15776
EL CHORO,consulta externa,nuevas en personas de 15 a 59 anos,2006-11-01,49,103,49,103,152
EL PUENTE(STC),consulta externa,nuevas en personas de 15 a 59 anos,2006-11-01,104,196,104,196,300
EL PUENTE(TJA),consulta externa,nuevas en personas de 15 a 59 anos,2006-11-01,177,385,177,385,562
EL TORNO,consulta externa,nuevas en personas de 15 a 59 anos,2006-11-01,615,958,615,958,1573
EL VILLAR,consulta externa,nuevas en personas de 15 a 59 anos,2006-11-01,101,236,101,236,337
ENTRE RIOS,consulta externa,nuevas en personas de 15 a 59 anos,2006-11-01,560,832,560,832,1392
ENTRE RIOS,consulta externa,nuevas en personas de 15 a 59 anos,2006-11-01,258,339,258,339,597
ESCARA,consulta externa,nuevas en personas de 15 a 59 anos,2006-11-01,5,4,5,4,9
ESMERALDA,consulta externa,nuevas en personas de 15 a 59 anos,2006-11-01,7,16,7,16,23
EUCALIPTUS,consulta externa,nuevas en personas de 15 a 59 anos,2006-11-01,95,153,95,153,248
EUREKA (SANTOS MERCADO),consulta externa,nuevas en personas de 15 a 59 anos,2006-11-01,26,59,26,59,85
EXALTACION,consulta externa,nuevas en personas de 15 a 59 anos,2006-11-01,37,107,37,107,144
FERNANDEZ ALONSO,consulta externa,nuevas en personas de 15 a 59 anos,2006-11-01,233,376,233,376,609
FILADELFIA,consulta externa,nuevas en personas de 15 a 59 anos,2006-11-01,106,216,106,216,322
GENERAL SAAVEDRA,consulta externa,nuevas en personas de 15 a 59 anos,2006-11-01,175,358,175,358,533
GRAL. J.J. PEREZ (CHARAZANI),consulta externa,nuevas en personas de 15 a 59 anos,2006-11-01,64,128,64,128,192
GUANAY,consulta externa,nuevas en personas de 15 a 59 anos,2006-11-01,207,389,207,389,596
GUAQUI,consulta externa,nuevas en personas de 15 a 59 anos,2006-11-01,52,73,52,73,125
GUAYARAMERIN,consulta externa,nuevas en personas de 15 a 59 anos,2006-11-01,713,1820,713,1820,2533
GUTIERREZ,consulta externa,nuevas en personas de 15 a 59 anos,2006-11-01,203,309,203,309,512
HUACARETA,consulta externa,nuevas en personas de 15 a 59 anos,2006-11-01,305,465,305,465,770
HUACAYA (VILLA DE HUACAYA),consulta externa,nuevas en personas de 15 a 59 anos,2006-11-01,47,164,47,164,211
HUACHACALLA,consulta externa,nuevas en personas de 15 a 59 anos,2006-11-01,215,229,215,229,444
HUANUNI,consulta externa,nuevas en personas de 15 a 59 anos,2006-11-01,368,646,368,646,1014
HUARACAJE,consulta externa,nuevas en personas de 15 a 59 anos,2006-11-01,40,80,40,80,120
HUAYLLAMARCA,consulta externa,nuevas en personas de 15 a 59 anos,2006-11-01,60,129,60,129,189
ICHOCA,consulta externa,nuevas en personas de 15 a 59 anos,2006-11-01,53,150,53,150,203
ICLA,consulta externa,nuevas en personas de 15 a 59 anos,2006-11-01,158,355,158,355,513
INCAHUASI,consulta externa,nuevas en personas de 15 a 59 anos,2006-11-01,223,772,223,772,995
INGAVI (HUMAITA),consulta externa,nuevas en personas de 15 a 59 anos,2006-11-01,12,14,12,14,26
INQUISIVI,consulta externa,nuevas en personas de 15 a 59 anos,2006-11-01,172,261,172,261,433
IRUPANA (VILLA DE LANZA),consulta externa,nuevas en personas de 15 a 59 anos,2006-11-01,200,355,200,355,555
IXIAMAS,consulta externa,nuevas en personas de 15 a 59 anos,2006-11-01,232,382,232,382,614
JESUS DE MACHACA,consulta externa,nuevas en personas de 15 a 59 anos,2006-11-01,116,296,116,296,412
LA ASUNTA,consulta externa,nuevas en personas de 15 a 59 anos,2006-11-01,276,513,276,513,789
LA GUARDIA,consulta externa,nuevas en personas de 15 a 59 anos,2006-11-01,229,615,229,615,844
LA PAZ,consulta externa,nuevas en personas de 15 a 59 anos,2006-11-01,22085,39924,22085,39924,62009
LA RIVERA,consulta externa,nuevas en personas de 15 a 59 anos,2006-11-01,3,2,3,2,5
LAGUNILLAS,consulta externa,nuevas en personas de 15 a 59 anos,2006-11-01,140,299,140,299,439
LAJA,consulta externa,nuevas en personas de 15 a 59 anos,2006-11-01,74,156,74,156,230
LAS CARRERAS,consulta externa,nuevas en personas de 15 a 59 anos,2006-11-01,74,227,74,227,301
LICOMA PAMPA,consulta externa,nuevas en personas de 15 a 59 anos,2006-11-01,31,53,31,53,84
LLALLAGUA,consulta externa,nuevas en personas de 15 a 59 anos,2006-11-01,558,1075,558,1075,1633
LLICA,consulta externa,nuevas en personas de 15 a 59 anos,2006-11-01,128,202,128,202,330
LORETO,consulta externa,nuevas en personas de 15 a 59 anos,2006-11-01,42,103,42,103,145
LURIBAY,consulta externa,nuevas en personas de 15 a 59 anos,2006-11-01,146,268,146,268,414
MACHACAMARCA,consulta externa,nuevas en personas de 15 a 59 anos,2006-11-01,32,99,32,99,131
MACHARETI,consulta externa,nuevas en personas de 15 a 59 anos,2006-11-01,206,425,206,425,631
MAGDALENA,consulta externa,nuevas en personas de 15 a 59 anos,2006-11-01,124,333,124,333,457
MAIRANA,consulta externa,nuevas en personas de 15 a 59 anos,2006-11-01,95,237,95,237,332
MALLA,consulta externa,nuevas en personas de 15 a 59 anos,2006-11-01,60,80,60,80,140
MAPIRI,consulta externa,nuevas en personas de 15 a 59 anos,2006-11-01,166,258,166,258,424
MECAPACA,consulta externa,nuevas en personas de 15 a 59 anos,2006-11-01,137,253,137,253,390
MINEROS,consulta externa,nuevas en personas de 15 a 59 anos,2006-11-01,107,355,107,355,462
MIZQUE,consulta externa,nuevas en personas de 15 a 59 anos,2006-11-01,113,205,113,205,318
MOCOMOCO,consulta externa,nuevas en personas de 15 a 59 anos,2006-11-01,192,217,192,217,409
MOJINETE,consulta externa,nuevas en personas de 15 a 59 anos,2006-11-01,17,54,17,54,71
MOJOCOYA,consulta externa,nuevas en personas de 15 a 59 anos,2006-11-01,200,438,200,438,638
MONTEAGUDO,consulta externa,nuevas en personas de 15 a 59 anos,2006-11-01,1191,2108,1191,2108,3299
MONTERO,consulta externa,nuevas en personas de 15 a 59 anos,2006-11-01,1078,2456,1078,2456,3534
MORO MORO,consulta externa,nuevas en personas de 15 a 59 anos,2006-11-01,16,83,16,83,99
MOROCHATA,consulta externa,nuevas en personas de 15 a 59 anos,2006-11-01,124,225,124,225,349
NACEBE (SANTA ROSA DEL ABUNA),consulta externa,nuevas en personas de 15 a 59 anos,2006-11-01,80,92,80,92,172
NUEVO MANOA (NUEVA ESPERANZA),consulta externa,nuevas en personas de 15 a 59 anos,2006-11-01,27,44,27,44,71
OCURI,consulta externa,nuevas en personas de 15 a 59 anos,2006-11-01,184,535,184,535,719
OKINAWA,consulta externa,nuevas en personas de 15 a 59 anos,2006-11-01,311,861,311,861,1172
OMEREQUE,consulta externa,nuevas en personas de 15 a 59 anos,2006-11-01,58,96,58,96,154
ORURO,consulta externa,nuevas en personas de 15 a 59 anos,2006-11-01,7091,10999,7091,10999,18090
PADCAYA,consulta externa,nuevas en personas de 15 a 59 anos,2006-11-01,421,667,421,667,1088
PADILLA,consulta externa,nuevas en personas de 15 a 59 anos,2006-11-01,358,913,358,913,1271
PAILON,consulta externa,nuevas en personas de 15 a 59 anos,2006-11-01,165,198,165,198,363
PALCA,consulta externa,nuevas en personas de 15 a 59 anos,2006-11-01,111,163,111,163,274
PALOS BLANCOS,consulta externa,nuevas en personas de 15 a 59 anos,2006-11-01,490,624,490,624,1114
PAMPA AULLAGAS,consulta externa,nuevas en personas de 15 a 59 anos,2006-11-01,26,55,26,55,81
PAMPA GRANDE,consulta externa,nuevas en personas de 15 a 59 anos,2006-11-01,68,152,68,152,220
PAPEL PAMPA,consulta externa,nuevas en personas de 15 a 59 anos,2006-11-01,57,78,57,78,135
PASORAPA,consulta externa,nuevas en personas de 15 a 59 anos,2006-11-01,12,28,12,28,40
PATACAMAYA,consulta externa,nuevas en personas de 15 a 59 anos,2006-11-01,137,198,137,198,335
PAZÑA,consulta externa,nuevas en personas de 15 a 59 anos,2006-11-01,139,158,139,158,297
PELECHUCO,consulta externa,nuevas en personas de 15 a 59 anos,2006-11-01,122,148,122,148,270
POCOATA,consulta externa,nuevas en personas de 15 a 59 anos,2006-11-01,257,451,257,451,708
POCONA,consulta externa,nuevas en personas de 15 a 59 anos,2006-11-01,117,124,117,124,241
POJO (CBBA),consulta externa,nuevas en personas de 15 a 59 anos,2006-11-01,60,169,60,169,229
POOPO,consulta externa,nuevas en personas de 15 a 59 anos,2006-11-01,57,96,57,96,153
PORCO,consulta externa,nuevas en personas de 15 a 59 anos,2006-11-01,103,172,103,172,275
POROMA,consulta externa,nuevas en personas de 15 a 59 anos,2006-11-01,349,596,349,596,945
PORONGO,consulta externa,nuevas en personas de 15 a 59 anos,2006-11-01,115,177,115,177,292
PORTACHUELO,consulta externa,nuevas en personas de 15 a 59 anos,2006-11-01,341,858,341,858,1199
PORVENIR,consulta externa,nuevas en personas de 15 a 59 anos,2006-11-01,117,129,117,129,246
POSTRER VALLE,consulta externa,nuevas en personas de 15 a 59 anos,2006-11-01,39,76,39,76,115
POTOSI,consulta externa,nuevas en personas de 15 a 59 anos,2006-11-01,8960,8599,8960,8599,17559
PRESTO,consulta externa,nuevas en personas de 15 a 59 anos,2006-11-01,133,341,133,341,474
PUCARA,consulta externa,nuevas en personas de 15 a 59 anos,2006-11-01,35,95,35,95,130
PUCARANI,consulta externa,nuevas en personas de 15 a 59 anos,2006-11-01,174,322,174,322,496
PUERTO ACOSTA,consulta externa,nuevas en personas de 15 a 59 anos,2006-11-01,333,397,333,397,730
PUERTO CARABUCO,consulta externa,nuevas en personas de 15 a 59 anos,2006-11-01,151,270,151,270,421
PUERTO GONZALO MORENO,consulta externa,nuevas en personas de 15 a 59 anos,2006-11-01,137,161,137,161,298
PUERTO PEREZ,consulta externa,nuevas en personas de 15 a 59 anos,2006-11-01,73,90,73,90,163
PUERTO QUIJARRO,consulta externa,nuevas en personas de 15 a 59 anos,2006-11-01,503,522,503,522,1025
PUERTO RICO,consulta externa,nuevas en personas de 15 a 59 anos,2006-11-01,69,118,69,118,187
PUERTO SILES,consulta externa,nuevas en personas de 15 a 59 anos,2006-11-01,20,40,20,40,60
PUERTO SUAREZ,consulta externa,nuevas en personas de 15 a 59 anos,2006-11-01,199,350,199,350,549
PUERTO VILLARROEL,consulta externa,nuevas en personas de 15 a 59 anos,2006-11-01,585,850,585,850,1435
PUNA,consulta externa,nuevas en personas de 15 a 59 anos,2006-11-01,486,1108,486,1108,1594
PUNATA,consulta externa,nuevas en personas de 15 a 59 anos,2006-11-01,251,506,251,506,757
QUIABAYA,consulta externa,nuevas en personas de 15 a 59 anos,2006-11-01,51,94,51,94,145
QUILLACOLLO,consulta externa,nuevas en personas de 15 a 59 anos,2006-11-01,194,663,194,663,857
QUIME,consulta externa,nuevas en personas de 15 a 59 anos,2006-11-01,227,131,227,131,358
QUIRUSILLAS,consulta externa,nuevas en personas de 15 a 59 anos,2006-11-01,14,36,14,36,50
RAVELO,consulta externa,nuevas en personas de 15 a 59 anos,2006-11-01,200,411,200,411,611
REYES,consulta externa,nuevas en personas de 15 a 59 anos,2006-11-01,50,158,50,158,208
RIBERALTA,consulta externa,nuevas en personas de 15 a 59 anos,2006-11-01,761,1622,761,1622,2383
ROBORE,consulta externa,nuevas en personas de 15 a 59 anos,2006-11-01,193,617,193,617,810
RURRENABAQUE,consulta externa,nuevas en personas de 15 a 59 anos,2006-11-01,163,289,163,289,452
SABAYA,consulta externa,nuevas en personas de 15 a 59 anos,2006-11-01,83,116,83,116,199
SACABA,consulta externa,nuevas en personas de 15 a 59 anos,2006-11-01,579,1516,579,1516,2095
SACABAMBA,consulta externa,nuevas en personas de 15 a 59 anos,2006-11-01,36,55,36,55,91
SACACA,consulta externa,nuevas en personas de 15 a 59 anos,2006-11-01,260,634,260,634,894
SAIPINA,consulta externa,nuevas en personas de 15 a 59 anos,2006-11-01,164,298,164,298,462
SALINAS DE GARCI MENDOZA,consulta externa,nuevas en personas de 15 a 59 anos,2006-11-01,158,352,158,352,510
SAMAIPATA,consulta externa,nuevas en personas de 15 a 59 anos,2006-11-01,55,134,55,134,189
SAN AGUSTIN,consulta externa,nuevas en personas de 15 a 59 anos,2006-11-01,34,93,34,93,127
SAN ANDRES,consulta externa,nuevas en personas de 15 a 59 anos,2006-11-01,57,204,57,204,261
SAN ANDRES DE MACHACA,consulta externa,nuevas en personas de 15 a 59 anos,2006-11-01,80,157,80,157,237
SAN ANTONIO DE ESMORUCO,consulta externa,nuevas en personas de 15 a 59 anos,2006-11-01,31,63,31,63,94
SAN ANTONIO DE LOMERIO,consulta externa,nuevas en personas de 15 a 59 anos,2006-11-01,48,69,48,69,117
SAN BENITO,consulta externa,nuevas en personas de 15 a 59 anos,2006-11-01,91,248,91,248,339
SAN BORJA,consulta externa,nuevas en personas de 15 a 59 anos,2006-11-01,176,493,176,493,669
SAN BUENA VENTURA,consulta externa,nuevas en personas de 15 a 59 anos,2006-11-01,300,504,300,504,804
SAN CARLOS,consulta externa,nuevas en personas de 15 a 59 anos,2006-11-01,196,854,196,854,1050
SAN IGNACIO,consulta externa,nuevas en personas de 15 a 59 anos,2006-11-01,246,530,246,530,776
SAN IGNACIO DE VELASCO,consulta externa,nuevas en personas de 15 a 59 anos,2006-11-01,592,1392,592,1392,1984
SAN JAVIER(BNI),consulta externa,nuevas en personas de 15 a 59 anos,2006-11-01,25,37,25,37,62
SAN JAVIER(STC),consulta externa,nuevas en personas de 15 a 59 anos,2006-11-01,361,765,361,765,1126
SAN JOAQUIN,consulta externa,nuevas en personas de 15 a 59 anos,2006-11-01,76,177,76,177,253
SAN JOSE DE CHIQUITOS,consulta externa,nuevas en personas de 15 a 59 anos,2006-11-01,250,504,250,504,754
SAN JUAN DE YAPACANI,consulta externa,nuevas en personas de 15 a 59 anos,2006-11-01,244,349,244,349,593
SAN JULIAN,consulta externa,nuevas en personas de 15 a 59 anos,2006-11-01,1285,1837,1285,1837,3122
SAN LORENZO(PND),consulta externa,nuevas en personas de 15 a 59 anos,2006-11-01,87,180,87,180,267
SAN LORENZO(TJA),consulta externa,nuevas en personas de 15 a 59 anos,2006-11-01,253,657,253,657,910
SAN LUCAS,consulta externa,nuevas en personas de 15 a 59 anos,2006-11-01,554,1378,554,1378,1932
SAN MATIAS,consulta externa,nuevas en personas de 15 a 59 anos,2006-11-01,126,316,126,316,442
SAN MIGUEL DE VELASCO,consulta externa,nuevas en personas de 15 a 59 anos,2006-11-01,154,290,154,290,444
SAN PABLO DE LIPEZ,consulta externa,nuevas en personas de 15 a 59 anos,2006-11-01,76,173,76,173,249
SAN PEDRO,consulta externa,nuevas en personas de 15 a 59 anos,2006-11-01,349,655,349,655,1004
SAN PEDRO DE BUENA VISTA,consulta externa,nuevas en personas de 15 a 59 anos,2006-11-01,256,533,256,533,789
SAN PEDRO DE CURAHUARA,consulta externa,nuevas en personas de 15 a 59 anos,2006-11-01,71,104,71,104,175
SAN PEDRO DE QUEMES,consulta externa,nuevas en personas de 15 a 59 anos,2006-11-01,8,27,8,27,35
SAN PEDRO DE TIQUINA,consulta externa,nuevas en personas de 15 a 59 anos,2006-11-01,43,59,43,59,102
SAN PEDRO(PND),consulta externa,nuevas en personas de 15 a 59 anos,2006-11-01,7,12,7,12,19
SAN RAFAEL,consulta externa,nuevas en personas de 15 a 59 anos,2006-11-01,106,140,106,140,246
SAN RAMON,consulta externa,nuevas en personas de 15 a 59 anos,2006-11-01,57,137,57,137,194
SAN RAMON,consulta externa,nuevas en personas de 15 a 59 anos,2006-11-01,249,431,249,431,680
SANTA ANA,consulta externa,nuevas en personas de 15 a 59 anos,2006-11-01,137,307,137,307,444
SANTA CRUZ DE LA SIERRA,consulta externa,nuevas en personas de 15 a 59 anos,2006-11-01,17875,34640,17875,34640,52515
SANTA ROSA,consulta externa,nuevas en personas de 15 a 59 anos,2006-11-01,49,142,49,142,191
SANTA ROSA DEL SARA,consulta externa,nuevas en personas de 15 a 59 anos,2006-11-01,443,817,443,817,1260
SANTIAGO DE CALLAPA,consulta externa,nuevas en personas de 15 a 59 anos,2006-11-01,42,54,42,54,96
SANTIAGO DE HUARI,consulta externa,nuevas en personas de 15 a 59 anos,2006-11-01,94,158,94,158,252
SANTIAGO DE MACHACA,consulta externa,nuevas en personas de 15 a 59 anos,2006-11-01,20,48,20,48,68
SANTIVAÑES,consulta externa,nuevas en personas de 15 a 59 anos,2006-11-01,76,165,76,165,241
SANTUARIO DE QUILLACAS,consulta externa,nuevas en personas de 15 a 59 anos,2006-11-01,21,48,21,48,69
SAPAHAQUI,consulta externa,nuevas en personas de 15 a 59 anos,2006-11-01,81,132,81,132,213
SENA,consulta externa,nuevas en personas de 15 a 59 anos,2006-11-01,99,154,99,154,253
SICA SICA (VILLA AROMA),consulta externa,nuevas en personas de 15 a 59 anos,2006-11-01,104,216,104,216,320
SICAYA,consulta externa,nuevas en personas de 15 a 59 anos,2006-11-01,17,21,17,21,38
SIPE SIPE,consulta externa,nuevas en personas de 15 a 59 anos,2006-11-01,93,362,93,362,455
SOPACHUY,consulta externa,nuevas en personas de 15 a 59 anos,2006-11-01,159,360,159,360,519
SORACACHI,consulta externa,nuevas en personas de 15 a 59 anos,2006-11-01,113,166,113,166,279
SORATA,consulta externa,nuevas en personas de 15 a 59 anos,2006-11-01,194,277,194,277,471
SUCRE,consulta externa,nuevas en personas de 15 a 59 anos,2006-11-01,8184,16096,8184,16096,24280
TACACHI,consulta externa,nuevas en personas de 15 a 59 anos,2006-11-01,8,27,8,27,35
TACACOMA,consulta externa,nuevas en personas de 15 a 59 anos,2006-11-01,86,133,86,133,219
TACOBAMBA,consulta externa,nuevas en personas de 15 a 59 anos,2006-11-01,92,205,92,205,297
TACOPAYA,consulta externa,nuevas en personas de 15 a 59 anos,2006-11-01,70,156,70,156,226
TAHUA,consulta externa,nuevas en personas de 15 a 59 anos,2006-11-01,18,53,18,53,71
TAPACARI,consulta externa,nuevas en personas de 15 a 59 anos,2006-11-01,167,439,167,439,606
TARABUCO,consulta externa,nuevas en personas de 15 a 59 anos,2006-11-01,438,733,438,733,1171
TARACO,consulta externa,nuevas en personas de 15 a 59 anos,2006-11-01,25,60,25,60,85
TARATA,consulta externa,nuevas en personas de 15 a 59 anos,2006-11-01,42,72,42,72,114
TARIJA,consulta externa,nuevas en personas de 15 a 59 anos,2006-11-01,3096,6423,3096,6423,9519
TARVITA,consulta externa,nuevas en personas de 15 a 59 anos,2006-11-01,420,957,420,957,1377
TEOPONTE,consulta externa,nuevas en personas de 15 a 59 anos,2006-11-01,61,67,61,67,128
TIAWANACU,consulta externa,nuevas en personas de 15 a 59 anos,2006-11-01,71,165,71,165,236
TINGUIPAYA,consulta externa,nuevas en personas de 15 a 59 anos,2006-11-01,176,474,176,474,650
TIPUANI,consulta externa,nuevas en personas de 15 a 59 anos,2006-11-01,129,261,129,261,390
TIQUIPAYA,consulta externa,nuevas en personas de 15 a 59 anos,2006-11-01,174,524,174,524,698
TIRAQUE (CBBA),consulta externa,nuevas en personas de 15 a 59 anos,2006-11-01,344,853,344,853,1197
TITO YUPANQUI (PARQUIPUJIO),consulta externa,nuevas en personas de 15 a 59 anos,2006-11-01,22,79,22,79,101
TOCO,consulta externa,nuevas en personas de 15 a 59 anos,2006-11-01,20,35,20,35,55
TODOS SANTOS,consulta externa,nuevas en personas de 15 a 59 anos,2006-11-01,7,5,7,5,12
TOLATA,consulta externa,nuevas en personas de 15 a 59 anos,2006-11-01,19,52,19,52,71
TOLEDO,consulta externa,nuevas en personas de 15 a 59 anos,2006-11-01,105,177,105,177,282
TOMAVE,consulta externa,nuevas en personas de 15 a 59 anos,2006-11-01,223,361,223,361,584
TOMINA,consulta externa,nuevas en personas de 15 a 59 anos,2006-11-01,264,499,264,499,763
TORO TORO,consulta externa,nuevas en personas de 15 a 59 anos,2006-11-01,151,345,151,345,496
TOTORA(CBBA),consulta externa,nuevas en personas de 15 a 59 anos,2006-11-01,86,117,86,117,203
TOTORA(ORR),consulta externa,nuevas en personas de 15 a 59 anos,2006-11-01,49,66,49,66,115
TRIGAL,consulta externa,nuevas en personas de 15 a 59 anos,2006-11-01,35,46,35,46,81
TRINIDAD,consulta externa,nuevas en personas de 15 a 59 anos,2006-11-01,960,1971,960,1971,2931
TUPIZA,consulta externa,nuevas en personas de 15 a 59 anos,2006-11-01,1520,2732,1520,2732,4252
TURCO,consulta externa,nuevas en personas de 15 a 59 anos,2006-11-01,84,163,84,163,247
UMALA,consulta externa,nuevas en personas de 15 a 59 anos,2006-11-01,8,25,8,25,33
UNCIA,consulta externa,nuevas en personas de 15 a 59 anos,2006-11-01,309,718,309,718,1027
URIONDO (A. CONCEPCION),consulta externa,nuevas en personas de 15 a 59 anos,2006-11-01,277,623,277,623,900
URUBICHA,consulta externa,nuevas en personas de 15 a 59 anos,2006-11-01,38,75,38,75,113
UYUNI,consulta externa,nuevas en personas de 15 a 59 anos,2006-11-01,448,722,448,722,1170
VACAS,consulta externa,nuevas en personas de 15 a 59 anos,2006-11-01,117,240,117,240,357
VALLEGRANDE,consulta externa,nuevas en personas de 15 a 59 anos,2006-11-01,653,1205,653,1205,1858
VIACHA,consulta externa,nuevas en personas de 15 a 59 anos,2006-11-01,551,900,551,900,1451
VILA VILA,consulta externa,nuevas en personas de 15 a 59 anos,2006-11-01,26,46,26,46,72
VILLA MONTES,consulta externa,nuevas en personas de 15 a 59 anos,2006-11-01,599,746,599,746,1345
VILLA NUEVA (LOMA ALTA),consulta externa,nuevas en personas de 15 a 59 anos,2006-11-01,90,80,90,80,170
VILLA RIVERO,consulta externa,nuevas en personas de 15 a 59 anos,2006-11-01,52,82,52,82,134
VILLA SERRANO,consulta externa,nuevas en personas de 15 a 59 anos,2006-11-01,257,547,257,547,804
VILLA TUNARI,consulta externa,nuevas en personas de 15 a 59 anos,2006-11-01,834,1376,834,1376,2210
VILLA VACA GUZMAN (MUYUPAMPA),consulta externa,nuevas en personas de 15 a 59 anos,2006-11-01,322,649,322,649,971
VILLAZON,consulta externa,nuevas en personas de 15 a 59 anos,2006-11-01,674,1681,674,1681,2355
VINTO,consulta externa,nuevas en personas de 15 a 59 anos,2006-11-01,66,189,66,189,255
VITICHI,consulta externa,nuevas en personas de 15 a 59 anos,2006-11-01,250,362,250,362,612
WALDO BALLIVIAN,consulta externa,nuevas en personas de 15 a 59 anos,2006-11-01,15,61,15,61,76
WARNES,consulta externa,nuevas en personas de 15 a 59 anos,2006-11-01,472,876,472,876,1348
YACO,consulta externa,nuevas en personas de 15 a 59 anos,2006-11-01,59,109,59,109,168
YACUIBA,consulta externa,nuevas en personas de 15 a 59 anos,2006-11-01,2270,4667,2270,4667,6937
YAMPARAEZ,consulta externa,nuevas en personas de 15 a 59 anos,2006-11-01,122,169,122,169,291
YANACACHI,consulta externa,nuevas en personas de 15 a 59 anos,2006-11-01,184,192,184,192,376
YAPACANI,consulta externa,nuevas en personas de 15 a 59 anos,2006-11-01,1102,1891,1102,1891,2993
YOCALLA,consulta externa,nuevas en personas de 15 a 59 anos,2006-11-01,130,258,130,258,388
YOTALA,consulta externa,nuevas en personas de 15 a 59 anos,2006-11-01,165,308,165,308,473
YUNCHARA,consulta externa,nuevas en personas de 15 a 59 anos,2006-11-01,73,182,73,182,255
ZUDAÑEZ,consulta externa,nuevas en personas de 15 a 59 anos,2006-11-01,187,492,187,492,679
ACACIO,consulta externa,nuevas en personas de 15 a 59 anos,2006-12-01,71,164,71,164,235
ACHACACHI,consulta externa,nuevas en personas de 15 a 59 anos,2006-12-01,344,501,344,501,845
ACHOCALLA,consulta externa,nuevas en personas de 15 a 59 anos,2006-12-01,96,175,96,175,271
AIQUILE,consulta externa,nuevas en personas de 15 a 59 anos,2006-12-01,262,576,262,576,838
ALALAY,consulta externa,nuevas en personas de 15 a 59 anos,2006-12-01,2,6,2,6,8
ALCALA,consulta externa,nuevas en personas de 15 a 59 anos,2006-12-01,90,289,90,289,379
ANCORAIMES,consulta externa,nuevas en personas de 15 a 59 anos,2006-12-01,107,165,107,165,272
ANDAMARCA,consulta externa,nuevas en personas de 15 a 59 anos,2006-12-01,115,136,115,136,251
ANTEQUERA,consulta externa,nuevas en personas de 15 a 59 anos,2006-12-01,25,35,25,35,60
ANZALDO,consulta externa,nuevas en personas de 15 a 59 anos,2006-12-01,43,92,43,92,135
APOLO,consulta externa,nuevas en personas de 15 a 59 anos,2006-12-01,137,272,137,272,409
ARAMPAMPA,consulta externa,nuevas en personas de 15 a 59 anos,2006-12-01,55,94,55,94,149
ARANI,consulta externa,nuevas en personas de 15 a 59 anos,2006-12-01,22,85,22,85,107
ARBIETO,consulta externa,nuevas en personas de 15 a 59 anos,2006-12-01,30,76,30,76,106
ARQUE,consulta externa,nuevas en personas de 15 a 59 anos,2006-12-01,86,178,86,178,264
ASCENCION DE GUARAYOS,consulta externa,nuevas en personas de 15 a 59 anos,2006-12-01,181,365,181,365,546
ATOCHA,consulta externa,nuevas en personas de 15 a 59 anos,2006-12-01,875,1025,875,1025,1900
AUCAPATA,consulta externa,nuevas en personas de 15 a 59 anos,2006-12-01,56,80,56,80,136
AYATA,consulta externa,nuevas en personas de 15 a 59 anos,2006-12-01,75,153,75,153,228
AYO AYO,consulta externa,nuevas en personas de 15 a 59 anos,2006-12-01,33,80,33,80,113
AYOPAYA (V. DE INDEPENDENCIA),consulta externa,nuevas en personas de 15 a 59 anos,2006-12-01,173,467,173,467,640
AZURDUY,consulta externa,nuevas en personas de 15 a 59 anos,2006-12-01,215,556,215,556,771
BATALLAS,consulta externa,nuevas en personas de 15 a 59 anos,2006-12-01,88,168,88,168,256
BAURES,consulta externa,nuevas en personas de 15 a 59 anos,2006-12-01,103,159,103,159,262
BELEN DE ANDAMARCA,consulta externa,nuevas en personas de 15 a 59 anos,2006-12-01,25,47,25,47,72
BELEN DE URMIRI,consulta externa,nuevas en personas de 15 a 59 anos,2006-12-01,35,65,35,65,100
BELLA FLOR,consulta externa,nuevas en personas de 15 a 59 anos,2006-12-01,57,62,57,62,119
BERMEJO,consulta externa,nuevas en personas de 15 a 59 anos,2006-12-01,448,916,448,916,1364
BETANZOS,consulta externa,nuevas en personas de 15 a 59 anos,2006-12-01,478,1049,478,1049,1527
BOLIVAR,consulta externa,nuevas en personas de 15 a 59 anos,2006-12-01,56,112,56,112,168
BOLPEBRA,consulta externa,nuevas en personas de 15 a 59 anos,2006-12-01,12,32,12,32,44
BOYUIBE,consulta externa,nuevas en personas de 15 a 59 anos,2006-12-01,109,142,109,142,251
BUENA VISTA,consulta externa,nuevas en personas de 15 a 59 anos,2006-12-01,120,191,120,191,311
CABEZAS,consulta externa,nuevas en personas de 15 a 59 anos,2006-12-01,228,306,228,306,534
CAIROMA,consulta externa,nuevas en personas de 15 a 59 anos,2006-12-01,99,149,99,149,248
"CAIZA ""D""",consulta externa,nuevas en personas de 15 a 59 anos,2006-12-01,191,295,191,295,486
CAJUATA,consulta externa,nuevas en personas de 15 a 59 anos,2006-12-01,119,173,119,173,292
CALACOTO,consulta externa,nuevas en personas de 15 a 59 anos,2006-12-01,53,104,53,104,157
CALAMARCA,consulta externa,nuevas en personas de 15 a 59 anos,2006-12-01,51,143,51,143,194
CAMARGO,consulta externa,nuevas en personas de 15 a 59 anos,2006-12-01,387,826,387,826,1213
CAMATAQUI (C. VILLA ABECIA),consulta externa,nuevas en personas de 15 a 59 anos,2006-12-01,90,216,90,216,306
CAMIRI,consulta externa,nuevas en personas de 15 a 59 anos,2006-12-01,797,1722,797,1722,2519
CAPINOTA,consulta externa,nuevas en personas de 15 a 59 anos,2006-12-01,129,213,129,213,342
CAQUIAVIRI,consulta externa,nuevas en personas de 15 a 59 anos,2006-12-01,60,113,60,113,173
CARACOLLO,consulta externa,nuevas en personas de 15 a 59 anos,2006-12-01,108,253,108,253,361
CARANAVI,consulta externa,nuevas en personas de 15 a 59 anos,2006-12-01,986,1587,986,1587,2573
CARANGAS,consulta externa,nuevas en personas de 15 a 59 anos,2006-12-01,0,1,0,1,1
CARAPARI,consulta externa,nuevas en personas de 15 a 59 anos,2006-12-01,244,320,244,320,564
CARIPUYO,consulta externa,nuevas en personas de 15 a 59 anos,2006-12-01,92,245,92,245,337
CARMEN RIVERO TORREZ,consulta externa,nuevas en personas de 15 a 59 anos,2006-12-01,35,56,35,56,91
CATACORA,consulta externa,nuevas en personas de 15 a 59 anos,2006-12-01,12,14,12,14,26
CHACARILLA,consulta externa,nuevas en personas de 15 a 59 anos,2006-12-01,2,15,2,15,17
CHALLAPATA,consulta externa,nuevas en personas de 15 a 59 anos,2006-12-01,389,632,389,632,1021
CHAQUI,consulta externa,nuevas en personas de 15 a 59 anos,2006-12-01,48,162,48,162,210
CHARAGUA,consulta externa,nuevas en personas de 15 a 59 anos,2006-12-01,155,396,155,396,551
CHARAÑA,consulta externa,nuevas en personas de 15 a 59 anos,2006-12-01,57,34,57,34,91
CHAYANTA,consulta externa,nuevas en personas de 15 a 59 anos,2006-12-01,191,383,191,383,574
CHIMORE,consulta externa,nuevas en personas de 15 a 59 anos,2006-12-01,146,221,146,221,367
CHIPAYA,consulta externa,nuevas en personas de 15 a 59 anos,2006-12-01,16,46,16,46,62
CHOQUE COTA,consulta externa,nuevas en personas de 15 a 59 anos,2006-12-01,20,30,20,30,50
CHULUMANI (V. DE LA LIBERTAD),consulta externa,nuevas en personas de 15 a 59 anos,2006-12-01,171,214,171,214,385
CHUMA,consulta externa,nuevas en personas de 15 a 59 anos,2006-12-01,127,169,127,169,296
CLIZA,consulta externa,nuevas en personas de 15 a 59 anos,2006-12-01,60,117,60,117,177
COBIJA,consulta externa,nuevas en personas de 15 a 59 anos,2006-12-01,724,1314,724,1314,2038
COCHABAMBA,consulta externa,nuevas en personas de 15 a 59 anos,2006-12-01,10645,21122,10645,21122,31767
COIPASA,consulta externa,nuevas en personas de 15 a 59 anos,2006-12-01,9,21,9,21,30
COLCAPIRHUA,consulta externa,nuevas en personas de 15 a 59 anos,2006-12-01,418,611,418,611,1029
"COLCHA ""K""",consulta externa,nuevas en personas de 15 a 59 anos,2006-12-01,199,310,199,310,509
COLLANA,consulta externa,nuevas en personas de 15 a 59 anos,2006-12-01,22,62,22,62,84
COLOMI,consulta externa,nuevas en personas de 15 a 59 anos,2006-12-01,99,229,99,229,328
COLPA BELGICA,consulta externa,nuevas en personas de 15 a 59 anos,2006-12-01,93,136,93,136,229
COLQUECHACA,consulta externa,nuevas en personas de 15 a 59 anos,2006-12-01,339,716,339,716,1055
COLQUENCHA,consulta externa,nuevas en personas de 15 a 59 anos,2006-12-01,71,150,71,150,221
COLQUIRI,consulta externa,nuevas en personas de 15 a 59 anos,2006-12-01,139,463,139,463,602
COMANCHE,consulta externa,nuevas en personas de 15 a 59 anos,2006-12-01,19,31,19,31,50
COMARAPA,consulta externa,nuevas en personas de 15 a 59 anos,2006-12-01,150,392,150,392,542
COMBAYA,consulta externa,nuevas en personas de 15 a 59 anos,2006-12-01,15,21,15,21,36
CONCEPCION,consulta externa,nuevas en personas de 15 a 59 anos,2006-12-01,156,232,156,232,388
COPACABANA,consulta externa,nuevas en personas de 15 a 59 anos,2006-12-01,65,124,65,124,189
CORIPATA,consulta externa,nuevas en personas de 15 a 59 anos,2006-12-01,93,169,93,169,262
CORO CORO,consulta externa,nuevas en personas de 15 a 59 anos,2006-12-01,44,97,44,97,141
COROICO,consulta externa,nuevas en personas de 15 a 59 anos,2006-12-01,314,337,314,337,651
CORQUE,consulta externa,nuevas en personas de 15 a 59 anos,2006-12-01,56,83,56,83,139
COTAGAITA,consulta externa,nuevas en personas de 15 a 59 anos,2006-12-01,668,1171,668,1171,1839
COTOCA,consulta externa,nuevas en personas de 15 a 59 anos,2006-12-01,156,457,156,457,613
CUATRO CAÑADAS,consulta externa,nuevas en personas de 15 a 59 anos,2006-12-01,184,391,184,391,575
CUCHUMUELA (V. G. VILLARROEL),consulta externa,nuevas en personas de 15 a 59 anos,2006-12-01,13,16,13,16,29
CUEVO,consulta externa,nuevas en personas de 15 a 59 anos,2006-12-01,125,159,125,159,284
CULPINA,consulta externa,nuevas en personas de 15 a 59 anos,2006-12-01,203,490,203,490,693
CURAHUARA DE CARANGAS,consulta externa,nuevas en personas de 15 a 59 anos,2006-12-01,142,326,142,326,468
CURVA,consulta externa,nuevas en personas de 15 a 59 anos,2006-12-01,23,51,23,51,74
DESAGUADERO,consulta externa,nuevas en personas de 15 a 59 anos,2006-12-01,42,54,42,54,96
EL ALTO,consulta externa,nuevas en personas de 15 a 59 anos,2006-12-01,6401,11468,6401,11468,17869
EL CHORO,consulta externa,nuevas en personas de 15 a 59 anos,2006-12-01,59,186,59,186,245
EL PUENTE(STC),consulta externa,nuevas en personas de 15 a 59 anos,2006-12-01,82,145,82,145,227
EL PUENTE(TJA),consulta externa,nuevas en personas de 15 a 59 anos,2006-12-01,171,342,171,342,513
EL TORNO,consulta externa,nuevas en personas de 15 a 59 anos,2006-12-01,608,912,608,912,1520
EL VILLAR,consulta externa,nuevas en personas de 15 a 59 anos,2006-12-01,146,279,146,279,425
ENTRE RIOS,consulta externa,nuevas en personas de 15 a 59 anos,2006-12-01,596,806,596,806,1402
ENTRE RIOS,consulta externa,nuevas en personas de 15 a 59 anos,2006-12-01,285,268,285,268,553
ESCARA,consulta externa,nuevas en personas de 15 a 59 anos,2006-12-01,6,7,6,7,13
ESMERALDA,consulta externa,nuevas en personas de 15 a 59 anos,2006-12-01,10,25,10,25,35
EUCALIPTUS,consulta externa,nuevas en personas de 15 a 59 anos,2006-12-01,69,137,69,137,206
EUREKA (SANTOS MERCADO),consulta externa,nuevas en personas de 15 a 59 anos,2006-12-01,16,13,16,13,29
EXALTACION,consulta externa,nuevas en personas de 15 a 59 anos,2006-12-01,6,16,6,16,22
FERNANDEZ ALONSO,consulta externa,nuevas en personas de 15 a 59 anos,2006-12-01,209,444,209,444,653
FILADELFIA,consulta externa,nuevas en personas de 15 a 59 anos,2006-12-01,36,55,36,55,91
GENERAL SAAVEDRA,consulta externa,nuevas en personas de 15 a 59 anos,2006-12-01,117,264,117,264,381
GRAL. J.J. PEREZ (CHARAZANI),consulta externa,nuevas en personas de 15 a 59 anos,2006-12-01,63,102,63,102,165
GUANAY,consulta externa,nuevas en personas de 15 a 59 anos,2006-12-01,182,287,182,287,469
GUAQUI,consulta externa,nuevas en personas de 15 a 59 anos,2006-12-01,26,88,26,88,114
GUAYARAMERIN,consulta externa,nuevas en personas de 15 a 59 anos,2006-12-01,498,1408,498,1408,1906
GUTIERREZ,consulta externa,nuevas en personas de 15 a 59 anos,2006-12-01,170,324,170,324,494
HUACARETA,consulta externa,nuevas en personas de 15 a 59 anos,2006-12-01,224,362,224,362,586
HUACAYA (VILLA DE HUACAYA),consulta externa,nuevas en personas de 15 a 59 anos,2006-12-01,32,60,32,60,92
HUACHACALLA,consulta externa,nuevas en personas de 15 a 59 anos,2006-12-01,98,138,98,138,236
HUANUNI,consulta externa,nuevas en personas de 15 a 59 anos,2006-12-01,502,802,502,802,1304
HUARACAJE,consulta externa,nuevas en personas de 15 a 59 anos,2006-12-01,41,105,41,105,146
HUAYLLAMARCA,consulta externa,nuevas en personas de 15 a 59 anos,2006-12-01,27,56,27,56,83
ICHOCA,consulta externa,nuevas en personas de 15 a 59 anos,2006-12-01,33,82,33,82,115
ICLA,consulta externa,nuevas en personas de 15 a 59 anos,2006-12-01,135,429,135,429,564
INCAHUASI,consulta externa,nuevas en personas de 15 a 59 anos,2006-12-01,267,808,267,808,1075
INGAVI (HUMAITA),consulta externa,nuevas en personas de 15 a 59 anos,2006-12-01,17,9,17,9,26
INQUISIVI,consulta externa,nuevas en personas de 15 a 59 anos,2006-12-01,149,285,149,285,434
IRUPANA (VILLA DE LANZA),consulta externa,nuevas en personas de 15 a 59 anos,2006-12-01,185,353,185,353,538
IXIAMAS,consulta externa,nuevas en personas de 15 a 59 anos,2006-12-01,141,307,141,307,448
JESUS DE MACHACA,consulta externa,nuevas en personas de 15 a 59 anos,2006-12-01,109,324,109,324,433
LA ASUNTA,consulta externa,nuevas en personas de 15 a 59 anos,2006-12-01,271,438,271,438,709
LA GUARDIA,consulta externa,nuevas en personas de 15 a 59 anos,2006-12-01,298,706,298,706,1004
LA PAZ,consulta externa,nuevas en personas de 15 a 59 anos,2006-12-01,18724,35277,18724,35277,54001
LA RIVERA,consulta externa,nuevas en personas de 15 a 59 anos,2006-12-01,4,9,4,9,13
LAGUNILLAS,consulta externa,nuevas en personas de 15 a 59 anos,2006-12-01,132,203,132,203,335
LAJA,consulta externa,nuevas en personas de 15 a 59 anos,2006-12-01,83,165,83,165,248
LAS CARRERAS,consulta externa,nuevas en personas de 15 a 59 anos,2006-12-01,58,127,58,127,185
LICOMA PAMPA,consulta externa,nuevas en personas de 15 a 59 anos,2006-12-01,28,39,28,39,67
LLALLAGUA,consulta externa,nuevas en personas de 15 a 59 anos,2006-12-01,545,1029,545,1029,1574
LLICA,consulta externa,nuevas en personas de 15 a 59 anos,2006-12-01,73,105,73,105,178
LORETO,consulta externa,nuevas en personas de 15 a 59 anos,2006-12-01,28,81,28,81,109
LURIBAY,consulta externa,nuevas en personas de 15 a 59 anos,2006-12-01,135,207,135,207,342
MACHACAMARCA,consulta externa,nuevas en personas de 15 a 59 anos,2006-12-01,39,67,39,67,106
MACHARETI,consulta externa,nuevas en personas de 15 a 59 anos,2006-12-01,160,420,160,420,580
MAGDALENA,consulta externa,nuevas en personas de 15 a 59 anos,2006-12-01,92,181,92,181,273
MAIRANA,consulta externa,nuevas en personas de 15 a 59 anos,2006-12-01,100,248,100,248,348
MALLA,consulta externa,nuevas en personas de 15 a 59 anos,2006-12-01,35,66,35,66,101
MAPIRI,consulta externa,nuevas en personas de 15 a 59 anos,2006-12-01,139,292,139,292,431
MECAPACA,consulta externa,nuevas en personas de 15 a 59 anos,2006-12-01,188,237,188,237,425
MINEROS,consulta externa,nuevas en personas de 15 a 59 anos,2006-12-01,141,365,141,365,506
MIZQUE,consulta externa,nuevas en personas de 15 a 59 anos,2006-12-01,103,170,103,170,273
MOCOMOCO,consulta externa,nuevas en personas de 15 a 59 anos,2006-12-01,154,236,154,236,390
MOJINETE,consulta externa,nuevas en personas de 15 a 59 anos,2006-12-01,14,17,14,17,31
MOJOCOYA,consulta externa,nuevas en personas de 15 a 59 anos,2006-12-01,107,276,107,276,383
MONTEAGUDO,consulta externa,nuevas en personas de 15 a 59 anos,2006-12-01,1213,2075,1213,2075,3288
MONTERO,consulta externa,nuevas en personas de 15 a 59 anos,2006-12-01,949,2364,949,2364,3313
MORO MORO,consulta externa,nuevas en personas de 15 a 59 anos,2006-12-01,43,102,43,102,145
MOROCHATA,consulta externa,nuevas en personas de 15 a 59 anos,2006-12-01,106,171,106,171,277
NACEBE (SANTA ROSA DEL ABUNA),consulta externa,nuevas en personas de 15 a 59 anos,2006-12-01,63,78,63,78,141
NAZACARA DE PACAJES,consulta externa,nuevas en personas de 15 a 59 anos,2006-12-01,10,6,10,6,16
NUEVO MANOA (NUEVA ESPERANZA),consulta externa,nuevas en personas de 15 a 59 anos,2006-12-01,23,9,23,9,32
OCURI,consulta externa,nuevas en personas de 15 a 59 anos,2006-12-01,165,452,165,452,617
OKINAWA,consulta externa,nuevas en personas de 15 a 59 anos,2006-12-01,200,534,200,534,734
OMEREQUE,consulta externa,nuevas en personas de 15 a 59 anos,2006-12-01,56,153,56,153,209
ORURO,consulta externa,nuevas en personas de 15 a 59 anos,2006-12-01,6826,11205,6826,11205,18031
PADCAYA,consulta externa,nuevas en personas de 15 a 59 anos,2006-12-01,349,579,349,579,928
PADILLA,consulta externa,nuevas en personas de 15 a 59 anos,2006-12-01,510,1017,510,1017,1527
PAILON,consulta externa,nuevas en personas de 15 a 59 anos,2006-12-01,143,147,143,147,290
PALCA,consulta externa,nuevas en personas de 15 a 59 anos,2006-12-01,76,125,76,125,201
PALOS BLANCOS,consulta externa,nuevas en personas de 15 a 59 anos,2006-12-01,332,403,332,403,735
PAMPA AULLAGAS,consulta externa,nuevas en personas de 15 a 59 anos,2006-12-01,41,60,41,60,101
PAMPA GRANDE,consulta externa,nuevas en personas de 15 a 59 anos,2006-12-01,66,158,66,158,224
PAPEL PAMPA,consulta externa,nuevas en personas de 15 a 59 anos,2006-12-01,39,83,39,83,122
PASORAPA,consulta externa,nuevas en personas de 15 a 59 anos,2006-12-01,18,47,18,47,65
PATACAMAYA,consulta externa,nuevas en personas de 15 a 59 anos,2006-12-01,137,167,137,167,304
PAZÑA,consulta externa,nuevas en personas de 15 a 59 anos,2006-12-01,99,187,99,187,286
PELECHUCO,consulta externa,nuevas en personas de 15 a 59 anos,2006-12-01,120,146,120,146,266
POCOATA,consulta externa,nuevas en personas de 15 a 59 anos,2006-12-01,217,331,217,331,548
POCONA,consulta externa,nuevas en personas de 15 a 59 anos,2006-12-01,97,192,97,192,289
POJO (CBBA),consulta externa,nuevas en personas de 15 a 59 anos,2006-12-01,41,84,41,84,125
POOPO,consulta externa,nuevas en personas de 15 a 59 anos,2006-12-01,36,72,36,72,108
PORCO,consulta externa,nuevas en personas de 15 a 59 anos,2006-12-01,110,204,110,204,314
POROMA,consulta externa,nuevas en personas de 15 a 59 anos,2006-12-01,175,373,175,373,548
PORONGO,consulta externa,nuevas en personas de 15 a 59 anos,2006-12-01,106,165,106,165,271
PORTACHUELO,consulta externa,nuevas en personas de 15 a 59 anos,2006-12-01,305,747,305,747,1052
PORVENIR,consulta externa,nuevas en personas de 15 a 59 anos,2006-12-01,194,196,194,196,390
POSTRER VALLE,consulta externa,nuevas en personas de 15 a 59 anos,2006-12-01,52,93,52,93,145
POTOSI,consulta externa,nuevas en personas de 15 a 59 anos,2006-12-01,8966,8483,8966,8483,17449
PRESTO,consulta externa,nuevas en personas de 15 a 59 anos,2006-12-01,69,163,69,163,232
PUCARA,consulta externa,nuevas en personas de 15 a 59 anos,2006-12-01,41,106,41,106,147
PUCARANI,consulta externa,nuevas en personas de 15 a 59 anos,2006-12-01,118,288,118,288,406
PUERTO ACOSTA,consulta externa,nuevas en personas de 15 a 59 anos,2006-12-01,300,315,300,315,615
PUERTO CARABUCO,consulta externa,nuevas en personas de 15 a 59 anos,2006-12-01,116,171,116,171,287
PUERTO GONZALO MORENO,consulta externa,nuevas en personas de 15 a 59 anos,2006-12-01,97,189,97,189,286
PUERTO PEREZ,consulta externa,nuevas en personas de 15 a 59 anos,2006-12-01,35,54,35,54,89
PUERTO QUIJARRO,consulta externa,nuevas en personas de 15 a 59 anos,2006-12-01,404,420,404,420,824
PUERTO RICO,consulta externa,nuevas en personas de 15 a 59 anos,2006-12-01,197,244,197,244,441
PUERTO SILES,consulta externa,nuevas en personas de 15 a 59 anos,2006-12-01,6,21,6,21,27
PUERTO SUAREZ,consulta externa,nuevas en personas de 15 a 59 anos,2006-12-01,223,432,223,432,655
PUERTO VILLARROEL,consulta externa,nuevas en personas de 15 a 59 anos,2006-12-01,530,752,530,752,1282
PUNA,consulta externa,nuevas en personas de 15 a 59 anos,2006-12-01,507,1038,507,1038,1545
PUNATA,consulta externa,nuevas en personas de 15 a 59 anos,2006-12-01,275,550,275,550,825
QUIABAYA,consulta externa,nuevas en personas de 15 a 59 anos,2006-12-01,41,65,41,65,106
QUILLACOLLO,consulta externa,nuevas en personas de 15 a 59 anos,2006-12-01,435,851,435,851,1286
QUIME,consulta externa,nuevas en personas de 15 a 59 anos,2006-12-01,141,147,141,147,288
QUIRUSILLAS,consulta externa,nuevas en personas de 15 a 59 anos,2006-12-01,18,38,18,38,56
RAVELO,consulta externa,nuevas en personas de 15 a 59 anos,2006-12-01,155,306,155,306,461
REYES,consulta externa,nuevas en personas de 15 a 59 anos,2006-12-01,81,190,81,190,271
RIBERALTA,consulta externa,nuevas en personas de 15 a 59 anos,2006-12-01,740,1923,740,1923,2663
ROBORE,consulta externa,nuevas en personas de 15 a 59 anos,2006-12-01,160,498,160,498,658
RURRENABAQUE,consulta externa,nuevas en personas de 15 a 59 anos,2006-12-01,133,258,133,258,391
SABAYA,consulta externa,nuevas en personas de 15 a 59 anos,2006-12-01,218,236,218,236,454
SACABA,consulta externa,nuevas en personas de 15 a 59 anos,2006-12-01,664,1233,664,1233,1897
SACABAMBA,consulta externa,nuevas en personas de 15 a 59 anos,2006-12-01,27,38,27,38,65
SACACA,consulta externa,nuevas en personas de 15 a 59 anos,2006-12-01,211,596,211,596,807
SAIPINA,consulta externa,nuevas en personas de 15 a 59 anos,2006-12-01,94,208,94,208,302
SALINAS DE GARCI MENDOZA,consulta externa,nuevas en personas de 15 a 59 anos,2006-12-01,130,217,130,217,347
SAMAIPATA,consulta externa,nuevas en personas de 15 a 59 anos,2006-12-01,128,179,128,179,307
SAN AGUSTIN,consulta externa,nuevas en personas de 15 a 59 anos,2006-12-01,51,96,51,96,147
SAN ANDRES,consulta externa,nuevas en personas de 15 a 59 anos,2006-12-01,33,187,33,187,220
SAN ANDRES DE MACHACA,consulta externa,nuevas en personas de 15 a 59 anos,2006-12-01,38,83,38,83,121
SAN ANTONIO DE ESMORUCO,consulta externa,nuevas en personas de 15 a 59 anos,2006-12-01,25,61,25,61,86
SAN ANTONIO DE LOMERIO,consulta externa,nuevas en personas de 15 a 59 anos,2006-12-01,42,70,42,70,112
SAN BENITO,consulta externa,nuevas en personas de 15 a 59 anos,2006-12-01,98,190,98,190,288
SAN BORJA,consulta externa,nuevas en personas de 15 a 59 anos,2006-12-01,145,393,145,393,538
SAN BUENA VENTURA,consulta externa,nuevas en personas de 15 a 59 anos,2006-12-01,300,519,300,519,819
SAN CARLOS,consulta externa,nuevas en personas de 15 a 59 anos,2006-12-01,211,796,211,796,1007
SAN IGNACIO,consulta externa,nuevas en personas de 15 a 59 anos,2006-12-01,157,363,157,363,520
SAN IGNACIO DE VELASCO,consulta externa,nuevas en personas de 15 a 59 anos,2006-12-01,1020,1722,1020,1722,2742
SAN JAVIER(BNI),consulta externa,nuevas en personas de 15 a 59 anos,2006-12-01,28,24,28,24,52
SAN JAVIER(STC),consulta externa,nuevas en personas de 15 a 59 anos,2006-12-01,279,517,279,517,796
SAN JOAQUIN,consulta externa,nuevas en personas de 15 a 59 anos,2006-12-01,193,342,193,342,535
SAN JOSE DE CHIQUITOS,consulta externa,nuevas en personas de 15 a 59 anos,2006-12-01,187,368,187,368,555
SAN JUAN DE YAPACANI,consulta externa,nuevas en personas de 15 a 59 anos,2006-12-01,225,332,225,332,557
SAN JULIAN,consulta externa,nuevas en personas de 15 a 59 anos,2006-12-01,1429,1802,1429,1802,3231
SAN LORENZO(PND),consulta externa,nuevas en personas de 15 a 59 anos,2006-12-01,36,82,36,82,118
SAN LORENZO(TJA),consulta externa,nuevas en personas de 15 a 59 anos,2006-12-01,278,616,278,616,894
SAN LUCAS,consulta externa,nuevas en personas de 15 a 59 anos,2006-12-01,399,912,399,912,1311
SAN MATIAS,consulta externa,nuevas en personas de 15 a 59 anos,2006-12-01,89,261,89,261,350
SAN MIGUEL DE VELASCO,consulta externa,nuevas en personas de 15 a 59 anos,2006-12-01,140,290,140,290,430
SAN PABLO DE LIPEZ,consulta externa,nuevas en personas de 15 a 59 anos,2006-12-01,60,160,60,160,220
SAN PEDRO,consulta externa,nuevas en personas de 15 a 59 anos,2006-12-01,391,579,391,579,970
SAN PEDRO DE BUENA VISTA,consulta externa,nuevas en personas de 15 a 59 anos,2006-12-01,175,361,175,361,536
SAN PEDRO DE CURAHUARA,consulta externa,nuevas en personas de 15 a 59 anos,2006-12-01,41,71,41,71,112
SAN PEDRO DE QUEMES,consulta externa,nuevas en personas de 15 a 59 anos,2006-12-01,0,6,0,6,6
SAN PEDRO DE TIQUINA,consulta externa,nuevas en personas de 15 a 59 anos,2006-12-01,24,61,24,61,85
SAN PEDRO(PND),consulta externa,nuevas en personas de 15 a 59 anos,2006-12-01,7,8,7,8,15
SAN RAFAEL,consulta externa,nuevas en personas de 15 a 59 anos,2006-12-01,108,117,108,117,225
SAN RAMON,consulta externa,nuevas en personas de 15 a 59 anos,2006-12-01,64,158,64,158,222
SAN RAMON,consulta externa,nuevas en personas de 15 a 59 anos,2006-12-01,165,292,165,292,457
SANTA ANA,consulta externa,nuevas en personas de 15 a 59 anos,2006-12-01,86,214,86,214,300
SANTA CRUZ DE LA SIERRA,consulta externa,nuevas en personas de 15 a 59 anos,2006-12-01,16415,28416,16415,28416,44831
SANTA ROSA,consulta externa,nuevas en personas de 15 a 59 anos,2006-12-01,57,142,57,142,199
SANTA ROSA DEL SARA,consulta externa,nuevas en personas de 15 a 59 anos,2006-12-01,357,684,357,684,1041
SANTIAGO DE CALLAPA,consulta externa,nuevas en personas de 15 a 59 anos,2006-12-01,17,25,17,25,42
SANTIAGO DE HUARI,consulta externa,nuevas en personas de 15 a 59 anos,2006-12-01,234,183,234,183,417
SANTIAGO DE MACHACA,consulta externa,nuevas en personas de 15 a 59 anos,2006-12-01,25,34,25,34,59
SANTIVAÑES,consulta externa,nuevas en personas de 15 a 59 anos,2006-12-01,75,141,75,141,216
SANTUARIO DE QUILLACAS,consulta externa,nuevas en personas de 15 a 59 anos,2006-12-01,17,38,17,38,55
SAPAHAQUI,consulta externa,nuevas en personas de 15 a 59 anos,2006-12-01,74,102,74,102,176
SENA,consulta externa,nuevas en personas de 15 a 59 anos,2006-12-01,67,123,67,123,190
SICA SICA (VILLA AROMA),consulta externa,nuevas en personas de 15 a 59 anos,2006-12-01,107,204,107,204,311
SICAYA,consulta externa,nuevas en personas de 15 a 59 anos,2006-12-01,13,20,13,20,33
SIPE SIPE,consulta externa,nuevas en personas de 15 a 59 anos,2006-12-01,100,337,100,337,437
SOPACHUY,consulta externa,nuevas en personas de 15 a 59 anos,2006-12-01,138,505,138,505,643
SORACACHI,consulta externa,nuevas en personas de 15 a 59 anos,2006-12-01,120,167,120,167,287
SORATA,consulta externa,nuevas en personas de 15 a 59 anos,2006-12-01,152,245,152,245,397
SUCRE,consulta externa,nuevas en personas de 15 a 59 anos,2006-12-01,6841,14412,6841,14412,21253
TACACHI,consulta externa,nuevas en personas de 15 a 59 anos,2006-12-01,13,40,13,40,53
TACACOMA,consulta externa,nuevas en personas de 15 a 59 anos,2006-12-01,68,87,68,87,155
TACOBAMBA,consulta externa,nuevas en personas de 15 a 59 anos,2006-12-01,88,121,88,121,209
TACOPAYA,consulta externa,nuevas en personas de 15 a 59 anos,2006-12-01,70,136,70,136,206
TAHUA,consulta externa,nuevas en personas de 15 a 59 anos,2006-12-01,19,50,19,50,69
TAPACARI,consulta externa,nuevas en personas de 15 a 59 anos,2006-12-01,156,404,156,404,560
TARABUCO,consulta externa,nuevas en personas de 15 a 59 anos,2006-12-01,318,660,318,660,978
TARACO,consulta externa,nuevas en personas de 15 a 59 anos,2006-12-01,22,43,22,43,65
TARATA,consulta externa,nuevas en personas de 15 a 59 anos,2006-12-01,75,113,75,113,188
TARIJA,consulta externa,nuevas en personas de 15 a 59 anos,2006-12-01,2729,5996,2729,5996,8725
TARVITA,consulta externa,nuevas en personas de 15 a 59 anos,2006-12-01,192,510,192,510,702
TEOPONTE,consulta externa,nuevas en personas de 15 a 59 anos,2006-12-01,157,114,157,114,271
TIAWANACU,consulta externa,nuevas en personas de 15 a 59 anos,2006-12-01,62,151,62,151,213
TINGUIPAYA,consulta externa,nuevas en personas de 15 a 59 anos,2006-12-01,129,384,129,384,513
TIPUANI,consulta externa,nuevas en personas de 15 a 59 anos,2006-12-01,72,115,72,115,187
TIQUIPAYA,consulta externa,nuevas en personas de 15 a 59 anos,2006-12-01,125,579,125,579,704
TIRAQUE (CBBA),consulta externa,nuevas en personas de 15 a 59 anos,2006-12-01,379,509,379,509,888
TITO YUPANQUI (PARQUIPUJIO),consulta externa,nuevas en personas de 15 a 59 anos,2006-12-01,17,58,17,58,75
TOCO,consulta externa,nuevas en personas de 15 a 59 anos,2006-12-01,35,167,35,167,202
TODOS SANTOS,consulta externa,nuevas en personas de 15 a 59 anos,2006-12-01,16,15,16,15,31
TOLATA,consulta externa,nuevas en personas de 15 a 59 anos,2006-12-01,12,40,12,40,52
TOLEDO,consulta externa,nuevas en personas de 15 a 59 anos,2006-12-01,86,160,86,160,246
TOMAVE,consulta externa,nuevas en personas de 15 a 59 anos,2006-12-01,164,274,164,274,438
TOMINA,consulta externa,nuevas en personas de 15 a 59 anos,2006-12-01,214,374,214,374,588
TORO TORO,consulta externa,nuevas en personas de 15 a 59 anos,2006-12-01,106,328,106,328,434
TOTORA(CBBA),consulta externa,nuevas en personas de 15 a 59 anos,2006-12-01,81,87,81,87,168
TOTORA(ORR),consulta externa,nuevas en personas de 15 a 59 anos,2006-12-01,39,78,39,78,117
TRIGAL,consulta externa,nuevas en personas de 15 a 59 anos,2006-12-01,29,35,29,35,64
TRINIDAD,consulta externa,nuevas en personas de 15 a 59 anos,2006-12-01,897,1568,897,1568,2465
TUPIZA,consulta externa,nuevas en personas de 15 a 59 anos,2006-12-01,1580,2821,1580,2821,4401
TURCO,consulta externa,nuevas en personas de 15 a 59 anos,2006-12-01,69,110,69,110,179
UMALA,consulta externa,nuevas en personas de 15 a 59 anos,2006-12-01,10,25,10,25,35
UNCIA,consulta externa,nuevas en personas de 15 a 59 anos,2006-12-01,437,856,437,856,1293
URIONDO (A. CONCEPCION),consulta externa,nuevas en personas de 15 a 59 anos,2006-12-01,159,438,159,438,597
URUBICHA,consulta externa,nuevas en personas de 15 a 59 anos,2006-12-01,36,50,36,50,86
UYUNI,consulta externa,nuevas en personas de 15 a 59 anos,2006-12-01,213,455,213,455,668
VACAS,consulta externa,nuevas en personas de 15 a 59 anos,2006-12-01,107,243,107,243,350
VALLEGRANDE,consulta externa,nuevas en personas de 15 a 59 anos,2006-12-01,554,991,554,991,1545
VIACHA,consulta externa,nuevas en personas de 15 a 59 anos,2006-12-01,458,868,458,868,1326
VILA VILA,consulta externa,nuevas en personas de 15 a 59 anos,2006-12-01,19,22,19,22,41
VILLA MONTES,consulta externa,nuevas en personas de 15 a 59 anos,2006-12-01,576,741,576,741,1317
VILLA NUEVA (LOMA ALTA),consulta externa,nuevas en personas de 15 a 59 anos,2006-12-01,47,60,47,60,107
VILLA RIVERO,consulta externa,nuevas en personas de 15 a 59 anos,2006-12-01,39,59,39,59,98
VILLA SERRANO,consulta externa,nuevas en personas de 15 a 59 anos,2006-12-01,190,440,190,440,630
VILLA TUNARI,consulta externa,nuevas en personas de 15 a 59 anos,2006-12-01,968,1631,968,1631,2599
VILLA VACA GUZMAN (MUYUPAMPA),consulta externa,nuevas en personas de 15 a 59 anos,2006-12-01,177,353,177,353,530
VILLAZON,consulta externa,nuevas en personas de 15 a 59 anos,2006-12-01,635,1647,635,1647,2282
VINTO,consulta externa,nuevas en personas de 15 a 59 anos,2006-12-01,50,155,50,155,205
VITICHI,consulta externa,nuevas en personas de 15 a 59 anos,2006-12-01,224,281,224,281,505
WALDO BALLIVIAN,consulta externa,nuevas en personas de 15 a 59 anos,2006-12-01,13,48,13,48,61
WARNES,consulta externa,nuevas en personas de 15 a 59 anos,2006-12-01,385,740,385,740,1125
YACO,consulta externa,nuevas en personas de 15 a 59 anos,2006-12-01,55,115,55,115,170
YACUIBA,consulta externa,nuevas en personas de 15 a 59 anos,2006-12-01,1913,3851,1913,3851,5764
YAMPARAEZ,consulta externa,nuevas en personas de 15 a 59 anos,2006-12-01,96,165,96,165,261
YANACACHI,consulta externa,nuevas en personas de 15 a 59 anos,2006-12-01,139,131,139,131,270
YAPACANI,consulta externa,nuevas en personas de 15 a 59 anos,2006-12-01,1247,1771,1247,1771,3018
YOCALLA,consulta externa,nuevas en personas de 15 a 59 anos,2006-12-01,88,207,88,207,295
YOTALA,consulta externa,nuevas en personas de 15 a 59 anos,2006-12-01,91,192,91,192,283
YUNCHARA,consulta externa,nuevas en personas de 15 a 59 anos,2006-12-01,87,221,87,221,308
ZUDAÑEZ,consulta externa,nuevas en personas de 15 a 59 anos,2006-12-01,173,405,173,405,578
