municipality,group,variable,month,Repetidas en menores de 5 años -Hombre,Repetidas en menores de 5 años -Mujer,TOTAL-H,TOTAL-M,TOTAL
ACHACACHI,consulta externa,repetidas en menores de 5 anos,2006-01-01,16,6,16,6,22
ACHOCALLA,consulta externa,repetidas en menores de 5 anos,2006-01-01,0,2,0,2,2
AIQUILE,consulta externa,repetidas en menores de 5 anos,2006-01-01,23,21,23,21,44
ANCORAIMES,consulta externa,repetidas en menores de 5 anos,2006-01-01,13,5,13,5,18
ANDAMARCA,consulta externa,repetidas en menores de 5 anos,2006-01-01,0,4,0,4,4
ANTEQUERA,consulta externa,repetidas en menores de 5 anos,2006-01-01,25,15,25,15,40
ANZALDO,consulta externa,repetidas en menores de 5 anos,2006-01-01,4,5,4,5,9
APOLO,consulta externa,repetidas en menores de 5 anos,2006-01-01,4,3,4,3,7
ARANI,consulta externa,repetidas en menores de 5 anos,2006-01-01,49,54,49,54,103
ARBIETO,consulta externa,repetidas en menores de 5 anos,2006-01-01,1,1,1,1,2
ARQUE,consulta externa,repetidas en menores de 5 anos,2006-01-01,2,0,2,0,2
ASCENCION DE GUARAYOS,consulta externa,repetidas en menores de 5 anos,2006-01-01,35,27,35,27,62
ATOCHA,consulta externa,repetidas en menores de 5 anos,2006-01-01,45,44,45,44,89
AUCAPATA,consulta externa,repetidas en menores de 5 anos,2006-01-01,11,8,11,8,19
AYATA,consulta externa,repetidas en menores de 5 anos,2006-01-01,15,16,15,16,31
AYO AYO,consulta externa,repetidas en menores de 5 anos,2006-01-01,4,4,4,4,8
AYOPAYA (V. DE INDEPENDENCIA),consulta externa,repetidas en menores de 5 anos,2006-01-01,24,26,24,26,50
BATALLAS,consulta externa,repetidas en menores de 5 anos,2006-01-01,2,1,2,1,3
BAURES,consulta externa,repetidas en menores de 5 anos,2006-01-01,3,4,3,4,7
BELEN DE ANDAMARCA,consulta externa,repetidas en menores de 5 anos,2006-01-01,1,1,1,1,2
BELEN DE URMIRI,consulta externa,repetidas en menores de 5 anos,2006-01-01,1,0,1,0,1
BELLA FLOR,consulta externa,repetidas en menores de 5 anos,2006-01-01,2,2,2,2,4
BERMEJO,consulta externa,repetidas en menores de 5 anos,2006-01-01,21,33,21,33,54
BETANZOS,consulta externa,repetidas en menores de 5 anos,2006-01-01,12,14,12,14,26
BOLIVAR,consulta externa,repetidas en menores de 5 anos,2006-01-01,38,22,38,22,60
BOYUIBE,consulta externa,repetidas en menores de 5 anos,2006-01-01,2,10,2,10,12
BUENA VISTA,consulta externa,repetidas en menores de 5 anos,2006-01-01,100,94,100,94,194
CABEZAS,consulta externa,repetidas en menores de 5 anos,2006-01-01,3,4,3,4,7
CAIROMA,consulta externa,repetidas en menores de 5 anos,2006-01-01,2,6,2,6,8
"CAIZA ""D""",consulta externa,repetidas en menores de 5 anos,2006-01-01,2,1,2,1,3
CAJUATA,consulta externa,repetidas en menores de 5 anos,2006-01-01,1,1,1,1,2
CALACOTO,consulta externa,repetidas en menores de 5 anos,2006-01-01,1,0,1,0,1
CALAMARCA,consulta externa,repetidas en menores de 5 anos,2006-01-01,18,5,18,5,23
CAMARGO,consulta externa,repetidas en menores de 5 anos,2006-01-01,5,5,5,5,10
CAMIRI,consulta externa,repetidas en menores de 5 anos,2006-01-01,107,132,107,132,239
CAPINOTA,consulta externa,repetidas en menores de 5 anos,2006-01-01,108,76,108,76,184
CARACOLLO,consulta externa,repetidas en menores de 5 anos,2006-01-01,0,3,0,3,3
CARANAVI,consulta externa,repetidas en menores de 5 anos,2006-01-01,12,17,12,17,29
CARIPUYO,consulta externa,repetidas en menores de 5 anos,2006-01-01,62,64,62,64,126
CARMEN RIVERO TORREZ,consulta externa,repetidas en menores de 5 anos,2006-01-01,2,0,2,0,2
CHALLAPATA,consulta externa,repetidas en menores de 5 anos,2006-01-01,10,9,10,9,19
CHARAGUA,consulta externa,repetidas en menores de 5 anos,2006-01-01,49,46,49,46,95
CHARAÑA,consulta externa,repetidas en menores de 5 anos,2006-01-01,1,0,1,0,1
CHAYANTA,consulta externa,repetidas en menores de 5 anos,2006-01-01,2,1,2,1,3
CHIMORE,consulta externa,repetidas en menores de 5 anos,2006-01-01,22,36,22,36,58
CHIPAYA,consulta externa,repetidas en menores de 5 anos,2006-01-01,3,7,3,7,10
CHOQUE COTA,consulta externa,repetidas en menores de 5 anos,2006-01-01,1,4,1,4,5
CHULUMANI (V. DE LA LIBERTAD),consulta externa,repetidas en menores de 5 anos,2006-01-01,11,8,11,8,19
CHUMA,consulta externa,repetidas en menores de 5 anos,2006-01-01,6,0,6,0,6
CLIZA,consulta externa,repetidas en menores de 5 anos,2006-01-01,51,38,51,38,89
COBIJA,consulta externa,repetidas en menores de 5 anos,2006-01-01,182,168,182,168,350
COCHABAMBA,consulta externa,repetidas en menores de 5 anos,2006-01-01,2820,2369,2820,2369,5189
COLCAPIRHUA,consulta externa,repetidas en menores de 5 anos,2006-01-01,157,138,157,138,295
"COLCHA ""K""",consulta externa,repetidas en menores de 5 anos,2006-01-01,4,3,4,3,7
COLLANA,consulta externa,repetidas en menores de 5 anos,2006-01-01,2,3,2,3,5
COLOMI,consulta externa,repetidas en menores de 5 anos,2006-01-01,10,7,10,7,17
COLPA BELGICA,consulta externa,repetidas en menores de 5 anos,2006-01-01,41,18,41,18,59
COLQUECHACA,consulta externa,repetidas en menores de 5 anos,2006-01-01,4,1,4,1,5
COLQUENCHA,consulta externa,repetidas en menores de 5 anos,2006-01-01,1,1,1,1,2
COLQUIRI,consulta externa,repetidas en menores de 5 anos,2006-01-01,42,33,42,33,75
COMANCHE,consulta externa,repetidas en menores de 5 anos,2006-01-01,1,0,1,0,1
COMARAPA,consulta externa,repetidas en menores de 5 anos,2006-01-01,48,41,48,41,89
CONCEPCION,consulta externa,repetidas en menores de 5 anos,2006-01-01,1,3,1,3,4
COPACABANA,consulta externa,repetidas en menores de 5 anos,2006-01-01,0,1,0,1,1
CORIPATA,consulta externa,repetidas en menores de 5 anos,2006-01-01,7,2,7,2,9
CORO CORO,consulta externa,repetidas en menores de 5 anos,2006-01-01,7,2,7,2,9
COROICO,consulta externa,repetidas en menores de 5 anos,2006-01-01,18,15,18,15,33
CORQUE,consulta externa,repetidas en menores de 5 anos,2006-01-01,2,3,2,3,5
COTAGAITA,consulta externa,repetidas en menores de 5 anos,2006-01-01,31,12,31,12,43
COTOCA,consulta externa,repetidas en menores de 5 anos,2006-01-01,16,7,16,7,23
CUATRO CAÑADAS,consulta externa,repetidas en menores de 5 anos,2006-01-01,22,19,22,19,41
CUCHUMUELA (V. G. VILLARROEL),consulta externa,repetidas en menores de 5 anos,2006-01-01,1,0,1,0,1
CUEVO,consulta externa,repetidas en menores de 5 anos,2006-01-01,18,17,18,17,35
CULPINA,consulta externa,repetidas en menores de 5 anos,2006-01-01,22,9,22,9,31
CURAHUARA DE CARANGAS,consulta externa,repetidas en menores de 5 anos,2006-01-01,1,1,1,1,2
EL ALTO,consulta externa,repetidas en menores de 5 anos,2006-01-01,2060,1874,2060,1874,3934
EL CHORO,consulta externa,repetidas en menores de 5 anos,2006-01-01,3,0,3,0,3
EL PUENTE(STC),consulta externa,repetidas en menores de 5 anos,2006-01-01,4,4,4,4,8
EL PUENTE(TJA),consulta externa,repetidas en menores de 5 anos,2006-01-01,32,30,32,30,62
EL TORNO,consulta externa,repetidas en menores de 5 anos,2006-01-01,60,59,60,59,119
EL VILLAR,consulta externa,repetidas en menores de 5 anos,2006-01-01,1,2,1,2,3
ENTRE RIOS,consulta externa,repetidas en menores de 5 anos,2006-01-01,3,8,3,8,11
ENTRE RIOS,consulta externa,repetidas en menores de 5 anos,2006-01-01,70,56,70,56,126
EUCALIPTUS,consulta externa,repetidas en menores de 5 anos,2006-01-01,4,6,4,6,10
EXALTACION,consulta externa,repetidas en menores de 5 anos,2006-01-01,10,9,10,9,19
FERNANDEZ ALONSO,consulta externa,repetidas en menores de 5 anos,2006-01-01,33,33,33,33,66
FILADELFIA,consulta externa,repetidas en menores de 5 anos,2006-01-01,4,3,4,3,7
GENERAL SAAVEDRA,consulta externa,repetidas en menores de 5 anos,2006-01-01,29,20,29,20,49
GRAL. J.J. PEREZ (CHARAZANI),consulta externa,repetidas en menores de 5 anos,2006-01-01,6,2,6,2,8
GUANAY,consulta externa,repetidas en menores de 5 anos,2006-01-01,1,0,1,0,1
GUAQUI,consulta externa,repetidas en menores de 5 anos,2006-01-01,2,1,2,1,3
GUAYARAMERIN,consulta externa,repetidas en menores de 5 anos,2006-01-01,37,83,37,83,120
GUTIERREZ,consulta externa,repetidas en menores de 5 anos,2006-01-01,24,22,24,22,46
HUACARETA,consulta externa,repetidas en menores de 5 anos,2006-01-01,28,22,28,22,50
HUACAYA (VILLA DE HUACAYA),consulta externa,repetidas en menores de 5 anos,2006-01-01,1,1,1,1,2
HUANUNI,consulta externa,repetidas en menores de 5 anos,2006-01-01,80,94,80,94,174
HUARACAJE,consulta externa,repetidas en menores de 5 anos,2006-01-01,10,4,10,4,14
HUAYLLAMARCA,consulta externa,repetidas en menores de 5 anos,2006-01-01,1,0,1,0,1
ICHOCA,consulta externa,repetidas en menores de 5 anos,2006-01-01,1,2,1,2,3
ICLA,consulta externa,repetidas en menores de 5 anos,2006-01-01,11,3,11,3,14
INCAHUASI,consulta externa,repetidas en menores de 5 anos,2006-01-01,1,2,1,2,3
INGAVI (HUMAITA),consulta externa,repetidas en menores de 5 anos,2006-01-01,12,6,12,6,18
INQUISIVI,consulta externa,repetidas en menores de 5 anos,2006-01-01,12,12,12,12,24
IRUPANA (VILLA DE LANZA),consulta externa,repetidas en menores de 5 anos,2006-01-01,7,3,7,3,10
IXIAMAS,consulta externa,repetidas en menores de 5 anos,2006-01-01,18,7,18,7,25
JESUS DE MACHACA,consulta externa,repetidas en menores de 5 anos,2006-01-01,2,6,2,6,8
LA ASUNTA,consulta externa,repetidas en menores de 5 anos,2006-01-01,4,7,4,7,11
LA GUARDIA,consulta externa,repetidas en menores de 5 anos,2006-01-01,79,68,79,68,147
LA PAZ,consulta externa,repetidas en menores de 5 anos,2006-01-01,3154,3130,3154,3130,6284
LAGUNILLAS,consulta externa,repetidas en menores de 5 anos,2006-01-01,5,5,5,5,10
LAJA,consulta externa,repetidas en menores de 5 anos,2006-01-01,2,2,2,2,4
LAS CARRERAS,consulta externa,repetidas en menores de 5 anos,2006-01-01,2,13,2,13,15
LLALLAGUA,consulta externa,repetidas en menores de 5 anos,2006-01-01,32,25,32,25,57
LLICA,consulta externa,repetidas en menores de 5 anos,2006-01-01,0,1,0,1,1
LORETO,consulta externa,repetidas en menores de 5 anos,2006-01-01,7,17,7,17,24
LURIBAY,consulta externa,repetidas en menores de 5 anos,2006-01-01,5,2,5,2,7
MACHACAMARCA,consulta externa,repetidas en menores de 5 anos,2006-01-01,0,2,0,2,2
MACHARETI,consulta externa,repetidas en menores de 5 anos,2006-01-01,7,11,7,11,18
MAGDALENA,consulta externa,repetidas en menores de 5 anos,2006-01-01,16,33,16,33,49
MAIRANA,consulta externa,repetidas en menores de 5 anos,2006-01-01,6,13,6,13,19
MALLA,consulta externa,repetidas en menores de 5 anos,2006-01-01,0,3,0,3,3
MAPIRI,consulta externa,repetidas en menores de 5 anos,2006-01-01,7,6,7,6,13
MECAPACA,consulta externa,repetidas en menores de 5 anos,2006-01-01,10,7,10,7,17
MINEROS,consulta externa,repetidas en menores de 5 anos,2006-01-01,25,22,25,22,47
MIZQUE,consulta externa,repetidas en menores de 5 anos,2006-01-01,26,11,26,11,37
MOJINETE,consulta externa,repetidas en menores de 5 anos,2006-01-01,1,0,1,0,1
MOJOCOYA,consulta externa,repetidas en menores de 5 anos,2006-01-01,5,7,5,7,12
MONTEAGUDO,consulta externa,repetidas en menores de 5 anos,2006-01-01,52,21,52,21,73
MONTERO,consulta externa,repetidas en menores de 5 anos,2006-01-01,285,351,285,351,636
MORO MORO,consulta externa,repetidas en menores de 5 anos,2006-01-01,2,5,2,5,7
MOROCHATA,consulta externa,repetidas en menores de 5 anos,2006-01-01,39,65,39,65,104
OCURI,consulta externa,repetidas en menores de 5 anos,2006-01-01,0,1,0,1,1
OKINAWA,consulta externa,repetidas en menores de 5 anos,2006-01-01,2,1,2,1,3
OMEREQUE,consulta externa,repetidas en menores de 5 anos,2006-01-01,3,2,3,2,5
ORURO,consulta externa,repetidas en menores de 5 anos,2006-01-01,480,469,480,469,949
PADCAYA,consulta externa,repetidas en menores de 5 anos,2006-01-01,11,11,11,11,22
PADILLA,consulta externa,repetidas en menores de 5 anos,2006-01-01,7,5,7,5,12
PAILON,consulta externa,repetidas en menores de 5 anos,2006-01-01,29,17,29,17,46
PALCA,consulta externa,repetidas en menores de 5 anos,2006-01-01,2,6,2,6,8
PALOS BLANCOS,consulta externa,repetidas en menores de 5 anos,2006-01-01,31,39,31,39,70
PAMPA AULLAGAS,consulta externa,repetidas en menores de 5 anos,2006-01-01,1,1,1,1,2
PAMPA GRANDE,consulta externa,repetidas en menores de 5 anos,2006-01-01,7,15,7,15,22
PAPEL PAMPA,consulta externa,repetidas en menores de 5 anos,2006-01-01,2,1,2,1,3
PASORAPA,consulta externa,repetidas en menores de 5 anos,2006-01-01,2,0,2,0,2
PATACAMAYA,consulta externa,repetidas en menores de 5 anos,2006-01-01,9,7,9,7,16
PAZÑA,consulta externa,repetidas en menores de 5 anos,2006-01-01,2,1,2,1,3
POCOATA,consulta externa,repetidas en menores de 5 anos,2006-01-01,4,6,4,6,10
POCONA,consulta externa,repetidas en menores de 5 anos,2006-01-01,5,7,5,7,12
POOPO,consulta externa,repetidas en menores de 5 anos,2006-01-01,2,0,2,0,2
PORCO,consulta externa,repetidas en menores de 5 anos,2006-01-01,5,2,5,2,7
POROMA,consulta externa,repetidas en menores de 5 anos,2006-01-01,3,0,3,0,3
PORONGO,consulta externa,repetidas en menores de 5 anos,2006-01-01,26,28,26,28,54
PORTACHUELO,consulta externa,repetidas en menores de 5 anos,2006-01-01,12,10,12,10,22
PORVENIR,consulta externa,repetidas en menores de 5 anos,2006-01-01,0,1,0,1,1
POSTRER VALLE,consulta externa,repetidas en menores de 5 anos,2006-01-01,1,0,1,0,1
POTOSI,consulta externa,repetidas en menores de 5 anos,2006-01-01,439,320,439,320,759
PRESTO,consulta externa,repetidas en menores de 5 anos,2006-01-01,5,2,5,2,7
PUCARA,consulta externa,repetidas en menores de 5 anos,2006-01-01,1,1,1,1,2
PUCARANI,consulta externa,repetidas en menores de 5 anos,2006-01-01,2,2,2,2,4
PUERTO ACOSTA,consulta externa,repetidas en menores de 5 anos,2006-01-01,23,27,23,27,50
PUERTO CARABUCO,consulta externa,repetidas en menores de 5 anos,2006-01-01,8,10,8,10,18
PUERTO GONZALO MORENO,consulta externa,repetidas en menores de 5 anos,2006-01-01,10,8,10,8,18
PUERTO PEREZ,consulta externa,repetidas en menores de 5 anos,2006-01-01,1,0,1,0,1
PUERTO QUIJARRO,consulta externa,repetidas en menores de 5 anos,2006-01-01,18,11,18,11,29
PUERTO RICO,consulta externa,repetidas en menores de 5 anos,2006-01-01,1,3,1,3,4
PUERTO SILES,consulta externa,repetidas en menores de 5 anos,2006-01-01,0,1,0,1,1
PUERTO SUAREZ,consulta externa,repetidas en menores de 5 anos,2006-01-01,17,11,17,11,28
PUERTO VILLARROEL,consulta externa,repetidas en menores de 5 anos,2006-01-01,34,31,34,31,65
PUNA,consulta externa,repetidas en menores de 5 anos,2006-01-01,7,6,7,6,13
PUNATA,consulta externa,repetidas en menores de 5 anos,2006-01-01,33,49,33,49,82
QUILLACOLLO,consulta externa,repetidas en menores de 5 anos,2006-01-01,313,296,313,296,609
QUIME,consulta externa,repetidas en menores de 5 anos,2006-01-01,7,3,7,3,10
QUIRUSILLAS,consulta externa,repetidas en menores de 5 anos,2006-01-01,3,2,3,2,5
RAVELO,consulta externa,repetidas en menores de 5 anos,2006-01-01,0,1,0,1,1
REYES,consulta externa,repetidas en menores de 5 anos,2006-01-01,27,8,27,8,35
RIBERALTA,consulta externa,repetidas en menores de 5 anos,2006-01-01,299,271,299,271,570
ROBORE,consulta externa,repetidas en menores de 5 anos,2006-01-01,11,10,11,10,21
RURRENABAQUE,consulta externa,repetidas en menores de 5 anos,2006-01-01,11,9,11,9,20
SABAYA,consulta externa,repetidas en menores de 5 anos,2006-01-01,2,0,2,0,2
SACABA,consulta externa,repetidas en menores de 5 anos,2006-01-01,235,192,235,192,427
SACABAMBA,consulta externa,repetidas en menores de 5 anos,2006-01-01,2,4,2,4,6
SACACA,consulta externa,repetidas en menores de 5 anos,2006-01-01,5,3,5,3,8
SAIPINA,consulta externa,repetidas en menores de 5 anos,2006-01-01,18,32,18,32,50
SALINAS DE GARCI MENDOZA,consulta externa,repetidas en menores de 5 anos,2006-01-01,2,1,2,1,3
SAMAIPATA,consulta externa,repetidas en menores de 5 anos,2006-01-01,4,4,4,4,8
SAN AGUSTIN,consulta externa,repetidas en menores de 5 anos,2006-01-01,1,0,1,0,1
SAN ANDRES,consulta externa,repetidas en menores de 5 anos,2006-01-01,23,22,23,22,45
SAN ANTONIO DE ESMORUCO,consulta externa,repetidas en menores de 5 anos,2006-01-01,1,1,1,1,2
SAN ANTONIO DE LOMERIO,consulta externa,repetidas en menores de 5 anos,2006-01-01,0,1,0,1,1
SAN BENITO,consulta externa,repetidas en menores de 5 anos,2006-01-01,21,17,21,17,38
SAN BORJA,consulta externa,repetidas en menores de 5 anos,2006-01-01,46,27,46,27,73
SAN BUENA VENTURA,consulta externa,repetidas en menores de 5 anos,2006-01-01,3,4,3,4,7
SAN CARLOS,consulta externa,repetidas en menores de 5 anos,2006-01-01,14,8,14,8,22
SAN IGNACIO,consulta externa,repetidas en menores de 5 anos,2006-01-01,106,106,106,106,212
SAN IGNACIO DE VELASCO,consulta externa,repetidas en menores de 5 anos,2006-01-01,188,205,188,205,393
SAN JAVIER(BNI),consulta externa,repetidas en menores de 5 anos,2006-01-01,1,2,1,2,3
SAN JAVIER(STC),consulta externa,repetidas en menores de 5 anos,2006-01-01,17,7,17,7,24
SAN JOAQUIN,consulta externa,repetidas en menores de 5 anos,2006-01-01,2,0,2,0,2
SAN JOSE DE CHIQUITOS,consulta externa,repetidas en menores de 5 anos,2006-01-01,7,3,7,3,10
SAN JUAN DE YAPACANI,consulta externa,repetidas en menores de 5 anos,2006-01-01,31,32,31,32,63
SAN JULIAN,consulta externa,repetidas en menores de 5 anos,2006-01-01,56,48,56,48,104
SAN LORENZO(PND),consulta externa,repetidas en menores de 5 anos,2006-01-01,4,1,4,1,5
SAN LORENZO(TJA),consulta externa,repetidas en menores de 5 anos,2006-01-01,27,37,27,37,64
SAN LUCAS,consulta externa,repetidas en menores de 5 anos,2006-01-01,17,90,17,90,107
SAN MATIAS,consulta externa,repetidas en menores de 5 anos,2006-01-01,2,3,2,3,5
SAN MIGUEL DE VELASCO,consulta externa,repetidas en menores de 5 anos,2006-01-01,30,23,30,23,53
SAN PABLO DE LIPEZ,consulta externa,repetidas en menores de 5 anos,2006-01-01,3,5,3,5,8
SAN PEDRO,consulta externa,repetidas en menores de 5 anos,2006-01-01,43,68,43,68,111
SAN PEDRO DE CURAHUARA,consulta externa,repetidas en menores de 5 anos,2006-01-01,2,0,2,0,2
SAN PEDRO DE TIQUINA,consulta externa,repetidas en menores de 5 anos,2006-01-01,3,1,3,1,4
SAN PEDRO(PND),consulta externa,repetidas en menores de 5 anos,2006-01-01,4,0,4,0,4
SAN RAFAEL,consulta externa,repetidas en menores de 5 anos,2006-01-01,3,1,3,1,4
SAN RAMON,consulta externa,repetidas en menores de 5 anos,2006-01-01,4,1,4,1,5
SAN RAMON,consulta externa,repetidas en menores de 5 anos,2006-01-01,4,9,4,9,13
SANTA ANA,consulta externa,repetidas en menores de 5 anos,2006-01-01,28,17,28,17,45
SANTA CRUZ DE LA SIERRA,consulta externa,repetidas en menores de 5 anos,2006-01-01,3648,3774,3648,3774,7422
SANTA ROSA,consulta externa,repetidas en menores de 5 anos,2006-01-01,16,22,16,22,38
SANTA ROSA DEL SARA,consulta externa,repetidas en menores de 5 anos,2006-01-01,44,47,44,47,91
SANTIAGO DE HUARI,consulta externa,repetidas en menores de 5 anos,2006-01-01,12,12,12,12,24
SANTIAGO DE MACHACA,consulta externa,repetidas en menores de 5 anos,2006-01-01,3,0,3,0,3
SANTIVAÑES,consulta externa,repetidas en menores de 5 anos,2006-01-01,11,6,11,6,17
SANTUARIO DE QUILLACAS,consulta externa,repetidas en menores de 5 anos,2006-01-01,4,1,4,1,5
SAPAHAQUI,consulta externa,repetidas en menores de 5 anos,2006-01-01,1,3,1,3,4
SENA,consulta externa,repetidas en menores de 5 anos,2006-01-01,6,5,6,5,11
SICA SICA (VILLA AROMA),consulta externa,repetidas en menores de 5 anos,2006-01-01,3,5,3,5,8
SICAYA,consulta externa,repetidas en menores de 5 anos,2006-01-01,1,2,1,2,3
SIPE SIPE,consulta externa,repetidas en menores de 5 anos,2006-01-01,137,102,137,102,239
SOPACHUY,consulta externa,repetidas en menores de 5 anos,2006-01-01,12,1,12,1,13
SORATA,consulta externa,repetidas en menores de 5 anos,2006-01-01,0,4,0,4,4
SUCRE,consulta externa,repetidas en menores de 5 anos,2006-01-01,614,620,614,620,1234
TACACHI,consulta externa,repetidas en menores de 5 anos,2006-01-01,1,3,1,3,4
TACACOMA,consulta externa,repetidas en menores de 5 anos,2006-01-01,1,1,1,1,2
TACOPAYA,consulta externa,repetidas en menores de 5 anos,2006-01-01,1,1,1,1,2
TAPACARI,consulta externa,repetidas en menores de 5 anos,2006-01-01,6,4,6,4,10
TARABUCO,consulta externa,repetidas en menores de 5 anos,2006-01-01,79,106,79,106,185
TARATA,consulta externa,repetidas en menores de 5 anos,2006-01-01,6,2,6,2,8
TARIJA,consulta externa,repetidas en menores de 5 anos,2006-01-01,814,724,814,724,1538
TARVITA,consulta externa,repetidas en menores de 5 anos,2006-01-01,14,10,14,10,24
TEOPONTE,consulta externa,repetidas en menores de 5 anos,2006-01-01,2,0,2,0,2
TIAWANACU,consulta externa,repetidas en menores de 5 anos,2006-01-01,2,2,2,2,4
TINGUIPAYA,consulta externa,repetidas en menores de 5 anos,2006-01-01,5,8,5,8,13
TIPUANI,consulta externa,repetidas en menores de 5 anos,2006-01-01,13,20,13,20,33
TIQUIPAYA,consulta externa,repetidas en menores de 5 anos,2006-01-01,196,170,196,170,366
TIRAQUE (CBBA),consulta externa,repetidas en menores de 5 anos,2006-01-01,117,105,117,105,222
TITO YUPANQUI (PARQUIPUJIO),consulta externa,repetidas en menores de 5 anos,2006-01-01,1,1,1,1,2
TOCO,consulta externa,repetidas en menores de 5 anos,2006-01-01,2,2,2,2,4
TODOS SANTOS,consulta externa,repetidas en menores de 5 anos,2006-01-01,0,1,0,1,1
TOLATA,consulta externa,repetidas en menores de 5 anos,2006-01-01,5,8,5,8,13
TOLEDO,consulta externa,repetidas en menores de 5 anos,2006-01-01,2,2,2,2,4
TOMAVE,consulta externa,repetidas en menores de 5 anos,2006-01-01,4,2,4,2,6
TOMINA,consulta externa,repetidas en menores de 5 anos,2006-01-01,0,1,0,1,1
TORO TORO,consulta externa,repetidas en menores de 5 anos,2006-01-01,2,0,2,0,2
TOTORA(CBBA),consulta externa,repetidas en menores de 5 anos,2006-01-01,65,75,65,75,140
TOTORA(ORR),consulta externa,repetidas en menores de 5 anos,2006-01-01,4,6,4,6,10
TRIGAL,consulta externa,repetidas en menores de 5 anos,2006-01-01,2,2,2,2,4
TRINIDAD,consulta externa,repetidas en menores de 5 anos,2006-01-01,614,459,614,459,1073
TUPIZA,consulta externa,repetidas en menores de 5 anos,2006-01-01,84,106,84,106,190
TURCO,consulta externa,repetidas en menores de 5 anos,2006-01-01,0,3,0,3,3
UNCIA,consulta externa,repetidas en menores de 5 anos,2006-01-01,8,9,8,9,17
URIONDO (A. CONCEPCION),consulta externa,repetidas en menores de 5 anos,2006-01-01,28,25,28,25,53
URUBICHA,consulta externa,repetidas en menores de 5 anos,2006-01-01,2,5,2,5,7
UYUNI,consulta externa,repetidas en menores de 5 anos,2006-01-01,57,16,57,16,73
VACAS,consulta externa,repetidas en menores de 5 anos,2006-01-01,26,31,26,31,57
VALLEGRANDE,consulta externa,repetidas en menores de 5 anos,2006-01-01,14,19,14,19,33
VIACHA,consulta externa,repetidas en menores de 5 anos,2006-01-01,54,46,54,46,100
VILA VILA,consulta externa,repetidas en menores de 5 anos,2006-01-01,1,0,1,0,1
VILLA MONTES,consulta externa,repetidas en menores de 5 anos,2006-01-01,22,10,22,10,32
VILLA RIVERO,consulta externa,repetidas en menores de 5 anos,2006-01-01,5,3,5,3,8
VILLA SERRANO,consulta externa,repetidas en menores de 5 anos,2006-01-01,6,1,6,1,7
VILLA TUNARI,consulta externa,repetidas en menores de 5 anos,2006-01-01,75,47,75,47,122
VILLA VACA GUZMAN (MUYUPAMPA),consulta externa,repetidas en menores de 5 anos,2006-01-01,9,0,9,0,9
VILLAZON,consulta externa,repetidas en menores de 5 anos,2006-01-01,48,60,48,60,108
VINTO,consulta externa,repetidas en menores de 5 anos,2006-01-01,176,120,176,120,296
VITICHI,consulta externa,repetidas en menores de 5 anos,2006-01-01,3,8,3,8,11
WARNES,consulta externa,repetidas en menores de 5 anos,2006-01-01,72,81,72,81,153
YACO,consulta externa,repetidas en menores de 5 anos,2006-01-01,1,2,1,2,3
YACUIBA,consulta externa,repetidas en menores de 5 anos,2006-01-01,166,117,166,117,283
YAMPARAEZ,consulta externa,repetidas en menores de 5 anos,2006-01-01,7,4,7,4,11
YAPACANI,consulta externa,repetidas en menores de 5 anos,2006-01-01,16,18,16,18,34
YOCALLA,consulta externa,repetidas en menores de 5 anos,2006-01-01,3,2,3,2,5
YOTALA,consulta externa,repetidas en menores de 5 anos,2006-01-01,14,14,14,14,28
YUNCHARA,consulta externa,repetidas en menores de 5 anos,2006-01-01,1,7,1,7,8
ZUDAÑEZ,consulta externa,repetidas en menores de 5 anos,2006-01-01,2,1,2,1,3
ACACIO,consulta externa,repetidas en menores de 5 anos,2006-02-01,3,0,3,0,3
ACHACACHI,consulta externa,repetidas en menores de 5 anos,2006-02-01,9,11,9,11,20
AIQUILE,consulta externa,repetidas en menores de 5 anos,2006-02-01,72,85,72,85,157
ALALAY,consulta externa,repetidas en menores de 5 anos,2006-02-01,2,2,2,2,4
ALCALA,consulta externa,repetidas en menores de 5 anos,2006-02-01,0,1,0,1,1
ANCORAIMES,consulta externa,repetidas en menores de 5 anos,2006-02-01,4,11,4,11,15
ANDAMARCA,consulta externa,repetidas en menores de 5 anos,2006-02-01,1,0,1,0,1
ANTEQUERA,consulta externa,repetidas en menores de 5 anos,2006-02-01,18,38,18,38,56
ANZALDO,consulta externa,repetidas en menores de 5 anos,2006-02-01,10,13,10,13,23
APOLO,consulta externa,repetidas en menores de 5 anos,2006-02-01,3,1,3,1,4
ARANI,consulta externa,repetidas en menores de 5 anos,2006-02-01,31,36,31,36,67
ARBIETO,consulta externa,repetidas en menores de 5 anos,2006-02-01,15,11,15,11,26
ARQUE,consulta externa,repetidas en menores de 5 anos,2006-02-01,1,1,1,1,2
ASCENCION DE GUARAYOS,consulta externa,repetidas en menores de 5 anos,2006-02-01,76,53,76,53,129
ATOCHA,consulta externa,repetidas en menores de 5 anos,2006-02-01,37,33,37,33,70
AUCAPATA,consulta externa,repetidas en menores de 5 anos,2006-02-01,11,6,11,6,17
AYATA,consulta externa,repetidas en menores de 5 anos,2006-02-01,39,42,39,42,81
AYO AYO,consulta externa,repetidas en menores de 5 anos,2006-02-01,2,8,2,8,10
AYOPAYA (V. DE INDEPENDENCIA),consulta externa,repetidas en menores de 5 anos,2006-02-01,28,35,28,35,63
BATALLAS,consulta externa,repetidas en menores de 5 anos,2006-02-01,4,2,4,2,6
BAURES,consulta externa,repetidas en menores de 5 anos,2006-02-01,7,6,7,6,13
BELEN DE ANDAMARCA,consulta externa,repetidas en menores de 5 anos,2006-02-01,3,0,3,0,3
BELEN DE URMIRI,consulta externa,repetidas en menores de 5 anos,2006-02-01,1,0,1,0,1
BERMEJO,consulta externa,repetidas en menores de 5 anos,2006-02-01,35,38,35,38,73
BETANZOS,consulta externa,repetidas en menores de 5 anos,2006-02-01,7,13,7,13,20
BOLIVAR,consulta externa,repetidas en menores de 5 anos,2006-02-01,0,4,0,4,4
BOLPEBRA,consulta externa,repetidas en menores de 5 anos,2006-02-01,2,1,2,1,3
BOYUIBE,consulta externa,repetidas en menores de 5 anos,2006-02-01,32,23,32,23,55
BUENA VISTA,consulta externa,repetidas en menores de 5 anos,2006-02-01,95,86,95,86,181
CABEZAS,consulta externa,repetidas en menores de 5 anos,2006-02-01,10,9,10,9,19
CAIROMA,consulta externa,repetidas en menores de 5 anos,2006-02-01,3,4,3,4,7
"CAIZA ""D""",consulta externa,repetidas en menores de 5 anos,2006-02-01,2,0,2,0,2
CAJUATA,consulta externa,repetidas en menores de 5 anos,2006-02-01,18,7,18,7,25
CALACOTO,consulta externa,repetidas en menores de 5 anos,2006-02-01,2,0,2,0,2
CALAMARCA,consulta externa,repetidas en menores de 5 anos,2006-02-01,7,2,7,2,9
CAMARGO,consulta externa,repetidas en menores de 5 anos,2006-02-01,7,6,7,6,13
CAMATAQUI (C. VILLA ABECIA),consulta externa,repetidas en menores de 5 anos,2006-02-01,2,0,2,0,2
CAMIRI,consulta externa,repetidas en menores de 5 anos,2006-02-01,89,104,89,104,193
CAPINOTA,consulta externa,repetidas en menores de 5 anos,2006-02-01,57,53,57,53,110
CAQUIAVIRI,consulta externa,repetidas en menores de 5 anos,2006-02-01,0,3,0,3,3
CARACOLLO,consulta externa,repetidas en menores de 5 anos,2006-02-01,1,4,1,4,5
CARANAVI,consulta externa,repetidas en menores de 5 anos,2006-02-01,42,49,42,49,91
CARAPARI,consulta externa,repetidas en menores de 5 anos,2006-02-01,2,5,2,5,7
CARMEN RIVERO TORREZ,consulta externa,repetidas en menores de 5 anos,2006-02-01,1,2,1,2,3
CHALLAPATA,consulta externa,repetidas en menores de 5 anos,2006-02-01,8,7,8,7,15
CHAQUI,consulta externa,repetidas en menores de 5 anos,2006-02-01,2,3,2,3,5
CHARAGUA,consulta externa,repetidas en menores de 5 anos,2006-02-01,36,37,36,37,73
CHARAÑA,consulta externa,repetidas en menores de 5 anos,2006-02-01,0,1,0,1,1
CHAYANTA,consulta externa,repetidas en menores de 5 anos,2006-02-01,6,7,6,7,13
CHIMORE,consulta externa,repetidas en menores de 5 anos,2006-02-01,16,25,16,25,41
CHIPAYA,consulta externa,repetidas en menores de 5 anos,2006-02-01,2,1,2,1,3
CHOQUE COTA,consulta externa,repetidas en menores de 5 anos,2006-02-01,1,2,1,2,3
CHULUMANI (V. DE LA LIBERTAD),consulta externa,repetidas en menores de 5 anos,2006-02-01,19,10,19,10,29
CHUMA,consulta externa,repetidas en menores de 5 anos,2006-02-01,5,4,5,4,9
CLIZA,consulta externa,repetidas en menores de 5 anos,2006-02-01,25,14,25,14,39
COBIJA,consulta externa,repetidas en menores de 5 anos,2006-02-01,113,117,113,117,230
COCHABAMBA,consulta externa,repetidas en menores de 5 anos,2006-02-01,2482,2328,2482,2328,4810
COLCAPIRHUA,consulta externa,repetidas en menores de 5 anos,2006-02-01,114,168,114,168,282
"COLCHA ""K""",consulta externa,repetidas en menores de 5 anos,2006-02-01,1,0,1,0,1
COLLANA,consulta externa,repetidas en menores de 5 anos,2006-02-01,3,3,3,3,6
COLOMI,consulta externa,repetidas en menores de 5 anos,2006-02-01,43,21,43,21,64
COLPA BELGICA,consulta externa,repetidas en menores de 5 anos,2006-02-01,29,20,29,20,49
COLQUECHACA,consulta externa,repetidas en menores de 5 anos,2006-02-01,4,5,4,5,9
COLQUENCHA,consulta externa,repetidas en menores de 5 anos,2006-02-01,1,2,1,2,3
COLQUIRI,consulta externa,repetidas en menores de 5 anos,2006-02-01,27,52,27,52,79
COMANCHE,consulta externa,repetidas en menores de 5 anos,2006-02-01,2,0,2,0,2
COMARAPA,consulta externa,repetidas en menores de 5 anos,2006-02-01,21,16,21,16,37
CONCEPCION,consulta externa,repetidas en menores de 5 anos,2006-02-01,11,0,11,0,11
COPACABANA,consulta externa,repetidas en menores de 5 anos,2006-02-01,4,4,4,4,8
CORIPATA,consulta externa,repetidas en menores de 5 anos,2006-02-01,22,18,22,18,40
CORO CORO,consulta externa,repetidas en menores de 5 anos,2006-02-01,0,4,0,4,4
COROICO,consulta externa,repetidas en menores de 5 anos,2006-02-01,23,17,23,17,40
CORQUE,consulta externa,repetidas en menores de 5 anos,2006-02-01,0,1,0,1,1
COTAGAITA,consulta externa,repetidas en menores de 5 anos,2006-02-01,22,22,22,22,44
COTOCA,consulta externa,repetidas en menores de 5 anos,2006-02-01,6,4,6,4,10
CUATRO CAÑADAS,consulta externa,repetidas en menores de 5 anos,2006-02-01,13,6,13,6,19
CUCHUMUELA (V. G. VILLARROEL),consulta externa,repetidas en menores de 5 anos,2006-02-01,5,0,5,0,5
CUEVO,consulta externa,repetidas en menores de 5 anos,2006-02-01,9,8,9,8,17
CULPINA,consulta externa,repetidas en menores de 5 anos,2006-02-01,8,8,8,8,16
EL ALTO,consulta externa,repetidas en menores de 5 anos,2006-02-01,1662,1483,1662,1483,3145
EL CHORO,consulta externa,repetidas en menores de 5 anos,2006-02-01,1,2,1,2,3
EL PUENTE(STC),consulta externa,repetidas en menores de 5 anos,2006-02-01,6,3,6,3,9
EL PUENTE(TJA),consulta externa,repetidas en menores de 5 anos,2006-02-01,66,58,66,58,124
EL TORNO,consulta externa,repetidas en menores de 5 anos,2006-02-01,54,42,54,42,96
EL VILLAR,consulta externa,repetidas en menores de 5 anos,2006-02-01,1,0,1,0,1
ENTRE RIOS,consulta externa,repetidas en menores de 5 anos,2006-02-01,56,44,56,44,100
ENTRE RIOS,consulta externa,repetidas en menores de 5 anos,2006-02-01,4,8,4,8,12
EUCALIPTUS,consulta externa,repetidas en menores de 5 anos,2006-02-01,11,5,11,5,16
EXALTACION,consulta externa,repetidas en menores de 5 anos,2006-02-01,6,6,6,6,12
FERNANDEZ ALONSO,consulta externa,repetidas en menores de 5 anos,2006-02-01,37,17,37,17,54
FILADELFIA,consulta externa,repetidas en menores de 5 anos,2006-02-01,2,0,2,0,2
GENERAL SAAVEDRA,consulta externa,repetidas en menores de 5 anos,2006-02-01,36,41,36,41,77
GRAL. J.J. PEREZ (CHARAZANI),consulta externa,repetidas en menores de 5 anos,2006-02-01,4,2,4,2,6
GUANAY,consulta externa,repetidas en menores de 5 anos,2006-02-01,1,1,1,1,2
GUAQUI,consulta externa,repetidas en menores de 5 anos,2006-02-01,7,2,7,2,9
GUAYARAMERIN,consulta externa,repetidas en menores de 5 anos,2006-02-01,83,75,83,75,158
GUTIERREZ,consulta externa,repetidas en menores de 5 anos,2006-02-01,16,18,16,18,34
HUACARETA,consulta externa,repetidas en menores de 5 anos,2006-02-01,48,49,48,49,97
HUACAYA (VILLA DE HUACAYA),consulta externa,repetidas en menores de 5 anos,2006-02-01,2,0,2,0,2
HUACHACALLA,consulta externa,repetidas en menores de 5 anos,2006-02-01,0,1,0,1,1
HUANUNI,consulta externa,repetidas en menores de 5 anos,2006-02-01,81,100,81,100,181
HUARACAJE,consulta externa,repetidas en menores de 5 anos,2006-02-01,9,11,9,11,20
HUAYLLAMARCA,consulta externa,repetidas en menores de 5 anos,2006-02-01,1,1,1,1,2
ICHOCA,consulta externa,repetidas en menores de 5 anos,2006-02-01,3,1,3,1,4
ICLA,consulta externa,repetidas en menores de 5 anos,2006-02-01,7,3,7,3,10
INCAHUASI,consulta externa,repetidas en menores de 5 anos,2006-02-01,4,6,4,6,10
INGAVI (HUMAITA),consulta externa,repetidas en menores de 5 anos,2006-02-01,10,3,10,3,13
INQUISIVI,consulta externa,repetidas en menores de 5 anos,2006-02-01,17,14,17,14,31
IRUPANA (VILLA DE LANZA),consulta externa,repetidas en menores de 5 anos,2006-02-01,2,4,2,4,6
IXIAMAS,consulta externa,repetidas en menores de 5 anos,2006-02-01,26,10,26,10,36
JESUS DE MACHACA,consulta externa,repetidas en menores de 5 anos,2006-02-01,3,4,3,4,7
LA ASUNTA,consulta externa,repetidas en menores de 5 anos,2006-02-01,7,4,7,4,11
LA GUARDIA,consulta externa,repetidas en menores de 5 anos,2006-02-01,69,80,69,80,149
LA PAZ,consulta externa,repetidas en menores de 5 anos,2006-02-01,2971,2884,2971,2884,5855
LAGUNILLAS,consulta externa,repetidas en menores de 5 anos,2006-02-01,19,17,19,17,36
LAJA,consulta externa,repetidas en menores de 5 anos,2006-02-01,2,8,2,8,10
LAS CARRERAS,consulta externa,repetidas en menores de 5 anos,2006-02-01,0,7,0,7,7
LICOMA PAMPA,consulta externa,repetidas en menores de 5 anos,2006-02-01,8,1,8,1,9
LLALLAGUA,consulta externa,repetidas en menores de 5 anos,2006-02-01,29,22,29,22,51
LLICA,consulta externa,repetidas en menores de 5 anos,2006-02-01,4,1,4,1,5
LORETO,consulta externa,repetidas en menores de 5 anos,2006-02-01,12,12,12,12,24
LURIBAY,consulta externa,repetidas en menores de 5 anos,2006-02-01,1,0,1,0,1
MACHACAMARCA,consulta externa,repetidas en menores de 5 anos,2006-02-01,3,1,3,1,4
MACHARETI,consulta externa,repetidas en menores de 5 anos,2006-02-01,6,6,6,6,12
MAGDALENA,consulta externa,repetidas en menores de 5 anos,2006-02-01,25,20,25,20,45
MAIRANA,consulta externa,repetidas en menores de 5 anos,2006-02-01,10,5,10,5,15
MALLA,consulta externa,repetidas en menores de 5 anos,2006-02-01,1,2,1,2,3
MAPIRI,consulta externa,repetidas en menores de 5 anos,2006-02-01,1,1,1,1,2
MECAPACA,consulta externa,repetidas en menores de 5 anos,2006-02-01,24,11,24,11,35
MINEROS,consulta externa,repetidas en menores de 5 anos,2006-02-01,19,13,19,13,32
MIZQUE,consulta externa,repetidas en menores de 5 anos,2006-02-01,18,18,18,18,36
MOCOMOCO,consulta externa,repetidas en menores de 5 anos,2006-02-01,3,1,3,1,4
MOJINETE,consulta externa,repetidas en menores de 5 anos,2006-02-01,9,11,9,11,20
MOJOCOYA,consulta externa,repetidas en menores de 5 anos,2006-02-01,7,5,7,5,12
MONTEAGUDO,consulta externa,repetidas en menores de 5 anos,2006-02-01,62,63,62,63,125
MONTERO,consulta externa,repetidas en menores de 5 anos,2006-02-01,341,282,341,282,623
MORO MORO,consulta externa,repetidas en menores de 5 anos,2006-02-01,3,2,3,2,5
MOROCHATA,consulta externa,repetidas en menores de 5 anos,2006-02-01,54,50,54,50,104
OCURI,consulta externa,repetidas en menores de 5 anos,2006-02-01,2,2,2,2,4
OKINAWA,consulta externa,repetidas en menores de 5 anos,2006-02-01,12,7,12,7,19
OMEREQUE,consulta externa,repetidas en menores de 5 anos,2006-02-01,9,4,9,4,13
ORURO,consulta externa,repetidas en menores de 5 anos,2006-02-01,488,452,488,452,940
PADCAYA,consulta externa,repetidas en menores de 5 anos,2006-02-01,14,12,14,12,26
PADILLA,consulta externa,repetidas en menores de 5 anos,2006-02-01,11,5,11,5,16
PAILON,consulta externa,repetidas en menores de 5 anos,2006-02-01,23,23,23,23,46
PALCA,consulta externa,repetidas en menores de 5 anos,2006-02-01,1,3,1,3,4
PALOS BLANCOS,consulta externa,repetidas en menores de 5 anos,2006-02-01,32,16,32,16,48
PAMPA GRANDE,consulta externa,repetidas en menores de 5 anos,2006-02-01,5,6,5,6,11
PAPEL PAMPA,consulta externa,repetidas en menores de 5 anos,2006-02-01,1,0,1,0,1
PASORAPA,consulta externa,repetidas en menores de 5 anos,2006-02-01,0,1,0,1,1
PATACAMAYA,consulta externa,repetidas en menores de 5 anos,2006-02-01,4,1,4,1,5
PAZÑA,consulta externa,repetidas en menores de 5 anos,2006-02-01,4,1,4,1,5
PELECHUCO,consulta externa,repetidas en menores de 5 anos,2006-02-01,2,0,2,0,2
POCOATA,consulta externa,repetidas en menores de 5 anos,2006-02-01,3,7,3,7,10
POCONA,consulta externa,repetidas en menores de 5 anos,2006-02-01,8,3,8,3,11
POJO (CBBA),consulta externa,repetidas en menores de 5 anos,2006-02-01,7,4,7,4,11
PORCO,consulta externa,repetidas en menores de 5 anos,2006-02-01,7,5,7,5,12
POROMA,consulta externa,repetidas en menores de 5 anos,2006-02-01,5,1,5,1,6
PORONGO,consulta externa,repetidas en menores de 5 anos,2006-02-01,15,18,15,18,33
PORTACHUELO,consulta externa,repetidas en menores de 5 anos,2006-02-01,39,29,39,29,68
PORVENIR,consulta externa,repetidas en menores de 5 anos,2006-02-01,2,1,2,1,3
POSTRER VALLE,consulta externa,repetidas en menores de 5 anos,2006-02-01,0,2,0,2,2
POTOSI,consulta externa,repetidas en menores de 5 anos,2006-02-01,311,211,311,211,522
PRESTO,consulta externa,repetidas en menores de 5 anos,2006-02-01,1,2,1,2,3
PUCARA,consulta externa,repetidas en menores de 5 anos,2006-02-01,0,1,0,1,1
PUCARANI,consulta externa,repetidas en menores de 5 anos,2006-02-01,1,3,1,3,4
PUERTO ACOSTA,consulta externa,repetidas en menores de 5 anos,2006-02-01,8,6,8,6,14
PUERTO CARABUCO,consulta externa,repetidas en menores de 5 anos,2006-02-01,0,4,0,4,4
PUERTO GONZALO MORENO,consulta externa,repetidas en menores de 5 anos,2006-02-01,8,2,8,2,10
PUERTO PEREZ,consulta externa,repetidas en menores de 5 anos,2006-02-01,0,1,0,1,1
PUERTO QUIJARRO,consulta externa,repetidas en menores de 5 anos,2006-02-01,23,23,23,23,46
PUERTO RICO,consulta externa,repetidas en menores de 5 anos,2006-02-01,8,6,8,6,14
PUERTO SILES,consulta externa,repetidas en menores de 5 anos,2006-02-01,2,2,2,2,4
PUERTO SUAREZ,consulta externa,repetidas en menores de 5 anos,2006-02-01,20,13,20,13,33
PUERTO VILLARROEL,consulta externa,repetidas en menores de 5 anos,2006-02-01,61,67,61,67,128
PUNA,consulta externa,repetidas en menores de 5 anos,2006-02-01,5,6,5,6,11
PUNATA,consulta externa,repetidas en menores de 5 anos,2006-02-01,71,51,71,51,122
QUILLACOLLO,consulta externa,repetidas en menores de 5 anos,2006-02-01,314,214,314,214,528
QUIME,consulta externa,repetidas en menores de 5 anos,2006-02-01,5,0,5,0,5
QUIRUSILLAS,consulta externa,repetidas en menores de 5 anos,2006-02-01,8,5,8,5,13
RAVELO,consulta externa,repetidas en menores de 5 anos,2006-02-01,1,0,1,0,1
REYES,consulta externa,repetidas en menores de 5 anos,2006-02-01,9,13,9,13,22
RIBERALTA,consulta externa,repetidas en menores de 5 anos,2006-02-01,231,244,231,244,475
ROBORE,consulta externa,repetidas en menores de 5 anos,2006-02-01,15,23,15,23,38
RURRENABAQUE,consulta externa,repetidas en menores de 5 anos,2006-02-01,12,11,12,11,23
SABAYA,consulta externa,repetidas en menores de 5 anos,2006-02-01,1,1,1,1,2
SACABA,consulta externa,repetidas en menores de 5 anos,2006-02-01,208,185,208,185,393
SACABAMBA,consulta externa,repetidas en menores de 5 anos,2006-02-01,6,4,6,4,10
SACACA,consulta externa,repetidas en menores de 5 anos,2006-02-01,6,2,6,2,8
SAIPINA,consulta externa,repetidas en menores de 5 anos,2006-02-01,20,13,20,13,33
SALINAS DE GARCI MENDOZA,consulta externa,repetidas en menores de 5 anos,2006-02-01,1,2,1,2,3
SAMAIPATA,consulta externa,repetidas en menores de 5 anos,2006-02-01,6,2,6,2,8
SAN AGUSTIN,consulta externa,repetidas en menores de 5 anos,2006-02-01,3,2,3,2,5
SAN ANDRES,consulta externa,repetidas en menores de 5 anos,2006-02-01,17,12,17,12,29
SAN ANDRES DE MACHACA,consulta externa,repetidas en menores de 5 anos,2006-02-01,0,1,0,1,1
SAN ANTONIO DE ESMORUCO,consulta externa,repetidas en menores de 5 anos,2006-02-01,2,1,2,1,3
SAN ANTONIO DE LOMERIO,consulta externa,repetidas en menores de 5 anos,2006-02-01,2,1,2,1,3
SAN BENITO,consulta externa,repetidas en menores de 5 anos,2006-02-01,15,14,15,14,29
SAN BORJA,consulta externa,repetidas en menores de 5 anos,2006-02-01,50,52,50,52,102
SAN BUENA VENTURA,consulta externa,repetidas en menores de 5 anos,2006-02-01,13,9,13,9,22
SAN CARLOS,consulta externa,repetidas en menores de 5 anos,2006-02-01,20,21,20,21,41
SAN IGNACIO,consulta externa,repetidas en menores de 5 anos,2006-02-01,108,77,108,77,185
SAN IGNACIO DE VELASCO,consulta externa,repetidas en menores de 5 anos,2006-02-01,153,150,153,150,303
SAN JAVIER(BNI),consulta externa,repetidas en menores de 5 anos,2006-02-01,1,1,1,1,2
SAN JAVIER(STC),consulta externa,repetidas en menores de 5 anos,2006-02-01,20,21,20,21,41
SAN JOAQUIN,consulta externa,repetidas en menores de 5 anos,2006-02-01,4,3,4,3,7
SAN JOSE DE CHIQUITOS,consulta externa,repetidas en menores de 5 anos,2006-02-01,15,6,15,6,21
SAN JUAN DE YAPACANI,consulta externa,repetidas en menores de 5 anos,2006-02-01,43,30,43,30,73
SAN JULIAN,consulta externa,repetidas en menores de 5 anos,2006-02-01,81,72,81,72,153
SAN LORENZO(PND),consulta externa,repetidas en menores de 5 anos,2006-02-01,2,1,2,1,3
SAN LORENZO(TJA),consulta externa,repetidas en menores de 5 anos,2006-02-01,14,8,14,8,22
SAN LUCAS,consulta externa,repetidas en menores de 5 anos,2006-02-01,15,10,15,10,25
SAN MATIAS,consulta externa,repetidas en menores de 5 anos,2006-02-01,12,6,12,6,18
SAN MIGUEL DE VELASCO,consulta externa,repetidas en menores de 5 anos,2006-02-01,42,53,42,53,95
SAN PABLO DE LIPEZ,consulta externa,repetidas en menores de 5 anos,2006-02-01,7,6,7,6,13
SAN PEDRO,consulta externa,repetidas en menores de 5 anos,2006-02-01,55,35,55,35,90
SAN PEDRO DE BUENA VISTA,consulta externa,repetidas en menores de 5 anos,2006-02-01,1,0,1,0,1
SAN PEDRO DE CURAHUARA,consulta externa,repetidas en menores de 5 anos,2006-02-01,1,0,1,0,1
SAN PEDRO DE TIQUINA,consulta externa,repetidas en menores de 5 anos,2006-02-01,3,3,3,3,6
SAN RAFAEL,consulta externa,repetidas en menores de 5 anos,2006-02-01,2,0,2,0,2
SAN RAMON,consulta externa,repetidas en menores de 5 anos,2006-02-01,4,1,4,1,5
SAN RAMON,consulta externa,repetidas en menores de 5 anos,2006-02-01,5,5,5,5,10
SANTA ANA,consulta externa,repetidas en menores de 5 anos,2006-02-01,15,24,15,24,39
SANTA CRUZ DE LA SIERRA,consulta externa,repetidas en menores de 5 anos,2006-02-01,3080,3338,3080,3338,6418
SANTA ROSA,consulta externa,repetidas en menores de 5 anos,2006-02-01,22,29,22,29,51
SANTA ROSA DEL SARA,consulta externa,repetidas en menores de 5 anos,2006-02-01,27,23,27,23,50
SANTIAGO DE CALLAPA,consulta externa,repetidas en menores de 5 anos,2006-02-01,4,0,4,0,4
SANTIAGO DE HUARI,consulta externa,repetidas en menores de 5 anos,2006-02-01,5,11,5,11,16
SANTIAGO DE MACHACA,consulta externa,repetidas en menores de 5 anos,2006-02-01,1,0,1,0,1
SANTIVAÑES,consulta externa,repetidas en menores de 5 anos,2006-02-01,16,18,16,18,34
SANTUARIO DE QUILLACAS,consulta externa,repetidas en menores de 5 anos,2006-02-01,1,0,1,0,1
SAPAHAQUI,consulta externa,repetidas en menores de 5 anos,2006-02-01,1,2,1,2,3
SENA,consulta externa,repetidas en menores de 5 anos,2006-02-01,8,3,8,3,11
SICA SICA (VILLA AROMA),consulta externa,repetidas en menores de 5 anos,2006-02-01,3,12,3,12,15
SICAYA,consulta externa,repetidas en menores de 5 anos,2006-02-01,16,10,16,10,26
SIPE SIPE,consulta externa,repetidas en menores de 5 anos,2006-02-01,110,113,110,113,223
SOPACHUY,consulta externa,repetidas en menores de 5 anos,2006-02-01,3,4,3,4,7
SORACACHI,consulta externa,repetidas en menores de 5 anos,2006-02-01,5,4,5,4,9
SORATA,consulta externa,repetidas en menores de 5 anos,2006-02-01,7,4,7,4,11
SUCRE,consulta externa,repetidas en menores de 5 anos,2006-02-01,636,666,636,666,1302
TACACHI,consulta externa,repetidas en menores de 5 anos,2006-02-01,7,7,7,7,14
TACACOMA,consulta externa,repetidas en menores de 5 anos,2006-02-01,1,1,1,1,2
TACOBAMBA,consulta externa,repetidas en menores de 5 anos,2006-02-01,0,1,0,1,1
TACOPAYA,consulta externa,repetidas en menores de 5 anos,2006-02-01,73,88,73,88,161
TAHUA,consulta externa,repetidas en menores de 5 anos,2006-02-01,0,2,0,2,2
TAPACARI,consulta externa,repetidas en menores de 5 anos,2006-02-01,7,6,7,6,13
TARABUCO,consulta externa,repetidas en menores de 5 anos,2006-02-01,187,234,187,234,421
TARACO,consulta externa,repetidas en menores de 5 anos,2006-02-01,0,1,0,1,1
TARATA,consulta externa,repetidas en menores de 5 anos,2006-02-01,7,15,7,15,22
TARIJA,consulta externa,repetidas en menores de 5 anos,2006-02-01,630,655,630,655,1285
TARVITA,consulta externa,repetidas en menores de 5 anos,2006-02-01,8,6,8,6,14
TEOPONTE,consulta externa,repetidas en menores de 5 anos,2006-02-01,3,1,3,1,4
TIAWANACU,consulta externa,repetidas en menores de 5 anos,2006-02-01,1,2,1,2,3
TINGUIPAYA,consulta externa,repetidas en menores de 5 anos,2006-02-01,2,0,2,0,2
TIPUANI,consulta externa,repetidas en menores de 5 anos,2006-02-01,12,6,12,6,18
TIQUIPAYA,consulta externa,repetidas en menores de 5 anos,2006-02-01,117,92,117,92,209
TIRAQUE (CBBA),consulta externa,repetidas en menores de 5 anos,2006-02-01,98,64,98,64,162
TOCO,consulta externa,repetidas en menores de 5 anos,2006-02-01,10,5,10,5,15
TODOS SANTOS,consulta externa,repetidas en menores de 5 anos,2006-02-01,1,0,1,0,1
TOLATA,consulta externa,repetidas en menores de 5 anos,2006-02-01,6,5,6,5,11
TOLEDO,consulta externa,repetidas en menores de 5 anos,2006-02-01,0,1,0,1,1
TOMAVE,consulta externa,repetidas en menores de 5 anos,2006-02-01,1,0,1,0,1
TOMINA,consulta externa,repetidas en menores de 5 anos,2006-02-01,1,5,1,5,6
TORO TORO,consulta externa,repetidas en menores de 5 anos,2006-02-01,3,3,3,3,6
TOTORA(CBBA),consulta externa,repetidas en menores de 5 anos,2006-02-01,51,44,51,44,95
TOTORA(ORR),consulta externa,repetidas en menores de 5 anos,2006-02-01,7,9,7,9,16
TRIGAL,consulta externa,repetidas en menores de 5 anos,2006-02-01,1,1,1,1,2
TRINIDAD,consulta externa,repetidas en menores de 5 anos,2006-02-01,980,719,980,719,1699
TUPIZA,consulta externa,repetidas en menores de 5 anos,2006-02-01,73,103,73,103,176
TURCO,consulta externa,repetidas en menores de 5 anos,2006-02-01,1,0,1,0,1
UNCIA,consulta externa,repetidas en menores de 5 anos,2006-02-01,14,18,14,18,32
URIONDO (A. CONCEPCION),consulta externa,repetidas en menores de 5 anos,2006-02-01,34,29,34,29,63
URUBICHA,consulta externa,repetidas en menores de 5 anos,2006-02-01,13,9,13,9,22
UYUNI,consulta externa,repetidas en menores de 5 anos,2006-02-01,7,5,7,5,12
VACAS,consulta externa,repetidas en menores de 5 anos,2006-02-01,24,25,24,25,49
VALLEGRANDE,consulta externa,repetidas en menores de 5 anos,2006-02-01,12,11,12,11,23
VIACHA,consulta externa,repetidas en menores de 5 anos,2006-02-01,50,59,50,59,109
VILA VILA,consulta externa,repetidas en menores de 5 anos,2006-02-01,1,2,1,2,3
VILLA MONTES,consulta externa,repetidas en menores de 5 anos,2006-02-01,30,16,30,16,46
VILLA RIVERO,consulta externa,repetidas en menores de 5 anos,2006-02-01,6,1,6,1,7
VILLA SERRANO,consulta externa,repetidas en menores de 5 anos,2006-02-01,5,0,5,0,5
VILLA TUNARI,consulta externa,repetidas en menores de 5 anos,2006-02-01,79,83,79,83,162
VILLA VACA GUZMAN (MUYUPAMPA),consulta externa,repetidas en menores de 5 anos,2006-02-01,11,9,11,9,20
VILLAZON,consulta externa,repetidas en menores de 5 anos,2006-02-01,31,38,31,38,69
VINTO,consulta externa,repetidas en menores de 5 anos,2006-02-01,104,85,104,85,189
VITICHI,consulta externa,repetidas en menores de 5 anos,2006-02-01,9,4,9,4,13
WALDO BALLIVIAN,consulta externa,repetidas en menores de 5 anos,2006-02-01,0,1,0,1,1
WARNES,consulta externa,repetidas en menores de 5 anos,2006-02-01,55,52,55,52,107
YACO,consulta externa,repetidas en menores de 5 anos,2006-02-01,4,1,4,1,5
YACUIBA,consulta externa,repetidas en menores de 5 anos,2006-02-01,69,161,69,161,230
YAMPARAEZ,consulta externa,repetidas en menores de 5 anos,2006-02-01,11,4,11,4,15
YANACACHI,consulta externa,repetidas en menores de 5 anos,2006-02-01,1,1,1,1,2
YAPACANI,consulta externa,repetidas en menores de 5 anos,2006-02-01,47,60,47,60,107
YOCALLA,consulta externa,repetidas en menores de 5 anos,2006-02-01,9,11,9,11,20
YOTALA,consulta externa,repetidas en menores de 5 anos,2006-02-01,7,12,7,12,19
YUNCHARA,consulta externa,repetidas en menores de 5 anos,2006-02-01,11,9,11,9,20
ZUDAÑEZ,consulta externa,repetidas en menores de 5 anos,2006-02-01,2,4,2,4,6
ACACIO,consulta externa,repetidas en menores de 5 anos,2006-03-01,1,0,1,0,1
ACHACACHI,consulta externa,repetidas en menores de 5 anos,2006-03-01,1,6,1,6,7
ACHOCALLA,consulta externa,repetidas en menores de 5 anos,2006-03-01,5,2,5,2,7
AIQUILE,consulta externa,repetidas en menores de 5 anos,2006-03-01,197,260,197,260,457
ALALAY,consulta externa,repetidas en menores de 5 anos,2006-03-01,1,1,1,1,2
ALCALA,consulta externa,repetidas en menores de 5 anos,2006-03-01,0,3,0,3,3
ANCORAIMES,consulta externa,repetidas en menores de 5 anos,2006-03-01,6,6,6,6,12
ANDAMARCA,consulta externa,repetidas en menores de 5 anos,2006-03-01,1,6,1,6,7
ANTEQUERA,consulta externa,repetidas en menores de 5 anos,2006-03-01,7,13,7,13,20
ANZALDO,consulta externa,repetidas en menores de 5 anos,2006-03-01,5,3,5,3,8
APOLO,consulta externa,repetidas en menores de 5 anos,2006-03-01,10,12,10,12,22
ARAMPAMPA,consulta externa,repetidas en menores de 5 anos,2006-03-01,1,1,1,1,2
ARANI,consulta externa,repetidas en menores de 5 anos,2006-03-01,19,35,19,35,54
ARBIETO,consulta externa,repetidas en menores de 5 anos,2006-03-01,20,15,20,15,35
ARQUE,consulta externa,repetidas en menores de 5 anos,2006-03-01,7,6,7,6,13
ASCENCION DE GUARAYOS,consulta externa,repetidas en menores de 5 anos,2006-03-01,52,50,52,50,102
ATOCHA,consulta externa,repetidas en menores de 5 anos,2006-03-01,52,50,52,50,102
AUCAPATA,consulta externa,repetidas en menores de 5 anos,2006-03-01,8,5,8,5,13
AYATA,consulta externa,repetidas en menores de 5 anos,2006-03-01,4,6,4,6,10
AYO AYO,consulta externa,repetidas en menores de 5 anos,2006-03-01,3,5,3,5,8
AYOPAYA (V. DE INDEPENDENCIA),consulta externa,repetidas en menores de 5 anos,2006-03-01,47,54,47,54,101
AZURDUY,consulta externa,repetidas en menores de 5 anos,2006-03-01,2,0,2,0,2
BATALLAS,consulta externa,repetidas en menores de 5 anos,2006-03-01,1,1,1,1,2
BAURES,consulta externa,repetidas en menores de 5 anos,2006-03-01,8,6,8,6,14
BELEN DE ANDAMARCA,consulta externa,repetidas en menores de 5 anos,2006-03-01,15,5,15,5,20
BELEN DE URMIRI,consulta externa,repetidas en menores de 5 anos,2006-03-01,2,0,2,0,2
BERMEJO,consulta externa,repetidas en menores de 5 anos,2006-03-01,51,50,51,50,101
BETANZOS,consulta externa,repetidas en menores de 5 anos,2006-03-01,26,23,26,23,49
BOLIVAR,consulta externa,repetidas en menores de 5 anos,2006-03-01,4,6,4,6,10
BOYUIBE,consulta externa,repetidas en menores de 5 anos,2006-03-01,7,9,7,9,16
BUENA VISTA,consulta externa,repetidas en menores de 5 anos,2006-03-01,112,99,112,99,211
CABEZAS,consulta externa,repetidas en menores de 5 anos,2006-03-01,7,6,7,6,13
CAIROMA,consulta externa,repetidas en menores de 5 anos,2006-03-01,21,7,21,7,28
"CAIZA ""D""",consulta externa,repetidas en menores de 5 anos,2006-03-01,7,5,7,5,12
CAJUATA,consulta externa,repetidas en menores de 5 anos,2006-03-01,8,4,8,4,12
CALAMARCA,consulta externa,repetidas en menores de 5 anos,2006-03-01,5,14,5,14,19
CAMARGO,consulta externa,repetidas en menores de 5 anos,2006-03-01,14,12,14,12,26
CAMATAQUI (C. VILLA ABECIA),consulta externa,repetidas en menores de 5 anos,2006-03-01,1,0,1,0,1
CAMIRI,consulta externa,repetidas en menores de 5 anos,2006-03-01,66,61,66,61,127
CAPINOTA,consulta externa,repetidas en menores de 5 anos,2006-03-01,105,84,105,84,189
CAQUIAVIRI,consulta externa,repetidas en menores de 5 anos,2006-03-01,2,2,2,2,4
CARACOLLO,consulta externa,repetidas en menores de 5 anos,2006-03-01,6,10,6,10,16
CARANAVI,consulta externa,repetidas en menores de 5 anos,2006-03-01,27,43,27,43,70
CARAPARI,consulta externa,repetidas en menores de 5 anos,2006-03-01,2,2,2,2,4
CARIPUYO,consulta externa,repetidas en menores de 5 anos,2006-03-01,2,0,2,0,2
CARMEN RIVERO TORREZ,consulta externa,repetidas en menores de 5 anos,2006-03-01,0,1,0,1,1
CHALLAPATA,consulta externa,repetidas en menores de 5 anos,2006-03-01,12,10,12,10,22
CHAQUI,consulta externa,repetidas en menores de 5 anos,2006-03-01,2,1,2,1,3
CHARAGUA,consulta externa,repetidas en menores de 5 anos,2006-03-01,25,25,25,25,50
CHARAÑA,consulta externa,repetidas en menores de 5 anos,2006-03-01,1,1,1,1,2
CHAYANTA,consulta externa,repetidas en menores de 5 anos,2006-03-01,2,0,2,0,2
CHIMORE,consulta externa,repetidas en menores de 5 anos,2006-03-01,30,24,30,24,54
CHIPAYA,consulta externa,repetidas en menores de 5 anos,2006-03-01,1,2,1,2,3
CHOQUE COTA,consulta externa,repetidas en menores de 5 anos,2006-03-01,1,4,1,4,5
CHULUMANI (V. DE LA LIBERTAD),consulta externa,repetidas en menores de 5 anos,2006-03-01,8,13,8,13,21
CHUMA,consulta externa,repetidas en menores de 5 anos,2006-03-01,6,9,6,9,15
CLIZA,consulta externa,repetidas en menores de 5 anos,2006-03-01,31,33,31,33,64
COBIJA,consulta externa,repetidas en menores de 5 anos,2006-03-01,136,137,136,137,273
COCHABAMBA,consulta externa,repetidas en menores de 5 anos,2006-03-01,3776,3732,3776,3732,7508
COLCAPIRHUA,consulta externa,repetidas en menores de 5 anos,2006-03-01,193,215,193,215,408
"COLCHA ""K""",consulta externa,repetidas en menores de 5 anos,2006-03-01,5,1,5,1,6
COLLANA,consulta externa,repetidas en menores de 5 anos,2006-03-01,3,0,3,0,3
COLOMI,consulta externa,repetidas en menores de 5 anos,2006-03-01,17,20,17,20,37
COLPA BELGICA,consulta externa,repetidas en menores de 5 anos,2006-03-01,58,53,58,53,111
COLQUECHACA,consulta externa,repetidas en menores de 5 anos,2006-03-01,1,7,1,7,8
COLQUENCHA,consulta externa,repetidas en menores de 5 anos,2006-03-01,2,2,2,2,4
COLQUIRI,consulta externa,repetidas en menores de 5 anos,2006-03-01,39,48,39,48,87
COMANCHE,consulta externa,repetidas en menores de 5 anos,2006-03-01,1,0,1,0,1
COMARAPA,consulta externa,repetidas en menores de 5 anos,2006-03-01,33,38,33,38,71
CONCEPCION,consulta externa,repetidas en menores de 5 anos,2006-03-01,19,23,19,23,42
COPACABANA,consulta externa,repetidas en menores de 5 anos,2006-03-01,2,1,2,1,3
CORIPATA,consulta externa,repetidas en menores de 5 anos,2006-03-01,7,10,7,10,17
CORO CORO,consulta externa,repetidas en menores de 5 anos,2006-03-01,3,2,3,2,5
COROICO,consulta externa,repetidas en menores de 5 anos,2006-03-01,39,20,39,20,59
CORQUE,consulta externa,repetidas en menores de 5 anos,2006-03-01,8,8,8,8,16
COTAGAITA,consulta externa,repetidas en menores de 5 anos,2006-03-01,17,19,17,19,36
COTOCA,consulta externa,repetidas en menores de 5 anos,2006-03-01,37,20,37,20,57
CUATRO CAÑADAS,consulta externa,repetidas en menores de 5 anos,2006-03-01,50,23,50,23,73
CUCHUMUELA (V. G. VILLARROEL),consulta externa,repetidas en menores de 5 anos,2006-03-01,4,4,4,4,8
CUEVO,consulta externa,repetidas en menores de 5 anos,2006-03-01,9,22,9,22,31
CULPINA,consulta externa,repetidas en menores de 5 anos,2006-03-01,14,13,14,13,27
CURAHUARA DE CARANGAS,consulta externa,repetidas en menores de 5 anos,2006-03-01,0,1,0,1,1
CURVA,consulta externa,repetidas en menores de 5 anos,2006-03-01,1,1,1,1,2
EL ALTO,consulta externa,repetidas en menores de 5 anos,2006-03-01,2001,2438,2001,2438,4439
EL CHORO,consulta externa,repetidas en menores de 5 anos,2006-03-01,3,0,3,0,3
EL PUENTE(STC),consulta externa,repetidas en menores de 5 anos,2006-03-01,4,5,4,5,9
EL PUENTE(TJA),consulta externa,repetidas en menores de 5 anos,2006-03-01,58,76,58,76,134
EL TORNO,consulta externa,repetidas en menores de 5 anos,2006-03-01,39,44,39,44,83
EL VILLAR,consulta externa,repetidas en menores de 5 anos,2006-03-01,1,3,1,3,4
ENTRE RIOS,consulta externa,repetidas en menores de 5 anos,2006-03-01,7,13,7,13,20
ENTRE RIOS,consulta externa,repetidas en menores de 5 anos,2006-03-01,84,98,84,98,182
EUCALIPTUS,consulta externa,repetidas en menores de 5 anos,2006-03-01,9,3,9,3,12
EXALTACION,consulta externa,repetidas en menores de 5 anos,2006-03-01,9,11,9,11,20
FERNANDEZ ALONSO,consulta externa,repetidas en menores de 5 anos,2006-03-01,59,49,59,49,108
FILADELFIA,consulta externa,repetidas en menores de 5 anos,2006-03-01,2,1,2,1,3
GENERAL SAAVEDRA,consulta externa,repetidas en menores de 5 anos,2006-03-01,33,38,33,38,71
GRAL. J.J. PEREZ (CHARAZANI),consulta externa,repetidas en menores de 5 anos,2006-03-01,5,1,5,1,6
GUAQUI,consulta externa,repetidas en menores de 5 anos,2006-03-01,4,7,4,7,11
GUAYARAMERIN,consulta externa,repetidas en menores de 5 anos,2006-03-01,41,52,41,52,93
GUTIERREZ,consulta externa,repetidas en menores de 5 anos,2006-03-01,76,62,76,62,138
HUACARETA,consulta externa,repetidas en menores de 5 anos,2006-03-01,47,56,47,56,103
HUACAYA (VILLA DE HUACAYA),consulta externa,repetidas en menores de 5 anos,2006-03-01,1,0,1,0,1
HUACHACALLA,consulta externa,repetidas en menores de 5 anos,2006-03-01,2,0,2,0,2
HUANUNI,consulta externa,repetidas en menores de 5 anos,2006-03-01,90,106,90,106,196
HUARACAJE,consulta externa,repetidas en menores de 5 anos,2006-03-01,34,17,34,17,51
HUAYLLAMARCA,consulta externa,repetidas en menores de 5 anos,2006-03-01,0,5,0,5,5
ICHOCA,consulta externa,repetidas en menores de 5 anos,2006-03-01,1,0,1,0,1
ICLA,consulta externa,repetidas en menores de 5 anos,2006-03-01,5,3,5,3,8
INCAHUASI,consulta externa,repetidas en menores de 5 anos,2006-03-01,7,5,7,5,12
INGAVI (HUMAITA),consulta externa,repetidas en menores de 5 anos,2006-03-01,10,13,10,13,23
INQUISIVI,consulta externa,repetidas en menores de 5 anos,2006-03-01,13,11,13,11,24
IRUPANA (VILLA DE LANZA),consulta externa,repetidas en menores de 5 anos,2006-03-01,1,7,1,7,8
IXIAMAS,consulta externa,repetidas en menores de 5 anos,2006-03-01,7,7,7,7,14
JESUS DE MACHACA,consulta externa,repetidas en menores de 5 anos,2006-03-01,5,7,5,7,12
LA ASUNTA,consulta externa,repetidas en menores de 5 anos,2006-03-01,3,4,3,4,7
LA GUARDIA,consulta externa,repetidas en menores de 5 anos,2006-03-01,118,108,118,108,226
LA PAZ,consulta externa,repetidas en menores de 5 anos,2006-03-01,4407,4140,4407,4140,8547
LAGUNILLAS,consulta externa,repetidas en menores de 5 anos,2006-03-01,17,19,17,19,36
LAJA,consulta externa,repetidas en menores de 5 anos,2006-03-01,2,7,2,7,9
LAS CARRERAS,consulta externa,repetidas en menores de 5 anos,2006-03-01,3,3,3,3,6
LICOMA PAMPA,consulta externa,repetidas en menores de 5 anos,2006-03-01,23,21,23,21,44
LLALLAGUA,consulta externa,repetidas en menores de 5 anos,2006-03-01,49,42,49,42,91
LLICA,consulta externa,repetidas en menores de 5 anos,2006-03-01,1,1,1,1,2
LORETO,consulta externa,repetidas en menores de 5 anos,2006-03-01,21,22,21,22,43
LURIBAY,consulta externa,repetidas en menores de 5 anos,2006-03-01,5,3,5,3,8
MACHACAMARCA,consulta externa,repetidas en menores de 5 anos,2006-03-01,4,2,4,2,6
MACHARETI,consulta externa,repetidas en menores de 5 anos,2006-03-01,18,10,18,10,28
MAGDALENA,consulta externa,repetidas en menores de 5 anos,2006-03-01,30,16,30,16,46
MAIRANA,consulta externa,repetidas en menores de 5 anos,2006-03-01,6,9,6,9,15
MALLA,consulta externa,repetidas en menores de 5 anos,2006-03-01,1,0,1,0,1
MAPIRI,consulta externa,repetidas en menores de 5 anos,2006-03-01,3,8,3,8,11
MECAPACA,consulta externa,repetidas en menores de 5 anos,2006-03-01,13,21,13,21,34
MINEROS,consulta externa,repetidas en menores de 5 anos,2006-03-01,34,30,34,30,64
MIZQUE,consulta externa,repetidas en menores de 5 anos,2006-03-01,38,27,38,27,65
MOCOMOCO,consulta externa,repetidas en menores de 5 anos,2006-03-01,4,2,4,2,6
MOJOCOYA,consulta externa,repetidas en menores de 5 anos,2006-03-01,7,10,7,10,17
MONTEAGUDO,consulta externa,repetidas en menores de 5 anos,2006-03-01,52,47,52,47,99
MONTERO,consulta externa,repetidas en menores de 5 anos,2006-03-01,596,595,596,595,1191
MORO MORO,consulta externa,repetidas en menores de 5 anos,2006-03-01,5,5,5,5,10
MOROCHATA,consulta externa,repetidas en menores de 5 anos,2006-03-01,83,76,83,76,159
OCURI,consulta externa,repetidas en menores de 5 anos,2006-03-01,4,3,4,3,7
OKINAWA,consulta externa,repetidas en menores de 5 anos,2006-03-01,12,23,12,23,35
OMEREQUE,consulta externa,repetidas en menores de 5 anos,2006-03-01,3,2,3,2,5
ORURO,consulta externa,repetidas en menores de 5 anos,2006-03-01,860,620,860,620,1480
PADCAYA,consulta externa,repetidas en menores de 5 anos,2006-03-01,13,12,13,12,25
PADILLA,consulta externa,repetidas en menores de 5 anos,2006-03-01,9,1,9,1,10
PAILON,consulta externa,repetidas en menores de 5 anos,2006-03-01,33,22,33,22,55
PALCA,consulta externa,repetidas en menores de 5 anos,2006-03-01,4,2,4,2,6
PALOS BLANCOS,consulta externa,repetidas en menores de 5 anos,2006-03-01,37,30,37,30,67
PAMPA AULLAGAS,consulta externa,repetidas en menores de 5 anos,2006-03-01,2,3,2,3,5
PAMPA GRANDE,consulta externa,repetidas en menores de 5 anos,2006-03-01,7,6,7,6,13
PAPEL PAMPA,consulta externa,repetidas en menores de 5 anos,2006-03-01,1,2,1,2,3
PASORAPA,consulta externa,repetidas en menores de 5 anos,2006-03-01,4,1,4,1,5
PATACAMAYA,consulta externa,repetidas en menores de 5 anos,2006-03-01,8,2,8,2,10
PAZÑA,consulta externa,repetidas en menores de 5 anos,2006-03-01,2,4,2,4,6
PELECHUCO,consulta externa,repetidas en menores de 5 anos,2006-03-01,4,3,4,3,7
POCOATA,consulta externa,repetidas en menores de 5 anos,2006-03-01,10,4,10,4,14
POCONA,consulta externa,repetidas en menores de 5 anos,2006-03-01,14,6,14,6,20
POJO (CBBA),consulta externa,repetidas en menores de 5 anos,2006-03-01,4,0,4,0,4
POOPO,consulta externa,repetidas en menores de 5 anos,2006-03-01,1,4,1,4,5
PORCO,consulta externa,repetidas en menores de 5 anos,2006-03-01,4,7,4,7,11
POROMA,consulta externa,repetidas en menores de 5 anos,2006-03-01,7,17,7,17,24
PORONGO,consulta externa,repetidas en menores de 5 anos,2006-03-01,37,19,37,19,56
PORTACHUELO,consulta externa,repetidas en menores de 5 anos,2006-03-01,55,44,55,44,99
PORVENIR,consulta externa,repetidas en menores de 5 anos,2006-03-01,1,0,1,0,1
POSTRER VALLE,consulta externa,repetidas en menores de 5 anos,2006-03-01,3,0,3,0,3
POTOSI,consulta externa,repetidas en menores de 5 anos,2006-03-01,469,367,469,367,836
PRESTO,consulta externa,repetidas en menores de 5 anos,2006-03-01,4,3,4,3,7
PUCARA,consulta externa,repetidas en menores de 5 anos,2006-03-01,2,0,2,0,2
PUCARANI,consulta externa,repetidas en menores de 5 anos,2006-03-01,6,6,6,6,12
PUERTO ACOSTA,consulta externa,repetidas en menores de 5 anos,2006-03-01,30,20,30,20,50
PUERTO CARABUCO,consulta externa,repetidas en menores de 5 anos,2006-03-01,3,3,3,3,6
PUERTO GONZALO MORENO,consulta externa,repetidas en menores de 5 anos,2006-03-01,13,12,13,12,25
PUERTO PEREZ,consulta externa,repetidas en menores de 5 anos,2006-03-01,0,1,0,1,1
PUERTO QUIJARRO,consulta externa,repetidas en menores de 5 anos,2006-03-01,39,33,39,33,72
PUERTO RICO,consulta externa,repetidas en menores de 5 anos,2006-03-01,6,4,6,4,10
PUERTO SILES,consulta externa,repetidas en menores de 5 anos,2006-03-01,1,0,1,0,1
PUERTO SUAREZ,consulta externa,repetidas en menores de 5 anos,2006-03-01,15,21,15,21,36
PUERTO VILLARROEL,consulta externa,repetidas en menores de 5 anos,2006-03-01,117,72,117,72,189
PUNA,consulta externa,repetidas en menores de 5 anos,2006-03-01,17,25,17,25,42
PUNATA,consulta externa,repetidas en menores de 5 anos,2006-03-01,71,78,71,78,149
QUILLACOLLO,consulta externa,repetidas en menores de 5 anos,2006-03-01,412,352,412,352,764
QUIME,consulta externa,repetidas en menores de 5 anos,2006-03-01,3,5,3,5,8
QUIRUSILLAS,consulta externa,repetidas en menores de 5 anos,2006-03-01,5,0,5,0,5
RAVELO,consulta externa,repetidas en menores de 5 anos,2006-03-01,2,1,2,1,3
REYES,consulta externa,repetidas en menores de 5 anos,2006-03-01,12,12,12,12,24
RIBERALTA,consulta externa,repetidas en menores de 5 anos,2006-03-01,408,399,408,399,807
ROBORE,consulta externa,repetidas en menores de 5 anos,2006-03-01,18,19,18,19,37
RURRENABAQUE,consulta externa,repetidas en menores de 5 anos,2006-03-01,13,13,13,13,26
SABAYA,consulta externa,repetidas en menores de 5 anos,2006-03-01,2,0,2,0,2
SACABA,consulta externa,repetidas en menores de 5 anos,2006-03-01,246,246,246,246,492
SACABAMBA,consulta externa,repetidas en menores de 5 anos,2006-03-01,4,2,4,2,6
SACACA,consulta externa,repetidas en menores de 5 anos,2006-03-01,7,5,7,5,12
SAIPINA,consulta externa,repetidas en menores de 5 anos,2006-03-01,22,18,22,18,40
SALINAS DE GARCI MENDOZA,consulta externa,repetidas en menores de 5 anos,2006-03-01,1,2,1,2,3
SAMAIPATA,consulta externa,repetidas en menores de 5 anos,2006-03-01,3,2,3,2,5
SAN AGUSTIN,consulta externa,repetidas en menores de 5 anos,2006-03-01,4,2,4,2,6
SAN ANDRES,consulta externa,repetidas en menores de 5 anos,2006-03-01,27,25,27,25,52
SAN ANDRES DE MACHACA,consulta externa,repetidas en menores de 5 anos,2006-03-01,0,1,0,1,1
SAN ANTONIO DE ESMORUCO,consulta externa,repetidas en menores de 5 anos,2006-03-01,2,2,2,2,4
SAN ANTONIO DE LOMERIO,consulta externa,repetidas en menores de 5 anos,2006-03-01,1,1,1,1,2
SAN BENITO,consulta externa,repetidas en menores de 5 anos,2006-03-01,23,11,23,11,34
SAN BORJA,consulta externa,repetidas en menores de 5 anos,2006-03-01,92,98,92,98,190
SAN BUENA VENTURA,consulta externa,repetidas en menores de 5 anos,2006-03-01,30,19,30,19,49
SAN CARLOS,consulta externa,repetidas en menores de 5 anos,2006-03-01,15,9,15,9,24
SAN IGNACIO,consulta externa,repetidas en menores de 5 anos,2006-03-01,55,101,55,101,156
SAN IGNACIO DE VELASCO,consulta externa,repetidas en menores de 5 anos,2006-03-01,98,87,98,87,185
SAN JAVIER(BNI),consulta externa,repetidas en menores de 5 anos,2006-03-01,2,3,2,3,5
SAN JAVIER(STC),consulta externa,repetidas en menores de 5 anos,2006-03-01,57,62,57,62,119
SAN JOAQUIN,consulta externa,repetidas en menores de 5 anos,2006-03-01,19,15,19,15,34
SAN JOSE DE CHIQUITOS,consulta externa,repetidas en menores de 5 anos,2006-03-01,8,3,8,3,11
SAN JUAN DE YAPACANI,consulta externa,repetidas en menores de 5 anos,2006-03-01,76,73,76,73,149
SAN JULIAN,consulta externa,repetidas en menores de 5 anos,2006-03-01,102,79,102,79,181
SAN LORENZO(PND),consulta externa,repetidas en menores de 5 anos,2006-03-01,6,0,6,0,6
SAN LORENZO(TJA),consulta externa,repetidas en menores de 5 anos,2006-03-01,39,23,39,23,62
SAN LUCAS,consulta externa,repetidas en menores de 5 anos,2006-03-01,4,14,4,14,18
SAN MATIAS,consulta externa,repetidas en menores de 5 anos,2006-03-01,40,30,40,30,70
SAN MIGUEL DE VELASCO,consulta externa,repetidas en menores de 5 anos,2006-03-01,78,61,78,61,139
SAN PABLO DE LIPEZ,consulta externa,repetidas en menores de 5 anos,2006-03-01,5,11,5,11,16
SAN PEDRO,consulta externa,repetidas en menores de 5 anos,2006-03-01,93,81,93,81,174
SAN PEDRO DE BUENA VISTA,consulta externa,repetidas en menores de 5 anos,2006-03-01,2,1,2,1,3
SAN PEDRO DE CURAHUARA,consulta externa,repetidas en menores de 5 anos,2006-03-01,4,1,4,1,5
SAN PEDRO DE TIQUINA,consulta externa,repetidas en menores de 5 anos,2006-03-01,3,3,3,3,6
SAN PEDRO(PND),consulta externa,repetidas en menores de 5 anos,2006-03-01,5,6,5,6,11
SAN RAFAEL,consulta externa,repetidas en menores de 5 anos,2006-03-01,20,15,20,15,35
SAN RAMON,consulta externa,repetidas en menores de 5 anos,2006-03-01,11,10,11,10,21
SAN RAMON,consulta externa,repetidas en menores de 5 anos,2006-03-01,16,10,16,10,26
SANTA ANA,consulta externa,repetidas en menores de 5 anos,2006-03-01,7,13,7,13,20
SANTA CRUZ DE LA SIERRA,consulta externa,repetidas en menores de 5 anos,2006-03-01,3864,3914,3864,3914,7778
SANTA ROSA,consulta externa,repetidas en menores de 5 anos,2006-03-01,24,24,24,24,48
SANTA ROSA DEL SARA,consulta externa,repetidas en menores de 5 anos,2006-03-01,33,23,33,23,56
SANTIAGO DE HUARI,consulta externa,repetidas en menores de 5 anos,2006-03-01,10,7,10,7,17
SANTIAGO DE MACHACA,consulta externa,repetidas en menores de 5 anos,2006-03-01,1,1,1,1,2
SANTIVAÑES,consulta externa,repetidas en menores de 5 anos,2006-03-01,20,12,20,12,32
SENA,consulta externa,repetidas en menores de 5 anos,2006-03-01,1,2,1,2,3
SICA SICA (VILLA AROMA),consulta externa,repetidas en menores de 5 anos,2006-03-01,9,6,9,6,15
SIPE SIPE,consulta externa,repetidas en menores de 5 anos,2006-03-01,149,140,149,140,289
SOPACHUY,consulta externa,repetidas en menores de 5 anos,2006-03-01,6,10,6,10,16
SORACACHI,consulta externa,repetidas en menores de 5 anos,2006-03-01,4,6,4,6,10
SORATA,consulta externa,repetidas en menores de 5 anos,2006-03-01,1,3,1,3,4
SUCRE,consulta externa,repetidas en menores de 5 anos,2006-03-01,1093,1069,1093,1069,2162
TACACHI,consulta externa,repetidas en menores de 5 anos,2006-03-01,3,4,3,4,7
TACOBAMBA,consulta externa,repetidas en menores de 5 anos,2006-03-01,2,0,2,0,2
TAHUA,consulta externa,repetidas en menores de 5 anos,2006-03-01,1,1,1,1,2
TAPACARI,consulta externa,repetidas en menores de 5 anos,2006-03-01,37,40,37,40,77
TARABUCO,consulta externa,repetidas en menores de 5 anos,2006-03-01,176,204,176,204,380
TARACO,consulta externa,repetidas en menores de 5 anos,2006-03-01,1,1,1,1,2
TARATA,consulta externa,repetidas en menores de 5 anos,2006-03-01,21,23,21,23,44
TARIJA,consulta externa,repetidas en menores de 5 anos,2006-03-01,830,612,830,612,1442
TARVITA,consulta externa,repetidas en menores de 5 anos,2006-03-01,31,25,31,25,56
TEOPONTE,consulta externa,repetidas en menores de 5 anos,2006-03-01,4,4,4,4,8
TIAWANACU,consulta externa,repetidas en menores de 5 anos,2006-03-01,6,1,6,1,7
TINGUIPAYA,consulta externa,repetidas en menores de 5 anos,2006-03-01,3,2,3,2,5
TIPUANI,consulta externa,repetidas en menores de 5 anos,2006-03-01,2,1,2,1,3
TIQUIPAYA,consulta externa,repetidas en menores de 5 anos,2006-03-01,233,161,233,161,394
TIRAQUE (CBBA),consulta externa,repetidas en menores de 5 anos,2006-03-01,165,147,165,147,312
TOCO,consulta externa,repetidas en menores de 5 anos,2006-03-01,7,6,7,6,13
TODOS SANTOS,consulta externa,repetidas en menores de 5 anos,2006-03-01,2,1,2,1,3
TOLATA,consulta externa,repetidas en menores de 5 anos,2006-03-01,3,9,3,9,12
TOLEDO,consulta externa,repetidas en menores de 5 anos,2006-03-01,4,4,4,4,8
TOMAVE,consulta externa,repetidas en menores de 5 anos,2006-03-01,14,17,14,17,31
TOMINA,consulta externa,repetidas en menores de 5 anos,2006-03-01,4,5,4,5,9
TORO TORO,consulta externa,repetidas en menores de 5 anos,2006-03-01,2,1,2,1,3
TOTORA(CBBA),consulta externa,repetidas en menores de 5 anos,2006-03-01,91,82,91,82,173
TOTORA(ORR),consulta externa,repetidas en menores de 5 anos,2006-03-01,19,13,19,13,32
TRIGAL,consulta externa,repetidas en menores de 5 anos,2006-03-01,10,9,10,9,19
TRINIDAD,consulta externa,repetidas en menores de 5 anos,2006-03-01,917,986,917,986,1903
TUPIZA,consulta externa,repetidas en menores de 5 anos,2006-03-01,95,120,95,120,215
TURCO,consulta externa,repetidas en menores de 5 anos,2006-03-01,3,2,3,2,5
UNCIA,consulta externa,repetidas en menores de 5 anos,2006-03-01,59,48,59,48,107
URIONDO (A. CONCEPCION),consulta externa,repetidas en menores de 5 anos,2006-03-01,42,50,42,50,92
URUBICHA,consulta externa,repetidas en menores de 5 anos,2006-03-01,2,6,2,6,8
UYUNI,consulta externa,repetidas en menores de 5 anos,2006-03-01,5,6,5,6,11
VACAS,consulta externa,repetidas en menores de 5 anos,2006-03-01,32,23,32,23,55
VALLEGRANDE,consulta externa,repetidas en menores de 5 anos,2006-03-01,22,12,22,12,34
VIACHA,consulta externa,repetidas en menores de 5 anos,2006-03-01,73,71,73,71,144
VILA VILA,consulta externa,repetidas en menores de 5 anos,2006-03-01,2,0,2,0,2
VILLA MONTES,consulta externa,repetidas en menores de 5 anos,2006-03-01,59,54,59,54,113
VILLA NUEVA (LOMA ALTA),consulta externa,repetidas en menores de 5 anos,2006-03-01,8,7,8,7,15
VILLA RIVERO,consulta externa,repetidas en menores de 5 anos,2006-03-01,5,6,5,6,11
VILLA SERRANO,consulta externa,repetidas en menores de 5 anos,2006-03-01,3,4,3,4,7
VILLA TUNARI,consulta externa,repetidas en menores de 5 anos,2006-03-01,106,84,106,84,190
VILLA VACA GUZMAN (MUYUPAMPA),consulta externa,repetidas en menores de 5 anos,2006-03-01,14,6,14,6,20
VILLAZON,consulta externa,repetidas en menores de 5 anos,2006-03-01,64,63,64,63,127
VINTO,consulta externa,repetidas en menores de 5 anos,2006-03-01,185,135,185,135,320
VITICHI,consulta externa,repetidas en menores de 5 anos,2006-03-01,6,8,6,8,14
WALDO BALLIVIAN,consulta externa,repetidas en menores de 5 anos,2006-03-01,2,4,2,4,6
WARNES,consulta externa,repetidas en menores de 5 anos,2006-03-01,99,81,99,81,180
YACO,consulta externa,repetidas en menores de 5 anos,2006-03-01,0,2,0,2,2
YACUIBA,consulta externa,repetidas en menores de 5 anos,2006-03-01,176,164,176,164,340
YAMPARAEZ,consulta externa,repetidas en menores de 5 anos,2006-03-01,9,8,9,8,17
YANACACHI,consulta externa,repetidas en menores de 5 anos,2006-03-01,1,0,1,0,1
YAPACANI,consulta externa,repetidas en menores de 5 anos,2006-03-01,181,156,181,156,337
YOCALLA,consulta externa,repetidas en menores de 5 anos,2006-03-01,7,9,7,9,16
YOTALA,consulta externa,repetidas en menores de 5 anos,2006-03-01,22,22,22,22,44
YUNCHARA,consulta externa,repetidas en menores de 5 anos,2006-03-01,1,3,1,3,4
ZUDAÑEZ,consulta externa,repetidas en menores de 5 anos,2006-03-01,3,5,3,5,8
ACACIO,consulta externa,repetidas en menores de 5 anos,2006-04-01,1,0,1,0,1
ACHACACHI,consulta externa,repetidas en menores de 5 anos,2006-04-01,6,7,6,7,13
ACHOCALLA,consulta externa,repetidas en menores de 5 anos,2006-04-01,3,2,3,2,5
AIQUILE,consulta externa,repetidas en menores de 5 anos,2006-04-01,171,161,171,161,332
ALALAY,consulta externa,repetidas en menores de 5 anos,2006-04-01,0,3,0,3,3
ALCALA,consulta externa,repetidas en menores de 5 anos,2006-04-01,1,3,1,3,4
ANCORAIMES,consulta externa,repetidas en menores de 5 anos,2006-04-01,6,8,6,8,14
ANDAMARCA,consulta externa,repetidas en menores de 5 anos,2006-04-01,8,6,8,6,14
ANTEQUERA,consulta externa,repetidas en menores de 5 anos,2006-04-01,43,35,43,35,78
ANZALDO,consulta externa,repetidas en menores de 5 anos,2006-04-01,15,17,15,17,32
APOLO,consulta externa,repetidas en menores de 5 anos,2006-04-01,6,17,6,17,23
ARAMPAMPA,consulta externa,repetidas en menores de 5 anos,2006-04-01,0,2,0,2,2
ARANI,consulta externa,repetidas en menores de 5 anos,2006-04-01,52,52,52,52,104
ARBIETO,consulta externa,repetidas en menores de 5 anos,2006-04-01,1,3,1,3,4
ARQUE,consulta externa,repetidas en menores de 5 anos,2006-04-01,38,34,38,34,72
ASCENCION DE GUARAYOS,consulta externa,repetidas en menores de 5 anos,2006-04-01,34,45,34,45,79
ATOCHA,consulta externa,repetidas en menores de 5 anos,2006-04-01,91,62,91,62,153
AUCAPATA,consulta externa,repetidas en menores de 5 anos,2006-04-01,11,11,11,11,22
AYATA,consulta externa,repetidas en menores de 5 anos,2006-04-01,4,6,4,6,10
AYO AYO,consulta externa,repetidas en menores de 5 anos,2006-04-01,14,13,14,13,27
AYOPAYA (V. DE INDEPENDENCIA),consulta externa,repetidas en menores de 5 anos,2006-04-01,11,12,11,12,23
BATALLAS,consulta externa,repetidas en menores de 5 anos,2006-04-01,0,2,0,2,2
BAURES,consulta externa,repetidas en menores de 5 anos,2006-04-01,15,9,15,9,24
BELEN DE ANDAMARCA,consulta externa,repetidas en menores de 5 anos,2006-04-01,5,4,5,4,9
BELEN DE URMIRI,consulta externa,repetidas en menores de 5 anos,2006-04-01,3,1,3,1,4
BERMEJO,consulta externa,repetidas en menores de 5 anos,2006-04-01,49,39,49,39,88
BETANZOS,consulta externa,repetidas en menores de 5 anos,2006-04-01,11,18,11,18,29
BOLIVAR,consulta externa,repetidas en menores de 5 anos,2006-04-01,7,1,7,1,8
BOYUIBE,consulta externa,repetidas en menores de 5 anos,2006-04-01,11,4,11,4,15
BUENA VISTA,consulta externa,repetidas en menores de 5 anos,2006-04-01,163,131,163,131,294
CABEZAS,consulta externa,repetidas en menores de 5 anos,2006-04-01,9,12,9,12,21
CAIROMA,consulta externa,repetidas en menores de 5 anos,2006-04-01,13,6,13,6,19
"CAIZA ""D""",consulta externa,repetidas en menores de 5 anos,2006-04-01,10,6,10,6,16
CAJUATA,consulta externa,repetidas en menores de 5 anos,2006-04-01,8,6,8,6,14
CALACOTO,consulta externa,repetidas en menores de 5 anos,2006-04-01,2,4,2,4,6
CALAMARCA,consulta externa,repetidas en menores de 5 anos,2006-04-01,19,19,19,19,38
CAMARGO,consulta externa,repetidas en menores de 5 anos,2006-04-01,5,5,5,5,10
CAMATAQUI (C. VILLA ABECIA),consulta externa,repetidas en menores de 5 anos,2006-04-01,4,1,4,1,5
CAMIRI,consulta externa,repetidas en menores de 5 anos,2006-04-01,61,72,61,72,133
CAPINOTA,consulta externa,repetidas en menores de 5 anos,2006-04-01,62,76,62,76,138
CAQUIAVIRI,consulta externa,repetidas en menores de 5 anos,2006-04-01,5,1,5,1,6
CARACOLLO,consulta externa,repetidas en menores de 5 anos,2006-04-01,29,31,29,31,60
CARANAVI,consulta externa,repetidas en menores de 5 anos,2006-04-01,17,20,17,20,37
CARANGAS,consulta externa,repetidas en menores de 5 anos,2006-04-01,0,1,0,1,1
CARAPARI,consulta externa,repetidas en menores de 5 anos,2006-04-01,19,11,19,11,30
CARMEN RIVERO TORREZ,consulta externa,repetidas en menores de 5 anos,2006-04-01,0,1,0,1,1
CHALLAPATA,consulta externa,repetidas en menores de 5 anos,2006-04-01,17,24,17,24,41
CHAQUI,consulta externa,repetidas en menores de 5 anos,2006-04-01,2,4,2,4,6
CHARAGUA,consulta externa,repetidas en menores de 5 anos,2006-04-01,18,19,18,19,37
CHARAÑA,consulta externa,repetidas en menores de 5 anos,2006-04-01,1,0,1,0,1
CHAYANTA,consulta externa,repetidas en menores de 5 anos,2006-04-01,9,8,9,8,17
CHIMORE,consulta externa,repetidas en menores de 5 anos,2006-04-01,26,28,26,28,54
CHIPAYA,consulta externa,repetidas en menores de 5 anos,2006-04-01,2,2,2,2,4
CHOQUE COTA,consulta externa,repetidas en menores de 5 anos,2006-04-01,3,0,3,0,3
CHULUMANI (V. DE LA LIBERTAD),consulta externa,repetidas en menores de 5 anos,2006-04-01,22,22,22,22,44
CHUMA,consulta externa,repetidas en menores de 5 anos,2006-04-01,3,4,3,4,7
CLIZA,consulta externa,repetidas en menores de 5 anos,2006-04-01,21,27,21,27,48
COBIJA,consulta externa,repetidas en menores de 5 anos,2006-04-01,136,131,136,131,267
COCHABAMBA,consulta externa,repetidas en menores de 5 anos,2006-04-01,3023,2794,3023,2794,5817
COIPASA,consulta externa,repetidas en menores de 5 anos,2006-04-01,0,1,0,1,1
COLCAPIRHUA,consulta externa,repetidas en menores de 5 anos,2006-04-01,154,156,154,156,310
"COLCHA ""K""",consulta externa,repetidas en menores de 5 anos,2006-04-01,1,12,1,12,13
COLLANA,consulta externa,repetidas en menores de 5 anos,2006-04-01,0,2,0,2,2
COLOMI,consulta externa,repetidas en menores de 5 anos,2006-04-01,23,15,23,15,38
COLPA BELGICA,consulta externa,repetidas en menores de 5 anos,2006-04-01,58,35,58,35,93
COLQUECHACA,consulta externa,repetidas en menores de 5 anos,2006-04-01,9,10,9,10,19
COLQUENCHA,consulta externa,repetidas en menores de 5 anos,2006-04-01,2,3,2,3,5
COLQUIRI,consulta externa,repetidas en menores de 5 anos,2006-04-01,28,31,28,31,59
COMANCHE,consulta externa,repetidas en menores de 5 anos,2006-04-01,1,0,1,0,1
COMARAPA,consulta externa,repetidas en menores de 5 anos,2006-04-01,31,25,31,25,56
COMBAYA,consulta externa,repetidas en menores de 5 anos,2006-04-01,1,0,1,0,1
CONCEPCION,consulta externa,repetidas en menores de 5 anos,2006-04-01,4,5,4,5,9
COPACABANA,consulta externa,repetidas en menores de 5 anos,2006-04-01,4,2,4,2,6
CORIPATA,consulta externa,repetidas en menores de 5 anos,2006-04-01,33,17,33,17,50
CORO CORO,consulta externa,repetidas en menores de 5 anos,2006-04-01,6,5,6,5,11
COROICO,consulta externa,repetidas en menores de 5 anos,2006-04-01,38,52,38,52,90
CORQUE,consulta externa,repetidas en menores de 5 anos,2006-04-01,26,13,26,13,39
COTAGAITA,consulta externa,repetidas en menores de 5 anos,2006-04-01,39,18,39,18,57
COTOCA,consulta externa,repetidas en menores de 5 anos,2006-04-01,63,40,63,40,103
CUATRO CAÑADAS,consulta externa,repetidas en menores de 5 anos,2006-04-01,33,28,33,28,61
CUCHUMUELA (V. G. VILLARROEL),consulta externa,repetidas en menores de 5 anos,2006-04-01,5,2,5,2,7
CUEVO,consulta externa,repetidas en menores de 5 anos,2006-04-01,11,12,11,12,23
CULPINA,consulta externa,repetidas en menores de 5 anos,2006-04-01,3,7,3,7,10
CURAHUARA DE CARANGAS,consulta externa,repetidas en menores de 5 anos,2006-04-01,6,2,6,2,8
DESAGUADERO,consulta externa,repetidas en menores de 5 anos,2006-04-01,1,1,1,1,2
EL ALTO,consulta externa,repetidas en menores de 5 anos,2006-04-01,1630,1853,1630,1853,3483
EL CHORO,consulta externa,repetidas en menores de 5 anos,2006-04-01,7,1,7,1,8
EL PUENTE(STC),consulta externa,repetidas en menores de 5 anos,2006-04-01,11,3,11,3,14
EL PUENTE(TJA),consulta externa,repetidas en menores de 5 anos,2006-04-01,20,17,20,17,37
EL TORNO,consulta externa,repetidas en menores de 5 anos,2006-04-01,33,40,33,40,73
ENTRE RIOS,consulta externa,repetidas en menores de 5 anos,2006-04-01,50,43,50,43,93
ENTRE RIOS,consulta externa,repetidas en menores de 5 anos,2006-04-01,10,9,10,9,19
EUCALIPTUS,consulta externa,repetidas en menores de 5 anos,2006-04-01,23,8,23,8,31
EUREKA (SANTOS MERCADO),consulta externa,repetidas en menores de 5 anos,2006-04-01,1,0,1,0,1
EXALTACION,consulta externa,repetidas en menores de 5 anos,2006-04-01,9,8,9,8,17
FERNANDEZ ALONSO,consulta externa,repetidas en menores de 5 anos,2006-04-01,55,50,55,50,105
GENERAL SAAVEDRA,consulta externa,repetidas en menores de 5 anos,2006-04-01,40,26,40,26,66
GRAL. J.J. PEREZ (CHARAZANI),consulta externa,repetidas en menores de 5 anos,2006-04-01,6,1,6,1,7
GUAQUI,consulta externa,repetidas en menores de 5 anos,2006-04-01,18,9,18,9,27
GUAYARAMERIN,consulta externa,repetidas en menores de 5 anos,2006-04-01,77,74,77,74,151
GUTIERREZ,consulta externa,repetidas en menores de 5 anos,2006-04-01,27,14,27,14,41
HUACARETA,consulta externa,repetidas en menores de 5 anos,2006-04-01,43,65,43,65,108
HUACAYA (VILLA DE HUACAYA),consulta externa,repetidas en menores de 5 anos,2006-04-01,3,3,3,3,6
HUACHACALLA,consulta externa,repetidas en menores de 5 anos,2006-04-01,3,5,3,5,8
HUANUNI,consulta externa,repetidas en menores de 5 anos,2006-04-01,98,121,98,121,219
HUARACAJE,consulta externa,repetidas en menores de 5 anos,2006-04-01,31,31,31,31,62
HUAYLLAMARCA,consulta externa,repetidas en menores de 5 anos,2006-04-01,3,1,3,1,4
ICLA,consulta externa,repetidas en menores de 5 anos,2006-04-01,5,10,5,10,15
INCAHUASI,consulta externa,repetidas en menores de 5 anos,2006-04-01,9,10,9,10,19
INGAVI (HUMAITA),consulta externa,repetidas en menores de 5 anos,2006-04-01,6,4,6,4,10
INQUISIVI,consulta externa,repetidas en menores de 5 anos,2006-04-01,14,14,14,14,28
IRUPANA (VILLA DE LANZA),consulta externa,repetidas en menores de 5 anos,2006-04-01,11,5,11,5,16
IXIAMAS,consulta externa,repetidas en menores de 5 anos,2006-04-01,20,20,20,20,40
JESUS DE MACHACA,consulta externa,repetidas en menores de 5 anos,2006-04-01,8,7,8,7,15
LA ASUNTA,consulta externa,repetidas en menores de 5 anos,2006-04-01,17,9,17,9,26
LA GUARDIA,consulta externa,repetidas en menores de 5 anos,2006-04-01,91,75,91,75,166
LA PAZ,consulta externa,repetidas en menores de 5 anos,2006-04-01,3759,3690,3759,3690,7449
LAGUNILLAS,consulta externa,repetidas en menores de 5 anos,2006-04-01,11,21,11,21,32
LAJA,consulta externa,repetidas en menores de 5 anos,2006-04-01,5,2,5,2,7
LAS CARRERAS,consulta externa,repetidas en menores de 5 anos,2006-04-01,3,4,3,4,7
LICOMA PAMPA,consulta externa,repetidas en menores de 5 anos,2006-04-01,1,1,1,1,2
LLALLAGUA,consulta externa,repetidas en menores de 5 anos,2006-04-01,45,39,45,39,84
LLICA,consulta externa,repetidas en menores de 5 anos,2006-04-01,2,3,2,3,5
LORETO,consulta externa,repetidas en menores de 5 anos,2006-04-01,56,59,56,59,115
LURIBAY,consulta externa,repetidas en menores de 5 anos,2006-04-01,8,1,8,1,9
MACHACAMARCA,consulta externa,repetidas en menores de 5 anos,2006-04-01,9,5,9,5,14
MACHARETI,consulta externa,repetidas en menores de 5 anos,2006-04-01,10,5,10,5,15
MAGDALENA,consulta externa,repetidas en menores de 5 anos,2006-04-01,16,14,16,14,30
MAIRANA,consulta externa,repetidas en menores de 5 anos,2006-04-01,3,2,3,2,5
MALLA,consulta externa,repetidas en menores de 5 anos,2006-04-01,1,4,1,4,5
MAPIRI,consulta externa,repetidas en menores de 5 anos,2006-04-01,7,4,7,4,11
MECAPACA,consulta externa,repetidas en menores de 5 anos,2006-04-01,23,14,23,14,37
MINEROS,consulta externa,repetidas en menores de 5 anos,2006-04-01,27,32,27,32,59
MIZQUE,consulta externa,repetidas en menores de 5 anos,2006-04-01,25,14,25,14,39
MOCOMOCO,consulta externa,repetidas en menores de 5 anos,2006-04-01,3,2,3,2,5
MOJINETE,consulta externa,repetidas en menores de 5 anos,2006-04-01,1,0,1,0,1
MOJOCOYA,consulta externa,repetidas en menores de 5 anos,2006-04-01,4,7,4,7,11
MONTEAGUDO,consulta externa,repetidas en menores de 5 anos,2006-04-01,61,47,61,47,108
MONTERO,consulta externa,repetidas en menores de 5 anos,2006-04-01,455,388,455,388,843
MORO MORO,consulta externa,repetidas en menores de 5 anos,2006-04-01,2,1,2,1,3
MOROCHATA,consulta externa,repetidas en menores de 5 anos,2006-04-01,40,48,40,48,88
NACEBE (SANTA ROSA DEL ABUNA),consulta externa,repetidas en menores de 5 anos,2006-04-01,1,0,1,0,1
NAZACARA DE PACAJES,consulta externa,repetidas en menores de 5 anos,2006-04-01,1,0,1,0,1
OCURI,consulta externa,repetidas en menores de 5 anos,2006-04-01,5,3,5,3,8
OKINAWA,consulta externa,repetidas en menores de 5 anos,2006-04-01,8,6,8,6,14
OMEREQUE,consulta externa,repetidas en menores de 5 anos,2006-04-01,10,9,10,9,19
ORURO,consulta externa,repetidas en menores de 5 anos,2006-04-01,805,746,805,746,1551
PADCAYA,consulta externa,repetidas en menores de 5 anos,2006-04-01,42,39,42,39,81
PADILLA,consulta externa,repetidas en menores de 5 anos,2006-04-01,8,3,8,3,11
PAILON,consulta externa,repetidas en menores de 5 anos,2006-04-01,16,28,16,28,44
PALCA,consulta externa,repetidas en menores de 5 anos,2006-04-01,3,2,3,2,5
PALOS BLANCOS,consulta externa,repetidas en menores de 5 anos,2006-04-01,39,34,39,34,73
PAMPA AULLAGAS,consulta externa,repetidas en menores de 5 anos,2006-04-01,5,2,5,2,7
PAMPA GRANDE,consulta externa,repetidas en menores de 5 anos,2006-04-01,6,8,6,8,14
PAPEL PAMPA,consulta externa,repetidas en menores de 5 anos,2006-04-01,1,1,1,1,2
PASORAPA,consulta externa,repetidas en menores de 5 anos,2006-04-01,3,2,3,2,5
PATACAMAYA,consulta externa,repetidas en menores de 5 anos,2006-04-01,1,0,1,0,1
PAZÑA,consulta externa,repetidas en menores de 5 anos,2006-04-01,16,8,16,8,24
PELECHUCO,consulta externa,repetidas en menores de 5 anos,2006-04-01,1,0,1,0,1
POCOATA,consulta externa,repetidas en menores de 5 anos,2006-04-01,8,4,8,4,12
POCONA,consulta externa,repetidas en menores de 5 anos,2006-04-01,4,4,4,4,8
POJO (CBBA),consulta externa,repetidas en menores de 5 anos,2006-04-01,5,2,5,2,7
POOPO,consulta externa,repetidas en menores de 5 anos,2006-04-01,5,2,5,2,7
PORCO,consulta externa,repetidas en menores de 5 anos,2006-04-01,3,9,3,9,12
POROMA,consulta externa,repetidas en menores de 5 anos,2006-04-01,9,23,9,23,32
PORONGO,consulta externa,repetidas en menores de 5 anos,2006-04-01,25,33,25,33,58
PORTACHUELO,consulta externa,repetidas en menores de 5 anos,2006-04-01,79,63,79,63,142
PORVENIR,consulta externa,repetidas en menores de 5 anos,2006-04-01,2,1,2,1,3
POSTRER VALLE,consulta externa,repetidas en menores de 5 anos,2006-04-01,4,0,4,0,4
POTOSI,consulta externa,repetidas en menores de 5 anos,2006-04-01,402,247,402,247,649
PRESTO,consulta externa,repetidas en menores de 5 anos,2006-04-01,2,2,2,2,4
PUCARANI,consulta externa,repetidas en menores de 5 anos,2006-04-01,11,6,11,6,17
PUERTO ACOSTA,consulta externa,repetidas en menores de 5 anos,2006-04-01,10,12,10,12,22
PUERTO CARABUCO,consulta externa,repetidas en menores de 5 anos,2006-04-01,8,6,8,6,14
PUERTO GONZALO MORENO,consulta externa,repetidas en menores de 5 anos,2006-04-01,1,3,1,3,4
PUERTO PEREZ,consulta externa,repetidas en menores de 5 anos,2006-04-01,6,3,6,3,9
PUERTO QUIJARRO,consulta externa,repetidas en menores de 5 anos,2006-04-01,29,25,29,25,54
PUERTO SILES,consulta externa,repetidas en menores de 5 anos,2006-04-01,1,2,1,2,3
PUERTO SUAREZ,consulta externa,repetidas en menores de 5 anos,2006-04-01,38,62,38,62,100
PUERTO VILLARROEL,consulta externa,repetidas en menores de 5 anos,2006-04-01,112,87,112,87,199
PUNA,consulta externa,repetidas en menores de 5 anos,2006-04-01,21,20,21,20,41
PUNATA,consulta externa,repetidas en menores de 5 anos,2006-04-01,87,64,87,64,151
QUILLACOLLO,consulta externa,repetidas en menores de 5 anos,2006-04-01,234,294,234,294,528
QUIME,consulta externa,repetidas en menores de 5 anos,2006-04-01,5,9,5,9,14
QUIRUSILLAS,consulta externa,repetidas en menores de 5 anos,2006-04-01,10,2,10,2,12
RAVELO,consulta externa,repetidas en menores de 5 anos,2006-04-01,1,0,1,0,1
REYES,consulta externa,repetidas en menores de 5 anos,2006-04-01,12,21,12,21,33
RIBERALTA,consulta externa,repetidas en menores de 5 anos,2006-04-01,290,328,290,328,618
ROBORE,consulta externa,repetidas en menores de 5 anos,2006-04-01,13,19,13,19,32
RURRENABAQUE,consulta externa,repetidas en menores de 5 anos,2006-04-01,22,13,22,13,35
SABAYA,consulta externa,repetidas en menores de 5 anos,2006-04-01,2,3,2,3,5
SACABA,consulta externa,repetidas en menores de 5 anos,2006-04-01,243,223,243,223,466
SACABAMBA,consulta externa,repetidas en menores de 5 anos,2006-04-01,6,9,6,9,15
SACACA,consulta externa,repetidas en menores de 5 anos,2006-04-01,2,7,2,7,9
SAIPINA,consulta externa,repetidas en menores de 5 anos,2006-04-01,10,5,10,5,15
SALINAS DE GARCI MENDOZA,consulta externa,repetidas en menores de 5 anos,2006-04-01,1,1,1,1,2
SAMAIPATA,consulta externa,repetidas en menores de 5 anos,2006-04-01,6,2,6,2,8
SAN AGUSTIN,consulta externa,repetidas en menores de 5 anos,2006-04-01,0,2,0,2,2
SAN ANDRES,consulta externa,repetidas en menores de 5 anos,2006-04-01,35,13,35,13,48
SAN ANDRES DE MACHACA,consulta externa,repetidas en menores de 5 anos,2006-04-01,1,1,1,1,2
SAN ANTONIO DE ESMORUCO,consulta externa,repetidas en menores de 5 anos,2006-04-01,4,4,4,4,8
SAN BENITO,consulta externa,repetidas en menores de 5 anos,2006-04-01,23,22,23,22,45
SAN BORJA,consulta externa,repetidas en menores de 5 anos,2006-04-01,90,77,90,77,167
SAN BUENA VENTURA,consulta externa,repetidas en menores de 5 anos,2006-04-01,51,33,51,33,84
SAN CARLOS,consulta externa,repetidas en menores de 5 anos,2006-04-01,24,25,24,25,49
SAN IGNACIO,consulta externa,repetidas en menores de 5 anos,2006-04-01,49,68,49,68,117
SAN IGNACIO DE VELASCO,consulta externa,repetidas en menores de 5 anos,2006-04-01,59,61,59,61,120
SAN JAVIER(BNI),consulta externa,repetidas en menores de 5 anos,2006-04-01,1,4,1,4,5
SAN JAVIER(STC),consulta externa,repetidas en menores de 5 anos,2006-04-01,27,19,27,19,46
SAN JOAQUIN,consulta externa,repetidas en menores de 5 anos,2006-04-01,6,8,6,8,14
SAN JOSE DE CHIQUITOS,consulta externa,repetidas en menores de 5 anos,2006-04-01,2,3,2,3,5
SAN JUAN DE YAPACANI,consulta externa,repetidas en menores de 5 anos,2006-04-01,40,45,40,45,85
SAN JULIAN,consulta externa,repetidas en menores de 5 anos,2006-04-01,94,60,94,60,154
SAN LORENZO(PND),consulta externa,repetidas en menores de 5 anos,2006-04-01,5,3,5,3,8
SAN LORENZO(TJA),consulta externa,repetidas en menores de 5 anos,2006-04-01,61,56,61,56,117
SAN LUCAS,consulta externa,repetidas en menores de 5 anos,2006-04-01,14,10,14,10,24
SAN MATIAS,consulta externa,repetidas en menores de 5 anos,2006-04-01,13,7,13,7,20
SAN MIGUEL DE VELASCO,consulta externa,repetidas en menores de 5 anos,2006-04-01,24,28,24,28,52
SAN PABLO DE LIPEZ,consulta externa,repetidas en menores de 5 anos,2006-04-01,12,8,12,8,20
SAN PEDRO,consulta externa,repetidas en menores de 5 anos,2006-04-01,258,263,258,263,521
SAN PEDRO DE BUENA VISTA,consulta externa,repetidas en menores de 5 anos,2006-04-01,1,0,1,0,1
SAN PEDRO DE CURAHUARA,consulta externa,repetidas en menores de 5 anos,2006-04-01,1,1,1,1,2
SAN PEDRO DE QUEMES,consulta externa,repetidas en menores de 5 anos,2006-04-01,1,0,1,0,1
SAN PEDRO DE TIQUINA,consulta externa,repetidas en menores de 5 anos,2006-04-01,4,2,4,2,6
SAN RAFAEL,consulta externa,repetidas en menores de 5 anos,2006-04-01,17,11,17,11,28
SAN RAMON,consulta externa,repetidas en menores de 5 anos,2006-04-01,13,10,13,10,23
SAN RAMON,consulta externa,repetidas en menores de 5 anos,2006-04-01,8,7,8,7,15
SANTA ANA,consulta externa,repetidas en menores de 5 anos,2006-04-01,10,10,10,10,20
SANTA CRUZ DE LA SIERRA,consulta externa,repetidas en menores de 5 anos,2006-04-01,3809,4222,3809,4222,8031
SANTA ROSA,consulta externa,repetidas en menores de 5 anos,2006-04-01,28,27,28,27,55
SANTA ROSA DEL SARA,consulta externa,repetidas en menores de 5 anos,2006-04-01,39,30,39,30,69
SANTIAGO DE HUARI,consulta externa,repetidas en menores de 5 anos,2006-04-01,22,32,22,32,54
SANTIAGO DE MACHACA,consulta externa,repetidas en menores de 5 anos,2006-04-01,3,2,3,2,5
SANTIVAÑES,consulta externa,repetidas en menores de 5 anos,2006-04-01,3,8,3,8,11
SANTUARIO DE QUILLACAS,consulta externa,repetidas en menores de 5 anos,2006-04-01,3,1,3,1,4
SAPAHAQUI,consulta externa,repetidas en menores de 5 anos,2006-04-01,5,3,5,3,8
SENA,consulta externa,repetidas en menores de 5 anos,2006-04-01,2,1,2,1,3
SICA SICA (VILLA AROMA),consulta externa,repetidas en menores de 5 anos,2006-04-01,18,11,18,11,29
SIPE SIPE,consulta externa,repetidas en menores de 5 anos,2006-04-01,120,109,120,109,229
SOPACHUY,consulta externa,repetidas en menores de 5 anos,2006-04-01,6,3,6,3,9
SORACACHI,consulta externa,repetidas en menores de 5 anos,2006-04-01,8,6,8,6,14
SORATA,consulta externa,repetidas en menores de 5 anos,2006-04-01,3,5,3,5,8
SUCRE,consulta externa,repetidas en menores de 5 anos,2006-04-01,1067,1053,1067,1053,2120
TACACHI,consulta externa,repetidas en menores de 5 anos,2006-04-01,2,2,2,2,4
TACACOMA,consulta externa,repetidas en menores de 5 anos,2006-04-01,1,2,1,2,3
TACOBAMBA,consulta externa,repetidas en menores de 5 anos,2006-04-01,3,2,3,2,5
TACOPAYA,consulta externa,repetidas en menores de 5 anos,2006-04-01,2,6,2,6,8
TAHUA,consulta externa,repetidas en menores de 5 anos,2006-04-01,2,0,2,0,2
TAPACARI,consulta externa,repetidas en menores de 5 anos,2006-04-01,7,4,7,4,11
TARABUCO,consulta externa,repetidas en menores de 5 anos,2006-04-01,210,220,210,220,430
TARACO,consulta externa,repetidas en menores de 5 anos,2006-04-01,2,2,2,2,4
TARATA,consulta externa,repetidas en menores de 5 anos,2006-04-01,27,35,27,35,62
TARIJA,consulta externa,repetidas en menores de 5 anos,2006-04-01,748,611,748,611,1359
TARVITA,consulta externa,repetidas en menores de 5 anos,2006-04-01,17,23,17,23,40
TEOPONTE,consulta externa,repetidas en menores de 5 anos,2006-04-01,8,2,8,2,10
TIAWANACU,consulta externa,repetidas en menores de 5 anos,2006-04-01,4,2,4,2,6
TINGUIPAYA,consulta externa,repetidas en menores de 5 anos,2006-04-01,31,24,31,24,55
TIPUANI,consulta externa,repetidas en menores de 5 anos,2006-04-01,4,0,4,0,4
TIQUIPAYA,consulta externa,repetidas en menores de 5 anos,2006-04-01,269,210,269,210,479
TIRAQUE (CBBA),consulta externa,repetidas en menores de 5 anos,2006-04-01,104,83,104,83,187
TITO YUPANQUI (PARQUIPUJIO),consulta externa,repetidas en menores de 5 anos,2006-04-01,2,3,2,3,5
TOCO,consulta externa,repetidas en menores de 5 anos,2006-04-01,5,5,5,5,10
TODOS SANTOS,consulta externa,repetidas en menores de 5 anos,2006-04-01,1,0,1,0,1
TOLATA,consulta externa,repetidas en menores de 5 anos,2006-04-01,7,5,7,5,12
TOLEDO,consulta externa,repetidas en menores de 5 anos,2006-04-01,4,4,4,4,8
TOMAVE,consulta externa,repetidas en menores de 5 anos,2006-04-01,3,3,3,3,6
TOMINA,consulta externa,repetidas en menores de 5 anos,2006-04-01,3,4,3,4,7
TORO TORO,consulta externa,repetidas en menores de 5 anos,2006-04-01,16,22,16,22,38
TOTORA(CBBA),consulta externa,repetidas en menores de 5 anos,2006-04-01,124,75,124,75,199
TOTORA(ORR),consulta externa,repetidas en menores de 5 anos,2006-04-01,2,2,2,2,4
TRIGAL,consulta externa,repetidas en menores de 5 anos,2006-04-01,1,7,1,7,8
TRINIDAD,consulta externa,repetidas en menores de 5 anos,2006-04-01,371,358,371,358,729
TUPIZA,consulta externa,repetidas en menores de 5 anos,2006-04-01,129,64,129,64,193
TURCO,consulta externa,repetidas en menores de 5 anos,2006-04-01,5,1,5,1,6
UMALA,consulta externa,repetidas en menores de 5 anos,2006-04-01,1,0,1,0,1
UNCIA,consulta externa,repetidas en menores de 5 anos,2006-04-01,20,13,20,13,33
URIONDO (A. CONCEPCION),consulta externa,repetidas en menores de 5 anos,2006-04-01,53,47,53,47,100
URUBICHA,consulta externa,repetidas en menores de 5 anos,2006-04-01,4,6,4,6,10
UYUNI,consulta externa,repetidas en menores de 5 anos,2006-04-01,19,12,19,12,31
VACAS,consulta externa,repetidas en menores de 5 anos,2006-04-01,31,29,31,29,60
VALLEGRANDE,consulta externa,repetidas en menores de 5 anos,2006-04-01,15,13,15,13,28
VIACHA,consulta externa,repetidas en menores de 5 anos,2006-04-01,91,101,91,101,192
VILLA MONTES,consulta externa,repetidas en menores de 5 anos,2006-04-01,16,21,16,21,37
VILLA RIVERO,consulta externa,repetidas en menores de 5 anos,2006-04-01,6,3,6,3,9
VILLA SERRANO,consulta externa,repetidas en menores de 5 anos,2006-04-01,16,17,16,17,33
VILLA TUNARI,consulta externa,repetidas en menores de 5 anos,2006-04-01,141,104,141,104,245
VILLA VACA GUZMAN (MUYUPAMPA),consulta externa,repetidas en menores de 5 anos,2006-04-01,14,10,14,10,24
VILLAZON,consulta externa,repetidas en menores de 5 anos,2006-04-01,45,30,45,30,75
VINTO,consulta externa,repetidas en menores de 5 anos,2006-04-01,72,65,72,65,137
VITICHI,consulta externa,repetidas en menores de 5 anos,2006-04-01,6,6,6,6,12
WALDO BALLIVIAN,consulta externa,repetidas en menores de 5 anos,2006-04-01,1,0,1,0,1
WARNES,consulta externa,repetidas en menores de 5 anos,2006-04-01,39,36,39,36,75
YACO,consulta externa,repetidas en menores de 5 anos,2006-04-01,5,1,5,1,6
YACUIBA,consulta externa,repetidas en menores de 5 anos,2006-04-01,96,86,96,86,182
YAMPARAEZ,consulta externa,repetidas en menores de 5 anos,2006-04-01,10,11,10,11,21
YANACACHI,consulta externa,repetidas en menores de 5 anos,2006-04-01,2,1,2,1,3
YAPACANI,consulta externa,repetidas en menores de 5 anos,2006-04-01,90,73,90,73,163
YOCALLA,consulta externa,repetidas en menores de 5 anos,2006-04-01,15,19,15,19,34
YOTALA,consulta externa,repetidas en menores de 5 anos,2006-04-01,18,19,18,19,37
YUNCHARA,consulta externa,repetidas en menores de 5 anos,2006-04-01,50,52,50,52,102
ZUDAÑEZ,consulta externa,repetidas en menores de 5 anos,2006-04-01,0,4,0,4,4
ACACIO,consulta externa,repetidas en menores de 5 anos,2006-05-01,3,1,3,1,4
ACHACACHI,consulta externa,repetidas en menores de 5 anos,2006-05-01,8,8,8,8,16
ACHOCALLA,consulta externa,repetidas en menores de 5 anos,2006-05-01,11,8,11,8,19
AIQUILE,consulta externa,repetidas en menores de 5 anos,2006-05-01,109,111,109,111,220
ALALAY,consulta externa,repetidas en menores de 5 anos,2006-05-01,3,0,3,0,3
ALCALA,consulta externa,repetidas en menores de 5 anos,2006-05-01,7,0,7,0,7
ANCORAIMES,consulta externa,repetidas en menores de 5 anos,2006-05-01,7,14,7,14,21
ANDAMARCA,consulta externa,repetidas en menores de 5 anos,2006-05-01,6,12,6,12,18
ANTEQUERA,consulta externa,repetidas en menores de 5 anos,2006-05-01,69,93,69,93,162
ANZALDO,consulta externa,repetidas en menores de 5 anos,2006-05-01,32,32,32,32,64
APOLO,consulta externa,repetidas en menores de 5 anos,2006-05-01,14,14,14,14,28
ARAMPAMPA,consulta externa,repetidas en menores de 5 anos,2006-05-01,1,0,1,0,1
ARANI,consulta externa,repetidas en menores de 5 anos,2006-05-01,38,18,38,18,56
ARBIETO,consulta externa,repetidas en menores de 5 anos,2006-05-01,8,4,8,4,12
ARQUE,consulta externa,repetidas en menores de 5 anos,2006-05-01,31,27,31,27,58
ASCENCION DE GUARAYOS,consulta externa,repetidas en menores de 5 anos,2006-05-01,41,55,41,55,96
ATOCHA,consulta externa,repetidas en menores de 5 anos,2006-05-01,109,75,109,75,184
AUCAPATA,consulta externa,repetidas en menores de 5 anos,2006-05-01,6,5,6,5,11
AYATA,consulta externa,repetidas en menores de 5 anos,2006-05-01,9,9,9,9,18
AYO AYO,consulta externa,repetidas en menores de 5 anos,2006-05-01,14,19,14,19,33
AYOPAYA (V. DE INDEPENDENCIA),consulta externa,repetidas en menores de 5 anos,2006-05-01,44,46,44,46,90
AZURDUY,consulta externa,repetidas en menores de 5 anos,2006-05-01,0,1,0,1,1
BATALLAS,consulta externa,repetidas en menores de 5 anos,2006-05-01,4,1,4,1,5
BAURES,consulta externa,repetidas en menores de 5 anos,2006-05-01,1,4,1,4,5
BELEN DE ANDAMARCA,consulta externa,repetidas en menores de 5 anos,2006-05-01,14,28,14,28,42
BELEN DE URMIRI,consulta externa,repetidas en menores de 5 anos,2006-05-01,6,3,6,3,9
BERMEJO,consulta externa,repetidas en menores de 5 anos,2006-05-01,45,26,45,26,71
BETANZOS,consulta externa,repetidas en menores de 5 anos,2006-05-01,27,27,27,27,54
BOLIVAR,consulta externa,repetidas en menores de 5 anos,2006-05-01,9,3,9,3,12
BOLPEBRA,consulta externa,repetidas en menores de 5 anos,2006-05-01,0,1,0,1,1
BOYUIBE,consulta externa,repetidas en menores de 5 anos,2006-05-01,2,7,2,7,9
BUENA VISTA,consulta externa,repetidas en menores de 5 anos,2006-05-01,136,118,136,118,254
CABEZAS,consulta externa,repetidas en menores de 5 anos,2006-05-01,9,3,9,3,12
CAIROMA,consulta externa,repetidas en menores de 5 anos,2006-05-01,16,14,16,14,30
"CAIZA ""D""",consulta externa,repetidas en menores de 5 anos,2006-05-01,7,8,7,8,15
CAJUATA,consulta externa,repetidas en menores de 5 anos,2006-05-01,10,8,10,8,18
CALACOTO,consulta externa,repetidas en menores de 5 anos,2006-05-01,2,2,2,2,4
CALAMARCA,consulta externa,repetidas en menores de 5 anos,2006-05-01,11,10,11,10,21
CAMARGO,consulta externa,repetidas en menores de 5 anos,2006-05-01,17,10,17,10,27
CAMATAQUI (C. VILLA ABECIA),consulta externa,repetidas en menores de 5 anos,2006-05-01,6,2,6,2,8
CAMIRI,consulta externa,repetidas en menores de 5 anos,2006-05-01,94,70,94,70,164
CAPINOTA,consulta externa,repetidas en menores de 5 anos,2006-05-01,54,63,54,63,117
CAQUIAVIRI,consulta externa,repetidas en menores de 5 anos,2006-05-01,1,2,1,2,3
CARACOLLO,consulta externa,repetidas en menores de 5 anos,2006-05-01,15,15,15,15,30
CARANAVI,consulta externa,repetidas en menores de 5 anos,2006-05-01,33,23,33,23,56
CARAPARI,consulta externa,repetidas en menores de 5 anos,2006-05-01,13,7,13,7,20
CARIPUYO,consulta externa,repetidas en menores de 5 anos,2006-05-01,1,1,1,1,2
CARMEN RIVERO TORREZ,consulta externa,repetidas en menores de 5 anos,2006-05-01,1,0,1,0,1
CHALLAPATA,consulta externa,repetidas en menores de 5 anos,2006-05-01,29,13,29,13,42
CHAQUI,consulta externa,repetidas en menores de 5 anos,2006-05-01,4,1,4,1,5
CHARAGUA,consulta externa,repetidas en menores de 5 anos,2006-05-01,16,8,16,8,24
CHARAÑA,consulta externa,repetidas en menores de 5 anos,2006-05-01,4,1,4,1,5
CHAYANTA,consulta externa,repetidas en menores de 5 anos,2006-05-01,18,7,18,7,25
CHIMORE,consulta externa,repetidas en menores de 5 anos,2006-05-01,33,37,33,37,70
CHIPAYA,consulta externa,repetidas en menores de 5 anos,2006-05-01,8,5,8,5,13
CHOQUE COTA,consulta externa,repetidas en menores de 5 anos,2006-05-01,11,17,11,17,28
CHULUMANI (V. DE LA LIBERTAD),consulta externa,repetidas en menores de 5 anos,2006-05-01,15,15,15,15,30
CHUMA,consulta externa,repetidas en menores de 5 anos,2006-05-01,4,8,4,8,12
CLIZA,consulta externa,repetidas en menores de 5 anos,2006-05-01,28,34,28,34,62
COBIJA,consulta externa,repetidas en menores de 5 anos,2006-05-01,70,87,70,87,157
COCHABAMBA,consulta externa,repetidas en menores de 5 anos,2006-05-01,4062,3870,4062,3870,7932
COIPASA,consulta externa,repetidas en menores de 5 anos,2006-05-01,1,0,1,0,1
COLCAPIRHUA,consulta externa,repetidas en menores de 5 anos,2006-05-01,174,159,174,159,333
"COLCHA ""K""",consulta externa,repetidas en menores de 5 anos,2006-05-01,8,12,8,12,20
COLLANA,consulta externa,repetidas en menores de 5 anos,2006-05-01,1,0,1,0,1
COLOMI,consulta externa,repetidas en menores de 5 anos,2006-05-01,52,29,52,29,81
COLPA BELGICA,consulta externa,repetidas en menores de 5 anos,2006-05-01,40,36,40,36,76
COLQUECHACA,consulta externa,repetidas en menores de 5 anos,2006-05-01,8,22,8,22,30
COLQUENCHA,consulta externa,repetidas en menores de 5 anos,2006-05-01,7,9,7,9,16
COLQUIRI,consulta externa,repetidas en menores de 5 anos,2006-05-01,44,33,44,33,77
COMANCHE,consulta externa,repetidas en menores de 5 anos,2006-05-01,0,2,0,2,2
COMARAPA,consulta externa,repetidas en menores de 5 anos,2006-05-01,28,28,28,28,56
COMBAYA,consulta externa,repetidas en menores de 5 anos,2006-05-01,1,2,1,2,3
CONCEPCION,consulta externa,repetidas en menores de 5 anos,2006-05-01,7,3,7,3,10
COPACABANA,consulta externa,repetidas en menores de 5 anos,2006-05-01,0,1,0,1,1
CORIPATA,consulta externa,repetidas en menores de 5 anos,2006-05-01,26,20,26,20,46
CORO CORO,consulta externa,repetidas en menores de 5 anos,2006-05-01,4,6,4,6,10
COROICO,consulta externa,repetidas en menores de 5 anos,2006-05-01,33,40,33,40,73
CORQUE,consulta externa,repetidas en menores de 5 anos,2006-05-01,12,11,12,11,23
COTAGAITA,consulta externa,repetidas en menores de 5 anos,2006-05-01,50,31,50,31,81
COTOCA,consulta externa,repetidas en menores de 5 anos,2006-05-01,27,50,27,50,77
CUATRO CAÑADAS,consulta externa,repetidas en menores de 5 anos,2006-05-01,34,12,34,12,46
CUCHUMUELA (V. G. VILLARROEL),consulta externa,repetidas en menores de 5 anos,2006-05-01,6,4,6,4,10
CUEVO,consulta externa,repetidas en menores de 5 anos,2006-05-01,1,12,1,12,13
CULPINA,consulta externa,repetidas en menores de 5 anos,2006-05-01,10,8,10,8,18
CURAHUARA DE CARANGAS,consulta externa,repetidas en menores de 5 anos,2006-05-01,0,3,0,3,3
CURVA,consulta externa,repetidas en menores de 5 anos,2006-05-01,0,1,0,1,1
DESAGUADERO,consulta externa,repetidas en menores de 5 anos,2006-05-01,1,1,1,1,2
EL ALTO,consulta externa,repetidas en menores de 5 anos,2006-05-01,2414,2343,2414,2343,4757
EL CHORO,consulta externa,repetidas en menores de 5 anos,2006-05-01,10,3,10,3,13
EL PUENTE(STC),consulta externa,repetidas en menores de 5 anos,2006-05-01,9,18,9,18,27
EL PUENTE(TJA),consulta externa,repetidas en menores de 5 anos,2006-05-01,22,21,22,21,43
EL TORNO,consulta externa,repetidas en menores de 5 anos,2006-05-01,42,43,42,43,85
EL VILLAR,consulta externa,repetidas en menores de 5 anos,2006-05-01,2,0,2,0,2
ENTRE RIOS,consulta externa,repetidas en menores de 5 anos,2006-05-01,9,8,9,8,17
ENTRE RIOS,consulta externa,repetidas en menores de 5 anos,2006-05-01,31,23,31,23,54
EUCALIPTUS,consulta externa,repetidas en menores de 5 anos,2006-05-01,29,19,29,19,48
EUREKA (SANTOS MERCADO),consulta externa,repetidas en menores de 5 anos,2006-05-01,1,0,1,0,1
EXALTACION,consulta externa,repetidas en menores de 5 anos,2006-05-01,11,6,11,6,17
FERNANDEZ ALONSO,consulta externa,repetidas en menores de 5 anos,2006-05-01,34,29,34,29,63
FILADELFIA,consulta externa,repetidas en menores de 5 anos,2006-05-01,1,1,1,1,2
GENERAL SAAVEDRA,consulta externa,repetidas en menores de 5 anos,2006-05-01,13,9,13,9,22
GRAL. J.J. PEREZ (CHARAZANI),consulta externa,repetidas en menores de 5 anos,2006-05-01,2,3,2,3,5
GUAQUI,consulta externa,repetidas en menores de 5 anos,2006-05-01,5,6,5,6,11
GUAYARAMERIN,consulta externa,repetidas en menores de 5 anos,2006-05-01,110,120,110,120,230
GUTIERREZ,consulta externa,repetidas en menores de 5 anos,2006-05-01,29,35,29,35,64
HUACARETA,consulta externa,repetidas en menores de 5 anos,2006-05-01,55,68,55,68,123
HUACHACALLA,consulta externa,repetidas en menores de 5 anos,2006-05-01,5,2,5,2,7
HUANUNI,consulta externa,repetidas en menores de 5 anos,2006-05-01,210,215,210,215,425
HUARACAJE,consulta externa,repetidas en menores de 5 anos,2006-05-01,29,16,29,16,45
HUAYLLAMARCA,consulta externa,repetidas en menores de 5 anos,2006-05-01,0,2,0,2,2
ICHOCA,consulta externa,repetidas en menores de 5 anos,2006-05-01,1,2,1,2,3
ICLA,consulta externa,repetidas en menores de 5 anos,2006-05-01,9,19,9,19,28
INCAHUASI,consulta externa,repetidas en menores de 5 anos,2006-05-01,3,2,3,2,5
INGAVI (HUMAITA),consulta externa,repetidas en menores de 5 anos,2006-05-01,2,1,2,1,3
INQUISIVI,consulta externa,repetidas en menores de 5 anos,2006-05-01,13,15,13,15,28
IRUPANA (VILLA DE LANZA),consulta externa,repetidas en menores de 5 anos,2006-05-01,7,3,7,3,10
IXIAMAS,consulta externa,repetidas en menores de 5 anos,2006-05-01,11,8,11,8,19
JESUS DE MACHACA,consulta externa,repetidas en menores de 5 anos,2006-05-01,3,4,3,4,7
LA ASUNTA,consulta externa,repetidas en menores de 5 anos,2006-05-01,13,16,13,16,29
LA GUARDIA,consulta externa,repetidas en menores de 5 anos,2006-05-01,90,81,90,81,171
LA PAZ,consulta externa,repetidas en menores de 5 anos,2006-05-01,4730,4813,4730,4813,9543
LA RIVERA,consulta externa,repetidas en menores de 5 anos,2006-05-01,0,2,0,2,2
LAGUNILLAS,consulta externa,repetidas en menores de 5 anos,2006-05-01,6,6,6,6,12
LAJA,consulta externa,repetidas en menores de 5 anos,2006-05-01,15,3,15,3,18
LAS CARRERAS,consulta externa,repetidas en menores de 5 anos,2006-05-01,7,5,7,5,12
LLALLAGUA,consulta externa,repetidas en menores de 5 anos,2006-05-01,64,49,64,49,113
LLICA,consulta externa,repetidas en menores de 5 anos,2006-05-01,3,10,3,10,13
LORETO,consulta externa,repetidas en menores de 5 anos,2006-05-01,15,17,15,17,32
LURIBAY,consulta externa,repetidas en menores de 5 anos,2006-05-01,2,2,2,2,4
MACHACAMARCA,consulta externa,repetidas en menores de 5 anos,2006-05-01,4,9,4,9,13
MACHARETI,consulta externa,repetidas en menores de 5 anos,2006-05-01,8,10,8,10,18
MAGDALENA,consulta externa,repetidas en menores de 5 anos,2006-05-01,18,20,18,20,38
MAIRANA,consulta externa,repetidas en menores de 5 anos,2006-05-01,5,9,5,9,14
MALLA,consulta externa,repetidas en menores de 5 anos,2006-05-01,6,1,6,1,7
MAPIRI,consulta externa,repetidas en menores de 5 anos,2006-05-01,3,6,3,6,9
MECAPACA,consulta externa,repetidas en menores de 5 anos,2006-05-01,17,18,17,18,35
MINEROS,consulta externa,repetidas en menores de 5 anos,2006-05-01,20,17,20,17,37
MIZQUE,consulta externa,repetidas en menores de 5 anos,2006-05-01,35,37,35,37,72
MOCOMOCO,consulta externa,repetidas en menores de 5 anos,2006-05-01,3,0,3,0,3
MOJINETE,consulta externa,repetidas en menores de 5 anos,2006-05-01,2,0,2,0,2
MOJOCOYA,consulta externa,repetidas en menores de 5 anos,2006-05-01,8,7,8,7,15
MONTEAGUDO,consulta externa,repetidas en menores de 5 anos,2006-05-01,120,95,120,95,215
MONTERO,consulta externa,repetidas en menores de 5 anos,2006-05-01,457,405,457,405,862
MORO MORO,consulta externa,repetidas en menores de 5 anos,2006-05-01,1,4,1,4,5
MOROCHATA,consulta externa,repetidas en menores de 5 anos,2006-05-01,63,67,63,67,130
OCURI,consulta externa,repetidas en menores de 5 anos,2006-05-01,9,3,9,3,12
OKINAWA,consulta externa,repetidas en menores de 5 anos,2006-05-01,5,3,5,3,8
OMEREQUE,consulta externa,repetidas en menores de 5 anos,2006-05-01,29,13,29,13,42
ORURO,consulta externa,repetidas en menores de 5 anos,2006-05-01,796,802,796,802,1598
PADCAYA,consulta externa,repetidas en menores de 5 anos,2006-05-01,39,48,39,48,87
PADILLA,consulta externa,repetidas en menores de 5 anos,2006-05-01,7,3,7,3,10
PAILON,consulta externa,repetidas en menores de 5 anos,2006-05-01,9,8,9,8,17
PALCA,consulta externa,repetidas en menores de 5 anos,2006-05-01,4,5,4,5,9
PALOS BLANCOS,consulta externa,repetidas en menores de 5 anos,2006-05-01,36,30,36,30,66
PAMPA AULLAGAS,consulta externa,repetidas en menores de 5 anos,2006-05-01,2,1,2,1,3
PAMPA GRANDE,consulta externa,repetidas en menores de 5 anos,2006-05-01,4,7,4,7,11
PAPEL PAMPA,consulta externa,repetidas en menores de 5 anos,2006-05-01,2,0,2,0,2
PASORAPA,consulta externa,repetidas en menores de 5 anos,2006-05-01,0,3,0,3,3
PATACAMAYA,consulta externa,repetidas en menores de 5 anos,2006-05-01,13,12,13,12,25
PAZÑA,consulta externa,repetidas en menores de 5 anos,2006-05-01,12,5,12,5,17
PELECHUCO,consulta externa,repetidas en menores de 5 anos,2006-05-01,4,3,4,3,7
POCOATA,consulta externa,repetidas en menores de 5 anos,2006-05-01,11,13,11,13,24
POCONA,consulta externa,repetidas en menores de 5 anos,2006-05-01,3,4,3,4,7
POJO (CBBA),consulta externa,repetidas en menores de 5 anos,2006-05-01,4,5,4,5,9
POOPO,consulta externa,repetidas en menores de 5 anos,2006-05-01,6,2,6,2,8
PORCO,consulta externa,repetidas en menores de 5 anos,2006-05-01,15,9,15,9,24
POROMA,consulta externa,repetidas en menores de 5 anos,2006-05-01,22,19,22,19,41
PORONGO,consulta externa,repetidas en menores de 5 anos,2006-05-01,14,12,14,12,26
PORTACHUELO,consulta externa,repetidas en menores de 5 anos,2006-05-01,49,38,49,38,87
PORVENIR,consulta externa,repetidas en menores de 5 anos,2006-05-01,1,1,1,1,2
POSTRER VALLE,consulta externa,repetidas en menores de 5 anos,2006-05-01,1,1,1,1,2
POTOSI,consulta externa,repetidas en menores de 5 anos,2006-05-01,581,356,581,356,937
PRESTO,consulta externa,repetidas en menores de 5 anos,2006-05-01,1,2,1,2,3
PUCARA,consulta externa,repetidas en menores de 5 anos,2006-05-01,0,2,0,2,2
PUCARANI,consulta externa,repetidas en menores de 5 anos,2006-05-01,10,9,10,9,19
PUERTO ACOSTA,consulta externa,repetidas en menores de 5 anos,2006-05-01,1,2,1,2,3
PUERTO CARABUCO,consulta externa,repetidas en menores de 5 anos,2006-05-01,3,13,3,13,16
PUERTO GONZALO MORENO,consulta externa,repetidas en menores de 5 anos,2006-05-01,7,6,7,6,13
PUERTO PEREZ,consulta externa,repetidas en menores de 5 anos,2006-05-01,3,0,3,0,3
PUERTO QUIJARRO,consulta externa,repetidas en menores de 5 anos,2006-05-01,12,19,12,19,31
PUERTO RICO,consulta externa,repetidas en menores de 5 anos,2006-05-01,2,2,2,2,4
PUERTO SILES,consulta externa,repetidas en menores de 5 anos,2006-05-01,1,0,1,0,1
PUERTO SUAREZ,consulta externa,repetidas en menores de 5 anos,2006-05-01,20,13,20,13,33
PUERTO VILLARROEL,consulta externa,repetidas en menores de 5 anos,2006-05-01,73,80,73,80,153
PUNA,consulta externa,repetidas en menores de 5 anos,2006-05-01,19,14,19,14,33
PUNATA,consulta externa,repetidas en menores de 5 anos,2006-05-01,95,99,95,99,194
QUILLACOLLO,consulta externa,repetidas en menores de 5 anos,2006-05-01,196,183,196,183,379
QUIME,consulta externa,repetidas en menores de 5 anos,2006-05-01,6,6,6,6,12
QUIRUSILLAS,consulta externa,repetidas en menores de 5 anos,2006-05-01,5,5,5,5,10
RAVELO,consulta externa,repetidas en menores de 5 anos,2006-05-01,3,2,3,2,5
REYES,consulta externa,repetidas en menores de 5 anos,2006-05-01,22,21,22,21,43
RIBERALTA,consulta externa,repetidas en menores de 5 anos,2006-05-01,172,178,172,178,350
ROBORE,consulta externa,repetidas en menores de 5 anos,2006-05-01,9,9,9,9,18
RURRENABAQUE,consulta externa,repetidas en menores de 5 anos,2006-05-01,24,21,24,21,45
SABAYA,consulta externa,repetidas en menores de 5 anos,2006-05-01,3,2,3,2,5
SACABA,consulta externa,repetidas en menores de 5 anos,2006-05-01,278,221,278,221,499
SACABAMBA,consulta externa,repetidas en menores de 5 anos,2006-05-01,16,16,16,16,32
SACACA,consulta externa,repetidas en menores de 5 anos,2006-05-01,3,3,3,3,6
SAIPINA,consulta externa,repetidas en menores de 5 anos,2006-05-01,11,13,11,13,24
SALINAS DE GARCI MENDOZA,consulta externa,repetidas en menores de 5 anos,2006-05-01,15,11,15,11,26
SAMAIPATA,consulta externa,repetidas en menores de 5 anos,2006-05-01,3,0,3,0,3
SAN AGUSTIN,consulta externa,repetidas en menores de 5 anos,2006-05-01,3,2,3,2,5
SAN ANDRES,consulta externa,repetidas en menores de 5 anos,2006-05-01,13,16,13,16,29
SAN ANDRES DE MACHACA,consulta externa,repetidas en menores de 5 anos,2006-05-01,1,3,1,3,4
SAN ANTONIO DE ESMORUCO,consulta externa,repetidas en menores de 5 anos,2006-05-01,2,5,2,5,7
SAN BENITO,consulta externa,repetidas en menores de 5 anos,2006-05-01,34,24,34,24,58
SAN BORJA,consulta externa,repetidas en menores de 5 anos,2006-05-01,93,80,93,80,173
SAN BUENA VENTURA,consulta externa,repetidas en menores de 5 anos,2006-05-01,9,8,9,8,17
SAN CARLOS,consulta externa,repetidas en menores de 5 anos,2006-05-01,13,8,13,8,21
SAN IGNACIO,consulta externa,repetidas en menores de 5 anos,2006-05-01,108,39,108,39,147
SAN IGNACIO DE VELASCO,consulta externa,repetidas en menores de 5 anos,2006-05-01,82,50,82,50,132
SAN JAVIER(BNI),consulta externa,repetidas en menores de 5 anos,2006-05-01,11,8,11,8,19
SAN JAVIER(STC),consulta externa,repetidas en menores de 5 anos,2006-05-01,4,6,4,6,10
SAN JOAQUIN,consulta externa,repetidas en menores de 5 anos,2006-05-01,15,14,15,14,29
SAN JOSE DE CHIQUITOS,consulta externa,repetidas en menores de 5 anos,2006-05-01,0,1,0,1,1
SAN JUAN DE YAPACANI,consulta externa,repetidas en menores de 5 anos,2006-05-01,63,43,63,43,106
SAN JULIAN,consulta externa,repetidas en menores de 5 anos,2006-05-01,41,25,41,25,66
SAN LORENZO(PND),consulta externa,repetidas en menores de 5 anos,2006-05-01,6,5,6,5,11
SAN LORENZO(TJA),consulta externa,repetidas en menores de 5 anos,2006-05-01,84,72,84,72,156
SAN LUCAS,consulta externa,repetidas en menores de 5 anos,2006-05-01,19,24,19,24,43
SAN MATIAS,consulta externa,repetidas en menores de 5 anos,2006-05-01,3,5,3,5,8
SAN MIGUEL DE VELASCO,consulta externa,repetidas en menores de 5 anos,2006-05-01,29,29,29,29,58
SAN PABLO DE LIPEZ,consulta externa,repetidas en menores de 5 anos,2006-05-01,2,4,2,4,6
SAN PEDRO,consulta externa,repetidas en menores de 5 anos,2006-05-01,46,60,46,60,106
SAN PEDRO DE CURAHUARA,consulta externa,repetidas en menores de 5 anos,2006-05-01,2,1,2,1,3
SAN PEDRO DE TIQUINA,consulta externa,repetidas en menores de 5 anos,2006-05-01,6,3,6,3,9
SAN RAFAEL,consulta externa,repetidas en menores de 5 anos,2006-05-01,11,2,11,2,13
SAN RAMON,consulta externa,repetidas en menores de 5 anos,2006-05-01,13,8,13,8,21
SAN RAMON,consulta externa,repetidas en menores de 5 anos,2006-05-01,6,5,6,5,11
SANTA ANA,consulta externa,repetidas en menores de 5 anos,2006-05-01,12,6,12,6,18
SANTA CRUZ DE LA SIERRA,consulta externa,repetidas en menores de 5 anos,2006-05-01,3574,3685,3574,3685,7259
SANTA ROSA,consulta externa,repetidas en menores de 5 anos,2006-05-01,10,8,10,8,18
SANTA ROSA DEL SARA,consulta externa,repetidas en menores de 5 anos,2006-05-01,27,27,27,27,54
SANTIAGO DE HUARI,consulta externa,repetidas en menores de 5 anos,2006-05-01,17,23,17,23,40
SANTIAGO DE MACHACA,consulta externa,repetidas en menores de 5 anos,2006-05-01,3,1,3,1,4
SANTIVAÑES,consulta externa,repetidas en menores de 5 anos,2006-05-01,12,20,12,20,32
SANTUARIO DE QUILLACAS,consulta externa,repetidas en menores de 5 anos,2006-05-01,4,0,4,0,4
SAPAHAQUI,consulta externa,repetidas en menores de 5 anos,2006-05-01,4,2,4,2,6
SENA,consulta externa,repetidas en menores de 5 anos,2006-05-01,2,4,2,4,6
SICA SICA (VILLA AROMA),consulta externa,repetidas en menores de 5 anos,2006-05-01,24,18,24,18,42
SICAYA,consulta externa,repetidas en menores de 5 anos,2006-05-01,1,0,1,0,1
SIPE SIPE,consulta externa,repetidas en menores de 5 anos,2006-05-01,141,134,141,134,275
SOPACHUY,consulta externa,repetidas en menores de 5 anos,2006-05-01,8,7,8,7,15
SORACACHI,consulta externa,repetidas en menores de 5 anos,2006-05-01,5,9,5,9,14
SORATA,consulta externa,repetidas en menores de 5 anos,2006-05-01,2,1,2,1,3
SUCRE,consulta externa,repetidas en menores de 5 anos,2006-05-01,1046,1164,1046,1164,2210
TACACHI,consulta externa,repetidas en menores de 5 anos,2006-05-01,9,7,9,7,16
TACACOMA,consulta externa,repetidas en menores de 5 anos,2006-05-01,5,2,5,2,7
TACOBAMBA,consulta externa,repetidas en menores de 5 anos,2006-05-01,1,3,1,3,4
TACOPAYA,consulta externa,repetidas en menores de 5 anos,2006-05-01,4,3,4,3,7
TAPACARI,consulta externa,repetidas en menores de 5 anos,2006-05-01,5,4,5,4,9
TARABUCO,consulta externa,repetidas en menores de 5 anos,2006-05-01,132,159,132,159,291
TARACO,consulta externa,repetidas en menores de 5 anos,2006-05-01,0,2,0,2,2
TARATA,consulta externa,repetidas en menores de 5 anos,2006-05-01,32,24,32,24,56
TARIJA,consulta externa,repetidas en menores de 5 anos,2006-05-01,1006,862,1006,862,1868
TARVITA,consulta externa,repetidas en menores de 5 anos,2006-05-01,52,54,52,54,106
TEOPONTE,consulta externa,repetidas en menores de 5 anos,2006-05-01,5,3,5,3,8
TIAWANACU,consulta externa,repetidas en menores de 5 anos,2006-05-01,2,3,2,3,5
TINGUIPAYA,consulta externa,repetidas en menores de 5 anos,2006-05-01,3,0,3,0,3
TIPUANI,consulta externa,repetidas en menores de 5 anos,2006-05-01,7,4,7,4,11
TIQUIPAYA,consulta externa,repetidas en menores de 5 anos,2006-05-01,215,169,215,169,384
TIRAQUE (CBBA),consulta externa,repetidas en menores de 5 anos,2006-05-01,126,120,126,120,246
TITO YUPANQUI (PARQUIPUJIO),consulta externa,repetidas en menores de 5 anos,2006-05-01,1,0,1,0,1
TOCO,consulta externa,repetidas en menores de 5 anos,2006-05-01,3,5,3,5,8
TODOS SANTOS,consulta externa,repetidas en menores de 5 anos,2006-05-01,0,2,0,2,2
TOLATA,consulta externa,repetidas en menores de 5 anos,2006-05-01,7,7,7,7,14
TOLEDO,consulta externa,repetidas en menores de 5 anos,2006-05-01,11,9,11,9,20
TOMAVE,consulta externa,repetidas en menores de 5 anos,2006-05-01,13,8,13,8,21
TOMINA,consulta externa,repetidas en menores de 5 anos,2006-05-01,3,1,3,1,4
TORO TORO,consulta externa,repetidas en menores de 5 anos,2006-05-01,9,2,9,2,11
TOTORA(CBBA),consulta externa,repetidas en menores de 5 anos,2006-05-01,19,35,19,35,54
TOTORA(ORR),consulta externa,repetidas en menores de 5 anos,2006-05-01,5,15,5,15,20
TRIGAL,consulta externa,repetidas en menores de 5 anos,2006-05-01,5,1,5,1,6
TRINIDAD,consulta externa,repetidas en menores de 5 anos,2006-05-01,400,451,400,451,851
TUPIZA,consulta externa,repetidas en menores de 5 anos,2006-05-01,100,99,100,99,199
TURCO,consulta externa,repetidas en menores de 5 anos,2006-05-01,4,3,4,3,7
UNCIA,consulta externa,repetidas en menores de 5 anos,2006-05-01,33,28,33,28,61
URIONDO (A. CONCEPCION),consulta externa,repetidas en menores de 5 anos,2006-05-01,17,19,17,19,36
URUBICHA,consulta externa,repetidas en menores de 5 anos,2006-05-01,23,2,23,2,25
UYUNI,consulta externa,repetidas en menores de 5 anos,2006-05-01,29,28,29,28,57
VACAS,consulta externa,repetidas en menores de 5 anos,2006-05-01,24,10,24,10,34
VALLEGRANDE,consulta externa,repetidas en menores de 5 anos,2006-05-01,15,3,15,3,18
VIACHA,consulta externa,repetidas en menores de 5 anos,2006-05-01,133,117,133,117,250
VILA VILA,consulta externa,repetidas en menores de 5 anos,2006-05-01,0,3,0,3,3
VILLA MONTES,consulta externa,repetidas en menores de 5 anos,2006-05-01,29,19,29,19,48
VILLA NUEVA (LOMA ALTA),consulta externa,repetidas en menores de 5 anos,2006-05-01,1,3,1,3,4
VILLA RIVERO,consulta externa,repetidas en menores de 5 anos,2006-05-01,9,6,9,6,15
VILLA SERRANO,consulta externa,repetidas en menores de 5 anos,2006-05-01,19,19,19,19,38
VILLA TUNARI,consulta externa,repetidas en menores de 5 anos,2006-05-01,85,74,85,74,159
VILLA VACA GUZMAN (MUYUPAMPA),consulta externa,repetidas en menores de 5 anos,2006-05-01,10,9,10,9,19
VILLAZON,consulta externa,repetidas en menores de 5 anos,2006-05-01,53,43,53,43,96
VINTO,consulta externa,repetidas en menores de 5 anos,2006-05-01,130,127,130,127,257
VITICHI,consulta externa,repetidas en menores de 5 anos,2006-05-01,5,26,5,26,31
WALDO BALLIVIAN,consulta externa,repetidas en menores de 5 anos,2006-05-01,1,2,1,2,3
WARNES,consulta externa,repetidas en menores de 5 anos,2006-05-01,84,83,84,83,167
YACO,consulta externa,repetidas en menores de 5 anos,2006-05-01,2,8,2,8,10
YACUIBA,consulta externa,repetidas en menores de 5 anos,2006-05-01,160,127,160,127,287
YAMPARAEZ,consulta externa,repetidas en menores de 5 anos,2006-05-01,25,31,25,31,56
YANACACHI,consulta externa,repetidas en menores de 5 anos,2006-05-01,2,1,2,1,3
YAPACANI,consulta externa,repetidas en menores de 5 anos,2006-05-01,48,46,48,46,94
YOCALLA,consulta externa,repetidas en menores de 5 anos,2006-05-01,29,19,29,19,48
YOTALA,consulta externa,repetidas en menores de 5 anos,2006-05-01,20,28,20,28,48
YUNCHARA,consulta externa,repetidas en menores de 5 anos,2006-05-01,69,50,69,50,119
ZUDAÑEZ,consulta externa,repetidas en menores de 5 anos,2006-05-01,2,6,2,6,8
ACACIO,consulta externa,repetidas en menores de 5 anos,2006-06-01,1,3,1,3,4
ACHACACHI,consulta externa,repetidas en menores de 5 anos,2006-06-01,14,6,14,6,20
ACHOCALLA,consulta externa,repetidas en menores de 5 anos,2006-06-01,2,7,2,7,9
AIQUILE,consulta externa,repetidas en menores de 5 anos,2006-06-01,55,56,55,56,111
ALALAY,consulta externa,repetidas en menores de 5 anos,2006-06-01,3,0,3,0,3
ALCALA,consulta externa,repetidas en menores de 5 anos,2006-06-01,3,2,3,2,5
ANCORAIMES,consulta externa,repetidas en menores de 5 anos,2006-06-01,12,5,12,5,17
ANDAMARCA,consulta externa,repetidas en menores de 5 anos,2006-06-01,1,2,1,2,3
ANTEQUERA,consulta externa,repetidas en menores de 5 anos,2006-06-01,5,10,5,10,15
ANZALDO,consulta externa,repetidas en menores de 5 anos,2006-06-01,6,16,6,16,22
APOLO,consulta externa,repetidas en menores de 5 anos,2006-06-01,3,12,3,12,15
ARANI,consulta externa,repetidas en menores de 5 anos,2006-06-01,19,8,19,8,27
ARBIETO,consulta externa,repetidas en menores de 5 anos,2006-06-01,7,8,7,8,15
ARQUE,consulta externa,repetidas en menores de 5 anos,2006-06-01,30,31,30,31,61
ASCENCION DE GUARAYOS,consulta externa,repetidas en menores de 5 anos,2006-06-01,39,46,39,46,85
ATOCHA,consulta externa,repetidas en menores de 5 anos,2006-06-01,63,55,63,55,118
AUCAPATA,consulta externa,repetidas en menores de 5 anos,2006-06-01,9,1,9,1,10
AYATA,consulta externa,repetidas en menores de 5 anos,2006-06-01,5,6,5,6,11
AYO AYO,consulta externa,repetidas en menores de 5 anos,2006-06-01,10,4,10,4,14
AYOPAYA (V. DE INDEPENDENCIA),consulta externa,repetidas en menores de 5 anos,2006-06-01,29,31,29,31,60
AZURDUY,consulta externa,repetidas en menores de 5 anos,2006-06-01,5,5,5,5,10
BATALLAS,consulta externa,repetidas en menores de 5 anos,2006-06-01,0,1,0,1,1
BAURES,consulta externa,repetidas en menores de 5 anos,2006-06-01,11,9,11,9,20
BELEN DE ANDAMARCA,consulta externa,repetidas en menores de 5 anos,2006-06-01,2,5,2,5,7
BELEN DE URMIRI,consulta externa,repetidas en menores de 5 anos,2006-06-01,2,1,2,1,3
BELLA FLOR,consulta externa,repetidas en menores de 5 anos,2006-06-01,31,33,31,33,64
BERMEJO,consulta externa,repetidas en menores de 5 anos,2006-06-01,39,33,39,33,72
BETANZOS,consulta externa,repetidas en menores de 5 anos,2006-06-01,45,43,45,43,88
BOLIVAR,consulta externa,repetidas en menores de 5 anos,2006-06-01,8,4,8,4,12
BOYUIBE,consulta externa,repetidas en menores de 5 anos,2006-06-01,16,11,16,11,27
BUENA VISTA,consulta externa,repetidas en menores de 5 anos,2006-06-01,58,43,58,43,101
CABEZAS,consulta externa,repetidas en menores de 5 anos,2006-06-01,5,2,5,2,7
CAIROMA,consulta externa,repetidas en menores de 5 anos,2006-06-01,25,17,25,17,42
"CAIZA ""D""",consulta externa,repetidas en menores de 5 anos,2006-06-01,12,11,12,11,23
CAJUATA,consulta externa,repetidas en menores de 5 anos,2006-06-01,2,5,2,5,7
CALACOTO,consulta externa,repetidas en menores de 5 anos,2006-06-01,1,2,1,2,3
CALAMARCA,consulta externa,repetidas en menores de 5 anos,2006-06-01,10,10,10,10,20
CAMARGO,consulta externa,repetidas en menores de 5 anos,2006-06-01,16,15,16,15,31
CAMATAQUI (C. VILLA ABECIA),consulta externa,repetidas en menores de 5 anos,2006-06-01,2,0,2,0,2
CAMIRI,consulta externa,repetidas en menores de 5 anos,2006-06-01,94,112,94,112,206
CAPINOTA,consulta externa,repetidas en menores de 5 anos,2006-06-01,66,76,66,76,142
CAQUIAVIRI,consulta externa,repetidas en menores de 5 anos,2006-06-01,2,1,2,1,3
CARACOLLO,consulta externa,repetidas en menores de 5 anos,2006-06-01,10,4,10,4,14
CARANAVI,consulta externa,repetidas en menores de 5 anos,2006-06-01,19,9,19,9,28
CARANGAS,consulta externa,repetidas en menores de 5 anos,2006-06-01,0,1,0,1,1
CARAPARI,consulta externa,repetidas en menores de 5 anos,2006-06-01,6,5,6,5,11
CARMEN RIVERO TORREZ,consulta externa,repetidas en menores de 5 anos,2006-06-01,1,1,1,1,2
CHALLAPATA,consulta externa,repetidas en menores de 5 anos,2006-06-01,7,11,7,11,18
CHAQUI,consulta externa,repetidas en menores de 5 anos,2006-06-01,2,7,2,7,9
CHARAGUA,consulta externa,repetidas en menores de 5 anos,2006-06-01,40,33,40,33,73
CHAYANTA,consulta externa,repetidas en menores de 5 anos,2006-06-01,17,8,17,8,25
CHIMORE,consulta externa,repetidas en menores de 5 anos,2006-06-01,11,12,11,12,23
CHIPAYA,consulta externa,repetidas en menores de 5 anos,2006-06-01,3,1,3,1,4
CHOQUE COTA,consulta externa,repetidas en menores de 5 anos,2006-06-01,2,2,2,2,4
CHULUMANI (V. DE LA LIBERTAD),consulta externa,repetidas en menores de 5 anos,2006-06-01,12,20,12,20,32
CHUMA,consulta externa,repetidas en menores de 5 anos,2006-06-01,9,4,9,4,13
CLIZA,consulta externa,repetidas en menores de 5 anos,2006-06-01,29,20,29,20,49
COBIJA,consulta externa,repetidas en menores de 5 anos,2006-06-01,128,176,128,176,304
COCHABAMBA,consulta externa,repetidas en menores de 5 anos,2006-06-01,3238,2963,3238,2963,6201
COLCAPIRHUA,consulta externa,repetidas en menores de 5 anos,2006-06-01,111,133,111,133,244
"COLCHA ""K""",consulta externa,repetidas en menores de 5 anos,2006-06-01,4,6,4,6,10
COLLANA,consulta externa,repetidas en menores de 5 anos,2006-06-01,3,0,3,0,3
COLOMI,consulta externa,repetidas en menores de 5 anos,2006-06-01,41,45,41,45,86
COLPA BELGICA,consulta externa,repetidas en menores de 5 anos,2006-06-01,39,35,39,35,74
COLQUECHACA,consulta externa,repetidas en menores de 5 anos,2006-06-01,6,5,6,5,11
COLQUENCHA,consulta externa,repetidas en menores de 5 anos,2006-06-01,4,2,4,2,6
COLQUIRI,consulta externa,repetidas en menores de 5 anos,2006-06-01,31,26,31,26,57
COMANCHE,consulta externa,repetidas en menores de 5 anos,2006-06-01,1,2,1,2,3
COMARAPA,consulta externa,repetidas en menores de 5 anos,2006-06-01,37,49,37,49,86
COMBAYA,consulta externa,repetidas en menores de 5 anos,2006-06-01,1,0,1,0,1
CONCEPCION,consulta externa,repetidas en menores de 5 anos,2006-06-01,12,13,12,13,25
CORIPATA,consulta externa,repetidas en menores de 5 anos,2006-06-01,6,3,6,3,9
CORO CORO,consulta externa,repetidas en menores de 5 anos,2006-06-01,2,3,2,3,5
COROICO,consulta externa,repetidas en menores de 5 anos,2006-06-01,22,26,22,26,48
CORQUE,consulta externa,repetidas en menores de 5 anos,2006-06-01,5,17,5,17,22
COTAGAITA,consulta externa,repetidas en menores de 5 anos,2006-06-01,29,31,29,31,60
COTOCA,consulta externa,repetidas en menores de 5 anos,2006-06-01,31,31,31,31,62
CUATRO CAÑADAS,consulta externa,repetidas en menores de 5 anos,2006-06-01,33,30,33,30,63
CUCHUMUELA (V. G. VILLARROEL),consulta externa,repetidas en menores de 5 anos,2006-06-01,0,1,0,1,1
CUEVO,consulta externa,repetidas en menores de 5 anos,2006-06-01,9,19,9,19,28
CULPINA,consulta externa,repetidas en menores de 5 anos,2006-06-01,5,6,5,6,11
CURAHUARA DE CARANGAS,consulta externa,repetidas en menores de 5 anos,2006-06-01,8,1,8,1,9
DESAGUADERO,consulta externa,repetidas en menores de 5 anos,2006-06-01,3,1,3,1,4
EL ALTO,consulta externa,repetidas en menores de 5 anos,2006-06-01,2468,2204,2468,2204,4672
EL CHORO,consulta externa,repetidas en menores de 5 anos,2006-06-01,5,2,5,2,7
EL PUENTE(STC),consulta externa,repetidas en menores de 5 anos,2006-06-01,5,5,5,5,10
EL PUENTE(TJA),consulta externa,repetidas en menores de 5 anos,2006-06-01,46,46,46,46,92
EL TORNO,consulta externa,repetidas en menores de 5 anos,2006-06-01,39,47,39,47,86
ENTRE RIOS,consulta externa,repetidas en menores de 5 anos,2006-06-01,12,14,12,14,26
ENTRE RIOS,consulta externa,repetidas en menores de 5 anos,2006-06-01,59,72,59,72,131
EUCALIPTUS,consulta externa,repetidas en menores de 5 anos,2006-06-01,14,5,14,5,19
EXALTACION,consulta externa,repetidas en menores de 5 anos,2006-06-01,7,12,7,12,19
FERNANDEZ ALONSO,consulta externa,repetidas en menores de 5 anos,2006-06-01,26,30,26,30,56
FILADELFIA,consulta externa,repetidas en menores de 5 anos,2006-06-01,1,1,1,1,2
GENERAL SAAVEDRA,consulta externa,repetidas en menores de 5 anos,2006-06-01,25,20,25,20,45
GRAL. J.J. PEREZ (CHARAZANI),consulta externa,repetidas en menores de 5 anos,2006-06-01,0,1,0,1,1
GUANAY,consulta externa,repetidas en menores de 5 anos,2006-06-01,4,1,4,1,5
GUAQUI,consulta externa,repetidas en menores de 5 anos,2006-06-01,6,4,6,4,10
GUAYARAMERIN,consulta externa,repetidas en menores de 5 anos,2006-06-01,191,85,191,85,276
GUTIERREZ,consulta externa,repetidas en menores de 5 anos,2006-06-01,21,17,21,17,38
HUACARETA,consulta externa,repetidas en menores de 5 anos,2006-06-01,23,13,23,13,36
HUACHACALLA,consulta externa,repetidas en menores de 5 anos,2006-06-01,4,2,4,2,6
HUANUNI,consulta externa,repetidas en menores de 5 anos,2006-06-01,88,102,88,102,190
HUARACAJE,consulta externa,repetidas en menores de 5 anos,2006-06-01,10,5,10,5,15
HUAYLLAMARCA,consulta externa,repetidas en menores de 5 anos,2006-06-01,4,5,4,5,9
ICHOCA,consulta externa,repetidas en menores de 5 anos,2006-06-01,1,2,1,2,3
ICLA,consulta externa,repetidas en menores de 5 anos,2006-06-01,8,10,8,10,18
INCAHUASI,consulta externa,repetidas en menores de 5 anos,2006-06-01,47,44,47,44,91
INGAVI (HUMAITA),consulta externa,repetidas en menores de 5 anos,2006-06-01,3,2,3,2,5
INQUISIVI,consulta externa,repetidas en menores de 5 anos,2006-06-01,10,10,10,10,20
IRUPANA (VILLA DE LANZA),consulta externa,repetidas en menores de 5 anos,2006-06-01,6,2,6,2,8
IXIAMAS,consulta externa,repetidas en menores de 5 anos,2006-06-01,21,18,21,18,39
JESUS DE MACHACA,consulta externa,repetidas en menores de 5 anos,2006-06-01,5,2,5,2,7
LA ASUNTA,consulta externa,repetidas en menores de 5 anos,2006-06-01,24,19,24,19,43
LA GUARDIA,consulta externa,repetidas en menores de 5 anos,2006-06-01,95,72,95,72,167
LA PAZ,consulta externa,repetidas en menores de 5 anos,2006-06-01,3773,3622,3773,3622,7395
LA RIVERA,consulta externa,repetidas en menores de 5 anos,2006-06-01,0,1,0,1,1
LAGUNILLAS,consulta externa,repetidas en menores de 5 anos,2006-06-01,6,6,6,6,12
LAJA,consulta externa,repetidas en menores de 5 anos,2006-06-01,7,3,7,3,10
LAS CARRERAS,consulta externa,repetidas en menores de 5 anos,2006-06-01,2,5,2,5,7
LLALLAGUA,consulta externa,repetidas en menores de 5 anos,2006-06-01,33,19,33,19,52
LLICA,consulta externa,repetidas en menores de 5 anos,2006-06-01,3,3,3,3,6
LORETO,consulta externa,repetidas en menores de 5 anos,2006-06-01,8,11,8,11,19
LURIBAY,consulta externa,repetidas en menores de 5 anos,2006-06-01,7,2,7,2,9
MACHACAMARCA,consulta externa,repetidas en menores de 5 anos,2006-06-01,1,9,1,9,10
MACHARETI,consulta externa,repetidas en menores de 5 anos,2006-06-01,7,5,7,5,12
MAGDALENA,consulta externa,repetidas en menores de 5 anos,2006-06-01,20,20,20,20,40
MAIRANA,consulta externa,repetidas en menores de 5 anos,2006-06-01,9,11,9,11,20
MAPIRI,consulta externa,repetidas en menores de 5 anos,2006-06-01,1,1,1,1,2
MECAPACA,consulta externa,repetidas en menores de 5 anos,2006-06-01,12,12,12,12,24
MINEROS,consulta externa,repetidas en menores de 5 anos,2006-06-01,24,16,24,16,40
MIZQUE,consulta externa,repetidas en menores de 5 anos,2006-06-01,11,10,11,10,21
MOCOMOCO,consulta externa,repetidas en menores de 5 anos,2006-06-01,3,1,3,1,4
MOJINETE,consulta externa,repetidas en menores de 5 anos,2006-06-01,1,2,1,2,3
MOJOCOYA,consulta externa,repetidas en menores de 5 anos,2006-06-01,3,5,3,5,8
MONTEAGUDO,consulta externa,repetidas en menores de 5 anos,2006-06-01,95,83,95,83,178
MONTERO,consulta externa,repetidas en menores de 5 anos,2006-06-01,463,452,463,452,915
MORO MORO,consulta externa,repetidas en menores de 5 anos,2006-06-01,1,1,1,1,2
MOROCHATA,consulta externa,repetidas en menores de 5 anos,2006-06-01,106,93,106,93,199
OCURI,consulta externa,repetidas en menores de 5 anos,2006-06-01,5,2,5,2,7
OKINAWA,consulta externa,repetidas en menores de 5 anos,2006-06-01,9,10,9,10,19
OMEREQUE,consulta externa,repetidas en menores de 5 anos,2006-06-01,4,2,4,2,6
ORURO,consulta externa,repetidas en menores de 5 anos,2006-06-01,812,660,812,660,1472
PADCAYA,consulta externa,repetidas en menores de 5 anos,2006-06-01,22,31,22,31,53
PADILLA,consulta externa,repetidas en menores de 5 anos,2006-06-01,4,10,4,10,14
PAILON,consulta externa,repetidas en menores de 5 anos,2006-06-01,19,14,19,14,33
PALCA,consulta externa,repetidas en menores de 5 anos,2006-06-01,4,7,4,7,11
PALOS BLANCOS,consulta externa,repetidas en menores de 5 anos,2006-06-01,25,28,25,28,53
PAMPA AULLAGAS,consulta externa,repetidas en menores de 5 anos,2006-06-01,3,0,3,0,3
PAMPA GRANDE,consulta externa,repetidas en menores de 5 anos,2006-06-01,1,2,1,2,3
PAPEL PAMPA,consulta externa,repetidas en menores de 5 anos,2006-06-01,3,1,3,1,4
PASORAPA,consulta externa,repetidas en menores de 5 anos,2006-06-01,2,2,2,2,4
PATACAMAYA,consulta externa,repetidas en menores de 5 anos,2006-06-01,9,7,9,7,16
PAZÑA,consulta externa,repetidas en menores de 5 anos,2006-06-01,5,1,5,1,6
PELECHUCO,consulta externa,repetidas en menores de 5 anos,2006-06-01,10,5,10,5,15
POCOATA,consulta externa,repetidas en menores de 5 anos,2006-06-01,10,14,10,14,24
POCONA,consulta externa,repetidas en menores de 5 anos,2006-06-01,5,2,5,2,7
POJO (CBBA),consulta externa,repetidas en menores de 5 anos,2006-06-01,3,5,3,5,8
POOPO,consulta externa,repetidas en menores de 5 anos,2006-06-01,1,2,1,2,3
PORCO,consulta externa,repetidas en menores de 5 anos,2006-06-01,1,2,1,2,3
POROMA,consulta externa,repetidas en menores de 5 anos,2006-06-01,14,21,14,21,35
PORONGO,consulta externa,repetidas en menores de 5 anos,2006-06-01,19,18,19,18,37
PORTACHUELO,consulta externa,repetidas en menores de 5 anos,2006-06-01,55,48,55,48,103
PORVENIR,consulta externa,repetidas en menores de 5 anos,2006-06-01,9,8,9,8,17
POSTRER VALLE,consulta externa,repetidas en menores de 5 anos,2006-06-01,2,4,2,4,6
POTOSI,consulta externa,repetidas en menores de 5 anos,2006-06-01,485,311,485,311,796
PUCARA,consulta externa,repetidas en menores de 5 anos,2006-06-01,4,4,4,4,8
PUCARANI,consulta externa,repetidas en menores de 5 anos,2006-06-01,11,6,11,6,17
PUERTO ACOSTA,consulta externa,repetidas en menores de 5 anos,2006-06-01,12,6,12,6,18
PUERTO CARABUCO,consulta externa,repetidas en menores de 5 anos,2006-06-01,18,19,18,19,37
PUERTO GONZALO MORENO,consulta externa,repetidas en menores de 5 anos,2006-06-01,14,9,14,9,23
PUERTO QUIJARRO,consulta externa,repetidas en menores de 5 anos,2006-06-01,24,30,24,30,54
PUERTO RICO,consulta externa,repetidas en menores de 5 anos,2006-06-01,4,8,4,8,12
PUERTO SUAREZ,consulta externa,repetidas en menores de 5 anos,2006-06-01,24,29,24,29,53
PUERTO VILLARROEL,consulta externa,repetidas en menores de 5 anos,2006-06-01,114,96,114,96,210
PUNA,consulta externa,repetidas en menores de 5 anos,2006-06-01,26,16,26,16,42
PUNATA,consulta externa,repetidas en menores de 5 anos,2006-06-01,111,117,111,117,228
QUILLACOLLO,consulta externa,repetidas en menores de 5 anos,2006-06-01,153,237,153,237,390
QUIME,consulta externa,repetidas en menores de 5 anos,2006-06-01,9,6,9,6,15
QUIRUSILLAS,consulta externa,repetidas en menores de 5 anos,2006-06-01,7,3,7,3,10
RAVELO,consulta externa,repetidas en menores de 5 anos,2006-06-01,4,0,4,0,4
REYES,consulta externa,repetidas en menores de 5 anos,2006-06-01,24,24,24,24,48
RIBERALTA,consulta externa,repetidas en menores de 5 anos,2006-06-01,290,298,290,298,588
ROBORE,consulta externa,repetidas en menores de 5 anos,2006-06-01,8,20,8,20,28
RURRENABAQUE,consulta externa,repetidas en menores de 5 anos,2006-06-01,30,23,30,23,53
SABAYA,consulta externa,repetidas en menores de 5 anos,2006-06-01,4,1,4,1,5
SACABA,consulta externa,repetidas en menores de 5 anos,2006-06-01,217,196,217,196,413
SACABAMBA,consulta externa,repetidas en menores de 5 anos,2006-06-01,13,13,13,13,26
SACACA,consulta externa,repetidas en menores de 5 anos,2006-06-01,8,6,8,6,14
SAIPINA,consulta externa,repetidas en menores de 5 anos,2006-06-01,24,32,24,32,56
SALINAS DE GARCI MENDOZA,consulta externa,repetidas en menores de 5 anos,2006-06-01,5,3,5,3,8
SAMAIPATA,consulta externa,repetidas en menores de 5 anos,2006-06-01,3,0,3,0,3
SAN AGUSTIN,consulta externa,repetidas en menores de 5 anos,2006-06-01,2,3,2,3,5
SAN ANDRES,consulta externa,repetidas en menores de 5 anos,2006-06-01,16,20,16,20,36
SAN ANDRES DE MACHACA,consulta externa,repetidas en menores de 5 anos,2006-06-01,1,3,1,3,4
SAN ANTONIO DE ESMORUCO,consulta externa,repetidas en menores de 5 anos,2006-06-01,3,3,3,3,6
SAN BENITO,consulta externa,repetidas en menores de 5 anos,2006-06-01,16,22,16,22,38
SAN BORJA,consulta externa,repetidas en menores de 5 anos,2006-06-01,106,93,106,93,199
SAN BUENA VENTURA,consulta externa,repetidas en menores de 5 anos,2006-06-01,16,9,16,9,25
SAN CARLOS,consulta externa,repetidas en menores de 5 anos,2006-06-01,8,10,8,10,18
SAN IGNACIO,consulta externa,repetidas en menores de 5 anos,2006-06-01,37,35,37,35,72
SAN IGNACIO DE VELASCO,consulta externa,repetidas en menores de 5 anos,2006-06-01,94,98,94,98,192
SAN JAVIER(BNI),consulta externa,repetidas en menores de 5 anos,2006-06-01,3,3,3,3,6
SAN JAVIER(STC),consulta externa,repetidas en menores de 5 anos,2006-06-01,7,6,7,6,13
SAN JOAQUIN,consulta externa,repetidas en menores de 5 anos,2006-06-01,9,8,9,8,17
SAN JOSE DE CHIQUITOS,consulta externa,repetidas en menores de 5 anos,2006-06-01,7,12,7,12,19
SAN JUAN DE YAPACANI,consulta externa,repetidas en menores de 5 anos,2006-06-01,92,63,92,63,155
SAN JULIAN,consulta externa,repetidas en menores de 5 anos,2006-06-01,47,28,47,28,75
SAN LORENZO(PND),consulta externa,repetidas en menores de 5 anos,2006-06-01,8,4,8,4,12
SAN LORENZO(TJA),consulta externa,repetidas en menores de 5 anos,2006-06-01,77,96,77,96,173
SAN LUCAS,consulta externa,repetidas en menores de 5 anos,2006-06-01,43,45,43,45,88
SAN MATIAS,consulta externa,repetidas en menores de 5 anos,2006-06-01,11,5,11,5,16
SAN MIGUEL DE VELASCO,consulta externa,repetidas en menores de 5 anos,2006-06-01,25,19,25,19,44
SAN PABLO DE LIPEZ,consulta externa,repetidas en menores de 5 anos,2006-06-01,8,11,8,11,19
SAN PEDRO,consulta externa,repetidas en menores de 5 anos,2006-06-01,45,46,45,46,91
SAN PEDRO DE BUENA VISTA,consulta externa,repetidas en menores de 5 anos,2006-06-01,3,0,3,0,3
SAN PEDRO DE CURAHUARA,consulta externa,repetidas en menores de 5 anos,2006-06-01,2,1,2,1,3
SAN PEDRO DE QUEMES,consulta externa,repetidas en menores de 5 anos,2006-06-01,1,3,1,3,4
SAN PEDRO DE TIQUINA,consulta externa,repetidas en menores de 5 anos,2006-06-01,2,1,2,1,3
SAN RAFAEL,consulta externa,repetidas en menores de 5 anos,2006-06-01,9,18,9,18,27
SAN RAMON,consulta externa,repetidas en menores de 5 anos,2006-06-01,2,6,2,6,8
SAN RAMON,consulta externa,repetidas en menores de 5 anos,2006-06-01,4,1,4,1,5
SANTA ANA,consulta externa,repetidas en menores de 5 anos,2006-06-01,9,11,9,11,20
SANTA CRUZ DE LA SIERRA,consulta externa,repetidas en menores de 5 anos,2006-06-01,3121,3284,3121,3284,6405
SANTA ROSA,consulta externa,repetidas en menores de 5 anos,2006-06-01,16,30,16,30,46
SANTA ROSA DEL SARA,consulta externa,repetidas en menores de 5 anos,2006-06-01,30,27,30,27,57
SANTIAGO DE CALLAPA,consulta externa,repetidas en menores de 5 anos,2006-06-01,0,1,0,1,1
SANTIAGO DE HUARI,consulta externa,repetidas en menores de 5 anos,2006-06-01,17,14,17,14,31
SANTIAGO DE MACHACA,consulta externa,repetidas en menores de 5 anos,2006-06-01,1,2,1,2,3
SANTIVAÑES,consulta externa,repetidas en menores de 5 anos,2006-06-01,20,16,20,16,36
SANTUARIO DE QUILLACAS,consulta externa,repetidas en menores de 5 anos,2006-06-01,0,2,0,2,2
SAPAHAQUI,consulta externa,repetidas en menores de 5 anos,2006-06-01,7,2,7,2,9
SENA,consulta externa,repetidas en menores de 5 anos,2006-06-01,1,0,1,0,1
SICA SICA (VILLA AROMA),consulta externa,repetidas en menores de 5 anos,2006-06-01,4,3,4,3,7
SICAYA,consulta externa,repetidas en menores de 5 anos,2006-06-01,3,0,3,0,3
SIPE SIPE,consulta externa,repetidas en menores de 5 anos,2006-06-01,102,130,102,130,232
SOPACHUY,consulta externa,repetidas en menores de 5 anos,2006-06-01,8,5,8,5,13
SORACACHI,consulta externa,repetidas en menores de 5 anos,2006-06-01,7,3,7,3,10
SORATA,consulta externa,repetidas en menores de 5 anos,2006-06-01,4,0,4,0,4
SUCRE,consulta externa,repetidas en menores de 5 anos,2006-06-01,1181,1152,1181,1152,2333
TACACHI,consulta externa,repetidas en menores de 5 anos,2006-06-01,9,10,9,10,19
TACACOMA,consulta externa,repetidas en menores de 5 anos,2006-06-01,2,1,2,1,3
TACOBAMBA,consulta externa,repetidas en menores de 5 anos,2006-06-01,1,1,1,1,2
TACOPAYA,consulta externa,repetidas en menores de 5 anos,2006-06-01,76,59,76,59,135
TAPACARI,consulta externa,repetidas en menores de 5 anos,2006-06-01,8,4,8,4,12
TARABUCO,consulta externa,repetidas en menores de 5 anos,2006-06-01,220,241,220,241,461
TARACO,consulta externa,repetidas en menores de 5 anos,2006-06-01,0,1,0,1,1
TARATA,consulta externa,repetidas en menores de 5 anos,2006-06-01,64,34,64,34,98
TARIJA,consulta externa,repetidas en menores de 5 anos,2006-06-01,678,595,678,595,1273
TARVITA,consulta externa,repetidas en menores de 5 anos,2006-06-01,50,25,50,25,75
TEOPONTE,consulta externa,repetidas en menores de 5 anos,2006-06-01,5,2,5,2,7
TIAWANACU,consulta externa,repetidas en menores de 5 anos,2006-06-01,4,4,4,4,8
TINGUIPAYA,consulta externa,repetidas en menores de 5 anos,2006-06-01,1,5,1,5,6
TIPUANI,consulta externa,repetidas en menores de 5 anos,2006-06-01,6,3,6,3,9
TIQUIPAYA,consulta externa,repetidas en menores de 5 anos,2006-06-01,191,142,191,142,333
TIRAQUE (CBBA),consulta externa,repetidas en menores de 5 anos,2006-06-01,141,98,141,98,239
TITO YUPANQUI (PARQUIPUJIO),consulta externa,repetidas en menores de 5 anos,2006-06-01,1,1,1,1,2
TOCO,consulta externa,repetidas en menores de 5 anos,2006-06-01,1,0,1,0,1
TOLATA,consulta externa,repetidas en menores de 5 anos,2006-06-01,13,5,13,5,18
TOLEDO,consulta externa,repetidas en menores de 5 anos,2006-06-01,5,6,5,6,11
TOMAVE,consulta externa,repetidas en menores de 5 anos,2006-06-01,5,8,5,8,13
TOMINA,consulta externa,repetidas en menores de 5 anos,2006-06-01,7,5,7,5,12
TORO TORO,consulta externa,repetidas en menores de 5 anos,2006-06-01,10,11,10,11,21
TOTORA(CBBA),consulta externa,repetidas en menores de 5 anos,2006-06-01,86,102,86,102,188
TOTORA(ORR),consulta externa,repetidas en menores de 5 anos,2006-06-01,4,13,4,13,17
TRIGAL,consulta externa,repetidas en menores de 5 anos,2006-06-01,0,1,0,1,1
TRINIDAD,consulta externa,repetidas en menores de 5 anos,2006-06-01,1004,701,1004,701,1705
TUPIZA,consulta externa,repetidas en menores de 5 anos,2006-06-01,86,89,86,89,175
TURCO,consulta externa,repetidas en menores de 5 anos,2006-06-01,0,1,0,1,1
UNCIA,consulta externa,repetidas en menores de 5 anos,2006-06-01,8,8,8,8,16
URIONDO (A. CONCEPCION),consulta externa,repetidas en menores de 5 anos,2006-06-01,53,42,53,42,95
URUBICHA,consulta externa,repetidas en menores de 5 anos,2006-06-01,2,0,2,0,2
UYUNI,consulta externa,repetidas en menores de 5 anos,2006-06-01,27,11,27,11,38
VACAS,consulta externa,repetidas en menores de 5 anos,2006-06-01,30,26,30,26,56
VALLEGRANDE,consulta externa,repetidas en menores de 5 anos,2006-06-01,21,9,21,9,30
VIACHA,consulta externa,repetidas en menores de 5 anos,2006-06-01,91,78,91,78,169
VILA VILA,consulta externa,repetidas en menores de 5 anos,2006-06-01,1,2,1,2,3
VILLA MONTES,consulta externa,repetidas en menores de 5 anos,2006-06-01,38,25,38,25,63
VILLA RIVERO,consulta externa,repetidas en menores de 5 anos,2006-06-01,3,8,3,8,11
VILLA SERRANO,consulta externa,repetidas en menores de 5 anos,2006-06-01,28,31,28,31,59
VILLA TUNARI,consulta externa,repetidas en menores de 5 anos,2006-06-01,134,107,134,107,241
VILLA VACA GUZMAN (MUYUPAMPA),consulta externa,repetidas en menores de 5 anos,2006-06-01,8,4,8,4,12
VILLAZON,consulta externa,repetidas en menores de 5 anos,2006-06-01,36,30,36,30,66
VINTO,consulta externa,repetidas en menores de 5 anos,2006-06-01,147,130,147,130,277
VITICHI,consulta externa,repetidas en menores de 5 anos,2006-06-01,7,7,7,7,14
WARNES,consulta externa,repetidas en menores de 5 anos,2006-06-01,106,82,106,82,188
YACO,consulta externa,repetidas en menores de 5 anos,2006-06-01,4,3,4,3,7
YACUIBA,consulta externa,repetidas en menores de 5 anos,2006-06-01,155,149,155,149,304
YAMPARAEZ,consulta externa,repetidas en menores de 5 anos,2006-06-01,24,18,24,18,42
YAPACANI,consulta externa,repetidas en menores de 5 anos,2006-06-01,55,42,55,42,97
YOCALLA,consulta externa,repetidas en menores de 5 anos,2006-06-01,16,13,16,13,29
YOTALA,consulta externa,repetidas en menores de 5 anos,2006-06-01,23,30,23,30,53
YUNCHARA,consulta externa,repetidas en menores de 5 anos,2006-06-01,93,85,93,85,178
ZUDAÑEZ,consulta externa,repetidas en menores de 5 anos,2006-06-01,47,41,47,41,88
ACACIO,consulta externa,repetidas en menores de 5 anos,2006-07-01,3,0,3,0,3
ACHACACHI,consulta externa,repetidas en menores de 5 anos,2006-07-01,5,6,5,6,11
ACHOCALLA,consulta externa,repetidas en menores de 5 anos,2006-07-01,6,6,6,6,12
AIQUILE,consulta externa,repetidas en menores de 5 anos,2006-07-01,221,227,221,227,448
ALALAY,consulta externa,repetidas en menores de 5 anos,2006-07-01,1,1,1,1,2
ANCORAIMES,consulta externa,repetidas en menores de 5 anos,2006-07-01,5,1,5,1,6
ANDAMARCA,consulta externa,repetidas en menores de 5 anos,2006-07-01,1,1,1,1,2
ANTEQUERA,consulta externa,repetidas en menores de 5 anos,2006-07-01,3,7,3,7,10
ANZALDO,consulta externa,repetidas en menores de 5 anos,2006-07-01,19,15,19,15,34
APOLO,consulta externa,repetidas en menores de 5 anos,2006-07-01,15,16,15,16,31
ARAMPAMPA,consulta externa,repetidas en menores de 5 anos,2006-07-01,0,3,0,3,3
ARANI,consulta externa,repetidas en menores de 5 anos,2006-07-01,35,29,35,29,64
ARBIETO,consulta externa,repetidas en menores de 5 anos,2006-07-01,13,11,13,11,24
ARQUE,consulta externa,repetidas en menores de 5 anos,2006-07-01,2,1,2,1,3
ASCENCION DE GUARAYOS,consulta externa,repetidas en menores de 5 anos,2006-07-01,55,61,55,61,116
ATOCHA,consulta externa,repetidas en menores de 5 anos,2006-07-01,39,18,39,18,57
AUCAPATA,consulta externa,repetidas en menores de 5 anos,2006-07-01,3,2,3,2,5
AYATA,consulta externa,repetidas en menores de 5 anos,2006-07-01,8,7,8,7,15
AYO AYO,consulta externa,repetidas en menores de 5 anos,2006-07-01,4,8,4,8,12
AYOPAYA (V. DE INDEPENDENCIA),consulta externa,repetidas en menores de 5 anos,2006-07-01,14,12,14,12,26
AZURDUY,consulta externa,repetidas en menores de 5 anos,2006-07-01,3,5,3,5,8
BATALLAS,consulta externa,repetidas en menores de 5 anos,2006-07-01,7,9,7,9,16
BAURES,consulta externa,repetidas en menores de 5 anos,2006-07-01,13,3,13,3,16
BELEN DE ANDAMARCA,consulta externa,repetidas en menores de 5 anos,2006-07-01,1,2,1,2,3
BELEN DE URMIRI,consulta externa,repetidas en menores de 5 anos,2006-07-01,1,1,1,1,2
BELLA FLOR,consulta externa,repetidas en menores de 5 anos,2006-07-01,13,19,13,19,32
BERMEJO,consulta externa,repetidas en menores de 5 anos,2006-07-01,59,57,59,57,116
BETANZOS,consulta externa,repetidas en menores de 5 anos,2006-07-01,41,22,41,22,63
BOLIVAR,consulta externa,repetidas en menores de 5 anos,2006-07-01,15,9,15,9,24
BOYUIBE,consulta externa,repetidas en menores de 5 anos,2006-07-01,3,7,3,7,10
BUENA VISTA,consulta externa,repetidas en menores de 5 anos,2006-07-01,93,66,93,66,159
CABEZAS,consulta externa,repetidas en menores de 5 anos,2006-07-01,6,6,6,6,12
CAIROMA,consulta externa,repetidas en menores de 5 anos,2006-07-01,19,19,19,19,38
"CAIZA ""D""",consulta externa,repetidas en menores de 5 anos,2006-07-01,5,3,5,3,8
CAJUATA,consulta externa,repetidas en menores de 5 anos,2006-07-01,6,5,6,5,11
CALACOTO,consulta externa,repetidas en menores de 5 anos,2006-07-01,1,1,1,1,2
CALAMARCA,consulta externa,repetidas en menores de 5 anos,2006-07-01,13,6,13,6,19
CAMARGO,consulta externa,repetidas en menores de 5 anos,2006-07-01,9,21,9,21,30
CAMATAQUI (C. VILLA ABECIA),consulta externa,repetidas en menores de 5 anos,2006-07-01,4,2,4,2,6
CAMIRI,consulta externa,repetidas en menores de 5 anos,2006-07-01,84,92,84,92,176
CAPINOTA,consulta externa,repetidas en menores de 5 anos,2006-07-01,81,80,81,80,161
CAQUIAVIRI,consulta externa,repetidas en menores de 5 anos,2006-07-01,2,3,2,3,5
CARACOLLO,consulta externa,repetidas en menores de 5 anos,2006-07-01,7,11,7,11,18
CARANAVI,consulta externa,repetidas en menores de 5 anos,2006-07-01,33,22,33,22,55
CARANGAS,consulta externa,repetidas en menores de 5 anos,2006-07-01,0,1,0,1,1
CARAPARI,consulta externa,repetidas en menores de 5 anos,2006-07-01,16,12,16,12,28
CARIPUYO,consulta externa,repetidas en menores de 5 anos,2006-07-01,40,31,40,31,71
CHALLAPATA,consulta externa,repetidas en menores de 5 anos,2006-07-01,9,5,9,5,14
CHAQUI,consulta externa,repetidas en menores de 5 anos,2006-07-01,5,4,5,4,9
CHARAGUA,consulta externa,repetidas en menores de 5 anos,2006-07-01,42,25,42,25,67
CHAYANTA,consulta externa,repetidas en menores de 5 anos,2006-07-01,13,6,13,6,19
CHIMORE,consulta externa,repetidas en menores de 5 anos,2006-07-01,14,23,14,23,37
CHOQUE COTA,consulta externa,repetidas en menores de 5 anos,2006-07-01,1,0,1,0,1
CHULUMANI (V. DE LA LIBERTAD),consulta externa,repetidas en menores de 5 anos,2006-07-01,17,17,17,17,34
CHUMA,consulta externa,repetidas en menores de 5 anos,2006-07-01,1,2,1,2,3
CLIZA,consulta externa,repetidas en menores de 5 anos,2006-07-01,51,47,51,47,98
COBIJA,consulta externa,repetidas en menores de 5 anos,2006-07-01,76,85,76,85,161
COCHABAMBA,consulta externa,repetidas en menores de 5 anos,2006-07-01,3170,2740,3170,2740,5910
COLCAPIRHUA,consulta externa,repetidas en menores de 5 anos,2006-07-01,152,132,152,132,284
"COLCHA ""K""",consulta externa,repetidas en menores de 5 anos,2006-07-01,2,1,2,1,3
COLLANA,consulta externa,repetidas en menores de 5 anos,2006-07-01,2,0,2,0,2
COLOMI,consulta externa,repetidas en menores de 5 anos,2006-07-01,13,9,13,9,22
COLPA BELGICA,consulta externa,repetidas en menores de 5 anos,2006-07-01,55,41,55,41,96
COLQUECHACA,consulta externa,repetidas en menores de 5 anos,2006-07-01,4,3,4,3,7
COLQUENCHA,consulta externa,repetidas en menores de 5 anos,2006-07-01,1,5,1,5,6
COLQUIRI,consulta externa,repetidas en menores de 5 anos,2006-07-01,42,25,42,25,67
COMANCHE,consulta externa,repetidas en menores de 5 anos,2006-07-01,2,1,2,1,3
COMARAPA,consulta externa,repetidas en menores de 5 anos,2006-07-01,25,29,25,29,54
COMBAYA,consulta externa,repetidas en menores de 5 anos,2006-07-01,0,2,0,2,2
CONCEPCION,consulta externa,repetidas en menores de 5 anos,2006-07-01,15,9,15,9,24
CORIPATA,consulta externa,repetidas en menores de 5 anos,2006-07-01,5,3,5,3,8
CORO CORO,consulta externa,repetidas en menores de 5 anos,2006-07-01,2,0,2,0,2
COROICO,consulta externa,repetidas en menores de 5 anos,2006-07-01,19,16,19,16,35
CORQUE,consulta externa,repetidas en menores de 5 anos,2006-07-01,14,17,14,17,31
COTAGAITA,consulta externa,repetidas en menores de 5 anos,2006-07-01,15,20,15,20,35
COTOCA,consulta externa,repetidas en menores de 5 anos,2006-07-01,67,59,67,59,126
CUATRO CAÑADAS,consulta externa,repetidas en menores de 5 anos,2006-07-01,46,34,46,34,80
CUCHUMUELA (V. G. VILLARROEL),consulta externa,repetidas en menores de 5 anos,2006-07-01,4,2,4,2,6
CUEVO,consulta externa,repetidas en menores de 5 anos,2006-07-01,0,2,0,2,2
CULPINA,consulta externa,repetidas en menores de 5 anos,2006-07-01,6,7,6,7,13
CURAHUARA DE CARANGAS,consulta externa,repetidas en menores de 5 anos,2006-07-01,2,4,2,4,6
CURVA,consulta externa,repetidas en menores de 5 anos,2006-07-01,1,1,1,1,2
EL ALTO,consulta externa,repetidas en menores de 5 anos,2006-07-01,2050,2043,2050,2043,4093
EL CHORO,consulta externa,repetidas en menores de 5 anos,2006-07-01,3,1,3,1,4
EL PUENTE(STC),consulta externa,repetidas en menores de 5 anos,2006-07-01,7,3,7,3,10
EL PUENTE(TJA),consulta externa,repetidas en menores de 5 anos,2006-07-01,23,32,23,32,55
EL TORNO,consulta externa,repetidas en menores de 5 anos,2006-07-01,38,45,38,45,83
EL VILLAR,consulta externa,repetidas en menores de 5 anos,2006-07-01,1,0,1,0,1
ENTRE RIOS,consulta externa,repetidas en menores de 5 anos,2006-07-01,8,10,8,10,18
ENTRE RIOS,consulta externa,repetidas en menores de 5 anos,2006-07-01,5,8,5,8,13
EUCALIPTUS,consulta externa,repetidas en menores de 5 anos,2006-07-01,11,8,11,8,19
EXALTACION,consulta externa,repetidas en menores de 5 anos,2006-07-01,6,4,6,4,10
FERNANDEZ ALONSO,consulta externa,repetidas en menores de 5 anos,2006-07-01,40,28,40,28,68
FILADELFIA,consulta externa,repetidas en menores de 5 anos,2006-07-01,3,3,3,3,6
GENERAL SAAVEDRA,consulta externa,repetidas en menores de 5 anos,2006-07-01,20,22,20,22,42
GRAL. J.J. PEREZ (CHARAZANI),consulta externa,repetidas en menores de 5 anos,2006-07-01,2,0,2,0,2
GUANAY,consulta externa,repetidas en menores de 5 anos,2006-07-01,5,2,5,2,7
GUAQUI,consulta externa,repetidas en menores de 5 anos,2006-07-01,2,1,2,1,3
GUAYARAMERIN,consulta externa,repetidas en menores de 5 anos,2006-07-01,96,88,96,88,184
GUTIERREZ,consulta externa,repetidas en menores de 5 anos,2006-07-01,15,7,15,7,22
HUACARETA,consulta externa,repetidas en menores de 5 anos,2006-07-01,41,46,41,46,87
HUACHACALLA,consulta externa,repetidas en menores de 5 anos,2006-07-01,1,4,1,4,5
HUANUNI,consulta externa,repetidas en menores de 5 anos,2006-07-01,225,237,225,237,462
HUARACAJE,consulta externa,repetidas en menores de 5 anos,2006-07-01,1,2,1,2,3
HUAYLLAMARCA,consulta externa,repetidas en menores de 5 anos,2006-07-01,3,0,3,0,3
ICLA,consulta externa,repetidas en menores de 5 anos,2006-07-01,6,5,6,5,11
INCAHUASI,consulta externa,repetidas en menores de 5 anos,2006-07-01,2,5,2,5,7
INGAVI (HUMAITA),consulta externa,repetidas en menores de 5 anos,2006-07-01,9,6,9,6,15
INQUISIVI,consulta externa,repetidas en menores de 5 anos,2006-07-01,7,1,7,1,8
IRUPANA (VILLA DE LANZA),consulta externa,repetidas en menores de 5 anos,2006-07-01,2,1,2,1,3
IXIAMAS,consulta externa,repetidas en menores de 5 anos,2006-07-01,11,13,11,13,24
JESUS DE MACHACA,consulta externa,repetidas en menores de 5 anos,2006-07-01,5,4,5,4,9
LA ASUNTA,consulta externa,repetidas en menores de 5 anos,2006-07-01,40,31,40,31,71
LA GUARDIA,consulta externa,repetidas en menores de 5 anos,2006-07-01,80,63,80,63,143
LA PAZ,consulta externa,repetidas en menores de 5 anos,2006-07-01,3549,3508,3549,3508,7057
LAGUNILLAS,consulta externa,repetidas en menores de 5 anos,2006-07-01,11,10,11,10,21
LAJA,consulta externa,repetidas en menores de 5 anos,2006-07-01,4,2,4,2,6
LAS CARRERAS,consulta externa,repetidas en menores de 5 anos,2006-07-01,2,7,2,7,9
LLALLAGUA,consulta externa,repetidas en menores de 5 anos,2006-07-01,33,20,33,20,53
LLICA,consulta externa,repetidas en menores de 5 anos,2006-07-01,1,1,1,1,2
LORETO,consulta externa,repetidas en menores de 5 anos,2006-07-01,9,7,9,7,16
LURIBAY,consulta externa,repetidas en menores de 5 anos,2006-07-01,3,2,3,2,5
MACHACAMARCA,consulta externa,repetidas en menores de 5 anos,2006-07-01,0,3,0,3,3
MACHARETI,consulta externa,repetidas en menores de 5 anos,2006-07-01,3,9,3,9,12
MAGDALENA,consulta externa,repetidas en menores de 5 anos,2006-07-01,36,39,36,39,75
MAIRANA,consulta externa,repetidas en menores de 5 anos,2006-07-01,10,7,10,7,17
MAPIRI,consulta externa,repetidas en menores de 5 anos,2006-07-01,5,8,5,8,13
MECAPACA,consulta externa,repetidas en menores de 5 anos,2006-07-01,6,9,6,9,15
MINEROS,consulta externa,repetidas en menores de 5 anos,2006-07-01,15,12,15,12,27
MIZQUE,consulta externa,repetidas en menores de 5 anos,2006-07-01,57,44,57,44,101
MOCOMOCO,consulta externa,repetidas en menores de 5 anos,2006-07-01,4,3,4,3,7
MOJINETE,consulta externa,repetidas en menores de 5 anos,2006-07-01,2,1,2,1,3
MOJOCOYA,consulta externa,repetidas en menores de 5 anos,2006-07-01,10,3,10,3,13
MONTEAGUDO,consulta externa,repetidas en menores de 5 anos,2006-07-01,65,63,65,63,128
MONTERO,consulta externa,repetidas en menores de 5 anos,2006-07-01,372,345,372,345,717
MORO MORO,consulta externa,repetidas en menores de 5 anos,2006-07-01,1,4,1,4,5
MOROCHATA,consulta externa,repetidas en menores de 5 anos,2006-07-01,72,64,72,64,136
NACEBE (SANTA ROSA DEL ABUNA),consulta externa,repetidas en menores de 5 anos,2006-07-01,26,28,26,28,54
NUEVO MANOA (NUEVA ESPERANZA),consulta externa,repetidas en menores de 5 anos,2006-07-01,0,1,0,1,1
OCURI,consulta externa,repetidas en menores de 5 anos,2006-07-01,2,1,2,1,3
OKINAWA,consulta externa,repetidas en menores de 5 anos,2006-07-01,15,20,15,20,35
OMEREQUE,consulta externa,repetidas en menores de 5 anos,2006-07-01,12,5,12,5,17
ORURO,consulta externa,repetidas en menores de 5 anos,2006-07-01,631,636,631,636,1267
PADCAYA,consulta externa,repetidas en menores de 5 anos,2006-07-01,8,7,8,7,15
PADILLA,consulta externa,repetidas en menores de 5 anos,2006-07-01,1,0,1,0,1
PAILON,consulta externa,repetidas en menores de 5 anos,2006-07-01,7,10,7,10,17
PALCA,consulta externa,repetidas en menores de 5 anos,2006-07-01,2,7,2,7,9
PALOS BLANCOS,consulta externa,repetidas en menores de 5 anos,2006-07-01,30,20,30,20,50
PAMPA AULLAGAS,consulta externa,repetidas en menores de 5 anos,2006-07-01,0,1,0,1,1
PAMPA GRANDE,consulta externa,repetidas en menores de 5 anos,2006-07-01,2,2,2,2,4
PAPEL PAMPA,consulta externa,repetidas en menores de 5 anos,2006-07-01,0,1,0,1,1
PASORAPA,consulta externa,repetidas en menores de 5 anos,2006-07-01,1,0,1,0,1
PATACAMAYA,consulta externa,repetidas en menores de 5 anos,2006-07-01,8,3,8,3,11
PAZÑA,consulta externa,repetidas en menores de 5 anos,2006-07-01,9,8,9,8,17
PELECHUCO,consulta externa,repetidas en menores de 5 anos,2006-07-01,1,3,1,3,4
POCOATA,consulta externa,repetidas en menores de 5 anos,2006-07-01,12,11,12,11,23
POCONA,consulta externa,repetidas en menores de 5 anos,2006-07-01,7,5,7,5,12
POJO (CBBA),consulta externa,repetidas en menores de 5 anos,2006-07-01,5,2,5,2,7
POOPO,consulta externa,repetidas en menores de 5 anos,2006-07-01,6,5,6,5,11
PORCO,consulta externa,repetidas en menores de 5 anos,2006-07-01,9,7,9,7,16
POROMA,consulta externa,repetidas en menores de 5 anos,2006-07-01,1,1,1,1,2
PORONGO,consulta externa,repetidas en menores de 5 anos,2006-07-01,16,18,16,18,34
PORTACHUELO,consulta externa,repetidas en menores de 5 anos,2006-07-01,58,49,58,49,107
PORVENIR,consulta externa,repetidas en menores de 5 anos,2006-07-01,3,6,3,6,9
POSTRER VALLE,consulta externa,repetidas en menores de 5 anos,2006-07-01,5,6,5,6,11
POTOSI,consulta externa,repetidas en menores de 5 anos,2006-07-01,488,326,488,326,814
PRESTO,consulta externa,repetidas en menores de 5 anos,2006-07-01,4,0,4,0,4
PUCARA,consulta externa,repetidas en menores de 5 anos,2006-07-01,3,2,3,2,5
PUCARANI,consulta externa,repetidas en menores de 5 anos,2006-07-01,7,3,7,3,10
PUERTO ACOSTA,consulta externa,repetidas en menores de 5 anos,2006-07-01,16,17,16,17,33
PUERTO CARABUCO,consulta externa,repetidas en menores de 5 anos,2006-07-01,10,10,10,10,20
PUERTO GONZALO MORENO,consulta externa,repetidas en menores de 5 anos,2006-07-01,19,17,19,17,36
PUERTO PEREZ,consulta externa,repetidas en menores de 5 anos,2006-07-01,0,1,0,1,1
PUERTO QUIJARRO,consulta externa,repetidas en menores de 5 anos,2006-07-01,7,18,7,18,25
PUERTO RICO,consulta externa,repetidas en menores de 5 anos,2006-07-01,19,7,19,7,26
PUERTO SILES,consulta externa,repetidas en menores de 5 anos,2006-07-01,1,1,1,1,2
PUERTO SUAREZ,consulta externa,repetidas en menores de 5 anos,2006-07-01,15,17,15,17,32
PUERTO VILLARROEL,consulta externa,repetidas en menores de 5 anos,2006-07-01,122,106,122,106,228
PUNA,consulta externa,repetidas en menores de 5 anos,2006-07-01,7,7,7,7,14
PUNATA,consulta externa,repetidas en menores de 5 anos,2006-07-01,110,112,110,112,222
QUIABAYA,consulta externa,repetidas en menores de 5 anos,2006-07-01,1,0,1,0,1
QUILLACOLLO,consulta externa,repetidas en menores de 5 anos,2006-07-01,401,393,401,393,794
QUIME,consulta externa,repetidas en menores de 5 anos,2006-07-01,2,7,2,7,9
QUIRUSILLAS,consulta externa,repetidas en menores de 5 anos,2006-07-01,6,1,6,1,7
RAVELO,consulta externa,repetidas en menores de 5 anos,2006-07-01,5,1,5,1,6
REYES,consulta externa,repetidas en menores de 5 anos,2006-07-01,36,43,36,43,79
RIBERALTA,consulta externa,repetidas en menores de 5 anos,2006-07-01,291,259,291,259,550
ROBORE,consulta externa,repetidas en menores de 5 anos,2006-07-01,7,10,7,10,17
RURRENABAQUE,consulta externa,repetidas en menores de 5 anos,2006-07-01,15,14,15,14,29
SABAYA,consulta externa,repetidas en menores de 5 anos,2006-07-01,3,0,3,0,3
SACABA,consulta externa,repetidas en menores de 5 anos,2006-07-01,230,174,230,174,404
SACABAMBA,consulta externa,repetidas en menores de 5 anos,2006-07-01,6,1,6,1,7
SACACA,consulta externa,repetidas en menores de 5 anos,2006-07-01,4,4,4,4,8
SAIPINA,consulta externa,repetidas en menores de 5 anos,2006-07-01,22,18,22,18,40
SALINAS DE GARCI MENDOZA,consulta externa,repetidas en menores de 5 anos,2006-07-01,2,7,2,7,9
SAMAIPATA,consulta externa,repetidas en menores de 5 anos,2006-07-01,4,2,4,2,6
SAN AGUSTIN,consulta externa,repetidas en menores de 5 anos,2006-07-01,4,2,4,2,6
SAN ANDRES,consulta externa,repetidas en menores de 5 anos,2006-07-01,18,15,18,15,33
SAN ANTONIO DE LOMERIO,consulta externa,repetidas en menores de 5 anos,2006-07-01,10,10,10,10,20
SAN BENITO,consulta externa,repetidas en menores de 5 anos,2006-07-01,20,24,20,24,44
SAN BORJA,consulta externa,repetidas en menores de 5 anos,2006-07-01,107,79,107,79,186
SAN BUENA VENTURA,consulta externa,repetidas en menores de 5 anos,2006-07-01,2,1,2,1,3
SAN CARLOS,consulta externa,repetidas en menores de 5 anos,2006-07-01,10,20,10,20,30
SAN IGNACIO,consulta externa,repetidas en menores de 5 anos,2006-07-01,42,38,42,38,80
SAN IGNACIO DE VELASCO,consulta externa,repetidas en menores de 5 anos,2006-07-01,66,56,66,56,122
SAN JAVIER(BNI),consulta externa,repetidas en menores de 5 anos,2006-07-01,10,6,10,6,16
SAN JAVIER(STC),consulta externa,repetidas en menores de 5 anos,2006-07-01,9,12,9,12,21
SAN JOAQUIN,consulta externa,repetidas en menores de 5 anos,2006-07-01,9,6,9,6,15
SAN JOSE DE CHIQUITOS,consulta externa,repetidas en menores de 5 anos,2006-07-01,6,8,6,8,14
SAN JUAN DE YAPACANI,consulta externa,repetidas en menores de 5 anos,2006-07-01,42,27,42,27,69
SAN JULIAN,consulta externa,repetidas en menores de 5 anos,2006-07-01,34,31,34,31,65
SAN LORENZO(PND),consulta externa,repetidas en menores de 5 anos,2006-07-01,2,1,2,1,3
SAN LORENZO(TJA),consulta externa,repetidas en menores de 5 anos,2006-07-01,82,55,82,55,137
SAN LUCAS,consulta externa,repetidas en menores de 5 anos,2006-07-01,15,18,15,18,33
SAN MATIAS,consulta externa,repetidas en menores de 5 anos,2006-07-01,11,4,11,4,15
SAN MIGUEL DE VELASCO,consulta externa,repetidas en menores de 5 anos,2006-07-01,45,42,45,42,87
SAN PABLO DE LIPEZ,consulta externa,repetidas en menores de 5 anos,2006-07-01,3,2,3,2,5
SAN PEDRO,consulta externa,repetidas en menores de 5 anos,2006-07-01,49,55,49,55,104
SAN PEDRO DE TIQUINA,consulta externa,repetidas en menores de 5 anos,2006-07-01,0,4,0,4,4
SAN PEDRO(PND),consulta externa,repetidas en menores de 5 anos,2006-07-01,2,0,2,0,2
SAN RAFAEL,consulta externa,repetidas en menores de 5 anos,2006-07-01,16,11,16,11,27
SAN RAMON,consulta externa,repetidas en menores de 5 anos,2006-07-01,17,19,17,19,36
SAN RAMON,consulta externa,repetidas en menores de 5 anos,2006-07-01,41,33,41,33,74
SANTA ANA,consulta externa,repetidas en menores de 5 anos,2006-07-01,18,6,18,6,24
SANTA CRUZ DE LA SIERRA,consulta externa,repetidas en menores de 5 anos,2006-07-01,3344,3506,3344,3506,6850
SANTA ROSA,consulta externa,repetidas en menores de 5 anos,2006-07-01,17,27,17,27,44
SANTA ROSA DEL SARA,consulta externa,repetidas en menores de 5 anos,2006-07-01,9,9,9,9,18
SANTIAGO DE HUARI,consulta externa,repetidas en menores de 5 anos,2006-07-01,15,9,15,9,24
SANTIAGO DE MACHACA,consulta externa,repetidas en menores de 5 anos,2006-07-01,1,0,1,0,1
SANTIVAÑES,consulta externa,repetidas en menores de 5 anos,2006-07-01,5,1,5,1,6
SENA,consulta externa,repetidas en menores de 5 anos,2006-07-01,0,1,0,1,1
SICA SICA (VILLA AROMA),consulta externa,repetidas en menores de 5 anos,2006-07-01,7,10,7,10,17
SIPE SIPE,consulta externa,repetidas en menores de 5 anos,2006-07-01,82,99,82,99,181
SOPACHUY,consulta externa,repetidas en menores de 5 anos,2006-07-01,16,11,16,11,27
SORACACHI,consulta externa,repetidas en menores de 5 anos,2006-07-01,4,2,4,2,6
SORATA,consulta externa,repetidas en menores de 5 anos,2006-07-01,0,2,0,2,2
SUCRE,consulta externa,repetidas en menores de 5 anos,2006-07-01,879,855,879,855,1734
TACACHI,consulta externa,repetidas en menores de 5 anos,2006-07-01,4,7,4,7,11
TACACOMA,consulta externa,repetidas en menores de 5 anos,2006-07-01,1,2,1,2,3
TACOBAMBA,consulta externa,repetidas en menores de 5 anos,2006-07-01,0,1,0,1,1
TACOPAYA,consulta externa,repetidas en menores de 5 anos,2006-07-01,5,8,5,8,13
TAPACARI,consulta externa,repetidas en menores de 5 anos,2006-07-01,41,21,41,21,62
TARABUCO,consulta externa,repetidas en menores de 5 anos,2006-07-01,166,174,166,174,340
TARATA,consulta externa,repetidas en menores de 5 anos,2006-07-01,15,9,15,9,24
TARIJA,consulta externa,repetidas en menores de 5 anos,2006-07-01,496,457,496,457,953
TARVITA,consulta externa,repetidas en menores de 5 anos,2006-07-01,30,42,30,42,72
TEOPONTE,consulta externa,repetidas en menores de 5 anos,2006-07-01,1,3,1,3,4
TINGUIPAYA,consulta externa,repetidas en menores de 5 anos,2006-07-01,12,6,12,6,18
TIPUANI,consulta externa,repetidas en menores de 5 anos,2006-07-01,5,2,5,2,7
TIQUIPAYA,consulta externa,repetidas en menores de 5 anos,2006-07-01,249,250,249,250,499
TIRAQUE (CBBA),consulta externa,repetidas en menores de 5 anos,2006-07-01,147,133,147,133,280
TITO YUPANQUI (PARQUIPUJIO),consulta externa,repetidas en menores de 5 anos,2006-07-01,1,1,1,1,2
TOCO,consulta externa,repetidas en menores de 5 anos,2006-07-01,32,25,32,25,57
TOLATA,consulta externa,repetidas en menores de 5 anos,2006-07-01,1,0,1,0,1
TOLEDO,consulta externa,repetidas en menores de 5 anos,2006-07-01,34,25,34,25,59
TOMAVE,consulta externa,repetidas en menores de 5 anos,2006-07-01,3,5,3,5,8
TOMINA,consulta externa,repetidas en menores de 5 anos,2006-07-01,9,27,9,27,36
TORO TORO,consulta externa,repetidas en menores de 5 anos,2006-07-01,4,3,4,3,7
TOTORA(CBBA),consulta externa,repetidas en menores de 5 anos,2006-07-01,119,107,119,107,226
TOTORA(ORR),consulta externa,repetidas en menores de 5 anos,2006-07-01,21,36,21,36,57
TRIGAL,consulta externa,repetidas en menores de 5 anos,2006-07-01,1,4,1,4,5
TRINIDAD,consulta externa,repetidas en menores de 5 anos,2006-07-01,401,360,401,360,761
TUPIZA,consulta externa,repetidas en menores de 5 anos,2006-07-01,56,75,56,75,131
TURCO,consulta externa,repetidas en menores de 5 anos,2006-07-01,0,1,0,1,1
UNCIA,consulta externa,repetidas en menores de 5 anos,2006-07-01,29,34,29,34,63
URIONDO (A. CONCEPCION),consulta externa,repetidas en menores de 5 anos,2006-07-01,71,71,71,71,142
URUBICHA,consulta externa,repetidas en menores de 5 anos,2006-07-01,3,6,3,6,9
UYUNI,consulta externa,repetidas en menores de 5 anos,2006-07-01,6,9,6,9,15
VACAS,consulta externa,repetidas en menores de 5 anos,2006-07-01,29,10,29,10,39
VALLEGRANDE,consulta externa,repetidas en menores de 5 anos,2006-07-01,47,37,47,37,84
VIACHA,consulta externa,repetidas en menores de 5 anos,2006-07-01,56,55,56,55,111
VILA VILA,consulta externa,repetidas en menores de 5 anos,2006-07-01,2,0,2,0,2
VILLA MONTES,consulta externa,repetidas en menores de 5 anos,2006-07-01,25,11,25,11,36
VILLA RIVERO,consulta externa,repetidas en menores de 5 anos,2006-07-01,14,2,14,2,16
VILLA SERRANO,consulta externa,repetidas en menores de 5 anos,2006-07-01,31,33,31,33,64
VILLA TUNARI,consulta externa,repetidas en menores de 5 anos,2006-07-01,88,103,88,103,191
VILLA VACA GUZMAN (MUYUPAMPA),consulta externa,repetidas en menores de 5 anos,2006-07-01,9,8,9,8,17
VILLAZON,consulta externa,repetidas en menores de 5 anos,2006-07-01,35,30,35,30,65
VINTO,consulta externa,repetidas en menores de 5 anos,2006-07-01,216,175,216,175,391
VITICHI,consulta externa,repetidas en menores de 5 anos,2006-07-01,3,3,3,3,6
WALDO BALLIVIAN,consulta externa,repetidas en menores de 5 anos,2006-07-01,1,0,1,0,1
WARNES,consulta externa,repetidas en menores de 5 anos,2006-07-01,146,135,146,135,281
YACO,consulta externa,repetidas en menores de 5 anos,2006-07-01,4,3,4,3,7
YACUIBA,consulta externa,repetidas en menores de 5 anos,2006-07-01,125,126,125,126,251
YAMPARAEZ,consulta externa,repetidas en menores de 5 anos,2006-07-01,15,11,15,11,26
YANACACHI,consulta externa,repetidas en menores de 5 anos,2006-07-01,3,0,3,0,3
YAPACANI,consulta externa,repetidas en menores de 5 anos,2006-07-01,78,106,78,106,184
YOCALLA,consulta externa,repetidas en menores de 5 anos,2006-07-01,10,4,10,4,14
YOTALA,consulta externa,repetidas en menores de 5 anos,2006-07-01,21,21,21,21,42
YUNCHARA,consulta externa,repetidas en menores de 5 anos,2006-07-01,17,19,17,19,36
ZUDAÑEZ,consulta externa,repetidas en menores de 5 anos,2006-07-01,4,1,4,1,5
ACACIO,consulta externa,repetidas en menores de 5 anos,2006-08-01,2,1,2,1,3
ACHACACHI,consulta externa,repetidas en menores de 5 anos,2006-08-01,12,15,12,15,27
ACHOCALLA,consulta externa,repetidas en menores de 5 anos,2006-08-01,2,1,2,1,3
AIQUILE,consulta externa,repetidas en menores de 5 anos,2006-08-01,31,34,31,34,65
ALCALA,consulta externa,repetidas en menores de 5 anos,2006-08-01,1,2,1,2,3
ANCORAIMES,consulta externa,repetidas en menores de 5 anos,2006-08-01,5,1,5,1,6
ANDAMARCA,consulta externa,repetidas en menores de 5 anos,2006-08-01,4,4,4,4,8
ANTEQUERA,consulta externa,repetidas en menores de 5 anos,2006-08-01,19,20,19,20,39
ANZALDO,consulta externa,repetidas en menores de 5 anos,2006-08-01,25,24,25,24,49
APOLO,consulta externa,repetidas en menores de 5 anos,2006-08-01,11,10,11,10,21
ARAMPAMPA,consulta externa,repetidas en menores de 5 anos,2006-08-01,4,2,4,2,6
ARANI,consulta externa,repetidas en menores de 5 anos,2006-08-01,49,39,49,39,88
ARBIETO,consulta externa,repetidas en menores de 5 anos,2006-08-01,10,14,10,14,24
ARQUE,consulta externa,repetidas en menores de 5 anos,2006-08-01,19,28,19,28,47
ASCENCION DE GUARAYOS,consulta externa,repetidas en menores de 5 anos,2006-08-01,45,45,45,45,90
ATOCHA,consulta externa,repetidas en menores de 5 anos,2006-08-01,26,24,26,24,50
AUCAPATA,consulta externa,repetidas en menores de 5 anos,2006-08-01,14,8,14,8,22
AYATA,consulta externa,repetidas en menores de 5 anos,2006-08-01,3,9,3,9,12
AYO AYO,consulta externa,repetidas en menores de 5 anos,2006-08-01,4,8,4,8,12
AYOPAYA (V. DE INDEPENDENCIA),consulta externa,repetidas en menores de 5 anos,2006-08-01,29,37,29,37,66
AZURDUY,consulta externa,repetidas en menores de 5 anos,2006-08-01,4,6,4,6,10
BATALLAS,consulta externa,repetidas en menores de 5 anos,2006-08-01,13,13,13,13,26
BAURES,consulta externa,repetidas en menores de 5 anos,2006-08-01,15,8,15,8,23
BELEN DE ANDAMARCA,consulta externa,repetidas en menores de 5 anos,2006-08-01,2,4,2,4,6
BELEN DE URMIRI,consulta externa,repetidas en menores de 5 anos,2006-08-01,1,0,1,0,1
BELLA FLOR,consulta externa,repetidas en menores de 5 anos,2006-08-01,2,2,2,2,4
BERMEJO,consulta externa,repetidas en menores de 5 anos,2006-08-01,34,39,34,39,73
BETANZOS,consulta externa,repetidas en menores de 5 anos,2006-08-01,19,9,19,9,28
BOLIVAR,consulta externa,repetidas en menores de 5 anos,2006-08-01,6,3,6,3,9
BOYUIBE,consulta externa,repetidas en menores de 5 anos,2006-08-01,3,16,3,16,19
BUENA VISTA,consulta externa,repetidas en menores de 5 anos,2006-08-01,68,40,68,40,108
CABEZAS,consulta externa,repetidas en menores de 5 anos,2006-08-01,46,23,46,23,69
CAIROMA,consulta externa,repetidas en menores de 5 anos,2006-08-01,1,4,1,4,5
"CAIZA ""D""",consulta externa,repetidas en menores de 5 anos,2006-08-01,5,3,5,3,8
CAJUATA,consulta externa,repetidas en menores de 5 anos,2006-08-01,6,3,6,3,9
CALAMARCA,consulta externa,repetidas en menores de 5 anos,2006-08-01,5,12,5,12,17
CAMARGO,consulta externa,repetidas en menores de 5 anos,2006-08-01,9,16,9,16,25
CAMATAQUI (C. VILLA ABECIA),consulta externa,repetidas en menores de 5 anos,2006-08-01,5,0,5,0,5
CAMIRI,consulta externa,repetidas en menores de 5 anos,2006-08-01,88,94,88,94,182
CAPINOTA,consulta externa,repetidas en menores de 5 anos,2006-08-01,59,83,59,83,142
CAQUIAVIRI,consulta externa,repetidas en menores de 5 anos,2006-08-01,7,2,7,2,9
CARACOLLO,consulta externa,repetidas en menores de 5 anos,2006-08-01,19,11,19,11,30
CARANAVI,consulta externa,repetidas en menores de 5 anos,2006-08-01,26,12,26,12,38
CARANGAS,consulta externa,repetidas en menores de 5 anos,2006-08-01,1,1,1,1,2
CARAPARI,consulta externa,repetidas en menores de 5 anos,2006-08-01,7,7,7,7,14
CARIPUYO,consulta externa,repetidas en menores de 5 anos,2006-08-01,4,0,4,0,4
CARMEN RIVERO TORREZ,consulta externa,repetidas en menores de 5 anos,2006-08-01,0,1,0,1,1
CHALLAPATA,consulta externa,repetidas en menores de 5 anos,2006-08-01,48,36,48,36,84
CHAQUI,consulta externa,repetidas en menores de 5 anos,2006-08-01,1,2,1,2,3
CHARAGUA,consulta externa,repetidas en menores de 5 anos,2006-08-01,10,72,10,72,82
CHARAÑA,consulta externa,repetidas en menores de 5 anos,2006-08-01,2,0,2,0,2
CHAYANTA,consulta externa,repetidas en menores de 5 anos,2006-08-01,18,5,18,5,23
CHIMORE,consulta externa,repetidas en menores de 5 anos,2006-08-01,18,17,18,17,35
CHIPAYA,consulta externa,repetidas en menores de 5 anos,2006-08-01,2,0,2,0,2
CHOQUE COTA,consulta externa,repetidas en menores de 5 anos,2006-08-01,0,2,0,2,2
CHULUMANI (V. DE LA LIBERTAD),consulta externa,repetidas en menores de 5 anos,2006-08-01,15,28,15,28,43
CHUMA,consulta externa,repetidas en menores de 5 anos,2006-08-01,3,2,3,2,5
CLIZA,consulta externa,repetidas en menores de 5 anos,2006-08-01,119,70,119,70,189
COBIJA,consulta externa,repetidas en menores de 5 anos,2006-08-01,99,90,99,90,189
COCHABAMBA,consulta externa,repetidas en menores de 5 anos,2006-08-01,3467,3431,3467,3431,6898
COLCAPIRHUA,consulta externa,repetidas en menores de 5 anos,2006-08-01,129,116,129,116,245
"COLCHA ""K""",consulta externa,repetidas en menores de 5 anos,2006-08-01,9,6,9,6,15
COLLANA,consulta externa,repetidas en menores de 5 anos,2006-08-01,1,0,1,0,1
COLOMI,consulta externa,repetidas en menores de 5 anos,2006-08-01,63,47,63,47,110
COLPA BELGICA,consulta externa,repetidas en menores de 5 anos,2006-08-01,30,12,30,12,42
COLQUECHACA,consulta externa,repetidas en menores de 5 anos,2006-08-01,2,0,2,0,2
COLQUENCHA,consulta externa,repetidas en menores de 5 anos,2006-08-01,5,1,5,1,6
COLQUIRI,consulta externa,repetidas en menores de 5 anos,2006-08-01,23,25,23,25,48
COMARAPA,consulta externa,repetidas en menores de 5 anos,2006-08-01,18,31,18,31,49
CONCEPCION,consulta externa,repetidas en menores de 5 anos,2006-08-01,17,116,17,116,133
CORIPATA,consulta externa,repetidas en menores de 5 anos,2006-08-01,23,19,23,19,42
CORO CORO,consulta externa,repetidas en menores de 5 anos,2006-08-01,8,3,8,3,11
COROICO,consulta externa,repetidas en menores de 5 anos,2006-08-01,39,35,39,35,74
CORQUE,consulta externa,repetidas en menores de 5 anos,2006-08-01,31,30,31,30,61
COTAGAITA,consulta externa,repetidas en menores de 5 anos,2006-08-01,19,13,19,13,32
COTOCA,consulta externa,repetidas en menores de 5 anos,2006-08-01,39,47,39,47,86
CUATRO CAÑADAS,consulta externa,repetidas en menores de 5 anos,2006-08-01,41,24,41,24,65
CUCHUMUELA (V. G. VILLARROEL),consulta externa,repetidas en menores de 5 anos,2006-08-01,6,6,6,6,12
CUEVO,consulta externa,repetidas en menores de 5 anos,2006-08-01,9,9,9,9,18
CULPINA,consulta externa,repetidas en menores de 5 anos,2006-08-01,8,8,8,8,16
CURAHUARA DE CARANGAS,consulta externa,repetidas en menores de 5 anos,2006-08-01,2,4,2,4,6
CURVA,consulta externa,repetidas en menores de 5 anos,2006-08-01,3,3,3,3,6
DESAGUADERO,consulta externa,repetidas en menores de 5 anos,2006-08-01,3,1,3,1,4
EL ALTO,consulta externa,repetidas en menores de 5 anos,2006-08-01,1779,1792,1779,1792,3571
EL CHORO,consulta externa,repetidas en menores de 5 anos,2006-08-01,3,0,3,0,3
EL PUENTE(STC),consulta externa,repetidas en menores de 5 anos,2006-08-01,7,10,7,10,17
EL PUENTE(TJA),consulta externa,repetidas en menores de 5 anos,2006-08-01,32,34,32,34,66
EL TORNO,consulta externa,repetidas en menores de 5 anos,2006-08-01,56,55,56,55,111
EL VILLAR,consulta externa,repetidas en menores de 5 anos,2006-08-01,4,7,4,7,11
ENTRE RIOS,consulta externa,repetidas en menores de 5 anos,2006-08-01,7,11,7,11,18
ENTRE RIOS,consulta externa,repetidas en menores de 5 anos,2006-08-01,62,42,62,42,104
EUCALIPTUS,consulta externa,repetidas en menores de 5 anos,2006-08-01,10,3,10,3,13
EXALTACION,consulta externa,repetidas en menores de 5 anos,2006-08-01,13,4,13,4,17
FERNANDEZ ALONSO,consulta externa,repetidas en menores de 5 anos,2006-08-01,28,29,28,29,57
FILADELFIA,consulta externa,repetidas en menores de 5 anos,2006-08-01,14,15,14,15,29
GENERAL SAAVEDRA,consulta externa,repetidas en menores de 5 anos,2006-08-01,36,49,36,49,85
GRAL. J.J. PEREZ (CHARAZANI),consulta externa,repetidas en menores de 5 anos,2006-08-01,2,1,2,1,3
GUANAY,consulta externa,repetidas en menores de 5 anos,2006-08-01,7,5,7,5,12
GUAQUI,consulta externa,repetidas en menores de 5 anos,2006-08-01,0,2,0,2,2
GUAYARAMERIN,consulta externa,repetidas en menores de 5 anos,2006-08-01,136,118,136,118,254
GUTIERREZ,consulta externa,repetidas en menores de 5 anos,2006-08-01,43,61,43,61,104
HUACARETA,consulta externa,repetidas en menores de 5 anos,2006-08-01,21,11,21,11,32
HUACHACALLA,consulta externa,repetidas en menores de 5 anos,2006-08-01,1,2,1,2,3
HUANUNI,consulta externa,repetidas en menores de 5 anos,2006-08-01,154,180,154,180,334
HUARACAJE,consulta externa,repetidas en menores de 5 anos,2006-08-01,19,18,19,18,37
HUAYLLAMARCA,consulta externa,repetidas en menores de 5 anos,2006-08-01,0,3,0,3,3
ICHOCA,consulta externa,repetidas en menores de 5 anos,2006-08-01,1,0,1,0,1
ICLA,consulta externa,repetidas en menores de 5 anos,2006-08-01,8,4,8,4,12
INCAHUASI,consulta externa,repetidas en menores de 5 anos,2006-08-01,6,7,6,7,13
INGAVI (HUMAITA),consulta externa,repetidas en menores de 5 anos,2006-08-01,8,6,8,6,14
INQUISIVI,consulta externa,repetidas en menores de 5 anos,2006-08-01,3,5,3,5,8
IRUPANA (VILLA DE LANZA),consulta externa,repetidas en menores de 5 anos,2006-08-01,7,7,7,7,14
IXIAMAS,consulta externa,repetidas en menores de 5 anos,2006-08-01,14,17,14,17,31
JESUS DE MACHACA,consulta externa,repetidas en menores de 5 anos,2006-08-01,0,2,0,2,2
LA ASUNTA,consulta externa,repetidas en menores de 5 anos,2006-08-01,23,15,23,15,38
LA GUARDIA,consulta externa,repetidas en menores de 5 anos,2006-08-01,82,78,82,78,160
LA PAZ,consulta externa,repetidas en menores de 5 anos,2006-08-01,3235,3300,3235,3300,6535
LAGUNILLAS,consulta externa,repetidas en menores de 5 anos,2006-08-01,7,5,7,5,12
LAJA,consulta externa,repetidas en menores de 5 anos,2006-08-01,4,1,4,1,5
LAS CARRERAS,consulta externa,repetidas en menores de 5 anos,2006-08-01,2,5,2,5,7
LICOMA PAMPA,consulta externa,repetidas en menores de 5 anos,2006-08-01,2,1,2,1,3
LLALLAGUA,consulta externa,repetidas en menores de 5 anos,2006-08-01,28,20,28,20,48
LORETO,consulta externa,repetidas en menores de 5 anos,2006-08-01,19,22,19,22,41
LURIBAY,consulta externa,repetidas en menores de 5 anos,2006-08-01,3,1,3,1,4
MACHACAMARCA,consulta externa,repetidas en menores de 5 anos,2006-08-01,1,2,1,2,3
MACHARETI,consulta externa,repetidas en menores de 5 anos,2006-08-01,12,16,12,16,28
MAGDALENA,consulta externa,repetidas en menores de 5 anos,2006-08-01,62,53,62,53,115
MAIRANA,consulta externa,repetidas en menores de 5 anos,2006-08-01,2,0,2,0,2
MALLA,consulta externa,repetidas en menores de 5 anos,2006-08-01,5,5,5,5,10
MAPIRI,consulta externa,repetidas en menores de 5 anos,2006-08-01,2,2,2,2,4
MECAPACA,consulta externa,repetidas en menores de 5 anos,2006-08-01,13,7,13,7,20
MINEROS,consulta externa,repetidas en menores de 5 anos,2006-08-01,8,12,8,12,20
MIZQUE,consulta externa,repetidas en menores de 5 anos,2006-08-01,17,19,17,19,36
MOCOMOCO,consulta externa,repetidas en menores de 5 anos,2006-08-01,10,3,10,3,13
MOJINETE,consulta externa,repetidas en menores de 5 anos,2006-08-01,1,3,1,3,4
MOJOCOYA,consulta externa,repetidas en menores de 5 anos,2006-08-01,12,5,12,5,17
MONTEAGUDO,consulta externa,repetidas en menores de 5 anos,2006-08-01,63,58,63,58,121
MONTERO,consulta externa,repetidas en menores de 5 anos,2006-08-01,507,472,507,472,979
MORO MORO,consulta externa,repetidas en menores de 5 anos,2006-08-01,2,0,2,0,2
MOROCHATA,consulta externa,repetidas en menores de 5 anos,2006-08-01,66,67,66,67,133
NACEBE (SANTA ROSA DEL ABUNA),consulta externa,repetidas en menores de 5 anos,2006-08-01,18,16,18,16,34
NUEVO MANOA (NUEVA ESPERANZA),consulta externa,repetidas en menores de 5 anos,2006-08-01,1,0,1,0,1
OCURI,consulta externa,repetidas en menores de 5 anos,2006-08-01,4,3,4,3,7
OKINAWA,consulta externa,repetidas en menores de 5 anos,2006-08-01,2,4,2,4,6
OMEREQUE,consulta externa,repetidas en menores de 5 anos,2006-08-01,13,9,13,9,22
ORURO,consulta externa,repetidas en menores de 5 anos,2006-08-01,571,552,571,552,1123
PADCAYA,consulta externa,repetidas en menores de 5 anos,2006-08-01,17,13,17,13,30
PADILLA,consulta externa,repetidas en menores de 5 anos,2006-08-01,2,4,2,4,6
PAILON,consulta externa,repetidas en menores de 5 anos,2006-08-01,21,25,21,25,46
PALCA,consulta externa,repetidas en menores de 5 anos,2006-08-01,4,2,4,2,6
PALOS BLANCOS,consulta externa,repetidas en menores de 5 anos,2006-08-01,28,24,28,24,52
PAMPA GRANDE,consulta externa,repetidas en menores de 5 anos,2006-08-01,4,2,4,2,6
PAPEL PAMPA,consulta externa,repetidas en menores de 5 anos,2006-08-01,0,2,0,2,2
PASORAPA,consulta externa,repetidas en menores de 5 anos,2006-08-01,0,1,0,1,1
PATACAMAYA,consulta externa,repetidas en menores de 5 anos,2006-08-01,16,16,16,16,32
PAZÑA,consulta externa,repetidas en menores de 5 anos,2006-08-01,4,5,4,5,9
PELECHUCO,consulta externa,repetidas en menores de 5 anos,2006-08-01,6,6,6,6,12
POCOATA,consulta externa,repetidas en menores de 5 anos,2006-08-01,15,15,15,15,30
POCONA,consulta externa,repetidas en menores de 5 anos,2006-08-01,3,3,3,3,6
POJO (CBBA),consulta externa,repetidas en menores de 5 anos,2006-08-01,11,5,11,5,16
POOPO,consulta externa,repetidas en menores de 5 anos,2006-08-01,1,1,1,1,2
PORCO,consulta externa,repetidas en menores de 5 anos,2006-08-01,8,8,8,8,16
POROMA,consulta externa,repetidas en menores de 5 anos,2006-08-01,0,3,0,3,3
PORONGO,consulta externa,repetidas en menores de 5 anos,2006-08-01,23,14,23,14,37
PORTACHUELO,consulta externa,repetidas en menores de 5 anos,2006-08-01,72,58,72,58,130
PORVENIR,consulta externa,repetidas en menores de 5 anos,2006-08-01,7,6,7,6,13
POSTRER VALLE,consulta externa,repetidas en menores de 5 anos,2006-08-01,6,1,6,1,7
POTOSI,consulta externa,repetidas en menores de 5 anos,2006-08-01,460,271,460,271,731
PRESTO,consulta externa,repetidas en menores de 5 anos,2006-08-01,1,0,1,0,1
PUCARA,consulta externa,repetidas en menores de 5 anos,2006-08-01,4,3,4,3,7
PUCARANI,consulta externa,repetidas en menores de 5 anos,2006-08-01,21,14,21,14,35
PUERTO ACOSTA,consulta externa,repetidas en menores de 5 anos,2006-08-01,1,4,1,4,5
PUERTO CARABUCO,consulta externa,repetidas en menores de 5 anos,2006-08-01,1,6,1,6,7
PUERTO GONZALO MORENO,consulta externa,repetidas en menores de 5 anos,2006-08-01,10,7,10,7,17
PUERTO PEREZ,consulta externa,repetidas en menores de 5 anos,2006-08-01,5,5,5,5,10
PUERTO QUIJARRO,consulta externa,repetidas en menores de 5 anos,2006-08-01,13,15,13,15,28
PUERTO RICO,consulta externa,repetidas en menores de 5 anos,2006-08-01,7,10,7,10,17
PUERTO SILES,consulta externa,repetidas en menores de 5 anos,2006-08-01,0,1,0,1,1
PUERTO SUAREZ,consulta externa,repetidas en menores de 5 anos,2006-08-01,31,53,31,53,84
PUERTO VILLARROEL,consulta externa,repetidas en menores de 5 anos,2006-08-01,85,69,85,69,154
PUNA,consulta externa,repetidas en menores de 5 anos,2006-08-01,14,18,14,18,32
PUNATA,consulta externa,repetidas en menores de 5 anos,2006-08-01,115,121,115,121,236
QUIABAYA,consulta externa,repetidas en menores de 5 anos,2006-08-01,1,0,1,0,1
QUILLACOLLO,consulta externa,repetidas en menores de 5 anos,2006-08-01,266,261,266,261,527
QUIRUSILLAS,consulta externa,repetidas en menores de 5 anos,2006-08-01,8,2,8,2,10
RAVELO,consulta externa,repetidas en menores de 5 anos,2006-08-01,0,4,0,4,4
REYES,consulta externa,repetidas en menores de 5 anos,2006-08-01,8,6,8,6,14
RIBERALTA,consulta externa,repetidas en menores de 5 anos,2006-08-01,222,245,222,245,467
ROBORE,consulta externa,repetidas en menores de 5 anos,2006-08-01,16,8,16,8,24
RURRENABAQUE,consulta externa,repetidas en menores de 5 anos,2006-08-01,53,51,53,51,104
SABAYA,consulta externa,repetidas en menores de 5 anos,2006-08-01,2,2,2,2,4
SACABA,consulta externa,repetidas en menores de 5 anos,2006-08-01,275,220,275,220,495
SACABAMBA,consulta externa,repetidas en menores de 5 anos,2006-08-01,11,8,11,8,19
SACACA,consulta externa,repetidas en menores de 5 anos,2006-08-01,8,2,8,2,10
SAIPINA,consulta externa,repetidas en menores de 5 anos,2006-08-01,2,1,2,1,3
SALINAS DE GARCI MENDOZA,consulta externa,repetidas en menores de 5 anos,2006-08-01,5,2,5,2,7
SAMAIPATA,consulta externa,repetidas en menores de 5 anos,2006-08-01,5,1,5,1,6
SAN AGUSTIN,consulta externa,repetidas en menores de 5 anos,2006-08-01,3,4,3,4,7
SAN ANDRES,consulta externa,repetidas en menores de 5 anos,2006-08-01,32,19,32,19,51
SAN ANDRES DE MACHACA,consulta externa,repetidas en menores de 5 anos,2006-08-01,1,1,1,1,2
SAN ANTONIO DE ESMORUCO,consulta externa,repetidas en menores de 5 anos,2006-08-01,8,1,8,1,9
SAN ANTONIO DE LOMERIO,consulta externa,repetidas en menores de 5 anos,2006-08-01,8,5,8,5,13
SAN BENITO,consulta externa,repetidas en menores de 5 anos,2006-08-01,20,17,20,17,37
SAN BORJA,consulta externa,repetidas en menores de 5 anos,2006-08-01,122,81,122,81,203
SAN BUENA VENTURA,consulta externa,repetidas en menores de 5 anos,2006-08-01,4,18,4,18,22
SAN CARLOS,consulta externa,repetidas en menores de 5 anos,2006-08-01,26,15,26,15,41
SAN IGNACIO,consulta externa,repetidas en menores de 5 anos,2006-08-01,51,36,51,36,87
SAN IGNACIO DE VELASCO,consulta externa,repetidas en menores de 5 anos,2006-08-01,78,60,78,60,138
SAN JAVIER(BNI),consulta externa,repetidas en menores de 5 anos,2006-08-01,1,3,1,3,4
SAN JAVIER(STC),consulta externa,repetidas en menores de 5 anos,2006-08-01,6,13,6,13,19
SAN JOAQUIN,consulta externa,repetidas en menores de 5 anos,2006-08-01,2,2,2,2,4
SAN JOSE DE CHIQUITOS,consulta externa,repetidas en menores de 5 anos,2006-08-01,7,4,7,4,11
SAN JUAN DE YAPACANI,consulta externa,repetidas en menores de 5 anos,2006-08-01,75,69,75,69,144
SAN JULIAN,consulta externa,repetidas en menores de 5 anos,2006-08-01,52,43,52,43,95
SAN LORENZO(PND),consulta externa,repetidas en menores de 5 anos,2006-08-01,25,21,25,21,46
SAN LORENZO(TJA),consulta externa,repetidas en menores de 5 anos,2006-08-01,67,57,67,57,124
SAN LUCAS,consulta externa,repetidas en menores de 5 anos,2006-08-01,26,14,26,14,40
SAN MATIAS,consulta externa,repetidas en menores de 5 anos,2006-08-01,13,9,13,9,22
SAN MIGUEL DE VELASCO,consulta externa,repetidas en menores de 5 anos,2006-08-01,38,46,38,46,84
SAN PABLO DE LIPEZ,consulta externa,repetidas en menores de 5 anos,2006-08-01,5,3,5,3,8
SAN PEDRO,consulta externa,repetidas en menores de 5 anos,2006-08-01,52,59,52,59,111
SAN PEDRO DE BUENA VISTA,consulta externa,repetidas en menores de 5 anos,2006-08-01,0,1,0,1,1
SAN PEDRO DE CURAHUARA,consulta externa,repetidas en menores de 5 anos,2006-08-01,1,0,1,0,1
SAN PEDRO DE TIQUINA,consulta externa,repetidas en menores de 5 anos,2006-08-01,7,0,7,0,7
SAN PEDRO(PND),consulta externa,repetidas en menores de 5 anos,2006-08-01,7,8,7,8,15
SAN RAFAEL,consulta externa,repetidas en menores de 5 anos,2006-08-01,0,2,0,2,2
SAN RAMON,consulta externa,repetidas en menores de 5 anos,2006-08-01,34,32,34,32,66
SAN RAMON,consulta externa,repetidas en menores de 5 anos,2006-08-01,13,7,13,7,20
SANTA ANA,consulta externa,repetidas en menores de 5 anos,2006-08-01,16,7,16,7,23
SANTA CRUZ DE LA SIERRA,consulta externa,repetidas en menores de 5 anos,2006-08-01,3346,3663,3346,3663,7009
SANTA ROSA,consulta externa,repetidas en menores de 5 anos,2006-08-01,11,12,11,12,23
SANTA ROSA DEL SARA,consulta externa,repetidas en menores de 5 anos,2006-08-01,7,12,7,12,19
SANTIAGO DE CALLAPA,consulta externa,repetidas en menores de 5 anos,2006-08-01,1,1,1,1,2
SANTIAGO DE HUARI,consulta externa,repetidas en menores de 5 anos,2006-08-01,16,11,16,11,27
SANTIVAÑES,consulta externa,repetidas en menores de 5 anos,2006-08-01,6,5,6,5,11
SANTUARIO DE QUILLACAS,consulta externa,repetidas en menores de 5 anos,2006-08-01,2,1,2,1,3
SAPAHAQUI,consulta externa,repetidas en menores de 5 anos,2006-08-01,0,1,0,1,1
SENA,consulta externa,repetidas en menores de 5 anos,2006-08-01,6,5,6,5,11
SICA SICA (VILLA AROMA),consulta externa,repetidas en menores de 5 anos,2006-08-01,1,1,1,1,2
SICAYA,consulta externa,repetidas en menores de 5 anos,2006-08-01,10,14,10,14,24
SIPE SIPE,consulta externa,repetidas en menores de 5 anos,2006-08-01,126,138,126,138,264
SOPACHUY,consulta externa,repetidas en menores de 5 anos,2006-08-01,3,3,3,3,6
SORACACHI,consulta externa,repetidas en menores de 5 anos,2006-08-01,2,3,2,3,5
SORATA,consulta externa,repetidas en menores de 5 anos,2006-08-01,1,4,1,4,5
SUCRE,consulta externa,repetidas en menores de 5 anos,2006-08-01,859,828,859,828,1687
TACACHI,consulta externa,repetidas en menores de 5 anos,2006-08-01,10,8,10,8,18
TACOBAMBA,consulta externa,repetidas en menores de 5 anos,2006-08-01,1,4,1,4,5
TAHUA,consulta externa,repetidas en menores de 5 anos,2006-08-01,1,0,1,0,1
TAPACARI,consulta externa,repetidas en menores de 5 anos,2006-08-01,25,12,25,12,37
TARABUCO,consulta externa,repetidas en menores de 5 anos,2006-08-01,245,261,245,261,506
TARACO,consulta externa,repetidas en menores de 5 anos,2006-08-01,0,1,0,1,1
TARATA,consulta externa,repetidas en menores de 5 anos,2006-08-01,12,12,12,12,24
TARIJA,consulta externa,repetidas en menores de 5 anos,2006-08-01,364,309,364,309,673
TARVITA,consulta externa,repetidas en menores de 5 anos,2006-08-01,27,35,27,35,62
TEOPONTE,consulta externa,repetidas en menores de 5 anos,2006-08-01,5,7,5,7,12
TIAWANACU,consulta externa,repetidas en menores de 5 anos,2006-08-01,8,2,8,2,10
TINGUIPAYA,consulta externa,repetidas en menores de 5 anos,2006-08-01,16,7,16,7,23
TIPUANI,consulta externa,repetidas en menores de 5 anos,2006-08-01,4,0,4,0,4
TIQUIPAYA,consulta externa,repetidas en menores de 5 anos,2006-08-01,221,193,221,193,414
TIRAQUE (CBBA),consulta externa,repetidas en menores de 5 anos,2006-08-01,205,213,205,213,418
TOCO,consulta externa,repetidas en menores de 5 anos,2006-08-01,9,8,9,8,17
TOLATA,consulta externa,repetidas en menores de 5 anos,2006-08-01,1,0,1,0,1
TOLEDO,consulta externa,repetidas en menores de 5 anos,2006-08-01,14,8,14,8,22
TOMAVE,consulta externa,repetidas en menores de 5 anos,2006-08-01,8,5,8,5,13
TOMINA,consulta externa,repetidas en menores de 5 anos,2006-08-01,10,8,10,8,18
TORO TORO,consulta externa,repetidas en menores de 5 anos,2006-08-01,11,8,11,8,19
TOTORA(CBBA),consulta externa,repetidas en menores de 5 anos,2006-08-01,41,41,41,41,82
TOTORA(ORR),consulta externa,repetidas en menores de 5 anos,2006-08-01,9,13,9,13,22
TRIGAL,consulta externa,repetidas en menores de 5 anos,2006-08-01,3,1,3,1,4
TRINIDAD,consulta externa,repetidas en menores de 5 anos,2006-08-01,444,367,444,367,811
TUPIZA,consulta externa,repetidas en menores de 5 anos,2006-08-01,73,97,73,97,170
TURCO,consulta externa,repetidas en menores de 5 anos,2006-08-01,2,0,2,0,2
UNCIA,consulta externa,repetidas en menores de 5 anos,2006-08-01,16,18,16,18,34
URIONDO (A. CONCEPCION),consulta externa,repetidas en menores de 5 anos,2006-08-01,68,55,68,55,123
URUBICHA,consulta externa,repetidas en menores de 5 anos,2006-08-01,1,2,1,2,3
UYUNI,consulta externa,repetidas en menores de 5 anos,2006-08-01,12,8,12,8,20
VACAS,consulta externa,repetidas en menores de 5 anos,2006-08-01,56,46,56,46,102
VALLEGRANDE,consulta externa,repetidas en menores de 5 anos,2006-08-01,23,23,23,23,46
VIACHA,consulta externa,repetidas en menores de 5 anos,2006-08-01,86,70,86,70,156
VILA VILA,consulta externa,repetidas en menores de 5 anos,2006-08-01,1,0,1,0,1
VILLA MONTES,consulta externa,repetidas en menores de 5 anos,2006-08-01,26,30,26,30,56
VILLA RIVERO,consulta externa,repetidas en menores de 5 anos,2006-08-01,2,1,2,1,3
VILLA SERRANO,consulta externa,repetidas en menores de 5 anos,2006-08-01,32,34,32,34,66
VILLA TUNARI,consulta externa,repetidas en menores de 5 anos,2006-08-01,117,95,117,95,212
VILLA VACA GUZMAN (MUYUPAMPA),consulta externa,repetidas en menores de 5 anos,2006-08-01,18,9,18,9,27
VILLAZON,consulta externa,repetidas en menores de 5 anos,2006-08-01,41,44,41,44,85
VINTO,consulta externa,repetidas en menores de 5 anos,2006-08-01,182,151,182,151,333
VITICHI,consulta externa,repetidas en menores de 5 anos,2006-08-01,5,8,5,8,13
WALDO BALLIVIAN,consulta externa,repetidas en menores de 5 anos,2006-08-01,3,0,3,0,3
WARNES,consulta externa,repetidas en menores de 5 anos,2006-08-01,156,156,156,156,312
YACO,consulta externa,repetidas en menores de 5 anos,2006-08-01,25,18,25,18,43
YACUIBA,consulta externa,repetidas en menores de 5 anos,2006-08-01,137,115,137,115,252
YAMPARAEZ,consulta externa,repetidas en menores de 5 anos,2006-08-01,11,8,11,8,19
YANACACHI,consulta externa,repetidas en menores de 5 anos,2006-08-01,5,1,5,1,6
YAPACANI,consulta externa,repetidas en menores de 5 anos,2006-08-01,41,47,41,47,88
YOCALLA,consulta externa,repetidas en menores de 5 anos,2006-08-01,11,10,11,10,21
YOTALA,consulta externa,repetidas en menores de 5 anos,2006-08-01,40,38,40,38,78
YUNCHARA,consulta externa,repetidas en menores de 5 anos,2006-08-01,51,32,51,32,83
ZUDAÑEZ,consulta externa,repetidas en menores de 5 anos,2006-08-01,16,7,16,7,23
ACACIO,consulta externa,repetidas en menores de 5 anos,2006-09-01,1,2,1,2,3
ACHACACHI,consulta externa,repetidas en menores de 5 anos,2006-09-01,14,7,14,7,21
ACHOCALLA,consulta externa,repetidas en menores de 5 anos,2006-09-01,0,2,0,2,2
AIQUILE,consulta externa,repetidas en menores de 5 anos,2006-09-01,95,109,95,109,204
ALCALA,consulta externa,repetidas en menores de 5 anos,2006-09-01,4,0,4,0,4
ANCORAIMES,consulta externa,repetidas en menores de 5 anos,2006-09-01,10,7,10,7,17
ANDAMARCA,consulta externa,repetidas en menores de 5 anos,2006-09-01,4,2,4,2,6
ANTEQUERA,consulta externa,repetidas en menores de 5 anos,2006-09-01,18,7,18,7,25
ANZALDO,consulta externa,repetidas en menores de 5 anos,2006-09-01,3,5,3,5,8
APOLO,consulta externa,repetidas en menores de 5 anos,2006-09-01,17,17,17,17,34
ARAMPAMPA,consulta externa,repetidas en menores de 5 anos,2006-09-01,0,1,0,1,1
ARANI,consulta externa,repetidas en menores de 5 anos,2006-09-01,18,22,18,22,40
ARBIETO,consulta externa,repetidas en menores de 5 anos,2006-09-01,10,14,10,14,24
ARQUE,consulta externa,repetidas en menores de 5 anos,2006-09-01,1,0,1,0,1
ASCENCION DE GUARAYOS,consulta externa,repetidas en menores de 5 anos,2006-09-01,49,48,49,48,97
ATOCHA,consulta externa,repetidas en menores de 5 anos,2006-09-01,39,35,39,35,74
AUCAPATA,consulta externa,repetidas en menores de 5 anos,2006-09-01,6,7,6,7,13
AYATA,consulta externa,repetidas en menores de 5 anos,2006-09-01,5,7,5,7,12
AYO AYO,consulta externa,repetidas en menores de 5 anos,2006-09-01,1,0,1,0,1
AYOPAYA (V. DE INDEPENDENCIA),consulta externa,repetidas en menores de 5 anos,2006-09-01,28,21,28,21,49
AZURDUY,consulta externa,repetidas en menores de 5 anos,2006-09-01,2,2,2,2,4
BATALLAS,consulta externa,repetidas en menores de 5 anos,2006-09-01,14,20,14,20,34
BAURES,consulta externa,repetidas en menores de 5 anos,2006-09-01,15,10,15,10,25
BELEN DE ANDAMARCA,consulta externa,repetidas en menores de 5 anos,2006-09-01,2,1,2,1,3
BELEN DE URMIRI,consulta externa,repetidas en menores de 5 anos,2006-09-01,3,2,3,2,5
BELLA FLOR,consulta externa,repetidas en menores de 5 anos,2006-09-01,9,12,9,12,21
BERMEJO,consulta externa,repetidas en menores de 5 anos,2006-09-01,38,49,38,49,87
BETANZOS,consulta externa,repetidas en menores de 5 anos,2006-09-01,23,30,23,30,53
BOLIVAR,consulta externa,repetidas en menores de 5 anos,2006-09-01,12,7,12,7,19
BOLPEBRA,consulta externa,repetidas en menores de 5 anos,2006-09-01,1,1,1,1,2
BOYUIBE,consulta externa,repetidas en menores de 5 anos,2006-09-01,2,4,2,4,6
BUENA VISTA,consulta externa,repetidas en menores de 5 anos,2006-09-01,76,52,76,52,128
CABEZAS,consulta externa,repetidas en menores de 5 anos,2006-09-01,26,26,26,26,52
CAIROMA,consulta externa,repetidas en menores de 5 anos,2006-09-01,28,12,28,12,40
"CAIZA ""D""",consulta externa,repetidas en menores de 5 anos,2006-09-01,2,10,2,10,12
CAJUATA,consulta externa,repetidas en menores de 5 anos,2006-09-01,3,1,3,1,4
CALACOTO,consulta externa,repetidas en menores de 5 anos,2006-09-01,4,1,4,1,5
CALAMARCA,consulta externa,repetidas en menores de 5 anos,2006-09-01,9,9,9,9,18
CAMARGO,consulta externa,repetidas en menores de 5 anos,2006-09-01,13,17,13,17,30
CAMATAQUI (C. VILLA ABECIA),consulta externa,repetidas en menores de 5 anos,2006-09-01,2,2,2,2,4
CAMIRI,consulta externa,repetidas en menores de 5 anos,2006-09-01,65,61,65,61,126
CAPINOTA,consulta externa,repetidas en menores de 5 anos,2006-09-01,119,174,119,174,293
CAQUIAVIRI,consulta externa,repetidas en menores de 5 anos,2006-09-01,6,0,6,0,6
CARACOLLO,consulta externa,repetidas en menores de 5 anos,2006-09-01,4,3,4,3,7
CARANAVI,consulta externa,repetidas en menores de 5 anos,2006-09-01,6,5,6,5,11
CARAPARI,consulta externa,repetidas en menores de 5 anos,2006-09-01,3,9,3,9,12
CARIPUYO,consulta externa,repetidas en menores de 5 anos,2006-09-01,3,1,3,1,4
CARMEN RIVERO TORREZ,consulta externa,repetidas en menores de 5 anos,2006-09-01,4,0,4,0,4
CHALLAPATA,consulta externa,repetidas en menores de 5 anos,2006-09-01,19,16,19,16,35
CHAQUI,consulta externa,repetidas en menores de 5 anos,2006-09-01,1,1,1,1,2
CHARAGUA,consulta externa,repetidas en menores de 5 anos,2006-09-01,16,24,16,24,40
CHARAÑA,consulta externa,repetidas en menores de 5 anos,2006-09-01,0,1,0,1,1
CHAYANTA,consulta externa,repetidas en menores de 5 anos,2006-09-01,6,5,6,5,11
CHIMORE,consulta externa,repetidas en menores de 5 anos,2006-09-01,17,29,17,29,46
CHIPAYA,consulta externa,repetidas en menores de 5 anos,2006-09-01,1,1,1,1,2
CHOQUE COTA,consulta externa,repetidas en menores de 5 anos,2006-09-01,1,1,1,1,2
CHULUMANI (V. DE LA LIBERTAD),consulta externa,repetidas en menores de 5 anos,2006-09-01,25,11,25,11,36
CHUMA,consulta externa,repetidas en menores de 5 anos,2006-09-01,2,4,2,4,6
CLIZA,consulta externa,repetidas en menores de 5 anos,2006-09-01,62,52,62,52,114
COBIJA,consulta externa,repetidas en menores de 5 anos,2006-09-01,102,104,102,104,206
COCHABAMBA,consulta externa,repetidas en menores de 5 anos,2006-09-01,3062,2988,3062,2988,6050
COLCAPIRHUA,consulta externa,repetidas en menores de 5 anos,2006-09-01,163,148,163,148,311
"COLCHA ""K""",consulta externa,repetidas en menores de 5 anos,2006-09-01,2,1,2,1,3
COLLANA,consulta externa,repetidas en menores de 5 anos,2006-09-01,1,1,1,1,2
COLOMI,consulta externa,repetidas en menores de 5 anos,2006-09-01,61,46,61,46,107
COLPA BELGICA,consulta externa,repetidas en menores de 5 anos,2006-09-01,30,25,30,25,55
COLQUECHACA,consulta externa,repetidas en menores de 5 anos,2006-09-01,5,4,5,4,9
COLQUENCHA,consulta externa,repetidas en menores de 5 anos,2006-09-01,2,4,2,4,6
COLQUIRI,consulta externa,repetidas en menores de 5 anos,2006-09-01,38,35,38,35,73
COMANCHE,consulta externa,repetidas en menores de 5 anos,2006-09-01,0,1,0,1,1
COMARAPA,consulta externa,repetidas en menores de 5 anos,2006-09-01,32,32,32,32,64
CONCEPCION,consulta externa,repetidas en menores de 5 anos,2006-09-01,0,2,0,2,2
COPACABANA,consulta externa,repetidas en menores de 5 anos,2006-09-01,1,0,1,0,1
CORIPATA,consulta externa,repetidas en menores de 5 anos,2006-09-01,16,17,16,17,33
CORO CORO,consulta externa,repetidas en menores de 5 anos,2006-09-01,1,1,1,1,2
COROICO,consulta externa,repetidas en menores de 5 anos,2006-09-01,26,37,26,37,63
CORQUE,consulta externa,repetidas en menores de 5 anos,2006-09-01,15,19,15,19,34
COTAGAITA,consulta externa,repetidas en menores de 5 anos,2006-09-01,11,6,11,6,17
COTOCA,consulta externa,repetidas en menores de 5 anos,2006-09-01,45,38,45,38,83
CUATRO CAÑADAS,consulta externa,repetidas en menores de 5 anos,2006-09-01,62,54,62,54,116
CUCHUMUELA (V. G. VILLARROEL),consulta externa,repetidas en menores de 5 anos,2006-09-01,7,7,7,7,14
CUEVO,consulta externa,repetidas en menores de 5 anos,2006-09-01,3,6,3,6,9
CULPINA,consulta externa,repetidas en menores de 5 anos,2006-09-01,8,8,8,8,16
CURAHUARA DE CARANGAS,consulta externa,repetidas en menores de 5 anos,2006-09-01,10,5,10,5,15
CURVA,consulta externa,repetidas en menores de 5 anos,2006-09-01,2,2,2,2,4
DESAGUADERO,consulta externa,repetidas en menores de 5 anos,2006-09-01,2,0,2,0,2
EL ALTO,consulta externa,repetidas en menores de 5 anos,2006-09-01,2107,1911,2107,1911,4018
EL CHORO,consulta externa,repetidas en menores de 5 anos,2006-09-01,1,2,1,2,3
EL PUENTE(STC),consulta externa,repetidas en menores de 5 anos,2006-09-01,6,6,6,6,12
EL PUENTE(TJA),consulta externa,repetidas en menores de 5 anos,2006-09-01,38,33,38,33,71
EL TORNO,consulta externa,repetidas en menores de 5 anos,2006-09-01,102,65,102,65,167
EL VILLAR,consulta externa,repetidas en menores de 5 anos,2006-09-01,7,2,7,2,9
ENTRE RIOS,consulta externa,repetidas en menores de 5 anos,2006-09-01,10,2,10,2,12
ENTRE RIOS,consulta externa,repetidas en menores de 5 anos,2006-09-01,62,46,62,46,108
EUCALIPTUS,consulta externa,repetidas en menores de 5 anos,2006-09-01,8,3,8,3,11
EXALTACION,consulta externa,repetidas en menores de 5 anos,2006-09-01,5,8,5,8,13
FERNANDEZ ALONSO,consulta externa,repetidas en menores de 5 anos,2006-09-01,30,26,30,26,56
GENERAL SAAVEDRA,consulta externa,repetidas en menores de 5 anos,2006-09-01,49,65,49,65,114
GRAL. J.J. PEREZ (CHARAZANI),consulta externa,repetidas en menores de 5 anos,2006-09-01,6,1,6,1,7
GUANAY,consulta externa,repetidas en menores de 5 anos,2006-09-01,9,9,9,9,18
GUAQUI,consulta externa,repetidas en menores de 5 anos,2006-09-01,1,5,1,5,6
GUAYARAMERIN,consulta externa,repetidas en menores de 5 anos,2006-09-01,68,65,68,65,133
GUTIERREZ,consulta externa,repetidas en menores de 5 anos,2006-09-01,37,22,37,22,59
HUACARETA,consulta externa,repetidas en menores de 5 anos,2006-09-01,35,48,35,48,83
HUACAYA (VILLA DE HUACAYA),consulta externa,repetidas en menores de 5 anos,2006-09-01,0,1,0,1,1
HUACHACALLA,consulta externa,repetidas en menores de 5 anos,2006-09-01,3,2,3,2,5
HUANUNI,consulta externa,repetidas en menores de 5 anos,2006-09-01,201,126,201,126,327
HUARACAJE,consulta externa,repetidas en menores de 5 anos,2006-09-01,16,3,16,3,19
HUAYLLAMARCA,consulta externa,repetidas en menores de 5 anos,2006-09-01,8,0,8,0,8
ICHOCA,consulta externa,repetidas en menores de 5 anos,2006-09-01,1,2,1,2,3
ICLA,consulta externa,repetidas en menores de 5 anos,2006-09-01,2,3,2,3,5
INCAHUASI,consulta externa,repetidas en menores de 5 anos,2006-09-01,25,23,25,23,48
INGAVI (HUMAITA),consulta externa,repetidas en menores de 5 anos,2006-09-01,8,10,8,10,18
INQUISIVI,consulta externa,repetidas en menores de 5 anos,2006-09-01,3,6,3,6,9
IRUPANA (VILLA DE LANZA),consulta externa,repetidas en menores de 5 anos,2006-09-01,3,7,3,7,10
IXIAMAS,consulta externa,repetidas en menores de 5 anos,2006-09-01,15,6,15,6,21
LA ASUNTA,consulta externa,repetidas en menores de 5 anos,2006-09-01,29,21,29,21,50
LA GUARDIA,consulta externa,repetidas en menores de 5 anos,2006-09-01,72,68,72,68,140
LA PAZ,consulta externa,repetidas en menores de 5 anos,2006-09-01,4074,4072,4074,4072,8146
LAGUNILLAS,consulta externa,repetidas en menores de 5 anos,2006-09-01,9,9,9,9,18
LAS CARRERAS,consulta externa,repetidas en menores de 5 anos,2006-09-01,5,4,5,4,9
LICOMA PAMPA,consulta externa,repetidas en menores de 5 anos,2006-09-01,2,3,2,3,5
LLALLAGUA,consulta externa,repetidas en menores de 5 anos,2006-09-01,39,45,39,45,84
LLICA,consulta externa,repetidas en menores de 5 anos,2006-09-01,6,2,6,2,8
LORETO,consulta externa,repetidas en menores de 5 anos,2006-09-01,10,13,10,13,23
LURIBAY,consulta externa,repetidas en menores de 5 anos,2006-09-01,1,1,1,1,2
MACHACAMARCA,consulta externa,repetidas en menores de 5 anos,2006-09-01,1,0,1,0,1
MACHARETI,consulta externa,repetidas en menores de 5 anos,2006-09-01,13,9,13,9,22
MAGDALENA,consulta externa,repetidas en menores de 5 anos,2006-09-01,11,19,11,19,30
MAIRANA,consulta externa,repetidas en menores de 5 anos,2006-09-01,3,8,3,8,11
MALLA,consulta externa,repetidas en menores de 5 anos,2006-09-01,1,0,1,0,1
MAPIRI,consulta externa,repetidas en menores de 5 anos,2006-09-01,5,3,5,3,8
MECAPACA,consulta externa,repetidas en menores de 5 anos,2006-09-01,15,3,15,3,18
MINEROS,consulta externa,repetidas en menores de 5 anos,2006-09-01,3,8,3,8,11
MIZQUE,consulta externa,repetidas en menores de 5 anos,2006-09-01,18,22,18,22,40
MOCOMOCO,consulta externa,repetidas en menores de 5 anos,2006-09-01,3,2,3,2,5
MOJINETE,consulta externa,repetidas en menores de 5 anos,2006-09-01,5,5,5,5,10
MOJOCOYA,consulta externa,repetidas en menores de 5 anos,2006-09-01,10,11,10,11,21
MONTEAGUDO,consulta externa,repetidas en menores de 5 anos,2006-09-01,64,62,64,62,126
MONTERO,consulta externa,repetidas en menores de 5 anos,2006-09-01,300,240,300,240,540
MORO MORO,consulta externa,repetidas en menores de 5 anos,2006-09-01,2,1,2,1,3
MOROCHATA,consulta externa,repetidas en menores de 5 anos,2006-09-01,33,33,33,33,66
OCURI,consulta externa,repetidas en menores de 5 anos,2006-09-01,0,2,0,2,2
OKINAWA,consulta externa,repetidas en menores de 5 anos,2006-09-01,2,2,2,2,4
OMEREQUE,consulta externa,repetidas en menores de 5 anos,2006-09-01,11,4,11,4,15
ORURO,consulta externa,repetidas en menores de 5 anos,2006-09-01,560,534,560,534,1094
PADCAYA,consulta externa,repetidas en menores de 5 anos,2006-09-01,21,19,21,19,40
PADILLA,consulta externa,repetidas en menores de 5 anos,2006-09-01,9,1,9,1,10
PAILON,consulta externa,repetidas en menores de 5 anos,2006-09-01,17,4,17,4,21
PALCA,consulta externa,repetidas en menores de 5 anos,2006-09-01,3,4,3,4,7
PALOS BLANCOS,consulta externa,repetidas en menores de 5 anos,2006-09-01,26,24,26,24,50
PAMPA AULLAGAS,consulta externa,repetidas en menores de 5 anos,2006-09-01,1,0,1,0,1
PAMPA GRANDE,consulta externa,repetidas en menores de 5 anos,2006-09-01,3,2,3,2,5
PAPEL PAMPA,consulta externa,repetidas en menores de 5 anos,2006-09-01,0,1,0,1,1
PASORAPA,consulta externa,repetidas en menores de 5 anos,2006-09-01,1,1,1,1,2
PATACAMAYA,consulta externa,repetidas en menores de 5 anos,2006-09-01,3,3,3,3,6
PAZÑA,consulta externa,repetidas en menores de 5 anos,2006-09-01,5,5,5,5,10
PELECHUCO,consulta externa,repetidas en menores de 5 anos,2006-09-01,0,4,0,4,4
POCOATA,consulta externa,repetidas en menores de 5 anos,2006-09-01,9,12,9,12,21
POCONA,consulta externa,repetidas en menores de 5 anos,2006-09-01,65,51,65,51,116
POJO (CBBA),consulta externa,repetidas en menores de 5 anos,2006-09-01,12,6,12,6,18
POOPO,consulta externa,repetidas en menores de 5 anos,2006-09-01,1,2,1,2,3
PORCO,consulta externa,repetidas en menores de 5 anos,2006-09-01,3,11,3,11,14
POROMA,consulta externa,repetidas en menores de 5 anos,2006-09-01,2,7,2,7,9
PORONGO,consulta externa,repetidas en menores de 5 anos,2006-09-01,9,12,9,12,21
PORTACHUELO,consulta externa,repetidas en menores de 5 anos,2006-09-01,58,48,58,48,106
PORVENIR,consulta externa,repetidas en menores de 5 anos,2006-09-01,3,3,3,3,6
POTOSI,consulta externa,repetidas en menores de 5 anos,2006-09-01,431,228,431,228,659
PRESTO,consulta externa,repetidas en menores de 5 anos,2006-09-01,0,2,0,2,2
PUCARA,consulta externa,repetidas en menores de 5 anos,2006-09-01,1,1,1,1,2
PUCARANI,consulta externa,repetidas en menores de 5 anos,2006-09-01,11,12,11,12,23
PUERTO ACOSTA,consulta externa,repetidas en menores de 5 anos,2006-09-01,2,6,2,6,8
PUERTO CARABUCO,consulta externa,repetidas en menores de 5 anos,2006-09-01,9,9,9,9,18
PUERTO GONZALO MORENO,consulta externa,repetidas en menores de 5 anos,2006-09-01,11,6,11,6,17
PUERTO PEREZ,consulta externa,repetidas en menores de 5 anos,2006-09-01,15,14,15,14,29
PUERTO QUIJARRO,consulta externa,repetidas en menores de 5 anos,2006-09-01,23,20,23,20,43
PUERTO RICO,consulta externa,repetidas en menores de 5 anos,2006-09-01,6,5,6,5,11
PUERTO SILES,consulta externa,repetidas en menores de 5 anos,2006-09-01,0,2,0,2,2
PUERTO SUAREZ,consulta externa,repetidas en menores de 5 anos,2006-09-01,38,33,38,33,71
PUERTO VILLARROEL,consulta externa,repetidas en menores de 5 anos,2006-09-01,107,110,107,110,217
PUNA,consulta externa,repetidas en menores de 5 anos,2006-09-01,11,9,11,9,20
PUNATA,consulta externa,repetidas en menores de 5 anos,2006-09-01,106,128,106,128,234
QUIABAYA,consulta externa,repetidas en menores de 5 anos,2006-09-01,2,2,2,2,4
QUILLACOLLO,consulta externa,repetidas en menores de 5 anos,2006-09-01,250,210,250,210,460
QUIME,consulta externa,repetidas en menores de 5 anos,2006-09-01,4,3,4,3,7
QUIRUSILLAS,consulta externa,repetidas en menores de 5 anos,2006-09-01,5,1,5,1,6
RAVELO,consulta externa,repetidas en menores de 5 anos,2006-09-01,2,3,2,3,5
REYES,consulta externa,repetidas en menores de 5 anos,2006-09-01,12,12,12,12,24
RIBERALTA,consulta externa,repetidas en menores de 5 anos,2006-09-01,188,166,188,166,354
ROBORE,consulta externa,repetidas en menores de 5 anos,2006-09-01,12,11,12,11,23
RURRENABAQUE,consulta externa,repetidas en menores de 5 anos,2006-09-01,35,46,35,46,81
SABAYA,consulta externa,repetidas en menores de 5 anos,2006-09-01,3,3,3,3,6
SACABA,consulta externa,repetidas en menores de 5 anos,2006-09-01,289,236,289,236,525
SACABAMBA,consulta externa,repetidas en menores de 5 anos,2006-09-01,4,4,4,4,8
SACACA,consulta externa,repetidas en menores de 5 anos,2006-09-01,6,8,6,8,14
SAIPINA,consulta externa,repetidas en menores de 5 anos,2006-09-01,3,5,3,5,8
SALINAS DE GARCI MENDOZA,consulta externa,repetidas en menores de 5 anos,2006-09-01,6,1,6,1,7
SAMAIPATA,consulta externa,repetidas en menores de 5 anos,2006-09-01,7,4,7,4,11
SAN AGUSTIN,consulta externa,repetidas en menores de 5 anos,2006-09-01,0,2,0,2,2
SAN ANDRES,consulta externa,repetidas en menores de 5 anos,2006-09-01,23,15,23,15,38
SAN ANDRES DE MACHACA,consulta externa,repetidas en menores de 5 anos,2006-09-01,4,1,4,1,5
SAN ANTONIO DE ESMORUCO,consulta externa,repetidas en menores de 5 anos,2006-09-01,4,0,4,0,4
SAN ANTONIO DE LOMERIO,consulta externa,repetidas en menores de 5 anos,2006-09-01,8,3,8,3,11
SAN BENITO,consulta externa,repetidas en menores de 5 anos,2006-09-01,21,12,21,12,33
SAN BORJA,consulta externa,repetidas en menores de 5 anos,2006-09-01,128,80,128,80,208
SAN BUENA VENTURA,consulta externa,repetidas en menores de 5 anos,2006-09-01,8,5,8,5,13
SAN CARLOS,consulta externa,repetidas en menores de 5 anos,2006-09-01,129,127,129,127,256
SAN IGNACIO,consulta externa,repetidas en menores de 5 anos,2006-09-01,45,29,45,29,74
SAN IGNACIO DE VELASCO,consulta externa,repetidas en menores de 5 anos,2006-09-01,157,138,157,138,295
SAN JAVIER(BNI),consulta externa,repetidas en menores de 5 anos,2006-09-01,6,5,6,5,11
SAN JAVIER(STC),consulta externa,repetidas en menores de 5 anos,2006-09-01,23,36,23,36,59
SAN JOAQUIN,consulta externa,repetidas en menores de 5 anos,2006-09-01,26,9,26,9,35
SAN JOSE DE CHIQUITOS,consulta externa,repetidas en menores de 5 anos,2006-09-01,3,9,3,9,12
SAN JUAN DE YAPACANI,consulta externa,repetidas en menores de 5 anos,2006-09-01,15,16,15,16,31
SAN JULIAN,consulta externa,repetidas en menores de 5 anos,2006-09-01,63,56,63,56,119
SAN LORENZO(PND),consulta externa,repetidas en menores de 5 anos,2006-09-01,2,4,2,4,6
SAN LORENZO(TJA),consulta externa,repetidas en menores de 5 anos,2006-09-01,73,48,73,48,121
SAN LUCAS,consulta externa,repetidas en menores de 5 anos,2006-09-01,32,25,32,25,57
SAN MATIAS,consulta externa,repetidas en menores de 5 anos,2006-09-01,35,29,35,29,64
SAN MIGUEL DE VELASCO,consulta externa,repetidas en menores de 5 anos,2006-09-01,56,49,56,49,105
SAN PABLO DE LIPEZ,consulta externa,repetidas en menores de 5 anos,2006-09-01,2,5,2,5,7
SAN PEDRO,consulta externa,repetidas en menores de 5 anos,2006-09-01,41,48,41,48,89
SAN PEDRO DE BUENA VISTA,consulta externa,repetidas en menores de 5 anos,2006-09-01,2,2,2,2,4
SAN PEDRO DE CURAHUARA,consulta externa,repetidas en menores de 5 anos,2006-09-01,1,0,1,0,1
SAN PEDRO DE QUEMES,consulta externa,repetidas en menores de 5 anos,2006-09-01,2,0,2,0,2
SAN PEDRO DE TIQUINA,consulta externa,repetidas en menores de 5 anos,2006-09-01,1,2,1,2,3
SAN RAFAEL,consulta externa,repetidas en menores de 5 anos,2006-09-01,5,0,5,0,5
SAN RAMON,consulta externa,repetidas en menores de 5 anos,2006-09-01,4,6,4,6,10
SAN RAMON,consulta externa,repetidas en menores de 5 anos,2006-09-01,11,24,11,24,35
SANTA ANA,consulta externa,repetidas en menores de 5 anos,2006-09-01,14,9,14,9,23
SANTA CRUZ DE LA SIERRA,consulta externa,repetidas en menores de 5 anos,2006-09-01,3214,3260,3214,3260,6474
SANTA ROSA,consulta externa,repetidas en menores de 5 anos,2006-09-01,3,7,3,7,10
SANTA ROSA DEL SARA,consulta externa,repetidas en menores de 5 anos,2006-09-01,18,15,18,15,33
SANTIAGO DE HUARI,consulta externa,repetidas en menores de 5 anos,2006-09-01,5,2,5,2,7
SANTIAGO DE MACHACA,consulta externa,repetidas en menores de 5 anos,2006-09-01,0,1,0,1,1
SANTIVAÑES,consulta externa,repetidas en menores de 5 anos,2006-09-01,9,12,9,12,21
SAPAHAQUI,consulta externa,repetidas en menores de 5 anos,2006-09-01,2,0,2,0,2
SICA SICA (VILLA AROMA),consulta externa,repetidas en menores de 5 anos,2006-09-01,3,1,3,1,4
SICAYA,consulta externa,repetidas en menores de 5 anos,2006-09-01,10,12,10,12,22
SIPE SIPE,consulta externa,repetidas en menores de 5 anos,2006-09-01,127,103,127,103,230
SOPACHUY,consulta externa,repetidas en menores de 5 anos,2006-09-01,3,4,3,4,7
SORACACHI,consulta externa,repetidas en menores de 5 anos,2006-09-01,7,6,7,6,13
SORATA,consulta externa,repetidas en menores de 5 anos,2006-09-01,3,0,3,0,3
SUCRE,consulta externa,repetidas en menores de 5 anos,2006-09-01,653,727,653,727,1380
TACACHI,consulta externa,repetidas en menores de 5 anos,2006-09-01,6,4,6,4,10
TACACOMA,consulta externa,repetidas en menores de 5 anos,2006-09-01,2,1,2,1,3
TACOBAMBA,consulta externa,repetidas en menores de 5 anos,2006-09-01,0,2,0,2,2
TACOPAYA,consulta externa,repetidas en menores de 5 anos,2006-09-01,17,40,17,40,57
TAHUA,consulta externa,repetidas en menores de 5 anos,2006-09-01,0,1,0,1,1
TAPACARI,consulta externa,repetidas en menores de 5 anos,2006-09-01,150,128,150,128,278
TARABUCO,consulta externa,repetidas en menores de 5 anos,2006-09-01,160,173,160,173,333
TARACO,consulta externa,repetidas en menores de 5 anos,2006-09-01,2,0,2,0,2
TARATA,consulta externa,repetidas en menores de 5 anos,2006-09-01,6,3,6,3,9
TARIJA,consulta externa,repetidas en menores de 5 anos,2006-09-01,578,516,578,516,1094
TARVITA,consulta externa,repetidas en menores de 5 anos,2006-09-01,62,75,62,75,137
TIAWANACU,consulta externa,repetidas en menores de 5 anos,2006-09-01,2,2,2,2,4
TINGUIPAYA,consulta externa,repetidas en menores de 5 anos,2006-09-01,4,3,4,3,7
TIPUANI,consulta externa,repetidas en menores de 5 anos,2006-09-01,2,1,2,1,3
TIQUIPAYA,consulta externa,repetidas en menores de 5 anos,2006-09-01,397,244,397,244,641
TIRAQUE (CBBA),consulta externa,repetidas en menores de 5 anos,2006-09-01,294,262,294,262,556
TITO YUPANQUI (PARQUIPUJIO),consulta externa,repetidas en menores de 5 anos,2006-09-01,1,2,1,2,3
TOCO,consulta externa,repetidas en menores de 5 anos,2006-09-01,4,3,4,3,7
TOLEDO,consulta externa,repetidas en menores de 5 anos,2006-09-01,11,8,11,8,19
TOMAVE,consulta externa,repetidas en menores de 5 anos,2006-09-01,4,3,4,3,7
TOMINA,consulta externa,repetidas en menores de 5 anos,2006-09-01,6,5,6,5,11
TORO TORO,consulta externa,repetidas en menores de 5 anos,2006-09-01,10,12,10,12,22
TOTORA(CBBA),consulta externa,repetidas en menores de 5 anos,2006-09-01,153,125,153,125,278
TOTORA(ORR),consulta externa,repetidas en menores de 5 anos,2006-09-01,1,8,1,8,9
TRIGAL,consulta externa,repetidas en menores de 5 anos,2006-09-01,2,1,2,1,3
TRINIDAD,consulta externa,repetidas en menores de 5 anos,2006-09-01,374,331,374,331,705
TUPIZA,consulta externa,repetidas en menores de 5 anos,2006-09-01,63,72,63,72,135
TURCO,consulta externa,repetidas en menores de 5 anos,2006-09-01,0,2,0,2,2
UMALA,consulta externa,repetidas en menores de 5 anos,2006-09-01,0,1,0,1,1
UNCIA,consulta externa,repetidas en menores de 5 anos,2006-09-01,32,17,32,17,49
URIONDO (A. CONCEPCION),consulta externa,repetidas en menores de 5 anos,2006-09-01,85,75,85,75,160
URUBICHA,consulta externa,repetidas en menores de 5 anos,2006-09-01,2,1,2,1,3
UYUNI,consulta externa,repetidas en menores de 5 anos,2006-09-01,1,9,1,9,10
VACAS,consulta externa,repetidas en menores de 5 anos,2006-09-01,23,30,23,30,53
VALLEGRANDE,consulta externa,repetidas en menores de 5 anos,2006-09-01,22,21,22,21,43
VIACHA,consulta externa,repetidas en menores de 5 anos,2006-09-01,89,91,89,91,180
VILA VILA,consulta externa,repetidas en menores de 5 anos,2006-09-01,4,2,4,2,6
VILLA MONTES,consulta externa,repetidas en menores de 5 anos,2006-09-01,40,33,40,33,73
VILLA NUEVA (LOMA ALTA),consulta externa,repetidas en menores de 5 anos,2006-09-01,0,2,0,2,2
VILLA RIVERO,consulta externa,repetidas en menores de 5 anos,2006-09-01,4,2,4,2,6
VILLA SERRANO,consulta externa,repetidas en menores de 5 anos,2006-09-01,50,40,50,40,90
VILLA TUNARI,consulta externa,repetidas en menores de 5 anos,2006-09-01,89,93,89,93,182
VILLA VACA GUZMAN (MUYUPAMPA),consulta externa,repetidas en menores de 5 anos,2006-09-01,9,8,9,8,17
VILLAZON,consulta externa,repetidas en menores de 5 anos,2006-09-01,23,29,23,29,52
VINTO,consulta externa,repetidas en menores de 5 anos,2006-09-01,158,153,158,153,311
VITICHI,consulta externa,repetidas en menores de 5 anos,2006-09-01,5,7,5,7,12
WARNES,consulta externa,repetidas en menores de 5 anos,2006-09-01,73,77,73,77,150
YACO,consulta externa,repetidas en menores de 5 anos,2006-09-01,9,5,9,5,14
YACUIBA,consulta externa,repetidas en menores de 5 anos,2006-09-01,173,168,173,168,341
YAMPARAEZ,consulta externa,repetidas en menores de 5 anos,2006-09-01,14,11,14,11,25
YANACACHI,consulta externa,repetidas en menores de 5 anos,2006-09-01,4,2,4,2,6
YAPACANI,consulta externa,repetidas en menores de 5 anos,2006-09-01,21,19,21,19,40
YOCALLA,consulta externa,repetidas en menores de 5 anos,2006-09-01,1,7,1,7,8
YOTALA,consulta externa,repetidas en menores de 5 anos,2006-09-01,24,15,24,15,39
YUNCHARA,consulta externa,repetidas en menores de 5 anos,2006-09-01,31,35,31,35,66
ZUDAÑEZ,consulta externa,repetidas en menores de 5 anos,2006-09-01,6,3,6,3,9
ACACIO,consulta externa,repetidas en menores de 5 anos,2006-10-01,6,2,6,2,8
ACHACACHI,consulta externa,repetidas en menores de 5 anos,2006-10-01,15,18,15,18,33
ACHOCALLA,consulta externa,repetidas en menores de 5 anos,2006-10-01,5,11,5,11,16
AIQUILE,consulta externa,repetidas en menores de 5 anos,2006-10-01,27,28,27,28,55
ALCALA,consulta externa,repetidas en menores de 5 anos,2006-10-01,1,2,1,2,3
ANCORAIMES,consulta externa,repetidas en menores de 5 anos,2006-10-01,7,7,7,7,14
ANDAMARCA,consulta externa,repetidas en menores de 5 anos,2006-10-01,4,2,4,2,6
ANTEQUERA,consulta externa,repetidas en menores de 5 anos,2006-10-01,3,4,3,4,7
ANZALDO,consulta externa,repetidas en menores de 5 anos,2006-10-01,7,12,7,12,19
APOLO,consulta externa,repetidas en menores de 5 anos,2006-10-01,9,5,9,5,14
ARAMPAMPA,consulta externa,repetidas en menores de 5 anos,2006-10-01,1,2,1,2,3
ARANI,consulta externa,repetidas en menores de 5 anos,2006-10-01,19,17,19,17,36
ARBIETO,consulta externa,repetidas en menores de 5 anos,2006-10-01,7,12,7,12,19
ARQUE,consulta externa,repetidas en menores de 5 anos,2006-10-01,37,47,37,47,84
ASCENCION DE GUARAYOS,consulta externa,repetidas en menores de 5 anos,2006-10-01,70,70,70,70,140
ATOCHA,consulta externa,repetidas en menores de 5 anos,2006-10-01,39,25,39,25,64
AUCAPATA,consulta externa,repetidas en menores de 5 anos,2006-10-01,10,7,10,7,17
AYATA,consulta externa,repetidas en menores de 5 anos,2006-10-01,2,4,2,4,6
AYO AYO,consulta externa,repetidas en menores de 5 anos,2006-10-01,4,1,4,1,5
AYOPAYA (V. DE INDEPENDENCIA),consulta externa,repetidas en menores de 5 anos,2006-10-01,17,10,17,10,27
BATALLAS,consulta externa,repetidas en menores de 5 anos,2006-10-01,9,7,9,7,16
BAURES,consulta externa,repetidas en menores de 5 anos,2006-10-01,9,16,9,16,25
BELEN DE ANDAMARCA,consulta externa,repetidas en menores de 5 anos,2006-10-01,1,1,1,1,2
BELEN DE URMIRI,consulta externa,repetidas en menores de 5 anos,2006-10-01,4,1,4,1,5
BELLA FLOR,consulta externa,repetidas en menores de 5 anos,2006-10-01,8,9,8,9,17
BERMEJO,consulta externa,repetidas en menores de 5 anos,2006-10-01,26,25,26,25,51
BETANZOS,consulta externa,repetidas en menores de 5 anos,2006-10-01,13,7,13,7,20
BOLIVAR,consulta externa,repetidas en menores de 5 anos,2006-10-01,7,7,7,7,14
BOLPEBRA,consulta externa,repetidas en menores de 5 anos,2006-10-01,2,2,2,2,4
BOYUIBE,consulta externa,repetidas en menores de 5 anos,2006-10-01,5,7,5,7,12
BUENA VISTA,consulta externa,repetidas en menores de 5 anos,2006-10-01,31,26,31,26,57
CABEZAS,consulta externa,repetidas en menores de 5 anos,2006-10-01,5,7,5,7,12
CAIROMA,consulta externa,repetidas en menores de 5 anos,2006-10-01,15,24,15,24,39
"CAIZA ""D""",consulta externa,repetidas en menores de 5 anos,2006-10-01,5,4,5,4,9
CAJUATA,consulta externa,repetidas en menores de 5 anos,2006-10-01,7,5,7,5,12
CALAMARCA,consulta externa,repetidas en menores de 5 anos,2006-10-01,25,10,25,10,35
CAMARGO,consulta externa,repetidas en menores de 5 anos,2006-10-01,13,21,13,21,34
CAMATAQUI (C. VILLA ABECIA),consulta externa,repetidas en menores de 5 anos,2006-10-01,5,6,5,6,11
CAMIRI,consulta externa,repetidas en menores de 5 anos,2006-10-01,121,117,121,117,238
CAPINOTA,consulta externa,repetidas en menores de 5 anos,2006-10-01,226,237,226,237,463
CAQUIAVIRI,consulta externa,repetidas en menores de 5 anos,2006-10-01,1,3,1,3,4
CARACOLLO,consulta externa,repetidas en menores de 5 anos,2006-10-01,1,3,1,3,4
CARANAVI,consulta externa,repetidas en menores de 5 anos,2006-10-01,14,10,14,10,24
CARANGAS,consulta externa,repetidas en menores de 5 anos,2006-10-01,1,1,1,1,2
CARAPARI,consulta externa,repetidas en menores de 5 anos,2006-10-01,7,3,7,3,10
CARIPUYO,consulta externa,repetidas en menores de 5 anos,2006-10-01,1,2,1,2,3
CARMEN RIVERO TORREZ,consulta externa,repetidas en menores de 5 anos,2006-10-01,1,1,1,1,2
CHALLAPATA,consulta externa,repetidas en menores de 5 anos,2006-10-01,18,13,18,13,31
CHAQUI,consulta externa,repetidas en menores de 5 anos,2006-10-01,6,4,6,4,10
CHARAGUA,consulta externa,repetidas en menores de 5 anos,2006-10-01,47,58,47,58,105
CHARAÑA,consulta externa,repetidas en menores de 5 anos,2006-10-01,0,2,0,2,2
CHAYANTA,consulta externa,repetidas en menores de 5 anos,2006-10-01,4,3,4,3,7
CHIMORE,consulta externa,repetidas en menores de 5 anos,2006-10-01,17,12,17,12,29
CHOQUE COTA,consulta externa,repetidas en menores de 5 anos,2006-10-01,0,1,0,1,1
CHULUMANI (V. DE LA LIBERTAD),consulta externa,repetidas en menores de 5 anos,2006-10-01,23,25,23,25,48
CHUMA,consulta externa,repetidas en menores de 5 anos,2006-10-01,2,1,2,1,3
CLIZA,consulta externa,repetidas en menores de 5 anos,2006-10-01,54,32,54,32,86
COBIJA,consulta externa,repetidas en menores de 5 anos,2006-10-01,94,105,94,105,199
COCHABAMBA,consulta externa,repetidas en menores de 5 anos,2006-10-01,3643,3369,3643,3369,7012
COLCAPIRHUA,consulta externa,repetidas en menores de 5 anos,2006-10-01,162,158,162,158,320
"COLCHA ""K""",consulta externa,repetidas en menores de 5 anos,2006-10-01,4,4,4,4,8
COLOMI,consulta externa,repetidas en menores de 5 anos,2006-10-01,46,44,46,44,90
COLPA BELGICA,consulta externa,repetidas en menores de 5 anos,2006-10-01,41,36,41,36,77
COLQUECHACA,consulta externa,repetidas en menores de 5 anos,2006-10-01,1,3,1,3,4
COLQUENCHA,consulta externa,repetidas en menores de 5 anos,2006-10-01,7,4,7,4,11
COLQUIRI,consulta externa,repetidas en menores de 5 anos,2006-10-01,60,56,60,56,116
COMARAPA,consulta externa,repetidas en menores de 5 anos,2006-10-01,11,8,11,8,19
CONCEPCION,consulta externa,repetidas en menores de 5 anos,2006-10-01,6,5,6,5,11
COPACABANA,consulta externa,repetidas en menores de 5 anos,2006-10-01,2,3,2,3,5
CORIPATA,consulta externa,repetidas en menores de 5 anos,2006-10-01,3,3,3,3,6
CORO CORO,consulta externa,repetidas en menores de 5 anos,2006-10-01,2,3,2,3,5
COROICO,consulta externa,repetidas en menores de 5 anos,2006-10-01,35,15,35,15,50
CORQUE,consulta externa,repetidas en menores de 5 anos,2006-10-01,18,21,18,21,39
COTAGAITA,consulta externa,repetidas en menores de 5 anos,2006-10-01,10,18,10,18,28
COTOCA,consulta externa,repetidas en menores de 5 anos,2006-10-01,68,75,68,75,143
CUATRO CAÑADAS,consulta externa,repetidas en menores de 5 anos,2006-10-01,73,56,73,56,129
CUCHUMUELA (V. G. VILLARROEL),consulta externa,repetidas en menores de 5 anos,2006-10-01,4,4,4,4,8
CUEVO,consulta externa,repetidas en menores de 5 anos,2006-10-01,1,2,1,2,3
CULPINA,consulta externa,repetidas en menores de 5 anos,2006-10-01,6,3,6,3,9
CURAHUARA DE CARANGAS,consulta externa,repetidas en menores de 5 anos,2006-10-01,15,11,15,11,26
CURVA,consulta externa,repetidas en menores de 5 anos,2006-10-01,3,1,3,1,4
DESAGUADERO,consulta externa,repetidas en menores de 5 anos,2006-10-01,0,2,0,2,2
EL ALTO,consulta externa,repetidas en menores de 5 anos,2006-10-01,2029,1690,2029,1690,3719
EL CHORO,consulta externa,repetidas en menores de 5 anos,2006-10-01,5,6,5,6,11
EL PUENTE(STC),consulta externa,repetidas en menores de 5 anos,2006-10-01,6,9,6,9,15
EL PUENTE(TJA),consulta externa,repetidas en menores de 5 anos,2006-10-01,50,42,50,42,92
EL TORNO,consulta externa,repetidas en menores de 5 anos,2006-10-01,48,38,48,38,86
EL VILLAR,consulta externa,repetidas en menores de 5 anos,2006-10-01,2,1,2,1,3
ENTRE RIOS,consulta externa,repetidas en menores de 5 anos,2006-10-01,15,15,15,15,30
ENTRE RIOS,consulta externa,repetidas en menores de 5 anos,2006-10-01,11,9,11,9,20
EUCALIPTUS,consulta externa,repetidas en menores de 5 anos,2006-10-01,8,5,8,5,13
EXALTACION,consulta externa,repetidas en menores de 5 anos,2006-10-01,9,3,9,3,12
FERNANDEZ ALONSO,consulta externa,repetidas en menores de 5 anos,2006-10-01,25,29,25,29,54
FILADELFIA,consulta externa,repetidas en menores de 5 anos,2006-10-01,1,1,1,1,2
GENERAL SAAVEDRA,consulta externa,repetidas en menores de 5 anos,2006-10-01,15,13,15,13,28
GRAL. J.J. PEREZ (CHARAZANI),consulta externa,repetidas en menores de 5 anos,2006-10-01,2,2,2,2,4
GUANAY,consulta externa,repetidas en menores de 5 anos,2006-10-01,8,17,8,17,25
GUAQUI,consulta externa,repetidas en menores de 5 anos,2006-10-01,4,2,4,2,6
GUAYARAMERIN,consulta externa,repetidas en menores de 5 anos,2006-10-01,80,86,80,86,166
GUTIERREZ,consulta externa,repetidas en menores de 5 anos,2006-10-01,59,69,59,69,128
HUACARETA,consulta externa,repetidas en menores de 5 anos,2006-10-01,34,29,34,29,63
HUACAYA (VILLA DE HUACAYA),consulta externa,repetidas en menores de 5 anos,2006-10-01,2,1,2,1,3
HUACHACALLA,consulta externa,repetidas en menores de 5 anos,2006-10-01,3,2,3,2,5
HUANUNI,consulta externa,repetidas en menores de 5 anos,2006-10-01,4,5,4,5,9
HUARACAJE,consulta externa,repetidas en menores de 5 anos,2006-10-01,10,2,10,2,12
HUAYLLAMARCA,consulta externa,repetidas en menores de 5 anos,2006-10-01,2,2,2,2,4
ICLA,consulta externa,repetidas en menores de 5 anos,2006-10-01,9,12,9,12,21
INCAHUASI,consulta externa,repetidas en menores de 5 anos,2006-10-01,5,7,5,7,12
INGAVI (HUMAITA),consulta externa,repetidas en menores de 5 anos,2006-10-01,5,5,5,5,10
INQUISIVI,consulta externa,repetidas en menores de 5 anos,2006-10-01,7,5,7,5,12
IRUPANA (VILLA DE LANZA),consulta externa,repetidas en menores de 5 anos,2006-10-01,10,3,10,3,13
IXIAMAS,consulta externa,repetidas en menores de 5 anos,2006-10-01,27,19,27,19,46
LA ASUNTA,consulta externa,repetidas en menores de 5 anos,2006-10-01,9,9,9,9,18
LA GUARDIA,consulta externa,repetidas en menores de 5 anos,2006-10-01,150,124,150,124,274
LA PAZ,consulta externa,repetidas en menores de 5 anos,2006-10-01,4566,4810,4566,4810,9376
LAGUNILLAS,consulta externa,repetidas en menores de 5 anos,2006-10-01,4,3,4,3,7
LAJA,consulta externa,repetidas en menores de 5 anos,2006-10-01,5,4,5,4,9
LAS CARRERAS,consulta externa,repetidas en menores de 5 anos,2006-10-01,2,5,2,5,7
LICOMA PAMPA,consulta externa,repetidas en menores de 5 anos,2006-10-01,2,2,2,2,4
LLALLAGUA,consulta externa,repetidas en menores de 5 anos,2006-10-01,16,16,16,16,32
LLICA,consulta externa,repetidas en menores de 5 anos,2006-10-01,5,1,5,1,6
LORETO,consulta externa,repetidas en menores de 5 anos,2006-10-01,23,19,23,19,42
LURIBAY,consulta externa,repetidas en menores de 5 anos,2006-10-01,2,1,2,1,3
MACHARETI,consulta externa,repetidas en menores de 5 anos,2006-10-01,8,8,8,8,16
MAGDALENA,consulta externa,repetidas en menores de 5 anos,2006-10-01,13,6,13,6,19
MAIRANA,consulta externa,repetidas en menores de 5 anos,2006-10-01,11,10,11,10,21
MAPIRI,consulta externa,repetidas en menores de 5 anos,2006-10-01,23,19,23,19,42
MECAPACA,consulta externa,repetidas en menores de 5 anos,2006-10-01,25,9,25,9,34
MINEROS,consulta externa,repetidas en menores de 5 anos,2006-10-01,21,26,21,26,47
MIZQUE,consulta externa,repetidas en menores de 5 anos,2006-10-01,19,13,19,13,32
MOCOMOCO,consulta externa,repetidas en menores de 5 anos,2006-10-01,2,3,2,3,5
MOJOCOYA,consulta externa,repetidas en menores de 5 anos,2006-10-01,12,6,12,6,18
MONTEAGUDO,consulta externa,repetidas en menores de 5 anos,2006-10-01,45,58,45,58,103
MONTERO,consulta externa,repetidas en menores de 5 anos,2006-10-01,433,394,433,394,827
MOROCHATA,consulta externa,repetidas en menores de 5 anos,2006-10-01,102,97,102,97,199
NACEBE (SANTA ROSA DEL ABUNA),consulta externa,repetidas en menores de 5 anos,2006-10-01,22,19,22,19,41
OCURI,consulta externa,repetidas en menores de 5 anos,2006-10-01,1,2,1,2,3
OKINAWA,consulta externa,repetidas en menores de 5 anos,2006-10-01,9,7,9,7,16
OMEREQUE,consulta externa,repetidas en menores de 5 anos,2006-10-01,2,6,2,6,8
ORURO,consulta externa,repetidas en menores de 5 anos,2006-10-01,782,780,782,780,1562
PADCAYA,consulta externa,repetidas en menores de 5 anos,2006-10-01,21,13,21,13,34
PADILLA,consulta externa,repetidas en menores de 5 anos,2006-10-01,1,0,1,0,1
PAILON,consulta externa,repetidas en menores de 5 anos,2006-10-01,21,15,21,15,36
PALCA,consulta externa,repetidas en menores de 5 anos,2006-10-01,3,3,3,3,6
PALOS BLANCOS,consulta externa,repetidas en menores de 5 anos,2006-10-01,21,17,21,17,38
PAMPA AULLAGAS,consulta externa,repetidas en menores de 5 anos,2006-10-01,2,0,2,0,2
PAMPA GRANDE,consulta externa,repetidas en menores de 5 anos,2006-10-01,2,4,2,4,6
PAPEL PAMPA,consulta externa,repetidas en menores de 5 anos,2006-10-01,1,1,1,1,2
PATACAMAYA,consulta externa,repetidas en menores de 5 anos,2006-10-01,10,3,10,3,13
PAZÑA,consulta externa,repetidas en menores de 5 anos,2006-10-01,3,1,3,1,4
PELECHUCO,consulta externa,repetidas en menores de 5 anos,2006-10-01,0,1,0,1,1
POCOATA,consulta externa,repetidas en menores de 5 anos,2006-10-01,7,7,7,7,14
POCONA,consulta externa,repetidas en menores de 5 anos,2006-10-01,7,10,7,10,17
POJO (CBBA),consulta externa,repetidas en menores de 5 anos,2006-10-01,7,0,7,0,7
POOPO,consulta externa,repetidas en menores de 5 anos,2006-10-01,1,0,1,0,1
PORCO,consulta externa,repetidas en menores de 5 anos,2006-10-01,4,6,4,6,10
POROMA,consulta externa,repetidas en menores de 5 anos,2006-10-01,0,1,0,1,1
PORONGO,consulta externa,repetidas en menores de 5 anos,2006-10-01,21,16,21,16,37
PORTACHUELO,consulta externa,repetidas en menores de 5 anos,2006-10-01,53,52,53,52,105
PORVENIR,consulta externa,repetidas en menores de 5 anos,2006-10-01,2,1,2,1,3
POSTRER VALLE,consulta externa,repetidas en menores de 5 anos,2006-10-01,2,1,2,1,3
POTOSI,consulta externa,repetidas en menores de 5 anos,2006-10-01,523,285,523,285,808
PRESTO,consulta externa,repetidas en menores de 5 anos,2006-10-01,1,0,1,0,1
PUCARA,consulta externa,repetidas en menores de 5 anos,2006-10-01,2,1,2,1,3
PUCARANI,consulta externa,repetidas en menores de 5 anos,2006-10-01,7,6,7,6,13
PUERTO ACOSTA,consulta externa,repetidas en menores de 5 anos,2006-10-01,6,5,6,5,11
PUERTO CARABUCO,consulta externa,repetidas en menores de 5 anos,2006-10-01,12,14,12,14,26
PUERTO GONZALO MORENO,consulta externa,repetidas en menores de 5 anos,2006-10-01,38,34,38,34,72
PUERTO PEREZ,consulta externa,repetidas en menores de 5 anos,2006-10-01,33,36,33,36,69
PUERTO QUIJARRO,consulta externa,repetidas en menores de 5 anos,2006-10-01,20,18,20,18,38
PUERTO RICO,consulta externa,repetidas en menores de 5 anos,2006-10-01,13,7,13,7,20
PUERTO SILES,consulta externa,repetidas en menores de 5 anos,2006-10-01,0,1,0,1,1
PUERTO SUAREZ,consulta externa,repetidas en menores de 5 anos,2006-10-01,43,25,43,25,68
PUERTO VILLARROEL,consulta externa,repetidas en menores de 5 anos,2006-10-01,102,90,102,90,192
PUNA,consulta externa,repetidas en menores de 5 anos,2006-10-01,5,7,5,7,12
PUNATA,consulta externa,repetidas en menores de 5 anos,2006-10-01,133,107,133,107,240
QUIABAYA,consulta externa,repetidas en menores de 5 anos,2006-10-01,6,0,6,0,6
QUILLACOLLO,consulta externa,repetidas en menores de 5 anos,2006-10-01,201,208,201,208,409
QUIME,consulta externa,repetidas en menores de 5 anos,2006-10-01,1,4,1,4,5
QUIRUSILLAS,consulta externa,repetidas en menores de 5 anos,2006-10-01,0,3,0,3,3
RAVELO,consulta externa,repetidas en menores de 5 anos,2006-10-01,0,2,0,2,2
REYES,consulta externa,repetidas en menores de 5 anos,2006-10-01,121,114,121,114,235
RIBERALTA,consulta externa,repetidas en menores de 5 anos,2006-10-01,306,300,306,300,606
ROBORE,consulta externa,repetidas en menores de 5 anos,2006-10-01,13,10,13,10,23
RURRENABAQUE,consulta externa,repetidas en menores de 5 anos,2006-10-01,37,55,37,55,92
SABAYA,consulta externa,repetidas en menores de 5 anos,2006-10-01,2,2,2,2,4
SACABA,consulta externa,repetidas en menores de 5 anos,2006-10-01,338,281,338,281,619
SACABAMBA,consulta externa,repetidas en menores de 5 anos,2006-10-01,4,3,4,3,7
SACACA,consulta externa,repetidas en menores de 5 anos,2006-10-01,4,7,4,7,11
SAIPINA,consulta externa,repetidas en menores de 5 anos,2006-10-01,39,46,39,46,85
SALINAS DE GARCI MENDOZA,consulta externa,repetidas en menores de 5 anos,2006-10-01,1,1,1,1,2
SAMAIPATA,consulta externa,repetidas en menores de 5 anos,2006-10-01,4,20,4,20,24
SAN AGUSTIN,consulta externa,repetidas en menores de 5 anos,2006-10-01,1,0,1,0,1
SAN ANDRES,consulta externa,repetidas en menores de 5 anos,2006-10-01,27,29,27,29,56
SAN ANDRES DE MACHACA,consulta externa,repetidas en menores de 5 anos,2006-10-01,2,1,2,1,3
SAN ANTONIO DE ESMORUCO,consulta externa,repetidas en menores de 5 anos,2006-10-01,0,1,0,1,1
SAN ANTONIO DE LOMERIO,consulta externa,repetidas en menores de 5 anos,2006-10-01,9,10,9,10,19
SAN BENITO,consulta externa,repetidas en menores de 5 anos,2006-10-01,34,31,34,31,65
SAN BORJA,consulta externa,repetidas en menores de 5 anos,2006-10-01,84,76,84,76,160
SAN BUENA VENTURA,consulta externa,repetidas en menores de 5 anos,2006-10-01,16,5,16,5,21
SAN CARLOS,consulta externa,repetidas en menores de 5 anos,2006-10-01,73,29,73,29,102
SAN IGNACIO,consulta externa,repetidas en menores de 5 anos,2006-10-01,121,104,121,104,225
SAN IGNACIO DE VELASCO,consulta externa,repetidas en menores de 5 anos,2006-10-01,147,108,147,108,255
SAN JAVIER(BNI),consulta externa,repetidas en menores de 5 anos,2006-10-01,1,4,1,4,5
SAN JAVIER(STC),consulta externa,repetidas en menores de 5 anos,2006-10-01,80,62,80,62,142
SAN JOAQUIN,consulta externa,repetidas en menores de 5 anos,2006-10-01,20,21,20,21,41
SAN JOSE DE CHIQUITOS,consulta externa,repetidas en menores de 5 anos,2006-10-01,2,3,2,3,5
SAN JUAN DE YAPACANI,consulta externa,repetidas en menores de 5 anos,2006-10-01,21,21,21,21,42
SAN JULIAN,consulta externa,repetidas en menores de 5 anos,2006-10-01,35,30,35,30,65
SAN LORENZO(PND),consulta externa,repetidas en menores de 5 anos,2006-10-01,5,4,5,4,9
SAN LORENZO(TJA),consulta externa,repetidas en menores de 5 anos,2006-10-01,54,32,54,32,86
SAN LUCAS,consulta externa,repetidas en menores de 5 anos,2006-10-01,33,24,33,24,57
SAN MATIAS,consulta externa,repetidas en menores de 5 anos,2006-10-01,12,14,12,14,26
SAN MIGUEL DE VELASCO,consulta externa,repetidas en menores de 5 anos,2006-10-01,25,27,25,27,52
SAN PABLO DE LIPEZ,consulta externa,repetidas en menores de 5 anos,2006-10-01,3,2,3,2,5
SAN PEDRO,consulta externa,repetidas en menores de 5 anos,2006-10-01,40,92,40,92,132
SAN PEDRO DE BUENA VISTA,consulta externa,repetidas en menores de 5 anos,2006-10-01,0,1,0,1,1
SAN PEDRO DE CURAHUARA,consulta externa,repetidas en menores de 5 anos,2006-10-01,5,0,5,0,5
SAN PEDRO DE TIQUINA,consulta externa,repetidas en menores de 5 anos,2006-10-01,5,0,5,0,5
SAN RAFAEL,consulta externa,repetidas en menores de 5 anos,2006-10-01,3,2,3,2,5
SAN RAMON,consulta externa,repetidas en menores de 5 anos,2006-10-01,43,53,43,53,96
SAN RAMON,consulta externa,repetidas en menores de 5 anos,2006-10-01,9,12,9,12,21
SANTA ANA,consulta externa,repetidas en menores de 5 anos,2006-10-01,27,14,27,14,41
SANTA CRUZ DE LA SIERRA,consulta externa,repetidas en menores de 5 anos,2006-10-01,3825,3851,3825,3851,7676
SANTA ROSA,consulta externa,repetidas en menores de 5 anos,2006-10-01,16,18,16,18,34
SANTA ROSA DEL SARA,consulta externa,repetidas en menores de 5 anos,2006-10-01,17,112,17,112,129
SANTIAGO DE HUARI,consulta externa,repetidas en menores de 5 anos,2006-10-01,5,2,5,2,7
SANTIAGO DE MACHACA,consulta externa,repetidas en menores de 5 anos,2006-10-01,2,2,2,2,4
SANTIVAÑES,consulta externa,repetidas en menores de 5 anos,2006-10-01,13,9,13,9,22
SANTUARIO DE QUILLACAS,consulta externa,repetidas en menores de 5 anos,2006-10-01,0,1,0,1,1
SAPAHAQUI,consulta externa,repetidas en menores de 5 anos,2006-10-01,1,3,1,3,4
SENA,consulta externa,repetidas en menores de 5 anos,2006-10-01,0,2,0,2,2
SICA SICA (VILLA AROMA),consulta externa,repetidas en menores de 5 anos,2006-10-01,3,1,3,1,4
SICAYA,consulta externa,repetidas en menores de 5 anos,2006-10-01,0,1,0,1,1
SIPE SIPE,consulta externa,repetidas en menores de 5 anos,2006-10-01,504,420,504,420,924
SOPACHUY,consulta externa,repetidas en menores de 5 anos,2006-10-01,7,3,7,3,10
SORACACHI,consulta externa,repetidas en menores de 5 anos,2006-10-01,1,4,1,4,5
SORATA,consulta externa,repetidas en menores de 5 anos,2006-10-01,3,4,3,4,7
SUCRE,consulta externa,repetidas en menores de 5 anos,2006-10-01,880,1027,880,1027,1907
TACACHI,consulta externa,repetidas en menores de 5 anos,2006-10-01,6,1,6,1,7
TACACOMA,consulta externa,repetidas en menores de 5 anos,2006-10-01,0,2,0,2,2
TACOBAMBA,consulta externa,repetidas en menores de 5 anos,2006-10-01,2,1,2,1,3
TACOPAYA,consulta externa,repetidas en menores de 5 anos,2006-10-01,2,2,2,2,4
TAHUA,consulta externa,repetidas en menores de 5 anos,2006-10-01,2,3,2,3,5
TAPACARI,consulta externa,repetidas en menores de 5 anos,2006-10-01,7,6,7,6,13
TARABUCO,consulta externa,repetidas en menores de 5 anos,2006-10-01,226,191,226,191,417
TARACO,consulta externa,repetidas en menores de 5 anos,2006-10-01,1,3,1,3,4
TARATA,consulta externa,repetidas en menores de 5 anos,2006-10-01,10,8,10,8,18
TARIJA,consulta externa,repetidas en menores de 5 anos,2006-10-01,576,493,576,493,1069
TARVITA,consulta externa,repetidas en menores de 5 anos,2006-10-01,42,35,42,35,77
TEOPONTE,consulta externa,repetidas en menores de 5 anos,2006-10-01,7,11,7,11,18
TIAWANACU,consulta externa,repetidas en menores de 5 anos,2006-10-01,4,0,4,0,4
TINGUIPAYA,consulta externa,repetidas en menores de 5 anos,2006-10-01,3,1,3,1,4
TIPUANI,consulta externa,repetidas en menores de 5 anos,2006-10-01,14,12,14,12,26
TIQUIPAYA,consulta externa,repetidas en menores de 5 anos,2006-10-01,207,168,207,168,375
TIRAQUE (CBBA),consulta externa,repetidas en menores de 5 anos,2006-10-01,170,172,170,172,342
TITO YUPANQUI (PARQUIPUJIO),consulta externa,repetidas en menores de 5 anos,2006-10-01,1,1,1,1,2
TOCO,consulta externa,repetidas en menores de 5 anos,2006-10-01,4,3,4,3,7
TOLATA,consulta externa,repetidas en menores de 5 anos,2006-10-01,6,5,6,5,11
TOLEDO,consulta externa,repetidas en menores de 5 anos,2006-10-01,8,6,8,6,14
TOMAVE,consulta externa,repetidas en menores de 5 anos,2006-10-01,3,6,3,6,9
TOMINA,consulta externa,repetidas en menores de 5 anos,2006-10-01,4,5,4,5,9
TORO TORO,consulta externa,repetidas en menores de 5 anos,2006-10-01,13,7,13,7,20
TOTORA(CBBA),consulta externa,repetidas en menores de 5 anos,2006-10-01,123,139,123,139,262
TOTORA(ORR),consulta externa,repetidas en menores de 5 anos,2006-10-01,4,4,4,4,8
TRIGAL,consulta externa,repetidas en menores de 5 anos,2006-10-01,2,1,2,1,3
TRINIDAD,consulta externa,repetidas en menores de 5 anos,2006-10-01,409,413,409,413,822
TUPIZA,consulta externa,repetidas en menores de 5 anos,2006-10-01,83,99,83,99,182
TURCO,consulta externa,repetidas en menores de 5 anos,2006-10-01,2,1,2,1,3
UNCIA,consulta externa,repetidas en menores de 5 anos,2006-10-01,20,14,20,14,34
URIONDO (A. CONCEPCION),consulta externa,repetidas en menores de 5 anos,2006-10-01,54,33,54,33,87
URUBICHA,consulta externa,repetidas en menores de 5 anos,2006-10-01,1,4,1,4,5
UYUNI,consulta externa,repetidas en menores de 5 anos,2006-10-01,12,19,12,19,31
VACAS,consulta externa,repetidas en menores de 5 anos,2006-10-01,27,27,27,27,54
VALLEGRANDE,consulta externa,repetidas en menores de 5 anos,2006-10-01,15,4,15,4,19
VIACHA,consulta externa,repetidas en menores de 5 anos,2006-10-01,62,54,62,54,116
VILA VILA,consulta externa,repetidas en menores de 5 anos,2006-10-01,2,3,2,3,5
VILLA MONTES,consulta externa,repetidas en menores de 5 anos,2006-10-01,49,50,49,50,99
VILLA NUEVA (LOMA ALTA),consulta externa,repetidas en menores de 5 anos,2006-10-01,3,1,3,1,4
VILLA RIVERO,consulta externa,repetidas en menores de 5 anos,2006-10-01,10,0,10,0,10
VILLA SERRANO,consulta externa,repetidas en menores de 5 anos,2006-10-01,42,42,42,42,84
VILLA TUNARI,consulta externa,repetidas en menores de 5 anos,2006-10-01,120,86,120,86,206
VILLA VACA GUZMAN (MUYUPAMPA),consulta externa,repetidas en menores de 5 anos,2006-10-01,23,9,23,9,32
VILLAZON,consulta externa,repetidas en menores de 5 anos,2006-10-01,46,54,46,54,100
VINTO,consulta externa,repetidas en menores de 5 anos,2006-10-01,207,160,207,160,367
VITICHI,consulta externa,repetidas en menores de 5 anos,2006-10-01,5,2,5,2,7
WALDO BALLIVIAN,consulta externa,repetidas en menores de 5 anos,2006-10-01,4,1,4,1,5
WARNES,consulta externa,repetidas en menores de 5 anos,2006-10-01,53,103,53,103,156
YACO,consulta externa,repetidas en menores de 5 anos,2006-10-01,3,4,3,4,7
YACUIBA,consulta externa,repetidas en menores de 5 anos,2006-10-01,164,142,164,142,306
YAMPARAEZ,consulta externa,repetidas en menores de 5 anos,2006-10-01,15,19,15,19,34
YANACACHI,consulta externa,repetidas en menores de 5 anos,2006-10-01,1,0,1,0,1
YAPACANI,consulta externa,repetidas en menores de 5 anos,2006-10-01,15,10,15,10,25
YOCALLA,consulta externa,repetidas en menores de 5 anos,2006-10-01,9,6,9,6,15
YOTALA,consulta externa,repetidas en menores de 5 anos,2006-10-01,12,16,12,16,28
YUNCHARA,consulta externa,repetidas en menores de 5 anos,2006-10-01,75,75,75,75,150
ACACIO,consulta externa,repetidas en menores de 5 anos,2006-11-01,0,1,0,1,1
ACHACACHI,consulta externa,repetidas en menores de 5 anos,2006-11-01,10,7,10,7,17
ACHOCALLA,consulta externa,repetidas en menores de 5 anos,2006-11-01,3,4,3,4,7
AIQUILE,consulta externa,repetidas en menores de 5 anos,2006-11-01,102,95,102,95,197
ALCALA,consulta externa,repetidas en menores de 5 anos,2006-11-01,1,4,1,4,5
ANCORAIMES,consulta externa,repetidas en menores de 5 anos,2006-11-01,10,5,10,5,15
ANDAMARCA,consulta externa,repetidas en menores de 5 anos,2006-11-01,3,5,3,5,8
ANTEQUERA,consulta externa,repetidas en menores de 5 anos,2006-11-01,6,6,6,6,12
ANZALDO,consulta externa,repetidas en menores de 5 anos,2006-11-01,34,36,34,36,70
APOLO,consulta externa,repetidas en menores de 5 anos,2006-11-01,4,6,4,6,10
ARAMPAMPA,consulta externa,repetidas en menores de 5 anos,2006-11-01,0,1,0,1,1
ARANI,consulta externa,repetidas en menores de 5 anos,2006-11-01,20,10,20,10,30
ARBIETO,consulta externa,repetidas en menores de 5 anos,2006-11-01,11,9,11,9,20
ARQUE,consulta externa,repetidas en menores de 5 anos,2006-11-01,17,13,17,13,30
ASCENCION DE GUARAYOS,consulta externa,repetidas en menores de 5 anos,2006-11-01,90,62,90,62,152
ATOCHA,consulta externa,repetidas en menores de 5 anos,2006-11-01,51,32,51,32,83
AUCAPATA,consulta externa,repetidas en menores de 5 anos,2006-11-01,10,7,10,7,17
AYATA,consulta externa,repetidas en menores de 5 anos,2006-11-01,4,5,4,5,9
AYO AYO,consulta externa,repetidas en menores de 5 anos,2006-11-01,1,1,1,1,2
AYOPAYA (V. DE INDEPENDENCIA),consulta externa,repetidas en menores de 5 anos,2006-11-01,12,11,12,11,23
AZURDUY,consulta externa,repetidas en menores de 5 anos,2006-11-01,0,2,0,2,2
BATALLAS,consulta externa,repetidas en menores de 5 anos,2006-11-01,5,9,5,9,14
BAURES,consulta externa,repetidas en menores de 5 anos,2006-11-01,6,2,6,2,8
BELEN DE ANDAMARCA,consulta externa,repetidas en menores de 5 anos,2006-11-01,2,0,2,0,2
BELEN DE URMIRI,consulta externa,repetidas en menores de 5 anos,2006-11-01,2,2,2,2,4
BELLA FLOR,consulta externa,repetidas en menores de 5 anos,2006-11-01,23,35,23,35,58
BERMEJO,consulta externa,repetidas en menores de 5 anos,2006-11-01,32,24,32,24,56
BETANZOS,consulta externa,repetidas en menores de 5 anos,2006-11-01,13,14,13,14,27
BOLIVAR,consulta externa,repetidas en menores de 5 anos,2006-11-01,11,12,11,12,23
BOLPEBRA,consulta externa,repetidas en menores de 5 anos,2006-11-01,1,0,1,0,1
BOYUIBE,consulta externa,repetidas en menores de 5 anos,2006-11-01,2,7,2,7,9
BUENA VISTA,consulta externa,repetidas en menores de 5 anos,2006-11-01,50,40,50,40,90
CABEZAS,consulta externa,repetidas en menores de 5 anos,2006-11-01,19,18,19,18,37
CAIROMA,consulta externa,repetidas en menores de 5 anos,2006-11-01,26,24,26,24,50
"CAIZA ""D""",consulta externa,repetidas en menores de 5 anos,2006-11-01,7,3,7,3,10
CAJUATA,consulta externa,repetidas en menores de 5 anos,2006-11-01,7,3,7,3,10
CALACOTO,consulta externa,repetidas en menores de 5 anos,2006-11-01,0,3,0,3,3
CALAMARCA,consulta externa,repetidas en menores de 5 anos,2006-11-01,16,2,16,2,18
CAMARGO,consulta externa,repetidas en menores de 5 anos,2006-11-01,14,17,14,17,31
CAMATAQUI (C. VILLA ABECIA),consulta externa,repetidas en menores de 5 anos,2006-11-01,16,13,16,13,29
CAMIRI,consulta externa,repetidas en menores de 5 anos,2006-11-01,93,69,93,69,162
CAPINOTA,consulta externa,repetidas en menores de 5 anos,2006-11-01,151,154,151,154,305
CAQUIAVIRI,consulta externa,repetidas en menores de 5 anos,2006-11-01,0,1,0,1,1
CARACOLLO,consulta externa,repetidas en menores de 5 anos,2006-11-01,11,2,11,2,13
CARANAVI,consulta externa,repetidas en menores de 5 anos,2006-11-01,26,21,26,21,47
CARAPARI,consulta externa,repetidas en menores de 5 anos,2006-11-01,18,10,18,10,28
CARIPUYO,consulta externa,repetidas en menores de 5 anos,2006-11-01,7,1,7,1,8
CARMEN RIVERO TORREZ,consulta externa,repetidas en menores de 5 anos,2006-11-01,0,1,0,1,1
CHALLAPATA,consulta externa,repetidas en menores de 5 anos,2006-11-01,36,23,36,23,59
CHAQUI,consulta externa,repetidas en menores de 5 anos,2006-11-01,0,2,0,2,2
CHARAGUA,consulta externa,repetidas en menores de 5 anos,2006-11-01,52,31,52,31,83
CHARAÑA,consulta externa,repetidas en menores de 5 anos,2006-11-01,1,1,1,1,2
CHAYANTA,consulta externa,repetidas en menores de 5 anos,2006-11-01,2,4,2,4,6
CHIMORE,consulta externa,repetidas en menores de 5 anos,2006-11-01,7,10,7,10,17
CHIPAYA,consulta externa,repetidas en menores de 5 anos,2006-11-01,2,2,2,2,4
CHOQUE COTA,consulta externa,repetidas en menores de 5 anos,2006-11-01,0,4,0,4,4
CHULUMANI (V. DE LA LIBERTAD),consulta externa,repetidas en menores de 5 anos,2006-11-01,44,29,44,29,73
CHUMA,consulta externa,repetidas en menores de 5 anos,2006-11-01,0,1,0,1,1
CLIZA,consulta externa,repetidas en menores de 5 anos,2006-11-01,45,42,45,42,87
COBIJA,consulta externa,repetidas en menores de 5 anos,2006-11-01,85,99,85,99,184
COCHABAMBA,consulta externa,repetidas en menores de 5 anos,2006-11-01,3512,3349,3512,3349,6861
COLCAPIRHUA,consulta externa,repetidas en menores de 5 anos,2006-11-01,196,168,196,168,364
"COLCHA ""K""",consulta externa,repetidas en menores de 5 anos,2006-11-01,6,9,6,9,15
COLLANA,consulta externa,repetidas en menores de 5 anos,2006-11-01,10,2,10,2,12
COLOMI,consulta externa,repetidas en menores de 5 anos,2006-11-01,57,47,57,47,104
COLPA BELGICA,consulta externa,repetidas en menores de 5 anos,2006-11-01,46,40,46,40,86
COLQUECHACA,consulta externa,repetidas en menores de 5 anos,2006-11-01,7,3,7,3,10
COLQUENCHA,consulta externa,repetidas en menores de 5 anos,2006-11-01,3,11,3,11,14
COLQUIRI,consulta externa,repetidas en menores de 5 anos,2006-11-01,36,54,36,54,90
COMANCHE,consulta externa,repetidas en menores de 5 anos,2006-11-01,1,0,1,0,1
COMARAPA,consulta externa,repetidas en menores de 5 anos,2006-11-01,23,21,23,21,44
CONCEPCION,consulta externa,repetidas en menores de 5 anos,2006-11-01,7,5,7,5,12
CORIPATA,consulta externa,repetidas en menores de 5 anos,2006-11-01,7,19,7,19,26
CORO CORO,consulta externa,repetidas en menores de 5 anos,2006-11-01,4,5,4,5,9
COROICO,consulta externa,repetidas en menores de 5 anos,2006-11-01,56,77,56,77,133
CORQUE,consulta externa,repetidas en menores de 5 anos,2006-11-01,38,27,38,27,65
COTAGAITA,consulta externa,repetidas en menores de 5 anos,2006-11-01,18,10,18,10,28
COTOCA,consulta externa,repetidas en menores de 5 anos,2006-11-01,59,45,59,45,104
CUATRO CAÑADAS,consulta externa,repetidas en menores de 5 anos,2006-11-01,112,75,112,75,187
CUCHUMUELA (V. G. VILLARROEL),consulta externa,repetidas en menores de 5 anos,2006-11-01,7,7,7,7,14
CUEVO,consulta externa,repetidas en menores de 5 anos,2006-11-01,5,3,5,3,8
CULPINA,consulta externa,repetidas en menores de 5 anos,2006-11-01,4,5,4,5,9
CURAHUARA DE CARANGAS,consulta externa,repetidas en menores de 5 anos,2006-11-01,4,3,4,3,7
CURVA,consulta externa,repetidas en menores de 5 anos,2006-11-01,4,1,4,1,5
DESAGUADERO,consulta externa,repetidas en menores de 5 anos,2006-11-01,3,3,3,3,6
EL ALTO,consulta externa,repetidas en menores de 5 anos,2006-11-01,2006,1796,2006,1796,3802
EL CHORO,consulta externa,repetidas en menores de 5 anos,2006-11-01,5,4,5,4,9
EL PUENTE(STC),consulta externa,repetidas en menores de 5 anos,2006-11-01,5,14,5,14,19
EL PUENTE(TJA),consulta externa,repetidas en menores de 5 anos,2006-11-01,36,42,36,42,78
EL TORNO,consulta externa,repetidas en menores de 5 anos,2006-11-01,38,30,38,30,68
EL VILLAR,consulta externa,repetidas en menores de 5 anos,2006-11-01,0,1,0,1,1
ENTRE RIOS,consulta externa,repetidas en menores de 5 anos,2006-11-01,25,20,25,20,45
ENTRE RIOS,consulta externa,repetidas en menores de 5 anos,2006-11-01,7,6,7,6,13
EUCALIPTUS,consulta externa,repetidas en menores de 5 anos,2006-11-01,12,6,12,6,18
EXALTACION,consulta externa,repetidas en menores de 5 anos,2006-11-01,4,2,4,2,6
FERNANDEZ ALONSO,consulta externa,repetidas en menores de 5 anos,2006-11-01,48,41,48,41,89
FILADELFIA,consulta externa,repetidas en menores de 5 anos,2006-11-01,7,9,7,9,16
GENERAL SAAVEDRA,consulta externa,repetidas en menores de 5 anos,2006-11-01,18,14,18,14,32
GRAL. J.J. PEREZ (CHARAZANI),consulta externa,repetidas en menores de 5 anos,2006-11-01,0,6,0,6,6
GUANAY,consulta externa,repetidas en menores de 5 anos,2006-11-01,11,7,11,7,18
GUAQUI,consulta externa,repetidas en menores de 5 anos,2006-11-01,6,1,6,1,7
GUAYARAMERIN,consulta externa,repetidas en menores de 5 anos,2006-11-01,81,100,81,100,181
GUTIERREZ,consulta externa,repetidas en menores de 5 anos,2006-11-01,127,69,127,69,196
HUACARETA,consulta externa,repetidas en menores de 5 anos,2006-11-01,27,25,27,25,52
HUACAYA (VILLA DE HUACAYA),consulta externa,repetidas en menores de 5 anos,2006-11-01,4,5,4,5,9
HUACHACALLA,consulta externa,repetidas en menores de 5 anos,2006-11-01,5,0,5,0,5
HUANUNI,consulta externa,repetidas en menores de 5 anos,2006-11-01,83,80,83,80,163
HUARACAJE,consulta externa,repetidas en menores de 5 anos,2006-11-01,5,1,5,1,6
HUAYLLAMARCA,consulta externa,repetidas en menores de 5 anos,2006-11-01,3,3,3,3,6
ICHOCA,consulta externa,repetidas en menores de 5 anos,2006-11-01,1,0,1,0,1
ICLA,consulta externa,repetidas en menores de 5 anos,2006-11-01,1,5,1,5,6
INCAHUASI,consulta externa,repetidas en menores de 5 anos,2006-11-01,6,5,6,5,11
INGAVI (HUMAITA),consulta externa,repetidas en menores de 5 anos,2006-11-01,10,5,10,5,15
INQUISIVI,consulta externa,repetidas en menores de 5 anos,2006-11-01,3,7,3,7,10
IRUPANA (VILLA DE LANZA),consulta externa,repetidas en menores de 5 anos,2006-11-01,9,7,9,7,16
IXIAMAS,consulta externa,repetidas en menores de 5 anos,2006-11-01,10,14,10,14,24
JESUS DE MACHACA,consulta externa,repetidas en menores de 5 anos,2006-11-01,0,2,0,2,2
LA ASUNTA,consulta externa,repetidas en menores de 5 anos,2006-11-01,13,7,13,7,20
LA GUARDIA,consulta externa,repetidas en menores de 5 anos,2006-11-01,106,115,106,115,221
LA PAZ,consulta externa,repetidas en menores de 5 anos,2006-11-01,4290,4553,4290,4553,8843
LAGUNILLAS,consulta externa,repetidas en menores de 5 anos,2006-11-01,8,5,8,5,13
LAJA,consulta externa,repetidas en menores de 5 anos,2006-11-01,6,2,6,2,8
LAS CARRERAS,consulta externa,repetidas en menores de 5 anos,2006-11-01,5,8,5,8,13
LLALLAGUA,consulta externa,repetidas en menores de 5 anos,2006-11-01,24,29,24,29,53
LLICA,consulta externa,repetidas en menores de 5 anos,2006-11-01,2,2,2,2,4
LORETO,consulta externa,repetidas en menores de 5 anos,2006-11-01,14,12,14,12,26
LURIBAY,consulta externa,repetidas en menores de 5 anos,2006-11-01,2,8,2,8,10
MACHACAMARCA,consulta externa,repetidas en menores de 5 anos,2006-11-01,2,1,2,1,3
MACHARETI,consulta externa,repetidas en menores de 5 anos,2006-11-01,7,6,7,6,13
MAGDALENA,consulta externa,repetidas en menores de 5 anos,2006-11-01,20,14,20,14,34
MAIRANA,consulta externa,repetidas en menores de 5 anos,2006-11-01,8,11,8,11,19
MAPIRI,consulta externa,repetidas en menores de 5 anos,2006-11-01,27,19,27,19,46
MECAPACA,consulta externa,repetidas en menores de 5 anos,2006-11-01,10,9,10,9,19
MINEROS,consulta externa,repetidas en menores de 5 anos,2006-11-01,15,14,15,14,29
MIZQUE,consulta externa,repetidas en menores de 5 anos,2006-11-01,12,19,12,19,31
MOCOMOCO,consulta externa,repetidas en menores de 5 anos,2006-11-01,1,1,1,1,2
MOJINETE,consulta externa,repetidas en menores de 5 anos,2006-11-01,2,2,2,2,4
MOJOCOYA,consulta externa,repetidas en menores de 5 anos,2006-11-01,8,6,8,6,14
MONTEAGUDO,consulta externa,repetidas en menores de 5 anos,2006-11-01,88,75,88,75,163
MONTERO,consulta externa,repetidas en menores de 5 anos,2006-11-01,536,530,536,530,1066
MORO MORO,consulta externa,repetidas en menores de 5 anos,2006-11-01,2,0,2,0,2
MOROCHATA,consulta externa,repetidas en menores de 5 anos,2006-11-01,114,108,114,108,222
NACEBE (SANTA ROSA DEL ABUNA),consulta externa,repetidas en menores de 5 anos,2006-11-01,2,1,2,1,3
OCURI,consulta externa,repetidas en menores de 5 anos,2006-11-01,6,3,6,3,9
OKINAWA,consulta externa,repetidas en menores de 5 anos,2006-11-01,18,28,18,28,46
OMEREQUE,consulta externa,repetidas en menores de 5 anos,2006-11-01,0,1,0,1,1
ORURO,consulta externa,repetidas en menores de 5 anos,2006-11-01,666,610,666,610,1276
PADCAYA,consulta externa,repetidas en menores de 5 anos,2006-11-01,24,20,24,20,44
PADILLA,consulta externa,repetidas en menores de 5 anos,2006-11-01,2,2,2,2,4
PAILON,consulta externa,repetidas en menores de 5 anos,2006-11-01,18,16,18,16,34
PALCA,consulta externa,repetidas en menores de 5 anos,2006-11-01,6,4,6,4,10
PALOS BLANCOS,consulta externa,repetidas en menores de 5 anos,2006-11-01,27,22,27,22,49
PAMPA AULLAGAS,consulta externa,repetidas en menores de 5 anos,2006-11-01,1,3,1,3,4
PAMPA GRANDE,consulta externa,repetidas en menores de 5 anos,2006-11-01,4,4,4,4,8
PAPEL PAMPA,consulta externa,repetidas en menores de 5 anos,2006-11-01,2,0,2,0,2
PATACAMAYA,consulta externa,repetidas en menores de 5 anos,2006-11-01,6,6,6,6,12
PAZÑA,consulta externa,repetidas en menores de 5 anos,2006-11-01,1,3,1,3,4
PELECHUCO,consulta externa,repetidas en menores de 5 anos,2006-11-01,6,3,6,3,9
POCOATA,consulta externa,repetidas en menores de 5 anos,2006-11-01,11,11,11,11,22
POCONA,consulta externa,repetidas en menores de 5 anos,2006-11-01,13,11,13,11,24
POJO (CBBA),consulta externa,repetidas en menores de 5 anos,2006-11-01,11,7,11,7,18
POOPO,consulta externa,repetidas en menores de 5 anos,2006-11-01,1,2,1,2,3
PORCO,consulta externa,repetidas en menores de 5 anos,2006-11-01,4,4,4,4,8
POROMA,consulta externa,repetidas en menores de 5 anos,2006-11-01,3,0,3,0,3
PORONGO,consulta externa,repetidas en menores de 5 anos,2006-11-01,30,31,30,31,61
PORTACHUELO,consulta externa,repetidas en menores de 5 anos,2006-11-01,22,24,22,24,46
PORVENIR,consulta externa,repetidas en menores de 5 anos,2006-11-01,5,4,5,4,9
POSTRER VALLE,consulta externa,repetidas en menores de 5 anos,2006-11-01,0,2,0,2,2
POTOSI,consulta externa,repetidas en menores de 5 anos,2006-11-01,437,242,437,242,679
PRESTO,consulta externa,repetidas en menores de 5 anos,2006-11-01,1,1,1,1,2
PUCARA,consulta externa,repetidas en menores de 5 anos,2006-11-01,1,0,1,0,1
PUCARANI,consulta externa,repetidas en menores de 5 anos,2006-11-01,21,16,21,16,37
PUERTO ACOSTA,consulta externa,repetidas en menores de 5 anos,2006-11-01,6,1,6,1,7
PUERTO CARABUCO,consulta externa,repetidas en menores de 5 anos,2006-11-01,21,13,21,13,34
PUERTO GONZALO MORENO,consulta externa,repetidas en menores de 5 anos,2006-11-01,39,33,39,33,72
PUERTO PEREZ,consulta externa,repetidas en menores de 5 anos,2006-11-01,21,17,21,17,38
PUERTO QUIJARRO,consulta externa,repetidas en menores de 5 anos,2006-11-01,21,19,21,19,40
PUERTO RICO,consulta externa,repetidas en menores de 5 anos,2006-11-01,11,5,11,5,16
PUERTO SILES,consulta externa,repetidas en menores de 5 anos,2006-11-01,1,3,1,3,4
PUERTO SUAREZ,consulta externa,repetidas en menores de 5 anos,2006-11-01,18,17,18,17,35
PUERTO VILLARROEL,consulta externa,repetidas en menores de 5 anos,2006-11-01,84,64,84,64,148
PUNA,consulta externa,repetidas en menores de 5 anos,2006-11-01,10,8,10,8,18
PUNATA,consulta externa,repetidas en menores de 5 anos,2006-11-01,101,121,101,121,222
QUIABAYA,consulta externa,repetidas en menores de 5 anos,2006-11-01,2,0,2,0,2
QUILLACOLLO,consulta externa,repetidas en menores de 5 anos,2006-11-01,566,299,566,299,865
QUIME,consulta externa,repetidas en menores de 5 anos,2006-11-01,4,0,4,0,4
QUIRUSILLAS,consulta externa,repetidas en menores de 5 anos,2006-11-01,0,1,0,1,1
RAVELO,consulta externa,repetidas en menores de 5 anos,2006-11-01,4,0,4,0,4
REYES,consulta externa,repetidas en menores de 5 anos,2006-11-01,10,4,10,4,14
RIBERALTA,consulta externa,repetidas en menores de 5 anos,2006-11-01,216,231,216,231,447
ROBORE,consulta externa,repetidas en menores de 5 anos,2006-11-01,4,5,4,5,9
RURRENABAQUE,consulta externa,repetidas en menores de 5 anos,2006-11-01,56,50,56,50,106
SABAYA,consulta externa,repetidas en menores de 5 anos,2006-11-01,1,3,1,3,4
SACABA,consulta externa,repetidas en menores de 5 anos,2006-11-01,293,267,293,267,560
SACABAMBA,consulta externa,repetidas en menores de 5 anos,2006-11-01,4,3,4,3,7
SACACA,consulta externa,repetidas en menores de 5 anos,2006-11-01,1,1,1,1,2
SAIPINA,consulta externa,repetidas en menores de 5 anos,2006-11-01,8,9,8,9,17
SALINAS DE GARCI MENDOZA,consulta externa,repetidas en menores de 5 anos,2006-11-01,10,3,10,3,13
SAMAIPATA,consulta externa,repetidas en menores de 5 anos,2006-11-01,2,0,2,0,2
SAN AGUSTIN,consulta externa,repetidas en menores de 5 anos,2006-11-01,1,1,1,1,2
SAN ANDRES,consulta externa,repetidas en menores de 5 anos,2006-11-01,20,19,20,19,39
SAN ANDRES DE MACHACA,consulta externa,repetidas en menores de 5 anos,2006-11-01,2,0,2,0,2
SAN ANTONIO DE ESMORUCO,consulta externa,repetidas en menores de 5 anos,2006-11-01,1,2,1,2,3
SAN ANTONIO DE LOMERIO,consulta externa,repetidas en menores de 5 anos,2006-11-01,3,4,3,4,7
SAN BENITO,consulta externa,repetidas en menores de 5 anos,2006-11-01,33,16,33,16,49
SAN BORJA,consulta externa,repetidas en menores de 5 anos,2006-11-01,107,79,107,79,186
SAN BUENA VENTURA,consulta externa,repetidas en menores de 5 anos,2006-11-01,21,13,21,13,34
SAN CARLOS,consulta externa,repetidas en menores de 5 anos,2006-11-01,19,14,19,14,33
SAN IGNACIO,consulta externa,repetidas en menores de 5 anos,2006-11-01,57,46,57,46,103
SAN IGNACIO DE VELASCO,consulta externa,repetidas en menores de 5 anos,2006-11-01,71,50,71,50,121
SAN JAVIER(BNI),consulta externa,repetidas en menores de 5 anos,2006-11-01,4,0,4,0,4
SAN JAVIER(STC),consulta externa,repetidas en menores de 5 anos,2006-11-01,43,42,43,42,85
SAN JOAQUIN,consulta externa,repetidas en menores de 5 anos,2006-11-01,27,33,27,33,60
SAN JOSE DE CHIQUITOS,consulta externa,repetidas en menores de 5 anos,2006-11-01,5,5,5,5,10
SAN JUAN DE YAPACANI,consulta externa,repetidas en menores de 5 anos,2006-11-01,55,50,55,50,105
SAN JULIAN,consulta externa,repetidas en menores de 5 anos,2006-11-01,26,34,26,34,60
SAN LORENZO(PND),consulta externa,repetidas en menores de 5 anos,2006-11-01,5,3,5,3,8
SAN LORENZO(TJA),consulta externa,repetidas en menores de 5 anos,2006-11-01,40,51,40,51,91
SAN LUCAS,consulta externa,repetidas en menores de 5 anos,2006-11-01,38,29,38,29,67
SAN MATIAS,consulta externa,repetidas en menores de 5 anos,2006-11-01,8,11,8,11,19
SAN MIGUEL DE VELASCO,consulta externa,repetidas en menores de 5 anos,2006-11-01,29,22,29,22,51
SAN PABLO DE LIPEZ,consulta externa,repetidas en menores de 5 anos,2006-11-01,3,1,3,1,4
SAN PEDRO,consulta externa,repetidas en menores de 5 anos,2006-11-01,52,47,52,47,99
SAN PEDRO DE BUENA VISTA,consulta externa,repetidas en menores de 5 anos,2006-11-01,2,0,2,0,2
SAN PEDRO DE CURAHUARA,consulta externa,repetidas en menores de 5 anos,2006-11-01,2,0,2,0,2
SAN PEDRO DE TIQUINA,consulta externa,repetidas en menores de 5 anos,2006-11-01,5,5,5,5,10
SAN RAFAEL,consulta externa,repetidas en menores de 5 anos,2006-11-01,16,17,16,17,33
SAN RAMON,consulta externa,repetidas en menores de 5 anos,2006-11-01,13,6,13,6,19
SAN RAMON,consulta externa,repetidas en menores de 5 anos,2006-11-01,19,13,19,13,32
SANTA ANA,consulta externa,repetidas en menores de 5 anos,2006-11-01,17,8,17,8,25
SANTA CRUZ DE LA SIERRA,consulta externa,repetidas en menores de 5 anos,2006-11-01,3546,3554,3546,3554,7100
SANTA ROSA,consulta externa,repetidas en menores de 5 anos,2006-11-01,8,8,8,8,16
SANTA ROSA DEL SARA,consulta externa,repetidas en menores de 5 anos,2006-11-01,18,27,18,27,45
SANTIAGO DE HUARI,consulta externa,repetidas en menores de 5 anos,2006-11-01,20,5,20,5,25
SANTIAGO DE MACHACA,consulta externa,repetidas en menores de 5 anos,2006-11-01,6,0,6,0,6
SANTIVAÑES,consulta externa,repetidas en menores de 5 anos,2006-11-01,12,15,12,15,27
SANTUARIO DE QUILLACAS,consulta externa,repetidas en menores de 5 anos,2006-11-01,5,5,5,5,10
SAPAHAQUI,consulta externa,repetidas en menores de 5 anos,2006-11-01,6,0,6,0,6
SENA,consulta externa,repetidas en menores de 5 anos,2006-11-01,0,3,0,3,3
SICA SICA (VILLA AROMA),consulta externa,repetidas en menores de 5 anos,2006-11-01,0,2,0,2,2
SIPE SIPE,consulta externa,repetidas en menores de 5 anos,2006-11-01,318,270,318,270,588
SOPACHUY,consulta externa,repetidas en menores de 5 anos,2006-11-01,7,4,7,4,11
SORACACHI,consulta externa,repetidas en menores de 5 anos,2006-11-01,4,7,4,7,11
SORATA,consulta externa,repetidas en menores de 5 anos,2006-11-01,16,13,16,13,29
SUCRE,consulta externa,repetidas en menores de 5 anos,2006-11-01,833,977,833,977,1810
TACACHI,consulta externa,repetidas en menores de 5 anos,2006-11-01,5,6,5,6,11
TACACOMA,consulta externa,repetidas en menores de 5 anos,2006-11-01,2,0,2,0,2
TACOBAMBA,consulta externa,repetidas en menores de 5 anos,2006-11-01,2,1,2,1,3
TACOPAYA,consulta externa,repetidas en menores de 5 anos,2006-11-01,0,1,0,1,1
TAPACARI,consulta externa,repetidas en menores de 5 anos,2006-11-01,10,5,10,5,15
TARABUCO,consulta externa,repetidas en menores de 5 anos,2006-11-01,183,184,183,184,367
TARACO,consulta externa,repetidas en menores de 5 anos,2006-11-01,0,4,0,4,4
TARATA,consulta externa,repetidas en menores de 5 anos,2006-11-01,7,21,7,21,28
TARIJA,consulta externa,repetidas en menores de 5 anos,2006-11-01,449,439,449,439,888
TARVITA,consulta externa,repetidas en menores de 5 anos,2006-11-01,71,65,71,65,136
TEOPONTE,consulta externa,repetidas en menores de 5 anos,2006-11-01,28,16,28,16,44
TINGUIPAYA,consulta externa,repetidas en menores de 5 anos,2006-11-01,15,20,15,20,35
TIPUANI,consulta externa,repetidas en menores de 5 anos,2006-11-01,5,9,5,9,14
TIQUIPAYA,consulta externa,repetidas en menores de 5 anos,2006-11-01,184,156,184,156,340
TIRAQUE (CBBA),consulta externa,repetidas en menores de 5 anos,2006-11-01,147,120,147,120,267
TOCO,consulta externa,repetidas en menores de 5 anos,2006-11-01,2,1,2,1,3
TODOS SANTOS,consulta externa,repetidas en menores de 5 anos,2006-11-01,1,0,1,0,1
TOLATA,consulta externa,repetidas en menores de 5 anos,2006-11-01,18,10,18,10,28
TOLEDO,consulta externa,repetidas en menores de 5 anos,2006-11-01,14,13,14,13,27
TOMAVE,consulta externa,repetidas en menores de 5 anos,2006-11-01,7,2,7,2,9
TOMINA,consulta externa,repetidas en menores de 5 anos,2006-11-01,3,3,3,3,6
TORO TORO,consulta externa,repetidas en menores de 5 anos,2006-11-01,3,2,3,2,5
TOTORA(CBBA),consulta externa,repetidas en menores de 5 anos,2006-11-01,104,83,104,83,187
TOTORA(ORR),consulta externa,repetidas en menores de 5 anos,2006-11-01,7,13,7,13,20
TRIGAL,consulta externa,repetidas en menores de 5 anos,2006-11-01,1,2,1,2,3
TRINIDAD,consulta externa,repetidas en menores de 5 anos,2006-11-01,387,397,387,397,784
TUPIZA,consulta externa,repetidas en menores de 5 anos,2006-11-01,77,98,77,98,175
TURCO,consulta externa,repetidas en menores de 5 anos,2006-11-01,1,4,1,4,5
UMALA,consulta externa,repetidas en menores de 5 anos,2006-11-01,1,0,1,0,1
UNCIA,consulta externa,repetidas en menores de 5 anos,2006-11-01,9,10,9,10,19
URIONDO (A. CONCEPCION),consulta externa,repetidas en menores de 5 anos,2006-11-01,25,38,25,38,63
URUBICHA,consulta externa,repetidas en menores de 5 anos,2006-11-01,1,0,1,0,1
UYUNI,consulta externa,repetidas en menores de 5 anos,2006-11-01,13,8,13,8,21
VACAS,consulta externa,repetidas en menores de 5 anos,2006-11-01,49,36,49,36,85
VALLEGRANDE,consulta externa,repetidas en menores de 5 anos,2006-11-01,29,22,29,22,51
VIACHA,consulta externa,repetidas en menores de 5 anos,2006-11-01,81,35,81,35,116
VILA VILA,consulta externa,repetidas en menores de 5 anos,2006-11-01,2,1,2,1,3
VILLA MONTES,consulta externa,repetidas en menores de 5 anos,2006-11-01,67,58,67,58,125
VILLA NUEVA (LOMA ALTA),consulta externa,repetidas en menores de 5 anos,2006-11-01,4,7,4,7,11
VILLA RIVERO,consulta externa,repetidas en menores de 5 anos,2006-11-01,2,0,2,0,2
VILLA SERRANO,consulta externa,repetidas en menores de 5 anos,2006-11-01,1,3,1,3,4
VILLA TUNARI,consulta externa,repetidas en menores de 5 anos,2006-11-01,99,84,99,84,183
VILLA VACA GUZMAN (MUYUPAMPA),consulta externa,repetidas en menores de 5 anos,2006-11-01,23,17,23,17,40
VILLAZON,consulta externa,repetidas en menores de 5 anos,2006-11-01,41,27,41,27,68
VINTO,consulta externa,repetidas en menores de 5 anos,2006-11-01,171,157,171,157,328
VITICHI,consulta externa,repetidas en menores de 5 anos,2006-11-01,3,12,3,12,15
WALDO BALLIVIAN,consulta externa,repetidas en menores de 5 anos,2006-11-01,0,1,0,1,1
WARNES,consulta externa,repetidas en menores de 5 anos,2006-11-01,100,109,100,109,209
YACO,consulta externa,repetidas en menores de 5 anos,2006-11-01,8,1,8,1,9
YACUIBA,consulta externa,repetidas en menores de 5 anos,2006-11-01,181,179,181,179,360
YAMPARAEZ,consulta externa,repetidas en menores de 5 anos,2006-11-01,10,20,10,20,30
YANACACHI,consulta externa,repetidas en menores de 5 anos,2006-11-01,3,0,3,0,3
YAPACANI,consulta externa,repetidas en menores de 5 anos,2006-11-01,12,9,12,9,21
YOCALLA,consulta externa,repetidas en menores de 5 anos,2006-11-01,10,4,10,4,14
YOTALA,consulta externa,repetidas en menores de 5 anos,2006-11-01,45,41,45,41,86
YUNCHARA,consulta externa,repetidas en menores de 5 anos,2006-11-01,25,19,25,19,44
ZUDAÑEZ,consulta externa,repetidas en menores de 5 anos,2006-11-01,4,5,4,5,9
ACACIO,consulta externa,repetidas en menores de 5 anos,2006-12-01,7,2,7,2,9
ACHACACHI,consulta externa,repetidas en menores de 5 anos,2006-12-01,3,2,3,2,5
ACHOCALLA,consulta externa,repetidas en menores de 5 anos,2006-12-01,2,3,2,3,5
AIQUILE,consulta externa,repetidas en menores de 5 anos,2006-12-01,34,33,34,33,67
ALCALA,consulta externa,repetidas en menores de 5 anos,2006-12-01,0,1,0,1,1
ANCORAIMES,consulta externa,repetidas en menores de 5 anos,2006-12-01,4,6,4,6,10
ANDAMARCA,consulta externa,repetidas en menores de 5 anos,2006-12-01,2,3,2,3,5
ANTEQUERA,consulta externa,repetidas en menores de 5 anos,2006-12-01,1,3,1,3,4
ANZALDO,consulta externa,repetidas en menores de 5 anos,2006-12-01,11,6,11,6,17
APOLO,consulta externa,repetidas en menores de 5 anos,2006-12-01,9,6,9,6,15
ARAMPAMPA,consulta externa,repetidas en menores de 5 anos,2006-12-01,1,0,1,0,1
ARANI,consulta externa,repetidas en menores de 5 anos,2006-12-01,10,4,10,4,14
ARBIETO,consulta externa,repetidas en menores de 5 anos,2006-12-01,13,6,13,6,19
ARQUE,consulta externa,repetidas en menores de 5 anos,2006-12-01,62,124,62,124,186
ASCENCION DE GUARAYOS,consulta externa,repetidas en menores de 5 anos,2006-12-01,50,27,50,27,77
ATOCHA,consulta externa,repetidas en menores de 5 anos,2006-12-01,36,22,36,22,58
AUCAPATA,consulta externa,repetidas en menores de 5 anos,2006-12-01,16,12,16,12,28
AYATA,consulta externa,repetidas en menores de 5 anos,2006-12-01,11,10,11,10,21
AYO AYO,consulta externa,repetidas en menores de 5 anos,2006-12-01,0,3,0,3,3
AYOPAYA (V. DE INDEPENDENCIA),consulta externa,repetidas en menores de 5 anos,2006-12-01,10,8,10,8,18
BATALLAS,consulta externa,repetidas en menores de 5 anos,2006-12-01,14,9,14,9,23
BAURES,consulta externa,repetidas en menores de 5 anos,2006-12-01,5,3,5,3,8
BELEN DE ANDAMARCA,consulta externa,repetidas en menores de 5 anos,2006-12-01,3,1,3,1,4
BELEN DE URMIRI,consulta externa,repetidas en menores de 5 anos,2006-12-01,0,4,0,4,4
BELLA FLOR,consulta externa,repetidas en menores de 5 anos,2006-12-01,1,1,1,1,2
BERMEJO,consulta externa,repetidas en menores de 5 anos,2006-12-01,32,28,32,28,60
BETANZOS,consulta externa,repetidas en menores de 5 anos,2006-12-01,18,20,18,20,38
BOLIVAR,consulta externa,repetidas en menores de 5 anos,2006-12-01,3,0,3,0,3
BOLPEBRA,consulta externa,repetidas en menores de 5 anos,2006-12-01,0,1,0,1,1
BOYUIBE,consulta externa,repetidas en menores de 5 anos,2006-12-01,34,26,34,26,60
BUENA VISTA,consulta externa,repetidas en menores de 5 anos,2006-12-01,48,39,48,39,87
CABEZAS,consulta externa,repetidas en menores de 5 anos,2006-12-01,8,9,8,9,17
CAIROMA,consulta externa,repetidas en menores de 5 anos,2006-12-01,9,7,9,7,16
"CAIZA ""D""",consulta externa,repetidas en menores de 5 anos,2006-12-01,6,1,6,1,7
CAJUATA,consulta externa,repetidas en menores de 5 anos,2006-12-01,19,22,19,22,41
CALACOTO,consulta externa,repetidas en menores de 5 anos,2006-12-01,0,2,0,2,2
CALAMARCA,consulta externa,repetidas en menores de 5 anos,2006-12-01,6,2,6,2,8
CAMARGO,consulta externa,repetidas en menores de 5 anos,2006-12-01,4,16,4,16,20
CAMATAQUI (C. VILLA ABECIA),consulta externa,repetidas en menores de 5 anos,2006-12-01,15,11,15,11,26
CAMIRI,consulta externa,repetidas en menores de 5 anos,2006-12-01,79,68,79,68,147
CAPINOTA,consulta externa,repetidas en menores de 5 anos,2006-12-01,57,43,57,43,100
CAQUIAVIRI,consulta externa,repetidas en menores de 5 anos,2006-12-01,0,1,0,1,1
CARACOLLO,consulta externa,repetidas en menores de 5 anos,2006-12-01,5,6,5,6,11
CARANAVI,consulta externa,repetidas en menores de 5 anos,2006-12-01,14,18,14,18,32
CARAPARI,consulta externa,repetidas en menores de 5 anos,2006-12-01,3,1,3,1,4
CARIPUYO,consulta externa,repetidas en menores de 5 anos,2006-12-01,1,0,1,0,1
CARMEN RIVERO TORREZ,consulta externa,repetidas en menores de 5 anos,2006-12-01,0,3,0,3,3
CATACORA,consulta externa,repetidas en menores de 5 anos,2006-12-01,1,0,1,0,1
CHALLAPATA,consulta externa,repetidas en menores de 5 anos,2006-12-01,41,40,41,40,81
CHAQUI,consulta externa,repetidas en menores de 5 anos,2006-12-01,1,1,1,1,2
CHARAGUA,consulta externa,repetidas en menores de 5 anos,2006-12-01,31,32,31,32,63
CHARAÑA,consulta externa,repetidas en menores de 5 anos,2006-12-01,1,2,1,2,3
CHAYANTA,consulta externa,repetidas en menores de 5 anos,2006-12-01,3,4,3,4,7
CHIMORE,consulta externa,repetidas en menores de 5 anos,2006-12-01,13,18,13,18,31
CHIPAYA,consulta externa,repetidas en menores de 5 anos,2006-12-01,6,0,6,0,6
CHOQUE COTA,consulta externa,repetidas en menores de 5 anos,2006-12-01,1,4,1,4,5
CHULUMANI (V. DE LA LIBERTAD),consulta externa,repetidas en menores de 5 anos,2006-12-01,25,24,25,24,49
CHUMA,consulta externa,repetidas en menores de 5 anos,2006-12-01,1,1,1,1,2
CLIZA,consulta externa,repetidas en menores de 5 anos,2006-12-01,29,24,29,24,53
COBIJA,consulta externa,repetidas en menores de 5 anos,2006-12-01,62,87,62,87,149
COCHABAMBA,consulta externa,repetidas en menores de 5 anos,2006-12-01,2934,2830,2934,2830,5764
COLCAPIRHUA,consulta externa,repetidas en menores de 5 anos,2006-12-01,117,104,117,104,221
"COLCHA ""K""",consulta externa,repetidas en menores de 5 anos,2006-12-01,4,3,4,3,7
COLLANA,consulta externa,repetidas en menores de 5 anos,2006-12-01,2,0,2,0,2
COLOMI,consulta externa,repetidas en menores de 5 anos,2006-12-01,36,39,36,39,75
COLPA BELGICA,consulta externa,repetidas en menores de 5 anos,2006-12-01,36,34,36,34,70
COLQUECHACA,consulta externa,repetidas en menores de 5 anos,2006-12-01,5,2,5,2,7
COLQUENCHA,consulta externa,repetidas en menores de 5 anos,2006-12-01,1,5,1,5,6
COLQUIRI,consulta externa,repetidas en menores de 5 anos,2006-12-01,37,33,37,33,70
COMANCHE,consulta externa,repetidas en menores de 5 anos,2006-12-01,2,0,2,0,2
COMARAPA,consulta externa,repetidas en menores de 5 anos,2006-12-01,35,6,35,6,41
CONCEPCION,consulta externa,repetidas en menores de 5 anos,2006-12-01,14,6,14,6,20
CORIPATA,consulta externa,repetidas en menores de 5 anos,2006-12-01,15,24,15,24,39
CORO CORO,consulta externa,repetidas en menores de 5 anos,2006-12-01,1,1,1,1,2
COROICO,consulta externa,repetidas en menores de 5 anos,2006-12-01,23,8,23,8,31
CORQUE,consulta externa,repetidas en menores de 5 anos,2006-12-01,28,32,28,32,60
COTAGAITA,consulta externa,repetidas en menores de 5 anos,2006-12-01,19,16,19,16,35
COTOCA,consulta externa,repetidas en menores de 5 anos,2006-12-01,36,41,36,41,77
CUATRO CAÑADAS,consulta externa,repetidas en menores de 5 anos,2006-12-01,84,64,84,64,148
CUCHUMUELA (V. G. VILLARROEL),consulta externa,repetidas en menores de 5 anos,2006-12-01,8,8,8,8,16
CUEVO,consulta externa,repetidas en menores de 5 anos,2006-12-01,2,6,2,6,8
CULPINA,consulta externa,repetidas en menores de 5 anos,2006-12-01,5,5,5,5,10
CURAHUARA DE CARANGAS,consulta externa,repetidas en menores de 5 anos,2006-12-01,8,5,8,5,13
CURVA,consulta externa,repetidas en menores de 5 anos,2006-12-01,3,1,3,1,4
EL ALTO,consulta externa,repetidas en menores de 5 anos,2006-12-01,1514,1569,1514,1569,3083
EL CHORO,consulta externa,repetidas en menores de 5 anos,2006-12-01,2,0,2,0,2
EL PUENTE(STC),consulta externa,repetidas en menores de 5 anos,2006-12-01,4,6,4,6,10
EL PUENTE(TJA),consulta externa,repetidas en menores de 5 anos,2006-12-01,26,25,26,25,51
EL TORNO,consulta externa,repetidas en menores de 5 anos,2006-12-01,85,78,85,78,163
EL VILLAR,consulta externa,repetidas en menores de 5 anos,2006-12-01,0,2,0,2,2
ENTRE RIOS,consulta externa,repetidas en menores de 5 anos,2006-12-01,35,41,35,41,76
ENTRE RIOS,consulta externa,repetidas en menores de 5 anos,2006-12-01,7,7,7,7,14
EUCALIPTUS,consulta externa,repetidas en menores de 5 anos,2006-12-01,6,12,6,12,18
EXALTACION,consulta externa,repetidas en menores de 5 anos,2006-12-01,7,5,7,5,12
FERNANDEZ ALONSO,consulta externa,repetidas en menores de 5 anos,2006-12-01,36,30,36,30,66
FILADELFIA,consulta externa,repetidas en menores de 5 anos,2006-12-01,0,1,0,1,1
GENERAL SAAVEDRA,consulta externa,repetidas en menores de 5 anos,2006-12-01,24,28,24,28,52
GRAL. J.J. PEREZ (CHARAZANI),consulta externa,repetidas en menores de 5 anos,2006-12-01,3,2,3,2,5
GUANAY,consulta externa,repetidas en menores de 5 anos,2006-12-01,12,5,12,5,17
GUAQUI,consulta externa,repetidas en menores de 5 anos,2006-12-01,10,4,10,4,14
GUAYARAMERIN,consulta externa,repetidas en menores de 5 anos,2006-12-01,56,69,56,69,125
GUTIERREZ,consulta externa,repetidas en menores de 5 anos,2006-12-01,79,69,79,69,148
HUACARETA,consulta externa,repetidas en menores de 5 anos,2006-12-01,52,36,52,36,88
HUACAYA (VILLA DE HUACAYA),consulta externa,repetidas en menores de 5 anos,2006-12-01,1,1,1,1,2
HUACHACALLA,consulta externa,repetidas en menores de 5 anos,2006-12-01,1,1,1,1,2
HUANUNI,consulta externa,repetidas en menores de 5 anos,2006-12-01,80,64,80,64,144
HUARACAJE,consulta externa,repetidas en menores de 5 anos,2006-12-01,9,4,9,4,13
ICHOCA,consulta externa,repetidas en menores de 5 anos,2006-12-01,1,1,1,1,2
ICLA,consulta externa,repetidas en menores de 5 anos,2006-12-01,3,3,3,3,6
INCAHUASI,consulta externa,repetidas en menores de 5 anos,2006-12-01,3,8,3,8,11
INGAVI (HUMAITA),consulta externa,repetidas en menores de 5 anos,2006-12-01,11,9,11,9,20
INQUISIVI,consulta externa,repetidas en menores de 5 anos,2006-12-01,4,5,4,5,9
IRUPANA (VILLA DE LANZA),consulta externa,repetidas en menores de 5 anos,2006-12-01,7,4,7,4,11
IXIAMAS,consulta externa,repetidas en menores de 5 anos,2006-12-01,14,23,14,23,37
JESUS DE MACHACA,consulta externa,repetidas en menores de 5 anos,2006-12-01,1,0,1,0,1
LA ASUNTA,consulta externa,repetidas en menores de 5 anos,2006-12-01,10,13,10,13,23
LA GUARDIA,consulta externa,repetidas en menores de 5 anos,2006-12-01,81,74,81,74,155
LA PAZ,consulta externa,repetidas en menores de 5 anos,2006-12-01,4171,3923,4171,3923,8094
LA RIVERA,consulta externa,repetidas en menores de 5 anos,2006-12-01,0,2,0,2,2
LAGUNILLAS,consulta externa,repetidas en menores de 5 anos,2006-12-01,3,6,3,6,9
LAJA,consulta externa,repetidas en menores de 5 anos,2006-12-01,2,2,2,2,4
LAS CARRERAS,consulta externa,repetidas en menores de 5 anos,2006-12-01,2,4,2,4,6
LLALLAGUA,consulta externa,repetidas en menores de 5 anos,2006-12-01,9,21,9,21,30
LLICA,consulta externa,repetidas en menores de 5 anos,2006-12-01,4,5,4,5,9
LORETO,consulta externa,repetidas en menores de 5 anos,2006-12-01,9,8,9,8,17
LURIBAY,consulta externa,repetidas en menores de 5 anos,2006-12-01,3,9,3,9,12
MACHACAMARCA,consulta externa,repetidas en menores de 5 anos,2006-12-01,4,8,4,8,12
MACHARETI,consulta externa,repetidas en menores de 5 anos,2006-12-01,7,9,7,9,16
MAGDALENA,consulta externa,repetidas en menores de 5 anos,2006-12-01,7,12,7,12,19
MAIRANA,consulta externa,repetidas en menores de 5 anos,2006-12-01,11,6,11,6,17
MALLA,consulta externa,repetidas en menores de 5 anos,2006-12-01,2,0,2,0,2
MAPIRI,consulta externa,repetidas en menores de 5 anos,2006-12-01,18,18,18,18,36
MECAPACA,consulta externa,repetidas en menores de 5 anos,2006-12-01,14,5,14,5,19
MINEROS,consulta externa,repetidas en menores de 5 anos,2006-12-01,15,13,15,13,28
MIZQUE,consulta externa,repetidas en menores de 5 anos,2006-12-01,2,10,2,10,12
MOCOMOCO,consulta externa,repetidas en menores de 5 anos,2006-12-01,1,2,1,2,3
MOJOCOYA,consulta externa,repetidas en menores de 5 anos,2006-12-01,3,1,3,1,4
MONTEAGUDO,consulta externa,repetidas en menores de 5 anos,2006-12-01,44,42,44,42,86
MONTERO,consulta externa,repetidas en menores de 5 anos,2006-12-01,366,371,366,371,737
MOROCHATA,consulta externa,repetidas en menores de 5 anos,2006-12-01,56,64,56,64,120
NACEBE (SANTA ROSA DEL ABUNA),consulta externa,repetidas en menores de 5 anos,2006-12-01,1,0,1,0,1
OCURI,consulta externa,repetidas en menores de 5 anos,2006-12-01,0,3,0,3,3
OKINAWA,consulta externa,repetidas en menores de 5 anos,2006-12-01,13,16,13,16,29
OMEREQUE,consulta externa,repetidas en menores de 5 anos,2006-12-01,5,2,5,2,7
ORURO,consulta externa,repetidas en menores de 5 anos,2006-12-01,579,532,579,532,1111
PADCAYA,consulta externa,repetidas en menores de 5 anos,2006-12-01,12,19,12,19,31
PAILON,consulta externa,repetidas en menores de 5 anos,2006-12-01,9,6,9,6,15
PALCA,consulta externa,repetidas en menores de 5 anos,2006-12-01,8,2,8,2,10
PALOS BLANCOS,consulta externa,repetidas en menores de 5 anos,2006-12-01,14,15,14,15,29
PAMPA AULLAGAS,consulta externa,repetidas en menores de 5 anos,2006-12-01,0,2,0,2,2
PAMPA GRANDE,consulta externa,repetidas en menores de 5 anos,2006-12-01,1,2,1,2,3
PAPEL PAMPA,consulta externa,repetidas en menores de 5 anos,2006-12-01,1,1,1,1,2
PATACAMAYA,consulta externa,repetidas en menores de 5 anos,2006-12-01,3,4,3,4,7
PAZÑA,consulta externa,repetidas en menores de 5 anos,2006-12-01,6,2,6,2,8
PELECHUCO,consulta externa,repetidas en menores de 5 anos,2006-12-01,2,1,2,1,3
POCOATA,consulta externa,repetidas en menores de 5 anos,2006-12-01,8,10,8,10,18
POCONA,consulta externa,repetidas en menores de 5 anos,2006-12-01,3,6,3,6,9
POJO (CBBA),consulta externa,repetidas en menores de 5 anos,2006-12-01,3,3,3,3,6
POOPO,consulta externa,repetidas en menores de 5 anos,2006-12-01,3,1,3,1,4
PORCO,consulta externa,repetidas en menores de 5 anos,2006-12-01,10,8,10,8,18
POROMA,consulta externa,repetidas en menores de 5 anos,2006-12-01,3,0,3,0,3
PORONGO,consulta externa,repetidas en menores de 5 anos,2006-12-01,12,16,12,16,28
PORTACHUELO,consulta externa,repetidas en menores de 5 anos,2006-12-01,10,9,10,9,19
PORVENIR,consulta externa,repetidas en menores de 5 anos,2006-12-01,2,0,2,0,2
POSTRER VALLE,consulta externa,repetidas en menores de 5 anos,2006-12-01,9,2,9,2,11
POTOSI,consulta externa,repetidas en menores de 5 anos,2006-12-01,465,258,465,258,723
PUCARA,consulta externa,repetidas en menores de 5 anos,2006-12-01,0,2,0,2,2
PUCARANI,consulta externa,repetidas en menores de 5 anos,2006-12-01,9,12,9,12,21
PUERTO ACOSTA,consulta externa,repetidas en menores de 5 anos,2006-12-01,1,0,1,0,1
PUERTO CARABUCO,consulta externa,repetidas en menores de 5 anos,2006-12-01,6,6,6,6,12
PUERTO GONZALO MORENO,consulta externa,repetidas en menores de 5 anos,2006-12-01,22,18,22,18,40
PUERTO QUIJARRO,consulta externa,repetidas en menores de 5 anos,2006-12-01,59,51,59,51,110
PUERTO RICO,consulta externa,repetidas en menores de 5 anos,2006-12-01,16,11,16,11,27
PUERTO SILES,consulta externa,repetidas en menores de 5 anos,2006-12-01,2,2,2,2,4
PUERTO SUAREZ,consulta externa,repetidas en menores de 5 anos,2006-12-01,25,27,25,27,52
PUERTO VILLARROEL,consulta externa,repetidas en menores de 5 anos,2006-12-01,61,73,61,73,134
PUNA,consulta externa,repetidas en menores de 5 anos,2006-12-01,10,7,10,7,17
PUNATA,consulta externa,repetidas en menores de 5 anos,2006-12-01,92,86,92,86,178
QUIABAYA,consulta externa,repetidas en menores de 5 anos,2006-12-01,4,1,4,1,5
QUILLACOLLO,consulta externa,repetidas en menores de 5 anos,2006-12-01,228,242,228,242,470
QUIME,consulta externa,repetidas en menores de 5 anos,2006-12-01,4,3,4,3,7
QUIRUSILLAS,consulta externa,repetidas en menores de 5 anos,2006-12-01,5,3,5,3,8
RAVELO,consulta externa,repetidas en menores de 5 anos,2006-12-01,2,2,2,2,4
REYES,consulta externa,repetidas en menores de 5 anos,2006-12-01,38,41,38,41,79
RIBERALTA,consulta externa,repetidas en menores de 5 anos,2006-12-01,26,29,26,29,55
ROBORE,consulta externa,repetidas en menores de 5 anos,2006-12-01,5,5,5,5,10
RURRENABAQUE,consulta externa,repetidas en menores de 5 anos,2006-12-01,42,30,42,30,72
SABAYA,consulta externa,repetidas en menores de 5 anos,2006-12-01,3,1,3,1,4
SACABA,consulta externa,repetidas en menores de 5 anos,2006-12-01,262,241,262,241,503
SACABAMBA,consulta externa,repetidas en menores de 5 anos,2006-12-01,3,4,3,4,7
SACACA,consulta externa,repetidas en menores de 5 anos,2006-12-01,1,0,1,0,1
SAIPINA,consulta externa,repetidas en menores de 5 anos,2006-12-01,6,5,6,5,11
SALINAS DE GARCI MENDOZA,consulta externa,repetidas en menores de 5 anos,2006-12-01,4,1,4,1,5
SAMAIPATA,consulta externa,repetidas en menores de 5 anos,2006-12-01,2,1,2,1,3
SAN AGUSTIN,consulta externa,repetidas en menores de 5 anos,2006-12-01,3,0,3,0,3
SAN ANDRES,consulta externa,repetidas en menores de 5 anos,2006-12-01,13,12,13,12,25
SAN ANTONIO DE ESMORUCO,consulta externa,repetidas en menores de 5 anos,2006-12-01,3,0,3,0,3
SAN ANTONIO DE LOMERIO,consulta externa,repetidas en menores de 5 anos,2006-12-01,0,1,0,1,1
SAN BENITO,consulta externa,repetidas en menores de 5 anos,2006-12-01,14,7,14,7,21
SAN BORJA,consulta externa,repetidas en menores de 5 anos,2006-12-01,93,82,93,82,175
SAN BUENA VENTURA,consulta externa,repetidas en menores de 5 anos,2006-12-01,23,17,23,17,40
SAN CARLOS,consulta externa,repetidas en menores de 5 anos,2006-12-01,138,111,138,111,249
SAN IGNACIO,consulta externa,repetidas en menores de 5 anos,2006-12-01,34,32,34,32,66
SAN IGNACIO DE VELASCO,consulta externa,repetidas en menores de 5 anos,2006-12-01,94,103,94,103,197
SAN JAVIER(BNI),consulta externa,repetidas en menores de 5 anos,2006-12-01,1,2,1,2,3
SAN JAVIER(STC),consulta externa,repetidas en menores de 5 anos,2006-12-01,33,3,33,3,36
SAN JOAQUIN,consulta externa,repetidas en menores de 5 anos,2006-12-01,8,12,8,12,20
SAN JOSE DE CHIQUITOS,consulta externa,repetidas en menores de 5 anos,2006-12-01,4,2,4,2,6
SAN JUAN DE YAPACANI,consulta externa,repetidas en menores de 5 anos,2006-12-01,20,29,20,29,49
SAN JULIAN,consulta externa,repetidas en menores de 5 anos,2006-12-01,26,23,26,23,49
SAN LORENZO(PND),consulta externa,repetidas en menores de 5 anos,2006-12-01,19,15,19,15,34
SAN LORENZO(TJA),consulta externa,repetidas en menores de 5 anos,2006-12-01,50,53,50,53,103
SAN LUCAS,consulta externa,repetidas en menores de 5 anos,2006-12-01,25,19,25,19,44
SAN MATIAS,consulta externa,repetidas en menores de 5 anos,2006-12-01,14,6,14,6,20
SAN MIGUEL DE VELASCO,consulta externa,repetidas en menores de 5 anos,2006-12-01,42,33,42,33,75
SAN PABLO DE LIPEZ,consulta externa,repetidas en menores de 5 anos,2006-12-01,3,2,3,2,5
SAN PEDRO,consulta externa,repetidas en menores de 5 anos,2006-12-01,70,59,70,59,129
SAN PEDRO DE CURAHUARA,consulta externa,repetidas en menores de 5 anos,2006-12-01,2,1,2,1,3
SAN PEDRO DE TIQUINA,consulta externa,repetidas en menores de 5 anos,2006-12-01,8,7,8,7,15
SAN PEDRO(PND),consulta externa,repetidas en menores de 5 anos,2006-12-01,1,0,1,0,1
SAN RAFAEL,consulta externa,repetidas en menores de 5 anos,2006-12-01,12,17,12,17,29
SAN RAMON,consulta externa,repetidas en menores de 5 anos,2006-12-01,2,3,2,3,5
SAN RAMON,consulta externa,repetidas en menores de 5 anos,2006-12-01,10,9,10,9,19
SANTA ANA,consulta externa,repetidas en menores de 5 anos,2006-12-01,16,8,16,8,24
SANTA CRUZ DE LA SIERRA,consulta externa,repetidas en menores de 5 anos,2006-12-01,2722,2692,2722,2692,5414
SANTA ROSA,consulta externa,repetidas en menores de 5 anos,2006-12-01,13,21,13,21,34
SANTA ROSA DEL SARA,consulta externa,repetidas en menores de 5 anos,2006-12-01,30,14,30,14,44
SANTIAGO DE HUARI,consulta externa,repetidas en menores de 5 anos,2006-12-01,11,4,11,4,15
SANTIVAÑES,consulta externa,repetidas en menores de 5 anos,2006-12-01,14,17,14,17,31
SANTUARIO DE QUILLACAS,consulta externa,repetidas en menores de 5 anos,2006-12-01,16,18,16,18,34
SAPAHAQUI,consulta externa,repetidas en menores de 5 anos,2006-12-01,1,1,1,1,2
SENA,consulta externa,repetidas en menores de 5 anos,2006-12-01,4,1,4,1,5
SICA SICA (VILLA AROMA),consulta externa,repetidas en menores de 5 anos,2006-12-01,2,3,2,3,5
SIPE SIPE,consulta externa,repetidas en menores de 5 anos,2006-12-01,285,243,285,243,528
SOPACHUY,consulta externa,repetidas en menores de 5 anos,2006-12-01,5,3,5,3,8
SORACACHI,consulta externa,repetidas en menores de 5 anos,2006-12-01,2,1,2,1,3
SORATA,consulta externa,repetidas en menores de 5 anos,2006-12-01,0,1,0,1,1
SUCRE,consulta externa,repetidas en menores de 5 anos,2006-12-01,819,1002,819,1002,1821
TACACHI,consulta externa,repetidas en menores de 5 anos,2006-12-01,6,3,6,3,9
TACOPAYA,consulta externa,repetidas en menores de 5 anos,2006-12-01,31,38,31,38,69
TAHUA,consulta externa,repetidas en menores de 5 anos,2006-12-01,0,4,0,4,4
TAPACARI,consulta externa,repetidas en menores de 5 anos,2006-12-01,13,6,13,6,19
TARABUCO,consulta externa,repetidas en menores de 5 anos,2006-12-01,194,211,194,211,405
TARATA,consulta externa,repetidas en menores de 5 anos,2006-12-01,2,3,2,3,5
TARIJA,consulta externa,repetidas en menores de 5 anos,2006-12-01,311,296,311,296,607
TARVITA,consulta externa,repetidas en menores de 5 anos,2006-12-01,21,12,21,12,33
TEOPONTE,consulta externa,repetidas en menores de 5 anos,2006-12-01,4,3,4,3,7
TIAWANACU,consulta externa,repetidas en menores de 5 anos,2006-12-01,4,1,4,1,5
TINGUIPAYA,consulta externa,repetidas en menores de 5 anos,2006-12-01,5,3,5,3,8
TIPUANI,consulta externa,repetidas en menores de 5 anos,2006-12-01,2,1,2,1,3
TIQUIPAYA,consulta externa,repetidas en menores de 5 anos,2006-12-01,151,115,151,115,266
TIRAQUE (CBBA),consulta externa,repetidas en menores de 5 anos,2006-12-01,112,88,112,88,200
TITO YUPANQUI (PARQUIPUJIO),consulta externa,repetidas en menores de 5 anos,2006-12-01,3,0,3,0,3
TOCO,consulta externa,repetidas en menores de 5 anos,2006-12-01,6,1,6,1,7
TOLATA,consulta externa,repetidas en menores de 5 anos,2006-12-01,17,13,17,13,30
TOLEDO,consulta externa,repetidas en menores de 5 anos,2006-12-01,12,13,12,13,25
TOMAVE,consulta externa,repetidas en menores de 5 anos,2006-12-01,2,6,2,6,8
TOMINA,consulta externa,repetidas en menores de 5 anos,2006-12-01,4,3,4,3,7
TORO TORO,consulta externa,repetidas en menores de 5 anos,2006-12-01,0,2,0,2,2
TOTORA(CBBA),consulta externa,repetidas en menores de 5 anos,2006-12-01,40,17,40,17,57
TOTORA(ORR),consulta externa,repetidas en menores de 5 anos,2006-12-01,4,11,4,11,15
TRINIDAD,consulta externa,repetidas en menores de 5 anos,2006-12-01,268,248,268,248,516
TUPIZA,consulta externa,repetidas en menores de 5 anos,2006-12-01,88,100,88,100,188
TURCO,consulta externa,repetidas en menores de 5 anos,2006-12-01,4,2,4,2,6
UNCIA,consulta externa,repetidas en menores de 5 anos,2006-12-01,22,13,22,13,35
URIONDO (A. CONCEPCION),consulta externa,repetidas en menores de 5 anos,2006-12-01,9,7,9,7,16
UYUNI,consulta externa,repetidas en menores de 5 anos,2006-12-01,8,9,8,9,17
VACAS,consulta externa,repetidas en menores de 5 anos,2006-12-01,20,28,20,28,48
VALLEGRANDE,consulta externa,repetidas en menores de 5 anos,2006-12-01,19,21,19,21,40
VIACHA,consulta externa,repetidas en menores de 5 anos,2006-12-01,59,61,59,61,120
VILLA MONTES,consulta externa,repetidas en menores de 5 anos,2006-12-01,47,23,47,23,70
VILLA NUEVA (LOMA ALTA),consulta externa,repetidas en menores de 5 anos,2006-12-01,2,0,2,0,2
VILLA RIVERO,consulta externa,repetidas en menores de 5 anos,2006-12-01,1,0,1,0,1
VILLA SERRANO,consulta externa,repetidas en menores de 5 anos,2006-12-01,3,5,3,5,8
VILLA TUNARI,consulta externa,repetidas en menores de 5 anos,2006-12-01,86,83,86,83,169
VILLA VACA GUZMAN (MUYUPAMPA),consulta externa,repetidas en menores de 5 anos,2006-12-01,8,1,8,1,9
VILLAZON,consulta externa,repetidas en menores de 5 anos,2006-12-01,44,28,44,28,72
VINTO,consulta externa,repetidas en menores de 5 anos,2006-12-01,95,99,95,99,194
VITICHI,consulta externa,repetidas en menores de 5 anos,2006-12-01,4,4,4,4,8
WARNES,consulta externa,repetidas en menores de 5 anos,2006-12-01,62,80,62,80,142
YACO,consulta externa,repetidas en menores de 5 anos,2006-12-01,4,3,4,3,7
YACUIBA,consulta externa,repetidas en menores de 5 anos,2006-12-01,203,163,203,163,366
YAMPARAEZ,consulta externa,repetidas en menores de 5 anos,2006-12-01,20,29,20,29,49
YANACACHI,consulta externa,repetidas en menores de 5 anos,2006-12-01,1,0,1,0,1
YAPACANI,consulta externa,repetidas en menores de 5 anos,2006-12-01,27,22,27,22,49
YOCALLA,consulta externa,repetidas en menores de 5 anos,2006-12-01,5,1,5,1,6
YOTALA,consulta externa,repetidas en menores de 5 anos,2006-12-01,14,12,14,12,26
YUNCHARA,consulta externa,repetidas en menores de 5 anos,2006-12-01,41,29,41,29,70
ZUDAÑEZ,consulta externa,repetidas en menores de 5 anos,2006-12-01,12,7,12,7,19
