municipality,group,variable,month,Repetidas en personas de 5 a 14 años -Hombre,Repetidas en personas de 5 a 14 años -Mujer,TOTAL-H,TOTAL-M,TOTAL
ACHACACHI,consulta externa,repetidas en personas de 5 a 14 anos,2006-01-01,14,2,14,2,16
AIQUILE,consulta externa,repetidas en personas de 5 a 14 anos,2006-01-01,11,11,11,11,22
ANCORAIMES,consulta externa,repetidas en personas de 5 a 14 anos,2006-01-01,1,2,1,2,3
ANTEQUERA,consulta externa,repetidas en personas de 5 a 14 anos,2006-01-01,0,1,0,1,1
APOLO,consulta externa,repetidas en personas de 5 a 14 anos,2006-01-01,0,2,0,2,2
ARANI,consulta externa,repetidas en personas de 5 a 14 anos,2006-01-01,1,3,1,3,4
ARBIETO,consulta externa,repetidas en personas de 5 a 14 anos,2006-01-01,1,3,1,3,4
ASCENCION DE GUARAYOS,consulta externa,repetidas en personas de 5 a 14 anos,2006-01-01,5,7,5,7,12
ATOCHA,consulta externa,repetidas en personas de 5 a 14 anos,2006-01-01,40,51,40,51,91
AUCAPATA,consulta externa,repetidas en personas de 5 a 14 anos,2006-01-01,2,2,2,2,4
AYATA,consulta externa,repetidas en personas de 5 a 14 anos,2006-01-01,2,1,2,1,3
AYO AYO,consulta externa,repetidas en personas de 5 a 14 anos,2006-01-01,4,0,4,0,4
AYOPAYA (V. DE INDEPENDENCIA),consulta externa,repetidas en personas de 5 a 14 anos,2006-01-01,1,9,1,9,10
BAURES,consulta externa,repetidas en personas de 5 a 14 anos,2006-01-01,1,3,1,3,4
BELEN DE ANDAMARCA,consulta externa,repetidas en personas de 5 a 14 anos,2006-01-01,1,1,1,1,2
BELLA FLOR,consulta externa,repetidas en personas de 5 a 14 anos,2006-01-01,0,2,0,2,2
BERMEJO,consulta externa,repetidas en personas de 5 a 14 anos,2006-01-01,5,17,5,17,22
BETANZOS,consulta externa,repetidas en personas de 5 a 14 anos,2006-01-01,2,0,2,0,2
BOLIVAR,consulta externa,repetidas en personas de 5 a 14 anos,2006-01-01,8,11,8,11,19
BOYUIBE,consulta externa,repetidas en personas de 5 a 14 anos,2006-01-01,1,1,1,1,2
BUENA VISTA,consulta externa,repetidas en personas de 5 a 14 anos,2006-01-01,16,14,16,14,30
CABEZAS,consulta externa,repetidas en personas de 5 a 14 anos,2006-01-01,7,5,7,5,12
CAIROMA,consulta externa,repetidas en personas de 5 a 14 anos,2006-01-01,7,14,7,14,21
"CAIZA ""D""",consulta externa,repetidas en personas de 5 a 14 anos,2006-01-01,1,0,1,0,1
CALAMARCA,consulta externa,repetidas en personas de 5 a 14 anos,2006-01-01,1,0,1,0,1
CAMARGO,consulta externa,repetidas en personas de 5 a 14 anos,2006-01-01,4,5,4,5,9
CAMIRI,consulta externa,repetidas en personas de 5 a 14 anos,2006-01-01,17,58,17,58,75
CAPINOTA,consulta externa,repetidas en personas de 5 a 14 anos,2006-01-01,10,8,10,8,18
CAQUIAVIRI,consulta externa,repetidas en personas de 5 a 14 anos,2006-01-01,0,2,0,2,2
CARANAVI,consulta externa,repetidas en personas de 5 a 14 anos,2006-01-01,6,1,6,1,7
CARIPUYO,consulta externa,repetidas en personas de 5 a 14 anos,2006-01-01,4,2,4,2,6
CATACORA,consulta externa,repetidas en personas de 5 a 14 anos,2006-01-01,1,0,1,0,1
CHALLAPATA,consulta externa,repetidas en personas de 5 a 14 anos,2006-01-01,18,4,18,4,22
CHAQUI,consulta externa,repetidas en personas de 5 a 14 anos,2006-01-01,0,2,0,2,2
CHARAGUA,consulta externa,repetidas en personas de 5 a 14 anos,2006-01-01,4,4,4,4,8
CHARAÑA,consulta externa,repetidas en personas de 5 a 14 anos,2006-01-01,0,1,0,1,1
CHAYANTA,consulta externa,repetidas en personas de 5 a 14 anos,2006-01-01,7,1,7,1,8
CHIMORE,consulta externa,repetidas en personas de 5 a 14 anos,2006-01-01,4,1,4,1,5
CHIPAYA,consulta externa,repetidas en personas de 5 a 14 anos,2006-01-01,1,0,1,0,1
CHOQUE COTA,consulta externa,repetidas en personas de 5 a 14 anos,2006-01-01,0,1,0,1,1
CHULUMANI (V. DE LA LIBERTAD),consulta externa,repetidas en personas de 5 a 14 anos,2006-01-01,3,4,3,4,7
CHUMA,consulta externa,repetidas en personas de 5 a 14 anos,2006-01-01,1,1,1,1,2
CLIZA,consulta externa,repetidas en personas de 5 a 14 anos,2006-01-01,2,3,2,3,5
COBIJA,consulta externa,repetidas en personas de 5 a 14 anos,2006-01-01,26,30,26,30,56
COCHABAMBA,consulta externa,repetidas en personas de 5 a 14 anos,2006-01-01,2070,2023,2070,2023,4093
COLCAPIRHUA,consulta externa,repetidas en personas de 5 a 14 anos,2006-01-01,62,49,62,49,111
COLLANA,consulta externa,repetidas en personas de 5 a 14 anos,2006-01-01,4,0,4,0,4
COLOMI,consulta externa,repetidas en personas de 5 a 14 anos,2006-01-01,6,0,6,0,6
COLPA BELGICA,consulta externa,repetidas en personas de 5 a 14 anos,2006-01-01,23,6,23,6,29
COLQUECHACA,consulta externa,repetidas en personas de 5 a 14 anos,2006-01-01,2,3,2,3,5
COLQUIRI,consulta externa,repetidas en personas de 5 a 14 anos,2006-01-01,4,1,4,1,5
COMANCHE,consulta externa,repetidas en personas de 5 a 14 anos,2006-01-01,0,2,0,2,2
COMARAPA,consulta externa,repetidas en personas de 5 a 14 anos,2006-01-01,31,30,31,30,61
COMBAYA,consulta externa,repetidas en personas de 5 a 14 anos,2006-01-01,0,1,0,1,1
CORIPATA,consulta externa,repetidas en personas de 5 a 14 anos,2006-01-01,2,0,2,0,2
CORO CORO,consulta externa,repetidas en personas de 5 a 14 anos,2006-01-01,0,1,0,1,1
COROICO,consulta externa,repetidas en personas de 5 a 14 anos,2006-01-01,5,7,5,7,12
CORQUE,consulta externa,repetidas en personas de 5 a 14 anos,2006-01-01,2,0,2,0,2
COTAGAITA,consulta externa,repetidas en personas de 5 a 14 anos,2006-01-01,13,8,13,8,21
COTOCA,consulta externa,repetidas en personas de 5 a 14 anos,2006-01-01,1,5,1,5,6
CUATRO CAÑADAS,consulta externa,repetidas en personas de 5 a 14 anos,2006-01-01,1,6,1,6,7
CUEVO,consulta externa,repetidas en personas de 5 a 14 anos,2006-01-01,3,0,3,0,3
CULPINA,consulta externa,repetidas en personas de 5 a 14 anos,2006-01-01,1,0,1,0,1
CURAHUARA DE CARANGAS,consulta externa,repetidas en personas de 5 a 14 anos,2006-01-01,1,1,1,1,2
DESAGUADERO,consulta externa,repetidas en personas de 5 a 14 anos,2006-01-01,1,0,1,0,1
EL ALTO,consulta externa,repetidas en personas de 5 a 14 anos,2006-01-01,930,764,930,764,1694
EL PUENTE(TJA),consulta externa,repetidas en personas de 5 a 14 anos,2006-01-01,2,1,2,1,3
EL TORNO,consulta externa,repetidas en personas de 5 a 14 anos,2006-01-01,57,67,57,67,124
EL VILLAR,consulta externa,repetidas en personas de 5 a 14 anos,2006-01-01,1,0,1,0,1
ENTRE RIOS,consulta externa,repetidas en personas de 5 a 14 anos,2006-01-01,2,5,2,5,7
ENTRE RIOS,consulta externa,repetidas en personas de 5 a 14 anos,2006-01-01,30,25,30,25,55
EXALTACION,consulta externa,repetidas en personas de 5 a 14 anos,2006-01-01,3,3,3,3,6
FERNANDEZ ALONSO,consulta externa,repetidas en personas de 5 a 14 anos,2006-01-01,5,5,5,5,10
FILADELFIA,consulta externa,repetidas en personas de 5 a 14 anos,2006-01-01,2,0,2,0,2
GENERAL SAAVEDRA,consulta externa,repetidas en personas de 5 a 14 anos,2006-01-01,2,10,2,10,12
GRAL. J.J. PEREZ (CHARAZANI),consulta externa,repetidas en personas de 5 a 14 anos,2006-01-01,8,13,8,13,21
GUAQUI,consulta externa,repetidas en personas de 5 a 14 anos,2006-01-01,2,1,2,1,3
GUAYARAMERIN,consulta externa,repetidas en personas de 5 a 14 anos,2006-01-01,28,42,28,42,70
GUTIERREZ,consulta externa,repetidas en personas de 5 a 14 anos,2006-01-01,4,2,4,2,6
HUACARETA,consulta externa,repetidas en personas de 5 a 14 anos,2006-01-01,8,7,8,7,15
HUACAYA (VILLA DE HUACAYA),consulta externa,repetidas en personas de 5 a 14 anos,2006-01-01,2,1,2,1,3
HUANUNI,consulta externa,repetidas en personas de 5 a 14 anos,2006-01-01,90,102,90,102,192
HUARACAJE,consulta externa,repetidas en personas de 5 a 14 anos,2006-01-01,2,4,2,4,6
HUAYLLAMARCA,consulta externa,repetidas en personas de 5 a 14 anos,2006-01-01,2,4,2,4,6
ICLA,consulta externa,repetidas en personas de 5 a 14 anos,2006-01-01,1,0,1,0,1
INCAHUASI,consulta externa,repetidas en personas de 5 a 14 anos,2006-01-01,0,2,0,2,2
INGAVI (HUMAITA),consulta externa,repetidas en personas de 5 a 14 anos,2006-01-01,0,1,0,1,1
IRUPANA (VILLA DE LANZA),consulta externa,repetidas en personas de 5 a 14 anos,2006-01-01,2,1,2,1,3
IXIAMAS,consulta externa,repetidas en personas de 5 a 14 anos,2006-01-01,2,3,2,3,5
JESUS DE MACHACA,consulta externa,repetidas en personas de 5 a 14 anos,2006-01-01,0,4,0,4,4
LA GUARDIA,consulta externa,repetidas en personas de 5 a 14 anos,2006-01-01,16,29,16,29,45
LA PAZ,consulta externa,repetidas en personas de 5 a 14 anos,2006-01-01,2257,2373,2257,2373,4630
LAGUNILLAS,consulta externa,repetidas en personas de 5 a 14 anos,2006-01-01,1,1,1,1,2
LAJA,consulta externa,repetidas en personas de 5 a 14 anos,2006-01-01,10,0,10,0,10
LAS CARRERAS,consulta externa,repetidas en personas de 5 a 14 anos,2006-01-01,1,1,1,1,2
LLALLAGUA,consulta externa,repetidas en personas de 5 a 14 anos,2006-01-01,7,5,7,5,12
LLICA,consulta externa,repetidas en personas de 5 a 14 anos,2006-01-01,1,1,1,1,2
LORETO,consulta externa,repetidas en personas de 5 a 14 anos,2006-01-01,3,3,3,3,6
MACHACAMARCA,consulta externa,repetidas en personas de 5 a 14 anos,2006-01-01,4,6,4,6,10
MACHARETI,consulta externa,repetidas en personas de 5 a 14 anos,2006-01-01,1,2,1,2,3
MAGDALENA,consulta externa,repetidas en personas de 5 a 14 anos,2006-01-01,22,22,22,22,44
MAIRANA,consulta externa,repetidas en personas de 5 a 14 anos,2006-01-01,1,1,1,1,2
MALLA,consulta externa,repetidas en personas de 5 a 14 anos,2006-01-01,3,2,3,2,5
MAPIRI,consulta externa,repetidas en personas de 5 a 14 anos,2006-01-01,0,1,0,1,1
MECAPACA,consulta externa,repetidas en personas de 5 a 14 anos,2006-01-01,2,5,2,5,7
MINEROS,consulta externa,repetidas en personas de 5 a 14 anos,2006-01-01,2,5,2,5,7
MIZQUE,consulta externa,repetidas en personas de 5 a 14 anos,2006-01-01,4,17,4,17,21
MOJOCOYA,consulta externa,repetidas en personas de 5 a 14 anos,2006-01-01,5,3,5,3,8
MONTEAGUDO,consulta externa,repetidas en personas de 5 a 14 anos,2006-01-01,20,18,20,18,38
MONTERO,consulta externa,repetidas en personas de 5 a 14 anos,2006-01-01,173,163,173,163,336
MORO MORO,consulta externa,repetidas en personas de 5 a 14 anos,2006-01-01,2,1,2,1,3
MOROCHATA,consulta externa,repetidas en personas de 5 a 14 anos,2006-01-01,2,4,2,4,6
OKINAWA,consulta externa,repetidas en personas de 5 a 14 anos,2006-01-01,3,3,3,3,6
ORURO,consulta externa,repetidas en personas de 5 a 14 anos,2006-01-01,455,511,455,511,966
PADCAYA,consulta externa,repetidas en personas de 5 a 14 anos,2006-01-01,12,10,12,10,22
PADILLA,consulta externa,repetidas en personas de 5 a 14 anos,2006-01-01,2,3,2,3,5
PAILON,consulta externa,repetidas en personas de 5 a 14 anos,2006-01-01,0,5,0,5,5
PALCA,consulta externa,repetidas en personas de 5 a 14 anos,2006-01-01,5,0,5,0,5
PALOS BLANCOS,consulta externa,repetidas en personas de 5 a 14 anos,2006-01-01,3,1,3,1,4
PAMPA AULLAGAS,consulta externa,repetidas en personas de 5 a 14 anos,2006-01-01,2,0,2,0,2
PAMPA GRANDE,consulta externa,repetidas en personas de 5 a 14 anos,2006-01-01,3,1,3,1,4
PAPEL PAMPA,consulta externa,repetidas en personas de 5 a 14 anos,2006-01-01,1,0,1,0,1
PASORAPA,consulta externa,repetidas en personas de 5 a 14 anos,2006-01-01,1,0,1,0,1
PAZÑA,consulta externa,repetidas en personas de 5 a 14 anos,2006-01-01,3,2,3,2,5
PELECHUCO,consulta externa,repetidas en personas de 5 a 14 anos,2006-01-01,1,2,1,2,3
POCOATA,consulta externa,repetidas en personas de 5 a 14 anos,2006-01-01,1,0,1,0,1
POCONA,consulta externa,repetidas en personas de 5 a 14 anos,2006-01-01,0,2,0,2,2
POOPO,consulta externa,repetidas en personas de 5 a 14 anos,2006-01-01,1,0,1,0,1
PORCO,consulta externa,repetidas en personas de 5 a 14 anos,2006-01-01,4,1,4,1,5
POROMA,consulta externa,repetidas en personas de 5 a 14 anos,2006-01-01,2,2,2,2,4
PORONGO,consulta externa,repetidas en personas de 5 a 14 anos,2006-01-01,3,4,3,4,7
PORTACHUELO,consulta externa,repetidas en personas de 5 a 14 anos,2006-01-01,12,7,12,7,19
POSTRER VALLE,consulta externa,repetidas en personas de 5 a 14 anos,2006-01-01,0,1,0,1,1
POTOSI,consulta externa,repetidas en personas de 5 a 14 anos,2006-01-01,359,403,359,403,762
PUCARA,consulta externa,repetidas en personas de 5 a 14 anos,2006-01-01,0,3,0,3,3
PUCARANI,consulta externa,repetidas en personas de 5 a 14 anos,2006-01-01,0,2,0,2,2
PUERTO ACOSTA,consulta externa,repetidas en personas de 5 a 14 anos,2006-01-01,3,15,3,15,18
PUERTO CARABUCO,consulta externa,repetidas en personas de 5 a 14 anos,2006-01-01,3,2,3,2,5
PUERTO GONZALO MORENO,consulta externa,repetidas en personas de 5 a 14 anos,2006-01-01,0,1,0,1,1
PUERTO PEREZ,consulta externa,repetidas en personas de 5 a 14 anos,2006-01-01,1,1,1,1,2
PUERTO QUIJARRO,consulta externa,repetidas en personas de 5 a 14 anos,2006-01-01,24,29,24,29,53
PUERTO SILES,consulta externa,repetidas en personas de 5 a 14 anos,2006-01-01,2,3,2,3,5
PUERTO SUAREZ,consulta externa,repetidas en personas de 5 a 14 anos,2006-01-01,17,50,17,50,67
PUERTO VILLARROEL,consulta externa,repetidas en personas de 5 a 14 anos,2006-01-01,5,4,5,4,9
PUNA,consulta externa,repetidas en personas de 5 a 14 anos,2006-01-01,1,1,1,1,2
PUNATA,consulta externa,repetidas en personas de 5 a 14 anos,2006-01-01,18,21,18,21,39
QUIABAYA,consulta externa,repetidas en personas de 5 a 14 anos,2006-01-01,0,1,0,1,1
QUILLACOLLO,consulta externa,repetidas en personas de 5 a 14 anos,2006-01-01,61,61,61,61,122
QUIME,consulta externa,repetidas en personas de 5 a 14 anos,2006-01-01,5,3,5,3,8
REYES,consulta externa,repetidas en personas de 5 a 14 anos,2006-01-01,40,67,40,67,107
RIBERALTA,consulta externa,repetidas en personas de 5 a 14 anos,2006-01-01,19,20,19,20,39
ROBORE,consulta externa,repetidas en personas de 5 a 14 anos,2006-01-01,8,5,8,5,13
RURRENABAQUE,consulta externa,repetidas en personas de 5 a 14 anos,2006-01-01,1,4,1,4,5
SACABA,consulta externa,repetidas en personas de 5 a 14 anos,2006-01-01,43,34,43,34,77
SAIPINA,consulta externa,repetidas en personas de 5 a 14 anos,2006-01-01,14,14,14,14,28
SAMAIPATA,consulta externa,repetidas en personas de 5 a 14 anos,2006-01-01,2,0,2,0,2
SAN ANDRES,consulta externa,repetidas en personas de 5 a 14 anos,2006-01-01,3,1,3,1,4
SAN ANTONIO DE ESMORUCO,consulta externa,repetidas en personas de 5 a 14 anos,2006-01-01,1,0,1,0,1
SAN ANTONIO DE LOMERIO,consulta externa,repetidas en personas de 5 a 14 anos,2006-01-01,2,0,2,0,2
SAN BENITO,consulta externa,repetidas en personas de 5 a 14 anos,2006-01-01,4,7,4,7,11
SAN BORJA,consulta externa,repetidas en personas de 5 a 14 anos,2006-01-01,13,14,13,14,27
SAN BUENA VENTURA,consulta externa,repetidas en personas de 5 a 14 anos,2006-01-01,0,2,0,2,2
SAN CARLOS,consulta externa,repetidas en personas de 5 a 14 anos,2006-01-01,2,2,2,2,4
SAN IGNACIO,consulta externa,repetidas en personas de 5 a 14 anos,2006-01-01,7,8,7,8,15
SAN IGNACIO DE VELASCO,consulta externa,repetidas en personas de 5 a 14 anos,2006-01-01,21,30,21,30,51
SAN JAVIER(STC),consulta externa,repetidas en personas de 5 a 14 anos,2006-01-01,5,2,5,2,7
SAN JOAQUIN,consulta externa,repetidas en personas de 5 a 14 anos,2006-01-01,1,1,1,1,2
SAN JOSE DE CHIQUITOS,consulta externa,repetidas en personas de 5 a 14 anos,2006-01-01,1,1,1,1,2
SAN JUAN DE YAPACANI,consulta externa,repetidas en personas de 5 a 14 anos,2006-01-01,11,9,11,9,20
SAN JULIAN,consulta externa,repetidas en personas de 5 a 14 anos,2006-01-01,10,20,10,20,30
SAN LORENZO(TJA),consulta externa,repetidas en personas de 5 a 14 anos,2006-01-01,3,7,3,7,10
SAN LUCAS,consulta externa,repetidas en personas de 5 a 14 anos,2006-01-01,4,6,4,6,10
SAN MATIAS,consulta externa,repetidas en personas de 5 a 14 anos,2006-01-01,0,1,0,1,1
SAN MIGUEL DE VELASCO,consulta externa,repetidas en personas de 5 a 14 anos,2006-01-01,11,18,11,18,29
SAN PABLO DE LIPEZ,consulta externa,repetidas en personas de 5 a 14 anos,2006-01-01,3,0,3,0,3
SAN PEDRO,consulta externa,repetidas en personas de 5 a 14 anos,2006-01-01,11,16,11,16,27
SAN PEDRO DE BUENA VISTA,consulta externa,repetidas en personas de 5 a 14 anos,2006-01-01,1,0,1,0,1
SAN PEDRO DE TIQUINA,consulta externa,repetidas en personas de 5 a 14 anos,2006-01-01,2,0,2,0,2
SAN PEDRO(PND),consulta externa,repetidas en personas de 5 a 14 anos,2006-01-01,5,0,5,0,5
SAN RAFAEL,consulta externa,repetidas en personas de 5 a 14 anos,2006-01-01,1,4,1,4,5
SAN RAMON,consulta externa,repetidas en personas de 5 a 14 anos,2006-01-01,6,2,6,2,8
SAN RAMON,consulta externa,repetidas en personas de 5 a 14 anos,2006-01-01,5,7,5,7,12
SANTA ANA,consulta externa,repetidas en personas de 5 a 14 anos,2006-01-01,30,37,30,37,67
SANTA CRUZ DE LA SIERRA,consulta externa,repetidas en personas de 5 a 14 anos,2006-01-01,2082,3051,2082,3051,5133
SANTA ROSA,consulta externa,repetidas en personas de 5 a 14 anos,2006-01-01,1,1,1,1,2
SANTA ROSA DEL SARA,consulta externa,repetidas en personas de 5 a 14 anos,2006-01-01,5,7,5,7,12
SANTIAGO DE CALLAPA,consulta externa,repetidas en personas de 5 a 14 anos,2006-01-01,4,0,4,0,4
SANTIAGO DE HUARI,consulta externa,repetidas en personas de 5 a 14 anos,2006-01-01,2,1,2,1,3
SANTIVAÑES,consulta externa,repetidas en personas de 5 a 14 anos,2006-01-01,0,2,0,2,2
SAPAHAQUI,consulta externa,repetidas en personas de 5 a 14 anos,2006-01-01,2,2,2,2,4
SENA,consulta externa,repetidas en personas de 5 a 14 anos,2006-01-01,1,0,1,0,1
SICA SICA (VILLA AROMA),consulta externa,repetidas en personas de 5 a 14 anos,2006-01-01,2,2,2,2,4
SIPE SIPE,consulta externa,repetidas en personas de 5 a 14 anos,2006-01-01,20,20,20,20,40
SORACACHI,consulta externa,repetidas en personas de 5 a 14 anos,2006-01-01,1,2,1,2,3
SORATA,consulta externa,repetidas en personas de 5 a 14 anos,2006-01-01,1,0,1,0,1
SUCRE,consulta externa,repetidas en personas de 5 a 14 anos,2006-01-01,652,598,652,598,1250
TAPACARI,consulta externa,repetidas en personas de 5 a 14 anos,2006-01-01,1,3,1,3,4
TARABUCO,consulta externa,repetidas en personas de 5 a 14 anos,2006-01-01,1,3,1,3,4
TARIJA,consulta externa,repetidas en personas de 5 a 14 anos,2006-01-01,581,676,581,676,1257
TARVITA,consulta externa,repetidas en personas de 5 a 14 anos,2006-01-01,0,2,0,2,2
TEOPONTE,consulta externa,repetidas en personas de 5 a 14 anos,2006-01-01,2,0,2,0,2
TINGUIPAYA,consulta externa,repetidas en personas de 5 a 14 anos,2006-01-01,3,7,3,7,10
TIPUANI,consulta externa,repetidas en personas de 5 a 14 anos,2006-01-01,0,2,0,2,2
TIQUIPAYA,consulta externa,repetidas en personas de 5 a 14 anos,2006-01-01,11,10,11,10,21
TIRAQUE (CBBA),consulta externa,repetidas en personas de 5 a 14 anos,2006-01-01,50,72,50,72,122
TITO YUPANQUI (PARQUIPUJIO),consulta externa,repetidas en personas de 5 a 14 anos,2006-01-01,0,1,0,1,1
TODOS SANTOS,consulta externa,repetidas en personas de 5 a 14 anos,2006-01-01,1,0,1,0,1
TOLATA,consulta externa,repetidas en personas de 5 a 14 anos,2006-01-01,0,3,0,3,3
TOLEDO,consulta externa,repetidas en personas de 5 a 14 anos,2006-01-01,2,1,2,1,3
TOMAVE,consulta externa,repetidas en personas de 5 a 14 anos,2006-01-01,2,2,2,2,4
TORO TORO,consulta externa,repetidas en personas de 5 a 14 anos,2006-01-01,1,0,1,0,1
TRIGAL,consulta externa,repetidas en personas de 5 a 14 anos,2006-01-01,1,1,1,1,2
TRINIDAD,consulta externa,repetidas en personas de 5 a 14 anos,2006-01-01,222,248,222,248,470
TUPIZA,consulta externa,repetidas en personas de 5 a 14 anos,2006-01-01,103,143,103,143,246
TURCO,consulta externa,repetidas en personas de 5 a 14 anos,2006-01-01,1,0,1,0,1
UNCIA,consulta externa,repetidas en personas de 5 a 14 anos,2006-01-01,48,68,48,68,116
URIONDO (A. CONCEPCION),consulta externa,repetidas en personas de 5 a 14 anos,2006-01-01,2,5,2,5,7
URUBICHA,consulta externa,repetidas en personas de 5 a 14 anos,2006-01-01,0,1,0,1,1
UYUNI,consulta externa,repetidas en personas de 5 a 14 anos,2006-01-01,16,13,16,13,29
VACAS,consulta externa,repetidas en personas de 5 a 14 anos,2006-01-01,13,8,13,8,21
VALLEGRANDE,consulta externa,repetidas en personas de 5 a 14 anos,2006-01-01,11,13,11,13,24
VIACHA,consulta externa,repetidas en personas de 5 a 14 anos,2006-01-01,33,25,33,25,58
VILLA MONTES,consulta externa,repetidas en personas de 5 a 14 anos,2006-01-01,21,14,21,14,35
VILLA RIVERO,consulta externa,repetidas en personas de 5 a 14 anos,2006-01-01,2,1,2,1,3
VILLA SERRANO,consulta externa,repetidas en personas de 5 a 14 anos,2006-01-01,1,1,1,1,2
VILLA TUNARI,consulta externa,repetidas en personas de 5 a 14 anos,2006-01-01,17,8,17,8,25
VILLA VACA GUZMAN (MUYUPAMPA),consulta externa,repetidas en personas de 5 a 14 anos,2006-01-01,2,2,2,2,4
VILLAZON,consulta externa,repetidas en personas de 5 a 14 anos,2006-01-01,15,17,15,17,32
VINTO,consulta externa,repetidas en personas de 5 a 14 anos,2006-01-01,3,2,3,2,5
VITICHI,consulta externa,repetidas en personas de 5 a 14 anos,2006-01-01,0,1,0,1,1
WALDO BALLIVIAN,consulta externa,repetidas en personas de 5 a 14 anos,2006-01-01,0,1,0,1,1
WARNES,consulta externa,repetidas en personas de 5 a 14 anos,2006-01-01,24,16,24,16,40
YACUIBA,consulta externa,repetidas en personas de 5 a 14 anos,2006-01-01,163,773,163,773,936
YAMPARAEZ,consulta externa,repetidas en personas de 5 a 14 anos,2006-01-01,5,15,5,15,20
YAPACANI,consulta externa,repetidas en personas de 5 a 14 anos,2006-01-01,6,7,6,7,13
YOTALA,consulta externa,repetidas en personas de 5 a 14 anos,2006-01-01,1,5,1,5,6
ZUDAÑEZ,consulta externa,repetidas en personas de 5 a 14 anos,2006-01-01,0,1,0,1,1
ACACIO,consulta externa,repetidas en personas de 5 a 14 anos,2006-02-01,6,0,6,0,6
ACHACACHI,consulta externa,repetidas en personas de 5 a 14 anos,2006-02-01,2,6,2,6,8
AIQUILE,consulta externa,repetidas en personas de 5 a 14 anos,2006-02-01,12,21,12,21,33
ANCORAIMES,consulta externa,repetidas en personas de 5 a 14 anos,2006-02-01,1,0,1,0,1
ANZALDO,consulta externa,repetidas en personas de 5 a 14 anos,2006-02-01,3,2,3,2,5
APOLO,consulta externa,repetidas en personas de 5 a 14 anos,2006-02-01,2,1,2,1,3
ARANI,consulta externa,repetidas en personas de 5 a 14 anos,2006-02-01,3,2,3,2,5
ARBIETO,consulta externa,repetidas en personas de 5 a 14 anos,2006-02-01,1,1,1,1,2
ASCENCION DE GUARAYOS,consulta externa,repetidas en personas de 5 a 14 anos,2006-02-01,12,17,12,17,29
ATOCHA,consulta externa,repetidas en personas de 5 a 14 anos,2006-02-01,20,25,20,25,45
AUCAPATA,consulta externa,repetidas en personas de 5 a 14 anos,2006-02-01,3,2,3,2,5
AYATA,consulta externa,repetidas en personas de 5 a 14 anos,2006-02-01,4,2,4,2,6
AYOPAYA (V. DE INDEPENDENCIA),consulta externa,repetidas en personas de 5 a 14 anos,2006-02-01,3,5,3,5,8
BATALLAS,consulta externa,repetidas en personas de 5 a 14 anos,2006-02-01,0,1,0,1,1
BAURES,consulta externa,repetidas en personas de 5 a 14 anos,2006-02-01,1,1,1,1,2
BELEN DE ANDAMARCA,consulta externa,repetidas en personas de 5 a 14 anos,2006-02-01,0,1,0,1,1
BELEN DE URMIRI,consulta externa,repetidas en personas de 5 a 14 anos,2006-02-01,1,1,1,1,2
BERMEJO,consulta externa,repetidas en personas de 5 a 14 anos,2006-02-01,18,28,18,28,46
BETANZOS,consulta externa,repetidas en personas de 5 a 14 anos,2006-02-01,4,6,4,6,10
BOLIVAR,consulta externa,repetidas en personas de 5 a 14 anos,2006-02-01,0,1,0,1,1
BOYUIBE,consulta externa,repetidas en personas de 5 a 14 anos,2006-02-01,4,3,4,3,7
BUENA VISTA,consulta externa,repetidas en personas de 5 a 14 anos,2006-02-01,6,9,6,9,15
CABEZAS,consulta externa,repetidas en personas de 5 a 14 anos,2006-02-01,4,4,4,4,8
CAIROMA,consulta externa,repetidas en personas de 5 a 14 anos,2006-02-01,14,16,14,16,30
CAJUATA,consulta externa,repetidas en personas de 5 a 14 anos,2006-02-01,0,1,0,1,1
CALAMARCA,consulta externa,repetidas en personas de 5 a 14 anos,2006-02-01,1,1,1,1,2
CAMARGO,consulta externa,repetidas en personas de 5 a 14 anos,2006-02-01,11,2,11,2,13
CAMATAQUI (C. VILLA ABECIA),consulta externa,repetidas en personas de 5 a 14 anos,2006-02-01,2,1,2,1,3
CAMIRI,consulta externa,repetidas en personas de 5 a 14 anos,2006-02-01,25,44,25,44,69
CAPINOTA,consulta externa,repetidas en personas de 5 a 14 anos,2006-02-01,5,17,5,17,22
CAQUIAVIRI,consulta externa,repetidas en personas de 5 a 14 anos,2006-02-01,0,2,0,2,2
CARANAVI,consulta externa,repetidas en personas de 5 a 14 anos,2006-02-01,27,57,27,57,84
CARMEN RIVERO TORREZ,consulta externa,repetidas en personas de 5 a 14 anos,2006-02-01,0,1,0,1,1
CHALLAPATA,consulta externa,repetidas en personas de 5 a 14 anos,2006-02-01,8,8,8,8,16
CHARAGUA,consulta externa,repetidas en personas de 5 a 14 anos,2006-02-01,3,3,3,3,6
CHARAÑA,consulta externa,repetidas en personas de 5 a 14 anos,2006-02-01,0,1,0,1,1
CHAYANTA,consulta externa,repetidas en personas de 5 a 14 anos,2006-02-01,2,0,2,0,2
CHIMORE,consulta externa,repetidas en personas de 5 a 14 anos,2006-02-01,1,0,1,0,1
CHULUMANI (V. DE LA LIBERTAD),consulta externa,repetidas en personas de 5 a 14 anos,2006-02-01,2,5,2,5,7
CHUMA,consulta externa,repetidas en personas de 5 a 14 anos,2006-02-01,1,3,1,3,4
CLIZA,consulta externa,repetidas en personas de 5 a 14 anos,2006-02-01,0,3,0,3,3
COBIJA,consulta externa,repetidas en personas de 5 a 14 anos,2006-02-01,18,16,18,16,34
COCHABAMBA,consulta externa,repetidas en personas de 5 a 14 anos,2006-02-01,1729,1583,1729,1583,3312
COLCAPIRHUA,consulta externa,repetidas en personas de 5 a 14 anos,2006-02-01,36,33,36,33,69
"COLCHA ""K""",consulta externa,repetidas en personas de 5 a 14 anos,2006-02-01,1,4,1,4,5
COLOMI,consulta externa,repetidas en personas de 5 a 14 anos,2006-02-01,1,0,1,0,1
COLPA BELGICA,consulta externa,repetidas en personas de 5 a 14 anos,2006-02-01,11,6,11,6,17
COLQUECHACA,consulta externa,repetidas en personas de 5 a 14 anos,2006-02-01,3,0,3,0,3
COLQUENCHA,consulta externa,repetidas en personas de 5 a 14 anos,2006-02-01,1,0,1,0,1
COLQUIRI,consulta externa,repetidas en personas de 5 a 14 anos,2006-02-01,3,3,3,3,6
COMANCHE,consulta externa,repetidas en personas de 5 a 14 anos,2006-02-01,2,0,2,0,2
COMARAPA,consulta externa,repetidas en personas de 5 a 14 anos,2006-02-01,19,11,19,11,30
CONCEPCION,consulta externa,repetidas en personas de 5 a 14 anos,2006-02-01,1,1,1,1,2
COPACABANA,consulta externa,repetidas en personas de 5 a 14 anos,2006-02-01,1,0,1,0,1
CORIPATA,consulta externa,repetidas en personas de 5 a 14 anos,2006-02-01,2,1,2,1,3
COROICO,consulta externa,repetidas en personas de 5 a 14 anos,2006-02-01,10,1,10,1,11
CORQUE,consulta externa,repetidas en personas de 5 a 14 anos,2006-02-01,1,0,1,0,1
COTAGAITA,consulta externa,repetidas en personas de 5 a 14 anos,2006-02-01,12,14,12,14,26
COTOCA,consulta externa,repetidas en personas de 5 a 14 anos,2006-02-01,3,1,3,1,4
CUATRO CAÑADAS,consulta externa,repetidas en personas de 5 a 14 anos,2006-02-01,1,4,1,4,5
CUCHUMUELA (V. G. VILLARROEL),consulta externa,repetidas en personas de 5 a 14 anos,2006-02-01,0,1,0,1,1
CUEVO,consulta externa,repetidas en personas de 5 a 14 anos,2006-02-01,2,2,2,2,4
EL ALTO,consulta externa,repetidas en personas de 5 a 14 anos,2006-02-01,1401,1246,1401,1246,2647
EL PUENTE(STC),consulta externa,repetidas en personas de 5 a 14 anos,2006-02-01,2,3,2,3,5
EL PUENTE(TJA),consulta externa,repetidas en personas de 5 a 14 anos,2006-02-01,1,2,1,2,3
EL TORNO,consulta externa,repetidas en personas de 5 a 14 anos,2006-02-01,36,54,36,54,90
ENTRE RIOS,consulta externa,repetidas en personas de 5 a 14 anos,2006-02-01,8,1,8,1,9
ENTRE RIOS,consulta externa,repetidas en personas de 5 a 14 anos,2006-02-01,4,1,4,1,5
EUCALIPTUS,consulta externa,repetidas en personas de 5 a 14 anos,2006-02-01,0,2,0,2,2
EXALTACION,consulta externa,repetidas en personas de 5 a 14 anos,2006-02-01,3,1,3,1,4
FERNANDEZ ALONSO,consulta externa,repetidas en personas de 5 a 14 anos,2006-02-01,7,3,7,3,10
FILADELFIA,consulta externa,repetidas en personas de 5 a 14 anos,2006-02-01,1,0,1,0,1
GENERAL SAAVEDRA,consulta externa,repetidas en personas de 5 a 14 anos,2006-02-01,0,9,0,9,9
GRAL. J.J. PEREZ (CHARAZANI),consulta externa,repetidas en personas de 5 a 14 anos,2006-02-01,1,0,1,0,1
GUAQUI,consulta externa,repetidas en personas de 5 a 14 anos,2006-02-01,4,1,4,1,5
GUAYARAMERIN,consulta externa,repetidas en personas de 5 a 14 anos,2006-02-01,43,45,43,45,88
GUTIERREZ,consulta externa,repetidas en personas de 5 a 14 anos,2006-02-01,3,0,3,0,3
HUACARETA,consulta externa,repetidas en personas de 5 a 14 anos,2006-02-01,19,25,19,25,44
HUACAYA (VILLA DE HUACAYA),consulta externa,repetidas en personas de 5 a 14 anos,2006-02-01,2,1,2,1,3
HUANUNI,consulta externa,repetidas en personas de 5 a 14 anos,2006-02-01,85,82,85,82,167
HUARACAJE,consulta externa,repetidas en personas de 5 a 14 anos,2006-02-01,0,1,0,1,1
ICHOCA,consulta externa,repetidas en personas de 5 a 14 anos,2006-02-01,1,0,1,0,1
ICLA,consulta externa,repetidas en personas de 5 a 14 anos,2006-02-01,1,2,1,2,3
INCAHUASI,consulta externa,repetidas en personas de 5 a 14 anos,2006-02-01,1,0,1,0,1
INGAVI (HUMAITA),consulta externa,repetidas en personas de 5 a 14 anos,2006-02-01,2,1,2,1,3
INQUISIVI,consulta externa,repetidas en personas de 5 a 14 anos,2006-02-01,2,2,2,2,4
IRUPANA (VILLA DE LANZA),consulta externa,repetidas en personas de 5 a 14 anos,2006-02-01,4,2,4,2,6
IXIAMAS,consulta externa,repetidas en personas de 5 a 14 anos,2006-02-01,1,3,1,3,4
JESUS DE MACHACA,consulta externa,repetidas en personas de 5 a 14 anos,2006-02-01,2,1,2,1,3
LA GUARDIA,consulta externa,repetidas en personas de 5 a 14 anos,2006-02-01,13,10,13,10,23
LA PAZ,consulta externa,repetidas en personas de 5 a 14 anos,2006-02-01,2050,2064,2050,2064,4114
LAGUNILLAS,consulta externa,repetidas en personas de 5 a 14 anos,2006-02-01,2,18,2,18,20
LAJA,consulta externa,repetidas en personas de 5 a 14 anos,2006-02-01,0,1,0,1,1
LAS CARRERAS,consulta externa,repetidas en personas de 5 a 14 anos,2006-02-01,1,2,1,2,3
LLALLAGUA,consulta externa,repetidas en personas de 5 a 14 anos,2006-02-01,7,12,7,12,19
LLICA,consulta externa,repetidas en personas de 5 a 14 anos,2006-02-01,1,0,1,0,1
LORETO,consulta externa,repetidas en personas de 5 a 14 anos,2006-02-01,2,1,2,1,3
LURIBAY,consulta externa,repetidas en personas de 5 a 14 anos,2006-02-01,1,0,1,0,1
MACHACAMARCA,consulta externa,repetidas en personas de 5 a 14 anos,2006-02-01,2,1,2,1,3
MACHARETI,consulta externa,repetidas en personas de 5 a 14 anos,2006-02-01,3,0,3,0,3
MAGDALENA,consulta externa,repetidas en personas de 5 a 14 anos,2006-02-01,23,28,23,28,51
MAIRANA,consulta externa,repetidas en personas de 5 a 14 anos,2006-02-01,2,0,2,0,2
MALLA,consulta externa,repetidas en personas de 5 a 14 anos,2006-02-01,1,8,1,8,9
MAPIRI,consulta externa,repetidas en personas de 5 a 14 anos,2006-02-01,1,52,1,52,53
MECAPACA,consulta externa,repetidas en personas de 5 a 14 anos,2006-02-01,3,4,3,4,7
MIZQUE,consulta externa,repetidas en personas de 5 a 14 anos,2006-02-01,2,9,2,9,11
MOJINETE,consulta externa,repetidas en personas de 5 a 14 anos,2006-02-01,0,2,0,2,2
MONTEAGUDO,consulta externa,repetidas en personas de 5 a 14 anos,2006-02-01,25,30,25,30,55
MONTERO,consulta externa,repetidas en personas de 5 a 14 anos,2006-02-01,101,77,101,77,178
MORO MORO,consulta externa,repetidas en personas de 5 a 14 anos,2006-02-01,0,1,0,1,1
MOROCHATA,consulta externa,repetidas en personas de 5 a 14 anos,2006-02-01,3,4,3,4,7
OKINAWA,consulta externa,repetidas en personas de 5 a 14 anos,2006-02-01,6,5,6,5,11
OMEREQUE,consulta externa,repetidas en personas de 5 a 14 anos,2006-02-01,1,0,1,0,1
ORURO,consulta externa,repetidas en personas de 5 a 14 anos,2006-02-01,506,554,506,554,1060
PADCAYA,consulta externa,repetidas en personas de 5 a 14 anos,2006-02-01,3,5,3,5,8
PADILLA,consulta externa,repetidas en personas de 5 a 14 anos,2006-02-01,4,2,4,2,6
PAILON,consulta externa,repetidas en personas de 5 a 14 anos,2006-02-01,7,6,7,6,13
PALCA,consulta externa,repetidas en personas de 5 a 14 anos,2006-02-01,4,1,4,1,5
PALOS BLANCOS,consulta externa,repetidas en personas de 5 a 14 anos,2006-02-01,4,0,4,0,4
PAMPA AULLAGAS,consulta externa,repetidas en personas de 5 a 14 anos,2006-02-01,1,0,1,0,1
PAPEL PAMPA,consulta externa,repetidas en personas de 5 a 14 anos,2006-02-01,1,0,1,0,1
PAZÑA,consulta externa,repetidas en personas de 5 a 14 anos,2006-02-01,1,0,1,0,1
POCOATA,consulta externa,repetidas en personas de 5 a 14 anos,2006-02-01,1,0,1,0,1
POOPO,consulta externa,repetidas en personas de 5 a 14 anos,2006-02-01,0,1,0,1,1
POROMA,consulta externa,repetidas en personas de 5 a 14 anos,2006-02-01,0,2,0,2,2
PORONGO,consulta externa,repetidas en personas de 5 a 14 anos,2006-02-01,4,1,4,1,5
PORTACHUELO,consulta externa,repetidas en personas de 5 a 14 anos,2006-02-01,37,18,37,18,55
POSTRER VALLE,consulta externa,repetidas en personas de 5 a 14 anos,2006-02-01,1,0,1,0,1
POTOSI,consulta externa,repetidas en personas de 5 a 14 anos,2006-02-01,306,221,306,221,527
PUCARANI,consulta externa,repetidas en personas de 5 a 14 anos,2006-02-01,1,0,1,0,1
PUERTO ACOSTA,consulta externa,repetidas en personas de 5 a 14 anos,2006-02-01,2,7,2,7,9
PUERTO GONZALO MORENO,consulta externa,repetidas en personas de 5 a 14 anos,2006-02-01,2,4,2,4,6
PUERTO PEREZ,consulta externa,repetidas en personas de 5 a 14 anos,2006-02-01,2,1,2,1,3
PUERTO QUIJARRO,consulta externa,repetidas en personas de 5 a 14 anos,2006-02-01,16,17,16,17,33
PUERTO SUAREZ,consulta externa,repetidas en personas de 5 a 14 anos,2006-02-01,16,12,16,12,28
PUERTO VILLARROEL,consulta externa,repetidas en personas de 5 a 14 anos,2006-02-01,9,9,9,9,18
PUNA,consulta externa,repetidas en personas de 5 a 14 anos,2006-02-01,2,4,2,4,6
PUNATA,consulta externa,repetidas en personas de 5 a 14 anos,2006-02-01,18,16,18,16,34
QUILLACOLLO,consulta externa,repetidas en personas de 5 a 14 anos,2006-02-01,23,25,23,25,48
QUIME,consulta externa,repetidas en personas de 5 a 14 anos,2006-02-01,9,6,9,6,15
QUIRUSILLAS,consulta externa,repetidas en personas de 5 a 14 anos,2006-02-01,1,0,1,0,1
REYES,consulta externa,repetidas en personas de 5 a 14 anos,2006-02-01,8,5,8,5,13
RIBERALTA,consulta externa,repetidas en personas de 5 a 14 anos,2006-02-01,24,27,24,27,51
ROBORE,consulta externa,repetidas en personas de 5 a 14 anos,2006-02-01,6,5,6,5,11
RURRENABAQUE,consulta externa,repetidas en personas de 5 a 14 anos,2006-02-01,12,4,12,4,16
SABAYA,consulta externa,repetidas en personas de 5 a 14 anos,2006-02-01,1,0,1,0,1
SACABA,consulta externa,repetidas en personas de 5 a 14 anos,2006-02-01,47,50,47,50,97
SAIPINA,consulta externa,repetidas en personas de 5 a 14 anos,2006-02-01,4,5,4,5,9
SAMAIPATA,consulta externa,repetidas en personas de 5 a 14 anos,2006-02-01,4,2,4,2,6
SAN ANDRES,consulta externa,repetidas en personas de 5 a 14 anos,2006-02-01,0,1,0,1,1
SAN ANDRES DE MACHACA,consulta externa,repetidas en personas de 5 a 14 anos,2006-02-01,0,1,0,1,1
SAN ANTONIO DE LOMERIO,consulta externa,repetidas en personas de 5 a 14 anos,2006-02-01,1,0,1,0,1
SAN BENITO,consulta externa,repetidas en personas de 5 a 14 anos,2006-02-01,1,5,1,5,6
SAN BORJA,consulta externa,repetidas en personas de 5 a 14 anos,2006-02-01,15,24,15,24,39
SAN BUENA VENTURA,consulta externa,repetidas en personas de 5 a 14 anos,2006-02-01,10,13,10,13,23
SAN CARLOS,consulta externa,repetidas en personas de 5 a 14 anos,2006-02-01,1,0,1,0,1
SAN IGNACIO,consulta externa,repetidas en personas de 5 a 14 anos,2006-02-01,19,20,19,20,39
SAN IGNACIO DE VELASCO,consulta externa,repetidas en personas de 5 a 14 anos,2006-02-01,29,29,29,29,58
SAN JAVIER(BNI),consulta externa,repetidas en personas de 5 a 14 anos,2006-02-01,1,0,1,0,1
SAN JAVIER(STC),consulta externa,repetidas en personas de 5 a 14 anos,2006-02-01,10,13,10,13,23
SAN JOAQUIN,consulta externa,repetidas en personas de 5 a 14 anos,2006-02-01,2,1,2,1,3
SAN JOSE DE CHIQUITOS,consulta externa,repetidas en personas de 5 a 14 anos,2006-02-01,2,0,2,0,2
SAN JUAN DE YAPACANI,consulta externa,repetidas en personas de 5 a 14 anos,2006-02-01,40,30,40,30,70
SAN JULIAN,consulta externa,repetidas en personas de 5 a 14 anos,2006-02-01,39,39,39,39,78
SAN LORENZO(TJA),consulta externa,repetidas en personas de 5 a 14 anos,2006-02-01,5,3,5,3,8
SAN LUCAS,consulta externa,repetidas en personas de 5 a 14 anos,2006-02-01,7,0,7,0,7
SAN MATIAS,consulta externa,repetidas en personas de 5 a 14 anos,2006-02-01,0,2,0,2,2
SAN MIGUEL DE VELASCO,consulta externa,repetidas en personas de 5 a 14 anos,2006-02-01,13,20,13,20,33
SAN PABLO DE LIPEZ,consulta externa,repetidas en personas de 5 a 14 anos,2006-02-01,1,3,1,3,4
SAN PEDRO,consulta externa,repetidas en personas de 5 a 14 anos,2006-02-01,11,19,11,19,30
SAN PEDRO DE BUENA VISTA,consulta externa,repetidas en personas de 5 a 14 anos,2006-02-01,2,0,2,0,2
SAN PEDRO DE CURAHUARA,consulta externa,repetidas en personas de 5 a 14 anos,2006-02-01,1,0,1,0,1
SAN RAFAEL,consulta externa,repetidas en personas de 5 a 14 anos,2006-02-01,0,1,0,1,1
SAN RAMON,consulta externa,repetidas en personas de 5 a 14 anos,2006-02-01,8,4,8,4,12
SAN RAMON,consulta externa,repetidas en personas de 5 a 14 anos,2006-02-01,2,2,2,2,4
SANTA ANA,consulta externa,repetidas en personas de 5 a 14 anos,2006-02-01,26,29,26,29,55
SANTA CRUZ DE LA SIERRA,consulta externa,repetidas en personas de 5 a 14 anos,2006-02-01,1998,2507,1998,2507,4505
SANTA ROSA,consulta externa,repetidas en personas de 5 a 14 anos,2006-02-01,4,0,4,0,4
SANTA ROSA DEL SARA,consulta externa,repetidas en personas de 5 a 14 anos,2006-02-01,3,4,3,4,7
SANTIAGO DE CALLAPA,consulta externa,repetidas en personas de 5 a 14 anos,2006-02-01,0,1,0,1,1
SANTIAGO DE HUARI,consulta externa,repetidas en personas de 5 a 14 anos,2006-02-01,0,1,0,1,1
SANTIAGO DE MACHACA,consulta externa,repetidas en personas de 5 a 14 anos,2006-02-01,0,1,0,1,1
SANTIVAÑES,consulta externa,repetidas en personas de 5 a 14 anos,2006-02-01,3,0,3,0,3
SANTUARIO DE QUILLACAS,consulta externa,repetidas en personas de 5 a 14 anos,2006-02-01,1,0,1,0,1
SAPAHAQUI,consulta externa,repetidas en personas de 5 a 14 anos,2006-02-01,1,1,1,1,2
SENA,consulta externa,repetidas en personas de 5 a 14 anos,2006-02-01,0,1,0,1,1
SICA SICA (VILLA AROMA),consulta externa,repetidas en personas de 5 a 14 anos,2006-02-01,0,2,0,2,2
SIPE SIPE,consulta externa,repetidas en personas de 5 a 14 anos,2006-02-01,10,16,10,16,26
SORACACHI,consulta externa,repetidas en personas de 5 a 14 anos,2006-02-01,3,1,3,1,4
SORATA,consulta externa,repetidas en personas de 5 a 14 anos,2006-02-01,1,0,1,0,1
SUCRE,consulta externa,repetidas en personas de 5 a 14 anos,2006-02-01,742,724,742,724,1466
TACOPAYA,consulta externa,repetidas en personas de 5 a 14 anos,2006-02-01,2,0,2,0,2
TAPACARI,consulta externa,repetidas en personas de 5 a 14 anos,2006-02-01,6,1,6,1,7
TARABUCO,consulta externa,repetidas en personas de 5 a 14 anos,2006-02-01,7,1,7,1,8
TARACO,consulta externa,repetidas en personas de 5 a 14 anos,2006-02-01,0,1,0,1,1
TARATA,consulta externa,repetidas en personas de 5 a 14 anos,2006-02-01,3,2,3,2,5
TARIJA,consulta externa,repetidas en personas de 5 a 14 anos,2006-02-01,417,425,417,425,842
TARVITA,consulta externa,repetidas en personas de 5 a 14 anos,2006-02-01,1,0,1,0,1
TEOPONTE,consulta externa,repetidas en personas de 5 a 14 anos,2006-02-01,1,3,1,3,4
TIAWANACU,consulta externa,repetidas en personas de 5 a 14 anos,2006-02-01,0,1,0,1,1
TIPUANI,consulta externa,repetidas en personas de 5 a 14 anos,2006-02-01,1,2,1,2,3
TIQUIPAYA,consulta externa,repetidas en personas de 5 a 14 anos,2006-02-01,20,12,20,12,32
TIRAQUE (CBBA),consulta externa,repetidas en personas de 5 a 14 anos,2006-02-01,13,7,13,7,20
TOLATA,consulta externa,repetidas en personas de 5 a 14 anos,2006-02-01,2,1,2,1,3
TOMAVE,consulta externa,repetidas en personas de 5 a 14 anos,2006-02-01,1,1,1,1,2
TOMINA,consulta externa,repetidas en personas de 5 a 14 anos,2006-02-01,2,2,2,2,4
TOTORA(CBBA),consulta externa,repetidas en personas de 5 a 14 anos,2006-02-01,1,1,1,1,2
TRIGAL,consulta externa,repetidas en personas de 5 a 14 anos,2006-02-01,0,1,0,1,1
TRINIDAD,consulta externa,repetidas en personas de 5 a 14 anos,2006-02-01,210,231,210,231,441
TUPIZA,consulta externa,repetidas en personas de 5 a 14 anos,2006-02-01,90,143,90,143,233
UNCIA,consulta externa,repetidas en personas de 5 a 14 anos,2006-02-01,23,24,23,24,47
URIONDO (A. CONCEPCION),consulta externa,repetidas en personas de 5 a 14 anos,2006-02-01,1,5,1,5,6
URUBICHA,consulta externa,repetidas en personas de 5 a 14 anos,2006-02-01,0,2,0,2,2
UYUNI,consulta externa,repetidas en personas de 5 a 14 anos,2006-02-01,5,11,5,11,16
VACAS,consulta externa,repetidas en personas de 5 a 14 anos,2006-02-01,10,4,10,4,14
VALLEGRANDE,consulta externa,repetidas en personas de 5 a 14 anos,2006-02-01,14,17,14,17,31
VIACHA,consulta externa,repetidas en personas de 5 a 14 anos,2006-02-01,25,30,25,30,55
VILLA MONTES,consulta externa,repetidas en personas de 5 a 14 anos,2006-02-01,10,14,10,14,24
VILLA RIVERO,consulta externa,repetidas en personas de 5 a 14 anos,2006-02-01,4,5,4,5,9
VILLA TUNARI,consulta externa,repetidas en personas de 5 a 14 anos,2006-02-01,23,27,23,27,50
VILLA VACA GUZMAN (MUYUPAMPA),consulta externa,repetidas en personas de 5 a 14 anos,2006-02-01,17,6,17,6,23
VILLAZON,consulta externa,repetidas en personas de 5 a 14 anos,2006-02-01,21,9,21,9,30
VINTO,consulta externa,repetidas en personas de 5 a 14 anos,2006-02-01,8,7,8,7,15
VITICHI,consulta externa,repetidas en personas de 5 a 14 anos,2006-02-01,0,5,0,5,5
WALDO BALLIVIAN,consulta externa,repetidas en personas de 5 a 14 anos,2006-02-01,1,0,1,0,1
WARNES,consulta externa,repetidas en personas de 5 a 14 anos,2006-02-01,12,18,12,18,30
YACUIBA,consulta externa,repetidas en personas de 5 a 14 anos,2006-02-01,69,68,69,68,137
YAMPARAEZ,consulta externa,repetidas en personas de 5 a 14 anos,2006-02-01,2,5,2,5,7
YANACACHI,consulta externa,repetidas en personas de 5 a 14 anos,2006-02-01,1,0,1,0,1
YAPACANI,consulta externa,repetidas en personas de 5 a 14 anos,2006-02-01,7,5,7,5,12
YOCALLA,consulta externa,repetidas en personas de 5 a 14 anos,2006-02-01,0,1,0,1,1
YOTALA,consulta externa,repetidas en personas de 5 a 14 anos,2006-02-01,2,7,2,7,9
ZUDAÑEZ,consulta externa,repetidas en personas de 5 a 14 anos,2006-02-01,1,0,1,0,1
ACHACACHI,consulta externa,repetidas en personas de 5 a 14 anos,2006-03-01,4,12,4,12,16
AIQUILE,consulta externa,repetidas en personas de 5 a 14 anos,2006-03-01,36,47,36,47,83
ALCALA,consulta externa,repetidas en personas de 5 a 14 anos,2006-03-01,0,2,0,2,2
ANCORAIMES,consulta externa,repetidas en personas de 5 a 14 anos,2006-03-01,3,2,3,2,5
ANDAMARCA,consulta externa,repetidas en personas de 5 a 14 anos,2006-03-01,0,1,0,1,1
ANTEQUERA,consulta externa,repetidas en personas de 5 a 14 anos,2006-03-01,7,0,7,0,7
ANZALDO,consulta externa,repetidas en personas de 5 a 14 anos,2006-03-01,1,2,1,2,3
APOLO,consulta externa,repetidas en personas de 5 a 14 anos,2006-03-01,2,2,2,2,4
ARANI,consulta externa,repetidas en personas de 5 a 14 anos,2006-03-01,2,3,2,3,5
ARBIETO,consulta externa,repetidas en personas de 5 a 14 anos,2006-03-01,10,11,10,11,21
ARQUE,consulta externa,repetidas en personas de 5 a 14 anos,2006-03-01,0,1,0,1,1
ASCENCION DE GUARAYOS,consulta externa,repetidas en personas de 5 a 14 anos,2006-03-01,4,7,4,7,11
ATOCHA,consulta externa,repetidas en personas de 5 a 14 anos,2006-03-01,53,97,53,97,150
AUCAPATA,consulta externa,repetidas en personas de 5 a 14 anos,2006-03-01,2,5,2,5,7
AYATA,consulta externa,repetidas en personas de 5 a 14 anos,2006-03-01,4,3,4,3,7
AYO AYO,consulta externa,repetidas en personas de 5 a 14 anos,2006-03-01,0,3,0,3,3
AYOPAYA (V. DE INDEPENDENCIA),consulta externa,repetidas en personas de 5 a 14 anos,2006-03-01,4,6,4,6,10
BATALLAS,consulta externa,repetidas en personas de 5 a 14 anos,2006-03-01,1,0,1,0,1
BAURES,consulta externa,repetidas en personas de 5 a 14 anos,2006-03-01,1,1,1,1,2
BELEN DE ANDAMARCA,consulta externa,repetidas en personas de 5 a 14 anos,2006-03-01,3,0,3,0,3
BELEN DE URMIRI,consulta externa,repetidas en personas de 5 a 14 anos,2006-03-01,1,0,1,0,1
BERMEJO,consulta externa,repetidas en personas de 5 a 14 anos,2006-03-01,34,14,34,14,48
BETANZOS,consulta externa,repetidas en personas de 5 a 14 anos,2006-03-01,1,10,1,10,11
BOLIVAR,consulta externa,repetidas en personas de 5 a 14 anos,2006-03-01,0,6,0,6,6
BOLPEBRA,consulta externa,repetidas en personas de 5 a 14 anos,2006-03-01,0,1,0,1,1
BOYUIBE,consulta externa,repetidas en personas de 5 a 14 anos,2006-03-01,5,1,5,1,6
BUENA VISTA,consulta externa,repetidas en personas de 5 a 14 anos,2006-03-01,12,12,12,12,24
CABEZAS,consulta externa,repetidas en personas de 5 a 14 anos,2006-03-01,4,4,4,4,8
CAIROMA,consulta externa,repetidas en personas de 5 a 14 anos,2006-03-01,14,21,14,21,35
"CAIZA ""D""",consulta externa,repetidas en personas de 5 a 14 anos,2006-03-01,1,3,1,3,4
CALACOTO,consulta externa,repetidas en personas de 5 a 14 anos,2006-03-01,2,1,2,1,3
CALAMARCA,consulta externa,repetidas en personas de 5 a 14 anos,2006-03-01,10,2,10,2,12
CAMARGO,consulta externa,repetidas en personas de 5 a 14 anos,2006-03-01,1,13,1,13,14
CAMATAQUI (C. VILLA ABECIA),consulta externa,repetidas en personas de 5 a 14 anos,2006-03-01,0,2,0,2,2
CAMIRI,consulta externa,repetidas en personas de 5 a 14 anos,2006-03-01,66,67,66,67,133
CAPINOTA,consulta externa,repetidas en personas de 5 a 14 anos,2006-03-01,3,5,3,5,8
CAQUIAVIRI,consulta externa,repetidas en personas de 5 a 14 anos,2006-03-01,1,0,1,0,1
CARACOLLO,consulta externa,repetidas en personas de 5 a 14 anos,2006-03-01,2,2,2,2,4
CARANAVI,consulta externa,repetidas en personas de 5 a 14 anos,2006-03-01,10,4,10,4,14
CARAPARI,consulta externa,repetidas en personas de 5 a 14 anos,2006-03-01,2,1,2,1,3
CHALLAPATA,consulta externa,repetidas en personas de 5 a 14 anos,2006-03-01,7,7,7,7,14
CHARAGUA,consulta externa,repetidas en personas de 5 a 14 anos,2006-03-01,4,12,4,12,16
CHARAÑA,consulta externa,repetidas en personas de 5 a 14 anos,2006-03-01,1,0,1,0,1
CHAYANTA,consulta externa,repetidas en personas de 5 a 14 anos,2006-03-01,2,2,2,2,4
CHIMORE,consulta externa,repetidas en personas de 5 a 14 anos,2006-03-01,6,8,6,8,14
CHOQUE COTA,consulta externa,repetidas en personas de 5 a 14 anos,2006-03-01,5,1,5,1,6
CHULUMANI (V. DE LA LIBERTAD),consulta externa,repetidas en personas de 5 a 14 anos,2006-03-01,2,9,2,9,11
CHUMA,consulta externa,repetidas en personas de 5 a 14 anos,2006-03-01,1,1,1,1,2
CLIZA,consulta externa,repetidas en personas de 5 a 14 anos,2006-03-01,5,8,5,8,13
COBIJA,consulta externa,repetidas en personas de 5 a 14 anos,2006-03-01,32,30,32,30,62
COCHABAMBA,consulta externa,repetidas en personas de 5 a 14 anos,2006-03-01,2189,2028,2189,2028,4217
COLCAPIRHUA,consulta externa,repetidas en personas de 5 a 14 anos,2006-03-01,50,38,50,38,88
"COLCHA ""K""",consulta externa,repetidas en personas de 5 a 14 anos,2006-03-01,3,4,3,4,7
COLOMI,consulta externa,repetidas en personas de 5 a 14 anos,2006-03-01,1,1,1,1,2
COLPA BELGICA,consulta externa,repetidas en personas de 5 a 14 anos,2006-03-01,12,8,12,8,20
COLQUECHACA,consulta externa,repetidas en personas de 5 a 14 anos,2006-03-01,3,3,3,3,6
COLQUENCHA,consulta externa,repetidas en personas de 5 a 14 anos,2006-03-01,1,0,1,0,1
COLQUIRI,consulta externa,repetidas en personas de 5 a 14 anos,2006-03-01,9,7,9,7,16
COMANCHE,consulta externa,repetidas en personas de 5 a 14 anos,2006-03-01,2,0,2,0,2
COMARAPA,consulta externa,repetidas en personas de 5 a 14 anos,2006-03-01,8,13,8,13,21
CONCEPCION,consulta externa,repetidas en personas de 5 a 14 anos,2006-03-01,1,4,1,4,5
COPACABANA,consulta externa,repetidas en personas de 5 a 14 anos,2006-03-01,2,0,2,0,2
CORIPATA,consulta externa,repetidas en personas de 5 a 14 anos,2006-03-01,3,0,3,0,3
CORO CORO,consulta externa,repetidas en personas de 5 a 14 anos,2006-03-01,1,1,1,1,2
COROICO,consulta externa,repetidas en personas de 5 a 14 anos,2006-03-01,14,10,14,10,24
CORQUE,consulta externa,repetidas en personas de 5 a 14 anos,2006-03-01,3,5,3,5,8
COTAGAITA,consulta externa,repetidas en personas de 5 a 14 anos,2006-03-01,7,31,7,31,38
COTOCA,consulta externa,repetidas en personas de 5 a 14 anos,2006-03-01,3,5,3,5,8
CUATRO CAÑADAS,consulta externa,repetidas en personas de 5 a 14 anos,2006-03-01,4,6,4,6,10
CUCHUMUELA (V. G. VILLARROEL),consulta externa,repetidas en personas de 5 a 14 anos,2006-03-01,1,1,1,1,2
CUEVO,consulta externa,repetidas en personas de 5 a 14 anos,2006-03-01,4,0,4,0,4
CULPINA,consulta externa,repetidas en personas de 5 a 14 anos,2006-03-01,2,2,2,2,4
CURAHUARA DE CARANGAS,consulta externa,repetidas en personas de 5 a 14 anos,2006-03-01,0,1,0,1,1
EL ALTO,consulta externa,repetidas en personas de 5 a 14 anos,2006-03-01,1692,1782,1692,1782,3474
EL PUENTE(STC),consulta externa,repetidas en personas de 5 a 14 anos,2006-03-01,1,0,1,0,1
EL PUENTE(TJA),consulta externa,repetidas en personas de 5 a 14 anos,2006-03-01,1,1,1,1,2
EL TORNO,consulta externa,repetidas en personas de 5 a 14 anos,2006-03-01,47,39,47,39,86
EL VILLAR,consulta externa,repetidas en personas de 5 a 14 anos,2006-03-01,3,0,3,0,3
ENTRE RIOS,consulta externa,repetidas en personas de 5 a 14 anos,2006-03-01,2,4,2,4,6
ENTRE RIOS,consulta externa,repetidas en personas de 5 a 14 anos,2006-03-01,2,5,2,5,7
EUREKA (SANTOS MERCADO),consulta externa,repetidas en personas de 5 a 14 anos,2006-03-01,1,0,1,0,1
EXALTACION,consulta externa,repetidas en personas de 5 a 14 anos,2006-03-01,4,0,4,0,4
FERNANDEZ ALONSO,consulta externa,repetidas en personas de 5 a 14 anos,2006-03-01,9,5,9,5,14
GENERAL SAAVEDRA,consulta externa,repetidas en personas de 5 a 14 anos,2006-03-01,6,3,6,3,9
GUAQUI,consulta externa,repetidas en personas de 5 a 14 anos,2006-03-01,7,3,7,3,10
GUAYARAMERIN,consulta externa,repetidas en personas de 5 a 14 anos,2006-03-01,62,54,62,54,116
GUTIERREZ,consulta externa,repetidas en personas de 5 a 14 anos,2006-03-01,3,0,3,0,3
HUACARETA,consulta externa,repetidas en personas de 5 a 14 anos,2006-03-01,3,5,3,5,8
HUACAYA (VILLA DE HUACAYA),consulta externa,repetidas en personas de 5 a 14 anos,2006-03-01,1,0,1,0,1
HUANUNI,consulta externa,repetidas en personas de 5 a 14 anos,2006-03-01,83,85,83,85,168
HUARACAJE,consulta externa,repetidas en personas de 5 a 14 anos,2006-03-01,2,3,2,3,5
ICHOCA,consulta externa,repetidas en personas de 5 a 14 anos,2006-03-01,0,1,0,1,1
ICLA,consulta externa,repetidas en personas de 5 a 14 anos,2006-03-01,1,0,1,0,1
INCAHUASI,consulta externa,repetidas en personas de 5 a 14 anos,2006-03-01,1,6,1,6,7
INGAVI (HUMAITA),consulta externa,repetidas en personas de 5 a 14 anos,2006-03-01,7,2,7,2,9
INQUISIVI,consulta externa,repetidas en personas de 5 a 14 anos,2006-03-01,3,3,3,3,6
IRUPANA (VILLA DE LANZA),consulta externa,repetidas en personas de 5 a 14 anos,2006-03-01,2,0,2,0,2
IXIAMAS,consulta externa,repetidas en personas de 5 a 14 anos,2006-03-01,7,0,7,0,7
JESUS DE MACHACA,consulta externa,repetidas en personas de 5 a 14 anos,2006-03-01,2,3,2,3,5
LA ASUNTA,consulta externa,repetidas en personas de 5 a 14 anos,2006-03-01,2,1,2,1,3
LA GUARDIA,consulta externa,repetidas en personas de 5 a 14 anos,2006-03-01,11,53,11,53,64
LA PAZ,consulta externa,repetidas en personas de 5 a 14 anos,2006-03-01,2778,2852,2778,2852,5630
LAGUNILLAS,consulta externa,repetidas en personas de 5 a 14 anos,2006-03-01,0,1,0,1,1
LAJA,consulta externa,repetidas en personas de 5 a 14 anos,2006-03-01,0,7,0,7,7
LAS CARRERAS,consulta externa,repetidas en personas de 5 a 14 anos,2006-03-01,0,1,0,1,1
LLALLAGUA,consulta externa,repetidas en personas de 5 a 14 anos,2006-03-01,9,5,9,5,14
LLICA,consulta externa,repetidas en personas de 5 a 14 anos,2006-03-01,0,1,0,1,1
LORETO,consulta externa,repetidas en personas de 5 a 14 anos,2006-03-01,2,4,2,4,6
LURIBAY,consulta externa,repetidas en personas de 5 a 14 anos,2006-03-01,0,1,0,1,1
MACHACAMARCA,consulta externa,repetidas en personas de 5 a 14 anos,2006-03-01,0,3,0,3,3
MACHARETI,consulta externa,repetidas en personas de 5 a 14 anos,2006-03-01,4,5,4,5,9
MAGDALENA,consulta externa,repetidas en personas de 5 a 14 anos,2006-03-01,22,20,22,20,42
MAIRANA,consulta externa,repetidas en personas de 5 a 14 anos,2006-03-01,2,1,2,1,3
MALLA,consulta externa,repetidas en personas de 5 a 14 anos,2006-03-01,3,1,3,1,4
MECAPACA,consulta externa,repetidas en personas de 5 a 14 anos,2006-03-01,10,5,10,5,15
MINEROS,consulta externa,repetidas en personas de 5 a 14 anos,2006-03-01,2,7,2,7,9
MIZQUE,consulta externa,repetidas en personas de 5 a 14 anos,2006-03-01,2,0,2,0,2
MOCOMOCO,consulta externa,repetidas en personas de 5 a 14 anos,2006-03-01,1,2,1,2,3
MOJOCOYA,consulta externa,repetidas en personas de 5 a 14 anos,2006-03-01,3,0,3,0,3
MONTEAGUDO,consulta externa,repetidas en personas de 5 a 14 anos,2006-03-01,24,79,24,79,103
MONTERO,consulta externa,repetidas en personas de 5 a 14 anos,2006-03-01,298,543,298,543,841
MOROCHATA,consulta externa,repetidas en personas de 5 a 14 anos,2006-03-01,10,6,10,6,16
OKINAWA,consulta externa,repetidas en personas de 5 a 14 anos,2006-03-01,10,6,10,6,16
ORURO,consulta externa,repetidas en personas de 5 a 14 anos,2006-03-01,560,616,560,616,1176
PADCAYA,consulta externa,repetidas en personas de 5 a 14 anos,2006-03-01,4,4,4,4,8
PADILLA,consulta externa,repetidas en personas de 5 a 14 anos,2006-03-01,1,1,1,1,2
PAILON,consulta externa,repetidas en personas de 5 a 14 anos,2006-03-01,0,2,0,2,2
PALCA,consulta externa,repetidas en personas de 5 a 14 anos,2006-03-01,2,3,2,3,5
PALOS BLANCOS,consulta externa,repetidas en personas de 5 a 14 anos,2006-03-01,12,3,12,3,15
PAMPA AULLAGAS,consulta externa,repetidas en personas de 5 a 14 anos,2006-03-01,0,1,0,1,1
PAMPA GRANDE,consulta externa,repetidas en personas de 5 a 14 anos,2006-03-01,2,0,2,0,2
PAZÑA,consulta externa,repetidas en personas de 5 a 14 anos,2006-03-01,2,3,2,3,5
POCOATA,consulta externa,repetidas en personas de 5 a 14 anos,2006-03-01,3,2,3,2,5
POCONA,consulta externa,repetidas en personas de 5 a 14 anos,2006-03-01,0,1,0,1,1
POJO (CBBA),consulta externa,repetidas en personas de 5 a 14 anos,2006-03-01,0,8,0,8,8
POOPO,consulta externa,repetidas en personas de 5 a 14 anos,2006-03-01,1,5,1,5,6
PORCO,consulta externa,repetidas en personas de 5 a 14 anos,2006-03-01,2,0,2,0,2
POROMA,consulta externa,repetidas en personas de 5 a 14 anos,2006-03-01,0,3,0,3,3
PORONGO,consulta externa,repetidas en personas de 5 a 14 anos,2006-03-01,7,4,7,4,11
PORTACHUELO,consulta externa,repetidas en personas de 5 a 14 anos,2006-03-01,12,3,12,3,15
POTOSI,consulta externa,repetidas en personas de 5 a 14 anos,2006-03-01,324,325,324,325,649
PRESTO,consulta externa,repetidas en personas de 5 a 14 anos,2006-03-01,0,1,0,1,1
PUCARANI,consulta externa,repetidas en personas de 5 a 14 anos,2006-03-01,2,0,2,0,2
PUERTO ACOSTA,consulta externa,repetidas en personas de 5 a 14 anos,2006-03-01,3,3,3,3,6
PUERTO CARABUCO,consulta externa,repetidas en personas de 5 a 14 anos,2006-03-01,1,1,1,1,2
PUERTO GONZALO MORENO,consulta externa,repetidas en personas de 5 a 14 anos,2006-03-01,7,1,7,1,8
PUERTO PEREZ,consulta externa,repetidas en personas de 5 a 14 anos,2006-03-01,4,0,4,0,4
PUERTO QUIJARRO,consulta externa,repetidas en personas de 5 a 14 anos,2006-03-01,18,10,18,10,28
PUERTO RICO,consulta externa,repetidas en personas de 5 a 14 anos,2006-03-01,2,0,2,0,2
PUERTO SUAREZ,consulta externa,repetidas en personas de 5 a 14 anos,2006-03-01,16,10,16,10,26
PUERTO VILLARROEL,consulta externa,repetidas en personas de 5 a 14 anos,2006-03-01,16,14,16,14,30
PUNA,consulta externa,repetidas en personas de 5 a 14 anos,2006-03-01,7,7,7,7,14
PUNATA,consulta externa,repetidas en personas de 5 a 14 anos,2006-03-01,22,19,22,19,41
QUILLACOLLO,consulta externa,repetidas en personas de 5 a 14 anos,2006-03-01,48,127,48,127,175
QUIME,consulta externa,repetidas en personas de 5 a 14 anos,2006-03-01,5,5,5,5,10
RAVELO,consulta externa,repetidas en personas de 5 a 14 anos,2006-03-01,0,1,0,1,1
REYES,consulta externa,repetidas en personas de 5 a 14 anos,2006-03-01,12,12,12,12,24
RIBERALTA,consulta externa,repetidas en personas de 5 a 14 anos,2006-03-01,16,21,16,21,37
ROBORE,consulta externa,repetidas en personas de 5 a 14 anos,2006-03-01,38,74,38,74,112
RURRENABAQUE,consulta externa,repetidas en personas de 5 a 14 anos,2006-03-01,4,1,4,1,5
SABAYA,consulta externa,repetidas en personas de 5 a 14 anos,2006-03-01,2,0,2,0,2
SACABA,consulta externa,repetidas en personas de 5 a 14 anos,2006-03-01,59,44,59,44,103
SACABAMBA,consulta externa,repetidas en personas de 5 a 14 anos,2006-03-01,0,1,0,1,1
SACACA,consulta externa,repetidas en personas de 5 a 14 anos,2006-03-01,0,1,0,1,1
SAIPINA,consulta externa,repetidas en personas de 5 a 14 anos,2006-03-01,5,5,5,5,10
SAMAIPATA,consulta externa,repetidas en personas de 5 a 14 anos,2006-03-01,3,1,3,1,4
SAN ANDRES,consulta externa,repetidas en personas de 5 a 14 anos,2006-03-01,2,2,2,2,4
SAN ANTONIO DE ESMORUCO,consulta externa,repetidas en personas de 5 a 14 anos,2006-03-01,0,2,0,2,2
SAN ANTONIO DE LOMERIO,consulta externa,repetidas en personas de 5 a 14 anos,2006-03-01,0,1,0,1,1
SAN BENITO,consulta externa,repetidas en personas de 5 a 14 anos,2006-03-01,7,13,7,13,20
SAN BORJA,consulta externa,repetidas en personas de 5 a 14 anos,2006-03-01,13,16,13,16,29
SAN BUENA VENTURA,consulta externa,repetidas en personas de 5 a 14 anos,2006-03-01,8,1,8,1,9
SAN CARLOS,consulta externa,repetidas en personas de 5 a 14 anos,2006-03-01,1,2,1,2,3
SAN IGNACIO,consulta externa,repetidas en personas de 5 a 14 anos,2006-03-01,3,24,3,24,27
SAN IGNACIO DE VELASCO,consulta externa,repetidas en personas de 5 a 14 anos,2006-03-01,55,19,55,19,74
SAN JAVIER(STC),consulta externa,repetidas en personas de 5 a 14 anos,2006-03-01,2,4,2,4,6
SAN JOAQUIN,consulta externa,repetidas en personas de 5 a 14 anos,2006-03-01,0,1,0,1,1
SAN JOSE DE CHIQUITOS,consulta externa,repetidas en personas de 5 a 14 anos,2006-03-01,4,5,4,5,9
SAN JUAN DE YAPACANI,consulta externa,repetidas en personas de 5 a 14 anos,2006-03-01,14,43,14,43,57
SAN JULIAN,consulta externa,repetidas en personas de 5 a 14 anos,2006-03-01,28,58,28,58,86
SAN LORENZO(TJA),consulta externa,repetidas en personas de 5 a 14 anos,2006-03-01,7,12,7,12,19
SAN LUCAS,consulta externa,repetidas en personas de 5 a 14 anos,2006-03-01,4,5,4,5,9
SAN MATIAS,consulta externa,repetidas en personas de 5 a 14 anos,2006-03-01,13,22,13,22,35
SAN MIGUEL DE VELASCO,consulta externa,repetidas en personas de 5 a 14 anos,2006-03-01,21,23,21,23,44
SAN PABLO DE LIPEZ,consulta externa,repetidas en personas de 5 a 14 anos,2006-03-01,2,1,2,1,3
SAN PEDRO,consulta externa,repetidas en personas de 5 a 14 anos,2006-03-01,16,15,16,15,31
SAN PEDRO DE BUENA VISTA,consulta externa,repetidas en personas de 5 a 14 anos,2006-03-01,2,0,2,0,2
SAN PEDRO DE TIQUINA,consulta externa,repetidas en personas de 5 a 14 anos,2006-03-01,0,1,0,1,1
SAN PEDRO(PND),consulta externa,repetidas en personas de 5 a 14 anos,2006-03-01,5,5,5,5,10
SAN RAFAEL,consulta externa,repetidas en personas de 5 a 14 anos,2006-03-01,1,0,1,0,1
SAN RAMON,consulta externa,repetidas en personas de 5 a 14 anos,2006-03-01,11,7,11,7,18
SAN RAMON,consulta externa,repetidas en personas de 5 a 14 anos,2006-03-01,2,2,2,2,4
SANTA ANA,consulta externa,repetidas en personas de 5 a 14 anos,2006-03-01,9,11,9,11,20
SANTA CRUZ DE LA SIERRA,consulta externa,repetidas en personas de 5 a 14 anos,2006-03-01,2231,2729,2231,2729,4960
SANTA ROSA,consulta externa,repetidas en personas de 5 a 14 anos,2006-03-01,4,4,4,4,8
SANTA ROSA DEL SARA,consulta externa,repetidas en personas de 5 a 14 anos,2006-03-01,2,5,2,5,7
SANTIAGO DE CALLAPA,consulta externa,repetidas en personas de 5 a 14 anos,2006-03-01,1,0,1,0,1
SANTIAGO DE HUARI,consulta externa,repetidas en personas de 5 a 14 anos,2006-03-01,11,3,11,3,14
SANTIAGO DE MACHACA,consulta externa,repetidas en personas de 5 a 14 anos,2006-03-01,0,2,0,2,2
SANTIVAÑES,consulta externa,repetidas en personas de 5 a 14 anos,2006-03-01,2,0,2,0,2
SAPAHAQUI,consulta externa,repetidas en personas de 5 a 14 anos,2006-03-01,0,3,0,3,3
SENA,consulta externa,repetidas en personas de 5 a 14 anos,2006-03-01,0,1,0,1,1
SICA SICA (VILLA AROMA),consulta externa,repetidas en personas de 5 a 14 anos,2006-03-01,0,1,0,1,1
SIPE SIPE,consulta externa,repetidas en personas de 5 a 14 anos,2006-03-01,22,17,22,17,39
SOPACHUY,consulta externa,repetidas en personas de 5 a 14 anos,2006-03-01,3,9,3,9,12
SORACACHI,consulta externa,repetidas en personas de 5 a 14 anos,2006-03-01,2,2,2,2,4
SORATA,consulta externa,repetidas en personas de 5 a 14 anos,2006-03-01,2,0,2,0,2
SUCRE,consulta externa,repetidas en personas de 5 a 14 anos,2006-03-01,801,696,801,696,1497
TACACHI,consulta externa,repetidas en personas de 5 a 14 anos,2006-03-01,0,3,0,3,3
TACACOMA,consulta externa,repetidas en personas de 5 a 14 anos,2006-03-01,1,0,1,0,1
TAPACARI,consulta externa,repetidas en personas de 5 a 14 anos,2006-03-01,2,1,2,1,3
TARABUCO,consulta externa,repetidas en personas de 5 a 14 anos,2006-03-01,7,114,7,114,121
TARATA,consulta externa,repetidas en personas de 5 a 14 anos,2006-03-01,37,35,37,35,72
TARIJA,consulta externa,repetidas en personas de 5 a 14 anos,2006-03-01,550,485,550,485,1035
TEOPONTE,consulta externa,repetidas en personas de 5 a 14 anos,2006-03-01,0,5,0,5,5
TIAWANACU,consulta externa,repetidas en personas de 5 a 14 anos,2006-03-01,8,1,8,1,9
TIPUANI,consulta externa,repetidas en personas de 5 a 14 anos,2006-03-01,0,3,0,3,3
TIQUIPAYA,consulta externa,repetidas en personas de 5 a 14 anos,2006-03-01,19,20,19,20,39
TIRAQUE (CBBA),consulta externa,repetidas en personas de 5 a 14 anos,2006-03-01,14,41,14,41,55
TITO YUPANQUI (PARQUIPUJIO),consulta externa,repetidas en personas de 5 a 14 anos,2006-03-01,1,0,1,0,1
TOLATA,consulta externa,repetidas en personas de 5 a 14 anos,2006-03-01,1,3,1,3,4
TOLEDO,consulta externa,repetidas en personas de 5 a 14 anos,2006-03-01,1,0,1,0,1
TOMAVE,consulta externa,repetidas en personas de 5 a 14 anos,2006-03-01,6,5,6,5,11
TOMINA,consulta externa,repetidas en personas de 5 a 14 anos,2006-03-01,0,1,0,1,1
TOTORA(ORR),consulta externa,repetidas en personas de 5 a 14 anos,2006-03-01,0,2,0,2,2
TRIGAL,consulta externa,repetidas en personas de 5 a 14 anos,2006-03-01,0,1,0,1,1
TRINIDAD,consulta externa,repetidas en personas de 5 a 14 anos,2006-03-01,314,511,314,511,825
TUPIZA,consulta externa,repetidas en personas de 5 a 14 anos,2006-03-01,111,149,111,149,260
TURCO,consulta externa,repetidas en personas de 5 a 14 anos,2006-03-01,1,0,1,0,1
UNCIA,consulta externa,repetidas en personas de 5 a 14 anos,2006-03-01,26,44,26,44,70
URIONDO (A. CONCEPCION),consulta externa,repetidas en personas de 5 a 14 anos,2006-03-01,2,8,2,8,10
URUBICHA,consulta externa,repetidas en personas de 5 a 14 anos,2006-03-01,8,44,8,44,52
UYUNI,consulta externa,repetidas en personas de 5 a 14 anos,2006-03-01,6,10,6,10,16
VACAS,consulta externa,repetidas en personas de 5 a 14 anos,2006-03-01,10,5,10,5,15
VALLEGRANDE,consulta externa,repetidas en personas de 5 a 14 anos,2006-03-01,39,38,39,38,77
VIACHA,consulta externa,repetidas en personas de 5 a 14 anos,2006-03-01,33,45,33,45,78
VILA VILA,consulta externa,repetidas en personas de 5 a 14 anos,2006-03-01,1,4,1,4,5
VILLA MONTES,consulta externa,repetidas en personas de 5 a 14 anos,2006-03-01,28,31,28,31,59
VILLA NUEVA (LOMA ALTA),consulta externa,repetidas en personas de 5 a 14 anos,2006-03-01,1,2,1,2,3
VILLA RIVERO,consulta externa,repetidas en personas de 5 a 14 anos,2006-03-01,2,2,2,2,4
VILLA SERRANO,consulta externa,repetidas en personas de 5 a 14 anos,2006-03-01,1,1,1,1,2
VILLA TUNARI,consulta externa,repetidas en personas de 5 a 14 anos,2006-03-01,4,15,4,15,19
VILLA VACA GUZMAN (MUYUPAMPA),consulta externa,repetidas en personas de 5 a 14 anos,2006-03-01,2,5,2,5,7
VILLAZON,consulta externa,repetidas en personas de 5 a 14 anos,2006-03-01,23,19,23,19,42
VINTO,consulta externa,repetidas en personas de 5 a 14 anos,2006-03-01,11,17,11,17,28
VITICHI,consulta externa,repetidas en personas de 5 a 14 anos,2006-03-01,3,1,3,1,4
WARNES,consulta externa,repetidas en personas de 5 a 14 anos,2006-03-01,19,24,19,24,43
YACO,consulta externa,repetidas en personas de 5 a 14 anos,2006-03-01,1,0,1,0,1
YACUIBA,consulta externa,repetidas en personas de 5 a 14 anos,2006-03-01,81,133,81,133,214
YAMPARAEZ,consulta externa,repetidas en personas de 5 a 14 anos,2006-03-01,12,1,12,1,13
YANACACHI,consulta externa,repetidas en personas de 5 a 14 anos,2006-03-01,2,0,2,0,2
YAPACANI,consulta externa,repetidas en personas de 5 a 14 anos,2006-03-01,10,10,10,10,20
YOCALLA,consulta externa,repetidas en personas de 5 a 14 anos,2006-03-01,1,0,1,0,1
YOTALA,consulta externa,repetidas en personas de 5 a 14 anos,2006-03-01,3,4,3,4,7
ZUDAÑEZ,consulta externa,repetidas en personas de 5 a 14 anos,2006-03-01,3,2,3,2,5
ACACIO,consulta externa,repetidas en personas de 5 a 14 anos,2006-04-01,1,0,1,0,1
ACHACACHI,consulta externa,repetidas en personas de 5 a 14 anos,2006-04-01,6,4,6,4,10
AIQUILE,consulta externa,repetidas en personas de 5 a 14 anos,2006-04-01,32,37,32,37,69
ALALAY,consulta externa,repetidas en personas de 5 a 14 anos,2006-04-01,2,0,2,0,2
ALCALA,consulta externa,repetidas en personas de 5 a 14 anos,2006-04-01,1,4,1,4,5
ANCORAIMES,consulta externa,repetidas en personas de 5 a 14 anos,2006-04-01,0,2,0,2,2
ANTEQUERA,consulta externa,repetidas en personas de 5 a 14 anos,2006-04-01,2,0,2,0,2
ANZALDO,consulta externa,repetidas en personas de 5 a 14 anos,2006-04-01,1,1,1,1,2
APOLO,consulta externa,repetidas en personas de 5 a 14 anos,2006-04-01,1,0,1,0,1
ARANI,consulta externa,repetidas en personas de 5 a 14 anos,2006-04-01,10,8,10,8,18
ARBIETO,consulta externa,repetidas en personas de 5 a 14 anos,2006-04-01,4,7,4,7,11
ASCENCION DE GUARAYOS,consulta externa,repetidas en personas de 5 a 14 anos,2006-04-01,10,5,10,5,15
ATOCHA,consulta externa,repetidas en personas de 5 a 14 anos,2006-04-01,56,54,56,54,110
AUCAPATA,consulta externa,repetidas en personas de 5 a 14 anos,2006-04-01,6,4,6,4,10
AYATA,consulta externa,repetidas en personas de 5 a 14 anos,2006-04-01,3,2,3,2,5
AYO AYO,consulta externa,repetidas en personas de 5 a 14 anos,2006-04-01,7,3,7,3,10
BATALLAS,consulta externa,repetidas en personas de 5 a 14 anos,2006-04-01,1,0,1,0,1
BAURES,consulta externa,repetidas en personas de 5 a 14 anos,2006-04-01,4,6,4,6,10
BELEN DE ANDAMARCA,consulta externa,repetidas en personas de 5 a 14 anos,2006-04-01,7,4,7,4,11
BERMEJO,consulta externa,repetidas en personas de 5 a 14 anos,2006-04-01,25,21,25,21,46
BETANZOS,consulta externa,repetidas en personas de 5 a 14 anos,2006-04-01,3,2,3,2,5
BOLIVAR,consulta externa,repetidas en personas de 5 a 14 anos,2006-04-01,0,1,0,1,1
BOLPEBRA,consulta externa,repetidas en personas de 5 a 14 anos,2006-04-01,1,0,1,0,1
BUENA VISTA,consulta externa,repetidas en personas de 5 a 14 anos,2006-04-01,9,18,9,18,27
CABEZAS,consulta externa,repetidas en personas de 5 a 14 anos,2006-04-01,7,2,7,2,9
CAIROMA,consulta externa,repetidas en personas de 5 a 14 anos,2006-04-01,14,22,14,22,36
"CAIZA ""D""",consulta externa,repetidas en personas de 5 a 14 anos,2006-04-01,4,0,4,0,4
CAJUATA,consulta externa,repetidas en personas de 5 a 14 anos,2006-04-01,2,2,2,2,4
CALACOTO,consulta externa,repetidas en personas de 5 a 14 anos,2006-04-01,2,0,2,0,2
CALAMARCA,consulta externa,repetidas en personas de 5 a 14 anos,2006-04-01,16,6,16,6,22
CAMARGO,consulta externa,repetidas en personas de 5 a 14 anos,2006-04-01,2,3,2,3,5
CAMIRI,consulta externa,repetidas en personas de 5 a 14 anos,2006-04-01,42,56,42,56,98
CAPINOTA,consulta externa,repetidas en personas de 5 a 14 anos,2006-04-01,9,13,9,13,22
CAQUIAVIRI,consulta externa,repetidas en personas de 5 a 14 anos,2006-04-01,2,1,2,1,3
CARACOLLO,consulta externa,repetidas en personas de 5 a 14 anos,2006-04-01,1,2,1,2,3
CARANAVI,consulta externa,repetidas en personas de 5 a 14 anos,2006-04-01,34,54,34,54,88
CARAPARI,consulta externa,repetidas en personas de 5 a 14 anos,2006-04-01,4,7,4,7,11
CHALLAPATA,consulta externa,repetidas en personas de 5 a 14 anos,2006-04-01,22,46,22,46,68
CHARAGUA,consulta externa,repetidas en personas de 5 a 14 anos,2006-04-01,4,4,4,4,8
CHAYANTA,consulta externa,repetidas en personas de 5 a 14 anos,2006-04-01,4,1,4,1,5
CHIMORE,consulta externa,repetidas en personas de 5 a 14 anos,2006-04-01,3,2,3,2,5
CHULUMANI (V. DE LA LIBERTAD),consulta externa,repetidas en personas de 5 a 14 anos,2006-04-01,6,9,6,9,15
CHUMA,consulta externa,repetidas en personas de 5 a 14 anos,2006-04-01,1,1,1,1,2
COBIJA,consulta externa,repetidas en personas de 5 a 14 anos,2006-04-01,14,18,14,18,32
COCHABAMBA,consulta externa,repetidas en personas de 5 a 14 anos,2006-04-01,1754,1728,1754,1728,3482
COLCAPIRHUA,consulta externa,repetidas en personas de 5 a 14 anos,2006-04-01,34,25,34,25,59
"COLCHA ""K""",consulta externa,repetidas en personas de 5 a 14 anos,2006-04-01,2,2,2,2,4
COLOMI,consulta externa,repetidas en personas de 5 a 14 anos,2006-04-01,1,0,1,0,1
COLPA BELGICA,consulta externa,repetidas en personas de 5 a 14 anos,2006-04-01,4,9,4,9,13
COLQUECHACA,consulta externa,repetidas en personas de 5 a 14 anos,2006-04-01,4,3,4,3,7
COLQUENCHA,consulta externa,repetidas en personas de 5 a 14 anos,2006-04-01,1,0,1,0,1
COLQUIRI,consulta externa,repetidas en personas de 5 a 14 anos,2006-04-01,6,3,6,3,9
COMANCHE,consulta externa,repetidas en personas de 5 a 14 anos,2006-04-01,0,2,0,2,2
COMARAPA,consulta externa,repetidas en personas de 5 a 14 anos,2006-04-01,12,4,12,4,16
COMBAYA,consulta externa,repetidas en personas de 5 a 14 anos,2006-04-01,1,1,1,1,2
COPACABANA,consulta externa,repetidas en personas de 5 a 14 anos,2006-04-01,3,0,3,0,3
CORIPATA,consulta externa,repetidas en personas de 5 a 14 anos,2006-04-01,1,0,1,0,1
CORO CORO,consulta externa,repetidas en personas de 5 a 14 anos,2006-04-01,1,0,1,0,1
COROICO,consulta externa,repetidas en personas de 5 a 14 anos,2006-04-01,14,8,14,8,22
CORQUE,consulta externa,repetidas en personas de 5 a 14 anos,2006-04-01,0,5,0,5,5
COTAGAITA,consulta externa,repetidas en personas de 5 a 14 anos,2006-04-01,19,14,19,14,33
COTOCA,consulta externa,repetidas en personas de 5 a 14 anos,2006-04-01,7,7,7,7,14
CUATRO CAÑADAS,consulta externa,repetidas en personas de 5 a 14 anos,2006-04-01,9,4,9,4,13
CUCHUMUELA (V. G. VILLARROEL),consulta externa,repetidas en personas de 5 a 14 anos,2006-04-01,4,1,4,1,5
CUEVO,consulta externa,repetidas en personas de 5 a 14 anos,2006-04-01,2,3,2,3,5
CULPINA,consulta externa,repetidas en personas de 5 a 14 anos,2006-04-01,2,1,2,1,3
EL ALTO,consulta externa,repetidas en personas de 5 a 14 anos,2006-04-01,1722,1743,1722,1743,3465
EL CHORO,consulta externa,repetidas en personas de 5 a 14 anos,2006-04-01,2,1,2,1,3
EL PUENTE(STC),consulta externa,repetidas en personas de 5 a 14 anos,2006-04-01,2,2,2,2,4
EL PUENTE(TJA),consulta externa,repetidas en personas de 5 a 14 anos,2006-04-01,1,1,1,1,2
EL TORNO,consulta externa,repetidas en personas de 5 a 14 anos,2006-04-01,57,44,57,44,101
ENTRE RIOS,consulta externa,repetidas en personas de 5 a 14 anos,2006-04-01,1,1,1,1,2
ENTRE RIOS,consulta externa,repetidas en personas de 5 a 14 anos,2006-04-01,7,5,7,5,12
EUCALIPTUS,consulta externa,repetidas en personas de 5 a 14 anos,2006-04-01,1,1,1,1,2
EUREKA (SANTOS MERCADO),consulta externa,repetidas en personas de 5 a 14 anos,2006-04-01,0,1,0,1,1
EXALTACION,consulta externa,repetidas en personas de 5 a 14 anos,2006-04-01,2,1,2,1,3
FERNANDEZ ALONSO,consulta externa,repetidas en personas de 5 a 14 anos,2006-04-01,16,16,16,16,32
GENERAL SAAVEDRA,consulta externa,repetidas en personas de 5 a 14 anos,2006-04-01,20,21,20,21,41
GRAL. J.J. PEREZ (CHARAZANI),consulta externa,repetidas en personas de 5 a 14 anos,2006-04-01,0,1,0,1,1
GUAQUI,consulta externa,repetidas en personas de 5 a 14 anos,2006-04-01,10,3,10,3,13
GUAYARAMERIN,consulta externa,repetidas en personas de 5 a 14 anos,2006-04-01,54,64,54,64,118
GUTIERREZ,consulta externa,repetidas en personas de 5 a 14 anos,2006-04-01,0,3,0,3,3
HUACARETA,consulta externa,repetidas en personas de 5 a 14 anos,2006-04-01,9,9,9,9,18
HUANUNI,consulta externa,repetidas en personas de 5 a 14 anos,2006-04-01,201,103,201,103,304
HUARACAJE,consulta externa,repetidas en personas de 5 a 14 anos,2006-04-01,7,1,7,1,8
HUAYLLAMARCA,consulta externa,repetidas en personas de 5 a 14 anos,2006-04-01,1,2,1,2,3
ICHOCA,consulta externa,repetidas en personas de 5 a 14 anos,2006-04-01,1,1,1,1,2
ICLA,consulta externa,repetidas en personas de 5 a 14 anos,2006-04-01,32,6,32,6,38
INGAVI (HUMAITA),consulta externa,repetidas en personas de 5 a 14 anos,2006-04-01,4,7,4,7,11
INQUISIVI,consulta externa,repetidas en personas de 5 a 14 anos,2006-04-01,1,1,1,1,2
IRUPANA (VILLA DE LANZA),consulta externa,repetidas en personas de 5 a 14 anos,2006-04-01,2,1,2,1,3
IXIAMAS,consulta externa,repetidas en personas de 5 a 14 anos,2006-04-01,3,0,3,0,3
JESUS DE MACHACA,consulta externa,repetidas en personas de 5 a 14 anos,2006-04-01,1,3,1,3,4
LA GUARDIA,consulta externa,repetidas en personas de 5 a 14 anos,2006-04-01,14,18,14,18,32
LA PAZ,consulta externa,repetidas en personas de 5 a 14 anos,2006-04-01,2511,2430,2511,2430,4941
LAGUNILLAS,consulta externa,repetidas en personas de 5 a 14 anos,2006-04-01,2,2,2,2,4
LAJA,consulta externa,repetidas en personas de 5 a 14 anos,2006-04-01,2,0,2,0,2
LAS CARRERAS,consulta externa,repetidas en personas de 5 a 14 anos,2006-04-01,3,0,3,0,3
LLALLAGUA,consulta externa,repetidas en personas de 5 a 14 anos,2006-04-01,10,13,10,13,23
LLICA,consulta externa,repetidas en personas de 5 a 14 anos,2006-04-01,0,1,0,1,1
LORETO,consulta externa,repetidas en personas de 5 a 14 anos,2006-04-01,3,2,3,2,5
LURIBAY,consulta externa,repetidas en personas de 5 a 14 anos,2006-04-01,0,1,0,1,1
MACHACAMARCA,consulta externa,repetidas en personas de 5 a 14 anos,2006-04-01,1,1,1,1,2
MACHARETI,consulta externa,repetidas en personas de 5 a 14 anos,2006-04-01,2,3,2,3,5
MAGDALENA,consulta externa,repetidas en personas de 5 a 14 anos,2006-04-01,8,4,8,4,12
MALLA,consulta externa,repetidas en personas de 5 a 14 anos,2006-04-01,1,0,1,0,1
MAPIRI,consulta externa,repetidas en personas de 5 a 14 anos,2006-04-01,2,1,2,1,3
MECAPACA,consulta externa,repetidas en personas de 5 a 14 anos,2006-04-01,9,6,9,6,15
MINEROS,consulta externa,repetidas en personas de 5 a 14 anos,2006-04-01,1,5,1,5,6
MIZQUE,consulta externa,repetidas en personas de 5 a 14 anos,2006-04-01,2,1,2,1,3
MOJOCOYA,consulta externa,repetidas en personas de 5 a 14 anos,2006-04-01,2,0,2,0,2
MONTEAGUDO,consulta externa,repetidas en personas de 5 a 14 anos,2006-04-01,19,23,19,23,42
MONTERO,consulta externa,repetidas en personas de 5 a 14 anos,2006-04-01,209,264,209,264,473
MOROCHATA,consulta externa,repetidas en personas de 5 a 14 anos,2006-04-01,5,9,5,9,14
OKINAWA,consulta externa,repetidas en personas de 5 a 14 anos,2006-04-01,6,5,6,5,11
ORURO,consulta externa,repetidas en personas de 5 a 14 anos,2006-04-01,633,746,633,746,1379
PADCAYA,consulta externa,repetidas en personas de 5 a 14 anos,2006-04-01,60,43,60,43,103
PADILLA,consulta externa,repetidas en personas de 5 a 14 anos,2006-04-01,2,3,2,3,5
PAILON,consulta externa,repetidas en personas de 5 a 14 anos,2006-04-01,0,9,0,9,9
PALCA,consulta externa,repetidas en personas de 5 a 14 anos,2006-04-01,2,1,2,1,3
PALOS BLANCOS,consulta externa,repetidas en personas de 5 a 14 anos,2006-04-01,9,17,9,17,26
PAMPA AULLAGAS,consulta externa,repetidas en personas de 5 a 14 anos,2006-04-01,4,5,4,5,9
PAPEL PAMPA,consulta externa,repetidas en personas de 5 a 14 anos,2006-04-01,0,2,0,2,2
PATACAMAYA,consulta externa,repetidas en personas de 5 a 14 anos,2006-04-01,0,3,0,3,3
PAZÑA,consulta externa,repetidas en personas de 5 a 14 anos,2006-04-01,2,2,2,2,4
PELECHUCO,consulta externa,repetidas en personas de 5 a 14 anos,2006-04-01,1,1,1,1,2
POCOATA,consulta externa,repetidas en personas de 5 a 14 anos,2006-04-01,1,0,1,0,1
POCONA,consulta externa,repetidas en personas de 5 a 14 anos,2006-04-01,2,0,2,0,2
POJO (CBBA),consulta externa,repetidas en personas de 5 a 14 anos,2006-04-01,6,7,6,7,13
POOPO,consulta externa,repetidas en personas de 5 a 14 anos,2006-04-01,1,1,1,1,2
POROMA,consulta externa,repetidas en personas de 5 a 14 anos,2006-04-01,4,7,4,7,11
PORONGO,consulta externa,repetidas en personas de 5 a 14 anos,2006-04-01,5,2,5,2,7
PORTACHUELO,consulta externa,repetidas en personas de 5 a 14 anos,2006-04-01,13,4,13,4,17
PORVENIR,consulta externa,repetidas en personas de 5 a 14 anos,2006-04-01,1,0,1,0,1
POSTRER VALLE,consulta externa,repetidas en personas de 5 a 14 anos,2006-04-01,1,3,1,3,4
POTOSI,consulta externa,repetidas en personas de 5 a 14 anos,2006-04-01,267,279,267,279,546
PRESTO,consulta externa,repetidas en personas de 5 a 14 anos,2006-04-01,1,2,1,2,3
PUCARANI,consulta externa,repetidas en personas de 5 a 14 anos,2006-04-01,3,1,3,1,4
PUERTO ACOSTA,consulta externa,repetidas en personas de 5 a 14 anos,2006-04-01,1,2,1,2,3
PUERTO CARABUCO,consulta externa,repetidas en personas de 5 a 14 anos,2006-04-01,1,3,1,3,4
PUERTO GONZALO MORENO,consulta externa,repetidas en personas de 5 a 14 anos,2006-04-01,2,0,2,0,2
PUERTO PEREZ,consulta externa,repetidas en personas de 5 a 14 anos,2006-04-01,2,0,2,0,2
PUERTO QUIJARRO,consulta externa,repetidas en personas de 5 a 14 anos,2006-04-01,16,18,16,18,34
PUERTO SUAREZ,consulta externa,repetidas en personas de 5 a 14 anos,2006-04-01,23,62,23,62,85
PUERTO VILLARROEL,consulta externa,repetidas en personas de 5 a 14 anos,2006-04-01,11,6,11,6,17
PUNA,consulta externa,repetidas en personas de 5 a 14 anos,2006-04-01,2,3,2,3,5
PUNATA,consulta externa,repetidas en personas de 5 a 14 anos,2006-04-01,22,22,22,22,44
QUILLACOLLO,consulta externa,repetidas en personas de 5 a 14 anos,2006-04-01,64,40,64,40,104
QUIME,consulta externa,repetidas en personas de 5 a 14 anos,2006-04-01,1,0,1,0,1
QUIRUSILLAS,consulta externa,repetidas en personas de 5 a 14 anos,2006-04-01,1,0,1,0,1
REYES,consulta externa,repetidas en personas de 5 a 14 anos,2006-04-01,8,5,8,5,13
RIBERALTA,consulta externa,repetidas en personas de 5 a 14 anos,2006-04-01,36,36,36,36,72
ROBORE,consulta externa,repetidas en personas de 5 a 14 anos,2006-04-01,23,17,23,17,40
RURRENABAQUE,consulta externa,repetidas en personas de 5 a 14 anos,2006-04-01,6,4,6,4,10
SACABA,consulta externa,repetidas en personas de 5 a 14 anos,2006-04-01,57,51,57,51,108
SACACA,consulta externa,repetidas en personas de 5 a 14 anos,2006-04-01,1,1,1,1,2
SALINAS DE GARCI MENDOZA,consulta externa,repetidas en personas de 5 a 14 anos,2006-04-01,0,1,0,1,1
SAMAIPATA,consulta externa,repetidas en personas de 5 a 14 anos,2006-04-01,0,2,0,2,2
SAN ANDRES,consulta externa,repetidas en personas de 5 a 14 anos,2006-04-01,0,1,0,1,1
SAN ANDRES DE MACHACA,consulta externa,repetidas en personas de 5 a 14 anos,2006-04-01,1,0,1,0,1
SAN ANTONIO DE LOMERIO,consulta externa,repetidas en personas de 5 a 14 anos,2006-04-01,1,0,1,0,1
SAN BENITO,consulta externa,repetidas en personas de 5 a 14 anos,2006-04-01,5,4,5,4,9
SAN BORJA,consulta externa,repetidas en personas de 5 a 14 anos,2006-04-01,18,24,18,24,42
SAN BUENA VENTURA,consulta externa,repetidas en personas de 5 a 14 anos,2006-04-01,4,1,4,1,5
SAN CARLOS,consulta externa,repetidas en personas de 5 a 14 anos,2006-04-01,5,4,5,4,9
SAN IGNACIO,consulta externa,repetidas en personas de 5 a 14 anos,2006-04-01,31,11,31,11,42
SAN IGNACIO DE VELASCO,consulta externa,repetidas en personas de 5 a 14 anos,2006-04-01,19,16,19,16,35
SAN JAVIER(STC),consulta externa,repetidas en personas de 5 a 14 anos,2006-04-01,13,12,13,12,25
SAN JOAQUIN,consulta externa,repetidas en personas de 5 a 14 anos,2006-04-01,4,5,4,5,9
SAN JOSE DE CHIQUITOS,consulta externa,repetidas en personas de 5 a 14 anos,2006-04-01,3,7,3,7,10
SAN JUAN DE YAPACANI,consulta externa,repetidas en personas de 5 a 14 anos,2006-04-01,20,16,20,16,36
SAN JULIAN,consulta externa,repetidas en personas de 5 a 14 anos,2006-04-01,32,39,32,39,71
SAN LORENZO(PND),consulta externa,repetidas en personas de 5 a 14 anos,2006-04-01,1,3,1,3,4
SAN LORENZO(TJA),consulta externa,repetidas en personas de 5 a 14 anos,2006-04-01,7,8,7,8,15
SAN LUCAS,consulta externa,repetidas en personas de 5 a 14 anos,2006-04-01,6,6,6,6,12
SAN MATIAS,consulta externa,repetidas en personas de 5 a 14 anos,2006-04-01,6,4,6,4,10
SAN MIGUEL DE VELASCO,consulta externa,repetidas en personas de 5 a 14 anos,2006-04-01,11,11,11,11,22
SAN PABLO DE LIPEZ,consulta externa,repetidas en personas de 5 a 14 anos,2006-04-01,6,5,6,5,11
SAN PEDRO,consulta externa,repetidas en personas de 5 a 14 anos,2006-04-01,51,78,51,78,129
SAN PEDRO DE CURAHUARA,consulta externa,repetidas en personas de 5 a 14 anos,2006-04-01,1,3,1,3,4
SAN PEDRO DE TIQUINA,consulta externa,repetidas en personas de 5 a 14 anos,2006-04-01,1,1,1,1,2
SAN RAFAEL,consulta externa,repetidas en personas de 5 a 14 anos,2006-04-01,1,1,1,1,2
SAN RAMON,consulta externa,repetidas en personas de 5 a 14 anos,2006-04-01,10,5,10,5,15
SAN RAMON,consulta externa,repetidas en personas de 5 a 14 anos,2006-04-01,5,6,5,6,11
SANTA ANA,consulta externa,repetidas en personas de 5 a 14 anos,2006-04-01,12,15,12,15,27
SANTA CRUZ DE LA SIERRA,consulta externa,repetidas en personas de 5 a 14 anos,2006-04-01,2307,2855,2307,2855,5162
SANTA ROSA,consulta externa,repetidas en personas de 5 a 14 anos,2006-04-01,3,0,3,0,3
SANTA ROSA DEL SARA,consulta externa,repetidas en personas de 5 a 14 anos,2006-04-01,3,2,3,2,5
SANTIAGO DE CALLAPA,consulta externa,repetidas en personas de 5 a 14 anos,2006-04-01,1,0,1,0,1
SANTIAGO DE HUARI,consulta externa,repetidas en personas de 5 a 14 anos,2006-04-01,3,2,3,2,5
SANTIVAÑES,consulta externa,repetidas en personas de 5 a 14 anos,2006-04-01,5,1,5,1,6
SICA SICA (VILLA AROMA),consulta externa,repetidas en personas de 5 a 14 anos,2006-04-01,2,0,2,0,2
SICAYA,consulta externa,repetidas en personas de 5 a 14 anos,2006-04-01,1,0,1,0,1
SIPE SIPE,consulta externa,repetidas en personas de 5 a 14 anos,2006-04-01,3,9,3,9,12
SOPACHUY,consulta externa,repetidas en personas de 5 a 14 anos,2006-04-01,5,1,5,1,6
SORACACHI,consulta externa,repetidas en personas de 5 a 14 anos,2006-04-01,1,1,1,1,2
SORATA,consulta externa,repetidas en personas de 5 a 14 anos,2006-04-01,1,0,1,0,1
SUCRE,consulta externa,repetidas en personas de 5 a 14 anos,2006-04-01,869,758,869,758,1627
TACACHI,consulta externa,repetidas en personas de 5 a 14 anos,2006-04-01,1,1,1,1,2
TACACOMA,consulta externa,repetidas en personas de 5 a 14 anos,2006-04-01,1,1,1,1,2
TAPACARI,consulta externa,repetidas en personas de 5 a 14 anos,2006-04-01,2,2,2,2,4
TARABUCO,consulta externa,repetidas en personas de 5 a 14 anos,2006-04-01,8,8,8,8,16
TARATA,consulta externa,repetidas en personas de 5 a 14 anos,2006-04-01,31,24,31,24,55
TARIJA,consulta externa,repetidas en personas de 5 a 14 anos,2006-04-01,446,475,446,475,921
TARVITA,consulta externa,repetidas en personas de 5 a 14 anos,2006-04-01,1,1,1,1,2
TEOPONTE,consulta externa,repetidas en personas de 5 a 14 anos,2006-04-01,0,4,0,4,4
TIAWANACU,consulta externa,repetidas en personas de 5 a 14 anos,2006-04-01,2,2,2,2,4
TINGUIPAYA,consulta externa,repetidas en personas de 5 a 14 anos,2006-04-01,8,6,8,6,14
TIPUANI,consulta externa,repetidas en personas de 5 a 14 anos,2006-04-01,1,2,1,2,3
TIQUIPAYA,consulta externa,repetidas en personas de 5 a 14 anos,2006-04-01,14,17,14,17,31
TIRAQUE (CBBA),consulta externa,repetidas en personas de 5 a 14 anos,2006-04-01,7,10,7,10,17
TOLATA,consulta externa,repetidas en personas de 5 a 14 anos,2006-04-01,0,1,0,1,1
TOLEDO,consulta externa,repetidas en personas de 5 a 14 anos,2006-04-01,2,1,2,1,3
TOMAVE,consulta externa,repetidas en personas de 5 a 14 anos,2006-04-01,4,2,4,2,6
TOMINA,consulta externa,repetidas en personas de 5 a 14 anos,2006-04-01,1,0,1,0,1
TORO TORO,consulta externa,repetidas en personas de 5 a 14 anos,2006-04-01,3,5,3,5,8
TOTORA(CBBA),consulta externa,repetidas en personas de 5 a 14 anos,2006-04-01,4,8,4,8,12
TOTORA(ORR),consulta externa,repetidas en personas de 5 a 14 anos,2006-04-01,1,0,1,0,1
TRIGAL,consulta externa,repetidas en personas de 5 a 14 anos,2006-04-01,1,1,1,1,2
TRINIDAD,consulta externa,repetidas en personas de 5 a 14 anos,2006-04-01,126,192,126,192,318
TUPIZA,consulta externa,repetidas en personas de 5 a 14 anos,2006-04-01,86,105,86,105,191
UNCIA,consulta externa,repetidas en personas de 5 a 14 anos,2006-04-01,39,25,39,25,64
URIONDO (A. CONCEPCION),consulta externa,repetidas en personas de 5 a 14 anos,2006-04-01,11,7,11,7,18
UYUNI,consulta externa,repetidas en personas de 5 a 14 anos,2006-04-01,5,5,5,5,10
VACAS,consulta externa,repetidas en personas de 5 a 14 anos,2006-04-01,9,6,9,6,15
VALLEGRANDE,consulta externa,repetidas en personas de 5 a 14 anos,2006-04-01,36,25,36,25,61
VIACHA,consulta externa,repetidas en personas de 5 a 14 anos,2006-04-01,44,44,44,44,88
VILLA MONTES,consulta externa,repetidas en personas de 5 a 14 anos,2006-04-01,23,31,23,31,54
VILLA RIVERO,consulta externa,repetidas en personas de 5 a 14 anos,2006-04-01,3,4,3,4,7
VILLA SERRANO,consulta externa,repetidas en personas de 5 a 14 anos,2006-04-01,2,4,2,4,6
VILLA TUNARI,consulta externa,repetidas en personas de 5 a 14 anos,2006-04-01,13,20,13,20,33
VILLA VACA GUZMAN (MUYUPAMPA),consulta externa,repetidas en personas de 5 a 14 anos,2006-04-01,9,4,9,4,13
VILLAZON,consulta externa,repetidas en personas de 5 a 14 anos,2006-04-01,21,18,21,18,39
VINTO,consulta externa,repetidas en personas de 5 a 14 anos,2006-04-01,17,15,17,15,32
VITICHI,consulta externa,repetidas en personas de 5 a 14 anos,2006-04-01,1,0,1,0,1
WARNES,consulta externa,repetidas en personas de 5 a 14 anos,2006-04-01,16,12,16,12,28
YACO,consulta externa,repetidas en personas de 5 a 14 anos,2006-04-01,3,6,3,6,9
YACUIBA,consulta externa,repetidas en personas de 5 a 14 anos,2006-04-01,71,72,71,72,143
YAMPARAEZ,consulta externa,repetidas en personas de 5 a 14 anos,2006-04-01,9,2,9,2,11
YAPACANI,consulta externa,repetidas en personas de 5 a 14 anos,2006-04-01,13,12,13,12,25
YOTALA,consulta externa,repetidas en personas de 5 a 14 anos,2006-04-01,4,2,4,2,6
YUNCHARA,consulta externa,repetidas en personas de 5 a 14 anos,2006-04-01,14,11,14,11,25
ZUDAÑEZ,consulta externa,repetidas en personas de 5 a 14 anos,2006-04-01,1,0,1,0,1
ACACIO,consulta externa,repetidas en personas de 5 a 14 anos,2006-05-01,11,9,11,9,20
ACHACACHI,consulta externa,repetidas en personas de 5 a 14 anos,2006-05-01,16,12,16,12,28
ACHOCALLA,consulta externa,repetidas en personas de 5 a 14 anos,2006-05-01,4,2,4,2,6
AIQUILE,consulta externa,repetidas en personas de 5 a 14 anos,2006-05-01,25,36,25,36,61
ALALAY,consulta externa,repetidas en personas de 5 a 14 anos,2006-05-01,1,0,1,0,1
ALCALA,consulta externa,repetidas en personas de 5 a 14 anos,2006-05-01,1,1,1,1,2
ANCORAIMES,consulta externa,repetidas en personas de 5 a 14 anos,2006-05-01,1,1,1,1,2
ANDAMARCA,consulta externa,repetidas en personas de 5 a 14 anos,2006-05-01,1,0,1,0,1
ANTEQUERA,consulta externa,repetidas en personas de 5 a 14 anos,2006-05-01,13,19,13,19,32
ANZALDO,consulta externa,repetidas en personas de 5 a 14 anos,2006-05-01,1,2,1,2,3
APOLO,consulta externa,repetidas en personas de 5 a 14 anos,2006-05-01,5,3,5,3,8
ARANI,consulta externa,repetidas en personas de 5 a 14 anos,2006-05-01,5,5,5,5,10
ARBIETO,consulta externa,repetidas en personas de 5 a 14 anos,2006-05-01,8,16,8,16,24
ARQUE,consulta externa,repetidas en personas de 5 a 14 anos,2006-05-01,0,1,0,1,1
ASCENCION DE GUARAYOS,consulta externa,repetidas en personas de 5 a 14 anos,2006-05-01,32,73,32,73,105
ATOCHA,consulta externa,repetidas en personas de 5 a 14 anos,2006-05-01,102,109,102,109,211
AUCAPATA,consulta externa,repetidas en personas de 5 a 14 anos,2006-05-01,70,83,70,83,153
AYATA,consulta externa,repetidas en personas de 5 a 14 anos,2006-05-01,0,1,0,1,1
AYO AYO,consulta externa,repetidas en personas de 5 a 14 anos,2006-05-01,1,2,1,2,3
AYOPAYA (V. DE INDEPENDENCIA),consulta externa,repetidas en personas de 5 a 14 anos,2006-05-01,4,3,4,3,7
BAURES,consulta externa,repetidas en personas de 5 a 14 anos,2006-05-01,1,1,1,1,2
BELEN DE ANDAMARCA,consulta externa,repetidas en personas de 5 a 14 anos,2006-05-01,8,1,8,1,9
BERMEJO,consulta externa,repetidas en personas de 5 a 14 anos,2006-05-01,28,20,28,20,48
BETANZOS,consulta externa,repetidas en personas de 5 a 14 anos,2006-05-01,1,6,1,6,7
BOLIVAR,consulta externa,repetidas en personas de 5 a 14 anos,2006-05-01,0,1,0,1,1
BOLPEBRA,consulta externa,repetidas en personas de 5 a 14 anos,2006-05-01,0,1,0,1,1
BOYUIBE,consulta externa,repetidas en personas de 5 a 14 anos,2006-05-01,2,0,2,0,2
BUENA VISTA,consulta externa,repetidas en personas de 5 a 14 anos,2006-05-01,13,7,13,7,20
CABEZAS,consulta externa,repetidas en personas de 5 a 14 anos,2006-05-01,3,1,3,1,4
CAIROMA,consulta externa,repetidas en personas de 5 a 14 anos,2006-05-01,48,31,48,31,79
"CAIZA ""D""",consulta externa,repetidas en personas de 5 a 14 anos,2006-05-01,0,3,0,3,3
CAJUATA,consulta externa,repetidas en personas de 5 a 14 anos,2006-05-01,1,0,1,0,1
CALAMARCA,consulta externa,repetidas en personas de 5 a 14 anos,2006-05-01,1,2,1,2,3
CAMARGO,consulta externa,repetidas en personas de 5 a 14 anos,2006-05-01,1,1,1,1,2
CAMIRI,consulta externa,repetidas en personas de 5 a 14 anos,2006-05-01,43,58,43,58,101
CAPINOTA,consulta externa,repetidas en personas de 5 a 14 anos,2006-05-01,9,6,9,6,15
CAQUIAVIRI,consulta externa,repetidas en personas de 5 a 14 anos,2006-05-01,1,0,1,0,1
CARACOLLO,consulta externa,repetidas en personas de 5 a 14 anos,2006-05-01,2,2,2,2,4
CARANAVI,consulta externa,repetidas en personas de 5 a 14 anos,2006-05-01,26,25,26,25,51
CARAPARI,consulta externa,repetidas en personas de 5 a 14 anos,2006-05-01,2,6,2,6,8
CHALLAPATA,consulta externa,repetidas en personas de 5 a 14 anos,2006-05-01,12,10,12,10,22
CHAQUI,consulta externa,repetidas en personas de 5 a 14 anos,2006-05-01,1,0,1,0,1
CHARAGUA,consulta externa,repetidas en personas de 5 a 14 anos,2006-05-01,10,6,10,6,16
CHAYANTA,consulta externa,repetidas en personas de 5 a 14 anos,2006-05-01,10,3,10,3,13
CHIMORE,consulta externa,repetidas en personas de 5 a 14 anos,2006-05-01,5,7,5,7,12
CHIPAYA,consulta externa,repetidas en personas de 5 a 14 anos,2006-05-01,1,0,1,0,1
CHOQUE COTA,consulta externa,repetidas en personas de 5 a 14 anos,2006-05-01,17,18,17,18,35
CHULUMANI (V. DE LA LIBERTAD),consulta externa,repetidas en personas de 5 a 14 anos,2006-05-01,12,10,12,10,22
CHUMA,consulta externa,repetidas en personas de 5 a 14 anos,2006-05-01,1,2,1,2,3
CLIZA,consulta externa,repetidas en personas de 5 a 14 anos,2006-05-01,10,4,10,4,14
COBIJA,consulta externa,repetidas en personas de 5 a 14 anos,2006-05-01,23,23,23,23,46
COCHABAMBA,consulta externa,repetidas en personas de 5 a 14 anos,2006-05-01,2550,2552,2550,2552,5102
COLCAPIRHUA,consulta externa,repetidas en personas de 5 a 14 anos,2006-05-01,36,45,36,45,81
"COLCHA ""K""",consulta externa,repetidas en personas de 5 a 14 anos,2006-05-01,3,14,3,14,17
COLOMI,consulta externa,repetidas en personas de 5 a 14 anos,2006-05-01,1,1,1,1,2
COLPA BELGICA,consulta externa,repetidas en personas de 5 a 14 anos,2006-05-01,4,9,4,9,13
COLQUECHACA,consulta externa,repetidas en personas de 5 a 14 anos,2006-05-01,4,4,4,4,8
COLQUIRI,consulta externa,repetidas en personas de 5 a 14 anos,2006-05-01,4,5,4,5,9
COMARAPA,consulta externa,repetidas en personas de 5 a 14 anos,2006-05-01,12,9,12,9,21
COMBAYA,consulta externa,repetidas en personas de 5 a 14 anos,2006-05-01,2,0,2,0,2
CONCEPCION,consulta externa,repetidas en personas de 5 a 14 anos,2006-05-01,1,0,1,0,1
CORIPATA,consulta externa,repetidas en personas de 5 a 14 anos,2006-05-01,8,5,8,5,13
CORO CORO,consulta externa,repetidas en personas de 5 a 14 anos,2006-05-01,1,0,1,0,1
COROICO,consulta externa,repetidas en personas de 5 a 14 anos,2006-05-01,5,10,5,10,15
CORQUE,consulta externa,repetidas en personas de 5 a 14 anos,2006-05-01,8,7,8,7,15
COTAGAITA,consulta externa,repetidas en personas de 5 a 14 anos,2006-05-01,27,26,27,26,53
COTOCA,consulta externa,repetidas en personas de 5 a 14 anos,2006-05-01,7,6,7,6,13
CUATRO CAÑADAS,consulta externa,repetidas en personas de 5 a 14 anos,2006-05-01,6,5,6,5,11
CUCHUMUELA (V. G. VILLARROEL),consulta externa,repetidas en personas de 5 a 14 anos,2006-05-01,2,4,2,4,6
CUEVO,consulta externa,repetidas en personas de 5 a 14 anos,2006-05-01,4,6,4,6,10
CULPINA,consulta externa,repetidas en personas de 5 a 14 anos,2006-05-01,0,3,0,3,3
CURAHUARA DE CARANGAS,consulta externa,repetidas en personas de 5 a 14 anos,2006-05-01,1,0,1,0,1
EL ALTO,consulta externa,repetidas en personas de 5 a 14 anos,2006-05-01,2317,2240,2317,2240,4557
EL CHORO,consulta externa,repetidas en personas de 5 a 14 anos,2006-05-01,1,0,1,0,1
EL PUENTE(STC),consulta externa,repetidas en personas de 5 a 14 anos,2006-05-01,10,0,10,0,10
EL PUENTE(TJA),consulta externa,repetidas en personas de 5 a 14 anos,2006-05-01,1,3,1,3,4
EL TORNO,consulta externa,repetidas en personas de 5 a 14 anos,2006-05-01,68,83,68,83,151
ENTRE RIOS,consulta externa,repetidas en personas de 5 a 14 anos,2006-05-01,5,0,5,0,5
ENTRE RIOS,consulta externa,repetidas en personas de 5 a 14 anos,2006-05-01,1,6,1,6,7
EUCALIPTUS,consulta externa,repetidas en personas de 5 a 14 anos,2006-05-01,8,8,8,8,16
EUREKA (SANTOS MERCADO),consulta externa,repetidas en personas de 5 a 14 anos,2006-05-01,1,1,1,1,2
EXALTACION,consulta externa,repetidas en personas de 5 a 14 anos,2006-05-01,1,1,1,1,2
FERNANDEZ ALONSO,consulta externa,repetidas en personas de 5 a 14 anos,2006-05-01,3,2,3,2,5
FILADELFIA,consulta externa,repetidas en personas de 5 a 14 anos,2006-05-01,1,0,1,0,1
GENERAL SAAVEDRA,consulta externa,repetidas en personas de 5 a 14 anos,2006-05-01,1,1,1,1,2
GRAL. J.J. PEREZ (CHARAZANI),consulta externa,repetidas en personas de 5 a 14 anos,2006-05-01,0,1,0,1,1
GUAQUI,consulta externa,repetidas en personas de 5 a 14 anos,2006-05-01,1,0,1,0,1
GUAYARAMERIN,consulta externa,repetidas en personas de 5 a 14 anos,2006-05-01,80,50,80,50,130
GUTIERREZ,consulta externa,repetidas en personas de 5 a 14 anos,2006-05-01,9,11,9,11,20
HUACARETA,consulta externa,repetidas en personas de 5 a 14 anos,2006-05-01,16,6,16,6,22
HUACHACALLA,consulta externa,repetidas en personas de 5 a 14 anos,2006-05-01,3,0,3,0,3
HUANUNI,consulta externa,repetidas en personas de 5 a 14 anos,2006-05-01,197,169,197,169,366
HUARACAJE,consulta externa,repetidas en personas de 5 a 14 anos,2006-05-01,6,4,6,4,10
HUAYLLAMARCA,consulta externa,repetidas en personas de 5 a 14 anos,2006-05-01,2,5,2,5,7
ICHOCA,consulta externa,repetidas en personas de 5 a 14 anos,2006-05-01,1,0,1,0,1
ICLA,consulta externa,repetidas en personas de 5 a 14 anos,2006-05-01,1,2,1,2,3
INGAVI (HUMAITA),consulta externa,repetidas en personas de 5 a 14 anos,2006-05-01,3,5,3,5,8
INQUISIVI,consulta externa,repetidas en personas de 5 a 14 anos,2006-05-01,8,3,8,3,11
IRUPANA (VILLA DE LANZA),consulta externa,repetidas en personas de 5 a 14 anos,2006-05-01,11,3,11,3,14
IXIAMAS,consulta externa,repetidas en personas de 5 a 14 anos,2006-05-01,2,3,2,3,5
JESUS DE MACHACA,consulta externa,repetidas en personas de 5 a 14 anos,2006-05-01,2,4,2,4,6
LA ASUNTA,consulta externa,repetidas en personas de 5 a 14 anos,2006-05-01,0,1,0,1,1
LA GUARDIA,consulta externa,repetidas en personas de 5 a 14 anos,2006-05-01,10,9,10,9,19
LA PAZ,consulta externa,repetidas en personas de 5 a 14 anos,2006-05-01,3044,2995,3044,2995,6039
LA RIVERA,consulta externa,repetidas en personas de 5 a 14 anos,2006-05-01,0,1,0,1,1
LAGUNILLAS,consulta externa,repetidas en personas de 5 a 14 anos,2006-05-01,1,1,1,1,2
LAJA,consulta externa,repetidas en personas de 5 a 14 anos,2006-05-01,3,0,3,0,3
LAS CARRERAS,consulta externa,repetidas en personas de 5 a 14 anos,2006-05-01,1,0,1,0,1
LICOMA PAMPA,consulta externa,repetidas en personas de 5 a 14 anos,2006-05-01,1,0,1,0,1
LLALLAGUA,consulta externa,repetidas en personas de 5 a 14 anos,2006-05-01,15,31,15,31,46
LLICA,consulta externa,repetidas en personas de 5 a 14 anos,2006-05-01,4,2,4,2,6
LORETO,consulta externa,repetidas en personas de 5 a 14 anos,2006-05-01,6,3,6,3,9
LURIBAY,consulta externa,repetidas en personas de 5 a 14 anos,2006-05-01,2,0,2,0,2
MACHACAMARCA,consulta externa,repetidas en personas de 5 a 14 anos,2006-05-01,5,11,5,11,16
MACHARETI,consulta externa,repetidas en personas de 5 a 14 anos,2006-05-01,2,3,2,3,5
MAGDALENA,consulta externa,repetidas en personas de 5 a 14 anos,2006-05-01,10,11,10,11,21
MAIRANA,consulta externa,repetidas en personas de 5 a 14 anos,2006-05-01,1,0,1,0,1
MALLA,consulta externa,repetidas en personas de 5 a 14 anos,2006-05-01,0,1,0,1,1
MAPIRI,consulta externa,repetidas en personas de 5 a 14 anos,2006-05-01,1,1,1,1,2
MECAPACA,consulta externa,repetidas en personas de 5 a 14 anos,2006-05-01,7,13,7,13,20
MINEROS,consulta externa,repetidas en personas de 5 a 14 anos,2006-05-01,1,1,1,1,2
MIZQUE,consulta externa,repetidas en personas de 5 a 14 anos,2006-05-01,2,0,2,0,2
MOCOMOCO,consulta externa,repetidas en personas de 5 a 14 anos,2006-05-01,1,0,1,0,1
MOJOCOYA,consulta externa,repetidas en personas de 5 a 14 anos,2006-05-01,2,3,2,3,5
MONTEAGUDO,consulta externa,repetidas en personas de 5 a 14 anos,2006-05-01,34,45,34,45,79
MONTERO,consulta externa,repetidas en personas de 5 a 14 anos,2006-05-01,264,257,264,257,521
MOROCHATA,consulta externa,repetidas en personas de 5 a 14 anos,2006-05-01,9,13,9,13,22
NUEVO MANOA (NUEVA ESPERANZA),consulta externa,repetidas en personas de 5 a 14 anos,2006-05-01,2,0,2,0,2
OKINAWA,consulta externa,repetidas en personas de 5 a 14 anos,2006-05-01,3,3,3,3,6
OMEREQUE,consulta externa,repetidas en personas de 5 a 14 anos,2006-05-01,2,0,2,0,2
ORURO,consulta externa,repetidas en personas de 5 a 14 anos,2006-05-01,599,621,599,621,1220
PADCAYA,consulta externa,repetidas en personas de 5 a 14 anos,2006-05-01,17,25,17,25,42
PADILLA,consulta externa,repetidas en personas de 5 a 14 anos,2006-05-01,3,1,3,1,4
PALCA,consulta externa,repetidas en personas de 5 a 14 anos,2006-05-01,0,1,0,1,1
PALOS BLANCOS,consulta externa,repetidas en personas de 5 a 14 anos,2006-05-01,17,6,17,6,23
PAMPA AULLAGAS,consulta externa,repetidas en personas de 5 a 14 anos,2006-05-01,2,1,2,1,3
PAMPA GRANDE,consulta externa,repetidas en personas de 5 a 14 anos,2006-05-01,2,2,2,2,4
PAPEL PAMPA,consulta externa,repetidas en personas de 5 a 14 anos,2006-05-01,1,0,1,0,1
PAZÑA,consulta externa,repetidas en personas de 5 a 14 anos,2006-05-01,2,2,2,2,4
PELECHUCO,consulta externa,repetidas en personas de 5 a 14 anos,2006-05-01,0,2,0,2,2
POCONA,consulta externa,repetidas en personas de 5 a 14 anos,2006-05-01,3,1,3,1,4
POOPO,consulta externa,repetidas en personas de 5 a 14 anos,2006-05-01,0,1,0,1,1
PORCO,consulta externa,repetidas en personas de 5 a 14 anos,2006-05-01,1,3,1,3,4
POROMA,consulta externa,repetidas en personas de 5 a 14 anos,2006-05-01,4,4,4,4,8
PORONGO,consulta externa,repetidas en personas de 5 a 14 anos,2006-05-01,2,5,2,5,7
PORTACHUELO,consulta externa,repetidas en personas de 5 a 14 anos,2006-05-01,29,11,29,11,40
POTOSI,consulta externa,repetidas en personas de 5 a 14 anos,2006-05-01,370,343,370,343,713
PRESTO,consulta externa,repetidas en personas de 5 a 14 anos,2006-05-01,0,1,0,1,1
PUERTO ACOSTA,consulta externa,repetidas en personas de 5 a 14 anos,2006-05-01,3,2,3,2,5
PUERTO CARABUCO,consulta externa,repetidas en personas de 5 a 14 anos,2006-05-01,3,3,3,3,6
PUERTO GONZALO MORENO,consulta externa,repetidas en personas de 5 a 14 anos,2006-05-01,0,22,0,22,22
PUERTO QUIJARRO,consulta externa,repetidas en personas de 5 a 14 anos,2006-05-01,16,27,16,27,43
PUERTO SILES,consulta externa,repetidas en personas de 5 a 14 anos,2006-05-01,4,4,4,4,8
PUERTO SUAREZ,consulta externa,repetidas en personas de 5 a 14 anos,2006-05-01,14,15,14,15,29
PUERTO VILLARROEL,consulta externa,repetidas en personas de 5 a 14 anos,2006-05-01,21,8,21,8,29
PUNA,consulta externa,repetidas en personas de 5 a 14 anos,2006-05-01,3,3,3,3,6
PUNATA,consulta externa,repetidas en personas de 5 a 14 anos,2006-05-01,25,28,25,28,53
QUILLACOLLO,consulta externa,repetidas en personas de 5 a 14 anos,2006-05-01,77,73,77,73,150
QUIME,consulta externa,repetidas en personas de 5 a 14 anos,2006-05-01,2,2,2,2,4
RAVELO,consulta externa,repetidas en personas de 5 a 14 anos,2006-05-01,0,1,0,1,1
REYES,consulta externa,repetidas en personas de 5 a 14 anos,2006-05-01,7,3,7,3,10
RIBERALTA,consulta externa,repetidas en personas de 5 a 14 anos,2006-05-01,25,17,25,17,42
ROBORE,consulta externa,repetidas en personas de 5 a 14 anos,2006-05-01,19,17,19,17,36
RURRENABAQUE,consulta externa,repetidas en personas de 5 a 14 anos,2006-05-01,1,2,1,2,3
SABAYA,consulta externa,repetidas en personas de 5 a 14 anos,2006-05-01,0,1,0,1,1
SACABA,consulta externa,repetidas en personas de 5 a 14 anos,2006-05-01,78,72,78,72,150
SACABAMBA,consulta externa,repetidas en personas de 5 a 14 anos,2006-05-01,2,1,2,1,3
SACACA,consulta externa,repetidas en personas de 5 a 14 anos,2006-05-01,2,1,2,1,3
SAIPINA,consulta externa,repetidas en personas de 5 a 14 anos,2006-05-01,5,3,5,3,8
SALINAS DE GARCI MENDOZA,consulta externa,repetidas en personas de 5 a 14 anos,2006-05-01,6,7,6,7,13
SAMAIPATA,consulta externa,repetidas en personas de 5 a 14 anos,2006-05-01,1,0,1,0,1
SAN AGUSTIN,consulta externa,repetidas en personas de 5 a 14 anos,2006-05-01,0,1,0,1,1
SAN ANDRES,consulta externa,repetidas en personas de 5 a 14 anos,2006-05-01,4,4,4,4,8
SAN ANDRES DE MACHACA,consulta externa,repetidas en personas de 5 a 14 anos,2006-05-01,0,2,0,2,2
SAN ANTONIO DE ESMORUCO,consulta externa,repetidas en personas de 5 a 14 anos,2006-05-01,2,1,2,1,3
SAN BENITO,consulta externa,repetidas en personas de 5 a 14 anos,2006-05-01,2,7,2,7,9
SAN BORJA,consulta externa,repetidas en personas de 5 a 14 anos,2006-05-01,16,20,16,20,36
SAN BUENA VENTURA,consulta externa,repetidas en personas de 5 a 14 anos,2006-05-01,9,2,9,2,11
SAN CARLOS,consulta externa,repetidas en personas de 5 a 14 anos,2006-05-01,3,2,3,2,5
SAN IGNACIO,consulta externa,repetidas en personas de 5 a 14 anos,2006-05-01,3,4,3,4,7
SAN IGNACIO DE VELASCO,consulta externa,repetidas en personas de 5 a 14 anos,2006-05-01,26,37,26,37,63
SAN JAVIER(BNI),consulta externa,repetidas en personas de 5 a 14 anos,2006-05-01,1,3,1,3,4
SAN JAVIER(STC),consulta externa,repetidas en personas de 5 a 14 anos,2006-05-01,6,2,6,2,8
SAN JOAQUIN,consulta externa,repetidas en personas de 5 a 14 anos,2006-05-01,10,9,10,9,19
SAN JOSE DE CHIQUITOS,consulta externa,repetidas en personas de 5 a 14 anos,2006-05-01,4,1,4,1,5
SAN JUAN DE YAPACANI,consulta externa,repetidas en personas de 5 a 14 anos,2006-05-01,25,22,25,22,47
SAN JULIAN,consulta externa,repetidas en personas de 5 a 14 anos,2006-05-01,13,18,13,18,31
SAN LORENZO(TJA),consulta externa,repetidas en personas de 5 a 14 anos,2006-05-01,13,15,13,15,28
SAN LUCAS,consulta externa,repetidas en personas de 5 a 14 anos,2006-05-01,7,5,7,5,12
SAN MATIAS,consulta externa,repetidas en personas de 5 a 14 anos,2006-05-01,2,5,2,5,7
SAN MIGUEL DE VELASCO,consulta externa,repetidas en personas de 5 a 14 anos,2006-05-01,11,11,11,11,22
SAN PABLO DE LIPEZ,consulta externa,repetidas en personas de 5 a 14 anos,2006-05-01,2,9,2,9,11
SAN PEDRO,consulta externa,repetidas en personas de 5 a 14 anos,2006-05-01,13,36,13,36,49
SAN PEDRO DE TIQUINA,consulta externa,repetidas en personas de 5 a 14 anos,2006-05-01,1,14,1,14,15
SAN RAFAEL,consulta externa,repetidas en personas de 5 a 14 anos,2006-05-01,0,1,0,1,1
SAN RAMON,consulta externa,repetidas en personas de 5 a 14 anos,2006-05-01,5,7,5,7,12
SAN RAMON,consulta externa,repetidas en personas de 5 a 14 anos,2006-05-01,1,5,1,5,6
SANTA ANA,consulta externa,repetidas en personas de 5 a 14 anos,2006-05-01,14,13,14,13,27
SANTA CRUZ DE LA SIERRA,consulta externa,repetidas en personas de 5 a 14 anos,2006-05-01,2213,2552,2213,2552,4765
SANTA ROSA,consulta externa,repetidas en personas de 5 a 14 anos,2006-05-01,5,3,5,3,8
SANTA ROSA DEL SARA,consulta externa,repetidas en personas de 5 a 14 anos,2006-05-01,3,1,3,1,4
SANTIAGO DE CALLAPA,consulta externa,repetidas en personas de 5 a 14 anos,2006-05-01,1,2,1,2,3
SANTIAGO DE HUARI,consulta externa,repetidas en personas de 5 a 14 anos,2006-05-01,11,19,11,19,30
SANTIAGO DE MACHACA,consulta externa,repetidas en personas de 5 a 14 anos,2006-05-01,2,1,2,1,3
SANTIVAÑES,consulta externa,repetidas en personas de 5 a 14 anos,2006-05-01,0,1,0,1,1
SAPAHAQUI,consulta externa,repetidas en personas de 5 a 14 anos,2006-05-01,1,1,1,1,2
SICA SICA (VILLA AROMA),consulta externa,repetidas en personas de 5 a 14 anos,2006-05-01,2,1,2,1,3
SIPE SIPE,consulta externa,repetidas en personas de 5 a 14 anos,2006-05-01,1,6,1,6,7
SOPACHUY,consulta externa,repetidas en personas de 5 a 14 anos,2006-05-01,3,1,3,1,4
SORACACHI,consulta externa,repetidas en personas de 5 a 14 anos,2006-05-01,1,2,1,2,3
SORATA,consulta externa,repetidas en personas de 5 a 14 anos,2006-05-01,1,0,1,0,1
SUCRE,consulta externa,repetidas en personas de 5 a 14 anos,2006-05-01,810,742,810,742,1552
TACACHI,consulta externa,repetidas en personas de 5 a 14 anos,2006-05-01,1,0,1,0,1
TACOBAMBA,consulta externa,repetidas en personas de 5 a 14 anos,2006-05-01,2,0,2,0,2
TAPACARI,consulta externa,repetidas en personas de 5 a 14 anos,2006-05-01,3,1,3,1,4
TARABUCO,consulta externa,repetidas en personas de 5 a 14 anos,2006-05-01,7,4,7,4,11
TARACO,consulta externa,repetidas en personas de 5 a 14 anos,2006-05-01,1,1,1,1,2
TARATA,consulta externa,repetidas en personas de 5 a 14 anos,2006-05-01,8,20,8,20,28
TARIJA,consulta externa,repetidas en personas de 5 a 14 anos,2006-05-01,701,660,701,660,1361
TARVITA,consulta externa,repetidas en personas de 5 a 14 anos,2006-05-01,3,6,3,6,9
TEOPONTE,consulta externa,repetidas en personas de 5 a 14 anos,2006-05-01,2,2,2,2,4
TIAWANACU,consulta externa,repetidas en personas de 5 a 14 anos,2006-05-01,1,1,1,1,2
TINGUIPAYA,consulta externa,repetidas en personas de 5 a 14 anos,2006-05-01,1,0,1,0,1
TIPUANI,consulta externa,repetidas en personas de 5 a 14 anos,2006-05-01,1,0,1,0,1
TIQUIPAYA,consulta externa,repetidas en personas de 5 a 14 anos,2006-05-01,21,32,21,32,53
TIRAQUE (CBBA),consulta externa,repetidas en personas de 5 a 14 anos,2006-05-01,10,10,10,10,20
TOLATA,consulta externa,repetidas en personas de 5 a 14 anos,2006-05-01,2,1,2,1,3
TOLEDO,consulta externa,repetidas en personas de 5 a 14 anos,2006-05-01,3,0,3,0,3
TOMAVE,consulta externa,repetidas en personas de 5 a 14 anos,2006-05-01,4,5,4,5,9
TOMINA,consulta externa,repetidas en personas de 5 a 14 anos,2006-05-01,0,2,0,2,2
TOTORA(CBBA),consulta externa,repetidas en personas de 5 a 14 anos,2006-05-01,2,7,2,7,9
TRIGAL,consulta externa,repetidas en personas de 5 a 14 anos,2006-05-01,1,2,1,2,3
TRINIDAD,consulta externa,repetidas en personas de 5 a 14 anos,2006-05-01,255,346,255,346,601
TUPIZA,consulta externa,repetidas en personas de 5 a 14 anos,2006-05-01,87,101,87,101,188
TURCO,consulta externa,repetidas en personas de 5 a 14 anos,2006-05-01,1,0,1,0,1
UNCIA,consulta externa,repetidas en personas de 5 a 14 anos,2006-05-01,17,24,17,24,41
URIONDO (A. CONCEPCION),consulta externa,repetidas en personas de 5 a 14 anos,2006-05-01,3,7,3,7,10
UYUNI,consulta externa,repetidas en personas de 5 a 14 anos,2006-05-01,4,11,4,11,15
VACAS,consulta externa,repetidas en personas de 5 a 14 anos,2006-05-01,4,3,4,3,7
VALLEGRANDE,consulta externa,repetidas en personas de 5 a 14 anos,2006-05-01,15,0,15,0,15
VIACHA,consulta externa,repetidas en personas de 5 a 14 anos,2006-05-01,79,81,79,81,160
VILA VILA,consulta externa,repetidas en personas de 5 a 14 anos,2006-05-01,1,0,1,0,1
VILLA MONTES,consulta externa,repetidas en personas de 5 a 14 anos,2006-05-01,39,75,39,75,114
VILLA RIVERO,consulta externa,repetidas en personas de 5 a 14 anos,2006-05-01,4,5,4,5,9
VILLA SERRANO,consulta externa,repetidas en personas de 5 a 14 anos,2006-05-01,1,1,1,1,2
VILLA TUNARI,consulta externa,repetidas en personas de 5 a 14 anos,2006-05-01,12,6,12,6,18
VILLA VACA GUZMAN (MUYUPAMPA),consulta externa,repetidas en personas de 5 a 14 anos,2006-05-01,7,3,7,3,10
VILLAZON,consulta externa,repetidas en personas de 5 a 14 anos,2006-05-01,32,26,32,26,58
VINTO,consulta externa,repetidas en personas de 5 a 14 anos,2006-05-01,12,20,12,20,32
VITICHI,consulta externa,repetidas en personas de 5 a 14 anos,2006-05-01,3,1,3,1,4
WALDO BALLIVIAN,consulta externa,repetidas en personas de 5 a 14 anos,2006-05-01,1,0,1,0,1
WARNES,consulta externa,repetidas en personas de 5 a 14 anos,2006-05-01,9,13,9,13,22
YACO,consulta externa,repetidas en personas de 5 a 14 anos,2006-05-01,3,0,3,0,3
YACUIBA,consulta externa,repetidas en personas de 5 a 14 anos,2006-05-01,115,82,115,82,197
YAMPARAEZ,consulta externa,repetidas en personas de 5 a 14 anos,2006-05-01,5,5,5,5,10
YANACACHI,consulta externa,repetidas en personas de 5 a 14 anos,2006-05-01,0,1,0,1,1
YAPACANI,consulta externa,repetidas en personas de 5 a 14 anos,2006-05-01,6,5,6,5,11
YOCALLA,consulta externa,repetidas en personas de 5 a 14 anos,2006-05-01,2,14,2,14,16
YOTALA,consulta externa,repetidas en personas de 5 a 14 anos,2006-05-01,8,10,8,10,18
YUNCHARA,consulta externa,repetidas en personas de 5 a 14 anos,2006-05-01,18,35,18,35,53
ZUDAÑEZ,consulta externa,repetidas en personas de 5 a 14 anos,2006-05-01,1,1,1,1,2
ACACIO,consulta externa,repetidas en personas de 5 a 14 anos,2006-06-01,1,0,1,0,1
ACHACACHI,consulta externa,repetidas en personas de 5 a 14 anos,2006-06-01,2,5,2,5,7
AIQUILE,consulta externa,repetidas en personas de 5 a 14 anos,2006-06-01,22,42,22,42,64
ALALAY,consulta externa,repetidas en personas de 5 a 14 anos,2006-06-01,1,0,1,0,1
ALCALA,consulta externa,repetidas en personas de 5 a 14 anos,2006-06-01,1,0,1,0,1
ANCORAIMES,consulta externa,repetidas en personas de 5 a 14 anos,2006-06-01,1,0,1,0,1
ANDAMARCA,consulta externa,repetidas en personas de 5 a 14 anos,2006-06-01,2,1,2,1,3
ANTEQUERA,consulta externa,repetidas en personas de 5 a 14 anos,2006-06-01,7,7,7,7,14
ANZALDO,consulta externa,repetidas en personas de 5 a 14 anos,2006-06-01,2,2,2,2,4
APOLO,consulta externa,repetidas en personas de 5 a 14 anos,2006-06-01,4,2,4,2,6
ARANI,consulta externa,repetidas en personas de 5 a 14 anos,2006-06-01,4,2,4,2,6
ARBIETO,consulta externa,repetidas en personas de 5 a 14 anos,2006-06-01,7,11,7,11,18
ARQUE,consulta externa,repetidas en personas de 5 a 14 anos,2006-06-01,0,14,0,14,14
ASCENCION DE GUARAYOS,consulta externa,repetidas en personas de 5 a 14 anos,2006-06-01,3,7,3,7,10
ATOCHA,consulta externa,repetidas en personas de 5 a 14 anos,2006-06-01,33,49,33,49,82
AUCAPATA,consulta externa,repetidas en personas de 5 a 14 anos,2006-06-01,2,0,2,0,2
AYATA,consulta externa,repetidas en personas de 5 a 14 anos,2006-06-01,0,1,0,1,1
AYO AYO,consulta externa,repetidas en personas de 5 a 14 anos,2006-06-01,2,14,2,14,16
AYOPAYA (V. DE INDEPENDENCIA),consulta externa,repetidas en personas de 5 a 14 anos,2006-06-01,1,0,1,0,1
BATALLAS,consulta externa,repetidas en personas de 5 a 14 anos,2006-06-01,2,0,2,0,2
BAURES,consulta externa,repetidas en personas de 5 a 14 anos,2006-06-01,3,2,3,2,5
BELEN DE ANDAMARCA,consulta externa,repetidas en personas de 5 a 14 anos,2006-06-01,0,2,0,2,2
BELLA FLOR,consulta externa,repetidas en personas de 5 a 14 anos,2006-06-01,0,2,0,2,2
BERMEJO,consulta externa,repetidas en personas de 5 a 14 anos,2006-06-01,24,28,24,28,52
BETANZOS,consulta externa,repetidas en personas de 5 a 14 anos,2006-06-01,5,6,5,6,11
BOLIVAR,consulta externa,repetidas en personas de 5 a 14 anos,2006-06-01,0,1,0,1,1
BOLPEBRA,consulta externa,repetidas en personas de 5 a 14 anos,2006-06-01,3,0,3,0,3
BOYUIBE,consulta externa,repetidas en personas de 5 a 14 anos,2006-06-01,1,2,1,2,3
BUENA VISTA,consulta externa,repetidas en personas de 5 a 14 anos,2006-06-01,28,5,28,5,33
CABEZAS,consulta externa,repetidas en personas de 5 a 14 anos,2006-06-01,3,0,3,0,3
CAIROMA,consulta externa,repetidas en personas de 5 a 14 anos,2006-06-01,17,16,17,16,33
"CAIZA ""D""",consulta externa,repetidas en personas de 5 a 14 anos,2006-06-01,1,4,1,4,5
CALACOTO,consulta externa,repetidas en personas de 5 a 14 anos,2006-06-01,3,3,3,3,6
CALAMARCA,consulta externa,repetidas en personas de 5 a 14 anos,2006-06-01,2,3,2,3,5
CAMARGO,consulta externa,repetidas en personas de 5 a 14 anos,2006-06-01,2,3,2,3,5
CAMATAQUI (C. VILLA ABECIA),consulta externa,repetidas en personas de 5 a 14 anos,2006-06-01,2,0,2,0,2
CAMIRI,consulta externa,repetidas en personas de 5 a 14 anos,2006-06-01,24,36,24,36,60
CAPINOTA,consulta externa,repetidas en personas de 5 a 14 anos,2006-06-01,43,13,43,13,56
CARACOLLO,consulta externa,repetidas en personas de 5 a 14 anos,2006-06-01,0,1,0,1,1
CARANAVI,consulta externa,repetidas en personas de 5 a 14 anos,2006-06-01,3,0,3,0,3
CARAPARI,consulta externa,repetidas en personas de 5 a 14 anos,2006-06-01,0,1,0,1,1
CHALLAPATA,consulta externa,repetidas en personas de 5 a 14 anos,2006-06-01,8,4,8,4,12
CHARAGUA,consulta externa,repetidas en personas de 5 a 14 anos,2006-06-01,6,8,6,8,14
CHARAÑA,consulta externa,repetidas en personas de 5 a 14 anos,2006-06-01,1,1,1,1,2
CHAYANTA,consulta externa,repetidas en personas de 5 a 14 anos,2006-06-01,1,3,1,3,4
CHIMORE,consulta externa,repetidas en personas de 5 a 14 anos,2006-06-01,2,6,2,6,8
CHULUMANI (V. DE LA LIBERTAD),consulta externa,repetidas en personas de 5 a 14 anos,2006-06-01,8,8,8,8,16
CHUMA,consulta externa,repetidas en personas de 5 a 14 anos,2006-06-01,2,0,2,0,2
CLIZA,consulta externa,repetidas en personas de 5 a 14 anos,2006-06-01,16,22,16,22,38
COBIJA,consulta externa,repetidas en personas de 5 a 14 anos,2006-06-01,29,16,29,16,45
COCHABAMBA,consulta externa,repetidas en personas de 5 a 14 anos,2006-06-01,2485,1835,2485,1835,4320
COLCAPIRHUA,consulta externa,repetidas en personas de 5 a 14 anos,2006-06-01,18,36,18,36,54
"COLCHA ""K""",consulta externa,repetidas en personas de 5 a 14 anos,2006-06-01,1,0,1,0,1
COLOMI,consulta externa,repetidas en personas de 5 a 14 anos,2006-06-01,5,2,5,2,7
COLPA BELGICA,consulta externa,repetidas en personas de 5 a 14 anos,2006-06-01,14,11,14,11,25
COLQUECHACA,consulta externa,repetidas en personas de 5 a 14 anos,2006-06-01,0,2,0,2,2
COLQUENCHA,consulta externa,repetidas en personas de 5 a 14 anos,2006-06-01,1,0,1,0,1
COLQUIRI,consulta externa,repetidas en personas de 5 a 14 anos,2006-06-01,9,6,9,6,15
COMANCHE,consulta externa,repetidas en personas de 5 a 14 anos,2006-06-01,1,0,1,0,1
COMARAPA,consulta externa,repetidas en personas de 5 a 14 anos,2006-06-01,14,6,14,6,20
COMBAYA,consulta externa,repetidas en personas de 5 a 14 anos,2006-06-01,1,0,1,0,1
CONCEPCION,consulta externa,repetidas en personas de 5 a 14 anos,2006-06-01,1,1,1,1,2
CORIPATA,consulta externa,repetidas en personas de 5 a 14 anos,2006-06-01,2,2,2,2,4
CORO CORO,consulta externa,repetidas en personas de 5 a 14 anos,2006-06-01,2,2,2,2,4
COROICO,consulta externa,repetidas en personas de 5 a 14 anos,2006-06-01,6,8,6,8,14
CORQUE,consulta externa,repetidas en personas de 5 a 14 anos,2006-06-01,7,6,7,6,13
COTAGAITA,consulta externa,repetidas en personas de 5 a 14 anos,2006-06-01,21,23,21,23,44
COTOCA,consulta externa,repetidas en personas de 5 a 14 anos,2006-06-01,0,2,0,2,2
CUATRO CAÑADAS,consulta externa,repetidas en personas de 5 a 14 anos,2006-06-01,6,7,6,7,13
CUCHUMUELA (V. G. VILLARROEL),consulta externa,repetidas en personas de 5 a 14 anos,2006-06-01,1,0,1,0,1
CUEVO,consulta externa,repetidas en personas de 5 a 14 anos,2006-06-01,2,2,2,2,4
CULPINA,consulta externa,repetidas en personas de 5 a 14 anos,2006-06-01,0,2,0,2,2
CURAHUARA DE CARANGAS,consulta externa,repetidas en personas de 5 a 14 anos,2006-06-01,1,1,1,1,2
EL ALTO,consulta externa,repetidas en personas de 5 a 14 anos,2006-06-01,2544,2317,2544,2317,4861
EL PUENTE(STC),consulta externa,repetidas en personas de 5 a 14 anos,2006-06-01,4,0,4,0,4
EL PUENTE(TJA),consulta externa,repetidas en personas de 5 a 14 anos,2006-06-01,2,1,2,1,3
EL TORNO,consulta externa,repetidas en personas de 5 a 14 anos,2006-06-01,48,40,48,40,88
ENTRE RIOS,consulta externa,repetidas en personas de 5 a 14 anos,2006-06-01,1,9,1,9,10
ENTRE RIOS,consulta externa,repetidas en personas de 5 a 14 anos,2006-06-01,8,4,8,4,12
EUCALIPTUS,consulta externa,repetidas en personas de 5 a 14 anos,2006-06-01,0,4,0,4,4
EXALTACION,consulta externa,repetidas en personas de 5 a 14 anos,2006-06-01,3,4,3,4,7
FERNANDEZ ALONSO,consulta externa,repetidas en personas de 5 a 14 anos,2006-06-01,13,18,13,18,31
GENERAL SAAVEDRA,consulta externa,repetidas en personas de 5 a 14 anos,2006-06-01,24,26,24,26,50
GRAL. J.J. PEREZ (CHARAZANI),consulta externa,repetidas en personas de 5 a 14 anos,2006-06-01,2,0,2,0,2
GUAQUI,consulta externa,repetidas en personas de 5 a 14 anos,2006-06-01,2,2,2,2,4
GUAYARAMERIN,consulta externa,repetidas en personas de 5 a 14 anos,2006-06-01,98,51,98,51,149
GUTIERREZ,consulta externa,repetidas en personas de 5 a 14 anos,2006-06-01,4,2,4,2,6
HUACARETA,consulta externa,repetidas en personas de 5 a 14 anos,2006-06-01,3,3,3,3,6
HUANUNI,consulta externa,repetidas en personas de 5 a 14 anos,2006-06-01,85,97,85,97,182
HUARACAJE,consulta externa,repetidas en personas de 5 a 14 anos,2006-06-01,2,2,2,2,4
HUAYLLAMARCA,consulta externa,repetidas en personas de 5 a 14 anos,2006-06-01,4,0,4,0,4
INCAHUASI,consulta externa,repetidas en personas de 5 a 14 anos,2006-06-01,2,0,2,0,2
INGAVI (HUMAITA),consulta externa,repetidas en personas de 5 a 14 anos,2006-06-01,4,2,4,2,6
INQUISIVI,consulta externa,repetidas en personas de 5 a 14 anos,2006-06-01,5,0,5,0,5
IRUPANA (VILLA DE LANZA),consulta externa,repetidas en personas de 5 a 14 anos,2006-06-01,3,6,3,6,9
IXIAMAS,consulta externa,repetidas en personas de 5 a 14 anos,2006-06-01,0,1,0,1,1
JESUS DE MACHACA,consulta externa,repetidas en personas de 5 a 14 anos,2006-06-01,1,1,1,1,2
LA ASUNTA,consulta externa,repetidas en personas de 5 a 14 anos,2006-06-01,0,1,0,1,1
LA GUARDIA,consulta externa,repetidas en personas de 5 a 14 anos,2006-06-01,14,21,14,21,35
LA PAZ,consulta externa,repetidas en personas de 5 a 14 anos,2006-06-01,2593,3140,2593,3140,5733
LAJA,consulta externa,repetidas en personas de 5 a 14 anos,2006-06-01,1,1,1,1,2
LAS CARRERAS,consulta externa,repetidas en personas de 5 a 14 anos,2006-06-01,1,1,1,1,2
LLALLAGUA,consulta externa,repetidas en personas de 5 a 14 anos,2006-06-01,3,3,3,3,6
LLICA,consulta externa,repetidas en personas de 5 a 14 anos,2006-06-01,1,0,1,0,1
LURIBAY,consulta externa,repetidas en personas de 5 a 14 anos,2006-06-01,4,1,4,1,5
MACHACAMARCA,consulta externa,repetidas en personas de 5 a 14 anos,2006-06-01,4,2,4,2,6
MACHARETI,consulta externa,repetidas en personas de 5 a 14 anos,2006-06-01,3,3,3,3,6
MAGDALENA,consulta externa,repetidas en personas de 5 a 14 anos,2006-06-01,15,33,15,33,48
MAPIRI,consulta externa,repetidas en personas de 5 a 14 anos,2006-06-01,0,1,0,1,1
MECAPACA,consulta externa,repetidas en personas de 5 a 14 anos,2006-06-01,7,1,7,1,8
MINEROS,consulta externa,repetidas en personas de 5 a 14 anos,2006-06-01,2,2,2,2,4
MIZQUE,consulta externa,repetidas en personas de 5 a 14 anos,2006-06-01,1,9,1,9,10
MOCOMOCO,consulta externa,repetidas en personas de 5 a 14 anos,2006-06-01,3,140,3,140,143
MOJINETE,consulta externa,repetidas en personas de 5 a 14 anos,2006-06-01,1,0,1,0,1
MOJOCOYA,consulta externa,repetidas en personas de 5 a 14 anos,2006-06-01,5,3,5,3,8
MONTEAGUDO,consulta externa,repetidas en personas de 5 a 14 anos,2006-06-01,51,58,51,58,109
MONTERO,consulta externa,repetidas en personas de 5 a 14 anos,2006-06-01,315,396,315,396,711
MOROCHATA,consulta externa,repetidas en personas de 5 a 14 anos,2006-06-01,10,9,10,9,19
OKINAWA,consulta externa,repetidas en personas de 5 a 14 anos,2006-06-01,0,1,0,1,1
ORURO,consulta externa,repetidas en personas de 5 a 14 anos,2006-06-01,510,652,510,652,1162
PADCAYA,consulta externa,repetidas en personas de 5 a 14 anos,2006-06-01,11,5,11,5,16
PADILLA,consulta externa,repetidas en personas de 5 a 14 anos,2006-06-01,0,1,0,1,1
PAILON,consulta externa,repetidas en personas de 5 a 14 anos,2006-06-01,1,0,1,0,1
PALCA,consulta externa,repetidas en personas de 5 a 14 anos,2006-06-01,1,0,1,0,1
PALOS BLANCOS,consulta externa,repetidas en personas de 5 a 14 anos,2006-06-01,24,8,24,8,32
PAMPA AULLAGAS,consulta externa,repetidas en personas de 5 a 14 anos,2006-06-01,1,0,1,0,1
PAMPA GRANDE,consulta externa,repetidas en personas de 5 a 14 anos,2006-06-01,0,2,0,2,2
PAPEL PAMPA,consulta externa,repetidas en personas de 5 a 14 anos,2006-06-01,1,3,1,3,4
PASORAPA,consulta externa,repetidas en personas de 5 a 14 anos,2006-06-01,1,0,1,0,1
PAZÑA,consulta externa,repetidas en personas de 5 a 14 anos,2006-06-01,8,2,8,2,10
POCOATA,consulta externa,repetidas en personas de 5 a 14 anos,2006-06-01,3,1,3,1,4
POCONA,consulta externa,repetidas en personas de 5 a 14 anos,2006-06-01,4,3,4,3,7
POROMA,consulta externa,repetidas en personas de 5 a 14 anos,2006-06-01,1,7,1,7,8
PORONGO,consulta externa,repetidas en personas de 5 a 14 anos,2006-06-01,5,5,5,5,10
PORTACHUELO,consulta externa,repetidas en personas de 5 a 14 anos,2006-06-01,15,13,15,13,28
PORVENIR,consulta externa,repetidas en personas de 5 a 14 anos,2006-06-01,2,2,2,2,4
POTOSI,consulta externa,repetidas en personas de 5 a 14 anos,2006-06-01,283,252,283,252,535
PUCARA,consulta externa,repetidas en personas de 5 a 14 anos,2006-06-01,3,1,3,1,4
PUERTO ACOSTA,consulta externa,repetidas en personas de 5 a 14 anos,2006-06-01,4,2,4,2,6
PUERTO CARABUCO,consulta externa,repetidas en personas de 5 a 14 anos,2006-06-01,0,1,0,1,1
PUERTO GONZALO MORENO,consulta externa,repetidas en personas de 5 a 14 anos,2006-06-01,2,1,2,1,3
PUERTO QUIJARRO,consulta externa,repetidas en personas de 5 a 14 anos,2006-06-01,15,16,15,16,31
PUERTO SUAREZ,consulta externa,repetidas en personas de 5 a 14 anos,2006-06-01,7,10,7,10,17
PUERTO VILLARROEL,consulta externa,repetidas en personas de 5 a 14 anos,2006-06-01,17,10,17,10,27
PUNA,consulta externa,repetidas en personas de 5 a 14 anos,2006-06-01,3,6,3,6,9
PUNATA,consulta externa,repetidas en personas de 5 a 14 anos,2006-06-01,28,19,28,19,47
QUILLACOLLO,consulta externa,repetidas en personas de 5 a 14 anos,2006-06-01,43,44,43,44,87
REYES,consulta externa,repetidas en personas de 5 a 14 anos,2006-06-01,10,8,10,8,18
RIBERALTA,consulta externa,repetidas en personas de 5 a 14 anos,2006-06-01,55,62,55,62,117
ROBORE,consulta externa,repetidas en personas de 5 a 14 anos,2006-06-01,15,10,15,10,25
RURRENABAQUE,consulta externa,repetidas en personas de 5 a 14 anos,2006-06-01,17,5,17,5,22
SACABA,consulta externa,repetidas en personas de 5 a 14 anos,2006-06-01,60,56,60,56,116
SAIPINA,consulta externa,repetidas en personas de 5 a 14 anos,2006-06-01,5,10,5,10,15
SALINAS DE GARCI MENDOZA,consulta externa,repetidas en personas de 5 a 14 anos,2006-06-01,0,2,0,2,2
SAN ANDRES,consulta externa,repetidas en personas de 5 a 14 anos,2006-06-01,1,2,1,2,3
SAN ANDRES DE MACHACA,consulta externa,repetidas en personas de 5 a 14 anos,2006-06-01,0,3,0,3,3
SAN ANTONIO DE ESMORUCO,consulta externa,repetidas en personas de 5 a 14 anos,2006-06-01,2,2,2,2,4
SAN BENITO,consulta externa,repetidas en personas de 5 a 14 anos,2006-06-01,3,3,3,3,6
SAN BORJA,consulta externa,repetidas en personas de 5 a 14 anos,2006-06-01,41,12,41,12,53
SAN BUENA VENTURA,consulta externa,repetidas en personas de 5 a 14 anos,2006-06-01,0,4,0,4,4
SAN CARLOS,consulta externa,repetidas en personas de 5 a 14 anos,2006-06-01,34,158,34,158,192
SAN IGNACIO,consulta externa,repetidas en personas de 5 a 14 anos,2006-06-01,18,13,18,13,31
SAN IGNACIO DE VELASCO,consulta externa,repetidas en personas de 5 a 14 anos,2006-06-01,33,36,33,36,69
SAN JAVIER(STC),consulta externa,repetidas en personas de 5 a 14 anos,2006-06-01,2,2,2,2,4
SAN JOAQUIN,consulta externa,repetidas en personas de 5 a 14 anos,2006-06-01,5,11,5,11,16
SAN JOSE DE CHIQUITOS,consulta externa,repetidas en personas de 5 a 14 anos,2006-06-01,3,3,3,3,6
SAN JUAN DE YAPACANI,consulta externa,repetidas en personas de 5 a 14 anos,2006-06-01,20,11,20,11,31
SAN JULIAN,consulta externa,repetidas en personas de 5 a 14 anos,2006-06-01,13,7,13,7,20
SAN LORENZO(TJA),consulta externa,repetidas en personas de 5 a 14 anos,2006-06-01,13,9,13,9,22
SAN LUCAS,consulta externa,repetidas en personas de 5 a 14 anos,2006-06-01,13,12,13,12,25
SAN MATIAS,consulta externa,repetidas en personas de 5 a 14 anos,2006-06-01,2,0,2,0,2
SAN MIGUEL DE VELASCO,consulta externa,repetidas en personas de 5 a 14 anos,2006-06-01,7,9,7,9,16
SAN PABLO DE LIPEZ,consulta externa,repetidas en personas de 5 a 14 anos,2006-06-01,1,3,1,3,4
SAN PEDRO,consulta externa,repetidas en personas de 5 a 14 anos,2006-06-01,7,8,7,8,15
SAN PEDRO DE BUENA VISTA,consulta externa,repetidas en personas de 5 a 14 anos,2006-06-01,1,0,1,0,1
SAN PEDRO DE CURAHUARA,consulta externa,repetidas en personas de 5 a 14 anos,2006-06-01,0,1,0,1,1
SAN PEDRO DE QUEMES,consulta externa,repetidas en personas de 5 a 14 anos,2006-06-01,1,0,1,0,1
SAN PEDRO DE TIQUINA,consulta externa,repetidas en personas de 5 a 14 anos,2006-06-01,0,2,0,2,2
SAN RAFAEL,consulta externa,repetidas en personas de 5 a 14 anos,2006-06-01,0,1,0,1,1
SAN RAMON,consulta externa,repetidas en personas de 5 a 14 anos,2006-06-01,4,5,4,5,9
SAN RAMON,consulta externa,repetidas en personas de 5 a 14 anos,2006-06-01,2,9,2,9,11
SANTA ANA,consulta externa,repetidas en personas de 5 a 14 anos,2006-06-01,22,21,22,21,43
SANTA CRUZ DE LA SIERRA,consulta externa,repetidas en personas de 5 a 14 anos,2006-06-01,1834,2317,1834,2317,4151
SANTA ROSA,consulta externa,repetidas en personas de 5 a 14 anos,2006-06-01,4,4,4,4,8
SANTA ROSA DEL SARA,consulta externa,repetidas en personas de 5 a 14 anos,2006-06-01,1,2,1,2,3
SANTIAGO DE CALLAPA,consulta externa,repetidas en personas de 5 a 14 anos,2006-06-01,1,2,1,2,3
SANTIAGO DE HUARI,consulta externa,repetidas en personas de 5 a 14 anos,2006-06-01,11,10,11,10,21
SANTIAGO DE MACHACA,consulta externa,repetidas en personas de 5 a 14 anos,2006-06-01,0,1,0,1,1
SANTIVAÑES,consulta externa,repetidas en personas de 5 a 14 anos,2006-06-01,1,0,1,0,1
SAPAHAQUI,consulta externa,repetidas en personas de 5 a 14 anos,2006-06-01,1,0,1,0,1
SICA SICA (VILLA AROMA),consulta externa,repetidas en personas de 5 a 14 anos,2006-06-01,2,1,2,1,3
SIPE SIPE,consulta externa,repetidas en personas de 5 a 14 anos,2006-06-01,4,14,4,14,18
SOPACHUY,consulta externa,repetidas en personas de 5 a 14 anos,2006-06-01,16,4,16,4,20
SORACACHI,consulta externa,repetidas en personas de 5 a 14 anos,2006-06-01,0,1,0,1,1
SUCRE,consulta externa,repetidas en personas de 5 a 14 anos,2006-06-01,823,894,823,894,1717
TACACHI,consulta externa,repetidas en personas de 5 a 14 anos,2006-06-01,1,1,1,1,2
TACOPAYA,consulta externa,repetidas en personas de 5 a 14 anos,2006-06-01,5,10,5,10,15
TAPACARI,consulta externa,repetidas en personas de 5 a 14 anos,2006-06-01,3,3,3,3,6
TARABUCO,consulta externa,repetidas en personas de 5 a 14 anos,2006-06-01,10,15,10,15,25
TARATA,consulta externa,repetidas en personas de 5 a 14 anos,2006-06-01,9,23,9,23,32
TARIJA,consulta externa,repetidas en personas de 5 a 14 anos,2006-06-01,452,424,452,424,876
TARVITA,consulta externa,repetidas en personas de 5 a 14 anos,2006-06-01,2,1,2,1,3
TEOPONTE,consulta externa,repetidas en personas de 5 a 14 anos,2006-06-01,1,1,1,1,2
TIAWANACU,consulta externa,repetidas en personas de 5 a 14 anos,2006-06-01,5,1,5,1,6
TIPUANI,consulta externa,repetidas en personas de 5 a 14 anos,2006-06-01,1,1,1,1,2
TIQUIPAYA,consulta externa,repetidas en personas de 5 a 14 anos,2006-06-01,25,24,25,24,49
TIRAQUE (CBBA),consulta externa,repetidas en personas de 5 a 14 anos,2006-06-01,11,26,11,26,37
TOLATA,consulta externa,repetidas en personas de 5 a 14 anos,2006-06-01,1,4,1,4,5
TOLEDO,consulta externa,repetidas en personas de 5 a 14 anos,2006-06-01,3,2,3,2,5
TOMAVE,consulta externa,repetidas en personas de 5 a 14 anos,2006-06-01,1,2,1,2,3
TOMINA,consulta externa,repetidas en personas de 5 a 14 anos,2006-06-01,5,2,5,2,7
TORO TORO,consulta externa,repetidas en personas de 5 a 14 anos,2006-06-01,2,0,2,0,2
TOTORA(CBBA),consulta externa,repetidas en personas de 5 a 14 anos,2006-06-01,3,4,3,4,7
TOTORA(ORR),consulta externa,repetidas en personas de 5 a 14 anos,2006-06-01,2,1,2,1,3
TRINIDAD,consulta externa,repetidas en personas de 5 a 14 anos,2006-06-01,362,317,362,317,679
TUPIZA,consulta externa,repetidas en personas de 5 a 14 anos,2006-06-01,85,92,85,92,177
UNCIA,consulta externa,repetidas en personas de 5 a 14 anos,2006-06-01,17,31,17,31,48
URIONDO (A. CONCEPCION),consulta externa,repetidas en personas de 5 a 14 anos,2006-06-01,16,24,16,24,40
UYUNI,consulta externa,repetidas en personas de 5 a 14 anos,2006-06-01,6,9,6,9,15
VACAS,consulta externa,repetidas en personas de 5 a 14 anos,2006-06-01,5,5,5,5,10
VALLEGRANDE,consulta externa,repetidas en personas de 5 a 14 anos,2006-06-01,15,9,15,9,24
VIACHA,consulta externa,repetidas en personas de 5 a 14 anos,2006-06-01,33,41,33,41,74
VILLA MONTES,consulta externa,repetidas en personas de 5 a 14 anos,2006-06-01,6,10,6,10,16
VILLA NUEVA (LOMA ALTA),consulta externa,repetidas en personas de 5 a 14 anos,2006-06-01,28,28,28,28,56
VILLA RIVERO,consulta externa,repetidas en personas de 5 a 14 anos,2006-06-01,0,3,0,3,3
VILLA SERRANO,consulta externa,repetidas en personas de 5 a 14 anos,2006-06-01,1,4,1,4,5
VILLA TUNARI,consulta externa,repetidas en personas de 5 a 14 anos,2006-06-01,12,7,12,7,19
VILLA VACA GUZMAN (MUYUPAMPA),consulta externa,repetidas en personas de 5 a 14 anos,2006-06-01,2,1,2,1,3
VILLAZON,consulta externa,repetidas en personas de 5 a 14 anos,2006-06-01,14,16,14,16,30
VINTO,consulta externa,repetidas en personas de 5 a 14 anos,2006-06-01,7,6,7,6,13
VITICHI,consulta externa,repetidas en personas de 5 a 14 anos,2006-06-01,1,6,1,6,7
WARNES,consulta externa,repetidas en personas de 5 a 14 anos,2006-06-01,22,17,22,17,39
YACO,consulta externa,repetidas en personas de 5 a 14 anos,2006-06-01,0,1,0,1,1
YACUIBA,consulta externa,repetidas en personas de 5 a 14 anos,2006-06-01,66,135,66,135,201
YAMPARAEZ,consulta externa,repetidas en personas de 5 a 14 anos,2006-06-01,3,8,3,8,11
YAPACANI,consulta externa,repetidas en personas de 5 a 14 anos,2006-06-01,5,4,5,4,9
YOCALLA,consulta externa,repetidas en personas de 5 a 14 anos,2006-06-01,0,3,0,3,3
YOTALA,consulta externa,repetidas en personas de 5 a 14 anos,2006-06-01,3,7,3,7,10
YUNCHARA,consulta externa,repetidas en personas de 5 a 14 anos,2006-06-01,74,94,74,94,168
ZUDAÑEZ,consulta externa,repetidas en personas de 5 a 14 anos,2006-06-01,6,1,6,1,7
ACHACACHI,consulta externa,repetidas en personas de 5 a 14 anos,2006-07-01,8,3,8,3,11
AIQUILE,consulta externa,repetidas en personas de 5 a 14 anos,2006-07-01,72,94,72,94,166
ANCORAIMES,consulta externa,repetidas en personas de 5 a 14 anos,2006-07-01,1,9,1,9,10
ANTEQUERA,consulta externa,repetidas en personas de 5 a 14 anos,2006-07-01,4,5,4,5,9
ANZALDO,consulta externa,repetidas en personas de 5 a 14 anos,2006-07-01,0,1,0,1,1
APOLO,consulta externa,repetidas en personas de 5 a 14 anos,2006-07-01,3,3,3,3,6
ARANI,consulta externa,repetidas en personas de 5 a 14 anos,2006-07-01,4,2,4,2,6
ARBIETO,consulta externa,repetidas en personas de 5 a 14 anos,2006-07-01,4,7,4,7,11
ARQUE,consulta externa,repetidas en personas de 5 a 14 anos,2006-07-01,1,0,1,0,1
ASCENCION DE GUARAYOS,consulta externa,repetidas en personas de 5 a 14 anos,2006-07-01,6,6,6,6,12
ATOCHA,consulta externa,repetidas en personas de 5 a 14 anos,2006-07-01,28,34,28,34,62
AUCAPATA,consulta externa,repetidas en personas de 5 a 14 anos,2006-07-01,3,4,3,4,7
AYATA,consulta externa,repetidas en personas de 5 a 14 anos,2006-07-01,2,3,2,3,5
AYOPAYA (V. DE INDEPENDENCIA),consulta externa,repetidas en personas de 5 a 14 anos,2006-07-01,1,0,1,0,1
BATALLAS,consulta externa,repetidas en personas de 5 a 14 anos,2006-07-01,2,7,2,7,9
BAURES,consulta externa,repetidas en personas de 5 a 14 anos,2006-07-01,2,4,2,4,6
BERMEJO,consulta externa,repetidas en personas de 5 a 14 anos,2006-07-01,24,23,24,23,47
BETANZOS,consulta externa,repetidas en personas de 5 a 14 anos,2006-07-01,2,8,2,8,10
BOLIVAR,consulta externa,repetidas en personas de 5 a 14 anos,2006-07-01,0,1,0,1,1
BUENA VISTA,consulta externa,repetidas en personas de 5 a 14 anos,2006-07-01,9,13,9,13,22
CABEZAS,consulta externa,repetidas en personas de 5 a 14 anos,2006-07-01,2,1,2,1,3
CAIROMA,consulta externa,repetidas en personas de 5 a 14 anos,2006-07-01,22,17,22,17,39
"CAIZA ""D""",consulta externa,repetidas en personas de 5 a 14 anos,2006-07-01,2,1,2,1,3
CALACOTO,consulta externa,repetidas en personas de 5 a 14 anos,2006-07-01,0,2,0,2,2
CAMARGO,consulta externa,repetidas en personas de 5 a 14 anos,2006-07-01,1,1,1,1,2
CAMIRI,consulta externa,repetidas en personas de 5 a 14 anos,2006-07-01,54,60,54,60,114
CAPINOTA,consulta externa,repetidas en personas de 5 a 14 anos,2006-07-01,8,9,8,9,17
CARACOLLO,consulta externa,repetidas en personas de 5 a 14 anos,2006-07-01,4,8,4,8,12
CARANAVI,consulta externa,repetidas en personas de 5 a 14 anos,2006-07-01,16,10,16,10,26
CARAPARI,consulta externa,repetidas en personas de 5 a 14 anos,2006-07-01,3,2,3,2,5
CARIPUYO,consulta externa,repetidas en personas de 5 a 14 anos,2006-07-01,6,0,6,0,6
CARMEN RIVERO TORREZ,consulta externa,repetidas en personas de 5 a 14 anos,2006-07-01,1,0,1,0,1
CHALLAPATA,consulta externa,repetidas en personas de 5 a 14 anos,2006-07-01,3,7,3,7,10
CHAQUI,consulta externa,repetidas en personas de 5 a 14 anos,2006-07-01,0,1,0,1,1
CHARAGUA,consulta externa,repetidas en personas de 5 a 14 anos,2006-07-01,8,7,8,7,15
CHAYANTA,consulta externa,repetidas en personas de 5 a 14 anos,2006-07-01,1,1,1,1,2
CHIMORE,consulta externa,repetidas en personas de 5 a 14 anos,2006-07-01,6,4,6,4,10
CHULUMANI (V. DE LA LIBERTAD),consulta externa,repetidas en personas de 5 a 14 anos,2006-07-01,11,7,11,7,18
CLIZA,consulta externa,repetidas en personas de 5 a 14 anos,2006-07-01,69,104,69,104,173
COBIJA,consulta externa,repetidas en personas de 5 a 14 anos,2006-07-01,29,30,29,30,59
COCHABAMBA,consulta externa,repetidas en personas de 5 a 14 anos,2006-07-01,2154,2014,2154,2014,4168
COLCAPIRHUA,consulta externa,repetidas en personas de 5 a 14 anos,2006-07-01,34,40,34,40,74
"COLCHA ""K""",consulta externa,repetidas en personas de 5 a 14 anos,2006-07-01,3,2,3,2,5
COLOMI,consulta externa,repetidas en personas de 5 a 14 anos,2006-07-01,25,40,25,40,65
COLPA BELGICA,consulta externa,repetidas en personas de 5 a 14 anos,2006-07-01,11,4,11,4,15
COLQUENCHA,consulta externa,repetidas en personas de 5 a 14 anos,2006-07-01,0,2,0,2,2
COLQUIRI,consulta externa,repetidas en personas de 5 a 14 anos,2006-07-01,13,6,13,6,19
COMARAPA,consulta externa,repetidas en personas de 5 a 14 anos,2006-07-01,6,7,6,7,13
CORIPATA,consulta externa,repetidas en personas de 5 a 14 anos,2006-07-01,5,1,5,1,6
CORO CORO,consulta externa,repetidas en personas de 5 a 14 anos,2006-07-01,1,0,1,0,1
COROICO,consulta externa,repetidas en personas de 5 a 14 anos,2006-07-01,3,5,3,5,8
CORQUE,consulta externa,repetidas en personas de 5 a 14 anos,2006-07-01,2,5,2,5,7
COTAGAITA,consulta externa,repetidas en personas de 5 a 14 anos,2006-07-01,23,13,23,13,36
COTOCA,consulta externa,repetidas en personas de 5 a 14 anos,2006-07-01,6,3,6,3,9
CUATRO CAÑADAS,consulta externa,repetidas en personas de 5 a 14 anos,2006-07-01,11,9,11,9,20
CUCHUMUELA (V. G. VILLARROEL),consulta externa,repetidas en personas de 5 a 14 anos,2006-07-01,1,0,1,0,1
CUEVO,consulta externa,repetidas en personas de 5 a 14 anos,2006-07-01,2,1,2,1,3
CULPINA,consulta externa,repetidas en personas de 5 a 14 anos,2006-07-01,1,1,1,1,2
EL ALTO,consulta externa,repetidas en personas de 5 a 14 anos,2006-07-01,1801,1861,1801,1861,3662
EL PUENTE(TJA),consulta externa,repetidas en personas de 5 a 14 anos,2006-07-01,1,2,1,2,3
EL TORNO,consulta externa,repetidas en personas de 5 a 14 anos,2006-07-01,60,81,60,81,141
ENTRE RIOS,consulta externa,repetidas en personas de 5 a 14 anos,2006-07-01,3,14,3,14,17
ENTRE RIOS,consulta externa,repetidas en personas de 5 a 14 anos,2006-07-01,4,1,4,1,5
ESMERALDA,consulta externa,repetidas en personas de 5 a 14 anos,2006-07-01,0,1,0,1,1
EUCALIPTUS,consulta externa,repetidas en personas de 5 a 14 anos,2006-07-01,2,1,2,1,3
EXALTACION,consulta externa,repetidas en personas de 5 a 14 anos,2006-07-01,1,1,1,1,2
FERNANDEZ ALONSO,consulta externa,repetidas en personas de 5 a 14 anos,2006-07-01,4,6,4,6,10
GENERAL SAAVEDRA,consulta externa,repetidas en personas de 5 a 14 anos,2006-07-01,5,6,5,6,11
GRAL. J.J. PEREZ (CHARAZANI),consulta externa,repetidas en personas de 5 a 14 anos,2006-07-01,1,0,1,0,1
GUANAY,consulta externa,repetidas en personas de 5 a 14 anos,2006-07-01,2,7,2,7,9
GUAQUI,consulta externa,repetidas en personas de 5 a 14 anos,2006-07-01,0,1,0,1,1
GUAYARAMERIN,consulta externa,repetidas en personas de 5 a 14 anos,2006-07-01,51,46,51,46,97
GUTIERREZ,consulta externa,repetidas en personas de 5 a 14 anos,2006-07-01,5,5,5,5,10
HUACARETA,consulta externa,repetidas en personas de 5 a 14 anos,2006-07-01,7,0,7,0,7
HUANUNI,consulta externa,repetidas en personas de 5 a 14 anos,2006-07-01,292,301,292,301,593
HUARACAJE,consulta externa,repetidas en personas de 5 a 14 anos,2006-07-01,0,2,0,2,2
HUAYLLAMARCA,consulta externa,repetidas en personas de 5 a 14 anos,2006-07-01,1,0,1,0,1
ICLA,consulta externa,repetidas en personas de 5 a 14 anos,2006-07-01,2,1,2,1,3
INGAVI (HUMAITA),consulta externa,repetidas en personas de 5 a 14 anos,2006-07-01,7,2,7,2,9
INQUISIVI,consulta externa,repetidas en personas de 5 a 14 anos,2006-07-01,0,3,0,3,3
IRUPANA (VILLA DE LANZA),consulta externa,repetidas en personas de 5 a 14 anos,2006-07-01,1,1,1,1,2
IXIAMAS,consulta externa,repetidas en personas de 5 a 14 anos,2006-07-01,3,1,3,1,4
JESUS DE MACHACA,consulta externa,repetidas en personas de 5 a 14 anos,2006-07-01,0,1,0,1,1
LA ASUNTA,consulta externa,repetidas en personas de 5 a 14 anos,2006-07-01,1,1,1,1,2
LA GUARDIA,consulta externa,repetidas en personas de 5 a 14 anos,2006-07-01,9,14,9,14,23
LA PAZ,consulta externa,repetidas en personas de 5 a 14 anos,2006-07-01,2874,2797,2874,2797,5671
LAJA,consulta externa,repetidas en personas de 5 a 14 anos,2006-07-01,3,0,3,0,3
LLALLAGUA,consulta externa,repetidas en personas de 5 a 14 anos,2006-07-01,7,15,7,15,22
LLICA,consulta externa,repetidas en personas de 5 a 14 anos,2006-07-01,1,0,1,0,1
LORETO,consulta externa,repetidas en personas de 5 a 14 anos,2006-07-01,2,1,2,1,3
LURIBAY,consulta externa,repetidas en personas de 5 a 14 anos,2006-07-01,3,0,3,0,3
MACHACAMARCA,consulta externa,repetidas en personas de 5 a 14 anos,2006-07-01,4,6,4,6,10
MACHARETI,consulta externa,repetidas en personas de 5 a 14 anos,2006-07-01,1,5,1,5,6
MAGDALENA,consulta externa,repetidas en personas de 5 a 14 anos,2006-07-01,15,16,15,16,31
MALLA,consulta externa,repetidas en personas de 5 a 14 anos,2006-07-01,0,1,0,1,1
MAPIRI,consulta externa,repetidas en personas de 5 a 14 anos,2006-07-01,1,0,1,0,1
MECAPACA,consulta externa,repetidas en personas de 5 a 14 anos,2006-07-01,5,2,5,2,7
MINEROS,consulta externa,repetidas en personas de 5 a 14 anos,2006-07-01,1,1,1,1,2
MIZQUE,consulta externa,repetidas en personas de 5 a 14 anos,2006-07-01,5,2,5,2,7
MOCOMOCO,consulta externa,repetidas en personas de 5 a 14 anos,2006-07-01,3,0,3,0,3
MOJINETE,consulta externa,repetidas en personas de 5 a 14 anos,2006-07-01,1,0,1,0,1
MOJOCOYA,consulta externa,repetidas en personas de 5 a 14 anos,2006-07-01,3,1,3,1,4
MONTEAGUDO,consulta externa,repetidas en personas de 5 a 14 anos,2006-07-01,24,39,24,39,63
MONTERO,consulta externa,repetidas en personas de 5 a 14 anos,2006-07-01,214,213,214,213,427
MORO MORO,consulta externa,repetidas en personas de 5 a 14 anos,2006-07-01,0,2,0,2,2
MOROCHATA,consulta externa,repetidas en personas de 5 a 14 anos,2006-07-01,21,11,21,11,32
NACEBE (SANTA ROSA DEL ABUNA),consulta externa,repetidas en personas de 5 a 14 anos,2006-07-01,20,33,20,33,53
OKINAWA,consulta externa,repetidas en personas de 5 a 14 anos,2006-07-01,3,3,3,3,6
OMEREQUE,consulta externa,repetidas en personas de 5 a 14 anos,2006-07-01,2,1,2,1,3
ORURO,consulta externa,repetidas en personas de 5 a 14 anos,2006-07-01,431,500,431,500,931
PADCAYA,consulta externa,repetidas en personas de 5 a 14 anos,2006-07-01,2,3,2,3,5
PADILLA,consulta externa,repetidas en personas de 5 a 14 anos,2006-07-01,1,0,1,0,1
PAILON,consulta externa,repetidas en personas de 5 a 14 anos,2006-07-01,1,0,1,0,1
PALCA,consulta externa,repetidas en personas de 5 a 14 anos,2006-07-01,5,0,5,0,5
PALOS BLANCOS,consulta externa,repetidas en personas de 5 a 14 anos,2006-07-01,0,2,0,2,2
PAMPA GRANDE,consulta externa,repetidas en personas de 5 a 14 anos,2006-07-01,2,0,2,0,2
PAPEL PAMPA,consulta externa,repetidas en personas de 5 a 14 anos,2006-07-01,0,1,0,1,1
PATACAMAYA,consulta externa,repetidas en personas de 5 a 14 anos,2006-07-01,2,1,2,1,3
POCOATA,consulta externa,repetidas en personas de 5 a 14 anos,2006-07-01,1,1,1,1,2
POCONA,consulta externa,repetidas en personas de 5 a 14 anos,2006-07-01,4,2,4,2,6
POOPO,consulta externa,repetidas en personas de 5 a 14 anos,2006-07-01,3,1,3,1,4
POROMA,consulta externa,repetidas en personas de 5 a 14 anos,2006-07-01,1,0,1,0,1
PORONGO,consulta externa,repetidas en personas de 5 a 14 anos,2006-07-01,6,3,6,3,9
PORTACHUELO,consulta externa,repetidas en personas de 5 a 14 anos,2006-07-01,11,15,11,15,26
PORVENIR,consulta externa,repetidas en personas de 5 a 14 anos,2006-07-01,1,0,1,0,1
POTOSI,consulta externa,repetidas en personas de 5 a 14 anos,2006-07-01,366,383,366,383,749
PUCARA,consulta externa,repetidas en personas de 5 a 14 anos,2006-07-01,4,8,4,8,12
PUCARANI,consulta externa,repetidas en personas de 5 a 14 anos,2006-07-01,0,1,0,1,1
PUERTO ACOSTA,consulta externa,repetidas en personas de 5 a 14 anos,2006-07-01,2,0,2,0,2
PUERTO CARABUCO,consulta externa,repetidas en personas de 5 a 14 anos,2006-07-01,2,0,2,0,2
PUERTO GONZALO MORENO,consulta externa,repetidas en personas de 5 a 14 anos,2006-07-01,16,9,16,9,25
PUERTO QUIJARRO,consulta externa,repetidas en personas de 5 a 14 anos,2006-07-01,3,6,3,6,9
PUERTO SUAREZ,consulta externa,repetidas en personas de 5 a 14 anos,2006-07-01,12,11,12,11,23
PUERTO VILLARROEL,consulta externa,repetidas en personas de 5 a 14 anos,2006-07-01,28,26,28,26,54
PUNA,consulta externa,repetidas en personas de 5 a 14 anos,2006-07-01,2,0,2,0,2
PUNATA,consulta externa,repetidas en personas de 5 a 14 anos,2006-07-01,41,30,41,30,71
QUILLACOLLO,consulta externa,repetidas en personas de 5 a 14 anos,2006-07-01,25,36,25,36,61
QUIME,consulta externa,repetidas en personas de 5 a 14 anos,2006-07-01,3,5,3,5,8
RAVELO,consulta externa,repetidas en personas de 5 a 14 anos,2006-07-01,0,1,0,1,1
REYES,consulta externa,repetidas en personas de 5 a 14 anos,2006-07-01,6,7,6,7,13
RIBERALTA,consulta externa,repetidas en personas de 5 a 14 anos,2006-07-01,26,20,26,20,46
ROBORE,consulta externa,repetidas en personas de 5 a 14 anos,2006-07-01,14,8,14,8,22
RURRENABAQUE,consulta externa,repetidas en personas de 5 a 14 anos,2006-07-01,10,9,10,9,19
SACABA,consulta externa,repetidas en personas de 5 a 14 anos,2006-07-01,60,46,60,46,106
SACABAMBA,consulta externa,repetidas en personas de 5 a 14 anos,2006-07-01,5,2,5,2,7
SACACA,consulta externa,repetidas en personas de 5 a 14 anos,2006-07-01,0,1,0,1,1
SAIPINA,consulta externa,repetidas en personas de 5 a 14 anos,2006-07-01,4,3,4,3,7
SAMAIPATA,consulta externa,repetidas en personas de 5 a 14 anos,2006-07-01,2,1,2,1,3
SAN ANDRES,consulta externa,repetidas en personas de 5 a 14 anos,2006-07-01,3,2,3,2,5
SAN ANTONIO DE LOMERIO,consulta externa,repetidas en personas de 5 a 14 anos,2006-07-01,3,2,3,2,5
SAN BENITO,consulta externa,repetidas en personas de 5 a 14 anos,2006-07-01,5,2,5,2,7
SAN BORJA,consulta externa,repetidas en personas de 5 a 14 anos,2006-07-01,19,9,19,9,28
SAN BUENA VENTURA,consulta externa,repetidas en personas de 5 a 14 anos,2006-07-01,0,2,0,2,2
SAN CARLOS,consulta externa,repetidas en personas de 5 a 14 anos,2006-07-01,5,2,5,2,7
SAN IGNACIO,consulta externa,repetidas en personas de 5 a 14 anos,2006-07-01,5,7,5,7,12
SAN IGNACIO DE VELASCO,consulta externa,repetidas en personas de 5 a 14 anos,2006-07-01,14,22,14,22,36
SAN JAVIER(BNI),consulta externa,repetidas en personas de 5 a 14 anos,2006-07-01,1,0,1,0,1
SAN JAVIER(STC),consulta externa,repetidas en personas de 5 a 14 anos,2006-07-01,1,4,1,4,5
SAN JOAQUIN,consulta externa,repetidas en personas de 5 a 14 anos,2006-07-01,5,11,5,11,16
SAN JOSE DE CHIQUITOS,consulta externa,repetidas en personas de 5 a 14 anos,2006-07-01,1,0,1,0,1
SAN JUAN DE YAPACANI,consulta externa,repetidas en personas de 5 a 14 anos,2006-07-01,22,44,22,44,66
SAN JULIAN,consulta externa,repetidas en personas de 5 a 14 anos,2006-07-01,12,12,12,12,24
SAN LORENZO(TJA),consulta externa,repetidas en personas de 5 a 14 anos,2006-07-01,5,6,5,6,11
SAN LUCAS,consulta externa,repetidas en personas de 5 a 14 anos,2006-07-01,3,2,3,2,5
SAN MATIAS,consulta externa,repetidas en personas de 5 a 14 anos,2006-07-01,1,0,1,0,1
SAN MIGUEL DE VELASCO,consulta externa,repetidas en personas de 5 a 14 anos,2006-07-01,3,3,3,3,6
SAN PABLO DE LIPEZ,consulta externa,repetidas en personas de 5 a 14 anos,2006-07-01,1,1,1,1,2
SAN PEDRO,consulta externa,repetidas en personas de 5 a 14 anos,2006-07-01,5,5,5,5,10
SAN PEDRO DE BUENA VISTA,consulta externa,repetidas en personas de 5 a 14 anos,2006-07-01,11,12,11,12,23
SAN PEDRO DE CURAHUARA,consulta externa,repetidas en personas de 5 a 14 anos,2006-07-01,1,2,1,2,3
SAN PEDRO DE TIQUINA,consulta externa,repetidas en personas de 5 a 14 anos,2006-07-01,1,0,1,0,1
SAN RAMON,consulta externa,repetidas en personas de 5 a 14 anos,2006-07-01,5,7,5,7,12
SAN RAMON,consulta externa,repetidas en personas de 5 a 14 anos,2006-07-01,8,10,8,10,18
SANTA ANA,consulta externa,repetidas en personas de 5 a 14 anos,2006-07-01,15,12,15,12,27
SANTA CRUZ DE LA SIERRA,consulta externa,repetidas en personas de 5 a 14 anos,2006-07-01,2299,2951,2299,2951,5250
SANTA ROSA,consulta externa,repetidas en personas de 5 a 14 anos,2006-07-01,1,2,1,2,3
SANTA ROSA DEL SARA,consulta externa,repetidas en personas de 5 a 14 anos,2006-07-01,0,3,0,3,3
SANTIAGO DE HUARI,consulta externa,repetidas en personas de 5 a 14 anos,2006-07-01,4,3,4,3,7
SANTIVAÑES,consulta externa,repetidas en personas de 5 a 14 anos,2006-07-01,0,1,0,1,1
SICA SICA (VILLA AROMA),consulta externa,repetidas en personas de 5 a 14 anos,2006-07-01,0,2,0,2,2
SICAYA,consulta externa,repetidas en personas de 5 a 14 anos,2006-07-01,1,0,1,0,1
SIPE SIPE,consulta externa,repetidas en personas de 5 a 14 anos,2006-07-01,5,20,5,20,25
SOPACHUY,consulta externa,repetidas en personas de 5 a 14 anos,2006-07-01,8,17,8,17,25
SORACACHI,consulta externa,repetidas en personas de 5 a 14 anos,2006-07-01,2,2,2,2,4
SORATA,consulta externa,repetidas en personas de 5 a 14 anos,2006-07-01,1,0,1,0,1
SUCRE,consulta externa,repetidas en personas de 5 a 14 anos,2006-07-01,869,1024,869,1024,1893
TACACOMA,consulta externa,repetidas en personas de 5 a 14 anos,2006-07-01,1,0,1,0,1
TACOPAYA,consulta externa,repetidas en personas de 5 a 14 anos,2006-07-01,2,0,2,0,2
TAPACARI,consulta externa,repetidas en personas de 5 a 14 anos,2006-07-01,5,2,5,2,7
TARABUCO,consulta externa,repetidas en personas de 5 a 14 anos,2006-07-01,6,6,6,6,12
TARATA,consulta externa,repetidas en personas de 5 a 14 anos,2006-07-01,11,11,11,11,22
TARIJA,consulta externa,repetidas en personas de 5 a 14 anos,2006-07-01,312,260,312,260,572
TARVITA,consulta externa,repetidas en personas de 5 a 14 anos,2006-07-01,1,2,1,2,3
TEOPONTE,consulta externa,repetidas en personas de 5 a 14 anos,2006-07-01,3,2,3,2,5
TIPUANI,consulta externa,repetidas en personas de 5 a 14 anos,2006-07-01,0,1,0,1,1
TIQUIPAYA,consulta externa,repetidas en personas de 5 a 14 anos,2006-07-01,25,22,25,22,47
TIRAQUE (CBBA),consulta externa,repetidas en personas de 5 a 14 anos,2006-07-01,17,15,17,15,32
TITO YUPANQUI (PARQUIPUJIO),consulta externa,repetidas en personas de 5 a 14 anos,2006-07-01,0,1,0,1,1
TOCO,consulta externa,repetidas en personas de 5 a 14 anos,2006-07-01,2,3,2,3,5
TOLEDO,consulta externa,repetidas en personas de 5 a 14 anos,2006-07-01,11,17,11,17,28
TOMAVE,consulta externa,repetidas en personas de 5 a 14 anos,2006-07-01,0,1,0,1,1
TOMINA,consulta externa,repetidas en personas de 5 a 14 anos,2006-07-01,1,3,1,3,4
TORO TORO,consulta externa,repetidas en personas de 5 a 14 anos,2006-07-01,1,0,1,0,1
TOTORA(CBBA),consulta externa,repetidas en personas de 5 a 14 anos,2006-07-01,2,4,2,4,6
TOTORA(ORR),consulta externa,repetidas en personas de 5 a 14 anos,2006-07-01,4,7,4,7,11
TRINIDAD,consulta externa,repetidas en personas de 5 a 14 anos,2006-07-01,157,235,157,235,392
TUPIZA,consulta externa,repetidas en personas de 5 a 14 anos,2006-07-01,66,100,66,100,166
TURCO,consulta externa,repetidas en personas de 5 a 14 anos,2006-07-01,0,1,0,1,1
UNCIA,consulta externa,repetidas en personas de 5 a 14 anos,2006-07-01,44,54,44,54,98
URIONDO (A. CONCEPCION),consulta externa,repetidas en personas de 5 a 14 anos,2006-07-01,107,122,107,122,229
UYUNI,consulta externa,repetidas en personas de 5 a 14 anos,2006-07-01,1,2,1,2,3
VACAS,consulta externa,repetidas en personas de 5 a 14 anos,2006-07-01,6,4,6,4,10
VALLEGRANDE,consulta externa,repetidas en personas de 5 a 14 anos,2006-07-01,14,9,14,9,23
VIACHA,consulta externa,repetidas en personas de 5 a 14 anos,2006-07-01,45,45,45,45,90
VILLA MONTES,consulta externa,repetidas en personas de 5 a 14 anos,2006-07-01,14,18,14,18,32
VILLA RIVERO,consulta externa,repetidas en personas de 5 a 14 anos,2006-07-01,0,1,0,1,1
VILLA SERRANO,consulta externa,repetidas en personas de 5 a 14 anos,2006-07-01,4,3,4,3,7
VILLA TUNARI,consulta externa,repetidas en personas de 5 a 14 anos,2006-07-01,4,14,4,14,18
VILLA VACA GUZMAN (MUYUPAMPA),consulta externa,repetidas en personas de 5 a 14 anos,2006-07-01,0,1,0,1,1
VILLAZON,consulta externa,repetidas en personas de 5 a 14 anos,2006-07-01,21,19,21,19,40
VINTO,consulta externa,repetidas en personas de 5 a 14 anos,2006-07-01,6,8,6,8,14
VITICHI,consulta externa,repetidas en personas de 5 a 14 anos,2006-07-01,0,1,0,1,1
WARNES,consulta externa,repetidas en personas de 5 a 14 anos,2006-07-01,31,24,31,24,55
YACUIBA,consulta externa,repetidas en personas de 5 a 14 anos,2006-07-01,109,82,109,82,191
YAMPARAEZ,consulta externa,repetidas en personas de 5 a 14 anos,2006-07-01,1,1,1,1,2
YAPACANI,consulta externa,repetidas en personas de 5 a 14 anos,2006-07-01,14,7,14,7,21
YOCALLA,consulta externa,repetidas en personas de 5 a 14 anos,2006-07-01,1,3,1,3,4
YOTALA,consulta externa,repetidas en personas de 5 a 14 anos,2006-07-01,10,1,10,1,11
YUNCHARA,consulta externa,repetidas en personas de 5 a 14 anos,2006-07-01,16,12,16,12,28
ACHACACHI,consulta externa,repetidas en personas de 5 a 14 anos,2006-08-01,12,12,12,12,24
AIQUILE,consulta externa,repetidas en personas de 5 a 14 anos,2006-08-01,6,13,6,13,19
ALCALA,consulta externa,repetidas en personas de 5 a 14 anos,2006-08-01,0,3,0,3,3
ANCORAIMES,consulta externa,repetidas en personas de 5 a 14 anos,2006-08-01,3,3,3,3,6
ANDAMARCA,consulta externa,repetidas en personas de 5 a 14 anos,2006-08-01,3,10,3,10,13
ANTEQUERA,consulta externa,repetidas en personas de 5 a 14 anos,2006-08-01,3,7,3,7,10
ANZALDO,consulta externa,repetidas en personas de 5 a 14 anos,2006-08-01,0,3,0,3,3
APOLO,consulta externa,repetidas en personas de 5 a 14 anos,2006-08-01,6,2,6,2,8
ARANI,consulta externa,repetidas en personas de 5 a 14 anos,2006-08-01,3,1,3,1,4
ARBIETO,consulta externa,repetidas en personas de 5 a 14 anos,2006-08-01,4,4,4,4,8
ARQUE,consulta externa,repetidas en personas de 5 a 14 anos,2006-08-01,4,3,4,3,7
ASCENCION DE GUARAYOS,consulta externa,repetidas en personas de 5 a 14 anos,2006-08-01,9,12,9,12,21
ATOCHA,consulta externa,repetidas en personas de 5 a 14 anos,2006-08-01,27,40,27,40,67
AUCAPATA,consulta externa,repetidas en personas de 5 a 14 anos,2006-08-01,10,8,10,8,18
AYO AYO,consulta externa,repetidas en personas de 5 a 14 anos,2006-08-01,1,2,1,2,3
BATALLAS,consulta externa,repetidas en personas de 5 a 14 anos,2006-08-01,2,3,2,3,5
BAURES,consulta externa,repetidas en personas de 5 a 14 anos,2006-08-01,5,8,5,8,13
BELEN DE ANDAMARCA,consulta externa,repetidas en personas de 5 a 14 anos,2006-08-01,1,3,1,3,4
BELEN DE URMIRI,consulta externa,repetidas en personas de 5 a 14 anos,2006-08-01,0,2,0,2,2
BELLA FLOR,consulta externa,repetidas en personas de 5 a 14 anos,2006-08-01,9,9,9,9,18
BERMEJO,consulta externa,repetidas en personas de 5 a 14 anos,2006-08-01,24,19,24,19,43
BETANZOS,consulta externa,repetidas en personas de 5 a 14 anos,2006-08-01,1,6,1,6,7
BOLPEBRA,consulta externa,repetidas en personas de 5 a 14 anos,2006-08-01,2,1,2,1,3
BOYUIBE,consulta externa,repetidas en personas de 5 a 14 anos,2006-08-01,3,6,3,6,9
BUENA VISTA,consulta externa,repetidas en personas de 5 a 14 anos,2006-08-01,6,2,6,2,8
CABEZAS,consulta externa,repetidas en personas de 5 a 14 anos,2006-08-01,40,39,40,39,79
CAIROMA,consulta externa,repetidas en personas de 5 a 14 anos,2006-08-01,1,0,1,0,1
"CAIZA ""D""",consulta externa,repetidas en personas de 5 a 14 anos,2006-08-01,1,0,1,0,1
CALACOTO,consulta externa,repetidas en personas de 5 a 14 anos,2006-08-01,1,1,1,1,2
CALAMARCA,consulta externa,repetidas en personas de 5 a 14 anos,2006-08-01,4,2,4,2,6
CAMARGO,consulta externa,repetidas en personas de 5 a 14 anos,2006-08-01,4,2,4,2,6
CAMATAQUI (C. VILLA ABECIA),consulta externa,repetidas en personas de 5 a 14 anos,2006-08-01,2,2,2,2,4
CAMIRI,consulta externa,repetidas en personas de 5 a 14 anos,2006-08-01,63,81,63,81,144
CAPINOTA,consulta externa,repetidas en personas de 5 a 14 anos,2006-08-01,11,8,11,8,19
CAQUIAVIRI,consulta externa,repetidas en personas de 5 a 14 anos,2006-08-01,1,0,1,0,1
CARACOLLO,consulta externa,repetidas en personas de 5 a 14 anos,2006-08-01,25,24,25,24,49
CARANAVI,consulta externa,repetidas en personas de 5 a 14 anos,2006-08-01,20,16,20,16,36
CATACORA,consulta externa,repetidas en personas de 5 a 14 anos,2006-08-01,1,0,1,0,1
CHALLAPATA,consulta externa,repetidas en personas de 5 a 14 anos,2006-08-01,31,48,31,48,79
CHARAGUA,consulta externa,repetidas en personas de 5 a 14 anos,2006-08-01,5,8,5,8,13
CHARAÑA,consulta externa,repetidas en personas de 5 a 14 anos,2006-08-01,1,2,1,2,3
CHIMORE,consulta externa,repetidas en personas de 5 a 14 anos,2006-08-01,1,1,1,1,2
CHOQUE COTA,consulta externa,repetidas en personas de 5 a 14 anos,2006-08-01,0,1,0,1,1
CHULUMANI (V. DE LA LIBERTAD),consulta externa,repetidas en personas de 5 a 14 anos,2006-08-01,10,8,10,8,18
CHUMA,consulta externa,repetidas en personas de 5 a 14 anos,2006-08-01,0,1,0,1,1
CLIZA,consulta externa,repetidas en personas de 5 a 14 anos,2006-08-01,124,127,124,127,251
COBIJA,consulta externa,repetidas en personas de 5 a 14 anos,2006-08-01,21,21,21,21,42
COCHABAMBA,consulta externa,repetidas en personas de 5 a 14 anos,2006-08-01,2002,1699,2002,1699,3701
COLCAPIRHUA,consulta externa,repetidas en personas de 5 a 14 anos,2006-08-01,26,16,26,16,42
"COLCHA ""K""",consulta externa,repetidas en personas de 5 a 14 anos,2006-08-01,1,1,1,1,2
COLOMI,consulta externa,repetidas en personas de 5 a 14 anos,2006-08-01,13,1,13,1,14
COLPA BELGICA,consulta externa,repetidas en personas de 5 a 14 anos,2006-08-01,5,1,5,1,6
COLQUECHACA,consulta externa,repetidas en personas de 5 a 14 anos,2006-08-01,1,0,1,0,1
COLQUENCHA,consulta externa,repetidas en personas de 5 a 14 anos,2006-08-01,2,1,2,1,3
COLQUIRI,consulta externa,repetidas en personas de 5 a 14 anos,2006-08-01,1,1,1,1,2
COMARAPA,consulta externa,repetidas en personas de 5 a 14 anos,2006-08-01,8,6,8,6,14
CONCEPCION,consulta externa,repetidas en personas de 5 a 14 anos,2006-08-01,1,2,1,2,3
COPACABANA,consulta externa,repetidas en personas de 5 a 14 anos,2006-08-01,2,0,2,0,2
CORIPATA,consulta externa,repetidas en personas de 5 a 14 anos,2006-08-01,0,2,0,2,2
CORO CORO,consulta externa,repetidas en personas de 5 a 14 anos,2006-08-01,1,0,1,0,1
COROICO,consulta externa,repetidas en personas de 5 a 14 anos,2006-08-01,11,12,11,12,23
CORQUE,consulta externa,repetidas en personas de 5 a 14 anos,2006-08-01,6,9,6,9,15
COTAGAITA,consulta externa,repetidas en personas de 5 a 14 anos,2006-08-01,13,8,13,8,21
COTOCA,consulta externa,repetidas en personas de 5 a 14 anos,2006-08-01,3,7,3,7,10
CUATRO CAÑADAS,consulta externa,repetidas en personas de 5 a 14 anos,2006-08-01,7,9,7,9,16
CUCHUMUELA (V. G. VILLARROEL),consulta externa,repetidas en personas de 5 a 14 anos,2006-08-01,1,0,1,0,1
CUEVO,consulta externa,repetidas en personas de 5 a 14 anos,2006-08-01,2,2,2,2,4
CULPINA,consulta externa,repetidas en personas de 5 a 14 anos,2006-08-01,2,1,2,1,3
EL ALTO,consulta externa,repetidas en personas de 5 a 14 anos,2006-08-01,1147,903,1147,903,2050
EL PUENTE(STC),consulta externa,repetidas en personas de 5 a 14 anos,2006-08-01,1,1,1,1,2
EL PUENTE(TJA),consulta externa,repetidas en personas de 5 a 14 anos,2006-08-01,1,4,1,4,5
EL TORNO,consulta externa,repetidas en personas de 5 a 14 anos,2006-08-01,41,46,41,46,87
EL VILLAR,consulta externa,repetidas en personas de 5 a 14 anos,2006-08-01,1,1,1,1,2
ENTRE RIOS,consulta externa,repetidas en personas de 5 a 14 anos,2006-08-01,44,52,44,52,96
ENTRE RIOS,consulta externa,repetidas en personas de 5 a 14 anos,2006-08-01,5,3,5,3,8
EUCALIPTUS,consulta externa,repetidas en personas de 5 a 14 anos,2006-08-01,1,1,1,1,2
EXALTACION,consulta externa,repetidas en personas de 5 a 14 anos,2006-08-01,3,1,3,1,4
FERNANDEZ ALONSO,consulta externa,repetidas en personas de 5 a 14 anos,2006-08-01,6,2,6,2,8
FILADELFIA,consulta externa,repetidas en personas de 5 a 14 anos,2006-08-01,1,0,1,0,1
GENERAL SAAVEDRA,consulta externa,repetidas en personas de 5 a 14 anos,2006-08-01,15,18,15,18,33
GRAL. J.J. PEREZ (CHARAZANI),consulta externa,repetidas en personas de 5 a 14 anos,2006-08-01,5,0,5,0,5
GUANAY,consulta externa,repetidas en personas de 5 a 14 anos,2006-08-01,0,1,0,1,1
GUAQUI,consulta externa,repetidas en personas de 5 a 14 anos,2006-08-01,2,1,2,1,3
GUAYARAMERIN,consulta externa,repetidas en personas de 5 a 14 anos,2006-08-01,41,74,41,74,115
GUTIERREZ,consulta externa,repetidas en personas de 5 a 14 anos,2006-08-01,7,11,7,11,18
HUACARETA,consulta externa,repetidas en personas de 5 a 14 anos,2006-08-01,2,0,2,0,2
HUACAYA (VILLA DE HUACAYA),consulta externa,repetidas en personas de 5 a 14 anos,2006-08-01,1,0,1,0,1
HUACHACALLA,consulta externa,repetidas en personas de 5 a 14 anos,2006-08-01,4,8,4,8,12
HUANUNI,consulta externa,repetidas en personas de 5 a 14 anos,2006-08-01,166,165,166,165,331
HUARACAJE,consulta externa,repetidas en personas de 5 a 14 anos,2006-08-01,1,1,1,1,2
HUAYLLAMARCA,consulta externa,repetidas en personas de 5 a 14 anos,2006-08-01,1,0,1,0,1
ICHOCA,consulta externa,repetidas en personas de 5 a 14 anos,2006-08-01,1,0,1,0,1
ICLA,consulta externa,repetidas en personas de 5 a 14 anos,2006-08-01,2,3,2,3,5
INCAHUASI,consulta externa,repetidas en personas de 5 a 14 anos,2006-08-01,0,4,0,4,4
INGAVI (HUMAITA),consulta externa,repetidas en personas de 5 a 14 anos,2006-08-01,3,1,3,1,4
INQUISIVI,consulta externa,repetidas en personas de 5 a 14 anos,2006-08-01,0,5,0,5,5
IRUPANA (VILLA DE LANZA),consulta externa,repetidas en personas de 5 a 14 anos,2006-08-01,5,1,5,1,6
IXIAMAS,consulta externa,repetidas en personas de 5 a 14 anos,2006-08-01,1,0,1,0,1
JESUS DE MACHACA,consulta externa,repetidas en personas de 5 a 14 anos,2006-08-01,0,3,0,3,3
LA ASUNTA,consulta externa,repetidas en personas de 5 a 14 anos,2006-08-01,3,5,3,5,8
LA GUARDIA,consulta externa,repetidas en personas de 5 a 14 anos,2006-08-01,7,14,7,14,21
LA PAZ,consulta externa,repetidas en personas de 5 a 14 anos,2006-08-01,2015,2116,2015,2116,4131
LAJA,consulta externa,repetidas en personas de 5 a 14 anos,2006-08-01,1,4,1,4,5
LAS CARRERAS,consulta externa,repetidas en personas de 5 a 14 anos,2006-08-01,0,4,0,4,4
LICOMA PAMPA,consulta externa,repetidas en personas de 5 a 14 anos,2006-08-01,0,1,0,1,1
LLALLAGUA,consulta externa,repetidas en personas de 5 a 14 anos,2006-08-01,18,18,18,18,36
LORETO,consulta externa,repetidas en personas de 5 a 14 anos,2006-08-01,0,2,0,2,2
LURIBAY,consulta externa,repetidas en personas de 5 a 14 anos,2006-08-01,5,1,5,1,6
MACHACAMARCA,consulta externa,repetidas en personas de 5 a 14 anos,2006-08-01,4,15,4,15,19
MACHARETI,consulta externa,repetidas en personas de 5 a 14 anos,2006-08-01,2,27,2,27,29
MAGDALENA,consulta externa,repetidas en personas de 5 a 14 anos,2006-08-01,21,10,21,10,31
MALLA,consulta externa,repetidas en personas de 5 a 14 anos,2006-08-01,2,4,2,4,6
MAPIRI,consulta externa,repetidas en personas de 5 a 14 anos,2006-08-01,1,0,1,0,1
MECAPACA,consulta externa,repetidas en personas de 5 a 14 anos,2006-08-01,3,10,3,10,13
MINEROS,consulta externa,repetidas en personas de 5 a 14 anos,2006-08-01,2,0,2,0,2
MIZQUE,consulta externa,repetidas en personas de 5 a 14 anos,2006-08-01,2,0,2,0,2
MOCOMOCO,consulta externa,repetidas en personas de 5 a 14 anos,2006-08-01,4,0,4,0,4
MOJOCOYA,consulta externa,repetidas en personas de 5 a 14 anos,2006-08-01,2,2,2,2,4
MONTEAGUDO,consulta externa,repetidas en personas de 5 a 14 anos,2006-08-01,17,34,17,34,51
MONTERO,consulta externa,repetidas en personas de 5 a 14 anos,2006-08-01,335,378,335,378,713
MOROCHATA,consulta externa,repetidas en personas de 5 a 14 anos,2006-08-01,6,6,6,6,12
NACEBE (SANTA ROSA DEL ABUNA),consulta externa,repetidas en personas de 5 a 14 anos,2006-08-01,51,47,51,47,98
NUEVO MANOA (NUEVA ESPERANZA),consulta externa,repetidas en personas de 5 a 14 anos,2006-08-01,1,0,1,0,1
OCURI,consulta externa,repetidas en personas de 5 a 14 anos,2006-08-01,0,1,0,1,1
OKINAWA,consulta externa,repetidas en personas de 5 a 14 anos,2006-08-01,1,5,1,5,6
OMEREQUE,consulta externa,repetidas en personas de 5 a 14 anos,2006-08-01,0,1,0,1,1
ORURO,consulta externa,repetidas en personas de 5 a 14 anos,2006-08-01,503,566,503,566,1069
PADCAYA,consulta externa,repetidas en personas de 5 a 14 anos,2006-08-01,2,5,2,5,7
PADILLA,consulta externa,repetidas en personas de 5 a 14 anos,2006-08-01,3,1,3,1,4
PAILON,consulta externa,repetidas en personas de 5 a 14 anos,2006-08-01,0,2,0,2,2
PALCA,consulta externa,repetidas en personas de 5 a 14 anos,2006-08-01,1,4,1,4,5
PALOS BLANCOS,consulta externa,repetidas en personas de 5 a 14 anos,2006-08-01,8,0,8,0,8
PAMPA GRANDE,consulta externa,repetidas en personas de 5 a 14 anos,2006-08-01,0,1,0,1,1
PAPEL PAMPA,consulta externa,repetidas en personas de 5 a 14 anos,2006-08-01,1,1,1,1,2
PATACAMAYA,consulta externa,repetidas en personas de 5 a 14 anos,2006-08-01,0,3,0,3,3
PAZÑA,consulta externa,repetidas en personas de 5 a 14 anos,2006-08-01,2,2,2,2,4
POCOATA,consulta externa,repetidas en personas de 5 a 14 anos,2006-08-01,1,5,1,5,6
POJO (CBBA),consulta externa,repetidas en personas de 5 a 14 anos,2006-08-01,0,1,0,1,1
POOPO,consulta externa,repetidas en personas de 5 a 14 anos,2006-08-01,0,1,0,1,1
PORCO,consulta externa,repetidas en personas de 5 a 14 anos,2006-08-01,2,1,2,1,3
POROMA,consulta externa,repetidas en personas de 5 a 14 anos,2006-08-01,2,1,2,1,3
PORONGO,consulta externa,repetidas en personas de 5 a 14 anos,2006-08-01,6,3,6,3,9
PORTACHUELO,consulta externa,repetidas en personas de 5 a 14 anos,2006-08-01,13,3,13,3,16
PORVENIR,consulta externa,repetidas en personas de 5 a 14 anos,2006-08-01,1,0,1,0,1
POSTRER VALLE,consulta externa,repetidas en personas de 5 a 14 anos,2006-08-01,1,1,1,1,2
POTOSI,consulta externa,repetidas en personas de 5 a 14 anos,2006-08-01,310,424,310,424,734
PUCARA,consulta externa,repetidas en personas de 5 a 14 anos,2006-08-01,0,2,0,2,2
PUCARANI,consulta externa,repetidas en personas de 5 a 14 anos,2006-08-01,2,1,2,1,3
PUERTO ACOSTA,consulta externa,repetidas en personas de 5 a 14 anos,2006-08-01,0,1,0,1,1
PUERTO CARABUCO,consulta externa,repetidas en personas de 5 a 14 anos,2006-08-01,3,0,3,0,3
PUERTO GONZALO MORENO,consulta externa,repetidas en personas de 5 a 14 anos,2006-08-01,2,2,2,2,4
PUERTO QUIJARRO,consulta externa,repetidas en personas de 5 a 14 anos,2006-08-01,10,10,10,10,20
PUERTO RICO,consulta externa,repetidas en personas de 5 a 14 anos,2006-08-01,2,1,2,1,3
PUERTO SUAREZ,consulta externa,repetidas en personas de 5 a 14 anos,2006-08-01,12,19,12,19,31
PUERTO VILLARROEL,consulta externa,repetidas en personas de 5 a 14 anos,2006-08-01,23,16,23,16,39
PUNA,consulta externa,repetidas en personas de 5 a 14 anos,2006-08-01,1,4,1,4,5
PUNATA,consulta externa,repetidas en personas de 5 a 14 anos,2006-08-01,35,33,35,33,68
QUILLACOLLO,consulta externa,repetidas en personas de 5 a 14 anos,2006-08-01,18,7,18,7,25
QUIME,consulta externa,repetidas en personas de 5 a 14 anos,2006-08-01,0,3,0,3,3
QUIRUSILLAS,consulta externa,repetidas en personas de 5 a 14 anos,2006-08-01,1,0,1,0,1
REYES,consulta externa,repetidas en personas de 5 a 14 anos,2006-08-01,7,4,7,4,11
RIBERALTA,consulta externa,repetidas en personas de 5 a 14 anos,2006-08-01,21,72,21,72,93
ROBORE,consulta externa,repetidas en personas de 5 a 14 anos,2006-08-01,20,12,20,12,32
RURRENABAQUE,consulta externa,repetidas en personas de 5 a 14 anos,2006-08-01,20,11,20,11,31
SACABA,consulta externa,repetidas en personas de 5 a 14 anos,2006-08-01,60,41,60,41,101
SACABAMBA,consulta externa,repetidas en personas de 5 a 14 anos,2006-08-01,0,1,0,1,1
SALINAS DE GARCI MENDOZA,consulta externa,repetidas en personas de 5 a 14 anos,2006-08-01,0,1,0,1,1
SAN AGUSTIN,consulta externa,repetidas en personas de 5 a 14 anos,2006-08-01,1,1,1,1,2
SAN ANDRES,consulta externa,repetidas en personas de 5 a 14 anos,2006-08-01,9,1,9,1,10
SAN ANDRES DE MACHACA,consulta externa,repetidas en personas de 5 a 14 anos,2006-08-01,1,2,1,2,3
SAN ANTONIO DE ESMORUCO,consulta externa,repetidas en personas de 5 a 14 anos,2006-08-01,0,1,0,1,1
SAN ANTONIO DE LOMERIO,consulta externa,repetidas en personas de 5 a 14 anos,2006-08-01,2,0,2,0,2
SAN BENITO,consulta externa,repetidas en personas de 5 a 14 anos,2006-08-01,4,6,4,6,10
SAN BORJA,consulta externa,repetidas en personas de 5 a 14 anos,2006-08-01,35,30,35,30,65
SAN BUENA VENTURA,consulta externa,repetidas en personas de 5 a 14 anos,2006-08-01,7,3,7,3,10
SAN CARLOS,consulta externa,repetidas en personas de 5 a 14 anos,2006-08-01,3,13,3,13,16
SAN IGNACIO,consulta externa,repetidas en personas de 5 a 14 anos,2006-08-01,25,22,25,22,47
SAN IGNACIO DE VELASCO,consulta externa,repetidas en personas de 5 a 14 anos,2006-08-01,21,22,21,22,43
SAN JAVIER(BNI),consulta externa,repetidas en personas de 5 a 14 anos,2006-08-01,0,1,0,1,1
SAN JAVIER(STC),consulta externa,repetidas en personas de 5 a 14 anos,2006-08-01,2,3,2,3,5
SAN JOAQUIN,consulta externa,repetidas en personas de 5 a 14 anos,2006-08-01,4,5,4,5,9
SAN JOSE DE CHIQUITOS,consulta externa,repetidas en personas de 5 a 14 anos,2006-08-01,2,0,2,0,2
SAN JUAN DE YAPACANI,consulta externa,repetidas en personas de 5 a 14 anos,2006-08-01,27,22,27,22,49
SAN JULIAN,consulta externa,repetidas en personas de 5 a 14 anos,2006-08-01,13,10,13,10,23
SAN LORENZO(TJA),consulta externa,repetidas en personas de 5 a 14 anos,2006-08-01,5,2,5,2,7
SAN LUCAS,consulta externa,repetidas en personas de 5 a 14 anos,2006-08-01,3,3,3,3,6
SAN MATIAS,consulta externa,repetidas en personas de 5 a 14 anos,2006-08-01,1,1,1,1,2
SAN MIGUEL DE VELASCO,consulta externa,repetidas en personas de 5 a 14 anos,2006-08-01,9,8,9,8,17
SAN PABLO DE LIPEZ,consulta externa,repetidas en personas de 5 a 14 anos,2006-08-01,1,1,1,1,2
SAN PEDRO,consulta externa,repetidas en personas de 5 a 14 anos,2006-08-01,8,10,8,10,18
SAN PEDRO DE BUENA VISTA,consulta externa,repetidas en personas de 5 a 14 anos,2006-08-01,0,38,0,38,38
SAN PEDRO DE CURAHUARA,consulta externa,repetidas en personas de 5 a 14 anos,2006-08-01,0,1,0,1,1
SAN RAFAEL,consulta externa,repetidas en personas de 5 a 14 anos,2006-08-01,3,4,3,4,7
SAN RAMON,consulta externa,repetidas en personas de 5 a 14 anos,2006-08-01,9,11,9,11,20
SAN RAMON,consulta externa,repetidas en personas de 5 a 14 anos,2006-08-01,4,1,4,1,5
SANTA ANA,consulta externa,repetidas en personas de 5 a 14 anos,2006-08-01,26,22,26,22,48
SANTA CRUZ DE LA SIERRA,consulta externa,repetidas en personas de 5 a 14 anos,2006-08-01,2193,2905,2193,2905,5098
SANTA ROSA,consulta externa,repetidas en personas de 5 a 14 anos,2006-08-01,0,1,0,1,1
SANTA ROSA DEL SARA,consulta externa,repetidas en personas de 5 a 14 anos,2006-08-01,1,0,1,0,1
SANTIAGO DE HUARI,consulta externa,repetidas en personas de 5 a 14 anos,2006-08-01,5,0,5,0,5
SANTIVAÑES,consulta externa,repetidas en personas de 5 a 14 anos,2006-08-01,3,5,3,5,8
SENA,consulta externa,repetidas en personas de 5 a 14 anos,2006-08-01,0,1,0,1,1
SICA SICA (VILLA AROMA),consulta externa,repetidas en personas de 5 a 14 anos,2006-08-01,0,1,0,1,1
SIPE SIPE,consulta externa,repetidas en personas de 5 a 14 anos,2006-08-01,4,4,4,4,8
SOPACHUY,consulta externa,repetidas en personas de 5 a 14 anos,2006-08-01,1,0,1,0,1
SORACACHI,consulta externa,repetidas en personas de 5 a 14 anos,2006-08-01,2,1,2,1,3
SUCRE,consulta externa,repetidas en personas de 5 a 14 anos,2006-08-01,853,785,853,785,1638
TACACHI,consulta externa,repetidas en personas de 5 a 14 anos,2006-08-01,1,1,1,1,2
TACOBAMBA,consulta externa,repetidas en personas de 5 a 14 anos,2006-08-01,0,1,0,1,1
TAHUA,consulta externa,repetidas en personas de 5 a 14 anos,2006-08-01,0,1,0,1,1
TAPACARI,consulta externa,repetidas en personas de 5 a 14 anos,2006-08-01,16,6,16,6,22
TARABUCO,consulta externa,repetidas en personas de 5 a 14 anos,2006-08-01,5,5,5,5,10
TARATA,consulta externa,repetidas en personas de 5 a 14 anos,2006-08-01,10,15,10,15,25
TARIJA,consulta externa,repetidas en personas de 5 a 14 anos,2006-08-01,224,245,224,245,469
TARVITA,consulta externa,repetidas en personas de 5 a 14 anos,2006-08-01,2,1,2,1,3
TEOPONTE,consulta externa,repetidas en personas de 5 a 14 anos,2006-08-01,3,0,3,0,3
TINGUIPAYA,consulta externa,repetidas en personas de 5 a 14 anos,2006-08-01,3,0,3,0,3
TIPUANI,consulta externa,repetidas en personas de 5 a 14 anos,2006-08-01,2,0,2,0,2
TIQUIPAYA,consulta externa,repetidas en personas de 5 a 14 anos,2006-08-01,19,16,19,16,35
TIRAQUE (CBBA),consulta externa,repetidas en personas de 5 a 14 anos,2006-08-01,24,35,24,35,59
TOLATA,consulta externa,repetidas en personas de 5 a 14 anos,2006-08-01,1,0,1,0,1
TOLEDO,consulta externa,repetidas en personas de 5 a 14 anos,2006-08-01,3,5,3,5,8
TOMAVE,consulta externa,repetidas en personas de 5 a 14 anos,2006-08-01,0,1,0,1,1
TOMINA,consulta externa,repetidas en personas de 5 a 14 anos,2006-08-01,5,2,5,2,7
TORO TORO,consulta externa,repetidas en personas de 5 a 14 anos,2006-08-01,1,1,1,1,2
TOTORA(CBBA),consulta externa,repetidas en personas de 5 a 14 anos,2006-08-01,1,4,1,4,5
TOTORA(ORR),consulta externa,repetidas en personas de 5 a 14 anos,2006-08-01,4,0,4,0,4
TRIGAL,consulta externa,repetidas en personas de 5 a 14 anos,2006-08-01,0,2,0,2,2
TRINIDAD,consulta externa,repetidas en personas de 5 a 14 anos,2006-08-01,114,115,114,115,229
TUPIZA,consulta externa,repetidas en personas de 5 a 14 anos,2006-08-01,88,119,88,119,207
TURCO,consulta externa,repetidas en personas de 5 a 14 anos,2006-08-01,0,1,0,1,1
UNCIA,consulta externa,repetidas en personas de 5 a 14 anos,2006-08-01,24,10,24,10,34
URIONDO (A. CONCEPCION),consulta externa,repetidas en personas de 5 a 14 anos,2006-08-01,72,57,72,57,129
URUBICHA,consulta externa,repetidas en personas de 5 a 14 anos,2006-08-01,2,1,2,1,3
UYUNI,consulta externa,repetidas en personas de 5 a 14 anos,2006-08-01,7,8,7,8,15
VACAS,consulta externa,repetidas en personas de 5 a 14 anos,2006-08-01,3,5,3,5,8
VALLEGRANDE,consulta externa,repetidas en personas de 5 a 14 anos,2006-08-01,17,24,17,24,41
VIACHA,consulta externa,repetidas en personas de 5 a 14 anos,2006-08-01,47,33,47,33,80
VILLA MONTES,consulta externa,repetidas en personas de 5 a 14 anos,2006-08-01,21,12,21,12,33
VILLA RIVERO,consulta externa,repetidas en personas de 5 a 14 anos,2006-08-01,1,1,1,1,2
VILLA SERRANO,consulta externa,repetidas en personas de 5 a 14 anos,2006-08-01,0,2,0,2,2
VILLA TUNARI,consulta externa,repetidas en personas de 5 a 14 anos,2006-08-01,16,38,16,38,54
VILLA VACA GUZMAN (MUYUPAMPA),consulta externa,repetidas en personas de 5 a 14 anos,2006-08-01,3,2,3,2,5
VILLAZON,consulta externa,repetidas en personas de 5 a 14 anos,2006-08-01,33,31,33,31,64
VINTO,consulta externa,repetidas en personas de 5 a 14 anos,2006-08-01,14,8,14,8,22
VITICHI,consulta externa,repetidas en personas de 5 a 14 anos,2006-08-01,1,0,1,0,1
WARNES,consulta externa,repetidas en personas de 5 a 14 anos,2006-08-01,17,14,17,14,31
YACO,consulta externa,repetidas en personas de 5 a 14 anos,2006-08-01,10,6,10,6,16
YACUIBA,consulta externa,repetidas en personas de 5 a 14 anos,2006-08-01,64,78,64,78,142
YANACACHI,consulta externa,repetidas en personas de 5 a 14 anos,2006-08-01,1,0,1,0,1
YAPACANI,consulta externa,repetidas en personas de 5 a 14 anos,2006-08-01,3,7,3,7,10
YOCALLA,consulta externa,repetidas en personas de 5 a 14 anos,2006-08-01,2,0,2,0,2
YOTALA,consulta externa,repetidas en personas de 5 a 14 anos,2006-08-01,6,57,6,57,63
YUNCHARA,consulta externa,repetidas en personas de 5 a 14 anos,2006-08-01,51,56,51,56,107
ZUDAÑEZ,consulta externa,repetidas en personas de 5 a 14 anos,2006-08-01,0,2,0,2,2
ACHACACHI,consulta externa,repetidas en personas de 5 a 14 anos,2006-09-01,11,2,11,2,13
AIQUILE,consulta externa,repetidas en personas de 5 a 14 anos,2006-09-01,51,68,51,68,119
ALCALA,consulta externa,repetidas en personas de 5 a 14 anos,2006-09-01,0,3,0,3,3
ANCORAIMES,consulta externa,repetidas en personas de 5 a 14 anos,2006-09-01,8,29,8,29,37
ANDAMARCA,consulta externa,repetidas en personas de 5 a 14 anos,2006-09-01,1,3,1,3,4
ANTEQUERA,consulta externa,repetidas en personas de 5 a 14 anos,2006-09-01,5,3,5,3,8
ANZALDO,consulta externa,repetidas en personas de 5 a 14 anos,2006-09-01,6,2,6,2,8
APOLO,consulta externa,repetidas en personas de 5 a 14 anos,2006-09-01,2,1,2,1,3
ARBIETO,consulta externa,repetidas en personas de 5 a 14 anos,2006-09-01,4,4,4,4,8
ASCENCION DE GUARAYOS,consulta externa,repetidas en personas de 5 a 14 anos,2006-09-01,6,4,6,4,10
ATOCHA,consulta externa,repetidas en personas de 5 a 14 anos,2006-09-01,39,35,39,35,74
AUCAPATA,consulta externa,repetidas en personas de 5 a 14 anos,2006-09-01,6,4,6,4,10
AYATA,consulta externa,repetidas en personas de 5 a 14 anos,2006-09-01,1,0,1,0,1
AYO AYO,consulta externa,repetidas en personas de 5 a 14 anos,2006-09-01,3,2,3,2,5
AYOPAYA (V. DE INDEPENDENCIA),consulta externa,repetidas en personas de 5 a 14 anos,2006-09-01,6,2,6,2,8
AZURDUY,consulta externa,repetidas en personas de 5 a 14 anos,2006-09-01,0,2,0,2,2
BATALLAS,consulta externa,repetidas en personas de 5 a 14 anos,2006-09-01,4,1,4,1,5
BAURES,consulta externa,repetidas en personas de 5 a 14 anos,2006-09-01,7,8,7,8,15
BELEN DE ANDAMARCA,consulta externa,repetidas en personas de 5 a 14 anos,2006-09-01,2,0,2,0,2
BELEN DE URMIRI,consulta externa,repetidas en personas de 5 a 14 anos,2006-09-01,2,1,2,1,3
BERMEJO,consulta externa,repetidas en personas de 5 a 14 anos,2006-09-01,14,13,14,13,27
BETANZOS,consulta externa,repetidas en personas de 5 a 14 anos,2006-09-01,6,7,6,7,13
BOLIVAR,consulta externa,repetidas en personas de 5 a 14 anos,2006-09-01,13,22,13,22,35
BOYUIBE,consulta externa,repetidas en personas de 5 a 14 anos,2006-09-01,2,1,2,1,3
BUENA VISTA,consulta externa,repetidas en personas de 5 a 14 anos,2006-09-01,13,5,13,5,18
CABEZAS,consulta externa,repetidas en personas de 5 a 14 anos,2006-09-01,20,23,20,23,43
CAIROMA,consulta externa,repetidas en personas de 5 a 14 anos,2006-09-01,22,14,22,14,36
"CAIZA ""D""",consulta externa,repetidas en personas de 5 a 14 anos,2006-09-01,0,2,0,2,2
CALACOTO,consulta externa,repetidas en personas de 5 a 14 anos,2006-09-01,2,1,2,1,3
CALAMARCA,consulta externa,repetidas en personas de 5 a 14 anos,2006-09-01,1,0,1,0,1
CAMARGO,consulta externa,repetidas en personas de 5 a 14 anos,2006-09-01,6,3,6,3,9
CAMATAQUI (C. VILLA ABECIA),consulta externa,repetidas en personas de 5 a 14 anos,2006-09-01,2,0,2,0,2
CAMIRI,consulta externa,repetidas en personas de 5 a 14 anos,2006-09-01,34,56,34,56,90
CAPINOTA,consulta externa,repetidas en personas de 5 a 14 anos,2006-09-01,11,9,11,9,20
CAQUIAVIRI,consulta externa,repetidas en personas de 5 a 14 anos,2006-09-01,5,3,5,3,8
CARACOLLO,consulta externa,repetidas en personas de 5 a 14 anos,2006-09-01,1,0,1,0,1
CARANAVI,consulta externa,repetidas en personas de 5 a 14 anos,2006-09-01,15,15,15,15,30
CARAPARI,consulta externa,repetidas en personas de 5 a 14 anos,2006-09-01,4,0,4,0,4
CARIPUYO,consulta externa,repetidas en personas de 5 a 14 anos,2006-09-01,2,0,2,0,2
CHALLAPATA,consulta externa,repetidas en personas de 5 a 14 anos,2006-09-01,12,9,12,9,21
CHARAGUA,consulta externa,repetidas en personas de 5 a 14 anos,2006-09-01,9,18,9,18,27
CHAYANTA,consulta externa,repetidas en personas de 5 a 14 anos,2006-09-01,1,1,1,1,2
CHIMORE,consulta externa,repetidas en personas de 5 a 14 anos,2006-09-01,1,3,1,3,4
CHULUMANI (V. DE LA LIBERTAD),consulta externa,repetidas en personas de 5 a 14 anos,2006-09-01,1,2,1,2,3
CHUMA,consulta externa,repetidas en personas de 5 a 14 anos,2006-09-01,2,1,2,1,3
CLIZA,consulta externa,repetidas en personas de 5 a 14 anos,2006-09-01,41,36,41,36,77
COBIJA,consulta externa,repetidas en personas de 5 a 14 anos,2006-09-01,19,20,19,20,39
COCHABAMBA,consulta externa,repetidas en personas de 5 a 14 anos,2006-09-01,1851,1866,1851,1866,3717
COLCAPIRHUA,consulta externa,repetidas en personas de 5 a 14 anos,2006-09-01,29,27,29,27,56
"COLCHA ""K""",consulta externa,repetidas en personas de 5 a 14 anos,2006-09-01,1,1,1,1,2
COLLANA,consulta externa,repetidas en personas de 5 a 14 anos,2006-09-01,3,2,3,2,5
COLOMI,consulta externa,repetidas en personas de 5 a 14 anos,2006-09-01,2,0,2,0,2
COLPA BELGICA,consulta externa,repetidas en personas de 5 a 14 anos,2006-09-01,5,14,5,14,19
COLQUECHACA,consulta externa,repetidas en personas de 5 a 14 anos,2006-09-01,0,1,0,1,1
COLQUIRI,consulta externa,repetidas en personas de 5 a 14 anos,2006-09-01,14,6,14,6,20
COMARAPA,consulta externa,repetidas en personas de 5 a 14 anos,2006-09-01,5,10,5,10,15
CONCEPCION,consulta externa,repetidas en personas de 5 a 14 anos,2006-09-01,0,1,0,1,1
CORIPATA,consulta externa,repetidas en personas de 5 a 14 anos,2006-09-01,2,0,2,0,2
CORO CORO,consulta externa,repetidas en personas de 5 a 14 anos,2006-09-01,1,1,1,1,2
COROICO,consulta externa,repetidas en personas de 5 a 14 anos,2006-09-01,14,17,14,17,31
CORQUE,consulta externa,repetidas en personas de 5 a 14 anos,2006-09-01,8,14,8,14,22
COTAGAITA,consulta externa,repetidas en personas de 5 a 14 anos,2006-09-01,8,3,8,3,11
COTOCA,consulta externa,repetidas en personas de 5 a 14 anos,2006-09-01,2,6,2,6,8
CUATRO CAÑADAS,consulta externa,repetidas en personas de 5 a 14 anos,2006-09-01,12,7,12,7,19
CUCHUMUELA (V. G. VILLARROEL),consulta externa,repetidas en personas de 5 a 14 anos,2006-09-01,0,2,0,2,2
CUEVO,consulta externa,repetidas en personas de 5 a 14 anos,2006-09-01,2,0,2,0,2
CURAHUARA DE CARANGAS,consulta externa,repetidas en personas de 5 a 14 anos,2006-09-01,0,1,0,1,1
DESAGUADERO,consulta externa,repetidas en personas de 5 a 14 anos,2006-09-01,1,1,1,1,2
EL ALTO,consulta externa,repetidas en personas de 5 a 14 anos,2006-09-01,1371,1191,1371,1191,2562
EL CHORO,consulta externa,repetidas en personas de 5 a 14 anos,2006-09-01,1,0,1,0,1
EL PUENTE(TJA),consulta externa,repetidas en personas de 5 a 14 anos,2006-09-01,3,5,3,5,8
EL TORNO,consulta externa,repetidas en personas de 5 a 14 anos,2006-09-01,37,42,37,42,79
ENTRE RIOS,consulta externa,repetidas en personas de 5 a 14 anos,2006-09-01,7,5,7,5,12
ENTRE RIOS,consulta externa,repetidas en personas de 5 a 14 anos,2006-09-01,9,6,9,6,15
EUCALIPTUS,consulta externa,repetidas en personas de 5 a 14 anos,2006-09-01,0,4,0,4,4
EXALTACION,consulta externa,repetidas en personas de 5 a 14 anos,2006-09-01,1,3,1,3,4
FERNANDEZ ALONSO,consulta externa,repetidas en personas de 5 a 14 anos,2006-09-01,3,5,3,5,8
GENERAL SAAVEDRA,consulta externa,repetidas en personas de 5 a 14 anos,2006-09-01,8,13,8,13,21
GRAL. J.J. PEREZ (CHARAZANI),consulta externa,repetidas en personas de 5 a 14 anos,2006-09-01,1,0,1,0,1
GUANAY,consulta externa,repetidas en personas de 5 a 14 anos,2006-09-01,2,3,2,3,5
GUAYARAMERIN,consulta externa,repetidas en personas de 5 a 14 anos,2006-09-01,31,80,31,80,111
GUTIERREZ,consulta externa,repetidas en personas de 5 a 14 anos,2006-09-01,9,11,9,11,20
HUACARETA,consulta externa,repetidas en personas de 5 a 14 anos,2006-09-01,2,0,2,0,2
HUACHACALLA,consulta externa,repetidas en personas de 5 a 14 anos,2006-09-01,3,1,3,1,4
HUANUNI,consulta externa,repetidas en personas de 5 a 14 anos,2006-09-01,50,76,50,76,126
HUARACAJE,consulta externa,repetidas en personas de 5 a 14 anos,2006-09-01,0,1,0,1,1
ICLA,consulta externa,repetidas en personas de 5 a 14 anos,2006-09-01,1,0,1,0,1
INCAHUASI,consulta externa,repetidas en personas de 5 a 14 anos,2006-09-01,12,29,12,29,41
INGAVI (HUMAITA),consulta externa,repetidas en personas de 5 a 14 anos,2006-09-01,2,0,2,0,2
INQUISIVI,consulta externa,repetidas en personas de 5 a 14 anos,2006-09-01,3,0,3,0,3
IRUPANA (VILLA DE LANZA),consulta externa,repetidas en personas de 5 a 14 anos,2006-09-01,3,3,3,3,6
IXIAMAS,consulta externa,repetidas en personas de 5 a 14 anos,2006-09-01,3,1,3,1,4
JESUS DE MACHACA,consulta externa,repetidas en personas de 5 a 14 anos,2006-09-01,4,2,4,2,6
LA ASUNTA,consulta externa,repetidas en personas de 5 a 14 anos,2006-09-01,0,1,0,1,1
LA GUARDIA,consulta externa,repetidas en personas de 5 a 14 anos,2006-09-01,13,22,13,22,35
LA PAZ,consulta externa,repetidas en personas de 5 a 14 anos,2006-09-01,2641,2542,2641,2542,5183
LAGUNILLAS,consulta externa,repetidas en personas de 5 a 14 anos,2006-09-01,0,1,0,1,1
LAJA,consulta externa,repetidas en personas de 5 a 14 anos,2006-09-01,2,4,2,4,6
LAS CARRERAS,consulta externa,repetidas en personas de 5 a 14 anos,2006-09-01,0,2,0,2,2
LICOMA PAMPA,consulta externa,repetidas en personas de 5 a 14 anos,2006-09-01,1,0,1,0,1
LLALLAGUA,consulta externa,repetidas en personas de 5 a 14 anos,2006-09-01,73,66,73,66,139
LLICA,consulta externa,repetidas en personas de 5 a 14 anos,2006-09-01,3,2,3,2,5
LORETO,consulta externa,repetidas en personas de 5 a 14 anos,2006-09-01,9,20,9,20,29
LURIBAY,consulta externa,repetidas en personas de 5 a 14 anos,2006-09-01,1,1,1,1,2
MACHARETI,consulta externa,repetidas en personas de 5 a 14 anos,2006-09-01,3,2,3,2,5
MAGDALENA,consulta externa,repetidas en personas de 5 a 14 anos,2006-09-01,4,5,4,5,9
MAIRANA,consulta externa,repetidas en personas de 5 a 14 anos,2006-09-01,2,0,2,0,2
MALLA,consulta externa,repetidas en personas de 5 a 14 anos,2006-09-01,1,0,1,0,1
MAPIRI,consulta externa,repetidas en personas de 5 a 14 anos,2006-09-01,2,1,2,1,3
MECAPACA,consulta externa,repetidas en personas de 5 a 14 anos,2006-09-01,4,7,4,7,11
MINEROS,consulta externa,repetidas en personas de 5 a 14 anos,2006-09-01,3,11,3,11,14
MIZQUE,consulta externa,repetidas en personas de 5 a 14 anos,2006-09-01,2,8,2,8,10
MOCOMOCO,consulta externa,repetidas en personas de 5 a 14 anos,2006-09-01,0,2,0,2,2
MOJOCOYA,consulta externa,repetidas en personas de 5 a 14 anos,2006-09-01,5,1,5,1,6
MONTEAGUDO,consulta externa,repetidas en personas de 5 a 14 anos,2006-09-01,45,53,45,53,98
MONTERO,consulta externa,repetidas en personas de 5 a 14 anos,2006-09-01,188,147,188,147,335
MORO MORO,consulta externa,repetidas en personas de 5 a 14 anos,2006-09-01,1,0,1,0,1
MOROCHATA,consulta externa,repetidas en personas de 5 a 14 anos,2006-09-01,15,13,15,13,28
OKINAWA,consulta externa,repetidas en personas de 5 a 14 anos,2006-09-01,3,5,3,5,8
ORURO,consulta externa,repetidas en personas de 5 a 14 anos,2006-09-01,429,405,429,405,834
PADCAYA,consulta externa,repetidas en personas de 5 a 14 anos,2006-09-01,5,5,5,5,10
PADILLA,consulta externa,repetidas en personas de 5 a 14 anos,2006-09-01,3,2,3,2,5
PAILON,consulta externa,repetidas en personas de 5 a 14 anos,2006-09-01,0,1,0,1,1
PALCA,consulta externa,repetidas en personas de 5 a 14 anos,2006-09-01,5,5,5,5,10
PALOS BLANCOS,consulta externa,repetidas en personas de 5 a 14 anos,2006-09-01,7,12,7,12,19
PAMPA GRANDE,consulta externa,repetidas en personas de 5 a 14 anos,2006-09-01,1,0,1,0,1
PAPEL PAMPA,consulta externa,repetidas en personas de 5 a 14 anos,2006-09-01,1,0,1,0,1
PASORAPA,consulta externa,repetidas en personas de 5 a 14 anos,2006-09-01,0,1,0,1,1
PELECHUCO,consulta externa,repetidas en personas de 5 a 14 anos,2006-09-01,0,1,0,1,1
POCOATA,consulta externa,repetidas en personas de 5 a 14 anos,2006-09-01,0,1,0,1,1
POCONA,consulta externa,repetidas en personas de 5 a 14 anos,2006-09-01,2,1,2,1,3
POOPO,consulta externa,repetidas en personas de 5 a 14 anos,2006-09-01,1,1,1,1,2
PORCO,consulta externa,repetidas en personas de 5 a 14 anos,2006-09-01,3,1,3,1,4
POROMA,consulta externa,repetidas en personas de 5 a 14 anos,2006-09-01,2,0,2,0,2
PORONGO,consulta externa,repetidas en personas de 5 a 14 anos,2006-09-01,2,4,2,4,6
PORTACHUELO,consulta externa,repetidas en personas de 5 a 14 anos,2006-09-01,8,13,8,13,21
POTOSI,consulta externa,repetidas en personas de 5 a 14 anos,2006-09-01,255,207,255,207,462
PUCARA,consulta externa,repetidas en personas de 5 a 14 anos,2006-09-01,0,1,0,1,1
PUCARANI,consulta externa,repetidas en personas de 5 a 14 anos,2006-09-01,9,3,9,3,12
PUERTO ACOSTA,consulta externa,repetidas en personas de 5 a 14 anos,2006-09-01,12,310,12,310,322
PUERTO CARABUCO,consulta externa,repetidas en personas de 5 a 14 anos,2006-09-01,9,6,9,6,15
PUERTO GONZALO MORENO,consulta externa,repetidas en personas de 5 a 14 anos,2006-09-01,5,2,5,2,7
PUERTO QUIJARRO,consulta externa,repetidas en personas de 5 a 14 anos,2006-09-01,22,12,22,12,34
PUERTO RICO,consulta externa,repetidas en personas de 5 a 14 anos,2006-09-01,0,1,0,1,1
PUERTO SUAREZ,consulta externa,repetidas en personas de 5 a 14 anos,2006-09-01,25,49,25,49,74
PUERTO VILLARROEL,consulta externa,repetidas en personas de 5 a 14 anos,2006-09-01,30,60,30,60,90
PUNA,consulta externa,repetidas en personas de 5 a 14 anos,2006-09-01,4,0,4,0,4
PUNATA,consulta externa,repetidas en personas de 5 a 14 anos,2006-09-01,21,34,21,34,55
QUIABAYA,consulta externa,repetidas en personas de 5 a 14 anos,2006-09-01,0,1,0,1,1
QUILLACOLLO,consulta externa,repetidas en personas de 5 a 14 anos,2006-09-01,29,17,29,17,46
QUIME,consulta externa,repetidas en personas de 5 a 14 anos,2006-09-01,5,3,5,3,8
QUIRUSILLAS,consulta externa,repetidas en personas de 5 a 14 anos,2006-09-01,0,1,0,1,1
REYES,consulta externa,repetidas en personas de 5 a 14 anos,2006-09-01,6,8,6,8,14
RIBERALTA,consulta externa,repetidas en personas de 5 a 14 anos,2006-09-01,24,25,24,25,49
ROBORE,consulta externa,repetidas en personas de 5 a 14 anos,2006-09-01,7,11,7,11,18
RURRENABAQUE,consulta externa,repetidas en personas de 5 a 14 anos,2006-09-01,10,14,10,14,24
SABAYA,consulta externa,repetidas en personas de 5 a 14 anos,2006-09-01,1,0,1,0,1
SACABA,consulta externa,repetidas en personas de 5 a 14 anos,2006-09-01,52,66,52,66,118
SACABAMBA,consulta externa,repetidas en personas de 5 a 14 anos,2006-09-01,1,1,1,1,2
SACACA,consulta externa,repetidas en personas de 5 a 14 anos,2006-09-01,2,1,2,1,3
SAIPINA,consulta externa,repetidas en personas de 5 a 14 anos,2006-09-01,1,1,1,1,2
SALINAS DE GARCI MENDOZA,consulta externa,repetidas en personas de 5 a 14 anos,2006-09-01,1,4,1,4,5
SAN ANDRES,consulta externa,repetidas en personas de 5 a 14 anos,2006-09-01,2,4,2,4,6
SAN ANDRES DE MACHACA,consulta externa,repetidas en personas de 5 a 14 anos,2006-09-01,0,1,0,1,1
SAN ANTONIO DE LOMERIO,consulta externa,repetidas en personas de 5 a 14 anos,2006-09-01,3,0,3,0,3
SAN BENITO,consulta externa,repetidas en personas de 5 a 14 anos,2006-09-01,7,7,7,7,14
SAN BORJA,consulta externa,repetidas en personas de 5 a 14 anos,2006-09-01,12,17,12,17,29
SAN BUENA VENTURA,consulta externa,repetidas en personas de 5 a 14 anos,2006-09-01,1,2,1,2,3
SAN CARLOS,consulta externa,repetidas en personas de 5 a 14 anos,2006-09-01,1,3,1,3,4
SAN IGNACIO,consulta externa,repetidas en personas de 5 a 14 anos,2006-09-01,10,16,10,16,26
SAN IGNACIO DE VELASCO,consulta externa,repetidas en personas de 5 a 14 anos,2006-09-01,29,42,29,42,71
SAN JAVIER(STC),consulta externa,repetidas en personas de 5 a 14 anos,2006-09-01,4,3,4,3,7
SAN JOAQUIN,consulta externa,repetidas en personas de 5 a 14 anos,2006-09-01,22,19,22,19,41
SAN JOSE DE CHIQUITOS,consulta externa,repetidas en personas de 5 a 14 anos,2006-09-01,0,1,0,1,1
SAN JUAN DE YAPACANI,consulta externa,repetidas en personas de 5 a 14 anos,2006-09-01,6,16,6,16,22
SAN JULIAN,consulta externa,repetidas en personas de 5 a 14 anos,2006-09-01,35,36,35,36,71
SAN LORENZO(TJA),consulta externa,repetidas en personas de 5 a 14 anos,2006-09-01,5,5,5,5,10
SAN LUCAS,consulta externa,repetidas en personas de 5 a 14 anos,2006-09-01,31,5,31,5,36
SAN MATIAS,consulta externa,repetidas en personas de 5 a 14 anos,2006-09-01,2,0,2,0,2
SAN MIGUEL DE VELASCO,consulta externa,repetidas en personas de 5 a 14 anos,2006-09-01,15,17,15,17,32
SAN PABLO DE LIPEZ,consulta externa,repetidas en personas de 5 a 14 anos,2006-09-01,0,2,0,2,2
SAN PEDRO,consulta externa,repetidas en personas de 5 a 14 anos,2006-09-01,11,12,11,12,23
SAN PEDRO DE CURAHUARA,consulta externa,repetidas en personas de 5 a 14 anos,2006-09-01,3,0,3,0,3
SAN RAFAEL,consulta externa,repetidas en personas de 5 a 14 anos,2006-09-01,0,5,0,5,5
SAN RAMON,consulta externa,repetidas en personas de 5 a 14 anos,2006-09-01,4,6,4,6,10
SAN RAMON,consulta externa,repetidas en personas de 5 a 14 anos,2006-09-01,1,2,1,2,3
SANTA ANA,consulta externa,repetidas en personas de 5 a 14 anos,2006-09-01,28,30,28,30,58
SANTA CRUZ DE LA SIERRA,consulta externa,repetidas en personas de 5 a 14 anos,2006-09-01,2049,3264,2049,3264,5313
SANTA ROSA,consulta externa,repetidas en personas de 5 a 14 anos,2006-09-01,0,1,0,1,1
SANTA ROSA DEL SARA,consulta externa,repetidas en personas de 5 a 14 anos,2006-09-01,0,2,0,2,2
SANTIAGO DE HUARI,consulta externa,repetidas en personas de 5 a 14 anos,2006-09-01,1,2,1,2,3
SANTIVAÑES,consulta externa,repetidas en personas de 5 a 14 anos,2006-09-01,1,0,1,0,1
SAPAHAQUI,consulta externa,repetidas en personas de 5 a 14 anos,2006-09-01,1,3,1,3,4
SICA SICA (VILLA AROMA),consulta externa,repetidas en personas de 5 a 14 anos,2006-09-01,0,1,0,1,1
SIPE SIPE,consulta externa,repetidas en personas de 5 a 14 anos,2006-09-01,7,5,7,5,12
SOPACHUY,consulta externa,repetidas en personas de 5 a 14 anos,2006-09-01,2,1,2,1,3
SORACACHI,consulta externa,repetidas en personas de 5 a 14 anos,2006-09-01,2,3,2,3,5
SUCRE,consulta externa,repetidas en personas de 5 a 14 anos,2006-09-01,841,790,841,790,1631
TACACHI,consulta externa,repetidas en personas de 5 a 14 anos,2006-09-01,1,0,1,0,1
TACOPAYA,consulta externa,repetidas en personas de 5 a 14 anos,2006-09-01,0,3,0,3,3
TAPACARI,consulta externa,repetidas en personas de 5 a 14 anos,2006-09-01,1,1,1,1,2
TARABUCO,consulta externa,repetidas en personas de 5 a 14 anos,2006-09-01,3,4,3,4,7
TARATA,consulta externa,repetidas en personas de 5 a 14 anos,2006-09-01,4,2,4,2,6
TARIJA,consulta externa,repetidas en personas de 5 a 14 anos,2006-09-01,439,400,439,400,839
TARVITA,consulta externa,repetidas en personas de 5 a 14 anos,2006-09-01,3,10,3,10,13
TEOPONTE,consulta externa,repetidas en personas de 5 a 14 anos,2006-09-01,1,1,1,1,2
TINGUIPAYA,consulta externa,repetidas en personas de 5 a 14 anos,2006-09-01,0,1,0,1,1
TIPUANI,consulta externa,repetidas en personas de 5 a 14 anos,2006-09-01,0,2,0,2,2
TIQUIPAYA,consulta externa,repetidas en personas de 5 a 14 anos,2006-09-01,16,12,16,12,28
TIRAQUE (CBBA),consulta externa,repetidas en personas de 5 a 14 anos,2006-09-01,27,136,27,136,163
TOLEDO,consulta externa,repetidas en personas de 5 a 14 anos,2006-09-01,9,12,9,12,21
TOMAVE,consulta externa,repetidas en personas de 5 a 14 anos,2006-09-01,2,0,2,0,2
TOMINA,consulta externa,repetidas en personas de 5 a 14 anos,2006-09-01,4,2,4,2,6
TOTORA(CBBA),consulta externa,repetidas en personas de 5 a 14 anos,2006-09-01,0,3,0,3,3
TOTORA(ORR),consulta externa,repetidas en personas de 5 a 14 anos,2006-09-01,0,1,0,1,1
TRIGAL,consulta externa,repetidas en personas de 5 a 14 anos,2006-09-01,1,2,1,2,3
TRINIDAD,consulta externa,repetidas en personas de 5 a 14 anos,2006-09-01,116,156,116,156,272
TUPIZA,consulta externa,repetidas en personas de 5 a 14 anos,2006-09-01,80,99,80,99,179
UNCIA,consulta externa,repetidas en personas de 5 a 14 anos,2006-09-01,19,18,19,18,37
URIONDO (A. CONCEPCION),consulta externa,repetidas en personas de 5 a 14 anos,2006-09-01,91,100,91,100,191
UYUNI,consulta externa,repetidas en personas de 5 a 14 anos,2006-09-01,6,2,6,2,8
VACAS,consulta externa,repetidas en personas de 5 a 14 anos,2006-09-01,9,8,9,8,17
VALLEGRANDE,consulta externa,repetidas en personas de 5 a 14 anos,2006-09-01,8,20,8,20,28
VIACHA,consulta externa,repetidas en personas de 5 a 14 anos,2006-09-01,44,46,44,46,90
VILLA MONTES,consulta externa,repetidas en personas de 5 a 14 anos,2006-09-01,28,41,28,41,69
VILLA RIVERO,consulta externa,repetidas en personas de 5 a 14 anos,2006-09-01,7,7,7,7,14
VILLA SERRANO,consulta externa,repetidas en personas de 5 a 14 anos,2006-09-01,0,1,0,1,1
VILLA TUNARI,consulta externa,repetidas en personas de 5 a 14 anos,2006-09-01,11,13,11,13,24
VILLA VACA GUZMAN (MUYUPAMPA),consulta externa,repetidas en personas de 5 a 14 anos,2006-09-01,1,5,1,5,6
VILLAZON,consulta externa,repetidas en personas de 5 a 14 anos,2006-09-01,29,17,29,17,46
VINTO,consulta externa,repetidas en personas de 5 a 14 anos,2006-09-01,11,8,11,8,19
VITICHI,consulta externa,repetidas en personas de 5 a 14 anos,2006-09-01,3,2,3,2,5
WALDO BALLIVIAN,consulta externa,repetidas en personas de 5 a 14 anos,2006-09-01,2,1,2,1,3
WARNES,consulta externa,repetidas en personas de 5 a 14 anos,2006-09-01,17,8,17,8,25
YACO,consulta externa,repetidas en personas de 5 a 14 anos,2006-09-01,0,1,0,1,1
YACUIBA,consulta externa,repetidas en personas de 5 a 14 anos,2006-09-01,99,110,99,110,209
YAMPARAEZ,consulta externa,repetidas en personas de 5 a 14 anos,2006-09-01,2,1,2,1,3
YAPACANI,consulta externa,repetidas en personas de 5 a 14 anos,2006-09-01,10,8,10,8,18
YOCALLA,consulta externa,repetidas en personas de 5 a 14 anos,2006-09-01,3,0,3,0,3
YOTALA,consulta externa,repetidas en personas de 5 a 14 anos,2006-09-01,6,1,6,1,7
YUNCHARA,consulta externa,repetidas en personas de 5 a 14 anos,2006-09-01,6,15,6,15,21
ACACIO,consulta externa,repetidas en personas de 5 a 14 anos,2006-10-01,0,3,0,3,3
ACHACACHI,consulta externa,repetidas en personas de 5 a 14 anos,2006-10-01,6,11,6,11,17
ACHOCALLA,consulta externa,repetidas en personas de 5 a 14 anos,2006-10-01,1,0,1,0,1
AIQUILE,consulta externa,repetidas en personas de 5 a 14 anos,2006-10-01,11,10,11,10,21
ALCALA,consulta externa,repetidas en personas de 5 a 14 anos,2006-10-01,0,2,0,2,2
ANCORAIMES,consulta externa,repetidas en personas de 5 a 14 anos,2006-10-01,3,3,3,3,6
ANDAMARCA,consulta externa,repetidas en personas de 5 a 14 anos,2006-10-01,1,0,1,0,1
ANTEQUERA,consulta externa,repetidas en personas de 5 a 14 anos,2006-10-01,0,2,0,2,2
ANZALDO,consulta externa,repetidas en personas de 5 a 14 anos,2006-10-01,1,4,1,4,5
APOLO,consulta externa,repetidas en personas de 5 a 14 anos,2006-10-01,1,2,1,2,3
ARANI,consulta externa,repetidas en personas de 5 a 14 anos,2006-10-01,1,1,1,1,2
ARQUE,consulta externa,repetidas en personas de 5 a 14 anos,2006-10-01,2,9,2,9,11
ASCENCION DE GUARAYOS,consulta externa,repetidas en personas de 5 a 14 anos,2006-10-01,11,10,11,10,21
ATOCHA,consulta externa,repetidas en personas de 5 a 14 anos,2006-10-01,35,30,35,30,65
AUCAPATA,consulta externa,repetidas en personas de 5 a 14 anos,2006-10-01,7,4,7,4,11
AYATA,consulta externa,repetidas en personas de 5 a 14 anos,2006-10-01,1,2,1,2,3
AYO AYO,consulta externa,repetidas en personas de 5 a 14 anos,2006-10-01,0,1,0,1,1
AYOPAYA (V. DE INDEPENDENCIA),consulta externa,repetidas en personas de 5 a 14 anos,2006-10-01,5,1,5,1,6
BATALLAS,consulta externa,repetidas en personas de 5 a 14 anos,2006-10-01,0,2,0,2,2
BAURES,consulta externa,repetidas en personas de 5 a 14 anos,2006-10-01,2,3,2,3,5
BELEN DE ANDAMARCA,consulta externa,repetidas en personas de 5 a 14 anos,2006-10-01,0,2,0,2,2
BELEN DE URMIRI,consulta externa,repetidas en personas de 5 a 14 anos,2006-10-01,1,0,1,0,1
BELLA FLOR,consulta externa,repetidas en personas de 5 a 14 anos,2006-10-01,6,5,6,5,11
BERMEJO,consulta externa,repetidas en personas de 5 a 14 anos,2006-10-01,32,18,32,18,50
BETANZOS,consulta externa,repetidas en personas de 5 a 14 anos,2006-10-01,4,4,4,4,8
BOLPEBRA,consulta externa,repetidas en personas de 5 a 14 anos,2006-10-01,0,1,0,1,1
BOYUIBE,consulta externa,repetidas en personas de 5 a 14 anos,2006-10-01,1,3,1,3,4
BUENA VISTA,consulta externa,repetidas en personas de 5 a 14 anos,2006-10-01,13,4,13,4,17
CABEZAS,consulta externa,repetidas en personas de 5 a 14 anos,2006-10-01,22,23,22,23,45
CAIROMA,consulta externa,repetidas en personas de 5 a 14 anos,2006-10-01,11,27,11,27,38
"CAIZA ""D""",consulta externa,repetidas en personas de 5 a 14 anos,2006-10-01,0,2,0,2,2
CAJUATA,consulta externa,repetidas en personas de 5 a 14 anos,2006-10-01,0,1,0,1,1
CALACOTO,consulta externa,repetidas en personas de 5 a 14 anos,2006-10-01,0,2,0,2,2
CALAMARCA,consulta externa,repetidas en personas de 5 a 14 anos,2006-10-01,2,1,2,1,3
CAMARGO,consulta externa,repetidas en personas de 5 a 14 anos,2006-10-01,5,1,5,1,6
CAMATAQUI (C. VILLA ABECIA),consulta externa,repetidas en personas de 5 a 14 anos,2006-10-01,1,2,1,2,3
CAMIRI,consulta externa,repetidas en personas de 5 a 14 anos,2006-10-01,58,71,58,71,129
CAPINOTA,consulta externa,repetidas en personas de 5 a 14 anos,2006-10-01,11,10,11,10,21
CAQUIAVIRI,consulta externa,repetidas en personas de 5 a 14 anos,2006-10-01,2,0,2,0,2
CARACOLLO,consulta externa,repetidas en personas de 5 a 14 anos,2006-10-01,1,7,1,7,8
CARANAVI,consulta externa,repetidas en personas de 5 a 14 anos,2006-10-01,12,13,12,13,25
CARAPARI,consulta externa,repetidas en personas de 5 a 14 anos,2006-10-01,2,0,2,0,2
CHALLAPATA,consulta externa,repetidas en personas de 5 a 14 anos,2006-10-01,15,6,15,6,21
CHAQUI,consulta externa,repetidas en personas de 5 a 14 anos,2006-10-01,0,3,0,3,3
CHARAGUA,consulta externa,repetidas en personas de 5 a 14 anos,2006-10-01,4,5,4,5,9
CHARAÑA,consulta externa,repetidas en personas de 5 a 14 anos,2006-10-01,0,1,0,1,1
CHAYANTA,consulta externa,repetidas en personas de 5 a 14 anos,2006-10-01,0,1,0,1,1
CHIMORE,consulta externa,repetidas en personas de 5 a 14 anos,2006-10-01,1,2,1,2,3
CHOQUE COTA,consulta externa,repetidas en personas de 5 a 14 anos,2006-10-01,0,2,0,2,2
CHULUMANI (V. DE LA LIBERTAD),consulta externa,repetidas en personas de 5 a 14 anos,2006-10-01,6,3,6,3,9
CLIZA,consulta externa,repetidas en personas de 5 a 14 anos,2006-10-01,26,20,26,20,46
COBIJA,consulta externa,repetidas en personas de 5 a 14 anos,2006-10-01,3,7,3,7,10
COCHABAMBA,consulta externa,repetidas en personas de 5 a 14 anos,2006-10-01,2488,2113,2488,2113,4601
COLCAPIRHUA,consulta externa,repetidas en personas de 5 a 14 anos,2006-10-01,42,35,42,35,77
"COLCHA ""K""",consulta externa,repetidas en personas de 5 a 14 anos,2006-10-01,0,2,0,2,2
COLOMI,consulta externa,repetidas en personas de 5 a 14 anos,2006-10-01,3,1,3,1,4
COLPA BELGICA,consulta externa,repetidas en personas de 5 a 14 anos,2006-10-01,20,22,20,22,42
COLQUECHACA,consulta externa,repetidas en personas de 5 a 14 anos,2006-10-01,3,3,3,3,6
COLQUENCHA,consulta externa,repetidas en personas de 5 a 14 anos,2006-10-01,1,0,1,0,1
COLQUIRI,consulta externa,repetidas en personas de 5 a 14 anos,2006-10-01,13,7,13,7,20
COMANCHE,consulta externa,repetidas en personas de 5 a 14 anos,2006-10-01,0,5,0,5,5
COMARAPA,consulta externa,repetidas en personas de 5 a 14 anos,2006-10-01,0,4,0,4,4
CONCEPCION,consulta externa,repetidas en personas de 5 a 14 anos,2006-10-01,0,2,0,2,2
COPACABANA,consulta externa,repetidas en personas de 5 a 14 anos,2006-10-01,0,1,0,1,1
CORIPATA,consulta externa,repetidas en personas de 5 a 14 anos,2006-10-01,0,1,0,1,1
CORO CORO,consulta externa,repetidas en personas de 5 a 14 anos,2006-10-01,0,1,0,1,1
COROICO,consulta externa,repetidas en personas de 5 a 14 anos,2006-10-01,14,13,14,13,27
CORQUE,consulta externa,repetidas en personas de 5 a 14 anos,2006-10-01,11,9,11,9,20
COTAGAITA,consulta externa,repetidas en personas de 5 a 14 anos,2006-10-01,13,10,13,10,23
COTOCA,consulta externa,repetidas en personas de 5 a 14 anos,2006-10-01,12,43,12,43,55
CUATRO CAÑADAS,consulta externa,repetidas en personas de 5 a 14 anos,2006-10-01,6,18,6,18,24
CUCHUMUELA (V. G. VILLARROEL),consulta externa,repetidas en personas de 5 a 14 anos,2006-10-01,7,8,7,8,15
CUEVO,consulta externa,repetidas en personas de 5 a 14 anos,2006-10-01,0,3,0,3,3
CURAHUARA DE CARANGAS,consulta externa,repetidas en personas de 5 a 14 anos,2006-10-01,6,6,6,6,12
DESAGUADERO,consulta externa,repetidas en personas de 5 a 14 anos,2006-10-01,1,2,1,2,3
EL ALTO,consulta externa,repetidas en personas de 5 a 14 anos,2006-10-01,1846,2033,1846,2033,3879
EL CHORO,consulta externa,repetidas en personas de 5 a 14 anos,2006-10-01,0,2,0,2,2
EL PUENTE(STC),consulta externa,repetidas en personas de 5 a 14 anos,2006-10-01,0,1,0,1,1
EL PUENTE(TJA),consulta externa,repetidas en personas de 5 a 14 anos,2006-10-01,0,4,0,4,4
EL TORNO,consulta externa,repetidas en personas de 5 a 14 anos,2006-10-01,41,40,41,40,81
EL VILLAR,consulta externa,repetidas en personas de 5 a 14 anos,2006-10-01,1,0,1,0,1
ENTRE RIOS,consulta externa,repetidas en personas de 5 a 14 anos,2006-10-01,9,8,9,8,17
ENTRE RIOS,consulta externa,repetidas en personas de 5 a 14 anos,2006-10-01,5,3,5,3,8
EUCALIPTUS,consulta externa,repetidas en personas de 5 a 14 anos,2006-10-01,1,1,1,1,2
EUREKA (SANTOS MERCADO),consulta externa,repetidas en personas de 5 a 14 anos,2006-10-01,1,0,1,0,1
FERNANDEZ ALONSO,consulta externa,repetidas en personas de 5 a 14 anos,2006-10-01,2,5,2,5,7
FILADELFIA,consulta externa,repetidas en personas de 5 a 14 anos,2006-10-01,1,0,1,0,1
GENERAL SAAVEDRA,consulta externa,repetidas en personas de 5 a 14 anos,2006-10-01,6,21,6,21,27
GRAL. J.J. PEREZ (CHARAZANI),consulta externa,repetidas en personas de 5 a 14 anos,2006-10-01,2,0,2,0,2
GUAQUI,consulta externa,repetidas en personas de 5 a 14 anos,2006-10-01,2,1,2,1,3
GUAYARAMERIN,consulta externa,repetidas en personas de 5 a 14 anos,2006-10-01,68,75,68,75,143
GUTIERREZ,consulta externa,repetidas en personas de 5 a 14 anos,2006-10-01,2,7,2,7,9
HUACARETA,consulta externa,repetidas en personas de 5 a 14 anos,2006-10-01,6,8,6,8,14
HUACHACALLA,consulta externa,repetidas en personas de 5 a 14 anos,2006-10-01,2,2,2,2,4
HUANUNI,consulta externa,repetidas en personas de 5 a 14 anos,2006-10-01,3,1,3,1,4
ICHOCA,consulta externa,repetidas en personas de 5 a 14 anos,2006-10-01,1,0,1,0,1
ICLA,consulta externa,repetidas en personas de 5 a 14 anos,2006-10-01,1,3,1,3,4
INGAVI (HUMAITA),consulta externa,repetidas en personas de 5 a 14 anos,2006-10-01,7,4,7,4,11
INQUISIVI,consulta externa,repetidas en personas de 5 a 14 anos,2006-10-01,4,19,4,19,23
IRUPANA (VILLA DE LANZA),consulta externa,repetidas en personas de 5 a 14 anos,2006-10-01,3,5,3,5,8
IXIAMAS,consulta externa,repetidas en personas de 5 a 14 anos,2006-10-01,7,2,7,2,9
JESUS DE MACHACA,consulta externa,repetidas en personas de 5 a 14 anos,2006-10-01,3,2,3,2,5
LA ASUNTA,consulta externa,repetidas en personas de 5 a 14 anos,2006-10-01,1,1,1,1,2
LA GUARDIA,consulta externa,repetidas en personas de 5 a 14 anos,2006-10-01,9,6,9,6,15
LA PAZ,consulta externa,repetidas en personas de 5 a 14 anos,2006-10-01,2476,2601,2476,2601,5077
LAGUNILLAS,consulta externa,repetidas en personas de 5 a 14 anos,2006-10-01,0,1,0,1,1
LAJA,consulta externa,repetidas en personas de 5 a 14 anos,2006-10-01,7,1,7,1,8
LAS CARRERAS,consulta externa,repetidas en personas de 5 a 14 anos,2006-10-01,1,4,1,4,5
LLALLAGUA,consulta externa,repetidas en personas de 5 a 14 anos,2006-10-01,15,16,15,16,31
LLICA,consulta externa,repetidas en personas de 5 a 14 anos,2006-10-01,3,0,3,0,3
LORETO,consulta externa,repetidas en personas de 5 a 14 anos,2006-10-01,4,4,4,4,8
LURIBAY,consulta externa,repetidas en personas de 5 a 14 anos,2006-10-01,3,5,3,5,8
MACHARETI,consulta externa,repetidas en personas de 5 a 14 anos,2006-10-01,0,2,0,2,2
MAGDALENA,consulta externa,repetidas en personas de 5 a 14 anos,2006-10-01,10,17,10,17,27
MALLA,consulta externa,repetidas en personas de 5 a 14 anos,2006-10-01,1,5,1,5,6
MAPIRI,consulta externa,repetidas en personas de 5 a 14 anos,2006-10-01,4,7,4,7,11
MECAPACA,consulta externa,repetidas en personas de 5 a 14 anos,2006-10-01,5,7,5,7,12
MINEROS,consulta externa,repetidas en personas de 5 a 14 anos,2006-10-01,1,2,1,2,3
MIZQUE,consulta externa,repetidas en personas de 5 a 14 anos,2006-10-01,1,2,1,2,3
MOCOMOCO,consulta externa,repetidas en personas de 5 a 14 anos,2006-10-01,1,2,1,2,3
MOJOCOYA,consulta externa,repetidas en personas de 5 a 14 anos,2006-10-01,3,2,3,2,5
MONTEAGUDO,consulta externa,repetidas en personas de 5 a 14 anos,2006-10-01,41,52,41,52,93
MONTERO,consulta externa,repetidas en personas de 5 a 14 anos,2006-10-01,473,400,473,400,873
MORO MORO,consulta externa,repetidas en personas de 5 a 14 anos,2006-10-01,2,0,2,0,2
MOROCHATA,consulta externa,repetidas en personas de 5 a 14 anos,2006-10-01,15,18,15,18,33
NACEBE (SANTA ROSA DEL ABUNA),consulta externa,repetidas en personas de 5 a 14 anos,2006-10-01,7,6,7,6,13
OCURI,consulta externa,repetidas en personas de 5 a 14 anos,2006-10-01,0,1,0,1,1
OKINAWA,consulta externa,repetidas en personas de 5 a 14 anos,2006-10-01,7,8,7,8,15
OMEREQUE,consulta externa,repetidas en personas de 5 a 14 anos,2006-10-01,0,2,0,2,2
ORURO,consulta externa,repetidas en personas de 5 a 14 anos,2006-10-01,524,516,524,516,1040
PADCAYA,consulta externa,repetidas en personas de 5 a 14 anos,2006-10-01,18,25,18,25,43
PADILLA,consulta externa,repetidas en personas de 5 a 14 anos,2006-10-01,1,1,1,1,2
PAILON,consulta externa,repetidas en personas de 5 a 14 anos,2006-10-01,2,1,2,1,3
PALCA,consulta externa,repetidas en personas de 5 a 14 anos,2006-10-01,7,2,7,2,9
PALOS BLANCOS,consulta externa,repetidas en personas de 5 a 14 anos,2006-10-01,30,8,30,8,38
PAMPA GRANDE,consulta externa,repetidas en personas de 5 a 14 anos,2006-10-01,4,2,4,2,6
PAPEL PAMPA,consulta externa,repetidas en personas de 5 a 14 anos,2006-10-01,1,3,1,3,4
PASORAPA,consulta externa,repetidas en personas de 5 a 14 anos,2006-10-01,1,1,1,1,2
PATACAMAYA,consulta externa,repetidas en personas de 5 a 14 anos,2006-10-01,2,1,2,1,3
PELECHUCO,consulta externa,repetidas en personas de 5 a 14 anos,2006-10-01,1,0,1,0,1
POCOATA,consulta externa,repetidas en personas de 5 a 14 anos,2006-10-01,1,0,1,0,1
POCONA,consulta externa,repetidas en personas de 5 a 14 anos,2006-10-01,2,0,2,0,2
POJO (CBBA),consulta externa,repetidas en personas de 5 a 14 anos,2006-10-01,0,1,0,1,1
POOPO,consulta externa,repetidas en personas de 5 a 14 anos,2006-10-01,7,2,7,2,9
PORCO,consulta externa,repetidas en personas de 5 a 14 anos,2006-10-01,0,1,0,1,1
PORONGO,consulta externa,repetidas en personas de 5 a 14 anos,2006-10-01,2,0,2,0,2
PORTACHUELO,consulta externa,repetidas en personas de 5 a 14 anos,2006-10-01,14,12,14,12,26
POTOSI,consulta externa,repetidas en personas de 5 a 14 anos,2006-10-01,921,545,921,545,1466
PUCARANI,consulta externa,repetidas en personas de 5 a 14 anos,2006-10-01,2,4,2,4,6
PUERTO ACOSTA,consulta externa,repetidas en personas de 5 a 14 anos,2006-10-01,3,0,3,0,3
PUERTO CARABUCO,consulta externa,repetidas en personas de 5 a 14 anos,2006-10-01,48,10,48,10,58
PUERTO GONZALO MORENO,consulta externa,repetidas en personas de 5 a 14 anos,2006-10-01,1,1,1,1,2
PUERTO PEREZ,consulta externa,repetidas en personas de 5 a 14 anos,2006-10-01,1,0,1,0,1
PUERTO QUIJARRO,consulta externa,repetidas en personas de 5 a 14 anos,2006-10-01,14,11,14,11,25
PUERTO RICO,consulta externa,repetidas en personas de 5 a 14 anos,2006-10-01,4,1,4,1,5
PUERTO SUAREZ,consulta externa,repetidas en personas de 5 a 14 anos,2006-10-01,7,13,7,13,20
PUERTO VILLARROEL,consulta externa,repetidas en personas de 5 a 14 anos,2006-10-01,28,30,28,30,58
PUNA,consulta externa,repetidas en personas de 5 a 14 anos,2006-10-01,0,1,0,1,1
PUNATA,consulta externa,repetidas en personas de 5 a 14 anos,2006-10-01,36,42,36,42,78
QUIABAYA,consulta externa,repetidas en personas de 5 a 14 anos,2006-10-01,1,1,1,1,2
QUILLACOLLO,consulta externa,repetidas en personas de 5 a 14 anos,2006-10-01,38,25,38,25,63
QUIME,consulta externa,repetidas en personas de 5 a 14 anos,2006-10-01,3,2,3,2,5
REYES,consulta externa,repetidas en personas de 5 a 14 anos,2006-10-01,9,9,9,9,18
RIBERALTA,consulta externa,repetidas en personas de 5 a 14 anos,2006-10-01,27,40,27,40,67
ROBORE,consulta externa,repetidas en personas de 5 a 14 anos,2006-10-01,19,17,19,17,36
RURRENABAQUE,consulta externa,repetidas en personas de 5 a 14 anos,2006-10-01,9,8,9,8,17
SABAYA,consulta externa,repetidas en personas de 5 a 14 anos,2006-10-01,1,2,1,2,3
SACABA,consulta externa,repetidas en personas de 5 a 14 anos,2006-10-01,63,53,63,53,116
SACABAMBA,consulta externa,repetidas en personas de 5 a 14 anos,2006-10-01,4,3,4,3,7
SACACA,consulta externa,repetidas en personas de 5 a 14 anos,2006-10-01,0,1,0,1,1
SAIPINA,consulta externa,repetidas en personas de 5 a 14 anos,2006-10-01,12,29,12,29,41
SALINAS DE GARCI MENDOZA,consulta externa,repetidas en personas de 5 a 14 anos,2006-10-01,1,0,1,0,1
SAN AGUSTIN,consulta externa,repetidas en personas de 5 a 14 anos,2006-10-01,0,2,0,2,2
SAN ANDRES,consulta externa,repetidas en personas de 5 a 14 anos,2006-10-01,2,6,2,6,8
SAN ANTONIO DE ESMORUCO,consulta externa,repetidas en personas de 5 a 14 anos,2006-10-01,5,18,5,18,23
SAN ANTONIO DE LOMERIO,consulta externa,repetidas en personas de 5 a 14 anos,2006-10-01,1,1,1,1,2
SAN BENITO,consulta externa,repetidas en personas de 5 a 14 anos,2006-10-01,48,32,48,32,80
SAN BORJA,consulta externa,repetidas en personas de 5 a 14 anos,2006-10-01,15,13,15,13,28
SAN BUENA VENTURA,consulta externa,repetidas en personas de 5 a 14 anos,2006-10-01,4,2,4,2,6
SAN CARLOS,consulta externa,repetidas en personas de 5 a 14 anos,2006-10-01,9,2,9,2,11
SAN IGNACIO,consulta externa,repetidas en personas de 5 a 14 anos,2006-10-01,12,12,12,12,24
SAN IGNACIO DE VELASCO,consulta externa,repetidas en personas de 5 a 14 anos,2006-10-01,34,38,34,38,72
SAN JAVIER(BNI),consulta externa,repetidas en personas de 5 a 14 anos,2006-10-01,1,2,1,2,3
SAN JAVIER(STC),consulta externa,repetidas en personas de 5 a 14 anos,2006-10-01,13,2,13,2,15
SAN JOAQUIN,consulta externa,repetidas en personas de 5 a 14 anos,2006-10-01,3,3,3,3,6
SAN JOSE DE CHIQUITOS,consulta externa,repetidas en personas de 5 a 14 anos,2006-10-01,1,3,1,3,4
SAN JUAN DE YAPACANI,consulta externa,repetidas en personas de 5 a 14 anos,2006-10-01,10,5,10,5,15
SAN JULIAN,consulta externa,repetidas en personas de 5 a 14 anos,2006-10-01,22,10,22,10,32
SAN LORENZO(PND),consulta externa,repetidas en personas de 5 a 14 anos,2006-10-01,1,0,1,0,1
SAN LORENZO(TJA),consulta externa,repetidas en personas de 5 a 14 anos,2006-10-01,19,24,19,24,43
SAN LUCAS,consulta externa,repetidas en personas de 5 a 14 anos,2006-10-01,7,5,7,5,12
SAN MIGUEL DE VELASCO,consulta externa,repetidas en personas de 5 a 14 anos,2006-10-01,5,5,5,5,10
SAN PABLO DE LIPEZ,consulta externa,repetidas en personas de 5 a 14 anos,2006-10-01,1,0,1,0,1
SAN PEDRO,consulta externa,repetidas en personas de 5 a 14 anos,2006-10-01,18,7,18,7,25
SAN PEDRO DE CURAHUARA,consulta externa,repetidas en personas de 5 a 14 anos,2006-10-01,2,2,2,2,4
SAN RAMON,consulta externa,repetidas en personas de 5 a 14 anos,2006-10-01,2,6,2,6,8
SAN RAMON,consulta externa,repetidas en personas de 5 a 14 anos,2006-10-01,13,11,13,11,24
SANTA ANA,consulta externa,repetidas en personas de 5 a 14 anos,2006-10-01,37,34,37,34,71
SANTA CRUZ DE LA SIERRA,consulta externa,repetidas en personas de 5 a 14 anos,2006-10-01,2246,2686,2246,2686,4932
SANTA ROSA,consulta externa,repetidas en personas de 5 a 14 anos,2006-10-01,0,1,0,1,1
SANTA ROSA DEL SARA,consulta externa,repetidas en personas de 5 a 14 anos,2006-10-01,2,1,2,1,3
SANTIAGO DE CALLAPA,consulta externa,repetidas en personas de 5 a 14 anos,2006-10-01,0,2,0,2,2
SANTIAGO DE HUARI,consulta externa,repetidas en personas de 5 a 14 anos,2006-10-01,1,4,1,4,5
SANTIAGO DE MACHACA,consulta externa,repetidas en personas de 5 a 14 anos,2006-10-01,1,0,1,0,1
SANTIVAÑES,consulta externa,repetidas en personas de 5 a 14 anos,2006-10-01,1,0,1,0,1
SAPAHAQUI,consulta externa,repetidas en personas de 5 a 14 anos,2006-10-01,1,2,1,2,3
SENA,consulta externa,repetidas en personas de 5 a 14 anos,2006-10-01,0,1,0,1,1
SICAYA,consulta externa,repetidas en personas de 5 a 14 anos,2006-10-01,1,0,1,0,1
SIPE SIPE,consulta externa,repetidas en personas de 5 a 14 anos,2006-10-01,6,8,6,8,14
SOPACHUY,consulta externa,repetidas en personas de 5 a 14 anos,2006-10-01,1,0,1,0,1
SORACACHI,consulta externa,repetidas en personas de 5 a 14 anos,2006-10-01,3,1,3,1,4
SORATA,consulta externa,repetidas en personas de 5 a 14 anos,2006-10-01,0,2,0,2,2
SUCRE,consulta externa,repetidas en personas de 5 a 14 anos,2006-10-01,976,1017,976,1017,1993
TACACHI,consulta externa,repetidas en personas de 5 a 14 anos,2006-10-01,1,0,1,0,1
TACOBAMBA,consulta externa,repetidas en personas de 5 a 14 anos,2006-10-01,0,1,0,1,1
TACOPAYA,consulta externa,repetidas en personas de 5 a 14 anos,2006-10-01,0,1,0,1,1
TAHUA,consulta externa,repetidas en personas de 5 a 14 anos,2006-10-01,1,0,1,0,1
TAPACARI,consulta externa,repetidas en personas de 5 a 14 anos,2006-10-01,3,1,3,1,4
TARABUCO,consulta externa,repetidas en personas de 5 a 14 anos,2006-10-01,8,4,8,4,12
TARACO,consulta externa,repetidas en personas de 5 a 14 anos,2006-10-01,1,0,1,0,1
TARATA,consulta externa,repetidas en personas de 5 a 14 anos,2006-10-01,4,4,4,4,8
TARIJA,consulta externa,repetidas en personas de 5 a 14 anos,2006-10-01,349,311,349,311,660
TARVITA,consulta externa,repetidas en personas de 5 a 14 anos,2006-10-01,1,1,1,1,2
TEOPONTE,consulta externa,repetidas en personas de 5 a 14 anos,2006-10-01,0,1,0,1,1
TIAWANACU,consulta externa,repetidas en personas de 5 a 14 anos,2006-10-01,1,1,1,1,2
TINGUIPAYA,consulta externa,repetidas en personas de 5 a 14 anos,2006-10-01,1,1,1,1,2
TIPUANI,consulta externa,repetidas en personas de 5 a 14 anos,2006-10-01,3,3,3,3,6
TIQUIPAYA,consulta externa,repetidas en personas de 5 a 14 anos,2006-10-01,17,14,17,14,31
TIRAQUE (CBBA),consulta externa,repetidas en personas de 5 a 14 anos,2006-10-01,24,18,24,18,42
TITO YUPANQUI (PARQUIPUJIO),consulta externa,repetidas en personas de 5 a 14 anos,2006-10-01,1,0,1,0,1
TOCO,consulta externa,repetidas en personas de 5 a 14 anos,2006-10-01,1,0,1,0,1
TOLATA,consulta externa,repetidas en personas de 5 a 14 anos,2006-10-01,0,1,0,1,1
TOLEDO,consulta externa,repetidas en personas de 5 a 14 anos,2006-10-01,10,6,10,6,16
TOMAVE,consulta externa,repetidas en personas de 5 a 14 anos,2006-10-01,6,0,6,0,6
TOMINA,consulta externa,repetidas en personas de 5 a 14 anos,2006-10-01,3,1,3,1,4
TORO TORO,consulta externa,repetidas en personas de 5 a 14 anos,2006-10-01,0,1,0,1,1
TOTORA(CBBA),consulta externa,repetidas en personas de 5 a 14 anos,2006-10-01,1,0,1,0,1
TOTORA(ORR),consulta externa,repetidas en personas de 5 a 14 anos,2006-10-01,1,1,1,1,2
TRIGAL,consulta externa,repetidas en personas de 5 a 14 anos,2006-10-01,0,2,0,2,2
TRINIDAD,consulta externa,repetidas en personas de 5 a 14 anos,2006-10-01,219,121,219,121,340
TUPIZA,consulta externa,repetidas en personas de 5 a 14 anos,2006-10-01,81,99,81,99,180
UNCIA,consulta externa,repetidas en personas de 5 a 14 anos,2006-10-01,10,20,10,20,30
URIONDO (A. CONCEPCION),consulta externa,repetidas en personas de 5 a 14 anos,2006-10-01,69,82,69,82,151
UYUNI,consulta externa,repetidas en personas de 5 a 14 anos,2006-10-01,4,9,4,9,13
VACAS,consulta externa,repetidas en personas de 5 a 14 anos,2006-10-01,10,7,10,7,17
VALLEGRANDE,consulta externa,repetidas en personas de 5 a 14 anos,2006-10-01,16,12,16,12,28
VIACHA,consulta externa,repetidas en personas de 5 a 14 anos,2006-10-01,41,38,41,38,79
VILLA MONTES,consulta externa,repetidas en personas de 5 a 14 anos,2006-10-01,26,20,26,20,46
VILLA RIVERO,consulta externa,repetidas en personas de 5 a 14 anos,2006-10-01,65,35,65,35,100
VILLA SERRANO,consulta externa,repetidas en personas de 5 a 14 anos,2006-10-01,1,3,1,3,4
VILLA TUNARI,consulta externa,repetidas en personas de 5 a 14 anos,2006-10-01,5,10,5,10,15
VILLA VACA GUZMAN (MUYUPAMPA),consulta externa,repetidas en personas de 5 a 14 anos,2006-10-01,10,5,10,5,15
VILLAZON,consulta externa,repetidas en personas de 5 a 14 anos,2006-10-01,53,38,53,38,91
VINTO,consulta externa,repetidas en personas de 5 a 14 anos,2006-10-01,12,14,12,14,26
VITICHI,consulta externa,repetidas en personas de 5 a 14 anos,2006-10-01,5,2,5,2,7
WALDO BALLIVIAN,consulta externa,repetidas en personas de 5 a 14 anos,2006-10-01,2,4,2,4,6
WARNES,consulta externa,repetidas en personas de 5 a 14 anos,2006-10-01,16,19,16,19,35
YACO,consulta externa,repetidas en personas de 5 a 14 anos,2006-10-01,3,2,3,2,5
YACUIBA,consulta externa,repetidas en personas de 5 a 14 anos,2006-10-01,121,172,121,172,293
YAMPARAEZ,consulta externa,repetidas en personas de 5 a 14 anos,2006-10-01,1,2,1,2,3
YANACACHI,consulta externa,repetidas en personas de 5 a 14 anos,2006-10-01,1,1,1,1,2
YAPACANI,consulta externa,repetidas en personas de 5 a 14 anos,2006-10-01,7,4,7,4,11
YOTALA,consulta externa,repetidas en personas de 5 a 14 anos,2006-10-01,4,3,4,3,7
YUNCHARA,consulta externa,repetidas en personas de 5 a 14 anos,2006-10-01,47,51,47,51,98
ACHACACHI,consulta externa,repetidas en personas de 5 a 14 anos,2006-11-01,15,2,15,2,17
ACHOCALLA,consulta externa,repetidas en personas de 5 a 14 anos,2006-11-01,1,1,1,1,2
AIQUILE,consulta externa,repetidas en personas de 5 a 14 anos,2006-11-01,68,93,68,93,161
ALCALA,consulta externa,repetidas en personas de 5 a 14 anos,2006-11-01,2,3,2,3,5
ANCORAIMES,consulta externa,repetidas en personas de 5 a 14 anos,2006-11-01,5,0,5,0,5
ANTEQUERA,consulta externa,repetidas en personas de 5 a 14 anos,2006-11-01,1,1,1,1,2
ANZALDO,consulta externa,repetidas en personas de 5 a 14 anos,2006-11-01,6,7,6,7,13
APOLO,consulta externa,repetidas en personas de 5 a 14 anos,2006-11-01,3,5,3,5,8
ARANI,consulta externa,repetidas en personas de 5 a 14 anos,2006-11-01,4,2,4,2,6
ARBIETO,consulta externa,repetidas en personas de 5 a 14 anos,2006-11-01,6,0,6,0,6
ARQUE,consulta externa,repetidas en personas de 5 a 14 anos,2006-11-01,3,4,3,4,7
ASCENCION DE GUARAYOS,consulta externa,repetidas en personas de 5 a 14 anos,2006-11-01,13,12,13,12,25
ATOCHA,consulta externa,repetidas en personas de 5 a 14 anos,2006-11-01,24,40,24,40,64
AUCAPATA,consulta externa,repetidas en personas de 5 a 14 anos,2006-11-01,6,3,6,3,9
AYATA,consulta externa,repetidas en personas de 5 a 14 anos,2006-11-01,2,1,2,1,3
AYO AYO,consulta externa,repetidas en personas de 5 a 14 anos,2006-11-01,1,1,1,1,2
AYOPAYA (V. DE INDEPENDENCIA),consulta externa,repetidas en personas de 5 a 14 anos,2006-11-01,2,11,2,11,13
AZURDUY,consulta externa,repetidas en personas de 5 a 14 anos,2006-11-01,1,0,1,0,1
BATALLAS,consulta externa,repetidas en personas de 5 a 14 anos,2006-11-01,3,4,3,4,7
BAURES,consulta externa,repetidas en personas de 5 a 14 anos,2006-11-01,3,4,3,4,7
BELEN DE URMIRI,consulta externa,repetidas en personas de 5 a 14 anos,2006-11-01,1,3,1,3,4
BELLA FLOR,consulta externa,repetidas en personas de 5 a 14 anos,2006-11-01,10,9,10,9,19
BERMEJO,consulta externa,repetidas en personas de 5 a 14 anos,2006-11-01,23,30,23,30,53
BETANZOS,consulta externa,repetidas en personas de 5 a 14 anos,2006-11-01,3,5,3,5,8
BOLIVAR,consulta externa,repetidas en personas de 5 a 14 anos,2006-11-01,0,2,0,2,2
BOLPEBRA,consulta externa,repetidas en personas de 5 a 14 anos,2006-11-01,0,4,0,4,4
BOYUIBE,consulta externa,repetidas en personas de 5 a 14 anos,2006-11-01,1,2,1,2,3
BUENA VISTA,consulta externa,repetidas en personas de 5 a 14 anos,2006-11-01,8,9,8,9,17
CABEZAS,consulta externa,repetidas en personas de 5 a 14 anos,2006-11-01,33,37,33,37,70
CAIROMA,consulta externa,repetidas en personas de 5 a 14 anos,2006-11-01,27,23,27,23,50
"CAIZA ""D""",consulta externa,repetidas en personas de 5 a 14 anos,2006-11-01,1,0,1,0,1
CAJUATA,consulta externa,repetidas en personas de 5 a 14 anos,2006-11-01,0,1,0,1,1
CALACOTO,consulta externa,repetidas en personas de 5 a 14 anos,2006-11-01,2,1,2,1,3
CAMARGO,consulta externa,repetidas en personas de 5 a 14 anos,2006-11-01,2,1,2,1,3
CAMATAQUI (C. VILLA ABECIA),consulta externa,repetidas en personas de 5 a 14 anos,2006-11-01,3,3,3,3,6
CAMIRI,consulta externa,repetidas en personas de 5 a 14 anos,2006-11-01,60,68,60,68,128
CAPINOTA,consulta externa,repetidas en personas de 5 a 14 anos,2006-11-01,14,13,14,13,27
CAQUIAVIRI,consulta externa,repetidas en personas de 5 a 14 anos,2006-11-01,1,1,1,1,2
CARACOLLO,consulta externa,repetidas en personas de 5 a 14 anos,2006-11-01,0,4,0,4,4
CARANAVI,consulta externa,repetidas en personas de 5 a 14 anos,2006-11-01,14,5,14,5,19
CARAPARI,consulta externa,repetidas en personas de 5 a 14 anos,2006-11-01,4,2,4,2,6
CARIPUYO,consulta externa,repetidas en personas de 5 a 14 anos,2006-11-01,1,0,1,0,1
CHALLAPATA,consulta externa,repetidas en personas de 5 a 14 anos,2006-11-01,5,10,5,10,15
CHAQUI,consulta externa,repetidas en personas de 5 a 14 anos,2006-11-01,0,1,0,1,1
CHARAGUA,consulta externa,repetidas en personas de 5 a 14 anos,2006-11-01,4,8,4,8,12
CHARAÑA,consulta externa,repetidas en personas de 5 a 14 anos,2006-11-01,1,0,1,0,1
CHAYANTA,consulta externa,repetidas en personas de 5 a 14 anos,2006-11-01,0,2,0,2,2
CHIMORE,consulta externa,repetidas en personas de 5 a 14 anos,2006-11-01,3,5,3,5,8
CHOQUE COTA,consulta externa,repetidas en personas de 5 a 14 anos,2006-11-01,4,5,4,5,9
CHULUMANI (V. DE LA LIBERTAD),consulta externa,repetidas en personas de 5 a 14 anos,2006-11-01,8,13,8,13,21
CHUMA,consulta externa,repetidas en personas de 5 a 14 anos,2006-11-01,5,0,5,0,5
CLIZA,consulta externa,repetidas en personas de 5 a 14 anos,2006-11-01,10,18,10,18,28
COBIJA,consulta externa,repetidas en personas de 5 a 14 anos,2006-11-01,2,1,2,1,3
COCHABAMBA,consulta externa,repetidas en personas de 5 a 14 anos,2006-11-01,2033,1959,2033,1959,3992
COLCAPIRHUA,consulta externa,repetidas en personas de 5 a 14 anos,2006-11-01,24,15,24,15,39
"COLCHA ""K""",consulta externa,repetidas en personas de 5 a 14 anos,2006-11-01,2,3,2,3,5
COLLANA,consulta externa,repetidas en personas de 5 a 14 anos,2006-11-01,1,1,1,1,2
COLOMI,consulta externa,repetidas en personas de 5 a 14 anos,2006-11-01,12,4,12,4,16
COLPA BELGICA,consulta externa,repetidas en personas de 5 a 14 anos,2006-11-01,8,14,8,14,22
COLQUECHACA,consulta externa,repetidas en personas de 5 a 14 anos,2006-11-01,1,0,1,0,1
COLQUIRI,consulta externa,repetidas en personas de 5 a 14 anos,2006-11-01,14,23,14,23,37
COMARAPA,consulta externa,repetidas en personas de 5 a 14 anos,2006-11-01,11,9,11,9,20
COMBAYA,consulta externa,repetidas en personas de 5 a 14 anos,2006-11-01,1,0,1,0,1
CONCEPCION,consulta externa,repetidas en personas de 5 a 14 anos,2006-11-01,6,4,6,4,10
COPACABANA,consulta externa,repetidas en personas de 5 a 14 anos,2006-11-01,1,0,1,0,1
CORIPATA,consulta externa,repetidas en personas de 5 a 14 anos,2006-11-01,2,1,2,1,3
COROICO,consulta externa,repetidas en personas de 5 a 14 anos,2006-11-01,19,32,19,32,51
CORQUE,consulta externa,repetidas en personas de 5 a 14 anos,2006-11-01,7,7,7,7,14
COTAGAITA,consulta externa,repetidas en personas de 5 a 14 anos,2006-11-01,9,8,9,8,17
COTOCA,consulta externa,repetidas en personas de 5 a 14 anos,2006-11-01,16,5,16,5,21
CUATRO CAÑADAS,consulta externa,repetidas en personas de 5 a 14 anos,2006-11-01,15,20,15,20,35
CUCHUMUELA (V. G. VILLARROEL),consulta externa,repetidas en personas de 5 a 14 anos,2006-11-01,1,1,1,1,2
CUEVO,consulta externa,repetidas en personas de 5 a 14 anos,2006-11-01,3,2,3,2,5
CULPINA,consulta externa,repetidas en personas de 5 a 14 anos,2006-11-01,1,1,1,1,2
CURAHUARA DE CARANGAS,consulta externa,repetidas en personas de 5 a 14 anos,2006-11-01,1,1,1,1,2
EL ALTO,consulta externa,repetidas en personas de 5 a 14 anos,2006-11-01,1490,2122,1490,2122,3612
EL PUENTE(STC),consulta externa,repetidas en personas de 5 a 14 anos,2006-11-01,0,1,0,1,1
EL PUENTE(TJA),consulta externa,repetidas en personas de 5 a 14 anos,2006-11-01,6,5,6,5,11
EL TORNO,consulta externa,repetidas en personas de 5 a 14 anos,2006-11-01,49,55,49,55,104
EL VILLAR,consulta externa,repetidas en personas de 5 a 14 anos,2006-11-01,1,0,1,0,1
ENTRE RIOS,consulta externa,repetidas en personas de 5 a 14 anos,2006-11-01,4,2,4,2,6
ENTRE RIOS,consulta externa,repetidas en personas de 5 a 14 anos,2006-11-01,3,1,3,1,4
EUCALIPTUS,consulta externa,repetidas en personas de 5 a 14 anos,2006-11-01,4,0,4,0,4
EXALTACION,consulta externa,repetidas en personas de 5 a 14 anos,2006-11-01,0,1,0,1,1
FERNANDEZ ALONSO,consulta externa,repetidas en personas de 5 a 14 anos,2006-11-01,3,12,3,12,15
GENERAL SAAVEDRA,consulta externa,repetidas en personas de 5 a 14 anos,2006-11-01,9,16,9,16,25
GRAL. J.J. PEREZ (CHARAZANI),consulta externa,repetidas en personas de 5 a 14 anos,2006-11-01,3,4,3,4,7
GUANAY,consulta externa,repetidas en personas de 5 a 14 anos,2006-11-01,1,0,1,0,1
GUAQUI,consulta externa,repetidas en personas de 5 a 14 anos,2006-11-01,3,0,3,0,3
GUAYARAMERIN,consulta externa,repetidas en personas de 5 a 14 anos,2006-11-01,114,128,114,128,242
GUTIERREZ,consulta externa,repetidas en personas de 5 a 14 anos,2006-11-01,0,3,0,3,3
HUACARETA,consulta externa,repetidas en personas de 5 a 14 anos,2006-11-01,8,8,8,8,16
HUACAYA (VILLA DE HUACAYA),consulta externa,repetidas en personas de 5 a 14 anos,2006-11-01,0,3,0,3,3
HUANUNI,consulta externa,repetidas en personas de 5 a 14 anos,2006-11-01,88,68,88,68,156
HUAYLLAMARCA,consulta externa,repetidas en personas de 5 a 14 anos,2006-11-01,0,1,0,1,1
ICHOCA,consulta externa,repetidas en personas de 5 a 14 anos,2006-11-01,1,0,1,0,1
ICLA,consulta externa,repetidas en personas de 5 a 14 anos,2006-11-01,0,1,0,1,1
INCAHUASI,consulta externa,repetidas en personas de 5 a 14 anos,2006-11-01,0,1,0,1,1
INGAVI (HUMAITA),consulta externa,repetidas en personas de 5 a 14 anos,2006-11-01,1,0,1,0,1
INQUISIVI,consulta externa,repetidas en personas de 5 a 14 anos,2006-11-01,2,2,2,2,4
IRUPANA (VILLA DE LANZA),consulta externa,repetidas en personas de 5 a 14 anos,2006-11-01,5,10,5,10,15
IXIAMAS,consulta externa,repetidas en personas de 5 a 14 anos,2006-11-01,4,4,4,4,8
JESUS DE MACHACA,consulta externa,repetidas en personas de 5 a 14 anos,2006-11-01,0,2,0,2,2
LA ASUNTA,consulta externa,repetidas en personas de 5 a 14 anos,2006-11-01,2,3,2,3,5
LA GUARDIA,consulta externa,repetidas en personas de 5 a 14 anos,2006-11-01,8,11,8,11,19
LA PAZ,consulta externa,repetidas en personas de 5 a 14 anos,2006-11-01,2768,2716,2768,2716,5484
LAGUNILLAS,consulta externa,repetidas en personas de 5 a 14 anos,2006-11-01,17,34,17,34,51
LAJA,consulta externa,repetidas en personas de 5 a 14 anos,2006-11-01,8,4,8,4,12
LAS CARRERAS,consulta externa,repetidas en personas de 5 a 14 anos,2006-11-01,2,3,2,3,5
LLALLAGUA,consulta externa,repetidas en personas de 5 a 14 anos,2006-11-01,11,10,11,10,21
LLICA,consulta externa,repetidas en personas de 5 a 14 anos,2006-11-01,2,1,2,1,3
LORETO,consulta externa,repetidas en personas de 5 a 14 anos,2006-11-01,4,2,4,2,6
LURIBAY,consulta externa,repetidas en personas de 5 a 14 anos,2006-11-01,1,1,1,1,2
MACHACAMARCA,consulta externa,repetidas en personas de 5 a 14 anos,2006-11-01,6,2,6,2,8
MACHARETI,consulta externa,repetidas en personas de 5 a 14 anos,2006-11-01,0,2,0,2,2
MAGDALENA,consulta externa,repetidas en personas de 5 a 14 anos,2006-11-01,8,11,8,11,19
MAIRANA,consulta externa,repetidas en personas de 5 a 14 anos,2006-11-01,1,2,1,2,3
MALLA,consulta externa,repetidas en personas de 5 a 14 anos,2006-11-01,2,6,2,6,8
MAPIRI,consulta externa,repetidas en personas de 5 a 14 anos,2006-11-01,6,3,6,3,9
MECAPACA,consulta externa,repetidas en personas de 5 a 14 anos,2006-11-01,51,53,51,53,104
MINEROS,consulta externa,repetidas en personas de 5 a 14 anos,2006-11-01,0,2,0,2,2
MIZQUE,consulta externa,repetidas en personas de 5 a 14 anos,2006-11-01,2,2,2,2,4
MOCOMOCO,consulta externa,repetidas en personas de 5 a 14 anos,2006-11-01,3,3,3,3,6
MOJOCOYA,consulta externa,repetidas en personas de 5 a 14 anos,2006-11-01,3,2,3,2,5
MONTEAGUDO,consulta externa,repetidas en personas de 5 a 14 anos,2006-11-01,79,65,79,65,144
MONTERO,consulta externa,repetidas en personas de 5 a 14 anos,2006-11-01,333,448,333,448,781
MORO MORO,consulta externa,repetidas en personas de 5 a 14 anos,2006-11-01,1,0,1,0,1
MOROCHATA,consulta externa,repetidas en personas de 5 a 14 anos,2006-11-01,31,14,31,14,45
OCURI,consulta externa,repetidas en personas de 5 a 14 anos,2006-11-01,1,0,1,0,1
OKINAWA,consulta externa,repetidas en personas de 5 a 14 anos,2006-11-01,9,13,9,13,22
ORURO,consulta externa,repetidas en personas de 5 a 14 anos,2006-11-01,450,471,450,471,921
PADCAYA,consulta externa,repetidas en personas de 5 a 14 anos,2006-11-01,58,63,58,63,121
PADILLA,consulta externa,repetidas en personas de 5 a 14 anos,2006-11-01,1,0,1,0,1
PAILON,consulta externa,repetidas en personas de 5 a 14 anos,2006-11-01,1,3,1,3,4
PALCA,consulta externa,repetidas en personas de 5 a 14 anos,2006-11-01,4,2,4,2,6
PALOS BLANCOS,consulta externa,repetidas en personas de 5 a 14 anos,2006-11-01,9,7,9,7,16
PAMPA GRANDE,consulta externa,repetidas en personas de 5 a 14 anos,2006-11-01,0,1,0,1,1
PAPEL PAMPA,consulta externa,repetidas en personas de 5 a 14 anos,2006-11-01,2,0,2,0,2
PATACAMAYA,consulta externa,repetidas en personas de 5 a 14 anos,2006-11-01,1,1,1,1,2
PAZÑA,consulta externa,repetidas en personas de 5 a 14 anos,2006-11-01,2,1,2,1,3
PELECHUCO,consulta externa,repetidas en personas de 5 a 14 anos,2006-11-01,3,0,3,0,3
POCOATA,consulta externa,repetidas en personas de 5 a 14 anos,2006-11-01,3,0,3,0,3
POCONA,consulta externa,repetidas en personas de 5 a 14 anos,2006-11-01,0,2,0,2,2
PORCO,consulta externa,repetidas en personas de 5 a 14 anos,2006-11-01,3,5,3,5,8
POROMA,consulta externa,repetidas en personas de 5 a 14 anos,2006-11-01,1,0,1,0,1
PORONGO,consulta externa,repetidas en personas de 5 a 14 anos,2006-11-01,2,1,2,1,3
PORTACHUELO,consulta externa,repetidas en personas de 5 a 14 anos,2006-11-01,6,4,6,4,10
PORVENIR,consulta externa,repetidas en personas de 5 a 14 anos,2006-11-01,1,0,1,0,1
POSTRER VALLE,consulta externa,repetidas en personas de 5 a 14 anos,2006-11-01,0,1,0,1,1
POTOSI,consulta externa,repetidas en personas de 5 a 14 anos,2006-11-01,464,364,464,364,828
PUCARANI,consulta externa,repetidas en personas de 5 a 14 anos,2006-11-01,0,4,0,4,4
PUERTO ACOSTA,consulta externa,repetidas en personas de 5 a 14 anos,2006-11-01,3,2,3,2,5
PUERTO CARABUCO,consulta externa,repetidas en personas de 5 a 14 anos,2006-11-01,2,9,2,9,11
PUERTO GONZALO MORENO,consulta externa,repetidas en personas de 5 a 14 anos,2006-11-01,0,1,0,1,1
PUERTO PEREZ,consulta externa,repetidas en personas de 5 a 14 anos,2006-11-01,3,3,3,3,6
PUERTO QUIJARRO,consulta externa,repetidas en personas de 5 a 14 anos,2006-11-01,9,3,9,3,12
PUERTO RICO,consulta externa,repetidas en personas de 5 a 14 anos,2006-11-01,1,2,1,2,3
PUERTO SUAREZ,consulta externa,repetidas en personas de 5 a 14 anos,2006-11-01,11,9,11,9,20
PUERTO VILLARROEL,consulta externa,repetidas en personas de 5 a 14 anos,2006-11-01,8,8,8,8,16
PUNA,consulta externa,repetidas en personas de 5 a 14 anos,2006-11-01,0,1,0,1,1
PUNATA,consulta externa,repetidas en personas de 5 a 14 anos,2006-11-01,44,49,44,49,93
QUIABAYA,consulta externa,repetidas en personas de 5 a 14 anos,2006-11-01,0,1,0,1,1
QUILLACOLLO,consulta externa,repetidas en personas de 5 a 14 anos,2006-11-01,51,17,51,17,68
QUIME,consulta externa,repetidas en personas de 5 a 14 anos,2006-11-01,6,2,6,2,8
REYES,consulta externa,repetidas en personas de 5 a 14 anos,2006-11-01,6,10,6,10,16
RIBERALTA,consulta externa,repetidas en personas de 5 a 14 anos,2006-11-01,14,23,14,23,37
ROBORE,consulta externa,repetidas en personas de 5 a 14 anos,2006-11-01,23,13,23,13,36
RURRENABAQUE,consulta externa,repetidas en personas de 5 a 14 anos,2006-11-01,11,21,11,21,32
SACABA,consulta externa,repetidas en personas de 5 a 14 anos,2006-11-01,43,61,43,61,104
SACACA,consulta externa,repetidas en personas de 5 a 14 anos,2006-11-01,2,0,2,0,2
SAIPINA,consulta externa,repetidas en personas de 5 a 14 anos,2006-11-01,3,6,3,6,9
SALINAS DE GARCI MENDOZA,consulta externa,repetidas en personas de 5 a 14 anos,2006-11-01,0,2,0,2,2
SAMAIPATA,consulta externa,repetidas en personas de 5 a 14 anos,2006-11-01,1,2,1,2,3
SAN ANDRES,consulta externa,repetidas en personas de 5 a 14 anos,2006-11-01,9,9,9,9,18
SAN ANTONIO DE ESMORUCO,consulta externa,repetidas en personas de 5 a 14 anos,2006-11-01,1,2,1,2,3
SAN ANTONIO DE LOMERIO,consulta externa,repetidas en personas de 5 a 14 anos,2006-11-01,0,1,0,1,1
SAN BENITO,consulta externa,repetidas en personas de 5 a 14 anos,2006-11-01,137,89,137,89,226
SAN BORJA,consulta externa,repetidas en personas de 5 a 14 anos,2006-11-01,28,21,28,21,49
SAN BUENA VENTURA,consulta externa,repetidas en personas de 5 a 14 anos,2006-11-01,6,7,6,7,13
SAN CARLOS,consulta externa,repetidas en personas de 5 a 14 anos,2006-11-01,6,9,6,9,15
SAN IGNACIO,consulta externa,repetidas en personas de 5 a 14 anos,2006-11-01,13,17,13,17,30
SAN IGNACIO DE VELASCO,consulta externa,repetidas en personas de 5 a 14 anos,2006-11-01,24,19,24,19,43
SAN JAVIER(BNI),consulta externa,repetidas en personas de 5 a 14 anos,2006-11-01,0,3,0,3,3
SAN JAVIER(STC),consulta externa,repetidas en personas de 5 a 14 anos,2006-11-01,7,6,7,6,13
SAN JOAQUIN,consulta externa,repetidas en personas de 5 a 14 anos,2006-11-01,6,4,6,4,10
SAN JOSE DE CHIQUITOS,consulta externa,repetidas en personas de 5 a 14 anos,2006-11-01,4,1,4,1,5
SAN JUAN DE YAPACANI,consulta externa,repetidas en personas de 5 a 14 anos,2006-11-01,3,13,3,13,16
SAN JULIAN,consulta externa,repetidas en personas de 5 a 14 anos,2006-11-01,16,28,16,28,44
SAN LORENZO(PND),consulta externa,repetidas en personas de 5 a 14 anos,2006-11-01,2,1,2,1,3
SAN LORENZO(TJA),consulta externa,repetidas en personas de 5 a 14 anos,2006-11-01,120,115,120,115,235
SAN LUCAS,consulta externa,repetidas en personas de 5 a 14 anos,2006-11-01,5,5,5,5,10
SAN MATIAS,consulta externa,repetidas en personas de 5 a 14 anos,2006-11-01,2,1,2,1,3
SAN MIGUEL DE VELASCO,consulta externa,repetidas en personas de 5 a 14 anos,2006-11-01,10,22,10,22,32
SAN PABLO DE LIPEZ,consulta externa,repetidas en personas de 5 a 14 anos,2006-11-01,4,4,4,4,8
SAN PEDRO,consulta externa,repetidas en personas de 5 a 14 anos,2006-11-01,16,7,16,7,23
SAN PEDRO DE CURAHUARA,consulta externa,repetidas en personas de 5 a 14 anos,2006-11-01,0,1,0,1,1
SAN PEDRO DE QUEMES,consulta externa,repetidas en personas de 5 a 14 anos,2006-11-01,1,0,1,0,1
SAN PEDRO DE TIQUINA,consulta externa,repetidas en personas de 5 a 14 anos,2006-11-01,0,1,0,1,1
SAN RAFAEL,consulta externa,repetidas en personas de 5 a 14 anos,2006-11-01,0,2,0,2,2
SAN RAMON,consulta externa,repetidas en personas de 5 a 14 anos,2006-11-01,5,4,5,4,9
SAN RAMON,consulta externa,repetidas en personas de 5 a 14 anos,2006-11-01,7,13,7,13,20
SANTA ANA,consulta externa,repetidas en personas de 5 a 14 anos,2006-11-01,36,33,36,33,69
SANTA CRUZ DE LA SIERRA,consulta externa,repetidas en personas de 5 a 14 anos,2006-11-01,1866,2322,1866,2322,4188
SANTA ROSA,consulta externa,repetidas en personas de 5 a 14 anos,2006-11-01,0,1,0,1,1
SANTA ROSA DEL SARA,consulta externa,repetidas en personas de 5 a 14 anos,2006-11-01,0,6,0,6,6
SANTIAGO DE HUARI,consulta externa,repetidas en personas de 5 a 14 anos,2006-11-01,1,1,1,1,2
SANTIAGO DE MACHACA,consulta externa,repetidas en personas de 5 a 14 anos,2006-11-01,2,3,2,3,5
SANTIVAÑES,consulta externa,repetidas en personas de 5 a 14 anos,2006-11-01,0,2,0,2,2
SANTUARIO DE QUILLACAS,consulta externa,repetidas en personas de 5 a 14 anos,2006-11-01,1,1,1,1,2
SAPAHAQUI,consulta externa,repetidas en personas de 5 a 14 anos,2006-11-01,0,1,0,1,1
SIPE SIPE,consulta externa,repetidas en personas de 5 a 14 anos,2006-11-01,3,5,3,5,8
SOPACHUY,consulta externa,repetidas en personas de 5 a 14 anos,2006-11-01,3,8,3,8,11
SORACACHI,consulta externa,repetidas en personas de 5 a 14 anos,2006-11-01,3,2,3,2,5
SORATA,consulta externa,repetidas en personas de 5 a 14 anos,2006-11-01,0,1,0,1,1
SUCRE,consulta externa,repetidas en personas de 5 a 14 anos,2006-11-01,897,902,897,902,1799
TACOBAMBA,consulta externa,repetidas en personas de 5 a 14 anos,2006-11-01,1,0,1,0,1
TACOPAYA,consulta externa,repetidas en personas de 5 a 14 anos,2006-11-01,0,1,0,1,1
TAPACARI,consulta externa,repetidas en personas de 5 a 14 anos,2006-11-01,1,0,1,0,1
TARABUCO,consulta externa,repetidas en personas de 5 a 14 anos,2006-11-01,9,10,9,10,19
TARACO,consulta externa,repetidas en personas de 5 a 14 anos,2006-11-01,1,0,1,0,1
TARATA,consulta externa,repetidas en personas de 5 a 14 anos,2006-11-01,6,1,6,1,7
TARIJA,consulta externa,repetidas en personas de 5 a 14 anos,2006-11-01,200,196,200,196,396
TARVITA,consulta externa,repetidas en personas de 5 a 14 anos,2006-11-01,4,3,4,3,7
TEOPONTE,consulta externa,repetidas en personas de 5 a 14 anos,2006-11-01,3,3,3,3,6
TIQUIPAYA,consulta externa,repetidas en personas de 5 a 14 anos,2006-11-01,32,24,32,24,56
TIRAQUE (CBBA),consulta externa,repetidas en personas de 5 a 14 anos,2006-11-01,21,17,21,17,38
TOLATA,consulta externa,repetidas en personas de 5 a 14 anos,2006-11-01,0,2,0,2,2
TOLEDO,consulta externa,repetidas en personas de 5 a 14 anos,2006-11-01,18,22,18,22,40
TOMAVE,consulta externa,repetidas en personas de 5 a 14 anos,2006-11-01,1,2,1,2,3
TOMINA,consulta externa,repetidas en personas de 5 a 14 anos,2006-11-01,2,0,2,0,2
TOTORA(CBBA),consulta externa,repetidas en personas de 5 a 14 anos,2006-11-01,2,2,2,2,4
TOTORA(ORR),consulta externa,repetidas en personas de 5 a 14 anos,2006-11-01,0,1,0,1,1
TRIGAL,consulta externa,repetidas en personas de 5 a 14 anos,2006-11-01,0,1,0,1,1
TRINIDAD,consulta externa,repetidas en personas de 5 a 14 anos,2006-11-01,107,145,107,145,252
TUPIZA,consulta externa,repetidas en personas de 5 a 14 anos,2006-11-01,83,101,83,101,184
UNCIA,consulta externa,repetidas en personas de 5 a 14 anos,2006-11-01,0,2,0,2,2
URIONDO (A. CONCEPCION),consulta externa,repetidas en personas de 5 a 14 anos,2006-11-01,13,8,13,8,21
UYUNI,consulta externa,repetidas en personas de 5 a 14 anos,2006-11-01,11,5,11,5,16
VACAS,consulta externa,repetidas en personas de 5 a 14 anos,2006-11-01,16,4,16,4,20
VALLEGRANDE,consulta externa,repetidas en personas de 5 a 14 anos,2006-11-01,23,30,23,30,53
VIACHA,consulta externa,repetidas en personas de 5 a 14 anos,2006-11-01,37,23,37,23,60
VILA VILA,consulta externa,repetidas en personas de 5 a 14 anos,2006-11-01,0,1,0,1,1
VILLA MONTES,consulta externa,repetidas en personas de 5 a 14 anos,2006-11-01,20,29,20,29,49
VILLA RIVERO,consulta externa,repetidas en personas de 5 a 14 anos,2006-11-01,21,14,21,14,35
VILLA TUNARI,consulta externa,repetidas en personas de 5 a 14 anos,2006-11-01,13,14,13,14,27
VILLA VACA GUZMAN (MUYUPAMPA),consulta externa,repetidas en personas de 5 a 14 anos,2006-11-01,8,6,8,6,14
VILLAZON,consulta externa,repetidas en personas de 5 a 14 anos,2006-11-01,18,21,18,21,39
VINTO,consulta externa,repetidas en personas de 5 a 14 anos,2006-11-01,12,15,12,15,27
VITICHI,consulta externa,repetidas en personas de 5 a 14 anos,2006-11-01,2,3,2,3,5
WARNES,consulta externa,repetidas en personas de 5 a 14 anos,2006-11-01,16,15,16,15,31
YACO,consulta externa,repetidas en personas de 5 a 14 anos,2006-11-01,2,2,2,2,4
YACUIBA,consulta externa,repetidas en personas de 5 a 14 anos,2006-11-01,87,119,87,119,206
YAMPARAEZ,consulta externa,repetidas en personas de 5 a 14 anos,2006-11-01,8,8,8,8,16
YANACACHI,consulta externa,repetidas en personas de 5 a 14 anos,2006-11-01,11,0,11,0,11
YAPACANI,consulta externa,repetidas en personas de 5 a 14 anos,2006-11-01,3,12,3,12,15
YOCALLA,consulta externa,repetidas en personas de 5 a 14 anos,2006-11-01,1,1,1,1,2
YOTALA,consulta externa,repetidas en personas de 5 a 14 anos,2006-11-01,9,24,9,24,33
YUNCHARA,consulta externa,repetidas en personas de 5 a 14 anos,2006-11-01,2,1,2,1,3
ZUDAÑEZ,consulta externa,repetidas en personas de 5 a 14 anos,2006-11-01,1,2,1,2,3
ACACIO,consulta externa,repetidas en personas de 5 a 14 anos,2006-12-01,2,6,2,6,8
ACHACACHI,consulta externa,repetidas en personas de 5 a 14 anos,2006-12-01,1,11,1,11,12
AIQUILE,consulta externa,repetidas en personas de 5 a 14 anos,2006-12-01,23,27,23,27,50
ALCALA,consulta externa,repetidas en personas de 5 a 14 anos,2006-12-01,0,1,0,1,1
ANCORAIMES,consulta externa,repetidas en personas de 5 a 14 anos,2006-12-01,0,2,0,2,2
ANTEQUERA,consulta externa,repetidas en personas de 5 a 14 anos,2006-12-01,0,3,0,3,3
ANZALDO,consulta externa,repetidas en personas de 5 a 14 anos,2006-12-01,0,3,0,3,3
APOLO,consulta externa,repetidas en personas de 5 a 14 anos,2006-12-01,1,3,1,3,4
ARANI,consulta externa,repetidas en personas de 5 a 14 anos,2006-12-01,1,1,1,1,2
ARBIETO,consulta externa,repetidas en personas de 5 a 14 anos,2006-12-01,1,4,1,4,5
ASCENCION DE GUARAYOS,consulta externa,repetidas en personas de 5 a 14 anos,2006-12-01,7,3,7,3,10
ATOCHA,consulta externa,repetidas en personas de 5 a 14 anos,2006-12-01,17,35,17,35,52
AUCAPATA,consulta externa,repetidas en personas de 5 a 14 anos,2006-12-01,6,3,6,3,9
AYATA,consulta externa,repetidas en personas de 5 a 14 anos,2006-12-01,1,2,1,2,3
AYO AYO,consulta externa,repetidas en personas de 5 a 14 anos,2006-12-01,1,0,1,0,1
AYOPAYA (V. DE INDEPENDENCIA),consulta externa,repetidas en personas de 5 a 14 anos,2006-12-01,6,0,6,0,6
BATALLAS,consulta externa,repetidas en personas de 5 a 14 anos,2006-12-01,1,0,1,0,1
BAURES,consulta externa,repetidas en personas de 5 a 14 anos,2006-12-01,1,5,1,5,6
BELEN DE ANDAMARCA,consulta externa,repetidas en personas de 5 a 14 anos,2006-12-01,0,2,0,2,2
BERMEJO,consulta externa,repetidas en personas de 5 a 14 anos,2006-12-01,50,33,50,33,83
BETANZOS,consulta externa,repetidas en personas de 5 a 14 anos,2006-12-01,37,27,37,27,64
BOLIVAR,consulta externa,repetidas en personas de 5 a 14 anos,2006-12-01,0,2,0,2,2
BOYUIBE,consulta externa,repetidas en personas de 5 a 14 anos,2006-12-01,13,14,13,14,27
BUENA VISTA,consulta externa,repetidas en personas de 5 a 14 anos,2006-12-01,17,7,17,7,24
CABEZAS,consulta externa,repetidas en personas de 5 a 14 anos,2006-12-01,4,5,4,5,9
CAIROMA,consulta externa,repetidas en personas de 5 a 14 anos,2006-12-01,14,4,14,4,18
"CAIZA ""D""",consulta externa,repetidas en personas de 5 a 14 anos,2006-12-01,2,1,2,1,3
CAJUATA,consulta externa,repetidas en personas de 5 a 14 anos,2006-12-01,2,3,2,3,5
CALAMARCA,consulta externa,repetidas en personas de 5 a 14 anos,2006-12-01,2,2,2,2,4
CAMARGO,consulta externa,repetidas en personas de 5 a 14 anos,2006-12-01,2,2,2,2,4
CAMATAQUI (C. VILLA ABECIA),consulta externa,repetidas en personas de 5 a 14 anos,2006-12-01,3,3,3,3,6
CAMIRI,consulta externa,repetidas en personas de 5 a 14 anos,2006-12-01,16,18,16,18,34
CAPINOTA,consulta externa,repetidas en personas de 5 a 14 anos,2006-12-01,2,7,2,7,9
CAQUIAVIRI,consulta externa,repetidas en personas de 5 a 14 anos,2006-12-01,3,1,3,1,4
CARACOLLO,consulta externa,repetidas en personas de 5 a 14 anos,2006-12-01,1,0,1,0,1
CARANAVI,consulta externa,repetidas en personas de 5 a 14 anos,2006-12-01,23,18,23,18,41
CARAPARI,consulta externa,repetidas en personas de 5 a 14 anos,2006-12-01,2,2,2,2,4
CHALLAPATA,consulta externa,repetidas en personas de 5 a 14 anos,2006-12-01,9,9,9,9,18
CHARAGUA,consulta externa,repetidas en personas de 5 a 14 anos,2006-12-01,5,4,5,4,9
CHARAÑA,consulta externa,repetidas en personas de 5 a 14 anos,2006-12-01,0,1,0,1,1
CHAYANTA,consulta externa,repetidas en personas de 5 a 14 anos,2006-12-01,1,1,1,1,2
CHIMORE,consulta externa,repetidas en personas de 5 a 14 anos,2006-12-01,3,4,3,4,7
CHOQUE COTA,consulta externa,repetidas en personas de 5 a 14 anos,2006-12-01,1,0,1,0,1
CHULUMANI (V. DE LA LIBERTAD),consulta externa,repetidas en personas de 5 a 14 anos,2006-12-01,31,54,31,54,85
CHUMA,consulta externa,repetidas en personas de 5 a 14 anos,2006-12-01,2,0,2,0,2
CLIZA,consulta externa,repetidas en personas de 5 a 14 anos,2006-12-01,7,9,7,9,16
COBIJA,consulta externa,repetidas en personas de 5 a 14 anos,2006-12-01,16,10,16,10,26
COCHABAMBA,consulta externa,repetidas en personas de 5 a 14 anos,2006-12-01,2385,2673,2385,2673,5058
COLCAPIRHUA,consulta externa,repetidas en personas de 5 a 14 anos,2006-12-01,16,40,16,40,56
COLLANA,consulta externa,repetidas en personas de 5 a 14 anos,2006-12-01,2,4,2,4,6
COLOMI,consulta externa,repetidas en personas de 5 a 14 anos,2006-12-01,0,2,0,2,2
COLPA BELGICA,consulta externa,repetidas en personas de 5 a 14 anos,2006-12-01,9,9,9,9,18
COLQUECHACA,consulta externa,repetidas en personas de 5 a 14 anos,2006-12-01,1,2,1,2,3
COLQUENCHA,consulta externa,repetidas en personas de 5 a 14 anos,2006-12-01,1,3,1,3,4
COLQUIRI,consulta externa,repetidas en personas de 5 a 14 anos,2006-12-01,6,4,6,4,10
COMARAPA,consulta externa,repetidas en personas de 5 a 14 anos,2006-12-01,5,7,5,7,12
CONCEPCION,consulta externa,repetidas en personas de 5 a 14 anos,2006-12-01,1,0,1,0,1
CORIPATA,consulta externa,repetidas en personas de 5 a 14 anos,2006-12-01,2,5,2,5,7
CORO CORO,consulta externa,repetidas en personas de 5 a 14 anos,2006-12-01,1,1,1,1,2
COROICO,consulta externa,repetidas en personas de 5 a 14 anos,2006-12-01,51,13,51,13,64
CORQUE,consulta externa,repetidas en personas de 5 a 14 anos,2006-12-01,3,5,3,5,8
COTAGAITA,consulta externa,repetidas en personas de 5 a 14 anos,2006-12-01,11,9,11,9,20
COTOCA,consulta externa,repetidas en personas de 5 a 14 anos,2006-12-01,5,5,5,5,10
CUATRO CAÑADAS,consulta externa,repetidas en personas de 5 a 14 anos,2006-12-01,8,7,8,7,15
CUCHUMUELA (V. G. VILLARROEL),consulta externa,repetidas en personas de 5 a 14 anos,2006-12-01,1,0,1,0,1
CUEVO,consulta externa,repetidas en personas de 5 a 14 anos,2006-12-01,0,3,0,3,3
CULPINA,consulta externa,repetidas en personas de 5 a 14 anos,2006-12-01,2,1,2,1,3
EL ALTO,consulta externa,repetidas en personas de 5 a 14 anos,2006-12-01,1292,1703,1292,1703,2995
EL PUENTE(TJA),consulta externa,repetidas en personas de 5 a 14 anos,2006-12-01,10,20,10,20,30
EL TORNO,consulta externa,repetidas en personas de 5 a 14 anos,2006-12-01,50,55,50,55,105
EL VILLAR,consulta externa,repetidas en personas de 5 a 14 anos,2006-12-01,1,0,1,0,1
ENTRE RIOS,consulta externa,repetidas en personas de 5 a 14 anos,2006-12-01,2,0,2,0,2
ENTRE RIOS,consulta externa,repetidas en personas de 5 a 14 anos,2006-12-01,5,2,5,2,7
EUCALIPTUS,consulta externa,repetidas en personas de 5 a 14 anos,2006-12-01,2,0,2,0,2
FERNANDEZ ALONSO,consulta externa,repetidas en personas de 5 a 14 anos,2006-12-01,0,12,0,12,12
FILADELFIA,consulta externa,repetidas en personas de 5 a 14 anos,2006-12-01,0,6,0,6,6
GENERAL SAAVEDRA,consulta externa,repetidas en personas de 5 a 14 anos,2006-12-01,24,21,24,21,45
GUANAY,consulta externa,repetidas en personas de 5 a 14 anos,2006-12-01,1,2,1,2,3
GUAQUI,consulta externa,repetidas en personas de 5 a 14 anos,2006-12-01,1,1,1,1,2
GUAYARAMERIN,consulta externa,repetidas en personas de 5 a 14 anos,2006-12-01,20,32,20,32,52
GUTIERREZ,consulta externa,repetidas en personas de 5 a 14 anos,2006-12-01,6,6,6,6,12
HUACARETA,consulta externa,repetidas en personas de 5 a 14 anos,2006-12-01,3,3,3,3,6
HUACHACALLA,consulta externa,repetidas en personas de 5 a 14 anos,2006-12-01,1,0,1,0,1
HUANUNI,consulta externa,repetidas en personas de 5 a 14 anos,2006-12-01,80,89,80,89,169
HUARACAJE,consulta externa,repetidas en personas de 5 a 14 anos,2006-12-01,5,1,5,1,6
INGAVI (HUMAITA),consulta externa,repetidas en personas de 5 a 14 anos,2006-12-01,3,1,3,1,4
INQUISIVI,consulta externa,repetidas en personas de 5 a 14 anos,2006-12-01,2,3,2,3,5
IRUPANA (VILLA DE LANZA),consulta externa,repetidas en personas de 5 a 14 anos,2006-12-01,1,2,1,2,3
IXIAMAS,consulta externa,repetidas en personas de 5 a 14 anos,2006-12-01,0,4,0,4,4
JESUS DE MACHACA,consulta externa,repetidas en personas de 5 a 14 anos,2006-12-01,0,1,0,1,1
LA ASUNTA,consulta externa,repetidas en personas de 5 a 14 anos,2006-12-01,1,2,1,2,3
LA GUARDIA,consulta externa,repetidas en personas de 5 a 14 anos,2006-12-01,13,12,13,12,25
LA PAZ,consulta externa,repetidas en personas de 5 a 14 anos,2006-12-01,2470,2367,2470,2367,4837
LAGUNILLAS,consulta externa,repetidas en personas de 5 a 14 anos,2006-12-01,20,19,20,19,39
LAJA,consulta externa,repetidas en personas de 5 a 14 anos,2006-12-01,1,1,1,1,2
LAS CARRERAS,consulta externa,repetidas en personas de 5 a 14 anos,2006-12-01,3,2,3,2,5
LLALLAGUA,consulta externa,repetidas en personas de 5 a 14 anos,2006-12-01,8,14,8,14,22
LLICA,consulta externa,repetidas en personas de 5 a 14 anos,2006-12-01,2,0,2,0,2
LORETO,consulta externa,repetidas en personas de 5 a 14 anos,2006-12-01,3,0,3,0,3
LURIBAY,consulta externa,repetidas en personas de 5 a 14 anos,2006-12-01,4,3,4,3,7
MACHACAMARCA,consulta externa,repetidas en personas de 5 a 14 anos,2006-12-01,5,5,5,5,10
MACHARETI,consulta externa,repetidas en personas de 5 a 14 anos,2006-12-01,2,4,2,4,6
MAGDALENA,consulta externa,repetidas en personas de 5 a 14 anos,2006-12-01,11,15,11,15,26
MALLA,consulta externa,repetidas en personas de 5 a 14 anos,2006-12-01,4,5,4,5,9
MAPIRI,consulta externa,repetidas en personas de 5 a 14 anos,2006-12-01,2,10,2,10,12
MECAPACA,consulta externa,repetidas en personas de 5 a 14 anos,2006-12-01,6,6,6,6,12
MINEROS,consulta externa,repetidas en personas de 5 a 14 anos,2006-12-01,2,1,2,1,3
MIZQUE,consulta externa,repetidas en personas de 5 a 14 anos,2006-12-01,2,0,2,0,2
MOCOMOCO,consulta externa,repetidas en personas de 5 a 14 anos,2006-12-01,1,2,1,2,3
MOJINETE,consulta externa,repetidas en personas de 5 a 14 anos,2006-12-01,1,0,1,0,1
MOJOCOYA,consulta externa,repetidas en personas de 5 a 14 anos,2006-12-01,1,1,1,1,2
MONTEAGUDO,consulta externa,repetidas en personas de 5 a 14 anos,2006-12-01,43,36,43,36,79
MONTERO,consulta externa,repetidas en personas de 5 a 14 anos,2006-12-01,207,246,207,246,453
MOROCHATA,consulta externa,repetidas en personas de 5 a 14 anos,2006-12-01,16,11,16,11,27
NACEBE (SANTA ROSA DEL ABUNA),consulta externa,repetidas en personas de 5 a 14 anos,2006-12-01,1,0,1,0,1
OKINAWA,consulta externa,repetidas en personas de 5 a 14 anos,2006-12-01,11,9,11,9,20
OMEREQUE,consulta externa,repetidas en personas de 5 a 14 anos,2006-12-01,0,1,0,1,1
ORURO,consulta externa,repetidas en personas de 5 a 14 anos,2006-12-01,514,456,514,456,970
PADCAYA,consulta externa,repetidas en personas de 5 a 14 anos,2006-12-01,4,9,4,9,13
PADILLA,consulta externa,repetidas en personas de 5 a 14 anos,2006-12-01,3,2,3,2,5
PAILON,consulta externa,repetidas en personas de 5 a 14 anos,2006-12-01,5,0,5,0,5
PALCA,consulta externa,repetidas en personas de 5 a 14 anos,2006-12-01,2,2,2,2,4
PALOS BLANCOS,consulta externa,repetidas en personas de 5 a 14 anos,2006-12-01,5,6,5,6,11
PAPEL PAMPA,consulta externa,repetidas en personas de 5 a 14 anos,2006-12-01,1,3,1,3,4
PAZÑA,consulta externa,repetidas en personas de 5 a 14 anos,2006-12-01,0,1,0,1,1
POCOATA,consulta externa,repetidas en personas de 5 a 14 anos,2006-12-01,2,0,2,0,2
POCONA,consulta externa,repetidas en personas de 5 a 14 anos,2006-12-01,3,1,3,1,4
POOPO,consulta externa,repetidas en personas de 5 a 14 anos,2006-12-01,1,1,1,1,2
PORCO,consulta externa,repetidas en personas de 5 a 14 anos,2006-12-01,1,0,1,0,1
PORONGO,consulta externa,repetidas en personas de 5 a 14 anos,2006-12-01,15,6,15,6,21
PORTACHUELO,consulta externa,repetidas en personas de 5 a 14 anos,2006-12-01,5,9,5,9,14
POSTRER VALLE,consulta externa,repetidas en personas de 5 a 14 anos,2006-12-01,1,3,1,3,4
POTOSI,consulta externa,repetidas en personas de 5 a 14 anos,2006-12-01,274,257,274,257,531
PRESTO,consulta externa,repetidas en personas de 5 a 14 anos,2006-12-01,0,3,0,3,3
PUCARANI,consulta externa,repetidas en personas de 5 a 14 anos,2006-12-01,0,6,0,6,6
PUERTO CARABUCO,consulta externa,repetidas en personas de 5 a 14 anos,2006-12-01,1,5,1,5,6
PUERTO PEREZ,consulta externa,repetidas en personas de 5 a 14 anos,2006-12-01,3,1,3,1,4
PUERTO QUIJARRO,consulta externa,repetidas en personas de 5 a 14 anos,2006-12-01,19,14,19,14,33
PUERTO RICO,consulta externa,repetidas en personas de 5 a 14 anos,2006-12-01,0,1,0,1,1
PUERTO SUAREZ,consulta externa,repetidas en personas de 5 a 14 anos,2006-12-01,10,24,10,24,34
PUERTO VILLARROEL,consulta externa,repetidas en personas de 5 a 14 anos,2006-12-01,12,10,12,10,22
PUNA,consulta externa,repetidas en personas de 5 a 14 anos,2006-12-01,1,2,1,2,3
PUNATA,consulta externa,repetidas en personas de 5 a 14 anos,2006-12-01,40,40,40,40,80
QUIABAYA,consulta externa,repetidas en personas de 5 a 14 anos,2006-12-01,1,4,1,4,5
QUILLACOLLO,consulta externa,repetidas en personas de 5 a 14 anos,2006-12-01,28,18,28,18,46
QUIME,consulta externa,repetidas en personas de 5 a 14 anos,2006-12-01,5,2,5,2,7
REYES,consulta externa,repetidas en personas de 5 a 14 anos,2006-12-01,3,2,3,2,5
RIBERALTA,consulta externa,repetidas en personas de 5 a 14 anos,2006-12-01,7,32,7,32,39
ROBORE,consulta externa,repetidas en personas de 5 a 14 anos,2006-12-01,14,10,14,10,24
RURRENABAQUE,consulta externa,repetidas en personas de 5 a 14 anos,2006-12-01,7,15,7,15,22
SABAYA,consulta externa,repetidas en personas de 5 a 14 anos,2006-12-01,0,1,0,1,1
SACABA,consulta externa,repetidas en personas de 5 a 14 anos,2006-12-01,57,42,57,42,99
SACABAMBA,consulta externa,repetidas en personas de 5 a 14 anos,2006-12-01,1,1,1,1,2
SAIPINA,consulta externa,repetidas en personas de 5 a 14 anos,2006-12-01,4,2,4,2,6
SALINAS DE GARCI MENDOZA,consulta externa,repetidas en personas de 5 a 14 anos,2006-12-01,4,0,4,0,4
SAMAIPATA,consulta externa,repetidas en personas de 5 a 14 anos,2006-12-01,0,1,0,1,1
SAN ANDRES,consulta externa,repetidas en personas de 5 a 14 anos,2006-12-01,1,0,1,0,1
SAN ANDRES DE MACHACA,consulta externa,repetidas en personas de 5 a 14 anos,2006-12-01,1,0,1,0,1
SAN ANTONIO DE ESMORUCO,consulta externa,repetidas en personas de 5 a 14 anos,2006-12-01,0,1,0,1,1
SAN ANTONIO DE LOMERIO,consulta externa,repetidas en personas de 5 a 14 anos,2006-12-01,1,0,1,0,1
SAN BENITO,consulta externa,repetidas en personas de 5 a 14 anos,2006-12-01,25,19,25,19,44
SAN BORJA,consulta externa,repetidas en personas de 5 a 14 anos,2006-12-01,8,11,8,11,19
SAN BUENA VENTURA,consulta externa,repetidas en personas de 5 a 14 anos,2006-12-01,12,5,12,5,17
SAN CARLOS,consulta externa,repetidas en personas de 5 a 14 anos,2006-12-01,3,6,3,6,9
SAN IGNACIO,consulta externa,repetidas en personas de 5 a 14 anos,2006-12-01,4,5,4,5,9
SAN IGNACIO DE VELASCO,consulta externa,repetidas en personas de 5 a 14 anos,2006-12-01,58,116,58,116,174
SAN JAVIER(BNI),consulta externa,repetidas en personas de 5 a 14 anos,2006-12-01,1,1,1,1,2
SAN JAVIER(STC),consulta externa,repetidas en personas de 5 a 14 anos,2006-12-01,33,3,33,3,36
SAN JOAQUIN,consulta externa,repetidas en personas de 5 a 14 anos,2006-12-01,13,25,13,25,38
SAN JOSE DE CHIQUITOS,consulta externa,repetidas en personas de 5 a 14 anos,2006-12-01,4,1,4,1,5
SAN JUAN DE YAPACANI,consulta externa,repetidas en personas de 5 a 14 anos,2006-12-01,3,7,3,7,10
SAN JULIAN,consulta externa,repetidas en personas de 5 a 14 anos,2006-12-01,9,9,9,9,18
SAN LORENZO(PND),consulta externa,repetidas en personas de 5 a 14 anos,2006-12-01,2,0,2,0,2
SAN LORENZO(TJA),consulta externa,repetidas en personas de 5 a 14 anos,2006-12-01,21,28,21,28,49
SAN LUCAS,consulta externa,repetidas en personas de 5 a 14 anos,2006-12-01,1,6,1,6,7
SAN MATIAS,consulta externa,repetidas en personas de 5 a 14 anos,2006-12-01,1,1,1,1,2
SAN MIGUEL DE VELASCO,consulta externa,repetidas en personas de 5 a 14 anos,2006-12-01,15,12,15,12,27
SAN PABLO DE LIPEZ,consulta externa,repetidas en personas de 5 a 14 anos,2006-12-01,2,0,2,0,2
SAN PEDRO,consulta externa,repetidas en personas de 5 a 14 anos,2006-12-01,20,19,20,19,39
SAN PEDRO DE BUENA VISTA,consulta externa,repetidas en personas de 5 a 14 anos,2006-12-01,3,1,3,1,4
SAN PEDRO DE CURAHUARA,consulta externa,repetidas en personas de 5 a 14 anos,2006-12-01,0,2,0,2,2
SAN PEDRO DE TIQUINA,consulta externa,repetidas en personas de 5 a 14 anos,2006-12-01,7,2,7,2,9
SAN RAFAEL,consulta externa,repetidas en personas de 5 a 14 anos,2006-12-01,3,1,3,1,4
SAN RAMON,consulta externa,repetidas en personas de 5 a 14 anos,2006-12-01,8,8,8,8,16
SAN RAMON,consulta externa,repetidas en personas de 5 a 14 anos,2006-12-01,14,10,14,10,24
SANTA ANA,consulta externa,repetidas en personas de 5 a 14 anos,2006-12-01,15,13,15,13,28
SANTA CRUZ DE LA SIERRA,consulta externa,repetidas en personas de 5 a 14 anos,2006-12-01,1735,2019,1735,2019,3754
SANTA ROSA DEL SARA,consulta externa,repetidas en personas de 5 a 14 anos,2006-12-01,4,2,4,2,6
SANTIAGO DE CALLAPA,consulta externa,repetidas en personas de 5 a 14 anos,2006-12-01,0,1,0,1,1
SANTIAGO DE HUARI,consulta externa,repetidas en personas de 5 a 14 anos,2006-12-01,1,4,1,4,5
SANTIAGO DE MACHACA,consulta externa,repetidas en personas de 5 a 14 anos,2006-12-01,1,2,1,2,3
SANTIVAÑES,consulta externa,repetidas en personas de 5 a 14 anos,2006-12-01,1,2,1,2,3
SANTUARIO DE QUILLACAS,consulta externa,repetidas en personas de 5 a 14 anos,2006-12-01,3,0,3,0,3
SAPAHAQUI,consulta externa,repetidas en personas de 5 a 14 anos,2006-12-01,2,0,2,0,2
SENA,consulta externa,repetidas en personas de 5 a 14 anos,2006-12-01,0,3,0,3,3
SICA SICA (VILLA AROMA),consulta externa,repetidas en personas de 5 a 14 anos,2006-12-01,0,1,0,1,1
SIPE SIPE,consulta externa,repetidas en personas de 5 a 14 anos,2006-12-01,14,2,14,2,16
SOPACHUY,consulta externa,repetidas en personas de 5 a 14 anos,2006-12-01,0,2,0,2,2
SORATA,consulta externa,repetidas en personas de 5 a 14 anos,2006-12-01,2,2,2,2,4
SUCRE,consulta externa,repetidas en personas de 5 a 14 anos,2006-12-01,1319,1067,1319,1067,2386
TACACHI,consulta externa,repetidas en personas de 5 a 14 anos,2006-12-01,0,1,0,1,1
TACOBAMBA,consulta externa,repetidas en personas de 5 a 14 anos,2006-12-01,1,0,1,0,1
TACOPAYA,consulta externa,repetidas en personas de 5 a 14 anos,2006-12-01,0,2,0,2,2
TAPACARI,consulta externa,repetidas en personas de 5 a 14 anos,2006-12-01,2,0,2,0,2
TARABUCO,consulta externa,repetidas en personas de 5 a 14 anos,2006-12-01,6,7,6,7,13
TARATA,consulta externa,repetidas en personas de 5 a 14 anos,2006-12-01,1,3,1,3,4
TARIJA,consulta externa,repetidas en personas de 5 a 14 anos,2006-12-01,197,218,197,218,415
TIAWANACU,consulta externa,repetidas en personas de 5 a 14 anos,2006-12-01,0,4,0,4,4
TIQUIPAYA,consulta externa,repetidas en personas de 5 a 14 anos,2006-12-01,20,15,20,15,35
TIRAQUE (CBBA),consulta externa,repetidas en personas de 5 a 14 anos,2006-12-01,18,22,18,22,40
TITO YUPANQUI (PARQUIPUJIO),consulta externa,repetidas en personas de 5 a 14 anos,2006-12-01,0,1,0,1,1
TOCO,consulta externa,repetidas en personas de 5 a 14 anos,2006-12-01,2,0,2,0,2
TOLATA,consulta externa,repetidas en personas de 5 a 14 anos,2006-12-01,0,3,0,3,3
TOLEDO,consulta externa,repetidas en personas de 5 a 14 anos,2006-12-01,15,23,15,23,38
TOMAVE,consulta externa,repetidas en personas de 5 a 14 anos,2006-12-01,1,6,1,6,7
TOMINA,consulta externa,repetidas en personas de 5 a 14 anos,2006-12-01,3,2,3,2,5
TOTORA(CBBA),consulta externa,repetidas en personas de 5 a 14 anos,2006-12-01,1,1,1,1,2
TRINIDAD,consulta externa,repetidas en personas de 5 a 14 anos,2006-12-01,142,181,142,181,323
TUPIZA,consulta externa,repetidas en personas de 5 a 14 anos,2006-12-01,105,94,105,94,199
UNCIA,consulta externa,repetidas en personas de 5 a 14 anos,2006-12-01,15,10,15,10,25
URIONDO (A. CONCEPCION),consulta externa,repetidas en personas de 5 a 14 anos,2006-12-01,0,5,0,5,5
UYUNI,consulta externa,repetidas en personas de 5 a 14 anos,2006-12-01,2,0,2,0,2
VACAS,consulta externa,repetidas en personas de 5 a 14 anos,2006-12-01,9,3,9,3,12
VALLEGRANDE,consulta externa,repetidas en personas de 5 a 14 anos,2006-12-01,35,28,35,28,63
VIACHA,consulta externa,repetidas en personas de 5 a 14 anos,2006-12-01,26,45,26,45,71
VILLA MONTES,consulta externa,repetidas en personas de 5 a 14 anos,2006-12-01,28,28,28,28,56
VILLA NUEVA (LOMA ALTA),consulta externa,repetidas en personas de 5 a 14 anos,2006-12-01,2,1,2,1,3
VILLA RIVERO,consulta externa,repetidas en personas de 5 a 14 anos,2006-12-01,0,1,0,1,1
VILLA SERRANO,consulta externa,repetidas en personas de 5 a 14 anos,2006-12-01,4,0,4,0,4
VILLA TUNARI,consulta externa,repetidas en personas de 5 a 14 anos,2006-12-01,4,5,4,5,9
VILLA VACA GUZMAN (MUYUPAMPA),consulta externa,repetidas en personas de 5 a 14 anos,2006-12-01,4,2,4,2,6
VILLAZON,consulta externa,repetidas en personas de 5 a 14 anos,2006-12-01,26,26,26,26,52
VINTO,consulta externa,repetidas en personas de 5 a 14 anos,2006-12-01,2,4,2,4,6
VITICHI,consulta externa,repetidas en personas de 5 a 14 anos,2006-12-01,2,2,2,2,4
WARNES,consulta externa,repetidas en personas de 5 a 14 anos,2006-12-01,12,10,12,10,22
YACO,consulta externa,repetidas en personas de 5 a 14 anos,2006-12-01,5,1,5,1,6
YACUIBA,consulta externa,repetidas en personas de 5 a 14 anos,2006-12-01,99,113,99,113,212
YAMPARAEZ,consulta externa,repetidas en personas de 5 a 14 anos,2006-12-01,4,4,4,4,8
YANACACHI,consulta externa,repetidas en personas de 5 a 14 anos,2006-12-01,3,0,3,0,3
YAPACANI,consulta externa,repetidas en personas de 5 a 14 anos,2006-12-01,21,11,21,11,32
YOTALA,consulta externa,repetidas en personas de 5 a 14 anos,2006-12-01,5,7,5,7,12
YUNCHARA,consulta externa,repetidas en personas de 5 a 14 anos,2006-12-01,41,54,41,54,95
ZUDAÑEZ,consulta externa,repetidas en personas de 5 a 14 anos,2006-12-01,6,30,6,30,36
