municipality,group,variable,month,Repetidas en personas de 60 años o más -Hombre,Repetidas en personas de 60 años o más -Mujer,TOTAL-H,TOTAL-M,TOTAL
ACACIO,consulta externa,repetidas en personas de 60 anos o mas,2006-01-01,2,0,2,0,2
ACHACACHI,consulta externa,repetidas en personas de 60 anos o mas,2006-01-01,28,17,28,17,45
AIQUILE,consulta externa,repetidas en personas de 60 anos o mas,2006-01-01,38,57,38,57,95
ALALAY,consulta externa,repetidas en personas de 60 anos o mas,2006-01-01,0,1,0,1,1
ANCORAIMES,consulta externa,repetidas en personas de 60 anos o mas,2006-01-01,3,3,3,3,6
ANDAMARCA,consulta externa,repetidas en personas de 60 anos o mas,2006-01-01,4,1,4,1,5
ANZALDO,consulta externa,repetidas en personas de 60 anos o mas,2006-01-01,2,2,2,2,4
APOLO,consulta externa,repetidas en personas de 60 anos o mas,2006-01-01,11,3,11,3,14
ARANI,consulta externa,repetidas en personas de 60 anos o mas,2006-01-01,7,8,7,8,15
ARBIETO,consulta externa,repetidas en personas de 60 anos o mas,2006-01-01,3,1,3,1,4
ARQUE,consulta externa,repetidas en personas de 60 anos o mas,2006-01-01,0,1,0,1,1
ASCENCION DE GUARAYOS,consulta externa,repetidas en personas de 60 anos o mas,2006-01-01,1,4,1,4,5
ATOCHA,consulta externa,repetidas en personas de 60 anos o mas,2006-01-01,42,85,42,85,127
AUCAPATA,consulta externa,repetidas en personas de 60 anos o mas,2006-01-01,0,1,0,1,1
AYATA,consulta externa,repetidas en personas de 60 anos o mas,2006-01-01,1,0,1,0,1
AYO AYO,consulta externa,repetidas en personas de 60 anos o mas,2006-01-01,0,1,0,1,1
AYOPAYA (V. DE INDEPENDENCIA),consulta externa,repetidas en personas de 60 anos o mas,2006-01-01,1,4,1,4,5
AZURDUY,consulta externa,repetidas en personas de 60 anos o mas,2006-01-01,2,3,2,3,5
BATALLAS,consulta externa,repetidas en personas de 60 anos o mas,2006-01-01,3,1,3,1,4
BAURES,consulta externa,repetidas en personas de 60 anos o mas,2006-01-01,1,1,1,1,2
BELEN DE ANDAMARCA,consulta externa,repetidas en personas de 60 anos o mas,2006-01-01,1,0,1,0,1
BELEN DE URMIRI,consulta externa,repetidas en personas de 60 anos o mas,2006-01-01,2,0,2,0,2
BERMEJO,consulta externa,repetidas en personas de 60 anos o mas,2006-01-01,37,22,37,22,59
BETANZOS,consulta externa,repetidas en personas de 60 anos o mas,2006-01-01,40,52,40,52,92
BOLIVAR,consulta externa,repetidas en personas de 60 anos o mas,2006-01-01,2,1,2,1,3
BOYUIBE,consulta externa,repetidas en personas de 60 anos o mas,2006-01-01,2,6,2,6,8
BUENA VISTA,consulta externa,repetidas en personas de 60 anos o mas,2006-01-01,26,17,26,17,43
CABEZAS,consulta externa,repetidas en personas de 60 anos o mas,2006-01-01,3,1,3,1,4
CAIROMA,consulta externa,repetidas en personas de 60 anos o mas,2006-01-01,10,3,10,3,13
"CAIZA ""D""",consulta externa,repetidas en personas de 60 anos o mas,2006-01-01,1,1,1,1,2
CALACOTO,consulta externa,repetidas en personas de 60 anos o mas,2006-01-01,2,2,2,2,4
CAMARGO,consulta externa,repetidas en personas de 60 anos o mas,2006-01-01,5,18,5,18,23
CAMATAQUI (C. VILLA ABECIA),consulta externa,repetidas en personas de 60 anos o mas,2006-01-01,0,1,0,1,1
CAMIRI,consulta externa,repetidas en personas de 60 anos o mas,2006-01-01,53,112,53,112,165
CAPINOTA,consulta externa,repetidas en personas de 60 anos o mas,2006-01-01,16,26,16,26,42
CAQUIAVIRI,consulta externa,repetidas en personas de 60 anos o mas,2006-01-01,3,3,3,3,6
CARACOLLO,consulta externa,repetidas en personas de 60 anos o mas,2006-01-01,9,9,9,9,18
CARANAVI,consulta externa,repetidas en personas de 60 anos o mas,2006-01-01,13,14,13,14,27
CARIPUYO,consulta externa,repetidas en personas de 60 anos o mas,2006-01-01,3,0,3,0,3
CHACARILLA,consulta externa,repetidas en personas de 60 anos o mas,2006-01-01,1,0,1,0,1
CHALLAPATA,consulta externa,repetidas en personas de 60 anos o mas,2006-01-01,11,16,11,16,27
CHAQUI,consulta externa,repetidas en personas de 60 anos o mas,2006-01-01,1,3,1,3,4
CHARAGUA,consulta externa,repetidas en personas de 60 anos o mas,2006-01-01,3,6,3,6,9
CHARAÑA,consulta externa,repetidas en personas de 60 anos o mas,2006-01-01,1,0,1,0,1
CHAYANTA,consulta externa,repetidas en personas de 60 anos o mas,2006-01-01,4,16,4,16,20
CHULUMANI (V. DE LA LIBERTAD),consulta externa,repetidas en personas de 60 anos o mas,2006-01-01,9,10,9,10,19
CHUMA,consulta externa,repetidas en personas de 60 anos o mas,2006-01-01,2,3,2,3,5
CLIZA,consulta externa,repetidas en personas de 60 anos o mas,2006-01-01,5,3,5,3,8
COBIJA,consulta externa,repetidas en personas de 60 anos o mas,2006-01-01,27,161,27,161,188
COCHABAMBA,consulta externa,repetidas en personas de 60 anos o mas,2006-01-01,5027,5933,5027,5933,10960
COLCAPIRHUA,consulta externa,repetidas en personas de 60 anos o mas,2006-01-01,30,87,30,87,117
"COLCHA ""K""",consulta externa,repetidas en personas de 60 anos o mas,2006-01-01,4,7,4,7,11
COLLANA,consulta externa,repetidas en personas de 60 anos o mas,2006-01-01,1,4,1,4,5
COLPA BELGICA,consulta externa,repetidas en personas de 60 anos o mas,2006-01-01,32,4,32,4,36
COLQUECHACA,consulta externa,repetidas en personas de 60 anos o mas,2006-01-01,5,11,5,11,16
COLQUENCHA,consulta externa,repetidas en personas de 60 anos o mas,2006-01-01,1,3,1,3,4
COLQUIRI,consulta externa,repetidas en personas de 60 anos o mas,2006-01-01,7,4,7,4,11
COMARAPA,consulta externa,repetidas en personas de 60 anos o mas,2006-01-01,19,18,19,18,37
CONCEPCION,consulta externa,repetidas en personas de 60 anos o mas,2006-01-01,1,0,1,0,1
CORO CORO,consulta externa,repetidas en personas de 60 anos o mas,2006-01-01,2,3,2,3,5
COROICO,consulta externa,repetidas en personas de 60 anos o mas,2006-01-01,12,14,12,14,26
CORQUE,consulta externa,repetidas en personas de 60 anos o mas,2006-01-01,6,1,6,1,7
COTAGAITA,consulta externa,repetidas en personas de 60 anos o mas,2006-01-01,22,29,22,29,51
COTOCA,consulta externa,repetidas en personas de 60 anos o mas,2006-01-01,18,10,18,10,28
CUEVO,consulta externa,repetidas en personas de 60 anos o mas,2006-01-01,1,3,1,3,4
CULPINA,consulta externa,repetidas en personas de 60 anos o mas,2006-01-01,1,1,1,1,2
CURAHUARA DE CARANGAS,consulta externa,repetidas en personas de 60 anos o mas,2006-01-01,1,4,1,4,5
DESAGUADERO,consulta externa,repetidas en personas de 60 anos o mas,2006-01-01,0,1,0,1,1
EL ALTO,consulta externa,repetidas en personas de 60 anos o mas,2006-01-01,564,681,564,681,1245
EL CHORO,consulta externa,repetidas en personas de 60 anos o mas,2006-01-01,0,1,0,1,1
EL PUENTE(TJA),consulta externa,repetidas en personas de 60 anos o mas,2006-01-01,1,2,1,2,3
EL TORNO,consulta externa,repetidas en personas de 60 anos o mas,2006-01-01,284,222,284,222,506
EL VILLAR,consulta externa,repetidas en personas de 60 anos o mas,2006-01-01,3,1,3,1,4
ENTRE RIOS,consulta externa,repetidas en personas de 60 anos o mas,2006-01-01,2,0,2,0,2
ENTRE RIOS,consulta externa,repetidas en personas de 60 anos o mas,2006-01-01,5,10,5,10,15
EUCALIPTUS,consulta externa,repetidas en personas de 60 anos o mas,2006-01-01,1,2,1,2,3
EUREKA (SANTOS MERCADO),consulta externa,repetidas en personas de 60 anos o mas,2006-01-01,0,1,0,1,1
EXALTACION,consulta externa,repetidas en personas de 60 anos o mas,2006-01-01,0,1,0,1,1
FERNANDEZ ALONSO,consulta externa,repetidas en personas de 60 anos o mas,2006-01-01,1,1,1,1,2
FILADELFIA,consulta externa,repetidas en personas de 60 anos o mas,2006-01-01,1,2,1,2,3
GENERAL SAAVEDRA,consulta externa,repetidas en personas de 60 anos o mas,2006-01-01,0,5,0,5,5
GRAL. J.J. PEREZ (CHARAZANI),consulta externa,repetidas en personas de 60 anos o mas,2006-01-01,0,2,0,2,2
GUANAY,consulta externa,repetidas en personas de 60 anos o mas,2006-01-01,0,1,0,1,1
GUAQUI,consulta externa,repetidas en personas de 60 anos o mas,2006-01-01,10,5,10,5,15
GUAYARAMERIN,consulta externa,repetidas en personas de 60 anos o mas,2006-01-01,217,204,217,204,421
GUTIERREZ,consulta externa,repetidas en personas de 60 anos o mas,2006-01-01,0,5,0,5,5
HUACARETA,consulta externa,repetidas en personas de 60 anos o mas,2006-01-01,7,6,7,6,13
HUACHACALLA,consulta externa,repetidas en personas de 60 anos o mas,2006-01-01,1,0,1,0,1
HUANUNI,consulta externa,repetidas en personas de 60 anos o mas,2006-01-01,93,75,93,75,168
HUARACAJE,consulta externa,repetidas en personas de 60 anos o mas,2006-01-01,1,1,1,1,2
HUAYLLAMARCA,consulta externa,repetidas en personas de 60 anos o mas,2006-01-01,3,2,3,2,5
ICHOCA,consulta externa,repetidas en personas de 60 anos o mas,2006-01-01,3,4,3,4,7
ICLA,consulta externa,repetidas en personas de 60 anos o mas,2006-01-01,1,2,1,2,3
INCAHUASI,consulta externa,repetidas en personas de 60 anos o mas,2006-01-01,2,0,2,0,2
INQUISIVI,consulta externa,repetidas en personas de 60 anos o mas,2006-01-01,7,2,7,2,9
IRUPANA (VILLA DE LANZA),consulta externa,repetidas en personas de 60 anos o mas,2006-01-01,6,9,6,9,15
JESUS DE MACHACA,consulta externa,repetidas en personas de 60 anos o mas,2006-01-01,5,6,5,6,11
LA GUARDIA,consulta externa,repetidas en personas de 60 anos o mas,2006-01-01,4,11,4,11,15
LA PAZ,consulta externa,repetidas en personas de 60 anos o mas,2006-01-01,8774,11931,8774,11931,20705
LAJA,consulta externa,repetidas en personas de 60 anos o mas,2006-01-01,14,2,14,2,16
LAS CARRERAS,consulta externa,repetidas en personas de 60 anos o mas,2006-01-01,2,6,2,6,8
LLALLAGUA,consulta externa,repetidas en personas de 60 anos o mas,2006-01-01,70,76,70,76,146
LLICA,consulta externa,repetidas en personas de 60 anos o mas,2006-01-01,7,9,7,9,16
LORETO,consulta externa,repetidas en personas de 60 anos o mas,2006-01-01,1,1,1,1,2
MACHACAMARCA,consulta externa,repetidas en personas de 60 anos o mas,2006-01-01,44,39,44,39,83
MACHARETI,consulta externa,repetidas en personas de 60 anos o mas,2006-01-01,2,0,2,0,2
MAGDALENA,consulta externa,repetidas en personas de 60 anos o mas,2006-01-01,69,85,69,85,154
MAIRANA,consulta externa,repetidas en personas de 60 anos o mas,2006-01-01,0,1,0,1,1
MALLA,consulta externa,repetidas en personas de 60 anos o mas,2006-01-01,1,0,1,0,1
MECAPACA,consulta externa,repetidas en personas de 60 anos o mas,2006-01-01,4,4,4,4,8
MINEROS,consulta externa,repetidas en personas de 60 anos o mas,2006-01-01,89,4,89,4,93
MIZQUE,consulta externa,repetidas en personas de 60 anos o mas,2006-01-01,2,4,2,4,6
MOCOMOCO,consulta externa,repetidas en personas de 60 anos o mas,2006-01-01,3,5,3,5,8
MOJINETE,consulta externa,repetidas en personas de 60 anos o mas,2006-01-01,2,3,2,3,5
MOJOCOYA,consulta externa,repetidas en personas de 60 anos o mas,2006-01-01,1,4,1,4,5
MONTEAGUDO,consulta externa,repetidas en personas de 60 anos o mas,2006-01-01,93,66,93,66,159
MONTERO,consulta externa,repetidas en personas de 60 anos o mas,2006-01-01,654,820,654,820,1474
MORO MORO,consulta externa,repetidas en personas de 60 anos o mas,2006-01-01,2,4,2,4,6
MOROCHATA,consulta externa,repetidas en personas de 60 anos o mas,2006-01-01,8,10,8,10,18
OCURI,consulta externa,repetidas en personas de 60 anos o mas,2006-01-01,0,1,0,1,1
OKINAWA,consulta externa,repetidas en personas de 60 anos o mas,2006-01-01,7,7,7,7,14
ORURO,consulta externa,repetidas en personas de 60 anos o mas,2006-01-01,1264,1587,1264,1587,2851
PADCAYA,consulta externa,repetidas en personas de 60 anos o mas,2006-01-01,7,10,7,10,17
PADILLA,consulta externa,repetidas en personas de 60 anos o mas,2006-01-01,14,15,14,15,29
PALCA,consulta externa,repetidas en personas de 60 anos o mas,2006-01-01,3,0,3,0,3
PALOS BLANCOS,consulta externa,repetidas en personas de 60 anos o mas,2006-01-01,6,4,6,4,10
PAMPA AULLAGAS,consulta externa,repetidas en personas de 60 anos o mas,2006-01-01,1,1,1,1,2
PAMPA GRANDE,consulta externa,repetidas en personas de 60 anos o mas,2006-01-01,1,11,1,11,12
PAPEL PAMPA,consulta externa,repetidas en personas de 60 anos o mas,2006-01-01,3,3,3,3,6
PASORAPA,consulta externa,repetidas en personas de 60 anos o mas,2006-01-01,0,3,0,3,3
PATACAMAYA,consulta externa,repetidas en personas de 60 anos o mas,2006-01-01,0,1,0,1,1
PAZÑA,consulta externa,repetidas en personas de 60 anos o mas,2006-01-01,14,14,14,14,28
POCOATA,consulta externa,repetidas en personas de 60 anos o mas,2006-01-01,1,0,1,0,1
POCONA,consulta externa,repetidas en personas de 60 anos o mas,2006-01-01,0,3,0,3,3
POOPO,consulta externa,repetidas en personas de 60 anos o mas,2006-01-01,5,3,5,3,8
POROMA,consulta externa,repetidas en personas de 60 anos o mas,2006-01-01,4,3,4,3,7
PORONGO,consulta externa,repetidas en personas de 60 anos o mas,2006-01-01,6,1,6,1,7
PORTACHUELO,consulta externa,repetidas en personas de 60 anos o mas,2006-01-01,11,5,11,5,16
PORVENIR,consulta externa,repetidas en personas de 60 anos o mas,2006-01-01,2,1,2,1,3
POSTRER VALLE,consulta externa,repetidas en personas de 60 anos o mas,2006-01-01,4,1,4,1,5
POTOSI,consulta externa,repetidas en personas de 60 anos o mas,2006-01-01,986,1084,986,1084,2070
PUCARA,consulta externa,repetidas en personas de 60 anos o mas,2006-01-01,2,3,2,3,5
PUCARANI,consulta externa,repetidas en personas de 60 anos o mas,2006-01-01,4,7,4,7,11
PUERTO ACOSTA,consulta externa,repetidas en personas de 60 anos o mas,2006-01-01,9,6,9,6,15
PUERTO CARABUCO,consulta externa,repetidas en personas de 60 anos o mas,2006-01-01,4,3,4,3,7
PUERTO GONZALO MORENO,consulta externa,repetidas en personas de 60 anos o mas,2006-01-01,4,0,4,0,4
PUERTO PEREZ,consulta externa,repetidas en personas de 60 anos o mas,2006-01-01,16,3,16,3,19
PUERTO QUIJARRO,consulta externa,repetidas en personas de 60 anos o mas,2006-01-01,18,10,18,10,28
PUERTO RICO,consulta externa,repetidas en personas de 60 anos o mas,2006-01-01,1,1,1,1,2
PUERTO SUAREZ,consulta externa,repetidas en personas de 60 anos o mas,2006-01-01,1,4,1,4,5
PUERTO VILLARROEL,consulta externa,repetidas en personas de 60 anos o mas,2006-01-01,1,7,1,7,8
PUNA,consulta externa,repetidas en personas de 60 anos o mas,2006-01-01,2,11,2,11,13
PUNATA,consulta externa,repetidas en personas de 60 anos o mas,2006-01-01,79,74,79,74,153
QUILLACOLLO,consulta externa,repetidas en personas de 60 anos o mas,2006-01-01,47,323,47,323,370
QUIRUSILLAS,consulta externa,repetidas en personas de 60 anos o mas,2006-01-01,2,0,2,0,2
RIBERALTA,consulta externa,repetidas en personas de 60 anos o mas,2006-01-01,5,17,5,17,22
ROBORE,consulta externa,repetidas en personas de 60 anos o mas,2006-01-01,13,22,13,22,35
RURRENABAQUE,consulta externa,repetidas en personas de 60 anos o mas,2006-01-01,54,34,54,34,88
SABAYA,consulta externa,repetidas en personas de 60 anos o mas,2006-01-01,0,2,0,2,2
SACABA,consulta externa,repetidas en personas de 60 anos o mas,2006-01-01,80,98,80,98,178
SACABAMBA,consulta externa,repetidas en personas de 60 anos o mas,2006-01-01,1,3,1,3,4
SAIPINA,consulta externa,repetidas en personas de 60 anos o mas,2006-01-01,39,58,39,58,97
SALINAS DE GARCI MENDOZA,consulta externa,repetidas en personas de 60 anos o mas,2006-01-01,2,3,2,3,5
SAMAIPATA,consulta externa,repetidas en personas de 60 anos o mas,2006-01-01,1,0,1,0,1
SAN ANDRES,consulta externa,repetidas en personas de 60 anos o mas,2006-01-01,0,1,0,1,1
SAN ANDRES DE MACHACA,consulta externa,repetidas en personas de 60 anos o mas,2006-01-01,1,0,1,0,1
SAN ANTONIO DE LOMERIO,consulta externa,repetidas en personas de 60 anos o mas,2006-01-01,5,2,5,2,7
SAN BENITO,consulta externa,repetidas en personas de 60 anos o mas,2006-01-01,9,12,9,12,21
SAN BORJA,consulta externa,repetidas en personas de 60 anos o mas,2006-01-01,65,46,65,46,111
SAN CARLOS,consulta externa,repetidas en personas de 60 anos o mas,2006-01-01,15,11,15,11,26
SAN IGNACIO,consulta externa,repetidas en personas de 60 anos o mas,2006-01-01,40,59,40,59,99
SAN IGNACIO DE VELASCO,consulta externa,repetidas en personas de 60 anos o mas,2006-01-01,38,52,38,52,90
SAN JAVIER(BNI),consulta externa,repetidas en personas de 60 anos o mas,2006-01-01,2,1,2,1,3
SAN JAVIER(STC),consulta externa,repetidas en personas de 60 anos o mas,2006-01-01,0,3,0,3,3
SAN JOAQUIN,consulta externa,repetidas en personas de 60 anos o mas,2006-01-01,16,17,16,17,33
SAN JOSE DE CHIQUITOS,consulta externa,repetidas en personas de 60 anos o mas,2006-01-01,13,20,13,20,33
SAN JUAN DE YAPACANI,consulta externa,repetidas en personas de 60 anos o mas,2006-01-01,15,11,15,11,26
SAN JULIAN,consulta externa,repetidas en personas de 60 anos o mas,2006-01-01,5,14,5,14,19
SAN LORENZO(PND),consulta externa,repetidas en personas de 60 anos o mas,2006-01-01,2,1,2,1,3
SAN LORENZO(TJA),consulta externa,repetidas en personas de 60 anos o mas,2006-01-01,3,6,3,6,9
SAN LUCAS,consulta externa,repetidas en personas de 60 anos o mas,2006-01-01,26,31,26,31,57
SAN MIGUEL DE VELASCO,consulta externa,repetidas en personas de 60 anos o mas,2006-01-01,26,78,26,78,104
SAN PABLO DE LIPEZ,consulta externa,repetidas en personas de 60 anos o mas,2006-01-01,3,0,3,0,3
SAN PEDRO,consulta externa,repetidas en personas de 60 anos o mas,2006-01-01,5,7,5,7,12
SAN PEDRO DE BUENA VISTA,consulta externa,repetidas en personas de 60 anos o mas,2006-01-01,0,1,0,1,1
SAN PEDRO DE CURAHUARA,consulta externa,repetidas en personas de 60 anos o mas,2006-01-01,4,4,4,4,8
SAN PEDRO DE TIQUINA,consulta externa,repetidas en personas de 60 anos o mas,2006-01-01,1,12,1,12,13
SAN PEDRO(PND),consulta externa,repetidas en personas de 60 anos o mas,2006-01-01,1,1,1,1,2
SAN RAFAEL,consulta externa,repetidas en personas de 60 anos o mas,2006-01-01,1,0,1,0,1
SAN RAMON,consulta externa,repetidas en personas de 60 anos o mas,2006-01-01,22,30,22,30,52
SAN RAMON,consulta externa,repetidas en personas de 60 anos o mas,2006-01-01,2,8,2,8,10
SANTA ANA,consulta externa,repetidas en personas de 60 anos o mas,2006-01-01,99,131,99,131,230
SANTA CRUZ DE LA SIERRA,consulta externa,repetidas en personas de 60 anos o mas,2006-01-01,2566,4895,2566,4895,7461
SANTA ROSA,consulta externa,repetidas en personas de 60 anos o mas,2006-01-01,2,0,2,0,2
SANTA ROSA DEL SARA,consulta externa,repetidas en personas de 60 anos o mas,2006-01-01,1,3,1,3,4
SANTIAGO DE CALLAPA,consulta externa,repetidas en personas de 60 anos o mas,2006-01-01,2,1,2,1,3
SANTIAGO DE HUARI,consulta externa,repetidas en personas de 60 anos o mas,2006-01-01,13,8,13,8,21
SANTIAGO DE MACHACA,consulta externa,repetidas en personas de 60 anos o mas,2006-01-01,3,1,3,1,4
SANTIVAÑES,consulta externa,repetidas en personas de 60 anos o mas,2006-01-01,2,9,2,9,11
SANTUARIO DE QUILLACAS,consulta externa,repetidas en personas de 60 anos o mas,2006-01-01,2,1,2,1,3
SENA,consulta externa,repetidas en personas de 60 anos o mas,2006-01-01,1,0,1,0,1
SICA SICA (VILLA AROMA),consulta externa,repetidas en personas de 60 anos o mas,2006-01-01,7,4,7,4,11
SICAYA,consulta externa,repetidas en personas de 60 anos o mas,2006-01-01,0,1,0,1,1
SIPE SIPE,consulta externa,repetidas en personas de 60 anos o mas,2006-01-01,17,33,17,33,50
SORACACHI,consulta externa,repetidas en personas de 60 anos o mas,2006-01-01,2,1,2,1,3
SORATA,consulta externa,repetidas en personas de 60 anos o mas,2006-01-01,3,1,3,1,4
SUCRE,consulta externa,repetidas en personas de 60 anos o mas,2006-01-01,1150,1344,1150,1344,2494
TACACHI,consulta externa,repetidas en personas de 60 anos o mas,2006-01-01,2,1,2,1,3
TACOBAMBA,consulta externa,repetidas en personas de 60 anos o mas,2006-01-01,0,3,0,3,3
TACOPAYA,consulta externa,repetidas en personas de 60 anos o mas,2006-01-01,0,1,0,1,1
TAHUA,consulta externa,repetidas en personas de 60 anos o mas,2006-01-01,1,0,1,0,1
TAPACARI,consulta externa,repetidas en personas de 60 anos o mas,2006-01-01,2,5,2,5,7
TARABUCO,consulta externa,repetidas en personas de 60 anos o mas,2006-01-01,9,32,9,32,41
TARACO,consulta externa,repetidas en personas de 60 anos o mas,2006-01-01,3,4,3,4,7
TARATA,consulta externa,repetidas en personas de 60 anos o mas,2006-01-01,1,2,1,2,3
TARIJA,consulta externa,repetidas en personas de 60 anos o mas,2006-01-01,1302,1933,1302,1933,3235
TARVITA,consulta externa,repetidas en personas de 60 anos o mas,2006-01-01,1,2,1,2,3
TEOPONTE,consulta externa,repetidas en personas de 60 anos o mas,2006-01-01,13,9,13,9,22
TIAWANACU,consulta externa,repetidas en personas de 60 anos o mas,2006-01-01,3,8,3,8,11
TIPUANI,consulta externa,repetidas en personas de 60 anos o mas,2006-01-01,3,0,3,0,3
TIQUIPAYA,consulta externa,repetidas en personas de 60 anos o mas,2006-01-01,10,21,10,21,31
TIRAQUE (CBBA),consulta externa,repetidas en personas de 60 anos o mas,2006-01-01,7,10,7,10,17
TITO YUPANQUI (PARQUIPUJIO),consulta externa,repetidas en personas de 60 anos o mas,2006-01-01,0,1,0,1,1
TOCO,consulta externa,repetidas en personas de 60 anos o mas,2006-01-01,1,1,1,1,2
TOLATA,consulta externa,repetidas en personas de 60 anos o mas,2006-01-01,2,1,2,1,3
TOLEDO,consulta externa,repetidas en personas de 60 anos o mas,2006-01-01,2,2,2,2,4
TOMAVE,consulta externa,repetidas en personas de 60 anos o mas,2006-01-01,0,4,0,4,4
TOMINA,consulta externa,repetidas en personas de 60 anos o mas,2006-01-01,2,0,2,0,2
TORO TORO,consulta externa,repetidas en personas de 60 anos o mas,2006-01-01,2,1,2,1,3
TOTORA(CBBA),consulta externa,repetidas en personas de 60 anos o mas,2006-01-01,3,7,3,7,10
TRIGAL,consulta externa,repetidas en personas de 60 anos o mas,2006-01-01,2,0,2,0,2
TRINIDAD,consulta externa,repetidas en personas de 60 anos o mas,2006-01-01,354,351,354,351,705
TUPIZA,consulta externa,repetidas en personas de 60 anos o mas,2006-01-01,75,92,75,92,167
TURCO,consulta externa,repetidas en personas de 60 anos o mas,2006-01-01,1,1,1,1,2
UNCIA,consulta externa,repetidas en personas de 60 anos o mas,2006-01-01,68,95,68,95,163
URIONDO (A. CONCEPCION),consulta externa,repetidas en personas de 60 anos o mas,2006-01-01,2,2,2,2,4
UYUNI,consulta externa,repetidas en personas de 60 anos o mas,2006-01-01,25,26,25,26,51
VACAS,consulta externa,repetidas en personas de 60 anos o mas,2006-01-01,14,14,14,14,28
VALLEGRANDE,consulta externa,repetidas en personas de 60 anos o mas,2006-01-01,54,111,54,111,165
VIACHA,consulta externa,repetidas en personas de 60 anos o mas,2006-01-01,84,101,84,101,185
VILLA MONTES,consulta externa,repetidas en personas de 60 anos o mas,2006-01-01,101,89,101,89,190
VILLA RIVERO,consulta externa,repetidas en personas de 60 anos o mas,2006-01-01,2,1,2,1,3
VILLA SERRANO,consulta externa,repetidas en personas de 60 anos o mas,2006-01-01,7,3,7,3,10
VILLA TUNARI,consulta externa,repetidas en personas de 60 anos o mas,2006-01-01,69,70,69,70,139
VILLA VACA GUZMAN (MUYUPAMPA),consulta externa,repetidas en personas de 60 anos o mas,2006-01-01,0,1,0,1,1
VILLAZON,consulta externa,repetidas en personas de 60 anos o mas,2006-01-01,39,49,39,49,88
VINTO,consulta externa,repetidas en personas de 60 anos o mas,2006-01-01,7,3,7,3,10
VITICHI,consulta externa,repetidas en personas de 60 anos o mas,2006-01-01,8,3,8,3,11
WALDO BALLIVIAN,consulta externa,repetidas en personas de 60 anos o mas,2006-01-01,1,1,1,1,2
WARNES,consulta externa,repetidas en personas de 60 anos o mas,2006-01-01,5,15,5,15,20
YACO,consulta externa,repetidas en personas de 60 anos o mas,2006-01-01,1,2,1,2,3
YACUIBA,consulta externa,repetidas en personas de 60 anos o mas,2006-01-01,174,253,174,253,427
YAMPARAEZ,consulta externa,repetidas en personas de 60 anos o mas,2006-01-01,7,7,7,7,14
YANACACHI,consulta externa,repetidas en personas de 60 anos o mas,2006-01-01,2,0,2,0,2
YAPACANI,consulta externa,repetidas en personas de 60 anos o mas,2006-01-01,3,6,3,6,9
YOCALLA,consulta externa,repetidas en personas de 60 anos o mas,2006-01-01,1,5,1,5,6
YOTALA,consulta externa,repetidas en personas de 60 anos o mas,2006-01-01,6,7,6,7,13
ZUDAÑEZ,consulta externa,repetidas en personas de 60 anos o mas,2006-01-01,0,2,0,2,2
ACACIO,consulta externa,repetidas en personas de 60 anos o mas,2006-02-01,1,2,1,2,3
ACHACACHI,consulta externa,repetidas en personas de 60 anos o mas,2006-02-01,30,50,30,50,80
ACHOCALLA,consulta externa,repetidas en personas de 60 anos o mas,2006-02-01,2,2,2,2,4
AIQUILE,consulta externa,repetidas en personas de 60 anos o mas,2006-02-01,38,40,38,40,78
ALALAY,consulta externa,repetidas en personas de 60 anos o mas,2006-02-01,0,2,0,2,2
ANCORAIMES,consulta externa,repetidas en personas de 60 anos o mas,2006-02-01,3,3,3,3,6
ANDAMARCA,consulta externa,repetidas en personas de 60 anos o mas,2006-02-01,5,2,5,2,7
ANTEQUERA,consulta externa,repetidas en personas de 60 anos o mas,2006-02-01,0,1,0,1,1
ANZALDO,consulta externa,repetidas en personas de 60 anos o mas,2006-02-01,1,4,1,4,5
APOLO,consulta externa,repetidas en personas de 60 anos o mas,2006-02-01,7,5,7,5,12
ARANI,consulta externa,repetidas en personas de 60 anos o mas,2006-02-01,6,9,6,9,15
ARBIETO,consulta externa,repetidas en personas de 60 anos o mas,2006-02-01,6,1,6,1,7
ARQUE,consulta externa,repetidas en personas de 60 anos o mas,2006-02-01,0,3,0,3,3
ASCENCION DE GUARAYOS,consulta externa,repetidas en personas de 60 anos o mas,2006-02-01,8,5,8,5,13
ATOCHA,consulta externa,repetidas en personas de 60 anos o mas,2006-02-01,34,80,34,80,114
AUCAPATA,consulta externa,repetidas en personas de 60 anos o mas,2006-02-01,3,2,3,2,5
AYATA,consulta externa,repetidas en personas de 60 anos o mas,2006-02-01,2,7,2,7,9
AYO AYO,consulta externa,repetidas en personas de 60 anos o mas,2006-02-01,0,1,0,1,1
AYOPAYA (V. DE INDEPENDENCIA),consulta externa,repetidas en personas de 60 anos o mas,2006-02-01,1,8,1,8,9
BATALLAS,consulta externa,repetidas en personas de 60 anos o mas,2006-02-01,1,3,1,3,4
BAURES,consulta externa,repetidas en personas de 60 anos o mas,2006-02-01,2,6,2,6,8
BERMEJO,consulta externa,repetidas en personas de 60 anos o mas,2006-02-01,127,71,127,71,198
BETANZOS,consulta externa,repetidas en personas de 60 anos o mas,2006-02-01,13,29,13,29,42
BOLIVAR,consulta externa,repetidas en personas de 60 anos o mas,2006-02-01,0,2,0,2,2
BOYUIBE,consulta externa,repetidas en personas de 60 anos o mas,2006-02-01,4,8,4,8,12
BUENA VISTA,consulta externa,repetidas en personas de 60 anos o mas,2006-02-01,43,29,43,29,72
CABEZAS,consulta externa,repetidas en personas de 60 anos o mas,2006-02-01,2,2,2,2,4
CAIROMA,consulta externa,repetidas en personas de 60 anos o mas,2006-02-01,9,4,9,4,13
"CAIZA ""D""",consulta externa,repetidas en personas de 60 anos o mas,2006-02-01,4,5,4,5,9
CAJUATA,consulta externa,repetidas en personas de 60 anos o mas,2006-02-01,7,3,7,3,10
CALACOTO,consulta externa,repetidas en personas de 60 anos o mas,2006-02-01,2,5,2,5,7
CALAMARCA,consulta externa,repetidas en personas de 60 anos o mas,2006-02-01,2,1,2,1,3
CAMARGO,consulta externa,repetidas en personas de 60 anos o mas,2006-02-01,6,11,6,11,17
CAMATAQUI (C. VILLA ABECIA),consulta externa,repetidas en personas de 60 anos o mas,2006-02-01,1,2,1,2,3
CAMIRI,consulta externa,repetidas en personas de 60 anos o mas,2006-02-01,71,84,71,84,155
CAPINOTA,consulta externa,repetidas en personas de 60 anos o mas,2006-02-01,13,28,13,28,41
CAQUIAVIRI,consulta externa,repetidas en personas de 60 anos o mas,2006-02-01,3,6,3,6,9
CARACOLLO,consulta externa,repetidas en personas de 60 anos o mas,2006-02-01,6,10,6,10,16
CARANAVI,consulta externa,repetidas en personas de 60 anos o mas,2006-02-01,16,18,16,18,34
CARAPARI,consulta externa,repetidas en personas de 60 anos o mas,2006-02-01,0,1,0,1,1
CHALLAPATA,consulta externa,repetidas en personas de 60 anos o mas,2006-02-01,5,15,5,15,20
CHAQUI,consulta externa,repetidas en personas de 60 anos o mas,2006-02-01,6,7,6,7,13
CHARAGUA,consulta externa,repetidas en personas de 60 anos o mas,2006-02-01,3,3,3,3,6
CHARAÑA,consulta externa,repetidas en personas de 60 anos o mas,2006-02-01,2,0,2,0,2
CHAYANTA,consulta externa,repetidas en personas de 60 anos o mas,2006-02-01,8,35,8,35,43
CHIMORE,consulta externa,repetidas en personas de 60 anos o mas,2006-02-01,0,2,0,2,2
CHULUMANI (V. DE LA LIBERTAD),consulta externa,repetidas en personas de 60 anos o mas,2006-02-01,8,8,8,8,16
CHUMA,consulta externa,repetidas en personas de 60 anos o mas,2006-02-01,1,2,1,2,3
COBIJA,consulta externa,repetidas en personas de 60 anos o mas,2006-02-01,13,29,13,29,42
COCHABAMBA,consulta externa,repetidas en personas de 60 anos o mas,2006-02-01,4117,5297,4117,5297,9414
COLCAPIRHUA,consulta externa,repetidas en personas de 60 anos o mas,2006-02-01,31,58,31,58,89
"COLCHA ""K""",consulta externa,repetidas en personas de 60 anos o mas,2006-02-01,2,6,2,6,8
COLLANA,consulta externa,repetidas en personas de 60 anos o mas,2006-02-01,3,5,3,5,8
COLPA BELGICA,consulta externa,repetidas en personas de 60 anos o mas,2006-02-01,22,11,22,11,33
COLQUENCHA,consulta externa,repetidas en personas de 60 anos o mas,2006-02-01,0,3,0,3,3
COLQUIRI,consulta externa,repetidas en personas de 60 anos o mas,2006-02-01,4,1,4,1,5
COMANCHE,consulta externa,repetidas en personas de 60 anos o mas,2006-02-01,1,0,1,0,1
COMARAPA,consulta externa,repetidas en personas de 60 anos o mas,2006-02-01,6,4,6,4,10
CONCEPCION,consulta externa,repetidas en personas de 60 anos o mas,2006-02-01,4,2,4,2,6
COPACABANA,consulta externa,repetidas en personas de 60 anos o mas,2006-02-01,2,2,2,2,4
CORIPATA,consulta externa,repetidas en personas de 60 anos o mas,2006-02-01,1,2,1,2,3
CORO CORO,consulta externa,repetidas en personas de 60 anos o mas,2006-02-01,2,1,2,1,3
COROICO,consulta externa,repetidas en personas de 60 anos o mas,2006-02-01,22,25,22,25,47
CORQUE,consulta externa,repetidas en personas de 60 anos o mas,2006-02-01,7,1,7,1,8
COTAGAITA,consulta externa,repetidas en personas de 60 anos o mas,2006-02-01,15,23,15,23,38
COTOCA,consulta externa,repetidas en personas de 60 anos o mas,2006-02-01,0,1,0,1,1
CUATRO CAÑADAS,consulta externa,repetidas en personas de 60 anos o mas,2006-02-01,2,1,2,1,3
CUCHUMUELA (V. G. VILLARROEL),consulta externa,repetidas en personas de 60 anos o mas,2006-02-01,1,2,1,2,3
CUEVO,consulta externa,repetidas en personas de 60 anos o mas,2006-02-01,0,4,0,4,4
CULPINA,consulta externa,repetidas en personas de 60 anos o mas,2006-02-01,1,2,1,2,3
CURAHUARA DE CARANGAS,consulta externa,repetidas en personas de 60 anos o mas,2006-02-01,2,0,2,0,2
DESAGUADERO,consulta externa,repetidas en personas de 60 anos o mas,2006-02-01,3,7,3,7,10
EL ALTO,consulta externa,repetidas en personas de 60 anos o mas,2006-02-01,622,632,622,632,1254
EL PUENTE(TJA),consulta externa,repetidas en personas de 60 anos o mas,2006-02-01,1,1,1,1,2
EL TORNO,consulta externa,repetidas en personas de 60 anos o mas,2006-02-01,270,319,270,319,589
EL VILLAR,consulta externa,repetidas en personas de 60 anos o mas,2006-02-01,0,2,0,2,2
ENTRE RIOS,consulta externa,repetidas en personas de 60 anos o mas,2006-02-01,2,9,2,9,11
ENTRE RIOS,consulta externa,repetidas en personas de 60 anos o mas,2006-02-01,1,1,1,1,2
ESCARA,consulta externa,repetidas en personas de 60 anos o mas,2006-02-01,1,0,1,0,1
ESMERALDA,consulta externa,repetidas en personas de 60 anos o mas,2006-02-01,0,1,0,1,1
EUCALIPTUS,consulta externa,repetidas en personas de 60 anos o mas,2006-02-01,0,2,0,2,2
EXALTACION,consulta externa,repetidas en personas de 60 anos o mas,2006-02-01,1,0,1,0,1
FERNANDEZ ALONSO,consulta externa,repetidas en personas de 60 anos o mas,2006-02-01,6,0,6,0,6
FILADELFIA,consulta externa,repetidas en personas de 60 anos o mas,2006-02-01,1,0,1,0,1
GRAL. J.J. PEREZ (CHARAZANI),consulta externa,repetidas en personas de 60 anos o mas,2006-02-01,3,1,3,1,4
GUAQUI,consulta externa,repetidas en personas de 60 anos o mas,2006-02-01,10,4,10,4,14
GUAYARAMERIN,consulta externa,repetidas en personas de 60 anos o mas,2006-02-01,128,143,128,143,271
GUTIERREZ,consulta externa,repetidas en personas de 60 anos o mas,2006-02-01,2,4,2,4,6
HUACARETA,consulta externa,repetidas en personas de 60 anos o mas,2006-02-01,6,12,6,12,18
HUANUNI,consulta externa,repetidas en personas de 60 anos o mas,2006-02-01,87,73,87,73,160
HUARACAJE,consulta externa,repetidas en personas de 60 anos o mas,2006-02-01,3,5,3,5,8
HUAYLLAMARCA,consulta externa,repetidas en personas de 60 anos o mas,2006-02-01,7,2,7,2,9
ICHOCA,consulta externa,repetidas en personas de 60 anos o mas,2006-02-01,2,2,2,2,4
ICLA,consulta externa,repetidas en personas de 60 anos o mas,2006-02-01,0,1,0,1,1
INCAHUASI,consulta externa,repetidas en personas de 60 anos o mas,2006-02-01,1,0,1,0,1
INGAVI (HUMAITA),consulta externa,repetidas en personas de 60 anos o mas,2006-02-01,1,0,1,0,1
INQUISIVI,consulta externa,repetidas en personas de 60 anos o mas,2006-02-01,4,3,4,3,7
IRUPANA (VILLA DE LANZA),consulta externa,repetidas en personas de 60 anos o mas,2006-02-01,5,3,5,3,8
JESUS DE MACHACA,consulta externa,repetidas en personas de 60 anos o mas,2006-02-01,6,13,6,13,19
LA GUARDIA,consulta externa,repetidas en personas de 60 anos o mas,2006-02-01,1,3,1,3,4
LA PAZ,consulta externa,repetidas en personas de 60 anos o mas,2006-02-01,8246,11804,8246,11804,20050
LAGUNILLAS,consulta externa,repetidas en personas de 60 anos o mas,2006-02-01,1,1,1,1,2
LAJA,consulta externa,repetidas en personas de 60 anos o mas,2006-02-01,13,5,13,5,18
LAS CARRERAS,consulta externa,repetidas en personas de 60 anos o mas,2006-02-01,2,10,2,10,12
LICOMA PAMPA,consulta externa,repetidas en personas de 60 anos o mas,2006-02-01,3,1,3,1,4
LLALLAGUA,consulta externa,repetidas en personas de 60 anos o mas,2006-02-01,54,103,54,103,157
LLICA,consulta externa,repetidas en personas de 60 anos o mas,2006-02-01,4,7,4,7,11
LORETO,consulta externa,repetidas en personas de 60 anos o mas,2006-02-01,3,1,3,1,4
LURIBAY,consulta externa,repetidas en personas de 60 anos o mas,2006-02-01,1,3,1,3,4
MACHACAMARCA,consulta externa,repetidas en personas de 60 anos o mas,2006-02-01,35,42,35,42,77
MACHARETI,consulta externa,repetidas en personas de 60 anos o mas,2006-02-01,3,3,3,3,6
MAGDALENA,consulta externa,repetidas en personas de 60 anos o mas,2006-02-01,56,64,56,64,120
MAIRANA,consulta externa,repetidas en personas de 60 anos o mas,2006-02-01,1,1,1,1,2
MALLA,consulta externa,repetidas en personas de 60 anos o mas,2006-02-01,1,1,1,1,2
MECAPACA,consulta externa,repetidas en personas de 60 anos o mas,2006-02-01,4,2,4,2,6
MIZQUE,consulta externa,repetidas en personas de 60 anos o mas,2006-02-01,1,1,1,1,2
MOCOMOCO,consulta externa,repetidas en personas de 60 anos o mas,2006-02-01,2,9,2,9,11
MOJINETE,consulta externa,repetidas en personas de 60 anos o mas,2006-02-01,0,6,0,6,6
MOJOCOYA,consulta externa,repetidas en personas de 60 anos o mas,2006-02-01,1,1,1,1,2
MONTEAGUDO,consulta externa,repetidas en personas de 60 anos o mas,2006-02-01,33,69,33,69,102
MONTERO,consulta externa,repetidas en personas de 60 anos o mas,2006-02-01,167,147,167,147,314
MORO MORO,consulta externa,repetidas en personas de 60 anos o mas,2006-02-01,5,6,5,6,11
MOROCHATA,consulta externa,repetidas en personas de 60 anos o mas,2006-02-01,9,11,9,11,20
OKINAWA,consulta externa,repetidas en personas de 60 anos o mas,2006-02-01,6,3,6,3,9
OMEREQUE,consulta externa,repetidas en personas de 60 anos o mas,2006-02-01,0,2,0,2,2
ORURO,consulta externa,repetidas en personas de 60 anos o mas,2006-02-01,1088,1439,1088,1439,2527
PADCAYA,consulta externa,repetidas en personas de 60 anos o mas,2006-02-01,8,10,8,10,18
PADILLA,consulta externa,repetidas en personas de 60 anos o mas,2006-02-01,14,26,14,26,40
PALCA,consulta externa,repetidas en personas de 60 anos o mas,2006-02-01,4,0,4,0,4
PALOS BLANCOS,consulta externa,repetidas en personas de 60 anos o mas,2006-02-01,3,2,3,2,5
PAMPA GRANDE,consulta externa,repetidas en personas de 60 anos o mas,2006-02-01,4,9,4,9,13
PAPEL PAMPA,consulta externa,repetidas en personas de 60 anos o mas,2006-02-01,0,1,0,1,1
PATACAMAYA,consulta externa,repetidas en personas de 60 anos o mas,2006-02-01,1,0,1,0,1
PAZÑA,consulta externa,repetidas en personas de 60 anos o mas,2006-02-01,1,3,1,3,4
POCOATA,consulta externa,repetidas en personas de 60 anos o mas,2006-02-01,15,12,15,12,27
POCONA,consulta externa,repetidas en personas de 60 anos o mas,2006-02-01,0,1,0,1,1
POJO (CBBA),consulta externa,repetidas en personas de 60 anos o mas,2006-02-01,2,0,2,0,2
POOPO,consulta externa,repetidas en personas de 60 anos o mas,2006-02-01,4,8,4,8,12
PORCO,consulta externa,repetidas en personas de 60 anos o mas,2006-02-01,1,0,1,0,1
POROMA,consulta externa,repetidas en personas de 60 anos o mas,2006-02-01,9,2,9,2,11
PORONGO,consulta externa,repetidas en personas de 60 anos o mas,2006-02-01,3,1,3,1,4
PORTACHUELO,consulta externa,repetidas en personas de 60 anos o mas,2006-02-01,19,31,19,31,50
PORVENIR,consulta externa,repetidas en personas de 60 anos o mas,2006-02-01,4,2,4,2,6
POSTRER VALLE,consulta externa,repetidas en personas de 60 anos o mas,2006-02-01,0,1,0,1,1
POTOSI,consulta externa,repetidas en personas de 60 anos o mas,2006-02-01,714,943,714,943,1657
PRESTO,consulta externa,repetidas en personas de 60 anos o mas,2006-02-01,1,0,1,0,1
PUCARA,consulta externa,repetidas en personas de 60 anos o mas,2006-02-01,4,5,4,5,9
PUCARANI,consulta externa,repetidas en personas de 60 anos o mas,2006-02-01,1,5,1,5,6
PUERTO ACOSTA,consulta externa,repetidas en personas de 60 anos o mas,2006-02-01,13,4,13,4,17
PUERTO CARABUCO,consulta externa,repetidas en personas de 60 anos o mas,2006-02-01,6,0,6,0,6
PUERTO GONZALO MORENO,consulta externa,repetidas en personas de 60 anos o mas,2006-02-01,4,4,4,4,8
PUERTO PEREZ,consulta externa,repetidas en personas de 60 anos o mas,2006-02-01,12,0,12,0,12
PUERTO QUIJARRO,consulta externa,repetidas en personas de 60 anos o mas,2006-02-01,5,5,5,5,10
PUERTO RICO,consulta externa,repetidas en personas de 60 anos o mas,2006-02-01,2,0,2,0,2
PUERTO SUAREZ,consulta externa,repetidas en personas de 60 anos o mas,2006-02-01,8,13,8,13,21
PUERTO VILLARROEL,consulta externa,repetidas en personas de 60 anos o mas,2006-02-01,6,6,6,6,12
PUNA,consulta externa,repetidas en personas de 60 anos o mas,2006-02-01,5,3,5,3,8
PUNATA,consulta externa,repetidas en personas de 60 anos o mas,2006-02-01,72,110,72,110,182
QUILLACOLLO,consulta externa,repetidas en personas de 60 anos o mas,2006-02-01,22,24,22,24,46
QUIME,consulta externa,repetidas en personas de 60 anos o mas,2006-02-01,1,1,1,1,2
QUIRUSILLAS,consulta externa,repetidas en personas de 60 anos o mas,2006-02-01,0,1,0,1,1
REYES,consulta externa,repetidas en personas de 60 anos o mas,2006-02-01,65,64,65,64,129
RIBERALTA,consulta externa,repetidas en personas de 60 anos o mas,2006-02-01,23,9,23,9,32
ROBORE,consulta externa,repetidas en personas de 60 anos o mas,2006-02-01,23,38,23,38,61
RURRENABAQUE,consulta externa,repetidas en personas de 60 anos o mas,2006-02-01,34,38,34,38,72
SABAYA,consulta externa,repetidas en personas de 60 anos o mas,2006-02-01,4,3,4,3,7
SACABA,consulta externa,repetidas en personas de 60 anos o mas,2006-02-01,87,102,87,102,189
SACACA,consulta externa,repetidas en personas de 60 anos o mas,2006-02-01,0,1,0,1,1
SAIPINA,consulta externa,repetidas en personas de 60 anos o mas,2006-02-01,20,49,20,49,69
SALINAS DE GARCI MENDOZA,consulta externa,repetidas en personas de 60 anos o mas,2006-02-01,3,4,3,4,7
SAMAIPATA,consulta externa,repetidas en personas de 60 anos o mas,2006-02-01,3,2,3,2,5
SAN ANDRES,consulta externa,repetidas en personas de 60 anos o mas,2006-02-01,2,0,2,0,2
SAN ANDRES DE MACHACA,consulta externa,repetidas en personas de 60 anos o mas,2006-02-01,2,1,2,1,3
SAN ANTONIO DE LOMERIO,consulta externa,repetidas en personas de 60 anos o mas,2006-02-01,2,0,2,0,2
SAN BENITO,consulta externa,repetidas en personas de 60 anos o mas,2006-02-01,6,7,6,7,13
SAN BORJA,consulta externa,repetidas en personas de 60 anos o mas,2006-02-01,52,67,52,67,119
SAN BUENA VENTURA,consulta externa,repetidas en personas de 60 anos o mas,2006-02-01,4,0,4,0,4
SAN CARLOS,consulta externa,repetidas en personas de 60 anos o mas,2006-02-01,19,7,19,7,26
SAN IGNACIO,consulta externa,repetidas en personas de 60 anos o mas,2006-02-01,36,48,36,48,84
SAN IGNACIO DE VELASCO,consulta externa,repetidas en personas de 60 anos o mas,2006-02-01,39,50,39,50,89
SAN JAVIER(BNI),consulta externa,repetidas en personas de 60 anos o mas,2006-02-01,2,0,2,0,2
SAN JAVIER(STC),consulta externa,repetidas en personas de 60 anos o mas,2006-02-01,10,12,10,12,22
SAN JOAQUIN,consulta externa,repetidas en personas de 60 anos o mas,2006-02-01,5,1,5,1,6
SAN JOSE DE CHIQUITOS,consulta externa,repetidas en personas de 60 anos o mas,2006-02-01,2,2,2,2,4
SAN JUAN DE YAPACANI,consulta externa,repetidas en personas de 60 anos o mas,2006-02-01,30,27,30,27,57
SAN JULIAN,consulta externa,repetidas en personas de 60 anos o mas,2006-02-01,33,26,33,26,59
SAN LORENZO(TJA),consulta externa,repetidas en personas de 60 anos o mas,2006-02-01,1,6,1,6,7
SAN LUCAS,consulta externa,repetidas en personas de 60 anos o mas,2006-02-01,22,34,22,34,56
SAN MIGUEL DE VELASCO,consulta externa,repetidas en personas de 60 anos o mas,2006-02-01,39,77,39,77,116
SAN PABLO DE LIPEZ,consulta externa,repetidas en personas de 60 anos o mas,2006-02-01,1,4,1,4,5
SAN PEDRO,consulta externa,repetidas en personas de 60 anos o mas,2006-02-01,13,13,13,13,26
SAN PEDRO DE BUENA VISTA,consulta externa,repetidas en personas de 60 anos o mas,2006-02-01,0,1,0,1,1
SAN PEDRO DE CURAHUARA,consulta externa,repetidas en personas de 60 anos o mas,2006-02-01,1,1,1,1,2
SAN PEDRO DE TIQUINA,consulta externa,repetidas en personas de 60 anos o mas,2006-02-01,6,4,6,4,10
SAN RAMON,consulta externa,repetidas en personas de 60 anos o mas,2006-02-01,1,4,1,4,5
SAN RAMON,consulta externa,repetidas en personas de 60 anos o mas,2006-02-01,24,26,24,26,50
SANTA ANA,consulta externa,repetidas en personas de 60 anos o mas,2006-02-01,64,121,64,121,185
SANTA CRUZ DE LA SIERRA,consulta externa,repetidas en personas de 60 anos o mas,2006-02-01,2330,6204,2330,6204,8534
SANTA ROSA,consulta externa,repetidas en personas de 60 anos o mas,2006-02-01,3,2,3,2,5
SANTA ROSA DEL SARA,consulta externa,repetidas en personas de 60 anos o mas,2006-02-01,2,3,2,3,5
SANTIAGO DE CALLAPA,consulta externa,repetidas en personas de 60 anos o mas,2006-02-01,1,1,1,1,2
SANTIAGO DE HUARI,consulta externa,repetidas en personas de 60 anos o mas,2006-02-01,7,8,7,8,15
SANTIAGO DE MACHACA,consulta externa,repetidas en personas de 60 anos o mas,2006-02-01,1,0,1,0,1
SANTIVAÑES,consulta externa,repetidas en personas de 60 anos o mas,2006-02-01,6,6,6,6,12
SANTUARIO DE QUILLACAS,consulta externa,repetidas en personas de 60 anos o mas,2006-02-01,2,7,2,7,9
SICA SICA (VILLA AROMA),consulta externa,repetidas en personas de 60 anos o mas,2006-02-01,9,6,9,6,15
SICAYA,consulta externa,repetidas en personas de 60 anos o mas,2006-02-01,0,1,0,1,1
SIPE SIPE,consulta externa,repetidas en personas de 60 anos o mas,2006-02-01,16,15,16,15,31
SOPACHUY,consulta externa,repetidas en personas de 60 anos o mas,2006-02-01,0,2,0,2,2
SORACACHI,consulta externa,repetidas en personas de 60 anos o mas,2006-02-01,2,0,2,0,2
SORATA,consulta externa,repetidas en personas de 60 anos o mas,2006-02-01,4,1,4,1,5
SUCRE,consulta externa,repetidas en personas de 60 anos o mas,2006-02-01,1092,1739,1092,1739,2831
TACACHI,consulta externa,repetidas en personas de 60 anos o mas,2006-02-01,1,3,1,3,4
TACOPAYA,consulta externa,repetidas en personas de 60 anos o mas,2006-02-01,2,2,2,2,4
TAPACARI,consulta externa,repetidas en personas de 60 anos o mas,2006-02-01,1,4,1,4,5
TARABUCO,consulta externa,repetidas en personas de 60 anos o mas,2006-02-01,10,42,10,42,52
TARATA,consulta externa,repetidas en personas de 60 anos o mas,2006-02-01,2,2,2,2,4
TARIJA,consulta externa,repetidas en personas de 60 anos o mas,2006-02-01,902,1472,902,1472,2374
TARVITA,consulta externa,repetidas en personas de 60 anos o mas,2006-02-01,0,6,0,6,6
TEOPONTE,consulta externa,repetidas en personas de 60 anos o mas,2006-02-01,9,7,9,7,16
TIAWANACU,consulta externa,repetidas en personas de 60 anos o mas,2006-02-01,1,5,1,5,6
TINGUIPAYA,consulta externa,repetidas en personas de 60 anos o mas,2006-02-01,2,2,2,2,4
TIPUANI,consulta externa,repetidas en personas de 60 anos o mas,2006-02-01,1,1,1,1,2
TIQUIPAYA,consulta externa,repetidas en personas de 60 anos o mas,2006-02-01,6,8,6,8,14
TIRAQUE (CBBA),consulta externa,repetidas en personas de 60 anos o mas,2006-02-01,11,7,11,7,18
TITO YUPANQUI (PARQUIPUJIO),consulta externa,repetidas en personas de 60 anos o mas,2006-02-01,2,1,2,1,3
TOCO,consulta externa,repetidas en personas de 60 anos o mas,2006-02-01,0,1,0,1,1
TOLATA,consulta externa,repetidas en personas de 60 anos o mas,2006-02-01,1,4,1,4,5
TOLEDO,consulta externa,repetidas en personas de 60 anos o mas,2006-02-01,3,0,3,0,3
TOMINA,consulta externa,repetidas en personas de 60 anos o mas,2006-02-01,2,4,2,4,6
TOTORA(CBBA),consulta externa,repetidas en personas de 60 anos o mas,2006-02-01,4,5,4,5,9
TRIGAL,consulta externa,repetidas en personas de 60 anos o mas,2006-02-01,3,1,3,1,4
TRINIDAD,consulta externa,repetidas en personas de 60 anos o mas,2006-02-01,325,394,325,394,719
TUPIZA,consulta externa,repetidas en personas de 60 anos o mas,2006-02-01,50,77,50,77,127
TURCO,consulta externa,repetidas en personas de 60 anos o mas,2006-02-01,2,0,2,0,2
UNCIA,consulta externa,repetidas en personas de 60 anos o mas,2006-02-01,69,106,69,106,175
URIONDO (A. CONCEPCION),consulta externa,repetidas en personas de 60 anos o mas,2006-02-01,6,2,6,2,8
URUBICHA,consulta externa,repetidas en personas de 60 anos o mas,2006-02-01,0,1,0,1,1
UYUNI,consulta externa,repetidas en personas de 60 anos o mas,2006-02-01,32,38,32,38,70
VACAS,consulta externa,repetidas en personas de 60 anos o mas,2006-02-01,12,12,12,12,24
VALLEGRANDE,consulta externa,repetidas en personas de 60 anos o mas,2006-02-01,117,186,117,186,303
VIACHA,consulta externa,repetidas en personas de 60 anos o mas,2006-02-01,76,93,76,93,169
VILA VILA,consulta externa,repetidas en personas de 60 anos o mas,2006-02-01,1,0,1,0,1
VILLA MONTES,consulta externa,repetidas en personas de 60 anos o mas,2006-02-01,64,46,64,46,110
VILLA RIVERO,consulta externa,repetidas en personas de 60 anos o mas,2006-02-01,2,4,2,4,6
VILLA SERRANO,consulta externa,repetidas en personas de 60 anos o mas,2006-02-01,1,4,1,4,5
VILLA TUNARI,consulta externa,repetidas en personas de 60 anos o mas,2006-02-01,93,51,93,51,144
VILLA VACA GUZMAN (MUYUPAMPA),consulta externa,repetidas en personas de 60 anos o mas,2006-02-01,6,6,6,6,12
VILLAZON,consulta externa,repetidas en personas de 60 anos o mas,2006-02-01,27,26,27,26,53
VINTO,consulta externa,repetidas en personas de 60 anos o mas,2006-02-01,10,41,10,41,51
VITICHI,consulta externa,repetidas en personas de 60 anos o mas,2006-02-01,7,6,7,6,13
WALDO BALLIVIAN,consulta externa,repetidas en personas de 60 anos o mas,2006-02-01,0,2,0,2,2
WARNES,consulta externa,repetidas en personas de 60 anos o mas,2006-02-01,3,2,3,2,5
YACO,consulta externa,repetidas en personas de 60 anos o mas,2006-02-01,0,1,0,1,1
YACUIBA,consulta externa,repetidas en personas de 60 anos o mas,2006-02-01,107,239,107,239,346
YAMPARAEZ,consulta externa,repetidas en personas de 60 anos o mas,2006-02-01,2,11,2,11,13
YANACACHI,consulta externa,repetidas en personas de 60 anos o mas,2006-02-01,2,0,2,0,2
YAPACANI,consulta externa,repetidas en personas de 60 anos o mas,2006-02-01,10,6,10,6,16
YOCALLA,consulta externa,repetidas en personas de 60 anos o mas,2006-02-01,3,4,3,4,7
YOTALA,consulta externa,repetidas en personas de 60 anos o mas,2006-02-01,6,5,6,5,11
ZUDAÑEZ,consulta externa,repetidas en personas de 60 anos o mas,2006-02-01,1,1,1,1,2
ACACIO,consulta externa,repetidas en personas de 60 anos o mas,2006-03-01,0,1,0,1,1
ACHACACHI,consulta externa,repetidas en personas de 60 anos o mas,2006-03-01,35,43,35,43,78
ACHOCALLA,consulta externa,repetidas en personas de 60 anos o mas,2006-03-01,2,2,2,2,4
AIQUILE,consulta externa,repetidas en personas de 60 anos o mas,2006-03-01,54,62,54,62,116
ALCALA,consulta externa,repetidas en personas de 60 anos o mas,2006-03-01,5,0,5,0,5
ANCORAIMES,consulta externa,repetidas en personas de 60 anos o mas,2006-03-01,13,13,13,13,26
ANDAMARCA,consulta externa,repetidas en personas de 60 anos o mas,2006-03-01,0,6,0,6,6
ANZALDO,consulta externa,repetidas en personas de 60 anos o mas,2006-03-01,2,2,2,2,4
APOLO,consulta externa,repetidas en personas de 60 anos o mas,2006-03-01,15,9,15,9,24
ARAMPAMPA,consulta externa,repetidas en personas de 60 anos o mas,2006-03-01,0,2,0,2,2
ARANI,consulta externa,repetidas en personas de 60 anos o mas,2006-03-01,1,7,1,7,8
ARBIETO,consulta externa,repetidas en personas de 60 anos o mas,2006-03-01,5,8,5,8,13
ASCENCION DE GUARAYOS,consulta externa,repetidas en personas de 60 anos o mas,2006-03-01,0,4,0,4,4
ATOCHA,consulta externa,repetidas en personas de 60 anos o mas,2006-03-01,68,96,68,96,164
AUCAPATA,consulta externa,repetidas en personas de 60 anos o mas,2006-03-01,2,5,2,5,7
AYATA,consulta externa,repetidas en personas de 60 anos o mas,2006-03-01,0,1,0,1,1
AYOPAYA (V. DE INDEPENDENCIA),consulta externa,repetidas en personas de 60 anos o mas,2006-03-01,1,8,1,8,9
AZURDUY,consulta externa,repetidas en personas de 60 anos o mas,2006-03-01,1,1,1,1,2
BATALLAS,consulta externa,repetidas en personas de 60 anos o mas,2006-03-01,13,16,13,16,29
BAURES,consulta externa,repetidas en personas de 60 anos o mas,2006-03-01,4,5,4,5,9
BELEN DE ANDAMARCA,consulta externa,repetidas en personas de 60 anos o mas,2006-03-01,4,3,4,3,7
BELEN DE URMIRI,consulta externa,repetidas en personas de 60 anos o mas,2006-03-01,3,1,3,1,4
BERMEJO,consulta externa,repetidas en personas de 60 anos o mas,2006-03-01,66,49,66,49,115
BETANZOS,consulta externa,repetidas en personas de 60 anos o mas,2006-03-01,20,41,20,41,61
BOLIVAR,consulta externa,repetidas en personas de 60 anos o mas,2006-03-01,1,0,1,0,1
BOLPEBRA,consulta externa,repetidas en personas de 60 anos o mas,2006-03-01,0,1,0,1,1
BOYUIBE,consulta externa,repetidas en personas de 60 anos o mas,2006-03-01,7,12,7,12,19
BUENA VISTA,consulta externa,repetidas en personas de 60 anos o mas,2006-03-01,43,35,43,35,78
CABEZAS,consulta externa,repetidas en personas de 60 anos o mas,2006-03-01,6,9,6,9,15
CAIROMA,consulta externa,repetidas en personas de 60 anos o mas,2006-03-01,10,4,10,4,14
"CAIZA ""D""",consulta externa,repetidas en personas de 60 anos o mas,2006-03-01,6,18,6,18,24
CAJUATA,consulta externa,repetidas en personas de 60 anos o mas,2006-03-01,1,2,1,2,3
CALACOTO,consulta externa,repetidas en personas de 60 anos o mas,2006-03-01,11,4,11,4,15
CALAMARCA,consulta externa,repetidas en personas de 60 anos o mas,2006-03-01,1,3,1,3,4
CAMARGO,consulta externa,repetidas en personas de 60 anos o mas,2006-03-01,13,19,13,19,32
CAMATAQUI (C. VILLA ABECIA),consulta externa,repetidas en personas de 60 anos o mas,2006-03-01,2,1,2,1,3
CAMIRI,consulta externa,repetidas en personas de 60 anos o mas,2006-03-01,59,98,59,98,157
CAPINOTA,consulta externa,repetidas en personas de 60 anos o mas,2006-03-01,2,9,2,9,11
CAQUIAVIRI,consulta externa,repetidas en personas de 60 anos o mas,2006-03-01,6,15,6,15,21
CARACOLLO,consulta externa,repetidas en personas de 60 anos o mas,2006-03-01,13,14,13,14,27
CARANAVI,consulta externa,repetidas en personas de 60 anos o mas,2006-03-01,30,12,30,12,42
CARAPARI,consulta externa,repetidas en personas de 60 anos o mas,2006-03-01,2,5,2,5,7
CHACARILLA,consulta externa,repetidas en personas de 60 anos o mas,2006-03-01,1,1,1,1,2
CHALLAPATA,consulta externa,repetidas en personas de 60 anos o mas,2006-03-01,10,10,10,10,20
CHAQUI,consulta externa,repetidas en personas de 60 anos o mas,2006-03-01,0,1,0,1,1
CHARAGUA,consulta externa,repetidas en personas de 60 anos o mas,2006-03-01,3,4,3,4,7
CHARAÑA,consulta externa,repetidas en personas de 60 anos o mas,2006-03-01,0,2,0,2,2
CHAYANTA,consulta externa,repetidas en personas de 60 anos o mas,2006-03-01,2,19,2,19,21
CHOQUE COTA,consulta externa,repetidas en personas de 60 anos o mas,2006-03-01,3,2,3,2,5
CHULUMANI (V. DE LA LIBERTAD),consulta externa,repetidas en personas de 60 anos o mas,2006-03-01,12,6,12,6,18
CHUMA,consulta externa,repetidas en personas de 60 anos o mas,2006-03-01,2,4,2,4,6
CLIZA,consulta externa,repetidas en personas de 60 anos o mas,2006-03-01,1,7,1,7,8
COBIJA,consulta externa,repetidas en personas de 60 anos o mas,2006-03-01,30,72,30,72,102
COCHABAMBA,consulta externa,repetidas en personas de 60 anos o mas,2006-03-01,5738,7207,5738,7207,12945
COLCAPIRHUA,consulta externa,repetidas en personas de 60 anos o mas,2006-03-01,76,128,76,128,204
"COLCHA ""K""",consulta externa,repetidas en personas de 60 anos o mas,2006-03-01,9,12,9,12,21
COLLANA,consulta externa,repetidas en personas de 60 anos o mas,2006-03-01,3,6,3,6,9
COLOMI,consulta externa,repetidas en personas de 60 anos o mas,2006-03-01,0,1,0,1,1
COLPA BELGICA,consulta externa,repetidas en personas de 60 anos o mas,2006-03-01,31,10,31,10,41
COLQUECHACA,consulta externa,repetidas en personas de 60 anos o mas,2006-03-01,3,7,3,7,10
COLQUENCHA,consulta externa,repetidas en personas de 60 anos o mas,2006-03-01,1,1,1,1,2
COLQUIRI,consulta externa,repetidas en personas de 60 anos o mas,2006-03-01,7,13,7,13,20
COMANCHE,consulta externa,repetidas en personas de 60 anos o mas,2006-03-01,1,0,1,0,1
COMARAPA,consulta externa,repetidas en personas de 60 anos o mas,2006-03-01,8,10,8,10,18
COPACABANA,consulta externa,repetidas en personas de 60 anos o mas,2006-03-01,2,0,2,0,2
CORIPATA,consulta externa,repetidas en personas de 60 anos o mas,2006-03-01,2,0,2,0,2
CORO CORO,consulta externa,repetidas en personas de 60 anos o mas,2006-03-01,2,2,2,2,4
COROICO,consulta externa,repetidas en personas de 60 anos o mas,2006-03-01,44,40,44,40,84
CORQUE,consulta externa,repetidas en personas de 60 anos o mas,2006-03-01,13,5,13,5,18
COTAGAITA,consulta externa,repetidas en personas de 60 anos o mas,2006-03-01,16,48,16,48,64
COTOCA,consulta externa,repetidas en personas de 60 anos o mas,2006-03-01,35,52,35,52,87
CUATRO CAÑADAS,consulta externa,repetidas en personas de 60 anos o mas,2006-03-01,5,5,5,5,10
CUCHUMUELA (V. G. VILLARROEL),consulta externa,repetidas en personas de 60 anos o mas,2006-03-01,1,2,1,2,3
CUEVO,consulta externa,repetidas en personas de 60 anos o mas,2006-03-01,3,7,3,7,10
CULPINA,consulta externa,repetidas en personas de 60 anos o mas,2006-03-01,1,1,1,1,2
CURAHUARA DE CARANGAS,consulta externa,repetidas en personas de 60 anos o mas,2006-03-01,2,0,2,0,2
CURVA,consulta externa,repetidas en personas de 60 anos o mas,2006-03-01,0,1,0,1,1
EL ALTO,consulta externa,repetidas en personas de 60 anos o mas,2006-03-01,830,908,830,908,1738
EL CHORO,consulta externa,repetidas en personas de 60 anos o mas,2006-03-01,3,1,3,1,4
EL PUENTE(TJA),consulta externa,repetidas en personas de 60 anos o mas,2006-03-01,2,2,2,2,4
EL TORNO,consulta externa,repetidas en personas de 60 anos o mas,2006-03-01,302,345,302,345,647
EL VILLAR,consulta externa,repetidas en personas de 60 anos o mas,2006-03-01,1,1,1,1,2
ENTRE RIOS,consulta externa,repetidas en personas de 60 anos o mas,2006-03-01,4,6,4,6,10
ENTRE RIOS,consulta externa,repetidas en personas de 60 anos o mas,2006-03-01,1,6,1,6,7
ESMERALDA,consulta externa,repetidas en personas de 60 anos o mas,2006-03-01,1,2,1,2,3
EUCALIPTUS,consulta externa,repetidas en personas de 60 anos o mas,2006-03-01,1,1,1,1,2
FERNANDEZ ALONSO,consulta externa,repetidas en personas de 60 anos o mas,2006-03-01,2,1,2,1,3
FILADELFIA,consulta externa,repetidas en personas de 60 anos o mas,2006-03-01,0,1,0,1,1
GENERAL SAAVEDRA,consulta externa,repetidas en personas de 60 anos o mas,2006-03-01,1,4,1,4,5
GRAL. J.J. PEREZ (CHARAZANI),consulta externa,repetidas en personas de 60 anos o mas,2006-03-01,3,5,3,5,8
GUAQUI,consulta externa,repetidas en personas de 60 anos o mas,2006-03-01,4,5,4,5,9
GUAYARAMERIN,consulta externa,repetidas en personas de 60 anos o mas,2006-03-01,165,302,165,302,467
GUTIERREZ,consulta externa,repetidas en personas de 60 anos o mas,2006-03-01,5,5,5,5,10
HUACARETA,consulta externa,repetidas en personas de 60 anos o mas,2006-03-01,4,9,4,9,13
HUACAYA (VILLA DE HUACAYA),consulta externa,repetidas en personas de 60 anos o mas,2006-03-01,1,0,1,0,1
HUACHACALLA,consulta externa,repetidas en personas de 60 anos o mas,2006-03-01,0,3,0,3,3
HUANUNI,consulta externa,repetidas en personas de 60 anos o mas,2006-03-01,88,70,88,70,158
HUARACAJE,consulta externa,repetidas en personas de 60 anos o mas,2006-03-01,2,5,2,5,7
HUAYLLAMARCA,consulta externa,repetidas en personas de 60 anos o mas,2006-03-01,8,3,8,3,11
ICHOCA,consulta externa,repetidas en personas de 60 anos o mas,2006-03-01,0,1,0,1,1
ICLA,consulta externa,repetidas en personas de 60 anos o mas,2006-03-01,2,2,2,2,4
INCAHUASI,consulta externa,repetidas en personas de 60 anos o mas,2006-03-01,0,2,0,2,2
INGAVI (HUMAITA),consulta externa,repetidas en personas de 60 anos o mas,2006-03-01,0,1,0,1,1
INQUISIVI,consulta externa,repetidas en personas de 60 anos o mas,2006-03-01,5,2,5,2,7
IRUPANA (VILLA DE LANZA),consulta externa,repetidas en personas de 60 anos o mas,2006-03-01,11,5,11,5,16
IXIAMAS,consulta externa,repetidas en personas de 60 anos o mas,2006-03-01,2,2,2,2,4
JESUS DE MACHACA,consulta externa,repetidas en personas de 60 anos o mas,2006-03-01,8,6,8,6,14
LA GUARDIA,consulta externa,repetidas en personas de 60 anos o mas,2006-03-01,9,4,9,4,13
LA PAZ,consulta externa,repetidas en personas de 60 anos o mas,2006-03-01,10479,14229,10479,14229,24708
LAGUNILLAS,consulta externa,repetidas en personas de 60 anos o mas,2006-03-01,0,1,0,1,1
LAJA,consulta externa,repetidas en personas de 60 anos o mas,2006-03-01,12,7,12,7,19
LAS CARRERAS,consulta externa,repetidas en personas de 60 anos o mas,2006-03-01,3,7,3,7,10
LICOMA PAMPA,consulta externa,repetidas en personas de 60 anos o mas,2006-03-01,1,4,1,4,5
LLALLAGUA,consulta externa,repetidas en personas de 60 anos o mas,2006-03-01,70,125,70,125,195
LLICA,consulta externa,repetidas en personas de 60 anos o mas,2006-03-01,5,9,5,9,14
LORETO,consulta externa,repetidas en personas de 60 anos o mas,2006-03-01,4,0,4,0,4
LURIBAY,consulta externa,repetidas en personas de 60 anos o mas,2006-03-01,5,2,5,2,7
MACHACAMARCA,consulta externa,repetidas en personas de 60 anos o mas,2006-03-01,40,51,40,51,91
MACHARETI,consulta externa,repetidas en personas de 60 anos o mas,2006-03-01,2,1,2,1,3
MAGDALENA,consulta externa,repetidas en personas de 60 anos o mas,2006-03-01,44,59,44,59,103
MALLA,consulta externa,repetidas en personas de 60 anos o mas,2006-03-01,0,1,0,1,1
MECAPACA,consulta externa,repetidas en personas de 60 anos o mas,2006-03-01,5,11,5,11,16
MINEROS,consulta externa,repetidas en personas de 60 anos o mas,2006-03-01,1,0,1,0,1
MIZQUE,consulta externa,repetidas en personas de 60 anos o mas,2006-03-01,2,2,2,2,4
MOCOMOCO,consulta externa,repetidas en personas de 60 anos o mas,2006-03-01,5,4,5,4,9
MOJINETE,consulta externa,repetidas en personas de 60 anos o mas,2006-03-01,1,2,1,2,3
MOJOCOYA,consulta externa,repetidas en personas de 60 anos o mas,2006-03-01,1,3,1,3,4
MONTEAGUDO,consulta externa,repetidas en personas de 60 anos o mas,2006-03-01,45,75,45,75,120
MONTERO,consulta externa,repetidas en personas de 60 anos o mas,2006-03-01,54,76,54,76,130
MORO MORO,consulta externa,repetidas en personas de 60 anos o mas,2006-03-01,4,5,4,5,9
MOROCHATA,consulta externa,repetidas en personas de 60 anos o mas,2006-03-01,12,12,12,12,24
OCURI,consulta externa,repetidas en personas de 60 anos o mas,2006-03-01,0,1,0,1,1
OKINAWA,consulta externa,repetidas en personas de 60 anos o mas,2006-03-01,3,1,3,1,4
OMEREQUE,consulta externa,repetidas en personas de 60 anos o mas,2006-03-01,0,2,0,2,2
ORURO,consulta externa,repetidas en personas de 60 anos o mas,2006-03-01,1543,1467,1543,1467,3010
PADCAYA,consulta externa,repetidas en personas de 60 anos o mas,2006-03-01,5,10,5,10,15
PADILLA,consulta externa,repetidas en personas de 60 anos o mas,2006-03-01,12,16,12,16,28
PAILON,consulta externa,repetidas en personas de 60 anos o mas,2006-03-01,1,1,1,1,2
PALCA,consulta externa,repetidas en personas de 60 anos o mas,2006-03-01,1,1,1,1,2
PALOS BLANCOS,consulta externa,repetidas en personas de 60 anos o mas,2006-03-01,7,1,7,1,8
PAMPA GRANDE,consulta externa,repetidas en personas de 60 anos o mas,2006-03-01,0,4,0,4,4
PAPEL PAMPA,consulta externa,repetidas en personas de 60 anos o mas,2006-03-01,3,5,3,5,8
PASORAPA,consulta externa,repetidas en personas de 60 anos o mas,2006-03-01,1,3,1,3,4
PATACAMAYA,consulta externa,repetidas en personas de 60 anos o mas,2006-03-01,0,1,0,1,1
PAZÑA,consulta externa,repetidas en personas de 60 anos o mas,2006-03-01,10,20,10,20,30
PELECHUCO,consulta externa,repetidas en personas de 60 anos o mas,2006-03-01,1,1,1,1,2
POCOATA,consulta externa,repetidas en personas de 60 anos o mas,2006-03-01,0,1,0,1,1
POCONA,consulta externa,repetidas en personas de 60 anos o mas,2006-03-01,0,3,0,3,3
POOPO,consulta externa,repetidas en personas de 60 anos o mas,2006-03-01,5,10,5,10,15
PORCO,consulta externa,repetidas en personas de 60 anos o mas,2006-03-01,1,1,1,1,2
POROMA,consulta externa,repetidas en personas de 60 anos o mas,2006-03-01,8,10,8,10,18
PORONGO,consulta externa,repetidas en personas de 60 anos o mas,2006-03-01,2,1,2,1,3
PORTACHUELO,consulta externa,repetidas en personas de 60 anos o mas,2006-03-01,16,16,16,16,32
PORVENIR,consulta externa,repetidas en personas de 60 anos o mas,2006-03-01,3,0,3,0,3
POSTRER VALLE,consulta externa,repetidas en personas de 60 anos o mas,2006-03-01,11,7,11,7,18
POTOSI,consulta externa,repetidas en personas de 60 anos o mas,2006-03-01,1142,1363,1142,1363,2505
PRESTO,consulta externa,repetidas en personas de 60 anos o mas,2006-03-01,2,4,2,4,6
PUCARA,consulta externa,repetidas en personas de 60 anos o mas,2006-03-01,3,2,3,2,5
PUCARANI,consulta externa,repetidas en personas de 60 anos o mas,2006-03-01,6,3,6,3,9
PUERTO ACOSTA,consulta externa,repetidas en personas de 60 anos o mas,2006-03-01,44,22,44,22,66
PUERTO CARABUCO,consulta externa,repetidas en personas de 60 anos o mas,2006-03-01,9,5,9,5,14
PUERTO GONZALO MORENO,consulta externa,repetidas en personas de 60 anos o mas,2006-03-01,3,1,3,1,4
PUERTO PEREZ,consulta externa,repetidas en personas de 60 anos o mas,2006-03-01,6,3,6,3,9
PUERTO QUIJARRO,consulta externa,repetidas en personas de 60 anos o mas,2006-03-01,15,10,15,10,25
PUERTO RICO,consulta externa,repetidas en personas de 60 anos o mas,2006-03-01,1,1,1,1,2
PUERTO SILES,consulta externa,repetidas en personas de 60 anos o mas,2006-03-01,3,0,3,0,3
PUERTO SUAREZ,consulta externa,repetidas en personas de 60 anos o mas,2006-03-01,12,16,12,16,28
PUERTO VILLARROEL,consulta externa,repetidas en personas de 60 anos o mas,2006-03-01,3,2,3,2,5
PUNA,consulta externa,repetidas en personas de 60 anos o mas,2006-03-01,12,12,12,12,24
PUNATA,consulta externa,repetidas en personas de 60 anos o mas,2006-03-01,110,164,110,164,274
QUILLACOLLO,consulta externa,repetidas en personas de 60 anos o mas,2006-03-01,331,382,331,382,713
QUIME,consulta externa,repetidas en personas de 60 anos o mas,2006-03-01,5,1,5,1,6
REYES,consulta externa,repetidas en personas de 60 anos o mas,2006-03-01,32,46,32,46,78
RIBERALTA,consulta externa,repetidas en personas de 60 anos o mas,2006-03-01,18,22,18,22,40
ROBORE,consulta externa,repetidas en personas de 60 anos o mas,2006-03-01,18,23,18,23,41
RURRENABAQUE,consulta externa,repetidas en personas de 60 anos o mas,2006-03-01,36,38,36,38,74
SABAYA,consulta externa,repetidas en personas de 60 anos o mas,2006-03-01,4,1,4,1,5
SACABA,consulta externa,repetidas en personas de 60 anos o mas,2006-03-01,98,121,98,121,219
SACABAMBA,consulta externa,repetidas en personas de 60 anos o mas,2006-03-01,1,0,1,0,1
SACACA,consulta externa,repetidas en personas de 60 anos o mas,2006-03-01,3,2,3,2,5
SALINAS DE GARCI MENDOZA,consulta externa,repetidas en personas de 60 anos o mas,2006-03-01,5,5,5,5,10
SAMAIPATA,consulta externa,repetidas en personas de 60 anos o mas,2006-03-01,1,1,1,1,2
SAN ANDRES,consulta externa,repetidas en personas de 60 anos o mas,2006-03-01,1,1,1,1,2
SAN ANDRES DE MACHACA,consulta externa,repetidas en personas de 60 anos o mas,2006-03-01,2,5,2,5,7
SAN ANTONIO DE ESMORUCO,consulta externa,repetidas en personas de 60 anos o mas,2006-03-01,1,1,1,1,2
SAN ANTONIO DE LOMERIO,consulta externa,repetidas en personas de 60 anos o mas,2006-03-01,1,0,1,0,1
SAN BENITO,consulta externa,repetidas en personas de 60 anos o mas,2006-03-01,9,5,9,5,14
SAN BORJA,consulta externa,repetidas en personas de 60 anos o mas,2006-03-01,54,51,54,51,105
SAN BUENA VENTURA,consulta externa,repetidas en personas de 60 anos o mas,2006-03-01,6,6,6,6,12
SAN CARLOS,consulta externa,repetidas en personas de 60 anos o mas,2006-03-01,7,8,7,8,15
SAN IGNACIO,consulta externa,repetidas en personas de 60 anos o mas,2006-03-01,50,64,50,64,114
SAN IGNACIO DE VELASCO,consulta externa,repetidas en personas de 60 anos o mas,2006-03-01,39,38,39,38,77
SAN JAVIER(BNI),consulta externa,repetidas en personas de 60 anos o mas,2006-03-01,3,3,3,3,6
SAN JAVIER(STC),consulta externa,repetidas en personas de 60 anos o mas,2006-03-01,0,3,0,3,3
SAN JOAQUIN,consulta externa,repetidas en personas de 60 anos o mas,2006-03-01,10,14,10,14,24
SAN JOSE DE CHIQUITOS,consulta externa,repetidas en personas de 60 anos o mas,2006-03-01,8,11,8,11,19
SAN JUAN DE YAPACANI,consulta externa,repetidas en personas de 60 anos o mas,2006-03-01,26,31,26,31,57
SAN JULIAN,consulta externa,repetidas en personas de 60 anos o mas,2006-03-01,31,15,31,15,46
SAN LORENZO(PND),consulta externa,repetidas en personas de 60 anos o mas,2006-03-01,1,0,1,0,1
SAN LORENZO(TJA),consulta externa,repetidas en personas de 60 anos o mas,2006-03-01,4,3,4,3,7
SAN LUCAS,consulta externa,repetidas en personas de 60 anos o mas,2006-03-01,18,33,18,33,51
SAN MATIAS,consulta externa,repetidas en personas de 60 anos o mas,2006-03-01,6,4,6,4,10
SAN MIGUEL DE VELASCO,consulta externa,repetidas en personas de 60 anos o mas,2006-03-01,30,66,30,66,96
SAN PABLO DE LIPEZ,consulta externa,repetidas en personas de 60 anos o mas,2006-03-01,8,6,8,6,14
SAN PEDRO,consulta externa,repetidas en personas de 60 anos o mas,2006-03-01,7,6,7,6,13
SAN PEDRO DE CURAHUARA,consulta externa,repetidas en personas de 60 anos o mas,2006-03-01,0,7,0,7,7
SAN PEDRO DE TIQUINA,consulta externa,repetidas en personas de 60 anos o mas,2006-03-01,4,8,4,8,12
SAN PEDRO(PND),consulta externa,repetidas en personas de 60 anos o mas,2006-03-01,0,1,0,1,1
SAN RAFAEL,consulta externa,repetidas en personas de 60 anos o mas,2006-03-01,0,1,0,1,1
SAN RAMON,consulta externa,repetidas en personas de 60 anos o mas,2006-03-01,27,30,27,30,57
SAN RAMON,consulta externa,repetidas en personas de 60 anos o mas,2006-03-01,1,2,1,2,3
SANTA ANA,consulta externa,repetidas en personas de 60 anos o mas,2006-03-01,50,106,50,106,156
SANTA CRUZ DE LA SIERRA,consulta externa,repetidas en personas de 60 anos o mas,2006-03-01,3443,5860,3443,5860,9303
SANTA ROSA,consulta externa,repetidas en personas de 60 anos o mas,2006-03-01,2,0,2,0,2
SANTA ROSA DEL SARA,consulta externa,repetidas en personas de 60 anos o mas,2006-03-01,3,7,3,7,10
SANTIAGO DE CALLAPA,consulta externa,repetidas en personas de 60 anos o mas,2006-03-01,1,0,1,0,1
SANTIAGO DE HUARI,consulta externa,repetidas en personas de 60 anos o mas,2006-03-01,27,24,27,24,51
SANTIAGO DE MACHACA,consulta externa,repetidas en personas de 60 anos o mas,2006-03-01,1,3,1,3,4
SANTIVAÑES,consulta externa,repetidas en personas de 60 anos o mas,2006-03-01,4,3,4,3,7
SANTUARIO DE QUILLACAS,consulta externa,repetidas en personas de 60 anos o mas,2006-03-01,0,2,0,2,2
SAPAHAQUI,consulta externa,repetidas en personas de 60 anos o mas,2006-03-01,3,0,3,0,3
SICA SICA (VILLA AROMA),consulta externa,repetidas en personas de 60 anos o mas,2006-03-01,3,4,3,4,7
SICAYA,consulta externa,repetidas en personas de 60 anos o mas,2006-03-01,2,0,2,0,2
SIPE SIPE,consulta externa,repetidas en personas de 60 anos o mas,2006-03-01,23,23,23,23,46
SOPACHUY,consulta externa,repetidas en personas de 60 anos o mas,2006-03-01,0,4,0,4,4
SORATA,consulta externa,repetidas en personas de 60 anos o mas,2006-03-01,4,2,4,2,6
SUCRE,consulta externa,repetidas en personas de 60 anos o mas,2006-03-01,1503,2247,1503,2247,3750
TACACHI,consulta externa,repetidas en personas de 60 anos o mas,2006-03-01,2,6,2,6,8
TACOBAMBA,consulta externa,repetidas en personas de 60 anos o mas,2006-03-01,1,0,1,0,1
TACOPAYA,consulta externa,repetidas en personas de 60 anos o mas,2006-03-01,2,0,2,0,2
TAHUA,consulta externa,repetidas en personas de 60 anos o mas,2006-03-01,1,1,1,1,2
TAPACARI,consulta externa,repetidas en personas de 60 anos o mas,2006-03-01,1,7,1,7,8
TARABUCO,consulta externa,repetidas en personas de 60 anos o mas,2006-03-01,16,48,16,48,64
TARACO,consulta externa,repetidas en personas de 60 anos o mas,2006-03-01,4,1,4,1,5
TARATA,consulta externa,repetidas en personas de 60 anos o mas,2006-03-01,3,4,3,4,7
TARIJA,consulta externa,repetidas en personas de 60 anos o mas,2006-03-01,1702,2480,1702,2480,4182
TARVITA,consulta externa,repetidas en personas de 60 anos o mas,2006-03-01,2,3,2,3,5
TEOPONTE,consulta externa,repetidas en personas de 60 anos o mas,2006-03-01,2,1,2,1,3
TIAWANACU,consulta externa,repetidas en personas de 60 anos o mas,2006-03-01,3,6,3,6,9
TINGUIPAYA,consulta externa,repetidas en personas de 60 anos o mas,2006-03-01,2,5,2,5,7
TIPUANI,consulta externa,repetidas en personas de 60 anos o mas,2006-03-01,2,0,2,0,2
TIQUIPAYA,consulta externa,repetidas en personas de 60 anos o mas,2006-03-01,7,13,7,13,20
TIRAQUE (CBBA),consulta externa,repetidas en personas de 60 anos o mas,2006-03-01,6,8,6,8,14
TITO YUPANQUI (PARQUIPUJIO),consulta externa,repetidas en personas de 60 anos o mas,2006-03-01,1,1,1,1,2
TOCO,consulta externa,repetidas en personas de 60 anos o mas,2006-03-01,0,1,0,1,1
TOLATA,consulta externa,repetidas en personas de 60 anos o mas,2006-03-01,1,2,1,2,3
TOLEDO,consulta externa,repetidas en personas de 60 anos o mas,2006-03-01,0,3,0,3,3
TOMAVE,consulta externa,repetidas en personas de 60 anos o mas,2006-03-01,5,6,5,6,11
TOMINA,consulta externa,repetidas en personas de 60 anos o mas,2006-03-01,0,4,0,4,4
TORO TORO,consulta externa,repetidas en personas de 60 anos o mas,2006-03-01,0,1,0,1,1
TOTORA(CBBA),consulta externa,repetidas en personas de 60 anos o mas,2006-03-01,7,51,7,51,58
TRIGAL,consulta externa,repetidas en personas de 60 anos o mas,2006-03-01,1,2,1,2,3
TRINIDAD,consulta externa,repetidas en personas de 60 anos o mas,2006-03-01,404,447,404,447,851
TUPIZA,consulta externa,repetidas en personas de 60 anos o mas,2006-03-01,63,92,63,92,155
UMALA,consulta externa,repetidas en personas de 60 anos o mas,2006-03-01,0,1,0,1,1
UNCIA,consulta externa,repetidas en personas de 60 anos o mas,2006-03-01,51,91,51,91,142
URIONDO (A. CONCEPCION),consulta externa,repetidas en personas de 60 anos o mas,2006-03-01,6,6,6,6,12
UYUNI,consulta externa,repetidas en personas de 60 anos o mas,2006-03-01,66,29,66,29,95
VACAS,consulta externa,repetidas en personas de 60 anos o mas,2006-03-01,10,4,10,4,14
VALLEGRANDE,consulta externa,repetidas en personas de 60 anos o mas,2006-03-01,209,293,209,293,502
VIACHA,consulta externa,repetidas en personas de 60 anos o mas,2006-03-01,145,128,145,128,273
VILA VILA,consulta externa,repetidas en personas de 60 anos o mas,2006-03-01,0,1,0,1,1
VILLA MONTES,consulta externa,repetidas en personas de 60 anos o mas,2006-03-01,188,87,188,87,275
VILLA RIVERO,consulta externa,repetidas en personas de 60 anos o mas,2006-03-01,6,12,6,12,18
VILLA SERRANO,consulta externa,repetidas en personas de 60 anos o mas,2006-03-01,4,16,4,16,20
VILLA TUNARI,consulta externa,repetidas en personas de 60 anos o mas,2006-03-01,15,12,15,12,27
VILLA VACA GUZMAN (MUYUPAMPA),consulta externa,repetidas en personas de 60 anos o mas,2006-03-01,0,3,0,3,3
VILLAZON,consulta externa,repetidas en personas de 60 anos o mas,2006-03-01,31,60,31,60,91
VINTO,consulta externa,repetidas en personas de 60 anos o mas,2006-03-01,20,33,20,33,53
VITICHI,consulta externa,repetidas en personas de 60 anos o mas,2006-03-01,13,10,13,10,23
WALDO BALLIVIAN,consulta externa,repetidas en personas de 60 anos o mas,2006-03-01,0,2,0,2,2
WARNES,consulta externa,repetidas en personas de 60 anos o mas,2006-03-01,17,4,17,4,21
YACO,consulta externa,repetidas en personas de 60 anos o mas,2006-03-01,0,1,0,1,1
YACUIBA,consulta externa,repetidas en personas de 60 anos o mas,2006-03-01,175,342,175,342,517
YAMPARAEZ,consulta externa,repetidas en personas de 60 anos o mas,2006-03-01,8,4,8,4,12
YANACACHI,consulta externa,repetidas en personas de 60 anos o mas,2006-03-01,3,1,3,1,4
YAPACANI,consulta externa,repetidas en personas de 60 anos o mas,2006-03-01,9,4,9,4,13
YOCALLA,consulta externa,repetidas en personas de 60 anos o mas,2006-03-01,2,4,2,4,6
YOTALA,consulta externa,repetidas en personas de 60 anos o mas,2006-03-01,2,11,2,11,13
YUNCHARA,consulta externa,repetidas en personas de 60 anos o mas,2006-03-01,0,1,0,1,1
ZUDAÑEZ,consulta externa,repetidas en personas de 60 anos o mas,2006-03-01,1,0,1,0,1
ACACIO,consulta externa,repetidas en personas de 60 anos o mas,2006-04-01,0,4,0,4,4
ACHACACHI,consulta externa,repetidas en personas de 60 anos o mas,2006-04-01,22,33,22,33,55
ACHOCALLA,consulta externa,repetidas en personas de 60 anos o mas,2006-04-01,0,2,0,2,2
AIQUILE,consulta externa,repetidas en personas de 60 anos o mas,2006-04-01,48,55,48,55,103
ALCALA,consulta externa,repetidas en personas de 60 anos o mas,2006-04-01,5,2,5,2,7
ANCORAIMES,consulta externa,repetidas en personas de 60 anos o mas,2006-04-01,16,8,16,8,24
ANDAMARCA,consulta externa,repetidas en personas de 60 anos o mas,2006-04-01,3,2,3,2,5
ANTEQUERA,consulta externa,repetidas en personas de 60 anos o mas,2006-04-01,1,0,1,0,1
ANZALDO,consulta externa,repetidas en personas de 60 anos o mas,2006-04-01,2,0,2,0,2
APOLO,consulta externa,repetidas en personas de 60 anos o mas,2006-04-01,4,8,4,8,12
ARAMPAMPA,consulta externa,repetidas en personas de 60 anos o mas,2006-04-01,0,1,0,1,1
ARANI,consulta externa,repetidas en personas de 60 anos o mas,2006-04-01,6,7,6,7,13
ARBIETO,consulta externa,repetidas en personas de 60 anos o mas,2006-04-01,5,5,5,5,10
ASCENCION DE GUARAYOS,consulta externa,repetidas en personas de 60 anos o mas,2006-04-01,0,1,0,1,1
ATOCHA,consulta externa,repetidas en personas de 60 anos o mas,2006-04-01,61,69,61,69,130
AUCAPATA,consulta externa,repetidas en personas de 60 anos o mas,2006-04-01,3,5,3,5,8
AYATA,consulta externa,repetidas en personas de 60 anos o mas,2006-04-01,2,1,2,1,3
AYO AYO,consulta externa,repetidas en personas de 60 anos o mas,2006-04-01,1,0,1,0,1
AYOPAYA (V. DE INDEPENDENCIA),consulta externa,repetidas en personas de 60 anos o mas,2006-04-01,5,2,5,2,7
AZURDUY,consulta externa,repetidas en personas de 60 anos o mas,2006-04-01,0,1,0,1,1
BATALLAS,consulta externa,repetidas en personas de 60 anos o mas,2006-04-01,1,4,1,4,5
BAURES,consulta externa,repetidas en personas de 60 anos o mas,2006-04-01,5,6,5,6,11
BELEN DE ANDAMARCA,consulta externa,repetidas en personas de 60 anos o mas,2006-04-01,7,1,7,1,8
BELEN DE URMIRI,consulta externa,repetidas en personas de 60 anos o mas,2006-04-01,0,2,0,2,2
BELLA FLOR,consulta externa,repetidas en personas de 60 anos o mas,2006-04-01,2,0,2,0,2
BERMEJO,consulta externa,repetidas en personas de 60 anos o mas,2006-04-01,56,52,56,52,108
BETANZOS,consulta externa,repetidas en personas de 60 anos o mas,2006-04-01,21,59,21,59,80
BOLPEBRA,consulta externa,repetidas en personas de 60 anos o mas,2006-04-01,0,2,0,2,2
BOYUIBE,consulta externa,repetidas en personas de 60 anos o mas,2006-04-01,1,3,1,3,4
BUENA VISTA,consulta externa,repetidas en personas de 60 anos o mas,2006-04-01,41,29,41,29,70
CABEZAS,consulta externa,repetidas en personas de 60 anos o mas,2006-04-01,0,2,0,2,2
CAIROMA,consulta externa,repetidas en personas de 60 anos o mas,2006-04-01,11,5,11,5,16
"CAIZA ""D""",consulta externa,repetidas en personas de 60 anos o mas,2006-04-01,6,16,6,16,22
CAJUATA,consulta externa,repetidas en personas de 60 anos o mas,2006-04-01,6,4,6,4,10
CALACOTO,consulta externa,repetidas en personas de 60 anos o mas,2006-04-01,7,2,7,2,9
CALAMARCA,consulta externa,repetidas en personas de 60 anos o mas,2006-04-01,5,5,5,5,10
CAMARGO,consulta externa,repetidas en personas de 60 anos o mas,2006-04-01,12,17,12,17,29
CAMATAQUI (C. VILLA ABECIA),consulta externa,repetidas en personas de 60 anos o mas,2006-04-01,1,2,1,2,3
CAMIRI,consulta externa,repetidas en personas de 60 anos o mas,2006-04-01,71,92,71,92,163
CAPINOTA,consulta externa,repetidas en personas de 60 anos o mas,2006-04-01,15,19,15,19,34
CAQUIAVIRI,consulta externa,repetidas en personas de 60 anos o mas,2006-04-01,8,6,8,6,14
CARACOLLO,consulta externa,repetidas en personas de 60 anos o mas,2006-04-01,10,13,10,13,23
CARANAVI,consulta externa,repetidas en personas de 60 anos o mas,2006-04-01,18,15,18,15,33
CARAPARI,consulta externa,repetidas en personas de 60 anos o mas,2006-04-01,0,3,0,3,3
CATACORA,consulta externa,repetidas en personas de 60 anos o mas,2006-04-01,0,1,0,1,1
CHALLAPATA,consulta externa,repetidas en personas de 60 anos o mas,2006-04-01,18,5,18,5,23
CHAQUI,consulta externa,repetidas en personas de 60 anos o mas,2006-04-01,0,1,0,1,1
CHARAGUA,consulta externa,repetidas en personas de 60 anos o mas,2006-04-01,1,8,1,8,9
CHARAÑA,consulta externa,repetidas en personas de 60 anos o mas,2006-04-01,1,1,1,1,2
CHAYANTA,consulta externa,repetidas en personas de 60 anos o mas,2006-04-01,2,13,2,13,15
CHIMORE,consulta externa,repetidas en personas de 60 anos o mas,2006-04-01,1,4,1,4,5
CHOQUE COTA,consulta externa,repetidas en personas de 60 anos o mas,2006-04-01,2,1,2,1,3
CHULUMANI (V. DE LA LIBERTAD),consulta externa,repetidas en personas de 60 anos o mas,2006-04-01,20,6,20,6,26
CHUMA,consulta externa,repetidas en personas de 60 anos o mas,2006-04-01,4,6,4,6,10
CLIZA,consulta externa,repetidas en personas de 60 anos o mas,2006-04-01,1,2,1,2,3
COBIJA,consulta externa,repetidas en personas de 60 anos o mas,2006-04-01,5,7,5,7,12
COCHABAMBA,consulta externa,repetidas en personas de 60 anos o mas,2006-04-01,4471,5706,4471,5706,10177
COLCAPIRHUA,consulta externa,repetidas en personas de 60 anos o mas,2006-04-01,37,66,37,66,103
"COLCHA ""K""",consulta externa,repetidas en personas de 60 anos o mas,2006-04-01,4,9,4,9,13
COLLANA,consulta externa,repetidas en personas de 60 anos o mas,2006-04-01,2,2,2,2,4
COLOMI,consulta externa,repetidas en personas de 60 anos o mas,2006-04-01,0,2,0,2,2
COLPA BELGICA,consulta externa,repetidas en personas de 60 anos o mas,2006-04-01,31,24,31,24,55
COLQUECHACA,consulta externa,repetidas en personas de 60 anos o mas,2006-04-01,4,8,4,8,12
COLQUENCHA,consulta externa,repetidas en personas de 60 anos o mas,2006-04-01,2,0,2,0,2
COLQUIRI,consulta externa,repetidas en personas de 60 anos o mas,2006-04-01,5,2,5,2,7
COMARAPA,consulta externa,repetidas en personas de 60 anos o mas,2006-04-01,4,15,4,15,19
COMBAYA,consulta externa,repetidas en personas de 60 anos o mas,2006-04-01,0,2,0,2,2
COPACABANA,consulta externa,repetidas en personas de 60 anos o mas,2006-04-01,4,3,4,3,7
CORIPATA,consulta externa,repetidas en personas de 60 anos o mas,2006-04-01,4,1,4,1,5
COROICO,consulta externa,repetidas en personas de 60 anos o mas,2006-04-01,43,46,43,46,89
CORQUE,consulta externa,repetidas en personas de 60 anos o mas,2006-04-01,12,10,12,10,22
COTAGAITA,consulta externa,repetidas en personas de 60 anos o mas,2006-04-01,8,23,8,23,31
COTOCA,consulta externa,repetidas en personas de 60 anos o mas,2006-04-01,0,1,0,1,1
CUATRO CAÑADAS,consulta externa,repetidas en personas de 60 anos o mas,2006-04-01,1,4,1,4,5
CUCHUMUELA (V. G. VILLARROEL),consulta externa,repetidas en personas de 60 anos o mas,2006-04-01,1,7,1,7,8
CUEVO,consulta externa,repetidas en personas de 60 anos o mas,2006-04-01,1,2,1,2,3
CULPINA,consulta externa,repetidas en personas de 60 anos o mas,2006-04-01,1,3,1,3,4
CURAHUARA DE CARANGAS,consulta externa,repetidas en personas de 60 anos o mas,2006-04-01,2,1,2,1,3
DESAGUADERO,consulta externa,repetidas en personas de 60 anos o mas,2006-04-01,1,1,1,1,2
EL ALTO,consulta externa,repetidas en personas de 60 anos o mas,2006-04-01,742,713,742,713,1455
EL CHORO,consulta externa,repetidas en personas de 60 anos o mas,2006-04-01,1,1,1,1,2
EL PUENTE(STC),consulta externa,repetidas en personas de 60 anos o mas,2006-04-01,6,6,6,6,12
EL TORNO,consulta externa,repetidas en personas de 60 anos o mas,2006-04-01,246,268,246,268,514
EL VILLAR,consulta externa,repetidas en personas de 60 anos o mas,2006-04-01,0,2,0,2,2
ENTRE RIOS,consulta externa,repetidas en personas de 60 anos o mas,2006-04-01,1,1,1,1,2
ENTRE RIOS,consulta externa,repetidas en personas de 60 anos o mas,2006-04-01,2,1,2,1,3
EUCALIPTUS,consulta externa,repetidas en personas de 60 anos o mas,2006-04-01,0,4,0,4,4
FERNANDEZ ALONSO,consulta externa,repetidas en personas de 60 anos o mas,2006-04-01,2,2,2,2,4
GENERAL SAAVEDRA,consulta externa,repetidas en personas de 60 anos o mas,2006-04-01,8,7,8,7,15
GRAL. J.J. PEREZ (CHARAZANI),consulta externa,repetidas en personas de 60 anos o mas,2006-04-01,2,1,2,1,3
GUAQUI,consulta externa,repetidas en personas de 60 anos o mas,2006-04-01,2,0,2,0,2
GUAYARAMERIN,consulta externa,repetidas en personas de 60 anos o mas,2006-04-01,127,125,127,125,252
GUTIERREZ,consulta externa,repetidas en personas de 60 anos o mas,2006-04-01,2,1,2,1,3
HUACARETA,consulta externa,repetidas en personas de 60 anos o mas,2006-04-01,4,2,4,2,6
HUACAYA (VILLA DE HUACAYA),consulta externa,repetidas en personas de 60 anos o mas,2006-04-01,0,1,0,1,1
HUACHACALLA,consulta externa,repetidas en personas de 60 anos o mas,2006-04-01,0,2,0,2,2
HUANUNI,consulta externa,repetidas en personas de 60 anos o mas,2006-04-01,90,84,90,84,174
HUARACAJE,consulta externa,repetidas en personas de 60 anos o mas,2006-04-01,1,2,1,2,3
HUAYLLAMARCA,consulta externa,repetidas en personas de 60 anos o mas,2006-04-01,3,2,3,2,5
INCAHUASI,consulta externa,repetidas en personas de 60 anos o mas,2006-04-01,0,5,0,5,5
INGAVI (HUMAITA),consulta externa,repetidas en personas de 60 anos o mas,2006-04-01,2,1,2,1,3
INQUISIVI,consulta externa,repetidas en personas de 60 anos o mas,2006-04-01,6,1,6,1,7
IRUPANA (VILLA DE LANZA),consulta externa,repetidas en personas de 60 anos o mas,2006-04-01,9,8,9,8,17
IXIAMAS,consulta externa,repetidas en personas de 60 anos o mas,2006-04-01,2,0,2,0,2
JESUS DE MACHACA,consulta externa,repetidas en personas de 60 anos o mas,2006-04-01,9,8,9,8,17
LA ASUNTA,consulta externa,repetidas en personas de 60 anos o mas,2006-04-01,1,1,1,1,2
LA GUARDIA,consulta externa,repetidas en personas de 60 anos o mas,2006-04-01,3,6,3,6,9
LA PAZ,consulta externa,repetidas en personas de 60 anos o mas,2006-04-01,8946,11709,8946,11709,20655
LAJA,consulta externa,repetidas en personas de 60 anos o mas,2006-04-01,6,1,6,1,7
LAS CARRERAS,consulta externa,repetidas en personas de 60 anos o mas,2006-04-01,1,8,1,8,9
LICOMA PAMPA,consulta externa,repetidas en personas de 60 anos o mas,2006-04-01,1,0,1,0,1
LLALLAGUA,consulta externa,repetidas en personas de 60 anos o mas,2006-04-01,56,114,56,114,170
LLICA,consulta externa,repetidas en personas de 60 anos o mas,2006-04-01,2,4,2,4,6
LORETO,consulta externa,repetidas en personas de 60 anos o mas,2006-04-01,1,0,1,0,1
LURIBAY,consulta externa,repetidas en personas de 60 anos o mas,2006-04-01,5,1,5,1,6
MACHACAMARCA,consulta externa,repetidas en personas de 60 anos o mas,2006-04-01,35,35,35,35,70
MACHARETI,consulta externa,repetidas en personas de 60 anos o mas,2006-04-01,2,1,2,1,3
MAGDALENA,consulta externa,repetidas en personas de 60 anos o mas,2006-04-01,55,81,55,81,136
MAIRANA,consulta externa,repetidas en personas de 60 anos o mas,2006-04-01,0,2,0,2,2
MAPIRI,consulta externa,repetidas en personas de 60 anos o mas,2006-04-01,0,1,0,1,1
MECAPACA,consulta externa,repetidas en personas de 60 anos o mas,2006-04-01,8,5,8,5,13
MINEROS,consulta externa,repetidas en personas de 60 anos o mas,2006-04-01,1,2,1,2,3
MIZQUE,consulta externa,repetidas en personas de 60 anos o mas,2006-04-01,1,1,1,1,2
MOCOMOCO,consulta externa,repetidas en personas de 60 anos o mas,2006-04-01,2,8,2,8,10
MOJINETE,consulta externa,repetidas en personas de 60 anos o mas,2006-04-01,2,4,2,4,6
MOJOCOYA,consulta externa,repetidas en personas de 60 anos o mas,2006-04-01,0,2,0,2,2
MONTEAGUDO,consulta externa,repetidas en personas de 60 anos o mas,2006-04-01,50,81,50,81,131
MONTERO,consulta externa,repetidas en personas de 60 anos o mas,2006-04-01,480,557,480,557,1037
MORO MORO,consulta externa,repetidas en personas de 60 anos o mas,2006-04-01,1,0,1,0,1
MOROCHATA,consulta externa,repetidas en personas de 60 anos o mas,2006-04-01,5,10,5,10,15
OCURI,consulta externa,repetidas en personas de 60 anos o mas,2006-04-01,1,2,1,2,3
OKINAWA,consulta externa,repetidas en personas de 60 anos o mas,2006-04-01,0,1,0,1,1
OMEREQUE,consulta externa,repetidas en personas de 60 anos o mas,2006-04-01,2,2,2,2,4
ORURO,consulta externa,repetidas en personas de 60 anos o mas,2006-04-01,1464,1709,1464,1709,3173
PADCAYA,consulta externa,repetidas en personas de 60 anos o mas,2006-04-01,11,26,11,26,37
PADILLA,consulta externa,repetidas en personas de 60 anos o mas,2006-04-01,21,17,21,17,38
PALCA,consulta externa,repetidas en personas de 60 anos o mas,2006-04-01,0,1,0,1,1
PALOS BLANCOS,consulta externa,repetidas en personas de 60 anos o mas,2006-04-01,10,10,10,10,20
PAMPA AULLAGAS,consulta externa,repetidas en personas de 60 anos o mas,2006-04-01,1,0,1,0,1
PAMPA GRANDE,consulta externa,repetidas en personas de 60 anos o mas,2006-04-01,0,11,0,11,11
PAPEL PAMPA,consulta externa,repetidas en personas de 60 anos o mas,2006-04-01,3,8,3,8,11
PASORAPA,consulta externa,repetidas en personas de 60 anos o mas,2006-04-01,1,2,1,2,3
PATACAMAYA,consulta externa,repetidas en personas de 60 anos o mas,2006-04-01,1,2,1,2,3
PAZÑA,consulta externa,repetidas en personas de 60 anos o mas,2006-04-01,11,25,11,25,36
POCOATA,consulta externa,repetidas en personas de 60 anos o mas,2006-04-01,2,4,2,4,6
POCONA,consulta externa,repetidas en personas de 60 anos o mas,2006-04-01,0,5,0,5,5
POOPO,consulta externa,repetidas en personas de 60 anos o mas,2006-04-01,7,3,7,3,10
POROMA,consulta externa,repetidas en personas de 60 anos o mas,2006-04-01,11,8,11,8,19
PORONGO,consulta externa,repetidas en personas de 60 anos o mas,2006-04-01,3,3,3,3,6
PORTACHUELO,consulta externa,repetidas en personas de 60 anos o mas,2006-04-01,16,14,16,14,30
PORVENIR,consulta externa,repetidas en personas de 60 anos o mas,2006-04-01,7,3,7,3,10
POSTRER VALLE,consulta externa,repetidas en personas de 60 anos o mas,2006-04-01,5,9,5,9,14
POTOSI,consulta externa,repetidas en personas de 60 anos o mas,2006-04-01,748,1149,748,1149,1897
PUCARANI,consulta externa,repetidas en personas de 60 anos o mas,2006-04-01,4,1,4,1,5
PUERTO ACOSTA,consulta externa,repetidas en personas de 60 anos o mas,2006-04-01,19,17,19,17,36
PUERTO CARABUCO,consulta externa,repetidas en personas de 60 anos o mas,2006-04-01,8,1,8,1,9
PUERTO PEREZ,consulta externa,repetidas en personas de 60 anos o mas,2006-04-01,0,4,0,4,4
PUERTO QUIJARRO,consulta externa,repetidas en personas de 60 anos o mas,2006-04-01,9,3,9,3,12
PUERTO RICO,consulta externa,repetidas en personas de 60 anos o mas,2006-04-01,4,4,4,4,8
PUERTO SILES,consulta externa,repetidas en personas de 60 anos o mas,2006-04-01,1,0,1,0,1
PUERTO SUAREZ,consulta externa,repetidas en personas de 60 anos o mas,2006-04-01,8,13,8,13,21
PUERTO VILLARROEL,consulta externa,repetidas en personas de 60 anos o mas,2006-04-01,7,3,7,3,10
PUNA,consulta externa,repetidas en personas de 60 anos o mas,2006-04-01,5,7,5,7,12
PUNATA,consulta externa,repetidas en personas de 60 anos o mas,2006-04-01,86,135,86,135,221
QUILLACOLLO,consulta externa,repetidas en personas de 60 anos o mas,2006-04-01,274,321,274,321,595
QUIME,consulta externa,repetidas en personas de 60 anos o mas,2006-04-01,1,2,1,2,3
QUIRUSILLAS,consulta externa,repetidas en personas de 60 anos o mas,2006-04-01,0,2,0,2,2
REYES,consulta externa,repetidas en personas de 60 anos o mas,2006-04-01,75,79,75,79,154
RIBERALTA,consulta externa,repetidas en personas de 60 anos o mas,2006-04-01,12,14,12,14,26
ROBORE,consulta externa,repetidas en personas de 60 anos o mas,2006-04-01,21,16,21,16,37
RURRENABAQUE,consulta externa,repetidas en personas de 60 anos o mas,2006-04-01,56,52,56,52,108
SABAYA,consulta externa,repetidas en personas de 60 anos o mas,2006-04-01,0,1,0,1,1
SACABA,consulta externa,repetidas en personas de 60 anos o mas,2006-04-01,85,89,85,89,174
SACABAMBA,consulta externa,repetidas en personas de 60 anos o mas,2006-04-01,1,1,1,1,2
SACACA,consulta externa,repetidas en personas de 60 anos o mas,2006-04-01,0,2,0,2,2
SALINAS DE GARCI MENDOZA,consulta externa,repetidas en personas de 60 anos o mas,2006-04-01,8,1,8,1,9
SAMAIPATA,consulta externa,repetidas en personas de 60 anos o mas,2006-04-01,1,1,1,1,2
SAN ANDRES,consulta externa,repetidas en personas de 60 anos o mas,2006-04-01,3,1,3,1,4
SAN ANDRES DE MACHACA,consulta externa,repetidas en personas de 60 anos o mas,2006-04-01,5,11,5,11,16
SAN ANTONIO DE LOMERIO,consulta externa,repetidas en personas de 60 anos o mas,2006-04-01,2,3,2,3,5
SAN BENITO,consulta externa,repetidas en personas de 60 anos o mas,2006-04-01,6,12,6,12,18
SAN BORJA,consulta externa,repetidas en personas de 60 anos o mas,2006-04-01,55,89,55,89,144
SAN BUENA VENTURA,consulta externa,repetidas en personas de 60 anos o mas,2006-04-01,2,4,2,4,6
SAN CARLOS,consulta externa,repetidas en personas de 60 anos o mas,2006-04-01,10,7,10,7,17
SAN IGNACIO,consulta externa,repetidas en personas de 60 anos o mas,2006-04-01,24,55,24,55,79
SAN IGNACIO DE VELASCO,consulta externa,repetidas en personas de 60 anos o mas,2006-04-01,14,32,14,32,46
SAN JAVIER(BNI),consulta externa,repetidas en personas de 60 anos o mas,2006-04-01,1,0,1,0,1
SAN JAVIER(STC),consulta externa,repetidas en personas de 60 anos o mas,2006-04-01,1,2,1,2,3
SAN JOAQUIN,consulta externa,repetidas en personas de 60 anos o mas,2006-04-01,19,20,19,20,39
SAN JOSE DE CHIQUITOS,consulta externa,repetidas en personas de 60 anos o mas,2006-04-01,7,9,7,9,16
SAN JUAN DE YAPACANI,consulta externa,repetidas en personas de 60 anos o mas,2006-04-01,25,30,25,30,55
SAN JULIAN,consulta externa,repetidas en personas de 60 anos o mas,2006-04-01,22,14,22,14,36
SAN LORENZO(PND),consulta externa,repetidas en personas de 60 anos o mas,2006-04-01,1,0,1,0,1
SAN LORENZO(TJA),consulta externa,repetidas en personas de 60 anos o mas,2006-04-01,5,15,5,15,20
SAN LUCAS,consulta externa,repetidas en personas de 60 anos o mas,2006-04-01,19,47,19,47,66
SAN MATIAS,consulta externa,repetidas en personas de 60 anos o mas,2006-04-01,0,1,0,1,1
SAN MIGUEL DE VELASCO,consulta externa,repetidas en personas de 60 anos o mas,2006-04-01,34,55,34,55,89
SAN PABLO DE LIPEZ,consulta externa,repetidas en personas de 60 anos o mas,2006-04-01,8,4,8,4,12
SAN PEDRO,consulta externa,repetidas en personas de 60 anos o mas,2006-04-01,17,13,17,13,30
SAN PEDRO DE BUENA VISTA,consulta externa,repetidas en personas de 60 anos o mas,2006-04-01,0,1,0,1,1
SAN PEDRO DE CURAHUARA,consulta externa,repetidas en personas de 60 anos o mas,2006-04-01,1,7,1,7,8
SAN PEDRO DE TIQUINA,consulta externa,repetidas en personas de 60 anos o mas,2006-04-01,4,8,4,8,12
SAN RAFAEL,consulta externa,repetidas en personas de 60 anos o mas,2006-04-01,1,0,1,0,1
SAN RAMON,consulta externa,repetidas en personas de 60 anos o mas,2006-04-01,20,31,20,31,51
SAN RAMON,consulta externa,repetidas en personas de 60 anos o mas,2006-04-01,1,2,1,2,3
SANTA ANA,consulta externa,repetidas en personas de 60 anos o mas,2006-04-01,82,163,82,163,245
SANTA CRUZ DE LA SIERRA,consulta externa,repetidas en personas de 60 anos o mas,2006-04-01,3031,4749,3031,4749,7780
SANTA ROSA DEL SARA,consulta externa,repetidas en personas de 60 anos o mas,2006-04-01,8,4,8,4,12
SANTIAGO DE HUARI,consulta externa,repetidas en personas de 60 anos o mas,2006-04-01,18,14,18,14,32
SANTIAGO DE MACHACA,consulta externa,repetidas en personas de 60 anos o mas,2006-04-01,1,1,1,1,2
SANTIVAÑES,consulta externa,repetidas en personas de 60 anos o mas,2006-04-01,4,9,4,9,13
SANTUARIO DE QUILLACAS,consulta externa,repetidas en personas de 60 anos o mas,2006-04-01,1,0,1,0,1
SAPAHAQUI,consulta externa,repetidas en personas de 60 anos o mas,2006-04-01,4,0,4,0,4
SICA SICA (VILLA AROMA),consulta externa,repetidas en personas de 60 anos o mas,2006-04-01,3,6,3,6,9
SICAYA,consulta externa,repetidas en personas de 60 anos o mas,2006-04-01,0,1,0,1,1
SIPE SIPE,consulta externa,repetidas en personas de 60 anos o mas,2006-04-01,6,14,6,14,20
SOPACHUY,consulta externa,repetidas en personas de 60 anos o mas,2006-04-01,2,4,2,4,6
SORACACHI,consulta externa,repetidas en personas de 60 anos o mas,2006-04-01,0,1,0,1,1
SORATA,consulta externa,repetidas en personas de 60 anos o mas,2006-04-01,4,3,4,3,7
SUCRE,consulta externa,repetidas en personas de 60 anos o mas,2006-04-01,1360,1857,1360,1857,3217
TACACHI,consulta externa,repetidas en personas de 60 anos o mas,2006-04-01,2,5,2,5,7
TACACOMA,consulta externa,repetidas en personas de 60 anos o mas,2006-04-01,4,0,4,0,4
TACOPAYA,consulta externa,repetidas en personas de 60 anos o mas,2006-04-01,2,1,2,1,3
TAHUA,consulta externa,repetidas en personas de 60 anos o mas,2006-04-01,0,1,0,1,1
TAPACARI,consulta externa,repetidas en personas de 60 anos o mas,2006-04-01,1,3,1,3,4
TARABUCO,consulta externa,repetidas en personas de 60 anos o mas,2006-04-01,19,43,19,43,62
TARACO,consulta externa,repetidas en personas de 60 anos o mas,2006-04-01,1,4,1,4,5
TARATA,consulta externa,repetidas en personas de 60 anos o mas,2006-04-01,2,0,2,0,2
TARIJA,consulta externa,repetidas en personas de 60 anos o mas,2006-04-01,1436,1930,1436,1930,3366
TARVITA,consulta externa,repetidas en personas de 60 anos o mas,2006-04-01,1,3,1,3,4
TEOPONTE,consulta externa,repetidas en personas de 60 anos o mas,2006-04-01,6,4,6,4,10
TIAWANACU,consulta externa,repetidas en personas de 60 anos o mas,2006-04-01,1,0,1,0,1
TINGUIPAYA,consulta externa,repetidas en personas de 60 anos o mas,2006-04-01,5,10,5,10,15
TIPUANI,consulta externa,repetidas en personas de 60 anos o mas,2006-04-01,1,1,1,1,2
TIQUIPAYA,consulta externa,repetidas en personas de 60 anos o mas,2006-04-01,8,8,8,8,16
TIRAQUE (CBBA),consulta externa,repetidas en personas de 60 anos o mas,2006-04-01,6,7,6,7,13
TITO YUPANQUI (PARQUIPUJIO),consulta externa,repetidas en personas de 60 anos o mas,2006-04-01,1,1,1,1,2
TOCO,consulta externa,repetidas en personas de 60 anos o mas,2006-04-01,0,1,0,1,1
TOLATA,consulta externa,repetidas en personas de 60 anos o mas,2006-04-01,1,1,1,1,2
TOMINA,consulta externa,repetidas en personas de 60 anos o mas,2006-04-01,0,1,0,1,1
TORO TORO,consulta externa,repetidas en personas de 60 anos o mas,2006-04-01,1,4,1,4,5
TOTORA(CBBA),consulta externa,repetidas en personas de 60 anos o mas,2006-04-01,5,7,5,7,12
TRIGAL,consulta externa,repetidas en personas de 60 anos o mas,2006-04-01,0,1,0,1,1
TRINIDAD,consulta externa,repetidas en personas de 60 anos o mas,2006-04-01,238,249,238,249,487
TUPIZA,consulta externa,repetidas en personas de 60 anos o mas,2006-04-01,46,66,46,66,112
UNCIA,consulta externa,repetidas en personas de 60 anos o mas,2006-04-01,71,64,71,64,135
URIONDO (A. CONCEPCION),consulta externa,repetidas en personas de 60 anos o mas,2006-04-01,8,13,8,13,21
UYUNI,consulta externa,repetidas en personas de 60 anos o mas,2006-04-01,47,36,47,36,83
VACAS,consulta externa,repetidas en personas de 60 anos o mas,2006-04-01,13,11,13,11,24
VALLEGRANDE,consulta externa,repetidas en personas de 60 anos o mas,2006-04-01,201,254,201,254,455
VIACHA,consulta externa,repetidas en personas de 60 anos o mas,2006-04-01,133,139,133,139,272
VILLA MONTES,consulta externa,repetidas en personas de 60 anos o mas,2006-04-01,81,78,81,78,159
VILLA RIVERO,consulta externa,repetidas en personas de 60 anos o mas,2006-04-01,7,5,7,5,12
VILLA SERRANO,consulta externa,repetidas en personas de 60 anos o mas,2006-04-01,6,9,6,9,15
VILLA TUNARI,consulta externa,repetidas en personas de 60 anos o mas,2006-04-01,23,23,23,23,46
VILLA VACA GUZMAN (MUYUPAMPA),consulta externa,repetidas en personas de 60 anos o mas,2006-04-01,0,4,0,4,4
VILLAZON,consulta externa,repetidas en personas de 60 anos o mas,2006-04-01,43,75,43,75,118
VINTO,consulta externa,repetidas en personas de 60 anos o mas,2006-04-01,14,39,14,39,53
VITICHI,consulta externa,repetidas en personas de 60 anos o mas,2006-04-01,9,19,9,19,28
WALDO BALLIVIAN,consulta externa,repetidas en personas de 60 anos o mas,2006-04-01,1,1,1,1,2
WARNES,consulta externa,repetidas en personas de 60 anos o mas,2006-04-01,3,6,3,6,9
YACO,consulta externa,repetidas en personas de 60 anos o mas,2006-04-01,4,1,4,1,5
YACUIBA,consulta externa,repetidas en personas de 60 anos o mas,2006-04-01,149,207,149,207,356
YAMPARAEZ,consulta externa,repetidas en personas de 60 anos o mas,2006-04-01,7,8,7,8,15
YANACACHI,consulta externa,repetidas en personas de 60 anos o mas,2006-04-01,0,1,0,1,1
YAPACANI,consulta externa,repetidas en personas de 60 anos o mas,2006-04-01,4,11,4,11,15
YOCALLA,consulta externa,repetidas en personas de 60 anos o mas,2006-04-01,0,5,0,5,5
YOTALA,consulta externa,repetidas en personas de 60 anos o mas,2006-04-01,11,11,11,11,22
YUNCHARA,consulta externa,repetidas en personas de 60 anos o mas,2006-04-01,3,6,3,6,9
ZUDAÑEZ,consulta externa,repetidas en personas de 60 anos o mas,2006-04-01,7,5,7,5,12
ACACIO,consulta externa,repetidas en personas de 60 anos o mas,2006-05-01,1,0,1,0,1
ACHACACHI,consulta externa,repetidas en personas de 60 anos o mas,2006-05-01,20,22,20,22,42
AIQUILE,consulta externa,repetidas en personas de 60 anos o mas,2006-05-01,52,61,52,61,113
ALCALA,consulta externa,repetidas en personas de 60 anos o mas,2006-05-01,2,3,2,3,5
ANCORAIMES,consulta externa,repetidas en personas de 60 anos o mas,2006-05-01,4,3,4,3,7
ANDAMARCA,consulta externa,repetidas en personas de 60 anos o mas,2006-05-01,1,0,1,0,1
ANTEQUERA,consulta externa,repetidas en personas de 60 anos o mas,2006-05-01,1,1,1,1,2
ANZALDO,consulta externa,repetidas en personas de 60 anos o mas,2006-05-01,2,2,2,2,4
APOLO,consulta externa,repetidas en personas de 60 anos o mas,2006-05-01,7,10,7,10,17
ARANI,consulta externa,repetidas en personas de 60 anos o mas,2006-05-01,4,5,4,5,9
ARBIETO,consulta externa,repetidas en personas de 60 anos o mas,2006-05-01,3,4,3,4,7
ARQUE,consulta externa,repetidas en personas de 60 anos o mas,2006-05-01,1,0,1,0,1
ASCENCION DE GUARAYOS,consulta externa,repetidas en personas de 60 anos o mas,2006-05-01,0,1,0,1,1
ATOCHA,consulta externa,repetidas en personas de 60 anos o mas,2006-05-01,35,68,35,68,103
AUCAPATA,consulta externa,repetidas en personas de 60 anos o mas,2006-05-01,1,4,1,4,5
AYATA,consulta externa,repetidas en personas de 60 anos o mas,2006-05-01,1,1,1,1,2
AYO AYO,consulta externa,repetidas en personas de 60 anos o mas,2006-05-01,2,2,2,2,4
AYOPAYA (V. DE INDEPENDENCIA),consulta externa,repetidas en personas de 60 anos o mas,2006-05-01,3,1,3,1,4
AZURDUY,consulta externa,repetidas en personas de 60 anos o mas,2006-05-01,0,1,0,1,1
BATALLAS,consulta externa,repetidas en personas de 60 anos o mas,2006-05-01,1,2,1,2,3
BAURES,consulta externa,repetidas en personas de 60 anos o mas,2006-05-01,1,7,1,7,8
BELEN DE URMIRI,consulta externa,repetidas en personas de 60 anos o mas,2006-05-01,0,1,0,1,1
BERMEJO,consulta externa,repetidas en personas de 60 anos o mas,2006-05-01,52,53,52,53,105
BETANZOS,consulta externa,repetidas en personas de 60 anos o mas,2006-05-01,40,88,40,88,128
BOYUIBE,consulta externa,repetidas en personas de 60 anos o mas,2006-05-01,6,3,6,3,9
BUENA VISTA,consulta externa,repetidas en personas de 60 anos o mas,2006-05-01,37,21,37,21,58
CABEZAS,consulta externa,repetidas en personas de 60 anos o mas,2006-05-01,2,0,2,0,2
CAIROMA,consulta externa,repetidas en personas de 60 anos o mas,2006-05-01,11,3,11,3,14
"CAIZA ""D""",consulta externa,repetidas en personas de 60 anos o mas,2006-05-01,2,3,2,3,5
CAJUATA,consulta externa,repetidas en personas de 60 anos o mas,2006-05-01,1,4,1,4,5
CALACOTO,consulta externa,repetidas en personas de 60 anos o mas,2006-05-01,6,0,6,0,6
CALAMARCA,consulta externa,repetidas en personas de 60 anos o mas,2006-05-01,2,2,2,2,4
CAMARGO,consulta externa,repetidas en personas de 60 anos o mas,2006-05-01,12,24,12,24,36
CAMATAQUI (C. VILLA ABECIA),consulta externa,repetidas en personas de 60 anos o mas,2006-05-01,3,2,3,2,5
CAMIRI,consulta externa,repetidas en personas de 60 anos o mas,2006-05-01,48,53,48,53,101
CAPINOTA,consulta externa,repetidas en personas de 60 anos o mas,2006-05-01,9,9,9,9,18
CAQUIAVIRI,consulta externa,repetidas en personas de 60 anos o mas,2006-05-01,4,4,4,4,8
CARACOLLO,consulta externa,repetidas en personas de 60 anos o mas,2006-05-01,9,13,9,13,22
CARANAVI,consulta externa,repetidas en personas de 60 anos o mas,2006-05-01,25,24,25,24,49
CARAPARI,consulta externa,repetidas en personas de 60 anos o mas,2006-05-01,1,1,1,1,2
CARMEN RIVERO TORREZ,consulta externa,repetidas en personas de 60 anos o mas,2006-05-01,1,0,1,0,1
CHALLAPATA,consulta externa,repetidas en personas de 60 anos o mas,2006-05-01,21,12,21,12,33
CHARAGUA,consulta externa,repetidas en personas de 60 anos o mas,2006-05-01,7,4,7,4,11
CHARAÑA,consulta externa,repetidas en personas de 60 anos o mas,2006-05-01,0,1,0,1,1
CHAYANTA,consulta externa,repetidas en personas de 60 anos o mas,2006-05-01,4,15,4,15,19
CHOQUE COTA,consulta externa,repetidas en personas de 60 anos o mas,2006-05-01,4,11,4,11,15
CHULUMANI (V. DE LA LIBERTAD),consulta externa,repetidas en personas de 60 anos o mas,2006-05-01,16,7,16,7,23
CHUMA,consulta externa,repetidas en personas de 60 anos o mas,2006-05-01,6,8,6,8,14
CLIZA,consulta externa,repetidas en personas de 60 anos o mas,2006-05-01,2,1,2,1,3
COBIJA,consulta externa,repetidas en personas de 60 anos o mas,2006-05-01,8,3,8,3,11
COCHABAMBA,consulta externa,repetidas en personas de 60 anos o mas,2006-05-01,5485,6881,5485,6881,12366
COLCAPIRHUA,consulta externa,repetidas en personas de 60 anos o mas,2006-05-01,85,84,85,84,169
"COLCHA ""K""",consulta externa,repetidas en personas de 60 anos o mas,2006-05-01,1,4,1,4,5
COLLANA,consulta externa,repetidas en personas de 60 anos o mas,2006-05-01,0,1,0,1,1
COLOMI,consulta externa,repetidas en personas de 60 anos o mas,2006-05-01,2,1,2,1,3
COLPA BELGICA,consulta externa,repetidas en personas de 60 anos o mas,2006-05-01,22,19,22,19,41
COLQUECHACA,consulta externa,repetidas en personas de 60 anos o mas,2006-05-01,8,6,8,6,14
COLQUENCHA,consulta externa,repetidas en personas de 60 anos o mas,2006-05-01,1,1,1,1,2
COLQUIRI,consulta externa,repetidas en personas de 60 anos o mas,2006-05-01,14,3,14,3,17
COMANCHE,consulta externa,repetidas en personas de 60 anos o mas,2006-05-01,2,2,2,2,4
COMARAPA,consulta externa,repetidas en personas de 60 anos o mas,2006-05-01,7,17,7,17,24
COMBAYA,consulta externa,repetidas en personas de 60 anos o mas,2006-05-01,3,3,3,3,6
CONCEPCION,consulta externa,repetidas en personas de 60 anos o mas,2006-05-01,1,1,1,1,2
COPACABANA,consulta externa,repetidas en personas de 60 anos o mas,2006-05-01,1,0,1,0,1
CORIPATA,consulta externa,repetidas en personas de 60 anos o mas,2006-05-01,8,2,8,2,10
CORO CORO,consulta externa,repetidas en personas de 60 anos o mas,2006-05-01,2,1,2,1,3
COROICO,consulta externa,repetidas en personas de 60 anos o mas,2006-05-01,46,49,46,49,95
CORQUE,consulta externa,repetidas en personas de 60 anos o mas,2006-05-01,1,8,1,8,9
COTAGAITA,consulta externa,repetidas en personas de 60 anos o mas,2006-05-01,11,18,11,18,29
COTOCA,consulta externa,repetidas en personas de 60 anos o mas,2006-05-01,38,34,38,34,72
CUATRO CAÑADAS,consulta externa,repetidas en personas de 60 anos o mas,2006-05-01,1,1,1,1,2
CUCHUMUELA (V. G. VILLARROEL),consulta externa,repetidas en personas de 60 anos o mas,2006-05-01,1,1,1,1,2
CUEVO,consulta externa,repetidas en personas de 60 anos o mas,2006-05-01,3,1,3,1,4
CULPINA,consulta externa,repetidas en personas de 60 anos o mas,2006-05-01,3,2,3,2,5
DESAGUADERO,consulta externa,repetidas en personas de 60 anos o mas,2006-05-01,5,4,5,4,9
EL ALTO,consulta externa,repetidas en personas de 60 anos o mas,2006-05-01,719,723,719,723,1442
EL CHORO,consulta externa,repetidas en personas de 60 anos o mas,2006-05-01,1,0,1,0,1
EL PUENTE(TJA),consulta externa,repetidas en personas de 60 anos o mas,2006-05-01,3,8,3,8,11
EL TORNO,consulta externa,repetidas en personas de 60 anos o mas,2006-05-01,303,324,303,324,627
EL VILLAR,consulta externa,repetidas en personas de 60 anos o mas,2006-05-01,0,1,0,1,1
ENTRE RIOS,consulta externa,repetidas en personas de 60 anos o mas,2006-05-01,6,4,6,4,10
ENTRE RIOS,consulta externa,repetidas en personas de 60 anos o mas,2006-05-01,1,0,1,0,1
EUCALIPTUS,consulta externa,repetidas en personas de 60 anos o mas,2006-05-01,5,13,5,13,18
EXALTACION,consulta externa,repetidas en personas de 60 anos o mas,2006-05-01,4,1,4,1,5
FERNANDEZ ALONSO,consulta externa,repetidas en personas de 60 anos o mas,2006-05-01,0,2,0,2,2
GENERAL SAAVEDRA,consulta externa,repetidas en personas de 60 anos o mas,2006-05-01,2,1,2,1,3
GRAL. J.J. PEREZ (CHARAZANI),consulta externa,repetidas en personas de 60 anos o mas,2006-05-01,1,4,1,4,5
GUAQUI,consulta externa,repetidas en personas de 60 anos o mas,2006-05-01,1,1,1,1,2
GUAYARAMERIN,consulta externa,repetidas en personas de 60 anos o mas,2006-05-01,212,222,212,222,434
GUTIERREZ,consulta externa,repetidas en personas de 60 anos o mas,2006-05-01,5,2,5,2,7
HUACARETA,consulta externa,repetidas en personas de 60 anos o mas,2006-05-01,8,13,8,13,21
HUANUNI,consulta externa,repetidas en personas de 60 anos o mas,2006-05-01,191,187,191,187,378
HUARACAJE,consulta externa,repetidas en personas de 60 anos o mas,2006-05-01,6,7,6,7,13
HUAYLLAMARCA,consulta externa,repetidas en personas de 60 anos o mas,2006-05-01,3,2,3,2,5
ICHOCA,consulta externa,repetidas en personas de 60 anos o mas,2006-05-01,1,0,1,0,1
ICLA,consulta externa,repetidas en personas de 60 anos o mas,2006-05-01,0,2,0,2,2
INCAHUASI,consulta externa,repetidas en personas de 60 anos o mas,2006-05-01,1,1,1,1,2
INGAVI (HUMAITA),consulta externa,repetidas en personas de 60 anos o mas,2006-05-01,1,0,1,0,1
INQUISIVI,consulta externa,repetidas en personas de 60 anos o mas,2006-05-01,4,2,4,2,6
IRUPANA (VILLA DE LANZA),consulta externa,repetidas en personas de 60 anos o mas,2006-05-01,9,10,9,10,19
JESUS DE MACHACA,consulta externa,repetidas en personas de 60 anos o mas,2006-05-01,7,4,7,4,11
LA GUARDIA,consulta externa,repetidas en personas de 60 anos o mas,2006-05-01,1,6,1,6,7
LA PAZ,consulta externa,repetidas en personas de 60 anos o mas,2006-05-01,9485,13848,9485,13848,23333
LAJA,consulta externa,repetidas en personas de 60 anos o mas,2006-05-01,2,6,2,6,8
LAS CARRERAS,consulta externa,repetidas en personas de 60 anos o mas,2006-05-01,3,5,3,5,8
LLALLAGUA,consulta externa,repetidas en personas de 60 anos o mas,2006-05-01,38,37,38,37,75
LLICA,consulta externa,repetidas en personas de 60 anos o mas,2006-05-01,8,3,8,3,11
LORETO,consulta externa,repetidas en personas de 60 anos o mas,2006-05-01,3,0,3,0,3
LURIBAY,consulta externa,repetidas en personas de 60 anos o mas,2006-05-01,1,3,1,3,4
MACHACAMARCA,consulta externa,repetidas en personas de 60 anos o mas,2006-05-01,33,46,33,46,79
MACHARETI,consulta externa,repetidas en personas de 60 anos o mas,2006-05-01,2,2,2,2,4
MAGDALENA,consulta externa,repetidas en personas de 60 anos o mas,2006-05-01,81,102,81,102,183
MAIRANA,consulta externa,repetidas en personas de 60 anos o mas,2006-05-01,2,0,2,0,2
MALLA,consulta externa,repetidas en personas de 60 anos o mas,2006-05-01,0,2,0,2,2
MAPIRI,consulta externa,repetidas en personas de 60 anos o mas,2006-05-01,0,2,0,2,2
MECAPACA,consulta externa,repetidas en personas de 60 anos o mas,2006-05-01,3,9,3,9,12
MINEROS,consulta externa,repetidas en personas de 60 anos o mas,2006-05-01,1,1,1,1,2
MIZQUE,consulta externa,repetidas en personas de 60 anos o mas,2006-05-01,2,1,2,1,3
MOCOMOCO,consulta externa,repetidas en personas de 60 anos o mas,2006-05-01,0,7,0,7,7
MOJINETE,consulta externa,repetidas en personas de 60 anos o mas,2006-05-01,2,4,2,4,6
MOJOCOYA,consulta externa,repetidas en personas de 60 anos o mas,2006-05-01,1,1,1,1,2
MONTEAGUDO,consulta externa,repetidas en personas de 60 anos o mas,2006-05-01,54,80,54,80,134
MONTERO,consulta externa,repetidas en personas de 60 anos o mas,2006-05-01,114,260,114,260,374
MORO MORO,consulta externa,repetidas en personas de 60 anos o mas,2006-05-01,1,0,1,0,1
MOROCHATA,consulta externa,repetidas en personas de 60 anos o mas,2006-05-01,12,20,12,20,32
OCURI,consulta externa,repetidas en personas de 60 anos o mas,2006-05-01,2,0,2,0,2
OKINAWA,consulta externa,repetidas en personas de 60 anos o mas,2006-05-01,0,3,0,3,3
OMEREQUE,consulta externa,repetidas en personas de 60 anos o mas,2006-05-01,3,3,3,3,6
ORURO,consulta externa,repetidas en personas de 60 anos o mas,2006-05-01,1567,1929,1567,1929,3496
PADCAYA,consulta externa,repetidas en personas de 60 anos o mas,2006-05-01,11,20,11,20,31
PADILLA,consulta externa,repetidas en personas de 60 anos o mas,2006-05-01,16,25,16,25,41
PALCA,consulta externa,repetidas en personas de 60 anos o mas,2006-05-01,2,2,2,2,4
PALOS BLANCOS,consulta externa,repetidas en personas de 60 anos o mas,2006-05-01,2,3,2,3,5
PAMPA GRANDE,consulta externa,repetidas en personas de 60 anos o mas,2006-05-01,3,6,3,6,9
PAPEL PAMPA,consulta externa,repetidas en personas de 60 anos o mas,2006-05-01,6,8,6,8,14
PASORAPA,consulta externa,repetidas en personas de 60 anos o mas,2006-05-01,0,1,0,1,1
PATACAMAYA,consulta externa,repetidas en personas de 60 anos o mas,2006-05-01,0,1,0,1,1
PAZÑA,consulta externa,repetidas en personas de 60 anos o mas,2006-05-01,11,24,11,24,35
POCOATA,consulta externa,repetidas en personas de 60 anos o mas,2006-05-01,1,3,1,3,4
POCONA,consulta externa,repetidas en personas de 60 anos o mas,2006-05-01,6,5,6,5,11
POOPO,consulta externa,repetidas en personas de 60 anos o mas,2006-05-01,8,10,8,10,18
POROMA,consulta externa,repetidas en personas de 60 anos o mas,2006-05-01,11,10,11,10,21
PORONGO,consulta externa,repetidas en personas de 60 anos o mas,2006-05-01,2,2,2,2,4
PORTACHUELO,consulta externa,repetidas en personas de 60 anos o mas,2006-05-01,12,16,12,16,28
POSTRER VALLE,consulta externa,repetidas en personas de 60 anos o mas,2006-05-01,5,3,5,3,8
POTOSI,consulta externa,repetidas en personas de 60 anos o mas,2006-05-01,1180,1568,1180,1568,2748
PUCARA,consulta externa,repetidas en personas de 60 anos o mas,2006-05-01,2,4,2,4,6
PUCARANI,consulta externa,repetidas en personas de 60 anos o mas,2006-05-01,0,1,0,1,1
PUERTO ACOSTA,consulta externa,repetidas en personas de 60 anos o mas,2006-05-01,13,11,13,11,24
PUERTO CARABUCO,consulta externa,repetidas en personas de 60 anos o mas,2006-05-01,1,1,1,1,2
PUERTO GONZALO MORENO,consulta externa,repetidas en personas de 60 anos o mas,2006-05-01,4,1,4,1,5
PUERTO PEREZ,consulta externa,repetidas en personas de 60 anos o mas,2006-05-01,3,7,3,7,10
PUERTO QUIJARRO,consulta externa,repetidas en personas de 60 anos o mas,2006-05-01,3,3,3,3,6
PUERTO SUAREZ,consulta externa,repetidas en personas de 60 anos o mas,2006-05-01,12,16,12,16,28
PUERTO VILLARROEL,consulta externa,repetidas en personas de 60 anos o mas,2006-05-01,5,3,5,3,8
PUNA,consulta externa,repetidas en personas de 60 anos o mas,2006-05-01,6,7,6,7,13
PUNATA,consulta externa,repetidas en personas de 60 anos o mas,2006-05-01,129,131,129,131,260
QUILLACOLLO,consulta externa,repetidas en personas de 60 anos o mas,2006-05-01,292,380,292,380,672
QUIME,consulta externa,repetidas en personas de 60 anos o mas,2006-05-01,2,2,2,2,4
RAVELO,consulta externa,repetidas en personas de 60 anos o mas,2006-05-01,1,1,1,1,2
REYES,consulta externa,repetidas en personas de 60 anos o mas,2006-05-01,2,1,2,1,3
RIBERALTA,consulta externa,repetidas en personas de 60 anos o mas,2006-05-01,2,7,2,7,9
ROBORE,consulta externa,repetidas en personas de 60 anos o mas,2006-05-01,12,19,12,19,31
RURRENABAQUE,consulta externa,repetidas en personas de 60 anos o mas,2006-05-01,68,60,68,60,128
SABAYA,consulta externa,repetidas en personas de 60 anos o mas,2006-05-01,0,1,0,1,1
SACABA,consulta externa,repetidas en personas de 60 anos o mas,2006-05-01,97,127,97,127,224
SACABAMBA,consulta externa,repetidas en personas de 60 anos o mas,2006-05-01,2,2,2,2,4
SACACA,consulta externa,repetidas en personas de 60 anos o mas,2006-05-01,0,2,0,2,2
SAIPINA,consulta externa,repetidas en personas de 60 anos o mas,2006-05-01,12,23,12,23,35
SALINAS DE GARCI MENDOZA,consulta externa,repetidas en personas de 60 anos o mas,2006-05-01,9,8,9,8,17
SAMAIPATA,consulta externa,repetidas en personas de 60 anos o mas,2006-05-01,1,1,1,1,2
SAN ANDRES,consulta externa,repetidas en personas de 60 anos o mas,2006-05-01,12,6,12,6,18
SAN ANDRES DE MACHACA,consulta externa,repetidas en personas de 60 anos o mas,2006-05-01,2,9,2,9,11
SAN BENITO,consulta externa,repetidas en personas de 60 anos o mas,2006-05-01,7,7,7,7,14
SAN BORJA,consulta externa,repetidas en personas de 60 anos o mas,2006-05-01,53,78,53,78,131
SAN BUENA VENTURA,consulta externa,repetidas en personas de 60 anos o mas,2006-05-01,6,5,6,5,11
SAN CARLOS,consulta externa,repetidas en personas de 60 anos o mas,2006-05-01,16,15,16,15,31
SAN IGNACIO,consulta externa,repetidas en personas de 60 anos o mas,2006-05-01,32,47,32,47,79
SAN IGNACIO DE VELASCO,consulta externa,repetidas en personas de 60 anos o mas,2006-05-01,28,37,28,37,65
SAN JAVIER(STC),consulta externa,repetidas en personas de 60 anos o mas,2006-05-01,3,4,3,4,7
SAN JOAQUIN,consulta externa,repetidas en personas de 60 anos o mas,2006-05-01,48,70,48,70,118
SAN JOSE DE CHIQUITOS,consulta externa,repetidas en personas de 60 anos o mas,2006-05-01,1,5,1,5,6
SAN JUAN DE YAPACANI,consulta externa,repetidas en personas de 60 anos o mas,2006-05-01,42,37,42,37,79
SAN JULIAN,consulta externa,repetidas en personas de 60 anos o mas,2006-05-01,11,10,11,10,21
SAN LORENZO(TJA),consulta externa,repetidas en personas de 60 anos o mas,2006-05-01,3,11,3,11,14
SAN LUCAS,consulta externa,repetidas en personas de 60 anos o mas,2006-05-01,16,44,16,44,60
SAN MIGUEL DE VELASCO,consulta externa,repetidas en personas de 60 anos o mas,2006-05-01,24,45,24,45,69
SAN PABLO DE LIPEZ,consulta externa,repetidas en personas de 60 anos o mas,2006-05-01,4,5,4,5,9
SAN PEDRO,consulta externa,repetidas en personas de 60 anos o mas,2006-05-01,3,4,3,4,7
SAN PEDRO DE CURAHUARA,consulta externa,repetidas en personas de 60 anos o mas,2006-05-01,1,5,1,5,6
SAN PEDRO DE QUEMES,consulta externa,repetidas en personas de 60 anos o mas,2006-05-01,0,1,0,1,1
SAN PEDRO DE TIQUINA,consulta externa,repetidas en personas de 60 anos o mas,2006-05-01,8,10,8,10,18
SAN RAFAEL,consulta externa,repetidas en personas de 60 anos o mas,2006-05-01,0,1,0,1,1
SAN RAMON,consulta externa,repetidas en personas de 60 anos o mas,2006-05-01,30,35,30,35,65
SAN RAMON,consulta externa,repetidas en personas de 60 anos o mas,2006-05-01,3,2,3,2,5
SANTA ANA,consulta externa,repetidas en personas de 60 anos o mas,2006-05-01,87,121,87,121,208
SANTA CRUZ DE LA SIERRA,consulta externa,repetidas en personas de 60 anos o mas,2006-05-01,2587,4142,2587,4142,6729
SANTA ROSA,consulta externa,repetidas en personas de 60 anos o mas,2006-05-01,1,0,1,0,1
SANTA ROSA DEL SARA,consulta externa,repetidas en personas de 60 anos o mas,2006-05-01,0,2,0,2,2
SANTIAGO DE CALLAPA,consulta externa,repetidas en personas de 60 anos o mas,2006-05-01,1,3,1,3,4
SANTIAGO DE HUARI,consulta externa,repetidas en personas de 60 anos o mas,2006-05-01,15,29,15,29,44
SANTIAGO DE MACHACA,consulta externa,repetidas en personas de 60 anos o mas,2006-05-01,3,0,3,0,3
SANTIVAÑES,consulta externa,repetidas en personas de 60 anos o mas,2006-05-01,2,6,2,6,8
SAPAHAQUI,consulta externa,repetidas en personas de 60 anos o mas,2006-05-01,4,1,4,1,5
SICA SICA (VILLA AROMA),consulta externa,repetidas en personas de 60 anos o mas,2006-05-01,0,2,0,2,2
SICAYA,consulta externa,repetidas en personas de 60 anos o mas,2006-05-01,1,2,1,2,3
SIPE SIPE,consulta externa,repetidas en personas de 60 anos o mas,2006-05-01,23,18,23,18,41
SOPACHUY,consulta externa,repetidas en personas de 60 anos o mas,2006-05-01,0,4,0,4,4
SORATA,consulta externa,repetidas en personas de 60 anos o mas,2006-05-01,2,0,2,0,2
SUCRE,consulta externa,repetidas en personas de 60 anos o mas,2006-05-01,1447,1959,1447,1959,3406
TACACHI,consulta externa,repetidas en personas de 60 anos o mas,2006-05-01,3,1,3,1,4
TACOBAMBA,consulta externa,repetidas en personas de 60 anos o mas,2006-05-01,0,1,0,1,1
TACOPAYA,consulta externa,repetidas en personas de 60 anos o mas,2006-05-01,1,0,1,0,1
TAPACARI,consulta externa,repetidas en personas de 60 anos o mas,2006-05-01,1,2,1,2,3
TARABUCO,consulta externa,repetidas en personas de 60 anos o mas,2006-05-01,18,35,18,35,53
TARACO,consulta externa,repetidas en personas de 60 anos o mas,2006-05-01,4,1,4,1,5
TARATA,consulta externa,repetidas en personas de 60 anos o mas,2006-05-01,2,3,2,3,5
TARIJA,consulta externa,repetidas en personas de 60 anos o mas,2006-05-01,1623,2551,1623,2551,4174
TARVITA,consulta externa,repetidas en personas de 60 anos o mas,2006-05-01,3,8,3,8,11
TEOPONTE,consulta externa,repetidas en personas de 60 anos o mas,2006-05-01,6,8,6,8,14
TIAWANACU,consulta externa,repetidas en personas de 60 anos o mas,2006-05-01,2,2,2,2,4
TINGUIPAYA,consulta externa,repetidas en personas de 60 anos o mas,2006-05-01,1,1,1,1,2
TIPUANI,consulta externa,repetidas en personas de 60 anos o mas,2006-05-01,5,3,5,3,8
TIQUIPAYA,consulta externa,repetidas en personas de 60 anos o mas,2006-05-01,13,8,13,8,21
TIRAQUE (CBBA),consulta externa,repetidas en personas de 60 anos o mas,2006-05-01,28,29,28,29,57
TITO YUPANQUI (PARQUIPUJIO),consulta externa,repetidas en personas de 60 anos o mas,2006-05-01,1,1,1,1,2
TOCO,consulta externa,repetidas en personas de 60 anos o mas,2006-05-01,2,0,2,0,2
TOLATA,consulta externa,repetidas en personas de 60 anos o mas,2006-05-01,0,2,0,2,2
TOLEDO,consulta externa,repetidas en personas de 60 anos o mas,2006-05-01,1,1,1,1,2
TOMAVE,consulta externa,repetidas en personas de 60 anos o mas,2006-05-01,1,4,1,4,5
TOMINA,consulta externa,repetidas en personas de 60 anos o mas,2006-05-01,0,1,0,1,1
TORO TORO,consulta externa,repetidas en personas de 60 anos o mas,2006-05-01,1,0,1,0,1
TOTORA(CBBA),consulta externa,repetidas en personas de 60 anos o mas,2006-05-01,12,7,12,7,19
TRINIDAD,consulta externa,repetidas en personas de 60 anos o mas,2006-05-01,388,436,388,436,824
TUPIZA,consulta externa,repetidas en personas de 60 anos o mas,2006-05-01,44,50,44,50,94
TURCO,consulta externa,repetidas en personas de 60 anos o mas,2006-05-01,1,0,1,0,1
UNCIA,consulta externa,repetidas en personas de 60 anos o mas,2006-05-01,64,79,64,79,143
URIONDO (A. CONCEPCION),consulta externa,repetidas en personas de 60 anos o mas,2006-05-01,2,13,2,13,15
UYUNI,consulta externa,repetidas en personas de 60 anos o mas,2006-05-01,37,38,37,38,75
VACAS,consulta externa,repetidas en personas de 60 anos o mas,2006-05-01,8,4,8,4,12
VALLEGRANDE,consulta externa,repetidas en personas de 60 anos o mas,2006-05-01,226,334,226,334,560
VIACHA,consulta externa,repetidas en personas de 60 anos o mas,2006-05-01,142,156,142,156,298
VILLA MONTES,consulta externa,repetidas en personas de 60 anos o mas,2006-05-01,56,60,56,60,116
VILLA RIVERO,consulta externa,repetidas en personas de 60 anos o mas,2006-05-01,1,4,1,4,5
VILLA SERRANO,consulta externa,repetidas en personas de 60 anos o mas,2006-05-01,4,10,4,10,14
VILLA TUNARI,consulta externa,repetidas en personas de 60 anos o mas,2006-05-01,40,40,40,40,80
VILLAZON,consulta externa,repetidas en personas de 60 anos o mas,2006-05-01,53,79,53,79,132
VINTO,consulta externa,repetidas en personas de 60 anos o mas,2006-05-01,21,39,21,39,60
VITICHI,consulta externa,repetidas en personas de 60 anos o mas,2006-05-01,9,4,9,4,13
WALDO BALLIVIAN,consulta externa,repetidas en personas de 60 anos o mas,2006-05-01,0,3,0,3,3
WARNES,consulta externa,repetidas en personas de 60 anos o mas,2006-05-01,2,5,2,5,7
YACO,consulta externa,repetidas en personas de 60 anos o mas,2006-05-01,1,2,1,2,3
YACUIBA,consulta externa,repetidas en personas de 60 anos o mas,2006-05-01,258,318,258,318,576
YAMPARAEZ,consulta externa,repetidas en personas de 60 anos o mas,2006-05-01,2,7,2,7,9
YANACACHI,consulta externa,repetidas en personas de 60 anos o mas,2006-05-01,1,0,1,0,1
YAPACANI,consulta externa,repetidas en personas de 60 anos o mas,2006-05-01,2,1,2,1,3
YOCALLA,consulta externa,repetidas en personas de 60 anos o mas,2006-05-01,2,3,2,3,5
YOTALA,consulta externa,repetidas en personas de 60 anos o mas,2006-05-01,3,8,3,8,11
YUNCHARA,consulta externa,repetidas en personas de 60 anos o mas,2006-05-01,4,7,4,7,11
ZUDAÑEZ,consulta externa,repetidas en personas de 60 anos o mas,2006-05-01,10,5,10,5,15
ACACIO,consulta externa,repetidas en personas de 60 anos o mas,2006-06-01,2,0,2,0,2
ACHACACHI,consulta externa,repetidas en personas de 60 anos o mas,2006-06-01,14,27,14,27,41
ACHOCALLA,consulta externa,repetidas en personas de 60 anos o mas,2006-06-01,0,2,0,2,2
AIQUILE,consulta externa,repetidas en personas de 60 anos o mas,2006-06-01,46,69,46,69,115
ALCALA,consulta externa,repetidas en personas de 60 anos o mas,2006-06-01,2,1,2,1,3
ANCORAIMES,consulta externa,repetidas en personas de 60 anos o mas,2006-06-01,2,4,2,4,6
ANTEQUERA,consulta externa,repetidas en personas de 60 anos o mas,2006-06-01,0,4,0,4,4
ANZALDO,consulta externa,repetidas en personas de 60 anos o mas,2006-06-01,3,2,3,2,5
APOLO,consulta externa,repetidas en personas de 60 anos o mas,2006-06-01,16,10,16,10,26
ARAMPAMPA,consulta externa,repetidas en personas de 60 anos o mas,2006-06-01,0,1,0,1,1
ARANI,consulta externa,repetidas en personas de 60 anos o mas,2006-06-01,5,17,5,17,22
ARBIETO,consulta externa,repetidas en personas de 60 anos o mas,2006-06-01,4,8,4,8,12
ARQUE,consulta externa,repetidas en personas de 60 anos o mas,2006-06-01,0,1,0,1,1
ATOCHA,consulta externa,repetidas en personas de 60 anos o mas,2006-06-01,35,65,35,65,100
AUCAPATA,consulta externa,repetidas en personas de 60 anos o mas,2006-06-01,4,3,4,3,7
AYATA,consulta externa,repetidas en personas de 60 anos o mas,2006-06-01,1,0,1,0,1
AZURDUY,consulta externa,repetidas en personas de 60 anos o mas,2006-06-01,0,1,0,1,1
BATALLAS,consulta externa,repetidas en personas de 60 anos o mas,2006-06-01,3,3,3,3,6
BAURES,consulta externa,repetidas en personas de 60 anos o mas,2006-06-01,6,5,6,5,11
BELEN DE ANDAMARCA,consulta externa,repetidas en personas de 60 anos o mas,2006-06-01,2,2,2,2,4
BERMEJO,consulta externa,repetidas en personas de 60 anos o mas,2006-06-01,55,60,55,60,115
BETANZOS,consulta externa,repetidas en personas de 60 anos o mas,2006-06-01,38,89,38,89,127
BOLIVAR,consulta externa,repetidas en personas de 60 anos o mas,2006-06-01,1,0,1,0,1
BOYUIBE,consulta externa,repetidas en personas de 60 anos o mas,2006-06-01,1,7,1,7,8
BUENA VISTA,consulta externa,repetidas en personas de 60 anos o mas,2006-06-01,39,33,39,33,72
CAIROMA,consulta externa,repetidas en personas de 60 anos o mas,2006-06-01,11,2,11,2,13
"CAIZA ""D""",consulta externa,repetidas en personas de 60 anos o mas,2006-06-01,1,6,1,6,7
CAJUATA,consulta externa,repetidas en personas de 60 anos o mas,2006-06-01,1,1,1,1,2
CALACOTO,consulta externa,repetidas en personas de 60 anos o mas,2006-06-01,3,1,3,1,4
CALAMARCA,consulta externa,repetidas en personas de 60 anos o mas,2006-06-01,7,1,7,1,8
CAMARGO,consulta externa,repetidas en personas de 60 anos o mas,2006-06-01,12,23,12,23,35
CAMATAQUI (C. VILLA ABECIA),consulta externa,repetidas en personas de 60 anos o mas,2006-06-01,0,1,0,1,1
CAMIRI,consulta externa,repetidas en personas de 60 anos o mas,2006-06-01,52,72,52,72,124
CAPINOTA,consulta externa,repetidas en personas de 60 anos o mas,2006-06-01,36,23,36,23,59
CAQUIAVIRI,consulta externa,repetidas en personas de 60 anos o mas,2006-06-01,3,3,3,3,6
CARACOLLO,consulta externa,repetidas en personas de 60 anos o mas,2006-06-01,10,8,10,8,18
CARANAVI,consulta externa,repetidas en personas de 60 anos o mas,2006-06-01,11,15,11,15,26
CARAPARI,consulta externa,repetidas en personas de 60 anos o mas,2006-06-01,1,2,1,2,3
CHALLAPATA,consulta externa,repetidas en personas de 60 anos o mas,2006-06-01,10,5,10,5,15
CHARAGUA,consulta externa,repetidas en personas de 60 anos o mas,2006-06-01,9,8,9,8,17
CHAYANTA,consulta externa,repetidas en personas de 60 anos o mas,2006-06-01,1,19,1,19,20
CHIMORE,consulta externa,repetidas en personas de 60 anos o mas,2006-06-01,1,0,1,0,1
CHOQUE COTA,consulta externa,repetidas en personas de 60 anos o mas,2006-06-01,4,2,4,2,6
CHULUMANI (V. DE LA LIBERTAD),consulta externa,repetidas en personas de 60 anos o mas,2006-06-01,12,14,12,14,26
CHUMA,consulta externa,repetidas en personas de 60 anos o mas,2006-06-01,11,15,11,15,26
CLIZA,consulta externa,repetidas en personas de 60 anos o mas,2006-06-01,2,4,2,4,6
COBIJA,consulta externa,repetidas en personas de 60 anos o mas,2006-06-01,31,56,31,56,87
COCHABAMBA,consulta externa,repetidas en personas de 60 anos o mas,2006-06-01,5665,6617,5665,6617,12282
COLCAPIRHUA,consulta externa,repetidas en personas de 60 anos o mas,2006-06-01,50,71,50,71,121
"COLCHA ""K""",consulta externa,repetidas en personas de 60 anos o mas,2006-06-01,8,9,8,9,17
COLLANA,consulta externa,repetidas en personas de 60 anos o mas,2006-06-01,1,0,1,0,1
COLOMI,consulta externa,repetidas en personas de 60 anos o mas,2006-06-01,3,0,3,0,3
COLPA BELGICA,consulta externa,repetidas en personas de 60 anos o mas,2006-06-01,28,22,28,22,50
COLQUECHACA,consulta externa,repetidas en personas de 60 anos o mas,2006-06-01,19,16,19,16,35
COLQUENCHA,consulta externa,repetidas en personas de 60 anos o mas,2006-06-01,0,1,0,1,1
COLQUIRI,consulta externa,repetidas en personas de 60 anos o mas,2006-06-01,5,2,5,2,7
COMANCHE,consulta externa,repetidas en personas de 60 anos o mas,2006-06-01,2,0,2,0,2
COMARAPA,consulta externa,repetidas en personas de 60 anos o mas,2006-06-01,13,11,13,11,24
COMBAYA,consulta externa,repetidas en personas de 60 anos o mas,2006-06-01,0,1,0,1,1
CONCEPCION,consulta externa,repetidas en personas de 60 anos o mas,2006-06-01,2,0,2,0,2
CORIPATA,consulta externa,repetidas en personas de 60 anos o mas,2006-06-01,5,7,5,7,12
CORO CORO,consulta externa,repetidas en personas de 60 anos o mas,2006-06-01,3,1,3,1,4
COROICO,consulta externa,repetidas en personas de 60 anos o mas,2006-06-01,58,46,58,46,104
CORQUE,consulta externa,repetidas en personas de 60 anos o mas,2006-06-01,10,3,10,3,13
COTAGAITA,consulta externa,repetidas en personas de 60 anos o mas,2006-06-01,22,35,22,35,57
CUATRO CAÑADAS,consulta externa,repetidas en personas de 60 anos o mas,2006-06-01,4,2,4,2,6
CUCHUMUELA (V. G. VILLARROEL),consulta externa,repetidas en personas de 60 anos o mas,2006-06-01,0,1,0,1,1
CUEVO,consulta externa,repetidas en personas de 60 anos o mas,2006-06-01,3,5,3,5,8
CULPINA,consulta externa,repetidas en personas de 60 anos o mas,2006-06-01,2,0,2,0,2
CURVA,consulta externa,repetidas en personas de 60 anos o mas,2006-06-01,0,1,0,1,1
DESAGUADERO,consulta externa,repetidas en personas de 60 anos o mas,2006-06-01,4,5,4,5,9
EL ALTO,consulta externa,repetidas en personas de 60 anos o mas,2006-06-01,577,706,577,706,1283
EL PUENTE(STC),consulta externa,repetidas en personas de 60 anos o mas,2006-06-01,1,0,1,0,1
EL PUENTE(TJA),consulta externa,repetidas en personas de 60 anos o mas,2006-06-01,1,6,1,6,7
EL TORNO,consulta externa,repetidas en personas de 60 anos o mas,2006-06-01,134,100,134,100,234
ENTRE RIOS,consulta externa,repetidas en personas de 60 anos o mas,2006-06-01,3,5,3,5,8
ENTRE RIOS,consulta externa,repetidas en personas de 60 anos o mas,2006-06-01,7,2,7,2,9
EUCALIPTUS,consulta externa,repetidas en personas de 60 anos o mas,2006-06-01,1,3,1,3,4
EXALTACION,consulta externa,repetidas en personas de 60 anos o mas,2006-06-01,1,1,1,1,2
FERNANDEZ ALONSO,consulta externa,repetidas en personas de 60 anos o mas,2006-06-01,2,1,2,1,3
GENERAL SAAVEDRA,consulta externa,repetidas en personas de 60 anos o mas,2006-06-01,1,1,1,1,2
GRAL. J.J. PEREZ (CHARAZANI),consulta externa,repetidas en personas de 60 anos o mas,2006-06-01,0,1,0,1,1
GUAQUI,consulta externa,repetidas en personas de 60 anos o mas,2006-06-01,1,4,1,4,5
GUAYARAMERIN,consulta externa,repetidas en personas de 60 anos o mas,2006-06-01,324,322,324,322,646
GUTIERREZ,consulta externa,repetidas en personas de 60 anos o mas,2006-06-01,5,4,5,4,9
HUACARETA,consulta externa,repetidas en personas de 60 anos o mas,2006-06-01,3,5,3,5,8
HUANUNI,consulta externa,repetidas en personas de 60 anos o mas,2006-06-01,101,82,101,82,183
HUARACAJE,consulta externa,repetidas en personas de 60 anos o mas,2006-06-01,2,1,2,1,3
HUAYLLAMARCA,consulta externa,repetidas en personas de 60 anos o mas,2006-06-01,4,4,4,4,8
ICHOCA,consulta externa,repetidas en personas de 60 anos o mas,2006-06-01,0,1,0,1,1
ICLA,consulta externa,repetidas en personas de 60 anos o mas,2006-06-01,2,1,2,1,3
INCAHUASI,consulta externa,repetidas en personas de 60 anos o mas,2006-06-01,0,5,0,5,5
INGAVI (HUMAITA),consulta externa,repetidas en personas de 60 anos o mas,2006-06-01,1,0,1,0,1
INQUISIVI,consulta externa,repetidas en personas de 60 anos o mas,2006-06-01,7,2,7,2,9
IRUPANA (VILLA DE LANZA),consulta externa,repetidas en personas de 60 anos o mas,2006-06-01,5,2,5,2,7
IXIAMAS,consulta externa,repetidas en personas de 60 anos o mas,2006-06-01,0,2,0,2,2
JESUS DE MACHACA,consulta externa,repetidas en personas de 60 anos o mas,2006-06-01,2,5,2,5,7
LA GUARDIA,consulta externa,repetidas en personas de 60 anos o mas,2006-06-01,10,16,10,16,26
LA PAZ,consulta externa,repetidas en personas de 60 anos o mas,2006-06-01,9064,11711,9064,11711,20775
LA RIVERA,consulta externa,repetidas en personas de 60 anos o mas,2006-06-01,1,0,1,0,1
LAGUNILLAS,consulta externa,repetidas en personas de 60 anos o mas,2006-06-01,1,0,1,0,1
LAJA,consulta externa,repetidas en personas de 60 anos o mas,2006-06-01,2,4,2,4,6
LAS CARRERAS,consulta externa,repetidas en personas de 60 anos o mas,2006-06-01,11,2,11,2,13
LLALLAGUA,consulta externa,repetidas en personas de 60 anos o mas,2006-06-01,43,104,43,104,147
LLICA,consulta externa,repetidas en personas de 60 anos o mas,2006-06-01,3,4,3,4,7
LORETO,consulta externa,repetidas en personas de 60 anos o mas,2006-06-01,2,3,2,3,5
LURIBAY,consulta externa,repetidas en personas de 60 anos o mas,2006-06-01,3,3,3,3,6
MACHACAMARCA,consulta externa,repetidas en personas de 60 anos o mas,2006-06-01,27,33,27,33,60
MACHARETI,consulta externa,repetidas en personas de 60 anos o mas,2006-06-01,3,2,3,2,5
MAGDALENA,consulta externa,repetidas en personas de 60 anos o mas,2006-06-01,72,70,72,70,142
MAPIRI,consulta externa,repetidas en personas de 60 anos o mas,2006-06-01,1,0,1,0,1
MECAPACA,consulta externa,repetidas en personas de 60 anos o mas,2006-06-01,7,6,7,6,13
MINEROS,consulta externa,repetidas en personas de 60 anos o mas,2006-06-01,2,6,2,6,8
MIZQUE,consulta externa,repetidas en personas de 60 anos o mas,2006-06-01,0,5,0,5,5
MOCOMOCO,consulta externa,repetidas en personas de 60 anos o mas,2006-06-01,0,4,0,4,4
MOJINETE,consulta externa,repetidas en personas de 60 anos o mas,2006-06-01,2,1,2,1,3
MOJOCOYA,consulta externa,repetidas en personas de 60 anos o mas,2006-06-01,3,1,3,1,4
MONTEAGUDO,consulta externa,repetidas en personas de 60 anos o mas,2006-06-01,69,124,69,124,193
MONTERO,consulta externa,repetidas en personas de 60 anos o mas,2006-06-01,121,450,121,450,571
MORO MORO,consulta externa,repetidas en personas de 60 anos o mas,2006-06-01,0,1,0,1,1
MOROCHATA,consulta externa,repetidas en personas de 60 anos o mas,2006-06-01,12,8,12,8,20
OCURI,consulta externa,repetidas en personas de 60 anos o mas,2006-06-01,9,13,9,13,22
OKINAWA,consulta externa,repetidas en personas de 60 anos o mas,2006-06-01,1,1,1,1,2
OMEREQUE,consulta externa,repetidas en personas de 60 anos o mas,2006-06-01,0,1,0,1,1
ORURO,consulta externa,repetidas en personas de 60 anos o mas,2006-06-01,1413,1769,1413,1769,3182
PADCAYA,consulta externa,repetidas en personas de 60 anos o mas,2006-06-01,5,7,5,7,12
PADILLA,consulta externa,repetidas en personas de 60 anos o mas,2006-06-01,6,21,6,21,27
PALCA,consulta externa,repetidas en personas de 60 anos o mas,2006-06-01,3,0,3,0,3
PALOS BLANCOS,consulta externa,repetidas en personas de 60 anos o mas,2006-06-01,8,0,8,0,8
PAMPA GRANDE,consulta externa,repetidas en personas de 60 anos o mas,2006-06-01,3,5,3,5,8
PAPEL PAMPA,consulta externa,repetidas en personas de 60 anos o mas,2006-06-01,3,3,3,3,6
PAZÑA,consulta externa,repetidas en personas de 60 anos o mas,2006-06-01,12,21,12,21,33
POCOATA,consulta externa,repetidas en personas de 60 anos o mas,2006-06-01,1,0,1,0,1
POCONA,consulta externa,repetidas en personas de 60 anos o mas,2006-06-01,3,16,3,16,19
POOPO,consulta externa,repetidas en personas de 60 anos o mas,2006-06-01,19,16,19,16,35
POROMA,consulta externa,repetidas en personas de 60 anos o mas,2006-06-01,4,4,4,4,8
PORONGO,consulta externa,repetidas en personas de 60 anos o mas,2006-06-01,4,2,4,2,6
PORTACHUELO,consulta externa,repetidas en personas de 60 anos o mas,2006-06-01,20,24,20,24,44
POSTRER VALLE,consulta externa,repetidas en personas de 60 anos o mas,2006-06-01,9,13,9,13,22
POTOSI,consulta externa,repetidas en personas de 60 anos o mas,2006-06-01,1002,1179,1002,1179,2181
PUCARA,consulta externa,repetidas en personas de 60 anos o mas,2006-06-01,6,6,6,6,12
PUCARANI,consulta externa,repetidas en personas de 60 anos o mas,2006-06-01,3,0,3,0,3
PUERTO ACOSTA,consulta externa,repetidas en personas de 60 anos o mas,2006-06-01,8,10,8,10,18
PUERTO CARABUCO,consulta externa,repetidas en personas de 60 anos o mas,2006-06-01,2,9,2,9,11
PUERTO GONZALO MORENO,consulta externa,repetidas en personas de 60 anos o mas,2006-06-01,2,1,2,1,3
PUERTO PEREZ,consulta externa,repetidas en personas de 60 anos o mas,2006-06-01,10,3,10,3,13
PUERTO QUIJARRO,consulta externa,repetidas en personas de 60 anos o mas,2006-06-01,8,9,8,9,17
PUERTO RICO,consulta externa,repetidas en personas de 60 anos o mas,2006-06-01,2,0,2,0,2
PUERTO SUAREZ,consulta externa,repetidas en personas de 60 anos o mas,2006-06-01,13,17,13,17,30
PUERTO VILLARROEL,consulta externa,repetidas en personas de 60 anos o mas,2006-06-01,6,9,6,9,15
PUNA,consulta externa,repetidas en personas de 60 anos o mas,2006-06-01,9,15,9,15,24
PUNATA,consulta externa,repetidas en personas de 60 anos o mas,2006-06-01,133,117,133,117,250
QUIABAYA,consulta externa,repetidas en personas de 60 anos o mas,2006-06-01,2,1,2,1,3
QUILLACOLLO,consulta externa,repetidas en personas de 60 anos o mas,2006-06-01,311,294,311,294,605
QUIME,consulta externa,repetidas en personas de 60 anos o mas,2006-06-01,1,1,1,1,2
REYES,consulta externa,repetidas en personas de 60 anos o mas,2006-06-01,37,41,37,41,78
RIBERALTA,consulta externa,repetidas en personas de 60 anos o mas,2006-06-01,15,16,15,16,31
ROBORE,consulta externa,repetidas en personas de 60 anos o mas,2006-06-01,16,39,16,39,55
RURRENABAQUE,consulta externa,repetidas en personas de 60 anos o mas,2006-06-01,70,74,70,74,144
SABAYA,consulta externa,repetidas en personas de 60 anos o mas,2006-06-01,0,1,0,1,1
SACABA,consulta externa,repetidas en personas de 60 anos o mas,2006-06-01,80,95,80,95,175
SACABAMBA,consulta externa,repetidas en personas de 60 anos o mas,2006-06-01,1,1,1,1,2
SACACA,consulta externa,repetidas en personas de 60 anos o mas,2006-06-01,1,0,1,0,1
SAIPINA,consulta externa,repetidas en personas de 60 anos o mas,2006-06-01,36,41,36,41,77
SALINAS DE GARCI MENDOZA,consulta externa,repetidas en personas de 60 anos o mas,2006-06-01,5,2,5,2,7
SAN ANDRES,consulta externa,repetidas en personas de 60 anos o mas,2006-06-01,5,2,5,2,7
SAN ANDRES DE MACHACA,consulta externa,repetidas en personas de 60 anos o mas,2006-06-01,1,5,1,5,6
SAN ANTONIO DE LOMERIO,consulta externa,repetidas en personas de 60 anos o mas,2006-06-01,4,0,4,0,4
SAN BENITO,consulta externa,repetidas en personas de 60 anos o mas,2006-06-01,4,9,4,9,13
SAN BORJA,consulta externa,repetidas en personas de 60 anos o mas,2006-06-01,74,70,74,70,144
SAN BUENA VENTURA,consulta externa,repetidas en personas de 60 anos o mas,2006-06-01,2,1,2,1,3
SAN CARLOS,consulta externa,repetidas en personas de 60 anos o mas,2006-06-01,30,25,30,25,55
SAN IGNACIO,consulta externa,repetidas en personas de 60 anos o mas,2006-06-01,34,41,34,41,75
SAN IGNACIO DE VELASCO,consulta externa,repetidas en personas de 60 anos o mas,2006-06-01,28,49,28,49,77
SAN JAVIER(STC),consulta externa,repetidas en personas de 60 anos o mas,2006-06-01,1,1,1,1,2
SAN JOAQUIN,consulta externa,repetidas en personas de 60 anos o mas,2006-06-01,59,60,59,60,119
SAN JOSE DE CHIQUITOS,consulta externa,repetidas en personas de 60 anos o mas,2006-06-01,5,13,5,13,18
SAN JUAN DE YAPACANI,consulta externa,repetidas en personas de 60 anos o mas,2006-06-01,44,19,44,19,63
SAN JULIAN,consulta externa,repetidas en personas de 60 anos o mas,2006-06-01,5,7,5,7,12
SAN LORENZO(PND),consulta externa,repetidas en personas de 60 anos o mas,2006-06-01,1,0,1,0,1
SAN LORENZO(TJA),consulta externa,repetidas en personas de 60 anos o mas,2006-06-01,9,7,9,7,16
SAN LUCAS,consulta externa,repetidas en personas de 60 anos o mas,2006-06-01,23,40,23,40,63
SAN MATIAS,consulta externa,repetidas en personas de 60 anos o mas,2006-06-01,0,1,0,1,1
SAN MIGUEL DE VELASCO,consulta externa,repetidas en personas de 60 anos o mas,2006-06-01,30,90,30,90,120
SAN PABLO DE LIPEZ,consulta externa,repetidas en personas de 60 anos o mas,2006-06-01,5,1,5,1,6
SAN PEDRO,consulta externa,repetidas en personas de 60 anos o mas,2006-06-01,5,10,5,10,15
SAN PEDRO DE TIQUINA,consulta externa,repetidas en personas de 60 anos o mas,2006-06-01,6,4,6,4,10
SAN RAFAEL,consulta externa,repetidas en personas de 60 anos o mas,2006-06-01,0,3,0,3,3
SAN RAMON,consulta externa,repetidas en personas de 60 anos o mas,2006-06-01,8,11,8,11,19
SAN RAMON,consulta externa,repetidas en personas de 60 anos o mas,2006-06-01,2,2,2,2,4
SANTA ANA,consulta externa,repetidas en personas de 60 anos o mas,2006-06-01,83,125,83,125,208
SANTA CRUZ DE LA SIERRA,consulta externa,repetidas en personas de 60 anos o mas,2006-06-01,2920,4915,2920,4915,7835
SANTA ROSA DEL SARA,consulta externa,repetidas en personas de 60 anos o mas,2006-06-01,1,1,1,1,2
SANTIAGO DE CALLAPA,consulta externa,repetidas en personas de 60 anos o mas,2006-06-01,0,2,0,2,2
SANTIAGO DE HUARI,consulta externa,repetidas en personas de 60 anos o mas,2006-06-01,29,19,29,19,48
SANTIAGO DE MACHACA,consulta externa,repetidas en personas de 60 anos o mas,2006-06-01,1,1,1,1,2
SANTIVAÑES,consulta externa,repetidas en personas de 60 anos o mas,2006-06-01,1,2,1,2,3
SANTUARIO DE QUILLACAS,consulta externa,repetidas en personas de 60 anos o mas,2006-06-01,0,1,0,1,1
SICA SICA (VILLA AROMA),consulta externa,repetidas en personas de 60 anos o mas,2006-06-01,4,3,4,3,7
SICAYA,consulta externa,repetidas en personas de 60 anos o mas,2006-06-01,1,1,1,1,2
SIPE SIPE,consulta externa,repetidas en personas de 60 anos o mas,2006-06-01,18,25,18,25,43
SOPACHUY,consulta externa,repetidas en personas de 60 anos o mas,2006-06-01,3,4,3,4,7
SORACACHI,consulta externa,repetidas en personas de 60 anos o mas,2006-06-01,0,1,0,1,1
SORATA,consulta externa,repetidas en personas de 60 anos o mas,2006-06-01,3,1,3,1,4
SUCRE,consulta externa,repetidas en personas de 60 anos o mas,2006-06-01,1248,2395,1248,2395,3643
TACACHI,consulta externa,repetidas en personas de 60 anos o mas,2006-06-01,2,6,2,6,8
TACACOMA,consulta externa,repetidas en personas de 60 anos o mas,2006-06-01,7,11,7,11,18
TACOPAYA,consulta externa,repetidas en personas de 60 anos o mas,2006-06-01,7,8,7,8,15
TARABUCO,consulta externa,repetidas en personas de 60 anos o mas,2006-06-01,20,32,20,32,52
TARATA,consulta externa,repetidas en personas de 60 anos o mas,2006-06-01,8,4,8,4,12
TARIJA,consulta externa,repetidas en personas de 60 anos o mas,2006-06-01,1427,2151,1427,2151,3578
TARVITA,consulta externa,repetidas en personas de 60 anos o mas,2006-06-01,1,8,1,8,9
TEOPONTE,consulta externa,repetidas en personas de 60 anos o mas,2006-06-01,4,2,4,2,6
TIAWANACU,consulta externa,repetidas en personas de 60 anos o mas,2006-06-01,3,2,3,2,5
TINGUIPAYA,consulta externa,repetidas en personas de 60 anos o mas,2006-06-01,1,0,1,0,1
TIPUANI,consulta externa,repetidas en personas de 60 anos o mas,2006-06-01,4,1,4,1,5
TIQUIPAYA,consulta externa,repetidas en personas de 60 anos o mas,2006-06-01,7,8,7,8,15
TIRAQUE (CBBA),consulta externa,repetidas en personas de 60 anos o mas,2006-06-01,37,41,37,41,78
TITO YUPANQUI (PARQUIPUJIO),consulta externa,repetidas en personas de 60 anos o mas,2006-06-01,1,1,1,1,2
TOCO,consulta externa,repetidas en personas de 60 anos o mas,2006-06-01,0,1,0,1,1
TODOS SANTOS,consulta externa,repetidas en personas de 60 anos o mas,2006-06-01,0,1,0,1,1
TOLATA,consulta externa,repetidas en personas de 60 anos o mas,2006-06-01,1,1,1,1,2
TOLEDO,consulta externa,repetidas en personas de 60 anos o mas,2006-06-01,2,1,2,1,3
TOMAVE,consulta externa,repetidas en personas de 60 anos o mas,2006-06-01,1,4,1,4,5
TOMINA,consulta externa,repetidas en personas de 60 anos o mas,2006-06-01,0,1,0,1,1
TORO TORO,consulta externa,repetidas en personas de 60 anos o mas,2006-06-01,0,1,0,1,1
TOTORA(CBBA),consulta externa,repetidas en personas de 60 anos o mas,2006-06-01,11,11,11,11,22
TOTORA(ORR),consulta externa,repetidas en personas de 60 anos o mas,2006-06-01,1,2,1,2,3
TRINIDAD,consulta externa,repetidas en personas de 60 anos o mas,2006-06-01,412,402,412,402,814
TUPIZA,consulta externa,repetidas en personas de 60 anos o mas,2006-06-01,40,51,40,51,91
TURCO,consulta externa,repetidas en personas de 60 anos o mas,2006-06-01,1,0,1,0,1
UNCIA,consulta externa,repetidas en personas de 60 anos o mas,2006-06-01,43,42,43,42,85
URIONDO (A. CONCEPCION),consulta externa,repetidas en personas de 60 anos o mas,2006-06-01,8,4,8,4,12
UYUNI,consulta externa,repetidas en personas de 60 anos o mas,2006-06-01,44,54,44,54,98
VACAS,consulta externa,repetidas en personas de 60 anos o mas,2006-06-01,8,6,8,6,14
VALLEGRANDE,consulta externa,repetidas en personas de 60 anos o mas,2006-06-01,201,205,201,205,406
VIACHA,consulta externa,repetidas en personas de 60 anos o mas,2006-06-01,131,138,131,138,269
VILLA MONTES,consulta externa,repetidas en personas de 60 anos o mas,2006-06-01,102,103,102,103,205
VILLA RIVERO,consulta externa,repetidas en personas de 60 anos o mas,2006-06-01,6,6,6,6,12
VILLA SERRANO,consulta externa,repetidas en personas de 60 anos o mas,2006-06-01,3,16,3,16,19
VILLA TUNARI,consulta externa,repetidas en personas de 60 anos o mas,2006-06-01,36,26,36,26,62
VILLA VACA GUZMAN (MUYUPAMPA),consulta externa,repetidas en personas de 60 anos o mas,2006-06-01,0,5,0,5,5
VILLAZON,consulta externa,repetidas en personas de 60 anos o mas,2006-06-01,48,74,48,74,122
VINTO,consulta externa,repetidas en personas de 60 anos o mas,2006-06-01,4,10,4,10,14
VITICHI,consulta externa,repetidas en personas de 60 anos o mas,2006-06-01,6,11,6,11,17
WALDO BALLIVIAN,consulta externa,repetidas en personas de 60 anos o mas,2006-06-01,0,2,0,2,2
WARNES,consulta externa,repetidas en personas de 60 anos o mas,2006-06-01,4,6,4,6,10
YACO,consulta externa,repetidas en personas de 60 anos o mas,2006-06-01,0,1,0,1,1
YACUIBA,consulta externa,repetidas en personas de 60 anos o mas,2006-06-01,166,348,166,348,514
YAMPARAEZ,consulta externa,repetidas en personas de 60 anos o mas,2006-06-01,4,4,4,4,8
YAPACANI,consulta externa,repetidas en personas de 60 anos o mas,2006-06-01,5,9,5,9,14
YOCALLA,consulta externa,repetidas en personas de 60 anos o mas,2006-06-01,2,4,2,4,6
YOTALA,consulta externa,repetidas en personas de 60 anos o mas,2006-06-01,5,15,5,15,20
YUNCHARA,consulta externa,repetidas en personas de 60 anos o mas,2006-06-01,15,14,15,14,29
ZUDAÑEZ,consulta externa,repetidas en personas de 60 anos o mas,2006-06-01,8,13,8,13,21
ACACIO,consulta externa,repetidas en personas de 60 anos o mas,2006-07-01,0,2,0,2,2
ACHACACHI,consulta externa,repetidas en personas de 60 anos o mas,2006-07-01,27,58,27,58,85
AIQUILE,consulta externa,repetidas en personas de 60 anos o mas,2006-07-01,55,41,55,41,96
ALALAY,consulta externa,repetidas en personas de 60 anos o mas,2006-07-01,0,2,0,2,2
ALCALA,consulta externa,repetidas en personas de 60 anos o mas,2006-07-01,0,5,0,5,5
ANCORAIMES,consulta externa,repetidas en personas de 60 anos o mas,2006-07-01,8,9,8,9,17
ANDAMARCA,consulta externa,repetidas en personas de 60 anos o mas,2006-07-01,1,1,1,1,2
ANZALDO,consulta externa,repetidas en personas de 60 anos o mas,2006-07-01,3,1,3,1,4
APOLO,consulta externa,repetidas en personas de 60 anos o mas,2006-07-01,7,13,7,13,20
ARANI,consulta externa,repetidas en personas de 60 anos o mas,2006-07-01,7,8,7,8,15
ARBIETO,consulta externa,repetidas en personas de 60 anos o mas,2006-07-01,11,8,11,8,19
ARQUE,consulta externa,repetidas en personas de 60 anos o mas,2006-07-01,1,0,1,0,1
ASCENCION DE GUARAYOS,consulta externa,repetidas en personas de 60 anos o mas,2006-07-01,2,0,2,0,2
ATOCHA,consulta externa,repetidas en personas de 60 anos o mas,2006-07-01,44,61,44,61,105
AUCAPATA,consulta externa,repetidas en personas de 60 anos o mas,2006-07-01,1,6,1,6,7
AYATA,consulta externa,repetidas en personas de 60 anos o mas,2006-07-01,1,0,1,0,1
AYO AYO,consulta externa,repetidas en personas de 60 anos o mas,2006-07-01,1,1,1,1,2
AZURDUY,consulta externa,repetidas en personas de 60 anos o mas,2006-07-01,1,0,1,0,1
BATALLAS,consulta externa,repetidas en personas de 60 anos o mas,2006-07-01,8,8,8,8,16
BAURES,consulta externa,repetidas en personas de 60 anos o mas,2006-07-01,0,2,0,2,2
BELEN DE ANDAMARCA,consulta externa,repetidas en personas de 60 anos o mas,2006-07-01,1,8,1,8,9
BELLA FLOR,consulta externa,repetidas en personas de 60 anos o mas,2006-07-01,4,1,4,1,5
BERMEJO,consulta externa,repetidas en personas de 60 anos o mas,2006-07-01,61,60,61,60,121
BETANZOS,consulta externa,repetidas en personas de 60 anos o mas,2006-07-01,34,68,34,68,102
BOLIVAR,consulta externa,repetidas en personas de 60 anos o mas,2006-07-01,1,0,1,0,1
BOLPEBRA,consulta externa,repetidas en personas de 60 anos o mas,2006-07-01,0,1,0,1,1
BOYUIBE,consulta externa,repetidas en personas de 60 anos o mas,2006-07-01,1,3,1,3,4
BUENA VISTA,consulta externa,repetidas en personas de 60 anos o mas,2006-07-01,40,28,40,28,68
CABEZAS,consulta externa,repetidas en personas de 60 anos o mas,2006-07-01,0,1,0,1,1
CAIROMA,consulta externa,repetidas en personas de 60 anos o mas,2006-07-01,16,2,16,2,18
"CAIZA ""D""",consulta externa,repetidas en personas de 60 anos o mas,2006-07-01,2,8,2,8,10
CAJUATA,consulta externa,repetidas en personas de 60 anos o mas,2006-07-01,4,1,4,1,5
CALACOTO,consulta externa,repetidas en personas de 60 anos o mas,2006-07-01,2,1,2,1,3
CALAMARCA,consulta externa,repetidas en personas de 60 anos o mas,2006-07-01,3,1,3,1,4
CAMARGO,consulta externa,repetidas en personas de 60 anos o mas,2006-07-01,19,19,19,19,38
CAMATAQUI (C. VILLA ABECIA),consulta externa,repetidas en personas de 60 anos o mas,2006-07-01,2,0,2,0,2
CAMIRI,consulta externa,repetidas en personas de 60 anos o mas,2006-07-01,66,114,66,114,180
CAPINOTA,consulta externa,repetidas en personas de 60 anos o mas,2006-07-01,21,27,21,27,48
CAQUIAVIRI,consulta externa,repetidas en personas de 60 anos o mas,2006-07-01,3,1,3,1,4
CARACOLLO,consulta externa,repetidas en personas de 60 anos o mas,2006-07-01,13,13,13,13,26
CARANAVI,consulta externa,repetidas en personas de 60 anos o mas,2006-07-01,23,7,23,7,30
CARAPARI,consulta externa,repetidas en personas de 60 anos o mas,2006-07-01,8,4,8,4,12
CARIPUYO,consulta externa,repetidas en personas de 60 anos o mas,2006-07-01,1,3,1,3,4
CHALLAPATA,consulta externa,repetidas en personas de 60 anos o mas,2006-07-01,13,12,13,12,25
CHAQUI,consulta externa,repetidas en personas de 60 anos o mas,2006-07-01,0,1,0,1,1
CHARAGUA,consulta externa,repetidas en personas de 60 anos o mas,2006-07-01,8,11,8,11,19
CHAYANTA,consulta externa,repetidas en personas de 60 anos o mas,2006-07-01,5,14,5,14,19
CHIMORE,consulta externa,repetidas en personas de 60 anos o mas,2006-07-01,2,0,2,0,2
CHOQUE COTA,consulta externa,repetidas en personas de 60 anos o mas,2006-07-01,2,1,2,1,3
CHULUMANI (V. DE LA LIBERTAD),consulta externa,repetidas en personas de 60 anos o mas,2006-07-01,21,11,21,11,32
CHUMA,consulta externa,repetidas en personas de 60 anos o mas,2006-07-01,7,0,7,0,7
CLIZA,consulta externa,repetidas en personas de 60 anos o mas,2006-07-01,2,3,2,3,5
COBIJA,consulta externa,repetidas en personas de 60 anos o mas,2006-07-01,55,47,55,47,102
COCHABAMBA,consulta externa,repetidas en personas de 60 anos o mas,2006-07-01,5434,6053,5434,6053,11487
COLCAPIRHUA,consulta externa,repetidas en personas de 60 anos o mas,2006-07-01,39,78,39,78,117
"COLCHA ""K""",consulta externa,repetidas en personas de 60 anos o mas,2006-07-01,8,5,8,5,13
COLLANA,consulta externa,repetidas en personas de 60 anos o mas,2006-07-01,2,2,2,2,4
COLPA BELGICA,consulta externa,repetidas en personas de 60 anos o mas,2006-07-01,25,16,25,16,41
COLQUECHACA,consulta externa,repetidas en personas de 60 anos o mas,2006-07-01,4,0,4,0,4
COLQUENCHA,consulta externa,repetidas en personas de 60 anos o mas,2006-07-01,2,3,2,3,5
COLQUIRI,consulta externa,repetidas en personas de 60 anos o mas,2006-07-01,10,8,10,8,18
COMANCHE,consulta externa,repetidas en personas de 60 anos o mas,2006-07-01,1,0,1,0,1
COMARAPA,consulta externa,repetidas en personas de 60 anos o mas,2006-07-01,18,12,18,12,30
CONCEPCION,consulta externa,repetidas en personas de 60 anos o mas,2006-07-01,2,3,2,3,5
CORIPATA,consulta externa,repetidas en personas de 60 anos o mas,2006-07-01,6,6,6,6,12
CORO CORO,consulta externa,repetidas en personas de 60 anos o mas,2006-07-01,4,2,4,2,6
COROICO,consulta externa,repetidas en personas de 60 anos o mas,2006-07-01,45,57,45,57,102
CORQUE,consulta externa,repetidas en personas de 60 anos o mas,2006-07-01,23,5,23,5,28
COTAGAITA,consulta externa,repetidas en personas de 60 anos o mas,2006-07-01,24,46,24,46,70
COTOCA,consulta externa,repetidas en personas de 60 anos o mas,2006-07-01,2,0,2,0,2
CUATRO CAÑADAS,consulta externa,repetidas en personas de 60 anos o mas,2006-07-01,2,5,2,5,7
CUEVO,consulta externa,repetidas en personas de 60 anos o mas,2006-07-01,3,3,3,3,6
CULPINA,consulta externa,repetidas en personas de 60 anos o mas,2006-07-01,1,1,1,1,2
CURAHUARA DE CARANGAS,consulta externa,repetidas en personas de 60 anos o mas,2006-07-01,1,1,1,1,2
CURVA,consulta externa,repetidas en personas de 60 anos o mas,2006-07-01,1,1,1,1,2
DESAGUADERO,consulta externa,repetidas en personas de 60 anos o mas,2006-07-01,0,2,0,2,2
EL ALTO,consulta externa,repetidas en personas de 60 anos o mas,2006-07-01,768,815,768,815,1583
EL CHORO,consulta externa,repetidas en personas de 60 anos o mas,2006-07-01,1,1,1,1,2
EL PUENTE(STC),consulta externa,repetidas en personas de 60 anos o mas,2006-07-01,0,1,0,1,1
EL PUENTE(TJA),consulta externa,repetidas en personas de 60 anos o mas,2006-07-01,0,1,0,1,1
EL TORNO,consulta externa,repetidas en personas de 60 anos o mas,2006-07-01,73,429,73,429,502
EL VILLAR,consulta externa,repetidas en personas de 60 anos o mas,2006-07-01,2,2,2,2,4
ENTRE RIOS,consulta externa,repetidas en personas de 60 anos o mas,2006-07-01,22,11,22,11,33
ENTRE RIOS,consulta externa,repetidas en personas de 60 anos o mas,2006-07-01,7,2,7,2,9
ESCARA,consulta externa,repetidas en personas de 60 anos o mas,2006-07-01,1,0,1,0,1
ESMERALDA,consulta externa,repetidas en personas de 60 anos o mas,2006-07-01,3,2,3,2,5
EUCALIPTUS,consulta externa,repetidas en personas de 60 anos o mas,2006-07-01,4,4,4,4,8
EXALTACION,consulta externa,repetidas en personas de 60 anos o mas,2006-07-01,1,0,1,0,1
FERNANDEZ ALONSO,consulta externa,repetidas en personas de 60 anos o mas,2006-07-01,1,3,1,3,4
GENERAL SAAVEDRA,consulta externa,repetidas en personas de 60 anos o mas,2006-07-01,3,7,3,7,10
GUANAY,consulta externa,repetidas en personas de 60 anos o mas,2006-07-01,0,2,0,2,2
GUAQUI,consulta externa,repetidas en personas de 60 anos o mas,2006-07-01,3,2,3,2,5
GUAYARAMERIN,consulta externa,repetidas en personas de 60 anos o mas,2006-07-01,100,105,100,105,205
GUTIERREZ,consulta externa,repetidas en personas de 60 anos o mas,2006-07-01,3,4,3,4,7
HUACARETA,consulta externa,repetidas en personas de 60 anos o mas,2006-07-01,7,21,7,21,28
HUACAYA (VILLA DE HUACAYA),consulta externa,repetidas en personas de 60 anos o mas,2006-07-01,1,0,1,0,1
HUACHACALLA,consulta externa,repetidas en personas de 60 anos o mas,2006-07-01,1,0,1,0,1
HUANUNI,consulta externa,repetidas en personas de 60 anos o mas,2006-07-01,88,103,88,103,191
HUARACAJE,consulta externa,repetidas en personas de 60 anos o mas,2006-07-01,1,1,1,1,2
ICLA,consulta externa,repetidas en personas de 60 anos o mas,2006-07-01,1,3,1,3,4
INCAHUASI,consulta externa,repetidas en personas de 60 anos o mas,2006-07-01,1,2,1,2,3
INGAVI (HUMAITA),consulta externa,repetidas en personas de 60 anos o mas,2006-07-01,1,0,1,0,1
INQUISIVI,consulta externa,repetidas en personas de 60 anos o mas,2006-07-01,6,1,6,1,7
IRUPANA (VILLA DE LANZA),consulta externa,repetidas en personas de 60 anos o mas,2006-07-01,15,10,15,10,25
IXIAMAS,consulta externa,repetidas en personas de 60 anos o mas,2006-07-01,8,1,8,1,9
JESUS DE MACHACA,consulta externa,repetidas en personas de 60 anos o mas,2006-07-01,14,9,14,9,23
LA ASUNTA,consulta externa,repetidas en personas de 60 anos o mas,2006-07-01,6,3,6,3,9
LA GUARDIA,consulta externa,repetidas en personas de 60 anos o mas,2006-07-01,6,24,6,24,30
LA PAZ,consulta externa,repetidas en personas de 60 anos o mas,2006-07-01,8231,11644,8231,11644,19875
LAGUNILLAS,consulta externa,repetidas en personas de 60 anos o mas,2006-07-01,2,0,2,0,2
LAJA,consulta externa,repetidas en personas de 60 anos o mas,2006-07-01,1,2,1,2,3
LAS CARRERAS,consulta externa,repetidas en personas de 60 anos o mas,2006-07-01,2,4,2,4,6
LLALLAGUA,consulta externa,repetidas en personas de 60 anos o mas,2006-07-01,65,102,65,102,167
LLICA,consulta externa,repetidas en personas de 60 anos o mas,2006-07-01,4,7,4,7,11
LORETO,consulta externa,repetidas en personas de 60 anos o mas,2006-07-01,1,0,1,0,1
LURIBAY,consulta externa,repetidas en personas de 60 anos o mas,2006-07-01,2,4,2,4,6
MACHACAMARCA,consulta externa,repetidas en personas de 60 anos o mas,2006-07-01,33,49,33,49,82
MACHARETI,consulta externa,repetidas en personas de 60 anos o mas,2006-07-01,3,0,3,0,3
MAGDALENA,consulta externa,repetidas en personas de 60 anos o mas,2006-07-01,6,1,6,1,7
MAPIRI,consulta externa,repetidas en personas de 60 anos o mas,2006-07-01,1,1,1,1,2
MECAPACA,consulta externa,repetidas en personas de 60 anos o mas,2006-07-01,6,2,6,2,8
MIZQUE,consulta externa,repetidas en personas de 60 anos o mas,2006-07-01,1,2,1,2,3
MOCOMOCO,consulta externa,repetidas en personas de 60 anos o mas,2006-07-01,1,5,1,5,6
MOJINETE,consulta externa,repetidas en personas de 60 anos o mas,2006-07-01,1,0,1,0,1
MOJOCOYA,consulta externa,repetidas en personas de 60 anos o mas,2006-07-01,0,5,0,5,5
MONTEAGUDO,consulta externa,repetidas en personas de 60 anos o mas,2006-07-01,67,66,67,66,133
MONTERO,consulta externa,repetidas en personas de 60 anos o mas,2006-07-01,535,2569,535,2569,3104
MORO MORO,consulta externa,repetidas en personas de 60 anos o mas,2006-07-01,1,3,1,3,4
MOROCHATA,consulta externa,repetidas en personas de 60 anos o mas,2006-07-01,20,17,20,17,37
OKINAWA,consulta externa,repetidas en personas de 60 anos o mas,2006-07-01,2,4,2,4,6
OMEREQUE,consulta externa,repetidas en personas de 60 anos o mas,2006-07-01,0,3,0,3,3
ORURO,consulta externa,repetidas en personas de 60 anos o mas,2006-07-01,1566,2013,1566,2013,3579
PADCAYA,consulta externa,repetidas en personas de 60 anos o mas,2006-07-01,7,13,7,13,20
PADILLA,consulta externa,repetidas en personas de 60 anos o mas,2006-07-01,19,26,19,26,45
PAILON,consulta externa,repetidas en personas de 60 anos o mas,2006-07-01,6,0,6,0,6
PALCA,consulta externa,repetidas en personas de 60 anos o mas,2006-07-01,4,5,4,5,9
PALOS BLANCOS,consulta externa,repetidas en personas de 60 anos o mas,2006-07-01,1,1,1,1,2
PAMPA GRANDE,consulta externa,repetidas en personas de 60 anos o mas,2006-07-01,2,8,2,8,10
PAPEL PAMPA,consulta externa,repetidas en personas de 60 anos o mas,2006-07-01,2,5,2,5,7
PAZÑA,consulta externa,repetidas en personas de 60 anos o mas,2006-07-01,9,15,9,15,24
PELECHUCO,consulta externa,repetidas en personas de 60 anos o mas,2006-07-01,1,0,1,0,1
POCOATA,consulta externa,repetidas en personas de 60 anos o mas,2006-07-01,1,3,1,3,4
POCONA,consulta externa,repetidas en personas de 60 anos o mas,2006-07-01,1,2,1,2,3
POOPO,consulta externa,repetidas en personas de 60 anos o mas,2006-07-01,24,24,24,24,48
PORCO,consulta externa,repetidas en personas de 60 anos o mas,2006-07-01,1,3,1,3,4
PORONGO,consulta externa,repetidas en personas de 60 anos o mas,2006-07-01,0,3,0,3,3
PORTACHUELO,consulta externa,repetidas en personas de 60 anos o mas,2006-07-01,16,16,16,16,32
PORVENIR,consulta externa,repetidas en personas de 60 anos o mas,2006-07-01,3,0,3,0,3
POSTRER VALLE,consulta externa,repetidas en personas de 60 anos o mas,2006-07-01,2,4,2,4,6
POTOSI,consulta externa,repetidas en personas de 60 anos o mas,2006-07-01,883,1261,883,1261,2144
PUCARA,consulta externa,repetidas en personas de 60 anos o mas,2006-07-01,14,30,14,30,44
PUCARANI,consulta externa,repetidas en personas de 60 anos o mas,2006-07-01,6,5,6,5,11
PUERTO ACOSTA,consulta externa,repetidas en personas de 60 anos o mas,2006-07-01,29,16,29,16,45
PUERTO CARABUCO,consulta externa,repetidas en personas de 60 anos o mas,2006-07-01,4,0,4,0,4
PUERTO GONZALO MORENO,consulta externa,repetidas en personas de 60 anos o mas,2006-07-01,2,2,2,2,4
PUERTO PEREZ,consulta externa,repetidas en personas de 60 anos o mas,2006-07-01,12,7,12,7,19
PUERTO QUIJARRO,consulta externa,repetidas en personas de 60 anos o mas,2006-07-01,3,4,3,4,7
PUERTO RICO,consulta externa,repetidas en personas de 60 anos o mas,2006-07-01,2,0,2,0,2
PUERTO SILES,consulta externa,repetidas en personas de 60 anos o mas,2006-07-01,1,7,1,7,8
PUERTO SUAREZ,consulta externa,repetidas en personas de 60 anos o mas,2006-07-01,8,21,8,21,29
PUERTO VILLARROEL,consulta externa,repetidas en personas de 60 anos o mas,2006-07-01,3,1,3,1,4
PUNA,consulta externa,repetidas en personas de 60 anos o mas,2006-07-01,3,1,3,1,4
PUNATA,consulta externa,repetidas en personas de 60 anos o mas,2006-07-01,139,154,139,154,293
QUIABAYA,consulta externa,repetidas en personas de 60 anos o mas,2006-07-01,2,2,2,2,4
QUILLACOLLO,consulta externa,repetidas en personas de 60 anos o mas,2006-07-01,12,19,12,19,31
QUIME,consulta externa,repetidas en personas de 60 anos o mas,2006-07-01,1,1,1,1,2
RAVELO,consulta externa,repetidas en personas de 60 anos o mas,2006-07-01,2,1,2,1,3
REYES,consulta externa,repetidas en personas de 60 anos o mas,2006-07-01,17,44,17,44,61
RIBERALTA,consulta externa,repetidas en personas de 60 anos o mas,2006-07-01,14,7,14,7,21
ROBORE,consulta externa,repetidas en personas de 60 anos o mas,2006-07-01,29,78,29,78,107
RURRENABAQUE,consulta externa,repetidas en personas de 60 anos o mas,2006-07-01,111,73,111,73,184
SABAYA,consulta externa,repetidas en personas de 60 anos o mas,2006-07-01,1,6,1,6,7
SACABA,consulta externa,repetidas en personas de 60 anos o mas,2006-07-01,77,91,77,91,168
SACABAMBA,consulta externa,repetidas en personas de 60 anos o mas,2006-07-01,2,1,2,1,3
SACACA,consulta externa,repetidas en personas de 60 anos o mas,2006-07-01,1,3,1,3,4
SAIPINA,consulta externa,repetidas en personas de 60 anos o mas,2006-07-01,11,20,11,20,31
SALINAS DE GARCI MENDOZA,consulta externa,repetidas en personas de 60 anos o mas,2006-07-01,2,12,2,12,14
SAMAIPATA,consulta externa,repetidas en personas de 60 anos o mas,2006-07-01,3,4,3,4,7
SAN ANDRES,consulta externa,repetidas en personas de 60 anos o mas,2006-07-01,0,2,0,2,2
SAN ANDRES DE MACHACA,consulta externa,repetidas en personas de 60 anos o mas,2006-07-01,4,7,4,7,11
SAN ANTONIO DE LOMERIO,consulta externa,repetidas en personas de 60 anos o mas,2006-07-01,3,1,3,1,4
SAN BENITO,consulta externa,repetidas en personas de 60 anos o mas,2006-07-01,3,8,3,8,11
SAN BORJA,consulta externa,repetidas en personas de 60 anos o mas,2006-07-01,73,57,73,57,130
SAN BUENA VENTURA,consulta externa,repetidas en personas de 60 anos o mas,2006-07-01,2,2,2,2,4
SAN CARLOS,consulta externa,repetidas en personas de 60 anos o mas,2006-07-01,35,27,35,27,62
SAN IGNACIO,consulta externa,repetidas en personas de 60 anos o mas,2006-07-01,45,62,45,62,107
SAN IGNACIO DE VELASCO,consulta externa,repetidas en personas de 60 anos o mas,2006-07-01,34,21,34,21,55
SAN JAVIER(BNI),consulta externa,repetidas en personas de 60 anos o mas,2006-07-01,0,3,0,3,3
SAN JAVIER(STC),consulta externa,repetidas en personas de 60 anos o mas,2006-07-01,2,3,2,3,5
SAN JOAQUIN,consulta externa,repetidas en personas de 60 anos o mas,2006-07-01,18,25,18,25,43
SAN JOSE DE CHIQUITOS,consulta externa,repetidas en personas de 60 anos o mas,2006-07-01,2,1,2,1,3
SAN JUAN DE YAPACANI,consulta externa,repetidas en personas de 60 anos o mas,2006-07-01,40,20,40,20,60
SAN JULIAN,consulta externa,repetidas en personas de 60 anos o mas,2006-07-01,5,5,5,5,10
SAN LORENZO(TJA),consulta externa,repetidas en personas de 60 anos o mas,2006-07-01,4,7,4,7,11
SAN LUCAS,consulta externa,repetidas en personas de 60 anos o mas,2006-07-01,5,6,5,6,11
SAN MATIAS,consulta externa,repetidas en personas de 60 anos o mas,2006-07-01,1,1,1,1,2
SAN MIGUEL DE VELASCO,consulta externa,repetidas en personas de 60 anos o mas,2006-07-01,31,55,31,55,86
SAN PABLO DE LIPEZ,consulta externa,repetidas en personas de 60 anos o mas,2006-07-01,7,4,7,4,11
SAN PEDRO,consulta externa,repetidas en personas de 60 anos o mas,2006-07-01,6,9,6,9,15
SAN PEDRO DE CURAHUARA,consulta externa,repetidas en personas de 60 anos o mas,2006-07-01,0,1,0,1,1
SAN PEDRO DE TIQUINA,consulta externa,repetidas en personas de 60 anos o mas,2006-07-01,3,3,3,3,6
SAN RAFAEL,consulta externa,repetidas en personas de 60 anos o mas,2006-07-01,3,1,3,1,4
SAN RAMON,consulta externa,repetidas en personas de 60 anos o mas,2006-07-01,27,27,27,27,54
SAN RAMON,consulta externa,repetidas en personas de 60 anos o mas,2006-07-01,7,0,7,0,7
SANTA ANA,consulta externa,repetidas en personas de 60 anos o mas,2006-07-01,73,102,73,102,175
SANTA CRUZ DE LA SIERRA,consulta externa,repetidas en personas de 60 anos o mas,2006-07-01,3892,5386,3892,5386,9278
SANTA ROSA DEL SARA,consulta externa,repetidas en personas de 60 anos o mas,2006-07-01,1,2,1,2,3
SANTIAGO DE CALLAPA,consulta externa,repetidas en personas de 60 anos o mas,2006-07-01,0,3,0,3,3
SANTIAGO DE HUARI,consulta externa,repetidas en personas de 60 anos o mas,2006-07-01,18,31,18,31,49
SANTIAGO DE MACHACA,consulta externa,repetidas en personas de 60 anos o mas,2006-07-01,2,2,2,2,4
SANTIVAÑES,consulta externa,repetidas en personas de 60 anos o mas,2006-07-01,1,2,1,2,3
SANTUARIO DE QUILLACAS,consulta externa,repetidas en personas de 60 anos o mas,2006-07-01,1,2,1,2,3
SAPAHAQUI,consulta externa,repetidas en personas de 60 anos o mas,2006-07-01,1,0,1,0,1
SICA SICA (VILLA AROMA),consulta externa,repetidas en personas de 60 anos o mas,2006-07-01,1,1,1,1,2
SIPE SIPE,consulta externa,repetidas en personas de 60 anos o mas,2006-07-01,25,26,25,26,51
SOPACHUY,consulta externa,repetidas en personas de 60 anos o mas,2006-07-01,2,6,2,6,8
SORATA,consulta externa,repetidas en personas de 60 anos o mas,2006-07-01,2,1,2,1,3
SUCRE,consulta externa,repetidas en personas de 60 anos o mas,2006-07-01,1554,2131,1554,2131,3685
TACACHI,consulta externa,repetidas en personas de 60 anos o mas,2006-07-01,3,7,3,7,10
TACACOMA,consulta externa,repetidas en personas de 60 anos o mas,2006-07-01,1,2,1,2,3
TACOPAYA,consulta externa,repetidas en personas de 60 anos o mas,2006-07-01,0,1,0,1,1
TAPACARI,consulta externa,repetidas en personas de 60 anos o mas,2006-07-01,1,0,1,0,1
TARABUCO,consulta externa,repetidas en personas de 60 anos o mas,2006-07-01,30,21,30,21,51
TARACO,consulta externa,repetidas en personas de 60 anos o mas,2006-07-01,5,3,5,3,8
TARATA,consulta externa,repetidas en personas de 60 anos o mas,2006-07-01,1,3,1,3,4
TARIJA,consulta externa,repetidas en personas de 60 anos o mas,2006-07-01,280,347,280,347,627
TARVITA,consulta externa,repetidas en personas de 60 anos o mas,2006-07-01,2,2,2,2,4
TEOPONTE,consulta externa,repetidas en personas de 60 anos o mas,2006-07-01,8,4,8,4,12
TIAWANACU,consulta externa,repetidas en personas de 60 anos o mas,2006-07-01,0,1,0,1,1
TIPUANI,consulta externa,repetidas en personas de 60 anos o mas,2006-07-01,3,3,3,3,6
TIQUIPAYA,consulta externa,repetidas en personas de 60 anos o mas,2006-07-01,8,17,8,17,25
TIRAQUE (CBBA),consulta externa,repetidas en personas de 60 anos o mas,2006-07-01,26,13,26,13,39
TOCO,consulta externa,repetidas en personas de 60 anos o mas,2006-07-01,3,4,3,4,7
TOLEDO,consulta externa,repetidas en personas de 60 anos o mas,2006-07-01,6,4,6,4,10
TOMINA,consulta externa,repetidas en personas de 60 anos o mas,2006-07-01,1,2,1,2,3
TORO TORO,consulta externa,repetidas en personas de 60 anos o mas,2006-07-01,3,2,3,2,5
TOTORA(CBBA),consulta externa,repetidas en personas de 60 anos o mas,2006-07-01,5,7,5,7,12
TOTORA(ORR),consulta externa,repetidas en personas de 60 anos o mas,2006-07-01,3,1,3,1,4
TRINIDAD,consulta externa,repetidas en personas de 60 anos o mas,2006-07-01,228,284,228,284,512
TUPIZA,consulta externa,repetidas en personas de 60 anos o mas,2006-07-01,45,58,45,58,103
TURCO,consulta externa,repetidas en personas de 60 anos o mas,2006-07-01,1,2,1,2,3
UNCIA,consulta externa,repetidas en personas de 60 anos o mas,2006-07-01,103,106,103,106,209
URIONDO (A. CONCEPCION),consulta externa,repetidas en personas de 60 anos o mas,2006-07-01,17,22,17,22,39
UYUNI,consulta externa,repetidas en personas de 60 anos o mas,2006-07-01,28,23,28,23,51
VACAS,consulta externa,repetidas en personas de 60 anos o mas,2006-07-01,7,14,7,14,21
VALLEGRANDE,consulta externa,repetidas en personas de 60 anos o mas,2006-07-01,193,200,193,200,393
VIACHA,consulta externa,repetidas en personas de 60 anos o mas,2006-07-01,187,181,187,181,368
VILA VILA,consulta externa,repetidas en personas de 60 anos o mas,2006-07-01,2,0,2,0,2
VILLA MONTES,consulta externa,repetidas en personas de 60 anos o mas,2006-07-01,78,80,78,80,158
VILLA RIVERO,consulta externa,repetidas en personas de 60 anos o mas,2006-07-01,9,3,9,3,12
VILLA SERRANO,consulta externa,repetidas en personas de 60 anos o mas,2006-07-01,4,5,4,5,9
VILLA TUNARI,consulta externa,repetidas en personas de 60 anos o mas,2006-07-01,40,47,40,47,87
VILLA VACA GUZMAN (MUYUPAMPA),consulta externa,repetidas en personas de 60 anos o mas,2006-07-01,1,3,1,3,4
VILLAZON,consulta externa,repetidas en personas de 60 anos o mas,2006-07-01,72,118,72,118,190
VINTO,consulta externa,repetidas en personas de 60 anos o mas,2006-07-01,18,37,18,37,55
VITICHI,consulta externa,repetidas en personas de 60 anos o mas,2006-07-01,8,8,8,8,16
WALDO BALLIVIAN,consulta externa,repetidas en personas de 60 anos o mas,2006-07-01,0,1,0,1,1
WARNES,consulta externa,repetidas en personas de 60 anos o mas,2006-07-01,1,2,1,2,3
YACO,consulta externa,repetidas en personas de 60 anos o mas,2006-07-01,2,0,2,0,2
YACUIBA,consulta externa,repetidas en personas de 60 anos o mas,2006-07-01,181,343,181,343,524
YAMPARAEZ,consulta externa,repetidas en personas de 60 anos o mas,2006-07-01,5,6,5,6,11
YANACACHI,consulta externa,repetidas en personas de 60 anos o mas,2006-07-01,0,2,0,2,2
YAPACANI,consulta externa,repetidas en personas de 60 anos o mas,2006-07-01,5,5,5,5,10
YOCALLA,consulta externa,repetidas en personas de 60 anos o mas,2006-07-01,6,6,6,6,12
YOTALA,consulta externa,repetidas en personas de 60 anos o mas,2006-07-01,5,3,5,3,8
YUNCHARA,consulta externa,repetidas en personas de 60 anos o mas,2006-07-01,6,13,6,13,19
ZUDAÑEZ,consulta externa,repetidas en personas de 60 anos o mas,2006-07-01,3,8,3,8,11
ACACIO,consulta externa,repetidas en personas de 60 anos o mas,2006-08-01,1,2,1,2,3
ACHACACHI,consulta externa,repetidas en personas de 60 anos o mas,2006-08-01,41,56,41,56,97
ACHOCALLA,consulta externa,repetidas en personas de 60 anos o mas,2006-08-01,0,2,0,2,2
AIQUILE,consulta externa,repetidas en personas de 60 anos o mas,2006-08-01,36,55,36,55,91
ALCALA,consulta externa,repetidas en personas de 60 anos o mas,2006-08-01,2,1,2,1,3
ANCORAIMES,consulta externa,repetidas en personas de 60 anos o mas,2006-08-01,5,9,5,9,14
ANDAMARCA,consulta externa,repetidas en personas de 60 anos o mas,2006-08-01,14,19,14,19,33
ANZALDO,consulta externa,repetidas en personas de 60 anos o mas,2006-08-01,2,1,2,1,3
APOLO,consulta externa,repetidas en personas de 60 anos o mas,2006-08-01,8,8,8,8,16
ARAMPAMPA,consulta externa,repetidas en personas de 60 anos o mas,2006-08-01,2,1,2,1,3
ARANI,consulta externa,repetidas en personas de 60 anos o mas,2006-08-01,1,11,1,11,12
ARBIETO,consulta externa,repetidas en personas de 60 anos o mas,2006-08-01,9,4,9,4,13
ARQUE,consulta externa,repetidas en personas de 60 anos o mas,2006-08-01,1,0,1,0,1
ASCENCION DE GUARAYOS,consulta externa,repetidas en personas de 60 anos o mas,2006-08-01,3,0,3,0,3
ATOCHA,consulta externa,repetidas en personas de 60 anos o mas,2006-08-01,42,77,42,77,119
AUCAPATA,consulta externa,repetidas en personas de 60 anos o mas,2006-08-01,4,1,4,1,5
AYATA,consulta externa,repetidas en personas de 60 anos o mas,2006-08-01,0,2,0,2,2
AYO AYO,consulta externa,repetidas en personas de 60 anos o mas,2006-08-01,14,4,14,4,18
AYOPAYA (V. DE INDEPENDENCIA),consulta externa,repetidas en personas de 60 anos o mas,2006-08-01,2,1,2,1,3
AZURDUY,consulta externa,repetidas en personas de 60 anos o mas,2006-08-01,1,3,1,3,4
BATALLAS,consulta externa,repetidas en personas de 60 anos o mas,2006-08-01,4,5,4,5,9
BAURES,consulta externa,repetidas en personas de 60 anos o mas,2006-08-01,3,2,3,2,5
BELEN DE ANDAMARCA,consulta externa,repetidas en personas de 60 anos o mas,2006-08-01,2,4,2,4,6
BELEN DE URMIRI,consulta externa,repetidas en personas de 60 anos o mas,2006-08-01,2,0,2,0,2
BELLA FLOR,consulta externa,repetidas en personas de 60 anos o mas,2006-08-01,1,1,1,1,2
BERMEJO,consulta externa,repetidas en personas de 60 anos o mas,2006-08-01,53,35,53,35,88
BETANZOS,consulta externa,repetidas en personas de 60 anos o mas,2006-08-01,61,90,61,90,151
BOLPEBRA,consulta externa,repetidas en personas de 60 anos o mas,2006-08-01,1,0,1,0,1
BOYUIBE,consulta externa,repetidas en personas de 60 anos o mas,2006-08-01,0,2,0,2,2
BUENA VISTA,consulta externa,repetidas en personas de 60 anos o mas,2006-08-01,29,29,29,29,58
CABEZAS,consulta externa,repetidas en personas de 60 anos o mas,2006-08-01,27,92,27,92,119
CAIROMA,consulta externa,repetidas en personas de 60 anos o mas,2006-08-01,2,3,2,3,5
"CAIZA ""D""",consulta externa,repetidas en personas de 60 anos o mas,2006-08-01,7,4,7,4,11
CAJUATA,consulta externa,repetidas en personas de 60 anos o mas,2006-08-01,4,1,4,1,5
CALACOTO,consulta externa,repetidas en personas de 60 anos o mas,2006-08-01,1,1,1,1,2
CALAMARCA,consulta externa,repetidas en personas de 60 anos o mas,2006-08-01,5,4,5,4,9
CAMARGO,consulta externa,repetidas en personas de 60 anos o mas,2006-08-01,19,33,19,33,52
CAMATAQUI (C. VILLA ABECIA),consulta externa,repetidas en personas de 60 anos o mas,2006-08-01,5,0,5,0,5
CAMIRI,consulta externa,repetidas en personas de 60 anos o mas,2006-08-01,65,134,65,134,199
CAPINOTA,consulta externa,repetidas en personas de 60 anos o mas,2006-08-01,17,22,17,22,39
CAQUIAVIRI,consulta externa,repetidas en personas de 60 anos o mas,2006-08-01,6,2,6,2,8
CARACOLLO,consulta externa,repetidas en personas de 60 anos o mas,2006-08-01,12,6,12,6,18
CARANAVI,consulta externa,repetidas en personas de 60 anos o mas,2006-08-01,28,15,28,15,43
CARAPARI,consulta externa,repetidas en personas de 60 anos o mas,2006-08-01,1,1,1,1,2
CATACORA,consulta externa,repetidas en personas de 60 anos o mas,2006-08-01,1,2,1,2,3
CHALLAPATA,consulta externa,repetidas en personas de 60 anos o mas,2006-08-01,24,17,24,17,41
CHAQUI,consulta externa,repetidas en personas de 60 anos o mas,2006-08-01,1,1,1,1,2
CHARAGUA,consulta externa,repetidas en personas de 60 anos o mas,2006-08-01,6,7,6,7,13
CHAYANTA,consulta externa,repetidas en personas de 60 anos o mas,2006-08-01,3,10,3,10,13
CHULUMANI (V. DE LA LIBERTAD),consulta externa,repetidas en personas de 60 anos o mas,2006-08-01,11,9,11,9,20
CHUMA,consulta externa,repetidas en personas de 60 anos o mas,2006-08-01,14,19,14,19,33
CLIZA,consulta externa,repetidas en personas de 60 anos o mas,2006-08-01,4,3,4,3,7
COBIJA,consulta externa,repetidas en personas de 60 anos o mas,2006-08-01,44,49,44,49,93
COCHABAMBA,consulta externa,repetidas en personas de 60 anos o mas,2006-08-01,6202,7119,6202,7119,13321
COLCAPIRHUA,consulta externa,repetidas en personas de 60 anos o mas,2006-08-01,47,74,47,74,121
"COLCHA ""K""",consulta externa,repetidas en personas de 60 anos o mas,2006-08-01,6,5,6,5,11
COLLANA,consulta externa,repetidas en personas de 60 anos o mas,2006-08-01,1,1,1,1,2
COLOMI,consulta externa,repetidas en personas de 60 anos o mas,2006-08-01,1,1,1,1,2
COLPA BELGICA,consulta externa,repetidas en personas de 60 anos o mas,2006-08-01,0,1,0,1,1
COLQUECHACA,consulta externa,repetidas en personas de 60 anos o mas,2006-08-01,7,7,7,7,14
COLQUENCHA,consulta externa,repetidas en personas de 60 anos o mas,2006-08-01,2,5,2,5,7
COLQUIRI,consulta externa,repetidas en personas de 60 anos o mas,2006-08-01,0,1,0,1,1
COMANCHE,consulta externa,repetidas en personas de 60 anos o mas,2006-08-01,1,1,1,1,2
COMARAPA,consulta externa,repetidas en personas de 60 anos o mas,2006-08-01,25,32,25,32,57
COMBAYA,consulta externa,repetidas en personas de 60 anos o mas,2006-08-01,2,7,2,7,9
CONCEPCION,consulta externa,repetidas en personas de 60 anos o mas,2006-08-01,1,3,1,3,4
COPACABANA,consulta externa,repetidas en personas de 60 anos o mas,2006-08-01,1,0,1,0,1
CORIPATA,consulta externa,repetidas en personas de 60 anos o mas,2006-08-01,8,16,8,16,24
CORO CORO,consulta externa,repetidas en personas de 60 anos o mas,2006-08-01,3,0,3,0,3
COROICO,consulta externa,repetidas en personas de 60 anos o mas,2006-08-01,59,57,59,57,116
CORQUE,consulta externa,repetidas en personas de 60 anos o mas,2006-08-01,27,15,27,15,42
COTAGAITA,consulta externa,repetidas en personas de 60 anos o mas,2006-08-01,16,28,16,28,44
COTOCA,consulta externa,repetidas en personas de 60 anos o mas,2006-08-01,0,2,0,2,2
CUATRO CAÑADAS,consulta externa,repetidas en personas de 60 anos o mas,2006-08-01,3,2,3,2,5
CUCHUMUELA (V. G. VILLARROEL),consulta externa,repetidas en personas de 60 anos o mas,2006-08-01,0,1,0,1,1
CUEVO,consulta externa,repetidas en personas de 60 anos o mas,2006-08-01,1,4,1,4,5
CULPINA,consulta externa,repetidas en personas de 60 anos o mas,2006-08-01,0,1,0,1,1
DESAGUADERO,consulta externa,repetidas en personas de 60 anos o mas,2006-08-01,1,2,1,2,3
EL ALTO,consulta externa,repetidas en personas de 60 anos o mas,2006-08-01,1048,1102,1048,1102,2150
EL PUENTE(TJA),consulta externa,repetidas en personas de 60 anos o mas,2006-08-01,4,1,4,1,5
EL TORNO,consulta externa,repetidas en personas de 60 anos o mas,2006-08-01,360,346,360,346,706
EL VILLAR,consulta externa,repetidas en personas de 60 anos o mas,2006-08-01,2,2,2,2,4
ENTRE RIOS,consulta externa,repetidas en personas de 60 anos o mas,2006-08-01,16,26,16,26,42
ENTRE RIOS,consulta externa,repetidas en personas de 60 anos o mas,2006-08-01,1,3,1,3,4
ESMERALDA,consulta externa,repetidas en personas de 60 anos o mas,2006-08-01,2,16,2,16,18
EUCALIPTUS,consulta externa,repetidas en personas de 60 anos o mas,2006-08-01,5,6,5,6,11
FERNANDEZ ALONSO,consulta externa,repetidas en personas de 60 anos o mas,2006-08-01,2,2,2,2,4
FILADELFIA,consulta externa,repetidas en personas de 60 anos o mas,2006-08-01,1,0,1,0,1
GENERAL SAAVEDRA,consulta externa,repetidas en personas de 60 anos o mas,2006-08-01,1,3,1,3,4
GRAL. J.J. PEREZ (CHARAZANI),consulta externa,repetidas en personas de 60 anos o mas,2006-08-01,2,2,2,2,4
GUANAY,consulta externa,repetidas en personas de 60 anos o mas,2006-08-01,7,2,7,2,9
GUAQUI,consulta externa,repetidas en personas de 60 anos o mas,2006-08-01,5,8,5,8,13
GUAYARAMERIN,consulta externa,repetidas en personas de 60 anos o mas,2006-08-01,104,81,104,81,185
GUTIERREZ,consulta externa,repetidas en personas de 60 anos o mas,2006-08-01,2,1,2,1,3
HUACARETA,consulta externa,repetidas en personas de 60 anos o mas,2006-08-01,8,6,8,6,14
HUACHACALLA,consulta externa,repetidas en personas de 60 anos o mas,2006-08-01,0,2,0,2,2
HUANUNI,consulta externa,repetidas en personas de 60 anos o mas,2006-08-01,217,149,217,149,366
HUARACAJE,consulta externa,repetidas en personas de 60 anos o mas,2006-08-01,3,5,3,5,8
HUAYLLAMARCA,consulta externa,repetidas en personas de 60 anos o mas,2006-08-01,0,2,0,2,2
ICHOCA,consulta externa,repetidas en personas de 60 anos o mas,2006-08-01,3,5,3,5,8
ICLA,consulta externa,repetidas en personas de 60 anos o mas,2006-08-01,0,3,0,3,3
INQUISIVI,consulta externa,repetidas en personas de 60 anos o mas,2006-08-01,2,4,2,4,6
IRUPANA (VILLA DE LANZA),consulta externa,repetidas en personas de 60 anos o mas,2006-08-01,11,11,11,11,22
IXIAMAS,consulta externa,repetidas en personas de 60 anos o mas,2006-08-01,1,1,1,1,2
JESUS DE MACHACA,consulta externa,repetidas en personas de 60 anos o mas,2006-08-01,5,8,5,8,13
LA ASUNTA,consulta externa,repetidas en personas de 60 anos o mas,2006-08-01,3,1,3,1,4
LA GUARDIA,consulta externa,repetidas en personas de 60 anos o mas,2006-08-01,12,2,12,2,14
LA PAZ,consulta externa,repetidas en personas de 60 anos o mas,2006-08-01,8707,12290,8707,12290,20997
LA RIVERA,consulta externa,repetidas en personas de 60 anos o mas,2006-08-01,0,1,0,1,1
LAGUNILLAS,consulta externa,repetidas en personas de 60 anos o mas,2006-08-01,1,0,1,0,1
LAJA,consulta externa,repetidas en personas de 60 anos o mas,2006-08-01,11,8,11,8,19
LAS CARRERAS,consulta externa,repetidas en personas de 60 anos o mas,2006-08-01,9,8,9,8,17
LICOMA PAMPA,consulta externa,repetidas en personas de 60 anos o mas,2006-08-01,4,0,4,0,4
LLALLAGUA,consulta externa,repetidas en personas de 60 anos o mas,2006-08-01,144,144,144,144,288
LLICA,consulta externa,repetidas en personas de 60 anos o mas,2006-08-01,5,12,5,12,17
LORETO,consulta externa,repetidas en personas de 60 anos o mas,2006-08-01,3,1,3,1,4
LURIBAY,consulta externa,repetidas en personas de 60 anos o mas,2006-08-01,10,3,10,3,13
MACHACAMARCA,consulta externa,repetidas en personas de 60 anos o mas,2006-08-01,51,58,51,58,109
MACHARETI,consulta externa,repetidas en personas de 60 anos o mas,2006-08-01,5,6,5,6,11
MAGDALENA,consulta externa,repetidas en personas de 60 anos o mas,2006-08-01,64,61,64,61,125
MAPIRI,consulta externa,repetidas en personas de 60 anos o mas,2006-08-01,1,0,1,0,1
MECAPACA,consulta externa,repetidas en personas de 60 anos o mas,2006-08-01,13,4,13,4,17
MINEROS,consulta externa,repetidas en personas de 60 anos o mas,2006-08-01,0,1,0,1,1
MIZQUE,consulta externa,repetidas en personas de 60 anos o mas,2006-08-01,0,1,0,1,1
MOCOMOCO,consulta externa,repetidas en personas de 60 anos o mas,2006-08-01,3,10,3,10,13
MOJINETE,consulta externa,repetidas en personas de 60 anos o mas,2006-08-01,1,7,1,7,8
MOJOCOYA,consulta externa,repetidas en personas de 60 anos o mas,2006-08-01,3,4,3,4,7
MONTEAGUDO,consulta externa,repetidas en personas de 60 anos o mas,2006-08-01,67,104,67,104,171
MONTERO,consulta externa,repetidas en personas de 60 anos o mas,2006-08-01,505,543,505,543,1048
MORO MORO,consulta externa,repetidas en personas de 60 anos o mas,2006-08-01,0,4,0,4,4
MOROCHATA,consulta externa,repetidas en personas de 60 anos o mas,2006-08-01,11,13,11,13,24
NACEBE (SANTA ROSA DEL ABUNA),consulta externa,repetidas en personas de 60 anos o mas,2006-08-01,8,0,8,0,8
NUEVO MANOA (NUEVA ESPERANZA),consulta externa,repetidas en personas de 60 anos o mas,2006-08-01,1,0,1,0,1
OCURI,consulta externa,repetidas en personas de 60 anos o mas,2006-08-01,0,2,0,2,2
OKINAWA,consulta externa,repetidas en personas de 60 anos o mas,2006-08-01,1,6,1,6,7
OMEREQUE,consulta externa,repetidas en personas de 60 anos o mas,2006-08-01,1,6,1,6,7
ORURO,consulta externa,repetidas en personas de 60 anos o mas,2006-08-01,1638,2117,1638,2117,3755
PADCAYA,consulta externa,repetidas en personas de 60 anos o mas,2006-08-01,8,10,8,10,18
PADILLA,consulta externa,repetidas en personas de 60 anos o mas,2006-08-01,26,33,26,33,59
PALCA,consulta externa,repetidas en personas de 60 anos o mas,2006-08-01,3,3,3,3,6
PALOS BLANCOS,consulta externa,repetidas en personas de 60 anos o mas,2006-08-01,8,2,8,2,10
PAMPA GRANDE,consulta externa,repetidas en personas de 60 anos o mas,2006-08-01,6,7,6,7,13
PAPEL PAMPA,consulta externa,repetidas en personas de 60 anos o mas,2006-08-01,5,4,5,4,9
PASORAPA,consulta externa,repetidas en personas de 60 anos o mas,2006-08-01,0,1,0,1,1
PATACAMAYA,consulta externa,repetidas en personas de 60 anos o mas,2006-08-01,1,1,1,1,2
PAZÑA,consulta externa,repetidas en personas de 60 anos o mas,2006-08-01,6,14,6,14,20
POCOATA,consulta externa,repetidas en personas de 60 anos o mas,2006-08-01,2,4,2,4,6
POCONA,consulta externa,repetidas en personas de 60 anos o mas,2006-08-01,0,2,0,2,2
POJO (CBBA),consulta externa,repetidas en personas de 60 anos o mas,2006-08-01,1,1,1,1,2
POOPO,consulta externa,repetidas en personas de 60 anos o mas,2006-08-01,15,18,15,18,33
PORCO,consulta externa,repetidas en personas de 60 anos o mas,2006-08-01,0,2,0,2,2
POROMA,consulta externa,repetidas en personas de 60 anos o mas,2006-08-01,7,7,7,7,14
PORONGO,consulta externa,repetidas en personas de 60 anos o mas,2006-08-01,9,4,9,4,13
PORTACHUELO,consulta externa,repetidas en personas de 60 anos o mas,2006-08-01,9,11,9,11,20
PORVENIR,consulta externa,repetidas en personas de 60 anos o mas,2006-08-01,1,0,1,0,1
POSTRER VALLE,consulta externa,repetidas en personas de 60 anos o mas,2006-08-01,4,3,4,3,7
POTOSI,consulta externa,repetidas en personas de 60 anos o mas,2006-08-01,952,1459,952,1459,2411
PRESTO,consulta externa,repetidas en personas de 60 anos o mas,2006-08-01,0,1,0,1,1
PUCARA,consulta externa,repetidas en personas de 60 anos o mas,2006-08-01,1,1,1,1,2
PUCARANI,consulta externa,repetidas en personas de 60 anos o mas,2006-08-01,3,12,3,12,15
PUERTO ACOSTA,consulta externa,repetidas en personas de 60 anos o mas,2006-08-01,14,6,14,6,20
PUERTO CARABUCO,consulta externa,repetidas en personas de 60 anos o mas,2006-08-01,10,9,10,9,19
PUERTO GONZALO MORENO,consulta externa,repetidas en personas de 60 anos o mas,2006-08-01,3,6,3,6,9
PUERTO PEREZ,consulta externa,repetidas en personas de 60 anos o mas,2006-08-01,2,5,2,5,7
PUERTO QUIJARRO,consulta externa,repetidas en personas de 60 anos o mas,2006-08-01,3,6,3,6,9
PUERTO SUAREZ,consulta externa,repetidas en personas de 60 anos o mas,2006-08-01,40,33,40,33,73
PUERTO VILLARROEL,consulta externa,repetidas en personas de 60 anos o mas,2006-08-01,7,2,7,2,9
PUNA,consulta externa,repetidas en personas de 60 anos o mas,2006-08-01,5,5,5,5,10
PUNATA,consulta externa,repetidas en personas de 60 anos o mas,2006-08-01,112,166,112,166,278
QUIABAYA,consulta externa,repetidas en personas de 60 anos o mas,2006-08-01,1,0,1,0,1
QUILLACOLLO,consulta externa,repetidas en personas de 60 anos o mas,2006-08-01,20,19,20,19,39
QUIME,consulta externa,repetidas en personas de 60 anos o mas,2006-08-01,1,1,1,1,2
REYES,consulta externa,repetidas en personas de 60 anos o mas,2006-08-01,32,38,32,38,70
RIBERALTA,consulta externa,repetidas en personas de 60 anos o mas,2006-08-01,8,11,8,11,19
ROBORE,consulta externa,repetidas en personas de 60 anos o mas,2006-08-01,45,57,45,57,102
RURRENABAQUE,consulta externa,repetidas en personas de 60 anos o mas,2006-08-01,99,77,99,77,176
SABAYA,consulta externa,repetidas en personas de 60 anos o mas,2006-08-01,2,3,2,3,5
SACABA,consulta externa,repetidas en personas de 60 anos o mas,2006-08-01,77,108,77,108,185
SACABAMBA,consulta externa,repetidas en personas de 60 anos o mas,2006-08-01,0,1,0,1,1
SACACA,consulta externa,repetidas en personas de 60 anos o mas,2006-08-01,2,3,2,3,5
SALINAS DE GARCI MENDOZA,consulta externa,repetidas en personas de 60 anos o mas,2006-08-01,1,6,1,6,7
SAMAIPATA,consulta externa,repetidas en personas de 60 anos o mas,2006-08-01,0,2,0,2,2
SAN AGUSTIN,consulta externa,repetidas en personas de 60 anos o mas,2006-08-01,0,3,0,3,3
SAN ANDRES,consulta externa,repetidas en personas de 60 anos o mas,2006-08-01,5,5,5,5,10
SAN ANDRES DE MACHACA,consulta externa,repetidas en personas de 60 anos o mas,2006-08-01,4,2,4,2,6
SAN ANTONIO DE LOMERIO,consulta externa,repetidas en personas de 60 anos o mas,2006-08-01,4,11,4,11,15
SAN BENITO,consulta externa,repetidas en personas de 60 anos o mas,2006-08-01,27,37,27,37,64
SAN BORJA,consulta externa,repetidas en personas de 60 anos o mas,2006-08-01,63,62,63,62,125
SAN BUENA VENTURA,consulta externa,repetidas en personas de 60 anos o mas,2006-08-01,4,5,4,5,9
SAN CARLOS,consulta externa,repetidas en personas de 60 anos o mas,2006-08-01,27,33,27,33,60
SAN IGNACIO,consulta externa,repetidas en personas de 60 anos o mas,2006-08-01,107,97,107,97,204
SAN IGNACIO DE VELASCO,consulta externa,repetidas en personas de 60 anos o mas,2006-08-01,34,37,34,37,71
SAN JAVIER(STC),consulta externa,repetidas en personas de 60 anos o mas,2006-08-01,2,0,2,0,2
SAN JOAQUIN,consulta externa,repetidas en personas de 60 anos o mas,2006-08-01,8,5,8,5,13
SAN JOSE DE CHIQUITOS,consulta externa,repetidas en personas de 60 anos o mas,2006-08-01,5,13,5,13,18
SAN JUAN DE YAPACANI,consulta externa,repetidas en personas de 60 anos o mas,2006-08-01,25,20,25,20,45
SAN JULIAN,consulta externa,repetidas en personas de 60 anos o mas,2006-08-01,9,6,9,6,15
SAN LORENZO(PND),consulta externa,repetidas en personas de 60 anos o mas,2006-08-01,1,0,1,0,1
SAN LORENZO(TJA),consulta externa,repetidas en personas de 60 anos o mas,2006-08-01,2,9,2,9,11
SAN LUCAS,consulta externa,repetidas en personas de 60 anos o mas,2006-08-01,26,34,26,34,60
SAN MATIAS,consulta externa,repetidas en personas de 60 anos o mas,2006-08-01,1,0,1,0,1
SAN MIGUEL DE VELASCO,consulta externa,repetidas en personas de 60 anos o mas,2006-08-01,43,70,43,70,113
SAN PABLO DE LIPEZ,consulta externa,repetidas en personas de 60 anos o mas,2006-08-01,7,5,7,5,12
SAN PEDRO,consulta externa,repetidas en personas de 60 anos o mas,2006-08-01,19,7,19,7,26
SAN PEDRO DE BUENA VISTA,consulta externa,repetidas en personas de 60 anos o mas,2006-08-01,1,0,1,0,1
SAN PEDRO DE CURAHUARA,consulta externa,repetidas en personas de 60 anos o mas,2006-08-01,0,4,0,4,4
SAN PEDRO DE TIQUINA,consulta externa,repetidas en personas de 60 anos o mas,2006-08-01,7,5,7,5,12
SAN RAFAEL,consulta externa,repetidas en personas de 60 anos o mas,2006-08-01,0,2,0,2,2
SAN RAMON,consulta externa,repetidas en personas de 60 anos o mas,2006-08-01,28,30,28,30,58
SAN RAMON,consulta externa,repetidas en personas de 60 anos o mas,2006-08-01,3,8,3,8,11
SANTA ANA,consulta externa,repetidas en personas de 60 anos o mas,2006-08-01,74,110,74,110,184
SANTA CRUZ DE LA SIERRA,consulta externa,repetidas en personas de 60 anos o mas,2006-08-01,2544,4614,2544,4614,7158
SANTA ROSA DEL SARA,consulta externa,repetidas en personas de 60 anos o mas,2006-08-01,2,1,2,1,3
SANTIAGO DE CALLAPA,consulta externa,repetidas en personas de 60 anos o mas,2006-08-01,0,1,0,1,1
SANTIAGO DE HUARI,consulta externa,repetidas en personas de 60 anos o mas,2006-08-01,46,25,46,25,71
SANTIAGO DE MACHACA,consulta externa,repetidas en personas de 60 anos o mas,2006-08-01,1,1,1,1,2
SANTIVAÑES,consulta externa,repetidas en personas de 60 anos o mas,2006-08-01,0,1,0,1,1
SAPAHAQUI,consulta externa,repetidas en personas de 60 anos o mas,2006-08-01,1,0,1,0,1
SENA,consulta externa,repetidas en personas de 60 anos o mas,2006-08-01,1,0,1,0,1
SICA SICA (VILLA AROMA),consulta externa,repetidas en personas de 60 anos o mas,2006-08-01,1,5,1,5,6
SIPE SIPE,consulta externa,repetidas en personas de 60 anos o mas,2006-08-01,16,22,16,22,38
SOPACHUY,consulta externa,repetidas en personas de 60 anos o mas,2006-08-01,0,1,0,1,1
SORATA,consulta externa,repetidas en personas de 60 anos o mas,2006-08-01,1,3,1,3,4
SUCRE,consulta externa,repetidas en personas de 60 anos o mas,2006-08-01,1439,2104,1439,2104,3543
TACACHI,consulta externa,repetidas en personas de 60 anos o mas,2006-08-01,4,6,4,6,10
TACOBAMBA,consulta externa,repetidas en personas de 60 anos o mas,2006-08-01,2,1,2,1,3
TACOPAYA,consulta externa,repetidas en personas de 60 anos o mas,2006-08-01,1,0,1,0,1
TAPACARI,consulta externa,repetidas en personas de 60 anos o mas,2006-08-01,2,1,2,1,3
TARABUCO,consulta externa,repetidas en personas de 60 anos o mas,2006-08-01,19,63,19,63,82
TARACO,consulta externa,repetidas en personas de 60 anos o mas,2006-08-01,0,2,0,2,2
TARATA,consulta externa,repetidas en personas de 60 anos o mas,2006-08-01,2,1,2,1,3
TARIJA,consulta externa,repetidas en personas de 60 anos o mas,2006-08-01,279,299,279,299,578
TARVITA,consulta externa,repetidas en personas de 60 anos o mas,2006-08-01,2,4,2,4,6
TEOPONTE,consulta externa,repetidas en personas de 60 anos o mas,2006-08-01,20,10,20,10,30
TIAWANACU,consulta externa,repetidas en personas de 60 anos o mas,2006-08-01,2,0,2,0,2
TINGUIPAYA,consulta externa,repetidas en personas de 60 anos o mas,2006-08-01,2,3,2,3,5
TIQUIPAYA,consulta externa,repetidas en personas de 60 anos o mas,2006-08-01,8,23,8,23,31
TIRAQUE (CBBA),consulta externa,repetidas en personas de 60 anos o mas,2006-08-01,29,28,29,28,57
TITO YUPANQUI (PARQUIPUJIO),consulta externa,repetidas en personas de 60 anos o mas,2006-08-01,2,1,2,1,3
TOCO,consulta externa,repetidas en personas de 60 anos o mas,2006-08-01,2,1,2,1,3
TOLEDO,consulta externa,repetidas en personas de 60 anos o mas,2006-08-01,11,4,11,4,15
TOMAVE,consulta externa,repetidas en personas de 60 anos o mas,2006-08-01,2,6,2,6,8
TOMINA,consulta externa,repetidas en personas de 60 anos o mas,2006-08-01,1,4,1,4,5
TORO TORO,consulta externa,repetidas en personas de 60 anos o mas,2006-08-01,2,5,2,5,7
TOTORA(CBBA),consulta externa,repetidas en personas de 60 anos o mas,2006-08-01,6,11,6,11,17
TOTORA(ORR),consulta externa,repetidas en personas de 60 anos o mas,2006-08-01,0,2,0,2,2
TRIGAL,consulta externa,repetidas en personas de 60 anos o mas,2006-08-01,1,5,1,5,6
TRINIDAD,consulta externa,repetidas en personas de 60 anos o mas,2006-08-01,240,229,240,229,469
TUPIZA,consulta externa,repetidas en personas de 60 anos o mas,2006-08-01,65,71,65,71,136
UNCIA,consulta externa,repetidas en personas de 60 anos o mas,2006-08-01,50,57,50,57,107
URIONDO (A. CONCEPCION),consulta externa,repetidas en personas de 60 anos o mas,2006-08-01,37,35,37,35,72
UYUNI,consulta externa,repetidas en personas de 60 anos o mas,2006-08-01,40,49,40,49,89
VACAS,consulta externa,repetidas en personas de 60 anos o mas,2006-08-01,9,17,9,17,26
VALLEGRANDE,consulta externa,repetidas en personas de 60 anos o mas,2006-08-01,240,370,240,370,610
VIACHA,consulta externa,repetidas en personas de 60 anos o mas,2006-08-01,195,175,195,175,370
VILLA MONTES,consulta externa,repetidas en personas de 60 anos o mas,2006-08-01,121,68,121,68,189
VILLA RIVERO,consulta externa,repetidas en personas de 60 anos o mas,2006-08-01,12,3,12,3,15
VILLA SERRANO,consulta externa,repetidas en personas de 60 anos o mas,2006-08-01,4,4,4,4,8
VILLA TUNARI,consulta externa,repetidas en personas de 60 anos o mas,2006-08-01,40,39,40,39,79
VILLA VACA GUZMAN (MUYUPAMPA),consulta externa,repetidas en personas de 60 anos o mas,2006-08-01,1,2,1,2,3
VILLAZON,consulta externa,repetidas en personas de 60 anos o mas,2006-08-01,72,120,72,120,192
VINTO,consulta externa,repetidas en personas de 60 anos o mas,2006-08-01,16,28,16,28,44
VITICHI,consulta externa,repetidas en personas de 60 anos o mas,2006-08-01,6,5,6,5,11
WALDO BALLIVIAN,consulta externa,repetidas en personas de 60 anos o mas,2006-08-01,0,2,0,2,2
WARNES,consulta externa,repetidas en personas de 60 anos o mas,2006-08-01,4,8,4,8,12
YACO,consulta externa,repetidas en personas de 60 anos o mas,2006-08-01,8,0,8,0,8
YACUIBA,consulta externa,repetidas en personas de 60 anos o mas,2006-08-01,165,300,165,300,465
YAMPARAEZ,consulta externa,repetidas en personas de 60 anos o mas,2006-08-01,2,2,2,2,4
YANACACHI,consulta externa,repetidas en personas de 60 anos o mas,2006-08-01,3,3,3,3,6
YAPACANI,consulta externa,repetidas en personas de 60 anos o mas,2006-08-01,2,9,2,9,11
YOCALLA,consulta externa,repetidas en personas de 60 anos o mas,2006-08-01,13,18,13,18,31
YOTALA,consulta externa,repetidas en personas de 60 anos o mas,2006-08-01,12,15,12,15,27
YUNCHARA,consulta externa,repetidas en personas de 60 anos o mas,2006-08-01,12,18,12,18,30
ZUDAÑEZ,consulta externa,repetidas en personas de 60 anos o mas,2006-08-01,3,6,3,6,9
ACACIO,consulta externa,repetidas en personas de 60 anos o mas,2006-09-01,0,2,0,2,2
ACHACACHI,consulta externa,repetidas en personas de 60 anos o mas,2006-09-01,36,44,36,44,80
ACHOCALLA,consulta externa,repetidas en personas de 60 anos o mas,2006-09-01,2,0,2,0,2
AIQUILE,consulta externa,repetidas en personas de 60 anos o mas,2006-09-01,48,44,48,44,92
ALCALA,consulta externa,repetidas en personas de 60 anos o mas,2006-09-01,0,2,0,2,2
ANCORAIMES,consulta externa,repetidas en personas de 60 anos o mas,2006-09-01,7,4,7,4,11
ANDAMARCA,consulta externa,repetidas en personas de 60 anos o mas,2006-09-01,16,19,16,19,35
ANZALDO,consulta externa,repetidas en personas de 60 anos o mas,2006-09-01,1,0,1,0,1
APOLO,consulta externa,repetidas en personas de 60 anos o mas,2006-09-01,7,10,7,10,17
ARANI,consulta externa,repetidas en personas de 60 anos o mas,2006-09-01,5,4,5,4,9
ARBIETO,consulta externa,repetidas en personas de 60 anos o mas,2006-09-01,5,4,5,4,9
ASCENCION DE GUARAYOS,consulta externa,repetidas en personas de 60 anos o mas,2006-09-01,2,1,2,1,3
ATOCHA,consulta externa,repetidas en personas de 60 anos o mas,2006-09-01,50,79,50,79,129
AUCAPATA,consulta externa,repetidas en personas de 60 anos o mas,2006-09-01,3,9,3,9,12
AYATA,consulta externa,repetidas en personas de 60 anos o mas,2006-09-01,1,2,1,2,3
AYO AYO,consulta externa,repetidas en personas de 60 anos o mas,2006-09-01,2,0,2,0,2
AYOPAYA (V. DE INDEPENDENCIA),consulta externa,repetidas en personas de 60 anos o mas,2006-09-01,2,0,2,0,2
AZURDUY,consulta externa,repetidas en personas de 60 anos o mas,2006-09-01,1,1,1,1,2
BATALLAS,consulta externa,repetidas en personas de 60 anos o mas,2006-09-01,12,7,12,7,19
BAURES,consulta externa,repetidas en personas de 60 anos o mas,2006-09-01,4,5,4,5,9
BELEN DE ANDAMARCA,consulta externa,repetidas en personas de 60 anos o mas,2006-09-01,2,1,2,1,3
BELEN DE URMIRI,consulta externa,repetidas en personas de 60 anos o mas,2006-09-01,3,0,3,0,3
BERMEJO,consulta externa,repetidas en personas de 60 anos o mas,2006-09-01,41,75,41,75,116
BETANZOS,consulta externa,repetidas en personas de 60 anos o mas,2006-09-01,45,84,45,84,129
BOLIVAR,consulta externa,repetidas en personas de 60 anos o mas,2006-09-01,4,5,4,5,9
BOYUIBE,consulta externa,repetidas en personas de 60 anos o mas,2006-09-01,4,11,4,11,15
BUENA VISTA,consulta externa,repetidas en personas de 60 anos o mas,2006-09-01,51,23,51,23,74
CABEZAS,consulta externa,repetidas en personas de 60 anos o mas,2006-09-01,18,26,18,26,44
CAIROMA,consulta externa,repetidas en personas de 60 anos o mas,2006-09-01,7,8,7,8,15
"CAIZA ""D""",consulta externa,repetidas en personas de 60 anos o mas,2006-09-01,3,6,3,6,9
CALAMARCA,consulta externa,repetidas en personas de 60 anos o mas,2006-09-01,2,7,2,7,9
CAMARGO,consulta externa,repetidas en personas de 60 anos o mas,2006-09-01,27,23,27,23,50
CAMATAQUI (C. VILLA ABECIA),consulta externa,repetidas en personas de 60 anos o mas,2006-09-01,1,2,1,2,3
CAMIRI,consulta externa,repetidas en personas de 60 anos o mas,2006-09-01,34,52,34,52,86
CAPINOTA,consulta externa,repetidas en personas de 60 anos o mas,2006-09-01,22,25,22,25,47
CAQUIAVIRI,consulta externa,repetidas en personas de 60 anos o mas,2006-09-01,8,3,8,3,11
CARACOLLO,consulta externa,repetidas en personas de 60 anos o mas,2006-09-01,19,13,19,13,32
CARANAVI,consulta externa,repetidas en personas de 60 anos o mas,2006-09-01,31,11,31,11,42
CARAPARI,consulta externa,repetidas en personas de 60 anos o mas,2006-09-01,0,2,0,2,2
CARIPUYO,consulta externa,repetidas en personas de 60 anos o mas,2006-09-01,0,1,0,1,1
CHALLAPATA,consulta externa,repetidas en personas de 60 anos o mas,2006-09-01,46,43,46,43,89
CHAQUI,consulta externa,repetidas en personas de 60 anos o mas,2006-09-01,1,0,1,0,1
CHARAGUA,consulta externa,repetidas en personas de 60 anos o mas,2006-09-01,13,29,13,29,42
CHARAÑA,consulta externa,repetidas en personas de 60 anos o mas,2006-09-01,2,0,2,0,2
CHAYANTA,consulta externa,repetidas en personas de 60 anos o mas,2006-09-01,3,8,3,8,11
CHIMORE,consulta externa,repetidas en personas de 60 anos o mas,2006-09-01,1,0,1,0,1
CHULUMANI (V. DE LA LIBERTAD),consulta externa,repetidas en personas de 60 anos o mas,2006-09-01,27,12,27,12,39
CHUMA,consulta externa,repetidas en personas de 60 anos o mas,2006-09-01,20,30,20,30,50
CLIZA,consulta externa,repetidas en personas de 60 anos o mas,2006-09-01,6,5,6,5,11
COBIJA,consulta externa,repetidas en personas de 60 anos o mas,2006-09-01,15,32,15,32,47
COCHABAMBA,consulta externa,repetidas en personas de 60 anos o mas,2006-09-01,5798,7510,5798,7510,13308
COLCAPIRHUA,consulta externa,repetidas en personas de 60 anos o mas,2006-09-01,55,106,55,106,161
"COLCHA ""K""",consulta externa,repetidas en personas de 60 anos o mas,2006-09-01,4,0,4,0,4
COLLANA,consulta externa,repetidas en personas de 60 anos o mas,2006-09-01,3,2,3,2,5
COLPA BELGICA,consulta externa,repetidas en personas de 60 anos o mas,2006-09-01,28,14,28,14,42
COLQUECHACA,consulta externa,repetidas en personas de 60 anos o mas,2006-09-01,7,10,7,10,17
COLQUENCHA,consulta externa,repetidas en personas de 60 anos o mas,2006-09-01,3,3,3,3,6
COLQUIRI,consulta externa,repetidas en personas de 60 anos o mas,2006-09-01,8,7,8,7,15
COMANCHE,consulta externa,repetidas en personas de 60 anos o mas,2006-09-01,0,1,0,1,1
COMARAPA,consulta externa,repetidas en personas de 60 anos o mas,2006-09-01,11,9,11,9,20
COMBAYA,consulta externa,repetidas en personas de 60 anos o mas,2006-09-01,1,3,1,3,4
CONCEPCION,consulta externa,repetidas en personas de 60 anos o mas,2006-09-01,1,2,1,2,3
COPACABANA,consulta externa,repetidas en personas de 60 anos o mas,2006-09-01,2,0,2,0,2
CORIPATA,consulta externa,repetidas en personas de 60 anos o mas,2006-09-01,6,5,6,5,11
CORO CORO,consulta externa,repetidas en personas de 60 anos o mas,2006-09-01,2,2,2,2,4
COROICO,consulta externa,repetidas en personas de 60 anos o mas,2006-09-01,43,35,43,35,78
CORQUE,consulta externa,repetidas en personas de 60 anos o mas,2006-09-01,11,8,11,8,19
COTAGAITA,consulta externa,repetidas en personas de 60 anos o mas,2006-09-01,21,15,21,15,36
COTOCA,consulta externa,repetidas en personas de 60 anos o mas,2006-09-01,37,52,37,52,89
CUATRO CAÑADAS,consulta externa,repetidas en personas de 60 anos o mas,2006-09-01,3,3,3,3,6
CUCHUMUELA (V. G. VILLARROEL),consulta externa,repetidas en personas de 60 anos o mas,2006-09-01,3,2,3,2,5
CUEVO,consulta externa,repetidas en personas de 60 anos o mas,2006-09-01,0,3,0,3,3
CULPINA,consulta externa,repetidas en personas de 60 anos o mas,2006-09-01,3,5,3,5,8
CURAHUARA DE CARANGAS,consulta externa,repetidas en personas de 60 anos o mas,2006-09-01,2,1,2,1,3
CURVA,consulta externa,repetidas en personas de 60 anos o mas,2006-09-01,1,2,1,2,3
DESAGUADERO,consulta externa,repetidas en personas de 60 anos o mas,2006-09-01,3,4,3,4,7
EL ALTO,consulta externa,repetidas en personas de 60 anos o mas,2006-09-01,794,785,794,785,1579
EL CHORO,consulta externa,repetidas en personas de 60 anos o mas,2006-09-01,1,0,1,0,1
EL PUENTE(STC),consulta externa,repetidas en personas de 60 anos o mas,2006-09-01,2,0,2,0,2
EL PUENTE(TJA),consulta externa,repetidas en personas de 60 anos o mas,2006-09-01,6,2,6,2,8
EL TORNO,consulta externa,repetidas en personas de 60 anos o mas,2006-09-01,249,213,249,213,462
EL VILLAR,consulta externa,repetidas en personas de 60 anos o mas,2006-09-01,2,10,2,10,12
ENTRE RIOS,consulta externa,repetidas en personas de 60 anos o mas,2006-09-01,3,3,3,3,6
ENTRE RIOS,consulta externa,repetidas en personas de 60 anos o mas,2006-09-01,12,25,12,25,37
ESMERALDA,consulta externa,repetidas en personas de 60 anos o mas,2006-09-01,0,2,0,2,2
EUCALIPTUS,consulta externa,repetidas en personas de 60 anos o mas,2006-09-01,3,12,3,12,15
EXALTACION,consulta externa,repetidas en personas de 60 anos o mas,2006-09-01,0,1,0,1,1
FERNANDEZ ALONSO,consulta externa,repetidas en personas de 60 anos o mas,2006-09-01,1,0,1,0,1
GENERAL SAAVEDRA,consulta externa,repetidas en personas de 60 anos o mas,2006-09-01,3,7,3,7,10
GRAL. J.J. PEREZ (CHARAZANI),consulta externa,repetidas en personas de 60 anos o mas,2006-09-01,1,2,1,2,3
GUANAY,consulta externa,repetidas en personas de 60 anos o mas,2006-09-01,6,8,6,8,14
GUAQUI,consulta externa,repetidas en personas de 60 anos o mas,2006-09-01,5,5,5,5,10
GUAYARAMERIN,consulta externa,repetidas en personas de 60 anos o mas,2006-09-01,69,52,69,52,121
GUTIERREZ,consulta externa,repetidas en personas de 60 anos o mas,2006-09-01,3,8,3,8,11
HUACARETA,consulta externa,repetidas en personas de 60 anos o mas,2006-09-01,4,6,4,6,10
HUACHACALLA,consulta externa,repetidas en personas de 60 anos o mas,2006-09-01,2,0,2,0,2
HUANUNI,consulta externa,repetidas en personas de 60 anos o mas,2006-09-01,102,61,102,61,163
HUARACAJE,consulta externa,repetidas en personas de 60 anos o mas,2006-09-01,2,0,2,0,2
HUAYLLAMARCA,consulta externa,repetidas en personas de 60 anos o mas,2006-09-01,1,0,1,0,1
ICLA,consulta externa,repetidas en personas de 60 anos o mas,2006-09-01,0,1,0,1,1
INCAHUASI,consulta externa,repetidas en personas de 60 anos o mas,2006-09-01,1,3,1,3,4
INQUISIVI,consulta externa,repetidas en personas de 60 anos o mas,2006-09-01,0,3,0,3,3
IRUPANA (VILLA DE LANZA),consulta externa,repetidas en personas de 60 anos o mas,2006-09-01,12,6,12,6,18
IXIAMAS,consulta externa,repetidas en personas de 60 anos o mas,2006-09-01,0,1,0,1,1
JESUS DE MACHACA,consulta externa,repetidas en personas de 60 anos o mas,2006-09-01,4,12,4,12,16
LA ASUNTA,consulta externa,repetidas en personas de 60 anos o mas,2006-09-01,0,1,0,1,1
LA GUARDIA,consulta externa,repetidas en personas de 60 anos o mas,2006-09-01,2,5,2,5,7
LA PAZ,consulta externa,repetidas en personas de 60 anos o mas,2006-09-01,9906,11875,9906,11875,21781
LAGUNILLAS,consulta externa,repetidas en personas de 60 anos o mas,2006-09-01,0,2,0,2,2
LAJA,consulta externa,repetidas en personas de 60 anos o mas,2006-09-01,7,5,7,5,12
LAS CARRERAS,consulta externa,repetidas en personas de 60 anos o mas,2006-09-01,3,10,3,10,13
LICOMA PAMPA,consulta externa,repetidas en personas de 60 anos o mas,2006-09-01,1,0,1,0,1
LLALLAGUA,consulta externa,repetidas en personas de 60 anos o mas,2006-09-01,108,106,108,106,214
LLICA,consulta externa,repetidas en personas de 60 anos o mas,2006-09-01,5,4,5,4,9
LORETO,consulta externa,repetidas en personas de 60 anos o mas,2006-09-01,3,1,3,1,4
LURIBAY,consulta externa,repetidas en personas de 60 anos o mas,2006-09-01,11,7,11,7,18
MACHARETI,consulta externa,repetidas en personas de 60 anos o mas,2006-09-01,10,6,10,6,16
MAGDALENA,consulta externa,repetidas en personas de 60 anos o mas,2006-09-01,62,55,62,55,117
MAPIRI,consulta externa,repetidas en personas de 60 anos o mas,2006-09-01,0,1,0,1,1
MECAPACA,consulta externa,repetidas en personas de 60 anos o mas,2006-09-01,6,8,6,8,14
MINEROS,consulta externa,repetidas en personas de 60 anos o mas,2006-09-01,1,0,1,0,1
MIZQUE,consulta externa,repetidas en personas de 60 anos o mas,2006-09-01,1,1,1,1,2
MOCOMOCO,consulta externa,repetidas en personas de 60 anos o mas,2006-09-01,15,8,15,8,23
MOJINETE,consulta externa,repetidas en personas de 60 anos o mas,2006-09-01,3,0,3,0,3
MOJOCOYA,consulta externa,repetidas en personas de 60 anos o mas,2006-09-01,9,12,9,12,21
MONTEAGUDO,consulta externa,repetidas en personas de 60 anos o mas,2006-09-01,154,157,154,157,311
MONTERO,consulta externa,repetidas en personas de 60 anos o mas,2006-09-01,494,150,494,150,644
MORO MORO,consulta externa,repetidas en personas de 60 anos o mas,2006-09-01,1,2,1,2,3
MOROCHATA,consulta externa,repetidas en personas de 60 anos o mas,2006-09-01,17,18,17,18,35
NACEBE (SANTA ROSA DEL ABUNA),consulta externa,repetidas en personas de 60 anos o mas,2006-09-01,1,0,1,0,1
OKINAWA,consulta externa,repetidas en personas de 60 anos o mas,2006-09-01,4,4,4,4,8
OMEREQUE,consulta externa,repetidas en personas de 60 anos o mas,2006-09-01,0,6,0,6,6
ORURO,consulta externa,repetidas en personas de 60 anos o mas,2006-09-01,1463,1861,1463,1861,3324
PADCAYA,consulta externa,repetidas en personas de 60 anos o mas,2006-09-01,6,12,6,12,18
PADILLA,consulta externa,repetidas en personas de 60 anos o mas,2006-09-01,4,4,4,4,8
PALCA,consulta externa,repetidas en personas de 60 anos o mas,2006-09-01,2,2,2,2,4
PALOS BLANCOS,consulta externa,repetidas en personas de 60 anos o mas,2006-09-01,4,1,4,1,5
PAMPA AULLAGAS,consulta externa,repetidas en personas de 60 anos o mas,2006-09-01,1,1,1,1,2
PAMPA GRANDE,consulta externa,repetidas en personas de 60 anos o mas,2006-09-01,2,6,2,6,8
PAPEL PAMPA,consulta externa,repetidas en personas de 60 anos o mas,2006-09-01,3,4,3,4,7
PASORAPA,consulta externa,repetidas en personas de 60 anos o mas,2006-09-01,0,1,0,1,1
PATACAMAYA,consulta externa,repetidas en personas de 60 anos o mas,2006-09-01,1,1,1,1,2
PAZÑA,consulta externa,repetidas en personas de 60 anos o mas,2006-09-01,13,19,13,19,32
POCOATA,consulta externa,repetidas en personas de 60 anos o mas,2006-09-01,6,4,6,4,10
POCONA,consulta externa,repetidas en personas de 60 anos o mas,2006-09-01,2,1,2,1,3
POJO (CBBA),consulta externa,repetidas en personas de 60 anos o mas,2006-09-01,1,1,1,1,2
POOPO,consulta externa,repetidas en personas de 60 anos o mas,2006-09-01,11,11,11,11,22
PORCO,consulta externa,repetidas en personas de 60 anos o mas,2006-09-01,0,1,0,1,1
POROMA,consulta externa,repetidas en personas de 60 anos o mas,2006-09-01,7,6,7,6,13
PORONGO,consulta externa,repetidas en personas de 60 anos o mas,2006-09-01,9,5,9,5,14
PORTACHUELO,consulta externa,repetidas en personas de 60 anos o mas,2006-09-01,16,17,16,17,33
PORVENIR,consulta externa,repetidas en personas de 60 anos o mas,2006-09-01,1,0,1,0,1
POSTRER VALLE,consulta externa,repetidas en personas de 60 anos o mas,2006-09-01,0,3,0,3,3
POTOSI,consulta externa,repetidas en personas de 60 anos o mas,2006-09-01,946,1269,946,1269,2215
PRESTO,consulta externa,repetidas en personas de 60 anos o mas,2006-09-01,1,1,1,1,2
PUCARA,consulta externa,repetidas en personas de 60 anos o mas,2006-09-01,2,6,2,6,8
PUCARANI,consulta externa,repetidas en personas de 60 anos o mas,2006-09-01,7,10,7,10,17
PUERTO ACOSTA,consulta externa,repetidas en personas de 60 anos o mas,2006-09-01,32,7,32,7,39
PUERTO CARABUCO,consulta externa,repetidas en personas de 60 anos o mas,2006-09-01,2,2,2,2,4
PUERTO GONZALO MORENO,consulta externa,repetidas en personas de 60 anos o mas,2006-09-01,11,4,11,4,15
PUERTO PEREZ,consulta externa,repetidas en personas de 60 anos o mas,2006-09-01,3,2,3,2,5
PUERTO QUIJARRO,consulta externa,repetidas en personas de 60 anos o mas,2006-09-01,7,6,7,6,13
PUERTO SUAREZ,consulta externa,repetidas en personas de 60 anos o mas,2006-09-01,36,45,36,45,81
PUERTO VILLARROEL,consulta externa,repetidas en personas de 60 anos o mas,2006-09-01,1,2,1,2,3
PUNA,consulta externa,repetidas en personas de 60 anos o mas,2006-09-01,5,12,5,12,17
PUNATA,consulta externa,repetidas en personas de 60 anos o mas,2006-09-01,111,139,111,139,250
QUIABAYA,consulta externa,repetidas en personas de 60 anos o mas,2006-09-01,4,0,4,0,4
QUILLACOLLO,consulta externa,repetidas en personas de 60 anos o mas,2006-09-01,11,20,11,20,31
QUIME,consulta externa,repetidas en personas de 60 anos o mas,2006-09-01,2,0,2,0,2
REYES,consulta externa,repetidas en personas de 60 anos o mas,2006-09-01,46,54,46,54,100
RIBERALTA,consulta externa,repetidas en personas de 60 anos o mas,2006-09-01,22,55,22,55,77
ROBORE,consulta externa,repetidas en personas de 60 anos o mas,2006-09-01,53,45,53,45,98
RURRENABAQUE,consulta externa,repetidas en personas de 60 anos o mas,2006-09-01,69,81,69,81,150
SABAYA,consulta externa,repetidas en personas de 60 anos o mas,2006-09-01,2,3,2,3,5
SACABA,consulta externa,repetidas en personas de 60 anos o mas,2006-09-01,79,109,79,109,188
SACACA,consulta externa,repetidas en personas de 60 anos o mas,2006-09-01,0,2,0,2,2
SALINAS DE GARCI MENDOZA,consulta externa,repetidas en personas de 60 anos o mas,2006-09-01,2,12,2,12,14
SAMAIPATA,consulta externa,repetidas en personas de 60 anos o mas,2006-09-01,1,0,1,0,1
SAN AGUSTIN,consulta externa,repetidas en personas de 60 anos o mas,2006-09-01,0,1,0,1,1
SAN ANDRES,consulta externa,repetidas en personas de 60 anos o mas,2006-09-01,12,7,12,7,19
SAN ANDRES DE MACHACA,consulta externa,repetidas en personas de 60 anos o mas,2006-09-01,3,7,3,7,10
SAN ANTONIO DE LOMERIO,consulta externa,repetidas en personas de 60 anos o mas,2006-09-01,1,2,1,2,3
SAN BENITO,consulta externa,repetidas en personas de 60 anos o mas,2006-09-01,7,13,7,13,20
SAN BORJA,consulta externa,repetidas en personas de 60 anos o mas,2006-09-01,62,66,62,66,128
SAN BUENA VENTURA,consulta externa,repetidas en personas de 60 anos o mas,2006-09-01,5,3,5,3,8
SAN CARLOS,consulta externa,repetidas en personas de 60 anos o mas,2006-09-01,22,27,22,27,49
SAN IGNACIO,consulta externa,repetidas en personas de 60 anos o mas,2006-09-01,36,57,36,57,93
SAN IGNACIO DE VELASCO,consulta externa,repetidas en personas de 60 anos o mas,2006-09-01,48,43,48,43,91
SAN JAVIER(BNI),consulta externa,repetidas en personas de 60 anos o mas,2006-09-01,0,1,0,1,1
SAN JAVIER(STC),consulta externa,repetidas en personas de 60 anos o mas,2006-09-01,1,6,1,6,7
SAN JOAQUIN,consulta externa,repetidas en personas de 60 anos o mas,2006-09-01,24,60,24,60,84
SAN JOSE DE CHIQUITOS,consulta externa,repetidas en personas de 60 anos o mas,2006-09-01,8,5,8,5,13
SAN JUAN DE YAPACANI,consulta externa,repetidas en personas de 60 anos o mas,2006-09-01,25,40,25,40,65
SAN JULIAN,consulta externa,repetidas en personas de 60 anos o mas,2006-09-01,43,21,43,21,64
SAN LORENZO(TJA),consulta externa,repetidas en personas de 60 anos o mas,2006-09-01,4,16,4,16,20
SAN LUCAS,consulta externa,repetidas en personas de 60 anos o mas,2006-09-01,29,38,29,38,67
SAN MATIAS,consulta externa,repetidas en personas de 60 anos o mas,2006-09-01,1,2,1,2,3
SAN MIGUEL DE VELASCO,consulta externa,repetidas en personas de 60 anos o mas,2006-09-01,48,86,48,86,134
SAN PABLO DE LIPEZ,consulta externa,repetidas en personas de 60 anos o mas,2006-09-01,0,4,0,4,4
SAN PEDRO,consulta externa,repetidas en personas de 60 anos o mas,2006-09-01,1,2,1,2,3
SAN PEDRO DE CURAHUARA,consulta externa,repetidas en personas de 60 anos o mas,2006-09-01,2,6,2,6,8
SAN PEDRO DE TIQUINA,consulta externa,repetidas en personas de 60 anos o mas,2006-09-01,8,3,8,3,11
SAN RAFAEL,consulta externa,repetidas en personas de 60 anos o mas,2006-09-01,2,0,2,0,2
SAN RAMON,consulta externa,repetidas en personas de 60 anos o mas,2006-09-01,35,30,35,30,65
SAN RAMON,consulta externa,repetidas en personas de 60 anos o mas,2006-09-01,8,10,8,10,18
SANTA ANA,consulta externa,repetidas en personas de 60 anos o mas,2006-09-01,71,115,71,115,186
SANTA CRUZ DE LA SIERRA,consulta externa,repetidas en personas de 60 anos o mas,2006-09-01,3084,5053,3084,5053,8137
SANTA ROSA,consulta externa,repetidas en personas de 60 anos o mas,2006-09-01,1,0,1,0,1
SANTA ROSA DEL SARA,consulta externa,repetidas en personas de 60 anos o mas,2006-09-01,1,0,1,0,1
SANTIAGO DE HUARI,consulta externa,repetidas en personas de 60 anos o mas,2006-09-01,29,39,29,39,68
SANTIAGO DE MACHACA,consulta externa,repetidas en personas de 60 anos o mas,2006-09-01,0,1,0,1,1
SANTIVAÑES,consulta externa,repetidas en personas de 60 anos o mas,2006-09-01,5,2,5,2,7
SICA SICA (VILLA AROMA),consulta externa,repetidas en personas de 60 anos o mas,2006-09-01,0,1,0,1,1
SICAYA,consulta externa,repetidas en personas de 60 anos o mas,2006-09-01,1,1,1,1,2
SIPE SIPE,consulta externa,repetidas en personas de 60 anos o mas,2006-09-01,0,7,0,7,7
SOPACHUY,consulta externa,repetidas en personas de 60 anos o mas,2006-09-01,1,3,1,3,4
SORATA,consulta externa,repetidas en personas de 60 anos o mas,2006-09-01,0,1,0,1,1
SUCRE,consulta externa,repetidas en personas de 60 anos o mas,2006-09-01,1403,2193,1403,2193,3596
TACACHI,consulta externa,repetidas en personas de 60 anos o mas,2006-09-01,2,2,2,2,4
TACOBAMBA,consulta externa,repetidas en personas de 60 anos o mas,2006-09-01,1,1,1,1,2
TACOPAYA,consulta externa,repetidas en personas de 60 anos o mas,2006-09-01,3,5,3,5,8
TAHUA,consulta externa,repetidas en personas de 60 anos o mas,2006-09-01,1,0,1,0,1
TAPACARI,consulta externa,repetidas en personas de 60 anos o mas,2006-09-01,1,6,1,6,7
TARABUCO,consulta externa,repetidas en personas de 60 anos o mas,2006-09-01,17,24,17,24,41
TARACO,consulta externa,repetidas en personas de 60 anos o mas,2006-09-01,9,4,9,4,13
TARATA,consulta externa,repetidas en personas de 60 anos o mas,2006-09-01,1,1,1,1,2
TARIJA,consulta externa,repetidas en personas de 60 anos o mas,2006-09-01,1461,2150,1461,2150,3611
TARVITA,consulta externa,repetidas en personas de 60 anos o mas,2006-09-01,1,8,1,8,9
TEOPONTE,consulta externa,repetidas en personas de 60 anos o mas,2006-09-01,6,2,6,2,8
TIAWANACU,consulta externa,repetidas en personas de 60 anos o mas,2006-09-01,0,2,0,2,2
TINGUIPAYA,consulta externa,repetidas en personas de 60 anos o mas,2006-09-01,4,0,4,0,4
TIQUIPAYA,consulta externa,repetidas en personas de 60 anos o mas,2006-09-01,9,12,9,12,21
TIRAQUE (CBBA),consulta externa,repetidas en personas de 60 anos o mas,2006-09-01,20,22,20,22,42
TITO YUPANQUI (PARQUIPUJIO),consulta externa,repetidas en personas de 60 anos o mas,2006-09-01,1,3,1,3,4
TOCO,consulta externa,repetidas en personas de 60 anos o mas,2006-09-01,0,2,0,2,2
TOLEDO,consulta externa,repetidas en personas de 60 anos o mas,2006-09-01,15,4,15,4,19
TOMAVE,consulta externa,repetidas en personas de 60 anos o mas,2006-09-01,2,4,2,4,6
TOMINA,consulta externa,repetidas en personas de 60 anos o mas,2006-09-01,2,3,2,3,5
TORO TORO,consulta externa,repetidas en personas de 60 anos o mas,2006-09-01,1,11,1,11,12
TOTORA(CBBA),consulta externa,repetidas en personas de 60 anos o mas,2006-09-01,11,8,11,8,19
TRINIDAD,consulta externa,repetidas en personas de 60 anos o mas,2006-09-01,147,202,147,202,349
TUPIZA,consulta externa,repetidas en personas de 60 anos o mas,2006-09-01,46,55,46,55,101
TURCO,consulta externa,repetidas en personas de 60 anos o mas,2006-09-01,0,1,0,1,1
UNCIA,consulta externa,repetidas en personas de 60 anos o mas,2006-09-01,55,57,55,57,112
URIONDO (A. CONCEPCION),consulta externa,repetidas en personas de 60 anos o mas,2006-09-01,39,56,39,56,95
UYUNI,consulta externa,repetidas en personas de 60 anos o mas,2006-09-01,31,41,31,41,72
VACAS,consulta externa,repetidas en personas de 60 anos o mas,2006-09-01,7,23,7,23,30
VALLEGRANDE,consulta externa,repetidas en personas de 60 anos o mas,2006-09-01,234,381,234,381,615
VIACHA,consulta externa,repetidas en personas de 60 anos o mas,2006-09-01,116,150,116,150,266
VILA VILA,consulta externa,repetidas en personas de 60 anos o mas,2006-09-01,1,1,1,1,2
VILLA MONTES,consulta externa,repetidas en personas de 60 anos o mas,2006-09-01,88,70,88,70,158
VILLA RIVERO,consulta externa,repetidas en personas de 60 anos o mas,2006-09-01,8,4,8,4,12
VILLA SERRANO,consulta externa,repetidas en personas de 60 anos o mas,2006-09-01,2,5,2,5,7
VILLA TUNARI,consulta externa,repetidas en personas de 60 anos o mas,2006-09-01,46,60,46,60,106
VILLA VACA GUZMAN (MUYUPAMPA),consulta externa,repetidas en personas de 60 anos o mas,2006-09-01,2,3,2,3,5
VILLAZON,consulta externa,repetidas en personas de 60 anos o mas,2006-09-01,93,106,93,106,199
VINTO,consulta externa,repetidas en personas de 60 anos o mas,2006-09-01,38,52,38,52,90
VITICHI,consulta externa,repetidas en personas de 60 anos o mas,2006-09-01,11,8,11,8,19
WALDO BALLIVIAN,consulta externa,repetidas en personas de 60 anos o mas,2006-09-01,3,2,3,2,5
WARNES,consulta externa,repetidas en personas de 60 anos o mas,2006-09-01,5,15,5,15,20
YACO,consulta externa,repetidas en personas de 60 anos o mas,2006-09-01,1,0,1,0,1
YACUIBA,consulta externa,repetidas en personas de 60 anos o mas,2006-09-01,230,352,230,352,582
YAMPARAEZ,consulta externa,repetidas en personas de 60 anos o mas,2006-09-01,2,3,2,3,5
YAPACANI,consulta externa,repetidas en personas de 60 anos o mas,2006-09-01,3,0,3,0,3
YOCALLA,consulta externa,repetidas en personas de 60 anos o mas,2006-09-01,6,3,6,3,9
YOTALA,consulta externa,repetidas en personas de 60 anos o mas,2006-09-01,3,17,3,17,20
YUNCHARA,consulta externa,repetidas en personas de 60 anos o mas,2006-09-01,7,11,7,11,18
ZUDAÑEZ,consulta externa,repetidas en personas de 60 anos o mas,2006-09-01,10,7,10,7,17
ACACIO,consulta externa,repetidas en personas de 60 anos o mas,2006-10-01,0,3,0,3,3
ACHACACHI,consulta externa,repetidas en personas de 60 anos o mas,2006-10-01,33,42,33,42,75
ACHOCALLA,consulta externa,repetidas en personas de 60 anos o mas,2006-10-01,0,3,0,3,3
AIQUILE,consulta externa,repetidas en personas de 60 anos o mas,2006-10-01,38,49,38,49,87
ALCALA,consulta externa,repetidas en personas de 60 anos o mas,2006-10-01,0,1,0,1,1
ANCORAIMES,consulta externa,repetidas en personas de 60 anos o mas,2006-10-01,1,2,1,2,3
ANDAMARCA,consulta externa,repetidas en personas de 60 anos o mas,2006-10-01,13,11,13,11,24
ANZALDO,consulta externa,repetidas en personas de 60 anos o mas,2006-10-01,1,0,1,0,1
APOLO,consulta externa,repetidas en personas de 60 anos o mas,2006-10-01,10,13,10,13,23
ARANI,consulta externa,repetidas en personas de 60 anos o mas,2006-10-01,0,5,0,5,5
ARBIETO,consulta externa,repetidas en personas de 60 anos o mas,2006-10-01,7,1,7,1,8
ARQUE,consulta externa,repetidas en personas de 60 anos o mas,2006-10-01,1,0,1,0,1
ASCENCION DE GUARAYOS,consulta externa,repetidas en personas de 60 anos o mas,2006-10-01,1,1,1,1,2
ATOCHA,consulta externa,repetidas en personas de 60 anos o mas,2006-10-01,35,77,35,77,112
AUCAPATA,consulta externa,repetidas en personas de 60 anos o mas,2006-10-01,2,3,2,3,5
AYATA,consulta externa,repetidas en personas de 60 anos o mas,2006-10-01,1,2,1,2,3
AYOPAYA (V. DE INDEPENDENCIA),consulta externa,repetidas en personas de 60 anos o mas,2006-10-01,1,5,1,5,6
AZURDUY,consulta externa,repetidas en personas de 60 anos o mas,2006-10-01,0,3,0,3,3
BATALLAS,consulta externa,repetidas en personas de 60 anos o mas,2006-10-01,5,10,5,10,15
BAURES,consulta externa,repetidas en personas de 60 anos o mas,2006-10-01,9,4,9,4,13
BELEN DE ANDAMARCA,consulta externa,repetidas en personas de 60 anos o mas,2006-10-01,0,5,0,5,5
BELEN DE URMIRI,consulta externa,repetidas en personas de 60 anos o mas,2006-10-01,10,2,10,2,12
BERMEJO,consulta externa,repetidas en personas de 60 anos o mas,2006-10-01,60,56,60,56,116
BETANZOS,consulta externa,repetidas en personas de 60 anos o mas,2006-10-01,33,54,33,54,87
BOLIVAR,consulta externa,repetidas en personas de 60 anos o mas,2006-10-01,0,1,0,1,1
BOLPEBRA,consulta externa,repetidas en personas de 60 anos o mas,2006-10-01,0,1,0,1,1
BOYUIBE,consulta externa,repetidas en personas de 60 anos o mas,2006-10-01,1,1,1,1,2
BUENA VISTA,consulta externa,repetidas en personas de 60 anos o mas,2006-10-01,44,41,44,41,85
CABEZAS,consulta externa,repetidas en personas de 60 anos o mas,2006-10-01,25,23,25,23,48
CAIROMA,consulta externa,repetidas en personas de 60 anos o mas,2006-10-01,8,7,8,7,15
"CAIZA ""D""",consulta externa,repetidas en personas de 60 anos o mas,2006-10-01,3,7,3,7,10
CAJUATA,consulta externa,repetidas en personas de 60 anos o mas,2006-10-01,0,1,0,1,1
CALACOTO,consulta externa,repetidas en personas de 60 anos o mas,2006-10-01,1,1,1,1,2
CALAMARCA,consulta externa,repetidas en personas de 60 anos o mas,2006-10-01,4,1,4,1,5
CAMARGO,consulta externa,repetidas en personas de 60 anos o mas,2006-10-01,22,44,22,44,66
CAMATAQUI (C. VILLA ABECIA),consulta externa,repetidas en personas de 60 anos o mas,2006-10-01,2,0,2,0,2
CAMIRI,consulta externa,repetidas en personas de 60 anos o mas,2006-10-01,61,110,61,110,171
CAPINOTA,consulta externa,repetidas en personas de 60 anos o mas,2006-10-01,29,20,29,20,49
CAQUIAVIRI,consulta externa,repetidas en personas de 60 anos o mas,2006-10-01,1,7,1,7,8
CARACOLLO,consulta externa,repetidas en personas de 60 anos o mas,2006-10-01,20,14,20,14,34
CARANAVI,consulta externa,repetidas en personas de 60 anos o mas,2006-10-01,27,10,27,10,37
CARAPARI,consulta externa,repetidas en personas de 60 anos o mas,2006-10-01,2,3,2,3,5
CHALLAPATA,consulta externa,repetidas en personas de 60 anos o mas,2006-10-01,14,10,14,10,24
CHAQUI,consulta externa,repetidas en personas de 60 anos o mas,2006-10-01,2,5,2,5,7
CHARAGUA,consulta externa,repetidas en personas de 60 anos o mas,2006-10-01,7,6,7,6,13
CHAYANTA,consulta externa,repetidas en personas de 60 anos o mas,2006-10-01,4,10,4,10,14
CHIMORE,consulta externa,repetidas en personas de 60 anos o mas,2006-10-01,0,1,0,1,1
CHULUMANI (V. DE LA LIBERTAD),consulta externa,repetidas en personas de 60 anos o mas,2006-10-01,17,5,17,5,22
CHUMA,consulta externa,repetidas en personas de 60 anos o mas,2006-10-01,1,6,1,6,7
CLIZA,consulta externa,repetidas en personas de 60 anos o mas,2006-10-01,2,9,2,9,11
COBIJA,consulta externa,repetidas en personas de 60 anos o mas,2006-10-01,3,2,3,2,5
COCHABAMBA,consulta externa,repetidas en personas de 60 anos o mas,2006-10-01,5983,7988,5983,7988,13971
COLCAPIRHUA,consulta externa,repetidas en personas de 60 anos o mas,2006-10-01,48,98,48,98,146
"COLCHA ""K""",consulta externa,repetidas en personas de 60 anos o mas,2006-10-01,16,8,16,8,24
COLOMI,consulta externa,repetidas en personas de 60 anos o mas,2006-10-01,2,3,2,3,5
COLPA BELGICA,consulta externa,repetidas en personas de 60 anos o mas,2006-10-01,13,21,13,21,34
COLQUECHACA,consulta externa,repetidas en personas de 60 anos o mas,2006-10-01,8,9,8,9,17
COLQUENCHA,consulta externa,repetidas en personas de 60 anos o mas,2006-10-01,4,6,4,6,10
COLQUIRI,consulta externa,repetidas en personas de 60 anos o mas,2006-10-01,18,7,18,7,25
COMARAPA,consulta externa,repetidas en personas de 60 anos o mas,2006-10-01,11,14,11,14,25
COMBAYA,consulta externa,repetidas en personas de 60 anos o mas,2006-10-01,2,2,2,2,4
CONCEPCION,consulta externa,repetidas en personas de 60 anos o mas,2006-10-01,5,4,5,4,9
COPACABANA,consulta externa,repetidas en personas de 60 anos o mas,2006-10-01,0,3,0,3,3
CORIPATA,consulta externa,repetidas en personas de 60 anos o mas,2006-10-01,1,2,1,2,3
CORO CORO,consulta externa,repetidas en personas de 60 anos o mas,2006-10-01,2,3,2,3,5
COROICO,consulta externa,repetidas en personas de 60 anos o mas,2006-10-01,45,58,45,58,103
CORQUE,consulta externa,repetidas en personas de 60 anos o mas,2006-10-01,24,7,24,7,31
COTAGAITA,consulta externa,repetidas en personas de 60 anos o mas,2006-10-01,16,21,16,21,37
COTOCA,consulta externa,repetidas en personas de 60 anos o mas,2006-10-01,43,38,43,38,81
CUATRO CAÑADAS,consulta externa,repetidas en personas de 60 anos o mas,2006-10-01,4,4,4,4,8
CUCHUMUELA (V. G. VILLARROEL),consulta externa,repetidas en personas de 60 anos o mas,2006-10-01,1,0,1,0,1
CUEVO,consulta externa,repetidas en personas de 60 anos o mas,2006-10-01,1,6,1,6,7
CULPINA,consulta externa,repetidas en personas de 60 anos o mas,2006-10-01,4,5,4,5,9
CURAHUARA DE CARANGAS,consulta externa,repetidas en personas de 60 anos o mas,2006-10-01,17,18,17,18,35
CURVA,consulta externa,repetidas en personas de 60 anos o mas,2006-10-01,1,1,1,1,2
DESAGUADERO,consulta externa,repetidas en personas de 60 anos o mas,2006-10-01,5,14,5,14,19
EL ALTO,consulta externa,repetidas en personas de 60 anos o mas,2006-10-01,609,751,609,751,1360
EL CHORO,consulta externa,repetidas en personas de 60 anos o mas,2006-10-01,7,6,7,6,13
EL PUENTE(STC),consulta externa,repetidas en personas de 60 anos o mas,2006-10-01,0,1,0,1,1
EL PUENTE(TJA),consulta externa,repetidas en personas de 60 anos o mas,2006-10-01,2,2,2,2,4
EL TORNO,consulta externa,repetidas en personas de 60 anos o mas,2006-10-01,121,126,121,126,247
EL VILLAR,consulta externa,repetidas en personas de 60 anos o mas,2006-10-01,0,4,0,4,4
ENTRE RIOS,consulta externa,repetidas en personas de 60 anos o mas,2006-10-01,6,18,6,18,24
ENTRE RIOS,consulta externa,repetidas en personas de 60 anos o mas,2006-10-01,3,4,3,4,7
ESMERALDA,consulta externa,repetidas en personas de 60 anos o mas,2006-10-01,1,0,1,0,1
EUCALIPTUS,consulta externa,repetidas en personas de 60 anos o mas,2006-10-01,6,11,6,11,17
FERNANDEZ ALONSO,consulta externa,repetidas en personas de 60 anos o mas,2006-10-01,2,1,2,1,3
GENERAL SAAVEDRA,consulta externa,repetidas en personas de 60 anos o mas,2006-10-01,0,1,0,1,1
GRAL. J.J. PEREZ (CHARAZANI),consulta externa,repetidas en personas de 60 anos o mas,2006-10-01,0,2,0,2,2
GUANAY,consulta externa,repetidas en personas de 60 anos o mas,2006-10-01,8,11,8,11,19
GUAQUI,consulta externa,repetidas en personas de 60 anos o mas,2006-10-01,9,2,9,2,11
GUAYARAMERIN,consulta externa,repetidas en personas de 60 anos o mas,2006-10-01,108,110,108,110,218
GUTIERREZ,consulta externa,repetidas en personas de 60 anos o mas,2006-10-01,6,6,6,6,12
HUACARETA,consulta externa,repetidas en personas de 60 anos o mas,2006-10-01,6,13,6,13,19
HUACHACALLA,consulta externa,repetidas en personas de 60 anos o mas,2006-10-01,6,0,6,0,6
HUARACAJE,consulta externa,repetidas en personas de 60 anos o mas,2006-10-01,5,6,5,6,11
HUAYLLAMARCA,consulta externa,repetidas en personas de 60 anos o mas,2006-10-01,1,3,1,3,4
ICHOCA,consulta externa,repetidas en personas de 60 anos o mas,2006-10-01,1,0,1,0,1
ICLA,consulta externa,repetidas en personas de 60 anos o mas,2006-10-01,1,3,1,3,4
INCAHUASI,consulta externa,repetidas en personas de 60 anos o mas,2006-10-01,1,2,1,2,3
INGAVI (HUMAITA),consulta externa,repetidas en personas de 60 anos o mas,2006-10-01,0,1,0,1,1
INQUISIVI,consulta externa,repetidas en personas de 60 anos o mas,2006-10-01,4,3,4,3,7
IRUPANA (VILLA DE LANZA),consulta externa,repetidas en personas de 60 anos o mas,2006-10-01,13,47,13,47,60
IXIAMAS,consulta externa,repetidas en personas de 60 anos o mas,2006-10-01,3,5,3,5,8
JESUS DE MACHACA,consulta externa,repetidas en personas de 60 anos o mas,2006-10-01,2,5,2,5,7
LA ASUNTA,consulta externa,repetidas en personas de 60 anos o mas,2006-10-01,1,1,1,1,2
LA GUARDIA,consulta externa,repetidas en personas de 60 anos o mas,2006-10-01,1,10,1,10,11
LA PAZ,consulta externa,repetidas en personas de 60 anos o mas,2006-10-01,9775,12969,9775,12969,22744
LAGUNILLAS,consulta externa,repetidas en personas de 60 anos o mas,2006-10-01,0,1,0,1,1
LAJA,consulta externa,repetidas en personas de 60 anos o mas,2006-10-01,7,1,7,1,8
LAS CARRERAS,consulta externa,repetidas en personas de 60 anos o mas,2006-10-01,12,21,12,21,33
LICOMA PAMPA,consulta externa,repetidas en personas de 60 anos o mas,2006-10-01,2,5,2,5,7
LLALLAGUA,consulta externa,repetidas en personas de 60 anos o mas,2006-10-01,67,72,67,72,139
LLICA,consulta externa,repetidas en personas de 60 anos o mas,2006-10-01,6,12,6,12,18
LORETO,consulta externa,repetidas en personas de 60 anos o mas,2006-10-01,2,2,2,2,4
LURIBAY,consulta externa,repetidas en personas de 60 anos o mas,2006-10-01,6,13,6,13,19
MACHARETI,consulta externa,repetidas en personas de 60 anos o mas,2006-10-01,9,6,9,6,15
MAGDALENA,consulta externa,repetidas en personas de 60 anos o mas,2006-10-01,100,82,100,82,182
MAIRANA,consulta externa,repetidas en personas de 60 anos o mas,2006-10-01,1,0,1,0,1
MAPIRI,consulta externa,repetidas en personas de 60 anos o mas,2006-10-01,1,0,1,0,1
MECAPACA,consulta externa,repetidas en personas de 60 anos o mas,2006-10-01,14,7,14,7,21
MINEROS,consulta externa,repetidas en personas de 60 anos o mas,2006-10-01,0,1,0,1,1
MIZQUE,consulta externa,repetidas en personas de 60 anos o mas,2006-10-01,2,0,2,0,2
MOCOMOCO,consulta externa,repetidas en personas de 60 anos o mas,2006-10-01,4,15,4,15,19
MOJINETE,consulta externa,repetidas en personas de 60 anos o mas,2006-10-01,1,0,1,0,1
MOJOCOYA,consulta externa,repetidas en personas de 60 anos o mas,2006-10-01,3,4,3,4,7
MONTEAGUDO,consulta externa,repetidas en personas de 60 anos o mas,2006-10-01,116,120,116,120,236
MONTERO,consulta externa,repetidas en personas de 60 anos o mas,2006-10-01,270,489,270,489,759
MORO MORO,consulta externa,repetidas en personas de 60 anos o mas,2006-10-01,1,3,1,3,4
MOROCHATA,consulta externa,repetidas en personas de 60 anos o mas,2006-10-01,17,21,17,21,38
NACEBE (SANTA ROSA DEL ABUNA),consulta externa,repetidas en personas de 60 anos o mas,2006-10-01,2,1,2,1,3
OKINAWA,consulta externa,repetidas en personas de 60 anos o mas,2006-10-01,6,6,6,6,12
OMEREQUE,consulta externa,repetidas en personas de 60 anos o mas,2006-10-01,1,1,1,1,2
ORURO,consulta externa,repetidas en personas de 60 anos o mas,2006-10-01,1770,2022,1770,2022,3792
PADCAYA,consulta externa,repetidas en personas de 60 anos o mas,2006-10-01,11,15,11,15,26
PADILLA,consulta externa,repetidas en personas de 60 anos o mas,2006-10-01,7,27,7,27,34
PAILON,consulta externa,repetidas en personas de 60 anos o mas,2006-10-01,0,1,0,1,1
PALCA,consulta externa,repetidas en personas de 60 anos o mas,2006-10-01,1,1,1,1,2
PALOS BLANCOS,consulta externa,repetidas en personas de 60 anos o mas,2006-10-01,10,1,10,1,11
PAMPA AULLAGAS,consulta externa,repetidas en personas de 60 anos o mas,2006-10-01,1,0,1,0,1
PAMPA GRANDE,consulta externa,repetidas en personas de 60 anos o mas,2006-10-01,2,2,2,2,4
PAPEL PAMPA,consulta externa,repetidas en personas de 60 anos o mas,2006-10-01,1,0,1,0,1
PASORAPA,consulta externa,repetidas en personas de 60 anos o mas,2006-10-01,0,2,0,2,2
PATACAMAYA,consulta externa,repetidas en personas de 60 anos o mas,2006-10-01,1,1,1,1,2
PAZÑA,consulta externa,repetidas en personas de 60 anos o mas,2006-10-01,17,25,17,25,42
POCOATA,consulta externa,repetidas en personas de 60 anos o mas,2006-10-01,4,6,4,6,10
POCONA,consulta externa,repetidas en personas de 60 anos o mas,2006-10-01,1,0,1,0,1
POOPO,consulta externa,repetidas en personas de 60 anos o mas,2006-10-01,9,14,9,14,23
PORCO,consulta externa,repetidas en personas de 60 anos o mas,2006-10-01,0,10,0,10,10
POROMA,consulta externa,repetidas en personas de 60 anos o mas,2006-10-01,5,7,5,7,12
PORTACHUELO,consulta externa,repetidas en personas de 60 anos o mas,2006-10-01,17,24,17,24,41
PORVENIR,consulta externa,repetidas en personas de 60 anos o mas,2006-10-01,5,2,5,2,7
POSTRER VALLE,consulta externa,repetidas en personas de 60 anos o mas,2006-10-01,1,1,1,1,2
POTOSI,consulta externa,repetidas en personas de 60 anos o mas,2006-10-01,991,1354,991,1354,2345
PUCARA,consulta externa,repetidas en personas de 60 anos o mas,2006-10-01,0,3,0,3,3
PUCARANI,consulta externa,repetidas en personas de 60 anos o mas,2006-10-01,9,6,9,6,15
PUERTO ACOSTA,consulta externa,repetidas en personas de 60 anos o mas,2006-10-01,18,11,18,11,29
PUERTO CARABUCO,consulta externa,repetidas en personas de 60 anos o mas,2006-10-01,10,9,10,9,19
PUERTO GONZALO MORENO,consulta externa,repetidas en personas de 60 anos o mas,2006-10-01,1,3,1,3,4
PUERTO PEREZ,consulta externa,repetidas en personas de 60 anos o mas,2006-10-01,6,6,6,6,12
PUERTO QUIJARRO,consulta externa,repetidas en personas de 60 anos o mas,2006-10-01,3,7,3,7,10
PUERTO RICO,consulta externa,repetidas en personas de 60 anos o mas,2006-10-01,2,0,2,0,2
PUERTO SUAREZ,consulta externa,repetidas en personas de 60 anos o mas,2006-10-01,14,11,14,11,25
PUERTO VILLARROEL,consulta externa,repetidas en personas de 60 anos o mas,2006-10-01,1,3,1,3,4
PUNA,consulta externa,repetidas en personas de 60 anos o mas,2006-10-01,8,10,8,10,18
PUNATA,consulta externa,repetidas en personas de 60 anos o mas,2006-10-01,128,176,128,176,304
QUIABAYA,consulta externa,repetidas en personas de 60 anos o mas,2006-10-01,0,4,0,4,4
QUILLACOLLO,consulta externa,repetidas en personas de 60 anos o mas,2006-10-01,18,28,18,28,46
QUIME,consulta externa,repetidas en personas de 60 anos o mas,2006-10-01,2,1,2,1,3
REYES,consulta externa,repetidas en personas de 60 anos o mas,2006-10-01,43,54,43,54,97
RIBERALTA,consulta externa,repetidas en personas de 60 anos o mas,2006-10-01,32,42,32,42,74
ROBORE,consulta externa,repetidas en personas de 60 anos o mas,2006-10-01,43,58,43,58,101
RURRENABAQUE,consulta externa,repetidas en personas de 60 anos o mas,2006-10-01,107,80,107,80,187
SABAYA,consulta externa,repetidas en personas de 60 anos o mas,2006-10-01,0,5,0,5,5
SACABA,consulta externa,repetidas en personas de 60 anos o mas,2006-10-01,85,149,85,149,234
SACABAMBA,consulta externa,repetidas en personas de 60 anos o mas,2006-10-01,2,0,2,0,2
SACACA,consulta externa,repetidas en personas de 60 anos o mas,2006-10-01,2,2,2,2,4
SAIPINA,consulta externa,repetidas en personas de 60 anos o mas,2006-10-01,53,85,53,85,138
SALINAS DE GARCI MENDOZA,consulta externa,repetidas en personas de 60 anos o mas,2006-10-01,9,10,9,10,19
SAMAIPATA,consulta externa,repetidas en personas de 60 anos o mas,2006-10-01,1,2,1,2,3
SAN AGUSTIN,consulta externa,repetidas en personas de 60 anos o mas,2006-10-01,4,4,4,4,8
SAN ANDRES,consulta externa,repetidas en personas de 60 anos o mas,2006-10-01,3,2,3,2,5
SAN ANDRES DE MACHACA,consulta externa,repetidas en personas de 60 anos o mas,2006-10-01,2,8,2,8,10
SAN ANTONIO DE ESMORUCO,consulta externa,repetidas en personas de 60 anos o mas,2006-10-01,3,1,3,1,4
SAN ANTONIO DE LOMERIO,consulta externa,repetidas en personas de 60 anos o mas,2006-10-01,1,1,1,1,2
SAN BENITO,consulta externa,repetidas en personas de 60 anos o mas,2006-10-01,6,15,6,15,21
SAN BORJA,consulta externa,repetidas en personas de 60 anos o mas,2006-10-01,48,33,48,33,81
SAN BUENA VENTURA,consulta externa,repetidas en personas de 60 anos o mas,2006-10-01,7,2,7,2,9
SAN CARLOS,consulta externa,repetidas en personas de 60 anos o mas,2006-10-01,23,21,23,21,44
SAN IGNACIO,consulta externa,repetidas en personas de 60 anos o mas,2006-10-01,61,78,61,78,139
SAN IGNACIO DE VELASCO,consulta externa,repetidas en personas de 60 anos o mas,2006-10-01,25,42,25,42,67
SAN JAVIER(BNI),consulta externa,repetidas en personas de 60 anos o mas,2006-10-01,1,0,1,0,1
SAN JAVIER(STC),consulta externa,repetidas en personas de 60 anos o mas,2006-10-01,9,12,9,12,21
SAN JOAQUIN,consulta externa,repetidas en personas de 60 anos o mas,2006-10-01,4,9,4,9,13
SAN JOSE DE CHIQUITOS,consulta externa,repetidas en personas de 60 anos o mas,2006-10-01,1,4,1,4,5
SAN JUAN DE YAPACANI,consulta externa,repetidas en personas de 60 anos o mas,2006-10-01,12,30,12,30,42
SAN JULIAN,consulta externa,repetidas en personas de 60 anos o mas,2006-10-01,11,13,11,13,24
SAN LORENZO(TJA),consulta externa,repetidas en personas de 60 anos o mas,2006-10-01,5,14,5,14,19
SAN LUCAS,consulta externa,repetidas en personas de 60 anos o mas,2006-10-01,30,44,30,44,74
SAN MIGUEL DE VELASCO,consulta externa,repetidas en personas de 60 anos o mas,2006-10-01,30,53,30,53,83
SAN PABLO DE LIPEZ,consulta externa,repetidas en personas de 60 anos o mas,2006-10-01,1,1,1,1,2
SAN PEDRO,consulta externa,repetidas en personas de 60 anos o mas,2006-10-01,7,6,7,6,13
SAN PEDRO DE CURAHUARA,consulta externa,repetidas en personas de 60 anos o mas,2006-10-01,0,5,0,5,5
SAN PEDRO DE TIQUINA,consulta externa,repetidas en personas de 60 anos o mas,2006-10-01,9,5,9,5,14
SAN RAFAEL,consulta externa,repetidas en personas de 60 anos o mas,2006-10-01,1,0,1,0,1
SAN RAMON,consulta externa,repetidas en personas de 60 anos o mas,2006-10-01,30,30,30,30,60
SAN RAMON,consulta externa,repetidas en personas de 60 anos o mas,2006-10-01,3,11,3,11,14
SANTA ANA,consulta externa,repetidas en personas de 60 anos o mas,2006-10-01,77,117,77,117,194
SANTA CRUZ DE LA SIERRA,consulta externa,repetidas en personas de 60 anos o mas,2006-10-01,3288,5563,3288,5563,8851
SANTA ROSA DEL SARA,consulta externa,repetidas en personas de 60 anos o mas,2006-10-01,4,4,4,4,8
SANTIAGO DE CALLAPA,consulta externa,repetidas en personas de 60 anos o mas,2006-10-01,0,1,0,1,1
SANTIAGO DE HUARI,consulta externa,repetidas en personas de 60 anos o mas,2006-10-01,42,40,42,40,82
SANTIAGO DE MACHACA,consulta externa,repetidas en personas de 60 anos o mas,2006-10-01,3,1,3,1,4
SANTIVAÑES,consulta externa,repetidas en personas de 60 anos o mas,2006-10-01,4,7,4,7,11
SANTUARIO DE QUILLACAS,consulta externa,repetidas en personas de 60 anos o mas,2006-10-01,1,2,1,2,3
SICA SICA (VILLA AROMA),consulta externa,repetidas en personas de 60 anos o mas,2006-10-01,8,5,8,5,13
SICAYA,consulta externa,repetidas en personas de 60 anos o mas,2006-10-01,2,6,2,6,8
SIPE SIPE,consulta externa,repetidas en personas de 60 anos o mas,2006-10-01,14,24,14,24,38
SOPACHUY,consulta externa,repetidas en personas de 60 anos o mas,2006-10-01,0,4,0,4,4
SORACACHI,consulta externa,repetidas en personas de 60 anos o mas,2006-10-01,1,2,1,2,3
SORATA,consulta externa,repetidas en personas de 60 anos o mas,2006-10-01,2,1,2,1,3
SUCRE,consulta externa,repetidas en personas de 60 anos o mas,2006-10-01,1589,2535,1589,2535,4124
TACACHI,consulta externa,repetidas en personas de 60 anos o mas,2006-10-01,3,5,3,5,8
TACOPAYA,consulta externa,repetidas en personas de 60 anos o mas,2006-10-01,1,5,1,5,6
TAHUA,consulta externa,repetidas en personas de 60 anos o mas,2006-10-01,2,0,2,0,2
TAPACARI,consulta externa,repetidas en personas de 60 anos o mas,2006-10-01,1,5,1,5,6
TARABUCO,consulta externa,repetidas en personas de 60 anos o mas,2006-10-01,22,37,22,37,59
TARACO,consulta externa,repetidas en personas de 60 anos o mas,2006-10-01,3,6,3,6,9
TARATA,consulta externa,repetidas en personas de 60 anos o mas,2006-10-01,2,2,2,2,4
TARIJA,consulta externa,repetidas en personas de 60 anos o mas,2006-10-01,1485,2234,1485,2234,3719
TARVITA,consulta externa,repetidas en personas de 60 anos o mas,2006-10-01,5,3,5,3,8
TEOPONTE,consulta externa,repetidas en personas de 60 anos o mas,2006-10-01,12,14,12,14,26
TINGUIPAYA,consulta externa,repetidas en personas de 60 anos o mas,2006-10-01,2,1,2,1,3
TIQUIPAYA,consulta externa,repetidas en personas de 60 anos o mas,2006-10-01,7,7,7,7,14
TIRAQUE (CBBA),consulta externa,repetidas en personas de 60 anos o mas,2006-10-01,15,16,15,16,31
TITO YUPANQUI (PARQUIPUJIO),consulta externa,repetidas en personas de 60 anos o mas,2006-10-01,1,3,1,3,4
TOCO,consulta externa,repetidas en personas de 60 anos o mas,2006-10-01,0,1,0,1,1
TOLATA,consulta externa,repetidas en personas de 60 anos o mas,2006-10-01,3,2,3,2,5
TOLEDO,consulta externa,repetidas en personas de 60 anos o mas,2006-10-01,5,5,5,5,10
TOMAVE,consulta externa,repetidas en personas de 60 anos o mas,2006-10-01,1,8,1,8,9
TOMINA,consulta externa,repetidas en personas de 60 anos o mas,2006-10-01,1,2,1,2,3
TORO TORO,consulta externa,repetidas en personas de 60 anos o mas,2006-10-01,0,4,0,4,4
TOTORA(CBBA),consulta externa,repetidas en personas de 60 anos o mas,2006-10-01,13,13,13,13,26
TOTORA(ORR),consulta externa,repetidas en personas de 60 anos o mas,2006-10-01,1,1,1,1,2
TRINIDAD,consulta externa,repetidas en personas de 60 anos o mas,2006-10-01,147,137,147,137,284
TUPIZA,consulta externa,repetidas en personas de 60 anos o mas,2006-10-01,48,53,48,53,101
UMALA,consulta externa,repetidas en personas de 60 anos o mas,2006-10-01,1,1,1,1,2
UNCIA,consulta externa,repetidas en personas de 60 anos o mas,2006-10-01,5,4,5,4,9
URIONDO (A. CONCEPCION),consulta externa,repetidas en personas de 60 anos o mas,2006-10-01,33,31,33,31,64
URUBICHA,consulta externa,repetidas en personas de 60 anos o mas,2006-10-01,0,1,0,1,1
UYUNI,consulta externa,repetidas en personas de 60 anos o mas,2006-10-01,56,49,56,49,105
VACAS,consulta externa,repetidas en personas de 60 anos o mas,2006-10-01,10,41,10,41,51
VALLEGRANDE,consulta externa,repetidas en personas de 60 anos o mas,2006-10-01,258,371,258,371,629
VIACHA,consulta externa,repetidas en personas de 60 anos o mas,2006-10-01,144,138,144,138,282
VILA VILA,consulta externa,repetidas en personas de 60 anos o mas,2006-10-01,1,0,1,0,1
VILLA MONTES,consulta externa,repetidas en personas de 60 anos o mas,2006-10-01,100,97,100,97,197
VILLA NUEVA (LOMA ALTA),consulta externa,repetidas en personas de 60 anos o mas,2006-10-01,1,2,1,2,3
VILLA RIVERO,consulta externa,repetidas en personas de 60 anos o mas,2006-10-01,7,4,7,4,11
VILLA SERRANO,consulta externa,repetidas en personas de 60 anos o mas,2006-10-01,2,1,2,1,3
VILLA TUNARI,consulta externa,repetidas en personas de 60 anos o mas,2006-10-01,48,51,48,51,99
VILLA VACA GUZMAN (MUYUPAMPA),consulta externa,repetidas en personas de 60 anos o mas,2006-10-01,4,2,4,2,6
VILLAZON,consulta externa,repetidas en personas de 60 anos o mas,2006-10-01,111,148,111,148,259
VINTO,consulta externa,repetidas en personas de 60 anos o mas,2006-10-01,13,29,13,29,42
VITICHI,consulta externa,repetidas en personas de 60 anos o mas,2006-10-01,11,5,11,5,16
WALDO BALLIVIAN,consulta externa,repetidas en personas de 60 anos o mas,2006-10-01,1,4,1,4,5
WARNES,consulta externa,repetidas en personas de 60 anos o mas,2006-10-01,3,7,3,7,10
YACUIBA,consulta externa,repetidas en personas de 60 anos o mas,2006-10-01,206,334,206,334,540
YAMPARAEZ,consulta externa,repetidas en personas de 60 anos o mas,2006-10-01,8,8,8,8,16
YANACACHI,consulta externa,repetidas en personas de 60 anos o mas,2006-10-01,4,1,4,1,5
YAPACANI,consulta externa,repetidas en personas de 60 anos o mas,2006-10-01,3,11,3,11,14
YOCALLA,consulta externa,repetidas en personas de 60 anos o mas,2006-10-01,4,2,4,2,6
YOTALA,consulta externa,repetidas en personas de 60 anos o mas,2006-10-01,3,7,3,7,10
YUNCHARA,consulta externa,repetidas en personas de 60 anos o mas,2006-10-01,15,14,15,14,29
ZUDAÑEZ,consulta externa,repetidas en personas de 60 anos o mas,2006-10-01,6,8,6,8,14
ACACIO,consulta externa,repetidas en personas de 60 anos o mas,2006-11-01,1,1,1,1,2
ACHACACHI,consulta externa,repetidas en personas de 60 anos o mas,2006-11-01,22,34,22,34,56
ACHOCALLA,consulta externa,repetidas en personas de 60 anos o mas,2006-11-01,1,2,1,2,3
AIQUILE,consulta externa,repetidas en personas de 60 anos o mas,2006-11-01,37,53,37,53,90
ALCALA,consulta externa,repetidas en personas de 60 anos o mas,2006-11-01,0,2,0,2,2
ANCORAIMES,consulta externa,repetidas en personas de 60 anos o mas,2006-11-01,3,21,3,21,24
ANDAMARCA,consulta externa,repetidas en personas de 60 anos o mas,2006-11-01,8,6,8,6,14
ANZALDO,consulta externa,repetidas en personas de 60 anos o mas,2006-11-01,1,1,1,1,2
APOLO,consulta externa,repetidas en personas de 60 anos o mas,2006-11-01,9,12,9,12,21
ARANI,consulta externa,repetidas en personas de 60 anos o mas,2006-11-01,4,3,4,3,7
ARBIETO,consulta externa,repetidas en personas de 60 anos o mas,2006-11-01,7,9,7,9,16
ARQUE,consulta externa,repetidas en personas de 60 anos o mas,2006-11-01,1,1,1,1,2
ASCENCION DE GUARAYOS,consulta externa,repetidas en personas de 60 anos o mas,2006-11-01,2,1,2,1,3
ATOCHA,consulta externa,repetidas en personas de 60 anos o mas,2006-11-01,9,47,9,47,56
AUCAPATA,consulta externa,repetidas en personas de 60 anos o mas,2006-11-01,4,2,4,2,6
AYATA,consulta externa,repetidas en personas de 60 anos o mas,2006-11-01,1,2,1,2,3
AYO AYO,consulta externa,repetidas en personas de 60 anos o mas,2006-11-01,0,1,0,1,1
AYOPAYA (V. DE INDEPENDENCIA),consulta externa,repetidas en personas de 60 anos o mas,2006-11-01,2,4,2,4,6
AZURDUY,consulta externa,repetidas en personas de 60 anos o mas,2006-11-01,0,1,0,1,1
BATALLAS,consulta externa,repetidas en personas de 60 anos o mas,2006-11-01,8,8,8,8,16
BAURES,consulta externa,repetidas en personas de 60 anos o mas,2006-11-01,13,9,13,9,22
BELEN DE URMIRI,consulta externa,repetidas en personas de 60 anos o mas,2006-11-01,6,0,6,0,6
BELLA FLOR,consulta externa,repetidas en personas de 60 anos o mas,2006-11-01,1,2,1,2,3
BERMEJO,consulta externa,repetidas en personas de 60 anos o mas,2006-11-01,44,67,44,67,111
BETANZOS,consulta externa,repetidas en personas de 60 anos o mas,2006-11-01,47,70,47,70,117
BOLIVAR,consulta externa,repetidas en personas de 60 anos o mas,2006-11-01,3,0,3,0,3
BUENA VISTA,consulta externa,repetidas en personas de 60 anos o mas,2006-11-01,46,31,46,31,77
CABEZAS,consulta externa,repetidas en personas de 60 anos o mas,2006-11-01,30,36,30,36,66
CAIROMA,consulta externa,repetidas en personas de 60 anos o mas,2006-11-01,12,5,12,5,17
"CAIZA ""D""",consulta externa,repetidas en personas de 60 anos o mas,2006-11-01,4,3,4,3,7
CAJUATA,consulta externa,repetidas en personas de 60 anos o mas,2006-11-01,1,2,1,2,3
CALACOTO,consulta externa,repetidas en personas de 60 anos o mas,2006-11-01,3,2,3,2,5
CALAMARCA,consulta externa,repetidas en personas de 60 anos o mas,2006-11-01,2,9,2,9,11
CAMARGO,consulta externa,repetidas en personas de 60 anos o mas,2006-11-01,13,20,13,20,33
CAMATAQUI (C. VILLA ABECIA),consulta externa,repetidas en personas de 60 anos o mas,2006-11-01,1,3,1,3,4
CAMIRI,consulta externa,repetidas en personas de 60 anos o mas,2006-11-01,93,134,93,134,227
CAPINOTA,consulta externa,repetidas en personas de 60 anos o mas,2006-11-01,26,25,26,25,51
CAQUIAVIRI,consulta externa,repetidas en personas de 60 anos o mas,2006-11-01,6,0,6,0,6
CARACOLLO,consulta externa,repetidas en personas de 60 anos o mas,2006-11-01,28,15,28,15,43
CARANAVI,consulta externa,repetidas en personas de 60 anos o mas,2006-11-01,22,10,22,10,32
CARAPARI,consulta externa,repetidas en personas de 60 anos o mas,2006-11-01,1,1,1,1,2
CARIPUYO,consulta externa,repetidas en personas de 60 anos o mas,2006-11-01,0,1,0,1,1
CHALLAPATA,consulta externa,repetidas en personas de 60 anos o mas,2006-11-01,10,5,10,5,15
CHAQUI,consulta externa,repetidas en personas de 60 anos o mas,2006-11-01,0,2,0,2,2
CHARAGUA,consulta externa,repetidas en personas de 60 anos o mas,2006-11-01,4,5,4,5,9
CHARAÑA,consulta externa,repetidas en personas de 60 anos o mas,2006-11-01,2,1,2,1,3
CHAYANTA,consulta externa,repetidas en personas de 60 anos o mas,2006-11-01,3,10,3,10,13
CHIMORE,consulta externa,repetidas en personas de 60 anos o mas,2006-11-01,1,1,1,1,2
CHOQUE COTA,consulta externa,repetidas en personas de 60 anos o mas,2006-11-01,4,5,4,5,9
CHULUMANI (V. DE LA LIBERTAD),consulta externa,repetidas en personas de 60 anos o mas,2006-11-01,20,15,20,15,35
CHUMA,consulta externa,repetidas en personas de 60 anos o mas,2006-11-01,3,1,3,1,4
CLIZA,consulta externa,repetidas en personas de 60 anos o mas,2006-11-01,13,15,13,15,28
COBIJA,consulta externa,repetidas en personas de 60 anos o mas,2006-11-01,3,0,3,0,3
COCHABAMBA,consulta externa,repetidas en personas de 60 anos o mas,2006-11-01,6267,7699,6267,7699,13966
COLCAPIRHUA,consulta externa,repetidas en personas de 60 anos o mas,2006-11-01,44,97,44,97,141
"COLCHA ""K""",consulta externa,repetidas en personas de 60 anos o mas,2006-11-01,6,8,6,8,14
COLLANA,consulta externa,repetidas en personas de 60 anos o mas,2006-11-01,2,0,2,0,2
COLOMI,consulta externa,repetidas en personas de 60 anos o mas,2006-11-01,1,1,1,1,2
COLPA BELGICA,consulta externa,repetidas en personas de 60 anos o mas,2006-11-01,8,17,8,17,25
COLQUECHACA,consulta externa,repetidas en personas de 60 anos o mas,2006-11-01,7,10,7,10,17
COLQUENCHA,consulta externa,repetidas en personas de 60 anos o mas,2006-11-01,5,5,5,5,10
COLQUIRI,consulta externa,repetidas en personas de 60 anos o mas,2006-11-01,24,29,24,29,53
COMANCHE,consulta externa,repetidas en personas de 60 anos o mas,2006-11-01,1,0,1,0,1
COMARAPA,consulta externa,repetidas en personas de 60 anos o mas,2006-11-01,6,11,6,11,17
CONCEPCION,consulta externa,repetidas en personas de 60 anos o mas,2006-11-01,0,1,0,1,1
COPACABANA,consulta externa,repetidas en personas de 60 anos o mas,2006-11-01,1,1,1,1,2
CORIPATA,consulta externa,repetidas en personas de 60 anos o mas,2006-11-01,4,4,4,4,8
CORO CORO,consulta externa,repetidas en personas de 60 anos o mas,2006-11-01,2,1,2,1,3
COROICO,consulta externa,repetidas en personas de 60 anos o mas,2006-11-01,65,57,65,57,122
CORQUE,consulta externa,repetidas en personas de 60 anos o mas,2006-11-01,22,17,22,17,39
COTAGAITA,consulta externa,repetidas en personas de 60 anos o mas,2006-11-01,11,26,11,26,37
COTOCA,consulta externa,repetidas en personas de 60 anos o mas,2006-11-01,61,59,61,59,120
CUATRO CAÑADAS,consulta externa,repetidas en personas de 60 anos o mas,2006-11-01,3,3,3,3,6
CUCHUMUELA (V. G. VILLARROEL),consulta externa,repetidas en personas de 60 anos o mas,2006-11-01,2,0,2,0,2
CUEVO,consulta externa,repetidas en personas de 60 anos o mas,2006-11-01,1,2,1,2,3
CULPINA,consulta externa,repetidas en personas de 60 anos o mas,2006-11-01,2,4,2,4,6
CURAHUARA DE CARANGAS,consulta externa,repetidas en personas de 60 anos o mas,2006-11-01,3,2,3,2,5
CURVA,consulta externa,repetidas en personas de 60 anos o mas,2006-11-01,1,0,1,0,1
DESAGUADERO,consulta externa,repetidas en personas de 60 anos o mas,2006-11-01,6,3,6,3,9
EL ALTO,consulta externa,repetidas en personas de 60 anos o mas,2006-11-01,803,1103,803,1103,1906
EL CHORO,consulta externa,repetidas en personas de 60 anos o mas,2006-11-01,2,0,2,0,2
EL PUENTE(STC),consulta externa,repetidas en personas de 60 anos o mas,2006-11-01,1,0,1,0,1
EL PUENTE(TJA),consulta externa,repetidas en personas de 60 anos o mas,2006-11-01,5,4,5,4,9
EL TORNO,consulta externa,repetidas en personas de 60 anos o mas,2006-11-01,295,325,295,325,620
ENTRE RIOS,consulta externa,repetidas en personas de 60 anos o mas,2006-11-01,2,1,2,1,3
ENTRE RIOS,consulta externa,repetidas en personas de 60 anos o mas,2006-11-01,5,11,5,11,16
EUCALIPTUS,consulta externa,repetidas en personas de 60 anos o mas,2006-11-01,5,14,5,14,19
EXALTACION,consulta externa,repetidas en personas de 60 anos o mas,2006-11-01,6,6,6,6,12
FERNANDEZ ALONSO,consulta externa,repetidas en personas de 60 anos o mas,2006-11-01,1,2,1,2,3
GENERAL SAAVEDRA,consulta externa,repetidas en personas de 60 anos o mas,2006-11-01,3,6,3,6,9
GRAL. J.J. PEREZ (CHARAZANI),consulta externa,repetidas en personas de 60 anos o mas,2006-11-01,2,4,2,4,6
GUANAY,consulta externa,repetidas en personas de 60 anos o mas,2006-11-01,14,11,14,11,25
GUAQUI,consulta externa,repetidas en personas de 60 anos o mas,2006-11-01,1,3,1,3,4
GUAYARAMERIN,consulta externa,repetidas en personas de 60 anos o mas,2006-11-01,102,119,102,119,221
GUTIERREZ,consulta externa,repetidas en personas de 60 anos o mas,2006-11-01,1,3,1,3,4
HUACARETA,consulta externa,repetidas en personas de 60 anos o mas,2006-11-01,9,17,9,17,26
HUACAYA (VILLA DE HUACAYA),consulta externa,repetidas en personas de 60 anos o mas,2006-11-01,0,1,0,1,1
HUACHACALLA,consulta externa,repetidas en personas de 60 anos o mas,2006-11-01,4,6,4,6,10
HUANUNI,consulta externa,repetidas en personas de 60 anos o mas,2006-11-01,93,90,93,90,183
HUARACAJE,consulta externa,repetidas en personas de 60 anos o mas,2006-11-01,0,4,0,4,4
HUAYLLAMARCA,consulta externa,repetidas en personas de 60 anos o mas,2006-11-01,1,2,1,2,3
ICHOCA,consulta externa,repetidas en personas de 60 anos o mas,2006-11-01,1,2,1,2,3
ICLA,consulta externa,repetidas en personas de 60 anos o mas,2006-11-01,0,1,0,1,1
INCAHUASI,consulta externa,repetidas en personas de 60 anos o mas,2006-11-01,5,6,5,6,11
INQUISIVI,consulta externa,repetidas en personas de 60 anos o mas,2006-11-01,1,1,1,1,2
IRUPANA (VILLA DE LANZA),consulta externa,repetidas en personas de 60 anos o mas,2006-11-01,12,2,12,2,14
IXIAMAS,consulta externa,repetidas en personas de 60 anos o mas,2006-11-01,11,2,11,2,13
JESUS DE MACHACA,consulta externa,repetidas en personas de 60 anos o mas,2006-11-01,8,13,8,13,21
LA ASUNTA,consulta externa,repetidas en personas de 60 anos o mas,2006-11-01,1,0,1,0,1
LA GUARDIA,consulta externa,repetidas en personas de 60 anos o mas,2006-11-01,2,1,2,1,3
LA PAZ,consulta externa,repetidas en personas de 60 anos o mas,2006-11-01,12315,14191,12315,14191,26506
LAGUNILLAS,consulta externa,repetidas en personas de 60 anos o mas,2006-11-01,1,1,1,1,2
LAJA,consulta externa,repetidas en personas de 60 anos o mas,2006-11-01,4,1,4,1,5
LAS CARRERAS,consulta externa,repetidas en personas de 60 anos o mas,2006-11-01,10,11,10,11,21
LICOMA PAMPA,consulta externa,repetidas en personas de 60 anos o mas,2006-11-01,0,1,0,1,1
LLALLAGUA,consulta externa,repetidas en personas de 60 anos o mas,2006-11-01,59,64,59,64,123
LLICA,consulta externa,repetidas en personas de 60 anos o mas,2006-11-01,13,3,13,3,16
LORETO,consulta externa,repetidas en personas de 60 anos o mas,2006-11-01,3,0,3,0,3
LURIBAY,consulta externa,repetidas en personas de 60 anos o mas,2006-11-01,6,2,6,2,8
MACHACAMARCA,consulta externa,repetidas en personas de 60 anos o mas,2006-11-01,40,36,40,36,76
MACHARETI,consulta externa,repetidas en personas de 60 anos o mas,2006-11-01,6,3,6,3,9
MAGDALENA,consulta externa,repetidas en personas de 60 anos o mas,2006-11-01,37,84,37,84,121
MAIRANA,consulta externa,repetidas en personas de 60 anos o mas,2006-11-01,0,1,0,1,1
MAPIRI,consulta externa,repetidas en personas de 60 anos o mas,2006-11-01,2,1,2,1,3
MECAPACA,consulta externa,repetidas en personas de 60 anos o mas,2006-11-01,9,0,9,0,9
MIZQUE,consulta externa,repetidas en personas de 60 anos o mas,2006-11-01,0,1,0,1,1
MOCOMOCO,consulta externa,repetidas en personas de 60 anos o mas,2006-11-01,7,9,7,9,16
MOJINETE,consulta externa,repetidas en personas de 60 anos o mas,2006-11-01,1,3,1,3,4
MOJOCOYA,consulta externa,repetidas en personas de 60 anos o mas,2006-11-01,3,3,3,3,6
MONTEAGUDO,consulta externa,repetidas en personas de 60 anos o mas,2006-11-01,143,134,143,134,277
MONTERO,consulta externa,repetidas en personas de 60 anos o mas,2006-11-01,226,480,226,480,706
MORO MORO,consulta externa,repetidas en personas de 60 anos o mas,2006-11-01,1,0,1,0,1
MOROCHATA,consulta externa,repetidas en personas de 60 anos o mas,2006-11-01,14,16,14,16,30
OCURI,consulta externa,repetidas en personas de 60 anos o mas,2006-11-01,2,4,2,4,6
OKINAWA,consulta externa,repetidas en personas de 60 anos o mas,2006-11-01,25,18,25,18,43
OMEREQUE,consulta externa,repetidas en personas de 60 anos o mas,2006-11-01,0,1,0,1,1
ORURO,consulta externa,repetidas en personas de 60 anos o mas,2006-11-01,1754,1942,1754,1942,3696
PADCAYA,consulta externa,repetidas en personas de 60 anos o mas,2006-11-01,34,27,34,27,61
PADILLA,consulta externa,repetidas en personas de 60 anos o mas,2006-11-01,42,56,42,56,98
PALOS BLANCOS,consulta externa,repetidas en personas de 60 anos o mas,2006-11-01,3,3,3,3,6
PAMPA GRANDE,consulta externa,repetidas en personas de 60 anos o mas,2006-11-01,1,4,1,4,5
PAPEL PAMPA,consulta externa,repetidas en personas de 60 anos o mas,2006-11-01,6,5,6,5,11
PATACAMAYA,consulta externa,repetidas en personas de 60 anos o mas,2006-11-01,3,2,3,2,5
PAZÑA,consulta externa,repetidas en personas de 60 anos o mas,2006-11-01,16,20,16,20,36
PELECHUCO,consulta externa,repetidas en personas de 60 anos o mas,2006-11-01,1,0,1,0,1
POCONA,consulta externa,repetidas en personas de 60 anos o mas,2006-11-01,0,2,0,2,2
POOPO,consulta externa,repetidas en personas de 60 anos o mas,2006-11-01,11,14,11,14,25
PORCO,consulta externa,repetidas en personas de 60 anos o mas,2006-11-01,3,3,3,3,6
POROMA,consulta externa,repetidas en personas de 60 anos o mas,2006-11-01,1,7,1,7,8
PORTACHUELO,consulta externa,repetidas en personas de 60 anos o mas,2006-11-01,8,9,8,9,17
POSTRER VALLE,consulta externa,repetidas en personas de 60 anos o mas,2006-11-01,1,1,1,1,2
POTOSI,consulta externa,repetidas en personas de 60 anos o mas,2006-11-01,993,1275,993,1275,2268
PRESTO,consulta externa,repetidas en personas de 60 anos o mas,2006-11-01,0,1,0,1,1
PUCARA,consulta externa,repetidas en personas de 60 anos o mas,2006-11-01,1,1,1,1,2
PUCARANI,consulta externa,repetidas en personas de 60 anos o mas,2006-11-01,7,1,7,1,8
PUERTO ACOSTA,consulta externa,repetidas en personas de 60 anos o mas,2006-11-01,24,13,24,13,37
PUERTO CARABUCO,consulta externa,repetidas en personas de 60 anos o mas,2006-11-01,2,4,2,4,6
PUERTO PEREZ,consulta externa,repetidas en personas de 60 anos o mas,2006-11-01,0,1,0,1,1
PUERTO QUIJARRO,consulta externa,repetidas en personas de 60 anos o mas,2006-11-01,1,6,1,6,7
PUERTO RICO,consulta externa,repetidas en personas de 60 anos o mas,2006-11-01,1,4,1,4,5
PUERTO SUAREZ,consulta externa,repetidas en personas de 60 anos o mas,2006-11-01,10,9,10,9,19
PUERTO VILLARROEL,consulta externa,repetidas en personas de 60 anos o mas,2006-11-01,4,4,4,4,8
PUNA,consulta externa,repetidas en personas de 60 anos o mas,2006-11-01,4,9,4,9,13
PUNATA,consulta externa,repetidas en personas de 60 anos o mas,2006-11-01,137,155,137,155,292
QUIABAYA,consulta externa,repetidas en personas de 60 anos o mas,2006-11-01,3,5,3,5,8
QUILLACOLLO,consulta externa,repetidas en personas de 60 anos o mas,2006-11-01,7,21,7,21,28
QUIME,consulta externa,repetidas en personas de 60 anos o mas,2006-11-01,3,0,3,0,3
REYES,consulta externa,repetidas en personas de 60 anos o mas,2006-11-01,51,62,51,62,113
RIBERALTA,consulta externa,repetidas en personas de 60 anos o mas,2006-11-01,16,14,16,14,30
ROBORE,consulta externa,repetidas en personas de 60 anos o mas,2006-11-01,41,38,41,38,79
RURRENABAQUE,consulta externa,repetidas en personas de 60 anos o mas,2006-11-01,95,83,95,83,178
SABAYA,consulta externa,repetidas en personas de 60 anos o mas,2006-11-01,4,7,4,7,11
SACABA,consulta externa,repetidas en personas de 60 anos o mas,2006-11-01,80,122,80,122,202
SACABAMBA,consulta externa,repetidas en personas de 60 anos o mas,2006-11-01,0,1,0,1,1
SACACA,consulta externa,repetidas en personas de 60 anos o mas,2006-11-01,0,1,0,1,1
SAIPINA,consulta externa,repetidas en personas de 60 anos o mas,2006-11-01,8,11,8,11,19
SALINAS DE GARCI MENDOZA,consulta externa,repetidas en personas de 60 anos o mas,2006-11-01,8,21,8,21,29
SAMAIPATA,consulta externa,repetidas en personas de 60 anos o mas,2006-11-01,1,6,1,6,7
SAN AGUSTIN,consulta externa,repetidas en personas de 60 anos o mas,2006-11-01,4,0,4,0,4
SAN ANDRES,consulta externa,repetidas en personas de 60 anos o mas,2006-11-01,3,0,3,0,3
SAN ANDRES DE MACHACA,consulta externa,repetidas en personas de 60 anos o mas,2006-11-01,1,1,1,1,2
SAN ANTONIO DE ESMORUCO,consulta externa,repetidas en personas de 60 anos o mas,2006-11-01,1,0,1,0,1
SAN BENITO,consulta externa,repetidas en personas de 60 anos o mas,2006-11-01,13,16,13,16,29
SAN BORJA,consulta externa,repetidas en personas de 60 anos o mas,2006-11-01,55,59,55,59,114
SAN BUENA VENTURA,consulta externa,repetidas en personas de 60 anos o mas,2006-11-01,9,6,9,6,15
SAN CARLOS,consulta externa,repetidas en personas de 60 anos o mas,2006-11-01,15,14,15,14,29
SAN IGNACIO,consulta externa,repetidas en personas de 60 anos o mas,2006-11-01,42,71,42,71,113
SAN IGNACIO DE VELASCO,consulta externa,repetidas en personas de 60 anos o mas,2006-11-01,17,18,17,18,35
SAN JAVIER(BNI),consulta externa,repetidas en personas de 60 anos o mas,2006-11-01,1,0,1,0,1
SAN JAVIER(STC),consulta externa,repetidas en personas de 60 anos o mas,2006-11-01,4,21,4,21,25
SAN JOAQUIN,consulta externa,repetidas en personas de 60 anos o mas,2006-11-01,5,11,5,11,16
SAN JOSE DE CHIQUITOS,consulta externa,repetidas en personas de 60 anos o mas,2006-11-01,9,2,9,2,11
SAN JUAN DE YAPACANI,consulta externa,repetidas en personas de 60 anos o mas,2006-11-01,11,31,11,31,42
SAN JULIAN,consulta externa,repetidas en personas de 60 anos o mas,2006-11-01,13,12,13,12,25
SAN LORENZO(PND),consulta externa,repetidas en personas de 60 anos o mas,2006-11-01,0,1,0,1,1
SAN LORENZO(TJA),consulta externa,repetidas en personas de 60 anos o mas,2006-11-01,11,25,11,25,36
SAN LUCAS,consulta externa,repetidas en personas de 60 anos o mas,2006-11-01,38,43,38,43,81
SAN MIGUEL DE VELASCO,consulta externa,repetidas en personas de 60 anos o mas,2006-11-01,40,78,40,78,118
SAN PABLO DE LIPEZ,consulta externa,repetidas en personas de 60 anos o mas,2006-11-01,5,7,5,7,12
SAN PEDRO,consulta externa,repetidas en personas de 60 anos o mas,2006-11-01,13,9,13,9,22
SAN PEDRO DE BUENA VISTA,consulta externa,repetidas en personas de 60 anos o mas,2006-11-01,0,2,0,2,2
SAN PEDRO DE CURAHUARA,consulta externa,repetidas en personas de 60 anos o mas,2006-11-01,3,4,3,4,7
SAN PEDRO DE QUEMES,consulta externa,repetidas en personas de 60 anos o mas,2006-11-01,0,1,0,1,1
SAN PEDRO DE TIQUINA,consulta externa,repetidas en personas de 60 anos o mas,2006-11-01,4,6,4,6,10
SAN RAFAEL,consulta externa,repetidas en personas de 60 anos o mas,2006-11-01,0,1,0,1,1
SAN RAMON,consulta externa,repetidas en personas de 60 anos o mas,2006-11-01,10,17,10,17,27
SAN RAMON,consulta externa,repetidas en personas de 60 anos o mas,2006-11-01,5,6,5,6,11
SANTA ANA,consulta externa,repetidas en personas de 60 anos o mas,2006-11-01,76,115,76,115,191
SANTA CRUZ DE LA SIERRA,consulta externa,repetidas en personas de 60 anos o mas,2006-11-01,3092,4770,3092,4770,7862
SANTA ROSA DEL SARA,consulta externa,repetidas en personas de 60 anos o mas,2006-11-01,16,27,16,27,43
SANTIAGO DE HUARI,consulta externa,repetidas en personas de 60 anos o mas,2006-11-01,33,32,33,32,65
SANTIAGO DE MACHACA,consulta externa,repetidas en personas de 60 anos o mas,2006-11-01,1,2,1,2,3
SANTIVAÑES,consulta externa,repetidas en personas de 60 anos o mas,2006-11-01,6,3,6,3,9
SANTUARIO DE QUILLACAS,consulta externa,repetidas en personas de 60 anos o mas,2006-11-01,0,3,0,3,3
SICA SICA (VILLA AROMA),consulta externa,repetidas en personas de 60 anos o mas,2006-11-01,2,2,2,2,4
SIPE SIPE,consulta externa,repetidas en personas de 60 anos o mas,2006-11-01,14,24,14,24,38
SOPACHUY,consulta externa,repetidas en personas de 60 anos o mas,2006-11-01,0,4,0,4,4
SORACACHI,consulta externa,repetidas en personas de 60 anos o mas,2006-11-01,0,1,0,1,1
SORATA,consulta externa,repetidas en personas de 60 anos o mas,2006-11-01,1,1,1,1,2
SUCRE,consulta externa,repetidas en personas de 60 anos o mas,2006-11-01,1629,2406,1629,2406,4035
TACACHI,consulta externa,repetidas en personas de 60 anos o mas,2006-11-01,1,9,1,9,10
TACOBAMBA,consulta externa,repetidas en personas de 60 anos o mas,2006-11-01,2,0,2,0,2
TAHUA,consulta externa,repetidas en personas de 60 anos o mas,2006-11-01,1,1,1,1,2
TAPACARI,consulta externa,repetidas en personas de 60 anos o mas,2006-11-01,1,2,1,2,3
TARABUCO,consulta externa,repetidas en personas de 60 anos o mas,2006-11-01,14,34,14,34,48
TARACO,consulta externa,repetidas en personas de 60 anos o mas,2006-11-01,0,2,0,2,2
TARATA,consulta externa,repetidas en personas de 60 anos o mas,2006-11-01,1,4,1,4,5
TARIJA,consulta externa,repetidas en personas de 60 anos o mas,2006-11-01,259,344,259,344,603
TARVITA,consulta externa,repetidas en personas de 60 anos o mas,2006-11-01,1,7,1,7,8
TEOPONTE,consulta externa,repetidas en personas de 60 anos o mas,2006-11-01,27,29,27,29,56
TIAWANACU,consulta externa,repetidas en personas de 60 anos o mas,2006-11-01,1,2,1,2,3
TIQUIPAYA,consulta externa,repetidas en personas de 60 anos o mas,2006-11-01,6,7,6,7,13
TIRAQUE (CBBA),consulta externa,repetidas en personas de 60 anos o mas,2006-11-01,11,12,11,12,23
TITO YUPANQUI (PARQUIPUJIO),consulta externa,repetidas en personas de 60 anos o mas,2006-11-01,0,2,0,2,2
TOCO,consulta externa,repetidas en personas de 60 anos o mas,2006-11-01,0,3,0,3,3
TOLATA,consulta externa,repetidas en personas de 60 anos o mas,2006-11-01,1,3,1,3,4
TOLEDO,consulta externa,repetidas en personas de 60 anos o mas,2006-11-01,4,10,4,10,14
TOMAVE,consulta externa,repetidas en personas de 60 anos o mas,2006-11-01,4,3,4,3,7
TOMINA,consulta externa,repetidas en personas de 60 anos o mas,2006-11-01,0,6,0,6,6
TORO TORO,consulta externa,repetidas en personas de 60 anos o mas,2006-11-01,2,3,2,3,5
TOTORA(CBBA),consulta externa,repetidas en personas de 60 anos o mas,2006-11-01,13,22,13,22,35
TRIGAL,consulta externa,repetidas en personas de 60 anos o mas,2006-11-01,1,3,1,3,4
TRINIDAD,consulta externa,repetidas en personas de 60 anos o mas,2006-11-01,183,202,183,202,385
TUPIZA,consulta externa,repetidas en personas de 60 anos o mas,2006-11-01,43,52,43,52,95
TURCO,consulta externa,repetidas en personas de 60 anos o mas,2006-11-01,1,1,1,1,2
UNCIA,consulta externa,repetidas en personas de 60 anos o mas,2006-11-01,1,3,1,3,4
URIONDO (A. CONCEPCION),consulta externa,repetidas en personas de 60 anos o mas,2006-11-01,23,28,23,28,51
UYUNI,consulta externa,repetidas en personas de 60 anos o mas,2006-11-01,71,75,71,75,146
VACAS,consulta externa,repetidas en personas de 60 anos o mas,2006-11-01,9,23,9,23,32
VALLEGRANDE,consulta externa,repetidas en personas de 60 anos o mas,2006-11-01,228,333,228,333,561
VIACHA,consulta externa,repetidas en personas de 60 anos o mas,2006-11-01,150,163,150,163,313
VILLA MONTES,consulta externa,repetidas en personas de 60 anos o mas,2006-11-01,88,114,88,114,202
VILLA NUEVA (LOMA ALTA),consulta externa,repetidas en personas de 60 anos o mas,2006-11-01,1,2,1,2,3
VILLA RIVERO,consulta externa,repetidas en personas de 60 anos o mas,2006-11-01,4,1,4,1,5
VILLA SERRANO,consulta externa,repetidas en personas de 60 anos o mas,2006-11-01,1,3,1,3,4
VILLA TUNARI,consulta externa,repetidas en personas de 60 anos o mas,2006-11-01,27,26,27,26,53
VILLA VACA GUZMAN (MUYUPAMPA),consulta externa,repetidas en personas de 60 anos o mas,2006-11-01,6,7,6,7,13
VILLAZON,consulta externa,repetidas en personas de 60 anos o mas,2006-11-01,45,93,45,93,138
VITICHI,consulta externa,repetidas en personas de 60 anos o mas,2006-11-01,11,6,11,6,17
WALDO BALLIVIAN,consulta externa,repetidas en personas de 60 anos o mas,2006-11-01,0,3,0,3,3
WARNES,consulta externa,repetidas en personas de 60 anos o mas,2006-11-01,1,9,1,9,10
YACO,consulta externa,repetidas en personas de 60 anos o mas,2006-11-01,0,1,0,1,1
YACUIBA,consulta externa,repetidas en personas de 60 anos o mas,2006-11-01,230,347,230,347,577
YAMPARAEZ,consulta externa,repetidas en personas de 60 anos o mas,2006-11-01,4,6,4,6,10
YANACACHI,consulta externa,repetidas en personas de 60 anos o mas,2006-11-01,20,1,20,1,21
YAPACANI,consulta externa,repetidas en personas de 60 anos o mas,2006-11-01,2,6,2,6,8
YOCALLA,consulta externa,repetidas en personas de 60 anos o mas,2006-11-01,4,4,4,4,8
YOTALA,consulta externa,repetidas en personas de 60 anos o mas,2006-11-01,9,19,9,19,28
YUNCHARA,consulta externa,repetidas en personas de 60 anos o mas,2006-11-01,1,0,1,0,1
ZUDAÑEZ,consulta externa,repetidas en personas de 60 anos o mas,2006-11-01,4,3,4,3,7
ACACIO,consulta externa,repetidas en personas de 60 anos o mas,2006-12-01,0,2,0,2,2
ACHACACHI,consulta externa,repetidas en personas de 60 anos o mas,2006-12-01,17,19,17,19,36
ACHOCALLA,consulta externa,repetidas en personas de 60 anos o mas,2006-12-01,4,2,4,2,6
AIQUILE,consulta externa,repetidas en personas de 60 anos o mas,2006-12-01,39,55,39,55,94
ALCALA,consulta externa,repetidas en personas de 60 anos o mas,2006-12-01,1,1,1,1,2
ANCORAIMES,consulta externa,repetidas en personas de 60 anos o mas,2006-12-01,3,4,3,4,7
ANDAMARCA,consulta externa,repetidas en personas de 60 anos o mas,2006-12-01,2,7,2,7,9
ANTEQUERA,consulta externa,repetidas en personas de 60 anos o mas,2006-12-01,1,1,1,1,2
ANZALDO,consulta externa,repetidas en personas de 60 anos o mas,2006-12-01,0,2,0,2,2
APOLO,consulta externa,repetidas en personas de 60 anos o mas,2006-12-01,5,7,5,7,12
ARANI,consulta externa,repetidas en personas de 60 anos o mas,2006-12-01,2,8,2,8,10
ARBIETO,consulta externa,repetidas en personas de 60 anos o mas,2006-12-01,1,6,1,6,7
ASCENCION DE GUARAYOS,consulta externa,repetidas en personas de 60 anos o mas,2006-12-01,1,1,1,1,2
ATOCHA,consulta externa,repetidas en personas de 60 anos o mas,2006-12-01,15,44,15,44,59
AUCAPATA,consulta externa,repetidas en personas de 60 anos o mas,2006-12-01,1,1,1,1,2
AYATA,consulta externa,repetidas en personas de 60 anos o mas,2006-12-01,0,1,0,1,1
AYO AYO,consulta externa,repetidas en personas de 60 anos o mas,2006-12-01,2,3,2,3,5
AYOPAYA (V. DE INDEPENDENCIA),consulta externa,repetidas en personas de 60 anos o mas,2006-12-01,5,2,5,2,7
BATALLAS,consulta externa,repetidas en personas de 60 anos o mas,2006-12-01,6,2,6,2,8
BAURES,consulta externa,repetidas en personas de 60 anos o mas,2006-12-01,9,2,9,2,11
BELEN DE ANDAMARCA,consulta externa,repetidas en personas de 60 anos o mas,2006-12-01,1,1,1,1,2
BELEN DE URMIRI,consulta externa,repetidas en personas de 60 anos o mas,2006-12-01,8,0,8,0,8
BERMEJO,consulta externa,repetidas en personas de 60 anos o mas,2006-12-01,64,55,64,55,119
BETANZOS,consulta externa,repetidas en personas de 60 anos o mas,2006-12-01,100,155,100,155,255
BOLPEBRA,consulta externa,repetidas en personas de 60 anos o mas,2006-12-01,0,2,0,2,2
BOYUIBE,consulta externa,repetidas en personas de 60 anos o mas,2006-12-01,3,12,3,12,15
BUENA VISTA,consulta externa,repetidas en personas de 60 anos o mas,2006-12-01,25,12,25,12,37
CABEZAS,consulta externa,repetidas en personas de 60 anos o mas,2006-12-01,0,4,0,4,4
CAIROMA,consulta externa,repetidas en personas de 60 anos o mas,2006-12-01,10,6,10,6,16
"CAIZA ""D""",consulta externa,repetidas en personas de 60 anos o mas,2006-12-01,0,1,0,1,1
CAJUATA,consulta externa,repetidas en personas de 60 anos o mas,2006-12-01,1,10,1,10,11
CALACOTO,consulta externa,repetidas en personas de 60 anos o mas,2006-12-01,2,2,2,2,4
CALAMARCA,consulta externa,repetidas en personas de 60 anos o mas,2006-12-01,6,7,6,7,13
CAMARGO,consulta externa,repetidas en personas de 60 anos o mas,2006-12-01,7,15,7,15,22
CAMATAQUI (C. VILLA ABECIA),consulta externa,repetidas en personas de 60 anos o mas,2006-12-01,6,15,6,15,21
CAMIRI,consulta externa,repetidas en personas de 60 anos o mas,2006-12-01,49,56,49,56,105
CAPINOTA,consulta externa,repetidas en personas de 60 anos o mas,2006-12-01,3,1,3,1,4
CAQUIAVIRI,consulta externa,repetidas en personas de 60 anos o mas,2006-12-01,1,3,1,3,4
CARACOLLO,consulta externa,repetidas en personas de 60 anos o mas,2006-12-01,9,14,9,14,23
CARANAVI,consulta externa,repetidas en personas de 60 anos o mas,2006-12-01,23,8,23,8,31
CARAPARI,consulta externa,repetidas en personas de 60 anos o mas,2006-12-01,0,2,0,2,2
CARMEN RIVERO TORREZ,consulta externa,repetidas en personas de 60 anos o mas,2006-12-01,2,0,2,0,2
CATACORA,consulta externa,repetidas en personas de 60 anos o mas,2006-12-01,1,0,1,0,1
CHALLAPATA,consulta externa,repetidas en personas de 60 anos o mas,2006-12-01,17,11,17,11,28
CHARAGUA,consulta externa,repetidas en personas de 60 anos o mas,2006-12-01,7,6,7,6,13
CHARAÑA,consulta externa,repetidas en personas de 60 anos o mas,2006-12-01,2,1,2,1,3
CHAYANTA,consulta externa,repetidas en personas de 60 anos o mas,2006-12-01,6,15,6,15,21
CHIMORE,consulta externa,repetidas en personas de 60 anos o mas,2006-12-01,0,1,0,1,1
CHIPAYA,consulta externa,repetidas en personas de 60 anos o mas,2006-12-01,0,1,0,1,1
CHOQUE COTA,consulta externa,repetidas en personas de 60 anos o mas,2006-12-01,4,4,4,4,8
CHULUMANI (V. DE LA LIBERTAD),consulta externa,repetidas en personas de 60 anos o mas,2006-12-01,14,10,14,10,24
CHUMA,consulta externa,repetidas en personas de 60 anos o mas,2006-12-01,3,2,3,2,5
CLIZA,consulta externa,repetidas en personas de 60 anos o mas,2006-12-01,3,3,3,3,6
COBIJA,consulta externa,repetidas en personas de 60 anos o mas,2006-12-01,3,2,3,2,5
COCHABAMBA,consulta externa,repetidas en personas de 60 anos o mas,2006-12-01,5174,6654,5174,6654,11828
COLCAPIRHUA,consulta externa,repetidas en personas de 60 anos o mas,2006-12-01,36,83,36,83,119
"COLCHA ""K""",consulta externa,repetidas en personas de 60 anos o mas,2006-12-01,4,1,4,1,5
COLOMI,consulta externa,repetidas en personas de 60 anos o mas,2006-12-01,2,2,2,2,4
COLPA BELGICA,consulta externa,repetidas en personas de 60 anos o mas,2006-12-01,15,4,15,4,19
COLQUECHACA,consulta externa,repetidas en personas de 60 anos o mas,2006-12-01,7,11,7,11,18
COLQUENCHA,consulta externa,repetidas en personas de 60 anos o mas,2006-12-01,0,7,0,7,7
COLQUIRI,consulta externa,repetidas en personas de 60 anos o mas,2006-12-01,25,10,25,10,35
COMARAPA,consulta externa,repetidas en personas de 60 anos o mas,2006-12-01,8,11,8,11,19
CONCEPCION,consulta externa,repetidas en personas de 60 anos o mas,2006-12-01,0,2,0,2,2
COPACABANA,consulta externa,repetidas en personas de 60 anos o mas,2006-12-01,2,1,2,1,3
CORIPATA,consulta externa,repetidas en personas de 60 anos o mas,2006-12-01,1,2,1,2,3
CORO CORO,consulta externa,repetidas en personas de 60 anos o mas,2006-12-01,3,0,3,0,3
COROICO,consulta externa,repetidas en personas de 60 anos o mas,2006-12-01,67,46,67,46,113
CORQUE,consulta externa,repetidas en personas de 60 anos o mas,2006-12-01,11,11,11,11,22
COTAGAITA,consulta externa,repetidas en personas de 60 anos o mas,2006-12-01,17,29,17,29,46
COTOCA,consulta externa,repetidas en personas de 60 anos o mas,2006-12-01,23,15,23,15,38
CUATRO CAÑADAS,consulta externa,repetidas en personas de 60 anos o mas,2006-12-01,13,9,13,9,22
CUCHUMUELA (V. G. VILLARROEL),consulta externa,repetidas en personas de 60 anos o mas,2006-12-01,1,2,1,2,3
CUEVO,consulta externa,repetidas en personas de 60 anos o mas,2006-12-01,8,2,8,2,10
CULPINA,consulta externa,repetidas en personas de 60 anos o mas,2006-12-01,2,1,2,1,3
CURAHUARA DE CARANGAS,consulta externa,repetidas en personas de 60 anos o mas,2006-12-01,11,16,11,16,27
CURVA,consulta externa,repetidas en personas de 60 anos o mas,2006-12-01,0,2,0,2,2
DESAGUADERO,consulta externa,repetidas en personas de 60 anos o mas,2006-12-01,1,4,1,4,5
EL ALTO,consulta externa,repetidas en personas de 60 anos o mas,2006-12-01,802,745,802,745,1547
EL CHORO,consulta externa,repetidas en personas de 60 anos o mas,2006-12-01,1,0,1,0,1
EL PUENTE(TJA),consulta externa,repetidas en personas de 60 anos o mas,2006-12-01,9,12,9,12,21
EL TORNO,consulta externa,repetidas en personas de 60 anos o mas,2006-12-01,256,333,256,333,589
EL VILLAR,consulta externa,repetidas en personas de 60 anos o mas,2006-12-01,1,0,1,0,1
ENTRE RIOS,consulta externa,repetidas en personas de 60 anos o mas,2006-12-01,7,13,7,13,20
ENTRE RIOS,consulta externa,repetidas en personas de 60 anos o mas,2006-12-01,1,1,1,1,2
EUCALIPTUS,consulta externa,repetidas en personas de 60 anos o mas,2006-12-01,6,4,6,4,10
EXALTACION,consulta externa,repetidas en personas de 60 anos o mas,2006-12-01,1,0,1,0,1
FERNANDEZ ALONSO,consulta externa,repetidas en personas de 60 anos o mas,2006-12-01,1,0,1,0,1
FILADELFIA,consulta externa,repetidas en personas de 60 anos o mas,2006-12-01,1,1,1,1,2
GENERAL SAAVEDRA,consulta externa,repetidas en personas de 60 anos o mas,2006-12-01,2,2,2,2,4
GUANAY,consulta externa,repetidas en personas de 60 anos o mas,2006-12-01,5,5,5,5,10
GUAQUI,consulta externa,repetidas en personas de 60 anos o mas,2006-12-01,8,7,8,7,15
GUAYARAMERIN,consulta externa,repetidas en personas de 60 anos o mas,2006-12-01,187,149,187,149,336
GUTIERREZ,consulta externa,repetidas en personas de 60 anos o mas,2006-12-01,5,8,5,8,13
HUACARETA,consulta externa,repetidas en personas de 60 anos o mas,2006-12-01,3,4,3,4,7
HUACHACALLA,consulta externa,repetidas en personas de 60 anos o mas,2006-12-01,5,5,5,5,10
HUANUNI,consulta externa,repetidas en personas de 60 anos o mas,2006-12-01,56,93,56,93,149
HUARACAJE,consulta externa,repetidas en personas de 60 anos o mas,2006-12-01,2,0,2,0,2
HUAYLLAMARCA,consulta externa,repetidas en personas de 60 anos o mas,2006-12-01,3,0,3,0,3
ICLA,consulta externa,repetidas en personas de 60 anos o mas,2006-12-01,0,2,0,2,2
INGAVI (HUMAITA),consulta externa,repetidas en personas de 60 anos o mas,2006-12-01,1,0,1,0,1
INQUISIVI,consulta externa,repetidas en personas de 60 anos o mas,2006-12-01,1,1,1,1,2
IRUPANA (VILLA DE LANZA),consulta externa,repetidas en personas de 60 anos o mas,2006-12-01,5,5,5,5,10
IXIAMAS,consulta externa,repetidas en personas de 60 anos o mas,2006-12-01,5,1,5,1,6
JESUS DE MACHACA,consulta externa,repetidas en personas de 60 anos o mas,2006-12-01,11,4,11,4,15
LA GUARDIA,consulta externa,repetidas en personas de 60 anos o mas,2006-12-01,9,8,9,8,17
LA PAZ,consulta externa,repetidas en personas de 60 anos o mas,2006-12-01,9294,12190,9294,12190,21484
LAGUNILLAS,consulta externa,repetidas en personas de 60 anos o mas,2006-12-01,2,2,2,2,4
LAJA,consulta externa,repetidas en personas de 60 anos o mas,2006-12-01,14,7,14,7,21
LAS CARRERAS,consulta externa,repetidas en personas de 60 anos o mas,2006-12-01,0,6,0,6,6
LICOMA PAMPA,consulta externa,repetidas en personas de 60 anos o mas,2006-12-01,2,2,2,2,4
LLALLAGUA,consulta externa,repetidas en personas de 60 anos o mas,2006-12-01,54,76,54,76,130
LLICA,consulta externa,repetidas en personas de 60 anos o mas,2006-12-01,3,1,3,1,4
LORETO,consulta externa,repetidas en personas de 60 anos o mas,2006-12-01,4,0,4,0,4
LURIBAY,consulta externa,repetidas en personas de 60 anos o mas,2006-12-01,14,5,14,5,19
MACHACAMARCA,consulta externa,repetidas en personas de 60 anos o mas,2006-12-01,27,34,27,34,61
MACHARETI,consulta externa,repetidas en personas de 60 anos o mas,2006-12-01,9,8,9,8,17
MAGDALENA,consulta externa,repetidas en personas de 60 anos o mas,2006-12-01,32,46,32,46,78
MAIRANA,consulta externa,repetidas en personas de 60 anos o mas,2006-12-01,1,1,1,1,2
MALLA,consulta externa,repetidas en personas de 60 anos o mas,2006-12-01,1,0,1,0,1
MAPIRI,consulta externa,repetidas en personas de 60 anos o mas,2006-12-01,5,4,5,4,9
MECAPACA,consulta externa,repetidas en personas de 60 anos o mas,2006-12-01,8,2,8,2,10
MOCOMOCO,consulta externa,repetidas en personas de 60 anos o mas,2006-12-01,2,6,2,6,8
MOJINETE,consulta externa,repetidas en personas de 60 anos o mas,2006-12-01,0,5,0,5,5
MOJOCOYA,consulta externa,repetidas en personas de 60 anos o mas,2006-12-01,4,2,4,2,6
MONTEAGUDO,consulta externa,repetidas en personas de 60 anos o mas,2006-12-01,99,134,99,134,233
MONTERO,consulta externa,repetidas en personas de 60 anos o mas,2006-12-01,436,544,436,544,980
MORO MORO,consulta externa,repetidas en personas de 60 anos o mas,2006-12-01,0,1,0,1,1
MOROCHATA,consulta externa,repetidas en personas de 60 anos o mas,2006-12-01,13,31,13,31,44
OCURI,consulta externa,repetidas en personas de 60 anos o mas,2006-12-01,4,3,4,3,7
OKINAWA,consulta externa,repetidas en personas de 60 anos o mas,2006-12-01,4,64,4,64,68
OMEREQUE,consulta externa,repetidas en personas de 60 anos o mas,2006-12-01,1,1,1,1,2
ORURO,consulta externa,repetidas en personas de 60 anos o mas,2006-12-01,1689,1816,1689,1816,3505
PADCAYA,consulta externa,repetidas en personas de 60 anos o mas,2006-12-01,17,17,17,17,34
PADILLA,consulta externa,repetidas en personas de 60 anos o mas,2006-12-01,23,21,23,21,44
PALCA,consulta externa,repetidas en personas de 60 anos o mas,2006-12-01,5,2,5,2,7
PALOS BLANCOS,consulta externa,repetidas en personas de 60 anos o mas,2006-12-01,5,3,5,3,8
PAMPA GRANDE,consulta externa,repetidas en personas de 60 anos o mas,2006-12-01,0,2,0,2,2
PAPEL PAMPA,consulta externa,repetidas en personas de 60 anos o mas,2006-12-01,3,4,3,4,7
PATACAMAYA,consulta externa,repetidas en personas de 60 anos o mas,2006-12-01,1,2,1,2,3
PAZÑA,consulta externa,repetidas en personas de 60 anos o mas,2006-12-01,9,21,9,21,30
POCOATA,consulta externa,repetidas en personas de 60 anos o mas,2006-12-01,0,2,0,2,2
POCONA,consulta externa,repetidas en personas de 60 anos o mas,2006-12-01,1,2,1,2,3
POJO (CBBA),consulta externa,repetidas en personas de 60 anos o mas,2006-12-01,1,0,1,0,1
POOPO,consulta externa,repetidas en personas de 60 anos o mas,2006-12-01,5,4,5,4,9
PORCO,consulta externa,repetidas en personas de 60 anos o mas,2006-12-01,0,3,0,3,3
POROMA,consulta externa,repetidas en personas de 60 anos o mas,2006-12-01,4,2,4,2,6
PORONGO,consulta externa,repetidas en personas de 60 anos o mas,2006-12-01,1,0,1,0,1
PORTACHUELO,consulta externa,repetidas en personas de 60 anos o mas,2006-12-01,10,5,10,5,15
PORVENIR,consulta externa,repetidas en personas de 60 anos o mas,2006-12-01,1,0,1,0,1
POSTRER VALLE,consulta externa,repetidas en personas de 60 anos o mas,2006-12-01,4,2,4,2,6
POTOSI,consulta externa,repetidas en personas de 60 anos o mas,2006-12-01,949,1211,949,1211,2160
PRESTO,consulta externa,repetidas en personas de 60 anos o mas,2006-12-01,1,1,1,1,2
PUCARA,consulta externa,repetidas en personas de 60 anos o mas,2006-12-01,1,0,1,0,1
PUCARANI,consulta externa,repetidas en personas de 60 anos o mas,2006-12-01,17,6,17,6,23
PUERTO ACOSTA,consulta externa,repetidas en personas de 60 anos o mas,2006-12-01,16,7,16,7,23
PUERTO CARABUCO,consulta externa,repetidas en personas de 60 anos o mas,2006-12-01,4,4,4,4,8
PUERTO GONZALO MORENO,consulta externa,repetidas en personas de 60 anos o mas,2006-12-01,1,0,1,0,1
PUERTO PEREZ,consulta externa,repetidas en personas de 60 anos o mas,2006-12-01,5,1,5,1,6
PUERTO QUIJARRO,consulta externa,repetidas en personas de 60 anos o mas,2006-12-01,7,5,7,5,12
PUERTO RICO,consulta externa,repetidas en personas de 60 anos o mas,2006-12-01,0,5,0,5,5
PUERTO SUAREZ,consulta externa,repetidas en personas de 60 anos o mas,2006-12-01,18,9,18,9,27
PUERTO VILLARROEL,consulta externa,repetidas en personas de 60 anos o mas,2006-12-01,9,3,9,3,12
PUNA,consulta externa,repetidas en personas de 60 anos o mas,2006-12-01,6,8,6,8,14
PUNATA,consulta externa,repetidas en personas de 60 anos o mas,2006-12-01,115,122,115,122,237
QUIABAYA,consulta externa,repetidas en personas de 60 anos o mas,2006-12-01,5,9,5,9,14
QUILLACOLLO,consulta externa,repetidas en personas de 60 anos o mas,2006-12-01,4,12,4,12,16
QUIME,consulta externa,repetidas en personas de 60 anos o mas,2006-12-01,1,1,1,1,2
QUIRUSILLAS,consulta externa,repetidas en personas de 60 anos o mas,2006-12-01,0,1,0,1,1
REYES,consulta externa,repetidas en personas de 60 anos o mas,2006-12-01,16,19,16,19,35
RIBERALTA,consulta externa,repetidas en personas de 60 anos o mas,2006-12-01,7,9,7,9,16
ROBORE,consulta externa,repetidas en personas de 60 anos o mas,2006-12-01,49,51,49,51,100
RURRENABAQUE,consulta externa,repetidas en personas de 60 anos o mas,2006-12-01,54,60,54,60,114
SABAYA,consulta externa,repetidas en personas de 60 anos o mas,2006-12-01,1,2,1,2,3
SACABA,consulta externa,repetidas en personas de 60 anos o mas,2006-12-01,78,95,78,95,173
SACABAMBA,consulta externa,repetidas en personas de 60 anos o mas,2006-12-01,1,0,1,0,1
SACACA,consulta externa,repetidas en personas de 60 anos o mas,2006-12-01,0,1,0,1,1
SAIPINA,consulta externa,repetidas en personas de 60 anos o mas,2006-12-01,3,4,3,4,7
SALINAS DE GARCI MENDOZA,consulta externa,repetidas en personas de 60 anos o mas,2006-12-01,15,17,15,17,32
SAMAIPATA,consulta externa,repetidas en personas de 60 anos o mas,2006-12-01,1,2,1,2,3
SAN ANDRES,consulta externa,repetidas en personas de 60 anos o mas,2006-12-01,1,1,1,1,2
SAN ANDRES DE MACHACA,consulta externa,repetidas en personas de 60 anos o mas,2006-12-01,1,3,1,3,4
SAN ANTONIO DE ESMORUCO,consulta externa,repetidas en personas de 60 anos o mas,2006-12-01,1,1,1,1,2
SAN ANTONIO DE LOMERIO,consulta externa,repetidas en personas de 60 anos o mas,2006-12-01,0,1,0,1,1
SAN BENITO,consulta externa,repetidas en personas de 60 anos o mas,2006-12-01,2,6,2,6,8
SAN BORJA,consulta externa,repetidas en personas de 60 anos o mas,2006-12-01,43,41,43,41,84
SAN BUENA VENTURA,consulta externa,repetidas en personas de 60 anos o mas,2006-12-01,17,9,17,9,26
SAN CARLOS,consulta externa,repetidas en personas de 60 anos o mas,2006-12-01,8,4,8,4,12
SAN IGNACIO,consulta externa,repetidas en personas de 60 anos o mas,2006-12-01,32,37,32,37,69
SAN IGNACIO DE VELASCO,consulta externa,repetidas en personas de 60 anos o mas,2006-12-01,52,61,52,61,113
SAN JAVIER(STC),consulta externa,repetidas en personas de 60 anos o mas,2006-12-01,19,26,19,26,45
SAN JOAQUIN,consulta externa,repetidas en personas de 60 anos o mas,2006-12-01,23,33,23,33,56
SAN JOSE DE CHIQUITOS,consulta externa,repetidas en personas de 60 anos o mas,2006-12-01,9,10,9,10,19
SAN JUAN DE YAPACANI,consulta externa,repetidas en personas de 60 anos o mas,2006-12-01,38,25,38,25,63
SAN JULIAN,consulta externa,repetidas en personas de 60 anos o mas,2006-12-01,1,10,1,10,11
SAN LORENZO(PND),consulta externa,repetidas en personas de 60 anos o mas,2006-12-01,1,0,1,0,1
SAN LORENZO(TJA),consulta externa,repetidas en personas de 60 anos o mas,2006-12-01,10,10,10,10,20
SAN LUCAS,consulta externa,repetidas en personas de 60 anos o mas,2006-12-01,15,34,15,34,49
SAN MIGUEL DE VELASCO,consulta externa,repetidas en personas de 60 anos o mas,2006-12-01,50,90,50,90,140
SAN PABLO DE LIPEZ,consulta externa,repetidas en personas de 60 anos o mas,2006-12-01,4,8,4,8,12
SAN PEDRO,consulta externa,repetidas en personas de 60 anos o mas,2006-12-01,6,2,6,2,8
SAN PEDRO DE CURAHUARA,consulta externa,repetidas en personas de 60 anos o mas,2006-12-01,5,2,5,2,7
SAN PEDRO DE TIQUINA,consulta externa,repetidas en personas de 60 anos o mas,2006-12-01,14,17,14,17,31
SAN RAFAEL,consulta externa,repetidas en personas de 60 anos o mas,2006-12-01,2,1,2,1,3
SAN RAMON,consulta externa,repetidas en personas de 60 anos o mas,2006-12-01,20,18,20,18,38
SAN RAMON,consulta externa,repetidas en personas de 60 anos o mas,2006-12-01,3,7,3,7,10
SANTA ANA,consulta externa,repetidas en personas de 60 anos o mas,2006-12-01,52,89,52,89,141
SANTA CRUZ DE LA SIERRA,consulta externa,repetidas en personas de 60 anos o mas,2006-12-01,2657,4391,2657,4391,7048
SANTA ROSA DEL SARA,consulta externa,repetidas en personas de 60 anos o mas,2006-12-01,12,4,12,4,16
SANTIAGO DE CALLAPA,consulta externa,repetidas en personas de 60 anos o mas,2006-12-01,0,1,0,1,1
SANTIAGO DE HUARI,consulta externa,repetidas en personas de 60 anos o mas,2006-12-01,21,29,21,29,50
SANTIAGO DE MACHACA,consulta externa,repetidas en personas de 60 anos o mas,2006-12-01,4,1,4,1,5
SANTIVAÑES,consulta externa,repetidas en personas de 60 anos o mas,2006-12-01,4,5,4,5,9
SANTUARIO DE QUILLACAS,consulta externa,repetidas en personas de 60 anos o mas,2006-12-01,1,9,1,9,10
SAPAHAQUI,consulta externa,repetidas en personas de 60 anos o mas,2006-12-01,0,5,0,5,5
SENA,consulta externa,repetidas en personas de 60 anos o mas,2006-12-01,1,0,1,0,1
SICAYA,consulta externa,repetidas en personas de 60 anos o mas,2006-12-01,1,0,1,0,1
SIPE SIPE,consulta externa,repetidas en personas de 60 anos o mas,2006-12-01,16,17,16,17,33
SOPACHUY,consulta externa,repetidas en personas de 60 anos o mas,2006-12-01,1,0,1,0,1
SORACACHI,consulta externa,repetidas en personas de 60 anos o mas,2006-12-01,1,3,1,3,4
SORATA,consulta externa,repetidas en personas de 60 anos o mas,2006-12-01,1,0,1,0,1
SUCRE,consulta externa,repetidas en personas de 60 anos o mas,2006-12-01,1256,1986,1256,1986,3242
TACACHI,consulta externa,repetidas en personas de 60 anos o mas,2006-12-01,2,6,2,6,8
TACOBAMBA,consulta externa,repetidas en personas de 60 anos o mas,2006-12-01,1,0,1,0,1
TACOPAYA,consulta externa,repetidas en personas de 60 anos o mas,2006-12-01,0,3,0,3,3
TAHUA,consulta externa,repetidas en personas de 60 anos o mas,2006-12-01,0,4,0,4,4
TAPACARI,consulta externa,repetidas en personas de 60 anos o mas,2006-12-01,1,0,1,0,1
TARABUCO,consulta externa,repetidas en personas de 60 anos o mas,2006-12-01,11,48,11,48,59
TARACO,consulta externa,repetidas en personas de 60 anos o mas,2006-12-01,0,4,0,4,4
TARATA,consulta externa,repetidas en personas de 60 anos o mas,2006-12-01,0,2,0,2,2
TARIJA,consulta externa,repetidas en personas de 60 anos o mas,2006-12-01,227,250,227,250,477
TARVITA,consulta externa,repetidas en personas de 60 anos o mas,2006-12-01,0,1,0,1,1
TEOPONTE,consulta externa,repetidas en personas de 60 anos o mas,2006-12-01,10,11,10,11,21
TIAWANACU,consulta externa,repetidas en personas de 60 anos o mas,2006-12-01,7,4,7,4,11
TINGUIPAYA,consulta externa,repetidas en personas de 60 anos o mas,2006-12-01,3,1,3,1,4
TIQUIPAYA,consulta externa,repetidas en personas de 60 anos o mas,2006-12-01,9,10,9,10,19
TIRAQUE (CBBA),consulta externa,repetidas en personas de 60 anos o mas,2006-12-01,19,6,19,6,25
TITO YUPANQUI (PARQUIPUJIO),consulta externa,repetidas en personas de 60 anos o mas,2006-12-01,0,1,0,1,1
TOCO,consulta externa,repetidas en personas de 60 anos o mas,2006-12-01,0,2,0,2,2
TOLATA,consulta externa,repetidas en personas de 60 anos o mas,2006-12-01,0,3,0,3,3
TOLEDO,consulta externa,repetidas en personas de 60 anos o mas,2006-12-01,2,1,2,1,3
TOMAVE,consulta externa,repetidas en personas de 60 anos o mas,2006-12-01,4,3,4,3,7
TOMINA,consulta externa,repetidas en personas de 60 anos o mas,2006-12-01,2,5,2,5,7
TORO TORO,consulta externa,repetidas en personas de 60 anos o mas,2006-12-01,3,3,3,3,6
TOTORA(CBBA),consulta externa,repetidas en personas de 60 anos o mas,2006-12-01,2,15,2,15,17
TOTORA(ORR),consulta externa,repetidas en personas de 60 anos o mas,2006-12-01,1,0,1,0,1
TRIGAL,consulta externa,repetidas en personas de 60 anos o mas,2006-12-01,2,0,2,0,2
TRINIDAD,consulta externa,repetidas en personas de 60 anos o mas,2006-12-01,130,167,130,167,297
TUPIZA,consulta externa,repetidas en personas de 60 anos o mas,2006-12-01,48,55,48,55,103
TURCO,consulta externa,repetidas en personas de 60 anos o mas,2006-12-01,0,2,0,2,2
UNCIA,consulta externa,repetidas en personas de 60 anos o mas,2006-12-01,56,61,56,61,117
URIONDO (A. CONCEPCION),consulta externa,repetidas en personas de 60 anos o mas,2006-12-01,0,2,0,2,2
VACAS,consulta externa,repetidas en personas de 60 anos o mas,2006-12-01,3,18,3,18,21
VALLEGRANDE,consulta externa,repetidas en personas de 60 anos o mas,2006-12-01,181,274,181,274,455
VIACHA,consulta externa,repetidas en personas de 60 anos o mas,2006-12-01,161,218,161,218,379
VILLA MONTES,consulta externa,repetidas en personas de 60 anos o mas,2006-12-01,70,74,70,74,144
VILLA NUEVA (LOMA ALTA),consulta externa,repetidas en personas de 60 anos o mas,2006-12-01,1,1,1,1,2
VILLA RIVERO,consulta externa,repetidas en personas de 60 anos o mas,2006-12-01,0,1,0,1,1
VILLA SERRANO,consulta externa,repetidas en personas de 60 anos o mas,2006-12-01,2,7,2,7,9
VILLA TUNARI,consulta externa,repetidas en personas de 60 anos o mas,2006-12-01,51,36,51,36,87
VILLA VACA GUZMAN (MUYUPAMPA),consulta externa,repetidas en personas de 60 anos o mas,2006-12-01,1,3,1,3,4
VILLAZON,consulta externa,repetidas en personas de 60 anos o mas,2006-12-01,29,68,29,68,97
VINTO,consulta externa,repetidas en personas de 60 anos o mas,2006-12-01,2,6,2,6,8
VITICHI,consulta externa,repetidas en personas de 60 anos o mas,2006-12-01,9,7,9,7,16
WALDO BALLIVIAN,consulta externa,repetidas en personas de 60 anos o mas,2006-12-01,0,3,0,3,3
WARNES,consulta externa,repetidas en personas de 60 anos o mas,2006-12-01,5,5,5,5,10
YACO,consulta externa,repetidas en personas de 60 anos o mas,2006-12-01,1,0,1,0,1
YACUIBA,consulta externa,repetidas en personas de 60 anos o mas,2006-12-01,166,311,166,311,477
YAMPARAEZ,consulta externa,repetidas en personas de 60 anos o mas,2006-12-01,3,8,3,8,11
YANACACHI,consulta externa,repetidas en personas de 60 anos o mas,2006-12-01,3,1,3,1,4
YAPACANI,consulta externa,repetidas en personas de 60 anos o mas,2006-12-01,2,1,2,1,3
YOCALLA,consulta externa,repetidas en personas de 60 anos o mas,2006-12-01,2,4,2,4,6
YOTALA,consulta externa,repetidas en personas de 60 anos o mas,2006-12-01,3,7,3,7,10
YUNCHARA,consulta externa,repetidas en personas de 60 anos o mas,2006-12-01,2,6,2,6,8
ZUDAÑEZ,consulta externa,repetidas en personas de 60 anos o mas,2006-12-01,7,8,7,8,15
