municipality,group,variable,month,Repetidas en personas de 15 a 59 años -Hombre,Repetidas en personas de 15 a 59 años -Mujer,TOTAL-H,TOTAL-M,TOTAL
ACACIO,consulta externa,repetidas en personas de 15 a 59 anos,2006-01-01,1,2,1,2,3
ACHACACHI,consulta externa,repetidas en personas de 15 a 59 anos,2006-01-01,24,42,24,42,66
ACHOCALLA,consulta externa,repetidas en personas de 15 a 59 anos,2006-01-01,0,3,0,3,3
AIQUILE,consulta externa,repetidas en personas de 15 a 59 anos,2006-01-01,88,232,88,232,320
ALALAY,consulta externa,repetidas en personas de 15 a 59 anos,2006-01-01,1,0,1,0,1
ANCORAIMES,consulta externa,repetidas en personas de 15 a 59 anos,2006-01-01,12,18,12,18,30
ANDAMARCA,consulta externa,repetidas en personas de 15 a 59 anos,2006-01-01,1,1,1,1,2
ANTEQUERA,consulta externa,repetidas en personas de 15 a 59 anos,2006-01-01,2,0,2,0,2
ANZALDO,consulta externa,repetidas en personas de 15 a 59 anos,2006-01-01,3,3,3,3,6
APOLO,consulta externa,repetidas en personas de 15 a 59 anos,2006-01-01,3,10,3,10,13
ARANI,consulta externa,repetidas en personas de 15 a 59 anos,2006-01-01,12,7,12,7,19
ARBIETO,consulta externa,repetidas en personas de 15 a 59 anos,2006-01-01,2,7,2,7,9
ARQUE,consulta externa,repetidas en personas de 15 a 59 anos,2006-01-01,1,3,1,3,4
ASCENCION DE GUARAYOS,consulta externa,repetidas en personas de 15 a 59 anos,2006-01-01,7,5,7,5,12
ATOCHA,consulta externa,repetidas en personas de 15 a 59 anos,2006-01-01,273,367,273,367,640
AUCAPATA,consulta externa,repetidas en personas de 15 a 59 anos,2006-01-01,7,2,7,2,9
AYATA,consulta externa,repetidas en personas de 15 a 59 anos,2006-01-01,3,3,3,3,6
AYO AYO,consulta externa,repetidas en personas de 15 a 59 anos,2006-01-01,5,6,5,6,11
AYOPAYA (V. DE INDEPENDENCIA),consulta externa,repetidas en personas de 15 a 59 anos,2006-01-01,5,8,5,8,13
AZURDUY,consulta externa,repetidas en personas de 15 a 59 anos,2006-01-01,0,6,0,6,6
BATALLAS,consulta externa,repetidas en personas de 15 a 59 anos,2006-01-01,10,10,10,10,20
BAURES,consulta externa,repetidas en personas de 15 a 59 anos,2006-01-01,0,5,0,5,5
BELEN DE ANDAMARCA,consulta externa,repetidas en personas de 15 a 59 anos,2006-01-01,5,2,5,2,7
BELEN DE URMIRI,consulta externa,repetidas en personas de 15 a 59 anos,2006-01-01,4,9,4,9,13
BELLA FLOR,consulta externa,repetidas en personas de 15 a 59 anos,2006-01-01,3,5,3,5,8
BERMEJO,consulta externa,repetidas en personas de 15 a 59 anos,2006-01-01,31,127,31,127,158
BETANZOS,consulta externa,repetidas en personas de 15 a 59 anos,2006-01-01,11,28,11,28,39
BOLIVAR,consulta externa,repetidas en personas de 15 a 59 anos,2006-01-01,15,11,15,11,26
BOLPEBRA,consulta externa,repetidas en personas de 15 a 59 anos,2006-01-01,1,2,1,2,3
BOYUIBE,consulta externa,repetidas en personas de 15 a 59 anos,2006-01-01,7,10,7,10,17
BUENA VISTA,consulta externa,repetidas en personas de 15 a 59 anos,2006-01-01,34,88,34,88,122
CABEZAS,consulta externa,repetidas en personas de 15 a 59 anos,2006-01-01,14,11,14,11,25
CAIROMA,consulta externa,repetidas en personas de 15 a 59 anos,2006-01-01,21,35,21,35,56
"CAIZA ""D""",consulta externa,repetidas en personas de 15 a 59 anos,2006-01-01,3,4,3,4,7
CAJUATA,consulta externa,repetidas en personas de 15 a 59 anos,2006-01-01,1,1,1,1,2
CALACOTO,consulta externa,repetidas en personas de 15 a 59 anos,2006-01-01,1,1,1,1,2
CALAMARCA,consulta externa,repetidas en personas de 15 a 59 anos,2006-01-01,20,2,20,2,22
CAMARGO,consulta externa,repetidas en personas de 15 a 59 anos,2006-01-01,7,33,7,33,40
CAMATAQUI (C. VILLA ABECIA),consulta externa,repetidas en personas de 15 a 59 anos,2006-01-01,2,5,2,5,7
CAMIRI,consulta externa,repetidas en personas de 15 a 59 anos,2006-01-01,60,154,60,154,214
CAPINOTA,consulta externa,repetidas en personas de 15 a 59 anos,2006-01-01,38,79,38,79,117
CAQUIAVIRI,consulta externa,repetidas en personas de 15 a 59 anos,2006-01-01,9,8,9,8,17
CARACOLLO,consulta externa,repetidas en personas de 15 a 59 anos,2006-01-01,3,14,3,14,17
CARANAVI,consulta externa,repetidas en personas de 15 a 59 anos,2006-01-01,22,16,22,16,38
CARAPARI,consulta externa,repetidas en personas de 15 a 59 anos,2006-01-01,0,1,0,1,1
CARIPUYO,consulta externa,repetidas en personas de 15 a 59 anos,2006-01-01,15,38,15,38,53
CARMEN RIVERO TORREZ,consulta externa,repetidas en personas de 15 a 59 anos,2006-01-01,1,0,1,0,1
CHALLAPATA,consulta externa,repetidas en personas de 15 a 59 anos,2006-01-01,26,50,26,50,76
CHAQUI,consulta externa,repetidas en personas de 15 a 59 anos,2006-01-01,1,1,1,1,2
CHARAGUA,consulta externa,repetidas en personas de 15 a 59 anos,2006-01-01,12,30,12,30,42
CHARAÑA,consulta externa,repetidas en personas de 15 a 59 anos,2006-01-01,1,2,1,2,3
CHAYANTA,consulta externa,repetidas en personas de 15 a 59 anos,2006-01-01,8,9,8,9,17
CHIMORE,consulta externa,repetidas en personas de 15 a 59 anos,2006-01-01,7,17,7,17,24
CHIPAYA,consulta externa,repetidas en personas de 15 a 59 anos,2006-01-01,1,0,1,0,1
CHOQUE COTA,consulta externa,repetidas en personas de 15 a 59 anos,2006-01-01,1,6,1,6,7
CHULUMANI (V. DE LA LIBERTAD),consulta externa,repetidas en personas de 15 a 59 anos,2006-01-01,46,29,46,29,75
CHUMA,consulta externa,repetidas en personas de 15 a 59 anos,2006-01-01,2,7,2,7,9
CLIZA,consulta externa,repetidas en personas de 15 a 59 anos,2006-01-01,7,11,7,11,18
COBIJA,consulta externa,repetidas en personas de 15 a 59 anos,2006-01-01,72,432,72,432,504
COCHABAMBA,consulta externa,repetidas en personas de 15 a 59 anos,2006-01-01,9816,20052,9816,20052,29868
COLCAPIRHUA,consulta externa,repetidas en personas de 15 a 59 anos,2006-01-01,140,403,140,403,543
"COLCHA ""K""",consulta externa,repetidas en personas de 15 a 59 anos,2006-01-01,6,11,6,11,17
COLLANA,consulta externa,repetidas en personas de 15 a 59 anos,2006-01-01,1,3,1,3,4
COLOMI,consulta externa,repetidas en personas de 15 a 59 anos,2006-01-01,5,1,5,1,6
COLPA BELGICA,consulta externa,repetidas en personas de 15 a 59 anos,2006-01-01,67,46,67,46,113
COLQUECHACA,consulta externa,repetidas en personas de 15 a 59 anos,2006-01-01,2,15,2,15,17
COLQUENCHA,consulta externa,repetidas en personas de 15 a 59 anos,2006-01-01,1,6,1,6,7
COLQUIRI,consulta externa,repetidas en personas de 15 a 59 anos,2006-01-01,12,25,12,25,37
COMANCHE,consulta externa,repetidas en personas de 15 a 59 anos,2006-01-01,0,3,0,3,3
COMARAPA,consulta externa,repetidas en personas de 15 a 59 anos,2006-01-01,16,40,16,40,56
COMBAYA,consulta externa,repetidas en personas de 15 a 59 anos,2006-01-01,3,1,3,1,4
COPACABANA,consulta externa,repetidas en personas de 15 a 59 anos,2006-01-01,3,3,3,3,6
CORIPATA,consulta externa,repetidas en personas de 15 a 59 anos,2006-01-01,0,1,0,1,1
CORO CORO,consulta externa,repetidas en personas de 15 a 59 anos,2006-01-01,1,3,1,3,4
COROICO,consulta externa,repetidas en personas de 15 a 59 anos,2006-01-01,30,37,30,37,67
CORQUE,consulta externa,repetidas en personas de 15 a 59 anos,2006-01-01,9,1,9,1,10
COTAGAITA,consulta externa,repetidas en personas de 15 a 59 anos,2006-01-01,73,101,73,101,174
COTOCA,consulta externa,repetidas en personas de 15 a 59 anos,2006-01-01,8,12,8,12,20
CUATRO CAÑADAS,consulta externa,repetidas en personas de 15 a 59 anos,2006-01-01,3,70,3,70,73
CUCHUMUELA (V. G. VILLARROEL),consulta externa,repetidas en personas de 15 a 59 anos,2006-01-01,1,0,1,0,1
CUEVO,consulta externa,repetidas en personas de 15 a 59 anos,2006-01-01,10,10,10,10,20
CULPINA,consulta externa,repetidas en personas de 15 a 59 anos,2006-01-01,0,11,0,11,11
CURAHUARA DE CARANGAS,consulta externa,repetidas en personas de 15 a 59 anos,2006-01-01,1,6,1,6,7
EL ALTO,consulta externa,repetidas en personas de 15 a 59 anos,2006-01-01,2415,5690,2415,5690,8105
EL CHORO,consulta externa,repetidas en personas de 15 a 59 anos,2006-01-01,0,5,0,5,5
EL PUENTE(STC),consulta externa,repetidas en personas de 15 a 59 anos,2006-01-01,1,1,1,1,2
EL PUENTE(TJA),consulta externa,repetidas en personas de 15 a 59 anos,2006-01-01,1,4,1,4,5
EL TORNO,consulta externa,repetidas en personas de 15 a 59 anos,2006-01-01,216,331,216,331,547
EL VILLAR,consulta externa,repetidas en personas de 15 a 59 anos,2006-01-01,2,2,2,2,4
ENTRE RIOS,consulta externa,repetidas en personas de 15 a 59 anos,2006-01-01,8,9,8,9,17
ENTRE RIOS,consulta externa,repetidas en personas de 15 a 59 anos,2006-01-01,15,25,15,25,40
EUCALIPTUS,consulta externa,repetidas en personas de 15 a 59 anos,2006-01-01,1,3,1,3,4
EUREKA (SANTOS MERCADO),consulta externa,repetidas en personas de 15 a 59 anos,2006-01-01,2,3,2,3,5
EXALTACION,consulta externa,repetidas en personas de 15 a 59 anos,2006-01-01,0,2,0,2,2
FERNANDEZ ALONSO,consulta externa,repetidas en personas de 15 a 59 anos,2006-01-01,12,37,12,37,49
FILADELFIA,consulta externa,repetidas en personas de 15 a 59 anos,2006-01-01,33,45,33,45,78
GENERAL SAAVEDRA,consulta externa,repetidas en personas de 15 a 59 anos,2006-01-01,13,19,13,19,32
GRAL. J.J. PEREZ (CHARAZANI),consulta externa,repetidas en personas de 15 a 59 anos,2006-01-01,3,0,3,0,3
GUANAY,consulta externa,repetidas en personas de 15 a 59 anos,2006-01-01,1,3,1,3,4
GUAQUI,consulta externa,repetidas en personas de 15 a 59 anos,2006-01-01,6,12,6,12,18
GUAYARAMERIN,consulta externa,repetidas en personas de 15 a 59 anos,2006-01-01,170,194,170,194,364
GUTIERREZ,consulta externa,repetidas en personas de 15 a 59 anos,2006-01-01,7,9,7,9,16
HUACARETA,consulta externa,repetidas en personas de 15 a 59 anos,2006-01-01,19,52,19,52,71
HUACAYA (VILLA DE HUACAYA),consulta externa,repetidas en personas de 15 a 59 anos,2006-01-01,2,3,2,3,5
HUACHACALLA,consulta externa,repetidas en personas de 15 a 59 anos,2006-01-01,3,0,3,0,3
HUANUNI,consulta externa,repetidas en personas de 15 a 59 anos,2006-01-01,139,147,139,147,286
HUARACAJE,consulta externa,repetidas en personas de 15 a 59 anos,2006-01-01,0,6,0,6,6
HUAYLLAMARCA,consulta externa,repetidas en personas de 15 a 59 anos,2006-01-01,2,8,2,8,10
ICHOCA,consulta externa,repetidas en personas de 15 a 59 anos,2006-01-01,4,2,4,2,6
ICLA,consulta externa,repetidas en personas de 15 a 59 anos,2006-01-01,4,5,4,5,9
INCAHUASI,consulta externa,repetidas en personas de 15 a 59 anos,2006-01-01,2,7,2,7,9
INGAVI (HUMAITA),consulta externa,repetidas en personas de 15 a 59 anos,2006-01-01,17,7,17,7,24
INQUISIVI,consulta externa,repetidas en personas de 15 a 59 anos,2006-01-01,10,8,10,8,18
IRUPANA (VILLA DE LANZA),consulta externa,repetidas en personas de 15 a 59 anos,2006-01-01,18,20,18,20,38
IXIAMAS,consulta externa,repetidas en personas de 15 a 59 anos,2006-01-01,1,6,1,6,7
JESUS DE MACHACA,consulta externa,repetidas en personas de 15 a 59 anos,2006-01-01,5,10,5,10,15
LA ASUNTA,consulta externa,repetidas en personas de 15 a 59 anos,2006-01-01,4,5,4,5,9
LA GUARDIA,consulta externa,repetidas en personas de 15 a 59 anos,2006-01-01,35,129,35,129,164
LA PAZ,consulta externa,repetidas en personas de 15 a 59 anos,2006-01-01,12468,29116,12468,29116,41584
LAGUNILLAS,consulta externa,repetidas en personas de 15 a 59 anos,2006-01-01,1,3,1,3,4
LAJA,consulta externa,repetidas en personas de 15 a 59 anos,2006-01-01,25,7,25,7,32
LAS CARRERAS,consulta externa,repetidas en personas de 15 a 59 anos,2006-01-01,1,10,1,10,11
LLALLAGUA,consulta externa,repetidas en personas de 15 a 59 anos,2006-01-01,108,152,108,152,260
LLICA,consulta externa,repetidas en personas de 15 a 59 anos,2006-01-01,1,6,1,6,7
LORETO,consulta externa,repetidas en personas de 15 a 59 anos,2006-01-01,4,2,4,2,6
LURIBAY,consulta externa,repetidas en personas de 15 a 59 anos,2006-01-01,1,5,1,5,6
MACHACAMARCA,consulta externa,repetidas en personas de 15 a 59 anos,2006-01-01,14,29,14,29,43
MACHARETI,consulta externa,repetidas en personas de 15 a 59 anos,2006-01-01,8,42,8,42,50
MAGDALENA,consulta externa,repetidas en personas de 15 a 59 anos,2006-01-01,39,152,39,152,191
MAIRANA,consulta externa,repetidas en personas de 15 a 59 anos,2006-01-01,6,13,6,13,19
MALLA,consulta externa,repetidas en personas de 15 a 59 anos,2006-01-01,1,3,1,3,4
MECAPACA,consulta externa,repetidas en personas de 15 a 59 anos,2006-01-01,14,24,14,24,38
MINEROS,consulta externa,repetidas en personas de 15 a 59 anos,2006-01-01,4,48,4,48,52
MIZQUE,consulta externa,repetidas en personas de 15 a 59 anos,2006-01-01,0,4,0,4,4
MOCOMOCO,consulta externa,repetidas en personas de 15 a 59 anos,2006-01-01,10,14,10,14,24
MOJINETE,consulta externa,repetidas en personas de 15 a 59 anos,2006-01-01,2,8,2,8,10
MOJOCOYA,consulta externa,repetidas en personas de 15 a 59 anos,2006-01-01,3,13,3,13,16
MONTEAGUDO,consulta externa,repetidas en personas de 15 a 59 anos,2006-01-01,49,203,49,203,252
MONTERO,consulta externa,repetidas en personas de 15 a 59 anos,2006-01-01,630,1705,630,1705,2335
MORO MORO,consulta externa,repetidas en personas de 15 a 59 anos,2006-01-01,1,6,1,6,7
MOROCHATA,consulta externa,repetidas en personas de 15 a 59 anos,2006-01-01,8,53,8,53,61
NUEVO MANOA (NUEVA ESPERANZA),consulta externa,repetidas en personas de 15 a 59 anos,2006-01-01,0,3,0,3,3
OCURI,consulta externa,repetidas en personas de 15 a 59 anos,2006-01-01,1,0,1,0,1
OKINAWA,consulta externa,repetidas en personas de 15 a 59 anos,2006-01-01,11,33,11,33,44
ORURO,consulta externa,repetidas en personas de 15 a 59 anos,2006-01-01,1782,4279,1782,4279,6061
PADCAYA,consulta externa,repetidas en personas de 15 a 59 anos,2006-01-01,9,11,9,11,20
PADILLA,consulta externa,repetidas en personas de 15 a 59 anos,2006-01-01,8,30,8,30,38
PAILON,consulta externa,repetidas en personas de 15 a 59 anos,2006-01-01,3,17,3,17,20
PALCA,consulta externa,repetidas en personas de 15 a 59 anos,2006-01-01,7,9,7,9,16
PALOS BLANCOS,consulta externa,repetidas en personas de 15 a 59 anos,2006-01-01,18,45,18,45,63
PAMPA AULLAGAS,consulta externa,repetidas en personas de 15 a 59 anos,2006-01-01,2,1,2,1,3
PAMPA GRANDE,consulta externa,repetidas en personas de 15 a 59 anos,2006-01-01,3,6,3,6,9
PAPEL PAMPA,consulta externa,repetidas en personas de 15 a 59 anos,2006-01-01,1,2,1,2,3
PASORAPA,consulta externa,repetidas en personas de 15 a 59 anos,2006-01-01,0,1,0,1,1
PATACAMAYA,consulta externa,repetidas en personas de 15 a 59 anos,2006-01-01,2,1,2,1,3
PAZÑA,consulta externa,repetidas en personas de 15 a 59 anos,2006-01-01,23,19,23,19,42
PELECHUCO,consulta externa,repetidas en personas de 15 a 59 anos,2006-01-01,6,1,6,1,7
POCOATA,consulta externa,repetidas en personas de 15 a 59 anos,2006-01-01,2,11,2,11,13
POCONA,consulta externa,repetidas en personas de 15 a 59 anos,2006-01-01,11,8,11,8,19
POOPO,consulta externa,repetidas en personas de 15 a 59 anos,2006-01-01,2,2,2,2,4
PORCO,consulta externa,repetidas en personas de 15 a 59 anos,2006-01-01,1,5,1,5,6
POROMA,consulta externa,repetidas en personas de 15 a 59 anos,2006-01-01,0,11,0,11,11
PORONGO,consulta externa,repetidas en personas de 15 a 59 anos,2006-01-01,4,8,4,8,12
PORTACHUELO,consulta externa,repetidas en personas de 15 a 59 anos,2006-01-01,8,11,8,11,19
PORVENIR,consulta externa,repetidas en personas de 15 a 59 anos,2006-01-01,3,3,3,3,6
POSTRER VALLE,consulta externa,repetidas en personas de 15 a 59 anos,2006-01-01,8,1,8,1,9
POTOSI,consulta externa,repetidas en personas de 15 a 59 anos,2006-01-01,5594,3578,5594,3578,9172
PRESTO,consulta externa,repetidas en personas de 15 a 59 anos,2006-01-01,1,1,1,1,2
PUCARA,consulta externa,repetidas en personas de 15 a 59 anos,2006-01-01,0,6,0,6,6
PUCARANI,consulta externa,repetidas en personas de 15 a 59 anos,2006-01-01,5,8,5,8,13
PUERTO ACOSTA,consulta externa,repetidas en personas de 15 a 59 anos,2006-01-01,13,14,13,14,27
PUERTO CARABUCO,consulta externa,repetidas en personas de 15 a 59 anos,2006-01-01,4,5,4,5,9
PUERTO GONZALO MORENO,consulta externa,repetidas en personas de 15 a 59 anos,2006-01-01,2,8,2,8,10
PUERTO PEREZ,consulta externa,repetidas en personas de 15 a 59 anos,2006-01-01,4,6,4,6,10
PUERTO QUIJARRO,consulta externa,repetidas en personas de 15 a 59 anos,2006-01-01,76,111,76,111,187
PUERTO RICO,consulta externa,repetidas en personas de 15 a 59 anos,2006-01-01,0,2,0,2,2
PUERTO SILES,consulta externa,repetidas en personas de 15 a 59 anos,2006-01-01,1,1,1,1,2
PUERTO SUAREZ,consulta externa,repetidas en personas de 15 a 59 anos,2006-01-01,11,38,11,38,49
PUERTO VILLARROEL,consulta externa,repetidas en personas de 15 a 59 anos,2006-01-01,29,50,29,50,79
PUNA,consulta externa,repetidas en personas de 15 a 59 anos,2006-01-01,6,14,6,14,20
PUNATA,consulta externa,repetidas en personas de 15 a 59 anos,2006-01-01,81,217,81,217,298
QUIABAYA,consulta externa,repetidas en personas de 15 a 59 anos,2006-01-01,0,1,0,1,1
QUILLACOLLO,consulta externa,repetidas en personas de 15 a 59 anos,2006-01-01,161,568,161,568,729
QUIME,consulta externa,repetidas en personas de 15 a 59 anos,2006-01-01,45,5,45,5,50
RAVELO,consulta externa,repetidas en personas de 15 a 59 anos,2006-01-01,2,1,2,1,3
REYES,consulta externa,repetidas en personas de 15 a 59 anos,2006-01-01,96,77,96,77,173
RIBERALTA,consulta externa,repetidas en personas de 15 a 59 anos,2006-01-01,132,509,132,509,641
ROBORE,consulta externa,repetidas en personas de 15 a 59 anos,2006-01-01,56,100,56,100,156
RURRENABAQUE,consulta externa,repetidas en personas de 15 a 59 anos,2006-01-01,15,55,15,55,70
SABAYA,consulta externa,repetidas en personas de 15 a 59 anos,2006-01-01,1,0,1,0,1
SACABA,consulta externa,repetidas en personas de 15 a 59 anos,2006-01-01,152,441,152,441,593
SACABAMBA,consulta externa,repetidas en personas de 15 a 59 anos,2006-01-01,1,0,1,0,1
SACACA,consulta externa,repetidas en personas de 15 a 59 anos,2006-01-01,0,1,0,1,1
SAIPINA,consulta externa,repetidas en personas de 15 a 59 anos,2006-01-01,15,46,15,46,61
SALINAS DE GARCI MENDOZA,consulta externa,repetidas en personas de 15 a 59 anos,2006-01-01,1,6,1,6,7
SAMAIPATA,consulta externa,repetidas en personas de 15 a 59 anos,2006-01-01,1,5,1,5,6
SAN AGUSTIN,consulta externa,repetidas en personas de 15 a 59 anos,2006-01-01,0,1,0,1,1
SAN ANDRES,consulta externa,repetidas en personas de 15 a 59 anos,2006-01-01,1,8,1,8,9
SAN ANTONIO DE ESMORUCO,consulta externa,repetidas en personas de 15 a 59 anos,2006-01-01,4,11,4,11,15
SAN ANTONIO DE LOMERIO,consulta externa,repetidas en personas de 15 a 59 anos,2006-01-01,1,1,1,1,2
SAN BENITO,consulta externa,repetidas en personas de 15 a 59 anos,2006-01-01,8,31,8,31,39
SAN BORJA,consulta externa,repetidas en personas de 15 a 59 anos,2006-01-01,25,174,25,174,199
SAN BUENA VENTURA,consulta externa,repetidas en personas de 15 a 59 anos,2006-01-01,1,6,1,6,7
SAN CARLOS,consulta externa,repetidas en personas de 15 a 59 anos,2006-01-01,5,201,5,201,206
SAN IGNACIO,consulta externa,repetidas en personas de 15 a 59 anos,2006-01-01,16,74,16,74,90
SAN IGNACIO DE VELASCO,consulta externa,repetidas en personas de 15 a 59 anos,2006-01-01,75,178,75,178,253
SAN JAVIER(BNI),consulta externa,repetidas en personas de 15 a 59 anos,2006-01-01,1,1,1,1,2
SAN JAVIER(STC),consulta externa,repetidas en personas de 15 a 59 anos,2006-01-01,5,38,5,38,43
SAN JOAQUIN,consulta externa,repetidas en personas de 15 a 59 anos,2006-01-01,9,25,9,25,34
SAN JOSE DE CHIQUITOS,consulta externa,repetidas en personas de 15 a 59 anos,2006-01-01,5,14,5,14,19
SAN JUAN DE YAPACANI,consulta externa,repetidas en personas de 15 a 59 anos,2006-01-01,32,23,32,23,55
SAN JULIAN,consulta externa,repetidas en personas de 15 a 59 anos,2006-01-01,41,433,41,433,474
SAN LORENZO(PND),consulta externa,repetidas en personas de 15 a 59 anos,2006-01-01,2,2,2,2,4
SAN LORENZO(TJA),consulta externa,repetidas en personas de 15 a 59 anos,2006-01-01,12,17,12,17,29
SAN LUCAS,consulta externa,repetidas en personas de 15 a 59 anos,2006-01-01,38,55,38,55,93
SAN MATIAS,consulta externa,repetidas en personas de 15 a 59 anos,2006-01-01,1,78,1,78,79
SAN MIGUEL DE VELASCO,consulta externa,repetidas en personas de 15 a 59 anos,2006-01-01,34,71,34,71,105
SAN PABLO DE LIPEZ,consulta externa,repetidas en personas de 15 a 59 anos,2006-01-01,7,13,7,13,20
SAN PEDRO,consulta externa,repetidas en personas de 15 a 59 anos,2006-01-01,27,58,27,58,85
SAN PEDRO DE BUENA VISTA,consulta externa,repetidas en personas de 15 a 59 anos,2006-01-01,1,2,1,2,3
SAN PEDRO DE CURAHUARA,consulta externa,repetidas en personas de 15 a 59 anos,2006-01-01,1,1,1,1,2
SAN PEDRO DE TIQUINA,consulta externa,repetidas en personas de 15 a 59 anos,2006-01-01,6,1,6,1,7
SAN PEDRO(PND),consulta externa,repetidas en personas de 15 a 59 anos,2006-01-01,7,3,7,3,10
SAN RAFAEL,consulta externa,repetidas en personas de 15 a 59 anos,2006-01-01,4,3,4,3,7
SAN RAMON,consulta externa,repetidas en personas de 15 a 59 anos,2006-01-01,6,77,6,77,83
SAN RAMON,consulta externa,repetidas en personas de 15 a 59 anos,2006-01-01,6,90,6,90,96
SANTA ANA,consulta externa,repetidas en personas de 15 a 59 anos,2006-01-01,31,90,31,90,121
SANTA CRUZ DE LA SIERRA,consulta externa,repetidas en personas de 15 a 59 anos,2006-01-01,5886,15992,5886,15992,21878
SANTA ROSA,consulta externa,repetidas en personas de 15 a 59 anos,2006-01-01,0,4,0,4,4
SANTA ROSA DEL SARA,consulta externa,repetidas en personas de 15 a 59 anos,2006-01-01,8,20,8,20,28
SANTIAGO DE CALLAPA,consulta externa,repetidas en personas de 15 a 59 anos,2006-01-01,1,2,1,2,3
SANTIAGO DE HUARI,consulta externa,repetidas en personas de 15 a 59 anos,2006-01-01,7,17,7,17,24
SANTIAGO DE MACHACA,consulta externa,repetidas en personas de 15 a 59 anos,2006-01-01,6,2,6,2,8
SANTIVAÑES,consulta externa,repetidas en personas de 15 a 59 anos,2006-01-01,4,5,4,5,9
SANTUARIO DE QUILLACAS,consulta externa,repetidas en personas de 15 a 59 anos,2006-01-01,1,0,1,0,1
SAPAHAQUI,consulta externa,repetidas en personas de 15 a 59 anos,2006-01-01,2,6,2,6,8
SICA SICA (VILLA AROMA),consulta externa,repetidas en personas de 15 a 59 anos,2006-01-01,2,3,2,3,5
SIPE SIPE,consulta externa,repetidas en personas de 15 a 59 anos,2006-01-01,87,350,87,350,437
SOPACHUY,consulta externa,repetidas en personas de 15 a 59 anos,2006-01-01,4,2,4,2,6
SORACACHI,consulta externa,repetidas en personas de 15 a 59 anos,2006-01-01,3,6,3,6,9
SORATA,consulta externa,repetidas en personas de 15 a 59 anos,2006-01-01,1,1,1,1,2
SUCRE,consulta externa,repetidas en personas de 15 a 59 anos,2006-01-01,2466,5633,2466,5633,8099
TACACHI,consulta externa,repetidas en personas de 15 a 59 anos,2006-01-01,1,10,1,10,11
TACACOMA,consulta externa,repetidas en personas de 15 a 59 anos,2006-01-01,5,2,5,2,7
TACOPAYA,consulta externa,repetidas en personas de 15 a 59 anos,2006-01-01,2,3,2,3,5
TAHUA,consulta externa,repetidas en personas de 15 a 59 anos,2006-01-01,1,0,1,0,1
TAPACARI,consulta externa,repetidas en personas de 15 a 59 anos,2006-01-01,11,25,11,25,36
TARABUCO,consulta externa,repetidas en personas de 15 a 59 anos,2006-01-01,11,17,11,17,28
TARATA,consulta externa,repetidas en personas de 15 a 59 anos,2006-01-01,0,4,0,4,4
TARIJA,consulta externa,repetidas en personas de 15 a 59 anos,2006-01-01,2017,6016,2017,6016,8033
TARVITA,consulta externa,repetidas en personas de 15 a 59 anos,2006-01-01,1,31,1,31,32
TEOPONTE,consulta externa,repetidas en personas de 15 a 59 anos,2006-01-01,5,2,5,2,7
TIAWANACU,consulta externa,repetidas en personas de 15 a 59 anos,2006-01-01,6,5,6,5,11
TINGUIPAYA,consulta externa,repetidas en personas de 15 a 59 anos,2006-01-01,1,4,1,4,5
TIPUANI,consulta externa,repetidas en personas de 15 a 59 anos,2006-01-01,6,4,6,4,10
TIQUIPAYA,consulta externa,repetidas en personas de 15 a 59 anos,2006-01-01,15,150,15,150,165
TIRAQUE (CBBA),consulta externa,repetidas en personas de 15 a 59 anos,2006-01-01,70,283,70,283,353
TITO YUPANQUI (PARQUIPUJIO),consulta externa,repetidas en personas de 15 a 59 anos,2006-01-01,2,2,2,2,4
TODOS SANTOS,consulta externa,repetidas en personas de 15 a 59 anos,2006-01-01,0,1,0,1,1
TOLATA,consulta externa,repetidas en personas de 15 a 59 anos,2006-01-01,7,6,7,6,13
TOLEDO,consulta externa,repetidas en personas de 15 a 59 anos,2006-01-01,6,6,6,6,12
TOMAVE,consulta externa,repetidas en personas de 15 a 59 anos,2006-01-01,5,12,5,12,17
TOMINA,consulta externa,repetidas en personas de 15 a 59 anos,2006-01-01,1,2,1,2,3
TORO TORO,consulta externa,repetidas en personas de 15 a 59 anos,2006-01-01,3,3,3,3,6
TOTORA(CBBA),consulta externa,repetidas en personas de 15 a 59 anos,2006-01-01,3,7,3,7,10
TRIGAL,consulta externa,repetidas en personas de 15 a 59 anos,2006-01-01,1,4,1,4,5
TRINIDAD,consulta externa,repetidas en personas de 15 a 59 anos,2006-01-01,1247,1993,1247,1993,3240
TUPIZA,consulta externa,repetidas en personas de 15 a 59 anos,2006-01-01,205,343,205,343,548
TURCO,consulta externa,repetidas en personas de 15 a 59 anos,2006-01-01,3,2,3,2,5
UNCIA,consulta externa,repetidas en personas de 15 a 59 anos,2006-01-01,120,149,120,149,269
URIONDO (A. CONCEPCION),consulta externa,repetidas en personas de 15 a 59 anos,2006-01-01,3,10,3,10,13
URUBICHA,consulta externa,repetidas en personas de 15 a 59 anos,2006-01-01,1,149,1,149,150
UYUNI,consulta externa,repetidas en personas de 15 a 59 anos,2006-01-01,125,171,125,171,296
VACAS,consulta externa,repetidas en personas de 15 a 59 anos,2006-01-01,19,51,19,51,70
VALLEGRANDE,consulta externa,repetidas en personas de 15 a 59 anos,2006-01-01,34,101,34,101,135
VIACHA,consulta externa,repetidas en personas de 15 a 59 anos,2006-01-01,121,269,121,269,390
VILLA MONTES,consulta externa,repetidas en personas de 15 a 59 anos,2006-01-01,56,102,56,102,158
VILLA RIVERO,consulta externa,repetidas en personas de 15 a 59 anos,2006-01-01,0,33,0,33,33
VILLA SERRANO,consulta externa,repetidas en personas de 15 a 59 anos,2006-01-01,1,2,1,2,3
VILLA TUNARI,consulta externa,repetidas en personas de 15 a 59 anos,2006-01-01,48,44,48,44,92
VILLA VACA GUZMAN (MUYUPAMPA),consulta externa,repetidas en personas de 15 a 59 anos,2006-01-01,5,28,5,28,33
VILLAZON,consulta externa,repetidas en personas de 15 a 59 anos,2006-01-01,51,179,51,179,230
VINTO,consulta externa,repetidas en personas de 15 a 59 anos,2006-01-01,12,37,12,37,49
VITICHI,consulta externa,repetidas en personas de 15 a 59 anos,2006-01-01,7,12,7,12,19
WALDO BALLIVIAN,consulta externa,repetidas en personas de 15 a 59 anos,2006-01-01,2,2,2,2,4
WARNES,consulta externa,repetidas en personas de 15 a 59 anos,2006-01-01,18,165,18,165,183
YACO,consulta externa,repetidas en personas de 15 a 59 anos,2006-01-01,2,4,2,4,6
YACUIBA,consulta externa,repetidas en personas de 15 a 59 anos,2006-01-01,334,1026,334,1026,1360
YAMPARAEZ,consulta externa,repetidas en personas de 15 a 59 anos,2006-01-01,17,19,17,19,36
YANACACHI,consulta externa,repetidas en personas de 15 a 59 anos,2006-01-01,9,2,9,2,11
YAPACANI,consulta externa,repetidas en personas de 15 a 59 anos,2006-01-01,9,339,9,339,348
YOCALLA,consulta externa,repetidas en personas de 15 a 59 anos,2006-01-01,0,4,0,4,4
YOTALA,consulta externa,repetidas en personas de 15 a 59 anos,2006-01-01,10,34,10,34,44
YUNCHARA,consulta externa,repetidas en personas de 15 a 59 anos,2006-01-01,2,1,2,1,3
ZUDAÑEZ,consulta externa,repetidas en personas de 15 a 59 anos,2006-01-01,2,3,2,3,5
ACACIO,consulta externa,repetidas en personas de 15 a 59 anos,2006-02-01,8,5,8,5,13
ACHACACHI,consulta externa,repetidas en personas de 15 a 59 anos,2006-02-01,21,34,21,34,55
ACHOCALLA,consulta externa,repetidas en personas de 15 a 59 anos,2006-02-01,1,3,1,3,4
AIQUILE,consulta externa,repetidas en personas de 15 a 59 anos,2006-02-01,32,207,32,207,239
ANCORAIMES,consulta externa,repetidas en personas de 15 a 59 anos,2006-02-01,8,15,8,15,23
ANDAMARCA,consulta externa,repetidas en personas de 15 a 59 anos,2006-02-01,3,0,3,0,3
ANZALDO,consulta externa,repetidas en personas de 15 a 59 anos,2006-02-01,1,10,1,10,11
APOLO,consulta externa,repetidas en personas de 15 a 59 anos,2006-02-01,5,12,5,12,17
ARANI,consulta externa,repetidas en personas de 15 a 59 anos,2006-02-01,3,9,3,9,12
ARBIETO,consulta externa,repetidas en personas de 15 a 59 anos,2006-02-01,1,14,1,14,15
ARQUE,consulta externa,repetidas en personas de 15 a 59 anos,2006-02-01,3,3,3,3,6
ASCENCION DE GUARAYOS,consulta externa,repetidas en personas de 15 a 59 anos,2006-02-01,8,12,8,12,20
ATOCHA,consulta externa,repetidas en personas de 15 a 59 anos,2006-02-01,221,302,221,302,523
AUCAPATA,consulta externa,repetidas en personas de 15 a 59 anos,2006-02-01,8,4,8,4,12
AYATA,consulta externa,repetidas en personas de 15 a 59 anos,2006-02-01,4,3,4,3,7
AYO AYO,consulta externa,repetidas en personas de 15 a 59 anos,2006-02-01,4,4,4,4,8
AYOPAYA (V. DE INDEPENDENCIA),consulta externa,repetidas en personas de 15 a 59 anos,2006-02-01,3,7,3,7,10
BATALLAS,consulta externa,repetidas en personas de 15 a 59 anos,2006-02-01,5,9,5,9,14
BAURES,consulta externa,repetidas en personas de 15 a 59 anos,2006-02-01,4,16,4,16,20
BELEN DE ANDAMARCA,consulta externa,repetidas en personas de 15 a 59 anos,2006-02-01,1,1,1,1,2
BELLA FLOR,consulta externa,repetidas en personas de 15 a 59 anos,2006-02-01,0,1,0,1,1
BERMEJO,consulta externa,repetidas en personas de 15 a 59 anos,2006-02-01,78,105,78,105,183
BETANZOS,consulta externa,repetidas en personas de 15 a 59 anos,2006-02-01,15,25,15,25,40
BOLIVAR,consulta externa,repetidas en personas de 15 a 59 anos,2006-02-01,0,2,0,2,2
BOYUIBE,consulta externa,repetidas en personas de 15 a 59 anos,2006-02-01,17,20,17,20,37
BUENA VISTA,consulta externa,repetidas en personas de 15 a 59 anos,2006-02-01,38,95,38,95,133
CABEZAS,consulta externa,repetidas en personas de 15 a 59 anos,2006-02-01,10,28,10,28,38
CAIROMA,consulta externa,repetidas en personas de 15 a 59 anos,2006-02-01,59,33,59,33,92
"CAIZA ""D""",consulta externa,repetidas en personas de 15 a 59 anos,2006-02-01,5,5,5,5,10
CAJUATA,consulta externa,repetidas en personas de 15 a 59 anos,2006-02-01,6,11,6,11,17
CALACOTO,consulta externa,repetidas en personas de 15 a 59 anos,2006-02-01,3,1,3,1,4
CALAMARCA,consulta externa,repetidas en personas de 15 a 59 anos,2006-02-01,4,6,4,6,10
CAMARGO,consulta externa,repetidas en personas de 15 a 59 anos,2006-02-01,9,24,9,24,33
CAMATAQUI (C. VILLA ABECIA),consulta externa,repetidas en personas de 15 a 59 anos,2006-02-01,1,1,1,1,2
CAMIRI,consulta externa,repetidas en personas de 15 a 59 anos,2006-02-01,45,145,45,145,190
CAPINOTA,consulta externa,repetidas en personas de 15 a 59 anos,2006-02-01,50,52,50,52,102
CAQUIAVIRI,consulta externa,repetidas en personas de 15 a 59 anos,2006-02-01,2,2,2,2,4
CARACOLLO,consulta externa,repetidas en personas de 15 a 59 anos,2006-02-01,9,17,9,17,26
CARANAVI,consulta externa,repetidas en personas de 15 a 59 anos,2006-02-01,16,20,16,20,36
CARAPARI,consulta externa,repetidas en personas de 15 a 59 anos,2006-02-01,5,4,5,4,9
CHALLAPATA,consulta externa,repetidas en personas de 15 a 59 anos,2006-02-01,23,41,23,41,64
CHAQUI,consulta externa,repetidas en personas de 15 a 59 anos,2006-02-01,1,1,1,1,2
CHARAGUA,consulta externa,repetidas en personas de 15 a 59 anos,2006-02-01,10,24,10,24,34
CHARAÑA,consulta externa,repetidas en personas de 15 a 59 anos,2006-02-01,2,4,2,4,6
CHAYANTA,consulta externa,repetidas en personas de 15 a 59 anos,2006-02-01,12,19,12,19,31
CHIMORE,consulta externa,repetidas en personas de 15 a 59 anos,2006-02-01,5,7,5,7,12
CHIPAYA,consulta externa,repetidas en personas de 15 a 59 anos,2006-02-01,2,0,2,0,2
CHOQUE COTA,consulta externa,repetidas en personas de 15 a 59 anos,2006-02-01,0,6,0,6,6
CHULUMANI (V. DE LA LIBERTAD),consulta externa,repetidas en personas de 15 a 59 anos,2006-02-01,48,44,48,44,92
CHUMA,consulta externa,repetidas en personas de 15 a 59 anos,2006-02-01,5,14,5,14,19
CLIZA,consulta externa,repetidas en personas de 15 a 59 anos,2006-02-01,4,5,4,5,9
COBIJA,consulta externa,repetidas en personas de 15 a 59 anos,2006-02-01,68,223,68,223,291
COCHABAMBA,consulta externa,repetidas en personas de 15 a 59 anos,2006-02-01,6935,16492,6935,16492,23427
COLCAPIRHUA,consulta externa,repetidas en personas de 15 a 59 anos,2006-02-01,115,250,115,250,365
"COLCHA ""K""",consulta externa,repetidas en personas de 15 a 59 anos,2006-02-01,11,9,11,9,20
COLLANA,consulta externa,repetidas en personas de 15 a 59 anos,2006-02-01,5,12,5,12,17
COLOMI,consulta externa,repetidas en personas de 15 a 59 anos,2006-02-01,3,4,3,4,7
COLPA BELGICA,consulta externa,repetidas en personas de 15 a 59 anos,2006-02-01,23,33,23,33,56
COLQUENCHA,consulta externa,repetidas en personas de 15 a 59 anos,2006-02-01,2,4,2,4,6
COLQUIRI,consulta externa,repetidas en personas de 15 a 59 anos,2006-02-01,19,35,19,35,54
COMANCHE,consulta externa,repetidas en personas de 15 a 59 anos,2006-02-01,1,3,1,3,4
COMARAPA,consulta externa,repetidas en personas de 15 a 59 anos,2006-02-01,17,28,17,28,45
CONCEPCION,consulta externa,repetidas en personas de 15 a 59 anos,2006-02-01,1,2,1,2,3
COPACABANA,consulta externa,repetidas en personas de 15 a 59 anos,2006-02-01,7,18,7,18,25
CORIPATA,consulta externa,repetidas en personas de 15 a 59 anos,2006-02-01,8,1,8,1,9
CORO CORO,consulta externa,repetidas en personas de 15 a 59 anos,2006-02-01,0,2,0,2,2
COROICO,consulta externa,repetidas en personas de 15 a 59 anos,2006-02-01,28,59,28,59,87
CORQUE,consulta externa,repetidas en personas de 15 a 59 anos,2006-02-01,13,8,13,8,21
COTAGAITA,consulta externa,repetidas en personas de 15 a 59 anos,2006-02-01,80,83,80,83,163
COTOCA,consulta externa,repetidas en personas de 15 a 59 anos,2006-02-01,3,2,3,2,5
CUATRO CAÑADAS,consulta externa,repetidas en personas de 15 a 59 anos,2006-02-01,10,58,10,58,68
CUCHUMUELA (V. G. VILLARROEL),consulta externa,repetidas en personas de 15 a 59 anos,2006-02-01,5,5,5,5,10
CUEVO,consulta externa,repetidas en personas de 15 a 59 anos,2006-02-01,0,1,0,1,1
CULPINA,consulta externa,repetidas en personas de 15 a 59 anos,2006-02-01,0,9,0,9,9
CURAHUARA DE CARANGAS,consulta externa,repetidas en personas de 15 a 59 anos,2006-02-01,1,3,1,3,4
CURVA,consulta externa,repetidas en personas de 15 a 59 anos,2006-02-01,1,1,1,1,2
DESAGUADERO,consulta externa,repetidas en personas de 15 a 59 anos,2006-02-01,0,1,0,1,1
EL ALTO,consulta externa,repetidas en personas de 15 a 59 anos,2006-02-01,2691,4451,2691,4451,7142
EL CHORO,consulta externa,repetidas en personas de 15 a 59 anos,2006-02-01,0,3,0,3,3
EL PUENTE(STC),consulta externa,repetidas en personas de 15 a 59 anos,2006-02-01,1,4,1,4,5
EL PUENTE(TJA),consulta externa,repetidas en personas de 15 a 59 anos,2006-02-01,3,6,3,6,9
EL TORNO,consulta externa,repetidas en personas de 15 a 59 anos,2006-02-01,105,197,105,197,302
EL VILLAR,consulta externa,repetidas en personas de 15 a 59 anos,2006-02-01,2,2,2,2,4
ENTRE RIOS,consulta externa,repetidas en personas de 15 a 59 anos,2006-02-01,7,12,7,12,19
ENTRE RIOS,consulta externa,repetidas en personas de 15 a 59 anos,2006-02-01,7,8,7,8,15
ESCARA,consulta externa,repetidas en personas de 15 a 59 anos,2006-02-01,0,1,0,1,1
EUCALIPTUS,consulta externa,repetidas en personas de 15 a 59 anos,2006-02-01,0,8,0,8,8
EUREKA (SANTOS MERCADO),consulta externa,repetidas en personas de 15 a 59 anos,2006-02-01,5,4,5,4,9
EXALTACION,consulta externa,repetidas en personas de 15 a 59 anos,2006-02-01,4,6,4,6,10
FERNANDEZ ALONSO,consulta externa,repetidas en personas de 15 a 59 anos,2006-02-01,13,24,13,24,37
FILADELFIA,consulta externa,repetidas en personas de 15 a 59 anos,2006-02-01,2,0,2,0,2
GENERAL SAAVEDRA,consulta externa,repetidas en personas de 15 a 59 anos,2006-02-01,8,16,8,16,24
GRAL. J.J. PEREZ (CHARAZANI),consulta externa,repetidas en personas de 15 a 59 anos,2006-02-01,3,7,3,7,10
GUANAY,consulta externa,repetidas en personas de 15 a 59 anos,2006-02-01,1,0,1,0,1
GUAQUI,consulta externa,repetidas en personas de 15 a 59 anos,2006-02-01,5,13,5,13,18
GUAYARAMERIN,consulta externa,repetidas en personas de 15 a 59 anos,2006-02-01,132,130,132,130,262
GUTIERREZ,consulta externa,repetidas en personas de 15 a 59 anos,2006-02-01,13,12,13,12,25
HUACARETA,consulta externa,repetidas en personas de 15 a 59 anos,2006-02-01,28,57,28,57,85
HUACAYA (VILLA DE HUACAYA),consulta externa,repetidas en personas de 15 a 59 anos,2006-02-01,1,0,1,0,1
HUACHACALLA,consulta externa,repetidas en personas de 15 a 59 anos,2006-02-01,0,2,0,2,2
HUANUNI,consulta externa,repetidas en personas de 15 a 59 anos,2006-02-01,114,139,114,139,253
HUARACAJE,consulta externa,repetidas en personas de 15 a 59 anos,2006-02-01,5,14,5,14,19
HUAYLLAMARCA,consulta externa,repetidas en personas de 15 a 59 anos,2006-02-01,0,2,0,2,2
ICHOCA,consulta externa,repetidas en personas de 15 a 59 anos,2006-02-01,2,4,2,4,6
ICLA,consulta externa,repetidas en personas de 15 a 59 anos,2006-02-01,0,3,0,3,3
INCAHUASI,consulta externa,repetidas en personas de 15 a 59 anos,2006-02-01,0,1,0,1,1
INGAVI (HUMAITA),consulta externa,repetidas en personas de 15 a 59 anos,2006-02-01,3,0,3,0,3
INQUISIVI,consulta externa,repetidas en personas de 15 a 59 anos,2006-02-01,11,9,11,9,20
IRUPANA (VILLA DE LANZA),consulta externa,repetidas en personas de 15 a 59 anos,2006-02-01,8,19,8,19,27
IXIAMAS,consulta externa,repetidas en personas de 15 a 59 anos,2006-02-01,3,12,3,12,15
JESUS DE MACHACA,consulta externa,repetidas en personas de 15 a 59 anos,2006-02-01,17,26,17,26,43
LA GUARDIA,consulta externa,repetidas en personas de 15 a 59 anos,2006-02-01,19,73,19,73,92
LA PAZ,consulta externa,repetidas en personas de 15 a 59 anos,2006-02-01,11787,25009,11787,25009,36796
LAGUNILLAS,consulta externa,repetidas en personas de 15 a 59 anos,2006-02-01,2,1,2,1,3
LAJA,consulta externa,repetidas en personas de 15 a 59 anos,2006-02-01,15,17,15,17,32
LAS CARRERAS,consulta externa,repetidas en personas de 15 a 59 anos,2006-02-01,8,9,8,9,17
LICOMA PAMPA,consulta externa,repetidas en personas de 15 a 59 anos,2006-02-01,4,4,4,4,8
LLALLAGUA,consulta externa,repetidas en personas de 15 a 59 anos,2006-02-01,81,143,81,143,224
LLICA,consulta externa,repetidas en personas de 15 a 59 anos,2006-02-01,6,3,6,3,9
LORETO,consulta externa,repetidas en personas de 15 a 59 anos,2006-02-01,2,2,2,2,4
LURIBAY,consulta externa,repetidas en personas de 15 a 59 anos,2006-02-01,1,3,1,3,4
MACHACAMARCA,consulta externa,repetidas en personas de 15 a 59 anos,2006-02-01,8,18,8,18,26
MACHARETI,consulta externa,repetidas en personas de 15 a 59 anos,2006-02-01,7,47,7,47,54
MAGDALENA,consulta externa,repetidas en personas de 15 a 59 anos,2006-02-01,28,129,28,129,157
MAIRANA,consulta externa,repetidas en personas de 15 a 59 anos,2006-02-01,1,4,1,4,5
MALLA,consulta externa,repetidas en personas de 15 a 59 anos,2006-02-01,0,6,0,6,6
MAPIRI,consulta externa,repetidas en personas de 15 a 59 anos,2006-02-01,0,1,0,1,1
MECAPACA,consulta externa,repetidas en personas de 15 a 59 anos,2006-02-01,14,20,14,20,34
MINEROS,consulta externa,repetidas en personas de 15 a 59 anos,2006-02-01,0,55,0,55,55
MIZQUE,consulta externa,repetidas en personas de 15 a 59 anos,2006-02-01,6,14,6,14,20
MOCOMOCO,consulta externa,repetidas en personas de 15 a 59 anos,2006-02-01,3,7,3,7,10
MOJINETE,consulta externa,repetidas en personas de 15 a 59 anos,2006-02-01,0,2,0,2,2
MOJOCOYA,consulta externa,repetidas en personas de 15 a 59 anos,2006-02-01,3,7,3,7,10
MONTEAGUDO,consulta externa,repetidas en personas de 15 a 59 anos,2006-02-01,54,239,54,239,293
MONTERO,consulta externa,repetidas en personas de 15 a 59 anos,2006-02-01,540,840,540,840,1380
MORO MORO,consulta externa,repetidas en personas de 15 a 59 anos,2006-02-01,0,10,0,10,10
MOROCHATA,consulta externa,repetidas en personas de 15 a 59 anos,2006-02-01,8,61,8,61,69
NUEVO MANOA (NUEVA ESPERANZA),consulta externa,repetidas en personas de 15 a 59 anos,2006-02-01,0,4,0,4,4
OCURI,consulta externa,repetidas en personas de 15 a 59 anos,2006-02-01,0,1,0,1,1
OKINAWA,consulta externa,repetidas en personas de 15 a 59 anos,2006-02-01,9,35,9,35,44
ORURO,consulta externa,repetidas en personas de 15 a 59 anos,2006-02-01,1408,3879,1408,3879,5287
PADCAYA,consulta externa,repetidas en personas de 15 a 59 anos,2006-02-01,13,29,13,29,42
PADILLA,consulta externa,repetidas en personas de 15 a 59 anos,2006-02-01,8,30,8,30,38
PAILON,consulta externa,repetidas en personas de 15 a 59 anos,2006-02-01,3,16,3,16,19
PALCA,consulta externa,repetidas en personas de 15 a 59 anos,2006-02-01,10,8,10,8,18
PALOS BLANCOS,consulta externa,repetidas en personas de 15 a 59 anos,2006-02-01,16,36,16,36,52
PAMPA AULLAGAS,consulta externa,repetidas en personas de 15 a 59 anos,2006-02-01,1,0,1,0,1
PAMPA GRANDE,consulta externa,repetidas en personas de 15 a 59 anos,2006-02-01,7,11,7,11,18
PAPEL PAMPA,consulta externa,repetidas en personas de 15 a 59 anos,2006-02-01,1,1,1,1,2
PASORAPA,consulta externa,repetidas en personas de 15 a 59 anos,2006-02-01,1,1,1,1,2
PATACAMAYA,consulta externa,repetidas en personas de 15 a 59 anos,2006-02-01,2,1,2,1,3
PAZÑA,consulta externa,repetidas en personas de 15 a 59 anos,2006-02-01,11,13,11,13,24
PELECHUCO,consulta externa,repetidas en personas de 15 a 59 anos,2006-02-01,3,0,3,0,3
POCOATA,consulta externa,repetidas en personas de 15 a 59 anos,2006-02-01,6,9,6,9,15
POCONA,consulta externa,repetidas en personas de 15 a 59 anos,2006-02-01,7,5,7,5,12
POJO (CBBA),consulta externa,repetidas en personas de 15 a 59 anos,2006-02-01,2,0,2,0,2
POOPO,consulta externa,repetidas en personas de 15 a 59 anos,2006-02-01,3,0,3,0,3
PORCO,consulta externa,repetidas en personas de 15 a 59 anos,2006-02-01,4,4,4,4,8
POROMA,consulta externa,repetidas en personas de 15 a 59 anos,2006-02-01,6,13,6,13,19
PORONGO,consulta externa,repetidas en personas de 15 a 59 anos,2006-02-01,5,11,5,11,16
PORTACHUELO,consulta externa,repetidas en personas de 15 a 59 anos,2006-02-01,39,102,39,102,141
POSTRER VALLE,consulta externa,repetidas en personas de 15 a 59 anos,2006-02-01,1,6,1,6,7
POTOSI,consulta externa,repetidas en personas de 15 a 59 anos,2006-02-01,4643,3534,4643,3534,8177
PRESTO,consulta externa,repetidas en personas de 15 a 59 anos,2006-02-01,1,1,1,1,2
PUCARA,consulta externa,repetidas en personas de 15 a 59 anos,2006-02-01,2,2,2,2,4
PUCARANI,consulta externa,repetidas en personas de 15 a 59 anos,2006-02-01,5,8,5,8,13
PUERTO ACOSTA,consulta externa,repetidas en personas de 15 a 59 anos,2006-02-01,21,19,21,19,40
PUERTO CARABUCO,consulta externa,repetidas en personas de 15 a 59 anos,2006-02-01,4,6,4,6,10
PUERTO GONZALO MORENO,consulta externa,repetidas en personas de 15 a 59 anos,2006-02-01,3,11,3,11,14
PUERTO PEREZ,consulta externa,repetidas en personas de 15 a 59 anos,2006-02-01,3,10,3,10,13
PUERTO QUIJARRO,consulta externa,repetidas en personas de 15 a 59 anos,2006-02-01,56,60,56,60,116
PUERTO SILES,consulta externa,repetidas en personas de 15 a 59 anos,2006-02-01,1,0,1,0,1
PUERTO SUAREZ,consulta externa,repetidas en personas de 15 a 59 anos,2006-02-01,28,75,28,75,103
PUERTO VILLARROEL,consulta externa,repetidas en personas de 15 a 59 anos,2006-02-01,26,41,26,41,67
PUNA,consulta externa,repetidas en personas de 15 a 59 anos,2006-02-01,5,6,5,6,11
PUNATA,consulta externa,repetidas en personas de 15 a 59 anos,2006-02-01,78,192,78,192,270
QUIABAYA,consulta externa,repetidas en personas de 15 a 59 anos,2006-02-01,0,1,0,1,1
QUILLACOLLO,consulta externa,repetidas en personas de 15 a 59 anos,2006-02-01,72,319,72,319,391
QUIME,consulta externa,repetidas en personas de 15 a 59 anos,2006-02-01,22,5,22,5,27
QUIRUSILLAS,consulta externa,repetidas en personas de 15 a 59 anos,2006-02-01,0,2,0,2,2
RAVELO,consulta externa,repetidas en personas de 15 a 59 anos,2006-02-01,2,4,2,4,6
REYES,consulta externa,repetidas en personas de 15 a 59 anos,2006-02-01,34,64,34,64,98
RIBERALTA,consulta externa,repetidas en personas de 15 a 59 anos,2006-02-01,84,532,84,532,616
ROBORE,consulta externa,repetidas en personas de 15 a 59 anos,2006-02-01,29,66,29,66,95
RURRENABAQUE,consulta externa,repetidas en personas de 15 a 59 anos,2006-02-01,20,48,20,48,68
SABAYA,consulta externa,repetidas en personas de 15 a 59 anos,2006-02-01,2,0,2,0,2
SACABA,consulta externa,repetidas en personas de 15 a 59 anos,2006-02-01,98,434,98,434,532
SACABAMBA,consulta externa,repetidas en personas de 15 a 59 anos,2006-02-01,0,2,0,2,2
SACACA,consulta externa,repetidas en personas de 15 a 59 anos,2006-02-01,2,5,2,5,7
SAIPINA,consulta externa,repetidas en personas de 15 a 59 anos,2006-02-01,18,47,18,47,65
SALINAS DE GARCI MENDOZA,consulta externa,repetidas en personas de 15 a 59 anos,2006-02-01,7,8,7,8,15
SAMAIPATA,consulta externa,repetidas en personas de 15 a 59 anos,2006-02-01,3,8,3,8,11
SAN AGUSTIN,consulta externa,repetidas en personas de 15 a 59 anos,2006-02-01,2,5,2,5,7
SAN ANDRES,consulta externa,repetidas en personas de 15 a 59 anos,2006-02-01,9,8,9,8,17
SAN ANDRES DE MACHACA,consulta externa,repetidas en personas de 15 a 59 anos,2006-02-01,4,3,4,3,7
SAN ANTONIO DE LOMERIO,consulta externa,repetidas en personas de 15 a 59 anos,2006-02-01,1,3,1,3,4
SAN BENITO,consulta externa,repetidas en personas de 15 a 59 anos,2006-02-01,6,28,6,28,34
SAN BORJA,consulta externa,repetidas en personas de 15 a 59 anos,2006-02-01,32,114,32,114,146
SAN BUENA VENTURA,consulta externa,repetidas en personas de 15 a 59 anos,2006-02-01,12,23,12,23,35
SAN CARLOS,consulta externa,repetidas en personas de 15 a 59 anos,2006-02-01,9,61,9,61,70
SAN IGNACIO,consulta externa,repetidas en personas de 15 a 59 anos,2006-02-01,22,68,22,68,90
SAN IGNACIO DE VELASCO,consulta externa,repetidas en personas de 15 a 59 anos,2006-02-01,70,158,70,158,228
SAN JAVIER(BNI),consulta externa,repetidas en personas de 15 a 59 anos,2006-02-01,3,0,3,0,3
SAN JAVIER(STC),consulta externa,repetidas en personas de 15 a 59 anos,2006-02-01,20,30,20,30,50
SAN JOAQUIN,consulta externa,repetidas en personas de 15 a 59 anos,2006-02-01,3,8,3,8,11
SAN JOSE DE CHIQUITOS,consulta externa,repetidas en personas de 15 a 59 anos,2006-02-01,2,19,2,19,21
SAN JUAN DE YAPACANI,consulta externa,repetidas en personas de 15 a 59 anos,2006-02-01,40,27,40,27,67
SAN JULIAN,consulta externa,repetidas en personas de 15 a 59 anos,2006-02-01,85,399,85,399,484
SAN LORENZO(PND),consulta externa,repetidas en personas de 15 a 59 anos,2006-02-01,1,4,1,4,5
SAN LORENZO(TJA),consulta externa,repetidas en personas de 15 a 59 anos,2006-02-01,6,50,6,50,56
SAN LUCAS,consulta externa,repetidas en personas de 15 a 59 anos,2006-02-01,28,40,28,40,68
SAN MATIAS,consulta externa,repetidas en personas de 15 a 59 anos,2006-02-01,23,33,23,33,56
SAN MIGUEL DE VELASCO,consulta externa,repetidas en personas de 15 a 59 anos,2006-02-01,37,78,37,78,115
SAN PABLO DE LIPEZ,consulta externa,repetidas en personas de 15 a 59 anos,2006-02-01,5,10,5,10,15
SAN PEDRO,consulta externa,repetidas en personas de 15 a 59 anos,2006-02-01,42,66,42,66,108
SAN PEDRO DE BUENA VISTA,consulta externa,repetidas en personas de 15 a 59 anos,2006-02-01,2,0,2,0,2
SAN PEDRO DE CURAHUARA,consulta externa,repetidas en personas de 15 a 59 anos,2006-02-01,0,2,0,2,2
SAN PEDRO DE TIQUINA,consulta externa,repetidas en personas de 15 a 59 anos,2006-02-01,1,2,1,2,3
SAN RAFAEL,consulta externa,repetidas en personas de 15 a 59 anos,2006-02-01,2,2,2,2,4
SAN RAMON,consulta externa,repetidas en personas de 15 a 59 anos,2006-02-01,6,13,6,13,19
SAN RAMON,consulta externa,repetidas en personas de 15 a 59 anos,2006-02-01,12,91,12,91,103
SANTA ANA,consulta externa,repetidas en personas de 15 a 59 anos,2006-02-01,58,93,58,93,151
SANTA CRUZ DE LA SIERRA,consulta externa,repetidas en personas de 15 a 59 anos,2006-02-01,5340,11760,5340,11760,17100
SANTA ROSA,consulta externa,repetidas en personas de 15 a 59 anos,2006-02-01,0,9,0,9,9
SANTA ROSA DEL SARA,consulta externa,repetidas en personas de 15 a 59 anos,2006-02-01,6,11,6,11,17
SANTIAGO DE HUARI,consulta externa,repetidas en personas de 15 a 59 anos,2006-02-01,4,11,4,11,15
SANTIAGO DE MACHACA,consulta externa,repetidas en personas de 15 a 59 anos,2006-02-01,3,1,3,1,4
SANTIVAÑES,consulta externa,repetidas en personas de 15 a 59 anos,2006-02-01,1,12,1,12,13
SANTUARIO DE QUILLACAS,consulta externa,repetidas en personas de 15 a 59 anos,2006-02-01,2,8,2,8,10
SAPAHAQUI,consulta externa,repetidas en personas de 15 a 59 anos,2006-02-01,3,2,3,2,5
SENA,consulta externa,repetidas en personas de 15 a 59 anos,2006-02-01,7,5,7,5,12
SICA SICA (VILLA AROMA),consulta externa,repetidas en personas de 15 a 59 anos,2006-02-01,4,20,4,20,24
SIPE SIPE,consulta externa,repetidas en personas de 15 a 59 anos,2006-02-01,10,210,10,210,220
SOPACHUY,consulta externa,repetidas en personas de 15 a 59 anos,2006-02-01,4,6,4,6,10
SORACACHI,consulta externa,repetidas en personas de 15 a 59 anos,2006-02-01,6,7,6,7,13
SORATA,consulta externa,repetidas en personas de 15 a 59 anos,2006-02-01,3,2,3,2,5
SUCRE,consulta externa,repetidas en personas de 15 a 59 anos,2006-02-01,2179,5914,2179,5914,8093
TACACHI,consulta externa,repetidas en personas de 15 a 59 anos,2006-02-01,2,9,2,9,11
TACACOMA,consulta externa,repetidas en personas de 15 a 59 anos,2006-02-01,0,2,0,2,2
TACOBAMBA,consulta externa,repetidas en personas de 15 a 59 anos,2006-02-01,1,0,1,0,1
TACOPAYA,consulta externa,repetidas en personas de 15 a 59 anos,2006-02-01,0,5,0,5,5
TAPACARI,consulta externa,repetidas en personas de 15 a 59 anos,2006-02-01,3,21,3,21,24
TARABUCO,consulta externa,repetidas en personas de 15 a 59 anos,2006-02-01,19,31,19,31,50
TARATA,consulta externa,repetidas en personas de 15 a 59 anos,2006-02-01,4,11,4,11,15
TARIJA,consulta externa,repetidas en personas de 15 a 59 anos,2006-02-01,1686,4844,1686,4844,6530
TARVITA,consulta externa,repetidas en personas de 15 a 59 anos,2006-02-01,6,17,6,17,23
TEOPONTE,consulta externa,repetidas en personas de 15 a 59 anos,2006-02-01,4,3,4,3,7
TIAWANACU,consulta externa,repetidas en personas de 15 a 59 anos,2006-02-01,9,13,9,13,22
TINGUIPAYA,consulta externa,repetidas en personas de 15 a 59 anos,2006-02-01,0,1,0,1,1
TIPUANI,consulta externa,repetidas en personas de 15 a 59 anos,2006-02-01,6,3,6,3,9
TIQUIPAYA,consulta externa,repetidas en personas de 15 a 59 anos,2006-02-01,23,264,23,264,287
TIRAQUE (CBBA),consulta externa,repetidas en personas de 15 a 59 anos,2006-02-01,53,197,53,197,250
TITO YUPANQUI (PARQUIPUJIO),consulta externa,repetidas en personas de 15 a 59 anos,2006-02-01,1,5,1,5,6
TOLATA,consulta externa,repetidas en personas de 15 a 59 anos,2006-02-01,1,8,1,8,9
TOLEDO,consulta externa,repetidas en personas de 15 a 59 anos,2006-02-01,1,2,1,2,3
TOMAVE,consulta externa,repetidas en personas de 15 a 59 anos,2006-02-01,4,5,4,5,9
TOMINA,consulta externa,repetidas en personas de 15 a 59 anos,2006-02-01,3,2,3,2,5
TORO TORO,consulta externa,repetidas en personas de 15 a 59 anos,2006-02-01,3,3,3,3,6
TOTORA(CBBA),consulta externa,repetidas en personas de 15 a 59 anos,2006-02-01,2,5,2,5,7
TRIGAL,consulta externa,repetidas en personas de 15 a 59 anos,2006-02-01,2,3,2,3,5
TRINIDAD,consulta externa,repetidas en personas de 15 a 59 anos,2006-02-01,760,1215,760,1215,1975
TUPIZA,consulta externa,repetidas en personas de 15 a 59 anos,2006-02-01,209,329,209,329,538
UNCIA,consulta externa,repetidas en personas de 15 a 59 anos,2006-02-01,184,208,184,208,392
URIONDO (A. CONCEPCION),consulta externa,repetidas en personas de 15 a 59 anos,2006-02-01,6,18,6,18,24
URUBICHA,consulta externa,repetidas en personas de 15 a 59 anos,2006-02-01,0,114,0,114,114
UYUNI,consulta externa,repetidas en personas de 15 a 59 anos,2006-02-01,58,107,58,107,165
VACAS,consulta externa,repetidas en personas de 15 a 59 anos,2006-02-01,16,30,16,30,46
VALLEGRANDE,consulta externa,repetidas en personas de 15 a 59 anos,2006-02-01,41,99,41,99,140
VIACHA,consulta externa,repetidas en personas de 15 a 59 anos,2006-02-01,120,256,120,256,376
VILA VILA,consulta externa,repetidas en personas de 15 a 59 anos,2006-02-01,0,1,0,1,1
VILLA MONTES,consulta externa,repetidas en personas de 15 a 59 anos,2006-02-01,48,77,48,77,125
VILLA RIVERO,consulta externa,repetidas en personas de 15 a 59 anos,2006-02-01,5,53,5,53,58
VILLA SERRANO,consulta externa,repetidas en personas de 15 a 59 anos,2006-02-01,0,4,0,4,4
VILLA TUNARI,consulta externa,repetidas en personas de 15 a 59 anos,2006-02-01,43,63,43,63,106
VILLA VACA GUZMAN (MUYUPAMPA),consulta externa,repetidas en personas de 15 a 59 anos,2006-02-01,11,23,11,23,34
VILLAZON,consulta externa,repetidas en personas de 15 a 59 anos,2006-02-01,70,109,70,109,179
VINTO,consulta externa,repetidas en personas de 15 a 59 anos,2006-02-01,31,48,31,48,79
VITICHI,consulta externa,repetidas en personas de 15 a 59 anos,2006-02-01,8,11,8,11,19
WARNES,consulta externa,repetidas en personas de 15 a 59 anos,2006-02-01,56,149,56,149,205
YACO,consulta externa,repetidas en personas de 15 a 59 anos,2006-02-01,2,1,2,1,3
YACUIBA,consulta externa,repetidas en personas de 15 a 59 anos,2006-02-01,226,952,226,952,1178
YAMPARAEZ,consulta externa,repetidas en personas de 15 a 59 anos,2006-02-01,15,28,15,28,43
YANACACHI,consulta externa,repetidas en personas de 15 a 59 anos,2006-02-01,16,8,16,8,24
YAPACANI,consulta externa,repetidas en personas de 15 a 59 anos,2006-02-01,15,234,15,234,249
YOCALLA,consulta externa,repetidas en personas de 15 a 59 anos,2006-02-01,3,3,3,3,6
YOTALA,consulta externa,repetidas en personas de 15 a 59 anos,2006-02-01,11,35,11,35,46
YUNCHARA,consulta externa,repetidas en personas de 15 a 59 anos,2006-02-01,0,2,0,2,2
ZUDAÑEZ,consulta externa,repetidas en personas de 15 a 59 anos,2006-02-01,2,4,2,4,6
ACACIO,consulta externa,repetidas en personas de 15 a 59 anos,2006-03-01,0,2,0,2,2
ACHACACHI,consulta externa,repetidas en personas de 15 a 59 anos,2006-03-01,40,33,40,33,73
ACHOCALLA,consulta externa,repetidas en personas de 15 a 59 anos,2006-03-01,0,4,0,4,4
AIQUILE,consulta externa,repetidas en personas de 15 a 59 anos,2006-03-01,50,364,50,364,414
ALALAY,consulta externa,repetidas en personas de 15 a 59 anos,2006-03-01,0,1,0,1,1
ALCALA,consulta externa,repetidas en personas de 15 a 59 anos,2006-03-01,3,11,3,11,14
ANCORAIMES,consulta externa,repetidas en personas de 15 a 59 anos,2006-03-01,11,21,11,21,32
ANDAMARCA,consulta externa,repetidas en personas de 15 a 59 anos,2006-03-01,6,6,6,6,12
ANZALDO,consulta externa,repetidas en personas de 15 a 59 anos,2006-03-01,1,10,1,10,11
APOLO,consulta externa,repetidas en personas de 15 a 59 anos,2006-03-01,16,11,16,11,27
ARANI,consulta externa,repetidas en personas de 15 a 59 anos,2006-03-01,3,24,3,24,27
ARBIETO,consulta externa,repetidas en personas de 15 a 59 anos,2006-03-01,5,18,5,18,23
ARQUE,consulta externa,repetidas en personas de 15 a 59 anos,2006-03-01,2,3,2,3,5
ASCENCION DE GUARAYOS,consulta externa,repetidas en personas de 15 a 59 anos,2006-03-01,2,1,2,1,3
ATOCHA,consulta externa,repetidas en personas de 15 a 59 anos,2006-03-01,321,382,321,382,703
AUCAPATA,consulta externa,repetidas en personas de 15 a 59 anos,2006-03-01,4,9,4,9,13
AYATA,consulta externa,repetidas en personas de 15 a 59 anos,2006-03-01,2,1,2,1,3
AYO AYO,consulta externa,repetidas en personas de 15 a 59 anos,2006-03-01,6,5,6,5,11
AYOPAYA (V. DE INDEPENDENCIA),consulta externa,repetidas en personas de 15 a 59 anos,2006-03-01,7,12,7,12,19
BATALLAS,consulta externa,repetidas en personas de 15 a 59 anos,2006-03-01,12,2,12,2,14
BAURES,consulta externa,repetidas en personas de 15 a 59 anos,2006-03-01,6,15,6,15,21
BELEN DE ANDAMARCA,consulta externa,repetidas en personas de 15 a 59 anos,2006-03-01,5,13,5,13,18
BELEN DE URMIRI,consulta externa,repetidas en personas de 15 a 59 anos,2006-03-01,4,7,4,7,11
BELLA FLOR,consulta externa,repetidas en personas de 15 a 59 anos,2006-03-01,1,5,1,5,6
BERMEJO,consulta externa,repetidas en personas de 15 a 59 anos,2006-03-01,85,172,85,172,257
BETANZOS,consulta externa,repetidas en personas de 15 a 59 anos,2006-03-01,30,39,30,39,69
BOLIVAR,consulta externa,repetidas en personas de 15 a 59 anos,2006-03-01,0,2,0,2,2
BOLPEBRA,consulta externa,repetidas en personas de 15 a 59 anos,2006-03-01,1,1,1,1,2
BOYUIBE,consulta externa,repetidas en personas de 15 a 59 anos,2006-03-01,3,12,3,12,15
BUENA VISTA,consulta externa,repetidas en personas de 15 a 59 anos,2006-03-01,35,102,35,102,137
CABEZAS,consulta externa,repetidas en personas de 15 a 59 anos,2006-03-01,10,4,10,4,14
CAIROMA,consulta externa,repetidas en personas de 15 a 59 anos,2006-03-01,67,49,67,49,116
"CAIZA ""D""",consulta externa,repetidas en personas de 15 a 59 anos,2006-03-01,6,5,6,5,11
CAJUATA,consulta externa,repetidas en personas de 15 a 59 anos,2006-03-01,4,6,4,6,10
CALACOTO,consulta externa,repetidas en personas de 15 a 59 anos,2006-03-01,2,6,2,6,8
CALAMARCA,consulta externa,repetidas en personas de 15 a 59 anos,2006-03-01,6,8,6,8,14
CAMARGO,consulta externa,repetidas en personas de 15 a 59 anos,2006-03-01,14,32,14,32,46
CAMATAQUI (C. VILLA ABECIA),consulta externa,repetidas en personas de 15 a 59 anos,2006-03-01,3,1,3,1,4
CAMIRI,consulta externa,repetidas en personas de 15 a 59 anos,2006-03-01,83,153,83,153,236
CAPINOTA,consulta externa,repetidas en personas de 15 a 59 anos,2006-03-01,17,38,17,38,55
CAQUIAVIRI,consulta externa,repetidas en personas de 15 a 59 anos,2006-03-01,5,5,5,5,10
CARACOLLO,consulta externa,repetidas en personas de 15 a 59 anos,2006-03-01,5,15,5,15,20
CARANAVI,consulta externa,repetidas en personas de 15 a 59 anos,2006-03-01,16,19,16,19,35
CARAPARI,consulta externa,repetidas en personas de 15 a 59 anos,2006-03-01,1,1,1,1,2
CARIPUYO,consulta externa,repetidas en personas de 15 a 59 anos,2006-03-01,1,0,1,0,1
CARMEN RIVERO TORREZ,consulta externa,repetidas en personas de 15 a 59 anos,2006-03-01,1,0,1,0,1
CHALLAPATA,consulta externa,repetidas en personas de 15 a 59 anos,2006-03-01,24,23,24,23,47
CHAQUI,consulta externa,repetidas en personas de 15 a 59 anos,2006-03-01,1,6,1,6,7
CHARAGUA,consulta externa,repetidas en personas de 15 a 59 anos,2006-03-01,7,42,7,42,49
CHARAÑA,consulta externa,repetidas en personas de 15 a 59 anos,2006-03-01,2,2,2,2,4
CHAYANTA,consulta externa,repetidas en personas de 15 a 59 anos,2006-03-01,7,21,7,21,28
CHIMORE,consulta externa,repetidas en personas de 15 a 59 anos,2006-03-01,2,21,2,21,23
CHOQUE COTA,consulta externa,repetidas en personas de 15 a 59 anos,2006-03-01,3,6,3,6,9
CHULUMANI (V. DE LA LIBERTAD),consulta externa,repetidas en personas de 15 a 59 anos,2006-03-01,69,24,69,24,93
CHUMA,consulta externa,repetidas en personas de 15 a 59 anos,2006-03-01,2,5,2,5,7
CLIZA,consulta externa,repetidas en personas de 15 a 59 anos,2006-03-01,4,6,4,6,10
COBIJA,consulta externa,repetidas en personas de 15 a 59 anos,2006-03-01,65,620,65,620,685
COCHABAMBA,consulta externa,repetidas en personas de 15 a 59 anos,2006-03-01,8855,21035,8855,21035,29890
COLCAPIRHUA,consulta externa,repetidas en personas de 15 a 59 anos,2006-03-01,117,448,117,448,565
"COLCHA ""K""",consulta externa,repetidas en personas de 15 a 59 anos,2006-03-01,11,16,11,16,27
COLLANA,consulta externa,repetidas en personas de 15 a 59 anos,2006-03-01,6,6,6,6,12
COLOMI,consulta externa,repetidas en personas de 15 a 59 anos,2006-03-01,7,7,7,7,14
COLPA BELGICA,consulta externa,repetidas en personas de 15 a 59 anos,2006-03-01,22,51,22,51,73
COLQUECHACA,consulta externa,repetidas en personas de 15 a 59 anos,2006-03-01,7,11,7,11,18
COLQUENCHA,consulta externa,repetidas en personas de 15 a 59 anos,2006-03-01,2,6,2,6,8
COLQUIRI,consulta externa,repetidas en personas de 15 a 59 anos,2006-03-01,33,28,33,28,61
COMANCHE,consulta externa,repetidas en personas de 15 a 59 anos,2006-03-01,3,2,3,2,5
COMARAPA,consulta externa,repetidas en personas de 15 a 59 anos,2006-03-01,16,36,16,36,52
COMBAYA,consulta externa,repetidas en personas de 15 a 59 anos,2006-03-01,0,1,0,1,1
CONCEPCION,consulta externa,repetidas en personas de 15 a 59 anos,2006-03-01,1,3,1,3,4
COPACABANA,consulta externa,repetidas en personas de 15 a 59 anos,2006-03-01,8,11,8,11,19
CORIPATA,consulta externa,repetidas en personas de 15 a 59 anos,2006-03-01,2,3,2,3,5
CORO CORO,consulta externa,repetidas en personas de 15 a 59 anos,2006-03-01,0,4,0,4,4
COROICO,consulta externa,repetidas en personas de 15 a 59 anos,2006-03-01,42,71,42,71,113
CORQUE,consulta externa,repetidas en personas de 15 a 59 anos,2006-03-01,12,13,12,13,25
COTAGAITA,consulta externa,repetidas en personas de 15 a 59 anos,2006-03-01,77,114,77,114,191
COTOCA,consulta externa,repetidas en personas de 15 a 59 anos,2006-03-01,12,25,12,25,37
CUATRO CAÑADAS,consulta externa,repetidas en personas de 15 a 59 anos,2006-03-01,13,77,13,77,90
CUCHUMUELA (V. G. VILLARROEL),consulta externa,repetidas en personas de 15 a 59 anos,2006-03-01,4,10,4,10,14
CUEVO,consulta externa,repetidas en personas de 15 a 59 anos,2006-03-01,3,5,3,5,8
CULPINA,consulta externa,repetidas en personas de 15 a 59 anos,2006-03-01,3,8,3,8,11
CURAHUARA DE CARANGAS,consulta externa,repetidas en personas de 15 a 59 anos,2006-03-01,0,1,0,1,1
EL ALTO,consulta externa,repetidas en personas de 15 a 59 anos,2006-03-01,4459,7122,4459,7122,11581
EL CHORO,consulta externa,repetidas en personas de 15 a 59 anos,2006-03-01,1,4,1,4,5
EL PUENTE(STC),consulta externa,repetidas en personas de 15 a 59 anos,2006-03-01,0,5,0,5,5
EL PUENTE(TJA),consulta externa,repetidas en personas de 15 a 59 anos,2006-03-01,4,13,4,13,17
EL TORNO,consulta externa,repetidas en personas de 15 a 59 anos,2006-03-01,123,173,123,173,296
EL VILLAR,consulta externa,repetidas en personas de 15 a 59 anos,2006-03-01,2,1,2,1,3
ENTRE RIOS,consulta externa,repetidas en personas de 15 a 59 anos,2006-03-01,9,21,9,21,30
ENTRE RIOS,consulta externa,repetidas en personas de 15 a 59 anos,2006-03-01,13,20,13,20,33
EUCALIPTUS,consulta externa,repetidas en personas de 15 a 59 anos,2006-03-01,2,3,2,3,5
EXALTACION,consulta externa,repetidas en personas de 15 a 59 anos,2006-03-01,3,6,3,6,9
FERNANDEZ ALONSO,consulta externa,repetidas en personas de 15 a 59 anos,2006-03-01,36,52,36,52,88
GENERAL SAAVEDRA,consulta externa,repetidas en personas de 15 a 59 anos,2006-03-01,17,20,17,20,37
GRAL. J.J. PEREZ (CHARAZANI),consulta externa,repetidas en personas de 15 a 59 anos,2006-03-01,5,5,5,5,10
GUAQUI,consulta externa,repetidas en personas de 15 a 59 anos,2006-03-01,7,13,7,13,20
GUAYARAMERIN,consulta externa,repetidas en personas de 15 a 59 anos,2006-03-01,150,273,150,273,423
GUTIERREZ,consulta externa,repetidas en personas de 15 a 59 anos,2006-03-01,12,12,12,12,24
HUACARETA,consulta externa,repetidas en personas de 15 a 59 anos,2006-03-01,9,61,9,61,70
HUACHACALLA,consulta externa,repetidas en personas de 15 a 59 anos,2006-03-01,1,2,1,2,3
HUANUNI,consulta externa,repetidas en personas de 15 a 59 anos,2006-03-01,109,119,109,119,228
HUARACAJE,consulta externa,repetidas en personas de 15 a 59 anos,2006-03-01,12,26,12,26,38
HUAYLLAMARCA,consulta externa,repetidas en personas de 15 a 59 anos,2006-03-01,1,5,1,5,6
ICHOCA,consulta externa,repetidas en personas de 15 a 59 anos,2006-03-01,1,2,1,2,3
ICLA,consulta externa,repetidas en personas de 15 a 59 anos,2006-03-01,2,2,2,2,4
INCAHUASI,consulta externa,repetidas en personas de 15 a 59 anos,2006-03-01,4,5,4,5,9
INGAVI (HUMAITA),consulta externa,repetidas en personas de 15 a 59 anos,2006-03-01,3,4,3,4,7
INQUISIVI,consulta externa,repetidas en personas de 15 a 59 anos,2006-03-01,10,12,10,12,22
IRUPANA (VILLA DE LANZA),consulta externa,repetidas en personas de 15 a 59 anos,2006-03-01,11,17,11,17,28
IXIAMAS,consulta externa,repetidas en personas de 15 a 59 anos,2006-03-01,3,4,3,4,7
JESUS DE MACHACA,consulta externa,repetidas en personas de 15 a 59 anos,2006-03-01,10,19,10,19,29
LA ASUNTA,consulta externa,repetidas en personas de 15 a 59 anos,2006-03-01,3,3,3,3,6
LA GUARDIA,consulta externa,repetidas en personas de 15 a 59 anos,2006-03-01,19,254,19,254,273
LA PAZ,consulta externa,repetidas en personas de 15 a 59 anos,2006-03-01,15553,32943,15553,32943,48496
LAGUNILLAS,consulta externa,repetidas en personas de 15 a 59 anos,2006-03-01,0,1,0,1,1
LAJA,consulta externa,repetidas en personas de 15 a 59 anos,2006-03-01,26,6,26,6,32
LAS CARRERAS,consulta externa,repetidas en personas de 15 a 59 anos,2006-03-01,6,13,6,13,19
LICOMA PAMPA,consulta externa,repetidas en personas de 15 a 59 anos,2006-03-01,1,2,1,2,3
LLALLAGUA,consulta externa,repetidas en personas de 15 a 59 anos,2006-03-01,109,157,109,157,266
LLICA,consulta externa,repetidas en personas de 15 a 59 anos,2006-03-01,8,9,8,9,17
LORETO,consulta externa,repetidas en personas de 15 a 59 anos,2006-03-01,4,3,4,3,7
LURIBAY,consulta externa,repetidas en personas de 15 a 59 anos,2006-03-01,2,6,2,6,8
MACHACAMARCA,consulta externa,repetidas en personas de 15 a 59 anos,2006-03-01,9,9,9,9,18
MACHARETI,consulta externa,repetidas en personas de 15 a 59 anos,2006-03-01,8,43,8,43,51
MAGDALENA,consulta externa,repetidas en personas de 15 a 59 anos,2006-03-01,43,85,43,85,128
MAIRANA,consulta externa,repetidas en personas de 15 a 59 anos,2006-03-01,1,5,1,5,6
MALLA,consulta externa,repetidas en personas de 15 a 59 anos,2006-03-01,4,1,4,1,5
MAPIRI,consulta externa,repetidas en personas de 15 a 59 anos,2006-03-01,4,2,4,2,6
MECAPACA,consulta externa,repetidas en personas de 15 a 59 anos,2006-03-01,13,13,13,13,26
MINEROS,consulta externa,repetidas en personas de 15 a 59 anos,2006-03-01,16,60,16,60,76
MIZQUE,consulta externa,repetidas en personas de 15 a 59 anos,2006-03-01,1,7,1,7,8
MOCOMOCO,consulta externa,repetidas en personas de 15 a 59 anos,2006-03-01,8,13,8,13,21
MOJINETE,consulta externa,repetidas en personas de 15 a 59 anos,2006-03-01,2,3,2,3,5
MOJOCOYA,consulta externa,repetidas en personas de 15 a 59 anos,2006-03-01,5,8,5,8,13
MONTEAGUDO,consulta externa,repetidas en personas de 15 a 59 anos,2006-03-01,47,317,47,317,364
MONTERO,consulta externa,repetidas en personas de 15 a 59 anos,2006-03-01,816,1144,816,1144,1960
MORO MORO,consulta externa,repetidas en personas de 15 a 59 anos,2006-03-01,7,1,7,1,8
MOROCHATA,consulta externa,repetidas en personas de 15 a 59 anos,2006-03-01,18,50,18,50,68
NUEVO MANOA (NUEVA ESPERANZA),consulta externa,repetidas en personas de 15 a 59 anos,2006-03-01,0,2,0,2,2
OCURI,consulta externa,repetidas en personas de 15 a 59 anos,2006-03-01,2,8,2,8,10
OKINAWA,consulta externa,repetidas en personas de 15 a 59 anos,2006-03-01,7,33,7,33,40
OMEREQUE,consulta externa,repetidas en personas de 15 a 59 anos,2006-03-01,0,6,0,6,6
ORURO,consulta externa,repetidas en personas de 15 a 59 anos,2006-03-01,1939,5322,1939,5322,7261
PADCAYA,consulta externa,repetidas en personas de 15 a 59 anos,2006-03-01,17,15,17,15,32
PADILLA,consulta externa,repetidas en personas de 15 a 59 anos,2006-03-01,12,15,12,15,27
PAILON,consulta externa,repetidas en personas de 15 a 59 anos,2006-03-01,5,18,5,18,23
PALCA,consulta externa,repetidas en personas de 15 a 59 anos,2006-03-01,8,9,8,9,17
PALOS BLANCOS,consulta externa,repetidas en personas de 15 a 59 anos,2006-03-01,66,65,66,65,131
PAMPA AULLAGAS,consulta externa,repetidas en personas de 15 a 59 anos,2006-03-01,1,2,1,2,3
PAMPA GRANDE,consulta externa,repetidas en personas de 15 a 59 anos,2006-03-01,6,10,6,10,16
PAPEL PAMPA,consulta externa,repetidas en personas de 15 a 59 anos,2006-03-01,0,5,0,5,5
PATACAMAYA,consulta externa,repetidas en personas de 15 a 59 anos,2006-03-01,0,5,0,5,5
PAZÑA,consulta externa,repetidas en personas de 15 a 59 anos,2006-03-01,7,23,7,23,30
PELECHUCO,consulta externa,repetidas en personas de 15 a 59 anos,2006-03-01,4,12,4,12,16
POCOATA,consulta externa,repetidas en personas de 15 a 59 anos,2006-03-01,9,3,9,3,12
POCONA,consulta externa,repetidas en personas de 15 a 59 anos,2006-03-01,14,3,14,3,17
POJO (CBBA),consulta externa,repetidas en personas de 15 a 59 anos,2006-03-01,2,1,2,1,3
POOPO,consulta externa,repetidas en personas de 15 a 59 anos,2006-03-01,21,5,21,5,26
PORCO,consulta externa,repetidas en personas de 15 a 59 anos,2006-03-01,2,3,2,3,5
POROMA,consulta externa,repetidas en personas de 15 a 59 anos,2006-03-01,7,22,7,22,29
PORONGO,consulta externa,repetidas en personas de 15 a 59 anos,2006-03-01,7,12,7,12,19
PORTACHUELO,consulta externa,repetidas en personas de 15 a 59 anos,2006-03-01,31,65,31,65,96
POSTRER VALLE,consulta externa,repetidas en personas de 15 a 59 anos,2006-03-01,5,16,5,16,21
POTOSI,consulta externa,repetidas en personas de 15 a 59 anos,2006-03-01,5650,3692,5650,3692,9342
PRESTO,consulta externa,repetidas en personas de 15 a 59 anos,2006-03-01,1,3,1,3,4
PUCARA,consulta externa,repetidas en personas de 15 a 59 anos,2006-03-01,3,5,3,5,8
PUCARANI,consulta externa,repetidas en personas de 15 a 59 anos,2006-03-01,0,4,0,4,4
PUERTO ACOSTA,consulta externa,repetidas en personas de 15 a 59 anos,2006-03-01,39,48,39,48,87
PUERTO CARABUCO,consulta externa,repetidas en personas de 15 a 59 anos,2006-03-01,9,12,9,12,21
PUERTO GONZALO MORENO,consulta externa,repetidas en personas de 15 a 59 anos,2006-03-01,5,5,5,5,10
PUERTO PEREZ,consulta externa,repetidas en personas de 15 a 59 anos,2006-03-01,12,5,12,5,17
PUERTO QUIJARRO,consulta externa,repetidas en personas de 15 a 59 anos,2006-03-01,37,49,37,49,86
PUERTO RICO,consulta externa,repetidas en personas de 15 a 59 anos,2006-03-01,7,10,7,10,17
PUERTO SILES,consulta externa,repetidas en personas de 15 a 59 anos,2006-03-01,1,0,1,0,1
PUERTO SUAREZ,consulta externa,repetidas en personas de 15 a 59 anos,2006-03-01,24,72,24,72,96
PUERTO VILLARROEL,consulta externa,repetidas en personas de 15 a 59 anos,2006-03-01,22,39,22,39,61
PUNA,consulta externa,repetidas en personas de 15 a 59 anos,2006-03-01,16,38,16,38,54
PUNATA,consulta externa,repetidas en personas de 15 a 59 anos,2006-03-01,92,263,92,263,355
QUIABAYA,consulta externa,repetidas en personas de 15 a 59 anos,2006-03-01,0,3,0,3,3
QUILLACOLLO,consulta externa,repetidas en personas de 15 a 59 anos,2006-03-01,272,846,272,846,1118
QUIME,consulta externa,repetidas en personas de 15 a 59 anos,2006-03-01,15,7,15,7,22
QUIRUSILLAS,consulta externa,repetidas en personas de 15 a 59 anos,2006-03-01,1,1,1,1,2
RAVELO,consulta externa,repetidas en personas de 15 a 59 anos,2006-03-01,0,1,0,1,1
REYES,consulta externa,repetidas en personas de 15 a 59 anos,2006-03-01,21,43,21,43,64
RIBERALTA,consulta externa,repetidas en personas de 15 a 59 anos,2006-03-01,230,636,230,636,866
ROBORE,consulta externa,repetidas en personas de 15 a 59 anos,2006-03-01,59,139,59,139,198
RURRENABAQUE,consulta externa,repetidas en personas de 15 a 59 anos,2006-03-01,24,60,24,60,84
SABAYA,consulta externa,repetidas en personas de 15 a 59 anos,2006-03-01,0,2,0,2,2
SACABA,consulta externa,repetidas en personas de 15 a 59 anos,2006-03-01,106,298,106,298,404
SACABAMBA,consulta externa,repetidas en personas de 15 a 59 anos,2006-03-01,0,1,0,1,1
SACACA,consulta externa,repetidas en personas de 15 a 59 anos,2006-03-01,2,5,2,5,7
SAIPINA,consulta externa,repetidas en personas de 15 a 59 anos,2006-03-01,11,27,11,27,38
SALINAS DE GARCI MENDOZA,consulta externa,repetidas en personas de 15 a 59 anos,2006-03-01,1,1,1,1,2
SAMAIPATA,consulta externa,repetidas en personas de 15 a 59 anos,2006-03-01,3,0,3,0,3
SAN AGUSTIN,consulta externa,repetidas en personas de 15 a 59 anos,2006-03-01,2,3,2,3,5
SAN ANDRES,consulta externa,repetidas en personas de 15 a 59 anos,2006-03-01,5,13,5,13,18
SAN ANDRES DE MACHACA,consulta externa,repetidas en personas de 15 a 59 anos,2006-03-01,2,2,2,2,4
SAN ANTONIO DE ESMORUCO,consulta externa,repetidas en personas de 15 a 59 anos,2006-03-01,0,2,0,2,2
SAN ANTONIO DE LOMERIO,consulta externa,repetidas en personas de 15 a 59 anos,2006-03-01,1,0,1,0,1
SAN BENITO,consulta externa,repetidas en personas de 15 a 59 anos,2006-03-01,18,32,18,32,50
SAN BORJA,consulta externa,repetidas en personas de 15 a 59 anos,2006-03-01,19,77,19,77,96
SAN BUENA VENTURA,consulta externa,repetidas en personas de 15 a 59 anos,2006-03-01,15,58,15,58,73
SAN CARLOS,consulta externa,repetidas en personas de 15 a 59 anos,2006-03-01,14,216,14,216,230
SAN IGNACIO,consulta externa,repetidas en personas de 15 a 59 anos,2006-03-01,20,61,20,61,81
SAN IGNACIO DE VELASCO,consulta externa,repetidas en personas de 15 a 59 anos,2006-03-01,100,272,100,272,372
SAN JAVIER(BNI),consulta externa,repetidas en personas de 15 a 59 anos,2006-03-01,4,9,4,9,13
SAN JAVIER(STC),consulta externa,repetidas en personas de 15 a 59 anos,2006-03-01,5,74,5,74,79
SAN JOAQUIN,consulta externa,repetidas en personas de 15 a 59 anos,2006-03-01,6,18,6,18,24
SAN JOSE DE CHIQUITOS,consulta externa,repetidas en personas de 15 a 59 anos,2006-03-01,8,30,8,30,38
SAN JUAN DE YAPACANI,consulta externa,repetidas en personas de 15 a 59 anos,2006-03-01,111,156,111,156,267
SAN JULIAN,consulta externa,repetidas en personas de 15 a 59 anos,2006-03-01,62,378,62,378,440
SAN LORENZO(PND),consulta externa,repetidas en personas de 15 a 59 anos,2006-03-01,1,3,1,3,4
SAN LORENZO(TJA),consulta externa,repetidas en personas de 15 a 59 anos,2006-03-01,6,42,6,42,48
SAN LUCAS,consulta externa,repetidas en personas de 15 a 59 anos,2006-03-01,24,53,24,53,77
SAN MATIAS,consulta externa,repetidas en personas de 15 a 59 anos,2006-03-01,32,104,32,104,136
SAN MIGUEL DE VELASCO,consulta externa,repetidas en personas de 15 a 59 anos,2006-03-01,26,85,26,85,111
SAN PABLO DE LIPEZ,consulta externa,repetidas en personas de 15 a 59 anos,2006-03-01,3,13,3,13,16
SAN PEDRO,consulta externa,repetidas en personas de 15 a 59 anos,2006-03-01,20,46,20,46,66
SAN PEDRO DE BUENA VISTA,consulta externa,repetidas en personas de 15 a 59 anos,2006-03-01,0,1,0,1,1
SAN PEDRO DE CURAHUARA,consulta externa,repetidas en personas de 15 a 59 anos,2006-03-01,1,3,1,3,4
SAN PEDRO DE TIQUINA,consulta externa,repetidas en personas de 15 a 59 anos,2006-03-01,2,4,2,4,6
SAN PEDRO(PND),consulta externa,repetidas en personas de 15 a 59 anos,2006-03-01,2,3,2,3,5
SAN RAMON,consulta externa,repetidas en personas de 15 a 59 anos,2006-03-01,10,32,10,32,42
SAN RAMON,consulta externa,repetidas en personas de 15 a 59 anos,2006-03-01,11,108,11,108,119
SANTA ANA,consulta externa,repetidas en personas de 15 a 59 anos,2006-03-01,18,77,18,77,95
SANTA CRUZ DE LA SIERRA,consulta externa,repetidas en personas de 15 a 59 anos,2006-03-01,6731,16731,6731,16731,23462
SANTA ROSA,consulta externa,repetidas en personas de 15 a 59 anos,2006-03-01,0,24,0,24,24
SANTA ROSA DEL SARA,consulta externa,repetidas en personas de 15 a 59 anos,2006-03-01,4,16,4,16,20
SANTIAGO DE CALLAPA,consulta externa,repetidas en personas de 15 a 59 anos,2006-03-01,4,2,4,2,6
SANTIAGO DE HUARI,consulta externa,repetidas en personas de 15 a 59 anos,2006-03-01,12,16,12,16,28
SANTIAGO DE MACHACA,consulta externa,repetidas en personas de 15 a 59 anos,2006-03-01,1,2,1,2,3
SANTIVAÑES,consulta externa,repetidas en personas de 15 a 59 anos,2006-03-01,1,3,1,3,4
SAPAHAQUI,consulta externa,repetidas en personas de 15 a 59 anos,2006-03-01,6,2,6,2,8
SENA,consulta externa,repetidas en personas de 15 a 59 anos,2006-03-01,2,2,2,2,4
SICA SICA (VILLA AROMA),consulta externa,repetidas en personas de 15 a 59 anos,2006-03-01,4,9,4,9,13
SICAYA,consulta externa,repetidas en personas de 15 a 59 anos,2006-03-01,1,1,1,1,2
SIPE SIPE,consulta externa,repetidas en personas de 15 a 59 anos,2006-03-01,18,264,18,264,282
SOPACHUY,consulta externa,repetidas en personas de 15 a 59 anos,2006-03-01,0,7,0,7,7
SORACACHI,consulta externa,repetidas en personas de 15 a 59 anos,2006-03-01,3,3,3,3,6
SORATA,consulta externa,repetidas en personas de 15 a 59 anos,2006-03-01,1,3,1,3,4
SUCRE,consulta externa,repetidas en personas de 15 a 59 anos,2006-03-01,2472,6880,2472,6880,9352
TACACHI,consulta externa,repetidas en personas de 15 a 59 anos,2006-03-01,0,12,0,12,12
TACOBAMBA,consulta externa,repetidas en personas de 15 a 59 anos,2006-03-01,1,0,1,0,1
TACOPAYA,consulta externa,repetidas en personas de 15 a 59 anos,2006-03-01,2,2,2,2,4
TAHUA,consulta externa,repetidas en personas de 15 a 59 anos,2006-03-01,1,1,1,1,2
TAPACARI,consulta externa,repetidas en personas de 15 a 59 anos,2006-03-01,4,23,4,23,27
TARABUCO,consulta externa,repetidas en personas de 15 a 59 anos,2006-03-01,25,38,25,38,63
TARACO,consulta externa,repetidas en personas de 15 a 59 anos,2006-03-01,1,2,1,2,3
TARATA,consulta externa,repetidas en personas de 15 a 59 anos,2006-03-01,6,5,6,5,11
TARIJA,consulta externa,repetidas en personas de 15 a 59 anos,2006-03-01,2240,6773,2240,6773,9013
TARVITA,consulta externa,repetidas en personas de 15 a 59 anos,2006-03-01,2,31,2,31,33
TIAWANACU,consulta externa,repetidas en personas de 15 a 59 anos,2006-03-01,6,15,6,15,21
TINGUIPAYA,consulta externa,repetidas en personas de 15 a 59 anos,2006-03-01,1,7,1,7,8
TIPUANI,consulta externa,repetidas en personas de 15 a 59 anos,2006-03-01,7,4,7,4,11
TIQUIPAYA,consulta externa,repetidas en personas de 15 a 59 anos,2006-03-01,16,196,16,196,212
TIRAQUE (CBBA),consulta externa,repetidas en personas de 15 a 59 anos,2006-03-01,47,260,47,260,307
TITO YUPANQUI (PARQUIPUJIO),consulta externa,repetidas en personas de 15 a 59 anos,2006-03-01,0,4,0,4,4
TOCO,consulta externa,repetidas en personas de 15 a 59 anos,2006-03-01,1,3,1,3,4
TOLATA,consulta externa,repetidas en personas de 15 a 59 anos,2006-03-01,0,2,0,2,2
TOLEDO,consulta externa,repetidas en personas de 15 a 59 anos,2006-03-01,6,11,6,11,17
TOMAVE,consulta externa,repetidas en personas de 15 a 59 anos,2006-03-01,21,24,21,24,45
TOMINA,consulta externa,repetidas en personas de 15 a 59 anos,2006-03-01,6,4,6,4,10
TORO TORO,consulta externa,repetidas en personas de 15 a 59 anos,2006-03-01,2,4,2,4,6
TOTORA(CBBA),consulta externa,repetidas en personas de 15 a 59 anos,2006-03-01,5,2,5,2,7
TRIGAL,consulta externa,repetidas en personas de 15 a 59 anos,2006-03-01,0,4,0,4,4
TRINIDAD,consulta externa,repetidas en personas de 15 a 59 anos,2006-03-01,857,1443,857,1443,2300
TUPIZA,consulta externa,repetidas en personas de 15 a 59 anos,2006-03-01,214,397,214,397,611
TURCO,consulta externa,repetidas en personas de 15 a 59 anos,2006-03-01,0,2,0,2,2
UMALA,consulta externa,repetidas en personas de 15 a 59 anos,2006-03-01,0,1,0,1,1
UNCIA,consulta externa,repetidas en personas de 15 a 59 anos,2006-03-01,123,228,123,228,351
URIONDO (A. CONCEPCION),consulta externa,repetidas en personas de 15 a 59 anos,2006-03-01,4,22,4,22,26
URUBICHA,consulta externa,repetidas en personas de 15 a 59 anos,2006-03-01,2,117,2,117,119
UYUNI,consulta externa,repetidas en personas de 15 a 59 anos,2006-03-01,47,129,47,129,176
VACAS,consulta externa,repetidas en personas de 15 a 59 anos,2006-03-01,23,56,23,56,79
VALLEGRANDE,consulta externa,repetidas en personas de 15 a 59 anos,2006-03-01,63,190,63,190,253
VIACHA,consulta externa,repetidas en personas de 15 a 59 anos,2006-03-01,128,313,128,313,441
VILA VILA,consulta externa,repetidas en personas de 15 a 59 anos,2006-03-01,4,15,4,15,19
VILLA MONTES,consulta externa,repetidas en personas de 15 a 59 anos,2006-03-01,71,111,71,111,182
VILLA NUEVA (LOMA ALTA),consulta externa,repetidas en personas de 15 a 59 anos,2006-03-01,3,1,3,1,4
VILLA RIVERO,consulta externa,repetidas en personas de 15 a 59 anos,2006-03-01,17,56,17,56,73
VILLA SERRANO,consulta externa,repetidas en personas de 15 a 59 anos,2006-03-01,4,24,4,24,28
VILLA TUNARI,consulta externa,repetidas en personas de 15 a 59 anos,2006-03-01,54,74,54,74,128
VILLA VACA GUZMAN (MUYUPAMPA),consulta externa,repetidas en personas de 15 a 59 anos,2006-03-01,11,20,11,20,31
VILLAZON,consulta externa,repetidas en personas de 15 a 59 anos,2006-03-01,48,147,48,147,195
VINTO,consulta externa,repetidas en personas de 15 a 59 anos,2006-03-01,41,64,41,64,105
VITICHI,consulta externa,repetidas en personas de 15 a 59 anos,2006-03-01,5,16,5,16,21
WALDO BALLIVIAN,consulta externa,repetidas en personas de 15 a 59 anos,2006-03-01,2,0,2,0,2
WARNES,consulta externa,repetidas en personas de 15 a 59 anos,2006-03-01,53,163,53,163,216
YACO,consulta externa,repetidas en personas de 15 a 59 anos,2006-03-01,0,2,0,2,2
YACUIBA,consulta externa,repetidas en personas de 15 a 59 anos,2006-03-01,266,1337,266,1337,1603
YAMPARAEZ,consulta externa,repetidas en personas de 15 a 59 anos,2006-03-01,15,22,15,22,37
YANACACHI,consulta externa,repetidas en personas de 15 a 59 anos,2006-03-01,11,8,11,8,19
YAPACANI,consulta externa,repetidas en personas de 15 a 59 anos,2006-03-01,33,291,33,291,324
YOCALLA,consulta externa,repetidas en personas de 15 a 59 anos,2006-03-01,0,2,0,2,2
YOTALA,consulta externa,repetidas en personas de 15 a 59 anos,2006-03-01,15,30,15,30,45
YUNCHARA,consulta externa,repetidas en personas de 15 a 59 anos,2006-03-01,0,2,0,2,2
ZUDAÑEZ,consulta externa,repetidas en personas de 15 a 59 anos,2006-03-01,1,4,1,4,5
ACACIO,consulta externa,repetidas en personas de 15 a 59 anos,2006-04-01,0,2,0,2,2
ACHACACHI,consulta externa,repetidas en personas de 15 a 59 anos,2006-04-01,34,32,34,32,66
ACHOCALLA,consulta externa,repetidas en personas de 15 a 59 anos,2006-04-01,1,5,1,5,6
AIQUILE,consulta externa,repetidas en personas de 15 a 59 anos,2006-04-01,30,301,30,301,331
ALALAY,consulta externa,repetidas en personas de 15 a 59 anos,2006-04-01,2,2,2,2,4
ALCALA,consulta externa,repetidas en personas de 15 a 59 anos,2006-04-01,3,24,3,24,27
ANCORAIMES,consulta externa,repetidas en personas de 15 a 59 anos,2006-04-01,12,6,12,6,18
ANDAMARCA,consulta externa,repetidas en personas de 15 a 59 anos,2006-04-01,12,11,12,11,23
ANTEQUERA,consulta externa,repetidas en personas de 15 a 59 anos,2006-04-01,1,2,1,2,3
ANZALDO,consulta externa,repetidas en personas de 15 a 59 anos,2006-04-01,0,6,0,6,6
APOLO,consulta externa,repetidas en personas de 15 a 59 anos,2006-04-01,7,9,7,9,16
ARAMPAMPA,consulta externa,repetidas en personas de 15 a 59 anos,2006-04-01,3,1,3,1,4
ARANI,consulta externa,repetidas en personas de 15 a 59 anos,2006-04-01,11,58,11,58,69
ARBIETO,consulta externa,repetidas en personas de 15 a 59 anos,2006-04-01,6,20,6,20,26
ARQUE,consulta externa,repetidas en personas de 15 a 59 anos,2006-04-01,0,5,0,5,5
ASCENCION DE GUARAYOS,consulta externa,repetidas en personas de 15 a 59 anos,2006-04-01,2,3,2,3,5
ATOCHA,consulta externa,repetidas en personas de 15 a 59 anos,2006-04-01,268,296,268,296,564
AUCAPATA,consulta externa,repetidas en personas de 15 a 59 anos,2006-04-01,7,11,7,11,18
AYATA,consulta externa,repetidas en personas de 15 a 59 anos,2006-04-01,3,2,3,2,5
AYO AYO,consulta externa,repetidas en personas de 15 a 59 anos,2006-04-01,12,20,12,20,32
AYOPAYA (V. DE INDEPENDENCIA),consulta externa,repetidas en personas de 15 a 59 anos,2006-04-01,5,9,5,9,14
BATALLAS,consulta externa,repetidas en personas de 15 a 59 anos,2006-04-01,3,10,3,10,13
BAURES,consulta externa,repetidas en personas de 15 a 59 anos,2006-04-01,9,8,9,8,17
BELEN DE ANDAMARCA,consulta externa,repetidas en personas de 15 a 59 anos,2006-04-01,9,3,9,3,12
BELEN DE URMIRI,consulta externa,repetidas en personas de 15 a 59 anos,2006-04-01,1,0,1,0,1
BERMEJO,consulta externa,repetidas en personas de 15 a 59 anos,2006-04-01,75,138,75,138,213
BETANZOS,consulta externa,repetidas en personas de 15 a 59 anos,2006-04-01,23,27,23,27,50
BOLPEBRA,consulta externa,repetidas en personas de 15 a 59 anos,2006-04-01,2,0,2,0,2
BOYUIBE,consulta externa,repetidas en personas de 15 a 59 anos,2006-04-01,0,3,0,3,3
BUENA VISTA,consulta externa,repetidas en personas de 15 a 59 anos,2006-04-01,32,75,32,75,107
CABEZAS,consulta externa,repetidas en personas de 15 a 59 anos,2006-04-01,7,30,7,30,37
CAIROMA,consulta externa,repetidas en personas de 15 a 59 anos,2006-04-01,80,55,80,55,135
"CAIZA ""D""",consulta externa,repetidas en personas de 15 a 59 anos,2006-04-01,7,12,7,12,19
CAJUATA,consulta externa,repetidas en personas de 15 a 59 anos,2006-04-01,2,6,2,6,8
CALACOTO,consulta externa,repetidas en personas de 15 a 59 anos,2006-04-01,3,6,3,6,9
CALAMARCA,consulta externa,repetidas en personas de 15 a 59 anos,2006-04-01,2,19,2,19,21
CAMARGO,consulta externa,repetidas en personas de 15 a 59 anos,2006-04-01,8,27,8,27,35
CAMATAQUI (C. VILLA ABECIA),consulta externa,repetidas en personas de 15 a 59 anos,2006-04-01,4,4,4,4,8
CAMIRI,consulta externa,repetidas en personas de 15 a 59 anos,2006-04-01,62,144,62,144,206
CAPINOTA,consulta externa,repetidas en personas de 15 a 59 anos,2006-04-01,75,59,75,59,134
CAQUIAVIRI,consulta externa,repetidas en personas de 15 a 59 anos,2006-04-01,7,3,7,3,10
CARACOLLO,consulta externa,repetidas en personas de 15 a 59 anos,2006-04-01,6,11,6,11,17
CARANAVI,consulta externa,repetidas en personas de 15 a 59 anos,2006-04-01,35,69,35,69,104
CARAPARI,consulta externa,repetidas en personas de 15 a 59 anos,2006-04-01,5,8,5,8,13
CARIPUYO,consulta externa,repetidas en personas de 15 a 59 anos,2006-04-01,3,0,3,0,3
CARMEN RIVERO TORREZ,consulta externa,repetidas en personas de 15 a 59 anos,2006-04-01,1,0,1,0,1
CHALLAPATA,consulta externa,repetidas en personas de 15 a 59 anos,2006-04-01,48,15,48,15,63
CHAQUI,consulta externa,repetidas en personas de 15 a 59 anos,2006-04-01,2,5,2,5,7
CHARAGUA,consulta externa,repetidas en personas de 15 a 59 anos,2006-04-01,13,31,13,31,44
CHARAÑA,consulta externa,repetidas en personas de 15 a 59 anos,2006-04-01,1,0,1,0,1
CHAYANTA,consulta externa,repetidas en personas de 15 a 59 anos,2006-04-01,13,14,13,14,27
CHIMORE,consulta externa,repetidas en personas de 15 a 59 anos,2006-04-01,5,12,5,12,17
CHULUMANI (V. DE LA LIBERTAD),consulta externa,repetidas en personas de 15 a 59 anos,2006-04-01,73,34,73,34,107
CHUMA,consulta externa,repetidas en personas de 15 a 59 anos,2006-04-01,3,7,3,7,10
CLIZA,consulta externa,repetidas en personas de 15 a 59 anos,2006-04-01,0,3,0,3,3
COBIJA,consulta externa,repetidas en personas de 15 a 59 anos,2006-04-01,27,314,27,314,341
COCHABAMBA,consulta externa,repetidas en personas de 15 a 59 anos,2006-04-01,6422,16367,6422,16367,22789
COLCAPIRHUA,consulta externa,repetidas en personas de 15 a 59 anos,2006-04-01,95,358,95,358,453
"COLCHA ""K""",consulta externa,repetidas en personas de 15 a 59 anos,2006-04-01,7,9,7,9,16
COLLANA,consulta externa,repetidas en personas de 15 a 59 anos,2006-04-01,6,6,6,6,12
COLOMI,consulta externa,repetidas en personas de 15 a 59 anos,2006-04-01,3,7,3,7,10
COLPA BELGICA,consulta externa,repetidas en personas de 15 a 59 anos,2006-04-01,16,33,16,33,49
COLQUECHACA,consulta externa,repetidas en personas de 15 a 59 anos,2006-04-01,3,5,3,5,8
COLQUENCHA,consulta externa,repetidas en personas de 15 a 59 anos,2006-04-01,3,3,3,3,6
COLQUIRI,consulta externa,repetidas en personas de 15 a 59 anos,2006-04-01,21,18,21,18,39
COMANCHE,consulta externa,repetidas en personas de 15 a 59 anos,2006-04-01,0,1,0,1,1
COMARAPA,consulta externa,repetidas en personas de 15 a 59 anos,2006-04-01,12,29,12,29,41
COMBAYA,consulta externa,repetidas en personas de 15 a 59 anos,2006-04-01,2,3,2,3,5
COPACABANA,consulta externa,repetidas en personas de 15 a 59 anos,2006-04-01,1,5,1,5,6
CORIPATA,consulta externa,repetidas en personas de 15 a 59 anos,2006-04-01,10,7,10,7,17
CORO CORO,consulta externa,repetidas en personas de 15 a 59 anos,2006-04-01,3,6,3,6,9
COROICO,consulta externa,repetidas en personas de 15 a 59 anos,2006-04-01,66,87,66,87,153
CORQUE,consulta externa,repetidas en personas de 15 a 59 anos,2006-04-01,23,14,23,14,37
COTAGAITA,consulta externa,repetidas en personas de 15 a 59 anos,2006-04-01,93,76,93,76,169
COTOCA,consulta externa,repetidas en personas de 15 a 59 anos,2006-04-01,5,1,5,1,6
CUATRO CAÑADAS,consulta externa,repetidas en personas de 15 a 59 anos,2006-04-01,12,31,12,31,43
CUCHUMUELA (V. G. VILLARROEL),consulta externa,repetidas en personas de 15 a 59 anos,2006-04-01,3,10,3,10,13
CUEVO,consulta externa,repetidas en personas de 15 a 59 anos,2006-04-01,8,6,8,6,14
CULPINA,consulta externa,repetidas en personas de 15 a 59 anos,2006-04-01,1,4,1,4,5
CURAHUARA DE CARANGAS,consulta externa,repetidas en personas de 15 a 59 anos,2006-04-01,1,0,1,0,1
DESAGUADERO,consulta externa,repetidas en personas de 15 a 59 anos,2006-04-01,2,5,2,5,7
EL ALTO,consulta externa,repetidas en personas de 15 a 59 anos,2006-04-01,3564,6020,3564,6020,9584
EL CHORO,consulta externa,repetidas en personas de 15 a 59 anos,2006-04-01,2,3,2,3,5
EL PUENTE(STC),consulta externa,repetidas en personas de 15 a 59 anos,2006-04-01,0,3,0,3,3
EL PUENTE(TJA),consulta externa,repetidas en personas de 15 a 59 anos,2006-04-01,4,10,4,10,14
EL TORNO,consulta externa,repetidas en personas de 15 a 59 anos,2006-04-01,130,179,130,179,309
ENTRE RIOS,consulta externa,repetidas en personas de 15 a 59 anos,2006-04-01,8,6,8,6,14
ENTRE RIOS,consulta externa,repetidas en personas de 15 a 59 anos,2006-04-01,14,9,14,9,23
ESCARA,consulta externa,repetidas en personas de 15 a 59 anos,2006-04-01,0,2,0,2,2
EUCALIPTUS,consulta externa,repetidas en personas de 15 a 59 anos,2006-04-01,1,3,1,3,4
EUREKA (SANTOS MERCADO),consulta externa,repetidas en personas de 15 a 59 anos,2006-04-01,1,1,1,1,2
EXALTACION,consulta externa,repetidas en personas de 15 a 59 anos,2006-04-01,2,2,2,2,4
FERNANDEZ ALONSO,consulta externa,repetidas en personas de 15 a 59 anos,2006-04-01,37,70,37,70,107
GENERAL SAAVEDRA,consulta externa,repetidas en personas de 15 a 59 anos,2006-04-01,25,39,25,39,64
GRAL. J.J. PEREZ (CHARAZANI),consulta externa,repetidas en personas de 15 a 59 anos,2006-04-01,1,0,1,0,1
GUANAY,consulta externa,repetidas en personas de 15 a 59 anos,2006-04-01,3,3,3,3,6
GUAQUI,consulta externa,repetidas en personas de 15 a 59 anos,2006-04-01,3,17,3,17,20
GUAYARAMERIN,consulta externa,repetidas en personas de 15 a 59 anos,2006-04-01,69,171,69,171,240
GUTIERREZ,consulta externa,repetidas en personas de 15 a 59 anos,2006-04-01,5,9,5,9,14
HUACARETA,consulta externa,repetidas en personas de 15 a 59 anos,2006-04-01,20,84,20,84,104
HUACAYA (VILLA DE HUACAYA),consulta externa,repetidas en personas de 15 a 59 anos,2006-04-01,0,1,0,1,1
HUACHACALLA,consulta externa,repetidas en personas de 15 a 59 anos,2006-04-01,4,0,4,0,4
HUANUNI,consulta externa,repetidas en personas de 15 a 59 anos,2006-04-01,116,129,116,129,245
HUARACAJE,consulta externa,repetidas en personas de 15 a 59 anos,2006-04-01,14,18,14,18,32
HUAYLLAMARCA,consulta externa,repetidas en personas de 15 a 59 anos,2006-04-01,2,0,2,0,2
ICHOCA,consulta externa,repetidas en personas de 15 a 59 anos,2006-04-01,2,5,2,5,7
ICLA,consulta externa,repetidas en personas de 15 a 59 anos,2006-04-01,4,8,4,8,12
INCAHUASI,consulta externa,repetidas en personas de 15 a 59 anos,2006-04-01,1,7,1,7,8
INGAVI (HUMAITA),consulta externa,repetidas en personas de 15 a 59 anos,2006-04-01,4,2,4,2,6
INQUISIVI,consulta externa,repetidas en personas de 15 a 59 anos,2006-04-01,15,7,15,7,22
IRUPANA (VILLA DE LANZA),consulta externa,repetidas en personas de 15 a 59 anos,2006-04-01,18,25,18,25,43
IXIAMAS,consulta externa,repetidas en personas de 15 a 59 anos,2006-04-01,0,10,0,10,10
JESUS DE MACHACA,consulta externa,repetidas en personas de 15 a 59 anos,2006-04-01,4,12,4,12,16
LA ASUNTA,consulta externa,repetidas en personas de 15 a 59 anos,2006-04-01,11,16,11,16,27
LA GUARDIA,consulta externa,repetidas en personas de 15 a 59 anos,2006-04-01,27,118,27,118,145
LA PAZ,consulta externa,repetidas en personas de 15 a 59 anos,2006-04-01,11368,27786,11368,27786,39154
LAGUNILLAS,consulta externa,repetidas en personas de 15 a 59 anos,2006-04-01,2,23,2,23,25
LAJA,consulta externa,repetidas en personas de 15 a 59 anos,2006-04-01,13,7,13,7,20
LAS CARRERAS,consulta externa,repetidas en personas de 15 a 59 anos,2006-04-01,8,14,8,14,22
LLALLAGUA,consulta externa,repetidas en personas de 15 a 59 anos,2006-04-01,72,152,72,152,224
LLICA,consulta externa,repetidas en personas de 15 a 59 anos,2006-04-01,4,6,4,6,10
LORETO,consulta externa,repetidas en personas de 15 a 59 anos,2006-04-01,2,5,2,5,7
LURIBAY,consulta externa,repetidas en personas de 15 a 59 anos,2006-04-01,8,6,8,6,14
MACHACAMARCA,consulta externa,repetidas en personas de 15 a 59 anos,2006-04-01,6,12,6,12,18
MACHARETI,consulta externa,repetidas en personas de 15 a 59 anos,2006-04-01,4,43,4,43,47
MAGDALENA,consulta externa,repetidas en personas de 15 a 59 anos,2006-04-01,38,115,38,115,153
MAIRANA,consulta externa,repetidas en personas de 15 a 59 anos,2006-04-01,5,1,5,1,6
MALLA,consulta externa,repetidas en personas de 15 a 59 anos,2006-04-01,2,2,2,2,4
MAPIRI,consulta externa,repetidas en personas de 15 a 59 anos,2006-04-01,2,4,2,4,6
MECAPACA,consulta externa,repetidas en personas de 15 a 59 anos,2006-04-01,13,15,13,15,28
MINEROS,consulta externa,repetidas en personas de 15 a 59 anos,2006-04-01,9,39,9,39,48
MIZQUE,consulta externa,repetidas en personas de 15 a 59 anos,2006-04-01,1,0,1,0,1
MOCOMOCO,consulta externa,repetidas en personas de 15 a 59 anos,2006-04-01,9,4,9,4,13
MOJINETE,consulta externa,repetidas en personas de 15 a 59 anos,2006-04-01,0,4,0,4,4
MOJOCOYA,consulta externa,repetidas en personas de 15 a 59 anos,2006-04-01,0,7,0,7,7
MONTEAGUDO,consulta externa,repetidas en personas de 15 a 59 anos,2006-04-01,53,313,53,313,366
MONTERO,consulta externa,repetidas en personas de 15 a 59 anos,2006-04-01,780,1535,780,1535,2315
MORO MORO,consulta externa,repetidas en personas de 15 a 59 anos,2006-04-01,2,5,2,5,7
MOROCHATA,consulta externa,repetidas en personas de 15 a 59 anos,2006-04-01,18,87,18,87,105
NAZACARA DE PACAJES,consulta externa,repetidas en personas de 15 a 59 anos,2006-04-01,1,0,1,0,1
OCURI,consulta externa,repetidas en personas de 15 a 59 anos,2006-04-01,3,1,3,1,4
OKINAWA,consulta externa,repetidas en personas de 15 a 59 anos,2006-04-01,5,27,5,27,32
OMEREQUE,consulta externa,repetidas en personas de 15 a 59 anos,2006-04-01,2,2,2,2,4
ORURO,consulta externa,repetidas en personas de 15 a 59 anos,2006-04-01,2217,4800,2217,4800,7017
PADCAYA,consulta externa,repetidas en personas de 15 a 59 anos,2006-04-01,44,85,44,85,129
PADILLA,consulta externa,repetidas en personas de 15 a 59 anos,2006-04-01,16,59,16,59,75
PAILON,consulta externa,repetidas en personas de 15 a 59 anos,2006-04-01,1,7,1,7,8
PALCA,consulta externa,repetidas en personas de 15 a 59 anos,2006-04-01,9,8,9,8,17
PALOS BLANCOS,consulta externa,repetidas en personas de 15 a 59 anos,2006-04-01,36,37,36,37,73
PAMPA AULLAGAS,consulta externa,repetidas en personas de 15 a 59 anos,2006-04-01,6,6,6,6,12
PAMPA GRANDE,consulta externa,repetidas en personas de 15 a 59 anos,2006-04-01,11,12,11,12,23
PAPEL PAMPA,consulta externa,repetidas en personas de 15 a 59 anos,2006-04-01,2,5,2,5,7
PASORAPA,consulta externa,repetidas en personas de 15 a 59 anos,2006-04-01,1,1,1,1,2
PATACAMAYA,consulta externa,repetidas en personas de 15 a 59 anos,2006-04-01,1,1,1,1,2
PAZÑA,consulta externa,repetidas en personas de 15 a 59 anos,2006-04-01,12,15,12,15,27
PELECHUCO,consulta externa,repetidas en personas de 15 a 59 anos,2006-04-01,5,3,5,3,8
POCOATA,consulta externa,repetidas en personas de 15 a 59 anos,2006-04-01,2,2,2,2,4
POCONA,consulta externa,repetidas en personas de 15 a 59 anos,2006-04-01,11,2,11,2,13
POJO (CBBA),consulta externa,repetidas en personas de 15 a 59 anos,2006-04-01,0,4,0,4,4
POOPO,consulta externa,repetidas en personas de 15 a 59 anos,2006-04-01,7,1,7,1,8
PORCO,consulta externa,repetidas en personas de 15 a 59 anos,2006-04-01,2,2,2,2,4
POROMA,consulta externa,repetidas en personas de 15 a 59 anos,2006-04-01,7,32,7,32,39
PORONGO,consulta externa,repetidas en personas de 15 a 59 anos,2006-04-01,10,14,10,14,24
PORTACHUELO,consulta externa,repetidas en personas de 15 a 59 anos,2006-04-01,20,31,20,31,51
PORVENIR,consulta externa,repetidas en personas de 15 a 59 anos,2006-04-01,7,7,7,7,14
POSTRER VALLE,consulta externa,repetidas en personas de 15 a 59 anos,2006-04-01,2,7,2,7,9
POTOSI,consulta externa,repetidas en personas de 15 a 59 anos,2006-04-01,5181,3120,5181,3120,8301
PRESTO,consulta externa,repetidas en personas de 15 a 59 anos,2006-04-01,4,1,4,1,5
PUCARANI,consulta externa,repetidas en personas de 15 a 59 anos,2006-04-01,7,14,7,14,21
PUERTO ACOSTA,consulta externa,repetidas en personas de 15 a 59 anos,2006-04-01,21,29,21,29,50
PUERTO CARABUCO,consulta externa,repetidas en personas de 15 a 59 anos,2006-04-01,6,8,6,8,14
PUERTO GONZALO MORENO,consulta externa,repetidas en personas de 15 a 59 anos,2006-04-01,1,2,1,2,3
PUERTO PEREZ,consulta externa,repetidas en personas de 15 a 59 anos,2006-04-01,2,10,2,10,12
PUERTO QUIJARRO,consulta externa,repetidas en personas de 15 a 59 anos,2006-04-01,25,48,25,48,73
PUERTO RICO,consulta externa,repetidas en personas de 15 a 59 anos,2006-04-01,3,2,3,2,5
PUERTO SILES,consulta externa,repetidas en personas de 15 a 59 anos,2006-04-01,0,1,0,1,1
PUERTO SUAREZ,consulta externa,repetidas en personas de 15 a 59 anos,2006-04-01,41,70,41,70,111
PUERTO VILLARROEL,consulta externa,repetidas en personas de 15 a 59 anos,2006-04-01,26,63,26,63,89
PUNA,consulta externa,repetidas en personas de 15 a 59 anos,2006-04-01,7,15,7,15,22
PUNATA,consulta externa,repetidas en personas de 15 a 59 anos,2006-04-01,61,183,61,183,244
QUILLACOLLO,consulta externa,repetidas en personas de 15 a 59 anos,2006-04-01,217,760,217,760,977
QUIME,consulta externa,repetidas en personas de 15 a 59 anos,2006-04-01,25,3,25,3,28
QUIRUSILLAS,consulta externa,repetidas en personas de 15 a 59 anos,2006-04-01,0,1,0,1,1
RAVELO,consulta externa,repetidas en personas de 15 a 59 anos,2006-04-01,0,1,0,1,1
REYES,consulta externa,repetidas en personas de 15 a 59 anos,2006-04-01,22,54,22,54,76
RIBERALTA,consulta externa,repetidas en personas de 15 a 59 anos,2006-04-01,113,398,113,398,511
ROBORE,consulta externa,repetidas en personas de 15 a 59 anos,2006-04-01,39,90,39,90,129
RURRENABAQUE,consulta externa,repetidas en personas de 15 a 59 anos,2006-04-01,18,63,18,63,81
SABAYA,consulta externa,repetidas en personas de 15 a 59 anos,2006-04-01,1,1,1,1,2
SACABA,consulta externa,repetidas en personas de 15 a 59 anos,2006-04-01,94,227,94,227,321
SACABAMBA,consulta externa,repetidas en personas de 15 a 59 anos,2006-04-01,3,5,3,5,8
SACACA,consulta externa,repetidas en personas de 15 a 59 anos,2006-04-01,5,0,5,0,5
SAIPINA,consulta externa,repetidas en personas de 15 a 59 anos,2006-04-01,2,2,2,2,4
SALINAS DE GARCI MENDOZA,consulta externa,repetidas en personas de 15 a 59 anos,2006-04-01,6,10,6,10,16
SAMAIPATA,consulta externa,repetidas en personas de 15 a 59 anos,2006-04-01,4,4,4,4,8
SAN AGUSTIN,consulta externa,repetidas en personas de 15 a 59 anos,2006-04-01,2,4,2,4,6
SAN ANDRES,consulta externa,repetidas en personas de 15 a 59 anos,2006-04-01,5,6,5,6,11
SAN ANDRES DE MACHACA,consulta externa,repetidas en personas de 15 a 59 anos,2006-04-01,1,3,1,3,4
SAN ANTONIO DE ESMORUCO,consulta externa,repetidas en personas de 15 a 59 anos,2006-04-01,5,8,5,8,13
SAN ANTONIO DE LOMERIO,consulta externa,repetidas en personas de 15 a 59 anos,2006-04-01,1,0,1,0,1
SAN BENITO,consulta externa,repetidas en personas de 15 a 59 anos,2006-04-01,6,41,6,41,47
SAN BORJA,consulta externa,repetidas en personas de 15 a 59 anos,2006-04-01,24,97,24,97,121
SAN BUENA VENTURA,consulta externa,repetidas en personas de 15 a 59 anos,2006-04-01,10,47,10,47,57
SAN CARLOS,consulta externa,repetidas en personas de 15 a 59 anos,2006-04-01,4,83,4,83,87
SAN IGNACIO,consulta externa,repetidas en personas de 15 a 59 anos,2006-04-01,13,86,13,86,99
SAN IGNACIO DE VELASCO,consulta externa,repetidas en personas de 15 a 59 anos,2006-04-01,59,167,59,167,226
SAN JAVIER(BNI),consulta externa,repetidas en personas de 15 a 59 anos,2006-04-01,0,11,0,11,11
SAN JAVIER(STC),consulta externa,repetidas en personas de 15 a 59 anos,2006-04-01,12,21,12,21,33
SAN JOAQUIN,consulta externa,repetidas en personas de 15 a 59 anos,2006-04-01,5,29,5,29,34
SAN JOSE DE CHIQUITOS,consulta externa,repetidas en personas de 15 a 59 anos,2006-04-01,3,10,3,10,13
SAN JUAN DE YAPACANI,consulta externa,repetidas en personas de 15 a 59 anos,2006-04-01,92,141,92,141,233
SAN JULIAN,consulta externa,repetidas en personas de 15 a 59 anos,2006-04-01,59,349,59,349,408
SAN LORENZO(PND),consulta externa,repetidas en personas de 15 a 59 anos,2006-04-01,4,2,4,2,6
SAN LORENZO(TJA),consulta externa,repetidas en personas de 15 a 59 anos,2006-04-01,8,44,8,44,52
SAN LUCAS,consulta externa,repetidas en personas de 15 a 59 anos,2006-04-01,36,127,36,127,163
SAN MATIAS,consulta externa,repetidas en personas de 15 a 59 anos,2006-04-01,5,161,5,161,166
SAN MIGUEL DE VELASCO,consulta externa,repetidas en personas de 15 a 59 anos,2006-04-01,16,59,16,59,75
SAN PABLO DE LIPEZ,consulta externa,repetidas en personas de 15 a 59 anos,2006-04-01,8,8,8,8,16
SAN PEDRO,consulta externa,repetidas en personas de 15 a 59 anos,2006-04-01,105,188,105,188,293
SAN PEDRO DE BUENA VISTA,consulta externa,repetidas en personas de 15 a 59 anos,2006-04-01,0,1,0,1,1
SAN PEDRO DE CURAHUARA,consulta externa,repetidas en personas de 15 a 59 anos,2006-04-01,2,4,2,4,6
SAN PEDRO DE TIQUINA,consulta externa,repetidas en personas de 15 a 59 anos,2006-04-01,2,3,2,3,5
SAN RAFAEL,consulta externa,repetidas en personas de 15 a 59 anos,2006-04-01,6,9,6,9,15
SAN RAMON,consulta externa,repetidas en personas de 15 a 59 anos,2006-04-01,8,19,8,19,27
SAN RAMON,consulta externa,repetidas en personas de 15 a 59 anos,2006-04-01,9,127,9,127,136
SANTA ANA,consulta externa,repetidas en personas de 15 a 59 anos,2006-04-01,35,113,35,113,148
SANTA CRUZ DE LA SIERRA,consulta externa,repetidas en personas de 15 a 59 anos,2006-04-01,6107,13947,6107,13947,20054
SANTA ROSA,consulta externa,repetidas en personas de 15 a 59 anos,2006-04-01,2,8,2,8,10
SANTA ROSA DEL SARA,consulta externa,repetidas en personas de 15 a 59 anos,2006-04-01,5,12,5,12,17
SANTIAGO DE CALLAPA,consulta externa,repetidas en personas de 15 a 59 anos,2006-04-01,1,1,1,1,2
SANTIAGO DE HUARI,consulta externa,repetidas en personas de 15 a 59 anos,2006-04-01,24,16,24,16,40
SANTIVAÑES,consulta externa,repetidas en personas de 15 a 59 anos,2006-04-01,5,5,5,5,10
SAPAHAQUI,consulta externa,repetidas en personas de 15 a 59 anos,2006-04-01,2,0,2,0,2
SENA,consulta externa,repetidas en personas de 15 a 59 anos,2006-04-01,1,0,1,0,1
SICA SICA (VILLA AROMA),consulta externa,repetidas en personas de 15 a 59 anos,2006-04-01,4,2,4,2,6
SICAYA,consulta externa,repetidas en personas de 15 a 59 anos,2006-04-01,0,1,0,1,1
SIPE SIPE,consulta externa,repetidas en personas de 15 a 59 anos,2006-04-01,22,202,22,202,224
SOPACHUY,consulta externa,repetidas en personas de 15 a 59 anos,2006-04-01,1,7,1,7,8
SORACACHI,consulta externa,repetidas en personas de 15 a 59 anos,2006-04-01,3,2,3,2,5
SORATA,consulta externa,repetidas en personas de 15 a 59 anos,2006-04-01,10,6,10,6,16
SUCRE,consulta externa,repetidas en personas de 15 a 59 anos,2006-04-01,2167,5934,2167,5934,8101
TACACHI,consulta externa,repetidas en personas de 15 a 59 anos,2006-04-01,1,12,1,12,13
TACACOMA,consulta externa,repetidas en personas de 15 a 59 anos,2006-04-01,3,10,3,10,13
TACOBAMBA,consulta externa,repetidas en personas de 15 a 59 anos,2006-04-01,1,3,1,3,4
TAHUA,consulta externa,repetidas en personas de 15 a 59 anos,2006-04-01,0,1,0,1,1
TAPACARI,consulta externa,repetidas en personas de 15 a 59 anos,2006-04-01,7,37,7,37,44
TARABUCO,consulta externa,repetidas en personas de 15 a 59 anos,2006-04-01,23,61,23,61,84
TARACO,consulta externa,repetidas en personas de 15 a 59 anos,2006-04-01,2,3,2,3,5
TARATA,consulta externa,repetidas en personas de 15 a 59 anos,2006-04-01,7,3,7,3,10
TARIJA,consulta externa,repetidas en personas de 15 a 59 anos,2006-04-01,1707,4908,1707,4908,6615
TARVITA,consulta externa,repetidas en personas de 15 a 59 anos,2006-04-01,0,18,0,18,18
TEOPONTE,consulta externa,repetidas en personas de 15 a 59 anos,2006-04-01,4,5,4,5,9
TIAWANACU,consulta externa,repetidas en personas de 15 a 59 anos,2006-04-01,5,9,5,9,14
TINGUIPAYA,consulta externa,repetidas en personas de 15 a 59 anos,2006-04-01,16,18,16,18,34
TIPUANI,consulta externa,repetidas en personas de 15 a 59 anos,2006-04-01,2,3,2,3,5
TIQUIPAYA,consulta externa,repetidas en personas de 15 a 59 anos,2006-04-01,17,105,17,105,122
TIRAQUE (CBBA),consulta externa,repetidas en personas de 15 a 59 anos,2006-04-01,45,273,45,273,318
TITO YUPANQUI (PARQUIPUJIO),consulta externa,repetidas en personas de 15 a 59 anos,2006-04-01,0,6,0,6,6
TOCO,consulta externa,repetidas en personas de 15 a 59 anos,2006-04-01,2,1,2,1,3
TODOS SANTOS,consulta externa,repetidas en personas de 15 a 59 anos,2006-04-01,2,2,2,2,4
TOLATA,consulta externa,repetidas en personas de 15 a 59 anos,2006-04-01,0,5,0,5,5
TOLEDO,consulta externa,repetidas en personas de 15 a 59 anos,2006-04-01,3,12,3,12,15
TOMAVE,consulta externa,repetidas en personas de 15 a 59 anos,2006-04-01,13,14,13,14,27
TOMINA,consulta externa,repetidas en personas de 15 a 59 anos,2006-04-01,5,6,5,6,11
TORO TORO,consulta externa,repetidas en personas de 15 a 59 anos,2006-04-01,9,33,9,33,42
TOTORA(CBBA),consulta externa,repetidas en personas de 15 a 59 anos,2006-04-01,1,13,1,13,14
TRIGAL,consulta externa,repetidas en personas de 15 a 59 anos,2006-04-01,0,6,0,6,6
TRINIDAD,consulta externa,repetidas en personas de 15 a 59 anos,2006-04-01,299,690,299,690,989
TUPIZA,consulta externa,repetidas en personas de 15 a 59 anos,2006-04-01,188,232,188,232,420
TURCO,consulta externa,repetidas en personas de 15 a 59 anos,2006-04-01,1,0,1,0,1
UNCIA,consulta externa,repetidas en personas de 15 a 59 anos,2006-04-01,94,156,94,156,250
URIONDO (A. CONCEPCION),consulta externa,repetidas en personas de 15 a 59 anos,2006-04-01,13,35,13,35,48
URUBICHA,consulta externa,repetidas en personas de 15 a 59 anos,2006-04-01,0,134,0,134,134
UYUNI,consulta externa,repetidas en personas de 15 a 59 anos,2006-04-01,30,117,30,117,147
VACAS,consulta externa,repetidas en personas de 15 a 59 anos,2006-04-01,19,48,19,48,67
VALLEGRANDE,consulta externa,repetidas en personas de 15 a 59 anos,2006-04-01,40,137,40,137,177
VIACHA,consulta externa,repetidas en personas de 15 a 59 anos,2006-04-01,128,298,128,298,426
VILLA MONTES,consulta externa,repetidas en personas de 15 a 59 anos,2006-04-01,58,91,58,91,149
VILLA RIVERO,consulta externa,repetidas en personas de 15 a 59 anos,2006-04-01,13,49,13,49,62
VILLA SERRANO,consulta externa,repetidas en personas de 15 a 59 anos,2006-04-01,3,31,3,31,34
VILLA TUNARI,consulta externa,repetidas en personas de 15 a 59 anos,2006-04-01,52,85,52,85,137
VILLA VACA GUZMAN (MUYUPAMPA),consulta externa,repetidas en personas de 15 a 59 anos,2006-04-01,4,24,4,24,28
VILLAZON,consulta externa,repetidas en personas de 15 a 59 anos,2006-04-01,37,142,37,142,179
VINTO,consulta externa,repetidas en personas de 15 a 59 anos,2006-04-01,37,102,37,102,139
VITICHI,consulta externa,repetidas en personas de 15 a 59 anos,2006-04-01,8,10,8,10,18
WALDO BALLIVIAN,consulta externa,repetidas en personas de 15 a 59 anos,2006-04-01,2,6,2,6,8
WARNES,consulta externa,repetidas en personas de 15 a 59 anos,2006-04-01,13,148,13,148,161
YACO,consulta externa,repetidas en personas de 15 a 59 anos,2006-04-01,2,3,2,3,5
YACUIBA,consulta externa,repetidas en personas de 15 a 59 anos,2006-04-01,181,662,181,662,843
YAMPARAEZ,consulta externa,repetidas en personas de 15 a 59 anos,2006-04-01,21,30,21,30,51
YANACACHI,consulta externa,repetidas en personas de 15 a 59 anos,2006-04-01,3,2,3,2,5
YAPACANI,consulta externa,repetidas en personas de 15 a 59 anos,2006-04-01,31,317,31,317,348
YOCALLA,consulta externa,repetidas en personas de 15 a 59 anos,2006-04-01,5,3,5,3,8
YOTALA,consulta externa,repetidas en personas de 15 a 59 anos,2006-04-01,15,46,15,46,61
YUNCHARA,consulta externa,repetidas en personas de 15 a 59 anos,2006-04-01,21,31,21,31,52
ZUDAÑEZ,consulta externa,repetidas en personas de 15 a 59 anos,2006-04-01,9,21,9,21,30
ACACIO,consulta externa,repetidas en personas de 15 a 59 anos,2006-05-01,4,8,4,8,12
ACHACACHI,consulta externa,repetidas en personas de 15 a 59 anos,2006-05-01,41,38,41,38,79
ACHOCALLA,consulta externa,repetidas en personas de 15 a 59 anos,2006-05-01,1,5,1,5,6
AIQUILE,consulta externa,repetidas en personas de 15 a 59 anos,2006-05-01,65,321,65,321,386
ALCALA,consulta externa,repetidas en personas de 15 a 59 anos,2006-05-01,1,12,1,12,13
ANCORAIMES,consulta externa,repetidas en personas de 15 a 59 anos,2006-05-01,5,7,5,7,12
ANDAMARCA,consulta externa,repetidas en personas de 15 a 59 anos,2006-05-01,2,4,2,4,6
ANTEQUERA,consulta externa,repetidas en personas de 15 a 59 anos,2006-05-01,4,11,4,11,15
ANZALDO,consulta externa,repetidas en personas de 15 a 59 anos,2006-05-01,1,5,1,5,6
APOLO,consulta externa,repetidas en personas de 15 a 59 anos,2006-05-01,8,13,8,13,21
ARANI,consulta externa,repetidas en personas de 15 a 59 anos,2006-05-01,8,24,8,24,32
ARBIETO,consulta externa,repetidas en personas de 15 a 59 anos,2006-05-01,0,13,0,13,13
ARQUE,consulta externa,repetidas en personas de 15 a 59 anos,2006-05-01,2,9,2,9,11
ATOCHA,consulta externa,repetidas en personas de 15 a 59 anos,2006-05-01,314,337,314,337,651
AUCAPATA,consulta externa,repetidas en personas de 15 a 59 anos,2006-05-01,22,16,22,16,38
AYATA,consulta externa,repetidas en personas de 15 a 59 anos,2006-05-01,3,4,3,4,7
AYO AYO,consulta externa,repetidas en personas de 15 a 59 anos,2006-05-01,11,21,11,21,32
AYOPAYA (V. DE INDEPENDENCIA),consulta externa,repetidas en personas de 15 a 59 anos,2006-05-01,5,17,5,17,22
AZURDUY,consulta externa,repetidas en personas de 15 a 59 anos,2006-05-01,0,2,0,2,2
BATALLAS,consulta externa,repetidas en personas de 15 a 59 anos,2006-05-01,4,8,4,8,12
BAURES,consulta externa,repetidas en personas de 15 a 59 anos,2006-05-01,4,4,4,4,8
BELEN DE ANDAMARCA,consulta externa,repetidas en personas de 15 a 59 anos,2006-05-01,1,1,1,1,2
BELEN DE URMIRI,consulta externa,repetidas en personas de 15 a 59 anos,2006-05-01,2,6,2,6,8
BERMEJO,consulta externa,repetidas en personas de 15 a 59 anos,2006-05-01,96,172,96,172,268
BETANZOS,consulta externa,repetidas en personas de 15 a 59 anos,2006-05-01,25,41,25,41,66
BOLPEBRA,consulta externa,repetidas en personas de 15 a 59 anos,2006-05-01,2,0,2,0,2
BOYUIBE,consulta externa,repetidas en personas de 15 a 59 anos,2006-05-01,6,14,6,14,20
BUENA VISTA,consulta externa,repetidas en personas de 15 a 59 anos,2006-05-01,33,81,33,81,114
CABEZAS,consulta externa,repetidas en personas de 15 a 59 anos,2006-05-01,6,15,6,15,21
CAIROMA,consulta externa,repetidas en personas de 15 a 59 anos,2006-05-01,126,69,126,69,195
"CAIZA ""D""",consulta externa,repetidas en personas de 15 a 59 anos,2006-05-01,8,11,8,11,19
CAJUATA,consulta externa,repetidas en personas de 15 a 59 anos,2006-05-01,0,3,0,3,3
CALACOTO,consulta externa,repetidas en personas de 15 a 59 anos,2006-05-01,1,1,1,1,2
CALAMARCA,consulta externa,repetidas en personas de 15 a 59 anos,2006-05-01,4,13,4,13,17
CAMARGO,consulta externa,repetidas en personas de 15 a 59 anos,2006-05-01,5,40,5,40,45
CAMATAQUI (C. VILLA ABECIA),consulta externa,repetidas en personas de 15 a 59 anos,2006-05-01,2,2,2,2,4
CAMIRI,consulta externa,repetidas en personas de 15 a 59 anos,2006-05-01,61,89,61,89,150
CAPINOTA,consulta externa,repetidas en personas de 15 a 59 anos,2006-05-01,14,25,14,25,39
CAQUIAVIRI,consulta externa,repetidas en personas de 15 a 59 anos,2006-05-01,3,7,3,7,10
CARACOLLO,consulta externa,repetidas en personas de 15 a 59 anos,2006-05-01,5,32,5,32,37
CARANAVI,consulta externa,repetidas en personas de 15 a 59 anos,2006-05-01,19,17,19,17,36
CARAPARI,consulta externa,repetidas en personas de 15 a 59 anos,2006-05-01,3,10,3,10,13
CARIPUYO,consulta externa,repetidas en personas de 15 a 59 anos,2006-05-01,5,1,5,1,6
CARMEN RIVERO TORREZ,consulta externa,repetidas en personas de 15 a 59 anos,2006-05-01,1,0,1,0,1
CATACORA,consulta externa,repetidas en personas de 15 a 59 anos,2006-05-01,1,1,1,1,2
CHALLAPATA,consulta externa,repetidas en personas de 15 a 59 anos,2006-05-01,23,14,23,14,37
CHAQUI,consulta externa,repetidas en personas de 15 a 59 anos,2006-05-01,2,4,2,4,6
CHARAGUA,consulta externa,repetidas en personas de 15 a 59 anos,2006-05-01,8,26,8,26,34
CHARAÑA,consulta externa,repetidas en personas de 15 a 59 anos,2006-05-01,1,4,1,4,5
CHAYANTA,consulta externa,repetidas en personas de 15 a 59 anos,2006-05-01,12,22,12,22,34
CHIMORE,consulta externa,repetidas en personas de 15 a 59 anos,2006-05-01,12,26,12,26,38
CHIPAYA,consulta externa,repetidas en personas de 15 a 59 anos,2006-05-01,0,2,0,2,2
CHOQUE COTA,consulta externa,repetidas en personas de 15 a 59 anos,2006-05-01,16,44,16,44,60
CHULUMANI (V. DE LA LIBERTAD),consulta externa,repetidas en personas de 15 a 59 anos,2006-05-01,62,52,62,52,114
CHUMA,consulta externa,repetidas en personas de 15 a 59 anos,2006-05-01,2,4,2,4,6
CLIZA,consulta externa,repetidas en personas de 15 a 59 anos,2006-05-01,1,9,1,9,10
COBIJA,consulta externa,repetidas en personas de 15 a 59 anos,2006-05-01,46,390,46,390,436
COCHABAMBA,consulta externa,repetidas en personas de 15 a 59 anos,2006-05-01,8613,21023,8613,21023,29636
COLCAPIRHUA,consulta externa,repetidas en personas de 15 a 59 anos,2006-05-01,113,364,113,364,477
"COLCHA ""K""",consulta externa,repetidas en personas de 15 a 59 anos,2006-05-01,8,13,8,13,21
COLOMI,consulta externa,repetidas en personas de 15 a 59 anos,2006-05-01,4,8,4,8,12
COLPA BELGICA,consulta externa,repetidas en personas de 15 a 59 anos,2006-05-01,15,52,15,52,67
COLQUECHACA,consulta externa,repetidas en personas de 15 a 59 anos,2006-05-01,10,13,10,13,23
COLQUENCHA,consulta externa,repetidas en personas de 15 a 59 anos,2006-05-01,2,7,2,7,9
COLQUIRI,consulta externa,repetidas en personas de 15 a 59 anos,2006-05-01,19,23,19,23,42
COMANCHE,consulta externa,repetidas en personas de 15 a 59 anos,2006-05-01,0,3,0,3,3
COMARAPA,consulta externa,repetidas en personas de 15 a 59 anos,2006-05-01,12,21,12,21,33
COMBAYA,consulta externa,repetidas en personas de 15 a 59 anos,2006-05-01,1,1,1,1,2
CONCEPCION,consulta externa,repetidas en personas de 15 a 59 anos,2006-05-01,0,2,0,2,2
COPACABANA,consulta externa,repetidas en personas de 15 a 59 anos,2006-05-01,2,0,2,0,2
CORIPATA,consulta externa,repetidas en personas de 15 a 59 anos,2006-05-01,9,10,9,10,19
CORO CORO,consulta externa,repetidas en personas de 15 a 59 anos,2006-05-01,5,4,5,4,9
COROICO,consulta externa,repetidas en personas de 15 a 59 anos,2006-05-01,61,96,61,96,157
CORQUE,consulta externa,repetidas en personas de 15 a 59 anos,2006-05-01,28,17,28,17,45
COTAGAITA,consulta externa,repetidas en personas de 15 a 59 anos,2006-05-01,84,108,84,108,192
COTOCA,consulta externa,repetidas en personas de 15 a 59 anos,2006-05-01,26,25,26,25,51
CUATRO CAÑADAS,consulta externa,repetidas en personas de 15 a 59 anos,2006-05-01,12,38,12,38,50
CUCHUMUELA (V. G. VILLARROEL),consulta externa,repetidas en personas de 15 a 59 anos,2006-05-01,1,3,1,3,4
CUEVO,consulta externa,repetidas en personas de 15 a 59 anos,2006-05-01,6,4,6,4,10
CULPINA,consulta externa,repetidas en personas de 15 a 59 anos,2006-05-01,1,5,1,5,6
CURAHUARA DE CARANGAS,consulta externa,repetidas en personas de 15 a 59 anos,2006-05-01,1,3,1,3,4
CURVA,consulta externa,repetidas en personas de 15 a 59 anos,2006-05-01,3,1,3,1,4
DESAGUADERO,consulta externa,repetidas en personas de 15 a 59 anos,2006-05-01,0,3,0,3,3
EL ALTO,consulta externa,repetidas en personas de 15 a 59 anos,2006-05-01,2833,5350,2833,5350,8183
EL CHORO,consulta externa,repetidas en personas de 15 a 59 anos,2006-05-01,0,6,0,6,6
EL PUENTE(STC),consulta externa,repetidas en personas de 15 a 59 anos,2006-05-01,5,3,5,3,8
EL PUENTE(TJA),consulta externa,repetidas en personas de 15 a 59 anos,2006-05-01,5,10,5,10,15
EL TORNO,consulta externa,repetidas en personas de 15 a 59 anos,2006-05-01,216,240,216,240,456
EL VILLAR,consulta externa,repetidas en personas de 15 a 59 anos,2006-05-01,1,0,1,0,1
ENTRE RIOS,consulta externa,repetidas en personas de 15 a 59 anos,2006-05-01,10,19,10,19,29
ENTRE RIOS,consulta externa,repetidas en personas de 15 a 59 anos,2006-05-01,13,9,13,9,22
ESCARA,consulta externa,repetidas en personas de 15 a 59 anos,2006-05-01,0,1,0,1,1
EUCALIPTUS,consulta externa,repetidas en personas de 15 a 59 anos,2006-05-01,3,8,3,8,11
EXALTACION,consulta externa,repetidas en personas de 15 a 59 anos,2006-05-01,3,7,3,7,10
FERNANDEZ ALONSO,consulta externa,repetidas en personas de 15 a 59 anos,2006-05-01,10,79,10,79,89
FILADELFIA,consulta externa,repetidas en personas de 15 a 59 anos,2006-05-01,0,1,0,1,1
GENERAL SAAVEDRA,consulta externa,repetidas en personas de 15 a 59 anos,2006-05-01,8,4,8,4,12
GRAL. J.J. PEREZ (CHARAZANI),consulta externa,repetidas en personas de 15 a 59 anos,2006-05-01,4,2,4,2,6
GUANAY,consulta externa,repetidas en personas de 15 a 59 anos,2006-05-01,1,1,1,1,2
GUAQUI,consulta externa,repetidas en personas de 15 a 59 anos,2006-05-01,3,10,3,10,13
GUAYARAMERIN,consulta externa,repetidas en personas de 15 a 59 anos,2006-05-01,210,246,210,246,456
GUTIERREZ,consulta externa,repetidas en personas de 15 a 59 anos,2006-05-01,7,12,7,12,19
HUACARETA,consulta externa,repetidas en personas de 15 a 59 anos,2006-05-01,8,76,8,76,84
HUACHACALLA,consulta externa,repetidas en personas de 15 a 59 anos,2006-05-01,0,1,0,1,1
HUANUNI,consulta externa,repetidas en personas de 15 a 59 anos,2006-05-01,124,150,124,150,274
HUARACAJE,consulta externa,repetidas en personas de 15 a 59 anos,2006-05-01,11,23,11,23,34
HUAYLLAMARCA,consulta externa,repetidas en personas de 15 a 59 anos,2006-05-01,3,7,3,7,10
ICHOCA,consulta externa,repetidas en personas de 15 a 59 anos,2006-05-01,3,7,3,7,10
ICLA,consulta externa,repetidas en personas de 15 a 59 anos,2006-05-01,4,7,4,7,11
INCAHUASI,consulta externa,repetidas en personas de 15 a 59 anos,2006-05-01,1,3,1,3,4
INGAVI (HUMAITA),consulta externa,repetidas en personas de 15 a 59 anos,2006-05-01,3,1,3,1,4
INQUISIVI,consulta externa,repetidas en personas de 15 a 59 anos,2006-05-01,9,8,9,8,17
IRUPANA (VILLA DE LANZA),consulta externa,repetidas en personas de 15 a 59 anos,2006-05-01,20,25,20,25,45
IXIAMAS,consulta externa,repetidas en personas de 15 a 59 anos,2006-05-01,1,5,1,5,6
JESUS DE MACHACA,consulta externa,repetidas en personas de 15 a 59 anos,2006-05-01,6,12,6,12,18
LA ASUNTA,consulta externa,repetidas en personas de 15 a 59 anos,2006-05-01,5,2,5,2,7
LA GUARDIA,consulta externa,repetidas en personas de 15 a 59 anos,2006-05-01,17,147,17,147,164
LA PAZ,consulta externa,repetidas en personas de 15 a 59 anos,2006-05-01,13532,31048,13532,31048,44580
LAGUNILLAS,consulta externa,repetidas en personas de 15 a 59 anos,2006-05-01,4,4,4,4,8
LAJA,consulta externa,repetidas en personas de 15 a 59 anos,2006-05-01,9,8,9,8,17
LAS CARRERAS,consulta externa,repetidas en personas de 15 a 59 anos,2006-05-01,1,10,1,10,11
LICOMA PAMPA,consulta externa,repetidas en personas de 15 a 59 anos,2006-05-01,0,1,0,1,1
LLALLAGUA,consulta externa,repetidas en personas de 15 a 59 anos,2006-05-01,52,65,52,65,117
LLICA,consulta externa,repetidas en personas de 15 a 59 anos,2006-05-01,7,4,7,4,11
LORETO,consulta externa,repetidas en personas de 15 a 59 anos,2006-05-01,6,9,6,9,15
LURIBAY,consulta externa,repetidas en personas de 15 a 59 anos,2006-05-01,2,4,2,4,6
MACHACAMARCA,consulta externa,repetidas en personas de 15 a 59 anos,2006-05-01,8,15,8,15,23
MACHARETI,consulta externa,repetidas en personas de 15 a 59 anos,2006-05-01,5,38,5,38,43
MAGDALENA,consulta externa,repetidas en personas de 15 a 59 anos,2006-05-01,27,97,27,97,124
MAIRANA,consulta externa,repetidas en personas de 15 a 59 anos,2006-05-01,5,8,5,8,13
MALLA,consulta externa,repetidas en personas de 15 a 59 anos,2006-05-01,0,2,0,2,2
MAPIRI,consulta externa,repetidas en personas de 15 a 59 anos,2006-05-01,4,5,4,5,9
MECAPACA,consulta externa,repetidas en personas de 15 a 59 anos,2006-05-01,13,19,13,19,32
MINEROS,consulta externa,repetidas en personas de 15 a 59 anos,2006-05-01,11,54,11,54,65
MIZQUE,consulta externa,repetidas en personas de 15 a 59 anos,2006-05-01,1,5,1,5,6
MOCOMOCO,consulta externa,repetidas en personas de 15 a 59 anos,2006-05-01,8,6,8,6,14
MOJINETE,consulta externa,repetidas en personas de 15 a 59 anos,2006-05-01,1,0,1,0,1
MOJOCOYA,consulta externa,repetidas en personas de 15 a 59 anos,2006-05-01,6,9,6,9,15
MONTEAGUDO,consulta externa,repetidas en personas de 15 a 59 anos,2006-05-01,64,256,64,256,320
MONTERO,consulta externa,repetidas en personas de 15 a 59 anos,2006-05-01,295,969,295,969,1264
MORO MORO,consulta externa,repetidas en personas de 15 a 59 anos,2006-05-01,3,2,3,2,5
MOROCHATA,consulta externa,repetidas en personas de 15 a 59 anos,2006-05-01,14,47,14,47,61
NUEVO MANOA (NUEVA ESPERANZA),consulta externa,repetidas en personas de 15 a 59 anos,2006-05-01,3,4,3,4,7
OCURI,consulta externa,repetidas en personas de 15 a 59 anos,2006-05-01,3,4,3,4,7
OKINAWA,consulta externa,repetidas en personas de 15 a 59 anos,2006-05-01,3,18,3,18,21
OMEREQUE,consulta externa,repetidas en personas de 15 a 59 anos,2006-05-01,0,11,0,11,11
ORURO,consulta externa,repetidas en personas de 15 a 59 anos,2006-05-01,1964,5143,1964,5143,7107
PADCAYA,consulta externa,repetidas en personas de 15 a 59 anos,2006-05-01,22,31,22,31,53
PADILLA,consulta externa,repetidas en personas de 15 a 59 anos,2006-05-01,8,27,8,27,35
PAILON,consulta externa,repetidas en personas de 15 a 59 anos,2006-05-01,1,10,1,10,11
PALCA,consulta externa,repetidas en personas de 15 a 59 anos,2006-05-01,12,5,12,5,17
PALOS BLANCOS,consulta externa,repetidas en personas de 15 a 59 anos,2006-05-01,46,49,46,49,95
PAMPA GRANDE,consulta externa,repetidas en personas de 15 a 59 anos,2006-05-01,14,10,14,10,24
PAPEL PAMPA,consulta externa,repetidas en personas de 15 a 59 anos,2006-05-01,2,6,2,6,8
PASORAPA,consulta externa,repetidas en personas de 15 a 59 anos,2006-05-01,1,0,1,0,1
PATACAMAYA,consulta externa,repetidas en personas de 15 a 59 anos,2006-05-01,1,1,1,1,2
PAZÑA,consulta externa,repetidas en personas de 15 a 59 anos,2006-05-01,14,34,14,34,48
PELECHUCO,consulta externa,repetidas en personas de 15 a 59 anos,2006-05-01,3,0,3,0,3
POCOATA,consulta externa,repetidas en personas de 15 a 59 anos,2006-05-01,4,8,4,8,12
POCONA,consulta externa,repetidas en personas de 15 a 59 anos,2006-05-01,3,2,3,2,5
POJO (CBBA),consulta externa,repetidas en personas de 15 a 59 anos,2006-05-01,1,2,1,2,3
POOPO,consulta externa,repetidas en personas de 15 a 59 anos,2006-05-01,15,6,15,6,21
PORCO,consulta externa,repetidas en personas de 15 a 59 anos,2006-05-01,3,6,3,6,9
POROMA,consulta externa,repetidas en personas de 15 a 59 anos,2006-05-01,8,27,8,27,35
PORONGO,consulta externa,repetidas en personas de 15 a 59 anos,2006-05-01,3,9,3,9,12
PORTACHUELO,consulta externa,repetidas en personas de 15 a 59 anos,2006-05-01,36,15,36,15,51
PORVENIR,consulta externa,repetidas en personas de 15 a 59 anos,2006-05-01,0,4,0,4,4
POSTRER VALLE,consulta externa,repetidas en personas de 15 a 59 anos,2006-05-01,0,5,0,5,5
POTOSI,consulta externa,repetidas en personas de 15 a 59 anos,2006-05-01,6336,4079,6336,4079,10415
PRESTO,consulta externa,repetidas en personas de 15 a 59 anos,2006-05-01,2,0,2,0,2
PUCARA,consulta externa,repetidas en personas de 15 a 59 anos,2006-05-01,8,14,8,14,22
PUCARANI,consulta externa,repetidas en personas de 15 a 59 anos,2006-05-01,10,11,10,11,21
PUERTO ACOSTA,consulta externa,repetidas en personas de 15 a 59 anos,2006-05-01,25,13,25,13,38
PUERTO CARABUCO,consulta externa,repetidas en personas de 15 a 59 anos,2006-05-01,10,3,10,3,13
PUERTO GONZALO MORENO,consulta externa,repetidas en personas de 15 a 59 anos,2006-05-01,2,4,2,4,6
PUERTO PEREZ,consulta externa,repetidas en personas de 15 a 59 anos,2006-05-01,2,13,2,13,15
PUERTO QUIJARRO,consulta externa,repetidas en personas de 15 a 59 anos,2006-05-01,31,64,31,64,95
PUERTO RICO,consulta externa,repetidas en personas de 15 a 59 anos,2006-05-01,1,2,1,2,3
PUERTO SUAREZ,consulta externa,repetidas en personas de 15 a 59 anos,2006-05-01,31,69,31,69,100
PUERTO VILLARROEL,consulta externa,repetidas en personas de 15 a 59 anos,2006-05-01,37,47,37,47,84
PUNA,consulta externa,repetidas en personas de 15 a 59 anos,2006-05-01,10,20,10,20,30
PUNATA,consulta externa,repetidas en personas de 15 a 59 anos,2006-05-01,92,236,92,236,328
QUILLACOLLO,consulta externa,repetidas en personas de 15 a 59 anos,2006-05-01,229,875,229,875,1104
QUIME,consulta externa,repetidas en personas de 15 a 59 anos,2006-05-01,42,7,42,7,49
QUIRUSILLAS,consulta externa,repetidas en personas de 15 a 59 anos,2006-05-01,0,3,0,3,3
RAVELO,consulta externa,repetidas en personas de 15 a 59 anos,2006-05-01,0,2,0,2,2
REYES,consulta externa,repetidas en personas de 15 a 59 anos,2006-05-01,5,9,5,9,14
RIBERALTA,consulta externa,repetidas en personas de 15 a 59 anos,2006-05-01,93,408,93,408,501
ROBORE,consulta externa,repetidas en personas de 15 a 59 anos,2006-05-01,27,139,27,139,166
RURRENABAQUE,consulta externa,repetidas en personas de 15 a 59 anos,2006-05-01,37,84,37,84,121
SACABA,consulta externa,repetidas en personas de 15 a 59 anos,2006-05-01,151,416,151,416,567
SACABAMBA,consulta externa,repetidas en personas de 15 a 59 anos,2006-05-01,7,6,7,6,13
SACACA,consulta externa,repetidas en personas de 15 a 59 anos,2006-05-01,2,1,2,1,3
SAIPINA,consulta externa,repetidas en personas de 15 a 59 anos,2006-05-01,8,27,8,27,35
SALINAS DE GARCI MENDOZA,consulta externa,repetidas en personas de 15 a 59 anos,2006-05-01,15,27,15,27,42
SAMAIPATA,consulta externa,repetidas en personas de 15 a 59 anos,2006-05-01,0,2,0,2,2
SAN AGUSTIN,consulta externa,repetidas en personas de 15 a 59 anos,2006-05-01,3,1,3,1,4
SAN ANDRES,consulta externa,repetidas en personas de 15 a 59 anos,2006-05-01,7,19,7,19,26
SAN ANDRES DE MACHACA,consulta externa,repetidas en personas de 15 a 59 anos,2006-05-01,7,2,7,2,9
SAN ANTONIO DE ESMORUCO,consulta externa,repetidas en personas de 15 a 59 anos,2006-05-01,1,2,1,2,3
SAN ANTONIO DE LOMERIO,consulta externa,repetidas en personas de 15 a 59 anos,2006-05-01,1,1,1,1,2
SAN BENITO,consulta externa,repetidas en personas de 15 a 59 anos,2006-05-01,5,20,5,20,25
SAN BORJA,consulta externa,repetidas en personas de 15 a 59 anos,2006-05-01,35,95,35,95,130
SAN BUENA VENTURA,consulta externa,repetidas en personas de 15 a 59 anos,2006-05-01,19,64,19,64,83
SAN CARLOS,consulta externa,repetidas en personas de 15 a 59 anos,2006-05-01,15,146,15,146,161
SAN IGNACIO,consulta externa,repetidas en personas de 15 a 59 anos,2006-05-01,28,72,28,72,100
SAN IGNACIO DE VELASCO,consulta externa,repetidas en personas de 15 a 59 anos,2006-05-01,84,159,84,159,243
SAN JAVIER(BNI),consulta externa,repetidas en personas de 15 a 59 anos,2006-05-01,3,5,3,5,8
SAN JAVIER(STC),consulta externa,repetidas en personas de 15 a 59 anos,2006-05-01,11,30,11,30,41
SAN JOAQUIN,consulta externa,repetidas en personas de 15 a 59 anos,2006-05-01,31,82,31,82,113
SAN JOSE DE CHIQUITOS,consulta externa,repetidas en personas de 15 a 59 anos,2006-05-01,6,9,6,9,15
SAN JUAN DE YAPACANI,consulta externa,repetidas en personas de 15 a 59 anos,2006-05-01,140,130,140,130,270
SAN JULIAN,consulta externa,repetidas en personas de 15 a 59 anos,2006-05-01,24,194,24,194,218
SAN LORENZO(PND),consulta externa,repetidas en personas de 15 a 59 anos,2006-05-01,3,3,3,3,6
SAN LORENZO(TJA),consulta externa,repetidas en personas de 15 a 59 anos,2006-05-01,14,65,14,65,79
SAN LUCAS,consulta externa,repetidas en personas de 15 a 59 anos,2006-05-01,24,34,24,34,58
SAN MATIAS,consulta externa,repetidas en personas de 15 a 59 anos,2006-05-01,5,39,5,39,44
SAN MIGUEL DE VELASCO,consulta externa,repetidas en personas de 15 a 59 anos,2006-05-01,10,51,10,51,61
SAN PABLO DE LIPEZ,consulta externa,repetidas en personas de 15 a 59 anos,2006-05-01,7,20,7,20,27
SAN PEDRO,consulta externa,repetidas en personas de 15 a 59 anos,2006-05-01,18,34,18,34,52
SAN PEDRO DE BUENA VISTA,consulta externa,repetidas en personas de 15 a 59 anos,2006-05-01,1,0,1,0,1
SAN PEDRO DE CURAHUARA,consulta externa,repetidas en personas de 15 a 59 anos,2006-05-01,1,1,1,1,2
SAN PEDRO DE QUEMES,consulta externa,repetidas en personas de 15 a 59 anos,2006-05-01,0,1,0,1,1
SAN PEDRO DE TIQUINA,consulta externa,repetidas en personas de 15 a 59 anos,2006-05-01,0,2,0,2,2
SAN RAFAEL,consulta externa,repetidas en personas de 15 a 59 anos,2006-05-01,3,3,3,3,6
SAN RAMON,consulta externa,repetidas en personas de 15 a 59 anos,2006-05-01,7,16,7,16,23
SAN RAMON,consulta externa,repetidas en personas de 15 a 59 anos,2006-05-01,17,159,17,159,176
SANTA ANA,consulta externa,repetidas en personas de 15 a 59 anos,2006-05-01,50,138,50,138,188
SANTA CRUZ DE LA SIERRA,consulta externa,repetidas en personas de 15 a 59 anos,2006-05-01,6010,13091,6010,13091,19101
SANTA ROSA,consulta externa,repetidas en personas de 15 a 59 anos,2006-05-01,1,10,1,10,11
SANTA ROSA DEL SARA,consulta externa,repetidas en personas de 15 a 59 anos,2006-05-01,3,5,3,5,8
SANTIAGO DE CALLAPA,consulta externa,repetidas en personas de 15 a 59 anos,2006-05-01,6,2,6,2,8
SANTIAGO DE HUARI,consulta externa,repetidas en personas de 15 a 59 anos,2006-05-01,11,18,11,18,29
SANTIAGO DE MACHACA,consulta externa,repetidas en personas de 15 a 59 anos,2006-05-01,0,3,0,3,3
SANTIVAÑES,consulta externa,repetidas en personas de 15 a 59 anos,2006-05-01,2,0,2,0,2
SANTUARIO DE QUILLACAS,consulta externa,repetidas en personas de 15 a 59 anos,2006-05-01,0,1,0,1,1
SAPAHAQUI,consulta externa,repetidas en personas de 15 a 59 anos,2006-05-01,5,2,5,2,7
SENA,consulta externa,repetidas en personas de 15 a 59 anos,2006-05-01,1,1,1,1,2
SICA SICA (VILLA AROMA),consulta externa,repetidas en personas de 15 a 59 anos,2006-05-01,2,2,2,2,4
SICAYA,consulta externa,repetidas en personas de 15 a 59 anos,2006-05-01,1,0,1,0,1
SIPE SIPE,consulta externa,repetidas en personas de 15 a 59 anos,2006-05-01,32,185,32,185,217
SOPACHUY,consulta externa,repetidas en personas de 15 a 59 anos,2006-05-01,8,26,8,26,34
SORACACHI,consulta externa,repetidas en personas de 15 a 59 anos,2006-05-01,3,0,3,0,3
SORATA,consulta externa,repetidas en personas de 15 a 59 anos,2006-05-01,3,3,3,3,6
SUCRE,consulta externa,repetidas en personas de 15 a 59 anos,2006-05-01,2223,5955,2223,5955,8178
TACACHI,consulta externa,repetidas en personas de 15 a 59 anos,2006-05-01,1,9,1,9,10
TACACOMA,consulta externa,repetidas en personas de 15 a 59 anos,2006-05-01,3,0,3,0,3
TACOBAMBA,consulta externa,repetidas en personas de 15 a 59 anos,2006-05-01,3,1,3,1,4
TACOPAYA,consulta externa,repetidas en personas de 15 a 59 anos,2006-05-01,0,2,0,2,2
TAHUA,consulta externa,repetidas en personas de 15 a 59 anos,2006-05-01,2,1,2,1,3
TAPACARI,consulta externa,repetidas en personas de 15 a 59 anos,2006-05-01,1,30,1,30,31
TARABUCO,consulta externa,repetidas en personas de 15 a 59 anos,2006-05-01,26,41,26,41,67
TARACO,consulta externa,repetidas en personas de 15 a 59 anos,2006-05-01,1,1,1,1,2
TARATA,consulta externa,repetidas en personas de 15 a 59 anos,2006-05-01,9,17,9,17,26
TARIJA,consulta externa,repetidas en personas de 15 a 59 anos,2006-05-01,2235,7263,2235,7263,9498
TARVITA,consulta externa,repetidas en personas de 15 a 59 anos,2006-05-01,3,22,3,22,25
TEOPONTE,consulta externa,repetidas en personas de 15 a 59 anos,2006-05-01,5,4,5,4,9
TIAWANACU,consulta externa,repetidas en personas de 15 a 59 anos,2006-05-01,5,5,5,5,10
TINGUIPAYA,consulta externa,repetidas en personas de 15 a 59 anos,2006-05-01,0,8,0,8,8
TIPUANI,consulta externa,repetidas en personas de 15 a 59 anos,2006-05-01,6,7,6,7,13
TIQUIPAYA,consulta externa,repetidas en personas de 15 a 59 anos,2006-05-01,34,226,34,226,260
TIRAQUE (CBBA),consulta externa,repetidas en personas de 15 a 59 anos,2006-05-01,37,287,37,287,324
TITO YUPANQUI (PARQUIPUJIO),consulta externa,repetidas en personas de 15 a 59 anos,2006-05-01,2,5,2,5,7
TOCO,consulta externa,repetidas en personas de 15 a 59 anos,2006-05-01,3,2,3,2,5
TOLATA,consulta externa,repetidas en personas de 15 a 59 anos,2006-05-01,0,2,0,2,2
TOLEDO,consulta externa,repetidas en personas de 15 a 59 anos,2006-05-01,8,12,8,12,20
TOMAVE,consulta externa,repetidas en personas de 15 a 59 anos,2006-05-01,12,13,12,13,25
TOMINA,consulta externa,repetidas en personas de 15 a 59 anos,2006-05-01,4,4,4,4,8
TORO TORO,consulta externa,repetidas en personas de 15 a 59 anos,2006-05-01,1,4,1,4,5
TOTORA(CBBA),consulta externa,repetidas en personas de 15 a 59 anos,2006-05-01,8,14,8,14,22
TOTORA(ORR),consulta externa,repetidas en personas de 15 a 59 anos,2006-05-01,0,1,0,1,1
TRIGAL,consulta externa,repetidas en personas de 15 a 59 anos,2006-05-01,2,1,2,1,3
TRINIDAD,consulta externa,repetidas en personas de 15 a 59 anos,2006-05-01,1225,1569,1225,1569,2794
TUPIZA,consulta externa,repetidas en personas de 15 a 59 anos,2006-05-01,180,254,180,254,434
TURCO,consulta externa,repetidas en personas de 15 a 59 anos,2006-05-01,2,0,2,0,2
UMALA,consulta externa,repetidas en personas de 15 a 59 anos,2006-05-01,1,0,1,0,1
UNCIA,consulta externa,repetidas en personas de 15 a 59 anos,2006-05-01,101,183,101,183,284
URIONDO (A. CONCEPCION),consulta externa,repetidas en personas de 15 a 59 anos,2006-05-01,21,76,21,76,97
URUBICHA,consulta externa,repetidas en personas de 15 a 59 anos,2006-05-01,0,91,0,91,91
UYUNI,consulta externa,repetidas en personas de 15 a 59 anos,2006-05-01,37,81,37,81,118
VACAS,consulta externa,repetidas en personas de 15 a 59 anos,2006-05-01,20,31,20,31,51
VALLEGRANDE,consulta externa,repetidas en personas de 15 a 59 anos,2006-05-01,44,119,44,119,163
VIACHA,consulta externa,repetidas en personas de 15 a 59 anos,2006-05-01,122,343,122,343,465
VILLA MONTES,consulta externa,repetidas en personas de 15 a 59 anos,2006-05-01,98,156,98,156,254
VILLA NUEVA (LOMA ALTA),consulta externa,repetidas en personas de 15 a 59 anos,2006-05-01,1,3,1,3,4
VILLA RIVERO,consulta externa,repetidas en personas de 15 a 59 anos,2006-05-01,8,43,8,43,51
VILLA SERRANO,consulta externa,repetidas en personas de 15 a 59 anos,2006-05-01,15,47,15,47,62
VILLA TUNARI,consulta externa,repetidas en personas de 15 a 59 anos,2006-05-01,70,72,70,72,142
VILLA VACA GUZMAN (MUYUPAMPA),consulta externa,repetidas en personas de 15 a 59 anos,2006-05-01,12,43,12,43,55
VILLAZON,consulta externa,repetidas en personas de 15 a 59 anos,2006-05-01,46,170,46,170,216
VINTO,consulta externa,repetidas en personas de 15 a 59 anos,2006-05-01,67,113,67,113,180
VITICHI,consulta externa,repetidas en personas de 15 a 59 anos,2006-05-01,9,32,9,32,41
WALDO BALLIVIAN,consulta externa,repetidas en personas de 15 a 59 anos,2006-05-01,5,0,5,0,5
WARNES,consulta externa,repetidas en personas de 15 a 59 anos,2006-05-01,5,141,5,141,146
YACO,consulta externa,repetidas en personas de 15 a 59 anos,2006-05-01,3,6,3,6,9
YACUIBA,consulta externa,repetidas en personas de 15 a 59 anos,2006-05-01,365,1172,365,1172,1537
YAMPARAEZ,consulta externa,repetidas en personas de 15 a 59 anos,2006-05-01,19,20,19,20,39
YANACACHI,consulta externa,repetidas en personas de 15 a 59 anos,2006-05-01,2,1,2,1,3
YAPACANI,consulta externa,repetidas en personas de 15 a 59 anos,2006-05-01,15,293,15,293,308
YOCALLA,consulta externa,repetidas en personas de 15 a 59 anos,2006-05-01,2,4,2,4,6
YOTALA,consulta externa,repetidas en personas de 15 a 59 anos,2006-05-01,21,66,21,66,87
YUNCHARA,consulta externa,repetidas en personas de 15 a 59 anos,2006-05-01,27,84,27,84,111
ZUDAÑEZ,consulta externa,repetidas en personas de 15 a 59 anos,2006-05-01,7,9,7,9,16
ACACIO,consulta externa,repetidas en personas de 15 a 59 anos,2006-06-01,4,3,4,3,7
ACHACACHI,consulta externa,repetidas en personas de 15 a 59 anos,2006-06-01,25,25,25,25,50
ACHOCALLA,consulta externa,repetidas en personas de 15 a 59 anos,2006-06-01,0,3,0,3,3
AIQUILE,consulta externa,repetidas en personas de 15 a 59 anos,2006-06-01,65,278,65,278,343
ALCALA,consulta externa,repetidas en personas de 15 a 59 anos,2006-06-01,2,20,2,20,22
ANCORAIMES,consulta externa,repetidas en personas de 15 a 59 anos,2006-06-01,13,15,13,15,28
ANDAMARCA,consulta externa,repetidas en personas de 15 a 59 anos,2006-06-01,4,3,4,3,7
ANTEQUERA,consulta externa,repetidas en personas de 15 a 59 anos,2006-06-01,1,4,1,4,5
ANZALDO,consulta externa,repetidas en personas de 15 a 59 anos,2006-06-01,3,21,3,21,24
APOLO,consulta externa,repetidas en personas de 15 a 59 anos,2006-06-01,13,15,13,15,28
ARAMPAMPA,consulta externa,repetidas en personas de 15 a 59 anos,2006-06-01,0,1,0,1,1
ARANI,consulta externa,repetidas en personas de 15 a 59 anos,2006-06-01,8,20,8,20,28
ARBIETO,consulta externa,repetidas en personas de 15 a 59 anos,2006-06-01,1,15,1,15,16
ARQUE,consulta externa,repetidas en personas de 15 a 59 anos,2006-06-01,2,14,2,14,16
ASCENCION DE GUARAYOS,consulta externa,repetidas en personas de 15 a 59 anos,2006-06-01,5,6,5,6,11
ATOCHA,consulta externa,repetidas en personas de 15 a 59 anos,2006-06-01,217,311,217,311,528
AUCAPATA,consulta externa,repetidas en personas de 15 a 59 anos,2006-06-01,20,17,20,17,37
AYATA,consulta externa,repetidas en personas de 15 a 59 anos,2006-06-01,1,3,1,3,4
AYO AYO,consulta externa,repetidas en personas de 15 a 59 anos,2006-06-01,6,18,6,18,24
AYOPAYA (V. DE INDEPENDENCIA),consulta externa,repetidas en personas de 15 a 59 anos,2006-06-01,6,14,6,14,20
AZURDUY,consulta externa,repetidas en personas de 15 a 59 anos,2006-06-01,0,9,0,9,9
BATALLAS,consulta externa,repetidas en personas de 15 a 59 anos,2006-06-01,4,7,4,7,11
BAURES,consulta externa,repetidas en personas de 15 a 59 anos,2006-06-01,10,10,10,10,20
BELEN DE ANDAMARCA,consulta externa,repetidas en personas de 15 a 59 anos,2006-06-01,4,2,4,2,6
BELEN DE URMIRI,consulta externa,repetidas en personas de 15 a 59 anos,2006-06-01,2,1,2,1,3
BELLA FLOR,consulta externa,repetidas en personas de 15 a 59 anos,2006-06-01,0,2,0,2,2
BERMEJO,consulta externa,repetidas en personas de 15 a 59 anos,2006-06-01,80,122,80,122,202
BETANZOS,consulta externa,repetidas en personas de 15 a 59 anos,2006-06-01,30,57,30,57,87
BOLIVAR,consulta externa,repetidas en personas de 15 a 59 anos,2006-06-01,2,2,2,2,4
BOLPEBRA,consulta externa,repetidas en personas de 15 a 59 anos,2006-06-01,0,3,0,3,3
BOYUIBE,consulta externa,repetidas en personas de 15 a 59 anos,2006-06-01,3,10,3,10,13
BUENA VISTA,consulta externa,repetidas en personas de 15 a 59 anos,2006-06-01,31,62,31,62,93
CABEZAS,consulta externa,repetidas en personas de 15 a 59 anos,2006-06-01,0,4,0,4,4
CAIROMA,consulta externa,repetidas en personas de 15 a 59 anos,2006-06-01,110,57,110,57,167
"CAIZA ""D""",consulta externa,repetidas en personas de 15 a 59 anos,2006-06-01,5,12,5,12,17
CALACOTO,consulta externa,repetidas en personas de 15 a 59 anos,2006-06-01,1,4,1,4,5
CALAMARCA,consulta externa,repetidas en personas de 15 a 59 anos,2006-06-01,3,19,3,19,22
CAMARGO,consulta externa,repetidas en personas de 15 a 59 anos,2006-06-01,8,37,8,37,45
CAMATAQUI (C. VILLA ABECIA),consulta externa,repetidas en personas de 15 a 59 anos,2006-06-01,5,2,5,2,7
CAMIRI,consulta externa,repetidas en personas de 15 a 59 anos,2006-06-01,42,125,42,125,167
CAPINOTA,consulta externa,repetidas en personas de 15 a 59 anos,2006-06-01,54,54,54,54,108
CAQUIAVIRI,consulta externa,repetidas en personas de 15 a 59 anos,2006-06-01,3,4,3,4,7
CARACOLLO,consulta externa,repetidas en personas de 15 a 59 anos,2006-06-01,3,17,3,17,20
CARANAVI,consulta externa,repetidas en personas de 15 a 59 anos,2006-06-01,21,24,21,24,45
CARAPARI,consulta externa,repetidas en personas de 15 a 59 anos,2006-06-01,2,4,2,4,6
CARMEN RIVERO TORREZ,consulta externa,repetidas en personas de 15 a 59 anos,2006-06-01,0,1,0,1,1
CATACORA,consulta externa,repetidas en personas de 15 a 59 anos,2006-06-01,0,2,0,2,2
CHALLAPATA,consulta externa,repetidas en personas de 15 a 59 anos,2006-06-01,21,15,21,15,36
CHAQUI,consulta externa,repetidas en personas de 15 a 59 anos,2006-06-01,5,8,5,8,13
CHARAGUA,consulta externa,repetidas en personas de 15 a 59 anos,2006-06-01,14,40,14,40,54
CHARAÑA,consulta externa,repetidas en personas de 15 a 59 anos,2006-06-01,0,1,0,1,1
CHAYANTA,consulta externa,repetidas en personas de 15 a 59 anos,2006-06-01,11,21,11,21,32
CHIMORE,consulta externa,repetidas en personas de 15 a 59 anos,2006-06-01,7,26,7,26,33
CHOQUE COTA,consulta externa,repetidas en personas de 15 a 59 anos,2006-06-01,0,1,0,1,1
CHULUMANI (V. DE LA LIBERTAD),consulta externa,repetidas en personas de 15 a 59 anos,2006-06-01,55,23,55,23,78
CHUMA,consulta externa,repetidas en personas de 15 a 59 anos,2006-06-01,12,14,12,14,26
CLIZA,consulta externa,repetidas en personas de 15 a 59 anos,2006-06-01,6,13,6,13,19
COBIJA,consulta externa,repetidas en personas de 15 a 59 anos,2006-06-01,165,668,165,668,833
COCHABAMBA,consulta externa,repetidas en personas de 15 a 59 anos,2006-06-01,7975,19823,7975,19823,27798
COLCAPIRHUA,consulta externa,repetidas en personas de 15 a 59 anos,2006-06-01,134,379,134,379,513
"COLCHA ""K""",consulta externa,repetidas en personas de 15 a 59 anos,2006-06-01,5,16,5,16,21
COLLANA,consulta externa,repetidas en personas de 15 a 59 anos,2006-06-01,1,0,1,0,1
COLOMI,consulta externa,repetidas en personas de 15 a 59 anos,2006-06-01,5,7,5,7,12
COLPA BELGICA,consulta externa,repetidas en personas de 15 a 59 anos,2006-06-01,16,56,16,56,72
COLQUECHACA,consulta externa,repetidas en personas de 15 a 59 anos,2006-06-01,6,8,6,8,14
COLQUENCHA,consulta externa,repetidas en personas de 15 a 59 anos,2006-06-01,1,8,1,8,9
COLQUIRI,consulta externa,repetidas en personas de 15 a 59 anos,2006-06-01,29,24,29,24,53
COMANCHE,consulta externa,repetidas en personas de 15 a 59 anos,2006-06-01,0,1,0,1,1
COMARAPA,consulta externa,repetidas en personas de 15 a 59 anos,2006-06-01,26,34,26,34,60
CONCEPCION,consulta externa,repetidas en personas de 15 a 59 anos,2006-06-01,9,10,9,10,19
COPACABANA,consulta externa,repetidas en personas de 15 a 59 anos,2006-06-01,1,1,1,1,2
CORIPATA,consulta externa,repetidas en personas de 15 a 59 anos,2006-06-01,4,4,4,4,8
CORO CORO,consulta externa,repetidas en personas de 15 a 59 anos,2006-06-01,2,3,2,3,5
COROICO,consulta externa,repetidas en personas de 15 a 59 anos,2006-06-01,67,126,67,126,193
CORQUE,consulta externa,repetidas en personas de 15 a 59 anos,2006-06-01,11,10,11,10,21
COTAGAITA,consulta externa,repetidas en personas de 15 a 59 anos,2006-06-01,72,95,72,95,167
COTOCA,consulta externa,repetidas en personas de 15 a 59 anos,2006-06-01,4,9,4,9,13
CUATRO CAÑADAS,consulta externa,repetidas en personas de 15 a 59 anos,2006-06-01,9,35,9,35,44
CUEVO,consulta externa,repetidas en personas de 15 a 59 anos,2006-06-01,4,4,4,4,8
CULPINA,consulta externa,repetidas en personas de 15 a 59 anos,2006-06-01,2,3,2,3,5
CURAHUARA DE CARANGAS,consulta externa,repetidas en personas de 15 a 59 anos,2006-06-01,0,4,0,4,4
CURVA,consulta externa,repetidas en personas de 15 a 59 anos,2006-06-01,1,0,1,0,1
DESAGUADERO,consulta externa,repetidas en personas de 15 a 59 anos,2006-06-01,0,1,0,1,1
EL ALTO,consulta externa,repetidas en personas de 15 a 59 anos,2006-06-01,2811,5422,2811,5422,8233
EL CHORO,consulta externa,repetidas en personas de 15 a 59 anos,2006-06-01,0,2,0,2,2
EL PUENTE(STC),consulta externa,repetidas en personas de 15 a 59 anos,2006-06-01,0,1,0,1,1
EL PUENTE(TJA),consulta externa,repetidas en personas de 15 a 59 anos,2006-06-01,3,2,3,2,5
EL TORNO,consulta externa,repetidas en personas de 15 a 59 anos,2006-06-01,114,161,114,161,275
ENTRE RIOS,consulta externa,repetidas en personas de 15 a 59 anos,2006-06-01,12,30,12,30,42
ENTRE RIOS,consulta externa,repetidas en personas de 15 a 59 anos,2006-06-01,15,14,15,14,29
EUCALIPTUS,consulta externa,repetidas en personas de 15 a 59 anos,2006-06-01,1,4,1,4,5
EUREKA (SANTOS MERCADO),consulta externa,repetidas en personas de 15 a 59 anos,2006-06-01,0,1,0,1,1
EXALTACION,consulta externa,repetidas en personas de 15 a 59 anos,2006-06-01,1,1,1,1,2
FERNANDEZ ALONSO,consulta externa,repetidas en personas de 15 a 59 anos,2006-06-01,7,64,7,64,71
FILADELFIA,consulta externa,repetidas en personas de 15 a 59 anos,2006-06-01,1,2,1,2,3
GENERAL SAAVEDRA,consulta externa,repetidas en personas de 15 a 59 anos,2006-06-01,16,20,16,20,36
GRAL. J.J. PEREZ (CHARAZANI),consulta externa,repetidas en personas de 15 a 59 anos,2006-06-01,2,4,2,4,6
GUAQUI,consulta externa,repetidas en personas de 15 a 59 anos,2006-06-01,9,10,9,10,19
GUAYARAMERIN,consulta externa,repetidas en personas de 15 a 59 anos,2006-06-01,197,318,197,318,515
GUTIERREZ,consulta externa,repetidas en personas de 15 a 59 anos,2006-06-01,10,26,10,26,36
HUACARETA,consulta externa,repetidas en personas de 15 a 59 anos,2006-06-01,22,61,22,61,83
HUACAYA (VILLA DE HUACAYA),consulta externa,repetidas en personas de 15 a 59 anos,2006-06-01,0,2,0,2,2
HUACHACALLA,consulta externa,repetidas en personas de 15 a 59 anos,2006-06-01,0,2,0,2,2
HUANUNI,consulta externa,repetidas en personas de 15 a 59 anos,2006-06-01,121,129,121,129,250
HUARACAJE,consulta externa,repetidas en personas de 15 a 59 anos,2006-06-01,10,4,10,4,14
HUAYLLAMARCA,consulta externa,repetidas en personas de 15 a 59 anos,2006-06-01,1,2,1,2,3
ICHOCA,consulta externa,repetidas en personas de 15 a 59 anos,2006-06-01,0,1,0,1,1
ICLA,consulta externa,repetidas en personas de 15 a 59 anos,2006-06-01,2,5,2,5,7
INCAHUASI,consulta externa,repetidas en personas de 15 a 59 anos,2006-06-01,0,21,0,21,21
INGAVI (HUMAITA),consulta externa,repetidas en personas de 15 a 59 anos,2006-06-01,3,4,3,4,7
INQUISIVI,consulta externa,repetidas en personas de 15 a 59 anos,2006-06-01,9,12,9,12,21
IRUPANA (VILLA DE LANZA),consulta externa,repetidas en personas de 15 a 59 anos,2006-06-01,24,15,24,15,39
IXIAMAS,consulta externa,repetidas en personas de 15 a 59 anos,2006-06-01,3,13,3,13,16
JESUS DE MACHACA,consulta externa,repetidas en personas de 15 a 59 anos,2006-06-01,3,9,3,9,12
LA ASUNTA,consulta externa,repetidas en personas de 15 a 59 anos,2006-06-01,5,7,5,7,12
LA GUARDIA,consulta externa,repetidas en personas de 15 a 59 anos,2006-06-01,28,118,28,118,146
LA PAZ,consulta externa,repetidas en personas de 15 a 59 anos,2006-06-01,13871,30416,13871,30416,44287
LA RIVERA,consulta externa,repetidas en personas de 15 a 59 anos,2006-06-01,0,1,0,1,1
LAGUNILLAS,consulta externa,repetidas en personas de 15 a 59 anos,2006-06-01,3,4,3,4,7
LAJA,consulta externa,repetidas en personas de 15 a 59 anos,2006-06-01,2,7,2,7,9
LAS CARRERAS,consulta externa,repetidas en personas de 15 a 59 anos,2006-06-01,8,15,8,15,23
LLALLAGUA,consulta externa,repetidas en personas de 15 a 59 anos,2006-06-01,86,210,86,210,296
LLICA,consulta externa,repetidas en personas de 15 a 59 anos,2006-06-01,3,5,3,5,8
LORETO,consulta externa,repetidas en personas de 15 a 59 anos,2006-06-01,4,13,4,13,17
LURIBAY,consulta externa,repetidas en personas de 15 a 59 anos,2006-06-01,4,12,4,12,16
MACHACAMARCA,consulta externa,repetidas en personas de 15 a 59 anos,2006-06-01,8,10,8,10,18
MACHARETI,consulta externa,repetidas en personas de 15 a 59 anos,2006-06-01,11,40,11,40,51
MAGDALENA,consulta externa,repetidas en personas de 15 a 59 anos,2006-06-01,34,126,34,126,160
MAIRANA,consulta externa,repetidas en personas de 15 a 59 anos,2006-06-01,1,8,1,8,9
MALLA,consulta externa,repetidas en personas de 15 a 59 anos,2006-06-01,4,1,4,1,5
MAPIRI,consulta externa,repetidas en personas de 15 a 59 anos,2006-06-01,4,2,4,2,6
MECAPACA,consulta externa,repetidas en personas de 15 a 59 anos,2006-06-01,14,15,14,15,29
MINEROS,consulta externa,repetidas en personas de 15 a 59 anos,2006-06-01,24,55,24,55,79
MIZQUE,consulta externa,repetidas en personas de 15 a 59 anos,2006-06-01,5,1,5,1,6
MOCOMOCO,consulta externa,repetidas en personas de 15 a 59 anos,2006-06-01,10,13,10,13,23
MOJINETE,consulta externa,repetidas en personas de 15 a 59 anos,2006-06-01,1,8,1,8,9
MOJOCOYA,consulta externa,repetidas en personas de 15 a 59 anos,2006-06-01,11,11,11,11,22
MONTEAGUDO,consulta externa,repetidas en personas de 15 a 59 anos,2006-06-01,127,455,127,455,582
MONTERO,consulta externa,repetidas en personas de 15 a 59 anos,2006-06-01,293,966,293,966,1259
MORO MORO,consulta externa,repetidas en personas de 15 a 59 anos,2006-06-01,1,2,1,2,3
MOROCHATA,consulta externa,repetidas en personas de 15 a 59 anos,2006-06-01,19,77,19,77,96
NAZACARA DE PACAJES,consulta externa,repetidas en personas de 15 a 59 anos,2006-06-01,0,1,0,1,1
OCURI,consulta externa,repetidas en personas de 15 a 59 anos,2006-06-01,0,1,0,1,1
OKINAWA,consulta externa,repetidas en personas de 15 a 59 anos,2006-06-01,4,21,4,21,25
OMEREQUE,consulta externa,repetidas en personas de 15 a 59 anos,2006-06-01,3,1,3,1,4
ORURO,consulta externa,repetidas en personas de 15 a 59 anos,2006-06-01,1760,4599,1760,4599,6359
PADCAYA,consulta externa,repetidas en personas de 15 a 59 anos,2006-06-01,7,27,7,27,34
PADILLA,consulta externa,repetidas en personas de 15 a 59 anos,2006-06-01,10,62,10,62,72
PAILON,consulta externa,repetidas en personas de 15 a 59 anos,2006-06-01,0,2,0,2,2
PALCA,consulta externa,repetidas en personas de 15 a 59 anos,2006-06-01,8,5,8,5,13
PALOS BLANCOS,consulta externa,repetidas en personas de 15 a 59 anos,2006-06-01,78,38,78,38,116
PAMPA AULLAGAS,consulta externa,repetidas en personas de 15 a 59 anos,2006-06-01,0,1,0,1,1
PAMPA GRANDE,consulta externa,repetidas en personas de 15 a 59 anos,2006-06-01,3,2,3,2,5
PAPEL PAMPA,consulta externa,repetidas en personas de 15 a 59 anos,2006-06-01,2,4,2,4,6
PASORAPA,consulta externa,repetidas en personas de 15 a 59 anos,2006-06-01,1,0,1,0,1
PATACAMAYA,consulta externa,repetidas en personas de 15 a 59 anos,2006-06-01,1,3,1,3,4
PAZÑA,consulta externa,repetidas en personas de 15 a 59 anos,2006-06-01,13,36,13,36,49
PELECHUCO,consulta externa,repetidas en personas de 15 a 59 anos,2006-06-01,4,2,4,2,6
POCOATA,consulta externa,repetidas en personas de 15 a 59 anos,2006-06-01,3,7,3,7,10
POCONA,consulta externa,repetidas en personas de 15 a 59 anos,2006-06-01,5,4,5,4,9
POJO (CBBA),consulta externa,repetidas en personas de 15 a 59 anos,2006-06-01,3,0,3,0,3
POOPO,consulta externa,repetidas en personas de 15 a 59 anos,2006-06-01,7,8,7,8,15
PORCO,consulta externa,repetidas en personas de 15 a 59 anos,2006-06-01,1,4,1,4,5
POROMA,consulta externa,repetidas en personas de 15 a 59 anos,2006-06-01,8,18,8,18,26
PORONGO,consulta externa,repetidas en personas de 15 a 59 anos,2006-06-01,11,11,11,11,22
PORTACHUELO,consulta externa,repetidas en personas de 15 a 59 anos,2006-06-01,38,40,38,40,78
PORVENIR,consulta externa,repetidas en personas de 15 a 59 anos,2006-06-01,16,7,16,7,23
POSTRER VALLE,consulta externa,repetidas en personas de 15 a 59 anos,2006-06-01,2,9,2,9,11
POTOSI,consulta externa,repetidas en personas de 15 a 59 anos,2006-06-01,5470,3763,5470,3763,9233
PUCARA,consulta externa,repetidas en personas de 15 a 59 anos,2006-06-01,20,32,20,32,52
PUCARANI,consulta externa,repetidas en personas de 15 a 59 anos,2006-06-01,3,5,3,5,8
PUERTO ACOSTA,consulta externa,repetidas en personas de 15 a 59 anos,2006-06-01,15,6,15,6,21
PUERTO CARABUCO,consulta externa,repetidas en personas de 15 a 59 anos,2006-06-01,6,5,6,5,11
PUERTO GONZALO MORENO,consulta externa,repetidas en personas de 15 a 59 anos,2006-06-01,2,6,2,6,8
PUERTO PEREZ,consulta externa,repetidas en personas de 15 a 59 anos,2006-06-01,9,9,9,9,18
PUERTO QUIJARRO,consulta externa,repetidas en personas de 15 a 59 anos,2006-06-01,33,62,33,62,95
PUERTO RICO,consulta externa,repetidas en personas de 15 a 59 anos,2006-06-01,0,1,0,1,1
PUERTO SILES,consulta externa,repetidas en personas de 15 a 59 anos,2006-06-01,1,2,1,2,3
PUERTO SUAREZ,consulta externa,repetidas en personas de 15 a 59 anos,2006-06-01,25,71,25,71,96
PUERTO VILLARROEL,consulta externa,repetidas en personas de 15 a 59 anos,2006-06-01,12,55,12,55,67
PUNA,consulta externa,repetidas en personas de 15 a 59 anos,2006-06-01,12,18,12,18,30
PUNATA,consulta externa,repetidas en personas de 15 a 59 anos,2006-06-01,88,222,88,222,310
QUILLACOLLO,consulta externa,repetidas en personas de 15 a 59 anos,2006-06-01,190,679,190,679,869
QUIME,consulta externa,repetidas en personas de 15 a 59 anos,2006-06-01,24,25,24,25,49
QUIRUSILLAS,consulta externa,repetidas en personas de 15 a 59 anos,2006-06-01,0,2,0,2,2
RAVELO,consulta externa,repetidas en personas de 15 a 59 anos,2006-06-01,0,3,0,3,3
REYES,consulta externa,repetidas en personas de 15 a 59 anos,2006-06-01,31,43,31,43,74
RIBERALTA,consulta externa,repetidas en personas de 15 a 59 anos,2006-06-01,105,582,105,582,687
ROBORE,consulta externa,repetidas en personas de 15 a 59 anos,2006-06-01,67,141,67,141,208
RURRENABAQUE,consulta externa,repetidas en personas de 15 a 59 anos,2006-06-01,27,102,27,102,129
SABAYA,consulta externa,repetidas en personas de 15 a 59 anos,2006-06-01,0,1,0,1,1
SACABA,consulta externa,repetidas en personas de 15 a 59 anos,2006-06-01,151,391,151,391,542
SACABAMBA,consulta externa,repetidas en personas de 15 a 59 anos,2006-06-01,2,5,2,5,7
SACACA,consulta externa,repetidas en personas de 15 a 59 anos,2006-06-01,5,5,5,5,10
SAIPINA,consulta externa,repetidas en personas de 15 a 59 anos,2006-06-01,25,62,25,62,87
SALINAS DE GARCI MENDOZA,consulta externa,repetidas en personas de 15 a 59 anos,2006-06-01,5,3,5,3,8
SAMAIPATA,consulta externa,repetidas en personas de 15 a 59 anos,2006-06-01,1,0,1,0,1
SAN AGUSTIN,consulta externa,repetidas en personas de 15 a 59 anos,2006-06-01,2,1,2,1,3
SAN ANDRES,consulta externa,repetidas en personas de 15 a 59 anos,2006-06-01,8,5,8,5,13
SAN ANDRES DE MACHACA,consulta externa,repetidas en personas de 15 a 59 anos,2006-06-01,2,3,2,3,5
SAN ANTONIO DE ESMORUCO,consulta externa,repetidas en personas de 15 a 59 anos,2006-06-01,1,2,1,2,3
SAN BENITO,consulta externa,repetidas en personas de 15 a 59 anos,2006-06-01,6,19,6,19,25
SAN BORJA,consulta externa,repetidas en personas de 15 a 59 anos,2006-06-01,32,116,32,116,148
SAN BUENA VENTURA,consulta externa,repetidas en personas de 15 a 59 anos,2006-06-01,5,22,5,22,27
SAN CARLOS,consulta externa,repetidas en personas de 15 a 59 anos,2006-06-01,30,82,30,82,112
SAN IGNACIO,consulta externa,repetidas en personas de 15 a 59 anos,2006-06-01,22,64,22,64,86
SAN IGNACIO DE VELASCO,consulta externa,repetidas en personas de 15 a 59 anos,2006-06-01,89,181,89,181,270
SAN JAVIER(BNI),consulta externa,repetidas en personas de 15 a 59 anos,2006-06-01,4,5,4,5,9
SAN JAVIER(STC),consulta externa,repetidas en personas de 15 a 59 anos,2006-06-01,6,33,6,33,39
SAN JOAQUIN,consulta externa,repetidas en personas de 15 a 59 anos,2006-06-01,12,42,12,42,54
SAN JOSE DE CHIQUITOS,consulta externa,repetidas en personas de 15 a 59 anos,2006-06-01,2,21,2,21,23
SAN JUAN DE YAPACANI,consulta externa,repetidas en personas de 15 a 59 anos,2006-06-01,111,91,111,91,202
SAN JULIAN,consulta externa,repetidas en personas de 15 a 59 anos,2006-06-01,17,119,17,119,136
SAN LORENZO(PND),consulta externa,repetidas en personas de 15 a 59 anos,2006-06-01,2,2,2,2,4
SAN LORENZO(TJA),consulta externa,repetidas en personas de 15 a 59 anos,2006-06-01,15,25,15,25,40
SAN LUCAS,consulta externa,repetidas en personas de 15 a 59 anos,2006-06-01,37,54,37,54,91
SAN MATIAS,consulta externa,repetidas en personas de 15 a 59 anos,2006-06-01,4,45,4,45,49
SAN MIGUEL DE VELASCO,consulta externa,repetidas en personas de 15 a 59 anos,2006-06-01,20,82,20,82,102
SAN PABLO DE LIPEZ,consulta externa,repetidas en personas de 15 a 59 anos,2006-06-01,7,25,7,25,32
SAN PEDRO,consulta externa,repetidas en personas de 15 a 59 anos,2006-06-01,23,32,23,32,55
SAN PEDRO DE CURAHUARA,consulta externa,repetidas en personas de 15 a 59 anos,2006-06-01,2,0,2,0,2
SAN PEDRO DE TIQUINA,consulta externa,repetidas en personas de 15 a 59 anos,2006-06-01,1,1,1,1,2
SAN RAFAEL,consulta externa,repetidas en personas de 15 a 59 anos,2006-06-01,4,10,4,10,14
SAN RAMON,consulta externa,repetidas en personas de 15 a 59 anos,2006-06-01,6,114,6,114,120
SAN RAMON,consulta externa,repetidas en personas de 15 a 59 anos,2006-06-01,4,12,4,12,16
SANTA ANA,consulta externa,repetidas en personas de 15 a 59 anos,2006-06-01,35,107,35,107,142
SANTA CRUZ DE LA SIERRA,consulta externa,repetidas en personas de 15 a 59 anos,2006-06-01,6613,16462,6613,16462,23075
SANTA ROSA,consulta externa,repetidas en personas de 15 a 59 anos,2006-06-01,2,14,2,14,16
SANTA ROSA DEL SARA,consulta externa,repetidas en personas de 15 a 59 anos,2006-06-01,4,12,4,12,16
SANTIAGO DE HUARI,consulta externa,repetidas en personas de 15 a 59 anos,2006-06-01,22,24,22,24,46
SANTIAGO DE MACHACA,consulta externa,repetidas en personas de 15 a 59 anos,2006-06-01,0,1,0,1,1
SANTIVAÑES,consulta externa,repetidas en personas de 15 a 59 anos,2006-06-01,1,0,1,0,1
SAPAHAQUI,consulta externa,repetidas en personas de 15 a 59 anos,2006-06-01,3,3,3,3,6
SENA,consulta externa,repetidas en personas de 15 a 59 anos,2006-06-01,0,2,0,2,2
SICA SICA (VILLA AROMA),consulta externa,repetidas en personas de 15 a 59 anos,2006-06-01,3,1,3,1,4
SICAYA,consulta externa,repetidas en personas de 15 a 59 anos,2006-06-01,0,1,0,1,1
SIPE SIPE,consulta externa,repetidas en personas de 15 a 59 anos,2006-06-01,24,185,24,185,209
SOPACHUY,consulta externa,repetidas en personas de 15 a 59 anos,2006-06-01,22,18,22,18,40
SORACACHI,consulta externa,repetidas en personas de 15 a 59 anos,2006-06-01,3,0,3,0,3
SORATA,consulta externa,repetidas en personas de 15 a 59 anos,2006-06-01,8,3,8,3,11
SUCRE,consulta externa,repetidas en personas de 15 a 59 anos,2006-06-01,4122,6195,4122,6195,10317
TACACHI,consulta externa,repetidas en personas de 15 a 59 anos,2006-06-01,0,6,0,6,6
TACACOMA,consulta externa,repetidas en personas de 15 a 59 anos,2006-06-01,16,10,16,10,26
TACOBAMBA,consulta externa,repetidas en personas de 15 a 59 anos,2006-06-01,5,1,5,1,6
TACOPAYA,consulta externa,repetidas en personas de 15 a 59 anos,2006-06-01,17,37,17,37,54
TAPACARI,consulta externa,repetidas en personas de 15 a 59 anos,2006-06-01,1,21,1,21,22
TARABUCO,consulta externa,repetidas en personas de 15 a 59 anos,2006-06-01,40,42,40,42,82
TARACO,consulta externa,repetidas en personas de 15 a 59 anos,2006-06-01,1,2,1,2,3
TARATA,consulta externa,repetidas en personas de 15 a 59 anos,2006-06-01,11,15,11,15,26
TARIJA,consulta externa,repetidas en personas de 15 a 59 anos,2006-06-01,1837,6071,1837,6071,7908
TARVITA,consulta externa,repetidas en personas de 15 a 59 anos,2006-06-01,9,19,9,19,28
TEOPONTE,consulta externa,repetidas en personas de 15 a 59 anos,2006-06-01,4,1,4,1,5
TIAWANACU,consulta externa,repetidas en personas de 15 a 59 anos,2006-06-01,13,11,13,11,24
TINGUIPAYA,consulta externa,repetidas en personas de 15 a 59 anos,2006-06-01,0,7,0,7,7
TIPUANI,consulta externa,repetidas en personas de 15 a 59 anos,2006-06-01,7,9,7,9,16
TIQUIPAYA,consulta externa,repetidas en personas de 15 a 59 anos,2006-06-01,30,438,30,438,468
TIRAQUE (CBBA),consulta externa,repetidas en personas de 15 a 59 anos,2006-06-01,48,531,48,531,579
TITO YUPANQUI (PARQUIPUJIO),consulta externa,repetidas en personas de 15 a 59 anos,2006-06-01,0,10,0,10,10
TOCO,consulta externa,repetidas en personas de 15 a 59 anos,2006-06-01,0,1,0,1,1
TOLATA,consulta externa,repetidas en personas de 15 a 59 anos,2006-06-01,1,4,1,4,5
TOLEDO,consulta externa,repetidas en personas de 15 a 59 anos,2006-06-01,8,13,8,13,21
TOMAVE,consulta externa,repetidas en personas de 15 a 59 anos,2006-06-01,7,9,7,9,16
TOMINA,consulta externa,repetidas en personas de 15 a 59 anos,2006-06-01,3,5,3,5,8
TORO TORO,consulta externa,repetidas en personas de 15 a 59 anos,2006-06-01,1,2,1,2,3
TOTORA(CBBA),consulta externa,repetidas en personas de 15 a 59 anos,2006-06-01,6,7,6,7,13
TOTORA(ORR),consulta externa,repetidas en personas de 15 a 59 anos,2006-06-01,3,3,3,3,6
TRIGAL,consulta externa,repetidas en personas de 15 a 59 anos,2006-06-01,2,2,2,2,4
TRINIDAD,consulta externa,repetidas en personas de 15 a 59 anos,2006-06-01,774,1085,774,1085,1859
TUPIZA,consulta externa,repetidas en personas de 15 a 59 anos,2006-06-01,189,253,189,253,442
TURCO,consulta externa,repetidas en personas de 15 a 59 anos,2006-06-01,2,0,2,0,2
UNCIA,consulta externa,repetidas en personas de 15 a 59 anos,2006-06-01,119,156,119,156,275
URIONDO (A. CONCEPCION),consulta externa,repetidas en personas de 15 a 59 anos,2006-06-01,8,34,8,34,42
URUBICHA,consulta externa,repetidas en personas de 15 a 59 anos,2006-06-01,0,98,0,98,98
UYUNI,consulta externa,repetidas en personas de 15 a 59 anos,2006-06-01,270,53,270,53,323
VACAS,consulta externa,repetidas en personas de 15 a 59 anos,2006-06-01,36,25,36,25,61
VALLEGRANDE,consulta externa,repetidas en personas de 15 a 59 anos,2006-06-01,39,121,39,121,160
VIACHA,consulta externa,repetidas en personas de 15 a 59 anos,2006-06-01,153,336,153,336,489
VILLA MONTES,consulta externa,repetidas en personas de 15 a 59 anos,2006-06-01,60,129,60,129,189
VILLA RIVERO,consulta externa,repetidas en personas de 15 a 59 anos,2006-06-01,8,63,8,63,71
VILLA SERRANO,consulta externa,repetidas en personas de 15 a 59 anos,2006-06-01,6,28,6,28,34
VILLA TUNARI,consulta externa,repetidas en personas de 15 a 59 anos,2006-06-01,46,131,46,131,177
VILLA VACA GUZMAN (MUYUPAMPA),consulta externa,repetidas en personas de 15 a 59 anos,2006-06-01,6,33,6,33,39
VILLAZON,consulta externa,repetidas en personas de 15 a 59 anos,2006-06-01,60,140,60,140,200
VINTO,consulta externa,repetidas en personas de 15 a 59 anos,2006-06-01,3,10,3,10,13
VITICHI,consulta externa,repetidas en personas de 15 a 59 anos,2006-06-01,7,12,7,12,19
WALDO BALLIVIAN,consulta externa,repetidas en personas de 15 a 59 anos,2006-06-01,4,2,4,2,6
WARNES,consulta externa,repetidas en personas de 15 a 59 anos,2006-06-01,8,143,8,143,151
YACO,consulta externa,repetidas en personas de 15 a 59 anos,2006-06-01,4,1,4,1,5
YACUIBA,consulta externa,repetidas en personas de 15 a 59 anos,2006-06-01,342,1112,342,1112,1454
YAMPARAEZ,consulta externa,repetidas en personas de 15 a 59 anos,2006-06-01,12,28,12,28,40
YANACACHI,consulta externa,repetidas en personas de 15 a 59 anos,2006-06-01,0,3,0,3,3
YAPACANI,consulta externa,repetidas en personas de 15 a 59 anos,2006-06-01,16,249,16,249,265
YOCALLA,consulta externa,repetidas en personas de 15 a 59 anos,2006-06-01,0,1,0,1,1
YOTALA,consulta externa,repetidas en personas de 15 a 59 anos,2006-06-01,7,38,7,38,45
YUNCHARA,consulta externa,repetidas en personas de 15 a 59 anos,2006-06-01,98,183,98,183,281
ZUDAÑEZ,consulta externa,repetidas en personas de 15 a 59 anos,2006-06-01,6,20,6,20,26
ACACIO,consulta externa,repetidas en personas de 15 a 59 anos,2006-07-01,3,1,3,1,4
ACHACACHI,consulta externa,repetidas en personas de 15 a 59 anos,2006-07-01,26,52,26,52,78
ACHOCALLA,consulta externa,repetidas en personas de 15 a 59 anos,2006-07-01,0,5,0,5,5
AIQUILE,consulta externa,repetidas en personas de 15 a 59 anos,2006-07-01,50,390,50,390,440
ALALAY,consulta externa,repetidas en personas de 15 a 59 anos,2006-07-01,0,2,0,2,2
ALCALA,consulta externa,repetidas en personas de 15 a 59 anos,2006-07-01,5,13,5,13,18
ANCORAIMES,consulta externa,repetidas en personas de 15 a 59 anos,2006-07-01,6,16,6,16,22
ANTEQUERA,consulta externa,repetidas en personas de 15 a 59 anos,2006-07-01,5,2,5,2,7
ANZALDO,consulta externa,repetidas en personas de 15 a 59 anos,2006-07-01,11,19,11,19,30
APOLO,consulta externa,repetidas en personas de 15 a 59 anos,2006-07-01,11,18,11,18,29
ARAMPAMPA,consulta externa,repetidas en personas de 15 a 59 anos,2006-07-01,0,3,0,3,3
ARANI,consulta externa,repetidas en personas de 15 a 59 anos,2006-07-01,8,78,8,78,86
ARBIETO,consulta externa,repetidas en personas de 15 a 59 anos,2006-07-01,5,23,5,23,28
ARQUE,consulta externa,repetidas en personas de 15 a 59 anos,2006-07-01,1,2,1,2,3
ASCENCION DE GUARAYOS,consulta externa,repetidas en personas de 15 a 59 anos,2006-07-01,7,23,7,23,30
ATOCHA,consulta externa,repetidas en personas de 15 a 59 anos,2006-07-01,239,278,239,278,517
AUCAPATA,consulta externa,repetidas en personas de 15 a 59 anos,2006-07-01,5,28,5,28,33
AYATA,consulta externa,repetidas en personas de 15 a 59 anos,2006-07-01,5,1,5,1,6
AYO AYO,consulta externa,repetidas en personas de 15 a 59 anos,2006-07-01,4,9,4,9,13
AYOPAYA (V. DE INDEPENDENCIA),consulta externa,repetidas en personas de 15 a 59 anos,2006-07-01,1,4,1,4,5
AZURDUY,consulta externa,repetidas en personas de 15 a 59 anos,2006-07-01,1,0,1,0,1
BATALLAS,consulta externa,repetidas en personas de 15 a 59 anos,2006-07-01,9,29,9,29,38
BAURES,consulta externa,repetidas en personas de 15 a 59 anos,2006-07-01,8,13,8,13,21
BELEN DE ANDAMARCA,consulta externa,repetidas en personas de 15 a 59 anos,2006-07-01,5,10,5,10,15
BELEN DE URMIRI,consulta externa,repetidas en personas de 15 a 59 anos,2006-07-01,0,2,0,2,2
BERMEJO,consulta externa,repetidas en personas de 15 a 59 anos,2006-07-01,79,187,79,187,266
BETANZOS,consulta externa,repetidas en personas de 15 a 59 anos,2006-07-01,34,46,34,46,80
BOLIVAR,consulta externa,repetidas en personas de 15 a 59 anos,2006-07-01,1,0,1,0,1
BOLPEBRA,consulta externa,repetidas en personas de 15 a 59 anos,2006-07-01,0,1,0,1,1
BOYUIBE,consulta externa,repetidas en personas de 15 a 59 anos,2006-07-01,1,1,1,1,2
BUENA VISTA,consulta externa,repetidas en personas de 15 a 59 anos,2006-07-01,26,57,26,57,83
CABEZAS,consulta externa,repetidas en personas de 15 a 59 anos,2006-07-01,36,4,36,4,40
CAIROMA,consulta externa,repetidas en personas de 15 a 59 anos,2006-07-01,117,66,117,66,183
"CAIZA ""D""",consulta externa,repetidas en personas de 15 a 59 anos,2006-07-01,8,12,8,12,20
CAJUATA,consulta externa,repetidas en personas de 15 a 59 anos,2006-07-01,0,3,0,3,3
CALACOTO,consulta externa,repetidas en personas de 15 a 59 anos,2006-07-01,2,4,2,4,6
CALAMARCA,consulta externa,repetidas en personas de 15 a 59 anos,2006-07-01,5,19,5,19,24
CAMARGO,consulta externa,repetidas en personas de 15 a 59 anos,2006-07-01,15,35,15,35,50
CAMIRI,consulta externa,repetidas en personas de 15 a 59 anos,2006-07-01,81,232,81,232,313
CAPINOTA,consulta externa,repetidas en personas de 15 a 59 anos,2006-07-01,50,62,50,62,112
CAQUIAVIRI,consulta externa,repetidas en personas de 15 a 59 anos,2006-07-01,6,14,6,14,20
CARACOLLO,consulta externa,repetidas en personas de 15 a 59 anos,2006-07-01,14,18,14,18,32
CARANAVI,consulta externa,repetidas en personas de 15 a 59 anos,2006-07-01,24,185,24,185,209
CARAPARI,consulta externa,repetidas en personas de 15 a 59 anos,2006-07-01,21,22,21,22,43
CARIPUYO,consulta externa,repetidas en personas de 15 a 59 anos,2006-07-01,9,34,9,34,43
CHACARILLA,consulta externa,repetidas en personas de 15 a 59 anos,2006-07-01,2,0,2,0,2
CHALLAPATA,consulta externa,repetidas en personas de 15 a 59 anos,2006-07-01,15,25,15,25,40
CHAQUI,consulta externa,repetidas en personas de 15 a 59 anos,2006-07-01,1,3,1,3,4
CHARAGUA,consulta externa,repetidas en personas de 15 a 59 anos,2006-07-01,17,49,17,49,66
CHARAÑA,consulta externa,repetidas en personas de 15 a 59 anos,2006-07-01,1,1,1,1,2
CHAYANTA,consulta externa,repetidas en personas de 15 a 59 anos,2006-07-01,10,14,10,14,24
CHIMORE,consulta externa,repetidas en personas de 15 a 59 anos,2006-07-01,7,28,7,28,35
CHIPAYA,consulta externa,repetidas en personas de 15 a 59 anos,2006-07-01,1,0,1,0,1
CHOQUE COTA,consulta externa,repetidas en personas de 15 a 59 anos,2006-07-01,1,0,1,0,1
CHULUMANI (V. DE LA LIBERTAD),consulta externa,repetidas en personas de 15 a 59 anos,2006-07-01,63,37,63,37,100
CHUMA,consulta externa,repetidas en personas de 15 a 59 anos,2006-07-01,7,7,7,7,14
CLIZA,consulta externa,repetidas en personas de 15 a 59 anos,2006-07-01,28,22,28,22,50
COBIJA,consulta externa,repetidas en personas de 15 a 59 anos,2006-07-01,125,520,125,520,645
COCHABAMBA,consulta externa,repetidas en personas de 15 a 59 anos,2006-07-01,8178,19496,8178,19496,27674
COLCAPIRHUA,consulta externa,repetidas en personas de 15 a 59 anos,2006-07-01,113,260,113,260,373
"COLCHA ""K""",consulta externa,repetidas en personas de 15 a 59 anos,2006-07-01,3,10,3,10,13
COLLANA,consulta externa,repetidas en personas de 15 a 59 anos,2006-07-01,2,3,2,3,5
COLOMI,consulta externa,repetidas en personas de 15 a 59 anos,2006-07-01,2,5,2,5,7
COLPA BELGICA,consulta externa,repetidas en personas de 15 a 59 anos,2006-07-01,24,47,24,47,71
COLQUECHACA,consulta externa,repetidas en personas de 15 a 59 anos,2006-07-01,5,0,5,0,5
COLQUENCHA,consulta externa,repetidas en personas de 15 a 59 anos,2006-07-01,2,7,2,7,9
COLQUIRI,consulta externa,repetidas en personas de 15 a 59 anos,2006-07-01,32,42,32,42,74
COMANCHE,consulta externa,repetidas en personas de 15 a 59 anos,2006-07-01,1,5,1,5,6
COMARAPA,consulta externa,repetidas en personas de 15 a 59 anos,2006-07-01,16,36,16,36,52
COMBAYA,consulta externa,repetidas en personas de 15 a 59 anos,2006-07-01,2,0,2,0,2
CONCEPCION,consulta externa,repetidas en personas de 15 a 59 anos,2006-07-01,5,3,5,3,8
COPACABANA,consulta externa,repetidas en personas de 15 a 59 anos,2006-07-01,1,0,1,0,1
CORIPATA,consulta externa,repetidas en personas de 15 a 59 anos,2006-07-01,7,10,7,10,17
CORO CORO,consulta externa,repetidas en personas de 15 a 59 anos,2006-07-01,2,3,2,3,5
COROICO,consulta externa,repetidas en personas de 15 a 59 anos,2006-07-01,46,113,46,113,159
CORQUE,consulta externa,repetidas en personas de 15 a 59 anos,2006-07-01,23,21,23,21,44
COTAGAITA,consulta externa,repetidas en personas de 15 a 59 anos,2006-07-01,65,81,65,81,146
COTOCA,consulta externa,repetidas en personas de 15 a 59 anos,2006-07-01,3,7,3,7,10
CUATRO CAÑADAS,consulta externa,repetidas en personas de 15 a 59 anos,2006-07-01,13,46,13,46,59
CUCHUMUELA (V. G. VILLARROEL),consulta externa,repetidas en personas de 15 a 59 anos,2006-07-01,5,2,5,2,7
CUEVO,consulta externa,repetidas en personas de 15 a 59 anos,2006-07-01,13,2,13,2,15
CULPINA,consulta externa,repetidas en personas de 15 a 59 anos,2006-07-01,1,3,1,3,4
CURAHUARA DE CARANGAS,consulta externa,repetidas en personas de 15 a 59 anos,2006-07-01,2,3,2,3,5
DESAGUADERO,consulta externa,repetidas en personas de 15 a 59 anos,2006-07-01,1,3,1,3,4
EL ALTO,consulta externa,repetidas en personas de 15 a 59 anos,2006-07-01,2699,4805,2699,4805,7504
EL CHORO,consulta externa,repetidas en personas de 15 a 59 anos,2006-07-01,2,6,2,6,8
EL PUENTE(STC),consulta externa,repetidas en personas de 15 a 59 anos,2006-07-01,5,2,5,2,7
EL PUENTE(TJA),consulta externa,repetidas en personas de 15 a 59 anos,2006-07-01,2,4,2,4,6
EL TORNO,consulta externa,repetidas en personas de 15 a 59 anos,2006-07-01,153,272,153,272,425
EL VILLAR,consulta externa,repetidas en personas de 15 a 59 anos,2006-07-01,1,0,1,0,1
ENTRE RIOS,consulta externa,repetidas en personas de 15 a 59 anos,2006-07-01,23,30,23,30,53
ENTRE RIOS,consulta externa,repetidas en personas de 15 a 59 anos,2006-07-01,12,20,12,20,32
ESMERALDA,consulta externa,repetidas en personas de 15 a 59 anos,2006-07-01,0,3,0,3,3
EUCALIPTUS,consulta externa,repetidas en personas de 15 a 59 anos,2006-07-01,2,2,2,2,4
EXALTACION,consulta externa,repetidas en personas de 15 a 59 anos,2006-07-01,3,5,3,5,8
FERNANDEZ ALONSO,consulta externa,repetidas en personas de 15 a 59 anos,2006-07-01,8,85,8,85,93
FILADELFIA,consulta externa,repetidas en personas de 15 a 59 anos,2006-07-01,1,1,1,1,2
GENERAL SAAVEDRA,consulta externa,repetidas en personas de 15 a 59 anos,2006-07-01,11,11,11,11,22
GRAL. J.J. PEREZ (CHARAZANI),consulta externa,repetidas en personas de 15 a 59 anos,2006-07-01,1,4,1,4,5
GUANAY,consulta externa,repetidas en personas de 15 a 59 anos,2006-07-01,1,1,1,1,2
GUAQUI,consulta externa,repetidas en personas de 15 a 59 anos,2006-07-01,3,9,3,9,12
GUAYARAMERIN,consulta externa,repetidas en personas de 15 a 59 anos,2006-07-01,225,345,225,345,570
GUTIERREZ,consulta externa,repetidas en personas de 15 a 59 anos,2006-07-01,13,18,13,18,31
HUACARETA,consulta externa,repetidas en personas de 15 a 59 anos,2006-07-01,21,65,21,65,86
HUACAYA (VILLA DE HUACAYA),consulta externa,repetidas en personas de 15 a 59 anos,2006-07-01,0,1,0,1,1
HUACHACALLA,consulta externa,repetidas en personas de 15 a 59 anos,2006-07-01,1,1,1,1,2
HUANUNI,consulta externa,repetidas en personas de 15 a 59 anos,2006-07-01,110,108,110,108,218
HUARACAJE,consulta externa,repetidas en personas de 15 a 59 anos,2006-07-01,0,3,0,3,3
HUAYLLAMARCA,consulta externa,repetidas en personas de 15 a 59 anos,2006-07-01,1,3,1,3,4
ICHOCA,consulta externa,repetidas en personas de 15 a 59 anos,2006-07-01,0,1,0,1,1
ICLA,consulta externa,repetidas en personas de 15 a 59 anos,2006-07-01,4,11,4,11,15
INCAHUASI,consulta externa,repetidas en personas de 15 a 59 anos,2006-07-01,2,3,2,3,5
INGAVI (HUMAITA),consulta externa,repetidas en personas de 15 a 59 anos,2006-07-01,5,3,5,3,8
INQUISIVI,consulta externa,repetidas en personas de 15 a 59 anos,2006-07-01,11,13,11,13,24
IRUPANA (VILLA DE LANZA),consulta externa,repetidas en personas de 15 a 59 anos,2006-07-01,26,21,26,21,47
IXIAMAS,consulta externa,repetidas en personas de 15 a 59 anos,2006-07-01,5,7,5,7,12
JESUS DE MACHACA,consulta externa,repetidas en personas de 15 a 59 anos,2006-07-01,3,13,3,13,16
LA ASUNTA,consulta externa,repetidas en personas de 15 a 59 anos,2006-07-01,6,7,6,7,13
LA GUARDIA,consulta externa,repetidas en personas de 15 a 59 anos,2006-07-01,30,151,30,151,181
LA PAZ,consulta externa,repetidas en personas de 15 a 59 anos,2006-07-01,13756,31428,13756,31428,45184
LAGUNILLAS,consulta externa,repetidas en personas de 15 a 59 anos,2006-07-01,0,5,0,5,5
LAJA,consulta externa,repetidas en personas de 15 a 59 anos,2006-07-01,6,4,6,4,10
LAS CARRERAS,consulta externa,repetidas en personas de 15 a 59 anos,2006-07-01,5,8,5,8,13
LLALLAGUA,consulta externa,repetidas en personas de 15 a 59 anos,2006-07-01,138,294,138,294,432
LLICA,consulta externa,repetidas en personas de 15 a 59 anos,2006-07-01,4,6,4,6,10
LORETO,consulta externa,repetidas en personas de 15 a 59 anos,2006-07-01,1,3,1,3,4
LURIBAY,consulta externa,repetidas en personas de 15 a 59 anos,2006-07-01,10,7,10,7,17
MACHACAMARCA,consulta externa,repetidas en personas de 15 a 59 anos,2006-07-01,3,17,3,17,20
MACHARETI,consulta externa,repetidas en personas de 15 a 59 anos,2006-07-01,4,24,4,24,28
MAGDALENA,consulta externa,repetidas en personas de 15 a 59 anos,2006-07-01,10,23,10,23,33
MAIRANA,consulta externa,repetidas en personas de 15 a 59 anos,2006-07-01,0,4,0,4,4
MALLA,consulta externa,repetidas en personas de 15 a 59 anos,2006-07-01,0,2,0,2,2
MAPIRI,consulta externa,repetidas en personas de 15 a 59 anos,2006-07-01,1,1,1,1,2
MECAPACA,consulta externa,repetidas en personas de 15 a 59 anos,2006-07-01,7,9,7,9,16
MINEROS,consulta externa,repetidas en personas de 15 a 59 anos,2006-07-01,11,51,11,51,62
MIZQUE,consulta externa,repetidas en personas de 15 a 59 anos,2006-07-01,3,22,3,22,25
MOCOMOCO,consulta externa,repetidas en personas de 15 a 59 anos,2006-07-01,8,5,8,5,13
MOJINETE,consulta externa,repetidas en personas de 15 a 59 anos,2006-07-01,1,1,1,1,2
MOJOCOYA,consulta externa,repetidas en personas de 15 a 59 anos,2006-07-01,4,14,4,14,18
MONTEAGUDO,consulta externa,repetidas en personas de 15 a 59 anos,2006-07-01,59,273,59,273,332
MONTERO,consulta externa,repetidas en personas de 15 a 59 anos,2006-07-01,960,1148,960,1148,2108
MORO MORO,consulta externa,repetidas en personas de 15 a 59 anos,2006-07-01,2,2,2,2,4
MOROCHATA,consulta externa,repetidas en personas de 15 a 59 anos,2006-07-01,30,84,30,84,114
NACEBE (SANTA ROSA DEL ABUNA),consulta externa,repetidas en personas de 15 a 59 anos,2006-07-01,44,57,44,57,101
NUEVO MANOA (NUEVA ESPERANZA),consulta externa,repetidas en personas de 15 a 59 anos,2006-07-01,4,7,4,7,11
OCURI,consulta externa,repetidas en personas de 15 a 59 anos,2006-07-01,3,6,3,6,9
OKINAWA,consulta externa,repetidas en personas de 15 a 59 anos,2006-07-01,7,41,7,41,48
OMEREQUE,consulta externa,repetidas en personas de 15 a 59 anos,2006-07-01,2,3,2,3,5
ORURO,consulta externa,repetidas en personas de 15 a 59 anos,2006-07-01,2243,5219,2243,5219,7462
PADCAYA,consulta externa,repetidas en personas de 15 a 59 anos,2006-07-01,3,7,3,7,10
PADILLA,consulta externa,repetidas en personas de 15 a 59 anos,2006-07-01,13,39,13,39,52
PAILON,consulta externa,repetidas en personas de 15 a 59 anos,2006-07-01,1,11,1,11,12
PALCA,consulta externa,repetidas en personas de 15 a 59 anos,2006-07-01,10,7,10,7,17
PALOS BLANCOS,consulta externa,repetidas en personas de 15 a 59 anos,2006-07-01,15,18,15,18,33
PAMPA GRANDE,consulta externa,repetidas en personas de 15 a 59 anos,2006-07-01,4,4,4,4,8
PAPEL PAMPA,consulta externa,repetidas en personas de 15 a 59 anos,2006-07-01,2,2,2,2,4
PATACAMAYA,consulta externa,repetidas en personas de 15 a 59 anos,2006-07-01,3,11,3,11,14
PAZÑA,consulta externa,repetidas en personas de 15 a 59 anos,2006-07-01,6,18,6,18,24
PELECHUCO,consulta externa,repetidas en personas de 15 a 59 anos,2006-07-01,2,5,2,5,7
POCOATA,consulta externa,repetidas en personas de 15 a 59 anos,2006-07-01,8,4,8,4,12
POCONA,consulta externa,repetidas en personas de 15 a 59 anos,2006-07-01,5,5,5,5,10
POJO (CBBA),consulta externa,repetidas en personas de 15 a 59 anos,2006-07-01,1,3,1,3,4
POOPO,consulta externa,repetidas en personas de 15 a 59 anos,2006-07-01,13,17,13,17,30
PORCO,consulta externa,repetidas en personas de 15 a 59 anos,2006-07-01,0,2,0,2,2
POROMA,consulta externa,repetidas en personas de 15 a 59 anos,2006-07-01,2,5,2,5,7
PORONGO,consulta externa,repetidas en personas de 15 a 59 anos,2006-07-01,6,18,6,18,24
PORTACHUELO,consulta externa,repetidas en personas de 15 a 59 anos,2006-07-01,35,36,35,36,71
PORVENIR,consulta externa,repetidas en personas de 15 a 59 anos,2006-07-01,2,5,2,5,7
POSTRER VALLE,consulta externa,repetidas en personas de 15 a 59 anos,2006-07-01,5,4,5,4,9
POTOSI,consulta externa,repetidas en personas de 15 a 59 anos,2006-07-01,5624,3825,5624,3825,9449
PRESTO,consulta externa,repetidas en personas de 15 a 59 anos,2006-07-01,1,12,1,12,13
PUCARA,consulta externa,repetidas en personas de 15 a 59 anos,2006-07-01,38,71,38,71,109
PUCARANI,consulta externa,repetidas en personas de 15 a 59 anos,2006-07-01,2,15,2,15,17
PUERTO ACOSTA,consulta externa,repetidas en personas de 15 a 59 anos,2006-07-01,13,17,13,17,30
PUERTO CARABUCO,consulta externa,repetidas en personas de 15 a 59 anos,2006-07-01,6,6,6,6,12
PUERTO GONZALO MORENO,consulta externa,repetidas en personas de 15 a 59 anos,2006-07-01,7,16,7,16,23
PUERTO PEREZ,consulta externa,repetidas en personas de 15 a 59 anos,2006-07-01,13,4,13,4,17
PUERTO QUIJARRO,consulta externa,repetidas en personas de 15 a 59 anos,2006-07-01,8,48,8,48,56
PUERTO RICO,consulta externa,repetidas en personas de 15 a 59 anos,2006-07-01,0,8,0,8,8
PUERTO SILES,consulta externa,repetidas en personas de 15 a 59 anos,2006-07-01,2,7,2,7,9
PUERTO SUAREZ,consulta externa,repetidas en personas de 15 a 59 anos,2006-07-01,19,86,19,86,105
PUERTO VILLARROEL,consulta externa,repetidas en personas de 15 a 59 anos,2006-07-01,42,57,42,57,99
PUNA,consulta externa,repetidas en personas de 15 a 59 anos,2006-07-01,12,13,12,13,25
PUNATA,consulta externa,repetidas en personas de 15 a 59 anos,2006-07-01,96,264,96,264,360
QUIABAYA,consulta externa,repetidas en personas de 15 a 59 anos,2006-07-01,0,1,0,1,1
QUILLACOLLO,consulta externa,repetidas en personas de 15 a 59 anos,2006-07-01,69,227,69,227,296
QUIME,consulta externa,repetidas en personas de 15 a 59 anos,2006-07-01,19,8,19,8,27
RAVELO,consulta externa,repetidas en personas de 15 a 59 anos,2006-07-01,0,2,0,2,2
REYES,consulta externa,repetidas en personas de 15 a 59 anos,2006-07-01,16,31,16,31,47
RIBERALTA,consulta externa,repetidas en personas de 15 a 59 anos,2006-07-01,100,601,100,601,701
ROBORE,consulta externa,repetidas en personas de 15 a 59 anos,2006-07-01,67,119,67,119,186
RURRENABAQUE,consulta externa,repetidas en personas de 15 a 59 anos,2006-07-01,53,77,53,77,130
SABAYA,consulta externa,repetidas en personas de 15 a 59 anos,2006-07-01,1,0,1,0,1
SACABA,consulta externa,repetidas en personas de 15 a 59 anos,2006-07-01,152,481,152,481,633
SACABAMBA,consulta externa,repetidas en personas de 15 a 59 anos,2006-07-01,2,7,2,7,9
SACACA,consulta externa,repetidas en personas de 15 a 59 anos,2006-07-01,4,2,4,2,6
SAIPINA,consulta externa,repetidas en personas de 15 a 59 anos,2006-07-01,8,26,8,26,34
SALINAS DE GARCI MENDOZA,consulta externa,repetidas en personas de 15 a 59 anos,2006-07-01,7,6,7,6,13
SAMAIPATA,consulta externa,repetidas en personas de 15 a 59 anos,2006-07-01,5,5,5,5,10
SAN AGUSTIN,consulta externa,repetidas en personas de 15 a 59 anos,2006-07-01,1,0,1,0,1
SAN ANDRES,consulta externa,repetidas en personas de 15 a 59 anos,2006-07-01,2,8,2,8,10
SAN ANDRES DE MACHACA,consulta externa,repetidas en personas de 15 a 59 anos,2006-07-01,3,8,3,8,11
SAN ANTONIO DE ESMORUCO,consulta externa,repetidas en personas de 15 a 59 anos,2006-07-01,1,0,1,0,1
SAN ANTONIO DE LOMERIO,consulta externa,repetidas en personas de 15 a 59 anos,2006-07-01,2,7,2,7,9
SAN BENITO,consulta externa,repetidas en personas de 15 a 59 anos,2006-07-01,14,33,14,33,47
SAN BORJA,consulta externa,repetidas en personas de 15 a 59 anos,2006-07-01,27,196,27,196,223
SAN BUENA VENTURA,consulta externa,repetidas en personas de 15 a 59 anos,2006-07-01,8,40,8,40,48
SAN CARLOS,consulta externa,repetidas en personas de 15 a 59 anos,2006-07-01,11,176,11,176,187
SAN IGNACIO,consulta externa,repetidas en personas de 15 a 59 anos,2006-07-01,34,132,34,132,166
SAN IGNACIO DE VELASCO,consulta externa,repetidas en personas de 15 a 59 anos,2006-07-01,58,165,58,165,223
SAN JAVIER(BNI),consulta externa,repetidas en personas de 15 a 59 anos,2006-07-01,3,14,3,14,17
SAN JAVIER(STC),consulta externa,repetidas en personas de 15 a 59 anos,2006-07-01,7,31,7,31,38
SAN JOAQUIN,consulta externa,repetidas en personas de 15 a 59 anos,2006-07-01,14,23,14,23,37
SAN JOSE DE CHIQUITOS,consulta externa,repetidas en personas de 15 a 59 anos,2006-07-01,3,17,3,17,20
SAN JUAN DE YAPACANI,consulta externa,repetidas en personas de 15 a 59 anos,2006-07-01,91,102,91,102,193
SAN JULIAN,consulta externa,repetidas en personas de 15 a 59 anos,2006-07-01,29,163,29,163,192
SAN LORENZO(TJA),consulta externa,repetidas en personas de 15 a 59 anos,2006-07-01,13,51,13,51,64
SAN LUCAS,consulta externa,repetidas en personas de 15 a 59 anos,2006-07-01,5,11,5,11,16
SAN MATIAS,consulta externa,repetidas en personas de 15 a 59 anos,2006-07-01,7,69,7,69,76
SAN MIGUEL DE VELASCO,consulta externa,repetidas en personas de 15 a 59 anos,2006-07-01,14,57,14,57,71
SAN PABLO DE LIPEZ,consulta externa,repetidas en personas de 15 a 59 anos,2006-07-01,7,12,7,12,19
SAN PEDRO,consulta externa,repetidas en personas de 15 a 59 anos,2006-07-01,26,27,26,27,53
SAN PEDRO DE CURAHUARA,consulta externa,repetidas en personas de 15 a 59 anos,2006-07-01,0,3,0,3,3
SAN PEDRO DE TIQUINA,consulta externa,repetidas en personas de 15 a 59 anos,2006-07-01,3,5,3,5,8
SAN PEDRO(PND),consulta externa,repetidas en personas de 15 a 59 anos,2006-07-01,0,3,0,3,3
SAN RAFAEL,consulta externa,repetidas en personas de 15 a 59 anos,2006-07-01,3,2,3,2,5
SAN RAMON,consulta externa,repetidas en personas de 15 a 59 anos,2006-07-01,7,123,7,123,130
SAN RAMON,consulta externa,repetidas en personas de 15 a 59 anos,2006-07-01,9,31,9,31,40
SANTA ANA,consulta externa,repetidas en personas de 15 a 59 anos,2006-07-01,26,85,26,85,111
SANTA CRUZ DE LA SIERRA,consulta externa,repetidas en personas de 15 a 59 anos,2006-07-01,6550,15436,6550,15436,21986
SANTA ROSA,consulta externa,repetidas en personas de 15 a 59 anos,2006-07-01,0,16,0,16,16
SANTA ROSA DEL SARA,consulta externa,repetidas en personas de 15 a 59 anos,2006-07-01,4,17,4,17,21
SANTIAGO DE HUARI,consulta externa,repetidas en personas de 15 a 59 anos,2006-07-01,13,33,13,33,46
SANTIAGO DE MACHACA,consulta externa,repetidas en personas de 15 a 59 anos,2006-07-01,1,1,1,1,2
SANTIVAÑES,consulta externa,repetidas en personas de 15 a 59 anos,2006-07-01,1,3,1,3,4
SAPAHAQUI,consulta externa,repetidas en personas de 15 a 59 anos,2006-07-01,6,1,6,1,7
SENA,consulta externa,repetidas en personas de 15 a 59 anos,2006-07-01,1,1,1,1,2
SICA SICA (VILLA AROMA),consulta externa,repetidas en personas de 15 a 59 anos,2006-07-01,3,8,3,8,11
SICAYA,consulta externa,repetidas en personas de 15 a 59 anos,2006-07-01,0,2,0,2,2
SIPE SIPE,consulta externa,repetidas en personas de 15 a 59 anos,2006-07-01,26,220,26,220,246
SOPACHUY,consulta externa,repetidas en personas de 15 a 59 anos,2006-07-01,11,29,11,29,40
SORACACHI,consulta externa,repetidas en personas de 15 a 59 anos,2006-07-01,4,5,4,5,9
SORATA,consulta externa,repetidas en personas de 15 a 59 anos,2006-07-01,13,5,13,5,18
SUCRE,consulta externa,repetidas en personas de 15 a 59 anos,2006-07-01,2953,7126,2953,7126,10079
TACACHI,consulta externa,repetidas en personas de 15 a 59 anos,2006-07-01,1,13,1,13,14
TACACOMA,consulta externa,repetidas en personas de 15 a 59 anos,2006-07-01,4,0,4,0,4
TACOBAMBA,consulta externa,repetidas en personas de 15 a 59 anos,2006-07-01,1,2,1,2,3
TACOPAYA,consulta externa,repetidas en personas de 15 a 59 anos,2006-07-01,1,9,1,9,10
TAHUA,consulta externa,repetidas en personas de 15 a 59 anos,2006-07-01,0,1,0,1,1
TAPACARI,consulta externa,repetidas en personas de 15 a 59 anos,2006-07-01,2,20,2,20,22
TARABUCO,consulta externa,repetidas en personas de 15 a 59 anos,2006-07-01,40,69,40,69,109
TARACO,consulta externa,repetidas en personas de 15 a 59 anos,2006-07-01,1,2,1,2,3
TARATA,consulta externa,repetidas en personas de 15 a 59 anos,2006-07-01,22,30,22,30,52
TARIJA,consulta externa,repetidas en personas de 15 a 59 anos,2006-07-01,881,3151,881,3151,4032
TARVITA,consulta externa,repetidas en personas de 15 a 59 anos,2006-07-01,2,17,2,17,19
TEOPONTE,consulta externa,repetidas en personas de 15 a 59 anos,2006-07-01,4,8,4,8,12
TIAWANACU,consulta externa,repetidas en personas de 15 a 59 anos,2006-07-01,1,4,1,4,5
TINGUIPAYA,consulta externa,repetidas en personas de 15 a 59 anos,2006-07-01,2,7,2,7,9
TIPUANI,consulta externa,repetidas en personas de 15 a 59 anos,2006-07-01,7,6,7,6,13
TIQUIPAYA,consulta externa,repetidas en personas de 15 a 59 anos,2006-07-01,33,253,33,253,286
TIRAQUE (CBBA),consulta externa,repetidas en personas de 15 a 59 anos,2006-07-01,95,148,95,148,243
TITO YUPANQUI (PARQUIPUJIO),consulta externa,repetidas en personas de 15 a 59 anos,2006-07-01,0,7,0,7,7
TOCO,consulta externa,repetidas en personas de 15 a 59 anos,2006-07-01,6,11,6,11,17
TOLATA,consulta externa,repetidas en personas de 15 a 59 anos,2006-07-01,1,0,1,0,1
TOLEDO,consulta externa,repetidas en personas de 15 a 59 anos,2006-07-01,54,31,54,31,85
TOMAVE,consulta externa,repetidas en personas de 15 a 59 anos,2006-07-01,5,5,5,5,10
TOMINA,consulta externa,repetidas en personas de 15 a 59 anos,2006-07-01,8,11,8,11,19
TORO TORO,consulta externa,repetidas en personas de 15 a 59 anos,2006-07-01,5,4,5,4,9
TOTORA(CBBA),consulta externa,repetidas en personas de 15 a 59 anos,2006-07-01,8,8,8,8,16
TOTORA(ORR),consulta externa,repetidas en personas de 15 a 59 anos,2006-07-01,11,24,11,24,35
TRINIDAD,consulta externa,repetidas en personas de 15 a 59 anos,2006-07-01,347,748,347,748,1095
TUPIZA,consulta externa,repetidas en personas de 15 a 59 anos,2006-07-01,160,265,160,265,425
TURCO,consulta externa,repetidas en personas de 15 a 59 anos,2006-07-01,0,1,0,1,1
UNCIA,consulta externa,repetidas en personas de 15 a 59 anos,2006-07-01,142,204,142,204,346
URIONDO (A. CONCEPCION),consulta externa,repetidas en personas de 15 a 59 anos,2006-07-01,124,212,124,212,336
URUBICHA,consulta externa,repetidas en personas de 15 a 59 anos,2006-07-01,0,105,0,105,105
UYUNI,consulta externa,repetidas en personas de 15 a 59 anos,2006-07-01,145,87,145,87,232
VACAS,consulta externa,repetidas en personas de 15 a 59 anos,2006-07-01,21,42,21,42,63
VALLEGRANDE,consulta externa,repetidas en personas de 15 a 59 anos,2006-07-01,44,210,44,210,254
VIACHA,consulta externa,repetidas en personas de 15 a 59 anos,2006-07-01,144,327,144,327,471
VILA VILA,consulta externa,repetidas en personas de 15 a 59 anos,2006-07-01,0,2,0,2,2
VILLA MONTES,consulta externa,repetidas en personas de 15 a 59 anos,2006-07-01,73,145,73,145,218
VILLA RIVERO,consulta externa,repetidas en personas de 15 a 59 anos,2006-07-01,12,66,12,66,78
VILLA SERRANO,consulta externa,repetidas en personas de 15 a 59 anos,2006-07-01,9,34,9,34,43
VILLA TUNARI,consulta externa,repetidas en personas de 15 a 59 anos,2006-07-01,54,365,54,365,419
VILLA VACA GUZMAN (MUYUPAMPA),consulta externa,repetidas en personas de 15 a 59 anos,2006-07-01,4,45,4,45,49
VILLAZON,consulta externa,repetidas en personas de 15 a 59 anos,2006-07-01,69,217,69,217,286
VINTO,consulta externa,repetidas en personas de 15 a 59 anos,2006-07-01,34,76,34,76,110
VITICHI,consulta externa,repetidas en personas de 15 a 59 anos,2006-07-01,7,8,7,8,15
WALDO BALLIVIAN,consulta externa,repetidas en personas de 15 a 59 anos,2006-07-01,2,2,2,2,4
WARNES,consulta externa,repetidas en personas de 15 a 59 anos,2006-07-01,5,122,5,122,127
YACO,consulta externa,repetidas en personas de 15 a 59 anos,2006-07-01,2,0,2,0,2
YACUIBA,consulta externa,repetidas en personas de 15 a 59 anos,2006-07-01,322,898,322,898,1220
YAMPARAEZ,consulta externa,repetidas en personas de 15 a 59 anos,2006-07-01,11,21,11,21,32
YANACACHI,consulta externa,repetidas en personas de 15 a 59 anos,2006-07-01,4,4,4,4,8
YAPACANI,consulta externa,repetidas en personas de 15 a 59 anos,2006-07-01,8,231,8,231,239
YOCALLA,consulta externa,repetidas en personas de 15 a 59 anos,2006-07-01,6,27,6,27,33
YOTALA,consulta externa,repetidas en personas de 15 a 59 anos,2006-07-01,20,46,20,46,66
YUNCHARA,consulta externa,repetidas en personas de 15 a 59 anos,2006-07-01,17,24,17,24,41
ZUDAÑEZ,consulta externa,repetidas en personas de 15 a 59 anos,2006-07-01,5,11,5,11,16
ACACIO,consulta externa,repetidas en personas de 15 a 59 anos,2006-08-01,6,5,6,5,11
ACHACACHI,consulta externa,repetidas en personas de 15 a 59 anos,2006-08-01,44,48,44,48,92
ACHOCALLA,consulta externa,repetidas en personas de 15 a 59 anos,2006-08-01,1,16,1,16,17
AIQUILE,consulta externa,repetidas en personas de 15 a 59 anos,2006-08-01,49,287,49,287,336
ALCALA,consulta externa,repetidas en personas de 15 a 59 anos,2006-08-01,1,9,1,9,10
ANCORAIMES,consulta externa,repetidas en personas de 15 a 59 anos,2006-08-01,15,7,15,7,22
ANDAMARCA,consulta externa,repetidas en personas de 15 a 59 anos,2006-08-01,11,19,11,19,30
ANTEQUERA,consulta externa,repetidas en personas de 15 a 59 anos,2006-08-01,1,2,1,2,3
ANZALDO,consulta externa,repetidas en personas de 15 a 59 anos,2006-08-01,2,6,2,6,8
APOLO,consulta externa,repetidas en personas de 15 a 59 anos,2006-08-01,13,24,13,24,37
ARAMPAMPA,consulta externa,repetidas en personas de 15 a 59 anos,2006-08-01,7,3,7,3,10
ARANI,consulta externa,repetidas en personas de 15 a 59 anos,2006-08-01,6,24,6,24,30
ARBIETO,consulta externa,repetidas en personas de 15 a 59 anos,2006-08-01,10,20,10,20,30
ARQUE,consulta externa,repetidas en personas de 15 a 59 anos,2006-08-01,1,15,1,15,16
ASCENCION DE GUARAYOS,consulta externa,repetidas en personas de 15 a 59 anos,2006-08-01,9,16,9,16,25
ATOCHA,consulta externa,repetidas en personas de 15 a 59 anos,2006-08-01,168,306,168,306,474
AUCAPATA,consulta externa,repetidas en personas de 15 a 59 anos,2006-08-01,20,10,20,10,30
AYATA,consulta externa,repetidas en personas de 15 a 59 anos,2006-08-01,2,2,2,2,4
AYO AYO,consulta externa,repetidas en personas de 15 a 59 anos,2006-08-01,10,11,10,11,21
AYOPAYA (V. DE INDEPENDENCIA),consulta externa,repetidas en personas de 15 a 59 anos,2006-08-01,2,6,2,6,8
AZURDUY,consulta externa,repetidas en personas de 15 a 59 anos,2006-08-01,2,21,2,21,23
BATALLAS,consulta externa,repetidas en personas de 15 a 59 anos,2006-08-01,3,19,3,19,22
BAURES,consulta externa,repetidas en personas de 15 a 59 anos,2006-08-01,3,9,3,9,12
BELEN DE ANDAMARCA,consulta externa,repetidas en personas de 15 a 59 anos,2006-08-01,3,5,3,5,8
BELEN DE URMIRI,consulta externa,repetidas en personas de 15 a 59 anos,2006-08-01,1,2,1,2,3
BERMEJO,consulta externa,repetidas en personas de 15 a 59 anos,2006-08-01,75,144,75,144,219
BETANZOS,consulta externa,repetidas en personas de 15 a 59 anos,2006-08-01,34,38,34,38,72
BOLIVAR,consulta externa,repetidas en personas de 15 a 59 anos,2006-08-01,1,1,1,1,2
BOLPEBRA,consulta externa,repetidas en personas de 15 a 59 anos,2006-08-01,1,1,1,1,2
BOYUIBE,consulta externa,repetidas en personas de 15 a 59 anos,2006-08-01,2,0,2,0,2
BUENA VISTA,consulta externa,repetidas en personas de 15 a 59 anos,2006-08-01,47,60,47,60,107
CABEZAS,consulta externa,repetidas en personas de 15 a 59 anos,2006-08-01,54,119,54,119,173
CAIROMA,consulta externa,repetidas en personas de 15 a 59 anos,2006-08-01,3,3,3,3,6
"CAIZA ""D""",consulta externa,repetidas en personas de 15 a 59 anos,2006-08-01,8,21,8,21,29
CAJUATA,consulta externa,repetidas en personas de 15 a 59 anos,2006-08-01,2,3,2,3,5
CALACOTO,consulta externa,repetidas en personas de 15 a 59 anos,2006-08-01,4,2,4,2,6
CALAMARCA,consulta externa,repetidas en personas de 15 a 59 anos,2006-08-01,8,10,8,10,18
CAMARGO,consulta externa,repetidas en personas de 15 a 59 anos,2006-08-01,8,45,8,45,53
CAMATAQUI (C. VILLA ABECIA),consulta externa,repetidas en personas de 15 a 59 anos,2006-08-01,2,1,2,1,3
CAMIRI,consulta externa,repetidas en personas de 15 a 59 anos,2006-08-01,76,239,76,239,315
CAPINOTA,consulta externa,repetidas en personas de 15 a 59 anos,2006-08-01,37,60,37,60,97
CAQUIAVIRI,consulta externa,repetidas en personas de 15 a 59 anos,2006-08-01,4,6,4,6,10
CARACOLLO,consulta externa,repetidas en personas de 15 a 59 anos,2006-08-01,14,14,14,14,28
CARANAVI,consulta externa,repetidas en personas de 15 a 59 anos,2006-08-01,43,43,43,43,86
CARAPARI,consulta externa,repetidas en personas de 15 a 59 anos,2006-08-01,2,11,2,11,13
CARIPUYO,consulta externa,repetidas en personas de 15 a 59 anos,2006-08-01,0,1,0,1,1
CARMEN RIVERO TORREZ,consulta externa,repetidas en personas de 15 a 59 anos,2006-08-01,1,2,1,2,3
CHALLAPATA,consulta externa,repetidas en personas de 15 a 59 anos,2006-08-01,52,48,52,48,100
CHAQUI,consulta externa,repetidas en personas de 15 a 59 anos,2006-08-01,0,1,0,1,1
CHARAGUA,consulta externa,repetidas en personas de 15 a 59 anos,2006-08-01,9,27,9,27,36
CHAYANTA,consulta externa,repetidas en personas de 15 a 59 anos,2006-08-01,1,10,1,10,11
CHIMORE,consulta externa,repetidas en personas de 15 a 59 anos,2006-08-01,1,9,1,9,10
CHOQUE COTA,consulta externa,repetidas en personas de 15 a 59 anos,2006-08-01,0,1,0,1,1
CHULUMANI (V. DE LA LIBERTAD),consulta externa,repetidas en personas de 15 a 59 anos,2006-08-01,38,17,38,17,55
CHUMA,consulta externa,repetidas en personas de 15 a 59 anos,2006-08-01,15,8,15,8,23
CLIZA,consulta externa,repetidas en personas de 15 a 59 anos,2006-08-01,47,33,47,33,80
COBIJA,consulta externa,repetidas en personas de 15 a 59 anos,2006-08-01,112,342,112,342,454
COCHABAMBA,consulta externa,repetidas en personas de 15 a 59 anos,2006-08-01,7843,19649,7843,19649,27492
COLCAPIRHUA,consulta externa,repetidas en personas de 15 a 59 anos,2006-08-01,114,338,114,338,452
"COLCHA ""K""",consulta externa,repetidas en personas de 15 a 59 anos,2006-08-01,14,13,14,13,27
COLLANA,consulta externa,repetidas en personas de 15 a 59 anos,2006-08-01,1,8,1,8,9
COLOMI,consulta externa,repetidas en personas de 15 a 59 anos,2006-08-01,9,16,9,16,25
COLPA BELGICA,consulta externa,repetidas en personas de 15 a 59 anos,2006-08-01,1,16,1,16,17
COLQUECHACA,consulta externa,repetidas en personas de 15 a 59 anos,2006-08-01,12,18,12,18,30
COLQUENCHA,consulta externa,repetidas en personas de 15 a 59 anos,2006-08-01,1,12,1,12,13
COLQUIRI,consulta externa,repetidas en personas de 15 a 59 anos,2006-08-01,5,18,5,18,23
COMARAPA,consulta externa,repetidas en personas de 15 a 59 anos,2006-08-01,49,69,49,69,118
COMBAYA,consulta externa,repetidas en personas de 15 a 59 anos,2006-08-01,1,0,1,0,1
CONCEPCION,consulta externa,repetidas en personas de 15 a 59 anos,2006-08-01,4,11,4,11,15
COPACABANA,consulta externa,repetidas en personas de 15 a 59 anos,2006-08-01,1,1,1,1,2
CORIPATA,consulta externa,repetidas en personas de 15 a 59 anos,2006-08-01,4,14,4,14,18
CORO CORO,consulta externa,repetidas en personas de 15 a 59 anos,2006-08-01,6,6,6,6,12
COROICO,consulta externa,repetidas en personas de 15 a 59 anos,2006-08-01,58,141,58,141,199
CORQUE,consulta externa,repetidas en personas de 15 a 59 anos,2006-08-01,16,27,16,27,43
COTAGAITA,consulta externa,repetidas en personas de 15 a 59 anos,2006-08-01,23,65,23,65,88
COTOCA,consulta externa,repetidas en personas de 15 a 59 anos,2006-08-01,11,18,11,18,29
CUATRO CAÑADAS,consulta externa,repetidas en personas de 15 a 59 anos,2006-08-01,19,28,19,28,47
CUCHUMUELA (V. G. VILLARROEL),consulta externa,repetidas en personas de 15 a 59 anos,2006-08-01,3,9,3,9,12
CUEVO,consulta externa,repetidas en personas de 15 a 59 anos,2006-08-01,3,4,3,4,7
CULPINA,consulta externa,repetidas en personas de 15 a 59 anos,2006-08-01,3,6,3,6,9
CURAHUARA DE CARANGAS,consulta externa,repetidas en personas de 15 a 59 anos,2006-08-01,0,2,0,2,2
DESAGUADERO,consulta externa,repetidas en personas de 15 a 59 anos,2006-08-01,2,7,2,7,9
EL ALTO,consulta externa,repetidas en personas de 15 a 59 anos,2006-08-01,2674,5515,2674,5515,8189
EL CHORO,consulta externa,repetidas en personas de 15 a 59 anos,2006-08-01,4,5,4,5,9
EL PUENTE(STC),consulta externa,repetidas en personas de 15 a 59 anos,2006-08-01,0,5,0,5,5
EL PUENTE(TJA),consulta externa,repetidas en personas de 15 a 59 anos,2006-08-01,1,3,1,3,4
EL TORNO,consulta externa,repetidas en personas de 15 a 59 anos,2006-08-01,149,217,149,217,366
EL VILLAR,consulta externa,repetidas en personas de 15 a 59 anos,2006-08-01,5,9,5,9,14
ENTRE RIOS,consulta externa,repetidas en personas de 15 a 59 anos,2006-08-01,13,20,13,20,33
ENTRE RIOS,consulta externa,repetidas en personas de 15 a 59 anos,2006-08-01,57,83,57,83,140
ESMERALDA,consulta externa,repetidas en personas de 15 a 59 anos,2006-08-01,0,6,0,6,6
EUCALIPTUS,consulta externa,repetidas en personas de 15 a 59 anos,2006-08-01,3,5,3,5,8
EXALTACION,consulta externa,repetidas en personas de 15 a 59 anos,2006-08-01,2,1,2,1,3
FERNANDEZ ALONSO,consulta externa,repetidas en personas de 15 a 59 anos,2006-08-01,14,33,14,33,47
FILADELFIA,consulta externa,repetidas en personas de 15 a 59 anos,2006-08-01,13,28,13,28,41
GENERAL SAAVEDRA,consulta externa,repetidas en personas de 15 a 59 anos,2006-08-01,19,26,19,26,45
GRAL. J.J. PEREZ (CHARAZANI),consulta externa,repetidas en personas de 15 a 59 anos,2006-08-01,2,2,2,2,4
GUANAY,consulta externa,repetidas en personas de 15 a 59 anos,2006-08-01,5,7,5,7,12
GUAQUI,consulta externa,repetidas en personas de 15 a 59 anos,2006-08-01,4,9,4,9,13
GUAYARAMERIN,consulta externa,repetidas en personas de 15 a 59 anos,2006-08-01,140,242,140,242,382
GUTIERREZ,consulta externa,repetidas en personas de 15 a 59 anos,2006-08-01,12,12,12,12,24
HUACARETA,consulta externa,repetidas en personas de 15 a 59 anos,2006-08-01,8,58,8,58,66
HUACAYA (VILLA DE HUACAYA),consulta externa,repetidas en personas de 15 a 59 anos,2006-08-01,0,1,0,1,1
HUACHACALLA,consulta externa,repetidas en personas de 15 a 59 anos,2006-08-01,14,8,14,8,22
HUANUNI,consulta externa,repetidas en personas de 15 a 59 anos,2006-08-01,242,248,242,248,490
HUARACAJE,consulta externa,repetidas en personas de 15 a 59 anos,2006-08-01,5,20,5,20,25
HUAYLLAMARCA,consulta externa,repetidas en personas de 15 a 59 anos,2006-08-01,2,2,2,2,4
ICHOCA,consulta externa,repetidas en personas de 15 a 59 anos,2006-08-01,2,3,2,3,5
ICLA,consulta externa,repetidas en personas de 15 a 59 anos,2006-08-01,4,6,4,6,10
INCAHUASI,consulta externa,repetidas en personas de 15 a 59 anos,2006-08-01,4,11,4,11,15
INGAVI (HUMAITA),consulta externa,repetidas en personas de 15 a 59 anos,2006-08-01,8,3,8,3,11
INQUISIVI,consulta externa,repetidas en personas de 15 a 59 anos,2006-08-01,4,3,4,3,7
IRUPANA (VILLA DE LANZA),consulta externa,repetidas en personas de 15 a 59 anos,2006-08-01,31,25,31,25,56
IXIAMAS,consulta externa,repetidas en personas de 15 a 59 anos,2006-08-01,7,7,7,7,14
JESUS DE MACHACA,consulta externa,repetidas en personas de 15 a 59 anos,2006-08-01,5,14,5,14,19
LA ASUNTA,consulta externa,repetidas en personas de 15 a 59 anos,2006-08-01,2,4,2,4,6
LA GUARDIA,consulta externa,repetidas en personas de 15 a 59 anos,2006-08-01,14,130,14,130,144
LA PAZ,consulta externa,repetidas en personas de 15 a 59 anos,2006-08-01,14110,31885,14110,31885,45995
LA RIVERA,consulta externa,repetidas en personas de 15 a 59 anos,2006-08-01,0,1,0,1,1
LAGUNILLAS,consulta externa,repetidas en personas de 15 a 59 anos,2006-08-01,1,3,1,3,4
LAJA,consulta externa,repetidas en personas de 15 a 59 anos,2006-08-01,11,16,11,16,27
LAS CARRERAS,consulta externa,repetidas en personas de 15 a 59 anos,2006-08-01,6,12,6,12,18
LICOMA PAMPA,consulta externa,repetidas en personas de 15 a 59 anos,2006-08-01,3,2,3,2,5
LLALLAGUA,consulta externa,repetidas en personas de 15 a 59 anos,2006-08-01,120,266,120,266,386
LLICA,consulta externa,repetidas en personas de 15 a 59 anos,2006-08-01,6,4,6,4,10
LORETO,consulta externa,repetidas en personas de 15 a 59 anos,2006-08-01,9,4,9,4,13
LURIBAY,consulta externa,repetidas en personas de 15 a 59 anos,2006-08-01,18,18,18,18,36
MACHACAMARCA,consulta externa,repetidas en personas de 15 a 59 anos,2006-08-01,9,17,9,17,26
MACHARETI,consulta externa,repetidas en personas de 15 a 59 anos,2006-08-01,9,34,9,34,43
MAGDALENA,consulta externa,repetidas en personas de 15 a 59 anos,2006-08-01,32,94,32,94,126
MAIRANA,consulta externa,repetidas en personas de 15 a 59 anos,2006-08-01,4,1,4,1,5
MALLA,consulta externa,repetidas en personas de 15 a 59 anos,2006-08-01,3,9,3,9,12
MECAPACA,consulta externa,repetidas en personas de 15 a 59 anos,2006-08-01,18,18,18,18,36
MINEROS,consulta externa,repetidas en personas de 15 a 59 anos,2006-08-01,10,59,10,59,69
MIZQUE,consulta externa,repetidas en personas de 15 a 59 anos,2006-08-01,8,11,8,11,19
MOCOMOCO,consulta externa,repetidas en personas de 15 a 59 anos,2006-08-01,10,15,10,15,25
MOJINETE,consulta externa,repetidas en personas de 15 a 59 anos,2006-08-01,0,5,0,5,5
MOJOCOYA,consulta externa,repetidas en personas de 15 a 59 anos,2006-08-01,13,24,13,24,37
MONTEAGUDO,consulta externa,repetidas en personas de 15 a 59 anos,2006-08-01,89,323,89,323,412
MONTERO,consulta externa,repetidas en personas de 15 a 59 anos,2006-08-01,895,1633,895,1633,2528
MORO MORO,consulta externa,repetidas en personas de 15 a 59 anos,2006-08-01,1,1,1,1,2
MOROCHATA,consulta externa,repetidas en personas de 15 a 59 anos,2006-08-01,21,59,21,59,80
NACEBE (SANTA ROSA DEL ABUNA),consulta externa,repetidas en personas de 15 a 59 anos,2006-08-01,134,122,134,122,256
NUEVO MANOA (NUEVA ESPERANZA),consulta externa,repetidas en personas de 15 a 59 anos,2006-08-01,1,4,1,4,5
OCURI,consulta externa,repetidas en personas de 15 a 59 anos,2006-08-01,8,5,8,5,13
OKINAWA,consulta externa,repetidas en personas de 15 a 59 anos,2006-08-01,1,40,1,40,41
OMEREQUE,consulta externa,repetidas en personas de 15 a 59 anos,2006-08-01,4,2,4,2,6
ORURO,consulta externa,repetidas en personas de 15 a 59 anos,2006-08-01,2035,5575,2035,5575,7610
PADCAYA,consulta externa,repetidas en personas de 15 a 59 anos,2006-08-01,3,10,3,10,13
PADILLA,consulta externa,repetidas en personas de 15 a 59 anos,2006-08-01,11,99,11,99,110
PAILON,consulta externa,repetidas en personas de 15 a 59 anos,2006-08-01,6,2,6,2,8
PALCA,consulta externa,repetidas en personas de 15 a 59 anos,2006-08-01,5,5,5,5,10
PALOS BLANCOS,consulta externa,repetidas en personas de 15 a 59 anos,2006-08-01,41,30,41,30,71
PAMPA AULLAGAS,consulta externa,repetidas en personas de 15 a 59 anos,2006-08-01,0,2,0,2,2
PAMPA GRANDE,consulta externa,repetidas en personas de 15 a 59 anos,2006-08-01,11,15,11,15,26
PAPEL PAMPA,consulta externa,repetidas en personas de 15 a 59 anos,2006-08-01,4,3,4,3,7
PASORAPA,consulta externa,repetidas en personas de 15 a 59 anos,2006-08-01,0,1,0,1,1
PATACAMAYA,consulta externa,repetidas en personas de 15 a 59 anos,2006-08-01,1,12,1,12,13
PAZÑA,consulta externa,repetidas en personas de 15 a 59 anos,2006-08-01,11,27,11,27,38
PELECHUCO,consulta externa,repetidas en personas de 15 a 59 anos,2006-08-01,2,2,2,2,4
POCOATA,consulta externa,repetidas en personas de 15 a 59 anos,2006-08-01,4,4,4,4,8
POCONA,consulta externa,repetidas en personas de 15 a 59 anos,2006-08-01,3,5,3,5,8
POJO (CBBA),consulta externa,repetidas en personas de 15 a 59 anos,2006-08-01,4,4,4,4,8
POOPO,consulta externa,repetidas en personas de 15 a 59 anos,2006-08-01,10,11,10,11,21
PORCO,consulta externa,repetidas en personas de 15 a 59 anos,2006-08-01,1,6,1,6,7
POROMA,consulta externa,repetidas en personas de 15 a 59 anos,2006-08-01,3,9,3,9,12
PORONGO,consulta externa,repetidas en personas de 15 a 59 anos,2006-08-01,7,24,7,24,31
PORTACHUELO,consulta externa,repetidas en personas de 15 a 59 anos,2006-08-01,18,42,18,42,60
PORVENIR,consulta externa,repetidas en personas de 15 a 59 anos,2006-08-01,8,7,8,7,15
POSTRER VALLE,consulta externa,repetidas en personas de 15 a 59 anos,2006-08-01,3,4,3,4,7
POTOSI,consulta externa,repetidas en personas de 15 a 59 anos,2006-08-01,5482,3785,5482,3785,9267
PRESTO,consulta externa,repetidas en personas de 15 a 59 anos,2006-08-01,1,1,1,1,2
PUCARA,consulta externa,repetidas en personas de 15 a 59 anos,2006-08-01,2,4,2,4,6
PUCARANI,consulta externa,repetidas en personas de 15 a 59 anos,2006-08-01,20,14,20,14,34
PUERTO ACOSTA,consulta externa,repetidas en personas de 15 a 59 anos,2006-08-01,18,31,18,31,49
PUERTO CARABUCO,consulta externa,repetidas en personas de 15 a 59 anos,2006-08-01,7,11,7,11,18
PUERTO GONZALO MORENO,consulta externa,repetidas en personas de 15 a 59 anos,2006-08-01,1,14,1,14,15
PUERTO PEREZ,consulta externa,repetidas en personas de 15 a 59 anos,2006-08-01,4,7,4,7,11
PUERTO QUIJARRO,consulta externa,repetidas en personas de 15 a 59 anos,2006-08-01,52,45,52,45,97
PUERTO RICO,consulta externa,repetidas en personas de 15 a 59 anos,2006-08-01,6,3,6,3,9
PUERTO SUAREZ,consulta externa,repetidas en personas de 15 a 59 anos,2006-08-01,28,88,28,88,116
PUERTO VILLARROEL,consulta externa,repetidas en personas de 15 a 59 anos,2006-08-01,18,40,18,40,58
PUNA,consulta externa,repetidas en personas de 15 a 59 anos,2006-08-01,13,17,13,17,30
PUNATA,consulta externa,repetidas en personas de 15 a 59 anos,2006-08-01,90,251,90,251,341
QUIABAYA,consulta externa,repetidas en personas de 15 a 59 anos,2006-08-01,1,0,1,0,1
QUILLACOLLO,consulta externa,repetidas en personas de 15 a 59 anos,2006-08-01,64,291,64,291,355
QUIME,consulta externa,repetidas en personas de 15 a 59 anos,2006-08-01,2,1,2,1,3
RAVELO,consulta externa,repetidas en personas de 15 a 59 anos,2006-08-01,0,2,0,2,2
REYES,consulta externa,repetidas en personas de 15 a 59 anos,2006-08-01,27,24,27,24,51
RIBERALTA,consulta externa,repetidas en personas de 15 a 59 anos,2006-08-01,22,432,22,432,454
ROBORE,consulta externa,repetidas en personas de 15 a 59 anos,2006-08-01,105,162,105,162,267
RURRENABAQUE,consulta externa,repetidas en personas de 15 a 59 anos,2006-08-01,41,137,41,137,178
SABAYA,consulta externa,repetidas en personas de 15 a 59 anos,2006-08-01,4,3,4,3,7
SACABA,consulta externa,repetidas en personas de 15 a 59 anos,2006-08-01,114,554,114,554,668
SACABAMBA,consulta externa,repetidas en personas de 15 a 59 anos,2006-08-01,4,6,4,6,10
SACACA,consulta externa,repetidas en personas de 15 a 59 anos,2006-08-01,5,0,5,0,5
SAIPINA,consulta externa,repetidas en personas de 15 a 59 anos,2006-08-01,0,3,0,3,3
SALINAS DE GARCI MENDOZA,consulta externa,repetidas en personas de 15 a 59 anos,2006-08-01,4,11,4,11,15
SAMAIPATA,consulta externa,repetidas en personas de 15 a 59 anos,2006-08-01,2,5,2,5,7
SAN AGUSTIN,consulta externa,repetidas en personas de 15 a 59 anos,2006-08-01,4,1,4,1,5
SAN ANDRES,consulta externa,repetidas en personas de 15 a 59 anos,2006-08-01,4,7,4,7,11
SAN ANDRES DE MACHACA,consulta externa,repetidas en personas de 15 a 59 anos,2006-08-01,1,11,1,11,12
SAN ANTONIO DE ESMORUCO,consulta externa,repetidas en personas de 15 a 59 anos,2006-08-01,1,1,1,1,2
SAN ANTONIO DE LOMERIO,consulta externa,repetidas en personas de 15 a 59 anos,2006-08-01,5,9,5,9,14
SAN BENITO,consulta externa,repetidas en personas de 15 a 59 anos,2006-08-01,33,43,33,43,76
SAN BORJA,consulta externa,repetidas en personas de 15 a 59 anos,2006-08-01,51,132,51,132,183
SAN BUENA VENTURA,consulta externa,repetidas en personas de 15 a 59 anos,2006-08-01,19,75,19,75,94
SAN CARLOS,consulta externa,repetidas en personas de 15 a 59 anos,2006-08-01,22,193,22,193,215
SAN IGNACIO,consulta externa,repetidas en personas de 15 a 59 anos,2006-08-01,53,157,53,157,210
SAN IGNACIO DE VELASCO,consulta externa,repetidas en personas de 15 a 59 anos,2006-08-01,89,176,89,176,265
SAN JAVIER(BNI),consulta externa,repetidas en personas de 15 a 59 anos,2006-08-01,0,6,0,6,6
SAN JAVIER(STC),consulta externa,repetidas en personas de 15 a 59 anos,2006-08-01,3,34,3,34,37
SAN JOAQUIN,consulta externa,repetidas en personas de 15 a 59 anos,2006-08-01,5,11,5,11,16
SAN JOSE DE CHIQUITOS,consulta externa,repetidas en personas de 15 a 59 anos,2006-08-01,9,14,9,14,23
SAN JUAN DE YAPACANI,consulta externa,repetidas en personas de 15 a 59 anos,2006-08-01,203,154,203,154,357
SAN JULIAN,consulta externa,repetidas en personas de 15 a 59 anos,2006-08-01,34,145,34,145,179
SAN LORENZO(PND),consulta externa,repetidas en personas de 15 a 59 anos,2006-08-01,0,2,0,2,2
SAN LORENZO(TJA),consulta externa,repetidas en personas de 15 a 59 anos,2006-08-01,11,38,11,38,49
SAN LUCAS,consulta externa,repetidas en personas de 15 a 59 anos,2006-08-01,23,37,23,37,60
SAN MATIAS,consulta externa,repetidas en personas de 15 a 59 anos,2006-08-01,2,43,2,43,45
SAN MIGUEL DE VELASCO,consulta externa,repetidas en personas de 15 a 59 anos,2006-08-01,12,82,12,82,94
SAN PABLO DE LIPEZ,consulta externa,repetidas en personas de 15 a 59 anos,2006-08-01,6,13,6,13,19
SAN PEDRO,consulta externa,repetidas en personas de 15 a 59 anos,2006-08-01,20,27,20,27,47
SAN PEDRO DE BUENA VISTA,consulta externa,repetidas en personas de 15 a 59 anos,2006-08-01,1,1,1,1,2
SAN PEDRO DE CURAHUARA,consulta externa,repetidas en personas de 15 a 59 anos,2006-08-01,3,1,3,1,4
SAN PEDRO DE TIQUINA,consulta externa,repetidas en personas de 15 a 59 anos,2006-08-01,12,7,12,7,19
SAN PEDRO(PND),consulta externa,repetidas en personas de 15 a 59 anos,2006-08-01,0,1,0,1,1
SAN RAFAEL,consulta externa,repetidas en personas de 15 a 59 anos,2006-08-01,3,3,3,3,6
SAN RAMON,consulta externa,repetidas en personas de 15 a 59 anos,2006-08-01,5,26,5,26,31
SAN RAMON,consulta externa,repetidas en personas de 15 a 59 anos,2006-08-01,20,125,20,125,145
SANTA ANA,consulta externa,repetidas en personas de 15 a 59 anos,2006-08-01,24,110,24,110,134
SANTA CRUZ DE LA SIERRA,consulta externa,repetidas en personas de 15 a 59 anos,2006-08-01,5882,17096,5882,17096,22978
SANTA ROSA,consulta externa,repetidas en personas de 15 a 59 anos,2006-08-01,0,6,0,6,6
SANTA ROSA DEL SARA,consulta externa,repetidas en personas de 15 a 59 anos,2006-08-01,2,12,2,12,14
SANTIAGO DE CALLAPA,consulta externa,repetidas en personas de 15 a 59 anos,2006-08-01,1,0,1,0,1
SANTIAGO DE HUARI,consulta externa,repetidas en personas de 15 a 59 anos,2006-08-01,21,31,21,31,52
SANTIAGO DE MACHACA,consulta externa,repetidas en personas de 15 a 59 anos,2006-08-01,0,1,0,1,1
SANTIVAÑES,consulta externa,repetidas en personas de 15 a 59 anos,2006-08-01,2,7,2,7,9
SANTUARIO DE QUILLACAS,consulta externa,repetidas en personas de 15 a 59 anos,2006-08-01,0,1,0,1,1
SAPAHAQUI,consulta externa,repetidas en personas de 15 a 59 anos,2006-08-01,1,1,1,1,2
SENA,consulta externa,repetidas en personas de 15 a 59 anos,2006-08-01,1,2,1,2,3
SICA SICA (VILLA AROMA),consulta externa,repetidas en personas de 15 a 59 anos,2006-08-01,1,3,1,3,4
SICAYA,consulta externa,repetidas en personas de 15 a 59 anos,2006-08-01,1,2,1,2,3
SIPE SIPE,consulta externa,repetidas en personas de 15 a 59 anos,2006-08-01,15,153,15,153,168
SOPACHUY,consulta externa,repetidas en personas de 15 a 59 anos,2006-08-01,3,6,3,6,9
SORACACHI,consulta externa,repetidas en personas de 15 a 59 anos,2006-08-01,5,6,5,6,11
SORATA,consulta externa,repetidas en personas de 15 a 59 anos,2006-08-01,4,4,4,4,8
SUCRE,consulta externa,repetidas en personas de 15 a 59 anos,2006-08-01,2991,6817,2991,6817,9808
TACACHI,consulta externa,repetidas en personas de 15 a 59 anos,2006-08-01,0,13,0,13,13
TACACOMA,consulta externa,repetidas en personas de 15 a 59 anos,2006-08-01,1,5,1,5,6
TACOBAMBA,consulta externa,repetidas en personas de 15 a 59 anos,2006-08-01,1,3,1,3,4
TACOPAYA,consulta externa,repetidas en personas de 15 a 59 anos,2006-08-01,1,4,1,4,5
TAPACARI,consulta externa,repetidas en personas de 15 a 59 anos,2006-08-01,2,14,2,14,16
TARABUCO,consulta externa,repetidas en personas de 15 a 59 anos,2006-08-01,31,127,31,127,158
TARACO,consulta externa,repetidas en personas de 15 a 59 anos,2006-08-01,1,1,1,1,2
TARATA,consulta externa,repetidas en personas de 15 a 59 anos,2006-08-01,24,43,24,43,67
TARIJA,consulta externa,repetidas en personas de 15 a 59 anos,2006-08-01,975,3096,975,3096,4071
TARVITA,consulta externa,repetidas en personas de 15 a 59 anos,2006-08-01,10,33,10,33,43
TEOPONTE,consulta externa,repetidas en personas de 15 a 59 anos,2006-08-01,8,2,8,2,10
TIAWANACU,consulta externa,repetidas en personas de 15 a 59 anos,2006-08-01,4,10,4,10,14
TINGUIPAYA,consulta externa,repetidas en personas de 15 a 59 anos,2006-08-01,6,14,6,14,20
TIPUANI,consulta externa,repetidas en personas de 15 a 59 anos,2006-08-01,6,5,6,5,11
TIQUIPAYA,consulta externa,repetidas en personas de 15 a 59 anos,2006-08-01,39,344,39,344,383
TIRAQUE (CBBA),consulta externa,repetidas en personas de 15 a 59 anos,2006-08-01,60,127,60,127,187
TITO YUPANQUI (PARQUIPUJIO),consulta externa,repetidas en personas de 15 a 59 anos,2006-08-01,0,6,0,6,6
TOCO,consulta externa,repetidas en personas de 15 a 59 anos,2006-08-01,2,5,2,5,7
TOLATA,consulta externa,repetidas en personas de 15 a 59 anos,2006-08-01,1,2,1,2,3
TOLEDO,consulta externa,repetidas en personas de 15 a 59 anos,2006-08-01,8,21,8,21,29
TOMAVE,consulta externa,repetidas en personas de 15 a 59 anos,2006-08-01,6,17,6,17,23
TOMINA,consulta externa,repetidas en personas de 15 a 59 anos,2006-08-01,5,8,5,8,13
TORO TORO,consulta externa,repetidas en personas de 15 a 59 anos,2006-08-01,7,2,7,2,9
TOTORA(CBBA),consulta externa,repetidas en personas de 15 a 59 anos,2006-08-01,5,11,5,11,16
TOTORA(ORR),consulta externa,repetidas en personas de 15 a 59 anos,2006-08-01,2,8,2,8,10
TRIGAL,consulta externa,repetidas en personas de 15 a 59 anos,2006-08-01,2,4,2,4,6
TRINIDAD,consulta externa,repetidas en personas de 15 a 59 anos,2006-08-01,250,761,250,761,1011
TUPIZA,consulta externa,repetidas en personas de 15 a 59 anos,2006-08-01,206,335,206,335,541
TURCO,consulta externa,repetidas en personas de 15 a 59 anos,2006-08-01,0,1,0,1,1
UNCIA,consulta externa,repetidas en personas de 15 a 59 anos,2006-08-01,48,203,48,203,251
URIONDO (A. CONCEPCION),consulta externa,repetidas en personas de 15 a 59 anos,2006-08-01,48,74,48,74,122
URUBICHA,consulta externa,repetidas en personas de 15 a 59 anos,2006-08-01,0,107,0,107,107
UYUNI,consulta externa,repetidas en personas de 15 a 59 anos,2006-08-01,473,119,473,119,592
VACAS,consulta externa,repetidas en personas de 15 a 59 anos,2006-08-01,40,37,40,37,77
VALLEGRANDE,consulta externa,repetidas en personas de 15 a 59 anos,2006-08-01,69,198,69,198,267
VIACHA,consulta externa,repetidas en personas de 15 a 59 anos,2006-08-01,183,343,183,343,526
VILLA MONTES,consulta externa,repetidas en personas de 15 a 59 anos,2006-08-01,92,184,92,184,276
VILLA RIVERO,consulta externa,repetidas en personas de 15 a 59 anos,2006-08-01,9,47,9,47,56
VILLA SERRANO,consulta externa,repetidas en personas de 15 a 59 anos,2006-08-01,13,29,13,29,42
VILLA TUNARI,consulta externa,repetidas en personas de 15 a 59 anos,2006-08-01,75,142,75,142,217
VILLA VACA GUZMAN (MUYUPAMPA),consulta externa,repetidas en personas de 15 a 59 anos,2006-08-01,10,56,10,56,66
VILLAZON,consulta externa,repetidas en personas de 15 a 59 anos,2006-08-01,121,329,121,329,450
VINTO,consulta externa,repetidas en personas de 15 a 59 anos,2006-08-01,45,71,45,71,116
VITICHI,consulta externa,repetidas en personas de 15 a 59 anos,2006-08-01,8,8,8,8,16
WALDO BALLIVIAN,consulta externa,repetidas en personas de 15 a 59 anos,2006-08-01,2,1,2,1,3
WARNES,consulta externa,repetidas en personas de 15 a 59 anos,2006-08-01,8,170,8,170,178
YACO,consulta externa,repetidas en personas de 15 a 59 anos,2006-08-01,6,24,6,24,30
YACUIBA,consulta externa,repetidas en personas de 15 a 59 anos,2006-08-01,256,872,256,872,1128
YAMPARAEZ,consulta externa,repetidas en personas de 15 a 59 anos,2006-08-01,6,17,6,17,23
YANACACHI,consulta externa,repetidas en personas de 15 a 59 anos,2006-08-01,7,4,7,4,11
YAPACANI,consulta externa,repetidas en personas de 15 a 59 anos,2006-08-01,11,255,11,255,266
YOCALLA,consulta externa,repetidas en personas de 15 a 59 anos,2006-08-01,8,16,8,16,24
YOTALA,consulta externa,repetidas en personas de 15 a 59 anos,2006-08-01,27,44,27,44,71
YUNCHARA,consulta externa,repetidas en personas de 15 a 59 anos,2006-08-01,17,30,17,30,47
ZUDAÑEZ,consulta externa,repetidas en personas de 15 a 59 anos,2006-08-01,7,18,7,18,25
ACACIO,consulta externa,repetidas en personas de 15 a 59 anos,2006-09-01,0,13,0,13,13
ACHACACHI,consulta externa,repetidas en personas de 15 a 59 anos,2006-09-01,51,26,51,26,77
ACHOCALLA,consulta externa,repetidas en personas de 15 a 59 anos,2006-09-01,2,8,2,8,10
AIQUILE,consulta externa,repetidas en personas de 15 a 59 anos,2006-09-01,39,374,39,374,413
ALCALA,consulta externa,repetidas en personas de 15 a 59 anos,2006-09-01,1,24,1,24,25
ANCORAIMES,consulta externa,repetidas en personas de 15 a 59 anos,2006-09-01,19,6,19,6,25
ANDAMARCA,consulta externa,repetidas en personas de 15 a 59 anos,2006-09-01,5,22,5,22,27
ANTEQUERA,consulta externa,repetidas en personas de 15 a 59 anos,2006-09-01,4,5,4,5,9
ANZALDO,consulta externa,repetidas en personas de 15 a 59 anos,2006-09-01,4,9,4,9,13
APOLO,consulta externa,repetidas en personas de 15 a 59 anos,2006-09-01,9,28,9,28,37
ARAMPAMPA,consulta externa,repetidas en personas de 15 a 59 anos,2006-09-01,0,1,0,1,1
ARANI,consulta externa,repetidas en personas de 15 a 59 anos,2006-09-01,3,12,3,12,15
ARBIETO,consulta externa,repetidas en personas de 15 a 59 anos,2006-09-01,3,23,3,23,26
ARQUE,consulta externa,repetidas en personas de 15 a 59 anos,2006-09-01,1,6,1,6,7
ASCENCION DE GUARAYOS,consulta externa,repetidas en personas de 15 a 59 anos,2006-09-01,1,7,1,7,8
ATOCHA,consulta externa,repetidas en personas de 15 a 59 anos,2006-09-01,259,314,259,314,573
AUCAPATA,consulta externa,repetidas en personas de 15 a 59 anos,2006-09-01,10,6,10,6,16
AYATA,consulta externa,repetidas en personas de 15 a 59 anos,2006-09-01,3,5,3,5,8
AYO AYO,consulta externa,repetidas en personas de 15 a 59 anos,2006-09-01,8,2,8,2,10
AYOPAYA (V. DE INDEPENDENCIA),consulta externa,repetidas en personas de 15 a 59 anos,2006-09-01,4,6,4,6,10
AZURDUY,consulta externa,repetidas en personas de 15 a 59 anos,2006-09-01,1,4,1,4,5
BATALLAS,consulta externa,repetidas en personas de 15 a 59 anos,2006-09-01,8,23,8,23,31
BAURES,consulta externa,repetidas en personas de 15 a 59 anos,2006-09-01,9,15,9,15,24
BELEN DE ANDAMARCA,consulta externa,repetidas en personas de 15 a 59 anos,2006-09-01,2,3,2,3,5
BELEN DE URMIRI,consulta externa,repetidas en personas de 15 a 59 anos,2006-09-01,1,10,1,10,11
BERMEJO,consulta externa,repetidas en personas de 15 a 59 anos,2006-09-01,67,176,67,176,243
BETANZOS,consulta externa,repetidas en personas de 15 a 59 anos,2006-09-01,27,52,27,52,79
BOLIVAR,consulta externa,repetidas en personas de 15 a 59 anos,2006-09-01,10,36,10,36,46
BOLPEBRA,consulta externa,repetidas en personas de 15 a 59 anos,2006-09-01,1,0,1,0,1
BOYUIBE,consulta externa,repetidas en personas de 15 a 59 anos,2006-09-01,13,14,13,14,27
BUENA VISTA,consulta externa,repetidas en personas de 15 a 59 anos,2006-09-01,31,46,31,46,77
CABEZAS,consulta externa,repetidas en personas de 15 a 59 anos,2006-09-01,36,53,36,53,89
CAIROMA,consulta externa,repetidas en personas de 15 a 59 anos,2006-09-01,111,75,111,75,186
"CAIZA ""D""",consulta externa,repetidas en personas de 15 a 59 anos,2006-09-01,5,16,5,16,21
CAJUATA,consulta externa,repetidas en personas de 15 a 59 anos,2006-09-01,2,0,2,0,2
CALACOTO,consulta externa,repetidas en personas de 15 a 59 anos,2006-09-01,2,0,2,0,2
CALAMARCA,consulta externa,repetidas en personas de 15 a 59 anos,2006-09-01,3,5,3,5,8
CAMARGO,consulta externa,repetidas en personas de 15 a 59 anos,2006-09-01,10,46,10,46,56
CAMATAQUI (C. VILLA ABECIA),consulta externa,repetidas en personas de 15 a 59 anos,2006-09-01,0,1,0,1,1
CAMIRI,consulta externa,repetidas en personas de 15 a 59 anos,2006-09-01,50,151,50,151,201
CAPINOTA,consulta externa,repetidas en personas de 15 a 59 anos,2006-09-01,36,68,36,68,104
CAQUIAVIRI,consulta externa,repetidas en personas de 15 a 59 anos,2006-09-01,0,4,0,4,4
CARACOLLO,consulta externa,repetidas en personas de 15 a 59 anos,2006-09-01,8,8,8,8,16
CARANAVI,consulta externa,repetidas en personas de 15 a 59 anos,2006-09-01,16,28,16,28,44
CARANGAS,consulta externa,repetidas en personas de 15 a 59 anos,2006-09-01,1,0,1,0,1
CARAPARI,consulta externa,repetidas en personas de 15 a 59 anos,2006-09-01,4,6,4,6,10
CARMEN RIVERO TORREZ,consulta externa,repetidas en personas de 15 a 59 anos,2006-09-01,1,0,1,0,1
CATACORA,consulta externa,repetidas en personas de 15 a 59 anos,2006-09-01,1,0,1,0,1
CHALLAPATA,consulta externa,repetidas en personas de 15 a 59 anos,2006-09-01,26,24,26,24,50
CHAQUI,consulta externa,repetidas en personas de 15 a 59 anos,2006-09-01,0,2,0,2,2
CHARAGUA,consulta externa,repetidas en personas de 15 a 59 anos,2006-09-01,21,41,21,41,62
CHARAÑA,consulta externa,repetidas en personas de 15 a 59 anos,2006-09-01,4,0,4,0,4
CHAYANTA,consulta externa,repetidas en personas de 15 a 59 anos,2006-09-01,9,17,9,17,26
CHIMORE,consulta externa,repetidas en personas de 15 a 59 anos,2006-09-01,4,20,4,20,24
CHULUMANI (V. DE LA LIBERTAD),consulta externa,repetidas en personas de 15 a 59 anos,2006-09-01,41,32,41,32,73
CHUMA,consulta externa,repetidas en personas de 15 a 59 anos,2006-09-01,1,2,1,2,3
CLIZA,consulta externa,repetidas en personas de 15 a 59 anos,2006-09-01,34,26,34,26,60
COBIJA,consulta externa,repetidas en personas de 15 a 59 anos,2006-09-01,79,162,79,162,241
COCHABAMBA,consulta externa,repetidas en personas de 15 a 59 anos,2006-09-01,8873,19687,8873,19687,28560
COIPASA,consulta externa,repetidas en personas de 15 a 59 anos,2006-09-01,0,2,0,2,2
COLCAPIRHUA,consulta externa,repetidas en personas de 15 a 59 anos,2006-09-01,81,276,81,276,357
"COLCHA ""K""",consulta externa,repetidas en personas de 15 a 59 anos,2006-09-01,7,10,7,10,17
COLLANA,consulta externa,repetidas en personas de 15 a 59 anos,2006-09-01,0,2,0,2,2
COLOMI,consulta externa,repetidas en personas de 15 a 59 anos,2006-09-01,8,19,8,19,27
COLPA BELGICA,consulta externa,repetidas en personas de 15 a 59 anos,2006-09-01,46,46,46,46,92
COLQUECHACA,consulta externa,repetidas en personas de 15 a 59 anos,2006-09-01,5,17,5,17,22
COLQUENCHA,consulta externa,repetidas en personas de 15 a 59 anos,2006-09-01,4,12,4,12,16
COLQUIRI,consulta externa,repetidas en personas de 15 a 59 anos,2006-09-01,25,36,25,36,61
COMANCHE,consulta externa,repetidas en personas de 15 a 59 anos,2006-09-01,1,1,1,1,2
COMARAPA,consulta externa,repetidas en personas de 15 a 59 anos,2006-09-01,13,31,13,31,44
COMBAYA,consulta externa,repetidas en personas de 15 a 59 anos,2006-09-01,2,3,2,3,5
COPACABANA,consulta externa,repetidas en personas de 15 a 59 anos,2006-09-01,1,1,1,1,2
CORIPATA,consulta externa,repetidas en personas de 15 a 59 anos,2006-09-01,5,12,5,12,17
CORO CORO,consulta externa,repetidas en personas de 15 a 59 anos,2006-09-01,7,5,7,5,12
COROICO,consulta externa,repetidas en personas de 15 a 59 anos,2006-09-01,42,122,42,122,164
CORQUE,consulta externa,repetidas en personas de 15 a 59 anos,2006-09-01,10,18,10,18,28
COTAGAITA,consulta externa,repetidas en personas de 15 a 59 anos,2006-09-01,26,48,26,48,74
COTOCA,consulta externa,repetidas en personas de 15 a 59 anos,2006-09-01,19,41,19,41,60
CUATRO CAÑADAS,consulta externa,repetidas en personas de 15 a 59 anos,2006-09-01,23,84,23,84,107
CUCHUMUELA (V. G. VILLARROEL),consulta externa,repetidas en personas de 15 a 59 anos,2006-09-01,5,9,5,9,14
CUEVO,consulta externa,repetidas en personas de 15 a 59 anos,2006-09-01,10,17,10,17,27
CULPINA,consulta externa,repetidas en personas de 15 a 59 anos,2006-09-01,1,5,1,5,6
CURAHUARA DE CARANGAS,consulta externa,repetidas en personas de 15 a 59 anos,2006-09-01,3,10,3,10,13
CURVA,consulta externa,repetidas en personas de 15 a 59 anos,2006-09-01,0,1,0,1,1
DESAGUADERO,consulta externa,repetidas en personas de 15 a 59 anos,2006-09-01,0,9,0,9,9
EL ALTO,consulta externa,repetidas en personas de 15 a 59 anos,2006-09-01,2935,5361,2935,5361,8296
EL CHORO,consulta externa,repetidas en personas de 15 a 59 anos,2006-09-01,1,6,1,6,7
EL PUENTE(STC),consulta externa,repetidas en personas de 15 a 59 anos,2006-09-01,0,2,0,2,2
EL PUENTE(TJA),consulta externa,repetidas en personas de 15 a 59 anos,2006-09-01,1,18,1,18,19
EL TORNO,consulta externa,repetidas en personas de 15 a 59 anos,2006-09-01,160,233,160,233,393
EL VILLAR,consulta externa,repetidas en personas de 15 a 59 anos,2006-09-01,4,14,4,14,18
ENTRE RIOS,consulta externa,repetidas en personas de 15 a 59 anos,2006-09-01,16,22,16,22,38
ENTRE RIOS,consulta externa,repetidas en personas de 15 a 59 anos,2006-09-01,35,51,35,51,86
ESCARA,consulta externa,repetidas en personas de 15 a 59 anos,2006-09-01,0,1,0,1,1
ESMERALDA,consulta externa,repetidas en personas de 15 a 59 anos,2006-09-01,0,1,0,1,1
EUCALIPTUS,consulta externa,repetidas en personas de 15 a 59 anos,2006-09-01,6,9,6,9,15
EUREKA (SANTOS MERCADO),consulta externa,repetidas en personas de 15 a 59 anos,2006-09-01,1,0,1,0,1
EXALTACION,consulta externa,repetidas en personas de 15 a 59 anos,2006-09-01,1,6,1,6,7
FERNANDEZ ALONSO,consulta externa,repetidas en personas de 15 a 59 anos,2006-09-01,6,26,6,26,32
FILADELFIA,consulta externa,repetidas en personas de 15 a 59 anos,2006-09-01,1,1,1,1,2
GENERAL SAAVEDRA,consulta externa,repetidas en personas de 15 a 59 anos,2006-09-01,10,15,10,15,25
GRAL. J.J. PEREZ (CHARAZANI),consulta externa,repetidas en personas de 15 a 59 anos,2006-09-01,3,2,3,2,5
GUANAY,consulta externa,repetidas en personas de 15 a 59 anos,2006-09-01,6,1,6,1,7
GUAQUI,consulta externa,repetidas en personas de 15 a 59 anos,2006-09-01,10,6,10,6,16
GUAYARAMERIN,consulta externa,repetidas en personas de 15 a 59 anos,2006-09-01,139,238,139,238,377
GUTIERREZ,consulta externa,repetidas en personas de 15 a 59 anos,2006-09-01,15,10,15,10,25
HUACARETA,consulta externa,repetidas en personas de 15 a 59 anos,2006-09-01,13,74,13,74,87
HUACHACALLA,consulta externa,repetidas en personas de 15 a 59 anos,2006-09-01,29,24,29,24,53
HUANUNI,consulta externa,repetidas en personas de 15 a 59 anos,2006-09-01,147,135,147,135,282
HUARACAJE,consulta externa,repetidas en personas de 15 a 59 anos,2006-09-01,2,8,2,8,10
HUAYLLAMARCA,consulta externa,repetidas en personas de 15 a 59 anos,2006-09-01,2,6,2,6,8
ICHOCA,consulta externa,repetidas en personas de 15 a 59 anos,2006-09-01,0,2,0,2,2
ICLA,consulta externa,repetidas en personas de 15 a 59 anos,2006-09-01,6,13,6,13,19
INCAHUASI,consulta externa,repetidas en personas de 15 a 59 anos,2006-09-01,1,16,1,16,17
INGAVI (HUMAITA),consulta externa,repetidas en personas de 15 a 59 anos,2006-09-01,0,11,0,11,11
INQUISIVI,consulta externa,repetidas en personas de 15 a 59 anos,2006-09-01,3,7,3,7,10
IRUPANA (VILLA DE LANZA),consulta externa,repetidas en personas de 15 a 59 anos,2006-09-01,37,13,37,13,50
IXIAMAS,consulta externa,repetidas en personas de 15 a 59 anos,2006-09-01,7,7,7,7,14
JESUS DE MACHACA,consulta externa,repetidas en personas de 15 a 59 anos,2006-09-01,5,11,5,11,16
LA ASUNTA,consulta externa,repetidas en personas de 15 a 59 anos,2006-09-01,10,7,10,7,17
LA GUARDIA,consulta externa,repetidas en personas de 15 a 59 anos,2006-09-01,22,141,22,141,163
LA PAZ,consulta externa,repetidas en personas de 15 a 59 anos,2006-09-01,14866,32439,14866,32439,47305
LAGUNILLAS,consulta externa,repetidas en personas de 15 a 59 anos,2006-09-01,0,11,0,11,11
LAJA,consulta externa,repetidas en personas de 15 a 59 anos,2006-09-01,5,10,5,10,15
LAS CARRERAS,consulta externa,repetidas en personas de 15 a 59 anos,2006-09-01,4,6,4,6,10
LICOMA PAMPA,consulta externa,repetidas en personas de 15 a 59 anos,2006-09-01,0,1,0,1,1
LLALLAGUA,consulta externa,repetidas en personas de 15 a 59 anos,2006-09-01,118,184,118,184,302
LLICA,consulta externa,repetidas en personas de 15 a 59 anos,2006-09-01,8,15,8,15,23
LORETO,consulta externa,repetidas en personas de 15 a 59 anos,2006-09-01,2,12,2,12,14
LURIBAY,consulta externa,repetidas en personas de 15 a 59 anos,2006-09-01,13,25,13,25,38
MACHARETI,consulta externa,repetidas en personas de 15 a 59 anos,2006-09-01,12,16,12,16,28
MAGDALENA,consulta externa,repetidas en personas de 15 a 59 anos,2006-09-01,19,76,19,76,95
MAIRANA,consulta externa,repetidas en personas de 15 a 59 anos,2006-09-01,0,3,0,3,3
MALLA,consulta externa,repetidas en personas de 15 a 59 anos,2006-09-01,2,3,2,3,5
MAPIRI,consulta externa,repetidas en personas de 15 a 59 anos,2006-09-01,2,2,2,2,4
MECAPACA,consulta externa,repetidas en personas de 15 a 59 anos,2006-09-01,20,21,20,21,41
MINEROS,consulta externa,repetidas en personas de 15 a 59 anos,2006-09-01,11,45,11,45,56
MIZQUE,consulta externa,repetidas en personas de 15 a 59 anos,2006-09-01,1,5,1,5,6
MOCOMOCO,consulta externa,repetidas en personas de 15 a 59 anos,2006-09-01,9,13,9,13,22
MOJINETE,consulta externa,repetidas en personas de 15 a 59 anos,2006-09-01,2,3,2,3,5
MOJOCOYA,consulta externa,repetidas en personas de 15 a 59 anos,2006-09-01,16,37,16,37,53
MONTEAGUDO,consulta externa,repetidas en personas de 15 a 59 anos,2006-09-01,163,437,163,437,600
MONTERO,consulta externa,repetidas en personas de 15 a 59 anos,2006-09-01,1083,1853,1083,1853,2936
MOROCHATA,consulta externa,repetidas en personas de 15 a 59 anos,2006-09-01,25,71,25,71,96
OCURI,consulta externa,repetidas en personas de 15 a 59 anos,2006-09-01,1,3,1,3,4
OKINAWA,consulta externa,repetidas en personas de 15 a 59 anos,2006-09-01,10,40,10,40,50
OMEREQUE,consulta externa,repetidas en personas de 15 a 59 anos,2006-09-01,3,2,3,2,5
ORURO,consulta externa,repetidas en personas de 15 a 59 anos,2006-09-01,1889,4937,1889,4937,6826
PADCAYA,consulta externa,repetidas en personas de 15 a 59 anos,2006-09-01,10,21,10,21,31
PADILLA,consulta externa,repetidas en personas de 15 a 59 anos,2006-09-01,2,98,2,98,100
PAILON,consulta externa,repetidas en personas de 15 a 59 anos,2006-09-01,2,7,2,7,9
PALCA,consulta externa,repetidas en personas de 15 a 59 anos,2006-09-01,7,6,7,6,13
PALOS BLANCOS,consulta externa,repetidas en personas de 15 a 59 anos,2006-09-01,53,35,53,35,88
PAMPA AULLAGAS,consulta externa,repetidas en personas de 15 a 59 anos,2006-09-01,1,0,1,0,1
PAMPA GRANDE,consulta externa,repetidas en personas de 15 a 59 anos,2006-09-01,7,4,7,4,11
PAPEL PAMPA,consulta externa,repetidas en personas de 15 a 59 anos,2006-09-01,4,2,4,2,6
PASORAPA,consulta externa,repetidas en personas de 15 a 59 anos,2006-09-01,1,0,1,0,1
PATACAMAYA,consulta externa,repetidas en personas de 15 a 59 anos,2006-09-01,2,8,2,8,10
PAZÑA,consulta externa,repetidas en personas de 15 a 59 anos,2006-09-01,11,15,11,15,26
PELECHUCO,consulta externa,repetidas en personas de 15 a 59 anos,2006-09-01,5,2,5,2,7
POCOATA,consulta externa,repetidas en personas de 15 a 59 anos,2006-09-01,5,9,5,9,14
POCONA,consulta externa,repetidas en personas de 15 a 59 anos,2006-09-01,4,15,4,15,19
POJO (CBBA),consulta externa,repetidas en personas de 15 a 59 anos,2006-09-01,2,8,2,8,10
POOPO,consulta externa,repetidas en personas de 15 a 59 anos,2006-09-01,6,15,6,15,21
PORCO,consulta externa,repetidas en personas de 15 a 59 anos,2006-09-01,4,4,4,4,8
POROMA,consulta externa,repetidas en personas de 15 a 59 anos,2006-09-01,2,23,2,23,25
PORONGO,consulta externa,repetidas en personas de 15 a 59 anos,2006-09-01,6,20,6,20,26
PORTACHUELO,consulta externa,repetidas en personas de 15 a 59 anos,2006-09-01,24,79,24,79,103
PORVENIR,consulta externa,repetidas en personas de 15 a 59 anos,2006-09-01,5,3,5,3,8
POSTRER VALLE,consulta externa,repetidas en personas de 15 a 59 anos,2006-09-01,2,5,2,5,7
POTOSI,consulta externa,repetidas en personas de 15 a 59 anos,2006-09-01,5574,3414,5574,3414,8988
PUCARA,consulta externa,repetidas en personas de 15 a 59 anos,2006-09-01,3,4,3,4,7
PUCARANI,consulta externa,repetidas en personas de 15 a 59 anos,2006-09-01,10,12,10,12,22
PUERTO ACOSTA,consulta externa,repetidas en personas de 15 a 59 anos,2006-09-01,62,117,62,117,179
PUERTO CARABUCO,consulta externa,repetidas en personas de 15 a 59 anos,2006-09-01,7,11,7,11,18
PUERTO GONZALO MORENO,consulta externa,repetidas en personas de 15 a 59 anos,2006-09-01,12,13,12,13,25
PUERTO PEREZ,consulta externa,repetidas en personas de 15 a 59 anos,2006-09-01,4,10,4,10,14
PUERTO QUIJARRO,consulta externa,repetidas en personas de 15 a 59 anos,2006-09-01,33,50,33,50,83
PUERTO RICO,consulta externa,repetidas en personas de 15 a 59 anos,2006-09-01,3,1,3,1,4
PUERTO SUAREZ,consulta externa,repetidas en personas de 15 a 59 anos,2006-09-01,82,132,82,132,214
PUERTO VILLARROEL,consulta externa,repetidas en personas de 15 a 59 anos,2006-09-01,38,56,38,56,94
PUNA,consulta externa,repetidas en personas de 15 a 59 anos,2006-09-01,4,17,4,17,21
PUNATA,consulta externa,repetidas en personas de 15 a 59 anos,2006-09-01,88,213,88,213,301
QUIABAYA,consulta externa,repetidas en personas de 15 a 59 anos,2006-09-01,1,6,1,6,7
QUILLACOLLO,consulta externa,repetidas en personas de 15 a 59 anos,2006-09-01,74,210,74,210,284
QUIME,consulta externa,repetidas en personas de 15 a 59 anos,2006-09-01,18,6,18,6,24
RAVELO,consulta externa,repetidas en personas de 15 a 59 anos,2006-09-01,0,2,0,2,2
REYES,consulta externa,repetidas en personas de 15 a 59 anos,2006-09-01,17,57,17,57,74
RIBERALTA,consulta externa,repetidas en personas de 15 a 59 anos,2006-09-01,84,394,84,394,478
ROBORE,consulta externa,repetidas en personas de 15 a 59 anos,2006-09-01,45,91,45,91,136
RURRENABAQUE,consulta externa,repetidas en personas de 15 a 59 anos,2006-09-01,21,136,21,136,157
SABAYA,consulta externa,repetidas en personas de 15 a 59 anos,2006-09-01,1,0,1,0,1
SACABA,consulta externa,repetidas en personas de 15 a 59 anos,2006-09-01,116,350,116,350,466
SACABAMBA,consulta externa,repetidas en personas de 15 a 59 anos,2006-09-01,3,0,3,0,3
SACACA,consulta externa,repetidas en personas de 15 a 59 anos,2006-09-01,4,6,4,6,10
SAIPINA,consulta externa,repetidas en personas de 15 a 59 anos,2006-09-01,0,2,0,2,2
SALINAS DE GARCI MENDOZA,consulta externa,repetidas en personas de 15 a 59 anos,2006-09-01,6,9,6,9,15
SAMAIPATA,consulta externa,repetidas en personas de 15 a 59 anos,2006-09-01,2,3,2,3,5
SAN AGUSTIN,consulta externa,repetidas en personas de 15 a 59 anos,2006-09-01,2,2,2,2,4
SAN ANDRES,consulta externa,repetidas en personas de 15 a 59 anos,2006-09-01,7,8,7,8,15
SAN ANDRES DE MACHACA,consulta externa,repetidas en personas de 15 a 59 anos,2006-09-01,0,2,0,2,2
SAN ANTONIO DE ESMORUCO,consulta externa,repetidas en personas de 15 a 59 anos,2006-09-01,0,2,0,2,2
SAN ANTONIO DE LOMERIO,consulta externa,repetidas en personas de 15 a 59 anos,2006-09-01,2,18,2,18,20
SAN BENITO,consulta externa,repetidas en personas de 15 a 59 anos,2006-09-01,10,22,10,22,32
SAN BORJA,consulta externa,repetidas en personas de 15 a 59 anos,2006-09-01,55,158,55,158,213
SAN BUENA VENTURA,consulta externa,repetidas en personas de 15 a 59 anos,2006-09-01,16,60,16,60,76
SAN CARLOS,consulta externa,repetidas en personas de 15 a 59 anos,2006-09-01,13,125,13,125,138
SAN IGNACIO,consulta externa,repetidas en personas de 15 a 59 anos,2006-09-01,18,99,18,99,117
SAN IGNACIO DE VELASCO,consulta externa,repetidas en personas de 15 a 59 anos,2006-09-01,80,185,80,185,265
SAN JAVIER(BNI),consulta externa,repetidas en personas de 15 a 59 anos,2006-09-01,1,8,1,8,9
SAN JAVIER(STC),consulta externa,repetidas en personas de 15 a 59 anos,2006-09-01,4,36,4,36,40
SAN JOAQUIN,consulta externa,repetidas en personas de 15 a 59 anos,2006-09-01,23,52,23,52,75
SAN JOSE DE CHIQUITOS,consulta externa,repetidas en personas de 15 a 59 anos,2006-09-01,9,12,9,12,21
SAN JUAN DE YAPACANI,consulta externa,repetidas en personas de 15 a 59 anos,2006-09-01,170,140,170,140,310
SAN JULIAN,consulta externa,repetidas en personas de 15 a 59 anos,2006-09-01,91,172,91,172,263
SAN LORENZO(PND),consulta externa,repetidas en personas de 15 a 59 anos,2006-09-01,3,3,3,3,6
SAN LORENZO(TJA),consulta externa,repetidas en personas de 15 a 59 anos,2006-09-01,12,49,12,49,61
SAN LUCAS,consulta externa,repetidas en personas de 15 a 59 anos,2006-09-01,49,56,49,56,105
SAN MATIAS,consulta externa,repetidas en personas de 15 a 59 anos,2006-09-01,7,22,7,22,29
SAN MIGUEL DE VELASCO,consulta externa,repetidas en personas de 15 a 59 anos,2006-09-01,25,82,25,82,107
SAN PABLO DE LIPEZ,consulta externa,repetidas en personas de 15 a 59 anos,2006-09-01,6,6,6,6,12
SAN PEDRO,consulta externa,repetidas en personas de 15 a 59 anos,2006-09-01,33,28,33,28,61
SAN PEDRO DE CURAHUARA,consulta externa,repetidas en personas de 15 a 59 anos,2006-09-01,5,1,5,1,6
SAN PEDRO DE TIQUINA,consulta externa,repetidas en personas de 15 a 59 anos,2006-09-01,2,10,2,10,12
SAN RAFAEL,consulta externa,repetidas en personas de 15 a 59 anos,2006-09-01,0,1,0,1,1
SAN RAMON,consulta externa,repetidas en personas de 15 a 59 anos,2006-09-01,10,12,10,12,22
SAN RAMON,consulta externa,repetidas en personas de 15 a 59 anos,2006-09-01,13,114,13,114,127
SANTA ANA,consulta externa,repetidas en personas de 15 a 59 anos,2006-09-01,24,96,24,96,120
SANTA CRUZ DE LA SIERRA,consulta externa,repetidas en personas de 15 a 59 anos,2006-09-01,6720,16392,6720,16392,23112
SANTA ROSA,consulta externa,repetidas en personas de 15 a 59 anos,2006-09-01,5,8,5,8,13
SANTA ROSA DEL SARA,consulta externa,repetidas en personas de 15 a 59 anos,2006-09-01,0,2,0,2,2
SANTIAGO DE CALLAPA,consulta externa,repetidas en personas de 15 a 59 anos,2006-09-01,1,1,1,1,2
SANTIAGO DE HUARI,consulta externa,repetidas en personas de 15 a 59 anos,2006-09-01,18,19,18,19,37
SANTIAGO DE MACHACA,consulta externa,repetidas en personas de 15 a 59 anos,2006-09-01,0,8,0,8,8
SANTIVAÑES,consulta externa,repetidas en personas de 15 a 59 anos,2006-09-01,2,8,2,8,10
SAPAHAQUI,consulta externa,repetidas en personas de 15 a 59 anos,2006-09-01,5,2,5,2,7
SICA SICA (VILLA AROMA),consulta externa,repetidas en personas de 15 a 59 anos,2006-09-01,6,4,6,4,10
SICAYA,consulta externa,repetidas en personas de 15 a 59 anos,2006-09-01,1,1,1,1,2
SIPE SIPE,consulta externa,repetidas en personas de 15 a 59 anos,2006-09-01,10,143,10,143,153
SOPACHUY,consulta externa,repetidas en personas de 15 a 59 anos,2006-09-01,0,15,0,15,15
SORACACHI,consulta externa,repetidas en personas de 15 a 59 anos,2006-09-01,5,5,5,5,10
SORATA,consulta externa,repetidas en personas de 15 a 59 anos,2006-09-01,5,5,5,5,10
SUCRE,consulta externa,repetidas en personas de 15 a 59 anos,2006-09-01,2679,6887,2679,6887,9566
TACACHI,consulta externa,repetidas en personas de 15 a 59 anos,2006-09-01,2,14,2,14,16
TACOBAMBA,consulta externa,repetidas en personas de 15 a 59 anos,2006-09-01,3,2,3,2,5
TACOPAYA,consulta externa,repetidas en personas de 15 a 59 anos,2006-09-01,9,37,9,37,46
TAHUA,consulta externa,repetidas en personas de 15 a 59 anos,2006-09-01,0,1,0,1,1
TAPACARI,consulta externa,repetidas en personas de 15 a 59 anos,2006-09-01,2,15,2,15,17
TARABUCO,consulta externa,repetidas en personas de 15 a 59 anos,2006-09-01,18,25,18,25,43
TARACO,consulta externa,repetidas en personas de 15 a 59 anos,2006-09-01,0,1,0,1,1
TARATA,consulta externa,repetidas en personas de 15 a 59 anos,2006-09-01,6,18,6,18,24
TARIJA,consulta externa,repetidas en personas de 15 a 59 anos,2006-09-01,1885,5146,1885,5146,7031
TARVITA,consulta externa,repetidas en personas de 15 a 59 anos,2006-09-01,8,20,8,20,28
TEOPONTE,consulta externa,repetidas en personas de 15 a 59 anos,2006-09-01,2,0,2,0,2
TIAWANACU,consulta externa,repetidas en personas de 15 a 59 anos,2006-09-01,10,5,10,5,15
TINGUIPAYA,consulta externa,repetidas en personas de 15 a 59 anos,2006-09-01,1,7,1,7,8
TIPUANI,consulta externa,repetidas en personas de 15 a 59 anos,2006-09-01,5,2,5,2,7
TIQUIPAYA,consulta externa,repetidas en personas de 15 a 59 anos,2006-09-01,36,448,36,448,484
TIRAQUE (CBBA),consulta externa,repetidas en personas de 15 a 59 anos,2006-09-01,48,357,48,357,405
TITO YUPANQUI (PARQUIPUJIO),consulta externa,repetidas en personas de 15 a 59 anos,2006-09-01,1,3,1,3,4
TOCO,consulta externa,repetidas en personas de 15 a 59 anos,2006-09-01,1,3,1,3,4
TOLEDO,consulta externa,repetidas en personas de 15 a 59 anos,2006-09-01,21,15,21,15,36
TOMAVE,consulta externa,repetidas en personas de 15 a 59 anos,2006-09-01,4,8,4,8,12
TOMINA,consulta externa,repetidas en personas de 15 a 59 anos,2006-09-01,6,10,6,10,16
TORO TORO,consulta externa,repetidas en personas de 15 a 59 anos,2006-09-01,2,4,2,4,6
TOTORA(CBBA),consulta externa,repetidas en personas de 15 a 59 anos,2006-09-01,8,3,8,3,11
TOTORA(ORR),consulta externa,repetidas en personas de 15 a 59 anos,2006-09-01,0,3,0,3,3
TRIGAL,consulta externa,repetidas en personas de 15 a 59 anos,2006-09-01,2,1,2,1,3
TRINIDAD,consulta externa,repetidas en personas de 15 a 59 anos,2006-09-01,255,689,255,689,944
TUPIZA,consulta externa,repetidas en personas de 15 a 59 anos,2006-09-01,172,307,172,307,479
UMALA,consulta externa,repetidas en personas de 15 a 59 anos,2006-09-01,1,0,1,0,1
UNCIA,consulta externa,repetidas en personas de 15 a 59 anos,2006-09-01,86,185,86,185,271
URIONDO (A. CONCEPCION),consulta externa,repetidas en personas de 15 a 59 anos,2006-09-01,114,213,114,213,327
URUBICHA,consulta externa,repetidas en personas de 15 a 59 anos,2006-09-01,0,82,0,82,82
UYUNI,consulta externa,repetidas en personas de 15 a 59 anos,2006-09-01,250,110,250,110,360
VACAS,consulta externa,repetidas en personas de 15 a 59 anos,2006-09-01,33,53,33,53,86
VALLEGRANDE,consulta externa,repetidas en personas de 15 a 59 anos,2006-09-01,53,176,53,176,229
VIACHA,consulta externa,repetidas en personas de 15 a 59 anos,2006-09-01,171,366,171,366,537
VILA VILA,consulta externa,repetidas en personas de 15 a 59 anos,2006-09-01,0,4,0,4,4
VILLA MONTES,consulta externa,repetidas en personas de 15 a 59 anos,2006-09-01,94,178,94,178,272
VILLA RIVERO,consulta externa,repetidas en personas de 15 a 59 anos,2006-09-01,15,50,15,50,65
VILLA SERRANO,consulta externa,repetidas en personas de 15 a 59 anos,2006-09-01,3,32,3,32,35
VILLA TUNARI,consulta externa,repetidas en personas de 15 a 59 anos,2006-09-01,40,86,40,86,126
VILLA VACA GUZMAN (MUYUPAMPA),consulta externa,repetidas en personas de 15 a 59 anos,2006-09-01,16,68,16,68,84
VILLAZON,consulta externa,repetidas en personas de 15 a 59 anos,2006-09-01,158,279,158,279,437
VINTO,consulta externa,repetidas en personas de 15 a 59 anos,2006-09-01,75,111,75,111,186
VITICHI,consulta externa,repetidas en personas de 15 a 59 anos,2006-09-01,11,11,11,11,22
WALDO BALLIVIAN,consulta externa,repetidas en personas de 15 a 59 anos,2006-09-01,2,3,2,3,5
WARNES,consulta externa,repetidas en personas de 15 a 59 anos,2006-09-01,85,127,85,127,212
YACO,consulta externa,repetidas en personas de 15 a 59 anos,2006-09-01,0,5,0,5,5
YACUIBA,consulta externa,repetidas en personas de 15 a 59 anos,2006-09-01,348,947,348,947,1295
YAMPARAEZ,consulta externa,repetidas en personas de 15 a 59 anos,2006-09-01,9,15,9,15,24
YANACACHI,consulta externa,repetidas en personas de 15 a 59 anos,2006-09-01,4,2,4,2,6
YAPACANI,consulta externa,repetidas en personas de 15 a 59 anos,2006-09-01,6,302,6,302,308
YOCALLA,consulta externa,repetidas en personas de 15 a 59 anos,2006-09-01,0,5,0,5,5
YOTALA,consulta externa,repetidas en personas de 15 a 59 anos,2006-09-01,9,22,9,22,31
YUNCHARA,consulta externa,repetidas en personas de 15 a 59 anos,2006-09-01,29,58,29,58,87
ZUDAÑEZ,consulta externa,repetidas en personas de 15 a 59 anos,2006-09-01,18,35,18,35,53
ACACIO,consulta externa,repetidas en personas de 15 a 59 anos,2006-10-01,3,5,3,5,8
ACHACACHI,consulta externa,repetidas en personas de 15 a 59 anos,2006-10-01,29,59,29,59,88
ACHOCALLA,consulta externa,repetidas en personas de 15 a 59 anos,2006-10-01,5,8,5,8,13
AIQUILE,consulta externa,repetidas en personas de 15 a 59 anos,2006-10-01,39,351,39,351,390
ALCALA,consulta externa,repetidas en personas de 15 a 59 anos,2006-10-01,5,27,5,27,32
ANCORAIMES,consulta externa,repetidas en personas de 15 a 59 anos,2006-10-01,16,6,16,6,22
ANDAMARCA,consulta externa,repetidas en personas de 15 a 59 anos,2006-10-01,4,6,4,6,10
ANTEQUERA,consulta externa,repetidas en personas de 15 a 59 anos,2006-10-01,0,1,0,1,1
ANZALDO,consulta externa,repetidas en personas de 15 a 59 anos,2006-10-01,3,10,3,10,13
APOLO,consulta externa,repetidas en personas de 15 a 59 anos,2006-10-01,17,17,17,17,34
ARAMPAMPA,consulta externa,repetidas en personas de 15 a 59 anos,2006-10-01,1,0,1,0,1
ARANI,consulta externa,repetidas en personas de 15 a 59 anos,2006-10-01,2,9,2,9,11
ARBIETO,consulta externa,repetidas en personas de 15 a 59 anos,2006-10-01,1,16,1,16,17
ARQUE,consulta externa,repetidas en personas de 15 a 59 anos,2006-10-01,2,3,2,3,5
ASCENCION DE GUARAYOS,consulta externa,repetidas en personas de 15 a 59 anos,2006-10-01,3,4,3,4,7
ATOCHA,consulta externa,repetidas en personas de 15 a 59 anos,2006-10-01,279,290,279,290,569
AUCAPATA,consulta externa,repetidas en personas de 15 a 59 anos,2006-10-01,5,8,5,8,13
AYATA,consulta externa,repetidas en personas de 15 a 59 anos,2006-10-01,4,0,4,0,4
AYO AYO,consulta externa,repetidas en personas de 15 a 59 anos,2006-10-01,2,5,2,5,7
AYOPAYA (V. DE INDEPENDENCIA),consulta externa,repetidas en personas de 15 a 59 anos,2006-10-01,13,12,13,12,25
AZURDUY,consulta externa,repetidas en personas de 15 a 59 anos,2006-10-01,2,0,2,0,2
BATALLAS,consulta externa,repetidas en personas de 15 a 59 anos,2006-10-01,20,17,20,17,37
BAURES,consulta externa,repetidas en personas de 15 a 59 anos,2006-10-01,11,34,11,34,45
BELEN DE ANDAMARCA,consulta externa,repetidas en personas de 15 a 59 anos,2006-10-01,2,3,2,3,5
BELEN DE URMIRI,consulta externa,repetidas en personas de 15 a 59 anos,2006-10-01,1,2,1,2,3
BELLA FLOR,consulta externa,repetidas en personas de 15 a 59 anos,2006-10-01,0,4,0,4,4
BERMEJO,consulta externa,repetidas en personas de 15 a 59 anos,2006-10-01,97,203,97,203,300
BETANZOS,consulta externa,repetidas en personas de 15 a 59 anos,2006-10-01,23,40,23,40,63
BOLIVAR,consulta externa,repetidas en personas de 15 a 59 anos,2006-10-01,0,1,0,1,1
BOLPEBRA,consulta externa,repetidas en personas de 15 a 59 anos,2006-10-01,1,1,1,1,2
BOYUIBE,consulta externa,repetidas en personas de 15 a 59 anos,2006-10-01,5,16,5,16,21
BUENA VISTA,consulta externa,repetidas en personas de 15 a 59 anos,2006-10-01,33,58,33,58,91
CABEZAS,consulta externa,repetidas en personas de 15 a 59 anos,2006-10-01,37,55,37,55,92
CAIROMA,consulta externa,repetidas en personas de 15 a 59 anos,2006-10-01,120,79,120,79,199
"CAIZA ""D""",consulta externa,repetidas en personas de 15 a 59 anos,2006-10-01,10,18,10,18,28
CAJUATA,consulta externa,repetidas en personas de 15 a 59 anos,2006-10-01,6,7,6,7,13
CALACOTO,consulta externa,repetidas en personas de 15 a 59 anos,2006-10-01,1,2,1,2,3
CALAMARCA,consulta externa,repetidas en personas de 15 a 59 anos,2006-10-01,2,6,2,6,8
CAMARGO,consulta externa,repetidas en personas de 15 a 59 anos,2006-10-01,10,46,10,46,56
CAMATAQUI (C. VILLA ABECIA),consulta externa,repetidas en personas de 15 a 59 anos,2006-10-01,3,4,3,4,7
CAMIRI,consulta externa,repetidas en personas de 15 a 59 anos,2006-10-01,76,253,76,253,329
CAPINOTA,consulta externa,repetidas en personas de 15 a 59 anos,2006-10-01,50,75,50,75,125
CAQUIAVIRI,consulta externa,repetidas en personas de 15 a 59 anos,2006-10-01,5,7,5,7,12
CARACOLLO,consulta externa,repetidas en personas de 15 a 59 anos,2006-10-01,6,10,6,10,16
CARANAVI,consulta externa,repetidas en personas de 15 a 59 anos,2006-10-01,30,19,30,19,49
CARAPARI,consulta externa,repetidas en personas de 15 a 59 anos,2006-10-01,2,6,2,6,8
CARIPUYO,consulta externa,repetidas en personas de 15 a 59 anos,2006-10-01,1,7,1,7,8
CARMEN RIVERO TORREZ,consulta externa,repetidas en personas de 15 a 59 anos,2006-10-01,0,3,0,3,3
CATACORA,consulta externa,repetidas en personas de 15 a 59 anos,2006-10-01,0,1,0,1,1
CHALLAPATA,consulta externa,repetidas en personas de 15 a 59 anos,2006-10-01,22,20,22,20,42
CHAQUI,consulta externa,repetidas en personas de 15 a 59 anos,2006-10-01,1,5,1,5,6
CHARAGUA,consulta externa,repetidas en personas de 15 a 59 anos,2006-10-01,11,49,11,49,60
CHARAÑA,consulta externa,repetidas en personas de 15 a 59 anos,2006-10-01,10,6,10,6,16
CHAYANTA,consulta externa,repetidas en personas de 15 a 59 anos,2006-10-01,21,16,21,16,37
CHIMORE,consulta externa,repetidas en personas de 15 a 59 anos,2006-10-01,2,23,2,23,25
CHIPAYA,consulta externa,repetidas en personas de 15 a 59 anos,2006-10-01,0,1,0,1,1
CHULUMANI (V. DE LA LIBERTAD),consulta externa,repetidas en personas de 15 a 59 anos,2006-10-01,61,44,61,44,105
CHUMA,consulta externa,repetidas en personas de 15 a 59 anos,2006-10-01,4,4,4,4,8
CLIZA,consulta externa,repetidas en personas de 15 a 59 anos,2006-10-01,25,17,25,17,42
COBIJA,consulta externa,repetidas en personas de 15 a 59 anos,2006-10-01,32,430,32,430,462
COCHABAMBA,consulta externa,repetidas en personas de 15 a 59 anos,2006-10-01,8102,21037,8102,21037,29139
COIPASA,consulta externa,repetidas en personas de 15 a 59 anos,2006-10-01,0,2,0,2,2
COLCAPIRHUA,consulta externa,repetidas en personas de 15 a 59 anos,2006-10-01,124,357,124,357,481
"COLCHA ""K""",consulta externa,repetidas en personas de 15 a 59 anos,2006-10-01,8,13,8,13,21
COLLANA,consulta externa,repetidas en personas de 15 a 59 anos,2006-10-01,2,3,2,3,5
COLOMI,consulta externa,repetidas en personas de 15 a 59 anos,2006-10-01,9,18,9,18,27
COLPA BELGICA,consulta externa,repetidas en personas de 15 a 59 anos,2006-10-01,57,71,57,71,128
COLQUECHACA,consulta externa,repetidas en personas de 15 a 59 anos,2006-10-01,8,13,8,13,21
COLQUENCHA,consulta externa,repetidas en personas de 15 a 59 anos,2006-10-01,1,7,1,7,8
COLQUIRI,consulta externa,repetidas en personas de 15 a 59 anos,2006-10-01,36,45,36,45,81
COMANCHE,consulta externa,repetidas en personas de 15 a 59 anos,2006-10-01,0,1,0,1,1
COMARAPA,consulta externa,repetidas en personas de 15 a 59 anos,2006-10-01,16,22,16,22,38
COMBAYA,consulta externa,repetidas en personas de 15 a 59 anos,2006-10-01,0,1,0,1,1
CONCEPCION,consulta externa,repetidas en personas de 15 a 59 anos,2006-10-01,1,3,1,3,4
COPACABANA,consulta externa,repetidas en personas de 15 a 59 anos,2006-10-01,3,2,3,2,5
CORIPATA,consulta externa,repetidas en personas de 15 a 59 anos,2006-10-01,3,3,3,3,6
CORO CORO,consulta externa,repetidas en personas de 15 a 59 anos,2006-10-01,4,8,4,8,12
COROICO,consulta externa,repetidas en personas de 15 a 59 anos,2006-10-01,72,121,72,121,193
CORQUE,consulta externa,repetidas en personas de 15 a 59 anos,2006-10-01,15,24,15,24,39
COTAGAITA,consulta externa,repetidas en personas de 15 a 59 anos,2006-10-01,74,100,74,100,174
COTOCA,consulta externa,repetidas en personas de 15 a 59 anos,2006-10-01,32,68,32,68,100
CUATRO CAÑADAS,consulta externa,repetidas en personas de 15 a 59 anos,2006-10-01,25,59,25,59,84
CUCHUMUELA (V. G. VILLARROEL),consulta externa,repetidas en personas de 15 a 59 anos,2006-10-01,2,3,2,3,5
CUEVO,consulta externa,repetidas en personas de 15 a 59 anos,2006-10-01,2,4,2,4,6
CULPINA,consulta externa,repetidas en personas de 15 a 59 anos,2006-10-01,2,6,2,6,8
CURAHUARA DE CARANGAS,consulta externa,repetidas en personas de 15 a 59 anos,2006-10-01,15,48,15,48,63
CURVA,consulta externa,repetidas en personas de 15 a 59 anos,2006-10-01,2,0,2,0,2
DESAGUADERO,consulta externa,repetidas en personas de 15 a 59 anos,2006-10-01,2,6,2,6,8
EL ALTO,consulta externa,repetidas en personas de 15 a 59 anos,2006-10-01,2836,5272,2836,5272,8108
EL CHORO,consulta externa,repetidas en personas de 15 a 59 anos,2006-10-01,2,8,2,8,10
EL PUENTE(STC),consulta externa,repetidas en personas de 15 a 59 anos,2006-10-01,0,1,0,1,1
EL PUENTE(TJA),consulta externa,repetidas en personas de 15 a 59 anos,2006-10-01,2,14,2,14,16
EL TORNO,consulta externa,repetidas en personas de 15 a 59 anos,2006-10-01,136,234,136,234,370
ENTRE RIOS,consulta externa,repetidas en personas de 15 a 59 anos,2006-10-01,30,32,30,32,62
ENTRE RIOS,consulta externa,repetidas en personas de 15 a 59 anos,2006-10-01,10,38,10,38,48
EUCALIPTUS,consulta externa,repetidas en personas de 15 a 59 anos,2006-10-01,1,3,1,3,4
EUREKA (SANTOS MERCADO),consulta externa,repetidas en personas de 15 a 59 anos,2006-10-01,0,1,0,1,1
EXALTACION,consulta externa,repetidas en personas de 15 a 59 anos,2006-10-01,2,4,2,4,6
FERNANDEZ ALONSO,consulta externa,repetidas en personas de 15 a 59 anos,2006-10-01,6,95,6,95,101
FILADELFIA,consulta externa,repetidas en personas de 15 a 59 anos,2006-10-01,1,0,1,0,1
GENERAL SAAVEDRA,consulta externa,repetidas en personas de 15 a 59 anos,2006-10-01,12,9,12,9,21
GRAL. J.J. PEREZ (CHARAZANI),consulta externa,repetidas en personas de 15 a 59 anos,2006-10-01,4,4,4,4,8
GUANAY,consulta externa,repetidas en personas de 15 a 59 anos,2006-10-01,7,14,7,14,21
GUAQUI,consulta externa,repetidas en personas de 15 a 59 anos,2006-10-01,2,9,2,9,11
GUAYARAMERIN,consulta externa,repetidas en personas de 15 a 59 anos,2006-10-01,213,294,213,294,507
GUTIERREZ,consulta externa,repetidas en personas de 15 a 59 anos,2006-10-01,16,11,16,11,27
HUACARETA,consulta externa,repetidas en personas de 15 a 59 anos,2006-10-01,22,85,22,85,107
HUACHACALLA,consulta externa,repetidas en personas de 15 a 59 anos,2006-10-01,1,3,1,3,4
HUANUNI,consulta externa,repetidas en personas de 15 a 59 anos,2006-10-01,2,5,2,5,7
HUARACAJE,consulta externa,repetidas en personas de 15 a 59 anos,2006-10-01,3,12,3,12,15
HUAYLLAMARCA,consulta externa,repetidas en personas de 15 a 59 anos,2006-10-01,2,1,2,1,3
ICHOCA,consulta externa,repetidas en personas de 15 a 59 anos,2006-10-01,2,3,2,3,5
ICLA,consulta externa,repetidas en personas de 15 a 59 anos,2006-10-01,6,4,6,4,10
INCAHUASI,consulta externa,repetidas en personas de 15 a 59 anos,2006-10-01,0,2,0,2,2
INGAVI (HUMAITA),consulta externa,repetidas en personas de 15 a 59 anos,2006-10-01,7,4,7,4,11
INQUISIVI,consulta externa,repetidas en personas de 15 a 59 anos,2006-10-01,3,2,3,2,5
IRUPANA (VILLA DE LANZA),consulta externa,repetidas en personas de 15 a 59 anos,2006-10-01,15,17,15,17,32
IXIAMAS,consulta externa,repetidas en personas de 15 a 59 anos,2006-10-01,16,32,16,32,48
JESUS DE MACHACA,consulta externa,repetidas en personas de 15 a 59 anos,2006-10-01,1,16,1,16,17
LA ASUNTA,consulta externa,repetidas en personas de 15 a 59 anos,2006-10-01,3,6,3,6,9
LA GUARDIA,consulta externa,repetidas en personas de 15 a 59 anos,2006-10-01,10,141,10,141,151
LA PAZ,consulta externa,repetidas en personas de 15 a 59 anos,2006-10-01,15954,33056,15954,33056,49010
LAGUNILLAS,consulta externa,repetidas en personas de 15 a 59 anos,2006-10-01,0,2,0,2,2
LAJA,consulta externa,repetidas en personas de 15 a 59 anos,2006-10-01,7,9,7,9,16
LAS CARRERAS,consulta externa,repetidas en personas de 15 a 59 anos,2006-10-01,9,19,9,19,28
LICOMA PAMPA,consulta externa,repetidas en personas de 15 a 59 anos,2006-10-01,2,3,2,3,5
LLALLAGUA,consulta externa,repetidas en personas de 15 a 59 anos,2006-10-01,96,193,96,193,289
LLICA,consulta externa,repetidas en personas de 15 a 59 anos,2006-10-01,15,17,15,17,32
LORETO,consulta externa,repetidas en personas de 15 a 59 anos,2006-10-01,7,17,7,17,24
LURIBAY,consulta externa,repetidas en personas de 15 a 59 anos,2006-10-01,21,16,21,16,37
MACHARETI,consulta externa,repetidas en personas de 15 a 59 anos,2006-10-01,7,18,7,18,25
MAGDALENA,consulta externa,repetidas en personas de 15 a 59 anos,2006-10-01,38,99,38,99,137
MAIRANA,consulta externa,repetidas en personas de 15 a 59 anos,2006-10-01,0,8,0,8,8
MALLA,consulta externa,repetidas en personas de 15 a 59 anos,2006-10-01,3,1,3,1,4
MAPIRI,consulta externa,repetidas en personas de 15 a 59 anos,2006-10-01,8,16,8,16,24
MECAPACA,consulta externa,repetidas en personas de 15 a 59 anos,2006-10-01,14,19,14,19,33
MINEROS,consulta externa,repetidas en personas de 15 a 59 anos,2006-10-01,13,47,13,47,60
MIZQUE,consulta externa,repetidas en personas de 15 a 59 anos,2006-10-01,4,4,4,4,8
MOCOMOCO,consulta externa,repetidas en personas de 15 a 59 anos,2006-10-01,12,17,12,17,29
MOJINETE,consulta externa,repetidas en personas de 15 a 59 anos,2006-10-01,1,4,1,4,5
MOJOCOYA,consulta externa,repetidas en personas de 15 a 59 anos,2006-10-01,6,16,6,16,22
MONTEAGUDO,consulta externa,repetidas en personas de 15 a 59 anos,2006-10-01,162,392,162,392,554
MONTERO,consulta externa,repetidas en personas de 15 a 59 anos,2006-10-01,594,1750,594,1750,2344
MORO MORO,consulta externa,repetidas en personas de 15 a 59 anos,2006-10-01,3,3,3,3,6
MOROCHATA,consulta externa,repetidas en personas de 15 a 59 anos,2006-10-01,23,77,23,77,100
NACEBE (SANTA ROSA DEL ABUNA),consulta externa,repetidas en personas de 15 a 59 anos,2006-10-01,29,20,29,20,49
OCURI,consulta externa,repetidas en personas de 15 a 59 anos,2006-10-01,5,6,5,6,11
OKINAWA,consulta externa,repetidas en personas de 15 a 59 anos,2006-10-01,15,49,15,49,64
OMEREQUE,consulta externa,repetidas en personas de 15 a 59 anos,2006-10-01,0,2,0,2,2
ORURO,consulta externa,repetidas en personas de 15 a 59 anos,2006-10-01,2220,5941,2220,5941,8161
PADCAYA,consulta externa,repetidas en personas de 15 a 59 anos,2006-10-01,48,59,48,59,107
PADILLA,consulta externa,repetidas en personas de 15 a 59 anos,2006-10-01,11,114,11,114,125
PAILON,consulta externa,repetidas en personas de 15 a 59 anos,2006-10-01,6,12,6,12,18
PALCA,consulta externa,repetidas en personas de 15 a 59 anos,2006-10-01,6,7,6,7,13
PALOS BLANCOS,consulta externa,repetidas en personas de 15 a 59 anos,2006-10-01,70,38,70,38,108
PAMPA GRANDE,consulta externa,repetidas en personas de 15 a 59 anos,2006-10-01,5,6,5,6,11
PAPEL PAMPA,consulta externa,repetidas en personas de 15 a 59 anos,2006-10-01,2,2,2,2,4
PATACAMAYA,consulta externa,repetidas en personas de 15 a 59 anos,2006-10-01,3,6,3,6,9
PAZÑA,consulta externa,repetidas en personas de 15 a 59 anos,2006-10-01,5,12,5,12,17
PELECHUCO,consulta externa,repetidas en personas de 15 a 59 anos,2006-10-01,3,2,3,2,5
POCOATA,consulta externa,repetidas en personas de 15 a 59 anos,2006-10-01,9,5,9,5,14
POCONA,consulta externa,repetidas en personas de 15 a 59 anos,2006-10-01,8,6,8,6,14
POJO (CBBA),consulta externa,repetidas en personas de 15 a 59 anos,2006-10-01,0,3,0,3,3
POOPO,consulta externa,repetidas en personas de 15 a 59 anos,2006-10-01,7,9,7,9,16
PORCO,consulta externa,repetidas en personas de 15 a 59 anos,2006-10-01,0,3,0,3,3
POROMA,consulta externa,repetidas en personas de 15 a 59 anos,2006-10-01,4,2,4,2,6
PORONGO,consulta externa,repetidas en personas de 15 a 59 anos,2006-10-01,2,4,2,4,6
PORTACHUELO,consulta externa,repetidas en personas de 15 a 59 anos,2006-10-01,27,46,27,46,73
PORVENIR,consulta externa,repetidas en personas de 15 a 59 anos,2006-10-01,4,4,4,4,8
POSTRER VALLE,consulta externa,repetidas en personas de 15 a 59 anos,2006-10-01,5,4,5,4,9
POTOSI,consulta externa,repetidas en personas de 15 a 59 anos,2006-10-01,7166,3630,7166,3630,10796
PRESTO,consulta externa,repetidas en personas de 15 a 59 anos,2006-10-01,1,5,1,5,6
PUCARA,consulta externa,repetidas en personas de 15 a 59 anos,2006-10-01,1,2,1,2,3
PUCARANI,consulta externa,repetidas en personas de 15 a 59 anos,2006-10-01,14,44,14,44,58
PUERTO ACOSTA,consulta externa,repetidas en personas de 15 a 59 anos,2006-10-01,17,35,17,35,52
PUERTO CARABUCO,consulta externa,repetidas en personas de 15 a 59 anos,2006-10-01,10,8,10,8,18
PUERTO GONZALO MORENO,consulta externa,repetidas en personas de 15 a 59 anos,2006-10-01,1,4,1,4,5
PUERTO PEREZ,consulta externa,repetidas en personas de 15 a 59 anos,2006-10-01,11,9,11,9,20
PUERTO QUIJARRO,consulta externa,repetidas en personas de 15 a 59 anos,2006-10-01,33,21,33,21,54
PUERTO RICO,consulta externa,repetidas en personas de 15 a 59 anos,2006-10-01,6,8,6,8,14
PUERTO SUAREZ,consulta externa,repetidas en personas de 15 a 59 anos,2006-10-01,25,68,25,68,93
PUERTO VILLARROEL,consulta externa,repetidas en personas de 15 a 59 anos,2006-10-01,23,29,23,29,52
PUNA,consulta externa,repetidas en personas de 15 a 59 anos,2006-10-01,4,12,4,12,16
PUNATA,consulta externa,repetidas en personas de 15 a 59 anos,2006-10-01,124,262,124,262,386
QUIABAYA,consulta externa,repetidas en personas de 15 a 59 anos,2006-10-01,3,5,3,5,8
QUILLACOLLO,consulta externa,repetidas en personas de 15 a 59 anos,2006-10-01,83,284,83,284,367
QUIME,consulta externa,repetidas en personas de 15 a 59 anos,2006-10-01,16,6,16,6,22
QUIRUSILLAS,consulta externa,repetidas en personas de 15 a 59 anos,2006-10-01,0,1,0,1,1
RAVELO,consulta externa,repetidas en personas de 15 a 59 anos,2006-10-01,0,4,0,4,4
REYES,consulta externa,repetidas en personas de 15 a 59 anos,2006-10-01,16,46,16,46,62
RIBERALTA,consulta externa,repetidas en personas de 15 a 59 anos,2006-10-01,86,498,86,498,584
ROBORE,consulta externa,repetidas en personas de 15 a 59 anos,2006-10-01,45,173,45,173,218
RURRENABAQUE,consulta externa,repetidas en personas de 15 a 59 anos,2006-10-01,24,82,24,82,106
SABAYA,consulta externa,repetidas en personas de 15 a 59 anos,2006-10-01,4,2,4,2,6
SACABA,consulta externa,repetidas en personas de 15 a 59 anos,2006-10-01,161,501,161,501,662
SACABAMBA,consulta externa,repetidas en personas de 15 a 59 anos,2006-10-01,4,3,4,3,7
SACACA,consulta externa,repetidas en personas de 15 a 59 anos,2006-10-01,1,6,1,6,7
SAIPINA,consulta externa,repetidas en personas de 15 a 59 anos,2006-10-01,43,104,43,104,147
SALINAS DE GARCI MENDOZA,consulta externa,repetidas en personas de 15 a 59 anos,2006-10-01,4,8,4,8,12
SAMAIPATA,consulta externa,repetidas en personas de 15 a 59 anos,2006-10-01,1,3,1,3,4
SAN AGUSTIN,consulta externa,repetidas en personas de 15 a 59 anos,2006-10-01,3,3,3,3,6
SAN ANDRES,consulta externa,repetidas en personas de 15 a 59 anos,2006-10-01,6,24,6,24,30
SAN ANDRES DE MACHACA,consulta externa,repetidas en personas de 15 a 59 anos,2006-10-01,1,3,1,3,4
SAN ANTONIO DE ESMORUCO,consulta externa,repetidas en personas de 15 a 59 anos,2006-10-01,0,4,0,4,4
SAN ANTONIO DE LOMERIO,consulta externa,repetidas en personas de 15 a 59 anos,2006-10-01,2,10,2,10,12
SAN BENITO,consulta externa,repetidas en personas de 15 a 59 anos,2006-10-01,20,49,20,49,69
SAN BORJA,consulta externa,repetidas en personas de 15 a 59 anos,2006-10-01,56,219,56,219,275
SAN BUENA VENTURA,consulta externa,repetidas en personas de 15 a 59 anos,2006-10-01,25,91,25,91,116
SAN CARLOS,consulta externa,repetidas en personas de 15 a 59 anos,2006-10-01,17,222,17,222,239
SAN IGNACIO,consulta externa,repetidas en personas de 15 a 59 anos,2006-10-01,68,177,68,177,245
SAN IGNACIO DE VELASCO,consulta externa,repetidas en personas de 15 a 59 anos,2006-10-01,78,181,78,181,259
SAN JAVIER(BNI),consulta externa,repetidas en personas de 15 a 59 anos,2006-10-01,2,2,2,2,4
SAN JAVIER(STC),consulta externa,repetidas en personas de 15 a 59 anos,2006-10-01,18,96,18,96,114
SAN JOAQUIN,consulta externa,repetidas en personas de 15 a 59 anos,2006-10-01,6,9,6,9,15
SAN JOSE DE CHIQUITOS,consulta externa,repetidas en personas de 15 a 59 anos,2006-10-01,7,21,7,21,28
SAN JUAN DE YAPACANI,consulta externa,repetidas en personas de 15 a 59 anos,2006-10-01,160,113,160,113,273
SAN JULIAN,consulta externa,repetidas en personas de 15 a 59 anos,2006-10-01,43,159,43,159,202
SAN LORENZO(PND),consulta externa,repetidas en personas de 15 a 59 anos,2006-10-01,2,2,2,2,4
SAN LORENZO(TJA),consulta externa,repetidas en personas de 15 a 59 anos,2006-10-01,9,60,9,60,69
SAN LUCAS,consulta externa,repetidas en personas de 15 a 59 anos,2006-10-01,27,66,27,66,93
SAN MATIAS,consulta externa,repetidas en personas de 15 a 59 anos,2006-10-01,5,25,5,25,30
SAN MIGUEL DE VELASCO,consulta externa,repetidas en personas de 15 a 59 anos,2006-10-01,21,54,21,54,75
SAN PABLO DE LIPEZ,consulta externa,repetidas en personas de 15 a 59 anos,2006-10-01,5,15,5,15,20
SAN PEDRO,consulta externa,repetidas en personas de 15 a 59 anos,2006-10-01,38,54,38,54,92
SAN PEDRO DE CURAHUARA,consulta externa,repetidas en personas de 15 a 59 anos,2006-10-01,2,8,2,8,10
SAN PEDRO DE TIQUINA,consulta externa,repetidas en personas de 15 a 59 anos,2006-10-01,1,8,1,8,9
SAN RAFAEL,consulta externa,repetidas en personas de 15 a 59 anos,2006-10-01,2,5,2,5,7
SAN RAMON,consulta externa,repetidas en personas de 15 a 59 anos,2006-10-01,11,129,11,129,140
SAN RAMON,consulta externa,repetidas en personas de 15 a 59 anos,2006-10-01,16,41,16,41,57
SANTA ANA,consulta externa,repetidas en personas de 15 a 59 anos,2006-10-01,31,125,31,125,156
SANTA CRUZ DE LA SIERRA,consulta externa,repetidas en personas de 15 a 59 anos,2006-10-01,6274,18534,6274,18534,24808
SANTA ROSA,consulta externa,repetidas en personas de 15 a 59 anos,2006-10-01,0,8,0,8,8
SANTA ROSA DEL SARA,consulta externa,repetidas en personas de 15 a 59 anos,2006-10-01,6,17,6,17,23
SANTIAGO DE HUARI,consulta externa,repetidas en personas de 15 a 59 anos,2006-10-01,11,23,11,23,34
SANTIAGO DE MACHACA,consulta externa,repetidas en personas de 15 a 59 anos,2006-10-01,0,8,0,8,8
SANTIVAÑES,consulta externa,repetidas en personas de 15 a 59 anos,2006-10-01,10,5,10,5,15
SANTUARIO DE QUILLACAS,consulta externa,repetidas en personas de 15 a 59 anos,2006-10-01,0,6,0,6,6
SAPAHAQUI,consulta externa,repetidas en personas de 15 a 59 anos,2006-10-01,2,0,2,0,2
SENA,consulta externa,repetidas en personas de 15 a 59 anos,2006-10-01,0,2,0,2,2
SICA SICA (VILLA AROMA),consulta externa,repetidas en personas de 15 a 59 anos,2006-10-01,4,2,4,2,6
SICAYA,consulta externa,repetidas en personas de 15 a 59 anos,2006-10-01,0,6,0,6,6
SIPE SIPE,consulta externa,repetidas en personas de 15 a 59 anos,2006-10-01,37,281,37,281,318
SOPACHUY,consulta externa,repetidas en personas de 15 a 59 anos,2006-10-01,5,18,5,18,23
SORACACHI,consulta externa,repetidas en personas de 15 a 59 anos,2006-10-01,3,3,3,3,6
SORATA,consulta externa,repetidas en personas de 15 a 59 anos,2006-10-01,6,5,6,5,11
SUCRE,consulta externa,repetidas en personas de 15 a 59 anos,2006-10-01,2945,7849,2945,7849,10794
TACACHI,consulta externa,repetidas en personas de 15 a 59 anos,2006-10-01,0,7,0,7,7
TACACOMA,consulta externa,repetidas en personas de 15 a 59 anos,2006-10-01,1,0,1,0,1
TACOBAMBA,consulta externa,repetidas en personas de 15 a 59 anos,2006-10-01,1,2,1,2,3
TACOPAYA,consulta externa,repetidas en personas de 15 a 59 anos,2006-10-01,4,26,4,26,30
TAHUA,consulta externa,repetidas en personas de 15 a 59 anos,2006-10-01,2,4,2,4,6
TAPACARI,consulta externa,repetidas en personas de 15 a 59 anos,2006-10-01,4,16,4,16,20
TARABUCO,consulta externa,repetidas en personas de 15 a 59 anos,2006-10-01,19,48,19,48,67
TARACO,consulta externa,repetidas en personas de 15 a 59 anos,2006-10-01,4,2,4,2,6
TARATA,consulta externa,repetidas en personas de 15 a 59 anos,2006-10-01,3,4,3,4,7
TARIJA,consulta externa,repetidas en personas de 15 a 59 anos,2006-10-01,2036,5197,2036,5197,7233
TARVITA,consulta externa,repetidas en personas de 15 a 59 anos,2006-10-01,6,24,6,24,30
TEOPONTE,consulta externa,repetidas en personas de 15 a 59 anos,2006-10-01,7,7,7,7,14
TIAWANACU,consulta externa,repetidas en personas de 15 a 59 anos,2006-10-01,5,10,5,10,15
TINGUIPAYA,consulta externa,repetidas en personas de 15 a 59 anos,2006-10-01,1,2,1,2,3
TIPUANI,consulta externa,repetidas en personas de 15 a 59 anos,2006-10-01,4,7,4,7,11
TIQUIPAYA,consulta externa,repetidas en personas de 15 a 59 anos,2006-10-01,21,237,21,237,258
TIRAQUE (CBBA),consulta externa,repetidas en personas de 15 a 59 anos,2006-10-01,50,220,50,220,270
TITO YUPANQUI (PARQUIPUJIO),consulta externa,repetidas en personas de 15 a 59 anos,2006-10-01,0,3,0,3,3
TOCO,consulta externa,repetidas en personas de 15 a 59 anos,2006-10-01,3,5,3,5,8
TODOS SANTOS,consulta externa,repetidas en personas de 15 a 59 anos,2006-10-01,9,6,9,6,15
TOLATA,consulta externa,repetidas en personas de 15 a 59 anos,2006-10-01,1,3,1,3,4
TOLEDO,consulta externa,repetidas en personas de 15 a 59 anos,2006-10-01,28,24,28,24,52
TOMAVE,consulta externa,repetidas en personas de 15 a 59 anos,2006-10-01,5,2,5,2,7
TOMINA,consulta externa,repetidas en personas de 15 a 59 anos,2006-10-01,5,1,5,1,6
TORO TORO,consulta externa,repetidas en personas de 15 a 59 anos,2006-10-01,1,2,1,2,3
TOTORA(CBBA),consulta externa,repetidas en personas de 15 a 59 anos,2006-10-01,17,11,17,11,28
TRIGAL,consulta externa,repetidas en personas de 15 a 59 anos,2006-10-01,1,3,1,3,4
TRINIDAD,consulta externa,repetidas en personas de 15 a 59 anos,2006-10-01,180,962,180,962,1142
TUPIZA,consulta externa,repetidas en personas de 15 a 59 anos,2006-10-01,181,274,181,274,455
TURCO,consulta externa,repetidas en personas de 15 a 59 anos,2006-10-01,1,0,1,0,1
UNCIA,consulta externa,repetidas en personas de 15 a 59 anos,2006-10-01,122,243,122,243,365
URIONDO (A. CONCEPCION),consulta externa,repetidas en personas de 15 a 59 anos,2006-10-01,59,97,59,97,156
URUBICHA,consulta externa,repetidas en personas de 15 a 59 anos,2006-10-01,0,94,0,94,94
UYUNI,consulta externa,repetidas en personas de 15 a 59 anos,2006-10-01,240,132,240,132,372
VACAS,consulta externa,repetidas en personas de 15 a 59 anos,2006-10-01,27,45,27,45,72
VALLEGRANDE,consulta externa,repetidas en personas de 15 a 59 anos,2006-10-01,70,214,70,214,284
VIACHA,consulta externa,repetidas en personas de 15 a 59 anos,2006-10-01,132,429,132,429,561
VILA VILA,consulta externa,repetidas en personas de 15 a 59 anos,2006-10-01,1,2,1,2,3
VILLA MONTES,consulta externa,repetidas en personas de 15 a 59 anos,2006-10-01,104,186,104,186,290
VILLA NUEVA (LOMA ALTA),consulta externa,repetidas en personas de 15 a 59 anos,2006-10-01,3,1,3,1,4
VILLA RIVERO,consulta externa,repetidas en personas de 15 a 59 anos,2006-10-01,70,84,70,84,154
VILLA SERRANO,consulta externa,repetidas en personas de 15 a 59 anos,2006-10-01,11,28,11,28,39
VILLA TUNARI,consulta externa,repetidas en personas de 15 a 59 anos,2006-10-01,43,69,43,69,112
VILLA VACA GUZMAN (MUYUPAMPA),consulta externa,repetidas en personas de 15 a 59 anos,2006-10-01,17,63,17,63,80
VILLAZON,consulta externa,repetidas en personas de 15 a 59 anos,2006-10-01,127,231,127,231,358
VINTO,consulta externa,repetidas en personas de 15 a 59 anos,2006-10-01,35,141,35,141,176
VITICHI,consulta externa,repetidas en personas de 15 a 59 anos,2006-10-01,8,20,8,20,28
WALDO BALLIVIAN,consulta externa,repetidas en personas de 15 a 59 anos,2006-10-01,3,7,3,7,10
WARNES,consulta externa,repetidas en personas de 15 a 59 anos,2006-10-01,6,134,6,134,140
YACO,consulta externa,repetidas en personas de 15 a 59 anos,2006-10-01,4,5,4,5,9
YACUIBA,consulta externa,repetidas en personas de 15 a 59 anos,2006-10-01,417,1244,417,1244,1661
YAMPARAEZ,consulta externa,repetidas en personas de 15 a 59 anos,2006-10-01,12,24,12,24,36
YANACACHI,consulta externa,repetidas en personas de 15 a 59 anos,2006-10-01,11,4,11,4,15
YAPACANI,consulta externa,repetidas en personas de 15 a 59 anos,2006-10-01,7,11,7,11,18
YOCALLA,consulta externa,repetidas en personas de 15 a 59 anos,2006-10-01,3,8,3,8,11
YOTALA,consulta externa,repetidas en personas de 15 a 59 anos,2006-10-01,15,25,15,25,40
YUNCHARA,consulta externa,repetidas en personas de 15 a 59 anos,2006-10-01,56,110,56,110,166
ZUDAÑEZ,consulta externa,repetidas en personas de 15 a 59 anos,2006-10-01,6,18,6,18,24
ACACIO,consulta externa,repetidas en personas de 15 a 59 anos,2006-11-01,2,7,2,7,9
ACHACACHI,consulta externa,repetidas en personas de 15 a 59 anos,2006-11-01,26,31,26,31,57
ACHOCALLA,consulta externa,repetidas en personas de 15 a 59 anos,2006-11-01,3,5,3,5,8
AIQUILE,consulta externa,repetidas en personas de 15 a 59 anos,2006-11-01,63,409,63,409,472
ALCALA,consulta externa,repetidas en personas de 15 a 59 anos,2006-11-01,0,24,0,24,24
ANCORAIMES,consulta externa,repetidas en personas de 15 a 59 anos,2006-11-01,10,9,10,9,19
ANDAMARCA,consulta externa,repetidas en personas de 15 a 59 anos,2006-11-01,8,3,8,3,11
ANTEQUERA,consulta externa,repetidas en personas de 15 a 59 anos,2006-11-01,2,0,2,0,2
ANZALDO,consulta externa,repetidas en personas de 15 a 59 anos,2006-11-01,12,12,12,12,24
APOLO,consulta externa,repetidas en personas de 15 a 59 anos,2006-11-01,8,9,8,9,17
ARANI,consulta externa,repetidas en personas de 15 a 59 anos,2006-11-01,2,8,2,8,10
ARBIETO,consulta externa,repetidas en personas de 15 a 59 anos,2006-11-01,3,21,3,21,24
ARQUE,consulta externa,repetidas en personas de 15 a 59 anos,2006-11-01,3,21,3,21,24
ASCENCION DE GUARAYOS,consulta externa,repetidas en personas de 15 a 59 anos,2006-11-01,15,15,15,15,30
ATOCHA,consulta externa,repetidas en personas de 15 a 59 anos,2006-11-01,227,198,227,198,425
AUCAPATA,consulta externa,repetidas en personas de 15 a 59 anos,2006-11-01,9,10,9,10,19
AYATA,consulta externa,repetidas en personas de 15 a 59 anos,2006-11-01,2,6,2,6,8
AYO AYO,consulta externa,repetidas en personas de 15 a 59 anos,2006-11-01,5,10,5,10,15
AYOPAYA (V. DE INDEPENDENCIA),consulta externa,repetidas en personas de 15 a 59 anos,2006-11-01,2,25,2,25,27
BATALLAS,consulta externa,repetidas en personas de 15 a 59 anos,2006-11-01,13,9,13,9,22
BAURES,consulta externa,repetidas en personas de 15 a 59 anos,2006-11-01,14,25,14,25,39
BELEN DE ANDAMARCA,consulta externa,repetidas en personas de 15 a 59 anos,2006-11-01,1,1,1,1,2
BELEN DE URMIRI,consulta externa,repetidas en personas de 15 a 59 anos,2006-11-01,4,4,4,4,8
BELLA FLOR,consulta externa,repetidas en personas de 15 a 59 anos,2006-11-01,81,60,81,60,141
BERMEJO,consulta externa,repetidas en personas de 15 a 59 anos,2006-11-01,98,147,98,147,245
BETANZOS,consulta externa,repetidas en personas de 15 a 59 anos,2006-11-01,32,51,32,51,83
BOLIVAR,consulta externa,repetidas en personas de 15 a 59 anos,2006-11-01,0,2,0,2,2
BOLPEBRA,consulta externa,repetidas en personas de 15 a 59 anos,2006-11-01,1,1,1,1,2
BOYUIBE,consulta externa,repetidas en personas de 15 a 59 anos,2006-11-01,5,12,5,12,17
BUENA VISTA,consulta externa,repetidas en personas de 15 a 59 anos,2006-11-01,38,68,38,68,106
CABEZAS,consulta externa,repetidas en personas de 15 a 59 anos,2006-11-01,79,137,79,137,216
CAIROMA,consulta externa,repetidas en personas de 15 a 59 anos,2006-11-01,96,67,96,67,163
"CAIZA ""D""",consulta externa,repetidas en personas de 15 a 59 anos,2006-11-01,4,12,4,12,16
CAJUATA,consulta externa,repetidas en personas de 15 a 59 anos,2006-11-01,4,5,4,5,9
CALACOTO,consulta externa,repetidas en personas de 15 a 59 anos,2006-11-01,1,3,1,3,4
CALAMARCA,consulta externa,repetidas en personas de 15 a 59 anos,2006-11-01,5,10,5,10,15
CAMARGO,consulta externa,repetidas en personas de 15 a 59 anos,2006-11-01,9,82,9,82,91
CAMATAQUI (C. VILLA ABECIA),consulta externa,repetidas en personas de 15 a 59 anos,2006-11-01,2,26,2,26,28
CAMIRI,consulta externa,repetidas en personas de 15 a 59 anos,2006-11-01,103,324,103,324,427
CAPINOTA,consulta externa,repetidas en personas de 15 a 59 anos,2006-11-01,55,82,55,82,137
CAQUIAVIRI,consulta externa,repetidas en personas de 15 a 59 anos,2006-11-01,9,5,9,5,14
CARACOLLO,consulta externa,repetidas en personas de 15 a 59 anos,2006-11-01,4,16,4,16,20
CARANAVI,consulta externa,repetidas en personas de 15 a 59 anos,2006-11-01,15,34,15,34,49
CARAPARI,consulta externa,repetidas en personas de 15 a 59 anos,2006-11-01,4,6,4,6,10
CARIPUYO,consulta externa,repetidas en personas de 15 a 59 anos,2006-11-01,0,1,0,1,1
CARMEN RIVERO TORREZ,consulta externa,repetidas en personas de 15 a 59 anos,2006-11-01,0,1,0,1,1
CHALLAPATA,consulta externa,repetidas en personas de 15 a 59 anos,2006-11-01,4,32,4,32,36
CHAQUI,consulta externa,repetidas en personas de 15 a 59 anos,2006-11-01,3,4,3,4,7
CHARAGUA,consulta externa,repetidas en personas de 15 a 59 anos,2006-11-01,9,45,9,45,54
CHARAÑA,consulta externa,repetidas en personas de 15 a 59 anos,2006-11-01,1,3,1,3,4
CHAYANTA,consulta externa,repetidas en personas de 15 a 59 anos,2006-11-01,9,14,9,14,23
CHIMORE,consulta externa,repetidas en personas de 15 a 59 anos,2006-11-01,10,13,10,13,23
CHIPAYA,consulta externa,repetidas en personas de 15 a 59 anos,2006-11-01,1,1,1,1,2
CHOQUE COTA,consulta externa,repetidas en personas de 15 a 59 anos,2006-11-01,6,8,6,8,14
CHULUMANI (V. DE LA LIBERTAD),consulta externa,repetidas en personas de 15 a 59 anos,2006-11-01,62,46,62,46,108
CHUMA,consulta externa,repetidas en personas de 15 a 59 anos,2006-11-01,4,5,4,5,9
CLIZA,consulta externa,repetidas en personas de 15 a 59 anos,2006-11-01,21,15,21,15,36
COBIJA,consulta externa,repetidas en personas de 15 a 59 anos,2006-11-01,15,349,15,349,364
COCHABAMBA,consulta externa,repetidas en personas de 15 a 59 anos,2006-11-01,9276,20349,9276,20349,29625
COIPASA,consulta externa,repetidas en personas de 15 a 59 anos,2006-11-01,1,1,1,1,2
COLCAPIRHUA,consulta externa,repetidas en personas de 15 a 59 anos,2006-11-01,123,389,123,389,512
"COLCHA ""K""",consulta externa,repetidas en personas de 15 a 59 anos,2006-11-01,16,10,16,10,26
COLLANA,consulta externa,repetidas en personas de 15 a 59 anos,2006-11-01,7,2,7,2,9
COLOMI,consulta externa,repetidas en personas de 15 a 59 anos,2006-11-01,6,23,6,23,29
COLPA BELGICA,consulta externa,repetidas en personas de 15 a 59 anos,2006-11-01,37,53,37,53,90
COLQUECHACA,consulta externa,repetidas en personas de 15 a 59 anos,2006-11-01,3,7,3,7,10
COLQUENCHA,consulta externa,repetidas en personas de 15 a 59 anos,2006-11-01,8,14,8,14,22
COLQUIRI,consulta externa,repetidas en personas de 15 a 59 anos,2006-11-01,44,74,44,74,118
COMARAPA,consulta externa,repetidas en personas de 15 a 59 anos,2006-11-01,27,39,27,39,66
COMBAYA,consulta externa,repetidas en personas de 15 a 59 anos,2006-11-01,0,1,0,1,1
CONCEPCION,consulta externa,repetidas en personas de 15 a 59 anos,2006-11-01,2,2,2,2,4
COPACABANA,consulta externa,repetidas en personas de 15 a 59 anos,2006-11-01,1,1,1,1,2
CORIPATA,consulta externa,repetidas en personas de 15 a 59 anos,2006-11-01,0,6,0,6,6
CORO CORO,consulta externa,repetidas en personas de 15 a 59 anos,2006-11-01,7,5,7,5,12
COROICO,consulta externa,repetidas en personas de 15 a 59 anos,2006-11-01,94,195,94,195,289
CORQUE,consulta externa,repetidas en personas de 15 a 59 anos,2006-11-01,17,20,17,20,37
COTAGAITA,consulta externa,repetidas en personas de 15 a 59 anos,2006-11-01,25,51,25,51,76
COTOCA,consulta externa,repetidas en personas de 15 a 59 anos,2006-11-01,25,32,25,32,57
CUATRO CAÑADAS,consulta externa,repetidas en personas de 15 a 59 anos,2006-11-01,26,106,26,106,132
CUCHUMUELA (V. G. VILLARROEL),consulta externa,repetidas en personas de 15 a 59 anos,2006-11-01,2,6,2,6,8
CUEVO,consulta externa,repetidas en personas de 15 a 59 anos,2006-11-01,6,11,6,11,17
CULPINA,consulta externa,repetidas en personas de 15 a 59 anos,2006-11-01,8,9,8,9,17
CURAHUARA DE CARANGAS,consulta externa,repetidas en personas de 15 a 59 anos,2006-11-01,3,6,3,6,9
CURVA,consulta externa,repetidas en personas de 15 a 59 anos,2006-11-01,0,2,0,2,2
DESAGUADERO,consulta externa,repetidas en personas de 15 a 59 anos,2006-11-01,4,2,4,2,6
EL ALTO,consulta externa,repetidas en personas de 15 a 59 anos,2006-11-01,2708,5340,2708,5340,8048
EL CHORO,consulta externa,repetidas en personas de 15 a 59 anos,2006-11-01,1,2,1,2,3
EL PUENTE(STC),consulta externa,repetidas en personas de 15 a 59 anos,2006-11-01,1,4,1,4,5
EL PUENTE(TJA),consulta externa,repetidas en personas de 15 a 59 anos,2006-11-01,9,8,9,8,17
EL TORNO,consulta externa,repetidas en personas de 15 a 59 anos,2006-11-01,117,215,117,215,332
EL VILLAR,consulta externa,repetidas en personas de 15 a 59 anos,2006-11-01,1,7,1,7,8
ENTRE RIOS,consulta externa,repetidas en personas de 15 a 59 anos,2006-11-01,22,33,22,33,55
ENTRE RIOS,consulta externa,repetidas en personas de 15 a 59 anos,2006-11-01,14,27,14,27,41
EUCALIPTUS,consulta externa,repetidas en personas de 15 a 59 anos,2006-11-01,7,5,7,5,12
EUREKA (SANTOS MERCADO),consulta externa,repetidas en personas de 15 a 59 anos,2006-11-01,1,1,1,1,2
EXALTACION,consulta externa,repetidas en personas de 15 a 59 anos,2006-11-01,0,1,0,1,1
FERNANDEZ ALONSO,consulta externa,repetidas en personas de 15 a 59 anos,2006-11-01,3,421,3,421,424
FILADELFIA,consulta externa,repetidas en personas de 15 a 59 anos,2006-11-01,9,0,9,0,9
GENERAL SAAVEDRA,consulta externa,repetidas en personas de 15 a 59 anos,2006-11-01,16,19,16,19,35
GRAL. J.J. PEREZ (CHARAZANI),consulta externa,repetidas en personas de 15 a 59 anos,2006-11-01,10,15,10,15,25
GUANAY,consulta externa,repetidas en personas de 15 a 59 anos,2006-11-01,8,9,8,9,17
GUAQUI,consulta externa,repetidas en personas de 15 a 59 anos,2006-11-01,3,5,3,5,8
GUAYARAMERIN,consulta externa,repetidas en personas de 15 a 59 anos,2006-11-01,147,294,147,294,441
GUTIERREZ,consulta externa,repetidas en personas de 15 a 59 anos,2006-11-01,12,21,12,21,33
HUACARETA,consulta externa,repetidas en personas de 15 a 59 anos,2006-11-01,22,71,22,71,93
HUACAYA (VILLA DE HUACAYA),consulta externa,repetidas en personas de 15 a 59 anos,2006-11-01,1,1,1,1,2
HUACHACALLA,consulta externa,repetidas en personas de 15 a 59 anos,2006-11-01,3,10,3,10,13
HUANUNI,consulta externa,repetidas en personas de 15 a 59 anos,2006-11-01,253,247,253,247,500
HUARACAJE,consulta externa,repetidas en personas de 15 a 59 anos,2006-11-01,6,10,6,10,16
HUAYLLAMARCA,consulta externa,repetidas en personas de 15 a 59 anos,2006-11-01,0,3,0,3,3
ICHOCA,consulta externa,repetidas en personas de 15 a 59 anos,2006-11-01,0,3,0,3,3
ICLA,consulta externa,repetidas en personas de 15 a 59 anos,2006-11-01,0,3,0,3,3
INCAHUASI,consulta externa,repetidas en personas de 15 a 59 anos,2006-11-01,9,11,9,11,20
INGAVI (HUMAITA),consulta externa,repetidas en personas de 15 a 59 anos,2006-11-01,5,7,5,7,12
INQUISIVI,consulta externa,repetidas en personas de 15 a 59 anos,2006-11-01,11,3,11,3,14
IRUPANA (VILLA DE LANZA),consulta externa,repetidas en personas de 15 a 59 anos,2006-11-01,19,21,19,21,40
IXIAMAS,consulta externa,repetidas en personas de 15 a 59 anos,2006-11-01,18,35,18,35,53
JESUS DE MACHACA,consulta externa,repetidas en personas de 15 a 59 anos,2006-11-01,5,11,5,11,16
LA ASUNTA,consulta externa,repetidas en personas de 15 a 59 anos,2006-11-01,7,5,7,5,12
LA GUARDIA,consulta externa,repetidas en personas de 15 a 59 anos,2006-11-01,12,106,12,106,118
LA PAZ,consulta externa,repetidas en personas de 15 a 59 anos,2006-11-01,14960,33925,14960,33925,48885
LAGUNILLAS,consulta externa,repetidas en personas de 15 a 59 anos,2006-11-01,10,15,10,15,25
LAJA,consulta externa,repetidas en personas de 15 a 59 anos,2006-11-01,6,10,6,10,16
LAS CARRERAS,consulta externa,repetidas en personas de 15 a 59 anos,2006-11-01,8,17,8,17,25
LLALLAGUA,consulta externa,repetidas en personas de 15 a 59 anos,2006-11-01,97,148,97,148,245
LLICA,consulta externa,repetidas en personas de 15 a 59 anos,2006-11-01,4,8,4,8,12
LORETO,consulta externa,repetidas en personas de 15 a 59 anos,2006-11-01,1,10,1,10,11
LURIBAY,consulta externa,repetidas en personas de 15 a 59 anos,2006-11-01,12,22,12,22,34
MACHACAMARCA,consulta externa,repetidas en personas de 15 a 59 anos,2006-11-01,6,11,6,11,17
MACHARETI,consulta externa,repetidas en personas de 15 a 59 anos,2006-11-01,12,14,12,14,26
MAGDALENA,consulta externa,repetidas en personas de 15 a 59 anos,2006-11-01,19,110,19,110,129
MAIRANA,consulta externa,repetidas en personas de 15 a 59 anos,2006-11-01,2,5,2,5,7
MALLA,consulta externa,repetidas en personas de 15 a 59 anos,2006-11-01,4,1,4,1,5
MAPIRI,consulta externa,repetidas en personas de 15 a 59 anos,2006-11-01,7,5,7,5,12
MECAPACA,consulta externa,repetidas en personas de 15 a 59 anos,2006-11-01,39,37,39,37,76
MINEROS,consulta externa,repetidas en personas de 15 a 59 anos,2006-11-01,10,52,10,52,62
MIZQUE,consulta externa,repetidas en personas de 15 a 59 anos,2006-11-01,4,15,4,15,19
MOCOMOCO,consulta externa,repetidas en personas de 15 a 59 anos,2006-11-01,10,12,10,12,22
MOJINETE,consulta externa,repetidas en personas de 15 a 59 anos,2006-11-01,2,6,2,6,8
MOJOCOYA,consulta externa,repetidas en personas de 15 a 59 anos,2006-11-01,9,9,9,9,18
MONTEAGUDO,consulta externa,repetidas en personas de 15 a 59 anos,2006-11-01,155,384,155,384,539
MONTERO,consulta externa,repetidas en personas de 15 a 59 anos,2006-11-01,742,1653,742,1653,2395
MORO MORO,consulta externa,repetidas en personas de 15 a 59 anos,2006-11-01,2,5,2,5,7
MOROCHATA,consulta externa,repetidas en personas de 15 a 59 anos,2006-11-01,39,75,39,75,114
NACEBE (SANTA ROSA DEL ABUNA),consulta externa,repetidas en personas de 15 a 59 anos,2006-11-01,1,0,1,0,1
OCURI,consulta externa,repetidas en personas de 15 a 59 anos,2006-11-01,2,12,2,12,14
OKINAWA,consulta externa,repetidas en personas de 15 a 59 anos,2006-11-01,43,106,43,106,149
OMEREQUE,consulta externa,repetidas en personas de 15 a 59 anos,2006-11-01,1,1,1,1,2
ORURO,consulta externa,repetidas en personas de 15 a 59 anos,2006-11-01,2108,4926,2108,4926,7034
PADCAYA,consulta externa,repetidas en personas de 15 a 59 anos,2006-11-01,45,78,45,78,123
PADILLA,consulta externa,repetidas en personas de 15 a 59 anos,2006-11-01,9,102,9,102,111
PAILON,consulta externa,repetidas en personas de 15 a 59 anos,2006-11-01,1,5,1,5,6
PALCA,consulta externa,repetidas en personas de 15 a 59 anos,2006-11-01,4,10,4,10,14
PALOS BLANCOS,consulta externa,repetidas en personas de 15 a 59 anos,2006-11-01,36,45,36,45,81
PAMPA AULLAGAS,consulta externa,repetidas en personas de 15 a 59 anos,2006-11-01,0,1,0,1,1
PAMPA GRANDE,consulta externa,repetidas en personas de 15 a 59 anos,2006-11-01,0,4,0,4,4
PAPEL PAMPA,consulta externa,repetidas en personas de 15 a 59 anos,2006-11-01,1,9,1,9,10
PATACAMAYA,consulta externa,repetidas en personas de 15 a 59 anos,2006-11-01,1,3,1,3,4
PAZÑA,consulta externa,repetidas en personas de 15 a 59 anos,2006-11-01,6,12,6,12,18
PELECHUCO,consulta externa,repetidas en personas de 15 a 59 anos,2006-11-01,1,6,1,6,7
POCOATA,consulta externa,repetidas en personas de 15 a 59 anos,2006-11-01,3,7,3,7,10
POCONA,consulta externa,repetidas en personas de 15 a 59 anos,2006-11-01,2,4,2,4,6
POJO (CBBA),consulta externa,repetidas en personas de 15 a 59 anos,2006-11-01,1,5,1,5,6
POOPO,consulta externa,repetidas en personas de 15 a 59 anos,2006-11-01,4,7,4,7,11
PORCO,consulta externa,repetidas en personas de 15 a 59 anos,2006-11-01,4,4,4,4,8
POROMA,consulta externa,repetidas en personas de 15 a 59 anos,2006-11-01,5,6,5,6,11
PORONGO,consulta externa,repetidas en personas de 15 a 59 anos,2006-11-01,4,9,4,9,13
PORTACHUELO,consulta externa,repetidas en personas de 15 a 59 anos,2006-11-01,13,29,13,29,42
PORVENIR,consulta externa,repetidas en personas de 15 a 59 anos,2006-11-01,7,7,7,7,14
POSTRER VALLE,consulta externa,repetidas en personas de 15 a 59 anos,2006-11-01,1,5,1,5,6
POTOSI,consulta externa,repetidas en personas de 15 a 59 anos,2006-11-01,5235,3691,5235,3691,8926
PRESTO,consulta externa,repetidas en personas de 15 a 59 anos,2006-11-01,0,2,0,2,2
PUCARA,consulta externa,repetidas en personas de 15 a 59 anos,2006-11-01,1,1,1,1,2
PUCARANI,consulta externa,repetidas en personas de 15 a 59 anos,2006-11-01,14,17,14,17,31
PUERTO ACOSTA,consulta externa,repetidas en personas de 15 a 59 anos,2006-11-01,26,38,26,38,64
PUERTO CARABUCO,consulta externa,repetidas en personas de 15 a 59 anos,2006-11-01,15,12,15,12,27
PUERTO GONZALO MORENO,consulta externa,repetidas en personas de 15 a 59 anos,2006-11-01,20,20,20,20,40
PUERTO PEREZ,consulta externa,repetidas en personas de 15 a 59 anos,2006-11-01,4,4,4,4,8
PUERTO QUIJARRO,consulta externa,repetidas en personas de 15 a 59 anos,2006-11-01,21,54,21,54,75
PUERTO RICO,consulta externa,repetidas en personas de 15 a 59 anos,2006-11-01,8,9,8,9,17
PUERTO SUAREZ,consulta externa,repetidas en personas de 15 a 59 anos,2006-11-01,25,62,25,62,87
PUERTO VILLARROEL,consulta externa,repetidas en personas de 15 a 59 anos,2006-11-01,51,114,51,114,165
PUNA,consulta externa,repetidas en personas de 15 a 59 anos,2006-11-01,7,25,7,25,32
PUNATA,consulta externa,repetidas en personas de 15 a 59 anos,2006-11-01,113,267,113,267,380
QUIABAYA,consulta externa,repetidas en personas de 15 a 59 anos,2006-11-01,2,13,2,13,15
QUILLACOLLO,consulta externa,repetidas en personas de 15 a 59 anos,2006-11-01,49,207,49,207,256
QUIME,consulta externa,repetidas en personas de 15 a 59 anos,2006-11-01,20,2,20,2,22
QUIRUSILLAS,consulta externa,repetidas en personas de 15 a 59 anos,2006-11-01,0,1,0,1,1
RAVELO,consulta externa,repetidas en personas de 15 a 59 anos,2006-11-01,0,2,0,2,2
REYES,consulta externa,repetidas en personas de 15 a 59 anos,2006-11-01,12,47,12,47,59
RIBERALTA,consulta externa,repetidas en personas de 15 a 59 anos,2006-11-01,46,487,46,487,533
ROBORE,consulta externa,repetidas en personas de 15 a 59 anos,2006-11-01,41,128,41,128,169
RURRENABAQUE,consulta externa,repetidas en personas de 15 a 59 anos,2006-11-01,54,146,54,146,200
SABAYA,consulta externa,repetidas en personas de 15 a 59 anos,2006-11-01,4,1,4,1,5
SACABA,consulta externa,repetidas en personas de 15 a 59 anos,2006-11-01,132,449,132,449,581
SACABAMBA,consulta externa,repetidas en personas de 15 a 59 anos,2006-11-01,3,1,3,1,4
SACACA,consulta externa,repetidas en personas de 15 a 59 anos,2006-11-01,1,1,1,1,2
SAIPINA,consulta externa,repetidas en personas de 15 a 59 anos,2006-11-01,5,26,5,26,31
SALINAS DE GARCI MENDOZA,consulta externa,repetidas en personas de 15 a 59 anos,2006-11-01,9,5,9,5,14
SAMAIPATA,consulta externa,repetidas en personas de 15 a 59 anos,2006-11-01,1,2,1,2,3
SAN AGUSTIN,consulta externa,repetidas en personas de 15 a 59 anos,2006-11-01,5,3,5,3,8
SAN ANDRES,consulta externa,repetidas en personas de 15 a 59 anos,2006-11-01,2,11,2,11,13
SAN ANDRES DE MACHACA,consulta externa,repetidas en personas de 15 a 59 anos,2006-11-01,2,1,2,1,3
SAN ANTONIO DE ESMORUCO,consulta externa,repetidas en personas de 15 a 59 anos,2006-11-01,6,1,6,1,7
SAN ANTONIO DE LOMERIO,consulta externa,repetidas en personas de 15 a 59 anos,2006-11-01,0,5,0,5,5
SAN BENITO,consulta externa,repetidas en personas de 15 a 59 anos,2006-11-01,30,63,30,63,93
SAN BORJA,consulta externa,repetidas en personas de 15 a 59 anos,2006-11-01,18,119,18,119,137
SAN BUENA VENTURA,consulta externa,repetidas en personas de 15 a 59 anos,2006-11-01,27,98,27,98,125
SAN CARLOS,consulta externa,repetidas en personas de 15 a 59 anos,2006-11-01,14,65,14,65,79
SAN IGNACIO,consulta externa,repetidas en personas de 15 a 59 anos,2006-11-01,27,63,27,63,90
SAN IGNACIO DE VELASCO,consulta externa,repetidas en personas de 15 a 59 anos,2006-11-01,43,131,43,131,174
SAN JAVIER(BNI),consulta externa,repetidas en personas de 15 a 59 anos,2006-11-01,1,7,1,7,8
SAN JAVIER(STC),consulta externa,repetidas en personas de 15 a 59 anos,2006-11-01,17,100,17,100,117
SAN JOAQUIN,consulta externa,repetidas en personas de 15 a 59 anos,2006-11-01,3,13,3,13,16
SAN JOSE DE CHIQUITOS,consulta externa,repetidas en personas de 15 a 59 anos,2006-11-01,7,7,7,7,14
SAN JUAN DE YAPACANI,consulta externa,repetidas en personas de 15 a 59 anos,2006-11-01,132,103,132,103,235
SAN JULIAN,consulta externa,repetidas en personas de 15 a 59 anos,2006-11-01,44,177,44,177,221
SAN LORENZO(PND),consulta externa,repetidas en personas de 15 a 59 anos,2006-11-01,3,2,3,2,5
SAN LORENZO(TJA),consulta externa,repetidas en personas de 15 a 59 anos,2006-11-01,51,142,51,142,193
SAN LUCAS,consulta externa,repetidas en personas de 15 a 59 anos,2006-11-01,51,44,51,44,95
SAN MATIAS,consulta externa,repetidas en personas de 15 a 59 anos,2006-11-01,7,19,7,19,26
SAN MIGUEL DE VELASCO,consulta externa,repetidas en personas de 15 a 59 anos,2006-11-01,15,61,15,61,76
SAN PABLO DE LIPEZ,consulta externa,repetidas en personas de 15 a 59 anos,2006-11-01,3,12,3,12,15
SAN PEDRO,consulta externa,repetidas en personas de 15 a 59 anos,2006-11-01,33,40,33,40,73
SAN PEDRO DE BUENA VISTA,consulta externa,repetidas en personas de 15 a 59 anos,2006-11-01,7,1,7,1,8
SAN PEDRO DE CURAHUARA,consulta externa,repetidas en personas de 15 a 59 anos,2006-11-01,3,1,3,1,4
SAN PEDRO DE QUEMES,consulta externa,repetidas en personas de 15 a 59 anos,2006-11-01,1,0,1,0,1
SAN PEDRO DE TIQUINA,consulta externa,repetidas en personas de 15 a 59 anos,2006-11-01,1,3,1,3,4
SAN RAFAEL,consulta externa,repetidas en personas de 15 a 59 anos,2006-11-01,7,7,7,7,14
SAN RAMON,consulta externa,repetidas en personas de 15 a 59 anos,2006-11-01,7,20,7,20,27
SAN RAMON,consulta externa,repetidas en personas de 15 a 59 anos,2006-11-01,13,140,13,140,153
SANTA ANA,consulta externa,repetidas en personas de 15 a 59 anos,2006-11-01,29,103,29,103,132
SANTA CRUZ DE LA SIERRA,consulta externa,repetidas en personas de 15 a 59 anos,2006-11-01,6786,14357,6786,14357,21143
SANTA ROSA,consulta externa,repetidas en personas de 15 a 59 anos,2006-11-01,0,5,0,5,5
SANTA ROSA DEL SARA,consulta externa,repetidas en personas de 15 a 59 anos,2006-11-01,37,140,37,140,177
SANTIAGO DE CALLAPA,consulta externa,repetidas en personas de 15 a 59 anos,2006-11-01,0,1,0,1,1
SANTIAGO DE HUARI,consulta externa,repetidas en personas de 15 a 59 anos,2006-11-01,25,17,25,17,42
SANTIAGO DE MACHACA,consulta externa,repetidas en personas de 15 a 59 anos,2006-11-01,1,1,1,1,2
SANTIVAÑES,consulta externa,repetidas en personas de 15 a 59 anos,2006-11-01,3,3,3,3,6
SANTUARIO DE QUILLACAS,consulta externa,repetidas en personas de 15 a 59 anos,2006-11-01,1,4,1,4,5
SAPAHAQUI,consulta externa,repetidas en personas de 15 a 59 anos,2006-11-01,3,0,3,0,3
SENA,consulta externa,repetidas en personas de 15 a 59 anos,2006-11-01,1,2,1,2,3
SICA SICA (VILLA AROMA),consulta externa,repetidas en personas de 15 a 59 anos,2006-11-01,1,2,1,2,3
SICAYA,consulta externa,repetidas en personas de 15 a 59 anos,2006-11-01,0,2,0,2,2
SIPE SIPE,consulta externa,repetidas en personas de 15 a 59 anos,2006-11-01,34,184,34,184,218
SOPACHUY,consulta externa,repetidas en personas de 15 a 59 anos,2006-11-01,2,16,2,16,18
SORACACHI,consulta externa,repetidas en personas de 15 a 59 anos,2006-11-01,1,8,1,8,9
SORATA,consulta externa,repetidas en personas de 15 a 59 anos,2006-11-01,4,6,4,6,10
SUCRE,consulta externa,repetidas en personas de 15 a 59 anos,2006-11-01,3002,7318,3002,7318,10320
TACACHI,consulta externa,repetidas en personas de 15 a 59 anos,2006-11-01,1,9,1,9,10
TACACOMA,consulta externa,repetidas en personas de 15 a 59 anos,2006-11-01,3,3,3,3,6
TACOBAMBA,consulta externa,repetidas en personas de 15 a 59 anos,2006-11-01,2,2,2,2,4
TACOPAYA,consulta externa,repetidas en personas de 15 a 59 anos,2006-11-01,1,1,1,1,2
TAHUA,consulta externa,repetidas en personas de 15 a 59 anos,2006-11-01,3,5,3,5,8
TAPACARI,consulta externa,repetidas en personas de 15 a 59 anos,2006-11-01,2,14,2,14,16
TARABUCO,consulta externa,repetidas en personas de 15 a 59 anos,2006-11-01,33,51,33,51,84
TARACO,consulta externa,repetidas en personas de 15 a 59 anos,2006-11-01,1,2,1,2,3
TARATA,consulta externa,repetidas en personas de 15 a 59 anos,2006-11-01,2,8,2,8,10
TARIJA,consulta externa,repetidas en personas de 15 a 59 anos,2006-11-01,1028,3481,1028,3481,4509
TARVITA,consulta externa,repetidas en personas de 15 a 59 anos,2006-11-01,18,58,18,58,76
TEOPONTE,consulta externa,repetidas en personas de 15 a 59 anos,2006-11-01,10,21,10,21,31
TIAWANACU,consulta externa,repetidas en personas de 15 a 59 anos,2006-11-01,4,13,4,13,17
TINGUIPAYA,consulta externa,repetidas en personas de 15 a 59 anos,2006-11-01,3,14,3,14,17
TIPUANI,consulta externa,repetidas en personas de 15 a 59 anos,2006-11-01,0,2,0,2,2
TIQUIPAYA,consulta externa,repetidas en personas de 15 a 59 anos,2006-11-01,215,155,215,155,370
TIRAQUE (CBBA),consulta externa,repetidas en personas de 15 a 59 anos,2006-11-01,50,204,50,204,254
TITO YUPANQUI (PARQUIPUJIO),consulta externa,repetidas en personas de 15 a 59 anos,2006-11-01,0,1,0,1,1
TOCO,consulta externa,repetidas en personas de 15 a 59 anos,2006-11-01,3,1,3,1,4
TOLATA,consulta externa,repetidas en personas de 15 a 59 anos,2006-11-01,2,29,2,29,31
TOLEDO,consulta externa,repetidas en personas de 15 a 59 anos,2006-11-01,12,14,12,14,26
TOMAVE,consulta externa,repetidas en personas de 15 a 59 anos,2006-11-01,15,9,15,9,24
TOMINA,consulta externa,repetidas en personas de 15 a 59 anos,2006-11-01,8,6,8,6,14
TORO TORO,consulta externa,repetidas en personas de 15 a 59 anos,2006-11-01,7,18,7,18,25
TOTORA(CBBA),consulta externa,repetidas en personas de 15 a 59 anos,2006-11-01,10,8,10,8,18
TOTORA(ORR),consulta externa,repetidas en personas de 15 a 59 anos,2006-11-01,5,2,5,2,7
TRIGAL,consulta externa,repetidas en personas de 15 a 59 anos,2006-11-01,1,1,1,1,2
TRINIDAD,consulta externa,repetidas en personas de 15 a 59 anos,2006-11-01,345,772,345,772,1117
TUPIZA,consulta externa,repetidas en personas de 15 a 59 anos,2006-11-01,156,265,156,265,421
TURCO,consulta externa,repetidas en personas de 15 a 59 anos,2006-11-01,1,0,1,0,1
UNCIA,consulta externa,repetidas en personas de 15 a 59 anos,2006-11-01,14,11,14,11,25
URIONDO (A. CONCEPCION),consulta externa,repetidas en personas de 15 a 59 anos,2006-11-01,38,65,38,65,103
URUBICHA,consulta externa,repetidas en personas de 15 a 59 anos,2006-11-01,0,39,0,39,39
UYUNI,consulta externa,repetidas en personas de 15 a 59 anos,2006-11-01,264,124,264,124,388
VACAS,consulta externa,repetidas en personas de 15 a 59 anos,2006-11-01,24,19,24,19,43
VALLEGRANDE,consulta externa,repetidas en personas de 15 a 59 anos,2006-11-01,60,117,60,117,177
VIACHA,consulta externa,repetidas en personas de 15 a 59 anos,2006-11-01,132,236,132,236,368
VILA VILA,consulta externa,repetidas en personas de 15 a 59 anos,2006-11-01,0,2,0,2,2
VILLA MONTES,consulta externa,repetidas en personas de 15 a 59 anos,2006-11-01,108,225,108,225,333
VILLA NUEVA (LOMA ALTA),consulta externa,repetidas en personas de 15 a 59 anos,2006-11-01,1,7,1,7,8
VILLA RIVERO,consulta externa,repetidas en personas de 15 a 59 anos,2006-11-01,21,44,21,44,65
VILLA SERRANO,consulta externa,repetidas en personas de 15 a 59 anos,2006-11-01,3,8,3,8,11
VILLA TUNARI,consulta externa,repetidas en personas de 15 a 59 anos,2006-11-01,40,63,40,63,103
VILLA VACA GUZMAN (MUYUPAMPA),consulta externa,repetidas en personas de 15 a 59 anos,2006-11-01,20,73,20,73,93
VILLAZON,consulta externa,repetidas en personas de 15 a 59 anos,2006-11-01,75,208,75,208,283
VINTO,consulta externa,repetidas en personas de 15 a 59 anos,2006-11-01,1,4,1,4,5
VITICHI,consulta externa,repetidas en personas de 15 a 59 anos,2006-11-01,17,21,17,21,38
WALDO BALLIVIAN,consulta externa,repetidas en personas de 15 a 59 anos,2006-11-01,1,5,1,5,6
WARNES,consulta externa,repetidas en personas de 15 a 59 anos,2006-11-01,5,158,5,158,163
YACO,consulta externa,repetidas en personas de 15 a 59 anos,2006-11-01,5,6,5,6,11
YACUIBA,consulta externa,repetidas en personas de 15 a 59 anos,2006-11-01,432,1257,432,1257,1689
YAMPARAEZ,consulta externa,repetidas en personas de 15 a 59 anos,2006-11-01,24,11,24,11,35
YANACACHI,consulta externa,repetidas en personas de 15 a 59 anos,2006-11-01,7,14,7,14,21
YAPACANI,consulta externa,repetidas en personas de 15 a 59 anos,2006-11-01,10,292,10,292,302
YOCALLA,consulta externa,repetidas en personas de 15 a 59 anos,2006-11-01,0,5,0,5,5
YOTALA,consulta externa,repetidas en personas de 15 a 59 anos,2006-11-01,21,54,21,54,75
YUNCHARA,consulta externa,repetidas en personas de 15 a 59 anos,2006-11-01,4,6,4,6,10
ZUDAÑEZ,consulta externa,repetidas en personas de 15 a 59 anos,2006-11-01,9,3,9,3,12
ACACIO,consulta externa,repetidas en personas de 15 a 59 anos,2006-12-01,2,10,2,10,12
ACHACACHI,consulta externa,repetidas en personas de 15 a 59 anos,2006-12-01,33,16,33,16,49
ACHOCALLA,consulta externa,repetidas en personas de 15 a 59 anos,2006-12-01,1,3,1,3,4
AIQUILE,consulta externa,repetidas en personas de 15 a 59 anos,2006-12-01,53,345,53,345,398
ALCALA,consulta externa,repetidas en personas de 15 a 59 anos,2006-12-01,3,0,3,0,3
ANCORAIMES,consulta externa,repetidas en personas de 15 a 59 anos,2006-12-01,8,7,8,7,15
ANDAMARCA,consulta externa,repetidas en personas de 15 a 59 anos,2006-12-01,3,3,3,3,6
ANZALDO,consulta externa,repetidas en personas de 15 a 59 anos,2006-12-01,0,7,0,7,7
APOLO,consulta externa,repetidas en personas de 15 a 59 anos,2006-12-01,10,6,10,6,16
ARAMPAMPA,consulta externa,repetidas en personas de 15 a 59 anos,2006-12-01,0,3,0,3,3
ARANI,consulta externa,repetidas en personas de 15 a 59 anos,2006-12-01,1,5,1,5,6
ARBIETO,consulta externa,repetidas en personas de 15 a 59 anos,2006-12-01,2,19,2,19,21
ARQUE,consulta externa,repetidas en personas de 15 a 59 anos,2006-12-01,2,2,2,2,4
ASCENCION DE GUARAYOS,consulta externa,repetidas en personas de 15 a 59 anos,2006-12-01,1,8,1,8,9
ATOCHA,consulta externa,repetidas en personas de 15 a 59 anos,2006-12-01,241,245,241,245,486
AUCAPATA,consulta externa,repetidas en personas de 15 a 59 anos,2006-12-01,12,10,12,10,22
AYATA,consulta externa,repetidas en personas de 15 a 59 anos,2006-12-01,1,5,1,5,6
AYOPAYA (V. DE INDEPENDENCIA),consulta externa,repetidas en personas de 15 a 59 anos,2006-12-01,4,16,4,16,20
BATALLAS,consulta externa,repetidas en personas de 15 a 59 anos,2006-12-01,6,13,6,13,19
BAURES,consulta externa,repetidas en personas de 15 a 59 anos,2006-12-01,12,10,12,10,22
BELEN DE ANDAMARCA,consulta externa,repetidas en personas de 15 a 59 anos,2006-12-01,2,0,2,0,2
BELEN DE URMIRI,consulta externa,repetidas en personas de 15 a 59 anos,2006-12-01,2,3,2,3,5
BERMEJO,consulta externa,repetidas en personas de 15 a 59 anos,2006-12-01,144,126,144,126,270
BETANZOS,consulta externa,repetidas en personas de 15 a 59 anos,2006-12-01,74,81,74,81,155
BOLIVAR,consulta externa,repetidas en personas de 15 a 59 anos,2006-12-01,1,3,1,3,4
BOLPEBRA,consulta externa,repetidas en personas de 15 a 59 anos,2006-12-01,0,2,0,2,2
BOYUIBE,consulta externa,repetidas en personas de 15 a 59 anos,2006-12-01,19,43,19,43,62
BUENA VISTA,consulta externa,repetidas en personas de 15 a 59 anos,2006-12-01,26,59,26,59,85
CABEZAS,consulta externa,repetidas en personas de 15 a 59 anos,2006-12-01,4,32,4,32,36
CAIROMA,consulta externa,repetidas en personas de 15 a 59 anos,2006-12-01,39,23,39,23,62
"CAIZA ""D""",consulta externa,repetidas en personas de 15 a 59 anos,2006-12-01,5,7,5,7,12
CAJUATA,consulta externa,repetidas en personas de 15 a 59 anos,2006-12-01,7,12,7,12,19
CALACOTO,consulta externa,repetidas en personas de 15 a 59 anos,2006-12-01,0,3,0,3,3
CALAMARCA,consulta externa,repetidas en personas de 15 a 59 anos,2006-12-01,0,9,0,9,9
CAMARGO,consulta externa,repetidas en personas de 15 a 59 anos,2006-12-01,17,83,17,83,100
CAMATAQUI (C. VILLA ABECIA),consulta externa,repetidas en personas de 15 a 59 anos,2006-12-01,10,36,10,36,46
CAMIRI,consulta externa,repetidas en personas de 15 a 59 anos,2006-12-01,58,177,58,177,235
CAPINOTA,consulta externa,repetidas en personas de 15 a 59 anos,2006-12-01,15,10,15,10,25
CAQUIAVIRI,consulta externa,repetidas en personas de 15 a 59 anos,2006-12-01,4,7,4,7,11
CARACOLLO,consulta externa,repetidas en personas de 15 a 59 anos,2006-12-01,4,7,4,7,11
CARANAVI,consulta externa,repetidas en personas de 15 a 59 anos,2006-12-01,17,18,17,18,35
CARAPARI,consulta externa,repetidas en personas de 15 a 59 anos,2006-12-01,1,3,1,3,4
CATACORA,consulta externa,repetidas en personas de 15 a 59 anos,2006-12-01,0,1,0,1,1
CHALLAPATA,consulta externa,repetidas en personas de 15 a 59 anos,2006-12-01,20,38,20,38,58
CHAQUI,consulta externa,repetidas en personas de 15 a 59 anos,2006-12-01,1,2,1,2,3
CHARAGUA,consulta externa,repetidas en personas de 15 a 59 anos,2006-12-01,13,42,13,42,55
CHARAÑA,consulta externa,repetidas en personas de 15 a 59 anos,2006-12-01,8,5,8,5,13
CHAYANTA,consulta externa,repetidas en personas de 15 a 59 anos,2006-12-01,7,9,7,9,16
CHIMORE,consulta externa,repetidas en personas de 15 a 59 anos,2006-12-01,2,14,2,14,16
CHIPAYA,consulta externa,repetidas en personas de 15 a 59 anos,2006-12-01,1,0,1,0,1
CHOQUE COTA,consulta externa,repetidas en personas de 15 a 59 anos,2006-12-01,2,4,2,4,6
CHULUMANI (V. DE LA LIBERTAD),consulta externa,repetidas en personas de 15 a 59 anos,2006-12-01,67,59,67,59,126
CHUMA,consulta externa,repetidas en personas de 15 a 59 anos,2006-12-01,2,2,2,2,4
CLIZA,consulta externa,repetidas en personas de 15 a 59 anos,2006-12-01,6,11,6,11,17
COBIJA,consulta externa,repetidas en personas de 15 a 59 anos,2006-12-01,24,120,24,120,144
COCHABAMBA,consulta externa,repetidas en personas de 15 a 59 anos,2006-12-01,7262,17999,7262,17999,25261
COIPASA,consulta externa,repetidas en personas de 15 a 59 anos,2006-12-01,0,1,0,1,1
COLCAPIRHUA,consulta externa,repetidas en personas de 15 a 59 anos,2006-12-01,84,276,84,276,360
"COLCHA ""K""",consulta externa,repetidas en personas de 15 a 59 anos,2006-12-01,9,12,9,12,21
COLLANA,consulta externa,repetidas en personas de 15 a 59 anos,2006-12-01,1,3,1,3,4
COLOMI,consulta externa,repetidas en personas de 15 a 59 anos,2006-12-01,4,37,4,37,41
COLPA BELGICA,consulta externa,repetidas en personas de 15 a 59 anos,2006-12-01,12,38,12,38,50
COLQUECHACA,consulta externa,repetidas en personas de 15 a 59 anos,2006-12-01,6,7,6,7,13
COLQUENCHA,consulta externa,repetidas en personas de 15 a 59 anos,2006-12-01,0,12,0,12,12
COLQUIRI,consulta externa,repetidas en personas de 15 a 59 anos,2006-12-01,50,39,50,39,89
COMANCHE,consulta externa,repetidas en personas de 15 a 59 anos,2006-12-01,2,1,2,1,3
COMARAPA,consulta externa,repetidas en personas de 15 a 59 anos,2006-12-01,13,58,13,58,71
CONCEPCION,consulta externa,repetidas en personas de 15 a 59 anos,2006-12-01,3,23,3,23,26
COPACABANA,consulta externa,repetidas en personas de 15 a 59 anos,2006-12-01,5,3,5,3,8
CORIPATA,consulta externa,repetidas en personas de 15 a 59 anos,2006-12-01,8,18,8,18,26
CORO CORO,consulta externa,repetidas en personas de 15 a 59 anos,2006-12-01,0,6,0,6,6
COROICO,consulta externa,repetidas en personas de 15 a 59 anos,2006-12-01,75,124,75,124,199
CORQUE,consulta externa,repetidas en personas de 15 a 59 anos,2006-12-01,9,20,9,20,29
COTAGAITA,consulta externa,repetidas en personas de 15 a 59 anos,2006-12-01,49,73,49,73,122
COTOCA,consulta externa,repetidas en personas de 15 a 59 anos,2006-12-01,5,22,5,22,27
CUATRO CAÑADAS,consulta externa,repetidas en personas de 15 a 59 anos,2006-12-01,24,72,24,72,96
CUCHUMUELA (V. G. VILLARROEL),consulta externa,repetidas en personas de 15 a 59 anos,2006-12-01,7,10,7,10,17
CUEVO,consulta externa,repetidas en personas de 15 a 59 anos,2006-12-01,5,4,5,4,9
CULPINA,consulta externa,repetidas en personas de 15 a 59 anos,2006-12-01,4,3,4,3,7
CURAHUARA DE CARANGAS,consulta externa,repetidas en personas de 15 a 59 anos,2006-12-01,5,10,5,10,15
CURVA,consulta externa,repetidas en personas de 15 a 59 anos,2006-12-01,0,1,0,1,1
DESAGUADERO,consulta externa,repetidas en personas de 15 a 59 anos,2006-12-01,0,1,0,1,1
EL ALTO,consulta externa,repetidas en personas de 15 a 59 anos,2006-12-01,2557,5385,2557,5385,7942
EL CHORO,consulta externa,repetidas en personas de 15 a 59 anos,2006-12-01,1,0,1,0,1
EL PUENTE(STC),consulta externa,repetidas en personas de 15 a 59 anos,2006-12-01,1,1,1,1,2
EL PUENTE(TJA),consulta externa,repetidas en personas de 15 a 59 anos,2006-12-01,7,42,7,42,49
EL TORNO,consulta externa,repetidas en personas de 15 a 59 anos,2006-12-01,137,233,137,233,370
ENTRE RIOS,consulta externa,repetidas en personas de 15 a 59 anos,2006-12-01,7,5,7,5,12
ENTRE RIOS,consulta externa,repetidas en personas de 15 a 59 anos,2006-12-01,9,31,9,31,40
ESCARA,consulta externa,repetidas en personas de 15 a 59 anos,2006-12-01,0,1,0,1,1
ESMERALDA,consulta externa,repetidas en personas de 15 a 59 anos,2006-12-01,0,2,0,2,2
EUCALIPTUS,consulta externa,repetidas en personas de 15 a 59 anos,2006-12-01,2,4,2,4,6
EUREKA (SANTOS MERCADO),consulta externa,repetidas en personas de 15 a 59 anos,2006-12-01,1,0,1,0,1
EXALTACION,consulta externa,repetidas en personas de 15 a 59 anos,2006-12-01,0,1,0,1,1
FERNANDEZ ALONSO,consulta externa,repetidas en personas de 15 a 59 anos,2006-12-01,6,386,6,386,392
FILADELFIA,consulta externa,repetidas en personas de 15 a 59 anos,2006-12-01,0,2,0,2,2
GENERAL SAAVEDRA,consulta externa,repetidas en personas de 15 a 59 anos,2006-12-01,20,27,20,27,47
GRAL. J.J. PEREZ (CHARAZANI),consulta externa,repetidas en personas de 15 a 59 anos,2006-12-01,0,1,0,1,1
GUANAY,consulta externa,repetidas en personas de 15 a 59 anos,2006-12-01,13,10,13,10,23
GUAQUI,consulta externa,repetidas en personas de 15 a 59 anos,2006-12-01,10,6,10,6,16
GUAYARAMERIN,consulta externa,repetidas en personas de 15 a 59 anos,2006-12-01,71,161,71,161,232
GUTIERREZ,consulta externa,repetidas en personas de 15 a 59 anos,2006-12-01,8,17,8,17,25
HUACARETA,consulta externa,repetidas en personas de 15 a 59 anos,2006-12-01,13,49,13,49,62
HUACHACALLA,consulta externa,repetidas en personas de 15 a 59 anos,2006-12-01,4,2,4,2,6
HUANUNI,consulta externa,repetidas en personas de 15 a 59 anos,2006-12-01,137,152,137,152,289
HUARACAJE,consulta externa,repetidas en personas de 15 a 59 anos,2006-12-01,3,6,3,6,9
HUAYLLAMARCA,consulta externa,repetidas en personas de 15 a 59 anos,2006-12-01,0,1,0,1,1
ICHOCA,consulta externa,repetidas en personas de 15 a 59 anos,2006-12-01,1,4,1,4,5
ICLA,consulta externa,repetidas en personas de 15 a 59 anos,2006-12-01,2,1,2,1,3
INCAHUASI,consulta externa,repetidas en personas de 15 a 59 anos,2006-12-01,3,1,3,1,4
INGAVI (HUMAITA),consulta externa,repetidas en personas de 15 a 59 anos,2006-12-01,7,2,7,2,9
INQUISIVI,consulta externa,repetidas en personas de 15 a 59 anos,2006-12-01,12,6,12,6,18
IRUPANA (VILLA DE LANZA),consulta externa,repetidas en personas de 15 a 59 anos,2006-12-01,1,15,1,15,16
IXIAMAS,consulta externa,repetidas en personas de 15 a 59 anos,2006-12-01,8,17,8,17,25
JESUS DE MACHACA,consulta externa,repetidas en personas de 15 a 59 anos,2006-12-01,4,11,4,11,15
LA ASUNTA,consulta externa,repetidas en personas de 15 a 59 anos,2006-12-01,9,12,9,12,21
LA GUARDIA,consulta externa,repetidas en personas de 15 a 59 anos,2006-12-01,29,119,29,119,148
LA PAZ,consulta externa,repetidas en personas de 15 a 59 anos,2006-12-01,13266,29910,13266,29910,43176
LAGUNILLAS,consulta externa,repetidas en personas de 15 a 59 anos,2006-12-01,4,7,4,7,11
LAJA,consulta externa,repetidas en personas de 15 a 59 anos,2006-12-01,5,12,5,12,17
LAS CARRERAS,consulta externa,repetidas en personas de 15 a 59 anos,2006-12-01,7,5,7,5,12
LLALLAGUA,consulta externa,repetidas en personas de 15 a 59 anos,2006-12-01,90,140,90,140,230
LLICA,consulta externa,repetidas en personas de 15 a 59 anos,2006-12-01,2,4,2,4,6
LORETO,consulta externa,repetidas en personas de 15 a 59 anos,2006-12-01,3,4,3,4,7
LURIBAY,consulta externa,repetidas en personas de 15 a 59 anos,2006-12-01,15,25,15,25,40
MACHACAMARCA,consulta externa,repetidas en personas de 15 a 59 anos,2006-12-01,4,12,4,12,16
MACHARETI,consulta externa,repetidas en personas de 15 a 59 anos,2006-12-01,10,20,10,20,30
MAGDALENA,consulta externa,repetidas en personas de 15 a 59 anos,2006-12-01,21,58,21,58,79
MAIRANA,consulta externa,repetidas en personas de 15 a 59 anos,2006-12-01,0,2,0,2,2
MALLA,consulta externa,repetidas en personas de 15 a 59 anos,2006-12-01,1,1,1,1,2
MAPIRI,consulta externa,repetidas en personas de 15 a 59 anos,2006-12-01,19,15,19,15,34
MECAPACA,consulta externa,repetidas en personas de 15 a 59 anos,2006-12-01,21,19,21,19,40
MINEROS,consulta externa,repetidas en personas de 15 a 59 anos,2006-12-01,16,49,16,49,65
MIZQUE,consulta externa,repetidas en personas de 15 a 59 anos,2006-12-01,0,3,0,3,3
MOCOMOCO,consulta externa,repetidas en personas de 15 a 59 anos,2006-12-01,5,5,5,5,10
MOJINETE,consulta externa,repetidas en personas de 15 a 59 anos,2006-12-01,0,1,0,1,1
MOJOCOYA,consulta externa,repetidas en personas de 15 a 59 anos,2006-12-01,4,16,4,16,20
MONTEAGUDO,consulta externa,repetidas en personas de 15 a 59 anos,2006-12-01,168,400,168,400,568
MONTERO,consulta externa,repetidas en personas de 15 a 59 anos,2006-12-01,516,1361,516,1361,1877
MORO MORO,consulta externa,repetidas en personas de 15 a 59 anos,2006-12-01,0,4,0,4,4
MOROCHATA,consulta externa,repetidas en personas de 15 a 59 anos,2006-12-01,26,60,26,60,86
NACEBE (SANTA ROSA DEL ABUNA),consulta externa,repetidas en personas de 15 a 59 anos,2006-12-01,0,1,0,1,1
NAZACARA DE PACAJES,consulta externa,repetidas en personas de 15 a 59 anos,2006-12-01,1,0,1,0,1
OCURI,consulta externa,repetidas en personas de 15 a 59 anos,2006-12-01,1,3,1,3,4
OKINAWA,consulta externa,repetidas en personas de 15 a 59 anos,2006-12-01,20,80,20,80,100
OMEREQUE,consulta externa,repetidas en personas de 15 a 59 anos,2006-12-01,1,7,1,7,8
ORURO,consulta externa,repetidas en personas de 15 a 59 anos,2006-12-01,1832,4925,1832,4925,6757
PADCAYA,consulta externa,repetidas en personas de 15 a 59 anos,2006-12-01,11,28,11,28,39
PADILLA,consulta externa,repetidas en personas de 15 a 59 anos,2006-12-01,13,63,13,63,76
PAILON,consulta externa,repetidas en personas de 15 a 59 anos,2006-12-01,0,12,0,12,12
PALCA,consulta externa,repetidas en personas de 15 a 59 anos,2006-12-01,4,4,4,4,8
PALOS BLANCOS,consulta externa,repetidas en personas de 15 a 59 anos,2006-12-01,36,26,36,26,62
PAMPA GRANDE,consulta externa,repetidas en personas de 15 a 59 anos,2006-12-01,2,1,2,1,3
PAPEL PAMPA,consulta externa,repetidas en personas de 15 a 59 anos,2006-12-01,0,6,0,6,6
PASORAPA,consulta externa,repetidas en personas de 15 a 59 anos,2006-12-01,1,1,1,1,2
PATACAMAYA,consulta externa,repetidas en personas de 15 a 59 anos,2006-12-01,3,3,3,3,6
PAZÑA,consulta externa,repetidas en personas de 15 a 59 anos,2006-12-01,3,12,3,12,15
PELECHUCO,consulta externa,repetidas en personas de 15 a 59 anos,2006-12-01,2,0,2,0,2
POCOATA,consulta externa,repetidas en personas de 15 a 59 anos,2006-12-01,2,3,2,3,5
POCONA,consulta externa,repetidas en personas de 15 a 59 anos,2006-12-01,3,6,3,6,9
POJO (CBBA),consulta externa,repetidas en personas de 15 a 59 anos,2006-12-01,0,1,0,1,1
POOPO,consulta externa,repetidas en personas de 15 a 59 anos,2006-12-01,6,5,6,5,11
PORCO,consulta externa,repetidas en personas de 15 a 59 anos,2006-12-01,2,5,2,5,7
POROMA,consulta externa,repetidas en personas de 15 a 59 anos,2006-12-01,4,10,4,10,14
PORONGO,consulta externa,repetidas en personas de 15 a 59 anos,2006-12-01,8,4,8,4,12
PORTACHUELO,consulta externa,repetidas en personas de 15 a 59 anos,2006-12-01,15,21,15,21,36
PORVENIR,consulta externa,repetidas en personas de 15 a 59 anos,2006-12-01,6,4,6,4,10
POSTRER VALLE,consulta externa,repetidas en personas de 15 a 59 anos,2006-12-01,6,11,6,11,17
POTOSI,consulta externa,repetidas en personas de 15 a 59 anos,2006-12-01,5262,3739,5262,3739,9001
PRESTO,consulta externa,repetidas en personas de 15 a 59 anos,2006-12-01,1,0,1,0,1
PUCARA,consulta externa,repetidas en personas de 15 a 59 anos,2006-12-01,0,2,0,2,2
PUCARANI,consulta externa,repetidas en personas de 15 a 59 anos,2006-12-01,22,42,22,42,64
PUERTO ACOSTA,consulta externa,repetidas en personas de 15 a 59 anos,2006-12-01,12,12,12,12,24
PUERTO CARABUCO,consulta externa,repetidas en personas de 15 a 59 anos,2006-12-01,15,13,15,13,28
PUERTO PEREZ,consulta externa,repetidas en personas de 15 a 59 anos,2006-12-01,0,2,0,2,2
PUERTO QUIJARRO,consulta externa,repetidas en personas de 15 a 59 anos,2006-12-01,91,61,91,61,152
PUERTO RICO,consulta externa,repetidas en personas de 15 a 59 anos,2006-12-01,3,10,3,10,13
PUERTO SUAREZ,consulta externa,repetidas en personas de 15 a 59 anos,2006-12-01,29,65,29,65,94
PUERTO VILLARROEL,consulta externa,repetidas en personas de 15 a 59 anos,2006-12-01,32,60,32,60,92
PUNA,consulta externa,repetidas en personas de 15 a 59 anos,2006-12-01,10,22,10,22,32
PUNATA,consulta externa,repetidas en personas de 15 a 59 anos,2006-12-01,110,229,110,229,339
QUIABAYA,consulta externa,repetidas en personas de 15 a 59 anos,2006-12-01,7,7,7,7,14
QUILLACOLLO,consulta externa,repetidas en personas de 15 a 59 anos,2006-12-01,72,254,72,254,326
QUIME,consulta externa,repetidas en personas de 15 a 59 anos,2006-12-01,14,9,14,9,23
QUIRUSILLAS,consulta externa,repetidas en personas de 15 a 59 anos,2006-12-01,1,0,1,0,1
REYES,consulta externa,repetidas en personas de 15 a 59 anos,2006-12-01,5,27,5,27,32
RIBERALTA,consulta externa,repetidas en personas de 15 a 59 anos,2006-12-01,39,328,39,328,367
ROBORE,consulta externa,repetidas en personas de 15 a 59 anos,2006-12-01,49,150,49,150,199
RURRENABAQUE,consulta externa,repetidas en personas de 15 a 59 anos,2006-12-01,34,72,34,72,106
SABAYA,consulta externa,repetidas en personas de 15 a 59 anos,2006-12-01,1,1,1,1,2
SACABA,consulta externa,repetidas en personas de 15 a 59 anos,2006-12-01,151,483,151,483,634
SACABAMBA,consulta externa,repetidas en personas de 15 a 59 anos,2006-12-01,1,2,1,2,3
SACACA,consulta externa,repetidas en personas de 15 a 59 anos,2006-12-01,1,2,1,2,3
SAIPINA,consulta externa,repetidas en personas de 15 a 59 anos,2006-12-01,5,16,5,16,21
SALINAS DE GARCI MENDOZA,consulta externa,repetidas en personas de 15 a 59 anos,2006-12-01,9,8,9,8,17
SAMAIPATA,consulta externa,repetidas en personas de 15 a 59 anos,2006-12-01,1,4,1,4,5
SAN AGUSTIN,consulta externa,repetidas en personas de 15 a 59 anos,2006-12-01,1,4,1,4,5
SAN ANDRES,consulta externa,repetidas en personas de 15 a 59 anos,2006-12-01,2,6,2,6,8
SAN ANDRES DE MACHACA,consulta externa,repetidas en personas de 15 a 59 anos,2006-12-01,3,4,3,4,7
SAN ANTONIO DE ESMORUCO,consulta externa,repetidas en personas de 15 a 59 anos,2006-12-01,0,1,0,1,1
SAN ANTONIO DE LOMERIO,consulta externa,repetidas en personas de 15 a 59 anos,2006-12-01,2,2,2,2,4
SAN BENITO,consulta externa,repetidas en personas de 15 a 59 anos,2006-12-01,14,23,14,23,37
SAN BORJA,consulta externa,repetidas en personas de 15 a 59 anos,2006-12-01,26,93,26,93,119
SAN BUENA VENTURA,consulta externa,repetidas en personas de 15 a 59 anos,2006-12-01,23,85,23,85,108
SAN CARLOS,consulta externa,repetidas en personas de 15 a 59 anos,2006-12-01,10,131,10,131,141
SAN IGNACIO,consulta externa,repetidas en personas de 15 a 59 anos,2006-12-01,13,49,13,49,62
SAN IGNACIO DE VELASCO,consulta externa,repetidas en personas de 15 a 59 anos,2006-12-01,86,174,86,174,260
SAN JAVIER(BNI),consulta externa,repetidas en personas de 15 a 59 anos,2006-12-01,4,6,4,6,10
SAN JAVIER(STC),consulta externa,repetidas en personas de 15 a 59 anos,2006-12-01,39,95,39,95,134
SAN JOAQUIN,consulta externa,repetidas en personas de 15 a 59 anos,2006-12-01,21,64,21,64,85
SAN JOSE DE CHIQUITOS,consulta externa,repetidas en personas de 15 a 59 anos,2006-12-01,7,11,7,11,18
SAN JUAN DE YAPACANI,consulta externa,repetidas en personas de 15 a 59 anos,2006-12-01,96,92,96,92,188
SAN JULIAN,consulta externa,repetidas en personas de 15 a 59 anos,2006-12-01,49,95,49,95,144
SAN LORENZO(PND),consulta externa,repetidas en personas de 15 a 59 anos,2006-12-01,1,2,1,2,3
SAN LORENZO(TJA),consulta externa,repetidas en personas de 15 a 59 anos,2006-12-01,19,74,19,74,93
SAN LUCAS,consulta externa,repetidas en personas de 15 a 59 anos,2006-12-01,15,43,15,43,58
SAN MATIAS,consulta externa,repetidas en personas de 15 a 59 anos,2006-12-01,1,69,1,69,70
SAN MIGUEL DE VELASCO,consulta externa,repetidas en personas de 15 a 59 anos,2006-12-01,36,93,36,93,129
SAN PABLO DE LIPEZ,consulta externa,repetidas en personas de 15 a 59 anos,2006-12-01,4,14,4,14,18
SAN PEDRO,consulta externa,repetidas en personas de 15 a 59 anos,2006-12-01,48,57,48,57,105
SAN PEDRO DE BUENA VISTA,consulta externa,repetidas en personas de 15 a 59 anos,2006-12-01,2,1,2,1,3
SAN PEDRO DE CURAHUARA,consulta externa,repetidas en personas de 15 a 59 anos,2006-12-01,3,6,3,6,9
SAN PEDRO DE TIQUINA,consulta externa,repetidas en personas de 15 a 59 anos,2006-12-01,17,18,17,18,35
SAN RAFAEL,consulta externa,repetidas en personas de 15 a 59 anos,2006-12-01,7,19,7,19,26
SAN RAMON,consulta externa,repetidas en personas de 15 a 59 anos,2006-12-01,17,23,17,23,40
SAN RAMON,consulta externa,repetidas en personas de 15 a 59 anos,2006-12-01,8,16,8,16,24
SANTA ANA,consulta externa,repetidas en personas de 15 a 59 anos,2006-12-01,12,97,12,97,109
SANTA CRUZ DE LA SIERRA,consulta externa,repetidas en personas de 15 a 59 anos,2006-12-01,5054,12760,5054,12760,17814
SANTA ROSA,consulta externa,repetidas en personas de 15 a 59 anos,2006-12-01,2,6,2,6,8
SANTA ROSA DEL SARA,consulta externa,repetidas en personas de 15 a 59 anos,2006-12-01,39,53,39,53,92
SANTIAGO DE HUARI,consulta externa,repetidas en personas de 15 a 59 anos,2006-12-01,11,31,11,31,42
SANTIAGO DE MACHACA,consulta externa,repetidas en personas de 15 a 59 anos,2006-12-01,3,6,3,6,9
SANTIVAÑES,consulta externa,repetidas en personas de 15 a 59 anos,2006-12-01,3,11,3,11,14
SANTUARIO DE QUILLACAS,consulta externa,repetidas en personas de 15 a 59 anos,2006-12-01,1,6,1,6,7
SAPAHAQUI,consulta externa,repetidas en personas de 15 a 59 anos,2006-12-01,1,2,1,2,3
SENA,consulta externa,repetidas en personas de 15 a 59 anos,2006-12-01,1,4,1,4,5
SICA SICA (VILLA AROMA),consulta externa,repetidas en personas de 15 a 59 anos,2006-12-01,4,4,4,4,8
SIPE SIPE,consulta externa,repetidas en personas de 15 a 59 anos,2006-12-01,21,221,21,221,242
SOPACHUY,consulta externa,repetidas en personas de 15 a 59 anos,2006-12-01,2,6,2,6,8
SORACACHI,consulta externa,repetidas en personas de 15 a 59 anos,2006-12-01,1,1,1,1,2
SORATA,consulta externa,repetidas en personas de 15 a 59 anos,2006-12-01,2,10,2,10,12
SUCRE,consulta externa,repetidas en personas de 15 a 59 anos,2006-12-01,2048,6115,2048,6115,8163
TACACHI,consulta externa,repetidas en personas de 15 a 59 anos,2006-12-01,2,7,2,7,9
TACACOMA,consulta externa,repetidas en personas de 15 a 59 anos,2006-12-01,2,2,2,2,4
TACOBAMBA,consulta externa,repetidas en personas de 15 a 59 anos,2006-12-01,2,1,2,1,3
TACOPAYA,consulta externa,repetidas en personas de 15 a 59 anos,2006-12-01,4,5,4,5,9
TAHUA,consulta externa,repetidas en personas de 15 a 59 anos,2006-12-01,0,1,0,1,1
TAPACARI,consulta externa,repetidas en personas de 15 a 59 anos,2006-12-01,4,28,4,28,32
TARABUCO,consulta externa,repetidas en personas de 15 a 59 anos,2006-12-01,24,42,24,42,66
TARACO,consulta externa,repetidas en personas de 15 a 59 anos,2006-12-01,1,1,1,1,2
TARATA,consulta externa,repetidas en personas de 15 a 59 anos,2006-12-01,7,8,7,8,15
TARIJA,consulta externa,repetidas en personas de 15 a 59 anos,2006-12-01,703,2177,703,2177,2880
TARVITA,consulta externa,repetidas en personas de 15 a 59 anos,2006-12-01,16,46,16,46,62
TEOPONTE,consulta externa,repetidas en personas de 15 a 59 anos,2006-12-01,3,3,3,3,6
TIAWANACU,consulta externa,repetidas en personas de 15 a 59 anos,2006-12-01,17,24,17,24,41
TINGUIPAYA,consulta externa,repetidas en personas de 15 a 59 anos,2006-12-01,1,10,1,10,11
TIPUANI,consulta externa,repetidas en personas de 15 a 59 anos,2006-12-01,2,0,2,0,2
TIQUIPAYA,consulta externa,repetidas en personas de 15 a 59 anos,2006-12-01,32,413,32,413,445
TIRAQUE (CBBA),consulta externa,repetidas en personas de 15 a 59 anos,2006-12-01,58,116,58,116,174
TOCO,consulta externa,repetidas en personas de 15 a 59 anos,2006-12-01,2,1,2,1,3
TOLATA,consulta externa,repetidas en personas de 15 a 59 anos,2006-12-01,5,17,5,17,22
TOLEDO,consulta externa,repetidas en personas de 15 a 59 anos,2006-12-01,9,18,9,18,27
TOMAVE,consulta externa,repetidas en personas de 15 a 59 anos,2006-12-01,6,7,6,7,13
TOMINA,consulta externa,repetidas en personas de 15 a 59 anos,2006-12-01,5,5,5,5,10
TORO TORO,consulta externa,repetidas en personas de 15 a 59 anos,2006-12-01,7,3,7,3,10
TOTORA(CBBA),consulta externa,repetidas en personas de 15 a 59 anos,2006-12-01,4,9,4,9,13
TOTORA(ORR),consulta externa,repetidas en personas de 15 a 59 anos,2006-12-01,1,2,1,2,3
TRIGAL,consulta externa,repetidas en personas de 15 a 59 anos,2006-12-01,1,0,1,0,1
TRINIDAD,consulta externa,repetidas en personas de 15 a 59 anos,2006-12-01,282,667,282,667,949
TUPIZA,consulta externa,repetidas en personas de 15 a 59 anos,2006-12-01,173,273,173,273,446
TURCO,consulta externa,repetidas en personas de 15 a 59 anos,2006-12-01,1,0,1,0,1
UNCIA,consulta externa,repetidas en personas de 15 a 59 anos,2006-12-01,87,175,87,175,262
URIONDO (A. CONCEPCION),consulta externa,repetidas en personas de 15 a 59 anos,2006-12-01,5,7,5,7,12
URUBICHA,consulta externa,repetidas en personas de 15 a 59 anos,2006-12-01,0,57,0,57,57
UYUNI,consulta externa,repetidas en personas de 15 a 59 anos,2006-12-01,5,39,5,39,44
VACAS,consulta externa,repetidas en personas de 15 a 59 anos,2006-12-01,15,30,15,30,45
VALLEGRANDE,consulta externa,repetidas en personas de 15 a 59 anos,2006-12-01,72,182,72,182,254
VIACHA,consulta externa,repetidas en personas de 15 a 59 anos,2006-12-01,180,456,180,456,636
VILA VILA,consulta externa,repetidas en personas de 15 a 59 anos,2006-12-01,1,0,1,0,1
VILLA MONTES,consulta externa,repetidas en personas de 15 a 59 anos,2006-12-01,104,150,104,150,254
VILLA NUEVA (LOMA ALTA),consulta externa,repetidas en personas de 15 a 59 anos,2006-12-01,1,4,1,4,5
VILLA RIVERO,consulta externa,repetidas en personas de 15 a 59 anos,2006-12-01,1,6,1,6,7
VILLA SERRANO,consulta externa,repetidas en personas de 15 a 59 anos,2006-12-01,4,3,4,3,7
VILLA TUNARI,consulta externa,repetidas en personas de 15 a 59 anos,2006-12-01,49,74,49,74,123
VILLA VACA GUZMAN (MUYUPAMPA),consulta externa,repetidas en personas de 15 a 59 anos,2006-12-01,5,53,5,53,58
VILLAZON,consulta externa,repetidas en personas de 15 a 59 anos,2006-12-01,57,192,57,192,249
VINTO,consulta externa,repetidas en personas de 15 a 59 anos,2006-12-01,14,32,14,32,46
VITICHI,consulta externa,repetidas en personas de 15 a 59 anos,2006-12-01,15,16,15,16,31
WALDO BALLIVIAN,consulta externa,repetidas en personas de 15 a 59 anos,2006-12-01,3,6,3,6,9
WARNES,consulta externa,repetidas en personas de 15 a 59 anos,2006-12-01,11,130,11,130,141
YACO,consulta externa,repetidas en personas de 15 a 59 anos,2006-12-01,3,5,3,5,8
YACUIBA,consulta externa,repetidas en personas de 15 a 59 anos,2006-12-01,318,897,318,897,1215
YAMPARAEZ,consulta externa,repetidas en personas de 15 a 59 anos,2006-12-01,10,12,10,12,22
YANACACHI,consulta externa,repetidas en personas de 15 a 59 anos,2006-12-01,9,5,9,5,14
YAPACANI,consulta externa,repetidas en personas de 15 a 59 anos,2006-12-01,28,239,28,239,267
YOCALLA,consulta externa,repetidas en personas de 15 a 59 anos,2006-12-01,0,5,0,5,5
YOTALA,consulta externa,repetidas en personas de 15 a 59 anos,2006-12-01,19,43,19,43,62
YUNCHARA,consulta externa,repetidas en personas de 15 a 59 anos,2006-12-01,17,68,17,68,85
ZUDAÑEZ,consulta externa,repetidas en personas de 15 a 59 anos,2006-12-01,11,9,11,9,20
