municipality,group,variable,month,Condón Femenino: Usuarias Continuas,Condón Femenino: Usuarias Continuas1,Condón Femenino: Usuarias Continuas2,Condón Femenino: Usuarias Continuas3,Condón Femenino: Usuarias Continuas4,TOTAL
ATOCHA,"anticoncepcion, prevencion de its y de cancer de cuello uterino",condon femenino: usuarias continuas,2015-01-01,0,0,3,0,0,3
BERMEJO,"anticoncepcion, prevencion de its y de cancer de cuello uterino",condon femenino: usuarias continuas,2015-01-01,0,0,7,3,1,11
BETANZOS,"anticoncepcion, prevencion de its y de cancer de cuello uterino",condon femenino: usuarias continuas,2015-01-01,0,36,13,1,0,50
CABEZAS,"anticoncepcion, prevencion de its y de cancer de cuello uterino",condon femenino: usuarias continuas,2015-01-01,0,0,12,0,0,12
CARIPUYO,"anticoncepcion, prevencion de its y de cancer de cuello uterino",condon femenino: usuarias continuas,2015-01-01,0,0,1,0,0,1
COCHABAMBA,"anticoncepcion, prevencion de its y de cancer de cuello uterino",condon femenino: usuarias continuas,2015-01-01,0,0,8,8,0,16
CONCEPCION,"anticoncepcion, prevencion de its y de cancer de cuello uterino",condon femenino: usuarias continuas,2015-01-01,0,0,2,0,0,2
EL ALTO,"anticoncepcion, prevencion de its y de cancer de cuello uterino",condon femenino: usuarias continuas,2015-01-01,0,0,13,0,0,13
EL PUENTE(STC),"anticoncepcion, prevencion de its y de cancer de cuello uterino",condon femenino: usuarias continuas,2015-01-01,0,0,2,0,0,2
GUANAY,"anticoncepcion, prevencion de its y de cancer de cuello uterino",condon femenino: usuarias continuas,2015-01-01,0,0,2,0,0,2
HUANUNI,"anticoncepcion, prevencion de its y de cancer de cuello uterino",condon femenino: usuarias continuas,2015-01-01,0,0,1,1,0,2
LA PAZ,"anticoncepcion, prevencion de its y de cancer de cuello uterino",condon femenino: usuarias continuas,2015-01-01,0,0,3,0,1,4
MACHARETI,"anticoncepcion, prevencion de its y de cancer de cuello uterino",condon femenino: usuarias continuas,2015-01-01,0,0,1,0,0,1
MOROCHATA,"anticoncepcion, prevencion de its y de cancer de cuello uterino",condon femenino: usuarias continuas,2015-01-01,0,0,24,1,0,25
ORURO,"anticoncepcion, prevencion de its y de cancer de cuello uterino",condon femenino: usuarias continuas,2015-01-01,0,0,49,2,0,51
PADCAYA,"anticoncepcion, prevencion de its y de cancer de cuello uterino",condon femenino: usuarias continuas,2015-01-01,0,0,0,1,0,1
PAILON,"anticoncepcion, prevencion de its y de cancer de cuello uterino",condon femenino: usuarias continuas,2015-01-01,0,0,1,0,0,1
PALOS BLANCOS,"anticoncepcion, prevencion de its y de cancer de cuello uterino",condon femenino: usuarias continuas,2015-01-01,0,0,1,0,0,1
PUERTO CARABUCO,"anticoncepcion, prevencion de its y de cancer de cuello uterino",condon femenino: usuarias continuas,2015-01-01,0,0,1,0,0,1
QUILLACOLLO,"anticoncepcion, prevencion de its y de cancer de cuello uterino",condon femenino: usuarias continuas,2015-01-01,0,0,0,0,1,1
RIBERALTA,"anticoncepcion, prevencion de its y de cancer de cuello uterino",condon femenino: usuarias continuas,2015-01-01,0,0,3,0,0,3
ROBORE,"anticoncepcion, prevencion de its y de cancer de cuello uterino",condon femenino: usuarias continuas,2015-01-01,0,2,0,0,0,2
SAN IGNACIO,"anticoncepcion, prevencion de its y de cancer de cuello uterino",condon femenino: usuarias continuas,2015-01-01,0,0,0,12,0,12
SAN LORENZO(TJA),"anticoncepcion, prevencion de its y de cancer de cuello uterino",condon femenino: usuarias continuas,2015-01-01,0,0,2,0,0,2
SANTA CRUZ DE LA SIERRA,"anticoncepcion, prevencion de its y de cancer de cuello uterino",condon femenino: usuarias continuas,2015-01-01,0,12,13,3,0,28
SUCRE,"anticoncepcion, prevencion de its y de cancer de cuello uterino",condon femenino: usuarias continuas,2015-01-01,0,0,6,1,1,8
TACACOMA,"anticoncepcion, prevencion de its y de cancer de cuello uterino",condon femenino: usuarias continuas,2015-01-01,0,0,1,0,0,1
TARABUCO,"anticoncepcion, prevencion de its y de cancer de cuello uterino",condon femenino: usuarias continuas,2015-01-01,0,12,132,0,0,144
TARATA,"anticoncepcion, prevencion de its y de cancer de cuello uterino",condon femenino: usuarias continuas,2015-01-01,0,0,1,0,0,1
TARIJA,"anticoncepcion, prevencion de its y de cancer de cuello uterino",condon femenino: usuarias continuas,2015-01-01,0,0,5,0,0,5
URIONDO (A. CONCEPCION),"anticoncepcion, prevencion de its y de cancer de cuello uterino",condon femenino: usuarias continuas,2015-01-01,0,0,12,0,0,12
UYUNI,"anticoncepcion, prevencion de its y de cancer de cuello uterino",condon femenino: usuarias continuas,2015-01-01,0,0,12,0,0,12
VIACHA,"anticoncepcion, prevencion de its y de cancer de cuello uterino",condon femenino: usuarias continuas,2015-01-01,0,0,1,0,0,1
WARNES,"anticoncepcion, prevencion de its y de cancer de cuello uterino",condon femenino: usuarias continuas,2015-01-01,0,0,7,3,0,10
BAURES,"anticoncepcion, prevencion de its y de cancer de cuello uterino",condon femenino: usuarias continuas,2015-02-01,0,0,24,0,0,24
BETANZOS,"anticoncepcion, prevencion de its y de cancer de cuello uterino",condon femenino: usuarias continuas,2015-02-01,0,0,0,1,0,1
CAMIRI,"anticoncepcion, prevencion de its y de cancer de cuello uterino",condon femenino: usuarias continuas,2015-02-01,0,0,12,0,0,12
CAQUIAVIRI,"anticoncepcion, prevencion de its y de cancer de cuello uterino",condon femenino: usuarias continuas,2015-02-01,0,0,1,0,0,1
CLIZA,"anticoncepcion, prevencion de its y de cancer de cuello uterino",condon femenino: usuarias continuas,2015-02-01,0,0,5,0,0,5
COCHABAMBA,"anticoncepcion, prevencion de its y de cancer de cuello uterino",condon femenino: usuarias continuas,2015-02-01,0,0,54,11,0,65
COLQUECHACA,"anticoncepcion, prevencion de its y de cancer de cuello uterino",condon femenino: usuarias continuas,2015-02-01,0,0,24,60,0,84
CUATRO CAÑADAS,"anticoncepcion, prevencion de its y de cancer de cuello uterino",condon femenino: usuarias continuas,2015-02-01,0,0,24,0,0,24
EL ALTO,"anticoncepcion, prevencion de its y de cancer de cuello uterino",condon femenino: usuarias continuas,2015-02-01,0,0,1,0,0,1
LA PAZ,"anticoncepcion, prevencion de its y de cancer de cuello uterino",condon femenino: usuarias continuas,2015-02-01,0,1,0,0,0,1
LLICA,"anticoncepcion, prevencion de its y de cancer de cuello uterino",condon femenino: usuarias continuas,2015-02-01,0,0,1,0,0,1
MONTEAGUDO,"anticoncepcion, prevencion de its y de cancer de cuello uterino",condon femenino: usuarias continuas,2015-02-01,0,0,1,0,0,1
MOROCHATA,"anticoncepcion, prevencion de its y de cancer de cuello uterino",condon femenino: usuarias continuas,2015-02-01,0,12,12,0,0,24
OCURI,"anticoncepcion, prevencion de its y de cancer de cuello uterino",condon femenino: usuarias continuas,2015-02-01,0,0,1,0,0,1
ORURO,"anticoncepcion, prevencion de its y de cancer de cuello uterino",condon femenino: usuarias continuas,2015-02-01,0,0,3,2,0,5
PAILON,"anticoncepcion, prevencion de its y de cancer de cuello uterino",condon femenino: usuarias continuas,2015-02-01,0,0,1,0,0,1
POTOSI,"anticoncepcion, prevencion de its y de cancer de cuello uterino",condon femenino: usuarias continuas,2015-02-01,0,0,115,39,0,154
SAN IGNACIO,"anticoncepcion, prevencion de its y de cancer de cuello uterino",condon femenino: usuarias continuas,2015-02-01,0,0,12,12,0,24
SAN JAVIER(BNI),"anticoncepcion, prevencion de its y de cancer de cuello uterino",condon femenino: usuarias continuas,2015-02-01,0,0,2,0,0,2
SAN JUAN DE YAPACANI,"anticoncepcion, prevencion de its y de cancer de cuello uterino",condon femenino: usuarias continuas,2015-02-01,0,0,1,0,0,1
SAN JULIAN,"anticoncepcion, prevencion de its y de cancer de cuello uterino",condon femenino: usuarias continuas,2015-02-01,0,1,1,0,0,2
SAN LORENZO(TJA),"anticoncepcion, prevencion de its y de cancer de cuello uterino",condon femenino: usuarias continuas,2015-02-01,0,0,0,3,0,3
SANTA CRUZ DE LA SIERRA,"anticoncepcion, prevencion de its y de cancer de cuello uterino",condon femenino: usuarias continuas,2015-02-01,0,12,28,0,0,40
SUCRE,"anticoncepcion, prevencion de its y de cancer de cuello uterino",condon femenino: usuarias continuas,2015-02-01,0,0,60,0,0,60
TARIJA,"anticoncepcion, prevencion de its y de cancer de cuello uterino",condon femenino: usuarias continuas,2015-02-01,0,0,0,1,0,1
TOMINA,"anticoncepcion, prevencion de its y de cancer de cuello uterino",condon femenino: usuarias continuas,2015-02-01,0,0,0,12,0,12
VALLEGRANDE,"anticoncepcion, prevencion de its y de cancer de cuello uterino",condon femenino: usuarias continuas,2015-02-01,0,0,1,0,0,1
VILLA SERRANO,"anticoncepcion, prevencion de its y de cancer de cuello uterino",condon femenino: usuarias continuas,2015-02-01,0,0,7,3,1,11
YACUIBA,"anticoncepcion, prevencion de its y de cancer de cuello uterino",condon femenino: usuarias continuas,2015-02-01,0,0,1,0,0,1
ATOCHA,"anticoncepcion, prevencion de its y de cancer de cuello uterino",condon femenino: usuarias continuas,2015-03-01,0,0,12,0,0,12
AYOPAYA (V. DE INDEPENDENCIA),"anticoncepcion, prevencion de its y de cancer de cuello uterino",condon femenino: usuarias continuas,2015-03-01,0,0,0,1,0,1
BERMEJO,"anticoncepcion, prevencion de its y de cancer de cuello uterino",condon femenino: usuarias continuas,2015-03-01,0,0,10,6,1,17
BUENA VISTA,"anticoncepcion, prevencion de its y de cancer de cuello uterino",condon femenino: usuarias continuas,2015-03-01,0,0,12,0,0,12
CARAPARI,"anticoncepcion, prevencion de its y de cancer de cuello uterino",condon femenino: usuarias continuas,2015-03-01,0,0,1,0,0,1
COBIJA,"anticoncepcion, prevencion de its y de cancer de cuello uterino",condon femenino: usuarias continuas,2015-03-01,0,0,12,0,0,12
COCAPATA,"anticoncepcion, prevencion de its y de cancer de cuello uterino",condon femenino: usuarias continuas,2015-03-01,0,0,12,12,0,24
COCHABAMBA,"anticoncepcion, prevencion de its y de cancer de cuello uterino",condon femenino: usuarias continuas,2015-03-01,1,0,0,0,0,1
EL ALTO,"anticoncepcion, prevencion de its y de cancer de cuello uterino",condon femenino: usuarias continuas,2015-03-01,0,0,5,1,0,6
ENTRE RIOS TRJ,"anticoncepcion, prevencion de its y de cancer de cuello uterino",condon femenino: usuarias continuas,2015-03-01,0,0,24,0,0,24
GUAYARAMERIN,"anticoncepcion, prevencion de its y de cancer de cuello uterino",condon femenino: usuarias continuas,2015-03-01,0,1,1,1,0,3
HUACARETA,"anticoncepcion, prevencion de its y de cancer de cuello uterino",condon femenino: usuarias continuas,2015-03-01,0,12,36,12,0,60
HUANUNI,"anticoncepcion, prevencion de its y de cancer de cuello uterino",condon femenino: usuarias continuas,2015-03-01,0,0,0,2,0,2
LA PAZ,"anticoncepcion, prevencion de its y de cancer de cuello uterino",condon femenino: usuarias continuas,2015-03-01,0,0,1,2,0,3
LLALLAGUA,"anticoncepcion, prevencion de its y de cancer de cuello uterino",condon femenino: usuarias continuas,2015-03-01,0,0,0,1,0,1
MONTEAGUDO,"anticoncepcion, prevencion de its y de cancer de cuello uterino",condon femenino: usuarias continuas,2015-03-01,0,0,24,12,0,36
MONTERO,"anticoncepcion, prevencion de its y de cancer de cuello uterino",condon femenino: usuarias continuas,2015-03-01,0,0,1,0,0,1
NUEVO MANOA (NUEVA ESPERANZA),"anticoncepcion, prevencion de its y de cancer de cuello uterino",condon femenino: usuarias continuas,2015-03-01,0,0,0,1,0,1
OKINAWA,"anticoncepcion, prevencion de its y de cancer de cuello uterino",condon femenino: usuarias continuas,2015-03-01,0,0,1,0,0,1
ORURO,"anticoncepcion, prevencion de its y de cancer de cuello uterino",condon femenino: usuarias continuas,2015-03-01,0,12,0,0,0,12
PADCAYA,"anticoncepcion, prevencion de its y de cancer de cuello uterino",condon femenino: usuarias continuas,2015-03-01,0,0,0,24,0,24
PAPEL PAMPA,"anticoncepcion, prevencion de its y de cancer de cuello uterino",condon femenino: usuarias continuas,2015-03-01,0,2,0,0,0,2
POCONA,"anticoncepcion, prevencion de its y de cancer de cuello uterino",condon femenino: usuarias continuas,2015-03-01,0,0,24,0,0,24
PUERTO QUIJARRO,"anticoncepcion, prevencion de its y de cancer de cuello uterino",condon femenino: usuarias continuas,2015-03-01,0,0,0,1,0,1
QUILLACOLLO,"anticoncepcion, prevencion de its y de cancer de cuello uterino",condon femenino: usuarias continuas,2015-03-01,0,0,3,0,0,3
SABAYA,"anticoncepcion, prevencion de its y de cancer de cuello uterino",condon femenino: usuarias continuas,2015-03-01,0,0,1,0,0,1
SAN AGUSTIN,"anticoncepcion, prevencion de its y de cancer de cuello uterino",condon femenino: usuarias continuas,2015-03-01,0,36,12,12,0,60
SAN JOSE DE CHIQUITOS,"anticoncepcion, prevencion de its y de cancer de cuello uterino",condon femenino: usuarias continuas,2015-03-01,0,0,3,3,0,6
SANTA CRUZ DE LA SIERRA,"anticoncepcion, prevencion de its y de cancer de cuello uterino",condon femenino: usuarias continuas,2015-03-01,0,0,374,76,0,450
SUCRE,"anticoncepcion, prevencion de its y de cancer de cuello uterino",condon femenino: usuarias continuas,2015-03-01,0,0,2,13,0,15
TRIGAL,"anticoncepcion, prevencion de its y de cancer de cuello uterino",condon femenino: usuarias continuas,2015-03-01,0,0,0,1,0,1
TRINIDAD,"anticoncepcion, prevencion de its y de cancer de cuello uterino",condon femenino: usuarias continuas,2015-03-01,0,0,2,0,0,2
VILA VILA,"anticoncepcion, prevencion de its y de cancer de cuello uterino",condon femenino: usuarias continuas,2015-03-01,0,0,1,0,0,1
VILLA MONTES,"anticoncepcion, prevencion de its y de cancer de cuello uterino",condon femenino: usuarias continuas,2015-03-01,0,0,0,12,0,12
AYATA,"anticoncepcion, prevencion de its y de cancer de cuello uterino",condon femenino: usuarias continuas,2015-04-01,0,0,1,0,0,1
BELLA FLOR,"anticoncepcion, prevencion de its y de cancer de cuello uterino",condon femenino: usuarias continuas,2015-04-01,0,0,0,12,0,12
CARIPUYO,"anticoncepcion, prevencion de its y de cancer de cuello uterino",condon femenino: usuarias continuas,2015-04-01,0,0,3,1,0,4
CHAYANTA,"anticoncepcion, prevencion de its y de cancer de cuello uterino",condon femenino: usuarias continuas,2015-04-01,0,0,0,12,0,12
COCAPATA,"anticoncepcion, prevencion de its y de cancer de cuello uterino",condon femenino: usuarias continuas,2015-04-01,0,0,12,0,0,12
COCHABAMBA,"anticoncepcion, prevencion de its y de cancer de cuello uterino",condon femenino: usuarias continuas,2015-04-01,0,0,1,0,0,1
EL TORNO,"anticoncepcion, prevencion de its y de cancer de cuello uterino",condon femenino: usuarias continuas,2015-04-01,0,0,24,0,0,24
FILADELFIA,"anticoncepcion, prevencion de its y de cancer de cuello uterino",condon femenino: usuarias continuas,2015-04-01,0,1,0,0,0,1
GUTIERREZ,"anticoncepcion, prevencion de its y de cancer de cuello uterino",condon femenino: usuarias continuas,2015-04-01,0,1,0,0,0,1
LA PAZ,"anticoncepcion, prevencion de its y de cancer de cuello uterino",condon femenino: usuarias continuas,2015-04-01,0,1,1,0,0,2
MECAPACA,"anticoncepcion, prevencion de its y de cancer de cuello uterino",condon femenino: usuarias continuas,2015-04-01,0,0,11,24,0,35
ORURO,"anticoncepcion, prevencion de its y de cancer de cuello uterino",condon femenino: usuarias continuas,2015-04-01,0,0,48,25,0,73
PALCA,"anticoncepcion, prevencion de its y de cancer de cuello uterino",condon femenino: usuarias continuas,2015-04-01,0,0,2,2,0,4
POTOSI,"anticoncepcion, prevencion de its y de cancer de cuello uterino",condon femenino: usuarias continuas,2015-04-01,0,0,97,24,0,121
PUNA,"anticoncepcion, prevencion de its y de cancer de cuello uterino",condon femenino: usuarias continuas,2015-04-01,0,0,12,0,0,12
QUILLACOLLO,"anticoncepcion, prevencion de its y de cancer de cuello uterino",condon femenino: usuarias continuas,2015-04-01,0,1,48,24,0,73
RAVELO,"anticoncepcion, prevencion de its y de cancer de cuello uterino",condon femenino: usuarias continuas,2015-04-01,0,0,0,1,0,1
RIBERALTA,"anticoncepcion, prevencion de its y de cancer de cuello uterino",condon femenino: usuarias continuas,2015-04-01,0,0,1,0,0,1
SAN BORJA,"anticoncepcion, prevencion de its y de cancer de cuello uterino",condon femenino: usuarias continuas,2015-04-01,0,0,1,0,0,1
SAN JOSE DE CHIQUITOS,"anticoncepcion, prevencion de its y de cancer de cuello uterino",condon femenino: usuarias continuas,2015-04-01,0,1,4,0,0,5
SANTA ANA,"anticoncepcion, prevencion de its y de cancer de cuello uterino",condon femenino: usuarias continuas,2015-04-01,0,0,24,0,0,24
SANTA CRUZ DE LA SIERRA,"anticoncepcion, prevencion de its y de cancer de cuello uterino",condon femenino: usuarias continuas,2015-04-01,0,0,2,0,0,2
SUCRE,"anticoncepcion, prevencion de its y de cancer de cuello uterino",condon femenino: usuarias continuas,2015-04-01,0,24,36,0,0,60
TOMAVE,"anticoncepcion, prevencion de its y de cancer de cuello uterino",condon femenino: usuarias continuas,2015-04-01,0,0,12,0,0,12
UYUNI,"anticoncepcion, prevencion de its y de cancer de cuello uterino",condon femenino: usuarias continuas,2015-04-01,0,0,1,0,0,1
VILLA TUNARI,"anticoncepcion, prevencion de its y de cancer de cuello uterino",condon femenino: usuarias continuas,2015-04-01,0,1,0,0,0,1
APOLO,"anticoncepcion, prevencion de its y de cancer de cuello uterino",condon femenino: usuarias continuas,2015-05-01,0,0,1,0,0,1
BUENA VISTA,"anticoncepcion, prevencion de its y de cancer de cuello uterino",condon femenino: usuarias continuas,2015-05-01,0,3,0,0,0,3
CHIMORE,"anticoncepcion, prevencion de its y de cancer de cuello uterino",condon femenino: usuarias continuas,2015-05-01,0,0,2,0,0,2
COLLANA,"anticoncepcion, prevencion de its y de cancer de cuello uterino",condon femenino: usuarias continuas,2015-05-01,0,0,1,0,0,1
EL PUENTE(STC),"anticoncepcion, prevencion de its y de cancer de cuello uterino",condon femenino: usuarias continuas,2015-05-01,0,0,0,1,0,1
ENTRE RIOS TRJ,"anticoncepcion, prevencion de its y de cancer de cuello uterino",condon femenino: usuarias continuas,2015-05-01,0,0,24,13,0,37
GUAYARAMERIN,"anticoncepcion, prevencion de its y de cancer de cuello uterino",condon femenino: usuarias continuas,2015-05-01,0,0,2,7,0,9
HUACARETA,"anticoncepcion, prevencion de its y de cancer de cuello uterino",condon femenino: usuarias continuas,2015-05-01,0,1,0,0,12,13
LA PAZ,"anticoncepcion, prevencion de its y de cancer de cuello uterino",condon femenino: usuarias continuas,2015-05-01,0,0,0,1,0,1
LLALLAGUA,"anticoncepcion, prevencion de its y de cancer de cuello uterino",condon femenino: usuarias continuas,2015-05-01,0,0,0,1,0,1
MECAPACA,"anticoncepcion, prevencion de its y de cancer de cuello uterino",condon femenino: usuarias continuas,2015-05-01,0,0,1,1,0,2
MONTEAGUDO,"anticoncepcion, prevencion de its y de cancer de cuello uterino",condon femenino: usuarias continuas,2015-05-01,0,0,0,1,0,1
ORURO,"anticoncepcion, prevencion de its y de cancer de cuello uterino",condon femenino: usuarias continuas,2015-05-01,0,0,1,0,0,1
PADCAYA,"anticoncepcion, prevencion de its y de cancer de cuello uterino",condon femenino: usuarias continuas,2015-05-01,0,0,2,2,0,4
PAILON,"anticoncepcion, prevencion de its y de cancer de cuello uterino",condon femenino: usuarias continuas,2015-05-01,0,1,0,0,0,1
POCONA,"anticoncepcion, prevencion de its y de cancer de cuello uterino",condon femenino: usuarias continuas,2015-05-01,0,0,12,0,0,12
POTOSI,"anticoncepcion, prevencion de its y de cancer de cuello uterino",condon femenino: usuarias continuas,2015-05-01,0,0,72,24,0,96
QUILLACOLLO,"anticoncepcion, prevencion de its y de cancer de cuello uterino",condon femenino: usuarias continuas,2015-05-01,0,0,1,72,0,73
ROBORE,"anticoncepcion, prevencion de its y de cancer de cuello uterino",condon femenino: usuarias continuas,2015-05-01,0,1,2,0,0,3
SAN LORENZO(PND),"anticoncepcion, prevencion de its y de cancer de cuello uterino",condon femenino: usuarias continuas,2015-05-01,0,0,2,0,0,2
SAN PEDRO,"anticoncepcion, prevencion de its y de cancer de cuello uterino",condon femenino: usuarias continuas,2015-05-01,0,0,1,0,0,1
SANTA CRUZ DE LA SIERRA,"anticoncepcion, prevencion de its y de cancer de cuello uterino",condon femenino: usuarias continuas,2015-05-01,12,38,15,2,0,67
SICA SICA (VILLA AROMA),"anticoncepcion, prevencion de its y de cancer de cuello uterino",condon femenino: usuarias continuas,2015-05-01,0,0,0,1,0,1
SUCRE,"anticoncepcion, prevencion de its y de cancer de cuello uterino",condon femenino: usuarias continuas,2015-05-01,0,0,0,2,1,3
TARIJA,"anticoncepcion, prevencion de its y de cancer de cuello uterino",condon femenino: usuarias continuas,2015-05-01,0,0,2,0,0,2
TOMAVE,"anticoncepcion, prevencion de its y de cancer de cuello uterino",condon femenino: usuarias continuas,2015-05-01,0,0,0,12,0,12
TRINIDAD,"anticoncepcion, prevencion de its y de cancer de cuello uterino",condon femenino: usuarias continuas,2015-05-01,0,0,0,0,1,1
TUPIZA,"anticoncepcion, prevencion de its y de cancer de cuello uterino",condon femenino: usuarias continuas,2015-05-01,0,0,1,0,0,1
VINTO,"anticoncepcion, prevencion de its y de cancer de cuello uterino",condon femenino: usuarias continuas,2015-05-01,0,1,0,0,0,1
YOCALLA,"anticoncepcion, prevencion de its y de cancer de cuello uterino",condon femenino: usuarias continuas,2015-05-01,0,0,2,0,0,2
ACACIO,"anticoncepcion, prevencion de its y de cancer de cuello uterino",condon femenino: usuarias continuas,2015-06-01,0,0,3,1,0,4
ACHACACHI,"anticoncepcion, prevencion de its y de cancer de cuello uterino",condon femenino: usuarias continuas,2015-06-01,0,0,1,0,0,1
CARIPUYO,"anticoncepcion, prevencion de its y de cancer de cuello uterino",condon femenino: usuarias continuas,2015-06-01,0,0,1,0,0,1
COCHABAMBA,"anticoncepcion, prevencion de its y de cancer de cuello uterino",condon femenino: usuarias continuas,2015-06-01,0,0,49,0,0,49
COLCAPIRHUA,"anticoncepcion, prevencion de its y de cancer de cuello uterino",condon femenino: usuarias continuas,2015-06-01,0,0,2,0,0,2
EL ALTO,"anticoncepcion, prevencion de its y de cancer de cuello uterino",condon femenino: usuarias continuas,2015-06-01,3,13,15,14,0,45
EL TORNO,"anticoncepcion, prevencion de its y de cancer de cuello uterino",condon femenino: usuarias continuas,2015-06-01,0,24,36,0,0,60
ENTRE RIOS TRJ,"anticoncepcion, prevencion de its y de cancer de cuello uterino",condon femenino: usuarias continuas,2015-06-01,0,0,25,2,0,27
HUACHACALLA,"anticoncepcion, prevencion de its y de cancer de cuello uterino",condon femenino: usuarias continuas,2015-06-01,0,0,0,1,0,1
LA ASUNTA,"anticoncepcion, prevencion de its y de cancer de cuello uterino",condon femenino: usuarias continuas,2015-06-01,0,0,1,0,0,1
LA GUARDIA,"anticoncepcion, prevencion de its y de cancer de cuello uterino",condon femenino: usuarias continuas,2015-06-01,0,0,1,0,0,1
LLALLAGUA,"anticoncepcion, prevencion de its y de cancer de cuello uterino",condon femenino: usuarias continuas,2015-06-01,0,0,2,0,0,2
MACHARETI,"anticoncepcion, prevencion de its y de cancer de cuello uterino",condon femenino: usuarias continuas,2015-06-01,0,4,12,0,0,16
MONTEAGUDO,"anticoncepcion, prevencion de its y de cancer de cuello uterino",condon femenino: usuarias continuas,2015-06-01,0,0,3,0,0,3
ORURO,"anticoncepcion, prevencion de its y de cancer de cuello uterino",condon femenino: usuarias continuas,2015-06-01,0,0,2,0,0,2
POTOSI,"anticoncepcion, prevencion de its y de cancer de cuello uterino",condon femenino: usuarias continuas,2015-06-01,0,0,26,2,0,28
PUERTO VILLARROEL,"anticoncepcion, prevencion de its y de cancer de cuello uterino",condon femenino: usuarias continuas,2015-06-01,0,0,3,0,0,3
PUNA,"anticoncepcion, prevencion de its y de cancer de cuello uterino",condon femenino: usuarias continuas,2015-06-01,0,0,12,24,0,36
QUILLACOLLO,"anticoncepcion, prevencion de its y de cancer de cuello uterino",condon femenino: usuarias continuas,2015-06-01,0,0,0,4,0,4
SACACA,"anticoncepcion, prevencion de its y de cancer de cuello uterino",condon femenino: usuarias continuas,2015-06-01,0,0,1,0,0,1
SAN ANDRES,"anticoncepcion, prevencion de its y de cancer de cuello uterino",condon femenino: usuarias continuas,2015-06-01,0,0,1,0,0,1
SAN IGNACIO,"anticoncepcion, prevencion de its y de cancer de cuello uterino",condon femenino: usuarias continuas,2015-06-01,0,0,2,0,0,2
SAN JOSE DE CHIQUITOS,"anticoncepcion, prevencion de its y de cancer de cuello uterino",condon femenino: usuarias continuas,2015-06-01,0,1,0,0,0,1
SAN JULIAN,"anticoncepcion, prevencion de its y de cancer de cuello uterino",condon femenino: usuarias continuas,2015-06-01,0,24,24,0,0,48
SANTA CRUZ DE LA SIERRA,"anticoncepcion, prevencion de its y de cancer de cuello uterino",condon femenino: usuarias continuas,2015-06-01,0,36,12,12,0,60
SUCRE,"anticoncepcion, prevencion de its y de cancer de cuello uterino",condon femenino: usuarias continuas,2015-06-01,0,100,220,49,0,369
TACOBAMBA,"anticoncepcion, prevencion de its y de cancer de cuello uterino",condon femenino: usuarias continuas,2015-06-01,0,0,0,1,0,1
TAPACARI,"anticoncepcion, prevencion de its y de cancer de cuello uterino",condon femenino: usuarias continuas,2015-06-01,0,0,2,2,0,4
TRINIDAD,"anticoncepcion, prevencion de its y de cancer de cuello uterino",condon femenino: usuarias continuas,2015-06-01,0,0,4,1,0,5
UYUNI,"anticoncepcion, prevencion de its y de cancer de cuello uterino",condon femenino: usuarias continuas,2015-06-01,0,0,1,0,0,1
VACAS,"anticoncepcion, prevencion de its y de cancer de cuello uterino",condon femenino: usuarias continuas,2015-06-01,0,0,4,0,0,4
VILLA MONTES,"anticoncepcion, prevencion de its y de cancer de cuello uterino",condon femenino: usuarias continuas,2015-06-01,0,0,36,0,0,36
ASCENCION DE GUARAYOS,"anticoncepcion, prevencion de its y de cancer de cuello uterino",condon femenino: usuarias continuas,2015-07-01,0,12,36,0,0,48
AYOPAYA (V. DE INDEPENDENCIA),"anticoncepcion, prevencion de its y de cancer de cuello uterino",condon femenino: usuarias continuas,2015-07-01,0,0,0,1,0,1
BETANZOS,"anticoncepcion, prevencion de its y de cancer de cuello uterino",condon femenino: usuarias continuas,2015-07-01,0,0,0,12,0,12
BUENA VISTA,"anticoncepcion, prevencion de its y de cancer de cuello uterino",condon femenino: usuarias continuas,2015-07-01,0,0,1,0,0,1
"CAIZA ""D""","anticoncepcion, prevencion de its y de cancer de cuello uterino",condon femenino: usuarias continuas,2015-07-01,0,0,1,0,0,1
CARAPARI,"anticoncepcion, prevencion de its y de cancer de cuello uterino",condon femenino: usuarias continuas,2015-07-01,0,0,32,20,20,72
COBIJA,"anticoncepcion, prevencion de its y de cancer de cuello uterino",condon femenino: usuarias continuas,2015-07-01,0,0,12,0,0,12
COCHABAMBA,"anticoncepcion, prevencion de its y de cancer de cuello uterino",condon femenino: usuarias continuas,2015-07-01,0,5,0,1,0,6
CUATRO CAÑADAS,"anticoncepcion, prevencion de its y de cancer de cuello uterino",condon femenino: usuarias continuas,2015-07-01,0,0,2,0,0,2
EL ALTO,"anticoncepcion, prevencion de its y de cancer de cuello uterino",condon femenino: usuarias continuas,2015-07-01,0,0,0,6,0,6
EL PUENTE(STC),"anticoncepcion, prevencion de its y de cancer de cuello uterino",condon femenino: usuarias continuas,2015-07-01,0,0,25,12,0,37
ENTRE RIOS TRJ,"anticoncepcion, prevencion de its y de cancer de cuello uterino",condon femenino: usuarias continuas,2015-07-01,0,0,1,0,0,1
GUAYARAMERIN,"anticoncepcion, prevencion de its y de cancer de cuello uterino",condon femenino: usuarias continuas,2015-07-01,0,0,1,1,0,2
GUTIERREZ,"anticoncepcion, prevencion de its y de cancer de cuello uterino",condon femenino: usuarias continuas,2015-07-01,0,0,0,12,0,12
HUARACAJE,"anticoncepcion, prevencion de its y de cancer de cuello uterino",condon femenino: usuarias continuas,2015-07-01,0,0,0,12,0,12
LA ASUNTA,"anticoncepcion, prevencion de its y de cancer de cuello uterino",condon femenino: usuarias continuas,2015-07-01,0,0,1,0,0,1
MAGDALENA,"anticoncepcion, prevencion de its y de cancer de cuello uterino",condon femenino: usuarias continuas,2015-07-01,0,12,0,0,0,12
MONTEAGUDO,"anticoncepcion, prevencion de its y de cancer de cuello uterino",condon femenino: usuarias continuas,2015-07-01,0,0,0,1,0,1
MONTERO,"anticoncepcion, prevencion de its y de cancer de cuello uterino",condon femenino: usuarias continuas,2015-07-01,0,0,14,1,0,15
ORURO,"anticoncepcion, prevencion de its y de cancer de cuello uterino",condon femenino: usuarias continuas,2015-07-01,0,0,1,0,0,1
PADCAYA,"anticoncepcion, prevencion de its y de cancer de cuello uterino",condon femenino: usuarias continuas,2015-07-01,0,1,0,0,0,1
POCONA,"anticoncepcion, prevencion de its y de cancer de cuello uterino",condon femenino: usuarias continuas,2015-07-01,0,0,1,0,0,1
PORVENIR,"anticoncepcion, prevencion de its y de cancer de cuello uterino",condon femenino: usuarias continuas,2015-07-01,0,0,0,12,0,12
POTOSI,"anticoncepcion, prevencion de its y de cancer de cuello uterino",condon femenino: usuarias continuas,2015-07-01,0,0,0,2,0,2
QUILLACOLLO,"anticoncepcion, prevencion de its y de cancer de cuello uterino",condon femenino: usuarias continuas,2015-07-01,0,0,2,0,0,2
SAN ANDRES,"anticoncepcion, prevencion de its y de cancer de cuello uterino",condon femenino: usuarias continuas,2015-07-01,0,0,1,1,0,2
SAN ANTONIO DE ESMORUCO,"anticoncepcion, prevencion de its y de cancer de cuello uterino",condon femenino: usuarias continuas,2015-07-01,0,0,12,0,0,12
SAN JULIAN,"anticoncepcion, prevencion de its y de cancer de cuello uterino",condon femenino: usuarias continuas,2015-07-01,0,0,12,0,0,12
SANTA CRUZ DE LA SIERRA,"anticoncepcion, prevencion de its y de cancer de cuello uterino",condon femenino: usuarias continuas,2015-07-01,0,0,3,0,0,3
SUCRE,"anticoncepcion, prevencion de its y de cancer de cuello uterino",condon femenino: usuarias continuas,2015-07-01,0,12,0,0,0,12
TARIJA,"anticoncepcion, prevencion de its y de cancer de cuello uterino",condon femenino: usuarias continuas,2015-07-01,0,2,12,4,1,19
TOLATA,"anticoncepcion, prevencion de its y de cancer de cuello uterino",condon femenino: usuarias continuas,2015-07-01,0,0,84,0,0,84
TRINIDAD,"anticoncepcion, prevencion de its y de cancer de cuello uterino",condon femenino: usuarias continuas,2015-07-01,0,0,0,1,0,1
URIONDO (A. CONCEPCION),"anticoncepcion, prevencion de its y de cancer de cuello uterino",condon femenino: usuarias continuas,2015-07-01,0,0,1,0,0,1
VIACHA,"anticoncepcion, prevencion de its y de cancer de cuello uterino",condon femenino: usuarias continuas,2015-07-01,0,0,0,12,0,12
VILLA MONTES,"anticoncepcion, prevencion de its y de cancer de cuello uterino",condon femenino: usuarias continuas,2015-07-01,0,0,1,1,0,2
WARNES,"anticoncepcion, prevencion de its y de cancer de cuello uterino",condon femenino: usuarias continuas,2015-07-01,0,0,1,0,0,1
YUNCHARA,"anticoncepcion, prevencion de its y de cancer de cuello uterino",condon femenino: usuarias continuas,2015-07-01,0,0,1,0,0,1
BUENA VISTA,"anticoncepcion, prevencion de its y de cancer de cuello uterino",condon femenino: usuarias continuas,2015-08-01,0,0,1,0,0,1
CARANAVI,"anticoncepcion, prevencion de its y de cancer de cuello uterino",condon femenino: usuarias continuas,2015-08-01,0,0,1,0,0,1
CHALLAPATA,"anticoncepcion, prevencion de its y de cancer de cuello uterino",condon femenino: usuarias continuas,2015-08-01,0,0,0,1,0,1
CHIMORE,"anticoncepcion, prevencion de its y de cancer de cuello uterino",condon femenino: usuarias continuas,2015-08-01,0,0,4,2,0,6
COBIJA,"anticoncepcion, prevencion de its y de cancer de cuello uterino",condon femenino: usuarias continuas,2015-08-01,0,1,0,0,0,1
COCAPATA,"anticoncepcion, prevencion de its y de cancer de cuello uterino",condon femenino: usuarias continuas,2015-08-01,0,0,0,2,0,2
GUAYARAMERIN,"anticoncepcion, prevencion de its y de cancer de cuello uterino",condon femenino: usuarias continuas,2015-08-01,0,0,1,0,0,1
LA ASUNTA,"anticoncepcion, prevencion de its y de cancer de cuello uterino",condon femenino: usuarias continuas,2015-08-01,0,0,1,0,0,1
LA PAZ,"anticoncepcion, prevencion de its y de cancer de cuello uterino",condon femenino: usuarias continuas,2015-08-01,0,0,0,2,0,2
LAGUNILLAS,"anticoncepcion, prevencion de its y de cancer de cuello uterino",condon femenino: usuarias continuas,2015-08-01,0,1,0,1,0,2
MONTEAGUDO,"anticoncepcion, prevencion de its y de cancer de cuello uterino",condon femenino: usuarias continuas,2015-08-01,0,0,1,2,0,3
MOROCHATA,"anticoncepcion, prevencion de its y de cancer de cuello uterino",condon femenino: usuarias continuas,2015-08-01,0,0,0,12,0,12
OMEREQUE,"anticoncepcion, prevencion de its y de cancer de cuello uterino",condon femenino: usuarias continuas,2015-08-01,0,0,12,12,0,24
ORURO,"anticoncepcion, prevencion de its y de cancer de cuello uterino",condon femenino: usuarias continuas,2015-08-01,0,0,1,2,0,3
POCONA,"anticoncepcion, prevencion de its y de cancer de cuello uterino",condon femenino: usuarias continuas,2015-08-01,0,0,1,0,0,1
POTOSI,"anticoncepcion, prevencion de its y de cancer de cuello uterino",condon femenino: usuarias continuas,2015-08-01,0,0,1,2,0,3
QUILLACOLLO,"anticoncepcion, prevencion de its y de cancer de cuello uterino",condon femenino: usuarias continuas,2015-08-01,0,240,0,0,0,240
SAN ANDRES,"anticoncepcion, prevencion de its y de cancer de cuello uterino",condon femenino: usuarias continuas,2015-08-01,0,2,4,3,0,9
SAN BUENA VENTURA,"anticoncepcion, prevencion de its y de cancer de cuello uterino",condon femenino: usuarias continuas,2015-08-01,0,0,1,0,0,1
SAN CARLOS,"anticoncepcion, prevencion de its y de cancer de cuello uterino",condon femenino: usuarias continuas,2015-08-01,0,0,1,1,0,2
SAN JAVIER(BNI),"anticoncepcion, prevencion de its y de cancer de cuello uterino",condon femenino: usuarias continuas,2015-08-01,0,0,2,0,0,2
SAN RAMON BENI,"anticoncepcion, prevencion de its y de cancer de cuello uterino",condon femenino: usuarias continuas,2015-08-01,0,0,9,0,0,9
SANTA CRUZ DE LA SIERRA,"anticoncepcion, prevencion de its y de cancer de cuello uterino",condon femenino: usuarias continuas,2015-08-01,0,0,5,0,0,5
SUCRE,"anticoncepcion, prevencion de its y de cancer de cuello uterino",condon femenino: usuarias continuas,2015-08-01,0,3,12,2,0,17
TARIJA,"anticoncepcion, prevencion de its y de cancer de cuello uterino",condon femenino: usuarias continuas,2015-08-01,0,0,6,0,0,6
TINGUIPAYA,"anticoncepcion, prevencion de its y de cancer de cuello uterino",condon femenino: usuarias continuas,2015-08-01,0,24,0,0,0,24
TRINIDAD,"anticoncepcion, prevencion de its y de cancer de cuello uterino",condon femenino: usuarias continuas,2015-08-01,0,0,12,0,0,12
VALLEGRANDE,"anticoncepcion, prevencion de its y de cancer de cuello uterino",condon femenino: usuarias continuas,2015-08-01,0,0,0,1,0,1
VILLA SERRANO,"anticoncepcion, prevencion de its y de cancer de cuello uterino",condon femenino: usuarias continuas,2015-08-01,0,0,1,0,0,1
VILLA TUNARI,"anticoncepcion, prevencion de its y de cancer de cuello uterino",condon femenino: usuarias continuas,2015-08-01,0,1,24,0,0,25
YAPACANI,"anticoncepcion, prevencion de its y de cancer de cuello uterino",condon femenino: usuarias continuas,2015-08-01,0,0,0,36,0,36
YOCALLA,"anticoncepcion, prevencion de its y de cancer de cuello uterino",condon femenino: usuarias continuas,2015-08-01,0,12,12,24,0,48
AZURDUY,"anticoncepcion, prevencion de its y de cancer de cuello uterino",condon femenino: usuarias continuas,2015-09-01,0,0,1,0,0,1
BELEN DE ANDAMARCA,"anticoncepcion, prevencion de its y de cancer de cuello uterino",condon femenino: usuarias continuas,2015-09-01,0,0,0,1,0,1
BUENA VISTA,"anticoncepcion, prevencion de its y de cancer de cuello uterino",condon femenino: usuarias continuas,2015-09-01,0,0,1,1,0,2
CAMIRI,"anticoncepcion, prevencion de its y de cancer de cuello uterino",condon femenino: usuarias continuas,2015-09-01,0,0,1,2,0,3
CHALLAPATA,"anticoncepcion, prevencion de its y de cancer de cuello uterino",condon femenino: usuarias continuas,2015-09-01,0,0,12,0,0,12
CHIMORE,"anticoncepcion, prevencion de its y de cancer de cuello uterino",condon femenino: usuarias continuas,2015-09-01,0,1,2,0,0,3
CONCEPCION,"anticoncepcion, prevencion de its y de cancer de cuello uterino",condon femenino: usuarias continuas,2015-09-01,0,0,6,1,0,7
EL ALTO,"anticoncepcion, prevencion de its y de cancer de cuello uterino",condon femenino: usuarias continuas,2015-09-01,0,0,3,0,0,3
LLALLAGUA,"anticoncepcion, prevencion de its y de cancer de cuello uterino",condon femenino: usuarias continuas,2015-09-01,0,0,2,0,0,2
MONTEAGUDO,"anticoncepcion, prevencion de its y de cancer de cuello uterino",condon femenino: usuarias continuas,2015-09-01,0,0,1,0,0,1
ORURO,"anticoncepcion, prevencion de its y de cancer de cuello uterino",condon femenino: usuarias continuas,2015-09-01,0,0,6,2,0,8
PAILON,"anticoncepcion, prevencion de its y de cancer de cuello uterino",condon femenino: usuarias continuas,2015-09-01,0,0,1,0,0,1
POTOSI,"anticoncepcion, prevencion de its y de cancer de cuello uterino",condon femenino: usuarias continuas,2015-09-01,0,1,0,1,0,2
PUCARANI,"anticoncepcion, prevencion de its y de cancer de cuello uterino",condon femenino: usuarias continuas,2015-09-01,0,0,1,0,0,1
PUERTO GONZALO MORENO,"anticoncepcion, prevencion de its y de cancer de cuello uterino",condon femenino: usuarias continuas,2015-09-01,0,0,1,0,0,1
ROBORE,"anticoncepcion, prevencion de its y de cancer de cuello uterino",condon femenino: usuarias continuas,2015-09-01,0,5,0,0,0,5
SAN ANTONIO DE ESMORUCO,"anticoncepcion, prevencion de its y de cancer de cuello uterino",condon femenino: usuarias continuas,2015-09-01,0,12,12,0,0,24
SAN JAVIER(BNI),"anticoncepcion, prevencion de its y de cancer de cuello uterino",condon femenino: usuarias continuas,2015-09-01,0,0,0,24,0,24
SANTA CRUZ DE LA SIERRA,"anticoncepcion, prevencion de its y de cancer de cuello uterino",condon femenino: usuarias continuas,2015-09-01,0,17,10,0,0,27
SUCRE,"anticoncepcion, prevencion de its y de cancer de cuello uterino",condon femenino: usuarias continuas,2015-09-01,0,0,56,0,0,56
TARIJA,"anticoncepcion, prevencion de its y de cancer de cuello uterino",condon femenino: usuarias continuas,2015-09-01,0,1,4,0,0,5
TITO YUPANQUI (PARQUIPUJIO),"anticoncepcion, prevencion de its y de cancer de cuello uterino",condon femenino: usuarias continuas,2015-09-01,0,0,0,1,0,1
TRINIDAD,"anticoncepcion, prevencion de its y de cancer de cuello uterino",condon femenino: usuarias continuas,2015-09-01,0,0,1,0,0,1
VILLA MONTES,"anticoncepcion, prevencion de its y de cancer de cuello uterino",condon femenino: usuarias continuas,2015-09-01,0,0,1,0,0,1
YOCALLA,"anticoncepcion, prevencion de its y de cancer de cuello uterino",condon femenino: usuarias continuas,2015-09-01,0,0,12,0,0,12
YOTALA,"anticoncepcion, prevencion de its y de cancer de cuello uterino",condon femenino: usuarias continuas,2015-09-01,0,0,0,12,0,12
BELEN DE ANDAMARCA,"anticoncepcion, prevencion de its y de cancer de cuello uterino",condon femenino: usuarias continuas,2015-10-01,0,0,1,0,0,1
GUAYARAMERIN,"anticoncepcion, prevencion de its y de cancer de cuello uterino",condon femenino: usuarias continuas,2015-10-01,1,0,0,0,0,1
LLALLAGUA,"anticoncepcion, prevencion de its y de cancer de cuello uterino",condon femenino: usuarias continuas,2015-10-01,0,0,36,0,0,36
MIZQUE,"anticoncepcion, prevencion de its y de cancer de cuello uterino",condon femenino: usuarias continuas,2015-10-01,0,0,36,12,0,48
MONTERO,"anticoncepcion, prevencion de its y de cancer de cuello uterino",condon femenino: usuarias continuas,2015-10-01,0,0,0,1,0,1
NUEVO MANOA (NUEVA ESPERANZA),"anticoncepcion, prevencion de its y de cancer de cuello uterino",condon femenino: usuarias continuas,2015-10-01,0,0,1,0,0,1
ORURO,"anticoncepcion, prevencion de its y de cancer de cuello uterino",condon femenino: usuarias continuas,2015-10-01,0,1,1,0,0,2
PAMPA AULLAGAS,"anticoncepcion, prevencion de its y de cancer de cuello uterino",condon femenino: usuarias continuas,2015-10-01,0,0,0,1,0,1
PAPEL PAMPA,"anticoncepcion, prevencion de its y de cancer de cuello uterino",condon femenino: usuarias continuas,2015-10-01,0,1,2,0,0,3
POOPO,"anticoncepcion, prevencion de its y de cancer de cuello uterino",condon femenino: usuarias continuas,2015-10-01,0,0,1,2,0,3
POTOSI,"anticoncepcion, prevencion de its y de cancer de cuello uterino",condon femenino: usuarias continuas,2015-10-01,0,0,0,2,0,2
PUERTO VILLARROEL,"anticoncepcion, prevencion de its y de cancer de cuello uterino",condon femenino: usuarias continuas,2015-10-01,0,0,1,0,0,1
QUILLACOLLO,"anticoncepcion, prevencion de its y de cancer de cuello uterino",condon femenino: usuarias continuas,2015-10-01,0,0,38,12,0,50
RIBERALTA,"anticoncepcion, prevencion de its y de cancer de cuello uterino",condon femenino: usuarias continuas,2015-10-01,0,0,2,0,0,2
ROBORE,"anticoncepcion, prevencion de its y de cancer de cuello uterino",condon femenino: usuarias continuas,2015-10-01,0,2,25,0,0,27
SALINAS DE GARCI MENDOZA,"anticoncepcion, prevencion de its y de cancer de cuello uterino",condon femenino: usuarias continuas,2015-10-01,0,12,0,0,0,12
SAN ANDRES,"anticoncepcion, prevencion de its y de cancer de cuello uterino",condon femenino: usuarias continuas,2015-10-01,0,1,0,0,0,1
SAN IGNACIO,"anticoncepcion, prevencion de its y de cancer de cuello uterino",condon femenino: usuarias continuas,2015-10-01,0,0,1,1,0,2
SAN JAVIER(BNI),"anticoncepcion, prevencion de its y de cancer de cuello uterino",condon femenino: usuarias continuas,2015-10-01,0,0,12,12,0,24
SAN RAMON SCZ,"anticoncepcion, prevencion de its y de cancer de cuello uterino",condon femenino: usuarias continuas,2015-10-01,0,10,0,0,0,10
SANTA CRUZ DE LA SIERRA,"anticoncepcion, prevencion de its y de cancer de cuello uterino",condon femenino: usuarias continuas,2015-10-01,0,0,37,0,0,37
SUCRE,"anticoncepcion, prevencion de its y de cancer de cuello uterino",condon femenino: usuarias continuas,2015-10-01,0,15,21,1,0,37
TARATA,"anticoncepcion, prevencion de its y de cancer de cuello uterino",condon femenino: usuarias continuas,2015-10-01,0,0,12,0,0,12
VILLA TUNARI,"anticoncepcion, prevencion de its y de cancer de cuello uterino",condon femenino: usuarias continuas,2015-10-01,0,0,12,0,0,12
YOTALA,"anticoncepcion, prevencion de its y de cancer de cuello uterino",condon femenino: usuarias continuas,2015-10-01,0,1,0,0,0,1
BOLPEBRA,"anticoncepcion, prevencion de its y de cancer de cuello uterino",condon femenino: usuarias continuas,2015-11-01,0,0,121,24,0,145
BUENA VISTA,"anticoncepcion, prevencion de its y de cancer de cuello uterino",condon femenino: usuarias continuas,2015-11-01,0,1,0,0,0,1
"CAIZA ""D""","anticoncepcion, prevencion de its y de cancer de cuello uterino",condon femenino: usuarias continuas,2015-11-01,0,0,24,0,0,24
CARAPARI,"anticoncepcion, prevencion de its y de cancer de cuello uterino",condon femenino: usuarias continuas,2015-11-01,0,0,1,0,0,1
CHAYANTA,"anticoncepcion, prevencion de its y de cancer de cuello uterino",condon femenino: usuarias continuas,2015-11-01,0,0,13,12,0,25
GUAYARAMERIN,"anticoncepcion, prevencion de its y de cancer de cuello uterino",condon femenino: usuarias continuas,2015-11-01,0,1,24,13,0,38
HUACARETA,"anticoncepcion, prevencion de its y de cancer de cuello uterino",condon femenino: usuarias continuas,2015-11-01,0,0,24,12,0,36
LA PAZ,"anticoncepcion, prevencion de its y de cancer de cuello uterino",condon femenino: usuarias continuas,2015-11-01,0,0,9,24,0,33
LLALLAGUA,"anticoncepcion, prevencion de its y de cancer de cuello uterino",condon femenino: usuarias continuas,2015-11-01,0,0,1,0,0,1
MAGDALENA,"anticoncepcion, prevencion de its y de cancer de cuello uterino",condon femenino: usuarias continuas,2015-11-01,0,0,24,0,0,24
MIZQUE,"anticoncepcion, prevencion de its y de cancer de cuello uterino",condon femenino: usuarias continuas,2015-11-01,0,0,1,0,0,1
MOCOMOCO,"anticoncepcion, prevencion de its y de cancer de cuello uterino",condon femenino: usuarias continuas,2015-11-01,0,0,1,0,0,1
MONTEAGUDO,"anticoncepcion, prevencion de its y de cancer de cuello uterino",condon femenino: usuarias continuas,2015-11-01,0,0,12,12,0,24
MONTERO,"anticoncepcion, prevencion de its y de cancer de cuello uterino",condon femenino: usuarias continuas,2015-11-01,0,0,2,0,0,2
OKINAWA,"anticoncepcion, prevencion de its y de cancer de cuello uterino",condon femenino: usuarias continuas,2015-11-01,0,0,2,0,0,2
OMEREQUE,"anticoncepcion, prevencion de its y de cancer de cuello uterino",condon femenino: usuarias continuas,2015-11-01,0,0,48,12,0,60
PADILLA,"anticoncepcion, prevencion de its y de cancer de cuello uterino",condon femenino: usuarias continuas,2015-11-01,0,0,12,0,0,12
PAMPA AULLAGAS,"anticoncepcion, prevencion de its y de cancer de cuello uterino",condon femenino: usuarias continuas,2015-11-01,0,0,36,0,0,36
POCONA,"anticoncepcion, prevencion de its y de cancer de cuello uterino",condon femenino: usuarias continuas,2015-11-01,0,0,1,1,0,2
POTOSI,"anticoncepcion, prevencion de its y de cancer de cuello uterino",condon femenino: usuarias continuas,2015-11-01,0,0,12,0,0,12
PUCARANI,"anticoncepcion, prevencion de its y de cancer de cuello uterino",condon femenino: usuarias continuas,2015-11-01,0,0,1,0,0,1
ROBORE,"anticoncepcion, prevencion de its y de cancer de cuello uterino",condon femenino: usuarias continuas,2015-11-01,0,1,12,0,0,13
SANTA CRUZ DE LA SIERRA,"anticoncepcion, prevencion de its y de cancer de cuello uterino",condon femenino: usuarias continuas,2015-11-01,0,0,3,0,0,3
SICAYA,"anticoncepcion, prevencion de its y de cancer de cuello uterino",condon femenino: usuarias continuas,2015-11-01,0,0,1,0,0,1
SUCRE,"anticoncepcion, prevencion de its y de cancer de cuello uterino",condon femenino: usuarias continuas,2015-11-01,0,0,18,2,0,20
TACOPAYA,"anticoncepcion, prevencion de its y de cancer de cuello uterino",condon femenino: usuarias continuas,2015-11-01,0,0,1,1,0,2
TAPACARI,"anticoncepcion, prevencion de its y de cancer de cuello uterino",condon femenino: usuarias continuas,2015-11-01,0,0,1,1,0,2
TUPIZA,"anticoncepcion, prevencion de its y de cancer de cuello uterino",condon femenino: usuarias continuas,2015-11-01,0,0,1,0,0,1
VILLA TUNARI,"anticoncepcion, prevencion de its y de cancer de cuello uterino",condon femenino: usuarias continuas,2015-11-01,0,0,24,0,0,24
YANACACHI,"anticoncepcion, prevencion de its y de cancer de cuello uterino",condon femenino: usuarias continuas,2015-11-01,0,0,1,0,0,1
ACHOCALLA,"anticoncepcion, prevencion de its y de cancer de cuello uterino",condon femenino: usuarias continuas,2015-12-01,0,0,12,0,0,12
ATOCHA,"anticoncepcion, prevencion de its y de cancer de cuello uterino",condon femenino: usuarias continuas,2015-12-01,0,0,36,0,0,36
AYOPAYA (V. DE INDEPENDENCIA),"anticoncepcion, prevencion de its y de cancer de cuello uterino",condon femenino: usuarias continuas,2015-12-01,0,0,72,0,1,73
CHIMORE,"anticoncepcion, prevencion de its y de cancer de cuello uterino",condon femenino: usuarias continuas,2015-12-01,0,0,12,0,0,12
COCAPATA,"anticoncepcion, prevencion de its y de cancer de cuello uterino",condon femenino: usuarias continuas,2015-12-01,0,0,12,12,0,24
COCHABAMBA,"anticoncepcion, prevencion de its y de cancer de cuello uterino",condon femenino: usuarias continuas,2015-12-01,0,13,26,1,0,40
CONCEPCION,"anticoncepcion, prevencion de its y de cancer de cuello uterino",condon femenino: usuarias continuas,2015-12-01,0,0,2,2,0,4
EL ALTO,"anticoncepcion, prevencion de its y de cancer de cuello uterino",condon femenino: usuarias continuas,2015-12-01,0,0,3,2,0,5
EL TORNO,"anticoncepcion, prevencion de its y de cancer de cuello uterino",condon femenino: usuarias continuas,2015-12-01,0,0,1,0,0,1
GUAYARAMERIN,"anticoncepcion, prevencion de its y de cancer de cuello uterino",condon femenino: usuarias continuas,2015-12-01,0,0,1,1,0,2
LA PAZ,"anticoncepcion, prevencion de its y de cancer de cuello uterino",condon femenino: usuarias continuas,2015-12-01,0,0,32,10,0,42
LAS CARRERAS,"anticoncepcion, prevencion de its y de cancer de cuello uterino",condon femenino: usuarias continuas,2015-12-01,12,0,0,0,0,12
LLALLAGUA,"anticoncepcion, prevencion de its y de cancer de cuello uterino",condon femenino: usuarias continuas,2015-12-01,0,0,1,0,0,1
MINEROS,"anticoncepcion, prevencion de its y de cancer de cuello uterino",condon femenino: usuarias continuas,2015-12-01,0,0,1,0,0,1
MONTEAGUDO,"anticoncepcion, prevencion de its y de cancer de cuello uterino",condon femenino: usuarias continuas,2015-12-01,0,0,2,0,0,2
MOROCHATA,"anticoncepcion, prevencion de its y de cancer de cuello uterino",condon femenino: usuarias continuas,2015-12-01,0,12,12,0,0,24
ORURO,"anticoncepcion, prevencion de its y de cancer de cuello uterino",condon femenino: usuarias continuas,2015-12-01,0,0,0,1,0,1
PADCAYA,"anticoncepcion, prevencion de its y de cancer de cuello uterino",condon femenino: usuarias continuas,2015-12-01,0,0,1,0,0,1
PALCA,"anticoncepcion, prevencion de its y de cancer de cuello uterino",condon femenino: usuarias continuas,2015-12-01,0,2,7,0,0,9
POTOSI,"anticoncepcion, prevencion de its y de cancer de cuello uterino",condon femenino: usuarias continuas,2015-12-01,0,0,1,3,0,4
SAN CARLOS,"anticoncepcion, prevencion de its y de cancer de cuello uterino",condon femenino: usuarias continuas,2015-12-01,0,1,6,2,0,9
SAN JULIAN,"anticoncepcion, prevencion de its y de cancer de cuello uterino",condon femenino: usuarias continuas,2015-12-01,0,0,1,0,0,1
SAN PEDRO DE CURAHUARA,"anticoncepcion, prevencion de its y de cancer de cuello uterino",condon femenino: usuarias continuas,2015-12-01,0,0,1,0,0,1
SANTA CRUZ DE LA SIERRA,"anticoncepcion, prevencion de its y de cancer de cuello uterino",condon femenino: usuarias continuas,2015-12-01,0,1,3,1,0,5
SOPACHUY,"anticoncepcion, prevencion de its y de cancer de cuello uterino",condon femenino: usuarias continuas,2015-12-01,0,12,0,0,0,12
SUCRE,"anticoncepcion, prevencion de its y de cancer de cuello uterino",condon femenino: usuarias continuas,2015-12-01,0,0,3,1,0,4
TARIJA,"anticoncepcion, prevencion de its y de cancer de cuello uterino",condon femenino: usuarias continuas,2015-12-01,0,64,187,44,0,295
TUPIZA,"anticoncepcion, prevencion de its y de cancer de cuello uterino",condon femenino: usuarias continuas,2015-12-01,0,0,1,0,0,1
VINTO,"anticoncepcion, prevencion de its y de cancer de cuello uterino",condon femenino: usuarias continuas,2015-12-01,0,0,1,0,0,1
WARNES,"anticoncepcion, prevencion de its y de cancer de cuello uterino",condon femenino: usuarias continuas,2015-12-01,0,14,43,17,0,74
