municipality,group,variable,month,Condón Femenino: Usuarias Nuevas,Condón Femenino: Usuarias Nuevas1,Condón Femenino: Usuarias Nuevas2,Condón Femenino: Usuarias Nuevas3,Condón Femenino: Usuarias Nuevas4,TOTAL
ASCENCION DE GUARAYOS,"anticoncepcion, prevencion de its y de cancer de cuello uterino",condon femenino: usuarias nuevas,2015-01-01,0,1,8,5,0,14
ATOCHA,"anticoncepcion, prevencion de its y de cancer de cuello uterino",condon femenino: usuarias nuevas,2015-01-01,0,0,84,12,0,96
AYOPAYA (V. DE INDEPENDENCIA),"anticoncepcion, prevencion de its y de cancer de cuello uterino",condon femenino: usuarias nuevas,2015-01-01,0,0,18,0,0,18
CABEZAS,"anticoncepcion, prevencion de its y de cancer de cuello uterino",condon femenino: usuarias nuevas,2015-01-01,0,0,12,0,0,12
CAMARGO,"anticoncepcion, prevencion de its y de cancer de cuello uterino",condon femenino: usuarias nuevas,2015-01-01,0,0,1,0,0,1
COCAPATA,"anticoncepcion, prevencion de its y de cancer de cuello uterino",condon femenino: usuarias nuevas,2015-01-01,0,2,0,0,0,2
COCHABAMBA,"anticoncepcion, prevencion de its y de cancer de cuello uterino",condon femenino: usuarias nuevas,2015-01-01,0,0,9,10,0,19
COIPASA,"anticoncepcion, prevencion de its y de cancer de cuello uterino",condon femenino: usuarias nuevas,2015-01-01,0,1,0,0,0,1
COLQUIRI,"anticoncepcion, prevencion de its y de cancer de cuello uterino",condon femenino: usuarias nuevas,2015-01-01,0,0,1,0,0,1
EL ALTO,"anticoncepcion, prevencion de its y de cancer de cuello uterino",condon femenino: usuarias nuevas,2015-01-01,0,0,61,12,0,73
GENERAL SAAVEDRA,"anticoncepcion, prevencion de its y de cancer de cuello uterino",condon femenino: usuarias nuevas,2015-01-01,0,0,2,0,0,2
GUANAY,"anticoncepcion, prevencion de its y de cancer de cuello uterino",condon femenino: usuarias nuevas,2015-01-01,0,0,1,0,0,1
GUAYARAMERIN,"anticoncepcion, prevencion de its y de cancer de cuello uterino",condon femenino: usuarias nuevas,2015-01-01,0,0,1,0,0,1
HUANUNI,"anticoncepcion, prevencion de its y de cancer de cuello uterino",condon femenino: usuarias nuevas,2015-01-01,1,0,2,0,0,3
LA GUARDIA,"anticoncepcion, prevencion de its y de cancer de cuello uterino",condon femenino: usuarias nuevas,2015-01-01,0,1,0,0,0,1
LA PAZ,"anticoncepcion, prevencion de its y de cancer de cuello uterino",condon femenino: usuarias nuevas,2015-01-01,0,1,3,2,0,6
LLALLAGUA,"anticoncepcion, prevencion de its y de cancer de cuello uterino",condon femenino: usuarias nuevas,2015-01-01,0,0,2,0,0,2
ORURO,"anticoncepcion, prevencion de its y de cancer de cuello uterino",condon femenino: usuarias nuevas,2015-01-01,0,0,1,1,0,2
PAILON,"anticoncepcion, prevencion de its y de cancer de cuello uterino",condon femenino: usuarias nuevas,2015-01-01,0,1,0,0,0,1
PASORAPA,"anticoncepcion, prevencion de its y de cancer de cuello uterino",condon femenino: usuarias nuevas,2015-01-01,0,0,12,0,0,12
POTOSI,"anticoncepcion, prevencion de its y de cancer de cuello uterino",condon femenino: usuarias nuevas,2015-01-01,0,0,25,0,0,25
PUERTO RICO,"anticoncepcion, prevencion de its y de cancer de cuello uterino",condon femenino: usuarias nuevas,2015-01-01,0,0,1,0,0,1
QUILLACOLLO,"anticoncepcion, prevencion de its y de cancer de cuello uterino",condon femenino: usuarias nuevas,2015-01-01,0,0,30,0,0,30
RIBERALTA,"anticoncepcion, prevencion de its y de cancer de cuello uterino",condon femenino: usuarias nuevas,2015-01-01,0,0,10,11,1,22
ROBORE,"anticoncepcion, prevencion de its y de cancer de cuello uterino",condon femenino: usuarias nuevas,2015-01-01,0,2,1,0,0,3
SAN BORJA,"anticoncepcion, prevencion de its y de cancer de cuello uterino",condon femenino: usuarias nuevas,2015-01-01,0,0,3,0,0,3
SAN CARLOS,"anticoncepcion, prevencion de its y de cancer de cuello uterino",condon femenino: usuarias nuevas,2015-01-01,0,0,2,0,0,2
SAN JAVIER(BNI),"anticoncepcion, prevencion de its y de cancer de cuello uterino",condon femenino: usuarias nuevas,2015-01-01,0,0,12,12,0,24
SAN JOAQUIN,"anticoncepcion, prevencion de its y de cancer de cuello uterino",condon femenino: usuarias nuevas,2015-01-01,0,0,0,12,0,12
SAN LORENZO(TJA),"anticoncepcion, prevencion de its y de cancer de cuello uterino",condon femenino: usuarias nuevas,2015-01-01,0,0,4,0,0,4
SAN MIGUEL DE VELASCO,"anticoncepcion, prevencion de its y de cancer de cuello uterino",condon femenino: usuarias nuevas,2015-01-01,0,0,1,1,0,2
SAN RAMON BENI,"anticoncepcion, prevencion de its y de cancer de cuello uterino",condon femenino: usuarias nuevas,2015-01-01,0,0,12,0,0,12
SAN RAMON SCZ,"anticoncepcion, prevencion de its y de cancer de cuello uterino",condon femenino: usuarias nuevas,2015-01-01,0,1,0,0,0,1
SANTA CRUZ DE LA SIERRA,"anticoncepcion, prevencion de its y de cancer de cuello uterino",condon femenino: usuarias nuevas,2015-01-01,1,4,1,0,0,6
SANTUARIO DE QUILLACAS,"anticoncepcion, prevencion de its y de cancer de cuello uterino",condon femenino: usuarias nuevas,2015-01-01,0,0,3,0,0,3
SHINAOTA,"anticoncepcion, prevencion de its y de cancer de cuello uterino",condon femenino: usuarias nuevas,2015-01-01,0,0,2,0,0,2
SUCRE,"anticoncepcion, prevencion de its y de cancer de cuello uterino",condon femenino: usuarias nuevas,2015-01-01,0,0,9,6,0,15
TAPACARI,"anticoncepcion, prevencion de its y de cancer de cuello uterino",condon femenino: usuarias nuevas,2015-01-01,0,0,12,0,0,12
TARATA,"anticoncepcion, prevencion de its y de cancer de cuello uterino",condon femenino: usuarias nuevas,2015-01-01,0,0,24,12,0,36
TARIJA,"anticoncepcion, prevencion de its y de cancer de cuello uterino",condon femenino: usuarias nuevas,2015-01-01,0,0,20,0,0,20
TOMAVE,"anticoncepcion, prevencion de its y de cancer de cuello uterino",condon femenino: usuarias nuevas,2015-01-01,0,0,1,0,0,1
TRIGAL,"anticoncepcion, prevencion de its y de cancer de cuello uterino",condon femenino: usuarias nuevas,2015-01-01,0,0,0,12,0,12
VIACHA,"anticoncepcion, prevencion de its y de cancer de cuello uterino",condon femenino: usuarias nuevas,2015-01-01,0,0,1,0,0,1
VILLA TUNARI,"anticoncepcion, prevencion de its y de cancer de cuello uterino",condon femenino: usuarias nuevas,2015-01-01,0,1,5,0,0,6
WARNES,"anticoncepcion, prevencion de its y de cancer de cuello uterino",condon femenino: usuarias nuevas,2015-01-01,0,1,0,0,0,1
BETANZOS,"anticoncepcion, prevencion de its y de cancer de cuello uterino",condon femenino: usuarias nuevas,2015-02-01,0,0,1,1,0,2
COCHABAMBA,"anticoncepcion, prevencion de its y de cancer de cuello uterino",condon femenino: usuarias nuevas,2015-02-01,0,0,85,14,0,99
COMARAPA,"anticoncepcion, prevencion de its y de cancer de cuello uterino",condon femenino: usuarias nuevas,2015-02-01,0,2,11,8,0,21
EL ALTO,"anticoncepcion, prevencion de its y de cancer de cuello uterino",condon femenino: usuarias nuevas,2015-02-01,0,0,1,0,0,1
GUAYARAMERIN,"anticoncepcion, prevencion de its y de cancer de cuello uterino",condon femenino: usuarias nuevas,2015-02-01,0,1,5,9,0,15
LA PAZ,"anticoncepcion, prevencion de its y de cancer de cuello uterino",condon femenino: usuarias nuevas,2015-02-01,0,33,55,17,1,106
LORETO,"anticoncepcion, prevencion de its y de cancer de cuello uterino",condon femenino: usuarias nuevas,2015-02-01,0,0,2,0,0,2
MAGDALENA,"anticoncepcion, prevencion de its y de cancer de cuello uterino",condon femenino: usuarias nuevas,2015-02-01,0,12,24,0,0,36
OKINAWA,"anticoncepcion, prevencion de its y de cancer de cuello uterino",condon femenino: usuarias nuevas,2015-02-01,0,26,48,25,0,99
ORURO,"anticoncepcion, prevencion de its y de cancer de cuello uterino",condon femenino: usuarias nuevas,2015-02-01,0,1,2,2,0,5
POCOATA,"anticoncepcion, prevencion de its y de cancer de cuello uterino",condon femenino: usuarias nuevas,2015-02-01,0,0,1,3,0,4
POTOSI,"anticoncepcion, prevencion de its y de cancer de cuello uterino",condon femenino: usuarias nuevas,2015-02-01,0,17,104,31,0,152
PUNA,"anticoncepcion, prevencion de its y de cancer de cuello uterino",condon femenino: usuarias nuevas,2015-02-01,0,0,12,0,0,12
ROBORE,"anticoncepcion, prevencion de its y de cancer de cuello uterino",condon femenino: usuarias nuevas,2015-02-01,0,0,0,60,0,60
SALINAS DE GARCI MENDOZA,"anticoncepcion, prevencion de its y de cancer de cuello uterino",condon femenino: usuarias nuevas,2015-02-01,0,0,1,0,0,1
SAN ANDRES,"anticoncepcion, prevencion de its y de cancer de cuello uterino",condon femenino: usuarias nuevas,2015-02-01,0,12,25,0,0,37
SAN BORJA,"anticoncepcion, prevencion de its y de cancer de cuello uterino",condon femenino: usuarias nuevas,2015-02-01,0,1,2,2,0,5
SAN IGNACIO,"anticoncepcion, prevencion de its y de cancer de cuello uterino",condon femenino: usuarias nuevas,2015-02-01,0,0,1,1,0,2
SAN JAVIER(BNI),"anticoncepcion, prevencion de its y de cancer de cuello uterino",condon femenino: usuarias nuevas,2015-02-01,0,0,12,0,0,12
SANTA CRUZ DE LA SIERRA,"anticoncepcion, prevencion de its y de cancer de cuello uterino",condon femenino: usuarias nuevas,2015-02-01,0,0,38,0,0,38
SAPAHAQUI,"anticoncepcion, prevencion de its y de cancer de cuello uterino",condon femenino: usuarias nuevas,2015-02-01,0,0,1,0,0,1
SOPACHUY,"anticoncepcion, prevencion de its y de cancer de cuello uterino",condon femenino: usuarias nuevas,2015-02-01,0,0,24,24,0,48
SUCRE,"anticoncepcion, prevencion de its y de cancer de cuello uterino",condon femenino: usuarias nuevas,2015-02-01,0,14,51,14,0,79
TARIJA,"anticoncepcion, prevencion de its y de cancer de cuello uterino",condon femenino: usuarias nuevas,2015-02-01,0,0,2,3,0,5
TRINIDAD,"anticoncepcion, prevencion de its y de cancer de cuello uterino",condon femenino: usuarias nuevas,2015-02-01,0,0,24,12,0,36
UYUNI,"anticoncepcion, prevencion de its y de cancer de cuello uterino",condon femenino: usuarias nuevas,2015-02-01,0,0,63,0,0,63
VACAS,"anticoncepcion, prevencion de its y de cancer de cuello uterino",condon femenino: usuarias nuevas,2015-02-01,0,0,1,0,0,1
WARNES,"anticoncepcion, prevencion de its y de cancer de cuello uterino",condon femenino: usuarias nuevas,2015-02-01,0,0,1,1,0,2
YACUIBA,"anticoncepcion, prevencion de its y de cancer de cuello uterino",condon femenino: usuarias nuevas,2015-02-01,0,0,1,0,0,1
ACHACACHI,"anticoncepcion, prevencion de its y de cancer de cuello uterino",condon femenino: usuarias nuevas,2015-03-01,0,0,1,0,0,1
ALCALA,"anticoncepcion, prevencion de its y de cancer de cuello uterino",condon femenino: usuarias nuevas,2015-03-01,0,0,36,12,0,48
ARQUE,"anticoncepcion, prevencion de its y de cancer de cuello uterino",condon femenino: usuarias nuevas,2015-03-01,0,0,12,12,0,24
ATOCHA,"anticoncepcion, prevencion de its y de cancer de cuello uterino",condon femenino: usuarias nuevas,2015-03-01,0,0,24,0,0,24
AYOPAYA (V. DE INDEPENDENCIA),"anticoncepcion, prevencion de its y de cancer de cuello uterino",condon femenino: usuarias nuevas,2015-03-01,0,0,2,1,0,3
AZURDUY,"anticoncepcion, prevencion de its y de cancer de cuello uterino",condon femenino: usuarias nuevas,2015-03-01,0,0,12,24,0,36
CABEZAS,"anticoncepcion, prevencion de its y de cancer de cuello uterino",condon femenino: usuarias nuevas,2015-03-01,0,0,12,0,0,12
CAJUATA,"anticoncepcion, prevencion de its y de cancer de cuello uterino",condon femenino: usuarias nuevas,2015-03-01,0,0,0,2,0,2
CAMIRI,"anticoncepcion, prevencion de its y de cancer de cuello uterino",condon femenino: usuarias nuevas,2015-03-01,0,0,24,0,0,24
COCHABAMBA,"anticoncepcion, prevencion de its y de cancer de cuello uterino",condon femenino: usuarias nuevas,2015-03-01,0,0,67,1,0,68
COTAGAITA,"anticoncepcion, prevencion de its y de cancer de cuello uterino",condon femenino: usuarias nuevas,2015-03-01,0,5,15,30,0,50
EL CHORO,"anticoncepcion, prevencion de its y de cancer de cuello uterino",condon femenino: usuarias nuevas,2015-03-01,0,0,0,1,0,1
ENTRE RIOS TRJ,"anticoncepcion, prevencion de its y de cancer de cuello uterino",condon femenino: usuarias nuevas,2015-03-01,0,0,24,12,0,36
HUANUNI,"anticoncepcion, prevencion de its y de cancer de cuello uterino",condon femenino: usuarias nuevas,2015-03-01,0,0,1,0,0,1
LA PAZ,"anticoncepcion, prevencion de its y de cancer de cuello uterino",condon femenino: usuarias nuevas,2015-03-01,0,3,2,1,0,6
MONTERO,"anticoncepcion, prevencion de its y de cancer de cuello uterino",condon femenino: usuarias nuevas,2015-03-01,0,0,12,12,0,24
OKINAWA,"anticoncepcion, prevencion de its y de cancer de cuello uterino",condon femenino: usuarias nuevas,2015-03-01,0,1,0,0,0,1
ORURO,"anticoncepcion, prevencion de its y de cancer de cuello uterino",condon femenino: usuarias nuevas,2015-03-01,0,0,1,1,0,2
PADCAYA,"anticoncepcion, prevencion de its y de cancer de cuello uterino",condon femenino: usuarias nuevas,2015-03-01,0,12,24,25,0,61
PADILLA,"anticoncepcion, prevencion de its y de cancer de cuello uterino",condon femenino: usuarias nuevas,2015-03-01,0,0,1,0,0,1
POROMA,"anticoncepcion, prevencion de its y de cancer de cuello uterino",condon femenino: usuarias nuevas,2015-03-01,0,3,3,9,0,15
POTOSI,"anticoncepcion, prevencion de its y de cancer de cuello uterino",condon femenino: usuarias nuevas,2015-03-01,0,1,51,2,1,55
PUERTO VILLARROEL,"anticoncepcion, prevencion de its y de cancer de cuello uterino",condon femenino: usuarias nuevas,2015-03-01,0,24,348,36,0,408
QUILLACOLLO,"anticoncepcion, prevencion de its y de cancer de cuello uterino",condon femenino: usuarias nuevas,2015-03-01,0,1,4,14,0,19
RIBERALTA,"anticoncepcion, prevencion de its y de cancer de cuello uterino",condon femenino: usuarias nuevas,2015-03-01,0,1,0,0,0,1
SABAYA,"anticoncepcion, prevencion de its y de cancer de cuello uterino",condon femenino: usuarias nuevas,2015-03-01,0,0,1,0,0,1
SAN CARLOS,"anticoncepcion, prevencion de its y de cancer de cuello uterino",condon femenino: usuarias nuevas,2015-03-01,0,0,4,0,0,4
SAN JOAQUIN,"anticoncepcion, prevencion de its y de cancer de cuello uterino",condon femenino: usuarias nuevas,2015-03-01,0,0,1,0,0,1
SAN JOSE DE CHIQUITOS,"anticoncepcion, prevencion de its y de cancer de cuello uterino",condon femenino: usuarias nuevas,2015-03-01,0,2,5,0,0,7
SAN JULIAN,"anticoncepcion, prevencion de its y de cancer de cuello uterino",condon femenino: usuarias nuevas,2015-03-01,0,0,0,12,0,12
SAN LORENZO(TJA),"anticoncepcion, prevencion de its y de cancer de cuello uterino",condon femenino: usuarias nuevas,2015-03-01,0,0,1,0,0,1
SAN RAMON SCZ,"anticoncepcion, prevencion de its y de cancer de cuello uterino",condon femenino: usuarias nuevas,2015-03-01,0,0,3,0,0,3
SANTA CRUZ DE LA SIERRA,"anticoncepcion, prevencion de its y de cancer de cuello uterino",condon femenino: usuarias nuevas,2015-03-01,0,2,16,2,0,20
SUCRE,"anticoncepcion, prevencion de its y de cancer de cuello uterino",condon femenino: usuarias nuevas,2015-03-01,0,48,40,12,0,100
TARIJA,"anticoncepcion, prevencion de its y de cancer de cuello uterino",condon femenino: usuarias nuevas,2015-03-01,0,0,2,1,0,3
TIQUIPAYA,"anticoncepcion, prevencion de its y de cancer de cuello uterino",condon femenino: usuarias nuevas,2015-03-01,0,0,24,12,0,36
TOMAVE,"anticoncepcion, prevencion de its y de cancer de cuello uterino",condon femenino: usuarias nuevas,2015-03-01,0,0,13,24,0,37
TOMINA,"anticoncepcion, prevencion de its y de cancer de cuello uterino",condon femenino: usuarias nuevas,2015-03-01,0,0,36,0,0,36
TRINIDAD,"anticoncepcion, prevencion de its y de cancer de cuello uterino",condon femenino: usuarias nuevas,2015-03-01,0,0,45,0,0,45
TUPIZA,"anticoncepcion, prevencion de its y de cancer de cuello uterino",condon femenino: usuarias nuevas,2015-03-01,0,0,0,1,0,1
UYUNI,"anticoncepcion, prevencion de its y de cancer de cuello uterino",condon femenino: usuarias nuevas,2015-03-01,0,0,1,0,0,1
YACUIBA,"anticoncepcion, prevencion de its y de cancer de cuello uterino",condon femenino: usuarias nuevas,2015-03-01,0,1,0,0,0,1
CALAMARCA,"anticoncepcion, prevencion de its y de cancer de cuello uterino",condon femenino: usuarias nuevas,2015-04-01,0,0,1,0,0,1
COCHABAMBA,"anticoncepcion, prevencion de its y de cancer de cuello uterino",condon femenino: usuarias nuevas,2015-04-01,0,0,4,1,12,17
EL ALTO,"anticoncepcion, prevencion de its y de cancer de cuello uterino",condon femenino: usuarias nuevas,2015-04-01,0,0,3,0,0,3
EL TORNO,"anticoncepcion, prevencion de its y de cancer de cuello uterino",condon femenino: usuarias nuevas,2015-04-01,0,3,4,3,0,10
ENTRE RIOS TRJ,"anticoncepcion, prevencion de its y de cancer de cuello uterino",condon femenino: usuarias nuevas,2015-04-01,0,0,12,0,0,12
FERNANDEZ ALONSO,"anticoncepcion, prevencion de its y de cancer de cuello uterino",condon femenino: usuarias nuevas,2015-04-01,0,0,1,1,0,2
FILADELFIA,"anticoncepcion, prevencion de its y de cancer de cuello uterino",condon femenino: usuarias nuevas,2015-04-01,0,0,16,0,0,16
GUANAY,"anticoncepcion, prevencion de its y de cancer de cuello uterino",condon femenino: usuarias nuevas,2015-04-01,0,0,1,0,0,1
HUACARETA,"anticoncepcion, prevencion de its y de cancer de cuello uterino",condon femenino: usuarias nuevas,2015-04-01,0,0,2,0,0,2
LA PAZ,"anticoncepcion, prevencion de its y de cancer de cuello uterino",condon femenino: usuarias nuevas,2015-04-01,0,0,1,1,0,2
LLALLAGUA,"anticoncepcion, prevencion de its y de cancer de cuello uterino",condon femenino: usuarias nuevas,2015-04-01,0,0,1,1,0,2
LURIBAY,"anticoncepcion, prevencion de its y de cancer de cuello uterino",condon femenino: usuarias nuevas,2015-04-01,0,0,0,1,0,1
MACHARETI,"anticoncepcion, prevencion de its y de cancer de cuello uterino",condon femenino: usuarias nuevas,2015-04-01,2,0,3,0,0,5
MECAPACA,"anticoncepcion, prevencion de its y de cancer de cuello uterino",condon femenino: usuarias nuevas,2015-04-01,0,0,1,0,0,1
ORURO,"anticoncepcion, prevencion de its y de cancer de cuello uterino",condon femenino: usuarias nuevas,2015-04-01,0,0,2,1,0,3
POCONA,"anticoncepcion, prevencion de its y de cancer de cuello uterino",condon femenino: usuarias nuevas,2015-04-01,0,0,25,0,0,25
POTOSI,"anticoncepcion, prevencion de its y de cancer de cuello uterino",condon femenino: usuarias nuevas,2015-04-01,0,12,14,25,0,51
PRESTO,"anticoncepcion, prevencion de its y de cancer de cuello uterino",condon femenino: usuarias nuevas,2015-04-01,0,0,0,1,0,1
PUERTO GONZALO MORENO,"anticoncepcion, prevencion de its y de cancer de cuello uterino",condon femenino: usuarias nuevas,2015-04-01,0,1,0,0,0,1
PUNA,"anticoncepcion, prevencion de its y de cancer de cuello uterino",condon femenino: usuarias nuevas,2015-04-01,0,0,1,0,0,1
QUILLACOLLO,"anticoncepcion, prevencion de its y de cancer de cuello uterino",condon femenino: usuarias nuevas,2015-04-01,0,0,1,0,0,1
ROBORE,"anticoncepcion, prevencion de its y de cancer de cuello uterino",condon femenino: usuarias nuevas,2015-04-01,0,0,48,0,0,48
SACACA,"anticoncepcion, prevencion de its y de cancer de cuello uterino",condon femenino: usuarias nuevas,2015-04-01,0,0,1,0,0,1
SAN JOSE DE CHIQUITOS,"anticoncepcion, prevencion de its y de cancer de cuello uterino",condon femenino: usuarias nuevas,2015-04-01,0,1,0,0,0,1
SANTA CRUZ DE LA SIERRA,"anticoncepcion, prevencion de its y de cancer de cuello uterino",condon femenino: usuarias nuevas,2015-04-01,0,84,61,60,0,205
SUCRE,"anticoncepcion, prevencion de its y de cancer de cuello uterino",condon femenino: usuarias nuevas,2015-04-01,0,1,136,155,90,382
TAPACARI,"anticoncepcion, prevencion de its y de cancer de cuello uterino",condon femenino: usuarias nuevas,2015-04-01,0,0,12,0,0,12
TOLATA,"anticoncepcion, prevencion de its y de cancer de cuello uterino",condon femenino: usuarias nuevas,2015-04-01,0,12,120,24,0,156
TOMAVE,"anticoncepcion, prevencion de its y de cancer de cuello uterino",condon femenino: usuarias nuevas,2015-04-01,0,0,3,0,0,3
TRINIDAD,"anticoncepcion, prevencion de its y de cancer de cuello uterino",condon femenino: usuarias nuevas,2015-04-01,0,0,24,0,0,24
TUPIZA,"anticoncepcion, prevencion de its y de cancer de cuello uterino",condon femenino: usuarias nuevas,2015-04-01,0,1,26,0,0,27
VINTO,"anticoncepcion, prevencion de its y de cancer de cuello uterino",condon femenino: usuarias nuevas,2015-04-01,0,0,2,0,0,2
WARNES,"anticoncepcion, prevencion de its y de cancer de cuello uterino",condon femenino: usuarias nuevas,2015-04-01,0,0,12,0,0,12
YOCALLA,"anticoncepcion, prevencion de its y de cancer de cuello uterino",condon femenino: usuarias nuevas,2015-04-01,0,0,0,2,0,2
ATOCHA,"anticoncepcion, prevencion de its y de cancer de cuello uterino",condon femenino: usuarias nuevas,2015-05-01,0,0,3,0,0,3
AYOPAYA (V. DE INDEPENDENCIA),"anticoncepcion, prevencion de its y de cancer de cuello uterino",condon femenino: usuarias nuevas,2015-05-01,0,24,48,0,0,72
BETANZOS,"anticoncepcion, prevencion de its y de cancer de cuello uterino",condon femenino: usuarias nuevas,2015-05-01,0,0,0,12,12,24
BUENA VISTA,"anticoncepcion, prevencion de its y de cancer de cuello uterino",condon femenino: usuarias nuevas,2015-05-01,0,4,0,0,0,4
CHULUMANI (V. DE LA LIBERTAD),"anticoncepcion, prevencion de its y de cancer de cuello uterino",condon femenino: usuarias nuevas,2015-05-01,0,0,1,0,0,1
COCHABAMBA,"anticoncepcion, prevencion de its y de cancer de cuello uterino",condon femenino: usuarias nuevas,2015-05-01,0,2,46,0,0,48
COIPASA,"anticoncepcion, prevencion de its y de cancer de cuello uterino",condon femenino: usuarias nuevas,2015-05-01,0,0,1,0,0,1
COTAGAITA,"anticoncepcion, prevencion de its y de cancer de cuello uterino",condon femenino: usuarias nuevas,2015-05-01,0,1,0,0,0,1
EL ALTO,"anticoncepcion, prevencion de its y de cancer de cuello uterino",condon femenino: usuarias nuevas,2015-05-01,0,0,1,0,0,1
GENERAL SAAVEDRA,"anticoncepcion, prevencion de its y de cancer de cuello uterino",condon femenino: usuarias nuevas,2015-05-01,0,0,1,0,0,1
HUACARETA,"anticoncepcion, prevencion de its y de cancer de cuello uterino",condon femenino: usuarias nuevas,2015-05-01,0,0,1,0,0,1
IXIAMAS,"anticoncepcion, prevencion de its y de cancer de cuello uterino",condon femenino: usuarias nuevas,2015-05-01,0,0,1,0,0,1
LA PAZ,"anticoncepcion, prevencion de its y de cancer de cuello uterino",condon femenino: usuarias nuevas,2015-05-01,0,1,10,1,0,12
LLALLAGUA,"anticoncepcion, prevencion de its y de cancer de cuello uterino",condon femenino: usuarias nuevas,2015-05-01,0,0,2,1,0,3
LORETO,"anticoncepcion, prevencion de its y de cancer de cuello uterino",condon femenino: usuarias nuevas,2015-05-01,1,0,2,1,0,4
ORURO,"anticoncepcion, prevencion de its y de cancer de cuello uterino",condon femenino: usuarias nuevas,2015-05-01,0,0,0,1,0,1
PATACAMAYA,"anticoncepcion, prevencion de its y de cancer de cuello uterino",condon femenino: usuarias nuevas,2015-05-01,0,0,0,2,0,2
POCONA,"anticoncepcion, prevencion de its y de cancer de cuello uterino",condon femenino: usuarias nuevas,2015-05-01,0,0,0,1,0,1
PORCO,"anticoncepcion, prevencion de its y de cancer de cuello uterino",condon femenino: usuarias nuevas,2015-05-01,0,0,1,0,0,1
POTOSI,"anticoncepcion, prevencion de its y de cancer de cuello uterino",condon femenino: usuarias nuevas,2015-05-01,0,1,1,3,0,5
PRESTO,"anticoncepcion, prevencion de its y de cancer de cuello uterino",condon femenino: usuarias nuevas,2015-05-01,0,0,1,0,0,1
PUERTO SUAREZ,"anticoncepcion, prevencion de its y de cancer de cuello uterino",condon femenino: usuarias nuevas,2015-05-01,0,0,5,0,0,5
QUILLACOLLO,"anticoncepcion, prevencion de its y de cancer de cuello uterino",condon femenino: usuarias nuevas,2015-05-01,0,0,0,12,0,12
REYES,"anticoncepcion, prevencion de its y de cancer de cuello uterino",condon femenino: usuarias nuevas,2015-05-01,0,36,0,0,0,36
RIBERALTA,"anticoncepcion, prevencion de its y de cancer de cuello uterino",condon femenino: usuarias nuevas,2015-05-01,1,12,0,12,0,25
ROBORE,"anticoncepcion, prevencion de its y de cancer de cuello uterino",condon femenino: usuarias nuevas,2015-05-01,0,0,1,0,0,1
SALINAS DE GARCI MENDOZA,"anticoncepcion, prevencion de its y de cancer de cuello uterino",condon femenino: usuarias nuevas,2015-05-01,0,1,1,0,0,2
SAN BORJA,"anticoncepcion, prevencion de its y de cancer de cuello uterino",condon femenino: usuarias nuevas,2015-05-01,0,0,192,72,0,264
SANTA CRUZ DE LA SIERRA,"anticoncepcion, prevencion de its y de cancer de cuello uterino",condon femenino: usuarias nuevas,2015-05-01,0,0,40,1,0,41
SHINAOTA,"anticoncepcion, prevencion de its y de cancer de cuello uterino",condon femenino: usuarias nuevas,2015-05-01,0,0,3,0,0,3
SOPACHUY,"anticoncepcion, prevencion de its y de cancer de cuello uterino",condon femenino: usuarias nuevas,2015-05-01,0,0,0,1,0,1
SUCRE,"anticoncepcion, prevencion de its y de cancer de cuello uterino",condon femenino: usuarias nuevas,2015-05-01,0,0,50,12,0,62
TARIJA,"anticoncepcion, prevencion de its y de cancer de cuello uterino",condon femenino: usuarias nuevas,2015-05-01,0,12,0,0,0,12
TEOPONTE,"anticoncepcion, prevencion de its y de cancer de cuello uterino",condon femenino: usuarias nuevas,2015-05-01,0,1,0,0,0,1
UNCIA,"anticoncepcion, prevencion de its y de cancer de cuello uterino",condon femenino: usuarias nuevas,2015-05-01,0,0,12,0,0,12
URUBICHA,"anticoncepcion, prevencion de its y de cancer de cuello uterino",condon femenino: usuarias nuevas,2015-05-01,0,0,12,24,0,36
UYUNI,"anticoncepcion, prevencion de its y de cancer de cuello uterino",condon femenino: usuarias nuevas,2015-05-01,0,0,12,0,0,12
ARBIETO,"anticoncepcion, prevencion de its y de cancer de cuello uterino",condon femenino: usuarias nuevas,2015-06-01,0,0,26,0,0,26
ATOCHA,"anticoncepcion, prevencion de its y de cancer de cuello uterino",condon femenino: usuarias nuevas,2015-06-01,0,0,2,0,0,2
AYOPAYA (V. DE INDEPENDENCIA),"anticoncepcion, prevencion de its y de cancer de cuello uterino",condon femenino: usuarias nuevas,2015-06-01,0,0,0,0,1,1
BAURES,"anticoncepcion, prevencion de its y de cancer de cuello uterino",condon femenino: usuarias nuevas,2015-06-01,0,1,1,0,0,2
BETANZOS,"anticoncepcion, prevencion de its y de cancer de cuello uterino",condon femenino: usuarias nuevas,2015-06-01,0,0,0,12,12,24
BUENA VISTA,"anticoncepcion, prevencion de its y de cancer de cuello uterino",condon femenino: usuarias nuevas,2015-06-01,0,0,3,0,0,3
CAIROMA,"anticoncepcion, prevencion de its y de cancer de cuello uterino",condon femenino: usuarias nuevas,2015-06-01,0,1,0,0,0,1
CAMARGO,"anticoncepcion, prevencion de its y de cancer de cuello uterino",condon femenino: usuarias nuevas,2015-06-01,0,0,1,0,0,1
CAMIRI,"anticoncepcion, prevencion de its y de cancer de cuello uterino",condon femenino: usuarias nuevas,2015-06-01,0,0,24,0,0,24
CHALLAPATA,"anticoncepcion, prevencion de its y de cancer de cuello uterino",condon femenino: usuarias nuevas,2015-06-01,0,0,0,1,0,1
COCHABAMBA,"anticoncepcion, prevencion de its y de cancer de cuello uterino",condon femenino: usuarias nuevas,2015-06-01,0,2,643,0,0,645
COLQUIRI,"anticoncepcion, prevencion de its y de cancer de cuello uterino",condon femenino: usuarias nuevas,2015-06-01,0,0,1,0,0,1
CUATRO CAÑADAS,"anticoncepcion, prevencion de its y de cancer de cuello uterino",condon femenino: usuarias nuevas,2015-06-01,0,1,0,0,0,1
EL ALTO,"anticoncepcion, prevencion de its y de cancer de cuello uterino",condon femenino: usuarias nuevas,2015-06-01,1,7,15,5,0,28
EL TORNO,"anticoncepcion, prevencion de its y de cancer de cuello uterino",condon femenino: usuarias nuevas,2015-06-01,0,0,3,0,0,3
HUANUNI,"anticoncepcion, prevencion de its y de cancer de cuello uterino",condon femenino: usuarias nuevas,2015-06-01,0,0,0,1,0,1
LA PAZ,"anticoncepcion, prevencion de its y de cancer de cuello uterino",condon femenino: usuarias nuevas,2015-06-01,0,0,5,0,0,5
MACHARETI,"anticoncepcion, prevencion de its y de cancer de cuello uterino",condon femenino: usuarias nuevas,2015-06-01,0,0,24,0,0,24
MONTERO,"anticoncepcion, prevencion de its y de cancer de cuello uterino",condon femenino: usuarias nuevas,2015-06-01,0,1,0,0,0,1
PADCAYA,"anticoncepcion, prevencion de its y de cancer de cuello uterino",condon femenino: usuarias nuevas,2015-06-01,0,12,0,0,0,12
PALOS BLANCOS,"anticoncepcion, prevencion de its y de cancer de cuello uterino",condon femenino: usuarias nuevas,2015-06-01,0,0,0,1,0,1
POTOSI,"anticoncepcion, prevencion de its y de cancer de cuello uterino",condon femenino: usuarias nuevas,2015-06-01,0,1,4,1,0,6
RIBERALTA,"anticoncepcion, prevencion de its y de cancer de cuello uterino",condon femenino: usuarias nuevas,2015-06-01,1,7,36,0,0,44
SAN JAVIER(BNI),"anticoncepcion, prevencion de its y de cancer de cuello uterino",condon femenino: usuarias nuevas,2015-06-01,0,0,0,1,0,1
SAN JOSE DE CHIQUITOS,"anticoncepcion, prevencion de its y de cancer de cuello uterino",condon femenino: usuarias nuevas,2015-06-01,0,48,128,72,12,260
SANTA CRUZ DE LA SIERRA,"anticoncepcion, prevencion de its y de cancer de cuello uterino",condon femenino: usuarias nuevas,2015-06-01,0,0,1,0,0,1
SIPE SIPE,"anticoncepcion, prevencion de its y de cancer de cuello uterino",condon femenino: usuarias nuevas,2015-06-01,0,0,2,0,0,2
SUCRE,"anticoncepcion, prevencion de its y de cancer de cuello uterino",condon femenino: usuarias nuevas,2015-06-01,0,0,2,2,0,4
TARIJA,"anticoncepcion, prevencion de its y de cancer de cuello uterino",condon femenino: usuarias nuevas,2015-06-01,0,0,2,0,0,2
TRINIDAD,"anticoncepcion, prevencion de its y de cancer de cuello uterino",condon femenino: usuarias nuevas,2015-06-01,1440,61,120,30,0,1651
UYUNI,"anticoncepcion, prevencion de its y de cancer de cuello uterino",condon femenino: usuarias nuevas,2015-06-01,0,0,1,0,0,1
VACAS,"anticoncepcion, prevencion de its y de cancer de cuello uterino",condon femenino: usuarias nuevas,2015-06-01,0,0,0,1,0,1
VILLA SERRANO,"anticoncepcion, prevencion de its y de cancer de cuello uterino",condon femenino: usuarias nuevas,2015-06-01,0,0,5,0,0,5
VILLA TUNARI,"anticoncepcion, prevencion de its y de cancer de cuello uterino",condon femenino: usuarias nuevas,2015-06-01,1,6,18,6,0,31
YOCALLA,"anticoncepcion, prevencion de its y de cancer de cuello uterino",condon femenino: usuarias nuevas,2015-06-01,0,0,36,12,0,48
ALTO BENI,"anticoncepcion, prevencion de its y de cancer de cuello uterino",condon femenino: usuarias nuevas,2015-07-01,0,0,1,0,0,1
AZURDUY,"anticoncepcion, prevencion de its y de cancer de cuello uterino",condon femenino: usuarias nuevas,2015-07-01,0,1,5,4,0,10
CAMIRI,"anticoncepcion, prevencion de its y de cancer de cuello uterino",condon femenino: usuarias nuevas,2015-07-01,0,0,3,0,0,3
CARAPARI,"anticoncepcion, prevencion de its y de cancer de cuello uterino",condon femenino: usuarias nuevas,2015-07-01,0,0,0,1,0,1
COIPASA,"anticoncepcion, prevencion de its y de cancer de cuello uterino",condon femenino: usuarias nuevas,2015-07-01,0,0,4,1,0,5
COLPA BELGICA,"anticoncepcion, prevencion de its y de cancer de cuello uterino",condon femenino: usuarias nuevas,2015-07-01,0,0,1,0,0,1
ENTRE RIOS TRJ,"anticoncepcion, prevencion de its y de cancer de cuello uterino",condon femenino: usuarias nuevas,2015-07-01,0,12,0,0,0,12
HUACHACALLA,"anticoncepcion, prevencion de its y de cancer de cuello uterino",condon femenino: usuarias nuevas,2015-07-01,0,0,0,1,0,1
IRUPANA (VILLA DE LANZA),"anticoncepcion, prevencion de its y de cancer de cuello uterino",condon femenino: usuarias nuevas,2015-07-01,0,1,0,0,0,1
LA ASUNTA,"anticoncepcion, prevencion de its y de cancer de cuello uterino",condon femenino: usuarias nuevas,2015-07-01,0,0,2,0,0,2
LA PAZ,"anticoncepcion, prevencion de its y de cancer de cuello uterino",condon femenino: usuarias nuevas,2015-07-01,0,0,5,1,0,6
LLALLAGUA,"anticoncepcion, prevencion de its y de cancer de cuello uterino",condon femenino: usuarias nuevas,2015-07-01,0,0,1,1,0,2
MECAPACA,"anticoncepcion, prevencion de its y de cancer de cuello uterino",condon femenino: usuarias nuevas,2015-07-01,0,0,1,0,0,1
MIZQUE,"anticoncepcion, prevencion de its y de cancer de cuello uterino",condon femenino: usuarias nuevas,2015-07-01,0,1,0,0,0,1
OCURI,"anticoncepcion, prevencion de its y de cancer de cuello uterino",condon femenino: usuarias nuevas,2015-07-01,0,0,1,2,0,3
PADILLA,"anticoncepcion, prevencion de its y de cancer de cuello uterino",condon femenino: usuarias nuevas,2015-07-01,0,0,0,24,0,24
PAILON,"anticoncepcion, prevencion de its y de cancer de cuello uterino",condon femenino: usuarias nuevas,2015-07-01,0,0,1,0,0,1
POTOSI,"anticoncepcion, prevencion de its y de cancer de cuello uterino",condon femenino: usuarias nuevas,2015-07-01,0,1,3,0,0,4
PUERTO QUIJARRO,"anticoncepcion, prevencion de its y de cancer de cuello uterino",condon femenino: usuarias nuevas,2015-07-01,0,0,132,12,0,144
QUILLACOLLO,"anticoncepcion, prevencion de its y de cancer de cuello uterino",condon femenino: usuarias nuevas,2015-07-01,0,2,4,0,0,6
ROBORE,"anticoncepcion, prevencion de its y de cancer de cuello uterino",condon femenino: usuarias nuevas,2015-07-01,0,0,0,1,0,1
SAN PEDRO,"anticoncepcion, prevencion de its y de cancer de cuello uterino",condon femenino: usuarias nuevas,2015-07-01,0,1,0,0,0,1
SAN RAMON SCZ,"anticoncepcion, prevencion de its y de cancer de cuello uterino",condon femenino: usuarias nuevas,2015-07-01,0,0,2,0,0,2
SANTA CRUZ DE LA SIERRA,"anticoncepcion, prevencion de its y de cancer de cuello uterino",condon femenino: usuarias nuevas,2015-07-01,0,2,8,3,0,13
SHINAOTA,"anticoncepcion, prevencion de its y de cancer de cuello uterino",condon femenino: usuarias nuevas,2015-07-01,0,0,5,1,0,6
SIPE SIPE,"anticoncepcion, prevencion de its y de cancer de cuello uterino",condon femenino: usuarias nuevas,2015-07-01,0,1,1,3,0,5
SUCRE,"anticoncepcion, prevencion de its y de cancer de cuello uterino",condon femenino: usuarias nuevas,2015-07-01,0,122,267,271,0,660
TARIJA,"anticoncepcion, prevencion de its y de cancer de cuello uterino",condon femenino: usuarias nuevas,2015-07-01,0,0,2,3,0,5
TARVITA,"anticoncepcion, prevencion de its y de cancer de cuello uterino",condon femenino: usuarias nuevas,2015-07-01,0,0,36,24,0,60
TOMAVE,"anticoncepcion, prevencion de its y de cancer de cuello uterino",condon femenino: usuarias nuevas,2015-07-01,0,0,2,0,0,2
TOMINA,"anticoncepcion, prevencion de its y de cancer de cuello uterino",condon femenino: usuarias nuevas,2015-07-01,0,0,2,0,0,2
VIACHA,"anticoncepcion, prevencion de its y de cancer de cuello uterino",condon femenino: usuarias nuevas,2015-07-01,0,0,3,3,0,6
WARNES,"anticoncepcion, prevencion de its y de cancer de cuello uterino",condon femenino: usuarias nuevas,2015-07-01,0,0,12,0,0,12
ALTO BENI,"anticoncepcion, prevencion de its y de cancer de cuello uterino",condon femenino: usuarias nuevas,2015-08-01,0,1,1,0,0,2
"CAIZA ""D""","anticoncepcion, prevencion de its y de cancer de cuello uterino",condon femenino: usuarias nuevas,2015-08-01,0,0,3,0,0,3
CAMARGO,"anticoncepcion, prevencion de its y de cancer de cuello uterino",condon femenino: usuarias nuevas,2015-08-01,0,0,2,0,0,2
CARANAVI,"anticoncepcion, prevencion de its y de cancer de cuello uterino",condon femenino: usuarias nuevas,2015-08-01,0,0,1,1,0,2
CHAYANTA,"anticoncepcion, prevencion de its y de cancer de cuello uterino",condon femenino: usuarias nuevas,2015-08-01,0,0,1,0,0,1
CHIMORE,"anticoncepcion, prevencion de its y de cancer de cuello uterino",condon femenino: usuarias nuevas,2015-08-01,0,0,5,0,0,5
COCAPATA,"anticoncepcion, prevencion de its y de cancer de cuello uterino",condon femenino: usuarias nuevas,2015-08-01,0,0,0,12,0,12
COMARAPA,"anticoncepcion, prevencion de its y de cancer de cuello uterino",condon femenino: usuarias nuevas,2015-08-01,0,0,1,0,0,1
CUATRO CAÑADAS,"anticoncepcion, prevencion de its y de cancer de cuello uterino",condon femenino: usuarias nuevas,2015-08-01,0,4,0,0,0,4
EL ALTO,"anticoncepcion, prevencion de its y de cancer de cuello uterino",condon femenino: usuarias nuevas,2015-08-01,0,0,11,3,0,14
EL TORNO,"anticoncepcion, prevencion de its y de cancer de cuello uterino",condon femenino: usuarias nuevas,2015-08-01,0,0,4,0,0,4
ENTRE RIOS TRJ,"anticoncepcion, prevencion de its y de cancer de cuello uterino",condon femenino: usuarias nuevas,2015-08-01,0,0,36,0,0,36
LA PAZ,"anticoncepcion, prevencion de its y de cancer de cuello uterino",condon femenino: usuarias nuevas,2015-08-01,0,0,3,2,0,5
MAGDALENA,"anticoncepcion, prevencion de its y de cancer de cuello uterino",condon femenino: usuarias nuevas,2015-08-01,0,0,0,3,0,3
ORURO,"anticoncepcion, prevencion de its y de cancer de cuello uterino",condon femenino: usuarias nuevas,2015-08-01,0,12,168,24,0,204
PADCAYA,"anticoncepcion, prevencion de its y de cancer de cuello uterino",condon femenino: usuarias nuevas,2015-08-01,0,1,0,0,0,1
PAZÑA,"anticoncepcion, prevencion de its y de cancer de cuello uterino",condon femenino: usuarias nuevas,2015-08-01,0,0,2,0,0,2
POTOSI,"anticoncepcion, prevencion de its y de cancer de cuello uterino",condon femenino: usuarias nuevas,2015-08-01,0,2,6,4,0,12
PUERTO RICO,"anticoncepcion, prevencion de its y de cancer de cuello uterino",condon femenino: usuarias nuevas,2015-08-01,0,0,1,0,0,1
QUILLACOLLO,"anticoncepcion, prevencion de its y de cancer de cuello uterino",condon femenino: usuarias nuevas,2015-08-01,0,3,8,9,0,20
RIBERALTA,"anticoncepcion, prevencion de its y de cancer de cuello uterino",condon femenino: usuarias nuevas,2015-08-01,0,1,2,0,0,3
ROBORE,"anticoncepcion, prevencion de its y de cancer de cuello uterino",condon femenino: usuarias nuevas,2015-08-01,0,0,1,0,0,1
SALINAS DE GARCI MENDOZA,"anticoncepcion, prevencion de its y de cancer de cuello uterino",condon femenino: usuarias nuevas,2015-08-01,0,0,1,0,0,1
SAN ANDRES,"anticoncepcion, prevencion de its y de cancer de cuello uterino",condon femenino: usuarias nuevas,2015-08-01,1,0,0,0,0,1
SAN BORJA,"anticoncepcion, prevencion de its y de cancer de cuello uterino",condon femenino: usuarias nuevas,2015-08-01,0,36,72,24,0,132
SAN CARLOS,"anticoncepcion, prevencion de its y de cancer de cuello uterino",condon femenino: usuarias nuevas,2015-08-01,0,3,1,0,0,4
SAN JAVIER(BNI),"anticoncepcion, prevencion de its y de cancer de cuello uterino",condon femenino: usuarias nuevas,2015-08-01,0,0,2,0,0,2
SAN JOSE DE CHIQUITOS,"anticoncepcion, prevencion de its y de cancer de cuello uterino",condon femenino: usuarias nuevas,2015-08-01,0,0,2,0,0,2
SANTA CRUZ DE LA SIERRA,"anticoncepcion, prevencion de its y de cancer de cuello uterino",condon femenino: usuarias nuevas,2015-08-01,0,2,85,12,0,99
SUCRE,"anticoncepcion, prevencion de its y de cancer de cuello uterino",condon femenino: usuarias nuevas,2015-08-01,0,21,44,0,0,65
TARIJA,"anticoncepcion, prevencion de its y de cancer de cuello uterino",condon femenino: usuarias nuevas,2015-08-01,0,0,1,0,0,1
TIPUANI,"anticoncepcion, prevencion de its y de cancer de cuello uterino",condon femenino: usuarias nuevas,2015-08-01,0,0,1,0,0,1
TRINIDAD,"anticoncepcion, prevencion de its y de cancer de cuello uterino",condon femenino: usuarias nuevas,2015-08-01,0,900,546,0,0,1446
TUPIZA,"anticoncepcion, prevencion de its y de cancer de cuello uterino",condon femenino: usuarias nuevas,2015-08-01,0,0,0,1,0,1
UYUNI,"anticoncepcion, prevencion de its y de cancer de cuello uterino",condon femenino: usuarias nuevas,2015-08-01,0,0,1,0,0,1
WARNES,"anticoncepcion, prevencion de its y de cancer de cuello uterino",condon femenino: usuarias nuevas,2015-08-01,0,0,24,0,0,24
ATOCHA,"anticoncepcion, prevencion de its y de cancer de cuello uterino",condon femenino: usuarias nuevas,2015-09-01,0,0,0,3,0,3
CABEZAS,"anticoncepcion, prevencion de its y de cancer de cuello uterino",condon femenino: usuarias nuevas,2015-09-01,0,2,2,0,0,4
COLCAPIRHUA,"anticoncepcion, prevencion de its y de cancer de cuello uterino",condon femenino: usuarias nuevas,2015-09-01,0,0,1,0,0,1
COLPA BELGICA,"anticoncepcion, prevencion de its y de cancer de cuello uterino",condon femenino: usuarias nuevas,2015-09-01,0,0,1,0,0,1
COMARAPA,"anticoncepcion, prevencion de its y de cancer de cuello uterino",condon femenino: usuarias nuevas,2015-09-01,0,1,1,0,0,2
CONCEPCION,"anticoncepcion, prevencion de its y de cancer de cuello uterino",condon femenino: usuarias nuevas,2015-09-01,0,0,1,1,0,2
EL ALTO,"anticoncepcion, prevencion de its y de cancer de cuello uterino",condon femenino: usuarias nuevas,2015-09-01,0,0,3,0,0,3
ENTRE RIOS TRJ,"anticoncepcion, prevencion de its y de cancer de cuello uterino",condon femenino: usuarias nuevas,2015-09-01,0,2,5,26,0,33
LA GUARDIA,"anticoncepcion, prevencion de its y de cancer de cuello uterino",condon femenino: usuarias nuevas,2015-09-01,0,0,12,0,0,12
LA PAZ,"anticoncepcion, prevencion de its y de cancer de cuello uterino",condon femenino: usuarias nuevas,2015-09-01,0,5,8,2,0,15
LAGUNILLAS,"anticoncepcion, prevencion de its y de cancer de cuello uterino",condon femenino: usuarias nuevas,2015-09-01,0,0,36,0,0,36
LLALLAGUA,"anticoncepcion, prevencion de its y de cancer de cuello uterino",condon femenino: usuarias nuevas,2015-09-01,0,1,5,4,1,11
ORURO,"anticoncepcion, prevencion de its y de cancer de cuello uterino",condon femenino: usuarias nuevas,2015-09-01,0,0,1,0,0,1
POTOSI,"anticoncepcion, prevencion de its y de cancer de cuello uterino",condon femenino: usuarias nuevas,2015-09-01,0,0,3,4,0,7
PRESTO,"anticoncepcion, prevencion de its y de cancer de cuello uterino",condon femenino: usuarias nuevas,2015-09-01,0,0,1,0,0,1
RIBERALTA,"anticoncepcion, prevencion de its y de cancer de cuello uterino",condon femenino: usuarias nuevas,2015-09-01,0,0,3,0,0,3
ROBORE,"anticoncepcion, prevencion de its y de cancer de cuello uterino",condon femenino: usuarias nuevas,2015-09-01,0,2,0,0,0,2
SAN ANDRES,"anticoncepcion, prevencion de its y de cancer de cuello uterino",condon femenino: usuarias nuevas,2015-09-01,0,0,1,0,0,1
SAN BORJA,"anticoncepcion, prevencion de its y de cancer de cuello uterino",condon femenino: usuarias nuevas,2015-09-01,0,12,36,24,0,72
SAN JOSE DE CHIQUITOS,"anticoncepcion, prevencion de its y de cancer de cuello uterino",condon femenino: usuarias nuevas,2015-09-01,0,0,0,1,0,1
SANTA CRUZ DE LA SIERRA,"anticoncepcion, prevencion de its y de cancer de cuello uterino",condon femenino: usuarias nuevas,2015-09-01,0,0,2,0,0,2
SUCRE,"anticoncepcion, prevencion de its y de cancer de cuello uterino",condon femenino: usuarias nuevas,2015-09-01,0,1,3,3,0,7
TACOBAMBA,"anticoncepcion, prevencion de its y de cancer de cuello uterino",condon femenino: usuarias nuevas,2015-09-01,0,0,36,12,0,48
TARIJA,"anticoncepcion, prevencion de its y de cancer de cuello uterino",condon femenino: usuarias nuevas,2015-09-01,0,0,1,0,0,1
TIRAQUE (CBBA),"anticoncepcion, prevencion de its y de cancer de cuello uterino",condon femenino: usuarias nuevas,2015-09-01,0,0,1,0,0,1
TOTORA(ORR),"anticoncepcion, prevencion de its y de cancer de cuello uterino",condon femenino: usuarias nuevas,2015-09-01,0,0,1,0,0,1
UYUNI,"anticoncepcion, prevencion de its y de cancer de cuello uterino",condon femenino: usuarias nuevas,2015-09-01,0,0,12,0,0,12
VALLEGRANDE,"anticoncepcion, prevencion de its y de cancer de cuello uterino",condon femenino: usuarias nuevas,2015-09-01,0,0,1,0,0,1
VILLA SERRANO,"anticoncepcion, prevencion de its y de cancer de cuello uterino",condon femenino: usuarias nuevas,2015-09-01,0,0,2,0,0,2
VILLA TUNARI,"anticoncepcion, prevencion de its y de cancer de cuello uterino",condon femenino: usuarias nuevas,2015-09-01,0,0,1,0,0,1
WARNES,"anticoncepcion, prevencion de its y de cancer de cuello uterino",condon femenino: usuarias nuevas,2015-09-01,0,0,12,0,0,12
YACUIBA,"anticoncepcion, prevencion de its y de cancer de cuello uterino",condon femenino: usuarias nuevas,2015-09-01,0,1,0,0,0,1
YAPACANI,"anticoncepcion, prevencion de its y de cancer de cuello uterino",condon femenino: usuarias nuevas,2015-09-01,0,0,96,0,0,96
BOLPEBRA,"anticoncepcion, prevencion de its y de cancer de cuello uterino",condon femenino: usuarias nuevas,2015-10-01,0,0,3,1,0,4
CAMIRI,"anticoncepcion, prevencion de its y de cancer de cuello uterino",condon femenino: usuarias nuevas,2015-10-01,0,0,0,1,0,1
COCAPATA,"anticoncepcion, prevencion de its y de cancer de cuello uterino",condon femenino: usuarias nuevas,2015-10-01,0,0,1,0,0,1
COCHABAMBA,"anticoncepcion, prevencion de its y de cancer de cuello uterino",condon femenino: usuarias nuevas,2015-10-01,0,0,4,1,0,5
ENTRE RIOS TRJ,"anticoncepcion, prevencion de its y de cancer de cuello uterino",condon femenino: usuarias nuevas,2015-10-01,0,60,0,0,0,60
LA GUARDIA,"anticoncepcion, prevencion de its y de cancer de cuello uterino",condon femenino: usuarias nuevas,2015-10-01,0,0,1,1,0,2
LA PAZ,"anticoncepcion, prevencion de its y de cancer de cuello uterino",condon femenino: usuarias nuevas,2015-10-01,0,6,2,0,0,8
LLALLAGUA,"anticoncepcion, prevencion de its y de cancer de cuello uterino",condon femenino: usuarias nuevas,2015-10-01,0,4,2,0,0,6
MORO MORO,"anticoncepcion, prevencion de its y de cancer de cuello uterino",condon femenino: usuarias nuevas,2015-10-01,0,0,1,2,0,3
ORURO,"anticoncepcion, prevencion de its y de cancer de cuello uterino",condon femenino: usuarias nuevas,2015-10-01,0,0,0,0,3,3
PAILON,"anticoncepcion, prevencion de its y de cancer de cuello uterino",condon femenino: usuarias nuevas,2015-10-01,0,0,0,1,0,1
PAPEL PAMPA,"anticoncepcion, prevencion de its y de cancer de cuello uterino",condon femenino: usuarias nuevas,2015-10-01,0,0,3,1,0,4
POTOSI,"anticoncepcion, prevencion de its y de cancer de cuello uterino",condon femenino: usuarias nuevas,2015-10-01,0,0,50,10,0,60
PRESTO,"anticoncepcion, prevencion de its y de cancer de cuello uterino",condon femenino: usuarias nuevas,2015-10-01,0,1,3,0,0,4
PUNA,"anticoncepcion, prevencion de its y de cancer de cuello uterino",condon femenino: usuarias nuevas,2015-10-01,0,12,12,0,0,24
RIBERALTA,"anticoncepcion, prevencion de its y de cancer de cuello uterino",condon femenino: usuarias nuevas,2015-10-01,0,0,3,0,0,3
ROBORE,"anticoncepcion, prevencion de its y de cancer de cuello uterino",condon femenino: usuarias nuevas,2015-10-01,0,0,1,0,0,1
SABAYA,"anticoncepcion, prevencion de its y de cancer de cuello uterino",condon femenino: usuarias nuevas,2015-10-01,0,1,0,0,0,1
SAN IGNACIO,"anticoncepcion, prevencion de its y de cancer de cuello uterino",condon femenino: usuarias nuevas,2015-10-01,0,1,3,1,0,5
SAN JAVIER(BNI),"anticoncepcion, prevencion de its y de cancer de cuello uterino",condon femenino: usuarias nuevas,2015-10-01,0,0,1,0,0,1
SAN JULIAN,"anticoncepcion, prevencion de its y de cancer de cuello uterino",condon femenino: usuarias nuevas,2015-10-01,0,0,0,1,0,1
SAN MATIAS,"anticoncepcion, prevencion de its y de cancer de cuello uterino",condon femenino: usuarias nuevas,2015-10-01,0,12,0,0,0,12
SANTA CRUZ DE LA SIERRA,"anticoncepcion, prevencion de its y de cancer de cuello uterino",condon femenino: usuarias nuevas,2015-10-01,4,8,64,6,0,82
SIPE SIPE,"anticoncepcion, prevencion de its y de cancer de cuello uterino",condon femenino: usuarias nuevas,2015-10-01,0,0,24,36,0,60
SUCRE,"anticoncepcion, prevencion de its y de cancer de cuello uterino",condon femenino: usuarias nuevas,2015-10-01,0,6,14,11,0,31
TARIJA,"anticoncepcion, prevencion de its y de cancer de cuello uterino",condon femenino: usuarias nuevas,2015-10-01,0,69,34,36,0,139
TOMAVE,"anticoncepcion, prevencion de its y de cancer de cuello uterino",condon femenino: usuarias nuevas,2015-10-01,0,0,0,1,0,1
TRINIDAD,"anticoncepcion, prevencion de its y de cancer de cuello uterino",condon femenino: usuarias nuevas,2015-10-01,0,0,12,0,0,12
TUPIZA,"anticoncepcion, prevencion de its y de cancer de cuello uterino",condon femenino: usuarias nuevas,2015-10-01,0,0,1,0,0,1
VILLA TUNARI,"anticoncepcion, prevencion de its y de cancer de cuello uterino",condon femenino: usuarias nuevas,2015-10-01,0,0,3,0,0,3
YACUIBA,"anticoncepcion, prevencion de its y de cancer de cuello uterino",condon femenino: usuarias nuevas,2015-10-01,0,0,1,0,0,1
ARANI,"anticoncepcion, prevencion de its y de cancer de cuello uterino",condon femenino: usuarias nuevas,2015-11-01,0,0,0,1,0,1
ATOCHA,"anticoncepcion, prevencion de its y de cancer de cuello uterino",condon femenino: usuarias nuevas,2015-11-01,0,0,1,0,0,1
AYOPAYA (V. DE INDEPENDENCIA),"anticoncepcion, prevencion de its y de cancer de cuello uterino",condon femenino: usuarias nuevas,2015-11-01,0,0,2,1,0,3
BETANZOS,"anticoncepcion, prevencion de its y de cancer de cuello uterino",condon femenino: usuarias nuevas,2015-11-01,0,0,1,0,0,1
BOLPEBRA,"anticoncepcion, prevencion de its y de cancer de cuello uterino",condon femenino: usuarias nuevas,2015-11-01,0,0,6,0,0,6
CHOQUE COTA,"anticoncepcion, prevencion de its y de cancer de cuello uterino",condon femenino: usuarias nuevas,2015-11-01,0,0,0,1,0,1
CKOCHAS,"anticoncepcion, prevencion de its y de cancer de cuello uterino",condon femenino: usuarias nuevas,2015-11-01,0,0,0,12,0,12
COBIJA,"anticoncepcion, prevencion de its y de cancer de cuello uterino",condon femenino: usuarias nuevas,2015-11-01,0,0,10,0,0,10
CORO CORO,"anticoncepcion, prevencion de its y de cancer de cuello uterino",condon femenino: usuarias nuevas,2015-11-01,0,0,1,0,0,1
COTAGAITA,"anticoncepcion, prevencion de its y de cancer de cuello uterino",condon femenino: usuarias nuevas,2015-11-01,0,0,5,3,0,8
EL ALTO,"anticoncepcion, prevencion de its y de cancer de cuello uterino",condon femenino: usuarias nuevas,2015-11-01,0,1,0,0,0,1
ENTRE RIOS TRJ,"anticoncepcion, prevencion de its y de cancer de cuello uterino",condon femenino: usuarias nuevas,2015-11-01,0,1,0,1,0,2
GUAYARAMERIN,"anticoncepcion, prevencion de its y de cancer de cuello uterino",condon femenino: usuarias nuevas,2015-11-01,0,68,225,37,0,330
INGAVI (HUMAITA),"anticoncepcion, prevencion de its y de cancer de cuello uterino",condon femenino: usuarias nuevas,2015-11-01,0,0,12,0,0,12
LA PAZ,"anticoncepcion, prevencion de its y de cancer de cuello uterino",condon femenino: usuarias nuevas,2015-11-01,0,3,10,1,0,14
LLALLAGUA,"anticoncepcion, prevencion de its y de cancer de cuello uterino",condon femenino: usuarias nuevas,2015-11-01,0,2,2,0,0,4
MIZQUE,"anticoncepcion, prevencion de its y de cancer de cuello uterino",condon femenino: usuarias nuevas,2015-11-01,0,1,2,0,0,3
MONTERO,"anticoncepcion, prevencion de its y de cancer de cuello uterino",condon femenino: usuarias nuevas,2015-11-01,0,0,3,1,0,4
NACEBE (SANTA ROSA DEL ABUNA),"anticoncepcion, prevencion de its y de cancer de cuello uterino",condon femenino: usuarias nuevas,2015-11-01,0,1,1,0,0,2
ORURO,"anticoncepcion, prevencion de its y de cancer de cuello uterino",condon femenino: usuarias nuevas,2015-11-01,0,0,2,0,0,2
PORCO,"anticoncepcion, prevencion de its y de cancer de cuello uterino",condon femenino: usuarias nuevas,2015-11-01,0,0,1,0,0,1
POTOSI,"anticoncepcion, prevencion de its y de cancer de cuello uterino",condon femenino: usuarias nuevas,2015-11-01,0,1,2,7,0,10
PUERTO VILLARROEL,"anticoncepcion, prevencion de its y de cancer de cuello uterino",condon femenino: usuarias nuevas,2015-11-01,0,12,24,0,0,36
QUILLACOLLO,"anticoncepcion, prevencion de its y de cancer de cuello uterino",condon femenino: usuarias nuevas,2015-11-01,0,0,2,0,0,2
ROBORE,"anticoncepcion, prevencion de its y de cancer de cuello uterino",condon femenino: usuarias nuevas,2015-11-01,0,1,0,0,0,1
SAIPINA,"anticoncepcion, prevencion de its y de cancer de cuello uterino",condon femenino: usuarias nuevas,2015-11-01,0,0,2,0,0,2
SAN JOSE DE CHIQUITOS,"anticoncepcion, prevencion de its y de cancer de cuello uterino",condon femenino: usuarias nuevas,2015-11-01,0,0,12,0,0,12
SANTA CRUZ DE LA SIERRA,"anticoncepcion, prevencion de its y de cancer de cuello uterino",condon femenino: usuarias nuevas,2015-11-01,0,1,14,0,0,15
SICAYA,"anticoncepcion, prevencion de its y de cancer de cuello uterino",condon femenino: usuarias nuevas,2015-11-01,0,1,33,1,0,35
SOPACHUY,"anticoncepcion, prevencion de its y de cancer de cuello uterino",condon femenino: usuarias nuevas,2015-11-01,0,0,25,0,0,25
SUCRE,"anticoncepcion, prevencion de its y de cancer de cuello uterino",condon femenino: usuarias nuevas,2015-11-01,0,0,81,0,0,81
TARVITA,"anticoncepcion, prevencion de its y de cancer de cuello uterino",condon femenino: usuarias nuevas,2015-11-01,0,0,0,1,0,1
TIQUIPAYA,"anticoncepcion, prevencion de its y de cancer de cuello uterino",condon femenino: usuarias nuevas,2015-11-01,0,0,48,0,0,48
VILLA TUNARI,"anticoncepcion, prevencion de its y de cancer de cuello uterino",condon femenino: usuarias nuevas,2015-11-01,0,1,0,0,0,1
VILLA VACA GUZMAN (MUYUPAMPA),"anticoncepcion, prevencion de its y de cancer de cuello uterino",condon femenino: usuarias nuevas,2015-11-01,0,24,36,12,0,72
VINTO,"anticoncepcion, prevencion de its y de cancer de cuello uterino",condon femenino: usuarias nuevas,2015-11-01,0,1,2,1,0,4
YAPACANI,"anticoncepcion, prevencion de its y de cancer de cuello uterino",condon femenino: usuarias nuevas,2015-11-01,0,0,4,0,0,4
ASCENCION DE GUARAYOS,"anticoncepcion, prevencion de its y de cancer de cuello uterino",condon femenino: usuarias nuevas,2015-12-01,0,0,2,0,0,2
ATOCHA,"anticoncepcion, prevencion de its y de cancer de cuello uterino",condon femenino: usuarias nuevas,2015-12-01,0,0,1,0,0,1
CAPINOTA,"anticoncepcion, prevencion de its y de cancer de cuello uterino",condon femenino: usuarias nuevas,2015-12-01,0,0,1,1,0,2
COBIJA,"anticoncepcion, prevencion de its y de cancer de cuello uterino",condon femenino: usuarias nuevas,2015-12-01,0,0,10,0,0,10
COCAPATA,"anticoncepcion, prevencion de its y de cancer de cuello uterino",condon femenino: usuarias nuevas,2015-12-01,0,0,2,0,0,2
COCHABAMBA,"anticoncepcion, prevencion de its y de cancer de cuello uterino",condon femenino: usuarias nuevas,2015-12-01,0,0,2,0,0,2
CORO CORO,"anticoncepcion, prevencion de its y de cancer de cuello uterino",condon femenino: usuarias nuevas,2015-12-01,0,0,0,1,0,1
EL ALTO,"anticoncepcion, prevencion de its y de cancer de cuello uterino",condon femenino: usuarias nuevas,2015-12-01,0,0,20,3,0,23
EL PUENTE(TJA),"anticoncepcion, prevencion de its y de cancer de cuello uterino",condon femenino: usuarias nuevas,2015-12-01,0,0,1,0,0,1
EL TORNO,"anticoncepcion, prevencion de its y de cancer de cuello uterino",condon femenino: usuarias nuevas,2015-12-01,0,1,1,0,0,2
GUAYARAMERIN,"anticoncepcion, prevencion de its y de cancer de cuello uterino",condon femenino: usuarias nuevas,2015-12-01,0,0,2,0,0,2
HUACARETA,"anticoncepcion, prevencion de its y de cancer de cuello uterino",condon femenino: usuarias nuevas,2015-12-01,0,0,28,0,0,28
LA GUARDIA,"anticoncepcion, prevencion de its y de cancer de cuello uterino",condon femenino: usuarias nuevas,2015-12-01,0,12,72,24,0,108
LA PAZ,"anticoncepcion, prevencion de its y de cancer de cuello uterino",condon femenino: usuarias nuevas,2015-12-01,0,0,2,0,0,2
LAS CARRERAS,"anticoncepcion, prevencion de its y de cancer de cuello uterino",condon femenino: usuarias nuevas,2015-12-01,0,0,2,0,0,2
LLALLAGUA,"anticoncepcion, prevencion de its y de cancer de cuello uterino",condon femenino: usuarias nuevas,2015-12-01,0,8,3,0,0,11
MINEROS,"anticoncepcion, prevencion de its y de cancer de cuello uterino",condon femenino: usuarias nuevas,2015-12-01,0,0,1,0,0,1
NACEBE (SANTA ROSA DEL ABUNA),"anticoncepcion, prevencion de its y de cancer de cuello uterino",condon femenino: usuarias nuevas,2015-12-01,0,0,1,0,0,1
POROMA,"anticoncepcion, prevencion de its y de cancer de cuello uterino",condon femenino: usuarias nuevas,2015-12-01,0,0,24,0,0,24
POTOSI,"anticoncepcion, prevencion de its y de cancer de cuello uterino",condon femenino: usuarias nuevas,2015-12-01,0,0,0,3,0,3
PUERTO QUIJARRO,"anticoncepcion, prevencion de its y de cancer de cuello uterino",condon femenino: usuarias nuevas,2015-12-01,0,0,0,1,0,1
PUNA,"anticoncepcion, prevencion de its y de cancer de cuello uterino",condon femenino: usuarias nuevas,2015-12-01,0,12,24,2,0,38
QUILLACOLLO,"anticoncepcion, prevencion de its y de cancer de cuello uterino",condon femenino: usuarias nuevas,2015-12-01,0,0,1,0,0,1
RIBERALTA,"anticoncepcion, prevencion de its y de cancer de cuello uterino",condon femenino: usuarias nuevas,2015-12-01,0,0,1,1,0,2
ROBORE,"anticoncepcion, prevencion de its y de cancer de cuello uterino",condon femenino: usuarias nuevas,2015-12-01,0,1,7,2,0,10
SACACA,"anticoncepcion, prevencion de its y de cancer de cuello uterino",condon femenino: usuarias nuevas,2015-12-01,0,0,60,0,0,60
SAN ANDRES,"anticoncepcion, prevencion de its y de cancer de cuello uterino",condon femenino: usuarias nuevas,2015-12-01,0,0,1,0,0,1
SAN IGNACIO,"anticoncepcion, prevencion de its y de cancer de cuello uterino",condon femenino: usuarias nuevas,2015-12-01,0,0,12,0,0,12
SAN MIGUEL DE VELASCO,"anticoncepcion, prevencion de its y de cancer de cuello uterino",condon femenino: usuarias nuevas,2015-12-01,0,0,0,1,0,1
SAN PABLO DE LIPEZ,"anticoncepcion, prevencion de its y de cancer de cuello uterino",condon femenino: usuarias nuevas,2015-12-01,0,0,1,0,0,1
SAN PEDRO DE BUENA VISTA,"anticoncepcion, prevencion de its y de cancer de cuello uterino",condon femenino: usuarias nuevas,2015-12-01,0,0,0,1,0,1
SANTA CRUZ DE LA SIERRA,"anticoncepcion, prevencion de its y de cancer de cuello uterino",condon femenino: usuarias nuevas,2015-12-01,0,0,2,0,0,2
SUCRE,"anticoncepcion, prevencion de its y de cancer de cuello uterino",condon femenino: usuarias nuevas,2015-12-01,0,0,0,8,5,13
TARIJA,"anticoncepcion, prevencion de its y de cancer de cuello uterino",condon femenino: usuarias nuevas,2015-12-01,0,7,19,20,0,46
TIQUIPAYA,"anticoncepcion, prevencion de its y de cancer de cuello uterino",condon femenino: usuarias nuevas,2015-12-01,0,0,24,0,0,24
TORO TORO,"anticoncepcion, prevencion de its y de cancer de cuello uterino",condon femenino: usuarias nuevas,2015-12-01,0,0,0,1,0,1
TUPIZA,"anticoncepcion, prevencion de its y de cancer de cuello uterino",condon femenino: usuarias nuevas,2015-12-01,0,0,1,0,0,1
VIACHA,"anticoncepcion, prevencion de its y de cancer de cuello uterino",condon femenino: usuarias nuevas,2015-12-01,0,2,1,0,0,3
VILLA SERRANO,"anticoncepcion, prevencion de its y de cancer de cuello uterino",condon femenino: usuarias nuevas,2015-12-01,0,0,8,9,1,18
VINTO,"anticoncepcion, prevencion de its y de cancer de cuello uterino",condon femenino: usuarias nuevas,2015-12-01,0,0,1,0,0,1
