municipality,group,variable,month,Condón Masculino: Usuarias (os) Nuevas (os),Condón Masculino: Usuarias (os) Nuevas (os)1,Condón Masculino: Usuarias (os) Nuevas (os)2,Condón Masculino: Usuarias (os) Nuevas (os)3,Condón Masculino: Usuarias (os) Nuevas (os)4,TOTAL
ACACIO,"anticoncepcion, prevencion de its y de cancer de cuello uterino",condon masculino: usuarias (os) nuevas (os),2015-01-01,0,0,1,0,0,1
ACHACACHI,"anticoncepcion, prevencion de its y de cancer de cuello uterino",condon masculino: usuarias (os) nuevas (os),2015-01-01,0,0,4,0,0,4
ACHOCALLA,"anticoncepcion, prevencion de its y de cancer de cuello uterino",condon masculino: usuarias (os) nuevas (os),2015-01-01,0,3,1,1,0,5
ALALAY,"anticoncepcion, prevencion de its y de cancer de cuello uterino",condon masculino: usuarias (os) nuevas (os),2015-01-01,0,1,1,0,0,2
ALCALA,"anticoncepcion, prevencion de its y de cancer de cuello uterino",condon masculino: usuarias (os) nuevas (os),2015-01-01,0,0,1,0,0,1
ALTO BENI,"anticoncepcion, prevencion de its y de cancer de cuello uterino",condon masculino: usuarias (os) nuevas (os),2015-01-01,1,0,1,1,0,3
ANCORAIMES,"anticoncepcion, prevencion de its y de cancer de cuello uterino",condon masculino: usuarias (os) nuevas (os),2015-01-01,0,0,0,1,0,1
ANDAMARCA,"anticoncepcion, prevencion de its y de cancer de cuello uterino",condon masculino: usuarias (os) nuevas (os),2015-01-01,0,0,0,2,0,2
APOLO,"anticoncepcion, prevencion de its y de cancer de cuello uterino",condon masculino: usuarias (os) nuevas (os),2015-01-01,0,0,3,0,0,3
ARBIETO,"anticoncepcion, prevencion de its y de cancer de cuello uterino",condon masculino: usuarias (os) nuevas (os),2015-01-01,0,1,12,4,0,17
ARQUE,"anticoncepcion, prevencion de its y de cancer de cuello uterino",condon masculino: usuarias (os) nuevas (os),2015-01-01,0,0,2,2,0,4
ASCENCION DE GUARAYOS,"anticoncepcion, prevencion de its y de cancer de cuello uterino",condon masculino: usuarias (os) nuevas (os),2015-01-01,0,5,17,1,0,23
ATOCHA,"anticoncepcion, prevencion de its y de cancer de cuello uterino",condon masculino: usuarias (os) nuevas (os),2015-01-01,0,0,7,0,0,7
AYATA,"anticoncepcion, prevencion de its y de cancer de cuello uterino",condon masculino: usuarias (os) nuevas (os),2015-01-01,0,0,0,1,0,1
AYOPAYA (V. DE INDEPENDENCIA),"anticoncepcion, prevencion de its y de cancer de cuello uterino",condon masculino: usuarias (os) nuevas (os),2015-01-01,0,0,4,0,0,4
AZURDUY,"anticoncepcion, prevencion de its y de cancer de cuello uterino",condon masculino: usuarias (os) nuevas (os),2015-01-01,0,1,1,0,0,2
BAURES,"anticoncepcion, prevencion de its y de cancer de cuello uterino",condon masculino: usuarias (os) nuevas (os),2015-01-01,0,0,1,0,0,1
BELEN DE URMIRI,"anticoncepcion, prevencion de its y de cancer de cuello uterino",condon masculino: usuarias (os) nuevas (os),2015-01-01,0,0,2,0,0,2
BELLA FLOR,"anticoncepcion, prevencion de its y de cancer de cuello uterino",condon masculino: usuarias (os) nuevas (os),2015-01-01,0,4,0,0,0,4
BERMEJO,"anticoncepcion, prevencion de its y de cancer de cuello uterino",condon masculino: usuarias (os) nuevas (os),2015-01-01,0,1,4,1,0,6
BETANZOS,"anticoncepcion, prevencion de its y de cancer de cuello uterino",condon masculino: usuarias (os) nuevas (os),2015-01-01,0,5,6,1,1,13
BOLIVAR,"anticoncepcion, prevencion de its y de cancer de cuello uterino",condon masculino: usuarias (os) nuevas (os),2015-01-01,0,0,1,3,0,4
BUENA VISTA,"anticoncepcion, prevencion de its y de cancer de cuello uterino",condon masculino: usuarias (os) nuevas (os),2015-01-01,0,3,3,0,0,6
CABEZAS,"anticoncepcion, prevencion de its y de cancer de cuello uterino",condon masculino: usuarias (os) nuevas (os),2015-01-01,1,10,30,11,0,52
CAIROMA,"anticoncepcion, prevencion de its y de cancer de cuello uterino",condon masculino: usuarias (os) nuevas (os),2015-01-01,0,0,2,1,0,3
"CAIZA ""D""","anticoncepcion, prevencion de its y de cancer de cuello uterino",condon masculino: usuarias (os) nuevas (os),2015-01-01,0,0,3,0,0,3
CAJUATA,"anticoncepcion, prevencion de its y de cancer de cuello uterino",condon masculino: usuarias (os) nuevas (os),2015-01-01,0,0,6,0,0,6
CALACOTO,"anticoncepcion, prevencion de its y de cancer de cuello uterino",condon masculino: usuarias (os) nuevas (os),2015-01-01,0,0,0,1,0,1
CALAMARCA,"anticoncepcion, prevencion de its y de cancer de cuello uterino",condon masculino: usuarias (os) nuevas (os),2015-01-01,0,2,4,3,0,9
CAMARGO,"anticoncepcion, prevencion de its y de cancer de cuello uterino",condon masculino: usuarias (os) nuevas (os),2015-01-01,0,0,3,1,0,4
CAMATAQUI (C. VILLA ABECIA),"anticoncepcion, prevencion de its y de cancer de cuello uterino",condon masculino: usuarias (os) nuevas (os),2015-01-01,0,0,1,0,0,1
CAMIRI,"anticoncepcion, prevencion de its y de cancer de cuello uterino",condon masculino: usuarias (os) nuevas (os),2015-01-01,0,1,4,1,0,6
CAPINOTA,"anticoncepcion, prevencion de its y de cancer de cuello uterino",condon masculino: usuarias (os) nuevas (os),2015-01-01,0,1,5,0,0,6
CAQUIAVIRI,"anticoncepcion, prevencion de its y de cancer de cuello uterino",condon masculino: usuarias (os) nuevas (os),2015-01-01,0,0,0,1,0,1
CARACOLLO,"anticoncepcion, prevencion de its y de cancer de cuello uterino",condon masculino: usuarias (os) nuevas (os),2015-01-01,0,0,2,2,0,4
CARANAVI,"anticoncepcion, prevencion de its y de cancer de cuello uterino",condon masculino: usuarias (os) nuevas (os),2015-01-01,0,4,15,8,1,28
CARANGAS,"anticoncepcion, prevencion de its y de cancer de cuello uterino",condon masculino: usuarias (os) nuevas (os),2015-01-01,0,0,1,0,0,1
CARAPARI,"anticoncepcion, prevencion de its y de cancer de cuello uterino",condon masculino: usuarias (os) nuevas (os),2015-01-01,0,1,6,1,0,8
CARIPUYO,"anticoncepcion, prevencion de its y de cancer de cuello uterino",condon masculino: usuarias (os) nuevas (os),2015-01-01,0,0,5,0,0,5
CATACORA,"anticoncepcion, prevencion de its y de cancer de cuello uterino",condon masculino: usuarias (os) nuevas (os),2015-01-01,0,0,2,1,0,3
CHALLAPATA,"anticoncepcion, prevencion de its y de cancer de cuello uterino",condon masculino: usuarias (os) nuevas (os),2015-01-01,0,2,9,2,0,13
CHAQUI,"anticoncepcion, prevencion de its y de cancer de cuello uterino",condon masculino: usuarias (os) nuevas (os),2015-01-01,0,0,1,0,0,1
CHAYANTA,"anticoncepcion, prevencion de its y de cancer de cuello uterino",condon masculino: usuarias (os) nuevas (os),2015-01-01,0,0,3,1,0,4
CHIMORE,"anticoncepcion, prevencion de its y de cancer de cuello uterino",condon masculino: usuarias (os) nuevas (os),2015-01-01,0,3,10,3,0,16
CHULUMANI (V. DE LA LIBERTAD),"anticoncepcion, prevencion de its y de cancer de cuello uterino",condon masculino: usuarias (os) nuevas (os),2015-01-01,0,2,3,0,0,5
CHUQUIHUTA AYLLU JUCUMANI,"anticoncepcion, prevencion de its y de cancer de cuello uterino",condon masculino: usuarias (os) nuevas (os),2015-01-01,0,4,2,0,0,6
CKOCHAS,"anticoncepcion, prevencion de its y de cancer de cuello uterino",condon masculino: usuarias (os) nuevas (os),2015-01-01,0,0,1,0,0,1
CLIZA,"anticoncepcion, prevencion de its y de cancer de cuello uterino",condon masculino: usuarias (os) nuevas (os),2015-01-01,0,2,7,1,1,11
COBIJA,"anticoncepcion, prevencion de its y de cancer de cuello uterino",condon masculino: usuarias (os) nuevas (os),2015-01-01,0,0,8,0,0,8
COCAPATA,"anticoncepcion, prevencion de its y de cancer de cuello uterino",condon masculino: usuarias (os) nuevas (os),2015-01-01,0,1,2,1,0,4
COCHABAMBA,"anticoncepcion, prevencion de its y de cancer de cuello uterino",condon masculino: usuarias (os) nuevas (os),2015-01-01,0,108,443,84,0,635
COIPASA,"anticoncepcion, prevencion de its y de cancer de cuello uterino",condon masculino: usuarias (os) nuevas (os),2015-01-01,0,0,2,0,0,2
COLCAPIRHUA,"anticoncepcion, prevencion de its y de cancer de cuello uterino",condon masculino: usuarias (os) nuevas (os),2015-01-01,0,0,17,4,0,21
"COLCHA ""K""","anticoncepcion, prevencion de its y de cancer de cuello uterino",condon masculino: usuarias (os) nuevas (os),2015-01-01,0,0,5,3,0,8
COLOMI,"anticoncepcion, prevencion de its y de cancer de cuello uterino",condon masculino: usuarias (os) nuevas (os),2015-01-01,0,1,3,1,0,5
COLPA BELGICA,"anticoncepcion, prevencion de its y de cancer de cuello uterino",condon masculino: usuarias (os) nuevas (os),2015-01-01,0,1,1,0,0,2
COLQUECHACA,"anticoncepcion, prevencion de its y de cancer de cuello uterino",condon masculino: usuarias (os) nuevas (os),2015-01-01,0,6,26,8,0,40
COLQUENCHA,"anticoncepcion, prevencion de its y de cancer de cuello uterino",condon masculino: usuarias (os) nuevas (os),2015-01-01,2,3,1,0,0,6
COMARAPA,"anticoncepcion, prevencion de its y de cancer de cuello uterino",condon masculino: usuarias (os) nuevas (os),2015-01-01,0,1,5,2,0,8
CONCEPCION,"anticoncepcion, prevencion de its y de cancer de cuello uterino",condon masculino: usuarias (os) nuevas (os),2015-01-01,0,0,2,0,0,2
COPACABANA,"anticoncepcion, prevencion de its y de cancer de cuello uterino",condon masculino: usuarias (os) nuevas (os),2015-01-01,0,0,2,0,0,2
CORIPATA,"anticoncepcion, prevencion de its y de cancer de cuello uterino",condon masculino: usuarias (os) nuevas (os),2015-01-01,0,0,3,1,0,4
CORQUE,"anticoncepcion, prevencion de its y de cancer de cuello uterino",condon masculino: usuarias (os) nuevas (os),2015-01-01,0,1,0,1,0,2
COTAGAITA,"anticoncepcion, prevencion de its y de cancer de cuello uterino",condon masculino: usuarias (os) nuevas (os),2015-01-01,0,0,4,0,0,4
COTOCA,"anticoncepcion, prevencion de its y de cancer de cuello uterino",condon masculino: usuarias (os) nuevas (os),2015-01-01,0,1,4,0,0,5
CUATRO CAÑADAS,"anticoncepcion, prevencion de its y de cancer de cuello uterino",condon masculino: usuarias (os) nuevas (os),2015-01-01,0,1,2,1,0,4
CUCHUMUELA (V. G. VILLARROEL),"anticoncepcion, prevencion de its y de cancer de cuello uterino",condon masculino: usuarias (os) nuevas (os),2015-01-01,0,0,1,0,0,1
CUEVO,"anticoncepcion, prevencion de its y de cancer de cuello uterino",condon masculino: usuarias (os) nuevas (os),2015-01-01,0,0,0,1,0,1
CULPINA,"anticoncepcion, prevencion de its y de cancer de cuello uterino",condon masculino: usuarias (os) nuevas (os),2015-01-01,1,2,3,1,0,7
CURAHUARA DE CARANGAS,"anticoncepcion, prevencion de its y de cancer de cuello uterino",condon masculino: usuarias (os) nuevas (os),2015-01-01,0,1,0,1,0,2
EL ALTO,"anticoncepcion, prevencion de its y de cancer de cuello uterino",condon masculino: usuarias (os) nuevas (os),2015-01-01,0,44,164,29,0,237
EL CHORO,"anticoncepcion, prevencion de its y de cancer de cuello uterino",condon masculino: usuarias (os) nuevas (os),2015-01-01,0,1,2,2,0,5
EL PUENTE(STC),"anticoncepcion, prevencion de its y de cancer de cuello uterino",condon masculino: usuarias (os) nuevas (os),2015-01-01,0,1,5,3,0,9
EL PUENTE(TJA),"anticoncepcion, prevencion de its y de cancer de cuello uterino",condon masculino: usuarias (os) nuevas (os),2015-01-01,0,3,4,2,0,9
EL TORNO,"anticoncepcion, prevencion de its y de cancer de cuello uterino",condon masculino: usuarias (os) nuevas (os),2015-01-01,0,6,13,1,0,20
EL VILLAR,"anticoncepcion, prevencion de its y de cancer de cuello uterino",condon masculino: usuarias (os) nuevas (os),2015-01-01,0,1,6,0,0,7
ENTRE RIOS TRJ,"anticoncepcion, prevencion de its y de cancer de cuello uterino",condon masculino: usuarias (os) nuevas (os),2015-01-01,0,3,5,1,0,9
ENTRE RIOS CBBA,"anticoncepcion, prevencion de its y de cancer de cuello uterino",condon masculino: usuarias (os) nuevas (os),2015-01-01,0,3,9,0,0,12
ESCOMA,"anticoncepcion, prevencion de its y de cancer de cuello uterino",condon masculino: usuarias (os) nuevas (os),2015-01-01,0,0,2,0,0,2
EUREKA (SANTOS MERCADO),"anticoncepcion, prevencion de its y de cancer de cuello uterino",condon masculino: usuarias (os) nuevas (os),2015-01-01,0,0,0,1,0,1
GENERAL SAAVEDRA,"anticoncepcion, prevencion de its y de cancer de cuello uterino",condon masculino: usuarias (os) nuevas (os),2015-01-01,1,2,4,0,0,7
GRAL. J.J. PEREZ (CHARAZANI),"anticoncepcion, prevencion de its y de cancer de cuello uterino",condon masculino: usuarias (os) nuevas (os),2015-01-01,0,0,1,1,0,2
GUANAY,"anticoncepcion, prevencion de its y de cancer de cuello uterino",condon masculino: usuarias (os) nuevas (os),2015-01-01,0,0,1,0,0,1
GUAQUI,"anticoncepcion, prevencion de its y de cancer de cuello uterino",condon masculino: usuarias (os) nuevas (os),2015-01-01,0,0,1,0,0,1
GUAYARAMERIN,"anticoncepcion, prevencion de its y de cancer de cuello uterino",condon masculino: usuarias (os) nuevas (os),2015-01-01,0,0,8,3,0,11
GUTIERREZ,"anticoncepcion, prevencion de its y de cancer de cuello uterino",condon masculino: usuarias (os) nuevas (os),2015-01-01,0,0,1,0,0,1
HUACAYA (VILLA DE HUACAYA),"anticoncepcion, prevencion de its y de cancer de cuello uterino",condon masculino: usuarias (os) nuevas (os),2015-01-01,0,0,1,0,0,1
HUANUNI,"anticoncepcion, prevencion de its y de cancer de cuello uterino",condon masculino: usuarias (os) nuevas (os),2015-01-01,0,0,4,1,1,6
HUAYLLAMARCA,"anticoncepcion, prevencion de its y de cancer de cuello uterino",condon masculino: usuarias (os) nuevas (os),2015-01-01,0,0,1,2,0,3
ICHOCA,"anticoncepcion, prevencion de its y de cancer de cuello uterino",condon masculino: usuarias (os) nuevas (os),2015-01-01,0,2,3,1,0,6
ICLA,"anticoncepcion, prevencion de its y de cancer de cuello uterino",condon masculino: usuarias (os) nuevas (os),2015-01-01,0,0,2,0,1,3
INCAHUASI,"anticoncepcion, prevencion de its y de cancer de cuello uterino",condon masculino: usuarias (os) nuevas (os),2015-01-01,0,0,1,0,0,1
INQUISIVI,"anticoncepcion, prevencion de its y de cancer de cuello uterino",condon masculino: usuarias (os) nuevas (os),2015-01-01,0,1,4,0,0,5
IRUPANA (VILLA DE LANZA),"anticoncepcion, prevencion de its y de cancer de cuello uterino",condon masculino: usuarias (os) nuevas (os),2015-01-01,0,0,4,2,1,7
IXIAMAS,"anticoncepcion, prevencion de its y de cancer de cuello uterino",condon masculino: usuarias (os) nuevas (os),2015-01-01,0,1,0,1,1,3
JESUS DE MACHACA,"anticoncepcion, prevencion de its y de cancer de cuello uterino",condon masculino: usuarias (os) nuevas (os),2015-01-01,0,0,1,1,0,2
LA ASUNTA,"anticoncepcion, prevencion de its y de cancer de cuello uterino",condon masculino: usuarias (os) nuevas (os),2015-01-01,0,1,3,0,0,4
LA GUARDIA,"anticoncepcion, prevencion de its y de cancer de cuello uterino",condon masculino: usuarias (os) nuevas (os),2015-01-01,0,2,15,3,0,20
LA PAZ,"anticoncepcion, prevencion de its y de cancer de cuello uterino",condon masculino: usuarias (os) nuevas (os),2015-01-01,0,17,318,16,0,351
LAJA,"anticoncepcion, prevencion de its y de cancer de cuello uterino",condon masculino: usuarias (os) nuevas (os),2015-01-01,0,0,5,3,0,8
LAS CARRERAS,"anticoncepcion, prevencion de its y de cancer de cuello uterino",condon masculino: usuarias (os) nuevas (os),2015-01-01,0,0,1,0,0,1
LLALLAGUA,"anticoncepcion, prevencion de its y de cancer de cuello uterino",condon masculino: usuarias (os) nuevas (os),2015-01-01,0,0,10,3,0,13
LURIBAY,"anticoncepcion, prevencion de its y de cancer de cuello uterino",condon masculino: usuarias (os) nuevas (os),2015-01-01,0,1,4,1,0,6
MACHACAMARCA,"anticoncepcion, prevencion de its y de cancer de cuello uterino",condon masculino: usuarias (os) nuevas (os),2015-01-01,0,0,1,0,0,1
MACHARETI,"anticoncepcion, prevencion de its y de cancer de cuello uterino",condon masculino: usuarias (os) nuevas (os),2015-01-01,0,1,2,0,0,3
MAGDALENA,"anticoncepcion, prevencion de its y de cancer de cuello uterino",condon masculino: usuarias (os) nuevas (os),2015-01-01,0,0,2,0,0,2
MAIRANA,"anticoncepcion, prevencion de its y de cancer de cuello uterino",condon masculino: usuarias (os) nuevas (os),2015-01-01,0,1,0,0,0,1
MAPIRI,"anticoncepcion, prevencion de its y de cancer de cuello uterino",condon masculino: usuarias (os) nuevas (os),2015-01-01,0,0,1,0,0,1
MINEROS,"anticoncepcion, prevencion de its y de cancer de cuello uterino",condon masculino: usuarias (os) nuevas (os),2015-01-01,0,4,2,1,0,7
MIZQUE,"anticoncepcion, prevencion de its y de cancer de cuello uterino",condon masculino: usuarias (os) nuevas (os),2015-01-01,0,1,6,2,0,9
MOCOMOCO,"anticoncepcion, prevencion de its y de cancer de cuello uterino",condon masculino: usuarias (os) nuevas (os),2015-01-01,0,0,2,1,0,3
MOJOCOYA,"anticoncepcion, prevencion de its y de cancer de cuello uterino",condon masculino: usuarias (os) nuevas (os),2015-01-01,0,0,0,2,0,2
MONTEAGUDO,"anticoncepcion, prevencion de its y de cancer de cuello uterino",condon masculino: usuarias (os) nuevas (os),2015-01-01,0,2,3,2,0,7
MONTERO,"anticoncepcion, prevencion de its y de cancer de cuello uterino",condon masculino: usuarias (os) nuevas (os),2015-01-01,0,128,127,93,0,348
MOROCHATA,"anticoncepcion, prevencion de its y de cancer de cuello uterino",condon masculino: usuarias (os) nuevas (os),2015-01-01,0,1,2,2,0,5
NACEBE (SANTA ROSA DEL ABUNA),"anticoncepcion, prevencion de its y de cancer de cuello uterino",condon masculino: usuarias (os) nuevas (os),2015-01-01,0,0,2,0,0,2
NUEVO MANOA (NUEVA ESPERANZA),"anticoncepcion, prevencion de its y de cancer de cuello uterino",condon masculino: usuarias (os) nuevas (os),2015-01-01,0,0,12,1,0,13
OCURI,"anticoncepcion, prevencion de its y de cancer de cuello uterino",condon masculino: usuarias (os) nuevas (os),2015-01-01,0,0,8,1,0,9
OKINAWA,"anticoncepcion, prevencion de its y de cancer de cuello uterino",condon masculino: usuarias (os) nuevas (os),2015-01-01,0,2,1,1,0,4
OMEREQUE,"anticoncepcion, prevencion de its y de cancer de cuello uterino",condon masculino: usuarias (os) nuevas (os),2015-01-01,0,0,3,0,0,3
ORURO,"anticoncepcion, prevencion de its y de cancer de cuello uterino",condon masculino: usuarias (os) nuevas (os),2015-01-01,0,4,44,6,0,54
PADCAYA,"anticoncepcion, prevencion de its y de cancer de cuello uterino",condon masculino: usuarias (os) nuevas (os),2015-01-01,0,3,11,2,0,16
PADILLA,"anticoncepcion, prevencion de its y de cancer de cuello uterino",condon masculino: usuarias (os) nuevas (os),2015-01-01,0,0,1,0,0,1
PAILON,"anticoncepcion, prevencion de its y de cancer de cuello uterino",condon masculino: usuarias (os) nuevas (os),2015-01-01,0,2,5,0,0,7
PALCA,"anticoncepcion, prevencion de its y de cancer de cuello uterino",condon masculino: usuarias (os) nuevas (os),2015-01-01,1,0,1,2,0,4
PALOS BLANCOS,"anticoncepcion, prevencion de its y de cancer de cuello uterino",condon masculino: usuarias (os) nuevas (os),2015-01-01,0,1,4,2,0,7
PAMPA AULLAGAS,"anticoncepcion, prevencion de its y de cancer de cuello uterino",condon masculino: usuarias (os) nuevas (os),2015-01-01,0,1,0,1,0,2
PAMPA GRANDE,"anticoncepcion, prevencion de its y de cancer de cuello uterino",condon masculino: usuarias (os) nuevas (os),2015-01-01,0,0,2,0,0,2
PAPEL PAMPA,"anticoncepcion, prevencion de its y de cancer de cuello uterino",condon masculino: usuarias (os) nuevas (os),2015-01-01,0,0,1,2,0,3
PAZÑA,"anticoncepcion, prevencion de its y de cancer de cuello uterino",condon masculino: usuarias (os) nuevas (os),2015-01-01,0,0,2,0,0,2
POCOATA,"anticoncepcion, prevencion de its y de cancer de cuello uterino",condon masculino: usuarias (os) nuevas (os),2015-01-01,0,2,7,3,0,12
POCONA,"anticoncepcion, prevencion de its y de cancer de cuello uterino",condon masculino: usuarias (os) nuevas (os),2015-01-01,0,0,3,2,0,5
POJO (CBBA),"anticoncepcion, prevencion de its y de cancer de cuello uterino",condon masculino: usuarias (os) nuevas (os),2015-01-01,0,2,3,1,0,6
POOPO,"anticoncepcion, prevencion de its y de cancer de cuello uterino",condon masculino: usuarias (os) nuevas (os),2015-01-01,0,0,1,1,0,2
PORCO,"anticoncepcion, prevencion de its y de cancer de cuello uterino",condon masculino: usuarias (os) nuevas (os),2015-01-01,0,0,3,0,0,3
POROMA,"anticoncepcion, prevencion de its y de cancer de cuello uterino",condon masculino: usuarias (os) nuevas (os),2015-01-01,0,1,9,4,0,14
PORONGO,"anticoncepcion, prevencion de its y de cancer de cuello uterino",condon masculino: usuarias (os) nuevas (os),2015-01-01,0,1,5,0,0,6
PORVENIR,"anticoncepcion, prevencion de its y de cancer de cuello uterino",condon masculino: usuarias (os) nuevas (os),2015-01-01,0,0,1,0,0,1
POTOSI,"anticoncepcion, prevencion de its y de cancer de cuello uterino",condon masculino: usuarias (os) nuevas (os),2015-01-01,0,3,15,0,0,18
PRESTO,"anticoncepcion, prevencion de its y de cancer de cuello uterino",condon masculino: usuarias (os) nuevas (os),2015-01-01,0,3,9,2,1,15
PUCARANI,"anticoncepcion, prevencion de its y de cancer de cuello uterino",condon masculino: usuarias (os) nuevas (os),2015-01-01,0,0,2,1,0,3
PUERTO ACOSTA,"anticoncepcion, prevencion de its y de cancer de cuello uterino",condon masculino: usuarias (os) nuevas (os),2015-01-01,0,1,4,1,0,6
PUERTO CARABUCO,"anticoncepcion, prevencion de its y de cancer de cuello uterino",condon masculino: usuarias (os) nuevas (os),2015-01-01,0,0,2,0,0,2
PUERTO GONZALO MORENO,"anticoncepcion, prevencion de its y de cancer de cuello uterino",condon masculino: usuarias (os) nuevas (os),2015-01-01,0,1,1,0,0,2
PUERTO PEREZ,"anticoncepcion, prevencion de its y de cancer de cuello uterino",condon masculino: usuarias (os) nuevas (os),2015-01-01,0,0,1,0,0,1
PUERTO QUIJARRO,"anticoncepcion, prevencion de its y de cancer de cuello uterino",condon masculino: usuarias (os) nuevas (os),2015-01-01,0,0,2,0,0,2
PUERTO RICO,"anticoncepcion, prevencion de its y de cancer de cuello uterino",condon masculino: usuarias (os) nuevas (os),2015-01-01,0,0,1,0,0,1
PUERTO VILLARROEL,"anticoncepcion, prevencion de its y de cancer de cuello uterino",condon masculino: usuarias (os) nuevas (os),2015-01-01,0,0,12,4,0,16
PUNA,"anticoncepcion, prevencion de its y de cancer de cuello uterino",condon masculino: usuarias (os) nuevas (os),2015-01-01,0,0,0,1,0,1
PUNATA,"anticoncepcion, prevencion de its y de cancer de cuello uterino",condon masculino: usuarias (os) nuevas (os),2015-01-01,0,6,6,3,0,15
QUILLACOLLO,"anticoncepcion, prevencion de its y de cancer de cuello uterino",condon masculino: usuarias (os) nuevas (os),2015-01-01,0,13,54,11,0,78
QUIME,"anticoncepcion, prevencion de its y de cancer de cuello uterino",condon masculino: usuarias (os) nuevas (os),2015-01-01,0,1,1,0,0,2
RAVELO,"anticoncepcion, prevencion de its y de cancer de cuello uterino",condon masculino: usuarias (os) nuevas (os),2015-01-01,0,2,0,0,0,2
REYES,"anticoncepcion, prevencion de its y de cancer de cuello uterino",condon masculino: usuarias (os) nuevas (os),2015-01-01,0,2,1,0,0,3
RIBERALTA,"anticoncepcion, prevencion de its y de cancer de cuello uterino",condon masculino: usuarias (os) nuevas (os),2015-01-01,4,11,37,17,2,71
ROBORE,"anticoncepcion, prevencion de its y de cancer de cuello uterino",condon masculino: usuarias (os) nuevas (os),2015-01-01,0,1,1,0,0,2
RURRENABAQUE,"anticoncepcion, prevencion de its y de cancer de cuello uterino",condon masculino: usuarias (os) nuevas (os),2015-01-01,0,1,3,2,0,6
SACABA,"anticoncepcion, prevencion de its y de cancer de cuello uterino",condon masculino: usuarias (os) nuevas (os),2015-01-01,0,8,43,3,0,54
SACABAMBA,"anticoncepcion, prevencion de its y de cancer de cuello uterino",condon masculino: usuarias (os) nuevas (os),2015-01-01,0,0,1,0,0,1
SACACA,"anticoncepcion, prevencion de its y de cancer de cuello uterino",condon masculino: usuarias (os) nuevas (os),2015-01-01,0,1,2,0,0,3
SAIPINA,"anticoncepcion, prevencion de its y de cancer de cuello uterino",condon masculino: usuarias (os) nuevas (os),2015-01-01,0,0,1,0,0,1
SALINAS DE GARCI MENDOZA,"anticoncepcion, prevencion de its y de cancer de cuello uterino",condon masculino: usuarias (os) nuevas (os),2015-01-01,0,0,5,1,0,6
SAN AGUSTIN,"anticoncepcion, prevencion de its y de cancer de cuello uterino",condon masculino: usuarias (os) nuevas (os),2015-01-01,0,0,2,0,0,2
SAN ANTONIO DE ESMORUCO,"anticoncepcion, prevencion de its y de cancer de cuello uterino",condon masculino: usuarias (os) nuevas (os),2015-01-01,0,1,0,0,0,1
SAN ANTONIO DE LOMERIO,"anticoncepcion, prevencion de its y de cancer de cuello uterino",condon masculino: usuarias (os) nuevas (os),2015-01-01,0,1,2,1,0,4
SAN BORJA,"anticoncepcion, prevencion de its y de cancer de cuello uterino",condon masculino: usuarias (os) nuevas (os),2015-01-01,0,2,6,1,0,9
SAN BUENA VENTURA,"anticoncepcion, prevencion de its y de cancer de cuello uterino",condon masculino: usuarias (os) nuevas (os),2015-01-01,0,0,0,1,0,1
SAN CARLOS,"anticoncepcion, prevencion de its y de cancer de cuello uterino",condon masculino: usuarias (os) nuevas (os),2015-01-01,0,2,11,0,0,13
SAN IGNACIO,"anticoncepcion, prevencion de its y de cancer de cuello uterino",condon masculino: usuarias (os) nuevas (os),2015-01-01,0,0,3,1,0,4
SAN IGNACIO DE VELASCO,"anticoncepcion, prevencion de its y de cancer de cuello uterino",condon masculino: usuarias (os) nuevas (os),2015-01-01,0,2,5,1,0,8
SAN JAVIER(BNI),"anticoncepcion, prevencion de its y de cancer de cuello uterino",condon masculino: usuarias (os) nuevas (os),2015-01-01,0,0,1,0,0,1
SAN JAVIER(STC),"anticoncepcion, prevencion de its y de cancer de cuello uterino",condon masculino: usuarias (os) nuevas (os),2015-01-01,0,1,1,0,0,2
SAN JUAN DE YAPACANI,"anticoncepcion, prevencion de its y de cancer de cuello uterino",condon masculino: usuarias (os) nuevas (os),2015-01-01,0,0,1,0,0,1
SAN JULIAN,"anticoncepcion, prevencion de its y de cancer de cuello uterino",condon masculino: usuarias (os) nuevas (os),2015-01-01,0,2,2,1,0,5
SAN LORENZO(PND),"anticoncepcion, prevencion de its y de cancer de cuello uterino",condon masculino: usuarias (os) nuevas (os),2015-01-01,0,0,0,1,0,1
SAN LORENZO(TJA),"anticoncepcion, prevencion de its y de cancer de cuello uterino",condon masculino: usuarias (os) nuevas (os),2015-01-01,0,0,2,4,0,6
SAN LUCAS,"anticoncepcion, prevencion de its y de cancer de cuello uterino",condon masculino: usuarias (os) nuevas (os),2015-01-01,0,2,7,1,0,10
SAN MATIAS,"anticoncepcion, prevencion de its y de cancer de cuello uterino",condon masculino: usuarias (os) nuevas (os),2015-01-01,0,1,0,0,0,1
SAN MIGUEL DE VELASCO,"anticoncepcion, prevencion de its y de cancer de cuello uterino",condon masculino: usuarias (os) nuevas (os),2015-01-01,0,0,1,0,0,1
SAN PABLO DE LIPEZ,"anticoncepcion, prevencion de its y de cancer de cuello uterino",condon masculino: usuarias (os) nuevas (os),2015-01-01,0,0,2,0,0,2
SAN PEDRO DE BUENA VISTA,"anticoncepcion, prevencion de its y de cancer de cuello uterino",condon masculino: usuarias (os) nuevas (os),2015-01-01,0,0,5,2,0,7
SAN PEDRO DE CURAHUARA,"anticoncepcion, prevencion de its y de cancer de cuello uterino",condon masculino: usuarias (os) nuevas (os),2015-01-01,0,0,1,0,0,1
SAN PEDRO DE TIQUINA,"anticoncepcion, prevencion de its y de cancer de cuello uterino",condon masculino: usuarias (os) nuevas (os),2015-01-01,0,1,3,0,0,4
SAN RAFAEL,"anticoncepcion, prevencion de its y de cancer de cuello uterino",condon masculino: usuarias (os) nuevas (os),2015-01-01,0,1,3,0,0,4
SAN RAMON BENI,"anticoncepcion, prevencion de its y de cancer de cuello uterino",condon masculino: usuarias (os) nuevas (os),2015-01-01,0,0,1,0,0,1
SAN RAMON SCZ,"anticoncepcion, prevencion de its y de cancer de cuello uterino",condon masculino: usuarias (os) nuevas (os),2015-01-01,0,2,3,0,0,5
SANTA ANA,"anticoncepcion, prevencion de its y de cancer de cuello uterino",condon masculino: usuarias (os) nuevas (os),2015-01-01,0,2,6,1,0,9
SANTA CRUZ DE LA SIERRA,"anticoncepcion, prevencion de its y de cancer de cuello uterino",condon masculino: usuarias (os) nuevas (os),2015-01-01,2,43,587,108,0,740
SANTA ROSA,"anticoncepcion, prevencion de its y de cancer de cuello uterino",condon masculino: usuarias (os) nuevas (os),2015-01-01,0,1,4,0,0,5
SANTA ROSA DEL SARA,"anticoncepcion, prevencion de its y de cancer de cuello uterino",condon masculino: usuarias (os) nuevas (os),2015-01-01,0,0,4,3,0,7
SANTIAGO DE HUARI,"anticoncepcion, prevencion de its y de cancer de cuello uterino",condon masculino: usuarias (os) nuevas (os),2015-01-01,0,1,4,1,0,6
SANTIVAÑES,"anticoncepcion, prevencion de its y de cancer de cuello uterino",condon masculino: usuarias (os) nuevas (os),2015-01-01,0,1,3,0,0,4
SANTUARIO DE QUILLACAS,"anticoncepcion, prevencion de its y de cancer de cuello uterino",condon masculino: usuarias (os) nuevas (os),2015-01-01,0,0,3,0,0,3
SAPAHAQUI,"anticoncepcion, prevencion de its y de cancer de cuello uterino",condon masculino: usuarias (os) nuevas (os),2015-01-01,0,0,2,1,0,3
SENA,"anticoncepcion, prevencion de its y de cancer de cuello uterino",condon masculino: usuarias (os) nuevas (os),2015-01-01,0,1,3,2,0,6
SHINAOTA,"anticoncepcion, prevencion de its y de cancer de cuello uterino",condon masculino: usuarias (os) nuevas (os),2015-01-01,0,1,0,1,0,2
SICA SICA (VILLA AROMA),"anticoncepcion, prevencion de its y de cancer de cuello uterino",condon masculino: usuarias (os) nuevas (os),2015-01-01,0,2,9,1,0,12
SICAYA,"anticoncepcion, prevencion de its y de cancer de cuello uterino",condon masculino: usuarias (os) nuevas (os),2015-01-01,0,0,1,0,0,1
SIPE SIPE,"anticoncepcion, prevencion de its y de cancer de cuello uterino",condon masculino: usuarias (os) nuevas (os),2015-01-01,0,3,5,4,0,12
SOPACHUY,"anticoncepcion, prevencion de its y de cancer de cuello uterino",condon masculino: usuarias (os) nuevas (os),2015-01-01,0,10,14,9,0,33
SORACACHI,"anticoncepcion, prevencion de its y de cancer de cuello uterino",condon masculino: usuarias (os) nuevas (os),2015-01-01,0,0,7,2,0,9
SORATA,"anticoncepcion, prevencion de its y de cancer de cuello uterino",condon masculino: usuarias (os) nuevas (os),2015-01-01,0,0,1,0,0,1
SUCRE,"anticoncepcion, prevencion de its y de cancer de cuello uterino",condon masculino: usuarias (os) nuevas (os),2015-01-01,0,35,78,18,1,132
TACACOMA,"anticoncepcion, prevencion de its y de cancer de cuello uterino",condon masculino: usuarias (os) nuevas (os),2015-01-01,0,0,3,0,0,3
TACOBAMBA,"anticoncepcion, prevencion de its y de cancer de cuello uterino",condon masculino: usuarias (os) nuevas (os),2015-01-01,0,0,4,1,0,5
TAHUA,"anticoncepcion, prevencion de its y de cancer de cuello uterino",condon masculino: usuarias (os) nuevas (os),2015-01-01,0,0,1,0,0,1
TAPACARI,"anticoncepcion, prevencion de its y de cancer de cuello uterino",condon masculino: usuarias (os) nuevas (os),2015-01-01,0,1,1,1,0,3
TARABUCO,"anticoncepcion, prevencion de its y de cancer de cuello uterino",condon masculino: usuarias (os) nuevas (os),2015-01-01,0,1,6,0,0,7
TARACO,"anticoncepcion, prevencion de its y de cancer de cuello uterino",condon masculino: usuarias (os) nuevas (os),2015-01-01,0,1,3,0,0,4
TARATA,"anticoncepcion, prevencion de its y de cancer de cuello uterino",condon masculino: usuarias (os) nuevas (os),2015-01-01,0,0,0,1,0,1
TARIJA,"anticoncepcion, prevencion de its y de cancer de cuello uterino",condon masculino: usuarias (os) nuevas (os),2015-01-01,1,24,50,6,1,82
TEOPONTE,"anticoncepcion, prevencion de its y de cancer de cuello uterino",condon masculino: usuarias (os) nuevas (os),2015-01-01,0,0,1,0,0,1
TIAWANACU,"anticoncepcion, prevencion de its y de cancer de cuello uterino",condon masculino: usuarias (os) nuevas (os),2015-01-01,0,0,1,1,0,2
TINGUIPAYA,"anticoncepcion, prevencion de its y de cancer de cuello uterino",condon masculino: usuarias (os) nuevas (os),2015-01-01,0,0,4,2,0,6
TIPUANI,"anticoncepcion, prevencion de its y de cancer de cuello uterino",condon masculino: usuarias (os) nuevas (os),2015-01-01,0,0,5,0,0,5
TIQUIPAYA,"anticoncepcion, prevencion de its y de cancer de cuello uterino",condon masculino: usuarias (os) nuevas (os),2015-01-01,0,1,25,8,0,34
TIRAQUE (CBBA),"anticoncepcion, prevencion de its y de cancer de cuello uterino",condon masculino: usuarias (os) nuevas (os),2015-01-01,0,0,4,1,0,5
TOCO,"anticoncepcion, prevencion de its y de cancer de cuello uterino",condon masculino: usuarias (os) nuevas (os),2015-01-01,0,0,6,3,0,9
TOLATA,"anticoncepcion, prevencion de its y de cancer de cuello uterino",condon masculino: usuarias (os) nuevas (os),2015-01-01,0,0,2,0,0,2
TOLEDO,"anticoncepcion, prevencion de its y de cancer de cuello uterino",condon masculino: usuarias (os) nuevas (os),2015-01-01,0,1,2,3,0,6
TOMAVE,"anticoncepcion, prevencion de its y de cancer de cuello uterino",condon masculino: usuarias (os) nuevas (os),2015-01-01,0,3,5,0,0,8
TOMINA,"anticoncepcion, prevencion de its y de cancer de cuello uterino",condon masculino: usuarias (os) nuevas (os),2015-01-01,0,0,6,1,0,7
TORO TORO,"anticoncepcion, prevencion de its y de cancer de cuello uterino",condon masculino: usuarias (os) nuevas (os),2015-01-01,0,2,3,1,0,6
TOTORA(CBBA),"anticoncepcion, prevencion de its y de cancer de cuello uterino",condon masculino: usuarias (os) nuevas (os),2015-01-01,0,1,4,0,0,5
TOTORA(ORR),"anticoncepcion, prevencion de its y de cancer de cuello uterino",condon masculino: usuarias (os) nuevas (os),2015-01-01,0,1,4,0,1,6
TRINIDAD,"anticoncepcion, prevencion de its y de cancer de cuello uterino",condon masculino: usuarias (os) nuevas (os),2015-01-01,0,0,23,0,0,23
TUPIZA,"anticoncepcion, prevencion de its y de cancer de cuello uterino",condon masculino: usuarias (os) nuevas (os),2015-01-01,0,3,8,2,0,13
TURCO,"anticoncepcion, prevencion de its y de cancer de cuello uterino",condon masculino: usuarias (os) nuevas (os),2015-01-01,0,0,2,4,0,6
UNCIA,"anticoncepcion, prevencion de its y de cancer de cuello uterino",condon masculino: usuarias (os) nuevas (os),2015-01-01,0,1,2,0,0,3
URIONDO (A. CONCEPCION),"anticoncepcion, prevencion de its y de cancer de cuello uterino",condon masculino: usuarias (os) nuevas (os),2015-01-01,0,0,9,0,0,9
URUBICHA,"anticoncepcion, prevencion de its y de cancer de cuello uterino",condon masculino: usuarias (os) nuevas (os),2015-01-01,0,0,2,0,0,2
UYUNI,"anticoncepcion, prevencion de its y de cancer de cuello uterino",condon masculino: usuarias (os) nuevas (os),2015-01-01,1,2,5,0,0,8
VACAS,"anticoncepcion, prevencion de its y de cancer de cuello uterino",condon masculino: usuarias (os) nuevas (os),2015-01-01,0,2,0,0,0,2
VALLEGRANDE,"anticoncepcion, prevencion de its y de cancer de cuello uterino",condon masculino: usuarias (os) nuevas (os),2015-01-01,0,3,4,0,0,7
VIACHA,"anticoncepcion, prevencion de its y de cancer de cuello uterino",condon masculino: usuarias (os) nuevas (os),2015-01-01,0,1,22,5,0,28
VILLA CHARCAS,"anticoncepcion, prevencion de its y de cancer de cuello uterino",condon masculino: usuarias (os) nuevas (os),2015-01-01,0,2,2,1,0,5
VILLA MONTES,"anticoncepcion, prevencion de its y de cancer de cuello uterino",condon masculino: usuarias (os) nuevas (os),2015-01-01,0,1,2,1,0,4
VILLA RIVERO,"anticoncepcion, prevencion de its y de cancer de cuello uterino",condon masculino: usuarias (os) nuevas (os),2015-01-01,0,2,3,0,0,5
VILLA SERRANO,"anticoncepcion, prevencion de its y de cancer de cuello uterino",condon masculino: usuarias (os) nuevas (os),2015-01-01,0,0,2,3,0,5
VILLA TUNARI,"anticoncepcion, prevencion de its y de cancer de cuello uterino",condon masculino: usuarias (os) nuevas (os),2015-01-01,1,4,16,4,0,25
VILLA VACA GUZMAN (MUYUPAMPA),"anticoncepcion, prevencion de its y de cancer de cuello uterino",condon masculino: usuarias (os) nuevas (os),2015-01-01,0,1,1,0,0,2
VILLAZON,"anticoncepcion, prevencion de its y de cancer de cuello uterino",condon masculino: usuarias (os) nuevas (os),2015-01-01,0,4,7,3,0,14
VINTO,"anticoncepcion, prevencion de its y de cancer de cuello uterino",condon masculino: usuarias (os) nuevas (os),2015-01-01,0,1,8,0,0,9
WARNES,"anticoncepcion, prevencion de its y de cancer de cuello uterino",condon masculino: usuarias (os) nuevas (os),2015-01-01,0,3,2,2,0,7
YACUIBA,"anticoncepcion, prevencion de its y de cancer de cuello uterino",condon masculino: usuarias (os) nuevas (os),2015-01-01,0,2,23,5,0,30
YAPACANI,"anticoncepcion, prevencion de its y de cancer de cuello uterino",condon masculino: usuarias (os) nuevas (os),2015-01-01,0,4,6,2,0,12
YOCALLA,"anticoncepcion, prevencion de its y de cancer de cuello uterino",condon masculino: usuarias (os) nuevas (os),2015-01-01,0,0,1,0,0,1
YOTALA,"anticoncepcion, prevencion de its y de cancer de cuello uterino",condon masculino: usuarias (os) nuevas (os),2015-01-01,0,2,7,0,0,9
YUNCHARA,"anticoncepcion, prevencion de its y de cancer de cuello uterino",condon masculino: usuarias (os) nuevas (os),2015-01-01,0,1,7,1,0,9
ZUDAÑEZ,"anticoncepcion, prevencion de its y de cancer de cuello uterino",condon masculino: usuarias (os) nuevas (os),2015-01-01,0,2,1,0,0,3
ACACIO,"anticoncepcion, prevencion de its y de cancer de cuello uterino",condon masculino: usuarias (os) nuevas (os),2015-02-01,0,0,1,0,0,1
ACHACACHI,"anticoncepcion, prevencion de its y de cancer de cuello uterino",condon masculino: usuarias (os) nuevas (os),2015-02-01,0,0,8,3,0,11
ACHOCALLA,"anticoncepcion, prevencion de its y de cancer de cuello uterino",condon masculino: usuarias (os) nuevas (os),2015-02-01,0,1,5,1,0,7
AIQUILE,"anticoncepcion, prevencion de its y de cancer de cuello uterino",condon masculino: usuarias (os) nuevas (os),2015-02-01,0,0,1,0,0,1
ALALAY,"anticoncepcion, prevencion de its y de cancer de cuello uterino",condon masculino: usuarias (os) nuevas (os),2015-02-01,0,0,4,0,0,4
ALTO BENI,"anticoncepcion, prevencion de its y de cancer de cuello uterino",condon masculino: usuarias (os) nuevas (os),2015-02-01,0,2,2,1,0,5
ANCORAIMES,"anticoncepcion, prevencion de its y de cancer de cuello uterino",condon masculino: usuarias (os) nuevas (os),2015-02-01,0,0,1,0,0,1
ANTEQUERA,"anticoncepcion, prevencion de its y de cancer de cuello uterino",condon masculino: usuarias (os) nuevas (os),2015-02-01,0,0,5,2,0,7
ANZALDO,"anticoncepcion, prevencion de its y de cancer de cuello uterino",condon masculino: usuarias (os) nuevas (os),2015-02-01,0,0,1,0,0,1
APOLO,"anticoncepcion, prevencion de its y de cancer de cuello uterino",condon masculino: usuarias (os) nuevas (os),2015-02-01,0,0,1,0,0,1
ARAMPAMPA,"anticoncepcion, prevencion de its y de cancer de cuello uterino",condon masculino: usuarias (os) nuevas (os),2015-02-01,0,0,3,1,0,4
ARANI,"anticoncepcion, prevencion de its y de cancer de cuello uterino",condon masculino: usuarias (os) nuevas (os),2015-02-01,0,0,1,0,0,1
ARBIETO,"anticoncepcion, prevencion de its y de cancer de cuello uterino",condon masculino: usuarias (os) nuevas (os),2015-02-01,0,0,5,0,0,5
ARQUE,"anticoncepcion, prevencion de its y de cancer de cuello uterino",condon masculino: usuarias (os) nuevas (os),2015-02-01,0,0,1,1,0,2
ASCENCION DE GUARAYOS,"anticoncepcion, prevencion de its y de cancer de cuello uterino",condon masculino: usuarias (os) nuevas (os),2015-02-01,0,3,7,0,0,10
ATOCHA,"anticoncepcion, prevencion de its y de cancer de cuello uterino",condon masculino: usuarias (os) nuevas (os),2015-02-01,0,0,3,2,0,5
AYATA,"anticoncepcion, prevencion de its y de cancer de cuello uterino",condon masculino: usuarias (os) nuevas (os),2015-02-01,0,0,1,0,0,1
AYO AYO,"anticoncepcion, prevencion de its y de cancer de cuello uterino",condon masculino: usuarias (os) nuevas (os),2015-02-01,0,0,1,1,0,2
AYOPAYA (V. DE INDEPENDENCIA),"anticoncepcion, prevencion de its y de cancer de cuello uterino",condon masculino: usuarias (os) nuevas (os),2015-02-01,0,2,20,5,0,27
AZURDUY,"anticoncepcion, prevencion de its y de cancer de cuello uterino",condon masculino: usuarias (os) nuevas (os),2015-02-01,1,1,2,0,0,4
BATALLAS,"anticoncepcion, prevencion de its y de cancer de cuello uterino",condon masculino: usuarias (os) nuevas (os),2015-02-01,0,0,1,0,0,1
BAURES,"anticoncepcion, prevencion de its y de cancer de cuello uterino",condon masculino: usuarias (os) nuevas (os),2015-02-01,0,0,3,0,0,3
BELEN DE URMIRI,"anticoncepcion, prevencion de its y de cancer de cuello uterino",condon masculino: usuarias (os) nuevas (os),2015-02-01,0,2,8,3,0,13
BELLA FLOR,"anticoncepcion, prevencion de its y de cancer de cuello uterino",condon masculino: usuarias (os) nuevas (os),2015-02-01,0,0,2,0,0,2
BERMEJO,"anticoncepcion, prevencion de its y de cancer de cuello uterino",condon masculino: usuarias (os) nuevas (os),2015-02-01,0,2,4,3,0,9
BETANZOS,"anticoncepcion, prevencion de its y de cancer de cuello uterino",condon masculino: usuarias (os) nuevas (os),2015-02-01,0,3,8,4,0,15
BOLIVAR,"anticoncepcion, prevencion de its y de cancer de cuello uterino",condon masculino: usuarias (os) nuevas (os),2015-02-01,0,0,1,1,0,2
BOLPEBRA,"anticoncepcion, prevencion de its y de cancer de cuello uterino",condon masculino: usuarias (os) nuevas (os),2015-02-01,1,0,3,0,0,4
BUENA VISTA,"anticoncepcion, prevencion de its y de cancer de cuello uterino",condon masculino: usuarias (os) nuevas (os),2015-02-01,0,5,6,0,0,11
CABEZAS,"anticoncepcion, prevencion de its y de cancer de cuello uterino",condon masculino: usuarias (os) nuevas (os),2015-02-01,1,7,36,5,1,50
CAIROMA,"anticoncepcion, prevencion de its y de cancer de cuello uterino",condon masculino: usuarias (os) nuevas (os),2015-02-01,0,0,3,1,0,4
"CAIZA ""D""","anticoncepcion, prevencion de its y de cancer de cuello uterino",condon masculino: usuarias (os) nuevas (os),2015-02-01,0,0,8,2,0,10
CAJUATA,"anticoncepcion, prevencion de its y de cancer de cuello uterino",condon masculino: usuarias (os) nuevas (os),2015-02-01,0,1,6,2,0,9
CALACOTO,"anticoncepcion, prevencion de its y de cancer de cuello uterino",condon masculino: usuarias (os) nuevas (os),2015-02-01,0,0,0,1,0,1
CALAMARCA,"anticoncepcion, prevencion de its y de cancer de cuello uterino",condon masculino: usuarias (os) nuevas (os),2015-02-01,0,1,3,2,0,6
CAMATAQUI (C. VILLA ABECIA),"anticoncepcion, prevencion de its y de cancer de cuello uterino",condon masculino: usuarias (os) nuevas (os),2015-02-01,0,1,4,0,0,5
CAMIRI,"anticoncepcion, prevencion de its y de cancer de cuello uterino",condon masculino: usuarias (os) nuevas (os),2015-02-01,0,0,11,4,0,15
CAPINOTA,"anticoncepcion, prevencion de its y de cancer de cuello uterino",condon masculino: usuarias (os) nuevas (os),2015-02-01,0,2,3,2,0,7
CARACOLLO,"anticoncepcion, prevencion de its y de cancer de cuello uterino",condon masculino: usuarias (os) nuevas (os),2015-02-01,0,1,3,0,0,4
CARANAVI,"anticoncepcion, prevencion de its y de cancer de cuello uterino",condon masculino: usuarias (os) nuevas (os),2015-02-01,0,4,16,2,0,22
CARAPARI,"anticoncepcion, prevencion de its y de cancer de cuello uterino",condon masculino: usuarias (os) nuevas (os),2015-02-01,0,0,5,0,0,5
CARIPUYO,"anticoncepcion, prevencion de its y de cancer de cuello uterino",condon masculino: usuarias (os) nuevas (os),2015-02-01,0,1,6,1,0,8
CHALLAPATA,"anticoncepcion, prevencion de its y de cancer de cuello uterino",condon masculino: usuarias (os) nuevas (os),2015-02-01,0,5,15,10,0,30
CHAQUI,"anticoncepcion, prevencion de its y de cancer de cuello uterino",condon masculino: usuarias (os) nuevas (os),2015-02-01,0,1,2,0,1,4
CHAYANTA,"anticoncepcion, prevencion de its y de cancer de cuello uterino",condon masculino: usuarias (os) nuevas (os),2015-02-01,0,0,8,3,0,11
CHIMORE,"anticoncepcion, prevencion de its y de cancer de cuello uterino",condon masculino: usuarias (os) nuevas (os),2015-02-01,0,2,16,7,1,26
CHIPAYA,"anticoncepcion, prevencion de its y de cancer de cuello uterino",condon masculino: usuarias (os) nuevas (os),2015-02-01,0,0,2,0,0,2
CHULUMANI (V. DE LA LIBERTAD),"anticoncepcion, prevencion de its y de cancer de cuello uterino",condon masculino: usuarias (os) nuevas (os),2015-02-01,0,0,3,0,0,3
CHUMA,"anticoncepcion, prevencion de its y de cancer de cuello uterino",condon masculino: usuarias (os) nuevas (os),2015-02-01,0,0,3,0,0,3
CHUQUIHUTA AYLLU JUCUMANI,"anticoncepcion, prevencion de its y de cancer de cuello uterino",condon masculino: usuarias (os) nuevas (os),2015-02-01,0,4,2,0,0,6
CKOCHAS,"anticoncepcion, prevencion de its y de cancer de cuello uterino",condon masculino: usuarias (os) nuevas (os),2015-02-01,0,0,1,4,0,5
CLIZA,"anticoncepcion, prevencion de its y de cancer de cuello uterino",condon masculino: usuarias (os) nuevas (os),2015-02-01,0,1,9,1,0,11
COBIJA,"anticoncepcion, prevencion de its y de cancer de cuello uterino",condon masculino: usuarias (os) nuevas (os),2015-02-01,0,2,5,0,0,7
COCAPATA,"anticoncepcion, prevencion de its y de cancer de cuello uterino",condon masculino: usuarias (os) nuevas (os),2015-02-01,0,0,6,0,0,6
COCHABAMBA,"anticoncepcion, prevencion de its y de cancer de cuello uterino",condon masculino: usuarias (os) nuevas (os),2015-02-01,0,7,936,23,0,966
COLCAPIRHUA,"anticoncepcion, prevencion de its y de cancer de cuello uterino",condon masculino: usuarias (os) nuevas (os),2015-02-01,0,3,11,3,0,17
"COLCHA ""K""","anticoncepcion, prevencion de its y de cancer de cuello uterino",condon masculino: usuarias (os) nuevas (os),2015-02-01,0,0,2,0,0,2
COLLANA,"anticoncepcion, prevencion de its y de cancer de cuello uterino",condon masculino: usuarias (os) nuevas (os),2015-02-01,0,0,1,0,0,1
COLOMI,"anticoncepcion, prevencion de its y de cancer de cuello uterino",condon masculino: usuarias (os) nuevas (os),2015-02-01,0,1,1,1,0,3
COLPA BELGICA,"anticoncepcion, prevencion de its y de cancer de cuello uterino",condon masculino: usuarias (os) nuevas (os),2015-02-01,0,0,2,0,0,2
COLQUECHACA,"anticoncepcion, prevencion de its y de cancer de cuello uterino",condon masculino: usuarias (os) nuevas (os),2015-02-01,0,1,7,6,0,14
COLQUENCHA,"anticoncepcion, prevencion de its y de cancer de cuello uterino",condon masculino: usuarias (os) nuevas (os),2015-02-01,0,1,2,0,0,3
COMARAPA,"anticoncepcion, prevencion de its y de cancer de cuello uterino",condon masculino: usuarias (os) nuevas (os),2015-02-01,0,2,10,1,0,13
COMBAYA,"anticoncepcion, prevencion de its y de cancer de cuello uterino",condon masculino: usuarias (os) nuevas (os),2015-02-01,0,1,0,0,0,1
CONCEPCION,"anticoncepcion, prevencion de its y de cancer de cuello uterino",condon masculino: usuarias (os) nuevas (os),2015-02-01,0,0,1,0,0,1
COPACABANA,"anticoncepcion, prevencion de its y de cancer de cuello uterino",condon masculino: usuarias (os) nuevas (os),2015-02-01,0,0,1,0,0,1
CORIPATA,"anticoncepcion, prevencion de its y de cancer de cuello uterino",condon masculino: usuarias (os) nuevas (os),2015-02-01,0,0,0,1,0,1
CORO CORO,"anticoncepcion, prevencion de its y de cancer de cuello uterino",condon masculino: usuarias (os) nuevas (os),2015-02-01,0,0,1,0,0,1
COTAGAITA,"anticoncepcion, prevencion de its y de cancer de cuello uterino",condon masculino: usuarias (os) nuevas (os),2015-02-01,0,4,5,0,0,9
COTOCA,"anticoncepcion, prevencion de its y de cancer de cuello uterino",condon masculino: usuarias (os) nuevas (os),2015-02-01,0,1,5,1,0,7
CUATRO CAÑADAS,"anticoncepcion, prevencion de its y de cancer de cuello uterino",condon masculino: usuarias (os) nuevas (os),2015-02-01,0,0,3,1,0,4
CUCHUMUELA (V. G. VILLARROEL),"anticoncepcion, prevencion de its y de cancer de cuello uterino",condon masculino: usuarias (os) nuevas (os),2015-02-01,0,0,3,0,0,3
CULPINA,"anticoncepcion, prevencion de its y de cancer de cuello uterino",condon masculino: usuarias (os) nuevas (os),2015-02-01,0,2,7,9,0,18
CURAHUARA DE CARANGAS,"anticoncepcion, prevencion de its y de cancer de cuello uterino",condon masculino: usuarias (os) nuevas (os),2015-02-01,0,1,3,0,0,4
CURVA,"anticoncepcion, prevencion de its y de cancer de cuello uterino",condon masculino: usuarias (os) nuevas (os),2015-02-01,0,0,2,0,0,2
EL ALTO,"anticoncepcion, prevencion de its y de cancer de cuello uterino",condon masculino: usuarias (os) nuevas (os),2015-02-01,1,35,131,42,0,209
EL CHORO,"anticoncepcion, prevencion de its y de cancer de cuello uterino",condon masculino: usuarias (os) nuevas (os),2015-02-01,0,0,4,0,0,4
EL PUENTE(STC),"anticoncepcion, prevencion de its y de cancer de cuello uterino",condon masculino: usuarias (os) nuevas (os),2015-02-01,0,3,3,2,0,8
EL PUENTE(TJA),"anticoncepcion, prevencion de its y de cancer de cuello uterino",condon masculino: usuarias (os) nuevas (os),2015-02-01,0,3,11,3,1,18
EL TORNO,"anticoncepcion, prevencion de its y de cancer de cuello uterino",condon masculino: usuarias (os) nuevas (os),2015-02-01,6,15,15,7,0,43
EL VILLAR,"anticoncepcion, prevencion de its y de cancer de cuello uterino",condon masculino: usuarias (os) nuevas (os),2015-02-01,0,1,1,0,0,2
ENTRE RIOS TRJ,"anticoncepcion, prevencion de its y de cancer de cuello uterino",condon masculino: usuarias (os) nuevas (os),2015-02-01,0,1,3,5,0,9
ENTRE RIOS CBBA,"anticoncepcion, prevencion de its y de cancer de cuello uterino",condon masculino: usuarias (os) nuevas (os),2015-02-01,0,4,13,0,0,17
ESCOMA,"anticoncepcion, prevencion de its y de cancer de cuello uterino",condon masculino: usuarias (os) nuevas (os),2015-02-01,0,0,0,1,0,1
EUCALIPTUS,"anticoncepcion, prevencion de its y de cancer de cuello uterino",condon masculino: usuarias (os) nuevas (os),2015-02-01,0,0,0,2,0,2
EUREKA (SANTOS MERCADO),"anticoncepcion, prevencion de its y de cancer de cuello uterino",condon masculino: usuarias (os) nuevas (os),2015-02-01,0,0,4,0,0,4
FERNANDEZ ALONSO,"anticoncepcion, prevencion de its y de cancer de cuello uterino",condon masculino: usuarias (os) nuevas (os),2015-02-01,0,0,4,4,0,8
FILADELFIA,"anticoncepcion, prevencion de its y de cancer de cuello uterino",condon masculino: usuarias (os) nuevas (os),2015-02-01,1,0,0,0,0,1
GENERAL SAAVEDRA,"anticoncepcion, prevencion de its y de cancer de cuello uterino",condon masculino: usuarias (os) nuevas (os),2015-02-01,0,0,3,2,0,5
GRAL. J.J. PEREZ (CHARAZANI),"anticoncepcion, prevencion de its y de cancer de cuello uterino",condon masculino: usuarias (os) nuevas (os),2015-02-01,0,0,3,0,0,3
GUANAY,"anticoncepcion, prevencion de its y de cancer de cuello uterino",condon masculino: usuarias (os) nuevas (os),2015-02-01,0,0,4,0,0,4
GUAQUI,"anticoncepcion, prevencion de its y de cancer de cuello uterino",condon masculino: usuarias (os) nuevas (os),2015-02-01,0,0,2,1,0,3
GUAYARAMERIN,"anticoncepcion, prevencion de its y de cancer de cuello uterino",condon masculino: usuarias (os) nuevas (os),2015-02-01,0,11,23,17,0,51
GUTIERREZ,"anticoncepcion, prevencion de its y de cancer de cuello uterino",condon masculino: usuarias (os) nuevas (os),2015-02-01,0,0,1,0,0,1
HUACARETA,"anticoncepcion, prevencion de its y de cancer de cuello uterino",condon masculino: usuarias (os) nuevas (os),2015-02-01,0,0,3,3,0,6
HUANUNI,"anticoncepcion, prevencion de its y de cancer de cuello uterino",condon masculino: usuarias (os) nuevas (os),2015-02-01,0,0,3,1,0,4
HUARACAJE,"anticoncepcion, prevencion de its y de cancer de cuello uterino",condon masculino: usuarias (os) nuevas (os),2015-02-01,0,0,2,0,0,2
HUARINA,"anticoncepcion, prevencion de its y de cancer de cuello uterino",condon masculino: usuarias (os) nuevas (os),2015-02-01,0,0,2,0,0,2
HUAYLLAMARCA,"anticoncepcion, prevencion de its y de cancer de cuello uterino",condon masculino: usuarias (os) nuevas (os),2015-02-01,0,1,0,0,0,1
ICHOCA,"anticoncepcion, prevencion de its y de cancer de cuello uterino",condon masculino: usuarias (os) nuevas (os),2015-02-01,0,0,0,1,0,1
ICLA,"anticoncepcion, prevencion de its y de cancer de cuello uterino",condon masculino: usuarias (os) nuevas (os),2015-02-01,0,1,8,1,0,10
INCAHUASI,"anticoncepcion, prevencion de its y de cancer de cuello uterino",condon masculino: usuarias (os) nuevas (os),2015-02-01,0,0,3,1,0,4
INGAVI (HUMAITA),"anticoncepcion, prevencion de its y de cancer de cuello uterino",condon masculino: usuarias (os) nuevas (os),2015-02-01,0,1,5,0,0,6
INQUISIVI,"anticoncepcion, prevencion de its y de cancer de cuello uterino",condon masculino: usuarias (os) nuevas (os),2015-02-01,0,1,1,2,0,4
IRUPANA (VILLA DE LANZA),"anticoncepcion, prevencion de its y de cancer de cuello uterino",condon masculino: usuarias (os) nuevas (os),2015-02-01,0,0,1,0,0,1
IXIAMAS,"anticoncepcion, prevencion de its y de cancer de cuello uterino",condon masculino: usuarias (os) nuevas (os),2015-02-01,0,0,6,0,0,6
JESUS DE MACHACA,"anticoncepcion, prevencion de its y de cancer de cuello uterino",condon masculino: usuarias (os) nuevas (os),2015-02-01,0,2,5,1,0,8
LA ASUNTA,"anticoncepcion, prevencion de its y de cancer de cuello uterino",condon masculino: usuarias (os) nuevas (os),2015-02-01,0,2,3,0,0,5
LA GUARDIA,"anticoncepcion, prevencion de its y de cancer de cuello uterino",condon masculino: usuarias (os) nuevas (os),2015-02-01,1,19,12,0,0,32
LA PAZ,"anticoncepcion, prevencion de its y de cancer de cuello uterino",condon masculino: usuarias (os) nuevas (os),2015-02-01,1,46,478,35,1,561
LAGUNILLAS,"anticoncepcion, prevencion de its y de cancer de cuello uterino",condon masculino: usuarias (os) nuevas (os),2015-02-01,0,0,1,0,0,1
LAJA,"anticoncepcion, prevencion de its y de cancer de cuello uterino",condon masculino: usuarias (os) nuevas (os),2015-02-01,0,0,2,0,0,2
LAS CARRERAS,"anticoncepcion, prevencion de its y de cancer de cuello uterino",condon masculino: usuarias (os) nuevas (os),2015-02-01,0,0,1,2,0,3
LICOMA PAMPA,"anticoncepcion, prevencion de its y de cancer de cuello uterino",condon masculino: usuarias (os) nuevas (os),2015-02-01,0,1,1,0,0,2
LLALLAGUA,"anticoncepcion, prevencion de its y de cancer de cuello uterino",condon masculino: usuarias (os) nuevas (os),2015-02-01,0,3,17,5,0,25
LLICA,"anticoncepcion, prevencion de its y de cancer de cuello uterino",condon masculino: usuarias (os) nuevas (os),2015-02-01,0,0,1,1,0,2
LURIBAY,"anticoncepcion, prevencion de its y de cancer de cuello uterino",condon masculino: usuarias (os) nuevas (os),2015-02-01,0,1,0,1,0,2
MACHACAMARCA,"anticoncepcion, prevencion de its y de cancer de cuello uterino",condon masculino: usuarias (os) nuevas (os),2015-02-01,0,0,3,0,0,3
MACHARETI,"anticoncepcion, prevencion de its y de cancer de cuello uterino",condon masculino: usuarias (os) nuevas (os),2015-02-01,0,3,7,0,0,10
MAGDALENA,"anticoncepcion, prevencion de its y de cancer de cuello uterino",condon masculino: usuarias (os) nuevas (os),2015-02-01,0,1,0,0,0,1
MAIRANA,"anticoncepcion, prevencion de its y de cancer de cuello uterino",condon masculino: usuarias (os) nuevas (os),2015-02-01,0,0,6,2,0,8
MECAPACA,"anticoncepcion, prevencion de its y de cancer de cuello uterino",condon masculino: usuarias (os) nuevas (os),2015-02-01,0,0,0,1,0,1
MINEROS,"anticoncepcion, prevencion de its y de cancer de cuello uterino",condon masculino: usuarias (os) nuevas (os),2015-02-01,0,1,4,0,0,5
MIZQUE,"anticoncepcion, prevencion de its y de cancer de cuello uterino",condon masculino: usuarias (os) nuevas (os),2015-02-01,0,2,5,2,0,9
MOCOMOCO,"anticoncepcion, prevencion de its y de cancer de cuello uterino",condon masculino: usuarias (os) nuevas (os),2015-02-01,0,2,2,2,0,6
MOJOCOYA,"anticoncepcion, prevencion de its y de cancer de cuello uterino",condon masculino: usuarias (os) nuevas (os),2015-02-01,0,0,3,0,0,3
MONTEAGUDO,"anticoncepcion, prevencion de its y de cancer de cuello uterino",condon masculino: usuarias (os) nuevas (os),2015-02-01,0,1,6,0,0,7
MONTERO,"anticoncepcion, prevencion de its y de cancer de cuello uterino",condon masculino: usuarias (os) nuevas (os),2015-02-01,0,5,9,2,0,16
NACEBE (SANTA ROSA DEL ABUNA),"anticoncepcion, prevencion de its y de cancer de cuello uterino",condon masculino: usuarias (os) nuevas (os),2015-02-01,0,0,2,0,0,2
NUEVO MANOA (NUEVA ESPERANZA),"anticoncepcion, prevencion de its y de cancer de cuello uterino",condon masculino: usuarias (os) nuevas (os),2015-02-01,0,0,5,0,0,5
OCURI,"anticoncepcion, prevencion de its y de cancer de cuello uterino",condon masculino: usuarias (os) nuevas (os),2015-02-01,0,3,8,3,0,14
OKINAWA,"anticoncepcion, prevencion de its y de cancer de cuello uterino",condon masculino: usuarias (os) nuevas (os),2015-02-01,0,2,1,0,0,3
OMEREQUE,"anticoncepcion, prevencion de its y de cancer de cuello uterino",condon masculino: usuarias (os) nuevas (os),2015-02-01,0,2,0,0,0,2
ORURO,"anticoncepcion, prevencion de its y de cancer de cuello uterino",condon masculino: usuarias (os) nuevas (os),2015-02-01,0,10,53,15,0,78
PADCAYA,"anticoncepcion, prevencion de its y de cancer de cuello uterino",condon masculino: usuarias (os) nuevas (os),2015-02-01,0,2,5,1,0,8
PADILLA,"anticoncepcion, prevencion de its y de cancer de cuello uterino",condon masculino: usuarias (os) nuevas (os),2015-02-01,0,2,1,4,0,7
PAILON,"anticoncepcion, prevencion de its y de cancer de cuello uterino",condon masculino: usuarias (os) nuevas (os),2015-02-01,0,1,2,0,0,3
PALCA,"anticoncepcion, prevencion de its y de cancer de cuello uterino",condon masculino: usuarias (os) nuevas (os),2015-02-01,0,1,2,1,0,4
PALOS BLANCOS,"anticoncepcion, prevencion de its y de cancer de cuello uterino",condon masculino: usuarias (os) nuevas (os),2015-02-01,0,1,2,1,0,4
PAMPA AULLAGAS,"anticoncepcion, prevencion de its y de cancer de cuello uterino",condon masculino: usuarias (os) nuevas (os),2015-02-01,0,0,2,0,0,2
PAPEL PAMPA,"anticoncepcion, prevencion de its y de cancer de cuello uterino",condon masculino: usuarias (os) nuevas (os),2015-02-01,0,1,1,0,0,2
PASORAPA,"anticoncepcion, prevencion de its y de cancer de cuello uterino",condon masculino: usuarias (os) nuevas (os),2015-02-01,0,0,3,1,0,4
PELECHUCO,"anticoncepcion, prevencion de its y de cancer de cuello uterino",condon masculino: usuarias (os) nuevas (os),2015-02-01,0,1,2,1,0,4
POCOATA,"anticoncepcion, prevencion de its y de cancer de cuello uterino",condon masculino: usuarias (os) nuevas (os),2015-02-01,0,1,7,5,0,13
POCONA,"anticoncepcion, prevencion de its y de cancer de cuello uterino",condon masculino: usuarias (os) nuevas (os),2015-02-01,0,1,3,0,0,4
POJO (CBBA),"anticoncepcion, prevencion de its y de cancer de cuello uterino",condon masculino: usuarias (os) nuevas (os),2015-02-01,0,3,1,2,0,6
POOPO,"anticoncepcion, prevencion de its y de cancer de cuello uterino",condon masculino: usuarias (os) nuevas (os),2015-02-01,0,0,3,3,0,6
PORCO,"anticoncepcion, prevencion de its y de cancer de cuello uterino",condon masculino: usuarias (os) nuevas (os),2015-02-01,0,1,8,5,0,14
POROMA,"anticoncepcion, prevencion de its y de cancer de cuello uterino",condon masculino: usuarias (os) nuevas (os),2015-02-01,0,11,8,6,0,25
PORONGO,"anticoncepcion, prevencion de its y de cancer de cuello uterino",condon masculino: usuarias (os) nuevas (os),2015-02-01,0,0,7,3,0,10
PORTACHUELO,"anticoncepcion, prevencion de its y de cancer de cuello uterino",condon masculino: usuarias (os) nuevas (os),2015-02-01,0,1,2,0,0,3
POSTRER VALLE,"anticoncepcion, prevencion de its y de cancer de cuello uterino",condon masculino: usuarias (os) nuevas (os),2015-02-01,0,2,1,0,0,3
POTOSI,"anticoncepcion, prevencion de its y de cancer de cuello uterino",condon masculino: usuarias (os) nuevas (os),2015-02-01,0,3,35,1,0,39
PRESTO,"anticoncepcion, prevencion de its y de cancer de cuello uterino",condon masculino: usuarias (os) nuevas (os),2015-02-01,0,0,5,0,0,5
PUCARANI,"anticoncepcion, prevencion de its y de cancer de cuello uterino",condon masculino: usuarias (os) nuevas (os),2015-02-01,0,1,6,0,0,7
PUERTO ACOSTA,"anticoncepcion, prevencion de its y de cancer de cuello uterino",condon masculino: usuarias (os) nuevas (os),2015-02-01,0,0,0,1,0,1
PUERTO CARABUCO,"anticoncepcion, prevencion de its y de cancer de cuello uterino",condon masculino: usuarias (os) nuevas (os),2015-02-01,0,0,4,0,0,4
PUERTO GONZALO MORENO,"anticoncepcion, prevencion de its y de cancer de cuello uterino",condon masculino: usuarias (os) nuevas (os),2015-02-01,0,0,1,0,0,1
PUERTO PEREZ,"anticoncepcion, prevencion de its y de cancer de cuello uterino",condon masculino: usuarias (os) nuevas (os),2015-02-01,0,0,2,2,0,4
PUERTO QUIJARRO,"anticoncepcion, prevencion de its y de cancer de cuello uterino",condon masculino: usuarias (os) nuevas (os),2015-02-01,0,0,2,2,0,4
PUERTO RICO,"anticoncepcion, prevencion de its y de cancer de cuello uterino",condon masculino: usuarias (os) nuevas (os),2015-02-01,0,2,2,1,0,5
PUERTO VILLARROEL,"anticoncepcion, prevencion de its y de cancer de cuello uterino",condon masculino: usuarias (os) nuevas (os),2015-02-01,0,6,19,3,0,28
PUNA,"anticoncepcion, prevencion de its y de cancer de cuello uterino",condon masculino: usuarias (os) nuevas (os),2015-02-01,0,2,2,0,0,4
PUNATA,"anticoncepcion, prevencion de its y de cancer de cuello uterino",condon masculino: usuarias (os) nuevas (os),2015-02-01,0,3,7,1,0,11
QUILLACOLLO,"anticoncepcion, prevencion de its y de cancer de cuello uterino",condon masculino: usuarias (os) nuevas (os),2015-02-01,0,9,77,12,0,98
QUIME,"anticoncepcion, prevencion de its y de cancer de cuello uterino",condon masculino: usuarias (os) nuevas (os),2015-02-01,0,1,5,0,0,6
QUIRUSILLAS,"anticoncepcion, prevencion de its y de cancer de cuello uterino",condon masculino: usuarias (os) nuevas (os),2015-02-01,0,0,1,0,0,1
RAVELO,"anticoncepcion, prevencion de its y de cancer de cuello uterino",condon masculino: usuarias (os) nuevas (os),2015-02-01,0,2,12,4,0,18
RIBERALTA,"anticoncepcion, prevencion de its y de cancer de cuello uterino",condon masculino: usuarias (os) nuevas (os),2015-02-01,0,5,21,9,0,35
ROBORE,"anticoncepcion, prevencion de its y de cancer de cuello uterino",condon masculino: usuarias (os) nuevas (os),2015-02-01,0,1,2,4,0,7
RURRENABAQUE,"anticoncepcion, prevencion de its y de cancer de cuello uterino",condon masculino: usuarias (os) nuevas (os),2015-02-01,0,1,4,1,0,6
SACABA,"anticoncepcion, prevencion de its y de cancer de cuello uterino",condon masculino: usuarias (os) nuevas (os),2015-02-01,0,8,30,11,0,49
SACACA,"anticoncepcion, prevencion de its y de cancer de cuello uterino",condon masculino: usuarias (os) nuevas (os),2015-02-01,0,0,1,0,0,1
SALINAS DE GARCI MENDOZA,"anticoncepcion, prevencion de its y de cancer de cuello uterino",condon masculino: usuarias (os) nuevas (os),2015-02-01,0,0,5,1,0,6
SAMAIPATA,"anticoncepcion, prevencion de its y de cancer de cuello uterino",condon masculino: usuarias (os) nuevas (os),2015-02-01,0,1,1,0,0,2
SAN AGUSTIN,"anticoncepcion, prevencion de its y de cancer de cuello uterino",condon masculino: usuarias (os) nuevas (os),2015-02-01,0,0,2,1,0,3
SAN ANDRES,"anticoncepcion, prevencion de its y de cancer de cuello uterino",condon masculino: usuarias (os) nuevas (os),2015-02-01,0,1,7,2,0,10
SAN ANDRES DE MACHACA,"anticoncepcion, prevencion de its y de cancer de cuello uterino",condon masculino: usuarias (os) nuevas (os),2015-02-01,0,0,2,0,0,2
SAN ANTONIO DE LOMERIO,"anticoncepcion, prevencion de its y de cancer de cuello uterino",condon masculino: usuarias (os) nuevas (os),2015-02-01,0,11,1,1,0,13
SAN BORJA,"anticoncepcion, prevencion de its y de cancer de cuello uterino",condon masculino: usuarias (os) nuevas (os),2015-02-01,2,9,37,0,0,48
SAN CARLOS,"anticoncepcion, prevencion de its y de cancer de cuello uterino",condon masculino: usuarias (os) nuevas (os),2015-02-01,0,9,0,0,0,9
SAN IGNACIO,"anticoncepcion, prevencion de its y de cancer de cuello uterino",condon masculino: usuarias (os) nuevas (os),2015-02-01,0,2,8,2,0,12
SAN IGNACIO DE VELASCO,"anticoncepcion, prevencion de its y de cancer de cuello uterino",condon masculino: usuarias (os) nuevas (os),2015-02-01,0,0,3,0,0,3
SAN JOSE DE CHIQUITOS,"anticoncepcion, prevencion de its y de cancer de cuello uterino",condon masculino: usuarias (os) nuevas (os),2015-02-01,0,0,8,3,0,11
SAN JUAN DE YAPACANI,"anticoncepcion, prevencion de its y de cancer de cuello uterino",condon masculino: usuarias (os) nuevas (os),2015-02-01,0,0,3,0,0,3
SAN JULIAN,"anticoncepcion, prevencion de its y de cancer de cuello uterino",condon masculino: usuarias (os) nuevas (os),2015-02-01,0,2,3,1,0,6
SAN LORENZO(PND),"anticoncepcion, prevencion de its y de cancer de cuello uterino",condon masculino: usuarias (os) nuevas (os),2015-02-01,1,1,13,1,0,16
SAN LORENZO(TJA),"anticoncepcion, prevencion de its y de cancer de cuello uterino",condon masculino: usuarias (os) nuevas (os),2015-02-01,4,2,2,2,0,10
SAN LUCAS,"anticoncepcion, prevencion de its y de cancer de cuello uterino",condon masculino: usuarias (os) nuevas (os),2015-02-01,3,6,9,4,0,22
SAN MIGUEL DE VELASCO,"anticoncepcion, prevencion de its y de cancer de cuello uterino",condon masculino: usuarias (os) nuevas (os),2015-02-01,0,1,4,2,0,7
SAN PEDRO,"anticoncepcion, prevencion de its y de cancer de cuello uterino",condon masculino: usuarias (os) nuevas (os),2015-02-01,0,0,3,0,0,3
SAN PEDRO DE BUENA VISTA,"anticoncepcion, prevencion de its y de cancer de cuello uterino",condon masculino: usuarias (os) nuevas (os),2015-02-01,0,0,5,2,0,7
SAN PEDRO DE CURAHUARA,"anticoncepcion, prevencion de its y de cancer de cuello uterino",condon masculino: usuarias (os) nuevas (os),2015-02-01,0,0,1,0,0,1
SAN PEDRO DE TIQUINA,"anticoncepcion, prevencion de its y de cancer de cuello uterino",condon masculino: usuarias (os) nuevas (os),2015-02-01,0,1,1,1,0,3
SAN RAFAEL,"anticoncepcion, prevencion de its y de cancer de cuello uterino",condon masculino: usuarias (os) nuevas (os),2015-02-01,0,1,1,0,0,2
SAN RAMON SCZ,"anticoncepcion, prevencion de its y de cancer de cuello uterino",condon masculino: usuarias (os) nuevas (os),2015-02-01,0,0,1,0,0,1
SANTA ANA,"anticoncepcion, prevencion de its y de cancer de cuello uterino",condon masculino: usuarias (os) nuevas (os),2015-02-01,0,2,3,0,0,5
SANTA CRUZ DE LA SIERRA,"anticoncepcion, prevencion de its y de cancer de cuello uterino",condon masculino: usuarias (os) nuevas (os),2015-02-01,2,39,534,106,0,681
SANTA ROSA,"anticoncepcion, prevencion de its y de cancer de cuello uterino",condon masculino: usuarias (os) nuevas (os),2015-02-01,0,0,3,0,0,3
SANTA ROSA DEL SARA,"anticoncepcion, prevencion de its y de cancer de cuello uterino",condon masculino: usuarias (os) nuevas (os),2015-02-01,0,1,6,1,0,8
SANTIAGO DE HUARI,"anticoncepcion, prevencion de its y de cancer de cuello uterino",condon masculino: usuarias (os) nuevas (os),2015-02-01,0,0,2,0,0,2
SANTIAGO DE HUATA,"anticoncepcion, prevencion de its y de cancer de cuello uterino",condon masculino: usuarias (os) nuevas (os),2015-02-01,0,0,2,1,0,3
SANTIAGO DE MACHACA,"anticoncepcion, prevencion de its y de cancer de cuello uterino",condon masculino: usuarias (os) nuevas (os),2015-02-01,0,0,2,1,0,3
SANTIVAÑES,"anticoncepcion, prevencion de its y de cancer de cuello uterino",condon masculino: usuarias (os) nuevas (os),2015-02-01,0,0,2,0,0,2
SANTUARIO DE QUILLACAS,"anticoncepcion, prevencion de its y de cancer de cuello uterino",condon masculino: usuarias (os) nuevas (os),2015-02-01,0,0,3,0,0,3
SAPAHAQUI,"anticoncepcion, prevencion de its y de cancer de cuello uterino",condon masculino: usuarias (os) nuevas (os),2015-02-01,0,0,2,1,0,3
SHINAOTA,"anticoncepcion, prevencion de its y de cancer de cuello uterino",condon masculino: usuarias (os) nuevas (os),2015-02-01,0,0,3,0,0,3
SICA SICA (VILLA AROMA),"anticoncepcion, prevencion de its y de cancer de cuello uterino",condon masculino: usuarias (os) nuevas (os),2015-02-01,0,2,4,0,0,6
SIPE SIPE,"anticoncepcion, prevencion de its y de cancer de cuello uterino",condon masculino: usuarias (os) nuevas (os),2015-02-01,0,0,7,1,1,9
SOPACHUY,"anticoncepcion, prevencion de its y de cancer de cuello uterino",condon masculino: usuarias (os) nuevas (os),2015-02-01,0,1,7,3,0,11
SORACACHI,"anticoncepcion, prevencion de its y de cancer de cuello uterino",condon masculino: usuarias (os) nuevas (os),2015-02-01,0,0,5,0,0,5
SORATA,"anticoncepcion, prevencion de its y de cancer de cuello uterino",condon masculino: usuarias (os) nuevas (os),2015-02-01,0,1,0,1,0,2
SUCRE,"anticoncepcion, prevencion de its y de cancer de cuello uterino",condon masculino: usuarias (os) nuevas (os),2015-02-01,0,85,146,65,0,296
TACACOMA,"anticoncepcion, prevencion de its y de cancer de cuello uterino",condon masculino: usuarias (os) nuevas (os),2015-02-01,0,1,3,1,0,5
TACOPAYA,"anticoncepcion, prevencion de its y de cancer de cuello uterino",condon masculino: usuarias (os) nuevas (os),2015-02-01,0,0,4,0,0,4
TAPACARI,"anticoncepcion, prevencion de its y de cancer de cuello uterino",condon masculino: usuarias (os) nuevas (os),2015-02-01,0,0,15,3,0,18
TARABUCO,"anticoncepcion, prevencion de its y de cancer de cuello uterino",condon masculino: usuarias (os) nuevas (os),2015-02-01,0,1,1,1,0,3
TARACO,"anticoncepcion, prevencion de its y de cancer de cuello uterino",condon masculino: usuarias (os) nuevas (os),2015-02-01,0,0,1,0,0,1
TARATA,"anticoncepcion, prevencion de its y de cancer de cuello uterino",condon masculino: usuarias (os) nuevas (os),2015-02-01,0,0,2,0,0,2
TARIJA,"anticoncepcion, prevencion de its y de cancer de cuello uterino",condon masculino: usuarias (os) nuevas (os),2015-02-01,1,33,225,45,2,306
TARVITA,"anticoncepcion, prevencion de its y de cancer de cuello uterino",condon masculino: usuarias (os) nuevas (os),2015-02-01,0,4,16,3,0,23
TEOPONTE,"anticoncepcion, prevencion de its y de cancer de cuello uterino",condon masculino: usuarias (os) nuevas (os),2015-02-01,0,1,1,0,0,2
TIAWANACU,"anticoncepcion, prevencion de its y de cancer de cuello uterino",condon masculino: usuarias (os) nuevas (os),2015-02-01,0,0,4,2,0,6
TINGUIPAYA,"anticoncepcion, prevencion de its y de cancer de cuello uterino",condon masculino: usuarias (os) nuevas (os),2015-02-01,0,0,3,0,0,3
TIQUIPAYA,"anticoncepcion, prevencion de its y de cancer de cuello uterino",condon masculino: usuarias (os) nuevas (os),2015-02-01,0,1,13,5,0,19
TIRAQUE (CBBA),"anticoncepcion, prevencion de its y de cancer de cuello uterino",condon masculino: usuarias (os) nuevas (os),2015-02-01,0,2,1,0,0,3
TITO YUPANQUI (PARQUIPUJIO),"anticoncepcion, prevencion de its y de cancer de cuello uterino",condon masculino: usuarias (os) nuevas (os),2015-02-01,0,0,0,1,0,1
TOCO,"anticoncepcion, prevencion de its y de cancer de cuello uterino",condon masculino: usuarias (os) nuevas (os),2015-02-01,0,0,2,0,0,2
TOLATA,"anticoncepcion, prevencion de its y de cancer de cuello uterino",condon masculino: usuarias (os) nuevas (os),2015-02-01,0,1,4,0,0,5
TOMAVE,"anticoncepcion, prevencion de its y de cancer de cuello uterino",condon masculino: usuarias (os) nuevas (os),2015-02-01,0,0,6,0,0,6
TOMINA,"anticoncepcion, prevencion de its y de cancer de cuello uterino",condon masculino: usuarias (os) nuevas (os),2015-02-01,0,0,2,0,0,2
TORO TORO,"anticoncepcion, prevencion de its y de cancer de cuello uterino",condon masculino: usuarias (os) nuevas (os),2015-02-01,0,1,2,1,0,4
TOTORA(CBBA),"anticoncepcion, prevencion de its y de cancer de cuello uterino",condon masculino: usuarias (os) nuevas (os),2015-02-01,1,1,2,2,0,6
TOTORA(ORR),"anticoncepcion, prevencion de its y de cancer de cuello uterino",condon masculino: usuarias (os) nuevas (os),2015-02-01,0,0,2,0,0,2
TRIGAL,"anticoncepcion, prevencion de its y de cancer de cuello uterino",condon masculino: usuarias (os) nuevas (os),2015-02-01,0,0,1,0,0,1
TRINIDAD,"anticoncepcion, prevencion de its y de cancer de cuello uterino",condon masculino: usuarias (os) nuevas (os),2015-02-01,0,423,840,334,84,1681
TUPIZA,"anticoncepcion, prevencion de its y de cancer de cuello uterino",condon masculino: usuarias (os) nuevas (os),2015-02-01,0,4,7,2,0,13
TURCO,"anticoncepcion, prevencion de its y de cancer de cuello uterino",condon masculino: usuarias (os) nuevas (os),2015-02-01,0,0,8,2,0,10
UNCIA,"anticoncepcion, prevencion de its y de cancer de cuello uterino",condon masculino: usuarias (os) nuevas (os),2015-02-01,0,0,1,0,1,2
URIONDO (A. CONCEPCION),"anticoncepcion, prevencion de its y de cancer de cuello uterino",condon masculino: usuarias (os) nuevas (os),2015-02-01,0,1,4,1,1,7
URUBICHA,"anticoncepcion, prevencion de its y de cancer de cuello uterino",condon masculino: usuarias (os) nuevas (os),2015-02-01,0,0,0,1,0,1
VACAS,"anticoncepcion, prevencion de its y de cancer de cuello uterino",condon masculino: usuarias (os) nuevas (os),2015-02-01,0,4,3,3,0,10
VALLEGRANDE,"anticoncepcion, prevencion de its y de cancer de cuello uterino",condon masculino: usuarias (os) nuevas (os),2015-02-01,0,0,2,0,0,2
VIACHA,"anticoncepcion, prevencion de its y de cancer de cuello uterino",condon masculino: usuarias (os) nuevas (os),2015-02-01,0,1,13,1,0,15
VILA VILA,"anticoncepcion, prevencion de its y de cancer de cuello uterino",condon masculino: usuarias (os) nuevas (os),2015-02-01,0,0,1,0,0,1
VILLA CHARCAS,"anticoncepcion, prevencion de its y de cancer de cuello uterino",condon masculino: usuarias (os) nuevas (os),2015-02-01,0,1,3,2,0,6
VILLA MONTES,"anticoncepcion, prevencion de its y de cancer de cuello uterino",condon masculino: usuarias (os) nuevas (os),2015-02-01,0,0,3,0,0,3
VILLA NUEVA (LOMA ALTA),"anticoncepcion, prevencion de its y de cancer de cuello uterino",condon masculino: usuarias (os) nuevas (os),2015-02-01,0,1,0,0,0,1
VILLA RIVERO,"anticoncepcion, prevencion de its y de cancer de cuello uterino",condon masculino: usuarias (os) nuevas (os),2015-02-01,0,0,1,0,0,1
VILLA SERRANO,"anticoncepcion, prevencion de its y de cancer de cuello uterino",condon masculino: usuarias (os) nuevas (os),2015-02-01,0,0,1,0,0,1
VILLA TUNARI,"anticoncepcion, prevencion de its y de cancer de cuello uterino",condon masculino: usuarias (os) nuevas (os),2015-02-01,0,6,17,4,0,27
VILLA VACA GUZMAN (MUYUPAMPA),"anticoncepcion, prevencion de its y de cancer de cuello uterino",condon masculino: usuarias (os) nuevas (os),2015-02-01,0,0,5,0,0,5
VILLAZON,"anticoncepcion, prevencion de its y de cancer de cuello uterino",condon masculino: usuarias (os) nuevas (os),2015-02-01,0,1,3,2,0,6
VINTO,"anticoncepcion, prevencion de its y de cancer de cuello uterino",condon masculino: usuarias (os) nuevas (os),2015-02-01,0,0,6,1,0,7
VITICHI,"anticoncepcion, prevencion de its y de cancer de cuello uterino",condon masculino: usuarias (os) nuevas (os),2015-02-01,0,1,0,0,0,1
WARNES,"anticoncepcion, prevencion de its y de cancer de cuello uterino",condon masculino: usuarias (os) nuevas (os),2015-02-01,1,18,92,30,1,142
YACO,"anticoncepcion, prevencion de its y de cancer de cuello uterino",condon masculino: usuarias (os) nuevas (os),2015-02-01,0,0,3,0,0,3
YACUIBA,"anticoncepcion, prevencion de its y de cancer de cuello uterino",condon masculino: usuarias (os) nuevas (os),2015-02-01,0,6,21,7,0,34
YANACACHI,"anticoncepcion, prevencion de its y de cancer de cuello uterino",condon masculino: usuarias (os) nuevas (os),2015-02-01,0,0,3,0,0,3
YAPACANI,"anticoncepcion, prevencion de its y de cancer de cuello uterino",condon masculino: usuarias (os) nuevas (os),2015-02-01,0,3,7,2,0,12
YOCALLA,"anticoncepcion, prevencion de its y de cancer de cuello uterino",condon masculino: usuarias (os) nuevas (os),2015-02-01,0,1,4,1,0,6
YOTALA,"anticoncepcion, prevencion de its y de cancer de cuello uterino",condon masculino: usuarias (os) nuevas (os),2015-02-01,0,0,6,0,0,6
YUNCHARA,"anticoncepcion, prevencion de its y de cancer de cuello uterino",condon masculino: usuarias (os) nuevas (os),2015-02-01,0,2,8,2,0,12
ZUDAÑEZ,"anticoncepcion, prevencion de its y de cancer de cuello uterino",condon masculino: usuarias (os) nuevas (os),2015-02-01,0,1,9,6,2,18
ACACIO,"anticoncepcion, prevencion de its y de cancer de cuello uterino",condon masculino: usuarias (os) nuevas (os),2015-03-01,0,0,1,0,0,1
ACHACACHI,"anticoncepcion, prevencion de its y de cancer de cuello uterino",condon masculino: usuarias (os) nuevas (os),2015-03-01,0,1,2,3,0,6
ACHOCALLA,"anticoncepcion, prevencion de its y de cancer de cuello uterino",condon masculino: usuarias (os) nuevas (os),2015-03-01,0,1,6,0,0,7
AIQUILE,"anticoncepcion, prevencion de its y de cancer de cuello uterino",condon masculino: usuarias (os) nuevas (os),2015-03-01,0,1,4,1,0,6
ALCALA,"anticoncepcion, prevencion de its y de cancer de cuello uterino",condon masculino: usuarias (os) nuevas (os),2015-03-01,0,0,2,0,0,2
ALTO BENI,"anticoncepcion, prevencion de its y de cancer de cuello uterino",condon masculino: usuarias (os) nuevas (os),2015-03-01,0,0,3,1,0,4
ANCORAIMES,"anticoncepcion, prevencion de its y de cancer de cuello uterino",condon masculino: usuarias (os) nuevas (os),2015-03-01,0,0,2,0,0,2
ANDAMARCA,"anticoncepcion, prevencion de its y de cancer de cuello uterino",condon masculino: usuarias (os) nuevas (os),2015-03-01,0,0,1,1,0,2
ANTEQUERA,"anticoncepcion, prevencion de its y de cancer de cuello uterino",condon masculino: usuarias (os) nuevas (os),2015-03-01,0,0,1,1,0,2
APOLO,"anticoncepcion, prevencion de its y de cancer de cuello uterino",condon masculino: usuarias (os) nuevas (os),2015-03-01,0,1,3,0,0,4
ARBIETO,"anticoncepcion, prevencion de its y de cancer de cuello uterino",condon masculino: usuarias (os) nuevas (os),2015-03-01,0,0,3,1,0,4
ARQUE,"anticoncepcion, prevencion de its y de cancer de cuello uterino",condon masculino: usuarias (os) nuevas (os),2015-03-01,0,0,1,1,0,2
ASCENCION DE GUARAYOS,"anticoncepcion, prevencion de its y de cancer de cuello uterino",condon masculino: usuarias (os) nuevas (os),2015-03-01,0,0,3,0,0,3
ATOCHA,"anticoncepcion, prevencion de its y de cancer de cuello uterino",condon masculino: usuarias (os) nuevas (os),2015-03-01,0,1,1,1,0,3
AYO AYO,"anticoncepcion, prevencion de its y de cancer de cuello uterino",condon masculino: usuarias (os) nuevas (os),2015-03-01,0,0,1,0,0,1
AYOPAYA (V. DE INDEPENDENCIA),"anticoncepcion, prevencion de its y de cancer de cuello uterino",condon masculino: usuarias (os) nuevas (os),2015-03-01,0,1,3,2,0,6
AZURDUY,"anticoncepcion, prevencion de its y de cancer de cuello uterino",condon masculino: usuarias (os) nuevas (os),2015-03-01,0,0,1,1,0,2
BAURES,"anticoncepcion, prevencion de its y de cancer de cuello uterino",condon masculino: usuarias (os) nuevas (os),2015-03-01,0,0,3,0,0,3
BELEN DE URMIRI,"anticoncepcion, prevencion de its y de cancer de cuello uterino",condon masculino: usuarias (os) nuevas (os),2015-03-01,0,0,5,0,0,5
BELLA FLOR,"anticoncepcion, prevencion de its y de cancer de cuello uterino",condon masculino: usuarias (os) nuevas (os),2015-03-01,0,0,0,1,0,1
BERMEJO,"anticoncepcion, prevencion de its y de cancer de cuello uterino",condon masculino: usuarias (os) nuevas (os),2015-03-01,0,1,10,7,1,19
BETANZOS,"anticoncepcion, prevencion de its y de cancer de cuello uterino",condon masculino: usuarias (os) nuevas (os),2015-03-01,0,1,4,1,0,6
BOLIVAR,"anticoncepcion, prevencion de its y de cancer de cuello uterino",condon masculino: usuarias (os) nuevas (os),2015-03-01,0,0,1,0,0,1
BOLPEBRA,"anticoncepcion, prevencion de its y de cancer de cuello uterino",condon masculino: usuarias (os) nuevas (os),2015-03-01,0,0,0,0,1,1
BUENA VISTA,"anticoncepcion, prevencion de its y de cancer de cuello uterino",condon masculino: usuarias (os) nuevas (os),2015-03-01,0,0,5,0,0,5
CABEZAS,"anticoncepcion, prevencion de its y de cancer de cuello uterino",condon masculino: usuarias (os) nuevas (os),2015-03-01,0,3,4,2,0,9
CAIROMA,"anticoncepcion, prevencion de its y de cancer de cuello uterino",condon masculino: usuarias (os) nuevas (os),2015-03-01,0,0,4,1,0,5
"CAIZA ""D""","anticoncepcion, prevencion de its y de cancer de cuello uterino",condon masculino: usuarias (os) nuevas (os),2015-03-01,0,1,1,0,0,2
CAJUATA,"anticoncepcion, prevencion de its y de cancer de cuello uterino",condon masculino: usuarias (os) nuevas (os),2015-03-01,0,1,3,4,0,8
CALACOTO,"anticoncepcion, prevencion de its y de cancer de cuello uterino",condon masculino: usuarias (os) nuevas (os),2015-03-01,0,0,0,2,0,2
CALAMARCA,"anticoncepcion, prevencion de its y de cancer de cuello uterino",condon masculino: usuarias (os) nuevas (os),2015-03-01,0,2,7,0,0,9
CAMARGO,"anticoncepcion, prevencion de its y de cancer de cuello uterino",condon masculino: usuarias (os) nuevas (os),2015-03-01,0,0,2,1,0,3
CAMIRI,"anticoncepcion, prevencion de its y de cancer de cuello uterino",condon masculino: usuarias (os) nuevas (os),2015-03-01,0,1,4,0,0,5
CAPINOTA,"anticoncepcion, prevencion de its y de cancer de cuello uterino",condon masculino: usuarias (os) nuevas (os),2015-03-01,0,1,5,3,0,9
CAQUIAVIRI,"anticoncepcion, prevencion de its y de cancer de cuello uterino",condon masculino: usuarias (os) nuevas (os),2015-03-01,0,0,1,0,0,1
CARACOLLO,"anticoncepcion, prevencion de its y de cancer de cuello uterino",condon masculino: usuarias (os) nuevas (os),2015-03-01,0,1,2,1,0,4
CARANAVI,"anticoncepcion, prevencion de its y de cancer de cuello uterino",condon masculino: usuarias (os) nuevas (os),2015-03-01,0,1,21,0,0,22
CARAPARI,"anticoncepcion, prevencion de its y de cancer de cuello uterino",condon masculino: usuarias (os) nuevas (os),2015-03-01,0,1,1,3,0,5
CHALLAPATA,"anticoncepcion, prevencion de its y de cancer de cuello uterino",condon masculino: usuarias (os) nuevas (os),2015-03-01,0,1,9,7,0,17
CHAQUI,"anticoncepcion, prevencion de its y de cancer de cuello uterino",condon masculino: usuarias (os) nuevas (os),2015-03-01,0,0,4,2,0,6
CHARAGUA,"anticoncepcion, prevencion de its y de cancer de cuello uterino",condon masculino: usuarias (os) nuevas (os),2015-03-01,0,0,1,0,0,1
CHAYANTA,"anticoncepcion, prevencion de its y de cancer de cuello uterino",condon masculino: usuarias (os) nuevas (os),2015-03-01,0,3,14,3,0,20
CHIMORE,"anticoncepcion, prevencion de its y de cancer de cuello uterino",condon masculino: usuarias (os) nuevas (os),2015-03-01,0,4,8,3,0,15
CHUA COCANI,"anticoncepcion, prevencion de its y de cancer de cuello uterino",condon masculino: usuarias (os) nuevas (os),2015-03-01,0,0,1,0,0,1
CHULUMANI (V. DE LA LIBERTAD),"anticoncepcion, prevencion de its y de cancer de cuello uterino",condon masculino: usuarias (os) nuevas (os),2015-03-01,0,0,3,0,0,3
CHUMA,"anticoncepcion, prevencion de its y de cancer de cuello uterino",condon masculino: usuarias (os) nuevas (os),2015-03-01,0,0,1,2,0,3
CHUQUIHUTA AYLLU JUCUMANI,"anticoncepcion, prevencion de its y de cancer de cuello uterino",condon masculino: usuarias (os) nuevas (os),2015-03-01,0,0,2,1,0,3
CKOCHAS,"anticoncepcion, prevencion de its y de cancer de cuello uterino",condon masculino: usuarias (os) nuevas (os),2015-03-01,0,0,2,1,0,3
CLIZA,"anticoncepcion, prevencion de its y de cancer de cuello uterino",condon masculino: usuarias (os) nuevas (os),2015-03-01,0,1,13,0,0,14
COBIJA,"anticoncepcion, prevencion de its y de cancer de cuello uterino",condon masculino: usuarias (os) nuevas (os),2015-03-01,0,0,3,0,0,3
COCAPATA,"anticoncepcion, prevencion de its y de cancer de cuello uterino",condon masculino: usuarias (os) nuevas (os),2015-03-01,0,3,9,1,0,13
COCHABAMBA,"anticoncepcion, prevencion de its y de cancer de cuello uterino",condon masculino: usuarias (os) nuevas (os),2015-03-01,0,30,384,540,0,954
COIPASA,"anticoncepcion, prevencion de its y de cancer de cuello uterino",condon masculino: usuarias (os) nuevas (os),2015-03-01,0,1,0,0,0,1
COLCAPIRHUA,"anticoncepcion, prevencion de its y de cancer de cuello uterino",condon masculino: usuarias (os) nuevas (os),2015-03-01,0,2,7,0,0,9
"COLCHA ""K""","anticoncepcion, prevencion de its y de cancer de cuello uterino",condon masculino: usuarias (os) nuevas (os),2015-03-01,0,1,1,1,0,3
COLLANA,"anticoncepcion, prevencion de its y de cancer de cuello uterino",condon masculino: usuarias (os) nuevas (os),2015-03-01,0,1,2,0,1,4
COLOMI,"anticoncepcion, prevencion de its y de cancer de cuello uterino",condon masculino: usuarias (os) nuevas (os),2015-03-01,0,1,0,0,0,1
COLPA BELGICA,"anticoncepcion, prevencion de its y de cancer de cuello uterino",condon masculino: usuarias (os) nuevas (os),2015-03-01,0,0,2,1,0,3
COLQUECHACA,"anticoncepcion, prevencion de its y de cancer de cuello uterino",condon masculino: usuarias (os) nuevas (os),2015-03-01,1,0,9,1,0,11
COLQUENCHA,"anticoncepcion, prevencion de its y de cancer de cuello uterino",condon masculino: usuarias (os) nuevas (os),2015-03-01,0,0,1,0,0,1
COLQUIRI,"anticoncepcion, prevencion de its y de cancer de cuello uterino",condon masculino: usuarias (os) nuevas (os),2015-03-01,0,1,0,1,1,3
COMARAPA,"anticoncepcion, prevencion de its y de cancer de cuello uterino",condon masculino: usuarias (os) nuevas (os),2015-03-01,0,2,4,4,0,10
CONCEPCION,"anticoncepcion, prevencion de its y de cancer de cuello uterino",condon masculino: usuarias (os) nuevas (os),2015-03-01,0,1,1,1,0,3
CORIPATA,"anticoncepcion, prevencion de its y de cancer de cuello uterino",condon masculino: usuarias (os) nuevas (os),2015-03-01,0,0,2,0,0,2
CORO CORO,"anticoncepcion, prevencion de its y de cancer de cuello uterino",condon masculino: usuarias (os) nuevas (os),2015-03-01,0,2,1,0,0,3
CORQUE,"anticoncepcion, prevencion de its y de cancer de cuello uterino",condon masculino: usuarias (os) nuevas (os),2015-03-01,0,0,11,1,0,12
COTAGAITA,"anticoncepcion, prevencion de its y de cancer de cuello uterino",condon masculino: usuarias (os) nuevas (os),2015-03-01,0,44,91,77,0,212
COTOCA,"anticoncepcion, prevencion de its y de cancer de cuello uterino",condon masculino: usuarias (os) nuevas (os),2015-03-01,0,1,8,0,0,9
CUATRO CAÑADAS,"anticoncepcion, prevencion de its y de cancer de cuello uterino",condon masculino: usuarias (os) nuevas (os),2015-03-01,0,1,5,2,0,8
CUCHUMUELA (V. G. VILLARROEL),"anticoncepcion, prevencion de its y de cancer de cuello uterino",condon masculino: usuarias (os) nuevas (os),2015-03-01,0,0,3,0,0,3
CUEVO,"anticoncepcion, prevencion de its y de cancer de cuello uterino",condon masculino: usuarias (os) nuevas (os),2015-03-01,0,0,1,0,0,1
CULPINA,"anticoncepcion, prevencion de its y de cancer de cuello uterino",condon masculino: usuarias (os) nuevas (os),2015-03-01,0,1,0,3,0,4
CURAHUARA DE CARANGAS,"anticoncepcion, prevencion de its y de cancer de cuello uterino",condon masculino: usuarias (os) nuevas (os),2015-03-01,0,1,0,0,0,1
EL ALTO,"anticoncepcion, prevencion de its y de cancer de cuello uterino",condon masculino: usuarias (os) nuevas (os),2015-03-01,1,52,212,61,0,326
EL CHORO,"anticoncepcion, prevencion de its y de cancer de cuello uterino",condon masculino: usuarias (os) nuevas (os),2015-03-01,0,1,1,1,0,3
EL PUENTE(STC),"anticoncepcion, prevencion de its y de cancer de cuello uterino",condon masculino: usuarias (os) nuevas (os),2015-03-01,0,1,0,0,0,1
EL PUENTE(TJA),"anticoncepcion, prevencion de its y de cancer de cuello uterino",condon masculino: usuarias (os) nuevas (os),2015-03-01,0,1,21,13,1,36
EL TORNO,"anticoncepcion, prevencion de its y de cancer de cuello uterino",condon masculino: usuarias (os) nuevas (os),2015-03-01,2,5,12,1,0,20
EL VILLAR,"anticoncepcion, prevencion de its y de cancer de cuello uterino",condon masculino: usuarias (os) nuevas (os),2015-03-01,0,0,0,0,1,1
ENTRE RIOS TRJ,"anticoncepcion, prevencion de its y de cancer de cuello uterino",condon masculino: usuarias (os) nuevas (os),2015-03-01,0,2,5,2,0,9
ENTRE RIOS CBBA,"anticoncepcion, prevencion de its y de cancer de cuello uterino",condon masculino: usuarias (os) nuevas (os),2015-03-01,1,1,23,2,0,27
ESCOMA,"anticoncepcion, prevencion de its y de cancer de cuello uterino",condon masculino: usuarias (os) nuevas (os),2015-03-01,0,0,2,2,0,4
FERNANDEZ ALONSO,"anticoncepcion, prevencion de its y de cancer de cuello uterino",condon masculino: usuarias (os) nuevas (os),2015-03-01,0,0,2,0,0,2
FILADELFIA,"anticoncepcion, prevencion de its y de cancer de cuello uterino",condon masculino: usuarias (os) nuevas (os),2015-03-01,0,0,3,0,0,3
GENERAL SAAVEDRA,"anticoncepcion, prevencion de its y de cancer de cuello uterino",condon masculino: usuarias (os) nuevas (os),2015-03-01,0,2,3,1,0,6
GRAL. J.J. PEREZ (CHARAZANI),"anticoncepcion, prevencion de its y de cancer de cuello uterino",condon masculino: usuarias (os) nuevas (os),2015-03-01,0,0,1,0,0,1
GUANAY,"anticoncepcion, prevencion de its y de cancer de cuello uterino",condon masculino: usuarias (os) nuevas (os),2015-03-01,0,0,1,0,0,1
GUAQUI,"anticoncepcion, prevencion de its y de cancer de cuello uterino",condon masculino: usuarias (os) nuevas (os),2015-03-01,0,1,1,0,0,2
GUAYARAMERIN,"anticoncepcion, prevencion de its y de cancer de cuello uterino",condon masculino: usuarias (os) nuevas (os),2015-03-01,17,93,26,15,1,152
GUTIERREZ,"anticoncepcion, prevencion de its y de cancer de cuello uterino",condon masculino: usuarias (os) nuevas (os),2015-03-01,0,0,1,0,0,1
HUACARETA,"anticoncepcion, prevencion de its y de cancer de cuello uterino",condon masculino: usuarias (os) nuevas (os),2015-03-01,0,1,7,1,0,9
HUACAYA (VILLA DE HUACAYA),"anticoncepcion, prevencion de its y de cancer de cuello uterino",condon masculino: usuarias (os) nuevas (os),2015-03-01,0,0,0,1,0,1
HUARACAJE,"anticoncepcion, prevencion de its y de cancer de cuello uterino",condon masculino: usuarias (os) nuevas (os),2015-03-01,0,0,2,1,0,3
HUARINA,"anticoncepcion, prevencion de its y de cancer de cuello uterino",condon masculino: usuarias (os) nuevas (os),2015-03-01,0,1,5,0,0,6
HUAYLLAMARCA,"anticoncepcion, prevencion de its y de cancer de cuello uterino",condon masculino: usuarias (os) nuevas (os),2015-03-01,0,0,2,1,0,3
ICHOCA,"anticoncepcion, prevencion de its y de cancer de cuello uterino",condon masculino: usuarias (os) nuevas (os),2015-03-01,0,0,3,1,0,4
ICLA,"anticoncepcion, prevencion de its y de cancer de cuello uterino",condon masculino: usuarias (os) nuevas (os),2015-03-01,0,0,5,0,0,5
INCAHUASI,"anticoncepcion, prevencion de its y de cancer de cuello uterino",condon masculino: usuarias (os) nuevas (os),2015-03-01,1,0,7,0,0,8
IRUPANA (VILLA DE LANZA),"anticoncepcion, prevencion de its y de cancer de cuello uterino",condon masculino: usuarias (os) nuevas (os),2015-03-01,0,0,1,0,0,1
JESUS DE MACHACA,"anticoncepcion, prevencion de its y de cancer de cuello uterino",condon masculino: usuarias (os) nuevas (os),2015-03-01,0,1,3,1,0,5
LA ASUNTA,"anticoncepcion, prevencion de its y de cancer de cuello uterino",condon masculino: usuarias (os) nuevas (os),2015-03-01,0,4,6,1,0,11
LA GUARDIA,"anticoncepcion, prevencion de its y de cancer de cuello uterino",condon masculino: usuarias (os) nuevas (os),2015-03-01,0,6,33,3,0,42
LA PAZ,"anticoncepcion, prevencion de its y de cancer de cuello uterino",condon masculino: usuarias (os) nuevas (os),2015-03-01,0,25,520,63,2,610
LAGUNILLAS,"anticoncepcion, prevencion de its y de cancer de cuello uterino",condon masculino: usuarias (os) nuevas (os),2015-03-01,0,1,1,2,0,4
LAJA,"anticoncepcion, prevencion de its y de cancer de cuello uterino",condon masculino: usuarias (os) nuevas (os),2015-03-01,0,2,3,2,0,7
LAS CARRERAS,"anticoncepcion, prevencion de its y de cancer de cuello uterino",condon masculino: usuarias (os) nuevas (os),2015-03-01,0,3,3,1,0,7
LLALLAGUA,"anticoncepcion, prevencion de its y de cancer de cuello uterino",condon masculino: usuarias (os) nuevas (os),2015-03-01,0,1,21,2,0,24
LLICA,"anticoncepcion, prevencion de its y de cancer de cuello uterino",condon masculino: usuarias (os) nuevas (os),2015-03-01,0,1,1,0,0,2
LORETO,"anticoncepcion, prevencion de its y de cancer de cuello uterino",condon masculino: usuarias (os) nuevas (os),2015-03-01,0,1,0,1,0,2
LURIBAY,"anticoncepcion, prevencion de its y de cancer de cuello uterino",condon masculino: usuarias (os) nuevas (os),2015-03-01,0,0,0,1,0,1
MACHACAMARCA,"anticoncepcion, prevencion de its y de cancer de cuello uterino",condon masculino: usuarias (os) nuevas (os),2015-03-01,0,0,2,0,0,2
MACHARETI,"anticoncepcion, prevencion de its y de cancer de cuello uterino",condon masculino: usuarias (os) nuevas (os),2015-03-01,0,1,4,1,0,6
MAGDALENA,"anticoncepcion, prevencion de its y de cancer de cuello uterino",condon masculino: usuarias (os) nuevas (os),2015-03-01,0,1,4,0,0,5
MALLA,"anticoncepcion, prevencion de its y de cancer de cuello uterino",condon masculino: usuarias (os) nuevas (os),2015-03-01,0,0,1,0,0,1
MECAPACA,"anticoncepcion, prevencion de its y de cancer de cuello uterino",condon masculino: usuarias (os) nuevas (os),2015-03-01,0,0,1,0,0,1
MINEROS,"anticoncepcion, prevencion de its y de cancer de cuello uterino",condon masculino: usuarias (os) nuevas (os),2015-03-01,0,0,2,0,0,2
MIZQUE,"anticoncepcion, prevencion de its y de cancer de cuello uterino",condon masculino: usuarias (os) nuevas (os),2015-03-01,0,2,16,3,0,21
MOCOMOCO,"anticoncepcion, prevencion de its y de cancer de cuello uterino",condon masculino: usuarias (os) nuevas (os),2015-03-01,0,1,6,0,0,7
MOJOCOYA,"anticoncepcion, prevencion de its y de cancer de cuello uterino",condon masculino: usuarias (os) nuevas (os),2015-03-01,0,2,4,0,0,6
MONTEAGUDO,"anticoncepcion, prevencion de its y de cancer de cuello uterino",condon masculino: usuarias (os) nuevas (os),2015-03-01,0,2,15,3,0,20
MONTERO,"anticoncepcion, prevencion de its y de cancer de cuello uterino",condon masculino: usuarias (os) nuevas (os),2015-03-01,2,10,39,2,0,53
MORO MORO,"anticoncepcion, prevencion de its y de cancer de cuello uterino",condon masculino: usuarias (os) nuevas (os),2015-03-01,0,0,2,0,0,2
MOROCHATA,"anticoncepcion, prevencion de its y de cancer de cuello uterino",condon masculino: usuarias (os) nuevas (os),2015-03-01,0,3,2,0,0,5
NACEBE (SANTA ROSA DEL ABUNA),"anticoncepcion, prevencion de its y de cancer de cuello uterino",condon masculino: usuarias (os) nuevas (os),2015-03-01,0,1,2,1,0,4
NUEVO MANOA (NUEVA ESPERANZA),"anticoncepcion, prevencion de its y de cancer de cuello uterino",condon masculino: usuarias (os) nuevas (os),2015-03-01,0,0,6,0,0,6
OCURI,"anticoncepcion, prevencion de its y de cancer de cuello uterino",condon masculino: usuarias (os) nuevas (os),2015-03-01,0,2,9,3,0,14
OMEREQUE,"anticoncepcion, prevencion de its y de cancer de cuello uterino",condon masculino: usuarias (os) nuevas (os),2015-03-01,0,2,0,0,0,2
ORURO,"anticoncepcion, prevencion de its y de cancer de cuello uterino",condon masculino: usuarias (os) nuevas (os),2015-03-01,0,15,80,22,1,118
PADCAYA,"anticoncepcion, prevencion de its y de cancer de cuello uterino",condon masculino: usuarias (os) nuevas (os),2015-03-01,0,2,2,1,0,5
PADILLA,"anticoncepcion, prevencion de its y de cancer de cuello uterino",condon masculino: usuarias (os) nuevas (os),2015-03-01,0,1,1,2,0,4
PAILON,"anticoncepcion, prevencion de its y de cancer de cuello uterino",condon masculino: usuarias (os) nuevas (os),2015-03-01,0,4,5,0,0,9
PALCA,"anticoncepcion, prevencion de its y de cancer de cuello uterino",condon masculino: usuarias (os) nuevas (os),2015-03-01,0,1,3,0,0,4
PALOS BLANCOS,"anticoncepcion, prevencion de its y de cancer de cuello uterino",condon masculino: usuarias (os) nuevas (os),2015-03-01,0,0,0,1,0,1
PAMPA AULLAGAS,"anticoncepcion, prevencion de its y de cancer de cuello uterino",condon masculino: usuarias (os) nuevas (os),2015-03-01,0,0,1,0,0,1
PAZÑA,"anticoncepcion, prevencion de its y de cancer de cuello uterino",condon masculino: usuarias (os) nuevas (os),2015-03-01,0,0,1,1,0,2
PELECHUCO,"anticoncepcion, prevencion de its y de cancer de cuello uterino",condon masculino: usuarias (os) nuevas (os),2015-03-01,0,0,1,0,0,1
POCOATA,"anticoncepcion, prevencion de its y de cancer de cuello uterino",condon masculino: usuarias (os) nuevas (os),2015-03-01,0,0,10,10,0,20
POCONA,"anticoncepcion, prevencion de its y de cancer de cuello uterino",condon masculino: usuarias (os) nuevas (os),2015-03-01,0,0,3,1,0,4
POJO (CBBA),"anticoncepcion, prevencion de its y de cancer de cuello uterino",condon masculino: usuarias (os) nuevas (os),2015-03-01,0,1,2,0,0,3
POOPO,"anticoncepcion, prevencion de its y de cancer de cuello uterino",condon masculino: usuarias (os) nuevas (os),2015-03-01,0,2,7,2,0,11
PORCO,"anticoncepcion, prevencion de its y de cancer de cuello uterino",condon masculino: usuarias (os) nuevas (os),2015-03-01,0,0,3,0,0,3
POROMA,"anticoncepcion, prevencion de its y de cancer de cuello uterino",condon masculino: usuarias (os) nuevas (os),2015-03-01,0,1,1,4,0,6
PORONGO,"anticoncepcion, prevencion de its y de cancer de cuello uterino",condon masculino: usuarias (os) nuevas (os),2015-03-01,0,0,4,0,0,4
PORTACHUELO,"anticoncepcion, prevencion de its y de cancer de cuello uterino",condon masculino: usuarias (os) nuevas (os),2015-03-01,0,1,74,1,0,76
POTOSI,"anticoncepcion, prevencion de its y de cancer de cuello uterino",condon masculino: usuarias (os) nuevas (os),2015-03-01,0,3,32,4,0,39
PRESTO,"anticoncepcion, prevencion de its y de cancer de cuello uterino",condon masculino: usuarias (os) nuevas (os),2015-03-01,0,4,8,1,0,13
PUCARANI,"anticoncepcion, prevencion de its y de cancer de cuello uterino",condon masculino: usuarias (os) nuevas (os),2015-03-01,0,3,4,3,0,10
PUERTO ACOSTA,"anticoncepcion, prevencion de its y de cancer de cuello uterino",condon masculino: usuarias (os) nuevas (os),2015-03-01,0,1,2,0,0,3
PUERTO CARABUCO,"anticoncepcion, prevencion de its y de cancer de cuello uterino",condon masculino: usuarias (os) nuevas (os),2015-03-01,0,0,0,0,1,1
PUERTO GONZALO MORENO,"anticoncepcion, prevencion de its y de cancer de cuello uterino",condon masculino: usuarias (os) nuevas (os),2015-03-01,0,1,0,1,0,2
PUERTO PEREZ,"anticoncepcion, prevencion de its y de cancer de cuello uterino",condon masculino: usuarias (os) nuevas (os),2015-03-01,0,0,1,0,0,1
PUERTO QUIJARRO,"anticoncepcion, prevencion de its y de cancer de cuello uterino",condon masculino: usuarias (os) nuevas (os),2015-03-01,0,4,8,2,0,14
PUERTO RICO,"anticoncepcion, prevencion de its y de cancer de cuello uterino",condon masculino: usuarias (os) nuevas (os),2015-03-01,0,0,1,1,0,2
PUERTO SUAREZ,"anticoncepcion, prevencion de its y de cancer de cuello uterino",condon masculino: usuarias (os) nuevas (os),2015-03-01,0,0,1,0,0,1
PUERTO VILLARROEL,"anticoncepcion, prevencion de its y de cancer de cuello uterino",condon masculino: usuarias (os) nuevas (os),2015-03-01,0,3,13,2,0,18
PUNA,"anticoncepcion, prevencion de its y de cancer de cuello uterino",condon masculino: usuarias (os) nuevas (os),2015-03-01,0,0,1,0,0,1
PUNATA,"anticoncepcion, prevencion de its y de cancer de cuello uterino",condon masculino: usuarias (os) nuevas (os),2015-03-01,0,2,7,2,0,11
QUIABAYA,"anticoncepcion, prevencion de its y de cancer de cuello uterino",condon masculino: usuarias (os) nuevas (os),2015-03-01,0,1,3,0,0,4
QUILLACOLLO,"anticoncepcion, prevencion de its y de cancer de cuello uterino",condon masculino: usuarias (os) nuevas (os),2015-03-01,0,4,19,4,0,27
QUIME,"anticoncepcion, prevencion de its y de cancer de cuello uterino",condon masculino: usuarias (os) nuevas (os),2015-03-01,0,0,16,17,12,45
RAVELO,"anticoncepcion, prevencion de its y de cancer de cuello uterino",condon masculino: usuarias (os) nuevas (os),2015-03-01,0,0,4,0,0,4
REYES,"anticoncepcion, prevencion de its y de cancer de cuello uterino",condon masculino: usuarias (os) nuevas (os),2015-03-01,0,11,3,0,0,14
RIBERALTA,"anticoncepcion, prevencion de its y de cancer de cuello uterino",condon masculino: usuarias (os) nuevas (os),2015-03-01,1,17,72,17,1,108
ROBORE,"anticoncepcion, prevencion de its y de cancer de cuello uterino",condon masculino: usuarias (os) nuevas (os),2015-03-01,0,2,7,1,0,10
SABAYA,"anticoncepcion, prevencion de its y de cancer de cuello uterino",condon masculino: usuarias (os) nuevas (os),2015-03-01,0,0,2,0,0,2
SACABA,"anticoncepcion, prevencion de its y de cancer de cuello uterino",condon masculino: usuarias (os) nuevas (os),2015-03-01,0,9,40,12,0,61
SACACA,"anticoncepcion, prevencion de its y de cancer de cuello uterino",condon masculino: usuarias (os) nuevas (os),2015-03-01,0,0,2,2,0,4
SAIPINA,"anticoncepcion, prevencion de its y de cancer de cuello uterino",condon masculino: usuarias (os) nuevas (os),2015-03-01,0,0,2,0,0,2
SALINAS DE GARCI MENDOZA,"anticoncepcion, prevencion de its y de cancer de cuello uterino",condon masculino: usuarias (os) nuevas (os),2015-03-01,0,0,3,0,0,3
SAMAIPATA,"anticoncepcion, prevencion de its y de cancer de cuello uterino",condon masculino: usuarias (os) nuevas (os),2015-03-01,0,2,3,0,0,5
SAN AGUSTIN,"anticoncepcion, prevencion de its y de cancer de cuello uterino",condon masculino: usuarias (os) nuevas (os),2015-03-01,0,3,0,0,0,3
SAN ANDRES,"anticoncepcion, prevencion de its y de cancer de cuello uterino",condon masculino: usuarias (os) nuevas (os),2015-03-01,0,1,1,0,0,2
SAN ANDRES DE MACHACA,"anticoncepcion, prevencion de its y de cancer de cuello uterino",condon masculino: usuarias (os) nuevas (os),2015-03-01,0,2,1,0,0,3
SAN ANTONIO DE LOMERIO,"anticoncepcion, prevencion de its y de cancer de cuello uterino",condon masculino: usuarias (os) nuevas (os),2015-03-01,0,1,4,0,0,5
SAN BORJA,"anticoncepcion, prevencion de its y de cancer de cuello uterino",condon masculino: usuarias (os) nuevas (os),2015-03-01,0,3,5,4,0,12
SAN BUENA VENTURA,"anticoncepcion, prevencion de its y de cancer de cuello uterino",condon masculino: usuarias (os) nuevas (os),2015-03-01,0,0,2,0,0,2
SAN CARLOS,"anticoncepcion, prevencion de its y de cancer de cuello uterino",condon masculino: usuarias (os) nuevas (os),2015-03-01,0,3,4,0,0,7
SAN IGNACIO,"anticoncepcion, prevencion de its y de cancer de cuello uterino",condon masculino: usuarias (os) nuevas (os),2015-03-01,0,1,3,1,0,5
SAN IGNACIO DE VELASCO,"anticoncepcion, prevencion de its y de cancer de cuello uterino",condon masculino: usuarias (os) nuevas (os),2015-03-01,0,3,13,4,1,21
SAN JAVIER(STC),"anticoncepcion, prevencion de its y de cancer de cuello uterino",condon masculino: usuarias (os) nuevas (os),2015-03-01,0,0,1,2,0,3
SAN JULIAN,"anticoncepcion, prevencion de its y de cancer de cuello uterino",condon masculino: usuarias (os) nuevas (os),2015-03-01,0,2,1,0,0,3
SAN LORENZO(PND),"anticoncepcion, prevencion de its y de cancer de cuello uterino",condon masculino: usuarias (os) nuevas (os),2015-03-01,0,1,1,0,0,2
SAN LORENZO(TJA),"anticoncepcion, prevencion de its y de cancer de cuello uterino",condon masculino: usuarias (os) nuevas (os),2015-03-01,0,0,2,0,0,2
SAN LUCAS,"anticoncepcion, prevencion de its y de cancer de cuello uterino",condon masculino: usuarias (os) nuevas (os),2015-03-01,0,5,4,3,0,12
SAN MATIAS,"anticoncepcion, prevencion de its y de cancer de cuello uterino",condon masculino: usuarias (os) nuevas (os),2015-03-01,0,0,8,0,0,8
SAN MIGUEL DE VELASCO,"anticoncepcion, prevencion de its y de cancer de cuello uterino",condon masculino: usuarias (os) nuevas (os),2015-03-01,0,0,1,0,0,1
SAN PEDRO,"anticoncepcion, prevencion de its y de cancer de cuello uterino",condon masculino: usuarias (os) nuevas (os),2015-03-01,0,1,5,2,0,8
SAN PEDRO DE BUENA VISTA,"anticoncepcion, prevencion de its y de cancer de cuello uterino",condon masculino: usuarias (os) nuevas (os),2015-03-01,0,1,1,0,0,2
SAN PEDRO DE CURAHUARA,"anticoncepcion, prevencion de its y de cancer de cuello uterino",condon masculino: usuarias (os) nuevas (os),2015-03-01,0,0,0,1,0,1
SAN PEDRO DE TIQUINA,"anticoncepcion, prevencion de its y de cancer de cuello uterino",condon masculino: usuarias (os) nuevas (os),2015-03-01,0,0,1,2,0,3
SAN RAFAEL,"anticoncepcion, prevencion de its y de cancer de cuello uterino",condon masculino: usuarias (os) nuevas (os),2015-03-01,0,1,3,1,0,5
SAN RAMON SCZ,"anticoncepcion, prevencion de its y de cancer de cuello uterino",condon masculino: usuarias (os) nuevas (os),2015-03-01,0,0,3,0,0,3
SANTA ANA,"anticoncepcion, prevencion de its y de cancer de cuello uterino",condon masculino: usuarias (os) nuevas (os),2015-03-01,0,0,2,0,0,2
SANTA CRUZ DE LA SIERRA,"anticoncepcion, prevencion de its y de cancer de cuello uterino",condon masculino: usuarias (os) nuevas (os),2015-03-01,8,61,179,44,1,293
SANTA ROSA,"anticoncepcion, prevencion de its y de cancer de cuello uterino",condon masculino: usuarias (os) nuevas (os),2015-03-01,0,0,5,2,0,7
SANTA ROSA DEL SARA,"anticoncepcion, prevencion de its y de cancer de cuello uterino",condon masculino: usuarias (os) nuevas (os),2015-03-01,0,1,9,0,0,10
SANTIAGO DE CALLAPA,"anticoncepcion, prevencion de its y de cancer de cuello uterino",condon masculino: usuarias (os) nuevas (os),2015-03-01,0,0,1,0,0,1
SANTIAGO DE HUARI,"anticoncepcion, prevencion de its y de cancer de cuello uterino",condon masculino: usuarias (os) nuevas (os),2015-03-01,0,0,2,1,0,3
SANTIAGO DE HUATA,"anticoncepcion, prevencion de its y de cancer de cuello uterino",condon masculino: usuarias (os) nuevas (os),2015-03-01,0,0,2,0,0,2
SANTIVAÑES,"anticoncepcion, prevencion de its y de cancer de cuello uterino",condon masculino: usuarias (os) nuevas (os),2015-03-01,0,0,3,0,0,3
SANTUARIO DE QUILLACAS,"anticoncepcion, prevencion de its y de cancer de cuello uterino",condon masculino: usuarias (os) nuevas (os),2015-03-01,0,0,4,2,1,7
SAPAHAQUI,"anticoncepcion, prevencion de its y de cancer de cuello uterino",condon masculino: usuarias (os) nuevas (os),2015-03-01,0,0,1,1,0,2
SENA,"anticoncepcion, prevencion de its y de cancer de cuello uterino",condon masculino: usuarias (os) nuevas (os),2015-03-01,0,0,1,0,0,1
SHINAOTA,"anticoncepcion, prevencion de its y de cancer de cuello uterino",condon masculino: usuarias (os) nuevas (os),2015-03-01,1,1,2,0,0,4
SICA SICA (VILLA AROMA),"anticoncepcion, prevencion de its y de cancer de cuello uterino",condon masculino: usuarias (os) nuevas (os),2015-03-01,0,0,3,0,0,3
SICAYA,"anticoncepcion, prevencion de its y de cancer de cuello uterino",condon masculino: usuarias (os) nuevas (os),2015-03-01,0,0,3,0,0,3
SIPE SIPE,"anticoncepcion, prevencion de its y de cancer de cuello uterino",condon masculino: usuarias (os) nuevas (os),2015-03-01,1,3,17,3,0,24
SOPACHUY,"anticoncepcion, prevencion de its y de cancer de cuello uterino",condon masculino: usuarias (os) nuevas (os),2015-03-01,0,0,3,1,0,4
SORACACHI,"anticoncepcion, prevencion de its y de cancer de cuello uterino",condon masculino: usuarias (os) nuevas (os),2015-03-01,0,1,0,0,0,1
SORATA,"anticoncepcion, prevencion de its y de cancer de cuello uterino",condon masculino: usuarias (os) nuevas (os),2015-03-01,0,0,3,1,0,4
SUCRE,"anticoncepcion, prevencion de its y de cancer de cuello uterino",condon masculino: usuarias (os) nuevas (os),2015-03-01,1,10,56,11,0,78
TACACOMA,"anticoncepcion, prevencion de its y de cancer de cuello uterino",condon masculino: usuarias (os) nuevas (os),2015-03-01,0,0,1,0,0,1
TACOPAYA,"anticoncepcion, prevencion de its y de cancer de cuello uterino",condon masculino: usuarias (os) nuevas (os),2015-03-01,0,1,1,0,0,2
TAPACARI,"anticoncepcion, prevencion de its y de cancer de cuello uterino",condon masculino: usuarias (os) nuevas (os),2015-03-01,0,1,1,3,0,5
TARABUCO,"anticoncepcion, prevencion de its y de cancer de cuello uterino",condon masculino: usuarias (os) nuevas (os),2015-03-01,1,1,2,0,0,4
TARACO,"anticoncepcion, prevencion de its y de cancer de cuello uterino",condon masculino: usuarias (os) nuevas (os),2015-03-01,0,1,1,1,0,3
TARATA,"anticoncepcion, prevencion de its y de cancer de cuello uterino",condon masculino: usuarias (os) nuevas (os),2015-03-01,0,0,3,0,0,3
TARIJA,"anticoncepcion, prevencion de its y de cancer de cuello uterino",condon masculino: usuarias (os) nuevas (os),2015-03-01,0,5,34,21,0,60
TARVITA,"anticoncepcion, prevencion de its y de cancer de cuello uterino",condon masculino: usuarias (os) nuevas (os),2015-03-01,0,1,3,0,0,4
TEOPONTE,"anticoncepcion, prevencion de its y de cancer de cuello uterino",condon masculino: usuarias (os) nuevas (os),2015-03-01,1,2,0,0,0,3
TIAWANACU,"anticoncepcion, prevencion de its y de cancer de cuello uterino",condon masculino: usuarias (os) nuevas (os),2015-03-01,0,0,2,0,0,2
TINGUIPAYA,"anticoncepcion, prevencion de its y de cancer de cuello uterino",condon masculino: usuarias (os) nuevas (os),2015-03-01,0,0,1,0,0,1
TIPUANI,"anticoncepcion, prevencion de its y de cancer de cuello uterino",condon masculino: usuarias (os) nuevas (os),2015-03-01,0,0,1,1,0,2
TIQUIPAYA,"anticoncepcion, prevencion de its y de cancer de cuello uterino",condon masculino: usuarias (os) nuevas (os),2015-03-01,0,1,9,2,0,12
TIRAQUE (CBBA),"anticoncepcion, prevencion de its y de cancer de cuello uterino",condon masculino: usuarias (os) nuevas (os),2015-03-01,0,1,1,1,0,3
TOCO,"anticoncepcion, prevencion de its y de cancer de cuello uterino",condon masculino: usuarias (os) nuevas (os),2015-03-01,0,1,1,0,0,2
TOLATA,"anticoncepcion, prevencion de its y de cancer de cuello uterino",condon masculino: usuarias (os) nuevas (os),2015-03-01,0,3,5,1,0,9
TOLEDO,"anticoncepcion, prevencion de its y de cancer de cuello uterino",condon masculino: usuarias (os) nuevas (os),2015-03-01,0,1,3,1,0,5
TOMAVE,"anticoncepcion, prevencion de its y de cancer de cuello uterino",condon masculino: usuarias (os) nuevas (os),2015-03-01,0,1,1,1,0,3
TOMINA,"anticoncepcion, prevencion de its y de cancer de cuello uterino",condon masculino: usuarias (os) nuevas (os),2015-03-01,1,0,3,1,0,5
TORO TORO,"anticoncepcion, prevencion de its y de cancer de cuello uterino",condon masculino: usuarias (os) nuevas (os),2015-03-01,0,1,4,3,0,8
TOTORA(CBBA),"anticoncepcion, prevencion de its y de cancer de cuello uterino",condon masculino: usuarias (os) nuevas (os),2015-03-01,1,4,1,1,0,7
TOTORA(ORR),"anticoncepcion, prevencion de its y de cancer de cuello uterino",condon masculino: usuarias (os) nuevas (os),2015-03-01,0,1,1,0,0,2
TRINIDAD,"anticoncepcion, prevencion de its y de cancer de cuello uterino",condon masculino: usuarias (os) nuevas (os),2015-03-01,0,39,14,3,0,56
TUPIZA,"anticoncepcion, prevencion de its y de cancer de cuello uterino",condon masculino: usuarias (os) nuevas (os),2015-03-01,0,0,3,1,0,4
TURCO,"anticoncepcion, prevencion de its y de cancer de cuello uterino",condon masculino: usuarias (os) nuevas (os),2015-03-01,0,0,2,0,0,2
UMALA,"anticoncepcion, prevencion de its y de cancer de cuello uterino",condon masculino: usuarias (os) nuevas (os),2015-03-01,0,0,1,0,0,1
UNCIA,"anticoncepcion, prevencion de its y de cancer de cuello uterino",condon masculino: usuarias (os) nuevas (os),2015-03-01,1,0,6,2,1,10
URIONDO (A. CONCEPCION),"anticoncepcion, prevencion de its y de cancer de cuello uterino",condon masculino: usuarias (os) nuevas (os),2015-03-01,0,3,5,1,0,9
UYUNI,"anticoncepcion, prevencion de its y de cancer de cuello uterino",condon masculino: usuarias (os) nuevas (os),2015-03-01,0,2,4,0,0,6
VACAS,"anticoncepcion, prevencion de its y de cancer de cuello uterino",condon masculino: usuarias (os) nuevas (os),2015-03-01,0,0,7,3,0,10
VALLEGRANDE,"anticoncepcion, prevencion de its y de cancer de cuello uterino",condon masculino: usuarias (os) nuevas (os),2015-03-01,0,0,2,0,0,2
VIACHA,"anticoncepcion, prevencion de its y de cancer de cuello uterino",condon masculino: usuarias (os) nuevas (os),2015-03-01,0,3,18,6,2,29
VILA VILA,"anticoncepcion, prevencion de its y de cancer de cuello uterino",condon masculino: usuarias (os) nuevas (os),2015-03-01,0,0,1,1,0,2
VILLA CHARCAS,"anticoncepcion, prevencion de its y de cancer de cuello uterino",condon masculino: usuarias (os) nuevas (os),2015-03-01,0,0,8,1,0,9
VILLA MONTES,"anticoncepcion, prevencion de its y de cancer de cuello uterino",condon masculino: usuarias (os) nuevas (os),2015-03-01,0,1,2,0,0,3
VILLA NUEVA (LOMA ALTA),"anticoncepcion, prevencion de its y de cancer de cuello uterino",condon masculino: usuarias (os) nuevas (os),2015-03-01,1,1,0,0,0,2
VILLA RIVERO,"anticoncepcion, prevencion de its y de cancer de cuello uterino",condon masculino: usuarias (os) nuevas (os),2015-03-01,0,3,1,0,0,4
VILLA SERRANO,"anticoncepcion, prevencion de its y de cancer de cuello uterino",condon masculino: usuarias (os) nuevas (os),2015-03-01,0,0,4,1,0,5
VILLA TUNARI,"anticoncepcion, prevencion de its y de cancer de cuello uterino",condon masculino: usuarias (os) nuevas (os),2015-03-01,0,5,8,3,0,16
VILLA VACA GUZMAN (MUYUPAMPA),"anticoncepcion, prevencion de its y de cancer de cuello uterino",condon masculino: usuarias (os) nuevas (os),2015-03-01,0,5,7,6,0,18
VILLAZON,"anticoncepcion, prevencion de its y de cancer de cuello uterino",condon masculino: usuarias (os) nuevas (os),2015-03-01,0,1,4,1,0,6
VINTO,"anticoncepcion, prevencion de its y de cancer de cuello uterino",condon masculino: usuarias (os) nuevas (os),2015-03-01,2,0,7,0,0,9
VITICHI,"anticoncepcion, prevencion de its y de cancer de cuello uterino",condon masculino: usuarias (os) nuevas (os),2015-03-01,0,1,1,0,0,2
WARNES,"anticoncepcion, prevencion de its y de cancer de cuello uterino",condon masculino: usuarias (os) nuevas (os),2015-03-01,1,2,13,2,0,18
YACO,"anticoncepcion, prevencion de its y de cancer de cuello uterino",condon masculino: usuarias (os) nuevas (os),2015-03-01,0,1,1,1,0,3
YACUIBA,"anticoncepcion, prevencion de its y de cancer de cuello uterino",condon masculino: usuarias (os) nuevas (os),2015-03-01,0,10,25,4,0,39
YANACACHI,"anticoncepcion, prevencion de its y de cancer de cuello uterino",condon masculino: usuarias (os) nuevas (os),2015-03-01,0,0,1,0,0,1
YAPACANI,"anticoncepcion, prevencion de its y de cancer de cuello uterino",condon masculino: usuarias (os) nuevas (os),2015-03-01,0,2,14,3,0,19
YOCALLA,"anticoncepcion, prevencion de its y de cancer de cuello uterino",condon masculino: usuarias (os) nuevas (os),2015-03-01,0,0,1,1,0,2
YOTALA,"anticoncepcion, prevencion de its y de cancer de cuello uterino",condon masculino: usuarias (os) nuevas (os),2015-03-01,0,0,4,0,0,4
YUNCHARA,"anticoncepcion, prevencion de its y de cancer de cuello uterino",condon masculino: usuarias (os) nuevas (os),2015-03-01,0,0,1,0,0,1
ZUDAÑEZ,"anticoncepcion, prevencion de its y de cancer de cuello uterino",condon masculino: usuarias (os) nuevas (os),2015-03-01,0,0,4,0,0,4
ACACIO,"anticoncepcion, prevencion de its y de cancer de cuello uterino",condon masculino: usuarias (os) nuevas (os),2015-04-01,0,0,1,0,0,1
ACHACACHI,"anticoncepcion, prevencion de its y de cancer de cuello uterino",condon masculino: usuarias (os) nuevas (os),2015-04-01,0,1,6,2,0,9
ACHOCALLA,"anticoncepcion, prevencion de its y de cancer de cuello uterino",condon masculino: usuarias (os) nuevas (os),2015-04-01,0,0,3,0,0,3
AIQUILE,"anticoncepcion, prevencion de its y de cancer de cuello uterino",condon masculino: usuarias (os) nuevas (os),2015-04-01,0,3,4,1,0,8
ALCALA,"anticoncepcion, prevencion de its y de cancer de cuello uterino",condon masculino: usuarias (os) nuevas (os),2015-04-01,0,1,1,0,0,2
ALTO BENI,"anticoncepcion, prevencion de its y de cancer de cuello uterino",condon masculino: usuarias (os) nuevas (os),2015-04-01,0,1,3,0,0,4
ANDAMARCA,"anticoncepcion, prevencion de its y de cancer de cuello uterino",condon masculino: usuarias (os) nuevas (os),2015-04-01,0,0,3,0,0,3
APOLO,"anticoncepcion, prevencion de its y de cancer de cuello uterino",condon masculino: usuarias (os) nuevas (os),2015-04-01,0,0,3,0,0,3
ARAMPAMPA,"anticoncepcion, prevencion de its y de cancer de cuello uterino",condon masculino: usuarias (os) nuevas (os),2015-04-01,0,0,0,2,0,2
ARANI,"anticoncepcion, prevencion de its y de cancer de cuello uterino",condon masculino: usuarias (os) nuevas (os),2015-04-01,0,0,2,0,0,2
ARBIETO,"anticoncepcion, prevencion de its y de cancer de cuello uterino",condon masculino: usuarias (os) nuevas (os),2015-04-01,0,0,6,0,0,6
ARQUE,"anticoncepcion, prevencion de its y de cancer de cuello uterino",condon masculino: usuarias (os) nuevas (os),2015-04-01,0,0,1,0,0,1
ASCENCION DE GUARAYOS,"anticoncepcion, prevencion de its y de cancer de cuello uterino",condon masculino: usuarias (os) nuevas (os),2015-04-01,0,3,6,2,0,11
ATOCHA,"anticoncepcion, prevencion de its y de cancer de cuello uterino",condon masculino: usuarias (os) nuevas (os),2015-04-01,0,0,4,0,0,4
AYATA,"anticoncepcion, prevencion de its y de cancer de cuello uterino",condon masculino: usuarias (os) nuevas (os),2015-04-01,0,1,2,0,0,3
AYO AYO,"anticoncepcion, prevencion de its y de cancer de cuello uterino",condon masculino: usuarias (os) nuevas (os),2015-04-01,0,1,0,0,0,1
AYOPAYA (V. DE INDEPENDENCIA),"anticoncepcion, prevencion de its y de cancer de cuello uterino",condon masculino: usuarias (os) nuevas (os),2015-04-01,0,0,3,4,0,7
AZURDUY,"anticoncepcion, prevencion de its y de cancer de cuello uterino",condon masculino: usuarias (os) nuevas (os),2015-04-01,0,0,2,1,0,3
BATALLAS,"anticoncepcion, prevencion de its y de cancer de cuello uterino",condon masculino: usuarias (os) nuevas (os),2015-04-01,0,1,0,0,0,1
BELEN DE ANDAMARCA,"anticoncepcion, prevencion de its y de cancer de cuello uterino",condon masculino: usuarias (os) nuevas (os),2015-04-01,0,1,2,1,0,4
BELEN DE URMIRI,"anticoncepcion, prevencion de its y de cancer de cuello uterino",condon masculino: usuarias (os) nuevas (os),2015-04-01,2,0,0,0,0,2
BELLA FLOR,"anticoncepcion, prevencion de its y de cancer de cuello uterino",condon masculino: usuarias (os) nuevas (os),2015-04-01,0,1,0,1,0,2
BERMEJO,"anticoncepcion, prevencion de its y de cancer de cuello uterino",condon masculino: usuarias (os) nuevas (os),2015-04-01,0,3,9,0,0,12
BETANZOS,"anticoncepcion, prevencion de its y de cancer de cuello uterino",condon masculino: usuarias (os) nuevas (os),2015-04-01,0,1,3,2,0,6
BOLIVAR,"anticoncepcion, prevencion de its y de cancer de cuello uterino",condon masculino: usuarias (os) nuevas (os),2015-04-01,0,1,0,0,0,1
BOYUIBE,"anticoncepcion, prevencion de its y de cancer de cuello uterino",condon masculino: usuarias (os) nuevas (os),2015-04-01,0,0,1,0,0,1
BUENA VISTA,"anticoncepcion, prevencion de its y de cancer de cuello uterino",condon masculino: usuarias (os) nuevas (os),2015-04-01,0,4,7,0,0,11
CABEZAS,"anticoncepcion, prevencion de its y de cancer de cuello uterino",condon masculino: usuarias (os) nuevas (os),2015-04-01,0,5,8,3,0,16
CAIROMA,"anticoncepcion, prevencion de its y de cancer de cuello uterino",condon masculino: usuarias (os) nuevas (os),2015-04-01,0,1,4,0,0,5
"CAIZA ""D""","anticoncepcion, prevencion de its y de cancer de cuello uterino",condon masculino: usuarias (os) nuevas (os),2015-04-01,0,1,4,1,0,6
CAJUATA,"anticoncepcion, prevencion de its y de cancer de cuello uterino",condon masculino: usuarias (os) nuevas (os),2015-04-01,0,0,1,1,0,2
CALACOTO,"anticoncepcion, prevencion de its y de cancer de cuello uterino",condon masculino: usuarias (os) nuevas (os),2015-04-01,0,1,0,0,0,1
CALAMARCA,"anticoncepcion, prevencion de its y de cancer de cuello uterino",condon masculino: usuarias (os) nuevas (os),2015-04-01,0,2,2,1,0,5
CAMARGO,"anticoncepcion, prevencion de its y de cancer de cuello uterino",condon masculino: usuarias (os) nuevas (os),2015-04-01,0,0,2,1,0,3
CAMATAQUI (C. VILLA ABECIA),"anticoncepcion, prevencion de its y de cancer de cuello uterino",condon masculino: usuarias (os) nuevas (os),2015-04-01,0,1,3,0,0,4
CAMIRI,"anticoncepcion, prevencion de its y de cancer de cuello uterino",condon masculino: usuarias (os) nuevas (os),2015-04-01,0,0,10,2,0,12
CAPINOTA,"anticoncepcion, prevencion de its y de cancer de cuello uterino",condon masculino: usuarias (os) nuevas (os),2015-04-01,1,3,4,4,0,12
CAQUIAVIRI,"anticoncepcion, prevencion de its y de cancer de cuello uterino",condon masculino: usuarias (os) nuevas (os),2015-04-01,0,0,1,1,0,2
CARACOLLO,"anticoncepcion, prevencion de its y de cancer de cuello uterino",condon masculino: usuarias (os) nuevas (os),2015-04-01,0,0,1,0,0,1
CARANAVI,"anticoncepcion, prevencion de its y de cancer de cuello uterino",condon masculino: usuarias (os) nuevas (os),2015-04-01,1,2,14,3,0,20
CARAPARI,"anticoncepcion, prevencion de its y de cancer de cuello uterino",condon masculino: usuarias (os) nuevas (os),2015-04-01,0,0,2,1,0,3
CARIPUYO,"anticoncepcion, prevencion de its y de cancer de cuello uterino",condon masculino: usuarias (os) nuevas (os),2015-04-01,0,0,3,1,0,4
CHALLAPATA,"anticoncepcion, prevencion de its y de cancer de cuello uterino",condon masculino: usuarias (os) nuevas (os),2015-04-01,1,0,9,4,0,14
CHAQUI,"anticoncepcion, prevencion de its y de cancer de cuello uterino",condon masculino: usuarias (os) nuevas (os),2015-04-01,0,1,3,1,0,5
CHAYANTA,"anticoncepcion, prevencion de its y de cancer de cuello uterino",condon masculino: usuarias (os) nuevas (os),2015-04-01,0,1,1,1,0,3
CHIMORE,"anticoncepcion, prevencion de its y de cancer de cuello uterino",condon masculino: usuarias (os) nuevas (os),2015-04-01,1,4,7,3,0,15
CHIPAYA,"anticoncepcion, prevencion de its y de cancer de cuello uterino",condon masculino: usuarias (os) nuevas (os),2015-04-01,0,0,0,0,1,1
CHOQUE COTA,"anticoncepcion, prevencion de its y de cancer de cuello uterino",condon masculino: usuarias (os) nuevas (os),2015-04-01,0,0,1,2,0,3
CHUA COCANI,"anticoncepcion, prevencion de its y de cancer de cuello uterino",condon masculino: usuarias (os) nuevas (os),2015-04-01,0,0,1,0,0,1
CHULUMANI (V. DE LA LIBERTAD),"anticoncepcion, prevencion de its y de cancer de cuello uterino",condon masculino: usuarias (os) nuevas (os),2015-04-01,0,0,1,0,0,1
CHUMA,"anticoncepcion, prevencion de its y de cancer de cuello uterino",condon masculino: usuarias (os) nuevas (os),2015-04-01,0,2,2,1,0,5
CHUQUIHUTA AYLLU JUCUMANI,"anticoncepcion, prevencion de its y de cancer de cuello uterino",condon masculino: usuarias (os) nuevas (os),2015-04-01,0,0,1,0,0,1
CKOCHAS,"anticoncepcion, prevencion de its y de cancer de cuello uterino",condon masculino: usuarias (os) nuevas (os),2015-04-01,0,1,3,1,0,5
CLIZA,"anticoncepcion, prevencion de its y de cancer de cuello uterino",condon masculino: usuarias (os) nuevas (os),2015-04-01,0,1,11,1,0,13
COBIJA,"anticoncepcion, prevencion de its y de cancer de cuello uterino",condon masculino: usuarias (os) nuevas (os),2015-04-01,0,19,2,2,0,23
COCAPATA,"anticoncepcion, prevencion de its y de cancer de cuello uterino",condon masculino: usuarias (os) nuevas (os),2015-04-01,0,0,3,1,0,4
COCHABAMBA,"anticoncepcion, prevencion de its y de cancer de cuello uterino",condon masculino: usuarias (os) nuevas (os),2015-04-01,0,15,356,15,1,387
COIPASA,"anticoncepcion, prevencion de its y de cancer de cuello uterino",condon masculino: usuarias (os) nuevas (os),2015-04-01,0,0,1,1,0,2
COLCAPIRHUA,"anticoncepcion, prevencion de its y de cancer de cuello uterino",condon masculino: usuarias (os) nuevas (os),2015-04-01,0,1,1,0,0,2
"COLCHA ""K""","anticoncepcion, prevencion de its y de cancer de cuello uterino",condon masculino: usuarias (os) nuevas (os),2015-04-01,0,2,1,1,0,4
COLLANA,"anticoncepcion, prevencion de its y de cancer de cuello uterino",condon masculino: usuarias (os) nuevas (os),2015-04-01,0,0,1,0,0,1
COLOMI,"anticoncepcion, prevencion de its y de cancer de cuello uterino",condon masculino: usuarias (os) nuevas (os),2015-04-01,0,1,0,3,0,4
COLPA BELGICA,"anticoncepcion, prevencion de its y de cancer de cuello uterino",condon masculino: usuarias (os) nuevas (os),2015-04-01,0,1,0,0,0,1
COLQUECHACA,"anticoncepcion, prevencion de its y de cancer de cuello uterino",condon masculino: usuarias (os) nuevas (os),2015-04-01,0,4,6,6,0,16
COLQUENCHA,"anticoncepcion, prevencion de its y de cancer de cuello uterino",condon masculino: usuarias (os) nuevas (os),2015-04-01,0,0,1,0,0,1
COLQUIRI,"anticoncepcion, prevencion de its y de cancer de cuello uterino",condon masculino: usuarias (os) nuevas (os),2015-04-01,0,0,2,0,0,2
COMARAPA,"anticoncepcion, prevencion de its y de cancer de cuello uterino",condon masculino: usuarias (os) nuevas (os),2015-04-01,0,0,1,0,0,1
CONCEPCION,"anticoncepcion, prevencion de its y de cancer de cuello uterino",condon masculino: usuarias (os) nuevas (os),2015-04-01,0,0,1,0,0,1
COPACABANA,"anticoncepcion, prevencion de its y de cancer de cuello uterino",condon masculino: usuarias (os) nuevas (os),2015-04-01,0,1,0,0,0,1
CORIPATA,"anticoncepcion, prevencion de its y de cancer de cuello uterino",condon masculino: usuarias (os) nuevas (os),2015-04-01,0,0,1,0,0,1
CORO CORO,"anticoncepcion, prevencion de its y de cancer de cuello uterino",condon masculino: usuarias (os) nuevas (os),2015-04-01,0,0,2,0,0,2
CORQUE,"anticoncepcion, prevencion de its y de cancer de cuello uterino",condon masculino: usuarias (os) nuevas (os),2015-04-01,0,1,1,0,0,2
COTAGAITA,"anticoncepcion, prevencion de its y de cancer de cuello uterino",condon masculino: usuarias (os) nuevas (os),2015-04-01,0,5,13,2,0,20
COTOCA,"anticoncepcion, prevencion de its y de cancer de cuello uterino",condon masculino: usuarias (os) nuevas (os),2015-04-01,0,0,4,0,0,4
CRUZ DE MACHACAMARCA,"anticoncepcion, prevencion de its y de cancer de cuello uterino",condon masculino: usuarias (os) nuevas (os),2015-04-01,0,0,3,0,0,3
CUATRO CAÑADAS,"anticoncepcion, prevencion de its y de cancer de cuello uterino",condon masculino: usuarias (os) nuevas (os),2015-04-01,0,0,3,2,0,5
CUCHUMUELA (V. G. VILLARROEL),"anticoncepcion, prevencion de its y de cancer de cuello uterino",condon masculino: usuarias (os) nuevas (os),2015-04-01,0,2,7,0,0,9
CULPINA,"anticoncepcion, prevencion de its y de cancer de cuello uterino",condon masculino: usuarias (os) nuevas (os),2015-04-01,0,1,14,4,1,20
CURAHUARA DE CARANGAS,"anticoncepcion, prevencion de its y de cancer de cuello uterino",condon masculino: usuarias (os) nuevas (os),2015-04-01,0,0,1,1,0,2
CURVA,"anticoncepcion, prevencion de its y de cancer de cuello uterino",condon masculino: usuarias (os) nuevas (os),2015-04-01,0,1,2,1,0,4
EL ALTO,"anticoncepcion, prevencion de its y de cancer de cuello uterino",condon masculino: usuarias (os) nuevas (os),2015-04-01,0,49,170,35,0,254
EL CHORO,"anticoncepcion, prevencion de its y de cancer de cuello uterino",condon masculino: usuarias (os) nuevas (os),2015-04-01,0,0,1,1,0,2
EL PUENTE(STC),"anticoncepcion, prevencion de its y de cancer de cuello uterino",condon masculino: usuarias (os) nuevas (os),2015-04-01,0,3,3,1,0,7
EL PUENTE(TJA),"anticoncepcion, prevencion de its y de cancer de cuello uterino",condon masculino: usuarias (os) nuevas (os),2015-04-01,0,0,3,4,0,7
EL TORNO,"anticoncepcion, prevencion de its y de cancer de cuello uterino",condon masculino: usuarias (os) nuevas (os),2015-04-01,1,5,6,0,0,12
ENTRE RIOS TRJ,"anticoncepcion, prevencion de its y de cancer de cuello uterino",condon masculino: usuarias (os) nuevas (os),2015-04-01,0,1,0,3,0,4
ENTRE RIOS CBBA,"anticoncepcion, prevencion de its y de cancer de cuello uterino",condon masculino: usuarias (os) nuevas (os),2015-04-01,0,4,11,1,0,16
ESCOMA,"anticoncepcion, prevencion de its y de cancer de cuello uterino",condon masculino: usuarias (os) nuevas (os),2015-04-01,0,0,2,3,0,5
FERNANDEZ ALONSO,"anticoncepcion, prevencion de its y de cancer de cuello uterino",condon masculino: usuarias (os) nuevas (os),2015-04-01,0,0,1,1,0,2
FILADELFIA,"anticoncepcion, prevencion de its y de cancer de cuello uterino",condon masculino: usuarias (os) nuevas (os),2015-04-01,0,0,1,0,0,1
GENERAL SAAVEDRA,"anticoncepcion, prevencion de its y de cancer de cuello uterino",condon masculino: usuarias (os) nuevas (os),2015-04-01,0,1,0,0,0,1
GRAL. J.J. PEREZ (CHARAZANI),"anticoncepcion, prevencion de its y de cancer de cuello uterino",condon masculino: usuarias (os) nuevas (os),2015-04-01,0,0,4,1,0,5
GUANAY,"anticoncepcion, prevencion de its y de cancer de cuello uterino",condon masculino: usuarias (os) nuevas (os),2015-04-01,0,0,2,0,0,2
GUAQUI,"anticoncepcion, prevencion de its y de cancer de cuello uterino",condon masculino: usuarias (os) nuevas (os),2015-04-01,0,5,8,1,0,14
GUAYARAMERIN,"anticoncepcion, prevencion de its y de cancer de cuello uterino",condon masculino: usuarias (os) nuevas (os),2015-04-01,1,13,27,4,0,45
HUACARETA,"anticoncepcion, prevencion de its y de cancer de cuello uterino",condon masculino: usuarias (os) nuevas (os),2015-04-01,0,0,7,5,0,12
HUANUNI,"anticoncepcion, prevencion de its y de cancer de cuello uterino",condon masculino: usuarias (os) nuevas (os),2015-04-01,0,1,2,0,0,3
HUARACAJE,"anticoncepcion, prevencion de its y de cancer de cuello uterino",condon masculino: usuarias (os) nuevas (os),2015-04-01,0,0,1,2,0,3
HUATAJATA,"anticoncepcion, prevencion de its y de cancer de cuello uterino",condon masculino: usuarias (os) nuevas (os),2015-04-01,0,1,0,0,0,1
HUAYLLAMARCA,"anticoncepcion, prevencion de its y de cancer de cuello uterino",condon masculino: usuarias (os) nuevas (os),2015-04-01,0,1,0,0,0,1
ICHOCA,"anticoncepcion, prevencion de its y de cancer de cuello uterino",condon masculino: usuarias (os) nuevas (os),2015-04-01,0,0,3,0,0,3
ICLA,"anticoncepcion, prevencion de its y de cancer de cuello uterino",condon masculino: usuarias (os) nuevas (os),2015-04-01,0,0,3,0,0,3
INCAHUASI,"anticoncepcion, prevencion de its y de cancer de cuello uterino",condon masculino: usuarias (os) nuevas (os),2015-04-01,0,1,2,1,0,4
INQUISIVI,"anticoncepcion, prevencion de its y de cancer de cuello uterino",condon masculino: usuarias (os) nuevas (os),2015-04-01,0,0,2,0,0,2
IRUPANA (VILLA DE LANZA),"anticoncepcion, prevencion de its y de cancer de cuello uterino",condon masculino: usuarias (os) nuevas (os),2015-04-01,0,0,3,0,0,3
IXIAMAS,"anticoncepcion, prevencion de its y de cancer de cuello uterino",condon masculino: usuarias (os) nuevas (os),2015-04-01,0,1,4,0,0,5
JESUS DE MACHACA,"anticoncepcion, prevencion de its y de cancer de cuello uterino",condon masculino: usuarias (os) nuevas (os),2015-04-01,0,0,0,2,0,2
LA ASUNTA,"anticoncepcion, prevencion de its y de cancer de cuello uterino",condon masculino: usuarias (os) nuevas (os),2015-04-01,0,2,8,4,0,14
LA GUARDIA,"anticoncepcion, prevencion de its y de cancer de cuello uterino",condon masculino: usuarias (os) nuevas (os),2015-04-01,0,12,35,2,0,49
LA PAZ,"anticoncepcion, prevencion de its y de cancer de cuello uterino",condon masculino: usuarias (os) nuevas (os),2015-04-01,0,26,381,48,2,457
LAGUNILLAS,"anticoncepcion, prevencion de its y de cancer de cuello uterino",condon masculino: usuarias (os) nuevas (os),2015-04-01,0,0,1,0,0,1
LAJA,"anticoncepcion, prevencion de its y de cancer de cuello uterino",condon masculino: usuarias (os) nuevas (os),2015-04-01,0,1,2,0,0,3
LAS CARRERAS,"anticoncepcion, prevencion de its y de cancer de cuello uterino",condon masculino: usuarias (os) nuevas (os),2015-04-01,1,2,2,1,0,6
LLALLAGUA,"anticoncepcion, prevencion de its y de cancer de cuello uterino",condon masculino: usuarias (os) nuevas (os),2015-04-01,0,1,9,2,0,12
LLICA,"anticoncepcion, prevencion de its y de cancer de cuello uterino",condon masculino: usuarias (os) nuevas (os),2015-04-01,0,0,3,0,0,3
LURIBAY,"anticoncepcion, prevencion de its y de cancer de cuello uterino",condon masculino: usuarias (os) nuevas (os),2015-04-01,0,0,2,0,0,2
MACHACAMARCA,"anticoncepcion, prevencion de its y de cancer de cuello uterino",condon masculino: usuarias (os) nuevas (os),2015-04-01,0,0,1,0,0,1
MACHARETI,"anticoncepcion, prevencion de its y de cancer de cuello uterino",condon masculino: usuarias (os) nuevas (os),2015-04-01,0,0,2,0,0,2
MALLA,"anticoncepcion, prevencion de its y de cancer de cuello uterino",condon masculino: usuarias (os) nuevas (os),2015-04-01,0,0,1,0,0,1
MECAPACA,"anticoncepcion, prevencion de its y de cancer de cuello uterino",condon masculino: usuarias (os) nuevas (os),2015-04-01,0,1,13,2,0,16
MINEROS,"anticoncepcion, prevencion de its y de cancer de cuello uterino",condon masculino: usuarias (os) nuevas (os),2015-04-01,0,1,0,1,0,2
MIZQUE,"anticoncepcion, prevencion de its y de cancer de cuello uterino",condon masculino: usuarias (os) nuevas (os),2015-04-01,0,3,7,0,0,10
MOCOMOCO,"anticoncepcion, prevencion de its y de cancer de cuello uterino",condon masculino: usuarias (os) nuevas (os),2015-04-01,0,0,1,0,0,1
MOJOCOYA,"anticoncepcion, prevencion de its y de cancer de cuello uterino",condon masculino: usuarias (os) nuevas (os),2015-04-01,0,0,3,1,0,4
MONTEAGUDO,"anticoncepcion, prevencion de its y de cancer de cuello uterino",condon masculino: usuarias (os) nuevas (os),2015-04-01,0,4,9,1,0,14
MONTERO,"anticoncepcion, prevencion de its y de cancer de cuello uterino",condon masculino: usuarias (os) nuevas (os),2015-04-01,1,5,21,1,1,29
MORO MORO,"anticoncepcion, prevencion de its y de cancer de cuello uterino",condon masculino: usuarias (os) nuevas (os),2015-04-01,0,1,0,0,0,1
MOROCHATA,"anticoncepcion, prevencion de its y de cancer de cuello uterino",condon masculino: usuarias (os) nuevas (os),2015-04-01,0,0,2,1,0,3
NACEBE (SANTA ROSA DEL ABUNA),"anticoncepcion, prevencion de its y de cancer de cuello uterino",condon masculino: usuarias (os) nuevas (os),2015-04-01,0,3,5,0,0,8
NUEVO MANOA (NUEVA ESPERANZA),"anticoncepcion, prevencion de its y de cancer de cuello uterino",condon masculino: usuarias (os) nuevas (os),2015-04-01,0,0,3,0,0,3
OCURI,"anticoncepcion, prevencion de its y de cancer de cuello uterino",condon masculino: usuarias (os) nuevas (os),2015-04-01,0,2,12,1,0,15
OMEREQUE,"anticoncepcion, prevencion de its y de cancer de cuello uterino",condon masculino: usuarias (os) nuevas (os),2015-04-01,0,0,3,1,0,4
ORURO,"anticoncepcion, prevencion de its y de cancer de cuello uterino",condon masculino: usuarias (os) nuevas (os),2015-04-01,0,10,49,11,0,70
PADCAYA,"anticoncepcion, prevencion de its y de cancer de cuello uterino",condon masculino: usuarias (os) nuevas (os),2015-04-01,0,2,2,2,0,6
PADILLA,"anticoncepcion, prevencion de its y de cancer de cuello uterino",condon masculino: usuarias (os) nuevas (os),2015-04-01,0,0,2,0,0,2
PAILON,"anticoncepcion, prevencion de its y de cancer de cuello uterino",condon masculino: usuarias (os) nuevas (os),2015-04-01,1,10,14,0,0,25
PALCA,"anticoncepcion, prevencion de its y de cancer de cuello uterino",condon masculino: usuarias (os) nuevas (os),2015-04-01,0,1,4,0,1,6
PALOS BLANCOS,"anticoncepcion, prevencion de its y de cancer de cuello uterino",condon masculino: usuarias (os) nuevas (os),2015-04-01,0,0,3,1,0,4
PAPEL PAMPA,"anticoncepcion, prevencion de its y de cancer de cuello uterino",condon masculino: usuarias (os) nuevas (os),2015-04-01,0,1,3,2,0,6
PATACAMAYA,"anticoncepcion, prevencion de its y de cancer de cuello uterino",condon masculino: usuarias (os) nuevas (os),2015-04-01,0,1,0,0,0,1
PAZÑA,"anticoncepcion, prevencion de its y de cancer de cuello uterino",condon masculino: usuarias (os) nuevas (os),2015-04-01,0,1,4,0,0,5
PELECHUCO,"anticoncepcion, prevencion de its y de cancer de cuello uterino",condon masculino: usuarias (os) nuevas (os),2015-04-01,0,1,3,0,0,4
POCOATA,"anticoncepcion, prevencion de its y de cancer de cuello uterino",condon masculino: usuarias (os) nuevas (os),2015-04-01,0,5,6,4,0,15
POCONA,"anticoncepcion, prevencion de its y de cancer de cuello uterino",condon masculino: usuarias (os) nuevas (os),2015-04-01,0,2,3,0,0,5
POJO (CBBA),"anticoncepcion, prevencion de its y de cancer de cuello uterino",condon masculino: usuarias (os) nuevas (os),2015-04-01,0,1,0,0,0,1
POOPO,"anticoncepcion, prevencion de its y de cancer de cuello uterino",condon masculino: usuarias (os) nuevas (os),2015-04-01,0,0,3,0,0,3
PORCO,"anticoncepcion, prevencion de its y de cancer de cuello uterino",condon masculino: usuarias (os) nuevas (os),2015-04-01,0,2,2,1,0,5
POROMA,"anticoncepcion, prevencion de its y de cancer de cuello uterino",condon masculino: usuarias (os) nuevas (os),2015-04-01,0,0,0,2,0,2
PORONGO,"anticoncepcion, prevencion de its y de cancer de cuello uterino",condon masculino: usuarias (os) nuevas (os),2015-04-01,0,0,4,1,0,5
PORTACHUELO,"anticoncepcion, prevencion de its y de cancer de cuello uterino",condon masculino: usuarias (os) nuevas (os),2015-04-01,0,1,2,0,0,3
POSTRER VALLE,"anticoncepcion, prevencion de its y de cancer de cuello uterino",condon masculino: usuarias (os) nuevas (os),2015-04-01,0,0,1,0,0,1
POTOSI,"anticoncepcion, prevencion de its y de cancer de cuello uterino",condon masculino: usuarias (os) nuevas (os),2015-04-01,0,18,57,7,0,82
PRESTO,"anticoncepcion, prevencion de its y de cancer de cuello uterino",condon masculino: usuarias (os) nuevas (os),2015-04-01,0,2,7,1,0,10
PUCARANI,"anticoncepcion, prevencion de its y de cancer de cuello uterino",condon masculino: usuarias (os) nuevas (os),2015-04-01,0,0,5,1,0,6
PUERTO ACOSTA,"anticoncepcion, prevencion de its y de cancer de cuello uterino",condon masculino: usuarias (os) nuevas (os),2015-04-01,0,0,1,0,0,1
PUERTO CARABUCO,"anticoncepcion, prevencion de its y de cancer de cuello uterino",condon masculino: usuarias (os) nuevas (os),2015-04-01,0,0,3,1,0,4
PUERTO GONZALO MORENO,"anticoncepcion, prevencion de its y de cancer de cuello uterino",condon masculino: usuarias (os) nuevas (os),2015-04-01,0,1,1,0,0,2
PUERTO PEREZ,"anticoncepcion, prevencion de its y de cancer de cuello uterino",condon masculino: usuarias (os) nuevas (os),2015-04-01,0,0,0,0,1,1
PUERTO QUIJARRO,"anticoncepcion, prevencion de its y de cancer de cuello uterino",condon masculino: usuarias (os) nuevas (os),2015-04-01,0,3,6,4,0,13
PUERTO SUAREZ,"anticoncepcion, prevencion de its y de cancer de cuello uterino",condon masculino: usuarias (os) nuevas (os),2015-04-01,0,0,1,0,0,1
PUERTO VILLARROEL,"anticoncepcion, prevencion de its y de cancer de cuello uterino",condon masculino: usuarias (os) nuevas (os),2015-04-01,0,3,10,1,0,14
PUNA,"anticoncepcion, prevencion de its y de cancer de cuello uterino",condon masculino: usuarias (os) nuevas (os),2015-04-01,0,1,1,2,0,4
PUNATA,"anticoncepcion, prevencion de its y de cancer de cuello uterino",condon masculino: usuarias (os) nuevas (os),2015-04-01,0,3,12,4,0,19
QUIABAYA,"anticoncepcion, prevencion de its y de cancer de cuello uterino",condon masculino: usuarias (os) nuevas (os),2015-04-01,0,0,4,1,0,5
QUILLACOLLO,"anticoncepcion, prevencion de its y de cancer de cuello uterino",condon masculino: usuarias (os) nuevas (os),2015-04-01,0,10,20,2,0,32
QUIME,"anticoncepcion, prevencion de its y de cancer de cuello uterino",condon masculino: usuarias (os) nuevas (os),2015-04-01,0,0,4,0,0,4
REYES,"anticoncepcion, prevencion de its y de cancer de cuello uterino",condon masculino: usuarias (os) nuevas (os),2015-04-01,0,4,9,1,0,14
RIBERALTA,"anticoncepcion, prevencion de its y de cancer de cuello uterino",condon masculino: usuarias (os) nuevas (os),2015-04-01,0,9,37,7,0,53
ROBORE,"anticoncepcion, prevencion de its y de cancer de cuello uterino",condon masculino: usuarias (os) nuevas (os),2015-04-01,0,0,2,1,0,3
RURRENABAQUE,"anticoncepcion, prevencion de its y de cancer de cuello uterino",condon masculino: usuarias (os) nuevas (os),2015-04-01,0,0,2,0,0,2
SABAYA,"anticoncepcion, prevencion de its y de cancer de cuello uterino",condon masculino: usuarias (os) nuevas (os),2015-04-01,0,1,0,0,1,2
SACABA,"anticoncepcion, prevencion de its y de cancer de cuello uterino",condon masculino: usuarias (os) nuevas (os),2015-04-01,0,8,65,26,0,99
SACACA,"anticoncepcion, prevencion de its y de cancer de cuello uterino",condon masculino: usuarias (os) nuevas (os),2015-04-01,0,0,4,1,0,5
SAIPINA,"anticoncepcion, prevencion de its y de cancer de cuello uterino",condon masculino: usuarias (os) nuevas (os),2015-04-01,0,0,0,3,0,3
SALINAS DE GARCI MENDOZA,"anticoncepcion, prevencion de its y de cancer de cuello uterino",condon masculino: usuarias (os) nuevas (os),2015-04-01,0,2,14,0,0,16
SAMAIPATA,"anticoncepcion, prevencion de its y de cancer de cuello uterino",condon masculino: usuarias (os) nuevas (os),2015-04-01,0,1,0,0,0,1
SAN AGUSTIN,"anticoncepcion, prevencion de its y de cancer de cuello uterino",condon masculino: usuarias (os) nuevas (os),2015-04-01,0,2,2,0,0,4
SAN ANDRES,"anticoncepcion, prevencion de its y de cancer de cuello uterino",condon masculino: usuarias (os) nuevas (os),2015-04-01,0,10,10,2,0,22
SAN BORJA,"anticoncepcion, prevencion de its y de cancer de cuello uterino",condon masculino: usuarias (os) nuevas (os),2015-04-01,0,5,14,3,0,22
SAN BUENA VENTURA,"anticoncepcion, prevencion de its y de cancer de cuello uterino",condon masculino: usuarias (os) nuevas (os),2015-04-01,0,0,2,0,0,2
SAN CARLOS,"anticoncepcion, prevencion de its y de cancer de cuello uterino",condon masculino: usuarias (os) nuevas (os),2015-04-01,0,2,2,1,0,5
SAN IGNACIO,"anticoncepcion, prevencion de its y de cancer de cuello uterino",condon masculino: usuarias (os) nuevas (os),2015-04-01,0,1,7,4,0,12
SAN IGNACIO DE VELASCO,"anticoncepcion, prevencion de its y de cancer de cuello uterino",condon masculino: usuarias (os) nuevas (os),2015-04-01,0,1,5,1,0,7
SAN JAVIER(BNI),"anticoncepcion, prevencion de its y de cancer de cuello uterino",condon masculino: usuarias (os) nuevas (os),2015-04-01,0,1,1,1,0,3
SAN JAVIER(STC),"anticoncepcion, prevencion de its y de cancer de cuello uterino",condon masculino: usuarias (os) nuevas (os),2015-04-01,0,0,3,0,0,3
SAN JOAQUIN,"anticoncepcion, prevencion de its y de cancer de cuello uterino",condon masculino: usuarias (os) nuevas (os),2015-04-01,0,3,1,1,0,5
SAN JUAN DE YAPACANI,"anticoncepcion, prevencion de its y de cancer de cuello uterino",condon masculino: usuarias (os) nuevas (os),2015-04-01,0,1,0,0,0,1
SAN JULIAN,"anticoncepcion, prevencion de its y de cancer de cuello uterino",condon masculino: usuarias (os) nuevas (os),2015-04-01,0,1,5,1,0,7
SAN LORENZO(PND),"anticoncepcion, prevencion de its y de cancer de cuello uterino",condon masculino: usuarias (os) nuevas (os),2015-04-01,0,0,1,0,0,1
SAN LORENZO(TJA),"anticoncepcion, prevencion de its y de cancer de cuello uterino",condon masculino: usuarias (os) nuevas (os),2015-04-01,0,0,0,1,0,1
SAN LUCAS,"anticoncepcion, prevencion de its y de cancer de cuello uterino",condon masculino: usuarias (os) nuevas (os),2015-04-01,3,9,1,2,0,15
SAN MATIAS,"anticoncepcion, prevencion de its y de cancer de cuello uterino",condon masculino: usuarias (os) nuevas (os),2015-04-01,0,2,1,0,0,3
SAN MIGUEL DE VELASCO,"anticoncepcion, prevencion de its y de cancer de cuello uterino",condon masculino: usuarias (os) nuevas (os),2015-04-01,0,0,2,0,0,2
SAN PABLO DE LIPEZ,"anticoncepcion, prevencion de its y de cancer de cuello uterino",condon masculino: usuarias (os) nuevas (os),2015-04-01,0,0,1,0,0,1
SAN PEDRO,"anticoncepcion, prevencion de its y de cancer de cuello uterino",condon masculino: usuarias (os) nuevas (os),2015-04-01,0,0,4,1,0,5
SAN PEDRO DE BUENA VISTA,"anticoncepcion, prevencion de its y de cancer de cuello uterino",condon masculino: usuarias (os) nuevas (os),2015-04-01,0,1,2,0,0,3
SAN PEDRO DE TIQUINA,"anticoncepcion, prevencion de its y de cancer de cuello uterino",condon masculino: usuarias (os) nuevas (os),2015-04-01,0,0,3,0,0,3
SAN PEDRO(PND),"anticoncepcion, prevencion de its y de cancer de cuello uterino",condon masculino: usuarias (os) nuevas (os),2015-04-01,0,2,1,0,0,3
SAN RAFAEL,"anticoncepcion, prevencion de its y de cancer de cuello uterino",condon masculino: usuarias (os) nuevas (os),2015-04-01,0,0,3,0,0,3
SANTA ANA,"anticoncepcion, prevencion de its y de cancer de cuello uterino",condon masculino: usuarias (os) nuevas (os),2015-04-01,1,0,3,0,0,4
SANTA CRUZ DE LA SIERRA,"anticoncepcion, prevencion de its y de cancer de cuello uterino",condon masculino: usuarias (os) nuevas (os),2015-04-01,0,65,489,102,5,661
SANTA ROSA,"anticoncepcion, prevencion de its y de cancer de cuello uterino",condon masculino: usuarias (os) nuevas (os),2015-04-01,0,6,18,0,1,25
SANTA ROSA DEL SARA,"anticoncepcion, prevencion de its y de cancer de cuello uterino",condon masculino: usuarias (os) nuevas (os),2015-04-01,0,0,4,1,0,5
SANTIAGO DE HUARI,"anticoncepcion, prevencion de its y de cancer de cuello uterino",condon masculino: usuarias (os) nuevas (os),2015-04-01,0,0,3,1,0,4
SANTIVAÑES,"anticoncepcion, prevencion de its y de cancer de cuello uterino",condon masculino: usuarias (os) nuevas (os),2015-04-01,0,0,2,1,0,3
SANTUARIO DE QUILLACAS,"anticoncepcion, prevencion de its y de cancer de cuello uterino",condon masculino: usuarias (os) nuevas (os),2015-04-01,0,0,5,1,1,7
SAPAHAQUI,"anticoncepcion, prevencion de its y de cancer de cuello uterino",condon masculino: usuarias (os) nuevas (os),2015-04-01,0,0,1,1,0,2
SENA,"anticoncepcion, prevencion de its y de cancer de cuello uterino",condon masculino: usuarias (os) nuevas (os),2015-04-01,0,0,2,0,0,2
SHINAOTA,"anticoncepcion, prevencion de its y de cancer de cuello uterino",condon masculino: usuarias (os) nuevas (os),2015-04-01,0,0,2,1,0,3
SICA SICA (VILLA AROMA),"anticoncepcion, prevencion de its y de cancer de cuello uterino",condon masculino: usuarias (os) nuevas (os),2015-04-01,0,0,2,0,0,2
SICAYA,"anticoncepcion, prevencion de its y de cancer de cuello uterino",condon masculino: usuarias (os) nuevas (os),2015-04-01,0,0,1,0,0,1
SIPE SIPE,"anticoncepcion, prevencion de its y de cancer de cuello uterino",condon masculino: usuarias (os) nuevas (os),2015-04-01,0,6,11,2,0,19
SOPACHUY,"anticoncepcion, prevencion de its y de cancer de cuello uterino",condon masculino: usuarias (os) nuevas (os),2015-04-01,0,2,0,0,0,2
SORACACHI,"anticoncepcion, prevencion de its y de cancer de cuello uterino",condon masculino: usuarias (os) nuevas (os),2015-04-01,0,1,1,0,0,2
SORATA,"anticoncepcion, prevencion de its y de cancer de cuello uterino",condon masculino: usuarias (os) nuevas (os),2015-04-01,0,0,1,0,0,1
SUCRE,"anticoncepcion, prevencion de its y de cancer de cuello uterino",condon masculino: usuarias (os) nuevas (os),2015-04-01,1,44,244,130,51,470
TACACOMA,"anticoncepcion, prevencion de its y de cancer de cuello uterino",condon masculino: usuarias (os) nuevas (os),2015-04-01,0,0,1,0,0,1
TACOBAMBA,"anticoncepcion, prevencion de its y de cancer de cuello uterino",condon masculino: usuarias (os) nuevas (os),2015-04-01,0,1,1,0,0,2
TACOPAYA,"anticoncepcion, prevencion de its y de cancer de cuello uterino",condon masculino: usuarias (os) nuevas (os),2015-04-01,0,2,1,0,0,3
TAHUA,"anticoncepcion, prevencion de its y de cancer de cuello uterino",condon masculino: usuarias (os) nuevas (os),2015-04-01,0,1,0,0,0,1
TAPACARI,"anticoncepcion, prevencion de its y de cancer de cuello uterino",condon masculino: usuarias (os) nuevas (os),2015-04-01,0,0,0,6,0,6
TARABUCO,"anticoncepcion, prevencion de its y de cancer de cuello uterino",condon masculino: usuarias (os) nuevas (os),2015-04-01,0,1,11,3,0,15
TARACO,"anticoncepcion, prevencion de its y de cancer de cuello uterino",condon masculino: usuarias (os) nuevas (os),2015-04-01,0,1,1,1,0,3
TARATA,"anticoncepcion, prevencion de its y de cancer de cuello uterino",condon masculino: usuarias (os) nuevas (os),2015-04-01,1,1,1,0,0,3
TARIJA,"anticoncepcion, prevencion de its y de cancer de cuello uterino",condon masculino: usuarias (os) nuevas (os),2015-04-01,0,8,41,5,1,55
TARVITA,"anticoncepcion, prevencion de its y de cancer de cuello uterino",condon masculino: usuarias (os) nuevas (os),2015-04-01,0,3,3,1,0,7
TEOPONTE,"anticoncepcion, prevencion de its y de cancer de cuello uterino",condon masculino: usuarias (os) nuevas (os),2015-04-01,0,0,3,2,0,5
TIAWANACU,"anticoncepcion, prevencion de its y de cancer de cuello uterino",condon masculino: usuarias (os) nuevas (os),2015-04-01,0,0,3,0,0,3
TINGUIPAYA,"anticoncepcion, prevencion de its y de cancer de cuello uterino",condon masculino: usuarias (os) nuevas (os),2015-04-01,0,1,3,1,0,5
TIPUANI,"anticoncepcion, prevencion de its y de cancer de cuello uterino",condon masculino: usuarias (os) nuevas (os),2015-04-01,0,1,1,0,0,2
TIQUIPAYA,"anticoncepcion, prevencion de its y de cancer de cuello uterino",condon masculino: usuarias (os) nuevas (os),2015-04-01,0,1,20,0,0,21
TIRAQUE (CBBA),"anticoncepcion, prevencion de its y de cancer de cuello uterino",condon masculino: usuarias (os) nuevas (os),2015-04-01,0,1,1,0,0,2
TITO YUPANQUI (PARQUIPUJIO),"anticoncepcion, prevencion de its y de cancer de cuello uterino",condon masculino: usuarias (os) nuevas (os),2015-04-01,0,0,1,0,0,1
TOCO,"anticoncepcion, prevencion de its y de cancer de cuello uterino",condon masculino: usuarias (os) nuevas (os),2015-04-01,0,0,4,0,0,4
TOLATA,"anticoncepcion, prevencion de its y de cancer de cuello uterino",condon masculino: usuarias (os) nuevas (os),2015-04-01,0,1,9,2,0,12
TOLEDO,"anticoncepcion, prevencion de its y de cancer de cuello uterino",condon masculino: usuarias (os) nuevas (os),2015-04-01,0,0,2,0,0,2
TOMAVE,"anticoncepcion, prevencion de its y de cancer de cuello uterino",condon masculino: usuarias (os) nuevas (os),2015-04-01,0,0,9,3,0,12
TOMINA,"anticoncepcion, prevencion de its y de cancer de cuello uterino",condon masculino: usuarias (os) nuevas (os),2015-04-01,0,1,1,0,0,2
TORO TORO,"anticoncepcion, prevencion de its y de cancer de cuello uterino",condon masculino: usuarias (os) nuevas (os),2015-04-01,0,1,0,0,0,1
TOTORA(CBBA),"anticoncepcion, prevencion de its y de cancer de cuello uterino",condon masculino: usuarias (os) nuevas (os),2015-04-01,0,0,7,3,0,10
TOTORA(ORR),"anticoncepcion, prevencion de its y de cancer de cuello uterino",condon masculino: usuarias (os) nuevas (os),2015-04-01,0,0,2,0,0,2
TRINIDAD,"anticoncepcion, prevencion de its y de cancer de cuello uterino",condon masculino: usuarias (os) nuevas (os),2015-04-01,0,81,196,0,0,277
TUPIZA,"anticoncepcion, prevencion de its y de cancer de cuello uterino",condon masculino: usuarias (os) nuevas (os),2015-04-01,0,5,22,0,0,27
UMALA,"anticoncepcion, prevencion de its y de cancer de cuello uterino",condon masculino: usuarias (os) nuevas (os),2015-04-01,0,1,2,0,0,3
UNCIA,"anticoncepcion, prevencion de its y de cancer de cuello uterino",condon masculino: usuarias (os) nuevas (os),2015-04-01,0,0,2,0,0,2
URIONDO (A. CONCEPCION),"anticoncepcion, prevencion de its y de cancer de cuello uterino",condon masculino: usuarias (os) nuevas (os),2015-04-01,0,0,1,1,0,2
UYUNI,"anticoncepcion, prevencion de its y de cancer de cuello uterino",condon masculino: usuarias (os) nuevas (os),2015-04-01,0,0,1,0,0,1
VACAS,"anticoncepcion, prevencion de its y de cancer de cuello uterino",condon masculino: usuarias (os) nuevas (os),2015-04-01,0,1,3,1,0,5
VALLEGRANDE,"anticoncepcion, prevencion de its y de cancer de cuello uterino",condon masculino: usuarias (os) nuevas (os),2015-04-01,0,1,3,1,0,5
VIACHA,"anticoncepcion, prevencion de its y de cancer de cuello uterino",condon masculino: usuarias (os) nuevas (os),2015-04-01,0,2,10,1,0,13
VILLA CHARCAS,"anticoncepcion, prevencion de its y de cancer de cuello uterino",condon masculino: usuarias (os) nuevas (os),2015-04-01,0,2,3,1,0,6
VILLA MONTES,"anticoncepcion, prevencion de its y de cancer de cuello uterino",condon masculino: usuarias (os) nuevas (os),2015-04-01,0,2,3,0,0,5
VILLA NUEVA (LOMA ALTA),"anticoncepcion, prevencion de its y de cancer de cuello uterino",condon masculino: usuarias (os) nuevas (os),2015-04-01,0,0,1,0,0,1
VILLA RIVERO,"anticoncepcion, prevencion de its y de cancer de cuello uterino",condon masculino: usuarias (os) nuevas (os),2015-04-01,0,1,4,0,0,5
VILLA SERRANO,"anticoncepcion, prevencion de its y de cancer de cuello uterino",condon masculino: usuarias (os) nuevas (os),2015-04-01,0,1,5,6,0,12
VILLA TUNARI,"anticoncepcion, prevencion de its y de cancer de cuello uterino",condon masculino: usuarias (os) nuevas (os),2015-04-01,1,11,23,6,0,41
VILLA VACA GUZMAN (MUYUPAMPA),"anticoncepcion, prevencion de its y de cancer de cuello uterino",condon masculino: usuarias (os) nuevas (os),2015-04-01,0,0,1,0,0,1
VILLAZON,"anticoncepcion, prevencion de its y de cancer de cuello uterino",condon masculino: usuarias (os) nuevas (os),2015-04-01,0,2,5,0,0,7
VINTO,"anticoncepcion, prevencion de its y de cancer de cuello uterino",condon masculino: usuarias (os) nuevas (os),2015-04-01,0,1,9,0,0,10
VITICHI,"anticoncepcion, prevencion de its y de cancer de cuello uterino",condon masculino: usuarias (os) nuevas (os),2015-04-01,0,1,2,2,0,5
WARNES,"anticoncepcion, prevencion de its y de cancer de cuello uterino",condon masculino: usuarias (os) nuevas (os),2015-04-01,0,0,3,0,0,3
YACUIBA,"anticoncepcion, prevencion de its y de cancer de cuello uterino",condon masculino: usuarias (os) nuevas (os),2015-04-01,0,4,11,9,1,25
YANACACHI,"anticoncepcion, prevencion de its y de cancer de cuello uterino",condon masculino: usuarias (os) nuevas (os),2015-04-01,0,0,1,1,0,2
YAPACANI,"anticoncepcion, prevencion de its y de cancer de cuello uterino",condon masculino: usuarias (os) nuevas (os),2015-04-01,0,3,10,1,0,14
YOCALLA,"anticoncepcion, prevencion de its y de cancer de cuello uterino",condon masculino: usuarias (os) nuevas (os),2015-04-01,0,0,2,0,0,2
YOTALA,"anticoncepcion, prevencion de its y de cancer de cuello uterino",condon masculino: usuarias (os) nuevas (os),2015-04-01,0,0,2,1,0,3
YUNCHARA,"anticoncepcion, prevencion de its y de cancer de cuello uterino",condon masculino: usuarias (os) nuevas (os),2015-04-01,0,0,6,0,1,7
ZUDAÑEZ,"anticoncepcion, prevencion de its y de cancer de cuello uterino",condon masculino: usuarias (os) nuevas (os),2015-04-01,0,1,2,0,0,3
ACHACACHI,"anticoncepcion, prevencion de its y de cancer de cuello uterino",condon masculino: usuarias (os) nuevas (os),2015-05-01,0,0,3,3,0,6
ACHOCALLA,"anticoncepcion, prevencion de its y de cancer de cuello uterino",condon masculino: usuarias (os) nuevas (os),2015-05-01,0,2,4,0,0,6
AIQUILE,"anticoncepcion, prevencion de its y de cancer de cuello uterino",condon masculino: usuarias (os) nuevas (os),2015-05-01,0,0,4,1,0,5
ALCALA,"anticoncepcion, prevencion de its y de cancer de cuello uterino",condon masculino: usuarias (os) nuevas (os),2015-05-01,0,1,3,1,0,5
ALTO BENI,"anticoncepcion, prevencion de its y de cancer de cuello uterino",condon masculino: usuarias (os) nuevas (os),2015-05-01,0,2,1,0,0,3
ANDAMARCA,"anticoncepcion, prevencion de its y de cancer de cuello uterino",condon masculino: usuarias (os) nuevas (os),2015-05-01,0,0,4,0,0,4
ANTEQUERA,"anticoncepcion, prevencion de its y de cancer de cuello uterino",condon masculino: usuarias (os) nuevas (os),2015-05-01,0,0,2,0,0,2
ARANI,"anticoncepcion, prevencion de its y de cancer de cuello uterino",condon masculino: usuarias (os) nuevas (os),2015-05-01,0,0,1,0,0,1
ARBIETO,"anticoncepcion, prevencion de its y de cancer de cuello uterino",condon masculino: usuarias (os) nuevas (os),2015-05-01,0,1,1,1,0,3
ARQUE,"anticoncepcion, prevencion de its y de cancer de cuello uterino",condon masculino: usuarias (os) nuevas (os),2015-05-01,0,0,2,0,0,2
ASCENCION DE GUARAYOS,"anticoncepcion, prevencion de its y de cancer de cuello uterino",condon masculino: usuarias (os) nuevas (os),2015-05-01,0,1,5,1,0,7
ATOCHA,"anticoncepcion, prevencion de its y de cancer de cuello uterino",condon masculino: usuarias (os) nuevas (os),2015-05-01,1,1,0,0,0,2
AYO AYO,"anticoncepcion, prevencion de its y de cancer de cuello uterino",condon masculino: usuarias (os) nuevas (os),2015-05-01,0,0,4,0,0,4
AYOPAYA (V. DE INDEPENDENCIA),"anticoncepcion, prevencion de its y de cancer de cuello uterino",condon masculino: usuarias (os) nuevas (os),2015-05-01,0,2,8,0,0,10
AZURDUY,"anticoncepcion, prevencion de its y de cancer de cuello uterino",condon masculino: usuarias (os) nuevas (os),2015-05-01,0,1,3,0,0,4
BAURES,"anticoncepcion, prevencion de its y de cancer de cuello uterino",condon masculino: usuarias (os) nuevas (os),2015-05-01,0,0,1,0,0,1
BELEN DE ANDAMARCA,"anticoncepcion, prevencion de its y de cancer de cuello uterino",condon masculino: usuarias (os) nuevas (os),2015-05-01,0,0,2,0,0,2
BELEN DE URMIRI,"anticoncepcion, prevencion de its y de cancer de cuello uterino",condon masculino: usuarias (os) nuevas (os),2015-05-01,0,3,1,0,0,4
BELLA FLOR,"anticoncepcion, prevencion de its y de cancer de cuello uterino",condon masculino: usuarias (os) nuevas (os),2015-05-01,0,0,3,0,0,3
BERMEJO,"anticoncepcion, prevencion de its y de cancer de cuello uterino",condon masculino: usuarias (os) nuevas (os),2015-05-01,0,0,6,3,0,9
BETANZOS,"anticoncepcion, prevencion de its y de cancer de cuello uterino",condon masculino: usuarias (os) nuevas (os),2015-05-01,0,1,3,3,0,7
BUENA VISTA,"anticoncepcion, prevencion de its y de cancer de cuello uterino",condon masculino: usuarias (os) nuevas (os),2015-05-01,0,4,4,0,0,8
CABEZAS,"anticoncepcion, prevencion de its y de cancer de cuello uterino",condon masculino: usuarias (os) nuevas (os),2015-05-01,0,3,3,0,0,6
CAIROMA,"anticoncepcion, prevencion de its y de cancer de cuello uterino",condon masculino: usuarias (os) nuevas (os),2015-05-01,0,2,2,0,0,4
"CAIZA ""D""","anticoncepcion, prevencion de its y de cancer de cuello uterino",condon masculino: usuarias (os) nuevas (os),2015-05-01,0,1,9,2,0,12
CAJUATA,"anticoncepcion, prevencion de its y de cancer de cuello uterino",condon masculino: usuarias (os) nuevas (os),2015-05-01,0,0,3,1,0,4
CALACOTO,"anticoncepcion, prevencion de its y de cancer de cuello uterino",condon masculino: usuarias (os) nuevas (os),2015-05-01,0,0,2,1,0,3
CALAMARCA,"anticoncepcion, prevencion de its y de cancer de cuello uterino",condon masculino: usuarias (os) nuevas (os),2015-05-01,0,0,3,1,0,4
CAMARGO,"anticoncepcion, prevencion de its y de cancer de cuello uterino",condon masculino: usuarias (os) nuevas (os),2015-05-01,0,0,1,1,0,2
CAMATAQUI (C. VILLA ABECIA),"anticoncepcion, prevencion de its y de cancer de cuello uterino",condon masculino: usuarias (os) nuevas (os),2015-05-01,0,1,2,1,0,4
CAMIRI,"anticoncepcion, prevencion de its y de cancer de cuello uterino",condon masculino: usuarias (os) nuevas (os),2015-05-01,0,2,7,2,0,11
CAPINOTA,"anticoncepcion, prevencion de its y de cancer de cuello uterino",condon masculino: usuarias (os) nuevas (os),2015-05-01,0,0,1,0,0,1
CAQUIAVIRI,"anticoncepcion, prevencion de its y de cancer de cuello uterino",condon masculino: usuarias (os) nuevas (os),2015-05-01,0,1,0,0,0,1
CARACOLLO,"anticoncepcion, prevencion de its y de cancer de cuello uterino",condon masculino: usuarias (os) nuevas (os),2015-05-01,1,0,4,0,0,5
CARANAVI,"anticoncepcion, prevencion de its y de cancer de cuello uterino",condon masculino: usuarias (os) nuevas (os),2015-05-01,0,2,12,3,0,17
CARAPARI,"anticoncepcion, prevencion de its y de cancer de cuello uterino",condon masculino: usuarias (os) nuevas (os),2015-05-01,1,0,2,2,0,5
CARIPUYO,"anticoncepcion, prevencion de its y de cancer de cuello uterino",condon masculino: usuarias (os) nuevas (os),2015-05-01,0,0,3,0,0,3
CHACARILLA,"anticoncepcion, prevencion de its y de cancer de cuello uterino",condon masculino: usuarias (os) nuevas (os),2015-05-01,0,0,0,1,0,1
CHALLAPATA,"anticoncepcion, prevencion de its y de cancer de cuello uterino",condon masculino: usuarias (os) nuevas (os),2015-05-01,0,3,6,2,0,11
CHAQUI,"anticoncepcion, prevencion de its y de cancer de cuello uterino",condon masculino: usuarias (os) nuevas (os),2015-05-01,0,0,3,2,0,5
CHARAGUA,"anticoncepcion, prevencion de its y de cancer de cuello uterino",condon masculino: usuarias (os) nuevas (os),2015-05-01,0,1,0,0,0,1
CHAYANTA,"anticoncepcion, prevencion de its y de cancer de cuello uterino",condon masculino: usuarias (os) nuevas (os),2015-05-01,0,2,7,2,0,11
CHIMORE,"anticoncepcion, prevencion de its y de cancer de cuello uterino",condon masculino: usuarias (os) nuevas (os),2015-05-01,0,0,8,0,0,8
CHIPAYA,"anticoncepcion, prevencion de its y de cancer de cuello uterino",condon masculino: usuarias (os) nuevas (os),2015-05-01,0,0,1,1,0,2
CHULUMANI (V. DE LA LIBERTAD),"anticoncepcion, prevencion de its y de cancer de cuello uterino",condon masculino: usuarias (os) nuevas (os),2015-05-01,0,0,1,2,0,3
CHUMA,"anticoncepcion, prevencion de its y de cancer de cuello uterino",condon masculino: usuarias (os) nuevas (os),2015-05-01,0,0,2,0,0,2
CHUQUIHUTA AYLLU JUCUMANI,"anticoncepcion, prevencion de its y de cancer de cuello uterino",condon masculino: usuarias (os) nuevas (os),2015-05-01,0,0,1,0,0,1
CLIZA,"anticoncepcion, prevencion de its y de cancer de cuello uterino",condon masculino: usuarias (os) nuevas (os),2015-05-01,0,2,10,5,0,17
COBIJA,"anticoncepcion, prevencion de its y de cancer de cuello uterino",condon masculino: usuarias (os) nuevas (os),2015-05-01,0,0,3,0,0,3
COCAPATA,"anticoncepcion, prevencion de its y de cancer de cuello uterino",condon masculino: usuarias (os) nuevas (os),2015-05-01,0,0,8,3,0,11
COCHABAMBA,"anticoncepcion, prevencion de its y de cancer de cuello uterino",condon masculino: usuarias (os) nuevas (os),2015-05-01,0,13,1079,31,0,1123
COLCAPIRHUA,"anticoncepcion, prevencion de its y de cancer de cuello uterino",condon masculino: usuarias (os) nuevas (os),2015-05-01,0,1,3,3,0,7
"COLCHA ""K""","anticoncepcion, prevencion de its y de cancer de cuello uterino",condon masculino: usuarias (os) nuevas (os),2015-05-01,0,0,5,0,0,5
COLLANA,"anticoncepcion, prevencion de its y de cancer de cuello uterino",condon masculino: usuarias (os) nuevas (os),2015-05-01,0,1,1,1,0,3
COLOMI,"anticoncepcion, prevencion de its y de cancer de cuello uterino",condon masculino: usuarias (os) nuevas (os),2015-05-01,0,1,2,0,0,3
COLPA BELGICA,"anticoncepcion, prevencion de its y de cancer de cuello uterino",condon masculino: usuarias (os) nuevas (os),2015-05-01,0,1,1,0,0,2
COLQUECHACA,"anticoncepcion, prevencion de its y de cancer de cuello uterino",condon masculino: usuarias (os) nuevas (os),2015-05-01,0,1,8,4,0,13
COLQUENCHA,"anticoncepcion, prevencion de its y de cancer de cuello uterino",condon masculino: usuarias (os) nuevas (os),2015-05-01,0,1,2,2,0,5
COLQUIRI,"anticoncepcion, prevencion de its y de cancer de cuello uterino",condon masculino: usuarias (os) nuevas (os),2015-05-01,0,1,2,1,0,4
COMANCHE,"anticoncepcion, prevencion de its y de cancer de cuello uterino",condon masculino: usuarias (os) nuevas (os),2015-05-01,0,0,1,0,0,1
COMARAPA,"anticoncepcion, prevencion de its y de cancer de cuello uterino",condon masculino: usuarias (os) nuevas (os),2015-05-01,0,0,3,0,0,3
CORIPATA,"anticoncepcion, prevencion de its y de cancer de cuello uterino",condon masculino: usuarias (os) nuevas (os),2015-05-01,0,0,1,2,0,3
CORO CORO,"anticoncepcion, prevencion de its y de cancer de cuello uterino",condon masculino: usuarias (os) nuevas (os),2015-05-01,0,0,1,0,0,1
COROICO,"anticoncepcion, prevencion de its y de cancer de cuello uterino",condon masculino: usuarias (os) nuevas (os),2015-05-01,0,1,0,0,0,1
CORQUE,"anticoncepcion, prevencion de its y de cancer de cuello uterino",condon masculino: usuarias (os) nuevas (os),2015-05-01,0,0,2,0,0,2
COTAGAITA,"anticoncepcion, prevencion de its y de cancer de cuello uterino",condon masculino: usuarias (os) nuevas (os),2015-05-01,0,1,7,0,0,8
COTOCA,"anticoncepcion, prevencion de its y de cancer de cuello uterino",condon masculino: usuarias (os) nuevas (os),2015-05-01,0,1,7,0,0,8
CUATRO CAÑADAS,"anticoncepcion, prevencion de its y de cancer de cuello uterino",condon masculino: usuarias (os) nuevas (os),2015-05-01,0,4,5,1,0,10
CULPINA,"anticoncepcion, prevencion de its y de cancer de cuello uterino",condon masculino: usuarias (os) nuevas (os),2015-05-01,0,3,1,3,0,7
CURAHUARA DE CARANGAS,"anticoncepcion, prevencion de its y de cancer de cuello uterino",condon masculino: usuarias (os) nuevas (os),2015-05-01,0,0,0,1,0,1
CURVA,"anticoncepcion, prevencion de its y de cancer de cuello uterino",condon masculino: usuarias (os) nuevas (os),2015-05-01,0,1,0,0,0,1
DESAGUADERO,"anticoncepcion, prevencion de its y de cancer de cuello uterino",condon masculino: usuarias (os) nuevas (os),2015-05-01,0,0,1,0,0,1
EL ALTO,"anticoncepcion, prevencion de its y de cancer de cuello uterino",condon masculino: usuarias (os) nuevas (os),2015-05-01,0,13,161,18,0,192
EL PUENTE(STC),"anticoncepcion, prevencion de its y de cancer de cuello uterino",condon masculino: usuarias (os) nuevas (os),2015-05-01,0,2,2,0,0,4
EL PUENTE(TJA),"anticoncepcion, prevencion de its y de cancer de cuello uterino",condon masculino: usuarias (os) nuevas (os),2015-05-01,0,1,5,2,0,8
EL TORNO,"anticoncepcion, prevencion de its y de cancer de cuello uterino",condon masculino: usuarias (os) nuevas (os),2015-05-01,0,5,12,2,0,19
EL VILLAR,"anticoncepcion, prevencion de its y de cancer de cuello uterino",condon masculino: usuarias (os) nuevas (os),2015-05-01,0,1,3,0,0,4
ENTRE RIOS TRJ,"anticoncepcion, prevencion de its y de cancer de cuello uterino",condon masculino: usuarias (os) nuevas (os),2015-05-01,0,0,5,4,0,9
ENTRE RIOS CBBA,"anticoncepcion, prevencion de its y de cancer de cuello uterino",condon masculino: usuarias (os) nuevas (os),2015-05-01,0,0,5,4,0,9
ESCOMA,"anticoncepcion, prevencion de its y de cancer de cuello uterino",condon masculino: usuarias (os) nuevas (os),2015-05-01,0,0,2,1,0,3
EUREKA (SANTOS MERCADO),"anticoncepcion, prevencion de its y de cancer de cuello uterino",condon masculino: usuarias (os) nuevas (os),2015-05-01,5,4,0,1,0,10
EXALTACION,"anticoncepcion, prevencion de its y de cancer de cuello uterino",condon masculino: usuarias (os) nuevas (os),2015-05-01,0,2,0,0,0,2
FERNANDEZ ALONSO,"anticoncepcion, prevencion de its y de cancer de cuello uterino",condon masculino: usuarias (os) nuevas (os),2015-05-01,0,0,2,0,0,2
FILADELFIA,"anticoncepcion, prevencion de its y de cancer de cuello uterino",condon masculino: usuarias (os) nuevas (os),2015-05-01,1,0,1,0,0,2
GENERAL SAAVEDRA,"anticoncepcion, prevencion de its y de cancer de cuello uterino",condon masculino: usuarias (os) nuevas (os),2015-05-01,0,0,1,1,0,2
GUAQUI,"anticoncepcion, prevencion de its y de cancer de cuello uterino",condon masculino: usuarias (os) nuevas (os),2015-05-01,0,1,3,0,0,4
GUAYARAMERIN,"anticoncepcion, prevencion de its y de cancer de cuello uterino",condon masculino: usuarias (os) nuevas (os),2015-05-01,0,2,16,3,0,21
HUACARETA,"anticoncepcion, prevencion de its y de cancer de cuello uterino",condon masculino: usuarias (os) nuevas (os),2015-05-01,0,2,3,0,1,6
HUACAYA (VILLA DE HUACAYA),"anticoncepcion, prevencion de its y de cancer de cuello uterino",condon masculino: usuarias (os) nuevas (os),2015-05-01,0,0,3,3,0,6
HUANUNI,"anticoncepcion, prevencion de its y de cancer de cuello uterino",condon masculino: usuarias (os) nuevas (os),2015-05-01,0,0,2,0,0,2
HUARACAJE,"anticoncepcion, prevencion de its y de cancer de cuello uterino",condon masculino: usuarias (os) nuevas (os),2015-05-01,0,0,0,1,0,1
HUARINA,"anticoncepcion, prevencion de its y de cancer de cuello uterino",condon masculino: usuarias (os) nuevas (os),2015-05-01,0,0,1,0,0,1
ICHOCA,"anticoncepcion, prevencion de its y de cancer de cuello uterino",condon masculino: usuarias (os) nuevas (os),2015-05-01,0,0,1,0,0,1
ICLA,"anticoncepcion, prevencion de its y de cancer de cuello uterino",condon masculino: usuarias (os) nuevas (os),2015-05-01,0,0,5,1,0,6
INCAHUASI,"anticoncepcion, prevencion de its y de cancer de cuello uterino",condon masculino: usuarias (os) nuevas (os),2015-05-01,0,2,6,0,0,8
IRUPANA (VILLA DE LANZA),"anticoncepcion, prevencion de its y de cancer de cuello uterino",condon masculino: usuarias (os) nuevas (os),2015-05-01,0,1,3,1,0,5
IXIAMAS,"anticoncepcion, prevencion de its y de cancer de cuello uterino",condon masculino: usuarias (os) nuevas (os),2015-05-01,0,0,1,0,0,1
JESUS DE MACHACA,"anticoncepcion, prevencion de its y de cancer de cuello uterino",condon masculino: usuarias (os) nuevas (os),2015-05-01,0,0,1,1,0,2
LA ASUNTA,"anticoncepcion, prevencion de its y de cancer de cuello uterino",condon masculino: usuarias (os) nuevas (os),2015-05-01,0,2,8,0,0,10
LA GUARDIA,"anticoncepcion, prevencion de its y de cancer de cuello uterino",condon masculino: usuarias (os) nuevas (os),2015-05-01,1,1,22,2,0,26
LA PAZ,"anticoncepcion, prevencion de its y de cancer de cuello uterino",condon masculino: usuarias (os) nuevas (os),2015-05-01,1,20,384,38,1,444
LAGUNILLAS,"anticoncepcion, prevencion de its y de cancer de cuello uterino",condon masculino: usuarias (os) nuevas (os),2015-05-01,0,0,0,1,0,1
LAJA,"anticoncepcion, prevencion de its y de cancer de cuello uterino",condon masculino: usuarias (os) nuevas (os),2015-05-01,0,1,5,0,0,6
LLALLAGUA,"anticoncepcion, prevencion de its y de cancer de cuello uterino",condon masculino: usuarias (os) nuevas (os),2015-05-01,0,1,8,1,0,10
LORETO,"anticoncepcion, prevencion de its y de cancer de cuello uterino",condon masculino: usuarias (os) nuevas (os),2015-05-01,1,2,0,2,0,5
LURIBAY,"anticoncepcion, prevencion de its y de cancer de cuello uterino",condon masculino: usuarias (os) nuevas (os),2015-05-01,0,0,5,0,0,5
MACHARETI,"anticoncepcion, prevencion de its y de cancer de cuello uterino",condon masculino: usuarias (os) nuevas (os),2015-05-01,0,2,5,0,1,8
MAGDALENA,"anticoncepcion, prevencion de its y de cancer de cuello uterino",condon masculino: usuarias (os) nuevas (os),2015-05-01,0,11,1,0,0,12
MECAPACA,"anticoncepcion, prevencion de its y de cancer de cuello uterino",condon masculino: usuarias (os) nuevas (os),2015-05-01,0,0,2,2,0,4
MINEROS,"anticoncepcion, prevencion de its y de cancer de cuello uterino",condon masculino: usuarias (os) nuevas (os),2015-05-01,0,1,4,1,0,6
MIZQUE,"anticoncepcion, prevencion de its y de cancer de cuello uterino",condon masculino: usuarias (os) nuevas (os),2015-05-01,0,2,2,2,0,6
MOCOMOCO,"anticoncepcion, prevencion de its y de cancer de cuello uterino",condon masculino: usuarias (os) nuevas (os),2015-05-01,0,0,0,1,0,1
MOJINETE,"anticoncepcion, prevencion de its y de cancer de cuello uterino",condon masculino: usuarias (os) nuevas (os),2015-05-01,0,0,0,1,0,1
MOJOCOYA,"anticoncepcion, prevencion de its y de cancer de cuello uterino",condon masculino: usuarias (os) nuevas (os),2015-05-01,0,1,2,0,0,3
MONTEAGUDO,"anticoncepcion, prevencion de its y de cancer de cuello uterino",condon masculino: usuarias (os) nuevas (os),2015-05-01,0,4,10,1,0,15
MONTERO,"anticoncepcion, prevencion de its y de cancer de cuello uterino",condon masculino: usuarias (os) nuevas (os),2015-05-01,1,4,8,3,0,16
MORO MORO,"anticoncepcion, prevencion de its y de cancer de cuello uterino",condon masculino: usuarias (os) nuevas (os),2015-05-01,0,1,0,0,0,1
MOROCHATA,"anticoncepcion, prevencion de its y de cancer de cuello uterino",condon masculino: usuarias (os) nuevas (os),2015-05-01,0,0,4,3,0,7
NACEBE (SANTA ROSA DEL ABUNA),"anticoncepcion, prevencion de its y de cancer de cuello uterino",condon masculino: usuarias (os) nuevas (os),2015-05-01,0,1,0,0,1,2
NUEVO MANOA (NUEVA ESPERANZA),"anticoncepcion, prevencion de its y de cancer de cuello uterino",condon masculino: usuarias (os) nuevas (os),2015-05-01,0,0,1,1,0,2
OKINAWA,"anticoncepcion, prevencion de its y de cancer de cuello uterino",condon masculino: usuarias (os) nuevas (os),2015-05-01,0,0,1,0,0,1
ORURO,"anticoncepcion, prevencion de its y de cancer de cuello uterino",condon masculino: usuarias (os) nuevas (os),2015-05-01,0,7,34,7,0,48
PADCAYA,"anticoncepcion, prevencion de its y de cancer de cuello uterino",condon masculino: usuarias (os) nuevas (os),2015-05-01,0,10,7,0,0,17
PADILLA,"anticoncepcion, prevencion de its y de cancer de cuello uterino",condon masculino: usuarias (os) nuevas (os),2015-05-01,0,0,1,0,0,1
PAILON,"anticoncepcion, prevencion de its y de cancer de cuello uterino",condon masculino: usuarias (os) nuevas (os),2015-05-01,0,2,4,0,0,6
PALCA,"anticoncepcion, prevencion de its y de cancer de cuello uterino",condon masculino: usuarias (os) nuevas (os),2015-05-01,0,0,3,0,0,3
PALOS BLANCOS,"anticoncepcion, prevencion de its y de cancer de cuello uterino",condon masculino: usuarias (os) nuevas (os),2015-05-01,0,1,4,2,0,7
PAMPA GRANDE,"anticoncepcion, prevencion de its y de cancer de cuello uterino",condon masculino: usuarias (os) nuevas (os),2015-05-01,0,0,1,0,0,1
PAPEL PAMPA,"anticoncepcion, prevencion de its y de cancer de cuello uterino",condon masculino: usuarias (os) nuevas (os),2015-05-01,0,0,3,0,0,3
PASORAPA,"anticoncepcion, prevencion de its y de cancer de cuello uterino",condon masculino: usuarias (os) nuevas (os),2015-05-01,0,0,2,1,0,3
PATACAMAYA,"anticoncepcion, prevencion de its y de cancer de cuello uterino",condon masculino: usuarias (os) nuevas (os),2015-05-01,0,0,1,2,0,3
PAZÑA,"anticoncepcion, prevencion de its y de cancer de cuello uterino",condon masculino: usuarias (os) nuevas (os),2015-05-01,0,1,0,0,0,1
PELECHUCO,"anticoncepcion, prevencion de its y de cancer de cuello uterino",condon masculino: usuarias (os) nuevas (os),2015-05-01,0,1,1,0,0,2
POCOATA,"anticoncepcion, prevencion de its y de cancer de cuello uterino",condon masculino: usuarias (os) nuevas (os),2015-05-01,0,4,11,2,0,17
POCONA,"anticoncepcion, prevencion de its y de cancer de cuello uterino",condon masculino: usuarias (os) nuevas (os),2015-05-01,0,1,3,4,0,8
POJO (CBBA),"anticoncepcion, prevencion de its y de cancer de cuello uterino",condon masculino: usuarias (os) nuevas (os),2015-05-01,0,2,5,1,0,8
POOPO,"anticoncepcion, prevencion de its y de cancer de cuello uterino",condon masculino: usuarias (os) nuevas (os),2015-05-01,0,0,2,0,0,2
PORCO,"anticoncepcion, prevencion de its y de cancer de cuello uterino",condon masculino: usuarias (os) nuevas (os),2015-05-01,0,0,13,2,0,15
PORONGO,"anticoncepcion, prevencion de its y de cancer de cuello uterino",condon masculino: usuarias (os) nuevas (os),2015-05-01,0,2,7,0,0,9
PORTACHUELO,"anticoncepcion, prevencion de its y de cancer de cuello uterino",condon masculino: usuarias (os) nuevas (os),2015-05-01,0,0,2,0,0,2
POTOSI,"anticoncepcion, prevencion de its y de cancer de cuello uterino",condon masculino: usuarias (os) nuevas (os),2015-05-01,0,10,39,4,0,53
PRESTO,"anticoncepcion, prevencion de its y de cancer de cuello uterino",condon masculino: usuarias (os) nuevas (os),2015-05-01,0,0,7,0,0,7
PUCARANI,"anticoncepcion, prevencion de its y de cancer de cuello uterino",condon masculino: usuarias (os) nuevas (os),2015-05-01,0,0,5,2,0,7
PUERTO ACOSTA,"anticoncepcion, prevencion de its y de cancer de cuello uterino",condon masculino: usuarias (os) nuevas (os),2015-05-01,0,2,1,0,0,3
PUERTO CARABUCO,"anticoncepcion, prevencion de its y de cancer de cuello uterino",condon masculino: usuarias (os) nuevas (os),2015-05-01,0,0,1,0,0,1
PUERTO GONZALO MORENO,"anticoncepcion, prevencion de its y de cancer de cuello uterino",condon masculino: usuarias (os) nuevas (os),2015-05-01,0,3,1,0,0,4
PUERTO QUIJARRO,"anticoncepcion, prevencion de its y de cancer de cuello uterino",condon masculino: usuarias (os) nuevas (os),2015-05-01,0,3,4,3,0,10
PUERTO RICO,"anticoncepcion, prevencion de its y de cancer de cuello uterino",condon masculino: usuarias (os) nuevas (os),2015-05-01,0,0,1,0,0,1
PUERTO VILLARROEL,"anticoncepcion, prevencion de its y de cancer de cuello uterino",condon masculino: usuarias (os) nuevas (os),2015-05-01,0,2,13,3,0,18
PUNA,"anticoncepcion, prevencion de its y de cancer de cuello uterino",condon masculino: usuarias (os) nuevas (os),2015-05-01,0,1,4,3,0,8
PUNATA,"anticoncepcion, prevencion de its y de cancer de cuello uterino",condon masculino: usuarias (os) nuevas (os),2015-05-01,0,2,10,1,0,13
QUIABAYA,"anticoncepcion, prevencion de its y de cancer de cuello uterino",condon masculino: usuarias (os) nuevas (os),2015-05-01,0,0,4,1,0,5
QUILLACOLLO,"anticoncepcion, prevencion de its y de cancer de cuello uterino",condon masculino: usuarias (os) nuevas (os),2015-05-01,0,13,29,2,0,44
RAVELO,"anticoncepcion, prevencion de its y de cancer de cuello uterino",condon masculino: usuarias (os) nuevas (os),2015-05-01,0,2,4,0,0,6
REYES,"anticoncepcion, prevencion de its y de cancer de cuello uterino",condon masculino: usuarias (os) nuevas (os),2015-05-01,0,3,2,0,0,5
RIBERALTA,"anticoncepcion, prevencion de its y de cancer de cuello uterino",condon masculino: usuarias (os) nuevas (os),2015-05-01,0,13,75,24,0,112
ROBORE,"anticoncepcion, prevencion de its y de cancer de cuello uterino",condon masculino: usuarias (os) nuevas (os),2015-05-01,0,0,7,0,0,7
RURRENABAQUE,"anticoncepcion, prevencion de its y de cancer de cuello uterino",condon masculino: usuarias (os) nuevas (os),2015-05-01,0,1,3,1,0,5
SACABA,"anticoncepcion, prevencion de its y de cancer de cuello uterino",condon masculino: usuarias (os) nuevas (os),2015-05-01,0,14,33,12,0,59
SACABAMBA,"anticoncepcion, prevencion de its y de cancer de cuello uterino",condon masculino: usuarias (os) nuevas (os),2015-05-01,0,0,1,0,0,1
SACACA,"anticoncepcion, prevencion de its y de cancer de cuello uterino",condon masculino: usuarias (os) nuevas (os),2015-05-01,0,0,4,0,0,4
SAIPINA,"anticoncepcion, prevencion de its y de cancer de cuello uterino",condon masculino: usuarias (os) nuevas (os),2015-05-01,0,0,2,0,0,2
SALINAS DE GARCI MENDOZA,"anticoncepcion, prevencion de its y de cancer de cuello uterino",condon masculino: usuarias (os) nuevas (os),2015-05-01,0,1,2,1,1,5
SAN ANDRES,"anticoncepcion, prevencion de its y de cancer de cuello uterino",condon masculino: usuarias (os) nuevas (os),2015-05-01,0,1,0,1,0,2
SAN ANDRES DE MACHACA,"anticoncepcion, prevencion de its y de cancer de cuello uterino",condon masculino: usuarias (os) nuevas (os),2015-05-01,0,0,0,1,0,1
SAN ANTONIO DE ESMORUCO,"anticoncepcion, prevencion de its y de cancer de cuello uterino",condon masculino: usuarias (os) nuevas (os),2015-05-01,0,0,1,0,0,1
SAN ANTONIO DE LOMERIO,"anticoncepcion, prevencion de its y de cancer de cuello uterino",condon masculino: usuarias (os) nuevas (os),2015-05-01,0,0,1,0,0,1
SAN BENITO,"anticoncepcion, prevencion de its y de cancer de cuello uterino",condon masculino: usuarias (os) nuevas (os),2015-05-01,0,1,15,1,0,17
SAN BORJA,"anticoncepcion, prevencion de its y de cancer de cuello uterino",condon masculino: usuarias (os) nuevas (os),2015-05-01,0,0,11,3,0,14
SAN BUENA VENTURA,"anticoncepcion, prevencion de its y de cancer de cuello uterino",condon masculino: usuarias (os) nuevas (os),2015-05-01,1,0,2,2,1,6
SAN CARLOS,"anticoncepcion, prevencion de its y de cancer de cuello uterino",condon masculino: usuarias (os) nuevas (os),2015-05-01,0,1,1,0,0,2
SAN IGNACIO,"anticoncepcion, prevencion de its y de cancer de cuello uterino",condon masculino: usuarias (os) nuevas (os),2015-05-01,0,2,5,3,0,10
SAN IGNACIO DE VELASCO,"anticoncepcion, prevencion de its y de cancer de cuello uterino",condon masculino: usuarias (os) nuevas (os),2015-05-01,0,3,5,1,0,9
SAN JAVIER(BNI),"anticoncepcion, prevencion de its y de cancer de cuello uterino",condon masculino: usuarias (os) nuevas (os),2015-05-01,0,1,1,0,0,2
SAN JAVIER(STC),"anticoncepcion, prevencion de its y de cancer de cuello uterino",condon masculino: usuarias (os) nuevas (os),2015-05-01,0,0,0,1,0,1
SAN JOAQUIN,"anticoncepcion, prevencion de its y de cancer de cuello uterino",condon masculino: usuarias (os) nuevas (os),2015-05-01,0,0,1,0,0,1
SAN JOSE DE CHIQUITOS,"anticoncepcion, prevencion de its y de cancer de cuello uterino",condon masculino: usuarias (os) nuevas (os),2015-05-01,0,4,8,1,0,13
SAN JUAN DE YAPACANI,"anticoncepcion, prevencion de its y de cancer de cuello uterino",condon masculino: usuarias (os) nuevas (os),2015-05-01,0,0,1,0,0,1
SAN JULIAN,"anticoncepcion, prevencion de its y de cancer de cuello uterino",condon masculino: usuarias (os) nuevas (os),2015-05-01,0,2,5,2,0,9
SAN LORENZO(PND),"anticoncepcion, prevencion de its y de cancer de cuello uterino",condon masculino: usuarias (os) nuevas (os),2015-05-01,0,0,3,0,0,3
SAN LORENZO(TJA),"anticoncepcion, prevencion de its y de cancer de cuello uterino",condon masculino: usuarias (os) nuevas (os),2015-05-01,0,0,2,0,0,2
SAN LUCAS,"anticoncepcion, prevencion de its y de cancer de cuello uterino",condon masculino: usuarias (os) nuevas (os),2015-05-01,0,3,5,2,0,10
SAN MATIAS,"anticoncepcion, prevencion de its y de cancer de cuello uterino",condon masculino: usuarias (os) nuevas (os),2015-05-01,0,1,0,1,0,2
SAN MIGUEL DE VELASCO,"anticoncepcion, prevencion de its y de cancer de cuello uterino",condon masculino: usuarias (os) nuevas (os),2015-05-01,0,1,1,0,0,2
SAN PABLO DE LIPEZ,"anticoncepcion, prevencion de its y de cancer de cuello uterino",condon masculino: usuarias (os) nuevas (os),2015-05-01,0,0,3,0,0,3
SAN PEDRO,"anticoncepcion, prevencion de its y de cancer de cuello uterino",condon masculino: usuarias (os) nuevas (os),2015-05-01,0,0,11,2,0,13
SAN PEDRO DE BUENA VISTA,"anticoncepcion, prevencion de its y de cancer de cuello uterino",condon masculino: usuarias (os) nuevas (os),2015-05-01,0,0,5,0,0,5
SAN PEDRO DE CURAHUARA,"anticoncepcion, prevencion de its y de cancer de cuello uterino",condon masculino: usuarias (os) nuevas (os),2015-05-01,0,0,1,0,0,1
SAN PEDRO DE QUEMES,"anticoncepcion, prevencion de its y de cancer de cuello uterino",condon masculino: usuarias (os) nuevas (os),2015-05-01,0,1,0,0,0,1
SAN PEDRO DE TIQUINA,"anticoncepcion, prevencion de its y de cancer de cuello uterino",condon masculino: usuarias (os) nuevas (os),2015-05-01,0,1,2,0,0,3
SAN PEDRO(PND),"anticoncepcion, prevencion de its y de cancer de cuello uterino",condon masculino: usuarias (os) nuevas (os),2015-05-01,0,0,1,0,0,1
SAN RAFAEL,"anticoncepcion, prevencion de its y de cancer de cuello uterino",condon masculino: usuarias (os) nuevas (os),2015-05-01,0,0,3,0,0,3
SAN RAMON BENI,"anticoncepcion, prevencion de its y de cancer de cuello uterino",condon masculino: usuarias (os) nuevas (os),2015-05-01,0,0,0,1,0,1
SANTA ANA,"anticoncepcion, prevencion de its y de cancer de cuello uterino",condon masculino: usuarias (os) nuevas (os),2015-05-01,1,7,4,2,0,14
SANTA CRUZ DE LA SIERRA,"anticoncepcion, prevencion de its y de cancer de cuello uterino",condon masculino: usuarias (os) nuevas (os),2015-05-01,3,79,722,283,0,1087
SANTA ROSA,"anticoncepcion, prevencion de its y de cancer de cuello uterino",condon masculino: usuarias (os) nuevas (os),2015-05-01,0,1,6,2,0,9
SANTA ROSA DEL SARA,"anticoncepcion, prevencion de its y de cancer de cuello uterino",condon masculino: usuarias (os) nuevas (os),2015-05-01,0,1,10,2,0,13
SANTIAGO DE HUARI,"anticoncepcion, prevencion de its y de cancer de cuello uterino",condon masculino: usuarias (os) nuevas (os),2015-05-01,0,1,14,10,0,25
SANTIAGO DE HUATA,"anticoncepcion, prevencion de its y de cancer de cuello uterino",condon masculino: usuarias (os) nuevas (os),2015-05-01,0,0,0,1,0,1
SANTIVAÑES,"anticoncepcion, prevencion de its y de cancer de cuello uterino",condon masculino: usuarias (os) nuevas (os),2015-05-01,0,0,0,1,0,1
SICA SICA (VILLA AROMA),"anticoncepcion, prevencion de its y de cancer de cuello uterino",condon masculino: usuarias (os) nuevas (os),2015-05-01,0,0,4,0,0,4
SICAYA,"anticoncepcion, prevencion de its y de cancer de cuello uterino",condon masculino: usuarias (os) nuevas (os),2015-05-01,0,0,1,0,0,1
SIPE SIPE,"anticoncepcion, prevencion de its y de cancer de cuello uterino",condon masculino: usuarias (os) nuevas (os),2015-05-01,0,6,12,3,0,21
SOPACHUY,"anticoncepcion, prevencion de its y de cancer de cuello uterino",condon masculino: usuarias (os) nuevas (os),2015-05-01,0,0,1,2,0,3
SORACACHI,"anticoncepcion, prevencion de its y de cancer de cuello uterino",condon masculino: usuarias (os) nuevas (os),2015-05-01,0,2,0,1,0,3
SORATA,"anticoncepcion, prevencion de its y de cancer de cuello uterino",condon masculino: usuarias (os) nuevas (os),2015-05-01,0,0,3,0,0,3
SUCRE,"anticoncepcion, prevencion de its y de cancer de cuello uterino",condon masculino: usuarias (os) nuevas (os),2015-05-01,0,73,225,119,1,418
TACACOMA,"anticoncepcion, prevencion de its y de cancer de cuello uterino",condon masculino: usuarias (os) nuevas (os),2015-05-01,0,0,2,1,0,3
TACOBAMBA,"anticoncepcion, prevencion de its y de cancer de cuello uterino",condon masculino: usuarias (os) nuevas (os),2015-05-01,0,1,2,1,0,4
TAHUA,"anticoncepcion, prevencion de its y de cancer de cuello uterino",condon masculino: usuarias (os) nuevas (os),2015-05-01,0,1,1,0,0,2
TAPACARI,"anticoncepcion, prevencion de its y de cancer de cuello uterino",condon masculino: usuarias (os) nuevas (os),2015-05-01,0,0,2,0,0,2
TARABUCO,"anticoncepcion, prevencion de its y de cancer de cuello uterino",condon masculino: usuarias (os) nuevas (os),2015-05-01,0,2,5,3,0,10
TARATA,"anticoncepcion, prevencion de its y de cancer de cuello uterino",condon masculino: usuarias (os) nuevas (os),2015-05-01,0,0,1,1,0,2
TARIJA,"anticoncepcion, prevencion de its y de cancer de cuello uterino",condon masculino: usuarias (os) nuevas (os),2015-05-01,0,5,26,25,1,57
TARVITA,"anticoncepcion, prevencion de its y de cancer de cuello uterino",condon masculino: usuarias (os) nuevas (os),2015-05-01,0,0,2,0,0,2
TEOPONTE,"anticoncepcion, prevencion de its y de cancer de cuello uterino",condon masculino: usuarias (os) nuevas (os),2015-05-01,0,0,3,0,0,3
TIAWANACU,"anticoncepcion, prevencion de its y de cancer de cuello uterino",condon masculino: usuarias (os) nuevas (os),2015-05-01,0,0,3,0,1,4
TINGUIPAYA,"anticoncepcion, prevencion de its y de cancer de cuello uterino",condon masculino: usuarias (os) nuevas (os),2015-05-01,0,0,1,0,0,1
TIQUIPAYA,"anticoncepcion, prevencion de its y de cancer de cuello uterino",condon masculino: usuarias (os) nuevas (os),2015-05-01,0,1,7,1,0,9
TIRAQUE (CBBA),"anticoncepcion, prevencion de its y de cancer de cuello uterino",condon masculino: usuarias (os) nuevas (os),2015-05-01,0,1,3,1,0,5
TITO YUPANQUI (PARQUIPUJIO),"anticoncepcion, prevencion de its y de cancer de cuello uterino",condon masculino: usuarias (os) nuevas (os),2015-05-01,0,0,1,0,0,1
TOCO,"anticoncepcion, prevencion de its y de cancer de cuello uterino",condon masculino: usuarias (os) nuevas (os),2015-05-01,0,2,5,0,0,7
TODOS SANTOS,"anticoncepcion, prevencion de its y de cancer de cuello uterino",condon masculino: usuarias (os) nuevas (os),2015-05-01,0,0,2,3,0,5
TOLATA,"anticoncepcion, prevencion de its y de cancer de cuello uterino",condon masculino: usuarias (os) nuevas (os),2015-05-01,0,0,5,0,0,5
TOLEDO,"anticoncepcion, prevencion de its y de cancer de cuello uterino",condon masculino: usuarias (os) nuevas (os),2015-05-01,0,1,1,0,0,2
TOMAVE,"anticoncepcion, prevencion de its y de cancer de cuello uterino",condon masculino: usuarias (os) nuevas (os),2015-05-01,0,1,5,1,0,7
TOMINA,"anticoncepcion, prevencion de its y de cancer de cuello uterino",condon masculino: usuarias (os) nuevas (os),2015-05-01,1,2,3,0,0,6
TORO TORO,"anticoncepcion, prevencion de its y de cancer de cuello uterino",condon masculino: usuarias (os) nuevas (os),2015-05-01,0,1,1,0,0,2
TOTORA(CBBA),"anticoncepcion, prevencion de its y de cancer de cuello uterino",condon masculino: usuarias (os) nuevas (os),2015-05-01,0,1,1,2,0,4
TOTORA(ORR),"anticoncepcion, prevencion de its y de cancer de cuello uterino",condon masculino: usuarias (os) nuevas (os),2015-05-01,0,0,0,1,0,1
TRINIDAD,"anticoncepcion, prevencion de its y de cancer de cuello uterino",condon masculino: usuarias (os) nuevas (os),2015-05-01,0,400,77,2,0,479
TUPIZA,"anticoncepcion, prevencion de its y de cancer de cuello uterino",condon masculino: usuarias (os) nuevas (os),2015-05-01,0,17,9,2,0,28
TURCO,"anticoncepcion, prevencion de its y de cancer de cuello uterino",condon masculino: usuarias (os) nuevas (os),2015-05-01,0,0,3,3,0,6
UMALA,"anticoncepcion, prevencion de its y de cancer de cuello uterino",condon masculino: usuarias (os) nuevas (os),2015-05-01,0,5,1,0,0,6
UNCIA,"anticoncepcion, prevencion de its y de cancer de cuello uterino",condon masculino: usuarias (os) nuevas (os),2015-05-01,0,1,3,1,0,5
URIONDO (A. CONCEPCION),"anticoncepcion, prevencion de its y de cancer de cuello uterino",condon masculino: usuarias (os) nuevas (os),2015-05-01,0,1,1,0,0,2
UYUNI,"anticoncepcion, prevencion de its y de cancer de cuello uterino",condon masculino: usuarias (os) nuevas (os),2015-05-01,0,1,0,1,0,2
VACAS,"anticoncepcion, prevencion de its y de cancer de cuello uterino",condon masculino: usuarias (os) nuevas (os),2015-05-01,0,1,1,0,0,2
VALLEGRANDE,"anticoncepcion, prevencion de its y de cancer de cuello uterino",condon masculino: usuarias (os) nuevas (os),2015-05-01,0,0,4,1,0,5
VIACHA,"anticoncepcion, prevencion de its y de cancer de cuello uterino",condon masculino: usuarias (os) nuevas (os),2015-05-01,0,2,14,3,1,20
VILLA CHARCAS,"anticoncepcion, prevencion de its y de cancer de cuello uterino",condon masculino: usuarias (os) nuevas (os),2015-05-01,0,2,5,1,0,8
VILLA MONTES,"anticoncepcion, prevencion de its y de cancer de cuello uterino",condon masculino: usuarias (os) nuevas (os),2015-05-01,0,2,4,0,0,6
VILLA RIVERO,"anticoncepcion, prevencion de its y de cancer de cuello uterino",condon masculino: usuarias (os) nuevas (os),2015-05-01,0,0,5,0,0,5
VILLA SERRANO,"anticoncepcion, prevencion de its y de cancer de cuello uterino",condon masculino: usuarias (os) nuevas (os),2015-05-01,0,1,1,1,0,3
VILLA TUNARI,"anticoncepcion, prevencion de its y de cancer de cuello uterino",condon masculino: usuarias (os) nuevas (os),2015-05-01,0,6,28,5,0,39
VILLAZON,"anticoncepcion, prevencion de its y de cancer de cuello uterino",condon masculino: usuarias (os) nuevas (os),2015-05-01,0,3,0,0,0,3
VINTO,"anticoncepcion, prevencion de its y de cancer de cuello uterino",condon masculino: usuarias (os) nuevas (os),2015-05-01,0,1,12,5,0,18
WARNES,"anticoncepcion, prevencion de its y de cancer de cuello uterino",condon masculino: usuarias (os) nuevas (os),2015-05-01,0,3,9,0,0,12
YACO,"anticoncepcion, prevencion de its y de cancer de cuello uterino",condon masculino: usuarias (os) nuevas (os),2015-05-01,0,0,2,1,0,3
YACUIBA,"anticoncepcion, prevencion de its y de cancer de cuello uterino",condon masculino: usuarias (os) nuevas (os),2015-05-01,0,9,22,8,0,39
YAMPARAEZ,"anticoncepcion, prevencion de its y de cancer de cuello uterino",condon masculino: usuarias (os) nuevas (os),2015-05-01,0,0,0,1,0,1
YANACACHI,"anticoncepcion, prevencion de its y de cancer de cuello uterino",condon masculino: usuarias (os) nuevas (os),2015-05-01,0,0,0,2,0,2
YAPACANI,"anticoncepcion, prevencion de its y de cancer de cuello uterino",condon masculino: usuarias (os) nuevas (os),2015-05-01,0,7,10,2,0,19
YOCALLA,"anticoncepcion, prevencion de its y de cancer de cuello uterino",condon masculino: usuarias (os) nuevas (os),2015-05-01,0,1,1,1,0,3
YUNCHARA,"anticoncepcion, prevencion de its y de cancer de cuello uterino",condon masculino: usuarias (os) nuevas (os),2015-05-01,0,0,2,1,0,3
ZUDAÑEZ,"anticoncepcion, prevencion de its y de cancer de cuello uterino",condon masculino: usuarias (os) nuevas (os),2015-05-01,0,0,1,2,0,3
ACACIO,"anticoncepcion, prevencion de its y de cancer de cuello uterino",condon masculino: usuarias (os) nuevas (os),2015-06-01,0,0,0,1,0,1
ACHACACHI,"anticoncepcion, prevencion de its y de cancer de cuello uterino",condon masculino: usuarias (os) nuevas (os),2015-06-01,0,0,1,0,0,1
ACHOCALLA,"anticoncepcion, prevencion de its y de cancer de cuello uterino",condon masculino: usuarias (os) nuevas (os),2015-06-01,0,1,4,0,0,5
AIQUILE,"anticoncepcion, prevencion de its y de cancer de cuello uterino",condon masculino: usuarias (os) nuevas (os),2015-06-01,0,0,5,2,0,7
ALTO BENI,"anticoncepcion, prevencion de its y de cancer de cuello uterino",condon masculino: usuarias (os) nuevas (os),2015-06-01,0,0,0,2,0,2
ANCORAIMES,"anticoncepcion, prevencion de its y de cancer de cuello uterino",condon masculino: usuarias (os) nuevas (os),2015-06-01,0,0,2,1,0,3
ANDAMARCA,"anticoncepcion, prevencion de its y de cancer de cuello uterino",condon masculino: usuarias (os) nuevas (os),2015-06-01,0,0,1,1,0,2
ANTEQUERA,"anticoncepcion, prevencion de its y de cancer de cuello uterino",condon masculino: usuarias (os) nuevas (os),2015-06-01,0,1,0,0,0,1
ANZALDO,"anticoncepcion, prevencion de its y de cancer de cuello uterino",condon masculino: usuarias (os) nuevas (os),2015-06-01,0,0,1,0,0,1
APOLO,"anticoncepcion, prevencion de its y de cancer de cuello uterino",condon masculino: usuarias (os) nuevas (os),2015-06-01,0,0,4,0,0,4
ARANI,"anticoncepcion, prevencion de its y de cancer de cuello uterino",condon masculino: usuarias (os) nuevas (os),2015-06-01,0,0,2,0,0,2
ARBIETO,"anticoncepcion, prevencion de its y de cancer de cuello uterino",condon masculino: usuarias (os) nuevas (os),2015-06-01,0,2,4,0,0,6
ARQUE,"anticoncepcion, prevencion de its y de cancer de cuello uterino",condon masculino: usuarias (os) nuevas (os),2015-06-01,0,0,1,0,0,1
ASCENCION DE GUARAYOS,"anticoncepcion, prevencion de its y de cancer de cuello uterino",condon masculino: usuarias (os) nuevas (os),2015-06-01,0,1,1,0,0,2
ATOCHA,"anticoncepcion, prevencion de its y de cancer de cuello uterino",condon masculino: usuarias (os) nuevas (os),2015-06-01,0,0,4,0,0,4
AUCAPATA,"anticoncepcion, prevencion de its y de cancer de cuello uterino",condon masculino: usuarias (os) nuevas (os),2015-06-01,0,0,1,0,0,1
AYATA,"anticoncepcion, prevencion de its y de cancer de cuello uterino",condon masculino: usuarias (os) nuevas (os),2015-06-01,0,0,2,0,0,2
AYO AYO,"anticoncepcion, prevencion de its y de cancer de cuello uterino",condon masculino: usuarias (os) nuevas (os),2015-06-01,0,2,3,0,0,5
AYOPAYA (V. DE INDEPENDENCIA),"anticoncepcion, prevencion de its y de cancer de cuello uterino",condon masculino: usuarias (os) nuevas (os),2015-06-01,0,1,9,3,0,13
AZURDUY,"anticoncepcion, prevencion de its y de cancer de cuello uterino",condon masculino: usuarias (os) nuevas (os),2015-06-01,0,0,0,2,0,2
BAURES,"anticoncepcion, prevencion de its y de cancer de cuello uterino",condon masculino: usuarias (os) nuevas (os),2015-06-01,0,0,1,1,0,2
BELEN DE ANDAMARCA,"anticoncepcion, prevencion de its y de cancer de cuello uterino",condon masculino: usuarias (os) nuevas (os),2015-06-01,0,1,0,0,0,1
BELEN DE URMIRI,"anticoncepcion, prevencion de its y de cancer de cuello uterino",condon masculino: usuarias (os) nuevas (os),2015-06-01,0,0,1,1,0,2
BELLA FLOR,"anticoncepcion, prevencion de its y de cancer de cuello uterino",condon masculino: usuarias (os) nuevas (os),2015-06-01,0,4,1,0,0,5
BERMEJO,"anticoncepcion, prevencion de its y de cancer de cuello uterino",condon masculino: usuarias (os) nuevas (os),2015-06-01,1,2,11,4,0,18
BETANZOS,"anticoncepcion, prevencion de its y de cancer de cuello uterino",condon masculino: usuarias (os) nuevas (os),2015-06-01,0,5,5,4,1,15
BUENA VISTA,"anticoncepcion, prevencion de its y de cancer de cuello uterino",condon masculino: usuarias (os) nuevas (os),2015-06-01,0,7,19,0,0,26
CABEZAS,"anticoncepcion, prevencion de its y de cancer de cuello uterino",condon masculino: usuarias (os) nuevas (os),2015-06-01,0,3,11,2,0,16
CAIROMA,"anticoncepcion, prevencion de its y de cancer de cuello uterino",condon masculino: usuarias (os) nuevas (os),2015-06-01,0,0,4,1,0,5
"CAIZA ""D""","anticoncepcion, prevencion de its y de cancer de cuello uterino",condon masculino: usuarias (os) nuevas (os),2015-06-01,0,0,2,0,0,2
CAJUATA,"anticoncepcion, prevencion de its y de cancer de cuello uterino",condon masculino: usuarias (os) nuevas (os),2015-06-01,0,0,1,3,0,4
CALAMARCA,"anticoncepcion, prevencion de its y de cancer de cuello uterino",condon masculino: usuarias (os) nuevas (os),2015-06-01,0,2,8,1,0,11
CAMARGO,"anticoncepcion, prevencion de its y de cancer de cuello uterino",condon masculino: usuarias (os) nuevas (os),2015-06-01,0,1,2,3,0,6
CAMATAQUI (C. VILLA ABECIA),"anticoncepcion, prevencion de its y de cancer de cuello uterino",condon masculino: usuarias (os) nuevas (os),2015-06-01,0,0,1,0,0,1
CAMIRI,"anticoncepcion, prevencion de its y de cancer de cuello uterino",condon masculino: usuarias (os) nuevas (os),2015-06-01,0,2,3,3,0,8
CAPINOTA,"anticoncepcion, prevencion de its y de cancer de cuello uterino",condon masculino: usuarias (os) nuevas (os),2015-06-01,0,1,9,0,0,10
CAQUIAVIRI,"anticoncepcion, prevencion de its y de cancer de cuello uterino",condon masculino: usuarias (os) nuevas (os),2015-06-01,0,0,1,0,0,1
CARACOLLO,"anticoncepcion, prevencion de its y de cancer de cuello uterino",condon masculino: usuarias (os) nuevas (os),2015-06-01,0,1,2,0,0,3
CARANAVI,"anticoncepcion, prevencion de its y de cancer de cuello uterino",condon masculino: usuarias (os) nuevas (os),2015-06-01,0,5,12,6,0,23
CARAPARI,"anticoncepcion, prevencion de its y de cancer de cuello uterino",condon masculino: usuarias (os) nuevas (os),2015-06-01,0,0,3,1,0,4
CARIPUYO,"anticoncepcion, prevencion de its y de cancer de cuello uterino",condon masculino: usuarias (os) nuevas (os),2015-06-01,0,0,1,0,0,1
CHALLAPATA,"anticoncepcion, prevencion de its y de cancer de cuello uterino",condon masculino: usuarias (os) nuevas (os),2015-06-01,0,2,8,2,0,12
CHAQUI,"anticoncepcion, prevencion de its y de cancer de cuello uterino",condon masculino: usuarias (os) nuevas (os),2015-06-01,0,1,3,0,0,4
CHAYANTA,"anticoncepcion, prevencion de its y de cancer de cuello uterino",condon masculino: usuarias (os) nuevas (os),2015-06-01,0,4,18,3,0,25
CHIMORE,"anticoncepcion, prevencion de its y de cancer de cuello uterino",condon masculino: usuarias (os) nuevas (os),2015-06-01,0,4,4,1,0,9
CHIPAYA,"anticoncepcion, prevencion de its y de cancer de cuello uterino",condon masculino: usuarias (os) nuevas (os),2015-06-01,0,1,2,1,0,4
CHOQUE COTA,"anticoncepcion, prevencion de its y de cancer de cuello uterino",condon masculino: usuarias (os) nuevas (os),2015-06-01,0,0,0,1,0,1
CHULUMANI (V. DE LA LIBERTAD),"anticoncepcion, prevencion de its y de cancer de cuello uterino",condon masculino: usuarias (os) nuevas (os),2015-06-01,0,0,0,1,0,1
CHUMA,"anticoncepcion, prevencion de its y de cancer de cuello uterino",condon masculino: usuarias (os) nuevas (os),2015-06-01,0,1,6,1,0,8
CHUQUIHUTA AYLLU JUCUMANI,"anticoncepcion, prevencion de its y de cancer de cuello uterino",condon masculino: usuarias (os) nuevas (os),2015-06-01,0,0,2,0,0,2
CKOCHAS,"anticoncepcion, prevencion de its y de cancer de cuello uterino",condon masculino: usuarias (os) nuevas (os),2015-06-01,0,1,1,2,0,4
CLIZA,"anticoncepcion, prevencion de its y de cancer de cuello uterino",condon masculino: usuarias (os) nuevas (os),2015-06-01,0,0,9,0,0,9
COBIJA,"anticoncepcion, prevencion de its y de cancer de cuello uterino",condon masculino: usuarias (os) nuevas (os),2015-06-01,0,0,4,0,0,4
COCAPATA,"anticoncepcion, prevencion de its y de cancer de cuello uterino",condon masculino: usuarias (os) nuevas (os),2015-06-01,0,1,17,4,0,22
COCHABAMBA,"anticoncepcion, prevencion de its y de cancer de cuello uterino",condon masculino: usuarias (os) nuevas (os),2015-06-01,0,11,899,25,0,935
COLCAPIRHUA,"anticoncepcion, prevencion de its y de cancer de cuello uterino",condon masculino: usuarias (os) nuevas (os),2015-06-01,0,3,15,1,0,19
"COLCHA ""K""","anticoncepcion, prevencion de its y de cancer de cuello uterino",condon masculino: usuarias (os) nuevas (os),2015-06-01,0,1,3,3,0,7
COLLANA,"anticoncepcion, prevencion de its y de cancer de cuello uterino",condon masculino: usuarias (os) nuevas (os),2015-06-01,0,1,2,0,0,3
COLOMI,"anticoncepcion, prevencion de its y de cancer de cuello uterino",condon masculino: usuarias (os) nuevas (os),2015-06-01,0,0,1,0,0,1
COLPA BELGICA,"anticoncepcion, prevencion de its y de cancer de cuello uterino",condon masculino: usuarias (os) nuevas (os),2015-06-01,0,0,1,1,0,2
COLQUECHACA,"anticoncepcion, prevencion de its y de cancer de cuello uterino",condon masculino: usuarias (os) nuevas (os),2015-06-01,0,1,10,1,0,12
COLQUENCHA,"anticoncepcion, prevencion de its y de cancer de cuello uterino",condon masculino: usuarias (os) nuevas (os),2015-06-01,0,0,1,0,0,1
COLQUIRI,"anticoncepcion, prevencion de its y de cancer de cuello uterino",condon masculino: usuarias (os) nuevas (os),2015-06-01,0,0,1,1,1,3
COMARAPA,"anticoncepcion, prevencion de its y de cancer de cuello uterino",condon masculino: usuarias (os) nuevas (os),2015-06-01,0,1,2,1,0,4
CONCEPCION,"anticoncepcion, prevencion de its y de cancer de cuello uterino",condon masculino: usuarias (os) nuevas (os),2015-06-01,0,0,1,0,0,1
COPACABANA,"anticoncepcion, prevencion de its y de cancer de cuello uterino",condon masculino: usuarias (os) nuevas (os),2015-06-01,0,0,2,0,0,2
CORIPATA,"anticoncepcion, prevencion de its y de cancer de cuello uterino",condon masculino: usuarias (os) nuevas (os),2015-06-01,0,1,5,1,0,7
CORO CORO,"anticoncepcion, prevencion de its y de cancer de cuello uterino",condon masculino: usuarias (os) nuevas (os),2015-06-01,0,0,1,1,0,2
CORQUE,"anticoncepcion, prevencion de its y de cancer de cuello uterino",condon masculino: usuarias (os) nuevas (os),2015-06-01,0,0,8,0,0,8
COTAGAITA,"anticoncepcion, prevencion de its y de cancer de cuello uterino",condon masculino: usuarias (os) nuevas (os),2015-06-01,0,1,6,0,0,7
COTOCA,"anticoncepcion, prevencion de its y de cancer de cuello uterino",condon masculino: usuarias (os) nuevas (os),2015-06-01,0,3,12,1,0,16
CRUZ DE MACHACAMARCA,"anticoncepcion, prevencion de its y de cancer de cuello uterino",condon masculino: usuarias (os) nuevas (os),2015-06-01,0,0,3,0,0,3
CUATRO CAÑADAS,"anticoncepcion, prevencion de its y de cancer de cuello uterino",condon masculino: usuarias (os) nuevas (os),2015-06-01,0,1,8,3,1,13
CUEVO,"anticoncepcion, prevencion de its y de cancer de cuello uterino",condon masculino: usuarias (os) nuevas (os),2015-06-01,0,1,2,0,0,3
CULPINA,"anticoncepcion, prevencion de its y de cancer de cuello uterino",condon masculino: usuarias (os) nuevas (os),2015-06-01,0,0,1,5,0,6
CURAHUARA DE CARANGAS,"anticoncepcion, prevencion de its y de cancer de cuello uterino",condon masculino: usuarias (os) nuevas (os),2015-06-01,0,0,2,0,1,3
CURVA,"anticoncepcion, prevencion de its y de cancer de cuello uterino",condon masculino: usuarias (os) nuevas (os),2015-06-01,0,0,2,0,0,2
EL ALTO,"anticoncepcion, prevencion de its y de cancer de cuello uterino",condon masculino: usuarias (os) nuevas (os),2015-06-01,3,44,218,63,3,331
EL CHORO,"anticoncepcion, prevencion de its y de cancer de cuello uterino",condon masculino: usuarias (os) nuevas (os),2015-06-01,0,0,2,2,0,4
EL PUENTE(TJA),"anticoncepcion, prevencion de its y de cancer de cuello uterino",condon masculino: usuarias (os) nuevas (os),2015-06-01,1,1,2,0,0,4
EL TORNO,"anticoncepcion, prevencion de its y de cancer de cuello uterino",condon masculino: usuarias (os) nuevas (os),2015-06-01,1,3,8,1,0,13
ENTRE RIOS TRJ,"anticoncepcion, prevencion de its y de cancer de cuello uterino",condon masculino: usuarias (os) nuevas (os),2015-06-01,0,2,9,2,0,13
ENTRE RIOS CBBA,"anticoncepcion, prevencion de its y de cancer de cuello uterino",condon masculino: usuarias (os) nuevas (os),2015-06-01,0,2,13,1,0,16
EUREKA (SANTOS MERCADO),"anticoncepcion, prevencion de its y de cancer de cuello uterino",condon masculino: usuarias (os) nuevas (os),2015-06-01,1,1,1,0,0,3
FERNANDEZ ALONSO,"anticoncepcion, prevencion de its y de cancer de cuello uterino",condon masculino: usuarias (os) nuevas (os),2015-06-01,0,1,0,0,0,1
GENERAL SAAVEDRA,"anticoncepcion, prevencion de its y de cancer de cuello uterino",condon masculino: usuarias (os) nuevas (os),2015-06-01,0,0,8,0,0,8
GRAL. J.J. PEREZ (CHARAZANI),"anticoncepcion, prevencion de its y de cancer de cuello uterino",condon masculino: usuarias (os) nuevas (os),2015-06-01,0,1,2,0,0,3
GUANAY,"anticoncepcion, prevencion de its y de cancer de cuello uterino",condon masculino: usuarias (os) nuevas (os),2015-06-01,0,1,3,0,0,4
GUAQUI,"anticoncepcion, prevencion de its y de cancer de cuello uterino",condon masculino: usuarias (os) nuevas (os),2015-06-01,0,1,3,0,0,4
GUAYARAMERIN,"anticoncepcion, prevencion de its y de cancer de cuello uterino",condon masculino: usuarias (os) nuevas (os),2015-06-01,0,13,44,17,0,74
HUACARETA,"anticoncepcion, prevencion de its y de cancer de cuello uterino",condon masculino: usuarias (os) nuevas (os),2015-06-01,0,1,7,0,0,8
HUACAYA (VILLA DE HUACAYA),"anticoncepcion, prevencion de its y de cancer de cuello uterino",condon masculino: usuarias (os) nuevas (os),2015-06-01,0,0,2,0,0,2
HUACHACALLA,"anticoncepcion, prevencion de its y de cancer de cuello uterino",condon masculino: usuarias (os) nuevas (os),2015-06-01,0,2,1,0,0,3
HUANUNI,"anticoncepcion, prevencion de its y de cancer de cuello uterino",condon masculino: usuarias (os) nuevas (os),2015-06-01,0,3,0,0,1,4
HUARACAJE,"anticoncepcion, prevencion de its y de cancer de cuello uterino",condon masculino: usuarias (os) nuevas (os),2015-06-01,0,0,1,0,0,1
HUARINA,"anticoncepcion, prevencion de its y de cancer de cuello uterino",condon masculino: usuarias (os) nuevas (os),2015-06-01,0,0,2,0,0,2
HUATAJATA,"anticoncepcion, prevencion de its y de cancer de cuello uterino",condon masculino: usuarias (os) nuevas (os),2015-06-01,0,0,2,0,0,2
HUAYLLAMARCA,"anticoncepcion, prevencion de its y de cancer de cuello uterino",condon masculino: usuarias (os) nuevas (os),2015-06-01,0,2,0,0,0,2
ICHOCA,"anticoncepcion, prevencion de its y de cancer de cuello uterino",condon masculino: usuarias (os) nuevas (os),2015-06-01,0,0,1,1,0,2
ICLA,"anticoncepcion, prevencion de its y de cancer de cuello uterino",condon masculino: usuarias (os) nuevas (os),2015-06-01,0,0,4,3,0,7
INCAHUASI,"anticoncepcion, prevencion de its y de cancer de cuello uterino",condon masculino: usuarias (os) nuevas (os),2015-06-01,0,2,3,0,0,5
INGAVI (HUMAITA),"anticoncepcion, prevencion de its y de cancer de cuello uterino",condon masculino: usuarias (os) nuevas (os),2015-06-01,0,0,1,0,0,1
INQUISIVI,"anticoncepcion, prevencion de its y de cancer de cuello uterino",condon masculino: usuarias (os) nuevas (os),2015-06-01,0,1,2,0,0,3
IRUPANA (VILLA DE LANZA),"anticoncepcion, prevencion de its y de cancer de cuello uterino",condon masculino: usuarias (os) nuevas (os),2015-06-01,0,3,3,1,0,7
IXIAMAS,"anticoncepcion, prevencion de its y de cancer de cuello uterino",condon masculino: usuarias (os) nuevas (os),2015-06-01,0,0,5,0,0,5
JESUS DE MACHACA,"anticoncepcion, prevencion de its y de cancer de cuello uterino",condon masculino: usuarias (os) nuevas (os),2015-06-01,0,0,2,0,0,2
LA ASUNTA,"anticoncepcion, prevencion de its y de cancer de cuello uterino",condon masculino: usuarias (os) nuevas (os),2015-06-01,0,2,5,2,0,9
LA GUARDIA,"anticoncepcion, prevencion de its y de cancer de cuello uterino",condon masculino: usuarias (os) nuevas (os),2015-06-01,0,1,6,2,0,9
LA PAZ,"anticoncepcion, prevencion de its y de cancer de cuello uterino",condon masculino: usuarias (os) nuevas (os),2015-06-01,0,19,1145,38,0,1202
LAGUNILLAS,"anticoncepcion, prevencion de its y de cancer de cuello uterino",condon masculino: usuarias (os) nuevas (os),2015-06-01,0,0,1,0,0,1
LAJA,"anticoncepcion, prevencion de its y de cancer de cuello uterino",condon masculino: usuarias (os) nuevas (os),2015-06-01,0,1,6,0,0,7
LAS CARRERAS,"anticoncepcion, prevencion de its y de cancer de cuello uterino",condon masculino: usuarias (os) nuevas (os),2015-06-01,0,1,2,0,0,3
LICOMA PAMPA,"anticoncepcion, prevencion de its y de cancer de cuello uterino",condon masculino: usuarias (os) nuevas (os),2015-06-01,0,0,1,0,0,1
LLALLAGUA,"anticoncepcion, prevencion de its y de cancer de cuello uterino",condon masculino: usuarias (os) nuevas (os),2015-06-01,0,5,5,2,0,12
LLICA,"anticoncepcion, prevencion de its y de cancer de cuello uterino",condon masculino: usuarias (os) nuevas (os),2015-06-01,0,0,3,0,0,3
LORETO,"anticoncepcion, prevencion de its y de cancer de cuello uterino",condon masculino: usuarias (os) nuevas (os),2015-06-01,0,0,5,1,0,6
LURIBAY,"anticoncepcion, prevencion de its y de cancer de cuello uterino",condon masculino: usuarias (os) nuevas (os),2015-06-01,0,0,4,1,0,5
MACHARETI,"anticoncepcion, prevencion de its y de cancer de cuello uterino",condon masculino: usuarias (os) nuevas (os),2015-06-01,0,4,2,0,0,6
MAGDALENA,"anticoncepcion, prevencion de its y de cancer de cuello uterino",condon masculino: usuarias (os) nuevas (os),2015-06-01,0,0,2,0,0,2
MAIRANA,"anticoncepcion, prevencion de its y de cancer de cuello uterino",condon masculino: usuarias (os) nuevas (os),2015-06-01,0,2,1,0,0,3
MALLA,"anticoncepcion, prevencion de its y de cancer de cuello uterino",condon masculino: usuarias (os) nuevas (os),2015-06-01,0,0,0,1,0,1
MECAPACA,"anticoncepcion, prevencion de its y de cancer de cuello uterino",condon masculino: usuarias (os) nuevas (os),2015-06-01,0,0,3,1,0,4
MINEROS,"anticoncepcion, prevencion de its y de cancer de cuello uterino",condon masculino: usuarias (os) nuevas (os),2015-06-01,0,0,6,1,0,7
MIZQUE,"anticoncepcion, prevencion de its y de cancer de cuello uterino",condon masculino: usuarias (os) nuevas (os),2015-06-01,0,2,6,4,0,12
MOCOMOCO,"anticoncepcion, prevencion de its y de cancer de cuello uterino",condon masculino: usuarias (os) nuevas (os),2015-06-01,0,4,4,0,0,8
MOJOCOYA,"anticoncepcion, prevencion de its y de cancer de cuello uterino",condon masculino: usuarias (os) nuevas (os),2015-06-01,1,0,0,1,0,2
MONTEAGUDO,"anticoncepcion, prevencion de its y de cancer de cuello uterino",condon masculino: usuarias (os) nuevas (os),2015-06-01,0,3,14,2,0,19
MONTERO,"anticoncepcion, prevencion de its y de cancer de cuello uterino",condon masculino: usuarias (os) nuevas (os),2015-06-01,0,2,9,0,0,11
MORO MORO,"anticoncepcion, prevencion de its y de cancer de cuello uterino",condon masculino: usuarias (os) nuevas (os),2015-06-01,0,1,1,0,1,3
MOROCHATA,"anticoncepcion, prevencion de its y de cancer de cuello uterino",condon masculino: usuarias (os) nuevas (os),2015-06-01,0,1,2,1,0,4
NUEVO MANOA (NUEVA ESPERANZA),"anticoncepcion, prevencion de its y de cancer de cuello uterino",condon masculino: usuarias (os) nuevas (os),2015-06-01,0,1,2,0,0,3
OCURI,"anticoncepcion, prevencion de its y de cancer de cuello uterino",condon masculino: usuarias (os) nuevas (os),2015-06-01,0,1,2,1,0,4
OKINAWA,"anticoncepcion, prevencion de its y de cancer de cuello uterino",condon masculino: usuarias (os) nuevas (os),2015-06-01,0,6,1,0,0,7
ORURO,"anticoncepcion, prevencion de its y de cancer de cuello uterino",condon masculino: usuarias (os) nuevas (os),2015-06-01,0,14,68,8,0,90
PADCAYA,"anticoncepcion, prevencion de its y de cancer de cuello uterino",condon masculino: usuarias (os) nuevas (os),2015-06-01,0,9,9,0,0,18
PADILLA,"anticoncepcion, prevencion de its y de cancer de cuello uterino",condon masculino: usuarias (os) nuevas (os),2015-06-01,0,1,4,13,0,18
PAILON,"anticoncepcion, prevencion de its y de cancer de cuello uterino",condon masculino: usuarias (os) nuevas (os),2015-06-01,0,1,4,1,0,6
PALCA,"anticoncepcion, prevencion de its y de cancer de cuello uterino",condon masculino: usuarias (os) nuevas (os),2015-06-01,0,1,1,0,0,2
PALOS BLANCOS,"anticoncepcion, prevencion de its y de cancer de cuello uterino",condon masculino: usuarias (os) nuevas (os),2015-06-01,0,2,3,1,0,6
PAMPA AULLAGAS,"anticoncepcion, prevencion de its y de cancer de cuello uterino",condon masculino: usuarias (os) nuevas (os),2015-06-01,0,0,1,0,0,1
PAMPA GRANDE,"anticoncepcion, prevencion de its y de cancer de cuello uterino",condon masculino: usuarias (os) nuevas (os),2015-06-01,0,0,1,0,0,1
PAPEL PAMPA,"anticoncepcion, prevencion de its y de cancer de cuello uterino",condon masculino: usuarias (os) nuevas (os),2015-06-01,0,0,3,0,0,3
PASORAPA,"anticoncepcion, prevencion de its y de cancer de cuello uterino",condon masculino: usuarias (os) nuevas (os),2015-06-01,0,0,1,0,0,1
PATACAMAYA,"anticoncepcion, prevencion de its y de cancer de cuello uterino",condon masculino: usuarias (os) nuevas (os),2015-06-01,0,1,0,0,0,1
PAZÑA,"anticoncepcion, prevencion de its y de cancer de cuello uterino",condon masculino: usuarias (os) nuevas (os),2015-06-01,0,0,1,0,0,1
PELECHUCO,"anticoncepcion, prevencion de its y de cancer de cuello uterino",condon masculino: usuarias (os) nuevas (os),2015-06-01,0,0,3,2,0,5
POCOATA,"anticoncepcion, prevencion de its y de cancer de cuello uterino",condon masculino: usuarias (os) nuevas (os),2015-06-01,3,10,6,3,0,22
POCONA,"anticoncepcion, prevencion de its y de cancer de cuello uterino",condon masculino: usuarias (os) nuevas (os),2015-06-01,0,1,1,3,0,5
POJO (CBBA),"anticoncepcion, prevencion de its y de cancer de cuello uterino",condon masculino: usuarias (os) nuevas (os),2015-06-01,1,2,1,0,0,4
PORCO,"anticoncepcion, prevencion de its y de cancer de cuello uterino",condon masculino: usuarias (os) nuevas (os),2015-06-01,0,1,4,0,0,5
PORONGO,"anticoncepcion, prevencion de its y de cancer de cuello uterino",condon masculino: usuarias (os) nuevas (os),2015-06-01,0,1,6,0,0,7
PORTACHUELO,"anticoncepcion, prevencion de its y de cancer de cuello uterino",condon masculino: usuarias (os) nuevas (os),2015-06-01,0,1,1,0,0,2
POSTRER VALLE,"anticoncepcion, prevencion de its y de cancer de cuello uterino",condon masculino: usuarias (os) nuevas (os),2015-06-01,0,0,1,0,0,1
POTOSI,"anticoncepcion, prevencion de its y de cancer de cuello uterino",condon masculino: usuarias (os) nuevas (os),2015-06-01,19,7,43,2,0,71
PRESTO,"anticoncepcion, prevencion de its y de cancer de cuello uterino",condon masculino: usuarias (os) nuevas (os),2015-06-01,0,0,6,2,0,8
PUCARANI,"anticoncepcion, prevencion de its y de cancer de cuello uterino",condon masculino: usuarias (os) nuevas (os),2015-06-01,0,0,7,0,0,7
PUERTO ACOSTA,"anticoncepcion, prevencion de its y de cancer de cuello uterino",condon masculino: usuarias (os) nuevas (os),2015-06-01,0,2,0,1,0,3
PUERTO CARABUCO,"anticoncepcion, prevencion de its y de cancer de cuello uterino",condon masculino: usuarias (os) nuevas (os),2015-06-01,0,1,0,0,0,1
PUERTO GONZALO MORENO,"anticoncepcion, prevencion de its y de cancer de cuello uterino",condon masculino: usuarias (os) nuevas (os),2015-06-01,1,1,0,0,0,2
PUERTO PEREZ,"anticoncepcion, prevencion de its y de cancer de cuello uterino",condon masculino: usuarias (os) nuevas (os),2015-06-01,0,0,0,2,0,2
PUERTO QUIJARRO,"anticoncepcion, prevencion de its y de cancer de cuello uterino",condon masculino: usuarias (os) nuevas (os),2015-06-01,0,0,4,0,0,4
PUERTO SILES,"anticoncepcion, prevencion de its y de cancer de cuello uterino",condon masculino: usuarias (os) nuevas (os),2015-06-01,0,0,1,1,0,2
PUERTO SUAREZ,"anticoncepcion, prevencion de its y de cancer de cuello uterino",condon masculino: usuarias (os) nuevas (os),2015-06-01,0,0,1,0,0,1
PUERTO VILLARROEL,"anticoncepcion, prevencion de its y de cancer de cuello uterino",condon masculino: usuarias (os) nuevas (os),2015-06-01,0,3,8,1,0,12
PUNA,"anticoncepcion, prevencion de its y de cancer de cuello uterino",condon masculino: usuarias (os) nuevas (os),2015-06-01,0,0,2,3,0,5
PUNATA,"anticoncepcion, prevencion de its y de cancer de cuello uterino",condon masculino: usuarias (os) nuevas (os),2015-06-01,0,2,8,2,0,12
QUIABAYA,"anticoncepcion, prevencion de its y de cancer de cuello uterino",condon masculino: usuarias (os) nuevas (os),2015-06-01,1,1,0,0,0,2
QUILLACOLLO,"anticoncepcion, prevencion de its y de cancer de cuello uterino",condon masculino: usuarias (os) nuevas (os),2015-06-01,0,2,7,1,0,10
QUIME,"anticoncepcion, prevencion de its y de cancer de cuello uterino",condon masculino: usuarias (os) nuevas (os),2015-06-01,0,0,0,1,0,1
RAVELO,"anticoncepcion, prevencion de its y de cancer de cuello uterino",condon masculino: usuarias (os) nuevas (os),2015-06-01,0,1,1,1,0,3
REYES,"anticoncepcion, prevencion de its y de cancer de cuello uterino",condon masculino: usuarias (os) nuevas (os),2015-06-01,0,2,5,1,0,8
RIBERALTA,"anticoncepcion, prevencion de its y de cancer de cuello uterino",condon masculino: usuarias (os) nuevas (os),2015-06-01,3,6,54,14,0,77
ROBORE,"anticoncepcion, prevencion de its y de cancer de cuello uterino",condon masculino: usuarias (os) nuevas (os),2015-06-01,0,4,4,2,0,10
RURRENABAQUE,"anticoncepcion, prevencion de its y de cancer de cuello uterino",condon masculino: usuarias (os) nuevas (os),2015-06-01,0,0,1,0,0,1
SACABA,"anticoncepcion, prevencion de its y de cancer de cuello uterino",condon masculino: usuarias (os) nuevas (os),2015-06-01,0,12,50,10,0,72
SACACA,"anticoncepcion, prevencion de its y de cancer de cuello uterino",condon masculino: usuarias (os) nuevas (os),2015-06-01,0,1,0,0,0,1
SAIPINA,"anticoncepcion, prevencion de its y de cancer de cuello uterino",condon masculino: usuarias (os) nuevas (os),2015-06-01,0,1,0,0,0,1
SALINAS DE GARCI MENDOZA,"anticoncepcion, prevencion de its y de cancer de cuello uterino",condon masculino: usuarias (os) nuevas (os),2015-06-01,0,0,4,0,0,4
SAN AGUSTIN,"anticoncepcion, prevencion de its y de cancer de cuello uterino",condon masculino: usuarias (os) nuevas (os),2015-06-01,0,3,0,0,0,3
SAN ANDRES,"anticoncepcion, prevencion de its y de cancer de cuello uterino",condon masculino: usuarias (os) nuevas (os),2015-06-01,1,2,5,0,0,8
SAN ANDRES DE MACHACA,"anticoncepcion, prevencion de its y de cancer de cuello uterino",condon masculino: usuarias (os) nuevas (os),2015-06-01,0,0,1,0,0,1
SAN ANTONIO DE LOMERIO,"anticoncepcion, prevencion de its y de cancer de cuello uterino",condon masculino: usuarias (os) nuevas (os),2015-06-01,10,9,2,1,0,22
SAN BORJA,"anticoncepcion, prevencion de its y de cancer de cuello uterino",condon masculino: usuarias (os) nuevas (os),2015-06-01,1,5,10,5,0,21
SAN BUENA VENTURA,"anticoncepcion, prevencion de its y de cancer de cuello uterino",condon masculino: usuarias (os) nuevas (os),2015-06-01,0,0,2,0,0,2
SAN CARLOS,"anticoncepcion, prevencion de its y de cancer de cuello uterino",condon masculino: usuarias (os) nuevas (os),2015-06-01,0,4,8,2,0,14
SAN IGNACIO DE VELASCO,"anticoncepcion, prevencion de its y de cancer de cuello uterino",condon masculino: usuarias (os) nuevas (os),2015-06-01,0,0,3,3,0,6
SAN JAVIER(BNI),"anticoncepcion, prevencion de its y de cancer de cuello uterino",condon masculino: usuarias (os) nuevas (os),2015-06-01,0,2,33,6,2,43
SAN JOSE DE CHIQUITOS,"anticoncepcion, prevencion de its y de cancer de cuello uterino",condon masculino: usuarias (os) nuevas (os),2015-06-01,0,3,2,2,1,8
SAN JUAN DE YAPACANI,"anticoncepcion, prevencion de its y de cancer de cuello uterino",condon masculino: usuarias (os) nuevas (os),2015-06-01,0,3,4,7,0,14
SAN JULIAN,"anticoncepcion, prevencion de its y de cancer de cuello uterino",condon masculino: usuarias (os) nuevas (os),2015-06-01,0,1,5,1,0,7
SAN LORENZO(PND),"anticoncepcion, prevencion de its y de cancer de cuello uterino",condon masculino: usuarias (os) nuevas (os),2015-06-01,0,1,2,3,0,6
SAN LORENZO(TJA),"anticoncepcion, prevencion de its y de cancer de cuello uterino",condon masculino: usuarias (os) nuevas (os),2015-06-01,0,1,0,0,0,1
SAN LUCAS,"anticoncepcion, prevencion de its y de cancer de cuello uterino",condon masculino: usuarias (os) nuevas (os),2015-06-01,0,6,11,1,0,18
SAN MIGUEL DE VELASCO,"anticoncepcion, prevencion de its y de cancer de cuello uterino",condon masculino: usuarias (os) nuevas (os),2015-06-01,0,0,3,1,0,4
SAN PEDRO,"anticoncepcion, prevencion de its y de cancer de cuello uterino",condon masculino: usuarias (os) nuevas (os),2015-06-01,0,0,2,0,0,2
SAN PEDRO DE BUENA VISTA,"anticoncepcion, prevencion de its y de cancer de cuello uterino",condon masculino: usuarias (os) nuevas (os),2015-06-01,0,1,3,0,1,5
SAN PEDRO DE QUEMES,"anticoncepcion, prevencion de its y de cancer de cuello uterino",condon masculino: usuarias (os) nuevas (os),2015-06-01,0,0,1,0,0,1
SAN PEDRO DE TIQUINA,"anticoncepcion, prevencion de its y de cancer de cuello uterino",condon masculino: usuarias (os) nuevas (os),2015-06-01,0,0,1,0,0,1
SAN RAFAEL,"anticoncepcion, prevencion de its y de cancer de cuello uterino",condon masculino: usuarias (os) nuevas (os),2015-06-01,0,0,3,0,0,3
SAN RAMON BENI,"anticoncepcion, prevencion de its y de cancer de cuello uterino",condon masculino: usuarias (os) nuevas (os),2015-06-01,0,0,1,0,0,1
SAN RAMON SCZ,"anticoncepcion, prevencion de its y de cancer de cuello uterino",condon masculino: usuarias (os) nuevas (os),2015-06-01,0,2,2,0,0,4
SANTA ANA,"anticoncepcion, prevencion de its y de cancer de cuello uterino",condon masculino: usuarias (os) nuevas (os),2015-06-01,0,3,4,0,0,7
SANTA CRUZ DE LA SIERRA,"anticoncepcion, prevencion de its y de cancer de cuello uterino",condon masculino: usuarias (os) nuevas (os),2015-06-01,2,122,703,292,7,1126
SANTA ROSA DEL SARA,"anticoncepcion, prevencion de its y de cancer de cuello uterino",condon masculino: usuarias (os) nuevas (os),2015-06-01,0,1,5,0,0,6
SANTIAGO DE HUARI,"anticoncepcion, prevencion de its y de cancer de cuello uterino",condon masculino: usuarias (os) nuevas (os),2015-06-01,0,0,1,2,0,3
SANTIVAÑES,"anticoncepcion, prevencion de its y de cancer de cuello uterino",condon masculino: usuarias (os) nuevas (os),2015-06-01,0,1,0,0,0,1
SANTUARIO DE QUILLACAS,"anticoncepcion, prevencion de its y de cancer de cuello uterino",condon masculino: usuarias (os) nuevas (os),2015-06-01,0,1,2,0,0,3
SAPAHAQUI,"anticoncepcion, prevencion de its y de cancer de cuello uterino",condon masculino: usuarias (os) nuevas (os),2015-06-01,1,0,2,0,0,3
SICA SICA (VILLA AROMA),"anticoncepcion, prevencion de its y de cancer de cuello uterino",condon masculino: usuarias (os) nuevas (os),2015-06-01,0,0,3,1,1,5
SICAYA,"anticoncepcion, prevencion de its y de cancer de cuello uterino",condon masculino: usuarias (os) nuevas (os),2015-06-01,0,0,1,0,0,1
SIPE SIPE,"anticoncepcion, prevencion de its y de cancer de cuello uterino",condon masculino: usuarias (os) nuevas (os),2015-06-01,0,3,3,0,0,6
SOPACHUY,"anticoncepcion, prevencion de its y de cancer de cuello uterino",condon masculino: usuarias (os) nuevas (os),2015-06-01,0,0,1,0,0,1
SORACACHI,"anticoncepcion, prevencion de its y de cancer de cuello uterino",condon masculino: usuarias (os) nuevas (os),2015-06-01,0,1,4,0,0,5
SORATA,"anticoncepcion, prevencion de its y de cancer de cuello uterino",condon masculino: usuarias (os) nuevas (os),2015-06-01,0,0,3,0,0,3
SUCRE,"anticoncepcion, prevencion de its y de cancer de cuello uterino",condon masculino: usuarias (os) nuevas (os),2015-06-01,0,126,264,89,0,479
TACACOMA,"anticoncepcion, prevencion de its y de cancer de cuello uterino",condon masculino: usuarias (os) nuevas (os),2015-06-01,0,0,1,0,0,1
TACOBAMBA,"anticoncepcion, prevencion de its y de cancer de cuello uterino",condon masculino: usuarias (os) nuevas (os),2015-06-01,0,0,1,1,0,2
TACOPAYA,"anticoncepcion, prevencion de its y de cancer de cuello uterino",condon masculino: usuarias (os) nuevas (os),2015-06-01,0,0,2,0,0,2
TAPACARI,"anticoncepcion, prevencion de its y de cancer de cuello uterino",condon masculino: usuarias (os) nuevas (os),2015-06-01,0,1,5,2,0,8
TARABUCO,"anticoncepcion, prevencion de its y de cancer de cuello uterino",condon masculino: usuarias (os) nuevas (os),2015-06-01,0,0,3,0,0,3
TARATA,"anticoncepcion, prevencion de its y de cancer de cuello uterino",condon masculino: usuarias (os) nuevas (os),2015-06-01,0,3,1,0,1,5
TARIJA,"anticoncepcion, prevencion de its y de cancer de cuello uterino",condon masculino: usuarias (os) nuevas (os),2015-06-01,0,4,21,3,0,28
TARVITA,"anticoncepcion, prevencion de its y de cancer de cuello uterino",condon masculino: usuarias (os) nuevas (os),2015-06-01,0,3,3,1,0,7
TEOPONTE,"anticoncepcion, prevencion de its y de cancer de cuello uterino",condon masculino: usuarias (os) nuevas (os),2015-06-01,0,1,3,0,0,4
TIAWANACU,"anticoncepcion, prevencion de its y de cancer de cuello uterino",condon masculino: usuarias (os) nuevas (os),2015-06-01,0,1,1,0,0,2
TINGUIPAYA,"anticoncepcion, prevencion de its y de cancer de cuello uterino",condon masculino: usuarias (os) nuevas (os),2015-06-01,0,0,1,1,0,2
TIQUIPAYA,"anticoncepcion, prevencion de its y de cancer de cuello uterino",condon masculino: usuarias (os) nuevas (os),2015-06-01,0,2,13,2,0,17
TIRAQUE (CBBA),"anticoncepcion, prevencion de its y de cancer de cuello uterino",condon masculino: usuarias (os) nuevas (os),2015-06-01,0,0,1,1,0,2
TITO YUPANQUI (PARQUIPUJIO),"anticoncepcion, prevencion de its y de cancer de cuello uterino",condon masculino: usuarias (os) nuevas (os),2015-06-01,0,0,1,0,0,1
TOCO,"anticoncepcion, prevencion de its y de cancer de cuello uterino",condon masculino: usuarias (os) nuevas (os),2015-06-01,0,1,0,0,0,1
TOLATA,"anticoncepcion, prevencion de its y de cancer de cuello uterino",condon masculino: usuarias (os) nuevas (os),2015-06-01,0,1,2,1,0,4
TOLEDO,"anticoncepcion, prevencion de its y de cancer de cuello uterino",condon masculino: usuarias (os) nuevas (os),2015-06-01,0,0,0,1,0,1
TOMAVE,"anticoncepcion, prevencion de its y de cancer de cuello uterino",condon masculino: usuarias (os) nuevas (os),2015-06-01,0,3,1,2,0,6
TOMINA,"anticoncepcion, prevencion de its y de cancer de cuello uterino",condon masculino: usuarias (os) nuevas (os),2015-06-01,0,1,8,0,0,9
TORO TORO,"anticoncepcion, prevencion de its y de cancer de cuello uterino",condon masculino: usuarias (os) nuevas (os),2015-06-01,0,0,5,0,0,5
TOTORA(CBBA),"anticoncepcion, prevencion de its y de cancer de cuello uterino",condon masculino: usuarias (os) nuevas (os),2015-06-01,0,2,2,0,0,4
TOTORA(ORR),"anticoncepcion, prevencion de its y de cancer de cuello uterino",condon masculino: usuarias (os) nuevas (os),2015-06-01,0,1,1,0,0,2
TRINIDAD,"anticoncepcion, prevencion de its y de cancer de cuello uterino",condon masculino: usuarias (os) nuevas (os),2015-06-01,0,1154,98,1,0,1253
TUPIZA,"anticoncepcion, prevencion de its y de cancer de cuello uterino",condon masculino: usuarias (os) nuevas (os),2015-06-01,0,1,9,2,0,12
TURCO,"anticoncepcion, prevencion de its y de cancer de cuello uterino",condon masculino: usuarias (os) nuevas (os),2015-06-01,0,0,0,2,0,2
UMALA,"anticoncepcion, prevencion de its y de cancer de cuello uterino",condon masculino: usuarias (os) nuevas (os),2015-06-01,0,0,2,0,0,2
UNCIA,"anticoncepcion, prevencion de its y de cancer de cuello uterino",condon masculino: usuarias (os) nuevas (os),2015-06-01,0,0,1,0,0,1
URIONDO (A. CONCEPCION),"anticoncepcion, prevencion de its y de cancer de cuello uterino",condon masculino: usuarias (os) nuevas (os),2015-06-01,0,3,4,3,0,10
UYUNI,"anticoncepcion, prevencion de its y de cancer de cuello uterino",condon masculino: usuarias (os) nuevas (os),2015-06-01,0,1,2,2,0,5
VALLEGRANDE,"anticoncepcion, prevencion de its y de cancer de cuello uterino",condon masculino: usuarias (os) nuevas (os),2015-06-01,0,5,2,0,0,7
VIACHA,"anticoncepcion, prevencion de its y de cancer de cuello uterino",condon masculino: usuarias (os) nuevas (os),2015-06-01,0,3,9,4,0,16
VILLA CHARCAS,"anticoncepcion, prevencion de its y de cancer de cuello uterino",condon masculino: usuarias (os) nuevas (os),2015-06-01,0,2,3,1,0,6
VILLA MONTES,"anticoncepcion, prevencion de its y de cancer de cuello uterino",condon masculino: usuarias (os) nuevas (os),2015-06-01,0,2,10,1,0,13
VILLA NUEVA (LOMA ALTA),"anticoncepcion, prevencion de its y de cancer de cuello uterino",condon masculino: usuarias (os) nuevas (os),2015-06-01,0,2,0,0,0,2
VILLA RIVERO,"anticoncepcion, prevencion de its y de cancer de cuello uterino",condon masculino: usuarias (os) nuevas (os),2015-06-01,0,1,3,0,0,4
VILLA SERRANO,"anticoncepcion, prevencion de its y de cancer de cuello uterino",condon masculino: usuarias (os) nuevas (os),2015-06-01,0,2,9,9,0,20
VILLA TUNARI,"anticoncepcion, prevencion de its y de cancer de cuello uterino",condon masculino: usuarias (os) nuevas (os),2015-06-01,1,12,22,1,0,36
VILLA VACA GUZMAN (MUYUPAMPA),"anticoncepcion, prevencion de its y de cancer de cuello uterino",condon masculino: usuarias (os) nuevas (os),2015-06-01,0,0,1,1,0,2
VILLAZON,"anticoncepcion, prevencion de its y de cancer de cuello uterino",condon masculino: usuarias (os) nuevas (os),2015-06-01,0,2,2,1,0,5
VINTO,"anticoncepcion, prevencion de its y de cancer de cuello uterino",condon masculino: usuarias (os) nuevas (os),2015-06-01,0,12,20,11,0,43
VITICHI,"anticoncepcion, prevencion de its y de cancer de cuello uterino",condon masculino: usuarias (os) nuevas (os),2015-06-01,0,0,2,1,0,3
YACO,"anticoncepcion, prevencion de its y de cancer de cuello uterino",condon masculino: usuarias (os) nuevas (os),2015-06-01,0,1,2,0,0,3
YACUIBA,"anticoncepcion, prevencion de its y de cancer de cuello uterino",condon masculino: usuarias (os) nuevas (os),2015-06-01,1,8,33,12,2,56
YANACACHI,"anticoncepcion, prevencion de its y de cancer de cuello uterino",condon masculino: usuarias (os) nuevas (os),2015-06-01,0,2,1,0,0,3
YAPACANI,"anticoncepcion, prevencion de its y de cancer de cuello uterino",condon masculino: usuarias (os) nuevas (os),2015-06-01,0,8,13,3,0,24
YOCALLA,"anticoncepcion, prevencion de its y de cancer de cuello uterino",condon masculino: usuarias (os) nuevas (os),2015-06-01,0,1,1,0,0,2
YOTALA,"anticoncepcion, prevencion de its y de cancer de cuello uterino",condon masculino: usuarias (os) nuevas (os),2015-06-01,0,5,2,1,0,8
YUNCHARA,"anticoncepcion, prevencion de its y de cancer de cuello uterino",condon masculino: usuarias (os) nuevas (os),2015-06-01,0,3,3,0,0,6
ZUDAÑEZ,"anticoncepcion, prevencion de its y de cancer de cuello uterino",condon masculino: usuarias (os) nuevas (os),2015-06-01,0,2,0,0,0,2
ACACIO,"anticoncepcion, prevencion de its y de cancer de cuello uterino",condon masculino: usuarias (os) nuevas (os),2015-07-01,0,0,4,2,0,6
ACHACACHI,"anticoncepcion, prevencion de its y de cancer de cuello uterino",condon masculino: usuarias (os) nuevas (os),2015-07-01,0,0,5,3,0,8
ACHOCALLA,"anticoncepcion, prevencion de its y de cancer de cuello uterino",condon masculino: usuarias (os) nuevas (os),2015-07-01,0,0,6,0,0,6
AIQUILE,"anticoncepcion, prevencion de its y de cancer de cuello uterino",condon masculino: usuarias (os) nuevas (os),2015-07-01,0,0,4,1,0,5
ALCALA,"anticoncepcion, prevencion de its y de cancer de cuello uterino",condon masculino: usuarias (os) nuevas (os),2015-07-01,0,0,1,0,0,1
ALTO BENI,"anticoncepcion, prevencion de its y de cancer de cuello uterino",condon masculino: usuarias (os) nuevas (os),2015-07-01,0,2,2,1,0,5
ANDAMARCA,"anticoncepcion, prevencion de its y de cancer de cuello uterino",condon masculino: usuarias (os) nuevas (os),2015-07-01,0,1,1,1,0,3
ANZALDO,"anticoncepcion, prevencion de its y de cancer de cuello uterino",condon masculino: usuarias (os) nuevas (os),2015-07-01,0,0,2,1,0,3
APOLO,"anticoncepcion, prevencion de its y de cancer de cuello uterino",condon masculino: usuarias (os) nuevas (os),2015-07-01,0,0,4,0,0,4
ARAMPAMPA,"anticoncepcion, prevencion de its y de cancer de cuello uterino",condon masculino: usuarias (os) nuevas (os),2015-07-01,0,0,1,0,0,1
ARBIETO,"anticoncepcion, prevencion de its y de cancer de cuello uterino",condon masculino: usuarias (os) nuevas (os),2015-07-01,0,3,5,1,0,9
ASCENCION DE GUARAYOS,"anticoncepcion, prevencion de its y de cancer de cuello uterino",condon masculino: usuarias (os) nuevas (os),2015-07-01,0,1,3,0,0,4
ATOCHA,"anticoncepcion, prevencion de its y de cancer de cuello uterino",condon masculino: usuarias (os) nuevas (os),2015-07-01,0,0,1,0,0,1
AUCAPATA,"anticoncepcion, prevencion de its y de cancer de cuello uterino",condon masculino: usuarias (os) nuevas (os),2015-07-01,0,0,1,0,0,1
AYATA,"anticoncepcion, prevencion de its y de cancer de cuello uterino",condon masculino: usuarias (os) nuevas (os),2015-07-01,0,0,2,0,0,2
AYO AYO,"anticoncepcion, prevencion de its y de cancer de cuello uterino",condon masculino: usuarias (os) nuevas (os),2015-07-01,0,0,3,0,0,3
AYOPAYA (V. DE INDEPENDENCIA),"anticoncepcion, prevencion de its y de cancer de cuello uterino",condon masculino: usuarias (os) nuevas (os),2015-07-01,0,1,5,3,0,9
AZURDUY,"anticoncepcion, prevencion de its y de cancer de cuello uterino",condon masculino: usuarias (os) nuevas (os),2015-07-01,0,0,3,2,0,5
BATALLAS,"anticoncepcion, prevencion de its y de cancer de cuello uterino",condon masculino: usuarias (os) nuevas (os),2015-07-01,0,0,1,0,0,1
BELEN DE ANDAMARCA,"anticoncepcion, prevencion de its y de cancer de cuello uterino",condon masculino: usuarias (os) nuevas (os),2015-07-01,0,0,1,0,0,1
BELEN DE URMIRI,"anticoncepcion, prevencion de its y de cancer de cuello uterino",condon masculino: usuarias (os) nuevas (os),2015-07-01,0,0,1,0,0,1
BERMEJO,"anticoncepcion, prevencion de its y de cancer de cuello uterino",condon masculino: usuarias (os) nuevas (os),2015-07-01,1,3,13,2,1,20
BETANZOS,"anticoncepcion, prevencion de its y de cancer de cuello uterino",condon masculino: usuarias (os) nuevas (os),2015-07-01,0,0,3,0,0,3
BOYUIBE,"anticoncepcion, prevencion de its y de cancer de cuello uterino",condon masculino: usuarias (os) nuevas (os),2015-07-01,0,0,1,0,0,1
BUENA VISTA,"anticoncepcion, prevencion de its y de cancer de cuello uterino",condon masculino: usuarias (os) nuevas (os),2015-07-01,0,3,4,1,0,8
CABEZAS,"anticoncepcion, prevencion de its y de cancer de cuello uterino",condon masculino: usuarias (os) nuevas (os),2015-07-01,0,3,39,2,0,44
CAIROMA,"anticoncepcion, prevencion de its y de cancer de cuello uterino",condon masculino: usuarias (os) nuevas (os),2015-07-01,0,1,1,0,0,2
CAJUATA,"anticoncepcion, prevencion de its y de cancer de cuello uterino",condon masculino: usuarias (os) nuevas (os),2015-07-01,0,3,4,0,0,7
CALACOTO,"anticoncepcion, prevencion de its y de cancer de cuello uterino",condon masculino: usuarias (os) nuevas (os),2015-07-01,0,0,2,0,0,2
CALAMARCA,"anticoncepcion, prevencion de its y de cancer de cuello uterino",condon masculino: usuarias (os) nuevas (os),2015-07-01,0,2,3,0,0,5
CAMARGO,"anticoncepcion, prevencion de its y de cancer de cuello uterino",condon masculino: usuarias (os) nuevas (os),2015-07-01,0,1,1,3,0,5
CAMATAQUI (C. VILLA ABECIA),"anticoncepcion, prevencion de its y de cancer de cuello uterino",condon masculino: usuarias (os) nuevas (os),2015-07-01,0,0,1,0,0,1
CAMIRI,"anticoncepcion, prevencion de its y de cancer de cuello uterino",condon masculino: usuarias (os) nuevas (os),2015-07-01,0,0,21,1,0,22
CAPINOTA,"anticoncepcion, prevencion de its y de cancer de cuello uterino",condon masculino: usuarias (os) nuevas (os),2015-07-01,0,1,6,1,0,8
CAQUIAVIRI,"anticoncepcion, prevencion de its y de cancer de cuello uterino",condon masculino: usuarias (os) nuevas (os),2015-07-01,0,0,0,2,0,2
CARACOLLO,"anticoncepcion, prevencion de its y de cancer de cuello uterino",condon masculino: usuarias (os) nuevas (os),2015-07-01,0,0,2,3,1,6
CARANAVI,"anticoncepcion, prevencion de its y de cancer de cuello uterino",condon masculino: usuarias (os) nuevas (os),2015-07-01,0,3,12,7,0,22
CARAPARI,"anticoncepcion, prevencion de its y de cancer de cuello uterino",condon masculino: usuarias (os) nuevas (os),2015-07-01,0,0,0,1,0,1
CARIPUYO,"anticoncepcion, prevencion de its y de cancer de cuello uterino",condon masculino: usuarias (os) nuevas (os),2015-07-01,0,0,1,1,0,2
CHALLAPATA,"anticoncepcion, prevencion de its y de cancer de cuello uterino",condon masculino: usuarias (os) nuevas (os),2015-07-01,0,1,0,4,0,5
CHAQUI,"anticoncepcion, prevencion de its y de cancer de cuello uterino",condon masculino: usuarias (os) nuevas (os),2015-07-01,0,1,4,0,0,5
CHAYANTA,"anticoncepcion, prevencion de its y de cancer de cuello uterino",condon masculino: usuarias (os) nuevas (os),2015-07-01,0,3,5,2,0,10
CHIMORE,"anticoncepcion, prevencion de its y de cancer de cuello uterino",condon masculino: usuarias (os) nuevas (os),2015-07-01,0,2,13,1,0,16
CHIPAYA,"anticoncepcion, prevencion de its y de cancer de cuello uterino",condon masculino: usuarias (os) nuevas (os),2015-07-01,0,0,1,0,0,1
CHOQUE COTA,"anticoncepcion, prevencion de its y de cancer de cuello uterino",condon masculino: usuarias (os) nuevas (os),2015-07-01,0,0,1,0,0,1
CHULUMANI (V. DE LA LIBERTAD),"anticoncepcion, prevencion de its y de cancer de cuello uterino",condon masculino: usuarias (os) nuevas (os),2015-07-01,0,0,1,0,0,1
CHUMA,"anticoncepcion, prevencion de its y de cancer de cuello uterino",condon masculino: usuarias (os) nuevas (os),2015-07-01,0,1,2,1,0,4
CKOCHAS,"anticoncepcion, prevencion de its y de cancer de cuello uterino",condon masculino: usuarias (os) nuevas (os),2015-07-01,0,0,1,3,0,4
CLIZA,"anticoncepcion, prevencion de its y de cancer de cuello uterino",condon masculino: usuarias (os) nuevas (os),2015-07-01,0,0,4,1,0,5
COBIJA,"anticoncepcion, prevencion de its y de cancer de cuello uterino",condon masculino: usuarias (os) nuevas (os),2015-07-01,0,1,2,0,0,3
COCAPATA,"anticoncepcion, prevencion de its y de cancer de cuello uterino",condon masculino: usuarias (os) nuevas (os),2015-07-01,0,1,6,0,0,7
COCHABAMBA,"anticoncepcion, prevencion de its y de cancer de cuello uterino",condon masculino: usuarias (os) nuevas (os),2015-07-01,0,57,966,154,1,1178
COLCAPIRHUA,"anticoncepcion, prevencion de its y de cancer de cuello uterino",condon masculino: usuarias (os) nuevas (os),2015-07-01,0,2,4,0,0,6
"COLCHA ""K""","anticoncepcion, prevencion de its y de cancer de cuello uterino",condon masculino: usuarias (os) nuevas (os),2015-07-01,0,1,4,2,0,7
COLOMI,"anticoncepcion, prevencion de its y de cancer de cuello uterino",condon masculino: usuarias (os) nuevas (os),2015-07-01,0,0,1,1,0,2
COLPA BELGICA,"anticoncepcion, prevencion de its y de cancer de cuello uterino",condon masculino: usuarias (os) nuevas (os),2015-07-01,0,1,5,0,0,6
COLQUECHACA,"anticoncepcion, prevencion de its y de cancer de cuello uterino",condon masculino: usuarias (os) nuevas (os),2015-07-01,0,2,3,0,0,5
COLQUENCHA,"anticoncepcion, prevencion de its y de cancer de cuello uterino",condon masculino: usuarias (os) nuevas (os),2015-07-01,0,0,1,1,0,2
COLQUIRI,"anticoncepcion, prevencion de its y de cancer de cuello uterino",condon masculino: usuarias (os) nuevas (os),2015-07-01,0,1,1,1,0,3
COMARAPA,"anticoncepcion, prevencion de its y de cancer de cuello uterino",condon masculino: usuarias (os) nuevas (os),2015-07-01,0,3,1,0,0,4
CORIPATA,"anticoncepcion, prevencion de its y de cancer de cuello uterino",condon masculino: usuarias (os) nuevas (os),2015-07-01,0,0,1,0,0,1
COROICO,"anticoncepcion, prevencion de its y de cancer de cuello uterino",condon masculino: usuarias (os) nuevas (os),2015-07-01,0,1,2,0,0,3
CORQUE,"anticoncepcion, prevencion de its y de cancer de cuello uterino",condon masculino: usuarias (os) nuevas (os),2015-07-01,0,0,1,0,0,1
COTAGAITA,"anticoncepcion, prevencion de its y de cancer de cuello uterino",condon masculino: usuarias (os) nuevas (os),2015-07-01,0,0,6,0,0,6
COTOCA,"anticoncepcion, prevencion de its y de cancer de cuello uterino",condon masculino: usuarias (os) nuevas (os),2015-07-01,0,6,13,2,0,21
CUATRO CAÑADAS,"anticoncepcion, prevencion de its y de cancer de cuello uterino",condon masculino: usuarias (os) nuevas (os),2015-07-01,0,2,2,1,0,5
CUCHUMUELA (V. G. VILLARROEL),"anticoncepcion, prevencion de its y de cancer de cuello uterino",condon masculino: usuarias (os) nuevas (os),2015-07-01,0,2,1,0,0,3
CULPINA,"anticoncepcion, prevencion de its y de cancer de cuello uterino",condon masculino: usuarias (os) nuevas (os),2015-07-01,0,1,4,2,0,7
CURAHUARA DE CARANGAS,"anticoncepcion, prevencion de its y de cancer de cuello uterino",condon masculino: usuarias (os) nuevas (os),2015-07-01,0,0,2,0,0,2
CURVA,"anticoncepcion, prevencion de its y de cancer de cuello uterino",condon masculino: usuarias (os) nuevas (os),2015-07-01,0,0,3,0,0,3
EL ALTO,"anticoncepcion, prevencion de its y de cancer de cuello uterino",condon masculino: usuarias (os) nuevas (os),2015-07-01,0,22,175,44,0,241
EL CHORO,"anticoncepcion, prevencion de its y de cancer de cuello uterino",condon masculino: usuarias (os) nuevas (os),2015-07-01,0,0,1,0,0,1
EL PUENTE(STC),"anticoncepcion, prevencion de its y de cancer de cuello uterino",condon masculino: usuarias (os) nuevas (os),2015-07-01,0,0,1,0,0,1
EL PUENTE(TJA),"anticoncepcion, prevencion de its y de cancer de cuello uterino",condon masculino: usuarias (os) nuevas (os),2015-07-01,0,1,7,3,0,11
EL TORNO,"anticoncepcion, prevencion de its y de cancer de cuello uterino",condon masculino: usuarias (os) nuevas (os),2015-07-01,2,9,23,2,0,36
EL VILLAR,"anticoncepcion, prevencion de its y de cancer de cuello uterino",condon masculino: usuarias (os) nuevas (os),2015-07-01,0,0,1,1,0,2
ENTRE RIOS TRJ,"anticoncepcion, prevencion de its y de cancer de cuello uterino",condon masculino: usuarias (os) nuevas (os),2015-07-01,0,1,4,1,0,6
ENTRE RIOS CBBA,"anticoncepcion, prevencion de its y de cancer de cuello uterino",condon masculino: usuarias (os) nuevas (os),2015-07-01,0,5,10,0,0,15
ESCOMA,"anticoncepcion, prevencion de its y de cancer de cuello uterino",condon masculino: usuarias (os) nuevas (os),2015-07-01,0,0,1,0,0,1
EUCALIPTUS,"anticoncepcion, prevencion de its y de cancer de cuello uterino",condon masculino: usuarias (os) nuevas (os),2015-07-01,0,0,1,0,0,1
EUREKA (SANTOS MERCADO),"anticoncepcion, prevencion de its y de cancer de cuello uterino",condon masculino: usuarias (os) nuevas (os),2015-07-01,0,0,1,0,0,1
FERNANDEZ ALONSO,"anticoncepcion, prevencion de its y de cancer de cuello uterino",condon masculino: usuarias (os) nuevas (os),2015-07-01,0,0,1,0,0,1
FILADELFIA,"anticoncepcion, prevencion de its y de cancer de cuello uterino",condon masculino: usuarias (os) nuevas (os),2015-07-01,1,0,1,0,0,2
GENERAL SAAVEDRA,"anticoncepcion, prevencion de its y de cancer de cuello uterino",condon masculino: usuarias (os) nuevas (os),2015-07-01,0,0,2,0,0,2
GRAL. J.J. PEREZ (CHARAZANI),"anticoncepcion, prevencion de its y de cancer de cuello uterino",condon masculino: usuarias (os) nuevas (os),2015-07-01,0,2,5,1,0,8
GUANAY,"anticoncepcion, prevencion de its y de cancer de cuello uterino",condon masculino: usuarias (os) nuevas (os),2015-07-01,0,1,1,1,0,3
GUAYARAMERIN,"anticoncepcion, prevencion de its y de cancer de cuello uterino",condon masculino: usuarias (os) nuevas (os),2015-07-01,0,6,38,10,3,57
GUTIERREZ,"anticoncepcion, prevencion de its y de cancer de cuello uterino",condon masculino: usuarias (os) nuevas (os),2015-07-01,0,0,2,0,0,2
HUACARETA,"anticoncepcion, prevencion de its y de cancer de cuello uterino",condon masculino: usuarias (os) nuevas (os),2015-07-01,0,0,6,3,0,9
HUACAYA (VILLA DE HUACAYA),"anticoncepcion, prevencion de its y de cancer de cuello uterino",condon masculino: usuarias (os) nuevas (os),2015-07-01,0,0,1,0,0,1
HUANUNI,"anticoncepcion, prevencion de its y de cancer de cuello uterino",condon masculino: usuarias (os) nuevas (os),2015-07-01,0,0,4,1,0,5
HUARACAJE,"anticoncepcion, prevencion de its y de cancer de cuello uterino",condon masculino: usuarias (os) nuevas (os),2015-07-01,0,0,4,1,0,5
ICHOCA,"anticoncepcion, prevencion de its y de cancer de cuello uterino",condon masculino: usuarias (os) nuevas (os),2015-07-01,0,0,1,0,0,1
ICLA,"anticoncepcion, prevencion de its y de cancer de cuello uterino",condon masculino: usuarias (os) nuevas (os),2015-07-01,0,0,0,2,0,2
INQUISIVI,"anticoncepcion, prevencion de its y de cancer de cuello uterino",condon masculino: usuarias (os) nuevas (os),2015-07-01,0,0,3,0,0,3
IRUPANA (VILLA DE LANZA),"anticoncepcion, prevencion de its y de cancer de cuello uterino",condon masculino: usuarias (os) nuevas (os),2015-07-01,0,1,1,0,0,2
IXIAMAS,"anticoncepcion, prevencion de its y de cancer de cuello uterino",condon masculino: usuarias (os) nuevas (os),2015-07-01,0,1,1,0,0,2
JESUS DE MACHACA,"anticoncepcion, prevencion de its y de cancer de cuello uterino",condon masculino: usuarias (os) nuevas (os),2015-07-01,0,0,3,1,0,4
LA ASUNTA,"anticoncepcion, prevencion de its y de cancer de cuello uterino",condon masculino: usuarias (os) nuevas (os),2015-07-01,0,2,4,0,0,6
LA GUARDIA,"anticoncepcion, prevencion de its y de cancer de cuello uterino",condon masculino: usuarias (os) nuevas (os),2015-07-01,1,8,31,3,0,43
LA PAZ,"anticoncepcion, prevencion de its y de cancer de cuello uterino",condon masculino: usuarias (os) nuevas (os),2015-07-01,0,20,1093,30,0,1143
LAJA,"anticoncepcion, prevencion de its y de cancer de cuello uterino",condon masculino: usuarias (os) nuevas (os),2015-07-01,0,3,4,0,0,7
LAS CARRERAS,"anticoncepcion, prevencion de its y de cancer de cuello uterino",condon masculino: usuarias (os) nuevas (os),2015-07-01,1,0,0,0,0,1
LLALLAGUA,"anticoncepcion, prevencion de its y de cancer de cuello uterino",condon masculino: usuarias (os) nuevas (os),2015-07-01,0,2,9,0,0,11
LORETO,"anticoncepcion, prevencion de its y de cancer de cuello uterino",condon masculino: usuarias (os) nuevas (os),2015-07-01,0,4,2,2,0,8
LURIBAY,"anticoncepcion, prevencion de its y de cancer de cuello uterino",condon masculino: usuarias (os) nuevas (os),2015-07-01,0,0,4,2,0,6
MACHARETI,"anticoncepcion, prevencion de its y de cancer de cuello uterino",condon masculino: usuarias (os) nuevas (os),2015-07-01,0,1,3,0,0,4
MAGDALENA,"anticoncepcion, prevencion de its y de cancer de cuello uterino",condon masculino: usuarias (os) nuevas (os),2015-07-01,0,0,1,0,0,1
MAIRANA,"anticoncepcion, prevencion de its y de cancer de cuello uterino",condon masculino: usuarias (os) nuevas (os),2015-07-01,0,1,0,0,0,1
MECAPACA,"anticoncepcion, prevencion de its y de cancer de cuello uterino",condon masculino: usuarias (os) nuevas (os),2015-07-01,0,0,0,2,0,2
MINEROS,"anticoncepcion, prevencion de its y de cancer de cuello uterino",condon masculino: usuarias (os) nuevas (os),2015-07-01,0,2,3,0,0,5
MIZQUE,"anticoncepcion, prevencion de its y de cancer de cuello uterino",condon masculino: usuarias (os) nuevas (os),2015-07-01,0,2,5,0,0,7
MOCOMOCO,"anticoncepcion, prevencion de its y de cancer de cuello uterino",condon masculino: usuarias (os) nuevas (os),2015-07-01,0,1,1,1,0,3
MOJOCOYA,"anticoncepcion, prevencion de its y de cancer de cuello uterino",condon masculino: usuarias (os) nuevas (os),2015-07-01,0,0,4,1,0,5
MONTEAGUDO,"anticoncepcion, prevencion de its y de cancer de cuello uterino",condon masculino: usuarias (os) nuevas (os),2015-07-01,0,2,6,2,0,10
MONTERO,"anticoncepcion, prevencion de its y de cancer de cuello uterino",condon masculino: usuarias (os) nuevas (os),2015-07-01,1,5,7,2,0,15
MORO MORO,"anticoncepcion, prevencion de its y de cancer de cuello uterino",condon masculino: usuarias (os) nuevas (os),2015-07-01,0,6,8,0,0,14
NACEBE (SANTA ROSA DEL ABUNA),"anticoncepcion, prevencion de its y de cancer de cuello uterino",condon masculino: usuarias (os) nuevas (os),2015-07-01,0,0,2,0,0,2
NAZACARA DE PACAJES,"anticoncepcion, prevencion de its y de cancer de cuello uterino",condon masculino: usuarias (os) nuevas (os),2015-07-01,0,0,0,1,0,1
NUEVO MANOA (NUEVA ESPERANZA),"anticoncepcion, prevencion de its y de cancer de cuello uterino",condon masculino: usuarias (os) nuevas (os),2015-07-01,0,0,2,0,0,2
OCURI,"anticoncepcion, prevencion de its y de cancer de cuello uterino",condon masculino: usuarias (os) nuevas (os),2015-07-01,0,0,1,0,0,1
OKINAWA,"anticoncepcion, prevencion de its y de cancer de cuello uterino",condon masculino: usuarias (os) nuevas (os),2015-07-01,0,7,6,0,0,13
OMEREQUE,"anticoncepcion, prevencion de its y de cancer de cuello uterino",condon masculino: usuarias (os) nuevas (os),2015-07-01,0,1,0,0,0,1
ORURO,"anticoncepcion, prevencion de its y de cancer de cuello uterino",condon masculino: usuarias (os) nuevas (os),2015-07-01,0,12,74,12,1,99
PADCAYA,"anticoncepcion, prevencion de its y de cancer de cuello uterino",condon masculino: usuarias (os) nuevas (os),2015-07-01,0,0,4,2,0,6
PADILLA,"anticoncepcion, prevencion de its y de cancer de cuello uterino",condon masculino: usuarias (os) nuevas (os),2015-07-01,0,1,1,0,0,2
PAILON,"anticoncepcion, prevencion de its y de cancer de cuello uterino",condon masculino: usuarias (os) nuevas (os),2015-07-01,0,1,5,1,0,7
PALCA,"anticoncepcion, prevencion de its y de cancer de cuello uterino",condon masculino: usuarias (os) nuevas (os),2015-07-01,0,0,2,0,0,2
PALOS BLANCOS,"anticoncepcion, prevencion de its y de cancer de cuello uterino",condon masculino: usuarias (os) nuevas (os),2015-07-01,0,0,8,0,0,8
PAPEL PAMPA,"anticoncepcion, prevencion de its y de cancer de cuello uterino",condon masculino: usuarias (os) nuevas (os),2015-07-01,0,0,2,0,0,2
PASORAPA,"anticoncepcion, prevencion de its y de cancer de cuello uterino",condon masculino: usuarias (os) nuevas (os),2015-07-01,0,0,1,0,0,1
PAZÑA,"anticoncepcion, prevencion de its y de cancer de cuello uterino",condon masculino: usuarias (os) nuevas (os),2015-07-01,0,0,2,1,0,3
PELECHUCO,"anticoncepcion, prevencion de its y de cancer de cuello uterino",condon masculino: usuarias (os) nuevas (os),2015-07-01,0,2,3,1,0,6
POCOATA,"anticoncepcion, prevencion de its y de cancer de cuello uterino",condon masculino: usuarias (os) nuevas (os),2015-07-01,0,1,6,3,0,10
POCONA,"anticoncepcion, prevencion de its y de cancer de cuello uterino",condon masculino: usuarias (os) nuevas (os),2015-07-01,0,0,4,4,0,8
POJO (CBBA),"anticoncepcion, prevencion de its y de cancer de cuello uterino",condon masculino: usuarias (os) nuevas (os),2015-07-01,0,0,4,2,0,6
POOPO,"anticoncepcion, prevencion de its y de cancer de cuello uterino",condon masculino: usuarias (os) nuevas (os),2015-07-01,0,1,0,1,0,2
PORCO,"anticoncepcion, prevencion de its y de cancer de cuello uterino",condon masculino: usuarias (os) nuevas (os),2015-07-01,0,0,5,0,0,5
PORONGO,"anticoncepcion, prevencion de its y de cancer de cuello uterino",condon masculino: usuarias (os) nuevas (os),2015-07-01,0,0,6,1,0,7
PORTACHUELO,"anticoncepcion, prevencion de its y de cancer de cuello uterino",condon masculino: usuarias (os) nuevas (os),2015-07-01,0,1,3,0,0,4
POSTRER VALLE,"anticoncepcion, prevencion de its y de cancer de cuello uterino",condon masculino: usuarias (os) nuevas (os),2015-07-01,0,1,1,0,0,2
POTOSI,"anticoncepcion, prevencion de its y de cancer de cuello uterino",condon masculino: usuarias (os) nuevas (os),2015-07-01,0,1,9,2,0,12
PRESTO,"anticoncepcion, prevencion de its y de cancer de cuello uterino",condon masculino: usuarias (os) nuevas (os),2015-07-01,0,2,10,2,0,14
PUCARANI,"anticoncepcion, prevencion de its y de cancer de cuello uterino",condon masculino: usuarias (os) nuevas (os),2015-07-01,0,1,5,2,0,8
PUERTO ACOSTA,"anticoncepcion, prevencion de its y de cancer de cuello uterino",condon masculino: usuarias (os) nuevas (os),2015-07-01,0,1,0,0,0,1
PUERTO CARABUCO,"anticoncepcion, prevencion de its y de cancer de cuello uterino",condon masculino: usuarias (os) nuevas (os),2015-07-01,0,0,1,0,0,1
PUERTO GONZALO MORENO,"anticoncepcion, prevencion de its y de cancer de cuello uterino",condon masculino: usuarias (os) nuevas (os),2015-07-01,0,1,0,0,0,1
PUERTO PEREZ,"anticoncepcion, prevencion de its y de cancer de cuello uterino",condon masculino: usuarias (os) nuevas (os),2015-07-01,0,0,1,0,0,1
PUERTO QUIJARRO,"anticoncepcion, prevencion de its y de cancer de cuello uterino",condon masculino: usuarias (os) nuevas (os),2015-07-01,0,0,3,1,0,4
PUERTO SILES,"anticoncepcion, prevencion de its y de cancer de cuello uterino",condon masculino: usuarias (os) nuevas (os),2015-07-01,0,0,2,0,0,2
PUERTO SUAREZ,"anticoncepcion, prevencion de its y de cancer de cuello uterino",condon masculino: usuarias (os) nuevas (os),2015-07-01,0,1,0,0,0,1
PUERTO VILLARROEL,"anticoncepcion, prevencion de its y de cancer de cuello uterino",condon masculino: usuarias (os) nuevas (os),2015-07-01,1,2,14,0,0,17
PUNA,"anticoncepcion, prevencion de its y de cancer de cuello uterino",condon masculino: usuarias (os) nuevas (os),2015-07-01,0,1,1,0,0,2
PUNATA,"anticoncepcion, prevencion de its y de cancer de cuello uterino",condon masculino: usuarias (os) nuevas (os),2015-07-01,0,3,9,3,0,15
QUILLACOLLO,"anticoncepcion, prevencion de its y de cancer de cuello uterino",condon masculino: usuarias (os) nuevas (os),2015-07-01,0,2,22,3,0,27
QUIME,"anticoncepcion, prevencion de its y de cancer de cuello uterino",condon masculino: usuarias (os) nuevas (os),2015-07-01,0,0,2,0,0,2
RAVELO,"anticoncepcion, prevencion de its y de cancer de cuello uterino",condon masculino: usuarias (os) nuevas (os),2015-07-01,0,1,1,0,0,2
REYES,"anticoncepcion, prevencion de its y de cancer de cuello uterino",condon masculino: usuarias (os) nuevas (os),2015-07-01,0,3,8,5,0,16
RIBERALTA,"anticoncepcion, prevencion de its y de cancer de cuello uterino",condon masculino: usuarias (os) nuevas (os),2015-07-01,3,8,10,1,0,22
ROBORE,"anticoncepcion, prevencion de its y de cancer de cuello uterino",condon masculino: usuarias (os) nuevas (os),2015-07-01,0,0,9,0,0,9
RURRENABAQUE,"anticoncepcion, prevencion de its y de cancer de cuello uterino",condon masculino: usuarias (os) nuevas (os),2015-07-01,0,1,3,0,0,4
SABAYA,"anticoncepcion, prevencion de its y de cancer de cuello uterino",condon masculino: usuarias (os) nuevas (os),2015-07-01,0,1,4,1,0,6
SACABA,"anticoncepcion, prevencion de its y de cancer de cuello uterino",condon masculino: usuarias (os) nuevas (os),2015-07-01,0,4,51,26,0,81
SACACA,"anticoncepcion, prevencion de its y de cancer de cuello uterino",condon masculino: usuarias (os) nuevas (os),2015-07-01,0,0,2,2,0,4
SAIPINA,"anticoncepcion, prevencion de its y de cancer de cuello uterino",condon masculino: usuarias (os) nuevas (os),2015-07-01,1,1,0,0,0,2
SALINAS DE GARCI MENDOZA,"anticoncepcion, prevencion de its y de cancer de cuello uterino",condon masculino: usuarias (os) nuevas (os),2015-07-01,0,1,6,1,0,8
SAMAIPATA,"anticoncepcion, prevencion de its y de cancer de cuello uterino",condon masculino: usuarias (os) nuevas (os),2015-07-01,0,0,1,1,0,2
SAN AGUSTIN,"anticoncepcion, prevencion de its y de cancer de cuello uterino",condon masculino: usuarias (os) nuevas (os),2015-07-01,0,0,1,0,0,1
SAN ANDRES,"anticoncepcion, prevencion de its y de cancer de cuello uterino",condon masculino: usuarias (os) nuevas (os),2015-07-01,0,0,8,4,0,12
SAN ANDRES DE MACHACA,"anticoncepcion, prevencion de its y de cancer de cuello uterino",condon masculino: usuarias (os) nuevas (os),2015-07-01,0,0,1,0,0,1
SAN ANTONIO DE LOMERIO,"anticoncepcion, prevencion de its y de cancer de cuello uterino",condon masculino: usuarias (os) nuevas (os),2015-07-01,0,5,2,0,0,7
SAN BORJA,"anticoncepcion, prevencion de its y de cancer de cuello uterino",condon masculino: usuarias (os) nuevas (os),2015-07-01,1,3,6,0,0,10
SAN BUENA VENTURA,"anticoncepcion, prevencion de its y de cancer de cuello uterino",condon masculino: usuarias (os) nuevas (os),2015-07-01,0,0,2,0,0,2
SAN CARLOS,"anticoncepcion, prevencion de its y de cancer de cuello uterino",condon masculino: usuarias (os) nuevas (os),2015-07-01,0,3,6,1,0,10
SAN IGNACIO,"anticoncepcion, prevencion de its y de cancer de cuello uterino",condon masculino: usuarias (os) nuevas (os),2015-07-01,0,0,4,0,0,4
SAN IGNACIO DE VELASCO,"anticoncepcion, prevencion de its y de cancer de cuello uterino",condon masculino: usuarias (os) nuevas (os),2015-07-01,0,1,5,3,0,9
SAN JAVIER(BNI),"anticoncepcion, prevencion de its y de cancer de cuello uterino",condon masculino: usuarias (os) nuevas (os),2015-07-01,0,1,5,0,0,6
SAN JAVIER(STC),"anticoncepcion, prevencion de its y de cancer de cuello uterino",condon masculino: usuarias (os) nuevas (os),2015-07-01,0,0,2,1,0,3
SAN JOSE DE CHIQUITOS,"anticoncepcion, prevencion de its y de cancer de cuello uterino",condon masculino: usuarias (os) nuevas (os),2015-07-01,0,2,3,0,0,5
SAN JUAN DE YAPACANI,"anticoncepcion, prevencion de its y de cancer de cuello uterino",condon masculino: usuarias (os) nuevas (os),2015-07-01,0,0,3,0,0,3
SAN JULIAN,"anticoncepcion, prevencion de its y de cancer de cuello uterino",condon masculino: usuarias (os) nuevas (os),2015-07-01,0,3,2,1,0,6
SAN LORENZO(PND),"anticoncepcion, prevencion de its y de cancer de cuello uterino",condon masculino: usuarias (os) nuevas (os),2015-07-01,0,0,2,0,1,3
SAN LORENZO(TJA),"anticoncepcion, prevencion de its y de cancer de cuello uterino",condon masculino: usuarias (os) nuevas (os),2015-07-01,0,4,2,0,0,6
SAN LUCAS,"anticoncepcion, prevencion de its y de cancer de cuello uterino",condon masculino: usuarias (os) nuevas (os),2015-07-01,0,1,6,0,0,7
SAN MATIAS,"anticoncepcion, prevencion de its y de cancer de cuello uterino",condon masculino: usuarias (os) nuevas (os),2015-07-01,0,1,0,0,0,1
SAN MIGUEL DE VELASCO,"anticoncepcion, prevencion de its y de cancer de cuello uterino",condon masculino: usuarias (os) nuevas (os),2015-07-01,0,0,2,1,0,3
SAN PABLO DE LIPEZ,"anticoncepcion, prevencion de its y de cancer de cuello uterino",condon masculino: usuarias (os) nuevas (os),2015-07-01,0,0,2,0,0,2
SAN PEDRO,"anticoncepcion, prevencion de its y de cancer de cuello uterino",condon masculino: usuarias (os) nuevas (os),2015-07-01,0,2,5,0,0,7
SAN PEDRO DE BUENA VISTA,"anticoncepcion, prevencion de its y de cancer de cuello uterino",condon masculino: usuarias (os) nuevas (os),2015-07-01,0,3,7,2,0,12
SAN PEDRO DE CURAHUARA,"anticoncepcion, prevencion de its y de cancer de cuello uterino",condon masculino: usuarias (os) nuevas (os),2015-07-01,0,0,2,0,0,2
SAN PEDRO DE QUEMES,"anticoncepcion, prevencion de its y de cancer de cuello uterino",condon masculino: usuarias (os) nuevas (os),2015-07-01,0,0,1,0,0,1
SANTA ANA,"anticoncepcion, prevencion de its y de cancer de cuello uterino",condon masculino: usuarias (os) nuevas (os),2015-07-01,0,3,19,7,1,30
SANTA CRUZ DE LA SIERRA,"anticoncepcion, prevencion de its y de cancer de cuello uterino",condon masculino: usuarias (os) nuevas (os),2015-07-01,2,29,544,125,1,701
SANTA ROSA,"anticoncepcion, prevencion de its y de cancer de cuello uterino",condon masculino: usuarias (os) nuevas (os),2015-07-01,0,0,2,0,0,2
SANTA ROSA DEL SARA,"anticoncepcion, prevencion de its y de cancer de cuello uterino",condon masculino: usuarias (os) nuevas (os),2015-07-01,0,0,3,1,0,4
SANTIAGO DE MACHACA,"anticoncepcion, prevencion de its y de cancer de cuello uterino",condon masculino: usuarias (os) nuevas (os),2015-07-01,0,0,1,0,0,1
SANTIVAÑES,"anticoncepcion, prevencion de its y de cancer de cuello uterino",condon masculino: usuarias (os) nuevas (os),2015-07-01,0,0,1,0,0,1
SANTUARIO DE QUILLACAS,"anticoncepcion, prevencion de its y de cancer de cuello uterino",condon masculino: usuarias (os) nuevas (os),2015-07-01,0,0,6,1,1,8
SAPAHAQUI,"anticoncepcion, prevencion de its y de cancer de cuello uterino",condon masculino: usuarias (os) nuevas (os),2015-07-01,0,0,1,0,0,1
SHINAOTA,"anticoncepcion, prevencion de its y de cancer de cuello uterino",condon masculino: usuarias (os) nuevas (os),2015-07-01,0,0,1,0,0,1
SICA SICA (VILLA AROMA),"anticoncepcion, prevencion de its y de cancer de cuello uterino",condon masculino: usuarias (os) nuevas (os),2015-07-01,0,5,1,1,0,7
SICAYA,"anticoncepcion, prevencion de its y de cancer de cuello uterino",condon masculino: usuarias (os) nuevas (os),2015-07-01,0,0,2,0,0,2
SIPE SIPE,"anticoncepcion, prevencion de its y de cancer de cuello uterino",condon masculino: usuarias (os) nuevas (os),2015-07-01,0,4,13,6,0,23
SOPACHUY,"anticoncepcion, prevencion de its y de cancer de cuello uterino",condon masculino: usuarias (os) nuevas (os),2015-07-01,0,0,1,1,0,2
SORATA,"anticoncepcion, prevencion de its y de cancer de cuello uterino",condon masculino: usuarias (os) nuevas (os),2015-07-01,0,1,0,0,0,1
SUCRE,"anticoncepcion, prevencion de its y de cancer de cuello uterino",condon masculino: usuarias (os) nuevas (os),2015-07-01,0,124,149,205,2,480
TACACOMA,"anticoncepcion, prevencion de its y de cancer de cuello uterino",condon masculino: usuarias (os) nuevas (os),2015-07-01,0,1,2,0,0,3
TAPACARI,"anticoncepcion, prevencion de its y de cancer de cuello uterino",condon masculino: usuarias (os) nuevas (os),2015-07-01,0,3,8,2,0,13
TARATA,"anticoncepcion, prevencion de its y de cancer de cuello uterino",condon masculino: usuarias (os) nuevas (os),2015-07-01,0,0,3,1,0,4
TARIJA,"anticoncepcion, prevencion de its y de cancer de cuello uterino",condon masculino: usuarias (os) nuevas (os),2015-07-01,0,9,16,1,0,26
TARVITA,"anticoncepcion, prevencion de its y de cancer de cuello uterino",condon masculino: usuarias (os) nuevas (os),2015-07-01,0,1,3,1,0,5
TEOPONTE,"anticoncepcion, prevencion de its y de cancer de cuello uterino",condon masculino: usuarias (os) nuevas (os),2015-07-01,0,0,1,0,0,1
TIAWANACU,"anticoncepcion, prevencion de its y de cancer de cuello uterino",condon masculino: usuarias (os) nuevas (os),2015-07-01,0,1,2,0,0,3
TINGUIPAYA,"anticoncepcion, prevencion de its y de cancer de cuello uterino",condon masculino: usuarias (os) nuevas (os),2015-07-01,0,2,3,5,0,10
TIQUIPAYA,"anticoncepcion, prevencion de its y de cancer de cuello uterino",condon masculino: usuarias (os) nuevas (os),2015-07-01,0,3,12,5,0,20
TIRAQUE (CBBA),"anticoncepcion, prevencion de its y de cancer de cuello uterino",condon masculino: usuarias (os) nuevas (os),2015-07-01,0,0,1,0,0,1
TITO YUPANQUI (PARQUIPUJIO),"anticoncepcion, prevencion de its y de cancer de cuello uterino",condon masculino: usuarias (os) nuevas (os),2015-07-01,0,0,0,2,0,2
TOCO,"anticoncepcion, prevencion de its y de cancer de cuello uterino",condon masculino: usuarias (os) nuevas (os),2015-07-01,0,1,0,0,0,1
TOLATA,"anticoncepcion, prevencion de its y de cancer de cuello uterino",condon masculino: usuarias (os) nuevas (os),2015-07-01,0,1,4,0,0,5
TOLEDO,"anticoncepcion, prevencion de its y de cancer de cuello uterino",condon masculino: usuarias (os) nuevas (os),2015-07-01,0,0,3,0,0,3
TOMAVE,"anticoncepcion, prevencion de its y de cancer de cuello uterino",condon masculino: usuarias (os) nuevas (os),2015-07-01,0,3,4,0,0,7
TOMINA,"anticoncepcion, prevencion de its y de cancer de cuello uterino",condon masculino: usuarias (os) nuevas (os),2015-07-01,0,4,9,0,0,13
TORO TORO,"anticoncepcion, prevencion de its y de cancer de cuello uterino",condon masculino: usuarias (os) nuevas (os),2015-07-01,0,3,6,0,0,9
TOTORA(CBBA),"anticoncepcion, prevencion de its y de cancer de cuello uterino",condon masculino: usuarias (os) nuevas (os),2015-07-01,0,0,4,0,0,4
TRINIDAD,"anticoncepcion, prevencion de its y de cancer de cuello uterino",condon masculino: usuarias (os) nuevas (os),2015-07-01,0,95,263,1,0,359
TUPIZA,"anticoncepcion, prevencion de its y de cancer de cuello uterino",condon masculino: usuarias (os) nuevas (os),2015-07-01,0,1,5,1,0,7
TURCO,"anticoncepcion, prevencion de its y de cancer de cuello uterino",condon masculino: usuarias (os) nuevas (os),2015-07-01,0,0,2,0,0,2
UMALA,"anticoncepcion, prevencion de its y de cancer de cuello uterino",condon masculino: usuarias (os) nuevas (os),2015-07-01,1,2,2,0,0,5
UNCIA,"anticoncepcion, prevencion de its y de cancer de cuello uterino",condon masculino: usuarias (os) nuevas (os),2015-07-01,0,3,3,1,0,7
URIONDO (A. CONCEPCION),"anticoncepcion, prevencion de its y de cancer de cuello uterino",condon masculino: usuarias (os) nuevas (os),2015-07-01,1,2,5,1,0,9
URUBICHA,"anticoncepcion, prevencion de its y de cancer de cuello uterino",condon masculino: usuarias (os) nuevas (os),2015-07-01,0,0,1,1,0,2
UYUNI,"anticoncepcion, prevencion de its y de cancer de cuello uterino",condon masculino: usuarias (os) nuevas (os),2015-07-01,0,0,2,0,0,2
VACAS,"anticoncepcion, prevencion de its y de cancer de cuello uterino",condon masculino: usuarias (os) nuevas (os),2015-07-01,0,0,1,0,0,1
VALLEGRANDE,"anticoncepcion, prevencion de its y de cancer de cuello uterino",condon masculino: usuarias (os) nuevas (os),2015-07-01,0,0,2,0,0,2
VIACHA,"anticoncepcion, prevencion de its y de cancer de cuello uterino",condon masculino: usuarias (os) nuevas (os),2015-07-01,0,2,9,0,0,11
VILLA CHARCAS,"anticoncepcion, prevencion de its y de cancer de cuello uterino",condon masculino: usuarias (os) nuevas (os),2015-07-01,0,0,1,0,0,1
VILLA MONTES,"anticoncepcion, prevencion de its y de cancer de cuello uterino",condon masculino: usuarias (os) nuevas (os),2015-07-01,0,4,2,1,0,7
VILLA RIVERO,"anticoncepcion, prevencion de its y de cancer de cuello uterino",condon masculino: usuarias (os) nuevas (os),2015-07-01,0,1,4,0,0,5
VILLA SERRANO,"anticoncepcion, prevencion de its y de cancer de cuello uterino",condon masculino: usuarias (os) nuevas (os),2015-07-01,0,0,4,1,0,5
VILLA TUNARI,"anticoncepcion, prevencion de its y de cancer de cuello uterino",condon masculino: usuarias (os) nuevas (os),2015-07-01,0,4,13,4,0,21
VILLA VACA GUZMAN (MUYUPAMPA),"anticoncepcion, prevencion de its y de cancer de cuello uterino",condon masculino: usuarias (os) nuevas (os),2015-07-01,1,1,1,1,0,4
VILLAZON,"anticoncepcion, prevencion de its y de cancer de cuello uterino",condon masculino: usuarias (os) nuevas (os),2015-07-01,0,2,4,0,0,6
VINTO,"anticoncepcion, prevencion de its y de cancer de cuello uterino",condon masculino: usuarias (os) nuevas (os),2015-07-01,0,3,25,1,0,29
VITICHI,"anticoncepcion, prevencion de its y de cancer de cuello uterino",condon masculino: usuarias (os) nuevas (os),2015-07-01,0,1,0,2,0,3
WARNES,"anticoncepcion, prevencion de its y de cancer de cuello uterino",condon masculino: usuarias (os) nuevas (os),2015-07-01,0,0,3,0,0,3
YACO,"anticoncepcion, prevencion de its y de cancer de cuello uterino",condon masculino: usuarias (os) nuevas (os),2015-07-01,0,0,2,0,0,2
YACUIBA,"anticoncepcion, prevencion de its y de cancer de cuello uterino",condon masculino: usuarias (os) nuevas (os),2015-07-01,0,9,35,2,0,46
YANACACHI,"anticoncepcion, prevencion de its y de cancer de cuello uterino",condon masculino: usuarias (os) nuevas (os),2015-07-01,0,1,2,0,0,3
YAPACANI,"anticoncepcion, prevencion de its y de cancer de cuello uterino",condon masculino: usuarias (os) nuevas (os),2015-07-01,0,3,14,1,0,18
YOTALA,"anticoncepcion, prevencion de its y de cancer de cuello uterino",condon masculino: usuarias (os) nuevas (os),2015-07-01,0,1,0,1,0,2
YUNCHARA,"anticoncepcion, prevencion de its y de cancer de cuello uterino",condon masculino: usuarias (os) nuevas (os),2015-07-01,0,3,4,0,0,7
ZUDAÑEZ,"anticoncepcion, prevencion de its y de cancer de cuello uterino",condon masculino: usuarias (os) nuevas (os),2015-07-01,0,0,1,0,0,1
ACACIO,"anticoncepcion, prevencion de its y de cancer de cuello uterino",condon masculino: usuarias (os) nuevas (os),2015-08-01,0,0,1,0,0,1
ACHACACHI,"anticoncepcion, prevencion de its y de cancer de cuello uterino",condon masculino: usuarias (os) nuevas (os),2015-08-01,0,0,2,1,0,3
ACHOCALLA,"anticoncepcion, prevencion de its y de cancer de cuello uterino",condon masculino: usuarias (os) nuevas (os),2015-08-01,0,0,2,1,0,3
AIQUILE,"anticoncepcion, prevencion de its y de cancer de cuello uterino",condon masculino: usuarias (os) nuevas (os),2015-08-01,0,0,2,1,0,3
ALTO BENI,"anticoncepcion, prevencion de its y de cancer de cuello uterino",condon masculino: usuarias (os) nuevas (os),2015-08-01,0,0,2,1,0,3
ANCORAIMES,"anticoncepcion, prevencion de its y de cancer de cuello uterino",condon masculino: usuarias (os) nuevas (os),2015-08-01,0,0,2,0,0,2
ANTEQUERA,"anticoncepcion, prevencion de its y de cancer de cuello uterino",condon masculino: usuarias (os) nuevas (os),2015-08-01,0,0,1,1,0,2
ANZALDO,"anticoncepcion, prevencion de its y de cancer de cuello uterino",condon masculino: usuarias (os) nuevas (os),2015-08-01,0,1,1,0,0,2
APOLO,"anticoncepcion, prevencion de its y de cancer de cuello uterino",condon masculino: usuarias (os) nuevas (os),2015-08-01,0,1,3,0,0,4
ARBIETO,"anticoncepcion, prevencion de its y de cancer de cuello uterino",condon masculino: usuarias (os) nuevas (os),2015-08-01,0,2,6,1,0,9
ARQUE,"anticoncepcion, prevencion de its y de cancer de cuello uterino",condon masculino: usuarias (os) nuevas (os),2015-08-01,0,0,2,1,0,3
ASCENCION DE GUARAYOS,"anticoncepcion, prevencion de its y de cancer de cuello uterino",condon masculino: usuarias (os) nuevas (os),2015-08-01,0,1,2,1,0,4
ATOCHA,"anticoncepcion, prevencion de its y de cancer de cuello uterino",condon masculino: usuarias (os) nuevas (os),2015-08-01,0,0,3,1,0,4
AYATA,"anticoncepcion, prevencion de its y de cancer de cuello uterino",condon masculino: usuarias (os) nuevas (os),2015-08-01,0,0,0,1,0,1
AYO AYO,"anticoncepcion, prevencion de its y de cancer de cuello uterino",condon masculino: usuarias (os) nuevas (os),2015-08-01,0,2,3,0,0,5
AYOPAYA (V. DE INDEPENDENCIA),"anticoncepcion, prevencion de its y de cancer de cuello uterino",condon masculino: usuarias (os) nuevas (os),2015-08-01,2,3,5,1,0,11
AZURDUY,"anticoncepcion, prevencion de its y de cancer de cuello uterino",condon masculino: usuarias (os) nuevas (os),2015-08-01,0,1,2,0,1,4
BATALLAS,"anticoncepcion, prevencion de its y de cancer de cuello uterino",condon masculino: usuarias (os) nuevas (os),2015-08-01,0,1,8,2,0,11
BAURES,"anticoncepcion, prevencion de its y de cancer de cuello uterino",condon masculino: usuarias (os) nuevas (os),2015-08-01,0,0,3,2,0,5
BERMEJO,"anticoncepcion, prevencion de its y de cancer de cuello uterino",condon masculino: usuarias (os) nuevas (os),2015-08-01,0,3,6,1,0,10
BETANZOS,"anticoncepcion, prevencion de its y de cancer de cuello uterino",condon masculino: usuarias (os) nuevas (os),2015-08-01,0,2,4,3,0,9
BUENA VISTA,"anticoncepcion, prevencion de its y de cancer de cuello uterino",condon masculino: usuarias (os) nuevas (os),2015-08-01,0,1,6,1,0,8
CABEZAS,"anticoncepcion, prevencion de its y de cancer de cuello uterino",condon masculino: usuarias (os) nuevas (os),2015-08-01,0,3,5,4,0,12
CAIROMA,"anticoncepcion, prevencion de its y de cancer de cuello uterino",condon masculino: usuarias (os) nuevas (os),2015-08-01,0,1,1,2,0,4
"CAIZA ""D""","anticoncepcion, prevencion de its y de cancer de cuello uterino",condon masculino: usuarias (os) nuevas (os),2015-08-01,0,0,2,1,0,3
CAJUATA,"anticoncepcion, prevencion de its y de cancer de cuello uterino",condon masculino: usuarias (os) nuevas (os),2015-08-01,0,0,0,2,0,2
CALACOTO,"anticoncepcion, prevencion de its y de cancer de cuello uterino",condon masculino: usuarias (os) nuevas (os),2015-08-01,0,0,1,0,0,1
CALAMARCA,"anticoncepcion, prevencion de its y de cancer de cuello uterino",condon masculino: usuarias (os) nuevas (os),2015-08-01,0,1,4,0,0,5
CAMARGO,"anticoncepcion, prevencion de its y de cancer de cuello uterino",condon masculino: usuarias (os) nuevas (os),2015-08-01,0,0,2,1,0,3
CAMATAQUI (C. VILLA ABECIA),"anticoncepcion, prevencion de its y de cancer de cuello uterino",condon masculino: usuarias (os) nuevas (os),2015-08-01,0,0,1,0,0,1
CAMIRI,"anticoncepcion, prevencion de its y de cancer de cuello uterino",condon masculino: usuarias (os) nuevas (os),2015-08-01,0,1,8,2,0,11
CAPINOTA,"anticoncepcion, prevencion de its y de cancer de cuello uterino",condon masculino: usuarias (os) nuevas (os),2015-08-01,0,1,5,0,0,6
CAQUIAVIRI,"anticoncepcion, prevencion de its y de cancer de cuello uterino",condon masculino: usuarias (os) nuevas (os),2015-08-01,0,0,1,0,0,1
CARACOLLO,"anticoncepcion, prevencion de its y de cancer de cuello uterino",condon masculino: usuarias (os) nuevas (os),2015-08-01,0,0,2,0,0,2
CARANAVI,"anticoncepcion, prevencion de its y de cancer de cuello uterino",condon masculino: usuarias (os) nuevas (os),2015-08-01,1,4,11,5,0,21
CARAPARI,"anticoncepcion, prevencion de its y de cancer de cuello uterino",condon masculino: usuarias (os) nuevas (os),2015-08-01,0,1,0,2,0,3
CARIPUYO,"anticoncepcion, prevencion de its y de cancer de cuello uterino",condon masculino: usuarias (os) nuevas (os),2015-08-01,0,1,2,0,0,3
CHALLAPATA,"anticoncepcion, prevencion de its y de cancer de cuello uterino",condon masculino: usuarias (os) nuevas (os),2015-08-01,0,1,6,1,0,8
CHAQUI,"anticoncepcion, prevencion de its y de cancer de cuello uterino",condon masculino: usuarias (os) nuevas (os),2015-08-01,0,0,4,0,0,4
CHARAGUA,"anticoncepcion, prevencion de its y de cancer de cuello uterino",condon masculino: usuarias (os) nuevas (os),2015-08-01,0,0,1,2,0,3
CHAYANTA,"anticoncepcion, prevencion de its y de cancer de cuello uterino",condon masculino: usuarias (os) nuevas (os),2015-08-01,0,4,7,3,0,14
CHIMORE,"anticoncepcion, prevencion de its y de cancer de cuello uterino",condon masculino: usuarias (os) nuevas (os),2015-08-01,0,2,5,1,0,8
CHOQUE COTA,"anticoncepcion, prevencion de its y de cancer de cuello uterino",condon masculino: usuarias (os) nuevas (os),2015-08-01,0,1,0,0,0,1
CHULUMANI (V. DE LA LIBERTAD),"anticoncepcion, prevencion de its y de cancer de cuello uterino",condon masculino: usuarias (os) nuevas (os),2015-08-01,0,0,3,0,0,3
CHUMA,"anticoncepcion, prevencion de its y de cancer de cuello uterino",condon masculino: usuarias (os) nuevas (os),2015-08-01,0,1,2,1,0,4
CHUQUIHUTA AYLLU JUCUMANI,"anticoncepcion, prevencion de its y de cancer de cuello uterino",condon masculino: usuarias (os) nuevas (os),2015-08-01,0,0,1,1,0,2
CKOCHAS,"anticoncepcion, prevencion de its y de cancer de cuello uterino",condon masculino: usuarias (os) nuevas (os),2015-08-01,0,0,4,0,0,4
CLIZA,"anticoncepcion, prevencion de its y de cancer de cuello uterino",condon masculino: usuarias (os) nuevas (os),2015-08-01,0,1,3,1,0,5
COBIJA,"anticoncepcion, prevencion de its y de cancer de cuello uterino",condon masculino: usuarias (os) nuevas (os),2015-08-01,0,1,1,0,0,2
COCAPATA,"anticoncepcion, prevencion de its y de cancer de cuello uterino",condon masculino: usuarias (os) nuevas (os),2015-08-01,0,1,5,1,1,8
COCHABAMBA,"anticoncepcion, prevencion de its y de cancer de cuello uterino",condon masculino: usuarias (os) nuevas (os),2015-08-01,0,70,420,514,1,1005
COLCAPIRHUA,"anticoncepcion, prevencion de its y de cancer de cuello uterino",condon masculino: usuarias (os) nuevas (os),2015-08-01,0,1,9,1,0,11
"COLCHA ""K""","anticoncepcion, prevencion de its y de cancer de cuello uterino",condon masculino: usuarias (os) nuevas (os),2015-08-01,0,1,8,1,2,12
COLLANA,"anticoncepcion, prevencion de its y de cancer de cuello uterino",condon masculino: usuarias (os) nuevas (os),2015-08-01,0,1,0,0,0,1
COLQUECHACA,"anticoncepcion, prevencion de its y de cancer de cuello uterino",condon masculino: usuarias (os) nuevas (os),2015-08-01,0,1,2,2,0,5
COLQUENCHA,"anticoncepcion, prevencion de its y de cancer de cuello uterino",condon masculino: usuarias (os) nuevas (os),2015-08-01,0,0,2,1,0,3
COMARAPA,"anticoncepcion, prevencion de its y de cancer de cuello uterino",condon masculino: usuarias (os) nuevas (os),2015-08-01,0,2,5,3,0,10
CONCEPCION,"anticoncepcion, prevencion de its y de cancer de cuello uterino",condon masculino: usuarias (os) nuevas (os),2015-08-01,0,0,1,0,0,1
COPACABANA,"anticoncepcion, prevencion de its y de cancer de cuello uterino",condon masculino: usuarias (os) nuevas (os),2015-08-01,0,0,1,0,0,1
CORIPATA,"anticoncepcion, prevencion de its y de cancer de cuello uterino",condon masculino: usuarias (os) nuevas (os),2015-08-01,0,0,3,0,0,3
CORQUE,"anticoncepcion, prevencion de its y de cancer de cuello uterino",condon masculino: usuarias (os) nuevas (os),2015-08-01,0,0,1,0,0,1
COTAGAITA,"anticoncepcion, prevencion de its y de cancer de cuello uterino",condon masculino: usuarias (os) nuevas (os),2015-08-01,0,5,3,1,0,9
COTOCA,"anticoncepcion, prevencion de its y de cancer de cuello uterino",condon masculino: usuarias (os) nuevas (os),2015-08-01,0,4,14,2,0,20
CUATRO CAÑADAS,"anticoncepcion, prevencion de its y de cancer de cuello uterino",condon masculino: usuarias (os) nuevas (os),2015-08-01,0,0,2,1,0,3
CUCHUMUELA (V. G. VILLARROEL),"anticoncepcion, prevencion de its y de cancer de cuello uterino",condon masculino: usuarias (os) nuevas (os),2015-08-01,0,0,0,1,0,1
CUEVO,"anticoncepcion, prevencion de its y de cancer de cuello uterino",condon masculino: usuarias (os) nuevas (os),2015-08-01,0,0,2,1,0,3
CULPINA,"anticoncepcion, prevencion de its y de cancer de cuello uterino",condon masculino: usuarias (os) nuevas (os),2015-08-01,0,2,14,1,0,17
CURAHUARA DE CARANGAS,"anticoncepcion, prevencion de its y de cancer de cuello uterino",condon masculino: usuarias (os) nuevas (os),2015-08-01,0,0,3,1,0,4
CURVA,"anticoncepcion, prevencion de its y de cancer de cuello uterino",condon masculino: usuarias (os) nuevas (os),2015-08-01,0,0,2,0,0,2
DESAGUADERO,"anticoncepcion, prevencion de its y de cancer de cuello uterino",condon masculino: usuarias (os) nuevas (os),2015-08-01,0,0,1,0,0,1
EL ALTO,"anticoncepcion, prevencion de its y de cancer de cuello uterino",condon masculino: usuarias (os) nuevas (os),2015-08-01,0,22,182,35,2,241
EL PUENTE(TJA),"anticoncepcion, prevencion de its y de cancer de cuello uterino",condon masculino: usuarias (os) nuevas (os),2015-08-01,0,2,3,0,0,5
EL TORNO,"anticoncepcion, prevencion de its y de cancer de cuello uterino",condon masculino: usuarias (os) nuevas (os),2015-08-01,2,11,11,2,0,26
EL VILLAR,"anticoncepcion, prevencion de its y de cancer de cuello uterino",condon masculino: usuarias (os) nuevas (os),2015-08-01,0,0,3,0,0,3
ENTRE RIOS TRJ,"anticoncepcion, prevencion de its y de cancer de cuello uterino",condon masculino: usuarias (os) nuevas (os),2015-08-01,0,2,13,9,0,24
ENTRE RIOS CBBA,"anticoncepcion, prevencion de its y de cancer de cuello uterino",condon masculino: usuarias (os) nuevas (os),2015-08-01,0,3,11,3,0,17
ESCOMA,"anticoncepcion, prevencion de its y de cancer de cuello uterino",condon masculino: usuarias (os) nuevas (os),2015-08-01,0,0,3,1,0,4
EUREKA (SANTOS MERCADO),"anticoncepcion, prevencion de its y de cancer de cuello uterino",condon masculino: usuarias (os) nuevas (os),2015-08-01,0,1,1,1,0,3
FERNANDEZ ALONSO,"anticoncepcion, prevencion de its y de cancer de cuello uterino",condon masculino: usuarias (os) nuevas (os),2015-08-01,0,2,1,0,0,3
FILADELFIA,"anticoncepcion, prevencion de its y de cancer de cuello uterino",condon masculino: usuarias (os) nuevas (os),2015-08-01,0,0,1,0,0,1
GENERAL SAAVEDRA,"anticoncepcion, prevencion de its y de cancer de cuello uterino",condon masculino: usuarias (os) nuevas (os),2015-08-01,0,0,1,0,0,1
GRAL. J.J. PEREZ (CHARAZANI),"anticoncepcion, prevencion de its y de cancer de cuello uterino",condon masculino: usuarias (os) nuevas (os),2015-08-01,0,0,1,0,0,1
GUANAY,"anticoncepcion, prevencion de its y de cancer de cuello uterino",condon masculino: usuarias (os) nuevas (os),2015-08-01,0,0,0,1,0,1
GUAYARAMERIN,"anticoncepcion, prevencion de its y de cancer de cuello uterino",condon masculino: usuarias (os) nuevas (os),2015-08-01,0,8,26,16,6,56
GUTIERREZ,"anticoncepcion, prevencion de its y de cancer de cuello uterino",condon masculino: usuarias (os) nuevas (os),2015-08-01,0,1,1,2,0,4
HUACARETA,"anticoncepcion, prevencion de its y de cancer de cuello uterino",condon masculino: usuarias (os) nuevas (os),2015-08-01,0,0,0,1,0,1
HUACAYA (VILLA DE HUACAYA),"anticoncepcion, prevencion de its y de cancer de cuello uterino",condon masculino: usuarias (os) nuevas (os),2015-08-01,0,0,2,0,0,2
HUANUNI,"anticoncepcion, prevencion de its y de cancer de cuello uterino",condon masculino: usuarias (os) nuevas (os),2015-08-01,0,0,1,1,0,2
HUARACAJE,"anticoncepcion, prevencion de its y de cancer de cuello uterino",condon masculino: usuarias (os) nuevas (os),2015-08-01,0,0,3,1,0,4
HUMANATA,"anticoncepcion, prevencion de its y de cancer de cuello uterino",condon masculino: usuarias (os) nuevas (os),2015-08-01,0,0,1,0,0,1
ICHOCA,"anticoncepcion, prevencion de its y de cancer de cuello uterino",condon masculino: usuarias (os) nuevas (os),2015-08-01,0,0,1,0,0,1
ICLA,"anticoncepcion, prevencion de its y de cancer de cuello uterino",condon masculino: usuarias (os) nuevas (os),2015-08-01,0,4,1,0,0,5
INCAHUASI,"anticoncepcion, prevencion de its y de cancer de cuello uterino",condon masculino: usuarias (os) nuevas (os),2015-08-01,0,1,2,0,0,3
INQUISIVI,"anticoncepcion, prevencion de its y de cancer de cuello uterino",condon masculino: usuarias (os) nuevas (os),2015-08-01,0,1,2,1,0,4
IXIAMAS,"anticoncepcion, prevencion de its y de cancer de cuello uterino",condon masculino: usuarias (os) nuevas (os),2015-08-01,0,3,0,0,0,3
JESUS DE MACHACA,"anticoncepcion, prevencion de its y de cancer de cuello uterino",condon masculino: usuarias (os) nuevas (os),2015-08-01,0,1,0,1,0,2
LA ASUNTA,"anticoncepcion, prevencion de its y de cancer de cuello uterino",condon masculino: usuarias (os) nuevas (os),2015-08-01,0,2,3,1,0,6
LA GUARDIA,"anticoncepcion, prevencion de its y de cancer de cuello uterino",condon masculino: usuarias (os) nuevas (os),2015-08-01,2,5,19,1,0,27
LA PAZ,"anticoncepcion, prevencion de its y de cancer de cuello uterino",condon masculino: usuarias (os) nuevas (os),2015-08-01,0,14,349,18,0,381
LAJA,"anticoncepcion, prevencion de its y de cancer de cuello uterino",condon masculino: usuarias (os) nuevas (os),2015-08-01,0,0,1,1,0,2
LAS CARRERAS,"anticoncepcion, prevencion de its y de cancer de cuello uterino",condon masculino: usuarias (os) nuevas (os),2015-08-01,1,0,4,0,0,5
LICOMA PAMPA,"anticoncepcion, prevencion de its y de cancer de cuello uterino",condon masculino: usuarias (os) nuevas (os),2015-08-01,0,0,1,0,0,1
LLALLAGUA,"anticoncepcion, prevencion de its y de cancer de cuello uterino",condon masculino: usuarias (os) nuevas (os),2015-08-01,0,0,14,4,1,19
LLICA,"anticoncepcion, prevencion de its y de cancer de cuello uterino",condon masculino: usuarias (os) nuevas (os),2015-08-01,0,0,1,0,0,1
LORETO,"anticoncepcion, prevencion de its y de cancer de cuello uterino",condon masculino: usuarias (os) nuevas (os),2015-08-01,0,0,2,1,0,3
LURIBAY,"anticoncepcion, prevencion de its y de cancer de cuello uterino",condon masculino: usuarias (os) nuevas (os),2015-08-01,0,0,3,0,0,3
MACHARETI,"anticoncepcion, prevencion de its y de cancer de cuello uterino",condon masculino: usuarias (os) nuevas (os),2015-08-01,0,0,4,0,0,4
MAGDALENA,"anticoncepcion, prevencion de its y de cancer de cuello uterino",condon masculino: usuarias (os) nuevas (os),2015-08-01,0,7,24,11,0,42
MAIRANA,"anticoncepcion, prevencion de its y de cancer de cuello uterino",condon masculino: usuarias (os) nuevas (os),2015-08-01,0,0,1,0,0,1
MECAPACA,"anticoncepcion, prevencion de its y de cancer de cuello uterino",condon masculino: usuarias (os) nuevas (os),2015-08-01,0,1,1,1,0,3
MINEROS,"anticoncepcion, prevencion de its y de cancer de cuello uterino",condon masculino: usuarias (os) nuevas (os),2015-08-01,0,1,5,1,0,7
MIZQUE,"anticoncepcion, prevencion de its y de cancer de cuello uterino",condon masculino: usuarias (os) nuevas (os),2015-08-01,0,2,2,3,0,7
MOCOMOCO,"anticoncepcion, prevencion de its y de cancer de cuello uterino",condon masculino: usuarias (os) nuevas (os),2015-08-01,0,2,2,1,0,5
MOJOCOYA,"anticoncepcion, prevencion de its y de cancer de cuello uterino",condon masculino: usuarias (os) nuevas (os),2015-08-01,0,1,3,2,0,6
MONTEAGUDO,"anticoncepcion, prevencion de its y de cancer de cuello uterino",condon masculino: usuarias (os) nuevas (os),2015-08-01,0,6,5,1,0,12
MONTERO,"anticoncepcion, prevencion de its y de cancer de cuello uterino",condon masculino: usuarias (os) nuevas (os),2015-08-01,0,3,17,4,0,24
MORO MORO,"anticoncepcion, prevencion de its y de cancer de cuello uterino",condon masculino: usuarias (os) nuevas (os),2015-08-01,0,0,1,0,0,1
MOROCHATA,"anticoncepcion, prevencion de its y de cancer de cuello uterino",condon masculino: usuarias (os) nuevas (os),2015-08-01,0,0,1,0,0,1
NACEBE (SANTA ROSA DEL ABUNA),"anticoncepcion, prevencion de its y de cancer de cuello uterino",condon masculino: usuarias (os) nuevas (os),2015-08-01,0,6,8,2,0,16
NUEVO MANOA (NUEVA ESPERANZA),"anticoncepcion, prevencion de its y de cancer de cuello uterino",condon masculino: usuarias (os) nuevas (os),2015-08-01,0,0,1,3,0,4
OCURI,"anticoncepcion, prevencion de its y de cancer de cuello uterino",condon masculino: usuarias (os) nuevas (os),2015-08-01,0,0,0,1,0,1
OMEREQUE,"anticoncepcion, prevencion de its y de cancer de cuello uterino",condon masculino: usuarias (os) nuevas (os),2015-08-01,0,0,1,1,0,2
ORURO,"anticoncepcion, prevencion de its y de cancer de cuello uterino",condon masculino: usuarias (os) nuevas (os),2015-08-01,0,73,106,48,0,227
PADCAYA,"anticoncepcion, prevencion de its y de cancer de cuello uterino",condon masculino: usuarias (os) nuevas (os),2015-08-01,0,7,5,2,0,14
PADILLA,"anticoncepcion, prevencion de its y de cancer de cuello uterino",condon masculino: usuarias (os) nuevas (os),2015-08-01,0,0,1,0,0,1
PAILON,"anticoncepcion, prevencion de its y de cancer de cuello uterino",condon masculino: usuarias (os) nuevas (os),2015-08-01,0,0,7,1,0,8
PALOS BLANCOS,"anticoncepcion, prevencion de its y de cancer de cuello uterino",condon masculino: usuarias (os) nuevas (os),2015-08-01,0,1,9,2,0,12
PAMPA AULLAGAS,"anticoncepcion, prevencion de its y de cancer de cuello uterino",condon masculino: usuarias (os) nuevas (os),2015-08-01,0,0,1,0,0,1
PAMPA GRANDE,"anticoncepcion, prevencion de its y de cancer de cuello uterino",condon masculino: usuarias (os) nuevas (os),2015-08-01,0,0,1,0,1,2
PAPEL PAMPA,"anticoncepcion, prevencion de its y de cancer de cuello uterino",condon masculino: usuarias (os) nuevas (os),2015-08-01,0,1,0,0,0,1
PAZÑA,"anticoncepcion, prevencion de its y de cancer de cuello uterino",condon masculino: usuarias (os) nuevas (os),2015-08-01,0,0,2,0,0,2
PELECHUCO,"anticoncepcion, prevencion de its y de cancer de cuello uterino",condon masculino: usuarias (os) nuevas (os),2015-08-01,0,0,1,0,0,1
POCOATA,"anticoncepcion, prevencion de its y de cancer de cuello uterino",condon masculino: usuarias (os) nuevas (os),2015-08-01,0,2,5,1,0,8
POCONA,"anticoncepcion, prevencion de its y de cancer de cuello uterino",condon masculino: usuarias (os) nuevas (os),2015-08-01,0,0,3,2,1,6
POJO (CBBA),"anticoncepcion, prevencion de its y de cancer de cuello uterino",condon masculino: usuarias (os) nuevas (os),2015-08-01,0,0,6,1,0,7
POOPO,"anticoncepcion, prevencion de its y de cancer de cuello uterino",condon masculino: usuarias (os) nuevas (os),2015-08-01,0,0,1,0,0,1
PORCO,"anticoncepcion, prevencion de its y de cancer de cuello uterino",condon masculino: usuarias (os) nuevas (os),2015-08-01,0,1,2,0,0,3
PORONGO,"anticoncepcion, prevencion de its y de cancer de cuello uterino",condon masculino: usuarias (os) nuevas (os),2015-08-01,0,0,3,0,0,3
PORTACHUELO,"anticoncepcion, prevencion de its y de cancer de cuello uterino",condon masculino: usuarias (os) nuevas (os),2015-08-01,0,0,1,0,0,1
POTOSI,"anticoncepcion, prevencion de its y de cancer de cuello uterino",condon masculino: usuarias (os) nuevas (os),2015-08-01,0,3,41,11,0,55
PRESTO,"anticoncepcion, prevencion de its y de cancer de cuello uterino",condon masculino: usuarias (os) nuevas (os),2015-08-01,0,0,3,0,0,3
PUCARANI,"anticoncepcion, prevencion de its y de cancer de cuello uterino",condon masculino: usuarias (os) nuevas (os),2015-08-01,0,0,1,1,0,2
PUERTO CARABUCO,"anticoncepcion, prevencion de its y de cancer de cuello uterino",condon masculino: usuarias (os) nuevas (os),2015-08-01,0,0,1,0,0,1
PUERTO GONZALO MORENO,"anticoncepcion, prevencion de its y de cancer de cuello uterino",condon masculino: usuarias (os) nuevas (os),2015-08-01,0,0,1,0,0,1
PUERTO PEREZ,"anticoncepcion, prevencion de its y de cancer de cuello uterino",condon masculino: usuarias (os) nuevas (os),2015-08-01,0,0,1,0,0,1
PUERTO QUIJARRO,"anticoncepcion, prevencion de its y de cancer de cuello uterino",condon masculino: usuarias (os) nuevas (os),2015-08-01,0,2,16,0,0,18
PUERTO RICO,"anticoncepcion, prevencion de its y de cancer de cuello uterino",condon masculino: usuarias (os) nuevas (os),2015-08-01,0,0,3,0,0,3
PUERTO SILES,"anticoncepcion, prevencion de its y de cancer de cuello uterino",condon masculino: usuarias (os) nuevas (os),2015-08-01,0,0,0,1,0,1
PUERTO VILLARROEL,"anticoncepcion, prevencion de its y de cancer de cuello uterino",condon masculino: usuarias (os) nuevas (os),2015-08-01,0,8,16,3,0,27
PUNA,"anticoncepcion, prevencion de its y de cancer de cuello uterino",condon masculino: usuarias (os) nuevas (os),2015-08-01,0,1,1,0,0,2
PUNATA,"anticoncepcion, prevencion de its y de cancer de cuello uterino",condon masculino: usuarias (os) nuevas (os),2015-08-01,0,2,9,4,0,15
QUIABAYA,"anticoncepcion, prevencion de its y de cancer de cuello uterino",condon masculino: usuarias (os) nuevas (os),2015-08-01,0,1,0,0,0,1
QUILLACOLLO,"anticoncepcion, prevencion de its y de cancer de cuello uterino",condon masculino: usuarias (os) nuevas (os),2015-08-01,0,5,34,4,0,43
QUIME,"anticoncepcion, prevencion de its y de cancer de cuello uterino",condon masculino: usuarias (os) nuevas (os),2015-08-01,0,0,1,0,0,1
RAVELO,"anticoncepcion, prevencion de its y de cancer de cuello uterino",condon masculino: usuarias (os) nuevas (os),2015-08-01,0,0,1,0,0,1
REYES,"anticoncepcion, prevencion de its y de cancer de cuello uterino",condon masculino: usuarias (os) nuevas (os),2015-08-01,0,2,4,0,0,6
RIBERALTA,"anticoncepcion, prevencion de its y de cancer de cuello uterino",condon masculino: usuarias (os) nuevas (os),2015-08-01,0,11,30,8,0,49
ROBORE,"anticoncepcion, prevencion de its y de cancer de cuello uterino",condon masculino: usuarias (os) nuevas (os),2015-08-01,0,1,0,0,0,1
RURRENABAQUE,"anticoncepcion, prevencion de its y de cancer de cuello uterino",condon masculino: usuarias (os) nuevas (os),2015-08-01,0,0,0,1,0,1
SACABA,"anticoncepcion, prevencion de its y de cancer de cuello uterino",condon masculino: usuarias (os) nuevas (os),2015-08-01,0,8,59,7,0,74
SACACA,"anticoncepcion, prevencion de its y de cancer de cuello uterino",condon masculino: usuarias (os) nuevas (os),2015-08-01,0,0,5,0,0,5
SAIPINA,"anticoncepcion, prevencion de its y de cancer de cuello uterino",condon masculino: usuarias (os) nuevas (os),2015-08-01,0,0,1,0,0,1
SALINAS DE GARCI MENDOZA,"anticoncepcion, prevencion de its y de cancer de cuello uterino",condon masculino: usuarias (os) nuevas (os),2015-08-01,0,3,9,0,0,12
SAN AGUSTIN,"anticoncepcion, prevencion de its y de cancer de cuello uterino",condon masculino: usuarias (os) nuevas (os),2015-08-01,0,0,0,1,0,1
SAN ANDRES,"anticoncepcion, prevencion de its y de cancer de cuello uterino",condon masculino: usuarias (os) nuevas (os),2015-08-01,0,2,0,0,0,2
SAN ANDRES DE MACHACA,"anticoncepcion, prevencion de its y de cancer de cuello uterino",condon masculino: usuarias (os) nuevas (os),2015-08-01,0,0,0,2,0,2
SAN ANTONIO DE ESMORUCO,"anticoncepcion, prevencion de its y de cancer de cuello uterino",condon masculino: usuarias (os) nuevas (os),2015-08-01,0,0,1,0,0,1
SAN BORJA,"anticoncepcion, prevencion de its y de cancer de cuello uterino",condon masculino: usuarias (os) nuevas (os),2015-08-01,0,2,5,3,0,10
SAN CARLOS,"anticoncepcion, prevencion de its y de cancer de cuello uterino",condon masculino: usuarias (os) nuevas (os),2015-08-01,0,0,2,1,0,3
SAN IGNACIO,"anticoncepcion, prevencion de its y de cancer de cuello uterino",condon masculino: usuarias (os) nuevas (os),2015-08-01,0,2,5,1,0,8
SAN IGNACIO DE VELASCO,"anticoncepcion, prevencion de its y de cancer de cuello uterino",condon masculino: usuarias (os) nuevas (os),2015-08-01,0,2,2,0,0,4
SAN JAVIER(BNI),"anticoncepcion, prevencion de its y de cancer de cuello uterino",condon masculino: usuarias (os) nuevas (os),2015-08-01,2,0,16,1,0,19
SAN JAVIER(STC),"anticoncepcion, prevencion de its y de cancer de cuello uterino",condon masculino: usuarias (os) nuevas (os),2015-08-01,0,1,1,0,0,2
SAN JOSE DE CHIQUITOS,"anticoncepcion, prevencion de its y de cancer de cuello uterino",condon masculino: usuarias (os) nuevas (os),2015-08-01,0,1,2,2,0,5
SAN JUAN DE YAPACANI,"anticoncepcion, prevencion de its y de cancer de cuello uterino",condon masculino: usuarias (os) nuevas (os),2015-08-01,0,1,1,0,0,2
SAN JULIAN,"anticoncepcion, prevencion de its y de cancer de cuello uterino",condon masculino: usuarias (os) nuevas (os),2015-08-01,0,0,1,0,0,1
SAN LORENZO(PND),"anticoncepcion, prevencion de its y de cancer de cuello uterino",condon masculino: usuarias (os) nuevas (os),2015-08-01,0,0,1,0,0,1
SAN LORENZO(TJA),"anticoncepcion, prevencion de its y de cancer de cuello uterino",condon masculino: usuarias (os) nuevas (os),2015-08-01,0,1,2,0,0,3
SAN LUCAS,"anticoncepcion, prevencion de its y de cancer de cuello uterino",condon masculino: usuarias (os) nuevas (os),2015-08-01,1,2,7,3,0,13
SAN MIGUEL DE VELASCO,"anticoncepcion, prevencion de its y de cancer de cuello uterino",condon masculino: usuarias (os) nuevas (os),2015-08-01,0,1,2,0,0,3
SAN PEDRO,"anticoncepcion, prevencion de its y de cancer de cuello uterino",condon masculino: usuarias (os) nuevas (os),2015-08-01,0,0,1,1,0,2
SAN PEDRO DE BUENA VISTA,"anticoncepcion, prevencion de its y de cancer de cuello uterino",condon masculino: usuarias (os) nuevas (os),2015-08-01,0,0,7,0,0,7
SAN PEDRO DE CURAHUARA,"anticoncepcion, prevencion de its y de cancer de cuello uterino",condon masculino: usuarias (os) nuevas (os),2015-08-01,0,1,2,0,0,3
SAN PEDRO DE TIQUINA,"anticoncepcion, prevencion de its y de cancer de cuello uterino",condon masculino: usuarias (os) nuevas (os),2015-08-01,0,3,0,0,0,3
SAN PEDRO(PND),"anticoncepcion, prevencion de its y de cancer de cuello uterino",condon masculino: usuarias (os) nuevas (os),2015-08-01,0,0,2,0,0,2
SAN RAFAEL,"anticoncepcion, prevencion de its y de cancer de cuello uterino",condon masculino: usuarias (os) nuevas (os),2015-08-01,0,1,4,2,0,7
SAN RAMON SCZ,"anticoncepcion, prevencion de its y de cancer de cuello uterino",condon masculino: usuarias (os) nuevas (os),2015-08-01,0,0,4,0,0,4
SANTA ANA,"anticoncepcion, prevencion de its y de cancer de cuello uterino",condon masculino: usuarias (os) nuevas (os),2015-08-01,0,0,6,0,0,6
SANTA CRUZ DE LA SIERRA,"anticoncepcion, prevencion de its y de cancer de cuello uterino",condon masculino: usuarias (os) nuevas (os),2015-08-01,2,52,687,168,0,909
SANTA ROSA,"anticoncepcion, prevencion de its y de cancer de cuello uterino",condon masculino: usuarias (os) nuevas (os),2015-08-01,0,1,0,0,0,1
SANTA ROSA DEL SARA,"anticoncepcion, prevencion de its y de cancer de cuello uterino",condon masculino: usuarias (os) nuevas (os),2015-08-01,0,7,2,2,0,11
SANTIAGO DE CALLAPA,"anticoncepcion, prevencion de its y de cancer de cuello uterino",condon masculino: usuarias (os) nuevas (os),2015-08-01,0,0,1,0,0,1
SANTIAGO DE HUARI,"anticoncepcion, prevencion de its y de cancer de cuello uterino",condon masculino: usuarias (os) nuevas (os),2015-08-01,0,1,2,0,0,3
SANTIAGO DE HUATA,"anticoncepcion, prevencion de its y de cancer de cuello uterino",condon masculino: usuarias (os) nuevas (os),2015-08-01,0,0,1,0,0,1
SANTIVAÑES,"anticoncepcion, prevencion de its y de cancer de cuello uterino",condon masculino: usuarias (os) nuevas (os),2015-08-01,0,0,1,0,0,1
SANTUARIO DE QUILLACAS,"anticoncepcion, prevencion de its y de cancer de cuello uterino",condon masculino: usuarias (os) nuevas (os),2015-08-01,0,6,7,2,0,15
SAPAHAQUI,"anticoncepcion, prevencion de its y de cancer de cuello uterino",condon masculino: usuarias (os) nuevas (os),2015-08-01,0,1,1,0,0,2
SENA,"anticoncepcion, prevencion de its y de cancer de cuello uterino",condon masculino: usuarias (os) nuevas (os),2015-08-01,0,3,3,1,0,7
SHINAOTA,"anticoncepcion, prevencion de its y de cancer de cuello uterino",condon masculino: usuarias (os) nuevas (os),2015-08-01,0,0,1,0,0,1
SICA SICA (VILLA AROMA),"anticoncepcion, prevencion de its y de cancer de cuello uterino",condon masculino: usuarias (os) nuevas (os),2015-08-01,0,3,2,2,0,7
SIPE SIPE,"anticoncepcion, prevencion de its y de cancer de cuello uterino",condon masculino: usuarias (os) nuevas (os),2015-08-01,0,4,11,15,0,30
SOPACHUY,"anticoncepcion, prevencion de its y de cancer de cuello uterino",condon masculino: usuarias (os) nuevas (os),2015-08-01,0,1,3,2,0,6
SORACACHI,"anticoncepcion, prevencion de its y de cancer de cuello uterino",condon masculino: usuarias (os) nuevas (os),2015-08-01,0,0,3,0,0,3
SORATA,"anticoncepcion, prevencion de its y de cancer de cuello uterino",condon masculino: usuarias (os) nuevas (os),2015-08-01,0,4,1,0,0,5
SUCRE,"anticoncepcion, prevencion de its y de cancer de cuello uterino",condon masculino: usuarias (os) nuevas (os),2015-08-01,0,32,147,52,1,232
TACACOMA,"anticoncepcion, prevencion de its y de cancer de cuello uterino",condon masculino: usuarias (os) nuevas (os),2015-08-01,0,0,1,0,0,1
TACOBAMBA,"anticoncepcion, prevencion de its y de cancer de cuello uterino",condon masculino: usuarias (os) nuevas (os),2015-08-01,0,0,1,0,0,1
TACOPAYA,"anticoncepcion, prevencion de its y de cancer de cuello uterino",condon masculino: usuarias (os) nuevas (os),2015-08-01,0,2,0,0,0,2
TAPACARI,"anticoncepcion, prevencion de its y de cancer de cuello uterino",condon masculino: usuarias (os) nuevas (os),2015-08-01,0,1,4,2,0,7
TARABUCO,"anticoncepcion, prevencion de its y de cancer de cuello uterino",condon masculino: usuarias (os) nuevas (os),2015-08-01,0,3,2,1,0,6
TARACO,"anticoncepcion, prevencion de its y de cancer de cuello uterino",condon masculino: usuarias (os) nuevas (os),2015-08-01,0,1,1,0,0,2
TARATA,"anticoncepcion, prevencion de its y de cancer de cuello uterino",condon masculino: usuarias (os) nuevas (os),2015-08-01,0,0,0,1,0,1
TARIJA,"anticoncepcion, prevencion de its y de cancer de cuello uterino",condon masculino: usuarias (os) nuevas (os),2015-08-01,1,10,16,8,0,35
TARVITA,"anticoncepcion, prevencion de its y de cancer de cuello uterino",condon masculino: usuarias (os) nuevas (os),2015-08-01,0,1,5,1,0,7
TIAWANACU,"anticoncepcion, prevencion de its y de cancer de cuello uterino",condon masculino: usuarias (os) nuevas (os),2015-08-01,0,1,0,0,0,1
TINGUIPAYA,"anticoncepcion, prevencion de its y de cancer de cuello uterino",condon masculino: usuarias (os) nuevas (os),2015-08-01,0,3,1,0,0,4
TIQUIPAYA,"anticoncepcion, prevencion de its y de cancer de cuello uterino",condon masculino: usuarias (os) nuevas (os),2015-08-01,0,8,24,2,0,34
TIRAQUE (CBBA),"anticoncepcion, prevencion de its y de cancer de cuello uterino",condon masculino: usuarias (os) nuevas (os),2015-08-01,0,1,3,1,0,5
TITO YUPANQUI (PARQUIPUJIO),"anticoncepcion, prevencion de its y de cancer de cuello uterino",condon masculino: usuarias (os) nuevas (os),2015-08-01,0,0,0,1,1,2
TOLATA,"anticoncepcion, prevencion de its y de cancer de cuello uterino",condon masculino: usuarias (os) nuevas (os),2015-08-01,0,0,5,0,0,5
TOLEDO,"anticoncepcion, prevencion de its y de cancer de cuello uterino",condon masculino: usuarias (os) nuevas (os),2015-08-01,0,0,1,0,0,1
TOMAVE,"anticoncepcion, prevencion de its y de cancer de cuello uterino",condon masculino: usuarias (os) nuevas (os),2015-08-01,0,2,5,0,0,7
TOMINA,"anticoncepcion, prevencion de its y de cancer de cuello uterino",condon masculino: usuarias (os) nuevas (os),2015-08-01,0,1,1,0,0,2
TORO TORO,"anticoncepcion, prevencion de its y de cancer de cuello uterino",condon masculino: usuarias (os) nuevas (os),2015-08-01,0,0,6,1,0,7
TOTORA(CBBA),"anticoncepcion, prevencion de its y de cancer de cuello uterino",condon masculino: usuarias (os) nuevas (os),2015-08-01,0,1,0,0,0,1
TOTORA(ORR),"anticoncepcion, prevencion de its y de cancer de cuello uterino",condon masculino: usuarias (os) nuevas (os),2015-08-01,0,0,1,0,0,1
TRINIDAD,"anticoncepcion, prevencion de its y de cancer de cuello uterino",condon masculino: usuarias (os) nuevas (os),2015-08-01,0,43,23,0,0,66
TUPIZA,"anticoncepcion, prevencion de its y de cancer de cuello uterino",condon masculino: usuarias (os) nuevas (os),2015-08-01,0,1,13,2,0,16
TURCO,"anticoncepcion, prevencion de its y de cancer de cuello uterino",condon masculino: usuarias (os) nuevas (os),2015-08-01,0,1,1,0,0,2
UMALA,"anticoncepcion, prevencion de its y de cancer de cuello uterino",condon masculino: usuarias (os) nuevas (os),2015-08-01,0,1,2,0,0,3
UNCIA,"anticoncepcion, prevencion de its y de cancer de cuello uterino",condon masculino: usuarias (os) nuevas (os),2015-08-01,0,0,3,0,0,3
URIONDO (A. CONCEPCION),"anticoncepcion, prevencion de its y de cancer de cuello uterino",condon masculino: usuarias (os) nuevas (os),2015-08-01,0,1,4,0,0,5
URUBICHA,"anticoncepcion, prevencion de its y de cancer de cuello uterino",condon masculino: usuarias (os) nuevas (os),2015-08-01,0,2,0,0,0,2
UYUNI,"anticoncepcion, prevencion de its y de cancer de cuello uterino",condon masculino: usuarias (os) nuevas (os),2015-08-01,0,1,1,1,0,3
VACAS,"anticoncepcion, prevencion de its y de cancer de cuello uterino",condon masculino: usuarias (os) nuevas (os),2015-08-01,0,0,0,1,0,1
VALLEGRANDE,"anticoncepcion, prevencion de its y de cancer de cuello uterino",condon masculino: usuarias (os) nuevas (os),2015-08-01,0,1,0,0,0,1
VIACHA,"anticoncepcion, prevencion de its y de cancer de cuello uterino",condon masculino: usuarias (os) nuevas (os),2015-08-01,0,7,26,3,0,36
VILA VILA,"anticoncepcion, prevencion de its y de cancer de cuello uterino",condon masculino: usuarias (os) nuevas (os),2015-08-01,0,0,0,1,0,1
VILLA CHARCAS,"anticoncepcion, prevencion de its y de cancer de cuello uterino",condon masculino: usuarias (os) nuevas (os),2015-08-01,0,0,2,0,0,2
VILLA MONTES,"anticoncepcion, prevencion de its y de cancer de cuello uterino",condon masculino: usuarias (os) nuevas (os),2015-08-01,0,0,4,2,0,6
VILLA RIVERO,"anticoncepcion, prevencion de its y de cancer de cuello uterino",condon masculino: usuarias (os) nuevas (os),2015-08-01,0,2,1,0,0,3
VILLA SERRANO,"anticoncepcion, prevencion de its y de cancer de cuello uterino",condon masculino: usuarias (os) nuevas (os),2015-08-01,0,1,6,1,0,8
VILLA TUNARI,"anticoncepcion, prevencion de its y de cancer de cuello uterino",condon masculino: usuarias (os) nuevas (os),2015-08-01,1,12,27,2,0,42
VILLA VACA GUZMAN (MUYUPAMPA),"anticoncepcion, prevencion de its y de cancer de cuello uterino",condon masculino: usuarias (os) nuevas (os),2015-08-01,0,1,2,1,0,4
VILLAZON,"anticoncepcion, prevencion de its y de cancer de cuello uterino",condon masculino: usuarias (os) nuevas (os),2015-08-01,0,0,7,1,0,8
VINTO,"anticoncepcion, prevencion de its y de cancer de cuello uterino",condon masculino: usuarias (os) nuevas (os),2015-08-01,1,24,21,2,0,48
VITICHI,"anticoncepcion, prevencion de its y de cancer de cuello uterino",condon masculino: usuarias (os) nuevas (os),2015-08-01,0,0,1,0,0,1
WARNES,"anticoncepcion, prevencion de its y de cancer de cuello uterino",condon masculino: usuarias (os) nuevas (os),2015-08-01,0,3,20,8,7,38
YACO,"anticoncepcion, prevencion de its y de cancer de cuello uterino",condon masculino: usuarias (os) nuevas (os),2015-08-01,0,0,3,0,0,3
YACUIBA,"anticoncepcion, prevencion de its y de cancer de cuello uterino",condon masculino: usuarias (os) nuevas (os),2015-08-01,0,5,17,8,0,30
YANACACHI,"anticoncepcion, prevencion de its y de cancer de cuello uterino",condon masculino: usuarias (os) nuevas (os),2015-08-01,0,1,4,0,0,5
YAPACANI,"anticoncepcion, prevencion de its y de cancer de cuello uterino",condon masculino: usuarias (os) nuevas (os),2015-08-01,0,4,7,6,0,17
YOCALLA,"anticoncepcion, prevencion de its y de cancer de cuello uterino",condon masculino: usuarias (os) nuevas (os),2015-08-01,0,0,1,4,0,5
YOTALA,"anticoncepcion, prevencion de its y de cancer de cuello uterino",condon masculino: usuarias (os) nuevas (os),2015-08-01,0,2,8,0,0,10
YUNCHARA,"anticoncepcion, prevencion de its y de cancer de cuello uterino",condon masculino: usuarias (os) nuevas (os),2015-08-01,0,2,3,0,0,5
ACACIO,"anticoncepcion, prevencion de its y de cancer de cuello uterino",condon masculino: usuarias (os) nuevas (os),2015-09-01,0,0,1,1,0,2
ACHACACHI,"anticoncepcion, prevencion de its y de cancer de cuello uterino",condon masculino: usuarias (os) nuevas (os),2015-09-01,0,2,6,2,0,10
ACHOCALLA,"anticoncepcion, prevencion de its y de cancer de cuello uterino",condon masculino: usuarias (os) nuevas (os),2015-09-01,0,0,5,0,0,5
AIQUILE,"anticoncepcion, prevencion de its y de cancer de cuello uterino",condon masculino: usuarias (os) nuevas (os),2015-09-01,0,0,2,0,0,2
ALTO BENI,"anticoncepcion, prevencion de its y de cancer de cuello uterino",condon masculino: usuarias (os) nuevas (os),2015-09-01,0,1,5,2,0,8
ANCORAIMES,"anticoncepcion, prevencion de its y de cancer de cuello uterino",condon masculino: usuarias (os) nuevas (os),2015-09-01,0,0,1,0,0,1
ANTEQUERA,"anticoncepcion, prevencion de its y de cancer de cuello uterino",condon masculino: usuarias (os) nuevas (os),2015-09-01,0,1,1,1,0,3
APOLO,"anticoncepcion, prevencion de its y de cancer de cuello uterino",condon masculino: usuarias (os) nuevas (os),2015-09-01,0,0,2,1,0,3
ARAMPAMPA,"anticoncepcion, prevencion de its y de cancer de cuello uterino",condon masculino: usuarias (os) nuevas (os),2015-09-01,0,0,1,1,0,2
ARBIETO,"anticoncepcion, prevencion de its y de cancer de cuello uterino",condon masculino: usuarias (os) nuevas (os),2015-09-01,0,10,3,0,0,13
ARQUE,"anticoncepcion, prevencion de its y de cancer de cuello uterino",condon masculino: usuarias (os) nuevas (os),2015-09-01,0,0,1,1,3,5
ASCENCION DE GUARAYOS,"anticoncepcion, prevencion de its y de cancer de cuello uterino",condon masculino: usuarias (os) nuevas (os),2015-09-01,0,0,3,0,0,3
ATOCHA,"anticoncepcion, prevencion de its y de cancer de cuello uterino",condon masculino: usuarias (os) nuevas (os),2015-09-01,0,0,5,0,0,5
AUCAPATA,"anticoncepcion, prevencion de its y de cancer de cuello uterino",condon masculino: usuarias (os) nuevas (os),2015-09-01,0,0,1,0,0,1
AYATA,"anticoncepcion, prevencion de its y de cancer de cuello uterino",condon masculino: usuarias (os) nuevas (os),2015-09-01,0,0,0,1,0,1
AYO AYO,"anticoncepcion, prevencion de its y de cancer de cuello uterino",condon masculino: usuarias (os) nuevas (os),2015-09-01,0,0,2,0,0,2
AYOPAYA (V. DE INDEPENDENCIA),"anticoncepcion, prevencion de its y de cancer de cuello uterino",condon masculino: usuarias (os) nuevas (os),2015-09-01,0,2,6,2,0,10
AZURDUY,"anticoncepcion, prevencion de its y de cancer de cuello uterino",condon masculino: usuarias (os) nuevas (os),2015-09-01,0,0,1,1,0,2
BATALLAS,"anticoncepcion, prevencion de its y de cancer de cuello uterino",condon masculino: usuarias (os) nuevas (os),2015-09-01,0,0,1,0,0,1
BAURES,"anticoncepcion, prevencion de its y de cancer de cuello uterino",condon masculino: usuarias (os) nuevas (os),2015-09-01,0,0,4,0,0,4
BELEN DE ANDAMARCA,"anticoncepcion, prevencion de its y de cancer de cuello uterino",condon masculino: usuarias (os) nuevas (os),2015-09-01,0,0,0,2,0,2
BELEN DE URMIRI,"anticoncepcion, prevencion de its y de cancer de cuello uterino",condon masculino: usuarias (os) nuevas (os),2015-09-01,0,1,1,0,0,2
BELLA FLOR,"anticoncepcion, prevencion de its y de cancer de cuello uterino",condon masculino: usuarias (os) nuevas (os),2015-09-01,0,0,1,0,0,1
BERMEJO,"anticoncepcion, prevencion de its y de cancer de cuello uterino",condon masculino: usuarias (os) nuevas (os),2015-09-01,0,0,8,1,0,9
BETANZOS,"anticoncepcion, prevencion de its y de cancer de cuello uterino",condon masculino: usuarias (os) nuevas (os),2015-09-01,0,1,1,4,0,6
BOYUIBE,"anticoncepcion, prevencion de its y de cancer de cuello uterino",condon masculino: usuarias (os) nuevas (os),2015-09-01,0,0,1,0,0,1
BUENA VISTA,"anticoncepcion, prevencion de its y de cancer de cuello uterino",condon masculino: usuarias (os) nuevas (os),2015-09-01,0,1,6,0,0,7
CABEZAS,"anticoncepcion, prevencion de its y de cancer de cuello uterino",condon masculino: usuarias (os) nuevas (os),2015-09-01,0,9,11,7,0,27
CAIROMA,"anticoncepcion, prevencion de its y de cancer de cuello uterino",condon masculino: usuarias (os) nuevas (os),2015-09-01,0,3,3,0,0,6
"CAIZA ""D""","anticoncepcion, prevencion de its y de cancer de cuello uterino",condon masculino: usuarias (os) nuevas (os),2015-09-01,0,2,0,0,0,2
CAJUATA,"anticoncepcion, prevencion de its y de cancer de cuello uterino",condon masculino: usuarias (os) nuevas (os),2015-09-01,0,1,1,0,0,2
CALAMARCA,"anticoncepcion, prevencion de its y de cancer de cuello uterino",condon masculino: usuarias (os) nuevas (os),2015-09-01,0,1,6,1,0,8
CAMARGO,"anticoncepcion, prevencion de its y de cancer de cuello uterino",condon masculino: usuarias (os) nuevas (os),2015-09-01,0,0,1,0,0,1
CAMATAQUI (C. VILLA ABECIA),"anticoncepcion, prevencion de its y de cancer de cuello uterino",condon masculino: usuarias (os) nuevas (os),2015-09-01,0,0,2,0,0,2
CAMIRI,"anticoncepcion, prevencion de its y de cancer de cuello uterino",condon masculino: usuarias (os) nuevas (os),2015-09-01,0,1,1,0,0,2
CAPINOTA,"anticoncepcion, prevencion de its y de cancer de cuello uterino",condon masculino: usuarias (os) nuevas (os),2015-09-01,0,0,4,2,0,6
CAQUIAVIRI,"anticoncepcion, prevencion de its y de cancer de cuello uterino",condon masculino: usuarias (os) nuevas (os),2015-09-01,0,1,2,0,0,3
CARACOLLO,"anticoncepcion, prevencion de its y de cancer de cuello uterino",condon masculino: usuarias (os) nuevas (os),2015-09-01,0,0,2,0,0,2
CARANAVI,"anticoncepcion, prevencion de its y de cancer de cuello uterino",condon masculino: usuarias (os) nuevas (os),2015-09-01,1,6,19,8,0,34
CARIPUYO,"anticoncepcion, prevencion de its y de cancer de cuello uterino",condon masculino: usuarias (os) nuevas (os),2015-09-01,0,1,1,2,0,4
CHALLAPATA,"anticoncepcion, prevencion de its y de cancer de cuello uterino",condon masculino: usuarias (os) nuevas (os),2015-09-01,0,3,8,0,0,11
CHAQUI,"anticoncepcion, prevencion de its y de cancer de cuello uterino",condon masculino: usuarias (os) nuevas (os),2015-09-01,0,0,2,0,0,2
CHAYANTA,"anticoncepcion, prevencion de its y de cancer de cuello uterino",condon masculino: usuarias (os) nuevas (os),2015-09-01,0,2,11,2,0,15
CHIMORE,"anticoncepcion, prevencion de its y de cancer de cuello uterino",condon masculino: usuarias (os) nuevas (os),2015-09-01,0,7,14,1,0,22
CHIPAYA,"anticoncepcion, prevencion de its y de cancer de cuello uterino",condon masculino: usuarias (os) nuevas (os),2015-09-01,0,0,1,0,0,1
CHOQUE COTA,"anticoncepcion, prevencion de its y de cancer de cuello uterino",condon masculino: usuarias (os) nuevas (os),2015-09-01,0,0,3,0,0,3
CHULUMANI (V. DE LA LIBERTAD),"anticoncepcion, prevencion de its y de cancer de cuello uterino",condon masculino: usuarias (os) nuevas (os),2015-09-01,0,1,9,2,0,12
CHUMA,"anticoncepcion, prevencion de its y de cancer de cuello uterino",condon masculino: usuarias (os) nuevas (os),2015-09-01,0,0,0,1,0,1
CHUQUIHUTA AYLLU JUCUMANI,"anticoncepcion, prevencion de its y de cancer de cuello uterino",condon masculino: usuarias (os) nuevas (os),2015-09-01,0,0,2,0,0,2
CKOCHAS,"anticoncepcion, prevencion de its y de cancer de cuello uterino",condon masculino: usuarias (os) nuevas (os),2015-09-01,0,1,1,1,0,3
CLIZA,"anticoncepcion, prevencion de its y de cancer de cuello uterino",condon masculino: usuarias (os) nuevas (os),2015-09-01,0,9,21,3,0,33
COBIJA,"anticoncepcion, prevencion de its y de cancer de cuello uterino",condon masculino: usuarias (os) nuevas (os),2015-09-01,2,6,7,2,0,17
COCAPATA,"anticoncepcion, prevencion de its y de cancer de cuello uterino",condon masculino: usuarias (os) nuevas (os),2015-09-01,0,1,3,2,0,6
COCHABAMBA,"anticoncepcion, prevencion de its y de cancer de cuello uterino",condon masculino: usuarias (os) nuevas (os),2015-09-01,1,43,719,317,1,1081
COLCAPIRHUA,"anticoncepcion, prevencion de its y de cancer de cuello uterino",condon masculino: usuarias (os) nuevas (os),2015-09-01,0,3,16,5,0,24
"COLCHA ""K""","anticoncepcion, prevencion de its y de cancer de cuello uterino",condon masculino: usuarias (os) nuevas (os),2015-09-01,0,0,6,0,0,6
COLLANA,"anticoncepcion, prevencion de its y de cancer de cuello uterino",condon masculino: usuarias (os) nuevas (os),2015-09-01,0,0,1,0,0,1
COLOMI,"anticoncepcion, prevencion de its y de cancer de cuello uterino",condon masculino: usuarias (os) nuevas (os),2015-09-01,0,1,1,0,0,2
COLPA BELGICA,"anticoncepcion, prevencion de its y de cancer de cuello uterino",condon masculino: usuarias (os) nuevas (os),2015-09-01,0,1,1,0,0,2
COLQUECHACA,"anticoncepcion, prevencion de its y de cancer de cuello uterino",condon masculino: usuarias (os) nuevas (os),2015-09-01,0,1,3,0,0,4
COLQUENCHA,"anticoncepcion, prevencion de its y de cancer de cuello uterino",condon masculino: usuarias (os) nuevas (os),2015-09-01,0,0,2,0,0,2
COLQUIRI,"anticoncepcion, prevencion de its y de cancer de cuello uterino",condon masculino: usuarias (os) nuevas (os),2015-09-01,0,0,4,1,1,6
COMARAPA,"anticoncepcion, prevencion de its y de cancer de cuello uterino",condon masculino: usuarias (os) nuevas (os),2015-09-01,0,0,3,0,0,3
CORIPATA,"anticoncepcion, prevencion de its y de cancer de cuello uterino",condon masculino: usuarias (os) nuevas (os),2015-09-01,0,0,5,0,0,5
COROICO,"anticoncepcion, prevencion de its y de cancer de cuello uterino",condon masculino: usuarias (os) nuevas (os),2015-09-01,0,0,0,1,0,1
CORQUE,"anticoncepcion, prevencion de its y de cancer de cuello uterino",condon masculino: usuarias (os) nuevas (os),2015-09-01,0,5,5,0,0,10
COTAGAITA,"anticoncepcion, prevencion de its y de cancer de cuello uterino",condon masculino: usuarias (os) nuevas (os),2015-09-01,0,4,5,2,0,11
COTOCA,"anticoncepcion, prevencion de its y de cancer de cuello uterino",condon masculino: usuarias (os) nuevas (os),2015-09-01,0,7,12,0,0,19
CUATRO CAÑADAS,"anticoncepcion, prevencion de its y de cancer de cuello uterino",condon masculino: usuarias (os) nuevas (os),2015-09-01,0,1,6,2,0,9
CUCHUMUELA (V. G. VILLARROEL),"anticoncepcion, prevencion de its y de cancer de cuello uterino",condon masculino: usuarias (os) nuevas (os),2015-09-01,0,1,0,0,0,1
CUEVO,"anticoncepcion, prevencion de its y de cancer de cuello uterino",condon masculino: usuarias (os) nuevas (os),2015-09-01,0,0,1,0,0,1
CULPINA,"anticoncepcion, prevencion de its y de cancer de cuello uterino",condon masculino: usuarias (os) nuevas (os),2015-09-01,0,1,4,3,0,8
CURVA,"anticoncepcion, prevencion de its y de cancer de cuello uterino",condon masculino: usuarias (os) nuevas (os),2015-09-01,0,0,1,0,0,1
EL ALTO,"anticoncepcion, prevencion de its y de cancer de cuello uterino",condon masculino: usuarias (os) nuevas (os),2015-09-01,1,31,198,42,0,272
EL PUENTE(STC),"anticoncepcion, prevencion de its y de cancer de cuello uterino",condon masculino: usuarias (os) nuevas (os),2015-09-01,0,0,6,0,0,6
EL PUENTE(TJA),"anticoncepcion, prevencion de its y de cancer de cuello uterino",condon masculino: usuarias (os) nuevas (os),2015-09-01,0,1,4,2,0,7
EL TORNO,"anticoncepcion, prevencion de its y de cancer de cuello uterino",condon masculino: usuarias (os) nuevas (os),2015-09-01,1,7,10,1,0,19
ENTRE RIOS TRJ,"anticoncepcion, prevencion de its y de cancer de cuello uterino",condon masculino: usuarias (os) nuevas (os),2015-09-01,1,6,7,4,0,18
ENTRE RIOS CBBA,"anticoncepcion, prevencion de its y de cancer de cuello uterino",condon masculino: usuarias (os) nuevas (os),2015-09-01,0,7,12,3,0,22
EUREKA (SANTOS MERCADO),"anticoncepcion, prevencion de its y de cancer de cuello uterino",condon masculino: usuarias (os) nuevas (os),2015-09-01,0,1,2,0,0,3
FERNANDEZ ALONSO,"anticoncepcion, prevencion de its y de cancer de cuello uterino",condon masculino: usuarias (os) nuevas (os),2015-09-01,0,2,0,0,0,2
GENERAL SAAVEDRA,"anticoncepcion, prevencion de its y de cancer de cuello uterino",condon masculino: usuarias (os) nuevas (os),2015-09-01,1,3,0,0,0,4
GRAL. J.J. PEREZ (CHARAZANI),"anticoncepcion, prevencion de its y de cancer de cuello uterino",condon masculino: usuarias (os) nuevas (os),2015-09-01,0,0,2,0,0,2
GUANAY,"anticoncepcion, prevencion de its y de cancer de cuello uterino",condon masculino: usuarias (os) nuevas (os),2015-09-01,0,1,2,1,0,4
GUAQUI,"anticoncepcion, prevencion de its y de cancer de cuello uterino",condon masculino: usuarias (os) nuevas (os),2015-09-01,0,2,1,0,0,3
GUAYARAMERIN,"anticoncepcion, prevencion de its y de cancer de cuello uterino",condon masculino: usuarias (os) nuevas (os),2015-09-01,2,4,23,3,0,32
HUACARETA,"anticoncepcion, prevencion de its y de cancer de cuello uterino",condon masculino: usuarias (os) nuevas (os),2015-09-01,0,3,3,0,0,6
HUANUNI,"anticoncepcion, prevencion de its y de cancer de cuello uterino",condon masculino: usuarias (os) nuevas (os),2015-09-01,0,0,2,0,1,3
HUARACAJE,"anticoncepcion, prevencion de its y de cancer de cuello uterino",condon masculino: usuarias (os) nuevas (os),2015-09-01,0,2,1,1,0,4
HUATAJATA,"anticoncepcion, prevencion de its y de cancer de cuello uterino",condon masculino: usuarias (os) nuevas (os),2015-09-01,0,0,1,0,0,1
ICHOCA,"anticoncepcion, prevencion de its y de cancer de cuello uterino",condon masculino: usuarias (os) nuevas (os),2015-09-01,0,0,5,0,0,5
ICLA,"anticoncepcion, prevencion de its y de cancer de cuello uterino",condon masculino: usuarias (os) nuevas (os),2015-09-01,0,0,1,0,0,1
INCAHUASI,"anticoncepcion, prevencion de its y de cancer de cuello uterino",condon masculino: usuarias (os) nuevas (os),2015-09-01,0,1,2,1,0,4
INQUISIVI,"anticoncepcion, prevencion de its y de cancer de cuello uterino",condon masculino: usuarias (os) nuevas (os),2015-09-01,0,0,1,1,0,2
IRUPANA (VILLA DE LANZA),"anticoncepcion, prevencion de its y de cancer de cuello uterino",condon masculino: usuarias (os) nuevas (os),2015-09-01,0,1,9,0,0,10
IXIAMAS,"anticoncepcion, prevencion de its y de cancer de cuello uterino",condon masculino: usuarias (os) nuevas (os),2015-09-01,0,1,2,1,0,4
JESUS DE MACHACA,"anticoncepcion, prevencion de its y de cancer de cuello uterino",condon masculino: usuarias (os) nuevas (os),2015-09-01,0,0,1,1,0,2
LA ASUNTA,"anticoncepcion, prevencion de its y de cancer de cuello uterino",condon masculino: usuarias (os) nuevas (os),2015-09-01,0,1,2,0,0,3
LA GUARDIA,"anticoncepcion, prevencion de its y de cancer de cuello uterino",condon masculino: usuarias (os) nuevas (os),2015-09-01,1,5,16,2,0,24
LA PAZ,"anticoncepcion, prevencion de its y de cancer de cuello uterino",condon masculino: usuarias (os) nuevas (os),2015-09-01,0,26,1017,37,0,1080
LAJA,"anticoncepcion, prevencion de its y de cancer de cuello uterino",condon masculino: usuarias (os) nuevas (os),2015-09-01,0,0,1,0,0,1
LAS CARRERAS,"anticoncepcion, prevencion de its y de cancer de cuello uterino",condon masculino: usuarias (os) nuevas (os),2015-09-01,0,0,1,1,0,2
LLALLAGUA,"anticoncepcion, prevencion de its y de cancer de cuello uterino",condon masculino: usuarias (os) nuevas (os),2015-09-01,0,4,8,4,0,16
LLICA,"anticoncepcion, prevencion de its y de cancer de cuello uterino",condon masculino: usuarias (os) nuevas (os),2015-09-01,0,1,2,0,0,3
LORETO,"anticoncepcion, prevencion de its y de cancer de cuello uterino",condon masculino: usuarias (os) nuevas (os),2015-09-01,2,0,5,1,1,9
LURIBAY,"anticoncepcion, prevencion de its y de cancer de cuello uterino",condon masculino: usuarias (os) nuevas (os),2015-09-01,0,0,3,0,0,3
MACHACAMARCA,"anticoncepcion, prevencion de its y de cancer de cuello uterino",condon masculino: usuarias (os) nuevas (os),2015-09-01,0,0,1,0,0,1
MACHARETI,"anticoncepcion, prevencion de its y de cancer de cuello uterino",condon masculino: usuarias (os) nuevas (os),2015-09-01,1,4,13,0,0,18
MAGDALENA,"anticoncepcion, prevencion de its y de cancer de cuello uterino",condon masculino: usuarias (os) nuevas (os),2015-09-01,0,1,2,0,0,3
MAIRANA,"anticoncepcion, prevencion de its y de cancer de cuello uterino",condon masculino: usuarias (os) nuevas (os),2015-09-01,0,0,1,0,0,1
MAPIRI,"anticoncepcion, prevencion de its y de cancer de cuello uterino",condon masculino: usuarias (os) nuevas (os),2015-09-01,0,0,1,0,0,1
MECAPACA,"anticoncepcion, prevencion de its y de cancer de cuello uterino",condon masculino: usuarias (os) nuevas (os),2015-09-01,0,0,4,0,0,4
MINEROS,"anticoncepcion, prevencion de its y de cancer de cuello uterino",condon masculino: usuarias (os) nuevas (os),2015-09-01,0,0,3,0,0,3
MIZQUE,"anticoncepcion, prevencion de its y de cancer de cuello uterino",condon masculino: usuarias (os) nuevas (os),2015-09-01,0,5,4,2,0,11
MOCOMOCO,"anticoncepcion, prevencion de its y de cancer de cuello uterino",condon masculino: usuarias (os) nuevas (os),2015-09-01,0,0,1,0,0,1
MOJOCOYA,"anticoncepcion, prevencion de its y de cancer de cuello uterino",condon masculino: usuarias (os) nuevas (os),2015-09-01,0,1,2,0,0,3
MONTEAGUDO,"anticoncepcion, prevencion de its y de cancer de cuello uterino",condon masculino: usuarias (os) nuevas (os),2015-09-01,0,1,8,3,0,12
MONTERO,"anticoncepcion, prevencion de its y de cancer de cuello uterino",condon masculino: usuarias (os) nuevas (os),2015-09-01,0,5,13,0,0,18
MOROCHATA,"anticoncepcion, prevencion de its y de cancer de cuello uterino",condon masculino: usuarias (os) nuevas (os),2015-09-01,0,0,2,0,0,2
NUEVO MANOA (NUEVA ESPERANZA),"anticoncepcion, prevencion de its y de cancer de cuello uterino",condon masculino: usuarias (os) nuevas (os),2015-09-01,0,1,7,2,0,10
OCURI,"anticoncepcion, prevencion de its y de cancer de cuello uterino",condon masculino: usuarias (os) nuevas (os),2015-09-01,0,0,1,0,0,1
OKINAWA,"anticoncepcion, prevencion de its y de cancer de cuello uterino",condon masculino: usuarias (os) nuevas (os),2015-09-01,0,1,1,0,0,2
OMEREQUE,"anticoncepcion, prevencion de its y de cancer de cuello uterino",condon masculino: usuarias (os) nuevas (os),2015-09-01,0,0,1,1,0,2
ORURO,"anticoncepcion, prevencion de its y de cancer de cuello uterino",condon masculino: usuarias (os) nuevas (os),2015-09-01,0,10,74,17,0,101
PADCAYA,"anticoncepcion, prevencion de its y de cancer de cuello uterino",condon masculino: usuarias (os) nuevas (os),2015-09-01,0,2,5,1,0,8
PADILLA,"anticoncepcion, prevencion de its y de cancer de cuello uterino",condon masculino: usuarias (os) nuevas (os),2015-09-01,0,1,2,0,0,3
PAILON,"anticoncepcion, prevencion de its y de cancer de cuello uterino",condon masculino: usuarias (os) nuevas (os),2015-09-01,0,1,12,1,0,14
PALOS BLANCOS,"anticoncepcion, prevencion de its y de cancer de cuello uterino",condon masculino: usuarias (os) nuevas (os),2015-09-01,1,0,4,0,0,5
PAMPA GRANDE,"anticoncepcion, prevencion de its y de cancer de cuello uterino",condon masculino: usuarias (os) nuevas (os),2015-09-01,0,1,1,1,0,3
PAPEL PAMPA,"anticoncepcion, prevencion de its y de cancer de cuello uterino",condon masculino: usuarias (os) nuevas (os),2015-09-01,0,1,0,0,0,1
PASORAPA,"anticoncepcion, prevencion de its y de cancer de cuello uterino",condon masculino: usuarias (os) nuevas (os),2015-09-01,0,1,0,0,0,1
PAZÑA,"anticoncepcion, prevencion de its y de cancer de cuello uterino",condon masculino: usuarias (os) nuevas (os),2015-09-01,0,1,2,1,0,4
PELECHUCO,"anticoncepcion, prevencion de its y de cancer de cuello uterino",condon masculino: usuarias (os) nuevas (os),2015-09-01,0,0,6,0,0,6
POCOATA,"anticoncepcion, prevencion de its y de cancer de cuello uterino",condon masculino: usuarias (os) nuevas (os),2015-09-01,0,8,4,0,0,12
POCONA,"anticoncepcion, prevencion de its y de cancer de cuello uterino",condon masculino: usuarias (os) nuevas (os),2015-09-01,0,2,6,4,0,12
POJO (CBBA),"anticoncepcion, prevencion de its y de cancer de cuello uterino",condon masculino: usuarias (os) nuevas (os),2015-09-01,0,2,3,0,0,5
POOPO,"anticoncepcion, prevencion de its y de cancer de cuello uterino",condon masculino: usuarias (os) nuevas (os),2015-09-01,0,0,2,1,0,3
PORCO,"anticoncepcion, prevencion de its y de cancer de cuello uterino",condon masculino: usuarias (os) nuevas (os),2015-09-01,0,1,3,0,0,4
PORONGO,"anticoncepcion, prevencion de its y de cancer de cuello uterino",condon masculino: usuarias (os) nuevas (os),2015-09-01,0,3,7,1,0,11
PORTACHUELO,"anticoncepcion, prevencion de its y de cancer de cuello uterino",condon masculino: usuarias (os) nuevas (os),2015-09-01,0,0,1,0,0,1
POSTRER VALLE,"anticoncepcion, prevencion de its y de cancer de cuello uterino",condon masculino: usuarias (os) nuevas (os),2015-09-01,0,0,2,0,0,2
POTOSI,"anticoncepcion, prevencion de its y de cancer de cuello uterino",condon masculino: usuarias (os) nuevas (os),2015-09-01,0,7,26,3,0,36
PRESTO,"anticoncepcion, prevencion de its y de cancer de cuello uterino",condon masculino: usuarias (os) nuevas (os),2015-09-01,0,0,4,1,0,5
PUCARANI,"anticoncepcion, prevencion de its y de cancer de cuello uterino",condon masculino: usuarias (os) nuevas (os),2015-09-01,0,1,1,1,0,3
PUERTO ACOSTA,"anticoncepcion, prevencion de its y de cancer de cuello uterino",condon masculino: usuarias (os) nuevas (os),2015-09-01,0,0,0,1,0,1
PUERTO CARABUCO,"anticoncepcion, prevencion de its y de cancer de cuello uterino",condon masculino: usuarias (os) nuevas (os),2015-09-01,0,0,0,1,0,1
PUERTO GONZALO MORENO,"anticoncepcion, prevencion de its y de cancer de cuello uterino",condon masculino: usuarias (os) nuevas (os),2015-09-01,0,1,2,0,0,3
PUERTO QUIJARRO,"anticoncepcion, prevencion de its y de cancer de cuello uterino",condon masculino: usuarias (os) nuevas (os),2015-09-01,0,4,9,1,1,15
PUERTO SUAREZ,"anticoncepcion, prevencion de its y de cancer de cuello uterino",condon masculino: usuarias (os) nuevas (os),2015-09-01,0,0,1,0,0,1
PUERTO VILLARROEL,"anticoncepcion, prevencion de its y de cancer de cuello uterino",condon masculino: usuarias (os) nuevas (os),2015-09-01,0,7,14,2,0,23
PUNA,"anticoncepcion, prevencion de its y de cancer de cuello uterino",condon masculino: usuarias (os) nuevas (os),2015-09-01,0,2,6,0,0,8
PUNATA,"anticoncepcion, prevencion de its y de cancer de cuello uterino",condon masculino: usuarias (os) nuevas (os),2015-09-01,0,2,8,0,0,10
QUIABAYA,"anticoncepcion, prevencion de its y de cancer de cuello uterino",condon masculino: usuarias (os) nuevas (os),2015-09-01,0,0,1,0,0,1
QUILLACOLLO,"anticoncepcion, prevencion de its y de cancer de cuello uterino",condon masculino: usuarias (os) nuevas (os),2015-09-01,0,10,40,11,0,61
RAVELO,"anticoncepcion, prevencion de its y de cancer de cuello uterino",condon masculino: usuarias (os) nuevas (os),2015-09-01,0,2,2,0,1,5
REYES,"anticoncepcion, prevencion de its y de cancer de cuello uterino",condon masculino: usuarias (os) nuevas (os),2015-09-01,2,5,7,4,0,18
RIBERALTA,"anticoncepcion, prevencion de its y de cancer de cuello uterino",condon masculino: usuarias (os) nuevas (os),2015-09-01,2,47,105,19,1,174
RURRENABAQUE,"anticoncepcion, prevencion de its y de cancer de cuello uterino",condon masculino: usuarias (os) nuevas (os),2015-09-01,0,0,1,0,0,1
SABAYA,"anticoncepcion, prevencion de its y de cancer de cuello uterino",condon masculino: usuarias (os) nuevas (os),2015-09-01,0,1,0,0,0,1
SACABA,"anticoncepcion, prevencion de its y de cancer de cuello uterino",condon masculino: usuarias (os) nuevas (os),2015-09-01,0,13,44,40,0,97
SAIPINA,"anticoncepcion, prevencion de its y de cancer de cuello uterino",condon masculino: usuarias (os) nuevas (os),2015-09-01,0,0,3,0,0,3
SALINAS DE GARCI MENDOZA,"anticoncepcion, prevencion de its y de cancer de cuello uterino",condon masculino: usuarias (os) nuevas (os),2015-09-01,0,3,10,4,0,17
SAMAIPATA,"anticoncepcion, prevencion de its y de cancer de cuello uterino",condon masculino: usuarias (os) nuevas (os),2015-09-01,0,0,1,0,0,1
SAN AGUSTIN,"anticoncepcion, prevencion de its y de cancer de cuello uterino",condon masculino: usuarias (os) nuevas (os),2015-09-01,0,2,0,0,0,2
SAN ANDRES,"anticoncepcion, prevencion de its y de cancer de cuello uterino",condon masculino: usuarias (os) nuevas (os),2015-09-01,0,2,1,0,0,3
SAN ANDRES DE MACHACA,"anticoncepcion, prevencion de its y de cancer de cuello uterino",condon masculino: usuarias (os) nuevas (os),2015-09-01,0,1,1,1,0,3
SAN ANTONIO DE ESMORUCO,"anticoncepcion, prevencion de its y de cancer de cuello uterino",condon masculino: usuarias (os) nuevas (os),2015-09-01,0,1,0,0,0,1
SAN ANTONIO DE LOMERIO,"anticoncepcion, prevencion de its y de cancer de cuello uterino",condon masculino: usuarias (os) nuevas (os),2015-09-01,0,0,1,1,0,2
SAN BORJA,"anticoncepcion, prevencion de its y de cancer de cuello uterino",condon masculino: usuarias (os) nuevas (os),2015-09-01,0,2,1,0,0,3
SAN BUENA VENTURA,"anticoncepcion, prevencion de its y de cancer de cuello uterino",condon masculino: usuarias (os) nuevas (os),2015-09-01,0,1,10,1,0,12
SAN CARLOS,"anticoncepcion, prevencion de its y de cancer de cuello uterino",condon masculino: usuarias (os) nuevas (os),2015-09-01,0,7,11,0,0,18
SAN IGNACIO,"anticoncepcion, prevencion de its y de cancer de cuello uterino",condon masculino: usuarias (os) nuevas (os),2015-09-01,0,1,2,0,0,3
SAN IGNACIO DE VELASCO,"anticoncepcion, prevencion de its y de cancer de cuello uterino",condon masculino: usuarias (os) nuevas (os),2015-09-01,0,1,1,0,0,2
SAN JAVIER(BNI),"anticoncepcion, prevencion de its y de cancer de cuello uterino",condon masculino: usuarias (os) nuevas (os),2015-09-01,0,4,1,0,0,5
SAN JAVIER(STC),"anticoncepcion, prevencion de its y de cancer de cuello uterino",condon masculino: usuarias (os) nuevas (os),2015-09-01,0,0,1,0,0,1
SAN JOAQUIN,"anticoncepcion, prevencion de its y de cancer de cuello uterino",condon masculino: usuarias (os) nuevas (os),2015-09-01,0,1,0,0,0,1
SAN JOSE DE CHIQUITOS,"anticoncepcion, prevencion de its y de cancer de cuello uterino",condon masculino: usuarias (os) nuevas (os),2015-09-01,0,1,0,2,0,3
SAN JUAN DE YAPACANI,"anticoncepcion, prevencion de its y de cancer de cuello uterino",condon masculino: usuarias (os) nuevas (os),2015-09-01,0,1,1,1,0,3
SAN JULIAN,"anticoncepcion, prevencion de its y de cancer de cuello uterino",condon masculino: usuarias (os) nuevas (os),2015-09-01,0,1,1,3,1,6
SAN LORENZO(PND),"anticoncepcion, prevencion de its y de cancer de cuello uterino",condon masculino: usuarias (os) nuevas (os),2015-09-01,0,1,0,0,0,1
SAN LORENZO(TJA),"anticoncepcion, prevencion de its y de cancer de cuello uterino",condon masculino: usuarias (os) nuevas (os),2015-09-01,0,0,1,0,0,1
SAN LUCAS,"anticoncepcion, prevencion de its y de cancer de cuello uterino",condon masculino: usuarias (os) nuevas (os),2015-09-01,0,2,6,1,0,9
SAN MATIAS,"anticoncepcion, prevencion de its y de cancer de cuello uterino",condon masculino: usuarias (os) nuevas (os),2015-09-01,0,1,1,0,0,2
SAN MIGUEL DE VELASCO,"anticoncepcion, prevencion de its y de cancer de cuello uterino",condon masculino: usuarias (os) nuevas (os),2015-09-01,0,1,1,1,0,3
SAN PEDRO,"anticoncepcion, prevencion de its y de cancer de cuello uterino",condon masculino: usuarias (os) nuevas (os),2015-09-01,0,0,6,0,0,6
SAN PEDRO DE BUENA VISTA,"anticoncepcion, prevencion de its y de cancer de cuello uterino",condon masculino: usuarias (os) nuevas (os),2015-09-01,0,1,4,2,0,7
SAN PEDRO DE QUEMES,"anticoncepcion, prevencion de its y de cancer de cuello uterino",condon masculino: usuarias (os) nuevas (os),2015-09-01,0,0,1,1,0,2
SAN PEDRO(PND),"anticoncepcion, prevencion de its y de cancer de cuello uterino",condon masculino: usuarias (os) nuevas (os),2015-09-01,0,1,0,0,0,1
SAN RAFAEL,"anticoncepcion, prevencion de its y de cancer de cuello uterino",condon masculino: usuarias (os) nuevas (os),2015-09-01,0,0,3,0,0,3
SAN RAMON BENI,"anticoncepcion, prevencion de its y de cancer de cuello uterino",condon masculino: usuarias (os) nuevas (os),2015-09-01,0,0,0,1,0,1
SAN RAMON SCZ,"anticoncepcion, prevencion de its y de cancer de cuello uterino",condon masculino: usuarias (os) nuevas (os),2015-09-01,0,0,2,0,0,2
SANTA ANA,"anticoncepcion, prevencion de its y de cancer de cuello uterino",condon masculino: usuarias (os) nuevas (os),2015-09-01,0,1,2,0,0,3
SANTA CRUZ DE LA SIERRA,"anticoncepcion, prevencion de its y de cancer de cuello uterino",condon masculino: usuarias (os) nuevas (os),2015-09-01,1,143,305,95,6,550
SANTA ROSA,"anticoncepcion, prevencion de its y de cancer de cuello uterino",condon masculino: usuarias (os) nuevas (os),2015-09-01,0,0,1,0,0,1
SANTA ROSA DEL SARA,"anticoncepcion, prevencion de its y de cancer de cuello uterino",condon masculino: usuarias (os) nuevas (os),2015-09-01,0,4,14,1,0,19
SANTIAGO DE HUATA,"anticoncepcion, prevencion de its y de cancer de cuello uterino",condon masculino: usuarias (os) nuevas (os),2015-09-01,0,1,2,0,0,3
SANTIVAÑES,"anticoncepcion, prevencion de its y de cancer de cuello uterino",condon masculino: usuarias (os) nuevas (os),2015-09-01,0,0,2,0,0,2
SANTUARIO DE QUILLACAS,"anticoncepcion, prevencion de its y de cancer de cuello uterino",condon masculino: usuarias (os) nuevas (os),2015-09-01,0,4,14,4,4,26
SAPAHAQUI,"anticoncepcion, prevencion de its y de cancer de cuello uterino",condon masculino: usuarias (os) nuevas (os),2015-09-01,0,1,1,0,0,2
SHINAOTA,"anticoncepcion, prevencion de its y de cancer de cuello uterino",condon masculino: usuarias (os) nuevas (os),2015-09-01,0,1,0,1,0,2
SICA SICA (VILLA AROMA),"anticoncepcion, prevencion de its y de cancer de cuello uterino",condon masculino: usuarias (os) nuevas (os),2015-09-01,0,1,4,0,0,5
SICAYA,"anticoncepcion, prevencion de its y de cancer de cuello uterino",condon masculino: usuarias (os) nuevas (os),2015-09-01,0,0,0,1,0,1
SIPE SIPE,"anticoncepcion, prevencion de its y de cancer de cuello uterino",condon masculino: usuarias (os) nuevas (os),2015-09-01,0,2,4,1,0,7
SOPACHUY,"anticoncepcion, prevencion de its y de cancer de cuello uterino",condon masculino: usuarias (os) nuevas (os),2015-09-01,0,0,3,3,0,6
SORACACHI,"anticoncepcion, prevencion de its y de cancer de cuello uterino",condon masculino: usuarias (os) nuevas (os),2015-09-01,0,0,3,0,0,3
SORATA,"anticoncepcion, prevencion de its y de cancer de cuello uterino",condon masculino: usuarias (os) nuevas (os),2015-09-01,0,0,4,0,0,4
SUCRE,"anticoncepcion, prevencion de its y de cancer de cuello uterino",condon masculino: usuarias (os) nuevas (os),2015-09-01,0,96,200,89,0,385
TACACOMA,"anticoncepcion, prevencion de its y de cancer de cuello uterino",condon masculino: usuarias (os) nuevas (os),2015-09-01,0,0,1,0,0,1
TACOBAMBA,"anticoncepcion, prevencion de its y de cancer de cuello uterino",condon masculino: usuarias (os) nuevas (os),2015-09-01,0,0,7,7,0,14
TACOPAYA,"anticoncepcion, prevencion de its y de cancer de cuello uterino",condon masculino: usuarias (os) nuevas (os),2015-09-01,0,1,0,0,0,1
TAPACARI,"anticoncepcion, prevencion de its y de cancer de cuello uterino",condon masculino: usuarias (os) nuevas (os),2015-09-01,0,1,1,4,0,6
TARABUCO,"anticoncepcion, prevencion de its y de cancer de cuello uterino",condon masculino: usuarias (os) nuevas (os),2015-09-01,0,1,1,1,0,3
TARATA,"anticoncepcion, prevencion de its y de cancer de cuello uterino",condon masculino: usuarias (os) nuevas (os),2015-09-01,0,1,2,0,0,3
TARIJA,"anticoncepcion, prevencion de its y de cancer de cuello uterino",condon masculino: usuarias (os) nuevas (os),2015-09-01,0,10,29,9,0,48
TARVITA,"anticoncepcion, prevencion de its y de cancer de cuello uterino",condon masculino: usuarias (os) nuevas (os),2015-09-01,0,1,1,1,0,3
TEOPONTE,"anticoncepcion, prevencion de its y de cancer de cuello uterino",condon masculino: usuarias (os) nuevas (os),2015-09-01,0,0,2,1,0,3
TIAWANACU,"anticoncepcion, prevencion de its y de cancer de cuello uterino",condon masculino: usuarias (os) nuevas (os),2015-09-01,0,2,1,1,0,4
TINGUIPAYA,"anticoncepcion, prevencion de its y de cancer de cuello uterino",condon masculino: usuarias (os) nuevas (os),2015-09-01,0,3,9,1,0,13
TIPUANI,"anticoncepcion, prevencion de its y de cancer de cuello uterino",condon masculino: usuarias (os) nuevas (os),2015-09-01,0,0,0,2,0,2
TIQUIPAYA,"anticoncepcion, prevencion de its y de cancer de cuello uterino",condon masculino: usuarias (os) nuevas (os),2015-09-01,0,1,15,1,0,17
TIRAQUE (CBBA),"anticoncepcion, prevencion de its y de cancer de cuello uterino",condon masculino: usuarias (os) nuevas (os),2015-09-01,0,1,2,0,0,3
TOCO,"anticoncepcion, prevencion de its y de cancer de cuello uterino",condon masculino: usuarias (os) nuevas (os),2015-09-01,0,0,5,0,0,5
TOLATA,"anticoncepcion, prevencion de its y de cancer de cuello uterino",condon masculino: usuarias (os) nuevas (os),2015-09-01,0,2,2,0,0,4
TOLEDO,"anticoncepcion, prevencion de its y de cancer de cuello uterino",condon masculino: usuarias (os) nuevas (os),2015-09-01,0,0,2,0,0,2
TOMAVE,"anticoncepcion, prevencion de its y de cancer de cuello uterino",condon masculino: usuarias (os) nuevas (os),2015-09-01,0,0,6,3,0,9
TOMINA,"anticoncepcion, prevencion de its y de cancer de cuello uterino",condon masculino: usuarias (os) nuevas (os),2015-09-01,0,3,4,0,0,7
TORO TORO,"anticoncepcion, prevencion de its y de cancer de cuello uterino",condon masculino: usuarias (os) nuevas (os),2015-09-01,0,4,5,3,0,12
TOTORA(CBBA),"anticoncepcion, prevencion de its y de cancer de cuello uterino",condon masculino: usuarias (os) nuevas (os),2015-09-01,0,1,4,2,0,7
TOTORA(ORR),"anticoncepcion, prevencion de its y de cancer de cuello uterino",condon masculino: usuarias (os) nuevas (os),2015-09-01,0,0,1,0,0,1
TRINIDAD,"anticoncepcion, prevencion de its y de cancer de cuello uterino",condon masculino: usuarias (os) nuevas (os),2015-09-01,2,83,62,23,7,177
TUPIZA,"anticoncepcion, prevencion de its y de cancer de cuello uterino",condon masculino: usuarias (os) nuevas (os),2015-09-01,0,8,11,3,0,22
UMALA,"anticoncepcion, prevencion de its y de cancer de cuello uterino",condon masculino: usuarias (os) nuevas (os),2015-09-01,0,0,2,0,0,2
UNCIA,"anticoncepcion, prevencion de its y de cancer de cuello uterino",condon masculino: usuarias (os) nuevas (os),2015-09-01,1,4,5,1,0,11
URIONDO (A. CONCEPCION),"anticoncepcion, prevencion de its y de cancer de cuello uterino",condon masculino: usuarias (os) nuevas (os),2015-09-01,0,3,2,0,0,5
UYUNI,"anticoncepcion, prevencion de its y de cancer de cuello uterino",condon masculino: usuarias (os) nuevas (os),2015-09-01,0,1,0,1,1,3
VACAS,"anticoncepcion, prevencion de its y de cancer de cuello uterino",condon masculino: usuarias (os) nuevas (os),2015-09-01,0,0,1,0,0,1
VALLEGRANDE,"anticoncepcion, prevencion de its y de cancer de cuello uterino",condon masculino: usuarias (os) nuevas (os),2015-09-01,0,1,3,0,0,4
VIACHA,"anticoncepcion, prevencion de its y de cancer de cuello uterino",condon masculino: usuarias (os) nuevas (os),2015-09-01,0,3,19,4,0,26
VILLA CHARCAS,"anticoncepcion, prevencion de its y de cancer de cuello uterino",condon masculino: usuarias (os) nuevas (os),2015-09-01,0,1,6,2,0,9
VILLA MONTES,"anticoncepcion, prevencion de its y de cancer de cuello uterino",condon masculino: usuarias (os) nuevas (os),2015-09-01,0,2,6,1,0,9
VILLA RIVERO,"anticoncepcion, prevencion de its y de cancer de cuello uterino",condon masculino: usuarias (os) nuevas (os),2015-09-01,0,1,1,1,0,3
VILLA SERRANO,"anticoncepcion, prevencion de its y de cancer de cuello uterino",condon masculino: usuarias (os) nuevas (os),2015-09-01,0,0,2,0,0,2
VILLA TUNARI,"anticoncepcion, prevencion de its y de cancer de cuello uterino",condon masculino: usuarias (os) nuevas (os),2015-09-01,0,10,21,9,0,40
VILLA VACA GUZMAN (MUYUPAMPA),"anticoncepcion, prevencion de its y de cancer de cuello uterino",condon masculino: usuarias (os) nuevas (os),2015-09-01,0,3,2,0,0,5
VILLAZON,"anticoncepcion, prevencion de its y de cancer de cuello uterino",condon masculino: usuarias (os) nuevas (os),2015-09-01,0,1,6,3,0,10
VINTO,"anticoncepcion, prevencion de its y de cancer de cuello uterino",condon masculino: usuarias (os) nuevas (os),2015-09-01,0,3,19,1,0,23
VITICHI,"anticoncepcion, prevencion de its y de cancer de cuello uterino",condon masculino: usuarias (os) nuevas (os),2015-09-01,0,1,2,0,0,3
WARNES,"anticoncepcion, prevencion de its y de cancer de cuello uterino",condon masculino: usuarias (os) nuevas (os),2015-09-01,0,2,2,1,0,5
YACUIBA,"anticoncepcion, prevencion de its y de cancer de cuello uterino",condon masculino: usuarias (os) nuevas (os),2015-09-01,0,5,22,7,0,34
YAPACANI,"anticoncepcion, prevencion de its y de cancer de cuello uterino",condon masculino: usuarias (os) nuevas (os),2015-09-01,0,1,17,3,0,21
YOCALLA,"anticoncepcion, prevencion de its y de cancer de cuello uterino",condon masculino: usuarias (os) nuevas (os),2015-09-01,0,0,2,0,0,2
YOTALA,"anticoncepcion, prevencion de its y de cancer de cuello uterino",condon masculino: usuarias (os) nuevas (os),2015-09-01,0,0,10,1,0,11
YUNCHARA,"anticoncepcion, prevencion de its y de cancer de cuello uterino",condon masculino: usuarias (os) nuevas (os),2015-09-01,0,0,1,0,0,1
ZUDAÑEZ,"anticoncepcion, prevencion de its y de cancer de cuello uterino",condon masculino: usuarias (os) nuevas (os),2015-09-01,0,1,2,0,0,3
ACHACACHI,"anticoncepcion, prevencion de its y de cancer de cuello uterino",condon masculino: usuarias (os) nuevas (os),2015-10-01,0,0,3,2,0,5
ACHOCALLA,"anticoncepcion, prevencion de its y de cancer de cuello uterino",condon masculino: usuarias (os) nuevas (os),2015-10-01,0,0,2,0,0,2
AIQUILE,"anticoncepcion, prevencion de its y de cancer de cuello uterino",condon masculino: usuarias (os) nuevas (os),2015-10-01,0,1,10,2,0,13
ALALAY,"anticoncepcion, prevencion de its y de cancer de cuello uterino",condon masculino: usuarias (os) nuevas (os),2015-10-01,0,0,2,0,0,2
ALCALA,"anticoncepcion, prevencion de its y de cancer de cuello uterino",condon masculino: usuarias (os) nuevas (os),2015-10-01,0,0,2,1,0,3
ALTO BENI,"anticoncepcion, prevencion de its y de cancer de cuello uterino",condon masculino: usuarias (os) nuevas (os),2015-10-01,0,3,9,0,0,12
ANCORAIMES,"anticoncepcion, prevencion de its y de cancer de cuello uterino",condon masculino: usuarias (os) nuevas (os),2015-10-01,0,0,0,1,0,1
ANDAMARCA,"anticoncepcion, prevencion de its y de cancer de cuello uterino",condon masculino: usuarias (os) nuevas (os),2015-10-01,0,1,1,0,0,2
ANZALDO,"anticoncepcion, prevencion de its y de cancer de cuello uterino",condon masculino: usuarias (os) nuevas (os),2015-10-01,0,1,0,0,0,1
APOLO,"anticoncepcion, prevencion de its y de cancer de cuello uterino",condon masculino: usuarias (os) nuevas (os),2015-10-01,0,1,4,0,0,5
ARAMPAMPA,"anticoncepcion, prevencion de its y de cancer de cuello uterino",condon masculino: usuarias (os) nuevas (os),2015-10-01,0,1,1,0,0,2
ARBIETO,"anticoncepcion, prevencion de its y de cancer de cuello uterino",condon masculino: usuarias (os) nuevas (os),2015-10-01,0,1,5,2,0,8
ARQUE,"anticoncepcion, prevencion de its y de cancer de cuello uterino",condon masculino: usuarias (os) nuevas (os),2015-10-01,0,0,1,0,0,1
ASCENCION DE GUARAYOS,"anticoncepcion, prevencion de its y de cancer de cuello uterino",condon masculino: usuarias (os) nuevas (os),2015-10-01,1,4,8,2,0,15
ATOCHA,"anticoncepcion, prevencion de its y de cancer de cuello uterino",condon masculino: usuarias (os) nuevas (os),2015-10-01,0,0,3,0,0,3
AUCAPATA,"anticoncepcion, prevencion de its y de cancer de cuello uterino",condon masculino: usuarias (os) nuevas (os),2015-10-01,0,0,1,0,0,1
AYATA,"anticoncepcion, prevencion de its y de cancer de cuello uterino",condon masculino: usuarias (os) nuevas (os),2015-10-01,0,0,1,1,0,2
AYO AYO,"anticoncepcion, prevencion de its y de cancer de cuello uterino",condon masculino: usuarias (os) nuevas (os),2015-10-01,0,0,2,0,0,2
AYOPAYA (V. DE INDEPENDENCIA),"anticoncepcion, prevencion de its y de cancer de cuello uterino",condon masculino: usuarias (os) nuevas (os),2015-10-01,0,4,4,1,0,9
AZURDUY,"anticoncepcion, prevencion de its y de cancer de cuello uterino",condon masculino: usuarias (os) nuevas (os),2015-10-01,0,0,1,0,0,1
BATALLAS,"anticoncepcion, prevencion de its y de cancer de cuello uterino",condon masculino: usuarias (os) nuevas (os),2015-10-01,0,1,0,0,0,1
BAURES,"anticoncepcion, prevencion de its y de cancer de cuello uterino",condon masculino: usuarias (os) nuevas (os),2015-10-01,0,0,0,0,1,1
BELEN DE URMIRI,"anticoncepcion, prevencion de its y de cancer de cuello uterino",condon masculino: usuarias (os) nuevas (os),2015-10-01,0,2,2,0,0,4
BELLA FLOR,"anticoncepcion, prevencion de its y de cancer de cuello uterino",condon masculino: usuarias (os) nuevas (os),2015-10-01,0,1,0,0,0,1
BERMEJO,"anticoncepcion, prevencion de its y de cancer de cuello uterino",condon masculino: usuarias (os) nuevas (os),2015-10-01,1,4,4,1,0,10
BETANZOS,"anticoncepcion, prevencion de its y de cancer de cuello uterino",condon masculino: usuarias (os) nuevas (os),2015-10-01,0,1,4,4,0,9
BOLIVAR,"anticoncepcion, prevencion de its y de cancer de cuello uterino",condon masculino: usuarias (os) nuevas (os),2015-10-01,0,0,2,0,0,2
BUENA VISTA,"anticoncepcion, prevencion de its y de cancer de cuello uterino",condon masculino: usuarias (os) nuevas (os),2015-10-01,0,4,2,2,0,8
CABEZAS,"anticoncepcion, prevencion de its y de cancer de cuello uterino",condon masculino: usuarias (os) nuevas (os),2015-10-01,0,9,66,5,0,80
CAIROMA,"anticoncepcion, prevencion de its y de cancer de cuello uterino",condon masculino: usuarias (os) nuevas (os),2015-10-01,0,0,3,1,0,4
"CAIZA ""D""","anticoncepcion, prevencion de its y de cancer de cuello uterino",condon masculino: usuarias (os) nuevas (os),2015-10-01,0,1,4,2,0,7
CAJUATA,"anticoncepcion, prevencion de its y de cancer de cuello uterino",condon masculino: usuarias (os) nuevas (os),2015-10-01,0,1,5,1,0,7
CALAMARCA,"anticoncepcion, prevencion de its y de cancer de cuello uterino",condon masculino: usuarias (os) nuevas (os),2015-10-01,0,5,4,1,0,10
CAMARGO,"anticoncepcion, prevencion de its y de cancer de cuello uterino",condon masculino: usuarias (os) nuevas (os),2015-10-01,0,1,3,1,0,5
CAMIRI,"anticoncepcion, prevencion de its y de cancer de cuello uterino",condon masculino: usuarias (os) nuevas (os),2015-10-01,0,1,7,3,0,11
CAPINOTA,"anticoncepcion, prevencion de its y de cancer de cuello uterino",condon masculino: usuarias (os) nuevas (os),2015-10-01,0,1,4,0,0,5
CAQUIAVIRI,"anticoncepcion, prevencion de its y de cancer de cuello uterino",condon masculino: usuarias (os) nuevas (os),2015-10-01,0,0,3,1,0,4
CARACOLLO,"anticoncepcion, prevencion de its y de cancer de cuello uterino",condon masculino: usuarias (os) nuevas (os),2015-10-01,0,1,4,0,0,5
CARANAVI,"anticoncepcion, prevencion de its y de cancer de cuello uterino",condon masculino: usuarias (os) nuevas (os),2015-10-01,0,7,18,3,0,28
CARAPARI,"anticoncepcion, prevencion de its y de cancer de cuello uterino",condon masculino: usuarias (os) nuevas (os),2015-10-01,0,1,2,1,0,4
CARIPUYO,"anticoncepcion, prevencion de its y de cancer de cuello uterino",condon masculino: usuarias (os) nuevas (os),2015-10-01,0,1,0,1,0,2
CHACARILLA,"anticoncepcion, prevencion de its y de cancer de cuello uterino",condon masculino: usuarias (os) nuevas (os),2015-10-01,0,1,0,0,0,1
CHALLAPATA,"anticoncepcion, prevencion de its y de cancer de cuello uterino",condon masculino: usuarias (os) nuevas (os),2015-10-01,0,1,4,1,1,7
CHAQUI,"anticoncepcion, prevencion de its y de cancer de cuello uterino",condon masculino: usuarias (os) nuevas (os),2015-10-01,0,0,3,0,0,3
CHARAGUA,"anticoncepcion, prevencion de its y de cancer de cuello uterino",condon masculino: usuarias (os) nuevas (os),2015-10-01,0,0,1,0,0,1
CHAYANTA,"anticoncepcion, prevencion de its y de cancer de cuello uterino",condon masculino: usuarias (os) nuevas (os),2015-10-01,0,8,7,2,0,17
CHIMORE,"anticoncepcion, prevencion de its y de cancer de cuello uterino",condon masculino: usuarias (os) nuevas (os),2015-10-01,0,5,8,4,0,17
CHIPAYA,"anticoncepcion, prevencion de its y de cancer de cuello uterino",condon masculino: usuarias (os) nuevas (os),2015-10-01,0,0,2,0,0,2
CHOQUE COTA,"anticoncepcion, prevencion de its y de cancer de cuello uterino",condon masculino: usuarias (os) nuevas (os),2015-10-01,0,0,2,0,0,2
CHULUMANI (V. DE LA LIBERTAD),"anticoncepcion, prevencion de its y de cancer de cuello uterino",condon masculino: usuarias (os) nuevas (os),2015-10-01,0,1,2,1,0,4
CHUMA,"anticoncepcion, prevencion de its y de cancer de cuello uterino",condon masculino: usuarias (os) nuevas (os),2015-10-01,0,0,2,2,0,4
CHUQUIHUTA AYLLU JUCUMANI,"anticoncepcion, prevencion de its y de cancer de cuello uterino",condon masculino: usuarias (os) nuevas (os),2015-10-01,0,1,0,0,0,1
CKOCHAS,"anticoncepcion, prevencion de its y de cancer de cuello uterino",condon masculino: usuarias (os) nuevas (os),2015-10-01,0,2,2,2,0,6
CLIZA,"anticoncepcion, prevencion de its y de cancer de cuello uterino",condon masculino: usuarias (os) nuevas (os),2015-10-01,0,6,5,1,0,12
COBIJA,"anticoncepcion, prevencion de its y de cancer de cuello uterino",condon masculino: usuarias (os) nuevas (os),2015-10-01,0,1,3,1,0,5
COCAPATA,"anticoncepcion, prevencion de its y de cancer de cuello uterino",condon masculino: usuarias (os) nuevas (os),2015-10-01,0,1,3,1,0,5
COCHABAMBA,"anticoncepcion, prevencion de its y de cancer de cuello uterino",condon masculino: usuarias (os) nuevas (os),2015-10-01,0,191,834,382,0,1407
COLCAPIRHUA,"anticoncepcion, prevencion de its y de cancer de cuello uterino",condon masculino: usuarias (os) nuevas (os),2015-10-01,0,1,8,0,0,9
"COLCHA ""K""","anticoncepcion, prevencion de its y de cancer de cuello uterino",condon masculino: usuarias (os) nuevas (os),2015-10-01,0,1,3,1,0,5
COLLANA,"anticoncepcion, prevencion de its y de cancer de cuello uterino",condon masculino: usuarias (os) nuevas (os),2015-10-01,0,0,2,0,0,2
COLPA BELGICA,"anticoncepcion, prevencion de its y de cancer de cuello uterino",condon masculino: usuarias (os) nuevas (os),2015-10-01,0,2,5,0,0,7
COLQUECHACA,"anticoncepcion, prevencion de its y de cancer de cuello uterino",condon masculino: usuarias (os) nuevas (os),2015-10-01,0,1,6,0,0,7
COLQUENCHA,"anticoncepcion, prevencion de its y de cancer de cuello uterino",condon masculino: usuarias (os) nuevas (os),2015-10-01,0,0,7,2,0,9
COLQUIRI,"anticoncepcion, prevencion de its y de cancer de cuello uterino",condon masculino: usuarias (os) nuevas (os),2015-10-01,0,2,4,1,0,7
COMARAPA,"anticoncepcion, prevencion de its y de cancer de cuello uterino",condon masculino: usuarias (os) nuevas (os),2015-10-01,0,1,3,1,0,5
COMBAYA,"anticoncepcion, prevencion de its y de cancer de cuello uterino",condon masculino: usuarias (os) nuevas (os),2015-10-01,0,1,0,0,0,1
CORIPATA,"anticoncepcion, prevencion de its y de cancer de cuello uterino",condon masculino: usuarias (os) nuevas (os),2015-10-01,0,0,3,1,0,4
CORO CORO,"anticoncepcion, prevencion de its y de cancer de cuello uterino",condon masculino: usuarias (os) nuevas (os),2015-10-01,0,0,1,1,0,2
COROICO,"anticoncepcion, prevencion de its y de cancer de cuello uterino",condon masculino: usuarias (os) nuevas (os),2015-10-01,0,0,1,0,0,1
CORQUE,"anticoncepcion, prevencion de its y de cancer de cuello uterino",condon masculino: usuarias (os) nuevas (os),2015-10-01,0,0,1,0,0,1
COTAGAITA,"anticoncepcion, prevencion de its y de cancer de cuello uterino",condon masculino: usuarias (os) nuevas (os),2015-10-01,0,2,4,0,0,6
COTOCA,"anticoncepcion, prevencion de its y de cancer de cuello uterino",condon masculino: usuarias (os) nuevas (os),2015-10-01,0,5,10,3,0,18
CUATRO CAÑADAS,"anticoncepcion, prevencion de its y de cancer de cuello uterino",condon masculino: usuarias (os) nuevas (os),2015-10-01,0,4,6,0,0,10
CUCHUMUELA (V. G. VILLARROEL),"anticoncepcion, prevencion de its y de cancer de cuello uterino",condon masculino: usuarias (os) nuevas (os),2015-10-01,0,0,1,1,0,2
CUEVO,"anticoncepcion, prevencion de its y de cancer de cuello uterino",condon masculino: usuarias (os) nuevas (os),2015-10-01,0,3,1,0,0,4
CULPINA,"anticoncepcion, prevencion de its y de cancer de cuello uterino",condon masculino: usuarias (os) nuevas (os),2015-10-01,0,1,2,0,0,3
EL ALTO,"anticoncepcion, prevencion de its y de cancer de cuello uterino",condon masculino: usuarias (os) nuevas (os),2015-10-01,0,30,183,55,2,270
EL CHORO,"anticoncepcion, prevencion de its y de cancer de cuello uterino",condon masculino: usuarias (os) nuevas (os),2015-10-01,0,1,2,0,0,3
EL PUENTE(STC),"anticoncepcion, prevencion de its y de cancer de cuello uterino",condon masculino: usuarias (os) nuevas (os),2015-10-01,0,10,37,11,0,58
EL PUENTE(TJA),"anticoncepcion, prevencion de its y de cancer de cuello uterino",condon masculino: usuarias (os) nuevas (os),2015-10-01,0,2,3,1,0,6
EL TORNO,"anticoncepcion, prevencion de its y de cancer de cuello uterino",condon masculino: usuarias (os) nuevas (os),2015-10-01,4,10,13,1,0,28
EL VILLAR,"anticoncepcion, prevencion de its y de cancer de cuello uterino",condon masculino: usuarias (os) nuevas (os),2015-10-01,0,0,1,1,0,2
ENTRE RIOS TRJ,"anticoncepcion, prevencion de its y de cancer de cuello uterino",condon masculino: usuarias (os) nuevas (os),2015-10-01,0,3,9,2,0,14
ENTRE RIOS CBBA,"anticoncepcion, prevencion de its y de cancer de cuello uterino",condon masculino: usuarias (os) nuevas (os),2015-10-01,0,2,18,1,0,21
ESCARA,"anticoncepcion, prevencion de its y de cancer de cuello uterino",condon masculino: usuarias (os) nuevas (os),2015-10-01,0,0,3,1,0,4
EUREKA (SANTOS MERCADO),"anticoncepcion, prevencion de its y de cancer de cuello uterino",condon masculino: usuarias (os) nuevas (os),2015-10-01,1,0,1,0,0,2
FERNANDEZ ALONSO,"anticoncepcion, prevencion de its y de cancer de cuello uterino",condon masculino: usuarias (os) nuevas (os),2015-10-01,0,0,1,1,0,2
GENERAL SAAVEDRA,"anticoncepcion, prevencion de its y de cancer de cuello uterino",condon masculino: usuarias (os) nuevas (os),2015-10-01,0,0,2,0,0,2
GRAL. J.J. PEREZ (CHARAZANI),"anticoncepcion, prevencion de its y de cancer de cuello uterino",condon masculino: usuarias (os) nuevas (os),2015-10-01,0,0,2,1,0,3
GUAQUI,"anticoncepcion, prevencion de its y de cancer de cuello uterino",condon masculino: usuarias (os) nuevas (os),2015-10-01,0,1,1,0,0,2
GUAYARAMERIN,"anticoncepcion, prevencion de its y de cancer de cuello uterino",condon masculino: usuarias (os) nuevas (os),2015-10-01,2,15,23,5,0,45
GUTIERREZ,"anticoncepcion, prevencion de its y de cancer de cuello uterino",condon masculino: usuarias (os) nuevas (os),2015-10-01,0,1,0,0,0,1
HUACARETA,"anticoncepcion, prevencion de its y de cancer de cuello uterino",condon masculino: usuarias (os) nuevas (os),2015-10-01,0,0,3,1,0,4
HUANUNI,"anticoncepcion, prevencion de its y de cancer de cuello uterino",condon masculino: usuarias (os) nuevas (os),2015-10-01,0,1,5,0,0,6
HUARACAJE,"anticoncepcion, prevencion de its y de cancer de cuello uterino",condon masculino: usuarias (os) nuevas (os),2015-10-01,0,0,1,0,0,1
HUATAJATA,"anticoncepcion, prevencion de its y de cancer de cuello uterino",condon masculino: usuarias (os) nuevas (os),2015-10-01,0,0,0,1,0,1
HUMANATA,"anticoncepcion, prevencion de its y de cancer de cuello uterino",condon masculino: usuarias (os) nuevas (os),2015-10-01,0,0,3,0,0,3
ICHOCA,"anticoncepcion, prevencion de its y de cancer de cuello uterino",condon masculino: usuarias (os) nuevas (os),2015-10-01,0,0,0,1,0,1
ICLA,"anticoncepcion, prevencion de its y de cancer de cuello uterino",condon masculino: usuarias (os) nuevas (os),2015-10-01,0,4,1,0,0,5
INCAHUASI,"anticoncepcion, prevencion de its y de cancer de cuello uterino",condon masculino: usuarias (os) nuevas (os),2015-10-01,0,0,2,2,0,4
INQUISIVI,"anticoncepcion, prevencion de its y de cancer de cuello uterino",condon masculino: usuarias (os) nuevas (os),2015-10-01,0,1,1,0,0,2
IRUPANA (VILLA DE LANZA),"anticoncepcion, prevencion de its y de cancer de cuello uterino",condon masculino: usuarias (os) nuevas (os),2015-10-01,0,0,6,1,0,7
IXIAMAS,"anticoncepcion, prevencion de its y de cancer de cuello uterino",condon masculino: usuarias (os) nuevas (os),2015-10-01,0,2,0,0,0,2
JESUS DE MACHACA,"anticoncepcion, prevencion de its y de cancer de cuello uterino",condon masculino: usuarias (os) nuevas (os),2015-10-01,0,0,1,1,0,2
LA ASUNTA,"anticoncepcion, prevencion de its y de cancer de cuello uterino",condon masculino: usuarias (os) nuevas (os),2015-10-01,0,3,11,1,0,15
LA GUARDIA,"anticoncepcion, prevencion de its y de cancer de cuello uterino",condon masculino: usuarias (os) nuevas (os),2015-10-01,2,6,23,10,0,41
LA PAZ,"anticoncepcion, prevencion de its y de cancer de cuello uterino",condon masculino: usuarias (os) nuevas (os),2015-10-01,1,20,358,35,1,415
LAGUNILLAS,"anticoncepcion, prevencion de its y de cancer de cuello uterino",condon masculino: usuarias (os) nuevas (os),2015-10-01,0,1,1,0,0,2
LAJA,"anticoncepcion, prevencion de its y de cancer de cuello uterino",condon masculino: usuarias (os) nuevas (os),2015-10-01,0,1,1,0,0,2
LAS CARRERAS,"anticoncepcion, prevencion de its y de cancer de cuello uterino",condon masculino: usuarias (os) nuevas (os),2015-10-01,0,0,1,0,0,1
LICOMA PAMPA,"anticoncepcion, prevencion de its y de cancer de cuello uterino",condon masculino: usuarias (os) nuevas (os),2015-10-01,0,0,1,0,0,1
LLALLAGUA,"anticoncepcion, prevencion de its y de cancer de cuello uterino",condon masculino: usuarias (os) nuevas (os),2015-10-01,0,6,10,4,0,20
LORETO,"anticoncepcion, prevencion de its y de cancer de cuello uterino",condon masculino: usuarias (os) nuevas (os),2015-10-01,0,1,0,0,0,1
LURIBAY,"anticoncepcion, prevencion de its y de cancer de cuello uterino",condon masculino: usuarias (os) nuevas (os),2015-10-01,0,0,3,1,0,4
MACHACAMARCA,"anticoncepcion, prevencion de its y de cancer de cuello uterino",condon masculino: usuarias (os) nuevas (os),2015-10-01,0,0,1,0,0,1
MACHARETI,"anticoncepcion, prevencion de its y de cancer de cuello uterino",condon masculino: usuarias (os) nuevas (os),2015-10-01,0,2,9,0,0,11
MAGDALENA,"anticoncepcion, prevencion de its y de cancer de cuello uterino",condon masculino: usuarias (os) nuevas (os),2015-10-01,0,0,4,2,0,6
MAIRANA,"anticoncepcion, prevencion de its y de cancer de cuello uterino",condon masculino: usuarias (os) nuevas (os),2015-10-01,0,0,1,0,0,1
MALLA,"anticoncepcion, prevencion de its y de cancer de cuello uterino",condon masculino: usuarias (os) nuevas (os),2015-10-01,0,0,1,0,0,1
MAPIRI,"anticoncepcion, prevencion de its y de cancer de cuello uterino",condon masculino: usuarias (os) nuevas (os),2015-10-01,0,0,2,0,0,2
MECAPACA,"anticoncepcion, prevencion de its y de cancer de cuello uterino",condon masculino: usuarias (os) nuevas (os),2015-10-01,0,0,3,0,0,3
MINEROS,"anticoncepcion, prevencion de its y de cancer de cuello uterino",condon masculino: usuarias (os) nuevas (os),2015-10-01,0,0,2,1,0,3
MIZQUE,"anticoncepcion, prevencion de its y de cancer de cuello uterino",condon masculino: usuarias (os) nuevas (os),2015-10-01,0,6,13,2,0,21
MOCOMOCO,"anticoncepcion, prevencion de its y de cancer de cuello uterino",condon masculino: usuarias (os) nuevas (os),2015-10-01,0,0,1,0,0,1
MOJINETE,"anticoncepcion, prevencion de its y de cancer de cuello uterino",condon masculino: usuarias (os) nuevas (os),2015-10-01,0,0,0,1,0,1
MONTEAGUDO,"anticoncepcion, prevencion de its y de cancer de cuello uterino",condon masculino: usuarias (os) nuevas (os),2015-10-01,0,2,5,0,0,7
MONTERO,"anticoncepcion, prevencion de its y de cancer de cuello uterino",condon masculino: usuarias (os) nuevas (os),2015-10-01,0,4,15,2,0,21
MORO MORO,"anticoncepcion, prevencion de its y de cancer de cuello uterino",condon masculino: usuarias (os) nuevas (os),2015-10-01,0,5,11,11,2,29
MOROCHATA,"anticoncepcion, prevencion de its y de cancer de cuello uterino",condon masculino: usuarias (os) nuevas (os),2015-10-01,0,1,2,1,0,4
NACEBE (SANTA ROSA DEL ABUNA),"anticoncepcion, prevencion de its y de cancer de cuello uterino",condon masculino: usuarias (os) nuevas (os),2015-10-01,0,0,2,1,0,3
NUEVO MANOA (NUEVA ESPERANZA),"anticoncepcion, prevencion de its y de cancer de cuello uterino",condon masculino: usuarias (os) nuevas (os),2015-10-01,0,0,2,1,0,3
OCURI,"anticoncepcion, prevencion de its y de cancer de cuello uterino",condon masculino: usuarias (os) nuevas (os),2015-10-01,0,2,1,0,0,3
OMEREQUE,"anticoncepcion, prevencion de its y de cancer de cuello uterino",condon masculino: usuarias (os) nuevas (os),2015-10-01,0,0,3,0,0,3
ORURO,"anticoncepcion, prevencion de its y de cancer de cuello uterino",condon masculino: usuarias (os) nuevas (os),2015-10-01,0,8,77,11,0,96
PADCAYA,"anticoncepcion, prevencion de its y de cancer de cuello uterino",condon masculino: usuarias (os) nuevas (os),2015-10-01,0,1,2,1,0,4
PAILON,"anticoncepcion, prevencion de its y de cancer de cuello uterino",condon masculino: usuarias (os) nuevas (os),2015-10-01,0,0,2,0,0,2
PALCA,"anticoncepcion, prevencion de its y de cancer de cuello uterino",condon masculino: usuarias (os) nuevas (os),2015-10-01,0,0,3,0,0,3
PALOS BLANCOS,"anticoncepcion, prevencion de its y de cancer de cuello uterino",condon masculino: usuarias (os) nuevas (os),2015-10-01,0,2,5,0,0,7
PAMPA AULLAGAS,"anticoncepcion, prevencion de its y de cancer de cuello uterino",condon masculino: usuarias (os) nuevas (os),2015-10-01,0,0,1,0,0,1
PAMPA GRANDE,"anticoncepcion, prevencion de its y de cancer de cuello uterino",condon masculino: usuarias (os) nuevas (os),2015-10-01,0,0,1,0,0,1
PAPEL PAMPA,"anticoncepcion, prevencion de its y de cancer de cuello uterino",condon masculino: usuarias (os) nuevas (os),2015-10-01,0,0,1,0,0,1
PASORAPA,"anticoncepcion, prevencion de its y de cancer de cuello uterino",condon masculino: usuarias (os) nuevas (os),2015-10-01,0,1,0,0,0,1
PELECHUCO,"anticoncepcion, prevencion de its y de cancer de cuello uterino",condon masculino: usuarias (os) nuevas (os),2015-10-01,0,0,6,0,0,6
POCOATA,"anticoncepcion, prevencion de its y de cancer de cuello uterino",condon masculino: usuarias (os) nuevas (os),2015-10-01,0,2,9,2,0,13
POCONA,"anticoncepcion, prevencion de its y de cancer de cuello uterino",condon masculino: usuarias (os) nuevas (os),2015-10-01,0,0,2,2,0,4
POJO (CBBA),"anticoncepcion, prevencion de its y de cancer de cuello uterino",condon masculino: usuarias (os) nuevas (os),2015-10-01,0,1,1,1,0,3
POOPO,"anticoncepcion, prevencion de its y de cancer de cuello uterino",condon masculino: usuarias (os) nuevas (os),2015-10-01,0,0,1,0,0,1
PORCO,"anticoncepcion, prevencion de its y de cancer de cuello uterino",condon masculino: usuarias (os) nuevas (os),2015-10-01,0,1,1,0,0,2
PORONGO,"anticoncepcion, prevencion de its y de cancer de cuello uterino",condon masculino: usuarias (os) nuevas (os),2015-10-01,0,0,1,0,0,1
PORVENIR,"anticoncepcion, prevencion de its y de cancer de cuello uterino",condon masculino: usuarias (os) nuevas (os),2015-10-01,0,0,0,3,0,3
POSTRER VALLE,"anticoncepcion, prevencion de its y de cancer de cuello uterino",condon masculino: usuarias (os) nuevas (os),2015-10-01,0,0,2,0,0,2
POTOSI,"anticoncepcion, prevencion de its y de cancer de cuello uterino",condon masculino: usuarias (os) nuevas (os),2015-10-01,8,8,25,13,0,54
PRESTO,"anticoncepcion, prevencion de its y de cancer de cuello uterino",condon masculino: usuarias (os) nuevas (os),2015-10-01,0,1,6,1,0,8
PUCARANI,"anticoncepcion, prevencion de its y de cancer de cuello uterino",condon masculino: usuarias (os) nuevas (os),2015-10-01,0,4,17,8,3,32
PUERTO CARABUCO,"anticoncepcion, prevencion de its y de cancer de cuello uterino",condon masculino: usuarias (os) nuevas (os),2015-10-01,0,0,0,2,1,3
PUERTO GONZALO MORENO,"anticoncepcion, prevencion de its y de cancer de cuello uterino",condon masculino: usuarias (os) nuevas (os),2015-10-01,0,0,1,0,0,1
PUERTO PEREZ,"anticoncepcion, prevencion de its y de cancer de cuello uterino",condon masculino: usuarias (os) nuevas (os),2015-10-01,0,1,0,1,0,2
PUERTO QUIJARRO,"anticoncepcion, prevencion de its y de cancer de cuello uterino",condon masculino: usuarias (os) nuevas (os),2015-10-01,0,1,5,1,0,7
PUERTO RICO,"anticoncepcion, prevencion de its y de cancer de cuello uterino",condon masculino: usuarias (os) nuevas (os),2015-10-01,0,0,2,0,0,2
PUERTO SUAREZ,"anticoncepcion, prevencion de its y de cancer de cuello uterino",condon masculino: usuarias (os) nuevas (os),2015-10-01,0,2,1,0,0,3
PUERTO VILLARROEL,"anticoncepcion, prevencion de its y de cancer de cuello uterino",condon masculino: usuarias (os) nuevas (os),2015-10-01,0,4,17,4,0,25
PUNA,"anticoncepcion, prevencion de its y de cancer de cuello uterino",condon masculino: usuarias (os) nuevas (os),2015-10-01,0,2,2,2,0,6
PUNATA,"anticoncepcion, prevencion de its y de cancer de cuello uterino",condon masculino: usuarias (os) nuevas (os),2015-10-01,0,1,6,2,0,9
QUIABAYA,"anticoncepcion, prevencion de its y de cancer de cuello uterino",condon masculino: usuarias (os) nuevas (os),2015-10-01,0,0,1,0,0,1
QUILLACOLLO,"anticoncepcion, prevencion de its y de cancer de cuello uterino",condon masculino: usuarias (os) nuevas (os),2015-10-01,0,3,18,3,0,24
QUIME,"anticoncepcion, prevencion de its y de cancer de cuello uterino",condon masculino: usuarias (os) nuevas (os),2015-10-01,0,1,2,0,0,3
RAVELO,"anticoncepcion, prevencion de its y de cancer de cuello uterino",condon masculino: usuarias (os) nuevas (os),2015-10-01,0,0,1,0,0,1
REYES,"anticoncepcion, prevencion de its y de cancer de cuello uterino",condon masculino: usuarias (os) nuevas (os),2015-10-01,0,1,4,1,0,6
RIBERALTA,"anticoncepcion, prevencion de its y de cancer de cuello uterino",condon masculino: usuarias (os) nuevas (os),2015-10-01,2,55,54,11,5,127
ROBORE,"anticoncepcion, prevencion de its y de cancer de cuello uterino",condon masculino: usuarias (os) nuevas (os),2015-10-01,0,2,11,1,0,14
RURRENABAQUE,"anticoncepcion, prevencion de its y de cancer de cuello uterino",condon masculino: usuarias (os) nuevas (os),2015-10-01,0,1,1,0,0,2
SABAYA,"anticoncepcion, prevencion de its y de cancer de cuello uterino",condon masculino: usuarias (os) nuevas (os),2015-10-01,0,0,1,1,0,2
SACABA,"anticoncepcion, prevencion de its y de cancer de cuello uterino",condon masculino: usuarias (os) nuevas (os),2015-10-01,0,11,49,31,0,91
SACACA,"anticoncepcion, prevencion de its y de cancer de cuello uterino",condon masculino: usuarias (os) nuevas (os),2015-10-01,0,1,1,1,0,3
SALINAS DE GARCI MENDOZA,"anticoncepcion, prevencion de its y de cancer de cuello uterino",condon masculino: usuarias (os) nuevas (os),2015-10-01,0,2,3,0,0,5
SAMAIPATA,"anticoncepcion, prevencion de its y de cancer de cuello uterino",condon masculino: usuarias (os) nuevas (os),2015-10-01,0,2,4,0,0,6
SAN AGUSTIN,"anticoncepcion, prevencion de its y de cancer de cuello uterino",condon masculino: usuarias (os) nuevas (os),2015-10-01,0,0,1,0,0,1
SAN ANDRES,"anticoncepcion, prevencion de its y de cancer de cuello uterino",condon masculino: usuarias (os) nuevas (os),2015-10-01,3,1,0,0,0,4
SAN ANDRES DE MACHACA,"anticoncepcion, prevencion de its y de cancer de cuello uterino",condon masculino: usuarias (os) nuevas (os),2015-10-01,0,1,3,0,0,4
SAN ANTONIO DE ESMORUCO,"anticoncepcion, prevencion de its y de cancer de cuello uterino",condon masculino: usuarias (os) nuevas (os),2015-10-01,0,0,1,0,0,1
SAN ANTONIO DE LOMERIO,"anticoncepcion, prevencion de its y de cancer de cuello uterino",condon masculino: usuarias (os) nuevas (os),2015-10-01,0,1,4,2,0,7
SAN BENITO,"anticoncepcion, prevencion de its y de cancer de cuello uterino",condon masculino: usuarias (os) nuevas (os),2015-10-01,0,0,10,3,0,13
SAN BORJA,"anticoncepcion, prevencion de its y de cancer de cuello uterino",condon masculino: usuarias (os) nuevas (os),2015-10-01,0,3,4,0,0,7
SAN CARLOS,"anticoncepcion, prevencion de its y de cancer de cuello uterino",condon masculino: usuarias (os) nuevas (os),2015-10-01,0,4,7,2,0,13
SAN IGNACIO,"anticoncepcion, prevencion de its y de cancer de cuello uterino",condon masculino: usuarias (os) nuevas (os),2015-10-01,1,8,35,4,0,48
SAN IGNACIO DE VELASCO,"anticoncepcion, prevencion de its y de cancer de cuello uterino",condon masculino: usuarias (os) nuevas (os),2015-10-01,0,2,3,0,0,5
SAN JAVIER(BNI),"anticoncepcion, prevencion de its y de cancer de cuello uterino",condon masculino: usuarias (os) nuevas (os),2015-10-01,0,3,6,0,0,9
SAN JAVIER(STC),"anticoncepcion, prevencion de its y de cancer de cuello uterino",condon masculino: usuarias (os) nuevas (os),2015-10-01,0,1,1,0,0,2
SAN JUAN DE YAPACANI,"anticoncepcion, prevencion de its y de cancer de cuello uterino",condon masculino: usuarias (os) nuevas (os),2015-10-01,0,0,1,0,0,1
SAN JULIAN,"anticoncepcion, prevencion de its y de cancer de cuello uterino",condon masculino: usuarias (os) nuevas (os),2015-10-01,0,6,5,1,0,12
SAN LORENZO(PND),"anticoncepcion, prevencion de its y de cancer de cuello uterino",condon masculino: usuarias (os) nuevas (os),2015-10-01,0,0,1,0,0,1
SAN LORENZO(TJA),"anticoncepcion, prevencion de its y de cancer de cuello uterino",condon masculino: usuarias (os) nuevas (os),2015-10-01,0,1,3,4,0,8
SAN LUCAS,"anticoncepcion, prevencion de its y de cancer de cuello uterino",condon masculino: usuarias (os) nuevas (os),2015-10-01,1,7,5,1,0,14
SAN MIGUEL DE VELASCO,"anticoncepcion, prevencion de its y de cancer de cuello uterino",condon masculino: usuarias (os) nuevas (os),2015-10-01,1,1,4,0,0,6
SAN PABLO DE LIPEZ,"anticoncepcion, prevencion de its y de cancer de cuello uterino",condon masculino: usuarias (os) nuevas (os),2015-10-01,0,0,1,0,0,1
SAN PEDRO,"anticoncepcion, prevencion de its y de cancer de cuello uterino",condon masculino: usuarias (os) nuevas (os),2015-10-01,0,0,6,0,0,6
SAN PEDRO DE BUENA VISTA,"anticoncepcion, prevencion de its y de cancer de cuello uterino",condon masculino: usuarias (os) nuevas (os),2015-10-01,0,3,5,0,0,8
SAN PEDRO DE CURAHUARA,"anticoncepcion, prevencion de its y de cancer de cuello uterino",condon masculino: usuarias (os) nuevas (os),2015-10-01,0,0,1,0,0,1
SAN PEDRO DE QUEMES,"anticoncepcion, prevencion de its y de cancer de cuello uterino",condon masculino: usuarias (os) nuevas (os),2015-10-01,1,0,2,0,0,3
SAN PEDRO DE TIQUINA,"anticoncepcion, prevencion de its y de cancer de cuello uterino",condon masculino: usuarias (os) nuevas (os),2015-10-01,0,1,1,0,0,2
SAN RAFAEL,"anticoncepcion, prevencion de its y de cancer de cuello uterino",condon masculino: usuarias (os) nuevas (os),2015-10-01,0,0,1,0,0,1
SAN RAMON BENI,"anticoncepcion, prevencion de its y de cancer de cuello uterino",condon masculino: usuarias (os) nuevas (os),2015-10-01,0,0,5,2,0,7
SAN RAMON SCZ,"anticoncepcion, prevencion de its y de cancer de cuello uterino",condon masculino: usuarias (os) nuevas (os),2015-10-01,0,10,0,0,0,10
SANTA ANA,"anticoncepcion, prevencion de its y de cancer de cuello uterino",condon masculino: usuarias (os) nuevas (os),2015-10-01,0,2,8,1,0,11
SANTA CRUZ DE LA SIERRA,"anticoncepcion, prevencion de its y de cancer de cuello uterino",condon masculino: usuarias (os) nuevas (os),2015-10-01,3,95,327,89,2,516
SANTA ROSA DEL SARA,"anticoncepcion, prevencion de its y de cancer de cuello uterino",condon masculino: usuarias (os) nuevas (os),2015-10-01,3,9,12,4,0,28
SANTIAGO DE HUARI,"anticoncepcion, prevencion de its y de cancer de cuello uterino",condon masculino: usuarias (os) nuevas (os),2015-10-01,0,2,2,0,0,4
SANTIAGO DE HUATA,"anticoncepcion, prevencion de its y de cancer de cuello uterino",condon masculino: usuarias (os) nuevas (os),2015-10-01,0,0,1,0,0,1
SANTUARIO DE QUILLACAS,"anticoncepcion, prevencion de its y de cancer de cuello uterino",condon masculino: usuarias (os) nuevas (os),2015-10-01,0,1,1,2,0,4
SAPAHAQUI,"anticoncepcion, prevencion de its y de cancer de cuello uterino",condon masculino: usuarias (os) nuevas (os),2015-10-01,0,0,3,0,0,3
SENA,"anticoncepcion, prevencion de its y de cancer de cuello uterino",condon masculino: usuarias (os) nuevas (os),2015-10-01,0,0,1,0,0,1
SICA SICA (VILLA AROMA),"anticoncepcion, prevencion de its y de cancer de cuello uterino",condon masculino: usuarias (os) nuevas (os),2015-10-01,0,2,1,0,0,3
SIPE SIPE,"anticoncepcion, prevencion de its y de cancer de cuello uterino",condon masculino: usuarias (os) nuevas (os),2015-10-01,0,2,17,0,0,19
SOPACHUY,"anticoncepcion, prevencion de its y de cancer de cuello uterino",condon masculino: usuarias (os) nuevas (os),2015-10-01,0,2,5,2,0,9
SORACACHI,"anticoncepcion, prevencion de its y de cancer de cuello uterino",condon masculino: usuarias (os) nuevas (os),2015-10-01,0,0,5,1,0,6
SORATA,"anticoncepcion, prevencion de its y de cancer de cuello uterino",condon masculino: usuarias (os) nuevas (os),2015-10-01,0,1,3,2,0,6
SUCRE,"anticoncepcion, prevencion de its y de cancer de cuello uterino",condon masculino: usuarias (os) nuevas (os),2015-10-01,1,70,276,122,1,470
TACACOMA,"anticoncepcion, prevencion de its y de cancer de cuello uterino",condon masculino: usuarias (os) nuevas (os),2015-10-01,0,1,1,0,0,2
TACOBAMBA,"anticoncepcion, prevencion de its y de cancer de cuello uterino",condon masculino: usuarias (os) nuevas (os),2015-10-01,0,0,0,2,0,2
TACOPAYA,"anticoncepcion, prevencion de its y de cancer de cuello uterino",condon masculino: usuarias (os) nuevas (os),2015-10-01,0,0,0,1,0,1
TAHUA,"anticoncepcion, prevencion de its y de cancer de cuello uterino",condon masculino: usuarias (os) nuevas (os),2015-10-01,0,1,0,0,0,1
TAPACARI,"anticoncepcion, prevencion de its y de cancer de cuello uterino",condon masculino: usuarias (os) nuevas (os),2015-10-01,0,0,5,2,0,7
TARABUCO,"anticoncepcion, prevencion de its y de cancer de cuello uterino",condon masculino: usuarias (os) nuevas (os),2015-10-01,0,0,2,0,0,2
TARATA,"anticoncepcion, prevencion de its y de cancer de cuello uterino",condon masculino: usuarias (os) nuevas (os),2015-10-01,0,0,3,0,0,3
TARIJA,"anticoncepcion, prevencion de its y de cancer de cuello uterino",condon masculino: usuarias (os) nuevas (os),2015-10-01,0,12,27,12,0,51
TARVITA,"anticoncepcion, prevencion de its y de cancer de cuello uterino",condon masculino: usuarias (os) nuevas (os),2015-10-01,0,2,4,1,0,7
TEOPONTE,"anticoncepcion, prevencion de its y de cancer de cuello uterino",condon masculino: usuarias (os) nuevas (os),2015-10-01,0,0,1,0,0,1
TINGUIPAYA,"anticoncepcion, prevencion de its y de cancer de cuello uterino",condon masculino: usuarias (os) nuevas (os),2015-10-01,0,12,5,0,1,18
TIQUIPAYA,"anticoncepcion, prevencion de its y de cancer de cuello uterino",condon masculino: usuarias (os) nuevas (os),2015-10-01,0,3,18,3,0,24
TIRAQUE (CBBA),"anticoncepcion, prevencion de its y de cancer de cuello uterino",condon masculino: usuarias (os) nuevas (os),2015-10-01,0,1,2,0,0,3
TITO YUPANQUI (PARQUIPUJIO),"anticoncepcion, prevencion de its y de cancer de cuello uterino",condon masculino: usuarias (os) nuevas (os),2015-10-01,0,0,2,1,0,3
TOCO,"anticoncepcion, prevencion de its y de cancer de cuello uterino",condon masculino: usuarias (os) nuevas (os),2015-10-01,0,1,0,0,0,1
TOLATA,"anticoncepcion, prevencion de its y de cancer de cuello uterino",condon masculino: usuarias (os) nuevas (os),2015-10-01,0,1,8,0,0,9
TOMAVE,"anticoncepcion, prevencion de its y de cancer de cuello uterino",condon masculino: usuarias (os) nuevas (os),2015-10-01,0,1,2,0,0,3
TOMINA,"anticoncepcion, prevencion de its y de cancer de cuello uterino",condon masculino: usuarias (os) nuevas (os),2015-10-01,0,1,4,1,0,6
TORO TORO,"anticoncepcion, prevencion de its y de cancer de cuello uterino",condon masculino: usuarias (os) nuevas (os),2015-10-01,0,2,10,3,0,15
TOTORA(CBBA),"anticoncepcion, prevencion de its y de cancer de cuello uterino",condon masculino: usuarias (os) nuevas (os),2015-10-01,0,1,6,1,0,8
TOTORA(ORR),"anticoncepcion, prevencion de its y de cancer de cuello uterino",condon masculino: usuarias (os) nuevas (os),2015-10-01,0,0,2,1,0,3
TRINIDAD,"anticoncepcion, prevencion de its y de cancer de cuello uterino",condon masculino: usuarias (os) nuevas (os),2015-10-01,1,6,2,1,0,10
TUPIZA,"anticoncepcion, prevencion de its y de cancer de cuello uterino",condon masculino: usuarias (os) nuevas (os),2015-10-01,0,13,21,2,0,36
TURCO,"anticoncepcion, prevencion de its y de cancer de cuello uterino",condon masculino: usuarias (os) nuevas (os),2015-10-01,0,0,1,3,0,4
UNCIA,"anticoncepcion, prevencion de its y de cancer de cuello uterino",condon masculino: usuarias (os) nuevas (os),2015-10-01,0,1,14,3,0,18
URIONDO (A. CONCEPCION),"anticoncepcion, prevencion de its y de cancer de cuello uterino",condon masculino: usuarias (os) nuevas (os),2015-10-01,0,2,5,0,0,7
UYUNI,"anticoncepcion, prevencion de its y de cancer de cuello uterino",condon masculino: usuarias (os) nuevas (os),2015-10-01,0,1,8,1,0,10
VACAS,"anticoncepcion, prevencion de its y de cancer de cuello uterino",condon masculino: usuarias (os) nuevas (os),2015-10-01,0,0,2,1,0,3
VALLEGRANDE,"anticoncepcion, prevencion de its y de cancer de cuello uterino",condon masculino: usuarias (os) nuevas (os),2015-10-01,0,1,2,1,0,4
VIACHA,"anticoncepcion, prevencion de its y de cancer de cuello uterino",condon masculino: usuarias (os) nuevas (os),2015-10-01,0,1,10,3,0,14
VILLA CHARCAS,"anticoncepcion, prevencion de its y de cancer de cuello uterino",condon masculino: usuarias (os) nuevas (os),2015-10-01,0,0,0,1,0,1
VILLA MONTES,"anticoncepcion, prevencion de its y de cancer de cuello uterino",condon masculino: usuarias (os) nuevas (os),2015-10-01,0,6,11,3,0,20
VILLA RIVERO,"anticoncepcion, prevencion de its y de cancer de cuello uterino",condon masculino: usuarias (os) nuevas (os),2015-10-01,0,1,4,0,0,5
VILLA SERRANO,"anticoncepcion, prevencion de its y de cancer de cuello uterino",condon masculino: usuarias (os) nuevas (os),2015-10-01,0,0,1,1,0,2
VILLA TUNARI,"anticoncepcion, prevencion de its y de cancer de cuello uterino",condon masculino: usuarias (os) nuevas (os),2015-10-01,0,9,37,8,0,54
VILLA VACA GUZMAN (MUYUPAMPA),"anticoncepcion, prevencion de its y de cancer de cuello uterino",condon masculino: usuarias (os) nuevas (os),2015-10-01,1,2,0,0,0,3
VILLAZON,"anticoncepcion, prevencion de its y de cancer de cuello uterino",condon masculino: usuarias (os) nuevas (os),2015-10-01,0,1,7,3,0,11
VINTO,"anticoncepcion, prevencion de its y de cancer de cuello uterino",condon masculino: usuarias (os) nuevas (os),2015-10-01,0,3,18,1,0,22
VITICHI,"anticoncepcion, prevencion de its y de cancer de cuello uterino",condon masculino: usuarias (os) nuevas (os),2015-10-01,0,3,2,1,0,6
WARNES,"anticoncepcion, prevencion de its y de cancer de cuello uterino",condon masculino: usuarias (os) nuevas (os),2015-10-01,0,0,2,0,0,2
YACO,"anticoncepcion, prevencion de its y de cancer de cuello uterino",condon masculino: usuarias (os) nuevas (os),2015-10-01,0,0,3,2,0,5
YACUIBA,"anticoncepcion, prevencion de its y de cancer de cuello uterino",condon masculino: usuarias (os) nuevas (os),2015-10-01,0,9,22,6,0,37
YAMPARAEZ,"anticoncepcion, prevencion de its y de cancer de cuello uterino",condon masculino: usuarias (os) nuevas (os),2015-10-01,0,0,0,1,0,1
YANACACHI,"anticoncepcion, prevencion de its y de cancer de cuello uterino",condon masculino: usuarias (os) nuevas (os),2015-10-01,0,0,0,1,0,1
YAPACANI,"anticoncepcion, prevencion de its y de cancer de cuello uterino",condon masculino: usuarias (os) nuevas (os),2015-10-01,0,3,12,1,0,16
YOCALLA,"anticoncepcion, prevencion de its y de cancer de cuello uterino",condon masculino: usuarias (os) nuevas (os),2015-10-01,0,0,1,0,0,1
YOTALA,"anticoncepcion, prevencion de its y de cancer de cuello uterino",condon masculino: usuarias (os) nuevas (os),2015-10-01,0,0,4,2,0,6
YUNCHARA,"anticoncepcion, prevencion de its y de cancer de cuello uterino",condon masculino: usuarias (os) nuevas (os),2015-10-01,1,0,4,0,0,5
YUNGUYO DE LITORAL,"anticoncepcion, prevencion de its y de cancer de cuello uterino",condon masculino: usuarias (os) nuevas (os),2015-10-01,0,0,2,0,0,2
ZUDAÑEZ,"anticoncepcion, prevencion de its y de cancer de cuello uterino",condon masculino: usuarias (os) nuevas (os),2015-10-01,0,2,2,0,0,4
ACHACACHI,"anticoncepcion, prevencion de its y de cancer de cuello uterino",condon masculino: usuarias (os) nuevas (os),2015-11-01,0,1,5,4,1,11
ACHOCALLA,"anticoncepcion, prevencion de its y de cancer de cuello uterino",condon masculino: usuarias (os) nuevas (os),2015-11-01,0,1,3,0,0,4
AIQUILE,"anticoncepcion, prevencion de its y de cancer de cuello uterino",condon masculino: usuarias (os) nuevas (os),2015-11-01,0,2,6,1,0,9
ALALAY,"anticoncepcion, prevencion de its y de cancer de cuello uterino",condon masculino: usuarias (os) nuevas (os),2015-11-01,0,1,1,0,0,2
ALCALA,"anticoncepcion, prevencion de its y de cancer de cuello uterino",condon masculino: usuarias (os) nuevas (os),2015-11-01,0,0,1,1,0,2
ALTO BENI,"anticoncepcion, prevencion de its y de cancer de cuello uterino",condon masculino: usuarias (os) nuevas (os),2015-11-01,1,1,4,0,0,6
ANCORAIMES,"anticoncepcion, prevencion de its y de cancer de cuello uterino",condon masculino: usuarias (os) nuevas (os),2015-11-01,0,0,0,1,0,1
ANTEQUERA,"anticoncepcion, prevencion de its y de cancer de cuello uterino",condon masculino: usuarias (os) nuevas (os),2015-11-01,0,4,1,0,0,5
ANZALDO,"anticoncepcion, prevencion de its y de cancer de cuello uterino",condon masculino: usuarias (os) nuevas (os),2015-11-01,0,0,1,0,0,1
APOLO,"anticoncepcion, prevencion de its y de cancer de cuello uterino",condon masculino: usuarias (os) nuevas (os),2015-11-01,0,1,3,2,0,6
ARANI,"anticoncepcion, prevencion de its y de cancer de cuello uterino",condon masculino: usuarias (os) nuevas (os),2015-11-01,0,1,1,4,0,6
ARBIETO,"anticoncepcion, prevencion de its y de cancer de cuello uterino",condon masculino: usuarias (os) nuevas (os),2015-11-01,0,0,10,0,0,10
ARQUE,"anticoncepcion, prevencion de its y de cancer de cuello uterino",condon masculino: usuarias (os) nuevas (os),2015-11-01,0,0,2,0,0,2
ASCENCION DE GUARAYOS,"anticoncepcion, prevencion de its y de cancer de cuello uterino",condon masculino: usuarias (os) nuevas (os),2015-11-01,0,0,6,2,0,8
ATOCHA,"anticoncepcion, prevencion de its y de cancer de cuello uterino",condon masculino: usuarias (os) nuevas (os),2015-11-01,0,0,7,2,0,9
AUCAPATA,"anticoncepcion, prevencion de its y de cancer de cuello uterino",condon masculino: usuarias (os) nuevas (os),2015-11-01,0,0,1,0,0,1
AYATA,"anticoncepcion, prevencion de its y de cancer de cuello uterino",condon masculino: usuarias (os) nuevas (os),2015-11-01,1,0,2,1,0,4
AYO AYO,"anticoncepcion, prevencion de its y de cancer de cuello uterino",condon masculino: usuarias (os) nuevas (os),2015-11-01,0,0,1,0,0,1
AYOPAYA (V. DE INDEPENDENCIA),"anticoncepcion, prevencion de its y de cancer de cuello uterino",condon masculino: usuarias (os) nuevas (os),2015-11-01,0,0,9,1,0,10
AZURDUY,"anticoncepcion, prevencion de its y de cancer de cuello uterino",condon masculino: usuarias (os) nuevas (os),2015-11-01,0,0,1,1,0,2
BATALLAS,"anticoncepcion, prevencion de its y de cancer de cuello uterino",condon masculino: usuarias (os) nuevas (os),2015-11-01,0,0,1,0,0,1
BELEN DE URMIRI,"anticoncepcion, prevencion de its y de cancer de cuello uterino",condon masculino: usuarias (os) nuevas (os),2015-11-01,0,5,5,3,0,13
BELLA FLOR,"anticoncepcion, prevencion de its y de cancer de cuello uterino",condon masculino: usuarias (os) nuevas (os),2015-11-01,0,1,2,3,0,6
BERMEJO,"anticoncepcion, prevencion de its y de cancer de cuello uterino",condon masculino: usuarias (os) nuevas (os),2015-11-01,0,4,11,2,0,17
BETANZOS,"anticoncepcion, prevencion de its y de cancer de cuello uterino",condon masculino: usuarias (os) nuevas (os),2015-11-01,0,1,8,5,0,14
BOLPEBRA,"anticoncepcion, prevencion de its y de cancer de cuello uterino",condon masculino: usuarias (os) nuevas (os),2015-11-01,0,0,11,2,0,13
BUENA VISTA,"anticoncepcion, prevencion de its y de cancer de cuello uterino",condon masculino: usuarias (os) nuevas (os),2015-11-01,0,4,5,1,0,10
CABEZAS,"anticoncepcion, prevencion de its y de cancer de cuello uterino",condon masculino: usuarias (os) nuevas (os),2015-11-01,0,3,8,0,0,11
CAIROMA,"anticoncepcion, prevencion de its y de cancer de cuello uterino",condon masculino: usuarias (os) nuevas (os),2015-11-01,0,2,3,0,0,5
"CAIZA ""D""","anticoncepcion, prevencion de its y de cancer de cuello uterino",condon masculino: usuarias (os) nuevas (os),2015-11-01,0,1,4,0,0,5
CAJUATA,"anticoncepcion, prevencion de its y de cancer de cuello uterino",condon masculino: usuarias (os) nuevas (os),2015-11-01,0,2,0,1,0,3
CALAMARCA,"anticoncepcion, prevencion de its y de cancer de cuello uterino",condon masculino: usuarias (os) nuevas (os),2015-11-01,0,0,3,2,0,5
CAMARGO,"anticoncepcion, prevencion de its y de cancer de cuello uterino",condon masculino: usuarias (os) nuevas (os),2015-11-01,1,0,4,2,0,7
CAMATAQUI (C. VILLA ABECIA),"anticoncepcion, prevencion de its y de cancer de cuello uterino",condon masculino: usuarias (os) nuevas (os),2015-11-01,0,1,0,1,0,2
CAMIRI,"anticoncepcion, prevencion de its y de cancer de cuello uterino",condon masculino: usuarias (os) nuevas (os),2015-11-01,0,1,5,1,0,7
CAPINOTA,"anticoncepcion, prevencion de its y de cancer de cuello uterino",condon masculino: usuarias (os) nuevas (os),2015-11-01,0,1,4,2,0,7
CARACOLLO,"anticoncepcion, prevencion de its y de cancer de cuello uterino",condon masculino: usuarias (os) nuevas (os),2015-11-01,0,1,5,1,0,7
CARANAVI,"anticoncepcion, prevencion de its y de cancer de cuello uterino",condon masculino: usuarias (os) nuevas (os),2015-11-01,0,1,20,5,0,26
CARAPARI,"anticoncepcion, prevencion de its y de cancer de cuello uterino",condon masculino: usuarias (os) nuevas (os),2015-11-01,0,3,3,5,0,11
CARIPUYO,"anticoncepcion, prevencion de its y de cancer de cuello uterino",condon masculino: usuarias (os) nuevas (os),2015-11-01,0,1,2,0,0,3
CHALLAPATA,"anticoncepcion, prevencion de its y de cancer de cuello uterino",condon masculino: usuarias (os) nuevas (os),2015-11-01,0,1,5,3,0,9
CHAQUI,"anticoncepcion, prevencion de its y de cancer de cuello uterino",condon masculino: usuarias (os) nuevas (os),2015-11-01,0,0,1,0,0,1
CHAYANTA,"anticoncepcion, prevencion de its y de cancer de cuello uterino",condon masculino: usuarias (os) nuevas (os),2015-11-01,0,0,6,1,0,7
CHIMORE,"anticoncepcion, prevencion de its y de cancer de cuello uterino",condon masculino: usuarias (os) nuevas (os),2015-11-01,0,4,9,1,0,14
CHIPAYA,"anticoncepcion, prevencion de its y de cancer de cuello uterino",condon masculino: usuarias (os) nuevas (os),2015-11-01,0,1,0,0,0,1
CHOQUE COTA,"anticoncepcion, prevencion de its y de cancer de cuello uterino",condon masculino: usuarias (os) nuevas (os),2015-11-01,0,0,1,0,0,1
CHUA COCANI,"anticoncepcion, prevencion de its y de cancer de cuello uterino",condon masculino: usuarias (os) nuevas (os),2015-11-01,1,0,0,0,0,1
CHULUMANI (V. DE LA LIBERTAD),"anticoncepcion, prevencion de its y de cancer de cuello uterino",condon masculino: usuarias (os) nuevas (os),2015-11-01,0,0,1,0,0,1
CHUMA,"anticoncepcion, prevencion de its y de cancer de cuello uterino",condon masculino: usuarias (os) nuevas (os),2015-11-01,0,1,0,0,0,1
CHUQUIHUTA AYLLU JUCUMANI,"anticoncepcion, prevencion de its y de cancer de cuello uterino",condon masculino: usuarias (os) nuevas (os),2015-11-01,0,0,1,0,0,1
CKOCHAS,"anticoncepcion, prevencion de its y de cancer de cuello uterino",condon masculino: usuarias (os) nuevas (os),2015-11-01,0,0,3,1,0,4
CLIZA,"anticoncepcion, prevencion de its y de cancer de cuello uterino",condon masculino: usuarias (os) nuevas (os),2015-11-01,0,3,9,1,0,13
COBIJA,"anticoncepcion, prevencion de its y de cancer de cuello uterino",condon masculino: usuarias (os) nuevas (os),2015-11-01,0,0,4,0,0,4
COCAPATA,"anticoncepcion, prevencion de its y de cancer de cuello uterino",condon masculino: usuarias (os) nuevas (os),2015-11-01,0,0,5,1,0,6
COCHABAMBA,"anticoncepcion, prevencion de its y de cancer de cuello uterino",condon masculino: usuarias (os) nuevas (os),2015-11-01,0,176,733,177,1,1087
COIPASA,"anticoncepcion, prevencion de its y de cancer de cuello uterino",condon masculino: usuarias (os) nuevas (os),2015-11-01,0,0,1,0,0,1
COLCAPIRHUA,"anticoncepcion, prevencion de its y de cancer de cuello uterino",condon masculino: usuarias (os) nuevas (os),2015-11-01,0,0,18,2,0,20
"COLCHA ""K""","anticoncepcion, prevencion de its y de cancer de cuello uterino",condon masculino: usuarias (os) nuevas (os),2015-11-01,0,1,6,5,1,13
COLLANA,"anticoncepcion, prevencion de its y de cancer de cuello uterino",condon masculino: usuarias (os) nuevas (os),2015-11-01,0,0,1,0,0,1
COLOMI,"anticoncepcion, prevencion de its y de cancer de cuello uterino",condon masculino: usuarias (os) nuevas (os),2015-11-01,0,2,0,0,0,2
COLPA BELGICA,"anticoncepcion, prevencion de its y de cancer de cuello uterino",condon masculino: usuarias (os) nuevas (os),2015-11-01,0,0,3,0,0,3
COLQUECHACA,"anticoncepcion, prevencion de its y de cancer de cuello uterino",condon masculino: usuarias (os) nuevas (os),2015-11-01,0,3,9,4,0,16
COLQUENCHA,"anticoncepcion, prevencion de its y de cancer de cuello uterino",condon masculino: usuarias (os) nuevas (os),2015-11-01,0,0,1,1,0,2
COMARAPA,"anticoncepcion, prevencion de its y de cancer de cuello uterino",condon masculino: usuarias (os) nuevas (os),2015-11-01,0,4,5,0,0,9
CONCEPCION,"anticoncepcion, prevencion de its y de cancer de cuello uterino",condon masculino: usuarias (os) nuevas (os),2015-11-01,0,1,0,0,0,1
COPACABANA,"anticoncepcion, prevencion de its y de cancer de cuello uterino",condon masculino: usuarias (os) nuevas (os),2015-11-01,0,1,0,0,0,1
CORIPATA,"anticoncepcion, prevencion de its y de cancer de cuello uterino",condon masculino: usuarias (os) nuevas (os),2015-11-01,0,0,1,0,0,1
CORQUE,"anticoncepcion, prevencion de its y de cancer de cuello uterino",condon masculino: usuarias (os) nuevas (os),2015-11-01,1,0,3,0,0,4
COTAGAITA,"anticoncepcion, prevencion de its y de cancer de cuello uterino",condon masculino: usuarias (os) nuevas (os),2015-11-01,3,5,2,1,0,11
COTOCA,"anticoncepcion, prevencion de its y de cancer de cuello uterino",condon masculino: usuarias (os) nuevas (os),2015-11-01,0,5,8,2,0,15
CUATRO CAÑADAS,"anticoncepcion, prevencion de its y de cancer de cuello uterino",condon masculino: usuarias (os) nuevas (os),2015-11-01,2,8,2,0,0,12
CUCHUMUELA (V. G. VILLARROEL),"anticoncepcion, prevencion de its y de cancer de cuello uterino",condon masculino: usuarias (os) nuevas (os),2015-11-01,0,0,2,0,0,2
CUEVO,"anticoncepcion, prevencion de its y de cancer de cuello uterino",condon masculino: usuarias (os) nuevas (os),2015-11-01,0,0,1,0,1,2
CULPINA,"anticoncepcion, prevencion de its y de cancer de cuello uterino",condon masculino: usuarias (os) nuevas (os),2015-11-01,0,2,6,2,0,10
CURAHUARA DE CARANGAS,"anticoncepcion, prevencion de its y de cancer de cuello uterino",condon masculino: usuarias (os) nuevas (os),2015-11-01,0,1,1,0,0,2
EL ALTO,"anticoncepcion, prevencion de its y de cancer de cuello uterino",condon masculino: usuarias (os) nuevas (os),2015-11-01,0,22,144,43,4,213
EL PUENTE(STC),"anticoncepcion, prevencion de its y de cancer de cuello uterino",condon masculino: usuarias (os) nuevas (os),2015-11-01,0,1,1,1,0,3
EL PUENTE(TJA),"anticoncepcion, prevencion de its y de cancer de cuello uterino",condon masculino: usuarias (os) nuevas (os),2015-11-01,0,5,6,1,0,12
EL TORNO,"anticoncepcion, prevencion de its y de cancer de cuello uterino",condon masculino: usuarias (os) nuevas (os),2015-11-01,3,7,8,1,0,19
EL VILLAR,"anticoncepcion, prevencion de its y de cancer de cuello uterino",condon masculino: usuarias (os) nuevas (os),2015-11-01,0,0,2,1,0,3
ENTRE RIOS TRJ,"anticoncepcion, prevencion de its y de cancer de cuello uterino",condon masculino: usuarias (os) nuevas (os),2015-11-01,1,3,1,0,0,5
ENTRE RIOS CBBA,"anticoncepcion, prevencion de its y de cancer de cuello uterino",condon masculino: usuarias (os) nuevas (os),2015-11-01,0,1,14,0,0,15
ESCARA,"anticoncepcion, prevencion de its y de cancer de cuello uterino",condon masculino: usuarias (os) nuevas (os),2015-11-01,0,1,1,1,0,3
ESCOMA,"anticoncepcion, prevencion de its y de cancer de cuello uterino",condon masculino: usuarias (os) nuevas (os),2015-11-01,0,0,3,0,0,3
EUREKA (SANTOS MERCADO),"anticoncepcion, prevencion de its y de cancer de cuello uterino",condon masculino: usuarias (os) nuevas (os),2015-11-01,0,1,3,0,0,4
FERNANDEZ ALONSO,"anticoncepcion, prevencion de its y de cancer de cuello uterino",condon masculino: usuarias (os) nuevas (os),2015-11-01,0,0,1,0,0,1
FILADELFIA,"anticoncepcion, prevencion de its y de cancer de cuello uterino",condon masculino: usuarias (os) nuevas (os),2015-11-01,0,0,2,0,0,2
GENERAL SAAVEDRA,"anticoncepcion, prevencion de its y de cancer de cuello uterino",condon masculino: usuarias (os) nuevas (os),2015-11-01,0,1,1,0,0,2
GRAL. J.J. PEREZ (CHARAZANI),"anticoncepcion, prevencion de its y de cancer de cuello uterino",condon masculino: usuarias (os) nuevas (os),2015-11-01,0,1,0,1,0,2
GUANAY,"anticoncepcion, prevencion de its y de cancer de cuello uterino",condon masculino: usuarias (os) nuevas (os),2015-11-01,0,1,0,0,0,1
GUAQUI,"anticoncepcion, prevencion de its y de cancer de cuello uterino",condon masculino: usuarias (os) nuevas (os),2015-11-01,0,1,3,0,0,4
GUAYARAMERIN,"anticoncepcion, prevencion de its y de cancer de cuello uterino",condon masculino: usuarias (os) nuevas (os),2015-11-01,0,10,26,6,0,42
GUTIERREZ,"anticoncepcion, prevencion de its y de cancer de cuello uterino",condon masculino: usuarias (os) nuevas (os),2015-11-01,0,0,1,0,0,1
HUACARETA,"anticoncepcion, prevencion de its y de cancer de cuello uterino",condon masculino: usuarias (os) nuevas (os),2015-11-01,0,0,3,1,0,4
HUANUNI,"anticoncepcion, prevencion de its y de cancer de cuello uterino",condon masculino: usuarias (os) nuevas (os),2015-11-01,0,0,6,0,0,6
HUARACAJE,"anticoncepcion, prevencion de its y de cancer de cuello uterino",condon masculino: usuarias (os) nuevas (os),2015-11-01,0,0,0,1,0,1
HUARINA,"anticoncepcion, prevencion de its y de cancer de cuello uterino",condon masculino: usuarias (os) nuevas (os),2015-11-01,0,0,1,0,0,1
HUMANATA,"anticoncepcion, prevencion de its y de cancer de cuello uterino",condon masculino: usuarias (os) nuevas (os),2015-11-01,0,0,1,0,0,1
ICLA,"anticoncepcion, prevencion de its y de cancer de cuello uterino",condon masculino: usuarias (os) nuevas (os),2015-11-01,0,1,4,1,0,6
INGAVI (HUMAITA),"anticoncepcion, prevencion de its y de cancer de cuello uterino",condon masculino: usuarias (os) nuevas (os),2015-11-01,0,0,1,0,0,1
INQUISIVI,"anticoncepcion, prevencion de its y de cancer de cuello uterino",condon masculino: usuarias (os) nuevas (os),2015-11-01,0,1,5,2,0,8
IRUPANA (VILLA DE LANZA),"anticoncepcion, prevencion de its y de cancer de cuello uterino",condon masculino: usuarias (os) nuevas (os),2015-11-01,0,0,6,1,0,7
IXIAMAS,"anticoncepcion, prevencion de its y de cancer de cuello uterino",condon masculino: usuarias (os) nuevas (os),2015-11-01,0,0,1,3,0,4
JESUS DE MACHACA,"anticoncepcion, prevencion de its y de cancer de cuello uterino",condon masculino: usuarias (os) nuevas (os),2015-11-01,0,0,5,0,0,5
LA ASUNTA,"anticoncepcion, prevencion de its y de cancer de cuello uterino",condon masculino: usuarias (os) nuevas (os),2015-11-01,0,2,4,3,0,9
LA GUARDIA,"anticoncepcion, prevencion de its y de cancer de cuello uterino",condon masculino: usuarias (os) nuevas (os),2015-11-01,0,8,27,5,0,40
LA PAZ,"anticoncepcion, prevencion de its y de cancer de cuello uterino",condon masculino: usuarias (os) nuevas (os),2015-11-01,0,21,357,39,0,417
LAGUNILLAS,"anticoncepcion, prevencion de its y de cancer de cuello uterino",condon masculino: usuarias (os) nuevas (os),2015-11-01,1,0,1,0,0,2
LAJA,"anticoncepcion, prevencion de its y de cancer de cuello uterino",condon masculino: usuarias (os) nuevas (os),2015-11-01,0,3,4,1,0,8
LICOMA PAMPA,"anticoncepcion, prevencion de its y de cancer de cuello uterino",condon masculino: usuarias (os) nuevas (os),2015-11-01,0,1,0,0,0,1
LLALLAGUA,"anticoncepcion, prevencion de its y de cancer de cuello uterino",condon masculino: usuarias (os) nuevas (os),2015-11-01,0,0,8,0,0,8
LLICA,"anticoncepcion, prevencion de its y de cancer de cuello uterino",condon masculino: usuarias (os) nuevas (os),2015-11-01,0,1,4,0,0,5
LORETO,"anticoncepcion, prevencion de its y de cancer de cuello uterino",condon masculino: usuarias (os) nuevas (os),2015-11-01,0,0,2,0,0,2
LURIBAY,"anticoncepcion, prevencion de its y de cancer de cuello uterino",condon masculino: usuarias (os) nuevas (os),2015-11-01,0,0,1,1,0,2
MACHACAMARCA,"anticoncepcion, prevencion de its y de cancer de cuello uterino",condon masculino: usuarias (os) nuevas (os),2015-11-01,0,0,1,0,0,1
MACHARETI,"anticoncepcion, prevencion de its y de cancer de cuello uterino",condon masculino: usuarias (os) nuevas (os),2015-11-01,0,4,8,2,0,14
MAGDALENA,"anticoncepcion, prevencion de its y de cancer de cuello uterino",condon masculino: usuarias (os) nuevas (os),2015-11-01,0,3,0,3,0,6
MAPIRI,"anticoncepcion, prevencion de its y de cancer de cuello uterino",condon masculino: usuarias (os) nuevas (os),2015-11-01,0,0,1,0,0,1
MECAPACA,"anticoncepcion, prevencion de its y de cancer de cuello uterino",condon masculino: usuarias (os) nuevas (os),2015-11-01,0,0,2,1,0,3
MINEROS,"anticoncepcion, prevencion de its y de cancer de cuello uterino",condon masculino: usuarias (os) nuevas (os),2015-11-01,1,0,3,0,0,4
MIZQUE,"anticoncepcion, prevencion de its y de cancer de cuello uterino",condon masculino: usuarias (os) nuevas (os),2015-11-01,0,8,13,1,0,22
MOCOMOCO,"anticoncepcion, prevencion de its y de cancer de cuello uterino",condon masculino: usuarias (os) nuevas (os),2015-11-01,0,1,3,0,0,4
MOJOCOYA,"anticoncepcion, prevencion de its y de cancer de cuello uterino",condon masculino: usuarias (os) nuevas (os),2015-11-01,0,0,3,0,0,3
MONTEAGUDO,"anticoncepcion, prevencion de its y de cancer de cuello uterino",condon masculino: usuarias (os) nuevas (os),2015-11-01,0,3,5,0,0,8
MONTERO,"anticoncepcion, prevencion de its y de cancer de cuello uterino",condon masculino: usuarias (os) nuevas (os),2015-11-01,1,5,23,6,1,36
MOROCHATA,"anticoncepcion, prevencion de its y de cancer de cuello uterino",condon masculino: usuarias (os) nuevas (os),2015-11-01,0,1,6,1,0,8
NUEVO MANOA (NUEVA ESPERANZA),"anticoncepcion, prevencion de its y de cancer de cuello uterino",condon masculino: usuarias (os) nuevas (os),2015-11-01,0,1,12,0,0,13
OCURI,"anticoncepcion, prevencion de its y de cancer de cuello uterino",condon masculino: usuarias (os) nuevas (os),2015-11-01,0,1,4,1,0,6
OMEREQUE,"anticoncepcion, prevencion de its y de cancer de cuello uterino",condon masculino: usuarias (os) nuevas (os),2015-11-01,0,0,3,0,0,3
ORURO,"anticoncepcion, prevencion de its y de cancer de cuello uterino",condon masculino: usuarias (os) nuevas (os),2015-11-01,0,1142,6671,705,102,8620
PADCAYA,"anticoncepcion, prevencion de its y de cancer de cuello uterino",condon masculino: usuarias (os) nuevas (os),2015-11-01,0,13,1,3,0,17
PADILLA,"anticoncepcion, prevencion de its y de cancer de cuello uterino",condon masculino: usuarias (os) nuevas (os),2015-11-01,0,0,0,1,0,1
PAILON,"anticoncepcion, prevencion de its y de cancer de cuello uterino",condon masculino: usuarias (os) nuevas (os),2015-11-01,0,0,8,3,0,11
PALCA,"anticoncepcion, prevencion de its y de cancer de cuello uterino",condon masculino: usuarias (os) nuevas (os),2015-11-01,0,2,3,0,0,5
PALOS BLANCOS,"anticoncepcion, prevencion de its y de cancer de cuello uterino",condon masculino: usuarias (os) nuevas (os),2015-11-01,0,2,3,2,0,7
PAMPA AULLAGAS,"anticoncepcion, prevencion de its y de cancer de cuello uterino",condon masculino: usuarias (os) nuevas (os),2015-11-01,0,0,1,0,0,1
PAMPA GRANDE,"anticoncepcion, prevencion de its y de cancer de cuello uterino",condon masculino: usuarias (os) nuevas (os),2015-11-01,0,0,1,0,0,1
PAPEL PAMPA,"anticoncepcion, prevencion de its y de cancer de cuello uterino",condon masculino: usuarias (os) nuevas (os),2015-11-01,0,1,0,0,0,1
PASORAPA,"anticoncepcion, prevencion de its y de cancer de cuello uterino",condon masculino: usuarias (os) nuevas (os),2015-11-01,0,0,1,0,0,1
PATACAMAYA,"anticoncepcion, prevencion de its y de cancer de cuello uterino",condon masculino: usuarias (os) nuevas (os),2015-11-01,0,0,1,0,0,1
PELECHUCO,"anticoncepcion, prevencion de its y de cancer de cuello uterino",condon masculino: usuarias (os) nuevas (os),2015-11-01,0,0,4,1,0,5
POCOATA,"anticoncepcion, prevencion de its y de cancer de cuello uterino",condon masculino: usuarias (os) nuevas (os),2015-11-01,2,4,4,3,0,13
POCONA,"anticoncepcion, prevencion de its y de cancer de cuello uterino",condon masculino: usuarias (os) nuevas (os),2015-11-01,0,0,1,3,0,4
POJO (CBBA),"anticoncepcion, prevencion de its y de cancer de cuello uterino",condon masculino: usuarias (os) nuevas (os),2015-11-01,0,1,4,1,0,6
POOPO,"anticoncepcion, prevencion de its y de cancer de cuello uterino",condon masculino: usuarias (os) nuevas (os),2015-11-01,0,0,2,0,0,2
PORCO,"anticoncepcion, prevencion de its y de cancer de cuello uterino",condon masculino: usuarias (os) nuevas (os),2015-11-01,0,3,12,2,0,17
PORONGO,"anticoncepcion, prevencion de its y de cancer de cuello uterino",condon masculino: usuarias (os) nuevas (os),2015-11-01,0,1,2,1,0,4
PORTACHUELO,"anticoncepcion, prevencion de its y de cancer de cuello uterino",condon masculino: usuarias (os) nuevas (os),2015-11-01,0,1,1,1,0,3
PORVENIR,"anticoncepcion, prevencion de its y de cancer de cuello uterino",condon masculino: usuarias (os) nuevas (os),2015-11-01,0,1,0,0,0,1
POTOSI,"anticoncepcion, prevencion de its y de cancer de cuello uterino",condon masculino: usuarias (os) nuevas (os),2015-11-01,0,6,37,8,0,51
PRESTO,"anticoncepcion, prevencion de its y de cancer de cuello uterino",condon masculino: usuarias (os) nuevas (os),2015-11-01,0,2,5,1,0,8
PUCARA,"anticoncepcion, prevencion de its y de cancer de cuello uterino",condon masculino: usuarias (os) nuevas (os),2015-11-01,0,2,0,0,0,2
PUCARANI,"anticoncepcion, prevencion de its y de cancer de cuello uterino",condon masculino: usuarias (os) nuevas (os),2015-11-01,0,0,5,2,0,7
PUERTO ACOSTA,"anticoncepcion, prevencion de its y de cancer de cuello uterino",condon masculino: usuarias (os) nuevas (os),2015-11-01,0,1,1,1,0,3
PUERTO CARABUCO,"anticoncepcion, prevencion de its y de cancer de cuello uterino",condon masculino: usuarias (os) nuevas (os),2015-11-01,1,1,1,0,0,3
PUERTO GONZALO MORENO,"anticoncepcion, prevencion de its y de cancer de cuello uterino",condon masculino: usuarias (os) nuevas (os),2015-11-01,0,1,0,0,0,1
PUERTO PEREZ,"anticoncepcion, prevencion de its y de cancer de cuello uterino",condon masculino: usuarias (os) nuevas (os),2015-11-01,0,1,0,0,0,1
PUERTO QUIJARRO,"anticoncepcion, prevencion de its y de cancer de cuello uterino",condon masculino: usuarias (os) nuevas (os),2015-11-01,0,0,4,1,0,5
PUERTO RICO,"anticoncepcion, prevencion de its y de cancer de cuello uterino",condon masculino: usuarias (os) nuevas (os),2015-11-01,0,0,1,0,0,1
PUERTO SILES,"anticoncepcion, prevencion de its y de cancer de cuello uterino",condon masculino: usuarias (os) nuevas (os),2015-11-01,1,0,1,0,0,2
PUERTO SUAREZ,"anticoncepcion, prevencion de its y de cancer de cuello uterino",condon masculino: usuarias (os) nuevas (os),2015-11-01,0,0,0,1,0,1
PUERTO VILLARROEL,"anticoncepcion, prevencion de its y de cancer de cuello uterino",condon masculino: usuarias (os) nuevas (os),2015-11-01,0,6,17,3,0,26
PUNA,"anticoncepcion, prevencion de its y de cancer de cuello uterino",condon masculino: usuarias (os) nuevas (os),2015-11-01,0,4,4,2,0,10
PUNATA,"anticoncepcion, prevencion de its y de cancer de cuello uterino",condon masculino: usuarias (os) nuevas (os),2015-11-01,0,4,15,4,0,23
QUIABAYA,"anticoncepcion, prevencion de its y de cancer de cuello uterino",condon masculino: usuarias (os) nuevas (os),2015-11-01,0,0,0,0,1,1
QUILLACOLLO,"anticoncepcion, prevencion de its y de cancer de cuello uterino",condon masculino: usuarias (os) nuevas (os),2015-11-01,0,1,31,2,0,34
QUIME,"anticoncepcion, prevencion de its y de cancer de cuello uterino",condon masculino: usuarias (os) nuevas (os),2015-11-01,0,0,0,1,0,1
RAVELO,"anticoncepcion, prevencion de its y de cancer de cuello uterino",condon masculino: usuarias (os) nuevas (os),2015-11-01,0,0,1,0,0,1
REYES,"anticoncepcion, prevencion de its y de cancer de cuello uterino",condon masculino: usuarias (os) nuevas (os),2015-11-01,2,3,3,1,0,9
RIBERALTA,"anticoncepcion, prevencion de its y de cancer de cuello uterino",condon masculino: usuarias (os) nuevas (os),2015-11-01,3,31,30,14,3,81
ROBORE,"anticoncepcion, prevencion de its y de cancer de cuello uterino",condon masculino: usuarias (os) nuevas (os),2015-11-01,0,0,11,0,0,11
RURRENABAQUE,"anticoncepcion, prevencion de its y de cancer de cuello uterino",condon masculino: usuarias (os) nuevas (os),2015-11-01,0,0,1,0,0,1
SACABA,"anticoncepcion, prevencion de its y de cancer de cuello uterino",condon masculino: usuarias (os) nuevas (os),2015-11-01,1,15,73,38,0,127
SACABAMBA,"anticoncepcion, prevencion de its y de cancer de cuello uterino",condon masculino: usuarias (os) nuevas (os),2015-11-01,0,1,1,0,0,2
SACACA,"anticoncepcion, prevencion de its y de cancer de cuello uterino",condon masculino: usuarias (os) nuevas (os),2015-11-01,0,1,2,1,0,4
SALINAS DE GARCI MENDOZA,"anticoncepcion, prevencion de its y de cancer de cuello uterino",condon masculino: usuarias (os) nuevas (os),2015-11-01,0,2,9,0,0,11
SAMAIPATA,"anticoncepcion, prevencion de its y de cancer de cuello uterino",condon masculino: usuarias (os) nuevas (os),2015-11-01,0,2,1,0,0,3
SAN ANDRES,"anticoncepcion, prevencion de its y de cancer de cuello uterino",condon masculino: usuarias (os) nuevas (os),2015-11-01,0,1,4,0,0,5
SAN ANDRES DE MACHACA,"anticoncepcion, prevencion de its y de cancer de cuello uterino",condon masculino: usuarias (os) nuevas (os),2015-11-01,0,0,0,1,0,1
SAN ANTONIO DE ESMORUCO,"anticoncepcion, prevencion de its y de cancer de cuello uterino",condon masculino: usuarias (os) nuevas (os),2015-11-01,0,0,2,1,0,3
SAN ANTONIO DE LOMERIO,"anticoncepcion, prevencion de its y de cancer de cuello uterino",condon masculino: usuarias (os) nuevas (os),2015-11-01,0,2,1,1,0,4
SAN BENITO,"anticoncepcion, prevencion de its y de cancer de cuello uterino",condon masculino: usuarias (os) nuevas (os),2015-11-01,0,0,1,0,0,1
SAN BORJA,"anticoncepcion, prevencion de its y de cancer de cuello uterino",condon masculino: usuarias (os) nuevas (os),2015-11-01,0,4,5,2,0,11
SAN BUENA VENTURA,"anticoncepcion, prevencion de its y de cancer de cuello uterino",condon masculino: usuarias (os) nuevas (os),2015-11-01,0,0,1,0,0,1
SAN CARLOS,"anticoncepcion, prevencion de its y de cancer de cuello uterino",condon masculino: usuarias (os) nuevas (os),2015-11-01,0,2,4,1,0,7
SAN IGNACIO,"anticoncepcion, prevencion de its y de cancer de cuello uterino",condon masculino: usuarias (os) nuevas (os),2015-11-01,0,0,4,1,0,5
SAN IGNACIO DE VELASCO,"anticoncepcion, prevencion de its y de cancer de cuello uterino",condon masculino: usuarias (os) nuevas (os),2015-11-01,1,0,1,1,0,3
SAN JAVIER(BNI),"anticoncepcion, prevencion de its y de cancer de cuello uterino",condon masculino: usuarias (os) nuevas (os),2015-11-01,0,2,1,0,0,3
SAN JAVIER(STC),"anticoncepcion, prevencion de its y de cancer de cuello uterino",condon masculino: usuarias (os) nuevas (os),2015-11-01,1,1,3,1,0,6
SAN JOSE DE CHIQUITOS,"anticoncepcion, prevencion de its y de cancer de cuello uterino",condon masculino: usuarias (os) nuevas (os),2015-11-01,0,1,1,1,0,3
SAN JUAN DE YAPACANI,"anticoncepcion, prevencion de its y de cancer de cuello uterino",condon masculino: usuarias (os) nuevas (os),2015-11-01,0,0,1,0,0,1
SAN JULIAN,"anticoncepcion, prevencion de its y de cancer de cuello uterino",condon masculino: usuarias (os) nuevas (os),2015-11-01,0,2,2,2,0,6
SAN LORENZO(TJA),"anticoncepcion, prevencion de its y de cancer de cuello uterino",condon masculino: usuarias (os) nuevas (os),2015-11-01,0,1,3,0,0,4
SAN LUCAS,"anticoncepcion, prevencion de its y de cancer de cuello uterino",condon masculino: usuarias (os) nuevas (os),2015-11-01,0,4,2,1,0,7
SAN MATIAS,"anticoncepcion, prevencion de its y de cancer de cuello uterino",condon masculino: usuarias (os) nuevas (os),2015-11-01,0,0,3,1,0,4
SAN MIGUEL DE VELASCO,"anticoncepcion, prevencion de its y de cancer de cuello uterino",condon masculino: usuarias (os) nuevas (os),2015-11-01,0,0,2,0,0,2
SAN PEDRO,"anticoncepcion, prevencion de its y de cancer de cuello uterino",condon masculino: usuarias (os) nuevas (os),2015-11-01,0,1,5,2,0,8
SAN PEDRO DE BUENA VISTA,"anticoncepcion, prevencion de its y de cancer de cuello uterino",condon masculino: usuarias (os) nuevas (os),2015-11-01,0,2,5,1,0,8
SAN PEDRO DE CURAHUARA,"anticoncepcion, prevencion de its y de cancer de cuello uterino",condon masculino: usuarias (os) nuevas (os),2015-11-01,0,0,2,0,0,2
SAN PEDRO DE TIQUINA,"anticoncepcion, prevencion de its y de cancer de cuello uterino",condon masculino: usuarias (os) nuevas (os),2015-11-01,0,0,1,0,0,1
SAN PEDRO(PND),"anticoncepcion, prevencion de its y de cancer de cuello uterino",condon masculino: usuarias (os) nuevas (os),2015-11-01,0,0,1,0,0,1
SAN RAFAEL,"anticoncepcion, prevencion de its y de cancer de cuello uterino",condon masculino: usuarias (os) nuevas (os),2015-11-01,0,0,8,1,0,9
SANTA ANA,"anticoncepcion, prevencion de its y de cancer de cuello uterino",condon masculino: usuarias (os) nuevas (os),2015-11-01,0,0,1,0,0,1
SANTA CRUZ DE LA SIERRA,"anticoncepcion, prevencion de its y de cancer de cuello uterino",condon masculino: usuarias (os) nuevas (os),2015-11-01,0,34,205,32,0,271
SANTA ROSA,"anticoncepcion, prevencion de its y de cancer de cuello uterino",condon masculino: usuarias (os) nuevas (os),2015-11-01,0,0,1,0,0,1
SANTA ROSA DEL SARA,"anticoncepcion, prevencion de its y de cancer de cuello uterino",condon masculino: usuarias (os) nuevas (os),2015-11-01,0,5,10,2,1,18
SANTIAGO DE CALLAPA,"anticoncepcion, prevencion de its y de cancer de cuello uterino",condon masculino: usuarias (os) nuevas (os),2015-11-01,0,9,0,0,0,9
SANTIAGO DE HUARI,"anticoncepcion, prevencion de its y de cancer de cuello uterino",condon masculino: usuarias (os) nuevas (os),2015-11-01,0,0,2,1,0,3
SANTIAGO DE HUATA,"anticoncepcion, prevencion de its y de cancer de cuello uterino",condon masculino: usuarias (os) nuevas (os),2015-11-01,0,0,1,0,0,1
SANTIAGO DE MACHACA,"anticoncepcion, prevencion de its y de cancer de cuello uterino",condon masculino: usuarias (os) nuevas (os),2015-11-01,0,1,0,0,0,1
SANTUARIO DE QUILLACAS,"anticoncepcion, prevencion de its y de cancer de cuello uterino",condon masculino: usuarias (os) nuevas (os),2015-11-01,0,1,6,1,0,8
SAPAHAQUI,"anticoncepcion, prevencion de its y de cancer de cuello uterino",condon masculino: usuarias (os) nuevas (os),2015-11-01,0,0,1,1,0,2
SENA,"anticoncepcion, prevencion de its y de cancer de cuello uterino",condon masculino: usuarias (os) nuevas (os),2015-11-01,0,1,0,0,0,1
SHINAOTA,"anticoncepcion, prevencion de its y de cancer de cuello uterino",condon masculino: usuarias (os) nuevas (os),2015-11-01,0,1,1,0,0,2
SICA SICA (VILLA AROMA),"anticoncepcion, prevencion de its y de cancer de cuello uterino",condon masculino: usuarias (os) nuevas (os),2015-11-01,0,1,1,0,0,2
SICAYA,"anticoncepcion, prevencion de its y de cancer de cuello uterino",condon masculino: usuarias (os) nuevas (os),2015-11-01,0,0,2,1,0,3
SIPE SIPE,"anticoncepcion, prevencion de its y de cancer de cuello uterino",condon masculino: usuarias (os) nuevas (os),2015-11-01,1,0,7,1,0,9
SOPACHUY,"anticoncepcion, prevencion de its y de cancer de cuello uterino",condon masculino: usuarias (os) nuevas (os),2015-11-01,0,0,3,1,0,4
SORACACHI,"anticoncepcion, prevencion de its y de cancer de cuello uterino",condon masculino: usuarias (os) nuevas (os),2015-11-01,0,0,3,0,0,3
SORATA,"anticoncepcion, prevencion de its y de cancer de cuello uterino",condon masculino: usuarias (os) nuevas (os),2015-11-01,0,1,2,2,0,5
SUCRE,"anticoncepcion, prevencion de its y de cancer de cuello uterino",condon masculino: usuarias (os) nuevas (os),2015-11-01,0,25,157,70,0,252
TACACOMA,"anticoncepcion, prevencion de its y de cancer de cuello uterino",condon masculino: usuarias (os) nuevas (os),2015-11-01,0,0,1,0,0,1
TAHUA,"anticoncepcion, prevencion de its y de cancer de cuello uterino",condon masculino: usuarias (os) nuevas (os),2015-11-01,0,0,1,0,0,1
TAPACARI,"anticoncepcion, prevencion de its y de cancer de cuello uterino",condon masculino: usuarias (os) nuevas (os),2015-11-01,1,1,4,1,0,7
TARABUCO,"anticoncepcion, prevencion de its y de cancer de cuello uterino",condon masculino: usuarias (os) nuevas (os),2015-11-01,0,1,0,0,0,1
TARACO,"anticoncepcion, prevencion de its y de cancer de cuello uterino",condon masculino: usuarias (os) nuevas (os),2015-11-01,0,0,1,0,0,1
TARATA,"anticoncepcion, prevencion de its y de cancer de cuello uterino",condon masculino: usuarias (os) nuevas (os),2015-11-01,0,0,4,0,0,4
TARIJA,"anticoncepcion, prevencion de its y de cancer de cuello uterino",condon masculino: usuarias (os) nuevas (os),2015-11-01,0,1,22,5,0,28
TARVITA,"anticoncepcion, prevencion de its y de cancer de cuello uterino",condon masculino: usuarias (os) nuevas (os),2015-11-01,0,4,3,3,0,10
TEOPONTE,"anticoncepcion, prevencion de its y de cancer de cuello uterino",condon masculino: usuarias (os) nuevas (os),2015-11-01,0,3,4,0,0,7
TIAWANACU,"anticoncepcion, prevencion de its y de cancer de cuello uterino",condon masculino: usuarias (os) nuevas (os),2015-11-01,0,0,2,1,0,3
TINGUIPAYA,"anticoncepcion, prevencion de its y de cancer de cuello uterino",condon masculino: usuarias (os) nuevas (os),2015-11-01,0,3,3,0,0,6
TIQUIPAYA,"anticoncepcion, prevencion de its y de cancer de cuello uterino",condon masculino: usuarias (os) nuevas (os),2015-11-01,0,1,10,1,0,12
TIRAQUE (CBBA),"anticoncepcion, prevencion de its y de cancer de cuello uterino",condon masculino: usuarias (os) nuevas (os),2015-11-01,0,3,4,0,0,7
TOCO,"anticoncepcion, prevencion de its y de cancer de cuello uterino",condon masculino: usuarias (os) nuevas (os),2015-11-01,0,0,3,0,0,3
TOLATA,"anticoncepcion, prevencion de its y de cancer de cuello uterino",condon masculino: usuarias (os) nuevas (os),2015-11-01,0,0,3,1,0,4
TOLEDO,"anticoncepcion, prevencion de its y de cancer de cuello uterino",condon masculino: usuarias (os) nuevas (os),2015-11-01,0,3,1,1,0,5
TOMAVE,"anticoncepcion, prevencion de its y de cancer de cuello uterino",condon masculino: usuarias (os) nuevas (os),2015-11-01,0,2,3,0,0,5
TOMINA,"anticoncepcion, prevencion de its y de cancer de cuello uterino",condon masculino: usuarias (os) nuevas (os),2015-11-01,0,3,3,0,0,6
TORO TORO,"anticoncepcion, prevencion de its y de cancer de cuello uterino",condon masculino: usuarias (os) nuevas (os),2015-11-01,0,0,5,5,0,10
TOTORA(CBBA),"anticoncepcion, prevencion de its y de cancer de cuello uterino",condon masculino: usuarias (os) nuevas (os),2015-11-01,0,0,6,0,0,6
TRIGAL,"anticoncepcion, prevencion de its y de cancer de cuello uterino",condon masculino: usuarias (os) nuevas (os),2015-11-01,0,0,1,0,0,1
TRINIDAD,"anticoncepcion, prevencion de its y de cancer de cuello uterino",condon masculino: usuarias (os) nuevas (os),2015-11-01,0,63,11,6,3,83
TUPIZA,"anticoncepcion, prevencion de its y de cancer de cuello uterino",condon masculino: usuarias (os) nuevas (os),2015-11-01,0,4,11,10,0,25
TURCO,"anticoncepcion, prevencion de its y de cancer de cuello uterino",condon masculino: usuarias (os) nuevas (os),2015-11-01,0,0,1,1,0,2
UMALA,"anticoncepcion, prevencion de its y de cancer de cuello uterino",condon masculino: usuarias (os) nuevas (os),2015-11-01,0,0,1,0,0,1
UNCIA,"anticoncepcion, prevencion de its y de cancer de cuello uterino",condon masculino: usuarias (os) nuevas (os),2015-11-01,0,1,7,2,0,10
URIONDO (A. CONCEPCION),"anticoncepcion, prevencion de its y de cancer de cuello uterino",condon masculino: usuarias (os) nuevas (os),2015-11-01,0,2,3,2,0,7
URUBICHA,"anticoncepcion, prevencion de its y de cancer de cuello uterino",condon masculino: usuarias (os) nuevas (os),2015-11-01,0,0,1,1,0,2
UYUNI,"anticoncepcion, prevencion de its y de cancer de cuello uterino",condon masculino: usuarias (os) nuevas (os),2015-11-01,0,0,2,1,0,3
VACAS,"anticoncepcion, prevencion de its y de cancer de cuello uterino",condon masculino: usuarias (os) nuevas (os),2015-11-01,0,0,3,0,0,3
VALLEGRANDE,"anticoncepcion, prevencion de its y de cancer de cuello uterino",condon masculino: usuarias (os) nuevas (os),2015-11-01,0,1,3,1,0,5
VIACHA,"anticoncepcion, prevencion de its y de cancer de cuello uterino",condon masculino: usuarias (os) nuevas (os),2015-11-01,0,0,9,1,0,10
VILLA CHARCAS,"anticoncepcion, prevencion de its y de cancer de cuello uterino",condon masculino: usuarias (os) nuevas (os),2015-11-01,0,0,6,0,0,6
VILLA MONTES,"anticoncepcion, prevencion de its y de cancer de cuello uterino",condon masculino: usuarias (os) nuevas (os),2015-11-01,0,11,10,6,2,29
VILLA NUEVA (LOMA ALTA),"anticoncepcion, prevencion de its y de cancer de cuello uterino",condon masculino: usuarias (os) nuevas (os),2015-11-01,0,1,0,0,0,1
VILLA RIVERO,"anticoncepcion, prevencion de its y de cancer de cuello uterino",condon masculino: usuarias (os) nuevas (os),2015-11-01,0,1,5,0,0,6
VILLA SERRANO,"anticoncepcion, prevencion de its y de cancer de cuello uterino",condon masculino: usuarias (os) nuevas (os),2015-11-01,0,1,1,0,0,2
VILLA TUNARI,"anticoncepcion, prevencion de its y de cancer de cuello uterino",condon masculino: usuarias (os) nuevas (os),2015-11-01,0,4,24,5,0,33
VILLA VACA GUZMAN (MUYUPAMPA),"anticoncepcion, prevencion de its y de cancer de cuello uterino",condon masculino: usuarias (os) nuevas (os),2015-11-01,1,3,3,2,0,9
VILLAZON,"anticoncepcion, prevencion de its y de cancer de cuello uterino",condon masculino: usuarias (os) nuevas (os),2015-11-01,0,1,4,0,0,5
VINTO,"anticoncepcion, prevencion de its y de cancer de cuello uterino",condon masculino: usuarias (os) nuevas (os),2015-11-01,0,2,9,2,0,13
VITICHI,"anticoncepcion, prevencion de its y de cancer de cuello uterino",condon masculino: usuarias (os) nuevas (os),2015-11-01,0,1,3,0,0,4
WARNES,"anticoncepcion, prevencion de its y de cancer de cuello uterino",condon masculino: usuarias (os) nuevas (os),2015-11-01,0,1,2,0,0,3
YACO,"anticoncepcion, prevencion de its y de cancer de cuello uterino",condon masculino: usuarias (os) nuevas (os),2015-11-01,0,0,3,0,0,3
YACUIBA,"anticoncepcion, prevencion de its y de cancer de cuello uterino",condon masculino: usuarias (os) nuevas (os),2015-11-01,0,5,15,7,0,27
YAPACANI,"anticoncepcion, prevencion de its y de cancer de cuello uterino",condon masculino: usuarias (os) nuevas (os),2015-11-01,0,3,31,3,0,37
YOCALLA,"anticoncepcion, prevencion de its y de cancer de cuello uterino",condon masculino: usuarias (os) nuevas (os),2015-11-01,0,1,2,2,0,5
YOTALA,"anticoncepcion, prevencion de its y de cancer de cuello uterino",condon masculino: usuarias (os) nuevas (os),2015-11-01,0,1,1,1,0,3
YUNCHARA,"anticoncepcion, prevencion de its y de cancer de cuello uterino",condon masculino: usuarias (os) nuevas (os),2015-11-01,0,0,2,0,0,2
ZUDAÑEZ,"anticoncepcion, prevencion de its y de cancer de cuello uterino",condon masculino: usuarias (os) nuevas (os),2015-11-01,0,1,0,1,0,2
ACACIO,"anticoncepcion, prevencion de its y de cancer de cuello uterino",condon masculino: usuarias (os) nuevas (os),2015-12-01,0,0,0,1,0,1
ACHACACHI,"anticoncepcion, prevencion de its y de cancer de cuello uterino",condon masculino: usuarias (os) nuevas (os),2015-12-01,0,0,4,1,0,5
ACHOCALLA,"anticoncepcion, prevencion de its y de cancer de cuello uterino",condon masculino: usuarias (os) nuevas (os),2015-12-01,0,0,7,0,0,7
AIQUILE,"anticoncepcion, prevencion de its y de cancer de cuello uterino",condon masculino: usuarias (os) nuevas (os),2015-12-01,1,2,4,0,0,7
ALCALA,"anticoncepcion, prevencion de its y de cancer de cuello uterino",condon masculino: usuarias (os) nuevas (os),2015-12-01,0,1,2,0,0,3
ALTO BENI,"anticoncepcion, prevencion de its y de cancer de cuello uterino",condon masculino: usuarias (os) nuevas (os),2015-12-01,1,1,7,2,0,11
ANCORAIMES,"anticoncepcion, prevencion de its y de cancer de cuello uterino",condon masculino: usuarias (os) nuevas (os),2015-12-01,0,0,1,0,0,1
ANTEQUERA,"anticoncepcion, prevencion de its y de cancer de cuello uterino",condon masculino: usuarias (os) nuevas (os),2015-12-01,0,0,3,0,0,3
ANZALDO,"anticoncepcion, prevencion de its y de cancer de cuello uterino",condon masculino: usuarias (os) nuevas (os),2015-12-01,0,1,0,0,0,1
APOLO,"anticoncepcion, prevencion de its y de cancer de cuello uterino",condon masculino: usuarias (os) nuevas (os),2015-12-01,0,0,1,1,0,2
ARAMPAMPA,"anticoncepcion, prevencion de its y de cancer de cuello uterino",condon masculino: usuarias (os) nuevas (os),2015-12-01,0,0,1,1,0,2
ARANI,"anticoncepcion, prevencion de its y de cancer de cuello uterino",condon masculino: usuarias (os) nuevas (os),2015-12-01,0,0,0,1,0,1
ARBIETO,"anticoncepcion, prevencion de its y de cancer de cuello uterino",condon masculino: usuarias (os) nuevas (os),2015-12-01,0,1,8,0,0,9
ARQUE,"anticoncepcion, prevencion de its y de cancer de cuello uterino",condon masculino: usuarias (os) nuevas (os),2015-12-01,0,0,1,0,0,1
ASCENCION DE GUARAYOS,"anticoncepcion, prevencion de its y de cancer de cuello uterino",condon masculino: usuarias (os) nuevas (os),2015-12-01,0,3,14,0,0,17
ATOCHA,"anticoncepcion, prevencion de its y de cancer de cuello uterino",condon masculino: usuarias (os) nuevas (os),2015-12-01,0,1,5,0,0,6
AUCAPATA,"anticoncepcion, prevencion de its y de cancer de cuello uterino",condon masculino: usuarias (os) nuevas (os),2015-12-01,0,0,1,0,0,1
AYO AYO,"anticoncepcion, prevencion de its y de cancer de cuello uterino",condon masculino: usuarias (os) nuevas (os),2015-12-01,0,0,3,2,0,5
AYOPAYA (V. DE INDEPENDENCIA),"anticoncepcion, prevencion de its y de cancer de cuello uterino",condon masculino: usuarias (os) nuevas (os),2015-12-01,0,2,18,6,0,26
AZURDUY,"anticoncepcion, prevencion de its y de cancer de cuello uterino",condon masculino: usuarias (os) nuevas (os),2015-12-01,0,0,3,0,0,3
BATALLAS,"anticoncepcion, prevencion de its y de cancer de cuello uterino",condon masculino: usuarias (os) nuevas (os),2015-12-01,0,1,0,1,0,2
BAURES,"anticoncepcion, prevencion de its y de cancer de cuello uterino",condon masculino: usuarias (os) nuevas (os),2015-12-01,0,0,3,0,0,3
BELEN DE ANDAMARCA,"anticoncepcion, prevencion de its y de cancer de cuello uterino",condon masculino: usuarias (os) nuevas (os),2015-12-01,0,0,1,0,0,1
BELEN DE URMIRI,"anticoncepcion, prevencion de its y de cancer de cuello uterino",condon masculino: usuarias (os) nuevas (os),2015-12-01,0,0,3,0,0,3
BERMEJO,"anticoncepcion, prevencion de its y de cancer de cuello uterino",condon masculino: usuarias (os) nuevas (os),2015-12-01,1,4,8,3,0,16
BETANZOS,"anticoncepcion, prevencion de its y de cancer de cuello uterino",condon masculino: usuarias (os) nuevas (os),2015-12-01,0,3,4,4,0,11
BOLIVAR,"anticoncepcion, prevencion de its y de cancer de cuello uterino",condon masculino: usuarias (os) nuevas (os),2015-12-01,0,0,1,0,0,1
BUENA VISTA,"anticoncepcion, prevencion de its y de cancer de cuello uterino",condon masculino: usuarias (os) nuevas (os),2015-12-01,0,3,5,0,0,8
CABEZAS,"anticoncepcion, prevencion de its y de cancer de cuello uterino",condon masculino: usuarias (os) nuevas (os),2015-12-01,0,2,15,2,0,19
CAIROMA,"anticoncepcion, prevencion de its y de cancer de cuello uterino",condon masculino: usuarias (os) nuevas (os),2015-12-01,0,3,3,0,0,6
"CAIZA ""D""","anticoncepcion, prevencion de its y de cancer de cuello uterino",condon masculino: usuarias (os) nuevas (os),2015-12-01,0,2,2,2,0,6
CAJUATA,"anticoncepcion, prevencion de its y de cancer de cuello uterino",condon masculino: usuarias (os) nuevas (os),2015-12-01,0,0,1,0,0,1
CALAMARCA,"anticoncepcion, prevencion de its y de cancer de cuello uterino",condon masculino: usuarias (os) nuevas (os),2015-12-01,0,2,7,1,0,10
CAMARGO,"anticoncepcion, prevencion de its y de cancer de cuello uterino",condon masculino: usuarias (os) nuevas (os),2015-12-01,0,0,6,1,0,7
CAMATAQUI (C. VILLA ABECIA),"anticoncepcion, prevencion de its y de cancer de cuello uterino",condon masculino: usuarias (os) nuevas (os),2015-12-01,0,0,0,1,0,1
CAMIRI,"anticoncepcion, prevencion de its y de cancer de cuello uterino",condon masculino: usuarias (os) nuevas (os),2015-12-01,0,1,31,12,0,44
CAPINOTA,"anticoncepcion, prevencion de its y de cancer de cuello uterino",condon masculino: usuarias (os) nuevas (os),2015-12-01,0,1,4,2,0,7
CAQUIAVIRI,"anticoncepcion, prevencion de its y de cancer de cuello uterino",condon masculino: usuarias (os) nuevas (os),2015-12-01,0,0,3,0,0,3
CARACOLLO,"anticoncepcion, prevencion de its y de cancer de cuello uterino",condon masculino: usuarias (os) nuevas (os),2015-12-01,0,1,1,0,0,2
CARANAVI,"anticoncepcion, prevencion de its y de cancer de cuello uterino",condon masculino: usuarias (os) nuevas (os),2015-12-01,0,3,20,3,0,26
CARIPUYO,"anticoncepcion, prevencion de its y de cancer de cuello uterino",condon masculino: usuarias (os) nuevas (os),2015-12-01,0,0,1,2,0,3
CATACORA,"anticoncepcion, prevencion de its y de cancer de cuello uterino",condon masculino: usuarias (os) nuevas (os),2015-12-01,0,0,1,1,0,2
CHALLAPATA,"anticoncepcion, prevencion de its y de cancer de cuello uterino",condon masculino: usuarias (os) nuevas (os),2015-12-01,0,3,10,3,0,16
CHAQUI,"anticoncepcion, prevencion de its y de cancer de cuello uterino",condon masculino: usuarias (os) nuevas (os),2015-12-01,0,0,0,1,0,1
CHARAGUA,"anticoncepcion, prevencion de its y de cancer de cuello uterino",condon masculino: usuarias (os) nuevas (os),2015-12-01,0,0,1,0,0,1
CHARAÑA,"anticoncepcion, prevencion de its y de cancer de cuello uterino",condon masculino: usuarias (os) nuevas (os),2015-12-01,0,0,1,0,0,1
CHAYANTA,"anticoncepcion, prevencion de its y de cancer de cuello uterino",condon masculino: usuarias (os) nuevas (os),2015-12-01,0,1,12,4,0,17
CHIMORE,"anticoncepcion, prevencion de its y de cancer de cuello uterino",condon masculino: usuarias (os) nuevas (os),2015-12-01,0,2,12,1,0,15
CHOQUE COTA,"anticoncepcion, prevencion de its y de cancer de cuello uterino",condon masculino: usuarias (os) nuevas (os),2015-12-01,0,0,0,1,0,1
CHULUMANI (V. DE LA LIBERTAD),"anticoncepcion, prevencion de its y de cancer de cuello uterino",condon masculino: usuarias (os) nuevas (os),2015-12-01,0,0,1,0,0,1
CHUMA,"anticoncepcion, prevencion de its y de cancer de cuello uterino",condon masculino: usuarias (os) nuevas (os),2015-12-01,0,1,0,0,0,1
CKOCHAS,"anticoncepcion, prevencion de its y de cancer de cuello uterino",condon masculino: usuarias (os) nuevas (os),2015-12-01,0,1,2,0,0,3
CLIZA,"anticoncepcion, prevencion de its y de cancer de cuello uterino",condon masculino: usuarias (os) nuevas (os),2015-12-01,0,2,9,0,0,11
COBIJA,"anticoncepcion, prevencion de its y de cancer de cuello uterino",condon masculino: usuarias (os) nuevas (os),2015-12-01,0,2,5,0,0,7
COCAPATA,"anticoncepcion, prevencion de its y de cancer de cuello uterino",condon masculino: usuarias (os) nuevas (os),2015-12-01,0,0,10,3,0,13
COCHABAMBA,"anticoncepcion, prevencion de its y de cancer de cuello uterino",condon masculino: usuarias (os) nuevas (os),2015-12-01,0,55,768,398,0,1221
COLCAPIRHUA,"anticoncepcion, prevencion de its y de cancer de cuello uterino",condon masculino: usuarias (os) nuevas (os),2015-12-01,0,1,10,0,0,11
"COLCHA ""K""","anticoncepcion, prevencion de its y de cancer de cuello uterino",condon masculino: usuarias (os) nuevas (os),2015-12-01,0,3,7,2,0,12
COLOMI,"anticoncepcion, prevencion de its y de cancer de cuello uterino",condon masculino: usuarias (os) nuevas (os),2015-12-01,0,0,2,0,0,2
COLPA BELGICA,"anticoncepcion, prevencion de its y de cancer de cuello uterino",condon masculino: usuarias (os) nuevas (os),2015-12-01,0,1,0,0,0,1
COLQUECHACA,"anticoncepcion, prevencion de its y de cancer de cuello uterino",condon masculino: usuarias (os) nuevas (os),2015-12-01,0,1,7,2,0,10
COLQUENCHA,"anticoncepcion, prevencion de its y de cancer de cuello uterino",condon masculino: usuarias (os) nuevas (os),2015-12-01,0,0,2,0,0,2
COLQUIRI,"anticoncepcion, prevencion de its y de cancer de cuello uterino",condon masculino: usuarias (os) nuevas (os),2015-12-01,0,1,0,0,0,1
COMARAPA,"anticoncepcion, prevencion de its y de cancer de cuello uterino",condon masculino: usuarias (os) nuevas (os),2015-12-01,0,0,2,0,0,2
CORIPATA,"anticoncepcion, prevencion de its y de cancer de cuello uterino",condon masculino: usuarias (os) nuevas (os),2015-12-01,0,0,2,0,0,2
CORQUE,"anticoncepcion, prevencion de its y de cancer de cuello uterino",condon masculino: usuarias (os) nuevas (os),2015-12-01,0,0,1,0,0,1
COTAGAITA,"anticoncepcion, prevencion de its y de cancer de cuello uterino",condon masculino: usuarias (os) nuevas (os),2015-12-01,0,0,2,2,0,4
COTOCA,"anticoncepcion, prevencion de its y de cancer de cuello uterino",condon masculino: usuarias (os) nuevas (os),2015-12-01,0,1,7,0,0,8
CUATRO CAÑADAS,"anticoncepcion, prevencion de its y de cancer de cuello uterino",condon masculino: usuarias (os) nuevas (os),2015-12-01,0,0,3,2,0,5
CUCHUMUELA (V. G. VILLARROEL),"anticoncepcion, prevencion de its y de cancer de cuello uterino",condon masculino: usuarias (os) nuevas (os),2015-12-01,0,0,1,0,0,1
CULPINA,"anticoncepcion, prevencion de its y de cancer de cuello uterino",condon masculino: usuarias (os) nuevas (os),2015-12-01,0,0,3,5,0,8
CURAHUARA DE CARANGAS,"anticoncepcion, prevencion de its y de cancer de cuello uterino",condon masculino: usuarias (os) nuevas (os),2015-12-01,0,0,2,0,0,2
DESAGUADERO,"anticoncepcion, prevencion de its y de cancer de cuello uterino",condon masculino: usuarias (os) nuevas (os),2015-12-01,0,0,0,1,0,1
EL ALTO,"anticoncepcion, prevencion de its y de cancer de cuello uterino",condon masculino: usuarias (os) nuevas (os),2015-12-01,1,36,126,44,1,208
EL PUENTE(STC),"anticoncepcion, prevencion de its y de cancer de cuello uterino",condon masculino: usuarias (os) nuevas (os),2015-12-01,0,2,3,0,0,5
EL PUENTE(TJA),"anticoncepcion, prevencion de its y de cancer de cuello uterino",condon masculino: usuarias (os) nuevas (os),2015-12-01,1,4,10,4,1,20
EL TORNO,"anticoncepcion, prevencion de its y de cancer de cuello uterino",condon masculino: usuarias (os) nuevas (os),2015-12-01,13,13,26,14,0,66
EL VILLAR,"anticoncepcion, prevencion de its y de cancer de cuello uterino",condon masculino: usuarias (os) nuevas (os),2015-12-01,0,0,0,2,0,2
ENTRE RIOS TRJ,"anticoncepcion, prevencion de its y de cancer de cuello uterino",condon masculino: usuarias (os) nuevas (os),2015-12-01,1,1,3,4,0,9
ENTRE RIOS CBBA,"anticoncepcion, prevencion de its y de cancer de cuello uterino",condon masculino: usuarias (os) nuevas (os),2015-12-01,0,1,7,0,0,8
ESCARA,"anticoncepcion, prevencion de its y de cancer de cuello uterino",condon masculino: usuarias (os) nuevas (os),2015-12-01,0,0,2,0,0,2
ESCOMA,"anticoncepcion, prevencion de its y de cancer de cuello uterino",condon masculino: usuarias (os) nuevas (os),2015-12-01,0,0,1,1,0,2
EUREKA (SANTOS MERCADO),"anticoncepcion, prevencion de its y de cancer de cuello uterino",condon masculino: usuarias (os) nuevas (os),2015-12-01,0,1,2,0,0,3
FERNANDEZ ALONSO,"anticoncepcion, prevencion de its y de cancer de cuello uterino",condon masculino: usuarias (os) nuevas (os),2015-12-01,0,0,3,0,0,3
GENERAL SAAVEDRA,"anticoncepcion, prevencion de its y de cancer de cuello uterino",condon masculino: usuarias (os) nuevas (os),2015-12-01,0,1,0,0,0,1
GRAL. J.J. PEREZ (CHARAZANI),"anticoncepcion, prevencion de its y de cancer de cuello uterino",condon masculino: usuarias (os) nuevas (os),2015-12-01,0,0,3,0,0,3
GUANAY,"anticoncepcion, prevencion de its y de cancer de cuello uterino",condon masculino: usuarias (os) nuevas (os),2015-12-01,0,0,1,0,0,1
GUAQUI,"anticoncepcion, prevencion de its y de cancer de cuello uterino",condon masculino: usuarias (os) nuevas (os),2015-12-01,0,0,0,1,0,1
GUAYARAMERIN,"anticoncepcion, prevencion de its y de cancer de cuello uterino",condon masculino: usuarias (os) nuevas (os),2015-12-01,0,3,18,6,0,27
HUACARETA,"anticoncepcion, prevencion de its y de cancer de cuello uterino",condon masculino: usuarias (os) nuevas (os),2015-12-01,0,0,3,0,0,3
HUACAYA (VILLA DE HUACAYA),"anticoncepcion, prevencion de its y de cancer de cuello uterino",condon masculino: usuarias (os) nuevas (os),2015-12-01,0,0,2,0,0,2
HUACHACALLA,"anticoncepcion, prevencion de its y de cancer de cuello uterino",condon masculino: usuarias (os) nuevas (os),2015-12-01,0,2,3,0,0,5
HUANUNI,"anticoncepcion, prevencion de its y de cancer de cuello uterino",condon masculino: usuarias (os) nuevas (os),2015-12-01,0,2,7,1,0,10
HUARACAJE,"anticoncepcion, prevencion de its y de cancer de cuello uterino",condon masculino: usuarias (os) nuevas (os),2015-12-01,0,0,2,1,0,3
HUAYLLAMARCA,"anticoncepcion, prevencion de its y de cancer de cuello uterino",condon masculino: usuarias (os) nuevas (os),2015-12-01,0,0,3,0,0,3
ICLA,"anticoncepcion, prevencion de its y de cancer de cuello uterino",condon masculino: usuarias (os) nuevas (os),2015-12-01,0,1,2,1,0,4
INCAHUASI,"anticoncepcion, prevencion de its y de cancer de cuello uterino",condon masculino: usuarias (os) nuevas (os),2015-12-01,0,1,0,1,0,2
INQUISIVI,"anticoncepcion, prevencion de its y de cancer de cuello uterino",condon masculino: usuarias (os) nuevas (os),2015-12-01,0,0,6,6,0,12
IRUPANA (VILLA DE LANZA),"anticoncepcion, prevencion de its y de cancer de cuello uterino",condon masculino: usuarias (os) nuevas (os),2015-12-01,0,0,1,0,0,1
IXIAMAS,"anticoncepcion, prevencion de its y de cancer de cuello uterino",condon masculino: usuarias (os) nuevas (os),2015-12-01,0,0,1,2,0,3
LA ASUNTA,"anticoncepcion, prevencion de its y de cancer de cuello uterino",condon masculino: usuarias (os) nuevas (os),2015-12-01,0,3,2,2,0,7
LA GUARDIA,"anticoncepcion, prevencion de its y de cancer de cuello uterino",condon masculino: usuarias (os) nuevas (os),2015-12-01,0,5,17,3,0,25
LA PAZ,"anticoncepcion, prevencion de its y de cancer de cuello uterino",condon masculino: usuarias (os) nuevas (os),2015-12-01,0,27,358,40,0,425
LA RIVERA,"anticoncepcion, prevencion de its y de cancer de cuello uterino",condon masculino: usuarias (os) nuevas (os),2015-12-01,0,0,1,0,0,1
LAJA,"anticoncepcion, prevencion de its y de cancer de cuello uterino",condon masculino: usuarias (os) nuevas (os),2015-12-01,0,1,2,1,0,4
LAS CARRERAS,"anticoncepcion, prevencion de its y de cancer de cuello uterino",condon masculino: usuarias (os) nuevas (os),2015-12-01,0,0,2,0,0,2
LICOMA PAMPA,"anticoncepcion, prevencion de its y de cancer de cuello uterino",condon masculino: usuarias (os) nuevas (os),2015-12-01,0,0,1,0,0,1
LLALLAGUA,"anticoncepcion, prevencion de its y de cancer de cuello uterino",condon masculino: usuarias (os) nuevas (os),2015-12-01,0,3,7,4,0,14
LURIBAY,"anticoncepcion, prevencion de its y de cancer de cuello uterino",condon masculino: usuarias (os) nuevas (os),2015-12-01,0,1,1,0,0,2
MACHACAMARCA,"anticoncepcion, prevencion de its y de cancer de cuello uterino",condon masculino: usuarias (os) nuevas (os),2015-12-01,0,0,1,0,1,2
MACHARETI,"anticoncepcion, prevencion de its y de cancer de cuello uterino",condon masculino: usuarias (os) nuevas (os),2015-12-01,0,1,0,1,0,2
MAIRANA,"anticoncepcion, prevencion de its y de cancer de cuello uterino",condon masculino: usuarias (os) nuevas (os),2015-12-01,0,0,1,0,0,1
MALLA,"anticoncepcion, prevencion de its y de cancer de cuello uterino",condon masculino: usuarias (os) nuevas (os),2015-12-01,0,0,0,1,0,1
MAPIRI,"anticoncepcion, prevencion de its y de cancer de cuello uterino",condon masculino: usuarias (os) nuevas (os),2015-12-01,0,0,1,0,0,1
MECAPACA,"anticoncepcion, prevencion de its y de cancer de cuello uterino",condon masculino: usuarias (os) nuevas (os),2015-12-01,0,0,1,0,0,1
MINEROS,"anticoncepcion, prevencion de its y de cancer de cuello uterino",condon masculino: usuarias (os) nuevas (os),2015-12-01,0,1,0,0,0,1
MIZQUE,"anticoncepcion, prevencion de its y de cancer de cuello uterino",condon masculino: usuarias (os) nuevas (os),2015-12-01,0,3,8,0,0,11
MOCOMOCO,"anticoncepcion, prevencion de its y de cancer de cuello uterino",condon masculino: usuarias (os) nuevas (os),2015-12-01,0,0,1,0,0,1
MOJOCOYA,"anticoncepcion, prevencion de its y de cancer de cuello uterino",condon masculino: usuarias (os) nuevas (os),2015-12-01,0,0,1,0,0,1
MONTEAGUDO,"anticoncepcion, prevencion de its y de cancer de cuello uterino",condon masculino: usuarias (os) nuevas (os),2015-12-01,0,1,3,1,0,5
MONTERO,"anticoncepcion, prevencion de its y de cancer de cuello uterino",condon masculino: usuarias (os) nuevas (os),2015-12-01,0,6,39,1,1,47
MOROCHATA,"anticoncepcion, prevencion de its y de cancer de cuello uterino",condon masculino: usuarias (os) nuevas (os),2015-12-01,0,1,2,2,0,5
NACEBE (SANTA ROSA DEL ABUNA),"anticoncepcion, prevencion de its y de cancer de cuello uterino",condon masculino: usuarias (os) nuevas (os),2015-12-01,0,0,0,0,1,1
NUEVO MANOA (NUEVA ESPERANZA),"anticoncepcion, prevencion de its y de cancer de cuello uterino",condon masculino: usuarias (os) nuevas (os),2015-12-01,0,0,3,0,0,3
OCURI,"anticoncepcion, prevencion de its y de cancer de cuello uterino",condon masculino: usuarias (os) nuevas (os),2015-12-01,0,2,5,0,0,7
OMEREQUE,"anticoncepcion, prevencion de its y de cancer de cuello uterino",condon masculino: usuarias (os) nuevas (os),2015-12-01,0,1,0,1,0,2
ORURO,"anticoncepcion, prevencion de its y de cancer de cuello uterino",condon masculino: usuarias (os) nuevas (os),2015-12-01,0,7,69,28,0,104
PADCAYA,"anticoncepcion, prevencion de its y de cancer de cuello uterino",condon masculino: usuarias (os) nuevas (os),2015-12-01,0,2,10,2,0,14
PAILON,"anticoncepcion, prevencion de its y de cancer de cuello uterino",condon masculino: usuarias (os) nuevas (os),2015-12-01,0,2,4,0,0,6
PALCA,"anticoncepcion, prevencion de its y de cancer de cuello uterino",condon masculino: usuarias (os) nuevas (os),2015-12-01,0,2,1,0,0,3
PALOS BLANCOS,"anticoncepcion, prevencion de its y de cancer de cuello uterino",condon masculino: usuarias (os) nuevas (os),2015-12-01,1,1,0,0,0,2
PAMPA AULLAGAS,"anticoncepcion, prevencion de its y de cancer de cuello uterino",condon masculino: usuarias (os) nuevas (os),2015-12-01,0,0,0,1,0,1
PAMPA GRANDE,"anticoncepcion, prevencion de its y de cancer de cuello uterino",condon masculino: usuarias (os) nuevas (os),2015-12-01,0,0,4,0,0,4
PAZÑA,"anticoncepcion, prevencion de its y de cancer de cuello uterino",condon masculino: usuarias (os) nuevas (os),2015-12-01,0,1,3,0,0,4
PELECHUCO,"anticoncepcion, prevencion de its y de cancer de cuello uterino",condon masculino: usuarias (os) nuevas (os),2015-12-01,0,1,4,1,0,6
POCOATA,"anticoncepcion, prevencion de its y de cancer de cuello uterino",condon masculino: usuarias (os) nuevas (os),2015-12-01,0,5,5,3,0,13
POCONA,"anticoncepcion, prevencion de its y de cancer de cuello uterino",condon masculino: usuarias (os) nuevas (os),2015-12-01,0,0,4,1,0,5
POJO (CBBA),"anticoncepcion, prevencion de its y de cancer de cuello uterino",condon masculino: usuarias (os) nuevas (os),2015-12-01,0,0,3,0,0,3
POOPO,"anticoncepcion, prevencion de its y de cancer de cuello uterino",condon masculino: usuarias (os) nuevas (os),2015-12-01,0,0,0,1,0,1
PORCO,"anticoncepcion, prevencion de its y de cancer de cuello uterino",condon masculino: usuarias (os) nuevas (os),2015-12-01,0,3,12,6,0,21
POROMA,"anticoncepcion, prevencion de its y de cancer de cuello uterino",condon masculino: usuarias (os) nuevas (os),2015-12-01,0,1,10,0,0,11
POTOSI,"anticoncepcion, prevencion de its y de cancer de cuello uterino",condon masculino: usuarias (os) nuevas (os),2015-12-01,0,6,37,7,0,50
PRESTO,"anticoncepcion, prevencion de its y de cancer de cuello uterino",condon masculino: usuarias (os) nuevas (os),2015-12-01,0,2,5,0,0,7
PUCARA,"anticoncepcion, prevencion de its y de cancer de cuello uterino",condon masculino: usuarias (os) nuevas (os),2015-12-01,0,0,0,1,0,1
PUCARANI,"anticoncepcion, prevencion de its y de cancer de cuello uterino",condon masculino: usuarias (os) nuevas (os),2015-12-01,0,0,5,1,0,6
PUERTO CARABUCO,"anticoncepcion, prevencion de its y de cancer de cuello uterino",condon masculino: usuarias (os) nuevas (os),2015-12-01,0,0,3,0,0,3
PUERTO GONZALO MORENO,"anticoncepcion, prevencion de its y de cancer de cuello uterino",condon masculino: usuarias (os) nuevas (os),2015-12-01,0,4,2,0,0,6
PUERTO PEREZ,"anticoncepcion, prevencion de its y de cancer de cuello uterino",condon masculino: usuarias (os) nuevas (os),2015-12-01,0,0,1,1,1,3
PUERTO QUIJARRO,"anticoncepcion, prevencion de its y de cancer de cuello uterino",condon masculino: usuarias (os) nuevas (os),2015-12-01,0,4,3,3,0,10
PUERTO VILLARROEL,"anticoncepcion, prevencion de its y de cancer de cuello uterino",condon masculino: usuarias (os) nuevas (os),2015-12-01,0,3,11,0,0,14
PUNA,"anticoncepcion, prevencion de its y de cancer de cuello uterino",condon masculino: usuarias (os) nuevas (os),2015-12-01,0,2,7,1,0,10
PUNATA,"anticoncepcion, prevencion de its y de cancer de cuello uterino",condon masculino: usuarias (os) nuevas (os),2015-12-01,0,2,11,7,0,20
QUIABAYA,"anticoncepcion, prevencion de its y de cancer de cuello uterino",condon masculino: usuarias (os) nuevas (os),2015-12-01,0,0,1,0,0,1
QUILLACOLLO,"anticoncepcion, prevencion de its y de cancer de cuello uterino",condon masculino: usuarias (os) nuevas (os),2015-12-01,0,1,13,2,0,16
QUIME,"anticoncepcion, prevencion de its y de cancer de cuello uterino",condon masculino: usuarias (os) nuevas (os),2015-12-01,0,0,1,0,0,1
QUIRUSILLAS,"anticoncepcion, prevencion de its y de cancer de cuello uterino",condon masculino: usuarias (os) nuevas (os),2015-12-01,0,0,1,0,0,1
RAVELO,"anticoncepcion, prevencion de its y de cancer de cuello uterino",condon masculino: usuarias (os) nuevas (os),2015-12-01,0,0,1,1,0,2
REYES,"anticoncepcion, prevencion de its y de cancer de cuello uterino",condon masculino: usuarias (os) nuevas (os),2015-12-01,1,2,4,2,0,9
RIBERALTA,"anticoncepcion, prevencion de its y de cancer de cuello uterino",condon masculino: usuarias (os) nuevas (os),2015-12-01,5,13,52,16,0,86
ROBORE,"anticoncepcion, prevencion de its y de cancer de cuello uterino",condon masculino: usuarias (os) nuevas (os),2015-12-01,0,1,2,1,0,4
RURRENABAQUE,"anticoncepcion, prevencion de its y de cancer de cuello uterino",condon masculino: usuarias (os) nuevas (os),2015-12-01,0,0,3,0,0,3
SABAYA,"anticoncepcion, prevencion de its y de cancer de cuello uterino",condon masculino: usuarias (os) nuevas (os),2015-12-01,0,0,1,1,0,2
SACABA,"anticoncepcion, prevencion de its y de cancer de cuello uterino",condon masculino: usuarias (os) nuevas (os),2015-12-01,1,8,78,19,0,106
SACACA,"anticoncepcion, prevencion de its y de cancer de cuello uterino",condon masculino: usuarias (os) nuevas (os),2015-12-01,0,0,3,1,0,4
SAIPINA,"anticoncepcion, prevencion de its y de cancer de cuello uterino",condon masculino: usuarias (os) nuevas (os),2015-12-01,0,0,1,0,0,1
SALINAS DE GARCI MENDOZA,"anticoncepcion, prevencion de its y de cancer de cuello uterino",condon masculino: usuarias (os) nuevas (os),2015-12-01,0,0,6,0,0,6
SAMAIPATA,"anticoncepcion, prevencion de its y de cancer de cuello uterino",condon masculino: usuarias (os) nuevas (os),2015-12-01,0,0,1,0,0,1
SAN AGUSTIN,"anticoncepcion, prevencion de its y de cancer de cuello uterino",condon masculino: usuarias (os) nuevas (os),2015-12-01,0,1,1,0,0,2
SAN ANDRES,"anticoncepcion, prevencion de its y de cancer de cuello uterino",condon masculino: usuarias (os) nuevas (os),2015-12-01,1,1,0,0,0,2
SAN ANDRES DE MACHACA,"anticoncepcion, prevencion de its y de cancer de cuello uterino",condon masculino: usuarias (os) nuevas (os),2015-12-01,0,0,1,0,0,1
SAN ANTONIO DE ESMORUCO,"anticoncepcion, prevencion de its y de cancer de cuello uterino",condon masculino: usuarias (os) nuevas (os),2015-12-01,0,0,1,4,0,5
SAN ANTONIO DE LOMERIO,"anticoncepcion, prevencion de its y de cancer de cuello uterino",condon masculino: usuarias (os) nuevas (os),2015-12-01,0,1,0,0,0,1
SAN BENITO,"anticoncepcion, prevencion de its y de cancer de cuello uterino",condon masculino: usuarias (os) nuevas (os),2015-12-01,0,1,1,0,0,2
SAN BORJA,"anticoncepcion, prevencion de its y de cancer de cuello uterino",condon masculino: usuarias (os) nuevas (os),2015-12-01,0,1,3,0,0,4
SAN BUENA VENTURA,"anticoncepcion, prevencion de its y de cancer de cuello uterino",condon masculino: usuarias (os) nuevas (os),2015-12-01,0,0,1,0,0,1
SAN CARLOS,"anticoncepcion, prevencion de its y de cancer de cuello uterino",condon masculino: usuarias (os) nuevas (os),2015-12-01,0,1,1,0,0,2
SAN IGNACIO,"anticoncepcion, prevencion de its y de cancer de cuello uterino",condon masculino: usuarias (os) nuevas (os),2015-12-01,0,1,6,0,0,7
SAN IGNACIO DE VELASCO,"anticoncepcion, prevencion de its y de cancer de cuello uterino",condon masculino: usuarias (os) nuevas (os),2015-12-01,0,0,3,0,0,3
SAN JAVIER(BNI),"anticoncepcion, prevencion de its y de cancer de cuello uterino",condon masculino: usuarias (os) nuevas (os),2015-12-01,0,0,1,2,0,3
SAN JAVIER(STC),"anticoncepcion, prevencion de its y de cancer de cuello uterino",condon masculino: usuarias (os) nuevas (os),2015-12-01,0,0,0,1,0,1
SAN JOAQUIN,"anticoncepcion, prevencion de its y de cancer de cuello uterino",condon masculino: usuarias (os) nuevas (os),2015-12-01,0,8,0,0,0,8
SAN JOSE DE CHIQUITOS,"anticoncepcion, prevencion de its y de cancer de cuello uterino",condon masculino: usuarias (os) nuevas (os),2015-12-01,0,0,0,1,0,1
SAN JUAN DE YAPACANI,"anticoncepcion, prevencion de its y de cancer de cuello uterino",condon masculino: usuarias (os) nuevas (os),2015-12-01,0,1,1,1,0,3
SAN JULIAN,"anticoncepcion, prevencion de its y de cancer de cuello uterino",condon masculino: usuarias (os) nuevas (os),2015-12-01,0,3,3,0,0,6
SAN LORENZO(TJA),"anticoncepcion, prevencion de its y de cancer de cuello uterino",condon masculino: usuarias (os) nuevas (os),2015-12-01,0,0,5,0,0,5
SAN LUCAS,"anticoncepcion, prevencion de its y de cancer de cuello uterino",condon masculino: usuarias (os) nuevas (os),2015-12-01,0,1,6,0,0,7
SAN MATIAS,"anticoncepcion, prevencion de its y de cancer de cuello uterino",condon masculino: usuarias (os) nuevas (os),2015-12-01,0,2,4,0,0,6
SAN MIGUEL DE VELASCO,"anticoncepcion, prevencion de its y de cancer de cuello uterino",condon masculino: usuarias (os) nuevas (os),2015-12-01,0,1,1,1,0,3
SAN PEDRO,"anticoncepcion, prevencion de its y de cancer de cuello uterino",condon masculino: usuarias (os) nuevas (os),2015-12-01,0,2,4,1,2,9
SAN PEDRO DE BUENA VISTA,"anticoncepcion, prevencion de its y de cancer de cuello uterino",condon masculino: usuarias (os) nuevas (os),2015-12-01,0,3,6,3,0,12
SAN PEDRO DE TIQUINA,"anticoncepcion, prevencion de its y de cancer de cuello uterino",condon masculino: usuarias (os) nuevas (os),2015-12-01,0,0,1,0,0,1
SAN RAFAEL,"anticoncepcion, prevencion de its y de cancer de cuello uterino",condon masculino: usuarias (os) nuevas (os),2015-12-01,0,1,2,0,0,3
SAN RAMON BENI,"anticoncepcion, prevencion de its y de cancer de cuello uterino",condon masculino: usuarias (os) nuevas (os),2015-12-01,0,1,2,0,0,3
SANTA ANA,"anticoncepcion, prevencion de its y de cancer de cuello uterino",condon masculino: usuarias (os) nuevas (os),2015-12-01,0,2,0,0,1,3
SANTA CRUZ DE LA SIERRA,"anticoncepcion, prevencion de its y de cancer de cuello uterino",condon masculino: usuarias (os) nuevas (os),2015-12-01,2,42,129,26,0,199
SANTA ROSA,"anticoncepcion, prevencion de its y de cancer de cuello uterino",condon masculino: usuarias (os) nuevas (os),2015-12-01,0,0,1,2,0,3
SANTA ROSA DEL SARA,"anticoncepcion, prevencion de its y de cancer de cuello uterino",condon masculino: usuarias (os) nuevas (os),2015-12-01,0,2,2,0,0,4
SANTIVAÑES,"anticoncepcion, prevencion de its y de cancer de cuello uterino",condon masculino: usuarias (os) nuevas (os),2015-12-01,0,0,3,1,0,4
SANTUARIO DE QUILLACAS,"anticoncepcion, prevencion de its y de cancer de cuello uterino",condon masculino: usuarias (os) nuevas (os),2015-12-01,0,1,0,0,0,1
SAPAHAQUI,"anticoncepcion, prevencion de its y de cancer de cuello uterino",condon masculino: usuarias (os) nuevas (os),2015-12-01,0,0,3,0,0,3
SHINAOTA,"anticoncepcion, prevencion de its y de cancer de cuello uterino",condon masculino: usuarias (os) nuevas (os),2015-12-01,0,0,2,0,0,2
SICA SICA (VILLA AROMA),"anticoncepcion, prevencion de its y de cancer de cuello uterino",condon masculino: usuarias (os) nuevas (os),2015-12-01,0,2,1,0,0,3
SICAYA,"anticoncepcion, prevencion de its y de cancer de cuello uterino",condon masculino: usuarias (os) nuevas (os),2015-12-01,0,0,1,0,0,1
SIPE SIPE,"anticoncepcion, prevencion de its y de cancer de cuello uterino",condon masculino: usuarias (os) nuevas (os),2015-12-01,0,1,7,0,0,8
SOPACHUY,"anticoncepcion, prevencion de its y de cancer de cuello uterino",condon masculino: usuarias (os) nuevas (os),2015-12-01,0,0,2,0,0,2
SORACACHI,"anticoncepcion, prevencion de its y de cancer de cuello uterino",condon masculino: usuarias (os) nuevas (os),2015-12-01,0,0,2,1,0,3
SORATA,"anticoncepcion, prevencion de its y de cancer de cuello uterino",condon masculino: usuarias (os) nuevas (os),2015-12-01,0,1,0,0,0,1
SUCRE,"anticoncepcion, prevencion de its y de cancer de cuello uterino",condon masculino: usuarias (os) nuevas (os),2015-12-01,1,34,133,46,0,214
TACACOMA,"anticoncepcion, prevencion de its y de cancer de cuello uterino",condon masculino: usuarias (os) nuevas (os),2015-12-01,0,0,1,0,0,1
TACOBAMBA,"anticoncepcion, prevencion de its y de cancer de cuello uterino",condon masculino: usuarias (os) nuevas (os),2015-12-01,0,1,1,0,0,2
TAHUA,"anticoncepcion, prevencion de its y de cancer de cuello uterino",condon masculino: usuarias (os) nuevas (os),2015-12-01,0,0,2,1,0,3
TAPACARI,"anticoncepcion, prevencion de its y de cancer de cuello uterino",condon masculino: usuarias (os) nuevas (os),2015-12-01,0,1,2,0,0,3
TARABUCO,"anticoncepcion, prevencion de its y de cancer de cuello uterino",condon masculino: usuarias (os) nuevas (os),2015-12-01,0,0,3,1,0,4
TARACO,"anticoncepcion, prevencion de its y de cancer de cuello uterino",condon masculino: usuarias (os) nuevas (os),2015-12-01,0,0,1,0,0,1
TARATA,"anticoncepcion, prevencion de its y de cancer de cuello uterino",condon masculino: usuarias (os) nuevas (os),2015-12-01,0,1,3,0,0,4
TARIJA,"anticoncepcion, prevencion de its y de cancer de cuello uterino",condon masculino: usuarias (os) nuevas (os),2015-12-01,0,4,17,3,0,24
TARVITA,"anticoncepcion, prevencion de its y de cancer de cuello uterino",condon masculino: usuarias (os) nuevas (os),2015-12-01,0,0,3,2,0,5
TEOPONTE,"anticoncepcion, prevencion de its y de cancer de cuello uterino",condon masculino: usuarias (os) nuevas (os),2015-12-01,0,0,1,0,0,1
TIAWANACU,"anticoncepcion, prevencion de its y de cancer de cuello uterino",condon masculino: usuarias (os) nuevas (os),2015-12-01,0,0,0,1,0,1
TINGUIPAYA,"anticoncepcion, prevencion de its y de cancer de cuello uterino",condon masculino: usuarias (os) nuevas (os),2015-12-01,0,0,6,0,0,6
TIQUIPAYA,"anticoncepcion, prevencion de its y de cancer de cuello uterino",condon masculino: usuarias (os) nuevas (os),2015-12-01,0,2,15,1,0,18
TIRAQUE (CBBA),"anticoncepcion, prevencion de its y de cancer de cuello uterino",condon masculino: usuarias (os) nuevas (os),2015-12-01,0,2,1,0,0,3
TITO YUPANQUI (PARQUIPUJIO),"anticoncepcion, prevencion de its y de cancer de cuello uterino",condon masculino: usuarias (os) nuevas (os),2015-12-01,0,1,0,3,0,4
TOCO,"anticoncepcion, prevencion de its y de cancer de cuello uterino",condon masculino: usuarias (os) nuevas (os),2015-12-01,0,1,3,1,0,5
TOLATA,"anticoncepcion, prevencion de its y de cancer de cuello uterino",condon masculino: usuarias (os) nuevas (os),2015-12-01,0,2,1,0,0,3
TOLEDO,"anticoncepcion, prevencion de its y de cancer de cuello uterino",condon masculino: usuarias (os) nuevas (os),2015-12-01,0,0,2,0,0,2
TOMAVE,"anticoncepcion, prevencion de its y de cancer de cuello uterino",condon masculino: usuarias (os) nuevas (os),2015-12-01,0,1,2,1,0,4
TOMINA,"anticoncepcion, prevencion de its y de cancer de cuello uterino",condon masculino: usuarias (os) nuevas (os),2015-12-01,0,2,1,1,0,4
TORO TORO,"anticoncepcion, prevencion de its y de cancer de cuello uterino",condon masculino: usuarias (os) nuevas (os),2015-12-01,0,2,0,0,0,2
TOTORA(CBBA),"anticoncepcion, prevencion de its y de cancer de cuello uterino",condon masculino: usuarias (os) nuevas (os),2015-12-01,0,1,0,0,0,1
TRINIDAD,"anticoncepcion, prevencion de its y de cancer de cuello uterino",condon masculino: usuarias (os) nuevas (os),2015-12-01,0,135,44,0,0,179
TUPIZA,"anticoncepcion, prevencion de its y de cancer de cuello uterino",condon masculino: usuarias (os) nuevas (os),2015-12-01,1,7,30,10,0,48
TURCO,"anticoncepcion, prevencion de its y de cancer de cuello uterino",condon masculino: usuarias (os) nuevas (os),2015-12-01,0,0,2,0,0,2
UMALA,"anticoncepcion, prevencion de its y de cancer de cuello uterino",condon masculino: usuarias (os) nuevas (os),2015-12-01,0,1,3,1,0,5
UNCIA,"anticoncepcion, prevencion de its y de cancer de cuello uterino",condon masculino: usuarias (os) nuevas (os),2015-12-01,0,0,12,2,0,14
URIONDO (A. CONCEPCION),"anticoncepcion, prevencion de its y de cancer de cuello uterino",condon masculino: usuarias (os) nuevas (os),2015-12-01,0,1,4,0,0,5
URUBICHA,"anticoncepcion, prevencion de its y de cancer de cuello uterino",condon masculino: usuarias (os) nuevas (os),2015-12-01,0,0,3,1,0,4
UYUNI,"anticoncepcion, prevencion de its y de cancer de cuello uterino",condon masculino: usuarias (os) nuevas (os),2015-12-01,0,0,4,1,0,5
VACAS,"anticoncepcion, prevencion de its y de cancer de cuello uterino",condon masculino: usuarias (os) nuevas (os),2015-12-01,0,0,1,0,0,1
VALLEGRANDE,"anticoncepcion, prevencion de its y de cancer de cuello uterino",condon masculino: usuarias (os) nuevas (os),2015-12-01,0,2,5,3,0,10
VIACHA,"anticoncepcion, prevencion de its y de cancer de cuello uterino",condon masculino: usuarias (os) nuevas (os),2015-12-01,0,1,12,5,0,18
VILA VILA,"anticoncepcion, prevencion de its y de cancer de cuello uterino",condon masculino: usuarias (os) nuevas (os),2015-12-01,0,0,3,0,0,3
VILLA CHARCAS,"anticoncepcion, prevencion de its y de cancer de cuello uterino",condon masculino: usuarias (os) nuevas (os),2015-12-01,0,2,3,3,0,8
VILLA MONTES,"anticoncepcion, prevencion de its y de cancer de cuello uterino",condon masculino: usuarias (os) nuevas (os),2015-12-01,0,3,2,3,0,8
VILLA RIVERO,"anticoncepcion, prevencion de its y de cancer de cuello uterino",condon masculino: usuarias (os) nuevas (os),2015-12-01,0,0,2,1,0,3
VILLA SERRANO,"anticoncepcion, prevencion de its y de cancer de cuello uterino",condon masculino: usuarias (os) nuevas (os),2015-12-01,0,0,0,1,0,1
VILLA TUNARI,"anticoncepcion, prevencion de its y de cancer de cuello uterino",condon masculino: usuarias (os) nuevas (os),2015-12-01,0,11,25,5,0,41
VILLA VACA GUZMAN (MUYUPAMPA),"anticoncepcion, prevencion de its y de cancer de cuello uterino",condon masculino: usuarias (os) nuevas (os),2015-12-01,1,0,4,0,0,5
VILLAZON,"anticoncepcion, prevencion de its y de cancer de cuello uterino",condon masculino: usuarias (os) nuevas (os),2015-12-01,0,1,2,1,0,4
VINTO,"anticoncepcion, prevencion de its y de cancer de cuello uterino",condon masculino: usuarias (os) nuevas (os),2015-12-01,0,0,12,1,0,13
VITICHI,"anticoncepcion, prevencion de its y de cancer de cuello uterino",condon masculino: usuarias (os) nuevas (os),2015-12-01,0,0,1,0,0,1
WARNES,"anticoncepcion, prevencion de its y de cancer de cuello uterino",condon masculino: usuarias (os) nuevas (os),2015-12-01,0,1,2,0,0,3
YACO,"anticoncepcion, prevencion de its y de cancer de cuello uterino",condon masculino: usuarias (os) nuevas (os),2015-12-01,0,0,1,0,0,1
YACUIBA,"anticoncepcion, prevencion de its y de cancer de cuello uterino",condon masculino: usuarias (os) nuevas (os),2015-12-01,0,9,14,4,0,27
YAMPARAEZ,"anticoncepcion, prevencion de its y de cancer de cuello uterino",condon masculino: usuarias (os) nuevas (os),2015-12-01,0,1,0,0,0,1
YANACACHI,"anticoncepcion, prevencion de its y de cancer de cuello uterino",condon masculino: usuarias (os) nuevas (os),2015-12-01,0,0,2,1,0,3
YAPACANI,"anticoncepcion, prevencion de its y de cancer de cuello uterino",condon masculino: usuarias (os) nuevas (os),2015-12-01,1,5,11,0,1,18
YOCALLA,"anticoncepcion, prevencion de its y de cancer de cuello uterino",condon masculino: usuarias (os) nuevas (os),2015-12-01,0,0,1,0,0,1
YOTALA,"anticoncepcion, prevencion de its y de cancer de cuello uterino",condon masculino: usuarias (os) nuevas (os),2015-12-01,0,2,3,0,0,5
YUNCHARA,"anticoncepcion, prevencion de its y de cancer de cuello uterino",condon masculino: usuarias (os) nuevas (os),2015-12-01,0,1,1,1,0,3
