municipality,group,variable,month,DIU: Usuarias Nuevas,DIU: Usuarias Nuevas1,DIU: Usuarias Nuevas2,DIU: Usuarias Nuevas3,DIU: Usuarias Nuevas4,TOTAL
ACACIO,"anticoncepcion, prevencion de its y de cancer de cuello uterino",diu: usuarias nuevas,2015-01-01,0,0,1,0,0,1
AIQUILE,"anticoncepcion, prevencion de its y de cancer de cuello uterino",diu: usuarias nuevas,2015-01-01,0,1,2,0,0,3
ARANI,"anticoncepcion, prevencion de its y de cancer de cuello uterino",diu: usuarias nuevas,2015-01-01,0,0,3,0,0,3
ASCENCION DE GUARAYOS,"anticoncepcion, prevencion de its y de cancer de cuello uterino",diu: usuarias nuevas,2015-01-01,0,0,5,0,0,5
AYOPAYA (V. DE INDEPENDENCIA),"anticoncepcion, prevencion de its y de cancer de cuello uterino",diu: usuarias nuevas,2015-01-01,0,0,1,0,0,1
BAURES,"anticoncepcion, prevencion de its y de cancer de cuello uterino",diu: usuarias nuevas,2015-01-01,0,0,1,0,0,1
BERMEJO,"anticoncepcion, prevencion de its y de cancer de cuello uterino",diu: usuarias nuevas,2015-01-01,0,1,1,2,0,4
BETANZOS,"anticoncepcion, prevencion de its y de cancer de cuello uterino",diu: usuarias nuevas,2015-01-01,0,1,1,0,0,2
BOYUIBE,"anticoncepcion, prevencion de its y de cancer de cuello uterino",diu: usuarias nuevas,2015-01-01,0,0,1,0,0,1
"CAIZA ""D""","anticoncepcion, prevencion de its y de cancer de cuello uterino",diu: usuarias nuevas,2015-01-01,0,0,0,1,0,1
CAPINOTA,"anticoncepcion, prevencion de its y de cancer de cuello uterino",diu: usuarias nuevas,2015-01-01,0,0,4,0,0,4
CARACOLLO,"anticoncepcion, prevencion de its y de cancer de cuello uterino",diu: usuarias nuevas,2015-01-01,0,0,1,0,0,1
CARANAVI,"anticoncepcion, prevencion de its y de cancer de cuello uterino",diu: usuarias nuevas,2015-01-01,0,3,1,0,0,4
CHIMORE,"anticoncepcion, prevencion de its y de cancer de cuello uterino",diu: usuarias nuevas,2015-01-01,0,1,0,0,0,1
CKOCHAS,"anticoncepcion, prevencion de its y de cancer de cuello uterino",diu: usuarias nuevas,2015-01-01,0,0,1,1,0,2
CLIZA,"anticoncepcion, prevencion de its y de cancer de cuello uterino",diu: usuarias nuevas,2015-01-01,0,0,1,0,0,1
COBIJA,"anticoncepcion, prevencion de its y de cancer de cuello uterino",diu: usuarias nuevas,2015-01-01,0,0,2,0,0,2
COCHABAMBA,"anticoncepcion, prevencion de its y de cancer de cuello uterino",diu: usuarias nuevas,2015-01-01,0,10,197,57,0,264
COLCAPIRHUA,"anticoncepcion, prevencion de its y de cancer de cuello uterino",diu: usuarias nuevas,2015-01-01,0,0,7,0,0,7
COLPA BELGICA,"anticoncepcion, prevencion de its y de cancer de cuello uterino",diu: usuarias nuevas,2015-01-01,0,0,1,0,0,1
COLQUIRI,"anticoncepcion, prevencion de its y de cancer de cuello uterino",diu: usuarias nuevas,2015-01-01,0,1,0,1,0,2
COMARAPA,"anticoncepcion, prevencion de its y de cancer de cuello uterino",diu: usuarias nuevas,2015-01-01,0,0,1,0,0,1
CONCEPCION,"anticoncepcion, prevencion de its y de cancer de cuello uterino",diu: usuarias nuevas,2015-01-01,0,2,0,0,0,2
COTOCA,"anticoncepcion, prevencion de its y de cancer de cuello uterino",diu: usuarias nuevas,2015-01-01,0,1,1,1,0,3
EL ALTO,"anticoncepcion, prevencion de its y de cancer de cuello uterino",diu: usuarias nuevas,2015-01-01,0,7,33,22,0,62
EL TORNO,"anticoncepcion, prevencion de its y de cancer de cuello uterino",diu: usuarias nuevas,2015-01-01,1,4,5,1,0,11
ENTRE RIOS TRJ,"anticoncepcion, prevencion de its y de cancer de cuello uterino",diu: usuarias nuevas,2015-01-01,0,1,3,1,0,5
ENTRE RIOS CBBA,"anticoncepcion, prevencion de its y de cancer de cuello uterino",diu: usuarias nuevas,2015-01-01,0,0,0,1,0,1
GENERAL SAAVEDRA,"anticoncepcion, prevencion de its y de cancer de cuello uterino",diu: usuarias nuevas,2015-01-01,0,0,1,0,0,1
HUANUNI,"anticoncepcion, prevencion de its y de cancer de cuello uterino",diu: usuarias nuevas,2015-01-01,0,0,2,1,0,3
HUARACAJE,"anticoncepcion, prevencion de its y de cancer de cuello uterino",diu: usuarias nuevas,2015-01-01,0,0,1,0,0,1
IRUPANA (VILLA DE LANZA),"anticoncepcion, prevencion de its y de cancer de cuello uterino",diu: usuarias nuevas,2015-01-01,0,0,1,0,0,1
LA GUARDIA,"anticoncepcion, prevencion de its y de cancer de cuello uterino",diu: usuarias nuevas,2015-01-01,0,2,5,0,0,7
LA PAZ,"anticoncepcion, prevencion de its y de cancer de cuello uterino",diu: usuarias nuevas,2015-01-01,1,52,133,14,4,204
LLALLAGUA,"anticoncepcion, prevencion de its y de cancer de cuello uterino",diu: usuarias nuevas,2015-01-01,0,0,1,0,0,1
MAIRANA,"anticoncepcion, prevencion de its y de cancer de cuello uterino",diu: usuarias nuevas,2015-01-01,0,1,2,0,0,3
MIZQUE,"anticoncepcion, prevencion de its y de cancer de cuello uterino",diu: usuarias nuevas,2015-01-01,0,2,4,1,0,7
MONTEAGUDO,"anticoncepcion, prevencion de its y de cancer de cuello uterino",diu: usuarias nuevas,2015-01-01,0,4,9,1,0,14
MONTERO,"anticoncepcion, prevencion de its y de cancer de cuello uterino",diu: usuarias nuevas,2015-01-01,0,0,6,1,0,7
MOROCHATA,"anticoncepcion, prevencion de its y de cancer de cuello uterino",diu: usuarias nuevas,2015-01-01,0,0,1,0,0,1
OKINAWA,"anticoncepcion, prevencion de its y de cancer de cuello uterino",diu: usuarias nuevas,2015-01-01,0,0,2,0,0,2
ORURO,"anticoncepcion, prevencion de its y de cancer de cuello uterino",diu: usuarias nuevas,2015-01-01,0,1,16,6,0,23
PADCAYA,"anticoncepcion, prevencion de its y de cancer de cuello uterino",diu: usuarias nuevas,2015-01-01,0,2,1,1,0,4
PADILLA,"anticoncepcion, prevencion de its y de cancer de cuello uterino",diu: usuarias nuevas,2015-01-01,0,0,1,0,0,1
PAILON,"anticoncepcion, prevencion de its y de cancer de cuello uterino",diu: usuarias nuevas,2015-01-01,0,0,2,0,0,2
PALCA,"anticoncepcion, prevencion de its y de cancer de cuello uterino",diu: usuarias nuevas,2015-01-01,0,0,1,0,0,1
PAMPA GRANDE,"anticoncepcion, prevencion de its y de cancer de cuello uterino",diu: usuarias nuevas,2015-01-01,0,0,3,0,0,3
PELECHUCO,"anticoncepcion, prevencion de its y de cancer de cuello uterino",diu: usuarias nuevas,2015-01-01,0,0,1,0,0,1
POCONA,"anticoncepcion, prevencion de its y de cancer de cuello uterino",diu: usuarias nuevas,2015-01-01,0,0,1,0,0,1
POJO (CBBA),"anticoncepcion, prevencion de its y de cancer de cuello uterino",diu: usuarias nuevas,2015-01-01,0,0,0,1,0,1
PORTACHUELO,"anticoncepcion, prevencion de its y de cancer de cuello uterino",diu: usuarias nuevas,2015-01-01,1,0,2,0,0,3
POTOSI,"anticoncepcion, prevencion de its y de cancer de cuello uterino",diu: usuarias nuevas,2015-01-01,0,1,4,1,0,6
PUERTO VILLARROEL,"anticoncepcion, prevencion de its y de cancer de cuello uterino",diu: usuarias nuevas,2015-01-01,0,0,1,0,0,1
PUNATA,"anticoncepcion, prevencion de its y de cancer de cuello uterino",diu: usuarias nuevas,2015-01-01,0,0,1,1,0,2
QUILLACOLLO,"anticoncepcion, prevencion de its y de cancer de cuello uterino",diu: usuarias nuevas,2015-01-01,0,2,9,1,0,12
RURRENABAQUE,"anticoncepcion, prevencion de its y de cancer de cuello uterino",diu: usuarias nuevas,2015-01-01,1,0,1,1,0,3
SACABA,"anticoncepcion, prevencion de its y de cancer de cuello uterino",diu: usuarias nuevas,2015-01-01,0,0,11,4,0,15
SACABAMBA,"anticoncepcion, prevencion de its y de cancer de cuello uterino",diu: usuarias nuevas,2015-01-01,0,0,1,0,0,1
SAIPINA,"anticoncepcion, prevencion de its y de cancer de cuello uterino",diu: usuarias nuevas,2015-01-01,0,0,4,0,0,4
SAMAIPATA,"anticoncepcion, prevencion de its y de cancer de cuello uterino",diu: usuarias nuevas,2015-01-01,0,0,1,0,0,1
SAN BORJA,"anticoncepcion, prevencion de its y de cancer de cuello uterino",diu: usuarias nuevas,2015-01-01,0,4,5,1,0,10
SAN CARLOS,"anticoncepcion, prevencion de its y de cancer de cuello uterino",diu: usuarias nuevas,2015-01-01,0,1,1,0,0,2
SAN IGNACIO,"anticoncepcion, prevencion de its y de cancer de cuello uterino",diu: usuarias nuevas,2015-01-01,0,1,3,0,0,4
SAN IGNACIO DE VELASCO,"anticoncepcion, prevencion de its y de cancer de cuello uterino",diu: usuarias nuevas,2015-01-01,0,0,1,1,0,2
SAN JAVIER(STC),"anticoncepcion, prevencion de its y de cancer de cuello uterino",diu: usuarias nuevas,2015-01-01,0,0,1,0,0,1
SAN JOSE DE CHIQUITOS,"anticoncepcion, prevencion de its y de cancer de cuello uterino",diu: usuarias nuevas,2015-01-01,0,0,1,0,0,1
SAN JULIAN,"anticoncepcion, prevencion de its y de cancer de cuello uterino",diu: usuarias nuevas,2015-01-01,0,0,1,0,0,1
SAN LORENZO(TJA),"anticoncepcion, prevencion de its y de cancer de cuello uterino",diu: usuarias nuevas,2015-01-01,0,0,2,1,0,3
SAN RAMON SCZ,"anticoncepcion, prevencion de its y de cancer de cuello uterino",diu: usuarias nuevas,2015-01-01,0,1,0,0,0,1
SANTA ANA,"anticoncepcion, prevencion de its y de cancer de cuello uterino",diu: usuarias nuevas,2015-01-01,0,0,2,0,0,2
SANTA CRUZ DE LA SIERRA,"anticoncepcion, prevencion de its y de cancer de cuello uterino",diu: usuarias nuevas,2015-01-01,1,37,220,28,0,286
SANTA ROSA DEL SARA,"anticoncepcion, prevencion de its y de cancer de cuello uterino",diu: usuarias nuevas,2015-01-01,0,0,1,1,0,2
SANTIVAÃ‘ES,"anticoncepcion, prevencion de its y de cancer de cuello uterino",diu: usuarias nuevas,2015-01-01,0,0,2,1,0,3
SHINAOTA,"anticoncepcion, prevencion de its y de cancer de cuello uterino",diu: usuarias nuevas,2015-01-01,0,0,1,0,0,1
SIPE SIPE,"anticoncepcion, prevencion de its y de cancer de cuello uterino",diu: usuarias nuevas,2015-01-01,0,0,2,2,0,4
SORATA,"anticoncepcion, prevencion de its y de cancer de cuello uterino",diu: usuarias nuevas,2015-01-01,0,0,1,2,0,3
SUCRE,"anticoncepcion, prevencion de its y de cancer de cuello uterino",diu: usuarias nuevas,2015-01-01,0,6,50,6,0,62
TARIJA,"anticoncepcion, prevencion de its y de cancer de cuello uterino",diu: usuarias nuevas,2015-01-01,1,6,42,14,0,63
TIQUIPAYA,"anticoncepcion, prevencion de its y de cancer de cuello uterino",diu: usuarias nuevas,2015-01-01,0,1,6,0,0,7
TRINIDAD,"anticoncepcion, prevencion de its y de cancer de cuello uterino",diu: usuarias nuevas,2015-01-01,4,1,11,2,0,18
TUPIZA,"anticoncepcion, prevencion de its y de cancer de cuello uterino",diu: usuarias nuevas,2015-01-01,0,0,1,0,0,1
URIONDO (A. CONCEPCION),"anticoncepcion, prevencion de its y de cancer de cuello uterino",diu: usuarias nuevas,2015-01-01,0,0,1,0,0,1
UYUNI,"anticoncepcion, prevencion de its y de cancer de cuello uterino",diu: usuarias nuevas,2015-01-01,0,0,1,0,0,1
VALLEGRANDE,"anticoncepcion, prevencion de its y de cancer de cuello uterino",diu: usuarias nuevas,2015-01-01,0,0,5,1,0,6
VIACHA,"anticoncepcion, prevencion de its y de cancer de cuello uterino",diu: usuarias nuevas,2015-01-01,0,0,2,0,0,2
VILLA CHARCAS,"anticoncepcion, prevencion de its y de cancer de cuello uterino",diu: usuarias nuevas,2015-01-01,0,0,1,1,0,2
VILLA MONTES,"anticoncepcion, prevencion de its y de cancer de cuello uterino",diu: usuarias nuevas,2015-01-01,0,0,2,2,0,4
VILLA TUNARI,"anticoncepcion, prevencion de its y de cancer de cuello uterino",diu: usuarias nuevas,2015-01-01,0,1,4,1,0,6
VILLAZON,"anticoncepcion, prevencion de its y de cancer de cuello uterino",diu: usuarias nuevas,2015-01-01,0,1,2,0,0,3
VINTO,"anticoncepcion, prevencion de its y de cancer de cuello uterino",diu: usuarias nuevas,2015-01-01,0,0,3,0,0,3
WARNES,"anticoncepcion, prevencion de its y de cancer de cuello uterino",diu: usuarias nuevas,2015-01-01,0,1,5,0,0,6
YACUIBA,"anticoncepcion, prevencion de its y de cancer de cuello uterino",diu: usuarias nuevas,2015-01-01,0,0,8,1,0,9
YAPACANI,"anticoncepcion, prevencion de its y de cancer de cuello uterino",diu: usuarias nuevas,2015-01-01,0,0,1,0,0,1
ZUDAÃ‘EZ,"anticoncepcion, prevencion de its y de cancer de cuello uterino",diu: usuarias nuevas,2015-01-01,0,0,0,1,0,1
ACHACACHI,"anticoncepcion, prevencion de its y de cancer de cuello uterino",diu: usuarias nuevas,2015-02-01,0,0,1,0,0,1
AIQUILE,"anticoncepcion, prevencion de its y de cancer de cuello uterino",diu: usuarias nuevas,2015-02-01,0,0,1,0,0,1
ARANI,"anticoncepcion, prevencion de its y de cancer de cuello uterino",diu: usuarias nuevas,2015-02-01,0,0,1,0,0,1
ARBIETO,"anticoncepcion, prevencion de its y de cancer de cuello uterino",diu: usuarias nuevas,2015-02-01,0,1,0,0,0,1
ASCENCION DE GUARAYOS,"anticoncepcion, prevencion de its y de cancer de cuello uterino",diu: usuarias nuevas,2015-02-01,0,0,0,1,0,1
ATOCHA,"anticoncepcion, prevencion de its y de cancer de cuello uterino",diu: usuarias nuevas,2015-02-01,0,0,1,0,0,1
AZURDUY,"anticoncepcion, prevencion de its y de cancer de cuello uterino",diu: usuarias nuevas,2015-02-01,0,0,5,0,0,5
BATALLAS,"anticoncepcion, prevencion de its y de cancer de cuello uterino",diu: usuarias nuevas,2015-02-01,0,0,1,0,0,1
BAURES,"anticoncepcion, prevencion de its y de cancer de cuello uterino",diu: usuarias nuevas,2015-02-01,0,0,1,0,0,1
CAPINOTA,"anticoncepcion, prevencion de its y de cancer de cuello uterino",diu: usuarias nuevas,2015-02-01,0,0,5,1,0,6
CARANAVI,"anticoncepcion, prevencion de its y de cancer de cuello uterino",diu: usuarias nuevas,2015-02-01,0,0,1,0,0,1
CHALLAPATA,"anticoncepcion, prevencion de its y de cancer de cuello uterino",diu: usuarias nuevas,2015-02-01,0,0,1,0,0,1
CHARAGUA,"anticoncepcion, prevencion de its y de cancer de cuello uterino",diu: usuarias nuevas,2015-02-01,0,0,1,0,0,1
CHUQUIHUTA AYLLU JUCUMANI,"anticoncepcion, prevencion de its y de cancer de cuello uterino",diu: usuarias nuevas,2015-02-01,0,0,1,0,0,1
CLIZA,"anticoncepcion, prevencion de its y de cancer de cuello uterino",diu: usuarias nuevas,2015-02-01,0,0,1,0,0,1
COBIJA,"anticoncepcion, prevencion de its y de cancer de cuello uterino",diu: usuarias nuevas,2015-02-01,0,1,0,0,0,1
COCHABAMBA,"anticoncepcion, prevencion de its y de cancer de cuello uterino",diu: usuarias nuevas,2015-02-01,0,7,142,127,0,276
COLCAPIRHUA,"anticoncepcion, prevencion de its y de cancer de cuello uterino",diu: usuarias nuevas,2015-02-01,0,0,3,0,0,3
COLQUIRI,"anticoncepcion, prevencion de its y de cancer de cuello uterino",diu: usuarias nuevas,2015-02-01,0,0,1,0,0,1
COTOCA,"anticoncepcion, prevencion de its y de cancer de cuello uterino",diu: usuarias nuevas,2015-02-01,0,1,3,0,0,4
EL ALTO,"anticoncepcion, prevencion de its y de cancer de cuello uterino",diu: usuarias nuevas,2015-02-01,0,7,53,11,0,71
EL PUENTE(TJA),"anticoncepcion, prevencion de its y de cancer de cuello uterino",diu: usuarias nuevas,2015-02-01,0,0,1,0,0,1
EL TORNO,"anticoncepcion, prevencion de its y de cancer de cuello uterino",diu: usuarias nuevas,2015-02-01,1,5,3,0,0,9
ENTRE RIOS TRJ,"anticoncepcion, prevencion de its y de cancer de cuello uterino",diu: usuarias nuevas,2015-02-01,0,0,1,0,0,1
ENTRE RIOS CBBA,"anticoncepcion, prevencion de its y de cancer de cuello uterino",diu: usuarias nuevas,2015-02-01,0,1,0,0,0,1
FERNANDEZ ALONSO,"anticoncepcion, prevencion de its y de cancer de cuello uterino",diu: usuarias nuevas,2015-02-01,0,0,0,4,0,4
GENERAL SAAVEDRA,"anticoncepcion, prevencion de its y de cancer de cuello uterino",diu: usuarias nuevas,2015-02-01,0,2,0,0,0,2
GUANAY,"anticoncepcion, prevencion de its y de cancer de cuello uterino",diu: usuarias nuevas,2015-02-01,0,0,1,0,0,1
HUANUNI,"anticoncepcion, prevencion de its y de cancer de cuello uterino",diu: usuarias nuevas,2015-02-01,0,0,1,1,0,2
LA GUARDIA,"anticoncepcion, prevencion de its y de cancer de cuello uterino",diu: usuarias nuevas,2015-02-01,0,1,3,1,0,5
LA PAZ,"anticoncepcion, prevencion de its y de cancer de cuello uterino",diu: usuarias nuevas,2015-02-01,0,19,132,10,1,162
LLALLAGUA,"anticoncepcion, prevencion de its y de cancer de cuello uterino",diu: usuarias nuevas,2015-02-01,0,1,2,0,0,3
MAIRANA,"anticoncepcion, prevencion de its y de cancer de cuello uterino",diu: usuarias nuevas,2015-02-01,0,2,1,0,0,3
MAPIRI,"anticoncepcion, prevencion de its y de cancer de cuello uterino",diu: usuarias nuevas,2015-02-01,0,0,1,0,0,1
MINEROS,"anticoncepcion, prevencion de its y de cancer de cuello uterino",diu: usuarias nuevas,2015-02-01,0,1,2,0,0,3
MIZQUE,"anticoncepcion, prevencion de its y de cancer de cuello uterino",diu: usuarias nuevas,2015-02-01,0,4,5,0,0,9
MONTEAGUDO,"anticoncepcion, prevencion de its y de cancer de cuello uterino",diu: usuarias nuevas,2015-02-01,0,1,1,1,0,3
MONTERO,"anticoncepcion, prevencion de its y de cancer de cuello uterino",diu: usuarias nuevas,2015-02-01,0,0,8,0,0,8
ORURO,"anticoncepcion, prevencion de its y de cancer de cuello uterino",diu: usuarias nuevas,2015-02-01,0,4,16,5,0,25
PADCAYA,"anticoncepcion, prevencion de its y de cancer de cuello uterino",diu: usuarias nuevas,2015-02-01,0,0,1,0,0,1
PADILLA,"anticoncepcion, prevencion de its y de cancer de cuello uterino",diu: usuarias nuevas,2015-02-01,0,1,0,0,0,1
PAILON,"anticoncepcion, prevencion de its y de cancer de cuello uterino",diu: usuarias nuevas,2015-02-01,0,0,1,0,0,1
PALOS BLANCOS,"anticoncepcion, prevencion de its y de cancer de cuello uterino",diu: usuarias nuevas,2015-02-01,0,0,0,1,0,1
PAMPA GRANDE,"anticoncepcion, prevencion de its y de cancer de cuello uterino",diu: usuarias nuevas,2015-02-01,0,0,1,0,0,1
POJO (CBBA),"anticoncepcion, prevencion de its y de cancer de cuello uterino",diu: usuarias nuevas,2015-02-01,0,0,1,0,0,1
PORTACHUELO,"anticoncepcion, prevencion de its y de cancer de cuello uterino",diu: usuarias nuevas,2015-02-01,0,2,3,0,0,5
POSTRER VALLE,"anticoncepcion, prevencion de its y de cancer de cuello uterino",diu: usuarias nuevas,2015-02-01,0,0,0,1,0,1
POTOSI,"anticoncepcion, prevencion de its y de cancer de cuello uterino",diu: usuarias nuevas,2015-02-01,0,1,7,1,0,9
PUERTO VILLARROEL,"anticoncepcion, prevencion de its y de cancer de cuello uterino",diu: usuarias nuevas,2015-02-01,0,0,3,0,0,3
PUNA,"anticoncepcion, prevencion de its y de cancer de cuello uterino",diu: usuarias nuevas,2015-02-01,0,1,0,0,0,1
PUNATA,"anticoncepcion, prevencion de its y de cancer de cuello uterino",diu: usuarias nuevas,2015-02-01,0,0,6,0,0,6
QUILLACOLLO,"anticoncepcion, prevencion de its y de cancer de cuello uterino",diu: usuarias nuevas,2015-02-01,0,6,4,0,0,10
REYES,"anticoncepcion, prevencion de its y de cancer de cuello uterino",diu: usuarias nuevas,2015-02-01,0,1,1,0,0,2
RIBERALTA,"anticoncepcion, prevencion de its y de cancer de cuello uterino",diu: usuarias nuevas,2015-02-01,0,0,2,2,0,4
ROBORE,"anticoncepcion, prevencion de its y de cancer de cuello uterino",diu: usuarias nuevas,2015-02-01,0,0,1,0,0,1
SACABA,"anticoncepcion, prevencion de its y de cancer de cuello uterino",diu: usuarias nuevas,2015-02-01,0,3,7,6,0,16
SAN BORJA,"anticoncepcion, prevencion de its y de cancer de cuello uterino",diu: usuarias nuevas,2015-02-01,0,0,1,0,0,1
SAN CARLOS,"anticoncepcion, prevencion de its y de cancer de cuello uterino",diu: usuarias nuevas,2015-02-01,0,1,1,0,0,2
SAN IGNACIO,"anticoncepcion, prevencion de its y de cancer de cuello uterino",diu: usuarias nuevas,2015-02-01,0,0,3,1,0,4
SAN IGNACIO DE VELASCO,"anticoncepcion, prevencion de its y de cancer de cuello uterino",diu: usuarias nuevas,2015-02-01,0,0,1,0,0,1
SAN JULIAN,"anticoncepcion, prevencion de its y de cancer de cuello uterino",diu: usuarias nuevas,2015-02-01,0,0,0,1,0,1
SAN LORENZO(TJA),"anticoncepcion, prevencion de its y de cancer de cuello uterino",diu: usuarias nuevas,2015-02-01,0,0,1,0,0,1
SAN PEDRO,"anticoncepcion, prevencion de its y de cancer de cuello uterino",diu: usuarias nuevas,2015-02-01,0,0,1,0,0,1
SAN RAMON BENI,"anticoncepcion, prevencion de its y de cancer de cuello uterino",diu: usuarias nuevas,2015-02-01,0,0,1,0,0,1
SANTA ANA,"anticoncepcion, prevencion de its y de cancer de cuello uterino",diu: usuarias nuevas,2015-02-01,0,0,2,0,0,2
SANTA CRUZ DE LA SIERRA,"anticoncepcion, prevencion de its y de cancer de cuello uterino",diu: usuarias nuevas,2015-02-01,1,24,258,35,0,318
SANTA ROSA DEL SARA,"anticoncepcion, prevencion de its y de cancer de cuello uterino",diu: usuarias nuevas,2015-02-01,0,1,1,0,0,2
SHINAOTA,"anticoncepcion, prevencion de its y de cancer de cuello uterino",diu: usuarias nuevas,2015-02-01,0,0,0,1,0,1
SIPE SIPE,"anticoncepcion, prevencion de its y de cancer de cuello uterino",diu: usuarias nuevas,2015-02-01,0,2,7,1,0,10
SORATA,"anticoncepcion, prevencion de its y de cancer de cuello uterino",diu: usuarias nuevas,2015-02-01,0,1,0,0,0,1
SUCRE,"anticoncepcion, prevencion de its y de cancer de cuello uterino",diu: usuarias nuevas,2015-02-01,0,4,35,12,0,51
TAPACARI,"anticoncepcion, prevencion de its y de cancer de cuello uterino",diu: usuarias nuevas,2015-02-01,0,0,0,1,0,1
TARIJA,"anticoncepcion, prevencion de its y de cancer de cuello uterino",diu: usuarias nuevas,2015-02-01,0,12,42,23,4,81
TIPUANI,"anticoncepcion, prevencion de its y de cancer de cuello uterino",diu: usuarias nuevas,2015-02-01,0,0,1,0,0,1
TIQUIPAYA,"anticoncepcion, prevencion de its y de cancer de cuello uterino",diu: usuarias nuevas,2015-02-01,0,0,6,2,0,8
TOLATA,"anticoncepcion, prevencion de its y de cancer de cuello uterino",diu: usuarias nuevas,2015-02-01,0,0,1,0,0,1
TRINIDAD,"anticoncepcion, prevencion de its y de cancer de cuello uterino",diu: usuarias nuevas,2015-02-01,0,2,6,1,0,9
TUPIZA,"anticoncepcion, prevencion de its y de cancer de cuello uterino",diu: usuarias nuevas,2015-02-01,0,0,0,1,0,1
VIACHA,"anticoncepcion, prevencion de its y de cancer de cuello uterino",diu: usuarias nuevas,2015-02-01,0,0,2,0,0,2
VILLA MONTES,"anticoncepcion, prevencion de its y de cancer de cuello uterino",diu: usuarias nuevas,2015-02-01,0,1,0,0,0,1
VILLA TUNARI,"anticoncepcion, prevencion de its y de cancer de cuello uterino",diu: usuarias nuevas,2015-02-01,0,4,9,0,0,13
VILLAZON,"anticoncepcion, prevencion de its y de cancer de cuello uterino",diu: usuarias nuevas,2015-02-01,0,0,3,1,0,4
VINTO,"anticoncepcion, prevencion de its y de cancer de cuello uterino",diu: usuarias nuevas,2015-02-01,0,0,1,0,0,1
WARNES,"anticoncepcion, prevencion de its y de cancer de cuello uterino",diu: usuarias nuevas,2015-02-01,0,0,1,0,0,1
YACUIBA,"anticoncepcion, prevencion de its y de cancer de cuello uterino",diu: usuarias nuevas,2015-02-01,0,3,5,0,1,9
AIQUILE,"anticoncepcion, prevencion de its y de cancer de cuello uterino",diu: usuarias nuevas,2015-03-01,0,0,1,0,0,1
ARANI,"anticoncepcion, prevencion de its y de cancer de cuello uterino",diu: usuarias nuevas,2015-03-01,0,0,1,0,0,1
ASCENCION DE GUARAYOS,"anticoncepcion, prevencion de its y de cancer de cuello uterino",diu: usuarias nuevas,2015-03-01,0,1,0,2,0,3
AZURDUY,"anticoncepcion, prevencion de its y de cancer de cuello uterino",diu: usuarias nuevas,2015-03-01,0,0,3,0,0,3
BERMEJO,"anticoncepcion, prevencion de its y de cancer de cuello uterino",diu: usuarias nuevas,2015-03-01,0,0,5,1,0,6
CAMARGO,"anticoncepcion, prevencion de its y de cancer de cuello uterino",diu: usuarias nuevas,2015-03-01,0,0,1,0,0,1
CAPINOTA,"anticoncepcion, prevencion de its y de cancer de cuello uterino",diu: usuarias nuevas,2015-03-01,0,0,4,1,0,5
CARAPARI,"anticoncepcion, prevencion de its y de cancer de cuello uterino",diu: usuarias nuevas,2015-03-01,0,0,1,0,0,1
CHALLAPATA,"anticoncepcion, prevencion de its y de cancer de cuello uterino",diu: usuarias nuevas,2015-03-01,0,0,1,0,0,1
CHIMORE,"anticoncepcion, prevencion de its y de cancer de cuello uterino",diu: usuarias nuevas,2015-03-01,0,0,1,0,0,1
CHUQUIHUTA AYLLU JUCUMANI,"anticoncepcion, prevencion de its y de cancer de cuello uterino",diu: usuarias nuevas,2015-03-01,0,0,1,0,0,1
COBIJA,"anticoncepcion, prevencion de its y de cancer de cuello uterino",diu: usuarias nuevas,2015-03-01,0,1,0,0,0,1
COCHABAMBA,"anticoncepcion, prevencion de its y de cancer de cuello uterino",diu: usuarias nuevas,2015-03-01,0,7,132,21,1,161
COLCAPIRHUA,"anticoncepcion, prevencion de its y de cancer de cuello uterino",diu: usuarias nuevas,2015-03-01,0,0,5,1,0,6
COLPA BELGICA,"anticoncepcion, prevencion de its y de cancer de cuello uterino",diu: usuarias nuevas,2015-03-01,0,0,1,0,0,1
COLQUIRI,"anticoncepcion, prevencion de its y de cancer de cuello uterino",diu: usuarias nuevas,2015-03-01,0,0,1,0,0,1
COTOCA,"anticoncepcion, prevencion de its y de cancer de cuello uterino",diu: usuarias nuevas,2015-03-01,0,0,1,0,0,1
CULPINA,"anticoncepcion, prevencion de its y de cancer de cuello uterino",diu: usuarias nuevas,2015-03-01,0,0,0,1,0,1
EL ALTO,"anticoncepcion, prevencion de its y de cancer de cuello uterino",diu: usuarias nuevas,2015-03-01,0,3,27,33,0,63
EL TORNO,"anticoncepcion, prevencion de its y de cancer de cuello uterino",diu: usuarias nuevas,2015-03-01,0,2,1,0,0,3
ENTRE RIOS TRJ,"anticoncepcion, prevencion de its y de cancer de cuello uterino",diu: usuarias nuevas,2015-03-01,0,1,2,2,0,5
ENTRE RIOS CBBA,"anticoncepcion, prevencion de its y de cancer de cuello uterino",diu: usuarias nuevas,2015-03-01,0,0,2,0,0,2
FERNANDEZ ALONSO,"anticoncepcion, prevencion de its y de cancer de cuello uterino",diu: usuarias nuevas,2015-03-01,0,0,1,4,0,5
GENERAL SAAVEDRA,"anticoncepcion, prevencion de its y de cancer de cuello uterino",diu: usuarias nuevas,2015-03-01,1,2,0,0,0,3
GUANAY,"anticoncepcion, prevencion de its y de cancer de cuello uterino",diu: usuarias nuevas,2015-03-01,0,1,0,0,0,1
GUAYARAMERIN,"anticoncepcion, prevencion de its y de cancer de cuello uterino",diu: usuarias nuevas,2015-03-01,0,0,1,0,0,1
HUACARETA,"anticoncepcion, prevencion de its y de cancer de cuello uterino",diu: usuarias nuevas,2015-03-01,0,0,1,0,0,1
HUANUNI,"anticoncepcion, prevencion de its y de cancer de cuello uterino",diu: usuarias nuevas,2015-03-01,0,0,1,0,0,1
INCAHUASI,"anticoncepcion, prevencion de its y de cancer de cuello uterino",diu: usuarias nuevas,2015-03-01,0,1,0,0,0,1
INQUISIVI,"anticoncepcion, prevencion de its y de cancer de cuello uterino",diu: usuarias nuevas,2015-03-01,0,0,0,1,0,1
IRUPANA (VILLA DE LANZA),"anticoncepcion, prevencion de its y de cancer de cuello uterino",diu: usuarias nuevas,2015-03-01,0,0,2,0,0,2
IXIAMAS,"anticoncepcion, prevencion de its y de cancer de cuello uterino",diu: usuarias nuevas,2015-03-01,0,0,1,0,0,1
LA ASUNTA,"anticoncepcion, prevencion de its y de cancer de cuello uterino",diu: usuarias nuevas,2015-03-01,0,0,1,1,0,2
LA GUARDIA,"anticoncepcion, prevencion de its y de cancer de cuello uterino",diu: usuarias nuevas,2015-03-01,0,2,4,3,0,9
LA PAZ,"anticoncepcion, prevencion de its y de cancer de cuello uterino",diu: usuarias nuevas,2015-03-01,0,37,96,14,0,147
LAS CARRERAS,"anticoncepcion, prevencion de its y de cancer de cuello uterino",diu: usuarias nuevas,2015-03-01,0,0,0,1,0,1
LLALLAGUA,"anticoncepcion, prevencion de its y de cancer de cuello uterino",diu: usuarias nuevas,2015-03-01,0,0,3,0,0,3
MACHARETI,"anticoncepcion, prevencion de its y de cancer de cuello uterino",diu: usuarias nuevas,2015-03-01,0,0,1,0,0,1
MAIRANA,"anticoncepcion, prevencion de its y de cancer de cuello uterino",diu: usuarias nuevas,2015-03-01,0,1,2,0,0,3
MAPIRI,"anticoncepcion, prevencion de its y de cancer de cuello uterino",diu: usuarias nuevas,2015-03-01,0,0,1,0,0,1
MINEROS,"anticoncepcion, prevencion de its y de cancer de cuello uterino",diu: usuarias nuevas,2015-03-01,0,1,1,0,0,2
MIZQUE,"anticoncepcion, prevencion de its y de cancer de cuello uterino",diu: usuarias nuevas,2015-03-01,0,0,3,2,0,5
MONTEAGUDO,"anticoncepcion, prevencion de its y de cancer de cuello uterino",diu: usuarias nuevas,2015-03-01,0,0,5,1,0,6
MONTERO,"anticoncepcion, prevencion de its y de cancer de cuello uterino",diu: usuarias nuevas,2015-03-01,0,1,4,0,0,5
ORURO,"anticoncepcion, prevencion de its y de cancer de cuello uterino",diu: usuarias nuevas,2015-03-01,0,3,8,6,0,17
PADCAYA,"anticoncepcion, prevencion de its y de cancer de cuello uterino",diu: usuarias nuevas,2015-03-01,0,1,2,0,0,3
PADILLA,"anticoncepcion, prevencion de its y de cancer de cuello uterino",diu: usuarias nuevas,2015-03-01,0,0,1,0,0,1
PAILON,"anticoncepcion, prevencion de its y de cancer de cuello uterino",diu: usuarias nuevas,2015-03-01,0,2,6,0,0,8
PATACAMAYA,"anticoncepcion, prevencion de its y de cancer de cuello uterino",diu: usuarias nuevas,2015-03-01,0,0,0,1,0,1
PORTACHUELO,"anticoncepcion, prevencion de its y de cancer de cuello uterino",diu: usuarias nuevas,2015-03-01,0,0,3,0,0,3
POSTRER VALLE,"anticoncepcion, prevencion de its y de cancer de cuello uterino",diu: usuarias nuevas,2015-03-01,0,0,1,0,0,1
POTOSI,"anticoncepcion, prevencion de its y de cancer de cuello uterino",diu: usuarias nuevas,2015-03-01,0,0,8,1,0,9
PUERTO RICO,"anticoncepcion, prevencion de its y de cancer de cuello uterino",diu: usuarias nuevas,2015-03-01,0,0,1,0,0,1
PUERTO SUAREZ,"anticoncepcion, prevencion de its y de cancer de cuello uterino",diu: usuarias nuevas,2015-03-01,0,0,1,0,0,1
PUERTO VILLARROEL,"anticoncepcion, prevencion de its y de cancer de cuello uterino",diu: usuarias nuevas,2015-03-01,0,1,5,0,0,6
QUILLACOLLO,"anticoncepcion, prevencion de its y de cancer de cuello uterino",diu: usuarias nuevas,2015-03-01,0,0,7,4,0,11
RIBERALTA,"anticoncepcion, prevencion de its y de cancer de cuello uterino",diu: usuarias nuevas,2015-03-01,0,0,2,1,0,3
SABAYA,"anticoncepcion, prevencion de its y de cancer de cuello uterino",diu: usuarias nuevas,2015-03-01,0,0,0,1,0,1
SACABA,"anticoncepcion, prevencion de its y de cancer de cuello uterino",diu: usuarias nuevas,2015-03-01,0,1,13,6,0,20
SAIPINA,"anticoncepcion, prevencion de its y de cancer de cuello uterino",diu: usuarias nuevas,2015-03-01,0,0,0,1,0,1
SAN BENITO,"anticoncepcion, prevencion de its y de cancer de cuello uterino",diu: usuarias nuevas,2015-03-01,0,0,1,0,0,1
SAN BORJA,"anticoncepcion, prevencion de its y de cancer de cuello uterino",diu: usuarias nuevas,2015-03-01,1,0,2,0,0,3
SAN BUENA VENTURA,"anticoncepcion, prevencion de its y de cancer de cuello uterino",diu: usuarias nuevas,2015-03-01,0,1,1,0,0,2
SAN CARLOS,"anticoncepcion, prevencion de its y de cancer de cuello uterino",diu: usuarias nuevas,2015-03-01,0,1,6,1,0,8
SAN IGNACIO,"anticoncepcion, prevencion de its y de cancer de cuello uterino",diu: usuarias nuevas,2015-03-01,0,1,2,0,0,3
SAN JOSE DE CHIQUITOS,"anticoncepcion, prevencion de its y de cancer de cuello uterino",diu: usuarias nuevas,2015-03-01,0,1,3,0,0,4
SAN JULIAN,"anticoncepcion, prevencion de its y de cancer de cuello uterino",diu: usuarias nuevas,2015-03-01,0,0,1,0,0,1
SAN LORENZO(TJA),"anticoncepcion, prevencion de its y de cancer de cuello uterino",diu: usuarias nuevas,2015-03-01,0,0,2,0,0,2
SAN LUCAS,"anticoncepcion, prevencion de its y de cancer de cuello uterino",diu: usuarias nuevas,2015-03-01,0,0,1,0,0,1
SAN MIGUEL DE VELASCO,"anticoncepcion, prevencion de its y de cancer de cuello uterino",diu: usuarias nuevas,2015-03-01,0,0,1,0,0,1
SANTA ANA,"anticoncepcion, prevencion de its y de cancer de cuello uterino",diu: usuarias nuevas,2015-03-01,0,2,1,0,0,3
SANTA CRUZ DE LA SIERRA,"anticoncepcion, prevencion de its y de cancer de cuello uterino",diu: usuarias nuevas,2015-03-01,0,25,175,44,0,244
SANTA ROSA DEL SARA,"anticoncepcion, prevencion de its y de cancer de cuello uterino",diu: usuarias nuevas,2015-03-01,0,0,1,0,0,1
SANTIVAÃ‘ES,"anticoncepcion, prevencion de its y de cancer de cuello uterino",diu: usuarias nuevas,2015-03-01,0,1,0,0,0,1
SIPE SIPE,"anticoncepcion, prevencion de its y de cancer de cuello uterino",diu: usuarias nuevas,2015-03-01,0,3,6,1,0,10
SUCRE,"anticoncepcion, prevencion de its y de cancer de cuello uterino",diu: usuarias nuevas,2015-03-01,0,6,54,6,0,66
TACACOMA,"anticoncepcion, prevencion de its y de cancer de cuello uterino",diu: usuarias nuevas,2015-03-01,0,0,1,0,0,1
TARIJA,"anticoncepcion, prevencion de its y de cancer de cuello uterino",diu: usuarias nuevas,2015-03-01,0,4,26,19,1,50
TEOPONTE,"anticoncepcion, prevencion de its y de cancer de cuello uterino",diu: usuarias nuevas,2015-03-01,0,0,1,0,0,1
TIQUIPAYA,"anticoncepcion, prevencion de its y de cancer de cuello uterino",diu: usuarias nuevas,2015-03-01,0,2,7,1,0,10
TOLATA,"anticoncepcion, prevencion de its y de cancer de cuello uterino",diu: usuarias nuevas,2015-03-01,0,0,0,2,0,2
TORO TORO,"anticoncepcion, prevencion de its y de cancer de cuello uterino",diu: usuarias nuevas,2015-03-01,0,1,1,0,0,2
TOTORA(CBBA),"anticoncepcion, prevencion de its y de cancer de cuello uterino",diu: usuarias nuevas,2015-03-01,0,0,1,0,0,1
TRINIDAD,"anticoncepcion, prevencion de its y de cancer de cuello uterino",diu: usuarias nuevas,2015-03-01,1,4,12,0,0,17
TUPIZA,"anticoncepcion, prevencion de its y de cancer de cuello uterino",diu: usuarias nuevas,2015-03-01,0,1,6,2,0,9
URIONDO (A. CONCEPCION),"anticoncepcion, prevencion de its y de cancer de cuello uterino",diu: usuarias nuevas,2015-03-01,0,0,1,0,0,1
UYUNI,"anticoncepcion, prevencion de its y de cancer de cuello uterino",diu: usuarias nuevas,2015-03-01,0,0,1,0,0,1
VALLEGRANDE,"anticoncepcion, prevencion de its y de cancer de cuello uterino",diu: usuarias nuevas,2015-03-01,0,1,0,0,0,1
VIACHA,"anticoncepcion, prevencion de its y de cancer de cuello uterino",diu: usuarias nuevas,2015-03-01,0,1,0,0,0,1
VILLA CHARCAS,"anticoncepcion, prevencion de its y de cancer de cuello uterino",diu: usuarias nuevas,2015-03-01,0,0,1,0,0,1
VILLA MONTES,"anticoncepcion, prevencion de its y de cancer de cuello uterino",diu: usuarias nuevas,2015-03-01,0,0,1,2,0,3
VILLA SERRANO,"anticoncepcion, prevencion de its y de cancer de cuello uterino",diu: usuarias nuevas,2015-03-01,0,0,0,1,0,1
VILLA TUNARI,"anticoncepcion, prevencion de its y de cancer de cuello uterino",diu: usuarias nuevas,2015-03-01,0,0,5,1,0,6
VILLA VACA GUZMAN (MUYUPAMPA),"anticoncepcion, prevencion de its y de cancer de cuello uterino",diu: usuarias nuevas,2015-03-01,0,0,1,0,0,1
VILLAZON,"anticoncepcion, prevencion de its y de cancer de cuello uterino",diu: usuarias nuevas,2015-03-01,0,1,0,0,0,1
VINTO,"anticoncepcion, prevencion de its y de cancer de cuello uterino",diu: usuarias nuevas,2015-03-01,0,0,7,0,0,7
WARNES,"anticoncepcion, prevencion de its y de cancer de cuello uterino",diu: usuarias nuevas,2015-03-01,0,1,8,0,0,9
YACUIBA,"anticoncepcion, prevencion de its y de cancer de cuello uterino",diu: usuarias nuevas,2015-03-01,0,2,4,0,0,6
ZUDAÃ‘EZ,"anticoncepcion, prevencion de its y de cancer de cuello uterino",diu: usuarias nuevas,2015-03-01,0,0,1,0,0,1
AIQUILE,"anticoncepcion, prevencion de its y de cancer de cuello uterino",diu: usuarias nuevas,2015-04-01,0,1,2,0,0,3
ANZALDO,"anticoncepcion, prevencion de its y de cancer de cuello uterino",diu: usuarias nuevas,2015-04-01,0,0,1,0,0,1
ASCENCION DE GUARAYOS,"anticoncepcion, prevencion de its y de cancer de cuello uterino",diu: usuarias nuevas,2015-04-01,0,0,2,0,0,2
AYOPAYA (V. DE INDEPENDENCIA),"anticoncepcion, prevencion de its y de cancer de cuello uterino",diu: usuarias nuevas,2015-04-01,0,0,2,0,0,2
BERMEJO,"anticoncepcion, prevencion de its y de cancer de cuello uterino",diu: usuarias nuevas,2015-04-01,0,4,6,1,0,11
BETANZOS,"anticoncepcion, prevencion de its y de cancer de cuello uterino",diu: usuarias nuevas,2015-04-01,0,0,1,0,0,1
BUENA VISTA,"anticoncepcion, prevencion de its y de cancer de cuello uterino",diu: usuarias nuevas,2015-04-01,0,0,1,0,0,1
CAMARGO,"anticoncepcion, prevencion de its y de cancer de cuello uterino",diu: usuarias nuevas,2015-04-01,0,0,1,0,0,1
CAMIRI,"anticoncepcion, prevencion de its y de cancer de cuello uterino",diu: usuarias nuevas,2015-04-01,0,0,3,0,0,3
CAPINOTA,"anticoncepcion, prevencion de its y de cancer de cuello uterino",diu: usuarias nuevas,2015-04-01,0,2,2,1,0,5
CHARAGUA,"anticoncepcion, prevencion de its y de cancer de cuello uterino",diu: usuarias nuevas,2015-04-01,0,0,1,0,0,1
CHIMORE,"anticoncepcion, prevencion de its y de cancer de cuello uterino",diu: usuarias nuevas,2015-04-01,0,0,1,1,0,2
CHIPAYA,"anticoncepcion, prevencion de its y de cancer de cuello uterino",diu: usuarias nuevas,2015-04-01,0,1,0,0,0,1
CHUQUIHUTA AYLLU JUCUMANI,"anticoncepcion, prevencion de its y de cancer de cuello uterino",diu: usuarias nuevas,2015-04-01,0,0,1,0,0,1
COBIJA,"anticoncepcion, prevencion de its y de cancer de cuello uterino",diu: usuarias nuevas,2015-04-01,0,0,2,0,0,2
COCHABAMBA,"anticoncepcion, prevencion de its y de cancer de cuello uterino",diu: usuarias nuevas,2015-04-01,1,8,120,44,0,173
COLCAPIRHUA,"anticoncepcion, prevencion de its y de cancer de cuello uterino",diu: usuarias nuevas,2015-04-01,0,0,2,0,0,2
COLPA BELGICA,"anticoncepcion, prevencion de its y de cancer de cuello uterino",diu: usuarias nuevas,2015-04-01,0,0,1,0,0,1
COTOCA,"anticoncepcion, prevencion de its y de cancer de cuello uterino",diu: usuarias nuevas,2015-04-01,0,0,3,0,0,3
CULPINA,"anticoncepcion, prevencion de its y de cancer de cuello uterino",diu: usuarias nuevas,2015-04-01,0,0,0,1,0,1
EL ALTO,"anticoncepcion, prevencion de its y de cancer de cuello uterino",diu: usuarias nuevas,2015-04-01,0,3,44,30,3,80
EL PUENTE(TJA),"anticoncepcion, prevencion de its y de cancer de cuello uterino",diu: usuarias nuevas,2015-04-01,0,0,1,0,0,1
EL TORNO,"anticoncepcion, prevencion de its y de cancer de cuello uterino",diu: usuarias nuevas,2015-04-01,0,1,2,0,0,3
ENTRE RIOS TRJ,"anticoncepcion, prevencion de its y de cancer de cuello uterino",diu: usuarias nuevas,2015-04-01,0,0,3,0,0,3
GENERAL SAAVEDRA,"anticoncepcion, prevencion de its y de cancer de cuello uterino",diu: usuarias nuevas,2015-04-01,0,0,1,0,0,1
GUAQUI,"anticoncepcion, prevencion de its y de cancer de cuello uterino",diu: usuarias nuevas,2015-04-01,0,0,1,0,0,1
GUAYARAMERIN,"anticoncepcion, prevencion de its y de cancer de cuello uterino",diu: usuarias nuevas,2015-04-01,0,1,0,0,0,1
HUANUNI,"anticoncepcion, prevencion de its y de cancer de cuello uterino",diu: usuarias nuevas,2015-04-01,0,0,1,0,0,1
LA GUARDIA,"anticoncepcion, prevencion de its y de cancer de cuello uterino",diu: usuarias nuevas,2015-04-01,0,2,5,2,0,9
LA PAZ,"anticoncepcion, prevencion de its y de cancer de cuello uterino",diu: usuarias nuevas,2015-04-01,0,22,89,22,0,133
LLALLAGUA,"anticoncepcion, prevencion de its y de cancer de cuello uterino",diu: usuarias nuevas,2015-04-01,0,0,4,1,0,5
MAPIRI,"anticoncepcion, prevencion de its y de cancer de cuello uterino",diu: usuarias nuevas,2015-04-01,0,0,1,1,0,2
MECAPACA,"anticoncepcion, prevencion de its y de cancer de cuello uterino",diu: usuarias nuevas,2015-04-01,0,1,0,1,0,2
MINEROS,"anticoncepcion, prevencion de its y de cancer de cuello uterino",diu: usuarias nuevas,2015-04-01,0,1,0,0,0,1
MIZQUE,"anticoncepcion, prevencion de its y de cancer de cuello uterino",diu: usuarias nuevas,2015-04-01,0,0,0,2,0,2
MONTEAGUDO,"anticoncepcion, prevencion de its y de cancer de cuello uterino",diu: usuarias nuevas,2015-04-01,0,1,4,0,0,5
MONTERO,"anticoncepcion, prevencion de its y de cancer de cuello uterino",diu: usuarias nuevas,2015-04-01,0,0,7,2,0,9
ORURO,"anticoncepcion, prevencion de its y de cancer de cuello uterino",diu: usuarias nuevas,2015-04-01,0,0,17,8,0,25
PADCAYA,"anticoncepcion, prevencion de its y de cancer de cuello uterino",diu: usuarias nuevas,2015-04-01,0,0,2,1,0,3
PAILON,"anticoncepcion, prevencion de its y de cancer de cuello uterino",diu: usuarias nuevas,2015-04-01,0,0,0,1,1,2
PAMPA GRANDE,"anticoncepcion, prevencion de its y de cancer de cuello uterino",diu: usuarias nuevas,2015-04-01,0,0,1,1,0,2
PATACAMAYA,"anticoncepcion, prevencion de its y de cancer de cuello uterino",diu: usuarias nuevas,2015-04-01,0,0,0,1,0,1
POJO (CBBA),"anticoncepcion, prevencion de its y de cancer de cuello uterino",diu: usuarias nuevas,2015-04-01,0,0,1,1,0,2
PORTACHUELO,"anticoncepcion, prevencion de its y de cancer de cuello uterino",diu: usuarias nuevas,2015-04-01,0,0,3,0,0,3
POTOSI,"anticoncepcion, prevencion de its y de cancer de cuello uterino",diu: usuarias nuevas,2015-04-01,0,1,5,1,0,7
PUERTO SUAREZ,"anticoncepcion, prevencion de its y de cancer de cuello uterino",diu: usuarias nuevas,2015-04-01,0,1,2,0,0,3
PUERTO VILLARROEL,"anticoncepcion, prevencion de its y de cancer de cuello uterino",diu: usuarias nuevas,2015-04-01,0,0,2,0,0,2
PUNATA,"anticoncepcion, prevencion de its y de cancer de cuello uterino",diu: usuarias nuevas,2015-04-01,0,0,4,0,0,4
QUIABAYA,"anticoncepcion, prevencion de its y de cancer de cuello uterino",diu: usuarias nuevas,2015-04-01,0,0,2,0,0,2
QUILLACOLLO,"anticoncepcion, prevencion de its y de cancer de cuello uterino",diu: usuarias nuevas,2015-04-01,0,1,4,0,0,5
REYES,"anticoncepcion, prevencion de its y de cancer de cuello uterino",diu: usuarias nuevas,2015-04-01,0,0,1,1,0,2
RIBERALTA,"anticoncepcion, prevencion de its y de cancer de cuello uterino",diu: usuarias nuevas,2015-04-01,0,2,2,4,0,8
RURRENABAQUE,"anticoncepcion, prevencion de its y de cancer de cuello uterino",diu: usuarias nuevas,2015-04-01,0,0,1,0,0,1
SACABA,"anticoncepcion, prevencion de its y de cancer de cuello uterino",diu: usuarias nuevas,2015-04-01,0,1,11,1,0,13
SACABAMBA,"anticoncepcion, prevencion de its y de cancer de cuello uterino",diu: usuarias nuevas,2015-04-01,0,0,2,0,0,2
SAIPINA,"anticoncepcion, prevencion de its y de cancer de cuello uterino",diu: usuarias nuevas,2015-04-01,0,0,1,0,0,1
SAMAIPATA,"anticoncepcion, prevencion de its y de cancer de cuello uterino",diu: usuarias nuevas,2015-04-01,0,1,0,0,0,1
SAN BORJA,"anticoncepcion, prevencion de its y de cancer de cuello uterino",diu: usuarias nuevas,2015-04-01,0,1,3,2,0,6
SAN CARLOS,"anticoncepcion, prevencion de its y de cancer de cuello uterino",diu: usuarias nuevas,2015-04-01,0,1,1,0,0,2
SAN IGNACIO,"anticoncepcion, prevencion de its y de cancer de cuello uterino",diu: usuarias nuevas,2015-04-01,1,2,0,0,0,3
SAN JAVIER(STC),"anticoncepcion, prevencion de its y de cancer de cuello uterino",diu: usuarias nuevas,2015-04-01,0,0,1,1,0,2
SAN JOSE DE CHIQUITOS,"anticoncepcion, prevencion de its y de cancer de cuello uterino",diu: usuarias nuevas,2015-04-01,0,1,1,0,0,2
SAN LORENZO(TJA),"anticoncepcion, prevencion de its y de cancer de cuello uterino",diu: usuarias nuevas,2015-04-01,0,0,3,0,0,3
SAN RAFAEL,"anticoncepcion, prevencion de its y de cancer de cuello uterino",diu: usuarias nuevas,2015-04-01,0,0,0,1,0,1
SAN RAMON SCZ,"anticoncepcion, prevencion de its y de cancer de cuello uterino",diu: usuarias nuevas,2015-04-01,0,1,0,0,0,1
SANTA ANA,"anticoncepcion, prevencion de its y de cancer de cuello uterino",diu: usuarias nuevas,2015-04-01,0,0,2,0,0,2
SANTA CRUZ DE LA SIERRA,"anticoncepcion, prevencion de its y de cancer de cuello uterino",diu: usuarias nuevas,2015-04-01,0,11,197,51,0,259
SANTA ROSA DEL SARA,"anticoncepcion, prevencion de its y de cancer de cuello uterino",diu: usuarias nuevas,2015-04-01,0,0,1,0,0,1
SANTIVAÃ‘ES,"anticoncepcion, prevencion de its y de cancer de cuello uterino",diu: usuarias nuevas,2015-04-01,0,0,2,0,0,2
SIPE SIPE,"anticoncepcion, prevencion de its y de cancer de cuello uterino",diu: usuarias nuevas,2015-04-01,0,2,7,1,0,10
SUCRE,"anticoncepcion, prevencion de its y de cancer de cuello uterino",diu: usuarias nuevas,2015-04-01,0,2,49,16,0,67
TARIJA,"anticoncepcion, prevencion de its y de cancer de cuello uterino",diu: usuarias nuevas,2015-04-01,0,6,31,9,0,46
TIPUANI,"anticoncepcion, prevencion de its y de cancer de cuello uterino",diu: usuarias nuevas,2015-04-01,0,0,1,0,0,1
TIQUIPAYA,"anticoncepcion, prevencion de its y de cancer de cuello uterino",diu: usuarias nuevas,2015-04-01,0,1,7,3,0,11
TOTORA(CBBA),"anticoncepcion, prevencion de its y de cancer de cuello uterino",diu: usuarias nuevas,2015-04-01,0,0,1,0,0,1
TRINIDAD,"anticoncepcion, prevencion de its y de cancer de cuello uterino",diu: usuarias nuevas,2015-04-01,0,4,12,0,0,16
TUPIZA,"anticoncepcion, prevencion de its y de cancer de cuello uterino",diu: usuarias nuevas,2015-04-01,0,1,4,1,0,6
URIONDO (A. CONCEPCION),"anticoncepcion, prevencion de its y de cancer de cuello uterino",diu: usuarias nuevas,2015-04-01,0,1,2,0,0,3
VIACHA,"anticoncepcion, prevencion de its y de cancer de cuello uterino",diu: usuarias nuevas,2015-04-01,0,0,1,0,0,1
VILLA MONTES,"anticoncepcion, prevencion de its y de cancer de cuello uterino",diu: usuarias nuevas,2015-04-01,0,1,6,1,0,8
VILLA RIVERO,"anticoncepcion, prevencion de its y de cancer de cuello uterino",diu: usuarias nuevas,2015-04-01,0,0,1,0,0,1
VILLA TUNARI,"anticoncepcion, prevencion de its y de cancer de cuello uterino",diu: usuarias nuevas,2015-04-01,0,0,3,1,0,4
VILLA VACA GUZMAN (MUYUPAMPA),"anticoncepcion, prevencion de its y de cancer de cuello uterino",diu: usuarias nuevas,2015-04-01,0,0,1,0,0,1
VILLAZON,"anticoncepcion, prevencion de its y de cancer de cuello uterino",diu: usuarias nuevas,2015-04-01,0,0,3,0,0,3
VINTO,"anticoncepcion, prevencion de its y de cancer de cuello uterino",diu: usuarias nuevas,2015-04-01,0,0,0,4,0,4
WARNES,"anticoncepcion, prevencion de its y de cancer de cuello uterino",diu: usuarias nuevas,2015-04-01,0,5,6,3,0,14
YACUIBA,"anticoncepcion, prevencion de its y de cancer de cuello uterino",diu: usuarias nuevas,2015-04-01,1,2,8,3,0,14
ACHACACHI,"anticoncepcion, prevencion de its y de cancer de cuello uterino",diu: usuarias nuevas,2015-05-01,0,0,1,0,0,1
AIQUILE,"anticoncepcion, prevencion de its y de cancer de cuello uterino",diu: usuarias nuevas,2015-05-01,0,1,2,0,0,3
BAURES,"anticoncepcion, prevencion de its y de cancer de cuello uterino",diu: usuarias nuevas,2015-05-01,0,1,0,0,0,1
BERMEJO,"anticoncepcion, prevencion de its y de cancer de cuello uterino",diu: usuarias nuevas,2015-05-01,0,1,2,0,0,3
BETANZOS,"anticoncepcion, prevencion de its y de cancer de cuello uterino",diu: usuarias nuevas,2015-05-01,0,0,1,0,0,1
BUENA VISTA,"anticoncepcion, prevencion de its y de cancer de cuello uterino",diu: usuarias nuevas,2015-05-01,0,0,1,0,0,1
CAMARGO,"anticoncepcion, prevencion de its y de cancer de cuello uterino",diu: usuarias nuevas,2015-05-01,0,0,2,0,0,2
CAPINOTA,"anticoncepcion, prevencion de its y de cancer de cuello uterino",diu: usuarias nuevas,2015-05-01,0,0,1,0,0,1
CHIMORE,"anticoncepcion, prevencion de its y de cancer de cuello uterino",diu: usuarias nuevas,2015-05-01,0,0,1,0,0,1
CHUQUIHUTA AYLLU JUCUMANI,"anticoncepcion, prevencion de its y de cancer de cuello uterino",diu: usuarias nuevas,2015-05-01,0,0,1,0,0,1
CKOCHAS,"anticoncepcion, prevencion de its y de cancer de cuello uterino",diu: usuarias nuevas,2015-05-01,0,0,0,1,0,1
CLIZA,"anticoncepcion, prevencion de its y de cancer de cuello uterino",diu: usuarias nuevas,2015-05-01,0,0,1,1,0,2
COBIJA,"anticoncepcion, prevencion de its y de cancer de cuello uterino",diu: usuarias nuevas,2015-05-01,0,0,1,1,0,2
COCHABAMBA,"anticoncepcion, prevencion de its y de cancer de cuello uterino",diu: usuarias nuevas,2015-05-01,0,18,144,11,0,173
COLCAPIRHUA,"anticoncepcion, prevencion de its y de cancer de cuello uterino",diu: usuarias nuevas,2015-05-01,0,1,3,1,0,5
COLPA BELGICA,"anticoncepcion, prevencion de its y de cancer de cuello uterino",diu: usuarias nuevas,2015-05-01,0,1,1,0,0,2
CONCEPCION,"anticoncepcion, prevencion de its y de cancer de cuello uterino",diu: usuarias nuevas,2015-05-01,0,1,2,1,0,4
CORIPATA,"anticoncepcion, prevencion de its y de cancer de cuello uterino",diu: usuarias nuevas,2015-05-01,0,0,1,0,0,1
CORQUE,"anticoncepcion, prevencion de its y de cancer de cuello uterino",diu: usuarias nuevas,2015-05-01,0,0,1,0,0,1
COTOCA,"anticoncepcion, prevencion de its y de cancer de cuello uterino",diu: usuarias nuevas,2015-05-01,0,0,1,0,0,1
EL ALTO,"anticoncepcion, prevencion de its y de cancer de cuello uterino",diu: usuarias nuevas,2015-05-01,0,5,51,39,0,95
EL TORNO,"anticoncepcion, prevencion de its y de cancer de cuello uterino",diu: usuarias nuevas,2015-05-01,0,2,11,0,0,13
ENTRE RIOS TRJ,"anticoncepcion, prevencion de its y de cancer de cuello uterino",diu: usuarias nuevas,2015-05-01,0,0,0,1,0,1
GENERAL SAAVEDRA,"anticoncepcion, prevencion de its y de cancer de cuello uterino",diu: usuarias nuevas,2015-05-01,0,1,1,2,0,4
GUAYARAMERIN,"anticoncepcion, prevencion de its y de cancer de cuello uterino",diu: usuarias nuevas,2015-05-01,0,1,0,0,0,1
HUACARETA,"anticoncepcion, prevencion de its y de cancer de cuello uterino",diu: usuarias nuevas,2015-05-01,0,0,1,0,0,1
HUANUNI,"anticoncepcion, prevencion de its y de cancer de cuello uterino",diu: usuarias nuevas,2015-05-01,0,0,1,0,0,1
IRUPANA (VILLA DE LANZA),"anticoncepcion, prevencion de its y de cancer de cuello uterino",diu: usuarias nuevas,2015-05-01,0,0,2,0,0,2
LA GUARDIA,"anticoncepcion, prevencion de its y de cancer de cuello uterino",diu: usuarias nuevas,2015-05-01,0,0,6,0,0,6
LA PAZ,"anticoncepcion, prevencion de its y de cancer de cuello uterino",diu: usuarias nuevas,2015-05-01,0,41,101,24,0,166
LAGUNILLAS,"anticoncepcion, prevencion de its y de cancer de cuello uterino",diu: usuarias nuevas,2015-05-01,0,0,1,0,0,1
MAIRANA,"anticoncepcion, prevencion de its y de cancer de cuello uterino",diu: usuarias nuevas,2015-05-01,0,1,0,0,0,1
MIZQUE,"anticoncepcion, prevencion de its y de cancer de cuello uterino",diu: usuarias nuevas,2015-05-01,0,1,0,2,0,3
MONTEAGUDO,"anticoncepcion, prevencion de its y de cancer de cuello uterino",diu: usuarias nuevas,2015-05-01,0,1,4,2,0,7
MONTERO,"anticoncepcion, prevencion de its y de cancer de cuello uterino",diu: usuarias nuevas,2015-05-01,0,3,3,2,0,8
ORURO,"anticoncepcion, prevencion de its y de cancer de cuello uterino",diu: usuarias nuevas,2015-05-01,0,5,23,11,0,39
PADCAYA,"anticoncepcion, prevencion de its y de cancer de cuello uterino",diu: usuarias nuevas,2015-05-01,0,1,1,1,0,3
PADILLA,"anticoncepcion, prevencion de its y de cancer de cuello uterino",diu: usuarias nuevas,2015-05-01,0,0,0,1,0,1
PAMPA GRANDE,"anticoncepcion, prevencion de its y de cancer de cuello uterino",diu: usuarias nuevas,2015-05-01,0,0,2,0,0,2
PORONGO,"anticoncepcion, prevencion de its y de cancer de cuello uterino",diu: usuarias nuevas,2015-05-01,0,0,1,0,0,1
PORTACHUELO,"anticoncepcion, prevencion de its y de cancer de cuello uterino",diu: usuarias nuevas,2015-05-01,0,1,1,0,0,2
POTOSI,"anticoncepcion, prevencion de its y de cancer de cuello uterino",diu: usuarias nuevas,2015-05-01,0,2,4,18,0,24
PUERTO SUAREZ,"anticoncepcion, prevencion de its y de cancer de cuello uterino",diu: usuarias nuevas,2015-05-01,0,1,6,0,0,7
PUERTO VILLARROEL,"anticoncepcion, prevencion de its y de cancer de cuello uterino",diu: usuarias nuevas,2015-05-01,0,2,2,1,0,5
PUNA,"anticoncepcion, prevencion de its y de cancer de cuello uterino",diu: usuarias nuevas,2015-05-01,0,0,1,0,0,1
PUNATA,"anticoncepcion, prevencion de its y de cancer de cuello uterino",diu: usuarias nuevas,2015-05-01,0,0,2,2,0,4
QUIABAYA,"anticoncepcion, prevencion de its y de cancer de cuello uterino",diu: usuarias nuevas,2015-05-01,0,0,1,0,0,1
QUILLACOLLO,"anticoncepcion, prevencion de its y de cancer de cuello uterino",diu: usuarias nuevas,2015-05-01,0,1,3,2,0,6
REYES,"anticoncepcion, prevencion de its y de cancer de cuello uterino",diu: usuarias nuevas,2015-05-01,0,0,1,0,0,1
RIBERALTA,"anticoncepcion, prevencion de its y de cancer de cuello uterino",diu: usuarias nuevas,2015-05-01,0,0,1,0,0,1
ROBORE,"anticoncepcion, prevencion de its y de cancer de cuello uterino",diu: usuarias nuevas,2015-05-01,0,0,2,0,0,2
RURRENABAQUE,"anticoncepcion, prevencion de its y de cancer de cuello uterino",diu: usuarias nuevas,2015-05-01,0,0,1,0,0,1
SACABA,"anticoncepcion, prevencion de its y de cancer de cuello uterino",diu: usuarias nuevas,2015-05-01,0,3,10,3,0,16
SACACA,"anticoncepcion, prevencion de its y de cancer de cuello uterino",diu: usuarias nuevas,2015-05-01,0,0,0,1,0,1
SAN BORJA,"anticoncepcion, prevencion de its y de cancer de cuello uterino",diu: usuarias nuevas,2015-05-01,0,1,3,3,0,7
SAN CARLOS,"anticoncepcion, prevencion de its y de cancer de cuello uterino",diu: usuarias nuevas,2015-05-01,0,0,2,0,0,2
SAN IGNACIO,"anticoncepcion, prevencion de its y de cancer de cuello uterino",diu: usuarias nuevas,2015-05-01,0,1,3,0,0,4
SAN IGNACIO DE VELASCO,"anticoncepcion, prevencion de its y de cancer de cuello uterino",diu: usuarias nuevas,2015-05-01,0,0,1,0,0,1
SAN LORENZO(TJA),"anticoncepcion, prevencion de its y de cancer de cuello uterino",diu: usuarias nuevas,2015-05-01,0,0,2,1,0,3
SAN LUCAS,"anticoncepcion, prevencion de its y de cancer de cuello uterino",diu: usuarias nuevas,2015-05-01,0,0,0,1,0,1
SAN RAMON SCZ,"anticoncepcion, prevencion de its y de cancer de cuello uterino",diu: usuarias nuevas,2015-05-01,0,0,0,2,0,2
SANTA ANA,"anticoncepcion, prevencion de its y de cancer de cuello uterino",diu: usuarias nuevas,2015-05-01,0,2,3,1,0,6
SANTA CRUZ DE LA SIERRA,"anticoncepcion, prevencion de its y de cancer de cuello uterino",diu: usuarias nuevas,2015-05-01,0,15,152,38,0,205
SANTIVAÃ‘ES,"anticoncepcion, prevencion de its y de cancer de cuello uterino",diu: usuarias nuevas,2015-05-01,0,0,1,0,0,1
SIPE SIPE,"anticoncepcion, prevencion de its y de cancer de cuello uterino",diu: usuarias nuevas,2015-05-01,0,0,3,2,0,5
SUCRE,"anticoncepcion, prevencion de its y de cancer de cuello uterino",diu: usuarias nuevas,2015-05-01,0,5,44,9,0,58
TARATA,"anticoncepcion, prevencion de its y de cancer de cuello uterino",diu: usuarias nuevas,2015-05-01,0,0,1,0,0,1
TARIJA,"anticoncepcion, prevencion de its y de cancer de cuello uterino",diu: usuarias nuevas,2015-05-01,0,4,26,13,0,43
TARVITA,"anticoncepcion, prevencion de its y de cancer de cuello uterino",diu: usuarias nuevas,2015-05-01,0,0,1,0,0,1
TIQUIPAYA,"anticoncepcion, prevencion de its y de cancer de cuello uterino",diu: usuarias nuevas,2015-05-01,0,0,3,1,0,4
TORO TORO,"anticoncepcion, prevencion de its y de cancer de cuello uterino",diu: usuarias nuevas,2015-05-01,0,0,1,0,0,1
TRINIDAD,"anticoncepcion, prevencion de its y de cancer de cuello uterino",diu: usuarias nuevas,2015-05-01,1,2,6,0,0,9
TUPIZA,"anticoncepcion, prevencion de its y de cancer de cuello uterino",diu: usuarias nuevas,2015-05-01,0,2,3,2,0,7
URIONDO (A. CONCEPCION),"anticoncepcion, prevencion de its y de cancer de cuello uterino",diu: usuarias nuevas,2015-05-01,0,1,0,0,0,1
UYUNI,"anticoncepcion, prevencion de its y de cancer de cuello uterino",diu: usuarias nuevas,2015-05-01,0,1,1,1,0,3
VALLEGRANDE,"anticoncepcion, prevencion de its y de cancer de cuello uterino",diu: usuarias nuevas,2015-05-01,0,1,2,0,0,3
VILLA MONTES,"anticoncepcion, prevencion de its y de cancer de cuello uterino",diu: usuarias nuevas,2015-05-01,0,3,6,0,0,9
VILLA TUNARI,"anticoncepcion, prevencion de its y de cancer de cuello uterino",diu: usuarias nuevas,2015-05-01,0,0,1,3,0,4
VILLAZON,"anticoncepcion, prevencion de its y de cancer de cuello uterino",diu: usuarias nuevas,2015-05-01,0,0,5,0,0,5
VINTO,"anticoncepcion, prevencion de its y de cancer de cuello uterino",diu: usuarias nuevas,2015-05-01,0,1,0,0,0,1
WARNES,"anticoncepcion, prevencion de its y de cancer de cuello uterino",diu: usuarias nuevas,2015-05-01,0,1,1,0,0,2
YACUIBA,"anticoncepcion, prevencion de its y de cancer de cuello uterino",diu: usuarias nuevas,2015-05-01,0,1,6,0,0,7
ACHACACHI,"anticoncepcion, prevencion de its y de cancer de cuello uterino",diu: usuarias nuevas,2015-06-01,0,0,0,1,0,1
AIQUILE,"anticoncepcion, prevencion de its y de cancer de cuello uterino",diu: usuarias nuevas,2015-06-01,0,1,0,0,0,1
APOLO,"anticoncepcion, prevencion de its y de cancer de cuello uterino",diu: usuarias nuevas,2015-06-01,0,0,0,2,0,2
AYOPAYA (V. DE INDEPENDENCIA),"anticoncepcion, prevencion de its y de cancer de cuello uterino",diu: usuarias nuevas,2015-06-01,0,0,1,0,0,1
AZURDUY,"anticoncepcion, prevencion de its y de cancer de cuello uterino",diu: usuarias nuevas,2015-06-01,0,2,0,0,0,2
BELLA FLOR,"anticoncepcion, prevencion de its y de cancer de cuello uterino",diu: usuarias nuevas,2015-06-01,0,0,2,0,0,2
BERMEJO,"anticoncepcion, prevencion de its y de cancer de cuello uterino",diu: usuarias nuevas,2015-06-01,0,0,8,2,0,10
CAJUATA,"anticoncepcion, prevencion de its y de cancer de cuello uterino",diu: usuarias nuevas,2015-06-01,0,0,1,0,0,1
CAMARGO,"anticoncepcion, prevencion de its y de cancer de cuello uterino",diu: usuarias nuevas,2015-06-01,0,0,3,2,0,5
CARANAVI,"anticoncepcion, prevencion de its y de cancer de cuello uterino",diu: usuarias nuevas,2015-06-01,0,0,2,1,0,3
CARAPARI,"anticoncepcion, prevencion de its y de cancer de cuello uterino",diu: usuarias nuevas,2015-06-01,0,0,1,0,0,1
CHULUMANI (V. DE LA LIBERTAD),"anticoncepcion, prevencion de its y de cancer de cuello uterino",diu: usuarias nuevas,2015-06-01,0,0,1,0,0,1
CHUQUIHUTA AYLLU JUCUMANI,"anticoncepcion, prevencion de its y de cancer de cuello uterino",diu: usuarias nuevas,2015-06-01,0,0,1,0,0,1
CKOCHAS,"anticoncepcion, prevencion de its y de cancer de cuello uterino",diu: usuarias nuevas,2015-06-01,0,0,1,0,0,1
CLIZA,"anticoncepcion, prevencion de its y de cancer de cuello uterino",diu: usuarias nuevas,2015-06-01,0,0,3,1,0,4
COBIJA,"anticoncepcion, prevencion de its y de cancer de cuello uterino",diu: usuarias nuevas,2015-06-01,0,0,6,0,0,6
COCHABAMBA,"anticoncepcion, prevencion de its y de cancer de cuello uterino",diu: usuarias nuevas,2015-06-01,0,17,130,20,0,167
COLCAPIRHUA,"anticoncepcion, prevencion de its y de cancer de cuello uterino",diu: usuarias nuevas,2015-06-01,0,0,5,0,0,5
COMARAPA,"anticoncepcion, prevencion de its y de cancer de cuello uterino",diu: usuarias nuevas,2015-06-01,0,0,1,0,0,1
COTOCA,"anticoncepcion, prevencion de its y de cancer de cuello uterino",diu: usuarias nuevas,2015-06-01,0,0,3,0,0,3
CULPINA,"anticoncepcion, prevencion de its y de cancer de cuello uterino",diu: usuarias nuevas,2015-06-01,0,0,0,1,0,1
EL ALTO,"anticoncepcion, prevencion de its y de cancer de cuello uterino",diu: usuarias nuevas,2015-06-01,0,8,32,30,0,70
EL TORNO,"anticoncepcion, prevencion de its y de cancer de cuello uterino",diu: usuarias nuevas,2015-06-01,0,8,18,13,0,39
ENTRE RIOS TRJ,"anticoncepcion, prevencion de its y de cancer de cuello uterino",diu: usuarias nuevas,2015-06-01,0,1,2,0,0,3
ENTRE RIOS CBBA,"anticoncepcion, prevencion de its y de cancer de cuello uterino",diu: usuarias nuevas,2015-06-01,0,0,2,0,0,2
GRAL. J.J. PEREZ (CHARAZANI),"anticoncepcion, prevencion de its y de cancer de cuello uterino",diu: usuarias nuevas,2015-06-01,0,0,1,0,0,1
GUAQUI,"anticoncepcion, prevencion de its y de cancer de cuello uterino",diu: usuarias nuevas,2015-06-01,0,0,1,0,0,1
GUAYARAMERIN,"anticoncepcion, prevencion de its y de cancer de cuello uterino",diu: usuarias nuevas,2015-06-01,0,1,1,0,0,2
GUTIERREZ,"anticoncepcion, prevencion de its y de cancer de cuello uterino",diu: usuarias nuevas,2015-06-01,0,0,2,0,0,2
HUACARETA,"anticoncepcion, prevencion de its y de cancer de cuello uterino",diu: usuarias nuevas,2015-06-01,0,1,0,1,0,2
INCAHUASI,"anticoncepcion, prevencion de its y de cancer de cuello uterino",diu: usuarias nuevas,2015-06-01,0,0,0,1,0,1
IXIAMAS,"anticoncepcion, prevencion de its y de cancer de cuello uterino",diu: usuarias nuevas,2015-06-01,0,0,1,0,0,1
LA GUARDIA,"anticoncepcion, prevencion de its y de cancer de cuello uterino",diu: usuarias nuevas,2015-06-01,0,2,9,4,0,15
LA PAZ,"anticoncepcion, prevencion de its y de cancer de cuello uterino",diu: usuarias nuevas,2015-06-01,0,22,125,28,0,175
LAGUNILLAS,"anticoncepcion, prevencion de its y de cancer de cuello uterino",diu: usuarias nuevas,2015-06-01,0,0,1,0,0,1
LLALLAGUA,"anticoncepcion, prevencion de its y de cancer de cuello uterino",diu: usuarias nuevas,2015-06-01,0,0,2,0,0,2
MINEROS,"anticoncepcion, prevencion de its y de cancer de cuello uterino",diu: usuarias nuevas,2015-06-01,0,0,2,0,0,2
MIZQUE,"anticoncepcion, prevencion de its y de cancer de cuello uterino",diu: usuarias nuevas,2015-06-01,0,0,2,0,0,2
MONTEAGUDO,"anticoncepcion, prevencion de its y de cancer de cuello uterino",diu: usuarias nuevas,2015-06-01,0,0,2,0,0,2
MONTERO,"anticoncepcion, prevencion de its y de cancer de cuello uterino",diu: usuarias nuevas,2015-06-01,0,0,4,2,0,6
MOROCHATA,"anticoncepcion, prevencion de its y de cancer de cuello uterino",diu: usuarias nuevas,2015-06-01,0,0,1,0,0,1
ORURO,"anticoncepcion, prevencion de its y de cancer de cuello uterino",diu: usuarias nuevas,2015-06-01,0,0,14,11,0,25
PADCAYA,"anticoncepcion, prevencion de its y de cancer de cuello uterino",diu: usuarias nuevas,2015-06-01,0,0,1,0,0,1
PAILON,"anticoncepcion, prevencion de its y de cancer de cuello uterino",diu: usuarias nuevas,2015-06-01,0,1,1,0,0,2
PALOS BLANCOS,"anticoncepcion, prevencion de its y de cancer de cuello uterino",diu: usuarias nuevas,2015-06-01,0,0,1,0,0,1
PAMPA GRANDE,"anticoncepcion, prevencion de its y de cancer de cuello uterino",diu: usuarias nuevas,2015-06-01,0,1,2,0,0,3
POOPO,"anticoncepcion, prevencion de its y de cancer de cuello uterino",diu: usuarias nuevas,2015-06-01,0,0,1,0,0,1
PORTACHUELO,"anticoncepcion, prevencion de its y de cancer de cuello uterino",diu: usuarias nuevas,2015-06-01,0,0,1,0,0,1
POTOSI,"anticoncepcion, prevencion de its y de cancer de cuello uterino",diu: usuarias nuevas,2015-06-01,0,1,3,7,0,11
PUERTO SUAREZ,"anticoncepcion, prevencion de its y de cancer de cuello uterino",diu: usuarias nuevas,2015-06-01,0,0,2,0,0,2
PUERTO VILLARROEL,"anticoncepcion, prevencion de its y de cancer de cuello uterino",diu: usuarias nuevas,2015-06-01,0,1,2,0,0,3
PUNATA,"anticoncepcion, prevencion de its y de cancer de cuello uterino",diu: usuarias nuevas,2015-06-01,0,0,1,0,0,1
QUILLACOLLO,"anticoncepcion, prevencion de its y de cancer de cuello uterino",diu: usuarias nuevas,2015-06-01,0,2,4,6,0,12
REYES,"anticoncepcion, prevencion de its y de cancer de cuello uterino",diu: usuarias nuevas,2015-06-01,0,0,2,0,0,2
ROBORE,"anticoncepcion, prevencion de its y de cancer de cuello uterino",diu: usuarias nuevas,2015-06-01,0,2,3,0,0,5
RURRENABAQUE,"anticoncepcion, prevencion de its y de cancer de cuello uterino",diu: usuarias nuevas,2015-06-01,0,0,4,0,0,4
SACABA,"anticoncepcion, prevencion de its y de cancer de cuello uterino",diu: usuarias nuevas,2015-06-01,0,1,10,4,0,15
SAIPINA,"anticoncepcion, prevencion de its y de cancer de cuello uterino",diu: usuarias nuevas,2015-06-01,0,0,1,0,0,1
SAN ANDRES,"anticoncepcion, prevencion de its y de cancer de cuello uterino",diu: usuarias nuevas,2015-06-01,0,0,1,0,0,1
SAN BENITO,"anticoncepcion, prevencion de its y de cancer de cuello uterino",diu: usuarias nuevas,2015-06-01,0,0,1,0,0,1
SAN BORJA,"anticoncepcion, prevencion de its y de cancer de cuello uterino",diu: usuarias nuevas,2015-06-01,0,0,6,5,0,11
SAN CARLOS,"anticoncepcion, prevencion de its y de cancer de cuello uterino",diu: usuarias nuevas,2015-06-01,0,1,0,0,0,1
SAN IGNACIO DE VELASCO,"anticoncepcion, prevencion de its y de cancer de cuello uterino",diu: usuarias nuevas,2015-06-01,0,0,2,0,0,2
SAN JAVIER(STC),"anticoncepcion, prevencion de its y de cancer de cuello uterino",diu: usuarias nuevas,2015-06-01,0,0,1,1,0,2
SAN JULIAN,"anticoncepcion, prevencion de its y de cancer de cuello uterino",diu: usuarias nuevas,2015-06-01,0,1,0,0,0,1
SAN LORENZO(TJA),"anticoncepcion, prevencion de its y de cancer de cuello uterino",diu: usuarias nuevas,2015-06-01,0,0,3,1,0,4
SAN LUCAS,"anticoncepcion, prevencion de its y de cancer de cuello uterino",diu: usuarias nuevas,2015-06-01,0,0,2,0,0,2
SAN MIGUEL DE VELASCO,"anticoncepcion, prevencion de its y de cancer de cuello uterino",diu: usuarias nuevas,2015-06-01,0,0,1,0,0,1
SAN PEDRO,"anticoncepcion, prevencion de its y de cancer de cuello uterino",diu: usuarias nuevas,2015-06-01,0,0,1,0,0,1
SAN RAMON SCZ,"anticoncepcion, prevencion de its y de cancer de cuello uterino",diu: usuarias nuevas,2015-06-01,0,0,2,0,0,2
SANTA ANA,"anticoncepcion, prevencion de its y de cancer de cuello uterino",diu: usuarias nuevas,2015-06-01,0,2,3,0,0,5
SANTA CRUZ DE LA SIERRA,"anticoncepcion, prevencion de its y de cancer de cuello uterino",diu: usuarias nuevas,2015-06-01,2,16,172,40,0,230
SANTIVAÃ‘ES,"anticoncepcion, prevencion de its y de cancer de cuello uterino",diu: usuarias nuevas,2015-06-01,0,0,1,0,0,1
SIPE SIPE,"anticoncepcion, prevencion de its y de cancer de cuello uterino",diu: usuarias nuevas,2015-06-01,0,2,4,1,0,7
SUCRE,"anticoncepcion, prevencion de its y de cancer de cuello uterino",diu: usuarias nuevas,2015-06-01,0,4,36,10,0,50
TARIJA,"anticoncepcion, prevencion de its y de cancer de cuello uterino",diu: usuarias nuevas,2015-06-01,0,11,49,19,0,79
TIQUIPAYA,"anticoncepcion, prevencion de its y de cancer de cuello uterino",diu: usuarias nuevas,2015-06-01,0,0,8,1,0,9
TOMAVE,"anticoncepcion, prevencion de its y de cancer de cuello uterino",diu: usuarias nuevas,2015-06-01,0,0,1,0,0,1
TORO TORO,"anticoncepcion, prevencion de its y de cancer de cuello uterino",diu: usuarias nuevas,2015-06-01,0,2,1,0,0,3
TRINIDAD,"anticoncepcion, prevencion de its y de cancer de cuello uterino",diu: usuarias nuevas,2015-06-01,0,2,15,2,0,19
URIONDO (A. CONCEPCION),"anticoncepcion, prevencion de its y de cancer de cuello uterino",diu: usuarias nuevas,2015-06-01,0,2,0,1,0,3
VALLEGRANDE,"anticoncepcion, prevencion de its y de cancer de cuello uterino",diu: usuarias nuevas,2015-06-01,0,1,1,0,0,2
VILLA MONTES,"anticoncepcion, prevencion de its y de cancer de cuello uterino",diu: usuarias nuevas,2015-06-01,0,0,9,0,0,9
VILLA SERRANO,"anticoncepcion, prevencion de its y de cancer de cuello uterino",diu: usuarias nuevas,2015-06-01,0,0,1,0,0,1
VILLA TUNARI,"anticoncepcion, prevencion de its y de cancer de cuello uterino",diu: usuarias nuevas,2015-06-01,0,1,3,0,0,4
VILLAZON,"anticoncepcion, prevencion de its y de cancer de cuello uterino",diu: usuarias nuevas,2015-06-01,0,0,2,1,0,3
VINTO,"anticoncepcion, prevencion de its y de cancer de cuello uterino",diu: usuarias nuevas,2015-06-01,0,0,4,3,0,7
WARNES,"anticoncepcion, prevencion de its y de cancer de cuello uterino",diu: usuarias nuevas,2015-06-01,1,1,2,1,0,5
YACUIBA,"anticoncepcion, prevencion de its y de cancer de cuello uterino",diu: usuarias nuevas,2015-06-01,0,1,7,1,0,9
YAPACANI,"anticoncepcion, prevencion de its y de cancer de cuello uterino",diu: usuarias nuevas,2015-06-01,0,0,1,0,0,1
ACHACACHI,"anticoncepcion, prevencion de its y de cancer de cuello uterino",diu: usuarias nuevas,2015-07-01,0,0,2,0,0,2
ACHOCALLA,"anticoncepcion, prevencion de its y de cancer de cuello uterino",diu: usuarias nuevas,2015-07-01,0,0,1,0,0,1
AIQUILE,"anticoncepcion, prevencion de its y de cancer de cuello uterino",diu: usuarias nuevas,2015-07-01,0,0,2,1,0,3
ARANI,"anticoncepcion, prevencion de its y de cancer de cuello uterino",diu: usuarias nuevas,2015-07-01,0,0,1,0,0,1
AYOPAYA (V. DE INDEPENDENCIA),"anticoncepcion, prevencion de its y de cancer de cuello uterino",diu: usuarias nuevas,2015-07-01,0,0,3,1,0,4
AZURDUY,"anticoncepcion, prevencion de its y de cancer de cuello uterino",diu: usuarias nuevas,2015-07-01,0,0,1,0,0,1
BERMEJO,"anticoncepcion, prevencion de its y de cancer de cuello uterino",diu: usuarias nuevas,2015-07-01,0,0,2,0,0,2
BUENA VISTA,"anticoncepcion, prevencion de its y de cancer de cuello uterino",diu: usuarias nuevas,2015-07-01,0,0,1,0,0,1
CAMARGO,"anticoncepcion, prevencion de its y de cancer de cuello uterino",diu: usuarias nuevas,2015-07-01,0,2,3,0,0,5
CAMIRI,"anticoncepcion, prevencion de its y de cancer de cuello uterino",diu: usuarias nuevas,2015-07-01,0,2,1,2,0,5
CAPINOTA,"anticoncepcion, prevencion de its y de cancer de cuello uterino",diu: usuarias nuevas,2015-07-01,0,0,4,0,0,4
CARACOLLO,"anticoncepcion, prevencion de its y de cancer de cuello uterino",diu: usuarias nuevas,2015-07-01,0,0,1,0,0,1
CHIMORE,"anticoncepcion, prevencion de its y de cancer de cuello uterino",diu: usuarias nuevas,2015-07-01,0,0,1,0,0,1
CHIPAYA,"anticoncepcion, prevencion de its y de cancer de cuello uterino",diu: usuarias nuevas,2015-07-01,0,1,0,0,0,1
CHULUMANI (V. DE LA LIBERTAD),"anticoncepcion, prevencion de its y de cancer de cuello uterino",diu: usuarias nuevas,2015-07-01,0,0,0,1,0,1
CHUQUIHUTA AYLLU JUCUMANI,"anticoncepcion, prevencion de its y de cancer de cuello uterino",diu: usuarias nuevas,2015-07-01,0,0,1,1,0,2
CLIZA,"anticoncepcion, prevencion de its y de cancer de cuello uterino",diu: usuarias nuevas,2015-07-01,0,0,1,0,0,1
COBIJA,"anticoncepcion, prevencion de its y de cancer de cuello uterino",diu: usuarias nuevas,2015-07-01,0,1,1,0,0,2
COCHABAMBA,"anticoncepcion, prevencion de its y de cancer de cuello uterino",diu: usuarias nuevas,2015-07-01,0,19,220,34,0,273
COLCAPIRHUA,"anticoncepcion, prevencion de its y de cancer de cuello uterino",diu: usuarias nuevas,2015-07-01,0,1,4,0,0,5
COMARAPA,"anticoncepcion, prevencion de its y de cancer de cuello uterino",diu: usuarias nuevas,2015-07-01,0,0,1,0,0,1
CONCEPCION,"anticoncepcion, prevencion de its y de cancer de cuello uterino",diu: usuarias nuevas,2015-07-01,0,0,0,1,0,1
COTOCA,"anticoncepcion, prevencion de its y de cancer de cuello uterino",diu: usuarias nuevas,2015-07-01,0,2,2,0,0,4
CULPINA,"anticoncepcion, prevencion de its y de cancer de cuello uterino",diu: usuarias nuevas,2015-07-01,0,0,2,1,0,3
EL ALTO,"anticoncepcion, prevencion de its y de cancer de cuello uterino",diu: usuarias nuevas,2015-07-01,0,5,41,59,0,105
EL PUENTE(TJA),"anticoncepcion, prevencion de its y de cancer de cuello uterino",diu: usuarias nuevas,2015-07-01,0,0,1,0,0,1
EL TORNO,"anticoncepcion, prevencion de its y de cancer de cuello uterino",diu: usuarias nuevas,2015-07-01,1,2,6,5,0,14
ENTRE RIOS TRJ,"anticoncepcion, prevencion de its y de cancer de cuello uterino",diu: usuarias nuevas,2015-07-01,0,0,3,0,0,3
GUANAY,"anticoncepcion, prevencion de its y de cancer de cuello uterino",diu: usuarias nuevas,2015-07-01,0,1,0,0,0,1
GUAYARAMERIN,"anticoncepcion, prevencion de its y de cancer de cuello uterino",diu: usuarias nuevas,2015-07-01,0,1,3,0,0,4
IRUPANA (VILLA DE LANZA),"anticoncepcion, prevencion de its y de cancer de cuello uterino",diu: usuarias nuevas,2015-07-01,0,0,1,0,0,1
LA GUARDIA,"anticoncepcion, prevencion de its y de cancer de cuello uterino",diu: usuarias nuevas,2015-07-01,0,1,7,0,0,8
LA PAZ,"anticoncepcion, prevencion de its y de cancer de cuello uterino",diu: usuarias nuevas,2015-07-01,0,18,132,22,0,172
LLALLAGUA,"anticoncepcion, prevencion de its y de cancer de cuello uterino",diu: usuarias nuevas,2015-07-01,0,0,1,0,0,1
MAIRANA,"anticoncepcion, prevencion de its y de cancer de cuello uterino",diu: usuarias nuevas,2015-07-01,0,0,2,0,0,2
MINEROS,"anticoncepcion, prevencion de its y de cancer de cuello uterino",diu: usuarias nuevas,2015-07-01,0,0,1,0,0,1
MIZQUE,"anticoncepcion, prevencion de its y de cancer de cuello uterino",diu: usuarias nuevas,2015-07-01,0,0,1,0,0,1
MONTEAGUDO,"anticoncepcion, prevencion de its y de cancer de cuello uterino",diu: usuarias nuevas,2015-07-01,0,1,4,1,0,6
MONTERO,"anticoncepcion, prevencion de its y de cancer de cuello uterino",diu: usuarias nuevas,2015-07-01,0,1,6,0,0,7
OCURI,"anticoncepcion, prevencion de its y de cancer de cuello uterino",diu: usuarias nuevas,2015-07-01,0,0,2,0,0,2
ORURO,"anticoncepcion, prevencion de its y de cancer de cuello uterino",diu: usuarias nuevas,2015-07-01,0,1,24,8,0,33
PADCAYA,"anticoncepcion, prevencion de its y de cancer de cuello uterino",diu: usuarias nuevas,2015-07-01,0,1,5,0,0,6
PORONGO,"anticoncepcion, prevencion de its y de cancer de cuello uterino",diu: usuarias nuevas,2015-07-01,0,0,1,0,0,1
PORTACHUELO,"anticoncepcion, prevencion de its y de cancer de cuello uterino",diu: usuarias nuevas,2015-07-01,0,0,1,2,0,3
POSTRER VALLE,"anticoncepcion, prevencion de its y de cancer de cuello uterino",diu: usuarias nuevas,2015-07-01,0,1,0,0,0,1
POTOSI,"anticoncepcion, prevencion de its y de cancer de cuello uterino",diu: usuarias nuevas,2015-07-01,0,0,0,4,0,4
PUERTO SUAREZ,"anticoncepcion, prevencion de its y de cancer de cuello uterino",diu: usuarias nuevas,2015-07-01,0,0,2,2,0,4
PUERTO VILLARROEL,"anticoncepcion, prevencion de its y de cancer de cuello uterino",diu: usuarias nuevas,2015-07-01,0,1,2,0,0,3
PUNA,"anticoncepcion, prevencion de its y de cancer de cuello uterino",diu: usuarias nuevas,2015-07-01,0,0,1,0,0,1
PUNATA,"anticoncepcion, prevencion de its y de cancer de cuello uterino",diu: usuarias nuevas,2015-07-01,0,0,1,1,0,2
QUILLACOLLO,"anticoncepcion, prevencion de its y de cancer de cuello uterino",diu: usuarias nuevas,2015-07-01,0,2,9,3,0,14
REYES,"anticoncepcion, prevencion de its y de cancer de cuello uterino",diu: usuarias nuevas,2015-07-01,0,0,2,0,0,2
RIBERALTA,"anticoncepcion, prevencion de its y de cancer de cuello uterino",diu: usuarias nuevas,2015-07-01,0,0,3,0,0,3
ROBORE,"anticoncepcion, prevencion de its y de cancer de cuello uterino",diu: usuarias nuevas,2015-07-01,0,0,3,0,0,3
RURRENABAQUE,"anticoncepcion, prevencion de its y de cancer de cuello uterino",diu: usuarias nuevas,2015-07-01,0,0,0,2,0,2
SACABA,"anticoncepcion, prevencion de its y de cancer de cuello uterino",diu: usuarias nuevas,2015-07-01,0,1,11,3,0,15
SAMAIPATA,"anticoncepcion, prevencion de its y de cancer de cuello uterino",diu: usuarias nuevas,2015-07-01,0,0,0,1,0,1
SAN ANDRES,"anticoncepcion, prevencion de its y de cancer de cuello uterino",diu: usuarias nuevas,2015-07-01,0,0,1,0,0,1
SAN BORJA,"anticoncepcion, prevencion de its y de cancer de cuello uterino",diu: usuarias nuevas,2015-07-01,0,3,6,1,0,10
SAN BUENA VENTURA,"anticoncepcion, prevencion de its y de cancer de cuello uterino",diu: usuarias nuevas,2015-07-01,0,1,0,0,0,1
SAN CARLOS,"anticoncepcion, prevencion de its y de cancer de cuello uterino",diu: usuarias nuevas,2015-07-01,0,0,1,0,0,1
SAN IGNACIO,"anticoncepcion, prevencion de its y de cancer de cuello uterino",diu: usuarias nuevas,2015-07-01,0,0,3,1,0,4
SAN IGNACIO DE VELASCO,"anticoncepcion, prevencion de its y de cancer de cuello uterino",diu: usuarias nuevas,2015-07-01,0,0,0,1,0,1
SAN LORENZO(TJA),"anticoncepcion, prevencion de its y de cancer de cuello uterino",diu: usuarias nuevas,2015-07-01,0,0,2,0,0,2
SAN MATIAS,"anticoncepcion, prevencion de its y de cancer de cuello uterino",diu: usuarias nuevas,2015-07-01,0,0,1,0,0,1
SAN RAMON BENI,"anticoncepcion, prevencion de its y de cancer de cuello uterino",diu: usuarias nuevas,2015-07-01,0,0,1,0,0,1
SANTA ANA,"anticoncepcion, prevencion de its y de cancer de cuello uterino",diu: usuarias nuevas,2015-07-01,0,0,1,0,0,1
SANTA CRUZ DE LA SIERRA,"anticoncepcion, prevencion de its y de cancer de cuello uterino",diu: usuarias nuevas,2015-07-01,0,23,166,64,0,253
SANTA ROSA DEL SARA,"anticoncepcion, prevencion de its y de cancer de cuello uterino",diu: usuarias nuevas,2015-07-01,0,0,1,0,0,1
SANTIVAÃ‘ES,"anticoncepcion, prevencion de its y de cancer de cuello uterino",diu: usuarias nuevas,2015-07-01,0,0,1,0,0,1
SIPE SIPE,"anticoncepcion, prevencion de its y de cancer de cuello uterino",diu: usuarias nuevas,2015-07-01,0,0,5,0,0,5
SUCRE,"anticoncepcion, prevencion de its y de cancer de cuello uterino",diu: usuarias nuevas,2015-07-01,0,6,38,6,0,50
TARATA,"anticoncepcion, prevencion de its y de cancer de cuello uterino",diu: usuarias nuevas,2015-07-01,0,0,1,0,0,1
TARIJA,"anticoncepcion, prevencion de its y de cancer de cuello uterino",diu: usuarias nuevas,2015-07-01,0,10,37,28,4,79
TIQUIPAYA,"anticoncepcion, prevencion de its y de cancer de cuello uterino",diu: usuarias nuevas,2015-07-01,0,1,2,1,0,4
TORO TORO,"anticoncepcion, prevencion de its y de cancer de cuello uterino",diu: usuarias nuevas,2015-07-01,0,1,1,0,0,2
TRINIDAD,"anticoncepcion, prevencion de its y de cancer de cuello uterino",diu: usuarias nuevas,2015-07-01,0,0,19,1,0,20
TUPIZA,"anticoncepcion, prevencion de its y de cancer de cuello uterino",diu: usuarias nuevas,2015-07-01,0,0,4,0,0,4
VALLEGRANDE,"anticoncepcion, prevencion de its y de cancer de cuello uterino",diu: usuarias nuevas,2015-07-01,0,3,4,0,0,7
VIACHA,"anticoncepcion, prevencion de its y de cancer de cuello uterino",diu: usuarias nuevas,2015-07-01,0,0,5,1,0,6
VILLA MONTES,"anticoncepcion, prevencion de its y de cancer de cuello uterino",diu: usuarias nuevas,2015-07-01,0,2,3,1,0,6
VILLA SERRANO,"anticoncepcion, prevencion de its y de cancer de cuello uterino",diu: usuarias nuevas,2015-07-01,0,0,0,1,0,1
VILLA TUNARI,"anticoncepcion, prevencion de its y de cancer de cuello uterino",diu: usuarias nuevas,2015-07-01,0,1,4,3,0,8
VILLAZON,"anticoncepcion, prevencion de its y de cancer de cuello uterino",diu: usuarias nuevas,2015-07-01,0,1,1,1,0,3
VINTO,"anticoncepcion, prevencion de its y de cancer de cuello uterino",diu: usuarias nuevas,2015-07-01,0,0,3,1,0,4
WARNES,"anticoncepcion, prevencion de its y de cancer de cuello uterino",diu: usuarias nuevas,2015-07-01,0,0,1,1,0,2
YACUIBA,"anticoncepcion, prevencion de its y de cancer de cuello uterino",diu: usuarias nuevas,2015-07-01,0,1,7,2,0,10
YOTALA,"anticoncepcion, prevencion de its y de cancer de cuello uterino",diu: usuarias nuevas,2015-07-01,0,0,1,0,0,1
ACHACACHI,"anticoncepcion, prevencion de its y de cancer de cuello uterino",diu: usuarias nuevas,2015-08-01,0,0,1,1,0,2
AIQUILE,"anticoncepcion, prevencion de its y de cancer de cuello uterino",diu: usuarias nuevas,2015-08-01,0,0,2,1,0,3
ASCENCION DE GUARAYOS,"anticoncepcion, prevencion de its y de cancer de cuello uterino",diu: usuarias nuevas,2015-08-01,0,0,1,0,0,1
BERMEJO,"anticoncepcion, prevencion de its y de cancer de cuello uterino",diu: usuarias nuevas,2015-08-01,0,0,7,2,0,9
CAMARGO,"anticoncepcion, prevencion de its y de cancer de cuello uterino",diu: usuarias nuevas,2015-08-01,0,0,1,0,0,1
CAPINOTA,"anticoncepcion, prevencion de its y de cancer de cuello uterino",diu: usuarias nuevas,2015-08-01,0,0,0,2,0,2
CARANAVI,"anticoncepcion, prevencion de its y de cancer de cuello uterino",diu: usuarias nuevas,2015-08-01,0,1,3,0,0,4
CARAPARI,"anticoncepcion, prevencion de its y de cancer de cuello uterino",diu: usuarias nuevas,2015-08-01,0,2,0,0,0,2
CHIMORE,"anticoncepcion, prevencion de its y de cancer de cuello uterino",diu: usuarias nuevas,2015-08-01,0,0,1,0,0,1
CLIZA,"anticoncepcion, prevencion de its y de cancer de cuello uterino",diu: usuarias nuevas,2015-08-01,0,0,1,0,0,1
COBIJA,"anticoncepcion, prevencion de its y de cancer de cuello uterino",diu: usuarias nuevas,2015-08-01,0,0,1,0,0,1
COCHABAMBA,"anticoncepcion, prevencion de its y de cancer de cuello uterino",diu: usuarias nuevas,2015-08-01,0,11,169,27,0,207
COLCAPIRHUA,"anticoncepcion, prevencion de its y de cancer de cuello uterino",diu: usuarias nuevas,2015-08-01,0,0,3,1,0,4
COMARAPA,"anticoncepcion, prevencion de its y de cancer de cuello uterino",diu: usuarias nuevas,2015-08-01,0,0,1,1,0,2
COPACABANA,"anticoncepcion, prevencion de its y de cancer de cuello uterino",diu: usuarias nuevas,2015-08-01,0,1,0,0,0,1
COTAGAITA,"anticoncepcion, prevencion de its y de cancer de cuello uterino",diu: usuarias nuevas,2015-08-01,0,1,1,0,0,2
COTOCA,"anticoncepcion, prevencion de its y de cancer de cuello uterino",diu: usuarias nuevas,2015-08-01,0,1,4,1,0,6
CULPINA,"anticoncepcion, prevencion de its y de cancer de cuello uterino",diu: usuarias nuevas,2015-08-01,0,0,0,1,0,1
EL ALTO,"anticoncepcion, prevencion de its y de cancer de cuello uterino",diu: usuarias nuevas,2015-08-01,1,5,39,30,0,75
EL TORNO,"anticoncepcion, prevencion de its y de cancer de cuello uterino",diu: usuarias nuevas,2015-08-01,0,2,4,0,0,6
ENTRE RIOS TRJ,"anticoncepcion, prevencion de its y de cancer de cuello uterino",diu: usuarias nuevas,2015-08-01,0,0,2,1,0,3
GUANAY,"anticoncepcion, prevencion de its y de cancer de cuello uterino",diu: usuarias nuevas,2015-08-01,0,1,2,0,0,3
GUAYARAMERIN,"anticoncepcion, prevencion de its y de cancer de cuello uterino",diu: usuarias nuevas,2015-08-01,1,0,0,0,0,1
HUACARETA,"anticoncepcion, prevencion de its y de cancer de cuello uterino",diu: usuarias nuevas,2015-08-01,0,0,2,0,0,2
IRUPANA (VILLA DE LANZA),"anticoncepcion, prevencion de its y de cancer de cuello uterino",diu: usuarias nuevas,2015-08-01,0,0,1,0,0,1
LA GUARDIA,"anticoncepcion, prevencion de its y de cancer de cuello uterino",diu: usuarias nuevas,2015-08-01,0,0,9,1,0,10
LA PAZ,"anticoncepcion, prevencion de its y de cancer de cuello uterino",diu: usuarias nuevas,2015-08-01,1,16,106,24,1,148
LLALLAGUA,"anticoncepcion, prevencion de its y de cancer de cuello uterino",diu: usuarias nuevas,2015-08-01,0,1,1,0,0,2
MACHARETI,"anticoncepcion, prevencion de its y de cancer de cuello uterino",diu: usuarias nuevas,2015-08-01,0,1,0,0,0,1
MAIRANA,"anticoncepcion, prevencion de its y de cancer de cuello uterino",diu: usuarias nuevas,2015-08-01,0,0,3,0,0,3
MAPIRI,"anticoncepcion, prevencion de its y de cancer de cuello uterino",diu: usuarias nuevas,2015-08-01,0,0,1,0,0,1
MINEROS,"anticoncepcion, prevencion de its y de cancer de cuello uterino",diu: usuarias nuevas,2015-08-01,0,0,1,0,0,1
MONTEAGUDO,"anticoncepcion, prevencion de its y de cancer de cuello uterino",diu: usuarias nuevas,2015-08-01,0,0,3,0,0,3
MONTERO,"anticoncepcion, prevencion de its y de cancer de cuello uterino",diu: usuarias nuevas,2015-08-01,0,1,5,1,0,7
ORURO,"anticoncepcion, prevencion de its y de cancer de cuello uterino",diu: usuarias nuevas,2015-08-01,0,0,25,4,0,29
PADCAYA,"anticoncepcion, prevencion de its y de cancer de cuello uterino",diu: usuarias nuevas,2015-08-01,0,0,2,1,0,3
PADILLA,"anticoncepcion, prevencion de its y de cancer de cuello uterino",diu: usuarias nuevas,2015-08-01,0,1,1,1,0,3
POTOSI,"anticoncepcion, prevencion de its y de cancer de cuello uterino",diu: usuarias nuevas,2015-08-01,0,0,3,5,0,8
PUERTO QUIJARRO,"anticoncepcion, prevencion de its y de cancer de cuello uterino",diu: usuarias nuevas,2015-08-01,0,0,4,0,0,4
PUERTO SUAREZ,"anticoncepcion, prevencion de its y de cancer de cuello uterino",diu: usuarias nuevas,2015-08-01,0,0,5,0,0,5
PUERTO VILLARROEL,"anticoncepcion, prevencion de its y de cancer de cuello uterino",diu: usuarias nuevas,2015-08-01,0,0,2,0,0,2
PUNATA,"anticoncepcion, prevencion de its y de cancer de cuello uterino",diu: usuarias nuevas,2015-08-01,0,0,2,3,0,5
QUILLACOLLO,"anticoncepcion, prevencion de its y de cancer de cuello uterino",diu: usuarias nuevas,2015-08-01,0,0,10,7,0,17
RIBERALTA,"anticoncepcion, prevencion de its y de cancer de cuello uterino",diu: usuarias nuevas,2015-08-01,0,0,1,0,0,1
RURRENABAQUE,"anticoncepcion, prevencion de its y de cancer de cuello uterino",diu: usuarias nuevas,2015-08-01,0,0,1,0,0,1
SACABA,"anticoncepcion, prevencion de its y de cancer de cuello uterino",diu: usuarias nuevas,2015-08-01,0,2,13,6,0,21
SACACA,"anticoncepcion, prevencion de its y de cancer de cuello uterino",diu: usuarias nuevas,2015-08-01,0,0,1,0,0,1
SAN BORJA,"anticoncepcion, prevencion de its y de cancer de cuello uterino",diu: usuarias nuevas,2015-08-01,0,0,3,0,0,3
SAN CARLOS,"anticoncepcion, prevencion de its y de cancer de cuello uterino",diu: usuarias nuevas,2015-08-01,0,1,5,0,0,6
SAN IGNACIO,"anticoncepcion, prevencion de its y de cancer de cuello uterino",diu: usuarias nuevas,2015-08-01,0,0,1,1,0,2
SAN JOSE DE CHIQUITOS,"anticoncepcion, prevencion de its y de cancer de cuello uterino",diu: usuarias nuevas,2015-08-01,0,1,0,1,0,2
SAN LORENZO(TJA),"anticoncepcion, prevencion de its y de cancer de cuello uterino",diu: usuarias nuevas,2015-08-01,0,0,1,0,0,1
SAN MATIAS,"anticoncepcion, prevencion de its y de cancer de cuello uterino",diu: usuarias nuevas,2015-08-01,0,0,3,0,0,3
SAN PEDRO,"anticoncepcion, prevencion de its y de cancer de cuello uterino",diu: usuarias nuevas,2015-08-01,0,0,1,0,0,1
SANTA ANA,"anticoncepcion, prevencion de its y de cancer de cuello uterino",diu: usuarias nuevas,2015-08-01,0,0,2,0,0,2
SANTA CRUZ DE LA SIERRA,"anticoncepcion, prevencion de its y de cancer de cuello uterino",diu: usuarias nuevas,2015-08-01,1,24,353,62,0,440
SANTA ROSA DEL SARA,"anticoncepcion, prevencion de its y de cancer de cuello uterino",diu: usuarias nuevas,2015-08-01,0,0,2,0,0,2
SHINAOTA,"anticoncepcion, prevencion de its y de cancer de cuello uterino",diu: usuarias nuevas,2015-08-01,0,0,1,0,0,1
SIPE SIPE,"anticoncepcion, prevencion de its y de cancer de cuello uterino",diu: usuarias nuevas,2015-08-01,0,1,2,0,0,3
SUCRE,"anticoncepcion, prevencion de its y de cancer de cuello uterino",diu: usuarias nuevas,2015-08-01,0,4,18,7,0,29
TARIJA,"anticoncepcion, prevencion de its y de cancer de cuello uterino",diu: usuarias nuevas,2015-08-01,0,8,100,28,0,136
TIPUANI,"anticoncepcion, prevencion de its y de cancer de cuello uterino",diu: usuarias nuevas,2015-08-01,0,0,0,1,0,1
TIQUIPAYA,"anticoncepcion, prevencion de its y de cancer de cuello uterino",diu: usuarias nuevas,2015-08-01,0,0,5,1,0,6
TOMINA,"anticoncepcion, prevencion de its y de cancer de cuello uterino",diu: usuarias nuevas,2015-08-01,0,0,0,1,0,1
TORO TORO,"anticoncepcion, prevencion de its y de cancer de cuello uterino",diu: usuarias nuevas,2015-08-01,0,0,1,0,0,1
TRINIDAD,"anticoncepcion, prevencion de its y de cancer de cuello uterino",diu: usuarias nuevas,2015-08-01,0,8,23,0,0,31
TUPIZA,"anticoncepcion, prevencion de its y de cancer de cuello uterino",diu: usuarias nuevas,2015-08-01,0,0,1,0,0,1
URIONDO (A. CONCEPCION),"anticoncepcion, prevencion de its y de cancer de cuello uterino",diu: usuarias nuevas,2015-08-01,0,2,0,1,0,3
VALLEGRANDE,"anticoncepcion, prevencion de its y de cancer de cuello uterino",diu: usuarias nuevas,2015-08-01,0,3,2,1,0,6
VIACHA,"anticoncepcion, prevencion de its y de cancer de cuello uterino",diu: usuarias nuevas,2015-08-01,0,0,0,1,0,1
VILLA MONTES,"anticoncepcion, prevencion de its y de cancer de cuello uterino",diu: usuarias nuevas,2015-08-01,0,0,3,0,0,3
VILLA TUNARI,"anticoncepcion, prevencion de its y de cancer de cuello uterino",diu: usuarias nuevas,2015-08-01,0,0,5,0,0,5
VILLAZON,"anticoncepcion, prevencion de its y de cancer de cuello uterino",diu: usuarias nuevas,2015-08-01,0,0,4,0,0,4
VINTO,"anticoncepcion, prevencion de its y de cancer de cuello uterino",diu: usuarias nuevas,2015-08-01,0,1,6,2,0,9
WARNES,"anticoncepcion, prevencion de its y de cancer de cuello uterino",diu: usuarias nuevas,2015-08-01,0,5,4,1,0,10
YACUIBA,"anticoncepcion, prevencion de its y de cancer de cuello uterino",diu: usuarias nuevas,2015-08-01,0,2,3,1,0,6
ZUDAÃ‘EZ,"anticoncepcion, prevencion de its y de cancer de cuello uterino",diu: usuarias nuevas,2015-08-01,0,0,1,0,0,1
ACHOCALLA,"anticoncepcion, prevencion de its y de cancer de cuello uterino",diu: usuarias nuevas,2015-09-01,0,0,1,0,0,1
AIQUILE,"anticoncepcion, prevencion de its y de cancer de cuello uterino",diu: usuarias nuevas,2015-09-01,0,0,1,1,0,2
APOLO,"anticoncepcion, prevencion de its y de cancer de cuello uterino",diu: usuarias nuevas,2015-09-01,0,0,0,1,0,1
ASCENCION DE GUARAYOS,"anticoncepcion, prevencion de its y de cancer de cuello uterino",diu: usuarias nuevas,2015-09-01,0,1,3,0,0,4
ATOCHA,"anticoncepcion, prevencion de its y de cancer de cuello uterino",diu: usuarias nuevas,2015-09-01,0,0,1,0,0,1
AYOPAYA (V. DE INDEPENDENCIA),"anticoncepcion, prevencion de its y de cancer de cuello uterino",diu: usuarias nuevas,2015-09-01,0,0,1,0,0,1
BERMEJO,"anticoncepcion, prevencion de its y de cancer de cuello uterino",diu: usuarias nuevas,2015-09-01,0,0,5,3,0,8
CAMIRI,"anticoncepcion, prevencion de its y de cancer de cuello uterino",diu: usuarias nuevas,2015-09-01,0,2,2,0,0,4
CAPINOTA,"anticoncepcion, prevencion de its y de cancer de cuello uterino",diu: usuarias nuevas,2015-09-01,0,0,0,1,0,1
CARACOLLO,"anticoncepcion, prevencion de its y de cancer de cuello uterino",diu: usuarias nuevas,2015-09-01,0,0,1,0,0,1
CARAPARI,"anticoncepcion, prevencion de its y de cancer de cuello uterino",diu: usuarias nuevas,2015-09-01,0,0,1,0,0,1
CHARAGUA,"anticoncepcion, prevencion de its y de cancer de cuello uterino",diu: usuarias nuevas,2015-09-01,0,0,0,1,0,1
CHIMORE,"anticoncepcion, prevencion de its y de cancer de cuello uterino",diu: usuarias nuevas,2015-09-01,0,1,0,0,0,1
CHULUMANI (V. DE LA LIBERTAD),"anticoncepcion, prevencion de its y de cancer de cuello uterino",diu: usuarias nuevas,2015-09-01,0,0,1,0,0,1
CHUQUIHUTA AYLLU JUCUMANI,"anticoncepcion, prevencion de its y de cancer de cuello uterino",diu: usuarias nuevas,2015-09-01,0,0,1,0,0,1
CKOCHAS,"anticoncepcion, prevencion de its y de cancer de cuello uterino",diu: usuarias nuevas,2015-09-01,0,0,2,1,0,3
CLIZA,"anticoncepcion, prevencion de its y de cancer de cuello uterino",diu: usuarias nuevas,2015-09-01,0,0,2,0,0,2
COCHABAMBA,"anticoncepcion, prevencion de its y de cancer de cuello uterino",diu: usuarias nuevas,2015-09-01,0,15,145,19,0,179
COLCAPIRHUA,"anticoncepcion, prevencion de its y de cancer de cuello uterino",diu: usuarias nuevas,2015-09-01,0,0,3,0,0,3
COLOMI,"anticoncepcion, prevencion de its y de cancer de cuello uterino",diu: usuarias nuevas,2015-09-01,0,0,1,0,0,1
COLQUIRI,"anticoncepcion, prevencion de its y de cancer de cuello uterino",diu: usuarias nuevas,2015-09-01,0,0,0,1,0,1
COMARAPA,"anticoncepcion, prevencion de its y de cancer de cuello uterino",diu: usuarias nuevas,2015-09-01,0,1,2,0,0,3
COTOCA,"anticoncepcion, prevencion de its y de cancer de cuello uterino",diu: usuarias nuevas,2015-09-01,0,1,2,0,0,3
EL ALTO,"anticoncepcion, prevencion de its y de cancer de cuello uterino",diu: usuarias nuevas,2015-09-01,0,3,36,15,0,54
EL TORNO,"anticoncepcion, prevencion de its y de cancer de cuello uterino",diu: usuarias nuevas,2015-09-01,0,2,6,3,0,11
ENTRE RIOS TRJ,"anticoncepcion, prevencion de its y de cancer de cuello uterino",diu: usuarias nuevas,2015-09-01,0,1,0,0,0,1
FERNANDEZ ALONSO,"anticoncepcion, prevencion de its y de cancer de cuello uterino",diu: usuarias nuevas,2015-09-01,0,0,2,0,0,2
GENERAL SAAVEDRA,"anticoncepcion, prevencion de its y de cancer de cuello uterino",diu: usuarias nuevas,2015-09-01,0,0,1,0,0,1
GUAYARAMERIN,"anticoncepcion, prevencion de its y de cancer de cuello uterino",diu: usuarias nuevas,2015-09-01,0,0,3,2,0,5
HUACARETA,"anticoncepcion, prevencion de its y de cancer de cuello uterino",diu: usuarias nuevas,2015-09-01,0,0,0,1,0,1
HUAYLLAMARCA,"anticoncepcion, prevencion de its y de cancer de cuello uterino",diu: usuarias nuevas,2015-09-01,0,0,1,0,0,1
IRUPANA (VILLA DE LANZA),"anticoncepcion, prevencion de its y de cancer de cuello uterino",diu: usuarias nuevas,2015-09-01,0,0,1,0,0,1
LA GUARDIA,"anticoncepcion, prevencion de its y de cancer de cuello uterino",diu: usuarias nuevas,2015-09-01,0,0,7,2,0,9
LA PAZ,"anticoncepcion, prevencion de its y de cancer de cuello uterino",diu: usuarias nuevas,2015-09-01,1,7,108,41,0,157
LLALLAGUA,"anticoncepcion, prevencion de its y de cancer de cuello uterino",diu: usuarias nuevas,2015-09-01,0,0,10,0,0,10
MACHARETI,"anticoncepcion, prevencion de its y de cancer de cuello uterino",diu: usuarias nuevas,2015-09-01,0,1,1,0,0,2
MAIRANA,"anticoncepcion, prevencion de its y de cancer de cuello uterino",diu: usuarias nuevas,2015-09-01,0,0,1,0,0,1
MINEROS,"anticoncepcion, prevencion de its y de cancer de cuello uterino",diu: usuarias nuevas,2015-09-01,0,1,1,0,0,2
MONTEAGUDO,"anticoncepcion, prevencion de its y de cancer de cuello uterino",diu: usuarias nuevas,2015-09-01,0,0,9,0,0,9
MONTERO,"anticoncepcion, prevencion de its y de cancer de cuello uterino",diu: usuarias nuevas,2015-09-01,0,2,10,2,0,14
MOROCHATA,"anticoncepcion, prevencion de its y de cancer de cuello uterino",diu: usuarias nuevas,2015-09-01,0,0,1,0,0,1
ORURO,"anticoncepcion, prevencion de its y de cancer de cuello uterino",diu: usuarias nuevas,2015-09-01,0,0,21,5,0,26
PADCAYA,"anticoncepcion, prevencion de its y de cancer de cuello uterino",diu: usuarias nuevas,2015-09-01,0,0,1,0,0,1
PAILON,"anticoncepcion, prevencion de its y de cancer de cuello uterino",diu: usuarias nuevas,2015-09-01,0,0,3,2,0,5
PALOS BLANCOS,"anticoncepcion, prevencion de its y de cancer de cuello uterino",diu: usuarias nuevas,2015-09-01,0,0,1,0,0,1
PORCO,"anticoncepcion, prevencion de its y de cancer de cuello uterino",diu: usuarias nuevas,2015-09-01,0,1,0,0,0,1
PORTACHUELO,"anticoncepcion, prevencion de its y de cancer de cuello uterino",diu: usuarias nuevas,2015-09-01,0,1,0,0,0,1
POSTRER VALLE,"anticoncepcion, prevencion de its y de cancer de cuello uterino",diu: usuarias nuevas,2015-09-01,0,0,1,0,0,1
POTOSI,"anticoncepcion, prevencion de its y de cancer de cuello uterino",diu: usuarias nuevas,2015-09-01,0,0,3,5,0,8
PUERTO SUAREZ,"anticoncepcion, prevencion de its y de cancer de cuello uterino",diu: usuarias nuevas,2015-09-01,0,0,2,0,0,2
PUNA,"anticoncepcion, prevencion de its y de cancer de cuello uterino",diu: usuarias nuevas,2015-09-01,0,0,1,0,0,1
PUNATA,"anticoncepcion, prevencion de its y de cancer de cuello uterino",diu: usuarias nuevas,2015-09-01,0,1,0,5,0,6
QUILLACOLLO,"anticoncepcion, prevencion de its y de cancer de cuello uterino",diu: usuarias nuevas,2015-09-01,0,2,8,1,0,11
REYES,"anticoncepcion, prevencion de its y de cancer de cuello uterino",diu: usuarias nuevas,2015-09-01,0,2,0,0,0,2
RIBERALTA,"anticoncepcion, prevencion de its y de cancer de cuello uterino",diu: usuarias nuevas,2015-09-01,0,2,1,0,0,3
RURRENABAQUE,"anticoncepcion, prevencion de its y de cancer de cuello uterino",diu: usuarias nuevas,2015-09-01,0,0,3,0,0,3
SACABA,"anticoncepcion, prevencion de its y de cancer de cuello uterino",diu: usuarias nuevas,2015-09-01,0,1,13,6,0,20
SACACA,"anticoncepcion, prevencion de its y de cancer de cuello uterino",diu: usuarias nuevas,2015-09-01,0,0,2,1,0,3
SAN BORJA,"anticoncepcion, prevencion de its y de cancer de cuello uterino",diu: usuarias nuevas,2015-09-01,0,0,1,0,0,1
SAN BUENA VENTURA,"anticoncepcion, prevencion de its y de cancer de cuello uterino",diu: usuarias nuevas,2015-09-01,0,0,1,0,0,1
SAN CARLOS,"anticoncepcion, prevencion de its y de cancer de cuello uterino",diu: usuarias nuevas,2015-09-01,0,2,0,0,0,2
SAN IGNACIO,"anticoncepcion, prevencion de its y de cancer de cuello uterino",diu: usuarias nuevas,2015-09-01,0,1,2,0,0,3
SAN IGNACIO DE VELASCO,"anticoncepcion, prevencion de its y de cancer de cuello uterino",diu: usuarias nuevas,2015-09-01,0,0,1,0,0,1
SAN JAVIER(STC),"anticoncepcion, prevencion de its y de cancer de cuello uterino",diu: usuarias nuevas,2015-09-01,0,0,1,0,0,1
SAN JOSE DE CHIQUITOS,"anticoncepcion, prevencion de its y de cancer de cuello uterino",diu: usuarias nuevas,2015-09-01,0,0,1,1,0,2
SAN RAMON BENI,"anticoncepcion, prevencion de its y de cancer de cuello uterino",diu: usuarias nuevas,2015-09-01,0,0,1,1,0,2
SAN RAMON SCZ,"anticoncepcion, prevencion de its y de cancer de cuello uterino",diu: usuarias nuevas,2015-09-01,0,1,1,0,0,2
SANTA ANA,"anticoncepcion, prevencion de its y de cancer de cuello uterino",diu: usuarias nuevas,2015-09-01,0,0,3,1,0,4
SANTA CRUZ DE LA SIERRA,"anticoncepcion, prevencion de its y de cancer de cuello uterino",diu: usuarias nuevas,2015-09-01,1,29,176,56,0,262
SANTA ROSA DEL SARA,"anticoncepcion, prevencion de its y de cancer de cuello uterino",diu: usuarias nuevas,2015-09-01,0,0,2,1,0,3
SICA SICA (VILLA AROMA),"anticoncepcion, prevencion de its y de cancer de cuello uterino",diu: usuarias nuevas,2015-09-01,0,0,1,0,0,1
SIPE SIPE,"anticoncepcion, prevencion de its y de cancer de cuello uterino",diu: usuarias nuevas,2015-09-01,0,0,8,1,0,9
SUCRE,"anticoncepcion, prevencion de its y de cancer de cuello uterino",diu: usuarias nuevas,2015-09-01,0,9,42,5,0,56
TARIJA,"anticoncepcion, prevencion de its y de cancer de cuello uterino",diu: usuarias nuevas,2015-09-01,0,14,17,11,0,42
TIQUIPAYA,"anticoncepcion, prevencion de its y de cancer de cuello uterino",diu: usuarias nuevas,2015-09-01,0,0,6,0,0,6
TORO TORO,"anticoncepcion, prevencion de its y de cancer de cuello uterino",diu: usuarias nuevas,2015-09-01,0,0,0,1,0,1
TRINIDAD,"anticoncepcion, prevencion de its y de cancer de cuello uterino",diu: usuarias nuevas,2015-09-01,0,0,27,0,0,27
TUPIZA,"anticoncepcion, prevencion de its y de cancer de cuello uterino",diu: usuarias nuevas,2015-09-01,0,0,5,0,0,5
UYUNI,"anticoncepcion, prevencion de its y de cancer de cuello uterino",diu: usuarias nuevas,2015-09-01,0,0,1,0,0,1
VALLEGRANDE,"anticoncepcion, prevencion de its y de cancer de cuello uterino",diu: usuarias nuevas,2015-09-01,0,0,3,2,0,5
VIACHA,"anticoncepcion, prevencion de its y de cancer de cuello uterino",diu: usuarias nuevas,2015-09-01,0,0,0,3,0,3
VILLA CHARCAS,"anticoncepcion, prevencion de its y de cancer de cuello uterino",diu: usuarias nuevas,2015-09-01,0,0,0,1,0,1
VILLA MONTES,"anticoncepcion, prevencion de its y de cancer de cuello uterino",diu: usuarias nuevas,2015-09-01,0,0,1,0,0,1
VILLA SERRANO,"anticoncepcion, prevencion de its y de cancer de cuello uterino",diu: usuarias nuevas,2015-09-01,0,0,1,0,0,1
VILLA TUNARI,"anticoncepcion, prevencion de its y de cancer de cuello uterino",diu: usuarias nuevas,2015-09-01,0,1,6,0,0,7
VILLAZON,"anticoncepcion, prevencion de its y de cancer de cuello uterino",diu: usuarias nuevas,2015-09-01,0,1,1,1,0,3
VINTO,"anticoncepcion, prevencion de its y de cancer de cuello uterino",diu: usuarias nuevas,2015-09-01,0,2,6,0,1,9
WARNES,"anticoncepcion, prevencion de its y de cancer de cuello uterino",diu: usuarias nuevas,2015-09-01,0,3,4,1,0,8
YACUIBA,"anticoncepcion, prevencion de its y de cancer de cuello uterino",diu: usuarias nuevas,2015-09-01,0,2,7,1,0,10
YOCALLA,"anticoncepcion, prevencion de its y de cancer de cuello uterino",diu: usuarias nuevas,2015-09-01,0,0,1,0,0,1
YOTALA,"anticoncepcion, prevencion de its y de cancer de cuello uterino",diu: usuarias nuevas,2015-09-01,0,0,1,1,0,2
AIQUILE,"anticoncepcion, prevencion de its y de cancer de cuello uterino",diu: usuarias nuevas,2015-10-01,0,1,1,0,0,2
APOLO,"anticoncepcion, prevencion de its y de cancer de cuello uterino",diu: usuarias nuevas,2015-10-01,0,1,0,0,0,1
ASCENCION DE GUARAYOS,"anticoncepcion, prevencion de its y de cancer de cuello uterino",diu: usuarias nuevas,2015-10-01,0,1,0,0,0,1
AYOPAYA (V. DE INDEPENDENCIA),"anticoncepcion, prevencion de its y de cancer de cuello uterino",diu: usuarias nuevas,2015-10-01,0,0,2,0,0,2
BERMEJO,"anticoncepcion, prevencion de its y de cancer de cuello uterino",diu: usuarias nuevas,2015-10-01,0,0,2,1,0,3
CAMARGO,"anticoncepcion, prevencion de its y de cancer de cuello uterino",diu: usuarias nuevas,2015-10-01,0,0,2,0,0,2
CARACOLLO,"anticoncepcion, prevencion de its y de cancer de cuello uterino",diu: usuarias nuevas,2015-10-01,0,0,3,0,0,3
CARANAVI,"anticoncepcion, prevencion de its y de cancer de cuello uterino",diu: usuarias nuevas,2015-10-01,0,0,2,0,0,2
CARAPARI,"anticoncepcion, prevencion de its y de cancer de cuello uterino",diu: usuarias nuevas,2015-10-01,0,0,1,0,0,1
CHIMORE,"anticoncepcion, prevencion de its y de cancer de cuello uterino",diu: usuarias nuevas,2015-10-01,0,0,1,0,0,1
CHUQUIHUTA AYLLU JUCUMANI,"anticoncepcion, prevencion de its y de cancer de cuello uterino",diu: usuarias nuevas,2015-10-01,0,1,2,0,0,3
CKOCHAS,"anticoncepcion, prevencion de its y de cancer de cuello uterino",diu: usuarias nuevas,2015-10-01,0,0,3,0,0,3
CLIZA,"anticoncepcion, prevencion de its y de cancer de cuello uterino",diu: usuarias nuevas,2015-10-01,0,0,1,0,0,1
COBIJA,"anticoncepcion, prevencion de its y de cancer de cuello uterino",diu: usuarias nuevas,2015-10-01,0,2,2,0,0,4
COCHABAMBA,"anticoncepcion, prevencion de its y de cancer de cuello uterino",diu: usuarias nuevas,2015-10-01,0,14,191,25,0,230
COLCAPIRHUA,"anticoncepcion, prevencion de its y de cancer de cuello uterino",diu: usuarias nuevas,2015-10-01,0,0,1,0,0,1
COTOCA,"anticoncepcion, prevencion de its y de cancer de cuello uterino",diu: usuarias nuevas,2015-10-01,0,1,1,1,0,3
CUATRO CAÃ‘ADAS,"anticoncepcion, prevencion de its y de cancer de cuello uterino",diu: usuarias nuevas,2015-10-01,0,0,1,0,0,1
CULPINA,"anticoncepcion, prevencion de its y de cancer de cuello uterino",diu: usuarias nuevas,2015-10-01,0,0,0,1,0,1
EL ALTO,"anticoncepcion, prevencion de its y de cancer de cuello uterino",diu: usuarias nuevas,2015-10-01,0,4,46,29,0,79
EL PUENTE(STC),"anticoncepcion, prevencion de its y de cancer de cuello uterino",diu: usuarias nuevas,2015-10-01,0,0,0,1,0,1
EL PUENTE(TJA),"anticoncepcion, prevencion de its y de cancer de cuello uterino",diu: usuarias nuevas,2015-10-01,0,1,2,0,0,3
EL TORNO,"anticoncepcion, prevencion de its y de cancer de cuello uterino",diu: usuarias nuevas,2015-10-01,1,1,2,0,0,4
ENTRE RIOS TRJ,"anticoncepcion, prevencion de its y de cancer de cuello uterino",diu: usuarias nuevas,2015-10-01,0,1,2,0,0,3
ENTRE RIOS CBBA,"anticoncepcion, prevencion de its y de cancer de cuello uterino",diu: usuarias nuevas,2015-10-01,0,1,0,0,0,1
GENERAL SAAVEDRA,"anticoncepcion, prevencion de its y de cancer de cuello uterino",diu: usuarias nuevas,2015-10-01,0,0,1,0,0,1
GUAYARAMERIN,"anticoncepcion, prevencion de its y de cancer de cuello uterino",diu: usuarias nuevas,2015-10-01,0,0,3,0,0,3
HUACARETA,"anticoncepcion, prevencion de its y de cancer de cuello uterino",diu: usuarias nuevas,2015-10-01,0,0,1,0,0,1
HUACAYA (VILLA DE HUACAYA),"anticoncepcion, prevencion de its y de cancer de cuello uterino",diu: usuarias nuevas,2015-10-01,0,0,1,1,0,2
IRUPANA (VILLA DE LANZA),"anticoncepcion, prevencion de its y de cancer de cuello uterino",diu: usuarias nuevas,2015-10-01,0,0,1,0,0,1
LA GUARDIA,"anticoncepcion, prevencion de its y de cancer de cuello uterino",diu: usuarias nuevas,2015-10-01,0,2,6,2,0,10
LA PAZ,"anticoncepcion, prevencion de its y de cancer de cuello uterino",diu: usuarias nuevas,2015-10-01,0,10,186,25,0,221
LAS CARRERAS,"anticoncepcion, prevencion de its y de cancer de cuello uterino",diu: usuarias nuevas,2015-10-01,0,0,1,0,0,1
LLALLAGUA,"anticoncepcion, prevencion de its y de cancer de cuello uterino",diu: usuarias nuevas,2015-10-01,0,0,3,0,0,3
MAIRANA,"anticoncepcion, prevencion de its y de cancer de cuello uterino",diu: usuarias nuevas,2015-10-01,0,1,0,1,0,2
MINEROS,"anticoncepcion, prevencion de its y de cancer de cuello uterino",diu: usuarias nuevas,2015-10-01,0,0,1,0,0,1
MIZQUE,"anticoncepcion, prevencion de its y de cancer de cuello uterino",diu: usuarias nuevas,2015-10-01,0,0,2,0,0,2
MONTEAGUDO,"anticoncepcion, prevencion de its y de cancer de cuello uterino",diu: usuarias nuevas,2015-10-01,0,2,3,0,0,5
MONTERO,"anticoncepcion, prevencion de its y de cancer de cuello uterino",diu: usuarias nuevas,2015-10-01,0,0,3,0,0,3
ORURO,"anticoncepcion, prevencion de its y de cancer de cuello uterino",diu: usuarias nuevas,2015-10-01,0,1,11,12,0,24
PADCAYA,"anticoncepcion, prevencion de its y de cancer de cuello uterino",diu: usuarias nuevas,2015-10-01,0,1,0,1,0,2
PADILLA,"anticoncepcion, prevencion de its y de cancer de cuello uterino",diu: usuarias nuevas,2015-10-01,0,0,0,1,0,1
PAILON,"anticoncepcion, prevencion de its y de cancer de cuello uterino",diu: usuarias nuevas,2015-10-01,1,2,3,3,0,9
PALOS BLANCOS,"anticoncepcion, prevencion de its y de cancer de cuello uterino",diu: usuarias nuevas,2015-10-01,0,0,1,0,0,1
POCONA,"anticoncepcion, prevencion de its y de cancer de cuello uterino",diu: usuarias nuevas,2015-10-01,0,0,1,0,0,1
POJO (CBBA),"anticoncepcion, prevencion de its y de cancer de cuello uterino",diu: usuarias nuevas,2015-10-01,0,1,2,0,0,3
PORCO,"anticoncepcion, prevencion de its y de cancer de cuello uterino",diu: usuarias nuevas,2015-10-01,0,0,3,0,0,3
POTOSI,"anticoncepcion, prevencion de its y de cancer de cuello uterino",diu: usuarias nuevas,2015-10-01,0,1,8,1,0,10
PUERTO SUAREZ,"anticoncepcion, prevencion de its y de cancer de cuello uterino",diu: usuarias nuevas,2015-10-01,0,1,0,0,0,1
PUERTO VILLARROEL,"anticoncepcion, prevencion de its y de cancer de cuello uterino",diu: usuarias nuevas,2015-10-01,0,0,1,1,0,2
PUNA,"anticoncepcion, prevencion de its y de cancer de cuello uterino",diu: usuarias nuevas,2015-10-01,0,0,1,0,0,1
PUNATA,"anticoncepcion, prevencion de its y de cancer de cuello uterino",diu: usuarias nuevas,2015-10-01,0,1,0,1,0,2
QUILLACOLLO,"anticoncepcion, prevencion de its y de cancer de cuello uterino",diu: usuarias nuevas,2015-10-01,0,4,6,2,0,12
REYES,"anticoncepcion, prevencion de its y de cancer de cuello uterino",diu: usuarias nuevas,2015-10-01,0,1,2,1,0,4
RIBERALTA,"anticoncepcion, prevencion de its y de cancer de cuello uterino",diu: usuarias nuevas,2015-10-01,0,0,1,0,0,1
ROBORE,"anticoncepcion, prevencion de its y de cancer de cuello uterino",diu: usuarias nuevas,2015-10-01,0,1,2,0,0,3
RURRENABAQUE,"anticoncepcion, prevencion de its y de cancer de cuello uterino",diu: usuarias nuevas,2015-10-01,0,0,1,1,0,2
SACABA,"anticoncepcion, prevencion de its y de cancer de cuello uterino",diu: usuarias nuevas,2015-10-01,0,2,9,7,0,18
SAN ANDRES,"anticoncepcion, prevencion de its y de cancer de cuello uterino",diu: usuarias nuevas,2015-10-01,0,0,1,0,0,1
SAN BORJA,"anticoncepcion, prevencion de its y de cancer de cuello uterino",diu: usuarias nuevas,2015-10-01,0,0,2,0,0,2
SAN BUENA VENTURA,"anticoncepcion, prevencion de its y de cancer de cuello uterino",diu: usuarias nuevas,2015-10-01,0,0,1,0,0,1
SAN CARLOS,"anticoncepcion, prevencion de its y de cancer de cuello uterino",diu: usuarias nuevas,2015-10-01,1,1,3,1,0,6
SAN IGNACIO,"anticoncepcion, prevencion de its y de cancer de cuello uterino",diu: usuarias nuevas,2015-10-01,0,1,1,0,0,2
SAN IGNACIO DE VELASCO,"anticoncepcion, prevencion de its y de cancer de cuello uterino",diu: usuarias nuevas,2015-10-01,0,0,1,0,0,1
SAN JOSE DE CHIQUITOS,"anticoncepcion, prevencion de its y de cancer de cuello uterino",diu: usuarias nuevas,2015-10-01,0,0,2,0,0,2
SAN JULIAN,"anticoncepcion, prevencion de its y de cancer de cuello uterino",diu: usuarias nuevas,2015-10-01,0,0,2,0,0,2
SAN LORENZO(TJA),"anticoncepcion, prevencion de its y de cancer de cuello uterino",diu: usuarias nuevas,2015-10-01,0,0,2,0,0,2
SAN RAMON BENI,"anticoncepcion, prevencion de its y de cancer de cuello uterino",diu: usuarias nuevas,2015-10-01,0,1,1,0,0,2
SAN RAMON SCZ,"anticoncepcion, prevencion de its y de cancer de cuello uterino",diu: usuarias nuevas,2015-10-01,0,1,1,1,0,3
SANTA ANA,"anticoncepcion, prevencion de its y de cancer de cuello uterino",diu: usuarias nuevas,2015-10-01,0,0,3,0,0,3
SANTA CRUZ DE LA SIERRA,"anticoncepcion, prevencion de its y de cancer de cuello uterino",diu: usuarias nuevas,2015-10-01,0,49,186,47,0,282
SANTA ROSA,"anticoncepcion, prevencion de its y de cancer de cuello uterino",diu: usuarias nuevas,2015-10-01,0,0,2,0,0,2
SANTA ROSA DEL SARA,"anticoncepcion, prevencion de its y de cancer de cuello uterino",diu: usuarias nuevas,2015-10-01,0,1,2,0,0,3
SANTIVAÃ‘ES,"anticoncepcion, prevencion de its y de cancer de cuello uterino",diu: usuarias nuevas,2015-10-01,0,0,0,1,0,1
SIPE SIPE,"anticoncepcion, prevencion de its y de cancer de cuello uterino",diu: usuarias nuevas,2015-10-01,0,1,7,0,0,8
SOPACHUY,"anticoncepcion, prevencion de its y de cancer de cuello uterino",diu: usuarias nuevas,2015-10-01,0,0,1,0,0,1
SUCRE,"anticoncepcion, prevencion de its y de cancer de cuello uterino",diu: usuarias nuevas,2015-10-01,0,3,54,6,0,63
TARATA,"anticoncepcion, prevencion de its y de cancer de cuello uterino",diu: usuarias nuevas,2015-10-01,0,0,1,0,0,1
TARIJA,"anticoncepcion, prevencion de its y de cancer de cuello uterino",diu: usuarias nuevas,2015-10-01,0,13,50,15,0,78
TEOPONTE,"anticoncepcion, prevencion de its y de cancer de cuello uterino",diu: usuarias nuevas,2015-10-01,0,1,0,0,0,1
TIPUANI,"anticoncepcion, prevencion de its y de cancer de cuello uterino",diu: usuarias nuevas,2015-10-01,0,0,2,0,0,2
TIQUIPAYA,"anticoncepcion, prevencion de its y de cancer de cuello uterino",diu: usuarias nuevas,2015-10-01,0,1,6,0,0,7
TOMINA,"anticoncepcion, prevencion de its y de cancer de cuello uterino",diu: usuarias nuevas,2015-10-01,0,0,1,0,0,1
TORO TORO,"anticoncepcion, prevencion de its y de cancer de cuello uterino",diu: usuarias nuevas,2015-10-01,0,2,3,0,0,5
TOTORA(CBBA),"anticoncepcion, prevencion de its y de cancer de cuello uterino",diu: usuarias nuevas,2015-10-01,0,1,1,0,0,2
TRINIDAD,"anticoncepcion, prevencion de its y de cancer de cuello uterino",diu: usuarias nuevas,2015-10-01,0,1,1,0,0,2
TUPIZA,"anticoncepcion, prevencion de its y de cancer de cuello uterino",diu: usuarias nuevas,2015-10-01,0,0,3,0,0,3
URIONDO (A. CONCEPCION),"anticoncepcion, prevencion de its y de cancer de cuello uterino",diu: usuarias nuevas,2015-10-01,0,0,0,1,0,1
UYUNI,"anticoncepcion, prevencion de its y de cancer de cuello uterino",diu: usuarias nuevas,2015-10-01,0,0,1,0,0,1
VALLEGRANDE,"anticoncepcion, prevencion de its y de cancer de cuello uterino",diu: usuarias nuevas,2015-10-01,0,0,6,1,0,7
VIACHA,"anticoncepcion, prevencion de its y de cancer de cuello uterino",diu: usuarias nuevas,2015-10-01,0,2,4,0,0,6
VILLA CHARCAS,"anticoncepcion, prevencion de its y de cancer de cuello uterino",diu: usuarias nuevas,2015-10-01,0,0,1,0,0,1
VILLA MONTES,"anticoncepcion, prevencion de its y de cancer de cuello uterino",diu: usuarias nuevas,2015-10-01,0,0,3,0,0,3
VILLA RIVERO,"anticoncepcion, prevencion de its y de cancer de cuello uterino",diu: usuarias nuevas,2015-10-01,0,0,1,0,0,1
VILLA TUNARI,"anticoncepcion, prevencion de its y de cancer de cuello uterino",diu: usuarias nuevas,2015-10-01,0,0,8,1,0,9
VILLA VACA GUZMAN (MUYUPAMPA),"anticoncepcion, prevencion de its y de cancer de cuello uterino",diu: usuarias nuevas,2015-10-01,0,1,0,0,0,1
VILLAZON,"anticoncepcion, prevencion de its y de cancer de cuello uterino",diu: usuarias nuevas,2015-10-01,0,0,1,0,0,1
VINTO,"anticoncepcion, prevencion de its y de cancer de cuello uterino",diu: usuarias nuevas,2015-10-01,0,1,7,1,0,9
WARNES,"anticoncepcion, prevencion de its y de cancer de cuello uterino",diu: usuarias nuevas,2015-10-01,0,1,7,0,0,8
YACUIBA,"anticoncepcion, prevencion de its y de cancer de cuello uterino",diu: usuarias nuevas,2015-10-01,1,6,10,1,0,18
YUNCHARA,"anticoncepcion, prevencion de its y de cancer de cuello uterino",diu: usuarias nuevas,2015-10-01,0,0,1,0,0,1
AIQUILE,"anticoncepcion, prevencion de its y de cancer de cuello uterino",diu: usuarias nuevas,2015-11-01,0,0,2,0,0,2
ARBIETO,"anticoncepcion, prevencion de its y de cancer de cuello uterino",diu: usuarias nuevas,2015-11-01,0,0,1,0,0,1
ASCENCION DE GUARAYOS,"anticoncepcion, prevencion de its y de cancer de cuello uterino",diu: usuarias nuevas,2015-11-01,0,0,1,0,0,1
ATOCHA,"anticoncepcion, prevencion de its y de cancer de cuello uterino",diu: usuarias nuevas,2015-11-01,0,0,1,1,0,2
AZURDUY,"anticoncepcion, prevencion de its y de cancer de cuello uterino",diu: usuarias nuevas,2015-11-01,0,0,1,0,0,1
BAURES,"anticoncepcion, prevencion de its y de cancer de cuello uterino",diu: usuarias nuevas,2015-11-01,0,0,1,0,0,1
BERMEJO,"anticoncepcion, prevencion de its y de cancer de cuello uterino",diu: usuarias nuevas,2015-11-01,0,0,1,0,0,1
CAMARGO,"anticoncepcion, prevencion de its y de cancer de cuello uterino",diu: usuarias nuevas,2015-11-01,1,1,3,3,0,8
CAMIRI,"anticoncepcion, prevencion de its y de cancer de cuello uterino",diu: usuarias nuevas,2015-11-01,0,1,0,0,0,1
CARACOLLO,"anticoncepcion, prevencion de its y de cancer de cuello uterino",diu: usuarias nuevas,2015-11-01,0,0,1,0,0,1
CHARAGUA,"anticoncepcion, prevencion de its y de cancer de cuello uterino",diu: usuarias nuevas,2015-11-01,0,0,2,0,0,2
CHUQUIHUTA AYLLU JUCUMANI,"anticoncepcion, prevencion de its y de cancer de cuello uterino",diu: usuarias nuevas,2015-11-01,0,0,2,0,0,2
CLIZA,"anticoncepcion, prevencion de its y de cancer de cuello uterino",diu: usuarias nuevas,2015-11-01,0,0,2,0,0,2
COBIJA,"anticoncepcion, prevencion de its y de cancer de cuello uterino",diu: usuarias nuevas,2015-11-01,0,0,2,0,0,2
COCHABAMBA,"anticoncepcion, prevencion de its y de cancer de cuello uterino",diu: usuarias nuevas,2015-11-01,0,14,169,23,3,209
COLCAPIRHUA,"anticoncepcion, prevencion de its y de cancer de cuello uterino",diu: usuarias nuevas,2015-11-01,0,0,7,0,0,7
COMARAPA,"anticoncepcion, prevencion de its y de cancer de cuello uterino",diu: usuarias nuevas,2015-11-01,0,0,0,1,0,1
COTOCA,"anticoncepcion, prevencion de its y de cancer de cuello uterino",diu: usuarias nuevas,2015-11-01,0,0,4,0,0,4
CUATRO CAÃ‘ADAS,"anticoncepcion, prevencion de its y de cancer de cuello uterino",diu: usuarias nuevas,2015-11-01,0,0,0,1,0,1
EL ALTO,"anticoncepcion, prevencion de its y de cancer de cuello uterino",diu: usuarias nuevas,2015-11-01,0,10,37,53,0,100
EL PUENTE(TJA),"anticoncepcion, prevencion de its y de cancer de cuello uterino",diu: usuarias nuevas,2015-11-01,0,0,0,1,0,1
EL TORNO,"anticoncepcion, prevencion de its y de cancer de cuello uterino",diu: usuarias nuevas,2015-11-01,0,2,5,3,0,10
ENTRE RIOS TRJ,"anticoncepcion, prevencion de its y de cancer de cuello uterino",diu: usuarias nuevas,2015-11-01,0,0,1,0,0,1
GENERAL SAAVEDRA,"anticoncepcion, prevencion de its y de cancer de cuello uterino",diu: usuarias nuevas,2015-11-01,0,0,0,1,0,1
GUAYARAMERIN,"anticoncepcion, prevencion de its y de cancer de cuello uterino",diu: usuarias nuevas,2015-11-01,0,1,3,1,0,5
GUTIERREZ,"anticoncepcion, prevencion de its y de cancer de cuello uterino",diu: usuarias nuevas,2015-11-01,0,1,2,1,0,4
INCAHUASI,"anticoncepcion, prevencion de its y de cancer de cuello uterino",diu: usuarias nuevas,2015-11-01,0,0,1,0,0,1
LA ASUNTA,"anticoncepcion, prevencion de its y de cancer de cuello uterino",diu: usuarias nuevas,2015-11-01,0,1,0,0,0,1
LA GUARDIA,"anticoncepcion, prevencion de its y de cancer de cuello uterino",diu: usuarias nuevas,2015-11-01,0,4,11,3,0,18
LA PAZ,"anticoncepcion, prevencion de its y de cancer de cuello uterino",diu: usuarias nuevas,2015-11-01,0,8,114,27,0,149
LLALLAGUA,"anticoncepcion, prevencion de its y de cancer de cuello uterino",diu: usuarias nuevas,2015-11-01,0,0,1,0,0,1
MAIRANA,"anticoncepcion, prevencion de its y de cancer de cuello uterino",diu: usuarias nuevas,2015-11-01,0,1,1,0,0,2
MIZQUE,"anticoncepcion, prevencion de its y de cancer de cuello uterino",diu: usuarias nuevas,2015-11-01,0,1,3,1,0,5
MONTEAGUDO,"anticoncepcion, prevencion de its y de cancer de cuello uterino",diu: usuarias nuevas,2015-11-01,0,0,2,1,0,3
MONTERO,"anticoncepcion, prevencion de its y de cancer de cuello uterino",diu: usuarias nuevas,2015-11-01,0,3,6,1,0,10
OMEREQUE,"anticoncepcion, prevencion de its y de cancer de cuello uterino",diu: usuarias nuevas,2015-11-01,0,0,0,2,0,2
ORURO,"anticoncepcion, prevencion de its y de cancer de cuello uterino",diu: usuarias nuevas,2015-11-01,0,4,11,2,0,17
PADCAYA,"anticoncepcion, prevencion de its y de cancer de cuello uterino",diu: usuarias nuevas,2015-11-01,0,2,1,1,0,4
PADILLA,"anticoncepcion, prevencion de its y de cancer de cuello uterino",diu: usuarias nuevas,2015-11-01,0,0,2,0,0,2
PAILON,"anticoncepcion, prevencion de its y de cancer de cuello uterino",diu: usuarias nuevas,2015-11-01,0,0,1,0,0,1
PASORAPA,"anticoncepcion, prevencion de its y de cancer de cuello uterino",diu: usuarias nuevas,2015-11-01,0,0,1,0,0,1
PORTACHUELO,"anticoncepcion, prevencion de its y de cancer de cuello uterino",diu: usuarias nuevas,2015-11-01,0,1,1,0,0,2
POTOSI,"anticoncepcion, prevencion de its y de cancer de cuello uterino",diu: usuarias nuevas,2015-11-01,0,2,3,2,0,7
PUERTO SUAREZ,"anticoncepcion, prevencion de its y de cancer de cuello uterino",diu: usuarias nuevas,2015-11-01,0,0,1,0,0,1
PUERTO VILLARROEL,"anticoncepcion, prevencion de its y de cancer de cuello uterino",diu: usuarias nuevas,2015-11-01,0,1,1,0,0,2
PUNA,"anticoncepcion, prevencion de its y de cancer de cuello uterino",diu: usuarias nuevas,2015-11-01,0,0,0,1,0,1
QUILLACOLLO,"anticoncepcion, prevencion de its y de cancer de cuello uterino",diu: usuarias nuevas,2015-11-01,0,0,14,0,0,14
RIBERALTA,"anticoncepcion, prevencion de its y de cancer de cuello uterino",diu: usuarias nuevas,2015-11-01,0,0,0,1,0,1
ROBORE,"anticoncepcion, prevencion de its y de cancer de cuello uterino",diu: usuarias nuevas,2015-11-01,1,1,0,0,0,2
SACABA,"anticoncepcion, prevencion de its y de cancer de cuello uterino",diu: usuarias nuevas,2015-11-01,0,2,11,7,0,20
SAN ANDRES,"anticoncepcion, prevencion de its y de cancer de cuello uterino",diu: usuarias nuevas,2015-11-01,0,0,1,0,0,1
SAN BORJA,"anticoncepcion, prevencion de its y de cancer de cuello uterino",diu: usuarias nuevas,2015-11-01,0,1,8,0,0,9
SAN CARLOS,"anticoncepcion, prevencion de its y de cancer de cuello uterino",diu: usuarias nuevas,2015-11-01,0,2,2,0,0,4
SAN IGNACIO,"anticoncepcion, prevencion de its y de cancer de cuello uterino",diu: usuarias nuevas,2015-11-01,0,0,5,0,0,5
SAN IGNACIO DE VELASCO,"anticoncepcion, prevencion de its y de cancer de cuello uterino",diu: usuarias nuevas,2015-11-01,0,0,1,0,0,1
SAN JAVIER(STC),"anticoncepcion, prevencion de its y de cancer de cuello uterino",diu: usuarias nuevas,2015-11-01,0,0,3,0,0,3
SAN JOSE DE CHIQUITOS,"anticoncepcion, prevencion de its y de cancer de cuello uterino",diu: usuarias nuevas,2015-11-01,0,0,3,0,0,3
SAN JULIAN,"anticoncepcion, prevencion de its y de cancer de cuello uterino",diu: usuarias nuevas,2015-11-01,0,0,1,1,0,2
SAN LORENZO(TJA),"anticoncepcion, prevencion de its y de cancer de cuello uterino",diu: usuarias nuevas,2015-11-01,0,0,1,0,0,1
SAN RAMON SCZ,"anticoncepcion, prevencion de its y de cancer de cuello uterino",diu: usuarias nuevas,2015-11-01,0,2,0,0,0,2
SANTA ANA,"anticoncepcion, prevencion de its y de cancer de cuello uterino",diu: usuarias nuevas,2015-11-01,0,0,2,0,0,2
SANTA CRUZ DE LA SIERRA,"anticoncepcion, prevencion de its y de cancer de cuello uterino",diu: usuarias nuevas,2015-11-01,0,28,128,39,0,195
SANTA ROSA DEL SARA,"anticoncepcion, prevencion de its y de cancer de cuello uterino",diu: usuarias nuevas,2015-11-01,0,1,2,0,0,3
SIPE SIPE,"anticoncepcion, prevencion de its y de cancer de cuello uterino",diu: usuarias nuevas,2015-11-01,0,1,5,0,0,6
SUCRE,"anticoncepcion, prevencion de its y de cancer de cuello uterino",diu: usuarias nuevas,2015-11-01,1,2,27,8,0,38
TARATA,"anticoncepcion, prevencion de its y de cancer de cuello uterino",diu: usuarias nuevas,2015-11-01,0,0,1,0,0,1
TARIJA,"anticoncepcion, prevencion de its y de cancer de cuello uterino",diu: usuarias nuevas,2015-11-01,0,7,18,3,0,28
TIPUANI,"anticoncepcion, prevencion de its y de cancer de cuello uterino",diu: usuarias nuevas,2015-11-01,0,0,1,0,0,1
TIQUIPAYA,"anticoncepcion, prevencion de its y de cancer de cuello uterino",diu: usuarias nuevas,2015-11-01,0,1,2,0,0,3
TORO TORO,"anticoncepcion, prevencion de its y de cancer de cuello uterino",diu: usuarias nuevas,2015-11-01,0,1,2,1,0,4
TOTORA(CBBA),"anticoncepcion, prevencion de its y de cancer de cuello uterino",diu: usuarias nuevas,2015-11-01,0,1,1,0,0,2
TRINIDAD,"anticoncepcion, prevencion de its y de cancer de cuello uterino",diu: usuarias nuevas,2015-11-01,0,0,2,1,0,3
TUPIZA,"anticoncepcion, prevencion de its y de cancer de cuello uterino",diu: usuarias nuevas,2015-11-01,0,0,2,2,0,4
UYUNI,"anticoncepcion, prevencion de its y de cancer de cuello uterino",diu: usuarias nuevas,2015-11-01,0,0,2,0,0,2
VALLEGRANDE,"anticoncepcion, prevencion de its y de cancer de cuello uterino",diu: usuarias nuevas,2015-11-01,0,1,6,0,0,7
VIACHA,"anticoncepcion, prevencion de its y de cancer de cuello uterino",diu: usuarias nuevas,2015-11-01,0,0,2,4,0,6
VILLAZON,"anticoncepcion, prevencion de its y de cancer de cuello uterino",diu: usuarias nuevas,2015-11-01,0,0,1,0,0,1
WARNES,"anticoncepcion, prevencion de its y de cancer de cuello uterino",diu: usuarias nuevas,2015-11-01,0,0,4,1,0,5
YACUIBA,"anticoncepcion, prevencion de its y de cancer de cuello uterino",diu: usuarias nuevas,2015-11-01,0,0,5,2,0,7
ZUDAÃ‘EZ,"anticoncepcion, prevencion de its y de cancer de cuello uterino",diu: usuarias nuevas,2015-11-01,0,0,0,1,0,1
ACHACACHI,"anticoncepcion, prevencion de its y de cancer de cuello uterino",diu: usuarias nuevas,2015-12-01,0,0,1,0,0,1
AIQUILE,"anticoncepcion, prevencion de its y de cancer de cuello uterino",diu: usuarias nuevas,2015-12-01,0,0,2,1,0,3
APOLO,"anticoncepcion, prevencion de its y de cancer de cuello uterino",diu: usuarias nuevas,2015-12-01,0,0,1,0,0,1
ARANI,"anticoncepcion, prevencion de its y de cancer de cuello uterino",diu: usuarias nuevas,2015-12-01,0,0,1,0,0,1
AYOPAYA (V. DE INDEPENDENCIA),"anticoncepcion, prevencion de its y de cancer de cuello uterino",diu: usuarias nuevas,2015-12-01,0,0,1,1,0,2
BAURES,"anticoncepcion, prevencion de its y de cancer de cuello uterino",diu: usuarias nuevas,2015-12-01,0,0,1,0,0,1
BERMEJO,"anticoncepcion, prevencion de its y de cancer de cuello uterino",diu: usuarias nuevas,2015-12-01,0,0,2,0,0,2
CAMARGO,"anticoncepcion, prevencion de its y de cancer de cuello uterino",diu: usuarias nuevas,2015-12-01,0,1,1,2,0,4
CAMATAQUI (C. VILLA ABECIA),"anticoncepcion, prevencion de its y de cancer de cuello uterino",diu: usuarias nuevas,2015-12-01,0,0,1,0,0,1
CAMIRI,"anticoncepcion, prevencion de its y de cancer de cuello uterino",diu: usuarias nuevas,2015-12-01,0,0,0,1,0,1
CAPINOTA,"anticoncepcion, prevencion de its y de cancer de cuello uterino",diu: usuarias nuevas,2015-12-01,0,0,1,0,0,1
CARACOLLO,"anticoncepcion, prevencion de its y de cancer de cuello uterino",diu: usuarias nuevas,2015-12-01,0,0,0,1,0,1
CHARAGUA,"anticoncepcion, prevencion de its y de cancer de cuello uterino",diu: usuarias nuevas,2015-12-01,0,0,1,0,0,1
CHUQUIHUTA AYLLU JUCUMANI,"anticoncepcion, prevencion de its y de cancer de cuello uterino",diu: usuarias nuevas,2015-12-01,0,0,1,0,0,1
CLIZA,"anticoncepcion, prevencion de its y de cancer de cuello uterino",diu: usuarias nuevas,2015-12-01,0,1,2,0,0,3
COBIJA,"anticoncepcion, prevencion de its y de cancer de cuello uterino",diu: usuarias nuevas,2015-12-01,0,0,1,0,0,1
COCHABAMBA,"anticoncepcion, prevencion de its y de cancer de cuello uterino",diu: usuarias nuevas,2015-12-01,0,12,143,51,0,206
COLCAPIRHUA,"anticoncepcion, prevencion de its y de cancer de cuello uterino",diu: usuarias nuevas,2015-12-01,0,0,5,0,0,5
COLQUIRI,"anticoncepcion, prevencion de its y de cancer de cuello uterino",diu: usuarias nuevas,2015-12-01,0,0,1,0,0,1
COMARAPA,"anticoncepcion, prevencion de its y de cancer de cuello uterino",diu: usuarias nuevas,2015-12-01,0,0,1,0,0,1
COTOCA,"anticoncepcion, prevencion de its y de cancer de cuello uterino",diu: usuarias nuevas,2015-12-01,0,1,0,1,0,2
CUATRO CAÃ‘ADAS,"anticoncepcion, prevencion de its y de cancer de cuello uterino",diu: usuarias nuevas,2015-12-01,0,1,2,0,0,3
EL ALTO,"anticoncepcion, prevencion de its y de cancer de cuello uterino",diu: usuarias nuevas,2015-12-01,0,5,46,37,0,88
EL PUENTE(TJA),"anticoncepcion, prevencion de its y de cancer de cuello uterino",diu: usuarias nuevas,2015-12-01,0,0,2,0,0,2
EL TORNO,"anticoncepcion, prevencion de its y de cancer de cuello uterino",diu: usuarias nuevas,2015-12-01,0,0,1,1,0,2
ENTRE RIOS TRJ,"anticoncepcion, prevencion de its y de cancer de cuello uterino",diu: usuarias nuevas,2015-12-01,0,0,1,0,0,1
FERNANDEZ ALONSO,"anticoncepcion, prevencion de its y de cancer de cuello uterino",diu: usuarias nuevas,2015-12-01,0,0,1,0,0,1
GENERAL SAAVEDRA,"anticoncepcion, prevencion de its y de cancer de cuello uterino",diu: usuarias nuevas,2015-12-01,0,1,0,0,0,1
GUAYARAMERIN,"anticoncepcion, prevencion de its y de cancer de cuello uterino",diu: usuarias nuevas,2015-12-01,0,0,1,0,0,1
HUACAYA (VILLA DE HUACAYA),"anticoncepcion, prevencion de its y de cancer de cuello uterino",diu: usuarias nuevas,2015-12-01,0,0,1,1,0,2
IRUPANA (VILLA DE LANZA),"anticoncepcion, prevencion de its y de cancer de cuello uterino",diu: usuarias nuevas,2015-12-01,0,0,1,0,0,1
IXIAMAS,"anticoncepcion, prevencion de its y de cancer de cuello uterino",diu: usuarias nuevas,2015-12-01,0,0,1,0,0,1
LA GUARDIA,"anticoncepcion, prevencion de its y de cancer de cuello uterino",diu: usuarias nuevas,2015-12-01,0,3,14,2,0,19
LA PAZ,"anticoncepcion, prevencion de its y de cancer de cuello uterino",diu: usuarias nuevas,2015-12-01,0,8,76,17,0,101
LAS CARRERAS,"anticoncepcion, prevencion de its y de cancer de cuello uterino",diu: usuarias nuevas,2015-12-01,0,0,0,1,0,1
LLALLAGUA,"anticoncepcion, prevencion de its y de cancer de cuello uterino",diu: usuarias nuevas,2015-12-01,0,3,4,0,0,7
MACHARETI,"anticoncepcion, prevencion de its y de cancer de cuello uterino",diu: usuarias nuevas,2015-12-01,0,0,3,0,0,3
MONTEAGUDO,"anticoncepcion, prevencion de its y de cancer de cuello uterino",diu: usuarias nuevas,2015-12-01,0,1,5,1,0,7
MONTERO,"anticoncepcion, prevencion de its y de cancer de cuello uterino",diu: usuarias nuevas,2015-12-01,0,0,8,4,0,12
MOROCHATA,"anticoncepcion, prevencion de its y de cancer de cuello uterino",diu: usuarias nuevas,2015-12-01,0,0,1,0,0,1
ORURO,"anticoncepcion, prevencion de its y de cancer de cuello uterino",diu: usuarias nuevas,2015-12-01,0,1,17,6,0,24
PADCAYA,"anticoncepcion, prevencion de its y de cancer de cuello uterino",diu: usuarias nuevas,2015-12-01,0,0,2,0,0,2
PADILLA,"anticoncepcion, prevencion de its y de cancer de cuello uterino",diu: usuarias nuevas,2015-12-01,0,0,3,0,0,3
PAILON,"anticoncepcion, prevencion de its y de cancer de cuello uterino",diu: usuarias nuevas,2015-12-01,0,1,3,1,0,5
PALCA,"anticoncepcion, prevencion de its y de cancer de cuello uterino",diu: usuarias nuevas,2015-12-01,0,1,2,0,0,3
PAMPA GRANDE,"anticoncepcion, prevencion de its y de cancer de cuello uterino",diu: usuarias nuevas,2015-12-01,0,0,1,0,0,1
POCONA,"anticoncepcion, prevencion de its y de cancer de cuello uterino",diu: usuarias nuevas,2015-12-01,0,0,1,0,0,1
PORONGO,"anticoncepcion, prevencion de its y de cancer de cuello uterino",diu: usuarias nuevas,2015-12-01,0,0,1,0,0,1
PORTACHUELO,"anticoncepcion, prevencion de its y de cancer de cuello uterino",diu: usuarias nuevas,2015-12-01,0,0,1,0,0,1
POTOSI,"anticoncepcion, prevencion de its y de cancer de cuello uterino",diu: usuarias nuevas,2015-12-01,0,0,7,7,0,14
PUERTO SUAREZ,"anticoncepcion, prevencion de its y de cancer de cuello uterino",diu: usuarias nuevas,2015-12-01,0,0,1,0,0,1
PUERTO VILLARROEL,"anticoncepcion, prevencion de its y de cancer de cuello uterino",diu: usuarias nuevas,2015-12-01,0,0,1,2,0,3
QUILLACOLLO,"anticoncepcion, prevencion de its y de cancer de cuello uterino",diu: usuarias nuevas,2015-12-01,0,1,6,5,0,12
RIBERALTA,"anticoncepcion, prevencion de its y de cancer de cuello uterino",diu: usuarias nuevas,2015-12-01,0,0,1,0,0,1
RURRENABAQUE,"anticoncepcion, prevencion de its y de cancer de cuello uterino",diu: usuarias nuevas,2015-12-01,0,0,1,0,0,1
SACABA,"anticoncepcion, prevencion de its y de cancer de cuello uterino",diu: usuarias nuevas,2015-12-01,0,1,16,1,0,18
SAIPINA,"anticoncepcion, prevencion de its y de cancer de cuello uterino",diu: usuarias nuevas,2015-12-01,0,0,2,0,0,2
SAMAIPATA,"anticoncepcion, prevencion de its y de cancer de cuello uterino",diu: usuarias nuevas,2015-12-01,0,1,0,0,0,1
SAN BORJA,"anticoncepcion, prevencion de its y de cancer de cuello uterino",diu: usuarias nuevas,2015-12-01,0,1,1,0,0,2
SAN BUENA VENTURA,"anticoncepcion, prevencion de its y de cancer de cuello uterino",diu: usuarias nuevas,2015-12-01,0,0,1,0,0,1
SAN CARLOS,"anticoncepcion, prevencion de its y de cancer de cuello uterino",diu: usuarias nuevas,2015-12-01,0,1,1,0,0,2
SAN IGNACIO,"anticoncepcion, prevencion de its y de cancer de cuello uterino",diu: usuarias nuevas,2015-12-01,0,0,7,0,0,7
SAN JOSE DE CHIQUITOS,"anticoncepcion, prevencion de its y de cancer de cuello uterino",diu: usuarias nuevas,2015-12-01,0,0,1,0,0,1
SAN JULIAN,"anticoncepcion, prevencion de its y de cancer de cuello uterino",diu: usuarias nuevas,2015-12-01,0,0,1,0,0,1
SAN LORENZO(TJA),"anticoncepcion, prevencion de its y de cancer de cuello uterino",diu: usuarias nuevas,2015-12-01,0,0,1,1,0,2
SAN LUCAS,"anticoncepcion, prevencion de its y de cancer de cuello uterino",diu: usuarias nuevas,2015-12-01,0,0,1,0,0,1
SAN RAMON SCZ,"anticoncepcion, prevencion de its y de cancer de cuello uterino",diu: usuarias nuevas,2015-12-01,0,1,1,1,0,3
SANTA ANA,"anticoncepcion, prevencion de its y de cancer de cuello uterino",diu: usuarias nuevas,2015-12-01,0,0,2,0,0,2
SANTA CRUZ DE LA SIERRA,"anticoncepcion, prevencion de its y de cancer de cuello uterino",diu: usuarias nuevas,2015-12-01,0,12,103,49,0,164
SANTA ROSA,"anticoncepcion, prevencion de its y de cancer de cuello uterino",diu: usuarias nuevas,2015-12-01,0,0,1,0,0,1
SANTA ROSA DEL SARA,"anticoncepcion, prevencion de its y de cancer de cuello uterino",diu: usuarias nuevas,2015-12-01,0,0,2,1,0,3
SANTIVAÃ‘ES,"anticoncepcion, prevencion de its y de cancer de cuello uterino",diu: usuarias nuevas,2015-12-01,0,0,1,0,0,1
SHINAOTA,"anticoncepcion, prevencion de its y de cancer de cuello uterino",diu: usuarias nuevas,2015-12-01,0,0,0,1,0,1
SIPE SIPE,"anticoncepcion, prevencion de its y de cancer de cuello uterino",diu: usuarias nuevas,2015-12-01,0,0,1,1,0,2
SUCRE,"anticoncepcion, prevencion de its y de cancer de cuello uterino",diu: usuarias nuevas,2015-12-01,0,3,24,16,0,43
TARIJA,"anticoncepcion, prevencion de its y de cancer de cuello uterino",diu: usuarias nuevas,2015-12-01,0,8,19,8,0,35
TEOPONTE,"anticoncepcion, prevencion de its y de cancer de cuello uterino",diu: usuarias nuevas,2015-12-01,0,0,1,2,0,3
TIQUIPAYA,"anticoncepcion, prevencion de its y de cancer de cuello uterino",diu: usuarias nuevas,2015-12-01,0,0,3,1,0,4
TIRAQUE (CBBA),"anticoncepcion, prevencion de its y de cancer de cuello uterino",diu: usuarias nuevas,2015-12-01,0,1,0,1,0,2
TORO TORO,"anticoncepcion, prevencion de its y de cancer de cuello uterino",diu: usuarias nuevas,2015-12-01,0,0,2,0,0,2
TRINIDAD,"anticoncepcion, prevencion de its y de cancer de cuello uterino",diu: usuarias nuevas,2015-12-01,0,4,8,1,0,13
TUPIZA,"anticoncepcion, prevencion de its y de cancer de cuello uterino",diu: usuarias nuevas,2015-12-01,0,2,2,0,0,4
URIONDO (A. CONCEPCION),"anticoncepcion, prevencion de its y de cancer de cuello uterino",diu: usuarias nuevas,2015-12-01,0,0,0,1,0,1
URUBICHA,"anticoncepcion, prevencion de its y de cancer de cuello uterino",diu: usuarias nuevas,2015-12-01,1,0,0,0,0,1
VALLEGRANDE,"anticoncepcion, prevencion de its y de cancer de cuello uterino",diu: usuarias nuevas,2015-12-01,0,1,1,0,0,2
VIACHA,"anticoncepcion, prevencion de its y de cancer de cuello uterino",diu: usuarias nuevas,2015-12-01,0,1,1,0,0,2
VILLA MONTES,"anticoncepcion, prevencion de its y de cancer de cuello uterino",diu: usuarias nuevas,2015-12-01,0,0,2,0,0,2
VILLA TUNARI,"anticoncepcion, prevencion de its y de cancer de cuello uterino",diu: usuarias nuevas,2015-12-01,0,0,5,0,0,5
VILLA VACA GUZMAN (MUYUPAMPA),"anticoncepcion, prevencion de its y de cancer de cuello uterino",diu: usuarias nuevas,2015-12-01,0,0,1,0,0,1
VILLAZON,"anticoncepcion, prevencion de its y de cancer de cuello uterino",diu: usuarias nuevas,2015-12-01,0,0,2,1,0,3
VINTO,"anticoncepcion, prevencion de its y de cancer de cuello uterino",diu: usuarias nuevas,2015-12-01,1,0,0,1,0,2
WARNES,"anticoncepcion, prevencion de its y de cancer de cuello uterino",diu: usuarias nuevas,2015-12-01,0,0,4,1,1,6
YACUIBA,"anticoncepcion, prevencion de its y de cancer de cuello uterino",diu: usuarias nuevas,2015-12-01,0,1,4,2,0,7
