municipality,group,variable,month,DIU: Usuarias Continuas,DIU: Usuarias Continuas1,DIU: Usuarias Continuas2,DIU: Usuarias Continuas3,DIU: Usuarias Continuas4,TOTAL
ACHACACHI,"anticoncepcion, prevencion de its y de cancer de cuello uterino",diu: usuarias continuas,2015-01-01,0,0,0,1,0,1
AIQUILE,"anticoncepcion, prevencion de its y de cancer de cuello uterino",diu: usuarias continuas,2015-01-01,0,0,1,1,0,2
APOLO,"anticoncepcion, prevencion de its y de cancer de cuello uterino",diu: usuarias continuas,2015-01-01,0,0,0,1,0,1
ARANI,"anticoncepcion, prevencion de its y de cancer de cuello uterino",diu: usuarias continuas,2015-01-01,0,0,1,0,0,1
AUCAPATA,"anticoncepcion, prevencion de its y de cancer de cuello uterino",diu: usuarias continuas,2015-01-01,0,0,0,1,0,1
AYOPAYA (V. DE INDEPENDENCIA),"anticoncepcion, prevencion de its y de cancer de cuello uterino",diu: usuarias continuas,2015-01-01,0,0,2,0,0,2
AZURDUY,"anticoncepcion, prevencion de its y de cancer de cuello uterino",diu: usuarias continuas,2015-01-01,0,0,1,0,0,1
BERMEJO,"anticoncepcion, prevencion de its y de cancer de cuello uterino",diu: usuarias continuas,2015-01-01,0,0,2,4,0,6
CAMARGO,"anticoncepcion, prevencion de its y de cancer de cuello uterino",diu: usuarias continuas,2015-01-01,0,1,3,3,0,7
CAPINOTA,"anticoncepcion, prevencion de its y de cancer de cuello uterino",diu: usuarias continuas,2015-01-01,0,1,3,3,0,7
CARAPARI,"anticoncepcion, prevencion de its y de cancer de cuello uterino",diu: usuarias continuas,2015-01-01,0,0,1,0,0,1
CHULUMANI (V. DE LA LIBERTAD),"anticoncepcion, prevencion de its y de cancer de cuello uterino",diu: usuarias continuas,2015-01-01,0,0,1,0,0,1
CKOCHAS,"anticoncepcion, prevencion de its y de cancer de cuello uterino",diu: usuarias continuas,2015-01-01,0,0,2,0,0,2
CLIZA,"anticoncepcion, prevencion de its y de cancer de cuello uterino",diu: usuarias continuas,2015-01-01,0,0,4,2,2,8
COBIJA,"anticoncepcion, prevencion de its y de cancer de cuello uterino",diu: usuarias continuas,2015-01-01,0,0,1,1,0,2
COCHABAMBA,"anticoncepcion, prevencion de its y de cancer de cuello uterino",diu: usuarias continuas,2015-01-01,1,10,139,57,4,211
COLCAPIRHUA,"anticoncepcion, prevencion de its y de cancer de cuello uterino",diu: usuarias continuas,2015-01-01,0,0,1,0,0,1
CONCEPCION,"anticoncepcion, prevencion de its y de cancer de cuello uterino",diu: usuarias continuas,2015-01-01,0,0,1,0,0,1
EL ALTO,"anticoncepcion, prevencion de its y de cancer de cuello uterino",diu: usuarias continuas,2015-01-01,0,2,47,54,0,103
EL PUENTE(TJA),"anticoncepcion, prevencion de its y de cancer de cuello uterino",diu: usuarias continuas,2015-01-01,0,0,0,1,0,1
EL TORNO,"anticoncepcion, prevencion de its y de cancer de cuello uterino",diu: usuarias continuas,2015-01-01,1,4,5,2,0,12
ENTRE RIOS TRJ,"anticoncepcion, prevencion de its y de cancer de cuello uterino",diu: usuarias continuas,2015-01-01,0,0,7,1,0,8
ENTRE RIOS CBBA,"anticoncepcion, prevencion de its y de cancer de cuello uterino",diu: usuarias continuas,2015-01-01,0,0,0,1,0,1
GENERAL SAAVEDRA,"anticoncepcion, prevencion de its y de cancer de cuello uterino",diu: usuarias continuas,2015-01-01,0,0,2,0,0,2
GUANAY,"anticoncepcion, prevencion de its y de cancer de cuello uterino",diu: usuarias continuas,2015-01-01,0,0,1,0,0,1
HUACHACALLA,"anticoncepcion, prevencion de its y de cancer de cuello uterino",diu: usuarias continuas,2015-01-01,0,0,0,1,0,1
LA GUARDIA,"anticoncepcion, prevencion de its y de cancer de cuello uterino",diu: usuarias continuas,2015-01-01,0,1,8,2,0,11
LA PAZ,"anticoncepcion, prevencion de its y de cancer de cuello uterino",diu: usuarias continuas,2015-01-01,0,89,227,18,0,334
MACHARETI,"anticoncepcion, prevencion de its y de cancer de cuello uterino",diu: usuarias continuas,2015-01-01,0,0,1,1,0,2
MAIRANA,"anticoncepcion, prevencion de its y de cancer de cuello uterino",diu: usuarias continuas,2015-01-01,0,1,2,0,0,3
MIZQUE,"anticoncepcion, prevencion de its y de cancer de cuello uterino",diu: usuarias continuas,2015-01-01,0,1,6,0,0,7
MONTEAGUDO,"anticoncepcion, prevencion de its y de cancer de cuello uterino",diu: usuarias continuas,2015-01-01,0,0,3,0,0,3
MORO MORO,"anticoncepcion, prevencion de its y de cancer de cuello uterino",diu: usuarias continuas,2015-01-01,0,0,2,0,0,2
ORURO,"anticoncepcion, prevencion de its y de cancer de cuello uterino",diu: usuarias continuas,2015-01-01,0,1,18,13,1,33
PADCAYA,"anticoncepcion, prevencion de its y de cancer de cuello uterino",diu: usuarias continuas,2015-01-01,0,0,1,0,0,1
PAILON,"anticoncepcion, prevencion de its y de cancer de cuello uterino",diu: usuarias continuas,2015-01-01,0,0,1,0,0,1
PAMPA GRANDE,"anticoncepcion, prevencion de its y de cancer de cuello uterino",diu: usuarias continuas,2015-01-01,0,0,2,0,0,2
PASORAPA,"anticoncepcion, prevencion de its y de cancer de cuello uterino",diu: usuarias continuas,2015-01-01,0,0,0,1,0,1
PATACAMAYA,"anticoncepcion, prevencion de its y de cancer de cuello uterino",diu: usuarias continuas,2015-01-01,0,0,1,1,0,2
POJO (CBBA),"anticoncepcion, prevencion de its y de cancer de cuello uterino",diu: usuarias continuas,2015-01-01,0,0,1,1,0,2
PORONGO,"anticoncepcion, prevencion de its y de cancer de cuello uterino",diu: usuarias continuas,2015-01-01,0,0,4,0,0,4
POSTRER VALLE,"anticoncepcion, prevencion de its y de cancer de cuello uterino",diu: usuarias continuas,2015-01-01,0,0,0,1,0,1
POTOSI,"anticoncepcion, prevencion de its y de cancer de cuello uterino",diu: usuarias continuas,2015-01-01,0,0,7,1,1,9
PUERTO VILLARROEL,"anticoncepcion, prevencion de its y de cancer de cuello uterino",diu: usuarias continuas,2015-01-01,0,0,2,0,0,2
PUNATA,"anticoncepcion, prevencion de its y de cancer de cuello uterino",diu: usuarias continuas,2015-01-01,0,0,3,1,0,4
QUILLACOLLO,"anticoncepcion, prevencion de its y de cancer de cuello uterino",diu: usuarias continuas,2015-01-01,0,6,15,1,0,22
RIBERALTA,"anticoncepcion, prevencion de its y de cancer de cuello uterino",diu: usuarias continuas,2015-01-01,0,0,5,0,0,5
ROBORE,"anticoncepcion, prevencion de its y de cancer de cuello uterino",diu: usuarias continuas,2015-01-01,0,0,2,0,0,2
SACABA,"anticoncepcion, prevencion de its y de cancer de cuello uterino",diu: usuarias continuas,2015-01-01,0,3,10,5,0,18
SAIPINA,"anticoncepcion, prevencion de its y de cancer de cuello uterino",diu: usuarias continuas,2015-01-01,0,0,1,1,0,2
SAN BORJA,"anticoncepcion, prevencion de its y de cancer de cuello uterino",diu: usuarias continuas,2015-01-01,0,1,1,1,0,3
SAN IGNACIO,"anticoncepcion, prevencion de its y de cancer de cuello uterino",diu: usuarias continuas,2015-01-01,0,0,1,0,0,1
SAN IGNACIO DE VELASCO,"anticoncepcion, prevencion de its y de cancer de cuello uterino",diu: usuarias continuas,2015-01-01,0,2,3,0,0,5
SAN JULIAN,"anticoncepcion, prevencion de its y de cancer de cuello uterino",diu: usuarias continuas,2015-01-01,0,0,0,1,0,1
SAN LORENZO(TJA),"anticoncepcion, prevencion de its y de cancer de cuello uterino",diu: usuarias continuas,2015-01-01,0,0,4,1,0,5
SAN LUCAS,"anticoncepcion, prevencion de its y de cancer de cuello uterino",diu: usuarias continuas,2015-01-01,0,1,0,0,0,1
SAN MATIAS,"anticoncepcion, prevencion de its y de cancer de cuello uterino",diu: usuarias continuas,2015-01-01,0,0,2,0,0,2
SANTA CRUZ DE LA SIERRA,"anticoncepcion, prevencion de its y de cancer de cuello uterino",diu: usuarias continuas,2015-01-01,1,8,80,43,0,132
SIPE SIPE,"anticoncepcion, prevencion de its y de cancer de cuello uterino",diu: usuarias continuas,2015-01-01,0,1,0,0,0,1
SUCRE,"anticoncepcion, prevencion de its y de cancer de cuello uterino",diu: usuarias continuas,2015-01-01,0,2,52,13,0,67
TAPACARI,"anticoncepcion, prevencion de its y de cancer de cuello uterino",diu: usuarias continuas,2015-01-01,0,0,0,1,0,1
TARIJA,"anticoncepcion, prevencion de its y de cancer de cuello uterino",diu: usuarias continuas,2015-01-01,1,9,54,121,1,186
TIQUIPAYA,"anticoncepcion, prevencion de its y de cancer de cuello uterino",diu: usuarias continuas,2015-01-01,0,0,2,0,0,2
TIRAQUE (CBBA),"anticoncepcion, prevencion de its y de cancer de cuello uterino",diu: usuarias continuas,2015-01-01,0,1,0,0,1,2
TOTORA(CBBA),"anticoncepcion, prevencion de its y de cancer de cuello uterino",diu: usuarias continuas,2015-01-01,0,0,1,0,0,1
TRINIDAD,"anticoncepcion, prevencion de its y de cancer de cuello uterino",diu: usuarias continuas,2015-01-01,0,1,9,0,0,10
TUPIZA,"anticoncepcion, prevencion de its y de cancer de cuello uterino",diu: usuarias continuas,2015-01-01,0,0,3,0,0,3
URIONDO (A. CONCEPCION),"anticoncepcion, prevencion de its y de cancer de cuello uterino",diu: usuarias continuas,2015-01-01,0,0,1,0,0,1
URUBICHA,"anticoncepcion, prevencion de its y de cancer de cuello uterino",diu: usuarias continuas,2015-01-01,0,0,1,0,0,1
UYUNI,"anticoncepcion, prevencion de its y de cancer de cuello uterino",diu: usuarias continuas,2015-01-01,0,1,0,0,0,1
VALLEGRANDE,"anticoncepcion, prevencion de its y de cancer de cuello uterino",diu: usuarias continuas,2015-01-01,0,0,8,0,0,8
VIACHA,"anticoncepcion, prevencion de its y de cancer de cuello uterino",diu: usuarias continuas,2015-01-01,0,0,1,1,0,2
VILLA MONTES,"anticoncepcion, prevencion de its y de cancer de cuello uterino",diu: usuarias continuas,2015-01-01,0,0,2,0,0,2
VILLA TUNARI,"anticoncepcion, prevencion de its y de cancer de cuello uterino",diu: usuarias continuas,2015-01-01,0,0,3,0,0,3
VILLAZON,"anticoncepcion, prevencion de its y de cancer de cuello uterino",diu: usuarias continuas,2015-01-01,0,0,5,2,0,7
VINTO,"anticoncepcion, prevencion de its y de cancer de cuello uterino",diu: usuarias continuas,2015-01-01,0,0,3,0,0,3
WARNES,"anticoncepcion, prevencion de its y de cancer de cuello uterino",diu: usuarias continuas,2015-01-01,0,0,3,0,0,3
YACUIBA,"anticoncepcion, prevencion de its y de cancer de cuello uterino",diu: usuarias continuas,2015-01-01,0,2,39,3,0,44
YOTALA,"anticoncepcion, prevencion de its y de cancer de cuello uterino",diu: usuarias continuas,2015-01-01,0,0,1,1,0,2
AIQUILE,"anticoncepcion, prevencion de its y de cancer de cuello uterino",diu: usuarias continuas,2015-02-01,0,1,3,1,0,5
ANZALDO,"anticoncepcion, prevencion de its y de cancer de cuello uterino",diu: usuarias continuas,2015-02-01,0,0,1,0,0,1
ARANI,"anticoncepcion, prevencion de its y de cancer de cuello uterino",diu: usuarias continuas,2015-02-01,0,0,0,1,0,1
ASCENCION DE GUARAYOS,"anticoncepcion, prevencion de its y de cancer de cuello uterino",diu: usuarias continuas,2015-02-01,0,0,0,1,0,1
BERMEJO,"anticoncepcion, prevencion de its y de cancer de cuello uterino",diu: usuarias continuas,2015-02-01,0,0,3,3,0,6
CABEZAS,"anticoncepcion, prevencion de its y de cancer de cuello uterino",diu: usuarias continuas,2015-02-01,0,0,1,0,0,1
CAMARGO,"anticoncepcion, prevencion de its y de cancer de cuello uterino",diu: usuarias continuas,2015-02-01,0,0,3,1,0,4
CAPINOTA,"anticoncepcion, prevencion de its y de cancer de cuello uterino",diu: usuarias continuas,2015-02-01,0,0,7,2,0,9
CARANAVI,"anticoncepcion, prevencion de its y de cancer de cuello uterino",diu: usuarias continuas,2015-02-01,0,0,1,0,0,1
CARAPARI,"anticoncepcion, prevencion de its y de cancer de cuello uterino",diu: usuarias continuas,2015-02-01,0,0,1,0,0,1
CHALLAPATA,"anticoncepcion, prevencion de its y de cancer de cuello uterino",diu: usuarias continuas,2015-02-01,0,0,1,0,0,1
CHIMORE,"anticoncepcion, prevencion de its y de cancer de cuello uterino",diu: usuarias continuas,2015-02-01,0,0,1,0,0,1
CHULUMANI (V. DE LA LIBERTAD),"anticoncepcion, prevencion de its y de cancer de cuello uterino",diu: usuarias continuas,2015-02-01,0,1,0,0,0,1
COBIJA,"anticoncepcion, prevencion de its y de cancer de cuello uterino",diu: usuarias continuas,2015-02-01,0,0,0,1,0,1
COCHABAMBA,"anticoncepcion, prevencion de its y de cancer de cuello uterino",diu: usuarias continuas,2015-02-01,0,8,113,45,0,166
COLCAPIRHUA,"anticoncepcion, prevencion de its y de cancer de cuello uterino",diu: usuarias continuas,2015-02-01,0,0,2,0,0,2
EL ALTO,"anticoncepcion, prevencion de its y de cancer de cuello uterino",diu: usuarias continuas,2015-02-01,1,5,51,33,0,90
EL TORNO,"anticoncepcion, prevencion de its y de cancer de cuello uterino",diu: usuarias continuas,2015-02-01,0,1,3,1,0,5
ENTRE RIOS TRJ,"anticoncepcion, prevencion de its y de cancer de cuello uterino",diu: usuarias continuas,2015-02-01,0,1,2,1,0,4
ENTRE RIOS CBBA,"anticoncepcion, prevencion de its y de cancer de cuello uterino",diu: usuarias continuas,2015-02-01,0,0,2,0,0,2
GENERAL SAAVEDRA,"anticoncepcion, prevencion de its y de cancer de cuello uterino",diu: usuarias continuas,2015-02-01,0,0,1,1,0,2
IRUPANA (VILLA DE LANZA),"anticoncepcion, prevencion de its y de cancer de cuello uterino",diu: usuarias continuas,2015-02-01,0,0,1,2,0,3
LA GUARDIA,"anticoncepcion, prevencion de its y de cancer de cuello uterino",diu: usuarias continuas,2015-02-01,0,0,1,0,0,1
LA PAZ,"anticoncepcion, prevencion de its y de cancer de cuello uterino",diu: usuarias continuas,2015-02-01,0,84,222,18,2,326
LLALLAGUA,"anticoncepcion, prevencion de its y de cancer de cuello uterino",diu: usuarias continuas,2015-02-01,0,0,1,0,0,1
MAIRANA,"anticoncepcion, prevencion de its y de cancer de cuello uterino",diu: usuarias continuas,2015-02-01,0,1,2,0,0,3
MAPIRI,"anticoncepcion, prevencion de its y de cancer de cuello uterino",diu: usuarias continuas,2015-02-01,0,0,1,0,0,1
MIZQUE,"anticoncepcion, prevencion de its y de cancer de cuello uterino",diu: usuarias continuas,2015-02-01,0,0,2,1,0,3
MONTEAGUDO,"anticoncepcion, prevencion de its y de cancer de cuello uterino",diu: usuarias continuas,2015-02-01,0,2,0,0,0,2
MONTERO,"anticoncepcion, prevencion de its y de cancer de cuello uterino",diu: usuarias continuas,2015-02-01,0,0,1,0,0,1
ORURO,"anticoncepcion, prevencion de its y de cancer de cuello uterino",diu: usuarias continuas,2015-02-01,0,6,33,5,0,44
PADCAYA,"anticoncepcion, prevencion de its y de cancer de cuello uterino",diu: usuarias continuas,2015-02-01,0,0,1,0,0,1
PAILON,"anticoncepcion, prevencion de its y de cancer de cuello uterino",diu: usuarias continuas,2015-02-01,0,1,1,0,0,2
POJO (CBBA),"anticoncepcion, prevencion de its y de cancer de cuello uterino",diu: usuarias continuas,2015-02-01,0,0,2,0,0,2
PORONGO,"anticoncepcion, prevencion de its y de cancer de cuello uterino",diu: usuarias continuas,2015-02-01,0,0,1,2,0,3
POTOSI,"anticoncepcion, prevencion de its y de cancer de cuello uterino",diu: usuarias continuas,2015-02-01,0,0,18,0,0,18
PUERTO SUAREZ,"anticoncepcion, prevencion de its y de cancer de cuello uterino",diu: usuarias continuas,2015-02-01,0,0,1,0,0,1
PUERTO VILLARROEL,"anticoncepcion, prevencion de its y de cancer de cuello uterino",diu: usuarias continuas,2015-02-01,0,0,9,0,0,9
PUNATA,"anticoncepcion, prevencion de its y de cancer de cuello uterino",diu: usuarias continuas,2015-02-01,0,1,9,0,0,10
QUILLACOLLO,"anticoncepcion, prevencion de its y de cancer de cuello uterino",diu: usuarias continuas,2015-02-01,0,8,1,0,0,9
RIBERALTA,"anticoncepcion, prevencion de its y de cancer de cuello uterino",diu: usuarias continuas,2015-02-01,0,2,3,0,0,5
ROBORE,"anticoncepcion, prevencion de its y de cancer de cuello uterino",diu: usuarias continuas,2015-02-01,0,0,2,0,0,2
SACABA,"anticoncepcion, prevencion de its y de cancer de cuello uterino",diu: usuarias continuas,2015-02-01,0,2,7,8,0,17
SACABAMBA,"anticoncepcion, prevencion de its y de cancer de cuello uterino",diu: usuarias continuas,2015-02-01,0,0,2,0,0,2
SAN BORJA,"anticoncepcion, prevencion de its y de cancer de cuello uterino",diu: usuarias continuas,2015-02-01,0,1,6,1,0,8
SAN CARLOS,"anticoncepcion, prevencion de its y de cancer de cuello uterino",diu: usuarias continuas,2015-02-01,0,0,3,0,0,3
SAN IGNACIO,"anticoncepcion, prevencion de its y de cancer de cuello uterino",diu: usuarias continuas,2015-02-01,0,0,1,0,0,1
SAN IGNACIO DE VELASCO,"anticoncepcion, prevencion de its y de cancer de cuello uterino",diu: usuarias continuas,2015-02-01,0,3,2,0,0,5
SAN LORENZO(TJA),"anticoncepcion, prevencion de its y de cancer de cuello uterino",diu: usuarias continuas,2015-02-01,0,0,5,2,0,7
SAN MATIAS,"anticoncepcion, prevencion de its y de cancer de cuello uterino",diu: usuarias continuas,2015-02-01,0,0,1,0,0,1
SAN MIGUEL DE VELASCO,"anticoncepcion, prevencion de its y de cancer de cuello uterino",diu: usuarias continuas,2015-02-01,0,0,1,0,0,1
SANTA ANA,"anticoncepcion, prevencion de its y de cancer de cuello uterino",diu: usuarias continuas,2015-02-01,0,0,4,0,0,4
SANTA CRUZ DE LA SIERRA,"anticoncepcion, prevencion de its y de cancer de cuello uterino",diu: usuarias continuas,2015-02-01,0,8,70,33,0,111
SANTA ROSA DEL SARA,"anticoncepcion, prevencion de its y de cancer de cuello uterino",diu: usuarias continuas,2015-02-01,0,0,0,1,0,1
SUCRE,"anticoncepcion, prevencion de its y de cancer de cuello uterino",diu: usuarias continuas,2015-02-01,0,1,24,5,0,30
TAPACARI,"anticoncepcion, prevencion de its y de cancer de cuello uterino",diu: usuarias continuas,2015-02-01,0,0,1,0,0,1
TARIJA,"anticoncepcion, prevencion de its y de cancer de cuello uterino",diu: usuarias continuas,2015-02-01,0,8,103,37,1,149
TIQUIPAYA,"anticoncepcion, prevencion de its y de cancer de cuello uterino",diu: usuarias continuas,2015-02-01,0,0,2,1,0,3
TOLATA,"anticoncepcion, prevencion de its y de cancer de cuello uterino",diu: usuarias continuas,2015-02-01,0,0,1,0,1,2
TOTORA(CBBA),"anticoncepcion, prevencion de its y de cancer de cuello uterino",diu: usuarias continuas,2015-02-01,0,0,1,0,0,1
TRINIDAD,"anticoncepcion, prevencion de its y de cancer de cuello uterino",diu: usuarias continuas,2015-02-01,1,1,12,0,0,14
TUPIZA,"anticoncepcion, prevencion de its y de cancer de cuello uterino",diu: usuarias continuas,2015-02-01,0,0,6,0,0,6
URIONDO (A. CONCEPCION),"anticoncepcion, prevencion de its y de cancer de cuello uterino",diu: usuarias continuas,2015-02-01,0,0,1,0,0,1
URUBICHA,"anticoncepcion, prevencion de its y de cancer de cuello uterino",diu: usuarias continuas,2015-02-01,0,0,1,0,0,1
VALLEGRANDE,"anticoncepcion, prevencion de its y de cancer de cuello uterino",diu: usuarias continuas,2015-02-01,0,1,5,0,0,6
VILLA MONTES,"anticoncepcion, prevencion de its y de cancer de cuello uterino",diu: usuarias continuas,2015-02-01,0,1,1,0,0,2
VILLAZON,"anticoncepcion, prevencion de its y de cancer de cuello uterino",diu: usuarias continuas,2015-02-01,0,0,4,0,0,4
VINTO,"anticoncepcion, prevencion de its y de cancer de cuello uterino",diu: usuarias continuas,2015-02-01,0,0,6,0,0,6
YACUIBA,"anticoncepcion, prevencion de its y de cancer de cuello uterino",diu: usuarias continuas,2015-02-01,0,3,22,6,0,31
YOTALA,"anticoncepcion, prevencion de its y de cancer de cuello uterino",diu: usuarias continuas,2015-02-01,0,0,2,0,0,2
ZUDAÑEZ,"anticoncepcion, prevencion de its y de cancer de cuello uterino",diu: usuarias continuas,2015-02-01,0,0,1,0,0,1
AIQUILE,"anticoncepcion, prevencion de its y de cancer de cuello uterino",diu: usuarias continuas,2015-03-01,0,0,3,1,0,4
ASCENCION DE GUARAYOS,"anticoncepcion, prevencion de its y de cancer de cuello uterino",diu: usuarias continuas,2015-03-01,0,0,0,1,0,1
ATOCHA,"anticoncepcion, prevencion de its y de cancer de cuello uterino",diu: usuarias continuas,2015-03-01,0,0,2,0,0,2
AYOPAYA (V. DE INDEPENDENCIA),"anticoncepcion, prevencion de its y de cancer de cuello uterino",diu: usuarias continuas,2015-03-01,0,0,1,0,0,1
BERMEJO,"anticoncepcion, prevencion de its y de cancer de cuello uterino",diu: usuarias continuas,2015-03-01,0,0,8,2,0,10
BOYUIBE,"anticoncepcion, prevencion de its y de cancer de cuello uterino",diu: usuarias continuas,2015-03-01,0,0,1,0,0,1
CAMARGO,"anticoncepcion, prevencion de its y de cancer de cuello uterino",diu: usuarias continuas,2015-03-01,0,0,3,0,0,3
CAPINOTA,"anticoncepcion, prevencion de its y de cancer de cuello uterino",diu: usuarias continuas,2015-03-01,0,0,3,1,0,4
CHIMORE,"anticoncepcion, prevencion de its y de cancer de cuello uterino",diu: usuarias continuas,2015-03-01,0,0,1,0,0,1
COCHABAMBA,"anticoncepcion, prevencion de its y de cancer de cuello uterino",diu: usuarias continuas,2015-03-01,0,16,109,32,1,158
COLCAPIRHUA,"anticoncepcion, prevencion de its y de cancer de cuello uterino",diu: usuarias continuas,2015-03-01,0,1,5,0,0,6
COLOMI,"anticoncepcion, prevencion de its y de cancer de cuello uterino",diu: usuarias continuas,2015-03-01,0,0,1,0,0,1
COTOCA,"anticoncepcion, prevencion de its y de cancer de cuello uterino",diu: usuarias continuas,2015-03-01,0,0,1,0,0,1
EL ALTO,"anticoncepcion, prevencion de its y de cancer de cuello uterino",diu: usuarias continuas,2015-03-01,0,1,16,51,0,68
EL TORNO,"anticoncepcion, prevencion de its y de cancer de cuello uterino",diu: usuarias continuas,2015-03-01,0,0,1,0,0,1
ENTRE RIOS TRJ,"anticoncepcion, prevencion de its y de cancer de cuello uterino",diu: usuarias continuas,2015-03-01,0,1,2,0,0,3
ENTRE RIOS CBBA,"anticoncepcion, prevencion de its y de cancer de cuello uterino",diu: usuarias continuas,2015-03-01,0,1,1,0,0,2
FERNANDEZ ALONSO,"anticoncepcion, prevencion de its y de cancer de cuello uterino",diu: usuarias continuas,2015-03-01,0,0,1,0,0,1
GENERAL SAAVEDRA,"anticoncepcion, prevencion de its y de cancer de cuello uterino",diu: usuarias continuas,2015-03-01,0,0,1,0,0,1
GUTIERREZ,"anticoncepcion, prevencion de its y de cancer de cuello uterino",diu: usuarias continuas,2015-03-01,0,0,1,0,0,1
IRUPANA (VILLA DE LANZA),"anticoncepcion, prevencion de its y de cancer de cuello uterino",diu: usuarias continuas,2015-03-01,0,0,0,1,0,1
LA GUARDIA,"anticoncepcion, prevencion de its y de cancer de cuello uterino",diu: usuarias continuas,2015-03-01,0,0,1,0,0,1
LA PAZ,"anticoncepcion, prevencion de its y de cancer de cuello uterino",diu: usuarias continuas,2015-03-01,0,146,160,28,0,334
MAIRANA,"anticoncepcion, prevencion de its y de cancer de cuello uterino",diu: usuarias continuas,2015-03-01,0,1,3,1,0,5
MAPIRI,"anticoncepcion, prevencion de its y de cancer de cuello uterino",diu: usuarias continuas,2015-03-01,0,0,10,0,0,10
MIZQUE,"anticoncepcion, prevencion de its y de cancer de cuello uterino",diu: usuarias continuas,2015-03-01,0,1,0,0,0,1
MONTEAGUDO,"anticoncepcion, prevencion de its y de cancer de cuello uterino",diu: usuarias continuas,2015-03-01,0,0,1,0,0,1
MONTERO,"anticoncepcion, prevencion de its y de cancer de cuello uterino",diu: usuarias continuas,2015-03-01,0,1,4,1,0,6
ORURO,"anticoncepcion, prevencion de its y de cancer de cuello uterino",diu: usuarias continuas,2015-03-01,0,3,43,33,0,79
PAILON,"anticoncepcion, prevencion de its y de cancer de cuello uterino",diu: usuarias continuas,2015-03-01,0,0,1,0,0,1
POJO (CBBA),"anticoncepcion, prevencion de its y de cancer de cuello uterino",diu: usuarias continuas,2015-03-01,0,0,0,1,0,1
PORONGO,"anticoncepcion, prevencion de its y de cancer de cuello uterino",diu: usuarias continuas,2015-03-01,0,0,1,0,0,1
POSTRER VALLE,"anticoncepcion, prevencion de its y de cancer de cuello uterino",diu: usuarias continuas,2015-03-01,0,0,0,2,0,2
POTOSI,"anticoncepcion, prevencion de its y de cancer de cuello uterino",diu: usuarias continuas,2015-03-01,0,0,17,9,0,26
PUERTO VILLARROEL,"anticoncepcion, prevencion de its y de cancer de cuello uterino",diu: usuarias continuas,2015-03-01,0,2,5,0,0,7
PUNATA,"anticoncepcion, prevencion de its y de cancer de cuello uterino",diu: usuarias continuas,2015-03-01,0,1,7,1,0,9
QUILLACOLLO,"anticoncepcion, prevencion de its y de cancer de cuello uterino",diu: usuarias continuas,2015-03-01,0,0,3,2,0,5
RIBERALTA,"anticoncepcion, prevencion de its y de cancer de cuello uterino",diu: usuarias continuas,2015-03-01,0,1,6,2,0,9
SACABA,"anticoncepcion, prevencion de its y de cancer de cuello uterino",diu: usuarias continuas,2015-03-01,0,1,27,12,0,40
SAIPINA,"anticoncepcion, prevencion de its y de cancer de cuello uterino",diu: usuarias continuas,2015-03-01,0,0,1,0,0,1
SALINAS DE GARCI MENDOZA,"anticoncepcion, prevencion de its y de cancer de cuello uterino",diu: usuarias continuas,2015-03-01,0,0,1,0,0,1
SAMAIPATA,"anticoncepcion, prevencion de its y de cancer de cuello uterino",diu: usuarias continuas,2015-03-01,0,0,1,0,0,1
SAN BUENA VENTURA,"anticoncepcion, prevencion de its y de cancer de cuello uterino",diu: usuarias continuas,2015-03-01,0,0,2,0,0,2
SAN CARLOS,"anticoncepcion, prevencion de its y de cancer de cuello uterino",diu: usuarias continuas,2015-03-01,0,0,5,0,0,5
SAN IGNACIO,"anticoncepcion, prevencion de its y de cancer de cuello uterino",diu: usuarias continuas,2015-03-01,0,0,3,0,0,3
SAN IGNACIO DE VELASCO,"anticoncepcion, prevencion de its y de cancer de cuello uterino",diu: usuarias continuas,2015-03-01,0,1,5,3,0,9
SAN LORENZO(TJA),"anticoncepcion, prevencion de its y de cancer de cuello uterino",diu: usuarias continuas,2015-03-01,0,0,1,1,0,2
SANTA ANA,"anticoncepcion, prevencion de its y de cancer de cuello uterino",diu: usuarias continuas,2015-03-01,0,0,3,0,0,3
SANTA CRUZ DE LA SIERRA,"anticoncepcion, prevencion de its y de cancer de cuello uterino",diu: usuarias continuas,2015-03-01,0,15,62,27,0,104
SHINAOTA,"anticoncepcion, prevencion de its y de cancer de cuello uterino",diu: usuarias continuas,2015-03-01,0,0,1,0,0,1
SIPE SIPE,"anticoncepcion, prevencion de its y de cancer de cuello uterino",diu: usuarias continuas,2015-03-01,0,0,2,0,0,2
SUCRE,"anticoncepcion, prevencion de its y de cancer de cuello uterino",diu: usuarias continuas,2015-03-01,0,1,62,7,3,73
TARIJA,"anticoncepcion, prevencion de its y de cancer de cuello uterino",diu: usuarias continuas,2015-03-01,0,4,39,96,1,140
TEOPONTE,"anticoncepcion, prevencion de its y de cancer de cuello uterino",diu: usuarias continuas,2015-03-01,0,0,0,1,0,1
TIQUIPAYA,"anticoncepcion, prevencion de its y de cancer de cuello uterino",diu: usuarias continuas,2015-03-01,0,0,4,0,0,4
TOLATA,"anticoncepcion, prevencion de its y de cancer de cuello uterino",diu: usuarias continuas,2015-03-01,0,0,2,1,0,3
TOTORA(CBBA),"anticoncepcion, prevencion de its y de cancer de cuello uterino",diu: usuarias continuas,2015-03-01,0,0,2,2,0,4
TRINIDAD,"anticoncepcion, prevencion de its y de cancer de cuello uterino",diu: usuarias continuas,2015-03-01,14,6,8,0,0,28
TUPIZA,"anticoncepcion, prevencion de its y de cancer de cuello uterino",diu: usuarias continuas,2015-03-01,0,0,2,3,0,5
URIONDO (A. CONCEPCION),"anticoncepcion, prevencion de its y de cancer de cuello uterino",diu: usuarias continuas,2015-03-01,0,0,3,0,0,3
UYUNI,"anticoncepcion, prevencion de its y de cancer de cuello uterino",diu: usuarias continuas,2015-03-01,0,0,1,0,0,1
VALLEGRANDE,"anticoncepcion, prevencion de its y de cancer de cuello uterino",diu: usuarias continuas,2015-03-01,0,1,2,0,0,3
VILLA SERRANO,"anticoncepcion, prevencion de its y de cancer de cuello uterino",diu: usuarias continuas,2015-03-01,0,0,1,0,0,1
VILLAZON,"anticoncepcion, prevencion de its y de cancer de cuello uterino",diu: usuarias continuas,2015-03-01,0,0,2,4,0,6
VINTO,"anticoncepcion, prevencion de its y de cancer de cuello uterino",diu: usuarias continuas,2015-03-01,0,1,15,8,0,24
WARNES,"anticoncepcion, prevencion de its y de cancer de cuello uterino",diu: usuarias continuas,2015-03-01,0,0,2,0,0,2
YACUIBA,"anticoncepcion, prevencion de its y de cancer de cuello uterino",diu: usuarias continuas,2015-03-01,0,3,33,12,0,48
YOTALA,"anticoncepcion, prevencion de its y de cancer de cuello uterino",diu: usuarias continuas,2015-03-01,0,1,4,0,0,5
AIQUILE,"anticoncepcion, prevencion de its y de cancer de cuello uterino",diu: usuarias continuas,2015-04-01,0,0,0,1,0,1
ATOCHA,"anticoncepcion, prevencion de its y de cancer de cuello uterino",diu: usuarias continuas,2015-04-01,0,0,2,0,0,2
BERMEJO,"anticoncepcion, prevencion de its y de cancer de cuello uterino",diu: usuarias continuas,2015-04-01,0,4,4,0,0,8
CAMARGO,"anticoncepcion, prevencion de its y de cancer de cuello uterino",diu: usuarias continuas,2015-04-01,0,0,1,1,0,2
CAMIRI,"anticoncepcion, prevencion de its y de cancer de cuello uterino",diu: usuarias continuas,2015-04-01,0,0,0,1,0,1
CAPINOTA,"anticoncepcion, prevencion de its y de cancer de cuello uterino",diu: usuarias continuas,2015-04-01,0,3,3,1,0,7
CHUQUIHUTA AYLLU JUCUMANI,"anticoncepcion, prevencion de its y de cancer de cuello uterino",diu: usuarias continuas,2015-04-01,0,0,1,0,0,1
CLIZA,"anticoncepcion, prevencion de its y de cancer de cuello uterino",diu: usuarias continuas,2015-04-01,0,0,3,3,0,6
COBIJA,"anticoncepcion, prevencion de its y de cancer de cuello uterino",diu: usuarias continuas,2015-04-01,0,1,3,0,0,4
COCHABAMBA,"anticoncepcion, prevencion de its y de cancer de cuello uterino",diu: usuarias continuas,2015-04-01,1,8,73,41,1,124
COLCAPIRHUA,"anticoncepcion, prevencion de its y de cancer de cuello uterino",diu: usuarias continuas,2015-04-01,0,0,2,1,0,3
COLOMI,"anticoncepcion, prevencion de its y de cancer de cuello uterino",diu: usuarias continuas,2015-04-01,0,0,0,1,0,1
COTOCA,"anticoncepcion, prevencion de its y de cancer de cuello uterino",diu: usuarias continuas,2015-04-01,0,0,1,0,0,1
EL ALTO,"anticoncepcion, prevencion de its y de cancer de cuello uterino",diu: usuarias continuas,2015-04-01,0,2,23,42,0,67
EL PUENTE(TJA),"anticoncepcion, prevencion de its y de cancer de cuello uterino",diu: usuarias continuas,2015-04-01,0,0,0,1,0,1
EL TORNO,"anticoncepcion, prevencion de its y de cancer de cuello uterino",diu: usuarias continuas,2015-04-01,0,0,2,1,0,3
ENTRE RIOS TRJ,"anticoncepcion, prevencion de its y de cancer de cuello uterino",diu: usuarias continuas,2015-04-01,0,1,1,0,0,2
ENTRE RIOS CBBA,"anticoncepcion, prevencion de its y de cancer de cuello uterino",diu: usuarias continuas,2015-04-01,0,0,1,0,0,1
GENERAL SAAVEDRA,"anticoncepcion, prevencion de its y de cancer de cuello uterino",diu: usuarias continuas,2015-04-01,0,1,0,2,0,3
HUACHACALLA,"anticoncepcion, prevencion de its y de cancer de cuello uterino",diu: usuarias continuas,2015-04-01,0,0,1,0,0,1
LA GUARDIA,"anticoncepcion, prevencion de its y de cancer de cuello uterino",diu: usuarias continuas,2015-04-01,0,0,0,1,0,1
LA PAZ,"anticoncepcion, prevencion de its y de cancer de cuello uterino",diu: usuarias continuas,2015-04-01,0,99,124,25,0,248
MAIRANA,"anticoncepcion, prevencion de its y de cancer de cuello uterino",diu: usuarias continuas,2015-04-01,0,0,1,0,0,1
MIZQUE,"anticoncepcion, prevencion de its y de cancer de cuello uterino",diu: usuarias continuas,2015-04-01,0,0,4,1,0,5
MONTEAGUDO,"anticoncepcion, prevencion de its y de cancer de cuello uterino",diu: usuarias continuas,2015-04-01,0,1,2,0,0,3
MONTERO,"anticoncepcion, prevencion de its y de cancer de cuello uterino",diu: usuarias continuas,2015-04-01,0,3,6,1,0,10
ORURO,"anticoncepcion, prevencion de its y de cancer de cuello uterino",diu: usuarias continuas,2015-04-01,0,0,32,19,0,51
PADCAYA,"anticoncepcion, prevencion de its y de cancer de cuello uterino",diu: usuarias continuas,2015-04-01,0,0,1,0,0,1
PAILON,"anticoncepcion, prevencion de its y de cancer de cuello uterino",diu: usuarias continuas,2015-04-01,0,0,2,0,0,2
PAMPA GRANDE,"anticoncepcion, prevencion de its y de cancer de cuello uterino",diu: usuarias continuas,2015-04-01,0,0,1,0,0,1
PATACAMAYA,"anticoncepcion, prevencion de its y de cancer de cuello uterino",diu: usuarias continuas,2015-04-01,0,0,0,1,0,1
POJO (CBBA),"anticoncepcion, prevencion de its y de cancer de cuello uterino",diu: usuarias continuas,2015-04-01,0,0,1,0,0,1
POSTRER VALLE,"anticoncepcion, prevencion de its y de cancer de cuello uterino",diu: usuarias continuas,2015-04-01,0,0,0,1,0,1
POTOSI,"anticoncepcion, prevencion de its y de cancer de cuello uterino",diu: usuarias continuas,2015-04-01,0,0,14,0,0,14
PUERTO VILLARROEL,"anticoncepcion, prevencion de its y de cancer de cuello uterino",diu: usuarias continuas,2015-04-01,0,1,3,1,0,5
PUNATA,"anticoncepcion, prevencion de its y de cancer de cuello uterino",diu: usuarias continuas,2015-04-01,0,0,2,0,0,2
QUILLACOLLO,"anticoncepcion, prevencion de its y de cancer de cuello uterino",diu: usuarias continuas,2015-04-01,0,1,0,0,0,1
RIBERALTA,"anticoncepcion, prevencion de its y de cancer de cuello uterino",diu: usuarias continuas,2015-04-01,0,5,0,0,0,5
SACABA,"anticoncepcion, prevencion de its y de cancer de cuello uterino",diu: usuarias continuas,2015-04-01,0,1,19,10,0,30
SACABAMBA,"anticoncepcion, prevencion de its y de cancer de cuello uterino",diu: usuarias continuas,2015-04-01,0,0,1,1,0,2
SAMAIPATA,"anticoncepcion, prevencion de its y de cancer de cuello uterino",diu: usuarias continuas,2015-04-01,0,0,1,0,0,1
SAN BORJA,"anticoncepcion, prevencion de its y de cancer de cuello uterino",diu: usuarias continuas,2015-04-01,0,0,3,0,0,3
SAN IGNACIO,"anticoncepcion, prevencion de its y de cancer de cuello uterino",diu: usuarias continuas,2015-04-01,0,0,4,2,0,6
SAN IGNACIO DE VELASCO,"anticoncepcion, prevencion de its y de cancer de cuello uterino",diu: usuarias continuas,2015-04-01,0,2,4,0,0,6
SAN JULIAN,"anticoncepcion, prevencion de its y de cancer de cuello uterino",diu: usuarias continuas,2015-04-01,0,0,0,1,0,1
SAN MATIAS,"anticoncepcion, prevencion de its y de cancer de cuello uterino",diu: usuarias continuas,2015-04-01,0,0,1,0,0,1
SANTA CRUZ DE LA SIERRA,"anticoncepcion, prevencion de its y de cancer de cuello uterino",diu: usuarias continuas,2015-04-01,3,9,77,40,0,129
SIPE SIPE,"anticoncepcion, prevencion de its y de cancer de cuello uterino",diu: usuarias continuas,2015-04-01,0,0,2,0,0,2
SUCRE,"anticoncepcion, prevencion de its y de cancer de cuello uterino",diu: usuarias continuas,2015-04-01,0,1,35,8,1,45
TAPACARI,"anticoncepcion, prevencion de its y de cancer de cuello uterino",diu: usuarias continuas,2015-04-01,0,0,0,1,0,1
TARIJA,"anticoncepcion, prevencion de its y de cancer de cuello uterino",diu: usuarias continuas,2015-04-01,0,6,103,33,1,143
TIQUIPAYA,"anticoncepcion, prevencion de its y de cancer de cuello uterino",diu: usuarias continuas,2015-04-01,0,0,3,3,0,6
TOLATA,"anticoncepcion, prevencion de its y de cancer de cuello uterino",diu: usuarias continuas,2015-04-01,0,0,0,1,0,1
TRINIDAD,"anticoncepcion, prevencion de its y de cancer de cuello uterino",diu: usuarias continuas,2015-04-01,0,0,3,1,0,4
TUPIZA,"anticoncepcion, prevencion de its y de cancer de cuello uterino",diu: usuarias continuas,2015-04-01,0,0,4,0,0,4
UYUNI,"anticoncepcion, prevencion de its y de cancer de cuello uterino",diu: usuarias continuas,2015-04-01,0,0,1,0,0,1
VACAS,"anticoncepcion, prevencion de its y de cancer de cuello uterino",diu: usuarias continuas,2015-04-01,0,0,1,0,0,1
VALLEGRANDE,"anticoncepcion, prevencion de its y de cancer de cuello uterino",diu: usuarias continuas,2015-04-01,0,2,4,1,0,7
VIACHA,"anticoncepcion, prevencion de its y de cancer de cuello uterino",diu: usuarias continuas,2015-04-01,0,1,0,0,0,1
VILLAZON,"anticoncepcion, prevencion de its y de cancer de cuello uterino",diu: usuarias continuas,2015-04-01,0,0,1,0,0,1
VINTO,"anticoncepcion, prevencion de its y de cancer de cuello uterino",diu: usuarias continuas,2015-04-01,0,0,3,4,0,7
YACUIBA,"anticoncepcion, prevencion de its y de cancer de cuello uterino",diu: usuarias continuas,2015-04-01,0,3,28,10,0,41
ACHACACHI,"anticoncepcion, prevencion de its y de cancer de cuello uterino",diu: usuarias continuas,2015-05-01,0,0,2,0,0,2
AIQUILE,"anticoncepcion, prevencion de its y de cancer de cuello uterino",diu: usuarias continuas,2015-05-01,0,0,3,1,0,4
ATOCHA,"anticoncepcion, prevencion de its y de cancer de cuello uterino",diu: usuarias continuas,2015-05-01,0,0,1,1,0,2
AYOPAYA (V. DE INDEPENDENCIA),"anticoncepcion, prevencion de its y de cancer de cuello uterino",diu: usuarias continuas,2015-05-01,0,0,2,0,0,2
AZURDUY,"anticoncepcion, prevencion de its y de cancer de cuello uterino",diu: usuarias continuas,2015-05-01,0,0,1,0,0,1
BETANZOS,"anticoncepcion, prevencion de its y de cancer de cuello uterino",diu: usuarias continuas,2015-05-01,0,0,1,1,0,2
BUENA VISTA,"anticoncepcion, prevencion de its y de cancer de cuello uterino",diu: usuarias continuas,2015-05-01,0,1,0,0,0,1
CAMARGO,"anticoncepcion, prevencion de its y de cancer de cuello uterino",diu: usuarias continuas,2015-05-01,0,1,5,1,0,7
CAPINOTA,"anticoncepcion, prevencion de its y de cancer de cuello uterino",diu: usuarias continuas,2015-05-01,0,0,6,1,0,7
CHIMORE,"anticoncepcion, prevencion de its y de cancer de cuello uterino",diu: usuarias continuas,2015-05-01,0,0,1,0,0,1
CLIZA,"anticoncepcion, prevencion de its y de cancer de cuello uterino",diu: usuarias continuas,2015-05-01,0,1,0,0,0,1
COBIJA,"anticoncepcion, prevencion de its y de cancer de cuello uterino",diu: usuarias continuas,2015-05-01,0,1,0,1,0,2
COCHABAMBA,"anticoncepcion, prevencion de its y de cancer de cuello uterino",diu: usuarias continuas,2015-05-01,0,12,87,41,0,140
COLCAPIRHUA,"anticoncepcion, prevencion de its y de cancer de cuello uterino",diu: usuarias continuas,2015-05-01,0,0,2,1,0,3
COLOMI,"anticoncepcion, prevencion de its y de cancer de cuello uterino",diu: usuarias continuas,2015-05-01,0,0,2,0,0,2
CONCEPCION,"anticoncepcion, prevencion de its y de cancer de cuello uterino",diu: usuarias continuas,2015-05-01,0,0,2,0,0,2
COTOCA,"anticoncepcion, prevencion de its y de cancer de cuello uterino",diu: usuarias continuas,2015-05-01,0,0,3,0,0,3
EL ALTO,"anticoncepcion, prevencion de its y de cancer de cuello uterino",diu: usuarias continuas,2015-05-01,0,1,24,32,2,59
EL TORNO,"anticoncepcion, prevencion de its y de cancer de cuello uterino",diu: usuarias continuas,2015-05-01,0,0,2,0,0,2
ENTRE RIOS TRJ,"anticoncepcion, prevencion de its y de cancer de cuello uterino",diu: usuarias continuas,2015-05-01,0,0,1,4,0,5
ENTRE RIOS CBBA,"anticoncepcion, prevencion de its y de cancer de cuello uterino",diu: usuarias continuas,2015-05-01,0,0,1,0,0,1
GENERAL SAAVEDRA,"anticoncepcion, prevencion de its y de cancer de cuello uterino",diu: usuarias continuas,2015-05-01,0,0,1,0,0,1
GUAYARAMERIN,"anticoncepcion, prevencion de its y de cancer de cuello uterino",diu: usuarias continuas,2015-05-01,0,0,0,1,0,1
IRUPANA (VILLA DE LANZA),"anticoncepcion, prevencion de its y de cancer de cuello uterino",diu: usuarias continuas,2015-05-01,0,0,1,0,0,1
LA GUARDIA,"anticoncepcion, prevencion de its y de cancer de cuello uterino",diu: usuarias continuas,2015-05-01,0,0,2,0,0,2
LA PAZ,"anticoncepcion, prevencion de its y de cancer de cuello uterino",diu: usuarias continuas,2015-05-01,0,58,91,22,1,172
LLALLAGUA,"anticoncepcion, prevencion de its y de cancer de cuello uterino",diu: usuarias continuas,2015-05-01,0,0,1,1,0,2
MAIRANA,"anticoncepcion, prevencion de its y de cancer de cuello uterino",diu: usuarias continuas,2015-05-01,0,0,1,0,0,1
MIZQUE,"anticoncepcion, prevencion de its y de cancer de cuello uterino",diu: usuarias continuas,2015-05-01,0,2,1,1,0,4
MONTEAGUDO,"anticoncepcion, prevencion de its y de cancer de cuello uterino",diu: usuarias continuas,2015-05-01,0,0,5,1,0,6
MONTERO,"anticoncepcion, prevencion de its y de cancer de cuello uterino",diu: usuarias continuas,2015-05-01,0,2,2,0,0,4
ORURO,"anticoncepcion, prevencion de its y de cancer de cuello uterino",diu: usuarias continuas,2015-05-01,0,3,61,10,0,74
PAILON,"anticoncepcion, prevencion de its y de cancer de cuello uterino",diu: usuarias continuas,2015-05-01,0,0,1,0,0,1
POTOSI,"anticoncepcion, prevencion de its y de cancer de cuello uterino",diu: usuarias continuas,2015-05-01,0,0,3,8,0,11
PUERTO VILLARROEL,"anticoncepcion, prevencion de its y de cancer de cuello uterino",diu: usuarias continuas,2015-05-01,0,0,5,0,0,5
PUNA,"anticoncepcion, prevencion de its y de cancer de cuello uterino",diu: usuarias continuas,2015-05-01,0,0,2,0,1,3
QUILLACOLLO,"anticoncepcion, prevencion de its y de cancer de cuello uterino",diu: usuarias continuas,2015-05-01,0,2,7,1,0,10
RIBERALTA,"anticoncepcion, prevencion de its y de cancer de cuello uterino",diu: usuarias continuas,2015-05-01,0,0,3,2,0,5
SACABA,"anticoncepcion, prevencion de its y de cancer de cuello uterino",diu: usuarias continuas,2015-05-01,0,4,13,6,0,23
SAIPINA,"anticoncepcion, prevencion de its y de cancer de cuello uterino",diu: usuarias continuas,2015-05-01,0,1,0,0,0,1
SAMAIPATA,"anticoncepcion, prevencion de its y de cancer de cuello uterino",diu: usuarias continuas,2015-05-01,0,0,1,0,0,1
SAN BENITO,"anticoncepcion, prevencion de its y de cancer de cuello uterino",diu: usuarias continuas,2015-05-01,0,0,1,0,0,1
SAN CARLOS,"anticoncepcion, prevencion de its y de cancer de cuello uterino",diu: usuarias continuas,2015-05-01,0,0,0,1,0,1
SAN IGNACIO,"anticoncepcion, prevencion de its y de cancer de cuello uterino",diu: usuarias continuas,2015-05-01,0,0,1,0,0,1
SAN IGNACIO DE VELASCO,"anticoncepcion, prevencion de its y de cancer de cuello uterino",diu: usuarias continuas,2015-05-01,0,1,4,0,0,5
SAN LORENZO(TJA),"anticoncepcion, prevencion de its y de cancer de cuello uterino",diu: usuarias continuas,2015-05-01,0,1,1,1,0,3
SAN LUCAS,"anticoncepcion, prevencion de its y de cancer de cuello uterino",diu: usuarias continuas,2015-05-01,0,0,1,0,0,1
SAN PEDRO,"anticoncepcion, prevencion de its y de cancer de cuello uterino",diu: usuarias continuas,2015-05-01,0,1,0,0,0,1
SAN RAMON SCZ,"anticoncepcion, prevencion de its y de cancer de cuello uterino",diu: usuarias continuas,2015-05-01,0,1,0,0,0,1
SANTA ANA,"anticoncepcion, prevencion de its y de cancer de cuello uterino",diu: usuarias continuas,2015-05-01,0,0,4,0,0,4
SANTA CRUZ DE LA SIERRA,"anticoncepcion, prevencion de its y de cancer de cuello uterino",diu: usuarias continuas,2015-05-01,0,12,53,29,1,95
SUCRE,"anticoncepcion, prevencion de its y de cancer de cuello uterino",diu: usuarias continuas,2015-05-01,0,0,23,16,0,39
TARIJA,"anticoncepcion, prevencion de its y de cancer de cuello uterino",diu: usuarias continuas,2015-05-01,0,7,43,146,2,198
TEOPONTE,"anticoncepcion, prevencion de its y de cancer de cuello uterino",diu: usuarias continuas,2015-05-01,0,0,0,1,0,1
TIQUIPAYA,"anticoncepcion, prevencion de its y de cancer de cuello uterino",diu: usuarias continuas,2015-05-01,0,0,7,1,0,8
TOLATA,"anticoncepcion, prevencion de its y de cancer de cuello uterino",diu: usuarias continuas,2015-05-01,0,0,1,0,0,1
TOMAVE,"anticoncepcion, prevencion de its y de cancer de cuello uterino",diu: usuarias continuas,2015-05-01,0,1,0,0,0,1
TRINIDAD,"anticoncepcion, prevencion de its y de cancer de cuello uterino",diu: usuarias continuas,2015-05-01,0,2,1,1,0,4
TUPIZA,"anticoncepcion, prevencion de its y de cancer de cuello uterino",diu: usuarias continuas,2015-05-01,0,0,2,1,0,3
UNCIA,"anticoncepcion, prevencion de its y de cancer de cuello uterino",diu: usuarias continuas,2015-05-01,0,0,1,0,0,1
URIONDO (A. CONCEPCION),"anticoncepcion, prevencion de its y de cancer de cuello uterino",diu: usuarias continuas,2015-05-01,0,0,1,0,0,1
UYUNI,"anticoncepcion, prevencion de its y de cancer de cuello uterino",diu: usuarias continuas,2015-05-01,0,0,1,0,0,1
VALLEGRANDE,"anticoncepcion, prevencion de its y de cancer de cuello uterino",diu: usuarias continuas,2015-05-01,0,0,5,1,0,6
VILLA MONTES,"anticoncepcion, prevencion de its y de cancer de cuello uterino",diu: usuarias continuas,2015-05-01,0,0,3,0,0,3
VILLAZON,"anticoncepcion, prevencion de its y de cancer de cuello uterino",diu: usuarias continuas,2015-05-01,0,1,4,0,0,5
VINTO,"anticoncepcion, prevencion de its y de cancer de cuello uterino",diu: usuarias continuas,2015-05-01,0,0,7,3,0,10
YACUIBA,"anticoncepcion, prevencion de its y de cancer de cuello uterino",diu: usuarias continuas,2015-05-01,1,4,33,8,1,47
AIQUILE,"anticoncepcion, prevencion de its y de cancer de cuello uterino",diu: usuarias continuas,2015-06-01,0,1,2,0,0,3
ARANI,"anticoncepcion, prevencion de its y de cancer de cuello uterino",diu: usuarias continuas,2015-06-01,0,0,1,0,0,1
BERMEJO,"anticoncepcion, prevencion de its y de cancer de cuello uterino",diu: usuarias continuas,2015-06-01,0,0,1,0,0,1
BOYUIBE,"anticoncepcion, prevencion de its y de cancer de cuello uterino",diu: usuarias continuas,2015-06-01,0,0,2,0,0,2
CAMARGO,"anticoncepcion, prevencion de its y de cancer de cuello uterino",diu: usuarias continuas,2015-06-01,0,0,4,3,0,7
CAPINOTA,"anticoncepcion, prevencion de its y de cancer de cuello uterino",diu: usuarias continuas,2015-06-01,0,2,0,0,0,2
CARANAVI,"anticoncepcion, prevencion de its y de cancer de cuello uterino",diu: usuarias continuas,2015-06-01,0,0,1,1,0,2
CHIMORE,"anticoncepcion, prevencion de its y de cancer de cuello uterino",diu: usuarias continuas,2015-06-01,0,0,1,0,0,1
CLIZA,"anticoncepcion, prevencion de its y de cancer de cuello uterino",diu: usuarias continuas,2015-06-01,0,0,2,1,0,3
COCHABAMBA,"anticoncepcion, prevencion de its y de cancer de cuello uterino",diu: usuarias continuas,2015-06-01,0,9,140,42,0,191
COLCAPIRHUA,"anticoncepcion, prevencion de its y de cancer de cuello uterino",diu: usuarias continuas,2015-06-01,0,0,2,0,0,2
COLOMI,"anticoncepcion, prevencion de its y de cancer de cuello uterino",diu: usuarias continuas,2015-06-01,0,0,1,0,0,1
COTOCA,"anticoncepcion, prevencion de its y de cancer de cuello uterino",diu: usuarias continuas,2015-06-01,0,0,1,0,0,1
CUATRO CAÑADAS,"anticoncepcion, prevencion de its y de cancer de cuello uterino",diu: usuarias continuas,2015-06-01,0,0,0,1,0,1
EL ALTO,"anticoncepcion, prevencion de its y de cancer de cuello uterino",diu: usuarias continuas,2015-06-01,0,2,16,37,0,55
EL TORNO,"anticoncepcion, prevencion de its y de cancer de cuello uterino",diu: usuarias continuas,2015-06-01,0,0,5,3,0,8
ENTRE RIOS TRJ,"anticoncepcion, prevencion de its y de cancer de cuello uterino",diu: usuarias continuas,2015-06-01,0,0,2,0,0,2
ENTRE RIOS CBBA,"anticoncepcion, prevencion de its y de cancer de cuello uterino",diu: usuarias continuas,2015-06-01,0,0,2,0,0,2
FERNANDEZ ALONSO,"anticoncepcion, prevencion de its y de cancer de cuello uterino",diu: usuarias continuas,2015-06-01,0,1,0,0,0,1
GENERAL SAAVEDRA,"anticoncepcion, prevencion de its y de cancer de cuello uterino",diu: usuarias continuas,2015-06-01,0,0,1,0,0,1
GUAYARAMERIN,"anticoncepcion, prevencion de its y de cancer de cuello uterino",diu: usuarias continuas,2015-06-01,0,0,0,1,0,1
HUACARETA,"anticoncepcion, prevencion de its y de cancer de cuello uterino",diu: usuarias continuas,2015-06-01,0,0,1,0,0,1
LA GUARDIA,"anticoncepcion, prevencion de its y de cancer de cuello uterino",diu: usuarias continuas,2015-06-01,0,0,1,2,0,3
LA PAZ,"anticoncepcion, prevencion de its y de cancer de cuello uterino",diu: usuarias continuas,2015-06-01,0,21,90,37,1,149
MAIRANA,"anticoncepcion, prevencion de its y de cancer de cuello uterino",diu: usuarias continuas,2015-06-01,0,0,1,1,0,2
MIZQUE,"anticoncepcion, prevencion de its y de cancer de cuello uterino",diu: usuarias continuas,2015-06-01,0,0,2,0,0,2
MONTEAGUDO,"anticoncepcion, prevencion de its y de cancer de cuello uterino",diu: usuarias continuas,2015-06-01,0,2,2,0,0,4
MONTERO,"anticoncepcion, prevencion de its y de cancer de cuello uterino",diu: usuarias continuas,2015-06-01,0,2,2,0,0,4
MORO MORO,"anticoncepcion, prevencion de its y de cancer de cuello uterino",diu: usuarias continuas,2015-06-01,0,0,1,0,0,1
ORURO,"anticoncepcion, prevencion de its y de cancer de cuello uterino",diu: usuarias continuas,2015-06-01,0,2,21,12,0,35
PADCAYA,"anticoncepcion, prevencion de its y de cancer de cuello uterino",diu: usuarias continuas,2015-06-01,0,0,2,0,0,2
PAILON,"anticoncepcion, prevencion de its y de cancer de cuello uterino",diu: usuarias continuas,2015-06-01,0,0,1,1,0,2
POJO (CBBA),"anticoncepcion, prevencion de its y de cancer de cuello uterino",diu: usuarias continuas,2015-06-01,0,0,1,0,0,1
POOPO,"anticoncepcion, prevencion de its y de cancer de cuello uterino",diu: usuarias continuas,2015-06-01,0,0,3,0,0,3
PORONGO,"anticoncepcion, prevencion de its y de cancer de cuello uterino",diu: usuarias continuas,2015-06-01,0,1,2,0,0,3
PORVENIR,"anticoncepcion, prevencion de its y de cancer de cuello uterino",diu: usuarias continuas,2015-06-01,0,0,1,0,0,1
POSTRER VALLE,"anticoncepcion, prevencion de its y de cancer de cuello uterino",diu: usuarias continuas,2015-06-01,0,0,1,0,0,1
POTOSI,"anticoncepcion, prevencion de its y de cancer de cuello uterino",diu: usuarias continuas,2015-06-01,0,0,6,12,0,18
PUERTO RICO,"anticoncepcion, prevencion de its y de cancer de cuello uterino",diu: usuarias continuas,2015-06-01,0,0,1,0,0,1
PUERTO VILLARROEL,"anticoncepcion, prevencion de its y de cancer de cuello uterino",diu: usuarias continuas,2015-06-01,0,1,7,0,0,8
PUNATA,"anticoncepcion, prevencion de its y de cancer de cuello uterino",diu: usuarias continuas,2015-06-01,0,0,1,1,0,2
QUILLACOLLO,"anticoncepcion, prevencion de its y de cancer de cuello uterino",diu: usuarias continuas,2015-06-01,0,0,2,1,0,3
RIBERALTA,"anticoncepcion, prevencion de its y de cancer de cuello uterino",diu: usuarias continuas,2015-06-01,0,0,3,2,0,5
SACABA,"anticoncepcion, prevencion de its y de cancer de cuello uterino",diu: usuarias continuas,2015-06-01,0,4,13,14,0,31
SAN CARLOS,"anticoncepcion, prevencion de its y de cancer de cuello uterino",diu: usuarias continuas,2015-06-01,0,0,1,0,0,1
SAN IGNACIO,"anticoncepcion, prevencion de its y de cancer de cuello uterino",diu: usuarias continuas,2015-06-01,0,0,6,0,0,6
SAN IGNACIO DE VELASCO,"anticoncepcion, prevencion de its y de cancer de cuello uterino",diu: usuarias continuas,2015-06-01,0,0,6,0,0,6
SAN LORENZO(TJA),"anticoncepcion, prevencion de its y de cancer de cuello uterino",diu: usuarias continuas,2015-06-01,0,1,1,2,0,4
SAN LUCAS,"anticoncepcion, prevencion de its y de cancer de cuello uterino",diu: usuarias continuas,2015-06-01,0,0,0,1,0,1
SANTA ANA,"anticoncepcion, prevencion de its y de cancer de cuello uterino",diu: usuarias continuas,2015-06-01,0,0,1,0,0,1
SANTA CRUZ DE LA SIERRA,"anticoncepcion, prevencion de its y de cancer de cuello uterino",diu: usuarias continuas,2015-06-01,0,11,60,27,2,100
SANTA ROSA DEL SARA,"anticoncepcion, prevencion de its y de cancer de cuello uterino",diu: usuarias continuas,2015-06-01,1,2,0,0,0,3
SANTIVAÑES,"anticoncepcion, prevencion de its y de cancer de cuello uterino",diu: usuarias continuas,2015-06-01,0,0,1,0,0,1
SIPE SIPE,"anticoncepcion, prevencion de its y de cancer de cuello uterino",diu: usuarias continuas,2015-06-01,0,0,3,1,0,4
SUCRE,"anticoncepcion, prevencion de its y de cancer de cuello uterino",diu: usuarias continuas,2015-06-01,0,1,43,16,0,60
TAPACARI,"anticoncepcion, prevencion de its y de cancer de cuello uterino",diu: usuarias continuas,2015-06-01,0,0,1,0,0,1
TARIJA,"anticoncepcion, prevencion de its y de cancer de cuello uterino",diu: usuarias continuas,2015-06-01,0,7,140,59,0,206
TEOPONTE,"anticoncepcion, prevencion de its y de cancer de cuello uterino",diu: usuarias continuas,2015-06-01,0,0,1,0,0,1
TIPUANI,"anticoncepcion, prevencion de its y de cancer de cuello uterino",diu: usuarias continuas,2015-06-01,0,0,1,0,0,1
TIQUIPAYA,"anticoncepcion, prevencion de its y de cancer de cuello uterino",diu: usuarias continuas,2015-06-01,0,0,7,0,0,7
TRINIDAD,"anticoncepcion, prevencion de its y de cancer de cuello uterino",diu: usuarias continuas,2015-06-01,0,0,13,2,0,15
VALLEGRANDE,"anticoncepcion, prevencion de its y de cancer de cuello uterino",diu: usuarias continuas,2015-06-01,0,2,4,1,0,7
VILLA MONTES,"anticoncepcion, prevencion de its y de cancer de cuello uterino",diu: usuarias continuas,2015-06-01,0,0,2,0,0,2
VILLA SERRANO,"anticoncepcion, prevencion de its y de cancer de cuello uterino",diu: usuarias continuas,2015-06-01,0,0,1,0,0,1
VILLA TUNARI,"anticoncepcion, prevencion de its y de cancer de cuello uterino",diu: usuarias continuas,2015-06-01,0,0,1,0,0,1
VILLAZON,"anticoncepcion, prevencion de its y de cancer de cuello uterino",diu: usuarias continuas,2015-06-01,0,0,4,0,0,4
WARNES,"anticoncepcion, prevencion de its y de cancer de cuello uterino",diu: usuarias continuas,2015-06-01,0,2,3,0,0,5
YACUIBA,"anticoncepcion, prevencion de its y de cancer de cuello uterino",diu: usuarias continuas,2015-06-01,1,2,26,5,0,34
YOTALA,"anticoncepcion, prevencion de its y de cancer de cuello uterino",diu: usuarias continuas,2015-06-01,0,1,0,0,0,1
AIQUILE,"anticoncepcion, prevencion de its y de cancer de cuello uterino",diu: usuarias continuas,2015-07-01,0,0,3,2,0,5
AYOPAYA (V. DE INDEPENDENCIA),"anticoncepcion, prevencion de its y de cancer de cuello uterino",diu: usuarias continuas,2015-07-01,0,0,1,0,0,1
BETANZOS,"anticoncepcion, prevencion de its y de cancer de cuello uterino",diu: usuarias continuas,2015-07-01,0,1,1,0,0,2
CAMARGO,"anticoncepcion, prevencion de its y de cancer de cuello uterino",diu: usuarias continuas,2015-07-01,0,2,7,0,0,9
CAMIRI,"anticoncepcion, prevencion de its y de cancer de cuello uterino",diu: usuarias continuas,2015-07-01,0,0,0,0,1,1
CAPINOTA,"anticoncepcion, prevencion de its y de cancer de cuello uterino",diu: usuarias continuas,2015-07-01,0,0,0,2,0,2
CLIZA,"anticoncepcion, prevencion de its y de cancer de cuello uterino",diu: usuarias continuas,2015-07-01,0,0,3,3,0,6
COCHABAMBA,"anticoncepcion, prevencion de its y de cancer de cuello uterino",diu: usuarias continuas,2015-07-01,0,10,119,51,1,181
COLCAPIRHUA,"anticoncepcion, prevencion de its y de cancer de cuello uterino",diu: usuarias continuas,2015-07-01,0,0,0,2,0,2
COLOMI,"anticoncepcion, prevencion de its y de cancer de cuello uterino",diu: usuarias continuas,2015-07-01,0,0,1,2,0,3
COTOCA,"anticoncepcion, prevencion de its y de cancer de cuello uterino",diu: usuarias continuas,2015-07-01,0,0,1,1,0,2
EL ALTO,"anticoncepcion, prevencion de its y de cancer de cuello uterino",diu: usuarias continuas,2015-07-01,0,1,30,33,0,64
EL TORNO,"anticoncepcion, prevencion de its y de cancer de cuello uterino",diu: usuarias continuas,2015-07-01,0,0,3,3,0,6
ENTRE RIOS TRJ,"anticoncepcion, prevencion de its y de cancer de cuello uterino",diu: usuarias continuas,2015-07-01,0,0,4,0,0,4
ENTRE RIOS CBBA,"anticoncepcion, prevencion de its y de cancer de cuello uterino",diu: usuarias continuas,2015-07-01,0,0,2,0,0,2
IRUPANA (VILLA DE LANZA),"anticoncepcion, prevencion de its y de cancer de cuello uterino",diu: usuarias continuas,2015-07-01,0,0,3,0,0,3
LA GUARDIA,"anticoncepcion, prevencion de its y de cancer de cuello uterino",diu: usuarias continuas,2015-07-01,0,0,1,0,0,1
LA PAZ,"anticoncepcion, prevencion de its y de cancer de cuello uterino",diu: usuarias continuas,2015-07-01,0,30,116,30,3,179
MACHARETI,"anticoncepcion, prevencion de its y de cancer de cuello uterino",diu: usuarias continuas,2015-07-01,0,0,1,0,0,1
MAIRANA,"anticoncepcion, prevencion de its y de cancer de cuello uterino",diu: usuarias continuas,2015-07-01,0,0,3,0,0,3
MAPIRI,"anticoncepcion, prevencion de its y de cancer de cuello uterino",diu: usuarias continuas,2015-07-01,0,0,0,1,0,1
MIZQUE,"anticoncepcion, prevencion de its y de cancer de cuello uterino",diu: usuarias continuas,2015-07-01,0,1,1,0,1,3
MONTEAGUDO,"anticoncepcion, prevencion de its y de cancer de cuello uterino",diu: usuarias continuas,2015-07-01,0,2,2,4,0,8
MONTERO,"anticoncepcion, prevencion de its y de cancer de cuello uterino",diu: usuarias continuas,2015-07-01,0,0,1,0,0,1
MOROCHATA,"anticoncepcion, prevencion de its y de cancer de cuello uterino",diu: usuarias continuas,2015-07-01,0,0,1,0,0,1
ORURO,"anticoncepcion, prevencion de its y de cancer de cuello uterino",diu: usuarias continuas,2015-07-01,0,0,29,14,0,43
PAILON,"anticoncepcion, prevencion de its y de cancer de cuello uterino",diu: usuarias continuas,2015-07-01,0,1,1,2,0,4
PORONGO,"anticoncepcion, prevencion de its y de cancer de cuello uterino",diu: usuarias continuas,2015-07-01,0,0,5,1,0,6
POSTRER VALLE,"anticoncepcion, prevencion de its y de cancer de cuello uterino",diu: usuarias continuas,2015-07-01,0,0,1,0,0,1
POTOSI,"anticoncepcion, prevencion de its y de cancer de cuello uterino",diu: usuarias continuas,2015-07-01,0,0,0,4,0,4
PUERTO RICO,"anticoncepcion, prevencion de its y de cancer de cuello uterino",diu: usuarias continuas,2015-07-01,0,0,0,1,0,1
PUERTO VILLARROEL,"anticoncepcion, prevencion de its y de cancer de cuello uterino",diu: usuarias continuas,2015-07-01,0,3,5,1,0,9
PUNA,"anticoncepcion, prevencion de its y de cancer de cuello uterino",diu: usuarias continuas,2015-07-01,0,0,1,0,0,1
PUNATA,"anticoncepcion, prevencion de its y de cancer de cuello uterino",diu: usuarias continuas,2015-07-01,0,0,2,0,0,2
QUILLACOLLO,"anticoncepcion, prevencion de its y de cancer de cuello uterino",diu: usuarias continuas,2015-07-01,0,0,2,1,0,3
SACABA,"anticoncepcion, prevencion de its y de cancer de cuello uterino",diu: usuarias continuas,2015-07-01,0,1,14,5,0,20
SAN BORJA,"anticoncepcion, prevencion de its y de cancer de cuello uterino",diu: usuarias continuas,2015-07-01,0,1,6,2,0,9
SAN IGNACIO,"anticoncepcion, prevencion de its y de cancer de cuello uterino",diu: usuarias continuas,2015-07-01,0,1,0,0,0,1
SAN IGNACIO DE VELASCO,"anticoncepcion, prevencion de its y de cancer de cuello uterino",diu: usuarias continuas,2015-07-01,0,1,5,1,0,7
SAN JULIAN,"anticoncepcion, prevencion de its y de cancer de cuello uterino",diu: usuarias continuas,2015-07-01,0,0,2,0,0,2
SAN LORENZO(TJA),"anticoncepcion, prevencion de its y de cancer de cuello uterino",diu: usuarias continuas,2015-07-01,0,0,5,0,0,5
SAN MATIAS,"anticoncepcion, prevencion de its y de cancer de cuello uterino",diu: usuarias continuas,2015-07-01,0,0,1,0,0,1
SANTA ANA,"anticoncepcion, prevencion de its y de cancer de cuello uterino",diu: usuarias continuas,2015-07-01,0,1,0,0,0,1
SANTA CRUZ DE LA SIERRA,"anticoncepcion, prevencion de its y de cancer de cuello uterino",diu: usuarias continuas,2015-07-01,0,17,74,44,0,135
SANTIVAÑES,"anticoncepcion, prevencion de its y de cancer de cuello uterino",diu: usuarias continuas,2015-07-01,0,0,3,0,0,3
SIPE SIPE,"anticoncepcion, prevencion de its y de cancer de cuello uterino",diu: usuarias continuas,2015-07-01,0,0,1,0,0,1
SUCRE,"anticoncepcion, prevencion de its y de cancer de cuello uterino",diu: usuarias continuas,2015-07-01,0,0,38,8,0,46
TARATA,"anticoncepcion, prevencion de its y de cancer de cuello uterino",diu: usuarias continuas,2015-07-01,0,1,2,1,0,4
TARIJA,"anticoncepcion, prevencion de its y de cancer de cuello uterino",diu: usuarias continuas,2015-07-01,1,9,91,47,2,150
TEOPONTE,"anticoncepcion, prevencion de its y de cancer de cuello uterino",diu: usuarias continuas,2015-07-01,0,0,1,0,0,1
TIQUIPAYA,"anticoncepcion, prevencion de its y de cancer de cuello uterino",diu: usuarias continuas,2015-07-01,0,1,12,1,0,14
TOLATA,"anticoncepcion, prevencion de its y de cancer de cuello uterino",diu: usuarias continuas,2015-07-01,0,0,0,1,0,1
TRINIDAD,"anticoncepcion, prevencion de its y de cancer de cuello uterino",diu: usuarias continuas,2015-07-01,0,0,17,2,0,19
TUPIZA,"anticoncepcion, prevencion de its y de cancer de cuello uterino",diu: usuarias continuas,2015-07-01,0,0,1,0,0,1
UYUNI,"anticoncepcion, prevencion de its y de cancer de cuello uterino",diu: usuarias continuas,2015-07-01,0,0,1,0,0,1
VALLEGRANDE,"anticoncepcion, prevencion de its y de cancer de cuello uterino",diu: usuarias continuas,2015-07-01,1,2,3,1,0,7
VIACHA,"anticoncepcion, prevencion de its y de cancer de cuello uterino",diu: usuarias continuas,2015-07-01,0,0,6,1,0,7
VILLAZON,"anticoncepcion, prevencion de its y de cancer de cuello uterino",diu: usuarias continuas,2015-07-01,0,0,2,2,0,4
WARNES,"anticoncepcion, prevencion de its y de cancer de cuello uterino",diu: usuarias continuas,2015-07-01,0,1,1,0,0,2
YACUIBA,"anticoncepcion, prevencion de its y de cancer de cuello uterino",diu: usuarias continuas,2015-07-01,0,2,33,8,0,43
AIQUILE,"anticoncepcion, prevencion de its y de cancer de cuello uterino",diu: usuarias continuas,2015-08-01,0,0,1,0,0,1
BELEN DE URMIRI,"anticoncepcion, prevencion de its y de cancer de cuello uterino",diu: usuarias continuas,2015-08-01,0,1,1,0,0,2
CAMARGO,"anticoncepcion, prevencion de its y de cancer de cuello uterino",diu: usuarias continuas,2015-08-01,0,0,3,0,0,3
CAPINOTA,"anticoncepcion, prevencion de its y de cancer de cuello uterino",diu: usuarias continuas,2015-08-01,0,0,1,0,0,1
CHULUMANI (V. DE LA LIBERTAD),"anticoncepcion, prevencion de its y de cancer de cuello uterino",diu: usuarias continuas,2015-08-01,0,0,0,1,0,1
COBIJA,"anticoncepcion, prevencion de its y de cancer de cuello uterino",diu: usuarias continuas,2015-08-01,0,0,1,0,0,1
COCHABAMBA,"anticoncepcion, prevencion de its y de cancer de cuello uterino",diu: usuarias continuas,2015-08-01,0,6,63,40,0,109
COLCAPIRHUA,"anticoncepcion, prevencion de its y de cancer de cuello uterino",diu: usuarias continuas,2015-08-01,0,0,2,1,0,3
COLOMI,"anticoncepcion, prevencion de its y de cancer de cuello uterino",diu: usuarias continuas,2015-08-01,0,0,1,2,0,3
COTOCA,"anticoncepcion, prevencion de its y de cancer de cuello uterino",diu: usuarias continuas,2015-08-01,0,0,1,0,0,1
EL ALTO,"anticoncepcion, prevencion de its y de cancer de cuello uterino",diu: usuarias continuas,2015-08-01,0,3,25,17,0,45
EL TORNO,"anticoncepcion, prevencion de its y de cancer de cuello uterino",diu: usuarias continuas,2015-08-01,0,1,5,0,0,6
ENTRE RIOS TRJ,"anticoncepcion, prevencion de its y de cancer de cuello uterino",diu: usuarias continuas,2015-08-01,0,0,2,0,0,2
ENTRE RIOS CBBA,"anticoncepcion, prevencion de its y de cancer de cuello uterino",diu: usuarias continuas,2015-08-01,0,0,1,1,0,2
GUAYARAMERIN,"anticoncepcion, prevencion de its y de cancer de cuello uterino",diu: usuarias continuas,2015-08-01,0,0,0,1,0,1
HUANUNI,"anticoncepcion, prevencion de its y de cancer de cuello uterino",diu: usuarias continuas,2015-08-01,0,0,1,0,0,1
LA GUARDIA,"anticoncepcion, prevencion de its y de cancer de cuello uterino",diu: usuarias continuas,2015-08-01,0,0,2,1,0,3
LA PAZ,"anticoncepcion, prevencion de its y de cancer de cuello uterino",diu: usuarias continuas,2015-08-01,0,18,75,58,0,151
MIZQUE,"anticoncepcion, prevencion de its y de cancer de cuello uterino",diu: usuarias continuas,2015-08-01,0,0,4,0,0,4
MONTEAGUDO,"anticoncepcion, prevencion de its y de cancer de cuello uterino",diu: usuarias continuas,2015-08-01,0,0,3,3,0,6
MONTERO,"anticoncepcion, prevencion de its y de cancer de cuello uterino",diu: usuarias continuas,2015-08-01,0,0,1,0,0,1
ORURO,"anticoncepcion, prevencion de its y de cancer de cuello uterino",diu: usuarias continuas,2015-08-01,0,2,12,8,0,22
PADCAYA,"anticoncepcion, prevencion de its y de cancer de cuello uterino",diu: usuarias continuas,2015-08-01,0,0,0,2,0,2
PORONGO,"anticoncepcion, prevencion de its y de cancer de cuello uterino",diu: usuarias continuas,2015-08-01,0,0,4,0,0,4
POSTRER VALLE,"anticoncepcion, prevencion de its y de cancer de cuello uterino",diu: usuarias continuas,2015-08-01,0,0,1,0,0,1
POTOSI,"anticoncepcion, prevencion de its y de cancer de cuello uterino",diu: usuarias continuas,2015-08-01,0,0,2,4,0,6
QUILLACOLLO,"anticoncepcion, prevencion de its y de cancer de cuello uterino",diu: usuarias continuas,2015-08-01,0,0,1,2,0,3
SACABA,"anticoncepcion, prevencion de its y de cancer de cuello uterino",diu: usuarias continuas,2015-08-01,0,3,14,6,0,23
SAN CARLOS,"anticoncepcion, prevencion de its y de cancer de cuello uterino",diu: usuarias continuas,2015-08-01,0,2,2,0,0,4
SAN IGNACIO DE VELASCO,"anticoncepcion, prevencion de its y de cancer de cuello uterino",diu: usuarias continuas,2015-08-01,0,2,8,1,0,11
SAN LORENZO(TJA),"anticoncepcion, prevencion de its y de cancer de cuello uterino",diu: usuarias continuas,2015-08-01,0,0,4,0,0,4
SAN MATIAS,"anticoncepcion, prevencion de its y de cancer de cuello uterino",diu: usuarias continuas,2015-08-01,0,0,1,0,0,1
SAN PEDRO,"anticoncepcion, prevencion de its y de cancer de cuello uterino",diu: usuarias continuas,2015-08-01,0,0,0,1,0,1
SANTA ANA,"anticoncepcion, prevencion de its y de cancer de cuello uterino",diu: usuarias continuas,2015-08-01,0,0,4,1,0,5
SANTA CRUZ DE LA SIERRA,"anticoncepcion, prevencion de its y de cancer de cuello uterino",diu: usuarias continuas,2015-08-01,0,7,58,26,0,91
SUCRE,"anticoncepcion, prevencion de its y de cancer de cuello uterino",diu: usuarias continuas,2015-08-01,0,2,38,20,0,60
TARIJA,"anticoncepcion, prevencion de its y de cancer de cuello uterino",diu: usuarias continuas,2015-08-01,1,6,27,20,0,54
TIQUIPAYA,"anticoncepcion, prevencion de its y de cancer de cuello uterino",diu: usuarias continuas,2015-08-01,0,0,6,0,0,6
TRINIDAD,"anticoncepcion, prevencion de its y de cancer de cuello uterino",diu: usuarias continuas,2015-08-01,0,0,35,5,0,40
TUPIZA,"anticoncepcion, prevencion de its y de cancer de cuello uterino",diu: usuarias continuas,2015-08-01,0,0,4,0,0,4
VALLEGRANDE,"anticoncepcion, prevencion de its y de cancer de cuello uterino",diu: usuarias continuas,2015-08-01,0,4,11,1,0,16
VIACHA,"anticoncepcion, prevencion de its y de cancer de cuello uterino",diu: usuarias continuas,2015-08-01,0,0,3,2,0,5
VILLA MONTES,"anticoncepcion, prevencion de its y de cancer de cuello uterino",diu: usuarias continuas,2015-08-01,0,0,2,0,0,2
VILLA TUNARI,"anticoncepcion, prevencion de its y de cancer de cuello uterino",diu: usuarias continuas,2015-08-01,0,0,5,0,0,5
VILLAZON,"anticoncepcion, prevencion de its y de cancer de cuello uterino",diu: usuarias continuas,2015-08-01,0,0,5,2,0,7
VINTO,"anticoncepcion, prevencion de its y de cancer de cuello uterino",diu: usuarias continuas,2015-08-01,0,0,2,0,0,2
WARNES,"anticoncepcion, prevencion de its y de cancer de cuello uterino",diu: usuarias continuas,2015-08-01,0,1,4,0,0,5
YACUIBA,"anticoncepcion, prevencion de its y de cancer de cuello uterino",diu: usuarias continuas,2015-08-01,0,1,29,15,1,46
YOTALA,"anticoncepcion, prevencion de its y de cancer de cuello uterino",diu: usuarias continuas,2015-08-01,0,0,1,0,0,1
ZUDAÑEZ,"anticoncepcion, prevencion de its y de cancer de cuello uterino",diu: usuarias continuas,2015-08-01,0,0,0,1,0,1
ACHACACHI,"anticoncepcion, prevencion de its y de cancer de cuello uterino",diu: usuarias continuas,2015-09-01,0,0,0,1,0,1
AIQUILE,"anticoncepcion, prevencion de its y de cancer de cuello uterino",diu: usuarias continuas,2015-09-01,0,0,6,1,0,7
ARANI,"anticoncepcion, prevencion de its y de cancer de cuello uterino",diu: usuarias continuas,2015-09-01,0,0,0,1,0,1
AYOPAYA (V. DE INDEPENDENCIA),"anticoncepcion, prevencion de its y de cancer de cuello uterino",diu: usuarias continuas,2015-09-01,0,0,2,0,0,2
BERMEJO,"anticoncepcion, prevencion de its y de cancer de cuello uterino",diu: usuarias continuas,2015-09-01,0,0,3,2,0,5
CAMARGO,"anticoncepcion, prevencion de its y de cancer de cuello uterino",diu: usuarias continuas,2015-09-01,0,0,1,2,0,3
CAPINOTA,"anticoncepcion, prevencion de its y de cancer de cuello uterino",diu: usuarias continuas,2015-09-01,0,0,3,0,0,3
CARANAVI,"anticoncepcion, prevencion de its y de cancer de cuello uterino",diu: usuarias continuas,2015-09-01,0,0,1,1,0,2
CHIMORE,"anticoncepcion, prevencion de its y de cancer de cuello uterino",diu: usuarias continuas,2015-09-01,0,1,0,0,0,1
CLIZA,"anticoncepcion, prevencion de its y de cancer de cuello uterino",diu: usuarias continuas,2015-09-01,0,0,1,0,0,1
COBIJA,"anticoncepcion, prevencion de its y de cancer de cuello uterino",diu: usuarias continuas,2015-09-01,0,0,1,0,0,1
COCHABAMBA,"anticoncepcion, prevencion de its y de cancer de cuello uterino",diu: usuarias continuas,2015-09-01,0,7,80,38,0,125
COLCAPIRHUA,"anticoncepcion, prevencion de its y de cancer de cuello uterino",diu: usuarias continuas,2015-09-01,0,0,1,0,0,1
EL ALTO,"anticoncepcion, prevencion de its y de cancer de cuello uterino",diu: usuarias continuas,2015-09-01,0,0,15,27,1,43
EL PUENTE(TJA),"anticoncepcion, prevencion de its y de cancer de cuello uterino",diu: usuarias continuas,2015-09-01,0,0,1,0,0,1
EL TORNO,"anticoncepcion, prevencion de its y de cancer de cuello uterino",diu: usuarias continuas,2015-09-01,0,0,4,0,0,4
ENTRE RIOS TRJ,"anticoncepcion, prevencion de its y de cancer de cuello uterino",diu: usuarias continuas,2015-09-01,0,0,2,0,0,2
GUTIERREZ,"anticoncepcion, prevencion de its y de cancer de cuello uterino",diu: usuarias continuas,2015-09-01,0,0,2,0,0,2
IRUPANA (VILLA DE LANZA),"anticoncepcion, prevencion de its y de cancer de cuello uterino",diu: usuarias continuas,2015-09-01,0,0,2,2,0,4
LA GUARDIA,"anticoncepcion, prevencion de its y de cancer de cuello uterino",diu: usuarias continuas,2015-09-01,0,1,2,1,0,4
LA PAZ,"anticoncepcion, prevencion de its y de cancer de cuello uterino",diu: usuarias continuas,2015-09-01,0,6,102,52,1,161
MIZQUE,"anticoncepcion, prevencion de its y de cancer de cuello uterino",diu: usuarias continuas,2015-09-01,0,0,2,1,0,3
MONTEAGUDO,"anticoncepcion, prevencion de its y de cancer de cuello uterino",diu: usuarias continuas,2015-09-01,0,1,6,3,0,10
MONTERO,"anticoncepcion, prevencion de its y de cancer de cuello uterino",diu: usuarias continuas,2015-09-01,0,2,4,1,1,8
ORURO,"anticoncepcion, prevencion de its y de cancer de cuello uterino",diu: usuarias continuas,2015-09-01,0,0,36,23,1,60
PAMPA GRANDE,"anticoncepcion, prevencion de its y de cancer de cuello uterino",diu: usuarias continuas,2015-09-01,0,0,1,0,0,1
PATACAMAYA,"anticoncepcion, prevencion de its y de cancer de cuello uterino",diu: usuarias continuas,2015-09-01,0,1,0,0,0,1
POJO (CBBA),"anticoncepcion, prevencion de its y de cancer de cuello uterino",diu: usuarias continuas,2015-09-01,0,0,1,0,0,1
PORTACHUELO,"anticoncepcion, prevencion de its y de cancer de cuello uterino",diu: usuarias continuas,2015-09-01,0,0,2,0,0,2
POSTRER VALLE,"anticoncepcion, prevencion de its y de cancer de cuello uterino",diu: usuarias continuas,2015-09-01,0,1,0,1,0,2
POTOSI,"anticoncepcion, prevencion de its y de cancer de cuello uterino",diu: usuarias continuas,2015-09-01,0,1,4,8,0,13
PUERTO VILLARROEL,"anticoncepcion, prevencion de its y de cancer de cuello uterino",diu: usuarias continuas,2015-09-01,0,0,3,0,0,3
PUNATA,"anticoncepcion, prevencion de its y de cancer de cuello uterino",diu: usuarias continuas,2015-09-01,0,1,1,0,0,2
QUILLACOLLO,"anticoncepcion, prevencion de its y de cancer de cuello uterino",diu: usuarias continuas,2015-09-01,0,0,7,1,0,8
SACABA,"anticoncepcion, prevencion de its y de cancer de cuello uterino",diu: usuarias continuas,2015-09-01,0,2,19,9,0,30
SAMAIPATA,"anticoncepcion, prevencion de its y de cancer de cuello uterino",diu: usuarias continuas,2015-09-01,0,0,1,0,0,1
SAN BORJA,"anticoncepcion, prevencion de its y de cancer de cuello uterino",diu: usuarias continuas,2015-09-01,0,0,4,0,0,4
SAN CARLOS,"anticoncepcion, prevencion de its y de cancer de cuello uterino",diu: usuarias continuas,2015-09-01,2,0,0,0,0,2
SAN IGNACIO,"anticoncepcion, prevencion de its y de cancer de cuello uterino",diu: usuarias continuas,2015-09-01,0,0,7,2,0,9
SAN LORENZO(TJA),"anticoncepcion, prevencion de its y de cancer de cuello uterino",diu: usuarias continuas,2015-09-01,0,0,3,2,0,5
SANTA ANA,"anticoncepcion, prevencion de its y de cancer de cuello uterino",diu: usuarias continuas,2015-09-01,0,0,2,0,0,2
SANTA CRUZ DE LA SIERRA,"anticoncepcion, prevencion de its y de cancer de cuello uterino",diu: usuarias continuas,2015-09-01,0,7,165,81,0,253
SUCRE,"anticoncepcion, prevencion de its y de cancer de cuello uterino",diu: usuarias continuas,2015-09-01,0,0,41,12,0,53
TAPACARI,"anticoncepcion, prevencion de its y de cancer de cuello uterino",diu: usuarias continuas,2015-09-01,0,0,0,1,0,1
TARATA,"anticoncepcion, prevencion de its y de cancer de cuello uterino",diu: usuarias continuas,2015-09-01,0,1,0,0,0,1
TARIJA,"anticoncepcion, prevencion de its y de cancer de cuello uterino",diu: usuarias continuas,2015-09-01,0,44,73,51,0,168
TEOPONTE,"anticoncepcion, prevencion de its y de cancer de cuello uterino",diu: usuarias continuas,2015-09-01,0,0,1,0,0,1
TIQUIPAYA,"anticoncepcion, prevencion de its y de cancer de cuello uterino",diu: usuarias continuas,2015-09-01,0,0,4,0,0,4
TRINIDAD,"anticoncepcion, prevencion de its y de cancer de cuello uterino",diu: usuarias continuas,2015-09-01,0,0,11,2,0,13
TUPIZA,"anticoncepcion, prevencion de its y de cancer de cuello uterino",diu: usuarias continuas,2015-09-01,0,0,4,4,0,8
URUBICHA,"anticoncepcion, prevencion de its y de cancer de cuello uterino",diu: usuarias continuas,2015-09-01,0,0,2,0,0,2
VALLEGRANDE,"anticoncepcion, prevencion de its y de cancer de cuello uterino",diu: usuarias continuas,2015-09-01,0,0,9,2,0,11
VIACHA,"anticoncepcion, prevencion de its y de cancer de cuello uterino",diu: usuarias continuas,2015-09-01,0,0,6,0,0,6
VILLA TUNARI,"anticoncepcion, prevencion de its y de cancer de cuello uterino",diu: usuarias continuas,2015-09-01,0,0,6,3,0,9
VILLAZON,"anticoncepcion, prevencion de its y de cancer de cuello uterino",diu: usuarias continuas,2015-09-01,0,1,10,6,0,17
WARNES,"anticoncepcion, prevencion de its y de cancer de cuello uterino",diu: usuarias continuas,2015-09-01,0,0,1,0,0,1
YACUIBA,"anticoncepcion, prevencion de its y de cancer de cuello uterino",diu: usuarias continuas,2015-09-01,0,7,39,24,0,70
YOTALA,"anticoncepcion, prevencion de its y de cancer de cuello uterino",diu: usuarias continuas,2015-09-01,0,0,3,0,0,3
ZUDAÑEZ,"anticoncepcion, prevencion de its y de cancer de cuello uterino",diu: usuarias continuas,2015-09-01,0,0,1,0,0,1
AIQUILE,"anticoncepcion, prevencion de its y de cancer de cuello uterino",diu: usuarias continuas,2015-10-01,0,1,5,3,0,9
ARANI,"anticoncepcion, prevencion de its y de cancer de cuello uterino",diu: usuarias continuas,2015-10-01,0,0,1,0,0,1
AYOPAYA (V. DE INDEPENDENCIA),"anticoncepcion, prevencion de its y de cancer de cuello uterino",diu: usuarias continuas,2015-10-01,0,1,1,0,0,2
BERMEJO,"anticoncepcion, prevencion de its y de cancer de cuello uterino",diu: usuarias continuas,2015-10-01,0,0,1,0,0,1
BETANZOS,"anticoncepcion, prevencion de its y de cancer de cuello uterino",diu: usuarias continuas,2015-10-01,0,0,2,0,0,2
CAMARGO,"anticoncepcion, prevencion de its y de cancer de cuello uterino",diu: usuarias continuas,2015-10-01,0,0,3,1,0,4
CAPINOTA,"anticoncepcion, prevencion de its y de cancer de cuello uterino",diu: usuarias continuas,2015-10-01,0,0,1,0,0,1
CARANAVI,"anticoncepcion, prevencion de its y de cancer de cuello uterino",diu: usuarias continuas,2015-10-01,0,0,2,0,0,2
CARAPARI,"anticoncepcion, prevencion de its y de cancer de cuello uterino",diu: usuarias continuas,2015-10-01,0,0,1,0,0,1
CHIMORE,"anticoncepcion, prevencion de its y de cancer de cuello uterino",diu: usuarias continuas,2015-10-01,0,1,0,0,0,1
CHUQUIHUTA AYLLU JUCUMANI,"anticoncepcion, prevencion de its y de cancer de cuello uterino",diu: usuarias continuas,2015-10-01,0,0,1,0,0,1
COCHABAMBA,"anticoncepcion, prevencion de its y de cancer de cuello uterino",diu: usuarias continuas,2015-10-01,1,14,89,40,1,145
COLCAPIRHUA,"anticoncepcion, prevencion de its y de cancer de cuello uterino",diu: usuarias continuas,2015-10-01,0,0,5,0,0,5
EL ALTO,"anticoncepcion, prevencion de its y de cancer de cuello uterino",diu: usuarias continuas,2015-10-01,0,0,30,25,0,55
EL PUENTE(TJA),"anticoncepcion, prevencion de its y de cancer de cuello uterino",diu: usuarias continuas,2015-10-01,0,0,1,0,0,1
EL TORNO,"anticoncepcion, prevencion de its y de cancer de cuello uterino",diu: usuarias continuas,2015-10-01,0,2,5,1,0,8
ENTRE RIOS TRJ,"anticoncepcion, prevencion de its y de cancer de cuello uterino",diu: usuarias continuas,2015-10-01,0,0,3,1,0,4
ENTRE RIOS CBBA,"anticoncepcion, prevencion de its y de cancer de cuello uterino",diu: usuarias continuas,2015-10-01,0,0,1,0,0,1
GUAYARAMERIN,"anticoncepcion, prevencion de its y de cancer de cuello uterino",diu: usuarias continuas,2015-10-01,0,0,1,1,0,2
IRUPANA (VILLA DE LANZA),"anticoncepcion, prevencion de its y de cancer de cuello uterino",diu: usuarias continuas,2015-10-01,0,0,0,2,0,2
LA GUARDIA,"anticoncepcion, prevencion de its y de cancer de cuello uterino",diu: usuarias continuas,2015-10-01,1,0,3,1,0,5
LA PAZ,"anticoncepcion, prevencion de its y de cancer de cuello uterino",diu: usuarias continuas,2015-10-01,0,4,121,22,1,148
MACHARETI,"anticoncepcion, prevencion de its y de cancer de cuello uterino",diu: usuarias continuas,2015-10-01,0,0,1,1,0,2
MAIRANA,"anticoncepcion, prevencion de its y de cancer de cuello uterino",diu: usuarias continuas,2015-10-01,0,0,1,0,0,1
MIZQUE,"anticoncepcion, prevencion de its y de cancer de cuello uterino",diu: usuarias continuas,2015-10-01,0,0,1,0,0,1
MONTEAGUDO,"anticoncepcion, prevencion de its y de cancer de cuello uterino",diu: usuarias continuas,2015-10-01,0,0,5,1,0,6
MONTERO,"anticoncepcion, prevencion de its y de cancer de cuello uterino",diu: usuarias continuas,2015-10-01,0,4,6,3,0,13
ORURO,"anticoncepcion, prevencion de its y de cancer de cuello uterino",diu: usuarias continuas,2015-10-01,0,1,33,29,0,63
PADCAYA,"anticoncepcion, prevencion de its y de cancer de cuello uterino",diu: usuarias continuas,2015-10-01,0,0,4,3,0,7
PAILON,"anticoncepcion, prevencion de its y de cancer de cuello uterino",diu: usuarias continuas,2015-10-01,0,0,1,0,0,1
POJO (CBBA),"anticoncepcion, prevencion de its y de cancer de cuello uterino",diu: usuarias continuas,2015-10-01,0,0,2,0,0,2
PORTACHUELO,"anticoncepcion, prevencion de its y de cancer de cuello uterino",diu: usuarias continuas,2015-10-01,0,0,5,2,0,7
POTOSI,"anticoncepcion, prevencion de its y de cancer de cuello uterino",diu: usuarias continuas,2015-10-01,0,0,9,8,0,17
PUERTO VILLARROEL,"anticoncepcion, prevencion de its y de cancer de cuello uterino",diu: usuarias continuas,2015-10-01,0,0,3,0,0,3
PUNATA,"anticoncepcion, prevencion de its y de cancer de cuello uterino",diu: usuarias continuas,2015-10-01,0,0,1,0,0,1
QUILLACOLLO,"anticoncepcion, prevencion de its y de cancer de cuello uterino",diu: usuarias continuas,2015-10-01,0,0,3,4,0,7
QUIRUSILLAS,"anticoncepcion, prevencion de its y de cancer de cuello uterino",diu: usuarias continuas,2015-10-01,0,0,0,1,0,1
RIBERALTA,"anticoncepcion, prevencion de its y de cancer de cuello uterino",diu: usuarias continuas,2015-10-01,0,0,0,1,0,1
SACABA,"anticoncepcion, prevencion de its y de cancer de cuello uterino",diu: usuarias continuas,2015-10-01,0,3,19,8,0,30
SAMAIPATA,"anticoncepcion, prevencion de its y de cancer de cuello uterino",diu: usuarias continuas,2015-10-01,0,0,0,1,0,1
SAN BORJA,"anticoncepcion, prevencion de its y de cancer de cuello uterino",diu: usuarias continuas,2015-10-01,0,0,2,0,0,2
SAN CARLOS,"anticoncepcion, prevencion de its y de cancer de cuello uterino",diu: usuarias continuas,2015-10-01,0,1,3,0,0,4
SAN IGNACIO,"anticoncepcion, prevencion de its y de cancer de cuello uterino",diu: usuarias continuas,2015-10-01,0,2,3,1,0,6
SAN IGNACIO DE VELASCO,"anticoncepcion, prevencion de its y de cancer de cuello uterino",diu: usuarias continuas,2015-10-01,0,0,1,1,0,2
SAN JOSE DE CHIQUITOS,"anticoncepcion, prevencion de its y de cancer de cuello uterino",diu: usuarias continuas,2015-10-01,0,0,1,0,0,1
SAN LORENZO(TJA),"anticoncepcion, prevencion de its y de cancer de cuello uterino",diu: usuarias continuas,2015-10-01,0,1,6,1,0,8
SAN RAMON SCZ,"anticoncepcion, prevencion de its y de cancer de cuello uterino",diu: usuarias continuas,2015-10-01,0,0,1,0,0,1
SANTA ANA,"anticoncepcion, prevencion de its y de cancer de cuello uterino",diu: usuarias continuas,2015-10-01,0,0,2,0,0,2
SANTA CRUZ DE LA SIERRA,"anticoncepcion, prevencion de its y de cancer de cuello uterino",diu: usuarias continuas,2015-10-01,0,20,134,65,0,219
SUCRE,"anticoncepcion, prevencion de its y de cancer de cuello uterino",diu: usuarias continuas,2015-10-01,0,1,51,9,0,61
TARIJA,"anticoncepcion, prevencion de its y de cancer de cuello uterino",diu: usuarias continuas,2015-10-01,0,4,79,59,0,142
TEOPONTE,"anticoncepcion, prevencion de its y de cancer de cuello uterino",diu: usuarias continuas,2015-10-01,0,0,1,0,0,1
TIQUIPAYA,"anticoncepcion, prevencion de its y de cancer de cuello uterino",diu: usuarias continuas,2015-10-01,3,2,6,0,0,11
TOTORA(CBBA),"anticoncepcion, prevencion de its y de cancer de cuello uterino",diu: usuarias continuas,2015-10-01,0,0,0,2,0,2
TRIGAL,"anticoncepcion, prevencion de its y de cancer de cuello uterino",diu: usuarias continuas,2015-10-01,0,0,1,0,0,1
TRINIDAD,"anticoncepcion, prevencion de its y de cancer de cuello uterino",diu: usuarias continuas,2015-10-01,0,0,7,2,0,9
TUPIZA,"anticoncepcion, prevencion de its y de cancer de cuello uterino",diu: usuarias continuas,2015-10-01,0,0,1,0,0,1
UNCIA,"anticoncepcion, prevencion de its y de cancer de cuello uterino",diu: usuarias continuas,2015-10-01,0,0,1,0,0,1
URIONDO (A. CONCEPCION),"anticoncepcion, prevencion de its y de cancer de cuello uterino",diu: usuarias continuas,2015-10-01,0,0,0,1,0,1
VALLEGRANDE,"anticoncepcion, prevencion de its y de cancer de cuello uterino",diu: usuarias continuas,2015-10-01,0,0,11,0,0,11
VIACHA,"anticoncepcion, prevencion de its y de cancer de cuello uterino",diu: usuarias continuas,2015-10-01,0,0,2,1,0,3
VILLA MONTES,"anticoncepcion, prevencion de its y de cancer de cuello uterino",diu: usuarias continuas,2015-10-01,0,0,1,0,0,1
VILLA TUNARI,"anticoncepcion, prevencion de its y de cancer de cuello uterino",diu: usuarias continuas,2015-10-01,0,0,1,0,0,1
VILLA VACA GUZMAN (MUYUPAMPA),"anticoncepcion, prevencion de its y de cancer de cuello uterino",diu: usuarias continuas,2015-10-01,0,0,0,1,0,1
VILLAZON,"anticoncepcion, prevencion de its y de cancer de cuello uterino",diu: usuarias continuas,2015-10-01,0,1,4,0,0,5
VINTO,"anticoncepcion, prevencion de its y de cancer de cuello uterino",diu: usuarias continuas,2015-10-01,0,3,9,1,0,13
WARNES,"anticoncepcion, prevencion de its y de cancer de cuello uterino",diu: usuarias continuas,2015-10-01,0,0,2,0,0,2
YACUIBA,"anticoncepcion, prevencion de its y de cancer de cuello uterino",diu: usuarias continuas,2015-10-01,0,3,22,12,0,37
YOTALA,"anticoncepcion, prevencion de its y de cancer de cuello uterino",diu: usuarias continuas,2015-10-01,0,0,2,0,0,2
ZUDAÑEZ,"anticoncepcion, prevencion de its y de cancer de cuello uterino",diu: usuarias continuas,2015-10-01,0,0,1,0,0,1
AIQUILE,"anticoncepcion, prevencion de its y de cancer de cuello uterino",diu: usuarias continuas,2015-11-01,0,1,1,2,0,4
ATOCHA,"anticoncepcion, prevencion de its y de cancer de cuello uterino",diu: usuarias continuas,2015-11-01,0,0,0,2,0,2
AYOPAYA (V. DE INDEPENDENCIA),"anticoncepcion, prevencion de its y de cancer de cuello uterino",diu: usuarias continuas,2015-11-01,0,0,1,0,0,1
BERMEJO,"anticoncepcion, prevencion de its y de cancer de cuello uterino",diu: usuarias continuas,2015-11-01,0,0,1,0,0,1
CAPINOTA,"anticoncepcion, prevencion de its y de cancer de cuello uterino",diu: usuarias continuas,2015-11-01,0,0,2,1,0,3
CARAPARI,"anticoncepcion, prevencion de its y de cancer de cuello uterino",diu: usuarias continuas,2015-11-01,0,0,1,0,0,1
CHIMORE,"anticoncepcion, prevencion de its y de cancer de cuello uterino",diu: usuarias continuas,2015-11-01,0,0,3,0,0,3
CHUQUIHUTA AYLLU JUCUMANI,"anticoncepcion, prevencion de its y de cancer de cuello uterino",diu: usuarias continuas,2015-11-01,0,0,1,0,0,1
COBIJA,"anticoncepcion, prevencion de its y de cancer de cuello uterino",diu: usuarias continuas,2015-11-01,0,0,1,0,0,1
COCHABAMBA,"anticoncepcion, prevencion de its y de cancer de cuello uterino",diu: usuarias continuas,2015-11-01,0,5,73,22,1,101
COLCAPIRHUA,"anticoncepcion, prevencion de its y de cancer de cuello uterino",diu: usuarias continuas,2015-11-01,0,0,2,0,0,2
COLOMI,"anticoncepcion, prevencion de its y de cancer de cuello uterino",diu: usuarias continuas,2015-11-01,0,0,0,1,0,1
COTOCA,"anticoncepcion, prevencion de its y de cancer de cuello uterino",diu: usuarias continuas,2015-11-01,0,0,1,0,0,1
EL ALTO,"anticoncepcion, prevencion de its y de cancer de cuello uterino",diu: usuarias continuas,2015-11-01,0,1,26,27,0,54
EL TORNO,"anticoncepcion, prevencion de its y de cancer de cuello uterino",diu: usuarias continuas,2015-11-01,0,0,1,1,0,2
ENTRE RIOS CBBA,"anticoncepcion, prevencion de its y de cancer de cuello uterino",diu: usuarias continuas,2015-11-01,0,0,2,0,0,2
GENERAL SAAVEDRA,"anticoncepcion, prevencion de its y de cancer de cuello uterino",diu: usuarias continuas,2015-11-01,0,0,0,1,0,1
GUANAY,"anticoncepcion, prevencion de its y de cancer de cuello uterino",diu: usuarias continuas,2015-11-01,0,0,1,0,0,1
GUAYARAMERIN,"anticoncepcion, prevencion de its y de cancer de cuello uterino",diu: usuarias continuas,2015-11-01,0,0,0,1,0,1
IRUPANA (VILLA DE LANZA),"anticoncepcion, prevencion de its y de cancer de cuello uterino",diu: usuarias continuas,2015-11-01,0,1,1,0,0,2
LA PAZ,"anticoncepcion, prevencion de its y de cancer de cuello uterino",diu: usuarias continuas,2015-11-01,0,22,119,26,1,168
MIZQUE,"anticoncepcion, prevencion de its y de cancer de cuello uterino",diu: usuarias continuas,2015-11-01,0,0,0,2,0,2
MONTEAGUDO,"anticoncepcion, prevencion de its y de cancer de cuello uterino",diu: usuarias continuas,2015-11-01,0,0,5,2,0,7
MONTERO,"anticoncepcion, prevencion de its y de cancer de cuello uterino",diu: usuarias continuas,2015-11-01,2,3,5,1,0,11
MORO MORO,"anticoncepcion, prevencion de its y de cancer de cuello uterino",diu: usuarias continuas,2015-11-01,0,0,1,0,0,1
ORURO,"anticoncepcion, prevencion de its y de cancer de cuello uterino",diu: usuarias continuas,2015-11-01,0,4,18,9,0,31
PADCAYA,"anticoncepcion, prevencion de its y de cancer de cuello uterino",diu: usuarias continuas,2015-11-01,0,0,1,2,0,3
PAILON,"anticoncepcion, prevencion de its y de cancer de cuello uterino",diu: usuarias continuas,2015-11-01,0,1,0,0,0,1
POJO (CBBA),"anticoncepcion, prevencion de its y de cancer de cuello uterino",diu: usuarias continuas,2015-11-01,0,1,1,0,0,2
PORONGO,"anticoncepcion, prevencion de its y de cancer de cuello uterino",diu: usuarias continuas,2015-11-01,0,1,2,0,0,3
PORTACHUELO,"anticoncepcion, prevencion de its y de cancer de cuello uterino",diu: usuarias continuas,2015-11-01,0,1,2,0,0,3
POSTRER VALLE,"anticoncepcion, prevencion de its y de cancer de cuello uterino",diu: usuarias continuas,2015-11-01,0,1,1,0,0,2
POTOSI,"anticoncepcion, prevencion de its y de cancer de cuello uterino",diu: usuarias continuas,2015-11-01,0,0,13,13,0,26
PUERTO VILLARROEL,"anticoncepcion, prevencion de its y de cancer de cuello uterino",diu: usuarias continuas,2015-11-01,0,0,1,0,0,1
QUILLACOLLO,"anticoncepcion, prevencion de its y de cancer de cuello uterino",diu: usuarias continuas,2015-11-01,0,0,2,2,0,4
QUIRUSILLAS,"anticoncepcion, prevencion de its y de cancer de cuello uterino",diu: usuarias continuas,2015-11-01,0,0,2,0,0,2
SACABA,"anticoncepcion, prevencion de its y de cancer de cuello uterino",diu: usuarias continuas,2015-11-01,0,4,13,15,0,32
SAIPINA,"anticoncepcion, prevencion de its y de cancer de cuello uterino",diu: usuarias continuas,2015-11-01,0,0,1,0,0,1
SAMAIPATA,"anticoncepcion, prevencion de its y de cancer de cuello uterino",diu: usuarias continuas,2015-11-01,0,0,1,0,0,1
SAN BORJA,"anticoncepcion, prevencion de its y de cancer de cuello uterino",diu: usuarias continuas,2015-11-01,0,0,4,0,0,4
SAN IGNACIO,"anticoncepcion, prevencion de its y de cancer de cuello uterino",diu: usuarias continuas,2015-11-01,0,0,1,0,0,1
SAN IGNACIO DE VELASCO,"anticoncepcion, prevencion de its y de cancer de cuello uterino",diu: usuarias continuas,2015-11-01,0,1,1,1,0,3
SAN JULIAN,"anticoncepcion, prevencion de its y de cancer de cuello uterino",diu: usuarias continuas,2015-11-01,0,0,1,0,0,1
SAN LORENZO(TJA),"anticoncepcion, prevencion de its y de cancer de cuello uterino",diu: usuarias continuas,2015-11-01,0,0,1,0,0,1
SANTA ANA,"anticoncepcion, prevencion de its y de cancer de cuello uterino",diu: usuarias continuas,2015-11-01,0,0,2,0,0,2
SANTA CRUZ DE LA SIERRA,"anticoncepcion, prevencion de its y de cancer de cuello uterino",diu: usuarias continuas,2015-11-01,0,5,69,25,0,99
SANTA ROSA DEL SARA,"anticoncepcion, prevencion de its y de cancer de cuello uterino",diu: usuarias continuas,2015-11-01,0,0,4,0,0,4
SICA SICA (VILLA AROMA),"anticoncepcion, prevencion de its y de cancer de cuello uterino",diu: usuarias continuas,2015-11-01,0,0,1,0,0,1
SIPE SIPE,"anticoncepcion, prevencion de its y de cancer de cuello uterino",diu: usuarias continuas,2015-11-01,0,0,1,0,0,1
SUCRE,"anticoncepcion, prevencion de its y de cancer de cuello uterino",diu: usuarias continuas,2015-11-01,0,0,23,12,1,36
TARIJA,"anticoncepcion, prevencion de its y de cancer de cuello uterino",diu: usuarias continuas,2015-11-01,0,8,29,4,0,41
TIQUIPAYA,"anticoncepcion, prevencion de its y de cancer de cuello uterino",diu: usuarias continuas,2015-11-01,0,0,2,1,0,3
TOLATA,"anticoncepcion, prevencion de its y de cancer de cuello uterino",diu: usuarias continuas,2015-11-01,0,0,2,0,0,2
TRIGAL,"anticoncepcion, prevencion de its y de cancer de cuello uterino",diu: usuarias continuas,2015-11-01,0,0,2,0,0,2
TRINIDAD,"anticoncepcion, prevencion de its y de cancer de cuello uterino",diu: usuarias continuas,2015-11-01,0,0,5,0,0,5
TUPIZA,"anticoncepcion, prevencion de its y de cancer de cuello uterino",diu: usuarias continuas,2015-11-01,0,0,1,0,0,1
VALLEGRANDE,"anticoncepcion, prevencion de its y de cancer de cuello uterino",diu: usuarias continuas,2015-11-01,0,1,8,1,0,10
VIACHA,"anticoncepcion, prevencion de its y de cancer de cuello uterino",diu: usuarias continuas,2015-11-01,0,0,1,0,0,1
VILLAZON,"anticoncepcion, prevencion de its y de cancer de cuello uterino",diu: usuarias continuas,2015-11-01,0,0,7,0,0,7
VINTO,"anticoncepcion, prevencion de its y de cancer de cuello uterino",diu: usuarias continuas,2015-11-01,1,1,3,3,0,8
WARNES,"anticoncepcion, prevencion de its y de cancer de cuello uterino",diu: usuarias continuas,2015-11-01,0,0,1,0,0,1
YACUIBA,"anticoncepcion, prevencion de its y de cancer de cuello uterino",diu: usuarias continuas,2015-11-01,0,3,29,8,0,40
ACHACACHI,"anticoncepcion, prevencion de its y de cancer de cuello uterino",diu: usuarias continuas,2015-12-01,0,0,2,0,0,2
AIQUILE,"anticoncepcion, prevencion de its y de cancer de cuello uterino",diu: usuarias continuas,2015-12-01,0,1,0,2,0,3
AYOPAYA (V. DE INDEPENDENCIA),"anticoncepcion, prevencion de its y de cancer de cuello uterino",diu: usuarias continuas,2015-12-01,0,0,1,1,0,2
BAURES,"anticoncepcion, prevencion de its y de cancer de cuello uterino",diu: usuarias continuas,2015-12-01,0,0,1,0,0,1
BERMEJO,"anticoncepcion, prevencion de its y de cancer de cuello uterino",diu: usuarias continuas,2015-12-01,0,0,0,2,0,2
CAMARGO,"anticoncepcion, prevencion de its y de cancer de cuello uterino",diu: usuarias continuas,2015-12-01,0,0,2,1,1,4
CARANAVI,"anticoncepcion, prevencion de its y de cancer de cuello uterino",diu: usuarias continuas,2015-12-01,0,0,0,1,0,1
CHUQUIHUTA AYLLU JUCUMANI,"anticoncepcion, prevencion de its y de cancer de cuello uterino",diu: usuarias continuas,2015-12-01,0,0,1,1,0,2
CLIZA,"anticoncepcion, prevencion de its y de cancer de cuello uterino",diu: usuarias continuas,2015-12-01,0,0,1,0,0,1
COBIJA,"anticoncepcion, prevencion de its y de cancer de cuello uterino",diu: usuarias continuas,2015-12-01,0,0,1,1,0,2
COCHABAMBA,"anticoncepcion, prevencion de its y de cancer de cuello uterino",diu: usuarias continuas,2015-12-01,0,6,78,68,0,152
COLCAPIRHUA,"anticoncepcion, prevencion de its y de cancer de cuello uterino",diu: usuarias continuas,2015-12-01,0,0,6,0,0,6
COLOMI,"anticoncepcion, prevencion de its y de cancer de cuello uterino",diu: usuarias continuas,2015-12-01,0,0,1,1,0,2
EL ALTO,"anticoncepcion, prevencion de its y de cancer de cuello uterino",diu: usuarias continuas,2015-12-01,0,2,17,41,0,60
EL PUENTE(TJA),"anticoncepcion, prevencion de its y de cancer de cuello uterino",diu: usuarias continuas,2015-12-01,0,0,1,1,0,2
EL TORNO,"anticoncepcion, prevencion de its y de cancer de cuello uterino",diu: usuarias continuas,2015-12-01,0,0,1,1,0,2
ENTRE RIOS TRJ,"anticoncepcion, prevencion de its y de cancer de cuello uterino",diu: usuarias continuas,2015-12-01,0,0,1,1,0,2
ENTRE RIOS CBBA,"anticoncepcion, prevencion de its y de cancer de cuello uterino",diu: usuarias continuas,2015-12-01,0,0,0,1,0,1
GENERAL SAAVEDRA,"anticoncepcion, prevencion de its y de cancer de cuello uterino",diu: usuarias continuas,2015-12-01,0,0,0,1,0,1
INCAHUASI,"anticoncepcion, prevencion de its y de cancer de cuello uterino",diu: usuarias continuas,2015-12-01,0,0,1,0,0,1
LA GUARDIA,"anticoncepcion, prevencion de its y de cancer de cuello uterino",diu: usuarias continuas,2015-12-01,0,0,1,0,0,1
LA PAZ,"anticoncepcion, prevencion de its y de cancer de cuello uterino",diu: usuarias continuas,2015-12-01,0,2,86,26,0,114
MAIRANA,"anticoncepcion, prevencion de its y de cancer de cuello uterino",diu: usuarias continuas,2015-12-01,0,1,3,1,0,5
MINEROS,"anticoncepcion, prevencion de its y de cancer de cuello uterino",diu: usuarias continuas,2015-12-01,0,0,1,0,0,1
MIZQUE,"anticoncepcion, prevencion de its y de cancer de cuello uterino",diu: usuarias continuas,2015-12-01,0,1,1,2,0,4
MONTEAGUDO,"anticoncepcion, prevencion de its y de cancer de cuello uterino",diu: usuarias continuas,2015-12-01,0,1,3,5,0,9
MONTERO,"anticoncepcion, prevencion de its y de cancer de cuello uterino",diu: usuarias continuas,2015-12-01,4,2,4,2,0,12
ORURO,"anticoncepcion, prevencion de its y de cancer de cuello uterino",diu: usuarias continuas,2015-12-01,0,2,10,5,0,17
PADCAYA,"anticoncepcion, prevencion de its y de cancer de cuello uterino",diu: usuarias continuas,2015-12-01,0,0,4,0,0,4
PALCA,"anticoncepcion, prevencion de its y de cancer de cuello uterino",diu: usuarias continuas,2015-12-01,0,0,1,0,0,1
PORTACHUELO,"anticoncepcion, prevencion de its y de cancer de cuello uterino",diu: usuarias continuas,2015-12-01,0,0,3,0,0,3
POSTRER VALLE,"anticoncepcion, prevencion de its y de cancer de cuello uterino",diu: usuarias continuas,2015-12-01,0,0,1,0,0,1
POTOSI,"anticoncepcion, prevencion de its y de cancer de cuello uterino",diu: usuarias continuas,2015-12-01,0,0,12,13,0,25
QUILLACOLLO,"anticoncepcion, prevencion de its y de cancer de cuello uterino",diu: usuarias continuas,2015-12-01,0,0,5,0,0,5
ROBORE,"anticoncepcion, prevencion de its y de cancer de cuello uterino",diu: usuarias continuas,2015-12-01,0,0,2,0,0,2
SACABA,"anticoncepcion, prevencion de its y de cancer de cuello uterino",diu: usuarias continuas,2015-12-01,0,3,20,13,0,36
SAMAIPATA,"anticoncepcion, prevencion de its y de cancer de cuello uterino",diu: usuarias continuas,2015-12-01,0,0,1,0,0,1
SAN CARLOS,"anticoncepcion, prevencion de its y de cancer de cuello uterino",diu: usuarias continuas,2015-12-01,0,2,0,0,0,2
SAN IGNACIO,"anticoncepcion, prevencion de its y de cancer de cuello uterino",diu: usuarias continuas,2015-12-01,0,1,5,0,0,6
SAN IGNACIO DE VELASCO,"anticoncepcion, prevencion de its y de cancer de cuello uterino",diu: usuarias continuas,2015-12-01,0,0,0,2,0,2
SAN JULIAN,"anticoncepcion, prevencion de its y de cancer de cuello uterino",diu: usuarias continuas,2015-12-01,0,0,1,0,0,1
SAN LORENZO(TJA),"anticoncepcion, prevencion de its y de cancer de cuello uterino",diu: usuarias continuas,2015-12-01,0,0,2,2,0,4
SANTA ANA,"anticoncepcion, prevencion de its y de cancer de cuello uterino",diu: usuarias continuas,2015-12-01,0,0,0,3,0,3
SANTA CRUZ DE LA SIERRA,"anticoncepcion, prevencion de its y de cancer de cuello uterino",diu: usuarias continuas,2015-12-01,0,2,59,77,0,138
SANTA ROSA DEL SARA,"anticoncepcion, prevencion de its y de cancer de cuello uterino",diu: usuarias continuas,2015-12-01,0,0,2,0,0,2
SANTIVAÑES,"anticoncepcion, prevencion de its y de cancer de cuello uterino",diu: usuarias continuas,2015-12-01,0,0,1,0,0,1
SIPE SIPE,"anticoncepcion, prevencion de its y de cancer de cuello uterino",diu: usuarias continuas,2015-12-01,0,0,3,0,0,3
SUCRE,"anticoncepcion, prevencion de its y de cancer de cuello uterino",diu: usuarias continuas,2015-12-01,0,1,22,13,0,36
TARATA,"anticoncepcion, prevencion de its y de cancer de cuello uterino",diu: usuarias continuas,2015-12-01,0,0,1,0,0,1
TARIJA,"anticoncepcion, prevencion de its y de cancer de cuello uterino",diu: usuarias continuas,2015-12-01,0,8,36,14,1,59
TIQUIPAYA,"anticoncepcion, prevencion de its y de cancer de cuello uterino",diu: usuarias continuas,2015-12-01,0,0,2,0,0,2
TOLATA,"anticoncepcion, prevencion de its y de cancer de cuello uterino",diu: usuarias continuas,2015-12-01,0,0,1,0,0,1
TRINIDAD,"anticoncepcion, prevencion de its y de cancer de cuello uterino",diu: usuarias continuas,2015-12-01,0,0,1,0,0,1
TUPIZA,"anticoncepcion, prevencion de its y de cancer de cuello uterino",diu: usuarias continuas,2015-12-01,0,0,1,0,0,1
VALLEGRANDE,"anticoncepcion, prevencion de its y de cancer de cuello uterino",diu: usuarias continuas,2015-12-01,0,3,8,5,0,16
VIACHA,"anticoncepcion, prevencion de its y de cancer de cuello uterino",diu: usuarias continuas,2015-12-01,0,0,1,2,0,3
VILLA MONTES,"anticoncepcion, prevencion de its y de cancer de cuello uterino",diu: usuarias continuas,2015-12-01,0,0,1,0,0,1
VILLAZON,"anticoncepcion, prevencion de its y de cancer de cuello uterino",diu: usuarias continuas,2015-12-01,0,0,0,2,0,2
VINTO,"anticoncepcion, prevencion de its y de cancer de cuello uterino",diu: usuarias continuas,2015-12-01,0,0,7,1,0,8
WARNES,"anticoncepcion, prevencion de its y de cancer de cuello uterino",diu: usuarias continuas,2015-12-01,0,0,1,0,0,1
YACUIBA,"anticoncepcion, prevencion de its y de cancer de cuello uterino",diu: usuarias continuas,2015-12-01,0,1,33,6,0,40
YOTALA,"anticoncepcion, prevencion de its y de cancer de cuello uterino",diu: usuarias continuas,2015-12-01,0,0,1,0,0,1
