municipality,group,variable,month,Implante subdérmico: Usuarias Nuevas,Implante subdérmico: Usuarias Nuevas1,Implante subdérmico: Usuarias Nuevas2,Implante subdérmico: Usuarias Nuevas3,Implante subdérmico: Usuarias Nuevas4,TOTAL
ACHACACHI,"anticoncepcion, prevencion de its y de cancer de cuello uterino",implante subdermico: usuarias nuevas,2015-01-01,0,0,0,3,0,3
AYOPAYA (V. DE INDEPENDENCIA),"anticoncepcion, prevencion de its y de cancer de cuello uterino",implante subdermico: usuarias nuevas,2015-01-01,0,0,1,0,0,1
BAURES,"anticoncepcion, prevencion de its y de cancer de cuello uterino",implante subdermico: usuarias nuevas,2015-01-01,0,1,9,3,0,13
BELLA FLOR,"anticoncepcion, prevencion de its y de cancer de cuello uterino",implante subdermico: usuarias nuevas,2015-01-01,0,2,3,0,0,5
BERMEJO,"anticoncepcion, prevencion de its y de cancer de cuello uterino",implante subdermico: usuarias nuevas,2015-01-01,0,0,3,3,0,6
CALAMARCA,"anticoncepcion, prevencion de its y de cancer de cuello uterino",implante subdermico: usuarias nuevas,2015-01-01,0,0,5,0,0,5
CAPINOTA,"anticoncepcion, prevencion de its y de cancer de cuello uterino",implante subdermico: usuarias nuevas,2015-01-01,1,1,10,0,0,12
CLIZA,"anticoncepcion, prevencion de its y de cancer de cuello uterino",implante subdermico: usuarias nuevas,2015-01-01,0,0,2,0,0,2
COBIJA,"anticoncepcion, prevencion de its y de cancer de cuello uterino",implante subdermico: usuarias nuevas,2015-01-01,0,2,6,19,0,27
COCHABAMBA,"anticoncepcion, prevencion de its y de cancer de cuello uterino",implante subdermico: usuarias nuevas,2015-01-01,1,16,186,20,0,223
CONCEPCION,"anticoncepcion, prevencion de its y de cancer de cuello uterino",implante subdermico: usuarias nuevas,2015-01-01,0,1,3,0,0,4
COROICO,"anticoncepcion, prevencion de its y de cancer de cuello uterino",implante subdermico: usuarias nuevas,2015-01-01,0,1,0,0,0,1
CULPINA,"anticoncepcion, prevencion de its y de cancer de cuello uterino",implante subdermico: usuarias nuevas,2015-01-01,0,0,7,2,0,9
EL ALTO,"anticoncepcion, prevencion de its y de cancer de cuello uterino",implante subdermico: usuarias nuevas,2015-01-01,0,14,118,44,0,176
EL PUENTE(STC),"anticoncepcion, prevencion de its y de cancer de cuello uterino",implante subdermico: usuarias nuevas,2015-01-01,0,1,0,0,0,1
EL TORNO,"anticoncepcion, prevencion de its y de cancer de cuello uterino",implante subdermico: usuarias nuevas,2015-01-01,1,0,0,0,0,1
EUREKA (SANTOS MERCADO),"anticoncepcion, prevencion de its y de cancer de cuello uterino",implante subdermico: usuarias nuevas,2015-01-01,0,2,0,0,0,2
HUANUNI,"anticoncepcion, prevencion de its y de cancer de cuello uterino",implante subdermico: usuarias nuevas,2015-01-01,0,1,1,3,0,5
INGAVI (HUMAITA),"anticoncepcion, prevencion de its y de cancer de cuello uterino",implante subdermico: usuarias nuevas,2015-01-01,0,1,0,0,0,1
LA PAZ,"anticoncepcion, prevencion de its y de cancer de cuello uterino",implante subdermico: usuarias nuevas,2015-01-01,0,22,167,10,0,199
LAS CARRERAS,"anticoncepcion, prevencion de its y de cancer de cuello uterino",implante subdermico: usuarias nuevas,2015-01-01,0,0,0,1,0,1
MACHACAMARCA,"anticoncepcion, prevencion de its y de cancer de cuello uterino",implante subdermico: usuarias nuevas,2015-01-01,0,0,2,1,0,3
MACHARETI,"anticoncepcion, prevencion de its y de cancer de cuello uterino",implante subdermico: usuarias nuevas,2015-01-01,0,0,2,0,0,2
MONTEAGUDO,"anticoncepcion, prevencion de its y de cancer de cuello uterino",implante subdermico: usuarias nuevas,2015-01-01,0,1,3,1,0,5
MONTERO,"anticoncepcion, prevencion de its y de cancer de cuello uterino",implante subdermico: usuarias nuevas,2015-01-01,0,0,1,0,0,1
NUEVO MANOA (NUEVA ESPERANZA),"anticoncepcion, prevencion de its y de cancer de cuello uterino",implante subdermico: usuarias nuevas,2015-01-01,0,0,7,0,0,7
ORURO,"anticoncepcion, prevencion de its y de cancer de cuello uterino",implante subdermico: usuarias nuevas,2015-01-01,0,11,62,6,0,79
PADILLA,"anticoncepcion, prevencion de its y de cancer de cuello uterino",implante subdermico: usuarias nuevas,2015-01-01,0,1,0,0,0,1
PAZÑA,"anticoncepcion, prevencion de its y de cancer de cuello uterino",implante subdermico: usuarias nuevas,2015-01-01,0,0,2,0,0,2
PORVENIR,"anticoncepcion, prevencion de its y de cancer de cuello uterino",implante subdermico: usuarias nuevas,2015-01-01,0,0,4,0,0,4
POTOSI,"anticoncepcion, prevencion de its y de cancer de cuello uterino",implante subdermico: usuarias nuevas,2015-01-01,0,9,95,9,0,113
PUERTO GONZALO MORENO,"anticoncepcion, prevencion de its y de cancer de cuello uterino",implante subdermico: usuarias nuevas,2015-01-01,0,1,0,0,0,1
PUERTO RICO,"anticoncepcion, prevencion de its y de cancer de cuello uterino",implante subdermico: usuarias nuevas,2015-01-01,0,2,2,1,0,5
QUILLACOLLO,"anticoncepcion, prevencion de its y de cancer de cuello uterino",implante subdermico: usuarias nuevas,2015-01-01,0,0,36,3,0,39
RIBERALTA,"anticoncepcion, prevencion de its y de cancer de cuello uterino",implante subdermico: usuarias nuevas,2015-01-01,0,1,3,1,0,5
SACABA,"anticoncepcion, prevencion de its y de cancer de cuello uterino",implante subdermico: usuarias nuevas,2015-01-01,0,2,2,0,0,4
SAN IGNACIO,"anticoncepcion, prevencion de its y de cancer de cuello uterino",implante subdermico: usuarias nuevas,2015-01-01,0,6,0,0,0,6
SAN JAVIER(BNI),"anticoncepcion, prevencion de its y de cancer de cuello uterino",implante subdermico: usuarias nuevas,2015-01-01,0,0,1,0,0,1
SAN JAVIER(STC),"anticoncepcion, prevencion de its y de cancer de cuello uterino",implante subdermico: usuarias nuevas,2015-01-01,0,1,6,14,0,21
SAN LORENZO(TJA),"anticoncepcion, prevencion de its y de cancer de cuello uterino",implante subdermico: usuarias nuevas,2015-01-01,0,0,3,0,0,3
SAN LUCAS,"anticoncepcion, prevencion de its y de cancer de cuello uterino",implante subdermico: usuarias nuevas,2015-01-01,0,0,2,0,0,2
SANTA CRUZ DE LA SIERRA,"anticoncepcion, prevencion de its y de cancer de cuello uterino",implante subdermico: usuarias nuevas,2015-01-01,0,0,191,100,0,291
SANTIAGO DE CALLAPA,"anticoncepcion, prevencion de its y de cancer de cuello uterino",implante subdermico: usuarias nuevas,2015-01-01,0,0,0,1,0,1
SANTIAGO DE HUARI,"anticoncepcion, prevencion de its y de cancer de cuello uterino",implante subdermico: usuarias nuevas,2015-01-01,0,0,1,0,0,1
SICA SICA (VILLA AROMA),"anticoncepcion, prevencion de its y de cancer de cuello uterino",implante subdermico: usuarias nuevas,2015-01-01,0,1,0,0,0,1
SORATA,"anticoncepcion, prevencion de its y de cancer de cuello uterino",implante subdermico: usuarias nuevas,2015-01-01,0,0,1,0,0,1
SUCRE,"anticoncepcion, prevencion de its y de cancer de cuello uterino",implante subdermico: usuarias nuevas,2015-01-01,0,8,42,1,0,51
TARIJA,"anticoncepcion, prevencion de its y de cancer de cuello uterino",implante subdermico: usuarias nuevas,2015-01-01,0,9,87,20,0,116
TIQUIPAYA,"anticoncepcion, prevencion de its y de cancer de cuello uterino",implante subdermico: usuarias nuevas,2015-01-01,0,0,1,1,0,2
TIRAQUE (CBBA),"anticoncepcion, prevencion de its y de cancer de cuello uterino",implante subdermico: usuarias nuevas,2015-01-01,0,0,3,6,0,9
TRINIDAD,"anticoncepcion, prevencion de its y de cancer de cuello uterino",implante subdermico: usuarias nuevas,2015-01-01,0,5,45,10,0,60
VIACHA,"anticoncepcion, prevencion de its y de cancer de cuello uterino",implante subdermico: usuarias nuevas,2015-01-01,0,1,10,1,0,12
VILLA CHARCAS,"anticoncepcion, prevencion de its y de cancer de cuello uterino",implante subdermico: usuarias nuevas,2015-01-01,0,2,14,6,0,22
VILLA NUEVA (LOMA ALTA),"anticoncepcion, prevencion de its y de cancer de cuello uterino",implante subdermico: usuarias nuevas,2015-01-01,0,0,2,0,0,2
VILLA SERRANO,"anticoncepcion, prevencion de its y de cancer de cuello uterino",implante subdermico: usuarias nuevas,2015-01-01,0,2,2,1,0,5
VILLA TUNARI,"anticoncepcion, prevencion de its y de cancer de cuello uterino",implante subdermico: usuarias nuevas,2015-01-01,0,0,0,1,0,1
VILLA VACA GUZMAN (MUYUPAMPA),"anticoncepcion, prevencion de its y de cancer de cuello uterino",implante subdermico: usuarias nuevas,2015-01-01,0,0,4,0,0,4
WARNES,"anticoncepcion, prevencion de its y de cancer de cuello uterino",implante subdermico: usuarias nuevas,2015-01-01,0,0,0,0,3,3
YACUIBA,"anticoncepcion, prevencion de its y de cancer de cuello uterino",implante subdermico: usuarias nuevas,2015-01-01,0,0,1,0,0,1
YANACACHI,"anticoncepcion, prevencion de its y de cancer de cuello uterino",implante subdermico: usuarias nuevas,2015-01-01,0,1,7,1,0,9
ACHOCALLA,"anticoncepcion, prevencion de its y de cancer de cuello uterino",implante subdermico: usuarias nuevas,2015-02-01,0,0,2,3,0,5
ALTO BENI,"anticoncepcion, prevencion de its y de cancer de cuello uterino",implante subdermico: usuarias nuevas,2015-02-01,0,0,2,0,0,2
ANDAMARCA,"anticoncepcion, prevencion de its y de cancer de cuello uterino",implante subdermico: usuarias nuevas,2015-02-01,0,1,1,0,0,2
AYOPAYA (V. DE INDEPENDENCIA),"anticoncepcion, prevencion de its y de cancer de cuello uterino",implante subdermico: usuarias nuevas,2015-02-01,0,2,8,1,0,11
BAURES,"anticoncepcion, prevencion de its y de cancer de cuello uterino",implante subdermico: usuarias nuevas,2015-02-01,0,3,3,1,0,7
BELLA FLOR,"anticoncepcion, prevencion de its y de cancer de cuello uterino",implante subdermico: usuarias nuevas,2015-02-01,0,0,4,1,0,5
BOLIVAR,"anticoncepcion, prevencion de its y de cancer de cuello uterino",implante subdermico: usuarias nuevas,2015-02-01,0,0,1,0,0,1
CABEZAS,"anticoncepcion, prevencion de its y de cancer de cuello uterino",implante subdermico: usuarias nuevas,2015-02-01,9,0,0,0,0,9
CAPINOTA,"anticoncepcion, prevencion de its y de cancer de cuello uterino",implante subdermico: usuarias nuevas,2015-02-01,0,0,3,0,0,3
CARAPARI,"anticoncepcion, prevencion de its y de cancer de cuello uterino",implante subdermico: usuarias nuevas,2015-02-01,0,0,3,0,0,3
CARIPUYO,"anticoncepcion, prevencion de its y de cancer de cuello uterino",implante subdermico: usuarias nuevas,2015-02-01,0,0,1,1,0,2
CLIZA,"anticoncepcion, prevencion de its y de cancer de cuello uterino",implante subdermico: usuarias nuevas,2015-02-01,0,0,9,0,0,9
COBIJA,"anticoncepcion, prevencion de its y de cancer de cuello uterino",implante subdermico: usuarias nuevas,2015-02-01,0,7,12,1,0,20
COCHABAMBA,"anticoncepcion, prevencion de its y de cancer de cuello uterino",implante subdermico: usuarias nuevas,2015-02-01,0,5,156,5,0,166
CULPINA,"anticoncepcion, prevencion de its y de cancer de cuello uterino",implante subdermico: usuarias nuevas,2015-02-01,0,1,3,4,0,8
CURVA,"anticoncepcion, prevencion de its y de cancer de cuello uterino",implante subdermico: usuarias nuevas,2015-02-01,0,0,2,0,0,2
EL ALTO,"anticoncepcion, prevencion de its y de cancer de cuello uterino",implante subdermico: usuarias nuevas,2015-02-01,0,14,112,15,0,141
EL TORNO,"anticoncepcion, prevencion de its y de cancer de cuello uterino",implante subdermico: usuarias nuevas,2015-02-01,7,9,10,3,0,29
ENTRE RIOS TRJ,"anticoncepcion, prevencion de its y de cancer de cuello uterino",implante subdermico: usuarias nuevas,2015-02-01,1,0,0,0,0,1
EUREKA (SANTOS MERCADO),"anticoncepcion, prevencion de its y de cancer de cuello uterino",implante subdermico: usuarias nuevas,2015-02-01,0,1,0,0,0,1
HUACARETA,"anticoncepcion, prevencion de its y de cancer de cuello uterino",implante subdermico: usuarias nuevas,2015-02-01,0,1,1,0,0,2
HUANUNI,"anticoncepcion, prevencion de its y de cancer de cuello uterino",implante subdermico: usuarias nuevas,2015-02-01,0,0,12,4,0,16
HUARACAJE,"anticoncepcion, prevencion de its y de cancer de cuello uterino",implante subdermico: usuarias nuevas,2015-02-01,0,0,2,0,0,2
ICLA,"anticoncepcion, prevencion de its y de cancer de cuello uterino",implante subdermico: usuarias nuevas,2015-02-01,0,0,2,1,0,3
INCAHUASI,"anticoncepcion, prevencion de its y de cancer de cuello uterino",implante subdermico: usuarias nuevas,2015-02-01,0,1,3,0,0,4
INGAVI (HUMAITA),"anticoncepcion, prevencion de its y de cancer de cuello uterino",implante subdermico: usuarias nuevas,2015-02-01,0,0,1,0,0,1
LA PAZ,"anticoncepcion, prevencion de its y de cancer de cuello uterino",implante subdermico: usuarias nuevas,2015-02-01,0,22,115,14,0,151
LAS CARRERAS,"anticoncepcion, prevencion de its y de cancer de cuello uterino",implante subdermico: usuarias nuevas,2015-02-01,0,0,1,0,0,1
MONTEAGUDO,"anticoncepcion, prevencion de its y de cancer de cuello uterino",implante subdermico: usuarias nuevas,2015-02-01,0,1,5,0,0,6
OKINAWA,"anticoncepcion, prevencion de its y de cancer de cuello uterino",implante subdermico: usuarias nuevas,2015-02-01,0,0,24,9,0,33
ORURO,"anticoncepcion, prevencion de its y de cancer de cuello uterino",implante subdermico: usuarias nuevas,2015-02-01,0,7,57,5,0,69
PAILON,"anticoncepcion, prevencion de its y de cancer de cuello uterino",implante subdermico: usuarias nuevas,2015-02-01,0,0,0,30,0,30
POTOSI,"anticoncepcion, prevencion de its y de cancer de cuello uterino",implante subdermico: usuarias nuevas,2015-02-01,0,7,43,6,0,56
PUERTO RICO,"anticoncepcion, prevencion de its y de cancer de cuello uterino",implante subdermico: usuarias nuevas,2015-02-01,0,1,1,0,0,2
QUILLACOLLO,"anticoncepcion, prevencion de its y de cancer de cuello uterino",implante subdermico: usuarias nuevas,2015-02-01,0,0,3,3,0,6
RIBERALTA,"anticoncepcion, prevencion de its y de cancer de cuello uterino",implante subdermico: usuarias nuevas,2015-02-01,0,0,5,0,0,5
SABAYA,"anticoncepcion, prevencion de its y de cancer de cuello uterino",implante subdermico: usuarias nuevas,2015-02-01,0,1,2,1,0,4
SAN CARLOS,"anticoncepcion, prevencion de its y de cancer de cuello uterino",implante subdermico: usuarias nuevas,2015-02-01,0,0,1,0,0,1
SAN LUCAS,"anticoncepcion, prevencion de its y de cancer de cuello uterino",implante subdermico: usuarias nuevas,2015-02-01,0,1,2,1,0,4
SANTA CRUZ DE LA SIERRA,"anticoncepcion, prevencion de its y de cancer de cuello uterino",implante subdermico: usuarias nuevas,2015-02-01,0,19,150,73,0,242
SANTIAGO DE HUARI,"anticoncepcion, prevencion de its y de cancer de cuello uterino",implante subdermico: usuarias nuevas,2015-02-01,0,0,2,0,0,2
SORATA,"anticoncepcion, prevencion de its y de cancer de cuello uterino",implante subdermico: usuarias nuevas,2015-02-01,0,0,7,0,0,7
SUCRE,"anticoncepcion, prevencion de its y de cancer de cuello uterino",implante subdermico: usuarias nuevas,2015-02-01,0,9,54,11,0,74
TARIJA,"anticoncepcion, prevencion de its y de cancer de cuello uterino",implante subdermico: usuarias nuevas,2015-02-01,0,11,37,4,0,52
TOLEDO,"anticoncepcion, prevencion de its y de cancer de cuello uterino",implante subdermico: usuarias nuevas,2015-02-01,0,0,2,0,0,2
TRINIDAD,"anticoncepcion, prevencion de its y de cancer de cuello uterino",implante subdermico: usuarias nuevas,2015-02-01,0,0,24,12,0,36
TURCO,"anticoncepcion, prevencion de its y de cancer de cuello uterino",implante subdermico: usuarias nuevas,2015-02-01,0,0,1,0,0,1
VILLA CHARCAS,"anticoncepcion, prevencion de its y de cancer de cuello uterino",implante subdermico: usuarias nuevas,2015-02-01,0,0,2,6,0,8
VILLA NUEVA (LOMA ALTA),"anticoncepcion, prevencion de its y de cancer de cuello uterino",implante subdermico: usuarias nuevas,2015-02-01,0,0,1,0,0,1
VILLA SERRANO,"anticoncepcion, prevencion de its y de cancer de cuello uterino",implante subdermico: usuarias nuevas,2015-02-01,0,2,3,2,0,7
VILLA VACA GUZMAN (MUYUPAMPA),"anticoncepcion, prevencion de its y de cancer de cuello uterino",implante subdermico: usuarias nuevas,2015-02-01,0,1,10,2,0,13
YAPACANI,"anticoncepcion, prevencion de its y de cancer de cuello uterino",implante subdermico: usuarias nuevas,2015-02-01,1,0,2,0,0,3
YOCALLA,"anticoncepcion, prevencion de its y de cancer de cuello uterino",implante subdermico: usuarias nuevas,2015-02-01,0,0,3,0,0,3
ACHOCALLA,"anticoncepcion, prevencion de its y de cancer de cuello uterino",implante subdermico: usuarias nuevas,2015-03-01,0,0,7,2,0,9
AIQUILE,"anticoncepcion, prevencion de its y de cancer de cuello uterino",implante subdermico: usuarias nuevas,2015-03-01,0,0,1,0,0,1
AYOPAYA (V. DE INDEPENDENCIA),"anticoncepcion, prevencion de its y de cancer de cuello uterino",implante subdermico: usuarias nuevas,2015-03-01,0,1,5,2,0,8
AZURDUY,"anticoncepcion, prevencion de its y de cancer de cuello uterino",implante subdermico: usuarias nuevas,2015-03-01,0,1,2,6,0,9
BAURES,"anticoncepcion, prevencion de its y de cancer de cuello uterino",implante subdermico: usuarias nuevas,2015-03-01,0,0,2,0,0,2
BELLA FLOR,"anticoncepcion, prevencion de its y de cancer de cuello uterino",implante subdermico: usuarias nuevas,2015-03-01,0,0,6,1,0,7
BOLPEBRA,"anticoncepcion, prevencion de its y de cancer de cuello uterino",implante subdermico: usuarias nuevas,2015-03-01,0,3,3,3,0,9
BUENA VISTA,"anticoncepcion, prevencion de its y de cancer de cuello uterino",implante subdermico: usuarias nuevas,2015-03-01,0,0,24,15,0,39
CABEZAS,"anticoncepcion, prevencion de its y de cancer de cuello uterino",implante subdermico: usuarias nuevas,2015-03-01,0,0,4,0,0,4
CAMARGO,"anticoncepcion, prevencion de its y de cancer de cuello uterino",implante subdermico: usuarias nuevas,2015-03-01,0,1,1,0,0,2
CAPINOTA,"anticoncepcion, prevencion de its y de cancer de cuello uterino",implante subdermico: usuarias nuevas,2015-03-01,0,1,7,0,0,8
CLIZA,"anticoncepcion, prevencion de its y de cancer de cuello uterino",implante subdermico: usuarias nuevas,2015-03-01,0,3,9,3,0,15
COBIJA,"anticoncepcion, prevencion de its y de cancer de cuello uterino",implante subdermico: usuarias nuevas,2015-03-01,0,0,4,2,0,6
COCHABAMBA,"anticoncepcion, prevencion de its y de cancer de cuello uterino",implante subdermico: usuarias nuevas,2015-03-01,0,11,174,11,0,196
CORIPATA,"anticoncepcion, prevencion de its y de cancer de cuello uterino",implante subdermico: usuarias nuevas,2015-03-01,0,0,1,0,0,1
CULPINA,"anticoncepcion, prevencion de its y de cancer de cuello uterino",implante subdermico: usuarias nuevas,2015-03-01,0,3,20,2,0,25
CURVA,"anticoncepcion, prevencion de its y de cancer de cuello uterino",implante subdermico: usuarias nuevas,2015-03-01,0,0,1,0,0,1
EL ALTO,"anticoncepcion, prevencion de its y de cancer de cuello uterino",implante subdermico: usuarias nuevas,2015-03-01,0,32,222,48,0,302
EL TORNO,"anticoncepcion, prevencion de its y de cancer de cuello uterino",implante subdermico: usuarias nuevas,2015-03-01,2,5,8,0,0,15
FERNANDEZ ALONSO,"anticoncepcion, prevencion de its y de cancer de cuello uterino",implante subdermico: usuarias nuevas,2015-03-01,0,12,8,0,0,20
GUTIERREZ,"anticoncepcion, prevencion de its y de cancer de cuello uterino",implante subdermico: usuarias nuevas,2015-03-01,0,0,0,1,0,1
HUACARETA,"anticoncepcion, prevencion de its y de cancer de cuello uterino",implante subdermico: usuarias nuevas,2015-03-01,0,0,0,3,0,3
HUANUNI,"anticoncepcion, prevencion de its y de cancer de cuello uterino",implante subdermico: usuarias nuevas,2015-03-01,0,0,12,2,0,14
HUARACAJE,"anticoncepcion, prevencion de its y de cancer de cuello uterino",implante subdermico: usuarias nuevas,2015-03-01,0,0,1,0,0,1
ICLA,"anticoncepcion, prevencion de its y de cancer de cuello uterino",implante subdermico: usuarias nuevas,2015-03-01,0,1,2,1,0,4
INCAHUASI,"anticoncepcion, prevencion de its y de cancer de cuello uterino",implante subdermico: usuarias nuevas,2015-03-01,0,1,7,2,0,10
LA PAZ,"anticoncepcion, prevencion de its y de cancer de cuello uterino",implante subdermico: usuarias nuevas,2015-03-01,1,32,187,35,2,257
MACHACAMARCA,"anticoncepcion, prevencion de its y de cancer de cuello uterino",implante subdermico: usuarias nuevas,2015-03-01,0,0,1,0,0,1
MACHARETI,"anticoncepcion, prevencion de its y de cancer de cuello uterino",implante subdermico: usuarias nuevas,2015-03-01,0,1,5,0,0,6
MAGDALENA,"anticoncepcion, prevencion de its y de cancer de cuello uterino",implante subdermico: usuarias nuevas,2015-03-01,0,0,7,1,0,8
MONTEAGUDO,"anticoncepcion, prevencion de its y de cancer de cuello uterino",implante subdermico: usuarias nuevas,2015-03-01,0,1,6,2,0,9
ORURO,"anticoncepcion, prevencion de its y de cancer de cuello uterino",implante subdermico: usuarias nuevas,2015-03-01,0,12,47,9,0,68
PADILLA,"anticoncepcion, prevencion de its y de cancer de cuello uterino",implante subdermico: usuarias nuevas,2015-03-01,0,0,5,0,0,5
PAILON,"anticoncepcion, prevencion de its y de cancer de cuello uterino",implante subdermico: usuarias nuevas,2015-03-01,0,1,6,0,0,7
PAZÑA,"anticoncepcion, prevencion de its y de cancer de cuello uterino",implante subdermico: usuarias nuevas,2015-03-01,0,0,6,0,0,6
POROMA,"anticoncepcion, prevencion de its y de cancer de cuello uterino",implante subdermico: usuarias nuevas,2015-03-01,0,0,1,1,0,2
PORONGO,"anticoncepcion, prevencion de its y de cancer de cuello uterino",implante subdermico: usuarias nuevas,2015-03-01,0,0,12,0,3,15
POTOSI,"anticoncepcion, prevencion de its y de cancer de cuello uterino",implante subdermico: usuarias nuevas,2015-03-01,0,14,101,14,0,129
PUERTO GONZALO MORENO,"anticoncepcion, prevencion de its y de cancer de cuello uterino",implante subdermico: usuarias nuevas,2015-03-01,0,2,7,0,0,9
PUERTO PEREZ,"anticoncepcion, prevencion de its y de cancer de cuello uterino",implante subdermico: usuarias nuevas,2015-03-01,0,0,1,0,0,1
PUERTO RICO,"anticoncepcion, prevencion de its y de cancer de cuello uterino",implante subdermico: usuarias nuevas,2015-03-01,0,2,2,0,0,4
QUILLACOLLO,"anticoncepcion, prevencion de its y de cancer de cuello uterino",implante subdermico: usuarias nuevas,2015-03-01,0,6,6,0,0,12
RIBERALTA,"anticoncepcion, prevencion de its y de cancer de cuello uterino",implante subdermico: usuarias nuevas,2015-03-01,0,1,16,5,0,22
SABAYA,"anticoncepcion, prevencion de its y de cancer de cuello uterino",implante subdermico: usuarias nuevas,2015-03-01,0,0,3,0,0,3
SACABA,"anticoncepcion, prevencion de its y de cancer de cuello uterino",implante subdermico: usuarias nuevas,2015-03-01,0,0,1,0,0,1
SALINAS DE GARCI MENDOZA,"anticoncepcion, prevencion de its y de cancer de cuello uterino",implante subdermico: usuarias nuevas,2015-03-01,0,0,4,6,0,10
SAN JULIAN,"anticoncepcion, prevencion de its y de cancer de cuello uterino",implante subdermico: usuarias nuevas,2015-03-01,0,0,3,0,0,3
SAN LUCAS,"anticoncepcion, prevencion de its y de cancer de cuello uterino",implante subdermico: usuarias nuevas,2015-03-01,0,3,5,1,0,9
SANTA ANA,"anticoncepcion, prevencion de its y de cancer de cuello uterino",implante subdermico: usuarias nuevas,2015-03-01,0,1,0,0,0,1
SANTA CRUZ DE LA SIERRA,"anticoncepcion, prevencion de its y de cancer de cuello uterino",implante subdermico: usuarias nuevas,2015-03-01,0,0,1,0,0,1
SANTA ROSA,"anticoncepcion, prevencion de its y de cancer de cuello uterino",implante subdermico: usuarias nuevas,2015-03-01,0,0,2,0,0,2
SANTIAGO DE HUARI,"anticoncepcion, prevencion de its y de cancer de cuello uterino",implante subdermico: usuarias nuevas,2015-03-01,0,3,5,0,0,8
SICA SICA (VILLA AROMA),"anticoncepcion, prevencion de its y de cancer de cuello uterino",implante subdermico: usuarias nuevas,2015-03-01,0,0,2,0,0,2
SORATA,"anticoncepcion, prevencion de its y de cancer de cuello uterino",implante subdermico: usuarias nuevas,2015-03-01,0,1,5,1,0,7
SUCRE,"anticoncepcion, prevencion de its y de cancer de cuello uterino",implante subdermico: usuarias nuevas,2015-03-01,0,8,74,5,0,87
TARIJA,"anticoncepcion, prevencion de its y de cancer de cuello uterino",implante subdermico: usuarias nuevas,2015-03-01,0,4,53,4,0,61
TOMINA,"anticoncepcion, prevencion de its y de cancer de cuello uterino",implante subdermico: usuarias nuevas,2015-03-01,0,1,1,3,0,5
TRINIDAD,"anticoncepcion, prevencion de its y de cancer de cuello uterino",implante subdermico: usuarias nuevas,2015-03-01,0,8,19,0,0,27
TURCO,"anticoncepcion, prevencion de its y de cancer de cuello uterino",implante subdermico: usuarias nuevas,2015-03-01,0,0,2,0,0,2
URIONDO (A. CONCEPCION),"anticoncepcion, prevencion de its y de cancer de cuello uterino",implante subdermico: usuarias nuevas,2015-03-01,0,1,2,0,0,3
VILLA CHARCAS,"anticoncepcion, prevencion de its y de cancer de cuello uterino",implante subdermico: usuarias nuevas,2015-03-01,0,1,2,2,0,5
VILLA SERRANO,"anticoncepcion, prevencion de its y de cancer de cuello uterino",implante subdermico: usuarias nuevas,2015-03-01,0,1,2,0,0,3
VILLA TUNARI,"anticoncepcion, prevencion de its y de cancer de cuello uterino",implante subdermico: usuarias nuevas,2015-03-01,0,4,22,6,0,32
VILLA VACA GUZMAN (MUYUPAMPA),"anticoncepcion, prevencion de its y de cancer de cuello uterino",implante subdermico: usuarias nuevas,2015-03-01,0,0,7,1,0,8
YANACACHI,"anticoncepcion, prevencion de its y de cancer de cuello uterino",implante subdermico: usuarias nuevas,2015-03-01,0,1,10,1,0,12
YOTALA,"anticoncepcion, prevencion de its y de cancer de cuello uterino",implante subdermico: usuarias nuevas,2015-03-01,0,3,1,1,0,5
ACHOCALLA,"anticoncepcion, prevencion de its y de cancer de cuello uterino",implante subdermico: usuarias nuevas,2015-04-01,0,0,12,0,0,12
AIQUILE,"anticoncepcion, prevencion de its y de cancer de cuello uterino",implante subdermico: usuarias nuevas,2015-04-01,0,0,8,2,0,10
ALCALA,"anticoncepcion, prevencion de its y de cancer de cuello uterino",implante subdermico: usuarias nuevas,2015-04-01,0,0,1,0,0,1
ALTO BENI,"anticoncepcion, prevencion de its y de cancer de cuello uterino",implante subdermico: usuarias nuevas,2015-04-01,0,1,1,0,0,2
APOLO,"anticoncepcion, prevencion de its y de cancer de cuello uterino",implante subdermico: usuarias nuevas,2015-04-01,0,0,2,0,0,2
AYOPAYA (V. DE INDEPENDENCIA),"anticoncepcion, prevencion de its y de cancer de cuello uterino",implante subdermico: usuarias nuevas,2015-04-01,0,0,1,0,0,1
BAURES,"anticoncepcion, prevencion de its y de cancer de cuello uterino",implante subdermico: usuarias nuevas,2015-04-01,0,1,0,0,0,1
BETANZOS,"anticoncepcion, prevencion de its y de cancer de cuello uterino",implante subdermico: usuarias nuevas,2015-04-01,0,0,2,1,0,3
CAMARGO,"anticoncepcion, prevencion de its y de cancer de cuello uterino",implante subdermico: usuarias nuevas,2015-04-01,0,5,6,3,0,14
CAMATAQUI (C. VILLA ABECIA),"anticoncepcion, prevencion de its y de cancer de cuello uterino",implante subdermico: usuarias nuevas,2015-04-01,0,1,1,0,0,2
CAPINOTA,"anticoncepcion, prevencion de its y de cancer de cuello uterino",implante subdermico: usuarias nuevas,2015-04-01,0,1,5,1,0,7
COBIJA,"anticoncepcion, prevencion de its y de cancer de cuello uterino",implante subdermico: usuarias nuevas,2015-04-01,0,6,2,0,0,8
COCHABAMBA,"anticoncepcion, prevencion de its y de cancer de cuello uterino",implante subdermico: usuarias nuevas,2015-04-01,0,14,150,1,0,165
COIPASA,"anticoncepcion, prevencion de its y de cancer de cuello uterino",implante subdermico: usuarias nuevas,2015-04-01,0,0,1,0,0,1
COLCAPIRHUA,"anticoncepcion, prevencion de its y de cancer de cuello uterino",implante subdermico: usuarias nuevas,2015-04-01,0,0,1,0,0,1
COROICO,"anticoncepcion, prevencion de its y de cancer de cuello uterino",implante subdermico: usuarias nuevas,2015-04-01,0,6,9,1,0,16
CULPINA,"anticoncepcion, prevencion de its y de cancer de cuello uterino",implante subdermico: usuarias nuevas,2015-04-01,0,2,8,1,0,11
CURVA,"anticoncepcion, prevencion de its y de cancer de cuello uterino",implante subdermico: usuarias nuevas,2015-04-01,0,0,1,0,0,1
EL ALTO,"anticoncepcion, prevencion de its y de cancer de cuello uterino",implante subdermico: usuarias nuevas,2015-04-01,0,15,88,25,0,128
EL PUENTE(STC),"anticoncepcion, prevencion de its y de cancer de cuello uterino",implante subdermico: usuarias nuevas,2015-04-01,0,0,3,0,0,3
EL PUENTE(TJA),"anticoncepcion, prevencion de its y de cancer de cuello uterino",implante subdermico: usuarias nuevas,2015-04-01,0,0,5,1,0,6
EL TORNO,"anticoncepcion, prevencion de its y de cancer de cuello uterino",implante subdermico: usuarias nuevas,2015-04-01,0,3,2,0,0,5
EUREKA (SANTOS MERCADO),"anticoncepcion, prevencion de its y de cancer de cuello uterino",implante subdermico: usuarias nuevas,2015-04-01,0,1,3,0,0,4
HUACARETA,"anticoncepcion, prevencion de its y de cancer de cuello uterino",implante subdermico: usuarias nuevas,2015-04-01,0,0,0,3,0,3
HUANUNI,"anticoncepcion, prevencion de its y de cancer de cuello uterino",implante subdermico: usuarias nuevas,2015-04-01,0,2,17,2,0,21
ICLA,"anticoncepcion, prevencion de its y de cancer de cuello uterino",implante subdermico: usuarias nuevas,2015-04-01,0,0,2,1,0,3
INCAHUASI,"anticoncepcion, prevencion de its y de cancer de cuello uterino",implante subdermico: usuarias nuevas,2015-04-01,0,1,12,1,0,14
LA PAZ,"anticoncepcion, prevencion de its y de cancer de cuello uterino",implante subdermico: usuarias nuevas,2015-04-01,0,15,120,12,0,147
LLALLAGUA,"anticoncepcion, prevencion de its y de cancer de cuello uterino",implante subdermico: usuarias nuevas,2015-04-01,0,0,15,1,0,16
MACHARETI,"anticoncepcion, prevencion de its y de cancer de cuello uterino",implante subdermico: usuarias nuevas,2015-04-01,0,2,6,0,0,8
MAGDALENA,"anticoncepcion, prevencion de its y de cancer de cuello uterino",implante subdermico: usuarias nuevas,2015-04-01,0,2,15,0,0,17
MONTEAGUDO,"anticoncepcion, prevencion de its y de cancer de cuello uterino",implante subdermico: usuarias nuevas,2015-04-01,0,2,20,4,0,26
NUEVO MANOA (NUEVA ESPERANZA),"anticoncepcion, prevencion de its y de cancer de cuello uterino",implante subdermico: usuarias nuevas,2015-04-01,0,0,1,0,0,1
OCURI,"anticoncepcion, prevencion de its y de cancer de cuello uterino",implante subdermico: usuarias nuevas,2015-04-01,0,0,1,0,0,1
ORURO,"anticoncepcion, prevencion de its y de cancer de cuello uterino",implante subdermico: usuarias nuevas,2015-04-01,0,16,22,8,0,46
PADILLA,"anticoncepcion, prevencion de its y de cancer de cuello uterino",implante subdermico: usuarias nuevas,2015-04-01,0,1,8,0,0,9
PAILON,"anticoncepcion, prevencion de its y de cancer de cuello uterino",implante subdermico: usuarias nuevas,2015-04-01,2,1,3,0,0,6
POROMA,"anticoncepcion, prevencion de its y de cancer de cuello uterino",implante subdermico: usuarias nuevas,2015-04-01,0,0,0,4,0,4
POTOSI,"anticoncepcion, prevencion de its y de cancer de cuello uterino",implante subdermico: usuarias nuevas,2015-04-01,0,6,66,3,0,75
PUERTO ACOSTA,"anticoncepcion, prevencion de its y de cancer de cuello uterino",implante subdermico: usuarias nuevas,2015-04-01,0,1,3,1,0,5
PUERTO GONZALO MORENO,"anticoncepcion, prevencion de its y de cancer de cuello uterino",implante subdermico: usuarias nuevas,2015-04-01,0,1,1,0,0,2
PUERTO QUIJARRO,"anticoncepcion, prevencion de its y de cancer de cuello uterino",implante subdermico: usuarias nuevas,2015-04-01,0,3,2,3,0,8
PUERTO RICO,"anticoncepcion, prevencion de its y de cancer de cuello uterino",implante subdermico: usuarias nuevas,2015-04-01,0,0,6,0,0,6
PUERTO VILLARROEL,"anticoncepcion, prevencion de its y de cancer de cuello uterino",implante subdermico: usuarias nuevas,2015-04-01,0,0,3,0,0,3
RIBERALTA,"anticoncepcion, prevencion de its y de cancer de cuello uterino",implante subdermico: usuarias nuevas,2015-04-01,0,1,22,0,0,23
SABAYA,"anticoncepcion, prevencion de its y de cancer de cuello uterino",implante subdermico: usuarias nuevas,2015-04-01,0,2,5,3,0,10
SACABA,"anticoncepcion, prevencion de its y de cancer de cuello uterino",implante subdermico: usuarias nuevas,2015-04-01,0,2,11,5,0,18
SALINAS DE GARCI MENDOZA,"anticoncepcion, prevencion de its y de cancer de cuello uterino",implante subdermico: usuarias nuevas,2015-04-01,0,0,2,0,0,2
SAN BUENA VENTURA,"anticoncepcion, prevencion de its y de cancer de cuello uterino",implante subdermico: usuarias nuevas,2015-04-01,0,2,5,1,0,8
SAN IGNACIO,"anticoncepcion, prevencion de its y de cancer de cuello uterino",implante subdermico: usuarias nuevas,2015-04-01,0,0,3,3,0,6
SAN JUAN DE YAPACANI,"anticoncepcion, prevencion de its y de cancer de cuello uterino",implante subdermico: usuarias nuevas,2015-04-01,0,0,4,0,0,4
SAN LUCAS,"anticoncepcion, prevencion de its y de cancer de cuello uterino",implante subdermico: usuarias nuevas,2015-04-01,0,3,8,3,0,14
SANTA CRUZ DE LA SIERRA,"anticoncepcion, prevencion de its y de cancer de cuello uterino",implante subdermico: usuarias nuevas,2015-04-01,0,8,102,76,0,186
SANTIAGO DE CALLAPA,"anticoncepcion, prevencion de its y de cancer de cuello uterino",implante subdermico: usuarias nuevas,2015-04-01,0,1,0,1,0,2
SANTIAGO DE HUARI,"anticoncepcion, prevencion de its y de cancer de cuello uterino",implante subdermico: usuarias nuevas,2015-04-01,0,0,4,0,0,4
SICA SICA (VILLA AROMA),"anticoncepcion, prevencion de its y de cancer de cuello uterino",implante subdermico: usuarias nuevas,2015-04-01,0,0,1,0,0,1
SORATA,"anticoncepcion, prevencion de its y de cancer de cuello uterino",implante subdermico: usuarias nuevas,2015-04-01,0,0,7,0,0,7
SUCRE,"anticoncepcion, prevencion de its y de cancer de cuello uterino",implante subdermico: usuarias nuevas,2015-04-01,0,23,121,26,0,170
TIPUANI,"anticoncepcion, prevencion de its y de cancer de cuello uterino",implante subdermico: usuarias nuevas,2015-04-01,1,6,54,6,0,67
TOMINA,"anticoncepcion, prevencion de its y de cancer de cuello uterino",implante subdermico: usuarias nuevas,2015-04-01,0,2,1,1,0,4
TOTORA(ORR),"anticoncepcion, prevencion de its y de cancer de cuello uterino",implante subdermico: usuarias nuevas,2015-04-01,0,0,1,0,0,1
TRINIDAD,"anticoncepcion, prevencion de its y de cancer de cuello uterino",implante subdermico: usuarias nuevas,2015-04-01,0,33,75,8,0,116
TUPIZA,"anticoncepcion, prevencion de its y de cancer de cuello uterino",implante subdermico: usuarias nuevas,2015-04-01,0,0,1,0,0,1
TURCO,"anticoncepcion, prevencion de its y de cancer de cuello uterino",implante subdermico: usuarias nuevas,2015-04-01,0,0,1,0,0,1
URIONDO (A. CONCEPCION),"anticoncepcion, prevencion de its y de cancer de cuello uterino",implante subdermico: usuarias nuevas,2015-04-01,0,3,4,0,0,7
VILLA SERRANO,"anticoncepcion, prevencion de its y de cancer de cuello uterino",implante subdermico: usuarias nuevas,2015-04-01,0,1,3,0,0,4
VILLA TUNARI,"anticoncepcion, prevencion de its y de cancer de cuello uterino",implante subdermico: usuarias nuevas,2015-04-01,0,2,28,34,0,64
VILLA VACA GUZMAN (MUYUPAMPA),"anticoncepcion, prevencion de its y de cancer de cuello uterino",implante subdermico: usuarias nuevas,2015-04-01,0,2,8,0,0,10
VINTO,"anticoncepcion, prevencion de its y de cancer de cuello uterino",implante subdermico: usuarias nuevas,2015-04-01,0,0,4,0,0,4
YANACACHI,"anticoncepcion, prevencion de its y de cancer de cuello uterino",implante subdermico: usuarias nuevas,2015-04-01,0,1,3,2,0,6
YAPACANI,"anticoncepcion, prevencion de its y de cancer de cuello uterino",implante subdermico: usuarias nuevas,2015-04-01,0,1,6,1,0,8
YOCALLA,"anticoncepcion, prevencion de its y de cancer de cuello uterino",implante subdermico: usuarias nuevas,2015-04-01,0,0,3,0,0,3
YOTALA,"anticoncepcion, prevencion de its y de cancer de cuello uterino",implante subdermico: usuarias nuevas,2015-04-01,0,0,3,2,0,5
ACACIO,"anticoncepcion, prevencion de its y de cancer de cuello uterino",implante subdermico: usuarias nuevas,2015-05-01,0,1,0,0,0,1
ACHOCALLA,"anticoncepcion, prevencion de its y de cancer de cuello uterino",implante subdermico: usuarias nuevas,2015-05-01,0,0,6,2,0,8
AIQUILE,"anticoncepcion, prevencion de its y de cancer de cuello uterino",implante subdermico: usuarias nuevas,2015-05-01,0,1,0,0,0,1
ALCALA,"anticoncepcion, prevencion de its y de cancer de cuello uterino",implante subdermico: usuarias nuevas,2015-05-01,0,0,2,0,0,2
ALTO BENI,"anticoncepcion, prevencion de its y de cancer de cuello uterino",implante subdermico: usuarias nuevas,2015-05-01,0,1,2,0,0,3
APOLO,"anticoncepcion, prevencion de its y de cancer de cuello uterino",implante subdermico: usuarias nuevas,2015-05-01,0,1,2,0,0,3
ARAMPAMPA,"anticoncepcion, prevencion de its y de cancer de cuello uterino",implante subdermico: usuarias nuevas,2015-05-01,0,0,0,6,0,6
AYOPAYA (V. DE INDEPENDENCIA),"anticoncepcion, prevencion de its y de cancer de cuello uterino",implante subdermico: usuarias nuevas,2015-05-01,0,0,6,3,0,9
BELLA FLOR,"anticoncepcion, prevencion de its y de cancer de cuello uterino",implante subdermico: usuarias nuevas,2015-05-01,0,0,2,0,0,2
BETANZOS,"anticoncepcion, prevencion de its y de cancer de cuello uterino",implante subdermico: usuarias nuevas,2015-05-01,0,1,4,0,0,5
CAMARGO,"anticoncepcion, prevencion de its y de cancer de cuello uterino",implante subdermico: usuarias nuevas,2015-05-01,0,0,2,1,0,3
CAPINOTA,"anticoncepcion, prevencion de its y de cancer de cuello uterino",implante subdermico: usuarias nuevas,2015-05-01,0,1,3,2,0,6
CARIPUYO,"anticoncepcion, prevencion de its y de cancer de cuello uterino",implante subdermico: usuarias nuevas,2015-05-01,0,5,3,0,0,8
CHAYANTA,"anticoncepcion, prevencion de its y de cancer de cuello uterino",implante subdermico: usuarias nuevas,2015-05-01,0,0,3,3,0,6
CHULUMANI (V. DE LA LIBERTAD),"anticoncepcion, prevencion de its y de cancer de cuello uterino",implante subdermico: usuarias nuevas,2015-05-01,0,0,1,0,0,1
COBIJA,"anticoncepcion, prevencion de its y de cancer de cuello uterino",implante subdermico: usuarias nuevas,2015-05-01,0,1,1,1,0,3
COCHABAMBA,"anticoncepcion, prevencion de its y de cancer de cuello uterino",implante subdermico: usuarias nuevas,2015-05-01,0,5,131,10,0,146
COLOMI,"anticoncepcion, prevencion de its y de cancer de cuello uterino",implante subdermico: usuarias nuevas,2015-05-01,0,0,2,1,0,3
CONCEPCION,"anticoncepcion, prevencion de its y de cancer de cuello uterino",implante subdermico: usuarias nuevas,2015-05-01,1,7,17,1,0,26
CULPINA,"anticoncepcion, prevencion de its y de cancer de cuello uterino",implante subdermico: usuarias nuevas,2015-05-01,0,4,12,5,0,21
EL ALTO,"anticoncepcion, prevencion de its y de cancer de cuello uterino",implante subdermico: usuarias nuevas,2015-05-01,0,15,165,39,0,219
EL PUENTE(STC),"anticoncepcion, prevencion de its y de cancer de cuello uterino",implante subdermico: usuarias nuevas,2015-05-01,0,0,2,1,0,3
EL TORNO,"anticoncepcion, prevencion de its y de cancer de cuello uterino",implante subdermico: usuarias nuevas,2015-05-01,0,3,10,3,0,16
ENTRE RIOS TRJ,"anticoncepcion, prevencion de its y de cancer de cuello uterino",implante subdermico: usuarias nuevas,2015-05-01,0,0,2,2,0,4
EUREKA (SANTOS MERCADO),"anticoncepcion, prevencion de its y de cancer de cuello uterino",implante subdermico: usuarias nuevas,2015-05-01,0,0,1,0,0,1
HUACAYA (VILLA DE HUACAYA),"anticoncepcion, prevencion de its y de cancer de cuello uterino",implante subdermico: usuarias nuevas,2015-05-01,0,0,0,3,0,3
HUANUNI,"anticoncepcion, prevencion de its y de cancer de cuello uterino",implante subdermico: usuarias nuevas,2015-05-01,0,0,10,1,0,11
ICLA,"anticoncepcion, prevencion de its y de cancer de cuello uterino",implante subdermico: usuarias nuevas,2015-05-01,0,0,1,1,0,2
INCAHUASI,"anticoncepcion, prevencion de its y de cancer de cuello uterino",implante subdermico: usuarias nuevas,2015-05-01,0,0,9,2,0,11
LA GUARDIA,"anticoncepcion, prevencion de its y de cancer de cuello uterino",implante subdermico: usuarias nuevas,2015-05-01,0,0,1,0,0,1
LA PAZ,"anticoncepcion, prevencion de its y de cancer de cuello uterino",implante subdermico: usuarias nuevas,2015-05-01,0,21,124,25,0,170
LICOMA PAMPA,"anticoncepcion, prevencion de its y de cancer de cuello uterino",implante subdermico: usuarias nuevas,2015-05-01,0,0,1,0,0,1
LLALLAGUA,"anticoncepcion, prevencion de its y de cancer de cuello uterino",implante subdermico: usuarias nuevas,2015-05-01,0,1,10,0,0,11
MACHACAMARCA,"anticoncepcion, prevencion de its y de cancer de cuello uterino",implante subdermico: usuarias nuevas,2015-05-01,0,0,1,0,0,1
MACHARETI,"anticoncepcion, prevencion de its y de cancer de cuello uterino",implante subdermico: usuarias nuevas,2015-05-01,0,0,2,1,0,3
MECAPACA,"anticoncepcion, prevencion de its y de cancer de cuello uterino",implante subdermico: usuarias nuevas,2015-05-01,0,1,12,2,0,15
MINEROS,"anticoncepcion, prevencion de its y de cancer de cuello uterino",implante subdermico: usuarias nuevas,2015-05-01,0,0,1,0,0,1
MOJINETE,"anticoncepcion, prevencion de its y de cancer de cuello uterino",implante subdermico: usuarias nuevas,2015-05-01,0,0,0,2,0,2
MOJOCOYA,"anticoncepcion, prevencion de its y de cancer de cuello uterino",implante subdermico: usuarias nuevas,2015-05-01,0,1,0,0,0,1
MONTEAGUDO,"anticoncepcion, prevencion de its y de cancer de cuello uterino",implante subdermico: usuarias nuevas,2015-05-01,0,3,11,0,0,14
NUEVO MANOA (NUEVA ESPERANZA),"anticoncepcion, prevencion de its y de cancer de cuello uterino",implante subdermico: usuarias nuevas,2015-05-01,0,0,1,0,0,1
OCURI,"anticoncepcion, prevencion de its y de cancer de cuello uterino",implante subdermico: usuarias nuevas,2015-05-01,0,0,2,0,0,2
ORURO,"anticoncepcion, prevencion de its y de cancer de cuello uterino",implante subdermico: usuarias nuevas,2015-05-01,0,9,31,3,0,43
PADILLA,"anticoncepcion, prevencion de its y de cancer de cuello uterino",implante subdermico: usuarias nuevas,2015-05-01,0,0,4,0,0,4
PAILON,"anticoncepcion, prevencion de its y de cancer de cuello uterino",implante subdermico: usuarias nuevas,2015-05-01,0,1,3,0,0,4
PALCA,"anticoncepcion, prevencion de its y de cancer de cuello uterino",implante subdermico: usuarias nuevas,2015-05-01,0,4,9,1,0,14
PAZÑA,"anticoncepcion, prevencion de its y de cancer de cuello uterino",implante subdermico: usuarias nuevas,2015-05-01,0,0,3,1,0,4
PORONGO,"anticoncepcion, prevencion de its y de cancer de cuello uterino",implante subdermico: usuarias nuevas,2015-05-01,0,3,6,0,0,9
PORVENIR,"anticoncepcion, prevencion de its y de cancer de cuello uterino",implante subdermico: usuarias nuevas,2015-05-01,0,0,1,0,0,1
POTOSI,"anticoncepcion, prevencion de its y de cancer de cuello uterino",implante subdermico: usuarias nuevas,2015-05-01,1,7,56,8,0,72
PRESTO,"anticoncepcion, prevencion de its y de cancer de cuello uterino",implante subdermico: usuarias nuevas,2015-05-01,0,0,5,0,0,5
PUERTO GONZALO MORENO,"anticoncepcion, prevencion de its y de cancer de cuello uterino",implante subdermico: usuarias nuevas,2015-05-01,0,2,0,0,0,2
PUERTO RICO,"anticoncepcion, prevencion de its y de cancer de cuello uterino",implante subdermico: usuarias nuevas,2015-05-01,0,1,1,0,0,2
QUILLACOLLO,"anticoncepcion, prevencion de its y de cancer de cuello uterino",implante subdermico: usuarias nuevas,2015-05-01,0,2,2,0,0,4
RIBERALTA,"anticoncepcion, prevencion de its y de cancer de cuello uterino",implante subdermico: usuarias nuevas,2015-05-01,1,7,58,1,0,67
ROBORE,"anticoncepcion, prevencion de its y de cancer de cuello uterino",implante subdermico: usuarias nuevas,2015-05-01,0,0,1,0,0,1
SABAYA,"anticoncepcion, prevencion de its y de cancer de cuello uterino",implante subdermico: usuarias nuevas,2015-05-01,0,1,1,0,0,2
SAN BUENA VENTURA,"anticoncepcion, prevencion de its y de cancer de cuello uterino",implante subdermico: usuarias nuevas,2015-05-01,0,11,65,8,0,84
SAN CARLOS,"anticoncepcion, prevencion de its y de cancer de cuello uterino",implante subdermico: usuarias nuevas,2015-05-01,0,12,15,2,0,29
SAN IGNACIO,"anticoncepcion, prevencion de its y de cancer de cuello uterino",implante subdermico: usuarias nuevas,2015-05-01,0,0,1,0,0,1
SAN JAVIER(BNI),"anticoncepcion, prevencion de its y de cancer de cuello uterino",implante subdermico: usuarias nuevas,2015-05-01,0,0,6,0,0,6
SAN LORENZO(PND),"anticoncepcion, prevencion de its y de cancer de cuello uterino",implante subdermico: usuarias nuevas,2015-05-01,0,1,11,0,0,12
SAN LORENZO(TJA),"anticoncepcion, prevencion de its y de cancer de cuello uterino",implante subdermico: usuarias nuevas,2015-05-01,0,1,0,0,0,1
SAN LUCAS,"anticoncepcion, prevencion de its y de cancer de cuello uterino",implante subdermico: usuarias nuevas,2015-05-01,0,1,1,0,0,2
SAN MATIAS,"anticoncepcion, prevencion de its y de cancer de cuello uterino",implante subdermico: usuarias nuevas,2015-05-01,0,0,9,0,0,9
SANTA CRUZ DE LA SIERRA,"anticoncepcion, prevencion de its y de cancer de cuello uterino",implante subdermico: usuarias nuevas,2015-05-01,0,11,172,78,0,261
SANTIAGO DE HUARI,"anticoncepcion, prevencion de its y de cancer de cuello uterino",implante subdermico: usuarias nuevas,2015-05-01,0,0,3,0,0,3
SENA,"anticoncepcion, prevencion de its y de cancer de cuello uterino",implante subdermico: usuarias nuevas,2015-05-01,0,1,0,0,0,1
SICA SICA (VILLA AROMA),"anticoncepcion, prevencion de its y de cancer de cuello uterino",implante subdermico: usuarias nuevas,2015-05-01,0,0,5,0,0,5
SIPE SIPE,"anticoncepcion, prevencion de its y de cancer de cuello uterino",implante subdermico: usuarias nuevas,2015-05-01,0,0,4,0,0,4
SORATA,"anticoncepcion, prevencion de its y de cancer de cuello uterino",implante subdermico: usuarias nuevas,2015-05-01,0,1,4,2,0,7
SUCRE,"anticoncepcion, prevencion de its y de cancer de cuello uterino",implante subdermico: usuarias nuevas,2015-05-01,1,27,177,26,0,231
TARIJA,"anticoncepcion, prevencion de its y de cancer de cuello uterino",implante subdermico: usuarias nuevas,2015-05-01,0,20,31,1,0,52
TARVITA,"anticoncepcion, prevencion de its y de cancer de cuello uterino",implante subdermico: usuarias nuevas,2015-05-01,0,0,0,2,0,2
TIPUANI,"anticoncepcion, prevencion de its y de cancer de cuello uterino",implante subdermico: usuarias nuevas,2015-05-01,0,2,22,0,0,24
TIQUIPAYA,"anticoncepcion, prevencion de its y de cancer de cuello uterino",implante subdermico: usuarias nuevas,2015-05-01,0,0,1,0,0,1
TOLEDO,"anticoncepcion, prevencion de its y de cancer de cuello uterino",implante subdermico: usuarias nuevas,2015-05-01,0,0,1,0,0,1
TOMINA,"anticoncepcion, prevencion de its y de cancer de cuello uterino",implante subdermico: usuarias nuevas,2015-05-01,0,0,1,0,0,1
TOTORA(ORR),"anticoncepcion, prevencion de its y de cancer de cuello uterino",implante subdermico: usuarias nuevas,2015-05-01,0,0,1,1,0,2
TRINIDAD,"anticoncepcion, prevencion de its y de cancer de cuello uterino",implante subdermico: usuarias nuevas,2015-05-01,0,2,84,0,0,86
TUPIZA,"anticoncepcion, prevencion de its y de cancer de cuello uterino",implante subdermico: usuarias nuevas,2015-05-01,0,2,49,5,0,56
TURCO,"anticoncepcion, prevencion de its y de cancer de cuello uterino",implante subdermico: usuarias nuevas,2015-05-01,0,1,0,0,0,1
URIONDO (A. CONCEPCION),"anticoncepcion, prevencion de its y de cancer de cuello uterino",implante subdermico: usuarias nuevas,2015-05-01,0,1,1,0,0,2
VILLA SERRANO,"anticoncepcion, prevencion de its y de cancer de cuello uterino",implante subdermico: usuarias nuevas,2015-05-01,0,0,1,1,0,2
VILLA TUNARI,"anticoncepcion, prevencion de its y de cancer de cuello uterino",implante subdermico: usuarias nuevas,2015-05-01,0,0,4,2,0,6
VILLA VACA GUZMAN (MUYUPAMPA),"anticoncepcion, prevencion de its y de cancer de cuello uterino",implante subdermico: usuarias nuevas,2015-05-01,0,0,4,3,0,7
VINTO,"anticoncepcion, prevencion de its y de cancer de cuello uterino",implante subdermico: usuarias nuevas,2015-05-01,0,1,4,0,0,5
YAPACANI,"anticoncepcion, prevencion de its y de cancer de cuello uterino",implante subdermico: usuarias nuevas,2015-05-01,0,0,7,2,0,9
ZUDAÑEZ,"anticoncepcion, prevencion de its y de cancer de cuello uterino",implante subdermico: usuarias nuevas,2015-05-01,0,1,8,1,0,10
ACHOCALLA,"anticoncepcion, prevencion de its y de cancer de cuello uterino",implante subdermico: usuarias nuevas,2015-06-01,0,0,12,0,0,12
AIQUILE,"anticoncepcion, prevencion de its y de cancer de cuello uterino",implante subdermico: usuarias nuevas,2015-06-01,0,1,2,0,0,3
ALCALA,"anticoncepcion, prevencion de its y de cancer de cuello uterino",implante subdermico: usuarias nuevas,2015-06-01,0,0,2,0,0,2
ALTO BENI,"anticoncepcion, prevencion de its y de cancer de cuello uterino",implante subdermico: usuarias nuevas,2015-06-01,0,1,3,0,0,4
ATOCHA,"anticoncepcion, prevencion de its y de cancer de cuello uterino",implante subdermico: usuarias nuevas,2015-06-01,0,0,9,0,0,9
AYATA,"anticoncepcion, prevencion de its y de cancer de cuello uterino",implante subdermico: usuarias nuevas,2015-06-01,0,0,1,0,0,1
AYOPAYA (V. DE INDEPENDENCIA),"anticoncepcion, prevencion de its y de cancer de cuello uterino",implante subdermico: usuarias nuevas,2015-06-01,0,2,13,3,0,18
AZURDUY,"anticoncepcion, prevencion de its y de cancer de cuello uterino",implante subdermico: usuarias nuevas,2015-06-01,0,1,2,0,0,3
BELLA FLOR,"anticoncepcion, prevencion de its y de cancer de cuello uterino",implante subdermico: usuarias nuevas,2015-06-01,0,1,0,1,0,2
BETANZOS,"anticoncepcion, prevencion de its y de cancer de cuello uterino",implante subdermico: usuarias nuevas,2015-06-01,0,1,1,0,0,2
BUENA VISTA,"anticoncepcion, prevencion de its y de cancer de cuello uterino",implante subdermico: usuarias nuevas,2015-06-01,0,0,3,0,0,3
CAJUATA,"anticoncepcion, prevencion de its y de cancer de cuello uterino",implante subdermico: usuarias nuevas,2015-06-01,0,1,12,2,0,15
CAMARGO,"anticoncepcion, prevencion de its y de cancer de cuello uterino",implante subdermico: usuarias nuevas,2015-06-01,0,0,2,1,0,3
CAPINOTA,"anticoncepcion, prevencion de its y de cancer de cuello uterino",implante subdermico: usuarias nuevas,2015-06-01,0,3,3,2,0,8
CARACOLLO,"anticoncepcion, prevencion de its y de cancer de cuello uterino",implante subdermico: usuarias nuevas,2015-06-01,0,0,4,1,0,5
CHAYANTA,"anticoncepcion, prevencion de its y de cancer de cuello uterino",implante subdermico: usuarias nuevas,2015-06-01,0,0,2,1,0,3
COBIJA,"anticoncepcion, prevencion de its y de cancer de cuello uterino",implante subdermico: usuarias nuevas,2015-06-01,0,3,1,0,0,4
COCHABAMBA,"anticoncepcion, prevencion de its y de cancer de cuello uterino",implante subdermico: usuarias nuevas,2015-06-01,0,12,191,11,0,214
COLOMI,"anticoncepcion, prevencion de its y de cancer de cuello uterino",implante subdermico: usuarias nuevas,2015-06-01,0,0,5,0,0,5
COMARAPA,"anticoncepcion, prevencion de its y de cancer de cuello uterino",implante subdermico: usuarias nuevas,2015-06-01,0,3,12,3,0,18
CULPINA,"anticoncepcion, prevencion de its y de cancer de cuello uterino",implante subdermico: usuarias nuevas,2015-06-01,0,0,6,2,0,8
CURVA,"anticoncepcion, prevencion de its y de cancer de cuello uterino",implante subdermico: usuarias nuevas,2015-06-01,0,0,4,1,0,5
EL ALTO,"anticoncepcion, prevencion de its y de cancer de cuello uterino",implante subdermico: usuarias nuevas,2015-06-01,0,21,212,71,0,304
EL PUENTE(STC),"anticoncepcion, prevencion de its y de cancer de cuello uterino",implante subdermico: usuarias nuevas,2015-06-01,0,0,1,0,0,1
EL TORNO,"anticoncepcion, prevencion de its y de cancer de cuello uterino",implante subdermico: usuarias nuevas,2015-06-01,0,3,16,1,0,20
ESMERALDA,"anticoncepcion, prevencion de its y de cancer de cuello uterino",implante subdermico: usuarias nuevas,2015-06-01,0,1,0,0,0,1
HUACHACALLA,"anticoncepcion, prevencion de its y de cancer de cuello uterino",implante subdermico: usuarias nuevas,2015-06-01,0,1,0,0,0,1
HUANUNI,"anticoncepcion, prevencion de its y de cancer de cuello uterino",implante subdermico: usuarias nuevas,2015-06-01,0,1,13,3,0,17
ICLA,"anticoncepcion, prevencion de its y de cancer de cuello uterino",implante subdermico: usuarias nuevas,2015-06-01,0,0,3,2,0,5
INCAHUASI,"anticoncepcion, prevencion de its y de cancer de cuello uterino",implante subdermico: usuarias nuevas,2015-06-01,0,4,18,1,0,23
INGAVI (HUMAITA),"anticoncepcion, prevencion de its y de cancer de cuello uterino",implante subdermico: usuarias nuevas,2015-06-01,0,0,1,0,0,1
LA PAZ,"anticoncepcion, prevencion de its y de cancer de cuello uterino",implante subdermico: usuarias nuevas,2015-06-01,0,25,166,26,0,217
LLALLAGUA,"anticoncepcion, prevencion de its y de cancer de cuello uterino",implante subdermico: usuarias nuevas,2015-06-01,0,1,7,0,0,8
MAGDALENA,"anticoncepcion, prevencion de its y de cancer de cuello uterino",implante subdermico: usuarias nuevas,2015-06-01,0,0,4,0,0,4
MECAPACA,"anticoncepcion, prevencion de its y de cancer de cuello uterino",implante subdermico: usuarias nuevas,2015-06-01,0,0,2,0,0,2
MIZQUE,"anticoncepcion, prevencion de its y de cancer de cuello uterino",implante subdermico: usuarias nuevas,2015-06-01,0,3,5,1,0,9
MOJINETE,"anticoncepcion, prevencion de its y de cancer de cuello uterino",implante subdermico: usuarias nuevas,2015-06-01,0,0,3,0,0,3
MOJOCOYA,"anticoncepcion, prevencion de its y de cancer de cuello uterino",implante subdermico: usuarias nuevas,2015-06-01,0,1,6,0,0,7
MONTEAGUDO,"anticoncepcion, prevencion de its y de cancer de cuello uterino",implante subdermico: usuarias nuevas,2015-06-01,0,4,13,1,0,18
MONTERO,"anticoncepcion, prevencion de its y de cancer de cuello uterino",implante subdermico: usuarias nuevas,2015-06-01,0,0,0,1,0,1
NUEVO MANOA (NUEVA ESPERANZA),"anticoncepcion, prevencion de its y de cancer de cuello uterino",implante subdermico: usuarias nuevas,2015-06-01,0,0,1,0,0,1
OCURI,"anticoncepcion, prevencion de its y de cancer de cuello uterino",implante subdermico: usuarias nuevas,2015-06-01,0,0,5,0,0,5
ORURO,"anticoncepcion, prevencion de its y de cancer de cuello uterino",implante subdermico: usuarias nuevas,2015-06-01,0,8,62,11,0,81
PADILLA,"anticoncepcion, prevencion de its y de cancer de cuello uterino",implante subdermico: usuarias nuevas,2015-06-01,0,0,1,0,0,1
PAILON,"anticoncepcion, prevencion de its y de cancer de cuello uterino",implante subdermico: usuarias nuevas,2015-06-01,2,5,6,1,0,14
PALCA,"anticoncepcion, prevencion de its y de cancer de cuello uterino",implante subdermico: usuarias nuevas,2015-06-01,0,4,12,1,0,17
PATACAMAYA,"anticoncepcion, prevencion de its y de cancer de cuello uterino",implante subdermico: usuarias nuevas,2015-06-01,0,0,1,0,0,1
PAZÑA,"anticoncepcion, prevencion de its y de cancer de cuello uterino",implante subdermico: usuarias nuevas,2015-06-01,0,1,4,1,0,6
POTOSI,"anticoncepcion, prevencion de its y de cancer de cuello uterino",implante subdermico: usuarias nuevas,2015-06-01,0,5,83,2,0,90
PRESTO,"anticoncepcion, prevencion de its y de cancer de cuello uterino",implante subdermico: usuarias nuevas,2015-06-01,0,1,4,0,0,5
PUCARANI,"anticoncepcion, prevencion de its y de cancer de cuello uterino",implante subdermico: usuarias nuevas,2015-06-01,0,0,1,1,0,2
PUERTO ACOSTA,"anticoncepcion, prevencion de its y de cancer de cuello uterino",implante subdermico: usuarias nuevas,2015-06-01,0,0,2,0,0,2
PUERTO GONZALO MORENO,"anticoncepcion, prevencion de its y de cancer de cuello uterino",implante subdermico: usuarias nuevas,2015-06-01,0,1,5,1,0,7
PUERTO RICO,"anticoncepcion, prevencion de its y de cancer de cuello uterino",implante subdermico: usuarias nuevas,2015-06-01,0,0,2,0,0,2
PUERTO VILLARROEL,"anticoncepcion, prevencion de its y de cancer de cuello uterino",implante subdermico: usuarias nuevas,2015-06-01,0,0,1,0,0,1
PUNA,"anticoncepcion, prevencion de its y de cancer de cuello uterino",implante subdermico: usuarias nuevas,2015-06-01,0,0,7,4,0,11
QUILLACOLLO,"anticoncepcion, prevencion de its y de cancer de cuello uterino",implante subdermico: usuarias nuevas,2015-06-01,0,0,6,0,0,6
RIBERALTA,"anticoncepcion, prevencion de its y de cancer de cuello uterino",implante subdermico: usuarias nuevas,2015-06-01,1,22,73,6,0,102
SABAYA,"anticoncepcion, prevencion de its y de cancer de cuello uterino",implante subdermico: usuarias nuevas,2015-06-01,0,0,1,0,0,1
SACACA,"anticoncepcion, prevencion de its y de cancer de cuello uterino",implante subdermico: usuarias nuevas,2015-06-01,0,0,6,0,0,6
SALINAS DE GARCI MENDOZA,"anticoncepcion, prevencion de its y de cancer de cuello uterino",implante subdermico: usuarias nuevas,2015-06-01,0,1,2,0,0,3
SAN BUENA VENTURA,"anticoncepcion, prevencion de its y de cancer de cuello uterino",implante subdermico: usuarias nuevas,2015-06-01,0,0,12,1,0,13
SAN IGNACIO,"anticoncepcion, prevencion de its y de cancer de cuello uterino",implante subdermico: usuarias nuevas,2015-06-01,0,0,6,0,0,6
SAN JAVIER(BNI),"anticoncepcion, prevencion de its y de cancer de cuello uterino",implante subdermico: usuarias nuevas,2015-06-01,0,0,9,0,0,9
SAN JOSE DE CHIQUITOS,"anticoncepcion, prevencion de its y de cancer de cuello uterino",implante subdermico: usuarias nuevas,2015-06-01,0,0,1,0,0,1
SAN LORENZO(PND),"anticoncepcion, prevencion de its y de cancer de cuello uterino",implante subdermico: usuarias nuevas,2015-06-01,0,1,1,0,0,2
SAN LUCAS,"anticoncepcion, prevencion de its y de cancer de cuello uterino",implante subdermico: usuarias nuevas,2015-06-01,0,5,5,1,0,11
SAN PEDRO DE BUENA VISTA,"anticoncepcion, prevencion de its y de cancer de cuello uterino",implante subdermico: usuarias nuevas,2015-06-01,0,0,2,0,0,2
SANTA CRUZ DE LA SIERRA,"anticoncepcion, prevencion de its y de cancer de cuello uterino",implante subdermico: usuarias nuevas,2015-06-01,0,23,124,100,0,247
SANTIAGO DE HUARI,"anticoncepcion, prevencion de its y de cancer de cuello uterino",implante subdermico: usuarias nuevas,2015-06-01,0,1,2,1,0,4
SENA,"anticoncepcion, prevencion de its y de cancer de cuello uterino",implante subdermico: usuarias nuevas,2015-06-01,0,3,4,4,0,11
SHINAOTA,"anticoncepcion, prevencion de its y de cancer de cuello uterino",implante subdermico: usuarias nuevas,2015-06-01,0,1,0,0,0,1
SICA SICA (VILLA AROMA),"anticoncepcion, prevencion de its y de cancer de cuello uterino",implante subdermico: usuarias nuevas,2015-06-01,0,1,1,0,0,2
SIPE SIPE,"anticoncepcion, prevencion de its y de cancer de cuello uterino",implante subdermico: usuarias nuevas,2015-06-01,0,0,9,1,0,10
SOPACHUY,"anticoncepcion, prevencion de its y de cancer de cuello uterino",implante subdermico: usuarias nuevas,2015-06-01,0,1,2,0,0,3
SORATA,"anticoncepcion, prevencion de its y de cancer de cuello uterino",implante subdermico: usuarias nuevas,2015-06-01,0,1,9,5,0,15
SUCRE,"anticoncepcion, prevencion de its y de cancer de cuello uterino",implante subdermico: usuarias nuevas,2015-06-01,1,23,137,17,0,178
TARABUCO,"anticoncepcion, prevencion de its y de cancer de cuello uterino",implante subdermico: usuarias nuevas,2015-06-01,1,0,3,1,0,5
TARIJA,"anticoncepcion, prevencion de its y de cancer de cuello uterino",implante subdermico: usuarias nuevas,2015-06-01,0,2,50,23,1,76
TIPUANI,"anticoncepcion, prevencion de its y de cancer de cuello uterino",implante subdermico: usuarias nuevas,2015-06-01,0,3,8,4,0,15
TOLEDO,"anticoncepcion, prevencion de its y de cancer de cuello uterino",implante subdermico: usuarias nuevas,2015-06-01,0,0,2,0,0,2
TORO TORO,"anticoncepcion, prevencion de its y de cancer de cuello uterino",implante subdermico: usuarias nuevas,2015-06-01,0,1,1,0,0,2
TRINIDAD,"anticoncepcion, prevencion de its y de cancer de cuello uterino",implante subdermico: usuarias nuevas,2015-06-01,0,9,33,1,0,43
TUPIZA,"anticoncepcion, prevencion de its y de cancer de cuello uterino",implante subdermico: usuarias nuevas,2015-06-01,0,2,26,2,0,30
TURCO,"anticoncepcion, prevencion de its y de cancer de cuello uterino",implante subdermico: usuarias nuevas,2015-06-01,0,0,3,0,0,3
URIONDO (A. CONCEPCION),"anticoncepcion, prevencion de its y de cancer de cuello uterino",implante subdermico: usuarias nuevas,2015-06-01,0,2,2,0,0,4
VILLA SERRANO,"anticoncepcion, prevencion de its y de cancer de cuello uterino",implante subdermico: usuarias nuevas,2015-06-01,0,1,3,1,0,5
VILLA TUNARI,"anticoncepcion, prevencion de its y de cancer de cuello uterino",implante subdermico: usuarias nuevas,2015-06-01,0,3,4,0,0,7
VILLA VACA GUZMAN (MUYUPAMPA),"anticoncepcion, prevencion de its y de cancer de cuello uterino",implante subdermico: usuarias nuevas,2015-06-01,0,0,1,0,0,1
YAMPARAEZ,"anticoncepcion, prevencion de its y de cancer de cuello uterino",implante subdermico: usuarias nuevas,2015-06-01,0,0,3,0,0,3
YANACACHI,"anticoncepcion, prevencion de its y de cancer de cuello uterino",implante subdermico: usuarias nuevas,2015-06-01,0,0,2,0,0,2
YAPACANI,"anticoncepcion, prevencion de its y de cancer de cuello uterino",implante subdermico: usuarias nuevas,2015-06-01,0,1,1,0,0,2
YOTALA,"anticoncepcion, prevencion de its y de cancer de cuello uterino",implante subdermico: usuarias nuevas,2015-06-01,0,0,3,0,0,3
ACHACACHI,"anticoncepcion, prevencion de its y de cancer de cuello uterino",implante subdermico: usuarias nuevas,2015-07-01,0,0,1,0,0,1
ACHOCALLA,"anticoncepcion, prevencion de its y de cancer de cuello uterino",implante subdermico: usuarias nuevas,2015-07-01,0,2,14,3,0,19
ALTO BENI,"anticoncepcion, prevencion de its y de cancer de cuello uterino",implante subdermico: usuarias nuevas,2015-07-01,0,1,2,0,0,3
APOLO,"anticoncepcion, prevencion de its y de cancer de cuello uterino",implante subdermico: usuarias nuevas,2015-07-01,0,1,5,1,0,7
AYOPAYA (V. DE INDEPENDENCIA),"anticoncepcion, prevencion de its y de cancer de cuello uterino",implante subdermico: usuarias nuevas,2015-07-01,0,1,2,0,0,3
BAURES,"anticoncepcion, prevencion de its y de cancer de cuello uterino",implante subdermico: usuarias nuevas,2015-07-01,0,0,7,0,0,7
BELLA FLOR,"anticoncepcion, prevencion de its y de cancer de cuello uterino",implante subdermico: usuarias nuevas,2015-07-01,0,1,0,0,0,1
BUENA VISTA,"anticoncepcion, prevencion de its y de cancer de cuello uterino",implante subdermico: usuarias nuevas,2015-07-01,0,2,5,0,0,7
CAMARGO,"anticoncepcion, prevencion de its y de cancer de cuello uterino",implante subdermico: usuarias nuevas,2015-07-01,0,1,7,2,0,10
CAPINOTA,"anticoncepcion, prevencion de its y de cancer de cuello uterino",implante subdermico: usuarias nuevas,2015-07-01,0,5,9,0,0,14
CARACOLLO,"anticoncepcion, prevencion de its y de cancer de cuello uterino",implante subdermico: usuarias nuevas,2015-07-01,0,0,4,1,0,5
COBIJA,"anticoncepcion, prevencion de its y de cancer de cuello uterino",implante subdermico: usuarias nuevas,2015-07-01,0,4,21,1,0,26
COCHABAMBA,"anticoncepcion, prevencion de its y de cancer de cuello uterino",implante subdermico: usuarias nuevas,2015-07-01,0,25,174,6,0,205
COLOMI,"anticoncepcion, prevencion de its y de cancer de cuello uterino",implante subdermico: usuarias nuevas,2015-07-01,0,1,3,0,0,4
COLQUECHACA,"anticoncepcion, prevencion de its y de cancer de cuello uterino",implante subdermico: usuarias nuevas,2015-07-01,0,3,6,0,0,9
COMANCHE,"anticoncepcion, prevencion de its y de cancer de cuello uterino",implante subdermico: usuarias nuevas,2015-07-01,0,0,1,0,0,1
CORO CORO,"anticoncepcion, prevencion de its y de cancer de cuello uterino",implante subdermico: usuarias nuevas,2015-07-01,0,0,1,0,0,1
CULPINA,"anticoncepcion, prevencion de its y de cancer de cuello uterino",implante subdermico: usuarias nuevas,2015-07-01,0,2,6,3,0,11
CURVA,"anticoncepcion, prevencion de its y de cancer de cuello uterino",implante subdermico: usuarias nuevas,2015-07-01,0,0,1,0,0,1
EL ALTO,"anticoncepcion, prevencion de its y de cancer de cuello uterino",implante subdermico: usuarias nuevas,2015-07-01,0,27,158,55,0,240
EL CHORO,"anticoncepcion, prevencion de its y de cancer de cuello uterino",implante subdermico: usuarias nuevas,2015-07-01,0,0,2,0,0,2
EL TORNO,"anticoncepcion, prevencion de its y de cancer de cuello uterino",implante subdermico: usuarias nuevas,2015-07-01,0,0,6,5,0,11
ENTRE RIOS TRJ,"anticoncepcion, prevencion de its y de cancer de cuello uterino",implante subdermico: usuarias nuevas,2015-07-01,0,0,0,3,0,3
ESCARA,"anticoncepcion, prevencion de its y de cancer de cuello uterino",implante subdermico: usuarias nuevas,2015-07-01,0,1,0,0,0,1
HUANUNI,"anticoncepcion, prevencion de its y de cancer de cuello uterino",implante subdermico: usuarias nuevas,2015-07-01,0,12,119,15,0,146
HUARACAJE,"anticoncepcion, prevencion de its y de cancer de cuello uterino",implante subdermico: usuarias nuevas,2015-07-01,0,1,0,0,0,1
HUATAJATA,"anticoncepcion, prevencion de its y de cancer de cuello uterino",implante subdermico: usuarias nuevas,2015-07-01,0,0,1,0,0,1
ICLA,"anticoncepcion, prevencion de its y de cancer de cuello uterino",implante subdermico: usuarias nuevas,2015-07-01,0,1,1,6,0,8
INCAHUASI,"anticoncepcion, prevencion de its y de cancer de cuello uterino",implante subdermico: usuarias nuevas,2015-07-01,0,1,30,2,0,33
INGAVI (HUMAITA),"anticoncepcion, prevencion de its y de cancer de cuello uterino",implante subdermico: usuarias nuevas,2015-07-01,0,0,3,0,0,3
LA PAZ,"anticoncepcion, prevencion de its y de cancer de cuello uterino",implante subdermico: usuarias nuevas,2015-07-01,0,17,90,8,0,115
LAS CARRERAS,"anticoncepcion, prevencion de its y de cancer de cuello uterino",implante subdermico: usuarias nuevas,2015-07-01,0,0,1,1,0,2
LLALLAGUA,"anticoncepcion, prevencion de its y de cancer de cuello uterino",implante subdermico: usuarias nuevas,2015-07-01,0,1,15,0,0,16
LORETO,"anticoncepcion, prevencion de its y de cancer de cuello uterino",implante subdermico: usuarias nuevas,2015-07-01,0,0,1,3,0,4
MACHACAMARCA,"anticoncepcion, prevencion de its y de cancer de cuello uterino",implante subdermico: usuarias nuevas,2015-07-01,0,2,5,0,0,7
MACHARETI,"anticoncepcion, prevencion de its y de cancer de cuello uterino",implante subdermico: usuarias nuevas,2015-07-01,0,1,2,0,0,3
MAGDALENA,"anticoncepcion, prevencion de its y de cancer de cuello uterino",implante subdermico: usuarias nuevas,2015-07-01,0,2,6,0,0,8
MAPIRI,"anticoncepcion, prevencion de its y de cancer de cuello uterino",implante subdermico: usuarias nuevas,2015-07-01,0,0,3,0,0,3
MECAPACA,"anticoncepcion, prevencion de its y de cancer de cuello uterino",implante subdermico: usuarias nuevas,2015-07-01,0,0,1,1,0,2
MIZQUE,"anticoncepcion, prevencion de its y de cancer de cuello uterino",implante subdermico: usuarias nuevas,2015-07-01,0,1,11,2,0,14
MOJOCOYA,"anticoncepcion, prevencion de its y de cancer de cuello uterino",implante subdermico: usuarias nuevas,2015-07-01,0,0,0,1,0,1
MONTEAGUDO,"anticoncepcion, prevencion de its y de cancer de cuello uterino",implante subdermico: usuarias nuevas,2015-07-01,0,6,18,5,0,29
MORO MORO,"anticoncepcion, prevencion de its y de cancer de cuello uterino",implante subdermico: usuarias nuevas,2015-07-01,0,4,9,0,0,13
OCURI,"anticoncepcion, prevencion de its y de cancer de cuello uterino",implante subdermico: usuarias nuevas,2015-07-01,0,0,1,1,0,2
ORURO,"anticoncepcion, prevencion de its y de cancer de cuello uterino",implante subdermico: usuarias nuevas,2015-07-01,0,7,47,8,0,62
PALCA,"anticoncepcion, prevencion de its y de cancer de cuello uterino",implante subdermico: usuarias nuevas,2015-07-01,0,1,2,1,0,4
POROMA,"anticoncepcion, prevencion de its y de cancer de cuello uterino",implante subdermico: usuarias nuevas,2015-07-01,0,0,0,3,0,3
POTOSI,"anticoncepcion, prevencion de its y de cancer de cuello uterino",implante subdermico: usuarias nuevas,2015-07-01,0,0,14,1,0,15
PRESTO,"anticoncepcion, prevencion de its y de cancer de cuello uterino",implante subdermico: usuarias nuevas,2015-07-01,0,3,11,0,0,14
PUCARANI,"anticoncepcion, prevencion de its y de cancer de cuello uterino",implante subdermico: usuarias nuevas,2015-07-01,0,0,0,1,0,1
PUERTO ACOSTA,"anticoncepcion, prevencion de its y de cancer de cuello uterino",implante subdermico: usuarias nuevas,2015-07-01,0,1,1,0,0,2
PUERTO GONZALO MORENO,"anticoncepcion, prevencion de its y de cancer de cuello uterino",implante subdermico: usuarias nuevas,2015-07-01,2,3,1,1,0,7
PUERTO SILES,"anticoncepcion, prevencion de its y de cancer de cuello uterino",implante subdermico: usuarias nuevas,2015-07-01,0,0,3,0,0,3
PUERTO VILLARROEL,"anticoncepcion, prevencion de its y de cancer de cuello uterino",implante subdermico: usuarias nuevas,2015-07-01,0,2,12,4,0,18
PUNA,"anticoncepcion, prevencion de its y de cancer de cuello uterino",implante subdermico: usuarias nuevas,2015-07-01,0,0,4,1,0,5
QUILLACOLLO,"anticoncepcion, prevencion de its y de cancer de cuello uterino",implante subdermico: usuarias nuevas,2015-07-01,0,3,0,0,0,3
RIBERALTA,"anticoncepcion, prevencion de its y de cancer de cuello uterino",implante subdermico: usuarias nuevas,2015-07-01,1,9,46,1,0,57
SABAYA,"anticoncepcion, prevencion de its y de cancer de cuello uterino",implante subdermico: usuarias nuevas,2015-07-01,0,0,2,1,0,3
SACABA,"anticoncepcion, prevencion de its y de cancer de cuello uterino",implante subdermico: usuarias nuevas,2015-07-01,0,1,1,0,0,2
SAN ANDRES,"anticoncepcion, prevencion de its y de cancer de cuello uterino",implante subdermico: usuarias nuevas,2015-07-01,1,0,0,0,0,1
SAN BORJA,"anticoncepcion, prevencion de its y de cancer de cuello uterino",implante subdermico: usuarias nuevas,2015-07-01,0,1,1,1,0,3
SAN IGNACIO,"anticoncepcion, prevencion de its y de cancer de cuello uterino",implante subdermico: usuarias nuevas,2015-07-01,0,1,1,0,0,2
SAN LORENZO(PND),"anticoncepcion, prevencion de its y de cancer de cuello uterino",implante subdermico: usuarias nuevas,2015-07-01,0,4,8,2,0,14
SAN LUCAS,"anticoncepcion, prevencion de its y de cancer de cuello uterino",implante subdermico: usuarias nuevas,2015-07-01,0,0,5,0,0,5
SAN PEDRO DE BUENA VISTA,"anticoncepcion, prevencion de its y de cancer de cuello uterino",implante subdermico: usuarias nuevas,2015-07-01,0,0,14,0,0,14
SANTA CRUZ DE LA SIERRA,"anticoncepcion, prevencion de its y de cancer de cuello uterino",implante subdermico: usuarias nuevas,2015-07-01,0,4,86,56,0,146
SANTIAGO DE HUARI,"anticoncepcion, prevencion de its y de cancer de cuello uterino",implante subdermico: usuarias nuevas,2015-07-01,0,0,2,1,0,3
SANTIAGO DE MACHACA,"anticoncepcion, prevencion de its y de cancer de cuello uterino",implante subdermico: usuarias nuevas,2015-07-01,0,0,1,0,0,1
SENA,"anticoncepcion, prevencion de its y de cancer de cuello uterino",implante subdermico: usuarias nuevas,2015-07-01,0,1,6,0,0,7
SICA SICA (VILLA AROMA),"anticoncepcion, prevencion de its y de cancer de cuello uterino",implante subdermico: usuarias nuevas,2015-07-01,0,2,2,0,0,4
SIPE SIPE,"anticoncepcion, prevencion de its y de cancer de cuello uterino",implante subdermico: usuarias nuevas,2015-07-01,0,1,8,0,0,9
SOPACHUY,"anticoncepcion, prevencion de its y de cancer de cuello uterino",implante subdermico: usuarias nuevas,2015-07-01,0,0,3,0,0,3
SUCRE,"anticoncepcion, prevencion de its y de cancer de cuello uterino",implante subdermico: usuarias nuevas,2015-07-01,0,36,203,21,0,260
TARABUCO,"anticoncepcion, prevencion de its y de cancer de cuello uterino",implante subdermico: usuarias nuevas,2015-07-01,0,0,1,0,0,1
TARIJA,"anticoncepcion, prevencion de its y de cancer de cuello uterino",implante subdermico: usuarias nuevas,2015-07-01,0,2,52,22,0,76
TEOPONTE,"anticoncepcion, prevencion de its y de cancer de cuello uterino",implante subdermico: usuarias nuevas,2015-07-01,0,0,0,1,0,1
TIAWANACU,"anticoncepcion, prevencion de its y de cancer de cuello uterino",implante subdermico: usuarias nuevas,2015-07-01,0,2,7,1,0,10
TIPUANI,"anticoncepcion, prevencion de its y de cancer de cuello uterino",implante subdermico: usuarias nuevas,2015-07-01,0,0,3,0,0,3
TOLEDO,"anticoncepcion, prevencion de its y de cancer de cuello uterino",implante subdermico: usuarias nuevas,2015-07-01,0,0,1,0,0,1
TRINIDAD,"anticoncepcion, prevencion de its y de cancer de cuello uterino",implante subdermico: usuarias nuevas,2015-07-01,0,2,46,0,0,48
TUPIZA,"anticoncepcion, prevencion de its y de cancer de cuello uterino",implante subdermico: usuarias nuevas,2015-07-01,0,4,12,0,0,16
URIONDO (A. CONCEPCION),"anticoncepcion, prevencion de its y de cancer de cuello uterino",implante subdermico: usuarias nuevas,2015-07-01,0,0,1,0,0,1
UYUNI,"anticoncepcion, prevencion de its y de cancer de cuello uterino",implante subdermico: usuarias nuevas,2015-07-01,0,0,4,0,0,4
VIACHA,"anticoncepcion, prevencion de its y de cancer de cuello uterino",implante subdermico: usuarias nuevas,2015-07-01,0,0,8,1,0,9
VILLA CHARCAS,"anticoncepcion, prevencion de its y de cancer de cuello uterino",implante subdermico: usuarias nuevas,2015-07-01,0,0,3,1,0,4
VILLA SERRANO,"anticoncepcion, prevencion de its y de cancer de cuello uterino",implante subdermico: usuarias nuevas,2015-07-01,0,5,5,0,0,10
VILLA TUNARI,"anticoncepcion, prevencion de its y de cancer de cuello uterino",implante subdermico: usuarias nuevas,2015-07-01,0,3,22,2,0,27
VILLA VACA GUZMAN (MUYUPAMPA),"anticoncepcion, prevencion de its y de cancer de cuello uterino",implante subdermico: usuarias nuevas,2015-07-01,0,1,11,0,0,12
YANACACHI,"anticoncepcion, prevencion de its y de cancer de cuello uterino",implante subdermico: usuarias nuevas,2015-07-01,0,0,1,0,0,1
YAPACANI,"anticoncepcion, prevencion de its y de cancer de cuello uterino",implante subdermico: usuarias nuevas,2015-07-01,0,0,3,0,0,3
YOTALA,"anticoncepcion, prevencion de its y de cancer de cuello uterino",implante subdermico: usuarias nuevas,2015-07-01,0,9,3,0,0,12
ACACIO,"anticoncepcion, prevencion de its y de cancer de cuello uterino",implante subdermico: usuarias nuevas,2015-08-01,0,1,3,0,0,4
ACHACACHI,"anticoncepcion, prevencion de its y de cancer de cuello uterino",implante subdermico: usuarias nuevas,2015-08-01,0,1,2,1,0,4
ACHOCALLA,"anticoncepcion, prevencion de its y de cancer de cuello uterino",implante subdermico: usuarias nuevas,2015-08-01,0,1,8,2,0,11
AIQUILE,"anticoncepcion, prevencion de its y de cancer de cuello uterino",implante subdermico: usuarias nuevas,2015-08-01,0,1,8,2,0,11
ALTO BENI,"anticoncepcion, prevencion de its y de cancer de cuello uterino",implante subdermico: usuarias nuevas,2015-08-01,0,1,2,0,0,3
APOLO,"anticoncepcion, prevencion de its y de cancer de cuello uterino",implante subdermico: usuarias nuevas,2015-08-01,0,1,1,1,0,3
ATOCHA,"anticoncepcion, prevencion de its y de cancer de cuello uterino",implante subdermico: usuarias nuevas,2015-08-01,0,0,3,0,0,3
AYATA,"anticoncepcion, prevencion de its y de cancer de cuello uterino",implante subdermico: usuarias nuevas,2015-08-01,0,0,1,1,0,2
AZURDUY,"anticoncepcion, prevencion de its y de cancer de cuello uterino",implante subdermico: usuarias nuevas,2015-08-01,1,0,1,0,0,2
BAURES,"anticoncepcion, prevencion de its y de cancer de cuello uterino",implante subdermico: usuarias nuevas,2015-08-01,0,0,2,0,0,2
BELLA FLOR,"anticoncepcion, prevencion de its y de cancer de cuello uterino",implante subdermico: usuarias nuevas,2015-08-01,0,0,1,0,0,1
"CAIZA ""D""","anticoncepcion, prevencion de its y de cancer de cuello uterino",implante subdermico: usuarias nuevas,2015-08-01,0,0,21,6,0,27
CAJUATA,"anticoncepcion, prevencion de its y de cancer de cuello uterino",implante subdermico: usuarias nuevas,2015-08-01,0,2,12,0,0,14
CAMARGO,"anticoncepcion, prevencion de its y de cancer de cuello uterino",implante subdermico: usuarias nuevas,2015-08-01,0,0,6,0,0,6
CAMATAQUI (C. VILLA ABECIA),"anticoncepcion, prevencion de its y de cancer de cuello uterino",implante subdermico: usuarias nuevas,2015-08-01,0,0,1,0,0,1
CAPINOTA,"anticoncepcion, prevencion de its y de cancer de cuello uterino",implante subdermico: usuarias nuevas,2015-08-01,0,5,4,3,0,12
CARACOLLO,"anticoncepcion, prevencion de its y de cancer de cuello uterino",implante subdermico: usuarias nuevas,2015-08-01,0,0,4,0,0,4
CHIPAYA,"anticoncepcion, prevencion de its y de cancer de cuello uterino",implante subdermico: usuarias nuevas,2015-08-01,0,0,1,0,0,1
CHULUMANI (V. DE LA LIBERTAD),"anticoncepcion, prevencion de its y de cancer de cuello uterino",implante subdermico: usuarias nuevas,2015-08-01,0,0,2,0,0,2
CKOCHAS,"anticoncepcion, prevencion de its y de cancer de cuello uterino",implante subdermico: usuarias nuevas,2015-08-01,0,0,1,0,0,1
COBIJA,"anticoncepcion, prevencion de its y de cancer de cuello uterino",implante subdermico: usuarias nuevas,2015-08-01,1,2,9,0,0,12
COCHABAMBA,"anticoncepcion, prevencion de its y de cancer de cuello uterino",implante subdermico: usuarias nuevas,2015-08-01,0,17,184,8,0,209
COLOMI,"anticoncepcion, prevencion de its y de cancer de cuello uterino",implante subdermico: usuarias nuevas,2015-08-01,0,0,1,0,0,1
CORO CORO,"anticoncepcion, prevencion de its y de cancer de cuello uterino",implante subdermico: usuarias nuevas,2015-08-01,0,0,1,0,0,1
COTAGAITA,"anticoncepcion, prevencion de its y de cancer de cuello uterino",implante subdermico: usuarias nuevas,2015-08-01,0,0,1,0,0,1
CULPINA,"anticoncepcion, prevencion de its y de cancer de cuello uterino",implante subdermico: usuarias nuevas,2015-08-01,0,1,7,0,0,8
CURVA,"anticoncepcion, prevencion de its y de cancer de cuello uterino",implante subdermico: usuarias nuevas,2015-08-01,0,1,0,1,0,2
EL ALTO,"anticoncepcion, prevencion de its y de cancer de cuello uterino",implante subdermico: usuarias nuevas,2015-08-01,0,9,118,57,0,184
EL PUENTE(STC),"anticoncepcion, prevencion de its y de cancer de cuello uterino",implante subdermico: usuarias nuevas,2015-08-01,0,0,3,3,0,6
EL PUENTE(TJA),"anticoncepcion, prevencion de its y de cancer de cuello uterino",implante subdermico: usuarias nuevas,2015-08-01,0,2,4,1,0,7
EL TORNO,"anticoncepcion, prevencion de its y de cancer de cuello uterino",implante subdermico: usuarias nuevas,2015-08-01,2,6,5,0,0,13
EL VILLAR,"anticoncepcion, prevencion de its y de cancer de cuello uterino",implante subdermico: usuarias nuevas,2015-08-01,0,0,1,2,0,3
EUREKA (SANTOS MERCADO),"anticoncepcion, prevencion de its y de cancer de cuello uterino",implante subdermico: usuarias nuevas,2015-08-01,1,1,3,0,0,5
FERNANDEZ ALONSO,"anticoncepcion, prevencion de its y de cancer de cuello uterino",implante subdermico: usuarias nuevas,2015-08-01,0,0,1,0,0,1
HUACARETA,"anticoncepcion, prevencion de its y de cancer de cuello uterino",implante subdermico: usuarias nuevas,2015-08-01,2,1,3,2,0,8
HUANUNI,"anticoncepcion, prevencion de its y de cancer de cuello uterino",implante subdermico: usuarias nuevas,2015-08-01,0,4,11,2,0,17
HUARACAJE,"anticoncepcion, prevencion de its y de cancer de cuello uterino",implante subdermico: usuarias nuevas,2015-08-01,3,3,20,9,0,35
ICLA,"anticoncepcion, prevencion de its y de cancer de cuello uterino",implante subdermico: usuarias nuevas,2015-08-01,0,1,1,2,0,4
INCAHUASI,"anticoncepcion, prevencion de its y de cancer de cuello uterino",implante subdermico: usuarias nuevas,2015-08-01,0,2,4,0,0,6
INGAVI (HUMAITA),"anticoncepcion, prevencion de its y de cancer de cuello uterino",implante subdermico: usuarias nuevas,2015-08-01,0,1,1,1,0,3
LA PAZ,"anticoncepcion, prevencion de its y de cancer de cuello uterino",implante subdermico: usuarias nuevas,2015-08-01,0,14,117,19,0,150
LAS CARRERAS,"anticoncepcion, prevencion de its y de cancer de cuello uterino",implante subdermico: usuarias nuevas,2015-08-01,0,0,1,0,0,1
LICOMA PAMPA,"anticoncepcion, prevencion de its y de cancer de cuello uterino",implante subdermico: usuarias nuevas,2015-08-01,0,0,6,0,0,6
LLALLAGUA,"anticoncepcion, prevencion de its y de cancer de cuello uterino",implante subdermico: usuarias nuevas,2015-08-01,0,0,12,3,0,15
MACHARETI,"anticoncepcion, prevencion de its y de cancer de cuello uterino",implante subdermico: usuarias nuevas,2015-08-01,0,0,2,1,0,3
MECAPACA,"anticoncepcion, prevencion de its y de cancer de cuello uterino",implante subdermico: usuarias nuevas,2015-08-01,0,0,1,0,0,1
MIZQUE,"anticoncepcion, prevencion de its y de cancer de cuello uterino",implante subdermico: usuarias nuevas,2015-08-01,0,3,7,2,0,12
MOJINETE,"anticoncepcion, prevencion de its y de cancer de cuello uterino",implante subdermico: usuarias nuevas,2015-08-01,0,2,0,0,0,2
MOJOCOYA,"anticoncepcion, prevencion de its y de cancer de cuello uterino",implante subdermico: usuarias nuevas,2015-08-01,0,1,2,1,1,5
MONTEAGUDO,"anticoncepcion, prevencion de its y de cancer de cuello uterino",implante subdermico: usuarias nuevas,2015-08-01,0,7,13,0,0,20
ORURO,"anticoncepcion, prevencion de its y de cancer de cuello uterino",implante subdermico: usuarias nuevas,2015-08-01,0,13,57,8,0,78
PAILON,"anticoncepcion, prevencion de its y de cancer de cuello uterino",implante subdermico: usuarias nuevas,2015-08-01,0,0,1,0,0,1
PALCA,"anticoncepcion, prevencion de its y de cancer de cuello uterino",implante subdermico: usuarias nuevas,2015-08-01,0,2,6,0,0,8
PALOS BLANCOS,"anticoncepcion, prevencion de its y de cancer de cuello uterino",implante subdermico: usuarias nuevas,2015-08-01,0,2,10,4,1,17
POCOATA,"anticoncepcion, prevencion de its y de cancer de cuello uterino",implante subdermico: usuarias nuevas,2015-08-01,0,0,5,0,0,5
POROMA,"anticoncepcion, prevencion de its y de cancer de cuello uterino",implante subdermico: usuarias nuevas,2015-08-01,0,1,9,5,0,15
POTOSI,"anticoncepcion, prevencion de its y de cancer de cuello uterino",implante subdermico: usuarias nuevas,2015-08-01,1,12,54,19,0,86
PRESTO,"anticoncepcion, prevencion de its y de cancer de cuello uterino",implante subdermico: usuarias nuevas,2015-08-01,0,1,3,1,0,5
PUCARANI,"anticoncepcion, prevencion de its y de cancer de cuello uterino",implante subdermico: usuarias nuevas,2015-08-01,0,0,1,1,0,2
PUERTO GONZALO MORENO,"anticoncepcion, prevencion de its y de cancer de cuello uterino",implante subdermico: usuarias nuevas,2015-08-01,0,3,3,0,0,6
PUERTO RICO,"anticoncepcion, prevencion de its y de cancer de cuello uterino",implante subdermico: usuarias nuevas,2015-08-01,0,1,2,0,0,3
PUNA,"anticoncepcion, prevencion de its y de cancer de cuello uterino",implante subdermico: usuarias nuevas,2015-08-01,0,2,5,1,0,8
QUILLACOLLO,"anticoncepcion, prevencion de its y de cancer de cuello uterino",implante subdermico: usuarias nuevas,2015-08-01,0,2,2,0,0,4
RIBERALTA,"anticoncepcion, prevencion de its y de cancer de cuello uterino",implante subdermico: usuarias nuevas,2015-08-01,3,27,39,11,0,80
SABAYA,"anticoncepcion, prevencion de its y de cancer de cuello uterino",implante subdermico: usuarias nuevas,2015-08-01,0,0,3,1,0,4
SACABA,"anticoncepcion, prevencion de its y de cancer de cuello uterino",implante subdermico: usuarias nuevas,2015-08-01,0,0,3,0,0,3
SAN BUENA VENTURA,"anticoncepcion, prevencion de its y de cancer de cuello uterino",implante subdermico: usuarias nuevas,2015-08-01,0,3,19,0,0,22
SAN IGNACIO,"anticoncepcion, prevencion de its y de cancer de cuello uterino",implante subdermico: usuarias nuevas,2015-08-01,0,0,1,0,0,1
SAN JOAQUIN,"anticoncepcion, prevencion de its y de cancer de cuello uterino",implante subdermico: usuarias nuevas,2015-08-01,0,0,0,2,0,2
SAN JULIAN,"anticoncepcion, prevencion de its y de cancer de cuello uterino",implante subdermico: usuarias nuevas,2015-08-01,0,1,0,0,0,1
SAN LORENZO(PND),"anticoncepcion, prevencion de its y de cancer de cuello uterino",implante subdermico: usuarias nuevas,2015-08-01,0,2,9,0,0,11
SAN LORENZO(TJA),"anticoncepcion, prevencion de its y de cancer de cuello uterino",implante subdermico: usuarias nuevas,2015-08-01,1,0,0,0,0,1
SAN LUCAS,"anticoncepcion, prevencion de its y de cancer de cuello uterino",implante subdermico: usuarias nuevas,2015-08-01,0,0,3,0,0,3
SANTA CRUZ DE LA SIERRA,"anticoncepcion, prevencion de its y de cancer de cuello uterino",implante subdermico: usuarias nuevas,2015-08-01,0,23,94,59,0,176
SANTIAGO DE HUARI,"anticoncepcion, prevencion de its y de cancer de cuello uterino",implante subdermico: usuarias nuevas,2015-08-01,0,0,1,1,0,2
SENA,"anticoncepcion, prevencion de its y de cancer de cuello uterino",implante subdermico: usuarias nuevas,2015-08-01,0,3,5,0,0,8
SHINAOTA,"anticoncepcion, prevencion de its y de cancer de cuello uterino",implante subdermico: usuarias nuevas,2015-08-01,0,0,1,0,0,1
SICA SICA (VILLA AROMA),"anticoncepcion, prevencion de its y de cancer de cuello uterino",implante subdermico: usuarias nuevas,2015-08-01,0,0,1,0,0,1
SIPE SIPE,"anticoncepcion, prevencion de its y de cancer de cuello uterino",implante subdermico: usuarias nuevas,2015-08-01,0,3,14,2,0,19
SOPACHUY,"anticoncepcion, prevencion de its y de cancer de cuello uterino",implante subdermico: usuarias nuevas,2015-08-01,0,1,3,0,0,4
SORATA,"anticoncepcion, prevencion de its y de cancer de cuello uterino",implante subdermico: usuarias nuevas,2015-08-01,0,0,3,1,0,4
SUCRE,"anticoncepcion, prevencion de its y de cancer de cuello uterino",implante subdermico: usuarias nuevas,2015-08-01,2,22,137,20,0,181
TARABUCO,"anticoncepcion, prevencion de its y de cancer de cuello uterino",implante subdermico: usuarias nuevas,2015-08-01,0,0,10,5,0,15
TARVITA,"anticoncepcion, prevencion de its y de cancer de cuello uterino",implante subdermico: usuarias nuevas,2015-08-01,0,0,1,0,0,1
TIAWANACU,"anticoncepcion, prevencion de its y de cancer de cuello uterino",implante subdermico: usuarias nuevas,2015-08-01,0,1,2,2,0,5
TIPUANI,"anticoncepcion, prevencion de its y de cancer de cuello uterino",implante subdermico: usuarias nuevas,2015-08-01,0,1,6,1,0,8
TOLATA,"anticoncepcion, prevencion de its y de cancer de cuello uterino",implante subdermico: usuarias nuevas,2015-08-01,0,0,5,0,0,5
TOLEDO,"anticoncepcion, prevencion de its y de cancer de cuello uterino",implante subdermico: usuarias nuevas,2015-08-01,0,0,1,0,0,1
TRINIDAD,"anticoncepcion, prevencion de its y de cancer de cuello uterino",implante subdermico: usuarias nuevas,2015-08-01,0,8,15,0,0,23
TUPIZA,"anticoncepcion, prevencion de its y de cancer de cuello uterino",implante subdermico: usuarias nuevas,2015-08-01,0,0,14,2,0,16
TURCO,"anticoncepcion, prevencion de its y de cancer de cuello uterino",implante subdermico: usuarias nuevas,2015-08-01,0,0,1,1,0,2
URIONDO (A. CONCEPCION),"anticoncepcion, prevencion de its y de cancer de cuello uterino",implante subdermico: usuarias nuevas,2015-08-01,0,2,2,0,0,4
UYUNI,"anticoncepcion, prevencion de its y de cancer de cuello uterino",implante subdermico: usuarias nuevas,2015-08-01,0,0,2,0,0,2
VILLA CHARCAS,"anticoncepcion, prevencion de its y de cancer de cuello uterino",implante subdermico: usuarias nuevas,2015-08-01,0,0,1,1,0,2
VILLA NUEVA (LOMA ALTA),"anticoncepcion, prevencion de its y de cancer de cuello uterino",implante subdermico: usuarias nuevas,2015-08-01,0,1,2,0,0,3
VILLA SERRANO,"anticoncepcion, prevencion de its y de cancer de cuello uterino",implante subdermico: usuarias nuevas,2015-08-01,0,0,5,0,0,5
VILLA TUNARI,"anticoncepcion, prevencion de its y de cancer de cuello uterino",implante subdermico: usuarias nuevas,2015-08-01,0,4,8,3,0,15
VILLA VACA GUZMAN (MUYUPAMPA),"anticoncepcion, prevencion de its y de cancer de cuello uterino",implante subdermico: usuarias nuevas,2015-08-01,0,1,5,2,0,8
WARNES,"anticoncepcion, prevencion de its y de cancer de cuello uterino",implante subdermico: usuarias nuevas,2015-08-01,0,0,6,1,0,7
YANACACHI,"anticoncepcion, prevencion de its y de cancer de cuello uterino",implante subdermico: usuarias nuevas,2015-08-01,0,0,1,3,0,4
YOTALA,"anticoncepcion, prevencion de its y de cancer de cuello uterino",implante subdermico: usuarias nuevas,2015-08-01,0,1,0,0,0,1
ZUDAÑEZ,"anticoncepcion, prevencion de its y de cancer de cuello uterino",implante subdermico: usuarias nuevas,2015-08-01,0,0,4,0,0,4
ACHACACHI,"anticoncepcion, prevencion de its y de cancer de cuello uterino",implante subdermico: usuarias nuevas,2015-09-01,0,0,1,0,0,1
ACHOCALLA,"anticoncepcion, prevencion de its y de cancer de cuello uterino",implante subdermico: usuarias nuevas,2015-09-01,0,0,4,1,0,5
AIQUILE,"anticoncepcion, prevencion de its y de cancer de cuello uterino",implante subdermico: usuarias nuevas,2015-09-01,0,2,21,5,0,28
ALTO BENI,"anticoncepcion, prevencion de its y de cancer de cuello uterino",implante subdermico: usuarias nuevas,2015-09-01,0,0,5,3,0,8
ATOCHA,"anticoncepcion, prevencion de its y de cancer de cuello uterino",implante subdermico: usuarias nuevas,2015-09-01,0,1,7,1,0,9
AYATA,"anticoncepcion, prevencion de its y de cancer de cuello uterino",implante subdermico: usuarias nuevas,2015-09-01,0,0,3,0,0,3
BELLA FLOR,"anticoncepcion, prevencion de its y de cancer de cuello uterino",implante subdermico: usuarias nuevas,2015-09-01,0,1,3,0,0,4
BOLIVAR,"anticoncepcion, prevencion de its y de cancer de cuello uterino",implante subdermico: usuarias nuevas,2015-09-01,0,0,1,0,0,1
CAMARGO,"anticoncepcion, prevencion de its y de cancer de cuello uterino",implante subdermico: usuarias nuevas,2015-09-01,0,1,0,1,0,2
CAPINOTA,"anticoncepcion, prevencion de its y de cancer de cuello uterino",implante subdermico: usuarias nuevas,2015-09-01,0,2,14,0,0,16
CARACOLLO,"anticoncepcion, prevencion de its y de cancer de cuello uterino",implante subdermico: usuarias nuevas,2015-09-01,0,1,2,0,0,3
CARIPUYO,"anticoncepcion, prevencion de its y de cancer de cuello uterino",implante subdermico: usuarias nuevas,2015-09-01,0,0,2,0,0,2
CHALLAPATA,"anticoncepcion, prevencion de its y de cancer de cuello uterino",implante subdermico: usuarias nuevas,2015-09-01,0,1,3,0,0,4
CHAYANTA,"anticoncepcion, prevencion de its y de cancer de cuello uterino",implante subdermico: usuarias nuevas,2015-09-01,0,0,2,0,0,2
CHULUMANI (V. DE LA LIBERTAD),"anticoncepcion, prevencion de its y de cancer de cuello uterino",implante subdermico: usuarias nuevas,2015-09-01,0,2,4,0,0,6
CKOCHAS,"anticoncepcion, prevencion de its y de cancer de cuello uterino",implante subdermico: usuarias nuevas,2015-09-01,0,0,5,1,0,6
COBIJA,"anticoncepcion, prevencion de its y de cancer de cuello uterino",implante subdermico: usuarias nuevas,2015-09-01,2,4,13,1,0,20
COCAPATA,"anticoncepcion, prevencion de its y de cancer de cuello uterino",implante subdermico: usuarias nuevas,2015-09-01,0,1,1,0,0,2
COCHABAMBA,"anticoncepcion, prevencion de its y de cancer de cuello uterino",implante subdermico: usuarias nuevas,2015-09-01,0,10,166,25,1,202
COLOMI,"anticoncepcion, prevencion de its y de cancer de cuello uterino",implante subdermico: usuarias nuevas,2015-09-01,0,1,1,1,0,3
CORIPATA,"anticoncepcion, prevencion de its y de cancer de cuello uterino",implante subdermico: usuarias nuevas,2015-09-01,0,0,1,0,0,1
CORQUE,"anticoncepcion, prevencion de its y de cancer de cuello uterino",implante subdermico: usuarias nuevas,2015-09-01,0,0,2,0,0,2
CUCHUMUELA (V. G. VILLARROEL),"anticoncepcion, prevencion de its y de cancer de cuello uterino",implante subdermico: usuarias nuevas,2015-09-01,0,0,1,0,0,1
CULPINA,"anticoncepcion, prevencion de its y de cancer de cuello uterino",implante subdermico: usuarias nuevas,2015-09-01,0,1,11,3,0,15
CURVA,"anticoncepcion, prevencion de its y de cancer de cuello uterino",implante subdermico: usuarias nuevas,2015-09-01,0,0,1,0,0,1
EL ALTO,"anticoncepcion, prevencion de its y de cancer de cuello uterino",implante subdermico: usuarias nuevas,2015-09-01,0,23,271,174,0,468
EL TORNO,"anticoncepcion, prevencion de its y de cancer de cuello uterino",implante subdermico: usuarias nuevas,2015-09-01,0,15,13,2,0,30
EL VILLAR,"anticoncepcion, prevencion de its y de cancer de cuello uterino",implante subdermico: usuarias nuevas,2015-09-01,0,0,2,0,0,2
EUREKA (SANTOS MERCADO),"anticoncepcion, prevencion de its y de cancer de cuello uterino",implante subdermico: usuarias nuevas,2015-09-01,0,2,0,0,0,2
GUANAY,"anticoncepcion, prevencion de its y de cancer de cuello uterino",implante subdermico: usuarias nuevas,2015-09-01,0,0,1,0,0,1
HUACARETA,"anticoncepcion, prevencion de its y de cancer de cuello uterino",implante subdermico: usuarias nuevas,2015-09-01,0,0,7,0,0,7
HUANUNI,"anticoncepcion, prevencion de its y de cancer de cuello uterino",implante subdermico: usuarias nuevas,2015-09-01,0,4,17,3,0,24
ICLA,"anticoncepcion, prevencion de its y de cancer de cuello uterino",implante subdermico: usuarias nuevas,2015-09-01,0,0,2,0,0,2
INCAHUASI,"anticoncepcion, prevencion de its y de cancer de cuello uterino",implante subdermico: usuarias nuevas,2015-09-01,0,4,9,2,1,16
LA GUARDIA,"anticoncepcion, prevencion de its y de cancer de cuello uterino",implante subdermico: usuarias nuevas,2015-09-01,0,1,15,1,0,17
LA PAZ,"anticoncepcion, prevencion de its y de cancer de cuello uterino",implante subdermico: usuarias nuevas,2015-09-01,0,29,156,14,0,199
LAS CARRERAS,"anticoncepcion, prevencion de its y de cancer de cuello uterino",implante subdermico: usuarias nuevas,2015-09-01,0,0,4,1,0,5
LLALLAGUA,"anticoncepcion, prevencion de its y de cancer de cuello uterino",implante subdermico: usuarias nuevas,2015-09-01,0,2,19,1,0,22
MACHACAMARCA,"anticoncepcion, prevencion de its y de cancer de cuello uterino",implante subdermico: usuarias nuevas,2015-09-01,0,0,3,0,0,3
MACHARETI,"anticoncepcion, prevencion de its y de cancer de cuello uterino",implante subdermico: usuarias nuevas,2015-09-01,0,2,4,0,0,6
MECAPACA,"anticoncepcion, prevencion de its y de cancer de cuello uterino",implante subdermico: usuarias nuevas,2015-09-01,0,1,0,0,0,1
MIZQUE,"anticoncepcion, prevencion de its y de cancer de cuello uterino",implante subdermico: usuarias nuevas,2015-09-01,0,0,6,1,0,7
MONTEAGUDO,"anticoncepcion, prevencion de its y de cancer de cuello uterino",implante subdermico: usuarias nuevas,2015-09-01,0,8,9,2,0,19
NUEVO MANOA (NUEVA ESPERANZA),"anticoncepcion, prevencion de its y de cancer de cuello uterino",implante subdermico: usuarias nuevas,2015-09-01,0,0,1,0,0,1
ORURO,"anticoncepcion, prevencion de its y de cancer de cuello uterino",implante subdermico: usuarias nuevas,2015-09-01,0,8,62,4,0,74
PALCA,"anticoncepcion, prevencion de its y de cancer de cuello uterino",implante subdermico: usuarias nuevas,2015-09-01,0,2,11,0,0,13
PALOS BLANCOS,"anticoncepcion, prevencion de its y de cancer de cuello uterino",implante subdermico: usuarias nuevas,2015-09-01,0,0,1,0,0,1
PAMPA GRANDE,"anticoncepcion, prevencion de its y de cancer de cuello uterino",implante subdermico: usuarias nuevas,2015-09-01,0,0,1,0,0,1
PAPEL PAMPA,"anticoncepcion, prevencion de its y de cancer de cuello uterino",implante subdermico: usuarias nuevas,2015-09-01,0,0,1,0,0,1
PAZÑA,"anticoncepcion, prevencion de its y de cancer de cuello uterino",implante subdermico: usuarias nuevas,2015-09-01,0,0,4,1,0,5
POTOSI,"anticoncepcion, prevencion de its y de cancer de cuello uterino",implante subdermico: usuarias nuevas,2015-09-01,0,8,65,2,0,75
PRESTO,"anticoncepcion, prevencion de its y de cancer de cuello uterino",implante subdermico: usuarias nuevas,2015-09-01,0,4,6,3,0,13
PUCARANI,"anticoncepcion, prevencion de its y de cancer de cuello uterino",implante subdermico: usuarias nuevas,2015-09-01,0,0,4,0,0,4
PUERTO GONZALO MORENO,"anticoncepcion, prevencion de its y de cancer de cuello uterino",implante subdermico: usuarias nuevas,2015-09-01,1,8,12,1,0,22
PUERTO VILLARROEL,"anticoncepcion, prevencion de its y de cancer de cuello uterino",implante subdermico: usuarias nuevas,2015-09-01,0,0,3,5,0,8
PUNA,"anticoncepcion, prevencion de its y de cancer de cuello uterino",implante subdermico: usuarias nuevas,2015-09-01,0,0,6,1,0,7
QUILLACOLLO,"anticoncepcion, prevencion de its y de cancer de cuello uterino",implante subdermico: usuarias nuevas,2015-09-01,0,0,2,0,0,2
RIBERALTA,"anticoncepcion, prevencion de its y de cancer de cuello uterino",implante subdermico: usuarias nuevas,2015-09-01,2,31,66,1,0,100
ROBORE,"anticoncepcion, prevencion de its y de cancer de cuello uterino",implante subdermico: usuarias nuevas,2015-09-01,0,0,1,0,0,1
SABAYA,"anticoncepcion, prevencion de its y de cancer de cuello uterino",implante subdermico: usuarias nuevas,2015-09-01,0,0,1,0,0,1
SACABA,"anticoncepcion, prevencion de its y de cancer de cuello uterino",implante subdermico: usuarias nuevas,2015-09-01,0,11,87,10,0,108
SAN ANTONIO DE ESMORUCO,"anticoncepcion, prevencion de its y de cancer de cuello uterino",implante subdermico: usuarias nuevas,2015-09-01,0,1,3,0,0,4
SAN BUENA VENTURA,"anticoncepcion, prevencion de its y de cancer de cuello uterino",implante subdermico: usuarias nuevas,2015-09-01,0,0,10,0,0,10
SAN IGNACIO,"anticoncepcion, prevencion de its y de cancer de cuello uterino",implante subdermico: usuarias nuevas,2015-09-01,0,2,3,0,0,5
SAN JAVIER(BNI),"anticoncepcion, prevencion de its y de cancer de cuello uterino",implante subdermico: usuarias nuevas,2015-09-01,0,0,1,0,0,1
SAN JUAN DE YAPACANI,"anticoncepcion, prevencion de its y de cancer de cuello uterino",implante subdermico: usuarias nuevas,2015-09-01,0,1,0,0,0,1
SAN LORENZO(PND),"anticoncepcion, prevencion de its y de cancer de cuello uterino",implante subdermico: usuarias nuevas,2015-09-01,1,1,0,3,0,5
SAN LORENZO(TJA),"anticoncepcion, prevencion de its y de cancer de cuello uterino",implante subdermico: usuarias nuevas,2015-09-01,0,1,4,0,0,5
SAN LUCAS,"anticoncepcion, prevencion de its y de cancer de cuello uterino",implante subdermico: usuarias nuevas,2015-09-01,0,3,6,1,0,10
SANTA CRUZ DE LA SIERRA,"anticoncepcion, prevencion de its y de cancer de cuello uterino",implante subdermico: usuarias nuevas,2015-09-01,0,34,117,50,0,201
SANTIAGO DE HUARI,"anticoncepcion, prevencion de its y de cancer de cuello uterino",implante subdermico: usuarias nuevas,2015-09-01,0,0,2,0,0,2
SENA,"anticoncepcion, prevencion de its y de cancer de cuello uterino",implante subdermico: usuarias nuevas,2015-09-01,0,1,0,0,0,1
SIPE SIPE,"anticoncepcion, prevencion de its y de cancer de cuello uterino",implante subdermico: usuarias nuevas,2015-09-01,0,4,21,2,0,27
SOPACHUY,"anticoncepcion, prevencion de its y de cancer de cuello uterino",implante subdermico: usuarias nuevas,2015-09-01,0,1,2,1,0,4
SORATA,"anticoncepcion, prevencion de its y de cancer de cuello uterino",implante subdermico: usuarias nuevas,2015-09-01,0,0,11,0,0,11
SUCRE,"anticoncepcion, prevencion de its y de cancer de cuello uterino",implante subdermico: usuarias nuevas,2015-09-01,0,42,147,20,0,209
TARABUCO,"anticoncepcion, prevencion de its y de cancer de cuello uterino",implante subdermico: usuarias nuevas,2015-09-01,0,2,7,0,0,9
TARIJA,"anticoncepcion, prevencion de its y de cancer de cuello uterino",implante subdermico: usuarias nuevas,2015-09-01,0,4,2,2,0,8
TARVITA,"anticoncepcion, prevencion de its y de cancer de cuello uterino",implante subdermico: usuarias nuevas,2015-09-01,0,0,2,0,0,2
TINGUIPAYA,"anticoncepcion, prevencion de its y de cancer de cuello uterino",implante subdermico: usuarias nuevas,2015-09-01,0,0,2,2,0,4
TIPUANI,"anticoncepcion, prevencion de its y de cancer de cuello uterino",implante subdermico: usuarias nuevas,2015-09-01,0,1,3,0,0,4
TOMINA,"anticoncepcion, prevencion de its y de cancer de cuello uterino",implante subdermico: usuarias nuevas,2015-09-01,0,0,1,0,0,1
TRINIDAD,"anticoncepcion, prevencion de its y de cancer de cuello uterino",implante subdermico: usuarias nuevas,2015-09-01,0,13,19,0,0,32
TUPIZA,"anticoncepcion, prevencion de its y de cancer de cuello uterino",implante subdermico: usuarias nuevas,2015-09-01,0,2,14,4,0,20
TURCO,"anticoncepcion, prevencion de its y de cancer de cuello uterino",implante subdermico: usuarias nuevas,2015-09-01,0,0,1,0,0,1
URIONDO (A. CONCEPCION),"anticoncepcion, prevencion de its y de cancer de cuello uterino",implante subdermico: usuarias nuevas,2015-09-01,0,2,1,0,0,3
UYUNI,"anticoncepcion, prevencion de its y de cancer de cuello uterino",implante subdermico: usuarias nuevas,2015-09-01,0,0,1,0,0,1
VILLA CHARCAS,"anticoncepcion, prevencion de its y de cancer de cuello uterino",implante subdermico: usuarias nuevas,2015-09-01,0,0,1,4,0,5
VILLA SERRANO,"anticoncepcion, prevencion de its y de cancer de cuello uterino",implante subdermico: usuarias nuevas,2015-09-01,0,0,5,2,0,7
VILLA TUNARI,"anticoncepcion, prevencion de its y de cancer de cuello uterino",implante subdermico: usuarias nuevas,2015-09-01,0,1,7,0,0,8
VILLA VACA GUZMAN (MUYUPAMPA),"anticoncepcion, prevencion de its y de cancer de cuello uterino",implante subdermico: usuarias nuevas,2015-09-01,0,2,4,1,0,7
YOTALA,"anticoncepcion, prevencion de its y de cancer de cuello uterino",implante subdermico: usuarias nuevas,2015-09-01,0,2,3,1,0,6
ZUDAÑEZ,"anticoncepcion, prevencion de its y de cancer de cuello uterino",implante subdermico: usuarias nuevas,2015-09-01,0,1,2,0,0,3
ACHACACHI,"anticoncepcion, prevencion de its y de cancer de cuello uterino",implante subdermico: usuarias nuevas,2015-10-01,0,0,3,0,0,3
ACHOCALLA,"anticoncepcion, prevencion de its y de cancer de cuello uterino",implante subdermico: usuarias nuevas,2015-10-01,0,2,9,2,0,13
AIQUILE,"anticoncepcion, prevencion de its y de cancer de cuello uterino",implante subdermico: usuarias nuevas,2015-10-01,0,3,26,4,0,33
ALTO BENI,"anticoncepcion, prevencion de its y de cancer de cuello uterino",implante subdermico: usuarias nuevas,2015-10-01,0,0,3,1,0,4
APOLO,"anticoncepcion, prevencion de its y de cancer de cuello uterino",implante subdermico: usuarias nuevas,2015-10-01,0,0,9,2,0,11
ATOCHA,"anticoncepcion, prevencion de its y de cancer de cuello uterino",implante subdermico: usuarias nuevas,2015-10-01,0,0,1,0,0,1
AYATA,"anticoncepcion, prevencion de its y de cancer de cuello uterino",implante subdermico: usuarias nuevas,2015-10-01,0,0,3,0,0,3
BAURES,"anticoncepcion, prevencion de its y de cancer de cuello uterino",implante subdermico: usuarias nuevas,2015-10-01,0,0,3,0,0,3
BELLA FLOR,"anticoncepcion, prevencion de its y de cancer de cuello uterino",implante subdermico: usuarias nuevas,2015-10-01,0,1,8,0,0,9
BOLIVAR,"anticoncepcion, prevencion de its y de cancer de cuello uterino",implante subdermico: usuarias nuevas,2015-10-01,0,0,2,1,0,3
BOLPEBRA,"anticoncepcion, prevencion de its y de cancer de cuello uterino",implante subdermico: usuarias nuevas,2015-10-01,1,0,3,1,0,5
CAJUATA,"anticoncepcion, prevencion de its y de cancer de cuello uterino",implante subdermico: usuarias nuevas,2015-10-01,0,0,2,0,0,2
CAMARGO,"anticoncepcion, prevencion de its y de cancer de cuello uterino",implante subdermico: usuarias nuevas,2015-10-01,0,0,4,0,0,4
CAPINOTA,"anticoncepcion, prevencion de its y de cancer de cuello uterino",implante subdermico: usuarias nuevas,2015-10-01,0,0,5,0,0,5
CHALLAPATA,"anticoncepcion, prevencion de its y de cancer de cuello uterino",implante subdermico: usuarias nuevas,2015-10-01,0,0,5,1,0,6
CHIMORE,"anticoncepcion, prevencion de its y de cancer de cuello uterino",implante subdermico: usuarias nuevas,2015-10-01,0,1,1,0,0,2
CHULUMANI (V. DE LA LIBERTAD),"anticoncepcion, prevencion de its y de cancer de cuello uterino",implante subdermico: usuarias nuevas,2015-10-01,0,0,1,1,0,2
CKOCHAS,"anticoncepcion, prevencion de its y de cancer de cuello uterino",implante subdermico: usuarias nuevas,2015-10-01,0,0,6,1,0,7
COBIJA,"anticoncepcion, prevencion de its y de cancer de cuello uterino",implante subdermico: usuarias nuevas,2015-10-01,1,6,4,4,0,15
COCAPATA,"anticoncepcion, prevencion de its y de cancer de cuello uterino",implante subdermico: usuarias nuevas,2015-10-01,0,0,1,0,0,1
COCHABAMBA,"anticoncepcion, prevencion de its y de cancer de cuello uterino",implante subdermico: usuarias nuevas,2015-10-01,1,9,126,14,0,150
COLOMI,"anticoncepcion, prevencion de its y de cancer de cuello uterino",implante subdermico: usuarias nuevas,2015-10-01,0,0,1,0,0,1
CONCEPCION,"anticoncepcion, prevencion de its y de cancer de cuello uterino",implante subdermico: usuarias nuevas,2015-10-01,0,4,6,2,0,12
CORQUE,"anticoncepcion, prevencion de its y de cancer de cuello uterino",implante subdermico: usuarias nuevas,2015-10-01,0,0,1,1,0,2
CUCHUMUELA (V. G. VILLARROEL),"anticoncepcion, prevencion de its y de cancer de cuello uterino",implante subdermico: usuarias nuevas,2015-10-01,0,0,2,1,0,3
CULPINA,"anticoncepcion, prevencion de its y de cancer de cuello uterino",implante subdermico: usuarias nuevas,2015-10-01,0,1,4,0,0,5
EL ALTO,"anticoncepcion, prevencion de its y de cancer de cuello uterino",implante subdermico: usuarias nuevas,2015-10-01,0,14,159,46,0,219
EL CHORO,"anticoncepcion, prevencion de its y de cancer de cuello uterino",implante subdermico: usuarias nuevas,2015-10-01,0,0,1,0,0,1
EL TORNO,"anticoncepcion, prevencion de its y de cancer de cuello uterino",implante subdermico: usuarias nuevas,2015-10-01,0,0,10,0,0,10
EL VILLAR,"anticoncepcion, prevencion de its y de cancer de cuello uterino",implante subdermico: usuarias nuevas,2015-10-01,0,0,2,0,0,2
ENTRE RIOS TRJ,"anticoncepcion, prevencion de its y de cancer de cuello uterino",implante subdermico: usuarias nuevas,2015-10-01,0,1,13,2,0,16
GUANAY,"anticoncepcion, prevencion de its y de cancer de cuello uterino",implante subdermico: usuarias nuevas,2015-10-01,0,0,1,0,0,1
HUACARETA,"anticoncepcion, prevencion de its y de cancer de cuello uterino",implante subdermico: usuarias nuevas,2015-10-01,0,4,6,1,1,12
HUACAYA (VILLA DE HUACAYA),"anticoncepcion, prevencion de its y de cancer de cuello uterino",implante subdermico: usuarias nuevas,2015-10-01,0,1,5,1,0,7
HUANUNI,"anticoncepcion, prevencion de its y de cancer de cuello uterino",implante subdermico: usuarias nuevas,2015-10-01,0,1,9,1,0,11
HUATAJATA,"anticoncepcion, prevencion de its y de cancer de cuello uterino",implante subdermico: usuarias nuevas,2015-10-01,0,0,1,0,0,1
HUAYLLAMARCA,"anticoncepcion, prevencion de its y de cancer de cuello uterino",implante subdermico: usuarias nuevas,2015-10-01,0,0,1,0,0,1
ICLA,"anticoncepcion, prevencion de its y de cancer de cuello uterino",implante subdermico: usuarias nuevas,2015-10-01,0,1,0,0,0,1
INCAHUASI,"anticoncepcion, prevencion de its y de cancer de cuello uterino",implante subdermico: usuarias nuevas,2015-10-01,0,1,4,1,0,6
INGAVI (HUMAITA),"anticoncepcion, prevencion de its y de cancer de cuello uterino",implante subdermico: usuarias nuevas,2015-10-01,0,0,2,0,0,2
LA PAZ,"anticoncepcion, prevencion de its y de cancer de cuello uterino",implante subdermico: usuarias nuevas,2015-10-01,1,24,165,25,0,215
LAS CARRERAS,"anticoncepcion, prevencion de its y de cancer de cuello uterino",implante subdermico: usuarias nuevas,2015-10-01,0,2,6,0,0,8
LICOMA PAMPA,"anticoncepcion, prevencion de its y de cancer de cuello uterino",implante subdermico: usuarias nuevas,2015-10-01,0,0,1,3,0,4
LLALLAGUA,"anticoncepcion, prevencion de its y de cancer de cuello uterino",implante subdermico: usuarias nuevas,2015-10-01,0,4,9,2,0,15
MACHACAMARCA,"anticoncepcion, prevencion de its y de cancer de cuello uterino",implante subdermico: usuarias nuevas,2015-10-01,0,0,1,0,0,1
MACHARETI,"anticoncepcion, prevencion de its y de cancer de cuello uterino",implante subdermico: usuarias nuevas,2015-10-01,0,5,10,3,0,18
MAGDALENA,"anticoncepcion, prevencion de its y de cancer de cuello uterino",implante subdermico: usuarias nuevas,2015-10-01,0,2,2,0,0,4
MIZQUE,"anticoncepcion, prevencion de its y de cancer de cuello uterino",implante subdermico: usuarias nuevas,2015-10-01,0,1,1,0,0,2
MOJOCOYA,"anticoncepcion, prevencion de its y de cancer de cuello uterino",implante subdermico: usuarias nuevas,2015-10-01,0,0,4,0,0,4
MONTEAGUDO,"anticoncepcion, prevencion de its y de cancer de cuello uterino",implante subdermico: usuarias nuevas,2015-10-01,0,0,5,2,0,7
MORO MORO,"anticoncepcion, prevencion de its y de cancer de cuello uterino",implante subdermico: usuarias nuevas,2015-10-01,0,0,10,3,0,13
NUEVO MANOA (NUEVA ESPERANZA),"anticoncepcion, prevencion de its y de cancer de cuello uterino",implante subdermico: usuarias nuevas,2015-10-01,0,0,2,0,0,2
ORURO,"anticoncepcion, prevencion de its y de cancer de cuello uterino",implante subdermico: usuarias nuevas,2015-10-01,0,13,65,8,0,86
PADILLA,"anticoncepcion, prevencion de its y de cancer de cuello uterino",implante subdermico: usuarias nuevas,2015-10-01,0,0,8,2,0,10
PAILON,"anticoncepcion, prevencion de its y de cancer de cuello uterino",implante subdermico: usuarias nuevas,2015-10-01,0,1,1,1,0,3
PALCA,"anticoncepcion, prevencion de its y de cancer de cuello uterino",implante subdermico: usuarias nuevas,2015-10-01,0,3,12,2,0,17
POTOSI,"anticoncepcion, prevencion de its y de cancer de cuello uterino",implante subdermico: usuarias nuevas,2015-10-01,0,9,54,14,1,78
PRESTO,"anticoncepcion, prevencion de its y de cancer de cuello uterino",implante subdermico: usuarias nuevas,2015-10-01,0,0,2,0,0,2
PUERTO GONZALO MORENO,"anticoncepcion, prevencion de its y de cancer de cuello uterino",implante subdermico: usuarias nuevas,2015-10-01,1,1,0,0,0,2
PUERTO RICO,"anticoncepcion, prevencion de its y de cancer de cuello uterino",implante subdermico: usuarias nuevas,2015-10-01,0,1,2,0,0,3
PUERTO VILLARROEL,"anticoncepcion, prevencion de its y de cancer de cuello uterino",implante subdermico: usuarias nuevas,2015-10-01,0,0,1,0,0,1
PUNA,"anticoncepcion, prevencion de its y de cancer de cuello uterino",implante subdermico: usuarias nuevas,2015-10-01,0,0,5,0,0,5
QUILLACOLLO,"anticoncepcion, prevencion de its y de cancer de cuello uterino",implante subdermico: usuarias nuevas,2015-10-01,0,2,6,1,0,9
RIBERALTA,"anticoncepcion, prevencion de its y de cancer de cuello uterino",implante subdermico: usuarias nuevas,2015-10-01,6,33,99,4,0,142
SABAYA,"anticoncepcion, prevencion de its y de cancer de cuello uterino",implante subdermico: usuarias nuevas,2015-10-01,0,0,1,0,0,1
SACABA,"anticoncepcion, prevencion de its y de cancer de cuello uterino",implante subdermico: usuarias nuevas,2015-10-01,0,4,17,8,0,29
SACACA,"anticoncepcion, prevencion de its y de cancer de cuello uterino",implante subdermico: usuarias nuevas,2015-10-01,0,0,2,0,0,2
SALINAS DE GARCI MENDOZA,"anticoncepcion, prevencion de its y de cancer de cuello uterino",implante subdermico: usuarias nuevas,2015-10-01,0,0,1,3,0,4
SAN BORJA,"anticoncepcion, prevencion de its y de cancer de cuello uterino",implante subdermico: usuarias nuevas,2015-10-01,5,13,4,0,0,22
SAN CARLOS,"anticoncepcion, prevencion de its y de cancer de cuello uterino",implante subdermico: usuarias nuevas,2015-10-01,0,0,1,0,0,1
SAN IGNACIO,"anticoncepcion, prevencion de its y de cancer de cuello uterino",implante subdermico: usuarias nuevas,2015-10-01,0,5,32,12,0,49
SAN JAVIER(BNI),"anticoncepcion, prevencion de its y de cancer de cuello uterino",implante subdermico: usuarias nuevas,2015-10-01,0,0,2,0,0,2
SAN JULIAN,"anticoncepcion, prevencion de its y de cancer de cuello uterino",implante subdermico: usuarias nuevas,2015-10-01,0,0,1,0,0,1
SAN LORENZO(PND),"anticoncepcion, prevencion de its y de cancer de cuello uterino",implante subdermico: usuarias nuevas,2015-10-01,0,3,4,1,0,8
SAN LUCAS,"anticoncepcion, prevencion de its y de cancer de cuello uterino",implante subdermico: usuarias nuevas,2015-10-01,0,6,4,1,0,11
SAN PEDRO DE BUENA VISTA,"anticoncepcion, prevencion de its y de cancer de cuello uterino",implante subdermico: usuarias nuevas,2015-10-01,0,0,9,0,0,9
SANTA CRUZ DE LA SIERRA,"anticoncepcion, prevencion de its y de cancer de cuello uterino",implante subdermico: usuarias nuevas,2015-10-01,0,59,154,73,0,286
SANTIAGO DE MACHACA,"anticoncepcion, prevencion de its y de cancer de cuello uterino",implante subdermico: usuarias nuevas,2015-10-01,0,1,0,0,0,1
SENA,"anticoncepcion, prevencion de its y de cancer de cuello uterino",implante subdermico: usuarias nuevas,2015-10-01,0,2,3,0,0,5
SHINAOTA,"anticoncepcion, prevencion de its y de cancer de cuello uterino",implante subdermico: usuarias nuevas,2015-10-01,0,0,1,0,0,1
SICA SICA (VILLA AROMA),"anticoncepcion, prevencion de its y de cancer de cuello uterino",implante subdermico: usuarias nuevas,2015-10-01,0,0,3,1,0,4
SIPE SIPE,"anticoncepcion, prevencion de its y de cancer de cuello uterino",implante subdermico: usuarias nuevas,2015-10-01,0,1,22,3,0,26
SOPACHUY,"anticoncepcion, prevencion de its y de cancer de cuello uterino",implante subdermico: usuarias nuevas,2015-10-01,0,0,5,1,0,6
SORATA,"anticoncepcion, prevencion de its y de cancer de cuello uterino",implante subdermico: usuarias nuevas,2015-10-01,0,5,4,1,0,10
SUCRE,"anticoncepcion, prevencion de its y de cancer de cuello uterino",implante subdermico: usuarias nuevas,2015-10-01,0,41,184,32,0,257
TAPACARI,"anticoncepcion, prevencion de its y de cancer de cuello uterino",implante subdermico: usuarias nuevas,2015-10-01,0,0,1,0,0,1
TARABUCO,"anticoncepcion, prevencion de its y de cancer de cuello uterino",implante subdermico: usuarias nuevas,2015-10-01,0,1,5,1,0,7
TIAWANACU,"anticoncepcion, prevencion de its y de cancer de cuello uterino",implante subdermico: usuarias nuevas,2015-10-01,0,0,3,0,0,3
TINGUIPAYA,"anticoncepcion, prevencion de its y de cancer de cuello uterino",implante subdermico: usuarias nuevas,2015-10-01,0,0,0,1,0,1
TIPUANI,"anticoncepcion, prevencion de its y de cancer de cuello uterino",implante subdermico: usuarias nuevas,2015-10-01,0,3,11,2,0,16
TOLEDO,"anticoncepcion, prevencion de its y de cancer de cuello uterino",implante subdermico: usuarias nuevas,2015-10-01,0,0,4,0,0,4
TOMINA,"anticoncepcion, prevencion de its y de cancer de cuello uterino",implante subdermico: usuarias nuevas,2015-10-01,0,0,10,0,0,10
TOTORA(CBBA),"anticoncepcion, prevencion de its y de cancer de cuello uterino",implante subdermico: usuarias nuevas,2015-10-01,0,0,0,1,0,1
TRINIDAD,"anticoncepcion, prevencion de its y de cancer de cuello uterino",implante subdermico: usuarias nuevas,2015-10-01,0,5,20,0,0,25
TUPIZA,"anticoncepcion, prevencion de its y de cancer de cuello uterino",implante subdermico: usuarias nuevas,2015-10-01,0,4,22,8,0,34
TURCO,"anticoncepcion, prevencion de its y de cancer de cuello uterino",implante subdermico: usuarias nuevas,2015-10-01,0,1,1,0,0,2
URIONDO (A. CONCEPCION),"anticoncepcion, prevencion de its y de cancer de cuello uterino",implante subdermico: usuarias nuevas,2015-10-01,0,2,1,0,0,3
UYUNI,"anticoncepcion, prevencion de its y de cancer de cuello uterino",implante subdermico: usuarias nuevas,2015-10-01,0,0,2,0,0,2
VILLA CHARCAS,"anticoncepcion, prevencion de its y de cancer de cuello uterino",implante subdermico: usuarias nuevas,2015-10-01,0,0,3,0,0,3
VILLA SERRANO,"anticoncepcion, prevencion de its y de cancer de cuello uterino",implante subdermico: usuarias nuevas,2015-10-01,0,1,2,0,0,3
VILLA TUNARI,"anticoncepcion, prevencion de its y de cancer de cuello uterino",implante subdermico: usuarias nuevas,2015-10-01,0,6,10,2,0,18
VILLA VACA GUZMAN (MUYUPAMPA),"anticoncepcion, prevencion de its y de cancer de cuello uterino",implante subdermico: usuarias nuevas,2015-10-01,0,0,1,0,0,1
VINTO,"anticoncepcion, prevencion de its y de cancer de cuello uterino",implante subdermico: usuarias nuevas,2015-10-01,0,0,4,0,0,4
YANACACHI,"anticoncepcion, prevencion de its y de cancer de cuello uterino",implante subdermico: usuarias nuevas,2015-10-01,0,0,4,0,0,4
YOTALA,"anticoncepcion, prevencion de its y de cancer de cuello uterino",implante subdermico: usuarias nuevas,2015-10-01,0,1,7,1,0,9
ZUDAÑEZ,"anticoncepcion, prevencion de its y de cancer de cuello uterino",implante subdermico: usuarias nuevas,2015-10-01,0,0,1,0,0,1
ACHACACHI,"anticoncepcion, prevencion de its y de cancer de cuello uterino",implante subdermico: usuarias nuevas,2015-11-01,0,0,4,0,0,4
ACHOCALLA,"anticoncepcion, prevencion de its y de cancer de cuello uterino",implante subdermico: usuarias nuevas,2015-11-01,0,3,18,1,0,22
AIQUILE,"anticoncepcion, prevencion de its y de cancer de cuello uterino",implante subdermico: usuarias nuevas,2015-11-01,0,9,16,1,0,26
ALTO BENI,"anticoncepcion, prevencion de its y de cancer de cuello uterino",implante subdermico: usuarias nuevas,2015-11-01,0,1,4,0,0,5
APOLO,"anticoncepcion, prevencion de its y de cancer de cuello uterino",implante subdermico: usuarias nuevas,2015-11-01,0,3,17,1,0,21
ARANI,"anticoncepcion, prevencion de its y de cancer de cuello uterino",implante subdermico: usuarias nuevas,2015-11-01,0,0,0,6,0,6
ASCENCION DE GUARAYOS,"anticoncepcion, prevencion de its y de cancer de cuello uterino",implante subdermico: usuarias nuevas,2015-11-01,0,0,0,1,0,1
ATOCHA,"anticoncepcion, prevencion de its y de cancer de cuello uterino",implante subdermico: usuarias nuevas,2015-11-01,0,0,5,24,0,29
AYATA,"anticoncepcion, prevencion de its y de cancer de cuello uterino",implante subdermico: usuarias nuevas,2015-11-01,0,2,0,2,0,4
AYOPAYA (V. DE INDEPENDENCIA),"anticoncepcion, prevencion de its y de cancer de cuello uterino",implante subdermico: usuarias nuevas,2015-11-01,0,0,0,1,0,1
AZURDUY,"anticoncepcion, prevencion de its y de cancer de cuello uterino",implante subdermico: usuarias nuevas,2015-11-01,0,0,1,0,0,1
BELLA FLOR,"anticoncepcion, prevencion de its y de cancer de cuello uterino",implante subdermico: usuarias nuevas,2015-11-01,0,1,2,0,0,3
BOLPEBRA,"anticoncepcion, prevencion de its y de cancer de cuello uterino",implante subdermico: usuarias nuevas,2015-11-01,1,0,0,0,0,1
CAJUATA,"anticoncepcion, prevencion de its y de cancer de cuello uterino",implante subdermico: usuarias nuevas,2015-11-01,0,0,12,4,0,16
CAMARGO,"anticoncepcion, prevencion de its y de cancer de cuello uterino",implante subdermico: usuarias nuevas,2015-11-01,0,2,5,0,0,7
CAMATAQUI (C. VILLA ABECIA),"anticoncepcion, prevencion de its y de cancer de cuello uterino",implante subdermico: usuarias nuevas,2015-11-01,0,1,2,1,0,4
CAPINOTA,"anticoncepcion, prevencion de its y de cancer de cuello uterino",implante subdermico: usuarias nuevas,2015-11-01,0,2,4,0,0,6
CARACOLLO,"anticoncepcion, prevencion de its y de cancer de cuello uterino",implante subdermico: usuarias nuevas,2015-11-01,0,2,7,2,0,11
CARANAVI,"anticoncepcion, prevencion de its y de cancer de cuello uterino",implante subdermico: usuarias nuevas,2015-11-01,0,0,1,0,0,1
CHALLAPATA,"anticoncepcion, prevencion de its y de cancer de cuello uterino",implante subdermico: usuarias nuevas,2015-11-01,0,2,9,1,0,12
CHAYANTA,"anticoncepcion, prevencion de its y de cancer de cuello uterino",implante subdermico: usuarias nuevas,2015-11-01,0,0,2,0,0,2
COBIJA,"anticoncepcion, prevencion de its y de cancer de cuello uterino",implante subdermico: usuarias nuevas,2015-11-01,1,2,4,0,0,7
COCHABAMBA,"anticoncepcion, prevencion de its y de cancer de cuello uterino",implante subdermico: usuarias nuevas,2015-11-01,0,17,250,29,0,296
COLOMI,"anticoncepcion, prevencion de its y de cancer de cuello uterino",implante subdermico: usuarias nuevas,2015-11-01,0,0,2,0,0,2
COLQUIRI,"anticoncepcion, prevencion de its y de cancer de cuello uterino",implante subdermico: usuarias nuevas,2015-11-01,0,5,31,8,0,44
CORO CORO,"anticoncepcion, prevencion de its y de cancer de cuello uterino",implante subdermico: usuarias nuevas,2015-11-01,0,0,1,1,0,2
CORQUE,"anticoncepcion, prevencion de its y de cancer de cuello uterino",implante subdermico: usuarias nuevas,2015-11-01,0,0,1,1,0,2
COTAGAITA,"anticoncepcion, prevencion de its y de cancer de cuello uterino",implante subdermico: usuarias nuevas,2015-11-01,0,0,0,2,0,2
CUCHUMUELA (V. G. VILLARROEL),"anticoncepcion, prevencion de its y de cancer de cuello uterino",implante subdermico: usuarias nuevas,2015-11-01,0,2,2,0,0,4
CULPINA,"anticoncepcion, prevencion de its y de cancer de cuello uterino",implante subdermico: usuarias nuevas,2015-11-01,0,1,6,0,0,7
EL ALTO,"anticoncepcion, prevencion de its y de cancer de cuello uterino",implante subdermico: usuarias nuevas,2015-11-01,0,26,188,58,0,272
EL TORNO,"anticoncepcion, prevencion de its y de cancer de cuello uterino",implante subdermico: usuarias nuevas,2015-11-01,0,3,4,0,0,7
EL VILLAR,"anticoncepcion, prevencion de its y de cancer de cuello uterino",implante subdermico: usuarias nuevas,2015-11-01,0,0,1,1,0,2
ENTRE RIOS TRJ,"anticoncepcion, prevencion de its y de cancer de cuello uterino",implante subdermico: usuarias nuevas,2015-11-01,1,4,12,2,0,19
ESCOMA,"anticoncepcion, prevencion de its y de cancer de cuello uterino",implante subdermico: usuarias nuevas,2015-11-01,0,0,1,0,0,1
EUCALIPTUS,"anticoncepcion, prevencion de its y de cancer de cuello uterino",implante subdermico: usuarias nuevas,2015-11-01,0,0,1,0,0,1
GRAL. J.J. PEREZ (CHARAZANI),"anticoncepcion, prevencion de its y de cancer de cuello uterino",implante subdermico: usuarias nuevas,2015-11-01,0,1,5,3,0,9
GUANAY,"anticoncepcion, prevencion de its y de cancer de cuello uterino",implante subdermico: usuarias nuevas,2015-11-01,0,4,10,3,0,17
HUANUNI,"anticoncepcion, prevencion de its y de cancer de cuello uterino",implante subdermico: usuarias nuevas,2015-11-01,0,2,27,3,0,32
ICLA,"anticoncepcion, prevencion de its y de cancer de cuello uterino",implante subdermico: usuarias nuevas,2015-11-01,0,0,0,2,0,2
INCAHUASI,"anticoncepcion, prevencion de its y de cancer de cuello uterino",implante subdermico: usuarias nuevas,2015-11-01,0,2,11,0,0,13
INGAVI (HUMAITA),"anticoncepcion, prevencion de its y de cancer de cuello uterino",implante subdermico: usuarias nuevas,2015-11-01,0,0,7,0,0,7
LA GUARDIA,"anticoncepcion, prevencion de its y de cancer de cuello uterino",implante subdermico: usuarias nuevas,2015-11-01,0,1,3,1,0,5
LA PAZ,"anticoncepcion, prevencion de its y de cancer de cuello uterino",implante subdermico: usuarias nuevas,2015-11-01,0,40,192,24,0,256
LAS CARRERAS,"anticoncepcion, prevencion de its y de cancer de cuello uterino",implante subdermico: usuarias nuevas,2015-11-01,0,2,0,0,0,2
LICOMA PAMPA,"anticoncepcion, prevencion de its y de cancer de cuello uterino",implante subdermico: usuarias nuevas,2015-11-01,0,3,3,1,0,7
LLALLAGUA,"anticoncepcion, prevencion de its y de cancer de cuello uterino",implante subdermico: usuarias nuevas,2015-11-01,0,0,4,2,0,6
LORETO,"anticoncepcion, prevencion de its y de cancer de cuello uterino",implante subdermico: usuarias nuevas,2015-11-01,0,0,2,6,0,8
LURIBAY,"anticoncepcion, prevencion de its y de cancer de cuello uterino",implante subdermico: usuarias nuevas,2015-11-01,0,1,2,0,0,3
MACHACAMARCA,"anticoncepcion, prevencion de its y de cancer de cuello uterino",implante subdermico: usuarias nuevas,2015-11-01,0,0,1,0,0,1
MACHARETI,"anticoncepcion, prevencion de its y de cancer de cuello uterino",implante subdermico: usuarias nuevas,2015-11-01,0,0,5,0,0,5
MAGDALENA,"anticoncepcion, prevencion de its y de cancer de cuello uterino",implante subdermico: usuarias nuevas,2015-11-01,0,3,5,1,0,9
MAPIRI,"anticoncepcion, prevencion de its y de cancer de cuello uterino",implante subdermico: usuarias nuevas,2015-11-01,0,1,7,0,0,8
MIZQUE,"anticoncepcion, prevencion de its y de cancer de cuello uterino",implante subdermico: usuarias nuevas,2015-11-01,0,2,13,0,0,15
MONTEAGUDO,"anticoncepcion, prevencion de its y de cancer de cuello uterino",implante subdermico: usuarias nuevas,2015-11-01,0,0,2,0,0,2
ORURO,"anticoncepcion, prevencion de its y de cancer de cuello uterino",implante subdermico: usuarias nuevas,2015-11-01,1,6,64,11,0,82
PADILLA,"anticoncepcion, prevencion de its y de cancer de cuello uterino",implante subdermico: usuarias nuevas,2015-11-01,0,3,6,1,0,10
PALCA,"anticoncepcion, prevencion de its y de cancer de cuello uterino",implante subdermico: usuarias nuevas,2015-11-01,1,4,14,3,0,22
PALOS BLANCOS,"anticoncepcion, prevencion de its y de cancer de cuello uterino",implante subdermico: usuarias nuevas,2015-11-01,0,2,10,0,0,12
POCOATA,"anticoncepcion, prevencion de its y de cancer de cuello uterino",implante subdermico: usuarias nuevas,2015-11-01,0,0,1,0,0,1
POTOSI,"anticoncepcion, prevencion de its y de cancer de cuello uterino",implante subdermico: usuarias nuevas,2015-11-01,0,7,56,24,0,87
PRESTO,"anticoncepcion, prevencion de its y de cancer de cuello uterino",implante subdermico: usuarias nuevas,2015-11-01,0,1,1,2,0,4
PUCARANI,"anticoncepcion, prevencion de its y de cancer de cuello uterino",implante subdermico: usuarias nuevas,2015-11-01,0,1,0,0,0,1
PUERTO GONZALO MORENO,"anticoncepcion, prevencion de its y de cancer de cuello uterino",implante subdermico: usuarias nuevas,2015-11-01,1,0,2,0,0,3
PUERTO VILLARROEL,"anticoncepcion, prevencion de its y de cancer de cuello uterino",implante subdermico: usuarias nuevas,2015-11-01,0,0,6,0,0,6
PUNA,"anticoncepcion, prevencion de its y de cancer de cuello uterino",implante subdermico: usuarias nuevas,2015-11-01,0,1,8,1,0,10
QUILLACOLLO,"anticoncepcion, prevencion de its y de cancer de cuello uterino",implante subdermico: usuarias nuevas,2015-11-01,0,0,1,0,0,1
RIBERALTA,"anticoncepcion, prevencion de its y de cancer de cuello uterino",implante subdermico: usuarias nuevas,2015-11-01,1,11,25,1,0,38
SABAYA,"anticoncepcion, prevencion de its y de cancer de cuello uterino",implante subdermico: usuarias nuevas,2015-11-01,0,0,3,0,0,3
SACABA,"anticoncepcion, prevencion de its y de cancer de cuello uterino",implante subdermico: usuarias nuevas,2015-11-01,0,6,23,9,0,38
SALINAS DE GARCI MENDOZA,"anticoncepcion, prevencion de its y de cancer de cuello uterino",implante subdermico: usuarias nuevas,2015-11-01,0,0,2,0,0,2
SAN BUENA VENTURA,"anticoncepcion, prevencion de its y de cancer de cuello uterino",implante subdermico: usuarias nuevas,2015-11-01,0,1,15,4,0,20
SAN IGNACIO,"anticoncepcion, prevencion de its y de cancer de cuello uterino",implante subdermico: usuarias nuevas,2015-11-01,0,1,1,0,0,2
SAN LORENZO(TJA),"anticoncepcion, prevencion de its y de cancer de cuello uterino",implante subdermico: usuarias nuevas,2015-11-01,0,0,1,0,0,1
SAN LUCAS,"anticoncepcion, prevencion de its y de cancer de cuello uterino",implante subdermico: usuarias nuevas,2015-11-01,0,1,6,3,0,10
SAN PEDRO DE BUENA VISTA,"anticoncepcion, prevencion de its y de cancer de cuello uterino",implante subdermico: usuarias nuevas,2015-11-01,0,0,2,0,0,2
SANTA CRUZ DE LA SIERRA,"anticoncepcion, prevencion de its y de cancer de cuello uterino",implante subdermico: usuarias nuevas,2015-11-01,0,28,82,61,0,171
SANTIAGO DE MACHACA,"anticoncepcion, prevencion de its y de cancer de cuello uterino",implante subdermico: usuarias nuevas,2015-11-01,0,0,2,1,0,3
SICA SICA (VILLA AROMA),"anticoncepcion, prevencion de its y de cancer de cuello uterino",implante subdermico: usuarias nuevas,2015-11-01,0,1,5,0,0,6
SIPE SIPE,"anticoncepcion, prevencion de its y de cancer de cuello uterino",implante subdermico: usuarias nuevas,2015-11-01,0,1,2,0,0,3
SOPACHUY,"anticoncepcion, prevencion de its y de cancer de cuello uterino",implante subdermico: usuarias nuevas,2015-11-01,0,1,5,1,0,7
SORATA,"anticoncepcion, prevencion de its y de cancer de cuello uterino",implante subdermico: usuarias nuevas,2015-11-01,0,0,3,0,0,3
SUCRE,"anticoncepcion, prevencion de its y de cancer de cuello uterino",implante subdermico: usuarias nuevas,2015-11-01,2,37,143,21,0,203
TAPACARI,"anticoncepcion, prevencion de its y de cancer de cuello uterino",implante subdermico: usuarias nuevas,2015-11-01,0,1,10,1,0,12
TARABUCO,"anticoncepcion, prevencion de its y de cancer de cuello uterino",implante subdermico: usuarias nuevas,2015-11-01,0,2,6,1,0,9
TARVITA,"anticoncepcion, prevencion de its y de cancer de cuello uterino",implante subdermico: usuarias nuevas,2015-11-01,0,0,1,0,0,1
TIAWANACU,"anticoncepcion, prevencion de its y de cancer de cuello uterino",implante subdermico: usuarias nuevas,2015-11-01,0,1,2,1,0,4
TINGUIPAYA,"anticoncepcion, prevencion de its y de cancer de cuello uterino",implante subdermico: usuarias nuevas,2015-11-01,0,0,2,0,0,2
TIPUANI,"anticoncepcion, prevencion de its y de cancer de cuello uterino",implante subdermico: usuarias nuevas,2015-11-01,0,0,5,0,0,5
TIRAQUE (CBBA),"anticoncepcion, prevencion de its y de cancer de cuello uterino",implante subdermico: usuarias nuevas,2015-11-01,0,0,2,0,0,2
TOLEDO,"anticoncepcion, prevencion de its y de cancer de cuello uterino",implante subdermico: usuarias nuevas,2015-11-01,0,0,1,1,0,2
TOMINA,"anticoncepcion, prevencion de its y de cancer de cuello uterino",implante subdermico: usuarias nuevas,2015-11-01,0,0,3,0,0,3
TOTORA(CBBA),"anticoncepcion, prevencion de its y de cancer de cuello uterino",implante subdermico: usuarias nuevas,2015-11-01,0,0,5,2,0,7
TRINIDAD,"anticoncepcion, prevencion de its y de cancer de cuello uterino",implante subdermico: usuarias nuevas,2015-11-01,0,1,17,2,0,20
TUPIZA,"anticoncepcion, prevencion de its y de cancer de cuello uterino",implante subdermico: usuarias nuevas,2015-11-01,0,0,9,0,0,9
URIONDO (A. CONCEPCION),"anticoncepcion, prevencion de its y de cancer de cuello uterino",implante subdermico: usuarias nuevas,2015-11-01,0,5,0,0,0,5
UYUNI,"anticoncepcion, prevencion de its y de cancer de cuello uterino",implante subdermico: usuarias nuevas,2015-11-01,0,0,2,0,0,2
VILLA SERRANO,"anticoncepcion, prevencion de its y de cancer de cuello uterino",implante subdermico: usuarias nuevas,2015-11-01,0,0,6,0,0,6
VILLA TUNARI,"anticoncepcion, prevencion de its y de cancer de cuello uterino",implante subdermico: usuarias nuevas,2015-11-01,0,5,7,0,0,12
VILLA VACA GUZMAN (MUYUPAMPA),"anticoncepcion, prevencion de its y de cancer de cuello uterino",implante subdermico: usuarias nuevas,2015-11-01,0,2,6,0,0,8
VINTO,"anticoncepcion, prevencion de its y de cancer de cuello uterino",implante subdermico: usuarias nuevas,2015-11-01,0,1,6,0,0,7
VITICHI,"anticoncepcion, prevencion de its y de cancer de cuello uterino",implante subdermico: usuarias nuevas,2015-11-01,0,2,10,2,0,14
WARNES,"anticoncepcion, prevencion de its y de cancer de cuello uterino",implante subdermico: usuarias nuevas,2015-11-01,0,0,2,0,0,2
YANACACHI,"anticoncepcion, prevencion de its y de cancer de cuello uterino",implante subdermico: usuarias nuevas,2015-11-01,0,0,6,1,0,7
YOTALA,"anticoncepcion, prevencion de its y de cancer de cuello uterino",implante subdermico: usuarias nuevas,2015-11-01,0,0,1,0,0,1
ZUDAÑEZ,"anticoncepcion, prevencion de its y de cancer de cuello uterino",implante subdermico: usuarias nuevas,2015-11-01,0,1,1,0,0,2
ACHACACHI,"anticoncepcion, prevencion de its y de cancer de cuello uterino",implante subdermico: usuarias nuevas,2015-12-01,0,1,2,0,0,3
ACHOCALLA,"anticoncepcion, prevencion de its y de cancer de cuello uterino",implante subdermico: usuarias nuevas,2015-12-01,0,1,7,0,0,8
AIQUILE,"anticoncepcion, prevencion de its y de cancer de cuello uterino",implante subdermico: usuarias nuevas,2015-12-01,0,3,24,2,0,29
ALTO BENI,"anticoncepcion, prevencion de its y de cancer de cuello uterino",implante subdermico: usuarias nuevas,2015-12-01,0,0,4,1,0,5
ANDAMARCA,"anticoncepcion, prevencion de its y de cancer de cuello uterino",implante subdermico: usuarias nuevas,2015-12-01,0,0,1,0,0,1
ANTEQUERA,"anticoncepcion, prevencion de its y de cancer de cuello uterino",implante subdermico: usuarias nuevas,2015-12-01,0,0,11,3,0,14
APOLO,"anticoncepcion, prevencion de its y de cancer de cuello uterino",implante subdermico: usuarias nuevas,2015-12-01,0,0,7,2,0,9
ASCENCION DE GUARAYOS,"anticoncepcion, prevencion de its y de cancer de cuello uterino",implante subdermico: usuarias nuevas,2015-12-01,0,0,6,9,0,15
ATOCHA,"anticoncepcion, prevencion de its y de cancer de cuello uterino",implante subdermico: usuarias nuevas,2015-12-01,0,1,4,0,0,5
AYATA,"anticoncepcion, prevencion de its y de cancer de cuello uterino",implante subdermico: usuarias nuevas,2015-12-01,0,0,2,0,0,2
AYOPAYA (V. DE INDEPENDENCIA),"anticoncepcion, prevencion de its y de cancer de cuello uterino",implante subdermico: usuarias nuevas,2015-12-01,0,3,10,1,0,14
BAURES,"anticoncepcion, prevencion de its y de cancer de cuello uterino",implante subdermico: usuarias nuevas,2015-12-01,1,1,3,0,0,5
CAMARGO,"anticoncepcion, prevencion de its y de cancer de cuello uterino",implante subdermico: usuarias nuevas,2015-12-01,0,3,0,0,0,3
CAMATAQUI (C. VILLA ABECIA),"anticoncepcion, prevencion de its y de cancer de cuello uterino",implante subdermico: usuarias nuevas,2015-12-01,0,1,1,0,0,2
CAMIRI,"anticoncepcion, prevencion de its y de cancer de cuello uterino",implante subdermico: usuarias nuevas,2015-12-01,0,0,0,1,0,1
CAPINOTA,"anticoncepcion, prevencion de its y de cancer de cuello uterino",implante subdermico: usuarias nuevas,2015-12-01,0,1,7,2,0,10
CARACOLLO,"anticoncepcion, prevencion de its y de cancer de cuello uterino",implante subdermico: usuarias nuevas,2015-12-01,0,1,8,0,0,9
CHALLAPATA,"anticoncepcion, prevencion de its y de cancer de cuello uterino",implante subdermico: usuarias nuevas,2015-12-01,0,0,5,0,0,5
COBIJA,"anticoncepcion, prevencion de its y de cancer de cuello uterino",implante subdermico: usuarias nuevas,2015-12-01,0,5,7,0,0,12
COCAPATA,"anticoncepcion, prevencion de its y de cancer de cuello uterino",implante subdermico: usuarias nuevas,2015-12-01,0,0,0,1,0,1
COCHABAMBA,"anticoncepcion, prevencion de its y de cancer de cuello uterino",implante subdermico: usuarias nuevas,2015-12-01,0,26,211,23,0,260
COLOMI,"anticoncepcion, prevencion de its y de cancer de cuello uterino",implante subdermico: usuarias nuevas,2015-12-01,0,2,0,0,0,2
CORO CORO,"anticoncepcion, prevencion de its y de cancer de cuello uterino",implante subdermico: usuarias nuevas,2015-12-01,0,0,0,1,0,1
COTAGAITA,"anticoncepcion, prevencion de its y de cancer de cuello uterino",implante subdermico: usuarias nuevas,2015-12-01,0,0,2,0,0,2
CUCHUMUELA (V. G. VILLARROEL),"anticoncepcion, prevencion de its y de cancer de cuello uterino",implante subdermico: usuarias nuevas,2015-12-01,0,0,2,0,0,2
CULPINA,"anticoncepcion, prevencion de its y de cancer de cuello uterino",implante subdermico: usuarias nuevas,2015-12-01,0,1,4,0,0,5
CURVA,"anticoncepcion, prevencion de its y de cancer de cuello uterino",implante subdermico: usuarias nuevas,2015-12-01,0,0,1,0,0,1
EL ALTO,"anticoncepcion, prevencion de its y de cancer de cuello uterino",implante subdermico: usuarias nuevas,2015-12-01,0,27,223,73,0,323
EL CHORO,"anticoncepcion, prevencion de its y de cancer de cuello uterino",implante subdermico: usuarias nuevas,2015-12-01,0,0,1,0,0,1
ENTRE RIOS TRJ,"anticoncepcion, prevencion de its y de cancer de cuello uterino",implante subdermico: usuarias nuevas,2015-12-01,0,3,16,3,0,22
EUCALIPTUS,"anticoncepcion, prevencion de its y de cancer de cuello uterino",implante subdermico: usuarias nuevas,2015-12-01,0,0,4,1,0,5
EUREKA (SANTOS MERCADO),"anticoncepcion, prevencion de its y de cancer de cuello uterino",implante subdermico: usuarias nuevas,2015-12-01,0,1,1,0,0,2
FERNANDEZ ALONSO,"anticoncepcion, prevencion de its y de cancer de cuello uterino",implante subdermico: usuarias nuevas,2015-12-01,0,0,1,0,0,1
FILADELFIA,"anticoncepcion, prevencion de its y de cancer de cuello uterino",implante subdermico: usuarias nuevas,2015-12-01,0,0,3,0,0,3
GUANAY,"anticoncepcion, prevencion de its y de cancer de cuello uterino",implante subdermico: usuarias nuevas,2015-12-01,0,4,21,2,0,27
HUACARETA,"anticoncepcion, prevencion de its y de cancer de cuello uterino",implante subdermico: usuarias nuevas,2015-12-01,0,3,21,6,0,30
HUACAYA (VILLA DE HUACAYA),"anticoncepcion, prevencion de its y de cancer de cuello uterino",implante subdermico: usuarias nuevas,2015-12-01,0,1,4,1,0,6
HUANUNI,"anticoncepcion, prevencion de its y de cancer de cuello uterino",implante subdermico: usuarias nuevas,2015-12-01,0,3,20,3,0,26
HUARACAJE,"anticoncepcion, prevencion de its y de cancer de cuello uterino",implante subdermico: usuarias nuevas,2015-12-01,0,0,1,0,0,1
HUAYLLAMARCA,"anticoncepcion, prevencion de its y de cancer de cuello uterino",implante subdermico: usuarias nuevas,2015-12-01,0,1,0,0,0,1
ICLA,"anticoncepcion, prevencion de its y de cancer de cuello uterino",implante subdermico: usuarias nuevas,2015-12-01,0,0,1,1,0,2
INCAHUASI,"anticoncepcion, prevencion de its y de cancer de cuello uterino",implante subdermico: usuarias nuevas,2015-12-01,0,2,5,0,0,7
LA PAZ,"anticoncepcion, prevencion de its y de cancer de cuello uterino",implante subdermico: usuarias nuevas,2015-12-01,0,21,157,27,0,205
LAS CARRERAS,"anticoncepcion, prevencion de its y de cancer de cuello uterino",implante subdermico: usuarias nuevas,2015-12-01,0,0,4,1,0,5
LICOMA PAMPA,"anticoncepcion, prevencion de its y de cancer de cuello uterino",implante subdermico: usuarias nuevas,2015-12-01,0,0,2,2,0,4
LLALLAGUA,"anticoncepcion, prevencion de its y de cancer de cuello uterino",implante subdermico: usuarias nuevas,2015-12-01,0,1,23,2,0,26
MACHACAMARCA,"anticoncepcion, prevencion de its y de cancer de cuello uterino",implante subdermico: usuarias nuevas,2015-12-01,0,1,3,2,0,6
MACHARETI,"anticoncepcion, prevencion de its y de cancer de cuello uterino",implante subdermico: usuarias nuevas,2015-12-01,0,0,5,0,0,5
MAGDALENA,"anticoncepcion, prevencion de its y de cancer de cuello uterino",implante subdermico: usuarias nuevas,2015-12-01,0,2,1,0,0,3
MAPIRI,"anticoncepcion, prevencion de its y de cancer de cuello uterino",implante subdermico: usuarias nuevas,2015-12-01,0,0,1,0,0,1
MIZQUE,"anticoncepcion, prevencion de its y de cancer de cuello uterino",implante subdermico: usuarias nuevas,2015-12-01,0,1,1,0,0,2
MOCOMOCO,"anticoncepcion, prevencion de its y de cancer de cuello uterino",implante subdermico: usuarias nuevas,2015-12-01,0,0,1,0,0,1
MONTEAGUDO,"anticoncepcion, prevencion de its y de cancer de cuello uterino",implante subdermico: usuarias nuevas,2015-12-01,0,2,5,1,0,8
ORURO,"anticoncepcion, prevencion de its y de cancer de cuello uterino",implante subdermico: usuarias nuevas,2015-12-01,0,8,96,15,0,119
PADILLA,"anticoncepcion, prevencion de its y de cancer de cuello uterino",implante subdermico: usuarias nuevas,2015-12-01,0,1,4,1,0,6
PALCA,"anticoncepcion, prevencion de its y de cancer de cuello uterino",implante subdermico: usuarias nuevas,2015-12-01,0,0,2,0,0,2
PALOS BLANCOS,"anticoncepcion, prevencion de its y de cancer de cuello uterino",implante subdermico: usuarias nuevas,2015-12-01,0,1,9,1,0,11
PAZÑA,"anticoncepcion, prevencion de its y de cancer de cuello uterino",implante subdermico: usuarias nuevas,2015-12-01,0,0,4,1,0,5
POCOATA,"anticoncepcion, prevencion de its y de cancer de cuello uterino",implante subdermico: usuarias nuevas,2015-12-01,0,0,1,1,0,2
POROMA,"anticoncepcion, prevencion de its y de cancer de cuello uterino",implante subdermico: usuarias nuevas,2015-12-01,0,0,0,3,0,3
PORTACHUELO,"anticoncepcion, prevencion de its y de cancer de cuello uterino",implante subdermico: usuarias nuevas,2015-12-01,0,1,1,0,0,2
PORVENIR,"anticoncepcion, prevencion de its y de cancer de cuello uterino",implante subdermico: usuarias nuevas,2015-12-01,0,0,2,0,0,2
POTOSI,"anticoncepcion, prevencion de its y de cancer de cuello uterino",implante subdermico: usuarias nuevas,2015-12-01,0,9,103,9,0,121
PRESTO,"anticoncepcion, prevencion de its y de cancer de cuello uterino",implante subdermico: usuarias nuevas,2015-12-01,0,0,5,3,0,8
PUCARANI,"anticoncepcion, prevencion de its y de cancer de cuello uterino",implante subdermico: usuarias nuevas,2015-12-01,0,0,9,1,0,10
PUERTO GONZALO MORENO,"anticoncepcion, prevencion de its y de cancer de cuello uterino",implante subdermico: usuarias nuevas,2015-12-01,0,0,1,0,0,1
PUNA,"anticoncepcion, prevencion de its y de cancer de cuello uterino",implante subdermico: usuarias nuevas,2015-12-01,0,0,7,0,0,7
QUILLACOLLO,"anticoncepcion, prevencion de its y de cancer de cuello uterino",implante subdermico: usuarias nuevas,2015-12-01,0,2,14,0,0,16
RIBERALTA,"anticoncepcion, prevencion de its y de cancer de cuello uterino",implante subdermico: usuarias nuevas,2015-12-01,1,16,42,8,0,67
ROBORE,"anticoncepcion, prevencion de its y de cancer de cuello uterino",implante subdermico: usuarias nuevas,2015-12-01,0,1,0,0,0,1
RURRENABAQUE,"anticoncepcion, prevencion de its y de cancer de cuello uterino",implante subdermico: usuarias nuevas,2015-12-01,0,4,20,1,0,25
SABAYA,"anticoncepcion, prevencion de its y de cancer de cuello uterino",implante subdermico: usuarias nuevas,2015-12-01,0,0,2,0,0,2
SACABA,"anticoncepcion, prevencion de its y de cancer de cuello uterino",implante subdermico: usuarias nuevas,2015-12-01,0,3,36,3,0,42
SALINAS DE GARCI MENDOZA,"anticoncepcion, prevencion de its y de cancer de cuello uterino",implante subdermico: usuarias nuevas,2015-12-01,0,0,1,0,0,1
SAN ANDRES,"anticoncepcion, prevencion de its y de cancer de cuello uterino",implante subdermico: usuarias nuevas,2015-12-01,2,14,38,8,0,62
SAN BORJA,"anticoncepcion, prevencion de its y de cancer de cuello uterino",implante subdermico: usuarias nuevas,2015-12-01,0,4,0,0,0,4
SAN BUENA VENTURA,"anticoncepcion, prevencion de its y de cancer de cuello uterino",implante subdermico: usuarias nuevas,2015-12-01,0,1,2,1,0,4
SAN CARLOS,"anticoncepcion, prevencion de its y de cancer de cuello uterino",implante subdermico: usuarias nuevas,2015-12-01,2,17,100,11,0,130
SAN IGNACIO,"anticoncepcion, prevencion de its y de cancer de cuello uterino",implante subdermico: usuarias nuevas,2015-12-01,0,1,4,1,0,6
SAN JULIAN,"anticoncepcion, prevencion de its y de cancer de cuello uterino",implante subdermico: usuarias nuevas,2015-12-01,0,2,2,0,0,4
SAN LUCAS,"anticoncepcion, prevencion de its y de cancer de cuello uterino",implante subdermico: usuarias nuevas,2015-12-01,0,0,1,0,0,1
SAN PEDRO DE BUENA VISTA,"anticoncepcion, prevencion de its y de cancer de cuello uterino",implante subdermico: usuarias nuevas,2015-12-01,0,3,0,0,0,3
SANTA CRUZ DE LA SIERRA,"anticoncepcion, prevencion de its y de cancer de cuello uterino",implante subdermico: usuarias nuevas,2015-12-01,0,39,92,13,0,144
SANTIAGO DE HUARI,"anticoncepcion, prevencion de its y de cancer de cuello uterino",implante subdermico: usuarias nuevas,2015-12-01,0,0,1,1,0,2
SANTIAGO DE MACHACA,"anticoncepcion, prevencion de its y de cancer de cuello uterino",implante subdermico: usuarias nuevas,2015-12-01,0,0,1,1,0,2
SHINAOTA,"anticoncepcion, prevencion de its y de cancer de cuello uterino",implante subdermico: usuarias nuevas,2015-12-01,0,2,0,0,0,2
SICA SICA (VILLA AROMA),"anticoncepcion, prevencion de its y de cancer de cuello uterino",implante subdermico: usuarias nuevas,2015-12-01,0,0,3,0,0,3
SOPACHUY,"anticoncepcion, prevencion de its y de cancer de cuello uterino",implante subdermico: usuarias nuevas,2015-12-01,0,0,3,1,0,4
SORACACHI,"anticoncepcion, prevencion de its y de cancer de cuello uterino",implante subdermico: usuarias nuevas,2015-12-01,0,1,3,0,0,4
SUCRE,"anticoncepcion, prevencion de its y de cancer de cuello uterino",implante subdermico: usuarias nuevas,2015-12-01,1,33,169,41,0,244
TAPACARI,"anticoncepcion, prevencion de its y de cancer de cuello uterino",implante subdermico: usuarias nuevas,2015-12-01,0,0,5,1,0,6
TARABUCO,"anticoncepcion, prevencion de its y de cancer de cuello uterino",implante subdermico: usuarias nuevas,2015-12-01,0,1,4,0,0,5
TEOPONTE,"anticoncepcion, prevencion de its y de cancer de cuello uterino",implante subdermico: usuarias nuevas,2015-12-01,0,3,3,0,0,6
TIAWANACU,"anticoncepcion, prevencion de its y de cancer de cuello uterino",implante subdermico: usuarias nuevas,2015-12-01,0,0,1,0,0,1
TINGUIPAYA,"anticoncepcion, prevencion de its y de cancer de cuello uterino",implante subdermico: usuarias nuevas,2015-12-01,0,0,3,1,0,4
TIPUANI,"anticoncepcion, prevencion de its y de cancer de cuello uterino",implante subdermico: usuarias nuevas,2015-12-01,0,1,5,1,0,7
TIRAQUE (CBBA),"anticoncepcion, prevencion de its y de cancer de cuello uterino",implante subdermico: usuarias nuevas,2015-12-01,0,2,4,0,0,6
TOLATA,"anticoncepcion, prevencion de its y de cancer de cuello uterino",implante subdermico: usuarias nuevas,2015-12-01,0,1,11,1,0,13
TOLEDO,"anticoncepcion, prevencion de its y de cancer de cuello uterino",implante subdermico: usuarias nuevas,2015-12-01,0,2,12,0,0,14
TOMINA,"anticoncepcion, prevencion de its y de cancer de cuello uterino",implante subdermico: usuarias nuevas,2015-12-01,0,2,6,2,0,10
TOTORA(CBBA),"anticoncepcion, prevencion de its y de cancer de cuello uterino",implante subdermico: usuarias nuevas,2015-12-01,0,0,1,2,0,3
TRINIDAD,"anticoncepcion, prevencion de its y de cancer de cuello uterino",implante subdermico: usuarias nuevas,2015-12-01,0,11,47,0,0,58
TUPIZA,"anticoncepcion, prevencion de its y de cancer de cuello uterino",implante subdermico: usuarias nuevas,2015-12-01,0,1,9,0,0,10
URIONDO (A. CONCEPCION),"anticoncepcion, prevencion de its y de cancer de cuello uterino",implante subdermico: usuarias nuevas,2015-12-01,1,1,1,0,0,3
UYUNI,"anticoncepcion, prevencion de its y de cancer de cuello uterino",implante subdermico: usuarias nuevas,2015-12-01,0,0,1,0,0,1
VILLA NUEVA (LOMA ALTA),"anticoncepcion, prevencion de its y de cancer de cuello uterino",implante subdermico: usuarias nuevas,2015-12-01,0,0,10,0,0,10
VILLA SERRANO,"anticoncepcion, prevencion de its y de cancer de cuello uterino",implante subdermico: usuarias nuevas,2015-12-01,0,1,4,2,0,7
VILLA TUNARI,"anticoncepcion, prevencion de its y de cancer de cuello uterino",implante subdermico: usuarias nuevas,2015-12-01,0,5,22,3,0,30
VILLA VACA GUZMAN (MUYUPAMPA),"anticoncepcion, prevencion de its y de cancer de cuello uterino",implante subdermico: usuarias nuevas,2015-12-01,0,1,13,2,0,16
VINTO,"anticoncepcion, prevencion de its y de cancer de cuello uterino",implante subdermico: usuarias nuevas,2015-12-01,1,0,6,0,0,7
VITICHI,"anticoncepcion, prevencion de its y de cancer de cuello uterino",implante subdermico: usuarias nuevas,2015-12-01,0,0,5,0,0,5
WARNES,"anticoncepcion, prevencion de its y de cancer de cuello uterino",implante subdermico: usuarias nuevas,2015-12-01,0,0,3,0,0,3
YANACACHI,"anticoncepcion, prevencion de its y de cancer de cuello uterino",implante subdermico: usuarias nuevas,2015-12-01,0,0,2,0,0,2
YAPACANI,"anticoncepcion, prevencion de its y de cancer de cuello uterino",implante subdermico: usuarias nuevas,2015-12-01,0,5,4,0,0,9
YOTALA,"anticoncepcion, prevencion de its y de cancer de cuello uterino",implante subdermico: usuarias nuevas,2015-12-01,0,1,3,0,0,4
ZUDAÑEZ,"anticoncepcion, prevencion de its y de cancer de cuello uterino",implante subdermico: usuarias nuevas,2015-12-01,0,0,1,0,0,1
