municipality,group,variable,month,Implante subdérmico: Usuarias Continuas,Implante subdérmico: Usuarias Continuas1,Implante subdérmico: Usuarias Continuas2,Implante subdérmico: Usuarias Continuas3,Implante subdérmico: Usuarias Continuas4,TOTAL
ALTO BENI,"anticoncepcion, prevencion de its y de cancer de cuello uterino",implante subdermico: usuarias continuas,2015-01-01,0,0,0,1,0,1
ASCENCION DE GUARAYOS,"anticoncepcion, prevencion de its y de cancer de cuello uterino",implante subdermico: usuarias continuas,2015-01-01,0,0,1,0,0,1
CAPINOTA,"anticoncepcion, prevencion de its y de cancer de cuello uterino",implante subdermico: usuarias continuas,2015-01-01,0,0,5,1,0,6
COBIJA,"anticoncepcion, prevencion de its y de cancer de cuello uterino",implante subdermico: usuarias continuas,2015-01-01,0,8,9,0,0,17
COCHABAMBA,"anticoncepcion, prevencion de its y de cancer de cuello uterino",implante subdermico: usuarias continuas,2015-01-01,0,2,8,1,0,11
COLCAPIRHUA,"anticoncepcion, prevencion de its y de cancer de cuello uterino",implante subdermico: usuarias continuas,2015-01-01,0,0,1,0,0,1
EL ALTO,"anticoncepcion, prevencion de its y de cancer de cuello uterino",implante subdermico: usuarias continuas,2015-01-01,0,2,23,14,0,39
EL TORNO,"anticoncepcion, prevencion de its y de cancer de cuello uterino",implante subdermico: usuarias continuas,2015-01-01,1,0,0,0,0,1
INGAVI (HUMAITA),"anticoncepcion, prevencion de its y de cancer de cuello uterino",implante subdermico: usuarias continuas,2015-01-01,0,0,2,0,0,2
LA PAZ,"anticoncepcion, prevencion de its y de cancer de cuello uterino",implante subdermico: usuarias continuas,2015-01-01,0,8,25,10,0,43
MIZQUE,"anticoncepcion, prevencion de its y de cancer de cuello uterino",implante subdermico: usuarias continuas,2015-01-01,0,0,1,0,0,1
MONTEAGUDO,"anticoncepcion, prevencion de its y de cancer de cuello uterino",implante subdermico: usuarias continuas,2015-01-01,0,0,1,0,0,1
ORURO,"anticoncepcion, prevencion de its y de cancer de cuello uterino",implante subdermico: usuarias continuas,2015-01-01,0,2,7,0,0,9
PALCA,"anticoncepcion, prevencion de its y de cancer de cuello uterino",implante subdermico: usuarias continuas,2015-01-01,0,0,0,3,0,3
POTOSI,"anticoncepcion, prevencion de its y de cancer de cuello uterino",implante subdermico: usuarias continuas,2015-01-01,0,2,27,4,0,33
PUERTO GONZALO MORENO,"anticoncepcion, prevencion de its y de cancer de cuello uterino",implante subdermico: usuarias continuas,2015-01-01,0,0,1,0,0,1
PUERTO RICO,"anticoncepcion, prevencion de its y de cancer de cuello uterino",implante subdermico: usuarias continuas,2015-01-01,0,0,2,0,0,2
RIBERALTA,"anticoncepcion, prevencion de its y de cancer de cuello uterino",implante subdermico: usuarias continuas,2015-01-01,0,0,1,0,0,1
RURRENABAQUE,"anticoncepcion, prevencion de its y de cancer de cuello uterino",implante subdermico: usuarias continuas,2015-01-01,0,0,1,0,0,1
SACABA,"anticoncepcion, prevencion de its y de cancer de cuello uterino",implante subdermico: usuarias continuas,2015-01-01,0,0,1,0,0,1
SAN JULIAN,"anticoncepcion, prevencion de its y de cancer de cuello uterino",implante subdermico: usuarias continuas,2015-01-01,0,0,2,0,0,2
SAN LORENZO(TJA),"anticoncepcion, prevencion de its y de cancer de cuello uterino",implante subdermico: usuarias continuas,2015-01-01,0,1,2,0,0,3
SANTA CRUZ DE LA SIERRA,"anticoncepcion, prevencion de its y de cancer de cuello uterino",implante subdermico: usuarias continuas,2015-01-01,0,1,6,0,0,7
SUCRE,"anticoncepcion, prevencion de its y de cancer de cuello uterino",implante subdermico: usuarias continuas,2015-01-01,0,2,42,3,0,47
TARIJA,"anticoncepcion, prevencion de its y de cancer de cuello uterino",implante subdermico: usuarias continuas,2015-01-01,0,0,8,1,0,9
TRINIDAD,"anticoncepcion, prevencion de its y de cancer de cuello uterino",implante subdermico: usuarias continuas,2015-01-01,0,4,6,3,0,13
VINTO,"anticoncepcion, prevencion de its y de cancer de cuello uterino",implante subdermico: usuarias continuas,2015-01-01,0,0,1,0,0,1
YOTALA,"anticoncepcion, prevencion de its y de cancer de cuello uterino",implante subdermico: usuarias continuas,2015-01-01,0,0,1,0,0,1
ALTO BENI,"anticoncepcion, prevencion de its y de cancer de cuello uterino",implante subdermico: usuarias continuas,2015-02-01,0,0,1,0,0,1
CAPINOTA,"anticoncepcion, prevencion de its y de cancer de cuello uterino",implante subdermico: usuarias continuas,2015-02-01,0,1,3,2,0,6
CARIPUYO,"anticoncepcion, prevencion de its y de cancer de cuello uterino",implante subdermico: usuarias continuas,2015-02-01,0,1,3,1,0,5
COBIJA,"anticoncepcion, prevencion de its y de cancer de cuello uterino",implante subdermico: usuarias continuas,2015-02-01,0,0,6,0,0,6
COCHABAMBA,"anticoncepcion, prevencion de its y de cancer de cuello uterino",implante subdermico: usuarias continuas,2015-02-01,0,0,9,1,0,10
COLOMI,"anticoncepcion, prevencion de its y de cancer de cuello uterino",implante subdermico: usuarias continuas,2015-02-01,0,0,1,0,0,1
EL ALTO,"anticoncepcion, prevencion de its y de cancer de cuello uterino",implante subdermico: usuarias continuas,2015-02-01,0,6,38,28,0,72
EL TORNO,"anticoncepcion, prevencion de its y de cancer de cuello uterino",implante subdermico: usuarias continuas,2015-02-01,0,1,2,3,0,6
ENTRE RIOS TRJ,"anticoncepcion, prevencion de its y de cancer de cuello uterino",implante subdermico: usuarias continuas,2015-02-01,0,1,4,0,0,5
INGAVI (HUMAITA),"anticoncepcion, prevencion de its y de cancer de cuello uterino",implante subdermico: usuarias continuas,2015-02-01,0,3,6,1,0,10
LA PAZ,"anticoncepcion, prevencion de its y de cancer de cuello uterino",implante subdermico: usuarias continuas,2015-02-01,0,4,25,1,0,30
MAPIRI,"anticoncepcion, prevencion de its y de cancer de cuello uterino",implante subdermico: usuarias continuas,2015-02-01,0,0,1,0,0,1
MONTEAGUDO,"anticoncepcion, prevencion de its y de cancer de cuello uterino",implante subdermico: usuarias continuas,2015-02-01,0,0,2,1,0,3
ORURO,"anticoncepcion, prevencion de its y de cancer de cuello uterino",implante subdermico: usuarias continuas,2015-02-01,0,1,8,1,0,10
PAILON,"anticoncepcion, prevencion de its y de cancer de cuello uterino",implante subdermico: usuarias continuas,2015-02-01,0,1,0,0,0,1
PORVENIR,"anticoncepcion, prevencion de its y de cancer de cuello uterino",implante subdermico: usuarias continuas,2015-02-01,0,0,1,0,0,1
POTOSI,"anticoncepcion, prevencion de its y de cancer de cuello uterino",implante subdermico: usuarias continuas,2015-02-01,0,1,26,1,0,28
PUERTO RICO,"anticoncepcion, prevencion de its y de cancer de cuello uterino",implante subdermico: usuarias continuas,2015-02-01,0,0,2,0,0,2
RIBERALTA,"anticoncepcion, prevencion de its y de cancer de cuello uterino",implante subdermico: usuarias continuas,2015-02-01,0,1,2,1,0,4
SABAYA,"anticoncepcion, prevencion de its y de cancer de cuello uterino",implante subdermico: usuarias continuas,2015-02-01,0,0,1,0,0,1
SACABA,"anticoncepcion, prevencion de its y de cancer de cuello uterino",implante subdermico: usuarias continuas,2015-02-01,0,0,4,0,0,4
SAN CARLOS,"anticoncepcion, prevencion de its y de cancer de cuello uterino",implante subdermico: usuarias continuas,2015-02-01,0,0,4,0,0,4
SAN LORENZO(TJA),"anticoncepcion, prevencion de its y de cancer de cuello uterino",implante subdermico: usuarias continuas,2015-02-01,0,0,4,1,0,5
SAN RAFAEL,"anticoncepcion, prevencion de its y de cancer de cuello uterino",implante subdermico: usuarias continuas,2015-02-01,0,0,0,1,0,1
SANTA CRUZ DE LA SIERRA,"anticoncepcion, prevencion de its y de cancer de cuello uterino",implante subdermico: usuarias continuas,2015-02-01,0,1,0,0,0,1
SUCRE,"anticoncepcion, prevencion de its y de cancer de cuello uterino",implante subdermico: usuarias continuas,2015-02-01,0,0,5,3,0,8
TARIJA,"anticoncepcion, prevencion de its y de cancer de cuello uterino",implante subdermico: usuarias continuas,2015-02-01,0,0,2,1,0,3
TRINIDAD,"anticoncepcion, prevencion de its y de cancer de cuello uterino",implante subdermico: usuarias continuas,2015-02-01,0,1,5,1,0,7
VIACHA,"anticoncepcion, prevencion de its y de cancer de cuello uterino",implante subdermico: usuarias continuas,2015-02-01,0,0,0,1,0,1
VILLA VACA GUZMAN (MUYUPAMPA),"anticoncepcion, prevencion de its y de cancer de cuello uterino",implante subdermico: usuarias continuas,2015-02-01,0,0,4,2,0,6
YAPACANI,"anticoncepcion, prevencion de its y de cancer de cuello uterino",implante subdermico: usuarias continuas,2015-02-01,0,1,0,0,0,1
ALTO BENI,"anticoncepcion, prevencion de its y de cancer de cuello uterino",implante subdermico: usuarias continuas,2015-03-01,0,0,1,1,0,2
AYOPAYA (V. DE INDEPENDENCIA),"anticoncepcion, prevencion de its y de cancer de cuello uterino",implante subdermico: usuarias continuas,2015-03-01,0,0,2,0,0,2
BATALLAS,"anticoncepcion, prevencion de its y de cancer de cuello uterino",implante subdermico: usuarias continuas,2015-03-01,0,0,1,0,0,1
CAPINOTA,"anticoncepcion, prevencion de its y de cancer de cuello uterino",implante subdermico: usuarias continuas,2015-03-01,0,2,2,0,0,4
COBIJA,"anticoncepcion, prevencion de its y de cancer de cuello uterino",implante subdermico: usuarias continuas,2015-03-01,0,1,9,0,0,10
COCHABAMBA,"anticoncepcion, prevencion de its y de cancer de cuello uterino",implante subdermico: usuarias continuas,2015-03-01,0,2,5,1,0,8
COLCAPIRHUA,"anticoncepcion, prevencion de its y de cancer de cuello uterino",implante subdermico: usuarias continuas,2015-03-01,0,0,3,2,0,5
EL ALTO,"anticoncepcion, prevencion de its y de cancer de cuello uterino",implante subdermico: usuarias continuas,2015-03-01,0,3,20,13,0,36
EL TORNO,"anticoncepcion, prevencion de its y de cancer de cuello uterino",implante subdermico: usuarias continuas,2015-03-01,2,8,10,0,0,20
GUTIERREZ,"anticoncepcion, prevencion de its y de cancer de cuello uterino",implante subdermico: usuarias continuas,2015-03-01,0,0,0,1,0,1
HUANUNI,"anticoncepcion, prevencion de its y de cancer de cuello uterino",implante subdermico: usuarias continuas,2015-03-01,0,0,1,0,0,1
INCAHUASI,"anticoncepcion, prevencion de its y de cancer de cuello uterino",implante subdermico: usuarias continuas,2015-03-01,0,0,1,1,0,2
LA PAZ,"anticoncepcion, prevencion de its y de cancer de cuello uterino",implante subdermico: usuarias continuas,2015-03-01,0,7,34,5,1,47
MIZQUE,"anticoncepcion, prevencion de its y de cancer de cuello uterino",implante subdermico: usuarias continuas,2015-03-01,0,0,1,0,0,1
MONTEAGUDO,"anticoncepcion, prevencion de its y de cancer de cuello uterino",implante subdermico: usuarias continuas,2015-03-01,0,0,2,2,0,4
ORURO,"anticoncepcion, prevencion de its y de cancer de cuello uterino",implante subdermico: usuarias continuas,2015-03-01,0,0,23,2,0,25
POTOSI,"anticoncepcion, prevencion de its y de cancer de cuello uterino",implante subdermico: usuarias continuas,2015-03-01,0,1,26,4,0,31
PUERTO GONZALO MORENO,"anticoncepcion, prevencion de its y de cancer de cuello uterino",implante subdermico: usuarias continuas,2015-03-01,0,1,12,1,0,14
RIBERALTA,"anticoncepcion, prevencion de its y de cancer de cuello uterino",implante subdermico: usuarias continuas,2015-03-01,0,0,1,0,0,1
SACABA,"anticoncepcion, prevencion de its y de cancer de cuello uterino",implante subdermico: usuarias continuas,2015-03-01,0,1,1,1,0,3
SAN IGNACIO,"anticoncepcion, prevencion de its y de cancer de cuello uterino",implante subdermico: usuarias continuas,2015-03-01,0,2,1,0,0,3
SAN RAFAEL,"anticoncepcion, prevencion de its y de cancer de cuello uterino",implante subdermico: usuarias continuas,2015-03-01,0,0,1,0,0,1
SANTA ANA,"anticoncepcion, prevencion de its y de cancer de cuello uterino",implante subdermico: usuarias continuas,2015-03-01,0,6,0,0,0,6
SANTA CRUZ DE LA SIERRA,"anticoncepcion, prevencion de its y de cancer de cuello uterino",implante subdermico: usuarias continuas,2015-03-01,0,1,90,58,0,149
TARIJA,"anticoncepcion, prevencion de its y de cancer de cuello uterino",implante subdermico: usuarias continuas,2015-03-01,0,0,10,3,0,13
TRINIDAD,"anticoncepcion, prevencion de its y de cancer de cuello uterino",implante subdermico: usuarias continuas,2015-03-01,0,1,2,0,0,3
TURCO,"anticoncepcion, prevencion de its y de cancer de cuello uterino",implante subdermico: usuarias continuas,2015-03-01,0,0,0,1,0,1
URIONDO (A. CONCEPCION),"anticoncepcion, prevencion de its y de cancer de cuello uterino",implante subdermico: usuarias continuas,2015-03-01,0,2,9,0,0,11
VILLA NUEVA (LOMA ALTA),"anticoncepcion, prevencion de its y de cancer de cuello uterino",implante subdermico: usuarias continuas,2015-03-01,0,0,1,0,0,1
YAPACANI,"anticoncepcion, prevencion de its y de cancer de cuello uterino",implante subdermico: usuarias continuas,2015-03-01,0,5,8,0,0,13
ALTO BENI,"anticoncepcion, prevencion de its y de cancer de cuello uterino",implante subdermico: usuarias continuas,2015-04-01,0,0,1,0,0,1
APOLO,"anticoncepcion, prevencion de its y de cancer de cuello uterino",implante subdermico: usuarias continuas,2015-04-01,0,0,0,1,0,1
CAPINOTA,"anticoncepcion, prevencion de its y de cancer de cuello uterino",implante subdermico: usuarias continuas,2015-04-01,0,0,2,0,0,2
CLIZA,"anticoncepcion, prevencion de its y de cancer de cuello uterino",implante subdermico: usuarias continuas,2015-04-01,0,0,1,0,0,1
COBIJA,"anticoncepcion, prevencion de its y de cancer de cuello uterino",implante subdermico: usuarias continuas,2015-04-01,0,7,14,0,0,21
COCHABAMBA,"anticoncepcion, prevencion de its y de cancer de cuello uterino",implante subdermico: usuarias continuas,2015-04-01,0,3,8,3,0,14
COLOMI,"anticoncepcion, prevencion de its y de cancer de cuello uterino",implante subdermico: usuarias continuas,2015-04-01,0,0,1,0,0,1
CUEVO,"anticoncepcion, prevencion de its y de cancer de cuello uterino",implante subdermico: usuarias continuas,2015-04-01,0,2,1,0,0,3
EL ALTO,"anticoncepcion, prevencion de its y de cancer de cuello uterino",implante subdermico: usuarias continuas,2015-04-01,0,5,25,27,0,57
ICLA,"anticoncepcion, prevencion de its y de cancer de cuello uterino",implante subdermico: usuarias continuas,2015-04-01,0,0,1,0,0,1
LA PAZ,"anticoncepcion, prevencion de its y de cancer de cuello uterino",implante subdermico: usuarias continuas,2015-04-01,0,4,21,4,0,29
MIZQUE,"anticoncepcion, prevencion de its y de cancer de cuello uterino",implante subdermico: usuarias continuas,2015-04-01,0,1,1,0,0,2
MONTEAGUDO,"anticoncepcion, prevencion de its y de cancer de cuello uterino",implante subdermico: usuarias continuas,2015-04-01,0,2,7,2,0,11
MONTERO,"anticoncepcion, prevencion de its y de cancer de cuello uterino",implante subdermico: usuarias continuas,2015-04-01,2,2,3,1,0,8
ORURO,"anticoncepcion, prevencion de its y de cancer de cuello uterino",implante subdermico: usuarias continuas,2015-04-01,0,7,38,4,0,49
POTOSI,"anticoncepcion, prevencion de its y de cancer de cuello uterino",implante subdermico: usuarias continuas,2015-04-01,0,1,12,0,0,13
PUERTO GONZALO MORENO,"anticoncepcion, prevencion de its y de cancer de cuello uterino",implante subdermico: usuarias continuas,2015-04-01,0,0,8,1,0,9
PUERTO RICO,"anticoncepcion, prevencion de its y de cancer de cuello uterino",implante subdermico: usuarias continuas,2015-04-01,0,0,1,0,0,1
SACABA,"anticoncepcion, prevencion de its y de cancer de cuello uterino",implante subdermico: usuarias continuas,2015-04-01,0,1,3,1,0,5
SAN IGNACIO,"anticoncepcion, prevencion de its y de cancer de cuello uterino",implante subdermico: usuarias continuas,2015-04-01,0,0,1,0,0,1
SUCRE,"anticoncepcion, prevencion de its y de cancer de cuello uterino",implante subdermico: usuarias continuas,2015-04-01,0,7,38,6,0,51
TARIJA,"anticoncepcion, prevencion de its y de cancer de cuello uterino",implante subdermico: usuarias continuas,2015-04-01,0,0,2,2,0,4
TIAWANACU,"anticoncepcion, prevencion de its y de cancer de cuello uterino",implante subdermico: usuarias continuas,2015-04-01,0,1,1,0,0,2
TRINIDAD,"anticoncepcion, prevencion de its y de cancer de cuello uterino",implante subdermico: usuarias continuas,2015-04-01,0,0,3,0,0,3
TUPIZA,"anticoncepcion, prevencion de its y de cancer de cuello uterino",implante subdermico: usuarias continuas,2015-04-01,0,0,9,2,0,11
TURCO,"anticoncepcion, prevencion de its y de cancer de cuello uterino",implante subdermico: usuarias continuas,2015-04-01,0,0,2,0,0,2
URIONDO (A. CONCEPCION),"anticoncepcion, prevencion de its y de cancer de cuello uterino",implante subdermico: usuarias continuas,2015-04-01,1,1,11,0,0,13
VIACHA,"anticoncepcion, prevencion de its y de cancer de cuello uterino",implante subdermico: usuarias continuas,2015-04-01,0,0,0,1,0,1
VILLA SERRANO,"anticoncepcion, prevencion de its y de cancer de cuello uterino",implante subdermico: usuarias continuas,2015-04-01,0,1,0,0,0,1
VINTO,"anticoncepcion, prevencion de its y de cancer de cuello uterino",implante subdermico: usuarias continuas,2015-04-01,0,0,2,0,0,2
ACACIO,"anticoncepcion, prevencion de its y de cancer de cuello uterino",implante subdermico: usuarias continuas,2015-05-01,0,0,3,1,0,4
AIQUILE,"anticoncepcion, prevencion de its y de cancer de cuello uterino",implante subdermico: usuarias continuas,2015-05-01,0,0,1,2,0,3
ALTO BENI,"anticoncepcion, prevencion de its y de cancer de cuello uterino",implante subdermico: usuarias continuas,2015-05-01,0,0,2,0,0,2
AYOPAYA (V. DE INDEPENDENCIA),"anticoncepcion, prevencion de its y de cancer de cuello uterino",implante subdermico: usuarias continuas,2015-05-01,0,1,4,1,0,6
CAMATAQUI (C. VILLA ABECIA),"anticoncepcion, prevencion de its y de cancer de cuello uterino",implante subdermico: usuarias continuas,2015-05-01,0,0,3,3,0,6
CAPINOTA,"anticoncepcion, prevencion de its y de cancer de cuello uterino",implante subdermico: usuarias continuas,2015-05-01,0,0,3,1,0,4
CARIPUYO,"anticoncepcion, prevencion de its y de cancer de cuello uterino",implante subdermico: usuarias continuas,2015-05-01,0,0,5,0,0,5
COBIJA,"anticoncepcion, prevencion de its y de cancer de cuello uterino",implante subdermico: usuarias continuas,2015-05-01,0,5,11,1,0,17
COCHABAMBA,"anticoncepcion, prevencion de its y de cancer de cuello uterino",implante subdermico: usuarias continuas,2015-05-01,0,0,3,0,0,3
COLCAPIRHUA,"anticoncepcion, prevencion de its y de cancer de cuello uterino",implante subdermico: usuarias continuas,2015-05-01,0,1,1,0,0,2
COLOMI,"anticoncepcion, prevencion de its y de cancer de cuello uterino",implante subdermico: usuarias continuas,2015-05-01,0,0,1,1,0,2
CONCEPCION,"anticoncepcion, prevencion de its y de cancer de cuello uterino",implante subdermico: usuarias continuas,2015-05-01,0,0,1,0,0,1
CULPINA,"anticoncepcion, prevencion de its y de cancer de cuello uterino",implante subdermico: usuarias continuas,2015-05-01,0,0,1,0,0,1
EL ALTO,"anticoncepcion, prevencion de its y de cancer de cuello uterino",implante subdermico: usuarias continuas,2015-05-01,0,4,15,24,0,43
ICLA,"anticoncepcion, prevencion de its y de cancer de cuello uterino",implante subdermico: usuarias continuas,2015-05-01,0,0,3,0,0,3
INCAHUASI,"anticoncepcion, prevencion de its y de cancer de cuello uterino",implante subdermico: usuarias continuas,2015-05-01,0,0,2,0,0,2
LA PAZ,"anticoncepcion, prevencion de its y de cancer de cuello uterino",implante subdermico: usuarias continuas,2015-05-01,0,3,29,6,0,38
MIZQUE,"anticoncepcion, prevencion de its y de cancer de cuello uterino",implante subdermico: usuarias continuas,2015-05-01,0,0,0,1,0,1
MONTEAGUDO,"anticoncepcion, prevencion de its y de cancer de cuello uterino",implante subdermico: usuarias continuas,2015-05-01,0,1,2,0,0,3
MONTERO,"anticoncepcion, prevencion de its y de cancer de cuello uterino",implante subdermico: usuarias continuas,2015-05-01,0,2,2,0,0,4
ORURO,"anticoncepcion, prevencion de its y de cancer de cuello uterino",implante subdermico: usuarias continuas,2015-05-01,0,2,11,0,0,13
PORVENIR,"anticoncepcion, prevencion de its y de cancer de cuello uterino",implante subdermico: usuarias continuas,2015-05-01,0,0,1,0,0,1
POTOSI,"anticoncepcion, prevencion de its y de cancer de cuello uterino",implante subdermico: usuarias continuas,2015-05-01,0,1,9,4,0,14
PUERTO GONZALO MORENO,"anticoncepcion, prevencion de its y de cancer de cuello uterino",implante subdermico: usuarias continuas,2015-05-01,1,1,6,1,0,9
PUERTO RICO,"anticoncepcion, prevencion de its y de cancer de cuello uterino",implante subdermico: usuarias continuas,2015-05-01,0,0,1,0,0,1
SAN LORENZO(TJA),"anticoncepcion, prevencion de its y de cancer de cuello uterino",implante subdermico: usuarias continuas,2015-05-01,0,0,1,0,0,1
SANTA CRUZ DE LA SIERRA,"anticoncepcion, prevencion de its y de cancer de cuello uterino",implante subdermico: usuarias continuas,2015-05-01,0,4,2,0,0,6
SANTIAGO DE HUARI,"anticoncepcion, prevencion de its y de cancer de cuello uterino",implante subdermico: usuarias continuas,2015-05-01,0,0,1,1,0,2
SUCRE,"anticoncepcion, prevencion de its y de cancer de cuello uterino",implante subdermico: usuarias continuas,2015-05-01,0,0,15,2,0,17
TARIJA,"anticoncepcion, prevencion de its y de cancer de cuello uterino",implante subdermico: usuarias continuas,2015-05-01,0,1,9,1,0,11
TRINIDAD,"anticoncepcion, prevencion de its y de cancer de cuello uterino",implante subdermico: usuarias continuas,2015-05-01,0,1,2,0,0,3
TUPIZA,"anticoncepcion, prevencion de its y de cancer de cuello uterino",implante subdermico: usuarias continuas,2015-05-01,0,4,25,2,0,31
URIONDO (A. CONCEPCION),"anticoncepcion, prevencion de its y de cancer de cuello uterino",implante subdermico: usuarias continuas,2015-05-01,0,1,5,2,0,8
VILLA TUNARI,"anticoncepcion, prevencion de its y de cancer de cuello uterino",implante subdermico: usuarias continuas,2015-05-01,0,0,1,0,0,1
WARNES,"anticoncepcion, prevencion de its y de cancer de cuello uterino",implante subdermico: usuarias continuas,2015-05-01,0,0,5,1,0,6
ZUDAÑEZ,"anticoncepcion, prevencion de its y de cancer de cuello uterino",implante subdermico: usuarias continuas,2015-05-01,0,0,1,0,0,1
AYOPAYA (V. DE INDEPENDENCIA),"anticoncepcion, prevencion de its y de cancer de cuello uterino",implante subdermico: usuarias continuas,2015-06-01,0,1,1,1,0,3
AZURDUY,"anticoncepcion, prevencion de its y de cancer de cuello uterino",implante subdermico: usuarias continuas,2015-06-01,0,1,0,0,0,1
CAPINOTA,"anticoncepcion, prevencion de its y de cancer de cuello uterino",implante subdermico: usuarias continuas,2015-06-01,0,2,0,1,0,3
CARACOLLO,"anticoncepcion, prevencion de its y de cancer de cuello uterino",implante subdermico: usuarias continuas,2015-06-01,0,0,1,0,0,1
CHAYANTA,"anticoncepcion, prevencion de its y de cancer de cuello uterino",implante subdermico: usuarias continuas,2015-06-01,0,0,2,0,0,2
CLIZA,"anticoncepcion, prevencion de its y de cancer de cuello uterino",implante subdermico: usuarias continuas,2015-06-01,0,0,1,0,0,1
COBIJA,"anticoncepcion, prevencion de its y de cancer de cuello uterino",implante subdermico: usuarias continuas,2015-06-01,0,3,21,0,0,24
COCHABAMBA,"anticoncepcion, prevencion de its y de cancer de cuello uterino",implante subdermico: usuarias continuas,2015-06-01,0,9,40,8,0,57
COLOMI,"anticoncepcion, prevencion de its y de cancer de cuello uterino",implante subdermico: usuarias continuas,2015-06-01,0,0,4,0,0,4
EL ALTO,"anticoncepcion, prevencion de its y de cancer de cuello uterino",implante subdermico: usuarias continuas,2015-06-01,0,7,17,35,0,59
EUREKA (SANTOS MERCADO),"anticoncepcion, prevencion de its y de cancer de cuello uterino",implante subdermico: usuarias continuas,2015-06-01,0,1,0,0,0,1
HUACHACALLA,"anticoncepcion, prevencion de its y de cancer de cuello uterino",implante subdermico: usuarias continuas,2015-06-01,0,0,3,0,0,3
ICLA,"anticoncepcion, prevencion de its y de cancer de cuello uterino",implante subdermico: usuarias continuas,2015-06-01,0,0,1,0,0,1
LA PAZ,"anticoncepcion, prevencion de its y de cancer de cuello uterino",implante subdermico: usuarias continuas,2015-06-01,0,4,38,7,0,49
MACHARETI,"anticoncepcion, prevencion de its y de cancer de cuello uterino",implante subdermico: usuarias continuas,2015-06-01,0,1,0,0,0,1
MIZQUE,"anticoncepcion, prevencion de its y de cancer de cuello uterino",implante subdermico: usuarias continuas,2015-06-01,0,1,3,0,0,4
MONTEAGUDO,"anticoncepcion, prevencion de its y de cancer de cuello uterino",implante subdermico: usuarias continuas,2015-06-01,0,0,2,0,0,2
MONTERO,"anticoncepcion, prevencion de its y de cancer de cuello uterino",implante subdermico: usuarias continuas,2015-06-01,2,2,1,1,0,6
ORURO,"anticoncepcion, prevencion de its y de cancer de cuello uterino",implante subdermico: usuarias continuas,2015-06-01,0,2,13,1,0,16
PAZÑA,"anticoncepcion, prevencion de its y de cancer de cuello uterino",implante subdermico: usuarias continuas,2015-06-01,0,0,2,0,0,2
PORVENIR,"anticoncepcion, prevencion de its y de cancer de cuello uterino",implante subdermico: usuarias continuas,2015-06-01,0,5,1,0,0,6
POTOSI,"anticoncepcion, prevencion de its y de cancer de cuello uterino",implante subdermico: usuarias continuas,2015-06-01,0,0,40,3,0,43
PUERTO GONZALO MORENO,"anticoncepcion, prevencion de its y de cancer de cuello uterino",implante subdermico: usuarias continuas,2015-06-01,0,0,8,0,0,8
PUERTO RICO,"anticoncepcion, prevencion de its y de cancer de cuello uterino",implante subdermico: usuarias continuas,2015-06-01,0,0,2,0,0,2
PUERTO VILLARROEL,"anticoncepcion, prevencion de its y de cancer de cuello uterino",implante subdermico: usuarias continuas,2015-06-01,0,0,3,0,0,3
QUILLACOLLO,"anticoncepcion, prevencion de its y de cancer de cuello uterino",implante subdermico: usuarias continuas,2015-06-01,0,0,8,0,0,8
RAVELO,"anticoncepcion, prevencion de its y de cancer de cuello uterino",implante subdermico: usuarias continuas,2015-06-01,0,0,0,1,0,1
RIBERALTA,"anticoncepcion, prevencion de its y de cancer de cuello uterino",implante subdermico: usuarias continuas,2015-06-01,0,0,21,0,0,21
SACABA,"anticoncepcion, prevencion de its y de cancer de cuello uterino",implante subdermico: usuarias continuas,2015-06-01,0,0,1,0,0,1
SACACA,"anticoncepcion, prevencion de its y de cancer de cuello uterino",implante subdermico: usuarias continuas,2015-06-01,0,0,5,0,0,5
SALINAS DE GARCI MENDOZA,"anticoncepcion, prevencion de its y de cancer de cuello uterino",implante subdermico: usuarias continuas,2015-06-01,0,5,12,2,0,19
SAN BORJA,"anticoncepcion, prevencion de its y de cancer de cuello uterino",implante subdermico: usuarias continuas,2015-06-01,0,0,1,0,0,1
SAN CARLOS,"anticoncepcion, prevencion de its y de cancer de cuello uterino",implante subdermico: usuarias continuas,2015-06-01,0,0,4,0,0,4
SAN LUCAS,"anticoncepcion, prevencion de its y de cancer de cuello uterino",implante subdermico: usuarias continuas,2015-06-01,0,1,1,0,0,2
SANTA CRUZ DE LA SIERRA,"anticoncepcion, prevencion de its y de cancer de cuello uterino",implante subdermico: usuarias continuas,2015-06-01,0,0,6,0,0,6
SANTIAGO DE HUARI,"anticoncepcion, prevencion de its y de cancer de cuello uterino",implante subdermico: usuarias continuas,2015-06-01,0,0,1,0,0,1
SUCRE,"anticoncepcion, prevencion de its y de cancer de cuello uterino",implante subdermico: usuarias continuas,2015-06-01,0,1,9,2,0,12
TARIJA,"anticoncepcion, prevencion de its y de cancer de cuello uterino",implante subdermico: usuarias continuas,2015-06-01,0,0,15,5,1,21
TIPUANI,"anticoncepcion, prevencion de its y de cancer de cuello uterino",implante subdermico: usuarias continuas,2015-06-01,0,0,1,0,0,1
TORO TORO,"anticoncepcion, prevencion de its y de cancer de cuello uterino",implante subdermico: usuarias continuas,2015-06-01,0,4,4,0,0,8
TRINIDAD,"anticoncepcion, prevencion de its y de cancer de cuello uterino",implante subdermico: usuarias continuas,2015-06-01,0,0,2,0,0,2
TUPIZA,"anticoncepcion, prevencion de its y de cancer de cuello uterino",implante subdermico: usuarias continuas,2015-06-01,0,1,16,2,0,19
URIONDO (A. CONCEPCION),"anticoncepcion, prevencion de its y de cancer de cuello uterino",implante subdermico: usuarias continuas,2015-06-01,0,1,7,2,0,10
VILLA NUEVA (LOMA ALTA),"anticoncepcion, prevencion de its y de cancer de cuello uterino",implante subdermico: usuarias continuas,2015-06-01,0,0,1,0,0,1
WARNES,"anticoncepcion, prevencion de its y de cancer de cuello uterino",implante subdermico: usuarias continuas,2015-06-01,0,1,3,1,0,5
YOTALA,"anticoncepcion, prevencion de its y de cancer de cuello uterino",implante subdermico: usuarias continuas,2015-06-01,0,0,1,0,0,1
ALTO BENI,"anticoncepcion, prevencion de its y de cancer de cuello uterino",implante subdermico: usuarias continuas,2015-07-01,0,0,2,0,0,2
AYOPAYA (V. DE INDEPENDENCIA),"anticoncepcion, prevencion de its y de cancer de cuello uterino",implante subdermico: usuarias continuas,2015-07-01,0,0,1,0,0,1
CAPINOTA,"anticoncepcion, prevencion de its y de cancer de cuello uterino",implante subdermico: usuarias continuas,2015-07-01,0,2,1,0,0,3
COBIJA,"anticoncepcion, prevencion de its y de cancer de cuello uterino",implante subdermico: usuarias continuas,2015-07-01,0,6,14,4,0,24
COCHABAMBA,"anticoncepcion, prevencion de its y de cancer de cuello uterino",implante subdermico: usuarias continuas,2015-07-01,0,0,11,2,0,13
COLOMI,"anticoncepcion, prevencion de its y de cancer de cuello uterino",implante subdermico: usuarias continuas,2015-07-01,0,0,3,0,0,3
CURAHUARA DE CARANGAS,"anticoncepcion, prevencion de its y de cancer de cuello uterino",implante subdermico: usuarias continuas,2015-07-01,0,1,0,0,0,1
EL ALTO,"anticoncepcion, prevencion de its y de cancer de cuello uterino",implante subdermico: usuarias continuas,2015-07-01,0,5,40,24,0,69
GUAYARAMERIN,"anticoncepcion, prevencion de its y de cancer de cuello uterino",implante subdermico: usuarias continuas,2015-07-01,0,1,1,0,0,2
HUANUNI,"anticoncepcion, prevencion de its y de cancer de cuello uterino",implante subdermico: usuarias continuas,2015-07-01,0,0,2,0,0,2
LA PAZ,"anticoncepcion, prevencion de its y de cancer de cuello uterino",implante subdermico: usuarias continuas,2015-07-01,0,5,33,4,0,42
MACHARETI,"anticoncepcion, prevencion de its y de cancer de cuello uterino",implante subdermico: usuarias continuas,2015-07-01,0,0,1,0,0,1
MAPIRI,"anticoncepcion, prevencion de its y de cancer de cuello uterino",implante subdermico: usuarias continuas,2015-07-01,0,0,1,0,0,1
MIZQUE,"anticoncepcion, prevencion de its y de cancer de cuello uterino",implante subdermico: usuarias continuas,2015-07-01,0,1,1,0,0,2
MONTEAGUDO,"anticoncepcion, prevencion de its y de cancer de cuello uterino",implante subdermico: usuarias continuas,2015-07-01,0,0,3,2,0,5
ORURO,"anticoncepcion, prevencion de its y de cancer de cuello uterino",implante subdermico: usuarias continuas,2015-07-01,0,14,21,7,0,42
PAZÑA,"anticoncepcion, prevencion de its y de cancer de cuello uterino",implante subdermico: usuarias continuas,2015-07-01,0,0,0,1,0,1
POTOSI,"anticoncepcion, prevencion de its y de cancer de cuello uterino",implante subdermico: usuarias continuas,2015-07-01,0,1,7,0,0,8
PUERTO GONZALO MORENO,"anticoncepcion, prevencion de its y de cancer de cuello uterino",implante subdermico: usuarias continuas,2015-07-01,0,1,4,1,0,6
QUILLACOLLO,"anticoncepcion, prevencion de its y de cancer de cuello uterino",implante subdermico: usuarias continuas,2015-07-01,0,1,0,0,0,1
RIBERALTA,"anticoncepcion, prevencion de its y de cancer de cuello uterino",implante subdermico: usuarias continuas,2015-07-01,0,0,1,0,0,1
SACABA,"anticoncepcion, prevencion de its y de cancer de cuello uterino",implante subdermico: usuarias continuas,2015-07-01,0,0,3,0,0,3
SAN BORJA,"anticoncepcion, prevencion de its y de cancer de cuello uterino",implante subdermico: usuarias continuas,2015-07-01,0,2,1,1,0,4
SAN CARLOS,"anticoncepcion, prevencion de its y de cancer de cuello uterino",implante subdermico: usuarias continuas,2015-07-01,0,0,4,0,0,4
SAN PEDRO DE BUENA VISTA,"anticoncepcion, prevencion de its y de cancer de cuello uterino",implante subdermico: usuarias continuas,2015-07-01,0,0,2,0,0,2
SANTA CRUZ DE LA SIERRA,"anticoncepcion, prevencion de its y de cancer de cuello uterino",implante subdermico: usuarias continuas,2015-07-01,0,1,1,0,0,2
SICA SICA (VILLA AROMA),"anticoncepcion, prevencion de its y de cancer de cuello uterino",implante subdermico: usuarias continuas,2015-07-01,0,0,1,0,0,1
SUCRE,"anticoncepcion, prevencion de its y de cancer de cuello uterino",implante subdermico: usuarias continuas,2015-07-01,0,0,16,7,0,23
TARIJA,"anticoncepcion, prevencion de its y de cancer de cuello uterino",implante subdermico: usuarias continuas,2015-07-01,0,2,7,3,0,12
TOLATA,"anticoncepcion, prevencion de its y de cancer de cuello uterino",implante subdermico: usuarias continuas,2015-07-01,0,0,6,1,0,7
TOMAVE,"anticoncepcion, prevencion de its y de cancer de cuello uterino",implante subdermico: usuarias continuas,2015-07-01,0,0,0,1,0,1
TRINIDAD,"anticoncepcion, prevencion de its y de cancer de cuello uterino",implante subdermico: usuarias continuas,2015-07-01,0,1,9,3,0,13
TUPIZA,"anticoncepcion, prevencion de its y de cancer de cuello uterino",implante subdermico: usuarias continuas,2015-07-01,0,2,14,4,0,20
URIONDO (A. CONCEPCION),"anticoncepcion, prevencion de its y de cancer de cuello uterino",implante subdermico: usuarias continuas,2015-07-01,0,0,4,0,0,4
WARNES,"anticoncepcion, prevencion de its y de cancer de cuello uterino",implante subdermico: usuarias continuas,2015-07-01,0,1,1,3,0,5
YACUIBA,"anticoncepcion, prevencion de its y de cancer de cuello uterino",implante subdermico: usuarias continuas,2015-07-01,0,0,0,1,0,1
YOTALA,"anticoncepcion, prevencion de its y de cancer de cuello uterino",implante subdermico: usuarias continuas,2015-07-01,0,1,4,0,0,5
CAPINOTA,"anticoncepcion, prevencion de its y de cancer de cuello uterino",implante subdermico: usuarias continuas,2015-08-01,0,3,4,0,0,7
COBIJA,"anticoncepcion, prevencion de its y de cancer de cuello uterino",implante subdermico: usuarias continuas,2015-08-01,0,14,23,4,0,41
COCHABAMBA,"anticoncepcion, prevencion de its y de cancer de cuello uterino",implante subdermico: usuarias continuas,2015-08-01,0,1,20,3,0,24
COLOMI,"anticoncepcion, prevencion de its y de cancer de cuello uterino",implante subdermico: usuarias continuas,2015-08-01,0,0,1,0,0,1
CONCEPCION,"anticoncepcion, prevencion de its y de cancer de cuello uterino",implante subdermico: usuarias continuas,2015-08-01,0,0,3,4,1,8
EL ALTO,"anticoncepcion, prevencion de its y de cancer de cuello uterino",implante subdermico: usuarias continuas,2015-08-01,0,3,23,17,0,43
FERNANDEZ ALONSO,"anticoncepcion, prevencion de its y de cancer de cuello uterino",implante subdermico: usuarias continuas,2015-08-01,0,0,1,0,0,1
HUANUNI,"anticoncepcion, prevencion de its y de cancer de cuello uterino",implante subdermico: usuarias continuas,2015-08-01,0,0,2,0,0,2
JESUS DE MACHACA,"anticoncepcion, prevencion de its y de cancer de cuello uterino",implante subdermico: usuarias continuas,2015-08-01,0,0,1,0,0,1
LA GUARDIA,"anticoncepcion, prevencion de its y de cancer de cuello uterino",implante subdermico: usuarias continuas,2015-08-01,0,0,2,0,0,2
LA PAZ,"anticoncepcion, prevencion de its y de cancer de cuello uterino",implante subdermico: usuarias continuas,2015-08-01,0,3,18,15,0,36
MAGDALENA,"anticoncepcion, prevencion de its y de cancer de cuello uterino",implante subdermico: usuarias continuas,2015-08-01,0,0,2,0,0,2
MIZQUE,"anticoncepcion, prevencion de its y de cancer de cuello uterino",implante subdermico: usuarias continuas,2015-08-01,0,1,3,0,0,4
MONTEAGUDO,"anticoncepcion, prevencion de its y de cancer de cuello uterino",implante subdermico: usuarias continuas,2015-08-01,0,3,5,2,0,10
ORURO,"anticoncepcion, prevencion de its y de cancer de cuello uterino",implante subdermico: usuarias continuas,2015-08-01,0,3,6,3,0,12
PALCA,"anticoncepcion, prevencion de its y de cancer de cuello uterino",implante subdermico: usuarias continuas,2015-08-01,0,0,1,0,0,1
PALOS BLANCOS,"anticoncepcion, prevencion de its y de cancer de cuello uterino",implante subdermico: usuarias continuas,2015-08-01,0,0,8,2,0,10
POCONA,"anticoncepcion, prevencion de its y de cancer de cuello uterino",implante subdermico: usuarias continuas,2015-08-01,0,0,12,0,0,12
POTOSI,"anticoncepcion, prevencion de its y de cancer de cuello uterino",implante subdermico: usuarias continuas,2015-08-01,0,1,13,1,0,15
PUERTO GONZALO MORENO,"anticoncepcion, prevencion de its y de cancer de cuello uterino",implante subdermico: usuarias continuas,2015-08-01,0,4,8,1,0,13
QUILLACOLLO,"anticoncepcion, prevencion de its y de cancer de cuello uterino",implante subdermico: usuarias continuas,2015-08-01,0,0,9,0,0,9
SAN CARLOS,"anticoncepcion, prevencion de its y de cancer de cuello uterino",implante subdermico: usuarias continuas,2015-08-01,0,0,3,0,0,3
SANTA CRUZ DE LA SIERRA,"anticoncepcion, prevencion de its y de cancer de cuello uterino",implante subdermico: usuarias continuas,2015-08-01,0,5,38,12,0,55
SUCRE,"anticoncepcion, prevencion de its y de cancer de cuello uterino",implante subdermico: usuarias continuas,2015-08-01,0,7,45,5,3,60
TARIJA,"anticoncepcion, prevencion de its y de cancer de cuello uterino",implante subdermico: usuarias continuas,2015-08-01,0,0,8,3,0,11
TINGUIPAYA,"anticoncepcion, prevencion de its y de cancer de cuello uterino",implante subdermico: usuarias continuas,2015-08-01,0,0,1,0,0,1
TRINIDAD,"anticoncepcion, prevencion de its y de cancer de cuello uterino",implante subdermico: usuarias continuas,2015-08-01,2,6,18,2,0,28
TUPIZA,"anticoncepcion, prevencion de its y de cancer de cuello uterino",implante subdermico: usuarias continuas,2015-08-01,0,0,19,5,0,24
URIONDO (A. CONCEPCION),"anticoncepcion, prevencion de its y de cancer de cuello uterino",implante subdermico: usuarias continuas,2015-08-01,0,0,4,1,0,5
VIACHA,"anticoncepcion, prevencion de its y de cancer de cuello uterino",implante subdermico: usuarias continuas,2015-08-01,0,0,4,0,0,4
VILLA NUEVA (LOMA ALTA),"anticoncepcion, prevencion de its y de cancer de cuello uterino",implante subdermico: usuarias continuas,2015-08-01,0,0,2,0,0,2
VILLA TUNARI,"anticoncepcion, prevencion de its y de cancer de cuello uterino",implante subdermico: usuarias continuas,2015-08-01,0,0,1,0,0,1
WARNES,"anticoncepcion, prevencion de its y de cancer de cuello uterino",implante subdermico: usuarias continuas,2015-08-01,0,0,2,0,0,2
YOTALA,"anticoncepcion, prevencion de its y de cancer de cuello uterino",implante subdermico: usuarias continuas,2015-08-01,0,1,3,2,0,6
ZUDAÑEZ,"anticoncepcion, prevencion de its y de cancer de cuello uterino",implante subdermico: usuarias continuas,2015-08-01,0,0,3,0,0,3
AIQUILE,"anticoncepcion, prevencion de its y de cancer de cuello uterino",implante subdermico: usuarias continuas,2015-09-01,0,0,2,1,0,3
AYOPAYA (V. DE INDEPENDENCIA),"anticoncepcion, prevencion de its y de cancer de cuello uterino",implante subdermico: usuarias continuas,2015-09-01,0,0,1,0,0,1
BAURES,"anticoncepcion, prevencion de its y de cancer de cuello uterino",implante subdermico: usuarias continuas,2015-09-01,0,0,2,0,0,2
BELLA FLOR,"anticoncepcion, prevencion de its y de cancer de cuello uterino",implante subdermico: usuarias continuas,2015-09-01,0,0,2,0,0,2
CAPINOTA,"anticoncepcion, prevencion de its y de cancer de cuello uterino",implante subdermico: usuarias continuas,2015-09-01,0,0,5,1,0,6
CHIMORE,"anticoncepcion, prevencion de its y de cancer de cuello uterino",implante subdermico: usuarias continuas,2015-09-01,0,1,2,0,0,3
CKOCHAS,"anticoncepcion, prevencion de its y de cancer de cuello uterino",implante subdermico: usuarias continuas,2015-09-01,0,0,5,1,0,6
COBIJA,"anticoncepcion, prevencion de its y de cancer de cuello uterino",implante subdermico: usuarias continuas,2015-09-01,0,14,20,2,0,36
COCHABAMBA,"anticoncepcion, prevencion de its y de cancer de cuello uterino",implante subdermico: usuarias continuas,2015-09-01,0,1,15,3,1,20
COLOMI,"anticoncepcion, prevencion de its y de cancer de cuello uterino",implante subdermico: usuarias continuas,2015-09-01,0,0,4,1,0,5
CONCEPCION,"anticoncepcion, prevencion de its y de cancer de cuello uterino",implante subdermico: usuarias continuas,2015-09-01,0,0,2,0,0,2
EL ALTO,"anticoncepcion, prevencion de its y de cancer de cuello uterino",implante subdermico: usuarias continuas,2015-09-01,0,5,22,15,0,42
FERNANDEZ ALONSO,"anticoncepcion, prevencion de its y de cancer de cuello uterino",implante subdermico: usuarias continuas,2015-09-01,0,0,1,0,0,1
LA GUARDIA,"anticoncepcion, prevencion de its y de cancer de cuello uterino",implante subdermico: usuarias continuas,2015-09-01,0,0,3,0,0,3
LA PAZ,"anticoncepcion, prevencion de its y de cancer de cuello uterino",implante subdermico: usuarias continuas,2015-09-01,0,8,45,13,0,66
MACHACAMARCA,"anticoncepcion, prevencion de its y de cancer de cuello uterino",implante subdermico: usuarias continuas,2015-09-01,0,0,2,0,0,2
MACHARETI,"anticoncepcion, prevencion de its y de cancer de cuello uterino",implante subdermico: usuarias continuas,2015-09-01,0,0,2,0,0,2
MAGDALENA,"anticoncepcion, prevencion de its y de cancer de cuello uterino",implante subdermico: usuarias continuas,2015-09-01,0,0,3,0,0,3
MIZQUE,"anticoncepcion, prevencion de its y de cancer de cuello uterino",implante subdermico: usuarias continuas,2015-09-01,0,0,2,0,0,2
MONTEAGUDO,"anticoncepcion, prevencion de its y de cancer de cuello uterino",implante subdermico: usuarias continuas,2015-09-01,0,0,13,3,0,16
MONTERO,"anticoncepcion, prevencion de its y de cancer de cuello uterino",implante subdermico: usuarias continuas,2015-09-01,2,2,1,2,0,7
ORURO,"anticoncepcion, prevencion de its y de cancer de cuello uterino",implante subdermico: usuarias continuas,2015-09-01,0,0,38,5,0,43
PAILON,"anticoncepcion, prevencion de its y de cancer de cuello uterino",implante subdermico: usuarias continuas,2015-09-01,0,1,1,1,0,3
POROMA,"anticoncepcion, prevencion de its y de cancer de cuello uterino",implante subdermico: usuarias continuas,2015-09-01,0,0,2,5,0,7
PORVENIR,"anticoncepcion, prevencion de its y de cancer de cuello uterino",implante subdermico: usuarias continuas,2015-09-01,1,2,2,1,0,6
POTOSI,"anticoncepcion, prevencion de its y de cancer de cuello uterino",implante subdermico: usuarias continuas,2015-09-01,0,0,10,6,0,16
PUERTO GONZALO MORENO,"anticoncepcion, prevencion de its y de cancer de cuello uterino",implante subdermico: usuarias continuas,2015-09-01,0,5,28,3,0,36
PUERTO RICO,"anticoncepcion, prevencion de its y de cancer de cuello uterino",implante subdermico: usuarias continuas,2015-09-01,0,0,2,0,0,2
PUNA,"anticoncepcion, prevencion de its y de cancer de cuello uterino",implante subdermico: usuarias continuas,2015-09-01,0,0,0,1,0,1
SACABA,"anticoncepcion, prevencion de its y de cancer de cuello uterino",implante subdermico: usuarias continuas,2015-09-01,0,5,3,3,0,11
SACACA,"anticoncepcion, prevencion de its y de cancer de cuello uterino",implante subdermico: usuarias continuas,2015-09-01,0,0,4,0,0,4
SAN BUENA VENTURA,"anticoncepcion, prevencion de its y de cancer de cuello uterino",implante subdermico: usuarias continuas,2015-09-01,0,0,1,0,0,1
SAN IGNACIO,"anticoncepcion, prevencion de its y de cancer de cuello uterino",implante subdermico: usuarias continuas,2015-09-01,0,0,1,0,0,1
SAN LORENZO(TJA),"anticoncepcion, prevencion de its y de cancer de cuello uterino",implante subdermico: usuarias continuas,2015-09-01,0,0,1,1,0,2
SAN RAMON SCZ,"anticoncepcion, prevencion de its y de cancer de cuello uterino",implante subdermico: usuarias continuas,2015-09-01,0,0,1,0,0,1
SANTA CRUZ DE LA SIERRA,"anticoncepcion, prevencion de its y de cancer de cuello uterino",implante subdermico: usuarias continuas,2015-09-01,0,12,49,11,0,72
SUCRE,"anticoncepcion, prevencion de its y de cancer de cuello uterino",implante subdermico: usuarias continuas,2015-09-01,0,5,43,7,0,55
TARIJA,"anticoncepcion, prevencion de its y de cancer de cuello uterino",implante subdermico: usuarias continuas,2015-09-01,0,0,3,4,0,7
TEOPONTE,"anticoncepcion, prevencion de its y de cancer de cuello uterino",implante subdermico: usuarias continuas,2015-09-01,0,0,1,1,0,2
TIPUANI,"anticoncepcion, prevencion de its y de cancer de cuello uterino",implante subdermico: usuarias continuas,2015-09-01,0,1,3,1,0,5
TRINIDAD,"anticoncepcion, prevencion de its y de cancer de cuello uterino",implante subdermico: usuarias continuas,2015-09-01,0,0,8,0,0,8
TUPIZA,"anticoncepcion, prevencion de its y de cancer de cuello uterino",implante subdermico: usuarias continuas,2015-09-01,0,1,4,0,0,5
URIONDO (A. CONCEPCION),"anticoncepcion, prevencion de its y de cancer de cuello uterino",implante subdermico: usuarias continuas,2015-09-01,0,0,8,2,0,10
VILLA SERRANO,"anticoncepcion, prevencion de its y de cancer de cuello uterino",implante subdermico: usuarias continuas,2015-09-01,0,0,2,1,0,3
VILLA TUNARI,"anticoncepcion, prevencion de its y de cancer de cuello uterino",implante subdermico: usuarias continuas,2015-09-01,0,0,5,1,0,6
VILLA VACA GUZMAN (MUYUPAMPA),"anticoncepcion, prevencion de its y de cancer de cuello uterino",implante subdermico: usuarias continuas,2015-09-01,0,0,4,1,0,5
YANACACHI,"anticoncepcion, prevencion de its y de cancer de cuello uterino",implante subdermico: usuarias continuas,2015-09-01,0,1,5,0,0,6
ZUDAÑEZ,"anticoncepcion, prevencion de its y de cancer de cuello uterino",implante subdermico: usuarias continuas,2015-09-01,0,0,0,1,0,1
AIQUILE,"anticoncepcion, prevencion de its y de cancer de cuello uterino",implante subdermico: usuarias continuas,2015-10-01,0,2,5,1,0,8
AYOPAYA (V. DE INDEPENDENCIA),"anticoncepcion, prevencion de its y de cancer de cuello uterino",implante subdermico: usuarias continuas,2015-10-01,0,0,1,0,0,1
CAPINOTA,"anticoncepcion, prevencion de its y de cancer de cuello uterino",implante subdermico: usuarias continuas,2015-10-01,0,0,6,0,0,6
CKOCHAS,"anticoncepcion, prevencion de its y de cancer de cuello uterino",implante subdermico: usuarias continuas,2015-10-01,0,0,1,2,0,3
COBIJA,"anticoncepcion, prevencion de its y de cancer de cuello uterino",implante subdermico: usuarias continuas,2015-10-01,0,1,31,0,0,32
COCHABAMBA,"anticoncepcion, prevencion de its y de cancer de cuello uterino",implante subdermico: usuarias continuas,2015-10-01,0,0,4,1,0,5
COLCAPIRHUA,"anticoncepcion, prevencion de its y de cancer de cuello uterino",implante subdermico: usuarias continuas,2015-10-01,0,0,1,0,0,1
COLOMI,"anticoncepcion, prevencion de its y de cancer de cuello uterino",implante subdermico: usuarias continuas,2015-10-01,0,0,4,0,0,4
COLQUECHACA,"anticoncepcion, prevencion de its y de cancer de cuello uterino",implante subdermico: usuarias continuas,2015-10-01,0,1,0,0,0,1
CONCEPCION,"anticoncepcion, prevencion de its y de cancer de cuello uterino",implante subdermico: usuarias continuas,2015-10-01,0,0,4,0,0,4
CORIPATA,"anticoncepcion, prevencion de its y de cancer de cuello uterino",implante subdermico: usuarias continuas,2015-10-01,0,1,2,0,0,3
CORQUE,"anticoncepcion, prevencion de its y de cancer de cuello uterino",implante subdermico: usuarias continuas,2015-10-01,0,1,0,0,0,1
EL ALTO,"anticoncepcion, prevencion de its y de cancer de cuello uterino",implante subdermico: usuarias continuas,2015-10-01,0,2,31,19,0,52
GUANAY,"anticoncepcion, prevencion de its y de cancer de cuello uterino",implante subdermico: usuarias continuas,2015-10-01,0,0,1,0,0,1
HUACARETA,"anticoncepcion, prevencion de its y de cancer de cuello uterino",implante subdermico: usuarias continuas,2015-10-01,0,1,2,0,3,6
HUANUNI,"anticoncepcion, prevencion de its y de cancer de cuello uterino",implante subdermico: usuarias continuas,2015-10-01,0,1,2,0,0,3
ICLA,"anticoncepcion, prevencion de its y de cancer de cuello uterino",implante subdermico: usuarias continuas,2015-10-01,0,0,0,2,0,2
LA PAZ,"anticoncepcion, prevencion de its y de cancer de cuello uterino",implante subdermico: usuarias continuas,2015-10-01,0,4,65,8,0,77
MACHARETI,"anticoncepcion, prevencion de its y de cancer de cuello uterino",implante subdermico: usuarias continuas,2015-10-01,0,0,1,0,0,1
MIZQUE,"anticoncepcion, prevencion de its y de cancer de cuello uterino",implante subdermico: usuarias continuas,2015-10-01,0,4,14,2,0,20
MONTEAGUDO,"anticoncepcion, prevencion de its y de cancer de cuello uterino",implante subdermico: usuarias continuas,2015-10-01,0,1,10,2,0,13
MONTERO,"anticoncepcion, prevencion de its y de cancer de cuello uterino",implante subdermico: usuarias continuas,2015-10-01,0,0,1,0,0,1
ORURO,"anticoncepcion, prevencion de its y de cancer de cuello uterino",implante subdermico: usuarias continuas,2015-10-01,0,2,45,7,0,54
PORVENIR,"anticoncepcion, prevencion de its y de cancer de cuello uterino",implante subdermico: usuarias continuas,2015-10-01,0,1,4,0,0,5
POTOSI,"anticoncepcion, prevencion de its y de cancer de cuello uterino",implante subdermico: usuarias continuas,2015-10-01,0,3,17,1,0,21
PUERTO GONZALO MORENO,"anticoncepcion, prevencion de its y de cancer de cuello uterino",implante subdermico: usuarias continuas,2015-10-01,0,0,3,0,0,3
PUERTO RICO,"anticoncepcion, prevencion de its y de cancer de cuello uterino",implante subdermico: usuarias continuas,2015-10-01,0,0,2,0,0,2
PUERTO VILLARROEL,"anticoncepcion, prevencion de its y de cancer de cuello uterino",implante subdermico: usuarias continuas,2015-10-01,0,0,1,0,0,1
QUILLACOLLO,"anticoncepcion, prevencion de its y de cancer de cuello uterino",implante subdermico: usuarias continuas,2015-10-01,0,0,4,2,0,6
RAVELO,"anticoncepcion, prevencion de its y de cancer de cuello uterino",implante subdermico: usuarias continuas,2015-10-01,0,0,1,0,0,1
RIBERALTA,"anticoncepcion, prevencion de its y de cancer de cuello uterino",implante subdermico: usuarias continuas,2015-10-01,0,0,1,0,0,1
ROBORE,"anticoncepcion, prevencion de its y de cancer de cuello uterino",implante subdermico: usuarias continuas,2015-10-01,0,0,1,0,0,1
SACABA,"anticoncepcion, prevencion de its y de cancer de cuello uterino",implante subdermico: usuarias continuas,2015-10-01,0,4,8,5,0,17
SAN CARLOS,"anticoncepcion, prevencion de its y de cancer de cuello uterino",implante subdermico: usuarias continuas,2015-10-01,0,0,4,0,0,4
SAN LORENZO(TJA),"anticoncepcion, prevencion de its y de cancer de cuello uterino",implante subdermico: usuarias continuas,2015-10-01,0,0,1,0,0,1
SAN LUCAS,"anticoncepcion, prevencion de its y de cancer de cuello uterino",implante subdermico: usuarias continuas,2015-10-01,0,0,0,1,0,1
SANTA CRUZ DE LA SIERRA,"anticoncepcion, prevencion de its y de cancer de cuello uterino",implante subdermico: usuarias continuas,2015-10-01,0,10,41,12,0,63
SIPE SIPE,"anticoncepcion, prevencion de its y de cancer de cuello uterino",implante subdermico: usuarias continuas,2015-10-01,0,1,1,0,0,2
SOPACHUY,"anticoncepcion, prevencion de its y de cancer de cuello uterino",implante subdermico: usuarias continuas,2015-10-01,0,0,0,1,0,1
SUCRE,"anticoncepcion, prevencion de its y de cancer de cuello uterino",implante subdermico: usuarias continuas,2015-10-01,0,4,25,6,0,35
TARIJA,"anticoncepcion, prevencion de its y de cancer de cuello uterino",implante subdermico: usuarias continuas,2015-10-01,0,0,4,2,0,6
TIRAQUE (CBBA),"anticoncepcion, prevencion de its y de cancer de cuello uterino",implante subdermico: usuarias continuas,2015-10-01,0,0,1,0,0,1
TRINIDAD,"anticoncepcion, prevencion de its y de cancer de cuello uterino",implante subdermico: usuarias continuas,2015-10-01,0,0,4,0,0,4
TUPIZA,"anticoncepcion, prevencion de its y de cancer de cuello uterino",implante subdermico: usuarias continuas,2015-10-01,0,0,3,1,0,4
TURCO,"anticoncepcion, prevencion de its y de cancer de cuello uterino",implante subdermico: usuarias continuas,2015-10-01,0,0,1,0,0,1
URIONDO (A. CONCEPCION),"anticoncepcion, prevencion de its y de cancer de cuello uterino",implante subdermico: usuarias continuas,2015-10-01,0,0,3,0,0,3
VILLA CHARCAS,"anticoncepcion, prevencion de its y de cancer de cuello uterino",implante subdermico: usuarias continuas,2015-10-01,0,0,1,0,0,1
VILLA TUNARI,"anticoncepcion, prevencion de its y de cancer de cuello uterino",implante subdermico: usuarias continuas,2015-10-01,1,3,5,1,0,10
VILLA VACA GUZMAN (MUYUPAMPA),"anticoncepcion, prevencion de its y de cancer de cuello uterino",implante subdermico: usuarias continuas,2015-10-01,0,0,3,0,0,3
VINTO,"anticoncepcion, prevencion de its y de cancer de cuello uterino",implante subdermico: usuarias continuas,2015-10-01,0,0,1,0,0,1
YOTALA,"anticoncepcion, prevencion de its y de cancer de cuello uterino",implante subdermico: usuarias continuas,2015-10-01,0,1,2,0,0,3
ZUDAÑEZ,"anticoncepcion, prevencion de its y de cancer de cuello uterino",implante subdermico: usuarias continuas,2015-10-01,0,0,3,0,0,3
AIQUILE,"anticoncepcion, prevencion de its y de cancer de cuello uterino",implante subdermico: usuarias continuas,2015-11-01,0,2,4,0,0,6
ASCENCION DE GUARAYOS,"anticoncepcion, prevencion de its y de cancer de cuello uterino",implante subdermico: usuarias continuas,2015-11-01,0,0,0,1,0,1
ATOCHA,"anticoncepcion, prevencion de its y de cancer de cuello uterino",implante subdermico: usuarias continuas,2015-11-01,0,0,11,1,0,12
CAMIRI,"anticoncepcion, prevencion de its y de cancer de cuello uterino",implante subdermico: usuarias continuas,2015-11-01,0,0,1,0,0,1
CAPINOTA,"anticoncepcion, prevencion de its y de cancer de cuello uterino",implante subdermico: usuarias continuas,2015-11-01,0,2,2,0,0,4
CHALLAPATA,"anticoncepcion, prevencion de its y de cancer de cuello uterino",implante subdermico: usuarias continuas,2015-11-01,0,1,1,1,0,3
CHAQUI,"anticoncepcion, prevencion de its y de cancer de cuello uterino",implante subdermico: usuarias continuas,2015-11-01,0,0,0,1,0,1
COBIJA,"anticoncepcion, prevencion de its y de cancer de cuello uterino",implante subdermico: usuarias continuas,2015-11-01,0,3,11,0,0,14
COCHABAMBA,"anticoncepcion, prevencion de its y de cancer de cuello uterino",implante subdermico: usuarias continuas,2015-11-01,3,3,11,12,0,29
COLOMI,"anticoncepcion, prevencion de its y de cancer de cuello uterino",implante subdermico: usuarias continuas,2015-11-01,0,0,3,0,0,3
EL ALTO,"anticoncepcion, prevencion de its y de cancer de cuello uterino",implante subdermico: usuarias continuas,2015-11-01,0,6,31,47,0,84
EL VILLAR,"anticoncepcion, prevencion de its y de cancer de cuello uterino",implante subdermico: usuarias continuas,2015-11-01,0,0,1,0,0,1
ENTRE RIOS TRJ,"anticoncepcion, prevencion de its y de cancer de cuello uterino",implante subdermico: usuarias continuas,2015-11-01,0,0,3,1,0,4
HUACARETA,"anticoncepcion, prevencion de its y de cancer de cuello uterino",implante subdermico: usuarias continuas,2015-11-01,0,1,2,0,0,3
HUANUNI,"anticoncepcion, prevencion de its y de cancer de cuello uterino",implante subdermico: usuarias continuas,2015-11-01,0,0,1,0,0,1
ICLA,"anticoncepcion, prevencion de its y de cancer de cuello uterino",implante subdermico: usuarias continuas,2015-11-01,0,0,1,0,0,1
INCAHUASI,"anticoncepcion, prevencion de its y de cancer de cuello uterino",implante subdermico: usuarias continuas,2015-11-01,0,1,0,0,0,1
LA PAZ,"anticoncepcion, prevencion de its y de cancer de cuello uterino",implante subdermico: usuarias continuas,2015-11-01,0,12,60,11,0,83
MIZQUE,"anticoncepcion, prevencion de its y de cancer de cuello uterino",implante subdermico: usuarias continuas,2015-11-01,0,0,3,1,0,4
MONTEAGUDO,"anticoncepcion, prevencion de its y de cancer de cuello uterino",implante subdermico: usuarias continuas,2015-11-01,0,0,9,1,0,10
MONTERO,"anticoncepcion, prevencion de its y de cancer de cuello uterino",implante subdermico: usuarias continuas,2015-11-01,0,1,1,1,0,3
ORURO,"anticoncepcion, prevencion de its y de cancer de cuello uterino",implante subdermico: usuarias continuas,2015-11-01,0,2,25,2,0,29
PAPEL PAMPA,"anticoncepcion, prevencion de its y de cancer de cuello uterino",implante subdermico: usuarias continuas,2015-11-01,0,0,1,0,0,1
PORVENIR,"anticoncepcion, prevencion de its y de cancer de cuello uterino",implante subdermico: usuarias continuas,2015-11-01,0,0,1,0,0,1
POTOSI,"anticoncepcion, prevencion de its y de cancer de cuello uterino",implante subdermico: usuarias continuas,2015-11-01,0,4,21,0,0,25
PUERTO GONZALO MORENO,"anticoncepcion, prevencion de its y de cancer de cuello uterino",implante subdermico: usuarias continuas,2015-11-01,0,0,1,0,0,1
PUERTO VILLARROEL,"anticoncepcion, prevencion de its y de cancer de cuello uterino",implante subdermico: usuarias continuas,2015-11-01,0,0,1,1,0,2
QUILLACOLLO,"anticoncepcion, prevencion de its y de cancer de cuello uterino",implante subdermico: usuarias continuas,2015-11-01,0,0,1,0,0,1
SACABA,"anticoncepcion, prevencion de its y de cancer de cuello uterino",implante subdermico: usuarias continuas,2015-11-01,0,3,7,11,0,21
SAN BORJA,"anticoncepcion, prevencion de its y de cancer de cuello uterino",implante subdermico: usuarias continuas,2015-11-01,0,14,66,6,0,86
SAN CARLOS,"anticoncepcion, prevencion de its y de cancer de cuello uterino",implante subdermico: usuarias continuas,2015-11-01,0,0,4,0,0,4
SAN IGNACIO DE VELASCO,"anticoncepcion, prevencion de its y de cancer de cuello uterino",implante subdermico: usuarias continuas,2015-11-01,0,0,1,0,0,1
SAN JAVIER(BNI),"anticoncepcion, prevencion de its y de cancer de cuello uterino",implante subdermico: usuarias continuas,2015-11-01,0,0,1,0,0,1
SAN JOAQUIN,"anticoncepcion, prevencion de its y de cancer de cuello uterino",implante subdermico: usuarias continuas,2015-11-01,0,1,1,0,0,2
SAN JUAN DE YAPACANI,"anticoncepcion, prevencion de its y de cancer de cuello uterino",implante subdermico: usuarias continuas,2015-11-01,0,0,0,2,0,2
SAN JULIAN,"anticoncepcion, prevencion de its y de cancer de cuello uterino",implante subdermico: usuarias continuas,2015-11-01,0,0,1,0,0,1
SAN LORENZO(TJA),"anticoncepcion, prevencion de its y de cancer de cuello uterino",implante subdermico: usuarias continuas,2015-11-01,0,0,2,0,0,2
SAN LUCAS,"anticoncepcion, prevencion de its y de cancer de cuello uterino",implante subdermico: usuarias continuas,2015-11-01,0,0,1,0,0,1
SAN PEDRO(PND),"anticoncepcion, prevencion de its y de cancer de cuello uterino",implante subdermico: usuarias continuas,2015-11-01,2,0,0,0,0,2
SANTA CRUZ DE LA SIERRA,"anticoncepcion, prevencion de its y de cancer de cuello uterino",implante subdermico: usuarias continuas,2015-11-01,0,1,2,1,0,4
SOPACHUY,"anticoncepcion, prevencion de its y de cancer de cuello uterino",implante subdermico: usuarias continuas,2015-11-01,0,2,3,2,0,7
SORACACHI,"anticoncepcion, prevencion de its y de cancer de cuello uterino",implante subdermico: usuarias continuas,2015-11-01,0,0,2,0,0,2
SUCRE,"anticoncepcion, prevencion de its y de cancer de cuello uterino",implante subdermico: usuarias continuas,2015-11-01,0,5,24,2,0,31
TARIJA,"anticoncepcion, prevencion de its y de cancer de cuello uterino",implante subdermico: usuarias continuas,2015-11-01,0,0,2,2,0,4
TIRAQUE (CBBA),"anticoncepcion, prevencion de its y de cancer de cuello uterino",implante subdermico: usuarias continuas,2015-11-01,0,0,2,0,0,2
TOLATA,"anticoncepcion, prevencion de its y de cancer de cuello uterino",implante subdermico: usuarias continuas,2015-11-01,0,0,1,0,0,1
TOTORA(CBBA),"anticoncepcion, prevencion de its y de cancer de cuello uterino",implante subdermico: usuarias continuas,2015-11-01,0,0,1,0,0,1
TRINIDAD,"anticoncepcion, prevencion de its y de cancer de cuello uterino",implante subdermico: usuarias continuas,2015-11-01,0,0,1,0,0,1
TUPIZA,"anticoncepcion, prevencion de its y de cancer de cuello uterino",implante subdermico: usuarias continuas,2015-11-01,0,0,5,0,0,5
URIONDO (A. CONCEPCION),"anticoncepcion, prevencion de its y de cancer de cuello uterino",implante subdermico: usuarias continuas,2015-11-01,0,0,11,0,0,11
VILLA NUEVA (LOMA ALTA),"anticoncepcion, prevencion de its y de cancer de cuello uterino",implante subdermico: usuarias continuas,2015-11-01,0,0,1,0,0,1
VILLA VACA GUZMAN (MUYUPAMPA),"anticoncepcion, prevencion de its y de cancer de cuello uterino",implante subdermico: usuarias continuas,2015-11-01,0,0,3,0,0,3
VINTO,"anticoncepcion, prevencion de its y de cancer de cuello uterino",implante subdermico: usuarias continuas,2015-11-01,0,1,2,0,0,3
YOTALA,"anticoncepcion, prevencion de its y de cancer de cuello uterino",implante subdermico: usuarias continuas,2015-11-01,0,1,5,0,0,6
ACHOCALLA,"anticoncepcion, prevencion de its y de cancer de cuello uterino",implante subdermico: usuarias continuas,2015-12-01,0,0,3,2,0,5
AIQUILE,"anticoncepcion, prevencion de its y de cancer de cuello uterino",implante subdermico: usuarias continuas,2015-12-01,0,0,3,0,0,3
ARBIETO,"anticoncepcion, prevencion de its y de cancer de cuello uterino",implante subdermico: usuarias continuas,2015-12-01,0,0,2,1,0,3
ATOCHA,"anticoncepcion, prevencion de its y de cancer de cuello uterino",implante subdermico: usuarias continuas,2015-12-01,0,0,16,2,0,18
AYOPAYA (V. DE INDEPENDENCIA),"anticoncepcion, prevencion de its y de cancer de cuello uterino",implante subdermico: usuarias continuas,2015-12-01,0,0,2,0,0,2
BOLPEBRA,"anticoncepcion, prevencion de its y de cancer de cuello uterino",implante subdermico: usuarias continuas,2015-12-01,0,0,0,1,0,1
CAMIRI,"anticoncepcion, prevencion de its y de cancer de cuello uterino",implante subdermico: usuarias continuas,2015-12-01,0,0,0,3,0,3
CAPINOTA,"anticoncepcion, prevencion de its y de cancer de cuello uterino",implante subdermico: usuarias continuas,2015-12-01,0,2,3,1,0,6
CHAQUI,"anticoncepcion, prevencion de its y de cancer de cuello uterino",implante subdermico: usuarias continuas,2015-12-01,0,0,0,1,0,1
COBIJA,"anticoncepcion, prevencion de its y de cancer de cuello uterino",implante subdermico: usuarias continuas,2015-12-01,0,1,9,0,0,10
COCHABAMBA,"anticoncepcion, prevencion de its y de cancer de cuello uterino",implante subdermico: usuarias continuas,2015-12-01,0,4,10,3,0,17
COLCAPIRHUA,"anticoncepcion, prevencion de its y de cancer de cuello uterino",implante subdermico: usuarias continuas,2015-12-01,0,0,0,1,0,1
COLOMI,"anticoncepcion, prevencion de its y de cancer de cuello uterino",implante subdermico: usuarias continuas,2015-12-01,0,2,3,0,0,5
EL ALTO,"anticoncepcion, prevencion de its y de cancer de cuello uterino",implante subdermico: usuarias continuas,2015-12-01,0,2,23,32,0,57
ENTRE RIOS TRJ,"anticoncepcion, prevencion de its y de cancer de cuello uterino",implante subdermico: usuarias continuas,2015-12-01,0,2,2,0,0,4
ICLA,"anticoncepcion, prevencion de its y de cancer de cuello uterino",implante subdermico: usuarias continuas,2015-12-01,0,0,2,1,0,3
LA PAZ,"anticoncepcion, prevencion de its y de cancer de cuello uterino",implante subdermico: usuarias continuas,2015-12-01,0,11,65,17,0,93
MAGDALENA,"anticoncepcion, prevencion de its y de cancer de cuello uterino",implante subdermico: usuarias continuas,2015-12-01,0,0,2,0,0,2
MIZQUE,"anticoncepcion, prevencion de its y de cancer de cuello uterino",implante subdermico: usuarias continuas,2015-12-01,0,0,3,0,0,3
MONTEAGUDO,"anticoncepcion, prevencion de its y de cancer de cuello uterino",implante subdermico: usuarias continuas,2015-12-01,0,1,11,1,0,13
ORURO,"anticoncepcion, prevencion de its y de cancer de cuello uterino",implante subdermico: usuarias continuas,2015-12-01,1,4,40,2,0,47
POTOSI,"anticoncepcion, prevencion de its y de cancer de cuello uterino",implante subdermico: usuarias continuas,2015-12-01,0,2,15,4,0,21
PUERTO GONZALO MORENO,"anticoncepcion, prevencion de its y de cancer de cuello uterino",implante subdermico: usuarias continuas,2015-12-01,0,0,2,0,0,2
PUERTO VILLARROEL,"anticoncepcion, prevencion de its y de cancer de cuello uterino",implante subdermico: usuarias continuas,2015-12-01,0,0,2,0,0,2
ROBORE,"anticoncepcion, prevencion de its y de cancer de cuello uterino",implante subdermico: usuarias continuas,2015-12-01,0,1,0,0,0,1
SACABA,"anticoncepcion, prevencion de its y de cancer de cuello uterino",implante subdermico: usuarias continuas,2015-12-01,0,5,16,5,0,26
SAN BORJA,"anticoncepcion, prevencion de its y de cancer de cuello uterino",implante subdermico: usuarias continuas,2015-12-01,0,2,16,2,0,20
SAN CARLOS,"anticoncepcion, prevencion de its y de cancer de cuello uterino",implante subdermico: usuarias continuas,2015-12-01,0,0,6,0,0,6
SAN IGNACIO,"anticoncepcion, prevencion de its y de cancer de cuello uterino",implante subdermico: usuarias continuas,2015-12-01,0,0,2,0,0,2
SAN LORENZO(TJA),"anticoncepcion, prevencion de its y de cancer de cuello uterino",implante subdermico: usuarias continuas,2015-12-01,0,0,0,1,0,1
SANTA CRUZ DE LA SIERRA,"anticoncepcion, prevencion de its y de cancer de cuello uterino",implante subdermico: usuarias continuas,2015-12-01,0,0,0,1,0,1
SUCRE,"anticoncepcion, prevencion de its y de cancer de cuello uterino",implante subdermico: usuarias continuas,2015-12-01,0,0,12,0,0,12
TAPACARI,"anticoncepcion, prevencion de its y de cancer de cuello uterino",implante subdermico: usuarias continuas,2015-12-01,0,0,1,0,0,1
TARIJA,"anticoncepcion, prevencion de its y de cancer de cuello uterino",implante subdermico: usuarias continuas,2015-12-01,0,0,4,3,0,7
TEOPONTE,"anticoncepcion, prevencion de its y de cancer de cuello uterino",implante subdermico: usuarias continuas,2015-12-01,0,0,0,1,0,1
TIRAQUE (CBBA),"anticoncepcion, prevencion de its y de cancer de cuello uterino",implante subdermico: usuarias continuas,2015-12-01,0,1,2,0,0,3
TOTORA(CBBA),"anticoncepcion, prevencion de its y de cancer de cuello uterino",implante subdermico: usuarias continuas,2015-12-01,0,5,5,1,0,11
TRINIDAD,"anticoncepcion, prevencion de its y de cancer de cuello uterino",implante subdermico: usuarias continuas,2015-12-01,0,1,1,0,0,2
URIONDO (A. CONCEPCION),"anticoncepcion, prevencion de its y de cancer de cuello uterino",implante subdermico: usuarias continuas,2015-12-01,0,1,12,0,0,13
VINTO,"anticoncepcion, prevencion de its y de cancer de cuello uterino",implante subdermico: usuarias continuas,2015-12-01,0,1,2,0,0,3
YOTALA,"anticoncepcion, prevencion de its y de cancer de cuello uterino",implante subdermico: usuarias continuas,2015-12-01,0,1,1,0,0,2
