municipality,group,variable,month,Inyectable Trimestral: Usuarias Continuas,Inyectable Trimestral: Usuarias Continuas1,Inyectable Trimestral: Usuarias Continuas2,Inyectable Trimestral: Usuarias Continuas3,Inyectable Trimestral: Usuarias Continuas4,TOTAL
ACACIO,"anticoncepcion, prevencion de its y de cancer de cuello uterino",inyectable trimestral: usuarias continuas,2015-01-01,0,1,8,4,0,13
ACHACACHI,"anticoncepcion, prevencion de its y de cancer de cuello uterino",inyectable trimestral: usuarias continuas,2015-01-01,1,3,48,37,0,89
ACHOCALLA,"anticoncepcion, prevencion de its y de cancer de cuello uterino",inyectable trimestral: usuarias continuas,2015-01-01,0,7,18,5,0,30
AIQUILE,"anticoncepcion, prevencion de its y de cancer de cuello uterino",inyectable trimestral: usuarias continuas,2015-01-01,0,0,15,19,0,34
ALALAY,"anticoncepcion, prevencion de its y de cancer de cuello uterino",inyectable trimestral: usuarias continuas,2015-01-01,0,1,5,2,0,8
ALCALA,"anticoncepcion, prevencion de its y de cancer de cuello uterino",inyectable trimestral: usuarias continuas,2015-01-01,0,0,17,19,0,36
ALTO BENI,"anticoncepcion, prevencion de its y de cancer de cuello uterino",inyectable trimestral: usuarias continuas,2015-01-01,0,5,27,15,0,47
ANCORAIMES,"anticoncepcion, prevencion de its y de cancer de cuello uterino",inyectable trimestral: usuarias continuas,2015-01-01,0,2,9,11,1,23
ANDAMARCA,"anticoncepcion, prevencion de its y de cancer de cuello uterino",inyectable trimestral: usuarias continuas,2015-01-01,0,0,2,5,0,7
ANTEQUERA,"anticoncepcion, prevencion de its y de cancer de cuello uterino",inyectable trimestral: usuarias continuas,2015-01-01,0,0,3,3,0,6
ANZALDO,"anticoncepcion, prevencion de its y de cancer de cuello uterino",inyectable trimestral: usuarias continuas,2015-01-01,0,6,23,11,0,40
APOLO,"anticoncepcion, prevencion de its y de cancer de cuello uterino",inyectable trimestral: usuarias continuas,2015-01-01,0,4,35,15,1,55
ARAMPAMPA,"anticoncepcion, prevencion de its y de cancer de cuello uterino",inyectable trimestral: usuarias continuas,2015-01-01,0,0,4,2,0,6
ARANI,"anticoncepcion, prevencion de its y de cancer de cuello uterino",inyectable trimestral: usuarias continuas,2015-01-01,0,2,9,16,0,27
ARBIETO,"anticoncepcion, prevencion de its y de cancer de cuello uterino",inyectable trimestral: usuarias continuas,2015-01-01,0,4,37,21,0,62
ARQUE,"anticoncepcion, prevencion de its y de cancer de cuello uterino",inyectable trimestral: usuarias continuas,2015-01-01,0,6,33,33,0,72
ASCENCION DE GUARAYOS,"anticoncepcion, prevencion de its y de cancer de cuello uterino",inyectable trimestral: usuarias continuas,2015-01-01,1,5,23,5,0,34
ATOCHA,"anticoncepcion, prevencion de its y de cancer de cuello uterino",inyectable trimestral: usuarias continuas,2015-01-01,0,4,29,10,0,43
AUCAPATA,"anticoncepcion, prevencion de its y de cancer de cuello uterino",inyectable trimestral: usuarias continuas,2015-01-01,0,0,13,2,0,15
AYATA,"anticoncepcion, prevencion de its y de cancer de cuello uterino",inyectable trimestral: usuarias continuas,2015-01-01,0,1,14,17,0,32
AYO AYO,"anticoncepcion, prevencion de its y de cancer de cuello uterino",inyectable trimestral: usuarias continuas,2015-01-01,0,1,8,7,0,16
AYOPAYA (V. DE INDEPENDENCIA),"anticoncepcion, prevencion de its y de cancer de cuello uterino",inyectable trimestral: usuarias continuas,2015-01-01,1,10,73,58,1,143
AZURDUY,"anticoncepcion, prevencion de its y de cancer de cuello uterino",inyectable trimestral: usuarias continuas,2015-01-01,0,9,39,23,0,71
BATALLAS,"anticoncepcion, prevencion de its y de cancer de cuello uterino",inyectable trimestral: usuarias continuas,2015-01-01,0,1,28,21,0,50
BAURES,"anticoncepcion, prevencion de its y de cancer de cuello uterino",inyectable trimestral: usuarias continuas,2015-01-01,0,0,4,0,0,4
BELEN DE ANDAMARCA,"anticoncepcion, prevencion de its y de cancer de cuello uterino",inyectable trimestral: usuarias continuas,2015-01-01,0,0,2,0,0,2
BELEN DE URMIRI,"anticoncepcion, prevencion de its y de cancer de cuello uterino",inyectable trimestral: usuarias continuas,2015-01-01,0,0,0,1,0,1
BELLA FLOR,"anticoncepcion, prevencion de its y de cancer de cuello uterino",inyectable trimestral: usuarias continuas,2015-01-01,0,5,8,2,0,15
BERMEJO,"anticoncepcion, prevencion de its y de cancer de cuello uterino",inyectable trimestral: usuarias continuas,2015-01-01,0,9,46,27,0,82
BETANZOS,"anticoncepcion, prevencion de its y de cancer de cuello uterino",inyectable trimestral: usuarias continuas,2015-01-01,0,2,48,37,0,87
BOLIVAR,"anticoncepcion, prevencion de its y de cancer de cuello uterino",inyectable trimestral: usuarias continuas,2015-01-01,0,0,1,3,0,4
BOLPEBRA,"anticoncepcion, prevencion de its y de cancer de cuello uterino",inyectable trimestral: usuarias continuas,2015-01-01,0,1,2,1,0,4
BOYUIBE,"anticoncepcion, prevencion de its y de cancer de cuello uterino",inyectable trimestral: usuarias continuas,2015-01-01,0,0,5,3,0,8
BUENA VISTA,"anticoncepcion, prevencion de its y de cancer de cuello uterino",inyectable trimestral: usuarias continuas,2015-01-01,0,8,26,16,0,50
CABEZAS,"anticoncepcion, prevencion de its y de cancer de cuello uterino",inyectable trimestral: usuarias continuas,2015-01-01,0,13,66,20,1,100
CAIROMA,"anticoncepcion, prevencion de its y de cancer de cuello uterino",inyectable trimestral: usuarias continuas,2015-01-01,0,1,11,5,0,17
"CAIZA ""D""","anticoncepcion, prevencion de its y de cancer de cuello uterino",inyectable trimestral: usuarias continuas,2015-01-01,0,2,20,9,0,31
CAJUATA,"anticoncepcion, prevencion de its y de cancer de cuello uterino",inyectable trimestral: usuarias continuas,2015-01-01,0,5,28,18,0,51
CALACOTO,"anticoncepcion, prevencion de its y de cancer de cuello uterino",inyectable trimestral: usuarias continuas,2015-01-01,0,0,4,2,0,6
CALAMARCA,"anticoncepcion, prevencion de its y de cancer de cuello uterino",inyectable trimestral: usuarias continuas,2015-01-01,0,3,46,18,0,67
CAMARGO,"anticoncepcion, prevencion de its y de cancer de cuello uterino",inyectable trimestral: usuarias continuas,2015-01-01,0,5,19,18,0,42
CAMATAQUI (C. VILLA ABECIA),"anticoncepcion, prevencion de its y de cancer de cuello uterino",inyectable trimestral: usuarias continuas,2015-01-01,0,0,8,9,0,17
CAMIRI,"anticoncepcion, prevencion de its y de cancer de cuello uterino",inyectable trimestral: usuarias continuas,2015-01-01,0,6,41,18,0,65
CAPINOTA,"anticoncepcion, prevencion de its y de cancer de cuello uterino",inyectable trimestral: usuarias continuas,2015-01-01,1,12,50,24,0,87
CAQUIAVIRI,"anticoncepcion, prevencion de its y de cancer de cuello uterino",inyectable trimestral: usuarias continuas,2015-01-01,0,0,9,4,0,13
CARACOLLO,"anticoncepcion, prevencion de its y de cancer de cuello uterino",inyectable trimestral: usuarias continuas,2015-01-01,0,0,25,19,1,45
CARANAVI,"anticoncepcion, prevencion de its y de cancer de cuello uterino",inyectable trimestral: usuarias continuas,2015-01-01,1,7,48,34,0,90
CARAPARI,"anticoncepcion, prevencion de its y de cancer de cuello uterino",inyectable trimestral: usuarias continuas,2015-01-01,0,5,54,28,0,87
CARIPUYO,"anticoncepcion, prevencion de its y de cancer de cuello uterino",inyectable trimestral: usuarias continuas,2015-01-01,0,0,3,6,0,9
CARMEN RIVERO TORREZ,"anticoncepcion, prevencion de its y de cancer de cuello uterino",inyectable trimestral: usuarias continuas,2015-01-01,0,2,10,3,0,15
CATACORA,"anticoncepcion, prevencion de its y de cancer de cuello uterino",inyectable trimestral: usuarias continuas,2015-01-01,0,0,3,2,0,5
CHACARILLA,"anticoncepcion, prevencion de its y de cancer de cuello uterino",inyectable trimestral: usuarias continuas,2015-01-01,0,0,1,0,0,1
CHALLAPATA,"anticoncepcion, prevencion de its y de cancer de cuello uterino",inyectable trimestral: usuarias continuas,2015-01-01,0,3,18,10,0,31
CHAQUI,"anticoncepcion, prevencion de its y de cancer de cuello uterino",inyectable trimestral: usuarias continuas,2015-01-01,0,1,12,10,0,23
CHARAGUA,"anticoncepcion, prevencion de its y de cancer de cuello uterino",inyectable trimestral: usuarias continuas,2015-01-01,0,2,34,11,0,47
CHARAÃ‘A,"anticoncepcion, prevencion de its y de cancer de cuello uterino",inyectable trimestral: usuarias continuas,2015-01-01,0,0,4,5,0,9
CHAYANTA,"anticoncepcion, prevencion de its y de cancer de cuello uterino",inyectable trimestral: usuarias continuas,2015-01-01,0,1,20,9,0,30
CHIMORE,"anticoncepcion, prevencion de its y de cancer de cuello uterino",inyectable trimestral: usuarias continuas,2015-01-01,0,8,69,26,0,103
CHIPAYA,"anticoncepcion, prevencion de its y de cancer de cuello uterino",inyectable trimestral: usuarias continuas,2015-01-01,1,2,6,6,0,15
CHUA COCANI,"anticoncepcion, prevencion de its y de cancer de cuello uterino",inyectable trimestral: usuarias continuas,2015-01-01,0,0,2,4,0,6
CHULUMANI (V. DE LA LIBERTAD),"anticoncepcion, prevencion de its y de cancer de cuello uterino",inyectable trimestral: usuarias continuas,2015-01-01,0,5,37,6,0,48
CHUMA,"anticoncepcion, prevencion de its y de cancer de cuello uterino",inyectable trimestral: usuarias continuas,2015-01-01,0,1,12,20,0,33
CHUQUIHUTA AYLLU JUCUMANI,"anticoncepcion, prevencion de its y de cancer de cuello uterino",inyectable trimestral: usuarias continuas,2015-01-01,0,1,17,3,0,21
CKOCHAS,"anticoncepcion, prevencion de its y de cancer de cuello uterino",inyectable trimestral: usuarias continuas,2015-01-01,0,0,14,18,0,32
CLIZA,"anticoncepcion, prevencion de its y de cancer de cuello uterino",inyectable trimestral: usuarias continuas,2015-01-01,0,9,47,12,0,68
COBIJA,"anticoncepcion, prevencion de its y de cancer de cuello uterino",inyectable trimestral: usuarias continuas,2015-01-01,1,24,86,21,0,132
COCAPATA,"anticoncepcion, prevencion de its y de cancer de cuello uterino",inyectable trimestral: usuarias continuas,2015-01-01,0,4,40,18,0,62
COCHABAMBA,"anticoncepcion, prevencion de its y de cancer de cuello uterino",inyectable trimestral: usuarias continuas,2015-01-01,0,44,381,92,0,517
COIPASA,"anticoncepcion, prevencion de its y de cancer de cuello uterino",inyectable trimestral: usuarias continuas,2015-01-01,0,0,3,2,0,5
COLCAPIRHUA,"anticoncepcion, prevencion de its y de cancer de cuello uterino",inyectable trimestral: usuarias continuas,2015-01-01,0,11,42,5,0,58
"COLCHA ""K""","anticoncepcion, prevencion de its y de cancer de cuello uterino",inyectable trimestral: usuarias continuas,2015-01-01,0,3,42,14,0,59
COLLANA,"anticoncepcion, prevencion de its y de cancer de cuello uterino",inyectable trimestral: usuarias continuas,2015-01-01,0,1,7,3,0,11
COLOMI,"anticoncepcion, prevencion de its y de cancer de cuello uterino",inyectable trimestral: usuarias continuas,2015-01-01,0,8,49,20,0,77
COLPA BELGICA,"anticoncepcion, prevencion de its y de cancer de cuello uterino",inyectable trimestral: usuarias continuas,2015-01-01,0,1,16,4,0,21
COLQUECHACA,"anticoncepcion, prevencion de its y de cancer de cuello uterino",inyectable trimestral: usuarias continuas,2015-01-01,0,4,22,19,0,45
COLQUENCHA,"anticoncepcion, prevencion de its y de cancer de cuello uterino",inyectable trimestral: usuarias continuas,2015-01-01,0,14,19,10,0,43
COLQUIRI,"anticoncepcion, prevencion de its y de cancer de cuello uterino",inyectable trimestral: usuarias continuas,2015-01-01,0,1,27,14,0,42
COMANCHE,"anticoncepcion, prevencion de its y de cancer de cuello uterino",inyectable trimestral: usuarias continuas,2015-01-01,0,0,3,0,0,3
COMARAPA,"anticoncepcion, prevencion de its y de cancer de cuello uterino",inyectable trimestral: usuarias continuas,2015-01-01,1,10,86,19,1,117
COMBAYA,"anticoncepcion, prevencion de its y de cancer de cuello uterino",inyectable trimestral: usuarias continuas,2015-01-01,0,0,4,2,0,6
CONCEPCION,"anticoncepcion, prevencion de its y de cancer de cuello uterino",inyectable trimestral: usuarias continuas,2015-01-01,0,5,30,4,0,39
COPACABANA,"anticoncepcion, prevencion de its y de cancer de cuello uterino",inyectable trimestral: usuarias continuas,2015-01-01,0,0,30,5,0,35
CORIPATA,"anticoncepcion, prevencion de its y de cancer de cuello uterino",inyectable trimestral: usuarias continuas,2015-01-01,0,1,24,11,0,36
CORO CORO,"anticoncepcion, prevencion de its y de cancer de cuello uterino",inyectable trimestral: usuarias continuas,2015-01-01,0,0,13,4,0,17
COROICO,"anticoncepcion, prevencion de its y de cancer de cuello uterino",inyectable trimestral: usuarias continuas,2015-01-01,0,2,6,4,1,13
CORQUE,"anticoncepcion, prevencion de its y de cancer de cuello uterino",inyectable trimestral: usuarias continuas,2015-01-01,0,2,14,4,0,20
COTAGAITA,"anticoncepcion, prevencion de its y de cancer de cuello uterino",inyectable trimestral: usuarias continuas,2015-01-01,0,1,34,24,0,59
COTOCA,"anticoncepcion, prevencion de its y de cancer de cuello uterino",inyectable trimestral: usuarias continuas,2015-01-01,0,19,98,27,0,144
CUATRO CAÃ‘ADAS,"anticoncepcion, prevencion de its y de cancer de cuello uterino",inyectable trimestral: usuarias continuas,2015-01-01,1,3,38,15,0,57
CUCHUMUELA (V. G. VILLARROEL),"anticoncepcion, prevencion de its y de cancer de cuello uterino",inyectable trimestral: usuarias continuas,2015-01-01,0,0,5,1,0,6
CUEVO,"anticoncepcion, prevencion de its y de cancer de cuello uterino",inyectable trimestral: usuarias continuas,2015-01-01,0,2,21,8,0,31
CULPINA,"anticoncepcion, prevencion de its y de cancer de cuello uterino",inyectable trimestral: usuarias continuas,2015-01-01,0,3,59,33,0,95
CURAHUARA DE CARANGAS,"anticoncepcion, prevencion de its y de cancer de cuello uterino",inyectable trimestral: usuarias continuas,2015-01-01,0,1,6,5,0,12
CURVA,"anticoncepcion, prevencion de its y de cancer de cuello uterino",inyectable trimestral: usuarias continuas,2015-01-01,0,0,2,2,1,5
DESAGUADERO,"anticoncepcion, prevencion de its y de cancer de cuello uterino",inyectable trimestral: usuarias continuas,2015-01-01,0,0,11,9,0,20
EL ALTO,"anticoncepcion, prevencion de its y de cancer de cuello uterino",inyectable trimestral: usuarias continuas,2015-01-01,1,88,959,368,1,1417
EL CHORO,"anticoncepcion, prevencion de its y de cancer de cuello uterino",inyectable trimestral: usuarias continuas,2015-01-01,0,0,11,3,0,14
EL PUENTE(STC),"anticoncepcion, prevencion de its y de cancer de cuello uterino",inyectable trimestral: usuarias continuas,2015-01-01,0,4,42,10,0,56
EL PUENTE(TJA),"anticoncepcion, prevencion de its y de cancer de cuello uterino",inyectable trimestral: usuarias continuas,2015-01-01,0,9,58,43,1,111
EL TORNO,"anticoncepcion, prevencion de its y de cancer de cuello uterino",inyectable trimestral: usuarias continuas,2015-01-01,2,14,112,59,1,188
EL VILLAR,"anticoncepcion, prevencion de its y de cancer de cuello uterino",inyectable trimestral: usuarias continuas,2015-01-01,0,3,19,10,0,32
ENTRE RIOS TRJ,"anticoncepcion, prevencion de its y de cancer de cuello uterino",inyectable trimestral: usuarias continuas,2015-01-01,0,19,92,50,0,161
ENTRE RIOS CBBA,"anticoncepcion, prevencion de its y de cancer de cuello uterino",inyectable trimestral: usuarias continuas,2015-01-01,0,10,36,18,0,64
ESCARA,"anticoncepcion, prevencion de its y de cancer de cuello uterino",inyectable trimestral: usuarias continuas,2015-01-01,0,0,1,0,0,1
ESCOMA,"anticoncepcion, prevencion de its y de cancer de cuello uterino",inyectable trimestral: usuarias continuas,2015-01-01,0,0,1,1,0,2
ESMERALDA,"anticoncepcion, prevencion de its y de cancer de cuello uterino",inyectable trimestral: usuarias continuas,2015-01-01,0,0,1,0,0,1
EUCALIPTUS,"anticoncepcion, prevencion de its y de cancer de cuello uterino",inyectable trimestral: usuarias continuas,2015-01-01,0,0,6,2,0,8
EUREKA (SANTOS MERCADO),"anticoncepcion, prevencion de its y de cancer de cuello uterino",inyectable trimestral: usuarias continuas,2015-01-01,0,0,3,0,0,3
EXALTACION,"anticoncepcion, prevencion de its y de cancer de cuello uterino",inyectable trimestral: usuarias continuas,2015-01-01,0,0,2,0,0,2
FERNANDEZ ALONSO,"anticoncepcion, prevencion de its y de cancer de cuello uterino",inyectable trimestral: usuarias continuas,2015-01-01,0,10,37,19,4,70
FILADELFIA,"anticoncepcion, prevencion de its y de cancer de cuello uterino",inyectable trimestral: usuarias continuas,2015-01-01,0,5,19,2,1,27
GENERAL SAAVEDRA,"anticoncepcion, prevencion de its y de cancer de cuello uterino",inyectable trimestral: usuarias continuas,2015-01-01,0,15,39,16,0,70
GRAL. J.J. PEREZ (CHARAZANI),"anticoncepcion, prevencion de its y de cancer de cuello uterino",inyectable trimestral: usuarias continuas,2015-01-01,0,0,7,11,0,18
GUANAY,"anticoncepcion, prevencion de its y de cancer de cuello uterino",inyectable trimestral: usuarias continuas,2015-01-01,0,3,13,5,0,21
GUAQUI,"anticoncepcion, prevencion de its y de cancer de cuello uterino",inyectable trimestral: usuarias continuas,2015-01-01,0,2,12,4,0,18
GUAYARAMERIN,"anticoncepcion, prevencion de its y de cancer de cuello uterino",inyectable trimestral: usuarias continuas,2015-01-01,0,7,42,12,0,61
GUTIERREZ,"anticoncepcion, prevencion de its y de cancer de cuello uterino",inyectable trimestral: usuarias continuas,2015-01-01,0,4,23,7,0,34
HUACARETA,"anticoncepcion, prevencion de its y de cancer de cuello uterino",inyectable trimestral: usuarias continuas,2015-01-01,0,3,22,16,3,44
HUACAYA (VILLA DE HUACAYA),"anticoncepcion, prevencion de its y de cancer de cuello uterino",inyectable trimestral: usuarias continuas,2015-01-01,0,0,12,0,0,12
HUACHACALLA,"anticoncepcion, prevencion de its y de cancer de cuello uterino",inyectable trimestral: usuarias continuas,2015-01-01,0,0,3,2,0,5
HUANUNI,"anticoncepcion, prevencion de its y de cancer de cuello uterino",inyectable trimestral: usuarias continuas,2015-01-01,0,2,14,5,0,21
HUARACAJE,"anticoncepcion, prevencion de its y de cancer de cuello uterino",inyectable trimestral: usuarias continuas,2015-01-01,0,0,5,1,0,6
HUARINA,"anticoncepcion, prevencion de its y de cancer de cuello uterino",inyectable trimestral: usuarias continuas,2015-01-01,0,0,4,1,1,6
HUATAJATA,"anticoncepcion, prevencion de its y de cancer de cuello uterino",inyectable trimestral: usuarias continuas,2015-01-01,0,0,7,1,0,8
HUAYLLAMARCA,"anticoncepcion, prevencion de its y de cancer de cuello uterino",inyectable trimestral: usuarias continuas,2015-01-01,0,0,11,5,0,16
HUMANATA,"anticoncepcion, prevencion de its y de cancer de cuello uterino",inyectable trimestral: usuarias continuas,2015-01-01,0,2,0,7,0,9
ICHOCA,"anticoncepcion, prevencion de its y de cancer de cuello uterino",inyectable trimestral: usuarias continuas,2015-01-01,0,0,4,2,0,6
ICLA,"anticoncepcion, prevencion de its y de cancer de cuello uterino",inyectable trimestral: usuarias continuas,2015-01-01,0,0,9,16,0,25
INCAHUASI,"anticoncepcion, prevencion de its y de cancer de cuello uterino",inyectable trimestral: usuarias continuas,2015-01-01,0,5,46,26,0,77
INGAVI (HUMAITA),"anticoncepcion, prevencion de its y de cancer de cuello uterino",inyectable trimestral: usuarias continuas,2015-01-01,0,1,5,0,0,6
INQUISIVI,"anticoncepcion, prevencion de its y de cancer de cuello uterino",inyectable trimestral: usuarias continuas,2015-01-01,0,2,21,11,1,35
IRUPANA (VILLA DE LANZA),"anticoncepcion, prevencion de its y de cancer de cuello uterino",inyectable trimestral: usuarias continuas,2015-01-01,0,6,52,18,0,76
IXIAMAS,"anticoncepcion, prevencion de its y de cancer de cuello uterino",inyectable trimestral: usuarias continuas,2015-01-01,0,2,9,4,0,15
JESUS DE MACHACA,"anticoncepcion, prevencion de its y de cancer de cuello uterino",inyectable trimestral: usuarias continuas,2015-01-01,0,0,12,8,0,20
LA ASUNTA,"anticoncepcion, prevencion de its y de cancer de cuello uterino",inyectable trimestral: usuarias continuas,2015-01-01,0,6,110,42,1,159
LA GUARDIA,"anticoncepcion, prevencion de its y de cancer de cuello uterino",inyectable trimestral: usuarias continuas,2015-01-01,0,17,81,18,0,116
LA PAZ,"anticoncepcion, prevencion de its y de cancer de cuello uterino",inyectable trimestral: usuarias continuas,2015-01-01,0,41,338,89,0,468
LAGUNILLAS,"anticoncepcion, prevencion de its y de cancer de cuello uterino",inyectable trimestral: usuarias continuas,2015-01-01,1,2,12,5,0,20
LAJA,"anticoncepcion, prevencion de its y de cancer de cuello uterino",inyectable trimestral: usuarias continuas,2015-01-01,0,8,34,20,1,63
LAS CARRERAS,"anticoncepcion, prevencion de its y de cancer de cuello uterino",inyectable trimestral: usuarias continuas,2015-01-01,0,4,10,4,0,18
LICOMA PAMPA,"anticoncepcion, prevencion de its y de cancer de cuello uterino",inyectable trimestral: usuarias continuas,2015-01-01,0,1,7,3,0,11
LLALLAGUA,"anticoncepcion, prevencion de its y de cancer de cuello uterino",inyectable trimestral: usuarias continuas,2015-01-01,0,1,37,12,0,50
LLICA,"anticoncepcion, prevencion de its y de cancer de cuello uterino",inyectable trimestral: usuarias continuas,2015-01-01,0,1,21,3,0,25
LORETO,"anticoncepcion, prevencion de its y de cancer de cuello uterino",inyectable trimestral: usuarias continuas,2015-01-01,0,0,2,2,0,4
LURIBAY,"anticoncepcion, prevencion de its y de cancer de cuello uterino",inyectable trimestral: usuarias continuas,2015-01-01,0,0,20,10,0,30
MACHACAMARCA,"anticoncepcion, prevencion de its y de cancer de cuello uterino",inyectable trimestral: usuarias continuas,2015-01-01,0,0,4,1,0,5
MACHARETI,"anticoncepcion, prevencion de its y de cancer de cuello uterino",inyectable trimestral: usuarias continuas,2015-01-01,0,2,19,11,1,33
MAGDALENA,"anticoncepcion, prevencion de its y de cancer de cuello uterino",inyectable trimestral: usuarias continuas,2015-01-01,0,6,35,9,0,50
MAIRANA,"anticoncepcion, prevencion de its y de cancer de cuello uterino",inyectable trimestral: usuarias continuas,2015-01-01,0,5,17,4,0,26
MALLA,"anticoncepcion, prevencion de its y de cancer de cuello uterino",inyectable trimestral: usuarias continuas,2015-01-01,0,0,4,1,0,5
MAPIRI,"anticoncepcion, prevencion de its y de cancer de cuello uterino",inyectable trimestral: usuarias continuas,2015-01-01,0,5,15,3,0,23
MECAPACA,"anticoncepcion, prevencion de its y de cancer de cuello uterino",inyectable trimestral: usuarias continuas,2015-01-01,0,0,16,11,0,27
MINEROS,"anticoncepcion, prevencion de its y de cancer de cuello uterino",inyectable trimestral: usuarias continuas,2015-01-01,0,2,15,11,0,28
MIZQUE,"anticoncepcion, prevencion de its y de cancer de cuello uterino",inyectable trimestral: usuarias continuas,2015-01-01,0,6,61,26,0,93
MOCOMOCO,"anticoncepcion, prevencion de its y de cancer de cuello uterino",inyectable trimestral: usuarias continuas,2015-01-01,0,4,8,11,0,23
MOJOCOYA,"anticoncepcion, prevencion de its y de cancer de cuello uterino",inyectable trimestral: usuarias continuas,2015-01-01,0,0,39,25,0,64
MONTEAGUDO,"anticoncepcion, prevencion de its y de cancer de cuello uterino",inyectable trimestral: usuarias continuas,2015-01-01,1,11,64,41,1,118
MONTERO,"anticoncepcion, prevencion de its y de cancer de cuello uterino",inyectable trimestral: usuarias continuas,2015-01-01,0,28,126,32,0,186
MORO MORO,"anticoncepcion, prevencion de its y de cancer de cuello uterino",inyectable trimestral: usuarias continuas,2015-01-01,1,3,6,8,1,19
MOROCHATA,"anticoncepcion, prevencion de its y de cancer de cuello uterino",inyectable trimestral: usuarias continuas,2015-01-01,0,4,41,40,1,86
NACEBE (SANTA ROSA DEL ABUNA),"anticoncepcion, prevencion de its y de cancer de cuello uterino",inyectable trimestral: usuarias continuas,2015-01-01,1,1,8,0,0,10
NAZACARA DE PACAJES,"anticoncepcion, prevencion de its y de cancer de cuello uterino",inyectable trimestral: usuarias continuas,2015-01-01,0,0,0,1,0,1
NUEVO MANOA (NUEVA ESPERANZA),"anticoncepcion, prevencion de its y de cancer de cuello uterino",inyectable trimestral: usuarias continuas,2015-01-01,0,1,7,0,0,8
OCURI,"anticoncepcion, prevencion de its y de cancer de cuello uterino",inyectable trimestral: usuarias continuas,2015-01-01,0,1,23,15,0,39
OKINAWA,"anticoncepcion, prevencion de its y de cancer de cuello uterino",inyectable trimestral: usuarias continuas,2015-01-01,0,4,30,11,0,45
OMEREQUE,"anticoncepcion, prevencion de its y de cancer de cuello uterino",inyectable trimestral: usuarias continuas,2015-01-01,0,2,29,15,1,47
ORURO,"anticoncepcion, prevencion de its y de cancer de cuello uterino",inyectable trimestral: usuarias continuas,2015-01-01,0,28,429,151,0,608
PADCAYA,"anticoncepcion, prevencion de its y de cancer de cuello uterino",inyectable trimestral: usuarias continuas,2015-01-01,1,28,109,68,0,206
PADILLA,"anticoncepcion, prevencion de its y de cancer de cuello uterino",inyectable trimestral: usuarias continuas,2015-01-01,0,6,55,29,2,92
PAILON,"anticoncepcion, prevencion de its y de cancer de cuello uterino",inyectable trimestral: usuarias continuas,2015-01-01,0,5,27,17,0,49
PALCA,"anticoncepcion, prevencion de its y de cancer de cuello uterino",inyectable trimestral: usuarias continuas,2015-01-01,1,2,20,7,0,30
PALOS BLANCOS,"anticoncepcion, prevencion de its y de cancer de cuello uterino",inyectable trimestral: usuarias continuas,2015-01-01,0,6,62,37,0,105
PAMPA AULLAGAS,"anticoncepcion, prevencion de its y de cancer de cuello uterino",inyectable trimestral: usuarias continuas,2015-01-01,0,0,4,2,0,6
PAMPA GRANDE,"anticoncepcion, prevencion de its y de cancer de cuello uterino",inyectable trimestral: usuarias continuas,2015-01-01,0,7,24,10,4,45
PAPEL PAMPA,"anticoncepcion, prevencion de its y de cancer de cuello uterino",inyectable trimestral: usuarias continuas,2015-01-01,0,3,14,4,0,21
PASORAPA,"anticoncepcion, prevencion de its y de cancer de cuello uterino",inyectable trimestral: usuarias continuas,2015-01-01,0,2,14,10,0,26
PATACAMAYA,"anticoncepcion, prevencion de its y de cancer de cuello uterino",inyectable trimestral: usuarias continuas,2015-01-01,0,0,4,3,0,7
PAZÃ‘A,"anticoncepcion, prevencion de its y de cancer de cuello uterino",inyectable trimestral: usuarias continuas,2015-01-01,0,1,23,7,0,31
PELECHUCO,"anticoncepcion, prevencion de its y de cancer de cuello uterino",inyectable trimestral: usuarias continuas,2015-01-01,0,2,11,13,0,26
POCOATA,"anticoncepcion, prevencion de its y de cancer de cuello uterino",inyectable trimestral: usuarias continuas,2015-01-01,0,0,31,13,0,44
POCONA,"anticoncepcion, prevencion de its y de cancer de cuello uterino",inyectable trimestral: usuarias continuas,2015-01-01,0,7,41,27,0,75
POJO (CBBA),"anticoncepcion, prevencion de its y de cancer de cuello uterino",inyectable trimestral: usuarias continuas,2015-01-01,0,7,46,38,0,91
POOPO,"anticoncepcion, prevencion de its y de cancer de cuello uterino",inyectable trimestral: usuarias continuas,2015-01-01,0,2,8,1,0,11
PORCO,"anticoncepcion, prevencion de its y de cancer de cuello uterino",inyectable trimestral: usuarias continuas,2015-01-01,0,5,20,8,0,33
POROMA,"anticoncepcion, prevencion de its y de cancer de cuello uterino",inyectable trimestral: usuarias continuas,2015-01-01,0,3,35,26,1,65
PORONGO,"anticoncepcion, prevencion de its y de cancer de cuello uterino",inyectable trimestral: usuarias continuas,2015-01-01,0,3,17,10,0,30
PORTACHUELO,"anticoncepcion, prevencion de its y de cancer de cuello uterino",inyectable trimestral: usuarias continuas,2015-01-01,0,8,39,12,0,59
PORVENIR,"anticoncepcion, prevencion de its y de cancer de cuello uterino",inyectable trimestral: usuarias continuas,2015-01-01,0,3,24,5,0,32
POSTRER VALLE,"anticoncepcion, prevencion de its y de cancer de cuello uterino",inyectable trimestral: usuarias continuas,2015-01-01,0,1,8,2,0,11
POTOSI,"anticoncepcion, prevencion de its y de cancer de cuello uterino",inyectable trimestral: usuarias continuas,2015-01-01,0,24,432,136,0,592
PRESTO,"anticoncepcion, prevencion de its y de cancer de cuello uterino",inyectable trimestral: usuarias continuas,2015-01-01,0,3,25,14,0,42
PUCARA,"anticoncepcion, prevencion de its y de cancer de cuello uterino",inyectable trimestral: usuarias continuas,2015-01-01,0,0,12,3,0,15
PUCARANI,"anticoncepcion, prevencion de its y de cancer de cuello uterino",inyectable trimestral: usuarias continuas,2015-01-01,0,5,67,29,1,102
PUERTO ACOSTA,"anticoncepcion, prevencion de its y de cancer de cuello uterino",inyectable trimestral: usuarias continuas,2015-01-01,0,0,5,1,0,6
PUERTO CARABUCO,"anticoncepcion, prevencion de its y de cancer de cuello uterino",inyectable trimestral: usuarias continuas,2015-01-01,0,0,17,9,0,26
PUERTO GONZALO MORENO,"anticoncepcion, prevencion de its y de cancer de cuello uterino",inyectable trimestral: usuarias continuas,2015-01-01,0,4,27,6,0,37
PUERTO PEREZ,"anticoncepcion, prevencion de its y de cancer de cuello uterino",inyectable trimestral: usuarias continuas,2015-01-01,0,0,10,7,0,17
PUERTO QUIJARRO,"anticoncepcion, prevencion de its y de cancer de cuello uterino",inyectable trimestral: usuarias continuas,2015-01-01,0,2,16,6,0,24
PUERTO RICO,"anticoncepcion, prevencion de its y de cancer de cuello uterino",inyectable trimestral: usuarias continuas,2015-01-01,0,15,31,5,0,51
PUERTO SILES,"anticoncepcion, prevencion de its y de cancer de cuello uterino",inyectable trimestral: usuarias continuas,2015-01-01,0,1,0,0,0,1
PUERTO SUAREZ,"anticoncepcion, prevencion de its y de cancer de cuello uterino",inyectable trimestral: usuarias continuas,2015-01-01,0,1,10,0,0,11
PUERTO VILLARROEL,"anticoncepcion, prevencion de its y de cancer de cuello uterino",inyectable trimestral: usuarias continuas,2015-01-01,2,12,67,26,0,107
PUNA,"anticoncepcion, prevencion de its y de cancer de cuello uterino",inyectable trimestral: usuarias continuas,2015-01-01,1,2,26,15,0,44
PUNATA,"anticoncepcion, prevencion de its y de cancer de cuello uterino",inyectable trimestral: usuarias continuas,2015-01-01,0,0,34,13,1,48
QUIABAYA,"anticoncepcion, prevencion de its y de cancer de cuello uterino",inyectable trimestral: usuarias continuas,2015-01-01,0,0,13,5,0,18
QUILLACOLLO,"anticoncepcion, prevencion de its y de cancer de cuello uterino",inyectable trimestral: usuarias continuas,2015-01-01,0,26,128,13,0,167
QUIME,"anticoncepcion, prevencion de its y de cancer de cuello uterino",inyectable trimestral: usuarias continuas,2015-01-01,0,2,36,0,0,38
QUIRUSILLAS,"anticoncepcion, prevencion de its y de cancer de cuello uterino",inyectable trimestral: usuarias continuas,2015-01-01,0,2,5,3,0,10
RAVELO,"anticoncepcion, prevencion de its y de cancer de cuello uterino",inyectable trimestral: usuarias continuas,2015-01-01,0,0,40,39,0,79
REYES,"anticoncepcion, prevencion de its y de cancer de cuello uterino",inyectable trimestral: usuarias continuas,2015-01-01,0,4,15,5,0,24
RIBERALTA,"anticoncepcion, prevencion de its y de cancer de cuello uterino",inyectable trimestral: usuarias continuas,2015-01-01,6,25,101,14,0,146
ROBORE,"anticoncepcion, prevencion de its y de cancer de cuello uterino",inyectable trimestral: usuarias continuas,2015-01-01,0,6,35,6,0,47
RURRENABAQUE,"anticoncepcion, prevencion de its y de cancer de cuello uterino",inyectable trimestral: usuarias continuas,2015-01-01,0,2,30,28,0,60
SABAYA,"anticoncepcion, prevencion de its y de cancer de cuello uterino",inyectable trimestral: usuarias continuas,2015-01-01,0,0,13,5,0,18
SACABA,"anticoncepcion, prevencion de its y de cancer de cuello uterino",inyectable trimestral: usuarias continuas,2015-01-01,0,15,134,36,0,185
SACABAMBA,"anticoncepcion, prevencion de its y de cancer de cuello uterino",inyectable trimestral: usuarias continuas,2015-01-01,0,0,7,9,0,16
SACACA,"anticoncepcion, prevencion de its y de cancer de cuello uterino",inyectable trimestral: usuarias continuas,2015-01-01,0,3,33,26,0,62
SAIPINA,"anticoncepcion, prevencion de its y de cancer de cuello uterino",inyectable trimestral: usuarias continuas,2015-01-01,0,3,18,10,0,31
SALINAS DE GARCI MENDOZA,"anticoncepcion, prevencion de its y de cancer de cuello uterino",inyectable trimestral: usuarias continuas,2015-01-01,0,3,18,8,0,29
SAMAIPATA,"anticoncepcion, prevencion de its y de cancer de cuello uterino",inyectable trimestral: usuarias continuas,2015-01-01,1,3,23,10,0,37
SAN AGUSTIN,"anticoncepcion, prevencion de its y de cancer de cuello uterino",inyectable trimestral: usuarias continuas,2015-01-01,0,0,4,1,0,5
SAN ANDRES,"anticoncepcion, prevencion de its y de cancer de cuello uterino",inyectable trimestral: usuarias continuas,2015-01-01,0,6,15,13,1,35
SAN ANDRES DE MACHACA,"anticoncepcion, prevencion de its y de cancer de cuello uterino",inyectable trimestral: usuarias continuas,2015-01-01,0,0,5,2,0,7
SAN ANTONIO DE ESMORUCO,"anticoncepcion, prevencion de its y de cancer de cuello uterino",inyectable trimestral: usuarias continuas,2015-01-01,0,1,3,1,0,5
SAN ANTONIO DE LOMERIO,"anticoncepcion, prevencion de its y de cancer de cuello uterino",inyectable trimestral: usuarias continuas,2015-01-01,0,4,32,35,1,72
SAN BENITO,"anticoncepcion, prevencion de its y de cancer de cuello uterino",inyectable trimestral: usuarias continuas,2015-01-01,0,1,20,11,0,32
SAN BORJA,"anticoncepcion, prevencion de its y de cancer de cuello uterino",inyectable trimestral: usuarias continuas,2015-01-01,0,10,73,31,0,114
SAN BUENA VENTURA,"anticoncepcion, prevencion de its y de cancer de cuello uterino",inyectable trimestral: usuarias continuas,2015-01-01,0,3,14,5,0,22
SAN CARLOS,"anticoncepcion, prevencion de its y de cancer de cuello uterino",inyectable trimestral: usuarias continuas,2015-01-01,0,7,34,18,0,59
SAN IGNACIO,"anticoncepcion, prevencion de its y de cancer de cuello uterino",inyectable trimestral: usuarias continuas,2015-01-01,0,14,79,24,0,117
SAN IGNACIO DE VELASCO,"anticoncepcion, prevencion de its y de cancer de cuello uterino",inyectable trimestral: usuarias continuas,2015-01-01,0,20,143,43,1,207
SAN JAVIER(BNI),"anticoncepcion, prevencion de its y de cancer de cuello uterino",inyectable trimestral: usuarias continuas,2015-01-01,0,0,4,2,0,6
SAN JAVIER(STC),"anticoncepcion, prevencion de its y de cancer de cuello uterino",inyectable trimestral: usuarias continuas,2015-01-01,0,8,13,8,0,29
SAN JOAQUIN,"anticoncepcion, prevencion de its y de cancer de cuello uterino",inyectable trimestral: usuarias continuas,2015-01-01,0,2,3,0,0,5
SAN JOSE DE CHIQUITOS,"anticoncepcion, prevencion de its y de cancer de cuello uterino",inyectable trimestral: usuarias continuas,2015-01-01,0,3,3,1,0,7
SAN JUAN DE YAPACANI,"anticoncepcion, prevencion de its y de cancer de cuello uterino",inyectable trimestral: usuarias continuas,2015-01-01,0,1,27,11,0,39
SAN JULIAN,"anticoncepcion, prevencion de its y de cancer de cuello uterino",inyectable trimestral: usuarias continuas,2015-01-01,0,11,101,39,0,151
SAN LORENZO(PND),"anticoncepcion, prevencion de its y de cancer de cuello uterino",inyectable trimestral: usuarias continuas,2015-01-01,5,5,17,2,0,29
SAN LORENZO(TJA),"anticoncepcion, prevencion de its y de cancer de cuello uterino",inyectable trimestral: usuarias continuas,2015-01-01,0,7,50,35,0,92
SAN LUCAS,"anticoncepcion, prevencion de its y de cancer de cuello uterino",inyectable trimestral: usuarias continuas,2015-01-01,1,4,50,39,0,94
SAN MATIAS,"anticoncepcion, prevencion de its y de cancer de cuello uterino",inyectable trimestral: usuarias continuas,2015-01-01,0,7,22,8,1,38
SAN MIGUEL DE VELASCO,"anticoncepcion, prevencion de its y de cancer de cuello uterino",inyectable trimestral: usuarias continuas,2015-01-01,2,8,60,31,2,103
SAN PABLO DE LIPEZ,"anticoncepcion, prevencion de its y de cancer de cuello uterino",inyectable trimestral: usuarias continuas,2015-01-01,0,0,6,2,0,8
SAN PEDRO,"anticoncepcion, prevencion de its y de cancer de cuello uterino",inyectable trimestral: usuarias continuas,2015-01-01,0,6,30,17,0,53
SAN PEDRO DE BUENA VISTA,"anticoncepcion, prevencion de its y de cancer de cuello uterino",inyectable trimestral: usuarias continuas,2015-01-01,0,2,39,22,0,63
SAN PEDRO DE CURAHUARA,"anticoncepcion, prevencion de its y de cancer de cuello uterino",inyectable trimestral: usuarias continuas,2015-01-01,0,3,3,8,0,14
SAN PEDRO DE QUEMES,"anticoncepcion, prevencion de its y de cancer de cuello uterino",inyectable trimestral: usuarias continuas,2015-01-01,0,0,1,0,0,1
SAN PEDRO DE TIQUINA,"anticoncepcion, prevencion de its y de cancer de cuello uterino",inyectable trimestral: usuarias continuas,2015-01-01,0,0,5,2,0,7
SAN PEDRO(PND),"anticoncepcion, prevencion de its y de cancer de cuello uterino",inyectable trimestral: usuarias continuas,2015-01-01,0,4,3,0,0,7
SAN RAFAEL,"anticoncepcion, prevencion de its y de cancer de cuello uterino",inyectable trimestral: usuarias continuas,2015-01-01,0,8,36,11,0,55
SAN RAMON BENI,"anticoncepcion, prevencion de its y de cancer de cuello uterino",inyectable trimestral: usuarias continuas,2015-01-01,0,0,6,0,0,6
SAN RAMON SCZ,"anticoncepcion, prevencion de its y de cancer de cuello uterino",inyectable trimestral: usuarias continuas,2015-01-01,0,15,18,6,0,39
SANTA ANA,"anticoncepcion, prevencion de its y de cancer de cuello uterino",inyectable trimestral: usuarias continuas,2015-01-01,0,3,24,5,0,32
SANTA CRUZ DE LA SIERRA,"anticoncepcion, prevencion de its y de cancer de cuello uterino",inyectable trimestral: usuarias continuas,2015-01-01,86,142,335,278,101,942
SANTA ROSA,"anticoncepcion, prevencion de its y de cancer de cuello uterino",inyectable trimestral: usuarias continuas,2015-01-01,0,4,7,4,1,16
SANTA ROSA DEL SARA,"anticoncepcion, prevencion de its y de cancer de cuello uterino",inyectable trimestral: usuarias continuas,2015-01-01,0,8,36,26,0,70
SANTIAGO DE HUARI,"anticoncepcion, prevencion de its y de cancer de cuello uterino",inyectable trimestral: usuarias continuas,2015-01-01,0,0,6,10,0,16
SANTIAGO DE HUATA,"anticoncepcion, prevencion de its y de cancer de cuello uterino",inyectable trimestral: usuarias continuas,2015-01-01,0,2,8,5,0,15
SANTIAGO DE MACHACA,"anticoncepcion, prevencion de its y de cancer de cuello uterino",inyectable trimestral: usuarias continuas,2015-01-01,0,1,4,2,0,7
SANTIVAÃ‘ES,"anticoncepcion, prevencion de its y de cancer de cuello uterino",inyectable trimestral: usuarias continuas,2015-01-01,3,2,17,4,0,26
SANTUARIO DE QUILLACAS,"anticoncepcion, prevencion de its y de cancer de cuello uterino",inyectable trimestral: usuarias continuas,2015-01-01,0,0,5,1,0,6
SAPAHAQUI,"anticoncepcion, prevencion de its y de cancer de cuello uterino",inyectable trimestral: usuarias continuas,2015-01-01,0,2,16,21,0,39
SENA,"anticoncepcion, prevencion de its y de cancer de cuello uterino",inyectable trimestral: usuarias continuas,2015-01-01,0,3,8,1,0,12
SHINAOTA,"anticoncepcion, prevencion de its y de cancer de cuello uterino",inyectable trimestral: usuarias continuas,2015-01-01,0,3,46,6,0,55
SICA SICA (VILLA AROMA),"anticoncepcion, prevencion de its y de cancer de cuello uterino",inyectable trimestral: usuarias continuas,2015-01-01,0,3,39,33,1,76
SICAYA,"anticoncepcion, prevencion de its y de cancer de cuello uterino",inyectable trimestral: usuarias continuas,2015-01-01,0,2,17,7,0,26
SIPE SIPE,"anticoncepcion, prevencion de its y de cancer de cuello uterino",inyectable trimestral: usuarias continuas,2015-01-01,0,18,159,68,0,245
SOPACHUY,"anticoncepcion, prevencion de its y de cancer de cuello uterino",inyectable trimestral: usuarias continuas,2015-01-01,0,3,21,18,0,42
SORACACHI,"anticoncepcion, prevencion de its y de cancer de cuello uterino",inyectable trimestral: usuarias continuas,2015-01-01,0,2,15,6,0,23
SORATA,"anticoncepcion, prevencion de its y de cancer de cuello uterino",inyectable trimestral: usuarias continuas,2015-01-01,0,2,36,19,0,57
SUCRE,"anticoncepcion, prevencion de its y de cancer de cuello uterino",inyectable trimestral: usuarias continuas,2015-01-01,1,40,423,163,3,630
TACACHI,"anticoncepcion, prevencion de its y de cancer de cuello uterino",inyectable trimestral: usuarias continuas,2015-01-01,0,0,2,2,0,4
TACACOMA,"anticoncepcion, prevencion de its y de cancer de cuello uterino",inyectable trimestral: usuarias continuas,2015-01-01,0,1,20,8,0,29
TACOBAMBA,"anticoncepcion, prevencion de its y de cancer de cuello uterino",inyectable trimestral: usuarias continuas,2015-01-01,0,1,8,9,0,18
TACOPAYA,"anticoncepcion, prevencion de its y de cancer de cuello uterino",inyectable trimestral: usuarias continuas,2015-01-01,1,0,8,5,0,14
TAHUA,"anticoncepcion, prevencion de its y de cancer de cuello uterino",inyectable trimestral: usuarias continuas,2015-01-01,0,0,4,3,0,7
TAPACARI,"anticoncepcion, prevencion de its y de cancer de cuello uterino",inyectable trimestral: usuarias continuas,2015-01-01,0,6,52,40,0,98
TARABUCO,"anticoncepcion, prevencion de its y de cancer de cuello uterino",inyectable trimestral: usuarias continuas,2015-01-01,0,5,32,21,1,59
TARACO,"anticoncepcion, prevencion de its y de cancer de cuello uterino",inyectable trimestral: usuarias continuas,2015-01-01,0,2,12,13,1,28
TARATA,"anticoncepcion, prevencion de its y de cancer de cuello uterino",inyectable trimestral: usuarias continuas,2015-01-01,0,3,24,11,0,38
TARIJA,"anticoncepcion, prevencion de its y de cancer de cuello uterino",inyectable trimestral: usuarias continuas,2015-01-01,2,35,236,91,4,368
TARVITA,"anticoncepcion, prevencion de its y de cancer de cuello uterino",inyectable trimestral: usuarias continuas,2015-01-01,0,3,29,27,0,59
TEOPONTE,"anticoncepcion, prevencion de its y de cancer de cuello uterino",inyectable trimestral: usuarias continuas,2015-01-01,0,2,9,8,0,19
TIAWANACU,"anticoncepcion, prevencion de its y de cancer de cuello uterino",inyectable trimestral: usuarias continuas,2015-01-01,0,5,39,17,0,61
TINGUIPAYA,"anticoncepcion, prevencion de its y de cancer de cuello uterino",inyectable trimestral: usuarias continuas,2015-01-01,0,1,16,12,0,29
TIPUANI,"anticoncepcion, prevencion de its y de cancer de cuello uterino",inyectable trimestral: usuarias continuas,2015-01-01,0,2,19,5,0,26
TIQUIPAYA,"anticoncepcion, prevencion de its y de cancer de cuello uterino",inyectable trimestral: usuarias continuas,2015-01-01,1,9,62,20,0,92
TIRAQUE (CBBA),"anticoncepcion, prevencion de its y de cancer de cuello uterino",inyectable trimestral: usuarias continuas,2015-01-01,0,3,48,38,1,90
TITO YUPANQUI (PARQUIPUJIO),"anticoncepcion, prevencion de its y de cancer de cuello uterino",inyectable trimestral: usuarias continuas,2015-01-01,0,0,2,2,0,4
TOCO,"anticoncepcion, prevencion de its y de cancer de cuello uterino",inyectable trimestral: usuarias continuas,2015-01-01,0,3,19,11,0,33
TOLATA,"anticoncepcion, prevencion de its y de cancer de cuello uterino",inyectable trimestral: usuarias continuas,2015-01-01,0,1,16,4,0,21
TOLEDO,"anticoncepcion, prevencion de its y de cancer de cuello uterino",inyectable trimestral: usuarias continuas,2015-01-01,0,0,5,3,0,8
TOMAVE,"anticoncepcion, prevencion de its y de cancer de cuello uterino",inyectable trimestral: usuarias continuas,2015-01-01,0,0,18,18,0,36
TOMINA,"anticoncepcion, prevencion de its y de cancer de cuello uterino",inyectable trimestral: usuarias continuas,2015-01-01,0,5,50,30,0,85
TORO TORO,"anticoncepcion, prevencion de its y de cancer de cuello uterino",inyectable trimestral: usuarias continuas,2015-01-01,0,6,23,6,0,35
TOTORA(CBBA),"anticoncepcion, prevencion de its y de cancer de cuello uterino",inyectable trimestral: usuarias continuas,2015-01-01,0,10,57,26,0,93
TOTORA(ORR),"anticoncepcion, prevencion de its y de cancer de cuello uterino",inyectable trimestral: usuarias continuas,2015-01-01,0,0,11,8,1,20
TRIGAL,"anticoncepcion, prevencion de its y de cancer de cuello uterino",inyectable trimestral: usuarias continuas,2015-01-01,0,1,6,2,0,9
TRINIDAD,"anticoncepcion, prevencion de its y de cancer de cuello uterino",inyectable trimestral: usuarias continuas,2015-01-01,1,14,56,13,0,84
TUPIZA,"anticoncepcion, prevencion de its y de cancer de cuello uterino",inyectable trimestral: usuarias continuas,2015-01-01,0,13,118,49,0,180
TURCO,"anticoncepcion, prevencion de its y de cancer de cuello uterino",inyectable trimestral: usuarias continuas,2015-01-01,0,1,11,5,0,17
UMALA,"anticoncepcion, prevencion de its y de cancer de cuello uterino",inyectable trimestral: usuarias continuas,2015-01-01,0,1,6,5,0,12
UNCIA,"anticoncepcion, prevencion de its y de cancer de cuello uterino",inyectable trimestral: usuarias continuas,2015-01-01,0,0,30,22,0,52
URIONDO (A. CONCEPCION),"anticoncepcion, prevencion de its y de cancer de cuello uterino",inyectable trimestral: usuarias continuas,2015-01-01,0,10,67,28,1,106
URUBICHA,"anticoncepcion, prevencion de its y de cancer de cuello uterino",inyectable trimestral: usuarias continuas,2015-01-01,0,1,6,7,0,14
UYUNI,"anticoncepcion, prevencion de its y de cancer de cuello uterino",inyectable trimestral: usuarias continuas,2015-01-01,0,5,34,6,0,45
VACAS,"anticoncepcion, prevencion de its y de cancer de cuello uterino",inyectable trimestral: usuarias continuas,2015-01-01,0,1,27,21,0,49
VALLEGRANDE,"anticoncepcion, prevencion de its y de cancer de cuello uterino",inyectable trimestral: usuarias continuas,2015-01-01,0,18,40,8,0,66
VIACHA,"anticoncepcion, prevencion de its y de cancer de cuello uterino",inyectable trimestral: usuarias continuas,2015-01-01,0,9,120,63,0,192
VILA VILA,"anticoncepcion, prevencion de its y de cancer de cuello uterino",inyectable trimestral: usuarias continuas,2015-01-01,0,0,3,2,0,5
VILLA CHARCAS,"anticoncepcion, prevencion de its y de cancer de cuello uterino",inyectable trimestral: usuarias continuas,2015-01-01,0,8,46,22,0,76
VILLA MONTES,"anticoncepcion, prevencion de its y de cancer de cuello uterino",inyectable trimestral: usuarias continuas,2015-01-01,0,13,92,24,0,129
VILLA NUEVA (LOMA ALTA),"anticoncepcion, prevencion de its y de cancer de cuello uterino",inyectable trimestral: usuarias continuas,2015-01-01,0,0,7,0,1,8
VILLA RIVERO,"anticoncepcion, prevencion de its y de cancer de cuello uterino",inyectable trimestral: usuarias continuas,2015-01-01,0,3,27,18,0,48
VILLA SERRANO,"anticoncepcion, prevencion de its y de cancer de cuello uterino",inyectable trimestral: usuarias continuas,2015-01-01,0,4,31,20,0,55
VILLA TUNARI,"anticoncepcion, prevencion de its y de cancer de cuello uterino",inyectable trimestral: usuarias continuas,2015-01-01,0,26,283,87,1,397
VILLA VACA GUZMAN (MUYUPAMPA),"anticoncepcion, prevencion de its y de cancer de cuello uterino",inyectable trimestral: usuarias continuas,2015-01-01,0,2,37,18,0,57
VILLAZON,"anticoncepcion, prevencion de its y de cancer de cuello uterino",inyectable trimestral: usuarias continuas,2015-01-01,0,9,114,42,0,165
VINTO,"anticoncepcion, prevencion de its y de cancer de cuello uterino",inyectable trimestral: usuarias continuas,2015-01-01,1,13,49,17,0,80
VITICHI,"anticoncepcion, prevencion de its y de cancer de cuello uterino",inyectable trimestral: usuarias continuas,2015-01-01,0,1,12,10,0,23
WALDO BALLIVIAN,"anticoncepcion, prevencion de its y de cancer de cuello uterino",inyectable trimestral: usuarias continuas,2015-01-01,0,0,0,3,0,3
WARNES,"anticoncepcion, prevencion de its y de cancer de cuello uterino",inyectable trimestral: usuarias continuas,2015-01-01,1,23,146,45,2,217
YACO,"anticoncepcion, prevencion de its y de cancer de cuello uterino",inyectable trimestral: usuarias continuas,2015-01-01,0,1,8,8,0,17
YACUIBA,"anticoncepcion, prevencion de its y de cancer de cuello uterino",inyectable trimestral: usuarias continuas,2015-01-01,1,29,167,122,2,321
YAMPARAEZ,"anticoncepcion, prevencion de its y de cancer de cuello uterino",inyectable trimestral: usuarias continuas,2015-01-01,0,0,6,13,0,19
YANACACHI,"anticoncepcion, prevencion de its y de cancer de cuello uterino",inyectable trimestral: usuarias continuas,2015-01-01,0,0,8,7,0,15
YAPACANI,"anticoncepcion, prevencion de its y de cancer de cuello uterino",inyectable trimestral: usuarias continuas,2015-01-01,0,12,55,25,0,92
YOCALLA,"anticoncepcion, prevencion de its y de cancer de cuello uterino",inyectable trimestral: usuarias continuas,2015-01-01,0,2,13,4,0,19
YOTALA,"anticoncepcion, prevencion de its y de cancer de cuello uterino",inyectable trimestral: usuarias continuas,2015-01-01,0,0,6,8,1,15
YUNCHARA,"anticoncepcion, prevencion de its y de cancer de cuello uterino",inyectable trimestral: usuarias continuas,2015-01-01,0,6,46,26,1,79
ZUDAÃ‘EZ,"anticoncepcion, prevencion de its y de cancer de cuello uterino",inyectable trimestral: usuarias continuas,2015-01-01,0,2,32,21,0,55
ACACIO,"anticoncepcion, prevencion de its y de cancer de cuello uterino",inyectable trimestral: usuarias continuas,2015-02-01,0,1,8,8,0,17
ACHACACHI,"anticoncepcion, prevencion de its y de cancer de cuello uterino",inyectable trimestral: usuarias continuas,2015-02-01,0,3,43,32,0,78
ACHOCALLA,"anticoncepcion, prevencion de its y de cancer de cuello uterino",inyectable trimestral: usuarias continuas,2015-02-01,0,2,14,18,0,34
AIQUILE,"anticoncepcion, prevencion de its y de cancer de cuello uterino",inyectable trimestral: usuarias continuas,2015-02-01,0,4,21,18,0,43
ALALAY,"anticoncepcion, prevencion de its y de cancer de cuello uterino",inyectable trimestral: usuarias continuas,2015-02-01,0,2,3,3,0,8
ALCALA,"anticoncepcion, prevencion de its y de cancer de cuello uterino",inyectable trimestral: usuarias continuas,2015-02-01,0,3,13,9,0,25
ALTO BENI,"anticoncepcion, prevencion de its y de cancer de cuello uterino",inyectable trimestral: usuarias continuas,2015-02-01,0,4,17,8,0,29
ANCORAIMES,"anticoncepcion, prevencion de its y de cancer de cuello uterino",inyectable trimestral: usuarias continuas,2015-02-01,0,3,9,6,0,18
ANDAMARCA,"anticoncepcion, prevencion de its y de cancer de cuello uterino",inyectable trimestral: usuarias continuas,2015-02-01,0,1,2,5,0,8
ANTEQUERA,"anticoncepcion, prevencion de its y de cancer de cuello uterino",inyectable trimestral: usuarias continuas,2015-02-01,0,0,4,0,0,4
ANZALDO,"anticoncepcion, prevencion de its y de cancer de cuello uterino",inyectable trimestral: usuarias continuas,2015-02-01,0,2,27,8,0,37
APOLO,"anticoncepcion, prevencion de its y de cancer de cuello uterino",inyectable trimestral: usuarias continuas,2015-02-01,0,0,33,23,0,56
ARAMPAMPA,"anticoncepcion, prevencion de its y de cancer de cuello uterino",inyectable trimestral: usuarias continuas,2015-02-01,0,0,6,4,0,10
ARANI,"anticoncepcion, prevencion de its y de cancer de cuello uterino",inyectable trimestral: usuarias continuas,2015-02-01,0,1,12,2,0,15
ARBIETO,"anticoncepcion, prevencion de its y de cancer de cuello uterino",inyectable trimestral: usuarias continuas,2015-02-01,0,5,40,10,0,55
ARQUE,"anticoncepcion, prevencion de its y de cancer de cuello uterino",inyectable trimestral: usuarias continuas,2015-02-01,0,3,39,31,0,73
ASCENCION DE GUARAYOS,"anticoncepcion, prevencion de its y de cancer de cuello uterino",inyectable trimestral: usuarias continuas,2015-02-01,0,4,25,6,0,35
ATOCHA,"anticoncepcion, prevencion de its y de cancer de cuello uterino",inyectable trimestral: usuarias continuas,2015-02-01,0,1,45,18,0,64
AUCAPATA,"anticoncepcion, prevencion de its y de cancer de cuello uterino",inyectable trimestral: usuarias continuas,2015-02-01,0,2,12,7,0,21
AYATA,"anticoncepcion, prevencion de its y de cancer de cuello uterino",inyectable trimestral: usuarias continuas,2015-02-01,0,0,22,12,0,34
AYO AYO,"anticoncepcion, prevencion de its y de cancer de cuello uterino",inyectable trimestral: usuarias continuas,2015-02-01,0,2,15,10,0,27
AYOPAYA (V. DE INDEPENDENCIA),"anticoncepcion, prevencion de its y de cancer de cuello uterino",inyectable trimestral: usuarias continuas,2015-02-01,0,8,89,76,0,173
AZURDUY,"anticoncepcion, prevencion de its y de cancer de cuello uterino",inyectable trimestral: usuarias continuas,2015-02-01,0,13,42,20,0,75
BATALLAS,"anticoncepcion, prevencion de its y de cancer de cuello uterino",inyectable trimestral: usuarias continuas,2015-02-01,0,2,26,12,0,40
BAURES,"anticoncepcion, prevencion de its y de cancer de cuello uterino",inyectable trimestral: usuarias continuas,2015-02-01,0,1,0,5,0,6
BELEN DE ANDAMARCA,"anticoncepcion, prevencion de its y de cancer de cuello uterino",inyectable trimestral: usuarias continuas,2015-02-01,0,0,1,0,0,1
BELEN DE URMIRI,"anticoncepcion, prevencion de its y de cancer de cuello uterino",inyectable trimestral: usuarias continuas,2015-02-01,0,0,1,2,0,3
BELLA FLOR,"anticoncepcion, prevencion de its y de cancer de cuello uterino",inyectable trimestral: usuarias continuas,2015-02-01,0,4,3,3,0,10
BERMEJO,"anticoncepcion, prevencion de its y de cancer de cuello uterino",inyectable trimestral: usuarias continuas,2015-02-01,1,10,42,13,0,66
BETANZOS,"anticoncepcion, prevencion de its y de cancer de cuello uterino",inyectable trimestral: usuarias continuas,2015-02-01,0,2,38,28,0,68
BOLIVAR,"anticoncepcion, prevencion de its y de cancer de cuello uterino",inyectable trimestral: usuarias continuas,2015-02-01,0,0,13,8,0,21
BOLPEBRA,"anticoncepcion, prevencion de its y de cancer de cuello uterino",inyectable trimestral: usuarias continuas,2015-02-01,0,1,7,4,0,12
BOYUIBE,"anticoncepcion, prevencion de its y de cancer de cuello uterino",inyectable trimestral: usuarias continuas,2015-02-01,0,1,10,1,0,12
BUENA VISTA,"anticoncepcion, prevencion de its y de cancer de cuello uterino",inyectable trimestral: usuarias continuas,2015-02-01,0,7,21,11,0,39
CABEZAS,"anticoncepcion, prevencion de its y de cancer de cuello uterino",inyectable trimestral: usuarias continuas,2015-02-01,2,12,66,23,1,104
CAIROMA,"anticoncepcion, prevencion de its y de cancer de cuello uterino",inyectable trimestral: usuarias continuas,2015-02-01,0,0,18,12,0,30
"CAIZA ""D""","anticoncepcion, prevencion de its y de cancer de cuello uterino",inyectable trimestral: usuarias continuas,2015-02-01,0,1,14,9,0,24
CAJUATA,"anticoncepcion, prevencion de its y de cancer de cuello uterino",inyectable trimestral: usuarias continuas,2015-02-01,0,3,23,6,0,32
CALACOTO,"anticoncepcion, prevencion de its y de cancer de cuello uterino",inyectable trimestral: usuarias continuas,2015-02-01,0,0,3,1,0,4
CALAMARCA,"anticoncepcion, prevencion de its y de cancer de cuello uterino",inyectable trimestral: usuarias continuas,2015-02-01,0,3,30,14,0,47
CAMARGO,"anticoncepcion, prevencion de its y de cancer de cuello uterino",inyectable trimestral: usuarias continuas,2015-02-01,0,0,22,15,1,38
CAMATAQUI (C. VILLA ABECIA),"anticoncepcion, prevencion de its y de cancer de cuello uterino",inyectable trimestral: usuarias continuas,2015-02-01,0,1,8,8,0,17
CAMIRI,"anticoncepcion, prevencion de its y de cancer de cuello uterino",inyectable trimestral: usuarias continuas,2015-02-01,0,4,30,10,0,44
CAPINOTA,"anticoncepcion, prevencion de its y de cancer de cuello uterino",inyectable trimestral: usuarias continuas,2015-02-01,0,2,47,21,3,73
CAQUIAVIRI,"anticoncepcion, prevencion de its y de cancer de cuello uterino",inyectable trimestral: usuarias continuas,2015-02-01,0,0,13,8,0,21
CARACOLLO,"anticoncepcion, prevencion de its y de cancer de cuello uterino",inyectable trimestral: usuarias continuas,2015-02-01,0,1,31,27,0,59
CARANAVI,"anticoncepcion, prevencion de its y de cancer de cuello uterino",inyectable trimestral: usuarias continuas,2015-02-01,0,9,53,33,0,95
CARAPARI,"anticoncepcion, prevencion de its y de cancer de cuello uterino",inyectable trimestral: usuarias continuas,2015-02-01,0,5,51,28,0,84
CARIPUYO,"anticoncepcion, prevencion de its y de cancer de cuello uterino",inyectable trimestral: usuarias continuas,2015-02-01,0,1,3,9,0,13
CARMEN RIVERO TORREZ,"anticoncepcion, prevencion de its y de cancer de cuello uterino",inyectable trimestral: usuarias continuas,2015-02-01,0,0,2,2,0,4
CATACORA,"anticoncepcion, prevencion de its y de cancer de cuello uterino",inyectable trimestral: usuarias continuas,2015-02-01,0,0,5,0,0,5
CHACARILLA,"anticoncepcion, prevencion de its y de cancer de cuello uterino",inyectable trimestral: usuarias continuas,2015-02-01,0,0,7,1,0,8
CHALLAPATA,"anticoncepcion, prevencion de its y de cancer de cuello uterino",inyectable trimestral: usuarias continuas,2015-02-01,0,1,22,10,0,33
CHAQUI,"anticoncepcion, prevencion de its y de cancer de cuello uterino",inyectable trimestral: usuarias continuas,2015-02-01,0,2,15,10,0,27
CHARAGUA,"anticoncepcion, prevencion de its y de cancer de cuello uterino",inyectable trimestral: usuarias continuas,2015-02-01,0,2,27,11,0,40
CHARAÃ‘A,"anticoncepcion, prevencion de its y de cancer de cuello uterino",inyectable trimestral: usuarias continuas,2015-02-01,0,1,4,1,0,6
CHAYANTA,"anticoncepcion, prevencion de its y de cancer de cuello uterino",inyectable trimestral: usuarias continuas,2015-02-01,0,2,28,8,0,38
CHIMORE,"anticoncepcion, prevencion de its y de cancer de cuello uterino",inyectable trimestral: usuarias continuas,2015-02-01,1,3,41,8,0,53
CHIPAYA,"anticoncepcion, prevencion de its y de cancer de cuello uterino",inyectable trimestral: usuarias continuas,2015-02-01,0,8,10,1,0,19
CHOQUE COTA,"anticoncepcion, prevencion de its y de cancer de cuello uterino",inyectable trimestral: usuarias continuas,2015-02-01,0,0,2,0,0,2
CHUA COCANI,"anticoncepcion, prevencion de its y de cancer de cuello uterino",inyectable trimestral: usuarias continuas,2015-02-01,0,0,2,3,0,5
CHULUMANI (V. DE LA LIBERTAD),"anticoncepcion, prevencion de its y de cancer de cuello uterino",inyectable trimestral: usuarias continuas,2015-02-01,0,2,32,11,0,45
CHUMA,"anticoncepcion, prevencion de its y de cancer de cuello uterino",inyectable trimestral: usuarias continuas,2015-02-01,0,1,21,8,0,30
CHUQUIHUTA AYLLU JUCUMANI,"anticoncepcion, prevencion de its y de cancer de cuello uterino",inyectable trimestral: usuarias continuas,2015-02-01,0,0,16,6,0,22
CKOCHAS,"anticoncepcion, prevencion de its y de cancer de cuello uterino",inyectable trimestral: usuarias continuas,2015-02-01,0,0,12,7,0,19
CLIZA,"anticoncepcion, prevencion de its y de cancer de cuello uterino",inyectable trimestral: usuarias continuas,2015-02-01,0,3,37,13,1,54
COBIJA,"anticoncepcion, prevencion de its y de cancer de cuello uterino",inyectable trimestral: usuarias continuas,2015-02-01,0,23,77,11,0,111
COCAPATA,"anticoncepcion, prevencion de its y de cancer de cuello uterino",inyectable trimestral: usuarias continuas,2015-02-01,0,6,27,7,0,40
COCHABAMBA,"anticoncepcion, prevencion de its y de cancer de cuello uterino",inyectable trimestral: usuarias continuas,2015-02-01,1,37,330,73,0,441
COIPASA,"anticoncepcion, prevencion de its y de cancer de cuello uterino",inyectable trimestral: usuarias continuas,2015-02-01,0,0,2,0,0,2
COLCAPIRHUA,"anticoncepcion, prevencion de its y de cancer de cuello uterino",inyectable trimestral: usuarias continuas,2015-02-01,0,2,37,11,0,50
"COLCHA ""K""","anticoncepcion, prevencion de its y de cancer de cuello uterino",inyectable trimestral: usuarias continuas,2015-02-01,0,7,46,18,1,72
COLLANA,"anticoncepcion, prevencion de its y de cancer de cuello uterino",inyectable trimestral: usuarias continuas,2015-02-01,0,1,3,2,0,6
COLOMI,"anticoncepcion, prevencion de its y de cancer de cuello uterino",inyectable trimestral: usuarias continuas,2015-02-01,0,11,53,20,0,84
COLPA BELGICA,"anticoncepcion, prevencion de its y de cancer de cuello uterino",inyectable trimestral: usuarias continuas,2015-02-01,0,2,10,4,0,16
COLQUECHACA,"anticoncepcion, prevencion de its y de cancer de cuello uterino",inyectable trimestral: usuarias continuas,2015-02-01,0,1,12,3,0,16
COLQUENCHA,"anticoncepcion, prevencion de its y de cancer de cuello uterino",inyectable trimestral: usuarias continuas,2015-02-01,0,1,20,10,0,31
COLQUIRI,"anticoncepcion, prevencion de its y de cancer de cuello uterino",inyectable trimestral: usuarias continuas,2015-02-01,0,0,23,14,0,37
COMANCHE,"anticoncepcion, prevencion de its y de cancer de cuello uterino",inyectable trimestral: usuarias continuas,2015-02-01,0,0,4,0,0,4
COMARAPA,"anticoncepcion, prevencion de its y de cancer de cuello uterino",inyectable trimestral: usuarias continuas,2015-02-01,0,11,52,25,1,89
CONCEPCION,"anticoncepcion, prevencion de its y de cancer de cuello uterino",inyectable trimestral: usuarias continuas,2015-02-01,0,6,33,5,0,44
COPACABANA,"anticoncepcion, prevencion de its y de cancer de cuello uterino",inyectable trimestral: usuarias continuas,2015-02-01,0,2,18,18,0,38
CORIPATA,"anticoncepcion, prevencion de its y de cancer de cuello uterino",inyectable trimestral: usuarias continuas,2015-02-01,0,1,35,11,0,47
CORO CORO,"anticoncepcion, prevencion de its y de cancer de cuello uterino",inyectable trimestral: usuarias continuas,2015-02-01,0,2,13,4,0,19
COROICO,"anticoncepcion, prevencion de its y de cancer de cuello uterino",inyectable trimestral: usuarias continuas,2015-02-01,0,0,8,1,0,9
CORQUE,"anticoncepcion, prevencion de its y de cancer de cuello uterino",inyectable trimestral: usuarias continuas,2015-02-01,0,0,7,6,0,13
COTAGAITA,"anticoncepcion, prevencion de its y de cancer de cuello uterino",inyectable trimestral: usuarias continuas,2015-02-01,0,7,44,35,0,86
COTOCA,"anticoncepcion, prevencion de its y de cancer de cuello uterino",inyectable trimestral: usuarias continuas,2015-02-01,0,8,60,18,0,86
CUATRO CAÃ‘ADAS,"anticoncepcion, prevencion de its y de cancer de cuello uterino",inyectable trimestral: usuarias continuas,2015-02-01,1,4,15,16,0,36
CUCHUMUELA (V. G. VILLARROEL),"anticoncepcion, prevencion de its y de cancer de cuello uterino",inyectable trimestral: usuarias continuas,2015-02-01,0,1,7,3,0,11
CUEVO,"anticoncepcion, prevencion de its y de cancer de cuello uterino",inyectable trimestral: usuarias continuas,2015-02-01,0,1,15,9,0,25
CULPINA,"anticoncepcion, prevencion de its y de cancer de cuello uterino",inyectable trimestral: usuarias continuas,2015-02-01,1,6,57,33,0,97
CURAHUARA DE CARANGAS,"anticoncepcion, prevencion de its y de cancer de cuello uterino",inyectable trimestral: usuarias continuas,2015-02-01,0,0,7,11,0,18
CURVA,"anticoncepcion, prevencion de its y de cancer de cuello uterino",inyectable trimestral: usuarias continuas,2015-02-01,0,0,5,1,0,6
DESAGUADERO,"anticoncepcion, prevencion de its y de cancer de cuello uterino",inyectable trimestral: usuarias continuas,2015-02-01,0,1,9,1,0,11
EL ALTO,"anticoncepcion, prevencion de its y de cancer de cuello uterino",inyectable trimestral: usuarias continuas,2015-02-01,0,57,812,247,2,1118
EL CHORO,"anticoncepcion, prevencion de its y de cancer de cuello uterino",inyectable trimestral: usuarias continuas,2015-02-01,0,0,5,4,0,9
EL PUENTE(STC),"anticoncepcion, prevencion de its y de cancer de cuello uterino",inyectable trimestral: usuarias continuas,2015-02-01,0,6,36,6,0,48
EL PUENTE(TJA),"anticoncepcion, prevencion de its y de cancer de cuello uterino",inyectable trimestral: usuarias continuas,2015-02-01,0,5,61,33,0,99
EL TORNO,"anticoncepcion, prevencion de its y de cancer de cuello uterino",inyectable trimestral: usuarias continuas,2015-02-01,1,22,100,41,1,165
EL VILLAR,"anticoncepcion, prevencion de its y de cancer de cuello uterino",inyectable trimestral: usuarias continuas,2015-02-01,0,2,12,15,0,29
ENTRE RIOS TRJ,"anticoncepcion, prevencion de its y de cancer de cuello uterino",inyectable trimestral: usuarias continuas,2015-02-01,0,11,80,56,0,147
ENTRE RIOS CBBA,"anticoncepcion, prevencion de its y de cancer de cuello uterino",inyectable trimestral: usuarias continuas,2015-02-01,0,8,28,17,0,53
ESCOMA,"anticoncepcion, prevencion de its y de cancer de cuello uterino",inyectable trimestral: usuarias continuas,2015-02-01,0,0,2,0,0,2
ESMERALDA,"anticoncepcion, prevencion de its y de cancer de cuello uterino",inyectable trimestral: usuarias continuas,2015-02-01,0,0,2,0,0,2
EUCALIPTUS,"anticoncepcion, prevencion de its y de cancer de cuello uterino",inyectable trimestral: usuarias continuas,2015-02-01,0,0,1,1,0,2
EUREKA (SANTOS MERCADO),"anticoncepcion, prevencion de its y de cancer de cuello uterino",inyectable trimestral: usuarias continuas,2015-02-01,0,0,4,1,0,5
EXALTACION,"anticoncepcion, prevencion de its y de cancer de cuello uterino",inyectable trimestral: usuarias continuas,2015-02-01,0,0,1,0,0,1
FERNANDEZ ALONSO,"anticoncepcion, prevencion de its y de cancer de cuello uterino",inyectable trimestral: usuarias continuas,2015-02-01,0,12,70,50,0,132
FILADELFIA,"anticoncepcion, prevencion de its y de cancer de cuello uterino",inyectable trimestral: usuarias continuas,2015-02-01,0,5,10,1,0,16
GENERAL SAAVEDRA,"anticoncepcion, prevencion de its y de cancer de cuello uterino",inyectable trimestral: usuarias continuas,2015-02-01,0,3,40,15,0,58
GRAL. J.J. PEREZ (CHARAZANI),"anticoncepcion, prevencion de its y de cancer de cuello uterino",inyectable trimestral: usuarias continuas,2015-02-01,0,1,14,4,0,19
GUANAY,"anticoncepcion, prevencion de its y de cancer de cuello uterino",inyectable trimestral: usuarias continuas,2015-02-01,0,2,9,6,0,17
GUAQUI,"anticoncepcion, prevencion de its y de cancer de cuello uterino",inyectable trimestral: usuarias continuas,2015-02-01,0,0,7,10,0,17
GUAYARAMERIN,"anticoncepcion, prevencion de its y de cancer de cuello uterino",inyectable trimestral: usuarias continuas,2015-02-01,1,67,153,24,0,245
GUTIERREZ,"anticoncepcion, prevencion de its y de cancer de cuello uterino",inyectable trimestral: usuarias continuas,2015-02-01,0,0,13,5,0,18
HUACARETA,"anticoncepcion, prevencion de its y de cancer de cuello uterino",inyectable trimestral: usuarias continuas,2015-02-01,0,2,15,6,1,24
HUACAYA (VILLA DE HUACAYA),"anticoncepcion, prevencion de its y de cancer de cuello uterino",inyectable trimestral: usuarias continuas,2015-02-01,0,0,1,2,0,3
HUACHACALLA,"anticoncepcion, prevencion de its y de cancer de cuello uterino",inyectable trimestral: usuarias continuas,2015-02-01,0,0,2,0,0,2
HUANUNI,"anticoncepcion, prevencion de its y de cancer de cuello uterino",inyectable trimestral: usuarias continuas,2015-02-01,0,2,12,2,0,16
HUARACAJE,"anticoncepcion, prevencion de its y de cancer de cuello uterino",inyectable trimestral: usuarias continuas,2015-02-01,0,0,6,4,0,10
HUARINA,"anticoncepcion, prevencion de its y de cancer de cuello uterino",inyectable trimestral: usuarias continuas,2015-02-01,0,0,9,8,0,17
HUATAJATA,"anticoncepcion, prevencion de its y de cancer de cuello uterino",inyectable trimestral: usuarias continuas,2015-02-01,0,1,2,4,0,7
HUAYLLAMARCA,"anticoncepcion, prevencion de its y de cancer de cuello uterino",inyectable trimestral: usuarias continuas,2015-02-01,0,1,8,7,0,16
HUMANATA,"anticoncepcion, prevencion de its y de cancer de cuello uterino",inyectable trimestral: usuarias continuas,2015-02-01,0,0,8,5,0,13
ICHOCA,"anticoncepcion, prevencion de its y de cancer de cuello uterino",inyectable trimestral: usuarias continuas,2015-02-01,0,0,1,2,0,3
ICLA,"anticoncepcion, prevencion de its y de cancer de cuello uterino",inyectable trimestral: usuarias continuas,2015-02-01,0,4,20,21,0,45
INCAHUASI,"anticoncepcion, prevencion de its y de cancer de cuello uterino",inyectable trimestral: usuarias continuas,2015-02-01,0,4,26,21,1,52
INGAVI (HUMAITA),"anticoncepcion, prevencion de its y de cancer de cuello uterino",inyectable trimestral: usuarias continuas,2015-02-01,0,1,0,0,0,1
INQUISIVI,"anticoncepcion, prevencion de its y de cancer de cuello uterino",inyectable trimestral: usuarias continuas,2015-02-01,0,2,14,9,0,25
IRUPANA (VILLA DE LANZA),"anticoncepcion, prevencion de its y de cancer de cuello uterino",inyectable trimestral: usuarias continuas,2015-02-01,0,5,29,9,0,43
IXIAMAS,"anticoncepcion, prevencion de its y de cancer de cuello uterino",inyectable trimestral: usuarias continuas,2015-02-01,0,0,15,2,0,17
JESUS DE MACHACA,"anticoncepcion, prevencion de its y de cancer de cuello uterino",inyectable trimestral: usuarias continuas,2015-02-01,0,0,15,15,0,30
LA ASUNTA,"anticoncepcion, prevencion de its y de cancer de cuello uterino",inyectable trimestral: usuarias continuas,2015-02-01,0,3,89,35,0,127
LA GUARDIA,"anticoncepcion, prevencion de its y de cancer de cuello uterino",inyectable trimestral: usuarias continuas,2015-02-01,0,19,54,29,0,102
LA PAZ,"anticoncepcion, prevencion de its y de cancer de cuello uterino",inyectable trimestral: usuarias continuas,2015-02-01,4,42,323,67,0,436
LAGUNILLAS,"anticoncepcion, prevencion de its y de cancer de cuello uterino",inyectable trimestral: usuarias continuas,2015-02-01,0,1,6,4,0,11
LAJA,"anticoncepcion, prevencion de its y de cancer de cuello uterino",inyectable trimestral: usuarias continuas,2015-02-01,0,1,18,12,0,31
LAS CARRERAS,"anticoncepcion, prevencion de its y de cancer de cuello uterino",inyectable trimestral: usuarias continuas,2015-02-01,0,2,16,9,0,27
LICOMA PAMPA,"anticoncepcion, prevencion de its y de cancer de cuello uterino",inyectable trimestral: usuarias continuas,2015-02-01,0,0,7,4,0,11
LLALLAGUA,"anticoncepcion, prevencion de its y de cancer de cuello uterino",inyectable trimestral: usuarias continuas,2015-02-01,0,2,31,20,0,53
LLICA,"anticoncepcion, prevencion de its y de cancer de cuello uterino",inyectable trimestral: usuarias continuas,2015-02-01,0,3,22,3,0,28
LORETO,"anticoncepcion, prevencion de its y de cancer de cuello uterino",inyectable trimestral: usuarias continuas,2015-02-01,0,0,15,1,0,16
LURIBAY,"anticoncepcion, prevencion de its y de cancer de cuello uterino",inyectable trimestral: usuarias continuas,2015-02-01,0,0,22,17,0,39
MACHACAMARCA,"anticoncepcion, prevencion de its y de cancer de cuello uterino",inyectable trimestral: usuarias continuas,2015-02-01,0,0,4,2,0,6
MACHARETI,"anticoncepcion, prevencion de its y de cancer de cuello uterino",inyectable trimestral: usuarias continuas,2015-02-01,0,4,20,14,0,38
MAGDALENA,"anticoncepcion, prevencion de its y de cancer de cuello uterino",inyectable trimestral: usuarias continuas,2015-02-01,0,6,32,11,0,49
MAIRANA,"anticoncepcion, prevencion de its y de cancer de cuello uterino",inyectable trimestral: usuarias continuas,2015-02-01,0,4,24,6,0,34
MALLA,"anticoncepcion, prevencion de its y de cancer de cuello uterino",inyectable trimestral: usuarias continuas,2015-02-01,0,0,5,2,0,7
MAPIRI,"anticoncepcion, prevencion de its y de cancer de cuello uterino",inyectable trimestral: usuarias continuas,2015-02-01,0,0,8,5,0,13
MECAPACA,"anticoncepcion, prevencion de its y de cancer de cuello uterino",inyectable trimestral: usuarias continuas,2015-02-01,0,4,18,10,0,32
MINEROS,"anticoncepcion, prevencion de its y de cancer de cuello uterino",inyectable trimestral: usuarias continuas,2015-02-01,0,9,23,12,0,44
MIZQUE,"anticoncepcion, prevencion de its y de cancer de cuello uterino",inyectable trimestral: usuarias continuas,2015-02-01,0,6,59,34,0,99
MOCOMOCO,"anticoncepcion, prevencion de its y de cancer de cuello uterino",inyectable trimestral: usuarias continuas,2015-02-01,0,2,15,3,0,20
MOJINETE,"anticoncepcion, prevencion de its y de cancer de cuello uterino",inyectable trimestral: usuarias continuas,2015-02-01,0,0,0,3,0,3
MOJOCOYA,"anticoncepcion, prevencion de its y de cancer de cuello uterino",inyectable trimestral: usuarias continuas,2015-02-01,0,2,18,21,2,43
MONTEAGUDO,"anticoncepcion, prevencion de its y de cancer de cuello uterino",inyectable trimestral: usuarias continuas,2015-02-01,0,8,43,46,1,98
MONTERO,"anticoncepcion, prevencion de its y de cancer de cuello uterino",inyectable trimestral: usuarias continuas,2015-02-01,0,31,110,30,1,172
MORO MORO,"anticoncepcion, prevencion de its y de cancer de cuello uterino",inyectable trimestral: usuarias continuas,2015-02-01,0,3,16,9,0,28
MOROCHATA,"anticoncepcion, prevencion de its y de cancer de cuello uterino",inyectable trimestral: usuarias continuas,2015-02-01,0,2,43,30,1,76
NACEBE (SANTA ROSA DEL ABUNA),"anticoncepcion, prevencion de its y de cancer de cuello uterino",inyectable trimestral: usuarias continuas,2015-02-01,0,5,18,1,0,24
NUEVO MANOA (NUEVA ESPERANZA),"anticoncepcion, prevencion de its y de cancer de cuello uterino",inyectable trimestral: usuarias continuas,2015-02-01,0,0,6,2,0,8
OCURI,"anticoncepcion, prevencion de its y de cancer de cuello uterino",inyectable trimestral: usuarias continuas,2015-02-01,0,1,14,3,0,18
OKINAWA,"anticoncepcion, prevencion de its y de cancer de cuello uterino",inyectable trimestral: usuarias continuas,2015-02-01,0,6,22,15,0,43
OMEREQUE,"anticoncepcion, prevencion de its y de cancer de cuello uterino",inyectable trimestral: usuarias continuas,2015-02-01,0,4,25,25,1,55
ORURO,"anticoncepcion, prevencion de its y de cancer de cuello uterino",inyectable trimestral: usuarias continuas,2015-02-01,1,23,307,95,1,427
PADCAYA,"anticoncepcion, prevencion de its y de cancer de cuello uterino",inyectable trimestral: usuarias continuas,2015-02-01,0,12,91,57,4,164
PADILLA,"anticoncepcion, prevencion de its y de cancer de cuello uterino",inyectable trimestral: usuarias continuas,2015-02-01,1,3,45,24,1,74
PAILON,"anticoncepcion, prevencion de its y de cancer de cuello uterino",inyectable trimestral: usuarias continuas,2015-02-01,2,5,22,5,0,34
PALCA,"anticoncepcion, prevencion de its y de cancer de cuello uterino",inyectable trimestral: usuarias continuas,2015-02-01,0,2,11,5,0,18
PALOS BLANCOS,"anticoncepcion, prevencion de its y de cancer de cuello uterino",inyectable trimestral: usuarias continuas,2015-02-01,1,5,38,29,0,73
PAMPA AULLAGAS,"anticoncepcion, prevencion de its y de cancer de cuello uterino",inyectable trimestral: usuarias continuas,2015-02-01,0,0,1,5,0,6
PAMPA GRANDE,"anticoncepcion, prevencion de its y de cancer de cuello uterino",inyectable trimestral: usuarias continuas,2015-02-01,0,5,19,18,0,42
PAPEL PAMPA,"anticoncepcion, prevencion de its y de cancer de cuello uterino",inyectable trimestral: usuarias continuas,2015-02-01,0,2,13,9,0,24
PASORAPA,"anticoncepcion, prevencion de its y de cancer de cuello uterino",inyectable trimestral: usuarias continuas,2015-02-01,0,0,8,9,0,17
PATACAMAYA,"anticoncepcion, prevencion de its y de cancer de cuello uterino",inyectable trimestral: usuarias continuas,2015-02-01,0,0,18,6,0,24
PAZÃ‘A,"anticoncepcion, prevencion de its y de cancer de cuello uterino",inyectable trimestral: usuarias continuas,2015-02-01,0,1,15,5,0,21
PELECHUCO,"anticoncepcion, prevencion de its y de cancer de cuello uterino",inyectable trimestral: usuarias continuas,2015-02-01,0,3,22,9,0,34
POCOATA,"anticoncepcion, prevencion de its y de cancer de cuello uterino",inyectable trimestral: usuarias continuas,2015-02-01,0,0,21,18,0,39
POCONA,"anticoncepcion, prevencion de its y de cancer de cuello uterino",inyectable trimestral: usuarias continuas,2015-02-01,0,6,51,26,1,84
POJO (CBBA),"anticoncepcion, prevencion de its y de cancer de cuello uterino",inyectable trimestral: usuarias continuas,2015-02-01,0,8,48,27,1,84
POOPO,"anticoncepcion, prevencion de its y de cancer de cuello uterino",inyectable trimestral: usuarias continuas,2015-02-01,0,1,6,6,0,13
PORCO,"anticoncepcion, prevencion de its y de cancer de cuello uterino",inyectable trimestral: usuarias continuas,2015-02-01,0,0,16,4,0,20
POROMA,"anticoncepcion, prevencion de its y de cancer de cuello uterino",inyectable trimestral: usuarias continuas,2015-02-01,0,2,28,24,0,54
PORONGO,"anticoncepcion, prevencion de its y de cancer de cuello uterino",inyectable trimestral: usuarias continuas,2015-02-01,0,1,16,9,1,27
PORTACHUELO,"anticoncepcion, prevencion de its y de cancer de cuello uterino",inyectable trimestral: usuarias continuas,2015-02-01,0,8,22,7,0,37
PORVENIR,"anticoncepcion, prevencion de its y de cancer de cuello uterino",inyectable trimestral: usuarias continuas,2015-02-01,0,3,17,3,0,23
POSTRER VALLE,"anticoncepcion, prevencion de its y de cancer de cuello uterino",inyectable trimestral: usuarias continuas,2015-02-01,0,0,4,2,0,6
POTOSI,"anticoncepcion, prevencion de its y de cancer de cuello uterino",inyectable trimestral: usuarias continuas,2015-02-01,0,33,344,106,0,483
PRESTO,"anticoncepcion, prevencion de its y de cancer de cuello uterino",inyectable trimestral: usuarias continuas,2015-02-01,0,2,21,18,0,41
PUCARA,"anticoncepcion, prevencion de its y de cancer de cuello uterino",inyectable trimestral: usuarias continuas,2015-02-01,0,0,9,9,0,18
PUCARANI,"anticoncepcion, prevencion de its y de cancer de cuello uterino",inyectable trimestral: usuarias continuas,2015-02-01,0,6,64,39,1,110
PUERTO ACOSTA,"anticoncepcion, prevencion de its y de cancer de cuello uterino",inyectable trimestral: usuarias continuas,2015-02-01,0,0,13,4,0,17
PUERTO CARABUCO,"anticoncepcion, prevencion de its y de cancer de cuello uterino",inyectable trimestral: usuarias continuas,2015-02-01,0,0,16,14,0,30
PUERTO GONZALO MORENO,"anticoncepcion, prevencion de its y de cancer de cuello uterino",inyectable trimestral: usuarias continuas,2015-02-01,1,2,18,5,0,26
PUERTO PEREZ,"anticoncepcion, prevencion de its y de cancer de cuello uterino",inyectable trimestral: usuarias continuas,2015-02-01,0,0,5,7,0,12
PUERTO QUIJARRO,"anticoncepcion, prevencion de its y de cancer de cuello uterino",inyectable trimestral: usuarias continuas,2015-02-01,0,0,6,8,0,14
PUERTO RICO,"anticoncepcion, prevencion de its y de cancer de cuello uterino",inyectable trimestral: usuarias continuas,2015-02-01,0,7,32,7,0,46
PUERTO SUAREZ,"anticoncepcion, prevencion de its y de cancer de cuello uterino",inyectable trimestral: usuarias continuas,2015-02-01,0,3,3,0,0,6
PUERTO VILLARROEL,"anticoncepcion, prevencion de its y de cancer de cuello uterino",inyectable trimestral: usuarias continuas,2015-02-01,0,6,87,25,0,118
PUNA,"anticoncepcion, prevencion de its y de cancer de cuello uterino",inyectable trimestral: usuarias continuas,2015-02-01,0,1,33,17,0,51
PUNATA,"anticoncepcion, prevencion de its y de cancer de cuello uterino",inyectable trimestral: usuarias continuas,2015-02-01,0,2,25,10,0,37
QUIABAYA,"anticoncepcion, prevencion de its y de cancer de cuello uterino",inyectable trimestral: usuarias continuas,2015-02-01,0,2,4,8,1,15
QUILLACOLLO,"anticoncepcion, prevencion de its y de cancer de cuello uterino",inyectable trimestral: usuarias continuas,2015-02-01,0,26,112,17,0,155
QUIME,"anticoncepcion, prevencion de its y de cancer de cuello uterino",inyectable trimestral: usuarias continuas,2015-02-01,0,3,16,8,0,27
QUIRUSILLAS,"anticoncepcion, prevencion de its y de cancer de cuello uterino",inyectable trimestral: usuarias continuas,2015-02-01,0,3,9,5,0,17
RAVELO,"anticoncepcion, prevencion de its y de cancer de cuello uterino",inyectable trimestral: usuarias continuas,2015-02-01,0,1,32,28,1,62
REYES,"anticoncepcion, prevencion de its y de cancer de cuello uterino",inyectable trimestral: usuarias continuas,2015-02-01,1,2,12,4,0,19
RIBERALTA,"anticoncepcion, prevencion de its y de cancer de cuello uterino",inyectable trimestral: usuarias continuas,2015-02-01,0,20,83,24,0,127
ROBORE,"anticoncepcion, prevencion de its y de cancer de cuello uterino",inyectable trimestral: usuarias continuas,2015-02-01,0,1,25,11,0,37
RURRENABAQUE,"anticoncepcion, prevencion de its y de cancer de cuello uterino",inyectable trimestral: usuarias continuas,2015-02-01,1,1,16,5,0,23
SABAYA,"anticoncepcion, prevencion de its y de cancer de cuello uterino",inyectable trimestral: usuarias continuas,2015-02-01,0,0,4,1,0,5
SACABA,"anticoncepcion, prevencion de its y de cancer de cuello uterino",inyectable trimestral: usuarias continuas,2015-02-01,1,13,120,35,0,169
SACABAMBA,"anticoncepcion, prevencion de its y de cancer de cuello uterino",inyectable trimestral: usuarias continuas,2015-02-01,0,0,4,5,0,9
SACACA,"anticoncepcion, prevencion de its y de cancer de cuello uterino",inyectable trimestral: usuarias continuas,2015-02-01,0,4,32,19,0,55
SAIPINA,"anticoncepcion, prevencion de its y de cancer de cuello uterino",inyectable trimestral: usuarias continuas,2015-02-01,0,4,14,7,0,25
SALINAS DE GARCI MENDOZA,"anticoncepcion, prevencion de its y de cancer de cuello uterino",inyectable trimestral: usuarias continuas,2015-02-01,0,1,10,6,0,17
SAMAIPATA,"anticoncepcion, prevencion de its y de cancer de cuello uterino",inyectable trimestral: usuarias continuas,2015-02-01,0,5,24,6,0,35
SAN AGUSTIN,"anticoncepcion, prevencion de its y de cancer de cuello uterino",inyectable trimestral: usuarias continuas,2015-02-01,0,0,7,4,0,11
SAN ANDRES,"anticoncepcion, prevencion de its y de cancer de cuello uterino",inyectable trimestral: usuarias continuas,2015-02-01,0,4,26,8,0,38
SAN ANDRES DE MACHACA,"anticoncepcion, prevencion de its y de cancer de cuello uterino",inyectable trimestral: usuarias continuas,2015-02-01,0,0,4,1,0,5
SAN ANTONIO DE ESMORUCO,"anticoncepcion, prevencion de its y de cancer de cuello uterino",inyectable trimestral: usuarias continuas,2015-02-01,0,1,8,0,0,9
SAN ANTONIO DE LOMERIO,"anticoncepcion, prevencion de its y de cancer de cuello uterino",inyectable trimestral: usuarias continuas,2015-02-01,0,4,35,24,2,65
SAN BENITO,"anticoncepcion, prevencion de its y de cancer de cuello uterino",inyectable trimestral: usuarias continuas,2015-02-01,0,1,20,10,0,31
SAN BORJA,"anticoncepcion, prevencion de its y de cancer de cuello uterino",inyectable trimestral: usuarias continuas,2015-02-01,1,6,41,18,0,66
SAN BUENA VENTURA,"anticoncepcion, prevencion de its y de cancer de cuello uterino",inyectable trimestral: usuarias continuas,2015-02-01,0,1,20,6,0,27
SAN CARLOS,"anticoncepcion, prevencion de its y de cancer de cuello uterino",inyectable trimestral: usuarias continuas,2015-02-01,0,1,30,20,0,51
SAN IGNACIO,"anticoncepcion, prevencion de its y de cancer de cuello uterino",inyectable trimestral: usuarias continuas,2015-02-01,1,4,50,11,0,66
SAN IGNACIO DE VELASCO,"anticoncepcion, prevencion de its y de cancer de cuello uterino",inyectable trimestral: usuarias continuas,2015-02-01,0,13,120,31,0,164
SAN JAVIER(BNI),"anticoncepcion, prevencion de its y de cancer de cuello uterino",inyectable trimestral: usuarias continuas,2015-02-01,0,0,3,0,0,3
SAN JAVIER(STC),"anticoncepcion, prevencion de its y de cancer de cuello uterino",inyectable trimestral: usuarias continuas,2015-02-01,0,3,17,2,0,22
SAN JOAQUIN,"anticoncepcion, prevencion de its y de cancer de cuello uterino",inyectable trimestral: usuarias continuas,2015-02-01,0,0,1,0,0,1
SAN JOSE DE CHIQUITOS,"anticoncepcion, prevencion de its y de cancer de cuello uterino",inyectable trimestral: usuarias continuas,2015-02-01,0,5,10,6,0,21
SAN JUAN DE YAPACANI,"anticoncepcion, prevencion de its y de cancer de cuello uterino",inyectable trimestral: usuarias continuas,2015-02-01,0,3,22,13,0,38
SAN JULIAN,"anticoncepcion, prevencion de its y de cancer de cuello uterino",inyectable trimestral: usuarias continuas,2015-02-01,1,17,69,49,1,137
SAN LORENZO(PND),"anticoncepcion, prevencion de its y de cancer de cuello uterino",inyectable trimestral: usuarias continuas,2015-02-01,0,2,10,8,0,20
SAN LORENZO(TJA),"anticoncepcion, prevencion de its y de cancer de cuello uterino",inyectable trimestral: usuarias continuas,2015-02-01,0,16,66,33,0,115
SAN LUCAS,"anticoncepcion, prevencion de its y de cancer de cuello uterino",inyectable trimestral: usuarias continuas,2015-02-01,0,11,58,39,0,108
SAN MATIAS,"anticoncepcion, prevencion de its y de cancer de cuello uterino",inyectable trimestral: usuarias continuas,2015-02-01,0,3,23,11,0,37
SAN MIGUEL DE VELASCO,"anticoncepcion, prevencion de its y de cancer de cuello uterino",inyectable trimestral: usuarias continuas,2015-02-01,0,4,33,20,0,57
SAN PABLO DE LIPEZ,"anticoncepcion, prevencion de its y de cancer de cuello uterino",inyectable trimestral: usuarias continuas,2015-02-01,0,0,2,2,0,4
SAN PEDRO,"anticoncepcion, prevencion de its y de cancer de cuello uterino",inyectable trimestral: usuarias continuas,2015-02-01,0,7,28,18,0,53
SAN PEDRO DE BUENA VISTA,"anticoncepcion, prevencion de its y de cancer de cuello uterino",inyectable trimestral: usuarias continuas,2015-02-01,0,1,14,12,0,27
SAN PEDRO DE CURAHUARA,"anticoncepcion, prevencion de its y de cancer de cuello uterino",inyectable trimestral: usuarias continuas,2015-02-01,0,2,4,5,0,11
SAN PEDRO DE QUEMES,"anticoncepcion, prevencion de its y de cancer de cuello uterino",inyectable trimestral: usuarias continuas,2015-02-01,0,0,2,1,0,3
SAN PEDRO DE TIQUINA,"anticoncepcion, prevencion de its y de cancer de cuello uterino",inyectable trimestral: usuarias continuas,2015-02-01,0,0,8,5,0,13
SAN PEDRO(PND),"anticoncepcion, prevencion de its y de cancer de cuello uterino",inyectable trimestral: usuarias continuas,2015-02-01,0,2,6,0,0,8
SAN RAFAEL,"anticoncepcion, prevencion de its y de cancer de cuello uterino",inyectable trimestral: usuarias continuas,2015-02-01,0,4,30,9,1,44
SAN RAMON BENI,"anticoncepcion, prevencion de its y de cancer de cuello uterino",inyectable trimestral: usuarias continuas,2015-02-01,0,4,7,1,0,12
SAN RAMON SCZ,"anticoncepcion, prevencion de its y de cancer de cuello uterino",inyectable trimestral: usuarias continuas,2015-02-01,0,8,14,2,0,24
SANTA ANA,"anticoncepcion, prevencion de its y de cancer de cuello uterino",inyectable trimestral: usuarias continuas,2015-02-01,0,1,14,3,0,18
SANTA CRUZ DE LA SIERRA,"anticoncepcion, prevencion de its y de cancer de cuello uterino",inyectable trimestral: usuarias continuas,2015-02-01,1,42,213,36,0,292
SANTA ROSA,"anticoncepcion, prevencion de its y de cancer de cuello uterino",inyectable trimestral: usuarias continuas,2015-02-01,0,1,11,4,0,16
SANTA ROSA DEL SARA,"anticoncepcion, prevencion de its y de cancer de cuello uterino",inyectable trimestral: usuarias continuas,2015-02-01,0,6,38,27,0,71
SANTIAGO DE CALLAPA,"anticoncepcion, prevencion de its y de cancer de cuello uterino",inyectable trimestral: usuarias continuas,2015-02-01,0,0,1,2,0,3
SANTIAGO DE HUARI,"anticoncepcion, prevencion de its y de cancer de cuello uterino",inyectable trimestral: usuarias continuas,2015-02-01,0,0,8,4,0,12
SANTIAGO DE HUATA,"anticoncepcion, prevencion de its y de cancer de cuello uterino",inyectable trimestral: usuarias continuas,2015-02-01,0,1,3,3,0,7
SANTIAGO DE MACHACA,"anticoncepcion, prevencion de its y de cancer de cuello uterino",inyectable trimestral: usuarias continuas,2015-02-01,0,0,5,5,0,10
SANTIVAÃ‘ES,"anticoncepcion, prevencion de its y de cancer de cuello uterino",inyectable trimestral: usuarias continuas,2015-02-01,0,1,24,4,0,29
SANTUARIO DE QUILLACAS,"anticoncepcion, prevencion de its y de cancer de cuello uterino",inyectable trimestral: usuarias continuas,2015-02-01,0,1,5,0,0,6
SAPAHAQUI,"anticoncepcion, prevencion de its y de cancer de cuello uterino",inyectable trimestral: usuarias continuas,2015-02-01,0,1,20,8,0,29
SENA,"anticoncepcion, prevencion de its y de cancer de cuello uterino",inyectable trimestral: usuarias continuas,2015-02-01,0,1,5,1,0,7
SHINAOTA,"anticoncepcion, prevencion de its y de cancer de cuello uterino",inyectable trimestral: usuarias continuas,2015-02-01,0,2,30,15,0,47
SICA SICA (VILLA AROMA),"anticoncepcion, prevencion de its y de cancer de cuello uterino",inyectable trimestral: usuarias continuas,2015-02-01,0,0,36,23,2,61
SICAYA,"anticoncepcion, prevencion de its y de cancer de cuello uterino",inyectable trimestral: usuarias continuas,2015-02-01,0,0,7,4,0,11
SIPE SIPE,"anticoncepcion, prevencion de its y de cancer de cuello uterino",inyectable trimestral: usuarias continuas,2015-02-01,1,12,131,59,1,204
SOPACHUY,"anticoncepcion, prevencion de its y de cancer de cuello uterino",inyectable trimestral: usuarias continuas,2015-02-01,0,1,22,13,0,36
SORACACHI,"anticoncepcion, prevencion de its y de cancer de cuello uterino",inyectable trimestral: usuarias continuas,2015-02-01,0,1,15,12,0,28
SORATA,"anticoncepcion, prevencion de its y de cancer de cuello uterino",inyectable trimestral: usuarias continuas,2015-02-01,1,2,37,16,0,56
SUCRE,"anticoncepcion, prevencion de its y de cancer de cuello uterino",inyectable trimestral: usuarias continuas,2015-02-01,0,67,473,142,4,686
TACACHI,"anticoncepcion, prevencion de its y de cancer de cuello uterino",inyectable trimestral: usuarias continuas,2015-02-01,0,0,1,1,0,2
TACACOMA,"anticoncepcion, prevencion de its y de cancer de cuello uterino",inyectable trimestral: usuarias continuas,2015-02-01,0,4,29,8,0,41
TACOBAMBA,"anticoncepcion, prevencion de its y de cancer de cuello uterino",inyectable trimestral: usuarias continuas,2015-02-01,0,3,15,18,0,36
TACOPAYA,"anticoncepcion, prevencion de its y de cancer de cuello uterino",inyectable trimestral: usuarias continuas,2015-02-01,0,0,12,8,0,20
TAHUA,"anticoncepcion, prevencion de its y de cancer de cuello uterino",inyectable trimestral: usuarias continuas,2015-02-01,0,0,1,0,0,1
TAPACARI,"anticoncepcion, prevencion de its y de cancer de cuello uterino",inyectable trimestral: usuarias continuas,2015-02-01,0,1,48,32,0,81
TARABUCO,"anticoncepcion, prevencion de its y de cancer de cuello uterino",inyectable trimestral: usuarias continuas,2015-02-01,0,0,20,14,1,35
TARACO,"anticoncepcion, prevencion de its y de cancer de cuello uterino",inyectable trimestral: usuarias continuas,2015-02-01,0,1,11,11,0,23
TARATA,"anticoncepcion, prevencion de its y de cancer de cuello uterino",inyectable trimestral: usuarias continuas,2015-02-01,0,1,16,6,0,23
TARIJA,"anticoncepcion, prevencion de its y de cancer de cuello uterino",inyectable trimestral: usuarias continuas,2015-02-01,1,28,180,95,1,305
TARVITA,"anticoncepcion, prevencion de its y de cancer de cuello uterino",inyectable trimestral: usuarias continuas,2015-02-01,0,5,34,23,0,62
TEOPONTE,"anticoncepcion, prevencion de its y de cancer de cuello uterino",inyectable trimestral: usuarias continuas,2015-02-01,0,3,6,1,0,10
TIAWANACU,"anticoncepcion, prevencion de its y de cancer de cuello uterino",inyectable trimestral: usuarias continuas,2015-02-01,0,0,27,16,0,43
TINGUIPAYA,"anticoncepcion, prevencion de its y de cancer de cuello uterino",inyectable trimestral: usuarias continuas,2015-02-01,0,0,23,9,0,32
TIPUANI,"anticoncepcion, prevencion de its y de cancer de cuello uterino",inyectable trimestral: usuarias continuas,2015-02-01,1,1,16,4,0,22
TIQUIPAYA,"anticoncepcion, prevencion de its y de cancer de cuello uterino",inyectable trimestral: usuarias continuas,2015-02-01,0,7,58,11,0,76
TIRAQUE (CBBA),"anticoncepcion, prevencion de its y de cancer de cuello uterino",inyectable trimestral: usuarias continuas,2015-02-01,0,5,66,23,0,94
TITO YUPANQUI (PARQUIPUJIO),"anticoncepcion, prevencion de its y de cancer de cuello uterino",inyectable trimestral: usuarias continuas,2015-02-01,0,1,1,0,0,2
TOCO,"anticoncepcion, prevencion de its y de cancer de cuello uterino",inyectable trimestral: usuarias continuas,2015-02-01,0,1,8,13,0,22
TODOS SANTOS,"anticoncepcion, prevencion de its y de cancer de cuello uterino",inyectable trimestral: usuarias continuas,2015-02-01,0,0,1,0,0,1
TOLATA,"anticoncepcion, prevencion de its y de cancer de cuello uterino",inyectable trimestral: usuarias continuas,2015-02-01,0,0,10,3,0,13
TOLEDO,"anticoncepcion, prevencion de its y de cancer de cuello uterino",inyectable trimestral: usuarias continuas,2015-02-01,0,0,3,3,0,6
TOMAVE,"anticoncepcion, prevencion de its y de cancer de cuello uterino",inyectable trimestral: usuarias continuas,2015-02-01,0,4,19,8,0,31
TOMINA,"anticoncepcion, prevencion de its y de cancer de cuello uterino",inyectable trimestral: usuarias continuas,2015-02-01,0,2,36,34,0,72
TORO TORO,"anticoncepcion, prevencion de its y de cancer de cuello uterino",inyectable trimestral: usuarias continuas,2015-02-01,0,1,18,6,0,25
TOTORA(CBBA),"anticoncepcion, prevencion de its y de cancer de cuello uterino",inyectable trimestral: usuarias continuas,2015-02-01,0,8,49,21,0,78
TOTORA(ORR),"anticoncepcion, prevencion de its y de cancer de cuello uterino",inyectable trimestral: usuarias continuas,2015-02-01,0,2,10,2,0,14
TRIGAL,"anticoncepcion, prevencion de its y de cancer de cuello uterino",inyectable trimestral: usuarias continuas,2015-02-01,0,0,5,3,0,8
TRINIDAD,"anticoncepcion, prevencion de its y de cancer de cuello uterino",inyectable trimestral: usuarias continuas,2015-02-01,5,17,54,12,0,88
TUPIZA,"anticoncepcion, prevencion de its y de cancer de cuello uterino",inyectable trimestral: usuarias continuas,2015-02-01,1,11,109,52,0,173
TURCO,"anticoncepcion, prevencion de its y de cancer de cuello uterino",inyectable trimestral: usuarias continuas,2015-02-01,0,0,6,4,0,10
UMALA,"anticoncepcion, prevencion de its y de cancer de cuello uterino",inyectable trimestral: usuarias continuas,2015-02-01,0,2,11,5,0,18
UNCIA,"anticoncepcion, prevencion de its y de cancer de cuello uterino",inyectable trimestral: usuarias continuas,2015-02-01,0,6,26,17,0,49
URIONDO (A. CONCEPCION),"anticoncepcion, prevencion de its y de cancer de cuello uterino",inyectable trimestral: usuarias continuas,2015-02-01,0,10,53,31,2,96
URUBICHA,"anticoncepcion, prevencion de its y de cancer de cuello uterino",inyectable trimestral: usuarias continuas,2015-02-01,0,0,4,12,0,16
UYUNI,"anticoncepcion, prevencion de its y de cancer de cuello uterino",inyectable trimestral: usuarias continuas,2015-02-01,0,4,35,8,0,47
VACAS,"anticoncepcion, prevencion de its y de cancer de cuello uterino",inyectable trimestral: usuarias continuas,2015-02-01,0,1,14,12,0,27
VALLEGRANDE,"anticoncepcion, prevencion de its y de cancer de cuello uterino",inyectable trimestral: usuarias continuas,2015-02-01,0,6,50,11,0,67
VIACHA,"anticoncepcion, prevencion de its y de cancer de cuello uterino",inyectable trimestral: usuarias continuas,2015-02-01,0,7,108,33,0,148
VILA VILA,"anticoncepcion, prevencion de its y de cancer de cuello uterino",inyectable trimestral: usuarias continuas,2015-02-01,0,1,5,1,0,7
VILLA CHARCAS,"anticoncepcion, prevencion de its y de cancer de cuello uterino",inyectable trimestral: usuarias continuas,2015-02-01,1,4,49,35,1,90
VILLA MONTES,"anticoncepcion, prevencion de its y de cancer de cuello uterino",inyectable trimestral: usuarias continuas,2015-02-01,1,13,51,19,0,84
VILLA NUEVA (LOMA ALTA),"anticoncepcion, prevencion de its y de cancer de cuello uterino",inyectable trimestral: usuarias continuas,2015-02-01,3,1,5,1,0,10
VILLA RIVERO,"anticoncepcion, prevencion de its y de cancer de cuello uterino",inyectable trimestral: usuarias continuas,2015-02-01,0,2,27,17,0,46
VILLA SERRANO,"anticoncepcion, prevencion de its y de cancer de cuello uterino",inyectable trimestral: usuarias continuas,2015-02-01,0,7,28,26,1,62
VILLA TUNARI,"anticoncepcion, prevencion de its y de cancer de cuello uterino",inyectable trimestral: usuarias continuas,2015-02-01,0,27,259,93,0,379
VILLA VACA GUZMAN (MUYUPAMPA),"anticoncepcion, prevencion de its y de cancer de cuello uterino",inyectable trimestral: usuarias continuas,2015-02-01,1,5,35,28,2,71
VILLAZON,"anticoncepcion, prevencion de its y de cancer de cuello uterino",inyectable trimestral: usuarias continuas,2015-02-01,0,11,95,53,0,159
VINTO,"anticoncepcion, prevencion de its y de cancer de cuello uterino",inyectable trimestral: usuarias continuas,2015-02-01,0,2,47,14,0,63
VITICHI,"anticoncepcion, prevencion de its y de cancer de cuello uterino",inyectable trimestral: usuarias continuas,2015-02-01,0,1,14,12,0,27
WALDO BALLIVIAN,"anticoncepcion, prevencion de its y de cancer de cuello uterino",inyectable trimestral: usuarias continuas,2015-02-01,0,1,4,2,0,7
WARNES,"anticoncepcion, prevencion de its y de cancer de cuello uterino",inyectable trimestral: usuarias continuas,2015-02-01,1,26,112,32,0,171
YACO,"anticoncepcion, prevencion de its y de cancer de cuello uterino",inyectable trimestral: usuarias continuas,2015-02-01,0,0,9,6,0,15
YACUIBA,"anticoncepcion, prevencion de its y de cancer de cuello uterino",inyectable trimestral: usuarias continuas,2015-02-01,1,27,168,76,1,273
YAMPARAEZ,"anticoncepcion, prevencion de its y de cancer de cuello uterino",inyectable trimestral: usuarias continuas,2015-02-01,0,4,7,5,0,16
YANACACHI,"anticoncepcion, prevencion de its y de cancer de cuello uterino",inyectable trimestral: usuarias continuas,2015-02-01,0,1,10,4,0,15
YAPACANI,"anticoncepcion, prevencion de its y de cancer de cuello uterino",inyectable trimestral: usuarias continuas,2015-02-01,0,12,35,21,0,68
YOCALLA,"anticoncepcion, prevencion de its y de cancer de cuello uterino",inyectable trimestral: usuarias continuas,2015-02-01,0,0,15,3,0,18
YOTALA,"anticoncepcion, prevencion de its y de cancer de cuello uterino",inyectable trimestral: usuarias continuas,2015-02-01,0,0,5,4,0,9
YUNCHARA,"anticoncepcion, prevencion de its y de cancer de cuello uterino",inyectable trimestral: usuarias continuas,2015-02-01,0,5,39,21,0,65
YUNGUYO DE LITORAL,"anticoncepcion, prevencion de its y de cancer de cuello uterino",inyectable trimestral: usuarias continuas,2015-02-01,0,0,1,0,0,1
ZUDAÃ‘EZ,"anticoncepcion, prevencion de its y de cancer de cuello uterino",inyectable trimestral: usuarias continuas,2015-02-01,0,3,32,21,1,57
ACACIO,"anticoncepcion, prevencion de its y de cancer de cuello uterino",inyectable trimestral: usuarias continuas,2015-03-01,0,0,15,4,0,19
ACHACACHI,"anticoncepcion, prevencion de its y de cancer de cuello uterino",inyectable trimestral: usuarias continuas,2015-03-01,0,6,49,30,1,86
ACHOCALLA,"anticoncepcion, prevencion de its y de cancer de cuello uterino",inyectable trimestral: usuarias continuas,2015-03-01,0,1,31,25,0,57
AIQUILE,"anticoncepcion, prevencion de its y de cancer de cuello uterino",inyectable trimestral: usuarias continuas,2015-03-01,0,1,26,23,0,50
ALALAY,"anticoncepcion, prevencion de its y de cancer de cuello uterino",inyectable trimestral: usuarias continuas,2015-03-01,0,0,2,1,0,3
ALCALA,"anticoncepcion, prevencion de its y de cancer de cuello uterino",inyectable trimestral: usuarias continuas,2015-03-01,0,0,13,9,0,22
ALTO BENI,"anticoncepcion, prevencion de its y de cancer de cuello uterino",inyectable trimestral: usuarias continuas,2015-03-01,0,1,30,17,0,48
ANCORAIMES,"anticoncepcion, prevencion de its y de cancer de cuello uterino",inyectable trimestral: usuarias continuas,2015-03-01,0,1,14,10,1,26
ANDAMARCA,"anticoncepcion, prevencion de its y de cancer de cuello uterino",inyectable trimestral: usuarias continuas,2015-03-01,0,0,4,0,0,4
ANTEQUERA,"anticoncepcion, prevencion de its y de cancer de cuello uterino",inyectable trimestral: usuarias continuas,2015-03-01,0,0,9,5,0,14
ANZALDO,"anticoncepcion, prevencion de its y de cancer de cuello uterino",inyectable trimestral: usuarias continuas,2015-03-01,1,12,9,9,0,31
APOLO,"anticoncepcion, prevencion de its y de cancer de cuello uterino",inyectable trimestral: usuarias continuas,2015-03-01,0,0,31,26,2,59
ARAMPAMPA,"anticoncepcion, prevencion de its y de cancer de cuello uterino",inyectable trimestral: usuarias continuas,2015-03-01,0,1,8,9,0,18
ARANI,"anticoncepcion, prevencion de its y de cancer de cuello uterino",inyectable trimestral: usuarias continuas,2015-03-01,0,0,12,4,0,16
ARBIETO,"anticoncepcion, prevencion de its y de cancer de cuello uterino",inyectable trimestral: usuarias continuas,2015-03-01,0,6,36,16,0,58
ARQUE,"anticoncepcion, prevencion de its y de cancer de cuello uterino",inyectable trimestral: usuarias continuas,2015-03-01,0,4,31,41,0,76
ASCENCION DE GUARAYOS,"anticoncepcion, prevencion de its y de cancer de cuello uterino",inyectable trimestral: usuarias continuas,2015-03-01,0,4,27,10,0,41
ATOCHA,"anticoncepcion, prevencion de its y de cancer de cuello uterino",inyectable trimestral: usuarias continuas,2015-03-01,0,5,57,14,0,76
AUCAPATA,"anticoncepcion, prevencion de its y de cancer de cuello uterino",inyectable trimestral: usuarias continuas,2015-03-01,0,0,19,8,0,27
AYATA,"anticoncepcion, prevencion de its y de cancer de cuello uterino",inyectable trimestral: usuarias continuas,2015-03-01,0,1,11,12,0,24
AYO AYO,"anticoncepcion, prevencion de its y de cancer de cuello uterino",inyectable trimestral: usuarias continuas,2015-03-01,0,0,12,6,1,19
AYOPAYA (V. DE INDEPENDENCIA),"anticoncepcion, prevencion de its y de cancer de cuello uterino",inyectable trimestral: usuarias continuas,2015-03-01,0,8,94,53,0,155
AZURDUY,"anticoncepcion, prevencion de its y de cancer de cuello uterino",inyectable trimestral: usuarias continuas,2015-03-01,0,2,27,22,0,51
BATALLAS,"anticoncepcion, prevencion de its y de cancer de cuello uterino",inyectable trimestral: usuarias continuas,2015-03-01,1,4,36,15,0,56
BAURES,"anticoncepcion, prevencion de its y de cancer de cuello uterino",inyectable trimestral: usuarias continuas,2015-03-01,0,0,5,1,0,6
BELEN DE ANDAMARCA,"anticoncepcion, prevencion de its y de cancer de cuello uterino",inyectable trimestral: usuarias continuas,2015-03-01,0,0,1,3,0,4
BELEN DE URMIRI,"anticoncepcion, prevencion de its y de cancer de cuello uterino",inyectable trimestral: usuarias continuas,2015-03-01,0,0,1,2,0,3
BELLA FLOR,"anticoncepcion, prevencion de its y de cancer de cuello uterino",inyectable trimestral: usuarias continuas,2015-03-01,0,1,13,5,0,19
BERMEJO,"anticoncepcion, prevencion de its y de cancer de cuello uterino",inyectable trimestral: usuarias continuas,2015-03-01,0,15,50,20,0,85
BETANZOS,"anticoncepcion, prevencion de its y de cancer de cuello uterino",inyectable trimestral: usuarias continuas,2015-03-01,0,4,43,57,0,104
BOLIVAR,"anticoncepcion, prevencion de its y de cancer de cuello uterino",inyectable trimestral: usuarias continuas,2015-03-01,0,0,8,8,0,16
BOLPEBRA,"anticoncepcion, prevencion de its y de cancer de cuello uterino",inyectable trimestral: usuarias continuas,2015-03-01,1,4,6,3,0,14
BOYUIBE,"anticoncepcion, prevencion de its y de cancer de cuello uterino",inyectable trimestral: usuarias continuas,2015-03-01,0,0,7,6,0,13
BUENA VISTA,"anticoncepcion, prevencion de its y de cancer de cuello uterino",inyectable trimestral: usuarias continuas,2015-03-01,0,8,33,15,0,56
CABEZAS,"anticoncepcion, prevencion de its y de cancer de cuello uterino",inyectable trimestral: usuarias continuas,2015-03-01,1,10,54,27,0,92
CAIROMA,"anticoncepcion, prevencion de its y de cancer de cuello uterino",inyectable trimestral: usuarias continuas,2015-03-01,0,0,15,4,0,19
"CAIZA ""D""","anticoncepcion, prevencion de its y de cancer de cuello uterino",inyectable trimestral: usuarias continuas,2015-03-01,0,0,26,11,0,37
CAJUATA,"anticoncepcion, prevencion de its y de cancer de cuello uterino",inyectable trimestral: usuarias continuas,2015-03-01,0,1,32,18,0,51
CALACOTO,"anticoncepcion, prevencion de its y de cancer de cuello uterino",inyectable trimestral: usuarias continuas,2015-03-01,0,0,2,3,0,5
CALAMARCA,"anticoncepcion, prevencion de its y de cancer de cuello uterino",inyectable trimestral: usuarias continuas,2015-03-01,0,10,34,20,0,64
CAMARGO,"anticoncepcion, prevencion de its y de cancer de cuello uterino",inyectable trimestral: usuarias continuas,2015-03-01,0,1,26,18,1,46
CAMATAQUI (C. VILLA ABECIA),"anticoncepcion, prevencion de its y de cancer de cuello uterino",inyectable trimestral: usuarias continuas,2015-03-01,0,1,7,12,0,20
CAMIRI,"anticoncepcion, prevencion de its y de cancer de cuello uterino",inyectable trimestral: usuarias continuas,2015-03-01,0,6,30,10,0,46
CAPINOTA,"anticoncepcion, prevencion de its y de cancer de cuello uterino",inyectable trimestral: usuarias continuas,2015-03-01,0,7,39,25,0,71
CAQUIAVIRI,"anticoncepcion, prevencion de its y de cancer de cuello uterino",inyectable trimestral: usuarias continuas,2015-03-01,0,1,12,3,0,16
CARACOLLO,"anticoncepcion, prevencion de its y de cancer de cuello uterino",inyectable trimestral: usuarias continuas,2015-03-01,0,0,27,25,0,52
CARANAVI,"anticoncepcion, prevencion de its y de cancer de cuello uterino",inyectable trimestral: usuarias continuas,2015-03-01,0,10,71,29,0,110
CARANGAS,"anticoncepcion, prevencion de its y de cancer de cuello uterino",inyectable trimestral: usuarias continuas,2015-03-01,0,0,2,0,0,2
CARAPARI,"anticoncepcion, prevencion de its y de cancer de cuello uterino",inyectable trimestral: usuarias continuas,2015-03-01,0,12,51,21,0,84
CARIPUYO,"anticoncepcion, prevencion de its y de cancer de cuello uterino",inyectable trimestral: usuarias continuas,2015-03-01,0,1,8,10,0,19
CARMEN RIVERO TORREZ,"anticoncepcion, prevencion de its y de cancer de cuello uterino",inyectable trimestral: usuarias continuas,2015-03-01,0,5,11,2,0,18
CATACORA,"anticoncepcion, prevencion de its y de cancer de cuello uterino",inyectable trimestral: usuarias continuas,2015-03-01,0,0,3,0,0,3
CHACARILLA,"anticoncepcion, prevencion de its y de cancer de cuello uterino",inyectable trimestral: usuarias continuas,2015-03-01,0,0,1,0,0,1
CHALLAPATA,"anticoncepcion, prevencion de its y de cancer de cuello uterino",inyectable trimestral: usuarias continuas,2015-03-01,0,3,21,11,0,35
CHAQUI,"anticoncepcion, prevencion de its y de cancer de cuello uterino",inyectable trimestral: usuarias continuas,2015-03-01,0,3,28,11,0,42
CHARAGUA,"anticoncepcion, prevencion de its y de cancer de cuello uterino",inyectable trimestral: usuarias continuas,2015-03-01,0,1,40,10,0,51
CHARAÃ‘A,"anticoncepcion, prevencion de its y de cancer de cuello uterino",inyectable trimestral: usuarias continuas,2015-03-01,0,0,4,2,0,6
CHAYANTA,"anticoncepcion, prevencion de its y de cancer de cuello uterino",inyectable trimestral: usuarias continuas,2015-03-01,0,1,35,13,0,49
CHIMORE,"anticoncepcion, prevencion de its y de cancer de cuello uterino",inyectable trimestral: usuarias continuas,2015-03-01,0,7,66,21,0,94
CHIPAYA,"anticoncepcion, prevencion de its y de cancer de cuello uterino",inyectable trimestral: usuarias continuas,2015-03-01,0,2,6,2,0,10
CHOQUE COTA,"anticoncepcion, prevencion de its y de cancer de cuello uterino",inyectable trimestral: usuarias continuas,2015-03-01,0,0,3,1,0,4
CHUA COCANI,"anticoncepcion, prevencion de its y de cancer de cuello uterino",inyectable trimestral: usuarias continuas,2015-03-01,0,0,6,3,1,10
CHULUMANI (V. DE LA LIBERTAD),"anticoncepcion, prevencion de its y de cancer de cuello uterino",inyectable trimestral: usuarias continuas,2015-03-01,0,2,12,6,0,20
CHUMA,"anticoncepcion, prevencion de its y de cancer de cuello uterino",inyectable trimestral: usuarias continuas,2015-03-01,0,2,21,22,0,45
CHUQUIHUTA AYLLU JUCUMANI,"anticoncepcion, prevencion de its y de cancer de cuello uterino",inyectable trimestral: usuarias continuas,2015-03-01,0,0,12,3,0,15
CKOCHAS,"anticoncepcion, prevencion de its y de cancer de cuello uterino",inyectable trimestral: usuarias continuas,2015-03-01,0,2,23,25,0,50
CLIZA,"anticoncepcion, prevencion de its y de cancer de cuello uterino",inyectable trimestral: usuarias continuas,2015-03-01,0,2,10,6,1,19
COBIJA,"anticoncepcion, prevencion de its y de cancer de cuello uterino",inyectable trimestral: usuarias continuas,2015-03-01,3,31,104,15,0,153
COCAPATA,"anticoncepcion, prevencion de its y de cancer de cuello uterino",inyectable trimestral: usuarias continuas,2015-03-01,1,6,24,30,0,61
COCHABAMBA,"anticoncepcion, prevencion de its y de cancer de cuello uterino",inyectable trimestral: usuarias continuas,2015-03-01,0,58,283,86,0,427
COIPASA,"anticoncepcion, prevencion de its y de cancer de cuello uterino",inyectable trimestral: usuarias continuas,2015-03-01,0,0,0,1,0,1
COLCAPIRHUA,"anticoncepcion, prevencion de its y de cancer de cuello uterino",inyectable trimestral: usuarias continuas,2015-03-01,0,5,66,5,0,76
"COLCHA ""K""","anticoncepcion, prevencion de its y de cancer de cuello uterino",inyectable trimestral: usuarias continuas,2015-03-01,0,4,33,16,0,53
COLLANA,"anticoncepcion, prevencion de its y de cancer de cuello uterino",inyectable trimestral: usuarias continuas,2015-03-01,0,0,8,4,0,12
COLOMI,"anticoncepcion, prevencion de its y de cancer de cuello uterino",inyectable trimestral: usuarias continuas,2015-03-01,0,9,71,16,0,96
COLPA BELGICA,"anticoncepcion, prevencion de its y de cancer de cuello uterino",inyectable trimestral: usuarias continuas,2015-03-01,0,2,14,4,0,20
COLQUECHACA,"anticoncepcion, prevencion de its y de cancer de cuello uterino",inyectable trimestral: usuarias continuas,2015-03-01,0,3,24,14,0,41
COLQUENCHA,"anticoncepcion, prevencion de its y de cancer de cuello uterino",inyectable trimestral: usuarias continuas,2015-03-01,0,0,25,17,0,42
COLQUIRI,"anticoncepcion, prevencion de its y de cancer de cuello uterino",inyectable trimestral: usuarias continuas,2015-03-01,0,1,18,9,0,28
COMANCHE,"anticoncepcion, prevencion de its y de cancer de cuello uterino",inyectable trimestral: usuarias continuas,2015-03-01,0,0,2,0,0,2
COMARAPA,"anticoncepcion, prevencion de its y de cancer de cuello uterino",inyectable trimestral: usuarias continuas,2015-03-01,0,11,99,27,0,137
COMBAYA,"anticoncepcion, prevencion de its y de cancer de cuello uterino",inyectable trimestral: usuarias continuas,2015-03-01,0,0,0,4,0,4
CONCEPCION,"anticoncepcion, prevencion de its y de cancer de cuello uterino",inyectable trimestral: usuarias continuas,2015-03-01,0,3,20,11,0,34
COPACABANA,"anticoncepcion, prevencion de its y de cancer de cuello uterino",inyectable trimestral: usuarias continuas,2015-03-01,0,3,28,19,2,52
CORIPATA,"anticoncepcion, prevencion de its y de cancer de cuello uterino",inyectable trimestral: usuarias continuas,2015-03-01,0,0,32,14,0,46
CORO CORO,"anticoncepcion, prevencion de its y de cancer de cuello uterino",inyectable trimestral: usuarias continuas,2015-03-01,0,0,12,10,0,22
COROICO,"anticoncepcion, prevencion de its y de cancer de cuello uterino",inyectable trimestral: usuarias continuas,2015-03-01,0,0,15,5,0,20
CORQUE,"anticoncepcion, prevencion de its y de cancer de cuello uterino",inyectable trimestral: usuarias continuas,2015-03-01,0,2,11,7,0,20
COTAGAITA,"anticoncepcion, prevencion de its y de cancer de cuello uterino",inyectable trimestral: usuarias continuas,2015-03-01,0,6,64,37,1,108
COTOCA,"anticoncepcion, prevencion de its y de cancer de cuello uterino",inyectable trimestral: usuarias continuas,2015-03-01,0,12,55,18,0,85
CUATRO CAÃ‘ADAS,"anticoncepcion, prevencion de its y de cancer de cuello uterino",inyectable trimestral: usuarias continuas,2015-03-01,0,2,35,14,0,51
CUCHUMUELA (V. G. VILLARROEL),"anticoncepcion, prevencion de its y de cancer de cuello uterino",inyectable trimestral: usuarias continuas,2015-03-01,0,0,5,3,0,8
CUEVO,"anticoncepcion, prevencion de its y de cancer de cuello uterino",inyectable trimestral: usuarias continuas,2015-03-01,0,2,16,12,1,31
CULPINA,"anticoncepcion, prevencion de its y de cancer de cuello uterino",inyectable trimestral: usuarias continuas,2015-03-01,0,5,53,51,0,109
CURAHUARA DE CARANGAS,"anticoncepcion, prevencion de its y de cancer de cuello uterino",inyectable trimestral: usuarias continuas,2015-03-01,0,0,11,4,0,15
CURVA,"anticoncepcion, prevencion de its y de cancer de cuello uterino",inyectable trimestral: usuarias continuas,2015-03-01,0,0,4,1,0,5
DESAGUADERO,"anticoncepcion, prevencion de its y de cancer de cuello uterino",inyectable trimestral: usuarias continuas,2015-03-01,0,0,8,0,0,8
EL ALTO,"anticoncepcion, prevencion de its y de cancer de cuello uterino",inyectable trimestral: usuarias continuas,2015-03-01,1,71,818,356,4,1250
EL CHORO,"anticoncepcion, prevencion de its y de cancer de cuello uterino",inyectable trimestral: usuarias continuas,2015-03-01,0,0,7,2,0,9
EL PUENTE(STC),"anticoncepcion, prevencion de its y de cancer de cuello uterino",inyectable trimestral: usuarias continuas,2015-03-01,0,9,29,21,0,59
EL PUENTE(TJA),"anticoncepcion, prevencion de its y de cancer de cuello uterino",inyectable trimestral: usuarias continuas,2015-03-01,0,4,51,32,1,88
EL TORNO,"anticoncepcion, prevencion de its y de cancer de cuello uterino",inyectable trimestral: usuarias continuas,2015-03-01,2,28,101,40,3,174
EL VILLAR,"anticoncepcion, prevencion de its y de cancer de cuello uterino",inyectable trimestral: usuarias continuas,2015-03-01,0,3,11,13,2,29
ENTRE RIOS TRJ,"anticoncepcion, prevencion de its y de cancer de cuello uterino",inyectable trimestral: usuarias continuas,2015-03-01,0,25,90,61,1,177
ENTRE RIOS CBBA,"anticoncepcion, prevencion de its y de cancer de cuello uterino",inyectable trimestral: usuarias continuas,2015-03-01,0,8,59,22,0,89
ESMERALDA,"anticoncepcion, prevencion de its y de cancer de cuello uterino",inyectable trimestral: usuarias continuas,2015-03-01,0,0,2,0,0,2
EUCALIPTUS,"anticoncepcion, prevencion de its y de cancer de cuello uterino",inyectable trimestral: usuarias continuas,2015-03-01,0,0,4,2,0,6
EUREKA (SANTOS MERCADO),"anticoncepcion, prevencion de its y de cancer de cuello uterino",inyectable trimestral: usuarias continuas,2015-03-01,0,0,1,1,0,2
EXALTACION,"anticoncepcion, prevencion de its y de cancer de cuello uterino",inyectable trimestral: usuarias continuas,2015-03-01,0,0,2,0,0,2
FERNANDEZ ALONSO,"anticoncepcion, prevencion de its y de cancer de cuello uterino",inyectable trimestral: usuarias continuas,2015-03-01,0,12,54,30,0,96
FILADELFIA,"anticoncepcion, prevencion de its y de cancer de cuello uterino",inyectable trimestral: usuarias continuas,2015-03-01,0,3,25,5,0,33
GENERAL SAAVEDRA,"anticoncepcion, prevencion de its y de cancer de cuello uterino",inyectable trimestral: usuarias continuas,2015-03-01,1,13,43,15,2,74
GRAL. J.J. PEREZ (CHARAZANI),"anticoncepcion, prevencion de its y de cancer de cuello uterino",inyectable trimestral: usuarias continuas,2015-03-01,0,0,11,10,0,21
GUANAY,"anticoncepcion, prevencion de its y de cancer de cuello uterino",inyectable trimestral: usuarias continuas,2015-03-01,0,3,20,5,0,28
GUAQUI,"anticoncepcion, prevencion de its y de cancer de cuello uterino",inyectable trimestral: usuarias continuas,2015-03-01,0,0,9,8,0,17
GUAYARAMERIN,"anticoncepcion, prevencion de its y de cancer de cuello uterino",inyectable trimestral: usuarias continuas,2015-03-01,0,7,27,12,0,46
GUTIERREZ,"anticoncepcion, prevencion de its y de cancer de cuello uterino",inyectable trimestral: usuarias continuas,2015-03-01,0,1,18,11,0,30
HUACARETA,"anticoncepcion, prevencion de its y de cancer de cuello uterino",inyectable trimestral: usuarias continuas,2015-03-01,0,5,24,14,0,43
HUACAYA (VILLA DE HUACAYA),"anticoncepcion, prevencion de its y de cancer de cuello uterino",inyectable trimestral: usuarias continuas,2015-03-01,0,0,10,1,0,11
HUANUNI,"anticoncepcion, prevencion de its y de cancer de cuello uterino",inyectable trimestral: usuarias continuas,2015-03-01,0,1,21,8,0,30
HUARACAJE,"anticoncepcion, prevencion de its y de cancer de cuello uterino",inyectable trimestral: usuarias continuas,2015-03-01,0,1,6,3,1,11
HUARINA,"anticoncepcion, prevencion de its y de cancer de cuello uterino",inyectable trimestral: usuarias continuas,2015-03-01,0,1,5,3,1,10
HUATAJATA,"anticoncepcion, prevencion de its y de cancer de cuello uterino",inyectable trimestral: usuarias continuas,2015-03-01,0,0,3,3,0,6
HUAYLLAMARCA,"anticoncepcion, prevencion de its y de cancer de cuello uterino",inyectable trimestral: usuarias continuas,2015-03-01,0,0,5,4,0,9
HUMANATA,"anticoncepcion, prevencion de its y de cancer de cuello uterino",inyectable trimestral: usuarias continuas,2015-03-01,0,0,3,5,0,8
ICHOCA,"anticoncepcion, prevencion de its y de cancer de cuello uterino",inyectable trimestral: usuarias continuas,2015-03-01,0,0,3,2,0,5
ICLA,"anticoncepcion, prevencion de its y de cancer de cuello uterino",inyectable trimestral: usuarias continuas,2015-03-01,0,1,12,20,1,34
INCAHUASI,"anticoncepcion, prevencion de its y de cancer de cuello uterino",inyectable trimestral: usuarias continuas,2015-03-01,0,3,44,18,0,65
INGAVI (HUMAITA),"anticoncepcion, prevencion de its y de cancer de cuello uterino",inyectable trimestral: usuarias continuas,2015-03-01,0,1,5,0,0,6
INQUISIVI,"anticoncepcion, prevencion de its y de cancer de cuello uterino",inyectable trimestral: usuarias continuas,2015-03-01,0,2,21,16,0,39
IRUPANA (VILLA DE LANZA),"anticoncepcion, prevencion de its y de cancer de cuello uterino",inyectable trimestral: usuarias continuas,2015-03-01,1,2,45,17,0,65
IXIAMAS,"anticoncepcion, prevencion de its y de cancer de cuello uterino",inyectable trimestral: usuarias continuas,2015-03-01,0,2,17,1,0,20
JESUS DE MACHACA,"anticoncepcion, prevencion de its y de cancer de cuello uterino",inyectable trimestral: usuarias continuas,2015-03-01,0,1,19,7,0,27
LA ASUNTA,"anticoncepcion, prevencion de its y de cancer de cuello uterino",inyectable trimestral: usuarias continuas,2015-03-01,3,12,97,34,0,146
LA GUARDIA,"anticoncepcion, prevencion de its y de cancer de cuello uterino",inyectable trimestral: usuarias continuas,2015-03-01,0,15,95,28,0,138
LA PAZ,"anticoncepcion, prevencion de its y de cancer de cuello uterino",inyectable trimestral: usuarias continuas,2015-03-01,0,27,312,100,0,439
LA RIVERA,"anticoncepcion, prevencion de its y de cancer de cuello uterino",inyectable trimestral: usuarias continuas,2015-03-01,0,0,1,1,0,2
LAGUNILLAS,"anticoncepcion, prevencion de its y de cancer de cuello uterino",inyectable trimestral: usuarias continuas,2015-03-01,0,0,5,2,0,7
LAJA,"anticoncepcion, prevencion de its y de cancer de cuello uterino",inyectable trimestral: usuarias continuas,2015-03-01,0,4,31,12,0,47
LAS CARRERAS,"anticoncepcion, prevencion de its y de cancer de cuello uterino",inyectable trimestral: usuarias continuas,2015-03-01,0,3,11,9,0,23
LICOMA PAMPA,"anticoncepcion, prevencion de its y de cancer de cuello uterino",inyectable trimestral: usuarias continuas,2015-03-01,0,1,8,7,0,16
LLALLAGUA,"anticoncepcion, prevencion de its y de cancer de cuello uterino",inyectable trimestral: usuarias continuas,2015-03-01,0,6,65,22,0,93
LLICA,"anticoncepcion, prevencion de its y de cancer de cuello uterino",inyectable trimestral: usuarias continuas,2015-03-01,0,5,14,10,0,29
LORETO,"anticoncepcion, prevencion de its y de cancer de cuello uterino",inyectable trimestral: usuarias continuas,2015-03-01,0,4,8,0,0,12
LURIBAY,"anticoncepcion, prevencion de its y de cancer de cuello uterino",inyectable trimestral: usuarias continuas,2015-03-01,0,4,13,14,0,31
MACHACAMARCA,"anticoncepcion, prevencion de its y de cancer de cuello uterino",inyectable trimestral: usuarias continuas,2015-03-01,0,0,6,2,0,8
MACHARETI,"anticoncepcion, prevencion de its y de cancer de cuello uterino",inyectable trimestral: usuarias continuas,2015-03-01,0,2,30,12,0,44
MAGDALENA,"anticoncepcion, prevencion de its y de cancer de cuello uterino",inyectable trimestral: usuarias continuas,2015-03-01,0,7,35,7,0,49
MAIRANA,"anticoncepcion, prevencion de its y de cancer de cuello uterino",inyectable trimestral: usuarias continuas,2015-03-01,0,6,30,11,0,47
MALLA,"anticoncepcion, prevencion de its y de cancer de cuello uterino",inyectable trimestral: usuarias continuas,2015-03-01,0,0,5,3,0,8
MAPIRI,"anticoncepcion, prevencion de its y de cancer de cuello uterino",inyectable trimestral: usuarias continuas,2015-03-01,0,1,8,5,0,14
MECAPACA,"anticoncepcion, prevencion de its y de cancer de cuello uterino",inyectable trimestral: usuarias continuas,2015-03-01,0,0,31,19,1,51
MINEROS,"anticoncepcion, prevencion de its y de cancer de cuello uterino",inyectable trimestral: usuarias continuas,2015-03-01,0,9,39,11,1,60
MIZQUE,"anticoncepcion, prevencion de its y de cancer de cuello uterino",inyectable trimestral: usuarias continuas,2015-03-01,0,3,62,28,1,94
MOCOMOCO,"anticoncepcion, prevencion de its y de cancer de cuello uterino",inyectable trimestral: usuarias continuas,2015-03-01,0,0,21,18,0,39
MOJINETE,"anticoncepcion, prevencion de its y de cancer de cuello uterino",inyectable trimestral: usuarias continuas,2015-03-01,0,2,2,2,0,6
MOJOCOYA,"anticoncepcion, prevencion de its y de cancer de cuello uterino",inyectable trimestral: usuarias continuas,2015-03-01,0,5,24,22,0,51
MONTEAGUDO,"anticoncepcion, prevencion de its y de cancer de cuello uterino",inyectable trimestral: usuarias continuas,2015-03-01,0,12,61,39,1,113
MONTERO,"anticoncepcion, prevencion de its y de cancer de cuello uterino",inyectable trimestral: usuarias continuas,2015-03-01,0,20,102,34,0,156
MORO MORO,"anticoncepcion, prevencion de its y de cancer de cuello uterino",inyectable trimestral: usuarias continuas,2015-03-01,1,3,20,0,1,25
MOROCHATA,"anticoncepcion, prevencion de its y de cancer de cuello uterino",inyectable trimestral: usuarias continuas,2015-03-01,0,8,44,33,0,85
NACEBE (SANTA ROSA DEL ABUNA),"anticoncepcion, prevencion de its y de cancer de cuello uterino",inyectable trimestral: usuarias continuas,2015-03-01,1,8,13,6,0,28
NAZACARA DE PACAJES,"anticoncepcion, prevencion de its y de cancer de cuello uterino",inyectable trimestral: usuarias continuas,2015-03-01,0,0,1,1,0,2
NUEVO MANOA (NUEVA ESPERANZA),"anticoncepcion, prevencion de its y de cancer de cuello uterino",inyectable trimestral: usuarias continuas,2015-03-01,0,0,3,1,0,4
OCURI,"anticoncepcion, prevencion de its y de cancer de cuello uterino",inyectable trimestral: usuarias continuas,2015-03-01,0,1,27,16,0,44
OKINAWA,"anticoncepcion, prevencion de its y de cancer de cuello uterino",inyectable trimestral: usuarias continuas,2015-03-01,0,8,37,15,1,61
OMEREQUE,"anticoncepcion, prevencion de its y de cancer de cuello uterino",inyectable trimestral: usuarias continuas,2015-03-01,0,2,21,8,0,31
ORURO,"anticoncepcion, prevencion de its y de cancer de cuello uterino",inyectable trimestral: usuarias continuas,2015-03-01,0,36,423,152,2,613
PADCAYA,"anticoncepcion, prevencion de its y de cancer de cuello uterino",inyectable trimestral: usuarias continuas,2015-03-01,0,20,92,108,2,222
PADILLA,"anticoncepcion, prevencion de its y de cancer de cuello uterino",inyectable trimestral: usuarias continuas,2015-03-01,0,9,59,35,1,104
PAILON,"anticoncepcion, prevencion de its y de cancer de cuello uterino",inyectable trimestral: usuarias continuas,2015-03-01,3,5,29,9,0,46
PALCA,"anticoncepcion, prevencion de its y de cancer de cuello uterino",inyectable trimestral: usuarias continuas,2015-03-01,0,2,15,2,0,19
PALOS BLANCOS,"anticoncepcion, prevencion de its y de cancer de cuello uterino",inyectable trimestral: usuarias continuas,2015-03-01,0,5,54,35,0,94
PAMPA AULLAGAS,"anticoncepcion, prevencion de its y de cancer de cuello uterino",inyectable trimestral: usuarias continuas,2015-03-01,0,0,2,2,0,4
PAMPA GRANDE,"anticoncepcion, prevencion de its y de cancer de cuello uterino",inyectable trimestral: usuarias continuas,2015-03-01,1,3,39,11,0,54
PAPEL PAMPA,"anticoncepcion, prevencion de its y de cancer de cuello uterino",inyectable trimestral: usuarias continuas,2015-03-01,0,0,8,12,0,20
PASORAPA,"anticoncepcion, prevencion de its y de cancer de cuello uterino",inyectable trimestral: usuarias continuas,2015-03-01,0,1,20,9,0,30
PATACAMAYA,"anticoncepcion, prevencion de its y de cancer de cuello uterino",inyectable trimestral: usuarias continuas,2015-03-01,0,1,21,7,0,29
PAZÃ‘A,"anticoncepcion, prevencion de its y de cancer de cuello uterino",inyectable trimestral: usuarias continuas,2015-03-01,0,0,14,11,0,25
PELECHUCO,"anticoncepcion, prevencion de its y de cancer de cuello uterino",inyectable trimestral: usuarias continuas,2015-03-01,0,0,13,9,0,22
POCOATA,"anticoncepcion, prevencion de its y de cancer de cuello uterino",inyectable trimestral: usuarias continuas,2015-03-01,0,1,21,32,0,54
POCONA,"anticoncepcion, prevencion de its y de cancer de cuello uterino",inyectable trimestral: usuarias continuas,2015-03-01,0,5,52,35,2,94
POJO (CBBA),"anticoncepcion, prevencion de its y de cancer de cuello uterino",inyectable trimestral: usuarias continuas,2015-03-01,0,6,49,22,1,78
POOPO,"anticoncepcion, prevencion de its y de cancer de cuello uterino",inyectable trimestral: usuarias continuas,2015-03-01,0,0,6,1,0,7
PORCO,"anticoncepcion, prevencion de its y de cancer de cuello uterino",inyectable trimestral: usuarias continuas,2015-03-01,0,2,10,6,0,18
POROMA,"anticoncepcion, prevencion de its y de cancer de cuello uterino",inyectable trimestral: usuarias continuas,2015-03-01,0,3,52,22,2,79
PORONGO,"anticoncepcion, prevencion de its y de cancer de cuello uterino",inyectable trimestral: usuarias continuas,2015-03-01,0,3,20,4,0,27
PORTACHUELO,"anticoncepcion, prevencion de its y de cancer de cuello uterino",inyectable trimestral: usuarias continuas,2015-03-01,0,7,36,8,0,51
PORVENIR,"anticoncepcion, prevencion de its y de cancer de cuello uterino",inyectable trimestral: usuarias continuas,2015-03-01,0,5,23,5,0,33
POSTRER VALLE,"anticoncepcion, prevencion de its y de cancer de cuello uterino",inyectable trimestral: usuarias continuas,2015-03-01,0,0,9,2,0,11
POTOSI,"anticoncepcion, prevencion de its y de cancer de cuello uterino",inyectable trimestral: usuarias continuas,2015-03-01,1,29,430,107,1,568
PRESTO,"anticoncepcion, prevencion de its y de cancer de cuello uterino",inyectable trimestral: usuarias continuas,2015-03-01,0,2,15,16,0,33
PUCARA,"anticoncepcion, prevencion de its y de cancer de cuello uterino",inyectable trimestral: usuarias continuas,2015-03-01,0,2,4,4,0,10
PUCARANI,"anticoncepcion, prevencion de its y de cancer de cuello uterino",inyectable trimestral: usuarias continuas,2015-03-01,0,7,70,39,1,117
PUERTO ACOSTA,"anticoncepcion, prevencion de its y de cancer de cuello uterino",inyectable trimestral: usuarias continuas,2015-03-01,0,1,5,2,0,8
PUERTO CARABUCO,"anticoncepcion, prevencion de its y de cancer de cuello uterino",inyectable trimestral: usuarias continuas,2015-03-01,0,1,12,7,0,20
PUERTO GONZALO MORENO,"anticoncepcion, prevencion de its y de cancer de cuello uterino",inyectable trimestral: usuarias continuas,2015-03-01,1,7,17,7,1,33
PUERTO PEREZ,"anticoncepcion, prevencion de its y de cancer de cuello uterino",inyectable trimestral: usuarias continuas,2015-03-01,0,0,11,2,0,13
PUERTO QUIJARRO,"anticoncepcion, prevencion de its y de cancer de cuello uterino",inyectable trimestral: usuarias continuas,2015-03-01,0,4,16,3,0,23
PUERTO RICO,"anticoncepcion, prevencion de its y de cancer de cuello uterino",inyectable trimestral: usuarias continuas,2015-03-01,0,8,27,17,0,52
PUERTO SILES,"anticoncepcion, prevencion de its y de cancer de cuello uterino",inyectable trimestral: usuarias continuas,2015-03-01,0,0,1,0,0,1
PUERTO SUAREZ,"anticoncepcion, prevencion de its y de cancer de cuello uterino",inyectable trimestral: usuarias continuas,2015-03-01,0,0,14,0,0,14
PUERTO VILLARROEL,"anticoncepcion, prevencion de its y de cancer de cuello uterino",inyectable trimestral: usuarias continuas,2015-03-01,0,19,70,40,1,130
PUNA,"anticoncepcion, prevencion de its y de cancer de cuello uterino",inyectable trimestral: usuarias continuas,2015-03-01,0,3,41,20,1,65
PUNATA,"anticoncepcion, prevencion de its y de cancer de cuello uterino",inyectable trimestral: usuarias continuas,2015-03-01,0,4,39,16,1,60
QUIABAYA,"anticoncepcion, prevencion de its y de cancer de cuello uterino",inyectable trimestral: usuarias continuas,2015-03-01,0,1,10,4,0,15
QUILLACOLLO,"anticoncepcion, prevencion de its y de cancer de cuello uterino",inyectable trimestral: usuarias continuas,2015-03-01,0,14,126,34,0,174
QUIME,"anticoncepcion, prevencion de its y de cancer de cuello uterino",inyectable trimestral: usuarias continuas,2015-03-01,0,2,21,12,1,36
QUIRUSILLAS,"anticoncepcion, prevencion de its y de cancer de cuello uterino",inyectable trimestral: usuarias continuas,2015-03-01,0,1,10,5,1,17
RAVELO,"anticoncepcion, prevencion de its y de cancer de cuello uterino",inyectable trimestral: usuarias continuas,2015-03-01,0,5,49,36,0,90
REYES,"anticoncepcion, prevencion de its y de cancer de cuello uterino",inyectable trimestral: usuarias continuas,2015-03-01,0,2,11,2,0,15
RIBERALTA,"anticoncepcion, prevencion de its y de cancer de cuello uterino",inyectable trimestral: usuarias continuas,2015-03-01,0,20,132,29,0,181
ROBORE,"anticoncepcion, prevencion de its y de cancer de cuello uterino",inyectable trimestral: usuarias continuas,2015-03-01,0,6,35,8,0,49
RURRENABAQUE,"anticoncepcion, prevencion de its y de cancer de cuello uterino",inyectable trimestral: usuarias continuas,2015-03-01,0,4,41,14,0,59
SABAYA,"anticoncepcion, prevencion de its y de cancer de cuello uterino",inyectable trimestral: usuarias continuas,2015-03-01,0,0,2,4,0,6
SACABA,"anticoncepcion, prevencion de its y de cancer de cuello uterino",inyectable trimestral: usuarias continuas,2015-03-01,0,25,158,43,0,226
SACABAMBA,"anticoncepcion, prevencion de its y de cancer de cuello uterino",inyectable trimestral: usuarias continuas,2015-03-01,0,2,0,7,0,9
SACACA,"anticoncepcion, prevencion de its y de cancer de cuello uterino",inyectable trimestral: usuarias continuas,2015-03-01,0,3,40,21,0,64
SAIPINA,"anticoncepcion, prevencion de its y de cancer de cuello uterino",inyectable trimestral: usuarias continuas,2015-03-01,0,4,22,5,0,31
SALINAS DE GARCI MENDOZA,"anticoncepcion, prevencion de its y de cancer de cuello uterino",inyectable trimestral: usuarias continuas,2015-03-01,0,4,22,8,0,34
SAMAIPATA,"anticoncepcion, prevencion de its y de cancer de cuello uterino",inyectable trimestral: usuarias continuas,2015-03-01,0,6,34,8,0,48
SAN AGUSTIN,"anticoncepcion, prevencion de its y de cancer de cuello uterino",inyectable trimestral: usuarias continuas,2015-03-01,0,0,7,3,0,10
SAN ANDRES,"anticoncepcion, prevencion de its y de cancer de cuello uterino",inyectable trimestral: usuarias continuas,2015-03-01,0,9,32,15,0,56
SAN ANDRES DE MACHACA,"anticoncepcion, prevencion de its y de cancer de cuello uterino",inyectable trimestral: usuarias continuas,2015-03-01,0,0,1,0,0,1
SAN ANTONIO DE ESMORUCO,"anticoncepcion, prevencion de its y de cancer de cuello uterino",inyectable trimestral: usuarias continuas,2015-03-01,0,0,8,0,0,8
SAN ANTONIO DE LOMERIO,"anticoncepcion, prevencion de its y de cancer de cuello uterino",inyectable trimestral: usuarias continuas,2015-03-01,0,9,31,24,0,64
SAN BENITO,"anticoncepcion, prevencion de its y de cancer de cuello uterino",inyectable trimestral: usuarias continuas,2015-03-01,0,3,39,18,0,60
SAN BORJA,"anticoncepcion, prevencion de its y de cancer de cuello uterino",inyectable trimestral: usuarias continuas,2015-03-01,0,18,85,32,2,137
SAN BUENA VENTURA,"anticoncepcion, prevencion de its y de cancer de cuello uterino",inyectable trimestral: usuarias continuas,2015-03-01,0,4,17,8,0,29
SAN CARLOS,"anticoncepcion, prevencion de its y de cancer de cuello uterino",inyectable trimestral: usuarias continuas,2015-03-01,0,6,22,15,0,43
SAN IGNACIO,"anticoncepcion, prevencion de its y de cancer de cuello uterino",inyectable trimestral: usuarias continuas,2015-03-01,0,15,67,34,1,117
SAN IGNACIO DE VELASCO,"anticoncepcion, prevencion de its y de cancer de cuello uterino",inyectable trimestral: usuarias continuas,2015-03-01,0,23,129,43,1,196
SAN JAVIER(BNI),"anticoncepcion, prevencion de its y de cancer de cuello uterino",inyectable trimestral: usuarias continuas,2015-03-01,1,1,3,0,0,5
SAN JAVIER(STC),"anticoncepcion, prevencion de its y de cancer de cuello uterino",inyectable trimestral: usuarias continuas,2015-03-01,0,5,17,9,0,31
SAN JOSE DE CHIQUITOS,"anticoncepcion, prevencion de its y de cancer de cuello uterino",inyectable trimestral: usuarias continuas,2015-03-01,0,0,17,13,0,30
SAN JUAN DE YAPACANI,"anticoncepcion, prevencion de its y de cancer de cuello uterino",inyectable trimestral: usuarias continuas,2015-03-01,0,3,23,12,0,38
SAN JULIAN,"anticoncepcion, prevencion de its y de cancer de cuello uterino",inyectable trimestral: usuarias continuas,2015-03-01,1,13,85,43,0,142
SAN LORENZO(PND),"anticoncepcion, prevencion de its y de cancer de cuello uterino",inyectable trimestral: usuarias continuas,2015-03-01,0,1,16,5,0,22
SAN LORENZO(TJA),"anticoncepcion, prevencion de its y de cancer de cuello uterino",inyectable trimestral: usuarias continuas,2015-03-01,0,13,91,52,1,157
SAN LUCAS,"anticoncepcion, prevencion de its y de cancer de cuello uterino",inyectable trimestral: usuarias continuas,2015-03-01,0,4,61,37,0,102
SAN MATIAS,"anticoncepcion, prevencion de its y de cancer de cuello uterino",inyectable trimestral: usuarias continuas,2015-03-01,0,0,16,6,1,23
SAN MIGUEL DE VELASCO,"anticoncepcion, prevencion de its y de cancer de cuello uterino",inyectable trimestral: usuarias continuas,2015-03-01,0,14,62,29,2,107
SAN PABLO DE LIPEZ,"anticoncepcion, prevencion de its y de cancer de cuello uterino",inyectable trimestral: usuarias continuas,2015-03-01,0,0,4,0,0,4
SAN PEDRO,"anticoncepcion, prevencion de its y de cancer de cuello uterino",inyectable trimestral: usuarias continuas,2015-03-01,0,7,27,8,0,42
SAN PEDRO DE BUENA VISTA,"anticoncepcion, prevencion de its y de cancer de cuello uterino",inyectable trimestral: usuarias continuas,2015-03-01,0,4,32,15,0,51
SAN PEDRO DE CURAHUARA,"anticoncepcion, prevencion de its y de cancer de cuello uterino",inyectable trimestral: usuarias continuas,2015-03-01,0,0,9,6,0,15
SAN PEDRO DE QUEMES,"anticoncepcion, prevencion de its y de cancer de cuello uterino",inyectable trimestral: usuarias continuas,2015-03-01,0,2,2,1,0,5
SAN PEDRO DE TIQUINA,"anticoncepcion, prevencion de its y de cancer de cuello uterino",inyectable trimestral: usuarias continuas,2015-03-01,0,1,7,4,0,12
SAN PEDRO(PND),"anticoncepcion, prevencion de its y de cancer de cuello uterino",inyectable trimestral: usuarias continuas,2015-03-01,0,1,2,2,0,5
SAN RAFAEL,"anticoncepcion, prevencion de its y de cancer de cuello uterino",inyectable trimestral: usuarias continuas,2015-03-01,0,11,28,13,1,53
SAN RAMON BENI,"anticoncepcion, prevencion de its y de cancer de cuello uterino",inyectable trimestral: usuarias continuas,2015-03-01,0,2,8,2,0,12
SAN RAMON SCZ,"anticoncepcion, prevencion de its y de cancer de cuello uterino",inyectable trimestral: usuarias continuas,2015-03-01,0,6,15,3,0,24
SANTA ANA,"anticoncepcion, prevencion de its y de cancer de cuello uterino",inyectable trimestral: usuarias continuas,2015-03-01,0,2,15,2,0,19
SANTA CRUZ DE LA SIERRA,"anticoncepcion, prevencion de its y de cancer de cuello uterino",inyectable trimestral: usuarias continuas,2015-03-01,3,69,339,77,0,488
SANTA ROSA,"anticoncepcion, prevencion de its y de cancer de cuello uterino",inyectable trimestral: usuarias continuas,2015-03-01,0,1,1,1,0,3
SANTA ROSA DEL SARA,"anticoncepcion, prevencion de its y de cancer de cuello uterino",inyectable trimestral: usuarias continuas,2015-03-01,0,6,43,17,0,66
SANTIAGO DE CALLAPA,"anticoncepcion, prevencion de its y de cancer de cuello uterino",inyectable trimestral: usuarias continuas,2015-03-01,0,0,1,0,0,1
SANTIAGO DE HUARI,"anticoncepcion, prevencion de its y de cancer de cuello uterino",inyectable trimestral: usuarias continuas,2015-03-01,0,3,5,3,0,11
SANTIAGO DE HUATA,"anticoncepcion, prevencion de its y de cancer de cuello uterino",inyectable trimestral: usuarias continuas,2015-03-01,0,0,7,6,0,13
SANTIAGO DE MACHACA,"anticoncepcion, prevencion de its y de cancer de cuello uterino",inyectable trimestral: usuarias continuas,2015-03-01,0,1,5,7,0,13
SANTIVAÃ‘ES,"anticoncepcion, prevencion de its y de cancer de cuello uterino",inyectable trimestral: usuarias continuas,2015-03-01,0,5,16,9,0,30
SANTUARIO DE QUILLACAS,"anticoncepcion, prevencion de its y de cancer de cuello uterino",inyectable trimestral: usuarias continuas,2015-03-01,0,0,4,3,0,7
SAPAHAQUI,"anticoncepcion, prevencion de its y de cancer de cuello uterino",inyectable trimestral: usuarias continuas,2015-03-01,0,1,20,13,0,34
SENA,"anticoncepcion, prevencion de its y de cancer de cuello uterino",inyectable trimestral: usuarias continuas,2015-03-01,0,1,9,2,0,12
SHINAOTA,"anticoncepcion, prevencion de its y de cancer de cuello uterino",inyectable trimestral: usuarias continuas,2015-03-01,0,3,35,10,0,48
SICA SICA (VILLA AROMA),"anticoncepcion, prevencion de its y de cancer de cuello uterino",inyectable trimestral: usuarias continuas,2015-03-01,0,1,32,26,0,59
SICAYA,"anticoncepcion, prevencion de its y de cancer de cuello uterino",inyectable trimestral: usuarias continuas,2015-03-01,0,2,9,9,0,20
SIPE SIPE,"anticoncepcion, prevencion de its y de cancer de cuello uterino",inyectable trimestral: usuarias continuas,2015-03-01,0,11,176,47,0,234
SOPACHUY,"anticoncepcion, prevencion de its y de cancer de cuello uterino",inyectable trimestral: usuarias continuas,2015-03-01,0,0,20,16,0,36
SORACACHI,"anticoncepcion, prevencion de its y de cancer de cuello uterino",inyectable trimestral: usuarias continuas,2015-03-01,0,2,17,3,0,22
SORATA,"anticoncepcion, prevencion de its y de cancer de cuello uterino",inyectable trimestral: usuarias continuas,2015-03-01,0,1,32,25,0,58
SUCRE,"anticoncepcion, prevencion de its y de cancer de cuello uterino",inyectable trimestral: usuarias continuas,2015-03-01,1,64,559,172,3,799
TACACOMA,"anticoncepcion, prevencion de its y de cancer de cuello uterino",inyectable trimestral: usuarias continuas,2015-03-01,0,1,29,8,0,38
TACOBAMBA,"anticoncepcion, prevencion de its y de cancer de cuello uterino",inyectable trimestral: usuarias continuas,2015-03-01,0,1,29,15,0,45
TACOPAYA,"anticoncepcion, prevencion de its y de cancer de cuello uterino",inyectable trimestral: usuarias continuas,2015-03-01,0,1,10,17,0,28
TAPACARI,"anticoncepcion, prevencion de its y de cancer de cuello uterino",inyectable trimestral: usuarias continuas,2015-03-01,0,5,64,36,0,105
TARABUCO,"anticoncepcion, prevencion de its y de cancer de cuello uterino",inyectable trimestral: usuarias continuas,2015-03-01,0,2,34,25,0,61
TARACO,"anticoncepcion, prevencion de its y de cancer de cuello uterino",inyectable trimestral: usuarias continuas,2015-03-01,0,1,13,12,1,27
TARATA,"anticoncepcion, prevencion de its y de cancer de cuello uterino",inyectable trimestral: usuarias continuas,2015-03-01,0,4,19,15,0,38
TARIJA,"anticoncepcion, prevencion de its y de cancer de cuello uterino",inyectable trimestral: usuarias continuas,2015-03-01,1,40,217,91,2,351
TARVITA,"anticoncepcion, prevencion de its y de cancer de cuello uterino",inyectable trimestral: usuarias continuas,2015-03-01,0,6,40,24,0,70
TEOPONTE,"anticoncepcion, prevencion de its y de cancer de cuello uterino",inyectable trimestral: usuarias continuas,2015-03-01,0,0,19,8,0,27
TIAWANACU,"anticoncepcion, prevencion de its y de cancer de cuello uterino",inyectable trimestral: usuarias continuas,2015-03-01,0,0,20,17,0,37
TINGUIPAYA,"anticoncepcion, prevencion de its y de cancer de cuello uterino",inyectable trimestral: usuarias continuas,2015-03-01,0,2,17,13,1,33
TIPUANI,"anticoncepcion, prevencion de its y de cancer de cuello uterino",inyectable trimestral: usuarias continuas,2015-03-01,0,1,25,4,0,30
TIQUIPAYA,"anticoncepcion, prevencion de its y de cancer de cuello uterino",inyectable trimestral: usuarias continuas,2015-03-01,0,8,66,24,0,98
TIRAQUE (CBBA),"anticoncepcion, prevencion de its y de cancer de cuello uterino",inyectable trimestral: usuarias continuas,2015-03-01,0,5,52,32,0,89
TOCO,"anticoncepcion, prevencion de its y de cancer de cuello uterino",inyectable trimestral: usuarias continuas,2015-03-01,0,2,9,8,0,19
TODOS SANTOS,"anticoncepcion, prevencion de its y de cancer de cuello uterino",inyectable trimestral: usuarias continuas,2015-03-01,0,0,1,0,0,1
TOLATA,"anticoncepcion, prevencion de its y de cancer de cuello uterino",inyectable trimestral: usuarias continuas,2015-03-01,0,0,21,6,0,27
TOLEDO,"anticoncepcion, prevencion de its y de cancer de cuello uterino",inyectable trimestral: usuarias continuas,2015-03-01,0,0,7,5,0,12
TOMAVE,"anticoncepcion, prevencion de its y de cancer de cuello uterino",inyectable trimestral: usuarias continuas,2015-03-01,0,5,30,9,0,44
TOMINA,"anticoncepcion, prevencion de its y de cancer de cuello uterino",inyectable trimestral: usuarias continuas,2015-03-01,0,11,55,35,0,101
TORO TORO,"anticoncepcion, prevencion de its y de cancer de cuello uterino",inyectable trimestral: usuarias continuas,2015-03-01,0,0,10,8,0,18
TOTORA(CBBA),"anticoncepcion, prevencion de its y de cancer de cuello uterino",inyectable trimestral: usuarias continuas,2015-03-01,3,13,18,6,0,40
TOTORA(ORR),"anticoncepcion, prevencion de its y de cancer de cuello uterino",inyectable trimestral: usuarias continuas,2015-03-01,0,0,8,6,0,14
TRIGAL,"anticoncepcion, prevencion de its y de cancer de cuello uterino",inyectable trimestral: usuarias continuas,2015-03-01,0,1,7,3,0,11
TRINIDAD,"anticoncepcion, prevencion de its y de cancer de cuello uterino",inyectable trimestral: usuarias continuas,2015-03-01,1,13,75,15,0,104
TUPIZA,"anticoncepcion, prevencion de its y de cancer de cuello uterino",inyectable trimestral: usuarias continuas,2015-03-01,0,19,167,57,0,243
TURCO,"anticoncepcion, prevencion de its y de cancer de cuello uterino",inyectable trimestral: usuarias continuas,2015-03-01,0,3,4,12,0,19
UMALA,"anticoncepcion, prevencion de its y de cancer de cuello uterino",inyectable trimestral: usuarias continuas,2015-03-01,0,1,5,4,0,10
UNCIA,"anticoncepcion, prevencion de its y de cancer de cuello uterino",inyectable trimestral: usuarias continuas,2015-03-01,0,1,48,22,0,71
URIONDO (A. CONCEPCION),"anticoncepcion, prevencion de its y de cancer de cuello uterino",inyectable trimestral: usuarias continuas,2015-03-01,0,17,59,34,2,112
URUBICHA,"anticoncepcion, prevencion de its y de cancer de cuello uterino",inyectable trimestral: usuarias continuas,2015-03-01,0,0,12,7,0,19
UYUNI,"anticoncepcion, prevencion de its y de cancer de cuello uterino",inyectable trimestral: usuarias continuas,2015-03-01,0,2,31,7,0,40
VACAS,"anticoncepcion, prevencion de its y de cancer de cuello uterino",inyectable trimestral: usuarias continuas,2015-03-01,0,0,5,0,0,5
VALLEGRANDE,"anticoncepcion, prevencion de its y de cancer de cuello uterino",inyectable trimestral: usuarias continuas,2015-03-01,0,11,47,5,0,63
VIACHA,"anticoncepcion, prevencion de its y de cancer de cuello uterino",inyectable trimestral: usuarias continuas,2015-03-01,0,15,129,50,2,196
VILA VILA,"anticoncepcion, prevencion de its y de cancer de cuello uterino",inyectable trimestral: usuarias continuas,2015-03-01,0,0,7,3,0,10
VILLA CHARCAS,"anticoncepcion, prevencion de its y de cancer de cuello uterino",inyectable trimestral: usuarias continuas,2015-03-01,0,5,46,36,0,87
VILLA MONTES,"anticoncepcion, prevencion de its y de cancer de cuello uterino",inyectable trimestral: usuarias continuas,2015-03-01,1,8,61,15,0,85
VILLA NUEVA (LOMA ALTA),"anticoncepcion, prevencion de its y de cancer de cuello uterino",inyectable trimestral: usuarias continuas,2015-03-01,1,0,3,0,0,4
VILLA RIVERO,"anticoncepcion, prevencion de its y de cancer de cuello uterino",inyectable trimestral: usuarias continuas,2015-03-01,0,4,21,8,0,33
VILLA SERRANO,"anticoncepcion, prevencion de its y de cancer de cuello uterino",inyectable trimestral: usuarias continuas,2015-03-01,0,5,27,27,3,62
VILLA TUNARI,"anticoncepcion, prevencion de its y de cancer de cuello uterino",inyectable trimestral: usuarias continuas,2015-03-01,0,30,262,88,3,383
VILLA VACA GUZMAN (MUYUPAMPA),"anticoncepcion, prevencion de its y de cancer de cuello uterino",inyectable trimestral: usuarias continuas,2015-03-01,0,3,39,23,1,66
VILLAZON,"anticoncepcion, prevencion de its y de cancer de cuello uterino",inyectable trimestral: usuarias continuas,2015-03-01,0,18,109,49,0,176
VINTO,"anticoncepcion, prevencion de its y de cancer de cuello uterino",inyectable trimestral: usuarias continuas,2015-03-01,0,2,50,18,0,70
VITICHI,"anticoncepcion, prevencion de its y de cancer de cuello uterino",inyectable trimestral: usuarias continuas,2015-03-01,0,1,11,7,0,19
WALDO BALLIVIAN,"anticoncepcion, prevencion de its y de cancer de cuello uterino",inyectable trimestral: usuarias continuas,2015-03-01,0,1,4,3,0,8
WARNES,"anticoncepcion, prevencion de its y de cancer de cuello uterino",inyectable trimestral: usuarias continuas,2015-03-01,0,40,145,48,2,235
YACO,"anticoncepcion, prevencion de its y de cancer de cuello uterino",inyectable trimestral: usuarias continuas,2015-03-01,0,4,20,8,0,32
YACUIBA,"anticoncepcion, prevencion de its y de cancer de cuello uterino",inyectable trimestral: usuarias continuas,2015-03-01,0,27,188,101,4,320
YAMPARAEZ,"anticoncepcion, prevencion de its y de cancer de cuello uterino",inyectable trimestral: usuarias continuas,2015-03-01,0,0,12,9,0,21
YANACACHI,"anticoncepcion, prevencion de its y de cancer de cuello uterino",inyectable trimestral: usuarias continuas,2015-03-01,0,1,17,2,0,20
YAPACANI,"anticoncepcion, prevencion de its y de cancer de cuello uterino",inyectable trimestral: usuarias continuas,2015-03-01,0,4,63,18,0,85
YOCALLA,"anticoncepcion, prevencion de its y de cancer de cuello uterino",inyectable trimestral: usuarias continuas,2015-03-01,0,1,4,5,0,10
YOTALA,"anticoncepcion, prevencion de its y de cancer de cuello uterino",inyectable trimestral: usuarias continuas,2015-03-01,0,3,15,9,0,27
YUNCHARA,"anticoncepcion, prevencion de its y de cancer de cuello uterino",inyectable trimestral: usuarias continuas,2015-03-01,0,6,37,24,0,67
ZUDAÃ‘EZ,"anticoncepcion, prevencion de its y de cancer de cuello uterino",inyectable trimestral: usuarias continuas,2015-03-01,0,4,36,21,0,61
ACACIO,"anticoncepcion, prevencion de its y de cancer de cuello uterino",inyectable trimestral: usuarias continuas,2015-04-01,0,2,6,4,0,12
ACHACACHI,"anticoncepcion, prevencion de its y de cancer de cuello uterino",inyectable trimestral: usuarias continuas,2015-04-01,0,2,43,33,1,79
ACHOCALLA,"anticoncepcion, prevencion de its y de cancer de cuello uterino",inyectable trimestral: usuarias continuas,2015-04-01,0,3,35,9,0,47
AIQUILE,"anticoncepcion, prevencion de its y de cancer de cuello uterino",inyectable trimestral: usuarias continuas,2015-04-01,0,1,21,23,0,45
ALALAY,"anticoncepcion, prevencion de its y de cancer de cuello uterino",inyectable trimestral: usuarias continuas,2015-04-01,0,0,6,1,0,7
ALCALA,"anticoncepcion, prevencion de its y de cancer de cuello uterino",inyectable trimestral: usuarias continuas,2015-04-01,0,1,14,17,1,33
ALTO BENI,"anticoncepcion, prevencion de its y de cancer de cuello uterino",inyectable trimestral: usuarias continuas,2015-04-01,0,6,29,17,0,52
ANCORAIMES,"anticoncepcion, prevencion de its y de cancer de cuello uterino",inyectable trimestral: usuarias continuas,2015-04-01,0,2,8,12,0,22
ANDAMARCA,"anticoncepcion, prevencion de its y de cancer de cuello uterino",inyectable trimestral: usuarias continuas,2015-04-01,0,0,6,6,0,12
ANTEQUERA,"anticoncepcion, prevencion de its y de cancer de cuello uterino",inyectable trimestral: usuarias continuas,2015-04-01,0,0,1,2,0,3
ANZALDO,"anticoncepcion, prevencion de its y de cancer de cuello uterino",inyectable trimestral: usuarias continuas,2015-04-01,0,5,20,12,0,37
APOLO,"anticoncepcion, prevencion de its y de cancer de cuello uterino",inyectable trimestral: usuarias continuas,2015-04-01,0,4,35,33,1,73
ARAMPAMPA,"anticoncepcion, prevencion de its y de cancer de cuello uterino",inyectable trimestral: usuarias continuas,2015-04-01,0,3,7,1,0,11
ARANI,"anticoncepcion, prevencion de its y de cancer de cuello uterino",inyectable trimestral: usuarias continuas,2015-04-01,0,1,9,14,0,24
ARBIETO,"anticoncepcion, prevencion de its y de cancer de cuello uterino",inyectable trimestral: usuarias continuas,2015-04-01,0,0,38,20,0,58
ARQUE,"anticoncepcion, prevencion de its y de cancer de cuello uterino",inyectable trimestral: usuarias continuas,2015-04-01,0,6,38,33,0,77
ASCENCION DE GUARAYOS,"anticoncepcion, prevencion de its y de cancer de cuello uterino",inyectable trimestral: usuarias continuas,2015-04-01,0,6,10,6,0,22
ATOCHA,"anticoncepcion, prevencion de its y de cancer de cuello uterino",inyectable trimestral: usuarias continuas,2015-04-01,0,3,27,13,0,43
AUCAPATA,"anticoncepcion, prevencion de its y de cancer de cuello uterino",inyectable trimestral: usuarias continuas,2015-04-01,0,1,18,6,0,25
AYATA,"anticoncepcion, prevencion de its y de cancer de cuello uterino",inyectable trimestral: usuarias continuas,2015-04-01,0,0,14,19,0,33
AYO AYO,"anticoncepcion, prevencion de its y de cancer de cuello uterino",inyectable trimestral: usuarias continuas,2015-04-01,0,1,13,6,0,20
AYOPAYA (V. DE INDEPENDENCIA),"anticoncepcion, prevencion de its y de cancer de cuello uterino",inyectable trimestral: usuarias continuas,2015-04-01,0,14,65,73,0,152
AZURDUY,"anticoncepcion, prevencion de its y de cancer de cuello uterino",inyectable trimestral: usuarias continuas,2015-04-01,0,7,34,27,1,69
BATALLAS,"anticoncepcion, prevencion de its y de cancer de cuello uterino",inyectable trimestral: usuarias continuas,2015-04-01,0,2,23,17,0,42
BAURES,"anticoncepcion, prevencion de its y de cancer de cuello uterino",inyectable trimestral: usuarias continuas,2015-04-01,0,1,6,3,0,10
BELEN DE ANDAMARCA,"anticoncepcion, prevencion de its y de cancer de cuello uterino",inyectable trimestral: usuarias continuas,2015-04-01,0,0,1,2,0,3
BELEN DE URMIRI,"anticoncepcion, prevencion de its y de cancer de cuello uterino",inyectable trimestral: usuarias continuas,2015-04-01,0,0,3,1,0,4
BELLA FLOR,"anticoncepcion, prevencion de its y de cancer de cuello uterino",inyectable trimestral: usuarias continuas,2015-04-01,0,5,11,0,1,17
BERMEJO,"anticoncepcion, prevencion de its y de cancer de cuello uterino",inyectable trimestral: usuarias continuas,2015-04-01,1,13,80,34,0,128
BETANZOS,"anticoncepcion, prevencion de its y de cancer de cuello uterino",inyectable trimestral: usuarias continuas,2015-04-01,0,2,57,36,0,95
BOLIVAR,"anticoncepcion, prevencion de its y de cancer de cuello uterino",inyectable trimestral: usuarias continuas,2015-04-01,0,1,2,5,0,8
BOLPEBRA,"anticoncepcion, prevencion de its y de cancer de cuello uterino",inyectable trimestral: usuarias continuas,2015-04-01,0,1,3,1,0,5
BOYUIBE,"anticoncepcion, prevencion de its y de cancer de cuello uterino",inyectable trimestral: usuarias continuas,2015-04-01,0,1,9,2,0,12
BUENA VISTA,"anticoncepcion, prevencion de its y de cancer de cuello uterino",inyectable trimestral: usuarias continuas,2015-04-01,0,8,26,10,0,44
CABEZAS,"anticoncepcion, prevencion de its y de cancer de cuello uterino",inyectable trimestral: usuarias continuas,2015-04-01,0,9,71,18,0,98
CAIROMA,"anticoncepcion, prevencion de its y de cancer de cuello uterino",inyectable trimestral: usuarias continuas,2015-04-01,0,0,10,4,0,14
"CAIZA ""D""","anticoncepcion, prevencion de its y de cancer de cuello uterino",inyectable trimestral: usuarias continuas,2015-04-01,0,1,15,10,0,26
CAJUATA,"anticoncepcion, prevencion de its y de cancer de cuello uterino",inyectable trimestral: usuarias continuas,2015-04-01,0,2,28,14,1,45
CALACOTO,"anticoncepcion, prevencion de its y de cancer de cuello uterino",inyectable trimestral: usuarias continuas,2015-04-01,0,0,2,4,0,6
CALAMARCA,"anticoncepcion, prevencion de its y de cancer de cuello uterino",inyectable trimestral: usuarias continuas,2015-04-01,0,4,42,19,0,65
CAMARGO,"anticoncepcion, prevencion de its y de cancer de cuello uterino",inyectable trimestral: usuarias continuas,2015-04-01,0,2,17,16,0,35
CAMATAQUI (C. VILLA ABECIA),"anticoncepcion, prevencion de its y de cancer de cuello uterino",inyectable trimestral: usuarias continuas,2015-04-01,0,1,11,10,0,22
CAMIRI,"anticoncepcion, prevencion de its y de cancer de cuello uterino",inyectable trimestral: usuarias continuas,2015-04-01,0,2,22,9,0,33
CAPINOTA,"anticoncepcion, prevencion de its y de cancer de cuello uterino",inyectable trimestral: usuarias continuas,2015-04-01,0,11,46,24,0,81
CAQUIAVIRI,"anticoncepcion, prevencion de its y de cancer de cuello uterino",inyectable trimestral: usuarias continuas,2015-04-01,0,2,11,5,0,18
CARACOLLO,"anticoncepcion, prevencion de its y de cancer de cuello uterino",inyectable trimestral: usuarias continuas,2015-04-01,0,3,25,20,1,49
CARANAVI,"anticoncepcion, prevencion de its y de cancer de cuello uterino",inyectable trimestral: usuarias continuas,2015-04-01,0,7,54,33,0,94
CARANGAS,"anticoncepcion, prevencion de its y de cancer de cuello uterino",inyectable trimestral: usuarias continuas,2015-04-01,0,0,1,0,0,1
CARAPARI,"anticoncepcion, prevencion de its y de cancer de cuello uterino",inyectable trimestral: usuarias continuas,2015-04-01,0,5,62,31,0,98
CARIPUYO,"anticoncepcion, prevencion de its y de cancer de cuello uterino",inyectable trimestral: usuarias continuas,2015-04-01,0,0,7,3,0,10
CARMEN RIVERO TORREZ,"anticoncepcion, prevencion de its y de cancer de cuello uterino",inyectable trimestral: usuarias continuas,2015-04-01,0,2,9,1,0,12
CATACORA,"anticoncepcion, prevencion de its y de cancer de cuello uterino",inyectable trimestral: usuarias continuas,2015-04-01,0,1,4,4,0,9
CHALLAPATA,"anticoncepcion, prevencion de its y de cancer de cuello uterino",inyectable trimestral: usuarias continuas,2015-04-01,0,5,24,9,0,38
CHAQUI,"anticoncepcion, prevencion de its y de cancer de cuello uterino",inyectable trimestral: usuarias continuas,2015-04-01,0,1,13,6,0,20
CHARAGUA,"anticoncepcion, prevencion de its y de cancer de cuello uterino",inyectable trimestral: usuarias continuas,2015-04-01,0,4,37,15,0,56
CHARAÃ‘A,"anticoncepcion, prevencion de its y de cancer de cuello uterino",inyectable trimestral: usuarias continuas,2015-04-01,0,0,6,2,0,8
CHAYANTA,"anticoncepcion, prevencion de its y de cancer de cuello uterino",inyectable trimestral: usuarias continuas,2015-04-01,0,0,14,21,0,35
CHIMORE,"anticoncepcion, prevencion de its y de cancer de cuello uterino",inyectable trimestral: usuarias continuas,2015-04-01,0,4,59,15,0,78
CHIPAYA,"anticoncepcion, prevencion de its y de cancer de cuello uterino",inyectable trimestral: usuarias continuas,2015-04-01,2,1,8,4,0,15
CHOQUE COTA,"anticoncepcion, prevencion de its y de cancer de cuello uterino",inyectable trimestral: usuarias continuas,2015-04-01,0,0,0,1,0,1
CHUA COCANI,"anticoncepcion, prevencion de its y de cancer de cuello uterino",inyectable trimestral: usuarias continuas,2015-04-01,0,0,4,2,0,6
CHULUMANI (V. DE LA LIBERTAD),"anticoncepcion, prevencion de its y de cancer de cuello uterino",inyectable trimestral: usuarias continuas,2015-04-01,0,2,24,11,1,38
CHUMA,"anticoncepcion, prevencion de its y de cancer de cuello uterino",inyectable trimestral: usuarias continuas,2015-04-01,0,1,24,26,0,51
CHUQUIHUTA AYLLU JUCUMANI,"anticoncepcion, prevencion de its y de cancer de cuello uterino",inyectable trimestral: usuarias continuas,2015-04-01,0,1,13,3,0,17
CKOCHAS,"anticoncepcion, prevencion de its y de cancer de cuello uterino",inyectable trimestral: usuarias continuas,2015-04-01,0,0,27,21,0,48
CLIZA,"anticoncepcion, prevencion de its y de cancer de cuello uterino",inyectable trimestral: usuarias continuas,2015-04-01,0,2,25,5,0,32
COBIJA,"anticoncepcion, prevencion de its y de cancer de cuello uterino",inyectable trimestral: usuarias continuas,2015-04-01,1,28,106,27,0,162
COCAPATA,"anticoncepcion, prevencion de its y de cancer de cuello uterino",inyectable trimestral: usuarias continuas,2015-04-01,0,2,42,18,0,62
COCHABAMBA,"anticoncepcion, prevencion de its y de cancer de cuello uterino",inyectable trimestral: usuarias continuas,2015-04-01,1,46,293,76,0,416
COIPASA,"anticoncepcion, prevencion de its y de cancer de cuello uterino",inyectable trimestral: usuarias continuas,2015-04-01,0,0,4,3,0,7
COLCAPIRHUA,"anticoncepcion, prevencion de its y de cancer de cuello uterino",inyectable trimestral: usuarias continuas,2015-04-01,4,1,38,7,0,50
"COLCHA ""K""","anticoncepcion, prevencion de its y de cancer de cuello uterino",inyectable trimestral: usuarias continuas,2015-04-01,0,5,40,17,0,62
COLLANA,"anticoncepcion, prevencion de its y de cancer de cuello uterino",inyectable trimestral: usuarias continuas,2015-04-01,0,2,7,3,0,12
COLOMI,"anticoncepcion, prevencion de its y de cancer de cuello uterino",inyectable trimestral: usuarias continuas,2015-04-01,2,7,54,22,0,85
COLPA BELGICA,"anticoncepcion, prevencion de its y de cancer de cuello uterino",inyectable trimestral: usuarias continuas,2015-04-01,0,4,19,4,0,27
COLQUECHACA,"anticoncepcion, prevencion de its y de cancer de cuello uterino",inyectable trimestral: usuarias continuas,2015-04-01,0,3,50,28,0,81
COLQUENCHA,"anticoncepcion, prevencion de its y de cancer de cuello uterino",inyectable trimestral: usuarias continuas,2015-04-01,0,2,26,17,0,45
COLQUIRI,"anticoncepcion, prevencion de its y de cancer de cuello uterino",inyectable trimestral: usuarias continuas,2015-04-01,0,1,26,17,0,44
COMANCHE,"anticoncepcion, prevencion de its y de cancer de cuello uterino",inyectable trimestral: usuarias continuas,2015-04-01,0,0,1,0,0,1
COMARAPA,"anticoncepcion, prevencion de its y de cancer de cuello uterino",inyectable trimestral: usuarias continuas,2015-04-01,2,14,77,28,1,122
COMBAYA,"anticoncepcion, prevencion de its y de cancer de cuello uterino",inyectable trimestral: usuarias continuas,2015-04-01,0,0,2,1,0,3
CONCEPCION,"anticoncepcion, prevencion de its y de cancer de cuello uterino",inyectable trimestral: usuarias continuas,2015-04-01,0,3,31,8,0,42
COPACABANA,"anticoncepcion, prevencion de its y de cancer de cuello uterino",inyectable trimestral: usuarias continuas,2015-04-01,0,0,20,14,0,34
CORIPATA,"anticoncepcion, prevencion de its y de cancer de cuello uterino",inyectable trimestral: usuarias continuas,2015-04-01,0,0,31,13,0,44
CORO CORO,"anticoncepcion, prevencion de its y de cancer de cuello uterino",inyectable trimestral: usuarias continuas,2015-04-01,0,0,9,5,0,14
COROICO,"anticoncepcion, prevencion de its y de cancer de cuello uterino",inyectable trimestral: usuarias continuas,2015-04-01,0,2,16,4,0,22
CORQUE,"anticoncepcion, prevencion de its y de cancer de cuello uterino",inyectable trimestral: usuarias continuas,2015-04-01,0,2,18,8,0,28
COTAGAITA,"anticoncepcion, prevencion de its y de cancer de cuello uterino",inyectable trimestral: usuarias continuas,2015-04-01,0,1,48,37,1,87
COTOCA,"anticoncepcion, prevencion de its y de cancer de cuello uterino",inyectable trimestral: usuarias continuas,2015-04-01,0,15,90,14,0,119
CUATRO CAÃ‘ADAS,"anticoncepcion, prevencion de its y de cancer de cuello uterino",inyectable trimestral: usuarias continuas,2015-04-01,0,2,37,11,1,51
CUCHUMUELA (V. G. VILLARROEL),"anticoncepcion, prevencion de its y de cancer de cuello uterino",inyectable trimestral: usuarias continuas,2015-04-01,0,0,6,1,0,7
CUEVO,"anticoncepcion, prevencion de its y de cancer de cuello uterino",inyectable trimestral: usuarias continuas,2015-04-01,0,0,25,5,0,30
CULPINA,"anticoncepcion, prevencion de its y de cancer de cuello uterino",inyectable trimestral: usuarias continuas,2015-04-01,0,12,50,33,0,95
CURAHUARA DE CARANGAS,"anticoncepcion, prevencion de its y de cancer de cuello uterino",inyectable trimestral: usuarias continuas,2015-04-01,0,2,4,9,0,15
CURVA,"anticoncepcion, prevencion de its y de cancer de cuello uterino",inyectable trimestral: usuarias continuas,2015-04-01,0,0,5,4,0,9
DESAGUADERO,"anticoncepcion, prevencion de its y de cancer de cuello uterino",inyectable trimestral: usuarias continuas,2015-04-01,0,0,8,8,0,16
EL ALTO,"anticoncepcion, prevencion de its y de cancer de cuello uterino",inyectable trimestral: usuarias continuas,2015-04-01,1,75,893,316,1,1286
EL CHORO,"anticoncepcion, prevencion de its y de cancer de cuello uterino",inyectable trimestral: usuarias continuas,2015-04-01,0,0,9,3,0,12
EL PUENTE(STC),"anticoncepcion, prevencion de its y de cancer de cuello uterino",inyectable trimestral: usuarias continuas,2015-04-01,0,9,36,22,0,67
EL PUENTE(TJA),"anticoncepcion, prevencion de its y de cancer de cuello uterino",inyectable trimestral: usuarias continuas,2015-04-01,0,10,64,39,0,113
EL TORNO,"anticoncepcion, prevencion de its y de cancer de cuello uterino",inyectable trimestral: usuarias continuas,2015-04-01,7,17,87,48,2,161
EL VILLAR,"anticoncepcion, prevencion de its y de cancer de cuello uterino",inyectable trimestral: usuarias continuas,2015-04-01,0,3,17,12,0,32
ENTRE RIOS TRJ,"anticoncepcion, prevencion de its y de cancer de cuello uterino",inyectable trimestral: usuarias continuas,2015-04-01,0,18,110,45,1,174
ENTRE RIOS CBBA,"anticoncepcion, prevencion de its y de cancer de cuello uterino",inyectable trimestral: usuarias continuas,2015-04-01,1,8,38,13,0,60
ESCOMA,"anticoncepcion, prevencion de its y de cancer de cuello uterino",inyectable trimestral: usuarias continuas,2015-04-01,0,0,1,0,0,1
ESMERALDA,"anticoncepcion, prevencion de its y de cancer de cuello uterino",inyectable trimestral: usuarias continuas,2015-04-01,0,0,1,0,0,1
EUCALIPTUS,"anticoncepcion, prevencion de its y de cancer de cuello uterino",inyectable trimestral: usuarias continuas,2015-04-01,0,0,4,4,0,8
EUREKA (SANTOS MERCADO),"anticoncepcion, prevencion de its y de cancer de cuello uterino",inyectable trimestral: usuarias continuas,2015-04-01,0,0,5,3,0,8
EXALTACION,"anticoncepcion, prevencion de its y de cancer de cuello uterino",inyectable trimestral: usuarias continuas,2015-04-01,0,0,1,0,0,1
FERNANDEZ ALONSO,"anticoncepcion, prevencion de its y de cancer de cuello uterino",inyectable trimestral: usuarias continuas,2015-04-01,0,3,34,18,1,56
FILADELFIA,"anticoncepcion, prevencion de its y de cancer de cuello uterino",inyectable trimestral: usuarias continuas,2015-04-01,0,12,9,4,0,25
GENERAL SAAVEDRA,"anticoncepcion, prevencion de its y de cancer de cuello uterino",inyectable trimestral: usuarias continuas,2015-04-01,0,11,38,16,0,65
GRAL. J.J. PEREZ (CHARAZANI),"anticoncepcion, prevencion de its y de cancer de cuello uterino",inyectable trimestral: usuarias continuas,2015-04-01,0,1,19,13,0,33
GUANAY,"anticoncepcion, prevencion de its y de cancer de cuello uterino",inyectable trimestral: usuarias continuas,2015-04-01,0,0,15,4,1,20
GUAQUI,"anticoncepcion, prevencion de its y de cancer de cuello uterino",inyectable trimestral: usuarias continuas,2015-04-01,0,2,18,7,0,27
GUAYARAMERIN,"anticoncepcion, prevencion de its y de cancer de cuello uterino",inyectable trimestral: usuarias continuas,2015-04-01,0,4,26,5,0,35
GUTIERREZ,"anticoncepcion, prevencion de its y de cancer de cuello uterino",inyectable trimestral: usuarias continuas,2015-04-01,0,3,12,7,0,22
HUACARETA,"anticoncepcion, prevencion de its y de cancer de cuello uterino",inyectable trimestral: usuarias continuas,2015-04-01,0,1,19,12,0,32
HUACAYA (VILLA DE HUACAYA),"anticoncepcion, prevencion de its y de cancer de cuello uterino",inyectable trimestral: usuarias continuas,2015-04-01,0,0,20,1,0,21
HUACHACALLA,"anticoncepcion, prevencion de its y de cancer de cuello uterino",inyectable trimestral: usuarias continuas,2015-04-01,0,0,2,3,0,5
HUANUNI,"anticoncepcion, prevencion de its y de cancer de cuello uterino",inyectable trimestral: usuarias continuas,2015-04-01,0,0,36,7,0,43
HUARACAJE,"anticoncepcion, prevencion de its y de cancer de cuello uterino",inyectable trimestral: usuarias continuas,2015-04-01,0,0,4,1,0,5
HUARINA,"anticoncepcion, prevencion de its y de cancer de cuello uterino",inyectable trimestral: usuarias continuas,2015-04-01,0,0,5,1,0,6
HUATAJATA,"anticoncepcion, prevencion de its y de cancer de cuello uterino",inyectable trimestral: usuarias continuas,2015-04-01,0,0,7,2,0,9
HUAYLLAMARCA,"anticoncepcion, prevencion de its y de cancer de cuello uterino",inyectable trimestral: usuarias continuas,2015-04-01,0,4,5,5,0,14
HUMANATA,"anticoncepcion, prevencion de its y de cancer de cuello uterino",inyectable trimestral: usuarias continuas,2015-04-01,0,3,4,2,0,9
ICHOCA,"anticoncepcion, prevencion de its y de cancer de cuello uterino",inyectable trimestral: usuarias continuas,2015-04-01,0,1,4,2,0,7
ICLA,"anticoncepcion, prevencion de its y de cancer de cuello uterino",inyectable trimestral: usuarias continuas,2015-04-01,0,1,12,11,0,24
INCAHUASI,"anticoncepcion, prevencion de its y de cancer de cuello uterino",inyectable trimestral: usuarias continuas,2015-04-01,0,0,30,14,0,44
INGAVI (HUMAITA),"anticoncepcion, prevencion de its y de cancer de cuello uterino",inyectable trimestral: usuarias continuas,2015-04-01,0,1,6,1,0,8
INQUISIVI,"anticoncepcion, prevencion de its y de cancer de cuello uterino",inyectable trimestral: usuarias continuas,2015-04-01,0,0,18,14,0,32
IRUPANA (VILLA DE LANZA),"anticoncepcion, prevencion de its y de cancer de cuello uterino",inyectable trimestral: usuarias continuas,2015-04-01,0,6,43,13,0,62
IXIAMAS,"anticoncepcion, prevencion de its y de cancer de cuello uterino",inyectable trimestral: usuarias continuas,2015-04-01,0,5,29,4,0,38
JESUS DE MACHACA,"anticoncepcion, prevencion de its y de cancer de cuello uterino",inyectable trimestral: usuarias continuas,2015-04-01,0,0,5,5,0,10
LA ASUNTA,"anticoncepcion, prevencion de its y de cancer de cuello uterino",inyectable trimestral: usuarias continuas,2015-04-01,0,7,101,44,0,152
LA GUARDIA,"anticoncepcion, prevencion de its y de cancer de cuello uterino",inyectable trimestral: usuarias continuas,2015-04-01,0,16,65,21,0,102
LA PAZ,"anticoncepcion, prevencion de its y de cancer de cuello uterino",inyectable trimestral: usuarias continuas,2015-04-01,1,24,284,99,2,410
LAGUNILLAS,"anticoncepcion, prevencion de its y de cancer de cuello uterino",inyectable trimestral: usuarias continuas,2015-04-01,0,2,6,0,0,8
LAJA,"anticoncepcion, prevencion de its y de cancer de cuello uterino",inyectable trimestral: usuarias continuas,2015-04-01,0,6,49,18,2,75
LAS CARRERAS,"anticoncepcion, prevencion de its y de cancer de cuello uterino",inyectable trimestral: usuarias continuas,2015-04-01,0,1,7,2,0,10
LICOMA PAMPA,"anticoncepcion, prevencion de its y de cancer de cuello uterino",inyectable trimestral: usuarias continuas,2015-04-01,0,2,10,5,0,17
LLALLAGUA,"anticoncepcion, prevencion de its y de cancer de cuello uterino",inyectable trimestral: usuarias continuas,2015-04-01,0,2,52,13,0,67
LLICA,"anticoncepcion, prevencion de its y de cancer de cuello uterino",inyectable trimestral: usuarias continuas,2015-04-01,0,2,17,7,0,26
LORETO,"anticoncepcion, prevencion de its y de cancer de cuello uterino",inyectable trimestral: usuarias continuas,2015-04-01,0,2,3,2,0,7
LURIBAY,"anticoncepcion, prevencion de its y de cancer de cuello uterino",inyectable trimestral: usuarias continuas,2015-04-01,0,0,21,17,0,38
MACHACAMARCA,"anticoncepcion, prevencion de its y de cancer de cuello uterino",inyectable trimestral: usuarias continuas,2015-04-01,0,0,2,1,0,3
MACHARETI,"anticoncepcion, prevencion de its y de cancer de cuello uterino",inyectable trimestral: usuarias continuas,2015-04-01,0,2,21,6,0,29
MAGDALENA,"anticoncepcion, prevencion de its y de cancer de cuello uterino",inyectable trimestral: usuarias continuas,2015-04-01,0,0,13,5,0,18
MAIRANA,"anticoncepcion, prevencion de its y de cancer de cuello uterino",inyectable trimestral: usuarias continuas,2015-04-01,0,9,25,4,0,38
MALLA,"anticoncepcion, prevencion de its y de cancer de cuello uterino",inyectable trimestral: usuarias continuas,2015-04-01,0,0,5,1,0,6
MAPIRI,"anticoncepcion, prevencion de its y de cancer de cuello uterino",inyectable trimestral: usuarias continuas,2015-04-01,0,2,15,4,0,21
MECAPACA,"anticoncepcion, prevencion de its y de cancer de cuello uterino",inyectable trimestral: usuarias continuas,2015-04-01,0,0,11,9,0,20
MINEROS,"anticoncepcion, prevencion de its y de cancer de cuello uterino",inyectable trimestral: usuarias continuas,2015-04-01,0,12,35,12,0,59
MIZQUE,"anticoncepcion, prevencion de its y de cancer de cuello uterino",inyectable trimestral: usuarias continuas,2015-04-01,0,9,65,30,0,104
MOCOMOCO,"anticoncepcion, prevencion de its y de cancer de cuello uterino",inyectable trimestral: usuarias continuas,2015-04-01,0,1,14,15,0,30
MOJINETE,"anticoncepcion, prevencion de its y de cancer de cuello uterino",inyectable trimestral: usuarias continuas,2015-04-01,0,0,0,1,0,1
MOJOCOYA,"anticoncepcion, prevencion de its y de cancer de cuello uterino",inyectable trimestral: usuarias continuas,2015-04-01,0,0,34,25,0,59
MONTEAGUDO,"anticoncepcion, prevencion de its y de cancer de cuello uterino",inyectable trimestral: usuarias continuas,2015-04-01,0,13,62,36,0,111
MONTERO,"anticoncepcion, prevencion de its y de cancer de cuello uterino",inyectable trimestral: usuarias continuas,2015-04-01,0,21,136,27,0,184
MORO MORO,"anticoncepcion, prevencion de its y de cancer de cuello uterino",inyectable trimestral: usuarias continuas,2015-04-01,0,6,11,7,1,25
MOROCHATA,"anticoncepcion, prevencion de its y de cancer de cuello uterino",inyectable trimestral: usuarias continuas,2015-04-01,0,2,36,28,1,67
NACEBE (SANTA ROSA DEL ABUNA),"anticoncepcion, prevencion de its y de cancer de cuello uterino",inyectable trimestral: usuarias continuas,2015-04-01,0,9,5,1,0,15
NAZACARA DE PACAJES,"anticoncepcion, prevencion de its y de cancer de cuello uterino",inyectable trimestral: usuarias continuas,2015-04-01,0,0,0,1,0,1
OCURI,"anticoncepcion, prevencion de its y de cancer de cuello uterino",inyectable trimestral: usuarias continuas,2015-04-01,0,0,31,12,0,43
OKINAWA,"anticoncepcion, prevencion de its y de cancer de cuello uterino",inyectable trimestral: usuarias continuas,2015-04-01,0,6,29,5,0,40
OMEREQUE,"anticoncepcion, prevencion de its y de cancer de cuello uterino",inyectable trimestral: usuarias continuas,2015-04-01,0,0,25,16,0,41
ORURO,"anticoncepcion, prevencion de its y de cancer de cuello uterino",inyectable trimestral: usuarias continuas,2015-04-01,0,27,384,148,1,560
PADCAYA,"anticoncepcion, prevencion de its y de cancer de cuello uterino",inyectable trimestral: usuarias continuas,2015-04-01,1,22,101,68,0,192
PADILLA,"anticoncepcion, prevencion de its y de cancer de cuello uterino",inyectable trimestral: usuarias continuas,2015-04-01,0,6,60,32,1,99
PAILON,"anticoncepcion, prevencion de its y de cancer de cuello uterino",inyectable trimestral: usuarias continuas,2015-04-01,0,5,22,4,0,31
PALCA,"anticoncepcion, prevencion de its y de cancer de cuello uterino",inyectable trimestral: usuarias continuas,2015-04-01,1,5,32,10,0,48
PALOS BLANCOS,"anticoncepcion, prevencion de its y de cancer de cuello uterino",inyectable trimestral: usuarias continuas,2015-04-01,0,5,51,39,1,96
PAMPA AULLAGAS,"anticoncepcion, prevencion de its y de cancer de cuello uterino",inyectable trimestral: usuarias continuas,2015-04-01,0,0,5,1,0,6
PAMPA GRANDE,"anticoncepcion, prevencion de its y de cancer de cuello uterino",inyectable trimestral: usuarias continuas,2015-04-01,0,4,24,9,1,38
PAPEL PAMPA,"anticoncepcion, prevencion de its y de cancer de cuello uterino",inyectable trimestral: usuarias continuas,2015-04-01,0,2,16,6,0,24
PASORAPA,"anticoncepcion, prevencion de its y de cancer de cuello uterino",inyectable trimestral: usuarias continuas,2015-04-01,0,2,11,12,0,25
PATACAMAYA,"anticoncepcion, prevencion de its y de cancer de cuello uterino",inyectable trimestral: usuarias continuas,2015-04-01,0,0,8,0,0,8
PAZÃ‘A,"anticoncepcion, prevencion de its y de cancer de cuello uterino",inyectable trimestral: usuarias continuas,2015-04-01,0,2,10,11,0,23
PELECHUCO,"anticoncepcion, prevencion de its y de cancer de cuello uterino",inyectable trimestral: usuarias continuas,2015-04-01,0,2,11,9,0,22
POCOATA,"anticoncepcion, prevencion de its y de cancer de cuello uterino",inyectable trimestral: usuarias continuas,2015-04-01,0,0,31,12,0,43
POCONA,"anticoncepcion, prevencion de its y de cancer de cuello uterino",inyectable trimestral: usuarias continuas,2015-04-01,0,1,45,37,0,83
POJO (CBBA),"anticoncepcion, prevencion de its y de cancer de cuello uterino",inyectable trimestral: usuarias continuas,2015-04-01,0,7,54,40,0,101
POOPO,"anticoncepcion, prevencion de its y de cancer de cuello uterino",inyectable trimestral: usuarias continuas,2015-04-01,0,1,12,0,0,13
PORCO,"anticoncepcion, prevencion de its y de cancer de cuello uterino",inyectable trimestral: usuarias continuas,2015-04-01,0,3,16,6,0,25
POROMA,"anticoncepcion, prevencion de its y de cancer de cuello uterino",inyectable trimestral: usuarias continuas,2015-04-01,0,4,42,29,0,75
PORONGO,"anticoncepcion, prevencion de its y de cancer de cuello uterino",inyectable trimestral: usuarias continuas,2015-04-01,0,1,8,7,0,16
PORTACHUELO,"anticoncepcion, prevencion de its y de cancer de cuello uterino",inyectable trimestral: usuarias continuas,2015-04-01,0,7,34,1,0,42
PORVENIR,"anticoncepcion, prevencion de its y de cancer de cuello uterino",inyectable trimestral: usuarias continuas,2015-04-01,0,5,22,2,0,29
POSTRER VALLE,"anticoncepcion, prevencion de its y de cancer de cuello uterino",inyectable trimestral: usuarias continuas,2015-04-01,0,0,4,2,0,6
POTOSI,"anticoncepcion, prevencion de its y de cancer de cuello uterino",inyectable trimestral: usuarias continuas,2015-04-01,0,29,413,153,0,595
PRESTO,"anticoncepcion, prevencion de its y de cancer de cuello uterino",inyectable trimestral: usuarias continuas,2015-04-01,0,5,24,12,0,41
PUCARA,"anticoncepcion, prevencion de its y de cancer de cuello uterino",inyectable trimestral: usuarias continuas,2015-04-01,0,1,7,3,0,11
PUCARANI,"anticoncepcion, prevencion de its y de cancer de cuello uterino",inyectable trimestral: usuarias continuas,2015-04-01,0,6,48,23,0,77
PUERTO ACOSTA,"anticoncepcion, prevencion de its y de cancer de cuello uterino",inyectable trimestral: usuarias continuas,2015-04-01,0,0,5,3,0,8
PUERTO CARABUCO,"anticoncepcion, prevencion de its y de cancer de cuello uterino",inyectable trimestral: usuarias continuas,2015-04-01,0,0,17,11,0,28
PUERTO GONZALO MORENO,"anticoncepcion, prevencion de its y de cancer de cuello uterino",inyectable trimestral: usuarias continuas,2015-04-01,0,4,25,6,0,35
PUERTO PEREZ,"anticoncepcion, prevencion de its y de cancer de cuello uterino",inyectable trimestral: usuarias continuas,2015-04-01,0,0,8,5,0,13
PUERTO QUIJARRO,"anticoncepcion, prevencion de its y de cancer de cuello uterino",inyectable trimestral: usuarias continuas,2015-04-01,0,3,15,5,0,23
PUERTO RICO,"anticoncepcion, prevencion de its y de cancer de cuello uterino",inyectable trimestral: usuarias continuas,2015-04-01,0,8,27,3,0,38
PUERTO SILES,"anticoncepcion, prevencion de its y de cancer de cuello uterino",inyectable trimestral: usuarias continuas,2015-04-01,0,0,2,0,0,2
PUERTO SUAREZ,"anticoncepcion, prevencion de its y de cancer de cuello uterino",inyectable trimestral: usuarias continuas,2015-04-01,0,3,8,0,0,11
PUERTO VILLARROEL,"anticoncepcion, prevencion de its y de cancer de cuello uterino",inyectable trimestral: usuarias continuas,2015-04-01,0,6,58,14,0,78
PUNA,"anticoncepcion, prevencion de its y de cancer de cuello uterino",inyectable trimestral: usuarias continuas,2015-04-01,0,2,23,17,0,42
PUNATA,"anticoncepcion, prevencion de its y de cancer de cuello uterino",inyectable trimestral: usuarias continuas,2015-04-01,0,3,31,9,0,43
QUIABAYA,"anticoncepcion, prevencion de its y de cancer de cuello uterino",inyectable trimestral: usuarias continuas,2015-04-01,0,0,8,7,0,15
QUILLACOLLO,"anticoncepcion, prevencion de its y de cancer de cuello uterino",inyectable trimestral: usuarias continuas,2015-04-01,0,20,137,20,0,177
QUIME,"anticoncepcion, prevencion de its y de cancer de cuello uterino",inyectable trimestral: usuarias continuas,2015-04-01,0,2,19,12,0,33
QUIRUSILLAS,"anticoncepcion, prevencion de its y de cancer de cuello uterino",inyectable trimestral: usuarias continuas,2015-04-01,0,2,5,3,0,10
RAVELO,"anticoncepcion, prevencion de its y de cancer de cuello uterino",inyectable trimestral: usuarias continuas,2015-04-01,0,3,38,42,0,83
REYES,"anticoncepcion, prevencion de its y de cancer de cuello uterino",inyectable trimestral: usuarias continuas,2015-04-01,0,11,22,9,0,42
RIBERALTA,"anticoncepcion, prevencion de its y de cancer de cuello uterino",inyectable trimestral: usuarias continuas,2015-04-01,1,22,93,16,0,132
ROBORE,"anticoncepcion, prevencion de its y de cancer de cuello uterino",inyectable trimestral: usuarias continuas,2015-04-01,0,6,21,4,0,31
RURRENABAQUE,"anticoncepcion, prevencion de its y de cancer de cuello uterino",inyectable trimestral: usuarias continuas,2015-04-01,1,2,36,15,0,54
SABAYA,"anticoncepcion, prevencion de its y de cancer de cuello uterino",inyectable trimestral: usuarias continuas,2015-04-01,0,0,7,7,0,14
SACABA,"anticoncepcion, prevencion de its y de cancer de cuello uterino",inyectable trimestral: usuarias continuas,2015-04-01,1,17,115,52,0,185
SACABAMBA,"anticoncepcion, prevencion de its y de cancer de cuello uterino",inyectable trimestral: usuarias continuas,2015-04-01,0,0,5,8,0,13
SACACA,"anticoncepcion, prevencion de its y de cancer de cuello uterino",inyectable trimestral: usuarias continuas,2015-04-01,0,5,37,26,1,69
SAIPINA,"anticoncepcion, prevencion de its y de cancer de cuello uterino",inyectable trimestral: usuarias continuas,2015-04-01,0,4,16,8,0,28
SALINAS DE GARCI MENDOZA,"anticoncepcion, prevencion de its y de cancer de cuello uterino",inyectable trimestral: usuarias continuas,2015-04-01,0,3,14,7,0,24
SAMAIPATA,"anticoncepcion, prevencion de its y de cancer de cuello uterino",inyectable trimestral: usuarias continuas,2015-04-01,0,7,24,8,0,39
SAN AGUSTIN,"anticoncepcion, prevencion de its y de cancer de cuello uterino",inyectable trimestral: usuarias continuas,2015-04-01,0,1,4,1,0,6
SAN ANDRES,"anticoncepcion, prevencion de its y de cancer de cuello uterino",inyectable trimestral: usuarias continuas,2015-04-01,0,6,18,11,1,36
SAN ANDRES DE MACHACA,"anticoncepcion, prevencion de its y de cancer de cuello uterino",inyectable trimestral: usuarias continuas,2015-04-01,0,0,4,4,0,8
SAN ANTONIO DE ESMORUCO,"anticoncepcion, prevencion de its y de cancer de cuello uterino",inyectable trimestral: usuarias continuas,2015-04-01,0,0,1,2,0,3
SAN ANTONIO DE LOMERIO,"anticoncepcion, prevencion de its y de cancer de cuello uterino",inyectable trimestral: usuarias continuas,2015-04-01,0,4,34,28,0,66
SAN BENITO,"anticoncepcion, prevencion de its y de cancer de cuello uterino",inyectable trimestral: usuarias continuas,2015-04-01,1,7,27,4,0,39
SAN BORJA,"anticoncepcion, prevencion de its y de cancer de cuello uterino",inyectable trimestral: usuarias continuas,2015-04-01,0,7,79,30,1,117
SAN BUENA VENTURA,"anticoncepcion, prevencion de its y de cancer de cuello uterino",inyectable trimestral: usuarias continuas,2015-04-01,0,3,16,2,0,21
SAN CARLOS,"anticoncepcion, prevencion de its y de cancer de cuello uterino",inyectable trimestral: usuarias continuas,2015-04-01,0,4,25,10,0,39
SAN IGNACIO,"anticoncepcion, prevencion de its y de cancer de cuello uterino",inyectable trimestral: usuarias continuas,2015-04-01,3,24,74,41,0,142
SAN IGNACIO DE VELASCO,"anticoncepcion, prevencion de its y de cancer de cuello uterino",inyectable trimestral: usuarias continuas,2015-04-01,0,20,140,47,0,207
SAN JAVIER(BNI),"anticoncepcion, prevencion de its y de cancer de cuello uterino",inyectable trimestral: usuarias continuas,2015-04-01,0,0,2,0,0,2
SAN JAVIER(STC),"anticoncepcion, prevencion de its y de cancer de cuello uterino",inyectable trimestral: usuarias continuas,2015-04-01,0,6,15,7,0,28
SAN JOAQUIN,"anticoncepcion, prevencion de its y de cancer de cuello uterino",inyectable trimestral: usuarias continuas,2015-04-01,1,1,2,0,0,4
SAN JOSE DE CHIQUITOS,"anticoncepcion, prevencion de its y de cancer de cuello uterino",inyectable trimestral: usuarias continuas,2015-04-01,0,1,13,11,0,25
SAN JUAN DE YAPACANI,"anticoncepcion, prevencion de its y de cancer de cuello uterino",inyectable trimestral: usuarias continuas,2015-04-01,0,0,23,9,0,32
SAN JULIAN,"anticoncepcion, prevencion de its y de cancer de cuello uterino",inyectable trimestral: usuarias continuas,2015-04-01,0,11,69,36,0,116
SAN LORENZO(PND),"anticoncepcion, prevencion de its y de cancer de cuello uterino",inyectable trimestral: usuarias continuas,2015-04-01,0,1,5,1,0,7
SAN LORENZO(TJA),"anticoncepcion, prevencion de its y de cancer de cuello uterino",inyectable trimestral: usuarias continuas,2015-04-01,1,11,76,35,1,124
SAN LUCAS,"anticoncepcion, prevencion de its y de cancer de cuello uterino",inyectable trimestral: usuarias continuas,2015-04-01,0,2,48,34,0,84
SAN MATIAS,"anticoncepcion, prevencion de its y de cancer de cuello uterino",inyectable trimestral: usuarias continuas,2015-04-01,0,3,27,15,0,45
SAN MIGUEL DE VELASCO,"anticoncepcion, prevencion de its y de cancer de cuello uterino",inyectable trimestral: usuarias continuas,2015-04-01,2,12,82,30,1,127
SAN PABLO DE LIPEZ,"anticoncepcion, prevencion de its y de cancer de cuello uterino",inyectable trimestral: usuarias continuas,2015-04-01,0,0,2,2,0,4
SAN PEDRO,"anticoncepcion, prevencion de its y de cancer de cuello uterino",inyectable trimestral: usuarias continuas,2015-04-01,0,7,32,19,0,58
SAN PEDRO DE BUENA VISTA,"anticoncepcion, prevencion de its y de cancer de cuello uterino",inyectable trimestral: usuarias continuas,2015-04-01,2,16,30,10,0,58
SAN PEDRO DE CURAHUARA,"anticoncepcion, prevencion de its y de cancer de cuello uterino",inyectable trimestral: usuarias continuas,2015-04-01,0,2,5,8,0,15
SAN PEDRO DE QUEMES,"anticoncepcion, prevencion de its y de cancer de cuello uterino",inyectable trimestral: usuarias continuas,2015-04-01,0,0,1,0,0,1
SAN PEDRO DE TIQUINA,"anticoncepcion, prevencion de its y de cancer de cuello uterino",inyectable trimestral: usuarias continuas,2015-04-01,0,0,6,1,0,7
SAN PEDRO(PND),"anticoncepcion, prevencion de its y de cancer de cuello uterino",inyectable trimestral: usuarias continuas,2015-04-01,0,1,4,0,0,5
SAN RAFAEL,"anticoncepcion, prevencion de its y de cancer de cuello uterino",inyectable trimestral: usuarias continuas,2015-04-01,0,9,33,16,0,58
SAN RAMON BENI,"anticoncepcion, prevencion de its y de cancer de cuello uterino",inyectable trimestral: usuarias continuas,2015-04-01,0,0,6,1,0,7
SAN RAMON SCZ,"anticoncepcion, prevencion de its y de cancer de cuello uterino",inyectable trimestral: usuarias continuas,2015-04-01,0,2,8,7,0,17
SANTA ANA,"anticoncepcion, prevencion de its y de cancer de cuello uterino",inyectable trimestral: usuarias continuas,2015-04-01,0,1,16,2,0,19
SANTA CRUZ DE LA SIERRA,"anticoncepcion, prevencion de its y de cancer de cuello uterino",inyectable trimestral: usuarias continuas,2015-04-01,88,167,373,401,137,1166
SANTA ROSA,"anticoncepcion, prevencion de its y de cancer de cuello uterino",inyectable trimestral: usuarias continuas,2015-04-01,0,1,3,2,0,6
SANTA ROSA DEL SARA,"anticoncepcion, prevencion de its y de cancer de cuello uterino",inyectable trimestral: usuarias continuas,2015-04-01,0,10,48,19,1,78
SANTIAGO DE CALLAPA,"anticoncepcion, prevencion de its y de cancer de cuello uterino",inyectable trimestral: usuarias continuas,2015-04-01,0,0,0,3,0,3
SANTIAGO DE HUARI,"anticoncepcion, prevencion de its y de cancer de cuello uterino",inyectable trimestral: usuarias continuas,2015-04-01,0,2,5,5,0,12
SANTIAGO DE HUATA,"anticoncepcion, prevencion de its y de cancer de cuello uterino",inyectable trimestral: usuarias continuas,2015-04-01,0,2,10,5,0,17
SANTIAGO DE MACHACA,"anticoncepcion, prevencion de its y de cancer de cuello uterino",inyectable trimestral: usuarias continuas,2015-04-01,0,1,4,2,0,7
SANTIVAÃ‘ES,"anticoncepcion, prevencion de its y de cancer de cuello uterino",inyectable trimestral: usuarias continuas,2015-04-01,0,2,20,4,0,26
SANTUARIO DE QUILLACAS,"anticoncepcion, prevencion de its y de cancer de cuello uterino",inyectable trimestral: usuarias continuas,2015-04-01,0,0,3,3,0,6
SAPAHAQUI,"anticoncepcion, prevencion de its y de cancer de cuello uterino",inyectable trimestral: usuarias continuas,2015-04-01,0,1,22,14,0,37
SENA,"anticoncepcion, prevencion de its y de cancer de cuello uterino",inyectable trimestral: usuarias continuas,2015-04-01,0,2,10,3,0,15
SHINAOTA,"anticoncepcion, prevencion de its y de cancer de cuello uterino",inyectable trimestral: usuarias continuas,2015-04-01,0,1,41,8,0,50
SICA SICA (VILLA AROMA),"anticoncepcion, prevencion de its y de cancer de cuello uterino",inyectable trimestral: usuarias continuas,2015-04-01,0,4,44,25,1,74
SICAYA,"anticoncepcion, prevencion de its y de cancer de cuello uterino",inyectable trimestral: usuarias continuas,2015-04-01,0,1,7,6,0,14
SIPE SIPE,"anticoncepcion, prevencion de its y de cancer de cuello uterino",inyectable trimestral: usuarias continuas,2015-04-01,0,8,141,68,0,217
SOPACHUY,"anticoncepcion, prevencion de its y de cancer de cuello uterino",inyectable trimestral: usuarias continuas,2015-04-01,0,2,16,18,0,36
SORACACHI,"anticoncepcion, prevencion de its y de cancer de cuello uterino",inyectable trimestral: usuarias continuas,2015-04-01,0,1,14,10,0,25
SORATA,"anticoncepcion, prevencion de its y de cancer de cuello uterino",inyectable trimestral: usuarias continuas,2015-04-01,0,5,33,24,0,62
SUCRE,"anticoncepcion, prevencion de its y de cancer de cuello uterino",inyectable trimestral: usuarias continuas,2015-04-01,1,61,428,172,0,662
TACACHI,"anticoncepcion, prevencion de its y de cancer de cuello uterino",inyectable trimestral: usuarias continuas,2015-04-01,0,0,3,1,0,4
TACACOMA,"anticoncepcion, prevencion de its y de cancer de cuello uterino",inyectable trimestral: usuarias continuas,2015-04-01,0,0,16,8,0,24
TACOBAMBA,"anticoncepcion, prevencion de its y de cancer de cuello uterino",inyectable trimestral: usuarias continuas,2015-04-01,0,0,15,6,0,21
TACOPAYA,"anticoncepcion, prevencion de its y de cancer de cuello uterino",inyectable trimestral: usuarias continuas,2015-04-01,0,1,7,4,0,12
TAHUA,"anticoncepcion, prevencion de its y de cancer de cuello uterino",inyectable trimestral: usuarias continuas,2015-04-01,0,0,0,1,0,1
TAPACARI,"anticoncepcion, prevencion de its y de cancer de cuello uterino",inyectable trimestral: usuarias continuas,2015-04-01,0,3,54,39,0,96
TARABUCO,"anticoncepcion, prevencion de its y de cancer de cuello uterino",inyectable trimestral: usuarias continuas,2015-04-01,0,4,29,21,0,54
TARACO,"anticoncepcion, prevencion de its y de cancer de cuello uterino",inyectable trimestral: usuarias continuas,2015-04-01,0,1,11,7,1,20
TARATA,"anticoncepcion, prevencion de its y de cancer de cuello uterino",inyectable trimestral: usuarias continuas,2015-04-01,0,6,22,11,0,39
TARIJA,"anticoncepcion, prevencion de its y de cancer de cuello uterino",inyectable trimestral: usuarias continuas,2015-04-01,1,33,233,91,0,358
TARVITA,"anticoncepcion, prevencion de its y de cancer de cuello uterino",inyectable trimestral: usuarias continuas,2015-04-01,0,5,15,17,0,37
TEOPONTE,"anticoncepcion, prevencion de its y de cancer de cuello uterino",inyectable trimestral: usuarias continuas,2015-04-01,0,3,13,8,0,24
TIAWANACU,"anticoncepcion, prevencion de its y de cancer de cuello uterino",inyectable trimestral: usuarias continuas,2015-04-01,0,3,29,22,0,54
TINGUIPAYA,"anticoncepcion, prevencion de its y de cancer de cuello uterino",inyectable trimestral: usuarias continuas,2015-04-01,0,1,16,9,0,26
TIPUANI,"anticoncepcion, prevencion de its y de cancer de cuello uterino",inyectable trimestral: usuarias continuas,2015-04-01,0,4,23,4,0,31
TIQUIPAYA,"anticoncepcion, prevencion de its y de cancer de cuello uterino",inyectable trimestral: usuarias continuas,2015-04-01,0,7,67,23,0,97
TIRAQUE (CBBA),"anticoncepcion, prevencion de its y de cancer de cuello uterino",inyectable trimestral: usuarias continuas,2015-04-01,0,6,48,34,0,88
TITO YUPANQUI (PARQUIPUJIO),"anticoncepcion, prevencion de its y de cancer de cuello uterino",inyectable trimestral: usuarias continuas,2015-04-01,0,0,1,1,0,2
TOCO,"anticoncepcion, prevencion de its y de cancer de cuello uterino",inyectable trimestral: usuarias continuas,2015-04-01,0,1,3,2,0,6
TODOS SANTOS,"anticoncepcion, prevencion de its y de cancer de cuello uterino",inyectable trimestral: usuarias continuas,2015-04-01,0,0,1,0,0,1
TOLATA,"anticoncepcion, prevencion de its y de cancer de cuello uterino",inyectable trimestral: usuarias continuas,2015-04-01,0,0,15,7,0,22
TOLEDO,"anticoncepcion, prevencion de its y de cancer de cuello uterino",inyectable trimestral: usuarias continuas,2015-04-01,0,0,4,1,0,5
TOMAVE,"anticoncepcion, prevencion de its y de cancer de cuello uterino",inyectable trimestral: usuarias continuas,2015-04-01,0,1,30,13,0,44
TOMINA,"anticoncepcion, prevencion de its y de cancer de cuello uterino",inyectable trimestral: usuarias continuas,2015-04-01,0,4,35,32,0,71
TORO TORO,"anticoncepcion, prevencion de its y de cancer de cuello uterino",inyectable trimestral: usuarias continuas,2015-04-01,0,6,19,9,0,34
TOTORA(CBBA),"anticoncepcion, prevencion de its y de cancer de cuello uterino",inyectable trimestral: usuarias continuas,2015-04-01,0,14,67,26,1,108
TOTORA(ORR),"anticoncepcion, prevencion de its y de cancer de cuello uterino",inyectable trimestral: usuarias continuas,2015-04-01,0,0,14,6,1,21
TRIGAL,"anticoncepcion, prevencion de its y de cancer de cuello uterino",inyectable trimestral: usuarias continuas,2015-04-01,0,1,9,2,0,12
TRINIDAD,"anticoncepcion, prevencion de its y de cancer de cuello uterino",inyectable trimestral: usuarias continuas,2015-04-01,3,34,117,15,0,169
TUPIZA,"anticoncepcion, prevencion de its y de cancer de cuello uterino",inyectable trimestral: usuarias continuas,2015-04-01,0,7,124,37,0,168
TURCO,"anticoncepcion, prevencion de its y de cancer de cuello uterino",inyectable trimestral: usuarias continuas,2015-04-01,0,0,8,3,0,11
UMALA,"anticoncepcion, prevencion de its y de cancer de cuello uterino",inyectable trimestral: usuarias continuas,2015-04-01,0,0,7,4,0,11
UNCIA,"anticoncepcion, prevencion de its y de cancer de cuello uterino",inyectable trimestral: usuarias continuas,2015-04-01,0,0,14,10,1,25
URIONDO (A. CONCEPCION),"anticoncepcion, prevencion de its y de cancer de cuello uterino",inyectable trimestral: usuarias continuas,2015-04-01,0,7,65,44,0,116
URUBICHA,"anticoncepcion, prevencion de its y de cancer de cuello uterino",inyectable trimestral: usuarias continuas,2015-04-01,0,1,7,7,0,15
UYUNI,"anticoncepcion, prevencion de its y de cancer de cuello uterino",inyectable trimestral: usuarias continuas,2015-04-01,0,8,33,7,0,48
VACAS,"anticoncepcion, prevencion de its y de cancer de cuello uterino",inyectable trimestral: usuarias continuas,2015-04-01,0,1,23,18,0,42
VALLEGRANDE,"anticoncepcion, prevencion de its y de cancer de cuello uterino",inyectable trimestral: usuarias continuas,2015-04-01,0,17,43,8,0,68
VIACHA,"anticoncepcion, prevencion de its y de cancer de cuello uterino",inyectable trimestral: usuarias continuas,2015-04-01,0,9,125,66,0,200
VILA VILA,"anticoncepcion, prevencion de its y de cancer de cuello uterino",inyectable trimestral: usuarias continuas,2015-04-01,0,0,4,2,0,6
VILLA CHARCAS,"anticoncepcion, prevencion de its y de cancer de cuello uterino",inyectable trimestral: usuarias continuas,2015-04-01,1,12,41,29,1,84
VILLA MONTES,"anticoncepcion, prevencion de its y de cancer de cuello uterino",inyectable trimestral: usuarias continuas,2015-04-01,0,9,43,18,1,71
VILLA NUEVA (LOMA ALTA),"anticoncepcion, prevencion de its y de cancer de cuello uterino",inyectable trimestral: usuarias continuas,2015-04-01,0,0,8,2,1,11
VILLA RIVERO,"anticoncepcion, prevencion de its y de cancer de cuello uterino",inyectable trimestral: usuarias continuas,2015-04-01,0,1,24,14,0,39
VILLA SERRANO,"anticoncepcion, prevencion de its y de cancer de cuello uterino",inyectable trimestral: usuarias continuas,2015-04-01,0,5,24,31,1,61
VILLA TUNARI,"anticoncepcion, prevencion de its y de cancer de cuello uterino",inyectable trimestral: usuarias continuas,2015-04-01,0,34,262,101,0,397
VILLA VACA GUZMAN (MUYUPAMPA),"anticoncepcion, prevencion de its y de cancer de cuello uterino",inyectable trimestral: usuarias continuas,2015-04-01,0,0,36,18,0,54
VILLAZON,"anticoncepcion, prevencion de its y de cancer de cuello uterino",inyectable trimestral: usuarias continuas,2015-04-01,0,8,100,50,0,158
VINTO,"anticoncepcion, prevencion de its y de cancer de cuello uterino",inyectable trimestral: usuarias continuas,2015-04-01,0,9,60,38,0,107
VITICHI,"anticoncepcion, prevencion de its y de cancer de cuello uterino",inyectable trimestral: usuarias continuas,2015-04-01,0,1,10,13,0,24
WALDO BALLIVIAN,"anticoncepcion, prevencion de its y de cancer de cuello uterino",inyectable trimestral: usuarias continuas,2015-04-01,0,0,0,2,0,2
WARNES,"anticoncepcion, prevencion de its y de cancer de cuello uterino",inyectable trimestral: usuarias continuas,2015-04-01,1,35,119,33,0,188
YACO,"anticoncepcion, prevencion de its y de cancer de cuello uterino",inyectable trimestral: usuarias continuas,2015-04-01,0,0,4,8,0,12
YACUIBA,"anticoncepcion, prevencion de its y de cancer de cuello uterino",inyectable trimestral: usuarias continuas,2015-04-01,2,28,171,101,1,303
YAMPARAEZ,"anticoncepcion, prevencion de its y de cancer de cuello uterino",inyectable trimestral: usuarias continuas,2015-04-01,0,1,3,7,0,11
YANACACHI,"anticoncepcion, prevencion de its y de cancer de cuello uterino",inyectable trimestral: usuarias continuas,2015-04-01,0,0,15,11,0,26
YAPACANI,"anticoncepcion, prevencion de its y de cancer de cuello uterino",inyectable trimestral: usuarias continuas,2015-04-01,0,2,52,25,1,80
YOCALLA,"anticoncepcion, prevencion de its y de cancer de cuello uterino",inyectable trimestral: usuarias continuas,2015-04-01,0,1,15,5,0,21
YOTALA,"anticoncepcion, prevencion de its y de cancer de cuello uterino",inyectable trimestral: usuarias continuas,2015-04-01,0,0,12,5,1,18
YUNCHARA,"anticoncepcion, prevencion de its y de cancer de cuello uterino",inyectable trimestral: usuarias continuas,2015-04-01,0,10,37,20,0,67
ZUDAÃ‘EZ,"anticoncepcion, prevencion de its y de cancer de cuello uterino",inyectable trimestral: usuarias continuas,2015-04-01,0,0,31,19,1,51
ACACIO,"anticoncepcion, prevencion de its y de cancer de cuello uterino",inyectable trimestral: usuarias continuas,2015-05-01,0,4,12,6,0,22
ACHACACHI,"anticoncepcion, prevencion de its y de cancer de cuello uterino",inyectable trimestral: usuarias continuas,2015-05-01,0,5,47,32,1,85
ACHOCALLA,"anticoncepcion, prevencion de its y de cancer de cuello uterino",inyectable trimestral: usuarias continuas,2015-05-01,0,3,29,13,0,45
AIQUILE,"anticoncepcion, prevencion de its y de cancer de cuello uterino",inyectable trimestral: usuarias continuas,2015-05-01,0,2,28,17,0,47
ALALAY,"anticoncepcion, prevencion de its y de cancer de cuello uterino",inyectable trimestral: usuarias continuas,2015-05-01,0,0,2,3,0,5
ALCALA,"anticoncepcion, prevencion de its y de cancer de cuello uterino",inyectable trimestral: usuarias continuas,2015-05-01,0,3,12,12,0,27
ALTO BENI,"anticoncepcion, prevencion de its y de cancer de cuello uterino",inyectable trimestral: usuarias continuas,2015-05-01,0,3,18,12,0,33
ANCORAIMES,"anticoncepcion, prevencion de its y de cancer de cuello uterino",inyectable trimestral: usuarias continuas,2015-05-01,0,2,8,6,0,16
ANDAMARCA,"anticoncepcion, prevencion de its y de cancer de cuello uterino",inyectable trimestral: usuarias continuas,2015-05-01,0,0,4,6,0,10
ANTEQUERA,"anticoncepcion, prevencion de its y de cancer de cuello uterino",inyectable trimestral: usuarias continuas,2015-05-01,0,0,4,1,0,5
ANZALDO,"anticoncepcion, prevencion de its y de cancer de cuello uterino",inyectable trimestral: usuarias continuas,2015-05-01,0,1,3,4,0,8
APOLO,"anticoncepcion, prevencion de its y de cancer de cuello uterino",inyectable trimestral: usuarias continuas,2015-05-01,0,1,8,9,0,18
ARAMPAMPA,"anticoncepcion, prevencion de its y de cancer de cuello uterino",inyectable trimestral: usuarias continuas,2015-05-01,0,0,5,5,0,10
ARANI,"anticoncepcion, prevencion de its y de cancer de cuello uterino",inyectable trimestral: usuarias continuas,2015-05-01,0,0,15,4,0,19
ARBIETO,"anticoncepcion, prevencion de its y de cancer de cuello uterino",inyectable trimestral: usuarias continuas,2015-05-01,0,5,36,21,0,62
ARQUE,"anticoncepcion, prevencion de its y de cancer de cuello uterino",inyectable trimestral: usuarias continuas,2015-05-01,0,0,37,31,0,68
ASCENCION DE GUARAYOS,"anticoncepcion, prevencion de its y de cancer de cuello uterino",inyectable trimestral: usuarias continuas,2015-05-01,0,7,22,18,0,47
ATOCHA,"anticoncepcion, prevencion de its y de cancer de cuello uterino",inyectable trimestral: usuarias continuas,2015-05-01,0,3,44,22,0,69
AUCAPATA,"anticoncepcion, prevencion de its y de cancer de cuello uterino",inyectable trimestral: usuarias continuas,2015-05-01,0,1,11,7,0,19
AYATA,"anticoncepcion, prevencion de its y de cancer de cuello uterino",inyectable trimestral: usuarias continuas,2015-05-01,0,0,24,19,0,43
AYO AYO,"anticoncepcion, prevencion de its y de cancer de cuello uterino",inyectable trimestral: usuarias continuas,2015-05-01,0,3,10,11,0,24
AYOPAYA (V. DE INDEPENDENCIA),"anticoncepcion, prevencion de its y de cancer de cuello uterino",inyectable trimestral: usuarias continuas,2015-05-01,0,8,93,58,0,159
AZURDUY,"anticoncepcion, prevencion de its y de cancer de cuello uterino",inyectable trimestral: usuarias continuas,2015-05-01,0,6,47,24,0,77
BATALLAS,"anticoncepcion, prevencion de its y de cancer de cuello uterino",inyectable trimestral: usuarias continuas,2015-05-01,0,2,24,15,1,42
BAURES,"anticoncepcion, prevencion de its y de cancer de cuello uterino",inyectable trimestral: usuarias continuas,2015-05-01,0,1,9,0,0,10
BELEN DE URMIRI,"anticoncepcion, prevencion de its y de cancer de cuello uterino",inyectable trimestral: usuarias continuas,2015-05-01,0,0,1,1,0,2
BELLA FLOR,"anticoncepcion, prevencion de its y de cancer de cuello uterino",inyectable trimestral: usuarias continuas,2015-05-01,0,3,5,3,0,11
BERMEJO,"anticoncepcion, prevencion de its y de cancer de cuello uterino",inyectable trimestral: usuarias continuas,2015-05-01,0,11,55,25,1,92
BETANZOS,"anticoncepcion, prevencion de its y de cancer de cuello uterino",inyectable trimestral: usuarias continuas,2015-05-01,0,1,46,33,0,80
BOLIVAR,"anticoncepcion, prevencion de its y de cancer de cuello uterino",inyectable trimestral: usuarias continuas,2015-05-01,0,0,15,7,0,22
BOLPEBRA,"anticoncepcion, prevencion de its y de cancer de cuello uterino",inyectable trimestral: usuarias continuas,2015-05-01,0,0,8,0,0,8
BOYUIBE,"anticoncepcion, prevencion de its y de cancer de cuello uterino",inyectable trimestral: usuarias continuas,2015-05-01,0,0,5,4,0,9
BUENA VISTA,"anticoncepcion, prevencion de its y de cancer de cuello uterino",inyectable trimestral: usuarias continuas,2015-05-01,0,8,31,9,0,48
CABEZAS,"anticoncepcion, prevencion de its y de cancer de cuello uterino",inyectable trimestral: usuarias continuas,2015-05-01,0,14,62,20,1,97
CAIROMA,"anticoncepcion, prevencion de its y de cancer de cuello uterino",inyectable trimestral: usuarias continuas,2015-05-01,0,1,23,14,0,38
"CAIZA ""D""","anticoncepcion, prevencion de its y de cancer de cuello uterino",inyectable trimestral: usuarias continuas,2015-05-01,0,0,8,1,0,9
CAJUATA,"anticoncepcion, prevencion de its y de cancer de cuello uterino",inyectable trimestral: usuarias continuas,2015-05-01,0,3,29,8,0,40
CALACOTO,"anticoncepcion, prevencion de its y de cancer de cuello uterino",inyectable trimestral: usuarias continuas,2015-05-01,0,0,0,2,1,3
CALAMARCA,"anticoncepcion, prevencion de its y de cancer de cuello uterino",inyectable trimestral: usuarias continuas,2015-05-01,0,2,32,13,0,47
CAMARGO,"anticoncepcion, prevencion de its y de cancer de cuello uterino",inyectable trimestral: usuarias continuas,2015-05-01,0,1,20,16,0,37
CAMATAQUI (C. VILLA ABECIA),"anticoncepcion, prevencion de its y de cancer de cuello uterino",inyectable trimestral: usuarias continuas,2015-05-01,0,1,9,7,0,17
CAMIRI,"anticoncepcion, prevencion de its y de cancer de cuello uterino",inyectable trimestral: usuarias continuas,2015-05-01,0,1,39,15,0,55
CAPINOTA,"anticoncepcion, prevencion de its y de cancer de cuello uterino",inyectable trimestral: usuarias continuas,2015-05-01,0,4,45,20,0,69
CAQUIAVIRI,"anticoncepcion, prevencion de its y de cancer de cuello uterino",inyectable trimestral: usuarias continuas,2015-05-01,0,3,12,9,0,24
CARACOLLO,"anticoncepcion, prevencion de its y de cancer de cuello uterino",inyectable trimestral: usuarias continuas,2015-05-01,0,1,36,21,0,58
CARANAVI,"anticoncepcion, prevencion de its y de cancer de cuello uterino",inyectable trimestral: usuarias continuas,2015-05-01,0,8,60,40,0,108
CARANGAS,"anticoncepcion, prevencion de its y de cancer de cuello uterino",inyectable trimestral: usuarias continuas,2015-05-01,0,0,0,1,0,1
CARAPARI,"anticoncepcion, prevencion de its y de cancer de cuello uterino",inyectable trimestral: usuarias continuas,2015-05-01,0,3,49,27,0,79
CARIPUYO,"anticoncepcion, prevencion de its y de cancer de cuello uterino",inyectable trimestral: usuarias continuas,2015-05-01,0,2,7,10,0,19
CARMEN RIVERO TORREZ,"anticoncepcion, prevencion de its y de cancer de cuello uterino",inyectable trimestral: usuarias continuas,2015-05-01,0,0,9,6,0,15
CATACORA,"anticoncepcion, prevencion de its y de cancer de cuello uterino",inyectable trimestral: usuarias continuas,2015-05-01,0,1,1,5,0,7
CHACARILLA,"anticoncepcion, prevencion de its y de cancer de cuello uterino",inyectable trimestral: usuarias continuas,2015-05-01,0,0,6,1,0,7
CHALLAPATA,"anticoncepcion, prevencion de its y de cancer de cuello uterino",inyectable trimestral: usuarias continuas,2015-05-01,0,2,24,12,0,38
CHAQUI,"anticoncepcion, prevencion de its y de cancer de cuello uterino",inyectable trimestral: usuarias continuas,2015-05-01,0,1,14,7,0,22
CHARAGUA,"anticoncepcion, prevencion de its y de cancer de cuello uterino",inyectable trimestral: usuarias continuas,2015-05-01,0,6,38,15,0,59
CHAYANTA,"anticoncepcion, prevencion de its y de cancer de cuello uterino",inyectable trimestral: usuarias continuas,2015-05-01,0,17,26,7,0,50
CHIMORE,"anticoncepcion, prevencion de its y de cancer de cuello uterino",inyectable trimestral: usuarias continuas,2015-05-01,0,6,45,8,0,59
CHIPAYA,"anticoncepcion, prevencion de its y de cancer de cuello uterino",inyectable trimestral: usuarias continuas,2015-05-01,0,4,9,0,0,13
CHOQUE COTA,"anticoncepcion, prevencion de its y de cancer de cuello uterino",inyectable trimestral: usuarias continuas,2015-05-01,0,0,2,1,0,3
CHUA COCANI,"anticoncepcion, prevencion de its y de cancer de cuello uterino",inyectable trimestral: usuarias continuas,2015-05-01,0,0,2,4,0,6
CHULUMANI (V. DE LA LIBERTAD),"anticoncepcion, prevencion de its y de cancer de cuello uterino",inyectable trimestral: usuarias continuas,2015-05-01,0,0,13,7,0,20
CHUMA,"anticoncepcion, prevencion de its y de cancer de cuello uterino",inyectable trimestral: usuarias continuas,2015-05-01,0,0,20,14,0,34
CHUQUIHUTA AYLLU JUCUMANI,"anticoncepcion, prevencion de its y de cancer de cuello uterino",inyectable trimestral: usuarias continuas,2015-05-01,0,3,14,4,0,21
CKOCHAS,"anticoncepcion, prevencion de its y de cancer de cuello uterino",inyectable trimestral: usuarias continuas,2015-05-01,0,1,13,17,0,31
CLIZA,"anticoncepcion, prevencion de its y de cancer de cuello uterino",inyectable trimestral: usuarias continuas,2015-05-01,0,1,27,5,2,35
COBIJA,"anticoncepcion, prevencion de its y de cancer de cuello uterino",inyectable trimestral: usuarias continuas,2015-05-01,2,25,92,9,0,128
COCAPATA,"anticoncepcion, prevencion de its y de cancer de cuello uterino",inyectable trimestral: usuarias continuas,2015-05-01,0,8,29,24,1,62
COCHABAMBA,"anticoncepcion, prevencion de its y de cancer de cuello uterino",inyectable trimestral: usuarias continuas,2015-05-01,1,60,259,65,0,385
COLCAPIRHUA,"anticoncepcion, prevencion de its y de cancer de cuello uterino",inyectable trimestral: usuarias continuas,2015-05-01,0,2,47,5,0,54
"COLCHA ""K""","anticoncepcion, prevencion de its y de cancer de cuello uterino",inyectable trimestral: usuarias continuas,2015-05-01,0,8,43,12,0,63
COLLANA,"anticoncepcion, prevencion de its y de cancer de cuello uterino",inyectable trimestral: usuarias continuas,2015-05-01,0,1,1,2,0,4
COLOMI,"anticoncepcion, prevencion de its y de cancer de cuello uterino",inyectable trimestral: usuarias continuas,2015-05-01,0,4,67,11,0,82
COLPA BELGICA,"anticoncepcion, prevencion de its y de cancer de cuello uterino",inyectable trimestral: usuarias continuas,2015-05-01,0,2,12,0,1,15
COLQUECHACA,"anticoncepcion, prevencion de its y de cancer de cuello uterino",inyectable trimestral: usuarias continuas,2015-05-01,0,1,34,18,0,53
COLQUENCHA,"anticoncepcion, prevencion de its y de cancer de cuello uterino",inyectable trimestral: usuarias continuas,2015-05-01,0,2,19,10,0,31
COLQUIRI,"anticoncepcion, prevencion de its y de cancer de cuello uterino",inyectable trimestral: usuarias continuas,2015-05-01,0,2,16,9,0,27
COMANCHE,"anticoncepcion, prevencion de its y de cancer de cuello uterino",inyectable trimestral: usuarias continuas,2015-05-01,0,0,4,1,0,5
COMARAPA,"anticoncepcion, prevencion de its y de cancer de cuello uterino",inyectable trimestral: usuarias continuas,2015-05-01,0,9,50,25,0,84
COMBAYA,"anticoncepcion, prevencion de its y de cancer de cuello uterino",inyectable trimestral: usuarias continuas,2015-05-01,0,1,2,0,0,3
CONCEPCION,"anticoncepcion, prevencion de its y de cancer de cuello uterino",inyectable trimestral: usuarias continuas,2015-05-01,0,4,24,2,0,30
COPACABANA,"anticoncepcion, prevencion de its y de cancer de cuello uterino",inyectable trimestral: usuarias continuas,2015-05-01,1,1,17,21,0,40
CORIPATA,"anticoncepcion, prevencion de its y de cancer de cuello uterino",inyectable trimestral: usuarias continuas,2015-05-01,0,3,34,7,0,44
CORO CORO,"anticoncepcion, prevencion de its y de cancer de cuello uterino",inyectable trimestral: usuarias continuas,2015-05-01,0,0,14,4,0,18
COROICO,"anticoncepcion, prevencion de its y de cancer de cuello uterino",inyectable trimestral: usuarias continuas,2015-05-01,0,1,7,2,0,10
CORQUE,"anticoncepcion, prevencion de its y de cancer de cuello uterino",inyectable trimestral: usuarias continuas,2015-05-01,0,1,7,4,0,12
COTAGAITA,"anticoncepcion, prevencion de its y de cancer de cuello uterino",inyectable trimestral: usuarias continuas,2015-05-01,0,4,58,36,0,98
COTOCA,"anticoncepcion, prevencion de its y de cancer de cuello uterino",inyectable trimestral: usuarias continuas,2015-05-01,0,10,73,26,0,109
CUATRO CAÃ‘ADAS,"anticoncepcion, prevencion de its y de cancer de cuello uterino",inyectable trimestral: usuarias continuas,2015-05-01,1,11,19,12,1,44
CUCHUMUELA (V. G. VILLARROEL),"anticoncepcion, prevencion de its y de cancer de cuello uterino",inyectable trimestral: usuarias continuas,2015-05-01,0,1,6,3,0,10
CUEVO,"anticoncepcion, prevencion de its y de cancer de cuello uterino",inyectable trimestral: usuarias continuas,2015-05-01,0,2,20,13,0,35
CULPINA,"anticoncepcion, prevencion de its y de cancer de cuello uterino",inyectable trimestral: usuarias continuas,2015-05-01,0,10,56,40,0,106
CURAHUARA DE CARANGAS,"anticoncepcion, prevencion de its y de cancer de cuello uterino",inyectable trimestral: usuarias continuas,2015-05-01,0,1,8,4,0,13
CURVA,"anticoncepcion, prevencion de its y de cancer de cuello uterino",inyectable trimestral: usuarias continuas,2015-05-01,0,0,6,1,0,7
DESAGUADERO,"anticoncepcion, prevencion de its y de cancer de cuello uterino",inyectable trimestral: usuarias continuas,2015-05-01,0,0,11,1,0,12
EL ALTO,"anticoncepcion, prevencion de its y de cancer de cuello uterino",inyectable trimestral: usuarias continuas,2015-05-01,0,52,746,291,0,1089
EL CHORO,"anticoncepcion, prevencion de its y de cancer de cuello uterino",inyectable trimestral: usuarias continuas,2015-05-01,0,0,5,2,0,7
EL PUENTE(STC),"anticoncepcion, prevencion de its y de cancer de cuello uterino",inyectable trimestral: usuarias continuas,2015-05-01,0,7,41,16,0,64
EL PUENTE(TJA),"anticoncepcion, prevencion de its y de cancer de cuello uterino",inyectable trimestral: usuarias continuas,2015-05-01,0,5,66,39,0,110
EL TORNO,"anticoncepcion, prevencion de its y de cancer de cuello uterino",inyectable trimestral: usuarias continuas,2015-05-01,4,19,95,32,1,151
EL VILLAR,"anticoncepcion, prevencion de its y de cancer de cuello uterino",inyectable trimestral: usuarias continuas,2015-05-01,0,1,13,15,0,29
ENTRE RIOS TRJ,"anticoncepcion, prevencion de its y de cancer de cuello uterino",inyectable trimestral: usuarias continuas,2015-05-01,0,17,92,54,0,163
ENTRE RIOS CBBA,"anticoncepcion, prevencion de its y de cancer de cuello uterino",inyectable trimestral: usuarias continuas,2015-05-01,0,17,55,28,1,101
ESCOMA,"anticoncepcion, prevencion de its y de cancer de cuello uterino",inyectable trimestral: usuarias continuas,2015-05-01,0,0,0,1,0,1
ESMERALDA,"anticoncepcion, prevencion de its y de cancer de cuello uterino",inyectable trimestral: usuarias continuas,2015-05-01,0,0,2,0,0,2
EUCALIPTUS,"anticoncepcion, prevencion de its y de cancer de cuello uterino",inyectable trimestral: usuarias continuas,2015-05-01,0,0,4,3,0,7
EUREKA (SANTOS MERCADO),"anticoncepcion, prevencion de its y de cancer de cuello uterino",inyectable trimestral: usuarias continuas,2015-05-01,0,0,3,1,0,4
EXALTACION,"anticoncepcion, prevencion de its y de cancer de cuello uterino",inyectable trimestral: usuarias continuas,2015-05-01,0,0,2,1,0,3
FERNANDEZ ALONSO,"anticoncepcion, prevencion de its y de cancer de cuello uterino",inyectable trimestral: usuarias continuas,2015-05-01,0,10,20,23,1,54
FILADELFIA,"anticoncepcion, prevencion de its y de cancer de cuello uterino",inyectable trimestral: usuarias continuas,2015-05-01,0,3,14,4,0,21
GENERAL SAAVEDRA,"anticoncepcion, prevencion de its y de cancer de cuello uterino",inyectable trimestral: usuarias continuas,2015-05-01,0,3,30,13,1,47
GRAL. J.J. PEREZ (CHARAZANI),"anticoncepcion, prevencion de its y de cancer de cuello uterino",inyectable trimestral: usuarias continuas,2015-05-01,0,1,16,5,0,22
GUANAY,"anticoncepcion, prevencion de its y de cancer de cuello uterino",inyectable trimestral: usuarias continuas,2015-05-01,0,0,8,4,0,12
GUAQUI,"anticoncepcion, prevencion de its y de cancer de cuello uterino",inyectable trimestral: usuarias continuas,2015-05-01,0,1,9,6,0,16
GUAYARAMERIN,"anticoncepcion, prevencion de its y de cancer de cuello uterino",inyectable trimestral: usuarias continuas,2015-05-01,0,3,10,3,0,16
GUTIERREZ,"anticoncepcion, prevencion de its y de cancer de cuello uterino",inyectable trimestral: usuarias continuas,2015-05-01,0,0,13,10,0,23
HUACARETA,"anticoncepcion, prevencion de its y de cancer de cuello uterino",inyectable trimestral: usuarias continuas,2015-05-01,0,1,23,10,0,34
HUACAYA (VILLA DE HUACAYA),"anticoncepcion, prevencion de its y de cancer de cuello uterino",inyectable trimestral: usuarias continuas,2015-05-01,0,0,8,2,0,10
HUACHACALLA,"anticoncepcion, prevencion de its y de cancer de cuello uterino",inyectable trimestral: usuarias continuas,2015-05-01,0,0,2,1,0,3
HUANUNI,"anticoncepcion, prevencion de its y de cancer de cuello uterino",inyectable trimestral: usuarias continuas,2015-05-01,0,1,12,6,0,19
HUARACAJE,"anticoncepcion, prevencion de its y de cancer de cuello uterino",inyectable trimestral: usuarias continuas,2015-05-01,0,1,6,1,0,8
HUARINA,"anticoncepcion, prevencion de its y de cancer de cuello uterino",inyectable trimestral: usuarias continuas,2015-05-01,0,0,7,8,0,15
HUATAJATA,"anticoncepcion, prevencion de its y de cancer de cuello uterino",inyectable trimestral: usuarias continuas,2015-05-01,0,0,1,3,0,4
HUAYLLAMARCA,"anticoncepcion, prevencion de its y de cancer de cuello uterino",inyectable trimestral: usuarias continuas,2015-05-01,0,0,5,9,0,14
HUMANATA,"anticoncepcion, prevencion de its y de cancer de cuello uterino",inyectable trimestral: usuarias continuas,2015-05-01,0,1,8,3,0,12
ICHOCA,"anticoncepcion, prevencion de its y de cancer de cuello uterino",inyectable trimestral: usuarias continuas,2015-05-01,0,0,4,4,0,8
ICLA,"anticoncepcion, prevencion de its y de cancer de cuello uterino",inyectable trimestral: usuarias continuas,2015-05-01,0,2,13,19,0,34
INCAHUASI,"anticoncepcion, prevencion de its y de cancer de cuello uterino",inyectable trimestral: usuarias continuas,2015-05-01,0,2,35,20,0,57
INGAVI (HUMAITA),"anticoncepcion, prevencion de its y de cancer de cuello uterino",inyectable trimestral: usuarias continuas,2015-05-01,0,4,6,1,0,11
INQUISIVI,"anticoncepcion, prevencion de its y de cancer de cuello uterino",inyectable trimestral: usuarias continuas,2015-05-01,0,0,14,13,0,27
IRUPANA (VILLA DE LANZA),"anticoncepcion, prevencion de its y de cancer de cuello uterino",inyectable trimestral: usuarias continuas,2015-05-01,0,2,48,14,1,65
IXIAMAS,"anticoncepcion, prevencion de its y de cancer de cuello uterino",inyectable trimestral: usuarias continuas,2015-05-01,0,2,10,5,0,17
JESUS DE MACHACA,"anticoncepcion, prevencion de its y de cancer de cuello uterino",inyectable trimestral: usuarias continuas,2015-05-01,0,0,15,7,0,22
LA ASUNTA,"anticoncepcion, prevencion de its y de cancer de cuello uterino",inyectable trimestral: usuarias continuas,2015-05-01,0,6,92,41,0,139
LA GUARDIA,"anticoncepcion, prevencion de its y de cancer de cuello uterino",inyectable trimestral: usuarias continuas,2015-05-01,0,13,71,24,1,109
LA PAZ,"anticoncepcion, prevencion de its y de cancer de cuello uterino",inyectable trimestral: usuarias continuas,2015-05-01,1,21,304,76,0,402
LAJA,"anticoncepcion, prevencion de its y de cancer de cuello uterino",inyectable trimestral: usuarias continuas,2015-05-01,0,2,20,12,0,34
LAS CARRERAS,"anticoncepcion, prevencion de its y de cancer de cuello uterino",inyectable trimestral: usuarias continuas,2015-05-01,0,1,15,12,0,28
LICOMA PAMPA,"anticoncepcion, prevencion de its y de cancer de cuello uterino",inyectable trimestral: usuarias continuas,2015-05-01,0,1,7,7,0,15
LLALLAGUA,"anticoncepcion, prevencion de its y de cancer de cuello uterino",inyectable trimestral: usuarias continuas,2015-05-01,0,0,48,20,0,68
LLICA,"anticoncepcion, prevencion de its y de cancer de cuello uterino",inyectable trimestral: usuarias continuas,2015-05-01,0,4,13,3,0,20
LORETO,"anticoncepcion, prevencion de its y de cancer de cuello uterino",inyectable trimestral: usuarias continuas,2015-05-01,0,0,8,3,0,11
LURIBAY,"anticoncepcion, prevencion de its y de cancer de cuello uterino",inyectable trimestral: usuarias continuas,2015-05-01,0,1,16,17,1,35
MACHACAMARCA,"anticoncepcion, prevencion de its y de cancer de cuello uterino",inyectable trimestral: usuarias continuas,2015-05-01,0,0,4,2,0,6
MACHARETI,"anticoncepcion, prevencion de its y de cancer de cuello uterino",inyectable trimestral: usuarias continuas,2015-05-01,0,8,22,8,0,38
MAGDALENA,"anticoncepcion, prevencion de its y de cancer de cuello uterino",inyectable trimestral: usuarias continuas,2015-05-01,0,3,28,10,0,41
MAIRANA,"anticoncepcion, prevencion de its y de cancer de cuello uterino",inyectable trimestral: usuarias continuas,2015-05-01,0,2,22,10,0,34
MALLA,"anticoncepcion, prevencion de its y de cancer de cuello uterino",inyectable trimestral: usuarias continuas,2015-05-01,0,0,3,3,0,6
MAPIRI,"anticoncepcion, prevencion de its y de cancer de cuello uterino",inyectable trimestral: usuarias continuas,2015-05-01,0,1,10,6,0,17
MECAPACA,"anticoncepcion, prevencion de its y de cancer de cuello uterino",inyectable trimestral: usuarias continuas,2015-05-01,0,2,18,8,0,28
MINEROS,"anticoncepcion, prevencion de its y de cancer de cuello uterino",inyectable trimestral: usuarias continuas,2015-05-01,0,7,37,13,0,57
MIZQUE,"anticoncepcion, prevencion de its y de cancer de cuello uterino",inyectable trimestral: usuarias continuas,2015-05-01,0,13,75,34,0,122
MOCOMOCO,"anticoncepcion, prevencion de its y de cancer de cuello uterino",inyectable trimestral: usuarias continuas,2015-05-01,0,0,16,9,0,25
MOJINETE,"anticoncepcion, prevencion de its y de cancer de cuello uterino",inyectable trimestral: usuarias continuas,2015-05-01,0,0,0,1,0,1
MOJOCOYA,"anticoncepcion, prevencion de its y de cancer de cuello uterino",inyectable trimestral: usuarias continuas,2015-05-01,0,4,27,17,1,49
MONTEAGUDO,"anticoncepcion, prevencion de its y de cancer de cuello uterino",inyectable trimestral: usuarias continuas,2015-05-01,0,10,45,39,2,96
MONTERO,"anticoncepcion, prevencion de its y de cancer de cuello uterino",inyectable trimestral: usuarias continuas,2015-05-01,2,49,103,31,0,185
MORO MORO,"anticoncepcion, prevencion de its y de cancer de cuello uterino",inyectable trimestral: usuarias continuas,2015-05-01,0,1,15,11,1,28
MOROCHATA,"anticoncepcion, prevencion de its y de cancer de cuello uterino",inyectable trimestral: usuarias continuas,2015-05-01,0,1,40,31,1,73
NACEBE (SANTA ROSA DEL ABUNA),"anticoncepcion, prevencion de its y de cancer de cuello uterino",inyectable trimestral: usuarias continuas,2015-05-01,0,0,8,3,0,11
NUEVO MANOA (NUEVA ESPERANZA),"anticoncepcion, prevencion de its y de cancer de cuello uterino",inyectable trimestral: usuarias continuas,2015-05-01,0,0,1,0,0,1
OCURI,"anticoncepcion, prevencion de its y de cancer de cuello uterino",inyectable trimestral: usuarias continuas,2015-05-01,0,1,18,5,0,24
OKINAWA,"anticoncepcion, prevencion de its y de cancer de cuello uterino",inyectable trimestral: usuarias continuas,2015-05-01,1,15,40,12,0,68
OMEREQUE,"anticoncepcion, prevencion de its y de cancer de cuello uterino",inyectable trimestral: usuarias continuas,2015-05-01,0,3,18,7,0,28
ORURO,"anticoncepcion, prevencion de its y de cancer de cuello uterino",inyectable trimestral: usuarias continuas,2015-05-01,0,26,305,97,1,429
PADCAYA,"anticoncepcion, prevencion de its y de cancer de cuello uterino",inyectable trimestral: usuarias continuas,2015-05-01,0,17,91,59,3,170
PADILLA,"anticoncepcion, prevencion de its y de cancer de cuello uterino",inyectable trimestral: usuarias continuas,2015-05-01,0,4,49,19,0,72
PAILON,"anticoncepcion, prevencion de its y de cancer de cuello uterino",inyectable trimestral: usuarias continuas,2015-05-01,0,6,26,3,0,35
PALCA,"anticoncepcion, prevencion de its y de cancer de cuello uterino",inyectable trimestral: usuarias continuas,2015-05-01,1,4,19,11,0,35
PALOS BLANCOS,"anticoncepcion, prevencion de its y de cancer de cuello uterino",inyectable trimestral: usuarias continuas,2015-05-01,1,6,51,29,1,88
PAMPA AULLAGAS,"anticoncepcion, prevencion de its y de cancer de cuello uterino",inyectable trimestral: usuarias continuas,2015-05-01,0,0,1,5,0,6
PAMPA GRANDE,"anticoncepcion, prevencion de its y de cancer de cuello uterino",inyectable trimestral: usuarias continuas,2015-05-01,0,4,29,11,0,44
PAPEL PAMPA,"anticoncepcion, prevencion de its y de cancer de cuello uterino",inyectable trimestral: usuarias continuas,2015-05-01,0,5,13,11,0,29
PASORAPA,"anticoncepcion, prevencion de its y de cancer de cuello uterino",inyectable trimestral: usuarias continuas,2015-05-01,0,2,9,13,1,25
PATACAMAYA,"anticoncepcion, prevencion de its y de cancer de cuello uterino",inyectable trimestral: usuarias continuas,2015-05-01,0,1,5,6,0,12
PAZÃ‘A,"anticoncepcion, prevencion de its y de cancer de cuello uterino",inyectable trimestral: usuarias continuas,2015-05-01,0,0,15,11,0,26
PELECHUCO,"anticoncepcion, prevencion de its y de cancer de cuello uterino",inyectable trimestral: usuarias continuas,2015-05-01,0,2,13,10,0,25
POCOATA,"anticoncepcion, prevencion de its y de cancer de cuello uterino",inyectable trimestral: usuarias continuas,2015-05-01,0,1,28,25,0,54
POCONA,"anticoncepcion, prevencion de its y de cancer de cuello uterino",inyectable trimestral: usuarias continuas,2015-05-01,0,8,47,22,1,78
POJO (CBBA),"anticoncepcion, prevencion de its y de cancer de cuello uterino",inyectable trimestral: usuarias continuas,2015-05-01,0,8,40,13,0,61
POOPO,"anticoncepcion, prevencion de its y de cancer de cuello uterino",inyectable trimestral: usuarias continuas,2015-05-01,0,1,7,2,0,10
PORCO,"anticoncepcion, prevencion de its y de cancer de cuello uterino",inyectable trimestral: usuarias continuas,2015-05-01,0,0,6,4,0,10
POROMA,"anticoncepcion, prevencion de its y de cancer de cuello uterino",inyectable trimestral: usuarias continuas,2015-05-01,0,1,53,27,0,81
PORONGO,"anticoncepcion, prevencion de its y de cancer de cuello uterino",inyectable trimestral: usuarias continuas,2015-05-01,0,1,15,0,0,16
PORTACHUELO,"anticoncepcion, prevencion de its y de cancer de cuello uterino",inyectable trimestral: usuarias continuas,2015-05-01,0,5,20,12,1,38
PORVENIR,"anticoncepcion, prevencion de its y de cancer de cuello uterino",inyectable trimestral: usuarias continuas,2015-05-01,0,2,16,2,0,20
POSTRER VALLE,"anticoncepcion, prevencion de its y de cancer de cuello uterino",inyectable trimestral: usuarias continuas,2015-05-01,0,1,6,2,0,9
POTOSI,"anticoncepcion, prevencion de its y de cancer de cuello uterino",inyectable trimestral: usuarias continuas,2015-05-01,0,39,316,109,0,464
PRESTO,"anticoncepcion, prevencion de its y de cancer de cuello uterino",inyectable trimestral: usuarias continuas,2015-05-01,0,1,24,16,1,42
PUCARA,"anticoncepcion, prevencion de its y de cancer de cuello uterino",inyectable trimestral: usuarias continuas,2015-05-01,0,1,14,7,0,22
PUCARANI,"anticoncepcion, prevencion de its y de cancer de cuello uterino",inyectable trimestral: usuarias continuas,2015-05-01,0,8,80,40,1,129
PUERTO ACOSTA,"anticoncepcion, prevencion de its y de cancer de cuello uterino",inyectable trimestral: usuarias continuas,2015-05-01,0,0,11,5,0,16
PUERTO CARABUCO,"anticoncepcion, prevencion de its y de cancer de cuello uterino",inyectable trimestral: usuarias continuas,2015-05-01,0,0,19,13,0,32
PUERTO GONZALO MORENO,"anticoncepcion, prevencion de its y de cancer de cuello uterino",inyectable trimestral: usuarias continuas,2015-05-01,0,4,25,6,0,35
PUERTO PEREZ,"anticoncepcion, prevencion de its y de cancer de cuello uterino",inyectable trimestral: usuarias continuas,2015-05-01,0,0,7,6,0,13
PUERTO QUIJARRO,"anticoncepcion, prevencion de its y de cancer de cuello uterino",inyectable trimestral: usuarias continuas,2015-05-01,0,3,8,4,0,15
PUERTO RICO,"anticoncepcion, prevencion de its y de cancer de cuello uterino",inyectable trimestral: usuarias continuas,2015-05-01,0,8,16,4,0,28
PUERTO SILES,"anticoncepcion, prevencion de its y de cancer de cuello uterino",inyectable trimestral: usuarias continuas,2015-05-01,0,0,1,0,0,1
PUERTO SUAREZ,"anticoncepcion, prevencion de its y de cancer de cuello uterino",inyectable trimestral: usuarias continuas,2015-05-01,0,0,2,1,0,3
PUERTO VILLARROEL,"anticoncepcion, prevencion de its y de cancer de cuello uterino",inyectable trimestral: usuarias continuas,2015-05-01,0,6,61,20,2,89
PUNA,"anticoncepcion, prevencion de its y de cancer de cuello uterino",inyectable trimestral: usuarias continuas,2015-05-01,0,0,24,20,0,44
PUNATA,"anticoncepcion, prevencion de its y de cancer de cuello uterino",inyectable trimestral: usuarias continuas,2015-05-01,0,3,29,7,0,39
QUIABAYA,"anticoncepcion, prevencion de its y de cancer de cuello uterino",inyectable trimestral: usuarias continuas,2015-05-01,0,1,3,9,0,13
QUILLACOLLO,"anticoncepcion, prevencion de its y de cancer de cuello uterino",inyectable trimestral: usuarias continuas,2015-05-01,0,15,140,48,0,203
QUIME,"anticoncepcion, prevencion de its y de cancer de cuello uterino",inyectable trimestral: usuarias continuas,2015-05-01,0,5,28,8,0,41
QUIRUSILLAS,"anticoncepcion, prevencion de its y de cancer de cuello uterino",inyectable trimestral: usuarias continuas,2015-05-01,0,3,5,5,0,13
RAVELO,"anticoncepcion, prevencion de its y de cancer de cuello uterino",inyectable trimestral: usuarias continuas,2015-05-01,0,3,41,32,0,76
REYES,"anticoncepcion, prevencion de its y de cancer de cuello uterino",inyectable trimestral: usuarias continuas,2015-05-01,0,4,14,4,0,22
RIBERALTA,"anticoncepcion, prevencion de its y de cancer de cuello uterino",inyectable trimestral: usuarias continuas,2015-05-01,0,17,145,23,0,185
ROBORE,"anticoncepcion, prevencion de its y de cancer de cuello uterino",inyectable trimestral: usuarias continuas,2015-05-01,0,2,34,4,0,40
RURRENABAQUE,"anticoncepcion, prevencion de its y de cancer de cuello uterino",inyectable trimestral: usuarias continuas,2015-05-01,1,4,27,7,0,39
SABAYA,"anticoncepcion, prevencion de its y de cancer de cuello uterino",inyectable trimestral: usuarias continuas,2015-05-01,0,0,8,1,0,9
SACABA,"anticoncepcion, prevencion de its y de cancer de cuello uterino",inyectable trimestral: usuarias continuas,2015-05-01,0,12,109,23,0,144
SACABAMBA,"anticoncepcion, prevencion de its y de cancer de cuello uterino",inyectable trimestral: usuarias continuas,2015-05-01,0,0,3,7,0,10
SACACA,"anticoncepcion, prevencion de its y de cancer de cuello uterino",inyectable trimestral: usuarias continuas,2015-05-01,0,4,40,20,0,64
SAIPINA,"anticoncepcion, prevencion de its y de cancer de cuello uterino",inyectable trimestral: usuarias continuas,2015-05-01,0,7,13,6,0,26
SALINAS DE GARCI MENDOZA,"anticoncepcion, prevencion de its y de cancer de cuello uterino",inyectable trimestral: usuarias continuas,2015-05-01,0,5,16,8,1,30
SAMAIPATA,"anticoncepcion, prevencion de its y de cancer de cuello uterino",inyectable trimestral: usuarias continuas,2015-05-01,0,5,19,6,0,30
SAN AGUSTIN,"anticoncepcion, prevencion de its y de cancer de cuello uterino",inyectable trimestral: usuarias continuas,2015-05-01,0,0,10,1,0,11
SAN ANDRES,"anticoncepcion, prevencion de its y de cancer de cuello uterino",inyectable trimestral: usuarias continuas,2015-05-01,1,3,21,13,1,39
SAN ANDRES DE MACHACA,"anticoncepcion, prevencion de its y de cancer de cuello uterino",inyectable trimestral: usuarias continuas,2015-05-01,0,0,3,1,0,4
SAN ANTONIO DE ESMORUCO,"anticoncepcion, prevencion de its y de cancer de cuello uterino",inyectable trimestral: usuarias continuas,2015-05-01,0,0,5,1,0,6
SAN ANTONIO DE LOMERIO,"anticoncepcion, prevencion de its y de cancer de cuello uterino",inyectable trimestral: usuarias continuas,2015-05-01,1,2,38,23,0,64
SAN BENITO,"anticoncepcion, prevencion de its y de cancer de cuello uterino",inyectable trimestral: usuarias continuas,2015-05-01,0,1,15,8,0,24
SAN BORJA,"anticoncepcion, prevencion de its y de cancer de cuello uterino",inyectable trimestral: usuarias continuas,2015-05-01,1,9,76,41,2,129
SAN BUENA VENTURA,"anticoncepcion, prevencion de its y de cancer de cuello uterino",inyectable trimestral: usuarias continuas,2015-05-01,1,2,31,8,0,42
SAN CARLOS,"anticoncepcion, prevencion de its y de cancer de cuello uterino",inyectable trimestral: usuarias continuas,2015-05-01,0,3,25,9,0,37
SAN IGNACIO,"anticoncepcion, prevencion de its y de cancer de cuello uterino",inyectable trimestral: usuarias continuas,2015-05-01,1,8,67,23,0,99
SAN IGNACIO DE VELASCO,"anticoncepcion, prevencion de its y de cancer de cuello uterino",inyectable trimestral: usuarias continuas,2015-05-01,2,19,131,46,0,198
SAN JAVIER(BNI),"anticoncepcion, prevencion de its y de cancer de cuello uterino",inyectable trimestral: usuarias continuas,2015-05-01,0,0,7,1,0,8
SAN JAVIER(STC),"anticoncepcion, prevencion de its y de cancer de cuello uterino",inyectable trimestral: usuarias continuas,2015-05-01,0,6,22,4,0,32
SAN JOAQUIN,"anticoncepcion, prevencion de its y de cancer de cuello uterino",inyectable trimestral: usuarias continuas,2015-05-01,0,2,0,0,0,2
SAN JOSE DE CHIQUITOS,"anticoncepcion, prevencion de its y de cancer de cuello uterino",inyectable trimestral: usuarias continuas,2015-05-01,0,6,25,1,1,33
SAN JUAN DE YAPACANI,"anticoncepcion, prevencion de its y de cancer de cuello uterino",inyectable trimestral: usuarias continuas,2015-05-01,0,3,24,16,0,43
SAN JULIAN,"anticoncepcion, prevencion de its y de cancer de cuello uterino",inyectable trimestral: usuarias continuas,2015-05-01,0,18,55,29,0,102
SAN LORENZO(PND),"anticoncepcion, prevencion de its y de cancer de cuello uterino",inyectable trimestral: usuarias continuas,2015-05-01,0,0,8,2,0,10
SAN LORENZO(TJA),"anticoncepcion, prevencion de its y de cancer de cuello uterino",inyectable trimestral: usuarias continuas,2015-05-01,0,11,77,35,1,124
SAN LUCAS,"anticoncepcion, prevencion de its y de cancer de cuello uterino",inyectable trimestral: usuarias continuas,2015-05-01,0,7,65,53,0,125
SAN MATIAS,"anticoncepcion, prevencion de its y de cancer de cuello uterino",inyectable trimestral: usuarias continuas,2015-05-01,0,4,16,9,0,29
SAN MIGUEL DE VELASCO,"anticoncepcion, prevencion de its y de cancer de cuello uterino",inyectable trimestral: usuarias continuas,2015-05-01,0,1,42,22,0,65
SAN PABLO DE LIPEZ,"anticoncepcion, prevencion de its y de cancer de cuello uterino",inyectable trimestral: usuarias continuas,2015-05-01,0,1,9,2,0,12
SAN PEDRO,"anticoncepcion, prevencion de its y de cancer de cuello uterino",inyectable trimestral: usuarias continuas,2015-05-01,0,5,30,20,0,55
SAN PEDRO DE BUENA VISTA,"anticoncepcion, prevencion de its y de cancer de cuello uterino",inyectable trimestral: usuarias continuas,2015-05-01,0,2,27,20,0,49
SAN PEDRO DE CURAHUARA,"anticoncepcion, prevencion de its y de cancer de cuello uterino",inyectable trimestral: usuarias continuas,2015-05-01,0,0,6,4,0,10
SAN PEDRO DE QUEMES,"anticoncepcion, prevencion de its y de cancer de cuello uterino",inyectable trimestral: usuarias continuas,2015-05-01,0,0,3,3,0,6
SAN PEDRO DE TIQUINA,"anticoncepcion, prevencion de its y de cancer de cuello uterino",inyectable trimestral: usuarias continuas,2015-05-01,0,0,9,7,0,16
SAN PEDRO(PND),"anticoncepcion, prevencion de its y de cancer de cuello uterino",inyectable trimestral: usuarias continuas,2015-05-01,0,0,5,0,0,5
SAN RAFAEL,"anticoncepcion, prevencion de its y de cancer de cuello uterino",inyectable trimestral: usuarias continuas,2015-05-01,0,7,23,10,1,41
SAN RAMON BENI,"anticoncepcion, prevencion de its y de cancer de cuello uterino",inyectable trimestral: usuarias continuas,2015-05-01,0,2,6,0,0,8
SAN RAMON SCZ,"anticoncepcion, prevencion de its y de cancer de cuello uterino",inyectable trimestral: usuarias continuas,2015-05-01,0,5,28,1,0,34
SANTA ANA,"anticoncepcion, prevencion de its y de cancer de cuello uterino",inyectable trimestral: usuarias continuas,2015-05-01,1,1,16,4,0,22
SANTA CRUZ DE LA SIERRA,"anticoncepcion, prevencion de its y de cancer de cuello uterino",inyectable trimestral: usuarias continuas,2015-05-01,2,57,241,48,0,348
SANTA ROSA,"anticoncepcion, prevencion de its y de cancer de cuello uterino",inyectable trimestral: usuarias continuas,2015-05-01,0,0,8,0,0,8
SANTA ROSA DEL SARA,"anticoncepcion, prevencion de its y de cancer de cuello uterino",inyectable trimestral: usuarias continuas,2015-05-01,0,7,51,22,0,80
SANTIAGO DE CALLAPA,"anticoncepcion, prevencion de its y de cancer de cuello uterino",inyectable trimestral: usuarias continuas,2015-05-01,0,0,1,1,0,2
SANTIAGO DE HUARI,"anticoncepcion, prevencion de its y de cancer de cuello uterino",inyectable trimestral: usuarias continuas,2015-05-01,0,0,6,2,0,8
SANTIAGO DE HUATA,"anticoncepcion, prevencion de its y de cancer de cuello uterino",inyectable trimestral: usuarias continuas,2015-05-01,0,1,4,5,1,11
SANTIAGO DE MACHACA,"anticoncepcion, prevencion de its y de cancer de cuello uterino",inyectable trimestral: usuarias continuas,2015-05-01,0,2,6,4,0,12
SANTIVAÃ‘ES,"anticoncepcion, prevencion de its y de cancer de cuello uterino",inyectable trimestral: usuarias continuas,2015-05-01,0,4,27,5,0,36
SANTUARIO DE QUILLACAS,"anticoncepcion, prevencion de its y de cancer de cuello uterino",inyectable trimestral: usuarias continuas,2015-05-01,0,1,5,1,0,7
SAPAHAQUI,"anticoncepcion, prevencion de its y de cancer de cuello uterino",inyectable trimestral: usuarias continuas,2015-05-01,0,1,17,12,0,30
SENA,"anticoncepcion, prevencion de its y de cancer de cuello uterino",inyectable trimestral: usuarias continuas,2015-05-01,0,2,7,2,0,11
SHINAOTA,"anticoncepcion, prevencion de its y de cancer de cuello uterino",inyectable trimestral: usuarias continuas,2015-05-01,0,6,28,18,0,52
SICA SICA (VILLA AROMA),"anticoncepcion, prevencion de its y de cancer de cuello uterino",inyectable trimestral: usuarias continuas,2015-05-01,0,1,30,25,1,57
SICAYA,"anticoncepcion, prevencion de its y de cancer de cuello uterino",inyectable trimestral: usuarias continuas,2015-05-01,0,0,2,2,0,4
SIPE SIPE,"anticoncepcion, prevencion de its y de cancer de cuello uterino",inyectable trimestral: usuarias continuas,2015-05-01,0,14,136,63,1,214
SOPACHUY,"anticoncepcion, prevencion de its y de cancer de cuello uterino",inyectable trimestral: usuarias continuas,2015-05-01,0,1,23,17,1,42
SORACACHI,"anticoncepcion, prevencion de its y de cancer de cuello uterino",inyectable trimestral: usuarias continuas,2015-05-01,0,0,19,6,0,25
SORATA,"anticoncepcion, prevencion de its y de cancer de cuello uterino",inyectable trimestral: usuarias continuas,2015-05-01,0,3,38,10,0,51
SUCRE,"anticoncepcion, prevencion de its y de cancer de cuello uterino",inyectable trimestral: usuarias continuas,2015-05-01,0,64,417,151,6,638
TACACHI,"anticoncepcion, prevencion de its y de cancer de cuello uterino",inyectable trimestral: usuarias continuas,2015-05-01,0,1,0,1,0,2
TACACOMA,"anticoncepcion, prevencion de its y de cancer de cuello uterino",inyectable trimestral: usuarias continuas,2015-05-01,0,5,28,13,0,46
TACOBAMBA,"anticoncepcion, prevencion de its y de cancer de cuello uterino",inyectable trimestral: usuarias continuas,2015-05-01,0,0,1,4,0,5
TACOPAYA,"anticoncepcion, prevencion de its y de cancer de cuello uterino",inyectable trimestral: usuarias continuas,2015-05-01,0,1,10,6,0,17
TAHUA,"anticoncepcion, prevencion de its y de cancer de cuello uterino",inyectable trimestral: usuarias continuas,2015-05-01,0,0,4,4,0,8
TAPACARI,"anticoncepcion, prevencion de its y de cancer de cuello uterino",inyectable trimestral: usuarias continuas,2015-05-01,0,4,42,31,0,77
TARABUCO,"anticoncepcion, prevencion de its y de cancer de cuello uterino",inyectable trimestral: usuarias continuas,2015-05-01,0,2,33,18,1,54
TARACO,"anticoncepcion, prevencion de its y de cancer de cuello uterino",inyectable trimestral: usuarias continuas,2015-05-01,0,5,11,13,0,29
TARATA,"anticoncepcion, prevencion de its y de cancer de cuello uterino",inyectable trimestral: usuarias continuas,2015-05-01,0,0,20,7,0,27
TARIJA,"anticoncepcion, prevencion de its y de cancer de cuello uterino",inyectable trimestral: usuarias continuas,2015-05-01,0,40,195,97,1,333
TARVITA,"anticoncepcion, prevencion de its y de cancer de cuello uterino",inyectable trimestral: usuarias continuas,2015-05-01,0,2,42,14,1,59
TEOPONTE,"anticoncepcion, prevencion de its y de cancer de cuello uterino",inyectable trimestral: usuarias continuas,2015-05-01,0,1,7,8,0,16
TIAWANACU,"anticoncepcion, prevencion de its y de cancer de cuello uterino",inyectable trimestral: usuarias continuas,2015-05-01,0,0,22,17,0,39
TINGUIPAYA,"anticoncepcion, prevencion de its y de cancer de cuello uterino",inyectable trimestral: usuarias continuas,2015-05-01,0,0,14,13,0,27
TIPUANI,"anticoncepcion, prevencion de its y de cancer de cuello uterino",inyectable trimestral: usuarias continuas,2015-05-01,0,2,9,7,0,18
TIQUIPAYA,"anticoncepcion, prevencion de its y de cancer de cuello uterino",inyectable trimestral: usuarias continuas,2015-05-01,0,8,74,14,0,96
TIRAQUE (CBBA),"anticoncepcion, prevencion de its y de cancer de cuello uterino",inyectable trimestral: usuarias continuas,2015-05-01,0,2,35,20,0,57
TITO YUPANQUI (PARQUIPUJIO),"anticoncepcion, prevencion de its y de cancer de cuello uterino",inyectable trimestral: usuarias continuas,2015-05-01,0,1,1,1,0,3
TOCO,"anticoncepcion, prevencion de its y de cancer de cuello uterino",inyectable trimestral: usuarias continuas,2015-05-01,0,2,5,7,0,14
TOLATA,"anticoncepcion, prevencion de its y de cancer de cuello uterino",inyectable trimestral: usuarias continuas,2015-05-01,0,0,13,5,0,18
TOLEDO,"anticoncepcion, prevencion de its y de cancer de cuello uterino",inyectable trimestral: usuarias continuas,2015-05-01,0,1,4,2,0,7
TOMAVE,"anticoncepcion, prevencion de its y de cancer de cuello uterino",inyectable trimestral: usuarias continuas,2015-05-01,0,0,8,9,0,17
TOMINA,"anticoncepcion, prevencion de its y de cancer de cuello uterino",inyectable trimestral: usuarias continuas,2015-05-01,0,4,44,33,1,82
TORO TORO,"anticoncepcion, prevencion de its y de cancer de cuello uterino",inyectable trimestral: usuarias continuas,2015-05-01,0,2,15,9,0,26
TOTORA(CBBA),"anticoncepcion, prevencion de its y de cancer de cuello uterino",inyectable trimestral: usuarias continuas,2015-05-01,0,12,21,22,0,55
TOTORA(ORR),"anticoncepcion, prevencion de its y de cancer de cuello uterino",inyectable trimestral: usuarias continuas,2015-05-01,0,2,10,2,0,14
TRIGAL,"anticoncepcion, prevencion de its y de cancer de cuello uterino",inyectable trimestral: usuarias continuas,2015-05-01,0,0,4,3,0,7
TRINIDAD,"anticoncepcion, prevencion de its y de cancer de cuello uterino",inyectable trimestral: usuarias continuas,2015-05-01,0,6,44,7,0,57
TUPIZA,"anticoncepcion, prevencion de its y de cancer de cuello uterino",inyectable trimestral: usuarias continuas,2015-05-01,0,9,111,49,0,169
TURCO,"anticoncepcion, prevencion de its y de cancer de cuello uterino",inyectable trimestral: usuarias continuas,2015-05-01,0,1,7,3,0,11
UMALA,"anticoncepcion, prevencion de its y de cancer de cuello uterino",inyectable trimestral: usuarias continuas,2015-05-01,0,4,13,6,0,23
UNCIA,"anticoncepcion, prevencion de its y de cancer de cuello uterino",inyectable trimestral: usuarias continuas,2015-05-01,0,0,44,18,0,62
URIONDO (A. CONCEPCION),"anticoncepcion, prevencion de its y de cancer de cuello uterino",inyectable trimestral: usuarias continuas,2015-05-01,0,7,64,28,1,100
URUBICHA,"anticoncepcion, prevencion de its y de cancer de cuello uterino",inyectable trimestral: usuarias continuas,2015-05-01,0,0,4,9,1,14
UYUNI,"anticoncepcion, prevencion de its y de cancer de cuello uterino",inyectable trimestral: usuarias continuas,2015-05-01,0,2,36,11,0,49
VACAS,"anticoncepcion, prevencion de its y de cancer de cuello uterino",inyectable trimestral: usuarias continuas,2015-05-01,0,4,21,19,0,44
VALLEGRANDE,"anticoncepcion, prevencion de its y de cancer de cuello uterino",inyectable trimestral: usuarias continuas,2015-05-01,1,8,36,8,0,53
VIACHA,"anticoncepcion, prevencion de its y de cancer de cuello uterino",inyectable trimestral: usuarias continuas,2015-05-01,1,9,130,43,0,183
VILA VILA,"anticoncepcion, prevencion de its y de cancer de cuello uterino",inyectable trimestral: usuarias continuas,2015-05-01,0,0,5,2,0,7
VILLA CHARCAS,"anticoncepcion, prevencion de its y de cancer de cuello uterino",inyectable trimestral: usuarias continuas,2015-05-01,0,8,38,29,1,76
VILLA MONTES,"anticoncepcion, prevencion de its y de cancer de cuello uterino",inyectable trimestral: usuarias continuas,2015-05-01,1,17,66,30,0,114
VILLA NUEVA (LOMA ALTA),"anticoncepcion, prevencion de its y de cancer de cuello uterino",inyectable trimestral: usuarias continuas,2015-05-01,2,0,7,1,0,10
VILLA RIVERO,"anticoncepcion, prevencion de its y de cancer de cuello uterino",inyectable trimestral: usuarias continuas,2015-05-01,0,3,31,14,0,48
VILLA SERRANO,"anticoncepcion, prevencion de its y de cancer de cuello uterino",inyectable trimestral: usuarias continuas,2015-05-01,0,9,30,27,0,66
VILLA TUNARI,"anticoncepcion, prevencion de its y de cancer de cuello uterino",inyectable trimestral: usuarias continuas,2015-05-01,0,28,264,86,0,378
VILLA VACA GUZMAN (MUYUPAMPA),"anticoncepcion, prevencion de its y de cancer de cuello uterino",inyectable trimestral: usuarias continuas,2015-05-01,0,5,38,17,1,61
VILLAZON,"anticoncepcion, prevencion de its y de cancer de cuello uterino",inyectable trimestral: usuarias continuas,2015-05-01,0,12,103,49,0,164
VINTO,"anticoncepcion, prevencion de its y de cancer de cuello uterino",inyectable trimestral: usuarias continuas,2015-05-01,0,2,38,15,0,55
VITICHI,"anticoncepcion, prevencion de its y de cancer de cuello uterino",inyectable trimestral: usuarias continuas,2015-05-01,0,1,13,12,0,26
WALDO BALLIVIAN,"anticoncepcion, prevencion de its y de cancer de cuello uterino",inyectable trimestral: usuarias continuas,2015-05-01,0,0,5,2,0,7
WARNES,"anticoncepcion, prevencion de its y de cancer de cuello uterino",inyectable trimestral: usuarias continuas,2015-05-01,1,25,93,23,1,143
YACO,"anticoncepcion, prevencion de its y de cancer de cuello uterino",inyectable trimestral: usuarias continuas,2015-05-01,0,1,7,6,0,14
YACUIBA,"anticoncepcion, prevencion de its y de cancer de cuello uterino",inyectable trimestral: usuarias continuas,2015-05-01,1,29,159,96,2,287
YAMPARAEZ,"anticoncepcion, prevencion de its y de cancer de cuello uterino",inyectable trimestral: usuarias continuas,2015-05-01,0,1,8,9,0,18
YANACACHI,"anticoncepcion, prevencion de its y de cancer de cuello uterino",inyectable trimestral: usuarias continuas,2015-05-01,0,0,11,3,0,14
YAPACANI,"anticoncepcion, prevencion de its y de cancer de cuello uterino",inyectable trimestral: usuarias continuas,2015-05-01,0,11,45,19,1,76
YOCALLA,"anticoncepcion, prevencion de its y de cancer de cuello uterino",inyectable trimestral: usuarias continuas,2015-05-01,0,0,13,2,0,15
YOTALA,"anticoncepcion, prevencion de its y de cancer de cuello uterino",inyectable trimestral: usuarias continuas,2015-05-01,0,0,3,6,0,9
YUNCHARA,"anticoncepcion, prevencion de its y de cancer de cuello uterino",inyectable trimestral: usuarias continuas,2015-05-01,0,4,41,28,0,73
ZUDAÃ‘EZ,"anticoncepcion, prevencion de its y de cancer de cuello uterino",inyectable trimestral: usuarias continuas,2015-05-01,0,5,30,17,0,52
ACACIO,"anticoncepcion, prevencion de its y de cancer de cuello uterino",inyectable trimestral: usuarias continuas,2015-06-01,0,4,10,3,1,18
ACHACACHI,"anticoncepcion, prevencion de its y de cancer de cuello uterino",inyectable trimestral: usuarias continuas,2015-06-01,1,6,54,29,0,90
ACHOCALLA,"anticoncepcion, prevencion de its y de cancer de cuello uterino",inyectable trimestral: usuarias continuas,2015-06-01,0,2,45,15,0,62
AIQUILE,"anticoncepcion, prevencion de its y de cancer de cuello uterino",inyectable trimestral: usuarias continuas,2015-06-01,0,4,31,32,0,67
ALALAY,"anticoncepcion, prevencion de its y de cancer de cuello uterino",inyectable trimestral: usuarias continuas,2015-06-01,0,0,0,4,0,4
ALCALA,"anticoncepcion, prevencion de its y de cancer de cuello uterino",inyectable trimestral: usuarias continuas,2015-06-01,0,1,14,11,0,26
ALTO BENI,"anticoncepcion, prevencion de its y de cancer de cuello uterino",inyectable trimestral: usuarias continuas,2015-06-01,0,0,36,17,0,53
ANCORAIMES,"anticoncepcion, prevencion de its y de cancer de cuello uterino",inyectable trimestral: usuarias continuas,2015-06-01,0,2,11,11,0,24
ANDAMARCA,"anticoncepcion, prevencion de its y de cancer de cuello uterino",inyectable trimestral: usuarias continuas,2015-06-01,0,1,3,1,0,5
ANTEQUERA,"anticoncepcion, prevencion de its y de cancer de cuello uterino",inyectable trimestral: usuarias continuas,2015-06-01,0,0,3,4,0,7
ANZALDO,"anticoncepcion, prevencion de its y de cancer de cuello uterino",inyectable trimestral: usuarias continuas,2015-06-01,0,1,10,14,0,25
APOLO,"anticoncepcion, prevencion de its y de cancer de cuello uterino",inyectable trimestral: usuarias continuas,2015-06-01,0,3,37,23,2,65
ARAMPAMPA,"anticoncepcion, prevencion de its y de cancer de cuello uterino",inyectable trimestral: usuarias continuas,2015-06-01,0,0,8,2,0,10
ARANI,"anticoncepcion, prevencion de its y de cancer de cuello uterino",inyectable trimestral: usuarias continuas,2015-06-01,0,0,14,3,0,17
ARBIETO,"anticoncepcion, prevencion de its y de cancer de cuello uterino",inyectable trimestral: usuarias continuas,2015-06-01,0,3,41,12,0,56
ARQUE,"anticoncepcion, prevencion de its y de cancer de cuello uterino",inyectable trimestral: usuarias continuas,2015-06-01,1,2,24,31,0,58
ASCENCION DE GUARAYOS,"anticoncepcion, prevencion de its y de cancer de cuello uterino",inyectable trimestral: usuarias continuas,2015-06-01,0,4,25,10,0,39
ATOCHA,"anticoncepcion, prevencion de its y de cancer de cuello uterino",inyectable trimestral: usuarias continuas,2015-06-01,0,2,56,19,0,77
AUCAPATA,"anticoncepcion, prevencion de its y de cancer de cuello uterino",inyectable trimestral: usuarias continuas,2015-06-01,0,2,17,10,0,29
AYATA,"anticoncepcion, prevencion de its y de cancer de cuello uterino",inyectable trimestral: usuarias continuas,2015-06-01,0,1,18,18,0,37
AYO AYO,"anticoncepcion, prevencion de its y de cancer de cuello uterino",inyectable trimestral: usuarias continuas,2015-06-01,0,0,16,4,0,20
AYOPAYA (V. DE INDEPENDENCIA),"anticoncepcion, prevencion de its y de cancer de cuello uterino",inyectable trimestral: usuarias continuas,2015-06-01,0,8,87,56,0,151
AZURDUY,"anticoncepcion, prevencion de its y de cancer de cuello uterino",inyectable trimestral: usuarias continuas,2015-06-01,0,4,30,16,0,50
BATALLAS,"anticoncepcion, prevencion de its y de cancer de cuello uterino",inyectable trimestral: usuarias continuas,2015-06-01,1,3,32,17,0,53
BAURES,"anticoncepcion, prevencion de its y de cancer de cuello uterino",inyectable trimestral: usuarias continuas,2015-06-01,0,0,5,0,0,5
BELEN DE ANDAMARCA,"anticoncepcion, prevencion de its y de cancer de cuello uterino",inyectable trimestral: usuarias continuas,2015-06-01,0,0,3,3,0,6
BELEN DE URMIRI,"anticoncepcion, prevencion de its y de cancer de cuello uterino",inyectable trimestral: usuarias continuas,2015-06-01,0,0,0,2,0,2
BELLA FLOR,"anticoncepcion, prevencion de its y de cancer de cuello uterino",inyectable trimestral: usuarias continuas,2015-06-01,0,1,12,4,0,17
BERMEJO,"anticoncepcion, prevencion de its y de cancer de cuello uterino",inyectable trimestral: usuarias continuas,2015-06-01,0,12,56,24,2,94
BETANZOS,"anticoncepcion, prevencion de its y de cancer de cuello uterino",inyectable trimestral: usuarias continuas,2015-06-01,0,4,34,57,0,95
BOLIVAR,"anticoncepcion, prevencion de its y de cancer de cuello uterino",inyectable trimestral: usuarias continuas,2015-06-01,0,0,9,7,0,16
BOLPEBRA,"anticoncepcion, prevencion de its y de cancer de cuello uterino",inyectable trimestral: usuarias continuas,2015-06-01,0,1,1,2,0,4
BOYUIBE,"anticoncepcion, prevencion de its y de cancer de cuello uterino",inyectable trimestral: usuarias continuas,2015-06-01,0,0,13,9,0,22
BUENA VISTA,"anticoncepcion, prevencion de its y de cancer de cuello uterino",inyectable trimestral: usuarias continuas,2015-06-01,2,8,28,10,0,48
CABEZAS,"anticoncepcion, prevencion de its y de cancer de cuello uterino",inyectable trimestral: usuarias continuas,2015-06-01,4,14,70,29,0,117
CAIROMA,"anticoncepcion, prevencion de its y de cancer de cuello uterino",inyectable trimestral: usuarias continuas,2015-06-01,0,3,10,2,0,15
"CAIZA ""D""","anticoncepcion, prevencion de its y de cancer de cuello uterino",inyectable trimestral: usuarias continuas,2015-06-01,0,0,23,13,0,36
CAJUATA,"anticoncepcion, prevencion de its y de cancer de cuello uterino",inyectable trimestral: usuarias continuas,2015-06-01,0,0,24,13,0,37
CALACOTO,"anticoncepcion, prevencion de its y de cancer de cuello uterino",inyectable trimestral: usuarias continuas,2015-06-01,0,0,3,4,0,7
CALAMARCA,"anticoncepcion, prevencion de its y de cancer de cuello uterino",inyectable trimestral: usuarias continuas,2015-06-01,1,17,21,12,0,51
CAMARGO,"anticoncepcion, prevencion de its y de cancer de cuello uterino",inyectable trimestral: usuarias continuas,2015-06-01,0,1,25,15,1,42
CAMATAQUI (C. VILLA ABECIA),"anticoncepcion, prevencion de its y de cancer de cuello uterino",inyectable trimestral: usuarias continuas,2015-06-01,0,1,7,13,0,21
CAMIRI,"anticoncepcion, prevencion de its y de cancer de cuello uterino",inyectable trimestral: usuarias continuas,2015-06-01,0,2,33,13,0,48
CAPINOTA,"anticoncepcion, prevencion de its y de cancer de cuello uterino",inyectable trimestral: usuarias continuas,2015-06-01,0,12,43,24,0,79
CAQUIAVIRI,"anticoncepcion, prevencion de its y de cancer de cuello uterino",inyectable trimestral: usuarias continuas,2015-06-01,0,1,8,3,0,12
CARACOLLO,"anticoncepcion, prevencion de its y de cancer de cuello uterino",inyectable trimestral: usuarias continuas,2015-06-01,0,0,28,22,0,50
CARANAVI,"anticoncepcion, prevencion de its y de cancer de cuello uterino",inyectable trimestral: usuarias continuas,2015-06-01,0,8,69,31,0,108
CARANGAS,"anticoncepcion, prevencion de its y de cancer de cuello uterino",inyectable trimestral: usuarias continuas,2015-06-01,0,0,1,0,0,1
CARAPARI,"anticoncepcion, prevencion de its y de cancer de cuello uterino",inyectable trimestral: usuarias continuas,2015-06-01,0,9,48,23,0,80
CARIPUYO,"anticoncepcion, prevencion de its y de cancer de cuello uterino",inyectable trimestral: usuarias continuas,2015-06-01,0,1,9,7,0,17
CARMEN RIVERO TORREZ,"anticoncepcion, prevencion de its y de cancer de cuello uterino",inyectable trimestral: usuarias continuas,2015-06-01,0,2,10,4,0,16
CATACORA,"anticoncepcion, prevencion de its y de cancer de cuello uterino",inyectable trimestral: usuarias continuas,2015-06-01,0,2,1,1,0,4
CHACARILLA,"anticoncepcion, prevencion de its y de cancer de cuello uterino",inyectable trimestral: usuarias continuas,2015-06-01,0,0,2,1,0,3
CHALLAPATA,"anticoncepcion, prevencion de its y de cancer de cuello uterino",inyectable trimestral: usuarias continuas,2015-06-01,0,6,30,21,0,57
CHAQUI,"anticoncepcion, prevencion de its y de cancer de cuello uterino",inyectable trimestral: usuarias continuas,2015-06-01,0,3,19,10,0,32
CHARAGUA,"anticoncepcion, prevencion de its y de cancer de cuello uterino",inyectable trimestral: usuarias continuas,2015-06-01,0,4,37,11,0,52
CHARAÃ‘A,"anticoncepcion, prevencion de its y de cancer de cuello uterino",inyectable trimestral: usuarias continuas,2015-06-01,0,0,3,2,0,5
CHAYANTA,"anticoncepcion, prevencion de its y de cancer de cuello uterino",inyectable trimestral: usuarias continuas,2015-06-01,0,5,31,25,1,62
CHIMORE,"anticoncepcion, prevencion de its y de cancer de cuello uterino",inyectable trimestral: usuarias continuas,2015-06-01,0,5,62,15,0,82
CHIPAYA,"anticoncepcion, prevencion de its y de cancer de cuello uterino",inyectable trimestral: usuarias continuas,2015-06-01,0,3,8,3,0,14
CHOQUE COTA,"anticoncepcion, prevencion de its y de cancer de cuello uterino",inyectable trimestral: usuarias continuas,2015-06-01,0,0,3,3,0,6
CHUA COCANI,"anticoncepcion, prevencion de its y de cancer de cuello uterino",inyectable trimestral: usuarias continuas,2015-06-01,0,0,5,2,0,7
CHULUMANI (V. DE LA LIBERTAD),"anticoncepcion, prevencion de its y de cancer de cuello uterino",inyectable trimestral: usuarias continuas,2015-06-01,0,2,22,9,0,33
CHUMA,"anticoncepcion, prevencion de its y de cancer de cuello uterino",inyectable trimestral: usuarias continuas,2015-06-01,0,4,22,29,0,55
CHUQUIHUTA AYLLU JUCUMANI,"anticoncepcion, prevencion de its y de cancer de cuello uterino",inyectable trimestral: usuarias continuas,2015-06-01,0,1,10,6,0,17
CKOCHAS,"anticoncepcion, prevencion de its y de cancer de cuello uterino",inyectable trimestral: usuarias continuas,2015-06-01,0,2,27,27,0,56
CLIZA,"anticoncepcion, prevencion de its y de cancer de cuello uterino",inyectable trimestral: usuarias continuas,2015-06-01,0,0,34,15,1,50
COBIJA,"anticoncepcion, prevencion de its y de cancer de cuello uterino",inyectable trimestral: usuarias continuas,2015-06-01,0,39,127,30,0,196
COCAPATA,"anticoncepcion, prevencion de its y de cancer de cuello uterino",inyectable trimestral: usuarias continuas,2015-06-01,0,6,31,29,0,66
COCHABAMBA,"anticoncepcion, prevencion de its y de cancer de cuello uterino",inyectable trimestral: usuarias continuas,2015-06-01,1,48,319,72,0,440
COIPASA,"anticoncepcion, prevencion de its y de cancer de cuello uterino",inyectable trimestral: usuarias continuas,2015-06-01,0,0,9,3,0,12
COLCAPIRHUA,"anticoncepcion, prevencion de its y de cancer de cuello uterino",inyectable trimestral: usuarias continuas,2015-06-01,0,5,52,10,0,67
"COLCHA ""K""","anticoncepcion, prevencion de its y de cancer de cuello uterino",inyectable trimestral: usuarias continuas,2015-06-01,0,5,37,16,0,58
COLLANA,"anticoncepcion, prevencion de its y de cancer de cuello uterino",inyectable trimestral: usuarias continuas,2015-06-01,0,0,9,4,0,13
COLOMI,"anticoncepcion, prevencion de its y de cancer de cuello uterino",inyectable trimestral: usuarias continuas,2015-06-01,0,7,60,14,0,81
COLPA BELGICA,"anticoncepcion, prevencion de its y de cancer de cuello uterino",inyectable trimestral: usuarias continuas,2015-06-01,0,2,11,4,0,17
COLQUECHACA,"anticoncepcion, prevencion de its y de cancer de cuello uterino",inyectable trimestral: usuarias continuas,2015-06-01,0,2,35,26,0,63
COLQUENCHA,"anticoncepcion, prevencion de its y de cancer de cuello uterino",inyectable trimestral: usuarias continuas,2015-06-01,0,1,22,18,0,41
COLQUIRI,"anticoncepcion, prevencion de its y de cancer de cuello uterino",inyectable trimestral: usuarias continuas,2015-06-01,0,4,23,10,0,37
COMANCHE,"anticoncepcion, prevencion de its y de cancer de cuello uterino",inyectable trimestral: usuarias continuas,2015-06-01,0,1,2,0,0,3
COMARAPA,"anticoncepcion, prevencion de its y de cancer de cuello uterino",inyectable trimestral: usuarias continuas,2015-06-01,1,11,92,30,0,134
COMBAYA,"anticoncepcion, prevencion de its y de cancer de cuello uterino",inyectable trimestral: usuarias continuas,2015-06-01,0,0,0,3,0,3
CONCEPCION,"anticoncepcion, prevencion de its y de cancer de cuello uterino",inyectable trimestral: usuarias continuas,2015-06-01,0,5,26,8,0,39
COPACABANA,"anticoncepcion, prevencion de its y de cancer de cuello uterino",inyectable trimestral: usuarias continuas,2015-06-01,0,0,24,16,0,40
CORIPATA,"anticoncepcion, prevencion de its y de cancer de cuello uterino",inyectable trimestral: usuarias continuas,2015-06-01,0,2,21,17,0,40
CORO CORO,"anticoncepcion, prevencion de its y de cancer de cuello uterino",inyectable trimestral: usuarias continuas,2015-06-01,0,1,11,8,0,20
COROICO,"anticoncepcion, prevencion de its y de cancer de cuello uterino",inyectable trimestral: usuarias continuas,2015-06-01,0,1,18,4,1,24
CORQUE,"anticoncepcion, prevencion de its y de cancer de cuello uterino",inyectable trimestral: usuarias continuas,2015-06-01,0,1,10,6,0,17
COTAGAITA,"anticoncepcion, prevencion de its y de cancer de cuello uterino",inyectable trimestral: usuarias continuas,2015-06-01,0,4,55,37,1,97
COTOCA,"anticoncepcion, prevencion de its y de cancer de cuello uterino",inyectable trimestral: usuarias continuas,2015-06-01,1,13,78,21,0,113
CUATRO CAÃ‘ADAS,"anticoncepcion, prevencion de its y de cancer de cuello uterino",inyectable trimestral: usuarias continuas,2015-06-01,0,4,39,17,4,64
CUCHUMUELA (V. G. VILLARROEL),"anticoncepcion, prevencion de its y de cancer de cuello uterino",inyectable trimestral: usuarias continuas,2015-06-01,0,0,4,3,0,7
CUEVO,"anticoncepcion, prevencion de its y de cancer de cuello uterino",inyectable trimestral: usuarias continuas,2015-06-01,0,4,22,7,1,34
CULPINA,"anticoncepcion, prevencion de its y de cancer de cuello uterino",inyectable trimestral: usuarias continuas,2015-06-01,0,7,54,40,0,101
CURAHUARA DE CARANGAS,"anticoncepcion, prevencion de its y de cancer de cuello uterino",inyectable trimestral: usuarias continuas,2015-06-01,0,1,9,2,0,12
CURVA,"anticoncepcion, prevencion de its y de cancer de cuello uterino",inyectable trimestral: usuarias continuas,2015-06-01,0,0,1,2,0,3
DESAGUADERO,"anticoncepcion, prevencion de its y de cancer de cuello uterino",inyectable trimestral: usuarias continuas,2015-06-01,0,0,9,3,0,12
EL ALTO,"anticoncepcion, prevencion de its y de cancer de cuello uterino",inyectable trimestral: usuarias continuas,2015-06-01,0,72,849,360,1,1282
EL CHORO,"anticoncepcion, prevencion de its y de cancer de cuello uterino",inyectable trimestral: usuarias continuas,2015-06-01,0,0,3,3,0,6
EL PUENTE(STC),"anticoncepcion, prevencion de its y de cancer de cuello uterino",inyectable trimestral: usuarias continuas,2015-06-01,0,8,34,20,0,62
EL PUENTE(TJA),"anticoncepcion, prevencion de its y de cancer de cuello uterino",inyectable trimestral: usuarias continuas,2015-06-01,0,5,59,36,1,101
EL TORNO,"anticoncepcion, prevencion de its y de cancer de cuello uterino",inyectable trimestral: usuarias continuas,2015-06-01,3,20,96,38,2,159
EL VILLAR,"anticoncepcion, prevencion de its y de cancer de cuello uterino",inyectable trimestral: usuarias continuas,2015-06-01,0,5,10,16,0,31
ENTRE RIOS TRJ,"anticoncepcion, prevencion de its y de cancer de cuello uterino",inyectable trimestral: usuarias continuas,2015-06-01,1,23,96,51,2,173
ENTRE RIOS CBBA,"anticoncepcion, prevencion de its y de cancer de cuello uterino",inyectable trimestral: usuarias continuas,2015-06-01,0,7,51,24,0,82
ESCOMA,"anticoncepcion, prevencion de its y de cancer de cuello uterino",inyectable trimestral: usuarias continuas,2015-06-01,0,0,3,1,0,4
ESMERALDA,"anticoncepcion, prevencion de its y de cancer de cuello uterino",inyectable trimestral: usuarias continuas,2015-06-01,0,0,1,0,0,1
EUCALIPTUS,"anticoncepcion, prevencion de its y de cancer de cuello uterino",inyectable trimestral: usuarias continuas,2015-06-01,0,1,5,3,0,9
EUREKA (SANTOS MERCADO),"anticoncepcion, prevencion de its y de cancer de cuello uterino",inyectable trimestral: usuarias continuas,2015-06-01,0,1,6,2,0,9
EXALTACION,"anticoncepcion, prevencion de its y de cancer de cuello uterino",inyectable trimestral: usuarias continuas,2015-06-01,0,0,3,0,0,3
FERNANDEZ ALONSO,"anticoncepcion, prevencion de its y de cancer de cuello uterino",inyectable trimestral: usuarias continuas,2015-06-01,0,7,39,12,0,58
FILADELFIA,"anticoncepcion, prevencion de its y de cancer de cuello uterino",inyectable trimestral: usuarias continuas,2015-06-01,1,4,17,2,0,24
GENERAL SAAVEDRA,"anticoncepcion, prevencion de its y de cancer de cuello uterino",inyectable trimestral: usuarias continuas,2015-06-01,0,9,36,15,0,60
GRAL. J.J. PEREZ (CHARAZANI),"anticoncepcion, prevencion de its y de cancer de cuello uterino",inyectable trimestral: usuarias continuas,2015-06-01,0,0,19,6,0,25
GUANAY,"anticoncepcion, prevencion de its y de cancer de cuello uterino",inyectable trimestral: usuarias continuas,2015-06-01,0,2,16,4,0,22
GUAQUI,"anticoncepcion, prevencion de its y de cancer de cuello uterino",inyectable trimestral: usuarias continuas,2015-06-01,0,2,7,8,1,18
GUAYARAMERIN,"anticoncepcion, prevencion de its y de cancer de cuello uterino",inyectable trimestral: usuarias continuas,2015-06-01,0,1,8,2,0,11
GUTIERREZ,"anticoncepcion, prevencion de its y de cancer de cuello uterino",inyectable trimestral: usuarias continuas,2015-06-01,0,1,16,7,0,24
HUACARETA,"anticoncepcion, prevencion de its y de cancer de cuello uterino",inyectable trimestral: usuarias continuas,2015-06-01,0,2,27,19,0,48
HUACAYA (VILLA DE HUACAYA),"anticoncepcion, prevencion de its y de cancer de cuello uterino",inyectable trimestral: usuarias continuas,2015-06-01,0,0,14,2,0,16
HUACHACALLA,"anticoncepcion, prevencion de its y de cancer de cuello uterino",inyectable trimestral: usuarias continuas,2015-06-01,0,0,2,1,0,3
HUANUNI,"anticoncepcion, prevencion de its y de cancer de cuello uterino",inyectable trimestral: usuarias continuas,2015-06-01,0,0,23,7,0,30
HUARACAJE,"anticoncepcion, prevencion de its y de cancer de cuello uterino",inyectable trimestral: usuarias continuas,2015-06-01,0,0,3,1,0,4
HUARINA,"anticoncepcion, prevencion de its y de cancer de cuello uterino",inyectable trimestral: usuarias continuas,2015-06-01,0,2,7,3,0,12
HUATAJATA,"anticoncepcion, prevencion de its y de cancer de cuello uterino",inyectable trimestral: usuarias continuas,2015-06-01,0,1,3,3,0,7
HUAYLLAMARCA,"anticoncepcion, prevencion de its y de cancer de cuello uterino",inyectable trimestral: usuarias continuas,2015-06-01,0,2,5,10,0,17
HUMANATA,"anticoncepcion, prevencion de its y de cancer de cuello uterino",inyectable trimestral: usuarias continuas,2015-06-01,0,0,2,4,0,6
ICHOCA,"anticoncepcion, prevencion de its y de cancer de cuello uterino",inyectable trimestral: usuarias continuas,2015-06-01,0,1,3,3,0,7
ICLA,"anticoncepcion, prevencion de its y de cancer de cuello uterino",inyectable trimestral: usuarias continuas,2015-06-01,0,0,11,20,0,31
INCAHUASI,"anticoncepcion, prevencion de its y de cancer de cuello uterino",inyectable trimestral: usuarias continuas,2015-06-01,0,3,21,21,2,47
INGAVI (HUMAITA),"anticoncepcion, prevencion de its y de cancer de cuello uterino",inyectable trimestral: usuarias continuas,2015-06-01,0,1,3,0,0,4
INQUISIVI,"anticoncepcion, prevencion de its y de cancer de cuello uterino",inyectable trimestral: usuarias continuas,2015-06-01,0,0,24,15,0,39
IRUPANA (VILLA DE LANZA),"anticoncepcion, prevencion de its y de cancer de cuello uterino",inyectable trimestral: usuarias continuas,2015-06-01,0,4,34,32,0,70
IXIAMAS,"anticoncepcion, prevencion de its y de cancer de cuello uterino",inyectable trimestral: usuarias continuas,2015-06-01,0,1,17,7,0,25
JESUS DE MACHACA,"anticoncepcion, prevencion de its y de cancer de cuello uterino",inyectable trimestral: usuarias continuas,2015-06-01,0,1,10,4,0,15
LA ASUNTA,"anticoncepcion, prevencion de its y de cancer de cuello uterino",inyectable trimestral: usuarias continuas,2015-06-01,0,4,121,36,0,161
LA GUARDIA,"anticoncepcion, prevencion de its y de cancer de cuello uterino",inyectable trimestral: usuarias continuas,2015-06-01,1,9,91,38,0,139
LA PAZ,"anticoncepcion, prevencion de its y de cancer de cuello uterino",inyectable trimestral: usuarias continuas,2015-06-01,0,23,288,113,2,426
LA RIVERA,"anticoncepcion, prevencion de its y de cancer de cuello uterino",inyectable trimestral: usuarias continuas,2015-06-01,0,0,1,0,0,1
LAGUNILLAS,"anticoncepcion, prevencion de its y de cancer de cuello uterino",inyectable trimestral: usuarias continuas,2015-06-01,0,0,4,3,0,7
LAJA,"anticoncepcion, prevencion de its y de cancer de cuello uterino",inyectable trimestral: usuarias continuas,2015-06-01,0,5,30,9,0,44
LAS CARRERAS,"anticoncepcion, prevencion de its y de cancer de cuello uterino",inyectable trimestral: usuarias continuas,2015-06-01,0,1,15,9,0,25
LICOMA PAMPA,"anticoncepcion, prevencion de its y de cancer de cuello uterino",inyectable trimestral: usuarias continuas,2015-06-01,0,2,10,5,0,17
LLALLAGUA,"anticoncepcion, prevencion de its y de cancer de cuello uterino",inyectable trimestral: usuarias continuas,2015-06-01,0,5,61,25,0,91
LLICA,"anticoncepcion, prevencion de its y de cancer de cuello uterino",inyectable trimestral: usuarias continuas,2015-06-01,0,5,10,10,0,25
LORETO,"anticoncepcion, prevencion de its y de cancer de cuello uterino",inyectable trimestral: usuarias continuas,2015-06-01,0,1,8,1,1,11
LURIBAY,"anticoncepcion, prevencion de its y de cancer de cuello uterino",inyectable trimestral: usuarias continuas,2015-06-01,0,1,16,14,2,33
MACHACAMARCA,"anticoncepcion, prevencion de its y de cancer de cuello uterino",inyectable trimestral: usuarias continuas,2015-06-01,0,0,7,2,0,9
MACHARETI,"anticoncepcion, prevencion de its y de cancer de cuello uterino",inyectable trimestral: usuarias continuas,2015-06-01,0,2,26,8,0,36
MAGDALENA,"anticoncepcion, prevencion de its y de cancer de cuello uterino",inyectable trimestral: usuarias continuas,2015-06-01,0,4,55,3,0,62
MAIRANA,"anticoncepcion, prevencion de its y de cancer de cuello uterino",inyectable trimestral: usuarias continuas,2015-06-01,0,12,31,14,0,57
MALLA,"anticoncepcion, prevencion de its y de cancer de cuello uterino",inyectable trimestral: usuarias continuas,2015-06-01,0,0,7,3,0,10
MAPIRI,"anticoncepcion, prevencion de its y de cancer de cuello uterino",inyectable trimestral: usuarias continuas,2015-06-01,0,0,18,6,0,24
MECAPACA,"anticoncepcion, prevencion de its y de cancer de cuello uterino",inyectable trimestral: usuarias continuas,2015-06-01,0,0,25,17,0,42
MINEROS,"anticoncepcion, prevencion de its y de cancer de cuello uterino",inyectable trimestral: usuarias continuas,2015-06-01,0,7,39,18,1,65
MIZQUE,"anticoncepcion, prevencion de its y de cancer de cuello uterino",inyectable trimestral: usuarias continuas,2015-06-01,0,9,78,34,0,121
MOCOMOCO,"anticoncepcion, prevencion de its y de cancer de cuello uterino",inyectable trimestral: usuarias continuas,2015-06-01,0,0,22,21,0,43
MOJINETE,"anticoncepcion, prevencion de its y de cancer de cuello uterino",inyectable trimestral: usuarias continuas,2015-06-01,0,0,0,2,0,2
MOJOCOYA,"anticoncepcion, prevencion de its y de cancer de cuello uterino",inyectable trimestral: usuarias continuas,2015-06-01,0,3,20,22,0,45
MONTEAGUDO,"anticoncepcion, prevencion de its y de cancer de cuello uterino",inyectable trimestral: usuarias continuas,2015-06-01,2,16,51,30,3,102
MONTERO,"anticoncepcion, prevencion de its y de cancer de cuello uterino",inyectable trimestral: usuarias continuas,2015-06-01,0,34,140,38,0,212
MORO MORO,"anticoncepcion, prevencion de its y de cancer de cuello uterino",inyectable trimestral: usuarias continuas,2015-06-01,0,2,17,11,0,30
MOROCHATA,"anticoncepcion, prevencion de its y de cancer de cuello uterino",inyectable trimestral: usuarias continuas,2015-06-01,0,2,37,25,0,64
NACEBE (SANTA ROSA DEL ABUNA),"anticoncepcion, prevencion de its y de cancer de cuello uterino",inyectable trimestral: usuarias continuas,2015-06-01,0,0,3,2,0,5
NAZACARA DE PACAJES,"anticoncepcion, prevencion de its y de cancer de cuello uterino",inyectable trimestral: usuarias continuas,2015-06-01,0,1,2,0,0,3
NUEVO MANOA (NUEVA ESPERANZA),"anticoncepcion, prevencion de its y de cancer de cuello uterino",inyectable trimestral: usuarias continuas,2015-06-01,0,0,3,1,0,4
OCURI,"anticoncepcion, prevencion de its y de cancer de cuello uterino",inyectable trimestral: usuarias continuas,2015-06-01,0,2,21,22,0,45
OKINAWA,"anticoncepcion, prevencion de its y de cancer de cuello uterino",inyectable trimestral: usuarias continuas,2015-06-01,0,2,9,10,0,21
OMEREQUE,"anticoncepcion, prevencion de its y de cancer de cuello uterino",inyectable trimestral: usuarias continuas,2015-06-01,0,1,19,6,0,26
ORURO,"anticoncepcion, prevencion de its y de cancer de cuello uterino",inyectable trimestral: usuarias continuas,2015-06-01,0,32,405,173,1,611
PADCAYA,"anticoncepcion, prevencion de its y de cancer de cuello uterino",inyectable trimestral: usuarias continuas,2015-06-01,0,16,107,79,0,202
PADILLA,"anticoncepcion, prevencion de its y de cancer de cuello uterino",inyectable trimestral: usuarias continuas,2015-06-01,0,5,62,32,0,99
PAILON,"anticoncepcion, prevencion de its y de cancer de cuello uterino",inyectable trimestral: usuarias continuas,2015-06-01,0,8,33,10,0,51
PALCA,"anticoncepcion, prevencion de its y de cancer de cuello uterino",inyectable trimestral: usuarias continuas,2015-06-01,0,0,31,9,0,40
PALOS BLANCOS,"anticoncepcion, prevencion de its y de cancer de cuello uterino",inyectable trimestral: usuarias continuas,2015-06-01,0,2,55,36,0,93
PAMPA AULLAGAS,"anticoncepcion, prevencion de its y de cancer de cuello uterino",inyectable trimestral: usuarias continuas,2015-06-01,0,0,2,3,0,5
PAMPA GRANDE,"anticoncepcion, prevencion de its y de cancer de cuello uterino",inyectable trimestral: usuarias continuas,2015-06-01,0,5,29,11,1,46
PAPEL PAMPA,"anticoncepcion, prevencion de its y de cancer de cuello uterino",inyectable trimestral: usuarias continuas,2015-06-01,0,1,13,11,0,25
PASORAPA,"anticoncepcion, prevencion de its y de cancer de cuello uterino",inyectable trimestral: usuarias continuas,2015-06-01,0,0,17,10,4,31
PATACAMAYA,"anticoncepcion, prevencion de its y de cancer de cuello uterino",inyectable trimestral: usuarias continuas,2015-06-01,0,0,20,4,0,24
PAZÃ‘A,"anticoncepcion, prevencion de its y de cancer de cuello uterino",inyectable trimestral: usuarias continuas,2015-06-01,0,0,12,7,0,19
PELECHUCO,"anticoncepcion, prevencion de its y de cancer de cuello uterino",inyectable trimestral: usuarias continuas,2015-06-01,0,0,15,15,0,30
POCOATA,"anticoncepcion, prevencion de its y de cancer de cuello uterino",inyectable trimestral: usuarias continuas,2015-06-01,0,3,24,24,0,51
POCONA,"anticoncepcion, prevencion de its y de cancer de cuello uterino",inyectable trimestral: usuarias continuas,2015-06-01,0,10,56,42,1,109
POJO (CBBA),"anticoncepcion, prevencion de its y de cancer de cuello uterino",inyectable trimestral: usuarias continuas,2015-06-01,0,8,53,27,1,89
POOPO,"anticoncepcion, prevencion de its y de cancer de cuello uterino",inyectable trimestral: usuarias continuas,2015-06-01,0,0,4,2,0,6
PORCO,"anticoncepcion, prevencion de its y de cancer de cuello uterino",inyectable trimestral: usuarias continuas,2015-06-01,0,0,5,3,0,8
POROMA,"anticoncepcion, prevencion de its y de cancer de cuello uterino",inyectable trimestral: usuarias continuas,2015-06-01,0,5,57,25,1,88
PORONGO,"anticoncepcion, prevencion de its y de cancer de cuello uterino",inyectable trimestral: usuarias continuas,2015-06-01,0,0,9,2,0,11
PORTACHUELO,"anticoncepcion, prevencion de its y de cancer de cuello uterino",inyectable trimestral: usuarias continuas,2015-06-01,0,5,33,16,0,54
PORVENIR,"anticoncepcion, prevencion de its y de cancer de cuello uterino",inyectable trimestral: usuarias continuas,2015-06-01,0,5,13,1,0,19
POSTRER VALLE,"anticoncepcion, prevencion de its y de cancer de cuello uterino",inyectable trimestral: usuarias continuas,2015-06-01,0,0,7,1,0,8
POTOSI,"anticoncepcion, prevencion de its y de cancer de cuello uterino",inyectable trimestral: usuarias continuas,2015-06-01,1,45,359,142,1,548
PRESTO,"anticoncepcion, prevencion de its y de cancer de cuello uterino",inyectable trimestral: usuarias continuas,2015-06-01,0,2,30,16,0,48
PUCARA,"anticoncepcion, prevencion de its y de cancer de cuello uterino",inyectable trimestral: usuarias continuas,2015-06-01,0,1,7,3,0,11
PUCARANI,"anticoncepcion, prevencion de its y de cancer de cuello uterino",inyectable trimestral: usuarias continuas,2015-06-01,0,7,53,37,0,97
PUERTO ACOSTA,"anticoncepcion, prevencion de its y de cancer de cuello uterino",inyectable trimestral: usuarias continuas,2015-06-01,0,1,6,2,0,9
PUERTO CARABUCO,"anticoncepcion, prevencion de its y de cancer de cuello uterino",inyectable trimestral: usuarias continuas,2015-06-01,0,0,18,11,1,30
PUERTO GONZALO MORENO,"anticoncepcion, prevencion de its y de cancer de cuello uterino",inyectable trimestral: usuarias continuas,2015-06-01,1,7,15,8,0,31
PUERTO PEREZ,"anticoncepcion, prevencion de its y de cancer de cuello uterino",inyectable trimestral: usuarias continuas,2015-06-01,0,0,5,5,0,10
PUERTO QUIJARRO,"anticoncepcion, prevencion de its y de cancer de cuello uterino",inyectable trimestral: usuarias continuas,2015-06-01,0,2,18,2,0,22
PUERTO RICO,"anticoncepcion, prevencion de its y de cancer de cuello uterino",inyectable trimestral: usuarias continuas,2015-06-01,0,7,24,14,0,45
PUERTO SILES,"anticoncepcion, prevencion de its y de cancer de cuello uterino",inyectable trimestral: usuarias continuas,2015-06-01,0,0,2,0,0,2
PUERTO SUAREZ,"anticoncepcion, prevencion de its y de cancer de cuello uterino",inyectable trimestral: usuarias continuas,2015-06-01,0,0,11,0,0,11
PUERTO VILLARROEL,"anticoncepcion, prevencion de its y de cancer de cuello uterino",inyectable trimestral: usuarias continuas,2015-06-01,2,11,59,38,0,110
PUNA,"anticoncepcion, prevencion de its y de cancer de cuello uterino",inyectable trimestral: usuarias continuas,2015-06-01,0,4,29,22,0,55
PUNATA,"anticoncepcion, prevencion de its y de cancer de cuello uterino",inyectable trimestral: usuarias continuas,2015-06-01,0,4,35,13,1,53
QUIABAYA,"anticoncepcion, prevencion de its y de cancer de cuello uterino",inyectable trimestral: usuarias continuas,2015-06-01,0,2,7,2,0,11
QUILLACOLLO,"anticoncepcion, prevencion de its y de cancer de cuello uterino",inyectable trimestral: usuarias continuas,2015-06-01,0,11,125,22,0,158
QUIME,"anticoncepcion, prevencion de its y de cancer de cuello uterino",inyectable trimestral: usuarias continuas,2015-06-01,0,2,21,12,0,35
QUIRUSILLAS,"anticoncepcion, prevencion de its y de cancer de cuello uterino",inyectable trimestral: usuarias continuas,2015-06-01,0,3,5,7,1,16
RAVELO,"anticoncepcion, prevencion de its y de cancer de cuello uterino",inyectable trimestral: usuarias continuas,2015-06-01,0,3,39,42,0,84
REYES,"anticoncepcion, prevencion de its y de cancer de cuello uterino",inyectable trimestral: usuarias continuas,2015-06-01,0,1,18,5,0,24
RIBERALTA,"anticoncepcion, prevencion de its y de cancer de cuello uterino",inyectable trimestral: usuarias continuas,2015-06-01,10,16,101,23,0,150
ROBORE,"anticoncepcion, prevencion de its y de cancer de cuello uterino",inyectable trimestral: usuarias continuas,2015-06-01,0,4,32,4,0,40
RURRENABAQUE,"anticoncepcion, prevencion de its y de cancer de cuello uterino",inyectable trimestral: usuarias continuas,2015-06-01,0,6,46,10,0,62
SABAYA,"anticoncepcion, prevencion de its y de cancer de cuello uterino",inyectable trimestral: usuarias continuas,2015-06-01,0,0,3,2,0,5
SACABA,"anticoncepcion, prevencion de its y de cancer de cuello uterino",inyectable trimestral: usuarias continuas,2015-06-01,0,20,134,43,0,197
SACABAMBA,"anticoncepcion, prevencion de its y de cancer de cuello uterino",inyectable trimestral: usuarias continuas,2015-06-01,0,3,1,6,0,10
SACACA,"anticoncepcion, prevencion de its y de cancer de cuello uterino",inyectable trimestral: usuarias continuas,2015-06-01,0,3,31,11,0,45
SAIPINA,"anticoncepcion, prevencion de its y de cancer de cuello uterino",inyectable trimestral: usuarias continuas,2015-06-01,0,4,17,6,1,28
SALINAS DE GARCI MENDOZA,"anticoncepcion, prevencion de its y de cancer de cuello uterino",inyectable trimestral: usuarias continuas,2015-06-01,0,3,23,10,0,36
SAMAIPATA,"anticoncepcion, prevencion de its y de cancer de cuello uterino",inyectable trimestral: usuarias continuas,2015-06-01,0,2,25,8,0,35
SAN AGUSTIN,"anticoncepcion, prevencion de its y de cancer de cuello uterino",inyectable trimestral: usuarias continuas,2015-06-01,0,0,8,2,0,10
SAN ANDRES,"anticoncepcion, prevencion de its y de cancer de cuello uterino",inyectable trimestral: usuarias continuas,2015-06-01,4,8,31,9,0,52
SAN ANDRES DE MACHACA,"anticoncepcion, prevencion de its y de cancer de cuello uterino",inyectable trimestral: usuarias continuas,2015-06-01,0,0,2,2,0,4
SAN ANTONIO DE ESMORUCO,"anticoncepcion, prevencion de its y de cancer de cuello uterino",inyectable trimestral: usuarias continuas,2015-06-01,0,0,6,0,0,6
SAN ANTONIO DE LOMERIO,"anticoncepcion, prevencion de its y de cancer de cuello uterino",inyectable trimestral: usuarias continuas,2015-06-01,0,9,38,25,0,72
SAN BENITO,"anticoncepcion, prevencion de its y de cancer de cuello uterino",inyectable trimestral: usuarias continuas,2015-06-01,0,1,27,15,0,43
SAN BORJA,"anticoncepcion, prevencion de its y de cancer de cuello uterino",inyectable trimestral: usuarias continuas,2015-06-01,0,17,98,29,0,144
SAN BUENA VENTURA,"anticoncepcion, prevencion de its y de cancer de cuello uterino",inyectable trimestral: usuarias continuas,2015-06-01,0,1,15,4,0,20
SAN CARLOS,"anticoncepcion, prevencion de its y de cancer de cuello uterino",inyectable trimestral: usuarias continuas,2015-06-01,0,5,27,19,0,51
SAN IGNACIO,"anticoncepcion, prevencion de its y de cancer de cuello uterino",inyectable trimestral: usuarias continuas,2015-06-01,0,8,77,39,0,124
SAN IGNACIO DE VELASCO,"anticoncepcion, prevencion de its y de cancer de cuello uterino",inyectable trimestral: usuarias continuas,2015-06-01,0,12,113,36,1,162
SAN JAVIER(BNI),"anticoncepcion, prevencion de its y de cancer de cuello uterino",inyectable trimestral: usuarias continuas,2015-06-01,0,1,7,2,0,10
SAN JAVIER(STC),"anticoncepcion, prevencion de its y de cancer de cuello uterino",inyectable trimestral: usuarias continuas,2015-06-01,0,6,25,8,0,39
SAN JOAQUIN,"anticoncepcion, prevencion de its y de cancer de cuello uterino",inyectable trimestral: usuarias continuas,2015-06-01,0,0,1,0,0,1
SAN JOSE DE CHIQUITOS,"anticoncepcion, prevencion de its y de cancer de cuello uterino",inyectable trimestral: usuarias continuas,2015-06-01,0,5,29,13,1,48
SAN JUAN DE YAPACANI,"anticoncepcion, prevencion de its y de cancer de cuello uterino",inyectable trimestral: usuarias continuas,2015-06-01,0,5,23,6,0,34
SAN JULIAN,"anticoncepcion, prevencion de its y de cancer de cuello uterino",inyectable trimestral: usuarias continuas,2015-06-01,0,12,70,31,1,114
SAN LORENZO(PND),"anticoncepcion, prevencion de its y de cancer de cuello uterino",inyectable trimestral: usuarias continuas,2015-06-01,0,2,23,4,0,29
SAN LORENZO(TJA),"anticoncepcion, prevencion de its y de cancer de cuello uterino",inyectable trimestral: usuarias continuas,2015-06-01,0,14,80,53,2,149
SAN LUCAS,"anticoncepcion, prevencion de its y de cancer de cuello uterino",inyectable trimestral: usuarias continuas,2015-06-01,0,2,58,33,0,93
SAN MATIAS,"anticoncepcion, prevencion de its y de cancer de cuello uterino",inyectable trimestral: usuarias continuas,2015-06-01,0,1,22,6,0,29
SAN MIGUEL DE VELASCO,"anticoncepcion, prevencion de its y de cancer de cuello uterino",inyectable trimestral: usuarias continuas,2015-06-01,0,18,63,25,2,108
SAN PABLO DE LIPEZ,"anticoncepcion, prevencion de its y de cancer de cuello uterino",inyectable trimestral: usuarias continuas,2015-06-01,0,0,2,3,0,5
SAN PEDRO,"anticoncepcion, prevencion de its y de cancer de cuello uterino",inyectable trimestral: usuarias continuas,2015-06-01,0,1,36,12,0,49
SAN PEDRO DE BUENA VISTA,"anticoncepcion, prevencion de its y de cancer de cuello uterino",inyectable trimestral: usuarias continuas,2015-06-01,0,1,30,25,0,56
SAN PEDRO DE CURAHUARA,"anticoncepcion, prevencion de its y de cancer de cuello uterino",inyectable trimestral: usuarias continuas,2015-06-01,0,0,9,7,0,16
SAN PEDRO DE QUEMES,"anticoncepcion, prevencion de its y de cancer de cuello uterino",inyectable trimestral: usuarias continuas,2015-06-01,0,2,3,0,0,5
SAN PEDRO DE TIQUINA,"anticoncepcion, prevencion de its y de cancer de cuello uterino",inyectable trimestral: usuarias continuas,2015-06-01,0,0,10,3,0,13
SAN PEDRO(PND),"anticoncepcion, prevencion de its y de cancer de cuello uterino",inyectable trimestral: usuarias continuas,2015-06-01,0,1,0,0,0,1
SAN RAFAEL,"anticoncepcion, prevencion de its y de cancer de cuello uterino",inyectable trimestral: usuarias continuas,2015-06-01,0,6,26,16,1,49
SAN RAMON BENI,"anticoncepcion, prevencion de its y de cancer de cuello uterino",inyectable trimestral: usuarias continuas,2015-06-01,0,1,5,2,0,8
SAN RAMON SCZ,"anticoncepcion, prevencion de its y de cancer de cuello uterino",inyectable trimestral: usuarias continuas,2015-06-01,0,21,10,9,0,40
SANTA ANA,"anticoncepcion, prevencion de its y de cancer de cuello uterino",inyectable trimestral: usuarias continuas,2015-06-01,0,2,20,2,0,24
SANTA CRUZ DE LA SIERRA,"anticoncepcion, prevencion de its y de cancer de cuello uterino",inyectable trimestral: usuarias continuas,2015-06-01,3,65,322,71,1,462
SANTA ROSA,"anticoncepcion, prevencion de its y de cancer de cuello uterino",inyectable trimestral: usuarias continuas,2015-06-01,0,3,11,0,0,14
SANTA ROSA DEL SARA,"anticoncepcion, prevencion de its y de cancer de cuello uterino",inyectable trimestral: usuarias continuas,2015-06-01,0,13,38,20,0,71
SANTIAGO DE CALLAPA,"anticoncepcion, prevencion de its y de cancer de cuello uterino",inyectable trimestral: usuarias continuas,2015-06-01,0,1,1,1,0,3
SANTIAGO DE HUARI,"anticoncepcion, prevencion de its y de cancer de cuello uterino",inyectable trimestral: usuarias continuas,2015-06-01,0,1,2,4,0,7
SANTIAGO DE HUATA,"anticoncepcion, prevencion de its y de cancer de cuello uterino",inyectable trimestral: usuarias continuas,2015-06-01,0,1,7,4,0,12
SANTIAGO DE MACHACA,"anticoncepcion, prevencion de its y de cancer de cuello uterino",inyectable trimestral: usuarias continuas,2015-06-01,0,0,6,5,0,11
SANTIVAÃ‘ES,"anticoncepcion, prevencion de its y de cancer de cuello uterino",inyectable trimestral: usuarias continuas,2015-06-01,0,1,18,7,0,26
SANTUARIO DE QUILLACAS,"anticoncepcion, prevencion de its y de cancer de cuello uterino",inyectable trimestral: usuarias continuas,2015-06-01,0,0,4,2,0,6
SAPAHAQUI,"anticoncepcion, prevencion de its y de cancer de cuello uterino",inyectable trimestral: usuarias continuas,2015-06-01,0,0,25,17,0,42
SENA,"anticoncepcion, prevencion de its y de cancer de cuello uterino",inyectable trimestral: usuarias continuas,2015-06-01,0,1,10,0,0,11
SHINAOTA,"anticoncepcion, prevencion de its y de cancer de cuello uterino",inyectable trimestral: usuarias continuas,2015-06-01,0,10,25,14,0,49
SICA SICA (VILLA AROMA),"anticoncepcion, prevencion de its y de cancer de cuello uterino",inyectable trimestral: usuarias continuas,2015-06-01,0,4,36,23,0,63
SICAYA,"anticoncepcion, prevencion de its y de cancer de cuello uterino",inyectable trimestral: usuarias continuas,2015-06-01,0,1,9,8,0,18
SIPE SIPE,"anticoncepcion, prevencion de its y de cancer de cuello uterino",inyectable trimestral: usuarias continuas,2015-06-01,0,8,156,58,0,222
SOPACHUY,"anticoncepcion, prevencion de its y de cancer de cuello uterino",inyectable trimestral: usuarias continuas,2015-06-01,0,0,21,16,2,39
SORACACHI,"anticoncepcion, prevencion de its y de cancer de cuello uterino",inyectable trimestral: usuarias continuas,2015-06-01,0,4,19,6,0,29
SORATA,"anticoncepcion, prevencion de its y de cancer de cuello uterino",inyectable trimestral: usuarias continuas,2015-06-01,0,4,32,27,0,63
SUCRE,"anticoncepcion, prevencion de its y de cancer de cuello uterino",inyectable trimestral: usuarias continuas,2015-06-01,0,49,502,156,1,708
TACACOMA,"anticoncepcion, prevencion de its y de cancer de cuello uterino",inyectable trimestral: usuarias continuas,2015-06-01,0,2,29,12,0,43
TACOBAMBA,"anticoncepcion, prevencion de its y de cancer de cuello uterino",inyectable trimestral: usuarias continuas,2015-06-01,0,0,22,14,0,36
TACOPAYA,"anticoncepcion, prevencion de its y de cancer de cuello uterino",inyectable trimestral: usuarias continuas,2015-06-01,0,1,8,19,0,28
TAHUA,"anticoncepcion, prevencion de its y de cancer de cuello uterino",inyectable trimestral: usuarias continuas,2015-06-01,0,1,2,0,0,3
TAPACARI,"anticoncepcion, prevencion de its y de cancer de cuello uterino",inyectable trimestral: usuarias continuas,2015-06-01,0,7,56,46,0,109
TARABUCO,"anticoncepcion, prevencion de its y de cancer de cuello uterino",inyectable trimestral: usuarias continuas,2015-06-01,0,4,41,26,0,71
TARACO,"anticoncepcion, prevencion de its y de cancer de cuello uterino",inyectable trimestral: usuarias continuas,2015-06-01,0,2,16,9,0,27
TARATA,"anticoncepcion, prevencion de its y de cancer de cuello uterino",inyectable trimestral: usuarias continuas,2015-06-01,0,2,23,14,0,39
TARIJA,"anticoncepcion, prevencion de its y de cancer de cuello uterino",inyectable trimestral: usuarias continuas,2015-06-01,0,35,280,90,2,407
TARVITA,"anticoncepcion, prevencion de its y de cancer de cuello uterino",inyectable trimestral: usuarias continuas,2015-06-01,0,8,26,27,0,61
TEOPONTE,"anticoncepcion, prevencion de its y de cancer de cuello uterino",inyectable trimestral: usuarias continuas,2015-06-01,0,1,22,8,0,31
TIAWANACU,"anticoncepcion, prevencion de its y de cancer de cuello uterino",inyectable trimestral: usuarias continuas,2015-06-01,0,0,23,12,1,36
TINGUIPAYA,"anticoncepcion, prevencion de its y de cancer de cuello uterino",inyectable trimestral: usuarias continuas,2015-06-01,0,1,17,16,1,35
TIPUANI,"anticoncepcion, prevencion de its y de cancer de cuello uterino",inyectable trimestral: usuarias continuas,2015-06-01,0,1,13,8,0,22
TIQUIPAYA,"anticoncepcion, prevencion de its y de cancer de cuello uterino",inyectable trimestral: usuarias continuas,2015-06-01,1,17,52,13,0,83
TIRAQUE (CBBA),"anticoncepcion, prevencion de its y de cancer de cuello uterino",inyectable trimestral: usuarias continuas,2015-06-01,0,1,8,12,0,21
TITO YUPANQUI (PARQUIPUJIO),"anticoncepcion, prevencion de its y de cancer de cuello uterino",inyectable trimestral: usuarias continuas,2015-06-01,0,0,0,1,0,1
TOCO,"anticoncepcion, prevencion de its y de cancer de cuello uterino",inyectable trimestral: usuarias continuas,2015-06-01,0,2,12,11,0,25
TODOS SANTOS,"anticoncepcion, prevencion de its y de cancer de cuello uterino",inyectable trimestral: usuarias continuas,2015-06-01,0,0,1,0,0,1
TOLATA,"anticoncepcion, prevencion de its y de cancer de cuello uterino",inyectable trimestral: usuarias continuas,2015-06-01,0,0,20,3,1,24
TOLEDO,"anticoncepcion, prevencion de its y de cancer de cuello uterino",inyectable trimestral: usuarias continuas,2015-06-01,0,1,10,3,0,14
TOMAVE,"anticoncepcion, prevencion de its y de cancer de cuello uterino",inyectable trimestral: usuarias continuas,2015-06-01,0,1,20,7,0,28
TOMINA,"anticoncepcion, prevencion de its y de cancer de cuello uterino",inyectable trimestral: usuarias continuas,2015-06-01,1,4,49,38,1,93
TORO TORO,"anticoncepcion, prevencion de its y de cancer de cuello uterino",inyectable trimestral: usuarias continuas,2015-06-01,0,1,11,9,0,21
TOTORA(CBBA),"anticoncepcion, prevencion de its y de cancer de cuello uterino",inyectable trimestral: usuarias continuas,2015-06-01,0,17,84,29,0,130
TOTORA(ORR),"anticoncepcion, prevencion de its y de cancer de cuello uterino",inyectable trimestral: usuarias continuas,2015-06-01,0,0,10,7,0,17
TRIGAL,"anticoncepcion, prevencion de its y de cancer de cuello uterino",inyectable trimestral: usuarias continuas,2015-06-01,0,0,6,1,0,7
TRINIDAD,"anticoncepcion, prevencion de its y de cancer de cuello uterino",inyectable trimestral: usuarias continuas,2015-06-01,1,8,45,11,0,65
TUPIZA,"anticoncepcion, prevencion de its y de cancer de cuello uterino",inyectable trimestral: usuarias continuas,2015-06-01,0,12,140,46,0,198
TURCO,"anticoncepcion, prevencion de its y de cancer de cuello uterino",inyectable trimestral: usuarias continuas,2015-06-01,0,2,3,9,0,14
UMALA,"anticoncepcion, prevencion de its y de cancer de cuello uterino",inyectable trimestral: usuarias continuas,2015-06-01,0,1,8,8,0,17
UNCIA,"anticoncepcion, prevencion de its y de cancer de cuello uterino",inyectable trimestral: usuarias continuas,2015-06-01,0,2,42,8,1,53
URIONDO (A. CONCEPCION),"anticoncepcion, prevencion de its y de cancer de cuello uterino",inyectable trimestral: usuarias continuas,2015-06-01,1,10,47,34,1,93
URUBICHA,"anticoncepcion, prevencion de its y de cancer de cuello uterino",inyectable trimestral: usuarias continuas,2015-06-01,1,1,5,6,0,13
UYUNI,"anticoncepcion, prevencion de its y de cancer de cuello uterino",inyectable trimestral: usuarias continuas,2015-06-01,0,4,25,8,0,37
VACAS,"anticoncepcion, prevencion de its y de cancer de cuello uterino",inyectable trimestral: usuarias continuas,2015-06-01,0,1,12,8,0,21
VALLEGRANDE,"anticoncepcion, prevencion de its y de cancer de cuello uterino",inyectable trimestral: usuarias continuas,2015-06-01,0,10,42,7,0,59
VIACHA,"anticoncepcion, prevencion de its y de cancer de cuello uterino",inyectable trimestral: usuarias continuas,2015-06-01,0,7,108,45,0,160
VILA VILA,"anticoncepcion, prevencion de its y de cancer de cuello uterino",inyectable trimestral: usuarias continuas,2015-06-01,0,2,3,2,0,7
VILLA CHARCAS,"anticoncepcion, prevencion de its y de cancer de cuello uterino",inyectable trimestral: usuarias continuas,2015-06-01,0,8,43,32,0,83
VILLA MONTES,"anticoncepcion, prevencion de its y de cancer de cuello uterino",inyectable trimestral: usuarias continuas,2015-06-01,0,12,53,25,1,91
VILLA NUEVA (LOMA ALTA),"anticoncepcion, prevencion de its y de cancer de cuello uterino",inyectable trimestral: usuarias continuas,2015-06-01,0,1,4,0,0,5
VILLA RIVERO,"anticoncepcion, prevencion de its y de cancer de cuello uterino",inyectable trimestral: usuarias continuas,2015-06-01,0,3,23,11,0,37
VILLA SERRANO,"anticoncepcion, prevencion de its y de cancer de cuello uterino",inyectable trimestral: usuarias continuas,2015-06-01,0,10,14,16,1,41
VILLA TUNARI,"anticoncepcion, prevencion de its y de cancer de cuello uterino",inyectable trimestral: usuarias continuas,2015-06-01,1,32,232,59,0,324
VILLA VACA GUZMAN (MUYUPAMPA),"anticoncepcion, prevencion de its y de cancer de cuello uterino",inyectable trimestral: usuarias continuas,2015-06-01,0,2,44,27,0,73
VILLAZON,"anticoncepcion, prevencion de its y de cancer de cuello uterino",inyectable trimestral: usuarias continuas,2015-06-01,1,20,88,35,1,145
VINTO,"anticoncepcion, prevencion de its y de cancer de cuello uterino",inyectable trimestral: usuarias continuas,2015-06-01,0,1,47,12,0,60
VITICHI,"anticoncepcion, prevencion de its y de cancer de cuello uterino",inyectable trimestral: usuarias continuas,2015-06-01,0,0,11,12,0,23
WALDO BALLIVIAN,"anticoncepcion, prevencion de its y de cancer de cuello uterino",inyectable trimestral: usuarias continuas,2015-06-01,0,0,5,1,0,6
WARNES,"anticoncepcion, prevencion de its y de cancer de cuello uterino",inyectable trimestral: usuarias continuas,2015-06-01,0,43,146,45,0,234
YACO,"anticoncepcion, prevencion de its y de cancer de cuello uterino",inyectable trimestral: usuarias continuas,2015-06-01,0,1,15,6,0,22
YACUIBA,"anticoncepcion, prevencion de its y de cancer de cuello uterino",inyectable trimestral: usuarias continuas,2015-06-01,1,28,175,91,3,298
YAMPARAEZ,"anticoncepcion, prevencion de its y de cancer de cuello uterino",inyectable trimestral: usuarias continuas,2015-06-01,0,0,10,3,1,14
YANACACHI,"anticoncepcion, prevencion de its y de cancer de cuello uterino",inyectable trimestral: usuarias continuas,2015-06-01,0,1,8,6,0,15
YAPACANI,"anticoncepcion, prevencion de its y de cancer de cuello uterino",inyectable trimestral: usuarias continuas,2015-06-01,0,2,71,20,0,93
YOCALLA,"anticoncepcion, prevencion de its y de cancer de cuello uterino",inyectable trimestral: usuarias continuas,2015-06-01,0,1,5,8,1,15
YOTALA,"anticoncepcion, prevencion de its y de cancer de cuello uterino",inyectable trimestral: usuarias continuas,2015-06-01,0,1,13,8,0,22
YUNCHARA,"anticoncepcion, prevencion de its y de cancer de cuello uterino",inyectable trimestral: usuarias continuas,2015-06-01,0,6,42,20,0,68
ZUDAÃ‘EZ,"anticoncepcion, prevencion de its y de cancer de cuello uterino",inyectable trimestral: usuarias continuas,2015-06-01,0,0,32,22,1,55
ACACIO,"anticoncepcion, prevencion de its y de cancer de cuello uterino",inyectable trimestral: usuarias continuas,2015-07-01,0,1,6,5,0,12
ACHACACHI,"anticoncepcion, prevencion de its y de cancer de cuello uterino",inyectable trimestral: usuarias continuas,2015-07-01,1,3,53,29,0,86
ACHOCALLA,"anticoncepcion, prevencion de its y de cancer de cuello uterino",inyectable trimestral: usuarias continuas,2015-07-01,0,3,33,11,0,47
AIQUILE,"anticoncepcion, prevencion de its y de cancer de cuello uterino",inyectable trimestral: usuarias continuas,2015-07-01,0,0,29,25,1,55
ALALAY,"anticoncepcion, prevencion de its y de cancer de cuello uterino",inyectable trimestral: usuarias continuas,2015-07-01,0,1,7,1,0,9
ALCALA,"anticoncepcion, prevencion de its y de cancer de cuello uterino",inyectable trimestral: usuarias continuas,2015-07-01,0,5,16,16,1,38
ALTO BENI,"anticoncepcion, prevencion de its y de cancer de cuello uterino",inyectable trimestral: usuarias continuas,2015-07-01,0,4,28,15,0,47
ANCORAIMES,"anticoncepcion, prevencion de its y de cancer de cuello uterino",inyectable trimestral: usuarias continuas,2015-07-01,0,1,10,15,0,26
ANDAMARCA,"anticoncepcion, prevencion de its y de cancer de cuello uterino",inyectable trimestral: usuarias continuas,2015-07-01,0,0,5,3,0,8
ANTEQUERA,"anticoncepcion, prevencion de its y de cancer de cuello uterino",inyectable trimestral: usuarias continuas,2015-07-01,0,0,2,1,0,3
ANZALDO,"anticoncepcion, prevencion de its y de cancer de cuello uterino",inyectable trimestral: usuarias continuas,2015-07-01,0,6,16,13,0,35
APOLO,"anticoncepcion, prevencion de its y de cancer de cuello uterino",inyectable trimestral: usuarias continuas,2015-07-01,0,6,32,20,1,59
ARAMPAMPA,"anticoncepcion, prevencion de its y de cancer de cuello uterino",inyectable trimestral: usuarias continuas,2015-07-01,0,1,11,3,0,15
ARANI,"anticoncepcion, prevencion de its y de cancer de cuello uterino",inyectable trimestral: usuarias continuas,2015-07-01,0,3,12,10,0,25
ARBIETO,"anticoncepcion, prevencion de its y de cancer de cuello uterino",inyectable trimestral: usuarias continuas,2015-07-01,0,3,44,20,0,67
ARQUE,"anticoncepcion, prevencion de its y de cancer de cuello uterino",inyectable trimestral: usuarias continuas,2015-07-01,0,6,36,37,0,79
ASCENCION DE GUARAYOS,"anticoncepcion, prevencion de its y de cancer de cuello uterino",inyectable trimestral: usuarias continuas,2015-07-01,0,4,20,10,0,34
ATOCHA,"anticoncepcion, prevencion de its y de cancer de cuello uterino",inyectable trimestral: usuarias continuas,2015-07-01,0,0,29,10,0,39
AUCAPATA,"anticoncepcion, prevencion de its y de cancer de cuello uterino",inyectable trimestral: usuarias continuas,2015-07-01,0,3,8,6,0,17
AYATA,"anticoncepcion, prevencion de its y de cancer de cuello uterino",inyectable trimestral: usuarias continuas,2015-07-01,0,0,17,14,0,31
AYO AYO,"anticoncepcion, prevencion de its y de cancer de cuello uterino",inyectable trimestral: usuarias continuas,2015-07-01,0,0,11,13,0,24
AYOPAYA (V. DE INDEPENDENCIA),"anticoncepcion, prevencion de its y de cancer de cuello uterino",inyectable trimestral: usuarias continuas,2015-07-01,0,10,65,58,0,133
AZURDUY,"anticoncepcion, prevencion de its y de cancer de cuello uterino",inyectable trimestral: usuarias continuas,2015-07-01,0,2,42,26,1,71
BATALLAS,"anticoncepcion, prevencion de its y de cancer de cuello uterino",inyectable trimestral: usuarias continuas,2015-07-01,0,3,27,21,0,51
BAURES,"anticoncepcion, prevencion de its y de cancer de cuello uterino",inyectable trimestral: usuarias continuas,2015-07-01,0,4,9,3,0,16
BELEN DE ANDAMARCA,"anticoncepcion, prevencion de its y de cancer de cuello uterino",inyectable trimestral: usuarias continuas,2015-07-01,0,0,1,1,0,2
BELLA FLOR,"anticoncepcion, prevencion de its y de cancer de cuello uterino",inyectable trimestral: usuarias continuas,2015-07-01,0,2,8,2,0,12
BERMEJO,"anticoncepcion, prevencion de its y de cancer de cuello uterino",inyectable trimestral: usuarias continuas,2015-07-01,0,14,77,36,1,128
BETANZOS,"anticoncepcion, prevencion de its y de cancer de cuello uterino",inyectable trimestral: usuarias continuas,2015-07-01,0,2,43,36,0,81
BOLIVAR,"anticoncepcion, prevencion de its y de cancer de cuello uterino",inyectable trimestral: usuarias continuas,2015-07-01,0,1,5,3,0,9
BOLPEBRA,"anticoncepcion, prevencion de its y de cancer de cuello uterino",inyectable trimestral: usuarias continuas,2015-07-01,0,0,4,1,0,5
BOYUIBE,"anticoncepcion, prevencion de its y de cancer de cuello uterino",inyectable trimestral: usuarias continuas,2015-07-01,0,0,4,3,0,7
BUENA VISTA,"anticoncepcion, prevencion de its y de cancer de cuello uterino",inyectable trimestral: usuarias continuas,2015-07-01,0,3,42,17,0,62
CABEZAS,"anticoncepcion, prevencion de its y de cancer de cuello uterino",inyectable trimestral: usuarias continuas,2015-07-01,1,17,83,22,0,123
CAIROMA,"anticoncepcion, prevencion de its y de cancer de cuello uterino",inyectable trimestral: usuarias continuas,2015-07-01,0,1,20,8,0,29
"CAIZA ""D""","anticoncepcion, prevencion de its y de cancer de cuello uterino",inyectable trimestral: usuarias continuas,2015-07-01,0,0,14,14,0,28
CAJUATA,"anticoncepcion, prevencion de its y de cancer de cuello uterino",inyectable trimestral: usuarias continuas,2015-07-01,0,3,25,13,0,41
CALACOTO,"anticoncepcion, prevencion de its y de cancer de cuello uterino",inyectable trimestral: usuarias continuas,2015-07-01,0,0,4,3,0,7
CALAMARCA,"anticoncepcion, prevencion de its y de cancer de cuello uterino",inyectable trimestral: usuarias continuas,2015-07-01,0,6,48,21,2,77
CAMARGO,"anticoncepcion, prevencion de its y de cancer de cuello uterino",inyectable trimestral: usuarias continuas,2015-07-01,0,3,12,16,0,31
CAMATAQUI (C. VILLA ABECIA),"anticoncepcion, prevencion de its y de cancer de cuello uterino",inyectable trimestral: usuarias continuas,2015-07-01,0,1,13,5,0,19
CAMIRI,"anticoncepcion, prevencion de its y de cancer de cuello uterino",inyectable trimestral: usuarias continuas,2015-07-01,0,3,27,8,0,38
CAPINOTA,"anticoncepcion, prevencion de its y de cancer de cuello uterino",inyectable trimestral: usuarias continuas,2015-07-01,0,9,45,25,0,79
CAQUIAVIRI,"anticoncepcion, prevencion de its y de cancer de cuello uterino",inyectable trimestral: usuarias continuas,2015-07-01,0,2,12,6,0,20
CARACOLLO,"anticoncepcion, prevencion de its y de cancer de cuello uterino",inyectable trimestral: usuarias continuas,2015-07-01,0,2,25,21,0,48
CARANAVI,"anticoncepcion, prevencion de its y de cancer de cuello uterino",inyectable trimestral: usuarias continuas,2015-07-01,0,9,66,33,0,108
CARAPARI,"anticoncepcion, prevencion de its y de cancer de cuello uterino",inyectable trimestral: usuarias continuas,2015-07-01,0,6,57,33,1,97
CARIPUYO,"anticoncepcion, prevencion de its y de cancer de cuello uterino",inyectable trimestral: usuarias continuas,2015-07-01,0,1,2,3,0,6
CARMEN RIVERO TORREZ,"anticoncepcion, prevencion de its y de cancer de cuello uterino",inyectable trimestral: usuarias continuas,2015-07-01,0,4,9,2,0,15
CATACORA,"anticoncepcion, prevencion de its y de cancer de cuello uterino",inyectable trimestral: usuarias continuas,2015-07-01,0,0,2,2,0,4
CHACARILLA,"anticoncepcion, prevencion de its y de cancer de cuello uterino",inyectable trimestral: usuarias continuas,2015-07-01,0,0,2,0,0,2
CHALLAPATA,"anticoncepcion, prevencion de its y de cancer de cuello uterino",inyectable trimestral: usuarias continuas,2015-07-01,0,1,30,11,0,42
CHAQUI,"anticoncepcion, prevencion de its y de cancer de cuello uterino",inyectable trimestral: usuarias continuas,2015-07-01,0,1,10,12,0,23
CHARAGUA,"anticoncepcion, prevencion de its y de cancer de cuello uterino",inyectable trimestral: usuarias continuas,2015-07-01,0,2,35,16,0,53
CHARAÃ‘A,"anticoncepcion, prevencion de its y de cancer de cuello uterino",inyectable trimestral: usuarias continuas,2015-07-01,0,0,4,2,0,6
CHAYANTA,"anticoncepcion, prevencion de its y de cancer de cuello uterino",inyectable trimestral: usuarias continuas,2015-07-01,0,1,13,15,0,29
CHIMORE,"anticoncepcion, prevencion de its y de cancer de cuello uterino",inyectable trimestral: usuarias continuas,2015-07-01,0,8,59,22,0,89
CHIPAYA,"anticoncepcion, prevencion de its y de cancer de cuello uterino",inyectable trimestral: usuarias continuas,2015-07-01,2,4,2,5,0,13
CHOQUE COTA,"anticoncepcion, prevencion de its y de cancer de cuello uterino",inyectable trimestral: usuarias continuas,2015-07-01,0,0,0,2,0,2
CHUA COCANI,"anticoncepcion, prevencion de its y de cancer de cuello uterino",inyectable trimestral: usuarias continuas,2015-07-01,0,0,3,3,0,6
CHULUMANI (V. DE LA LIBERTAD),"anticoncepcion, prevencion de its y de cancer de cuello uterino",inyectable trimestral: usuarias continuas,2015-07-01,0,4,26,10,1,41
CHUMA,"anticoncepcion, prevencion de its y de cancer de cuello uterino",inyectable trimestral: usuarias continuas,2015-07-01,0,2,23,23,0,48
CHUQUIHUTA AYLLU JUCUMANI,"anticoncepcion, prevencion de its y de cancer de cuello uterino",inyectable trimestral: usuarias continuas,2015-07-01,0,1,7,6,0,14
CKOCHAS,"anticoncepcion, prevencion de its y de cancer de cuello uterino",inyectable trimestral: usuarias continuas,2015-07-01,0,0,28,23,0,51
CLIZA,"anticoncepcion, prevencion de its y de cancer de cuello uterino",inyectable trimestral: usuarias continuas,2015-07-01,0,1,42,11,0,54
COBIJA,"anticoncepcion, prevencion de its y de cancer de cuello uterino",inyectable trimestral: usuarias continuas,2015-07-01,0,27,115,10,0,152
COCAPATA,"anticoncepcion, prevencion de its y de cancer de cuello uterino",inyectable trimestral: usuarias continuas,2015-07-01,0,5,42,29,0,76
COCHABAMBA,"anticoncepcion, prevencion de its y de cancer de cuello uterino",inyectable trimestral: usuarias continuas,2015-07-01,3,46,331,85,0,465
COLCAPIRHUA,"anticoncepcion, prevencion de its y de cancer de cuello uterino",inyectable trimestral: usuarias continuas,2015-07-01,0,2,42,7,0,51
"COLCHA ""K""","anticoncepcion, prevencion de its y de cancer de cuello uterino",inyectable trimestral: usuarias continuas,2015-07-01,0,4,36,14,0,54
COLLANA,"anticoncepcion, prevencion de its y de cancer de cuello uterino",inyectable trimestral: usuarias continuas,2015-07-01,0,1,4,3,0,8
COLOMI,"anticoncepcion, prevencion de its y de cancer de cuello uterino",inyectable trimestral: usuarias continuas,2015-07-01,0,6,45,25,0,76
COLPA BELGICA,"anticoncepcion, prevencion de its y de cancer de cuello uterino",inyectable trimestral: usuarias continuas,2015-07-01,0,4,16,3,0,23
COLQUECHACA,"anticoncepcion, prevencion de its y de cancer de cuello uterino",inyectable trimestral: usuarias continuas,2015-07-01,0,9,38,21,0,68
COLQUENCHA,"anticoncepcion, prevencion de its y de cancer de cuello uterino",inyectable trimestral: usuarias continuas,2015-07-01,0,1,22,20,0,43
COLQUIRI,"anticoncepcion, prevencion de its y de cancer de cuello uterino",inyectable trimestral: usuarias continuas,2015-07-01,0,1,26,18,0,45
COMANCHE,"anticoncepcion, prevencion de its y de cancer de cuello uterino",inyectable trimestral: usuarias continuas,2015-07-01,0,0,1,0,0,1
COMARAPA,"anticoncepcion, prevencion de its y de cancer de cuello uterino",inyectable trimestral: usuarias continuas,2015-07-01,0,11,74,32,1,118
COMBAYA,"anticoncepcion, prevencion de its y de cancer de cuello uterino",inyectable trimestral: usuarias continuas,2015-07-01,0,0,1,1,0,2
CONCEPCION,"anticoncepcion, prevencion de its y de cancer de cuello uterino",inyectable trimestral: usuarias continuas,2015-07-01,0,7,29,9,0,45
COPACABANA,"anticoncepcion, prevencion de its y de cancer de cuello uterino",inyectable trimestral: usuarias continuas,2015-07-01,0,1,18,17,0,36
CORIPATA,"anticoncepcion, prevencion de its y de cancer de cuello uterino",inyectable trimestral: usuarias continuas,2015-07-01,0,0,28,16,0,44
CORO CORO,"anticoncepcion, prevencion de its y de cancer de cuello uterino",inyectable trimestral: usuarias continuas,2015-07-01,0,0,10,6,0,16
COROICO,"anticoncepcion, prevencion de its y de cancer de cuello uterino",inyectable trimestral: usuarias continuas,2015-07-01,0,2,9,3,0,14
CORQUE,"anticoncepcion, prevencion de its y de cancer de cuello uterino",inyectable trimestral: usuarias continuas,2015-07-01,0,2,19,6,0,27
COTAGAITA,"anticoncepcion, prevencion de its y de cancer de cuello uterino",inyectable trimestral: usuarias continuas,2015-07-01,0,3,62,39,1,105
COTOCA,"anticoncepcion, prevencion de its y de cancer de cuello uterino",inyectable trimestral: usuarias continuas,2015-07-01,0,13,83,19,0,115
CUATRO CAÃ‘ADAS,"anticoncepcion, prevencion de its y de cancer de cuello uterino",inyectable trimestral: usuarias continuas,2015-07-01,0,5,22,16,1,44
CUCHUMUELA (V. G. VILLARROEL),"anticoncepcion, prevencion de its y de cancer de cuello uterino",inyectable trimestral: usuarias continuas,2015-07-01,0,0,5,1,0,6
CUEVO,"anticoncepcion, prevencion de its y de cancer de cuello uterino",inyectable trimestral: usuarias continuas,2015-07-01,0,1,22,6,0,29
CULPINA,"anticoncepcion, prevencion de its y de cancer de cuello uterino",inyectable trimestral: usuarias continuas,2015-07-01,0,2,61,32,1,96
CURAHUARA DE CARANGAS,"anticoncepcion, prevencion de its y de cancer de cuello uterino",inyectable trimestral: usuarias continuas,2015-07-01,0,3,5,3,5,16
CURVA,"anticoncepcion, prevencion de its y de cancer de cuello uterino",inyectable trimestral: usuarias continuas,2015-07-01,0,0,4,2,0,6
DESAGUADERO,"anticoncepcion, prevencion de its y de cancer de cuello uterino",inyectable trimestral: usuarias continuas,2015-07-01,0,0,9,7,0,16
EL ALTO,"anticoncepcion, prevencion de its y de cancer de cuello uterino",inyectable trimestral: usuarias continuas,2015-07-01,2,67,844,348,1,1262
EL CHORO,"anticoncepcion, prevencion de its y de cancer de cuello uterino",inyectable trimestral: usuarias continuas,2015-07-01,0,0,10,1,0,11
EL PUENTE(STC),"anticoncepcion, prevencion de its y de cancer de cuello uterino",inyectable trimestral: usuarias continuas,2015-07-01,0,10,47,14,1,72
EL PUENTE(TJA),"anticoncepcion, prevencion de its y de cancer de cuello uterino",inyectable trimestral: usuarias continuas,2015-07-01,0,7,68,39,1,115
EL TORNO,"anticoncepcion, prevencion de its y de cancer de cuello uterino",inyectable trimestral: usuarias continuas,2015-07-01,2,22,59,38,1,122
EL VILLAR,"anticoncepcion, prevencion de its y de cancer de cuello uterino",inyectable trimestral: usuarias continuas,2015-07-01,0,5,24,8,0,37
ENTRE RIOS TRJ,"anticoncepcion, prevencion de its y de cancer de cuello uterino",inyectable trimestral: usuarias continuas,2015-07-01,0,10,102,43,0,155
ENTRE RIOS CBBA,"anticoncepcion, prevencion de its y de cancer de cuello uterino",inyectable trimestral: usuarias continuas,2015-07-01,0,8,43,17,0,68
ESCARA,"anticoncepcion, prevencion de its y de cancer de cuello uterino",inyectable trimestral: usuarias continuas,2015-07-01,0,0,0,1,0,1
ESCOMA,"anticoncepcion, prevencion de its y de cancer de cuello uterino",inyectable trimestral: usuarias continuas,2015-07-01,0,0,4,0,0,4
EUCALIPTUS,"anticoncepcion, prevencion de its y de cancer de cuello uterino",inyectable trimestral: usuarias continuas,2015-07-01,0,0,3,1,0,4
EUREKA (SANTOS MERCADO),"anticoncepcion, prevencion de its y de cancer de cuello uterino",inyectable trimestral: usuarias continuas,2015-07-01,0,0,3,1,0,4
FERNANDEZ ALONSO,"anticoncepcion, prevencion de its y de cancer de cuello uterino",inyectable trimestral: usuarias continuas,2015-07-01,0,3,33,16,1,53
FILADELFIA,"anticoncepcion, prevencion de its y de cancer de cuello uterino",inyectable trimestral: usuarias continuas,2015-07-01,0,4,18,6,0,28
GENERAL SAAVEDRA,"anticoncepcion, prevencion de its y de cancer de cuello uterino",inyectable trimestral: usuarias continuas,2015-07-01,0,9,31,18,0,58
GRAL. J.J. PEREZ (CHARAZANI),"anticoncepcion, prevencion de its y de cancer de cuello uterino",inyectable trimestral: usuarias continuas,2015-07-01,0,2,13,10,0,25
GUANAY,"anticoncepcion, prevencion de its y de cancer de cuello uterino",inyectable trimestral: usuarias continuas,2015-07-01,0,2,14,4,0,20
GUAQUI,"anticoncepcion, prevencion de its y de cancer de cuello uterino",inyectable trimestral: usuarias continuas,2015-07-01,0,2,17,4,0,23
GUAYARAMERIN,"anticoncepcion, prevencion de its y de cancer de cuello uterino",inyectable trimestral: usuarias continuas,2015-07-01,0,0,5,2,0,7
GUTIERREZ,"anticoncepcion, prevencion de its y de cancer de cuello uterino",inyectable trimestral: usuarias continuas,2015-07-01,0,4,14,5,0,23
HUACARETA,"anticoncepcion, prevencion de its y de cancer de cuello uterino",inyectable trimestral: usuarias continuas,2015-07-01,0,0,20,9,0,29
HUACAYA (VILLA DE HUACAYA),"anticoncepcion, prevencion de its y de cancer de cuello uterino",inyectable trimestral: usuarias continuas,2015-07-01,0,1,19,1,0,21
HUACHACALLA,"anticoncepcion, prevencion de its y de cancer de cuello uterino",inyectable trimestral: usuarias continuas,2015-07-01,0,0,1,2,0,3
HUANUNI,"anticoncepcion, prevencion de its y de cancer de cuello uterino",inyectable trimestral: usuarias continuas,2015-07-01,0,0,14,9,0,23
HUARACAJE,"anticoncepcion, prevencion de its y de cancer de cuello uterino",inyectable trimestral: usuarias continuas,2015-07-01,0,2,3,2,0,7
HUARINA,"anticoncepcion, prevencion de its y de cancer de cuello uterino",inyectable trimestral: usuarias continuas,2015-07-01,0,1,7,3,0,11
HUATAJATA,"anticoncepcion, prevencion de its y de cancer de cuello uterino",inyectable trimestral: usuarias continuas,2015-07-01,0,0,7,2,0,9
HUAYLLAMARCA,"anticoncepcion, prevencion de its y de cancer de cuello uterino",inyectable trimestral: usuarias continuas,2015-07-01,0,1,7,1,0,9
HUMANATA,"anticoncepcion, prevencion de its y de cancer de cuello uterino",inyectable trimestral: usuarias continuas,2015-07-01,0,0,9,4,0,13
ICHOCA,"anticoncepcion, prevencion de its y de cancer de cuello uterino",inyectable trimestral: usuarias continuas,2015-07-01,0,1,3,0,0,4
ICLA,"anticoncepcion, prevencion de its y de cancer de cuello uterino",inyectable trimestral: usuarias continuas,2015-07-01,0,1,9,11,0,21
INCAHUASI,"anticoncepcion, prevencion de its y de cancer de cuello uterino",inyectable trimestral: usuarias continuas,2015-07-01,0,5,27,11,0,43
INGAVI (HUMAITA),"anticoncepcion, prevencion de its y de cancer de cuello uterino",inyectable trimestral: usuarias continuas,2015-07-01,0,0,3,0,0,3
INQUISIVI,"anticoncepcion, prevencion de its y de cancer de cuello uterino",inyectable trimestral: usuarias continuas,2015-07-01,0,2,17,13,0,32
IRUPANA (VILLA DE LANZA),"anticoncepcion, prevencion de its y de cancer de cuello uterino",inyectable trimestral: usuarias continuas,2015-07-01,0,6,43,17,0,66
IXIAMAS,"anticoncepcion, prevencion de its y de cancer de cuello uterino",inyectable trimestral: usuarias continuas,2015-07-01,0,3,9,1,0,13
JESUS DE MACHACA,"anticoncepcion, prevencion de its y de cancer de cuello uterino",inyectable trimestral: usuarias continuas,2015-07-01,0,0,10,9,0,19
LA ASUNTA,"anticoncepcion, prevencion de its y de cancer de cuello uterino",inyectable trimestral: usuarias continuas,2015-07-01,0,8,104,36,0,148
LA GUARDIA,"anticoncepcion, prevencion de its y de cancer de cuello uterino",inyectable trimestral: usuarias continuas,2015-07-01,1,16,83,22,0,122
LA PAZ,"anticoncepcion, prevencion de its y de cancer de cuello uterino",inyectable trimestral: usuarias continuas,2015-07-01,0,22,321,109,1,453
LAGUNILLAS,"anticoncepcion, prevencion de its y de cancer de cuello uterino",inyectable trimestral: usuarias continuas,2015-07-01,0,0,7,6,0,13
LAJA,"anticoncepcion, prevencion de its y de cancer de cuello uterino",inyectable trimestral: usuarias continuas,2015-07-01,0,8,49,22,1,80
LAS CARRERAS,"anticoncepcion, prevencion de its y de cancer de cuello uterino",inyectable trimestral: usuarias continuas,2015-07-01,0,2,12,2,0,16
LICOMA PAMPA,"anticoncepcion, prevencion de its y de cancer de cuello uterino",inyectable trimestral: usuarias continuas,2015-07-01,0,1,5,3,0,9
LLALLAGUA,"anticoncepcion, prevencion de its y de cancer de cuello uterino",inyectable trimestral: usuarias continuas,2015-07-01,0,2,52,10,0,64
LLICA,"anticoncepcion, prevencion de its y de cancer de cuello uterino",inyectable trimestral: usuarias continuas,2015-07-01,0,3,16,7,0,26
LORETO,"anticoncepcion, prevencion de its y de cancer de cuello uterino",inyectable trimestral: usuarias continuas,2015-07-01,0,2,5,2,0,9
LURIBAY,"anticoncepcion, prevencion de its y de cancer de cuello uterino",inyectable trimestral: usuarias continuas,2015-07-01,0,2,17,15,1,35
MACHACAMARCA,"anticoncepcion, prevencion de its y de cancer de cuello uterino",inyectable trimestral: usuarias continuas,2015-07-01,0,0,4,1,0,5
MACHARETI,"anticoncepcion, prevencion de its y de cancer de cuello uterino",inyectable trimestral: usuarias continuas,2015-07-01,1,0,29,13,0,43
MAGDALENA,"anticoncepcion, prevencion de its y de cancer de cuello uterino",inyectable trimestral: usuarias continuas,2015-07-01,0,8,21,5,0,34
MAIRANA,"anticoncepcion, prevencion de its y de cancer de cuello uterino",inyectable trimestral: usuarias continuas,2015-07-01,1,5,15,2,0,23
MALLA,"anticoncepcion, prevencion de its y de cancer de cuello uterino",inyectable trimestral: usuarias continuas,2015-07-01,0,1,3,5,0,9
MAPIRI,"anticoncepcion, prevencion de its y de cancer de cuello uterino",inyectable trimestral: usuarias continuas,2015-07-01,0,1,15,4,1,21
MECAPACA,"anticoncepcion, prevencion de its y de cancer de cuello uterino",inyectable trimestral: usuarias continuas,2015-07-01,0,0,15,14,0,29
MINEROS,"anticoncepcion, prevencion de its y de cancer de cuello uterino",inyectable trimestral: usuarias continuas,2015-07-01,0,8,50,11,1,70
MIZQUE,"anticoncepcion, prevencion de its y de cancer de cuello uterino",inyectable trimestral: usuarias continuas,2015-07-01,0,16,79,48,0,143
MOCOMOCO,"anticoncepcion, prevencion de its y de cancer de cuello uterino",inyectable trimestral: usuarias continuas,2015-07-01,0,3,19,10,0,32
MOJINETE,"anticoncepcion, prevencion de its y de cancer de cuello uterino",inyectable trimestral: usuarias continuas,2015-07-01,0,0,1,1,0,2
MOJOCOYA,"anticoncepcion, prevencion de its y de cancer de cuello uterino",inyectable trimestral: usuarias continuas,2015-07-01,0,1,12,16,0,29
MONTEAGUDO,"anticoncepcion, prevencion de its y de cancer de cuello uterino",inyectable trimestral: usuarias continuas,2015-07-01,0,19,89,45,1,154
MONTERO,"anticoncepcion, prevencion de its y de cancer de cuello uterino",inyectable trimestral: usuarias continuas,2015-07-01,1,24,141,34,0,200
MORO MORO,"anticoncepcion, prevencion de its y de cancer de cuello uterino",inyectable trimestral: usuarias continuas,2015-07-01,1,2,2,9,1,15
MOROCHATA,"anticoncepcion, prevencion de its y de cancer de cuello uterino",inyectable trimestral: usuarias continuas,2015-07-01,0,4,34,38,0,76
NACEBE (SANTA ROSA DEL ABUNA),"anticoncepcion, prevencion de its y de cancer de cuello uterino",inyectable trimestral: usuarias continuas,2015-07-01,0,0,2,0,0,2
NAZACARA DE PACAJES,"anticoncepcion, prevencion de its y de cancer de cuello uterino",inyectable trimestral: usuarias continuas,2015-07-01,0,0,0,1,0,1
NUEVO MANOA (NUEVA ESPERANZA),"anticoncepcion, prevencion de its y de cancer de cuello uterino",inyectable trimestral: usuarias continuas,2015-07-01,0,1,4,1,0,6
OCURI,"anticoncepcion, prevencion de its y de cancer de cuello uterino",inyectable trimestral: usuarias continuas,2015-07-01,0,0,24,16,0,40
OKINAWA,"anticoncepcion, prevencion de its y de cancer de cuello uterino",inyectable trimestral: usuarias continuas,2015-07-01,0,4,22,2,1,29
OMEREQUE,"anticoncepcion, prevencion de its y de cancer de cuello uterino",inyectable trimestral: usuarias continuas,2015-07-01,0,1,19,16,0,36
ORURO,"anticoncepcion, prevencion de its y de cancer de cuello uterino",inyectable trimestral: usuarias continuas,2015-07-01,0,26,418,168,1,613
PADCAYA,"anticoncepcion, prevencion de its y de cancer de cuello uterino",inyectable trimestral: usuarias continuas,2015-07-01,1,16,104,63,2,186
PADILLA,"anticoncepcion, prevencion de its y de cancer de cuello uterino",inyectable trimestral: usuarias continuas,2015-07-01,1,10,49,35,0,95
PAILON,"anticoncepcion, prevencion de its y de cancer de cuello uterino",inyectable trimestral: usuarias continuas,2015-07-01,0,3,23,8,0,34
PALCA,"anticoncepcion, prevencion de its y de cancer de cuello uterino",inyectable trimestral: usuarias continuas,2015-07-01,0,3,31,11,0,45
PALOS BLANCOS,"anticoncepcion, prevencion de its y de cancer de cuello uterino",inyectable trimestral: usuarias continuas,2015-07-01,0,1,52,25,0,78
PAMPA AULLAGAS,"anticoncepcion, prevencion de its y de cancer de cuello uterino",inyectable trimestral: usuarias continuas,2015-07-01,0,0,5,1,0,6
PAMPA GRANDE,"anticoncepcion, prevencion de its y de cancer de cuello uterino",inyectable trimestral: usuarias continuas,2015-07-01,0,2,32,8,2,44
PAPEL PAMPA,"anticoncepcion, prevencion de its y de cancer de cuello uterino",inyectable trimestral: usuarias continuas,2015-07-01,0,2,8,11,0,21
PASORAPA,"anticoncepcion, prevencion de its y de cancer de cuello uterino",inyectable trimestral: usuarias continuas,2015-07-01,0,3,9,10,1,23
PATACAMAYA,"anticoncepcion, prevencion de its y de cancer de cuello uterino",inyectable trimestral: usuarias continuas,2015-07-01,0,0,8,2,0,10
PAZÃ‘A,"anticoncepcion, prevencion de its y de cancer de cuello uterino",inyectable trimestral: usuarias continuas,2015-07-01,0,0,15,7,0,22
PELECHUCO,"anticoncepcion, prevencion de its y de cancer de cuello uterino",inyectable trimestral: usuarias continuas,2015-07-01,0,1,8,5,0,14
POCOATA,"anticoncepcion, prevencion de its y de cancer de cuello uterino",inyectable trimestral: usuarias continuas,2015-07-01,0,0,32,17,0,49
POCONA,"anticoncepcion, prevencion de its y de cancer de cuello uterino",inyectable trimestral: usuarias continuas,2015-07-01,0,4,47,35,2,88
POJO (CBBA),"anticoncepcion, prevencion de its y de cancer de cuello uterino",inyectable trimestral: usuarias continuas,2015-07-01,0,4,52,29,1,86
POOPO,"anticoncepcion, prevencion de its y de cancer de cuello uterino",inyectable trimestral: usuarias continuas,2015-07-01,0,0,12,1,0,13
PORCO,"anticoncepcion, prevencion de its y de cancer de cuello uterino",inyectable trimestral: usuarias continuas,2015-07-01,0,1,9,2,0,12
POROMA,"anticoncepcion, prevencion de its y de cancer de cuello uterino",inyectable trimestral: usuarias continuas,2015-07-01,1,5,48,32,0,86
PORONGO,"anticoncepcion, prevencion de its y de cancer de cuello uterino",inyectable trimestral: usuarias continuas,2015-07-01,0,1,17,11,0,29
PORTACHUELO,"anticoncepcion, prevencion de its y de cancer de cuello uterino",inyectable trimestral: usuarias continuas,2015-07-01,0,11,31,11,0,53
PORVENIR,"anticoncepcion, prevencion de its y de cancer de cuello uterino",inyectable trimestral: usuarias continuas,2015-07-01,0,2,19,4,0,25
POSTRER VALLE,"anticoncepcion, prevencion de its y de cancer de cuello uterino",inyectable trimestral: usuarias continuas,2015-07-01,0,1,8,3,0,12
POTOSI,"anticoncepcion, prevencion de its y de cancer de cuello uterino",inyectable trimestral: usuarias continuas,2015-07-01,2,12,178,85,0,277
PRESTO,"anticoncepcion, prevencion de its y de cancer de cuello uterino",inyectable trimestral: usuarias continuas,2015-07-01,0,4,29,11,0,44
PUCARA,"anticoncepcion, prevencion de its y de cancer de cuello uterino",inyectable trimestral: usuarias continuas,2015-07-01,0,1,12,1,0,14
PUCARANI,"anticoncepcion, prevencion de its y de cancer de cuello uterino",inyectable trimestral: usuarias continuas,2015-07-01,0,7,53,31,0,91
PUERTO ACOSTA,"anticoncepcion, prevencion de its y de cancer de cuello uterino",inyectable trimestral: usuarias continuas,2015-07-01,0,1,6,2,0,9
PUERTO CARABUCO,"anticoncepcion, prevencion de its y de cancer de cuello uterino",inyectable trimestral: usuarias continuas,2015-07-01,0,0,13,9,0,22
PUERTO GONZALO MORENO,"anticoncepcion, prevencion de its y de cancer de cuello uterino",inyectable trimestral: usuarias continuas,2015-07-01,0,9,28,13,0,50
PUERTO PEREZ,"anticoncepcion, prevencion de its y de cancer de cuello uterino",inyectable trimestral: usuarias continuas,2015-07-01,0,0,11,6,0,17
PUERTO QUIJARRO,"anticoncepcion, prevencion de its y de cancer de cuello uterino",inyectable trimestral: usuarias continuas,2015-07-01,0,4,22,2,0,28
PUERTO RICO,"anticoncepcion, prevencion de its y de cancer de cuello uterino",inyectable trimestral: usuarias continuas,2015-07-01,0,1,3,0,0,4
PUERTO SUAREZ,"anticoncepcion, prevencion de its y de cancer de cuello uterino",inyectable trimestral: usuarias continuas,2015-07-01,0,0,6,1,0,7
PUERTO VILLARROEL,"anticoncepcion, prevencion de its y de cancer de cuello uterino",inyectable trimestral: usuarias continuas,2015-07-01,0,7,81,33,0,121
PUNA,"anticoncepcion, prevencion de its y de cancer de cuello uterino",inyectable trimestral: usuarias continuas,2015-07-01,0,1,22,14,0,37
PUNATA,"anticoncepcion, prevencion de its y de cancer de cuello uterino",inyectable trimestral: usuarias continuas,2015-07-01,0,5,43,16,0,64
QUIABAYA,"anticoncepcion, prevencion de its y de cancer de cuello uterino",inyectable trimestral: usuarias continuas,2015-07-01,0,0,7,5,0,12
QUILLACOLLO,"anticoncepcion, prevencion de its y de cancer de cuello uterino",inyectable trimestral: usuarias continuas,2015-07-01,0,10,134,24,0,168
QUIME,"anticoncepcion, prevencion de its y de cancer de cuello uterino",inyectable trimestral: usuarias continuas,2015-07-01,0,2,29,12,0,43
QUIRUSILLAS,"anticoncepcion, prevencion de its y de cancer de cuello uterino",inyectable trimestral: usuarias continuas,2015-07-01,0,1,0,0,0,1
RAVELO,"anticoncepcion, prevencion de its y de cancer de cuello uterino",inyectable trimestral: usuarias continuas,2015-07-01,0,3,33,31,0,67
REYES,"anticoncepcion, prevencion de its y de cancer de cuello uterino",inyectable trimestral: usuarias continuas,2015-07-01,0,6,19,13,0,38
RIBERALTA,"anticoncepcion, prevencion de its y de cancer de cuello uterino",inyectable trimestral: usuarias continuas,2015-07-01,2,8,66,14,0,90
ROBORE,"anticoncepcion, prevencion de its y de cancer de cuello uterino",inyectable trimestral: usuarias continuas,2015-07-01,0,2,12,1,0,15
RURRENABAQUE,"anticoncepcion, prevencion de its y de cancer de cuello uterino",inyectable trimestral: usuarias continuas,2015-07-01,1,2,33,16,0,52
SABAYA,"anticoncepcion, prevencion de its y de cancer de cuello uterino",inyectable trimestral: usuarias continuas,2015-07-01,0,1,9,7,0,17
SACABA,"anticoncepcion, prevencion de its y de cancer de cuello uterino",inyectable trimestral: usuarias continuas,2015-07-01,0,13,134,44,0,191
SACABAMBA,"anticoncepcion, prevencion de its y de cancer de cuello uterino",inyectable trimestral: usuarias continuas,2015-07-01,0,0,6,6,0,12
SACACA,"anticoncepcion, prevencion de its y de cancer de cuello uterino",inyectable trimestral: usuarias continuas,2015-07-01,0,2,50,25,0,77
SAIPINA,"anticoncepcion, prevencion de its y de cancer de cuello uterino",inyectable trimestral: usuarias continuas,2015-07-01,0,3,16,6,0,25
SALINAS DE GARCI MENDOZA,"anticoncepcion, prevencion de its y de cancer de cuello uterino",inyectable trimestral: usuarias continuas,2015-07-01,0,1,9,6,0,16
SAMAIPATA,"anticoncepcion, prevencion de its y de cancer de cuello uterino",inyectable trimestral: usuarias continuas,2015-07-01,0,8,31,6,0,45
SAN AGUSTIN,"anticoncepcion, prevencion de its y de cancer de cuello uterino",inyectable trimestral: usuarias continuas,2015-07-01,0,3,1,2,0,6
SAN ANDRES,"anticoncepcion, prevencion de its y de cancer de cuello uterino",inyectable trimestral: usuarias continuas,2015-07-01,1,7,29,10,1,48
SAN ANDRES DE MACHACA,"anticoncepcion, prevencion de its y de cancer de cuello uterino",inyectable trimestral: usuarias continuas,2015-07-01,0,0,3,3,0,6
SAN ANTONIO DE ESMORUCO,"anticoncepcion, prevencion de its y de cancer de cuello uterino",inyectable trimestral: usuarias continuas,2015-07-01,0,0,7,1,0,8
SAN ANTONIO DE LOMERIO,"anticoncepcion, prevencion de its y de cancer de cuello uterino",inyectable trimestral: usuarias continuas,2015-07-01,0,6,34,34,0,74
SAN BENITO,"anticoncepcion, prevencion de its y de cancer de cuello uterino",inyectable trimestral: usuarias continuas,2015-07-01,0,3,28,12,0,43
SAN BORJA,"anticoncepcion, prevencion de its y de cancer de cuello uterino",inyectable trimestral: usuarias continuas,2015-07-01,6,33,52,19,0,110
SAN BUENA VENTURA,"anticoncepcion, prevencion de its y de cancer de cuello uterino",inyectable trimestral: usuarias continuas,2015-07-01,0,2,14,8,0,24
SAN CARLOS,"anticoncepcion, prevencion de its y de cancer de cuello uterino",inyectable trimestral: usuarias continuas,2015-07-01,0,4,30,14,0,48
SAN IGNACIO,"anticoncepcion, prevencion de its y de cancer de cuello uterino",inyectable trimestral: usuarias continuas,2015-07-01,0,20,62,25,0,107
SAN IGNACIO DE VELASCO,"anticoncepcion, prevencion de its y de cancer de cuello uterino",inyectable trimestral: usuarias continuas,2015-07-01,0,13,112,48,0,173
SAN JAVIER(BNI),"anticoncepcion, prevencion de its y de cancer de cuello uterino",inyectable trimestral: usuarias continuas,2015-07-01,0,2,3,0,0,5
SAN JAVIER(STC),"anticoncepcion, prevencion de its y de cancer de cuello uterino",inyectable trimestral: usuarias continuas,2015-07-01,0,7,27,6,0,40
SAN JOSE DE CHIQUITOS,"anticoncepcion, prevencion de its y de cancer de cuello uterino",inyectable trimestral: usuarias continuas,2015-07-01,0,1,24,10,0,35
SAN JUAN DE YAPACANI,"anticoncepcion, prevencion de its y de cancer de cuello uterino",inyectable trimestral: usuarias continuas,2015-07-01,0,2,18,3,0,23
SAN JULIAN,"anticoncepcion, prevencion de its y de cancer de cuello uterino",inyectable trimestral: usuarias continuas,2015-07-01,0,9,84,39,1,133
SAN LORENZO(PND),"anticoncepcion, prevencion de its y de cancer de cuello uterino",inyectable trimestral: usuarias continuas,2015-07-01,0,1,5,5,0,11
SAN LORENZO(TJA),"anticoncepcion, prevencion de its y de cancer de cuello uterino",inyectable trimestral: usuarias continuas,2015-07-01,1,11,82,49,2,145
SAN LUCAS,"anticoncepcion, prevencion de its y de cancer de cuello uterino",inyectable trimestral: usuarias continuas,2015-07-01,0,5,36,39,0,80
SAN MATIAS,"anticoncepcion, prevencion de its y de cancer de cuello uterino",inyectable trimestral: usuarias continuas,2015-07-01,0,5,35,16,0,56
SAN MIGUEL DE VELASCO,"anticoncepcion, prevencion de its y de cancer de cuello uterino",inyectable trimestral: usuarias continuas,2015-07-01,1,13,68,40,1,123
SAN PABLO DE LIPEZ,"anticoncepcion, prevencion de its y de cancer de cuello uterino",inyectable trimestral: usuarias continuas,2015-07-01,0,0,1,1,0,2
SAN PEDRO,"anticoncepcion, prevencion de its y de cancer de cuello uterino",inyectable trimestral: usuarias continuas,2015-07-01,0,8,36,20,0,64
SAN PEDRO DE BUENA VISTA,"anticoncepcion, prevencion de its y de cancer de cuello uterino",inyectable trimestral: usuarias continuas,2015-07-01,0,4,37,19,0,60
SAN PEDRO DE CURAHUARA,"anticoncepcion, prevencion de its y de cancer de cuello uterino",inyectable trimestral: usuarias continuas,2015-07-01,0,1,6,3,0,10
SAN PEDRO DE TIQUINA,"anticoncepcion, prevencion de its y de cancer de cuello uterino",inyectable trimestral: usuarias continuas,2015-07-01,0,0,4,1,0,5
SAN PEDRO(PND),"anticoncepcion, prevencion de its y de cancer de cuello uterino",inyectable trimestral: usuarias continuas,2015-07-01,0,1,2,0,0,3
SAN RAFAEL,"anticoncepcion, prevencion de its y de cancer de cuello uterino",inyectable trimestral: usuarias continuas,2015-07-01,0,10,29,13,0,52
SAN RAMON BENI,"anticoncepcion, prevencion de its y de cancer de cuello uterino",inyectable trimestral: usuarias continuas,2015-07-01,0,3,7,3,0,13
SAN RAMON SCZ,"anticoncepcion, prevencion de its y de cancer de cuello uterino",inyectable trimestral: usuarias continuas,2015-07-01,0,12,23,0,0,35
SANTA ANA,"anticoncepcion, prevencion de its y de cancer de cuello uterino",inyectable trimestral: usuarias continuas,2015-07-01,0,1,16,1,0,18
SANTA CRUZ DE LA SIERRA,"anticoncepcion, prevencion de its y de cancer de cuello uterino",inyectable trimestral: usuarias continuas,2015-07-01,0,58,289,81,1,429
SANTA ROSA,"anticoncepcion, prevencion de its y de cancer de cuello uterino",inyectable trimestral: usuarias continuas,2015-07-01,0,0,2,1,0,3
SANTA ROSA DEL SARA,"anticoncepcion, prevencion de its y de cancer de cuello uterino",inyectable trimestral: usuarias continuas,2015-07-01,0,4,39,17,1,61
SANTIAGO DE CALLAPA,"anticoncepcion, prevencion de its y de cancer de cuello uterino",inyectable trimestral: usuarias continuas,2015-07-01,0,0,0,2,0,2
SANTIAGO DE HUARI,"anticoncepcion, prevencion de its y de cancer de cuello uterino",inyectable trimestral: usuarias continuas,2015-07-01,0,1,4,2,0,7
SANTIAGO DE HUATA,"anticoncepcion, prevencion de its y de cancer de cuello uterino",inyectable trimestral: usuarias continuas,2015-07-01,0,2,11,6,0,19
SANTIAGO DE MACHACA,"anticoncepcion, prevencion de its y de cancer de cuello uterino",inyectable trimestral: usuarias continuas,2015-07-01,0,1,7,3,0,11
SANTIVAÃ‘ES,"anticoncepcion, prevencion de its y de cancer de cuello uterino",inyectable trimestral: usuarias continuas,2015-07-01,0,3,19,6,0,28
SANTUARIO DE QUILLACAS,"anticoncepcion, prevencion de its y de cancer de cuello uterino",inyectable trimestral: usuarias continuas,2015-07-01,0,0,10,5,0,15
SAPAHAQUI,"anticoncepcion, prevencion de its y de cancer de cuello uterino",inyectable trimestral: usuarias continuas,2015-07-01,0,1,15,12,0,28
SENA,"anticoncepcion, prevencion de its y de cancer de cuello uterino",inyectable trimestral: usuarias continuas,2015-07-01,0,2,13,4,0,19
SHINAOTA,"anticoncepcion, prevencion de its y de cancer de cuello uterino",inyectable trimestral: usuarias continuas,2015-07-01,0,3,42,9,0,54
SICA SICA (VILLA AROMA),"anticoncepcion, prevencion de its y de cancer de cuello uterino",inyectable trimestral: usuarias continuas,2015-07-01,0,2,44,34,1,81
SICAYA,"anticoncepcion, prevencion de its y de cancer de cuello uterino",inyectable trimestral: usuarias continuas,2015-07-01,0,2,8,11,0,21
SIPE SIPE,"anticoncepcion, prevencion de its y de cancer de cuello uterino",inyectable trimestral: usuarias continuas,2015-07-01,0,15,142,69,0,226
SOPACHUY,"anticoncepcion, prevencion de its y de cancer de cuello uterino",inyectable trimestral: usuarias continuas,2015-07-01,0,3,21,17,0,41
SORACACHI,"anticoncepcion, prevencion de its y de cancer de cuello uterino",inyectable trimestral: usuarias continuas,2015-07-01,0,1,12,9,0,22
SORATA,"anticoncepcion, prevencion de its y de cancer de cuello uterino",inyectable trimestral: usuarias continuas,2015-07-01,0,0,26,18,0,44
SUCRE,"anticoncepcion, prevencion de its y de cancer de cuello uterino",inyectable trimestral: usuarias continuas,2015-07-01,1,83,383,158,0,625
TACACHI,"anticoncepcion, prevencion de its y de cancer de cuello uterino",inyectable trimestral: usuarias continuas,2015-07-01,0,0,4,0,0,4
TACACOMA,"anticoncepcion, prevencion de its y de cancer de cuello uterino",inyectable trimestral: usuarias continuas,2015-07-01,0,3,23,9,0,35
TACOBAMBA,"anticoncepcion, prevencion de its y de cancer de cuello uterino",inyectable trimestral: usuarias continuas,2015-07-01,0,1,12,12,0,25
TACOPAYA,"anticoncepcion, prevencion de its y de cancer de cuello uterino",inyectable trimestral: usuarias continuas,2015-07-01,0,1,7,5,0,13
TAHUA,"anticoncepcion, prevencion de its y de cancer de cuello uterino",inyectable trimestral: usuarias continuas,2015-07-01,0,0,1,1,0,2
TAPACARI,"anticoncepcion, prevencion de its y de cancer de cuello uterino",inyectable trimestral: usuarias continuas,2015-07-01,0,3,55,42,0,100
TARABUCO,"anticoncepcion, prevencion de its y de cancer de cuello uterino",inyectable trimestral: usuarias continuas,2015-07-01,0,5,29,21,1,56
TARACO,"anticoncepcion, prevencion de its y de cancer de cuello uterino",inyectable trimestral: usuarias continuas,2015-07-01,0,2,12,9,0,23
TARATA,"anticoncepcion, prevencion de its y de cancer de cuello uterino",inyectable trimestral: usuarias continuas,2015-07-01,0,6,22,10,0,38
TARIJA,"anticoncepcion, prevencion de its y de cancer de cuello uterino",inyectable trimestral: usuarias continuas,2015-07-01,1,33,201,98,4,337
TARVITA,"anticoncepcion, prevencion de its y de cancer de cuello uterino",inyectable trimestral: usuarias continuas,2015-07-01,0,4,20,20,0,44
TEOPONTE,"anticoncepcion, prevencion de its y de cancer de cuello uterino",inyectable trimestral: usuarias continuas,2015-07-01,0,4,11,4,0,19
TIAWANACU,"anticoncepcion, prevencion de its y de cancer de cuello uterino",inyectable trimestral: usuarias continuas,2015-07-01,0,6,25,20,0,51
TINGUIPAYA,"anticoncepcion, prevencion de its y de cancer de cuello uterino",inyectable trimestral: usuarias continuas,2015-07-01,0,1,25,10,0,36
TIPUANI,"anticoncepcion, prevencion de its y de cancer de cuello uterino",inyectable trimestral: usuarias continuas,2015-07-01,0,2,19,11,0,32
TIQUIPAYA,"anticoncepcion, prevencion de its y de cancer de cuello uterino",inyectable trimestral: usuarias continuas,2015-07-01,0,6,70,29,0,105
TIRAQUE (CBBA),"anticoncepcion, prevencion de its y de cancer de cuello uterino",inyectable trimestral: usuarias continuas,2015-07-01,0,6,55,38,0,99
TITO YUPANQUI (PARQUIPUJIO),"anticoncepcion, prevencion de its y de cancer de cuello uterino",inyectable trimestral: usuarias continuas,2015-07-01,0,0,1,0,0,1
TOCO,"anticoncepcion, prevencion de its y de cancer de cuello uterino",inyectable trimestral: usuarias continuas,2015-07-01,0,4,14,11,0,29
TODOS SANTOS,"anticoncepcion, prevencion de its y de cancer de cuello uterino",inyectable trimestral: usuarias continuas,2015-07-01,0,0,1,0,0,1
TOLATA,"anticoncepcion, prevencion de its y de cancer de cuello uterino",inyectable trimestral: usuarias continuas,2015-07-01,0,0,16,10,0,26
TOLEDO,"anticoncepcion, prevencion de its y de cancer de cuello uterino",inyectable trimestral: usuarias continuas,2015-07-01,0,0,4,1,0,5
TOMAVE,"anticoncepcion, prevencion de its y de cancer de cuello uterino",inyectable trimestral: usuarias continuas,2015-07-01,0,1,19,19,0,39
TOMINA,"anticoncepcion, prevencion de its y de cancer de cuello uterino",inyectable trimestral: usuarias continuas,2015-07-01,0,5,38,36,1,80
TORO TORO,"anticoncepcion, prevencion de its y de cancer de cuello uterino",inyectable trimestral: usuarias continuas,2015-07-01,0,4,27,6,0,37
TOTORA(CBBA),"anticoncepcion, prevencion de its y de cancer de cuello uterino",inyectable trimestral: usuarias continuas,2015-07-01,3,24,62,12,0,101
TOTORA(ORR),"anticoncepcion, prevencion de its y de cancer de cuello uterino",inyectable trimestral: usuarias continuas,2015-07-01,0,0,19,6,1,26
TRIGAL,"anticoncepcion, prevencion de its y de cancer de cuello uterino",inyectable trimestral: usuarias continuas,2015-07-01,0,2,9,1,0,12
TRINIDAD,"anticoncepcion, prevencion de its y de cancer de cuello uterino",inyectable trimestral: usuarias continuas,2015-07-01,0,13,74,14,0,101
TUPIZA,"anticoncepcion, prevencion de its y de cancer de cuello uterino",inyectable trimestral: usuarias continuas,2015-07-01,0,7,104,35,0,146
TURCO,"anticoncepcion, prevencion de its y de cancer de cuello uterino",inyectable trimestral: usuarias continuas,2015-07-01,0,0,7,3,0,10
UMALA,"anticoncepcion, prevencion de its y de cancer de cuello uterino",inyectable trimestral: usuarias continuas,2015-07-01,1,1,6,3,0,11
UNCIA,"anticoncepcion, prevencion de its y de cancer de cuello uterino",inyectable trimestral: usuarias continuas,2015-07-01,0,3,36,27,0,66
URIONDO (A. CONCEPCION),"anticoncepcion, prevencion de its y de cancer de cuello uterino",inyectable trimestral: usuarias continuas,2015-07-01,0,8,69,34,0,111
URUBICHA,"anticoncepcion, prevencion de its y de cancer de cuello uterino",inyectable trimestral: usuarias continuas,2015-07-01,0,0,7,3,0,10
UYUNI,"anticoncepcion, prevencion de its y de cancer de cuello uterino",inyectable trimestral: usuarias continuas,2015-07-01,0,4,28,10,0,42
VACAS,"anticoncepcion, prevencion de its y de cancer de cuello uterino",inyectable trimestral: usuarias continuas,2015-07-01,0,3,31,14,1,49
VALLEGRANDE,"anticoncepcion, prevencion de its y de cancer de cuello uterino",inyectable trimestral: usuarias continuas,2015-07-01,0,15,56,7,0,78
VIACHA,"anticoncepcion, prevencion de its y de cancer de cuello uterino",inyectable trimestral: usuarias continuas,2015-07-01,0,10,114,50,1,175
VILA VILA,"anticoncepcion, prevencion de its y de cancer de cuello uterino",inyectable trimestral: usuarias continuas,2015-07-01,0,0,5,3,0,8
VILLA CHARCAS,"anticoncepcion, prevencion de its y de cancer de cuello uterino",inyectable trimestral: usuarias continuas,2015-07-01,0,2,44,30,1,77
VILLA MONTES,"anticoncepcion, prevencion de its y de cancer de cuello uterino",inyectable trimestral: usuarias continuas,2015-07-01,1,10,66,22,0,99
VILLA NUEVA (LOMA ALTA),"anticoncepcion, prevencion de its y de cancer de cuello uterino",inyectable trimestral: usuarias continuas,2015-07-01,0,0,4,1,0,5
VILLA RIVERO,"anticoncepcion, prevencion de its y de cancer de cuello uterino",inyectable trimestral: usuarias continuas,2015-07-01,0,3,21,17,0,41
VILLA SERRANO,"anticoncepcion, prevencion de its y de cancer de cuello uterino",inyectable trimestral: usuarias continuas,2015-07-01,0,4,28,28,4,64
VILLA TUNARI,"anticoncepcion, prevencion de its y de cancer de cuello uterino",inyectable trimestral: usuarias continuas,2015-07-01,2,26,254,90,0,372
VILLA VACA GUZMAN (MUYUPAMPA),"anticoncepcion, prevencion de its y de cancer de cuello uterino",inyectable trimestral: usuarias continuas,2015-07-01,0,2,31,13,0,46
VILLAZON,"anticoncepcion, prevencion de its y de cancer de cuello uterino",inyectable trimestral: usuarias continuas,2015-07-01,0,14,107,50,0,171
VINTO,"anticoncepcion, prevencion de its y de cancer de cuello uterino",inyectable trimestral: usuarias continuas,2015-07-01,0,10,81,16,0,107
VITICHI,"anticoncepcion, prevencion de its y de cancer de cuello uterino",inyectable trimestral: usuarias continuas,2015-07-01,0,2,13,10,0,25
WALDO BALLIVIAN,"anticoncepcion, prevencion de its y de cancer de cuello uterino",inyectable trimestral: usuarias continuas,2015-07-01,0,0,2,3,0,5
WARNES,"anticoncepcion, prevencion de its y de cancer de cuello uterino",inyectable trimestral: usuarias continuas,2015-07-01,0,40,159,44,2,245
YACO,"anticoncepcion, prevencion de its y de cancer de cuello uterino",inyectable trimestral: usuarias continuas,2015-07-01,0,0,15,6,0,21
YACUIBA,"anticoncepcion, prevencion de its y de cancer de cuello uterino",inyectable trimestral: usuarias continuas,2015-07-01,1,33,189,86,2,311
YAMPARAEZ,"anticoncepcion, prevencion de its y de cancer de cuello uterino",inyectable trimestral: usuarias continuas,2015-07-01,0,1,3,6,0,10
YANACACHI,"anticoncepcion, prevencion de its y de cancer de cuello uterino",inyectable trimestral: usuarias continuas,2015-07-01,0,0,13,9,0,22
YAPACANI,"anticoncepcion, prevencion de its y de cancer de cuello uterino",inyectable trimestral: usuarias continuas,2015-07-01,0,10,62,23,0,95
YOCALLA,"anticoncepcion, prevencion de its y de cancer de cuello uterino",inyectable trimestral: usuarias continuas,2015-07-01,0,1,12,3,0,16
YOTALA,"anticoncepcion, prevencion de its y de cancer de cuello uterino",inyectable trimestral: usuarias continuas,2015-07-01,0,0,12,7,1,20
YUNCHARA,"anticoncepcion, prevencion de its y de cancer de cuello uterino",inyectable trimestral: usuarias continuas,2015-07-01,0,6,36,18,0,60
ZUDAÃ‘EZ,"anticoncepcion, prevencion de its y de cancer de cuello uterino",inyectable trimestral: usuarias continuas,2015-07-01,0,1,38,18,1,58
ACACIO,"anticoncepcion, prevencion de its y de cancer de cuello uterino",inyectable trimestral: usuarias continuas,2015-08-01,0,2,9,6,0,17
ACHACACHI,"anticoncepcion, prevencion de its y de cancer de cuello uterino",inyectable trimestral: usuarias continuas,2015-08-01,1,4,50,42,0,97
ACHOCALLA,"anticoncepcion, prevencion de its y de cancer de cuello uterino",inyectable trimestral: usuarias continuas,2015-08-01,0,5,28,19,0,52
AIQUILE,"anticoncepcion, prevencion de its y de cancer de cuello uterino",inyectable trimestral: usuarias continuas,2015-08-01,0,4,30,28,0,62
ALALAY,"anticoncepcion, prevencion de its y de cancer de cuello uterino",inyectable trimestral: usuarias continuas,2015-08-01,0,0,6,4,0,10
ALCALA,"anticoncepcion, prevencion de its y de cancer de cuello uterino",inyectable trimestral: usuarias continuas,2015-08-01,0,0,16,12,0,28
ALTO BENI,"anticoncepcion, prevencion de its y de cancer de cuello uterino",inyectable trimestral: usuarias continuas,2015-08-01,0,2,23,13,0,38
ANCORAIMES,"anticoncepcion, prevencion de its y de cancer de cuello uterino",inyectable trimestral: usuarias continuas,2015-08-01,0,1,9,6,0,16
ANDAMARCA,"anticoncepcion, prevencion de its y de cancer de cuello uterino",inyectable trimestral: usuarias continuas,2015-08-01,0,0,5,5,0,10
ANTEQUERA,"anticoncepcion, prevencion de its y de cancer de cuello uterino",inyectable trimestral: usuarias continuas,2015-08-01,0,0,5,1,0,6
ANZALDO,"anticoncepcion, prevencion de its y de cancer de cuello uterino",inyectable trimestral: usuarias continuas,2015-08-01,0,2,28,15,1,46
APOLO,"anticoncepcion, prevencion de its y de cancer de cuello uterino",inyectable trimestral: usuarias continuas,2015-08-01,0,2,28,16,0,46
ARAMPAMPA,"anticoncepcion, prevencion de its y de cancer de cuello uterino",inyectable trimestral: usuarias continuas,2015-08-01,0,2,5,3,0,10
ARANI,"anticoncepcion, prevencion de its y de cancer de cuello uterino",inyectable trimestral: usuarias continuas,2015-08-01,0,0,13,8,0,21
ARBIETO,"anticoncepcion, prevencion de its y de cancer de cuello uterino",inyectable trimestral: usuarias continuas,2015-08-01,2,4,44,22,0,72
ARQUE,"anticoncepcion, prevencion de its y de cancer de cuello uterino",inyectable trimestral: usuarias continuas,2015-08-01,0,2,42,28,0,72
ASCENCION DE GUARAYOS,"anticoncepcion, prevencion de its y de cancer de cuello uterino",inyectable trimestral: usuarias continuas,2015-08-01,0,7,22,6,0,35
ATOCHA,"anticoncepcion, prevencion de its y de cancer de cuello uterino",inyectable trimestral: usuarias continuas,2015-08-01,0,2,32,25,0,59
AUCAPATA,"anticoncepcion, prevencion de its y de cancer de cuello uterino",inyectable trimestral: usuarias continuas,2015-08-01,0,0,7,4,0,11
AYATA,"anticoncepcion, prevencion de its y de cancer de cuello uterino",inyectable trimestral: usuarias continuas,2015-08-01,0,2,19,19,0,40
AYO AYO,"anticoncepcion, prevencion de its y de cancer de cuello uterino",inyectable trimestral: usuarias continuas,2015-08-01,0,1,7,6,0,14
AYOPAYA (V. DE INDEPENDENCIA),"anticoncepcion, prevencion de its y de cancer de cuello uterino",inyectable trimestral: usuarias continuas,2015-08-01,0,5,87,61,0,153
AZURDUY,"anticoncepcion, prevencion de its y de cancer de cuello uterino",inyectable trimestral: usuarias continuas,2015-08-01,0,4,33,29,1,67
BATALLAS,"anticoncepcion, prevencion de its y de cancer de cuello uterino",inyectable trimestral: usuarias continuas,2015-08-01,0,3,21,14,0,38
BAURES,"anticoncepcion, prevencion de its y de cancer de cuello uterino",inyectable trimestral: usuarias continuas,2015-08-01,0,3,4,0,0,7
BELEN DE ANDAMARCA,"anticoncepcion, prevencion de its y de cancer de cuello uterino",inyectable trimestral: usuarias continuas,2015-08-01,0,0,0,1,0,1
BELLA FLOR,"anticoncepcion, prevencion de its y de cancer de cuello uterino",inyectable trimestral: usuarias continuas,2015-08-01,0,3,5,6,0,14
BERMEJO,"anticoncepcion, prevencion de its y de cancer de cuello uterino",inyectable trimestral: usuarias continuas,2015-08-01,0,8,67,26,0,101
BETANZOS,"anticoncepcion, prevencion de its y de cancer de cuello uterino",inyectable trimestral: usuarias continuas,2015-08-01,0,5,48,43,0,96
BOLIVAR,"anticoncepcion, prevencion de its y de cancer de cuello uterino",inyectable trimestral: usuarias continuas,2015-08-01,0,0,13,10,0,23
BOLPEBRA,"anticoncepcion, prevencion de its y de cancer de cuello uterino",inyectable trimestral: usuarias continuas,2015-08-01,0,1,4,1,0,6
BOYUIBE,"anticoncepcion, prevencion de its y de cancer de cuello uterino",inyectable trimestral: usuarias continuas,2015-08-01,0,0,6,2,0,8
BUENA VISTA,"anticoncepcion, prevencion de its y de cancer de cuello uterino",inyectable trimestral: usuarias continuas,2015-08-01,0,6,32,13,0,51
CABEZAS,"anticoncepcion, prevencion de its y de cancer de cuello uterino",inyectable trimestral: usuarias continuas,2015-08-01,1,14,82,27,2,126
CAIROMA,"anticoncepcion, prevencion de its y de cancer de cuello uterino",inyectable trimestral: usuarias continuas,2015-08-01,0,1,25,15,0,41
"CAIZA ""D""","anticoncepcion, prevencion de its y de cancer de cuello uterino",inyectable trimestral: usuarias continuas,2015-08-01,0,1,8,4,1,14
CAJUATA,"anticoncepcion, prevencion de its y de cancer de cuello uterino",inyectable trimestral: usuarias continuas,2015-08-01,0,3,22,8,0,33
CALACOTO,"anticoncepcion, prevencion de its y de cancer de cuello uterino",inyectable trimestral: usuarias continuas,2015-08-01,0,0,3,3,0,6
CALAMARCA,"anticoncepcion, prevencion de its y de cancer de cuello uterino",inyectable trimestral: usuarias continuas,2015-08-01,0,1,30,13,0,44
CAMARGO,"anticoncepcion, prevencion de its y de cancer de cuello uterino",inyectable trimestral: usuarias continuas,2015-08-01,0,1,12,20,0,33
CAMATAQUI (C. VILLA ABECIA),"anticoncepcion, prevencion de its y de cancer de cuello uterino",inyectable trimestral: usuarias continuas,2015-08-01,0,0,8,10,0,18
CAMIRI,"anticoncepcion, prevencion de its y de cancer de cuello uterino",inyectable trimestral: usuarias continuas,2015-08-01,0,4,51,13,0,68
CAPINOTA,"anticoncepcion, prevencion de its y de cancer de cuello uterino",inyectable trimestral: usuarias continuas,2015-08-01,0,3,47,21,0,71
CAQUIAVIRI,"anticoncepcion, prevencion de its y de cancer de cuello uterino",inyectable trimestral: usuarias continuas,2015-08-01,0,2,18,5,0,25
CARACOLLO,"anticoncepcion, prevencion de its y de cancer de cuello uterino",inyectable trimestral: usuarias continuas,2015-08-01,0,1,40,23,0,64
CARANAVI,"anticoncepcion, prevencion de its y de cancer de cuello uterino",inyectable trimestral: usuarias continuas,2015-08-01,0,7,60,29,0,96
CARANGAS,"anticoncepcion, prevencion de its y de cancer de cuello uterino",inyectable trimestral: usuarias continuas,2015-08-01,0,1,0,0,0,1
CARAPARI,"anticoncepcion, prevencion de its y de cancer de cuello uterino",inyectable trimestral: usuarias continuas,2015-08-01,0,3,37,26,0,66
CARIPUYO,"anticoncepcion, prevencion de its y de cancer de cuello uterino",inyectable trimestral: usuarias continuas,2015-08-01,0,4,5,8,0,17
CARMEN RIVERO TORREZ,"anticoncepcion, prevencion de its y de cancer de cuello uterino",inyectable trimestral: usuarias continuas,2015-08-01,0,0,10,2,0,12
CATACORA,"anticoncepcion, prevencion de its y de cancer de cuello uterino",inyectable trimestral: usuarias continuas,2015-08-01,0,1,0,7,4,12
CHACARILLA,"anticoncepcion, prevencion de its y de cancer de cuello uterino",inyectable trimestral: usuarias continuas,2015-08-01,0,1,4,1,0,6
CHALLAPATA,"anticoncepcion, prevencion de its y de cancer de cuello uterino",inyectable trimestral: usuarias continuas,2015-08-01,0,1,18,13,0,32
CHAQUI,"anticoncepcion, prevencion de its y de cancer de cuello uterino",inyectable trimestral: usuarias continuas,2015-08-01,0,3,20,7,0,30
CHARAGUA,"anticoncepcion, prevencion de its y de cancer de cuello uterino",inyectable trimestral: usuarias continuas,2015-08-01,0,2,26,23,0,51
CHARAÃ‘A,"anticoncepcion, prevencion de its y de cancer de cuello uterino",inyectable trimestral: usuarias continuas,2015-08-01,0,0,4,1,0,5
CHAYANTA,"anticoncepcion, prevencion de its y de cancer de cuello uterino",inyectable trimestral: usuarias continuas,2015-08-01,0,3,33,21,0,57
CHIMORE,"anticoncepcion, prevencion de its y de cancer de cuello uterino",inyectable trimestral: usuarias continuas,2015-08-01,0,1,40,13,0,54
CHIPAYA,"anticoncepcion, prevencion de its y de cancer de cuello uterino",inyectable trimestral: usuarias continuas,2015-08-01,0,2,7,0,0,9
CHOQUE COTA,"anticoncepcion, prevencion de its y de cancer de cuello uterino",inyectable trimestral: usuarias continuas,2015-08-01,0,0,2,1,0,3
CHUA COCANI,"anticoncepcion, prevencion de its y de cancer de cuello uterino",inyectable trimestral: usuarias continuas,2015-08-01,0,0,4,4,0,8
CHULUMANI (V. DE LA LIBERTAD),"anticoncepcion, prevencion de its y de cancer de cuello uterino",inyectable trimestral: usuarias continuas,2015-08-01,0,1,16,8,0,25
CHUMA,"anticoncepcion, prevencion de its y de cancer de cuello uterino",inyectable trimestral: usuarias continuas,2015-08-01,0,1,31,14,0,46
CHUQUIHUTA AYLLU JUCUMANI,"anticoncepcion, prevencion de its y de cancer de cuello uterino",inyectable trimestral: usuarias continuas,2015-08-01,0,1,16,7,0,24
CKOCHAS,"anticoncepcion, prevencion de its y de cancer de cuello uterino",inyectable trimestral: usuarias continuas,2015-08-01,0,2,22,23,0,47
CLIZA,"anticoncepcion, prevencion de its y de cancer de cuello uterino",inyectable trimestral: usuarias continuas,2015-08-01,0,1,39,6,0,46
COBIJA,"anticoncepcion, prevencion de its y de cancer de cuello uterino",inyectable trimestral: usuarias continuas,2015-08-01,1,28,87,18,0,134
COCAPATA,"anticoncepcion, prevencion de its y de cancer de cuello uterino",inyectable trimestral: usuarias continuas,2015-08-01,0,6,34,9,0,49
COCHABAMBA,"anticoncepcion, prevencion de its y de cancer de cuello uterino",inyectable trimestral: usuarias continuas,2015-08-01,0,34,322,89,1,446
COIPASA,"anticoncepcion, prevencion de its y de cancer de cuello uterino",inyectable trimestral: usuarias continuas,2015-08-01,0,0,2,1,0,3
COLCAPIRHUA,"anticoncepcion, prevencion de its y de cancer de cuello uterino",inyectable trimestral: usuarias continuas,2015-08-01,0,7,59,4,0,70
"COLCHA ""K""","anticoncepcion, prevencion de its y de cancer de cuello uterino",inyectable trimestral: usuarias continuas,2015-08-01,0,3,41,19,0,63
COLLANA,"anticoncepcion, prevencion de its y de cancer de cuello uterino",inyectable trimestral: usuarias continuas,2015-08-01,0,0,5,2,0,7
COLOMI,"anticoncepcion, prevencion de its y de cancer de cuello uterino",inyectable trimestral: usuarias continuas,2015-08-01,0,9,62,20,0,91
COLPA BELGICA,"anticoncepcion, prevencion de its y de cancer de cuello uterino",inyectable trimestral: usuarias continuas,2015-08-01,0,1,13,2,0,16
COLQUECHACA,"anticoncepcion, prevencion de its y de cancer de cuello uterino",inyectable trimestral: usuarias continuas,2015-08-01,0,1,33,23,0,57
COLQUENCHA,"anticoncepcion, prevencion de its y de cancer de cuello uterino",inyectable trimestral: usuarias continuas,2015-08-01,0,3,16,7,0,26
COLQUIRI,"anticoncepcion, prevencion de its y de cancer de cuello uterino",inyectable trimestral: usuarias continuas,2015-08-01,0,0,11,5,0,16
COMANCHE,"anticoncepcion, prevencion de its y de cancer de cuello uterino",inyectable trimestral: usuarias continuas,2015-08-01,0,2,3,0,0,5
COMARAPA,"anticoncepcion, prevencion de its y de cancer de cuello uterino",inyectable trimestral: usuarias continuas,2015-08-01,0,9,46,26,0,81
COMBAYA,"anticoncepcion, prevencion de its y de cancer de cuello uterino",inyectable trimestral: usuarias continuas,2015-08-01,0,1,2,0,0,3
CONCEPCION,"anticoncepcion, prevencion de its y de cancer de cuello uterino",inyectable trimestral: usuarias continuas,2015-08-01,0,10,24,5,0,39
COPACABANA,"anticoncepcion, prevencion de its y de cancer de cuello uterino",inyectable trimestral: usuarias continuas,2015-08-01,0,4,22,18,0,44
CORIPATA,"anticoncepcion, prevencion de its y de cancer de cuello uterino",inyectable trimestral: usuarias continuas,2015-08-01,0,3,19,8,0,30
CORO CORO,"anticoncepcion, prevencion de its y de cancer de cuello uterino",inyectable trimestral: usuarias continuas,2015-08-01,0,0,11,5,0,16
COROICO,"anticoncepcion, prevencion de its y de cancer de cuello uterino",inyectable trimestral: usuarias continuas,2015-08-01,0,2,13,2,0,17
CORQUE,"anticoncepcion, prevencion de its y de cancer de cuello uterino",inyectable trimestral: usuarias continuas,2015-08-01,0,0,8,4,0,12
COTAGAITA,"anticoncepcion, prevencion de its y de cancer de cuello uterino",inyectable trimestral: usuarias continuas,2015-08-01,0,3,48,34,0,85
COTOCA,"anticoncepcion, prevencion de its y de cancer de cuello uterino",inyectable trimestral: usuarias continuas,2015-08-01,0,12,82,29,0,123
CUATRO CAÃ‘ADAS,"anticoncepcion, prevencion de its y de cancer de cuello uterino",inyectable trimestral: usuarias continuas,2015-08-01,0,8,21,12,0,41
CUCHUMUELA (V. G. VILLARROEL),"anticoncepcion, prevencion de its y de cancer de cuello uterino",inyectable trimestral: usuarias continuas,2015-08-01,0,1,4,2,0,7
CUEVO,"anticoncepcion, prevencion de its y de cancer de cuello uterino",inyectable trimestral: usuarias continuas,2015-08-01,0,1,14,7,0,22
CULPINA,"anticoncepcion, prevencion de its y de cancer de cuello uterino",inyectable trimestral: usuarias continuas,2015-08-01,0,8,76,50,0,134
CURAHUARA DE CARANGAS,"anticoncepcion, prevencion de its y de cancer de cuello uterino",inyectable trimestral: usuarias continuas,2015-08-01,0,1,10,8,0,19
CURVA,"anticoncepcion, prevencion de its y de cancer de cuello uterino",inyectable trimestral: usuarias continuas,2015-08-01,0,0,8,0,0,8
DESAGUADERO,"anticoncepcion, prevencion de its y de cancer de cuello uterino",inyectable trimestral: usuarias continuas,2015-08-01,0,1,10,3,0,14
EL ALTO,"anticoncepcion, prevencion de its y de cancer de cuello uterino",inyectable trimestral: usuarias continuas,2015-08-01,1,56,806,277,1,1141
EL CHORO,"anticoncepcion, prevencion de its y de cancer de cuello uterino",inyectable trimestral: usuarias continuas,2015-08-01,0,2,7,3,0,12
EL PUENTE(STC),"anticoncepcion, prevencion de its y de cancer de cuello uterino",inyectable trimestral: usuarias continuas,2015-08-01,0,9,31,6,0,46
EL PUENTE(TJA),"anticoncepcion, prevencion de its y de cancer de cuello uterino",inyectable trimestral: usuarias continuas,2015-08-01,0,6,55,42,2,105
EL TORNO,"anticoncepcion, prevencion de its y de cancer de cuello uterino",inyectable trimestral: usuarias continuas,2015-08-01,3,21,94,39,0,157
EL VILLAR,"anticoncepcion, prevencion de its y de cancer de cuello uterino",inyectable trimestral: usuarias continuas,2015-08-01,0,2,20,18,0,40
ENTRE RIOS TRJ,"anticoncepcion, prevencion de its y de cancer de cuello uterino",inyectable trimestral: usuarias continuas,2015-08-01,1,19,95,45,1,161
ENTRE RIOS CBBA,"anticoncepcion, prevencion de its y de cancer de cuello uterino",inyectable trimestral: usuarias continuas,2015-08-01,0,10,42,16,0,68
ESCOMA,"anticoncepcion, prevencion de its y de cancer de cuello uterino",inyectable trimestral: usuarias continuas,2015-08-01,0,0,1,0,0,1
ESMERALDA,"anticoncepcion, prevencion de its y de cancer de cuello uterino",inyectable trimestral: usuarias continuas,2015-08-01,0,0,2,0,0,2
EUCALIPTUS,"anticoncepcion, prevencion de its y de cancer de cuello uterino",inyectable trimestral: usuarias continuas,2015-08-01,0,0,6,3,0,9
EUREKA (SANTOS MERCADO),"anticoncepcion, prevencion de its y de cancer de cuello uterino",inyectable trimestral: usuarias continuas,2015-08-01,0,0,2,1,0,3
EXALTACION,"anticoncepcion, prevencion de its y de cancer de cuello uterino",inyectable trimestral: usuarias continuas,2015-08-01,0,0,3,0,0,3
FERNANDEZ ALONSO,"anticoncepcion, prevencion de its y de cancer de cuello uterino",inyectable trimestral: usuarias continuas,2015-08-01,0,2,26,19,1,48
FILADELFIA,"anticoncepcion, prevencion de its y de cancer de cuello uterino",inyectable trimestral: usuarias continuas,2015-08-01,0,4,8,0,0,12
GENERAL SAAVEDRA,"anticoncepcion, prevencion de its y de cancer de cuello uterino",inyectable trimestral: usuarias continuas,2015-08-01,0,5,45,13,1,64
GRAL. J.J. PEREZ (CHARAZANI),"anticoncepcion, prevencion de its y de cancer de cuello uterino",inyectable trimestral: usuarias continuas,2015-08-01,0,0,22,5,0,27
GUANAY,"anticoncepcion, prevencion de its y de cancer de cuello uterino",inyectable trimestral: usuarias continuas,2015-08-01,0,2,15,4,0,21
GUAQUI,"anticoncepcion, prevencion de its y de cancer de cuello uterino",inyectable trimestral: usuarias continuas,2015-08-01,0,0,16,10,1,27
GUAYARAMERIN,"anticoncepcion, prevencion de its y de cancer de cuello uterino",inyectable trimestral: usuarias continuas,2015-08-01,0,4,9,0,0,13
GUTIERREZ,"anticoncepcion, prevencion de its y de cancer de cuello uterino",inyectable trimestral: usuarias continuas,2015-08-01,0,1,23,7,0,31
HUACARETA,"anticoncepcion, prevencion de its y de cancer de cuello uterino",inyectable trimestral: usuarias continuas,2015-08-01,0,7,31,7,1,46
HUACAYA (VILLA DE HUACAYA),"anticoncepcion, prevencion de its y de cancer de cuello uterino",inyectable trimestral: usuarias continuas,2015-08-01,0,0,11,2,0,13
HUACHACALLA,"anticoncepcion, prevencion de its y de cancer de cuello uterino",inyectable trimestral: usuarias continuas,2015-08-01,0,0,2,1,0,3
HUANUNI,"anticoncepcion, prevencion de its y de cancer de cuello uterino",inyectable trimestral: usuarias continuas,2015-08-01,0,0,9,5,0,14
HUARACAJE,"anticoncepcion, prevencion de its y de cancer de cuello uterino",inyectable trimestral: usuarias continuas,2015-08-01,0,0,5,2,1,8
HUARINA,"anticoncepcion, prevencion de its y de cancer de cuello uterino",inyectable trimestral: usuarias continuas,2015-08-01,0,0,6,8,0,14
HUATAJATA,"anticoncepcion, prevencion de its y de cancer de cuello uterino",inyectable trimestral: usuarias continuas,2015-08-01,0,0,0,5,0,5
HUAYLLAMARCA,"anticoncepcion, prevencion de its y de cancer de cuello uterino",inyectable trimestral: usuarias continuas,2015-08-01,0,3,7,10,0,20
HUMANATA,"anticoncepcion, prevencion de its y de cancer de cuello uterino",inyectable trimestral: usuarias continuas,2015-08-01,0,2,3,6,0,11
ICHOCA,"anticoncepcion, prevencion de its y de cancer de cuello uterino",inyectable trimestral: usuarias continuas,2015-08-01,0,0,4,2,0,6
ICLA,"anticoncepcion, prevencion de its y de cancer de cuello uterino",inyectable trimestral: usuarias continuas,2015-08-01,0,2,13,19,0,34
INCAHUASI,"anticoncepcion, prevencion de its y de cancer de cuello uterino",inyectable trimestral: usuarias continuas,2015-08-01,0,3,31,14,0,48
INGAVI (HUMAITA),"anticoncepcion, prevencion de its y de cancer de cuello uterino",inyectable trimestral: usuarias continuas,2015-08-01,0,0,13,0,1,14
INQUISIVI,"anticoncepcion, prevencion de its y de cancer de cuello uterino",inyectable trimestral: usuarias continuas,2015-08-01,0,1,17,9,0,27
IRUPANA (VILLA DE LANZA),"anticoncepcion, prevencion de its y de cancer de cuello uterino",inyectable trimestral: usuarias continuas,2015-08-01,0,2,49,16,1,68
IXIAMAS,"anticoncepcion, prevencion de its y de cancer de cuello uterino",inyectable trimestral: usuarias continuas,2015-08-01,1,6,12,2,0,21
JESUS DE MACHACA,"anticoncepcion, prevencion de its y de cancer de cuello uterino",inyectable trimestral: usuarias continuas,2015-08-01,0,1,15,13,0,29
LA ASUNTA,"anticoncepcion, prevencion de its y de cancer de cuello uterino",inyectable trimestral: usuarias continuas,2015-08-01,0,10,118,39,0,167
LA GUARDIA,"anticoncepcion, prevencion de its y de cancer de cuello uterino",inyectable trimestral: usuarias continuas,2015-08-01,0,20,77,30,0,127
LA PAZ,"anticoncepcion, prevencion de its y de cancer de cuello uterino",inyectable trimestral: usuarias continuas,2015-08-01,0,23,293,75,1,392
LAGUNILLAS,"anticoncepcion, prevencion de its y de cancer de cuello uterino",inyectable trimestral: usuarias continuas,2015-08-01,0,0,9,5,0,14
LAJA,"anticoncepcion, prevencion de its y de cancer de cuello uterino",inyectable trimestral: usuarias continuas,2015-08-01,1,1,23,13,0,38
LAS CARRERAS,"anticoncepcion, prevencion de its y de cancer de cuello uterino",inyectable trimestral: usuarias continuas,2015-08-01,0,2,11,4,0,17
LICOMA PAMPA,"anticoncepcion, prevencion de its y de cancer de cuello uterino",inyectable trimestral: usuarias continuas,2015-08-01,0,2,8,10,0,20
LLALLAGUA,"anticoncepcion, prevencion de its y de cancer de cuello uterino",inyectable trimestral: usuarias continuas,2015-08-01,0,0,31,17,0,48
LLICA,"anticoncepcion, prevencion de its y de cancer de cuello uterino",inyectable trimestral: usuarias continuas,2015-08-01,0,1,16,7,1,25
LORETO,"anticoncepcion, prevencion de its y de cancer de cuello uterino",inyectable trimestral: usuarias continuas,2015-08-01,1,2,13,2,0,18
LURIBAY,"anticoncepcion, prevencion de its y de cancer de cuello uterino",inyectable trimestral: usuarias continuas,2015-08-01,1,3,15,15,0,34
MACHACAMARCA,"anticoncepcion, prevencion de its y de cancer de cuello uterino",inyectable trimestral: usuarias continuas,2015-08-01,0,0,2,1,0,3
MACHARETI,"anticoncepcion, prevencion de its y de cancer de cuello uterino",inyectable trimestral: usuarias continuas,2015-08-01,0,5,32,14,0,51
MAGDALENA,"anticoncepcion, prevencion de its y de cancer de cuello uterino",inyectable trimestral: usuarias continuas,2015-08-01,0,7,14,11,0,32
MAIRANA,"anticoncepcion, prevencion de its y de cancer de cuello uterino",inyectable trimestral: usuarias continuas,2015-08-01,0,3,20,11,0,34
MALLA,"anticoncepcion, prevencion de its y de cancer de cuello uterino",inyectable trimestral: usuarias continuas,2015-08-01,0,0,5,2,0,7
MAPIRI,"anticoncepcion, prevencion de its y de cancer de cuello uterino",inyectable trimestral: usuarias continuas,2015-08-01,0,2,7,8,0,17
MECAPACA,"anticoncepcion, prevencion de its y de cancer de cuello uterino",inyectable trimestral: usuarias continuas,2015-08-01,0,2,18,9,0,29
MINEROS,"anticoncepcion, prevencion de its y de cancer de cuello uterino",inyectable trimestral: usuarias continuas,2015-08-01,0,9,48,17,0,74
MIZQUE,"anticoncepcion, prevencion de its y de cancer de cuello uterino",inyectable trimestral: usuarias continuas,2015-08-01,0,11,76,33,0,120
MOCOMOCO,"anticoncepcion, prevencion de its y de cancer de cuello uterino",inyectable trimestral: usuarias continuas,2015-08-01,0,0,13,11,0,24
MOJINETE,"anticoncepcion, prevencion de its y de cancer de cuello uterino",inyectable trimestral: usuarias continuas,2015-08-01,0,0,0,1,0,1
MOJOCOYA,"anticoncepcion, prevencion de its y de cancer de cuello uterino",inyectable trimestral: usuarias continuas,2015-08-01,0,4,38,18,1,61
MONTEAGUDO,"anticoncepcion, prevencion de its y de cancer de cuello uterino",inyectable trimestral: usuarias continuas,2015-08-01,0,8,40,38,0,86
MONTERO,"anticoncepcion, prevencion de its y de cancer de cuello uterino",inyectable trimestral: usuarias continuas,2015-08-01,0,29,132,41,0,202
MORO MORO,"anticoncepcion, prevencion de its y de cancer de cuello uterino",inyectable trimestral: usuarias continuas,2015-08-01,0,1,8,6,0,15
MOROCHATA,"anticoncepcion, prevencion de its y de cancer de cuello uterino",inyectable trimestral: usuarias continuas,2015-08-01,0,6,32,37,2,77
NACEBE (SANTA ROSA DEL ABUNA),"anticoncepcion, prevencion de its y de cancer de cuello uterino",inyectable trimestral: usuarias continuas,2015-08-01,0,3,7,0,0,10
NAZACARA DE PACAJES,"anticoncepcion, prevencion de its y de cancer de cuello uterino",inyectable trimestral: usuarias continuas,2015-08-01,0,1,0,1,0,2
NUEVO MANOA (NUEVA ESPERANZA),"anticoncepcion, prevencion de its y de cancer de cuello uterino",inyectable trimestral: usuarias continuas,2015-08-01,0,3,0,1,0,4
OCURI,"anticoncepcion, prevencion de its y de cancer de cuello uterino",inyectable trimestral: usuarias continuas,2015-08-01,0,0,25,11,0,36
OKINAWA,"anticoncepcion, prevencion de its y de cancer de cuello uterino",inyectable trimestral: usuarias continuas,2015-08-01,1,14,39,17,0,71
OMEREQUE,"anticoncepcion, prevencion de its y de cancer de cuello uterino",inyectable trimestral: usuarias continuas,2015-08-01,0,5,17,18,0,40
ORURO,"anticoncepcion, prevencion de its y de cancer de cuello uterino",inyectable trimestral: usuarias continuas,2015-08-01,0,23,338,119,1,481
PADCAYA,"anticoncepcion, prevencion de its y de cancer de cuello uterino",inyectable trimestral: usuarias continuas,2015-08-01,0,15,92,64,3,174
PADILLA,"anticoncepcion, prevencion de its y de cancer de cuello uterino",inyectable trimestral: usuarias continuas,2015-08-01,0,1,55,24,0,80
PAILON,"anticoncepcion, prevencion de its y de cancer de cuello uterino",inyectable trimestral: usuarias continuas,2015-08-01,0,3,26,3,0,32
PALCA,"anticoncepcion, prevencion de its y de cancer de cuello uterino",inyectable trimestral: usuarias continuas,2015-08-01,0,5,25,12,0,42
PALOS BLANCOS,"anticoncepcion, prevencion de its y de cancer de cuello uterino",inyectable trimestral: usuarias continuas,2015-08-01,1,7,36,28,0,72
PAMPA AULLAGAS,"anticoncepcion, prevencion de its y de cancer de cuello uterino",inyectable trimestral: usuarias continuas,2015-08-01,0,0,3,3,0,6
PAMPA GRANDE,"anticoncepcion, prevencion de its y de cancer de cuello uterino",inyectable trimestral: usuarias continuas,2015-08-01,0,1,26,18,0,45
PAPEL PAMPA,"anticoncepcion, prevencion de its y de cancer de cuello uterino",inyectable trimestral: usuarias continuas,2015-08-01,0,5,12,7,0,24
PASORAPA,"anticoncepcion, prevencion de its y de cancer de cuello uterino",inyectable trimestral: usuarias continuas,2015-08-01,0,2,15,8,3,28
PATACAMAYA,"anticoncepcion, prevencion de its y de cancer de cuello uterino",inyectable trimestral: usuarias continuas,2015-08-01,0,2,10,6,0,18
PAZÃ‘A,"anticoncepcion, prevencion de its y de cancer de cuello uterino",inyectable trimestral: usuarias continuas,2015-08-01,0,0,18,7,0,25
PELECHUCO,"anticoncepcion, prevencion de its y de cancer de cuello uterino",inyectable trimestral: usuarias continuas,2015-08-01,0,2,13,8,0,23
POCOATA,"anticoncepcion, prevencion de its y de cancer de cuello uterino",inyectable trimestral: usuarias continuas,2015-08-01,0,0,23,26,0,49
POCONA,"anticoncepcion, prevencion de its y de cancer de cuello uterino",inyectable trimestral: usuarias continuas,2015-08-01,0,9,55,29,1,94
POJO (CBBA),"anticoncepcion, prevencion de its y de cancer de cuello uterino",inyectable trimestral: usuarias continuas,2015-08-01,0,4,42,30,1,77
POOPO,"anticoncepcion, prevencion de its y de cancer de cuello uterino",inyectable trimestral: usuarias continuas,2015-08-01,0,0,9,2,0,11
PORCO,"anticoncepcion, prevencion de its y de cancer de cuello uterino",inyectable trimestral: usuarias continuas,2015-08-01,0,0,18,5,0,23
POROMA,"anticoncepcion, prevencion de its y de cancer de cuello uterino",inyectable trimestral: usuarias continuas,2015-08-01,0,7,42,41,0,90
PORONGO,"anticoncepcion, prevencion de its y de cancer de cuello uterino",inyectable trimestral: usuarias continuas,2015-08-01,0,2,12,6,0,20
PORTACHUELO,"anticoncepcion, prevencion de its y de cancer de cuello uterino",inyectable trimestral: usuarias continuas,2015-08-01,0,3,35,5,0,43
PORVENIR,"anticoncepcion, prevencion de its y de cancer de cuello uterino",inyectable trimestral: usuarias continuas,2015-08-01,0,4,23,6,0,33
POSTRER VALLE,"anticoncepcion, prevencion de its y de cancer de cuello uterino",inyectable trimestral: usuarias continuas,2015-08-01,0,0,7,4,0,11
POTOSI,"anticoncepcion, prevencion de its y de cancer de cuello uterino",inyectable trimestral: usuarias continuas,2015-08-01,0,31,394,137,1,563
PRESTO,"anticoncepcion, prevencion de its y de cancer de cuello uterino",inyectable trimestral: usuarias continuas,2015-08-01,0,2,21,14,0,37
PUCARA,"anticoncepcion, prevencion de its y de cancer de cuello uterino",inyectable trimestral: usuarias continuas,2015-08-01,0,0,13,5,0,18
PUCARANI,"anticoncepcion, prevencion de its y de cancer de cuello uterino",inyectable trimestral: usuarias continuas,2015-08-01,0,5,74,41,1,121
PUERTO ACOSTA,"anticoncepcion, prevencion de its y de cancer de cuello uterino",inyectable trimestral: usuarias continuas,2015-08-01,0,0,9,7,0,16
PUERTO CARABUCO,"anticoncepcion, prevencion de its y de cancer de cuello uterino",inyectable trimestral: usuarias continuas,2015-08-01,0,1,16,15,0,32
PUERTO GONZALO MORENO,"anticoncepcion, prevencion de its y de cancer de cuello uterino",inyectable trimestral: usuarias continuas,2015-08-01,0,0,18,3,0,21
PUERTO PEREZ,"anticoncepcion, prevencion de its y de cancer de cuello uterino",inyectable trimestral: usuarias continuas,2015-08-01,0,0,5,7,0,12
PUERTO QUIJARRO,"anticoncepcion, prevencion de its y de cancer de cuello uterino",inyectable trimestral: usuarias continuas,2015-08-01,0,0,10,3,0,13
PUERTO RICO,"anticoncepcion, prevencion de its y de cancer de cuello uterino",inyectable trimestral: usuarias continuas,2015-08-01,0,12,45,13,0,70
PUERTO SUAREZ,"anticoncepcion, prevencion de its y de cancer de cuello uterino",inyectable trimestral: usuarias continuas,2015-08-01,0,2,5,0,0,7
PUERTO VILLARROEL,"anticoncepcion, prevencion de its y de cancer de cuello uterino",inyectable trimestral: usuarias continuas,2015-08-01,0,11,71,21,2,105
PUNA,"anticoncepcion, prevencion de its y de cancer de cuello uterino",inyectable trimestral: usuarias continuas,2015-08-01,0,4,31,20,0,55
PUNATA,"anticoncepcion, prevencion de its y de cancer de cuello uterino",inyectable trimestral: usuarias continuas,2015-08-01,0,2,46,9,0,57
QUIABAYA,"anticoncepcion, prevencion de its y de cancer de cuello uterino",inyectable trimestral: usuarias continuas,2015-08-01,0,1,5,6,1,13
QUILLACOLLO,"anticoncepcion, prevencion de its y de cancer de cuello uterino",inyectable trimestral: usuarias continuas,2015-08-01,0,8,112,16,0,136
QUIME,"anticoncepcion, prevencion de its y de cancer de cuello uterino",inyectable trimestral: usuarias continuas,2015-08-01,0,4,22,6,1,33
QUIRUSILLAS,"anticoncepcion, prevencion de its y de cancer de cuello uterino",inyectable trimestral: usuarias continuas,2015-08-01,0,0,3,1,0,4
RAVELO,"anticoncepcion, prevencion de its y de cancer de cuello uterino",inyectable trimestral: usuarias continuas,2015-08-01,1,4,41,37,1,84
REYES,"anticoncepcion, prevencion de its y de cancer de cuello uterino",inyectable trimestral: usuarias continuas,2015-08-01,0,3,16,3,0,22
RIBERALTA,"anticoncepcion, prevencion de its y de cancer de cuello uterino",inyectable trimestral: usuarias continuas,2015-08-01,2,21,80,23,0,126
ROBORE,"anticoncepcion, prevencion de its y de cancer de cuello uterino",inyectable trimestral: usuarias continuas,2015-08-01,0,5,31,1,0,37
RURRENABAQUE,"anticoncepcion, prevencion de its y de cancer de cuello uterino",inyectable trimestral: usuarias continuas,2015-08-01,0,2,23,5,0,30
SABAYA,"anticoncepcion, prevencion de its y de cancer de cuello uterino",inyectable trimestral: usuarias continuas,2015-08-01,0,0,6,0,0,6
SACABA,"anticoncepcion, prevencion de its y de cancer de cuello uterino",inyectable trimestral: usuarias continuas,2015-08-01,0,18,120,31,0,169
SACABAMBA,"anticoncepcion, prevencion de its y de cancer de cuello uterino",inyectable trimestral: usuarias continuas,2015-08-01,0,1,6,5,0,12
SACACA,"anticoncepcion, prevencion de its y de cancer de cuello uterino",inyectable trimestral: usuarias continuas,2015-08-01,0,1,31,18,0,50
SAIPINA,"anticoncepcion, prevencion de its y de cancer de cuello uterino",inyectable trimestral: usuarias continuas,2015-08-01,0,3,11,7,0,21
SALINAS DE GARCI MENDOZA,"anticoncepcion, prevencion de its y de cancer de cuello uterino",inyectable trimestral: usuarias continuas,2015-08-01,0,0,13,5,0,18
SAMAIPATA,"anticoncepcion, prevencion de its y de cancer de cuello uterino",inyectable trimestral: usuarias continuas,2015-08-01,0,3,18,8,0,29
SAN AGUSTIN,"anticoncepcion, prevencion de its y de cancer de cuello uterino",inyectable trimestral: usuarias continuas,2015-08-01,0,0,11,3,0,14
SAN ANDRES,"anticoncepcion, prevencion de its y de cancer de cuello uterino",inyectable trimestral: usuarias continuas,2015-08-01,0,16,15,12,0,43
SAN ANDRES DE MACHACA,"anticoncepcion, prevencion de its y de cancer de cuello uterino",inyectable trimestral: usuarias continuas,2015-08-01,0,0,3,1,0,4
SAN ANTONIO DE ESMORUCO,"anticoncepcion, prevencion de its y de cancer de cuello uterino",inyectable trimestral: usuarias continuas,2015-08-01,0,1,6,1,0,8
SAN ANTONIO DE LOMERIO,"anticoncepcion, prevencion de its y de cancer de cuello uterino",inyectable trimestral: usuarias continuas,2015-08-01,0,4,31,22,0,57
SAN BENITO,"anticoncepcion, prevencion de its y de cancer de cuello uterino",inyectable trimestral: usuarias continuas,2015-08-01,0,2,20,13,0,35
SAN BORJA,"anticoncepcion, prevencion de its y de cancer de cuello uterino",inyectable trimestral: usuarias continuas,2015-08-01,1,8,86,36,0,131
SAN BUENA VENTURA,"anticoncepcion, prevencion de its y de cancer de cuello uterino",inyectable trimestral: usuarias continuas,2015-08-01,0,2,19,5,0,26
SAN CARLOS,"anticoncepcion, prevencion de its y de cancer de cuello uterino",inyectable trimestral: usuarias continuas,2015-08-01,0,4,32,17,1,54
SAN IGNACIO,"anticoncepcion, prevencion de its y de cancer de cuello uterino",inyectable trimestral: usuarias continuas,2015-08-01,0,16,76,20,1,113
SAN IGNACIO DE VELASCO,"anticoncepcion, prevencion de its y de cancer de cuello uterino",inyectable trimestral: usuarias continuas,2015-08-01,0,18,132,46,1,197
SAN JAVIER(BNI),"anticoncepcion, prevencion de its y de cancer de cuello uterino",inyectable trimestral: usuarias continuas,2015-08-01,0,2,5,0,0,7
SAN JAVIER(STC),"anticoncepcion, prevencion de its y de cancer de cuello uterino",inyectable trimestral: usuarias continuas,2015-08-01,1,4,27,9,0,41
SAN JOAQUIN,"anticoncepcion, prevencion de its y de cancer de cuello uterino",inyectable trimestral: usuarias continuas,2015-08-01,0,2,3,0,0,5
SAN JOSE DE CHIQUITOS,"anticoncepcion, prevencion de its y de cancer de cuello uterino",inyectable trimestral: usuarias continuas,2015-08-01,0,5,28,10,0,43
SAN JUAN DE YAPACANI,"anticoncepcion, prevencion de its y de cancer de cuello uterino",inyectable trimestral: usuarias continuas,2015-08-01,0,5,23,13,0,41
SAN JULIAN,"anticoncepcion, prevencion de its y de cancer de cuello uterino",inyectable trimestral: usuarias continuas,2015-08-01,0,18,56,31,0,105
SAN LORENZO(PND),"anticoncepcion, prevencion de its y de cancer de cuello uterino",inyectable trimestral: usuarias continuas,2015-08-01,0,3,11,5,0,19
SAN LORENZO(TJA),"anticoncepcion, prevencion de its y de cancer de cuello uterino",inyectable trimestral: usuarias continuas,2015-08-01,0,12,85,37,1,135
SAN LUCAS,"anticoncepcion, prevencion de its y de cancer de cuello uterino",inyectable trimestral: usuarias continuas,2015-08-01,0,10,42,56,0,108
SAN MATIAS,"anticoncepcion, prevencion de its y de cancer de cuello uterino",inyectable trimestral: usuarias continuas,2015-08-01,0,0,20,9,0,29
SAN MIGUEL DE VELASCO,"anticoncepcion, prevencion de its y de cancer de cuello uterino",inyectable trimestral: usuarias continuas,2015-08-01,0,3,30,19,1,53
SAN PABLO DE LIPEZ,"anticoncepcion, prevencion de its y de cancer de cuello uterino",inyectable trimestral: usuarias continuas,2015-08-01,0,0,8,3,0,11
SAN PEDRO,"anticoncepcion, prevencion de its y de cancer de cuello uterino",inyectable trimestral: usuarias continuas,2015-08-01,0,10,28,18,0,56
SAN PEDRO DE BUENA VISTA,"anticoncepcion, prevencion de its y de cancer de cuello uterino",inyectable trimestral: usuarias continuas,2015-08-01,0,4,37,22,0,63
SAN PEDRO DE CURAHUARA,"anticoncepcion, prevencion de its y de cancer de cuello uterino",inyectable trimestral: usuarias continuas,2015-08-01,0,0,4,5,0,9
SAN PEDRO DE QUEMES,"anticoncepcion, prevencion de its y de cancer de cuello uterino",inyectable trimestral: usuarias continuas,2015-08-01,0,0,2,1,0,3
SAN PEDRO DE TIQUINA,"anticoncepcion, prevencion de its y de cancer de cuello uterino",inyectable trimestral: usuarias continuas,2015-08-01,0,0,6,6,0,12
SAN PEDRO(PND),"anticoncepcion, prevencion de its y de cancer de cuello uterino",inyectable trimestral: usuarias continuas,2015-08-01,0,0,4,1,0,5
SAN RAFAEL,"anticoncepcion, prevencion de its y de cancer de cuello uterino",inyectable trimestral: usuarias continuas,2015-08-01,0,7,27,11,1,46
SAN RAMON BENI,"anticoncepcion, prevencion de its y de cancer de cuello uterino",inyectable trimestral: usuarias continuas,2015-08-01,1,2,6,0,0,9
SAN RAMON SCZ,"anticoncepcion, prevencion de its y de cancer de cuello uterino",inyectable trimestral: usuarias continuas,2015-08-01,0,9,28,7,0,44
SANTA ANA,"anticoncepcion, prevencion de its y de cancer de cuello uterino",inyectable trimestral: usuarias continuas,2015-08-01,0,1,9,2,0,12
SANTA CRUZ DE LA SIERRA,"anticoncepcion, prevencion de its y de cancer de cuello uterino",inyectable trimestral: usuarias continuas,2015-08-01,1,71,300,75,0,447
SANTA ROSA,"anticoncepcion, prevencion de its y de cancer de cuello uterino",inyectable trimestral: usuarias continuas,2015-08-01,0,0,0,2,0,2
SANTA ROSA DEL SARA,"anticoncepcion, prevencion de its y de cancer de cuello uterino",inyectable trimestral: usuarias continuas,2015-08-01,0,10,33,11,0,54
SANTIAGO DE CALLAPA,"anticoncepcion, prevencion de its y de cancer de cuello uterino",inyectable trimestral: usuarias continuas,2015-08-01,0,1,2,2,0,5
SANTIAGO DE HUARI,"anticoncepcion, prevencion de its y de cancer de cuello uterino",inyectable trimestral: usuarias continuas,2015-08-01,0,1,10,4,0,15
SANTIAGO DE HUATA,"anticoncepcion, prevencion de its y de cancer de cuello uterino",inyectable trimestral: usuarias continuas,2015-08-01,0,0,9,4,1,14
SANTIAGO DE MACHACA,"anticoncepcion, prevencion de its y de cancer de cuello uterino",inyectable trimestral: usuarias continuas,2015-08-01,0,1,5,7,0,13
SANTIVAÃ‘ES,"anticoncepcion, prevencion de its y de cancer de cuello uterino",inyectable trimestral: usuarias continuas,2015-08-01,0,1,27,9,0,37
SANTUARIO DE QUILLACAS,"anticoncepcion, prevencion de its y de cancer de cuello uterino",inyectable trimestral: usuarias continuas,2015-08-01,0,1,4,1,0,6
SAPAHAQUI,"anticoncepcion, prevencion de its y de cancer de cuello uterino",inyectable trimestral: usuarias continuas,2015-08-01,0,1,19,10,0,30
SENA,"anticoncepcion, prevencion de its y de cancer de cuello uterino",inyectable trimestral: usuarias continuas,2015-08-01,0,3,9,1,0,13
SHINAOTA,"anticoncepcion, prevencion de its y de cancer de cuello uterino",inyectable trimestral: usuarias continuas,2015-08-01,0,7,36,13,0,56
SICA SICA (VILLA AROMA),"anticoncepcion, prevencion de its y de cancer de cuello uterino",inyectable trimestral: usuarias continuas,2015-08-01,0,2,32,23,1,58
SICAYA,"anticoncepcion, prevencion de its y de cancer de cuello uterino",inyectable trimestral: usuarias continuas,2015-08-01,0,0,12,4,0,16
SIPE SIPE,"anticoncepcion, prevencion de its y de cancer de cuello uterino",inyectable trimestral: usuarias continuas,2015-08-01,0,16,127,50,1,194
SOPACHUY,"anticoncepcion, prevencion de its y de cancer de cuello uterino",inyectable trimestral: usuarias continuas,2015-08-01,0,2,20,14,1,37
SORACACHI,"anticoncepcion, prevencion de its y de cancer de cuello uterino",inyectable trimestral: usuarias continuas,2015-08-01,0,0,11,7,0,18
SORATA,"anticoncepcion, prevencion de its y de cancer de cuello uterino",inyectable trimestral: usuarias continuas,2015-08-01,0,2,38,18,0,58
SUCRE,"anticoncepcion, prevencion de its y de cancer de cuello uterino",inyectable trimestral: usuarias continuas,2015-08-01,0,73,430,161,4,668
TACACHI,"anticoncepcion, prevencion de its y de cancer de cuello uterino",inyectable trimestral: usuarias continuas,2015-08-01,0,0,0,1,0,1
TACACOMA,"anticoncepcion, prevencion de its y de cancer de cuello uterino",inyectable trimestral: usuarias continuas,2015-08-01,0,7,35,9,0,51
TACOBAMBA,"anticoncepcion, prevencion de its y de cancer de cuello uterino",inyectable trimestral: usuarias continuas,2015-08-01,0,2,10,8,1,21
TACOPAYA,"anticoncepcion, prevencion de its y de cancer de cuello uterino",inyectable trimestral: usuarias continuas,2015-08-01,0,0,14,9,0,23
TAHUA,"anticoncepcion, prevencion de its y de cancer de cuello uterino",inyectable trimestral: usuarias continuas,2015-08-01,0,0,2,5,0,7
TAPACARI,"anticoncepcion, prevencion de its y de cancer de cuello uterino",inyectable trimestral: usuarias continuas,2015-08-01,0,2,44,35,0,81
TARABUCO,"anticoncepcion, prevencion de its y de cancer de cuello uterino",inyectable trimestral: usuarias continuas,2015-08-01,0,2,21,19,0,42
TARACO,"anticoncepcion, prevencion de its y de cancer de cuello uterino",inyectable trimestral: usuarias continuas,2015-08-01,0,0,10,13,1,24
TARATA,"anticoncepcion, prevencion de its y de cancer de cuello uterino",inyectable trimestral: usuarias continuas,2015-08-01,0,1,19,8,0,28
TARIJA,"anticoncepcion, prevencion de its y de cancer de cuello uterino",inyectable trimestral: usuarias continuas,2015-08-01,1,21,175,63,1,261
TARVITA,"anticoncepcion, prevencion de its y de cancer de cuello uterino",inyectable trimestral: usuarias continuas,2015-08-01,1,7,37,25,0,70
TEOPONTE,"anticoncepcion, prevencion de its y de cancer de cuello uterino",inyectable trimestral: usuarias continuas,2015-08-01,0,5,10,10,0,25
TIAWANACU,"anticoncepcion, prevencion de its y de cancer de cuello uterino",inyectable trimestral: usuarias continuas,2015-08-01,0,1,23,16,0,40
TINGUIPAYA,"anticoncepcion, prevencion de its y de cancer de cuello uterino",inyectable trimestral: usuarias continuas,2015-08-01,0,1,10,9,0,20
TIPUANI,"anticoncepcion, prevencion de its y de cancer de cuello uterino",inyectable trimestral: usuarias continuas,2015-08-01,0,1,10,7,0,18
TIQUIPAYA,"anticoncepcion, prevencion de its y de cancer de cuello uterino",inyectable trimestral: usuarias continuas,2015-08-01,0,11,79,19,0,109
TIRAQUE (CBBA),"anticoncepcion, prevencion de its y de cancer de cuello uterino",inyectable trimestral: usuarias continuas,2015-08-01,0,4,48,30,0,82
TITO YUPANQUI (PARQUIPUJIO),"anticoncepcion, prevencion de its y de cancer de cuello uterino",inyectable trimestral: usuarias continuas,2015-08-01,0,0,1,1,0,2
TOCO,"anticoncepcion, prevencion de its y de cancer de cuello uterino",inyectable trimestral: usuarias continuas,2015-08-01,0,1,15,12,1,29
TODOS SANTOS,"anticoncepcion, prevencion de its y de cancer de cuello uterino",inyectable trimestral: usuarias continuas,2015-08-01,0,1,0,0,0,1
TOLATA,"anticoncepcion, prevencion de its y de cancer de cuello uterino",inyectable trimestral: usuarias continuas,2015-08-01,0,0,12,7,0,19
TOLEDO,"anticoncepcion, prevencion de its y de cancer de cuello uterino",inyectable trimestral: usuarias continuas,2015-08-01,0,0,9,4,0,13
TOMAVE,"anticoncepcion, prevencion de its y de cancer de cuello uterino",inyectable trimestral: usuarias continuas,2015-08-01,0,0,13,11,0,24
TOMINA,"anticoncepcion, prevencion de its y de cancer de cuello uterino",inyectable trimestral: usuarias continuas,2015-08-01,0,2,44,38,0,84
TORO TORO,"anticoncepcion, prevencion de its y de cancer de cuello uterino",inyectable trimestral: usuarias continuas,2015-08-01,0,0,18,14,0,32
TOTORA(CBBA),"anticoncepcion, prevencion de its y de cancer de cuello uterino",inyectable trimestral: usuarias continuas,2015-08-01,0,14,47,24,49,134
TOTORA(ORR),"anticoncepcion, prevencion de its y de cancer de cuello uterino",inyectable trimestral: usuarias continuas,2015-08-01,0,2,11,0,0,13
TRIGAL,"anticoncepcion, prevencion de its y de cancer de cuello uterino",inyectable trimestral: usuarias continuas,2015-08-01,0,0,4,4,0,8
TRINIDAD,"anticoncepcion, prevencion de its y de cancer de cuello uterino",inyectable trimestral: usuarias continuas,2015-08-01,0,7,27,7,0,41
TUPIZA,"anticoncepcion, prevencion de its y de cancer de cuello uterino",inyectable trimestral: usuarias continuas,2015-08-01,0,9,110,57,1,177
TURCO,"anticoncepcion, prevencion de its y de cancer de cuello uterino",inyectable trimestral: usuarias continuas,2015-08-01,0,1,4,2,0,7
UMALA,"anticoncepcion, prevencion de its y de cancer de cuello uterino",inyectable trimestral: usuarias continuas,2015-08-01,0,3,10,7,0,20
UNCIA,"anticoncepcion, prevencion de its y de cancer de cuello uterino",inyectable trimestral: usuarias continuas,2015-08-01,0,3,25,22,0,50
URIONDO (A. CONCEPCION),"anticoncepcion, prevencion de its y de cancer de cuello uterino",inyectable trimestral: usuarias continuas,2015-08-01,0,7,62,36,3,108
URUBICHA,"anticoncepcion, prevencion de its y de cancer de cuello uterino",inyectable trimestral: usuarias continuas,2015-08-01,0,0,1,7,0,8
UYUNI,"anticoncepcion, prevencion de its y de cancer de cuello uterino",inyectable trimestral: usuarias continuas,2015-08-01,0,5,29,11,0,45
VACAS,"anticoncepcion, prevencion de its y de cancer de cuello uterino",inyectable trimestral: usuarias continuas,2015-08-01,0,6,16,25,0,47
VALLEGRANDE,"anticoncepcion, prevencion de its y de cancer de cuello uterino",inyectable trimestral: usuarias continuas,2015-08-01,0,9,42,12,0,63
VIACHA,"anticoncepcion, prevencion de its y de cancer de cuello uterino",inyectable trimestral: usuarias continuas,2015-08-01,1,50,117,35,0,203
VILA VILA,"anticoncepcion, prevencion de its y de cancer de cuello uterino",inyectable trimestral: usuarias continuas,2015-08-01,0,1,2,3,0,6
VILLA CHARCAS,"anticoncepcion, prevencion de its y de cancer de cuello uterino",inyectable trimestral: usuarias continuas,2015-08-01,0,8,35,30,1,74
VILLA MONTES,"anticoncepcion, prevencion de its y de cancer de cuello uterino",inyectable trimestral: usuarias continuas,2015-08-01,0,19,78,27,0,124
VILLA NUEVA (LOMA ALTA),"anticoncepcion, prevencion de its y de cancer de cuello uterino",inyectable trimestral: usuarias continuas,2015-08-01,0,8,7,0,0,15
VILLA RIVERO,"anticoncepcion, prevencion de its y de cancer de cuello uterino",inyectable trimestral: usuarias continuas,2015-08-01,0,7,35,14,0,56
VILLA SERRANO,"anticoncepcion, prevencion de its y de cancer de cuello uterino",inyectable trimestral: usuarias continuas,2015-08-01,0,3,18,26,0,47
VILLA TUNARI,"anticoncepcion, prevencion de its y de cancer de cuello uterino",inyectable trimestral: usuarias continuas,2015-08-01,0,36,276,79,1,392
VILLA VACA GUZMAN (MUYUPAMPA),"anticoncepcion, prevencion de its y de cancer de cuello uterino",inyectable trimestral: usuarias continuas,2015-08-01,0,5,35,20,2,62
VILLAZON,"anticoncepcion, prevencion de its y de cancer de cuello uterino",inyectable trimestral: usuarias continuas,2015-08-01,0,10,115,44,0,169
VINTO,"anticoncepcion, prevencion de its y de cancer de cuello uterino",inyectable trimestral: usuarias continuas,2015-08-01,0,11,40,12,0,63
VITICHI,"anticoncepcion, prevencion de its y de cancer de cuello uterino",inyectable trimestral: usuarias continuas,2015-08-01,0,1,11,14,0,26
WALDO BALLIVIAN,"anticoncepcion, prevencion de its y de cancer de cuello uterino",inyectable trimestral: usuarias continuas,2015-08-01,0,0,5,3,0,8
WARNES,"anticoncepcion, prevencion de its y de cancer de cuello uterino",inyectable trimestral: usuarias continuas,2015-08-01,3,39,128,43,6,219
YACO,"anticoncepcion, prevencion de its y de cancer de cuello uterino",inyectable trimestral: usuarias continuas,2015-08-01,0,1,8,5,0,14
YACUIBA,"anticoncepcion, prevencion de its y de cancer de cuello uterino",inyectable trimestral: usuarias continuas,2015-08-01,1,28,155,86,2,272
YAMPARAEZ,"anticoncepcion, prevencion de its y de cancer de cuello uterino",inyectable trimestral: usuarias continuas,2015-08-01,0,0,1,3,0,4
YANACACHI,"anticoncepcion, prevencion de its y de cancer de cuello uterino",inyectable trimestral: usuarias continuas,2015-08-01,0,0,8,3,0,11
YAPACANI,"anticoncepcion, prevencion de its y de cancer de cuello uterino",inyectable trimestral: usuarias continuas,2015-08-01,0,7,48,14,2,71
YOCALLA,"anticoncepcion, prevencion de its y de cancer de cuello uterino",inyectable trimestral: usuarias continuas,2015-08-01,0,0,12,5,0,17
YOTALA,"anticoncepcion, prevencion de its y de cancer de cuello uterino",inyectable trimestral: usuarias continuas,2015-08-01,0,0,5,10,0,15
YUNCHARA,"anticoncepcion, prevencion de its y de cancer de cuello uterino",inyectable trimestral: usuarias continuas,2015-08-01,0,5,37,21,0,63
ZUDAÃ‘EZ,"anticoncepcion, prevencion de its y de cancer de cuello uterino",inyectable trimestral: usuarias continuas,2015-08-01,0,2,32,12,1,47
ACACIO,"anticoncepcion, prevencion de its y de cancer de cuello uterino",inyectable trimestral: usuarias continuas,2015-09-01,0,1,9,3,0,13
ACHACACHI,"anticoncepcion, prevencion de its y de cancer de cuello uterino",inyectable trimestral: usuarias continuas,2015-09-01,0,6,52,29,0,87
ACHOCALLA,"anticoncepcion, prevencion de its y de cancer de cuello uterino",inyectable trimestral: usuarias continuas,2015-09-01,0,1,41,24,0,66
AIQUILE,"anticoncepcion, prevencion de its y de cancer de cuello uterino",inyectable trimestral: usuarias continuas,2015-09-01,0,3,33,23,1,60
ALALAY,"anticoncepcion, prevencion de its y de cancer de cuello uterino",inyectable trimestral: usuarias continuas,2015-09-01,0,1,1,2,0,4
ALCALA,"anticoncepcion, prevencion de its y de cancer de cuello uterino",inyectable trimestral: usuarias continuas,2015-09-01,0,0,12,12,2,26
ALTO BENI,"anticoncepcion, prevencion de its y de cancer de cuello uterino",inyectable trimestral: usuarias continuas,2015-09-01,0,0,29,19,1,49
ANCORAIMES,"anticoncepcion, prevencion de its y de cancer de cuello uterino",inyectable trimestral: usuarias continuas,2015-09-01,0,1,11,8,0,20
ANDAMARCA,"anticoncepcion, prevencion de its y de cancer de cuello uterino",inyectable trimestral: usuarias continuas,2015-09-01,0,0,8,2,0,10
ANTEQUERA,"anticoncepcion, prevencion de its y de cancer de cuello uterino",inyectable trimestral: usuarias continuas,2015-09-01,0,0,3,5,0,8
ANZALDO,"anticoncepcion, prevencion de its y de cancer de cuello uterino",inyectable trimestral: usuarias continuas,2015-09-01,0,1,12,12,0,25
APOLO,"anticoncepcion, prevencion de its y de cancer de cuello uterino",inyectable trimestral: usuarias continuas,2015-09-01,0,3,25,24,2,54
ARAMPAMPA,"anticoncepcion, prevencion de its y de cancer de cuello uterino",inyectable trimestral: usuarias continuas,2015-09-01,0,1,7,4,0,12
ARANI,"anticoncepcion, prevencion de its y de cancer de cuello uterino",inyectable trimestral: usuarias continuas,2015-09-01,0,1,7,2,0,10
ARBIETO,"anticoncepcion, prevencion de its y de cancer de cuello uterino",inyectable trimestral: usuarias continuas,2015-09-01,0,4,42,13,0,59
ARQUE,"anticoncepcion, prevencion de its y de cancer de cuello uterino",inyectable trimestral: usuarias continuas,2015-09-01,0,6,26,29,0,61
ASCENCION DE GUARAYOS,"anticoncepcion, prevencion de its y de cancer de cuello uterino",inyectable trimestral: usuarias continuas,2015-09-01,0,4,18,8,0,30
ATOCHA,"anticoncepcion, prevencion de its y de cancer de cuello uterino",inyectable trimestral: usuarias continuas,2015-09-01,0,0,39,25,0,64
AUCAPATA,"anticoncepcion, prevencion de its y de cancer de cuello uterino",inyectable trimestral: usuarias continuas,2015-09-01,0,4,16,7,0,27
AYATA,"anticoncepcion, prevencion de its y de cancer de cuello uterino",inyectable trimestral: usuarias continuas,2015-09-01,0,1,19,22,0,42
AYO AYO,"anticoncepcion, prevencion de its y de cancer de cuello uterino",inyectable trimestral: usuarias continuas,2015-09-01,0,1,22,5,0,28
AYOPAYA (V. DE INDEPENDENCIA),"anticoncepcion, prevencion de its y de cancer de cuello uterino",inyectable trimestral: usuarias continuas,2015-09-01,0,7,71,55,0,133
AZURDUY,"anticoncepcion, prevencion de its y de cancer de cuello uterino",inyectable trimestral: usuarias continuas,2015-09-01,0,4,32,26,0,62
BATALLAS,"anticoncepcion, prevencion de its y de cancer de cuello uterino",inyectable trimestral: usuarias continuas,2015-09-01,0,1,21,14,0,36
BAURES,"anticoncepcion, prevencion de its y de cancer de cuello uterino",inyectable trimestral: usuarias continuas,2015-09-01,0,0,2,0,0,2
BELEN DE ANDAMARCA,"anticoncepcion, prevencion de its y de cancer de cuello uterino",inyectable trimestral: usuarias continuas,2015-09-01,0,0,4,4,0,8
BELEN DE URMIRI,"anticoncepcion, prevencion de its y de cancer de cuello uterino",inyectable trimestral: usuarias continuas,2015-09-01,0,0,0,3,0,3
BELLA FLOR,"anticoncepcion, prevencion de its y de cancer de cuello uterino",inyectable trimestral: usuarias continuas,2015-09-01,1,3,5,3,0,12
BERMEJO,"anticoncepcion, prevencion de its y de cancer de cuello uterino",inyectable trimestral: usuarias continuas,2015-09-01,0,23,69,22,1,115
BETANZOS,"anticoncepcion, prevencion de its y de cancer de cuello uterino",inyectable trimestral: usuarias continuas,2015-09-01,0,3,48,51,0,102
BOLIVAR,"anticoncepcion, prevencion de its y de cancer de cuello uterino",inyectable trimestral: usuarias continuas,2015-09-01,0,0,10,6,0,16
BOLPEBRA,"anticoncepcion, prevencion de its y de cancer de cuello uterino",inyectable trimestral: usuarias continuas,2015-09-01,0,0,0,2,0,2
BOYUIBE,"anticoncepcion, prevencion de its y de cancer de cuello uterino",inyectable trimestral: usuarias continuas,2015-09-01,0,1,6,5,0,12
BUENA VISTA,"anticoncepcion, prevencion de its y de cancer de cuello uterino",inyectable trimestral: usuarias continuas,2015-09-01,0,5,19,11,0,35
CABEZAS,"anticoncepcion, prevencion de its y de cancer de cuello uterino",inyectable trimestral: usuarias continuas,2015-09-01,0,23,94,27,1,145
CAIROMA,"anticoncepcion, prevencion de its y de cancer de cuello uterino",inyectable trimestral: usuarias continuas,2015-09-01,0,1,15,5,0,21
"CAIZA ""D""","anticoncepcion, prevencion de its y de cancer de cuello uterino",inyectable trimestral: usuarias continuas,2015-09-01,0,0,22,15,0,37
CAJUATA,"anticoncepcion, prevencion de its y de cancer de cuello uterino",inyectable trimestral: usuarias continuas,2015-09-01,0,2,27,13,0,42
CALACOTO,"anticoncepcion, prevencion de its y de cancer de cuello uterino",inyectable trimestral: usuarias continuas,2015-09-01,0,0,3,3,2,8
CALAMARCA,"anticoncepcion, prevencion de its y de cancer de cuello uterino",inyectable trimestral: usuarias continuas,2015-09-01,0,1,31,12,1,45
CAMARGO,"anticoncepcion, prevencion de its y de cancer de cuello uterino",inyectable trimestral: usuarias continuas,2015-09-01,0,0,27,15,0,42
CAMATAQUI (C. VILLA ABECIA),"anticoncepcion, prevencion de its y de cancer de cuello uterino",inyectable trimestral: usuarias continuas,2015-09-01,0,0,8,12,0,20
CAMIRI,"anticoncepcion, prevencion de its y de cancer de cuello uterino",inyectable trimestral: usuarias continuas,2015-09-01,0,2,26,19,0,47
CAPINOTA,"anticoncepcion, prevencion de its y de cancer de cuello uterino",inyectable trimestral: usuarias continuas,2015-09-01,0,6,33,20,0,59
CAQUIAVIRI,"anticoncepcion, prevencion de its y de cancer de cuello uterino",inyectable trimestral: usuarias continuas,2015-09-01,0,0,6,3,0,9
CARACOLLO,"anticoncepcion, prevencion de its y de cancer de cuello uterino",inyectable trimestral: usuarias continuas,2015-09-01,0,0,27,23,0,50
CARANAVI,"anticoncepcion, prevencion de its y de cancer de cuello uterino",inyectable trimestral: usuarias continuas,2015-09-01,0,8,59,35,2,104
CARANGAS,"anticoncepcion, prevencion de its y de cancer de cuello uterino",inyectable trimestral: usuarias continuas,2015-09-01,0,0,1,2,0,3
CARAPARI,"anticoncepcion, prevencion de its y de cancer de cuello uterino",inyectable trimestral: usuarias continuas,2015-09-01,1,9,56,20,0,86
CARIPUYO,"anticoncepcion, prevencion de its y de cancer de cuello uterino",inyectable trimestral: usuarias continuas,2015-09-01,0,3,13,10,1,27
CARMEN RIVERO TORREZ,"anticoncepcion, prevencion de its y de cancer de cuello uterino",inyectable trimestral: usuarias continuas,2015-09-01,0,0,4,2,0,6
CATACORA,"anticoncepcion, prevencion de its y de cancer de cuello uterino",inyectable trimestral: usuarias continuas,2015-09-01,0,2,1,2,0,5
CHACARILLA,"anticoncepcion, prevencion de its y de cancer de cuello uterino",inyectable trimestral: usuarias continuas,2015-09-01,0,0,4,1,0,5
CHALLAPATA,"anticoncepcion, prevencion de its y de cancer de cuello uterino",inyectable trimestral: usuarias continuas,2015-09-01,0,2,34,15,1,52
CHAQUI,"anticoncepcion, prevencion de its y de cancer de cuello uterino",inyectable trimestral: usuarias continuas,2015-09-01,0,2,22,11,0,35
CHARAGUA,"anticoncepcion, prevencion de its y de cancer de cuello uterino",inyectable trimestral: usuarias continuas,2015-09-01,0,1,30,10,0,41
CHARAÃ‘A,"anticoncepcion, prevencion de its y de cancer de cuello uterino",inyectable trimestral: usuarias continuas,2015-09-01,0,0,3,3,0,6
CHAYANTA,"anticoncepcion, prevencion de its y de cancer de cuello uterino",inyectable trimestral: usuarias continuas,2015-09-01,0,2,38,21,0,61
CHIMORE,"anticoncepcion, prevencion de its y de cancer de cuello uterino",inyectable trimestral: usuarias continuas,2015-09-01,0,11,56,16,0,83
CHIPAYA,"anticoncepcion, prevencion de its y de cancer de cuello uterino",inyectable trimestral: usuarias continuas,2015-09-01,0,3,12,4,0,19
CHOQUE COTA,"anticoncepcion, prevencion de its y de cancer de cuello uterino",inyectable trimestral: usuarias continuas,2015-09-01,0,0,1,2,0,3
CHUA COCANI,"anticoncepcion, prevencion de its y de cancer de cuello uterino",inyectable trimestral: usuarias continuas,2015-09-01,0,1,1,2,0,4
CHULUMANI (V. DE LA LIBERTAD),"anticoncepcion, prevencion de its y de cancer de cuello uterino",inyectable trimestral: usuarias continuas,2015-09-01,0,2,27,4,0,33
CHUMA,"anticoncepcion, prevencion de its y de cancer de cuello uterino",inyectable trimestral: usuarias continuas,2015-09-01,0,4,21,24,0,49
CHUQUIHUTA AYLLU JUCUMANI,"anticoncepcion, prevencion de its y de cancer de cuello uterino",inyectable trimestral: usuarias continuas,2015-09-01,0,0,7,2,0,9
CKOCHAS,"anticoncepcion, prevencion de its y de cancer de cuello uterino",inyectable trimestral: usuarias continuas,2015-09-01,0,0,19,30,0,49
CLIZA,"anticoncepcion, prevencion de its y de cancer de cuello uterino",inyectable trimestral: usuarias continuas,2015-09-01,0,6,22,11,1,40
COBIJA,"anticoncepcion, prevencion de its y de cancer de cuello uterino",inyectable trimestral: usuarias continuas,2015-09-01,0,25,101,33,0,159
COCAPATA,"anticoncepcion, prevencion de its y de cancer de cuello uterino",inyectable trimestral: usuarias continuas,2015-09-01,0,6,29,32,0,67
COCHABAMBA,"anticoncepcion, prevencion de its y de cancer de cuello uterino",inyectable trimestral: usuarias continuas,2015-09-01,0,35,302,86,1,424
COIPASA,"anticoncepcion, prevencion de its y de cancer de cuello uterino",inyectable trimestral: usuarias continuas,2015-09-01,0,0,3,0,0,3
COLCAPIRHUA,"anticoncepcion, prevencion de its y de cancer de cuello uterino",inyectable trimestral: usuarias continuas,2015-09-01,0,3,49,9,0,61
"COLCHA ""K""","anticoncepcion, prevencion de its y de cancer de cuello uterino",inyectable trimestral: usuarias continuas,2015-09-01,0,5,36,22,0,63
COLLANA,"anticoncepcion, prevencion de its y de cancer de cuello uterino",inyectable trimestral: usuarias continuas,2015-09-01,0,0,10,5,0,15
COLOMI,"anticoncepcion, prevencion de its y de cancer de cuello uterino",inyectable trimestral: usuarias continuas,2015-09-01,0,8,55,17,0,80
COLPA BELGICA,"anticoncepcion, prevencion de its y de cancer de cuello uterino",inyectable trimestral: usuarias continuas,2015-09-01,0,2,12,2,0,16
COLQUECHACA,"anticoncepcion, prevencion de its y de cancer de cuello uterino",inyectable trimestral: usuarias continuas,2015-09-01,0,3,43,28,0,74
COLQUENCHA,"anticoncepcion, prevencion de its y de cancer de cuello uterino",inyectable trimestral: usuarias continuas,2015-09-01,0,1,23,19,0,43
COLQUIRI,"anticoncepcion, prevencion de its y de cancer de cuello uterino",inyectable trimestral: usuarias continuas,2015-09-01,0,2,25,10,1,38
COMANCHE,"anticoncepcion, prevencion de its y de cancer de cuello uterino",inyectable trimestral: usuarias continuas,2015-09-01,0,1,1,0,0,2
COMARAPA,"anticoncepcion, prevencion de its y de cancer de cuello uterino",inyectable trimestral: usuarias continuas,2015-09-01,0,13,81,32,0,126
COMBAYA,"anticoncepcion, prevencion de its y de cancer de cuello uterino",inyectable trimestral: usuarias continuas,2015-09-01,0,0,1,1,0,2
CONCEPCION,"anticoncepcion, prevencion de its y de cancer de cuello uterino",inyectable trimestral: usuarias continuas,2015-09-01,0,5,36,5,0,46
COPACABANA,"anticoncepcion, prevencion de its y de cancer de cuello uterino",inyectable trimestral: usuarias continuas,2015-09-01,0,1,37,14,0,52
CORIPATA,"anticoncepcion, prevencion de its y de cancer de cuello uterino",inyectable trimestral: usuarias continuas,2015-09-01,0,0,44,21,0,65
CORO CORO,"anticoncepcion, prevencion de its y de cancer de cuello uterino",inyectable trimestral: usuarias continuas,2015-09-01,0,1,12,10,0,23
COROICO,"anticoncepcion, prevencion de its y de cancer de cuello uterino",inyectable trimestral: usuarias continuas,2015-09-01,0,0,13,4,1,18
CORQUE,"anticoncepcion, prevencion de its y de cancer de cuello uterino",inyectable trimestral: usuarias continuas,2015-09-01,0,3,9,4,0,16
COTAGAITA,"anticoncepcion, prevencion de its y de cancer de cuello uterino",inyectable trimestral: usuarias continuas,2015-09-01,0,2,69,33,0,104
COTOCA,"anticoncepcion, prevencion de its y de cancer de cuello uterino",inyectable trimestral: usuarias continuas,2015-09-01,0,15,78,26,0,119
CUATRO CAÃ‘ADAS,"anticoncepcion, prevencion de its y de cancer de cuello uterino",inyectable trimestral: usuarias continuas,2015-09-01,0,5,38,16,0,59
CUCHUMUELA (V. G. VILLARROEL),"anticoncepcion, prevencion de its y de cancer de cuello uterino",inyectable trimestral: usuarias continuas,2015-09-01,0,0,9,6,0,15
CUEVO,"anticoncepcion, prevencion de its y de cancer de cuello uterino",inyectable trimestral: usuarias continuas,2015-09-01,0,0,14,9,0,23
CULPINA,"anticoncepcion, prevencion de its y de cancer de cuello uterino",inyectable trimestral: usuarias continuas,2015-09-01,0,6,37,37,1,81
CURAHUARA DE CARANGAS,"anticoncepcion, prevencion de its y de cancer de cuello uterino",inyectable trimestral: usuarias continuas,2015-09-01,0,1,11,3,0,15
CURVA,"anticoncepcion, prevencion de its y de cancer de cuello uterino",inyectable trimestral: usuarias continuas,2015-09-01,0,0,0,1,0,1
DESAGUADERO,"anticoncepcion, prevencion de its y de cancer de cuello uterino",inyectable trimestral: usuarias continuas,2015-09-01,0,0,6,2,0,8
EL ALTO,"anticoncepcion, prevencion de its y de cancer de cuello uterino",inyectable trimestral: usuarias continuas,2015-09-01,1,64,752,310,3,1130
EL CHORO,"anticoncepcion, prevencion de its y de cancer de cuello uterino",inyectable trimestral: usuarias continuas,2015-09-01,0,0,5,4,0,9
EL PUENTE(STC),"anticoncepcion, prevencion de its y de cancer de cuello uterino",inyectable trimestral: usuarias continuas,2015-09-01,0,6,39,23,0,68
EL PUENTE(TJA),"anticoncepcion, prevencion de its y de cancer de cuello uterino",inyectable trimestral: usuarias continuas,2015-09-01,0,2,49,31,1,83
EL TORNO,"anticoncepcion, prevencion de its y de cancer de cuello uterino",inyectable trimestral: usuarias continuas,2015-09-01,3,19,87,28,1,138
EL VILLAR,"anticoncepcion, prevencion de its y de cancer de cuello uterino",inyectable trimestral: usuarias continuas,2015-09-01,0,5,14,22,0,41
ENTRE RIOS TRJ,"anticoncepcion, prevencion de its y de cancer de cuello uterino",inyectable trimestral: usuarias continuas,2015-09-01,0,16,81,52,1,150
ENTRE RIOS CBBA,"anticoncepcion, prevencion de its y de cancer de cuello uterino",inyectable trimestral: usuarias continuas,2015-09-01,0,6,53,21,0,80
ESCOMA,"anticoncepcion, prevencion de its y de cancer de cuello uterino",inyectable trimestral: usuarias continuas,2015-09-01,0,1,2,0,0,3
EUCALIPTUS,"anticoncepcion, prevencion de its y de cancer de cuello uterino",inyectable trimestral: usuarias continuas,2015-09-01,0,1,6,4,0,11
EUREKA (SANTOS MERCADO),"anticoncepcion, prevencion de its y de cancer de cuello uterino",inyectable trimestral: usuarias continuas,2015-09-01,0,0,3,1,0,4
EXALTACION,"anticoncepcion, prevencion de its y de cancer de cuello uterino",inyectable trimestral: usuarias continuas,2015-09-01,0,0,2,0,0,2
FERNANDEZ ALONSO,"anticoncepcion, prevencion de its y de cancer de cuello uterino",inyectable trimestral: usuarias continuas,2015-09-01,0,7,35,16,1,59
FILADELFIA,"anticoncepcion, prevencion de its y de cancer de cuello uterino",inyectable trimestral: usuarias continuas,2015-09-01,0,2,8,1,0,11
GENERAL SAAVEDRA,"anticoncepcion, prevencion de its y de cancer de cuello uterino",inyectable trimestral: usuarias continuas,2015-09-01,0,7,36,14,1,58
GRAL. J.J. PEREZ (CHARAZANI),"anticoncepcion, prevencion de its y de cancer de cuello uterino",inyectable trimestral: usuarias continuas,2015-09-01,0,1,7,7,0,15
GUANAY,"anticoncepcion, prevencion de its y de cancer de cuello uterino",inyectable trimestral: usuarias continuas,2015-09-01,0,3,7,5,0,15
GUAQUI,"anticoncepcion, prevencion de its y de cancer de cuello uterino",inyectable trimestral: usuarias continuas,2015-09-01,0,1,8,9,0,18
GUAYARAMERIN,"anticoncepcion, prevencion de its y de cancer de cuello uterino",inyectable trimestral: usuarias continuas,2015-09-01,0,4,15,3,0,22
GUTIERREZ,"anticoncepcion, prevencion de its y de cancer de cuello uterino",inyectable trimestral: usuarias continuas,2015-09-01,0,4,18,10,0,32
HUACARETA,"anticoncepcion, prevencion de its y de cancer de cuello uterino",inyectable trimestral: usuarias continuas,2015-09-01,0,4,15,19,0,38
HUACAYA (VILLA DE HUACAYA),"anticoncepcion, prevencion de its y de cancer de cuello uterino",inyectable trimestral: usuarias continuas,2015-09-01,0,0,10,3,0,13
HUACHACALLA,"anticoncepcion, prevencion de its y de cancer de cuello uterino",inyectable trimestral: usuarias continuas,2015-09-01,0,0,1,1,0,2
HUANUNI,"anticoncepcion, prevencion de its y de cancer de cuello uterino",inyectable trimestral: usuarias continuas,2015-09-01,0,0,29,7,0,36
HUARACAJE,"anticoncepcion, prevencion de its y de cancer de cuello uterino",inyectable trimestral: usuarias continuas,2015-09-01,0,1,4,2,0,7
HUARINA,"anticoncepcion, prevencion de its y de cancer de cuello uterino",inyectable trimestral: usuarias continuas,2015-09-01,0,2,7,3,0,12
HUATAJATA,"anticoncepcion, prevencion de its y de cancer de cuello uterino",inyectable trimestral: usuarias continuas,2015-09-01,0,0,2,2,0,4
HUAYLLAMARCA,"anticoncepcion, prevencion de its y de cancer de cuello uterino",inyectable trimestral: usuarias continuas,2015-09-01,0,2,8,10,0,20
HUMANATA,"anticoncepcion, prevencion de its y de cancer de cuello uterino",inyectable trimestral: usuarias continuas,2015-09-01,0,1,2,4,1,8
ICHOCA,"anticoncepcion, prevencion de its y de cancer de cuello uterino",inyectable trimestral: usuarias continuas,2015-09-01,0,0,4,2,0,6
ICLA,"anticoncepcion, prevencion de its y de cancer de cuello uterino",inyectable trimestral: usuarias continuas,2015-09-01,0,2,10,14,0,26
INCAHUASI,"anticoncepcion, prevencion de its y de cancer de cuello uterino",inyectable trimestral: usuarias continuas,2015-09-01,1,2,19,18,0,40
INGAVI (HUMAITA),"anticoncepcion, prevencion de its y de cancer de cuello uterino",inyectable trimestral: usuarias continuas,2015-09-01,0,0,5,0,0,5
INQUISIVI,"anticoncepcion, prevencion de its y de cancer de cuello uterino",inyectable trimestral: usuarias continuas,2015-09-01,0,0,16,19,0,35
IRUPANA (VILLA DE LANZA),"anticoncepcion, prevencion de its y de cancer de cuello uterino",inyectable trimestral: usuarias continuas,2015-09-01,0,4,42,28,0,74
IXIAMAS,"anticoncepcion, prevencion de its y de cancer de cuello uterino",inyectable trimestral: usuarias continuas,2015-09-01,0,1,17,10,0,28
JESUS DE MACHACA,"anticoncepcion, prevencion de its y de cancer de cuello uterino",inyectable trimestral: usuarias continuas,2015-09-01,0,2,13,13,0,28
LA ASUNTA,"anticoncepcion, prevencion de its y de cancer de cuello uterino",inyectable trimestral: usuarias continuas,2015-09-01,0,4,106,30,0,140
LA GUARDIA,"anticoncepcion, prevencion de its y de cancer de cuello uterino",inyectable trimestral: usuarias continuas,2015-09-01,0,18,102,34,0,154
LA PAZ,"anticoncepcion, prevencion de its y de cancer de cuello uterino",inyectable trimestral: usuarias continuas,2015-09-01,0,28,311,88,1,428
LA RIVERA,"anticoncepcion, prevencion de its y de cancer de cuello uterino",inyectable trimestral: usuarias continuas,2015-09-01,0,0,2,0,0,2
LAGUNILLAS,"anticoncepcion, prevencion de its y de cancer de cuello uterino",inyectable trimestral: usuarias continuas,2015-09-01,0,1,17,7,0,25
LAJA,"anticoncepcion, prevencion de its y de cancer de cuello uterino",inyectable trimestral: usuarias continuas,2015-09-01,0,5,31,8,0,44
LAS CARRERAS,"anticoncepcion, prevencion de its y de cancer de cuello uterino",inyectable trimestral: usuarias continuas,2015-09-01,0,1,12,4,0,17
LICOMA PAMPA,"anticoncepcion, prevencion de its y de cancer de cuello uterino",inyectable trimestral: usuarias continuas,2015-09-01,0,2,9,6,0,17
LLALLAGUA,"anticoncepcion, prevencion de its y de cancer de cuello uterino",inyectable trimestral: usuarias continuas,2015-09-01,0,5,70,21,0,96
LLICA,"anticoncepcion, prevencion de its y de cancer de cuello uterino",inyectable trimestral: usuarias continuas,2015-09-01,0,5,16,6,0,27
LORETO,"anticoncepcion, prevencion de its y de cancer de cuello uterino",inyectable trimestral: usuarias continuas,2015-09-01,0,0,8,3,0,11
LURIBAY,"anticoncepcion, prevencion de its y de cancer de cuello uterino",inyectable trimestral: usuarias continuas,2015-09-01,0,2,26,18,2,48
MACHACAMARCA,"anticoncepcion, prevencion de its y de cancer de cuello uterino",inyectable trimestral: usuarias continuas,2015-09-01,0,0,8,0,0,8
MACHARETI,"anticoncepcion, prevencion de its y de cancer de cuello uterino",inyectable trimestral: usuarias continuas,2015-09-01,0,4,35,12,1,52
MAGDALENA,"anticoncepcion, prevencion de its y de cancer de cuello uterino",inyectable trimestral: usuarias continuas,2015-09-01,0,10,32,10,0,52
MAIRANA,"anticoncepcion, prevencion de its y de cancer de cuello uterino",inyectable trimestral: usuarias continuas,2015-09-01,0,7,26,10,0,43
MALLA,"anticoncepcion, prevencion de its y de cancer de cuello uterino",inyectable trimestral: usuarias continuas,2015-09-01,0,0,4,2,0,6
MAPIRI,"anticoncepcion, prevencion de its y de cancer de cuello uterino",inyectable trimestral: usuarias continuas,2015-09-01,0,1,13,5,0,19
MECAPACA,"anticoncepcion, prevencion de its y de cancer de cuello uterino",inyectable trimestral: usuarias continuas,2015-09-01,0,0,19,11,0,30
MINEROS,"anticoncepcion, prevencion de its y de cancer de cuello uterino",inyectable trimestral: usuarias continuas,2015-09-01,0,9,46,20,1,76
MIZQUE,"anticoncepcion, prevencion de its y de cancer de cuello uterino",inyectable trimestral: usuarias continuas,2015-09-01,0,9,72,33,0,114
MOCOMOCO,"anticoncepcion, prevencion de its y de cancer de cuello uterino",inyectable trimestral: usuarias continuas,2015-09-01,0,0,19,19,0,38
MOJINETE,"anticoncepcion, prevencion de its y de cancer de cuello uterino",inyectable trimestral: usuarias continuas,2015-09-01,0,0,0,3,0,3
MOJOCOYA,"anticoncepcion, prevencion de its y de cancer de cuello uterino",inyectable trimestral: usuarias continuas,2015-09-01,0,8,24,32,0,64
MONTEAGUDO,"anticoncepcion, prevencion de its y de cancer de cuello uterino",inyectable trimestral: usuarias continuas,2015-09-01,1,7,54,29,0,91
MONTERO,"anticoncepcion, prevencion de its y de cancer de cuello uterino",inyectable trimestral: usuarias continuas,2015-09-01,0,46,162,54,1,263
MORO MORO,"anticoncepcion, prevencion de its y de cancer de cuello uterino",inyectable trimestral: usuarias continuas,2015-09-01,0,4,13,8,0,25
MOROCHATA,"anticoncepcion, prevencion de its y de cancer de cuello uterino",inyectable trimestral: usuarias continuas,2015-09-01,1,6,28,24,0,59
NACEBE (SANTA ROSA DEL ABUNA),"anticoncepcion, prevencion de its y de cancer de cuello uterino",inyectable trimestral: usuarias continuas,2015-09-01,0,5,8,5,0,18
NAZACARA DE PACAJES,"anticoncepcion, prevencion de its y de cancer de cuello uterino",inyectable trimestral: usuarias continuas,2015-09-01,0,0,3,0,0,3
NUEVO MANOA (NUEVA ESPERANZA),"anticoncepcion, prevencion de its y de cancer de cuello uterino",inyectable trimestral: usuarias continuas,2015-09-01,0,1,0,1,0,2
OCURI,"anticoncepcion, prevencion de its y de cancer de cuello uterino",inyectable trimestral: usuarias continuas,2015-09-01,0,1,21,20,1,43
OKINAWA,"anticoncepcion, prevencion de its y de cancer de cuello uterino",inyectable trimestral: usuarias continuas,2015-09-01,1,5,26,11,0,43
OMEREQUE,"anticoncepcion, prevencion de its y de cancer de cuello uterino",inyectable trimestral: usuarias continuas,2015-09-01,0,4,27,12,0,43
ORURO,"anticoncepcion, prevencion de its y de cancer de cuello uterino",inyectable trimestral: usuarias continuas,2015-09-01,0,28,395,164,1,588
PADCAYA,"anticoncepcion, prevencion de its y de cancer de cuello uterino",inyectable trimestral: usuarias continuas,2015-09-01,2,21,107,88,0,218
PADILLA,"anticoncepcion, prevencion de its y de cancer de cuello uterino",inyectable trimestral: usuarias continuas,2015-09-01,0,3,69,30,0,102
PAILON,"anticoncepcion, prevencion de its y de cancer de cuello uterino",inyectable trimestral: usuarias continuas,2015-09-01,1,11,28,9,0,49
PALCA,"anticoncepcion, prevencion de its y de cancer de cuello uterino",inyectable trimestral: usuarias continuas,2015-09-01,0,1,31,7,0,39
PALOS BLANCOS,"anticoncepcion, prevencion de its y de cancer de cuello uterino",inyectable trimestral: usuarias continuas,2015-09-01,0,5,57,34,0,96
PAMPA AULLAGAS,"anticoncepcion, prevencion de its y de cancer de cuello uterino",inyectable trimestral: usuarias continuas,2015-09-01,0,0,1,2,0,3
PAMPA GRANDE,"anticoncepcion, prevencion de its y de cancer de cuello uterino",inyectable trimestral: usuarias continuas,2015-09-01,0,4,31,13,1,49
PAPEL PAMPA,"anticoncepcion, prevencion de its y de cancer de cuello uterino",inyectable trimestral: usuarias continuas,2015-09-01,0,0,11,13,0,24
PASORAPA,"anticoncepcion, prevencion de its y de cancer de cuello uterino",inyectable trimestral: usuarias continuas,2015-09-01,0,0,22,13,0,35
PATACAMAYA,"anticoncepcion, prevencion de its y de cancer de cuello uterino",inyectable trimestral: usuarias continuas,2015-09-01,0,8,9,2,0,19
PAZÃ‘A,"anticoncepcion, prevencion de its y de cancer de cuello uterino",inyectable trimestral: usuarias continuas,2015-09-01,0,0,11,13,0,24
PELECHUCO,"anticoncepcion, prevencion de its y de cancer de cuello uterino",inyectable trimestral: usuarias continuas,2015-09-01,0,0,14,7,0,21
POCOATA,"anticoncepcion, prevencion de its y de cancer de cuello uterino",inyectable trimestral: usuarias continuas,2015-09-01,0,1,12,11,0,24
POCONA,"anticoncepcion, prevencion de its y de cancer de cuello uterino",inyectable trimestral: usuarias continuas,2015-09-01,0,9,58,36,2,105
POJO (CBBA),"anticoncepcion, prevencion de its y de cancer de cuello uterino",inyectable trimestral: usuarias continuas,2015-09-01,0,10,48,18,0,76
POOPO,"anticoncepcion, prevencion de its y de cancer de cuello uterino",inyectable trimestral: usuarias continuas,2015-09-01,0,0,2,3,0,5
PORCO,"anticoncepcion, prevencion de its y de cancer de cuello uterino",inyectable trimestral: usuarias continuas,2015-09-01,0,3,14,8,0,25
POROMA,"anticoncepcion, prevencion de its y de cancer de cuello uterino",inyectable trimestral: usuarias continuas,2015-09-01,0,3,42,22,0,67
PORONGO,"anticoncepcion, prevencion de its y de cancer de cuello uterino",inyectable trimestral: usuarias continuas,2015-09-01,0,0,18,5,0,23
PORTACHUELO,"anticoncepcion, prevencion de its y de cancer de cuello uterino",inyectable trimestral: usuarias continuas,2015-09-01,0,3,15,7,0,25
PORVENIR,"anticoncepcion, prevencion de its y de cancer de cuello uterino",inyectable trimestral: usuarias continuas,2015-09-01,0,5,21,3,0,29
POSTRER VALLE,"anticoncepcion, prevencion de its y de cancer de cuello uterino",inyectable trimestral: usuarias continuas,2015-09-01,0,0,6,1,0,7
POTOSI,"anticoncepcion, prevencion de its y de cancer de cuello uterino",inyectable trimestral: usuarias continuas,2015-09-01,0,26,380,131,0,537
PRESTO,"anticoncepcion, prevencion de its y de cancer de cuello uterino",inyectable trimestral: usuarias continuas,2015-09-01,0,2,24,20,1,47
PUCARA,"anticoncepcion, prevencion de its y de cancer de cuello uterino",inyectable trimestral: usuarias continuas,2015-09-01,0,2,7,5,1,15
PUCARANI,"anticoncepcion, prevencion de its y de cancer de cuello uterino",inyectable trimestral: usuarias continuas,2015-09-01,0,6,76,44,0,126
PUERTO ACOSTA,"anticoncepcion, prevencion de its y de cancer de cuello uterino",inyectable trimestral: usuarias continuas,2015-09-01,0,1,6,4,0,11
PUERTO CARABUCO,"anticoncepcion, prevencion de its y de cancer de cuello uterino",inyectable trimestral: usuarias continuas,2015-09-01,0,0,18,12,0,30
PUERTO GONZALO MORENO,"anticoncepcion, prevencion de its y de cancer de cuello uterino",inyectable trimestral: usuarias continuas,2015-09-01,2,7,19,9,0,37
PUERTO PEREZ,"anticoncepcion, prevencion de its y de cancer de cuello uterino",inyectable trimestral: usuarias continuas,2015-09-01,0,0,6,2,0,8
PUERTO QUIJARRO,"anticoncepcion, prevencion de its y de cancer de cuello uterino",inyectable trimestral: usuarias continuas,2015-09-01,0,3,17,1,0,21
PUERTO RICO,"anticoncepcion, prevencion de its y de cancer de cuello uterino",inyectable trimestral: usuarias continuas,2015-09-01,0,9,34,12,0,55
PUERTO SILES,"anticoncepcion, prevencion de its y de cancer de cuello uterino",inyectable trimestral: usuarias continuas,2015-09-01,0,1,0,1,0,2
PUERTO SUAREZ,"anticoncepcion, prevencion de its y de cancer de cuello uterino",inyectable trimestral: usuarias continuas,2015-09-01,0,0,11,1,0,12
PUERTO VILLARROEL,"anticoncepcion, prevencion de its y de cancer de cuello uterino",inyectable trimestral: usuarias continuas,2015-09-01,0,8,50,28,0,86
PUNA,"anticoncepcion, prevencion de its y de cancer de cuello uterino",inyectable trimestral: usuarias continuas,2015-09-01,0,3,32,20,0,55
PUNATA,"anticoncepcion, prevencion de its y de cancer de cuello uterino",inyectable trimestral: usuarias continuas,2015-09-01,0,2,47,16,0,65
QUIABAYA,"anticoncepcion, prevencion de its y de cancer de cuello uterino",inyectable trimestral: usuarias continuas,2015-09-01,0,1,9,5,0,15
QUILLACOLLO,"anticoncepcion, prevencion de its y de cancer de cuello uterino",inyectable trimestral: usuarias continuas,2015-09-01,0,21,160,28,0,209
QUIME,"anticoncepcion, prevencion de its y de cancer de cuello uterino",inyectable trimestral: usuarias continuas,2015-09-01,0,4,28,10,0,42
RAVELO,"anticoncepcion, prevencion de its y de cancer de cuello uterino",inyectable trimestral: usuarias continuas,2015-09-01,0,2,36,43,0,81
REYES,"anticoncepcion, prevencion de its y de cancer de cuello uterino",inyectable trimestral: usuarias continuas,2015-09-01,0,3,27,6,0,36
RIBERALTA,"anticoncepcion, prevencion de its y de cancer de cuello uterino",inyectable trimestral: usuarias continuas,2015-09-01,2,33,89,20,1,145
ROBORE,"anticoncepcion, prevencion de its y de cancer de cuello uterino",inyectable trimestral: usuarias continuas,2015-09-01,0,6,39,15,0,60
RURRENABAQUE,"anticoncepcion, prevencion de its y de cancer de cuello uterino",inyectable trimestral: usuarias continuas,2015-09-01,0,6,40,11,0,57
SABAYA,"anticoncepcion, prevencion de its y de cancer de cuello uterino",inyectable trimestral: usuarias continuas,2015-09-01,0,0,6,0,0,6
SACABA,"anticoncepcion, prevencion de its y de cancer de cuello uterino",inyectable trimestral: usuarias continuas,2015-09-01,0,24,139,38,0,201
SACABAMBA,"anticoncepcion, prevencion de its y de cancer de cuello uterino",inyectable trimestral: usuarias continuas,2015-09-01,0,0,5,6,0,11
SACACA,"anticoncepcion, prevencion de its y de cancer de cuello uterino",inyectable trimestral: usuarias continuas,2015-09-01,0,2,35,17,0,54
SAIPINA,"anticoncepcion, prevencion de its y de cancer de cuello uterino",inyectable trimestral: usuarias continuas,2015-09-01,0,4,19,4,0,27
SALINAS DE GARCI MENDOZA,"anticoncepcion, prevencion de its y de cancer de cuello uterino",inyectable trimestral: usuarias continuas,2015-09-01,0,2,23,8,0,33
SAMAIPATA,"anticoncepcion, prevencion de its y de cancer de cuello uterino",inyectable trimestral: usuarias continuas,2015-09-01,1,5,29,6,0,41
SAN AGUSTIN,"anticoncepcion, prevencion de its y de cancer de cuello uterino",inyectable trimestral: usuarias continuas,2015-09-01,0,0,9,3,0,12
SAN ANDRES,"anticoncepcion, prevencion de its y de cancer de cuello uterino",inyectable trimestral: usuarias continuas,2015-09-01,0,5,41,7,0,53
SAN ANDRES DE MACHACA,"anticoncepcion, prevencion de its y de cancer de cuello uterino",inyectable trimestral: usuarias continuas,2015-09-01,0,0,1,2,0,3
SAN ANTONIO DE ESMORUCO,"anticoncepcion, prevencion de its y de cancer de cuello uterino",inyectable trimestral: usuarias continuas,2015-09-01,0,0,8,0,0,8
SAN ANTONIO DE LOMERIO,"anticoncepcion, prevencion de its y de cancer de cuello uterino",inyectable trimestral: usuarias continuas,2015-09-01,0,11,39,16,0,66
SAN BENITO,"anticoncepcion, prevencion de its y de cancer de cuello uterino",inyectable trimestral: usuarias continuas,2015-09-01,0,0,28,15,0,43
SAN BORJA,"anticoncepcion, prevencion de its y de cancer de cuello uterino",inyectable trimestral: usuarias continuas,2015-09-01,1,16,83,38,1,139
SAN BUENA VENTURA,"anticoncepcion, prevencion de its y de cancer de cuello uterino",inyectable trimestral: usuarias continuas,2015-09-01,0,2,19,1,0,22
SAN CARLOS,"anticoncepcion, prevencion de its y de cancer de cuello uterino",inyectable trimestral: usuarias continuas,2015-09-01,0,5,31,5,0,41
SAN IGNACIO,"anticoncepcion, prevencion de its y de cancer de cuello uterino",inyectable trimestral: usuarias continuas,2015-09-01,1,9,69,35,1,115
SAN IGNACIO DE VELASCO,"anticoncepcion, prevencion de its y de cancer de cuello uterino",inyectable trimestral: usuarias continuas,2015-09-01,0,22,141,38,0,201
SAN JAVIER(BNI),"anticoncepcion, prevencion de its y de cancer de cuello uterino",inyectable trimestral: usuarias continuas,2015-09-01,0,2,5,1,0,8
SAN JAVIER(STC),"anticoncepcion, prevencion de its y de cancer de cuello uterino",inyectable trimestral: usuarias continuas,2015-09-01,0,2,25,13,0,40
SAN JOAQUIN,"anticoncepcion, prevencion de its y de cancer de cuello uterino",inyectable trimestral: usuarias continuas,2015-09-01,0,1,7,0,0,8
SAN JOSE DE CHIQUITOS,"anticoncepcion, prevencion de its y de cancer de cuello uterino",inyectable trimestral: usuarias continuas,2015-09-01,0,7,28,11,0,46
SAN JUAN DE YAPACANI,"anticoncepcion, prevencion de its y de cancer de cuello uterino",inyectable trimestral: usuarias continuas,2015-09-01,0,3,29,12,0,44
SAN JULIAN,"anticoncepcion, prevencion de its y de cancer de cuello uterino",inyectable trimestral: usuarias continuas,2015-09-01,0,3,57,43,1,104
SAN LORENZO(PND),"anticoncepcion, prevencion de its y de cancer de cuello uterino",inyectable trimestral: usuarias continuas,2015-09-01,0,0,16,3,0,19
SAN LORENZO(TJA),"anticoncepcion, prevencion de its y de cancer de cuello uterino",inyectable trimestral: usuarias continuas,2015-09-01,1,10,76,56,3,146
SAN LUCAS,"anticoncepcion, prevencion de its y de cancer de cuello uterino",inyectable trimestral: usuarias continuas,2015-09-01,1,5,52,39,0,97
SAN MATIAS,"anticoncepcion, prevencion de its y de cancer de cuello uterino",inyectable trimestral: usuarias continuas,2015-09-01,0,1,5,4,0,10
SAN MIGUEL DE VELASCO,"anticoncepcion, prevencion de its y de cancer de cuello uterino",inyectable trimestral: usuarias continuas,2015-09-01,0,10,56,32,1,99
SAN PABLO DE LIPEZ,"anticoncepcion, prevencion de its y de cancer de cuello uterino",inyectable trimestral: usuarias continuas,2015-09-01,0,0,1,1,0,2
SAN PEDRO,"anticoncepcion, prevencion de its y de cancer de cuello uterino",inyectable trimestral: usuarias continuas,2015-09-01,0,4,35,15,0,54
SAN PEDRO DE BUENA VISTA,"anticoncepcion, prevencion de its y de cancer de cuello uterino",inyectable trimestral: usuarias continuas,2015-09-01,0,4,17,21,0,42
SAN PEDRO DE CURAHUARA,"anticoncepcion, prevencion de its y de cancer de cuello uterino",inyectable trimestral: usuarias continuas,2015-09-01,0,0,6,4,0,10
SAN PEDRO DE QUEMES,"anticoncepcion, prevencion de its y de cancer de cuello uterino",inyectable trimestral: usuarias continuas,2015-09-01,0,1,3,2,0,6
SAN PEDRO DE TIQUINA,"anticoncepcion, prevencion de its y de cancer de cuello uterino",inyectable trimestral: usuarias continuas,2015-09-01,0,0,9,3,0,12
SAN PEDRO(PND),"anticoncepcion, prevencion de its y de cancer de cuello uterino",inyectable trimestral: usuarias continuas,2015-09-01,0,3,1,0,0,4
SAN RAFAEL,"anticoncepcion, prevencion de its y de cancer de cuello uterino",inyectable trimestral: usuarias continuas,2015-09-01,0,8,29,13,1,51
SAN RAMON BENI,"anticoncepcion, prevencion de its y de cancer de cuello uterino",inyectable trimestral: usuarias continuas,2015-09-01,0,0,7,1,0,8
SAN RAMON SCZ,"anticoncepcion, prevencion de its y de cancer de cuello uterino",inyectable trimestral: usuarias continuas,2015-09-01,0,8,14,16,0,38
SANTA ANA,"anticoncepcion, prevencion de its y de cancer de cuello uterino",inyectable trimestral: usuarias continuas,2015-09-01,0,3,16,1,1,21
SANTA CRUZ DE LA SIERRA,"anticoncepcion, prevencion de its y de cancer de cuello uterino",inyectable trimestral: usuarias continuas,2015-09-01,2,67,321,77,0,467
SANTA ROSA DEL SARA,"anticoncepcion, prevencion de its y de cancer de cuello uterino",inyectable trimestral: usuarias continuas,2015-09-01,0,3,27,15,0,45
SANTIAGO DE CALLAPA,"anticoncepcion, prevencion de its y de cancer de cuello uterino",inyectable trimestral: usuarias continuas,2015-09-01,0,2,1,1,0,4
SANTIAGO DE HUARI,"anticoncepcion, prevencion de its y de cancer de cuello uterino",inyectable trimestral: usuarias continuas,2015-09-01,0,3,5,2,0,10
SANTIAGO DE HUATA,"anticoncepcion, prevencion de its y de cancer de cuello uterino",inyectable trimestral: usuarias continuas,2015-09-01,0,1,2,9,0,12
SANTIAGO DE MACHACA,"anticoncepcion, prevencion de its y de cancer de cuello uterino",inyectable trimestral: usuarias continuas,2015-09-01,0,2,4,6,0,12
SANTIVAÃ‘ES,"anticoncepcion, prevencion de its y de cancer de cuello uterino",inyectable trimestral: usuarias continuas,2015-09-01,0,2,16,8,0,26
SANTUARIO DE QUILLACAS,"anticoncepcion, prevencion de its y de cancer de cuello uterino",inyectable trimestral: usuarias continuas,2015-09-01,0,0,5,1,0,6
SAPAHAQUI,"anticoncepcion, prevencion de its y de cancer de cuello uterino",inyectable trimestral: usuarias continuas,2015-09-01,0,1,26,20,0,47
SENA,"anticoncepcion, prevencion de its y de cancer de cuello uterino",inyectable trimestral: usuarias continuas,2015-09-01,0,2,11,1,0,14
SHINAOTA,"anticoncepcion, prevencion de its y de cancer de cuello uterino",inyectable trimestral: usuarias continuas,2015-09-01,0,9,29,21,0,59
SICA SICA (VILLA AROMA),"anticoncepcion, prevencion de its y de cancer de cuello uterino",inyectable trimestral: usuarias continuas,2015-09-01,0,3,45,19,0,67
SICAYA,"anticoncepcion, prevencion de its y de cancer de cuello uterino",inyectable trimestral: usuarias continuas,2015-09-01,0,4,15,5,0,24
SIPE SIPE,"anticoncepcion, prevencion de its y de cancer de cuello uterino",inyectable trimestral: usuarias continuas,2015-09-01,0,12,145,51,2,210
SOPACHUY,"anticoncepcion, prevencion de its y de cancer de cuello uterino",inyectable trimestral: usuarias continuas,2015-09-01,0,1,14,15,0,30
SORACACHI,"anticoncepcion, prevencion de its y de cancer de cuello uterino",inyectable trimestral: usuarias continuas,2015-09-01,0,1,21,7,0,29
SORATA,"anticoncepcion, prevencion de its y de cancer de cuello uterino",inyectable trimestral: usuarias continuas,2015-09-01,0,0,28,24,0,52
SUCRE,"anticoncepcion, prevencion de its y de cancer de cuello uterino",inyectable trimestral: usuarias continuas,2015-09-01,1,53,419,167,1,641
TACACOMA,"anticoncepcion, prevencion de its y de cancer de cuello uterino",inyectable trimestral: usuarias continuas,2015-09-01,1,5,36,4,0,46
TACOBAMBA,"anticoncepcion, prevencion de its y de cancer de cuello uterino",inyectable trimestral: usuarias continuas,2015-09-01,0,0,25,17,1,43
TACOPAYA,"anticoncepcion, prevencion de its y de cancer de cuello uterino",inyectable trimestral: usuarias continuas,2015-09-01,0,0,11,10,0,21
TAHUA,"anticoncepcion, prevencion de its y de cancer de cuello uterino",inyectable trimestral: usuarias continuas,2015-09-01,0,2,3,1,0,6
TAPACARI,"anticoncepcion, prevencion de its y de cancer de cuello uterino",inyectable trimestral: usuarias continuas,2015-09-01,0,4,51,47,0,102
TARABUCO,"anticoncepcion, prevencion de its y de cancer de cuello uterino",inyectable trimestral: usuarias continuas,2015-09-01,0,2,30,19,0,51
TARACO,"anticoncepcion, prevencion de its y de cancer de cuello uterino",inyectable trimestral: usuarias continuas,2015-09-01,0,0,14,5,0,19
TARATA,"anticoncepcion, prevencion de its y de cancer de cuello uterino",inyectable trimestral: usuarias continuas,2015-09-01,0,2,16,12,0,30
TARIJA,"anticoncepcion, prevencion de its y de cancer de cuello uterino",inyectable trimestral: usuarias continuas,2015-09-01,1,51,218,65,2,337
TARVITA,"anticoncepcion, prevencion de its y de cancer de cuello uterino",inyectable trimestral: usuarias continuas,2015-09-01,0,5,31,27,0,63
TEOPONTE,"anticoncepcion, prevencion de its y de cancer de cuello uterino",inyectable trimestral: usuarias continuas,2015-09-01,0,2,19,6,0,27
TIAWANACU,"anticoncepcion, prevencion de its y de cancer de cuello uterino",inyectable trimestral: usuarias continuas,2015-09-01,0,1,26,16,0,43
TINGUIPAYA,"anticoncepcion, prevencion de its y de cancer de cuello uterino",inyectable trimestral: usuarias continuas,2015-09-01,0,0,10,17,1,28
TIPUANI,"anticoncepcion, prevencion de its y de cancer de cuello uterino",inyectable trimestral: usuarias continuas,2015-09-01,0,0,12,9,1,22
TIQUIPAYA,"anticoncepcion, prevencion de its y de cancer de cuello uterino",inyectable trimestral: usuarias continuas,2015-09-01,0,2,53,21,0,76
TIRAQUE (CBBA),"anticoncepcion, prevencion de its y de cancer de cuello uterino",inyectable trimestral: usuarias continuas,2015-09-01,0,3,40,29,0,72
TITO YUPANQUI (PARQUIPUJIO),"anticoncepcion, prevencion de its y de cancer de cuello uterino",inyectable trimestral: usuarias continuas,2015-09-01,0,0,1,1,0,2
TOCO,"anticoncepcion, prevencion de its y de cancer de cuello uterino",inyectable trimestral: usuarias continuas,2015-09-01,0,3,12,8,0,23
TODOS SANTOS,"anticoncepcion, prevencion de its y de cancer de cuello uterino",inyectable trimestral: usuarias continuas,2015-09-01,0,0,1,0,0,1
TOLATA,"anticoncepcion, prevencion de its y de cancer de cuello uterino",inyectable trimestral: usuarias continuas,2015-09-01,0,0,24,2,0,26
TOLEDO,"anticoncepcion, prevencion de its y de cancer de cuello uterino",inyectable trimestral: usuarias continuas,2015-09-01,0,0,7,3,0,10
TOMAVE,"anticoncepcion, prevencion de its y de cancer de cuello uterino",inyectable trimestral: usuarias continuas,2015-09-01,0,4,18,12,0,34
TOMINA,"anticoncepcion, prevencion de its y de cancer de cuello uterino",inyectable trimestral: usuarias continuas,2015-09-01,1,5,49,43,0,98
TORO TORO,"anticoncepcion, prevencion de its y de cancer de cuello uterino",inyectable trimestral: usuarias continuas,2015-09-01,0,2,14,7,0,23
TOTORA(CBBA),"anticoncepcion, prevencion de its y de cancer de cuello uterino",inyectable trimestral: usuarias continuas,2015-09-01,0,14,76,35,0,125
TOTORA(ORR),"anticoncepcion, prevencion de its y de cancer de cuello uterino",inyectable trimestral: usuarias continuas,2015-09-01,0,1,9,6,0,16
TRIGAL,"anticoncepcion, prevencion de its y de cancer de cuello uterino",inyectable trimestral: usuarias continuas,2015-09-01,0,0,3,2,0,5
TRINIDAD,"anticoncepcion, prevencion de its y de cancer de cuello uterino",inyectable trimestral: usuarias continuas,2015-09-01,0,13,72,4,0,89
TUPIZA,"anticoncepcion, prevencion de its y de cancer de cuello uterino",inyectable trimestral: usuarias continuas,2015-09-01,0,11,122,62,0,195
TURCO,"anticoncepcion, prevencion de its y de cancer de cuello uterino",inyectable trimestral: usuarias continuas,2015-09-01,0,0,5,5,0,10
UMALA,"anticoncepcion, prevencion de its y de cancer de cuello uterino",inyectable trimestral: usuarias continuas,2015-09-01,0,0,9,7,0,16
UNCIA,"anticoncepcion, prevencion de its y de cancer de cuello uterino",inyectable trimestral: usuarias continuas,2015-09-01,0,0,41,18,0,59
URIONDO (A. CONCEPCION),"anticoncepcion, prevencion de its y de cancer de cuello uterino",inyectable trimestral: usuarias continuas,2015-09-01,1,9,50,35,0,95
URUBICHA,"anticoncepcion, prevencion de its y de cancer de cuello uterino",inyectable trimestral: usuarias continuas,2015-09-01,0,2,5,6,0,13
UYUNI,"anticoncepcion, prevencion de its y de cancer de cuello uterino",inyectable trimestral: usuarias continuas,2015-09-01,0,1,35,12,0,48
VACAS,"anticoncepcion, prevencion de its y de cancer de cuello uterino",inyectable trimestral: usuarias continuas,2015-09-01,0,1,13,13,0,27
VALLEGRANDE,"anticoncepcion, prevencion de its y de cancer de cuello uterino",inyectable trimestral: usuarias continuas,2015-09-01,0,8,42,11,0,61
VIACHA,"anticoncepcion, prevencion de its y de cancer de cuello uterino",inyectable trimestral: usuarias continuas,2015-09-01,0,15,123,64,0,202
VILA VILA,"anticoncepcion, prevencion de its y de cancer de cuello uterino",inyectable trimestral: usuarias continuas,2015-09-01,0,1,3,0,0,4
VILLA CHARCAS,"anticoncepcion, prevencion de its y de cancer de cuello uterino",inyectable trimestral: usuarias continuas,2015-09-01,0,4,49,27,1,81
VILLA MONTES,"anticoncepcion, prevencion de its y de cancer de cuello uterino",inyectable trimestral: usuarias continuas,2015-09-01,0,21,79,31,0,131
VILLA NUEVA (LOMA ALTA),"anticoncepcion, prevencion de its y de cancer de cuello uterino",inyectable trimestral: usuarias continuas,2015-09-01,0,0,3,0,0,3
VILLA RIVERO,"anticoncepcion, prevencion de its y de cancer de cuello uterino",inyectable trimestral: usuarias continuas,2015-09-01,0,6,21,8,0,35
VILLA SERRANO,"anticoncepcion, prevencion de its y de cancer de cuello uterino",inyectable trimestral: usuarias continuas,2015-09-01,0,5,27,28,1,61
VILLA TUNARI,"anticoncepcion, prevencion de its y de cancer de cuello uterino",inyectable trimestral: usuarias continuas,2015-09-01,0,28,231,64,0,323
VILLA VACA GUZMAN (MUYUPAMPA),"anticoncepcion, prevencion de its y de cancer de cuello uterino",inyectable trimestral: usuarias continuas,2015-09-01,0,2,44,23,0,69
VILLAZON,"anticoncepcion, prevencion de its y de cancer de cuello uterino",inyectable trimestral: usuarias continuas,2015-09-01,0,8,88,39,1,136
VINTO,"anticoncepcion, prevencion de its y de cancer de cuello uterino",inyectable trimestral: usuarias continuas,2015-09-01,0,5,70,24,0,99
VITICHI,"anticoncepcion, prevencion de its y de cancer de cuello uterino",inyectable trimestral: usuarias continuas,2015-09-01,0,1,8,8,0,17
WALDO BALLIVIAN,"anticoncepcion, prevencion de its y de cancer de cuello uterino",inyectable trimestral: usuarias continuas,2015-09-01,0,0,4,2,0,6
WARNES,"anticoncepcion, prevencion de its y de cancer de cuello uterino",inyectable trimestral: usuarias continuas,2015-09-01,3,27,146,55,0,231
YACO,"anticoncepcion, prevencion de its y de cancer de cuello uterino",inyectable trimestral: usuarias continuas,2015-09-01,0,0,13,7,0,20
YACUIBA,"anticoncepcion, prevencion de its y de cancer de cuello uterino",inyectable trimestral: usuarias continuas,2015-09-01,1,36,194,109,5,345
YAMPARAEZ,"anticoncepcion, prevencion de its y de cancer de cuello uterino",inyectable trimestral: usuarias continuas,2015-09-01,0,1,11,10,0,22
YANACACHI,"anticoncepcion, prevencion de its y de cancer de cuello uterino",inyectable trimestral: usuarias continuas,2015-09-01,0,1,13,4,0,18
YAPACANI,"anticoncepcion, prevencion de its y de cancer de cuello uterino",inyectable trimestral: usuarias continuas,2015-09-01,0,7,49,15,0,71
YOCALLA,"anticoncepcion, prevencion de its y de cancer de cuello uterino",inyectable trimestral: usuarias continuas,2015-09-01,0,1,8,5,0,14
YOTALA,"anticoncepcion, prevencion de its y de cancer de cuello uterino",inyectable trimestral: usuarias continuas,2015-09-01,0,3,9,7,0,19
YUNCHARA,"anticoncepcion, prevencion de its y de cancer de cuello uterino",inyectable trimestral: usuarias continuas,2015-09-01,0,6,31,23,0,60
ZUDAÃ‘EZ,"anticoncepcion, prevencion de its y de cancer de cuello uterino",inyectable trimestral: usuarias continuas,2015-09-01,0,1,40,28,0,69
ACACIO,"anticoncepcion, prevencion de its y de cancer de cuello uterino",inyectable trimestral: usuarias continuas,2015-10-01,0,0,5,4,0,9
ACHACACHI,"anticoncepcion, prevencion de its y de cancer de cuello uterino",inyectable trimestral: usuarias continuas,2015-10-01,0,4,50,29,0,83
ACHOCALLA,"anticoncepcion, prevencion de its y de cancer de cuello uterino",inyectable trimestral: usuarias continuas,2015-10-01,0,4,27,13,0,44
AIQUILE,"anticoncepcion, prevencion de its y de cancer de cuello uterino",inyectable trimestral: usuarias continuas,2015-10-01,0,2,21,34,0,57
ALALAY,"anticoncepcion, prevencion de its y de cancer de cuello uterino",inyectable trimestral: usuarias continuas,2015-10-01,0,0,5,2,0,7
ALCALA,"anticoncepcion, prevencion de its y de cancer de cuello uterino",inyectable trimestral: usuarias continuas,2015-10-01,0,4,15,16,1,36
ALTO BENI,"anticoncepcion, prevencion de its y de cancer de cuello uterino",inyectable trimestral: usuarias continuas,2015-10-01,1,4,22,15,0,42
ANCORAIMES,"anticoncepcion, prevencion de its y de cancer de cuello uterino",inyectable trimestral: usuarias continuas,2015-10-01,0,2,11,11,0,24
ANDAMARCA,"anticoncepcion, prevencion de its y de cancer de cuello uterino",inyectable trimestral: usuarias continuas,2015-10-01,0,1,3,2,0,6
ANTEQUERA,"anticoncepcion, prevencion de its y de cancer de cuello uterino",inyectable trimestral: usuarias continuas,2015-10-01,0,0,2,1,0,3
ANZALDO,"anticoncepcion, prevencion de its y de cancer de cuello uterino",inyectable trimestral: usuarias continuas,2015-10-01,0,3,19,12,0,34
APOLO,"anticoncepcion, prevencion de its y de cancer de cuello uterino",inyectable trimestral: usuarias continuas,2015-10-01,0,2,29,18,1,50
ARAMPAMPA,"anticoncepcion, prevencion de its y de cancer de cuello uterino",inyectable trimestral: usuarias continuas,2015-10-01,0,0,2,1,0,3
ARANI,"anticoncepcion, prevencion de its y de cancer de cuello uterino",inyectable trimestral: usuarias continuas,2015-10-01,0,3,9,8,0,20
ARBIETO,"anticoncepcion, prevencion de its y de cancer de cuello uterino",inyectable trimestral: usuarias continuas,2015-10-01,0,4,38,21,0,63
ARQUE,"anticoncepcion, prevencion de its y de cancer de cuello uterino",inyectable trimestral: usuarias continuas,2015-10-01,0,5,26,34,0,65
ASCENCION DE GUARAYOS,"anticoncepcion, prevencion de its y de cancer de cuello uterino",inyectable trimestral: usuarias continuas,2015-10-01,0,6,24,20,0,50
ATOCHA,"anticoncepcion, prevencion de its y de cancer de cuello uterino",inyectable trimestral: usuarias continuas,2015-10-01,0,1,27,19,0,47
AUCAPATA,"anticoncepcion, prevencion de its y de cancer de cuello uterino",inyectable trimestral: usuarias continuas,2015-10-01,0,3,11,9,0,23
AYATA,"anticoncepcion, prevencion de its y de cancer de cuello uterino",inyectable trimestral: usuarias continuas,2015-10-01,0,0,16,15,0,31
AYO AYO,"anticoncepcion, prevencion de its y de cancer de cuello uterino",inyectable trimestral: usuarias continuas,2015-10-01,0,1,14,11,0,26
AYOPAYA (V. DE INDEPENDENCIA),"anticoncepcion, prevencion de its y de cancer de cuello uterino",inyectable trimestral: usuarias continuas,2015-10-01,0,8,64,73,0,145
AZURDUY,"anticoncepcion, prevencion de its y de cancer de cuello uterino",inyectable trimestral: usuarias continuas,2015-10-01,0,4,48,23,2,77
BATALLAS,"anticoncepcion, prevencion de its y de cancer de cuello uterino",inyectable trimestral: usuarias continuas,2015-10-01,0,4,27,21,1,53
BAURES,"anticoncepcion, prevencion de its y de cancer de cuello uterino",inyectable trimestral: usuarias continuas,2015-10-01,0,3,7,1,0,11
BELEN DE ANDAMARCA,"anticoncepcion, prevencion de its y de cancer de cuello uterino",inyectable trimestral: usuarias continuas,2015-10-01,0,0,0,2,0,2
BELEN DE URMIRI,"anticoncepcion, prevencion de its y de cancer de cuello uterino",inyectable trimestral: usuarias continuas,2015-10-01,0,0,1,2,0,3
BELLA FLOR,"anticoncepcion, prevencion de its y de cancer de cuello uterino",inyectable trimestral: usuarias continuas,2015-10-01,0,3,8,2,0,13
BERMEJO,"anticoncepcion, prevencion de its y de cancer de cuello uterino",inyectable trimestral: usuarias continuas,2015-10-01,0,7,51,29,0,87
BETANZOS,"anticoncepcion, prevencion de its y de cancer de cuello uterino",inyectable trimestral: usuarias continuas,2015-10-01,0,4,45,38,0,87
BOLIVAR,"anticoncepcion, prevencion de its y de cancer de cuello uterino",inyectable trimestral: usuarias continuas,2015-10-01,0,0,5,3,0,8
BOLPEBRA,"anticoncepcion, prevencion de its y de cancer de cuello uterino",inyectable trimestral: usuarias continuas,2015-10-01,2,2,2,0,0,6
BOYUIBE,"anticoncepcion, prevencion de its y de cancer de cuello uterino",inyectable trimestral: usuarias continuas,2015-10-01,0,0,8,1,0,9
BUENA VISTA,"anticoncepcion, prevencion de its y de cancer de cuello uterino",inyectable trimestral: usuarias continuas,2015-10-01,0,4,25,11,0,40
CABEZAS,"anticoncepcion, prevencion de its y de cancer de cuello uterino",inyectable trimestral: usuarias continuas,2015-10-01,1,19,89,21,2,132
CAIROMA,"anticoncepcion, prevencion de its y de cancer de cuello uterino",inyectable trimestral: usuarias continuas,2015-10-01,0,3,18,10,0,31
"CAIZA ""D""","anticoncepcion, prevencion de its y de cancer de cuello uterino",inyectable trimestral: usuarias continuas,2015-10-01,0,2,16,11,0,29
CAJUATA,"anticoncepcion, prevencion de its y de cancer de cuello uterino",inyectable trimestral: usuarias continuas,2015-10-01,0,2,23,14,0,39
CALACOTO,"anticoncepcion, prevencion de its y de cancer de cuello uterino",inyectable trimestral: usuarias continuas,2015-10-01,0,0,2,4,0,6
CALAMARCA,"anticoncepcion, prevencion de its y de cancer de cuello uterino",inyectable trimestral: usuarias continuas,2015-10-01,0,2,45,15,2,64
CAMARGO,"anticoncepcion, prevencion de its y de cancer de cuello uterino",inyectable trimestral: usuarias continuas,2015-10-01,0,4,16,15,0,35
CAMATAQUI (C. VILLA ABECIA),"anticoncepcion, prevencion de its y de cancer de cuello uterino",inyectable trimestral: usuarias continuas,2015-10-01,0,2,8,8,0,18
CAMIRI,"anticoncepcion, prevencion de its y de cancer de cuello uterino",inyectable trimestral: usuarias continuas,2015-10-01,0,6,24,15,0,45
CAPINOTA,"anticoncepcion, prevencion de its y de cancer de cuello uterino",inyectable trimestral: usuarias continuas,2015-10-01,0,7,47,22,1,77
CAQUIAVIRI,"anticoncepcion, prevencion de its y de cancer de cuello uterino",inyectable trimestral: usuarias continuas,2015-10-01,0,2,12,6,0,20
CARACOLLO,"anticoncepcion, prevencion de its y de cancer de cuello uterino",inyectable trimestral: usuarias continuas,2015-10-01,0,2,32,19,0,53
CARANAVI,"anticoncepcion, prevencion de its y de cancer de cuello uterino",inyectable trimestral: usuarias continuas,2015-10-01,0,8,65,30,0,103
CARAPARI,"anticoncepcion, prevencion de its y de cancer de cuello uterino",inyectable trimestral: usuarias continuas,2015-10-01,0,8,52,29,0,89
CARIPUYO,"anticoncepcion, prevencion de its y de cancer de cuello uterino",inyectable trimestral: usuarias continuas,2015-10-01,0,2,7,5,0,14
CARMEN RIVERO TORREZ,"anticoncepcion, prevencion de its y de cancer de cuello uterino",inyectable trimestral: usuarias continuas,2015-10-01,0,2,4,1,0,7
CATACORA,"anticoncepcion, prevencion de its y de cancer de cuello uterino",inyectable trimestral: usuarias continuas,2015-10-01,0,0,2,2,0,4
CHACARILLA,"anticoncepcion, prevencion de its y de cancer de cuello uterino",inyectable trimestral: usuarias continuas,2015-10-01,0,0,1,0,0,1
CHALLAPATA,"anticoncepcion, prevencion de its y de cancer de cuello uterino",inyectable trimestral: usuarias continuas,2015-10-01,0,6,30,14,0,50
CHAQUI,"anticoncepcion, prevencion de its y de cancer de cuello uterino",inyectable trimestral: usuarias continuas,2015-10-01,0,2,16,10,0,28
CHARAGUA,"anticoncepcion, prevencion de its y de cancer de cuello uterino",inyectable trimestral: usuarias continuas,2015-10-01,0,2,37,8,0,47
CHARAÃ‘A,"anticoncepcion, prevencion de its y de cancer de cuello uterino",inyectable trimestral: usuarias continuas,2015-10-01,0,0,4,2,0,6
CHAYANTA,"anticoncepcion, prevencion de its y de cancer de cuello uterino",inyectable trimestral: usuarias continuas,2015-10-01,0,5,18,12,0,35
CHIMORE,"anticoncepcion, prevencion de its y de cancer de cuello uterino",inyectable trimestral: usuarias continuas,2015-10-01,0,10,56,18,0,84
CHIPAYA,"anticoncepcion, prevencion de its y de cancer de cuello uterino",inyectable trimestral: usuarias continuas,2015-10-01,0,6,11,4,0,21
CHOQUE COTA,"anticoncepcion, prevencion de its y de cancer de cuello uterino",inyectable trimestral: usuarias continuas,2015-10-01,0,0,0,1,0,1
CHUA COCANI,"anticoncepcion, prevencion de its y de cancer de cuello uterino",inyectable trimestral: usuarias continuas,2015-10-01,0,0,6,3,0,9
CHULUMANI (V. DE LA LIBERTAD),"anticoncepcion, prevencion de its y de cancer de cuello uterino",inyectable trimestral: usuarias continuas,2015-10-01,0,2,29,7,0,38
CHUMA,"anticoncepcion, prevencion de its y de cancer de cuello uterino",inyectable trimestral: usuarias continuas,2015-10-01,0,2,21,20,0,43
CHUQUIHUTA AYLLU JUCUMANI,"anticoncepcion, prevencion de its y de cancer de cuello uterino",inyectable trimestral: usuarias continuas,2015-10-01,0,1,9,4,0,14
CKOCHAS,"anticoncepcion, prevencion de its y de cancer de cuello uterino",inyectable trimestral: usuarias continuas,2015-10-01,0,1,18,17,0,36
CLIZA,"anticoncepcion, prevencion de its y de cancer de cuello uterino",inyectable trimestral: usuarias continuas,2015-10-01,0,4,40,17,0,61
COBIJA,"anticoncepcion, prevencion de its y de cancer de cuello uterino",inyectable trimestral: usuarias continuas,2015-10-01,1,34,112,18,1,166
COCAPATA,"anticoncepcion, prevencion de its y de cancer de cuello uterino",inyectable trimestral: usuarias continuas,2015-10-01,1,4,45,23,0,73
COCHABAMBA,"anticoncepcion, prevencion de its y de cancer de cuello uterino",inyectable trimestral: usuarias continuas,2015-10-01,1,56,306,79,0,442
COIPASA,"anticoncepcion, prevencion de its y de cancer de cuello uterino",inyectable trimestral: usuarias continuas,2015-10-01,0,0,4,1,0,5
COLCAPIRHUA,"anticoncepcion, prevencion de its y de cancer de cuello uterino",inyectable trimestral: usuarias continuas,2015-10-01,0,2,56,3,0,61
"COLCHA ""K""","anticoncepcion, prevencion de its y de cancer de cuello uterino",inyectable trimestral: usuarias continuas,2015-10-01,0,1,42,15,0,58
COLLANA,"anticoncepcion, prevencion de its y de cancer de cuello uterino",inyectable trimestral: usuarias continuas,2015-10-01,0,0,5,2,0,7
COLOMI,"anticoncepcion, prevencion de its y de cancer de cuello uterino",inyectable trimestral: usuarias continuas,2015-10-01,0,8,46,24,0,78
COLPA BELGICA,"anticoncepcion, prevencion de its y de cancer de cuello uterino",inyectable trimestral: usuarias continuas,2015-10-01,0,5,14,5,0,24
COLQUECHACA,"anticoncepcion, prevencion de its y de cancer de cuello uterino",inyectable trimestral: usuarias continuas,2015-10-01,0,0,50,30,0,80
COLQUENCHA,"anticoncepcion, prevencion de its y de cancer de cuello uterino",inyectable trimestral: usuarias continuas,2015-10-01,0,1,23,16,0,40
COLQUIRI,"anticoncepcion, prevencion de its y de cancer de cuello uterino",inyectable trimestral: usuarias continuas,2015-10-01,0,1,24,13,0,38
COMARAPA,"anticoncepcion, prevencion de its y de cancer de cuello uterino",inyectable trimestral: usuarias continuas,2015-10-01,0,12,61,30,1,104
COMBAYA,"anticoncepcion, prevencion de its y de cancer de cuello uterino",inyectable trimestral: usuarias continuas,2015-10-01,0,0,2,3,0,5
CONCEPCION,"anticoncepcion, prevencion de its y de cancer de cuello uterino",inyectable trimestral: usuarias continuas,2015-10-01,0,3,30,4,0,37
COPACABANA,"anticoncepcion, prevencion de its y de cancer de cuello uterino",inyectable trimestral: usuarias continuas,2015-10-01,0,1,21,15,0,37
CORIPATA,"anticoncepcion, prevencion de its y de cancer de cuello uterino",inyectable trimestral: usuarias continuas,2015-10-01,0,2,31,10,0,43
CORO CORO,"anticoncepcion, prevencion de its y de cancer de cuello uterino",inyectable trimestral: usuarias continuas,2015-10-01,0,1,10,6,0,17
COROICO,"anticoncepcion, prevencion de its y de cancer de cuello uterino",inyectable trimestral: usuarias continuas,2015-10-01,0,0,12,3,0,15
CORQUE,"anticoncepcion, prevencion de its y de cancer de cuello uterino",inyectable trimestral: usuarias continuas,2015-10-01,0,3,7,8,0,18
COTAGAITA,"anticoncepcion, prevencion de its y de cancer de cuello uterino",inyectable trimestral: usuarias continuas,2015-10-01,0,4,59,39,0,102
COTOCA,"anticoncepcion, prevencion de its y de cancer de cuello uterino",inyectable trimestral: usuarias continuas,2015-10-01,0,13,53,26,0,92
CUATRO CAÃ‘ADAS,"anticoncepcion, prevencion de its y de cancer de cuello uterino",inyectable trimestral: usuarias continuas,2015-10-01,0,8,29,15,1,53
CUCHUMUELA (V. G. VILLARROEL),"anticoncepcion, prevencion de its y de cancer de cuello uterino",inyectable trimestral: usuarias continuas,2015-10-01,0,0,5,2,0,7
CUEVO,"anticoncepcion, prevencion de its y de cancer de cuello uterino",inyectable trimestral: usuarias continuas,2015-10-01,0,3,20,8,0,31
CULPINA,"anticoncepcion, prevencion de its y de cancer de cuello uterino",inyectable trimestral: usuarias continuas,2015-10-01,0,3,47,37,0,87
CURAHUARA DE CARANGAS,"anticoncepcion, prevencion de its y de cancer de cuello uterino",inyectable trimestral: usuarias continuas,2015-10-01,0,2,8,9,1,20
CURVA,"anticoncepcion, prevencion de its y de cancer de cuello uterino",inyectable trimestral: usuarias continuas,2015-10-01,0,0,4,4,0,8
DESAGUADERO,"anticoncepcion, prevencion de its y de cancer de cuello uterino",inyectable trimestral: usuarias continuas,2015-10-01,0,0,10,7,0,17
EL ALTO,"anticoncepcion, prevencion de its y de cancer de cuello uterino",inyectable trimestral: usuarias continuas,2015-10-01,0,52,806,303,1,1162
EL CHORO,"anticoncepcion, prevencion de its y de cancer de cuello uterino",inyectable trimestral: usuarias continuas,2015-10-01,0,1,9,1,0,11
EL PUENTE(STC),"anticoncepcion, prevencion de its y de cancer de cuello uterino",inyectable trimestral: usuarias continuas,2015-10-01,0,5,41,21,1,68
EL PUENTE(TJA),"anticoncepcion, prevencion de its y de cancer de cuello uterino",inyectable trimestral: usuarias continuas,2015-10-01,0,6,63,40,0,109
EL TORNO,"anticoncepcion, prevencion de its y de cancer de cuello uterino",inyectable trimestral: usuarias continuas,2015-10-01,1,17,93,33,2,146
EL VILLAR,"anticoncepcion, prevencion de its y de cancer de cuello uterino",inyectable trimestral: usuarias continuas,2015-10-01,0,6,15,16,0,37
ENTRE RIOS TRJ,"anticoncepcion, prevencion de its y de cancer de cuello uterino",inyectable trimestral: usuarias continuas,2015-10-01,0,17,93,54,1,165
ENTRE RIOS CBBA,"anticoncepcion, prevencion de its y de cancer de cuello uterino",inyectable trimestral: usuarias continuas,2015-10-01,0,6,45,17,0,68
ESCOMA,"anticoncepcion, prevencion de its y de cancer de cuello uterino",inyectable trimestral: usuarias continuas,2015-10-01,0,0,2,1,0,3
EUCALIPTUS,"anticoncepcion, prevencion de its y de cancer de cuello uterino",inyectable trimestral: usuarias continuas,2015-10-01,0,0,4,2,0,6
EUREKA (SANTOS MERCADO),"anticoncepcion, prevencion de its y de cancer de cuello uterino",inyectable trimestral: usuarias continuas,2015-10-01,0,0,1,1,0,2
EXALTACION,"anticoncepcion, prevencion de its y de cancer de cuello uterino",inyectable trimestral: usuarias continuas,2015-10-01,0,0,2,0,0,2
FERNANDEZ ALONSO,"anticoncepcion, prevencion de its y de cancer de cuello uterino",inyectable trimestral: usuarias continuas,2015-10-01,0,6,27,10,0,43
FILADELFIA,"anticoncepcion, prevencion de its y de cancer de cuello uterino",inyectable trimestral: usuarias continuas,2015-10-01,0,3,18,10,0,31
GENERAL SAAVEDRA,"anticoncepcion, prevencion de its y de cancer de cuello uterino",inyectable trimestral: usuarias continuas,2015-10-01,0,7,40,14,0,61
GRAL. J.J. PEREZ (CHARAZANI),"anticoncepcion, prevencion de its y de cancer de cuello uterino",inyectable trimestral: usuarias continuas,2015-10-01,0,4,12,17,0,33
GUANAY,"anticoncepcion, prevencion de its y de cancer de cuello uterino",inyectable trimestral: usuarias continuas,2015-10-01,0,1,13,7,1,22
GUAQUI,"anticoncepcion, prevencion de its y de cancer de cuello uterino",inyectable trimestral: usuarias continuas,2015-10-01,0,2,13,5,0,20
GUAYARAMERIN,"anticoncepcion, prevencion de its y de cancer de cuello uterino",inyectable trimestral: usuarias continuas,2015-10-01,0,7,15,1,0,23
GUTIERREZ,"anticoncepcion, prevencion de its y de cancer de cuello uterino",inyectable trimestral: usuarias continuas,2015-10-01,0,4,19,11,0,34
HUACARETA,"anticoncepcion, prevencion de its y de cancer de cuello uterino",inyectable trimestral: usuarias continuas,2015-10-01,0,3,18,16,1,38
HUACAYA (VILLA DE HUACAYA),"anticoncepcion, prevencion de its y de cancer de cuello uterino",inyectable trimestral: usuarias continuas,2015-10-01,0,1,14,2,0,17
HUACHACALLA,"anticoncepcion, prevencion de its y de cancer de cuello uterino",inyectable trimestral: usuarias continuas,2015-10-01,0,0,0,2,0,2
HUANUNI,"anticoncepcion, prevencion de its y de cancer de cuello uterino",inyectable trimestral: usuarias continuas,2015-10-01,0,0,17,9,0,26
HUARACAJE,"anticoncepcion, prevencion de its y de cancer de cuello uterino",inyectable trimestral: usuarias continuas,2015-10-01,0,1,5,1,0,7
HUARINA,"anticoncepcion, prevencion de its y de cancer de cuello uterino",inyectable trimestral: usuarias continuas,2015-10-01,0,0,4,3,0,7
HUATAJATA,"anticoncepcion, prevencion de its y de cancer de cuello uterino",inyectable trimestral: usuarias continuas,2015-10-01,0,0,3,4,0,7
HUAYLLAMARCA,"anticoncepcion, prevencion de its y de cancer de cuello uterino",inyectable trimestral: usuarias continuas,2015-10-01,0,0,7,5,1,13
HUMANATA,"anticoncepcion, prevencion de its y de cancer de cuello uterino",inyectable trimestral: usuarias continuas,2015-10-01,0,0,8,4,0,12
ICHOCA,"anticoncepcion, prevencion de its y de cancer de cuello uterino",inyectable trimestral: usuarias continuas,2015-10-01,0,1,3,3,0,7
ICLA,"anticoncepcion, prevencion de its y de cancer de cuello uterino",inyectable trimestral: usuarias continuas,2015-10-01,0,2,12,12,1,27
INCAHUASI,"anticoncepcion, prevencion de its y de cancer de cuello uterino",inyectable trimestral: usuarias continuas,2015-10-01,0,2,28,19,1,50
INGAVI (HUMAITA),"anticoncepcion, prevencion de its y de cancer de cuello uterino",inyectable trimestral: usuarias continuas,2015-10-01,0,1,10,0,0,11
INQUISIVI,"anticoncepcion, prevencion de its y de cancer de cuello uterino",inyectable trimestral: usuarias continuas,2015-10-01,0,0,25,15,0,40
IRUPANA (VILLA DE LANZA),"anticoncepcion, prevencion de its y de cancer de cuello uterino",inyectable trimestral: usuarias continuas,2015-10-01,0,3,44,13,0,60
IXIAMAS,"anticoncepcion, prevencion de its y de cancer de cuello uterino",inyectable trimestral: usuarias continuas,2015-10-01,0,5,16,7,0,28
JESUS DE MACHACA,"anticoncepcion, prevencion de its y de cancer de cuello uterino",inyectable trimestral: usuarias continuas,2015-10-01,0,2,13,8,0,23
LA ASUNTA,"anticoncepcion, prevencion de its y de cancer de cuello uterino",inyectable trimestral: usuarias continuas,2015-10-01,0,5,107,42,0,154
LA GUARDIA,"anticoncepcion, prevencion de its y de cancer de cuello uterino",inyectable trimestral: usuarias continuas,2015-10-01,0,16,72,26,0,114
LA PAZ,"anticoncepcion, prevencion de its y de cancer de cuello uterino",inyectable trimestral: usuarias continuas,2015-10-01,0,34,290,108,1,433
LAGUNILLAS,"anticoncepcion, prevencion de its y de cancer de cuello uterino",inyectable trimestral: usuarias continuas,2015-10-01,0,0,16,6,0,22
LAJA,"anticoncepcion, prevencion de its y de cancer de cuello uterino",inyectable trimestral: usuarias continuas,2015-10-01,0,5,43,18,1,67
LAS CARRERAS,"anticoncepcion, prevencion de its y de cancer de cuello uterino",inyectable trimestral: usuarias continuas,2015-10-01,0,1,8,4,0,13
LICOMA PAMPA,"anticoncepcion, prevencion de its y de cancer de cuello uterino",inyectable trimestral: usuarias continuas,2015-10-01,0,2,4,3,0,9
LLALLAGUA,"anticoncepcion, prevencion de its y de cancer de cuello uterino",inyectable trimestral: usuarias continuas,2015-10-01,0,4,52,14,0,70
LLICA,"anticoncepcion, prevencion de its y de cancer de cuello uterino",inyectable trimestral: usuarias continuas,2015-10-01,0,3,14,6,0,23
LORETO,"anticoncepcion, prevencion de its y de cancer de cuello uterino",inyectable trimestral: usuarias continuas,2015-10-01,0,2,4,0,0,6
LURIBAY,"anticoncepcion, prevencion de its y de cancer de cuello uterino",inyectable trimestral: usuarias continuas,2015-10-01,0,2,24,17,0,43
MACHACAMARCA,"anticoncepcion, prevencion de its y de cancer de cuello uterino",inyectable trimestral: usuarias continuas,2015-10-01,0,0,2,0,0,2
MACHARETI,"anticoncepcion, prevencion de its y de cancer de cuello uterino",inyectable trimestral: usuarias continuas,2015-10-01,0,3,30,21,0,54
MAGDALENA,"anticoncepcion, prevencion de its y de cancer de cuello uterino",inyectable trimestral: usuarias continuas,2015-10-01,0,7,34,7,0,48
MAIRANA,"anticoncepcion, prevencion de its y de cancer de cuello uterino",inyectable trimestral: usuarias continuas,2015-10-01,0,6,24,6,0,36
MALLA,"anticoncepcion, prevencion de its y de cancer de cuello uterino",inyectable trimestral: usuarias continuas,2015-10-01,0,0,4,4,0,8
MAPIRI,"anticoncepcion, prevencion de its y de cancer de cuello uterino",inyectable trimestral: usuarias continuas,2015-10-01,0,3,14,4,0,21
MECAPACA,"anticoncepcion, prevencion de its y de cancer de cuello uterino",inyectable trimestral: usuarias continuas,2015-10-01,0,0,18,16,0,34
MINEROS,"anticoncepcion, prevencion de its y de cancer de cuello uterino",inyectable trimestral: usuarias continuas,2015-10-01,0,7,50,14,0,71
MIZQUE,"anticoncepcion, prevencion de its y de cancer de cuello uterino",inyectable trimestral: usuarias continuas,2015-10-01,1,10,64,28,0,103
MOCOMOCO,"anticoncepcion, prevencion de its y de cancer de cuello uterino",inyectable trimestral: usuarias continuas,2015-10-01,0,2,16,14,0,32
MOJINETE,"anticoncepcion, prevencion de its y de cancer de cuello uterino",inyectable trimestral: usuarias continuas,2015-10-01,0,0,0,2,0,2
MOJOCOYA,"anticoncepcion, prevencion de its y de cancer de cuello uterino",inyectable trimestral: usuarias continuas,2015-10-01,0,2,26,23,1,52
MONTEAGUDO,"anticoncepcion, prevencion de its y de cancer de cuello uterino",inyectable trimestral: usuarias continuas,2015-10-01,0,4,49,36,0,89
MONTERO,"anticoncepcion, prevencion de its y de cancer de cuello uterino",inyectable trimestral: usuarias continuas,2015-10-01,0,27,121,33,0,181
MORO MORO,"anticoncepcion, prevencion de its y de cancer de cuello uterino",inyectable trimestral: usuarias continuas,2015-10-01,1,4,1,1,0,7
MOROCHATA,"anticoncepcion, prevencion de its y de cancer de cuello uterino",inyectable trimestral: usuarias continuas,2015-10-01,0,3,32,37,1,73
NACEBE (SANTA ROSA DEL ABUNA),"anticoncepcion, prevencion de its y de cancer de cuello uterino",inyectable trimestral: usuarias continuas,2015-10-01,0,1,12,2,0,15
NUEVO MANOA (NUEVA ESPERANZA),"anticoncepcion, prevencion de its y de cancer de cuello uterino",inyectable trimestral: usuarias continuas,2015-10-01,0,0,1,1,0,2
OCURI,"anticoncepcion, prevencion de its y de cancer de cuello uterino",inyectable trimestral: usuarias continuas,2015-10-01,0,1,24,13,0,38
OKINAWA,"anticoncepcion, prevencion de its y de cancer de cuello uterino",inyectable trimestral: usuarias continuas,2015-10-01,0,10,17,8,1,36
OMEREQUE,"anticoncepcion, prevencion de its y de cancer de cuello uterino",inyectable trimestral: usuarias continuas,2015-10-01,0,3,25,20,0,48
ORURO,"anticoncepcion, prevencion de its y de cancer de cuello uterino",inyectable trimestral: usuarias continuas,2015-10-01,0,21,437,159,1,618
PADCAYA,"anticoncepcion, prevencion de its y de cancer de cuello uterino",inyectable trimestral: usuarias continuas,2015-10-01,1,23,95,60,1,180
PADILLA,"anticoncepcion, prevencion de its y de cancer de cuello uterino",inyectable trimestral: usuarias continuas,2015-10-01,0,7,45,28,0,80
PAILON,"anticoncepcion, prevencion de its y de cancer de cuello uterino",inyectable trimestral: usuarias continuas,2015-10-01,0,7,31,10,0,48
PALCA,"anticoncepcion, prevencion de its y de cancer de cuello uterino",inyectable trimestral: usuarias continuas,2015-10-01,0,2,34,17,0,53
PALOS BLANCOS,"anticoncepcion, prevencion de its y de cancer de cuello uterino",inyectable trimestral: usuarias continuas,2015-10-01,0,5,61,38,0,104
PAMPA AULLAGAS,"anticoncepcion, prevencion de its y de cancer de cuello uterino",inyectable trimestral: usuarias continuas,2015-10-01,0,0,3,0,0,3
PAMPA GRANDE,"anticoncepcion, prevencion de its y de cancer de cuello uterino",inyectable trimestral: usuarias continuas,2015-10-01,0,2,33,6,1,42
PAPEL PAMPA,"anticoncepcion, prevencion de its y de cancer de cuello uterino",inyectable trimestral: usuarias continuas,2015-10-01,0,2,7,8,0,17
PASORAPA,"anticoncepcion, prevencion de its y de cancer de cuello uterino",inyectable trimestral: usuarias continuas,2015-10-01,0,2,10,15,1,28
PATACAMAYA,"anticoncepcion, prevencion de its y de cancer de cuello uterino",inyectable trimestral: usuarias continuas,2015-10-01,0,0,17,5,0,22
PAZÃ‘A,"anticoncepcion, prevencion de its y de cancer de cuello uterino",inyectable trimestral: usuarias continuas,2015-10-01,0,0,12,8,0,20
PELECHUCO,"anticoncepcion, prevencion de its y de cancer de cuello uterino",inyectable trimestral: usuarias continuas,2015-10-01,0,0,17,5,0,22
POCOATA,"anticoncepcion, prevencion de its y de cancer de cuello uterino",inyectable trimestral: usuarias continuas,2015-10-01,0,2,19,15,0,36
POCONA,"anticoncepcion, prevencion de its y de cancer de cuello uterino",inyectable trimestral: usuarias continuas,2015-10-01,0,8,44,43,0,95
POJO (CBBA),"anticoncepcion, prevencion de its y de cancer de cuello uterino",inyectable trimestral: usuarias continuas,2015-10-01,0,8,69,32,1,110
POOPO,"anticoncepcion, prevencion de its y de cancer de cuello uterino",inyectable trimestral: usuarias continuas,2015-10-01,0,1,9,1,0,11
PORCO,"anticoncepcion, prevencion de its y de cancer de cuello uterino",inyectable trimestral: usuarias continuas,2015-10-01,0,2,14,4,0,20
POROMA,"anticoncepcion, prevencion de its y de cancer de cuello uterino",inyectable trimestral: usuarias continuas,2015-10-01,0,5,41,29,0,75
PORONGO,"anticoncepcion, prevencion de its y de cancer de cuello uterino",inyectable trimestral: usuarias continuas,2015-10-01,0,4,19,15,0,38
PORTACHUELO,"anticoncepcion, prevencion de its y de cancer de cuello uterino",inyectable trimestral: usuarias continuas,2015-10-01,0,8,36,9,0,53
PORVENIR,"anticoncepcion, prevencion de its y de cancer de cuello uterino",inyectable trimestral: usuarias continuas,2015-10-01,0,2,20,3,0,25
POSTRER VALLE,"anticoncepcion, prevencion de its y de cancer de cuello uterino",inyectable trimestral: usuarias continuas,2015-10-01,0,1,7,2,0,10
POTOSI,"anticoncepcion, prevencion de its y de cancer de cuello uterino",inyectable trimestral: usuarias continuas,2015-10-01,0,25,295,123,1,444
PRESTO,"anticoncepcion, prevencion de its y de cancer de cuello uterino",inyectable trimestral: usuarias continuas,2015-10-01,0,4,25,17,0,46
PUCARA,"anticoncepcion, prevencion de its y de cancer de cuello uterino",inyectable trimestral: usuarias continuas,2015-10-01,0,1,10,1,0,12
PUCARANI,"anticoncepcion, prevencion de its y de cancer de cuello uterino",inyectable trimestral: usuarias continuas,2015-10-01,1,9,55,36,0,101
PUERTO ACOSTA,"anticoncepcion, prevencion de its y de cancer de cuello uterino",inyectable trimestral: usuarias continuas,2015-10-01,0,3,5,2,0,10
PUERTO CARABUCO,"anticoncepcion, prevencion de its y de cancer de cuello uterino",inyectable trimestral: usuarias continuas,2015-10-01,0,0,9,11,0,20
PUERTO GONZALO MORENO,"anticoncepcion, prevencion de its y de cancer de cuello uterino",inyectable trimestral: usuarias continuas,2015-10-01,0,11,20,8,0,39
PUERTO PEREZ,"anticoncepcion, prevencion de its y de cancer de cuello uterino",inyectable trimestral: usuarias continuas,2015-10-01,0,0,6,6,1,13
PUERTO QUIJARRO,"anticoncepcion, prevencion de its y de cancer de cuello uterino",inyectable trimestral: usuarias continuas,2015-10-01,0,4,21,4,0,29
PUERTO RICO,"anticoncepcion, prevencion de its y de cancer de cuello uterino",inyectable trimestral: usuarias continuas,2015-10-01,0,0,8,3,0,11
PUERTO SUAREZ,"anticoncepcion, prevencion de its y de cancer de cuello uterino",inyectable trimestral: usuarias continuas,2015-10-01,0,1,12,0,0,13
PUERTO VILLARROEL,"anticoncepcion, prevencion de its y de cancer de cuello uterino",inyectable trimestral: usuarias continuas,2015-10-01,0,10,84,27,0,121
PUNA,"anticoncepcion, prevencion de its y de cancer de cuello uterino",inyectable trimestral: usuarias continuas,2015-10-01,0,2,14,14,1,31
PUNATA,"anticoncepcion, prevencion de its y de cancer de cuello uterino",inyectable trimestral: usuarias continuas,2015-10-01,0,4,41,13,0,58
QUIABAYA,"anticoncepcion, prevencion de its y de cancer de cuello uterino",inyectable trimestral: usuarias continuas,2015-10-01,0,0,9,4,0,13
QUILLACOLLO,"anticoncepcion, prevencion de its y de cancer de cuello uterino",inyectable trimestral: usuarias continuas,2015-10-01,0,16,140,36,0,192
QUIME,"anticoncepcion, prevencion de its y de cancer de cuello uterino",inyectable trimestral: usuarias continuas,2015-10-01,0,3,23,11,0,37
QUIRUSILLAS,"anticoncepcion, prevencion de its y de cancer de cuello uterino",inyectable trimestral: usuarias continuas,2015-10-01,0,1,5,5,0,11
RAVELO,"anticoncepcion, prevencion de its y de cancer de cuello uterino",inyectable trimestral: usuarias continuas,2015-10-01,0,3,31,29,0,63
REYES,"anticoncepcion, prevencion de its y de cancer de cuello uterino",inyectable trimestral: usuarias continuas,2015-10-01,0,8,17,6,0,31
RIBERALTA,"anticoncepcion, prevencion de its y de cancer de cuello uterino",inyectable trimestral: usuarias continuas,2015-10-01,0,24,109,19,0,152
ROBORE,"anticoncepcion, prevencion de its y de cancer de cuello uterino",inyectable trimestral: usuarias continuas,2015-10-01,1,4,22,2,0,29
RURRENABAQUE,"anticoncepcion, prevencion de its y de cancer de cuello uterino",inyectable trimestral: usuarias continuas,2015-10-01,1,4,42,10,0,57
SABAYA,"anticoncepcion, prevencion de its y de cancer de cuello uterino",inyectable trimestral: usuarias continuas,2015-10-01,0,1,5,2,0,8
SACABA,"anticoncepcion, prevencion de its y de cancer de cuello uterino",inyectable trimestral: usuarias continuas,2015-10-01,0,21,131,39,0,191
SACABAMBA,"anticoncepcion, prevencion de its y de cancer de cuello uterino",inyectable trimestral: usuarias continuas,2015-10-01,0,0,7,5,0,12
SACACA,"anticoncepcion, prevencion de its y de cancer de cuello uterino",inyectable trimestral: usuarias continuas,2015-10-01,0,5,44,23,0,72
SAIPINA,"anticoncepcion, prevencion de its y de cancer de cuello uterino",inyectable trimestral: usuarias continuas,2015-10-01,0,13,21,9,0,43
SALINAS DE GARCI MENDOZA,"anticoncepcion, prevencion de its y de cancer de cuello uterino",inyectable trimestral: usuarias continuas,2015-10-01,0,4,17,9,0,30
SAMAIPATA,"anticoncepcion, prevencion de its y de cancer de cuello uterino",inyectable trimestral: usuarias continuas,2015-10-01,0,8,31,6,0,45
SAN AGUSTIN,"anticoncepcion, prevencion de its y de cancer de cuello uterino",inyectable trimestral: usuarias continuas,2015-10-01,0,2,3,0,0,5
SAN ANDRES,"anticoncepcion, prevencion de its y de cancer de cuello uterino",inyectable trimestral: usuarias continuas,2015-10-01,1,6,33,14,0,54
SAN ANDRES DE MACHACA,"anticoncepcion, prevencion de its y de cancer de cuello uterino",inyectable trimestral: usuarias continuas,2015-10-01,0,0,5,2,0,7
SAN ANTONIO DE ESMORUCO,"anticoncepcion, prevencion de its y de cancer de cuello uterino",inyectable trimestral: usuarias continuas,2015-10-01,0,0,6,2,0,8
SAN ANTONIO DE LOMERIO,"anticoncepcion, prevencion de its y de cancer de cuello uterino",inyectable trimestral: usuarias continuas,2015-10-01,0,4,32,28,0,64
SAN BENITO,"anticoncepcion, prevencion de its y de cancer de cuello uterino",inyectable trimestral: usuarias continuas,2015-10-01,0,3,14,8,0,25
SAN BORJA,"anticoncepcion, prevencion de its y de cancer de cuello uterino",inyectable trimestral: usuarias continuas,2015-10-01,0,12,92,30,0,134
SAN BUENA VENTURA,"anticoncepcion, prevencion de its y de cancer de cuello uterino",inyectable trimestral: usuarias continuas,2015-10-01,0,2,26,8,0,36
SAN CARLOS,"anticoncepcion, prevencion de its y de cancer de cuello uterino",inyectable trimestral: usuarias continuas,2015-10-01,0,10,36,9,0,55
SAN IGNACIO,"anticoncepcion, prevencion de its y de cancer de cuello uterino",inyectable trimestral: usuarias continuas,2015-10-01,1,11,55,31,1,99
SAN IGNACIO DE VELASCO,"anticoncepcion, prevencion de its y de cancer de cuello uterino",inyectable trimestral: usuarias continuas,2015-10-01,1,15,103,41,0,160
SAN JAVIER(BNI),"anticoncepcion, prevencion de its y de cancer de cuello uterino",inyectable trimestral: usuarias continuas,2015-10-01,0,5,6,1,0,12
SAN JAVIER(STC),"anticoncepcion, prevencion de its y de cancer de cuello uterino",inyectable trimestral: usuarias continuas,2015-10-01,0,8,33,10,0,51
SAN JOAQUIN,"anticoncepcion, prevencion de its y de cancer de cuello uterino",inyectable trimestral: usuarias continuas,2015-10-01,0,1,2,1,0,4
SAN JOSE DE CHIQUITOS,"anticoncepcion, prevencion de its y de cancer de cuello uterino",inyectable trimestral: usuarias continuas,2015-10-01,0,4,17,12,0,33
SAN JUAN DE YAPACANI,"anticoncepcion, prevencion de its y de cancer de cuello uterino",inyectable trimestral: usuarias continuas,2015-10-01,0,1,19,5,0,25
SAN JULIAN,"anticoncepcion, prevencion de its y de cancer de cuello uterino",inyectable trimestral: usuarias continuas,2015-10-01,0,14,74,23,1,112
SAN LORENZO(PND),"anticoncepcion, prevencion de its y de cancer de cuello uterino",inyectable trimestral: usuarias continuas,2015-10-01,0,3,15,4,0,22
SAN LORENZO(TJA),"anticoncepcion, prevencion de its y de cancer de cuello uterino",inyectable trimestral: usuarias continuas,2015-10-01,0,10,70,46,1,127
SAN LUCAS,"anticoncepcion, prevencion de its y de cancer de cuello uterino",inyectable trimestral: usuarias continuas,2015-10-01,0,5,51,28,0,84
SAN MATIAS,"anticoncepcion, prevencion de its y de cancer de cuello uterino",inyectable trimestral: usuarias continuas,2015-10-01,0,1,27,14,0,42
SAN MIGUEL DE VELASCO,"anticoncepcion, prevencion de its y de cancer de cuello uterino",inyectable trimestral: usuarias continuas,2015-10-01,1,13,68,42,2,126
SAN PABLO DE LIPEZ,"anticoncepcion, prevencion de its y de cancer de cuello uterino",inyectable trimestral: usuarias continuas,2015-10-01,0,0,10,1,0,11
SAN PEDRO,"anticoncepcion, prevencion de its y de cancer de cuello uterino",inyectable trimestral: usuarias continuas,2015-10-01,0,7,36,15,0,58
SAN PEDRO DE BUENA VISTA,"anticoncepcion, prevencion de its y de cancer de cuello uterino",inyectable trimestral: usuarias continuas,2015-10-01,0,3,19,17,0,39
SAN PEDRO DE CURAHUARA,"anticoncepcion, prevencion de its y de cancer de cuello uterino",inyectable trimestral: usuarias continuas,2015-10-01,0,2,8,5,0,15
SAN PEDRO DE TIQUINA,"anticoncepcion, prevencion de its y de cancer de cuello uterino",inyectable trimestral: usuarias continuas,2015-10-01,0,0,5,0,0,5
SAN PEDRO(PND),"anticoncepcion, prevencion de its y de cancer de cuello uterino",inyectable trimestral: usuarias continuas,2015-10-01,0,0,1,0,0,1
SAN RAFAEL,"anticoncepcion, prevencion de its y de cancer de cuello uterino",inyectable trimestral: usuarias continuas,2015-10-01,0,7,23,12,0,42
SAN RAMON BENI,"anticoncepcion, prevencion de its y de cancer de cuello uterino",inyectable trimestral: usuarias continuas,2015-10-01,0,2,3,1,0,6
SAN RAMON SCZ,"anticoncepcion, prevencion de its y de cancer de cuello uterino",inyectable trimestral: usuarias continuas,2015-10-01,0,10,26,8,0,44
SANTA ANA,"anticoncepcion, prevencion de its y de cancer de cuello uterino",inyectable trimestral: usuarias continuas,2015-10-01,0,0,7,0,0,7
SANTA CRUZ DE LA SIERRA,"anticoncepcion, prevencion de its y de cancer de cuello uterino",inyectable trimestral: usuarias continuas,2015-10-01,3,64,300,81,3,451
SANTA ROSA DEL SARA,"anticoncepcion, prevencion de its y de cancer de cuello uterino",inyectable trimestral: usuarias continuas,2015-10-01,1,2,42,21,1,67
SANTIAGO DE CALLAPA,"anticoncepcion, prevencion de its y de cancer de cuello uterino",inyectable trimestral: usuarias continuas,2015-10-01,0,0,1,3,0,4
SANTIAGO DE HUARI,"anticoncepcion, prevencion de its y de cancer de cuello uterino",inyectable trimestral: usuarias continuas,2015-10-01,0,0,6,6,0,12
SANTIAGO DE HUATA,"anticoncepcion, prevencion de its y de cancer de cuello uterino",inyectable trimestral: usuarias continuas,2015-10-01,0,0,7,1,0,8
SANTIAGO DE MACHACA,"anticoncepcion, prevencion de its y de cancer de cuello uterino",inyectable trimestral: usuarias continuas,2015-10-01,0,2,5,2,0,9
SANTIVAÃ‘ES,"anticoncepcion, prevencion de its y de cancer de cuello uterino",inyectable trimestral: usuarias continuas,2015-10-01,0,1,20,8,0,29
SANTUARIO DE QUILLACAS,"anticoncepcion, prevencion de its y de cancer de cuello uterino",inyectable trimestral: usuarias continuas,2015-10-01,0,1,7,2,0,10
SAPAHAQUI,"anticoncepcion, prevencion de its y de cancer de cuello uterino",inyectable trimestral: usuarias continuas,2015-10-01,0,1,13,13,0,27
SENA,"anticoncepcion, prevencion de its y de cancer de cuello uterino",inyectable trimestral: usuarias continuas,2015-10-01,0,2,17,1,0,20
SHINAOTA,"anticoncepcion, prevencion de its y de cancer de cuello uterino",inyectable trimestral: usuarias continuas,2015-10-01,0,5,37,6,0,48
SICA SICA (VILLA AROMA),"anticoncepcion, prevencion de its y de cancer de cuello uterino",inyectable trimestral: usuarias continuas,2015-10-01,0,3,46,33,0,82
SICAYA,"anticoncepcion, prevencion de its y de cancer de cuello uterino",inyectable trimestral: usuarias continuas,2015-10-01,0,1,9,8,0,18
SIPE SIPE,"anticoncepcion, prevencion de its y de cancer de cuello uterino",inyectable trimestral: usuarias continuas,2015-10-01,0,16,146,69,0,231
SOPACHUY,"anticoncepcion, prevencion de its y de cancer de cuello uterino",inyectable trimestral: usuarias continuas,2015-10-01,0,4,13,19,0,36
SORACACHI,"anticoncepcion, prevencion de its y de cancer de cuello uterino",inyectable trimestral: usuarias continuas,2015-10-01,0,1,14,11,0,26
SORATA,"anticoncepcion, prevencion de its y de cancer de cuello uterino",inyectable trimestral: usuarias continuas,2015-10-01,0,3,26,17,0,46
SUCRE,"anticoncepcion, prevencion de its y de cancer de cuello uterino",inyectable trimestral: usuarias continuas,2015-10-01,0,56,420,144,1,621
TACACHI,"anticoncepcion, prevencion de its y de cancer de cuello uterino",inyectable trimestral: usuarias continuas,2015-10-01,0,0,5,0,0,5
TACACOMA,"anticoncepcion, prevencion de its y de cancer de cuello uterino",inyectable trimestral: usuarias continuas,2015-10-01,0,3,30,11,0,44
TACOBAMBA,"anticoncepcion, prevencion de its y de cancer de cuello uterino",inyectable trimestral: usuarias continuas,2015-10-01,0,0,13,11,0,24
TACOPAYA,"anticoncepcion, prevencion de its y de cancer de cuello uterino",inyectable trimestral: usuarias continuas,2015-10-01,0,0,5,7,0,12
TAHUA,"anticoncepcion, prevencion de its y de cancer de cuello uterino",inyectable trimestral: usuarias continuas,2015-10-01,0,0,3,1,0,4
TAPACARI,"anticoncepcion, prevencion de its y de cancer de cuello uterino",inyectable trimestral: usuarias continuas,2015-10-01,0,6,58,41,0,105
TARABUCO,"anticoncepcion, prevencion de its y de cancer de cuello uterino",inyectable trimestral: usuarias continuas,2015-10-01,0,1,22,25,0,48
TARACO,"anticoncepcion, prevencion de its y de cancer de cuello uterino",inyectable trimestral: usuarias continuas,2015-10-01,0,2,14,10,0,26
TARATA,"anticoncepcion, prevencion de its y de cancer de cuello uterino",inyectable trimestral: usuarias continuas,2015-10-01,0,3,23,10,0,36
TARIJA,"anticoncepcion, prevencion de its y de cancer de cuello uterino",inyectable trimestral: usuarias continuas,2015-10-01,0,30,94,65,0,189
TARVITA,"anticoncepcion, prevencion de its y de cancer de cuello uterino",inyectable trimestral: usuarias continuas,2015-10-01,0,4,14,18,1,37
TEOPONTE,"anticoncepcion, prevencion de its y de cancer de cuello uterino",inyectable trimestral: usuarias continuas,2015-10-01,0,6,17,4,0,27
TIAWANACU,"anticoncepcion, prevencion de its y de cancer de cuello uterino",inyectable trimestral: usuarias continuas,2015-10-01,0,2,24,23,0,49
TINGUIPAYA,"anticoncepcion, prevencion de its y de cancer de cuello uterino",inyectable trimestral: usuarias continuas,2015-10-01,0,2,14,15,0,31
TIPUANI,"anticoncepcion, prevencion de its y de cancer de cuello uterino",inyectable trimestral: usuarias continuas,2015-10-01,0,2,14,6,0,22
TIQUIPAYA,"anticoncepcion, prevencion de its y de cancer de cuello uterino",inyectable trimestral: usuarias continuas,2015-10-01,0,7,96,26,0,129
TIRAQUE (CBBA),"anticoncepcion, prevencion de its y de cancer de cuello uterino",inyectable trimestral: usuarias continuas,2015-10-01,0,9,46,34,0,89
TITO YUPANQUI (PARQUIPUJIO),"anticoncepcion, prevencion de its y de cancer de cuello uterino",inyectable trimestral: usuarias continuas,2015-10-01,0,0,1,0,0,1
TOCO,"anticoncepcion, prevencion de its y de cancer de cuello uterino",inyectable trimestral: usuarias continuas,2015-10-01,0,3,7,8,1,19
TOLATA,"anticoncepcion, prevencion de its y de cancer de cuello uterino",inyectable trimestral: usuarias continuas,2015-10-01,0,1,18,8,0,27
TOLEDO,"anticoncepcion, prevencion de its y de cancer de cuello uterino",inyectable trimestral: usuarias continuas,2015-10-01,0,0,2,5,0,7
TOMAVE,"anticoncepcion, prevencion de its y de cancer de cuello uterino",inyectable trimestral: usuarias continuas,2015-10-01,0,1,25,15,0,41
TOMINA,"anticoncepcion, prevencion de its y de cancer de cuello uterino",inyectable trimestral: usuarias continuas,2015-10-01,0,2,39,30,0,71
TORO TORO,"anticoncepcion, prevencion de its y de cancer de cuello uterino",inyectable trimestral: usuarias continuas,2015-10-01,0,3,16,10,0,29
TOTORA(CBBA),"anticoncepcion, prevencion de its y de cancer de cuello uterino",inyectable trimestral: usuarias continuas,2015-10-01,0,9,64,25,0,98
TOTORA(ORR),"anticoncepcion, prevencion de its y de cancer de cuello uterino",inyectable trimestral: usuarias continuas,2015-10-01,0,4,11,5,1,21
TRIGAL,"anticoncepcion, prevencion de its y de cancer de cuello uterino",inyectable trimestral: usuarias continuas,2015-10-01,0,1,9,2,0,12
TRINIDAD,"anticoncepcion, prevencion de its y de cancer de cuello uterino",inyectable trimestral: usuarias continuas,2015-10-01,0,15,62,7,0,84
TUPIZA,"anticoncepcion, prevencion de its y de cancer de cuello uterino",inyectable trimestral: usuarias continuas,2015-10-01,0,11,108,35,0,154
TURCO,"anticoncepcion, prevencion de its y de cancer de cuello uterino",inyectable trimestral: usuarias continuas,2015-10-01,0,1,5,4,0,10
UMALA,"anticoncepcion, prevencion de its y de cancer de cuello uterino",inyectable trimestral: usuarias continuas,2015-10-01,0,1,6,8,0,15
UNCIA,"anticoncepcion, prevencion de its y de cancer de cuello uterino",inyectable trimestral: usuarias continuas,2015-10-01,0,6,41,24,0,71
URIONDO (A. CONCEPCION),"anticoncepcion, prevencion de its y de cancer de cuello uterino",inyectable trimestral: usuarias continuas,2015-10-01,0,7,54,46,0,107
URUBICHA,"anticoncepcion, prevencion de its y de cancer de cuello uterino",inyectable trimestral: usuarias continuas,2015-10-01,0,1,9,6,0,16
UYUNI,"anticoncepcion, prevencion de its y de cancer de cuello uterino",inyectable trimestral: usuarias continuas,2015-10-01,0,3,33,12,0,48
VACAS,"anticoncepcion, prevencion de its y de cancer de cuello uterino",inyectable trimestral: usuarias continuas,2015-10-01,0,4,24,18,0,46
VALLEGRANDE,"anticoncepcion, prevencion de its y de cancer de cuello uterino",inyectable trimestral: usuarias continuas,2015-10-01,0,17,54,14,0,85
VIACHA,"anticoncepcion, prevencion de its y de cancer de cuello uterino",inyectable trimestral: usuarias continuas,2015-10-01,0,14,157,58,1,230
VILA VILA,"anticoncepcion, prevencion de its y de cancer de cuello uterino",inyectable trimestral: usuarias continuas,2015-10-01,0,0,5,6,0,11
VILLA CHARCAS,"anticoncepcion, prevencion de its y de cancer de cuello uterino",inyectable trimestral: usuarias continuas,2015-10-01,0,6,40,31,0,77
VILLA MONTES,"anticoncepcion, prevencion de its y de cancer de cuello uterino",inyectable trimestral: usuarias continuas,2015-10-01,1,19,77,21,0,118
VILLA NUEVA (LOMA ALTA),"anticoncepcion, prevencion de its y de cancer de cuello uterino",inyectable trimestral: usuarias continuas,2015-10-01,0,0,8,2,0,10
VILLA RIVERO,"anticoncepcion, prevencion de its y de cancer de cuello uterino",inyectable trimestral: usuarias continuas,2015-10-01,0,3,25,11,0,39
VILLA SERRANO,"anticoncepcion, prevencion de its y de cancer de cuello uterino",inyectable trimestral: usuarias continuas,2015-10-01,0,6,26,26,2,60
VILLA TUNARI,"anticoncepcion, prevencion de its y de cancer de cuello uterino",inyectable trimestral: usuarias continuas,2015-10-01,0,43,298,108,0,449
VILLA VACA GUZMAN (MUYUPAMPA),"anticoncepcion, prevencion de its y de cancer de cuello uterino",inyectable trimestral: usuarias continuas,2015-10-01,0,2,35,19,0,56
VILLAZON,"anticoncepcion, prevencion de its y de cancer de cuello uterino",inyectable trimestral: usuarias continuas,2015-10-01,0,10,89,50,0,149
VINTO,"anticoncepcion, prevencion de its y de cancer de cuello uterino",inyectable trimestral: usuarias continuas,2015-10-01,0,11,67,16,0,94
VITICHI,"anticoncepcion, prevencion de its y de cancer de cuello uterino",inyectable trimestral: usuarias continuas,2015-10-01,0,0,16,11,0,27
WALDO BALLIVIAN,"anticoncepcion, prevencion de its y de cancer de cuello uterino",inyectable trimestral: usuarias continuas,2015-10-01,0,0,0,2,0,2
WARNES,"anticoncepcion, prevencion de its y de cancer de cuello uterino",inyectable trimestral: usuarias continuas,2015-10-01,3,26,174,39,1,243
YACO,"anticoncepcion, prevencion de its y de cancer de cuello uterino",inyectable trimestral: usuarias continuas,2015-10-01,0,0,11,4,0,15
YACUIBA,"anticoncepcion, prevencion de its y de cancer de cuello uterino",inyectable trimestral: usuarias continuas,2015-10-01,0,31,191,92,0,314
YAMPARAEZ,"anticoncepcion, prevencion de its y de cancer de cuello uterino",inyectable trimestral: usuarias continuas,2015-10-01,0,1,5,10,0,16
YANACACHI,"anticoncepcion, prevencion de its y de cancer de cuello uterino",inyectable trimestral: usuarias continuas,2015-10-01,0,1,24,10,0,35
YAPACANI,"anticoncepcion, prevencion de its y de cancer de cuello uterino",inyectable trimestral: usuarias continuas,2015-10-01,0,10,71,18,0,99
YOCALLA,"anticoncepcion, prevencion de its y de cancer de cuello uterino",inyectable trimestral: usuarias continuas,2015-10-01,0,1,6,2,0,9
YOTALA,"anticoncepcion, prevencion de its y de cancer de cuello uterino",inyectable trimestral: usuarias continuas,2015-10-01,0,1,13,9,1,24
YUNCHARA,"anticoncepcion, prevencion de its y de cancer de cuello uterino",inyectable trimestral: usuarias continuas,2015-10-01,0,5,35,18,0,58
YUNGUYO DE LITORAL,"anticoncepcion, prevencion de its y de cancer de cuello uterino",inyectable trimestral: usuarias continuas,2015-10-01,0,0,0,1,0,1
ZUDAÃ‘EZ,"anticoncepcion, prevencion de its y de cancer de cuello uterino",inyectable trimestral: usuarias continuas,2015-10-01,0,2,33,22,0,57
ACACIO,"anticoncepcion, prevencion de its y de cancer de cuello uterino",inyectable trimestral: usuarias continuas,2015-11-01,0,2,11,7,0,20
ACHACACHI,"anticoncepcion, prevencion de its y de cancer de cuello uterino",inyectable trimestral: usuarias continuas,2015-11-01,0,3,43,33,1,80
ACHOCALLA,"anticoncepcion, prevencion de its y de cancer de cuello uterino",inyectable trimestral: usuarias continuas,2015-11-01,0,17,18,11,0,46
AIQUILE,"anticoncepcion, prevencion de its y de cancer de cuello uterino",inyectable trimestral: usuarias continuas,2015-11-01,0,4,33,25,0,62
ALALAY,"anticoncepcion, prevencion de its y de cancer de cuello uterino",inyectable trimestral: usuarias continuas,2015-11-01,0,0,7,3,0,10
ALCALA,"anticoncepcion, prevencion de its y de cancer de cuello uterino",inyectable trimestral: usuarias continuas,2015-11-01,0,2,16,8,0,26
ALTO BENI,"anticoncepcion, prevencion de its y de cancer de cuello uterino",inyectable trimestral: usuarias continuas,2015-11-01,0,3,16,12,0,31
ANCORAIMES,"anticoncepcion, prevencion de its y de cancer de cuello uterino",inyectable trimestral: usuarias continuas,2015-11-01,0,3,7,2,0,12
ANDAMARCA,"anticoncepcion, prevencion de its y de cancer de cuello uterino",inyectable trimestral: usuarias continuas,2015-11-01,0,0,4,7,0,11
ANTEQUERA,"anticoncepcion, prevencion de its y de cancer de cuello uterino",inyectable trimestral: usuarias continuas,2015-11-01,0,0,3,3,0,6
ANZALDO,"anticoncepcion, prevencion de its y de cancer de cuello uterino",inyectable trimestral: usuarias continuas,2015-11-01,0,2,24,17,0,43
APOLO,"anticoncepcion, prevencion de its y de cancer de cuello uterino",inyectable trimestral: usuarias continuas,2015-11-01,0,2,30,25,0,57
ARAMPAMPA,"anticoncepcion, prevencion de its y de cancer de cuello uterino",inyectable trimestral: usuarias continuas,2015-11-01,0,0,7,4,5,16
ARANI,"anticoncepcion, prevencion de its y de cancer de cuello uterino",inyectable trimestral: usuarias continuas,2015-11-01,0,0,15,5,0,20
ARBIETO,"anticoncepcion, prevencion de its y de cancer de cuello uterino",inyectable trimestral: usuarias continuas,2015-11-01,0,7,40,18,0,65
ARQUE,"anticoncepcion, prevencion de its y de cancer de cuello uterino",inyectable trimestral: usuarias continuas,2015-11-01,0,5,47,31,0,83
ASCENCION DE GUARAYOS,"anticoncepcion, prevencion de its y de cancer de cuello uterino",inyectable trimestral: usuarias continuas,2015-11-01,0,1,25,9,0,35
ATOCHA,"anticoncepcion, prevencion de its y de cancer de cuello uterino",inyectable trimestral: usuarias continuas,2015-11-01,0,1,27,16,0,44
AUCAPATA,"anticoncepcion, prevencion de its y de cancer de cuello uterino",inyectable trimestral: usuarias continuas,2015-11-01,0,1,10,5,0,16
AYATA,"anticoncepcion, prevencion de its y de cancer de cuello uterino",inyectable trimestral: usuarias continuas,2015-11-01,0,1,25,24,0,50
AYO AYO,"anticoncepcion, prevencion de its y de cancer de cuello uterino",inyectable trimestral: usuarias continuas,2015-11-01,0,0,9,4,0,13
AYOPAYA (V. DE INDEPENDENCIA),"anticoncepcion, prevencion de its y de cancer de cuello uterino",inyectable trimestral: usuarias continuas,2015-11-01,0,5,81,56,0,142
AZURDUY,"anticoncepcion, prevencion de its y de cancer de cuello uterino",inyectable trimestral: usuarias continuas,2015-11-01,0,4,33,27,1,65
BATALLAS,"anticoncepcion, prevencion de its y de cancer de cuello uterino",inyectable trimestral: usuarias continuas,2015-11-01,0,3,29,15,0,47
BAURES,"anticoncepcion, prevencion de its y de cancer de cuello uterino",inyectable trimestral: usuarias continuas,2015-11-01,0,0,4,2,0,6
BELEN DE ANDAMARCA,"anticoncepcion, prevencion de its y de cancer de cuello uterino",inyectable trimestral: usuarias continuas,2015-11-01,0,0,0,3,0,3
BELEN DE URMIRI,"anticoncepcion, prevencion de its y de cancer de cuello uterino",inyectable trimestral: usuarias continuas,2015-11-01,0,0,1,0,0,1
BELLA FLOR,"anticoncepcion, prevencion de its y de cancer de cuello uterino",inyectable trimestral: usuarias continuas,2015-11-01,0,2,8,7,1,18
BERMEJO,"anticoncepcion, prevencion de its y de cancer de cuello uterino",inyectable trimestral: usuarias continuas,2015-11-01,0,9,60,26,0,95
BETANZOS,"anticoncepcion, prevencion de its y de cancer de cuello uterino",inyectable trimestral: usuarias continuas,2015-11-01,0,1,51,38,0,90
BOLIVAR,"anticoncepcion, prevencion de its y de cancer de cuello uterino",inyectable trimestral: usuarias continuas,2015-11-01,0,0,13,9,0,22
BOLPEBRA,"anticoncepcion, prevencion de its y de cancer de cuello uterino",inyectable trimestral: usuarias continuas,2015-11-01,0,0,9,3,0,12
BOYUIBE,"anticoncepcion, prevencion de its y de cancer de cuello uterino",inyectable trimestral: usuarias continuas,2015-11-01,0,0,2,1,0,3
BUENA VISTA,"anticoncepcion, prevencion de its y de cancer de cuello uterino",inyectable trimestral: usuarias continuas,2015-11-01,0,9,21,16,0,46
CABEZAS,"anticoncepcion, prevencion de its y de cancer de cuello uterino",inyectable trimestral: usuarias continuas,2015-11-01,0,12,80,15,0,107
CAIROMA,"anticoncepcion, prevencion de its y de cancer de cuello uterino",inyectable trimestral: usuarias continuas,2015-11-01,0,3,22,15,0,40
"CAIZA ""D""","anticoncepcion, prevencion de its y de cancer de cuello uterino",inyectable trimestral: usuarias continuas,2015-11-01,0,0,10,5,0,15
CAJUATA,"anticoncepcion, prevencion de its y de cancer de cuello uterino",inyectable trimestral: usuarias continuas,2015-11-01,0,2,25,7,0,34
CALACOTO,"anticoncepcion, prevencion de its y de cancer de cuello uterino",inyectable trimestral: usuarias continuas,2015-11-01,0,2,0,3,0,5
CALAMARCA,"anticoncepcion, prevencion de its y de cancer de cuello uterino",inyectable trimestral: usuarias continuas,2015-11-01,0,2,30,18,1,51
CAMARGO,"anticoncepcion, prevencion de its y de cancer de cuello uterino",inyectable trimestral: usuarias continuas,2015-11-01,0,2,29,18,0,49
CAMATAQUI (C. VILLA ABECIA),"anticoncepcion, prevencion de its y de cancer de cuello uterino",inyectable trimestral: usuarias continuas,2015-11-01,0,0,7,8,0,15
CAMIRI,"anticoncepcion, prevencion de its y de cancer de cuello uterino",inyectable trimestral: usuarias continuas,2015-11-01,0,8,44,9,0,61
CAPINOTA,"anticoncepcion, prevencion de its y de cancer de cuello uterino",inyectable trimestral: usuarias continuas,2015-11-01,0,5,35,22,0,62
CAQUIAVIRI,"anticoncepcion, prevencion de its y de cancer de cuello uterino",inyectable trimestral: usuarias continuas,2015-11-01,0,1,15,10,0,26
CARACOLLO,"anticoncepcion, prevencion de its y de cancer de cuello uterino",inyectable trimestral: usuarias continuas,2015-11-01,0,0,33,19,0,52
CARANAVI,"anticoncepcion, prevencion de its y de cancer de cuello uterino",inyectable trimestral: usuarias continuas,2015-11-01,0,8,69,41,0,118
CARANGAS,"anticoncepcion, prevencion de its y de cancer de cuello uterino",inyectable trimestral: usuarias continuas,2015-11-01,0,1,0,0,0,1
CARAPARI,"anticoncepcion, prevencion de its y de cancer de cuello uterino",inyectable trimestral: usuarias continuas,2015-11-01,0,5,46,36,0,87
CARIPUYO,"anticoncepcion, prevencion de its y de cancer de cuello uterino",inyectable trimestral: usuarias continuas,2015-11-01,0,1,8,6,0,15
CARMEN RIVERO TORREZ,"anticoncepcion, prevencion de its y de cancer de cuello uterino",inyectable trimestral: usuarias continuas,2015-11-01,0,1,4,3,0,8
CATACORA,"anticoncepcion, prevencion de its y de cancer de cuello uterino",inyectable trimestral: usuarias continuas,2015-11-01,0,0,1,1,0,2
CHACARILLA,"anticoncepcion, prevencion de its y de cancer de cuello uterino",inyectable trimestral: usuarias continuas,2015-11-01,0,1,5,2,0,8
CHALLAPATA,"anticoncepcion, prevencion de its y de cancer de cuello uterino",inyectable trimestral: usuarias continuas,2015-11-01,0,2,28,14,0,44
CHAQUI,"anticoncepcion, prevencion de its y de cancer de cuello uterino",inyectable trimestral: usuarias continuas,2015-11-01,0,2,23,10,0,35
CHARAGUA,"anticoncepcion, prevencion de its y de cancer de cuello uterino",inyectable trimestral: usuarias continuas,2015-11-01,0,4,34,30,0,68
CHARAÃ‘A,"anticoncepcion, prevencion de its y de cancer de cuello uterino",inyectable trimestral: usuarias continuas,2015-11-01,0,0,3,2,0,5
CHAYANTA,"anticoncepcion, prevencion de its y de cancer de cuello uterino",inyectable trimestral: usuarias continuas,2015-11-01,0,3,25,16,0,44
CHIMORE,"anticoncepcion, prevencion de its y de cancer de cuello uterino",inyectable trimestral: usuarias continuas,2015-11-01,0,4,38,15,0,57
CHIPAYA,"anticoncepcion, prevencion de its y de cancer de cuello uterino",inyectable trimestral: usuarias continuas,2015-11-01,1,6,6,1,0,14
CHOQUE COTA,"anticoncepcion, prevencion de its y de cancer de cuello uterino",inyectable trimestral: usuarias continuas,2015-11-01,0,0,2,2,0,4
CHUA COCANI,"anticoncepcion, prevencion de its y de cancer de cuello uterino",inyectable trimestral: usuarias continuas,2015-11-01,0,0,4,1,0,5
CHULUMANI (V. DE LA LIBERTAD),"anticoncepcion, prevencion de its y de cancer de cuello uterino",inyectable trimestral: usuarias continuas,2015-11-01,0,1,14,9,0,24
CHUMA,"anticoncepcion, prevencion de its y de cancer de cuello uterino",inyectable trimestral: usuarias continuas,2015-11-01,0,2,23,25,0,50
CHUQUIHUTA AYLLU JUCUMANI,"anticoncepcion, prevencion de its y de cancer de cuello uterino",inyectable trimestral: usuarias continuas,2015-11-01,0,1,19,8,0,28
CKOCHAS,"anticoncepcion, prevencion de its y de cancer de cuello uterino",inyectable trimestral: usuarias continuas,2015-11-01,0,1,14,19,0,34
CLIZA,"anticoncepcion, prevencion de its y de cancer de cuello uterino",inyectable trimestral: usuarias continuas,2015-11-01,0,2,46,7,0,55
COBIJA,"anticoncepcion, prevencion de its y de cancer de cuello uterino",inyectable trimestral: usuarias continuas,2015-11-01,0,18,68,22,1,109
COCAPATA,"anticoncepcion, prevencion de its y de cancer de cuello uterino",inyectable trimestral: usuarias continuas,2015-11-01,0,5,51,20,0,76
COCHABAMBA,"anticoncepcion, prevencion de its y de cancer de cuello uterino",inyectable trimestral: usuarias continuas,2015-11-01,0,44,309,74,1,428
COIPASA,"anticoncepcion, prevencion de its y de cancer de cuello uterino",inyectable trimestral: usuarias continuas,2015-11-01,0,0,0,2,0,2
COLCAPIRHUA,"anticoncepcion, prevencion de its y de cancer de cuello uterino",inyectable trimestral: usuarias continuas,2015-11-01,0,2,57,8,0,67
"COLCHA ""K""","anticoncepcion, prevencion de its y de cancer de cuello uterino",inyectable trimestral: usuarias continuas,2015-11-01,0,5,37,17,1,60
COLLANA,"anticoncepcion, prevencion de its y de cancer de cuello uterino",inyectable trimestral: usuarias continuas,2015-11-01,0,0,6,3,0,9
COLOMI,"anticoncepcion, prevencion de its y de cancer de cuello uterino",inyectable trimestral: usuarias continuas,2015-11-01,0,7,54,11,0,72
COLPA BELGICA,"anticoncepcion, prevencion de its y de cancer de cuello uterino",inyectable trimestral: usuarias continuas,2015-11-01,0,3,6,3,0,12
COLQUECHACA,"anticoncepcion, prevencion de its y de cancer de cuello uterino",inyectable trimestral: usuarias continuas,2015-11-01,0,6,41,28,1,76
COLQUENCHA,"anticoncepcion, prevencion de its y de cancer de cuello uterino",inyectable trimestral: usuarias continuas,2015-11-01,0,3,17,11,0,31
COLQUIRI,"anticoncepcion, prevencion de its y de cancer de cuello uterino",inyectable trimestral: usuarias continuas,2015-11-01,0,0,23,8,0,31
COMANCHE,"anticoncepcion, prevencion de its y de cancer de cuello uterino",inyectable trimestral: usuarias continuas,2015-11-01,0,1,3,0,0,4
COMARAPA,"anticoncepcion, prevencion de its y de cancer de cuello uterino",inyectable trimestral: usuarias continuas,2015-11-01,0,10,49,25,0,84
COMBAYA,"anticoncepcion, prevencion de its y de cancer de cuello uterino",inyectable trimestral: usuarias continuas,2015-11-01,0,1,2,1,0,4
CONCEPCION,"anticoncepcion, prevencion de its y de cancer de cuello uterino",inyectable trimestral: usuarias continuas,2015-11-01,0,6,30,5,0,41
COPACABANA,"anticoncepcion, prevencion de its y de cancer de cuello uterino",inyectable trimestral: usuarias continuas,2015-11-01,0,2,24,18,0,44
CORIPATA,"anticoncepcion, prevencion de its y de cancer de cuello uterino",inyectable trimestral: usuarias continuas,2015-11-01,0,3,30,10,0,43
CORO CORO,"anticoncepcion, prevencion de its y de cancer de cuello uterino",inyectable trimestral: usuarias continuas,2015-11-01,0,0,11,0,0,11
COROICO,"anticoncepcion, prevencion de its y de cancer de cuello uterino",inyectable trimestral: usuarias continuas,2015-11-01,0,1,16,5,0,22
CORQUE,"anticoncepcion, prevencion de its y de cancer de cuello uterino",inyectable trimestral: usuarias continuas,2015-11-01,0,0,7,5,0,12
COTAGAITA,"anticoncepcion, prevencion de its y de cancer de cuello uterino",inyectable trimestral: usuarias continuas,2015-11-01,0,0,49,31,1,81
COTOCA,"anticoncepcion, prevencion de its y de cancer de cuello uterino",inyectable trimestral: usuarias continuas,2015-11-01,0,9,65,27,0,101
CRUZ DE MACHACAMARCA,"anticoncepcion, prevencion de its y de cancer de cuello uterino",inyectable trimestral: usuarias continuas,2015-11-01,0,0,1,0,0,1
CUATRO CAÃ‘ADAS,"anticoncepcion, prevencion de its y de cancer de cuello uterino",inyectable trimestral: usuarias continuas,2015-11-01,3,12,16,14,0,45
CUCHUMUELA (V. G. VILLARROEL),"anticoncepcion, prevencion de its y de cancer de cuello uterino",inyectable trimestral: usuarias continuas,2015-11-01,0,1,8,2,0,11
CUEVO,"anticoncepcion, prevencion de its y de cancer de cuello uterino",inyectable trimestral: usuarias continuas,2015-11-01,0,1,12,7,0,20
CULPINA,"anticoncepcion, prevencion de its y de cancer de cuello uterino",inyectable trimestral: usuarias continuas,2015-11-01,0,4,52,30,0,86
CURAHUARA DE CARANGAS,"anticoncepcion, prevencion de its y de cancer de cuello uterino",inyectable trimestral: usuarias continuas,2015-11-01,0,1,12,7,0,20
CURVA,"anticoncepcion, prevencion de its y de cancer de cuello uterino",inyectable trimestral: usuarias continuas,2015-11-01,0,0,10,0,0,10
DESAGUADERO,"anticoncepcion, prevencion de its y de cancer de cuello uterino",inyectable trimestral: usuarias continuas,2015-11-01,0,0,12,5,0,17
EL ALTO,"anticoncepcion, prevencion de its y de cancer de cuello uterino",inyectable trimestral: usuarias continuas,2015-11-01,0,46,714,281,3,1044
EL CHORO,"anticoncepcion, prevencion de its y de cancer de cuello uterino",inyectable trimestral: usuarias continuas,2015-11-01,0,1,11,4,0,16
EL PUENTE(STC),"anticoncepcion, prevencion de its y de cancer de cuello uterino",inyectable trimestral: usuarias continuas,2015-11-01,1,13,30,11,0,55
EL PUENTE(TJA),"anticoncepcion, prevencion de its y de cancer de cuello uterino",inyectable trimestral: usuarias continuas,2015-11-01,0,7,53,35,1,96
EL TORNO,"anticoncepcion, prevencion de its y de cancer de cuello uterino",inyectable trimestral: usuarias continuas,2015-11-01,1,23,99,48,2,173
EL VILLAR,"anticoncepcion, prevencion de its y de cancer de cuello uterino",inyectable trimestral: usuarias continuas,2015-11-01,0,3,15,16,1,35
ENTRE RIOS TRJ,"anticoncepcion, prevencion de its y de cancer de cuello uterino",inyectable trimestral: usuarias continuas,2015-11-01,0,20,99,53,3,175
ENTRE RIOS CBBA,"anticoncepcion, prevencion de its y de cancer de cuello uterino",inyectable trimestral: usuarias continuas,2015-11-01,0,6,28,17,0,51
ESCOMA,"anticoncepcion, prevencion de its y de cancer de cuello uterino",inyectable trimestral: usuarias continuas,2015-11-01,0,0,0,1,0,1
ESMERALDA,"anticoncepcion, prevencion de its y de cancer de cuello uterino",inyectable trimestral: usuarias continuas,2015-11-01,0,0,1,1,0,2
EUCALIPTUS,"anticoncepcion, prevencion de its y de cancer de cuello uterino",inyectable trimestral: usuarias continuas,2015-11-01,0,0,5,5,0,10
EUREKA (SANTOS MERCADO),"anticoncepcion, prevencion de its y de cancer de cuello uterino",inyectable trimestral: usuarias continuas,2015-11-01,0,0,1,0,0,1
EXALTACION,"anticoncepcion, prevencion de its y de cancer de cuello uterino",inyectable trimestral: usuarias continuas,2015-11-01,0,0,3,0,0,3
FERNANDEZ ALONSO,"anticoncepcion, prevencion de its y de cancer de cuello uterino",inyectable trimestral: usuarias continuas,2015-11-01,0,4,17,12,0,33
FILADELFIA,"anticoncepcion, prevencion de its y de cancer de cuello uterino",inyectable trimestral: usuarias continuas,2015-11-01,0,2,8,5,0,15
GENERAL SAAVEDRA,"anticoncepcion, prevencion de its y de cancer de cuello uterino",inyectable trimestral: usuarias continuas,2015-11-01,0,11,43,15,0,69
GRAL. J.J. PEREZ (CHARAZANI),"anticoncepcion, prevencion de its y de cancer de cuello uterino",inyectable trimestral: usuarias continuas,2015-11-01,0,0,22,7,0,29
GUANAY,"anticoncepcion, prevencion de its y de cancer de cuello uterino",inyectable trimestral: usuarias continuas,2015-11-01,0,1,9,4,0,14
GUAQUI,"anticoncepcion, prevencion de its y de cancer de cuello uterino",inyectable trimestral: usuarias continuas,2015-11-01,0,1,13,5,0,19
GUAYARAMERIN,"anticoncepcion, prevencion de its y de cancer de cuello uterino",inyectable trimestral: usuarias continuas,2015-11-01,0,5,18,6,0,29
GUTIERREZ,"anticoncepcion, prevencion de its y de cancer de cuello uterino",inyectable trimestral: usuarias continuas,2015-11-01,0,4,23,11,0,38
HUACARETA,"anticoncepcion, prevencion de its y de cancer de cuello uterino",inyectable trimestral: usuarias continuas,2015-11-01,0,3,23,12,1,39
HUACAYA (VILLA DE HUACAYA),"anticoncepcion, prevencion de its y de cancer de cuello uterino",inyectable trimestral: usuarias continuas,2015-11-01,0,0,9,3,0,12
HUACHACALLA,"anticoncepcion, prevencion de its y de cancer de cuello uterino",inyectable trimestral: usuarias continuas,2015-11-01,0,0,1,1,0,2
HUANUNI,"anticoncepcion, prevencion de its y de cancer de cuello uterino",inyectable trimestral: usuarias continuas,2015-11-01,0,0,8,6,1,15
HUARACAJE,"anticoncepcion, prevencion de its y de cancer de cuello uterino",inyectable trimestral: usuarias continuas,2015-11-01,0,1,10,1,0,12
HUARINA,"anticoncepcion, prevencion de its y de cancer de cuello uterino",inyectable trimestral: usuarias continuas,2015-11-01,0,0,6,6,0,12
HUATAJATA,"anticoncepcion, prevencion de its y de cancer de cuello uterino",inyectable trimestral: usuarias continuas,2015-11-01,0,0,5,3,0,8
HUAYLLAMARCA,"anticoncepcion, prevencion de its y de cancer de cuello uterino",inyectable trimestral: usuarias continuas,2015-11-01,0,4,6,8,0,18
HUMANATA,"anticoncepcion, prevencion de its y de cancer de cuello uterino",inyectable trimestral: usuarias continuas,2015-11-01,0,1,3,3,0,7
ICHOCA,"anticoncepcion, prevencion de its y de cancer de cuello uterino",inyectable trimestral: usuarias continuas,2015-11-01,0,0,3,3,0,6
ICLA,"anticoncepcion, prevencion de its y de cancer de cuello uterino",inyectable trimestral: usuarias continuas,2015-11-01,0,3,12,19,0,34
INCAHUASI,"anticoncepcion, prevencion de its y de cancer de cuello uterino",inyectable trimestral: usuarias continuas,2015-11-01,0,1,28,10,1,40
INGAVI (HUMAITA),"anticoncepcion, prevencion de its y de cancer de cuello uterino",inyectable trimestral: usuarias continuas,2015-11-01,0,1,5,3,0,9
INQUISIVI,"anticoncepcion, prevencion de its y de cancer de cuello uterino",inyectable trimestral: usuarias continuas,2015-11-01,0,1,25,11,0,37
IRUPANA (VILLA DE LANZA),"anticoncepcion, prevencion de its y de cancer de cuello uterino",inyectable trimestral: usuarias continuas,2015-11-01,0,2,53,14,0,69
IXIAMAS,"anticoncepcion, prevencion de its y de cancer de cuello uterino",inyectable trimestral: usuarias continuas,2015-11-01,0,7,21,6,0,34
JESUS DE MACHACA,"anticoncepcion, prevencion de its y de cancer de cuello uterino",inyectable trimestral: usuarias continuas,2015-11-01,0,10,12,4,0,26
LA ASUNTA,"anticoncepcion, prevencion de its y de cancer de cuello uterino",inyectable trimestral: usuarias continuas,2015-11-01,0,10,106,37,0,153
LA GUARDIA,"anticoncepcion, prevencion de its y de cancer de cuello uterino",inyectable trimestral: usuarias continuas,2015-11-01,0,22,59,36,0,117
LA PAZ,"anticoncepcion, prevencion de its y de cancer de cuello uterino",inyectable trimestral: usuarias continuas,2015-11-01,2,20,286,66,0,374
LAGUNILLAS,"anticoncepcion, prevencion de its y de cancer de cuello uterino",inyectable trimestral: usuarias continuas,2015-11-01,0,1,8,9,0,18
LAJA,"anticoncepcion, prevencion de its y de cancer de cuello uterino",inyectable trimestral: usuarias continuas,2015-11-01,0,4,21,12,1,38
LAS CARRERAS,"anticoncepcion, prevencion de its y de cancer de cuello uterino",inyectable trimestral: usuarias continuas,2015-11-01,0,3,7,2,0,12
LICOMA PAMPA,"anticoncepcion, prevencion de its y de cancer de cuello uterino",inyectable trimestral: usuarias continuas,2015-11-01,0,1,8,6,0,15
LLALLAGUA,"anticoncepcion, prevencion de its y de cancer de cuello uterino",inyectable trimestral: usuarias continuas,2015-11-01,0,1,43,16,0,60
LLICA,"anticoncepcion, prevencion de its y de cancer de cuello uterino",inyectable trimestral: usuarias continuas,2015-11-01,0,1,10,12,0,23
LORETO,"anticoncepcion, prevencion de its y de cancer de cuello uterino",inyectable trimestral: usuarias continuas,2015-11-01,0,1,10,2,0,13
LURIBAY,"anticoncepcion, prevencion de its y de cancer de cuello uterino",inyectable trimestral: usuarias continuas,2015-11-01,0,4,19,16,0,39
MACHACAMARCA,"anticoncepcion, prevencion de its y de cancer de cuello uterino",inyectable trimestral: usuarias continuas,2015-11-01,0,0,1,1,0,2
MACHARETI,"anticoncepcion, prevencion de its y de cancer de cuello uterino",inyectable trimestral: usuarias continuas,2015-11-01,0,3,27,18,0,48
MAGDALENA,"anticoncepcion, prevencion de its y de cancer de cuello uterino",inyectable trimestral: usuarias continuas,2015-11-01,0,8,32,13,0,53
MAIRANA,"anticoncepcion, prevencion de its y de cancer de cuello uterino",inyectable trimestral: usuarias continuas,2015-11-01,0,2,28,11,0,41
MALLA,"anticoncepcion, prevencion de its y de cancer de cuello uterino",inyectable trimestral: usuarias continuas,2015-11-01,0,1,3,5,0,9
MAPIRI,"anticoncepcion, prevencion de its y de cancer de cuello uterino",inyectable trimestral: usuarias continuas,2015-11-01,0,3,12,4,0,19
MECAPACA,"anticoncepcion, prevencion de its y de cancer de cuello uterino",inyectable trimestral: usuarias continuas,2015-11-01,0,1,22,14,0,37
MINEROS,"anticoncepcion, prevencion de its y de cancer de cuello uterino",inyectable trimestral: usuarias continuas,2015-11-01,0,9,51,14,1,75
MIZQUE,"anticoncepcion, prevencion de its y de cancer de cuello uterino",inyectable trimestral: usuarias continuas,2015-11-01,0,9,64,27,0,100
MOCOMOCO,"anticoncepcion, prevencion de its y de cancer de cuello uterino",inyectable trimestral: usuarias continuas,2015-11-01,0,1,14,13,0,28
MOJINETE,"anticoncepcion, prevencion de its y de cancer de cuello uterino",inyectable trimestral: usuarias continuas,2015-11-01,0,0,1,0,0,1
MOJOCOYA,"anticoncepcion, prevencion de its y de cancer de cuello uterino",inyectable trimestral: usuarias continuas,2015-11-01,0,2,31,16,1,50
MONTEAGUDO,"anticoncepcion, prevencion de its y de cancer de cuello uterino",inyectable trimestral: usuarias continuas,2015-11-01,0,9,45,36,1,91
MONTERO,"anticoncepcion, prevencion de its y de cancer de cuello uterino",inyectable trimestral: usuarias continuas,2015-11-01,0,30,161,68,1,260
MORO MORO,"anticoncepcion, prevencion de its y de cancer de cuello uterino",inyectable trimestral: usuarias continuas,2015-11-01,0,2,11,8,1,22
MOROCHATA,"anticoncepcion, prevencion de its y de cancer de cuello uterino",inyectable trimestral: usuarias continuas,2015-11-01,0,3,41,33,1,78
NACEBE (SANTA ROSA DEL ABUNA),"anticoncepcion, prevencion de its y de cancer de cuello uterino",inyectable trimestral: usuarias continuas,2015-11-01,0,3,9,4,0,16
NAZACARA DE PACAJES,"anticoncepcion, prevencion de its y de cancer de cuello uterino",inyectable trimestral: usuarias continuas,2015-11-01,0,1,0,0,0,1
NUEVO MANOA (NUEVA ESPERANZA),"anticoncepcion, prevencion de its y de cancer de cuello uterino",inyectable trimestral: usuarias continuas,2015-11-01,0,3,7,0,0,10
OCURI,"anticoncepcion, prevencion de its y de cancer de cuello uterino",inyectable trimestral: usuarias continuas,2015-11-01,0,0,20,11,0,31
OKINAWA,"anticoncepcion, prevencion de its y de cancer de cuello uterino",inyectable trimestral: usuarias continuas,2015-11-01,0,10,30,15,0,55
OMEREQUE,"anticoncepcion, prevencion de its y de cancer de cuello uterino",inyectable trimestral: usuarias continuas,2015-11-01,0,5,27,13,0,45
ORURO,"anticoncepcion, prevencion de its y de cancer de cuello uterino",inyectable trimestral: usuarias continuas,2015-11-01,0,16,320,116,1,453
PADCAYA,"anticoncepcion, prevencion de its y de cancer de cuello uterino",inyectable trimestral: usuarias continuas,2015-11-01,1,9,78,57,3,148
PADILLA,"anticoncepcion, prevencion de its y de cancer de cuello uterino",inyectable trimestral: usuarias continuas,2015-11-01,0,2,51,34,0,87
PAILON,"anticoncepcion, prevencion de its y de cancer de cuello uterino",inyectable trimestral: usuarias continuas,2015-11-01,0,1,25,5,0,31
PALCA,"anticoncepcion, prevencion de its y de cancer de cuello uterino",inyectable trimestral: usuarias continuas,2015-11-01,0,3,19,9,0,31
PALOS BLANCOS,"anticoncepcion, prevencion de its y de cancer de cuello uterino",inyectable trimestral: usuarias continuas,2015-11-01,0,4,43,21,0,68
PAMPA AULLAGAS,"anticoncepcion, prevencion de its y de cancer de cuello uterino",inyectable trimestral: usuarias continuas,2015-11-01,0,0,3,3,0,6
PAMPA GRANDE,"anticoncepcion, prevencion de its y de cancer de cuello uterino",inyectable trimestral: usuarias continuas,2015-11-01,0,1,24,9,0,34
PAPEL PAMPA,"anticoncepcion, prevencion de its y de cancer de cuello uterino",inyectable trimestral: usuarias continuas,2015-11-01,0,5,12,9,0,26
PASORAPA,"anticoncepcion, prevencion de its y de cancer de cuello uterino",inyectable trimestral: usuarias continuas,2015-11-01,0,0,17,4,3,24
PATACAMAYA,"anticoncepcion, prevencion de its y de cancer de cuello uterino",inyectable trimestral: usuarias continuas,2015-11-01,0,2,6,5,0,13
PAZÃ‘A,"anticoncepcion, prevencion de its y de cancer de cuello uterino",inyectable trimestral: usuarias continuas,2015-11-01,0,1,14,4,0,19
PELECHUCO,"anticoncepcion, prevencion de its y de cancer de cuello uterino",inyectable trimestral: usuarias continuas,2015-11-01,0,1,21,6,0,28
POCOATA,"anticoncepcion, prevencion de its y de cancer de cuello uterino",inyectable trimestral: usuarias continuas,2015-11-01,0,0,22,33,0,55
POCONA,"anticoncepcion, prevencion de its y de cancer de cuello uterino",inyectable trimestral: usuarias continuas,2015-11-01,0,9,49,29,1,88
POJO (CBBA),"anticoncepcion, prevencion de its y de cancer de cuello uterino",inyectable trimestral: usuarias continuas,2015-11-01,0,6,42,32,1,81
POOPO,"anticoncepcion, prevencion de its y de cancer de cuello uterino",inyectable trimestral: usuarias continuas,2015-11-01,0,0,11,4,0,15
PORCO,"anticoncepcion, prevencion de its y de cancer de cuello uterino",inyectable trimestral: usuarias continuas,2015-11-01,0,1,10,4,0,15
POROMA,"anticoncepcion, prevencion de its y de cancer de cuello uterino",inyectable trimestral: usuarias continuas,2015-11-01,1,7,44,34,2,88
PORONGO,"anticoncepcion, prevencion de its y de cancer de cuello uterino",inyectable trimestral: usuarias continuas,2015-11-01,0,1,4,0,0,5
PORTACHUELO,"anticoncepcion, prevencion de its y de cancer de cuello uterino",inyectable trimestral: usuarias continuas,2015-11-01,0,1,14,10,0,25
PORVENIR,"anticoncepcion, prevencion de its y de cancer de cuello uterino",inyectable trimestral: usuarias continuas,2015-11-01,0,4,10,6,0,20
POSTRER VALLE,"anticoncepcion, prevencion de its y de cancer de cuello uterino",inyectable trimestral: usuarias continuas,2015-11-01,0,0,6,3,0,9
POTOSI,"anticoncepcion, prevencion de its y de cancer de cuello uterino",inyectable trimestral: usuarias continuas,2015-11-01,0,31,423,146,0,600
PRESTO,"anticoncepcion, prevencion de its y de cancer de cuello uterino",inyectable trimestral: usuarias continuas,2015-11-01,1,2,22,16,0,41
PUCARA,"anticoncepcion, prevencion de its y de cancer de cuello uterino",inyectable trimestral: usuarias continuas,2015-11-01,0,1,8,6,0,15
PUCARANI,"anticoncepcion, prevencion de its y de cancer de cuello uterino",inyectable trimestral: usuarias continuas,2015-11-01,0,6,89,43,3,141
PUERTO ACOSTA,"anticoncepcion, prevencion de its y de cancer de cuello uterino",inyectable trimestral: usuarias continuas,2015-11-01,0,1,14,5,0,20
PUERTO CARABUCO,"anticoncepcion, prevencion de its y de cancer de cuello uterino",inyectable trimestral: usuarias continuas,2015-11-01,0,0,13,13,0,26
PUERTO GONZALO MORENO,"anticoncepcion, prevencion de its y de cancer de cuello uterino",inyectable trimestral: usuarias continuas,2015-11-01,1,7,24,3,0,35
PUERTO PEREZ,"anticoncepcion, prevencion de its y de cancer de cuello uterino",inyectable trimestral: usuarias continuas,2015-11-01,0,0,6,4,0,10
PUERTO QUIJARRO,"anticoncepcion, prevencion de its y de cancer de cuello uterino",inyectable trimestral: usuarias continuas,2015-11-01,0,0,18,2,0,20
PUERTO RICO,"anticoncepcion, prevencion de its y de cancer de cuello uterino",inyectable trimestral: usuarias continuas,2015-11-01,0,2,39,5,1,47
PUERTO SUAREZ,"anticoncepcion, prevencion de its y de cancer de cuello uterino",inyectable trimestral: usuarias continuas,2015-11-01,0,3,5,0,0,8
PUERTO VILLARROEL,"anticoncepcion, prevencion de its y de cancer de cuello uterino",inyectable trimestral: usuarias continuas,2015-11-01,0,10,71,17,0,98
PUNA,"anticoncepcion, prevencion de its y de cancer de cuello uterino",inyectable trimestral: usuarias continuas,2015-11-01,1,1,25,14,0,41
PUNATA,"anticoncepcion, prevencion de its y de cancer de cuello uterino",inyectable trimestral: usuarias continuas,2015-11-01,0,2,48,19,0,69
QUIABAYA,"anticoncepcion, prevencion de its y de cancer de cuello uterino",inyectable trimestral: usuarias continuas,2015-11-01,0,1,6,10,0,17
QUILLACOLLO,"anticoncepcion, prevencion de its y de cancer de cuello uterino",inyectable trimestral: usuarias continuas,2015-11-01,0,14,141,24,0,179
QUIME,"anticoncepcion, prevencion de its y de cancer de cuello uterino",inyectable trimestral: usuarias continuas,2015-11-01,0,4,18,4,0,26
QUIRUSILLAS,"anticoncepcion, prevencion de its y de cancer de cuello uterino",inyectable trimestral: usuarias continuas,2015-11-01,0,2,6,4,0,12
RAVELO,"anticoncepcion, prevencion de its y de cancer de cuello uterino",inyectable trimestral: usuarias continuas,2015-11-01,0,3,40,38,0,81
REYES,"anticoncepcion, prevencion de its y de cancer de cuello uterino",inyectable trimestral: usuarias continuas,2015-11-01,3,4,19,8,0,34
RIBERALTA,"anticoncepcion, prevencion de its y de cancer de cuello uterino",inyectable trimestral: usuarias continuas,2015-11-01,0,27,113,26,0,166
ROBORE,"anticoncepcion, prevencion de its y de cancer de cuello uterino",inyectable trimestral: usuarias continuas,2015-11-01,0,2,37,1,0,40
RURRENABAQUE,"anticoncepcion, prevencion de its y de cancer de cuello uterino",inyectable trimestral: usuarias continuas,2015-11-01,0,8,23,6,0,37
SABAYA,"anticoncepcion, prevencion de its y de cancer de cuello uterino",inyectable trimestral: usuarias continuas,2015-11-01,0,0,7,1,0,8
SACABA,"anticoncepcion, prevencion de its y de cancer de cuello uterino",inyectable trimestral: usuarias continuas,2015-11-01,0,17,127,46,0,190
SACABAMBA,"anticoncepcion, prevencion de its y de cancer de cuello uterino",inyectable trimestral: usuarias continuas,2015-11-01,0,1,4,6,0,11
SACACA,"anticoncepcion, prevencion de its y de cancer de cuello uterino",inyectable trimestral: usuarias continuas,2015-11-01,0,5,35,15,0,55
SAIPINA,"anticoncepcion, prevencion de its y de cancer de cuello uterino",inyectable trimestral: usuarias continuas,2015-11-01,0,2,12,8,0,22
SALINAS DE GARCI MENDOZA,"anticoncepcion, prevencion de its y de cancer de cuello uterino",inyectable trimestral: usuarias continuas,2015-11-01,0,0,21,10,0,31
SAMAIPATA,"anticoncepcion, prevencion de its y de cancer de cuello uterino",inyectable trimestral: usuarias continuas,2015-11-01,0,1,19,12,0,32
SAN AGUSTIN,"anticoncepcion, prevencion de its y de cancer de cuello uterino",inyectable trimestral: usuarias continuas,2015-11-01,0,0,8,2,0,10
SAN ANDRES,"anticoncepcion, prevencion de its y de cancer de cuello uterino",inyectable trimestral: usuarias continuas,2015-11-01,1,1,20,14,0,36
SAN ANDRES DE MACHACA,"anticoncepcion, prevencion de its y de cancer de cuello uterino",inyectable trimestral: usuarias continuas,2015-11-01,0,1,2,0,0,3
SAN ANTONIO DE ESMORUCO,"anticoncepcion, prevencion de its y de cancer de cuello uterino",inyectable trimestral: usuarias continuas,2015-11-01,0,0,3,1,0,4
SAN ANTONIO DE LOMERIO,"anticoncepcion, prevencion de its y de cancer de cuello uterino",inyectable trimestral: usuarias continuas,2015-11-01,0,2,32,25,0,59
SAN BENITO,"anticoncepcion, prevencion de its y de cancer de cuello uterino",inyectable trimestral: usuarias continuas,2015-11-01,0,1,25,11,0,37
SAN BORJA,"anticoncepcion, prevencion de its y de cancer de cuello uterino",inyectable trimestral: usuarias continuas,2015-11-01,1,15,77,51,0,144
SAN BUENA VENTURA,"anticoncepcion, prevencion de its y de cancer de cuello uterino",inyectable trimestral: usuarias continuas,2015-11-01,0,5,23,4,0,32
SAN CARLOS,"anticoncepcion, prevencion de its y de cancer de cuello uterino",inyectable trimestral: usuarias continuas,2015-11-01,0,6,22,13,0,41
SAN IGNACIO,"anticoncepcion, prevencion de its y de cancer de cuello uterino",inyectable trimestral: usuarias continuas,2015-11-01,0,12,67,29,0,108
SAN IGNACIO DE VELASCO,"anticoncepcion, prevencion de its y de cancer de cuello uterino",inyectable trimestral: usuarias continuas,2015-11-01,1,19,132,51,0,203
SAN JAVIER(BNI),"anticoncepcion, prevencion de its y de cancer de cuello uterino",inyectable trimestral: usuarias continuas,2015-11-01,1,3,7,1,0,12
SAN JAVIER(STC),"anticoncepcion, prevencion de its y de cancer de cuello uterino",inyectable trimestral: usuarias continuas,2015-11-01,0,5,27,11,0,43
SAN JOAQUIN,"anticoncepcion, prevencion de its y de cancer de cuello uterino",inyectable trimestral: usuarias continuas,2015-11-01,0,0,5,0,0,5
SAN JOSE DE CHIQUITOS,"anticoncepcion, prevencion de its y de cancer de cuello uterino",inyectable trimestral: usuarias continuas,2015-11-01,1,3,23,6,0,33
SAN JUAN DE YAPACANI,"anticoncepcion, prevencion de its y de cancer de cuello uterino",inyectable trimestral: usuarias continuas,2015-11-01,0,7,21,10,1,39
SAN JULIAN,"anticoncepcion, prevencion de its y de cancer de cuello uterino",inyectable trimestral: usuarias continuas,2015-11-01,0,12,54,34,2,102
SAN LORENZO(PND),"anticoncepcion, prevencion de its y de cancer de cuello uterino",inyectable trimestral: usuarias continuas,2015-11-01,0,6,26,8,0,40
SAN LORENZO(TJA),"anticoncepcion, prevencion de its y de cancer de cuello uterino",inyectable trimestral: usuarias continuas,2015-11-01,0,7,66,33,2,108
SAN LUCAS,"anticoncepcion, prevencion de its y de cancer de cuello uterino",inyectable trimestral: usuarias continuas,2015-11-01,0,6,56,45,0,107
SAN MATIAS,"anticoncepcion, prevencion de its y de cancer de cuello uterino",inyectable trimestral: usuarias continuas,2015-11-01,0,2,26,10,0,38
SAN MIGUEL DE VELASCO,"anticoncepcion, prevencion de its y de cancer de cuello uterino",inyectable trimestral: usuarias continuas,2015-11-01,0,7,43,26,0,76
SAN PABLO DE LIPEZ,"anticoncepcion, prevencion de its y de cancer de cuello uterino",inyectable trimestral: usuarias continuas,2015-11-01,0,0,3,4,0,7
SAN PEDRO,"anticoncepcion, prevencion de its y de cancer de cuello uterino",inyectable trimestral: usuarias continuas,2015-11-01,0,7,28,13,0,48
SAN PEDRO DE BUENA VISTA,"anticoncepcion, prevencion de its y de cancer de cuello uterino",inyectable trimestral: usuarias continuas,2015-11-01,0,4,27,25,1,57
SAN PEDRO DE CURAHUARA,"anticoncepcion, prevencion de its y de cancer de cuello uterino",inyectable trimestral: usuarias continuas,2015-11-01,0,0,5,7,0,12
SAN PEDRO DE QUEMES,"anticoncepcion, prevencion de its y de cancer de cuello uterino",inyectable trimestral: usuarias continuas,2015-11-01,0,0,3,3,0,6
SAN PEDRO DE TIQUINA,"anticoncepcion, prevencion de its y de cancer de cuello uterino",inyectable trimestral: usuarias continuas,2015-11-01,0,1,6,6,0,13
SAN PEDRO(PND),"anticoncepcion, prevencion de its y de cancer de cuello uterino",inyectable trimestral: usuarias continuas,2015-11-01,0,2,3,6,0,11
SAN RAFAEL,"anticoncepcion, prevencion de its y de cancer de cuello uterino",inyectable trimestral: usuarias continuas,2015-11-01,0,7,32,17,0,56
SAN RAMON SCZ,"anticoncepcion, prevencion de its y de cancer de cuello uterino",inyectable trimestral: usuarias continuas,2015-11-01,0,7,19,5,0,31
SANTA ANA,"anticoncepcion, prevencion de its y de cancer de cuello uterino",inyectable trimestral: usuarias continuas,2015-11-01,0,0,2,0,0,2
SANTA CRUZ DE LA SIERRA,"anticoncepcion, prevencion de its y de cancer de cuello uterino",inyectable trimestral: usuarias continuas,2015-11-01,3,75,295,60,0,433
SANTA ROSA,"anticoncepcion, prevencion de its y de cancer de cuello uterino",inyectable trimestral: usuarias continuas,2015-11-01,0,1,1,0,0,2
SANTA ROSA DEL SARA,"anticoncepcion, prevencion de its y de cancer de cuello uterino",inyectable trimestral: usuarias continuas,2015-11-01,2,4,54,11,0,71
SANTIAGO DE CALLAPA,"anticoncepcion, prevencion de its y de cancer de cuello uterino",inyectable trimestral: usuarias continuas,2015-11-01,0,1,1,2,0,4
SANTIAGO DE HUARI,"anticoncepcion, prevencion de its y de cancer de cuello uterino",inyectable trimestral: usuarias continuas,2015-11-01,0,0,6,3,0,9
SANTIAGO DE HUATA,"anticoncepcion, prevencion de its y de cancer de cuello uterino",inyectable trimestral: usuarias continuas,2015-11-01,0,1,8,5,1,15
SANTIAGO DE MACHACA,"anticoncepcion, prevencion de its y de cancer de cuello uterino",inyectable trimestral: usuarias continuas,2015-11-01,0,0,8,7,0,15
SANTIVAÃ‘ES,"anticoncepcion, prevencion de its y de cancer de cuello uterino",inyectable trimestral: usuarias continuas,2015-11-01,0,4,20,7,0,31
SANTUARIO DE QUILLACAS,"anticoncepcion, prevencion de its y de cancer de cuello uterino",inyectable trimestral: usuarias continuas,2015-11-01,0,0,5,3,0,8
SAPAHAQUI,"anticoncepcion, prevencion de its y de cancer de cuello uterino",inyectable trimestral: usuarias continuas,2015-11-01,0,2,17,13,0,32
SENA,"anticoncepcion, prevencion de its y de cancer de cuello uterino",inyectable trimestral: usuarias continuas,2015-11-01,0,3,5,4,0,12
SHINAOTA,"anticoncepcion, prevencion de its y de cancer de cuello uterino",inyectable trimestral: usuarias continuas,2015-11-01,0,3,29,18,0,50
SICA SICA (VILLA AROMA),"anticoncepcion, prevencion de its y de cancer de cuello uterino",inyectable trimestral: usuarias continuas,2015-11-01,0,2,32,25,2,61
SICAYA,"anticoncepcion, prevencion de its y de cancer de cuello uterino",inyectable trimestral: usuarias continuas,2015-11-01,0,1,6,3,0,10
SIPE SIPE,"anticoncepcion, prevencion de its y de cancer de cuello uterino",inyectable trimestral: usuarias continuas,2015-11-01,0,9,128,46,1,184
SOPACHUY,"anticoncepcion, prevencion de its y de cancer de cuello uterino",inyectable trimestral: usuarias continuas,2015-11-01,0,0,20,9,0,29
SORACACHI,"anticoncepcion, prevencion de its y de cancer de cuello uterino",inyectable trimestral: usuarias continuas,2015-11-01,0,0,13,8,0,21
SORATA,"anticoncepcion, prevencion de its y de cancer de cuello uterino",inyectable trimestral: usuarias continuas,2015-11-01,0,4,41,19,0,64
SUCRE,"anticoncepcion, prevencion de its y de cancer de cuello uterino",inyectable trimestral: usuarias continuas,2015-11-01,2,52,383,148,8,593
TACACHI,"anticoncepcion, prevencion de its y de cancer de cuello uterino",inyectable trimestral: usuarias continuas,2015-11-01,0,0,1,2,0,3
TACACOMA,"anticoncepcion, prevencion de its y de cancer de cuello uterino",inyectable trimestral: usuarias continuas,2015-11-01,0,2,22,7,0,31
TACOBAMBA,"anticoncepcion, prevencion de its y de cancer de cuello uterino",inyectable trimestral: usuarias continuas,2015-11-01,0,1,16,9,1,27
TACOPAYA,"anticoncepcion, prevencion de its y de cancer de cuello uterino",inyectable trimestral: usuarias continuas,2015-11-01,0,0,12,5,0,17
TAHUA,"anticoncepcion, prevencion de its y de cancer de cuello uterino",inyectable trimestral: usuarias continuas,2015-11-01,0,0,1,5,0,6
TAPACARI,"anticoncepcion, prevencion de its y de cancer de cuello uterino",inyectable trimestral: usuarias continuas,2015-11-01,0,5,30,25,0,60
TARABUCO,"anticoncepcion, prevencion de its y de cancer de cuello uterino",inyectable trimestral: usuarias continuas,2015-11-01,0,1,19,18,0,38
TARACO,"anticoncepcion, prevencion de its y de cancer de cuello uterino",inyectable trimestral: usuarias continuas,2015-11-01,0,4,13,11,1,29
TARATA,"anticoncepcion, prevencion de its y de cancer de cuello uterino",inyectable trimestral: usuarias continuas,2015-11-01,0,3,15,9,0,27
TARIJA,"anticoncepcion, prevencion de its y de cancer de cuello uterino",inyectable trimestral: usuarias continuas,2015-11-01,0,20,175,54,0,249
TARVITA,"anticoncepcion, prevencion de its y de cancer de cuello uterino",inyectable trimestral: usuarias continuas,2015-11-01,0,6,20,18,0,44
TEOPONTE,"anticoncepcion, prevencion de its y de cancer de cuello uterino",inyectable trimestral: usuarias continuas,2015-11-01,0,4,14,10,0,28
TIAWANACU,"anticoncepcion, prevencion de its y de cancer de cuello uterino",inyectable trimestral: usuarias continuas,2015-11-01,1,6,25,11,0,43
TINGUIPAYA,"anticoncepcion, prevencion de its y de cancer de cuello uterino",inyectable trimestral: usuarias continuas,2015-11-01,0,1,19,11,0,31
TIPUANI,"anticoncepcion, prevencion de its y de cancer de cuello uterino",inyectable trimestral: usuarias continuas,2015-11-01,0,4,10,7,0,21
TIQUIPAYA,"anticoncepcion, prevencion de its y de cancer de cuello uterino",inyectable trimestral: usuarias continuas,2015-11-01,1,10,71,13,0,95
TIRAQUE (CBBA),"anticoncepcion, prevencion de its y de cancer de cuello uterino",inyectable trimestral: usuarias continuas,2015-11-01,0,3,44,34,1,82
TITO YUPANQUI (PARQUIPUJIO),"anticoncepcion, prevencion de its y de cancer de cuello uterino",inyectable trimestral: usuarias continuas,2015-11-01,0,0,1,1,0,2
TOCO,"anticoncepcion, prevencion de its y de cancer de cuello uterino",inyectable trimestral: usuarias continuas,2015-11-01,0,2,11,9,1,23
TOLATA,"anticoncepcion, prevencion de its y de cancer de cuello uterino",inyectable trimestral: usuarias continuas,2015-11-01,0,1,8,3,0,12
TOLEDO,"anticoncepcion, prevencion de its y de cancer de cuello uterino",inyectable trimestral: usuarias continuas,2015-11-01,0,1,6,4,0,11
TOMAVE,"anticoncepcion, prevencion de its y de cancer de cuello uterino",inyectable trimestral: usuarias continuas,2015-11-01,0,0,8,13,0,21
TOMINA,"anticoncepcion, prevencion de its y de cancer de cuello uterino",inyectable trimestral: usuarias continuas,2015-11-01,0,9,45,37,0,91
TORO TORO,"anticoncepcion, prevencion de its y de cancer de cuello uterino",inyectable trimestral: usuarias continuas,2015-11-01,0,1,8,6,0,15
TOTORA(CBBA),"anticoncepcion, prevencion de its y de cancer de cuello uterino",inyectable trimestral: usuarias continuas,2015-11-01,0,14,61,28,0,103
TOTORA(ORR),"anticoncepcion, prevencion de its y de cancer de cuello uterino",inyectable trimestral: usuarias continuas,2015-11-01,0,1,12,0,0,13
TRIGAL,"anticoncepcion, prevencion de its y de cancer de cuello uterino",inyectable trimestral: usuarias continuas,2015-11-01,0,0,7,2,0,9
TRINIDAD,"anticoncepcion, prevencion de its y de cancer de cuello uterino",inyectable trimestral: usuarias continuas,2015-11-01,0,11,33,14,0,58
TUPIZA,"anticoncepcion, prevencion de its y de cancer de cuello uterino",inyectable trimestral: usuarias continuas,2015-11-01,0,6,77,42,3,128
TURCO,"anticoncepcion, prevencion de its y de cancer de cuello uterino",inyectable trimestral: usuarias continuas,2015-11-01,0,1,1,8,0,10
UMALA,"anticoncepcion, prevencion de its y de cancer de cuello uterino",inyectable trimestral: usuarias continuas,2015-11-01,0,4,11,5,0,20
UNCIA,"anticoncepcion, prevencion de its y de cancer de cuello uterino",inyectable trimestral: usuarias continuas,2015-11-01,0,5,31,24,0,60
URIONDO (A. CONCEPCION),"anticoncepcion, prevencion de its y de cancer de cuello uterino",inyectable trimestral: usuarias continuas,2015-11-01,1,18,66,35,1,121
URUBICHA,"anticoncepcion, prevencion de its y de cancer de cuello uterino",inyectable trimestral: usuarias continuas,2015-11-01,0,0,8,7,0,15
UYUNI,"anticoncepcion, prevencion de its y de cancer de cuello uterino",inyectable trimestral: usuarias continuas,2015-11-01,0,3,24,15,0,42
VACAS,"anticoncepcion, prevencion de its y de cancer de cuello uterino",inyectable trimestral: usuarias continuas,2015-11-01,0,7,21,19,0,47
VALLEGRANDE,"anticoncepcion, prevencion de its y de cancer de cuello uterino",inyectable trimestral: usuarias continuas,2015-11-01,1,4,41,17,0,63
VIACHA,"anticoncepcion, prevencion de its y de cancer de cuello uterino",inyectable trimestral: usuarias continuas,2015-11-01,0,11,132,37,0,180
VILA VILA,"anticoncepcion, prevencion de its y de cancer de cuello uterino",inyectable trimestral: usuarias continuas,2015-11-01,1,0,5,1,0,7
VILLA CHARCAS,"anticoncepcion, prevencion de its y de cancer de cuello uterino",inyectable trimestral: usuarias continuas,2015-11-01,0,3,30,34,1,68
VILLA MONTES,"anticoncepcion, prevencion de its y de cancer de cuello uterino",inyectable trimestral: usuarias continuas,2015-11-01,0,13,54,26,0,93
VILLA NUEVA (LOMA ALTA),"anticoncepcion, prevencion de its y de cancer de cuello uterino",inyectable trimestral: usuarias continuas,2015-11-01,0,2,6,1,0,9
VILLA RIVERO,"anticoncepcion, prevencion de its y de cancer de cuello uterino",inyectable trimestral: usuarias continuas,2015-11-01,0,1,30,14,0,45
VILLA SERRANO,"anticoncepcion, prevencion de its y de cancer de cuello uterino",inyectable trimestral: usuarias continuas,2015-11-01,0,4,18,17,0,39
VILLA TUNARI,"anticoncepcion, prevencion de its y de cancer de cuello uterino",inyectable trimestral: usuarias continuas,2015-11-01,0,31,242,84,1,358
VILLA VACA GUZMAN (MUYUPAMPA),"anticoncepcion, prevencion de its y de cancer de cuello uterino",inyectable trimestral: usuarias continuas,2015-11-01,0,5,34,19,3,61
VILLAZON,"anticoncepcion, prevencion de its y de cancer de cuello uterino",inyectable trimestral: usuarias continuas,2015-11-01,0,7,114,48,0,169
VINTO,"anticoncepcion, prevencion de its y de cancer de cuello uterino",inyectable trimestral: usuarias continuas,2015-11-01,0,4,44,23,0,71
VITICHI,"anticoncepcion, prevencion de its y de cancer de cuello uterino",inyectable trimestral: usuarias continuas,2015-11-01,0,2,14,18,0,34
WALDO BALLIVIAN,"anticoncepcion, prevencion de its y de cancer de cuello uterino",inyectable trimestral: usuarias continuas,2015-11-01,0,0,6,5,0,11
WARNES,"anticoncepcion, prevencion de its y de cancer de cuello uterino",inyectable trimestral: usuarias continuas,2015-11-01,2,24,110,36,1,173
YACO,"anticoncepcion, prevencion de its y de cancer de cuello uterino",inyectable trimestral: usuarias continuas,2015-11-01,0,0,12,5,0,17
YACUIBA,"anticoncepcion, prevencion de its y de cancer de cuello uterino",inyectable trimestral: usuarias continuas,2015-11-01,0,20,178,96,2,296
YAMPARAEZ,"anticoncepcion, prevencion de its y de cancer de cuello uterino",inyectable trimestral: usuarias continuas,2015-11-01,0,2,8,4,0,14
YANACACHI,"anticoncepcion, prevencion de its y de cancer de cuello uterino",inyectable trimestral: usuarias continuas,2015-11-01,0,1,13,0,0,14
YAPACANI,"anticoncepcion, prevencion de its y de cancer de cuello uterino",inyectable trimestral: usuarias continuas,2015-11-01,0,8,58,27,0,93
YOCALLA,"anticoncepcion, prevencion de its y de cancer de cuello uterino",inyectable trimestral: usuarias continuas,2015-11-01,0,0,15,1,1,17
YOTALA,"anticoncepcion, prevencion de its y de cancer de cuello uterino",inyectable trimestral: usuarias continuas,2015-11-01,0,0,5,8,0,13
YUNCHARA,"anticoncepcion, prevencion de its y de cancer de cuello uterino",inyectable trimestral: usuarias continuas,2015-11-01,0,6,29,26,0,61
YUNGUYO DE LITORAL,"anticoncepcion, prevencion de its y de cancer de cuello uterino",inyectable trimestral: usuarias continuas,2015-11-01,0,2,0,0,0,2
ZUDAÃ‘EZ,"anticoncepcion, prevencion de its y de cancer de cuello uterino",inyectable trimestral: usuarias continuas,2015-11-01,0,3,37,13,0,53
ACACIO,"anticoncepcion, prevencion de its y de cancer de cuello uterino",inyectable trimestral: usuarias continuas,2015-12-01,0,0,9,3,0,12
ACHACACHI,"anticoncepcion, prevencion de its y de cancer de cuello uterino",inyectable trimestral: usuarias continuas,2015-12-01,0,5,51,29,1,86
ACHOCALLA,"anticoncepcion, prevencion de its y de cancer de cuello uterino",inyectable trimestral: usuarias continuas,2015-12-01,0,2,31,25,0,58
AIQUILE,"anticoncepcion, prevencion de its y de cancer de cuello uterino",inyectable trimestral: usuarias continuas,2015-12-01,0,3,30,15,0,48
ALALAY,"anticoncepcion, prevencion de its y de cancer de cuello uterino",inyectable trimestral: usuarias continuas,2015-12-01,0,0,3,2,0,5
ALCALA,"anticoncepcion, prevencion de its y de cancer de cuello uterino",inyectable trimestral: usuarias continuas,2015-12-01,0,2,12,14,0,28
ALTO BENI,"anticoncepcion, prevencion de its y de cancer de cuello uterino",inyectable trimestral: usuarias continuas,2015-12-01,0,0,28,17,0,45
ANCORAIMES,"anticoncepcion, prevencion de its y de cancer de cuello uterino",inyectable trimestral: usuarias continuas,2015-12-01,0,0,16,11,0,27
ANDAMARCA,"anticoncepcion, prevencion de its y de cancer de cuello uterino",inyectable trimestral: usuarias continuas,2015-12-01,0,0,3,2,0,5
ANTEQUERA,"anticoncepcion, prevencion de its y de cancer de cuello uterino",inyectable trimestral: usuarias continuas,2015-12-01,0,0,7,2,0,9
ANZALDO,"anticoncepcion, prevencion de its y de cancer de cuello uterino",inyectable trimestral: usuarias continuas,2015-12-01,0,2,16,11,0,29
APOLO,"anticoncepcion, prevencion de its y de cancer de cuello uterino",inyectable trimestral: usuarias continuas,2015-12-01,0,5,24,20,0,49
ARAMPAMPA,"anticoncepcion, prevencion de its y de cancer de cuello uterino",inyectable trimestral: usuarias continuas,2015-12-01,0,0,15,4,0,19
ARANI,"anticoncepcion, prevencion de its y de cancer de cuello uterino",inyectable trimestral: usuarias continuas,2015-12-01,0,0,12,3,0,15
ARBIETO,"anticoncepcion, prevencion de its y de cancer de cuello uterino",inyectable trimestral: usuarias continuas,2015-12-01,0,9,27,6,0,42
ARQUE,"anticoncepcion, prevencion de its y de cancer de cuello uterino",inyectable trimestral: usuarias continuas,2015-12-01,0,6,27,25,0,58
ASCENCION DE GUARAYOS,"anticoncepcion, prevencion de its y de cancer de cuello uterino",inyectable trimestral: usuarias continuas,2015-12-01,0,1,10,9,0,20
ATOCHA,"anticoncepcion, prevencion de its y de cancer de cuello uterino",inyectable trimestral: usuarias continuas,2015-12-01,0,1,29,9,0,39
AUCAPATA,"anticoncepcion, prevencion de its y de cancer de cuello uterino",inyectable trimestral: usuarias continuas,2015-12-01,0,1,9,11,0,21
AYATA,"anticoncepcion, prevencion de its y de cancer de cuello uterino",inyectable trimestral: usuarias continuas,2015-12-01,0,3,22,25,0,50
AYO AYO,"anticoncepcion, prevencion de its y de cancer de cuello uterino",inyectable trimestral: usuarias continuas,2015-12-01,0,0,15,7,0,22
AYOPAYA (V. DE INDEPENDENCIA),"anticoncepcion, prevencion de its y de cancer de cuello uterino",inyectable trimestral: usuarias continuas,2015-12-01,0,7,75,57,0,139
AZURDUY,"anticoncepcion, prevencion de its y de cancer de cuello uterino",inyectable trimestral: usuarias continuas,2015-12-01,0,4,33,20,0,57
BATALLAS,"anticoncepcion, prevencion de its y de cancer de cuello uterino",inyectable trimestral: usuarias continuas,2015-12-01,0,3,21,15,1,40
BAURES,"anticoncepcion, prevencion de its y de cancer de cuello uterino",inyectable trimestral: usuarias continuas,2015-12-01,0,0,3,2,0,5
BELEN DE ANDAMARCA,"anticoncepcion, prevencion de its y de cancer de cuello uterino",inyectable trimestral: usuarias continuas,2015-12-01,0,0,5,2,0,7
BELEN DE URMIRI,"anticoncepcion, prevencion de its y de cancer de cuello uterino",inyectable trimestral: usuarias continuas,2015-12-01,0,0,1,3,0,4
BELLA FLOR,"anticoncepcion, prevencion de its y de cancer de cuello uterino",inyectable trimestral: usuarias continuas,2015-12-01,0,1,10,4,0,15
BERMEJO,"anticoncepcion, prevencion de its y de cancer de cuello uterino",inyectable trimestral: usuarias continuas,2015-12-01,0,18,84,39,0,141
BETANZOS,"anticoncepcion, prevencion de its y de cancer de cuello uterino",inyectable trimestral: usuarias continuas,2015-12-01,0,2,38,42,0,82
BOLIVAR,"anticoncepcion, prevencion de its y de cancer de cuello uterino",inyectable trimestral: usuarias continuas,2015-12-01,0,0,10,5,0,15
BOLPEBRA,"anticoncepcion, prevencion de its y de cancer de cuello uterino",inyectable trimestral: usuarias continuas,2015-12-01,0,0,2,1,0,3
BOYUIBE,"anticoncepcion, prevencion de its y de cancer de cuello uterino",inyectable trimestral: usuarias continuas,2015-12-01,0,0,4,4,0,8
BUENA VISTA,"anticoncepcion, prevencion de its y de cancer de cuello uterino",inyectable trimestral: usuarias continuas,2015-12-01,0,4,30,21,0,55
CABEZAS,"anticoncepcion, prevencion de its y de cancer de cuello uterino",inyectable trimestral: usuarias continuas,2015-12-01,0,14,75,26,0,115
CAIROMA,"anticoncepcion, prevencion de its y de cancer de cuello uterino",inyectable trimestral: usuarias continuas,2015-12-01,0,1,10,6,0,17
"CAIZA ""D""","anticoncepcion, prevencion de its y de cancer de cuello uterino",inyectable trimestral: usuarias continuas,2015-12-01,0,0,16,16,0,32
CAJUATA,"anticoncepcion, prevencion de its y de cancer de cuello uterino",inyectable trimestral: usuarias continuas,2015-12-01,0,5,25,14,0,44
CALACOTO,"anticoncepcion, prevencion de its y de cancer de cuello uterino",inyectable trimestral: usuarias continuas,2015-12-01,0,0,3,8,0,11
CALAMARCA,"anticoncepcion, prevencion de its y de cancer de cuello uterino",inyectable trimestral: usuarias continuas,2015-12-01,0,2,31,16,0,49
CAMARGO,"anticoncepcion, prevencion de its y de cancer de cuello uterino",inyectable trimestral: usuarias continuas,2015-12-01,0,5,19,13,0,37
CAMATAQUI (C. VILLA ABECIA),"anticoncepcion, prevencion de its y de cancer de cuello uterino",inyectable trimestral: usuarias continuas,2015-12-01,0,2,7,11,0,20
CAMIRI,"anticoncepcion, prevencion de its y de cancer de cuello uterino",inyectable trimestral: usuarias continuas,2015-12-01,2,5,21,20,0,48
CAPINOTA,"anticoncepcion, prevencion de its y de cancer de cuello uterino",inyectable trimestral: usuarias continuas,2015-12-01,0,8,25,18,0,51
CAQUIAVIRI,"anticoncepcion, prevencion de its y de cancer de cuello uterino",inyectable trimestral: usuarias continuas,2015-12-01,0,1,8,2,0,11
CARACOLLO,"anticoncepcion, prevencion de its y de cancer de cuello uterino",inyectable trimestral: usuarias continuas,2015-12-01,0,2,21,15,0,38
CARANAVI,"anticoncepcion, prevencion de its y de cancer de cuello uterino",inyectable trimestral: usuarias continuas,2015-12-01,0,11,66,35,0,112
CARANGAS,"anticoncepcion, prevencion de its y de cancer de cuello uterino",inyectable trimestral: usuarias continuas,2015-12-01,0,0,0,1,0,1
CARAPARI,"anticoncepcion, prevencion de its y de cancer de cuello uterino",inyectable trimestral: usuarias continuas,2015-12-01,1,3,37,26,1,68
CARIPUYO,"anticoncepcion, prevencion de its y de cancer de cuello uterino",inyectable trimestral: usuarias continuas,2015-12-01,0,1,6,9,0,16
CARMEN RIVERO TORREZ,"anticoncepcion, prevencion de its y de cancer de cuello uterino",inyectable trimestral: usuarias continuas,2015-12-01,0,0,7,2,0,9
CATACORA,"anticoncepcion, prevencion de its y de cancer de cuello uterino",inyectable trimestral: usuarias continuas,2015-12-01,0,3,2,1,0,6
CHACARILLA,"anticoncepcion, prevencion de its y de cancer de cuello uterino",inyectable trimestral: usuarias continuas,2015-12-01,0,0,1,1,0,2
CHALLAPATA,"anticoncepcion, prevencion de its y de cancer de cuello uterino",inyectable trimestral: usuarias continuas,2015-12-01,0,2,28,9,0,39
CHAQUI,"anticoncepcion, prevencion de its y de cancer de cuello uterino",inyectable trimestral: usuarias continuas,2015-12-01,0,0,20,6,0,26
CHARAGUA,"anticoncepcion, prevencion de its y de cancer de cuello uterino",inyectable trimestral: usuarias continuas,2015-12-01,0,3,33,12,0,48
CHARAÃ‘A,"anticoncepcion, prevencion de its y de cancer de cuello uterino",inyectable trimestral: usuarias continuas,2015-12-01,0,1,1,4,0,6
CHAYANTA,"anticoncepcion, prevencion de its y de cancer de cuello uterino",inyectable trimestral: usuarias continuas,2015-12-01,0,3,35,21,0,59
CHIMORE,"anticoncepcion, prevencion de its y de cancer de cuello uterino",inyectable trimestral: usuarias continuas,2015-12-01,0,9,53,13,0,75
CHIPAYA,"anticoncepcion, prevencion de its y de cancer de cuello uterino",inyectable trimestral: usuarias continuas,2015-12-01,0,3,10,4,0,17
CHOQUE COTA,"anticoncepcion, prevencion de its y de cancer de cuello uterino",inyectable trimestral: usuarias continuas,2015-12-01,0,0,0,2,0,2
CHUA COCANI,"anticoncepcion, prevencion de its y de cancer de cuello uterino",inyectable trimestral: usuarias continuas,2015-12-01,0,1,2,2,0,5
CHULUMANI (V. DE LA LIBERTAD),"anticoncepcion, prevencion de its y de cancer de cuello uterino",inyectable trimestral: usuarias continuas,2015-12-01,0,1,20,10,1,32
CHUMA,"anticoncepcion, prevencion de its y de cancer de cuello uterino",inyectable trimestral: usuarias continuas,2015-12-01,0,7,20,16,0,43
CHUQUIHUTA AYLLU JUCUMANI,"anticoncepcion, prevencion de its y de cancer de cuello uterino",inyectable trimestral: usuarias continuas,2015-12-01,0,1,6,4,0,11
CKOCHAS,"anticoncepcion, prevencion de its y de cancer de cuello uterino",inyectable trimestral: usuarias continuas,2015-12-01,0,0,15,20,1,36
CLIZA,"anticoncepcion, prevencion de its y de cancer de cuello uterino",inyectable trimestral: usuarias continuas,2015-12-01,0,5,32,12,1,50
COBIJA,"anticoncepcion, prevencion de its y de cancer de cuello uterino",inyectable trimestral: usuarias continuas,2015-12-01,1,23,105,21,0,150
COCAPATA,"anticoncepcion, prevencion de its y de cancer de cuello uterino",inyectable trimestral: usuarias continuas,2015-12-01,0,3,48,31,0,82
COCHABAMBA,"anticoncepcion, prevencion de its y de cancer de cuello uterino",inyectable trimestral: usuarias continuas,2015-12-01,0,32,287,83,2,404
COIPASA,"anticoncepcion, prevencion de its y de cancer de cuello uterino",inyectable trimestral: usuarias continuas,2015-12-01,0,0,2,1,0,3
COLCAPIRHUA,"anticoncepcion, prevencion de its y de cancer de cuello uterino",inyectable trimestral: usuarias continuas,2015-12-01,0,0,48,10,0,58
"COLCHA ""K""","anticoncepcion, prevencion de its y de cancer de cuello uterino",inyectable trimestral: usuarias continuas,2015-12-01,0,4,29,20,0,53
COLLANA,"anticoncepcion, prevencion de its y de cancer de cuello uterino",inyectable trimestral: usuarias continuas,2015-12-01,0,1,8,5,0,14
COLOMI,"anticoncepcion, prevencion de its y de cancer de cuello uterino",inyectable trimestral: usuarias continuas,2015-12-01,0,8,50,17,0,75
COLPA BELGICA,"anticoncepcion, prevencion de its y de cancer de cuello uterino",inyectable trimestral: usuarias continuas,2015-12-01,0,2,12,0,0,14
COLQUECHACA,"anticoncepcion, prevencion de its y de cancer de cuello uterino",inyectable trimestral: usuarias continuas,2015-12-01,0,4,42,22,0,68
COLQUENCHA,"anticoncepcion, prevencion de its y de cancer de cuello uterino",inyectable trimestral: usuarias continuas,2015-12-01,0,2,22,20,1,45
COLQUIRI,"anticoncepcion, prevencion de its y de cancer de cuello uterino",inyectable trimestral: usuarias continuas,2015-12-01,1,2,30,14,0,47
COMANCHE,"anticoncepcion, prevencion de its y de cancer de cuello uterino",inyectable trimestral: usuarias continuas,2015-12-01,0,0,2,0,0,2
COMARAPA,"anticoncepcion, prevencion de its y de cancer de cuello uterino",inyectable trimestral: usuarias continuas,2015-12-01,0,14,87,35,0,136
COMBAYA,"anticoncepcion, prevencion de its y de cancer de cuello uterino",inyectable trimestral: usuarias continuas,2015-12-01,0,1,2,2,0,5
CONCEPCION,"anticoncepcion, prevencion de its y de cancer de cuello uterino",inyectable trimestral: usuarias continuas,2015-12-01,0,4,33,8,0,45
COPACABANA,"anticoncepcion, prevencion de its y de cancer de cuello uterino",inyectable trimestral: usuarias continuas,2015-12-01,0,1,28,17,0,46
CORIPATA,"anticoncepcion, prevencion de its y de cancer de cuello uterino",inyectable trimestral: usuarias continuas,2015-12-01,0,0,47,22,0,69
CORO CORO,"anticoncepcion, prevencion de its y de cancer de cuello uterino",inyectable trimestral: usuarias continuas,2015-12-01,0,0,10,11,0,21
COROICO,"anticoncepcion, prevencion de its y de cancer de cuello uterino",inyectable trimestral: usuarias continuas,2015-12-01,0,0,11,2,1,14
CORQUE,"anticoncepcion, prevencion de its y de cancer de cuello uterino",inyectable trimestral: usuarias continuas,2015-12-01,0,1,6,2,0,9
COTAGAITA,"anticoncepcion, prevencion de its y de cancer de cuello uterino",inyectable trimestral: usuarias continuas,2015-12-01,0,3,61,30,1,95
COTOCA,"anticoncepcion, prevencion de its y de cancer de cuello uterino",inyectable trimestral: usuarias continuas,2015-12-01,0,12,67,25,0,104
CUATRO CAÃ‘ADAS,"anticoncepcion, prevencion de its y de cancer de cuello uterino",inyectable trimestral: usuarias continuas,2015-12-01,0,2,26,23,1,52
CUCHUMUELA (V. G. VILLARROEL),"anticoncepcion, prevencion de its y de cancer de cuello uterino",inyectable trimestral: usuarias continuas,2015-12-01,0,0,5,6,0,11
CUEVO,"anticoncepcion, prevencion de its y de cancer de cuello uterino",inyectable trimestral: usuarias continuas,2015-12-01,0,0,16,8,0,24
CULPINA,"anticoncepcion, prevencion de its y de cancer de cuello uterino",inyectable trimestral: usuarias continuas,2015-12-01,0,7,36,33,0,76
CURAHUARA DE CARANGAS,"anticoncepcion, prevencion de its y de cancer de cuello uterino",inyectable trimestral: usuarias continuas,2015-12-01,0,1,7,3,0,11
CURVA,"anticoncepcion, prevencion de its y de cancer de cuello uterino",inyectable trimestral: usuarias continuas,2015-12-01,0,0,0,1,0,1
DESAGUADERO,"anticoncepcion, prevencion de its y de cancer de cuello uterino",inyectable trimestral: usuarias continuas,2015-12-01,0,0,8,3,0,11
EL ALTO,"anticoncepcion, prevencion de its y de cancer de cuello uterino",inyectable trimestral: usuarias continuas,2015-12-01,1,73,719,280,1,1074
EL CHORO,"anticoncepcion, prevencion de its y de cancer de cuello uterino",inyectable trimestral: usuarias continuas,2015-12-01,0,0,3,4,0,7
EL PUENTE(STC),"anticoncepcion, prevencion de its y de cancer de cuello uterino",inyectable trimestral: usuarias continuas,2015-12-01,0,4,37,20,0,61
EL PUENTE(TJA),"anticoncepcion, prevencion de its y de cancer de cuello uterino",inyectable trimestral: usuarias continuas,2015-12-01,0,18,102,72,2,194
EL TORNO,"anticoncepcion, prevencion de its y de cancer de cuello uterino",inyectable trimestral: usuarias continuas,2015-12-01,3,18,83,31,1,136
EL VILLAR,"anticoncepcion, prevencion de its y de cancer de cuello uterino",inyectable trimestral: usuarias continuas,2015-12-01,0,0,13,15,1,29
ENTRE RIOS TRJ,"anticoncepcion, prevencion de its y de cancer de cuello uterino",inyectable trimestral: usuarias continuas,2015-12-01,0,13,82,50,1,146
ENTRE RIOS CBBA,"anticoncepcion, prevencion de its y de cancer de cuello uterino",inyectable trimestral: usuarias continuas,2015-12-01,0,8,35,17,0,60
ESCOMA,"anticoncepcion, prevencion de its y de cancer de cuello uterino",inyectable trimestral: usuarias continuas,2015-12-01,0,0,4,1,0,5
EUCALIPTUS,"anticoncepcion, prevencion de its y de cancer de cuello uterino",inyectable trimestral: usuarias continuas,2015-12-01,0,1,6,5,0,12
EUREKA (SANTOS MERCADO),"anticoncepcion, prevencion de its y de cancer de cuello uterino",inyectable trimestral: usuarias continuas,2015-12-01,0,0,1,0,0,1
FERNANDEZ ALONSO,"anticoncepcion, prevencion de its y de cancer de cuello uterino",inyectable trimestral: usuarias continuas,2015-12-01,0,4,36,10,0,50
FILADELFIA,"anticoncepcion, prevencion de its y de cancer de cuello uterino",inyectable trimestral: usuarias continuas,2015-12-01,0,2,11,2,0,15
GENERAL SAAVEDRA,"anticoncepcion, prevencion de its y de cancer de cuello uterino",inyectable trimestral: usuarias continuas,2015-12-01,0,14,38,15,0,67
GRAL. J.J. PEREZ (CHARAZANI),"anticoncepcion, prevencion de its y de cancer de cuello uterino",inyectable trimestral: usuarias continuas,2015-12-01,0,1,11,4,0,16
GUANAY,"anticoncepcion, prevencion de its y de cancer de cuello uterino",inyectable trimestral: usuarias continuas,2015-12-01,0,2,11,1,0,14
GUAQUI,"anticoncepcion, prevencion de its y de cancer de cuello uterino",inyectable trimestral: usuarias continuas,2015-12-01,0,2,6,5,0,13
GUAYARAMERIN,"anticoncepcion, prevencion de its y de cancer de cuello uterino",inyectable trimestral: usuarias continuas,2015-12-01,0,2,10,2,0,14
GUTIERREZ,"anticoncepcion, prevencion de its y de cancer de cuello uterino",inyectable trimestral: usuarias continuas,2015-12-01,0,4,16,5,0,25
HUACARETA,"anticoncepcion, prevencion de its y de cancer de cuello uterino",inyectable trimestral: usuarias continuas,2015-12-01,0,4,12,9,0,25
HUACAYA (VILLA DE HUACAYA),"anticoncepcion, prevencion de its y de cancer de cuello uterino",inyectable trimestral: usuarias continuas,2015-12-01,0,1,7,4,0,12
HUACHACALLA,"anticoncepcion, prevencion de its y de cancer de cuello uterino",inyectable trimestral: usuarias continuas,2015-12-01,0,1,0,0,0,1
HUANUNI,"anticoncepcion, prevencion de its y de cancer de cuello uterino",inyectable trimestral: usuarias continuas,2015-12-01,0,3,18,6,0,27
HUARACAJE,"anticoncepcion, prevencion de its y de cancer de cuello uterino",inyectable trimestral: usuarias continuas,2015-12-01,0,0,2,1,0,3
HUARINA,"anticoncepcion, prevencion de its y de cancer de cuello uterino",inyectable trimestral: usuarias continuas,2015-12-01,0,2,3,2,0,7
HUATAJATA,"anticoncepcion, prevencion de its y de cancer de cuello uterino",inyectable trimestral: usuarias continuas,2015-12-01,0,0,4,2,0,6
HUAYLLAMARCA,"anticoncepcion, prevencion de its y de cancer de cuello uterino",inyectable trimestral: usuarias continuas,2015-12-01,0,2,10,9,0,21
HUMANATA,"anticoncepcion, prevencion de its y de cancer de cuello uterino",inyectable trimestral: usuarias continuas,2015-12-01,0,3,2,5,0,10
ICHOCA,"anticoncepcion, prevencion de its y de cancer de cuello uterino",inyectable trimestral: usuarias continuas,2015-12-01,0,0,1,1,0,2
ICLA,"anticoncepcion, prevencion de its y de cancer de cuello uterino",inyectable trimestral: usuarias continuas,2015-12-01,0,3,15,19,0,37
INCAHUASI,"anticoncepcion, prevencion de its y de cancer de cuello uterino",inyectable trimestral: usuarias continuas,2015-12-01,0,1,30,22,0,53
INGAVI (HUMAITA),"anticoncepcion, prevencion de its y de cancer de cuello uterino",inyectable trimestral: usuarias continuas,2015-12-01,0,2,4,0,0,6
INQUISIVI,"anticoncepcion, prevencion de its y de cancer de cuello uterino",inyectable trimestral: usuarias continuas,2015-12-01,0,0,18,13,0,31
IRUPANA (VILLA DE LANZA),"anticoncepcion, prevencion de its y de cancer de cuello uterino",inyectable trimestral: usuarias continuas,2015-12-01,0,3,27,20,1,51
IXIAMAS,"anticoncepcion, prevencion de its y de cancer de cuello uterino",inyectable trimestral: usuarias continuas,2015-12-01,0,1,16,7,0,24
JESUS DE MACHACA,"anticoncepcion, prevencion de its y de cancer de cuello uterino",inyectable trimestral: usuarias continuas,2015-12-01,0,1,7,8,0,16
LA ASUNTA,"anticoncepcion, prevencion de its y de cancer de cuello uterino",inyectable trimestral: usuarias continuas,2015-12-01,0,4,101,31,0,136
LA GUARDIA,"anticoncepcion, prevencion de its y de cancer de cuello uterino",inyectable trimestral: usuarias continuas,2015-12-01,0,9,81,30,0,120
LA PAZ,"anticoncepcion, prevencion de its y de cancer de cuello uterino",inyectable trimestral: usuarias continuas,2015-12-01,0,18,268,92,0,378
LAGUNILLAS,"anticoncepcion, prevencion de its y de cancer de cuello uterino",inyectable trimestral: usuarias continuas,2015-12-01,0,2,14,6,0,22
LAJA,"anticoncepcion, prevencion de its y de cancer de cuello uterino",inyectable trimestral: usuarias continuas,2015-12-01,1,4,27,14,0,46
LAS CARRERAS,"anticoncepcion, prevencion de its y de cancer de cuello uterino",inyectable trimestral: usuarias continuas,2015-12-01,0,1,7,2,0,10
LICOMA PAMPA,"anticoncepcion, prevencion de its y de cancer de cuello uterino",inyectable trimestral: usuarias continuas,2015-12-01,0,5,8,6,0,19
LLALLAGUA,"anticoncepcion, prevencion de its y de cancer de cuello uterino",inyectable trimestral: usuarias continuas,2015-12-01,0,2,66,27,0,95
LLICA,"anticoncepcion, prevencion de its y de cancer de cuello uterino",inyectable trimestral: usuarias continuas,2015-12-01,0,3,11,1,0,15
LORETO,"anticoncepcion, prevencion de its y de cancer de cuello uterino",inyectable trimestral: usuarias continuas,2015-12-01,0,0,1,1,0,2
LURIBAY,"anticoncepcion, prevencion de its y de cancer de cuello uterino",inyectable trimestral: usuarias continuas,2015-12-01,0,2,23,16,2,43
MACHACAMARCA,"anticoncepcion, prevencion de its y de cancer de cuello uterino",inyectable trimestral: usuarias continuas,2015-12-01,0,0,5,3,0,8
MACHARETI,"anticoncepcion, prevencion de its y de cancer de cuello uterino",inyectable trimestral: usuarias continuas,2015-12-01,0,1,43,11,0,55
MAGDALENA,"anticoncepcion, prevencion de its y de cancer de cuello uterino",inyectable trimestral: usuarias continuas,2015-12-01,0,13,31,9,0,53
MAIRANA,"anticoncepcion, prevencion de its y de cancer de cuello uterino",inyectable trimestral: usuarias continuas,2015-12-01,0,4,26,11,0,41
MALLA,"anticoncepcion, prevencion de its y de cancer de cuello uterino",inyectable trimestral: usuarias continuas,2015-12-01,0,1,6,2,1,10
MAPIRI,"anticoncepcion, prevencion de its y de cancer de cuello uterino",inyectable trimestral: usuarias continuas,2015-12-01,0,0,15,5,0,20
MECAPACA,"anticoncepcion, prevencion de its y de cancer de cuello uterino",inyectable trimestral: usuarias continuas,2015-12-01,0,0,26,9,0,35
MINEROS,"anticoncepcion, prevencion de its y de cancer de cuello uterino",inyectable trimestral: usuarias continuas,2015-12-01,0,6,27,9,0,42
MIZQUE,"anticoncepcion, prevencion de its y de cancer de cuello uterino",inyectable trimestral: usuarias continuas,2015-12-01,0,4,60,35,0,99
MOCOMOCO,"anticoncepcion, prevencion de its y de cancer de cuello uterino",inyectable trimestral: usuarias continuas,2015-12-01,0,1,16,16,0,33
MOJOCOYA,"anticoncepcion, prevencion de its y de cancer de cuello uterino",inyectable trimestral: usuarias continuas,2015-12-01,0,3,19,22,0,44
MONTEAGUDO,"anticoncepcion, prevencion de its y de cancer de cuello uterino",inyectable trimestral: usuarias continuas,2015-12-01,0,10,46,24,1,81
MONTERO,"anticoncepcion, prevencion de its y de cancer de cuello uterino",inyectable trimestral: usuarias continuas,2015-12-01,1,42,177,48,1,269
MORO MORO,"anticoncepcion, prevencion de its y de cancer de cuello uterino",inyectable trimestral: usuarias continuas,2015-12-01,0,1,6,4,0,11
MOROCHATA,"anticoncepcion, prevencion de its y de cancer de cuello uterino",inyectable trimestral: usuarias continuas,2015-12-01,0,2,37,30,0,69
NACEBE (SANTA ROSA DEL ABUNA),"anticoncepcion, prevencion de its y de cancer de cuello uterino",inyectable trimestral: usuarias continuas,2015-12-01,0,4,13,7,0,24
NUEVO MANOA (NUEVA ESPERANZA),"anticoncepcion, prevencion de its y de cancer de cuello uterino",inyectable trimestral: usuarias continuas,2015-12-01,0,0,2,1,0,3
OCURI,"anticoncepcion, prevencion de its y de cancer de cuello uterino",inyectable trimestral: usuarias continuas,2015-12-01,0,1,17,19,0,37
OKINAWA,"anticoncepcion, prevencion de its y de cancer de cuello uterino",inyectable trimestral: usuarias continuas,2015-12-01,0,2,30,11,0,43
OMEREQUE,"anticoncepcion, prevencion de its y de cancer de cuello uterino",inyectable trimestral: usuarias continuas,2015-12-01,0,4,16,7,0,27
ORURO,"anticoncepcion, prevencion de its y de cancer de cuello uterino",inyectable trimestral: usuarias continuas,2015-12-01,0,32,443,174,1,650
PADCAYA,"anticoncepcion, prevencion de its y de cancer de cuello uterino",inyectable trimestral: usuarias continuas,2015-12-01,0,17,108,94,0,219
PADILLA,"anticoncepcion, prevencion de its y de cancer de cuello uterino",inyectable trimestral: usuarias continuas,2015-12-01,0,2,55,27,0,84
PAILON,"anticoncepcion, prevencion de its y de cancer de cuello uterino",inyectable trimestral: usuarias continuas,2015-12-01,0,11,32,8,0,51
PALCA,"anticoncepcion, prevencion de its y de cancer de cuello uterino",inyectable trimestral: usuarias continuas,2015-12-01,0,4,26,10,0,40
PALOS BLANCOS,"anticoncepcion, prevencion de its y de cancer de cuello uterino",inyectable trimestral: usuarias continuas,2015-12-01,0,4,58,35,1,98
PAMPA AULLAGAS,"anticoncepcion, prevencion de its y de cancer de cuello uterino",inyectable trimestral: usuarias continuas,2015-12-01,0,0,1,1,0,2
PAMPA GRANDE,"anticoncepcion, prevencion de its y de cancer de cuello uterino",inyectable trimestral: usuarias continuas,2015-12-01,0,6,37,9,1,53
PAPEL PAMPA,"anticoncepcion, prevencion de its y de cancer de cuello uterino",inyectable trimestral: usuarias continuas,2015-12-01,0,0,11,10,0,21
PASORAPA,"anticoncepcion, prevencion de its y de cancer de cuello uterino",inyectable trimestral: usuarias continuas,2015-12-01,0,1,16,15,1,33
PATACAMAYA,"anticoncepcion, prevencion de its y de cancer de cuello uterino",inyectable trimestral: usuarias continuas,2015-12-01,0,1,18,1,0,20
PAZÃ‘A,"anticoncepcion, prevencion de its y de cancer de cuello uterino",inyectable trimestral: usuarias continuas,2015-12-01,0,0,11,9,0,20
PELECHUCO,"anticoncepcion, prevencion de its y de cancer de cuello uterino",inyectable trimestral: usuarias continuas,2015-12-01,0,0,6,5,0,11
POCOATA,"anticoncepcion, prevencion de its y de cancer de cuello uterino",inyectable trimestral: usuarias continuas,2015-12-01,0,0,28,22,0,50
POCONA,"anticoncepcion, prevencion de its y de cancer de cuello uterino",inyectable trimestral: usuarias continuas,2015-12-01,0,7,51,35,4,97
POJO (CBBA),"anticoncepcion, prevencion de its y de cancer de cuello uterino",inyectable trimestral: usuarias continuas,2015-12-01,0,6,44,18,0,68
POOPO,"anticoncepcion, prevencion de its y de cancer de cuello uterino",inyectable trimestral: usuarias continuas,2015-12-01,0,0,3,1,0,4
PORCO,"anticoncepcion, prevencion de its y de cancer de cuello uterino",inyectable trimestral: usuarias continuas,2015-12-01,0,2,9,4,0,15
POROMA,"anticoncepcion, prevencion de its y de cancer de cuello uterino",inyectable trimestral: usuarias continuas,2015-12-01,0,3,46,24,0,73
PORONGO,"anticoncepcion, prevencion de its y de cancer de cuello uterino",inyectable trimestral: usuarias continuas,2015-12-01,0,0,3,1,0,4
PORTACHUELO,"anticoncepcion, prevencion de its y de cancer de cuello uterino",inyectable trimestral: usuarias continuas,2015-12-01,0,8,27,4,0,39
PORVENIR,"anticoncepcion, prevencion de its y de cancer de cuello uterino",inyectable trimestral: usuarias continuas,2015-12-01,0,3,18,3,0,24
POSTRER VALLE,"anticoncepcion, prevencion de its y de cancer de cuello uterino",inyectable trimestral: usuarias continuas,2015-12-01,0,0,7,1,0,8
POTOSI,"anticoncepcion, prevencion de its y de cancer de cuello uterino",inyectable trimestral: usuarias continuas,2015-12-01,0,34,379,151,0,564
PRESTO,"anticoncepcion, prevencion de its y de cancer de cuello uterino",inyectable trimestral: usuarias continuas,2015-12-01,0,0,16,15,0,31
PUCARA,"anticoncepcion, prevencion de its y de cancer de cuello uterino",inyectable trimestral: usuarias continuas,2015-12-01,0,1,7,5,0,13
PUCARANI,"anticoncepcion, prevencion de its y de cancer de cuello uterino",inyectable trimestral: usuarias continuas,2015-12-01,0,6,63,38,0,107
PUERTO ACOSTA,"anticoncepcion, prevencion de its y de cancer de cuello uterino",inyectable trimestral: usuarias continuas,2015-12-01,0,0,0,3,0,3
PUERTO CARABUCO,"anticoncepcion, prevencion de its y de cancer de cuello uterino",inyectable trimestral: usuarias continuas,2015-12-01,0,0,9,12,0,21
PUERTO GONZALO MORENO,"anticoncepcion, prevencion de its y de cancer de cuello uterino",inyectable trimestral: usuarias continuas,2015-12-01,2,9,26,14,1,52
PUERTO PEREZ,"anticoncepcion, prevencion de its y de cancer de cuello uterino",inyectable trimestral: usuarias continuas,2015-12-01,0,0,4,5,0,9
PUERTO QUIJARRO,"anticoncepcion, prevencion de its y de cancer de cuello uterino",inyectable trimestral: usuarias continuas,2015-12-01,0,2,21,3,0,26
PUERTO RICO,"anticoncepcion, prevencion de its y de cancer de cuello uterino",inyectable trimestral: usuarias continuas,2015-12-01,0,8,28,14,0,50
PUERTO SILES,"anticoncepcion, prevencion de its y de cancer de cuello uterino",inyectable trimestral: usuarias continuas,2015-12-01,0,1,0,0,0,1
PUERTO SUAREZ,"anticoncepcion, prevencion de its y de cancer de cuello uterino",inyectable trimestral: usuarias continuas,2015-12-01,0,0,13,1,0,14
PUERTO VILLARROEL,"anticoncepcion, prevencion de its y de cancer de cuello uterino",inyectable trimestral: usuarias continuas,2015-12-01,0,13,74,35,0,122
PUNA,"anticoncepcion, prevencion de its y de cancer de cuello uterino",inyectable trimestral: usuarias continuas,2015-12-01,0,2,28,13,0,43
PUNATA,"anticoncepcion, prevencion de its y de cancer de cuello uterino",inyectable trimestral: usuarias continuas,2015-12-01,0,1,56,20,0,77
QUIABAYA,"anticoncepcion, prevencion de its y de cancer de cuello uterino",inyectable trimestral: usuarias continuas,2015-12-01,0,2,7,3,0,12
QUILLACOLLO,"anticoncepcion, prevencion de its y de cancer de cuello uterino",inyectable trimestral: usuarias continuas,2015-12-01,0,20,134,19,0,173
QUIME,"anticoncepcion, prevencion de its y de cancer de cuello uterino",inyectable trimestral: usuarias continuas,2015-12-01,0,3,22,15,0,40
QUIRUSILLAS,"anticoncepcion, prevencion de its y de cancer de cuello uterino",inyectable trimestral: usuarias continuas,2015-12-01,0,2,4,4,0,10
RAVELO,"anticoncepcion, prevencion de its y de cancer de cuello uterino",inyectable trimestral: usuarias continuas,2015-12-01,0,2,27,38,1,68
REYES,"anticoncepcion, prevencion de its y de cancer de cuello uterino",inyectable trimestral: usuarias continuas,2015-12-01,0,5,20,7,0,32
RIBERALTA,"anticoncepcion, prevencion de its y de cancer de cuello uterino",inyectable trimestral: usuarias continuas,2015-12-01,3,34,91,34,1,163
ROBORE,"anticoncepcion, prevencion de its y de cancer de cuello uterino",inyectable trimestral: usuarias continuas,2015-12-01,0,1,26,3,0,30
RURRENABAQUE,"anticoncepcion, prevencion de its y de cancer de cuello uterino",inyectable trimestral: usuarias continuas,2015-12-01,0,5,29,9,0,43
SABAYA,"anticoncepcion, prevencion de its y de cancer de cuello uterino",inyectable trimestral: usuarias continuas,2015-12-01,0,1,5,2,0,8
SACABA,"anticoncepcion, prevencion de its y de cancer de cuello uterino",inyectable trimestral: usuarias continuas,2015-12-01,0,13,140,39,0,192
SACABAMBA,"anticoncepcion, prevencion de its y de cancer de cuello uterino",inyectable trimestral: usuarias continuas,2015-12-01,0,0,2,4,0,6
SACACA,"anticoncepcion, prevencion de its y de cancer de cuello uterino",inyectable trimestral: usuarias continuas,2015-12-01,0,2,44,20,0,66
SAIPINA,"anticoncepcion, prevencion de its y de cancer de cuello uterino",inyectable trimestral: usuarias continuas,2015-12-01,0,4,18,6,0,28
SALINAS DE GARCI MENDOZA,"anticoncepcion, prevencion de its y de cancer de cuello uterino",inyectable trimestral: usuarias continuas,2015-12-01,0,5,25,11,0,41
SAMAIPATA,"anticoncepcion, prevencion de its y de cancer de cuello uterino",inyectable trimestral: usuarias continuas,2015-12-01,2,7,30,10,0,49
SAN AGUSTIN,"anticoncepcion, prevencion de its y de cancer de cuello uterino",inyectable trimestral: usuarias continuas,2015-12-01,0,0,8,1,0,9
SAN ANDRES,"anticoncepcion, prevencion de its y de cancer de cuello uterino",inyectable trimestral: usuarias continuas,2015-12-01,0,3,23,5,0,31
SAN ANDRES DE MACHACA,"anticoncepcion, prevencion de its y de cancer de cuello uterino",inyectable trimestral: usuarias continuas,2015-12-01,0,0,0,4,0,4
SAN ANTONIO DE ESMORUCO,"anticoncepcion, prevencion de its y de cancer de cuello uterino",inyectable trimestral: usuarias continuas,2015-12-01,0,0,5,3,0,8
SAN ANTONIO DE LOMERIO,"anticoncepcion, prevencion de its y de cancer de cuello uterino",inyectable trimestral: usuarias continuas,2015-12-01,0,3,33,14,0,50
SAN BENITO,"anticoncepcion, prevencion de its y de cancer de cuello uterino",inyectable trimestral: usuarias continuas,2015-12-01,0,2,31,14,0,47
SAN BORJA,"anticoncepcion, prevencion de its y de cancer de cuello uterino",inyectable trimestral: usuarias continuas,2015-12-01,1,12,92,35,0,140
SAN BUENA VENTURA,"anticoncepcion, prevencion de its y de cancer de cuello uterino",inyectable trimestral: usuarias continuas,2015-12-01,0,2,14,2,0,18
SAN CARLOS,"anticoncepcion, prevencion de its y de cancer de cuello uterino",inyectable trimestral: usuarias continuas,2015-12-01,0,6,43,16,0,65
SAN IGNACIO,"anticoncepcion, prevencion de its y de cancer de cuello uterino",inyectable trimestral: usuarias continuas,2015-12-01,0,20,68,26,1,115
SAN IGNACIO DE VELASCO,"anticoncepcion, prevencion de its y de cancer de cuello uterino",inyectable trimestral: usuarias continuas,2015-12-01,0,12,119,38,0,169
SAN JAVIER(BNI),"anticoncepcion, prevencion de its y de cancer de cuello uterino",inyectable trimestral: usuarias continuas,2015-12-01,0,1,3,2,0,6
SAN JAVIER(STC),"anticoncepcion, prevencion de its y de cancer de cuello uterino",inyectable trimestral: usuarias continuas,2015-12-01,0,2,16,10,0,28
SAN JOAQUIN,"anticoncepcion, prevencion de its y de cancer de cuello uterino",inyectable trimestral: usuarias continuas,2015-12-01,0,3,1,0,0,4
SAN JOSE DE CHIQUITOS,"anticoncepcion, prevencion de its y de cancer de cuello uterino",inyectable trimestral: usuarias continuas,2015-12-01,0,8,21,7,0,36
SAN JUAN DE YAPACANI,"anticoncepcion, prevencion de its y de cancer de cuello uterino",inyectable trimestral: usuarias continuas,2015-12-01,0,3,19,13,0,35
SAN JULIAN,"anticoncepcion, prevencion de its y de cancer de cuello uterino",inyectable trimestral: usuarias continuas,2015-12-01,0,11,47,50,0,108
SAN LORENZO(PND),"anticoncepcion, prevencion de its y de cancer de cuello uterino",inyectable trimestral: usuarias continuas,2015-12-01,0,3,8,1,0,12
SAN LORENZO(TJA),"anticoncepcion, prevencion de its y de cancer de cuello uterino",inyectable trimestral: usuarias continuas,2015-12-01,0,10,72,55,3,140
SAN LUCAS,"anticoncepcion, prevencion de its y de cancer de cuello uterino",inyectable trimestral: usuarias continuas,2015-12-01,0,4,64,32,0,100
SAN MATIAS,"anticoncepcion, prevencion de its y de cancer de cuello uterino",inyectable trimestral: usuarias continuas,2015-12-01,0,1,13,6,0,20
SAN MIGUEL DE VELASCO,"anticoncepcion, prevencion de its y de cancer de cuello uterino",inyectable trimestral: usuarias continuas,2015-12-01,0,18,57,28,1,104
SAN PABLO DE LIPEZ,"anticoncepcion, prevencion de its y de cancer de cuello uterino",inyectable trimestral: usuarias continuas,2015-12-01,0,0,2,2,0,4
SAN PEDRO,"anticoncepcion, prevencion de its y de cancer de cuello uterino",inyectable trimestral: usuarias continuas,2015-12-01,0,6,45,19,0,70
SAN PEDRO DE BUENA VISTA,"anticoncepcion, prevencion de its y de cancer de cuello uterino",inyectable trimestral: usuarias continuas,2015-12-01,0,2,25,18,0,45
SAN PEDRO DE CURAHUARA,"anticoncepcion, prevencion de its y de cancer de cuello uterino",inyectable trimestral: usuarias continuas,2015-12-01,0,0,7,6,0,13
SAN PEDRO DE QUEMES,"anticoncepcion, prevencion de its y de cancer de cuello uterino",inyectable trimestral: usuarias continuas,2015-12-01,0,1,4,2,0,7
SAN PEDRO DE TIQUINA,"anticoncepcion, prevencion de its y de cancer de cuello uterino",inyectable trimestral: usuarias continuas,2015-12-01,0,0,7,2,0,9
SAN PEDRO(PND),"anticoncepcion, prevencion de its y de cancer de cuello uterino",inyectable trimestral: usuarias continuas,2015-12-01,0,3,4,0,0,7
SAN RAFAEL,"anticoncepcion, prevencion de its y de cancer de cuello uterino",inyectable trimestral: usuarias continuas,2015-12-01,0,7,31,16,1,55
SAN RAMON BENI,"anticoncepcion, prevencion de its y de cancer de cuello uterino",inyectable trimestral: usuarias continuas,2015-12-01,0,0,5,1,0,6
SAN RAMON SCZ,"anticoncepcion, prevencion de its y de cancer de cuello uterino",inyectable trimestral: usuarias continuas,2015-12-01,0,5,24,9,0,38
SANTA ANA,"anticoncepcion, prevencion de its y de cancer de cuello uterino",inyectable trimestral: usuarias continuas,2015-12-01,0,1,5,0,0,6
SANTA CRUZ DE LA SIERRA,"anticoncepcion, prevencion de its y de cancer de cuello uterino",inyectable trimestral: usuarias continuas,2015-12-01,2,46,255,49,0,352
SANTA ROSA,"anticoncepcion, prevencion de its y de cancer de cuello uterino",inyectable trimestral: usuarias continuas,2015-12-01,1,0,6,2,0,9
SANTA ROSA DEL SARA,"anticoncepcion, prevencion de its y de cancer de cuello uterino",inyectable trimestral: usuarias continuas,2015-12-01,0,7,36,18,0,61
SANTIAGO DE HUARI,"anticoncepcion, prevencion de its y de cancer de cuello uterino",inyectable trimestral: usuarias continuas,2015-12-01,0,1,4,3,0,8
SANTIAGO DE HUATA,"anticoncepcion, prevencion de its y de cancer de cuello uterino",inyectable trimestral: usuarias continuas,2015-12-01,0,1,7,7,0,15
SANTIAGO DE MACHACA,"anticoncepcion, prevencion de its y de cancer de cuello uterino",inyectable trimestral: usuarias continuas,2015-12-01,0,1,3,5,0,9
SANTIVAÃ‘ES,"anticoncepcion, prevencion de its y de cancer de cuello uterino",inyectable trimestral: usuarias continuas,2015-12-01,0,2,13,9,0,24
SANTUARIO DE QUILLACAS,"anticoncepcion, prevencion de its y de cancer de cuello uterino",inyectable trimestral: usuarias continuas,2015-12-01,0,0,7,1,0,8
SAPAHAQUI,"anticoncepcion, prevencion de its y de cancer de cuello uterino",inyectable trimestral: usuarias continuas,2015-12-01,0,1,24,15,0,40
SENA,"anticoncepcion, prevencion de its y de cancer de cuello uterino",inyectable trimestral: usuarias continuas,2015-12-01,0,0,9,2,0,11
SHINAOTA,"anticoncepcion, prevencion de its y de cancer de cuello uterino",inyectable trimestral: usuarias continuas,2015-12-01,0,7,33,19,0,59
SICA SICA (VILLA AROMA),"anticoncepcion, prevencion de its y de cancer de cuello uterino",inyectable trimestral: usuarias continuas,2015-12-01,0,0,37,23,0,60
SICAYA,"anticoncepcion, prevencion de its y de cancer de cuello uterino",inyectable trimestral: usuarias continuas,2015-12-01,0,1,14,4,0,19
SIPE SIPE,"anticoncepcion, prevencion de its y de cancer de cuello uterino",inyectable trimestral: usuarias continuas,2015-12-01,0,15,136,46,1,198
SOPACHUY,"anticoncepcion, prevencion de its y de cancer de cuello uterino",inyectable trimestral: usuarias continuas,2015-12-01,0,4,17,15,0,36
SORACACHI,"anticoncepcion, prevencion de its y de cancer de cuello uterino",inyectable trimestral: usuarias continuas,2015-12-01,0,2,15,7,0,24
SORATA,"anticoncepcion, prevencion de its y de cancer de cuello uterino",inyectable trimestral: usuarias continuas,2015-12-01,0,0,7,8,0,15
SUCRE,"anticoncepcion, prevencion de its y de cancer de cuello uterino",inyectable trimestral: usuarias continuas,2015-12-01,0,43,367,144,1,555
TACACHI,"anticoncepcion, prevencion de its y de cancer de cuello uterino",inyectable trimestral: usuarias continuas,2015-12-01,0,0,1,0,0,1
TACACOMA,"anticoncepcion, prevencion de its y de cancer de cuello uterino",inyectable trimestral: usuarias continuas,2015-12-01,0,2,32,9,0,43
TACOBAMBA,"anticoncepcion, prevencion de its y de cancer de cuello uterino",inyectable trimestral: usuarias continuas,2015-12-01,0,1,21,13,0,35
TACOPAYA,"anticoncepcion, prevencion de its y de cancer de cuello uterino",inyectable trimestral: usuarias continuas,2015-12-01,0,0,8,7,0,15
TAHUA,"anticoncepcion, prevencion de its y de cancer de cuello uterino",inyectable trimestral: usuarias continuas,2015-12-01,0,0,1,1,0,2
TAPACARI,"anticoncepcion, prevencion de its y de cancer de cuello uterino",inyectable trimestral: usuarias continuas,2015-12-01,0,7,45,46,0,98
TARABUCO,"anticoncepcion, prevencion de its y de cancer de cuello uterino",inyectable trimestral: usuarias continuas,2015-12-01,0,1,37,25,0,63
TARACO,"anticoncepcion, prevencion de its y de cancer de cuello uterino",inyectable trimestral: usuarias continuas,2015-12-01,0,0,15,7,0,22
TARATA,"anticoncepcion, prevencion de its y de cancer de cuello uterino",inyectable trimestral: usuarias continuas,2015-12-01,0,1,20,15,0,36
TARIJA,"anticoncepcion, prevencion de its y de cancer de cuello uterino",inyectable trimestral: usuarias continuas,2015-12-01,0,39,151,62,13,265
TARVITA,"anticoncepcion, prevencion de its y de cancer de cuello uterino",inyectable trimestral: usuarias continuas,2015-12-01,0,5,31,29,0,65
TEOPONTE,"anticoncepcion, prevencion de its y de cancer de cuello uterino",inyectable trimestral: usuarias continuas,2015-12-01,0,2,21,5,0,28
TIAWANACU,"anticoncepcion, prevencion de its y de cancer de cuello uterino",inyectable trimestral: usuarias continuas,2015-12-01,0,3,27,9,0,39
TINGUIPAYA,"anticoncepcion, prevencion de its y de cancer de cuello uterino",inyectable trimestral: usuarias continuas,2015-12-01,0,0,7,14,0,21
TIPUANI,"anticoncepcion, prevencion de its y de cancer de cuello uterino",inyectable trimestral: usuarias continuas,2015-12-01,0,0,17,4,0,21
TIQUIPAYA,"anticoncepcion, prevencion de its y de cancer de cuello uterino",inyectable trimestral: usuarias continuas,2015-12-01,0,9,62,23,0,94
TIRAQUE (CBBA),"anticoncepcion, prevencion de its y de cancer de cuello uterino",inyectable trimestral: usuarias continuas,2015-12-01,0,4,39,35,0,78
TOCO,"anticoncepcion, prevencion de its y de cancer de cuello uterino",inyectable trimestral: usuarias continuas,2015-12-01,0,2,16,8,0,26
TODOS SANTOS,"anticoncepcion, prevencion de its y de cancer de cuello uterino",inyectable trimestral: usuarias continuas,2015-12-01,0,0,1,0,0,1
TOLATA,"anticoncepcion, prevencion de its y de cancer de cuello uterino",inyectable trimestral: usuarias continuas,2015-12-01,0,0,17,3,0,20
TOLEDO,"anticoncepcion, prevencion de its y de cancer de cuello uterino",inyectable trimestral: usuarias continuas,2015-12-01,0,0,7,5,0,12
TOMAVE,"anticoncepcion, prevencion de its y de cancer de cuello uterino",inyectable trimestral: usuarias continuas,2015-12-01,0,1,13,8,0,22
TOMINA,"anticoncepcion, prevencion de its y de cancer de cuello uterino",inyectable trimestral: usuarias continuas,2015-12-01,0,6,48,24,0,78
TORO TORO,"anticoncepcion, prevencion de its y de cancer de cuello uterino",inyectable trimestral: usuarias continuas,2015-12-01,0,1,14,7,0,22
TOTORA(CBBA),"anticoncepcion, prevencion de its y de cancer de cuello uterino",inyectable trimestral: usuarias continuas,2015-12-01,0,11,70,25,0,106
TOTORA(ORR),"anticoncepcion, prevencion de its y de cancer de cuello uterino",inyectable trimestral: usuarias continuas,2015-12-01,0,1,6,6,0,13
TRIGAL,"anticoncepcion, prevencion de its y de cancer de cuello uterino",inyectable trimestral: usuarias continuas,2015-12-01,0,0,4,1,0,5
TRINIDAD,"anticoncepcion, prevencion de its y de cancer de cuello uterino",inyectable trimestral: usuarias continuas,2015-12-01,0,7,35,12,0,54
TUPIZA,"anticoncepcion, prevencion de its y de cancer de cuello uterino",inyectable trimestral: usuarias continuas,2015-12-01,0,12,114,60,0,186
TURCO,"anticoncepcion, prevencion de its y de cancer de cuello uterino",inyectable trimestral: usuarias continuas,2015-12-01,0,0,4,5,0,9
UMALA,"anticoncepcion, prevencion de its y de cancer de cuello uterino",inyectable trimestral: usuarias continuas,2015-12-01,0,1,9,7,0,17
UNCIA,"anticoncepcion, prevencion de its y de cancer de cuello uterino",inyectable trimestral: usuarias continuas,2015-12-01,0,1,49,23,1,74
URIONDO (A. CONCEPCION),"anticoncepcion, prevencion de its y de cancer de cuello uterino",inyectable trimestral: usuarias continuas,2015-12-01,0,7,57,38,1,103
URUBICHA,"anticoncepcion, prevencion de its y de cancer de cuello uterino",inyectable trimestral: usuarias continuas,2015-12-01,0,2,6,7,0,15
UYUNI,"anticoncepcion, prevencion de its y de cancer de cuello uterino",inyectable trimestral: usuarias continuas,2015-12-01,0,6,38,8,0,52
VACAS,"anticoncepcion, prevencion de its y de cancer de cuello uterino",inyectable trimestral: usuarias continuas,2015-12-01,0,1,12,13,0,26
VALLEGRANDE,"anticoncepcion, prevencion de its y de cancer de cuello uterino",inyectable trimestral: usuarias continuas,2015-12-01,0,11,37,12,0,60
VIACHA,"anticoncepcion, prevencion de its y de cancer de cuello uterino",inyectable trimestral: usuarias continuas,2015-12-01,0,11,93,39,0,143
VILA VILA,"anticoncepcion, prevencion de its y de cancer de cuello uterino",inyectable trimestral: usuarias continuas,2015-12-01,0,1,4,1,0,6
VILLA CHARCAS,"anticoncepcion, prevencion de its y de cancer de cuello uterino",inyectable trimestral: usuarias continuas,2015-12-01,0,5,40,27,1,73
VILLA MONTES,"anticoncepcion, prevencion de its y de cancer de cuello uterino",inyectable trimestral: usuarias continuas,2015-12-01,0,19,70,17,1,107
VILLA NUEVA (LOMA ALTA),"anticoncepcion, prevencion de its y de cancer de cuello uterino",inyectable trimestral: usuarias continuas,2015-12-01,0,1,2,0,0,3
VILLA RIVERO,"anticoncepcion, prevencion de its y de cancer de cuello uterino",inyectable trimestral: usuarias continuas,2015-12-01,0,4,22,10,0,36
VILLA SERRANO,"anticoncepcion, prevencion de its y de cancer de cuello uterino",inyectable trimestral: usuarias continuas,2015-12-01,0,0,7,9,0,16
VILLA TUNARI,"anticoncepcion, prevencion de its y de cancer de cuello uterino",inyectable trimestral: usuarias continuas,2015-12-01,1,25,251,71,0,348
VILLA VACA GUZMAN (MUYUPAMPA),"anticoncepcion, prevencion de its y de cancer de cuello uterino",inyectable trimestral: usuarias continuas,2015-12-01,0,2,34,24,0,60
VILLAZON,"anticoncepcion, prevencion de its y de cancer de cuello uterino",inyectable trimestral: usuarias continuas,2015-12-01,0,11,103,42,1,157
VINTO,"anticoncepcion, prevencion de its y de cancer de cuello uterino",inyectable trimestral: usuarias continuas,2015-12-01,0,4,61,19,1,85
VITICHI,"anticoncepcion, prevencion de its y de cancer de cuello uterino",inyectable trimestral: usuarias continuas,2015-12-01,0,1,15,9,1,26
WALDO BALLIVIAN,"anticoncepcion, prevencion de its y de cancer de cuello uterino",inyectable trimestral: usuarias continuas,2015-12-01,0,0,5,2,0,7
WARNES,"anticoncepcion, prevencion de its y de cancer de cuello uterino",inyectable trimestral: usuarias continuas,2015-12-01,0,30,134,36,1,201
YACO,"anticoncepcion, prevencion de its y de cancer de cuello uterino",inyectable trimestral: usuarias continuas,2015-12-01,0,1,23,6,0,30
YACUIBA,"anticoncepcion, prevencion de its y de cancer de cuello uterino",inyectable trimestral: usuarias continuas,2015-12-01,1,34,192,115,4,346
YAMPARAEZ,"anticoncepcion, prevencion de its y de cancer de cuello uterino",inyectable trimestral: usuarias continuas,2015-12-01,0,1,13,12,1,27
YANACACHI,"anticoncepcion, prevencion de its y de cancer de cuello uterino",inyectable trimestral: usuarias continuas,2015-12-01,0,0,13,6,0,19
YAPACANI,"anticoncepcion, prevencion de its y de cancer de cuello uterino",inyectable trimestral: usuarias continuas,2015-12-01,0,2,45,12,0,59
YOCALLA,"anticoncepcion, prevencion de its y de cancer de cuello uterino",inyectable trimestral: usuarias continuas,2015-12-01,0,1,6,3,0,10
YOTALA,"anticoncepcion, prevencion de its y de cancer de cuello uterino",inyectable trimestral: usuarias continuas,2015-12-01,0,2,14,3,0,19
YUNCHARA,"anticoncepcion, prevencion de its y de cancer de cuello uterino",inyectable trimestral: usuarias continuas,2015-12-01,0,7,36,20,0,63
ZUDAÃ‘EZ,"anticoncepcion, prevencion de its y de cancer de cuello uterino",inyectable trimestral: usuarias continuas,2015-12-01,0,2,30,27,1,60
