municipality,group,variable,month,Número de ciclos entregados,Número de ciclos entregados1,Número de ciclos entregados2,Número de ciclos entregados3,Número de ciclos entregados4,TOTAL
ACACIO,"anticoncepcion, prevencion de its y de cancer de cuello uterino",numero de ciclos entregados,2015-01-01,0,0,3,3,0,6
ACHACACHI,"anticoncepcion, prevencion de its y de cancer de cuello uterino",numero de ciclos entregados,2015-01-01,0,6,13,4,0,23
ACHOCALLA,"anticoncepcion, prevencion de its y de cancer de cuello uterino",numero de ciclos entregados,2015-01-01,3,9,9,8,0,29
AIQUILE,"anticoncepcion, prevencion de its y de cancer de cuello uterino",numero de ciclos entregados,2015-01-01,0,3,12,0,0,15
ALCALA,"anticoncepcion, prevencion de its y de cancer de cuello uterino",numero de ciclos entregados,2015-01-01,0,0,6,6,0,12
ALTO BENI,"anticoncepcion, prevencion de its y de cancer de cuello uterino",numero de ciclos entregados,2015-01-01,0,3,21,12,0,36
ANCORAIMES,"anticoncepcion, prevencion de its y de cancer de cuello uterino",numero de ciclos entregados,2015-01-01,0,0,3,3,0,6
ANDAMARCA,"anticoncepcion, prevencion de its y de cancer de cuello uterino",numero de ciclos entregados,2015-01-01,0,0,0,1,0,1
APOLO,"anticoncepcion, prevencion de its y de cancer de cuello uterino",numero de ciclos entregados,2015-01-01,0,3,22,6,0,31
ARAMPAMPA,"anticoncepcion, prevencion de its y de cancer de cuello uterino",numero de ciclos entregados,2015-01-01,0,0,3,3,0,6
ARANI,"anticoncepcion, prevencion de its y de cancer de cuello uterino",numero de ciclos entregados,2015-01-01,0,0,3,3,0,6
ARBIETO,"anticoncepcion, prevencion de its y de cancer de cuello uterino",numero de ciclos entregados,2015-01-01,0,6,8,0,0,14
ARQUE,"anticoncepcion, prevencion de its y de cancer de cuello uterino",numero de ciclos entregados,2015-01-01,0,0,2,2,0,4
ASCENCION DE GUARAYOS,"anticoncepcion, prevencion de its y de cancer de cuello uterino",numero de ciclos entregados,2015-01-01,0,15,54,15,0,84
ATOCHA,"anticoncepcion, prevencion de its y de cancer de cuello uterino",numero de ciclos entregados,2015-01-01,0,3,18,0,0,21
AUCAPATA,"anticoncepcion, prevencion de its y de cancer de cuello uterino",numero de ciclos entregados,2015-01-01,0,0,9,3,0,12
AYATA,"anticoncepcion, prevencion de its y de cancer de cuello uterino",numero de ciclos entregados,2015-01-01,0,3,3,3,0,9
AYOPAYA (V. DE INDEPENDENCIA),"anticoncepcion, prevencion de its y de cancer de cuello uterino",numero de ciclos entregados,2015-01-01,0,12,36,6,0,54
AZURDUY,"anticoncepcion, prevencion de its y de cancer de cuello uterino",numero de ciclos entregados,2015-01-01,0,3,12,0,0,15
BATALLAS,"anticoncepcion, prevencion de its y de cancer de cuello uterino",numero de ciclos entregados,2015-01-01,0,3,15,12,0,30
BAURES,"anticoncepcion, prevencion de its y de cancer de cuello uterino",numero de ciclos entregados,2015-01-01,0,0,18,5,0,23
BELLA FLOR,"anticoncepcion, prevencion de its y de cancer de cuello uterino",numero de ciclos entregados,2015-01-01,0,6,27,0,0,33
BERMEJO,"anticoncepcion, prevencion de its y de cancer de cuello uterino",numero de ciclos entregados,2015-01-01,0,5,16,10,0,31
BETANZOS,"anticoncepcion, prevencion de its y de cancer de cuello uterino",numero de ciclos entregados,2015-01-01,0,6,15,9,0,30
BOLIVAR,"anticoncepcion, prevencion de its y de cancer de cuello uterino",numero de ciclos entregados,2015-01-01,0,0,3,0,0,3
BOLPEBRA,"anticoncepcion, prevencion de its y de cancer de cuello uterino",numero de ciclos entregados,2015-01-01,0,0,9,0,0,9
BOYUIBE,"anticoncepcion, prevencion de its y de cancer de cuello uterino",numero de ciclos entregados,2015-01-01,0,0,21,0,0,21
BUENA VISTA,"anticoncepcion, prevencion de its y de cancer de cuello uterino",numero de ciclos entregados,2015-01-01,0,12,93,19,0,124
CABEZAS,"anticoncepcion, prevencion de its y de cancer de cuello uterino",numero de ciclos entregados,2015-01-01,0,6,90,36,0,132
CAIROMA,"anticoncepcion, prevencion de its y de cancer de cuello uterino",numero de ciclos entregados,2015-01-01,0,0,3,6,0,9
"CAIZA ""D""","anticoncepcion, prevencion de its y de cancer de cuello uterino",numero de ciclos entregados,2015-01-01,0,3,27,0,0,30
CAJUATA,"anticoncepcion, prevencion de its y de cancer de cuello uterino",numero de ciclos entregados,2015-01-01,0,0,30,15,0,45
CALAMARCA,"anticoncepcion, prevencion de its y de cancer de cuello uterino",numero de ciclos entregados,2015-01-01,0,0,24,9,0,33
CAMARGO,"anticoncepcion, prevencion de its y de cancer de cuello uterino",numero de ciclos entregados,2015-01-01,0,0,9,0,0,9
CAMATAQUI (C. VILLA ABECIA),"anticoncepcion, prevencion de its y de cancer de cuello uterino",numero de ciclos entregados,2015-01-01,0,0,6,0,0,6
CAMIRI,"anticoncepcion, prevencion de its y de cancer de cuello uterino",numero de ciclos entregados,2015-01-01,0,0,21,24,0,45
CAPINOTA,"anticoncepcion, prevencion de its y de cancer de cuello uterino",numero de ciclos entregados,2015-01-01,0,0,15,15,0,30
CAQUIAVIRI,"anticoncepcion, prevencion de its y de cancer de cuello uterino",numero de ciclos entregados,2015-01-01,0,0,9,0,0,9
CARACOLLO,"anticoncepcion, prevencion de its y de cancer de cuello uterino",numero de ciclos entregados,2015-01-01,0,0,8,1,0,9
CARANAVI,"anticoncepcion, prevencion de its y de cancer de cuello uterino",numero de ciclos entregados,2015-01-01,0,0,54,45,3,102
CARAPARI,"anticoncepcion, prevencion de its y de cancer de cuello uterino",numero de ciclos entregados,2015-01-01,3,15,99,10,0,127
CARIPUYO,"anticoncepcion, prevencion de its y de cancer de cuello uterino",numero de ciclos entregados,2015-01-01,3,0,6,0,0,9
CATACORA,"anticoncepcion, prevencion de its y de cancer de cuello uterino",numero de ciclos entregados,2015-01-01,0,0,9,3,0,12
CHALLAPATA,"anticoncepcion, prevencion de its y de cancer de cuello uterino",numero de ciclos entregados,2015-01-01,0,0,1,5,0,6
CHARAGUA,"anticoncepcion, prevencion de its y de cancer de cuello uterino",numero de ciclos entregados,2015-01-01,0,18,84,30,0,132
CHIMORE,"anticoncepcion, prevencion de its y de cancer de cuello uterino",numero de ciclos entregados,2015-01-01,0,11,38,9,0,58
CHIPAYA,"anticoncepcion, prevencion de its y de cancer de cuello uterino",numero de ciclos entregados,2015-01-01,0,0,2,0,0,2
CHUA COCANI,"anticoncepcion, prevencion de its y de cancer de cuello uterino",numero de ciclos entregados,2015-01-01,0,0,0,1,0,1
CHULUMANI (V. DE LA LIBERTAD),"anticoncepcion, prevencion de its y de cancer de cuello uterino",numero de ciclos entregados,2015-01-01,0,0,21,0,0,21
CHUMA,"anticoncepcion, prevencion de its y de cancer de cuello uterino",numero de ciclos entregados,2015-01-01,0,3,3,3,0,9
CHUQUIHUTA AYLLU JUCUMANI,"anticoncepcion, prevencion de its y de cancer de cuello uterino",numero de ciclos entregados,2015-01-01,0,3,6,0,0,9
CKOCHAS,"anticoncepcion, prevencion de its y de cancer de cuello uterino",numero de ciclos entregados,2015-01-01,0,0,0,1,0,1
CLIZA,"anticoncepcion, prevencion de its y de cancer de cuello uterino",numero de ciclos entregados,2015-01-01,0,6,34,6,0,46
COBIJA,"anticoncepcion, prevencion de its y de cancer de cuello uterino",numero de ciclos entregados,2015-01-01,0,23,115,17,0,155
COCAPATA,"anticoncepcion, prevencion de its y de cancer de cuello uterino",numero de ciclos entregados,2015-01-01,0,1,17,4,0,22
COCHABAMBA,"anticoncepcion, prevencion de its y de cancer de cuello uterino",numero de ciclos entregados,2015-01-01,1,47,307,76,0,431
COIPASA,"anticoncepcion, prevencion de its y de cancer de cuello uterino",numero de ciclos entregados,2015-01-01,0,0,1,0,0,1
COLCAPIRHUA,"anticoncepcion, prevencion de its y de cancer de cuello uterino",numero de ciclos entregados,2015-01-01,0,6,63,6,0,75
"COLCHA ""K""","anticoncepcion, prevencion de its y de cancer de cuello uterino",numero de ciclos entregados,2015-01-01,0,6,33,6,0,45
COLOMI,"anticoncepcion, prevencion de its y de cancer de cuello uterino",numero de ciclos entregados,2015-01-01,0,9,13,9,0,31
COLPA BELGICA,"anticoncepcion, prevencion de its y de cancer de cuello uterino",numero de ciclos entregados,2015-01-01,3,6,48,12,0,69
COLQUECHACA,"anticoncepcion, prevencion de its y de cancer de cuello uterino",numero de ciclos entregados,2015-01-01,0,0,3,0,0,3
COLQUENCHA,"anticoncepcion, prevencion de its y de cancer de cuello uterino",numero de ciclos entregados,2015-01-01,0,3,3,3,0,9
COLQUIRI,"anticoncepcion, prevencion de its y de cancer de cuello uterino",numero de ciclos entregados,2015-01-01,0,3,3,0,0,6
COMARAPA,"anticoncepcion, prevencion de its y de cancer de cuello uterino",numero de ciclos entregados,2015-01-01,0,3,15,3,0,21
CONCEPCION,"anticoncepcion, prevencion de its y de cancer de cuello uterino",numero de ciclos entregados,2015-01-01,0,3,60,6,0,69
COPACABANA,"anticoncepcion, prevencion de its y de cancer de cuello uterino",numero de ciclos entregados,2015-01-01,0,0,18,6,0,24
CORIPATA,"anticoncepcion, prevencion de its y de cancer de cuello uterino",numero de ciclos entregados,2015-01-01,0,0,3,6,0,9
CORQUE,"anticoncepcion, prevencion de its y de cancer de cuello uterino",numero de ciclos entregados,2015-01-01,0,1,7,1,0,9
COTAGAITA,"anticoncepcion, prevencion de its y de cancer de cuello uterino",numero de ciclos entregados,2015-01-01,0,0,11,2,0,13
COTOCA,"anticoncepcion, prevencion de its y de cancer de cuello uterino",numero de ciclos entregados,2015-01-01,0,30,174,53,0,257
CRUZ DE MACHACAMARCA,"anticoncepcion, prevencion de its y de cancer de cuello uterino",numero de ciclos entregados,2015-01-01,0,0,1,0,0,1
CUATRO CAÑADAS,"anticoncepcion, prevencion de its y de cancer de cuello uterino",numero de ciclos entregados,2015-01-01,0,15,42,0,3,60
CUEVO,"anticoncepcion, prevencion de its y de cancer de cuello uterino",numero de ciclos entregados,2015-01-01,0,4,3,0,0,7
CULPINA,"anticoncepcion, prevencion de its y de cancer de cuello uterino",numero de ciclos entregados,2015-01-01,0,3,20,10,0,33
CURAHUARA DE CARANGAS,"anticoncepcion, prevencion de its y de cancer de cuello uterino",numero de ciclos entregados,2015-01-01,0,0,3,0,0,3
CURVA,"anticoncepcion, prevencion de its y de cancer de cuello uterino",numero de ciclos entregados,2015-01-01,0,0,1,0,0,1
DESAGUADERO,"anticoncepcion, prevencion de its y de cancer de cuello uterino",numero de ciclos entregados,2015-01-01,0,0,3,0,0,3
EL ALTO,"anticoncepcion, prevencion de its y de cancer de cuello uterino",numero de ciclos entregados,2015-01-01,0,66,684,144,3,897
EL CHORO,"anticoncepcion, prevencion de its y de cancer de cuello uterino",numero de ciclos entregados,2015-01-01,0,0,10,0,0,10
EL PUENTE(STC),"anticoncepcion, prevencion de its y de cancer de cuello uterino",numero de ciclos entregados,2015-01-01,0,3,24,0,0,27
EL PUENTE(TJA),"anticoncepcion, prevencion de its y de cancer de cuello uterino",numero de ciclos entregados,2015-01-01,0,1,45,24,0,70
EL TORNO,"anticoncepcion, prevencion de its y de cancer de cuello uterino",numero de ciclos entregados,2015-01-01,6,45,150,78,0,279
EL VILLAR,"anticoncepcion, prevencion de its y de cancer de cuello uterino",numero de ciclos entregados,2015-01-01,0,6,24,6,0,36
ENTRE RIOS TRJ,"anticoncepcion, prevencion de its y de cancer de cuello uterino",numero de ciclos entregados,2015-01-01,3,9,76,18,0,106
ENTRE RIOS CBBA,"anticoncepcion, prevencion de its y de cancer de cuello uterino",numero de ciclos entregados,2015-01-01,0,1,29,8,0,38
ESCOMA,"anticoncepcion, prevencion de its y de cancer de cuello uterino",numero de ciclos entregados,2015-01-01,0,0,3,0,0,3
EUREKA (SANTOS MERCADO),"anticoncepcion, prevencion de its y de cancer de cuello uterino",numero de ciclos entregados,2015-01-01,0,5,15,3,0,23
EXALTACION,"anticoncepcion, prevencion de its y de cancer de cuello uterino",numero de ciclos entregados,2015-01-01,0,1,1,9,0,11
FERNANDEZ ALONSO,"anticoncepcion, prevencion de its y de cancer de cuello uterino",numero de ciclos entregados,2015-01-01,0,1,18,1,0,20
FILADELFIA,"anticoncepcion, prevencion de its y de cancer de cuello uterino",numero de ciclos entregados,2015-01-01,0,0,51,9,0,60
GENERAL SAAVEDRA,"anticoncepcion, prevencion de its y de cancer de cuello uterino",numero de ciclos entregados,2015-01-01,0,15,53,47,0,115
GRAL. J.J. PEREZ (CHARAZANI),"anticoncepcion, prevencion de its y de cancer de cuello uterino",numero de ciclos entregados,2015-01-01,0,3,9,9,0,21
GUANAY,"anticoncepcion, prevencion de its y de cancer de cuello uterino",numero de ciclos entregados,2015-01-01,0,3,0,0,0,3
GUAQUI,"anticoncepcion, prevencion de its y de cancer de cuello uterino",numero de ciclos entregados,2015-01-01,0,0,3,0,0,3
GUAYARAMERIN,"anticoncepcion, prevencion de its y de cancer de cuello uterino",numero de ciclos entregados,2015-01-01,0,4,6,0,0,10
GUTIERREZ,"anticoncepcion, prevencion de its y de cancer de cuello uterino",numero de ciclos entregados,2015-01-01,0,0,4,3,0,7
HUACARETA,"anticoncepcion, prevencion de its y de cancer de cuello uterino",numero de ciclos entregados,2015-01-01,0,0,36,6,0,42
HUACAYA (VILLA DE HUACAYA),"anticoncepcion, prevencion de its y de cancer de cuello uterino",numero de ciclos entregados,2015-01-01,0,0,1,0,0,1
HUACHACALLA,"anticoncepcion, prevencion de its y de cancer de cuello uterino",numero de ciclos entregados,2015-01-01,0,1,0,1,0,2
HUANUNI,"anticoncepcion, prevencion de its y de cancer de cuello uterino",numero de ciclos entregados,2015-01-01,0,0,15,3,0,18
HUARACAJE,"anticoncepcion, prevencion de its y de cancer de cuello uterino",numero de ciclos entregados,2015-01-01,0,3,36,6,0,45
HUATAJATA,"anticoncepcion, prevencion de its y de cancer de cuello uterino",numero de ciclos entregados,2015-01-01,0,0,3,0,0,3
HUAYLLAMARCA,"anticoncepcion, prevencion de its y de cancer de cuello uterino",numero de ciclos entregados,2015-01-01,0,0,5,0,0,5
ICLA,"anticoncepcion, prevencion de its y de cancer de cuello uterino",numero de ciclos entregados,2015-01-01,0,0,27,6,0,33
INCAHUASI,"anticoncepcion, prevencion de its y de cancer de cuello uterino",numero de ciclos entregados,2015-01-01,0,2,19,17,0,38
INGAVI (HUMAITA),"anticoncepcion, prevencion de its y de cancer de cuello uterino",numero de ciclos entregados,2015-01-01,0,3,3,0,0,6
INQUISIVI,"anticoncepcion, prevencion de its y de cancer de cuello uterino",numero de ciclos entregados,2015-01-01,0,0,0,3,0,3
IRUPANA (VILLA DE LANZA),"anticoncepcion, prevencion de its y de cancer de cuello uterino",numero de ciclos entregados,2015-01-01,0,3,18,12,0,33
IXIAMAS,"anticoncepcion, prevencion de its y de cancer de cuello uterino",numero de ciclos entregados,2015-01-01,0,3,33,3,0,39
JESUS DE MACHACA,"anticoncepcion, prevencion de its y de cancer de cuello uterino",numero de ciclos entregados,2015-01-01,0,0,3,0,0,3
LA ASUNTA,"anticoncepcion, prevencion de its y de cancer de cuello uterino",numero de ciclos entregados,2015-01-01,0,6,86,18,0,110
LA GUARDIA,"anticoncepcion, prevencion de its y de cancer de cuello uterino",numero de ciclos entregados,2015-01-01,6,18,171,45,0,240
LA PAZ,"anticoncepcion, prevencion de its y de cancer de cuello uterino",numero de ciclos entregados,2015-01-01,3,32,453,74,0,562
LA RIVERA,"anticoncepcion, prevencion de its y de cancer de cuello uterino",numero de ciclos entregados,2015-01-01,0,0,1,0,0,1
LAGUNILLAS,"anticoncepcion, prevencion de its y de cancer de cuello uterino",numero de ciclos entregados,2015-01-01,0,0,38,6,0,44
LAJA,"anticoncepcion, prevencion de its y de cancer de cuello uterino",numero de ciclos entregados,2015-01-01,0,0,39,15,3,57
LAS CARRERAS,"anticoncepcion, prevencion de its y de cancer de cuello uterino",numero de ciclos entregados,2015-01-01,0,6,3,1,0,10
LICOMA PAMPA,"anticoncepcion, prevencion de its y de cancer de cuello uterino",numero de ciclos entregados,2015-01-01,0,0,6,0,0,6
LLALLAGUA,"anticoncepcion, prevencion de its y de cancer de cuello uterino",numero de ciclos entregados,2015-01-01,0,3,63,12,0,78
LLICA,"anticoncepcion, prevencion de its y de cancer de cuello uterino",numero de ciclos entregados,2015-01-01,0,0,12,0,0,12
LORETO,"anticoncepcion, prevencion de its y de cancer de cuello uterino",numero de ciclos entregados,2015-01-01,0,0,3,6,0,9
LURIBAY,"anticoncepcion, prevencion de its y de cancer de cuello uterino",numero de ciclos entregados,2015-01-01,0,0,1,3,0,4
MACHARETI,"anticoncepcion, prevencion de its y de cancer de cuello uterino",numero de ciclos entregados,2015-01-01,0,4,22,6,0,32
MAGDALENA,"anticoncepcion, prevencion de its y de cancer de cuello uterino",numero de ciclos entregados,2015-01-01,0,16,148,34,0,198
MAIRANA,"anticoncepcion, prevencion de its y de cancer de cuello uterino",numero de ciclos entregados,2015-01-01,0,0,27,0,0,27
MAPIRI,"anticoncepcion, prevencion de its y de cancer de cuello uterino",numero de ciclos entregados,2015-01-01,0,0,12,6,0,18
MECAPACA,"anticoncepcion, prevencion de its y de cancer de cuello uterino",numero de ciclos entregados,2015-01-01,0,0,10,7,0,17
MINEROS,"anticoncepcion, prevencion de its y de cancer de cuello uterino",numero de ciclos entregados,2015-01-01,0,2,19,5,0,26
MIZQUE,"anticoncepcion, prevencion de its y de cancer de cuello uterino",numero de ciclos entregados,2015-01-01,0,0,30,3,0,33
MOCOMOCO,"anticoncepcion, prevencion de its y de cancer de cuello uterino",numero de ciclos entregados,2015-01-01,0,0,6,3,0,9
MOJOCOYA,"anticoncepcion, prevencion de its y de cancer de cuello uterino",numero de ciclos entregados,2015-01-01,0,0,11,7,0,18
MONTEAGUDO,"anticoncepcion, prevencion de its y de cancer de cuello uterino",numero de ciclos entregados,2015-01-01,0,12,38,15,3,68
MONTERO,"anticoncepcion, prevencion de its y de cancer de cuello uterino",numero de ciclos entregados,2015-01-01,3,42,174,47,0,266
MOROCHATA,"anticoncepcion, prevencion de its y de cancer de cuello uterino",numero de ciclos entregados,2015-01-01,0,3,9,9,0,21
NACEBE (SANTA ROSA DEL ABUNA),"anticoncepcion, prevencion de its y de cancer de cuello uterino",numero de ciclos entregados,2015-01-01,0,0,21,0,0,21
NUEVO MANOA (NUEVA ESPERANZA),"anticoncepcion, prevencion de its y de cancer de cuello uterino",numero de ciclos entregados,2015-01-01,0,0,6,0,0,6
OCURI,"anticoncepcion, prevencion de its y de cancer de cuello uterino",numero de ciclos entregados,2015-01-01,0,0,18,6,0,24
OKINAWA,"anticoncepcion, prevencion de its y de cancer de cuello uterino",numero de ciclos entregados,2015-01-01,0,3,45,24,0,72
OMEREQUE,"anticoncepcion, prevencion de its y de cancer de cuello uterino",numero de ciclos entregados,2015-01-01,0,0,8,2,0,10
ORURO,"anticoncepcion, prevencion de its y de cancer de cuello uterino",numero de ciclos entregados,2015-01-01,0,19,157,72,0,248
PADCAYA,"anticoncepcion, prevencion de its y de cancer de cuello uterino",numero de ciclos entregados,2015-01-01,3,12,66,23,3,107
PADILLA,"anticoncepcion, prevencion de its y de cancer de cuello uterino",numero de ciclos entregados,2015-01-01,0,9,60,3,0,72
PAILON,"anticoncepcion, prevencion de its y de cancer de cuello uterino",numero de ciclos entregados,2015-01-01,0,15,30,9,0,54
PALCA,"anticoncepcion, prevencion de its y de cancer de cuello uterino",numero de ciclos entregados,2015-01-01,0,0,0,1,0,1
PALOS BLANCOS,"anticoncepcion, prevencion de its y de cancer de cuello uterino",numero de ciclos entregados,2015-01-01,0,12,114,27,3,156
PAMPA AULLAGAS,"anticoncepcion, prevencion de its y de cancer de cuello uterino",numero de ciclos entregados,2015-01-01,0,0,3,3,0,6
PAMPA GRANDE,"anticoncepcion, prevencion de its y de cancer de cuello uterino",numero de ciclos entregados,2015-01-01,0,0,24,9,0,33
PAPEL PAMPA,"anticoncepcion, prevencion de its y de cancer de cuello uterino",numero de ciclos entregados,2015-01-01,3,0,9,6,0,18
PASORAPA,"anticoncepcion, prevencion de its y de cancer de cuello uterino",numero de ciclos entregados,2015-01-01,0,0,18,0,0,18
PAZÑA,"anticoncepcion, prevencion de its y de cancer de cuello uterino",numero de ciclos entregados,2015-01-01,0,0,3,0,0,3
PELECHUCO,"anticoncepcion, prevencion de its y de cancer de cuello uterino",numero de ciclos entregados,2015-01-01,0,3,9,9,0,21
POCOATA,"anticoncepcion, prevencion de its y de cancer de cuello uterino",numero de ciclos entregados,2015-01-01,0,0,6,9,0,15
POCONA,"anticoncepcion, prevencion de its y de cancer de cuello uterino",numero de ciclos entregados,2015-01-01,0,1,15,8,0,24
POJO (CBBA),"anticoncepcion, prevencion de its y de cancer de cuello uterino",numero de ciclos entregados,2015-01-01,0,3,18,0,0,21
POOPO,"anticoncepcion, prevencion de its y de cancer de cuello uterino",numero de ciclos entregados,2015-01-01,0,0,8,0,0,8
PORCO,"anticoncepcion, prevencion de its y de cancer de cuello uterino",numero de ciclos entregados,2015-01-01,0,0,15,0,0,15
POROMA,"anticoncepcion, prevencion de its y de cancer de cuello uterino",numero de ciclos entregados,2015-01-01,0,0,4,4,0,8
PORONGO,"anticoncepcion, prevencion de its y de cancer de cuello uterino",numero de ciclos entregados,2015-01-01,0,18,75,21,0,114
PORTACHUELO,"anticoncepcion, prevencion de its y de cancer de cuello uterino",numero de ciclos entregados,2015-01-01,0,3,33,15,0,51
PORVENIR,"anticoncepcion, prevencion de its y de cancer de cuello uterino",numero de ciclos entregados,2015-01-01,0,3,39,0,0,42
POTOSI,"anticoncepcion, prevencion de its y de cancer de cuello uterino",numero de ciclos entregados,2015-01-01,0,31,246,42,0,319
PRESTO,"anticoncepcion, prevencion de its y de cancer de cuello uterino",numero de ciclos entregados,2015-01-01,0,3,15,0,3,21
PUCARA,"anticoncepcion, prevencion de its y de cancer de cuello uterino",numero de ciclos entregados,2015-01-01,0,0,3,0,0,3
PUCARANI,"anticoncepcion, prevencion de its y de cancer de cuello uterino",numero de ciclos entregados,2015-01-01,0,0,15,6,0,21
PUERTO CARABUCO,"anticoncepcion, prevencion de its y de cancer de cuello uterino",numero de ciclos entregados,2015-01-01,0,0,3,0,0,3
PUERTO GONZALO MORENO,"anticoncepcion, prevencion de its y de cancer de cuello uterino",numero de ciclos entregados,2015-01-01,3,0,6,3,0,12
PUERTO QUIJARRO,"anticoncepcion, prevencion de its y de cancer de cuello uterino",numero de ciclos entregados,2015-01-01,0,0,8,11,0,19
PUERTO RICO,"anticoncepcion, prevencion de its y de cancer de cuello uterino",numero de ciclos entregados,2015-01-01,0,9,42,3,0,54
PUERTO SILES,"anticoncepcion, prevencion de its y de cancer de cuello uterino",numero de ciclos entregados,2015-01-01,0,0,4,0,0,4
PUERTO SUAREZ,"anticoncepcion, prevencion de its y de cancer de cuello uterino",numero de ciclos entregados,2015-01-01,0,0,6,0,0,6
PUERTO VILLARROEL,"anticoncepcion, prevencion de its y de cancer de cuello uterino",numero de ciclos entregados,2015-01-01,0,3,16,26,0,45
PUNA,"anticoncepcion, prevencion de its y de cancer de cuello uterino",numero de ciclos entregados,2015-01-01,6,3,21,6,0,36
PUNATA,"anticoncepcion, prevencion de its y de cancer de cuello uterino",numero de ciclos entregados,2015-01-01,0,3,15,0,0,18
QUILLACOLLO,"anticoncepcion, prevencion de its y de cancer de cuello uterino",numero de ciclos entregados,2015-01-01,0,18,59,13,0,90
QUIME,"anticoncepcion, prevencion de its y de cancer de cuello uterino",numero de ciclos entregados,2015-01-01,0,0,27,9,0,36
QUIRUSILLAS,"anticoncepcion, prevencion de its y de cancer de cuello uterino",numero de ciclos entregados,2015-01-01,0,0,15,0,0,15
RAVELO,"anticoncepcion, prevencion de its y de cancer de cuello uterino",numero de ciclos entregados,2015-01-01,0,0,0,3,0,3
REYES,"anticoncepcion, prevencion de its y de cancer de cuello uterino",numero de ciclos entregados,2015-01-01,0,12,33,3,0,48
RIBERALTA,"anticoncepcion, prevencion de its y de cancer de cuello uterino",numero de ciclos entregados,2015-01-01,6,30,125,30,0,191
ROBORE,"anticoncepcion, prevencion de its y de cancer de cuello uterino",numero de ciclos entregados,2015-01-01,0,9,49,9,3,70
RURRENABAQUE,"anticoncepcion, prevencion de its y de cancer de cuello uterino",numero de ciclos entregados,2015-01-01,3,3,24,0,0,30
SABAYA,"anticoncepcion, prevencion de its y de cancer de cuello uterino",numero de ciclos entregados,2015-01-01,0,0,8,0,0,8
SACABA,"anticoncepcion, prevencion de its y de cancer de cuello uterino",numero de ciclos entregados,2015-01-01,0,15,65,15,0,95
SACABAMBA,"anticoncepcion, prevencion de its y de cancer de cuello uterino",numero de ciclos entregados,2015-01-01,0,0,1,0,0,1
SACACA,"anticoncepcion, prevencion de its y de cancer de cuello uterino",numero de ciclos entregados,2015-01-01,0,6,12,0,0,18
SAIPINA,"anticoncepcion, prevencion de its y de cancer de cuello uterino",numero de ciclos entregados,2015-01-01,0,3,3,9,0,15
SALINAS DE GARCI MENDOZA,"anticoncepcion, prevencion de its y de cancer de cuello uterino",numero de ciclos entregados,2015-01-01,0,0,0,0,1,1
SAMAIPATA,"anticoncepcion, prevencion de its y de cancer de cuello uterino",numero de ciclos entregados,2015-01-01,0,3,45,6,0,54
SAN AGUSTIN,"anticoncepcion, prevencion de its y de cancer de cuello uterino",numero de ciclos entregados,2015-01-01,0,0,5,1,0,6
SAN ANDRES,"anticoncepcion, prevencion de its y de cancer de cuello uterino",numero de ciclos entregados,2015-01-01,0,10,38,12,0,60
SAN ANTONIO DE LOMERIO,"anticoncepcion, prevencion de its y de cancer de cuello uterino",numero de ciclos entregados,2015-01-01,0,0,72,24,0,96
SAN BENITO,"anticoncepcion, prevencion de its y de cancer de cuello uterino",numero de ciclos entregados,2015-01-01,0,0,0,4,0,4
SAN BORJA,"anticoncepcion, prevencion de its y de cancer de cuello uterino",numero de ciclos entregados,2015-01-01,0,34,192,34,6,266
SAN BUENA VENTURA,"anticoncepcion, prevencion de its y de cancer de cuello uterino",numero de ciclos entregados,2015-01-01,0,6,6,3,0,15
SAN CARLOS,"anticoncepcion, prevencion de its y de cancer de cuello uterino",numero de ciclos entregados,2015-01-01,0,30,84,33,0,147
SAN IGNACIO,"anticoncepcion, prevencion de its y de cancer de cuello uterino",numero de ciclos entregados,2015-01-01,0,21,192,117,0,330
SAN IGNACIO DE VELASCO,"anticoncepcion, prevencion de its y de cancer de cuello uterino",numero de ciclos entregados,2015-01-01,0,45,264,66,0,375
SAN JAVIER(BNI),"anticoncepcion, prevencion de its y de cancer de cuello uterino",numero de ciclos entregados,2015-01-01,0,0,15,3,0,18
SAN JAVIER(STC),"anticoncepcion, prevencion de its y de cancer de cuello uterino",numero de ciclos entregados,2015-01-01,0,15,54,27,0,96
SAN JOSE DE CHIQUITOS,"anticoncepcion, prevencion de its y de cancer de cuello uterino",numero de ciclos entregados,2015-01-01,0,12,18,15,0,45
SAN JUAN DE YAPACANI,"anticoncepcion, prevencion de its y de cancer de cuello uterino",numero de ciclos entregados,2015-01-01,0,3,21,6,0,30
SAN JULIAN,"anticoncepcion, prevencion de its y de cancer de cuello uterino",numero de ciclos entregados,2015-01-01,0,3,52,9,0,64
SAN LORENZO(PND),"anticoncepcion, prevencion de its y de cancer de cuello uterino",numero de ciclos entregados,2015-01-01,0,3,9,9,0,21
SAN LORENZO(TJA),"anticoncepcion, prevencion de its y de cancer de cuello uterino",numero de ciclos entregados,2015-01-01,0,3,42,12,0,57
SAN LUCAS,"anticoncepcion, prevencion de its y de cancer de cuello uterino",numero de ciclos entregados,2015-01-01,0,3,27,3,3,36
SAN MATIAS,"anticoncepcion, prevencion de its y de cancer de cuello uterino",numero de ciclos entregados,2015-01-01,3,6,79,18,0,106
SAN MIGUEL DE VELASCO,"anticoncepcion, prevencion de its y de cancer de cuello uterino",numero de ciclos entregados,2015-01-01,0,9,93,42,0,144
SAN PABLO DE LIPEZ,"anticoncepcion, prevencion de its y de cancer de cuello uterino",numero de ciclos entregados,2015-01-01,0,0,3,0,0,3
SAN PEDRO,"anticoncepcion, prevencion de its y de cancer de cuello uterino",numero de ciclos entregados,2015-01-01,0,1,17,3,0,21
SAN PEDRO DE BUENA VISTA,"anticoncepcion, prevencion de its y de cancer de cuello uterino",numero de ciclos entregados,2015-01-01,0,0,34,15,0,49
SAN PEDRO DE CURAHUARA,"anticoncepcion, prevencion de its y de cancer de cuello uterino",numero de ciclos entregados,2015-01-01,0,3,6,0,0,9
SAN PEDRO DE QUEMES,"anticoncepcion, prevencion de its y de cancer de cuello uterino",numero de ciclos entregados,2015-01-01,0,3,0,3,0,6
SAN PEDRO DE TIQUINA,"anticoncepcion, prevencion de its y de cancer de cuello uterino",numero de ciclos entregados,2015-01-01,0,0,6,0,0,6
SAN RAFAEL,"anticoncepcion, prevencion de its y de cancer de cuello uterino",numero de ciclos entregados,2015-01-01,0,12,60,15,0,87
SAN RAMON BENI,"anticoncepcion, prevencion de its y de cancer de cuello uterino",numero de ciclos entregados,2015-01-01,0,6,34,6,0,46
SAN RAMON SCZ,"anticoncepcion, prevencion de its y de cancer de cuello uterino",numero de ciclos entregados,2015-01-01,0,30,39,0,0,69
SANTA ANA,"anticoncepcion, prevencion de its y de cancer de cuello uterino",numero de ciclos entregados,2015-01-01,0,20,66,45,0,131
SANTA CRUZ DE LA SIERRA,"anticoncepcion, prevencion de its y de cancer de cuello uterino",numero de ciclos entregados,2015-01-01,19,127,666,153,4,969
SANTA ROSA,"anticoncepcion, prevencion de its y de cancer de cuello uterino",numero de ciclos entregados,2015-01-01,0,0,12,3,0,15
SANTA ROSA DEL SARA,"anticoncepcion, prevencion de its y de cancer de cuello uterino",numero de ciclos entregados,2015-01-01,0,27,72,60,0,159
SANTIAGO DE HUARI,"anticoncepcion, prevencion de its y de cancer de cuello uterino",numero de ciclos entregados,2015-01-01,0,0,3,0,0,3
SANTIAGO DE HUATA,"anticoncepcion, prevencion de its y de cancer de cuello uterino",numero de ciclos entregados,2015-01-01,0,0,4,3,0,7
SANTIAGO DE MACHACA,"anticoncepcion, prevencion de its y de cancer de cuello uterino",numero de ciclos entregados,2015-01-01,0,0,3,0,0,3
SANTIVAÑES,"anticoncepcion, prevencion de its y de cancer de cuello uterino",numero de ciclos entregados,2015-01-01,0,0,4,3,0,7
SANTUARIO DE QUILLACAS,"anticoncepcion, prevencion de its y de cancer de cuello uterino",numero de ciclos entregados,2015-01-01,0,0,8,3,0,11
SAPAHAQUI,"anticoncepcion, prevencion de its y de cancer de cuello uterino",numero de ciclos entregados,2015-01-01,0,0,6,3,0,9
SENA,"anticoncepcion, prevencion de its y de cancer de cuello uterino",numero de ciclos entregados,2015-01-01,0,3,6,9,0,18
SHINAOTA,"anticoncepcion, prevencion de its y de cancer de cuello uterino",numero de ciclos entregados,2015-01-01,0,0,3,3,0,6
SICA SICA (VILLA AROMA),"anticoncepcion, prevencion de its y de cancer de cuello uterino",numero de ciclos entregados,2015-01-01,0,0,11,2,0,13
SIPE SIPE,"anticoncepcion, prevencion de its y de cancer de cuello uterino",numero de ciclos entregados,2015-01-01,0,3,86,3,0,92
SOPACHUY,"anticoncepcion, prevencion de its y de cancer de cuello uterino",numero de ciclos entregados,2015-01-01,3,9,18,13,0,43
SORACACHI,"anticoncepcion, prevencion de its y de cancer de cuello uterino",numero de ciclos entregados,2015-01-01,0,0,14,3,0,17
SORATA,"anticoncepcion, prevencion de its y de cancer de cuello uterino",numero de ciclos entregados,2015-01-01,0,4,6,6,0,16
SUCRE,"anticoncepcion, prevencion de its y de cancer de cuello uterino",numero de ciclos entregados,2015-01-01,3,40,289,71,0,403
TACACOMA,"anticoncepcion, prevencion de its y de cancer de cuello uterino",numero de ciclos entregados,2015-01-01,0,0,15,3,0,18
TACOPAYA,"anticoncepcion, prevencion de its y de cancer de cuello uterino",numero de ciclos entregados,2015-01-01,0,0,1,0,0,1
TARABUCO,"anticoncepcion, prevencion de its y de cancer de cuello uterino",numero de ciclos entregados,2015-01-01,0,0,13,0,0,13
TARACO,"anticoncepcion, prevencion de its y de cancer de cuello uterino",numero de ciclos entregados,2015-01-01,0,0,3,3,0,6
TARIJA,"anticoncepcion, prevencion de its y de cancer de cuello uterino",numero de ciclos entregados,2015-01-01,0,39,164,49,3,255
TARVITA,"anticoncepcion, prevencion de its y de cancer de cuello uterino",numero de ciclos entregados,2015-01-01,0,0,16,21,0,37
TEOPONTE,"anticoncepcion, prevencion de its y de cancer de cuello uterino",numero de ciclos entregados,2015-01-01,0,6,6,12,0,24
TIAWANACU,"anticoncepcion, prevencion de its y de cancer de cuello uterino",numero de ciclos entregados,2015-01-01,0,6,21,9,0,36
TINGUIPAYA,"anticoncepcion, prevencion de its y de cancer de cuello uterino",numero de ciclos entregados,2015-01-01,0,0,9,3,0,12
TIPUANI,"anticoncepcion, prevencion de its y de cancer de cuello uterino",numero de ciclos entregados,2015-01-01,0,3,12,9,0,24
TIQUIPAYA,"anticoncepcion, prevencion de its y de cancer de cuello uterino",numero de ciclos entregados,2015-01-01,0,5,39,9,0,53
TIRAQUE (CBBA),"anticoncepcion, prevencion de its y de cancer de cuello uterino",numero de ciclos entregados,2015-01-01,0,3,15,9,0,27
TOLATA,"anticoncepcion, prevencion de its y de cancer de cuello uterino",numero de ciclos entregados,2015-01-01,0,0,12,0,0,12
TOLEDO,"anticoncepcion, prevencion de its y de cancer de cuello uterino",numero de ciclos entregados,2015-01-01,0,0,4,0,0,4
TOMAVE,"anticoncepcion, prevencion de its y de cancer de cuello uterino",numero de ciclos entregados,2015-01-01,0,3,6,0,0,9
TOMINA,"anticoncepcion, prevencion de its y de cancer de cuello uterino",numero de ciclos entregados,2015-01-01,0,3,15,3,0,21
TORO TORO,"anticoncepcion, prevencion de its y de cancer de cuello uterino",numero de ciclos entregados,2015-01-01,0,0,3,0,0,3
TOTORA(CBBA),"anticoncepcion, prevencion de its y de cancer de cuello uterino",numero de ciclos entregados,2015-01-01,1,1,0,0,0,2
TRIGAL,"anticoncepcion, prevencion de its y de cancer de cuello uterino",numero de ciclos entregados,2015-01-01,0,3,0,3,0,6
TRINIDAD,"anticoncepcion, prevencion de its y de cancer de cuello uterino",numero de ciclos entregados,2015-01-01,1,0,121,21,0,143
TUPIZA,"anticoncepcion, prevencion de its y de cancer de cuello uterino",numero de ciclos entregados,2015-01-01,0,0,31,6,0,37
TURCO,"anticoncepcion, prevencion de its y de cancer de cuello uterino",numero de ciclos entregados,2015-01-01,0,0,0,3,0,3
UMALA,"anticoncepcion, prevencion de its y de cancer de cuello uterino",numero de ciclos entregados,2015-01-01,0,0,3,3,0,6
UNCIA,"anticoncepcion, prevencion de its y de cancer de cuello uterino",numero de ciclos entregados,2015-01-01,0,0,6,12,0,18
URIONDO (A. CONCEPCION),"anticoncepcion, prevencion de its y de cancer de cuello uterino",numero de ciclos entregados,2015-01-01,0,3,30,13,0,46
URUBICHA,"anticoncepcion, prevencion de its y de cancer de cuello uterino",numero de ciclos entregados,2015-01-01,0,6,18,3,0,27
UYUNI,"anticoncepcion, prevencion de its y de cancer de cuello uterino",numero de ciclos entregados,2015-01-01,0,6,36,9,0,51
VACAS,"anticoncepcion, prevencion de its y de cancer de cuello uterino",numero de ciclos entregados,2015-01-01,0,0,3,0,0,3
VALLEGRANDE,"anticoncepcion, prevencion de its y de cancer de cuello uterino",numero de ciclos entregados,2015-01-01,0,6,12,3,0,21
VIACHA,"anticoncepcion, prevencion de its y de cancer de cuello uterino",numero de ciclos entregados,2015-01-01,0,0,18,28,0,46
VILLA CHARCAS,"anticoncepcion, prevencion de its y de cancer de cuello uterino",numero de ciclos entregados,2015-01-01,0,15,36,9,0,60
VILLA MONTES,"anticoncepcion, prevencion de its y de cancer de cuello uterino",numero de ciclos entregados,2015-01-01,3,13,60,18,0,94
VILLA NUEVA (LOMA ALTA),"anticoncepcion, prevencion de its y de cancer de cuello uterino",numero de ciclos entregados,2015-01-01,0,0,12,2,0,14
VILLA RIVERO,"anticoncepcion, prevencion de its y de cancer de cuello uterino",numero de ciclos entregados,2015-01-01,0,3,6,0,0,9
VILLA SERRANO,"anticoncepcion, prevencion de its y de cancer de cuello uterino",numero de ciclos entregados,2015-01-01,0,3,9,3,0,15
VILLA TUNARI,"anticoncepcion, prevencion de its y de cancer de cuello uterino",numero de ciclos entregados,2015-01-01,0,2,69,19,0,90
VILLA VACA GUZMAN (MUYUPAMPA),"anticoncepcion, prevencion de its y de cancer de cuello uterino",numero de ciclos entregados,2015-01-01,0,0,51,6,0,57
VILLAZON,"anticoncepcion, prevencion de its y de cancer de cuello uterino",numero de ciclos entregados,2015-01-01,0,0,42,12,0,54
VINTO,"anticoncepcion, prevencion de its y de cancer de cuello uterino",numero de ciclos entregados,2015-01-01,0,0,27,6,0,33
VITICHI,"anticoncepcion, prevencion de its y de cancer de cuello uterino",numero de ciclos entregados,2015-01-01,0,0,9,0,0,9
WARNES,"anticoncepcion, prevencion de its y de cancer de cuello uterino",numero de ciclos entregados,2015-01-01,0,48,292,81,1,422
YACUIBA,"anticoncepcion, prevencion de its y de cancer de cuello uterino",numero de ciclos entregados,2015-01-01,0,36,179,166,3,384
YANACACHI,"anticoncepcion, prevencion de its y de cancer de cuello uterino",numero de ciclos entregados,2015-01-01,0,0,12,0,0,12
YAPACANI,"anticoncepcion, prevencion de its y de cancer de cuello uterino",numero de ciclos entregados,2015-01-01,0,15,81,15,0,111
YOCALLA,"anticoncepcion, prevencion de its y de cancer de cuello uterino",numero de ciclos entregados,2015-01-01,0,6,9,0,0,15
YOTALA,"anticoncepcion, prevencion de its y de cancer de cuello uterino",numero de ciclos entregados,2015-01-01,0,0,2,0,0,2
YUNCHARA,"anticoncepcion, prevencion de its y de cancer de cuello uterino",numero de ciclos entregados,2015-01-01,0,6,16,9,0,31
ZUDAÑEZ,"anticoncepcion, prevencion de its y de cancer de cuello uterino",numero de ciclos entregados,2015-01-01,0,0,12,0,0,12
ACACIO,"anticoncepcion, prevencion de its y de cancer de cuello uterino",numero de ciclos entregados,2015-02-01,0,0,6,0,0,6
ACHACACHI,"anticoncepcion, prevencion de its y de cancer de cuello uterino",numero de ciclos entregados,2015-02-01,0,0,15,0,0,15
ACHOCALLA,"anticoncepcion, prevencion de its y de cancer de cuello uterino",numero de ciclos entregados,2015-02-01,0,0,27,18,0,45
AIQUILE,"anticoncepcion, prevencion de its y de cancer de cuello uterino",numero de ciclos entregados,2015-02-01,0,0,3,0,0,3
ALCALA,"anticoncepcion, prevencion de its y de cancer de cuello uterino",numero de ciclos entregados,2015-02-01,0,0,0,6,0,6
ALTO BENI,"anticoncepcion, prevencion de its y de cancer de cuello uterino",numero de ciclos entregados,2015-02-01,0,3,18,6,0,27
ANCORAIMES,"anticoncepcion, prevencion de its y de cancer de cuello uterino",numero de ciclos entregados,2015-02-01,0,0,6,4,0,10
ANDAMARCA,"anticoncepcion, prevencion de its y de cancer de cuello uterino",numero de ciclos entregados,2015-02-01,0,0,1,0,0,1
ANTEQUERA,"anticoncepcion, prevencion de its y de cancer de cuello uterino",numero de ciclos entregados,2015-02-01,0,0,1,0,0,1
APOLO,"anticoncepcion, prevencion de its y de cancer de cuello uterino",numero de ciclos entregados,2015-02-01,0,1,16,1,0,18
ARAMPAMPA,"anticoncepcion, prevencion de its y de cancer de cuello uterino",numero de ciclos entregados,2015-02-01,0,0,0,6,0,6
ARANI,"anticoncepcion, prevencion de its y de cancer de cuello uterino",numero de ciclos entregados,2015-02-01,0,9,6,15,0,30
ARBIETO,"anticoncepcion, prevencion de its y de cancer de cuello uterino",numero de ciclos entregados,2015-02-01,0,0,18,9,0,27
ARQUE,"anticoncepcion, prevencion de its y de cancer de cuello uterino",numero de ciclos entregados,2015-02-01,0,1,3,4,0,8
ASCENCION DE GUARAYOS,"anticoncepcion, prevencion de its y de cancer de cuello uterino",numero de ciclos entregados,2015-02-01,0,21,45,3,0,69
ATOCHA,"anticoncepcion, prevencion de its y de cancer de cuello uterino",numero de ciclos entregados,2015-02-01,0,0,15,9,0,24
AUCAPATA,"anticoncepcion, prevencion de its y de cancer de cuello uterino",numero de ciclos entregados,2015-02-01,0,0,3,0,0,3
AYATA,"anticoncepcion, prevencion de its y de cancer de cuello uterino",numero de ciclos entregados,2015-02-01,0,0,9,6,0,15
AYOPAYA (V. DE INDEPENDENCIA),"anticoncepcion, prevencion de its y de cancer de cuello uterino",numero de ciclos entregados,2015-02-01,0,9,63,18,0,90
AZURDUY,"anticoncepcion, prevencion de its y de cancer de cuello uterino",numero de ciclos entregados,2015-02-01,3,0,6,6,0,15
BATALLAS,"anticoncepcion, prevencion de its y de cancer de cuello uterino",numero de ciclos entregados,2015-02-01,0,0,21,6,0,27
BAURES,"anticoncepcion, prevencion de its y de cancer de cuello uterino",numero de ciclos entregados,2015-02-01,0,0,15,4,0,19
BELLA FLOR,"anticoncepcion, prevencion de its y de cancer de cuello uterino",numero de ciclos entregados,2015-02-01,0,9,12,3,0,24
BERMEJO,"anticoncepcion, prevencion de its y de cancer de cuello uterino",numero de ciclos entregados,2015-02-01,0,1,19,3,0,23
BETANZOS,"anticoncepcion, prevencion de its y de cancer de cuello uterino",numero de ciclos entregados,2015-02-01,0,0,15,2,0,17
BOLIVAR,"anticoncepcion, prevencion de its y de cancer de cuello uterino",numero de ciclos entregados,2015-02-01,0,0,3,0,0,3
BOLPEBRA,"anticoncepcion, prevencion de its y de cancer de cuello uterino",numero de ciclos entregados,2015-02-01,0,0,6,0,0,6
BOYUIBE,"anticoncepcion, prevencion de its y de cancer de cuello uterino",numero de ciclos entregados,2015-02-01,0,3,15,3,0,21
BUENA VISTA,"anticoncepcion, prevencion de its y de cancer de cuello uterino",numero de ciclos entregados,2015-02-01,0,3,50,24,3,80
CABEZAS,"anticoncepcion, prevencion de its y de cancer de cuello uterino",numero de ciclos entregados,2015-02-01,6,18,66,15,0,105
CAIROMA,"anticoncepcion, prevencion de its y de cancer de cuello uterino",numero de ciclos entregados,2015-02-01,0,0,3,0,0,3
"CAIZA ""D""","anticoncepcion, prevencion de its y de cancer de cuello uterino",numero de ciclos entregados,2015-02-01,0,0,12,0,0,12
CAJUATA,"anticoncepcion, prevencion de its y de cancer de cuello uterino",numero de ciclos entregados,2015-02-01,0,0,12,0,0,12
CALACOTO,"anticoncepcion, prevencion de its y de cancer de cuello uterino",numero de ciclos entregados,2015-02-01,0,0,3,3,0,6
CALAMARCA,"anticoncepcion, prevencion de its y de cancer de cuello uterino",numero de ciclos entregados,2015-02-01,0,3,21,12,0,36
CAMARGO,"anticoncepcion, prevencion de its y de cancer de cuello uterino",numero de ciclos entregados,2015-02-01,0,0,9,0,6,15
CAMATAQUI (C. VILLA ABECIA),"anticoncepcion, prevencion de its y de cancer de cuello uterino",numero de ciclos entregados,2015-02-01,0,0,3,3,0,6
CAMIRI,"anticoncepcion, prevencion de its y de cancer de cuello uterino",numero de ciclos entregados,2015-02-01,0,0,42,3,0,45
CAPINOTA,"anticoncepcion, prevencion de its y de cancer de cuello uterino",numero de ciclos entregados,2015-02-01,0,0,31,3,0,34
CARACOLLO,"anticoncepcion, prevencion de its y de cancer de cuello uterino",numero de ciclos entregados,2015-02-01,0,0,18,0,0,18
CARANAVI,"anticoncepcion, prevencion de its y de cancer de cuello uterino",numero de ciclos entregados,2015-02-01,0,3,42,18,0,63
CARANGAS,"anticoncepcion, prevencion de its y de cancer de cuello uterino",numero de ciclos entregados,2015-02-01,0,0,3,0,0,3
CARAPARI,"anticoncepcion, prevencion de its y de cancer de cuello uterino",numero de ciclos entregados,2015-02-01,0,0,50,6,0,56
CARIPUYO,"anticoncepcion, prevencion de its y de cancer de cuello uterino",numero de ciclos entregados,2015-02-01,0,0,4,0,0,4
CATACORA,"anticoncepcion, prevencion de its y de cancer de cuello uterino",numero de ciclos entregados,2015-02-01,0,0,3,0,0,3
CHACARILLA,"anticoncepcion, prevencion de its y de cancer de cuello uterino",numero de ciclos entregados,2015-02-01,0,0,0,0,3,3
CHALLAPATA,"anticoncepcion, prevencion de its y de cancer de cuello uterino",numero de ciclos entregados,2015-02-01,0,0,2,0,0,2
CHAQUI,"anticoncepcion, prevencion de its y de cancer de cuello uterino",numero de ciclos entregados,2015-02-01,0,0,0,3,0,3
CHARAGUA,"anticoncepcion, prevencion de its y de cancer de cuello uterino",numero de ciclos entregados,2015-02-01,0,3,51,12,0,66
CHAYANTA,"anticoncepcion, prevencion de its y de cancer de cuello uterino",numero de ciclos entregados,2015-02-01,0,0,6,0,0,6
CHIMORE,"anticoncepcion, prevencion de its y de cancer de cuello uterino",numero de ciclos entregados,2015-02-01,0,6,17,4,0,27
CHIPAYA,"anticoncepcion, prevencion de its y de cancer de cuello uterino",numero de ciclos entregados,2015-02-01,0,0,1,1,0,2
CHOQUE COTA,"anticoncepcion, prevencion de its y de cancer de cuello uterino",numero de ciclos entregados,2015-02-01,0,0,0,1,0,1
CHUA COCANI,"anticoncepcion, prevencion de its y de cancer de cuello uterino",numero de ciclos entregados,2015-02-01,0,0,3,3,0,6
CHULUMANI (V. DE LA LIBERTAD),"anticoncepcion, prevencion de its y de cancer de cuello uterino",numero de ciclos entregados,2015-02-01,0,3,9,0,0,12
CHUMA,"anticoncepcion, prevencion de its y de cancer de cuello uterino",numero de ciclos entregados,2015-02-01,0,6,3,16,0,25
CHUQUIHUTA AYLLU JUCUMANI,"anticoncepcion, prevencion de its y de cancer de cuello uterino",numero de ciclos entregados,2015-02-01,0,3,24,9,0,36
CKOCHAS,"anticoncepcion, prevencion de its y de cancer de cuello uterino",numero de ciclos entregados,2015-02-01,0,0,0,1,0,1
CLIZA,"anticoncepcion, prevencion de its y de cancer de cuello uterino",numero de ciclos entregados,2015-02-01,0,3,48,12,0,63
COBIJA,"anticoncepcion, prevencion de its y de cancer de cuello uterino",numero de ciclos entregados,2015-02-01,0,8,77,11,0,96
COCAPATA,"anticoncepcion, prevencion de its y de cancer de cuello uterino",numero de ciclos entregados,2015-02-01,0,3,16,0,0,19
COCHABAMBA,"anticoncepcion, prevencion de its y de cancer de cuello uterino",numero de ciclos entregados,2015-02-01,0,28,301,67,0,396
COIPASA,"anticoncepcion, prevencion de its y de cancer de cuello uterino",numero de ciclos entregados,2015-02-01,0,0,6,0,0,6
COLCAPIRHUA,"anticoncepcion, prevencion de its y de cancer de cuello uterino",numero de ciclos entregados,2015-02-01,0,6,39,24,3,72
"COLCHA ""K""","anticoncepcion, prevencion de its y de cancer de cuello uterino",numero de ciclos entregados,2015-02-01,0,3,3,0,0,6
COLLANA,"anticoncepcion, prevencion de its y de cancer de cuello uterino",numero de ciclos entregados,2015-02-01,0,0,3,0,0,3
COLOMI,"anticoncepcion, prevencion de its y de cancer de cuello uterino",numero de ciclos entregados,2015-02-01,0,3,22,4,0,29
COLPA BELGICA,"anticoncepcion, prevencion de its y de cancer de cuello uterino",numero de ciclos entregados,2015-02-01,0,0,33,12,0,45
COLQUECHACA,"anticoncepcion, prevencion de its y de cancer de cuello uterino",numero de ciclos entregados,2015-02-01,0,0,9,12,0,21
COLQUENCHA,"anticoncepcion, prevencion de its y de cancer de cuello uterino",numero de ciclos entregados,2015-02-01,0,0,9,6,3,18
COLQUIRI,"anticoncepcion, prevencion de its y de cancer de cuello uterino",numero de ciclos entregados,2015-02-01,0,0,6,3,0,9
COMANCHE,"anticoncepcion, prevencion de its y de cancer de cuello uterino",numero de ciclos entregados,2015-02-01,0,0,3,0,0,3
COMARAPA,"anticoncepcion, prevencion de its y de cancer de cuello uterino",numero de ciclos entregados,2015-02-01,0,6,18,9,0,33
CONCEPCION,"anticoncepcion, prevencion de its y de cancer de cuello uterino",numero de ciclos entregados,2015-02-01,0,0,45,3,0,48
COPACABANA,"anticoncepcion, prevencion de its y de cancer de cuello uterino",numero de ciclos entregados,2015-02-01,0,3,3,3,0,9
CORIPATA,"anticoncepcion, prevencion de its y de cancer de cuello uterino",numero de ciclos entregados,2015-02-01,0,0,3,3,0,6
CORO CORO,"anticoncepcion, prevencion de its y de cancer de cuello uterino",numero de ciclos entregados,2015-02-01,0,0,15,0,0,15
COROICO,"anticoncepcion, prevencion de its y de cancer de cuello uterino",numero de ciclos entregados,2015-02-01,0,0,9,15,0,24
CORQUE,"anticoncepcion, prevencion de its y de cancer de cuello uterino",numero de ciclos entregados,2015-02-01,0,0,1,0,0,1
COTAGAITA,"anticoncepcion, prevencion de its y de cancer de cuello uterino",numero de ciclos entregados,2015-02-01,0,0,3,7,0,10
COTOCA,"anticoncepcion, prevencion de its y de cancer de cuello uterino",numero de ciclos entregados,2015-02-01,0,6,72,16,0,94
CUATRO CAÑADAS,"anticoncepcion, prevencion de its y de cancer de cuello uterino",numero de ciclos entregados,2015-02-01,0,3,24,0,0,27
CUCHUMUELA (V. G. VILLARROEL),"anticoncepcion, prevencion de its y de cancer de cuello uterino",numero de ciclos entregados,2015-02-01,0,0,3,0,0,3
CUEVO,"anticoncepcion, prevencion de its y de cancer de cuello uterino",numero de ciclos entregados,2015-02-01,0,6,18,6,0,30
CULPINA,"anticoncepcion, prevencion de its y de cancer de cuello uterino",numero de ciclos entregados,2015-02-01,0,12,21,15,0,48
DESAGUADERO,"anticoncepcion, prevencion de its y de cancer de cuello uterino",numero de ciclos entregados,2015-02-01,0,0,6,0,0,6
EL ALTO,"anticoncepcion, prevencion de its y de cancer de cuello uterino",numero de ciclos entregados,2015-02-01,0,66,716,157,1,940
EL CHORO,"anticoncepcion, prevencion de its y de cancer de cuello uterino",numero de ciclos entregados,2015-02-01,0,0,1,0,0,1
EL PUENTE(STC),"anticoncepcion, prevencion de its y de cancer de cuello uterino",numero de ciclos entregados,2015-02-01,0,18,63,21,3,105
EL PUENTE(TJA),"anticoncepcion, prevencion de its y de cancer de cuello uterino",numero de ciclos entregados,2015-02-01,0,3,47,9,0,59
EL TORNO,"anticoncepcion, prevencion de its y de cancer de cuello uterino",numero de ciclos entregados,2015-02-01,3,33,153,33,0,222
EL VILLAR,"anticoncepcion, prevencion de its y de cancer de cuello uterino",numero de ciclos entregados,2015-02-01,0,0,12,9,3,24
ENTRE RIOS TRJ,"anticoncepcion, prevencion de its y de cancer de cuello uterino",numero de ciclos entregados,2015-02-01,0,10,37,16,0,63
ENTRE RIOS CBBA,"anticoncepcion, prevencion de its y de cancer de cuello uterino",numero de ciclos entregados,2015-02-01,0,2,22,4,0,28
EUCALIPTUS,"anticoncepcion, prevencion de its y de cancer de cuello uterino",numero de ciclos entregados,2015-02-01,0,0,1,2,0,3
EUREKA (SANTOS MERCADO),"anticoncepcion, prevencion de its y de cancer de cuello uterino",numero de ciclos entregados,2015-02-01,0,0,6,1,0,7
EXALTACION,"anticoncepcion, prevencion de its y de cancer de cuello uterino",numero de ciclos entregados,2015-02-01,0,1,2,0,0,3
FERNANDEZ ALONSO,"anticoncepcion, prevencion de its y de cancer de cuello uterino",numero de ciclos entregados,2015-02-01,4,3,65,6,0,78
FILADELFIA,"anticoncepcion, prevencion de its y de cancer de cuello uterino",numero de ciclos entregados,2015-02-01,0,3,33,9,0,45
GENERAL SAAVEDRA,"anticoncepcion, prevencion de its y de cancer de cuello uterino",numero de ciclos entregados,2015-02-01,0,0,58,15,0,73
GRAL. J.J. PEREZ (CHARAZANI),"anticoncepcion, prevencion de its y de cancer de cuello uterino",numero de ciclos entregados,2015-02-01,0,0,1,0,0,1
GUANAY,"anticoncepcion, prevencion de its y de cancer de cuello uterino",numero de ciclos entregados,2015-02-01,0,0,0,3,0,3
GUAQUI,"anticoncepcion, prevencion de its y de cancer de cuello uterino",numero de ciclos entregados,2015-02-01,0,0,0,6,0,6
GUAYARAMERIN,"anticoncepcion, prevencion de its y de cancer de cuello uterino",numero de ciclos entregados,2015-02-01,0,0,21,0,0,21
GUTIERREZ,"anticoncepcion, prevencion de its y de cancer de cuello uterino",numero de ciclos entregados,2015-02-01,0,0,6,1,0,7
HUACARETA,"anticoncepcion, prevencion de its y de cancer de cuello uterino",numero de ciclos entregados,2015-02-01,0,15,36,24,3,78
HUACAYA (VILLA DE HUACAYA),"anticoncepcion, prevencion de its y de cancer de cuello uterino",numero de ciclos entregados,2015-02-01,0,1,3,0,0,4
HUACHACALLA,"anticoncepcion, prevencion de its y de cancer de cuello uterino",numero de ciclos entregados,2015-02-01,0,0,3,0,0,3
HUANUNI,"anticoncepcion, prevencion de its y de cancer de cuello uterino",numero de ciclos entregados,2015-02-01,0,0,9,0,0,9
HUARACAJE,"anticoncepcion, prevencion de its y de cancer de cuello uterino",numero de ciclos entregados,2015-02-01,0,12,66,6,0,84
HUARINA,"anticoncepcion, prevencion de its y de cancer de cuello uterino",numero de ciclos entregados,2015-02-01,0,0,0,3,0,3
HUATAJATA,"anticoncepcion, prevencion de its y de cancer de cuello uterino",numero de ciclos entregados,2015-02-01,0,1,3,3,0,7
HUAYLLAMARCA,"anticoncepcion, prevencion de its y de cancer de cuello uterino",numero de ciclos entregados,2015-02-01,0,0,1,0,0,1
HUMANATA,"anticoncepcion, prevencion de its y de cancer de cuello uterino",numero de ciclos entregados,2015-02-01,0,0,9,0,0,9
ICLA,"anticoncepcion, prevencion de its y de cancer de cuello uterino",numero de ciclos entregados,2015-02-01,0,0,9,15,0,24
INCAHUASI,"anticoncepcion, prevencion de its y de cancer de cuello uterino",numero de ciclos entregados,2015-02-01,0,3,17,10,0,30
INGAVI (HUMAITA),"anticoncepcion, prevencion de its y de cancer de cuello uterino",numero de ciclos entregados,2015-02-01,0,3,12,3,0,18
INQUISIVI,"anticoncepcion, prevencion de its y de cancer de cuello uterino",numero de ciclos entregados,2015-02-01,0,0,0,3,0,3
IRUPANA (VILLA DE LANZA),"anticoncepcion, prevencion de its y de cancer de cuello uterino",numero de ciclos entregados,2015-02-01,0,3,51,18,0,72
IXIAMAS,"anticoncepcion, prevencion de its y de cancer de cuello uterino",numero de ciclos entregados,2015-02-01,0,21,75,3,0,99
JESUS DE MACHACA,"anticoncepcion, prevencion de its y de cancer de cuello uterino",numero de ciclos entregados,2015-02-01,0,0,6,3,0,9
LA ASUNTA,"anticoncepcion, prevencion de its y de cancer de cuello uterino",numero de ciclos entregados,2015-02-01,0,18,57,24,0,99
LA GUARDIA,"anticoncepcion, prevencion de its y de cancer de cuello uterino",numero de ciclos entregados,2015-02-01,0,30,111,42,0,183
LA PAZ,"anticoncepcion, prevencion de its y de cancer de cuello uterino",numero de ciclos entregados,2015-02-01,4,11,353,86,0,454
LAGUNILLAS,"anticoncepcion, prevencion de its y de cancer de cuello uterino",numero de ciclos entregados,2015-02-01,0,0,21,0,0,21
LAJA,"anticoncepcion, prevencion de its y de cancer de cuello uterino",numero de ciclos entregados,2015-02-01,0,0,39,6,0,45
LAS CARRERAS,"anticoncepcion, prevencion de its y de cancer de cuello uterino",numero de ciclos entregados,2015-02-01,0,0,1,0,0,1
LICOMA PAMPA,"anticoncepcion, prevencion de its y de cancer de cuello uterino",numero de ciclos entregados,2015-02-01,0,0,6,3,0,9
LLALLAGUA,"anticoncepcion, prevencion de its y de cancer de cuello uterino",numero de ciclos entregados,2015-02-01,0,3,42,9,0,54
LLICA,"anticoncepcion, prevencion de its y de cancer de cuello uterino",numero de ciclos entregados,2015-02-01,0,0,15,6,0,21
LORETO,"anticoncepcion, prevencion de its y de cancer de cuello uterino",numero de ciclos entregados,2015-02-01,0,2,2,40,0,44
LURIBAY,"anticoncepcion, prevencion de its y de cancer de cuello uterino",numero de ciclos entregados,2015-02-01,0,0,6,0,0,6
MACHARETI,"anticoncepcion, prevencion de its y de cancer de cuello uterino",numero de ciclos entregados,2015-02-01,0,7,26,9,0,42
MAGDALENA,"anticoncepcion, prevencion de its y de cancer de cuello uterino",numero de ciclos entregados,2015-02-01,0,13,102,35,3,153
MAIRANA,"anticoncepcion, prevencion de its y de cancer de cuello uterino",numero de ciclos entregados,2015-02-01,0,18,0,12,0,30
MECAPACA,"anticoncepcion, prevencion de its y de cancer de cuello uterino",numero de ciclos entregados,2015-02-01,0,0,9,6,0,15
MINEROS,"anticoncepcion, prevencion de its y de cancer de cuello uterino",numero de ciclos entregados,2015-02-01,0,0,16,7,0,23
MIZQUE,"anticoncepcion, prevencion de its y de cancer de cuello uterino",numero de ciclos entregados,2015-02-01,1,6,27,19,0,53
MOCOMOCO,"anticoncepcion, prevencion de its y de cancer de cuello uterino",numero de ciclos entregados,2015-02-01,0,3,12,0,0,15
MOJINETE,"anticoncepcion, prevencion de its y de cancer de cuello uterino",numero de ciclos entregados,2015-02-01,0,0,3,0,0,3
MOJOCOYA,"anticoncepcion, prevencion de its y de cancer de cuello uterino",numero de ciclos entregados,2015-02-01,0,0,10,3,0,13
MONTEAGUDO,"anticoncepcion, prevencion de its y de cancer de cuello uterino",numero de ciclos entregados,2015-02-01,0,12,38,15,0,65
MONTERO,"anticoncepcion, prevencion de its y de cancer de cuello uterino",numero de ciclos entregados,2015-02-01,6,31,130,63,3,233
MORO MORO,"anticoncepcion, prevencion de its y de cancer de cuello uterino",numero de ciclos entregados,2015-02-01,0,3,3,3,0,9
MOROCHATA,"anticoncepcion, prevencion de its y de cancer de cuello uterino",numero de ciclos entregados,2015-02-01,0,0,12,3,0,15
NACEBE (SANTA ROSA DEL ABUNA),"anticoncepcion, prevencion de its y de cancer de cuello uterino",numero de ciclos entregados,2015-02-01,0,6,9,12,0,27
OCURI,"anticoncepcion, prevencion de its y de cancer de cuello uterino",numero de ciclos entregados,2015-02-01,0,6,18,0,0,24
OKINAWA,"anticoncepcion, prevencion de its y de cancer de cuello uterino",numero de ciclos entregados,2015-02-01,0,0,45,15,0,60
OMEREQUE,"anticoncepcion, prevencion de its y de cancer de cuello uterino",numero de ciclos entregados,2015-02-01,0,0,12,3,0,15
ORURO,"anticoncepcion, prevencion de its y de cancer de cuello uterino",numero de ciclos entregados,2015-02-01,0,16,202,52,0,270
PADCAYA,"anticoncepcion, prevencion de its y de cancer de cuello uterino",numero de ciclos entregados,2015-02-01,0,12,56,23,0,91
PADILLA,"anticoncepcion, prevencion de its y de cancer de cuello uterino",numero de ciclos entregados,2015-02-01,0,3,39,12,0,54
PAILON,"anticoncepcion, prevencion de its y de cancer de cuello uterino",numero de ciclos entregados,2015-02-01,0,18,51,3,0,72
PALOS BLANCOS,"anticoncepcion, prevencion de its y de cancer de cuello uterino",numero de ciclos entregados,2015-02-01,3,9,54,21,0,87
PAMPA GRANDE,"anticoncepcion, prevencion de its y de cancer de cuello uterino",numero de ciclos entregados,2015-02-01,0,0,15,6,3,24
PASORAPA,"anticoncepcion, prevencion de its y de cancer de cuello uterino",numero de ciclos entregados,2015-02-01,0,0,9,0,0,9
PATACAMAYA,"anticoncepcion, prevencion de its y de cancer de cuello uterino",numero de ciclos entregados,2015-02-01,0,0,3,0,0,3
PAZÑA,"anticoncepcion, prevencion de its y de cancer de cuello uterino",numero de ciclos entregados,2015-02-01,0,0,8,0,0,8
PELECHUCO,"anticoncepcion, prevencion de its y de cancer de cuello uterino",numero de ciclos entregados,2015-02-01,0,3,16,3,0,22
POCOATA,"anticoncepcion, prevencion de its y de cancer de cuello uterino",numero de ciclos entregados,2015-02-01,0,0,24,6,0,30
POCONA,"anticoncepcion, prevencion de its y de cancer de cuello uterino",numero de ciclos entregados,2015-02-01,3,0,18,6,0,27
POJO (CBBA),"anticoncepcion, prevencion de its y de cancer de cuello uterino",numero de ciclos entregados,2015-02-01,0,3,7,7,0,17
POOPO,"anticoncepcion, prevencion de its y de cancer de cuello uterino",numero de ciclos entregados,2015-02-01,0,0,3,0,0,3
PORCO,"anticoncepcion, prevencion de its y de cancer de cuello uterino",numero de ciclos entregados,2015-02-01,0,0,27,0,0,27
POROMA,"anticoncepcion, prevencion de its y de cancer de cuello uterino",numero de ciclos entregados,2015-02-01,0,0,12,11,0,23
PORONGO,"anticoncepcion, prevencion de its y de cancer de cuello uterino",numero de ciclos entregados,2015-02-01,0,9,63,36,0,108
PORTACHUELO,"anticoncepcion, prevencion de its y de cancer de cuello uterino",numero de ciclos entregados,2015-02-01,0,27,63,57,0,147
PORVENIR,"anticoncepcion, prevencion de its y de cancer de cuello uterino",numero de ciclos entregados,2015-02-01,3,3,36,3,0,45
POSTRER VALLE,"anticoncepcion, prevencion de its y de cancer de cuello uterino",numero de ciclos entregados,2015-02-01,0,3,12,0,0,15
POTOSI,"anticoncepcion, prevencion de its y de cancer de cuello uterino",numero de ciclos entregados,2015-02-01,0,20,219,31,0,270
PRESTO,"anticoncepcion, prevencion de its y de cancer de cuello uterino",numero de ciclos entregados,2015-02-01,0,0,13,9,0,22
PUCARA,"anticoncepcion, prevencion de its y de cancer de cuello uterino",numero de ciclos entregados,2015-02-01,0,0,3,0,0,3
PUCARANI,"anticoncepcion, prevencion de its y de cancer de cuello uterino",numero de ciclos entregados,2015-02-01,0,0,6,0,0,6
PUERTO CARABUCO,"anticoncepcion, prevencion de its y de cancer de cuello uterino",numero de ciclos entregados,2015-02-01,0,0,0,6,0,6
PUERTO GONZALO MORENO,"anticoncepcion, prevencion de its y de cancer de cuello uterino",numero de ciclos entregados,2015-02-01,0,3,12,6,0,21
PUERTO PEREZ,"anticoncepcion, prevencion de its y de cancer de cuello uterino",numero de ciclos entregados,2015-02-01,0,0,6,0,0,6
PUERTO QUIJARRO,"anticoncepcion, prevencion de its y de cancer de cuello uterino",numero de ciclos entregados,2015-02-01,0,0,10,1,0,11
PUERTO RICO,"anticoncepcion, prevencion de its y de cancer de cuello uterino",numero de ciclos entregados,2015-02-01,3,6,24,12,0,45
PUERTO SILES,"anticoncepcion, prevencion de its y de cancer de cuello uterino",numero de ciclos entregados,2015-02-01,0,3,4,1,0,8
PUERTO SUAREZ,"anticoncepcion, prevencion de its y de cancer de cuello uterino",numero de ciclos entregados,2015-02-01,0,0,0,3,0,3
PUERTO VILLARROEL,"anticoncepcion, prevencion de its y de cancer de cuello uterino",numero de ciclos entregados,2015-02-01,0,1,30,19,0,50
PUNA,"anticoncepcion, prevencion de its y de cancer de cuello uterino",numero de ciclos entregados,2015-02-01,0,0,21,6,0,27
PUNATA,"anticoncepcion, prevencion de its y de cancer de cuello uterino",numero de ciclos entregados,2015-02-01,0,0,27,3,0,30
QUIABAYA,"anticoncepcion, prevencion de its y de cancer de cuello uterino",numero de ciclos entregados,2015-02-01,0,0,0,3,0,3
QUILLACOLLO,"anticoncepcion, prevencion de its y de cancer de cuello uterino",numero de ciclos entregados,2015-02-01,0,12,48,13,0,73
QUIME,"anticoncepcion, prevencion de its y de cancer de cuello uterino",numero de ciclos entregados,2015-02-01,0,3,27,12,0,42
QUIRUSILLAS,"anticoncepcion, prevencion de its y de cancer de cuello uterino",numero de ciclos entregados,2015-02-01,0,0,6,3,0,9
RAVELO,"anticoncepcion, prevencion de its y de cancer de cuello uterino",numero de ciclos entregados,2015-02-01,0,0,3,6,0,9
REYES,"anticoncepcion, prevencion de its y de cancer de cuello uterino",numero de ciclos entregados,2015-02-01,0,12,51,12,0,75
RIBERALTA,"anticoncepcion, prevencion de its y de cancer de cuello uterino",numero de ciclos entregados,2015-02-01,0,25,132,17,0,174
ROBORE,"anticoncepcion, prevencion de its y de cancer de cuello uterino",numero de ciclos entregados,2015-02-01,0,3,48,39,0,90
RURRENABAQUE,"anticoncepcion, prevencion de its y de cancer de cuello uterino",numero de ciclos entregados,2015-02-01,0,5,36,19,0,60
SABAYA,"anticoncepcion, prevencion de its y de cancer de cuello uterino",numero de ciclos entregados,2015-02-01,0,0,1,0,0,1
SACABA,"anticoncepcion, prevencion de its y de cancer de cuello uterino",numero de ciclos entregados,2015-02-01,0,12,60,13,0,85
SACACA,"anticoncepcion, prevencion de its y de cancer de cuello uterino",numero de ciclos entregados,2015-02-01,0,0,0,6,0,6
SALINAS DE GARCI MENDOZA,"anticoncepcion, prevencion de its y de cancer de cuello uterino",numero de ciclos entregados,2015-02-01,0,0,12,2,0,14
SAMAIPATA,"anticoncepcion, prevencion de its y de cancer de cuello uterino",numero de ciclos entregados,2015-02-01,0,3,15,18,0,36
SAN ANDRES,"anticoncepcion, prevencion de its y de cancer de cuello uterino",numero de ciclos entregados,2015-02-01,0,3,41,5,0,49
SAN ANTONIO DE LOMERIO,"anticoncepcion, prevencion de its y de cancer de cuello uterino",numero de ciclos entregados,2015-02-01,0,3,36,21,0,60
SAN BENITO,"anticoncepcion, prevencion de its y de cancer de cuello uterino",numero de ciclos entregados,2015-02-01,0,0,3,0,0,3
SAN BORJA,"anticoncepcion, prevencion de its y de cancer de cuello uterino",numero de ciclos entregados,2015-02-01,9,28,145,75,0,257
SAN BUENA VENTURA,"anticoncepcion, prevencion de its y de cancer de cuello uterino",numero de ciclos entregados,2015-02-01,0,6,30,0,0,36
SAN CARLOS,"anticoncepcion, prevencion de its y de cancer de cuello uterino",numero de ciclos entregados,2015-02-01,0,24,66,15,0,105
SAN IGNACIO,"anticoncepcion, prevencion de its y de cancer de cuello uterino",numero de ciclos entregados,2015-02-01,4,17,178,68,0,267
SAN IGNACIO DE VELASCO,"anticoncepcion, prevencion de its y de cancer de cuello uterino",numero de ciclos entregados,2015-02-01,4,21,147,67,0,239
SAN JAVIER(BNI),"anticoncepcion, prevencion de its y de cancer de cuello uterino",numero de ciclos entregados,2015-02-01,0,0,6,0,0,6
SAN JAVIER(STC),"anticoncepcion, prevencion de its y de cancer de cuello uterino",numero de ciclos entregados,2015-02-01,0,3,45,24,0,72
SAN JOSE DE CHIQUITOS,"anticoncepcion, prevencion de its y de cancer de cuello uterino",numero de ciclos entregados,2015-02-01,0,0,18,6,0,24
SAN JULIAN,"anticoncepcion, prevencion de its y de cancer de cuello uterino",numero de ciclos entregados,2015-02-01,6,18,71,16,3,114
SAN LORENZO(PND),"anticoncepcion, prevencion de its y de cancer de cuello uterino",numero de ciclos entregados,2015-02-01,0,3,9,3,0,15
SAN LORENZO(TJA),"anticoncepcion, prevencion de its y de cancer de cuello uterino",numero de ciclos entregados,2015-02-01,0,6,66,8,0,80
SAN LUCAS,"anticoncepcion, prevencion de its y de cancer de cuello uterino",numero de ciclos entregados,2015-02-01,0,0,15,11,0,26
SAN MATIAS,"anticoncepcion, prevencion de its y de cancer de cuello uterino",numero de ciclos entregados,2015-02-01,0,3,48,16,0,67
SAN MIGUEL DE VELASCO,"anticoncepcion, prevencion de its y de cancer de cuello uterino",numero de ciclos entregados,2015-02-01,0,6,51,39,0,96
SAN PEDRO,"anticoncepcion, prevencion de its y de cancer de cuello uterino",numero de ciclos entregados,2015-02-01,0,4,26,5,0,35
SAN PEDRO DE BUENA VISTA,"anticoncepcion, prevencion de its y de cancer de cuello uterino",numero de ciclos entregados,2015-02-01,0,0,13,19,0,32
SAN PEDRO DE CURAHUARA,"anticoncepcion, prevencion de its y de cancer de cuello uterino",numero de ciclos entregados,2015-02-01,0,3,18,12,0,33
SAN PEDRO DE QUEMES,"anticoncepcion, prevencion de its y de cancer de cuello uterino",numero de ciclos entregados,2015-02-01,0,0,3,3,0,6
SAN PEDRO DE TIQUINA,"anticoncepcion, prevencion de its y de cancer de cuello uterino",numero de ciclos entregados,2015-02-01,0,0,3,0,0,3
SAN RAFAEL,"anticoncepcion, prevencion de its y de cancer de cuello uterino",numero de ciclos entregados,2015-02-01,3,9,60,33,0,105
SAN RAMON BENI,"anticoncepcion, prevencion de its y de cancer de cuello uterino",numero de ciclos entregados,2015-02-01,0,6,42,9,0,57
SANTA ANA,"anticoncepcion, prevencion de its y de cancer de cuello uterino",numero de ciclos entregados,2015-02-01,0,6,79,30,0,115
SANTA CRUZ DE LA SIERRA,"anticoncepcion, prevencion de its y de cancer de cuello uterino",numero de ciclos entregados,2015-02-01,3,127,581,161,0,872
SANTA ROSA,"anticoncepcion, prevencion de its y de cancer de cuello uterino",numero de ciclos entregados,2015-02-01,0,0,3,3,0,6
SANTA ROSA DEL SARA,"anticoncepcion, prevencion de its y de cancer de cuello uterino",numero de ciclos entregados,2015-02-01,0,12,87,18,0,117
SANTIAGO DE HUARI,"anticoncepcion, prevencion de its y de cancer de cuello uterino",numero de ciclos entregados,2015-02-01,0,0,3,3,0,6
SANTIAGO DE HUATA,"anticoncepcion, prevencion de its y de cancer de cuello uterino",numero de ciclos entregados,2015-02-01,0,1,0,1,0,2
SANTIAGO DE MACHACA,"anticoncepcion, prevencion de its y de cancer de cuello uterino",numero de ciclos entregados,2015-02-01,0,0,3,0,0,3
SANTIVAÑES,"anticoncepcion, prevencion de its y de cancer de cuello uterino",numero de ciclos entregados,2015-02-01,0,0,4,6,0,10
SANTUARIO DE QUILLACAS,"anticoncepcion, prevencion de its y de cancer de cuello uterino",numero de ciclos entregados,2015-02-01,0,0,4,0,0,4
SAPAHAQUI,"anticoncepcion, prevencion de its y de cancer de cuello uterino",numero de ciclos entregados,2015-02-01,0,6,18,3,0,27
SENA,"anticoncepcion, prevencion de its y de cancer de cuello uterino",numero de ciclos entregados,2015-02-01,0,0,6,3,0,9
SHINAOTA,"anticoncepcion, prevencion de its y de cancer de cuello uterino",numero de ciclos entregados,2015-02-01,0,0,1,1,0,2
SICA SICA (VILLA AROMA),"anticoncepcion, prevencion de its y de cancer de cuello uterino",numero de ciclos entregados,2015-02-01,0,18,15,3,0,36
SICAYA,"anticoncepcion, prevencion de its y de cancer de cuello uterino",numero de ciclos entregados,2015-02-01,0,0,6,3,0,9
SIPE SIPE,"anticoncepcion, prevencion de its y de cancer de cuello uterino",numero de ciclos entregados,2015-02-01,0,2,27,6,3,38
SOPACHUY,"anticoncepcion, prevencion de its y de cancer de cuello uterino",numero de ciclos entregados,2015-02-01,0,3,18,9,0,30
SORACACHI,"anticoncepcion, prevencion de its y de cancer de cuello uterino",numero de ciclos entregados,2015-02-01,0,0,0,3,0,3
SORATA,"anticoncepcion, prevencion de its y de cancer de cuello uterino",numero de ciclos entregados,2015-02-01,0,3,19,3,0,25
SUCRE,"anticoncepcion, prevencion de its y de cancer de cuello uterino",numero de ciclos entregados,2015-02-01,0,49,355,69,0,473
TACACOMA,"anticoncepcion, prevencion de its y de cancer de cuello uterino",numero de ciclos entregados,2015-02-01,0,0,15,3,0,18
TACOPAYA,"anticoncepcion, prevencion de its y de cancer de cuello uterino",numero de ciclos entregados,2015-02-01,0,0,0,3,0,3
TAHUA,"anticoncepcion, prevencion de its y de cancer de cuello uterino",numero de ciclos entregados,2015-02-01,0,3,9,6,0,18
TARABUCO,"anticoncepcion, prevencion de its y de cancer de cuello uterino",numero de ciclos entregados,2015-02-01,0,0,0,3,0,3
TARACO,"anticoncepcion, prevencion de its y de cancer de cuello uterino",numero de ciclos entregados,2015-02-01,0,3,3,6,0,12
TARATA,"anticoncepcion, prevencion de its y de cancer de cuello uterino",numero de ciclos entregados,2015-02-01,0,0,6,0,0,6
TARIJA,"anticoncepcion, prevencion de its y de cancer de cuello uterino",numero de ciclos entregados,2015-02-01,0,25,181,63,3,272
TARVITA,"anticoncepcion, prevencion de its y de cancer de cuello uterino",numero de ciclos entregados,2015-02-01,0,12,9,4,0,25
TEOPONTE,"anticoncepcion, prevencion de its y de cancer de cuello uterino",numero de ciclos entregados,2015-02-01,0,3,6,0,0,9
TIAWANACU,"anticoncepcion, prevencion de its y de cancer de cuello uterino",numero de ciclos entregados,2015-02-01,0,6,45,6,0,57
TIPUANI,"anticoncepcion, prevencion de its y de cancer de cuello uterino",numero de ciclos entregados,2015-02-01,0,0,21,9,0,30
TIQUIPAYA,"anticoncepcion, prevencion de its y de cancer de cuello uterino",numero de ciclos entregados,2015-02-01,0,7,44,10,0,61
TIRAQUE (CBBA),"anticoncepcion, prevencion de its y de cancer de cuello uterino",numero de ciclos entregados,2015-02-01,0,0,12,0,0,12
TOCO,"anticoncepcion, prevencion de its y de cancer de cuello uterino",numero de ciclos entregados,2015-02-01,0,3,3,0,0,6
TOLATA,"anticoncepcion, prevencion de its y de cancer de cuello uterino",numero de ciclos entregados,2015-02-01,0,0,3,3,0,6
TOLEDO,"anticoncepcion, prevencion de its y de cancer de cuello uterino",numero de ciclos entregados,2015-02-01,0,0,4,0,0,4
TOMAVE,"anticoncepcion, prevencion de its y de cancer de cuello uterino",numero de ciclos entregados,2015-02-01,0,0,0,6,0,6
TOMINA,"anticoncepcion, prevencion de its y de cancer de cuello uterino",numero de ciclos entregados,2015-02-01,0,9,9,1,0,19
TORO TORO,"anticoncepcion, prevencion de its y de cancer de cuello uterino",numero de ciclos entregados,2015-02-01,0,0,31,1,0,32
TOTORA(ORR),"anticoncepcion, prevencion de its y de cancer de cuello uterino",numero de ciclos entregados,2015-02-01,0,3,5,0,0,8
TRIGAL,"anticoncepcion, prevencion de its y de cancer de cuello uterino",numero de ciclos entregados,2015-02-01,0,3,12,0,0,15
TRINIDAD,"anticoncepcion, prevencion de its y de cancer de cuello uterino",numero de ciclos entregados,2015-02-01,0,28,77,20,0,125
TUPIZA,"anticoncepcion, prevencion de its y de cancer de cuello uterino",numero de ciclos entregados,2015-02-01,0,0,45,6,0,51
TURCO,"anticoncepcion, prevencion de its y de cancer de cuello uterino",numero de ciclos entregados,2015-02-01,0,1,3,0,0,4
UNCIA,"anticoncepcion, prevencion de its y de cancer de cuello uterino",numero de ciclos entregados,2015-02-01,0,3,18,0,0,21
URIONDO (A. CONCEPCION),"anticoncepcion, prevencion de its y de cancer de cuello uterino",numero de ciclos entregados,2015-02-01,0,7,17,19,3,46
UYUNI,"anticoncepcion, prevencion de its y de cancer de cuello uterino",numero de ciclos entregados,2015-02-01,0,0,15,9,0,24
VALLEGRANDE,"anticoncepcion, prevencion de its y de cancer de cuello uterino",numero de ciclos entregados,2015-02-01,0,6,15,3,0,24
VIACHA,"anticoncepcion, prevencion de its y de cancer de cuello uterino",numero de ciclos entregados,2015-02-01,0,3,31,7,0,41
VILLA CHARCAS,"anticoncepcion, prevencion de its y de cancer de cuello uterino",numero de ciclos entregados,2015-02-01,0,12,33,6,0,51
VILLA MONTES,"anticoncepcion, prevencion de its y de cancer de cuello uterino",numero de ciclos entregados,2015-02-01,0,21,43,14,0,78
VILLA NUEVA (LOMA ALTA),"anticoncepcion, prevencion de its y de cancer de cuello uterino",numero de ciclos entregados,2015-02-01,0,0,12,0,0,12
VILLA RIVERO,"anticoncepcion, prevencion de its y de cancer de cuello uterino",numero de ciclos entregados,2015-02-01,0,3,3,0,0,6
VILLA SERRANO,"anticoncepcion, prevencion de its y de cancer de cuello uterino",numero de ciclos entregados,2015-02-01,0,6,9,3,0,18
VILLA TUNARI,"anticoncepcion, prevencion de its y de cancer de cuello uterino",numero de ciclos entregados,2015-02-01,0,16,68,25,0,109
VILLA VACA GUZMAN (MUYUPAMPA),"anticoncepcion, prevencion de its y de cancer de cuello uterino",numero de ciclos entregados,2015-02-01,0,3,27,8,0,38
VILLAZON,"anticoncepcion, prevencion de its y de cancer de cuello uterino",numero de ciclos entregados,2015-02-01,0,6,63,18,0,87
VINTO,"anticoncepcion, prevencion de its y de cancer de cuello uterino",numero de ciclos entregados,2015-02-01,0,3,4,5,0,12
VITICHI,"anticoncepcion, prevencion de its y de cancer de cuello uterino",numero de ciclos entregados,2015-02-01,0,0,3,3,0,6
WALDO BALLIVIAN,"anticoncepcion, prevencion de its y de cancer de cuello uterino",numero de ciclos entregados,2015-02-01,0,0,6,3,0,9
WARNES,"anticoncepcion, prevencion de its y de cancer de cuello uterino",numero de ciclos entregados,2015-02-01,0,43,196,36,0,275
YACO,"anticoncepcion, prevencion de its y de cancer de cuello uterino",numero de ciclos entregados,2015-02-01,0,0,6,0,0,6
YACUIBA,"anticoncepcion, prevencion de its y de cancer de cuello uterino",numero de ciclos entregados,2015-02-01,0,7,52,30,0,89
YAMPARAEZ,"anticoncepcion, prevencion de its y de cancer de cuello uterino",numero de ciclos entregados,2015-02-01,0,0,1,0,0,1
YANACACHI,"anticoncepcion, prevencion de its y de cancer de cuello uterino",numero de ciclos entregados,2015-02-01,0,3,15,0,0,18
YAPACANI,"anticoncepcion, prevencion de its y de cancer de cuello uterino",numero de ciclos entregados,2015-02-01,0,12,33,9,1,55
YOCALLA,"anticoncepcion, prevencion de its y de cancer de cuello uterino",numero de ciclos entregados,2015-02-01,0,0,6,0,0,6
YOTALA,"anticoncepcion, prevencion de its y de cancer de cuello uterino",numero de ciclos entregados,2015-02-01,0,0,3,0,0,3
YUNCHARA,"anticoncepcion, prevencion de its y de cancer de cuello uterino",numero de ciclos entregados,2015-02-01,0,0,15,9,0,24
ZUDAÑEZ,"anticoncepcion, prevencion de its y de cancer de cuello uterino",numero de ciclos entregados,2015-02-01,0,3,21,6,3,33
ACACIO,"anticoncepcion, prevencion de its y de cancer de cuello uterino",numero de ciclos entregados,2015-03-01,0,0,0,1,0,1
ACHACACHI,"anticoncepcion, prevencion de its y de cancer de cuello uterino",numero de ciclos entregados,2015-03-01,0,1,12,3,0,16
ACHOCALLA,"anticoncepcion, prevencion de its y de cancer de cuello uterino",numero de ciclos entregados,2015-03-01,0,3,12,6,0,21
AIQUILE,"anticoncepcion, prevencion de its y de cancer de cuello uterino",numero de ciclos entregados,2015-03-01,0,15,15,3,0,33
ALCALA,"anticoncepcion, prevencion de its y de cancer de cuello uterino",numero de ciclos entregados,2015-03-01,0,3,21,6,0,30
ALTO BENI,"anticoncepcion, prevencion de its y de cancer de cuello uterino",numero de ciclos entregados,2015-03-01,0,6,28,0,0,34
ANCORAIMES,"anticoncepcion, prevencion de its y de cancer de cuello uterino",numero de ciclos entregados,2015-03-01,0,0,12,0,0,12
ANDAMARCA,"anticoncepcion, prevencion de its y de cancer de cuello uterino",numero de ciclos entregados,2015-03-01,0,1,0,0,0,1
ANTEQUERA,"anticoncepcion, prevencion de its y de cancer de cuello uterino",numero de ciclos entregados,2015-03-01,0,0,6,3,0,9
APOLO,"anticoncepcion, prevencion de its y de cancer de cuello uterino",numero de ciclos entregados,2015-03-01,0,0,19,0,0,19
ARAMPAMPA,"anticoncepcion, prevencion de its y de cancer de cuello uterino",numero de ciclos entregados,2015-03-01,0,3,0,0,0,3
ARANI,"anticoncepcion, prevencion de its y de cancer de cuello uterino",numero de ciclos entregados,2015-03-01,0,0,3,0,0,3
ARBIETO,"anticoncepcion, prevencion de its y de cancer de cuello uterino",numero de ciclos entregados,2015-03-01,0,3,12,10,0,25
ARQUE,"anticoncepcion, prevencion de its y de cancer de cuello uterino",numero de ciclos entregados,2015-03-01,0,3,1,1,0,5
ASCENCION DE GUARAYOS,"anticoncepcion, prevencion de its y de cancer de cuello uterino",numero de ciclos entregados,2015-03-01,0,15,63,6,0,84
ATOCHA,"anticoncepcion, prevencion de its y de cancer de cuello uterino",numero de ciclos entregados,2015-03-01,0,0,12,0,0,12
AUCAPATA,"anticoncepcion, prevencion de its y de cancer de cuello uterino",numero de ciclos entregados,2015-03-01,0,0,6,3,0,9
AYATA,"anticoncepcion, prevencion de its y de cancer de cuello uterino",numero de ciclos entregados,2015-03-01,0,0,12,6,0,18
AYOPAYA (V. DE INDEPENDENCIA),"anticoncepcion, prevencion de its y de cancer de cuello uterino",numero de ciclos entregados,2015-03-01,0,0,37,18,0,55
AZURDUY,"anticoncepcion, prevencion de its y de cancer de cuello uterino",numero de ciclos entregados,2015-03-01,0,3,9,0,0,12
BATALLAS,"anticoncepcion, prevencion de its y de cancer de cuello uterino",numero de ciclos entregados,2015-03-01,0,0,12,6,0,18
BAURES,"anticoncepcion, prevencion de its y de cancer de cuello uterino",numero de ciclos entregados,2015-03-01,0,0,17,7,0,24
BELLA FLOR,"anticoncepcion, prevencion de its y de cancer de cuello uterino",numero de ciclos entregados,2015-03-01,0,12,30,6,0,48
BERMEJO,"anticoncepcion, prevencion de its y de cancer de cuello uterino",numero de ciclos entregados,2015-03-01,0,3,60,17,0,80
BETANZOS,"anticoncepcion, prevencion de its y de cancer de cuello uterino",numero de ciclos entregados,2015-03-01,0,3,6,0,0,9
BOLIVAR,"anticoncepcion, prevencion de its y de cancer de cuello uterino",numero de ciclos entregados,2015-03-01,0,0,30,0,0,30
BOYUIBE,"anticoncepcion, prevencion de its y de cancer de cuello uterino",numero de ciclos entregados,2015-03-01,0,0,3,0,0,3
BUENA VISTA,"anticoncepcion, prevencion de its y de cancer de cuello uterino",numero de ciclos entregados,2015-03-01,0,21,71,26,0,118
CABEZAS,"anticoncepcion, prevencion de its y de cancer de cuello uterino",numero de ciclos entregados,2015-03-01,3,27,120,91,0,241
CAIROMA,"anticoncepcion, prevencion de its y de cancer de cuello uterino",numero de ciclos entregados,2015-03-01,0,0,0,6,0,6
"CAIZA ""D""","anticoncepcion, prevencion de its y de cancer de cuello uterino",numero de ciclos entregados,2015-03-01,0,0,15,6,0,21
CAJUATA,"anticoncepcion, prevencion de its y de cancer de cuello uterino",numero de ciclos entregados,2015-03-01,0,0,15,0,0,15
CALACOTO,"anticoncepcion, prevencion de its y de cancer de cuello uterino",numero de ciclos entregados,2015-03-01,0,3,0,0,0,3
CALAMARCA,"anticoncepcion, prevencion de its y de cancer de cuello uterino",numero de ciclos entregados,2015-03-01,0,0,0,3,0,3
CAMARGO,"anticoncepcion, prevencion de its y de cancer de cuello uterino",numero de ciclos entregados,2015-03-01,0,9,12,6,0,27
CAMATAQUI (C. VILLA ABECIA),"anticoncepcion, prevencion de its y de cancer de cuello uterino",numero de ciclos entregados,2015-03-01,0,0,0,3,0,3
CAMIRI,"anticoncepcion, prevencion de its y de cancer de cuello uterino",numero de ciclos entregados,2015-03-01,0,3,28,15,0,46
CAPINOTA,"anticoncepcion, prevencion de its y de cancer de cuello uterino",numero de ciclos entregados,2015-03-01,0,3,18,3,0,24
CARACOLLO,"anticoncepcion, prevencion de its y de cancer de cuello uterino",numero de ciclos entregados,2015-03-01,0,3,18,4,0,25
CARANAVI,"anticoncepcion, prevencion de its y de cancer de cuello uterino",numero de ciclos entregados,2015-03-01,0,6,42,9,0,57
CARAPARI,"anticoncepcion, prevencion de its y de cancer de cuello uterino",numero de ciclos entregados,2015-03-01,0,3,84,18,0,105
CARIPUYO,"anticoncepcion, prevencion de its y de cancer de cuello uterino",numero de ciclos entregados,2015-03-01,0,3,9,3,0,15
CARMEN RIVERO TORREZ,"anticoncepcion, prevencion de its y de cancer de cuello uterino",numero de ciclos entregados,2015-03-01,0,0,24,6,0,30
CATACORA,"anticoncepcion, prevencion de its y de cancer de cuello uterino",numero de ciclos entregados,2015-03-01,0,3,6,0,0,9
CHALLAPATA,"anticoncepcion, prevencion de its y de cancer de cuello uterino",numero de ciclos entregados,2015-03-01,0,3,11,0,0,14
CHAQUI,"anticoncepcion, prevencion de its y de cancer de cuello uterino",numero de ciclos entregados,2015-03-01,0,0,30,3,0,33
CHARAGUA,"anticoncepcion, prevencion de its y de cancer de cuello uterino",numero de ciclos entregados,2015-03-01,0,9,69,30,0,108
CHAYANTA,"anticoncepcion, prevencion de its y de cancer de cuello uterino",numero de ciclos entregados,2015-03-01,0,0,6,0,0,6
CHIMORE,"anticoncepcion, prevencion de its y de cancer de cuello uterino",numero de ciclos entregados,2015-03-01,0,7,45,17,0,69
CHIPAYA,"anticoncepcion, prevencion de its y de cancer de cuello uterino",numero de ciclos entregados,2015-03-01,0,0,1,0,0,1
CHUA COCANI,"anticoncepcion, prevencion de its y de cancer de cuello uterino",numero de ciclos entregados,2015-03-01,0,0,2,1,0,3
CHULUMANI (V. DE LA LIBERTAD),"anticoncepcion, prevencion de its y de cancer de cuello uterino",numero de ciclos entregados,2015-03-01,0,3,12,3,0,18
CHUMA,"anticoncepcion, prevencion de its y de cancer de cuello uterino",numero de ciclos entregados,2015-03-01,0,0,3,15,0,18
CHUQUIHUTA AYLLU JUCUMANI,"anticoncepcion, prevencion de its y de cancer de cuello uterino",numero de ciclos entregados,2015-03-01,0,0,0,6,0,6
CLIZA,"anticoncepcion, prevencion de its y de cancer de cuello uterino",numero de ciclos entregados,2015-03-01,0,28,44,3,0,75
COBIJA,"anticoncepcion, prevencion de its y de cancer de cuello uterino",numero de ciclos entregados,2015-03-01,1,30,78,29,0,138
COCAPATA,"anticoncepcion, prevencion de its y de cancer de cuello uterino",numero de ciclos entregados,2015-03-01,0,0,15,3,0,18
COCHABAMBA,"anticoncepcion, prevencion de its y de cancer de cuello uterino",numero de ciclos entregados,2015-03-01,1,50,397,51,0,499
COIPASA,"anticoncepcion, prevencion de its y de cancer de cuello uterino",numero de ciclos entregados,2015-03-01,0,0,7,0,0,7
COLCAPIRHUA,"anticoncepcion, prevencion de its y de cancer de cuello uterino",numero de ciclos entregados,2015-03-01,0,9,39,3,0,51
"COLCHA ""K""","anticoncepcion, prevencion de its y de cancer de cuello uterino",numero de ciclos entregados,2015-03-01,0,3,9,10,0,22
COLLANA,"anticoncepcion, prevencion de its y de cancer de cuello uterino",numero de ciclos entregados,2015-03-01,0,3,0,0,0,3
COLOMI,"anticoncepcion, prevencion de its y de cancer de cuello uterino",numero de ciclos entregados,2015-03-01,0,6,15,6,0,27
COLPA BELGICA,"anticoncepcion, prevencion de its y de cancer de cuello uterino",numero de ciclos entregados,2015-03-01,0,3,30,18,0,51
COLQUECHACA,"anticoncepcion, prevencion de its y de cancer de cuello uterino",numero de ciclos entregados,2015-03-01,0,3,6,9,0,18
COLQUENCHA,"anticoncepcion, prevencion de its y de cancer de cuello uterino",numero de ciclos entregados,2015-03-01,0,0,6,9,3,18
COLQUIRI,"anticoncepcion, prevencion de its y de cancer de cuello uterino",numero de ciclos entregados,2015-03-01,0,3,5,0,0,8
COMANCHE,"anticoncepcion, prevencion de its y de cancer de cuello uterino",numero de ciclos entregados,2015-03-01,0,0,3,0,0,3
COMARAPA,"anticoncepcion, prevencion de its y de cancer de cuello uterino",numero de ciclos entregados,2015-03-01,0,3,30,6,0,39
CONCEPCION,"anticoncepcion, prevencion de its y de cancer de cuello uterino",numero de ciclos entregados,2015-03-01,0,0,33,3,0,36
COPACABANA,"anticoncepcion, prevencion de its y de cancer de cuello uterino",numero de ciclos entregados,2015-03-01,0,0,6,3,0,9
CORIPATA,"anticoncepcion, prevencion de its y de cancer de cuello uterino",numero de ciclos entregados,2015-03-01,0,0,3,0,0,3
CORO CORO,"anticoncepcion, prevencion de its y de cancer de cuello uterino",numero de ciclos entregados,2015-03-01,0,3,0,0,0,3
COROICO,"anticoncepcion, prevencion de its y de cancer de cuello uterino",numero de ciclos entregados,2015-03-01,0,0,3,3,0,6
CORQUE,"anticoncepcion, prevencion de its y de cancer de cuello uterino",numero de ciclos entregados,2015-03-01,0,0,0,6,0,6
COTAGAITA,"anticoncepcion, prevencion de its y de cancer de cuello uterino",numero de ciclos entregados,2015-03-01,0,3,27,16,0,46
COTOCA,"anticoncepcion, prevencion de its y de cancer de cuello uterino",numero de ciclos entregados,2015-03-01,3,15,120,12,0,150
CUATRO CAÑADAS,"anticoncepcion, prevencion de its y de cancer de cuello uterino",numero de ciclos entregados,2015-03-01,0,3,39,3,0,45
CUCHUMUELA (V. G. VILLARROEL),"anticoncepcion, prevencion de its y de cancer de cuello uterino",numero de ciclos entregados,2015-03-01,0,3,15,0,0,18
CUEVO,"anticoncepcion, prevencion de its y de cancer de cuello uterino",numero de ciclos entregados,2015-03-01,1,3,9,0,0,13
CULPINA,"anticoncepcion, prevencion de its y de cancer de cuello uterino",numero de ciclos entregados,2015-03-01,0,3,12,6,3,24
CURAHUARA DE CARANGAS,"anticoncepcion, prevencion de its y de cancer de cuello uterino",numero de ciclos entregados,2015-03-01,0,0,7,4,0,11
EL ALTO,"anticoncepcion, prevencion de its y de cancer de cuello uterino",numero de ciclos entregados,2015-03-01,0,81,840,195,0,1116
EL CHORO,"anticoncepcion, prevencion de its y de cancer de cuello uterino",numero de ciclos entregados,2015-03-01,0,0,4,0,0,4
EL PUENTE(STC),"anticoncepcion, prevencion de its y de cancer de cuello uterino",numero de ciclos entregados,2015-03-01,0,18,12,9,0,39
EL PUENTE(TJA),"anticoncepcion, prevencion de its y de cancer de cuello uterino",numero de ciclos entregados,2015-03-01,0,3,21,9,0,33
EL TORNO,"anticoncepcion, prevencion de its y de cancer de cuello uterino",numero de ciclos entregados,2015-03-01,18,36,105,57,0,216
EL VILLAR,"anticoncepcion, prevencion de its y de cancer de cuello uterino",numero de ciclos entregados,2015-03-01,0,9,18,7,3,37
ENTRE RIOS TRJ,"anticoncepcion, prevencion de its y de cancer de cuello uterino",numero de ciclos entregados,2015-03-01,0,22,59,19,1,101
ENTRE RIOS CBBA,"anticoncepcion, prevencion de its y de cancer de cuello uterino",numero de ciclos entregados,2015-03-01,0,1,46,6,0,53
ESCARA,"anticoncepcion, prevencion de its y de cancer de cuello uterino",numero de ciclos entregados,2015-03-01,0,3,0,1,0,4
ESCOMA,"anticoncepcion, prevencion de its y de cancer de cuello uterino",numero de ciclos entregados,2015-03-01,0,18,0,0,0,18
EUCALIPTUS,"anticoncepcion, prevencion de its y de cancer de cuello uterino",numero de ciclos entregados,2015-03-01,0,0,4,0,0,4
EUREKA (SANTOS MERCADO),"anticoncepcion, prevencion de its y de cancer de cuello uterino",numero de ciclos entregados,2015-03-01,0,0,9,0,0,9
EXALTACION,"anticoncepcion, prevencion de its y de cancer de cuello uterino",numero de ciclos entregados,2015-03-01,0,3,0,0,0,3
FERNANDEZ ALONSO,"anticoncepcion, prevencion de its y de cancer de cuello uterino",numero de ciclos entregados,2015-03-01,0,6,39,6,0,51
FILADELFIA,"anticoncepcion, prevencion de its y de cancer de cuello uterino",numero de ciclos entregados,2015-03-01,3,9,54,9,0,75
GENERAL SAAVEDRA,"anticoncepcion, prevencion de its y de cancer de cuello uterino",numero de ciclos entregados,2015-03-01,3,4,46,21,0,74
GRAL. J.J. PEREZ (CHARAZANI),"anticoncepcion, prevencion de its y de cancer de cuello uterino",numero de ciclos entregados,2015-03-01,0,0,3,0,0,3
GUANAY,"anticoncepcion, prevencion de its y de cancer de cuello uterino",numero de ciclos entregados,2015-03-01,0,0,3,0,0,3
GUAQUI,"anticoncepcion, prevencion de its y de cancer de cuello uterino",numero de ciclos entregados,2015-03-01,0,3,6,3,0,12
GUAYARAMERIN,"anticoncepcion, prevencion de its y de cancer de cuello uterino",numero de ciclos entregados,2015-03-01,0,6,6,0,0,12
GUTIERREZ,"anticoncepcion, prevencion de its y de cancer de cuello uterino",numero de ciclos entregados,2015-03-01,0,6,6,9,0,21
HUACARETA,"anticoncepcion, prevencion de its y de cancer de cuello uterino",numero de ciclos entregados,2015-03-01,0,6,6,9,3,24
HUACHACALLA,"anticoncepcion, prevencion de its y de cancer de cuello uterino",numero de ciclos entregados,2015-03-01,0,0,3,0,0,3
HUANUNI,"anticoncepcion, prevencion de its y de cancer de cuello uterino",numero de ciclos entregados,2015-03-01,0,0,7,0,0,7
HUARACAJE,"anticoncepcion, prevencion de its y de cancer de cuello uterino",numero de ciclos entregados,2015-03-01,0,8,38,10,0,56
HUMANATA,"anticoncepcion, prevencion de its y de cancer de cuello uterino",numero de ciclos entregados,2015-03-01,0,0,0,4,0,4
ICLA,"anticoncepcion, prevencion de its y de cancer de cuello uterino",numero de ciclos entregados,2015-03-01,0,0,21,13,0,34
INCAHUASI,"anticoncepcion, prevencion de its y de cancer de cuello uterino",numero de ciclos entregados,2015-03-01,0,10,6,3,0,19
INQUISIVI,"anticoncepcion, prevencion de its y de cancer de cuello uterino",numero de ciclos entregados,2015-03-01,0,1,6,3,0,10
IRUPANA (VILLA DE LANZA),"anticoncepcion, prevencion de its y de cancer de cuello uterino",numero de ciclos entregados,2015-03-01,0,3,21,12,0,36
IXIAMAS,"anticoncepcion, prevencion de its y de cancer de cuello uterino",numero de ciclos entregados,2015-03-01,0,6,42,9,0,57
JESUS DE MACHACA,"anticoncepcion, prevencion de its y de cancer de cuello uterino",numero de ciclos entregados,2015-03-01,0,3,6,0,0,9
LA ASUNTA,"anticoncepcion, prevencion de its y de cancer de cuello uterino",numero de ciclos entregados,2015-03-01,0,15,99,33,0,147
LA GUARDIA,"anticoncepcion, prevencion de its y de cancer de cuello uterino",numero de ciclos entregados,2015-03-01,0,27,123,42,0,192
LA PAZ,"anticoncepcion, prevencion de its y de cancer de cuello uterino",numero de ciclos entregados,2015-03-01,0,51,481,126,0,658
LA RIVERA,"anticoncepcion, prevencion de its y de cancer de cuello uterino",numero de ciclos entregados,2015-03-01,0,0,3,0,0,3
LAJA,"anticoncepcion, prevencion de its y de cancer de cuello uterino",numero de ciclos entregados,2015-03-01,0,9,39,9,0,57
LAS CARRERAS,"anticoncepcion, prevencion de its y de cancer de cuello uterino",numero de ciclos entregados,2015-03-01,0,0,0,3,0,3
LICOMA PAMPA,"anticoncepcion, prevencion de its y de cancer de cuello uterino",numero de ciclos entregados,2015-03-01,0,0,3,3,0,6
LLALLAGUA,"anticoncepcion, prevencion de its y de cancer de cuello uterino",numero de ciclos entregados,2015-03-01,0,3,27,9,0,39
LLICA,"anticoncepcion, prevencion de its y de cancer de cuello uterino",numero de ciclos entregados,2015-03-01,0,3,18,0,0,21
LORETO,"anticoncepcion, prevencion de its y de cancer de cuello uterino",numero de ciclos entregados,2015-03-01,0,1,16,7,0,24
LURIBAY,"anticoncepcion, prevencion de its y de cancer de cuello uterino",numero de ciclos entregados,2015-03-01,0,0,4,9,0,13
MACHARETI,"anticoncepcion, prevencion de its y de cancer de cuello uterino",numero de ciclos entregados,2015-03-01,0,2,28,15,0,45
MAGDALENA,"anticoncepcion, prevencion de its y de cancer de cuello uterino",numero de ciclos entregados,2015-03-01,3,1,104,37,3,148
MAIRANA,"anticoncepcion, prevencion de its y de cancer de cuello uterino",numero de ciclos entregados,2015-03-01,0,3,27,0,0,30
MAPIRI,"anticoncepcion, prevencion de its y de cancer de cuello uterino",numero de ciclos entregados,2015-03-01,0,0,6,0,0,6
MECAPACA,"anticoncepcion, prevencion de its y de cancer de cuello uterino",numero de ciclos entregados,2015-03-01,0,0,19,3,0,22
MINEROS,"anticoncepcion, prevencion de its y de cancer de cuello uterino",numero de ciclos entregados,2015-03-01,0,4,43,17,0,64
MIZQUE,"anticoncepcion, prevencion de its y de cancer de cuello uterino",numero de ciclos entregados,2015-03-01,1,0,15,1,0,17
MOCOMOCO,"anticoncepcion, prevencion de its y de cancer de cuello uterino",numero de ciclos entregados,2015-03-01,0,0,0,3,0,3
MOJOCOYA,"anticoncepcion, prevencion de its y de cancer de cuello uterino",numero de ciclos entregados,2015-03-01,0,0,13,13,0,26
MONTEAGUDO,"anticoncepcion, prevencion de its y de cancer de cuello uterino",numero de ciclos entregados,2015-03-01,0,0,69,12,0,81
MONTERO,"anticoncepcion, prevencion de its y de cancer de cuello uterino",numero de ciclos entregados,2015-03-01,0,24,137,36,3,200
MORO MORO,"anticoncepcion, prevencion de its y de cancer de cuello uterino",numero de ciclos entregados,2015-03-01,3,3,15,6,0,27
MOROCHATA,"anticoncepcion, prevencion de its y de cancer de cuello uterino",numero de ciclos entregados,2015-03-01,0,3,3,3,0,9
NACEBE (SANTA ROSA DEL ABUNA),"anticoncepcion, prevencion de its y de cancer de cuello uterino",numero de ciclos entregados,2015-03-01,0,3,6,9,0,18
OCURI,"anticoncepcion, prevencion de its y de cancer de cuello uterino",numero de ciclos entregados,2015-03-01,0,3,33,12,0,48
OKINAWA,"anticoncepcion, prevencion de its y de cancer de cuello uterino",numero de ciclos entregados,2015-03-01,0,12,45,25,0,82
OMEREQUE,"anticoncepcion, prevencion de its y de cancer de cuello uterino",numero de ciclos entregados,2015-03-01,0,0,21,6,0,27
ORURO,"anticoncepcion, prevencion de its y de cancer de cuello uterino",numero de ciclos entregados,2015-03-01,0,6,199,65,0,270
PADCAYA,"anticoncepcion, prevencion de its y de cancer de cuello uterino",numero de ciclos entregados,2015-03-01,3,3,56,42,3,107
PADILLA,"anticoncepcion, prevencion de its y de cancer de cuello uterino",numero de ciclos entregados,2015-03-01,0,0,70,6,0,76
PAILON,"anticoncepcion, prevencion de its y de cancer de cuello uterino",numero de ciclos entregados,2015-03-01,0,12,60,6,0,78
PALOS BLANCOS,"anticoncepcion, prevencion de its y de cancer de cuello uterino",numero de ciclos entregados,2015-03-01,3,3,66,27,3,102
PAMPA GRANDE,"anticoncepcion, prevencion de its y de cancer de cuello uterino",numero de ciclos entregados,2015-03-01,0,3,33,15,0,51
PAPEL PAMPA,"anticoncepcion, prevencion de its y de cancer de cuello uterino",numero de ciclos entregados,2015-03-01,0,0,6,9,0,15
PASORAPA,"anticoncepcion, prevencion de its y de cancer de cuello uterino",numero de ciclos entregados,2015-03-01,0,0,6,0,0,6
PATACAMAYA,"anticoncepcion, prevencion de its y de cancer de cuello uterino",numero de ciclos entregados,2015-03-01,0,0,3,0,0,3
PAZÑA,"anticoncepcion, prevencion de its y de cancer de cuello uterino",numero de ciclos entregados,2015-03-01,0,0,6,3,0,9
PELECHUCO,"anticoncepcion, prevencion de its y de cancer de cuello uterino",numero de ciclos entregados,2015-03-01,0,0,20,0,0,20
POCOATA,"anticoncepcion, prevencion de its y de cancer de cuello uterino",numero de ciclos entregados,2015-03-01,0,0,9,0,0,9
POCONA,"anticoncepcion, prevencion de its y de cancer de cuello uterino",numero de ciclos entregados,2015-03-01,0,3,27,9,0,39
POJO (CBBA),"anticoncepcion, prevencion de its y de cancer de cuello uterino",numero de ciclos entregados,2015-03-01,0,0,9,6,0,15
POOPO,"anticoncepcion, prevencion de its y de cancer de cuello uterino",numero de ciclos entregados,2015-03-01,0,0,6,0,0,6
PORCO,"anticoncepcion, prevencion de its y de cancer de cuello uterino",numero de ciclos entregados,2015-03-01,0,0,12,3,0,15
POROMA,"anticoncepcion, prevencion de its y de cancer de cuello uterino",numero de ciclos entregados,2015-03-01,0,0,17,9,0,26
PORONGO,"anticoncepcion, prevencion de its y de cancer de cuello uterino",numero de ciclos entregados,2015-03-01,0,6,42,12,0,60
PORTACHUELO,"anticoncepcion, prevencion de its y de cancer de cuello uterino",numero de ciclos entregados,2015-03-01,0,9,87,18,0,114
PORVENIR,"anticoncepcion, prevencion de its y de cancer de cuello uterino",numero de ciclos entregados,2015-03-01,0,12,42,9,0,63
POSTRER VALLE,"anticoncepcion, prevencion de its y de cancer de cuello uterino",numero de ciclos entregados,2015-03-01,0,0,6,3,0,9
POTOSI,"anticoncepcion, prevencion de its y de cancer de cuello uterino",numero de ciclos entregados,2015-03-01,0,53,320,55,0,428
PRESTO,"anticoncepcion, prevencion de its y de cancer de cuello uterino",numero de ciclos entregados,2015-03-01,0,7,23,10,0,40
PUCARA,"anticoncepcion, prevencion de its y de cancer de cuello uterino",numero de ciclos entregados,2015-03-01,0,6,6,0,0,12
PUCARANI,"anticoncepcion, prevencion de its y de cancer de cuello uterino",numero de ciclos entregados,2015-03-01,0,0,18,3,0,21
PUERTO ACOSTA,"anticoncepcion, prevencion de its y de cancer de cuello uterino",numero de ciclos entregados,2015-03-01,0,0,0,6,0,6
PUERTO CARABUCO,"anticoncepcion, prevencion de its y de cancer de cuello uterino",numero de ciclos entregados,2015-03-01,0,3,3,0,0,6
PUERTO GONZALO MORENO,"anticoncepcion, prevencion de its y de cancer de cuello uterino",numero de ciclos entregados,2015-03-01,0,18,32,15,0,65
PUERTO QUIJARRO,"anticoncepcion, prevencion de its y de cancer de cuello uterino",numero de ciclos entregados,2015-03-01,0,5,6,10,0,21
PUERTO RICO,"anticoncepcion, prevencion de its y de cancer de cuello uterino",numero de ciclos entregados,2015-03-01,0,6,48,12,3,69
PUERTO SILES,"anticoncepcion, prevencion de its y de cancer de cuello uterino",numero de ciclos entregados,2015-03-01,0,1,5,1,0,7
PUERTO SUAREZ,"anticoncepcion, prevencion de its y de cancer de cuello uterino",numero de ciclos entregados,2015-03-01,0,3,27,3,0,33
PUERTO VILLARROEL,"anticoncepcion, prevencion de its y de cancer de cuello uterino",numero de ciclos entregados,2015-03-01,0,1,39,15,0,55
PUNA,"anticoncepcion, prevencion de its y de cancer de cuello uterino",numero de ciclos entregados,2015-03-01,0,0,15,3,0,18
PUNATA,"anticoncepcion, prevencion de its y de cancer de cuello uterino",numero de ciclos entregados,2015-03-01,0,0,12,0,0,12
QUIABAYA,"anticoncepcion, prevencion de its y de cancer de cuello uterino",numero de ciclos entregados,2015-03-01,0,1,3,0,0,4
QUILLACOLLO,"anticoncepcion, prevencion de its y de cancer de cuello uterino",numero de ciclos entregados,2015-03-01,0,6,101,19,0,126
QUIME,"anticoncepcion, prevencion de its y de cancer de cuello uterino",numero de ciclos entregados,2015-03-01,0,6,39,6,0,51
QUIRUSILLAS,"anticoncepcion, prevencion de its y de cancer de cuello uterino",numero de ciclos entregados,2015-03-01,0,3,12,9,0,24
RAVELO,"anticoncepcion, prevencion de its y de cancer de cuello uterino",numero de ciclos entregados,2015-03-01,0,0,6,3,0,9
REYES,"anticoncepcion, prevencion de its y de cancer de cuello uterino",numero de ciclos entregados,2015-03-01,0,18,48,18,0,84
RIBERALTA,"anticoncepcion, prevencion de its y de cancer de cuello uterino",numero de ciclos entregados,2015-03-01,0,25,151,47,0,223
ROBORE,"anticoncepcion, prevencion de its y de cancer de cuello uterino",numero de ciclos entregados,2015-03-01,0,12,87,27,0,126
RURRENABAQUE,"anticoncepcion, prevencion de its y de cancer de cuello uterino",numero de ciclos entregados,2015-03-01,0,6,27,7,0,40
SABAYA,"anticoncepcion, prevencion de its y de cancer de cuello uterino",numero de ciclos entregados,2015-03-01,0,0,3,0,0,3
SACABA,"anticoncepcion, prevencion de its y de cancer de cuello uterino",numero de ciclos entregados,2015-03-01,0,12,96,28,0,136
SACACA,"anticoncepcion, prevencion de its y de cancer de cuello uterino",numero de ciclos entregados,2015-03-01,0,3,23,12,0,38
SAIPINA,"anticoncepcion, prevencion de its y de cancer de cuello uterino",numero de ciclos entregados,2015-03-01,0,6,9,0,0,15
SALINAS DE GARCI MENDOZA,"anticoncepcion, prevencion de its y de cancer de cuello uterino",numero de ciclos entregados,2015-03-01,0,0,9,7,0,16
SAMAIPATA,"anticoncepcion, prevencion de its y de cancer de cuello uterino",numero de ciclos entregados,2015-03-01,0,12,33,9,3,57
SAN AGUSTIN,"anticoncepcion, prevencion de its y de cancer de cuello uterino",numero de ciclos entregados,2015-03-01,0,0,1,3,0,4
SAN ANDRES,"anticoncepcion, prevencion de its y de cancer de cuello uterino",numero de ciclos entregados,2015-03-01,0,14,104,35,3,156
SAN ANTONIO DE LOMERIO,"anticoncepcion, prevencion de its y de cancer de cuello uterino",numero de ciclos entregados,2015-03-01,0,9,39,42,0,90
SAN BENITO,"anticoncepcion, prevencion de its y de cancer de cuello uterino",numero de ciclos entregados,2015-03-01,0,0,3,0,0,3
SAN BORJA,"anticoncepcion, prevencion de its y de cancer de cuello uterino",numero de ciclos entregados,2015-03-01,3,21,124,51,0,199
SAN BUENA VENTURA,"anticoncepcion, prevencion de its y de cancer de cuello uterino",numero de ciclos entregados,2015-03-01,0,0,9,3,0,12
SAN CARLOS,"anticoncepcion, prevencion de its y de cancer de cuello uterino",numero de ciclos entregados,2015-03-01,3,9,69,27,0,108
SAN IGNACIO,"anticoncepcion, prevencion de its y de cancer de cuello uterino",numero de ciclos entregados,2015-03-01,0,26,203,77,6,312
SAN IGNACIO DE VELASCO,"anticoncepcion, prevencion de its y de cancer de cuello uterino",numero de ciclos entregados,2015-03-01,3,27,173,64,0,267
SAN JAVIER(BNI),"anticoncepcion, prevencion de its y de cancer de cuello uterino",numero de ciclos entregados,2015-03-01,3,9,22,3,0,37
SAN JAVIER(STC),"anticoncepcion, prevencion de its y de cancer de cuello uterino",numero de ciclos entregados,2015-03-01,0,15,72,24,0,111
SAN JOAQUIN,"anticoncepcion, prevencion de its y de cancer de cuello uterino",numero de ciclos entregados,2015-03-01,0,1,0,0,0,1
SAN JOSE DE CHIQUITOS,"anticoncepcion, prevencion de its y de cancer de cuello uterino",numero de ciclos entregados,2015-03-01,0,48,267,78,12,405
SAN JUAN DE YAPACANI,"anticoncepcion, prevencion de its y de cancer de cuello uterino",numero de ciclos entregados,2015-03-01,0,3,18,0,0,21
SAN JULIAN,"anticoncepcion, prevencion de its y de cancer de cuello uterino",numero de ciclos entregados,2015-03-01,0,9,43,12,0,64
SAN LORENZO(PND),"anticoncepcion, prevencion de its y de cancer de cuello uterino",numero de ciclos entregados,2015-03-01,0,6,12,3,0,21
SAN LORENZO(TJA),"anticoncepcion, prevencion de its y de cancer de cuello uterino",numero de ciclos entregados,2015-03-01,0,15,75,7,3,100
SAN LUCAS,"anticoncepcion, prevencion de its y de cancer de cuello uterino",numero de ciclos entregados,2015-03-01,6,3,39,18,0,66
SAN MATIAS,"anticoncepcion, prevencion de its y de cancer de cuello uterino",numero de ciclos entregados,2015-03-01,0,13,46,3,0,62
SAN MIGUEL DE VELASCO,"anticoncepcion, prevencion de its y de cancer de cuello uterino",numero de ciclos entregados,2015-03-01,0,13,87,57,3,160
SAN PEDRO,"anticoncepcion, prevencion de its y de cancer de cuello uterino",numero de ciclos entregados,2015-03-01,0,3,59,14,0,76
SAN PEDRO DE BUENA VISTA,"anticoncepcion, prevencion de its y de cancer de cuello uterino",numero de ciclos entregados,2015-03-01,0,0,18,16,0,34
SAN PEDRO DE CURAHUARA,"anticoncepcion, prevencion de its y de cancer de cuello uterino",numero de ciclos entregados,2015-03-01,0,0,1,3,0,4
SAN PEDRO DE QUEMES,"anticoncepcion, prevencion de its y de cancer de cuello uterino",numero de ciclos entregados,2015-03-01,0,0,3,0,0,3
SAN PEDRO DE TIQUINA,"anticoncepcion, prevencion de its y de cancer de cuello uterino",numero de ciclos entregados,2015-03-01,0,0,0,3,0,3
SAN PEDRO(PND),"anticoncepcion, prevencion de its y de cancer de cuello uterino",numero de ciclos entregados,2015-03-01,0,0,5,3,0,8
SAN RAFAEL,"anticoncepcion, prevencion de its y de cancer de cuello uterino",numero de ciclos entregados,2015-03-01,0,15,70,27,0,112
SAN RAMON BENI,"anticoncepcion, prevencion de its y de cancer de cuello uterino",numero de ciclos entregados,2015-03-01,0,0,18,0,0,18
SANTA ANA,"anticoncepcion, prevencion de its y de cancer de cuello uterino",numero de ciclos entregados,2015-03-01,0,24,84,18,6,132
SANTA CRUZ DE LA SIERRA,"anticoncepcion, prevencion de its y de cancer de cuello uterino",numero de ciclos entregados,2015-03-01,14,227,888,264,1,1394
SANTA ROSA,"anticoncepcion, prevencion de its y de cancer de cuello uterino",numero de ciclos entregados,2015-03-01,0,0,14,0,0,14
SANTA ROSA DEL SARA,"anticoncepcion, prevencion de its y de cancer de cuello uterino",numero de ciclos entregados,2015-03-01,0,18,90,30,3,141
SANTIAGO DE HUARI,"anticoncepcion, prevencion de its y de cancer de cuello uterino",numero de ciclos entregados,2015-03-01,0,0,1,0,0,1
SANTIAGO DE HUATA,"anticoncepcion, prevencion de its y de cancer de cuello uterino",numero de ciclos entregados,2015-03-01,0,3,0,6,0,9
SANTIVAÑES,"anticoncepcion, prevencion de its y de cancer de cuello uterino",numero de ciclos entregados,2015-03-01,0,3,5,4,0,12
SANTUARIO DE QUILLACAS,"anticoncepcion, prevencion de its y de cancer de cuello uterino",numero de ciclos entregados,2015-03-01,0,0,7,6,0,13
SAPAHAQUI,"anticoncepcion, prevencion de its y de cancer de cuello uterino",numero de ciclos entregados,2015-03-01,0,0,3,6,0,9
SENA,"anticoncepcion, prevencion de its y de cancer de cuello uterino",numero de ciclos entregados,2015-03-01,0,6,15,0,0,21
SHINAOTA,"anticoncepcion, prevencion de its y de cancer de cuello uterino",numero de ciclos entregados,2015-03-01,0,0,12,23,0,35
SICA SICA (VILLA AROMA),"anticoncepcion, prevencion de its y de cancer de cuello uterino",numero de ciclos entregados,2015-03-01,0,0,15,9,0,24
SICAYA,"anticoncepcion, prevencion de its y de cancer de cuello uterino",numero de ciclos entregados,2015-03-01,0,0,1,0,0,1
SIPE SIPE,"anticoncepcion, prevencion de its y de cancer de cuello uterino",numero de ciclos entregados,2015-03-01,0,0,63,11,0,74
SOPACHUY,"anticoncepcion, prevencion de its y de cancer de cuello uterino",numero de ciclos entregados,2015-03-01,0,3,33,0,0,36
SORACACHI,"anticoncepcion, prevencion de its y de cancer de cuello uterino",numero de ciclos entregados,2015-03-01,0,0,3,6,0,9
SORATA,"anticoncepcion, prevencion de its y de cancer de cuello uterino",numero de ciclos entregados,2015-03-01,0,6,9,5,0,20
SUCRE,"anticoncepcion, prevencion de its y de cancer de cuello uterino",numero de ciclos entregados,2015-03-01,0,60,431,88,3,582
TACACOMA,"anticoncepcion, prevencion de its y de cancer de cuello uterino",numero de ciclos entregados,2015-03-01,0,0,20,3,0,23
TACOPAYA,"anticoncepcion, prevencion de its y de cancer de cuello uterino",numero de ciclos entregados,2015-03-01,0,1,1,0,0,2
TAHUA,"anticoncepcion, prevencion de its y de cancer de cuello uterino",numero de ciclos entregados,2015-03-01,0,0,6,3,0,9
TARABUCO,"anticoncepcion, prevencion de its y de cancer de cuello uterino",numero de ciclos entregados,2015-03-01,0,0,12,0,0,12
TARACO,"anticoncepcion, prevencion de its y de cancer de cuello uterino",numero de ciclos entregados,2015-03-01,0,0,12,0,0,12
TARIJA,"anticoncepcion, prevencion de its y de cancer de cuello uterino",numero de ciclos entregados,2015-03-01,1,42,218,64,0,325
TARVITA,"anticoncepcion, prevencion de its y de cancer de cuello uterino",numero de ciclos entregados,2015-03-01,0,0,8,11,0,19
TEOPONTE,"anticoncepcion, prevencion de its y de cancer de cuello uterino",numero de ciclos entregados,2015-03-01,0,0,6,0,0,6
TIAWANACU,"anticoncepcion, prevencion de its y de cancer de cuello uterino",numero de ciclos entregados,2015-03-01,0,0,3,9,0,12
TINGUIPAYA,"anticoncepcion, prevencion de its y de cancer de cuello uterino",numero de ciclos entregados,2015-03-01,0,3,3,0,0,6
TIPUANI,"anticoncepcion, prevencion de its y de cancer de cuello uterino",numero de ciclos entregados,2015-03-01,0,0,18,24,0,42
TIQUIPAYA,"anticoncepcion, prevencion de its y de cancer de cuello uterino",numero de ciclos entregados,2015-03-01,0,14,59,8,0,81
TIRAQUE (CBBA),"anticoncepcion, prevencion de its y de cancer de cuello uterino",numero de ciclos entregados,2015-03-01,0,0,15,0,0,15
TOCO,"anticoncepcion, prevencion de its y de cancer de cuello uterino",numero de ciclos entregados,2015-03-01,0,3,9,0,0,12
TOLATA,"anticoncepcion, prevencion de its y de cancer de cuello uterino",numero de ciclos entregados,2015-03-01,0,0,9,6,0,15
TOLEDO,"anticoncepcion, prevencion de its y de cancer de cuello uterino",numero de ciclos entregados,2015-03-01,0,0,0,3,0,3
TOMAVE,"anticoncepcion, prevencion de its y de cancer de cuello uterino",numero de ciclos entregados,2015-03-01,0,0,12,3,0,15
TOMINA,"anticoncepcion, prevencion de its y de cancer de cuello uterino",numero de ciclos entregados,2015-03-01,0,0,33,0,0,33
TORO TORO,"anticoncepcion, prevencion de its y de cancer de cuello uterino",numero de ciclos entregados,2015-03-01,3,6,3,0,0,12
TOTORA(CBBA),"anticoncepcion, prevencion de its y de cancer de cuello uterino",numero de ciclos entregados,2015-03-01,0,6,0,0,0,6
TOTORA(ORR),"anticoncepcion, prevencion de its y de cancer de cuello uterino",numero de ciclos entregados,2015-03-01,1,0,6,0,0,7
TRIGAL,"anticoncepcion, prevencion de its y de cancer de cuello uterino",numero de ciclos entregados,2015-03-01,0,0,9,6,0,15
TRINIDAD,"anticoncepcion, prevencion de its y de cancer de cuello uterino",numero de ciclos entregados,2015-03-01,0,24,91,29,0,144
TUPIZA,"anticoncepcion, prevencion de its y de cancer de cuello uterino",numero de ciclos entregados,2015-03-01,0,0,26,7,0,33
TURCO,"anticoncepcion, prevencion de its y de cancer de cuello uterino",numero de ciclos entregados,2015-03-01,0,0,0,3,0,3
UNCIA,"anticoncepcion, prevencion de its y de cancer de cuello uterino",numero de ciclos entregados,2015-03-01,0,0,15,0,0,15
URIONDO (A. CONCEPCION),"anticoncepcion, prevencion de its y de cancer de cuello uterino",numero de ciclos entregados,2015-03-01,1,7,51,13,0,72
URUBICHA,"anticoncepcion, prevencion de its y de cancer de cuello uterino",numero de ciclos entregados,2015-03-01,0,0,30,3,0,33
UYUNI,"anticoncepcion, prevencion de its y de cancer de cuello uterino",numero de ciclos entregados,2015-03-01,0,3,6,3,0,12
VALLEGRANDE,"anticoncepcion, prevencion de its y de cancer de cuello uterino",numero de ciclos entregados,2015-03-01,0,6,12,6,0,24
VIACHA,"anticoncepcion, prevencion de its y de cancer de cuello uterino",numero de ciclos entregados,2015-03-01,0,0,50,18,0,68
VILA VILA,"anticoncepcion, prevencion de its y de cancer de cuello uterino",numero de ciclos entregados,2015-03-01,0,0,1,0,1,2
VILLA CHARCAS,"anticoncepcion, prevencion de its y de cancer de cuello uterino",numero de ciclos entregados,2015-03-01,0,4,21,6,0,31
VILLA MONTES,"anticoncepcion, prevencion de its y de cancer de cuello uterino",numero de ciclos entregados,2015-03-01,0,13,46,12,1,72
VILLA NUEVA (LOMA ALTA),"anticoncepcion, prevencion de its y de cancer de cuello uterino",numero de ciclos entregados,2015-03-01,0,0,12,0,0,12
VILLA RIVERO,"anticoncepcion, prevencion de its y de cancer de cuello uterino",numero de ciclos entregados,2015-03-01,0,0,3,0,0,3
VILLA SERRANO,"anticoncepcion, prevencion de its y de cancer de cuello uterino",numero de ciclos entregados,2015-03-01,0,0,21,6,0,27
VILLA TUNARI,"anticoncepcion, prevencion de its y de cancer de cuello uterino",numero de ciclos entregados,2015-03-01,0,25,97,17,0,139
VILLA VACA GUZMAN (MUYUPAMPA),"anticoncepcion, prevencion de its y de cancer de cuello uterino",numero de ciclos entregados,2015-03-01,0,3,13,3,0,19
VILLAZON,"anticoncepcion, prevencion de its y de cancer de cuello uterino",numero de ciclos entregados,2015-03-01,0,9,60,27,0,96
VINTO,"anticoncepcion, prevencion de its y de cancer de cuello uterino",numero de ciclos entregados,2015-03-01,0,0,18,0,0,18
VITICHI,"anticoncepcion, prevencion de its y de cancer de cuello uterino",numero de ciclos entregados,2015-03-01,0,0,3,9,0,12
WARNES,"anticoncepcion, prevencion de its y de cancer de cuello uterino",numero de ciclos entregados,2015-03-01,3,32,167,75,0,277
YACUIBA,"anticoncepcion, prevencion de its y de cancer de cuello uterino",numero de ciclos entregados,2015-03-01,0,30,298,141,0,469
YANACACHI,"anticoncepcion, prevencion de its y de cancer de cuello uterino",numero de ciclos entregados,2015-03-01,0,0,18,0,0,18
YAPACANI,"anticoncepcion, prevencion de its y de cancer de cuello uterino",numero de ciclos entregados,2015-03-01,0,6,57,18,0,81
YOCALLA,"anticoncepcion, prevencion de its y de cancer de cuello uterino",numero de ciclos entregados,2015-03-01,0,9,0,3,0,12
YOTALA,"anticoncepcion, prevencion de its y de cancer de cuello uterino",numero de ciclos entregados,2015-03-01,0,3,3,3,0,9
YUNCHARA,"anticoncepcion, prevencion de its y de cancer de cuello uterino",numero de ciclos entregados,2015-03-01,0,6,12,3,0,21
ZUDAÑEZ,"anticoncepcion, prevencion de its y de cancer de cuello uterino",numero de ciclos entregados,2015-03-01,0,0,18,0,0,18
ACACIO,"anticoncepcion, prevencion de its y de cancer de cuello uterino",numero de ciclos entregados,2015-04-01,0,3,3,0,0,6
ACHACACHI,"anticoncepcion, prevencion de its y de cancer de cuello uterino",numero de ciclos entregados,2015-04-01,0,0,17,3,0,20
ACHOCALLA,"anticoncepcion, prevencion de its y de cancer de cuello uterino",numero de ciclos entregados,2015-04-01,0,0,16,9,0,25
AIQUILE,"anticoncepcion, prevencion de its y de cancer de cuello uterino",numero de ciclos entregados,2015-04-01,0,9,18,0,0,27
ALALAY,"anticoncepcion, prevencion de its y de cancer de cuello uterino",numero de ciclos entregados,2015-04-01,0,0,1,0,0,1
ALCALA,"anticoncepcion, prevencion de its y de cancer de cuello uterino",numero de ciclos entregados,2015-04-01,0,3,3,3,0,9
ALTO BENI,"anticoncepcion, prevencion de its y de cancer de cuello uterino",numero de ciclos entregados,2015-04-01,0,3,27,3,0,33
ANCORAIMES,"anticoncepcion, prevencion de its y de cancer de cuello uterino",numero de ciclos entregados,2015-04-01,0,4,0,3,0,7
ANTEQUERA,"anticoncepcion, prevencion de its y de cancer de cuello uterino",numero de ciclos entregados,2015-04-01,0,0,9,0,0,9
APOLO,"anticoncepcion, prevencion de its y de cancer de cuello uterino",numero de ciclos entregados,2015-04-01,0,4,35,15,0,54
ARAMPAMPA,"anticoncepcion, prevencion de its y de cancer de cuello uterino",numero de ciclos entregados,2015-04-01,0,0,6,6,0,12
ARANI,"anticoncepcion, prevencion de its y de cancer de cuello uterino",numero de ciclos entregados,2015-04-01,0,0,0,6,0,6
ARBIETO,"anticoncepcion, prevencion de its y de cancer de cuello uterino",numero de ciclos entregados,2015-04-01,0,0,22,3,0,25
ARQUE,"anticoncepcion, prevencion de its y de cancer de cuello uterino",numero de ciclos entregados,2015-04-01,0,0,6,0,0,6
ASCENCION DE GUARAYOS,"anticoncepcion, prevencion de its y de cancer de cuello uterino",numero de ciclos entregados,2015-04-01,0,9,45,15,0,69
ATOCHA,"anticoncepcion, prevencion de its y de cancer de cuello uterino",numero de ciclos entregados,2015-04-01,0,0,22,0,0,22
AUCAPATA,"anticoncepcion, prevencion de its y de cancer de cuello uterino",numero de ciclos entregados,2015-04-01,0,0,12,6,0,18
AYATA,"anticoncepcion, prevencion de its y de cancer de cuello uterino",numero de ciclos entregados,2015-04-01,0,0,18,4,0,22
AYO AYO,"anticoncepcion, prevencion de its y de cancer de cuello uterino",numero de ciclos entregados,2015-04-01,0,3,9,0,0,12
AYOPAYA (V. DE INDEPENDENCIA),"anticoncepcion, prevencion de its y de cancer de cuello uterino",numero de ciclos entregados,2015-04-01,0,12,33,27,0,72
AZURDUY,"anticoncepcion, prevencion de its y de cancer de cuello uterino",numero de ciclos entregados,2015-04-01,0,3,6,6,0,15
BATALLAS,"anticoncepcion, prevencion de its y de cancer de cuello uterino",numero de ciclos entregados,2015-04-01,0,12,3,0,0,15
BAURES,"anticoncepcion, prevencion de its y de cancer de cuello uterino",numero de ciclos entregados,2015-04-01,0,2,43,7,0,52
BELLA FLOR,"anticoncepcion, prevencion de its y de cancer de cuello uterino",numero de ciclos entregados,2015-04-01,6,6,18,6,0,36
BERMEJO,"anticoncepcion, prevencion de its y de cancer de cuello uterino",numero de ciclos entregados,2015-04-01,0,1,33,3,0,37
BETANZOS,"anticoncepcion, prevencion de its y de cancer de cuello uterino",numero de ciclos entregados,2015-04-01,0,3,12,6,0,21
BOLIVAR,"anticoncepcion, prevencion de its y de cancer de cuello uterino",numero de ciclos entregados,2015-04-01,0,0,3,0,0,3
BOLPEBRA,"anticoncepcion, prevencion de its y de cancer de cuello uterino",numero de ciclos entregados,2015-04-01,0,3,21,0,0,24
BOYUIBE,"anticoncepcion, prevencion de its y de cancer de cuello uterino",numero de ciclos entregados,2015-04-01,0,0,3,6,0,9
BUENA VISTA,"anticoncepcion, prevencion de its y de cancer de cuello uterino",numero de ciclos entregados,2015-04-01,0,3,57,24,0,84
CABEZAS,"anticoncepcion, prevencion de its y de cancer de cuello uterino",numero de ciclos entregados,2015-04-01,0,24,99,18,0,141
CAIROMA,"anticoncepcion, prevencion de its y de cancer de cuello uterino",numero de ciclos entregados,2015-04-01,0,0,3,3,0,6
"CAIZA ""D""","anticoncepcion, prevencion de its y de cancer de cuello uterino",numero de ciclos entregados,2015-04-01,0,0,24,5,0,29
CAJUATA,"anticoncepcion, prevencion de its y de cancer de cuello uterino",numero de ciclos entregados,2015-04-01,0,0,7,0,0,7
CALAMARCA,"anticoncepcion, prevencion de its y de cancer de cuello uterino",numero de ciclos entregados,2015-04-01,0,0,21,9,0,30
CAMARGO,"anticoncepcion, prevencion de its y de cancer de cuello uterino",numero de ciclos entregados,2015-04-01,0,0,18,3,0,21
CAMATAQUI (C. VILLA ABECIA),"anticoncepcion, prevencion de its y de cancer de cuello uterino",numero de ciclos entregados,2015-04-01,0,0,6,6,0,12
CAMIRI,"anticoncepcion, prevencion de its y de cancer de cuello uterino",numero de ciclos entregados,2015-04-01,0,0,24,0,0,24
CAPINOTA,"anticoncepcion, prevencion de its y de cancer de cuello uterino",numero de ciclos entregados,2015-04-01,0,0,18,3,0,21
CARACOLLO,"anticoncepcion, prevencion de its y de cancer de cuello uterino",numero de ciclos entregados,2015-04-01,0,3,9,0,0,12
CARANAVI,"anticoncepcion, prevencion de its y de cancer de cuello uterino",numero de ciclos entregados,2015-04-01,0,3,54,15,0,72
CARAPARI,"anticoncepcion, prevencion de its y de cancer de cuello uterino",numero de ciclos entregados,2015-04-01,0,13,81,9,3,106
CARIPUYO,"anticoncepcion, prevencion de its y de cancer de cuello uterino",numero de ciclos entregados,2015-04-01,0,3,0,0,0,3
CARMEN RIVERO TORREZ,"anticoncepcion, prevencion de its y de cancer de cuello uterino",numero de ciclos entregados,2015-04-01,0,0,12,0,0,12
CATACORA,"anticoncepcion, prevencion de its y de cancer de cuello uterino",numero de ciclos entregados,2015-04-01,0,0,9,0,0,9
CHALLAPATA,"anticoncepcion, prevencion de its y de cancer de cuello uterino",numero de ciclos entregados,2015-04-01,0,0,9,9,0,18
CHAQUI,"anticoncepcion, prevencion de its y de cancer de cuello uterino",numero de ciclos entregados,2015-04-01,0,0,6,6,0,12
CHARAGUA,"anticoncepcion, prevencion de its y de cancer de cuello uterino",numero de ciclos entregados,2015-04-01,0,9,69,3,0,81
CHAYANTA,"anticoncepcion, prevencion de its y de cancer de cuello uterino",numero de ciclos entregados,2015-04-01,0,0,15,3,0,18
CHIMORE,"anticoncepcion, prevencion de its y de cancer de cuello uterino",numero de ciclos entregados,2015-04-01,3,11,22,14,0,50
CHIPAYA,"anticoncepcion, prevencion de its y de cancer de cuello uterino",numero de ciclos entregados,2015-04-01,0,0,1,0,0,1
CHULUMANI (V. DE LA LIBERTAD),"anticoncepcion, prevencion de its y de cancer de cuello uterino",numero de ciclos entregados,2015-04-01,0,0,12,3,0,15
CHUMA,"anticoncepcion, prevencion de its y de cancer de cuello uterino",numero de ciclos entregados,2015-04-01,0,1,3,3,0,7
CHUQUIHUTA AYLLU JUCUMANI,"anticoncepcion, prevencion de its y de cancer de cuello uterino",numero de ciclos entregados,2015-04-01,0,0,15,6,0,21
CKOCHAS,"anticoncepcion, prevencion de its y de cancer de cuello uterino",numero de ciclos entregados,2015-04-01,0,0,3,0,0,3
CLIZA,"anticoncepcion, prevencion de its y de cancer de cuello uterino",numero de ciclos entregados,2015-04-01,0,21,42,6,0,69
COBIJA,"anticoncepcion, prevencion de its y de cancer de cuello uterino",numero de ciclos entregados,2015-04-01,0,26,70,4,0,100
COCAPATA,"anticoncepcion, prevencion de its y de cancer de cuello uterino",numero de ciclos entregados,2015-04-01,0,0,15,3,0,18
COCHABAMBA,"anticoncepcion, prevencion de its y de cancer de cuello uterino",numero de ciclos entregados,2015-04-01,3,56,422,17,0,498
COIPASA,"anticoncepcion, prevencion de its y de cancer de cuello uterino",numero de ciclos entregados,2015-04-01,0,0,4,3,0,7
COLCAPIRHUA,"anticoncepcion, prevencion de its y de cancer de cuello uterino",numero de ciclos entregados,2015-04-01,0,0,42,3,0,45
"COLCHA ""K""","anticoncepcion, prevencion de its y de cancer de cuello uterino",numero de ciclos entregados,2015-04-01,0,3,6,6,0,15
COLLANA,"anticoncepcion, prevencion de its y de cancer de cuello uterino",numero de ciclos entregados,2015-04-01,0,3,3,0,0,6
COLOMI,"anticoncepcion, prevencion de its y de cancer de cuello uterino",numero de ciclos entregados,2015-04-01,0,3,12,15,0,30
COLPA BELGICA,"anticoncepcion, prevencion de its y de cancer de cuello uterino",numero de ciclos entregados,2015-04-01,3,6,30,12,0,51
COLQUECHACA,"anticoncepcion, prevencion de its y de cancer de cuello uterino",numero de ciclos entregados,2015-04-01,3,0,24,3,0,30
COLQUIRI,"anticoncepcion, prevencion de its y de cancer de cuello uterino",numero de ciclos entregados,2015-04-01,3,0,6,3,0,12
COMARAPA,"anticoncepcion, prevencion de its y de cancer de cuello uterino",numero de ciclos entregados,2015-04-01,0,0,25,4,0,29
CONCEPCION,"anticoncepcion, prevencion de its y de cancer de cuello uterino",numero de ciclos entregados,2015-04-01,0,6,33,9,0,48
COPACABANA,"anticoncepcion, prevencion de its y de cancer de cuello uterino",numero de ciclos entregados,2015-04-01,0,0,6,0,0,6
CORIPATA,"anticoncepcion, prevencion de its y de cancer de cuello uterino",numero de ciclos entregados,2015-04-01,0,0,0,3,0,3
CORQUE,"anticoncepcion, prevencion de its y de cancer de cuello uterino",numero de ciclos entregados,2015-04-01,0,0,0,3,0,3
COTAGAITA,"anticoncepcion, prevencion de its y de cancer de cuello uterino",numero de ciclos entregados,2015-04-01,0,3,21,18,0,42
COTOCA,"anticoncepcion, prevencion de its y de cancer de cuello uterino",numero de ciclos entregados,2015-04-01,0,15,135,39,3,192
CRUZ DE MACHACAMARCA,"anticoncepcion, prevencion de its y de cancer de cuello uterino",numero de ciclos entregados,2015-04-01,0,0,1,0,0,1
CUATRO CAÑADAS,"anticoncepcion, prevencion de its y de cancer de cuello uterino",numero de ciclos entregados,2015-04-01,0,9,54,9,0,72
CUEVO,"anticoncepcion, prevencion de its y de cancer de cuello uterino",numero de ciclos entregados,2015-04-01,0,3,6,0,0,9
CULPINA,"anticoncepcion, prevencion de its y de cancer de cuello uterino",numero de ciclos entregados,2015-04-01,0,3,33,9,0,45
CURAHUARA DE CARANGAS,"anticoncepcion, prevencion de its y de cancer de cuello uterino",numero de ciclos entregados,2015-04-01,0,0,6,0,0,6
CURVA,"anticoncepcion, prevencion de its y de cancer de cuello uterino",numero de ciclos entregados,2015-04-01,0,0,3,0,0,3
DESAGUADERO,"anticoncepcion, prevencion de its y de cancer de cuello uterino",numero de ciclos entregados,2015-04-01,0,0,9,3,0,12
EL ALTO,"anticoncepcion, prevencion de its y de cancer de cuello uterino",numero de ciclos entregados,2015-04-01,0,65,702,199,0,966
EL CHORO,"anticoncepcion, prevencion de its y de cancer de cuello uterino",numero de ciclos entregados,2015-04-01,0,0,1,3,0,4
EL PUENTE(STC),"anticoncepcion, prevencion de its y de cancer de cuello uterino",numero de ciclos entregados,2015-04-01,0,9,51,3,0,63
EL PUENTE(TJA),"anticoncepcion, prevencion de its y de cancer de cuello uterino",numero de ciclos entregados,2015-04-01,0,3,19,15,1,38
EL TORNO,"anticoncepcion, prevencion de its y de cancer de cuello uterino",numero de ciclos entregados,2015-04-01,9,42,132,30,3,216
EL VILLAR,"anticoncepcion, prevencion de its y de cancer de cuello uterino",numero de ciclos entregados,2015-04-01,0,0,12,3,0,15
ENTRE RIOS TRJ,"anticoncepcion, prevencion de its y de cancer de cuello uterino",numero de ciclos entregados,2015-04-01,0,11,71,22,0,104
ENTRE RIOS CBBA,"anticoncepcion, prevencion de its y de cancer de cuello uterino",numero de ciclos entregados,2015-04-01,1,0,23,28,0,52
ESCARA,"anticoncepcion, prevencion de its y de cancer de cuello uterino",numero de ciclos entregados,2015-04-01,0,0,0,1,0,1
EUREKA (SANTOS MERCADO),"anticoncepcion, prevencion de its y de cancer de cuello uterino",numero de ciclos entregados,2015-04-01,0,0,21,3,0,24
EXALTACION,"anticoncepcion, prevencion de its y de cancer de cuello uterino",numero de ciclos entregados,2015-04-01,0,0,3,9,0,12
FERNANDEZ ALONSO,"anticoncepcion, prevencion de its y de cancer de cuello uterino",numero de ciclos entregados,2015-04-01,0,9,38,9,0,56
FILADELFIA,"anticoncepcion, prevencion de its y de cancer de cuello uterino",numero de ciclos entregados,2015-04-01,3,24,27,12,0,66
GENERAL SAAVEDRA,"anticoncepcion, prevencion de its y de cancer de cuello uterino",numero de ciclos entregados,2015-04-01,0,1,102,12,0,115
GRAL. J.J. PEREZ (CHARAZANI),"anticoncepcion, prevencion de its y de cancer de cuello uterino",numero de ciclos entregados,2015-04-01,0,0,6,0,0,6
GUANAY,"anticoncepcion, prevencion de its y de cancer de cuello uterino",numero de ciclos entregados,2015-04-01,0,3,3,0,0,6
GUAQUI,"anticoncepcion, prevencion de its y de cancer de cuello uterino",numero de ciclos entregados,2015-04-01,0,0,12,0,0,12
GUAYARAMERIN,"anticoncepcion, prevencion de its y de cancer de cuello uterino",numero de ciclos entregados,2015-04-01,0,0,3,0,0,3
GUTIERREZ,"anticoncepcion, prevencion de its y de cancer de cuello uterino",numero de ciclos entregados,2015-04-01,0,3,9,12,0,24
HUACARETA,"anticoncepcion, prevencion de its y de cancer de cuello uterino",numero de ciclos entregados,2015-04-01,0,3,3,4,0,10
HUACAYA (VILLA DE HUACAYA),"anticoncepcion, prevencion de its y de cancer de cuello uterino",numero de ciclos entregados,2015-04-01,0,3,0,0,0,3
HUANUNI,"anticoncepcion, prevencion de its y de cancer de cuello uterino",numero de ciclos entregados,2015-04-01,0,0,10,0,0,10
HUARACAJE,"anticoncepcion, prevencion de its y de cancer de cuello uterino",numero de ciclos entregados,2015-04-01,3,6,35,15,0,59
HUARINA,"anticoncepcion, prevencion de its y de cancer de cuello uterino",numero de ciclos entregados,2015-04-01,0,0,0,3,0,3
HUATAJATA,"anticoncepcion, prevencion de its y de cancer de cuello uterino",numero de ciclos entregados,2015-04-01,0,0,0,3,0,3
HUAYLLAMARCA,"anticoncepcion, prevencion de its y de cancer de cuello uterino",numero de ciclos entregados,2015-04-01,0,0,6,0,0,6
ICHOCA,"anticoncepcion, prevencion de its y de cancer de cuello uterino",numero de ciclos entregados,2015-04-01,0,0,3,0,0,3
ICLA,"anticoncepcion, prevencion de its y de cancer de cuello uterino",numero de ciclos entregados,2015-04-01,0,0,15,6,0,21
INCAHUASI,"anticoncepcion, prevencion de its y de cancer de cuello uterino",numero de ciclos entregados,2015-04-01,0,6,15,9,0,30
INGAVI (HUMAITA),"anticoncepcion, prevencion de its y de cancer de cuello uterino",numero de ciclos entregados,2015-04-01,0,3,9,0,0,12
INQUISIVI,"anticoncepcion, prevencion de its y de cancer de cuello uterino",numero de ciclos entregados,2015-04-01,0,0,3,3,0,6
IRUPANA (VILLA DE LANZA),"anticoncepcion, prevencion de its y de cancer de cuello uterino",numero de ciclos entregados,2015-04-01,0,6,42,30,0,78
IXIAMAS,"anticoncepcion, prevencion de its y de cancer de cuello uterino",numero de ciclos entregados,2015-04-01,0,0,42,6,0,48
JESUS DE MACHACA,"anticoncepcion, prevencion de its y de cancer de cuello uterino",numero de ciclos entregados,2015-04-01,0,0,9,0,0,9
LA ASUNTA,"anticoncepcion, prevencion de its y de cancer de cuello uterino",numero de ciclos entregados,2015-04-01,0,9,63,27,0,99
LA GUARDIA,"anticoncepcion, prevencion de its y de cancer de cuello uterino",numero de ciclos entregados,2015-04-01,3,27,174,48,0,252
LA PAZ,"anticoncepcion, prevencion de its y de cancer de cuello uterino",numero de ciclos entregados,2015-04-01,0,40,413,131,3,587
LAJA,"anticoncepcion, prevencion de its y de cancer de cuello uterino",numero de ciclos entregados,2015-04-01,0,0,24,21,0,45
LAS CARRERAS,"anticoncepcion, prevencion de its y de cancer de cuello uterino",numero de ciclos entregados,2015-04-01,0,3,7,0,0,10
LICOMA PAMPA,"anticoncepcion, prevencion de its y de cancer de cuello uterino",numero de ciclos entregados,2015-04-01,0,0,6,0,0,6
LLALLAGUA,"anticoncepcion, prevencion de its y de cancer de cuello uterino",numero de ciclos entregados,2015-04-01,0,0,57,9,0,66
LLICA,"anticoncepcion, prevencion de its y de cancer de cuello uterino",numero de ciclos entregados,2015-04-01,0,3,18,9,0,30
LORETO,"anticoncepcion, prevencion de its y de cancer de cuello uterino",numero de ciclos entregados,2015-04-01,4,3,23,1,0,31
LURIBAY,"anticoncepcion, prevencion de its y de cancer de cuello uterino",numero de ciclos entregados,2015-04-01,0,0,3,0,0,3
MACHACAMARCA,"anticoncepcion, prevencion de its y de cancer de cuello uterino",numero de ciclos entregados,2015-04-01,0,0,2,0,0,2
MACHARETI,"anticoncepcion, prevencion de its y de cancer de cuello uterino",numero de ciclos entregados,2015-04-01,3,2,27,6,0,38
MAGDALENA,"anticoncepcion, prevencion de its y de cancer de cuello uterino",numero de ciclos entregados,2015-04-01,0,2,969,18,0,989
MAIRANA,"anticoncepcion, prevencion de its y de cancer de cuello uterino",numero de ciclos entregados,2015-04-01,0,0,24,0,0,24
MAPIRI,"anticoncepcion, prevencion de its y de cancer de cuello uterino",numero de ciclos entregados,2015-04-01,0,0,15,0,0,15
MECAPACA,"anticoncepcion, prevencion de its y de cancer de cuello uterino",numero de ciclos entregados,2015-04-01,0,0,48,9,0,57
MINEROS,"anticoncepcion, prevencion de its y de cancer de cuello uterino",numero de ciclos entregados,2015-04-01,0,18,49,12,0,79
MIZQUE,"anticoncepcion, prevencion de its y de cancer de cuello uterino",numero de ciclos entregados,2015-04-01,0,2,14,9,0,25
MOCOMOCO,"anticoncepcion, prevencion de its y de cancer de cuello uterino",numero de ciclos entregados,2015-04-01,0,0,6,3,0,9
MOJINETE,"anticoncepcion, prevencion de its y de cancer de cuello uterino",numero de ciclos entregados,2015-04-01,0,0,3,0,0,3
MOJOCOYA,"anticoncepcion, prevencion de its y de cancer de cuello uterino",numero de ciclos entregados,2015-04-01,0,0,12,6,0,18
MONTEAGUDO,"anticoncepcion, prevencion de its y de cancer de cuello uterino",numero de ciclos entregados,2015-04-01,0,12,24,12,0,48
MONTERO,"anticoncepcion, prevencion de its y de cancer de cuello uterino",numero de ciclos entregados,2015-04-01,6,28,142,81,6,263
MORO MORO,"anticoncepcion, prevencion de its y de cancer de cuello uterino",numero de ciclos entregados,2015-04-01,0,0,18,3,0,21
MOROCHATA,"anticoncepcion, prevencion de its y de cancer de cuello uterino",numero de ciclos entregados,2015-04-01,0,0,6,12,0,18
NACEBE (SANTA ROSA DEL ABUNA),"anticoncepcion, prevencion de its y de cancer de cuello uterino",numero de ciclos entregados,2015-04-01,0,6,6,0,0,12
NUEVO MANOA (NUEVA ESPERANZA),"anticoncepcion, prevencion de its y de cancer de cuello uterino",numero de ciclos entregados,2015-04-01,0,3,0,0,0,3
OCURI,"anticoncepcion, prevencion de its y de cancer de cuello uterino",numero de ciclos entregados,2015-04-01,0,6,24,12,0,42
OKINAWA,"anticoncepcion, prevencion de its y de cancer de cuello uterino",numero de ciclos entregados,2015-04-01,0,1,52,27,0,80
OMEREQUE,"anticoncepcion, prevencion de its y de cancer de cuello uterino",numero de ciclos entregados,2015-04-01,0,0,15,3,0,18
ORURO,"anticoncepcion, prevencion de its y de cancer de cuello uterino",numero de ciclos entregados,2015-04-01,0,21,125,56,0,202
PADCAYA,"anticoncepcion, prevencion de its y de cancer de cuello uterino",numero de ciclos entregados,2015-04-01,0,6,59,26,0,91
PADILLA,"anticoncepcion, prevencion de its y de cancer de cuello uterino",numero de ciclos entregados,2015-04-01,0,3,32,18,0,53
PAILON,"anticoncepcion, prevencion de its y de cancer de cuello uterino",numero de ciclos entregados,2015-04-01,0,9,66,18,3,96
PALCA,"anticoncepcion, prevencion de its y de cancer de cuello uterino",numero de ciclos entregados,2015-04-01,0,7,28,5,0,40
PALOS BLANCOS,"anticoncepcion, prevencion de its y de cancer de cuello uterino",numero de ciclos entregados,2015-04-01,0,3,81,45,0,129
PAMPA AULLAGAS,"anticoncepcion, prevencion de its y de cancer de cuello uterino",numero de ciclos entregados,2015-04-01,0,0,0,3,0,3
PAMPA GRANDE,"anticoncepcion, prevencion de its y de cancer de cuello uterino",numero de ciclos entregados,2015-04-01,0,0,12,12,0,24
PAPEL PAMPA,"anticoncepcion, prevencion de its y de cancer de cuello uterino",numero de ciclos entregados,2015-04-01,3,0,12,0,0,15
PASORAPA,"anticoncepcion, prevencion de its y de cancer de cuello uterino",numero de ciclos entregados,2015-04-01,0,0,9,0,0,9
PATACAMAYA,"anticoncepcion, prevencion de its y de cancer de cuello uterino",numero de ciclos entregados,2015-04-01,0,12,2,0,0,14
PAZÑA,"anticoncepcion, prevencion de its y de cancer de cuello uterino",numero de ciclos entregados,2015-04-01,0,0,3,10,0,13
PELECHUCO,"anticoncepcion, prevencion de its y de cancer de cuello uterino",numero de ciclos entregados,2015-04-01,0,1,25,6,0,32
POCOATA,"anticoncepcion, prevencion de its y de cancer de cuello uterino",numero de ciclos entregados,2015-04-01,0,0,15,3,0,18
POCONA,"anticoncepcion, prevencion de its y de cancer de cuello uterino",numero de ciclos entregados,2015-04-01,0,3,15,3,0,21
POJO (CBBA),"anticoncepcion, prevencion de its y de cancer de cuello uterino",numero de ciclos entregados,2015-04-01,0,8,9,3,0,20
POOPO,"anticoncepcion, prevencion de its y de cancer de cuello uterino",numero de ciclos entregados,2015-04-01,1,0,3,2,0,6
PORCO,"anticoncepcion, prevencion de its y de cancer de cuello uterino",numero de ciclos entregados,2015-04-01,0,9,33,0,0,42
POROMA,"anticoncepcion, prevencion de its y de cancer de cuello uterino",numero de ciclos entregados,2015-04-01,0,0,10,1,0,11
PORONGO,"anticoncepcion, prevencion de its y de cancer de cuello uterino",numero de ciclos entregados,2015-04-01,0,18,42,9,0,69
PORTACHUELO,"anticoncepcion, prevencion de its y de cancer de cuello uterino",numero de ciclos entregados,2015-04-01,0,3,75,21,3,102
PORVENIR,"anticoncepcion, prevencion de its y de cancer de cuello uterino",numero de ciclos entregados,2015-04-01,0,3,30,3,0,36
POSTRER VALLE,"anticoncepcion, prevencion de its y de cancer de cuello uterino",numero de ciclos entregados,2015-04-01,0,1,6,3,0,10
POTOSI,"anticoncepcion, prevencion de its y de cancer de cuello uterino",numero de ciclos entregados,2015-04-01,0,27,259,34,0,320
PRESTO,"anticoncepcion, prevencion de its y de cancer de cuello uterino",numero de ciclos entregados,2015-04-01,0,0,42,9,0,51
PUCARA,"anticoncepcion, prevencion de its y de cancer de cuello uterino",numero de ciclos entregados,2015-04-01,0,0,3,0,0,3
PUCARANI,"anticoncepcion, prevencion de its y de cancer de cuello uterino",numero de ciclos entregados,2015-04-01,0,0,12,3,0,15
PUERTO ACOSTA,"anticoncepcion, prevencion de its y de cancer de cuello uterino",numero de ciclos entregados,2015-04-01,0,0,0,2,0,2
PUERTO CARABUCO,"anticoncepcion, prevencion de its y de cancer de cuello uterino",numero de ciclos entregados,2015-04-01,0,0,0,3,0,3
PUERTO GONZALO MORENO,"anticoncepcion, prevencion de its y de cancer de cuello uterino",numero de ciclos entregados,2015-04-01,0,6,25,4,3,38
PUERTO PEREZ,"anticoncepcion, prevencion de its y de cancer de cuello uterino",numero de ciclos entregados,2015-04-01,0,0,0,3,0,3
PUERTO QUIJARRO,"anticoncepcion, prevencion de its y de cancer de cuello uterino",numero de ciclos entregados,2015-04-01,0,0,4,1,0,5
PUERTO RICO,"anticoncepcion, prevencion de its y de cancer de cuello uterino",numero de ciclos entregados,2015-04-01,0,0,39,3,0,42
PUERTO SILES,"anticoncepcion, prevencion de its y de cancer de cuello uterino",numero de ciclos entregados,2015-04-01,0,0,3,0,0,3
PUERTO SUAREZ,"anticoncepcion, prevencion de its y de cancer de cuello uterino",numero de ciclos entregados,2015-04-01,0,6,9,9,0,24
PUERTO VILLARROEL,"anticoncepcion, prevencion de its y de cancer de cuello uterino",numero de ciclos entregados,2015-04-01,3,20,34,18,0,75
PUNA,"anticoncepcion, prevencion de its y de cancer de cuello uterino",numero de ciclos entregados,2015-04-01,0,6,18,15,0,39
PUNATA,"anticoncepcion, prevencion de its y de cancer de cuello uterino",numero de ciclos entregados,2015-04-01,0,3,30,3,0,36
QUIABAYA,"anticoncepcion, prevencion de its y de cancer de cuello uterino",numero de ciclos entregados,2015-04-01,0,0,6,0,0,6
QUILLACOLLO,"anticoncepcion, prevencion de its y de cancer de cuello uterino",numero de ciclos entregados,2015-04-01,0,5,59,4,0,68
QUIME,"anticoncepcion, prevencion de its y de cancer de cuello uterino",numero de ciclos entregados,2015-04-01,0,3,27,0,0,30
QUIRUSILLAS,"anticoncepcion, prevencion de its y de cancer de cuello uterino",numero de ciclos entregados,2015-04-01,0,9,18,0,0,27
RAVELO,"anticoncepcion, prevencion de its y de cancer de cuello uterino",numero de ciclos entregados,2015-04-01,0,0,1,0,0,1
REYES,"anticoncepcion, prevencion de its y de cancer de cuello uterino",numero de ciclos entregados,2015-04-01,0,48,105,30,0,183
RIBERALTA,"anticoncepcion, prevencion de its y de cancer de cuello uterino",numero de ciclos entregados,2015-04-01,5,21,120,15,0,161
ROBORE,"anticoncepcion, prevencion de its y de cancer de cuello uterino",numero de ciclos entregados,2015-04-01,0,6,42,24,3,75
RURRENABAQUE,"anticoncepcion, prevencion de its y de cancer de cuello uterino",numero de ciclos entregados,2015-04-01,0,1,22,13,0,36
SABAYA,"anticoncepcion, prevencion de its y de cancer de cuello uterino",numero de ciclos entregados,2015-04-01,0,0,9,0,0,9
SACABA,"anticoncepcion, prevencion de its y de cancer de cuello uterino",numero de ciclos entregados,2015-04-01,0,27,89,28,0,144
SACACA,"anticoncepcion, prevencion de its y de cancer de cuello uterino",numero de ciclos entregados,2015-04-01,0,0,18,15,0,33
SAIPINA,"anticoncepcion, prevencion de its y de cancer de cuello uterino",numero de ciclos entregados,2015-04-01,0,3,3,3,0,9
SALINAS DE GARCI MENDOZA,"anticoncepcion, prevencion de its y de cancer de cuello uterino",numero de ciclos entregados,2015-04-01,0,0,10,3,0,13
SAMAIPATA,"anticoncepcion, prevencion de its y de cancer de cuello uterino",numero de ciclos entregados,2015-04-01,0,3,48,6,0,57
SAN AGUSTIN,"anticoncepcion, prevencion de its y de cancer de cuello uterino",numero de ciclos entregados,2015-04-01,0,0,4,1,0,5
SAN ANDRES,"anticoncepcion, prevencion de its y de cancer de cuello uterino",numero de ciclos entregados,2015-04-01,3,25,61,9,0,98
SAN ANTONIO DE ESMORUCO,"anticoncepcion, prevencion de its y de cancer de cuello uterino",numero de ciclos entregados,2015-04-01,0,0,3,0,0,3
SAN ANTONIO DE LOMERIO,"anticoncepcion, prevencion de its y de cancer de cuello uterino",numero de ciclos entregados,2015-04-01,0,12,24,18,0,54
SAN BENITO,"anticoncepcion, prevencion de its y de cancer de cuello uterino",numero de ciclos entregados,2015-04-01,0,0,6,9,0,15
SAN BORJA,"anticoncepcion, prevencion de its y de cancer de cuello uterino",numero de ciclos entregados,2015-04-01,3,33,207,54,9,306
SAN BUENA VENTURA,"anticoncepcion, prevencion de its y de cancer de cuello uterino",numero de ciclos entregados,2015-04-01,0,0,9,0,0,9
SAN CARLOS,"anticoncepcion, prevencion de its y de cancer de cuello uterino",numero de ciclos entregados,2015-04-01,3,3,102,15,0,123
SAN IGNACIO,"anticoncepcion, prevencion de its y de cancer de cuello uterino",numero de ciclos entregados,2015-04-01,2,33,149,69,0,253
SAN IGNACIO DE VELASCO,"anticoncepcion, prevencion de its y de cancer de cuello uterino",numero de ciclos entregados,2015-04-01,3,18,211,50,0,282
SAN JAVIER(BNI),"anticoncepcion, prevencion de its y de cancer de cuello uterino",numero de ciclos entregados,2015-04-01,0,0,8,6,0,14
SAN JAVIER(STC),"anticoncepcion, prevencion de its y de cancer de cuello uterino",numero de ciclos entregados,2015-04-01,0,3,48,9,3,63
SAN JOAQUIN,"anticoncepcion, prevencion de its y de cancer de cuello uterino",numero de ciclos entregados,2015-04-01,0,5,3,5,0,13
SAN JOSE DE CHIQUITOS,"anticoncepcion, prevencion de its y de cancer de cuello uterino",numero de ciclos entregados,2015-04-01,0,3,33,84,15,135
SAN JUAN DE YAPACANI,"anticoncepcion, prevencion de its y de cancer de cuello uterino",numero de ciclos entregados,2015-04-01,0,3,33,3,0,39
SAN JULIAN,"anticoncepcion, prevencion de its y de cancer de cuello uterino",numero de ciclos entregados,2015-04-01,3,3,45,9,0,60
SAN LORENZO(PND),"anticoncepcion, prevencion de its y de cancer de cuello uterino",numero de ciclos entregados,2015-04-01,0,3,24,0,0,27
SAN LORENZO(TJA),"anticoncepcion, prevencion de its y de cancer de cuello uterino",numero de ciclos entregados,2015-04-01,0,12,39,33,3,87
SAN LUCAS,"anticoncepcion, prevencion de its y de cancer de cuello uterino",numero de ciclos entregados,2015-04-01,0,3,12,6,0,21
SAN MATIAS,"anticoncepcion, prevencion de its y de cancer de cuello uterino",numero de ciclos entregados,2015-04-01,3,6,41,10,0,60
SAN MIGUEL DE VELASCO,"anticoncepcion, prevencion de its y de cancer de cuello uterino",numero de ciclos entregados,2015-04-01,0,6,109,39,3,157
SAN PABLO DE LIPEZ,"anticoncepcion, prevencion de its y de cancer de cuello uterino",numero de ciclos entregados,2015-04-01,0,0,2,0,0,2
SAN PEDRO,"anticoncepcion, prevencion de its y de cancer de cuello uterino",numero de ciclos entregados,2015-04-01,0,4,21,15,0,40
SAN PEDRO DE BUENA VISTA,"anticoncepcion, prevencion de its y de cancer de cuello uterino",numero de ciclos entregados,2015-04-01,0,3,27,18,0,48
SAN PEDRO DE CURAHUARA,"anticoncepcion, prevencion de its y de cancer de cuello uterino",numero de ciclos entregados,2015-04-01,0,0,3,0,0,3
SAN PEDRO DE QUEMES,"anticoncepcion, prevencion de its y de cancer de cuello uterino",numero de ciclos entregados,2015-04-01,0,0,0,3,0,3
SAN PEDRO DE TIQUINA,"anticoncepcion, prevencion de its y de cancer de cuello uterino",numero de ciclos entregados,2015-04-01,0,3,3,0,0,6
SAN PEDRO(PND),"anticoncepcion, prevencion de its y de cancer de cuello uterino",numero de ciclos entregados,2015-04-01,0,0,9,0,0,9
SAN RAFAEL,"anticoncepcion, prevencion de its y de cancer de cuello uterino",numero de ciclos entregados,2015-04-01,0,3,51,24,0,78
SAN RAMON BENI,"anticoncepcion, prevencion de its y de cancer de cuello uterino",numero de ciclos entregados,2015-04-01,0,6,30,6,0,42
SANTA ANA,"anticoncepcion, prevencion de its y de cancer de cuello uterino",numero de ciclos entregados,2015-04-01,0,15,99,33,0,147
SANTA CRUZ DE LA SIERRA,"anticoncepcion, prevencion de its y de cancer de cuello uterino",numero de ciclos entregados,2015-04-01,0,225,614,171,0,1010
SANTA ROSA,"anticoncepcion, prevencion de its y de cancer de cuello uterino",numero de ciclos entregados,2015-04-01,0,1,3,2,0,6
SANTA ROSA DEL SARA,"anticoncepcion, prevencion de its y de cancer de cuello uterino",numero de ciclos entregados,2015-04-01,0,18,96,39,0,153
SANTIAGO DE HUARI,"anticoncepcion, prevencion de its y de cancer de cuello uterino",numero de ciclos entregados,2015-04-01,0,0,2,0,0,2
SANTIAGO DE HUATA,"anticoncepcion, prevencion de its y de cancer de cuello uterino",numero de ciclos entregados,2015-04-01,0,0,9,3,0,12
SANTIVAÑES,"anticoncepcion, prevencion de its y de cancer de cuello uterino",numero de ciclos entregados,2015-04-01,0,9,4,0,0,13
SANTUARIO DE QUILLACAS,"anticoncepcion, prevencion de its y de cancer de cuello uterino",numero de ciclos entregados,2015-04-01,0,1,8,2,0,11
SAPAHAQUI,"anticoncepcion, prevencion de its y de cancer de cuello uterino",numero de ciclos entregados,2015-04-01,0,3,9,3,0,15
SENA,"anticoncepcion, prevencion de its y de cancer de cuello uterino",numero de ciclos entregados,2015-04-01,0,3,12,3,0,18
SHINAOTA,"anticoncepcion, prevencion de its y de cancer de cuello uterino",numero de ciclos entregados,2015-04-01,0,3,10,3,0,16
SICAYA,"anticoncepcion, prevencion de its y de cancer de cuello uterino",numero de ciclos entregados,2015-04-01,0,0,0,3,0,3
SIPE SIPE,"anticoncepcion, prevencion de its y de cancer de cuello uterino",numero de ciclos entregados,2015-04-01,0,5,49,14,0,68
SOPACHUY,"anticoncepcion, prevencion de its y de cancer de cuello uterino",numero de ciclos entregados,2015-04-01,0,0,9,6,0,15
SORACACHI,"anticoncepcion, prevencion de its y de cancer de cuello uterino",numero de ciclos entregados,2015-04-01,0,0,0,1,0,1
SORATA,"anticoncepcion, prevencion de its y de cancer de cuello uterino",numero de ciclos entregados,2015-04-01,0,0,3,6,0,9
SUCRE,"anticoncepcion, prevencion de its y de cancer de cuello uterino",numero de ciclos entregados,2015-04-01,3,55,305,94,0,457
TACACOMA,"anticoncepcion, prevencion de its y de cancer de cuello uterino",numero de ciclos entregados,2015-04-01,0,1,7,3,0,11
TACOPAYA,"anticoncepcion, prevencion de its y de cancer de cuello uterino",numero de ciclos entregados,2015-04-01,0,0,3,0,0,3
TAHUA,"anticoncepcion, prevencion de its y de cancer de cuello uterino",numero de ciclos entregados,2015-04-01,0,0,0,3,0,3
TARABUCO,"anticoncepcion, prevencion de its y de cancer de cuello uterino",numero de ciclos entregados,2015-04-01,0,3,21,6,0,30
TARACO,"anticoncepcion, prevencion de its y de cancer de cuello uterino",numero de ciclos entregados,2015-04-01,0,0,0,6,0,6
TARATA,"anticoncepcion, prevencion de its y de cancer de cuello uterino",numero de ciclos entregados,2015-04-01,0,0,3,0,0,3
TARIJA,"anticoncepcion, prevencion de its y de cancer de cuello uterino",numero de ciclos entregados,2015-04-01,3,34,210,69,3,319
TARVITA,"anticoncepcion, prevencion de its y de cancer de cuello uterino",numero de ciclos entregados,2015-04-01,0,3,20,33,0,56
TEOPONTE,"anticoncepcion, prevencion de its y de cancer de cuello uterino",numero de ciclos entregados,2015-04-01,0,3,6,6,0,15
TIAWANACU,"anticoncepcion, prevencion de its y de cancer de cuello uterino",numero de ciclos entregados,2015-04-01,0,3,9,18,0,30
TINGUIPAYA,"anticoncepcion, prevencion de its y de cancer de cuello uterino",numero de ciclos entregados,2015-04-01,0,0,6,3,0,9
TIPUANI,"anticoncepcion, prevencion de its y de cancer de cuello uterino",numero de ciclos entregados,2015-04-01,0,0,15,0,0,15
TIQUIPAYA,"anticoncepcion, prevencion de its y de cancer de cuello uterino",numero de ciclos entregados,2015-04-01,0,9,57,4,0,70
TIRAQUE (CBBA),"anticoncepcion, prevencion de its y de cancer de cuello uterino",numero de ciclos entregados,2015-04-01,0,0,9,9,0,18
TOCO,"anticoncepcion, prevencion de its y de cancer de cuello uterino",numero de ciclos entregados,2015-04-01,0,3,0,3,0,6
TOLATA,"anticoncepcion, prevencion de its y de cancer de cuello uterino",numero de ciclos entregados,2015-04-01,0,0,6,3,0,9
TOLEDO,"anticoncepcion, prevencion de its y de cancer de cuello uterino",numero de ciclos entregados,2015-04-01,0,0,3,0,0,3
TOMAVE,"anticoncepcion, prevencion de its y de cancer de cuello uterino",numero de ciclos entregados,2015-04-01,0,0,21,9,0,30
TOMINA,"anticoncepcion, prevencion de its y de cancer de cuello uterino",numero de ciclos entregados,2015-04-01,0,0,19,7,0,26
TORO TORO,"anticoncepcion, prevencion de its y de cancer de cuello uterino",numero de ciclos entregados,2015-04-01,0,0,9,3,0,12
TOTORA(CBBA),"anticoncepcion, prevencion de its y de cancer de cuello uterino",numero de ciclos entregados,2015-04-01,0,0,30,0,0,30
TRIGAL,"anticoncepcion, prevencion de its y de cancer de cuello uterino",numero de ciclos entregados,2015-04-01,0,0,3,0,0,3
TRINIDAD,"anticoncepcion, prevencion de its y de cancer de cuello uterino",numero de ciclos entregados,2015-04-01,0,200,142,31,0,373
TUPIZA,"anticoncepcion, prevencion de its y de cancer de cuello uterino",numero de ciclos entregados,2015-04-01,0,2,22,7,0,31
TURCO,"anticoncepcion, prevencion de its y de cancer de cuello uterino",numero de ciclos entregados,2015-04-01,0,0,4,0,0,4
UMALA,"anticoncepcion, prevencion de its y de cancer de cuello uterino",numero de ciclos entregados,2015-04-01,0,0,1,0,0,1
UNCIA,"anticoncepcion, prevencion de its y de cancer de cuello uterino",numero de ciclos entregados,2015-04-01,0,0,15,9,0,24
URIONDO (A. CONCEPCION),"anticoncepcion, prevencion de its y de cancer de cuello uterino",numero de ciclos entregados,2015-04-01,0,3,44,7,0,54
URUBICHA,"anticoncepcion, prevencion de its y de cancer de cuello uterino",numero de ciclos entregados,2015-04-01,0,6,18,3,0,27
UYUNI,"anticoncepcion, prevencion de its y de cancer de cuello uterino",numero de ciclos entregados,2015-04-01,0,9,15,3,0,27
VACAS,"anticoncepcion, prevencion de its y de cancer de cuello uterino",numero de ciclos entregados,2015-04-01,0,0,6,6,0,12
VALLEGRANDE,"anticoncepcion, prevencion de its y de cancer de cuello uterino",numero de ciclos entregados,2015-04-01,3,0,25,1,0,29
VIACHA,"anticoncepcion, prevencion de its y de cancer de cuello uterino",numero de ciclos entregados,2015-04-01,0,8,37,15,0,60
VILA VILA,"anticoncepcion, prevencion de its y de cancer de cuello uterino",numero de ciclos entregados,2015-04-01,0,0,3,0,0,3
VILLA CHARCAS,"anticoncepcion, prevencion de its y de cancer de cuello uterino",numero de ciclos entregados,2015-04-01,0,0,9,3,0,12
VILLA MONTES,"anticoncepcion, prevencion de its y de cancer de cuello uterino",numero de ciclos entregados,2015-04-01,0,20,123,27,9,179
VILLA NUEVA (LOMA ALTA),"anticoncepcion, prevencion de its y de cancer de cuello uterino",numero de ciclos entregados,2015-04-01,0,3,9,3,0,15
VILLA RIVERO,"anticoncepcion, prevencion de its y de cancer de cuello uterino",numero de ciclos entregados,2015-04-01,0,1,0,0,0,1
VILLA SERRANO,"anticoncepcion, prevencion de its y de cancer de cuello uterino",numero de ciclos entregados,2015-04-01,0,3,18,6,0,27
VILLA TUNARI,"anticoncepcion, prevencion de its y de cancer de cuello uterino",numero de ciclos entregados,2015-04-01,3,20,150,37,0,210
VILLA VACA GUZMAN (MUYUPAMPA),"anticoncepcion, prevencion de its y de cancer de cuello uterino",numero de ciclos entregados,2015-04-01,0,0,32,4,0,36
VILLAZON,"anticoncepcion, prevencion de its y de cancer de cuello uterino",numero de ciclos entregados,2015-04-01,0,3,42,18,0,63
VINTO,"anticoncepcion, prevencion de its y de cancer de cuello uterino",numero de ciclos entregados,2015-04-01,0,3,15,0,0,18
VITICHI,"anticoncepcion, prevencion de its y de cancer de cuello uterino",numero de ciclos entregados,2015-04-01,0,0,5,2,0,7
WALDO BALLIVIAN,"anticoncepcion, prevencion de its y de cancer de cuello uterino",numero de ciclos entregados,2015-04-01,0,0,3,0,0,3
WARNES,"anticoncepcion, prevencion de its y de cancer de cuello uterino",numero de ciclos entregados,2015-04-01,0,30,195,54,0,279
YACO,"anticoncepcion, prevencion de its y de cancer de cuello uterino",numero de ciclos entregados,2015-04-01,0,0,3,0,0,3
YACUIBA,"anticoncepcion, prevencion de its y de cancer de cuello uterino",numero de ciclos entregados,2015-04-01,0,25,268,108,0,401
YAMPARAEZ,"anticoncepcion, prevencion de its y de cancer de cuello uterino",numero de ciclos entregados,2015-04-01,0,0,6,3,0,9
YANACACHI,"anticoncepcion, prevencion de its y de cancer de cuello uterino",numero de ciclos entregados,2015-04-01,0,0,12,0,0,12
YAPACANI,"anticoncepcion, prevencion de its y de cancer de cuello uterino",numero de ciclos entregados,2015-04-01,0,15,147,21,0,183
YOCALLA,"anticoncepcion, prevencion de its y de cancer de cuello uterino",numero de ciclos entregados,2015-04-01,0,0,1,0,0,1
YOTALA,"anticoncepcion, prevencion de its y de cancer de cuello uterino",numero de ciclos entregados,2015-04-01,0,0,3,0,0,3
YUNCHARA,"anticoncepcion, prevencion de its y de cancer de cuello uterino",numero de ciclos entregados,2015-04-01,0,1,19,9,0,29
ZUDAÑEZ,"anticoncepcion, prevencion de its y de cancer de cuello uterino",numero de ciclos entregados,2015-04-01,0,3,12,3,0,18
ACACIO,"anticoncepcion, prevencion de its y de cancer de cuello uterino",numero de ciclos entregados,2015-05-01,0,0,3,0,0,3
ACHACACHI,"anticoncepcion, prevencion de its y de cancer de cuello uterino",numero de ciclos entregados,2015-05-01,0,0,15,6,0,21
ACHOCALLA,"anticoncepcion, prevencion de its y de cancer de cuello uterino",numero de ciclos entregados,2015-05-01,0,0,18,3,0,21
AIQUILE,"anticoncepcion, prevencion de its y de cancer de cuello uterino",numero de ciclos entregados,2015-05-01,0,9,27,6,0,42
ALCALA,"anticoncepcion, prevencion de its y de cancer de cuello uterino",numero de ciclos entregados,2015-05-01,0,0,9,9,0,18
ALTO BENI,"anticoncepcion, prevencion de its y de cancer de cuello uterino",numero de ciclos entregados,2015-05-01,0,9,15,15,0,39
ANCORAIMES,"anticoncepcion, prevencion de its y de cancer de cuello uterino",numero de ciclos entregados,2015-05-01,0,0,10,9,0,19
ANTEQUERA,"anticoncepcion, prevencion de its y de cancer de cuello uterino",numero de ciclos entregados,2015-05-01,0,0,18,0,0,18
APOLO,"anticoncepcion, prevencion de its y de cancer de cuello uterino",numero de ciclos entregados,2015-05-01,0,1,4,3,0,8
ARAMPAMPA,"anticoncepcion, prevencion de its y de cancer de cuello uterino",numero de ciclos entregados,2015-05-01,0,0,3,0,0,3
ARANI,"anticoncepcion, prevencion de its y de cancer de cuello uterino",numero de ciclos entregados,2015-05-01,0,3,6,4,0,13
ARBIETO,"anticoncepcion, prevencion de its y de cancer de cuello uterino",numero de ciclos entregados,2015-05-01,0,0,19,6,0,25
ARQUE,"anticoncepcion, prevencion de its y de cancer de cuello uterino",numero de ciclos entregados,2015-05-01,0,0,3,1,0,4
ASCENCION DE GUARAYOS,"anticoncepcion, prevencion de its y de cancer de cuello uterino",numero de ciclos entregados,2015-05-01,0,18,51,3,0,72
ATOCHA,"anticoncepcion, prevencion de its y de cancer de cuello uterino",numero de ciclos entregados,2015-05-01,0,3,23,4,0,30
AUCAPATA,"anticoncepcion, prevencion de its y de cancer de cuello uterino",numero de ciclos entregados,2015-05-01,0,0,6,0,0,6
AYATA,"anticoncepcion, prevencion de its y de cancer de cuello uterino",numero de ciclos entregados,2015-05-01,0,0,9,5,0,14
AYOPAYA (V. DE INDEPENDENCIA),"anticoncepcion, prevencion de its y de cancer de cuello uterino",numero de ciclos entregados,2015-05-01,0,15,21,30,0,66
AZURDUY,"anticoncepcion, prevencion de its y de cancer de cuello uterino",numero de ciclos entregados,2015-05-01,0,0,6,6,0,12
BATALLAS,"anticoncepcion, prevencion de its y de cancer de cuello uterino",numero de ciclos entregados,2015-05-01,0,0,6,6,0,12
BAURES,"anticoncepcion, prevencion de its y de cancer de cuello uterino",numero de ciclos entregados,2015-05-01,0,3,34,6,0,43
BELLA FLOR,"anticoncepcion, prevencion de its y de cancer de cuello uterino",numero de ciclos entregados,2015-05-01,3,3,15,3,0,24
BERMEJO,"anticoncepcion, prevencion de its y de cancer de cuello uterino",numero de ciclos entregados,2015-05-01,0,17,54,28,1,100
BETANZOS,"anticoncepcion, prevencion de its y de cancer de cuello uterino",numero de ciclos entregados,2015-05-01,0,0,6,0,0,6
BOLIVAR,"anticoncepcion, prevencion de its y de cancer de cuello uterino",numero de ciclos entregados,2015-05-01,0,0,3,0,0,3
BOLPEBRA,"anticoncepcion, prevencion de its y de cancer de cuello uterino",numero de ciclos entregados,2015-05-01,0,6,4,0,0,10
BOYUIBE,"anticoncepcion, prevencion de its y de cancer de cuello uterino",numero de ciclos entregados,2015-05-01,0,0,3,3,0,6
BUENA VISTA,"anticoncepcion, prevencion de its y de cancer de cuello uterino",numero de ciclos entregados,2015-05-01,0,27,67,18,0,112
CABEZAS,"anticoncepcion, prevencion de its y de cancer de cuello uterino",numero de ciclos entregados,2015-05-01,3,18,105,27,0,153
CAIROMA,"anticoncepcion, prevencion de its y de cancer de cuello uterino",numero de ciclos entregados,2015-05-01,0,0,3,6,0,9
"CAIZA ""D""","anticoncepcion, prevencion de its y de cancer de cuello uterino",numero de ciclos entregados,2015-05-01,0,6,27,6,0,39
CAJUATA,"anticoncepcion, prevencion de its y de cancer de cuello uterino",numero de ciclos entregados,2015-05-01,0,0,0,3,0,3
CALAMARCA,"anticoncepcion, prevencion de its y de cancer de cuello uterino",numero de ciclos entregados,2015-05-01,0,0,9,6,0,15
CAMARGO,"anticoncepcion, prevencion de its y de cancer de cuello uterino",numero de ciclos entregados,2015-05-01,0,3,12,3,0,18
CAMIRI,"anticoncepcion, prevencion de its y de cancer de cuello uterino",numero de ciclos entregados,2015-05-01,0,0,33,6,0,39
CAPINOTA,"anticoncepcion, prevencion de its y de cancer de cuello uterino",numero de ciclos entregados,2015-05-01,0,0,14,3,0,17
CAQUIAVIRI,"anticoncepcion, prevencion de its y de cancer de cuello uterino",numero de ciclos entregados,2015-05-01,0,6,0,0,0,6
CARACOLLO,"anticoncepcion, prevencion de its y de cancer de cuello uterino",numero de ciclos entregados,2015-05-01,0,0,15,6,0,21
CARANAVI,"anticoncepcion, prevencion de its y de cancer de cuello uterino",numero de ciclos entregados,2015-05-01,0,3,27,9,0,39
CARAPARI,"anticoncepcion, prevencion de its y de cancer de cuello uterino",numero de ciclos entregados,2015-05-01,0,0,33,30,0,63
CARIPUYO,"anticoncepcion, prevencion de its y de cancer de cuello uterino",numero de ciclos entregados,2015-05-01,0,0,3,0,0,3
CARMEN RIVERO TORREZ,"anticoncepcion, prevencion de its y de cancer de cuello uterino",numero de ciclos entregados,2015-05-01,0,6,6,0,0,12
CATACORA,"anticoncepcion, prevencion de its y de cancer de cuello uterino",numero de ciclos entregados,2015-05-01,0,3,0,0,0,3
CHACARILLA,"anticoncepcion, prevencion de its y de cancer de cuello uterino",numero de ciclos entregados,2015-05-01,0,0,3,0,0,3
CHALLAPATA,"anticoncepcion, prevencion de its y de cancer de cuello uterino",numero de ciclos entregados,2015-05-01,0,3,3,1,0,7
CHAQUI,"anticoncepcion, prevencion de its y de cancer de cuello uterino",numero de ciclos entregados,2015-05-01,0,0,3,9,0,12
CHARAGUA,"anticoncepcion, prevencion de its y de cancer de cuello uterino",numero de ciclos entregados,2015-05-01,0,15,45,24,0,84
CHAYANTA,"anticoncepcion, prevencion de its y de cancer de cuello uterino",numero de ciclos entregados,2015-05-01,0,6,0,0,0,6
CHIMORE,"anticoncepcion, prevencion de its y de cancer de cuello uterino",numero de ciclos entregados,2015-05-01,0,7,37,4,0,48
CHIPAYA,"anticoncepcion, prevencion de its y de cancer de cuello uterino",numero de ciclos entregados,2015-05-01,0,3,6,0,0,9
CHUA COCANI,"anticoncepcion, prevencion de its y de cancer de cuello uterino",numero de ciclos entregados,2015-05-01,0,0,7,1,0,8
CHULUMANI (V. DE LA LIBERTAD),"anticoncepcion, prevencion de its y de cancer de cuello uterino",numero de ciclos entregados,2015-05-01,0,6,6,3,0,15
CHUMA,"anticoncepcion, prevencion de its y de cancer de cuello uterino",numero de ciclos entregados,2015-05-01,0,0,4,3,0,7
CHUQUIHUTA AYLLU JUCUMANI,"anticoncepcion, prevencion de its y de cancer de cuello uterino",numero de ciclos entregados,2015-05-01,0,6,15,0,0,21
CKOCHAS,"anticoncepcion, prevencion de its y de cancer de cuello uterino",numero de ciclos entregados,2015-05-01,0,0,3,0,0,3
CLIZA,"anticoncepcion, prevencion de its y de cancer de cuello uterino",numero de ciclos entregados,2015-05-01,0,3,45,6,0,54
COBIJA,"anticoncepcion, prevencion de its y de cancer de cuello uterino",numero de ciclos entregados,2015-05-01,0,17,82,19,0,118
COCAPATA,"anticoncepcion, prevencion de its y de cancer de cuello uterino",numero de ciclos entregados,2015-05-01,0,1,11,2,0,14
COCHABAMBA,"anticoncepcion, prevencion de its y de cancer de cuello uterino",numero de ciclos entregados,2015-05-01,1,41,273,90,0,405
COIPASA,"anticoncepcion, prevencion de its y de cancer de cuello uterino",numero de ciclos entregados,2015-05-01,0,0,4,1,0,5
COLCAPIRHUA,"anticoncepcion, prevencion de its y de cancer de cuello uterino",numero de ciclos entregados,2015-05-01,0,3,24,3,0,30
COLLANA,"anticoncepcion, prevencion de its y de cancer de cuello uterino",numero de ciclos entregados,2015-05-01,0,0,3,0,0,3
COLOMI,"anticoncepcion, prevencion de its y de cancer de cuello uterino",numero de ciclos entregados,2015-05-01,0,3,18,6,0,27
COLPA BELGICA,"anticoncepcion, prevencion de its y de cancer de cuello uterino",numero de ciclos entregados,2015-05-01,0,12,27,6,0,45
COLQUECHACA,"anticoncepcion, prevencion de its y de cancer de cuello uterino",numero de ciclos entregados,2015-05-01,0,3,34,10,0,47
COLQUENCHA,"anticoncepcion, prevencion de its y de cancer de cuello uterino",numero de ciclos entregados,2015-05-01,0,3,6,6,3,18
COLQUIRI,"anticoncepcion, prevencion de its y de cancer de cuello uterino",numero de ciclos entregados,2015-05-01,0,0,3,3,0,6
COMARAPA,"anticoncepcion, prevencion de its y de cancer de cuello uterino",numero de ciclos entregados,2015-05-01,0,1,24,7,0,32
COMBAYA,"anticoncepcion, prevencion de its y de cancer de cuello uterino",numero de ciclos entregados,2015-05-01,0,0,0,1,0,1
CONCEPCION,"anticoncepcion, prevencion de its y de cancer de cuello uterino",numero de ciclos entregados,2015-05-01,0,3,21,9,0,33
COPACABANA,"anticoncepcion, prevencion de its y de cancer de cuello uterino",numero de ciclos entregados,2015-05-01,0,0,6,3,0,9
CORIPATA,"anticoncepcion, prevencion de its y de cancer de cuello uterino",numero de ciclos entregados,2015-05-01,0,0,21,0,0,21
CORO CORO,"anticoncepcion, prevencion de its y de cancer de cuello uterino",numero de ciclos entregados,2015-05-01,0,0,3,0,0,3
COROICO,"anticoncepcion, prevencion de its y de cancer de cuello uterino",numero de ciclos entregados,2015-05-01,0,0,0,12,0,12
CORQUE,"anticoncepcion, prevencion de its y de cancer de cuello uterino",numero de ciclos entregados,2015-05-01,0,1,2,4,0,7
COTAGAITA,"anticoncepcion, prevencion de its y de cancer de cuello uterino",numero de ciclos entregados,2015-05-01,0,3,10,6,0,19
COTOCA,"anticoncepcion, prevencion de its y de cancer de cuello uterino",numero de ciclos entregados,2015-05-01,0,19,112,21,3,155
CUATRO CAÑADAS,"anticoncepcion, prevencion de its y de cancer de cuello uterino",numero de ciclos entregados,2015-05-01,0,15,30,6,0,51
CUEVO,"anticoncepcion, prevencion de its y de cancer de cuello uterino",numero de ciclos entregados,2015-05-01,0,0,6,0,0,6
CULPINA,"anticoncepcion, prevencion de its y de cancer de cuello uterino",numero de ciclos entregados,2015-05-01,0,0,15,5,0,20
CURVA,"anticoncepcion, prevencion de its y de cancer de cuello uterino",numero de ciclos entregados,2015-05-01,0,0,6,0,0,6
DESAGUADERO,"anticoncepcion, prevencion de its y de cancer de cuello uterino",numero de ciclos entregados,2015-05-01,0,3,3,0,0,6
EL ALTO,"anticoncepcion, prevencion de its y de cancer de cuello uterino",numero de ciclos entregados,2015-05-01,3,83,834,147,0,1067
EL PUENTE(STC),"anticoncepcion, prevencion de its y de cancer de cuello uterino",numero de ciclos entregados,2015-05-01,0,12,33,15,0,60
EL PUENTE(TJA),"anticoncepcion, prevencion de its y de cancer de cuello uterino",numero de ciclos entregados,2015-05-01,0,1,24,12,0,37
EL TORNO,"anticoncepcion, prevencion de its y de cancer de cuello uterino",numero de ciclos entregados,2015-05-01,6,24,111,33,3,177
EL VILLAR,"anticoncepcion, prevencion de its y de cancer de cuello uterino",numero de ciclos entregados,2015-05-01,0,0,9,9,0,18
ENTRE RIOS TRJ,"anticoncepcion, prevencion de its y de cancer de cuello uterino",numero de ciclos entregados,2015-05-01,1,18,41,11,0,71
ENTRE RIOS CBBA,"anticoncepcion, prevencion de its y de cancer de cuello uterino",numero de ciclos entregados,2015-05-01,0,3,55,12,0,70
ESCARA,"anticoncepcion, prevencion de its y de cancer de cuello uterino",numero de ciclos entregados,2015-05-01,0,0,0,3,0,3
EUCALIPTUS,"anticoncepcion, prevencion de its y de cancer de cuello uterino",numero de ciclos entregados,2015-05-01,0,0,0,6,0,6
EUREKA (SANTOS MERCADO),"anticoncepcion, prevencion de its y de cancer de cuello uterino",numero de ciclos entregados,2015-05-01,0,0,6,0,0,6
EXALTACION,"anticoncepcion, prevencion de its y de cancer de cuello uterino",numero de ciclos entregados,2015-05-01,3,0,6,0,0,9
FERNANDEZ ALONSO,"anticoncepcion, prevencion de its y de cancer de cuello uterino",numero de ciclos entregados,2015-05-01,0,2,26,9,0,37
FILADELFIA,"anticoncepcion, prevencion de its y de cancer de cuello uterino",numero de ciclos entregados,2015-05-01,6,6,66,18,0,96
GENERAL SAAVEDRA,"anticoncepcion, prevencion de its y de cancer de cuello uterino",numero de ciclos entregados,2015-05-01,0,0,52,15,0,67
GRAL. J.J. PEREZ (CHARAZANI),"anticoncepcion, prevencion de its y de cancer de cuello uterino",numero de ciclos entregados,2015-05-01,0,0,3,3,0,6
GUANAY,"anticoncepcion, prevencion de its y de cancer de cuello uterino",numero de ciclos entregados,2015-05-01,0,0,3,0,0,3
GUAQUI,"anticoncepcion, prevencion de its y de cancer de cuello uterino",numero de ciclos entregados,2015-05-01,0,0,0,3,0,3
GUAYARAMERIN,"anticoncepcion, prevencion de its y de cancer de cuello uterino",numero de ciclos entregados,2015-05-01,3,3,3,3,0,12
GUTIERREZ,"anticoncepcion, prevencion de its y de cancer de cuello uterino",numero de ciclos entregados,2015-05-01,0,3,6,6,0,15
HUACARETA,"anticoncepcion, prevencion de its y de cancer de cuello uterino",numero de ciclos entregados,2015-05-01,0,1,57,12,0,70
HUACHACALLA,"anticoncepcion, prevencion de its y de cancer de cuello uterino",numero de ciclos entregados,2015-05-01,0,0,1,0,0,1
HUANUNI,"anticoncepcion, prevencion de its y de cancer de cuello uterino",numero de ciclos entregados,2015-05-01,0,0,11,0,0,11
HUARACAJE,"anticoncepcion, prevencion de its y de cancer de cuello uterino",numero de ciclos entregados,2015-05-01,0,7,36,12,0,55
HUATAJATA,"anticoncepcion, prevencion de its y de cancer de cuello uterino",numero de ciclos entregados,2015-05-01,0,1,1,0,0,2
HUAYLLAMARCA,"anticoncepcion, prevencion de its y de cancer de cuello uterino",numero de ciclos entregados,2015-05-01,0,0,0,3,0,3
HUMANATA,"anticoncepcion, prevencion de its y de cancer de cuello uterino",numero de ciclos entregados,2015-05-01,0,0,1,0,0,1
ICLA,"anticoncepcion, prevencion de its y de cancer de cuello uterino",numero de ciclos entregados,2015-05-01,0,0,3,0,0,3
INCAHUASI,"anticoncepcion, prevencion de its y de cancer de cuello uterino",numero de ciclos entregados,2015-05-01,0,0,30,3,3,36
INGAVI (HUMAITA),"anticoncepcion, prevencion de its y de cancer de cuello uterino",numero de ciclos entregados,2015-05-01,0,0,12,3,0,15
INQUISIVI,"anticoncepcion, prevencion de its y de cancer de cuello uterino",numero de ciclos entregados,2015-05-01,0,0,3,6,0,9
IRUPANA (VILLA DE LANZA),"anticoncepcion, prevencion de its y de cancer de cuello uterino",numero de ciclos entregados,2015-05-01,0,3,33,9,0,45
IXIAMAS,"anticoncepcion, prevencion de its y de cancer de cuello uterino",numero de ciclos entregados,2015-05-01,0,3,18,0,0,21
JESUS DE MACHACA,"anticoncepcion, prevencion de its y de cancer de cuello uterino",numero de ciclos entregados,2015-05-01,0,0,12,15,0,27
LA ASUNTA,"anticoncepcion, prevencion de its y de cancer de cuello uterino",numero de ciclos entregados,2015-05-01,0,12,100,30,0,142
LA GUARDIA,"anticoncepcion, prevencion de its y de cancer de cuello uterino",numero de ciclos entregados,2015-05-01,3,36,129,45,0,213
LA PAZ,"anticoncepcion, prevencion de its y de cancer de cuello uterino",numero de ciclos entregados,2015-05-01,0,28,365,90,0,483
LAJA,"anticoncepcion, prevencion de its y de cancer de cuello uterino",numero de ciclos entregados,2015-05-01,0,0,21,9,0,30
LAS CARRERAS,"anticoncepcion, prevencion de its y de cancer de cuello uterino",numero de ciclos entregados,2015-05-01,0,0,4,3,0,7
LICOMA PAMPA,"anticoncepcion, prevencion de its y de cancer de cuello uterino",numero de ciclos entregados,2015-05-01,0,0,0,3,0,3
LLALLAGUA,"anticoncepcion, prevencion de its y de cancer de cuello uterino",numero de ciclos entregados,2015-05-01,0,10,42,6,0,58
LLICA,"anticoncepcion, prevencion de its y de cancer de cuello uterino",numero de ciclos entregados,2015-05-01,0,0,15,6,0,21
LORETO,"anticoncepcion, prevencion de its y de cancer de cuello uterino",numero de ciclos entregados,2015-05-01,0,5,7,5,0,17
LURIBAY,"anticoncepcion, prevencion de its y de cancer de cuello uterino",numero de ciclos entregados,2015-05-01,0,0,7,3,0,10
MACHARETI,"anticoncepcion, prevencion de its y de cancer de cuello uterino",numero de ciclos entregados,2015-05-01,1,5,28,15,0,49
MAGDALENA,"anticoncepcion, prevencion de its y de cancer de cuello uterino",numero de ciclos entregados,2015-05-01,0,8,21,12,0,41
MAIRANA,"anticoncepcion, prevencion de its y de cancer de cuello uterino",numero de ciclos entregados,2015-05-01,0,3,18,0,0,21
MAPIRI,"anticoncepcion, prevencion de its y de cancer de cuello uterino",numero de ciclos entregados,2015-05-01,0,0,0,3,0,3
MECAPACA,"anticoncepcion, prevencion de its y de cancer de cuello uterino",numero de ciclos entregados,2015-05-01,0,0,4,6,0,10
MINEROS,"anticoncepcion, prevencion de its y de cancer de cuello uterino",numero de ciclos entregados,2015-05-01,0,6,40,19,0,65
MIZQUE,"anticoncepcion, prevencion de its y de cancer de cuello uterino",numero de ciclos entregados,2015-05-01,3,1,16,6,0,26
MOCOMOCO,"anticoncepcion, prevencion de its y de cancer de cuello uterino",numero de ciclos entregados,2015-05-01,0,0,6,3,0,9
MOJINETE,"anticoncepcion, prevencion de its y de cancer de cuello uterino",numero de ciclos entregados,2015-05-01,0,0,0,3,0,3
MOJOCOYA,"anticoncepcion, prevencion de its y de cancer de cuello uterino",numero de ciclos entregados,2015-05-01,0,0,13,6,0,19
MONTEAGUDO,"anticoncepcion, prevencion de its y de cancer de cuello uterino",numero de ciclos entregados,2015-05-01,0,21,89,18,0,128
MONTERO,"anticoncepcion, prevencion de its y de cancer de cuello uterino",numero de ciclos entregados,2015-05-01,3,23,115,41,9,191
MORO MORO,"anticoncepcion, prevencion de its y de cancer de cuello uterino",numero de ciclos entregados,2015-05-01,0,0,6,1,0,7
MOROCHATA,"anticoncepcion, prevencion de its y de cancer de cuello uterino",numero de ciclos entregados,2015-05-01,0,0,4,3,0,7
NUEVO MANOA (NUEVA ESPERANZA),"anticoncepcion, prevencion de its y de cancer de cuello uterino",numero de ciclos entregados,2015-05-01,0,0,3,0,0,3
OCURI,"anticoncepcion, prevencion de its y de cancer de cuello uterino",numero de ciclos entregados,2015-05-01,0,15,45,3,0,63
OKINAWA,"anticoncepcion, prevencion de its y de cancer de cuello uterino",numero de ciclos entregados,2015-05-01,0,0,27,24,0,51
OMEREQUE,"anticoncepcion, prevencion de its y de cancer de cuello uterino",numero de ciclos entregados,2015-05-01,0,6,21,24,0,51
ORURO,"anticoncepcion, prevencion de its y de cancer de cuello uterino",numero de ciclos entregados,2015-05-01,0,20,228,80,1,329
PADCAYA,"anticoncepcion, prevencion de its y de cancer de cuello uterino",numero de ciclos entregados,2015-05-01,0,9,74,29,0,112
PADILLA,"anticoncepcion, prevencion de its y de cancer de cuello uterino",numero de ciclos entregados,2015-05-01,0,0,42,12,0,54
PAILON,"anticoncepcion, prevencion de its y de cancer de cuello uterino",numero de ciclos entregados,2015-05-01,0,0,27,6,0,33
PALCA,"anticoncepcion, prevencion de its y de cancer de cuello uterino",numero de ciclos entregados,2015-05-01,0,2,3,2,0,7
PALOS BLANCOS,"anticoncepcion, prevencion de its y de cancer de cuello uterino",numero de ciclos entregados,2015-05-01,0,0,60,6,0,66
PAMPA AULLAGAS,"anticoncepcion, prevencion de its y de cancer de cuello uterino",numero de ciclos entregados,2015-05-01,0,0,1,0,0,1
PAMPA GRANDE,"anticoncepcion, prevencion de its y de cancer de cuello uterino",numero de ciclos entregados,2015-05-01,0,3,30,12,0,45
PAPEL PAMPA,"anticoncepcion, prevencion de its y de cancer de cuello uterino",numero de ciclos entregados,2015-05-01,0,0,3,6,0,9
PASORAPA,"anticoncepcion, prevencion de its y de cancer de cuello uterino",numero de ciclos entregados,2015-05-01,0,0,9,3,0,12
PATACAMAYA,"anticoncepcion, prevencion de its y de cancer de cuello uterino",numero de ciclos entregados,2015-05-01,0,3,6,3,0,12
PAZÑA,"anticoncepcion, prevencion de its y de cancer de cuello uterino",numero de ciclos entregados,2015-05-01,0,0,4,0,0,4
PELECHUCO,"anticoncepcion, prevencion de its y de cancer de cuello uterino",numero de ciclos entregados,2015-05-01,0,0,7,10,0,17
POCOATA,"anticoncepcion, prevencion de its y de cancer de cuello uterino",numero de ciclos entregados,2015-05-01,0,0,15,3,0,18
POCONA,"anticoncepcion, prevencion de its y de cancer de cuello uterino",numero de ciclos entregados,2015-05-01,0,6,24,24,0,54
POJO (CBBA),"anticoncepcion, prevencion de its y de cancer de cuello uterino",numero de ciclos entregados,2015-05-01,0,3,21,3,0,27
POOPO,"anticoncepcion, prevencion de its y de cancer de cuello uterino",numero de ciclos entregados,2015-05-01,0,1,17,11,6,35
PORCO,"anticoncepcion, prevencion de its y de cancer de cuello uterino",numero de ciclos entregados,2015-05-01,0,0,15,0,0,15
POROMA,"anticoncepcion, prevencion de its y de cancer de cuello uterino",numero de ciclos entregados,2015-05-01,0,0,13,9,0,22
PORONGO,"anticoncepcion, prevencion de its y de cancer de cuello uterino",numero de ciclos entregados,2015-05-01,3,9,61,18,3,94
PORTACHUELO,"anticoncepcion, prevencion de its y de cancer de cuello uterino",numero de ciclos entregados,2015-05-01,0,12,84,30,6,132
PORVENIR,"anticoncepcion, prevencion de its y de cancer de cuello uterino",numero de ciclos entregados,2015-05-01,0,9,36,12,0,57
POSTRER VALLE,"anticoncepcion, prevencion de its y de cancer de cuello uterino",numero de ciclos entregados,2015-05-01,0,3,8,0,0,11
POTOSI,"anticoncepcion, prevencion de its y de cancer de cuello uterino",numero de ciclos entregados,2015-05-01,0,34,229,79,3,345
PRESTO,"anticoncepcion, prevencion de its y de cancer de cuello uterino",numero de ciclos entregados,2015-05-01,0,0,12,3,0,15
PUCARA,"anticoncepcion, prevencion de its y de cancer de cuello uterino",numero de ciclos entregados,2015-05-01,0,0,3,0,0,3
PUCARANI,"anticoncepcion, prevencion de its y de cancer de cuello uterino",numero de ciclos entregados,2015-05-01,0,0,18,12,0,30
PUERTO ACOSTA,"anticoncepcion, prevencion de its y de cancer de cuello uterino",numero de ciclos entregados,2015-05-01,0,0,2,4,0,6
PUERTO CARABUCO,"anticoncepcion, prevencion de its y de cancer de cuello uterino",numero de ciclos entregados,2015-05-01,0,0,6,3,0,9
PUERTO GONZALO MORENO,"anticoncepcion, prevencion de its y de cancer de cuello uterino",numero de ciclos entregados,2015-05-01,0,6,18,6,0,30
PUERTO PEREZ,"anticoncepcion, prevencion de its y de cancer de cuello uterino",numero de ciclos entregados,2015-05-01,0,0,0,3,0,3
PUERTO QUIJARRO,"anticoncepcion, prevencion de its y de cancer de cuello uterino",numero de ciclos entregados,2015-05-01,0,2,10,2,0,14
PUERTO RICO,"anticoncepcion, prevencion de its y de cancer de cuello uterino",numero de ciclos entregados,2015-05-01,0,3,24,9,0,36
PUERTO SILES,"anticoncepcion, prevencion de its y de cancer de cuello uterino",numero de ciclos entregados,2015-05-01,0,0,8,2,0,10
PUERTO SUAREZ,"anticoncepcion, prevencion de its y de cancer de cuello uterino",numero de ciclos entregados,2015-05-01,0,3,12,0,0,15
PUERTO VILLARROEL,"anticoncepcion, prevencion de its y de cancer de cuello uterino",numero de ciclos entregados,2015-05-01,0,7,55,5,0,67
PUNA,"anticoncepcion, prevencion de its y de cancer de cuello uterino",numero de ciclos entregados,2015-05-01,0,0,18,12,0,30
PUNATA,"anticoncepcion, prevencion de its y de cancer de cuello uterino",numero de ciclos entregados,2015-05-01,0,3,12,6,0,21
QUIABAYA,"anticoncepcion, prevencion de its y de cancer de cuello uterino",numero de ciclos entregados,2015-05-01,0,0,4,0,0,4
QUILLACOLLO,"anticoncepcion, prevencion de its y de cancer de cuello uterino",numero de ciclos entregados,2015-05-01,0,18,124,9,0,151
QUIME,"anticoncepcion, prevencion de its y de cancer de cuello uterino",numero de ciclos entregados,2015-05-01,0,0,33,3,0,36
QUIRUSILLAS,"anticoncepcion, prevencion de its y de cancer de cuello uterino",numero de ciclos entregados,2015-05-01,0,0,6,6,0,12
RAVELO,"anticoncepcion, prevencion de its y de cancer de cuello uterino",numero de ciclos entregados,2015-05-01,0,0,1,0,0,1
REYES,"anticoncepcion, prevencion de its y de cancer de cuello uterino",numero de ciclos entregados,2015-05-01,0,30,54,30,0,114
RIBERALTA,"anticoncepcion, prevencion de its y de cancer de cuello uterino",numero de ciclos entregados,2015-05-01,3,30,59,13,0,105
ROBORE,"anticoncepcion, prevencion de its y de cancer de cuello uterino",numero de ciclos entregados,2015-05-01,0,3,45,21,0,69
RURRENABAQUE,"anticoncepcion, prevencion de its y de cancer de cuello uterino",numero de ciclos entregados,2015-05-01,0,1,33,17,0,51
SABAYA,"anticoncepcion, prevencion de its y de cancer de cuello uterino",numero de ciclos entregados,2015-05-01,0,0,3,0,0,3
SACABA,"anticoncepcion, prevencion de its y de cancer de cuello uterino",numero de ciclos entregados,2015-05-01,0,16,66,14,0,96
SACACA,"anticoncepcion, prevencion de its y de cancer de cuello uterino",numero de ciclos entregados,2015-05-01,0,0,51,12,0,63
SAIPINA,"anticoncepcion, prevencion de its y de cancer de cuello uterino",numero de ciclos entregados,2015-05-01,0,0,9,0,0,9
SALINAS DE GARCI MENDOZA,"anticoncepcion, prevencion de its y de cancer de cuello uterino",numero de ciclos entregados,2015-05-01,0,0,12,0,0,12
SAMAIPATA,"anticoncepcion, prevencion de its y de cancer de cuello uterino",numero de ciclos entregados,2015-05-01,0,6,12,3,0,21
SAN AGUSTIN,"anticoncepcion, prevencion de its y de cancer de cuello uterino",numero de ciclos entregados,2015-05-01,0,0,3,4,0,7
SAN ANDRES,"anticoncepcion, prevencion de its y de cancer de cuello uterino",numero de ciclos entregados,2015-05-01,0,1,63,14,0,78
SAN ANDRES DE MACHACA,"anticoncepcion, prevencion de its y de cancer de cuello uterino",numero de ciclos entregados,2015-05-01,0,0,6,3,0,9
SAN ANTONIO DE LOMERIO,"anticoncepcion, prevencion de its y de cancer de cuello uterino",numero de ciclos entregados,2015-05-01,0,9,57,30,0,96
SAN BORJA,"anticoncepcion, prevencion de its y de cancer de cuello uterino",numero de ciclos entregados,2015-05-01,3,12,186,60,3,264
SAN BUENA VENTURA,"anticoncepcion, prevencion de its y de cancer de cuello uterino",numero de ciclos entregados,2015-05-01,0,0,9,0,0,9
SAN CARLOS,"anticoncepcion, prevencion de its y de cancer de cuello uterino",numero de ciclos entregados,2015-05-01,0,12,33,9,0,54
SAN IGNACIO,"anticoncepcion, prevencion de its y de cancer de cuello uterino",numero de ciclos entregados,2015-05-01,5,30,192,94,2,323
SAN IGNACIO DE VELASCO,"anticoncepcion, prevencion de its y de cancer de cuello uterino",numero de ciclos entregados,2015-05-01,0,25,170,42,0,237
SAN JAVIER(BNI),"anticoncepcion, prevencion de its y de cancer de cuello uterino",numero de ciclos entregados,2015-05-01,0,0,23,3,0,26
SAN JAVIER(STC),"anticoncepcion, prevencion de its y de cancer de cuello uterino",numero de ciclos entregados,2015-05-01,6,24,84,36,0,150
SAN JOSE DE CHIQUITOS,"anticoncepcion, prevencion de its y de cancer de cuello uterino",numero de ciclos entregados,2015-05-01,0,12,45,21,0,78
SAN JUAN DE YAPACANI,"anticoncepcion, prevencion de its y de cancer de cuello uterino",numero de ciclos entregados,2015-05-01,0,0,48,6,0,54
SAN JULIAN,"anticoncepcion, prevencion de its y de cancer de cuello uterino",numero de ciclos entregados,2015-05-01,3,0,78,27,0,108
SAN LORENZO(PND),"anticoncepcion, prevencion de its y de cancer de cuello uterino",numero de ciclos entregados,2015-05-01,0,3,6,0,0,9
SAN LORENZO(TJA),"anticoncepcion, prevencion de its y de cancer de cuello uterino",numero de ciclos entregados,2015-05-01,0,12,64,7,0,83
SAN LUCAS,"anticoncepcion, prevencion de its y de cancer de cuello uterino",numero de ciclos entregados,2015-05-01,0,0,12,12,0,24
SAN MATIAS,"anticoncepcion, prevencion de its y de cancer de cuello uterino",numero de ciclos entregados,2015-05-01,0,8,48,7,0,63
SAN MIGUEL DE VELASCO,"anticoncepcion, prevencion de its y de cancer de cuello uterino",numero de ciclos entregados,2015-05-01,0,2,43,45,0,90
SAN PABLO DE LIPEZ,"anticoncepcion, prevencion de its y de cancer de cuello uterino",numero de ciclos entregados,2015-05-01,0,0,0,3,0,3
SAN PEDRO,"anticoncepcion, prevencion de its y de cancer de cuello uterino",numero de ciclos entregados,2015-05-01,1,6,60,10,3,80
SAN PEDRO DE BUENA VISTA,"anticoncepcion, prevencion de its y de cancer de cuello uterino",numero de ciclos entregados,2015-05-01,0,12,27,18,0,57
SAN PEDRO DE CURAHUARA,"anticoncepcion, prevencion de its y de cancer de cuello uterino",numero de ciclos entregados,2015-05-01,0,0,3,7,0,10
SAN PEDRO DE QUEMES,"anticoncepcion, prevencion de its y de cancer de cuello uterino",numero de ciclos entregados,2015-05-01,0,0,3,0,0,3
SAN PEDRO DE TIQUINA,"anticoncepcion, prevencion de its y de cancer de cuello uterino",numero de ciclos entregados,2015-05-01,0,0,3,0,0,3
SAN PEDRO(PND),"anticoncepcion, prevencion de its y de cancer de cuello uterino",numero de ciclos entregados,2015-05-01,0,0,9,9,0,18
SAN RAFAEL,"anticoncepcion, prevencion de its y de cancer de cuello uterino",numero de ciclos entregados,2015-05-01,3,18,55,34,0,110
SAN RAMON BENI,"anticoncepcion, prevencion de its y de cancer de cuello uterino",numero de ciclos entregados,2015-05-01,0,3,27,9,0,39
SANTA ANA,"anticoncepcion, prevencion de its y de cancer de cuello uterino",numero de ciclos entregados,2015-05-01,0,63,129,38,0,230
SANTA CRUZ DE LA SIERRA,"anticoncepcion, prevencion de its y de cancer de cuello uterino",numero de ciclos entregados,2015-05-01,3,164,635,171,0,973
SANTA ROSA DEL SARA,"anticoncepcion, prevencion de its y de cancer de cuello uterino",numero de ciclos entregados,2015-05-01,0,27,72,18,0,117
SANTIAGO DE HUARI,"anticoncepcion, prevencion de its y de cancer de cuello uterino",numero de ciclos entregados,2015-05-01,0,0,2,0,0,2
SANTIAGO DE HUATA,"anticoncepcion, prevencion de its y de cancer de cuello uterino",numero de ciclos entregados,2015-05-01,0,0,0,3,0,3
SANTIVAÑES,"anticoncepcion, prevencion de its y de cancer de cuello uterino",numero de ciclos entregados,2015-05-01,0,0,15,1,0,16
SANTUARIO DE QUILLACAS,"anticoncepcion, prevencion de its y de cancer de cuello uterino",numero de ciclos entregados,2015-05-01,0,0,2,3,0,5
SAPAHAQUI,"anticoncepcion, prevencion de its y de cancer de cuello uterino",numero de ciclos entregados,2015-05-01,0,0,6,6,0,12
SENA,"anticoncepcion, prevencion de its y de cancer de cuello uterino",numero de ciclos entregados,2015-05-01,0,0,0,3,0,3
SHINAOTA,"anticoncepcion, prevencion de its y de cancer de cuello uterino",numero de ciclos entregados,2015-05-01,0,3,23,0,0,26
SICA SICA (VILLA AROMA),"anticoncepcion, prevencion de its y de cancer de cuello uterino",numero de ciclos entregados,2015-05-01,0,0,12,6,0,18
SICAYA,"anticoncepcion, prevencion de its y de cancer de cuello uterino",numero de ciclos entregados,2015-05-01,0,0,0,3,0,3
SIPE SIPE,"anticoncepcion, prevencion de its y de cancer de cuello uterino",numero de ciclos entregados,2015-05-01,0,0,59,14,3,76
SOPACHUY,"anticoncepcion, prevencion de its y de cancer de cuello uterino",numero de ciclos entregados,2015-05-01,0,0,24,6,0,30
SORACACHI,"anticoncepcion, prevencion de its y de cancer de cuello uterino",numero de ciclos entregados,2015-05-01,0,0,3,3,0,6
SORATA,"anticoncepcion, prevencion de its y de cancer de cuello uterino",numero de ciclos entregados,2015-05-01,0,0,19,6,0,25
SUCRE,"anticoncepcion, prevencion de its y de cancer de cuello uterino",numero de ciclos entregados,2015-05-01,0,63,442,176,3,684
TACACOMA,"anticoncepcion, prevencion de its y de cancer de cuello uterino",numero de ciclos entregados,2015-05-01,0,0,22,3,0,25
TAPACARI,"anticoncepcion, prevencion de its y de cancer de cuello uterino",numero de ciclos entregados,2015-05-01,0,1,0,4,0,5
TARABUCO,"anticoncepcion, prevencion de its y de cancer de cuello uterino",numero de ciclos entregados,2015-05-01,0,9,12,0,0,21
TARACO,"anticoncepcion, prevencion de its y de cancer de cuello uterino",numero de ciclos entregados,2015-05-01,0,0,12,3,0,15
TARATA,"anticoncepcion, prevencion de its y de cancer de cuello uterino",numero de ciclos entregados,2015-05-01,0,0,3,0,0,3
TARIJA,"anticoncepcion, prevencion de its y de cancer de cuello uterino",numero de ciclos entregados,2015-05-01,3,31,169,93,20,316
TARVITA,"anticoncepcion, prevencion de its y de cancer de cuello uterino",numero de ciclos entregados,2015-05-01,0,5,33,11,3,52
TEOPONTE,"anticoncepcion, prevencion de its y de cancer de cuello uterino",numero de ciclos entregados,2015-05-01,0,0,6,0,0,6
TIAWANACU,"anticoncepcion, prevencion de its y de cancer de cuello uterino",numero de ciclos entregados,2015-05-01,0,3,21,9,0,33
TINGUIPAYA,"anticoncepcion, prevencion de its y de cancer de cuello uterino",numero de ciclos entregados,2015-05-01,0,0,8,0,0,8
TIPUANI,"anticoncepcion, prevencion de its y de cancer de cuello uterino",numero de ciclos entregados,2015-05-01,0,0,9,0,0,9
TIQUIPAYA,"anticoncepcion, prevencion de its y de cancer de cuello uterino",numero de ciclos entregados,2015-05-01,0,7,58,4,0,69
TIRAQUE (CBBA),"anticoncepcion, prevencion de its y de cancer de cuello uterino",numero de ciclos entregados,2015-05-01,0,0,9,0,0,9
TOCO,"anticoncepcion, prevencion de its y de cancer de cuello uterino",numero de ciclos entregados,2015-05-01,0,0,3,0,0,3
TOLATA,"anticoncepcion, prevencion de its y de cancer de cuello uterino",numero de ciclos entregados,2015-05-01,0,0,0,3,0,3
TOMAVE,"anticoncepcion, prevencion de its y de cancer de cuello uterino",numero de ciclos entregados,2015-05-01,0,3,21,3,6,33
TOMINA,"anticoncepcion, prevencion de its y de cancer de cuello uterino",numero de ciclos entregados,2015-05-01,0,3,2,6,0,11
TORO TORO,"anticoncepcion, prevencion de its y de cancer de cuello uterino",numero de ciclos entregados,2015-05-01,0,3,9,0,0,12
TOTORA(CBBA),"anticoncepcion, prevencion de its y de cancer de cuello uterino",numero de ciclos entregados,2015-05-01,0,6,0,1,0,7
TOTORA(ORR),"anticoncepcion, prevencion de its y de cancer de cuello uterino",numero de ciclos entregados,2015-05-01,0,1,2,0,0,3
TRIGAL,"anticoncepcion, prevencion de its y de cancer de cuello uterino",numero de ciclos entregados,2015-05-01,0,0,6,0,0,6
TRINIDAD,"anticoncepcion, prevencion de its y de cancer de cuello uterino",numero de ciclos entregados,2015-05-01,0,11,87,20,0,118
TUPIZA,"anticoncepcion, prevencion de its y de cancer de cuello uterino",numero de ciclos entregados,2015-05-01,0,1,8,0,0,9
UMALA,"anticoncepcion, prevencion de its y de cancer de cuello uterino",numero de ciclos entregados,2015-05-01,0,0,3,0,0,3
UNCIA,"anticoncepcion, prevencion de its y de cancer de cuello uterino",numero de ciclos entregados,2015-05-01,0,0,12,6,0,18
URIONDO (A. CONCEPCION),"anticoncepcion, prevencion de its y de cancer de cuello uterino",numero de ciclos entregados,2015-05-01,3,9,25,12,3,52
URUBICHA,"anticoncepcion, prevencion de its y de cancer de cuello uterino",numero de ciclos entregados,2015-05-01,0,0,33,6,0,39
UYUNI,"anticoncepcion, prevencion de its y de cancer de cuello uterino",numero de ciclos entregados,2015-05-01,0,0,15,3,0,18
VACAS,"anticoncepcion, prevencion de its y de cancer de cuello uterino",numero de ciclos entregados,2015-05-01,0,0,4,3,0,7
VALLEGRANDE,"anticoncepcion, prevencion de its y de cancer de cuello uterino",numero de ciclos entregados,2015-05-01,3,6,31,11,0,51
VIACHA,"anticoncepcion, prevencion de its y de cancer de cuello uterino",numero de ciclos entregados,2015-05-01,0,12,44,17,0,73
VILA VILA,"anticoncepcion, prevencion de its y de cancer de cuello uterino",numero de ciclos entregados,2015-05-01,0,0,3,0,0,3
VILLA CHARCAS,"anticoncepcion, prevencion de its y de cancer de cuello uterino",numero de ciclos entregados,2015-05-01,0,6,12,3,0,21
VILLA MONTES,"anticoncepcion, prevencion de its y de cancer de cuello uterino",numero de ciclos entregados,2015-05-01,3,14,87,13,0,117
VILLA NUEVA (LOMA ALTA),"anticoncepcion, prevencion de its y de cancer de cuello uterino",numero de ciclos entregados,2015-05-01,0,0,3,0,0,3
VILLA RIVERO,"anticoncepcion, prevencion de its y de cancer de cuello uterino",numero de ciclos entregados,2015-05-01,0,3,0,0,0,3
VILLA SERRANO,"anticoncepcion, prevencion de its y de cancer de cuello uterino",numero de ciclos entregados,2015-05-01,0,0,15,9,0,24
VILLA TUNARI,"anticoncepcion, prevencion de its y de cancer de cuello uterino",numero de ciclos entregados,2015-05-01,4,14,78,25,0,121
VILLA VACA GUZMAN (MUYUPAMPA),"anticoncepcion, prevencion de its y de cancer de cuello uterino",numero de ciclos entregados,2015-05-01,0,4,24,9,0,37
VILLAZON,"anticoncepcion, prevencion de its y de cancer de cuello uterino",numero de ciclos entregados,2015-05-01,0,12,46,24,0,82
VINTO,"anticoncepcion, prevencion de its y de cancer de cuello uterino",numero de ciclos entregados,2015-05-01,0,0,27,15,0,42
VITICHI,"anticoncepcion, prevencion de its y de cancer de cuello uterino",numero de ciclos entregados,2015-05-01,0,0,13,9,0,22
WALDO BALLIVIAN,"anticoncepcion, prevencion de its y de cancer de cuello uterino",numero de ciclos entregados,2015-05-01,0,0,0,6,0,6
WARNES,"anticoncepcion, prevencion de its y de cancer de cuello uterino",numero de ciclos entregados,2015-05-01,0,19,105,27,0,151
YACO,"anticoncepcion, prevencion de its y de cancer de cuello uterino",numero de ciclos entregados,2015-05-01,0,6,0,3,0,9
YACUIBA,"anticoncepcion, prevencion de its y de cancer de cuello uterino",numero de ciclos entregados,2015-05-01,0,21,171,59,0,251
YANACACHI,"anticoncepcion, prevencion de its y de cancer de cuello uterino",numero de ciclos entregados,2015-05-01,0,0,18,3,0,21
YAPACANI,"anticoncepcion, prevencion de its y de cancer de cuello uterino",numero de ciclos entregados,2015-05-01,0,9,48,18,0,75
YOTALA,"anticoncepcion, prevencion de its y de cancer de cuello uterino",numero de ciclos entregados,2015-05-01,0,0,3,0,0,3
YUNCHARA,"anticoncepcion, prevencion de its y de cancer de cuello uterino",numero de ciclos entregados,2015-05-01,0,10,7,0,0,17
ZUDAÑEZ,"anticoncepcion, prevencion de its y de cancer de cuello uterino",numero de ciclos entregados,2015-05-01,0,3,15,3,0,21
ACACIO,"anticoncepcion, prevencion de its y de cancer de cuello uterino",numero de ciclos entregados,2015-06-01,0,0,6,6,3,15
ACHACACHI,"anticoncepcion, prevencion de its y de cancer de cuello uterino",numero de ciclos entregados,2015-06-01,0,0,14,4,0,18
ACHOCALLA,"anticoncepcion, prevencion de its y de cancer de cuello uterino",numero de ciclos entregados,2015-06-01,0,3,21,0,0,24
AIQUILE,"anticoncepcion, prevencion de its y de cancer de cuello uterino",numero de ciclos entregados,2015-06-01,0,9,18,9,0,36
ALCALA,"anticoncepcion, prevencion de its y de cancer de cuello uterino",numero de ciclos entregados,2015-06-01,0,3,6,6,0,15
ALTO BENI,"anticoncepcion, prevencion de its y de cancer de cuello uterino",numero de ciclos entregados,2015-06-01,0,0,27,9,3,39
ANCORAIMES,"anticoncepcion, prevencion de its y de cancer de cuello uterino",numero de ciclos entregados,2015-06-01,0,0,8,0,0,8
ANDAMARCA,"anticoncepcion, prevencion de its y de cancer de cuello uterino",numero de ciclos entregados,2015-06-01,0,0,2,0,0,2
ANTEQUERA,"anticoncepcion, prevencion de its y de cancer de cuello uterino",numero de ciclos entregados,2015-06-01,0,0,24,0,0,24
ANZALDO,"anticoncepcion, prevencion de its y de cancer de cuello uterino",numero de ciclos entregados,2015-06-01,0,0,0,1,0,1
APOLO,"anticoncepcion, prevencion de its y de cancer de cuello uterino",numero de ciclos entregados,2015-06-01,0,9,34,11,0,54
ARAMPAMPA,"anticoncepcion, prevencion de its y de cancer de cuello uterino",numero de ciclos entregados,2015-06-01,0,3,9,6,0,18
ARANI,"anticoncepcion, prevencion de its y de cancer de cuello uterino",numero de ciclos entregados,2015-06-01,0,0,9,0,0,9
ARBIETO,"anticoncepcion, prevencion de its y de cancer de cuello uterino",numero de ciclos entregados,2015-06-01,0,6,17,4,0,27
ARQUE,"anticoncepcion, prevencion de its y de cancer de cuello uterino",numero de ciclos entregados,2015-06-01,0,0,11,1,0,12
ASCENCION DE GUARAYOS,"anticoncepcion, prevencion de its y de cancer de cuello uterino",numero de ciclos entregados,2015-06-01,0,15,66,42,0,123
ATOCHA,"anticoncepcion, prevencion de its y de cancer de cuello uterino",numero de ciclos entregados,2015-06-01,0,3,17,6,0,26
AYATA,"anticoncepcion, prevencion de its y de cancer de cuello uterino",numero de ciclos entregados,2015-06-01,0,1,6,10,0,17
AYO AYO,"anticoncepcion, prevencion de its y de cancer de cuello uterino",numero de ciclos entregados,2015-06-01,0,0,3,6,0,9
AYOPAYA (V. DE INDEPENDENCIA),"anticoncepcion, prevencion de its y de cancer de cuello uterino",numero de ciclos entregados,2015-06-01,0,0,54,30,0,84
AZURDUY,"anticoncepcion, prevencion de its y de cancer de cuello uterino",numero de ciclos entregados,2015-06-01,0,0,21,6,0,27
BATALLAS,"anticoncepcion, prevencion de its y de cancer de cuello uterino",numero de ciclos entregados,2015-06-01,0,3,9,0,0,12
BAURES,"anticoncepcion, prevencion de its y de cancer de cuello uterino",numero de ciclos entregados,2015-06-01,0,10,21,5,0,36
BELLA FLOR,"anticoncepcion, prevencion de its y de cancer de cuello uterino",numero de ciclos entregados,2015-06-01,6,15,36,9,0,66
BERMEJO,"anticoncepcion, prevencion de its y de cancer de cuello uterino",numero de ciclos entregados,2015-06-01,0,0,26,15,3,44
BETANZOS,"anticoncepcion, prevencion de its y de cancer de cuello uterino",numero de ciclos entregados,2015-06-01,0,0,3,3,0,6
BOLIVAR,"anticoncepcion, prevencion de its y de cancer de cuello uterino",numero de ciclos entregados,2015-06-01,0,0,3,0,0,3
BOLPEBRA,"anticoncepcion, prevencion de its y de cancer de cuello uterino",numero de ciclos entregados,2015-06-01,4,12,27,13,0,56
BOYUIBE,"anticoncepcion, prevencion de its y de cancer de cuello uterino",numero de ciclos entregados,2015-06-01,0,0,15,6,0,21
BUENA VISTA,"anticoncepcion, prevencion de its y de cancer de cuello uterino",numero de ciclos entregados,2015-06-01,3,9,34,10,0,56
CABEZAS,"anticoncepcion, prevencion de its y de cancer de cuello uterino",numero de ciclos entregados,2015-06-01,3,12,117,9,0,141
CAIROMA,"anticoncepcion, prevencion de its y de cancer de cuello uterino",numero de ciclos entregados,2015-06-01,0,3,0,0,0,3
"CAIZA ""D""","anticoncepcion, prevencion de its y de cancer de cuello uterino",numero de ciclos entregados,2015-06-01,0,0,19,0,0,19
CAJUATA,"anticoncepcion, prevencion de its y de cancer de cuello uterino",numero de ciclos entregados,2015-06-01,0,1,9,6,0,16
CALAMARCA,"anticoncepcion, prevencion de its y de cancer de cuello uterino",numero de ciclos entregados,2015-06-01,0,3,21,9,0,33
CAMARGO,"anticoncepcion, prevencion de its y de cancer de cuello uterino",numero de ciclos entregados,2015-06-01,0,0,12,7,0,19
CAMATAQUI (C. VILLA ABECIA),"anticoncepcion, prevencion de its y de cancer de cuello uterino",numero de ciclos entregados,2015-06-01,0,0,6,3,0,9
CAMIRI,"anticoncepcion, prevencion de its y de cancer de cuello uterino",numero de ciclos entregados,2015-06-01,0,0,15,15,0,30
CAPINOTA,"anticoncepcion, prevencion de its y de cancer de cuello uterino",numero de ciclos entregados,2015-06-01,0,0,9,3,0,12
CARACOLLO,"anticoncepcion, prevencion de its y de cancer de cuello uterino",numero de ciclos entregados,2015-06-01,0,0,12,1,0,13
CARANAVI,"anticoncepcion, prevencion de its y de cancer de cuello uterino",numero de ciclos entregados,2015-06-01,0,3,27,12,3,45
CARAPARI,"anticoncepcion, prevencion de its y de cancer de cuello uterino",numero de ciclos entregados,2015-06-01,0,0,63,6,0,69
CARIPUYO,"anticoncepcion, prevencion de its y de cancer de cuello uterino",numero de ciclos entregados,2015-06-01,0,0,6,0,0,6
CARMEN RIVERO TORREZ,"anticoncepcion, prevencion de its y de cancer de cuello uterino",numero de ciclos entregados,2015-06-01,0,0,15,3,0,18
CATACORA,"anticoncepcion, prevencion de its y de cancer de cuello uterino",numero de ciclos entregados,2015-06-01,0,0,0,3,0,3
CHALLAPATA,"anticoncepcion, prevencion de its y de cancer de cuello uterino",numero de ciclos entregados,2015-06-01,0,3,14,3,0,20
CHAQUI,"anticoncepcion, prevencion de its y de cancer de cuello uterino",numero de ciclos entregados,2015-06-01,0,0,3,3,0,6
CHARAGUA,"anticoncepcion, prevencion de its y de cancer de cuello uterino",numero de ciclos entregados,2015-06-01,0,15,60,18,0,93
CHAYANTA,"anticoncepcion, prevencion de its y de cancer de cuello uterino",numero de ciclos entregados,2015-06-01,0,0,6,0,0,6
CHIMORE,"anticoncepcion, prevencion de its y de cancer de cuello uterino",numero de ciclos entregados,2015-06-01,0,2,30,9,0,41
CHUA COCANI,"anticoncepcion, prevencion de its y de cancer de cuello uterino",numero de ciclos entregados,2015-06-01,0,1,9,3,0,13
CHULUMANI (V. DE LA LIBERTAD),"anticoncepcion, prevencion de its y de cancer de cuello uterino",numero de ciclos entregados,2015-06-01,0,3,6,6,0,15
CHUMA,"anticoncepcion, prevencion de its y de cancer de cuello uterino",numero de ciclos entregados,2015-06-01,0,1,2,7,0,10
CHUQUIHUTA AYLLU JUCUMANI,"anticoncepcion, prevencion de its y de cancer de cuello uterino",numero de ciclos entregados,2015-06-01,0,0,9,3,0,12
CLIZA,"anticoncepcion, prevencion de its y de cancer de cuello uterino",numero de ciclos entregados,2015-06-01,0,6,36,3,0,45
COBIJA,"anticoncepcion, prevencion de its y de cancer de cuello uterino",numero de ciclos entregados,2015-06-01,2,18,95,29,0,144
COCAPATA,"anticoncepcion, prevencion de its y de cancer de cuello uterino",numero de ciclos entregados,2015-06-01,0,0,23,6,0,29
COCHABAMBA,"anticoncepcion, prevencion de its y de cancer de cuello uterino",numero de ciclos entregados,2015-06-01,0,31,375,45,0,451
COIPASA,"anticoncepcion, prevencion de its y de cancer de cuello uterino",numero de ciclos entregados,2015-06-01,0,0,3,0,0,3
COLCAPIRHUA,"anticoncepcion, prevencion de its y de cancer de cuello uterino",numero de ciclos entregados,2015-06-01,0,6,27,12,0,45
"COLCHA ""K""","anticoncepcion, prevencion de its y de cancer de cuello uterino",numero de ciclos entregados,2015-06-01,0,0,9,6,0,15
COLLANA,"anticoncepcion, prevencion de its y de cancer de cuello uterino",numero de ciclos entregados,2015-06-01,0,3,0,0,0,3
COLOMI,"anticoncepcion, prevencion de its y de cancer de cuello uterino",numero de ciclos entregados,2015-06-01,0,0,6,0,0,6
COLPA BELGICA,"anticoncepcion, prevencion de its y de cancer de cuello uterino",numero de ciclos entregados,2015-06-01,0,12,39,12,0,63
COLQUECHACA,"anticoncepcion, prevencion de its y de cancer de cuello uterino",numero de ciclos entregados,2015-06-01,0,3,21,10,0,34
COLQUENCHA,"anticoncepcion, prevencion de its y de cancer de cuello uterino",numero de ciclos entregados,2015-06-01,0,0,6,6,0,12
COLQUIRI,"anticoncepcion, prevencion de its y de cancer de cuello uterino",numero de ciclos entregados,2015-06-01,0,0,6,0,0,6
COMANCHE,"anticoncepcion, prevencion de its y de cancer de cuello uterino",numero de ciclos entregados,2015-06-01,0,0,3,0,0,3
COMARAPA,"anticoncepcion, prevencion de its y de cancer de cuello uterino",numero de ciclos entregados,2015-06-01,0,3,19,3,0,25
COMBAYA,"anticoncepcion, prevencion de its y de cancer de cuello uterino",numero de ciclos entregados,2015-06-01,0,0,0,3,0,3
CONCEPCION,"anticoncepcion, prevencion de its y de cancer de cuello uterino",numero de ciclos entregados,2015-06-01,0,3,30,9,0,42
COPACABANA,"anticoncepcion, prevencion de its y de cancer de cuello uterino",numero de ciclos entregados,2015-06-01,0,0,3,0,0,3
CORIPATA,"anticoncepcion, prevencion de its y de cancer de cuello uterino",numero de ciclos entregados,2015-06-01,0,3,3,3,0,9
COROICO,"anticoncepcion, prevencion de its y de cancer de cuello uterino",numero de ciclos entregados,2015-06-01,0,0,55,27,0,82
CORQUE,"anticoncepcion, prevencion de its y de cancer de cuello uterino",numero de ciclos entregados,2015-06-01,0,0,3,3,0,6
COTAGAITA,"anticoncepcion, prevencion de its y de cancer de cuello uterino",numero de ciclos entregados,2015-06-01,0,3,27,24,0,54
COTOCA,"anticoncepcion, prevencion de its y de cancer de cuello uterino",numero de ciclos entregados,2015-06-01,0,21,105,18,0,144
CRUZ DE MACHACAMARCA,"anticoncepcion, prevencion de its y de cancer de cuello uterino",numero de ciclos entregados,2015-06-01,0,0,7,0,0,7
CUATRO CAÑADAS,"anticoncepcion, prevencion de its y de cancer de cuello uterino",numero de ciclos entregados,2015-06-01,0,12,30,24,4,70
CUCHUMUELA (V. G. VILLARROEL),"anticoncepcion, prevencion de its y de cancer de cuello uterino",numero de ciclos entregados,2015-06-01,0,3,0,0,0,3
CUEVO,"anticoncepcion, prevencion de its y de cancer de cuello uterino",numero de ciclos entregados,2015-06-01,0,0,9,3,0,12
CULPINA,"anticoncepcion, prevencion de its y de cancer de cuello uterino",numero de ciclos entregados,2015-06-01,0,3,23,9,0,35
CURAHUARA DE CARANGAS,"anticoncepcion, prevencion de its y de cancer de cuello uterino",numero de ciclos entregados,2015-06-01,0,0,3,0,0,3
CURVA,"anticoncepcion, prevencion de its y de cancer de cuello uterino",numero de ciclos entregados,2015-06-01,0,1,1,0,0,2
DESAGUADERO,"anticoncepcion, prevencion de its y de cancer de cuello uterino",numero de ciclos entregados,2015-06-01,0,0,6,0,0,6
EL ALTO,"anticoncepcion, prevencion de its y de cancer de cuello uterino",numero de ciclos entregados,2015-06-01,0,76,1020,672,4,1772
EL CHORO,"anticoncepcion, prevencion de its y de cancer de cuello uterino",numero de ciclos entregados,2015-06-01,0,0,12,0,0,12
EL PUENTE(STC),"anticoncepcion, prevencion de its y de cancer de cuello uterino",numero de ciclos entregados,2015-06-01,0,3,25,0,0,28
EL PUENTE(TJA),"anticoncepcion, prevencion de its y de cancer de cuello uterino",numero de ciclos entregados,2015-06-01,0,0,21,7,3,31
EL TORNO,"anticoncepcion, prevencion de its y de cancer de cuello uterino",numero de ciclos entregados,2015-06-01,12,36,174,60,0,282
EL VILLAR,"anticoncepcion, prevencion de its y de cancer de cuello uterino",numero de ciclos entregados,2015-06-01,0,0,12,15,3,30
ENTRE RIOS TRJ,"anticoncepcion, prevencion de its y de cancer de cuello uterino",numero de ciclos entregados,2015-06-01,0,9,58,14,0,81
ENTRE RIOS CBBA,"anticoncepcion, prevencion de its y de cancer de cuello uterino",numero de ciclos entregados,2015-06-01,0,0,43,15,0,58
EUREKA (SANTOS MERCADO),"anticoncepcion, prevencion de its y de cancer de cuello uterino",numero de ciclos entregados,2015-06-01,0,1,15,3,0,19
EXALTACION,"anticoncepcion, prevencion de its y de cancer de cuello uterino",numero de ciclos entregados,2015-06-01,0,1,6,0,0,7
FERNANDEZ ALONSO,"anticoncepcion, prevencion de its y de cancer de cuello uterino",numero de ciclos entregados,2015-06-01,0,3,39,0,0,42
FILADELFIA,"anticoncepcion, prevencion de its y de cancer de cuello uterino",numero de ciclos entregados,2015-06-01,0,6,25,0,0,31
GENERAL SAAVEDRA,"anticoncepcion, prevencion de its y de cancer de cuello uterino",numero de ciclos entregados,2015-06-01,0,7,92,39,0,138
GRAL. J.J. PEREZ (CHARAZANI),"anticoncepcion, prevencion de its y de cancer de cuello uterino",numero de ciclos entregados,2015-06-01,0,1,3,0,0,4
GUANAY,"anticoncepcion, prevencion de its y de cancer de cuello uterino",numero de ciclos entregados,2015-06-01,0,3,6,3,0,12
GUAQUI,"anticoncepcion, prevencion de its y de cancer de cuello uterino",numero de ciclos entregados,2015-06-01,0,3,3,3,0,9
GUAYARAMERIN,"anticoncepcion, prevencion de its y de cancer de cuello uterino",numero de ciclos entregados,2015-06-01,0,0,0,3,0,3
GUTIERREZ,"anticoncepcion, prevencion de its y de cancer de cuello uterino",numero de ciclos entregados,2015-06-01,0,3,7,6,0,16
HUACARETA,"anticoncepcion, prevencion de its y de cancer de cuello uterino",numero de ciclos entregados,2015-06-01,0,6,36,21,0,63
HUACAYA (VILLA DE HUACAYA),"anticoncepcion, prevencion de its y de cancer de cuello uterino",numero de ciclos entregados,2015-06-01,0,0,3,3,0,6
HUACHACALLA,"anticoncepcion, prevencion de its y de cancer de cuello uterino",numero de ciclos entregados,2015-06-01,0,1,12,0,0,13
HUANUNI,"anticoncepcion, prevencion de its y de cancer de cuello uterino",numero de ciclos entregados,2015-06-01,0,0,1,0,0,1
HUARACAJE,"anticoncepcion, prevencion de its y de cancer de cuello uterino",numero de ciclos entregados,2015-06-01,0,7,40,13,0,60
HUARINA,"anticoncepcion, prevencion de its y de cancer de cuello uterino",numero de ciclos entregados,2015-06-01,0,0,2,0,0,2
HUATAJATA,"anticoncepcion, prevencion de its y de cancer de cuello uterino",numero de ciclos entregados,2015-06-01,0,0,3,1,0,4
HUAYLLAMARCA,"anticoncepcion, prevencion de its y de cancer de cuello uterino",numero de ciclos entregados,2015-06-01,0,0,0,6,0,6
HUMANATA,"anticoncepcion, prevencion de its y de cancer de cuello uterino",numero de ciclos entregados,2015-06-01,0,0,3,3,0,6
ICLA,"anticoncepcion, prevencion de its y de cancer de cuello uterino",numero de ciclos entregados,2015-06-01,3,3,12,15,0,33
INCAHUASI,"anticoncepcion, prevencion de its y de cancer de cuello uterino",numero de ciclos entregados,2015-06-01,0,1,18,6,0,25
INGAVI (HUMAITA),"anticoncepcion, prevencion de its y de cancer de cuello uterino",numero de ciclos entregados,2015-06-01,0,3,0,0,0,3
INQUISIVI,"anticoncepcion, prevencion de its y de cancer de cuello uterino",numero de ciclos entregados,2015-06-01,0,0,3,0,0,3
IRUPANA (VILLA DE LANZA),"anticoncepcion, prevencion de its y de cancer de cuello uterino",numero de ciclos entregados,2015-06-01,0,3,18,18,6,45
IXIAMAS,"anticoncepcion, prevencion de its y de cancer de cuello uterino",numero de ciclos entregados,2015-06-01,0,3,21,12,0,36
JESUS DE MACHACA,"anticoncepcion, prevencion de its y de cancer de cuello uterino",numero de ciclos entregados,2015-06-01,0,0,9,0,0,9
LA ASUNTA,"anticoncepcion, prevencion de its y de cancer de cuello uterino",numero de ciclos entregados,2015-06-01,0,3,70,12,0,85
LA GUARDIA,"anticoncepcion, prevencion de its y de cancer de cuello uterino",numero de ciclos entregados,2015-06-01,0,24,198,27,0,249
LA PAZ,"anticoncepcion, prevencion de its y de cancer de cuello uterino",numero de ciclos entregados,2015-06-01,1,24,491,140,0,656
LA RIVERA,"anticoncepcion, prevencion de its y de cancer de cuello uterino",numero de ciclos entregados,2015-06-01,0,0,3,0,0,3
LAGUNILLAS,"anticoncepcion, prevencion de its y de cancer de cuello uterino",numero de ciclos entregados,2015-06-01,0,3,23,26,0,52
LAJA,"anticoncepcion, prevencion de its y de cancer de cuello uterino",numero de ciclos entregados,2015-06-01,0,9,15,6,0,30
LAS CARRERAS,"anticoncepcion, prevencion de its y de cancer de cuello uterino",numero de ciclos entregados,2015-06-01,0,0,4,3,0,7
LICOMA PAMPA,"anticoncepcion, prevencion de its y de cancer de cuello uterino",numero de ciclos entregados,2015-06-01,0,0,6,3,0,9
LLALLAGUA,"anticoncepcion, prevencion de its y de cancer de cuello uterino",numero de ciclos entregados,2015-06-01,0,3,37,3,0,43
LLICA,"anticoncepcion, prevencion de its y de cancer de cuello uterino",numero de ciclos entregados,2015-06-01,0,3,12,6,0,21
LORETO,"anticoncepcion, prevencion de its y de cancer de cuello uterino",numero de ciclos entregados,2015-06-01,3,3,16,8,0,30
MACHACAMARCA,"anticoncepcion, prevencion de its y de cancer de cuello uterino",numero de ciclos entregados,2015-06-01,0,0,0,1,0,1
MACHARETI,"anticoncepcion, prevencion de its y de cancer de cuello uterino",numero de ciclos entregados,2015-06-01,0,5,20,5,0,30
MAGDALENA,"anticoncepcion, prevencion de its y de cancer de cuello uterino",numero de ciclos entregados,2015-06-01,0,2,82,0,0,84
MAIRANA,"anticoncepcion, prevencion de its y de cancer de cuello uterino",numero de ciclos entregados,2015-06-01,0,9,27,3,0,39
MAPIRI,"anticoncepcion, prevencion de its y de cancer de cuello uterino",numero de ciclos entregados,2015-06-01,0,0,9,0,0,9
MECAPACA,"anticoncepcion, prevencion de its y de cancer de cuello uterino",numero de ciclos entregados,2015-06-01,0,0,1,4,0,5
MINEROS,"anticoncepcion, prevencion de its y de cancer de cuello uterino",numero de ciclos entregados,2015-06-01,0,4,78,15,0,97
MIZQUE,"anticoncepcion, prevencion de its y de cancer de cuello uterino",numero de ciclos entregados,2015-06-01,0,0,21,3,0,24
MOCOMOCO,"anticoncepcion, prevencion de its y de cancer de cuello uterino",numero de ciclos entregados,2015-06-01,0,0,6,0,0,6
MOJOCOYA,"anticoncepcion, prevencion de its y de cancer de cuello uterino",numero de ciclos entregados,2015-06-01,0,0,6,6,0,12
MONTEAGUDO,"anticoncepcion, prevencion de its y de cancer de cuello uterino",numero de ciclos entregados,2015-06-01,0,10,34,23,0,67
MONTERO,"anticoncepcion, prevencion de its y de cancer de cuello uterino",numero de ciclos entregados,2015-06-01,3,20,74,8,0,105
MORO MORO,"anticoncepcion, prevencion de its y de cancer de cuello uterino",numero de ciclos entregados,2015-06-01,1,0,9,3,0,13
MOROCHATA,"anticoncepcion, prevencion de its y de cancer de cuello uterino",numero de ciclos entregados,2015-06-01,0,0,11,13,0,24
NUEVO MANOA (NUEVA ESPERANZA),"anticoncepcion, prevencion de its y de cancer de cuello uterino",numero de ciclos entregados,2015-06-01,0,0,3,0,0,3
OCURI,"anticoncepcion, prevencion de its y de cancer de cuello uterino",numero de ciclos entregados,2015-06-01,0,6,18,6,0,30
OKINAWA,"anticoncepcion, prevencion de its y de cancer de cuello uterino",numero de ciclos entregados,2015-06-01,0,3,21,15,0,39
OMEREQUE,"anticoncepcion, prevencion de its y de cancer de cuello uterino",numero de ciclos entregados,2015-06-01,0,0,33,15,0,48
ORURO,"anticoncepcion, prevencion de its y de cancer de cuello uterino",numero de ciclos entregados,2015-06-01,3,41,179,62,3,288
PADCAYA,"anticoncepcion, prevencion de its y de cancer de cuello uterino",numero de ciclos entregados,2015-06-01,0,12,66,30,0,108
PADILLA,"anticoncepcion, prevencion de its y de cancer de cuello uterino",numero de ciclos entregados,2015-06-01,0,9,45,6,0,60
PAILON,"anticoncepcion, prevencion de its y de cancer de cuello uterino",numero de ciclos entregados,2015-06-01,0,12,9,0,0,21
PALCA,"anticoncepcion, prevencion de its y de cancer de cuello uterino",numero de ciclos entregados,2015-06-01,0,1,3,2,0,6
PALOS BLANCOS,"anticoncepcion, prevencion de its y de cancer de cuello uterino",numero de ciclos entregados,2015-06-01,0,0,72,36,3,111
PAMPA AULLAGAS,"anticoncepcion, prevencion de its y de cancer de cuello uterino",numero de ciclos entregados,2015-06-01,0,0,6,3,0,9
PAMPA GRANDE,"anticoncepcion, prevencion de its y de cancer de cuello uterino",numero de ciclos entregados,2015-06-01,0,0,25,6,1,32
PAPEL PAMPA,"anticoncepcion, prevencion de its y de cancer de cuello uterino",numero de ciclos entregados,2015-06-01,0,6,3,3,0,12
PASORAPA,"anticoncepcion, prevencion de its y de cancer de cuello uterino",numero de ciclos entregados,2015-06-01,0,0,3,6,0,9
PATACAMAYA,"anticoncepcion, prevencion de its y de cancer de cuello uterino",numero de ciclos entregados,2015-06-01,0,0,3,3,0,6
PAZÑA,"anticoncepcion, prevencion de its y de cancer de cuello uterino",numero de ciclos entregados,2015-06-01,0,0,3,5,0,8
PELECHUCO,"anticoncepcion, prevencion de its y de cancer de cuello uterino",numero de ciclos entregados,2015-06-01,0,6,37,15,0,58
POCOATA,"anticoncepcion, prevencion de its y de cancer de cuello uterino",numero de ciclos entregados,2015-06-01,0,0,6,3,0,9
POCONA,"anticoncepcion, prevencion de its y de cancer de cuello uterino",numero de ciclos entregados,2015-06-01,0,9,30,18,0,57
POJO (CBBA),"anticoncepcion, prevencion de its y de cancer de cuello uterino",numero de ciclos entregados,2015-06-01,0,0,9,6,0,15
POOPO,"anticoncepcion, prevencion de its y de cancer de cuello uterino",numero de ciclos entregados,2015-06-01,0,0,4,0,0,4
PORCO,"anticoncepcion, prevencion de its y de cancer de cuello uterino",numero de ciclos entregados,2015-06-01,0,0,15,6,0,21
POROMA,"anticoncepcion, prevencion de its y de cancer de cuello uterino",numero de ciclos entregados,2015-06-01,0,3,13,8,0,24
PORONGO,"anticoncepcion, prevencion de its y de cancer de cuello uterino",numero de ciclos entregados,2015-06-01,0,15,69,9,0,93
PORTACHUELO,"anticoncepcion, prevencion de its y de cancer de cuello uterino",numero de ciclos entregados,2015-06-01,0,9,75,12,0,96
PORVENIR,"anticoncepcion, prevencion de its y de cancer de cuello uterino",numero de ciclos entregados,2015-06-01,0,9,51,12,0,72
POSTRER VALLE,"anticoncepcion, prevencion de its y de cancer de cuello uterino",numero de ciclos entregados,2015-06-01,0,0,6,6,0,12
POTOSI,"anticoncepcion, prevencion de its y de cancer de cuello uterino",numero de ciclos entregados,2015-06-01,0,25,337,80,0,442
PRESTO,"anticoncepcion, prevencion de its y de cancer de cuello uterino",numero de ciclos entregados,2015-06-01,0,0,12,0,0,12
PUCARA,"anticoncepcion, prevencion de its y de cancer de cuello uterino",numero de ciclos entregados,2015-06-01,0,0,9,6,0,15
PUCARANI,"anticoncepcion, prevencion de its y de cancer de cuello uterino",numero de ciclos entregados,2015-06-01,0,0,24,0,0,24
PUERTO ACOSTA,"anticoncepcion, prevencion de its y de cancer de cuello uterino",numero de ciclos entregados,2015-06-01,0,0,3,3,0,6
PUERTO CARABUCO,"anticoncepcion, prevencion de its y de cancer de cuello uterino",numero de ciclos entregados,2015-06-01,0,0,2,3,0,5
PUERTO GONZALO MORENO,"anticoncepcion, prevencion de its y de cancer de cuello uterino",numero de ciclos entregados,2015-06-01,0,0,21,9,3,33
PUERTO PEREZ,"anticoncepcion, prevencion de its y de cancer de cuello uterino",numero de ciclos entregados,2015-06-01,0,0,3,0,0,3
PUERTO QUIJARRO,"anticoncepcion, prevencion de its y de cancer de cuello uterino",numero de ciclos entregados,2015-06-01,0,0,17,4,0,21
PUERTO RICO,"anticoncepcion, prevencion de its y de cancer de cuello uterino",numero de ciclos entregados,2015-06-01,0,3,36,9,3,51
PUERTO SILES,"anticoncepcion, prevencion de its y de cancer de cuello uterino",numero de ciclos entregados,2015-06-01,0,0,9,1,0,10
PUERTO SUAREZ,"anticoncepcion, prevencion de its y de cancer de cuello uterino",numero de ciclos entregados,2015-06-01,0,3,12,6,0,21
PUERTO VILLARROEL,"anticoncepcion, prevencion de its y de cancer de cuello uterino",numero de ciclos entregados,2015-06-01,0,10,69,17,0,96
PUNA,"anticoncepcion, prevencion de its y de cancer de cuello uterino",numero de ciclos entregados,2015-06-01,0,0,30,3,0,33
PUNATA,"anticoncepcion, prevencion de its y de cancer de cuello uterino",numero de ciclos entregados,2015-06-01,0,3,24,3,0,30
QUIABAYA,"anticoncepcion, prevencion de its y de cancer de cuello uterino",numero de ciclos entregados,2015-06-01,0,0,0,3,0,3
QUILLACOLLO,"anticoncepcion, prevencion de its y de cancer de cuello uterino",numero de ciclos entregados,2015-06-01,0,9,59,24,0,92
QUIME,"anticoncepcion, prevencion de its y de cancer de cuello uterino",numero de ciclos entregados,2015-06-01,0,0,24,3,0,27
QUIRUSILLAS,"anticoncepcion, prevencion de its y de cancer de cuello uterino",numero de ciclos entregados,2015-06-01,0,6,3,6,0,15
RAVELO,"anticoncepcion, prevencion de its y de cancer de cuello uterino",numero de ciclos entregados,2015-06-01,0,6,3,3,0,12
REYES,"anticoncepcion, prevencion de its y de cancer de cuello uterino",numero de ciclos entregados,2015-06-01,0,18,75,66,0,159
RIBERALTA,"anticoncepcion, prevencion de its y de cancer de cuello uterino",numero de ciclos entregados,2015-06-01,4,22,111,20,0,157
ROBORE,"anticoncepcion, prevencion de its y de cancer de cuello uterino",numero de ciclos entregados,2015-06-01,0,9,81,12,0,102
RURRENABAQUE,"anticoncepcion, prevencion de its y de cancer de cuello uterino",numero de ciclos entregados,2015-06-01,0,6,14,18,0,38
SABAYA,"anticoncepcion, prevencion de its y de cancer de cuello uterino",numero de ciclos entregados,2015-06-01,0,0,7,0,0,7
SACABA,"anticoncepcion, prevencion de its y de cancer de cuello uterino",numero de ciclos entregados,2015-06-01,0,21,86,21,0,128
SACACA,"anticoncepcion, prevencion de its y de cancer de cuello uterino",numero de ciclos entregados,2015-06-01,0,0,78,21,0,99
SAIPINA,"anticoncepcion, prevencion de its y de cancer de cuello uterino",numero de ciclos entregados,2015-06-01,0,0,6,0,0,6
SALINAS DE GARCI MENDOZA,"anticoncepcion, prevencion de its y de cancer de cuello uterino",numero de ciclos entregados,2015-06-01,0,0,12,6,0,18
SAMAIPATA,"anticoncepcion, prevencion de its y de cancer de cuello uterino",numero de ciclos entregados,2015-06-01,0,0,21,6,0,27
SAN AGUSTIN,"anticoncepcion, prevencion de its y de cancer de cuello uterino",numero de ciclos entregados,2015-06-01,0,0,3,0,0,3
SAN ANDRES,"anticoncepcion, prevencion de its y de cancer de cuello uterino",numero de ciclos entregados,2015-06-01,3,15,47,17,0,82
SAN ANDRES DE MACHACA,"anticoncepcion, prevencion de its y de cancer de cuello uterino",numero de ciclos entregados,2015-06-01,0,0,3,0,0,3
SAN ANTONIO DE LOMERIO,"anticoncepcion, prevencion de its y de cancer de cuello uterino",numero de ciclos entregados,2015-06-01,0,0,66,18,0,84
SAN BORJA,"anticoncepcion, prevencion de its y de cancer de cuello uterino",numero de ciclos entregados,2015-06-01,0,15,225,63,3,306
SAN BUENA VENTURA,"anticoncepcion, prevencion de its y de cancer de cuello uterino",numero de ciclos entregados,2015-06-01,0,0,9,0,0,9
SAN CARLOS,"anticoncepcion, prevencion de its y de cancer de cuello uterino",numero de ciclos entregados,2015-06-01,0,21,75,12,0,108
SAN IGNACIO,"anticoncepcion, prevencion de its y de cancer de cuello uterino",numero de ciclos entregados,2015-06-01,0,19,173,75,4,271
SAN IGNACIO DE VELASCO,"anticoncepcion, prevencion de its y de cancer de cuello uterino",numero de ciclos entregados,2015-06-01,0,18,184,85,0,287
SAN JAVIER(BNI),"anticoncepcion, prevencion de its y de cancer de cuello uterino",numero de ciclos entregados,2015-06-01,0,7,13,4,0,24
SAN JAVIER(STC),"anticoncepcion, prevencion de its y de cancer de cuello uterino",numero de ciclos entregados,2015-06-01,0,15,63,30,0,108
SAN JOAQUIN,"anticoncepcion, prevencion de its y de cancer de cuello uterino",numero de ciclos entregados,2015-06-01,0,0,1,0,0,1
SAN JOSE DE CHIQUITOS,"anticoncepcion, prevencion de its y de cancer de cuello uterino",numero de ciclos entregados,2015-06-01,0,12,36,24,0,72
SAN JUAN DE YAPACANI,"anticoncepcion, prevencion de its y de cancer de cuello uterino",numero de ciclos entregados,2015-06-01,0,6,18,0,0,24
SAN JULIAN,"anticoncepcion, prevencion de its y de cancer de cuello uterino",numero de ciclos entregados,2015-06-01,0,6,48,6,0,60
SAN LORENZO(PND),"anticoncepcion, prevencion de its y de cancer de cuello uterino",numero de ciclos entregados,2015-06-01,3,0,30,0,0,33
SAN LORENZO(TJA),"anticoncepcion, prevencion de its y de cancer de cuello uterino",numero de ciclos entregados,2015-06-01,0,7,73,3,0,83
SAN LUCAS,"anticoncepcion, prevencion de its y de cancer de cuello uterino",numero de ciclos entregados,2015-06-01,0,3,27,12,0,42
SAN MATIAS,"anticoncepcion, prevencion de its y de cancer de cuello uterino",numero de ciclos entregados,2015-06-01,0,6,40,9,0,55
SAN MIGUEL DE VELASCO,"anticoncepcion, prevencion de its y de cancer de cuello uterino",numero de ciclos entregados,2015-06-01,1,13,73,27,3,117
SAN PABLO DE LIPEZ,"anticoncepcion, prevencion de its y de cancer de cuello uterino",numero de ciclos entregados,2015-06-01,0,0,3,0,0,3
SAN PEDRO,"anticoncepcion, prevencion de its y de cancer de cuello uterino",numero de ciclos entregados,2015-06-01,0,0,26,15,3,44
SAN PEDRO DE BUENA VISTA,"anticoncepcion, prevencion de its y de cancer de cuello uterino",numero de ciclos entregados,2015-06-01,0,6,21,24,0,51
SAN PEDRO DE CURAHUARA,"anticoncepcion, prevencion de its y de cancer de cuello uterino",numero de ciclos entregados,2015-06-01,0,3,16,6,0,25
SAN PEDRO DE QUEMES,"anticoncepcion, prevencion de its y de cancer de cuello uterino",numero de ciclos entregados,2015-06-01,0,0,3,3,0,6
SAN PEDRO DE TIQUINA,"anticoncepcion, prevencion de its y de cancer de cuello uterino",numero de ciclos entregados,2015-06-01,0,0,3,3,0,6
SAN RAFAEL,"anticoncepcion, prevencion de its y de cancer de cuello uterino",numero de ciclos entregados,2015-06-01,3,13,73,33,0,122
SAN RAMON BENI,"anticoncepcion, prevencion de its y de cancer de cuello uterino",numero de ciclos entregados,2015-06-01,0,0,12,9,0,21
SAN RAMON SCZ,"anticoncepcion, prevencion de its y de cancer de cuello uterino",numero de ciclos entregados,2015-06-01,0,12,33,0,0,45
SANTA ANA,"anticoncepcion, prevencion de its y de cancer de cuello uterino",numero de ciclos entregados,2015-06-01,0,18,78,27,0,123
SANTA CRUZ DE LA SIERRA,"anticoncepcion, prevencion de its y de cancer de cuello uterino",numero de ciclos entregados,2015-06-01,1,152,746,169,3,1071
SANTA ROSA DEL SARA,"anticoncepcion, prevencion de its y de cancer de cuello uterino",numero de ciclos entregados,2015-06-01,3,21,48,39,0,111
SANTIAGO DE HUATA,"anticoncepcion, prevencion de its y de cancer de cuello uterino",numero de ciclos entregados,2015-06-01,0,0,3,7,0,10
SANTIAGO DE MACHACA,"anticoncepcion, prevencion de its y de cancer de cuello uterino",numero de ciclos entregados,2015-06-01,0,3,0,0,0,3
SANTIVAÑES,"anticoncepcion, prevencion de its y de cancer de cuello uterino",numero de ciclos entregados,2015-06-01,0,3,17,0,0,20
SANTUARIO DE QUILLACAS,"anticoncepcion, prevencion de its y de cancer de cuello uterino",numero de ciclos entregados,2015-06-01,0,0,7,22,0,29
SAPAHAQUI,"anticoncepcion, prevencion de its y de cancer de cuello uterino",numero de ciclos entregados,2015-06-01,0,3,9,3,0,15
SENA,"anticoncepcion, prevencion de its y de cancer de cuello uterino",numero de ciclos entregados,2015-06-01,0,15,27,0,0,42
SHINAOTA,"anticoncepcion, prevencion de its y de cancer de cuello uterino",numero de ciclos entregados,2015-06-01,0,0,13,7,0,20
SICA SICA (VILLA AROMA),"anticoncepcion, prevencion de its y de cancer de cuello uterino",numero de ciclos entregados,2015-06-01,0,3,18,12,0,33
SICAYA,"anticoncepcion, prevencion de its y de cancer de cuello uterino",numero de ciclos entregados,2015-06-01,0,0,3,0,0,3
SIPE SIPE,"anticoncepcion, prevencion de its y de cancer de cuello uterino",numero de ciclos entregados,2015-06-01,0,7,51,9,3,70
SOPACHUY,"anticoncepcion, prevencion de its y de cancer de cuello uterino",numero de ciclos entregados,2015-06-01,0,6,15,6,0,27
SORACACHI,"anticoncepcion, prevencion de its y de cancer de cuello uterino",numero de ciclos entregados,2015-06-01,0,0,4,0,0,4
SORATA,"anticoncepcion, prevencion de its y de cancer de cuello uterino",numero de ciclos entregados,2015-06-01,0,3,12,6,0,21
SUCRE,"anticoncepcion, prevencion de its y de cancer de cuello uterino",numero de ciclos entregados,2015-06-01,0,58,544,124,3,729
TACACOMA,"anticoncepcion, prevencion de its y de cancer de cuello uterino",numero de ciclos entregados,2015-06-01,0,3,31,7,0,41
TACOBAMBA,"anticoncepcion, prevencion de its y de cancer de cuello uterino",numero de ciclos entregados,2015-06-01,0,0,3,3,0,6
TAHUA,"anticoncepcion, prevencion de its y de cancer de cuello uterino",numero de ciclos entregados,2015-06-01,0,0,9,3,0,12
TAPACARI,"anticoncepcion, prevencion de its y de cancer de cuello uterino",numero de ciclos entregados,2015-06-01,0,1,5,0,0,6
TARABUCO,"anticoncepcion, prevencion de its y de cancer de cuello uterino",numero de ciclos entregados,2015-06-01,0,0,9,3,0,12
TARACO,"anticoncepcion, prevencion de its y de cancer de cuello uterino",numero de ciclos entregados,2015-06-01,0,0,6,3,0,9
TARATA,"anticoncepcion, prevencion de its y de cancer de cuello uterino",numero de ciclos entregados,2015-06-01,0,0,9,0,0,9
TARIJA,"anticoncepcion, prevencion de its y de cancer de cuello uterino",numero de ciclos entregados,2015-06-01,3,47,172,41,0,263
TARVITA,"anticoncepcion, prevencion de its y de cancer de cuello uterino",numero de ciclos entregados,2015-06-01,0,6,19,12,0,37
TEOPONTE,"anticoncepcion, prevencion de its y de cancer de cuello uterino",numero de ciclos entregados,2015-06-01,0,0,12,6,0,18
TIAWANACU,"anticoncepcion, prevencion de its y de cancer de cuello uterino",numero de ciclos entregados,2015-06-01,0,6,12,9,0,27
TINGUIPAYA,"anticoncepcion, prevencion de its y de cancer de cuello uterino",numero de ciclos entregados,2015-06-01,0,0,15,0,0,15
TIPUANI,"anticoncepcion, prevencion de its y de cancer de cuello uterino",numero de ciclos entregados,2015-06-01,0,9,3,3,0,15
TIQUIPAYA,"anticoncepcion, prevencion de its y de cancer de cuello uterino",numero de ciclos entregados,2015-06-01,0,8,32,3,0,43
TIRAQUE (CBBA),"anticoncepcion, prevencion de its y de cancer de cuello uterino",numero de ciclos entregados,2015-06-01,0,0,3,0,0,3
TOCO,"anticoncepcion, prevencion de its y de cancer de cuello uterino",numero de ciclos entregados,2015-06-01,0,0,6,0,0,6
TOLATA,"anticoncepcion, prevencion de its y de cancer de cuello uterino",numero de ciclos entregados,2015-06-01,0,0,3,6,0,9
TOLEDO,"anticoncepcion, prevencion de its y de cancer de cuello uterino",numero de ciclos entregados,2015-06-01,0,0,1,0,0,1
TOMAVE,"anticoncepcion, prevencion de its y de cancer de cuello uterino",numero de ciclos entregados,2015-06-01,0,9,18,3,0,30
TOMINA,"anticoncepcion, prevencion de its y de cancer de cuello uterino",numero de ciclos entregados,2015-06-01,0,3,21,6,0,30
TORO TORO,"anticoncepcion, prevencion de its y de cancer de cuello uterino",numero de ciclos entregados,2015-06-01,0,6,0,6,0,12
TOTORA(CBBA),"anticoncepcion, prevencion de its y de cancer de cuello uterino",numero de ciclos entregados,2015-06-01,0,1,7,3,0,11
TOTORA(ORR),"anticoncepcion, prevencion de its y de cancer de cuello uterino",numero de ciclos entregados,2015-06-01,3,3,8,2,0,16
TRIGAL,"anticoncepcion, prevencion de its y de cancer de cuello uterino",numero de ciclos entregados,2015-06-01,0,0,15,9,0,24
TRINIDAD,"anticoncepcion, prevencion de its y de cancer de cuello uterino",numero de ciclos entregados,2015-06-01,0,59,213,11,0,283
TUPIZA,"anticoncepcion, prevencion de its y de cancer de cuello uterino",numero de ciclos entregados,2015-06-01,0,4,15,0,0,19
TURCO,"anticoncepcion, prevencion de its y de cancer de cuello uterino",numero de ciclos entregados,2015-06-01,0,0,2,3,0,5
UMALA,"anticoncepcion, prevencion de its y de cancer de cuello uterino",numero de ciclos entregados,2015-06-01,0,0,2,0,0,2
UNCIA,"anticoncepcion, prevencion de its y de cancer de cuello uterino",numero de ciclos entregados,2015-06-01,0,0,6,0,0,6
URIONDO (A. CONCEPCION),"anticoncepcion, prevencion de its y de cancer de cuello uterino",numero de ciclos entregados,2015-06-01,0,3,62,14,0,79
URUBICHA,"anticoncepcion, prevencion de its y de cancer de cuello uterino",numero de ciclos entregados,2015-06-01,0,0,3,0,0,3
UYUNI,"anticoncepcion, prevencion de its y de cancer de cuello uterino",numero de ciclos entregados,2015-06-01,0,6,12,3,0,21
VALLEGRANDE,"anticoncepcion, prevencion de its y de cancer de cuello uterino",numero de ciclos entregados,2015-06-01,0,6,25,8,0,39
VIACHA,"anticoncepcion, prevencion de its y de cancer de cuello uterino",numero de ciclos entregados,2015-06-01,0,3,43,20,0,66
VILLA CHARCAS,"anticoncepcion, prevencion de its y de cancer de cuello uterino",numero de ciclos entregados,2015-06-01,0,6,18,9,0,33
VILLA MONTES,"anticoncepcion, prevencion de its y de cancer de cuello uterino",numero de ciclos entregados,2015-06-01,0,21,99,18,0,138
VILLA NUEVA (LOMA ALTA),"anticoncepcion, prevencion de its y de cancer de cuello uterino",numero de ciclos entregados,2015-06-01,0,3,3,0,0,6
VILLA RIVERO,"anticoncepcion, prevencion de its y de cancer de cuello uterino",numero de ciclos entregados,2015-06-01,0,0,4,0,0,4
VILLA SERRANO,"anticoncepcion, prevencion de its y de cancer de cuello uterino",numero de ciclos entregados,2015-06-01,3,3,9,12,0,27
VILLA TUNARI,"anticoncepcion, prevencion de its y de cancer de cuello uterino",numero de ciclos entregados,2015-06-01,3,11,90,22,0,126
VILLA VACA GUZMAN (MUYUPAMPA),"anticoncepcion, prevencion de its y de cancer de cuello uterino",numero de ciclos entregados,2015-06-01,6,6,18,12,0,42
VILLAZON,"anticoncepcion, prevencion de its y de cancer de cuello uterino",numero de ciclos entregados,2015-06-01,0,16,75,27,0,118
VINTO,"anticoncepcion, prevencion de its y de cancer de cuello uterino",numero de ciclos entregados,2015-06-01,0,0,42,4,0,46
VITICHI,"anticoncepcion, prevencion de its y de cancer de cuello uterino",numero de ciclos entregados,2015-06-01,0,0,3,14,0,17
WALDO BALLIVIAN,"anticoncepcion, prevencion de its y de cancer de cuello uterino",numero de ciclos entregados,2015-06-01,0,0,3,0,0,3
WARNES,"anticoncepcion, prevencion de its y de cancer de cuello uterino",numero de ciclos entregados,2015-06-01,6,39,249,105,0,399
YACO,"anticoncepcion, prevencion de its y de cancer de cuello uterino",numero de ciclos entregados,2015-06-01,0,0,12,0,0,12
YACUIBA,"anticoncepcion, prevencion de its y de cancer de cuello uterino",numero de ciclos entregados,2015-06-01,0,0,102,25,0,127
YAMPARAEZ,"anticoncepcion, prevencion de its y de cancer de cuello uterino",numero de ciclos entregados,2015-06-01,0,0,3,0,0,3
YANACACHI,"anticoncepcion, prevencion de its y de cancer de cuello uterino",numero de ciclos entregados,2015-06-01,0,0,9,0,0,9
YAPACANI,"anticoncepcion, prevencion de its y de cancer de cuello uterino",numero de ciclos entregados,2015-06-01,0,9,57,21,0,87
YOCALLA,"anticoncepcion, prevencion de its y de cancer de cuello uterino",numero de ciclos entregados,2015-06-01,0,3,21,3,0,27
YOTALA,"anticoncepcion, prevencion de its y de cancer de cuello uterino",numero de ciclos entregados,2015-06-01,0,0,0,3,0,3
YUNCHARA,"anticoncepcion, prevencion de its y de cancer de cuello uterino",numero de ciclos entregados,2015-06-01,0,1,6,15,0,22
ZUDAÑEZ,"anticoncepcion, prevencion de its y de cancer de cuello uterino",numero de ciclos entregados,2015-06-01,0,0,30,0,3,33
ACACIO,"anticoncepcion, prevencion de its y de cancer de cuello uterino",numero de ciclos entregados,2015-07-01,0,0,3,6,0,9
ACHACACHI,"anticoncepcion, prevencion de its y de cancer de cuello uterino",numero de ciclos entregados,2015-07-01,0,0,2,9,0,11
ACHOCALLA,"anticoncepcion, prevencion de its y de cancer de cuello uterino",numero de ciclos entregados,2015-07-01,0,0,22,13,0,35
AIQUILE,"anticoncepcion, prevencion de its y de cancer de cuello uterino",numero de ciclos entregados,2015-07-01,0,15,24,6,0,45
ALCALA,"anticoncepcion, prevencion de its y de cancer de cuello uterino",numero de ciclos entregados,2015-07-01,0,0,6,0,0,6
ALTO BENI,"anticoncepcion, prevencion de its y de cancer de cuello uterino",numero de ciclos entregados,2015-07-01,0,3,39,9,0,51
ANCORAIMES,"anticoncepcion, prevencion de its y de cancer de cuello uterino",numero de ciclos entregados,2015-07-01,0,3,6,6,0,15
ANDAMARCA,"anticoncepcion, prevencion de its y de cancer de cuello uterino",numero de ciclos entregados,2015-07-01,0,0,3,3,0,6
ANTEQUERA,"anticoncepcion, prevencion de its y de cancer de cuello uterino",numero de ciclos entregados,2015-07-01,0,0,13,0,0,13
ANZALDO,"anticoncepcion, prevencion de its y de cancer de cuello uterino",numero de ciclos entregados,2015-07-01,0,0,5,0,0,5
APOLO,"anticoncepcion, prevencion de its y de cancer de cuello uterino",numero de ciclos entregados,2015-07-01,0,6,30,9,0,45
ARAMPAMPA,"anticoncepcion, prevencion de its y de cancer de cuello uterino",numero de ciclos entregados,2015-07-01,0,3,9,3,0,15
ARANI,"anticoncepcion, prevencion de its y de cancer de cuello uterino",numero de ciclos entregados,2015-07-01,0,0,3,9,0,12
ARBIETO,"anticoncepcion, prevencion de its y de cancer de cuello uterino",numero de ciclos entregados,2015-07-01,0,9,21,12,0,42
ARQUE,"anticoncepcion, prevencion de its y de cancer de cuello uterino",numero de ciclos entregados,2015-07-01,0,0,0,1,0,1
ASCENCION DE GUARAYOS,"anticoncepcion, prevencion de its y de cancer de cuello uterino",numero de ciclos entregados,2015-07-01,0,69,129,33,0,231
ATOCHA,"anticoncepcion, prevencion de its y de cancer de cuello uterino",numero de ciclos entregados,2015-07-01,0,0,24,3,0,27
AUCAPATA,"anticoncepcion, prevencion de its y de cancer de cuello uterino",numero de ciclos entregados,2015-07-01,0,0,3,3,0,6
AYATA,"anticoncepcion, prevencion de its y de cancer de cuello uterino",numero de ciclos entregados,2015-07-01,0,0,12,9,0,21
AYO AYO,"anticoncepcion, prevencion de its y de cancer de cuello uterino",numero de ciclos entregados,2015-07-01,0,0,3,0,0,3
AYOPAYA (V. DE INDEPENDENCIA),"anticoncepcion, prevencion de its y de cancer de cuello uterino",numero de ciclos entregados,2015-07-01,0,15,60,24,0,99
AZURDUY,"anticoncepcion, prevencion de its y de cancer de cuello uterino",numero de ciclos entregados,2015-07-01,3,3,12,9,0,27
BATALLAS,"anticoncepcion, prevencion de its y de cancer de cuello uterino",numero de ciclos entregados,2015-07-01,0,6,12,6,0,24
BAURES,"anticoncepcion, prevencion de its y de cancer de cuello uterino",numero de ciclos entregados,2015-07-01,0,1,16,1,0,18
BELLA FLOR,"anticoncepcion, prevencion de its y de cancer de cuello uterino",numero de ciclos entregados,2015-07-01,0,5,11,3,0,19
BERMEJO,"anticoncepcion, prevencion de its y de cancer de cuello uterino",numero de ciclos entregados,2015-07-01,0,8,91,17,0,116
BETANZOS,"anticoncepcion, prevencion de its y de cancer de cuello uterino",numero de ciclos entregados,2015-07-01,0,6,3,6,0,15
BOLPEBRA,"anticoncepcion, prevencion de its y de cancer de cuello uterino",numero de ciclos entregados,2015-07-01,0,3,12,3,0,18
BOYUIBE,"anticoncepcion, prevencion de its y de cancer de cuello uterino",numero de ciclos entregados,2015-07-01,0,0,3,0,0,3
BUENA VISTA,"anticoncepcion, prevencion de its y de cancer de cuello uterino",numero de ciclos entregados,2015-07-01,0,36,72,24,0,132
CABEZAS,"anticoncepcion, prevencion de its y de cancer de cuello uterino",numero de ciclos entregados,2015-07-01,0,27,126,18,3,174
CAIROMA,"anticoncepcion, prevencion de its y de cancer de cuello uterino",numero de ciclos entregados,2015-07-01,0,3,3,0,0,6
"CAIZA ""D""","anticoncepcion, prevencion de its y de cancer de cuello uterino",numero de ciclos entregados,2015-07-01,0,0,9,0,0,9
CAJUATA,"anticoncepcion, prevencion de its y de cancer de cuello uterino",numero de ciclos entregados,2015-07-01,0,0,6,9,0,15
CALAMARCA,"anticoncepcion, prevencion de its y de cancer de cuello uterino",numero de ciclos entregados,2015-07-01,0,3,9,9,0,21
CAMARGO,"anticoncepcion, prevencion de its y de cancer de cuello uterino",numero de ciclos entregados,2015-07-01,0,6,12,18,0,36
CAMATAQUI (C. VILLA ABECIA),"anticoncepcion, prevencion de its y de cancer de cuello uterino",numero de ciclos entregados,2015-07-01,0,0,0,3,0,3
CAMIRI,"anticoncepcion, prevencion de its y de cancer de cuello uterino",numero de ciclos entregados,2015-07-01,0,3,24,15,0,42
CAPINOTA,"anticoncepcion, prevencion de its y de cancer de cuello uterino",numero de ciclos entregados,2015-07-01,0,0,9,9,0,18
CARACOLLO,"anticoncepcion, prevencion de its y de cancer de cuello uterino",numero de ciclos entregados,2015-07-01,0,0,12,6,0,18
CARANAVI,"anticoncepcion, prevencion de its y de cancer de cuello uterino",numero de ciclos entregados,2015-07-01,0,0,69,15,0,84
CARANGAS,"anticoncepcion, prevencion de its y de cancer de cuello uterino",numero de ciclos entregados,2015-07-01,0,0,4,1,0,5
CARAPARI,"anticoncepcion, prevencion de its y de cancer de cuello uterino",numero de ciclos entregados,2015-07-01,0,3,48,12,3,66
CARIPUYO,"anticoncepcion, prevencion de its y de cancer de cuello uterino",numero de ciclos entregados,2015-07-01,0,0,0,3,0,3
CARMEN RIVERO TORREZ,"anticoncepcion, prevencion de its y de cancer de cuello uterino",numero de ciclos entregados,2015-07-01,0,0,6,3,0,9
CATACORA,"anticoncepcion, prevencion de its y de cancer de cuello uterino",numero de ciclos entregados,2015-07-01,0,3,3,6,0,12
CHALLAPATA,"anticoncepcion, prevencion de its y de cancer de cuello uterino",numero de ciclos entregados,2015-07-01,0,6,7,17,0,30
CHAQUI,"anticoncepcion, prevencion de its y de cancer de cuello uterino",numero de ciclos entregados,2015-07-01,0,6,3,0,0,9
CHARAGUA,"anticoncepcion, prevencion de its y de cancer de cuello uterino",numero de ciclos entregados,2015-07-01,0,6,54,21,0,81
CHIMORE,"anticoncepcion, prevencion de its y de cancer de cuello uterino",numero de ciclos entregados,2015-07-01,1,9,36,9,0,55
CHUA COCANI,"anticoncepcion, prevencion de its y de cancer de cuello uterino",numero de ciclos entregados,2015-07-01,0,4,18,4,0,26
CHULUMANI (V. DE LA LIBERTAD),"anticoncepcion, prevencion de its y de cancer de cuello uterino",numero de ciclos entregados,2015-07-01,0,0,15,3,0,18
CHUMA,"anticoncepcion, prevencion de its y de cancer de cuello uterino",numero de ciclos entregados,2015-07-01,0,0,0,6,0,6
CHUQUIHUTA AYLLU JUCUMANI,"anticoncepcion, prevencion de its y de cancer de cuello uterino",numero de ciclos entregados,2015-07-01,0,0,12,3,0,15
CLIZA,"anticoncepcion, prevencion de its y de cancer de cuello uterino",numero de ciclos entregados,2015-07-01,0,12,36,3,0,51
COBIJA,"anticoncepcion, prevencion de its y de cancer de cuello uterino",numero de ciclos entregados,2015-07-01,1,9,127,13,0,150
COCAPATA,"anticoncepcion, prevencion de its y de cancer de cuello uterino",numero de ciclos entregados,2015-07-01,0,12,18,0,0,30
COCHABAMBA,"anticoncepcion, prevencion de its y de cancer de cuello uterino",numero de ciclos entregados,2015-07-01,1,73,308,62,0,444
COIPASA,"anticoncepcion, prevencion de its y de cancer de cuello uterino",numero de ciclos entregados,2015-07-01,0,0,12,0,0,12
COLCAPIRHUA,"anticoncepcion, prevencion de its y de cancer de cuello uterino",numero de ciclos entregados,2015-07-01,0,0,39,6,0,45
"COLCHA ""K""","anticoncepcion, prevencion de its y de cancer de cuello uterino",numero de ciclos entregados,2015-07-01,0,4,21,3,0,28
COLLANA,"anticoncepcion, prevencion de its y de cancer de cuello uterino",numero de ciclos entregados,2015-07-01,0,0,3,3,0,6
COLOMI,"anticoncepcion, prevencion de its y de cancer de cuello uterino",numero de ciclos entregados,2015-07-01,0,0,22,21,0,43
COLPA BELGICA,"anticoncepcion, prevencion de its y de cancer de cuello uterino",numero de ciclos entregados,2015-07-01,0,6,30,21,3,60
COLQUECHACA,"anticoncepcion, prevencion de its y de cancer de cuello uterino",numero de ciclos entregados,2015-07-01,0,1,11,13,0,25
COLQUENCHA,"anticoncepcion, prevencion de its y de cancer de cuello uterino",numero de ciclos entregados,2015-07-01,0,0,0,3,3,6
COLQUIRI,"anticoncepcion, prevencion de its y de cancer de cuello uterino",numero de ciclos entregados,2015-07-01,0,0,0,3,0,3
COMARAPA,"anticoncepcion, prevencion de its y de cancer de cuello uterino",numero de ciclos entregados,2015-07-01,0,0,25,0,0,25
CONCEPCION,"anticoncepcion, prevencion de its y de cancer de cuello uterino",numero de ciclos entregados,2015-07-01,0,12,36,15,0,63
COPACABANA,"anticoncepcion, prevencion de its y de cancer de cuello uterino",numero de ciclos entregados,2015-07-01,0,0,15,0,0,15
CORIPATA,"anticoncepcion, prevencion de its y de cancer de cuello uterino",numero de ciclos entregados,2015-07-01,0,0,3,0,0,3
COROICO,"anticoncepcion, prevencion de its y de cancer de cuello uterino",numero de ciclos entregados,2015-07-01,0,0,3,3,0,6
CORQUE,"anticoncepcion, prevencion de its y de cancer de cuello uterino",numero de ciclos entregados,2015-07-01,0,0,3,12,0,15
COTAGAITA,"anticoncepcion, prevencion de its y de cancer de cuello uterino",numero de ciclos entregados,2015-07-01,0,0,19,10,0,29
COTOCA,"anticoncepcion, prevencion de its y de cancer de cuello uterino",numero de ciclos entregados,2015-07-01,0,13,110,36,0,159
CUATRO CAÑADAS,"anticoncepcion, prevencion de its y de cancer de cuello uterino",numero de ciclos entregados,2015-07-01,0,12,51,12,0,75
CUCHUMUELA (V. G. VILLARROEL),"anticoncepcion, prevencion de its y de cancer de cuello uterino",numero de ciclos entregados,2015-07-01,0,3,9,0,0,12
CUEVO,"anticoncepcion, prevencion de its y de cancer de cuello uterino",numero de ciclos entregados,2015-07-01,0,0,18,0,0,18
CULPINA,"anticoncepcion, prevencion de its y de cancer de cuello uterino",numero de ciclos entregados,2015-07-01,3,0,29,20,0,52
CURAHUARA DE CARANGAS,"anticoncepcion, prevencion de its y de cancer de cuello uterino",numero de ciclos entregados,2015-07-01,0,0,9,0,0,9
DESAGUADERO,"anticoncepcion, prevencion de its y de cancer de cuello uterino",numero de ciclos entregados,2015-07-01,0,0,12,3,0,15
EL ALTO,"anticoncepcion, prevencion de its y de cancer de cuello uterino",numero de ciclos entregados,2015-07-01,0,87,687,224,0,998
EL PUENTE(STC),"anticoncepcion, prevencion de its y de cancer de cuello uterino",numero de ciclos entregados,2015-07-01,0,3,15,0,0,18
EL PUENTE(TJA),"anticoncepcion, prevencion de its y de cancer de cuello uterino",numero de ciclos entregados,2015-07-01,3,9,27,14,0,53
EL TORNO,"anticoncepcion, prevencion de its y de cancer de cuello uterino",numero de ciclos entregados,2015-07-01,6,51,120,30,0,207
EL VILLAR,"anticoncepcion, prevencion de its y de cancer de cuello uterino",numero de ciclos entregados,2015-07-01,0,3,9,6,0,18
ENTRE RIOS TRJ,"anticoncepcion, prevencion de its y de cancer de cuello uterino",numero de ciclos entregados,2015-07-01,3,8,44,14,0,69
ENTRE RIOS CBBA,"anticoncepcion, prevencion de its y de cancer de cuello uterino",numero de ciclos entregados,2015-07-01,0,3,27,6,0,36
EUREKA (SANTOS MERCADO),"anticoncepcion, prevencion de its y de cancer de cuello uterino",numero de ciclos entregados,2015-07-01,0,0,3,0,0,3
FERNANDEZ ALONSO,"anticoncepcion, prevencion de its y de cancer de cuello uterino",numero de ciclos entregados,2015-07-01,0,0,28,6,0,34
FILADELFIA,"anticoncepcion, prevencion de its y de cancer de cuello uterino",numero de ciclos entregados,2015-07-01,0,3,30,9,0,42
GENERAL SAAVEDRA,"anticoncepcion, prevencion de its y de cancer de cuello uterino",numero de ciclos entregados,2015-07-01,0,1,54,10,0,65
GRAL. J.J. PEREZ (CHARAZANI),"anticoncepcion, prevencion de its y de cancer de cuello uterino",numero de ciclos entregados,2015-07-01,0,3,2,9,0,14
GUANAY,"anticoncepcion, prevencion de its y de cancer de cuello uterino",numero de ciclos entregados,2015-07-01,0,3,0,0,0,3
GUAQUI,"anticoncepcion, prevencion de its y de cancer de cuello uterino",numero de ciclos entregados,2015-07-01,0,3,9,3,0,15
GUAYARAMERIN,"anticoncepcion, prevencion de its y de cancer de cuello uterino",numero de ciclos entregados,2015-07-01,0,0,12,0,0,12
GUTIERREZ,"anticoncepcion, prevencion de its y de cancer de cuello uterino",numero de ciclos entregados,2015-07-01,0,0,15,0,0,15
HUACARETA,"anticoncepcion, prevencion de its y de cancer de cuello uterino",numero de ciclos entregados,2015-07-01,0,9,30,24,0,63
HUACAYA (VILLA DE HUACAYA),"anticoncepcion, prevencion de its y de cancer de cuello uterino",numero de ciclos entregados,2015-07-01,0,3,3,0,0,6
HUACHACALLA,"anticoncepcion, prevencion de its y de cancer de cuello uterino",numero de ciclos entregados,2015-07-01,0,2,7,3,0,12
HUARACAJE,"anticoncepcion, prevencion de its y de cancer de cuello uterino",numero de ciclos entregados,2015-07-01,0,6,30,0,0,36
HUARINA,"anticoncepcion, prevencion de its y de cancer de cuello uterino",numero de ciclos entregados,2015-07-01,0,0,3,0,0,3
HUAYLLAMARCA,"anticoncepcion, prevencion de its y de cancer de cuello uterino",numero de ciclos entregados,2015-07-01,0,0,0,3,0,3
HUMANATA,"anticoncepcion, prevencion de its y de cancer de cuello uterino",numero de ciclos entregados,2015-07-01,0,0,3,3,0,6
ICHOCA,"anticoncepcion, prevencion de its y de cancer de cuello uterino",numero de ciclos entregados,2015-07-01,0,0,3,0,0,3
ICLA,"anticoncepcion, prevencion de its y de cancer de cuello uterino",numero de ciclos entregados,2015-07-01,0,0,12,3,0,15
INCAHUASI,"anticoncepcion, prevencion de its y de cancer de cuello uterino",numero de ciclos entregados,2015-07-01,6,0,13,14,0,33
INGAVI (HUMAITA),"anticoncepcion, prevencion de its y de cancer de cuello uterino",numero de ciclos entregados,2015-07-01,0,3,0,3,0,6
INQUISIVI,"anticoncepcion, prevencion de its y de cancer de cuello uterino",numero de ciclos entregados,2015-07-01,0,3,12,6,0,21
IRUPANA (VILLA DE LANZA),"anticoncepcion, prevencion de its y de cancer de cuello uterino",numero de ciclos entregados,2015-07-01,0,0,42,13,0,55
IXIAMAS,"anticoncepcion, prevencion de its y de cancer de cuello uterino",numero de ciclos entregados,2015-07-01,0,3,18,6,0,27
JESUS DE MACHACA,"anticoncepcion, prevencion de its y de cancer de cuello uterino",numero de ciclos entregados,2015-07-01,0,0,6,0,0,6
LA ASUNTA,"anticoncepcion, prevencion de its y de cancer de cuello uterino",numero de ciclos entregados,2015-07-01,0,15,60,27,0,102
LA GUARDIA,"anticoncepcion, prevencion de its y de cancer de cuello uterino",numero de ciclos entregados,2015-07-01,3,57,264,24,0,348
LA PAZ,"anticoncepcion, prevencion de its y de cancer de cuello uterino",numero de ciclos entregados,2015-07-01,0,51,510,120,0,681
LAGUNILLAS,"anticoncepcion, prevencion de its y de cancer de cuello uterino",numero de ciclos entregados,2015-07-01,0,0,19,3,0,22
LAJA,"anticoncepcion, prevencion de its y de cancer de cuello uterino",numero de ciclos entregados,2015-07-01,0,0,24,18,0,42
LAS CARRERAS,"anticoncepcion, prevencion de its y de cancer de cuello uterino",numero de ciclos entregados,2015-07-01,0,0,0,6,0,6
LICOMA PAMPA,"anticoncepcion, prevencion de its y de cancer de cuello uterino",numero de ciclos entregados,2015-07-01,0,0,9,3,0,12
LLALLAGUA,"anticoncepcion, prevencion de its y de cancer de cuello uterino",numero de ciclos entregados,2015-07-01,0,3,52,5,0,60
LLICA,"anticoncepcion, prevencion de its y de cancer de cuello uterino",numero de ciclos entregados,2015-07-01,0,6,21,6,0,33
LORETO,"anticoncepcion, prevencion de its y de cancer de cuello uterino",numero de ciclos entregados,2015-07-01,0,10,9,1,0,20
LURIBAY,"anticoncepcion, prevencion de its y de cancer de cuello uterino",numero de ciclos entregados,2015-07-01,0,0,3,0,0,3
MACHARETI,"anticoncepcion, prevencion de its y de cancer de cuello uterino",numero de ciclos entregados,2015-07-01,0,6,26,22,0,54
MAGDALENA,"anticoncepcion, prevencion de its y de cancer de cuello uterino",numero de ciclos entregados,2015-07-01,0,21,96,35,0,152
MAIRANA,"anticoncepcion, prevencion de its y de cancer de cuello uterino",numero de ciclos entregados,2015-07-01,0,6,18,3,0,27
MAPIRI,"anticoncepcion, prevencion de its y de cancer de cuello uterino",numero de ciclos entregados,2015-07-01,0,0,3,3,0,6
MECAPACA,"anticoncepcion, prevencion de its y de cancer de cuello uterino",numero de ciclos entregados,2015-07-01,0,3,1,6,0,10
MINEROS,"anticoncepcion, prevencion de its y de cancer de cuello uterino",numero de ciclos entregados,2015-07-01,0,11,76,24,0,111
MIZQUE,"anticoncepcion, prevencion de its y de cancer de cuello uterino",numero de ciclos entregados,2015-07-01,3,6,10,18,0,37
MOCOMOCO,"anticoncepcion, prevencion de its y de cancer de cuello uterino",numero de ciclos entregados,2015-07-01,0,0,9,3,0,12
MOJOCOYA,"anticoncepcion, prevencion de its y de cancer de cuello uterino",numero de ciclos entregados,2015-07-01,0,0,0,6,0,6
MONTEAGUDO,"anticoncepcion, prevencion de its y de cancer de cuello uterino",numero de ciclos entregados,2015-07-01,0,9,69,51,0,129
MONTERO,"anticoncepcion, prevencion de its y de cancer de cuello uterino",numero de ciclos entregados,2015-07-01,0,19,152,63,6,240
MORO MORO,"anticoncepcion, prevencion de its y de cancer de cuello uterino",numero de ciclos entregados,2015-07-01,0,1,6,6,0,13
MOROCHATA,"anticoncepcion, prevencion de its y de cancer de cuello uterino",numero de ciclos entregados,2015-07-01,0,0,13,6,0,19
NACEBE (SANTA ROSA DEL ABUNA),"anticoncepcion, prevencion de its y de cancer de cuello uterino",numero de ciclos entregados,2015-07-01,0,0,6,0,0,6
NUEVO MANOA (NUEVA ESPERANZA),"anticoncepcion, prevencion de its y de cancer de cuello uterino",numero de ciclos entregados,2015-07-01,0,0,6,6,3,15
OCURI,"anticoncepcion, prevencion de its y de cancer de cuello uterino",numero de ciclos entregados,2015-07-01,0,0,21,9,0,30
OKINAWA,"anticoncepcion, prevencion de its y de cancer de cuello uterino",numero de ciclos entregados,2015-07-01,4,9,36,18,0,67
OMEREQUE,"anticoncepcion, prevencion de its y de cancer de cuello uterino",numero de ciclos entregados,2015-07-01,0,0,15,9,0,24
ORURO,"anticoncepcion, prevencion de its y de cancer de cuello uterino",numero de ciclos entregados,2015-07-01,0,14,269,75,0,358
PADCAYA,"anticoncepcion, prevencion de its y de cancer de cuello uterino",numero de ciclos entregados,2015-07-01,0,13,66,12,1,92
PADILLA,"anticoncepcion, prevencion de its y de cancer de cuello uterino",numero de ciclos entregados,2015-07-01,3,0,54,27,0,84
PAILON,"anticoncepcion, prevencion de its y de cancer de cuello uterino",numero de ciclos entregados,2015-07-01,0,3,12,9,0,24
PALCA,"anticoncepcion, prevencion de its y de cancer de cuello uterino",numero de ciclos entregados,2015-07-01,0,3,9,3,0,15
PALOS BLANCOS,"anticoncepcion, prevencion de its y de cancer de cuello uterino",numero de ciclos entregados,2015-07-01,3,0,66,39,0,108
PAMPA GRANDE,"anticoncepcion, prevencion de its y de cancer de cuello uterino",numero de ciclos entregados,2015-07-01,0,0,21,6,0,27
PAPEL PAMPA,"anticoncepcion, prevencion de its y de cancer de cuello uterino",numero de ciclos entregados,2015-07-01,0,0,12,6,0,18
PASORAPA,"anticoncepcion, prevencion de its y de cancer de cuello uterino",numero de ciclos entregados,2015-07-01,0,0,9,3,0,12
PATACAMAYA,"anticoncepcion, prevencion de its y de cancer de cuello uterino",numero de ciclos entregados,2015-07-01,0,0,3,0,0,3
PAZÑA,"anticoncepcion, prevencion de its y de cancer de cuello uterino",numero de ciclos entregados,2015-07-01,0,1,8,13,0,22
PELECHUCO,"anticoncepcion, prevencion de its y de cancer de cuello uterino",numero de ciclos entregados,2015-07-01,0,12,45,18,0,75
POCOATA,"anticoncepcion, prevencion de its y de cancer de cuello uterino",numero de ciclos entregados,2015-07-01,0,0,15,0,0,15
POCONA,"anticoncepcion, prevencion de its y de cancer de cuello uterino",numero de ciclos entregados,2015-07-01,0,0,27,24,0,51
POJO (CBBA),"anticoncepcion, prevencion de its y de cancer de cuello uterino",numero de ciclos entregados,2015-07-01,0,3,15,6,0,24
POOPO,"anticoncepcion, prevencion de its y de cancer de cuello uterino",numero de ciclos entregados,2015-07-01,0,0,11,0,0,11
PORCO,"anticoncepcion, prevencion de its y de cancer de cuello uterino",numero de ciclos entregados,2015-07-01,0,0,15,6,0,21
POROMA,"anticoncepcion, prevencion de its y de cancer de cuello uterino",numero de ciclos entregados,2015-07-01,0,0,3,13,0,16
PORONGO,"anticoncepcion, prevencion de its y de cancer de cuello uterino",numero de ciclos entregados,2015-07-01,0,6,24,18,0,48
PORTACHUELO,"anticoncepcion, prevencion de its y de cancer de cuello uterino",numero de ciclos entregados,2015-07-01,0,9,18,6,0,33
PORVENIR,"anticoncepcion, prevencion de its y de cancer de cuello uterino",numero de ciclos entregados,2015-07-01,0,6,60,12,0,78
POSTRER VALLE,"anticoncepcion, prevencion de its y de cancer de cuello uterino",numero de ciclos entregados,2015-07-01,0,3,9,3,0,15
POTOSI,"anticoncepcion, prevencion de its y de cancer de cuello uterino",numero de ciclos entregados,2015-07-01,0,10,73,34,0,117
PRESTO,"anticoncepcion, prevencion de its y de cancer de cuello uterino",numero de ciclos entregados,2015-07-01,3,0,12,12,0,27
PUCARANI,"anticoncepcion, prevencion de its y de cancer de cuello uterino",numero de ciclos entregados,2015-07-01,0,0,21,12,0,33
PUERTO ACOSTA,"anticoncepcion, prevencion de its y de cancer de cuello uterino",numero de ciclos entregados,2015-07-01,0,0,2,1,0,3
PUERTO CARABUCO,"anticoncepcion, prevencion de its y de cancer de cuello uterino",numero de ciclos entregados,2015-07-01,0,0,15,3,0,18
PUERTO GONZALO MORENO,"anticoncepcion, prevencion de its y de cancer de cuello uterino",numero de ciclos entregados,2015-07-01,0,20,28,9,0,57
PUERTO QUIJARRO,"anticoncepcion, prevencion de its y de cancer de cuello uterino",numero de ciclos entregados,2015-07-01,0,1,23,16,0,40
PUERTO RICO,"anticoncepcion, prevencion de its y de cancer de cuello uterino",numero de ciclos entregados,2015-07-01,0,0,6,0,0,6
PUERTO SILES,"anticoncepcion, prevencion de its y de cancer de cuello uterino",numero de ciclos entregados,2015-07-01,0,0,5,0,0,5
PUERTO SUAREZ,"anticoncepcion, prevencion de its y de cancer de cuello uterino",numero de ciclos entregados,2015-07-01,0,3,15,0,0,18
PUERTO VILLARROEL,"anticoncepcion, prevencion de its y de cancer de cuello uterino",numero de ciclos entregados,2015-07-01,0,16,80,24,0,120
PUNA,"anticoncepcion, prevencion de its y de cancer de cuello uterino",numero de ciclos entregados,2015-07-01,0,6,24,15,0,45
PUNATA,"anticoncepcion, prevencion de its y de cancer de cuello uterino",numero de ciclos entregados,2015-07-01,0,0,21,3,0,24
QUIABAYA,"anticoncepcion, prevencion de its y de cancer de cuello uterino",numero de ciclos entregados,2015-07-01,0,0,6,3,0,9
QUILLACOLLO,"anticoncepcion, prevencion de its y de cancer de cuello uterino",numero de ciclos entregados,2015-07-01,0,9,65,15,0,89
QUIME,"anticoncepcion, prevencion de its y de cancer de cuello uterino",numero de ciclos entregados,2015-07-01,0,3,24,0,0,27
QUIRUSILLAS,"anticoncepcion, prevencion de its y de cancer de cuello uterino",numero de ciclos entregados,2015-07-01,0,0,3,0,0,3
RAVELO,"anticoncepcion, prevencion de its y de cancer de cuello uterino",numero de ciclos entregados,2015-07-01,0,3,0,0,0,3
REYES,"anticoncepcion, prevencion de its y de cancer de cuello uterino",numero de ciclos entregados,2015-07-01,0,18,90,23,0,131
RIBERALTA,"anticoncepcion, prevencion de its y de cancer de cuello uterino",numero de ciclos entregados,2015-07-01,0,13,111,21,0,145
ROBORE,"anticoncepcion, prevencion de its y de cancer de cuello uterino",numero de ciclos entregados,2015-07-01,0,21,87,15,0,123
RURRENABAQUE,"anticoncepcion, prevencion de its y de cancer de cuello uterino",numero de ciclos entregados,2015-07-01,3,14,43,24,3,87
SABAYA,"anticoncepcion, prevencion de its y de cancer de cuello uterino",numero de ciclos entregados,2015-07-01,0,3,3,3,0,9
SACABA,"anticoncepcion, prevencion de its y de cancer de cuello uterino",numero de ciclos entregados,2015-07-01,0,19,147,45,0,211
SACACA,"anticoncepcion, prevencion de its y de cancer de cuello uterino",numero de ciclos entregados,2015-07-01,0,6,57,6,0,69
SAIPINA,"anticoncepcion, prevencion de its y de cancer de cuello uterino",numero de ciclos entregados,2015-07-01,3,7,5,0,0,15
SALINAS DE GARCI MENDOZA,"anticoncepcion, prevencion de its y de cancer de cuello uterino",numero de ciclos entregados,2015-07-01,0,0,5,0,0,5
SAMAIPATA,"anticoncepcion, prevencion de its y de cancer de cuello uterino",numero de ciclos entregados,2015-07-01,0,3,36,9,0,48
SAN AGUSTIN,"anticoncepcion, prevencion de its y de cancer de cuello uterino",numero de ciclos entregados,2015-07-01,0,0,2,4,0,6
SAN ANDRES,"anticoncepcion, prevencion de its y de cancer de cuello uterino",numero de ciclos entregados,2015-07-01,0,10,46,21,0,77
SAN ANDRES DE MACHACA,"anticoncepcion, prevencion de its y de cancer de cuello uterino",numero de ciclos entregados,2015-07-01,0,0,3,0,0,3
SAN ANTONIO DE LOMERIO,"anticoncepcion, prevencion de its y de cancer de cuello uterino",numero de ciclos entregados,2015-07-01,3,12,36,18,0,69
SAN BORJA,"anticoncepcion, prevencion de its y de cancer de cuello uterino",numero de ciclos entregados,2015-07-01,9,42,168,48,3,270
SAN CARLOS,"anticoncepcion, prevencion de its y de cancer de cuello uterino",numero de ciclos entregados,2015-07-01,0,48,81,21,0,150
SAN IGNACIO,"anticoncepcion, prevencion de its y de cancer de cuello uterino",numero de ciclos entregados,2015-07-01,3,35,167,76,0,281
SAN IGNACIO DE VELASCO,"anticoncepcion, prevencion de its y de cancer de cuello uterino",numero de ciclos entregados,2015-07-01,6,22,194,48,0,270
SAN JAVIER(BNI),"anticoncepcion, prevencion de its y de cancer de cuello uterino",numero de ciclos entregados,2015-07-01,0,6,20,3,0,29
SAN JAVIER(STC),"anticoncepcion, prevencion de its y de cancer de cuello uterino",numero de ciclos entregados,2015-07-01,0,9,57,12,0,78
SAN JOSE DE CHIQUITOS,"anticoncepcion, prevencion de its y de cancer de cuello uterino",numero de ciclos entregados,2015-07-01,0,0,6,15,0,21
SAN JUAN DE YAPACANI,"anticoncepcion, prevencion de its y de cancer de cuello uterino",numero de ciclos entregados,2015-07-01,0,6,24,12,0,42
SAN JULIAN,"anticoncepcion, prevencion de its y de cancer de cuello uterino",numero de ciclos entregados,2015-07-01,0,3,38,9,0,50
SAN LORENZO(PND),"anticoncepcion, prevencion de its y de cancer de cuello uterino",numero de ciclos entregados,2015-07-01,0,6,12,0,0,18
SAN LORENZO(TJA),"anticoncepcion, prevencion de its y de cancer de cuello uterino",numero de ciclos entregados,2015-07-01,0,21,76,15,3,115
SAN LUCAS,"anticoncepcion, prevencion de its y de cancer de cuello uterino",numero de ciclos entregados,2015-07-01,3,3,15,6,0,27
SAN MATIAS,"anticoncepcion, prevencion de its y de cancer de cuello uterino",numero de ciclos entregados,2015-07-01,0,6,39,30,0,75
SAN MIGUEL DE VELASCO,"anticoncepcion, prevencion de its y de cancer de cuello uterino",numero de ciclos entregados,2015-07-01,0,9,61,37,0,107
SAN PEDRO,"anticoncepcion, prevencion de its y de cancer de cuello uterino",numero de ciclos entregados,2015-07-01,0,6,41,25,0,72
SAN PEDRO DE BUENA VISTA,"anticoncepcion, prevencion de its y de cancer de cuello uterino",numero de ciclos entregados,2015-07-01,0,6,15,15,0,36
SAN PEDRO DE CURAHUARA,"anticoncepcion, prevencion de its y de cancer de cuello uterino",numero de ciclos entregados,2015-07-01,0,0,4,4,0,8
SAN PEDRO DE TIQUINA,"anticoncepcion, prevencion de its y de cancer de cuello uterino",numero de ciclos entregados,2015-07-01,0,3,0,3,0,6
SAN PEDRO(PND),"anticoncepcion, prevencion de its y de cancer de cuello uterino",numero de ciclos entregados,2015-07-01,0,0,0,3,0,3
SAN RAFAEL,"anticoncepcion, prevencion de its y de cancer de cuello uterino",numero de ciclos entregados,2015-07-01,0,12,67,30,0,109
SAN RAMON BENI,"anticoncepcion, prevencion de its y de cancer de cuello uterino",numero de ciclos entregados,2015-07-01,0,12,33,9,0,54
SAN RAMON SCZ,"anticoncepcion, prevencion de its y de cancer de cuello uterino",numero de ciclos entregados,2015-07-01,2,4,16,0,0,22
SANTA ANA,"anticoncepcion, prevencion de its y de cancer de cuello uterino",numero de ciclos entregados,2015-07-01,0,45,94,66,0,205
SANTA CRUZ DE LA SIERRA,"anticoncepcion, prevencion de its y de cancer de cuello uterino",numero de ciclos entregados,2015-07-01,23,146,720,211,1,1101
SANTA ROSA,"anticoncepcion, prevencion de its y de cancer de cuello uterino",numero de ciclos entregados,2015-07-01,0,1,4,3,0,8
SANTA ROSA DEL SARA,"anticoncepcion, prevencion de its y de cancer de cuello uterino",numero de ciclos entregados,2015-07-01,0,9,84,39,0,132
SANTIAGO DE HUATA,"anticoncepcion, prevencion de its y de cancer de cuello uterino",numero de ciclos entregados,2015-07-01,0,0,3,6,0,9
SANTIVAÑES,"anticoncepcion, prevencion de its y de cancer de cuello uterino",numero de ciclos entregados,2015-07-01,0,4,16,15,0,35
SANTUARIO DE QUILLACAS,"anticoncepcion, prevencion de its y de cancer de cuello uterino",numero de ciclos entregados,2015-07-01,0,0,16,0,0,16
SAPAHAQUI,"anticoncepcion, prevencion de its y de cancer de cuello uterino",numero de ciclos entregados,2015-07-01,0,0,9,6,3,18
SENA,"anticoncepcion, prevencion de its y de cancer de cuello uterino",numero de ciclos entregados,2015-07-01,0,0,9,0,0,9
SHINAOTA,"anticoncepcion, prevencion de its y de cancer de cuello uterino",numero de ciclos entregados,2015-07-01,0,4,15,0,0,19
SICA SICA (VILLA AROMA),"anticoncepcion, prevencion de its y de cancer de cuello uterino",numero de ciclos entregados,2015-07-01,0,2,6,6,0,14
SICAYA,"anticoncepcion, prevencion de its y de cancer de cuello uterino",numero de ciclos entregados,2015-07-01,0,0,4,3,0,7
SIPE SIPE,"anticoncepcion, prevencion de its y de cancer de cuello uterino",numero de ciclos entregados,2015-07-01,0,1,36,24,0,61
SOPACHUY,"anticoncepcion, prevencion de its y de cancer de cuello uterino",numero de ciclos entregados,2015-07-01,0,6,9,3,0,18
SORACACHI,"anticoncepcion, prevencion de its y de cancer de cuello uterino",numero de ciclos entregados,2015-07-01,0,0,0,3,0,3
SORATA,"anticoncepcion, prevencion de its y de cancer de cuello uterino",numero de ciclos entregados,2015-07-01,0,0,21,3,0,24
SUCRE,"anticoncepcion, prevencion de its y de cancer de cuello uterino",numero de ciclos entregados,2015-07-01,3,72,391,130,0,596
TACACOMA,"anticoncepcion, prevencion de its y de cancer de cuello uterino",numero de ciclos entregados,2015-07-01,0,0,8,3,0,11
TACOPAYA,"anticoncepcion, prevencion de its y de cancer de cuello uterino",numero de ciclos entregados,2015-07-01,0,3,0,0,0,3
TAHUA,"anticoncepcion, prevencion de its y de cancer de cuello uterino",numero de ciclos entregados,2015-07-01,0,0,0,6,0,6
TAPACARI,"anticoncepcion, prevencion de its y de cancer de cuello uterino",numero de ciclos entregados,2015-07-01,0,3,3,3,0,9
TARABUCO,"anticoncepcion, prevencion de its y de cancer de cuello uterino",numero de ciclos entregados,2015-07-01,0,0,8,0,0,8
TARACO,"anticoncepcion, prevencion de its y de cancer de cuello uterino",numero de ciclos entregados,2015-07-01,0,0,3,3,0,6
TARATA,"anticoncepcion, prevencion de its y de cancer de cuello uterino",numero de ciclos entregados,2015-07-01,0,0,3,0,0,3
TARIJA,"anticoncepcion, prevencion de its y de cancer de cuello uterino",numero de ciclos entregados,2015-07-01,3,45,208,83,5,344
TARVITA,"anticoncepcion, prevencion de its y de cancer de cuello uterino",numero de ciclos entregados,2015-07-01,0,9,8,9,0,26
TEOPONTE,"anticoncepcion, prevencion de its y de cancer de cuello uterino",numero de ciclos entregados,2015-07-01,0,0,12,3,0,15
TIAWANACU,"anticoncepcion, prevencion de its y de cancer de cuello uterino",numero de ciclos entregados,2015-07-01,0,0,15,6,0,21
TINGUIPAYA,"anticoncepcion, prevencion de its y de cancer de cuello uterino",numero de ciclos entregados,2015-07-01,0,3,3,6,0,12
TIPUANI,"anticoncepcion, prevencion de its y de cancer de cuello uterino",numero de ciclos entregados,2015-07-01,0,0,15,3,0,18
TIQUIPAYA,"anticoncepcion, prevencion de its y de cancer de cuello uterino",numero de ciclos entregados,2015-07-01,0,1,75,13,0,89
TIRAQUE (CBBA),"anticoncepcion, prevencion de its y de cancer de cuello uterino",numero de ciclos entregados,2015-07-01,0,0,12,12,0,24
TOCO,"anticoncepcion, prevencion de its y de cancer de cuello uterino",numero de ciclos entregados,2015-07-01,0,0,3,0,0,3
TOLATA,"anticoncepcion, prevencion de its y de cancer de cuello uterino",numero de ciclos entregados,2015-07-01,0,0,9,1,0,10
TOLEDO,"anticoncepcion, prevencion de its y de cancer de cuello uterino",numero de ciclos entregados,2015-07-01,0,0,3,0,0,3
TOMAVE,"anticoncepcion, prevencion de its y de cancer de cuello uterino",numero de ciclos entregados,2015-07-01,0,0,10,6,0,16
TOMINA,"anticoncepcion, prevencion de its y de cancer de cuello uterino",numero de ciclos entregados,2015-07-01,0,9,30,6,0,45
TORO TORO,"anticoncepcion, prevencion de its y de cancer de cuello uterino",numero de ciclos entregados,2015-07-01,0,3,9,3,0,15
TOTORA(CBBA),"anticoncepcion, prevencion de its y de cancer de cuello uterino",numero de ciclos entregados,2015-07-01,0,0,6,0,0,6
TOTORA(ORR),"anticoncepcion, prevencion de its y de cancer de cuello uterino",numero de ciclos entregados,2015-07-01,0,0,1,0,0,1
TRIGAL,"anticoncepcion, prevencion de its y de cancer de cuello uterino",numero de ciclos entregados,2015-07-01,0,0,9,0,0,9
TRINIDAD,"anticoncepcion, prevencion de its y de cancer de cuello uterino",numero de ciclos entregados,2015-07-01,0,52,167,17,0,236
TUPIZA,"anticoncepcion, prevencion de its y de cancer de cuello uterino",numero de ciclos entregados,2015-07-01,0,0,2,0,0,2
TURCO,"anticoncepcion, prevencion de its y de cancer de cuello uterino",numero de ciclos entregados,2015-07-01,0,0,4,0,0,4
UMALA,"anticoncepcion, prevencion de its y de cancer de cuello uterino",numero de ciclos entregados,2015-07-01,0,3,2,0,0,5
UNCIA,"anticoncepcion, prevencion de its y de cancer de cuello uterino",numero de ciclos entregados,2015-07-01,0,0,9,3,0,12
URIONDO (A. CONCEPCION),"anticoncepcion, prevencion de its y de cancer de cuello uterino",numero de ciclos entregados,2015-07-01,0,0,37,10,3,50
URUBICHA,"anticoncepcion, prevencion de its y de cancer de cuello uterino",numero de ciclos entregados,2015-07-01,0,6,24,15,0,45
UYUNI,"anticoncepcion, prevencion de its y de cancer de cuello uterino",numero de ciclos entregados,2015-07-01,0,0,25,18,0,43
VACAS,"anticoncepcion, prevencion de its y de cancer de cuello uterino",numero de ciclos entregados,2015-07-01,3,1,2,5,0,11
VALLEGRANDE,"anticoncepcion, prevencion de its y de cancer de cuello uterino",numero de ciclos entregados,2015-07-01,0,10,28,4,0,42
VIACHA,"anticoncepcion, prevencion de its y de cancer de cuello uterino",numero de ciclos entregados,2015-07-01,0,0,34,7,0,41
VILA VILA,"anticoncepcion, prevencion de its y de cancer de cuello uterino",numero de ciclos entregados,2015-07-01,0,0,1,0,0,1
VILLA CHARCAS,"anticoncepcion, prevencion de its y de cancer de cuello uterino",numero de ciclos entregados,2015-07-01,3,12,15,9,3,42
VILLA MONTES,"anticoncepcion, prevencion de its y de cancer de cuello uterino",numero de ciclos entregados,2015-07-01,1,21,78,15,0,115
VILLA NUEVA (LOMA ALTA),"anticoncepcion, prevencion de its y de cancer de cuello uterino",numero de ciclos entregados,2015-07-01,0,0,12,0,0,12
VILLA RIVERO,"anticoncepcion, prevencion de its y de cancer de cuello uterino",numero de ciclos entregados,2015-07-01,0,1,0,0,0,1
VILLA SERRANO,"anticoncepcion, prevencion de its y de cancer de cuello uterino",numero de ciclos entregados,2015-07-01,0,3,21,6,0,30
VILLA TUNARI,"anticoncepcion, prevencion de its y de cancer de cuello uterino",numero de ciclos entregados,2015-07-01,0,5,90,12,0,107
VILLA VACA GUZMAN (MUYUPAMPA),"anticoncepcion, prevencion de its y de cancer de cuello uterino",numero de ciclos entregados,2015-07-01,0,12,49,15,0,76
VILLAZON,"anticoncepcion, prevencion de its y de cancer de cuello uterino",numero de ciclos entregados,2015-07-01,0,15,60,21,0,96
VINTO,"anticoncepcion, prevencion de its y de cancer de cuello uterino",numero de ciclos entregados,2015-07-01,0,3,49,6,0,58
VITICHI,"anticoncepcion, prevencion de its y de cancer de cuello uterino",numero de ciclos entregados,2015-07-01,0,0,5,6,0,11
WALDO BALLIVIAN,"anticoncepcion, prevencion de its y de cancer de cuello uterino",numero de ciclos entregados,2015-07-01,0,0,0,3,0,3
WARNES,"anticoncepcion, prevencion de its y de cancer de cuello uterino",numero de ciclos entregados,2015-07-01,3,31,269,62,0,365
YACO,"anticoncepcion, prevencion de its y de cancer de cuello uterino",numero de ciclos entregados,2015-07-01,0,3,0,3,0,6
YACUIBA,"anticoncepcion, prevencion de its y de cancer de cuello uterino",numero de ciclos entregados,2015-07-01,0,3,181,34,0,218
YAMPARAEZ,"anticoncepcion, prevencion de its y de cancer de cuello uterino",numero de ciclos entregados,2015-07-01,0,3,3,0,0,6
YANACACHI,"anticoncepcion, prevencion de its y de cancer de cuello uterino",numero de ciclos entregados,2015-07-01,0,0,7,0,0,7
YAPACANI,"anticoncepcion, prevencion de its y de cancer de cuello uterino",numero de ciclos entregados,2015-07-01,3,21,67,27,6,124
YOCALLA,"anticoncepcion, prevencion de its y de cancer de cuello uterino",numero de ciclos entregados,2015-07-01,0,0,6,0,0,6
YOTALA,"anticoncepcion, prevencion de its y de cancer de cuello uterino",numero de ciclos entregados,2015-07-01,0,3,0,0,0,3
YUNCHARA,"anticoncepcion, prevencion de its y de cancer de cuello uterino",numero de ciclos entregados,2015-07-01,0,1,24,9,0,34
ZUDAÑEZ,"anticoncepcion, prevencion de its y de cancer de cuello uterino",numero de ciclos entregados,2015-07-01,0,0,6,9,0,15
ACHACACHI,"anticoncepcion, prevencion de its y de cancer de cuello uterino",numero de ciclos entregados,2015-08-01,0,0,9,6,0,15
ACHOCALLA,"anticoncepcion, prevencion de its y de cancer de cuello uterino",numero de ciclos entregados,2015-08-01,0,3,15,9,0,27
AIQUILE,"anticoncepcion, prevencion de its y de cancer de cuello uterino",numero de ciclos entregados,2015-08-01,0,9,24,3,0,36
ALCALA,"anticoncepcion, prevencion de its y de cancer de cuello uterino",numero de ciclos entregados,2015-08-01,0,0,3,12,0,15
ALTO BENI,"anticoncepcion, prevencion de its y de cancer de cuello uterino",numero de ciclos entregados,2015-08-01,0,0,24,9,3,36
ANCORAIMES,"anticoncepcion, prevencion de its y de cancer de cuello uterino",numero de ciclos entregados,2015-08-01,0,0,12,6,0,18
ANTEQUERA,"anticoncepcion, prevencion de its y de cancer de cuello uterino",numero de ciclos entregados,2015-08-01,0,0,0,3,0,3
APOLO,"anticoncepcion, prevencion de its y de cancer de cuello uterino",numero de ciclos entregados,2015-08-01,3,6,42,9,0,60
ARAMPAMPA,"anticoncepcion, prevencion de its y de cancer de cuello uterino",numero de ciclos entregados,2015-08-01,0,0,15,0,0,15
ARANI,"anticoncepcion, prevencion de its y de cancer de cuello uterino",numero de ciclos entregados,2015-08-01,0,0,9,6,0,15
ARBIETO,"anticoncepcion, prevencion de its y de cancer de cuello uterino",numero de ciclos entregados,2015-08-01,0,4,21,6,0,31
ARQUE,"anticoncepcion, prevencion de its y de cancer de cuello uterino",numero de ciclos entregados,2015-08-01,0,0,3,3,0,6
ASCENCION DE GUARAYOS,"anticoncepcion, prevencion de its y de cancer de cuello uterino",numero de ciclos entregados,2015-08-01,0,6,37,36,0,79
ATOCHA,"anticoncepcion, prevencion de its y de cancer de cuello uterino",numero de ciclos entregados,2015-08-01,0,0,14,6,0,20
AUCAPATA,"anticoncepcion, prevencion de its y de cancer de cuello uterino",numero de ciclos entregados,2015-08-01,0,0,3,0,0,3
AYATA,"anticoncepcion, prevencion de its y de cancer de cuello uterino",numero de ciclos entregados,2015-08-01,0,0,12,12,0,24
AYO AYO,"anticoncepcion, prevencion de its y de cancer de cuello uterino",numero de ciclos entregados,2015-08-01,0,0,21,0,0,21
AYOPAYA (V. DE INDEPENDENCIA),"anticoncepcion, prevencion de its y de cancer de cuello uterino",numero de ciclos entregados,2015-08-01,3,18,42,31,0,94
AZURDUY,"anticoncepcion, prevencion de its y de cancer de cuello uterino",numero de ciclos entregados,2015-08-01,0,0,9,3,0,12
BATALLAS,"anticoncepcion, prevencion de its y de cancer de cuello uterino",numero de ciclos entregados,2015-08-01,0,0,9,9,0,18
BAURES,"anticoncepcion, prevencion de its y de cancer de cuello uterino",numero de ciclos entregados,2015-08-01,0,1,19,3,0,23
BELEN DE URMIRI,"anticoncepcion, prevencion de its y de cancer de cuello uterino",numero de ciclos entregados,2015-08-01,0,3,6,0,0,9
BELLA FLOR,"anticoncepcion, prevencion de its y de cancer de cuello uterino",numero de ciclos entregados,2015-08-01,6,3,31,6,0,46
BERMEJO,"anticoncepcion, prevencion de its y de cancer de cuello uterino",numero de ciclos entregados,2015-08-01,0,53,39,36,0,128
BETANZOS,"anticoncepcion, prevencion de its y de cancer de cuello uterino",numero de ciclos entregados,2015-08-01,0,0,6,6,0,12
BOLIVAR,"anticoncepcion, prevencion de its y de cancer de cuello uterino",numero de ciclos entregados,2015-08-01,0,0,3,0,0,3
BOLPEBRA,"anticoncepcion, prevencion de its y de cancer de cuello uterino",numero de ciclos entregados,2015-08-01,0,0,15,0,0,15
BOYUIBE,"anticoncepcion, prevencion de its y de cancer de cuello uterino",numero de ciclos entregados,2015-08-01,0,0,12,0,0,12
BUENA VISTA,"anticoncepcion, prevencion de its y de cancer de cuello uterino",numero de ciclos entregados,2015-08-01,0,18,42,3,0,63
CABEZAS,"anticoncepcion, prevencion de its y de cancer de cuello uterino",numero de ciclos entregados,2015-08-01,0,12,96,51,3,162
CAIROMA,"anticoncepcion, prevencion de its y de cancer de cuello uterino",numero de ciclos entregados,2015-08-01,0,1,3,3,0,7
"CAIZA ""D""","anticoncepcion, prevencion de its y de cancer de cuello uterino",numero de ciclos entregados,2015-08-01,0,9,9,5,0,23
CAJUATA,"anticoncepcion, prevencion de its y de cancer de cuello uterino",numero de ciclos entregados,2015-08-01,0,6,12,0,0,18
CALAMARCA,"anticoncepcion, prevencion de its y de cancer de cuello uterino",numero de ciclos entregados,2015-08-01,0,3,21,0,0,24
CAMARGO,"anticoncepcion, prevencion de its y de cancer de cuello uterino",numero de ciclos entregados,2015-08-01,0,1,9,0,0,10
CAMIRI,"anticoncepcion, prevencion de its y de cancer de cuello uterino",numero de ciclos entregados,2015-08-01,0,0,27,18,0,45
CAPINOTA,"anticoncepcion, prevencion de its y de cancer de cuello uterino",numero de ciclos entregados,2015-08-01,0,0,42,6,0,48
CAQUIAVIRI,"anticoncepcion, prevencion de its y de cancer de cuello uterino",numero de ciclos entregados,2015-08-01,0,0,0,3,0,3
CARACOLLO,"anticoncepcion, prevencion de its y de cancer de cuello uterino",numero de ciclos entregados,2015-08-01,0,3,5,1,0,9
CARANAVI,"anticoncepcion, prevencion de its y de cancer de cuello uterino",numero de ciclos entregados,2015-08-01,0,15,55,15,0,85
CARANGAS,"anticoncepcion, prevencion de its y de cancer de cuello uterino",numero de ciclos entregados,2015-08-01,0,0,3,0,0,3
CARAPARI,"anticoncepcion, prevencion de its y de cancer de cuello uterino",numero de ciclos entregados,2015-08-01,0,6,39,3,0,48
CARIPUYO,"anticoncepcion, prevencion de its y de cancer de cuello uterino",numero de ciclos entregados,2015-08-01,0,0,0,6,0,6
CARMEN RIVERO TORREZ,"anticoncepcion, prevencion de its y de cancer de cuello uterino",numero de ciclos entregados,2015-08-01,0,0,12,3,0,15
CATACORA,"anticoncepcion, prevencion de its y de cancer de cuello uterino",numero de ciclos entregados,2015-08-01,0,0,12,3,0,15
CHALLAPATA,"anticoncepcion, prevencion de its y de cancer de cuello uterino",numero de ciclos entregados,2015-08-01,0,1,4,8,0,13
CHAQUI,"anticoncepcion, prevencion de its y de cancer de cuello uterino",numero de ciclos entregados,2015-08-01,0,0,3,0,6,9
CHARAGUA,"anticoncepcion, prevencion de its y de cancer de cuello uterino",numero de ciclos entregados,2015-08-01,0,9,57,27,0,93
CHAYANTA,"anticoncepcion, prevencion de its y de cancer de cuello uterino",numero de ciclos entregados,2015-08-01,0,3,6,0,0,9
CHIMORE,"anticoncepcion, prevencion de its y de cancer de cuello uterino",numero de ciclos entregados,2015-08-01,0,20,27,3,0,50
CHIPAYA,"anticoncepcion, prevencion de its y de cancer de cuello uterino",numero de ciclos entregados,2015-08-01,0,0,6,0,0,6
CHUA COCANI,"anticoncepcion, prevencion de its y de cancer de cuello uterino",numero de ciclos entregados,2015-08-01,0,4,12,1,0,17
CHULUMANI (V. DE LA LIBERTAD),"anticoncepcion, prevencion de its y de cancer de cuello uterino",numero de ciclos entregados,2015-08-01,0,3,4,3,0,10
CHUMA,"anticoncepcion, prevencion de its y de cancer de cuello uterino",numero de ciclos entregados,2015-08-01,0,3,9,3,0,15
CHUQUIHUTA AYLLU JUCUMANI,"anticoncepcion, prevencion de its y de cancer de cuello uterino",numero de ciclos entregados,2015-08-01,0,0,9,6,0,15
CLIZA,"anticoncepcion, prevencion de its y de cancer de cuello uterino",numero de ciclos entregados,2015-08-01,0,1,30,0,0,31
COBIJA,"anticoncepcion, prevencion de its y de cancer de cuello uterino",numero de ciclos entregados,2015-08-01,2,10,93,24,0,129
COCAPATA,"anticoncepcion, prevencion de its y de cancer de cuello uterino",numero de ciclos entregados,2015-08-01,0,1,8,0,0,9
COCHABAMBA,"anticoncepcion, prevencion de its y de cancer de cuello uterino",numero de ciclos entregados,2015-08-01,2,53,428,79,0,562
COIPASA,"anticoncepcion, prevencion de its y de cancer de cuello uterino",numero de ciclos entregados,2015-08-01,0,0,4,3,0,7
COLCAPIRHUA,"anticoncepcion, prevencion de its y de cancer de cuello uterino",numero de ciclos entregados,2015-08-01,0,9,9,9,0,27
"COLCHA ""K""","anticoncepcion, prevencion de its y de cancer de cuello uterino",numero de ciclos entregados,2015-08-01,0,4,21,9,0,34
COLLANA,"anticoncepcion, prevencion de its y de cancer de cuello uterino",numero de ciclos entregados,2015-08-01,0,0,6,3,0,9
COLOMI,"anticoncepcion, prevencion de its y de cancer de cuello uterino",numero de ciclos entregados,2015-08-01,0,3,18,6,0,27
COLPA BELGICA,"anticoncepcion, prevencion de its y de cancer de cuello uterino",numero de ciclos entregados,2015-08-01,3,18,33,18,0,72
COLQUECHACA,"anticoncepcion, prevencion de its y de cancer de cuello uterino",numero de ciclos entregados,2015-08-01,0,3,3,6,0,12
COLQUENCHA,"anticoncepcion, prevencion de its y de cancer de cuello uterino",numero de ciclos entregados,2015-08-01,0,0,6,12,3,21
COLQUIRI,"anticoncepcion, prevencion de its y de cancer de cuello uterino",numero de ciclos entregados,2015-08-01,0,3,9,12,0,24
COMARAPA,"anticoncepcion, prevencion de its y de cancer de cuello uterino",numero de ciclos entregados,2015-08-01,0,6,23,6,0,35
COMBAYA,"anticoncepcion, prevencion de its y de cancer de cuello uterino",numero de ciclos entregados,2015-08-01,0,0,0,3,0,3
CONCEPCION,"anticoncepcion, prevencion de its y de cancer de cuello uterino",numero de ciclos entregados,2015-08-01,0,0,24,3,0,27
COPACABANA,"anticoncepcion, prevencion de its y de cancer de cuello uterino",numero de ciclos entregados,2015-08-01,0,0,6,3,0,9
CORIPATA,"anticoncepcion, prevencion de its y de cancer de cuello uterino",numero de ciclos entregados,2015-08-01,0,3,3,0,0,6
CORO CORO,"anticoncepcion, prevencion de its y de cancer de cuello uterino",numero de ciclos entregados,2015-08-01,0,0,3,0,0,3
COROICO,"anticoncepcion, prevencion de its y de cancer de cuello uterino",numero de ciclos entregados,2015-08-01,0,2,0,9,0,11
CORQUE,"anticoncepcion, prevencion de its y de cancer de cuello uterino",numero de ciclos entregados,2015-08-01,0,0,5,6,0,11
COTAGAITA,"anticoncepcion, prevencion de its y de cancer de cuello uterino",numero de ciclos entregados,2015-08-01,0,0,21,5,0,26
COTOCA,"anticoncepcion, prevencion de its y de cancer de cuello uterino",numero de ciclos entregados,2015-08-01,0,13,52,29,0,94
CUATRO CAÑADAS,"anticoncepcion, prevencion de its y de cancer de cuello uterino",numero de ciclos entregados,2015-08-01,0,3,57,12,3,75
CUEVO,"anticoncepcion, prevencion de its y de cancer de cuello uterino",numero de ciclos entregados,2015-08-01,0,3,12,0,0,15
CULPINA,"anticoncepcion, prevencion de its y de cancer de cuello uterino",numero de ciclos entregados,2015-08-01,0,12,29,17,0,58
CURAHUARA DE CARANGAS,"anticoncepcion, prevencion de its y de cancer de cuello uterino",numero de ciclos entregados,2015-08-01,0,1,1,3,0,5
CURVA,"anticoncepcion, prevencion de its y de cancer de cuello uterino",numero de ciclos entregados,2015-08-01,0,0,6,0,0,6
DESAGUADERO,"anticoncepcion, prevencion de its y de cancer de cuello uterino",numero de ciclos entregados,2015-08-01,0,3,0,0,0,3
EL ALTO,"anticoncepcion, prevencion de its y de cancer de cuello uterino",numero de ciclos entregados,2015-08-01,3,60,842,183,0,1088
EL CHORO,"anticoncepcion, prevencion de its y de cancer de cuello uterino",numero de ciclos entregados,2015-08-01,0,0,9,1,0,10
EL PUENTE(STC),"anticoncepcion, prevencion de its y de cancer de cuello uterino",numero de ciclos entregados,2015-08-01,0,3,34,25,3,65
EL PUENTE(TJA),"anticoncepcion, prevencion de its y de cancer de cuello uterino",numero de ciclos entregados,2015-08-01,0,0,22,21,0,43
EL TORNO,"anticoncepcion, prevencion de its y de cancer de cuello uterino",numero de ciclos entregados,2015-08-01,9,33,135,54,0,231
EL VILLAR,"anticoncepcion, prevencion de its y de cancer de cuello uterino",numero de ciclos entregados,2015-08-01,0,0,18,6,0,24
ENTRE RIOS TRJ,"anticoncepcion, prevencion de its y de cancer de cuello uterino",numero de ciclos entregados,2015-08-01,0,15,55,13,1,84
ENTRE RIOS CBBA,"anticoncepcion, prevencion de its y de cancer de cuello uterino",numero de ciclos entregados,2015-08-01,0,0,42,13,0,55
EUCALIPTUS,"anticoncepcion, prevencion de its y de cancer de cuello uterino",numero de ciclos entregados,2015-08-01,0,0,1,0,0,1
EUREKA (SANTOS MERCADO),"anticoncepcion, prevencion de its y de cancer de cuello uterino",numero de ciclos entregados,2015-08-01,0,0,9,3,0,12
FERNANDEZ ALONSO,"anticoncepcion, prevencion de its y de cancer de cuello uterino",numero de ciclos entregados,2015-08-01,0,5,13,3,0,21
FILADELFIA,"anticoncepcion, prevencion de its y de cancer de cuello uterino",numero de ciclos entregados,2015-08-01,0,4,16,3,0,23
GENERAL SAAVEDRA,"anticoncepcion, prevencion de its y de cancer de cuello uterino",numero de ciclos entregados,2015-08-01,1,1,60,15,0,77
GRAL. J.J. PEREZ (CHARAZANI),"anticoncepcion, prevencion de its y de cancer de cuello uterino",numero de ciclos entregados,2015-08-01,0,0,3,0,0,3
GUANAY,"anticoncepcion, prevencion de its y de cancer de cuello uterino",numero de ciclos entregados,2015-08-01,0,0,9,0,0,9
GUAQUI,"anticoncepcion, prevencion de its y de cancer de cuello uterino",numero de ciclos entregados,2015-08-01,0,0,6,3,0,9
GUAYARAMERIN,"anticoncepcion, prevencion de its y de cancer de cuello uterino",numero de ciclos entregados,2015-08-01,0,3,28,3,0,34
GUTIERREZ,"anticoncepcion, prevencion de its y de cancer de cuello uterino",numero de ciclos entregados,2015-08-01,0,6,18,6,0,30
HUACARETA,"anticoncepcion, prevencion de its y de cancer de cuello uterino",numero de ciclos entregados,2015-08-01,0,3,19,21,0,43
HUACAYA (VILLA DE HUACAYA),"anticoncepcion, prevencion de its y de cancer de cuello uterino",numero de ciclos entregados,2015-08-01,0,0,4,0,0,4
HUACHACALLA,"anticoncepcion, prevencion de its y de cancer de cuello uterino",numero de ciclos entregados,2015-08-01,0,1,9,1,0,11
HUANUNI,"anticoncepcion, prevencion de its y de cancer de cuello uterino",numero de ciclos entregados,2015-08-01,0,0,15,3,0,18
HUARACAJE,"anticoncepcion, prevencion de its y de cancer de cuello uterino",numero de ciclos entregados,2015-08-01,0,0,4,3,0,7
HUATAJATA,"anticoncepcion, prevencion de its y de cancer de cuello uterino",numero de ciclos entregados,2015-08-01,0,0,3,3,0,6
HUAYLLAMARCA,"anticoncepcion, prevencion de its y de cancer de cuello uterino",numero de ciclos entregados,2015-08-01,0,0,3,3,0,6
ICHOCA,"anticoncepcion, prevencion de its y de cancer de cuello uterino",numero de ciclos entregados,2015-08-01,0,0,1,0,0,1
ICLA,"anticoncepcion, prevencion de its y de cancer de cuello uterino",numero de ciclos entregados,2015-08-01,0,0,12,18,0,30
INCAHUASI,"anticoncepcion, prevencion de its y de cancer de cuello uterino",numero de ciclos entregados,2015-08-01,0,3,14,0,0,17
INGAVI (HUMAITA),"anticoncepcion, prevencion de its y de cancer de cuello uterino",numero de ciclos entregados,2015-08-01,0,3,12,3,0,18
INQUISIVI,"anticoncepcion, prevencion de its y de cancer de cuello uterino",numero de ciclos entregados,2015-08-01,0,0,6,6,0,12
IRUPANA (VILLA DE LANZA),"anticoncepcion, prevencion de its y de cancer de cuello uterino",numero de ciclos entregados,2015-08-01,0,6,42,21,0,69
IXIAMAS,"anticoncepcion, prevencion de its y de cancer de cuello uterino",numero de ciclos entregados,2015-08-01,0,3,33,3,0,39
JESUS DE MACHACA,"anticoncepcion, prevencion de its y de cancer de cuello uterino",numero de ciclos entregados,2015-08-01,0,0,3,3,0,6
LA ASUNTA,"anticoncepcion, prevencion de its y de cancer de cuello uterino",numero de ciclos entregados,2015-08-01,1,1,66,21,0,89
LA GUARDIA,"anticoncepcion, prevencion de its y de cancer de cuello uterino",numero de ciclos entregados,2015-08-01,3,42,246,45,0,336
LA PAZ,"anticoncepcion, prevencion de its y de cancer de cuello uterino",numero de ciclos entregados,2015-08-01,0,31,448,135,3,617
LAGUNILLAS,"anticoncepcion, prevencion de its y de cancer de cuello uterino",numero de ciclos entregados,2015-08-01,0,3,25,0,0,28
LAJA,"anticoncepcion, prevencion de its y de cancer de cuello uterino",numero de ciclos entregados,2015-08-01,0,0,15,6,0,21
LAS CARRERAS,"anticoncepcion, prevencion de its y de cancer de cuello uterino",numero de ciclos entregados,2015-08-01,0,0,3,0,0,3
LICOMA PAMPA,"anticoncepcion, prevencion de its y de cancer de cuello uterino",numero de ciclos entregados,2015-08-01,0,0,9,0,0,9
LLALLAGUA,"anticoncepcion, prevencion de its y de cancer de cuello uterino",numero de ciclos entregados,2015-08-01,0,12,60,9,0,81
LLICA,"anticoncepcion, prevencion de its y de cancer de cuello uterino",numero de ciclos entregados,2015-08-01,0,0,15,6,0,21
LORETO,"anticoncepcion, prevencion de its y de cancer de cuello uterino",numero de ciclos entregados,2015-08-01,0,1,11,1,0,13
LURIBAY,"anticoncepcion, prevencion de its y de cancer de cuello uterino",numero de ciclos entregados,2015-08-01,0,0,6,0,0,6
MACHARETI,"anticoncepcion, prevencion de its y de cancer de cuello uterino",numero de ciclos entregados,2015-08-01,0,6,29,9,0,44
MAGDALENA,"anticoncepcion, prevencion de its y de cancer de cuello uterino",numero de ciclos entregados,2015-08-01,1,3,15,2,0,21
MAIRANA,"anticoncepcion, prevencion de its y de cancer de cuello uterino",numero de ciclos entregados,2015-08-01,0,0,18,3,0,21
MECAPACA,"anticoncepcion, prevencion de its y de cancer de cuello uterino",numero de ciclos entregados,2015-08-01,0,0,0,3,0,3
MINEROS,"anticoncepcion, prevencion de its y de cancer de cuello uterino",numero de ciclos entregados,2015-08-01,0,5,68,15,0,88
MIZQUE,"anticoncepcion, prevencion de its y de cancer de cuello uterino",numero de ciclos entregados,2015-08-01,0,1,19,3,0,23
MOCOMOCO,"anticoncepcion, prevencion de its y de cancer de cuello uterino",numero de ciclos entregados,2015-08-01,0,0,3,0,0,3
MOJOCOYA,"anticoncepcion, prevencion de its y de cancer de cuello uterino",numero de ciclos entregados,2015-08-01,0,6,24,0,0,30
MONTEAGUDO,"anticoncepcion, prevencion de its y de cancer de cuello uterino",numero de ciclos entregados,2015-08-01,0,12,35,21,0,68
MONTERO,"anticoncepcion, prevencion de its y de cancer de cuello uterino",numero de ciclos entregados,2015-08-01,0,24,116,46,0,186
MORO MORO,"anticoncepcion, prevencion de its y de cancer de cuello uterino",numero de ciclos entregados,2015-08-01,0,4,12,6,0,22
MOROCHATA,"anticoncepcion, prevencion de its y de cancer de cuello uterino",numero de ciclos entregados,2015-08-01,0,3,15,0,0,18
NACEBE (SANTA ROSA DEL ABUNA),"anticoncepcion, prevencion de its y de cancer de cuello uterino",numero de ciclos entregados,2015-08-01,0,0,3,0,0,3
NUEVO MANOA (NUEVA ESPERANZA),"anticoncepcion, prevencion de its y de cancer de cuello uterino",numero de ciclos entregados,2015-08-01,0,0,3,3,0,6
OCURI,"anticoncepcion, prevencion de its y de cancer de cuello uterino",numero de ciclos entregados,2015-08-01,0,15,33,6,0,54
OKINAWA,"anticoncepcion, prevencion de its y de cancer de cuello uterino",numero de ciclos entregados,2015-08-01,0,7,55,24,0,86
OMEREQUE,"anticoncepcion, prevencion de its y de cancer de cuello uterino",numero de ciclos entregados,2015-08-01,0,0,9,3,0,12
ORURO,"anticoncepcion, prevencion de its y de cancer de cuello uterino",numero de ciclos entregados,2015-08-01,0,13,233,59,1,306
PADCAYA,"anticoncepcion, prevencion de its y de cancer de cuello uterino",numero de ciclos entregados,2015-08-01,0,9,105,30,0,144
PADILLA,"anticoncepcion, prevencion de its y de cancer de cuello uterino",numero de ciclos entregados,2015-08-01,0,6,42,6,0,54
PAILON,"anticoncepcion, prevencion de its y de cancer de cuello uterino",numero de ciclos entregados,2015-08-01,0,15,59,20,0,94
PALCA,"anticoncepcion, prevencion de its y de cancer de cuello uterino",numero de ciclos entregados,2015-08-01,0,6,4,1,0,11
PALOS BLANCOS,"anticoncepcion, prevencion de its y de cancer de cuello uterino",numero de ciclos entregados,2015-08-01,0,6,54,21,0,81
PAMPA AULLAGAS,"anticoncepcion, prevencion de its y de cancer de cuello uterino",numero de ciclos entregados,2015-08-01,0,0,6,3,0,9
PAMPA GRANDE,"anticoncepcion, prevencion de its y de cancer de cuello uterino",numero de ciclos entregados,2015-08-01,0,6,28,7,0,41
PAPEL PAMPA,"anticoncepcion, prevencion de its y de cancer de cuello uterino",numero de ciclos entregados,2015-08-01,0,0,9,3,0,12
PELECHUCO,"anticoncepcion, prevencion de its y de cancer de cuello uterino",numero de ciclos entregados,2015-08-01,0,6,24,12,0,42
POCOATA,"anticoncepcion, prevencion de its y de cancer de cuello uterino",numero de ciclos entregados,2015-08-01,0,0,12,9,0,21
POCONA,"anticoncepcion, prevencion de its y de cancer de cuello uterino",numero de ciclos entregados,2015-08-01,0,0,6,0,0,6
POJO (CBBA),"anticoncepcion, prevencion de its y de cancer de cuello uterino",numero de ciclos entregados,2015-08-01,0,3,21,6,0,30
PORCO,"anticoncepcion, prevencion de its y de cancer de cuello uterino",numero de ciclos entregados,2015-08-01,0,3,12,3,0,18
POROMA,"anticoncepcion, prevencion de its y de cancer de cuello uterino",numero de ciclos entregados,2015-08-01,0,2,13,18,0,33
PORONGO,"anticoncepcion, prevencion de its y de cancer de cuello uterino",numero de ciclos entregados,2015-08-01,0,9,75,21,0,105
PORVENIR,"anticoncepcion, prevencion de its y de cancer de cuello uterino",numero de ciclos entregados,2015-08-01,0,0,28,15,0,43
POSTRER VALLE,"anticoncepcion, prevencion de its y de cancer de cuello uterino",numero de ciclos entregados,2015-08-01,0,0,6,0,0,6
POTOSI,"anticoncepcion, prevencion de its y de cancer de cuello uterino",numero de ciclos entregados,2015-08-01,0,42,226,63,0,331
PRESTO,"anticoncepcion, prevencion de its y de cancer de cuello uterino",numero de ciclos entregados,2015-08-01,0,9,15,9,0,33
PUCARA,"anticoncepcion, prevencion de its y de cancer de cuello uterino",numero de ciclos entregados,2015-08-01,0,3,6,0,0,9
PUCARANI,"anticoncepcion, prevencion de its y de cancer de cuello uterino",numero de ciclos entregados,2015-08-01,0,0,12,3,3,18
PUERTO ACOSTA,"anticoncepcion, prevencion de its y de cancer de cuello uterino",numero de ciclos entregados,2015-08-01,0,0,0,3,0,3
PUERTO CARABUCO,"anticoncepcion, prevencion de its y de cancer de cuello uterino",numero de ciclos entregados,2015-08-01,0,3,3,4,0,10
PUERTO GONZALO MORENO,"anticoncepcion, prevencion de its y de cancer de cuello uterino",numero de ciclos entregados,2015-08-01,6,6,15,9,0,36
PUERTO QUIJARRO,"anticoncepcion, prevencion de its y de cancer de cuello uterino",numero de ciclos entregados,2015-08-01,0,0,17,5,0,22
PUERTO RICO,"anticoncepcion, prevencion de its y de cancer de cuello uterino",numero de ciclos entregados,2015-08-01,0,3,42,6,0,51
PUERTO SILES,"anticoncepcion, prevencion de its y de cancer de cuello uterino",numero de ciclos entregados,2015-08-01,0,6,0,1,0,7
PUERTO SUAREZ,"anticoncepcion, prevencion de its y de cancer de cuello uterino",numero de ciclos entregados,2015-08-01,0,0,9,0,0,9
PUERTO VILLARROEL,"anticoncepcion, prevencion de its y de cancer de cuello uterino",numero de ciclos entregados,2015-08-01,0,2,61,20,0,83
PUNA,"anticoncepcion, prevencion de its y de cancer de cuello uterino",numero de ciclos entregados,2015-08-01,0,0,39,6,0,45
PUNATA,"anticoncepcion, prevencion de its y de cancer de cuello uterino",numero de ciclos entregados,2015-08-01,0,3,15,3,0,21
QUIABAYA,"anticoncepcion, prevencion de its y de cancer de cuello uterino",numero de ciclos entregados,2015-08-01,0,0,3,0,0,3
QUILLACOLLO,"anticoncepcion, prevencion de its y de cancer de cuello uterino",numero de ciclos entregados,2015-08-01,0,3,74,9,0,86
QUIME,"anticoncepcion, prevencion de its y de cancer de cuello uterino",numero de ciclos entregados,2015-08-01,0,3,14,0,0,17
QUIRUSILLAS,"anticoncepcion, prevencion de its y de cancer de cuello uterino",numero de ciclos entregados,2015-08-01,0,0,3,6,0,9
RAVELO,"anticoncepcion, prevencion de its y de cancer de cuello uterino",numero de ciclos entregados,2015-08-01,0,0,9,0,0,9
REYES,"anticoncepcion, prevencion de its y de cancer de cuello uterino",numero de ciclos entregados,2015-08-01,0,24,72,24,0,120
RIBERALTA,"anticoncepcion, prevencion de its y de cancer de cuello uterino",numero de ciclos entregados,2015-08-01,0,26,90,23,0,139
ROBORE,"anticoncepcion, prevencion de its y de cancer de cuello uterino",numero de ciclos entregados,2015-08-01,0,18,51,15,0,84
RURRENABAQUE,"anticoncepcion, prevencion de its y de cancer de cuello uterino",numero de ciclos entregados,2015-08-01,0,3,16,27,0,46
SACABA,"anticoncepcion, prevencion de its y de cancer de cuello uterino",numero de ciclos entregados,2015-08-01,0,25,199,19,0,243
SACACA,"anticoncepcion, prevencion de its y de cancer de cuello uterino",numero de ciclos entregados,2015-08-01,0,3,24,15,0,42
SAIPINA,"anticoncepcion, prevencion de its y de cancer de cuello uterino",numero de ciclos entregados,2015-08-01,0,0,0,3,0,3
SALINAS DE GARCI MENDOZA,"anticoncepcion, prevencion de its y de cancer de cuello uterino",numero de ciclos entregados,2015-08-01,0,0,23,0,0,23
SAMAIPATA,"anticoncepcion, prevencion de its y de cancer de cuello uterino",numero de ciclos entregados,2015-08-01,0,3,21,6,0,30
SAN AGUSTIN,"anticoncepcion, prevencion de its y de cancer de cuello uterino",numero de ciclos entregados,2015-08-01,0,0,4,3,0,7
SAN ANDRES,"anticoncepcion, prevencion de its y de cancer de cuello uterino",numero de ciclos entregados,2015-08-01,0,6,56,18,0,80
SAN ANDRES DE MACHACA,"anticoncepcion, prevencion de its y de cancer de cuello uterino",numero de ciclos entregados,2015-08-01,0,0,6,0,0,6
SAN ANTONIO DE LOMERIO,"anticoncepcion, prevencion de its y de cancer de cuello uterino",numero de ciclos entregados,2015-08-01,0,3,48,30,0,81
SAN BORJA,"anticoncepcion, prevencion de its y de cancer de cuello uterino",numero de ciclos entregados,2015-08-01,0,27,183,63,3,276
SAN BUENA VENTURA,"anticoncepcion, prevencion de its y de cancer de cuello uterino",numero de ciclos entregados,2015-08-01,0,0,9,0,0,9
SAN CARLOS,"anticoncepcion, prevencion de its y de cancer de cuello uterino",numero de ciclos entregados,2015-08-01,0,12,72,12,0,96
SAN IGNACIO,"anticoncepcion, prevencion de its y de cancer de cuello uterino",numero de ciclos entregados,2015-08-01,0,39,177,103,4,323
SAN IGNACIO DE VELASCO,"anticoncepcion, prevencion de its y de cancer de cuello uterino",numero de ciclos entregados,2015-08-01,0,19,193,51,0,263
SAN JAVIER(BNI),"anticoncepcion, prevencion de its y de cancer de cuello uterino",numero de ciclos entregados,2015-08-01,0,3,0,0,0,3
SAN JAVIER(STC),"anticoncepcion, prevencion de its y de cancer de cuello uterino",numero de ciclos entregados,2015-08-01,0,24,84,12,0,120
SAN JOAQUIN,"anticoncepcion, prevencion de its y de cancer de cuello uterino",numero de ciclos entregados,2015-08-01,0,1,2,1,0,4
SAN JOSE DE CHIQUITOS,"anticoncepcion, prevencion de its y de cancer de cuello uterino",numero de ciclos entregados,2015-08-01,0,15,51,36,3,105
SAN JUAN DE YAPACANI,"anticoncepcion, prevencion de its y de cancer de cuello uterino",numero de ciclos entregados,2015-08-01,0,7,17,3,0,27
SAN JULIAN,"anticoncepcion, prevencion de its y de cancer de cuello uterino",numero de ciclos entregados,2015-08-01,0,6,36,9,0,51
SAN LORENZO(PND),"anticoncepcion, prevencion de its y de cancer de cuello uterino",numero de ciclos entregados,2015-08-01,0,3,12,6,0,21
SAN LORENZO(TJA),"anticoncepcion, prevencion de its y de cancer de cuello uterino",numero de ciclos entregados,2015-08-01,0,3,42,18,0,63
SAN LUCAS,"anticoncepcion, prevencion de its y de cancer de cuello uterino",numero de ciclos entregados,2015-08-01,0,9,24,9,0,42
SAN MATIAS,"anticoncepcion, prevencion de its y de cancer de cuello uterino",numero de ciclos entregados,2015-08-01,0,6,39,12,0,57
SAN MIGUEL DE VELASCO,"anticoncepcion, prevencion de its y de cancer de cuello uterino",numero de ciclos entregados,2015-08-01,0,6,69,37,3,115
SAN PABLO DE LIPEZ,"anticoncepcion, prevencion de its y de cancer de cuello uterino",numero de ciclos entregados,2015-08-01,0,0,3,0,0,3
SAN PEDRO,"anticoncepcion, prevencion de its y de cancer de cuello uterino",numero de ciclos entregados,2015-08-01,0,2,38,6,0,46
SAN PEDRO DE BUENA VISTA,"anticoncepcion, prevencion de its y de cancer de cuello uterino",numero de ciclos entregados,2015-08-01,0,3,9,9,0,21
SAN PEDRO DE CURAHUARA,"anticoncepcion, prevencion de its y de cancer de cuello uterino",numero de ciclos entregados,2015-08-01,0,3,3,3,0,9
SAN PEDRO DE QUEMES,"anticoncepcion, prevencion de its y de cancer de cuello uterino",numero de ciclos entregados,2015-08-01,0,0,9,3,0,12
SAN PEDRO DE TIQUINA,"anticoncepcion, prevencion de its y de cancer de cuello uterino",numero de ciclos entregados,2015-08-01,0,0,3,0,0,3
SAN PEDRO(PND),"anticoncepcion, prevencion de its y de cancer de cuello uterino",numero de ciclos entregados,2015-08-01,0,3,0,0,0,3
SAN RAFAEL,"anticoncepcion, prevencion de its y de cancer de cuello uterino",numero de ciclos entregados,2015-08-01,3,19,37,39,0,98
SAN RAMON SCZ,"anticoncepcion, prevencion de its y de cancer de cuello uterino",numero de ciclos entregados,2015-08-01,0,0,60,0,0,60
SANTA ANA,"anticoncepcion, prevencion de its y de cancer de cuello uterino",numero de ciclos entregados,2015-08-01,0,33,258,90,6,387
SANTA CRUZ DE LA SIERRA,"anticoncepcion, prevencion de its y de cancer de cuello uterino",numero de ciclos entregados,2015-08-01,9,260,712,153,3,1137
SANTA ROSA,"anticoncepcion, prevencion de its y de cancer de cuello uterino",numero de ciclos entregados,2015-08-01,4,1,7,1,0,13
SANTA ROSA DEL SARA,"anticoncepcion, prevencion de its y de cancer de cuello uterino",numero de ciclos entregados,2015-08-01,3,9,90,27,0,129
SANTIAGO DE HUATA,"anticoncepcion, prevencion de its y de cancer de cuello uterino",numero de ciclos entregados,2015-08-01,0,3,1,0,0,4
SANTIVAÑES,"anticoncepcion, prevencion de its y de cancer de cuello uterino",numero de ciclos entregados,2015-08-01,0,0,7,0,0,7
SANTUARIO DE QUILLACAS,"anticoncepcion, prevencion de its y de cancer de cuello uterino",numero de ciclos entregados,2015-08-01,0,0,11,2,0,13
SAPAHAQUI,"anticoncepcion, prevencion de its y de cancer de cuello uterino",numero de ciclos entregados,2015-08-01,0,0,6,6,0,12
SENA,"anticoncepcion, prevencion de its y de cancer de cuello uterino",numero de ciclos entregados,2015-08-01,3,12,12,3,0,30
SHINAOTA,"anticoncepcion, prevencion de its y de cancer de cuello uterino",numero de ciclos entregados,2015-08-01,0,0,11,3,0,14
SICA SICA (VILLA AROMA),"anticoncepcion, prevencion de its y de cancer de cuello uterino",numero de ciclos entregados,2015-08-01,0,12,7,9,0,28
SICAYA,"anticoncepcion, prevencion de its y de cancer de cuello uterino",numero de ciclos entregados,2015-08-01,0,0,6,0,0,6
SIPE SIPE,"anticoncepcion, prevencion de its y de cancer de cuello uterino",numero de ciclos entregados,2015-08-01,0,4,69,18,0,91
SOPACHUY,"anticoncepcion, prevencion de its y de cancer de cuello uterino",numero de ciclos entregados,2015-08-01,0,3,9,9,0,21
SORACACHI,"anticoncepcion, prevencion de its y de cancer de cuello uterino",numero de ciclos entregados,2015-08-01,0,0,6,3,0,9
SORATA,"anticoncepcion, prevencion de its y de cancer de cuello uterino",numero de ciclos entregados,2015-08-01,0,6,12,6,0,24
SUCRE,"anticoncepcion, prevencion de its y de cancer de cuello uterino",numero de ciclos entregados,2015-08-01,0,45,411,97,0,553
TACACOMA,"anticoncepcion, prevencion de its y de cancer de cuello uterino",numero de ciclos entregados,2015-08-01,0,0,19,6,0,25
TACOPAYA,"anticoncepcion, prevencion de its y de cancer de cuello uterino",numero de ciclos entregados,2015-08-01,0,0,3,0,0,3
TAHUA,"anticoncepcion, prevencion de its y de cancer de cuello uterino",numero de ciclos entregados,2015-08-01,0,0,3,3,0,6
TAPACARI,"anticoncepcion, prevencion de its y de cancer de cuello uterino",numero de ciclos entregados,2015-08-01,0,0,13,0,0,13
TARACO,"anticoncepcion, prevencion de its y de cancer de cuello uterino",numero de ciclos entregados,2015-08-01,0,0,0,3,0,3
TARIJA,"anticoncepcion, prevencion de its y de cancer de cuello uterino",numero de ciclos entregados,2015-08-01,0,17,159,50,0,226
TARVITA,"anticoncepcion, prevencion de its y de cancer de cuello uterino",numero de ciclos entregados,2015-08-01,0,6,24,15,0,45
TEOPONTE,"anticoncepcion, prevencion de its y de cancer de cuello uterino",numero de ciclos entregados,2015-08-01,0,0,12,0,0,12
TIAWANACU,"anticoncepcion, prevencion de its y de cancer de cuello uterino",numero de ciclos entregados,2015-08-01,0,0,18,3,0,21
TINGUIPAYA,"anticoncepcion, prevencion de its y de cancer de cuello uterino",numero de ciclos entregados,2015-08-01,0,3,9,18,0,30
TIPUANI,"anticoncepcion, prevencion de its y de cancer de cuello uterino",numero de ciclos entregados,2015-08-01,0,0,12,3,0,15
TIQUIPAYA,"anticoncepcion, prevencion de its y de cancer de cuello uterino",numero de ciclos entregados,2015-08-01,0,3,45,23,0,71
TIRAQUE (CBBA),"anticoncepcion, prevencion de its y de cancer de cuello uterino",numero de ciclos entregados,2015-08-01,0,0,12,0,0,12
TOCO,"anticoncepcion, prevencion de its y de cancer de cuello uterino",numero de ciclos entregados,2015-08-01,0,0,3,0,0,3
TOLATA,"anticoncepcion, prevencion de its y de cancer de cuello uterino",numero de ciclos entregados,2015-08-01,0,3,3,0,0,6
TOLEDO,"anticoncepcion, prevencion de its y de cancer de cuello uterino",numero de ciclos entregados,2015-08-01,0,0,15,5,0,20
TOMAVE,"anticoncepcion, prevencion de its y de cancer de cuello uterino",numero de ciclos entregados,2015-08-01,0,0,12,6,0,18
TOMINA,"anticoncepcion, prevencion de its y de cancer de cuello uterino",numero de ciclos entregados,2015-08-01,0,6,15,6,0,27
TORO TORO,"anticoncepcion, prevencion de its y de cancer de cuello uterino",numero de ciclos entregados,2015-08-01,0,0,9,0,0,9
TOTORA(CBBA),"anticoncepcion, prevencion de its y de cancer de cuello uterino",numero de ciclos entregados,2015-08-01,0,0,23,4,0,27
TOTORA(ORR),"anticoncepcion, prevencion de its y de cancer de cuello uterino",numero de ciclos entregados,2015-08-01,0,1,3,0,0,4
TRIGAL,"anticoncepcion, prevencion de its y de cancer de cuello uterino",numero de ciclos entregados,2015-08-01,0,0,9,0,0,9
TRINIDAD,"anticoncepcion, prevencion de its y de cancer de cuello uterino",numero de ciclos entregados,2015-08-01,3,74,85,13,0,175
TUPIZA,"anticoncepcion, prevencion de its y de cancer de cuello uterino",numero de ciclos entregados,2015-08-01,0,0,9,2,0,11
TURCO,"anticoncepcion, prevencion de its y de cancer de cuello uterino",numero de ciclos entregados,2015-08-01,0,0,0,3,0,3
UMALA,"anticoncepcion, prevencion de its y de cancer de cuello uterino",numero de ciclos entregados,2015-08-01,0,0,3,0,0,3
UNCIA,"anticoncepcion, prevencion de its y de cancer de cuello uterino",numero de ciclos entregados,2015-08-01,0,0,15,3,0,18
URIONDO (A. CONCEPCION),"anticoncepcion, prevencion de its y de cancer de cuello uterino",numero de ciclos entregados,2015-08-01,1,4,33,10,0,48
URUBICHA,"anticoncepcion, prevencion de its y de cancer de cuello uterino",numero de ciclos entregados,2015-08-01,0,0,12,18,0,30
UYUNI,"anticoncepcion, prevencion de its y de cancer de cuello uterino",numero de ciclos entregados,2015-08-01,0,0,12,3,0,15
VACAS,"anticoncepcion, prevencion de its y de cancer de cuello uterino",numero de ciclos entregados,2015-08-01,0,0,1,0,0,1
VALLEGRANDE,"anticoncepcion, prevencion de its y de cancer de cuello uterino",numero de ciclos entregados,2015-08-01,0,6,33,12,0,51
VIACHA,"anticoncepcion, prevencion de its y de cancer de cuello uterino",numero de ciclos entregados,2015-08-01,0,6,27,3,0,36
VILA VILA,"anticoncepcion, prevencion de its y de cancer de cuello uterino",numero de ciclos entregados,2015-08-01,0,0,3,1,0,4
VILLA CHARCAS,"anticoncepcion, prevencion de its y de cancer de cuello uterino",numero de ciclos entregados,2015-08-01,0,0,18,0,0,18
VILLA MONTES,"anticoncepcion, prevencion de its y de cancer de cuello uterino",numero de ciclos entregados,2015-08-01,0,14,134,18,0,166
VILLA NUEVA (LOMA ALTA),"anticoncepcion, prevencion de its y de cancer de cuello uterino",numero de ciclos entregados,2015-08-01,0,6,18,0,0,24
VILLA RIVERO,"anticoncepcion, prevencion de its y de cancer de cuello uterino",numero de ciclos entregados,2015-08-01,0,0,3,0,0,3
VILLA SERRANO,"anticoncepcion, prevencion de its y de cancer de cuello uterino",numero de ciclos entregados,2015-08-01,0,0,11,0,0,11
VILLA TUNARI,"anticoncepcion, prevencion de its y de cancer de cuello uterino",numero de ciclos entregados,2015-08-01,0,6,73,21,0,100
VILLA VACA GUZMAN (MUYUPAMPA),"anticoncepcion, prevencion de its y de cancer de cuello uterino",numero de ciclos entregados,2015-08-01,0,9,30,9,0,48
VILLAZON,"anticoncepcion, prevencion de its y de cancer de cuello uterino",numero de ciclos entregados,2015-08-01,0,12,61,24,0,97
VINTO,"anticoncepcion, prevencion de its y de cancer de cuello uterino",numero de ciclos entregados,2015-08-01,0,9,29,3,0,41
VITICHI,"anticoncepcion, prevencion de its y de cancer de cuello uterino",numero de ciclos entregados,2015-08-01,0,0,7,4,0,11
WALDO BALLIVIAN,"anticoncepcion, prevencion de its y de cancer de cuello uterino",numero de ciclos entregados,2015-08-01,0,0,0,3,0,3
WARNES,"anticoncepcion, prevencion de its y de cancer de cuello uterino",numero de ciclos entregados,2015-08-01,0,37,168,52,3,260
YACO,"anticoncepcion, prevencion de its y de cancer de cuello uterino",numero de ciclos entregados,2015-08-01,0,3,3,0,3,9
YACUIBA,"anticoncepcion, prevencion de its y de cancer de cuello uterino",numero de ciclos entregados,2015-08-01,0,22,367,122,0,511
YANACACHI,"anticoncepcion, prevencion de its y de cancer de cuello uterino",numero de ciclos entregados,2015-08-01,0,0,21,6,0,27
YAPACANI,"anticoncepcion, prevencion de its y de cancer de cuello uterino",numero de ciclos entregados,2015-08-01,0,21,135,3,0,159
YOCALLA,"anticoncepcion, prevencion de its y de cancer de cuello uterino",numero de ciclos entregados,2015-08-01,0,0,15,0,0,15
YOTALA,"anticoncepcion, prevencion de its y de cancer de cuello uterino",numero de ciclos entregados,2015-08-01,0,2,4,4,0,10
YUNCHARA,"anticoncepcion, prevencion de its y de cancer de cuello uterino",numero de ciclos entregados,2015-08-01,0,3,9,0,0,12
ZUDAÑEZ,"anticoncepcion, prevencion de its y de cancer de cuello uterino",numero de ciclos entregados,2015-08-01,0,3,6,0,0,9
ACACIO,"anticoncepcion, prevencion de its y de cancer de cuello uterino",numero de ciclos entregados,2015-09-01,0,0,0,3,0,3
ACHACACHI,"anticoncepcion, prevencion de its y de cancer de cuello uterino",numero de ciclos entregados,2015-09-01,0,0,12,0,0,12
ACHOCALLA,"anticoncepcion, prevencion de its y de cancer de cuello uterino",numero de ciclos entregados,2015-09-01,0,3,10,10,0,23
AIQUILE,"anticoncepcion, prevencion de its y de cancer de cuello uterino",numero de ciclos entregados,2015-09-01,0,9,9,9,0,27
ALALAY,"anticoncepcion, prevencion de its y de cancer de cuello uterino",numero de ciclos entregados,2015-09-01,0,0,1,0,0,1
ALCALA,"anticoncepcion, prevencion de its y de cancer de cuello uterino",numero de ciclos entregados,2015-09-01,0,3,6,6,0,15
ALTO BENI,"anticoncepcion, prevencion de its y de cancer de cuello uterino",numero de ciclos entregados,2015-09-01,0,3,21,9,0,33
ANCORAIMES,"anticoncepcion, prevencion de its y de cancer de cuello uterino",numero de ciclos entregados,2015-09-01,0,0,1,4,0,5
ANDAMARCA,"anticoncepcion, prevencion de its y de cancer de cuello uterino",numero de ciclos entregados,2015-09-01,0,0,6,0,0,6
ANTEQUERA,"anticoncepcion, prevencion de its y de cancer de cuello uterino",numero de ciclos entregados,2015-09-01,0,0,6,0,0,6
APOLO,"anticoncepcion, prevencion de its y de cancer de cuello uterino",numero de ciclos entregados,2015-09-01,0,3,24,12,0,39
ARAMPAMPA,"anticoncepcion, prevencion de its y de cancer de cuello uterino",numero de ciclos entregados,2015-09-01,0,0,13,8,0,21
ARANI,"anticoncepcion, prevencion de its y de cancer de cuello uterino",numero de ciclos entregados,2015-09-01,0,1,10,7,0,18
ARBIETO,"anticoncepcion, prevencion de its y de cancer de cuello uterino",numero de ciclos entregados,2015-09-01,0,0,31,3,0,34
ARQUE,"anticoncepcion, prevencion de its y de cancer de cuello uterino",numero de ciclos entregados,2015-09-01,0,0,6,4,3,13
ASCENCION DE GUARAYOS,"anticoncepcion, prevencion de its y de cancer de cuello uterino",numero de ciclos entregados,2015-09-01,3,18,69,21,0,111
ATOCHA,"anticoncepcion, prevencion de its y de cancer de cuello uterino",numero de ciclos entregados,2015-09-01,0,3,40,3,0,46
AUCAPATA,"anticoncepcion, prevencion de its y de cancer de cuello uterino",numero de ciclos entregados,2015-09-01,0,3,3,0,0,6
AYATA,"anticoncepcion, prevencion de its y de cancer de cuello uterino",numero de ciclos entregados,2015-09-01,0,0,15,18,0,33
AYO AYO,"anticoncepcion, prevencion de its y de cancer de cuello uterino",numero de ciclos entregados,2015-09-01,0,3,0,3,0,6
AYOPAYA (V. DE INDEPENDENCIA),"anticoncepcion, prevencion de its y de cancer de cuello uterino",numero de ciclos entregados,2015-09-01,0,18,60,30,0,108
AZURDUY,"anticoncepcion, prevencion de its y de cancer de cuello uterino",numero de ciclos entregados,2015-09-01,0,0,9,3,3,15
BATALLAS,"anticoncepcion, prevencion de its y de cancer de cuello uterino",numero de ciclos entregados,2015-09-01,0,0,3,3,0,6
BAURES,"anticoncepcion, prevencion de its y de cancer de cuello uterino",numero de ciclos entregados,2015-09-01,0,2,24,5,0,31
BELEN DE ANDAMARCA,"anticoncepcion, prevencion de its y de cancer de cuello uterino",numero de ciclos entregados,2015-09-01,0,0,0,12,0,12
BELLA FLOR,"anticoncepcion, prevencion de its y de cancer de cuello uterino",numero de ciclos entregados,2015-09-01,0,5,24,14,0,43
BERMEJO,"anticoncepcion, prevencion de its y de cancer de cuello uterino",numero de ciclos entregados,2015-09-01,1,18,96,19,4,138
BETANZOS,"anticoncepcion, prevencion de its y de cancer de cuello uterino",numero de ciclos entregados,2015-09-01,0,0,0,9,0,9
BOLPEBRA,"anticoncepcion, prevencion de its y de cancer de cuello uterino",numero de ciclos entregados,2015-09-01,0,6,9,3,0,18
BOYUIBE,"anticoncepcion, prevencion de its y de cancer de cuello uterino",numero de ciclos entregados,2015-09-01,0,0,9,3,0,12
BUENA VISTA,"anticoncepcion, prevencion de its y de cancer de cuello uterino",numero de ciclos entregados,2015-09-01,0,21,93,15,0,129
CABEZAS,"anticoncepcion, prevencion de its y de cancer de cuello uterino",numero de ciclos entregados,2015-09-01,0,15,153,24,3,195
"CAIZA ""D""","anticoncepcion, prevencion de its y de cancer de cuello uterino",numero de ciclos entregados,2015-09-01,0,0,6,0,0,6
CAJUATA,"anticoncepcion, prevencion de its y de cancer de cuello uterino",numero de ciclos entregados,2015-09-01,0,3,9,0,0,12
CALAMARCA,"anticoncepcion, prevencion de its y de cancer de cuello uterino",numero de ciclos entregados,2015-09-01,0,0,18,6,0,24
CAMARGO,"anticoncepcion, prevencion de its y de cancer de cuello uterino",numero de ciclos entregados,2015-09-01,0,9,0,6,0,15
CAMATAQUI (C. VILLA ABECIA),"anticoncepcion, prevencion de its y de cancer de cuello uterino",numero de ciclos entregados,2015-09-01,0,0,3,3,0,6
CAMIRI,"anticoncepcion, prevencion de its y de cancer de cuello uterino",numero de ciclos entregados,2015-09-01,0,0,13,12,0,25
CAPINOTA,"anticoncepcion, prevencion de its y de cancer de cuello uterino",numero de ciclos entregados,2015-09-01,0,3,15,6,0,24
CAQUIAVIRI,"anticoncepcion, prevencion de its y de cancer de cuello uterino",numero de ciclos entregados,2015-09-01,0,0,3,0,0,3
CARACOLLO,"anticoncepcion, prevencion de its y de cancer de cuello uterino",numero de ciclos entregados,2015-09-01,0,0,3,4,0,7
CARANAVI,"anticoncepcion, prevencion de its y de cancer de cuello uterino",numero de ciclos entregados,2015-09-01,0,6,42,18,0,66
CARAPARI,"anticoncepcion, prevencion de its y de cancer de cuello uterino",numero de ciclos entregados,2015-09-01,0,3,90,27,0,120
CARMEN RIVERO TORREZ,"anticoncepcion, prevencion de its y de cancer de cuello uterino",numero de ciclos entregados,2015-09-01,0,0,9,0,0,9
CHALLAPATA,"anticoncepcion, prevencion de its y de cancer de cuello uterino",numero de ciclos entregados,2015-09-01,0,6,27,5,0,38
CHAQUI,"anticoncepcion, prevencion de its y de cancer de cuello uterino",numero de ciclos entregados,2015-09-01,0,0,9,3,0,12
CHARAGUA,"anticoncepcion, prevencion de its y de cancer de cuello uterino",numero de ciclos entregados,2015-09-01,0,9,75,21,0,105
CHAYANTA,"anticoncepcion, prevencion de its y de cancer de cuello uterino",numero de ciclos entregados,2015-09-01,0,0,6,0,0,6
CHIMORE,"anticoncepcion, prevencion de its y de cancer de cuello uterino",numero de ciclos entregados,2015-09-01,0,11,39,17,0,67
CHIPAYA,"anticoncepcion, prevencion de its y de cancer de cuello uterino",numero de ciclos entregados,2015-09-01,0,0,6,0,0,6
CHOQUE COTA,"anticoncepcion, prevencion de its y de cancer de cuello uterino",numero de ciclos entregados,2015-09-01,0,1,2,1,0,4
CHUA COCANI,"anticoncepcion, prevencion de its y de cancer de cuello uterino",numero de ciclos entregados,2015-09-01,0,0,1,0,0,1
CHULUMANI (V. DE LA LIBERTAD),"anticoncepcion, prevencion de its y de cancer de cuello uterino",numero de ciclos entregados,2015-09-01,0,6,10,10,0,26
CHUMA,"anticoncepcion, prevencion de its y de cancer de cuello uterino",numero de ciclos entregados,2015-09-01,0,0,0,12,0,12
CHUQUIHUTA AYLLU JUCUMANI,"anticoncepcion, prevencion de its y de cancer de cuello uterino",numero de ciclos entregados,2015-09-01,0,0,6,3,0,9
CLIZA,"anticoncepcion, prevencion de its y de cancer de cuello uterino",numero de ciclos entregados,2015-09-01,0,9,44,1,0,54
COBIJA,"anticoncepcion, prevencion de its y de cancer de cuello uterino",numero de ciclos entregados,2015-09-01,1,24,99,19,1,144
COCAPATA,"anticoncepcion, prevencion de its y de cancer de cuello uterino",numero de ciclos entregados,2015-09-01,0,3,9,7,0,19
COCHABAMBA,"anticoncepcion, prevencion de its y de cancer de cuello uterino",numero de ciclos entregados,2015-09-01,1,46,345,55,0,447
COIPASA,"anticoncepcion, prevencion de its y de cancer de cuello uterino",numero de ciclos entregados,2015-09-01,0,0,6,0,0,6
COLCAPIRHUA,"anticoncepcion, prevencion de its y de cancer de cuello uterino",numero de ciclos entregados,2015-09-01,0,9,48,6,0,63
"COLCHA ""K""","anticoncepcion, prevencion de its y de cancer de cuello uterino",numero de ciclos entregados,2015-09-01,0,0,19,0,0,19
COLLANA,"anticoncepcion, prevencion de its y de cancer de cuello uterino",numero de ciclos entregados,2015-09-01,0,0,3,3,0,6
COLOMI,"anticoncepcion, prevencion de its y de cancer de cuello uterino",numero de ciclos entregados,2015-09-01,0,0,18,6,0,24
COLPA BELGICA,"anticoncepcion, prevencion de its y de cancer de cuello uterino",numero de ciclos entregados,2015-09-01,0,3,30,15,0,48
COLQUECHACA,"anticoncepcion, prevencion de its y de cancer de cuello uterino",numero de ciclos entregados,2015-09-01,3,5,5,1,0,14
COLQUENCHA,"anticoncepcion, prevencion de its y de cancer de cuello uterino",numero de ciclos entregados,2015-09-01,0,0,15,3,3,21
COLQUIRI,"anticoncepcion, prevencion de its y de cancer de cuello uterino",numero de ciclos entregados,2015-09-01,0,0,9,3,0,12
COMARAPA,"anticoncepcion, prevencion de its y de cancer de cuello uterino",numero de ciclos entregados,2015-09-01,0,9,12,3,0,24
CONCEPCION,"anticoncepcion, prevencion de its y de cancer de cuello uterino",numero de ciclos entregados,2015-09-01,0,0,6,3,0,9
COPACABANA,"anticoncepcion, prevencion de its y de cancer de cuello uterino",numero de ciclos entregados,2015-09-01,0,12,0,0,0,12
CORIPATA,"anticoncepcion, prevencion de its y de cancer de cuello uterino",numero de ciclos entregados,2015-09-01,0,3,3,3,0,9
COROICO,"anticoncepcion, prevencion de its y de cancer de cuello uterino",numero de ciclos entregados,2015-09-01,0,4,3,9,0,16
CORQUE,"anticoncepcion, prevencion de its y de cancer de cuello uterino",numero de ciclos entregados,2015-09-01,0,0,0,6,0,6
COTAGAITA,"anticoncepcion, prevencion de its y de cancer de cuello uterino",numero de ciclos entregados,2015-09-01,0,4,30,10,0,44
COTOCA,"anticoncepcion, prevencion de its y de cancer de cuello uterino",numero de ciclos entregados,2015-09-01,0,22,118,17,0,157
CUATRO CAÑADAS,"anticoncepcion, prevencion de its y de cancer de cuello uterino",numero de ciclos entregados,2015-09-01,3,9,50,7,0,69
CUCHUMUELA (V. G. VILLARROEL),"anticoncepcion, prevencion de its y de cancer de cuello uterino",numero de ciclos entregados,2015-09-01,0,0,6,0,0,6
CUEVO,"anticoncepcion, prevencion de its y de cancer de cuello uterino",numero de ciclos entregados,2015-09-01,0,3,15,6,0,24
CULPINA,"anticoncepcion, prevencion de its y de cancer de cuello uterino",numero de ciclos entregados,2015-09-01,0,6,33,15,3,57
CURAHUARA DE CARANGAS,"anticoncepcion, prevencion de its y de cancer de cuello uterino",numero de ciclos entregados,2015-09-01,0,0,3,4,0,7
CURVA,"anticoncepcion, prevencion de its y de cancer de cuello uterino",numero de ciclos entregados,2015-09-01,0,3,0,0,0,3
DESAGUADERO,"anticoncepcion, prevencion de its y de cancer de cuello uterino",numero de ciclos entregados,2015-09-01,0,3,0,0,0,3
EL ALTO,"anticoncepcion, prevencion de its y de cancer de cuello uterino",numero de ciclos entregados,2015-09-01,6,69,1092,344,9,1520
EL CHORO,"anticoncepcion, prevencion de its y de cancer de cuello uterino",numero de ciclos entregados,2015-09-01,0,0,7,3,0,10
EL PUENTE(STC),"anticoncepcion, prevencion de its y de cancer de cuello uterino",numero de ciclos entregados,2015-09-01,0,12,51,15,0,78
EL PUENTE(TJA),"anticoncepcion, prevencion de its y de cancer de cuello uterino",numero de ciclos entregados,2015-09-01,0,4,28,9,0,41
EL TORNO,"anticoncepcion, prevencion de its y de cancer de cuello uterino",numero de ciclos entregados,2015-09-01,15,36,174,51,3,279
EL VILLAR,"anticoncepcion, prevencion de its y de cancer de cuello uterino",numero de ciclos entregados,2015-09-01,0,0,36,15,3,54
ENTRE RIOS TRJ,"anticoncepcion, prevencion de its y de cancer de cuello uterino",numero de ciclos entregados,2015-09-01,0,13,34,21,0,68
ENTRE RIOS CBBA,"anticoncepcion, prevencion de its y de cancer de cuello uterino",numero de ciclos entregados,2015-09-01,0,5,24,16,0,45
ESCARA,"anticoncepcion, prevencion de its y de cancer de cuello uterino",numero de ciclos entregados,2015-09-01,0,1,1,0,0,2
EUCALIPTUS,"anticoncepcion, prevencion de its y de cancer de cuello uterino",numero de ciclos entregados,2015-09-01,0,0,3,0,0,3
EUREKA (SANTOS MERCADO),"anticoncepcion, prevencion de its y de cancer de cuello uterino",numero de ciclos entregados,2015-09-01,0,9,3,0,0,12
FERNANDEZ ALONSO,"anticoncepcion, prevencion de its y de cancer de cuello uterino",numero de ciclos entregados,2015-09-01,0,9,30,10,0,49
FILADELFIA,"anticoncepcion, prevencion de its y de cancer de cuello uterino",numero de ciclos entregados,2015-09-01,0,6,17,3,0,26
GENERAL SAAVEDRA,"anticoncepcion, prevencion de its y de cancer de cuello uterino",numero de ciclos entregados,2015-09-01,0,10,58,13,0,81
GRAL. J.J. PEREZ (CHARAZANI),"anticoncepcion, prevencion de its y de cancer de cuello uterino",numero de ciclos entregados,2015-09-01,0,0,6,0,0,6
GUANAY,"anticoncepcion, prevencion de its y de cancer de cuello uterino",numero de ciclos entregados,2015-09-01,0,0,6,0,0,6
GUAQUI,"anticoncepcion, prevencion de its y de cancer de cuello uterino",numero de ciclos entregados,2015-09-01,0,0,0,6,0,6
GUAYARAMERIN,"anticoncepcion, prevencion de its y de cancer de cuello uterino",numero de ciclos entregados,2015-09-01,0,1,7,0,0,8
GUTIERREZ,"anticoncepcion, prevencion de its y de cancer de cuello uterino",numero de ciclos entregados,2015-09-01,0,0,0,6,0,6
HUACARETA,"anticoncepcion, prevencion de its y de cancer de cuello uterino",numero de ciclos entregados,2015-09-01,0,3,41,21,0,65
HUACAYA (VILLA DE HUACAYA),"anticoncepcion, prevencion de its y de cancer de cuello uterino",numero de ciclos entregados,2015-09-01,0,0,1,0,0,1
HUACHACALLA,"anticoncepcion, prevencion de its y de cancer de cuello uterino",numero de ciclos entregados,2015-09-01,0,0,6,0,0,6
HUANUNI,"anticoncepcion, prevencion de its y de cancer de cuello uterino",numero de ciclos entregados,2015-09-01,0,0,4,0,0,4
HUARACAJE,"anticoncepcion, prevencion de its y de cancer de cuello uterino",numero de ciclos entregados,2015-09-01,0,0,44,15,0,59
HUATAJATA,"anticoncepcion, prevencion de its y de cancer de cuello uterino",numero de ciclos entregados,2015-09-01,0,3,0,0,0,3
HUAYLLAMARCA,"anticoncepcion, prevencion de its y de cancer de cuello uterino",numero de ciclos entregados,2015-09-01,0,0,1,0,0,1
HUMANATA,"anticoncepcion, prevencion de its y de cancer de cuello uterino",numero de ciclos entregados,2015-09-01,0,1,0,0,0,1
ICHOCA,"anticoncepcion, prevencion de its y de cancer de cuello uterino",numero de ciclos entregados,2015-09-01,0,0,3,0,0,3
ICLA,"anticoncepcion, prevencion de its y de cancer de cuello uterino",numero de ciclos entregados,2015-09-01,0,3,19,0,0,22
INCAHUASI,"anticoncepcion, prevencion de its y de cancer de cuello uterino",numero de ciclos entregados,2015-09-01,0,0,21,10,0,31
INGAVI (HUMAITA),"anticoncepcion, prevencion de its y de cancer de cuello uterino",numero de ciclos entregados,2015-09-01,0,0,0,6,0,6
INQUISIVI,"anticoncepcion, prevencion de its y de cancer de cuello uterino",numero de ciclos entregados,2015-09-01,0,0,6,3,0,9
IRUPANA (VILLA DE LANZA),"anticoncepcion, prevencion de its y de cancer de cuello uterino",numero de ciclos entregados,2015-09-01,0,0,27,11,0,38
IXIAMAS,"anticoncepcion, prevencion de its y de cancer de cuello uterino",numero de ciclos entregados,2015-09-01,0,6,18,15,0,39
JESUS DE MACHACA,"anticoncepcion, prevencion de its y de cancer de cuello uterino",numero de ciclos entregados,2015-09-01,0,0,0,3,0,3
LA ASUNTA,"anticoncepcion, prevencion de its y de cancer de cuello uterino",numero de ciclos entregados,2015-09-01,0,6,66,21,0,93
LA GUARDIA,"anticoncepcion, prevencion de its y de cancer de cuello uterino",numero de ciclos entregados,2015-09-01,9,18,162,36,0,225
LA PAZ,"anticoncepcion, prevencion de its y de cancer de cuello uterino",numero de ciclos entregados,2015-09-01,0,35,401,149,0,585
LAGUNILLAS,"anticoncepcion, prevencion de its y de cancer de cuello uterino",numero de ciclos entregados,2015-09-01,0,1,28,16,0,45
LAJA,"anticoncepcion, prevencion de its y de cancer de cuello uterino",numero de ciclos entregados,2015-09-01,0,9,18,12,0,39
LAS CARRERAS,"anticoncepcion, prevencion de its y de cancer de cuello uterino",numero de ciclos entregados,2015-09-01,0,0,1,6,0,7
LICOMA PAMPA,"anticoncepcion, prevencion de its y de cancer de cuello uterino",numero de ciclos entregados,2015-09-01,0,0,0,6,0,6
LLALLAGUA,"anticoncepcion, prevencion de its y de cancer de cuello uterino",numero de ciclos entregados,2015-09-01,0,12,39,9,0,60
LLICA,"anticoncepcion, prevencion de its y de cancer de cuello uterino",numero de ciclos entregados,2015-09-01,0,6,6,3,0,15
LORETO,"anticoncepcion, prevencion de its y de cancer de cuello uterino",numero de ciclos entregados,2015-09-01,0,3,17,2,0,22
LURIBAY,"anticoncepcion, prevencion de its y de cancer de cuello uterino",numero de ciclos entregados,2015-09-01,0,0,12,0,0,12
MACHARETI,"anticoncepcion, prevencion de its y de cancer de cuello uterino",numero de ciclos entregados,2015-09-01,0,10,34,13,0,57
MAGDALENA,"anticoncepcion, prevencion de its y de cancer de cuello uterino",numero de ciclos entregados,2015-09-01,0,5,9,8,0,22
MAIRANA,"anticoncepcion, prevencion de its y de cancer de cuello uterino",numero de ciclos entregados,2015-09-01,0,6,21,6,0,33
MAPIRI,"anticoncepcion, prevencion de its y de cancer de cuello uterino",numero de ciclos entregados,2015-09-01,0,0,6,0,0,6
MECAPACA,"anticoncepcion, prevencion de its y de cancer de cuello uterino",numero de ciclos entregados,2015-09-01,0,0,0,2,0,2
MINEROS,"anticoncepcion, prevencion de its y de cancer de cuello uterino",numero de ciclos entregados,2015-09-01,0,14,82,16,0,112
MIZQUE,"anticoncepcion, prevencion de its y de cancer de cuello uterino",numero de ciclos entregados,2015-09-01,0,0,6,0,0,6
MOCOMOCO,"anticoncepcion, prevencion de its y de cancer de cuello uterino",numero de ciclos entregados,2015-09-01,0,0,6,3,0,9
MOJOCOYA,"anticoncepcion, prevencion de its y de cancer de cuello uterino",numero de ciclos entregados,2015-09-01,0,3,6,12,0,21
MONTEAGUDO,"anticoncepcion, prevencion de its y de cancer de cuello uterino",numero de ciclos entregados,2015-09-01,0,24,57,18,0,99
MONTERO,"anticoncepcion, prevencion de its y de cancer de cuello uterino",numero de ciclos entregados,2015-09-01,3,25,132,62,3,225
MORO MORO,"anticoncepcion, prevencion de its y de cancer de cuello uterino",numero de ciclos entregados,2015-09-01,0,0,18,9,0,27
MOROCHATA,"anticoncepcion, prevencion de its y de cancer de cuello uterino",numero de ciclos entregados,2015-09-01,0,3,9,10,0,22
NACEBE (SANTA ROSA DEL ABUNA),"anticoncepcion, prevencion de its y de cancer de cuello uterino",numero de ciclos entregados,2015-09-01,0,0,3,9,0,12
NUEVO MANOA (NUEVA ESPERANZA),"anticoncepcion, prevencion de its y de cancer de cuello uterino",numero de ciclos entregados,2015-09-01,0,0,3,3,0,6
OCURI,"anticoncepcion, prevencion de its y de cancer de cuello uterino",numero de ciclos entregados,2015-09-01,0,3,30,6,0,39
OKINAWA,"anticoncepcion, prevencion de its y de cancer de cuello uterino",numero de ciclos entregados,2015-09-01,0,3,60,24,0,87
OMEREQUE,"anticoncepcion, prevencion de its y de cancer de cuello uterino",numero de ciclos entregados,2015-09-01,0,0,21,6,0,27
ORURO,"anticoncepcion, prevencion de its y de cancer de cuello uterino",numero de ciclos entregados,2015-09-01,0,27,249,122,0,398
PADCAYA,"anticoncepcion, prevencion de its y de cancer de cuello uterino",numero de ciclos entregados,2015-09-01,0,6,47,42,0,95
PADILLA,"anticoncepcion, prevencion de its y de cancer de cuello uterino",numero de ciclos entregados,2015-09-01,0,12,24,21,0,57
PAILON,"anticoncepcion, prevencion de its y de cancer de cuello uterino",numero de ciclos entregados,2015-09-01,0,3,27,15,0,45
PALCA,"anticoncepcion, prevencion de its y de cancer de cuello uterino",numero de ciclos entregados,2015-09-01,0,0,1,0,0,1
PALOS BLANCOS,"anticoncepcion, prevencion de its y de cancer de cuello uterino",numero de ciclos entregados,2015-09-01,0,3,63,21,3,90
PAMPA AULLAGAS,"anticoncepcion, prevencion de its y de cancer de cuello uterino",numero de ciclos entregados,2015-09-01,0,1,5,3,0,9
PAMPA GRANDE,"anticoncepcion, prevencion de its y de cancer de cuello uterino",numero de ciclos entregados,2015-09-01,0,0,9,9,0,18
PAPEL PAMPA,"anticoncepcion, prevencion de its y de cancer de cuello uterino",numero de ciclos entregados,2015-09-01,0,0,18,3,0,21
PASORAPA,"anticoncepcion, prevencion de its y de cancer de cuello uterino",numero de ciclos entregados,2015-09-01,0,0,7,2,0,9
PATACAMAYA,"anticoncepcion, prevencion de its y de cancer de cuello uterino",numero de ciclos entregados,2015-09-01,0,4,9,0,0,13
PAZÑA,"anticoncepcion, prevencion de its y de cancer de cuello uterino",numero de ciclos entregados,2015-09-01,0,3,31,10,0,44
PELECHUCO,"anticoncepcion, prevencion de its y de cancer de cuello uterino",numero de ciclos entregados,2015-09-01,0,3,21,15,0,39
POCOATA,"anticoncepcion, prevencion de its y de cancer de cuello uterino",numero de ciclos entregados,2015-09-01,0,15,28,13,0,56
POCONA,"anticoncepcion, prevencion de its y de cancer de cuello uterino",numero de ciclos entregados,2015-09-01,0,15,42,12,0,69
POJO (CBBA),"anticoncepcion, prevencion de its y de cancer de cuello uterino",numero de ciclos entregados,2015-09-01,0,11,10,0,0,21
POOPO,"anticoncepcion, prevencion de its y de cancer de cuello uterino",numero de ciclos entregados,2015-09-01,0,0,6,0,0,6
PORCO,"anticoncepcion, prevencion de its y de cancer de cuello uterino",numero de ciclos entregados,2015-09-01,0,0,24,3,0,27
POROMA,"anticoncepcion, prevencion de its y de cancer de cuello uterino",numero de ciclos entregados,2015-09-01,0,6,19,6,0,31
PORONGO,"anticoncepcion, prevencion de its y de cancer de cuello uterino",numero de ciclos entregados,2015-09-01,0,12,54,6,0,72
PORTACHUELO,"anticoncepcion, prevencion de its y de cancer de cuello uterino",numero de ciclos entregados,2015-09-01,0,3,15,3,0,21
PORVENIR,"anticoncepcion, prevencion de its y de cancer de cuello uterino",numero de ciclos entregados,2015-09-01,0,0,48,9,0,57
POSTRER VALLE,"anticoncepcion, prevencion de its y de cancer de cuello uterino",numero de ciclos entregados,2015-09-01,0,0,6,0,0,6
POTOSI,"anticoncepcion, prevencion de its y de cancer de cuello uterino",numero de ciclos entregados,2015-09-01,0,17,228,77,0,322
PRESTO,"anticoncepcion, prevencion de its y de cancer de cuello uterino",numero de ciclos entregados,2015-09-01,0,0,18,0,0,18
PUCARA,"anticoncepcion, prevencion de its y de cancer de cuello uterino",numero de ciclos entregados,2015-09-01,0,0,6,6,0,12
PUCARANI,"anticoncepcion, prevencion de its y de cancer de cuello uterino",numero de ciclos entregados,2015-09-01,0,0,12,3,0,15
PUERTO CARABUCO,"anticoncepcion, prevencion de its y de cancer de cuello uterino",numero de ciclos entregados,2015-09-01,0,3,3,3,0,9
PUERTO GONZALO MORENO,"anticoncepcion, prevencion de its y de cancer de cuello uterino",numero de ciclos entregados,2015-09-01,0,7,21,9,3,40
PUERTO PEREZ,"anticoncepcion, prevencion de its y de cancer de cuello uterino",numero de ciclos entregados,2015-09-01,0,0,3,3,0,6
PUERTO QUIJARRO,"anticoncepcion, prevencion de its y de cancer de cuello uterino",numero de ciclos entregados,2015-09-01,0,6,29,12,0,47
PUERTO RICO,"anticoncepcion, prevencion de its y de cancer de cuello uterino",numero de ciclos entregados,2015-09-01,0,12,24,6,0,42
PUERTO SILES,"anticoncepcion, prevencion de its y de cancer de cuello uterino",numero de ciclos entregados,2015-09-01,0,3,10,0,0,13
PUERTO SUAREZ,"anticoncepcion, prevencion de its y de cancer de cuello uterino",numero de ciclos entregados,2015-09-01,0,0,18,15,0,33
PUERTO VILLARROEL,"anticoncepcion, prevencion de its y de cancer de cuello uterino",numero de ciclos entregados,2015-09-01,5,32,54,31,0,122
PUNA,"anticoncepcion, prevencion de its y de cancer de cuello uterino",numero de ciclos entregados,2015-09-01,0,6,24,6,0,36
PUNATA,"anticoncepcion, prevencion de its y de cancer de cuello uterino",numero de ciclos entregados,2015-09-01,0,3,30,3,0,36
QUIABAYA,"anticoncepcion, prevencion de its y de cancer de cuello uterino",numero de ciclos entregados,2015-09-01,0,0,3,3,0,6
QUILLACOLLO,"anticoncepcion, prevencion de its y de cancer de cuello uterino",numero de ciclos entregados,2015-09-01,0,12,192,13,0,217
QUIME,"anticoncepcion, prevencion de its y de cancer de cuello uterino",numero de ciclos entregados,2015-09-01,0,0,30,3,0,33
RAVELO,"anticoncepcion, prevencion de its y de cancer de cuello uterino",numero de ciclos entregados,2015-09-01,0,0,6,12,0,18
REYES,"anticoncepcion, prevencion de its y de cancer de cuello uterino",numero de ciclos entregados,2015-09-01,9,27,60,30,0,126
RIBERALTA,"anticoncepcion, prevencion de its y de cancer de cuello uterino",numero de ciclos entregados,2015-09-01,3,34,168,32,0,237
ROBORE,"anticoncepcion, prevencion de its y de cancer de cuello uterino",numero de ciclos entregados,2015-09-01,0,42,27,9,0,78
RURRENABAQUE,"anticoncepcion, prevencion de its y de cancer de cuello uterino",numero de ciclos entregados,2015-09-01,0,6,39,12,0,57
SABAYA,"anticoncepcion, prevencion de its y de cancer de cuello uterino",numero de ciclos entregados,2015-09-01,0,3,3,3,0,9
SACABA,"anticoncepcion, prevencion de its y de cancer de cuello uterino",numero de ciclos entregados,2015-09-01,0,19,86,27,0,132
SACACA,"anticoncepcion, prevencion de its y de cancer de cuello uterino",numero de ciclos entregados,2015-09-01,0,6,30,9,0,45
SAIPINA,"anticoncepcion, prevencion de its y de cancer de cuello uterino",numero de ciclos entregados,2015-09-01,0,0,3,3,0,6
SALINAS DE GARCI MENDOZA,"anticoncepcion, prevencion de its y de cancer de cuello uterino",numero de ciclos entregados,2015-09-01,0,2,16,3,0,21
SAMAIPATA,"anticoncepcion, prevencion de its y de cancer de cuello uterino",numero de ciclos entregados,2015-09-01,0,6,27,12,3,48
SAN AGUSTIN,"anticoncepcion, prevencion de its y de cancer de cuello uterino",numero de ciclos entregados,2015-09-01,0,0,4,4,0,8
SAN ANDRES,"anticoncepcion, prevencion de its y de cancer de cuello uterino",numero de ciclos entregados,2015-09-01,0,16,77,36,1,130
SAN ANDRES DE MACHACA,"anticoncepcion, prevencion de its y de cancer de cuello uterino",numero de ciclos entregados,2015-09-01,0,0,3,0,0,3
SAN ANTONIO DE ESMORUCO,"anticoncepcion, prevencion de its y de cancer de cuello uterino",numero de ciclos entregados,2015-09-01,0,0,1,0,0,1
SAN ANTONIO DE LOMERIO,"anticoncepcion, prevencion de its y de cancer de cuello uterino",numero de ciclos entregados,2015-09-01,0,6,42,15,0,63
SAN BORJA,"anticoncepcion, prevencion de its y de cancer de cuello uterino",numero de ciclos entregados,2015-09-01,0,45,225,84,0,354
SAN BUENA VENTURA,"anticoncepcion, prevencion de its y de cancer de cuello uterino",numero de ciclos entregados,2015-09-01,0,3,9,0,0,12
SAN CARLOS,"anticoncepcion, prevencion de its y de cancer de cuello uterino",numero de ciclos entregados,2015-09-01,0,15,81,30,0,126
SAN IGNACIO,"anticoncepcion, prevencion de its y de cancer de cuello uterino",numero de ciclos entregados,2015-09-01,3,23,170,57,1,254
SAN IGNACIO DE VELASCO,"anticoncepcion, prevencion de its y de cancer de cuello uterino",numero de ciclos entregados,2015-09-01,0,37,202,63,3,305
SAN JAVIER(BNI),"anticoncepcion, prevencion de its y de cancer de cuello uterino",numero de ciclos entregados,2015-09-01,0,0,8,0,0,8
SAN JAVIER(STC),"anticoncepcion, prevencion de its y de cancer de cuello uterino",numero de ciclos entregados,2015-09-01,0,15,87,36,0,138
SAN JOAQUIN,"anticoncepcion, prevencion de its y de cancer de cuello uterino",numero de ciclos entregados,2015-09-01,1,0,0,0,0,1
SAN JOSE DE CHIQUITOS,"anticoncepcion, prevencion de its y de cancer de cuello uterino",numero de ciclos entregados,2015-09-01,0,9,69,33,3,114
SAN JUAN DE YAPACANI,"anticoncepcion, prevencion de its y de cancer de cuello uterino",numero de ciclos entregados,2015-09-01,0,12,42,6,0,60
SAN JULIAN,"anticoncepcion, prevencion de its y de cancer de cuello uterino",numero de ciclos entregados,2015-09-01,0,3,57,27,0,87
SAN LORENZO(PND),"anticoncepcion, prevencion de its y de cancer de cuello uterino",numero de ciclos entregados,2015-09-01,0,3,0,0,0,3
SAN LORENZO(TJA),"anticoncepcion, prevencion de its y de cancer de cuello uterino",numero de ciclos entregados,2015-09-01,0,12,35,15,0,62
SAN LUCAS,"anticoncepcion, prevencion de its y de cancer de cuello uterino",numero de ciclos entregados,2015-09-01,0,3,33,21,0,57
SAN MATIAS,"anticoncepcion, prevencion de its y de cancer de cuello uterino",numero de ciclos entregados,2015-09-01,3,3,46,3,0,55
SAN MIGUEL DE VELASCO,"anticoncepcion, prevencion de its y de cancer de cuello uterino",numero de ciclos entregados,2015-09-01,1,15,58,36,3,113
SAN PABLO DE LIPEZ,"anticoncepcion, prevencion de its y de cancer de cuello uterino",numero de ciclos entregados,2015-09-01,0,0,3,0,0,3
SAN PEDRO,"anticoncepcion, prevencion de its y de cancer de cuello uterino",numero de ciclos entregados,2015-09-01,0,0,37,20,0,57
SAN PEDRO DE BUENA VISTA,"anticoncepcion, prevencion de its y de cancer de cuello uterino",numero de ciclos entregados,2015-09-01,0,4,8,0,0,12
SAN PEDRO DE QUEMES,"anticoncepcion, prevencion de its y de cancer de cuello uterino",numero de ciclos entregados,2015-09-01,0,0,3,0,0,3
SAN PEDRO DE TIQUINA,"anticoncepcion, prevencion de its y de cancer de cuello uterino",numero de ciclos entregados,2015-09-01,0,0,3,6,0,9
SAN PEDRO(PND),"anticoncepcion, prevencion de its y de cancer de cuello uterino",numero de ciclos entregados,2015-09-01,0,3,0,0,0,3
SAN RAFAEL,"anticoncepcion, prevencion de its y de cancer de cuello uterino",numero de ciclos entregados,2015-09-01,0,17,57,20,0,94
SAN RAMON BENI,"anticoncepcion, prevencion de its y de cancer de cuello uterino",numero de ciclos entregados,2015-09-01,0,3,30,9,0,42
SAN RAMON SCZ,"anticoncepcion, prevencion de its y de cancer de cuello uterino",numero de ciclos entregados,2015-09-01,3,0,6,3,3,15
SANTA ANA,"anticoncepcion, prevencion de its y de cancer de cuello uterino",numero de ciclos entregados,2015-09-01,0,15,111,42,0,168
SANTA CRUZ DE LA SIERRA,"anticoncepcion, prevencion de its y de cancer de cuello uterino",numero de ciclos entregados,2015-09-01,6,215,700,218,6,1145
SANTA ROSA,"anticoncepcion, prevencion de its y de cancer de cuello uterino",numero de ciclos entregados,2015-09-01,0,1,6,2,0,9
SANTA ROSA DEL SARA,"anticoncepcion, prevencion de its y de cancer de cuello uterino",numero de ciclos entregados,2015-09-01,0,15,78,30,3,126
SANTIAGO DE HUARI,"anticoncepcion, prevencion de its y de cancer de cuello uterino",numero de ciclos entregados,2015-09-01,0,0,9,6,0,15
SANTIAGO DE HUATA,"anticoncepcion, prevencion de its y de cancer de cuello uterino",numero de ciclos entregados,2015-09-01,0,0,3,0,0,3
SANTIAGO DE MACHACA,"anticoncepcion, prevencion de its y de cancer de cuello uterino",numero de ciclos entregados,2015-09-01,0,3,3,0,0,6
SANTIVAÑES,"anticoncepcion, prevencion de its y de cancer de cuello uterino",numero de ciclos entregados,2015-09-01,0,0,6,8,0,14
SANTUARIO DE QUILLACAS,"anticoncepcion, prevencion de its y de cancer de cuello uterino",numero de ciclos entregados,2015-09-01,0,0,9,1,0,10
SAPAHAQUI,"anticoncepcion, prevencion de its y de cancer de cuello uterino",numero de ciclos entregados,2015-09-01,0,0,6,6,3,15
SENA,"anticoncepcion, prevencion de its y de cancer de cuello uterino",numero de ciclos entregados,2015-09-01,0,3,12,0,0,15
SHINAOTA,"anticoncepcion, prevencion de its y de cancer de cuello uterino",numero de ciclos entregados,2015-09-01,0,5,16,13,0,34
SICA SICA (VILLA AROMA),"anticoncepcion, prevencion de its y de cancer de cuello uterino",numero de ciclos entregados,2015-09-01,0,6,23,3,0,32
SIPE SIPE,"anticoncepcion, prevencion de its y de cancer de cuello uterino",numero de ciclos entregados,2015-09-01,0,3,29,22,0,54
SOPACHUY,"anticoncepcion, prevencion de its y de cancer de cuello uterino",numero de ciclos entregados,2015-09-01,0,3,30,9,0,42
SORACACHI,"anticoncepcion, prevencion de its y de cancer de cuello uterino",numero de ciclos entregados,2015-09-01,0,0,13,0,0,13
SORATA,"anticoncepcion, prevencion de its y de cancer de cuello uterino",numero de ciclos entregados,2015-09-01,0,3,18,9,0,30
SUCRE,"anticoncepcion, prevencion de its y de cancer de cuello uterino",numero de ciclos entregados,2015-09-01,0,129,353,77,0,559
TACACOMA,"anticoncepcion, prevencion de its y de cancer de cuello uterino",numero de ciclos entregados,2015-09-01,0,3,22,0,0,25
TACOBAMBA,"anticoncepcion, prevencion de its y de cancer de cuello uterino",numero de ciclos entregados,2015-09-01,0,0,0,3,0,3
TACOPAYA,"anticoncepcion, prevencion de its y de cancer de cuello uterino",numero de ciclos entregados,2015-09-01,0,0,0,1,0,1
TAHUA,"anticoncepcion, prevencion de its y de cancer de cuello uterino",numero de ciclos entregados,2015-09-01,0,3,3,0,0,6
TAPACARI,"anticoncepcion, prevencion de its y de cancer de cuello uterino",numero de ciclos entregados,2015-09-01,0,0,7,2,0,9
TARABUCO,"anticoncepcion, prevencion de its y de cancer de cuello uterino",numero de ciclos entregados,2015-09-01,0,1,6,0,0,7
TARACO,"anticoncepcion, prevencion de its y de cancer de cuello uterino",numero de ciclos entregados,2015-09-01,0,1,4,3,0,8
TARIJA,"anticoncepcion, prevencion de its y de cancer de cuello uterino",numero de ciclos entregados,2015-09-01,0,21,240,67,0,328
TARVITA,"anticoncepcion, prevencion de its y de cancer de cuello uterino",numero de ciclos entregados,2015-09-01,0,6,31,4,0,41
TEOPONTE,"anticoncepcion, prevencion de its y de cancer de cuello uterino",numero de ciclos entregados,2015-09-01,0,0,24,12,0,36
TIAWANACU,"anticoncepcion, prevencion de its y de cancer de cuello uterino",numero de ciclos entregados,2015-09-01,0,6,18,9,0,33
TINGUIPAYA,"anticoncepcion, prevencion de its y de cancer de cuello uterino",numero de ciclos entregados,2015-09-01,0,0,9,18,0,27
TIPUANI,"anticoncepcion, prevencion de its y de cancer de cuello uterino",numero de ciclos entregados,2015-09-01,0,0,27,9,0,36
TIQUIPAYA,"anticoncepcion, prevencion de its y de cancer de cuello uterino",numero de ciclos entregados,2015-09-01,0,8,48,8,0,64
TIRAQUE (CBBA),"anticoncepcion, prevencion de its y de cancer de cuello uterino",numero de ciclos entregados,2015-09-01,0,0,15,0,0,15
TOCO,"anticoncepcion, prevencion de its y de cancer de cuello uterino",numero de ciclos entregados,2015-09-01,0,0,9,0,0,9
TOLATA,"anticoncepcion, prevencion de its y de cancer de cuello uterino",numero de ciclos entregados,2015-09-01,0,0,6,0,0,6
TOLEDO,"anticoncepcion, prevencion de its y de cancer de cuello uterino",numero de ciclos entregados,2015-09-01,0,1,5,3,0,9
TOMAVE,"anticoncepcion, prevencion de its y de cancer de cuello uterino",numero de ciclos entregados,2015-09-01,0,0,14,3,0,17
TOMINA,"anticoncepcion, prevencion de its y de cancer de cuello uterino",numero de ciclos entregados,2015-09-01,0,9,22,6,0,37
TORO TORO,"anticoncepcion, prevencion de its y de cancer de cuello uterino",numero de ciclos entregados,2015-09-01,0,3,12,0,0,15
TOTORA(CBBA),"anticoncepcion, prevencion de its y de cancer de cuello uterino",numero de ciclos entregados,2015-09-01,0,0,10,3,0,13
TOTORA(ORR),"anticoncepcion, prevencion de its y de cancer de cuello uterino",numero de ciclos entregados,2015-09-01,0,3,3,0,0,6
TRIGAL,"anticoncepcion, prevencion de its y de cancer de cuello uterino",numero de ciclos entregados,2015-09-01,0,0,9,6,3,18
TRINIDAD,"anticoncepcion, prevencion de its y de cancer de cuello uterino",numero de ciclos entregados,2015-09-01,0,12,98,13,0,123
TUPIZA,"anticoncepcion, prevencion de its y de cancer de cuello uterino",numero de ciclos entregados,2015-09-01,0,3,45,6,0,54
TURCO,"anticoncepcion, prevencion de its y de cancer de cuello uterino",numero de ciclos entregados,2015-09-01,0,0,3,0,0,3
UMALA,"anticoncepcion, prevencion de its y de cancer de cuello uterino",numero de ciclos entregados,2015-09-01,0,0,3,0,0,3
UNCIA,"anticoncepcion, prevencion de its y de cancer de cuello uterino",numero de ciclos entregados,2015-09-01,0,6,24,3,0,33
URIONDO (A. CONCEPCION),"anticoncepcion, prevencion de its y de cancer de cuello uterino",numero de ciclos entregados,2015-09-01,3,14,39,19,0,75
URUBICHA,"anticoncepcion, prevencion de its y de cancer de cuello uterino",numero de ciclos entregados,2015-09-01,0,0,39,15,0,54
UYUNI,"anticoncepcion, prevencion de its y de cancer de cuello uterino",numero de ciclos entregados,2015-09-01,0,0,10,3,0,13
VACAS,"anticoncepcion, prevencion de its y de cancer de cuello uterino",numero de ciclos entregados,2015-09-01,0,1,6,0,0,7
VALLEGRANDE,"anticoncepcion, prevencion de its y de cancer de cuello uterino",numero de ciclos entregados,2015-09-01,0,0,45,17,0,62
VIACHA,"anticoncepcion, prevencion de its y de cancer de cuello uterino",numero de ciclos entregados,2015-09-01,0,12,161,6,0,179
VILLA CHARCAS,"anticoncepcion, prevencion de its y de cancer de cuello uterino",numero de ciclos entregados,2015-09-01,0,6,12,3,0,21
VILLA MONTES,"anticoncepcion, prevencion de its y de cancer de cuello uterino",numero de ciclos entregados,2015-09-01,0,30,63,36,3,132
VILLA NUEVA (LOMA ALTA),"anticoncepcion, prevencion de its y de cancer de cuello uterino",numero de ciclos entregados,2015-09-01,3,0,6,0,0,9
VILLA RIVERO,"anticoncepcion, prevencion de its y de cancer de cuello uterino",numero de ciclos entregados,2015-09-01,0,0,3,0,0,3
VILLA SERRANO,"anticoncepcion, prevencion de its y de cancer de cuello uterino",numero de ciclos entregados,2015-09-01,0,0,3,12,0,15
VILLA TUNARI,"anticoncepcion, prevencion de its y de cancer de cuello uterino",numero de ciclos entregados,2015-09-01,1,6,77,31,0,115
VILLA VACA GUZMAN (MUYUPAMPA),"anticoncepcion, prevencion de its y de cancer de cuello uterino",numero de ciclos entregados,2015-09-01,0,1,48,0,0,49
VILLAZON,"anticoncepcion, prevencion de its y de cancer de cuello uterino",numero de ciclos entregados,2015-09-01,0,3,82,48,0,133
VINTO,"anticoncepcion, prevencion de its y de cancer de cuello uterino",numero de ciclos entregados,2015-09-01,0,0,30,9,0,39
VITICHI,"anticoncepcion, prevencion de its y de cancer de cuello uterino",numero de ciclos entregados,2015-09-01,0,0,6,1,0,7
WARNES,"anticoncepcion, prevencion de its y de cancer de cuello uterino",numero de ciclos entregados,2015-09-01,0,10,192,74,0,276
YACUIBA,"anticoncepcion, prevencion de its y de cancer de cuello uterino",numero de ciclos entregados,2015-09-01,0,6,385,107,3,501
YAMPARAEZ,"anticoncepcion, prevencion de its y de cancer de cuello uterino",numero de ciclos entregados,2015-09-01,0,0,3,3,0,6
YANACACHI,"anticoncepcion, prevencion de its y de cancer de cuello uterino",numero de ciclos entregados,2015-09-01,0,0,27,6,0,33
YAPACANI,"anticoncepcion, prevencion de its y de cancer de cuello uterino",numero de ciclos entregados,2015-09-01,3,9,72,21,0,105
YOCALLA,"anticoncepcion, prevencion de its y de cancer de cuello uterino",numero de ciclos entregados,2015-09-01,0,0,9,3,0,12
YOTALA,"anticoncepcion, prevencion de its y de cancer de cuello uterino",numero de ciclos entregados,2015-09-01,3,3,0,0,0,6
YUNCHARA,"anticoncepcion, prevencion de its y de cancer de cuello uterino",numero de ciclos entregados,2015-09-01,0,0,8,3,0,11
ZUDAÑEZ,"anticoncepcion, prevencion de its y de cancer de cuello uterino",numero de ciclos entregados,2015-09-01,0,3,21,0,0,24
ACACIO,"anticoncepcion, prevencion de its y de cancer de cuello uterino",numero de ciclos entregados,2015-10-01,0,0,3,0,0,3
ACHACACHI,"anticoncepcion, prevencion de its y de cancer de cuello uterino",numero de ciclos entregados,2015-10-01,0,0,12,3,0,15
ACHOCALLA,"anticoncepcion, prevencion de its y de cancer de cuello uterino",numero de ciclos entregados,2015-10-01,0,0,12,12,0,24
AIQUILE,"anticoncepcion, prevencion de its y de cancer de cuello uterino",numero de ciclos entregados,2015-10-01,0,15,36,15,0,66
ALCALA,"anticoncepcion, prevencion de its y de cancer de cuello uterino",numero de ciclos entregados,2015-10-01,0,0,15,3,0,18
ALTO BENI,"anticoncepcion, prevencion de its y de cancer de cuello uterino",numero de ciclos entregados,2015-10-01,0,0,24,3,0,27
ANCORAIMES,"anticoncepcion, prevencion de its y de cancer de cuello uterino",numero de ciclos entregados,2015-10-01,0,0,6,10,0,16
ANDAMARCA,"anticoncepcion, prevencion de its y de cancer de cuello uterino",numero de ciclos entregados,2015-10-01,0,0,8,0,0,8
ANTEQUERA,"anticoncepcion, prevencion de its y de cancer de cuello uterino",numero de ciclos entregados,2015-10-01,0,3,46,9,0,58
ANZALDO,"anticoncepcion, prevencion de its y de cancer de cuello uterino",numero de ciclos entregados,2015-10-01,0,0,0,3,0,3
APOLO,"anticoncepcion, prevencion de its y de cancer de cuello uterino",numero de ciclos entregados,2015-10-01,3,3,21,3,0,30
ARAMPAMPA,"anticoncepcion, prevencion de its y de cancer de cuello uterino",numero de ciclos entregados,2015-10-01,0,3,15,6,0,24
ARANI,"anticoncepcion, prevencion de its y de cancer de cuello uterino",numero de ciclos entregados,2015-10-01,0,0,12,6,0,18
ARBIETO,"anticoncepcion, prevencion de its y de cancer de cuello uterino",numero de ciclos entregados,2015-10-01,0,12,29,6,3,50
ARQUE,"anticoncepcion, prevencion de its y de cancer de cuello uterino",numero de ciclos entregados,2015-10-01,0,2,1,0,0,3
ASCENCION DE GUARAYOS,"anticoncepcion, prevencion de its y de cancer de cuello uterino",numero de ciclos entregados,2015-10-01,3,15,66,21,0,105
ATOCHA,"anticoncepcion, prevencion de its y de cancer de cuello uterino",numero de ciclos entregados,2015-10-01,0,7,30,3,0,40
AUCAPATA,"anticoncepcion, prevencion de its y de cancer de cuello uterino",numero de ciclos entregados,2015-10-01,0,0,0,3,0,3
AYATA,"anticoncepcion, prevencion de its y de cancer de cuello uterino",numero de ciclos entregados,2015-10-01,0,0,0,3,0,3
AYO AYO,"anticoncepcion, prevencion de its y de cancer de cuello uterino",numero de ciclos entregados,2015-10-01,0,0,3,3,0,6
AYOPAYA (V. DE INDEPENDENCIA),"anticoncepcion, prevencion de its y de cancer de cuello uterino",numero de ciclos entregados,2015-10-01,0,18,51,27,0,96
AZURDUY,"anticoncepcion, prevencion de its y de cancer de cuello uterino",numero de ciclos entregados,2015-10-01,0,3,18,6,0,27
BATALLAS,"anticoncepcion, prevencion de its y de cancer de cuello uterino",numero de ciclos entregados,2015-10-01,0,0,12,3,0,15
BAURES,"anticoncepcion, prevencion de its y de cancer de cuello uterino",numero de ciclos entregados,2015-10-01,0,4,9,9,0,22
BELEN DE ANDAMARCA,"anticoncepcion, prevencion de its y de cancer de cuello uterino",numero de ciclos entregados,2015-10-01,0,0,12,0,0,12
BELLA FLOR,"anticoncepcion, prevencion de its y de cancer de cuello uterino",numero de ciclos entregados,2015-10-01,0,7,6,0,0,13
BERMEJO,"anticoncepcion, prevencion de its y de cancer de cuello uterino",numero de ciclos entregados,2015-10-01,0,10,56,9,0,75
BETANZOS,"anticoncepcion, prevencion de its y de cancer de cuello uterino",numero de ciclos entregados,2015-10-01,0,0,0,9,0,9
BOLPEBRA,"anticoncepcion, prevencion de its y de cancer de cuello uterino",numero de ciclos entregados,2015-10-01,0,9,18,12,0,39
BOYUIBE,"anticoncepcion, prevencion de its y de cancer de cuello uterino",numero de ciclos entregados,2015-10-01,0,0,6,0,0,6
BUENA VISTA,"anticoncepcion, prevencion de its y de cancer de cuello uterino",numero de ciclos entregados,2015-10-01,0,15,64,49,0,128
CABEZAS,"anticoncepcion, prevencion de its y de cancer de cuello uterino",numero de ciclos entregados,2015-10-01,6,22,144,22,0,194
CAIROMA,"anticoncepcion, prevencion de its y de cancer de cuello uterino",numero de ciclos entregados,2015-10-01,0,5,9,10,0,24
"CAIZA ""D""","anticoncepcion, prevencion de its y de cancer de cuello uterino",numero de ciclos entregados,2015-10-01,0,6,6,3,0,15
CAJUATA,"anticoncepcion, prevencion de its y de cancer de cuello uterino",numero de ciclos entregados,2015-10-01,0,0,3,3,0,6
CALACOTO,"anticoncepcion, prevencion de its y de cancer de cuello uterino",numero de ciclos entregados,2015-10-01,0,0,3,0,0,3
CALAMARCA,"anticoncepcion, prevencion de its y de cancer de cuello uterino",numero de ciclos entregados,2015-10-01,0,0,12,0,0,12
CAMARGO,"anticoncepcion, prevencion de its y de cancer de cuello uterino",numero de ciclos entregados,2015-10-01,0,4,6,0,0,10
CAMATAQUI (C. VILLA ABECIA),"anticoncepcion, prevencion de its y de cancer de cuello uterino",numero de ciclos entregados,2015-10-01,0,0,3,0,0,3
CAMIRI,"anticoncepcion, prevencion de its y de cancer de cuello uterino",numero de ciclos entregados,2015-10-01,0,3,30,18,0,51
CAPINOTA,"anticoncepcion, prevencion de its y de cancer de cuello uterino",numero de ciclos entregados,2015-10-01,0,0,6,3,0,9
CAQUIAVIRI,"anticoncepcion, prevencion de its y de cancer de cuello uterino",numero de ciclos entregados,2015-10-01,0,0,0,6,0,6
CARACOLLO,"anticoncepcion, prevencion de its y de cancer de cuello uterino",numero de ciclos entregados,2015-10-01,0,3,7,6,0,16
CARANAVI,"anticoncepcion, prevencion de its y de cancer de cuello uterino",numero de ciclos entregados,2015-10-01,0,3,45,12,0,60
CARANGAS,"anticoncepcion, prevencion de its y de cancer de cuello uterino",numero de ciclos entregados,2015-10-01,0,0,3,0,0,3
CARAPARI,"anticoncepcion, prevencion de its y de cancer de cuello uterino",numero de ciclos entregados,2015-10-01,0,6,53,14,6,79
CARIPUYO,"anticoncepcion, prevencion de its y de cancer de cuello uterino",numero de ciclos entregados,2015-10-01,0,0,15,0,0,15
CARMEN RIVERO TORREZ,"anticoncepcion, prevencion de its y de cancer de cuello uterino",numero de ciclos entregados,2015-10-01,0,0,9,3,0,12
CHALLAPATA,"anticoncepcion, prevencion de its y de cancer de cuello uterino",numero de ciclos entregados,2015-10-01,0,0,14,19,0,33
CHAQUI,"anticoncepcion, prevencion de its y de cancer de cuello uterino",numero de ciclos entregados,2015-10-01,0,0,3,6,0,9
CHARAGUA,"anticoncepcion, prevencion de its y de cancer de cuello uterino",numero de ciclos entregados,2015-10-01,0,3,51,12,0,66
CHAYANTA,"anticoncepcion, prevencion de its y de cancer de cuello uterino",numero de ciclos entregados,2015-10-01,0,3,0,0,0,3
CHIMORE,"anticoncepcion, prevencion de its y de cancer de cuello uterino",numero de ciclos entregados,2015-10-01,3,18,28,5,0,54
CHIPAYA,"anticoncepcion, prevencion de its y de cancer de cuello uterino",numero de ciclos entregados,2015-10-01,0,0,6,0,0,6
CHUA COCANI,"anticoncepcion, prevencion de its y de cancer de cuello uterino",numero de ciclos entregados,2015-10-01,0,0,3,3,0,6
CHULUMANI (V. DE LA LIBERTAD),"anticoncepcion, prevencion de its y de cancer de cuello uterino",numero de ciclos entregados,2015-10-01,0,3,9,6,0,18
CHUMA,"anticoncepcion, prevencion de its y de cancer de cuello uterino",numero de ciclos entregados,2015-10-01,0,0,3,9,0,12
CHUQUIHUTA AYLLU JUCUMANI,"anticoncepcion, prevencion de its y de cancer de cuello uterino",numero de ciclos entregados,2015-10-01,0,0,6,3,0,9
CLIZA,"anticoncepcion, prevencion de its y de cancer de cuello uterino",numero de ciclos entregados,2015-10-01,0,9,34,3,0,46
COBIJA,"anticoncepcion, prevencion de its y de cancer de cuello uterino",numero de ciclos entregados,2015-10-01,6,6,123,17,0,152
COCAPATA,"anticoncepcion, prevencion de its y de cancer de cuello uterino",numero de ciclos entregados,2015-10-01,0,10,63,9,0,82
COCHABAMBA,"anticoncepcion, prevencion de its y de cancer de cuello uterino",numero de ciclos entregados,2015-10-01,0,22,337,33,0,392
COLCAPIRHUA,"anticoncepcion, prevencion de its y de cancer de cuello uterino",numero de ciclos entregados,2015-10-01,0,0,51,15,0,66
"COLCHA ""K""","anticoncepcion, prevencion de its y de cancer de cuello uterino",numero de ciclos entregados,2015-10-01,0,6,9,6,0,21
COLLANA,"anticoncepcion, prevencion de its y de cancer de cuello uterino",numero de ciclos entregados,2015-10-01,0,0,0,6,0,6
COLOMI,"anticoncepcion, prevencion de its y de cancer de cuello uterino",numero de ciclos entregados,2015-10-01,0,13,13,12,0,38
COLPA BELGICA,"anticoncepcion, prevencion de its y de cancer de cuello uterino",numero de ciclos entregados,2015-10-01,0,6,27,18,0,51
COLQUECHACA,"anticoncepcion, prevencion de its y de cancer de cuello uterino",numero de ciclos entregados,2015-10-01,0,3,3,9,0,15
COLQUENCHA,"anticoncepcion, prevencion de its y de cancer de cuello uterino",numero de ciclos entregados,2015-10-01,0,3,6,3,0,12
COLQUIRI,"anticoncepcion, prevencion de its y de cancer de cuello uterino",numero de ciclos entregados,2015-10-01,0,6,13,3,0,22
COMARAPA,"anticoncepcion, prevencion de its y de cancer de cuello uterino",numero de ciclos entregados,2015-10-01,0,0,25,9,0,34
CONCEPCION,"anticoncepcion, prevencion de its y de cancer de cuello uterino",numero de ciclos entregados,2015-10-01,0,9,33,18,0,60
COPACABANA,"anticoncepcion, prevencion de its y de cancer de cuello uterino",numero de ciclos entregados,2015-10-01,0,3,6,3,0,12
COROICO,"anticoncepcion, prevencion de its y de cancer de cuello uterino",numero de ciclos entregados,2015-10-01,0,6,0,3,0,9
CORQUE,"anticoncepcion, prevencion de its y de cancer de cuello uterino",numero de ciclos entregados,2015-10-01,0,0,49,18,0,67
COTAGAITA,"anticoncepcion, prevencion de its y de cancer de cuello uterino",numero de ciclos entregados,2015-10-01,0,2,26,9,0,37
COTOCA,"anticoncepcion, prevencion de its y de cancer de cuello uterino",numero de ciclos entregados,2015-10-01,0,23,68,21,0,112
CUATRO CAÑADAS,"anticoncepcion, prevencion de its y de cancer de cuello uterino",numero de ciclos entregados,2015-10-01,0,27,39,12,0,78
CUCHUMUELA (V. G. VILLARROEL),"anticoncepcion, prevencion de its y de cancer de cuello uterino",numero de ciclos entregados,2015-10-01,0,3,0,0,0,3
CUEVO,"anticoncepcion, prevencion de its y de cancer de cuello uterino",numero de ciclos entregados,2015-10-01,0,0,24,3,0,27
CULPINA,"anticoncepcion, prevencion de its y de cancer de cuello uterino",numero de ciclos entregados,2015-10-01,0,0,44,6,0,50
CURAHUARA DE CARANGAS,"anticoncepcion, prevencion de its y de cancer de cuello uterino",numero de ciclos entregados,2015-10-01,0,0,6,0,0,6
CURVA,"anticoncepcion, prevencion de its y de cancer de cuello uterino",numero de ciclos entregados,2015-10-01,0,3,21,3,0,27
DESAGUADERO,"anticoncepcion, prevencion de its y de cancer de cuello uterino",numero de ciclos entregados,2015-10-01,0,0,6,3,0,9
EL ALTO,"anticoncepcion, prevencion de its y de cancer de cuello uterino",numero de ciclos entregados,2015-10-01,0,62,755,187,1,1005
EL PUENTE(STC),"anticoncepcion, prevencion de its y de cancer de cuello uterino",numero de ciclos entregados,2015-10-01,0,3,39,21,0,63
EL PUENTE(TJA),"anticoncepcion, prevencion de its y de cancer de cuello uterino",numero de ciclos entregados,2015-10-01,0,13,36,30,0,79
EL TORNO,"anticoncepcion, prevencion de its y de cancer de cuello uterino",numero de ciclos entregados,2015-10-01,9,54,174,45,6,288
EL VILLAR,"anticoncepcion, prevencion de its y de cancer de cuello uterino",numero de ciclos entregados,2015-10-01,0,3,51,24,0,78
ENTRE RIOS TRJ,"anticoncepcion, prevencion de its y de cancer de cuello uterino",numero de ciclos entregados,2015-10-01,0,18,61,27,0,106
ENTRE RIOS CBBA,"anticoncepcion, prevencion de its y de cancer de cuello uterino",numero de ciclos entregados,2015-10-01,0,7,31,10,0,48
ESCARA,"anticoncepcion, prevencion de its y de cancer de cuello uterino",numero de ciclos entregados,2015-10-01,0,3,0,0,0,3
ESCOMA,"anticoncepcion, prevencion de its y de cancer de cuello uterino",numero de ciclos entregados,2015-10-01,0,3,6,0,0,9
EUREKA (SANTOS MERCADO),"anticoncepcion, prevencion de its y de cancer de cuello uterino",numero de ciclos entregados,2015-10-01,3,0,12,0,0,15
EXALTACION,"anticoncepcion, prevencion de its y de cancer de cuello uterino",numero de ciclos entregados,2015-10-01,0,2,3,0,0,5
FERNANDEZ ALONSO,"anticoncepcion, prevencion de its y de cancer de cuello uterino",numero de ciclos entregados,2015-10-01,0,0,20,2,0,22
FILADELFIA,"anticoncepcion, prevencion de its y de cancer de cuello uterino",numero de ciclos entregados,2015-10-01,1,11,59,9,0,80
GENERAL SAAVEDRA,"anticoncepcion, prevencion de its y de cancer de cuello uterino",numero de ciclos entregados,2015-10-01,0,4,51,9,0,64
GRAL. J.J. PEREZ (CHARAZANI),"anticoncepcion, prevencion de its y de cancer de cuello uterino",numero de ciclos entregados,2015-10-01,0,0,3,3,0,6
GUAQUI,"anticoncepcion, prevencion de its y de cancer de cuello uterino",numero de ciclos entregados,2015-10-01,0,0,21,3,0,24
GUAYARAMERIN,"anticoncepcion, prevencion de its y de cancer de cuello uterino",numero de ciclos entregados,2015-10-01,0,3,4,12,0,19
GUTIERREZ,"anticoncepcion, prevencion de its y de cancer de cuello uterino",numero de ciclos entregados,2015-10-01,0,3,0,0,0,3
HUACARETA,"anticoncepcion, prevencion de its y de cancer de cuello uterino",numero de ciclos entregados,2015-10-01,0,4,16,12,0,32
HUACAYA (VILLA DE HUACAYA),"anticoncepcion, prevencion de its y de cancer de cuello uterino",numero de ciclos entregados,2015-10-01,0,0,1,1,0,2
HUACHACALLA,"anticoncepcion, prevencion de its y de cancer de cuello uterino",numero de ciclos entregados,2015-10-01,0,1,3,0,0,4
HUANUNI,"anticoncepcion, prevencion de its y de cancer de cuello uterino",numero de ciclos entregados,2015-10-01,0,3,17,3,0,23
HUARACAJE,"anticoncepcion, prevencion de its y de cancer de cuello uterino",numero de ciclos entregados,2015-10-01,0,8,30,12,0,50
HUARINA,"anticoncepcion, prevencion de its y de cancer de cuello uterino",numero de ciclos entregados,2015-10-01,0,0,3,0,0,3
HUMANATA,"anticoncepcion, prevencion de its y de cancer de cuello uterino",numero de ciclos entregados,2015-10-01,0,0,3,0,0,3
ICHOCA,"anticoncepcion, prevencion de its y de cancer de cuello uterino",numero de ciclos entregados,2015-10-01,0,0,3,0,0,3
ICLA,"anticoncepcion, prevencion de its y de cancer de cuello uterino",numero de ciclos entregados,2015-10-01,0,21,27,21,0,69
INCAHUASI,"anticoncepcion, prevencion de its y de cancer de cuello uterino",numero de ciclos entregados,2015-10-01,0,6,27,15,0,48
INGAVI (HUMAITA),"anticoncepcion, prevencion de its y de cancer de cuello uterino",numero de ciclos entregados,2015-10-01,0,0,6,0,0,6
INQUISIVI,"anticoncepcion, prevencion de its y de cancer de cuello uterino",numero de ciclos entregados,2015-10-01,0,0,3,6,0,9
IRUPANA (VILLA DE LANZA),"anticoncepcion, prevencion de its y de cancer de cuello uterino",numero de ciclos entregados,2015-10-01,0,3,36,18,0,57
IXIAMAS,"anticoncepcion, prevencion de its y de cancer de cuello uterino",numero de ciclos entregados,2015-10-01,0,0,18,12,0,30
JESUS DE MACHACA,"anticoncepcion, prevencion de its y de cancer de cuello uterino",numero de ciclos entregados,2015-10-01,0,0,9,0,0,9
LA ASUNTA,"anticoncepcion, prevencion de its y de cancer de cuello uterino",numero de ciclos entregados,2015-10-01,0,3,87,24,0,114
LA GUARDIA,"anticoncepcion, prevencion de its y de cancer de cuello uterino",numero de ciclos entregados,2015-10-01,6,12,219,78,0,315
LA PAZ,"anticoncepcion, prevencion de its y de cancer de cuello uterino",numero de ciclos entregados,2015-10-01,0,30,450,143,3,626
LA RIVERA,"anticoncepcion, prevencion de its y de cancer de cuello uterino",numero de ciclos entregados,2015-10-01,0,0,3,0,0,3
LAGUNILLAS,"anticoncepcion, prevencion de its y de cancer de cuello uterino",numero de ciclos entregados,2015-10-01,0,0,38,3,0,41
LAJA,"anticoncepcion, prevencion de its y de cancer de cuello uterino",numero de ciclos entregados,2015-10-01,0,3,21,12,0,36
LAS CARRERAS,"anticoncepcion, prevencion de its y de cancer de cuello uterino",numero de ciclos entregados,2015-10-01,3,3,18,6,0,30
LLALLAGUA,"anticoncepcion, prevencion de its y de cancer de cuello uterino",numero de ciclos entregados,2015-10-01,0,9,42,3,0,54
LLICA,"anticoncepcion, prevencion de its y de cancer de cuello uterino",numero de ciclos entregados,2015-10-01,0,3,18,3,3,27
LORETO,"anticoncepcion, prevencion de its y de cancer de cuello uterino",numero de ciclos entregados,2015-10-01,0,4,9,7,0,20
LURIBAY,"anticoncepcion, prevencion de its y de cancer de cuello uterino",numero de ciclos entregados,2015-10-01,0,0,9,3,0,12
MACHARETI,"anticoncepcion, prevencion de its y de cancer de cuello uterino",numero de ciclos entregados,2015-10-01,0,4,19,13,0,36
MAGDALENA,"anticoncepcion, prevencion de its y de cancer de cuello uterino",numero de ciclos entregados,2015-10-01,0,6,69,17,0,92
MAIRANA,"anticoncepcion, prevencion de its y de cancer de cuello uterino",numero de ciclos entregados,2015-10-01,0,6,24,6,0,36
MAPIRI,"anticoncepcion, prevencion de its y de cancer de cuello uterino",numero de ciclos entregados,2015-10-01,0,3,6,3,0,12
MECAPACA,"anticoncepcion, prevencion de its y de cancer de cuello uterino",numero de ciclos entregados,2015-10-01,0,0,0,3,0,3
MINEROS,"anticoncepcion, prevencion de its y de cancer de cuello uterino",numero de ciclos entregados,2015-10-01,0,1,61,24,0,86
MIZQUE,"anticoncepcion, prevencion de its y de cancer de cuello uterino",numero de ciclos entregados,2015-10-01,0,10,26,5,0,41
MOCOMOCO,"anticoncepcion, prevencion de its y de cancer de cuello uterino",numero de ciclos entregados,2015-10-01,0,0,12,3,0,15
MOJOCOYA,"anticoncepcion, prevencion de its y de cancer de cuello uterino",numero de ciclos entregados,2015-10-01,0,3,9,0,3,15
MONTEAGUDO,"anticoncepcion, prevencion de its y de cancer de cuello uterino",numero de ciclos entregados,2015-10-01,3,6,81,9,0,99
MONTERO,"anticoncepcion, prevencion de its y de cancer de cuello uterino",numero de ciclos entregados,2015-10-01,0,14,133,44,6,197
MORO MORO,"anticoncepcion, prevencion de its y de cancer de cuello uterino",numero de ciclos entregados,2015-10-01,0,0,6,4,0,10
MOROCHATA,"anticoncepcion, prevencion de its y de cancer de cuello uterino",numero de ciclos entregados,2015-10-01,0,12,18,15,0,45
NACEBE (SANTA ROSA DEL ABUNA),"anticoncepcion, prevencion de its y de cancer de cuello uterino",numero de ciclos entregados,2015-10-01,0,0,1,0,0,1
NUEVO MANOA (NUEVA ESPERANZA),"anticoncepcion, prevencion de its y de cancer de cuello uterino",numero de ciclos entregados,2015-10-01,0,0,9,0,0,9
OCURI,"anticoncepcion, prevencion de its y de cancer de cuello uterino",numero de ciclos entregados,2015-10-01,0,9,33,12,0,54
OKINAWA,"anticoncepcion, prevencion de its y de cancer de cuello uterino",numero de ciclos entregados,2015-10-01,1,22,49,19,0,91
OMEREQUE,"anticoncepcion, prevencion de its y de cancer de cuello uterino",numero de ciclos entregados,2015-10-01,0,0,13,0,0,13
ORURO,"anticoncepcion, prevencion de its y de cancer de cuello uterino",numero de ciclos entregados,2015-10-01,0,22,293,78,0,393
PADCAYA,"anticoncepcion, prevencion de its y de cancer de cuello uterino",numero de ciclos entregados,2015-10-01,0,30,66,12,0,108
PADILLA,"anticoncepcion, prevencion de its y de cancer de cuello uterino",numero de ciclos entregados,2015-10-01,0,6,36,21,0,63
PAILON,"anticoncepcion, prevencion de its y de cancer de cuello uterino",numero de ciclos entregados,2015-10-01,0,15,42,0,0,57
PALCA,"anticoncepcion, prevencion de its y de cancer de cuello uterino",numero de ciclos entregados,2015-10-01,0,7,13,6,0,26
PALOS BLANCOS,"anticoncepcion, prevencion de its y de cancer de cuello uterino",numero de ciclos entregados,2015-10-01,0,0,57,24,0,81
PAMPA GRANDE,"anticoncepcion, prevencion de its y de cancer de cuello uterino",numero de ciclos entregados,2015-10-01,0,6,15,6,3,30
PAPEL PAMPA,"anticoncepcion, prevencion de its y de cancer de cuello uterino",numero de ciclos entregados,2015-10-01,0,3,21,6,0,30
PASORAPA,"anticoncepcion, prevencion de its y de cancer de cuello uterino",numero de ciclos entregados,2015-10-01,3,4,13,0,1,21
PATACAMAYA,"anticoncepcion, prevencion de its y de cancer de cuello uterino",numero de ciclos entregados,2015-10-01,0,0,9,3,0,12
PAZÑA,"anticoncepcion, prevencion de its y de cancer de cuello uterino",numero de ciclos entregados,2015-10-01,0,0,26,12,0,38
PELECHUCO,"anticoncepcion, prevencion de its y de cancer de cuello uterino",numero de ciclos entregados,2015-10-01,0,9,33,21,0,63
POCOATA,"anticoncepcion, prevencion de its y de cancer de cuello uterino",numero de ciclos entregados,2015-10-01,0,3,21,21,0,45
POCONA,"anticoncepcion, prevencion de its y de cancer de cuello uterino",numero de ciclos entregados,2015-10-01,0,0,38,2,0,40
POJO (CBBA),"anticoncepcion, prevencion de its y de cancer de cuello uterino",numero de ciclos entregados,2015-10-01,0,0,22,0,0,22
POOPO,"anticoncepcion, prevencion de its y de cancer de cuello uterino",numero de ciclos entregados,2015-10-01,0,0,9,0,0,9
PORCO,"anticoncepcion, prevencion de its y de cancer de cuello uterino",numero de ciclos entregados,2015-10-01,0,6,12,0,0,18
POROMA,"anticoncepcion, prevencion de its y de cancer de cuello uterino",numero de ciclos entregados,2015-10-01,0,6,21,16,0,43
PORONGO,"anticoncepcion, prevencion de its y de cancer de cuello uterino",numero de ciclos entregados,2015-10-01,0,9,57,27,3,96
PORTACHUELO,"anticoncepcion, prevencion de its y de cancer de cuello uterino",numero de ciclos entregados,2015-10-01,0,3,15,0,0,18
PORVENIR,"anticoncepcion, prevencion de its y de cancer de cuello uterino",numero de ciclos entregados,2015-10-01,0,3,48,9,0,60
POSTRER VALLE,"anticoncepcion, prevencion de its y de cancer de cuello uterino",numero de ciclos entregados,2015-10-01,0,3,9,9,0,21
POTOSI,"anticoncepcion, prevencion de its y de cancer de cuello uterino",numero de ciclos entregados,2015-10-01,0,33,186,59,3,281
PRESTO,"anticoncepcion, prevencion de its y de cancer de cuello uterino",numero de ciclos entregados,2015-10-01,0,6,15,0,0,21
PUCARA,"anticoncepcion, prevencion de its y de cancer de cuello uterino",numero de ciclos entregados,2015-10-01,0,0,3,0,0,3
PUCARANI,"anticoncepcion, prevencion de its y de cancer de cuello uterino",numero de ciclos entregados,2015-10-01,0,0,15,3,0,18
PUERTO ACOSTA,"anticoncepcion, prevencion de its y de cancer de cuello uterino",numero de ciclos entregados,2015-10-01,0,0,0,8,0,8
PUERTO CARABUCO,"anticoncepcion, prevencion de its y de cancer de cuello uterino",numero de ciclos entregados,2015-10-01,0,3,6,6,0,15
PUERTO GONZALO MORENO,"anticoncepcion, prevencion de its y de cancer de cuello uterino",numero de ciclos entregados,2015-10-01,0,3,8,6,0,17
PUERTO PEREZ,"anticoncepcion, prevencion de its y de cancer de cuello uterino",numero de ciclos entregados,2015-10-01,0,0,6,3,0,9
PUERTO QUIJARRO,"anticoncepcion, prevencion de its y de cancer de cuello uterino",numero de ciclos entregados,2015-10-01,0,0,12,16,0,28
PUERTO RICO,"anticoncepcion, prevencion de its y de cancer de cuello uterino",numero de ciclos entregados,2015-10-01,0,0,4,1,0,5
PUERTO SILES,"anticoncepcion, prevencion de its y de cancer de cuello uterino",numero de ciclos entregados,2015-10-01,0,2,12,1,0,15
PUERTO SUAREZ,"anticoncepcion, prevencion de its y de cancer de cuello uterino",numero de ciclos entregados,2015-10-01,3,6,24,3,0,36
PUERTO VILLARROEL,"anticoncepcion, prevencion de its y de cancer de cuello uterino",numero de ciclos entregados,2015-10-01,0,12,38,22,0,72
PUNA,"anticoncepcion, prevencion de its y de cancer de cuello uterino",numero de ciclos entregados,2015-10-01,0,3,21,9,0,33
PUNATA,"anticoncepcion, prevencion de its y de cancer de cuello uterino",numero de ciclos entregados,2015-10-01,0,9,21,0,0,30
QUIABAYA,"anticoncepcion, prevencion de its y de cancer de cuello uterino",numero de ciclos entregados,2015-10-01,0,0,6,0,0,6
QUILLACOLLO,"anticoncepcion, prevencion de its y de cancer de cuello uterino",numero de ciclos entregados,2015-10-01,0,3,71,19,0,93
QUIME,"anticoncepcion, prevencion de its y de cancer de cuello uterino",numero de ciclos entregados,2015-10-01,0,0,18,0,0,18
QUIRUSILLAS,"anticoncepcion, prevencion de its y de cancer de cuello uterino",numero de ciclos entregados,2015-10-01,0,0,6,6,0,12
RAVELO,"anticoncepcion, prevencion de its y de cancer de cuello uterino",numero de ciclos entregados,2015-10-01,0,0,19,19,0,38
REYES,"anticoncepcion, prevencion de its y de cancer de cuello uterino",numero de ciclos entregados,2015-10-01,9,18,84,54,0,165
RIBERALTA,"anticoncepcion, prevencion de its y de cancer de cuello uterino",numero de ciclos entregados,2015-10-01,3,34,118,28,0,183
ROBORE,"anticoncepcion, prevencion de its y de cancer de cuello uterino",numero de ciclos entregados,2015-10-01,0,9,30,33,3,75
RURRENABAQUE,"anticoncepcion, prevencion de its y de cancer de cuello uterino",numero de ciclos entregados,2015-10-01,1,9,54,15,0,79
SABAYA,"anticoncepcion, prevencion de its y de cancer de cuello uterino",numero de ciclos entregados,2015-10-01,0,7,31,6,0,44
SACABA,"anticoncepcion, prevencion de its y de cancer de cuello uterino",numero de ciclos entregados,2015-10-01,0,10,67,15,0,92
SACACA,"anticoncepcion, prevencion de its y de cancer de cuello uterino",numero de ciclos entregados,2015-10-01,0,6,30,22,0,58
SAIPINA,"anticoncepcion, prevencion de its y de cancer de cuello uterino",numero de ciclos entregados,2015-10-01,0,3,9,3,0,15
SALINAS DE GARCI MENDOZA,"anticoncepcion, prevencion de its y de cancer de cuello uterino",numero de ciclos entregados,2015-10-01,0,3,7,0,0,10
SAMAIPATA,"anticoncepcion, prevencion de its y de cancer de cuello uterino",numero de ciclos entregados,2015-10-01,0,3,27,6,0,36
SAN AGUSTIN,"anticoncepcion, prevencion de its y de cancer de cuello uterino",numero de ciclos entregados,2015-10-01,0,0,0,1,0,1
SAN ANDRES,"anticoncepcion, prevencion de its y de cancer de cuello uterino",numero de ciclos entregados,2015-10-01,7,41,114,28,0,190
SAN ANDRES DE MACHACA,"anticoncepcion, prevencion de its y de cancer de cuello uterino",numero de ciclos entregados,2015-10-01,0,0,3,0,0,3
SAN ANTONIO DE ESMORUCO,"anticoncepcion, prevencion de its y de cancer de cuello uterino",numero de ciclos entregados,2015-10-01,0,0,3,0,0,3
SAN ANTONIO DE LOMERIO,"anticoncepcion, prevencion de its y de cancer de cuello uterino",numero de ciclos entregados,2015-10-01,0,12,36,27,0,75
SAN BORJA,"anticoncepcion, prevencion de its y de cancer de cuello uterino",numero de ciclos entregados,2015-10-01,0,18,201,63,0,282
SAN CARLOS,"anticoncepcion, prevencion de its y de cancer de cuello uterino",numero de ciclos entregados,2015-10-01,3,36,112,30,0,181
SAN IGNACIO,"anticoncepcion, prevencion de its y de cancer de cuello uterino",numero de ciclos entregados,2015-10-01,6,33,167,92,2,300
SAN IGNACIO DE VELASCO,"anticoncepcion, prevencion de its y de cancer de cuello uterino",numero de ciclos entregados,2015-10-01,0,39,144,58,0,241
SAN JAVIER(BNI),"anticoncepcion, prevencion de its y de cancer de cuello uterino",numero de ciclos entregados,2015-10-01,0,3,3,0,0,6
SAN JAVIER(STC),"anticoncepcion, prevencion de its y de cancer de cuello uterino",numero de ciclos entregados,2015-10-01,0,18,72,24,0,114
SAN JOSE DE CHIQUITOS,"anticoncepcion, prevencion de its y de cancer de cuello uterino",numero de ciclos entregados,2015-10-01,0,9,51,21,0,81
SAN JUAN DE YAPACANI,"anticoncepcion, prevencion de its y de cancer de cuello uterino",numero de ciclos entregados,2015-10-01,0,9,45,6,0,60
SAN JULIAN,"anticoncepcion, prevencion de its y de cancer de cuello uterino",numero de ciclos entregados,2015-10-01,0,21,69,15,0,105
SAN LORENZO(PND),"anticoncepcion, prevencion de its y de cancer de cuello uterino",numero de ciclos entregados,2015-10-01,0,0,4,0,0,4
SAN LORENZO(TJA),"anticoncepcion, prevencion de its y de cancer de cuello uterino",numero de ciclos entregados,2015-10-01,0,15,54,3,0,72
SAN LUCAS,"anticoncepcion, prevencion de its y de cancer de cuello uterino",numero de ciclos entregados,2015-10-01,0,3,21,12,0,36
SAN MATIAS,"anticoncepcion, prevencion de its y de cancer de cuello uterino",numero de ciclos entregados,2015-10-01,0,3,34,31,0,68
SAN MIGUEL DE VELASCO,"anticoncepcion, prevencion de its y de cancer de cuello uterino",numero de ciclos entregados,2015-10-01,0,12,72,27,3,114
SAN PEDRO,"anticoncepcion, prevencion de its y de cancer de cuello uterino",numero de ciclos entregados,2015-10-01,0,5,35,21,0,61
SAN PEDRO DE BUENA VISTA,"anticoncepcion, prevencion de its y de cancer de cuello uterino",numero de ciclos entregados,2015-10-01,0,0,18,9,0,27
SAN PEDRO DE CURAHUARA,"anticoncepcion, prevencion de its y de cancer de cuello uterino",numero de ciclos entregados,2015-10-01,0,0,0,9,0,9
SAN PEDRO DE QUEMES,"anticoncepcion, prevencion de its y de cancer de cuello uterino",numero de ciclos entregados,2015-10-01,0,0,4,0,0,4
SAN PEDRO DE TIQUINA,"anticoncepcion, prevencion de its y de cancer de cuello uterino",numero de ciclos entregados,2015-10-01,0,3,0,3,0,6
SAN PEDRO(PND),"anticoncepcion, prevencion de its y de cancer de cuello uterino",numero de ciclos entregados,2015-10-01,0,0,3,0,0,3
SAN RAFAEL,"anticoncepcion, prevencion de its y de cancer de cuello uterino",numero de ciclos entregados,2015-10-01,0,9,47,21,0,77
SAN RAMON BENI,"anticoncepcion, prevencion de its y de cancer de cuello uterino",numero de ciclos entregados,2015-10-01,0,0,42,0,0,42
SANTA ANA,"anticoncepcion, prevencion de its y de cancer de cuello uterino",numero de ciclos entregados,2015-10-01,0,16,167,57,3,243
SANTA CRUZ DE LA SIERRA,"anticoncepcion, prevencion de its y de cancer de cuello uterino",numero de ciclos entregados,2015-10-01,6,330,818,199,3,1356
SANTA ROSA,"anticoncepcion, prevencion de its y de cancer de cuello uterino",numero de ciclos entregados,2015-10-01,0,2,8,4,0,14
SANTA ROSA DEL SARA,"anticoncepcion, prevencion de its y de cancer de cuello uterino",numero de ciclos entregados,2015-10-01,0,15,81,24,0,120
SANTIAGO DE HUARI,"anticoncepcion, prevencion de its y de cancer de cuello uterino",numero de ciclos entregados,2015-10-01,0,0,10,0,0,10
SANTIAGO DE HUATA,"anticoncepcion, prevencion de its y de cancer de cuello uterino",numero de ciclos entregados,2015-10-01,0,0,6,3,0,9
SANTIAGO DE MACHACA,"anticoncepcion, prevencion de its y de cancer de cuello uterino",numero de ciclos entregados,2015-10-01,0,0,6,0,0,6
SANTIVAÑES,"anticoncepcion, prevencion de its y de cancer de cuello uterino",numero de ciclos entregados,2015-10-01,0,0,9,1,0,10
SANTUARIO DE QUILLACAS,"anticoncepcion, prevencion de its y de cancer de cuello uterino",numero de ciclos entregados,2015-10-01,0,0,3,0,0,3
SAPAHAQUI,"anticoncepcion, prevencion de its y de cancer de cuello uterino",numero de ciclos entregados,2015-10-01,0,0,0,6,0,6
SENA,"anticoncepcion, prevencion de its y de cancer de cuello uterino",numero de ciclos entregados,2015-10-01,0,15,33,2,0,50
SHINAOTA,"anticoncepcion, prevencion de its y de cancer de cuello uterino",numero de ciclos entregados,2015-10-01,0,0,11,6,0,17
SICA SICA (VILLA AROMA),"anticoncepcion, prevencion de its y de cancer de cuello uterino",numero de ciclos entregados,2015-10-01,3,7,12,18,0,40
SICAYA,"anticoncepcion, prevencion de its y de cancer de cuello uterino",numero de ciclos entregados,2015-10-01,0,0,1,0,0,1
SIPE SIPE,"anticoncepcion, prevencion de its y de cancer de cuello uterino",numero de ciclos entregados,2015-10-01,0,11,61,19,0,91
SOPACHUY,"anticoncepcion, prevencion de its y de cancer de cuello uterino",numero de ciclos entregados,2015-10-01,0,0,37,12,0,49
SORACACHI,"anticoncepcion, prevencion de its y de cancer de cuello uterino",numero de ciclos entregados,2015-10-01,0,3,21,6,0,30
SORATA,"anticoncepcion, prevencion de its y de cancer de cuello uterino",numero de ciclos entregados,2015-10-01,0,0,6,9,0,15
SUCRE,"anticoncepcion, prevencion de its y de cancer de cuello uterino",numero de ciclos entregados,2015-10-01,0,31,445,82,0,558
TACACOMA,"anticoncepcion, prevencion de its y de cancer de cuello uterino",numero de ciclos entregados,2015-10-01,0,0,18,3,0,21
TACOBAMBA,"anticoncepcion, prevencion de its y de cancer de cuello uterino",numero de ciclos entregados,2015-10-01,0,0,0,27,0,27
TAPACARI,"anticoncepcion, prevencion de its y de cancer de cuello uterino",numero de ciclos entregados,2015-10-01,0,0,1,9,0,10
TARABUCO,"anticoncepcion, prevencion de its y de cancer de cuello uterino",numero de ciclos entregados,2015-10-01,0,0,3,0,0,3
TARACO,"anticoncepcion, prevencion de its y de cancer de cuello uterino",numero de ciclos entregados,2015-10-01,0,3,9,9,3,24
TARATA,"anticoncepcion, prevencion de its y de cancer de cuello uterino",numero de ciclos entregados,2015-10-01,0,0,9,0,0,9
TARIJA,"anticoncepcion, prevencion de its y de cancer de cuello uterino",numero de ciclos entregados,2015-10-01,5,85,209,73,0,372
TARVITA,"anticoncepcion, prevencion de its y de cancer de cuello uterino",numero de ciclos entregados,2015-10-01,0,6,34,21,0,61
TEOPONTE,"anticoncepcion, prevencion de its y de cancer de cuello uterino",numero de ciclos entregados,2015-10-01,0,0,6,0,0,6
TIAWANACU,"anticoncepcion, prevencion de its y de cancer de cuello uterino",numero de ciclos entregados,2015-10-01,0,6,15,12,0,33
TINGUIPAYA,"anticoncepcion, prevencion de its y de cancer de cuello uterino",numero de ciclos entregados,2015-10-01,0,6,51,12,0,69
TIPUANI,"anticoncepcion, prevencion de its y de cancer de cuello uterino",numero de ciclos entregados,2015-10-01,0,0,6,3,0,9
TIQUIPAYA,"anticoncepcion, prevencion de its y de cancer de cuello uterino",numero de ciclos entregados,2015-10-01,0,3,27,6,0,36
TIRAQUE (CBBA),"anticoncepcion, prevencion de its y de cancer de cuello uterino",numero de ciclos entregados,2015-10-01,0,0,12,9,0,21
TOLATA,"anticoncepcion, prevencion de its y de cancer de cuello uterino",numero de ciclos entregados,2015-10-01,0,0,10,0,0,10
TOLEDO,"anticoncepcion, prevencion de its y de cancer de cuello uterino",numero de ciclos entregados,2015-10-01,0,0,3,0,0,3
TOMAVE,"anticoncepcion, prevencion de its y de cancer de cuello uterino",numero de ciclos entregados,2015-10-01,0,3,15,9,0,27
TOMINA,"anticoncepcion, prevencion de its y de cancer de cuello uterino",numero de ciclos entregados,2015-10-01,0,9,33,7,0,49
TORO TORO,"anticoncepcion, prevencion de its y de cancer de cuello uterino",numero de ciclos entregados,2015-10-01,0,6,22,8,0,36
TOTORA(CBBA),"anticoncepcion, prevencion de its y de cancer de cuello uterino",numero de ciclos entregados,2015-10-01,0,2,13,7,0,22
TOTORA(ORR),"anticoncepcion, prevencion de its y de cancer de cuello uterino",numero de ciclos entregados,2015-10-01,3,3,7,0,0,13
TRIGAL,"anticoncepcion, prevencion de its y de cancer de cuello uterino",numero de ciclos entregados,2015-10-01,0,0,9,3,0,12
TRINIDAD,"anticoncepcion, prevencion de its y de cancer de cuello uterino",numero de ciclos entregados,2015-10-01,1,16,59,10,0,86
TUPIZA,"anticoncepcion, prevencion de its y de cancer de cuello uterino",numero de ciclos entregados,2015-10-01,0,1,3,3,0,7
TURCO,"anticoncepcion, prevencion de its y de cancer de cuello uterino",numero de ciclos entregados,2015-10-01,0,0,4,0,0,4
UNCIA,"anticoncepcion, prevencion de its y de cancer de cuello uterino",numero de ciclos entregados,2015-10-01,0,0,36,6,0,42
URIONDO (A. CONCEPCION),"anticoncepcion, prevencion de its y de cancer de cuello uterino",numero de ciclos entregados,2015-10-01,0,3,42,7,3,55
URUBICHA,"anticoncepcion, prevencion de its y de cancer de cuello uterino",numero de ciclos entregados,2015-10-01,0,6,15,18,0,39
UYUNI,"anticoncepcion, prevencion de its y de cancer de cuello uterino",numero de ciclos entregados,2015-10-01,0,0,36,12,0,48
VACAS,"anticoncepcion, prevencion de its y de cancer de cuello uterino",numero de ciclos entregados,2015-10-01,0,1,0,4,0,5
VALLEGRANDE,"anticoncepcion, prevencion de its y de cancer de cuello uterino",numero de ciclos entregados,2015-10-01,3,18,36,0,0,57
VIACHA,"anticoncepcion, prevencion de its y de cancer de cuello uterino",numero de ciclos entregados,2015-10-01,0,3,38,9,0,50
VILA VILA,"anticoncepcion, prevencion de its y de cancer de cuello uterino",numero de ciclos entregados,2015-10-01,0,0,0,3,0,3
VILLA CHARCAS,"anticoncepcion, prevencion de its y de cancer de cuello uterino",numero de ciclos entregados,2015-10-01,0,3,18,6,0,27
VILLA MONTES,"anticoncepcion, prevencion de its y de cancer de cuello uterino",numero de ciclos entregados,2015-10-01,0,9,115,21,0,145
VILLA NUEVA (LOMA ALTA),"anticoncepcion, prevencion de its y de cancer de cuello uterino",numero de ciclos entregados,2015-10-01,0,0,12,0,0,12
VILLA RIVERO,"anticoncepcion, prevencion de its y de cancer de cuello uterino",numero de ciclos entregados,2015-10-01,0,0,29,2,1,32
VILLA SERRANO,"anticoncepcion, prevencion de its y de cancer de cuello uterino",numero de ciclos entregados,2015-10-01,0,0,15,3,3,21
VILLA TUNARI,"anticoncepcion, prevencion de its y de cancer de cuello uterino",numero de ciclos entregados,2015-10-01,6,28,143,36,0,213
VILLA VACA GUZMAN (MUYUPAMPA),"anticoncepcion, prevencion de its y de cancer de cuello uterino",numero de ciclos entregados,2015-10-01,0,7,13,18,0,38
VILLAZON,"anticoncepcion, prevencion de its y de cancer de cuello uterino",numero de ciclos entregados,2015-10-01,0,12,65,36,0,113
VINTO,"anticoncepcion, prevencion de its y de cancer de cuello uterino",numero de ciclos entregados,2015-10-01,0,9,24,0,0,33
VITICHI,"anticoncepcion, prevencion de its y de cancer de cuello uterino",numero de ciclos entregados,2015-10-01,0,0,13,6,0,19
WALDO BALLIVIAN,"anticoncepcion, prevencion de its y de cancer de cuello uterino",numero de ciclos entregados,2015-10-01,0,0,0,3,0,3
WARNES,"anticoncepcion, prevencion de its y de cancer de cuello uterino",numero de ciclos entregados,2015-10-01,3,28,226,88,0,345
YACUIBA,"anticoncepcion, prevencion de its y de cancer de cuello uterino",numero de ciclos entregados,2015-10-01,0,34,275,129,0,438
YAMPARAEZ,"anticoncepcion, prevencion de its y de cancer de cuello uterino",numero de ciclos entregados,2015-10-01,0,0,3,0,0,3
YAPACANI,"anticoncepcion, prevencion de its y de cancer de cuello uterino",numero de ciclos entregados,2015-10-01,0,16,81,31,0,128
YOCALLA,"anticoncepcion, prevencion de its y de cancer de cuello uterino",numero de ciclos entregados,2015-10-01,0,0,96,0,0,96
YOTALA,"anticoncepcion, prevencion de its y de cancer de cuello uterino",numero de ciclos entregados,2015-10-01,0,15,0,0,0,15
YUNCHARA,"anticoncepcion, prevencion de its y de cancer de cuello uterino",numero de ciclos entregados,2015-10-01,0,4,16,19,0,39
ZUDAÑEZ,"anticoncepcion, prevencion de its y de cancer de cuello uterino",numero de ciclos entregados,2015-10-01,3,9,9,0,0,21
ACHACACHI,"anticoncepcion, prevencion de its y de cancer de cuello uterino",numero de ciclos entregados,2015-11-01,0,3,6,6,0,15
ACHOCALLA,"anticoncepcion, prevencion de its y de cancer de cuello uterino",numero de ciclos entregados,2015-11-01,0,0,30,6,0,36
AIQUILE,"anticoncepcion, prevencion de its y de cancer de cuello uterino",numero de ciclos entregados,2015-11-01,0,6,33,3,0,42
ALCALA,"anticoncepcion, prevencion de its y de cancer de cuello uterino",numero de ciclos entregados,2015-11-01,0,0,15,3,0,18
ALTO BENI,"anticoncepcion, prevencion de its y de cancer de cuello uterino",numero de ciclos entregados,2015-11-01,0,3,42,12,0,57
ANCORAIMES,"anticoncepcion, prevencion de its y de cancer de cuello uterino",numero de ciclos entregados,2015-11-01,0,0,7,3,0,10
APOLO,"anticoncepcion, prevencion de its y de cancer de cuello uterino",numero de ciclos entregados,2015-11-01,0,3,30,9,0,42
ARAMPAMPA,"anticoncepcion, prevencion de its y de cancer de cuello uterino",numero de ciclos entregados,2015-11-01,0,3,9,3,0,15
ARANI,"anticoncepcion, prevencion de its y de cancer de cuello uterino",numero de ciclos entregados,2015-11-01,0,0,6,2,0,8
ARBIETO,"anticoncepcion, prevencion de its y de cancer de cuello uterino",numero de ciclos entregados,2015-11-01,0,3,14,7,0,24
ARQUE,"anticoncepcion, prevencion de its y de cancer de cuello uterino",numero de ciclos entregados,2015-11-01,0,0,6,1,0,7
ASCENCION DE GUARAYOS,"anticoncepcion, prevencion de its y de cancer de cuello uterino",numero de ciclos entregados,2015-11-01,0,6,42,15,0,63
ATOCHA,"anticoncepcion, prevencion de its y de cancer de cuello uterino",numero de ciclos entregados,2015-11-01,0,3,4,18,0,25
AUCAPATA,"anticoncepcion, prevencion de its y de cancer de cuello uterino",numero de ciclos entregados,2015-11-01,0,0,6,6,0,12
AYATA,"anticoncepcion, prevencion de its y de cancer de cuello uterino",numero de ciclos entregados,2015-11-01,0,0,18,9,0,27
AYO AYO,"anticoncepcion, prevencion de its y de cancer de cuello uterino",numero de ciclos entregados,2015-11-01,3,3,3,0,0,9
AYOPAYA (V. DE INDEPENDENCIA),"anticoncepcion, prevencion de its y de cancer de cuello uterino",numero de ciclos entregados,2015-11-01,0,12,45,24,0,81
AZURDUY,"anticoncepcion, prevencion de its y de cancer de cuello uterino",numero de ciclos entregados,2015-11-01,0,0,3,3,0,6
BATALLAS,"anticoncepcion, prevencion de its y de cancer de cuello uterino",numero de ciclos entregados,2015-11-01,0,0,15,6,0,21
BAURES,"anticoncepcion, prevencion de its y de cancer de cuello uterino",numero de ciclos entregados,2015-11-01,0,3,18,0,0,21
BELEN DE URMIRI,"anticoncepcion, prevencion de its y de cancer de cuello uterino",numero de ciclos entregados,2015-11-01,0,0,3,0,0,3
BERMEJO,"anticoncepcion, prevencion de its y de cancer de cuello uterino",numero de ciclos entregados,2015-11-01,0,3,48,16,3,70
BETANZOS,"anticoncepcion, prevencion de its y de cancer de cuello uterino",numero de ciclos entregados,2015-11-01,0,3,3,3,0,9
BOLIVAR,"anticoncepcion, prevencion de its y de cancer de cuello uterino",numero de ciclos entregados,2015-11-01,0,0,3,0,0,3
BOLPEBRA,"anticoncepcion, prevencion de its y de cancer de cuello uterino",numero de ciclos entregados,2015-11-01,0,11,13,6,0,30
BOYUIBE,"anticoncepcion, prevencion de its y de cancer de cuello uterino",numero de ciclos entregados,2015-11-01,0,0,13,0,0,13
BUENA VISTA,"anticoncepcion, prevencion de its y de cancer de cuello uterino",numero de ciclos entregados,2015-11-01,0,18,39,36,0,93
CABEZAS,"anticoncepcion, prevencion de its y de cancer de cuello uterino",numero de ciclos entregados,2015-11-01,0,18,147,3,3,171
CAIROMA,"anticoncepcion, prevencion de its y de cancer de cuello uterino",numero de ciclos entregados,2015-11-01,0,0,9,3,0,12
"CAIZA ""D""","anticoncepcion, prevencion de its y de cancer de cuello uterino",numero de ciclos entregados,2015-11-01,0,0,15,0,0,15
CAJUATA,"anticoncepcion, prevencion de its y de cancer de cuello uterino",numero de ciclos entregados,2015-11-01,0,3,27,3,0,33
CALAMARCA,"anticoncepcion, prevencion de its y de cancer de cuello uterino",numero de ciclos entregados,2015-11-01,0,0,6,6,0,12
CAMARGO,"anticoncepcion, prevencion de its y de cancer de cuello uterino",numero de ciclos entregados,2015-11-01,0,0,9,3,0,12
CAMATAQUI (C. VILLA ABECIA),"anticoncepcion, prevencion de its y de cancer de cuello uterino",numero de ciclos entregados,2015-11-01,0,0,6,3,0,9
CAMIRI,"anticoncepcion, prevencion de its y de cancer de cuello uterino",numero de ciclos entregados,2015-11-01,0,0,63,6,0,69
CAPINOTA,"anticoncepcion, prevencion de its y de cancer de cuello uterino",numero de ciclos entregados,2015-11-01,0,0,12,0,0,12
CAQUIAVIRI,"anticoncepcion, prevencion de its y de cancer de cuello uterino",numero de ciclos entregados,2015-11-01,0,3,6,0,0,9
CARACOLLO,"anticoncepcion, prevencion de its y de cancer de cuello uterino",numero de ciclos entregados,2015-11-01,0,0,9,7,0,16
CARANAVI,"anticoncepcion, prevencion de its y de cancer de cuello uterino",numero de ciclos entregados,2015-11-01,0,15,24,9,0,48
CARAPARI,"anticoncepcion, prevencion de its y de cancer de cuello uterino",numero de ciclos entregados,2015-11-01,0,6,46,12,0,64
CARIPUYO,"anticoncepcion, prevencion de its y de cancer de cuello uterino",numero de ciclos entregados,2015-11-01,0,0,3,3,0,6
CARMEN RIVERO TORREZ,"anticoncepcion, prevencion de its y de cancer de cuello uterino",numero de ciclos entregados,2015-11-01,0,0,6,0,0,6
CHALLAPATA,"anticoncepcion, prevencion de its y de cancer de cuello uterino",numero de ciclos entregados,2015-11-01,0,3,14,3,0,20
CHARAGUA,"anticoncepcion, prevencion de its y de cancer de cuello uterino",numero de ciclos entregados,2015-11-01,0,9,63,39,0,111
CHARAÑA,"anticoncepcion, prevencion de its y de cancer de cuello uterino",numero de ciclos entregados,2015-11-01,0,3,0,0,0,3
CHAYANTA,"anticoncepcion, prevencion de its y de cancer de cuello uterino",numero de ciclos entregados,2015-11-01,0,1,0,0,0,1
CHIMORE,"anticoncepcion, prevencion de its y de cancer de cuello uterino",numero de ciclos entregados,2015-11-01,0,5,41,12,0,58
CHIPAYA,"anticoncepcion, prevencion de its y de cancer de cuello uterino",numero de ciclos entregados,2015-11-01,0,0,3,0,0,3
CHUA COCANI,"anticoncepcion, prevencion de its y de cancer de cuello uterino",numero de ciclos entregados,2015-11-01,0,1,17,4,0,22
CHULUMANI (V. DE LA LIBERTAD),"anticoncepcion, prevencion de its y de cancer de cuello uterino",numero de ciclos entregados,2015-11-01,0,0,9,0,0,9
CHUMA,"anticoncepcion, prevencion de its y de cancer de cuello uterino",numero de ciclos entregados,2015-11-01,0,3,0,6,0,9
CHUQUIHUTA AYLLU JUCUMANI,"anticoncepcion, prevencion de its y de cancer de cuello uterino",numero de ciclos entregados,2015-11-01,0,0,3,3,0,6
CLIZA,"anticoncepcion, prevencion de its y de cancer de cuello uterino",numero de ciclos entregados,2015-11-01,0,3,18,6,0,27
COBIJA,"anticoncepcion, prevencion de its y de cancer de cuello uterino",numero de ciclos entregados,2015-11-01,1,12,77,21,0,111
COCAPATA,"anticoncepcion, prevencion de its y de cancer de cuello uterino",numero de ciclos entregados,2015-11-01,0,6,15,9,0,30
COCHABAMBA,"anticoncepcion, prevencion de its y de cancer de cuello uterino",numero de ciclos entregados,2015-11-01,0,54,357,148,0,559
COLCAPIRHUA,"anticoncepcion, prevencion de its y de cancer de cuello uterino",numero de ciclos entregados,2015-11-01,0,0,21,15,0,36
"COLCHA ""K""","anticoncepcion, prevencion de its y de cancer de cuello uterino",numero de ciclos entregados,2015-11-01,0,3,12,0,0,15
COLLANA,"anticoncepcion, prevencion de its y de cancer de cuello uterino",numero de ciclos entregados,2015-11-01,0,0,0,3,0,3
COLOMI,"anticoncepcion, prevencion de its y de cancer de cuello uterino",numero de ciclos entregados,2015-11-01,0,5,13,12,0,30
COLPA BELGICA,"anticoncepcion, prevencion de its y de cancer de cuello uterino",numero de ciclos entregados,2015-11-01,0,3,39,21,0,63
COLQUECHACA,"anticoncepcion, prevencion de its y de cancer de cuello uterino",numero de ciclos entregados,2015-11-01,0,3,24,9,0,36
COLQUENCHA,"anticoncepcion, prevencion de its y de cancer de cuello uterino",numero de ciclos entregados,2015-11-01,0,0,9,12,3,24
COLQUIRI,"anticoncepcion, prevencion de its y de cancer de cuello uterino",numero de ciclos entregados,2015-11-01,0,0,12,0,0,12
COMARAPA,"anticoncepcion, prevencion de its y de cancer de cuello uterino",numero de ciclos entregados,2015-11-01,0,3,15,6,0,24
COMBAYA,"anticoncepcion, prevencion de its y de cancer de cuello uterino",numero de ciclos entregados,2015-11-01,0,0,0,3,0,3
CONCEPCION,"anticoncepcion, prevencion de its y de cancer de cuello uterino",numero de ciclos entregados,2015-11-01,3,6,36,18,0,63
COPACABANA,"anticoncepcion, prevencion de its y de cancer de cuello uterino",numero de ciclos entregados,2015-11-01,0,0,3,0,0,3
CORIPATA,"anticoncepcion, prevencion de its y de cancer de cuello uterino",numero de ciclos entregados,2015-11-01,0,0,3,0,0,3
COROICO,"anticoncepcion, prevencion de its y de cancer de cuello uterino",numero de ciclos entregados,2015-11-01,0,0,6,36,0,42
CORQUE,"anticoncepcion, prevencion de its y de cancer de cuello uterino",numero de ciclos entregados,2015-11-01,0,3,9,6,0,18
COTAGAITA,"anticoncepcion, prevencion de its y de cancer de cuello uterino",numero de ciclos entregados,2015-11-01,0,1,49,10,0,60
COTOCA,"anticoncepcion, prevencion de its y de cancer de cuello uterino",numero de ciclos entregados,2015-11-01,3,19,122,28,0,172
CUATRO CAÑADAS,"anticoncepcion, prevencion de its y de cancer de cuello uterino",numero de ciclos entregados,2015-11-01,9,39,36,15,0,99
CUEVO,"anticoncepcion, prevencion de its y de cancer de cuello uterino",numero de ciclos entregados,2015-11-01,0,0,18,3,0,21
CULPINA,"anticoncepcion, prevencion de its y de cancer de cuello uterino",numero de ciclos entregados,2015-11-01,0,6,10,12,0,28
CURVA,"anticoncepcion, prevencion de its y de cancer de cuello uterino",numero de ciclos entregados,2015-11-01,0,0,9,0,0,9
DESAGUADERO,"anticoncepcion, prevencion de its y de cancer de cuello uterino",numero de ciclos entregados,2015-11-01,0,3,15,3,0,21
EL ALTO,"anticoncepcion, prevencion de its y de cancer de cuello uterino",numero de ciclos entregados,2015-11-01,0,97,603,224,0,924
EL PUENTE(STC),"anticoncepcion, prevencion de its y de cancer de cuello uterino",numero de ciclos entregados,2015-11-01,3,24,39,6,0,72
EL PUENTE(TJA),"anticoncepcion, prevencion de its y de cancer de cuello uterino",numero de ciclos entregados,2015-11-01,0,6,26,9,3,44
EL TORNO,"anticoncepcion, prevencion de its y de cancer de cuello uterino",numero de ciclos entregados,2015-11-01,9,42,132,21,0,204
EL VILLAR,"anticoncepcion, prevencion de its y de cancer de cuello uterino",numero de ciclos entregados,2015-11-01,0,0,40,9,0,49
ENTRE RIOS TRJ,"anticoncepcion, prevencion de its y de cancer de cuello uterino",numero de ciclos entregados,2015-11-01,3,10,38,14,0,65
ENTRE RIOS CBBA,"anticoncepcion, prevencion de its y de cancer de cuello uterino",numero de ciclos entregados,2015-11-01,0,7,46,10,0,63
ESCOMA,"anticoncepcion, prevencion de its y de cancer de cuello uterino",numero de ciclos entregados,2015-11-01,0,0,3,6,0,9
EUREKA (SANTOS MERCADO),"anticoncepcion, prevencion de its y de cancer de cuello uterino",numero de ciclos entregados,2015-11-01,0,3,9,0,0,12
EXALTACION,"anticoncepcion, prevencion de its y de cancer de cuello uterino",numero de ciclos entregados,2015-11-01,0,0,6,0,0,6
FERNANDEZ ALONSO,"anticoncepcion, prevencion de its y de cancer de cuello uterino",numero de ciclos entregados,2015-11-01,0,6,16,6,3,31
FILADELFIA,"anticoncepcion, prevencion de its y de cancer de cuello uterino",numero de ciclos entregados,2015-11-01,0,3,30,6,0,39
GENERAL SAAVEDRA,"anticoncepcion, prevencion de its y de cancer de cuello uterino",numero de ciclos entregados,2015-11-01,0,6,72,22,0,100
GRAL. J.J. PEREZ (CHARAZANI),"anticoncepcion, prevencion de its y de cancer de cuello uterino",numero de ciclos entregados,2015-11-01,0,0,9,0,0,9
GUANAY,"anticoncepcion, prevencion de its y de cancer de cuello uterino",numero de ciclos entregados,2015-11-01,0,0,9,0,0,9
GUAQUI,"anticoncepcion, prevencion de its y de cancer de cuello uterino",numero de ciclos entregados,2015-11-01,0,3,15,3,0,21
GUAYARAMERIN,"anticoncepcion, prevencion de its y de cancer de cuello uterino",numero de ciclos entregados,2015-11-01,3,0,81,0,0,84
GUTIERREZ,"anticoncepcion, prevencion de its y de cancer de cuello uterino",numero de ciclos entregados,2015-11-01,0,0,15,10,0,25
HUACARETA,"anticoncepcion, prevencion de its y de cancer de cuello uterino",numero de ciclos entregados,2015-11-01,0,1,14,10,0,25
HUACAYA (VILLA DE HUACAYA),"anticoncepcion, prevencion de its y de cancer de cuello uterino",numero de ciclos entregados,2015-11-01,0,0,3,0,0,3
HUACHACALLA,"anticoncepcion, prevencion de its y de cancer de cuello uterino",numero de ciclos entregados,2015-11-01,0,0,6,0,0,6
HUANUNI,"anticoncepcion, prevencion de its y de cancer de cuello uterino",numero de ciclos entregados,2015-11-01,0,0,10,0,0,10
HUARACAJE,"anticoncepcion, prevencion de its y de cancer de cuello uterino",numero de ciclos entregados,2015-11-01,0,2,13,5,0,20
HUAYLLAMARCA,"anticoncepcion, prevencion de its y de cancer de cuello uterino",numero de ciclos entregados,2015-11-01,0,0,4,4,0,8
HUMANATA,"anticoncepcion, prevencion de its y de cancer de cuello uterino",numero de ciclos entregados,2015-11-01,0,0,0,3,0,3
ICLA,"anticoncepcion, prevencion de its y de cancer de cuello uterino",numero de ciclos entregados,2015-11-01,0,3,3,9,0,15
INCAHUASI,"anticoncepcion, prevencion de its y de cancer de cuello uterino",numero de ciclos entregados,2015-11-01,0,0,22,10,3,35
INGAVI (HUMAITA),"anticoncepcion, prevencion de its y de cancer de cuello uterino",numero de ciclos entregados,2015-11-01,0,0,6,0,0,6
INQUISIVI,"anticoncepcion, prevencion de its y de cancer de cuello uterino",numero de ciclos entregados,2015-11-01,0,0,0,3,0,3
IRUPANA (VILLA DE LANZA),"anticoncepcion, prevencion de its y de cancer de cuello uterino",numero de ciclos entregados,2015-11-01,0,3,31,24,0,58
IXIAMAS,"anticoncepcion, prevencion de its y de cancer de cuello uterino",numero de ciclos entregados,2015-11-01,0,3,27,9,0,39
JESUS DE MACHACA,"anticoncepcion, prevencion de its y de cancer de cuello uterino",numero de ciclos entregados,2015-11-01,0,0,3,6,0,9
LA ASUNTA,"anticoncepcion, prevencion de its y de cancer de cuello uterino",numero de ciclos entregados,2015-11-01,0,9,69,39,0,117
LA GUARDIA,"anticoncepcion, prevencion de its y de cancer de cuello uterino",numero de ciclos entregados,2015-11-01,6,9,48,14,0,77
LA PAZ,"anticoncepcion, prevencion de its y de cancer de cuello uterino",numero de ciclos entregados,2015-11-01,0,42,465,95,0,602
LAGUNILLAS,"anticoncepcion, prevencion de its y de cancer de cuello uterino",numero de ciclos entregados,2015-11-01,0,5,27,3,0,35
LAJA,"anticoncepcion, prevencion de its y de cancer de cuello uterino",numero de ciclos entregados,2015-11-01,0,0,18,6,0,24
LICOMA PAMPA,"anticoncepcion, prevencion de its y de cancer de cuello uterino",numero de ciclos entregados,2015-11-01,0,3,3,3,0,9
LLALLAGUA,"anticoncepcion, prevencion de its y de cancer de cuello uterino",numero de ciclos entregados,2015-11-01,0,0,36,15,0,51
LLICA,"anticoncepcion, prevencion de its y de cancer de cuello uterino",numero de ciclos entregados,2015-11-01,0,9,21,6,0,36
LORETO,"anticoncepcion, prevencion de its y de cancer de cuello uterino",numero de ciclos entregados,2015-11-01,0,4,26,5,0,35
LURIBAY,"anticoncepcion, prevencion de its y de cancer de cuello uterino",numero de ciclos entregados,2015-11-01,0,0,6,3,3,12
MACHARETI,"anticoncepcion, prevencion de its y de cancer de cuello uterino",numero de ciclos entregados,2015-11-01,3,0,35,8,0,46
MAGDALENA,"anticoncepcion, prevencion de its y de cancer de cuello uterino",numero de ciclos entregados,2015-11-01,0,10,93,44,3,150
MAIRANA,"anticoncepcion, prevencion de its y de cancer de cuello uterino",numero de ciclos entregados,2015-11-01,0,0,27,12,0,39
MAPIRI,"anticoncepcion, prevencion de its y de cancer de cuello uterino",numero de ciclos entregados,2015-11-01,0,0,9,0,0,9
MECAPACA,"anticoncepcion, prevencion de its y de cancer de cuello uterino",numero de ciclos entregados,2015-11-01,0,0,3,6,0,9
MINEROS,"anticoncepcion, prevencion de its y de cancer de cuello uterino",numero de ciclos entregados,2015-11-01,0,7,58,19,0,84
MIZQUE,"anticoncepcion, prevencion de its y de cancer de cuello uterino",numero de ciclos entregados,2015-11-01,0,5,16,9,0,30
MOCOMOCO,"anticoncepcion, prevencion de its y de cancer de cuello uterino",numero de ciclos entregados,2015-11-01,0,0,3,0,0,3
MOJOCOYA,"anticoncepcion, prevencion de its y de cancer de cuello uterino",numero de ciclos entregados,2015-11-01,0,0,6,9,0,15
MONTEAGUDO,"anticoncepcion, prevencion de its y de cancer de cuello uterino",numero de ciclos entregados,2015-11-01,0,9,45,27,0,81
MONTERO,"anticoncepcion, prevencion de its y de cancer de cuello uterino",numero de ciclos entregados,2015-11-01,7,48,196,82,3,336
MORO MORO,"anticoncepcion, prevencion de its y de cancer de cuello uterino",numero de ciclos entregados,2015-11-01,0,0,4,3,0,7
MOROCHATA,"anticoncepcion, prevencion de its y de cancer de cuello uterino",numero de ciclos entregados,2015-11-01,0,3,6,9,0,18
NACEBE (SANTA ROSA DEL ABUNA),"anticoncepcion, prevencion de its y de cancer de cuello uterino",numero de ciclos entregados,2015-11-01,0,0,24,6,0,30
OCURI,"anticoncepcion, prevencion de its y de cancer de cuello uterino",numero de ciclos entregados,2015-11-01,0,12,21,9,0,42
OKINAWA,"anticoncepcion, prevencion de its y de cancer de cuello uterino",numero de ciclos entregados,2015-11-01,0,3,45,6,0,54
OMEREQUE,"anticoncepcion, prevencion de its y de cancer de cuello uterino",numero de ciclos entregados,2015-11-01,0,0,9,0,0,9
ORURO,"anticoncepcion, prevencion de its y de cancer de cuello uterino",numero de ciclos entregados,2015-11-01,0,13,225,52,0,290
PADCAYA,"anticoncepcion, prevencion de its y de cancer de cuello uterino",numero de ciclos entregados,2015-11-01,0,9,54,12,0,75
PADILLA,"anticoncepcion, prevencion de its y de cancer de cuello uterino",numero de ciclos entregados,2015-11-01,0,6,36,21,0,63
PAILON,"anticoncepcion, prevencion de its y de cancer de cuello uterino",numero de ciclos entregados,2015-11-01,0,3,15,15,0,33
PALCA,"anticoncepcion, prevencion de its y de cancer de cuello uterino",numero de ciclos entregados,2015-11-01,0,1,3,0,0,4
PALOS BLANCOS,"anticoncepcion, prevencion de its y de cancer de cuello uterino",numero de ciclos entregados,2015-11-01,0,12,54,15,0,81
PAMPA AULLAGAS,"anticoncepcion, prevencion de its y de cancer de cuello uterino",numero de ciclos entregados,2015-11-01,0,0,0,3,0,3
PAMPA GRANDE,"anticoncepcion, prevencion de its y de cancer de cuello uterino",numero de ciclos entregados,2015-11-01,0,0,29,4,1,34
PAPEL PAMPA,"anticoncepcion, prevencion de its y de cancer de cuello uterino",numero de ciclos entregados,2015-11-01,0,3,21,0,0,24
PASORAPA,"anticoncepcion, prevencion de its y de cancer de cuello uterino",numero de ciclos entregados,2015-11-01,0,0,1,6,0,7
PATACAMAYA,"anticoncepcion, prevencion de its y de cancer de cuello uterino",numero de ciclos entregados,2015-11-01,0,0,3,0,0,3
PELECHUCO,"anticoncepcion, prevencion de its y de cancer de cuello uterino",numero de ciclos entregados,2015-11-01,0,9,18,24,0,51
POCOATA,"anticoncepcion, prevencion de its y de cancer de cuello uterino",numero de ciclos entregados,2015-11-01,0,3,9,6,0,18
POCONA,"anticoncepcion, prevencion de its y de cancer de cuello uterino",numero de ciclos entregados,2015-11-01,0,10,28,10,0,48
POJO (CBBA),"anticoncepcion, prevencion de its y de cancer de cuello uterino",numero de ciclos entregados,2015-11-01,0,0,6,0,0,6
POOPO,"anticoncepcion, prevencion de its y de cancer de cuello uterino",numero de ciclos entregados,2015-11-01,0,0,6,0,0,6
PORCO,"anticoncepcion, prevencion de its y de cancer de cuello uterino",numero de ciclos entregados,2015-11-01,0,0,3,0,0,3
POROMA,"anticoncepcion, prevencion de its y de cancer de cuello uterino",numero de ciclos entregados,2015-11-01,3,3,13,12,0,31
PORONGO,"anticoncepcion, prevencion de its y de cancer de cuello uterino",numero de ciclos entregados,2015-11-01,0,0,51,3,0,54
PORTACHUELO,"anticoncepcion, prevencion de its y de cancer de cuello uterino",numero de ciclos entregados,2015-11-01,0,0,30,9,0,39
PORVENIR,"anticoncepcion, prevencion de its y de cancer de cuello uterino",numero de ciclos entregados,2015-11-01,0,0,54,15,0,69
POSTRER VALLE,"anticoncepcion, prevencion de its y de cancer de cuello uterino",numero de ciclos entregados,2015-11-01,0,0,3,3,0,6
POTOSI,"anticoncepcion, prevencion de its y de cancer de cuello uterino",numero de ciclos entregados,2015-11-01,0,12,267,94,0,373
PRESTO,"anticoncepcion, prevencion de its y de cancer de cuello uterino",numero de ciclos entregados,2015-11-01,0,0,6,3,0,9
PUCARA,"anticoncepcion, prevencion de its y de cancer de cuello uterino",numero de ciclos entregados,2015-11-01,0,3,3,0,0,6
PUCARANI,"anticoncepcion, prevencion de its y de cancer de cuello uterino",numero de ciclos entregados,2015-11-01,0,3,15,6,0,24
PUERTO ACOSTA,"anticoncepcion, prevencion de its y de cancer de cuello uterino",numero de ciclos entregados,2015-11-01,0,0,2,1,0,3
PUERTO CARABUCO,"anticoncepcion, prevencion de its y de cancer de cuello uterino",numero de ciclos entregados,2015-11-01,0,0,0,3,0,3
PUERTO GONZALO MORENO,"anticoncepcion, prevencion de its y de cancer de cuello uterino",numero de ciclos entregados,2015-11-01,0,1,15,4,1,21
PUERTO PEREZ,"anticoncepcion, prevencion de its y de cancer de cuello uterino",numero de ciclos entregados,2015-11-01,0,0,6,3,0,9
PUERTO QUIJARRO,"anticoncepcion, prevencion de its y de cancer de cuello uterino",numero de ciclos entregados,2015-11-01,0,0,0,3,0,3
PUERTO RICO,"anticoncepcion, prevencion de its y de cancer de cuello uterino",numero de ciclos entregados,2015-11-01,0,6,24,9,0,39
PUERTO SILES,"anticoncepcion, prevencion de its y de cancer de cuello uterino",numero de ciclos entregados,2015-11-01,0,0,6,0,0,6
PUERTO SUAREZ,"anticoncepcion, prevencion de its y de cancer de cuello uterino",numero de ciclos entregados,2015-11-01,0,3,9,6,0,18
PUERTO VILLARROEL,"anticoncepcion, prevencion de its y de cancer de cuello uterino",numero de ciclos entregados,2015-11-01,0,17,44,31,0,92
PUNA,"anticoncepcion, prevencion de its y de cancer de cuello uterino",numero de ciclos entregados,2015-11-01,0,3,13,10,0,26
PUNATA,"anticoncepcion, prevencion de its y de cancer de cuello uterino",numero de ciclos entregados,2015-11-01,0,0,36,9,3,48
QUIABAYA,"anticoncepcion, prevencion de its y de cancer de cuello uterino",numero de ciclos entregados,2015-11-01,0,0,0,3,0,3
QUILLACOLLO,"anticoncepcion, prevencion de its y de cancer de cuello uterino",numero de ciclos entregados,2015-11-01,0,0,114,9,0,123
QUIME,"anticoncepcion, prevencion de its y de cancer de cuello uterino",numero de ciclos entregados,2015-11-01,0,6,31,6,0,43
QUIRUSILLAS,"anticoncepcion, prevencion de its y de cancer de cuello uterino",numero de ciclos entregados,2015-11-01,0,0,6,0,3,9
RAVELO,"anticoncepcion, prevencion de its y de cancer de cuello uterino",numero de ciclos entregados,2015-11-01,0,0,0,3,0,3
REYES,"anticoncepcion, prevencion de its y de cancer de cuello uterino",numero de ciclos entregados,2015-11-01,0,15,63,18,0,96
RIBERALTA,"anticoncepcion, prevencion de its y de cancer de cuello uterino",numero de ciclos entregados,2015-11-01,0,15,98,24,0,137
ROBORE,"anticoncepcion, prevencion de its y de cancer de cuello uterino",numero de ciclos entregados,2015-11-01,0,9,39,3,0,51
RURRENABAQUE,"anticoncepcion, prevencion de its y de cancer de cuello uterino",numero de ciclos entregados,2015-11-01,0,6,21,13,0,40
SABAYA,"anticoncepcion, prevencion de its y de cancer de cuello uterino",numero de ciclos entregados,2015-11-01,0,0,4,0,0,4
SACABA,"anticoncepcion, prevencion de its y de cancer de cuello uterino",numero de ciclos entregados,2015-11-01,0,23,65,16,0,104
SACACA,"anticoncepcion, prevencion de its y de cancer de cuello uterino",numero de ciclos entregados,2015-11-01,0,6,33,24,0,63
SAIPINA,"anticoncepcion, prevencion de its y de cancer de cuello uterino",numero de ciclos entregados,2015-11-01,0,0,3,6,0,9
SALINAS DE GARCI MENDOZA,"anticoncepcion, prevencion de its y de cancer de cuello uterino",numero de ciclos entregados,2015-11-01,0,3,18,3,0,24
SAMAIPATA,"anticoncepcion, prevencion de its y de cancer de cuello uterino",numero de ciclos entregados,2015-11-01,0,9,15,6,0,30
SAN ANDRES,"anticoncepcion, prevencion de its y de cancer de cuello uterino",numero de ciclos entregados,2015-11-01,3,17,52,16,0,88
SAN ANTONIO DE LOMERIO,"anticoncepcion, prevencion de its y de cancer de cuello uterino",numero de ciclos entregados,2015-11-01,0,3,36,30,0,69
SAN BORJA,"anticoncepcion, prevencion de its y de cancer de cuello uterino",numero de ciclos entregados,2015-11-01,0,33,171,66,0,270
SAN BUENA VENTURA,"anticoncepcion, prevencion de its y de cancer de cuello uterino",numero de ciclos entregados,2015-11-01,3,0,18,0,0,21
SAN CARLOS,"anticoncepcion, prevencion de its y de cancer de cuello uterino",numero de ciclos entregados,2015-11-01,0,18,81,39,0,138
SAN IGNACIO,"anticoncepcion, prevencion de its y de cancer de cuello uterino",numero de ciclos entregados,2015-11-01,0,29,165,52,3,249
SAN IGNACIO DE VELASCO,"anticoncepcion, prevencion de its y de cancer de cuello uterino",numero de ciclos entregados,2015-11-01,3,21,192,60,0,276
SAN JAVIER(BNI),"anticoncepcion, prevencion de its y de cancer de cuello uterino",numero de ciclos entregados,2015-11-01,0,18,33,0,0,51
SAN JAVIER(STC),"anticoncepcion, prevencion de its y de cancer de cuello uterino",numero de ciclos entregados,2015-11-01,0,3,69,21,0,93
SAN JOAQUIN,"anticoncepcion, prevencion de its y de cancer de cuello uterino",numero de ciclos entregados,2015-11-01,0,1,4,0,0,5
SAN JOSE DE CHIQUITOS,"anticoncepcion, prevencion de its y de cancer de cuello uterino",numero de ciclos entregados,2015-11-01,0,15,58,22,3,98
SAN JUAN DE YAPACANI,"anticoncepcion, prevencion de its y de cancer de cuello uterino",numero de ciclos entregados,2015-11-01,0,0,36,9,0,45
SAN JULIAN,"anticoncepcion, prevencion de its y de cancer de cuello uterino",numero de ciclos entregados,2015-11-01,0,6,61,24,0,91
SAN LORENZO(PND),"anticoncepcion, prevencion de its y de cancer de cuello uterino",numero de ciclos entregados,2015-11-01,0,6,18,0,0,24
SAN LORENZO(TJA),"anticoncepcion, prevencion de its y de cancer de cuello uterino",numero de ciclos entregados,2015-11-01,0,6,46,15,0,67
SAN LUCAS,"anticoncepcion, prevencion de its y de cancer de cuello uterino",numero de ciclos entregados,2015-11-01,0,12,12,6,0,30
SAN MATIAS,"anticoncepcion, prevencion de its y de cancer de cuello uterino",numero de ciclos entregados,2015-11-01,0,10,31,17,0,58
SAN MIGUEL DE VELASCO,"anticoncepcion, prevencion de its y de cancer de cuello uterino",numero de ciclos entregados,2015-11-01,3,18,60,42,3,126
SAN PEDRO,"anticoncepcion, prevencion de its y de cancer de cuello uterino",numero de ciclos entregados,2015-11-01,0,3,30,10,0,43
SAN PEDRO DE BUENA VISTA,"anticoncepcion, prevencion de its y de cancer de cuello uterino",numero de ciclos entregados,2015-11-01,0,0,3,0,0,3
SAN PEDRO DE TIQUINA,"anticoncepcion, prevencion de its y de cancer de cuello uterino",numero de ciclos entregados,2015-11-01,0,6,6,0,0,12
SAN PEDRO(PND),"anticoncepcion, prevencion de its y de cancer de cuello uterino",numero de ciclos entregados,2015-11-01,0,0,4,0,0,4
SAN RAFAEL,"anticoncepcion, prevencion de its y de cancer de cuello uterino",numero de ciclos entregados,2015-11-01,0,21,42,27,0,90
SAN RAMON BENI,"anticoncepcion, prevencion de its y de cancer de cuello uterino",numero de ciclos entregados,2015-11-01,0,3,6,1,0,10
SAN RAMON SCZ,"anticoncepcion, prevencion de its y de cancer de cuello uterino",numero de ciclos entregados,2015-11-01,0,6,21,48,3,78
SANTA ANA,"anticoncepcion, prevencion de its y de cancer de cuello uterino",numero de ciclos entregados,2015-11-01,6,45,157,36,3,247
SANTA CRUZ DE LA SIERRA,"anticoncepcion, prevencion de its y de cancer de cuello uterino",numero de ciclos entregados,2015-11-01,12,221,735,127,0,1095
SANTA ROSA,"anticoncepcion, prevencion de its y de cancer de cuello uterino",numero de ciclos entregados,2015-11-01,0,2,2,1,1,6
SANTA ROSA DEL SARA,"anticoncepcion, prevencion de its y de cancer de cuello uterino",numero de ciclos entregados,2015-11-01,0,3,75,33,0,111
SANTIAGO DE HUARI,"anticoncepcion, prevencion de its y de cancer de cuello uterino",numero de ciclos entregados,2015-11-01,0,1,6,0,0,7
SANTIAGO DE HUATA,"anticoncepcion, prevencion de its y de cancer de cuello uterino",numero de ciclos entregados,2015-11-01,0,0,1,0,0,1
SANTIVAÑES,"anticoncepcion, prevencion de its y de cancer de cuello uterino",numero de ciclos entregados,2015-11-01,0,0,12,6,0,18
SANTUARIO DE QUILLACAS,"anticoncepcion, prevencion de its y de cancer de cuello uterino",numero de ciclos entregados,2015-11-01,0,1,14,3,0,18
SAPAHAQUI,"anticoncepcion, prevencion de its y de cancer de cuello uterino",numero de ciclos entregados,2015-11-01,0,0,6,3,0,9
SENA,"anticoncepcion, prevencion de its y de cancer de cuello uterino",numero de ciclos entregados,2015-11-01,0,0,9,0,0,9
SHINAOTA,"anticoncepcion, prevencion de its y de cancer de cuello uterino",numero de ciclos entregados,2015-11-01,0,4,16,8,0,28
SICA SICA (VILLA AROMA),"anticoncepcion, prevencion de its y de cancer de cuello uterino",numero de ciclos entregados,2015-11-01,0,7,18,0,0,25
SICAYA,"anticoncepcion, prevencion de its y de cancer de cuello uterino",numero de ciclos entregados,2015-11-01,0,0,30,0,0,30
SIPE SIPE,"anticoncepcion, prevencion de its y de cancer de cuello uterino",numero de ciclos entregados,2015-11-01,0,3,76,27,0,106
SOPACHUY,"anticoncepcion, prevencion de its y de cancer de cuello uterino",numero de ciclos entregados,2015-11-01,0,6,36,24,0,66
SORACACHI,"anticoncepcion, prevencion de its y de cancer de cuello uterino",numero de ciclos entregados,2015-11-01,0,0,3,3,0,6
SORATA,"anticoncepcion, prevencion de its y de cancer de cuello uterino",numero de ciclos entregados,2015-11-01,0,3,12,12,0,27
SUCRE,"anticoncepcion, prevencion de its y de cancer de cuello uterino",numero de ciclos entregados,2015-11-01,0,58,309,66,0,433
TACACOMA,"anticoncepcion, prevencion de its y de cancer de cuello uterino",numero de ciclos entregados,2015-11-01,0,0,6,0,0,6
TACOPAYA,"anticoncepcion, prevencion de its y de cancer de cuello uterino",numero de ciclos entregados,2015-11-01,0,0,3,0,0,3
TAHUA,"anticoncepcion, prevencion de its y de cancer de cuello uterino",numero de ciclos entregados,2015-11-01,0,0,3,0,0,3
TAPACARI,"anticoncepcion, prevencion de its y de cancer de cuello uterino",numero de ciclos entregados,2015-11-01,0,0,2,5,0,7
TARABUCO,"anticoncepcion, prevencion de its y de cancer de cuello uterino",numero de ciclos entregados,2015-11-01,0,0,3,0,3,6
TARACO,"anticoncepcion, prevencion de its y de cancer de cuello uterino",numero de ciclos entregados,2015-11-01,0,0,6,0,0,6
TARATA,"anticoncepcion, prevencion de its y de cancer de cuello uterino",numero de ciclos entregados,2015-11-01,0,3,3,3,0,9
TARIJA,"anticoncepcion, prevencion de its y de cancer de cuello uterino",numero de ciclos entregados,2015-11-01,3,33,171,52,0,259
TARVITA,"anticoncepcion, prevencion de its y de cancer de cuello uterino",numero de ciclos entregados,2015-11-01,0,3,6,9,0,18
TEOPONTE,"anticoncepcion, prevencion de its y de cancer de cuello uterino",numero de ciclos entregados,2015-11-01,0,3,12,0,0,15
TIAWANACU,"anticoncepcion, prevencion de its y de cancer de cuello uterino",numero de ciclos entregados,2015-11-01,0,0,9,15,0,24
TIPUANI,"anticoncepcion, prevencion de its y de cancer de cuello uterino",numero de ciclos entregados,2015-11-01,0,0,6,0,0,6
TIQUIPAYA,"anticoncepcion, prevencion de its y de cancer de cuello uterino",numero de ciclos entregados,2015-11-01,1,6,49,10,0,66
TIRAQUE (CBBA),"anticoncepcion, prevencion de its y de cancer de cuello uterino",numero de ciclos entregados,2015-11-01,0,9,18,0,0,27
TOCO,"anticoncepcion, prevencion de its y de cancer de cuello uterino",numero de ciclos entregados,2015-11-01,0,0,3,0,0,3
TOLATA,"anticoncepcion, prevencion de its y de cancer de cuello uterino",numero de ciclos entregados,2015-11-01,0,3,6,4,0,13
TOLEDO,"anticoncepcion, prevencion de its y de cancer de cuello uterino",numero de ciclos entregados,2015-11-01,0,3,0,0,0,3
TOMAVE,"anticoncepcion, prevencion de its y de cancer de cuello uterino",numero de ciclos entregados,2015-11-01,0,0,9,0,0,9
TOMINA,"anticoncepcion, prevencion de its y de cancer de cuello uterino",numero de ciclos entregados,2015-11-01,0,3,21,3,0,27
TORO TORO,"anticoncepcion, prevencion de its y de cancer de cuello uterino",numero de ciclos entregados,2015-11-01,0,3,23,5,0,31
TOTORA(CBBA),"anticoncepcion, prevencion de its y de cancer de cuello uterino",numero de ciclos entregados,2015-11-01,0,1,9,3,0,13
TOTORA(ORR),"anticoncepcion, prevencion de its y de cancer de cuello uterino",numero de ciclos entregados,2015-11-01,0,3,4,3,0,10
TRIGAL,"anticoncepcion, prevencion de its y de cancer de cuello uterino",numero de ciclos entregados,2015-11-01,0,0,18,0,0,18
TRINIDAD,"anticoncepcion, prevencion de its y de cancer de cuello uterino",numero de ciclos entregados,2015-11-01,0,9,48,7,0,64
TUPIZA,"anticoncepcion, prevencion de its y de cancer de cuello uterino",numero de ciclos entregados,2015-11-01,0,3,1,1,0,5
TURCO,"anticoncepcion, prevencion de its y de cancer de cuello uterino",numero de ciclos entregados,2015-11-01,0,1,4,1,0,6
UMALA,"anticoncepcion, prevencion de its y de cancer de cuello uterino",numero de ciclos entregados,2015-11-01,0,0,7,1,0,8
UNCIA,"anticoncepcion, prevencion de its y de cancer de cuello uterino",numero de ciclos entregados,2015-11-01,0,0,6,6,0,12
URIONDO (A. CONCEPCION),"anticoncepcion, prevencion de its y de cancer de cuello uterino",numero de ciclos entregados,2015-11-01,0,10,35,6,0,51
URUBICHA,"anticoncepcion, prevencion de its y de cancer de cuello uterino",numero de ciclos entregados,2015-11-01,0,0,12,8,0,20
UYUNI,"anticoncepcion, prevencion de its y de cancer de cuello uterino",numero de ciclos entregados,2015-11-01,0,3,17,6,0,26
VACAS,"anticoncepcion, prevencion de its y de cancer de cuello uterino",numero de ciclos entregados,2015-11-01,0,3,1,1,0,5
VALLEGRANDE,"anticoncepcion, prevencion de its y de cancer de cuello uterino",numero de ciclos entregados,2015-11-01,0,1,37,4,0,42
VIACHA,"anticoncepcion, prevencion de its y de cancer de cuello uterino",numero de ciclos entregados,2015-11-01,0,9,31,9,0,49
VILA VILA,"anticoncepcion, prevencion de its y de cancer de cuello uterino",numero de ciclos entregados,2015-11-01,0,0,6,0,0,6
VILLA CHARCAS,"anticoncepcion, prevencion de its y de cancer de cuello uterino",numero de ciclos entregados,2015-11-01,0,6,15,15,0,36
VILLA MONTES,"anticoncepcion, prevencion de its y de cancer de cuello uterino",numero de ciclos entregados,2015-11-01,0,9,69,15,0,93
VILLA NUEVA (LOMA ALTA),"anticoncepcion, prevencion de its y de cancer de cuello uterino",numero de ciclos entregados,2015-11-01,1,1,6,0,0,8
VILLA RIVERO,"anticoncepcion, prevencion de its y de cancer de cuello uterino",numero de ciclos entregados,2015-11-01,0,0,3,0,0,3
VILLA SERRANO,"anticoncepcion, prevencion de its y de cancer de cuello uterino",numero de ciclos entregados,2015-11-01,0,0,2,0,0,2
VILLA TUNARI,"anticoncepcion, prevencion de its y de cancer de cuello uterino",numero de ciclos entregados,2015-11-01,0,23,143,30,0,196
VILLA VACA GUZMAN (MUYUPAMPA),"anticoncepcion, prevencion de its y de cancer de cuello uterino",numero de ciclos entregados,2015-11-01,0,9,9,6,3,27
VILLAZON,"anticoncepcion, prevencion de its y de cancer de cuello uterino",numero de ciclos entregados,2015-11-01,0,18,45,18,0,81
VINTO,"anticoncepcion, prevencion de its y de cancer de cuello uterino",numero de ciclos entregados,2015-11-01,0,0,12,3,0,15
VITICHI,"anticoncepcion, prevencion de its y de cancer de cuello uterino",numero de ciclos entregados,2015-11-01,0,0,7,3,0,10
WALDO BALLIVIAN,"anticoncepcion, prevencion de its y de cancer de cuello uterino",numero de ciclos entregados,2015-11-01,0,0,3,3,0,6
WARNES,"anticoncepcion, prevencion de its y de cancer de cuello uterino",numero de ciclos entregados,2015-11-01,0,30,205,78,3,316
YACUIBA,"anticoncepcion, prevencion de its y de cancer de cuello uterino",numero de ciclos entregados,2015-11-01,0,5,533,82,3,623
YANACACHI,"anticoncepcion, prevencion de its y de cancer de cuello uterino",numero de ciclos entregados,2015-11-01,0,0,18,3,0,21
YAPACANI,"anticoncepcion, prevencion de its y de cancer de cuello uterino",numero de ciclos entregados,2015-11-01,0,18,91,6,0,115
YOCALLA,"anticoncepcion, prevencion de its y de cancer de cuello uterino",numero de ciclos entregados,2015-11-01,0,0,12,0,0,12
YOTALA,"anticoncepcion, prevencion de its y de cancer de cuello uterino",numero de ciclos entregados,2015-11-01,0,3,0,0,0,3
YUNCHARA,"anticoncepcion, prevencion de its y de cancer de cuello uterino",numero de ciclos entregados,2015-11-01,0,3,11,3,0,17
ZUDAÑEZ,"anticoncepcion, prevencion de its y de cancer de cuello uterino",numero de ciclos entregados,2015-11-01,0,0,0,3,0,3
ACACIO,"anticoncepcion, prevencion de its y de cancer de cuello uterino",numero de ciclos entregados,2015-12-01,0,0,0,3,0,3
ACHACACHI,"anticoncepcion, prevencion de its y de cancer de cuello uterino",numero de ciclos entregados,2015-12-01,0,3,13,3,0,19
ACHOCALLA,"anticoncepcion, prevencion de its y de cancer de cuello uterino",numero de ciclos entregados,2015-12-01,0,15,36,3,0,54
AIQUILE,"anticoncepcion, prevencion de its y de cancer de cuello uterino",numero de ciclos entregados,2015-12-01,0,0,33,12,0,45
ALCALA,"anticoncepcion, prevencion de its y de cancer de cuello uterino",numero de ciclos entregados,2015-12-01,0,0,9,3,0,12
ALTO BENI,"anticoncepcion, prevencion de its y de cancer de cuello uterino",numero de ciclos entregados,2015-12-01,0,3,30,9,0,42
ANCORAIMES,"anticoncepcion, prevencion de its y de cancer de cuello uterino",numero de ciclos entregados,2015-12-01,0,0,4,6,0,10
ANDAMARCA,"anticoncepcion, prevencion de its y de cancer de cuello uterino",numero de ciclos entregados,2015-12-01,0,0,0,1,0,1
ANTEQUERA,"anticoncepcion, prevencion de its y de cancer de cuello uterino",numero de ciclos entregados,2015-12-01,0,0,6,3,0,9
APOLO,"anticoncepcion, prevencion de its y de cancer de cuello uterino",numero de ciclos entregados,2015-12-01,0,0,21,3,0,24
ARAMPAMPA,"anticoncepcion, prevencion de its y de cancer de cuello uterino",numero de ciclos entregados,2015-12-01,0,3,12,3,0,18
ARANI,"anticoncepcion, prevencion de its y de cancer de cuello uterino",numero de ciclos entregados,2015-12-01,0,0,6,3,0,9
ARBIETO,"anticoncepcion, prevencion de its y de cancer de cuello uterino",numero de ciclos entregados,2015-12-01,0,0,18,0,0,18
ARQUE,"anticoncepcion, prevencion de its y de cancer de cuello uterino",numero de ciclos entregados,2015-12-01,0,0,6,1,0,7
ASCENCION DE GUARAYOS,"anticoncepcion, prevencion de its y de cancer de cuello uterino",numero de ciclos entregados,2015-12-01,0,3,57,24,0,84
ATOCHA,"anticoncepcion, prevencion de its y de cancer de cuello uterino",numero de ciclos entregados,2015-12-01,0,0,15,1,0,16
AUCAPATA,"anticoncepcion, prevencion de its y de cancer de cuello uterino",numero de ciclos entregados,2015-12-01,0,3,3,6,0,12
AYATA,"anticoncepcion, prevencion de its y de cancer de cuello uterino",numero de ciclos entregados,2015-12-01,0,0,0,9,3,12
AYO AYO,"anticoncepcion, prevencion de its y de cancer de cuello uterino",numero de ciclos entregados,2015-12-01,0,3,9,3,0,15
AYOPAYA (V. DE INDEPENDENCIA),"anticoncepcion, prevencion de its y de cancer de cuello uterino",numero de ciclos entregados,2015-12-01,0,9,30,24,0,63
AZURDUY,"anticoncepcion, prevencion de its y de cancer de cuello uterino",numero de ciclos entregados,2015-12-01,0,3,15,12,0,30
BATALLAS,"anticoncepcion, prevencion de its y de cancer de cuello uterino",numero de ciclos entregados,2015-12-01,0,3,9,3,0,15
BAURES,"anticoncepcion, prevencion de its y de cancer de cuello uterino",numero de ciclos entregados,2015-12-01,0,1,8,2,0,11
BELLA FLOR,"anticoncepcion, prevencion de its y de cancer de cuello uterino",numero de ciclos entregados,2015-12-01,0,9,9,9,0,27
BERMEJO,"anticoncepcion, prevencion de its y de cancer de cuello uterino",numero de ciclos entregados,2015-12-01,0,12,62,23,6,103
BETANZOS,"anticoncepcion, prevencion de its y de cancer de cuello uterino",numero de ciclos entregados,2015-12-01,0,0,4,9,0,13
BOLIVAR,"anticoncepcion, prevencion de its y de cancer de cuello uterino",numero de ciclos entregados,2015-12-01,0,0,30,0,0,30
BOLPEBRA,"anticoncepcion, prevencion de its y de cancer de cuello uterino",numero de ciclos entregados,2015-12-01,0,3,3,3,0,9
BOYUIBE,"anticoncepcion, prevencion de its y de cancer de cuello uterino",numero de ciclos entregados,2015-12-01,0,0,3,0,0,3
BUENA VISTA,"anticoncepcion, prevencion de its y de cancer de cuello uterino",numero de ciclos entregados,2015-12-01,0,6,49,3,0,58
CABEZAS,"anticoncepcion, prevencion de its y de cancer de cuello uterino",numero de ciclos entregados,2015-12-01,0,9,111,21,0,141
CAIROMA,"anticoncepcion, prevencion de its y de cancer de cuello uterino",numero de ciclos entregados,2015-12-01,0,0,0,3,0,3
"CAIZA ""D""","anticoncepcion, prevencion de its y de cancer de cuello uterino",numero de ciclos entregados,2015-12-01,0,0,6,0,0,6
CAJUATA,"anticoncepcion, prevencion de its y de cancer de cuello uterino",numero de ciclos entregados,2015-12-01,0,0,0,3,0,3
CALACOTO,"anticoncepcion, prevencion de its y de cancer de cuello uterino",numero de ciclos entregados,2015-12-01,0,0,3,0,0,3
CALAMARCA,"anticoncepcion, prevencion de its y de cancer de cuello uterino",numero de ciclos entregados,2015-12-01,0,0,9,15,0,24
CAMATAQUI (C. VILLA ABECIA),"anticoncepcion, prevencion de its y de cancer de cuello uterino",numero de ciclos entregados,2015-12-01,0,0,6,0,0,6
CAMIRI,"anticoncepcion, prevencion de its y de cancer de cuello uterino",numero de ciclos entregados,2015-12-01,0,6,51,0,0,57
CAPINOTA,"anticoncepcion, prevencion de its y de cancer de cuello uterino",numero de ciclos entregados,2015-12-01,0,0,15,3,0,18
CAQUIAVIRI,"anticoncepcion, prevencion de its y de cancer de cuello uterino",numero de ciclos entregados,2015-12-01,0,0,3,0,0,3
CARACOLLO,"anticoncepcion, prevencion de its y de cancer de cuello uterino",numero de ciclos entregados,2015-12-01,0,0,18,3,0,21
CARANAVI,"anticoncepcion, prevencion de its y de cancer de cuello uterino",numero de ciclos entregados,2015-12-01,0,3,36,15,3,57
CARAPARI,"anticoncepcion, prevencion de its y de cancer de cuello uterino",numero de ciclos entregados,2015-12-01,0,0,12,3,0,15
CARIPUYO,"anticoncepcion, prevencion de its y de cancer de cuello uterino",numero de ciclos entregados,2015-12-01,0,0,3,3,0,6
CARMEN RIVERO TORREZ,"anticoncepcion, prevencion de its y de cancer de cuello uterino",numero de ciclos entregados,2015-12-01,0,0,6,0,0,6
CATACORA,"anticoncepcion, prevencion de its y de cancer de cuello uterino",numero de ciclos entregados,2015-12-01,0,0,3,0,0,3
CHALLAPATA,"anticoncepcion, prevencion de its y de cancer de cuello uterino",numero de ciclos entregados,2015-12-01,0,3,12,0,0,15
CHAQUI,"anticoncepcion, prevencion de its y de cancer de cuello uterino",numero de ciclos entregados,2015-12-01,0,0,0,3,0,3
CHARAGUA,"anticoncepcion, prevencion de its y de cancer de cuello uterino",numero de ciclos entregados,2015-12-01,0,12,75,27,0,114
CHARAÑA,"anticoncepcion, prevencion de its y de cancer de cuello uterino",numero de ciclos entregados,2015-12-01,0,0,3,0,0,3
CHAYANTA,"anticoncepcion, prevencion de its y de cancer de cuello uterino",numero de ciclos entregados,2015-12-01,0,0,12,9,0,21
CHIMORE,"anticoncepcion, prevencion de its y de cancer de cuello uterino",numero de ciclos entregados,2015-12-01,3,8,24,15,0,50
CHIPAYA,"anticoncepcion, prevencion de its y de cancer de cuello uterino",numero de ciclos entregados,2015-12-01,0,3,3,0,0,6
CHUA COCANI,"anticoncepcion, prevencion de its y de cancer de cuello uterino",numero de ciclos entregados,2015-12-01,0,0,3,0,0,3
CHULUMANI (V. DE LA LIBERTAD),"anticoncepcion, prevencion de its y de cancer de cuello uterino",numero de ciclos entregados,2015-12-01,0,3,3,0,0,6
CHUMA,"anticoncepcion, prevencion de its y de cancer de cuello uterino",numero de ciclos entregados,2015-12-01,3,0,12,18,0,33
CHUQUIHUTA AYLLU JUCUMANI,"anticoncepcion, prevencion de its y de cancer de cuello uterino",numero de ciclos entregados,2015-12-01,0,0,0,3,0,3
CLIZA,"anticoncepcion, prevencion de its y de cancer de cuello uterino",numero de ciclos entregados,2015-12-01,0,6,51,3,0,60
COBIJA,"anticoncepcion, prevencion de its y de cancer de cuello uterino",numero de ciclos entregados,2015-12-01,0,3,85,17,0,105
COCAPATA,"anticoncepcion, prevencion de its y de cancer de cuello uterino",numero de ciclos entregados,2015-12-01,0,0,30,3,0,33
COCHABAMBA,"anticoncepcion, prevencion de its y de cancer de cuello uterino",numero de ciclos entregados,2015-12-01,0,36,319,65,0,420
COLCAPIRHUA,"anticoncepcion, prevencion de its y de cancer de cuello uterino",numero de ciclos entregados,2015-12-01,0,15,27,0,0,42
"COLCHA ""K""","anticoncepcion, prevencion de its y de cancer de cuello uterino",numero de ciclos entregados,2015-12-01,0,0,18,0,0,18
COLLANA,"anticoncepcion, prevencion de its y de cancer de cuello uterino",numero de ciclos entregados,2015-12-01,0,3,0,0,0,3
COLOMI,"anticoncepcion, prevencion de its y de cancer de cuello uterino",numero de ciclos entregados,2015-12-01,0,1,10,3,0,14
COLPA BELGICA,"anticoncepcion, prevencion de its y de cancer de cuello uterino",numero de ciclos entregados,2015-12-01,0,0,0,3,0,3
COLQUECHACA,"anticoncepcion, prevencion de its y de cancer de cuello uterino",numero de ciclos entregados,2015-12-01,0,3,27,0,0,30
COLQUENCHA,"anticoncepcion, prevencion de its y de cancer de cuello uterino",numero de ciclos entregados,2015-12-01,0,3,6,3,0,12
COLQUIRI,"anticoncepcion, prevencion de its y de cancer de cuello uterino",numero de ciclos entregados,2015-12-01,0,3,6,12,3,24
COMANCHE,"anticoncepcion, prevencion de its y de cancer de cuello uterino",numero de ciclos entregados,2015-12-01,0,0,3,0,0,3
COMARAPA,"anticoncepcion, prevencion de its y de cancer de cuello uterino",numero de ciclos entregados,2015-12-01,3,3,15,6,0,27
CONCEPCION,"anticoncepcion, prevencion de its y de cancer de cuello uterino",numero de ciclos entregados,2015-12-01,0,0,9,3,0,12
COPACABANA,"anticoncepcion, prevencion de its y de cancer de cuello uterino",numero de ciclos entregados,2015-12-01,0,3,3,0,0,6
CORIPATA,"anticoncepcion, prevencion de its y de cancer de cuello uterino",numero de ciclos entregados,2015-12-01,0,9,6,0,0,15
COROICO,"anticoncepcion, prevencion de its y de cancer de cuello uterino",numero de ciclos entregados,2015-12-01,0,3,3,15,0,21
CORQUE,"anticoncepcion, prevencion de its y de cancer de cuello uterino",numero de ciclos entregados,2015-12-01,0,0,1,15,0,16
COTAGAITA,"anticoncepcion, prevencion de its y de cancer de cuello uterino",numero de ciclos entregados,2015-12-01,3,3,9,9,0,24
COTOCA,"anticoncepcion, prevencion de its y de cancer de cuello uterino",numero de ciclos entregados,2015-12-01,0,16,105,15,0,136
CUATRO CAÑADAS,"anticoncepcion, prevencion de its y de cancer de cuello uterino",numero de ciclos entregados,2015-12-01,0,12,51,31,0,94
CUEVO,"anticoncepcion, prevencion de its y de cancer de cuello uterino",numero de ciclos entregados,2015-12-01,0,3,12,6,0,21
CULPINA,"anticoncepcion, prevencion de its y de cancer de cuello uterino",numero de ciclos entregados,2015-12-01,0,3,30,3,0,36
CURAHUARA DE CARANGAS,"anticoncepcion, prevencion de its y de cancer de cuello uterino",numero de ciclos entregados,2015-12-01,0,0,3,1,0,4
DESAGUADERO,"anticoncepcion, prevencion de its y de cancer de cuello uterino",numero de ciclos entregados,2015-12-01,0,0,3,3,0,6
EL ALTO,"anticoncepcion, prevencion de its y de cancer de cuello uterino",numero de ciclos entregados,2015-12-01,0,75,615,211,0,901
EL CHORO,"anticoncepcion, prevencion de its y de cancer de cuello uterino",numero de ciclos entregados,2015-12-01,0,0,3,0,0,3
EL PUENTE(STC),"anticoncepcion, prevencion de its y de cancer de cuello uterino",numero de ciclos entregados,2015-12-01,0,18,39,9,0,66
EL PUENTE(TJA),"anticoncepcion, prevencion de its y de cancer de cuello uterino",numero de ciclos entregados,2015-12-01,0,4,63,40,0,107
EL TORNO,"anticoncepcion, prevencion de its y de cancer de cuello uterino",numero de ciclos entregados,2015-12-01,3,24,180,72,0,279
EL VILLAR,"anticoncepcion, prevencion de its y de cancer de cuello uterino",numero de ciclos entregados,2015-12-01,0,1,3,0,0,4
ENTRE RIOS TRJ,"anticoncepcion, prevencion de its y de cancer de cuello uterino",numero de ciclos entregados,2015-12-01,0,13,55,17,0,85
ENTRE RIOS CBBA,"anticoncepcion, prevencion de its y de cancer de cuello uterino",numero de ciclos entregados,2015-12-01,0,6,31,9,0,46
FERNANDEZ ALONSO,"anticoncepcion, prevencion de its y de cancer de cuello uterino",numero de ciclos entregados,2015-12-01,0,3,10,3,0,16
FILADELFIA,"anticoncepcion, prevencion de its y de cancer de cuello uterino",numero de ciclos entregados,2015-12-01,3,6,21,6,0,36
GENERAL SAAVEDRA,"anticoncepcion, prevencion de its y de cancer de cuello uterino",numero de ciclos entregados,2015-12-01,0,5,56,21,0,82
GRAL. J.J. PEREZ (CHARAZANI),"anticoncepcion, prevencion de its y de cancer de cuello uterino",numero de ciclos entregados,2015-12-01,0,0,6,0,0,6
GUANAY,"anticoncepcion, prevencion de its y de cancer de cuello uterino",numero de ciclos entregados,2015-12-01,0,3,12,0,0,15
GUAQUI,"anticoncepcion, prevencion de its y de cancer de cuello uterino",numero de ciclos entregados,2015-12-01,0,3,6,0,0,9
GUAYARAMERIN,"anticoncepcion, prevencion de its y de cancer de cuello uterino",numero de ciclos entregados,2015-12-01,6,0,39,3,0,48
GUTIERREZ,"anticoncepcion, prevencion de its y de cancer de cuello uterino",numero de ciclos entregados,2015-12-01,0,0,6,9,0,15
HUACARETA,"anticoncepcion, prevencion de its y de cancer de cuello uterino",numero de ciclos entregados,2015-12-01,0,0,15,8,0,23
HUACAYA (VILLA DE HUACAYA),"anticoncepcion, prevencion de its y de cancer de cuello uterino",numero de ciclos entregados,2015-12-01,0,0,4,3,0,7
HUACHACALLA,"anticoncepcion, prevencion de its y de cancer de cuello uterino",numero de ciclos entregados,2015-12-01,0,1,0,0,0,1
HUANUNI,"anticoncepcion, prevencion de its y de cancer de cuello uterino",numero de ciclos entregados,2015-12-01,0,0,6,0,0,6
HUARACAJE,"anticoncepcion, prevencion de its y de cancer de cuello uterino",numero de ciclos entregados,2015-12-01,0,5,54,9,0,68
HUATAJATA,"anticoncepcion, prevencion de its y de cancer de cuello uterino",numero de ciclos entregados,2015-12-01,0,0,0,6,0,6
HUMANATA,"anticoncepcion, prevencion de its y de cancer de cuello uterino",numero de ciclos entregados,2015-12-01,0,0,3,3,0,6
ICLA,"anticoncepcion, prevencion de its y de cancer de cuello uterino",numero de ciclos entregados,2015-12-01,0,0,15,3,0,18
INCAHUASI,"anticoncepcion, prevencion de its y de cancer de cuello uterino",numero de ciclos entregados,2015-12-01,0,9,18,6,0,33
INQUISIVI,"anticoncepcion, prevencion de its y de cancer de cuello uterino",numero de ciclos entregados,2015-12-01,0,0,6,0,0,6
IRUPANA (VILLA DE LANZA),"anticoncepcion, prevencion de its y de cancer de cuello uterino",numero de ciclos entregados,2015-12-01,0,12,21,9,0,42
IXIAMAS,"anticoncepcion, prevencion de its y de cancer de cuello uterino",numero de ciclos entregados,2015-12-01,0,0,21,6,0,27
JESUS DE MACHACA,"anticoncepcion, prevencion de its y de cancer de cuello uterino",numero de ciclos entregados,2015-12-01,0,0,3,0,0,3
LA ASUNTA,"anticoncepcion, prevencion de its y de cancer de cuello uterino",numero de ciclos entregados,2015-12-01,0,9,61,30,0,100
LA GUARDIA,"anticoncepcion, prevencion de its y de cancer de cuello uterino",numero de ciclos entregados,2015-12-01,0,6,57,15,0,78
LA PAZ,"anticoncepcion, prevencion de its y de cancer de cuello uterino",numero de ciclos entregados,2015-12-01,0,37,312,120,3,472
LAGUNILLAS,"anticoncepcion, prevencion de its y de cancer de cuello uterino",numero de ciclos entregados,2015-12-01,0,1,20,14,0,35
LAJA,"anticoncepcion, prevencion de its y de cancer de cuello uterino",numero de ciclos entregados,2015-12-01,0,3,15,12,0,30
LAS CARRERAS,"anticoncepcion, prevencion de its y de cancer de cuello uterino",numero de ciclos entregados,2015-12-01,0,0,0,3,0,3
LICOMA PAMPA,"anticoncepcion, prevencion de its y de cancer de cuello uterino",numero de ciclos entregados,2015-12-01,0,0,0,3,0,3
LLALLAGUA,"anticoncepcion, prevencion de its y de cancer de cuello uterino",numero de ciclos entregados,2015-12-01,0,6,28,14,0,48
LLICA,"anticoncepcion, prevencion de its y de cancer de cuello uterino",numero de ciclos entregados,2015-12-01,0,0,12,0,0,12
LORETO,"anticoncepcion, prevencion de its y de cancer de cuello uterino",numero de ciclos entregados,2015-12-01,0,0,9,9,0,18
LURIBAY,"anticoncepcion, prevencion de its y de cancer de cuello uterino",numero de ciclos entregados,2015-12-01,0,0,6,0,3,9
MACHARETI,"anticoncepcion, prevencion de its y de cancer de cuello uterino",numero de ciclos entregados,2015-12-01,3,0,23,6,0,32
MAGDALENA,"anticoncepcion, prevencion de its y de cancer de cuello uterino",numero de ciclos entregados,2015-12-01,0,12,59,27,0,98
MAIRANA,"anticoncepcion, prevencion de its y de cancer de cuello uterino",numero de ciclos entregados,2015-12-01,0,0,27,6,0,33
MAPIRI,"anticoncepcion, prevencion de its y de cancer de cuello uterino",numero de ciclos entregados,2015-12-01,0,0,21,0,0,21
MECAPACA,"anticoncepcion, prevencion de its y de cancer de cuello uterino",numero de ciclos entregados,2015-12-01,0,0,6,0,0,6
MINEROS,"anticoncepcion, prevencion de its y de cancer de cuello uterino",numero de ciclos entregados,2015-12-01,0,1,24,1,0,26
MIZQUE,"anticoncepcion, prevencion de its y de cancer de cuello uterino",numero de ciclos entregados,2015-12-01,3,0,28,6,0,37
MOCOMOCO,"anticoncepcion, prevencion de its y de cancer de cuello uterino",numero de ciclos entregados,2015-12-01,0,0,6,0,0,6
MOJOCOYA,"anticoncepcion, prevencion de its y de cancer de cuello uterino",numero de ciclos entregados,2015-12-01,0,0,3,0,0,3
MONTEAGUDO,"anticoncepcion, prevencion de its y de cancer de cuello uterino",numero de ciclos entregados,2015-12-01,0,12,54,18,0,84
MONTERO,"anticoncepcion, prevencion de its y de cancer de cuello uterino",numero de ciclos entregados,2015-12-01,0,26,205,59,0,290
MORO MORO,"anticoncepcion, prevencion de its y de cancer de cuello uterino",numero de ciclos entregados,2015-12-01,0,0,15,12,0,27
MOROCHATA,"anticoncepcion, prevencion de its y de cancer de cuello uterino",numero de ciclos entregados,2015-12-01,0,12,6,0,0,18
NACEBE (SANTA ROSA DEL ABUNA),"anticoncepcion, prevencion de its y de cancer de cuello uterino",numero de ciclos entregados,2015-12-01,0,9,9,0,0,18
NUEVO MANOA (NUEVA ESPERANZA),"anticoncepcion, prevencion de its y de cancer de cuello uterino",numero de ciclos entregados,2015-12-01,0,6,3,0,0,9
OCURI,"anticoncepcion, prevencion de its y de cancer de cuello uterino",numero de ciclos entregados,2015-12-01,0,9,12,6,0,27
OKINAWA,"anticoncepcion, prevencion de its y de cancer de cuello uterino",numero de ciclos entregados,2015-12-01,0,3,48,12,0,63
OMEREQUE,"anticoncepcion, prevencion de its y de cancer de cuello uterino",numero de ciclos entregados,2015-12-01,0,3,4,0,0,7
ORURO,"anticoncepcion, prevencion de its y de cancer de cuello uterino",numero de ciclos entregados,2015-12-01,0,132,6112,1423,90,7757
PADCAYA,"anticoncepcion, prevencion de its y de cancer de cuello uterino",numero de ciclos entregados,2015-12-01,3,4,60,28,0,95
PADILLA,"anticoncepcion, prevencion de its y de cancer de cuello uterino",numero de ciclos entregados,2015-12-01,3,9,24,3,0,39
PAILON,"anticoncepcion, prevencion de its y de cancer de cuello uterino",numero de ciclos entregados,2015-12-01,0,9,30,6,0,45
PALCA,"anticoncepcion, prevencion de its y de cancer de cuello uterino",numero de ciclos entregados,2015-12-01,0,12,9,0,0,21
PALOS BLANCOS,"anticoncepcion, prevencion de its y de cancer de cuello uterino",numero de ciclos entregados,2015-12-01,0,0,81,18,0,99
PAMPA AULLAGAS,"anticoncepcion, prevencion de its y de cancer de cuello uterino",numero de ciclos entregados,2015-12-01,0,0,3,0,0,3
PAMPA GRANDE,"anticoncepcion, prevencion de its y de cancer de cuello uterino",numero de ciclos entregados,2015-12-01,0,9,11,10,0,30
PAPEL PAMPA,"anticoncepcion, prevencion de its y de cancer de cuello uterino",numero de ciclos entregados,2015-12-01,0,0,3,6,0,9
PASORAPA,"anticoncepcion, prevencion de its y de cancer de cuello uterino",numero de ciclos entregados,2015-12-01,0,0,9,6,0,15
PATACAMAYA,"anticoncepcion, prevencion de its y de cancer de cuello uterino",numero de ciclos entregados,2015-12-01,0,0,6,0,0,6
PAZÑA,"anticoncepcion, prevencion de its y de cancer de cuello uterino",numero de ciclos entregados,2015-12-01,0,0,6,6,0,12
PELECHUCO,"anticoncepcion, prevencion de its y de cancer de cuello uterino",numero de ciclos entregados,2015-12-01,0,3,27,9,0,39
POCOATA,"anticoncepcion, prevencion de its y de cancer de cuello uterino",numero de ciclos entregados,2015-12-01,0,0,9,3,0,12
POCONA,"anticoncepcion, prevencion de its y de cancer de cuello uterino",numero de ciclos entregados,2015-12-01,0,0,39,3,0,42
POJO (CBBA),"anticoncepcion, prevencion de its y de cancer de cuello uterino",numero de ciclos entregados,2015-12-01,0,3,12,7,0,22
POROMA,"anticoncepcion, prevencion de its y de cancer de cuello uterino",numero de ciclos entregados,2015-12-01,0,0,6,14,0,20
PORONGO,"anticoncepcion, prevencion de its y de cancer de cuello uterino",numero de ciclos entregados,2015-12-01,0,3,12,6,3,24
PORTACHUELO,"anticoncepcion, prevencion de its y de cancer de cuello uterino",numero de ciclos entregados,2015-12-01,6,9,54,6,0,75
PORVENIR,"anticoncepcion, prevencion de its y de cancer de cuello uterino",numero de ciclos entregados,2015-12-01,0,1,36,3,0,40
POSTRER VALLE,"anticoncepcion, prevencion de its y de cancer de cuello uterino",numero de ciclos entregados,2015-12-01,0,0,3,6,0,9
POTOSI,"anticoncepcion, prevencion de its y de cancer de cuello uterino",numero de ciclos entregados,2015-12-01,0,15,290,103,0,408
PRESTO,"anticoncepcion, prevencion de its y de cancer de cuello uterino",numero de ciclos entregados,2015-12-01,0,0,6,3,0,9
PUCARA,"anticoncepcion, prevencion de its y de cancer de cuello uterino",numero de ciclos entregados,2015-12-01,0,0,9,3,0,12
PUCARANI,"anticoncepcion, prevencion de its y de cancer de cuello uterino",numero de ciclos entregados,2015-12-01,0,0,21,0,3,24
PUERTO ACOSTA,"anticoncepcion, prevencion de its y de cancer de cuello uterino",numero de ciclos entregados,2015-12-01,0,0,9,0,0,9
PUERTO CARABUCO,"anticoncepcion, prevencion de its y de cancer de cuello uterino",numero de ciclos entregados,2015-12-01,0,3,0,0,0,3
PUERTO GONZALO MORENO,"anticoncepcion, prevencion de its y de cancer de cuello uterino",numero de ciclos entregados,2015-12-01,0,3,17,7,0,27
PUERTO PEREZ,"anticoncepcion, prevencion de its y de cancer de cuello uterino",numero de ciclos entregados,2015-12-01,0,0,3,0,0,3
PUERTO QUIJARRO,"anticoncepcion, prevencion de its y de cancer de cuello uterino",numero de ciclos entregados,2015-12-01,0,9,21,10,0,40
PUERTO RICO,"anticoncepcion, prevencion de its y de cancer de cuello uterino",numero de ciclos entregados,2015-12-01,0,3,21,12,0,36
PUERTO SILES,"anticoncepcion, prevencion de its y de cancer de cuello uterino",numero de ciclos entregados,2015-12-01,0,1,5,0,0,6
PUERTO SUAREZ,"anticoncepcion, prevencion de its y de cancer de cuello uterino",numero de ciclos entregados,2015-12-01,0,0,9,0,0,9
PUERTO VILLARROEL,"anticoncepcion, prevencion de its y de cancer de cuello uterino",numero de ciclos entregados,2015-12-01,0,13,45,15,0,73
PUNA,"anticoncepcion, prevencion de its y de cancer de cuello uterino",numero de ciclos entregados,2015-12-01,0,3,27,9,0,39
PUNATA,"anticoncepcion, prevencion de its y de cancer de cuello uterino",numero de ciclos entregados,2015-12-01,0,12,33,3,0,48
QUIABAYA,"anticoncepcion, prevencion de its y de cancer de cuello uterino",numero de ciclos entregados,2015-12-01,0,0,6,3,0,9
QUILLACOLLO,"anticoncepcion, prevencion de its y de cancer de cuello uterino",numero de ciclos entregados,2015-12-01,0,15,84,6,0,105
QUIME,"anticoncepcion, prevencion de its y de cancer de cuello uterino",numero de ciclos entregados,2015-12-01,0,3,24,0,0,27
QUIRUSILLAS,"anticoncepcion, prevencion de its y de cancer de cuello uterino",numero de ciclos entregados,2015-12-01,0,6,9,9,3,27
RAVELO,"anticoncepcion, prevencion de its y de cancer de cuello uterino",numero de ciclos entregados,2015-12-01,0,3,9,0,0,12
REYES,"anticoncepcion, prevencion de its y de cancer de cuello uterino",numero de ciclos entregados,2015-12-01,0,12,75,12,0,99
RIBERALTA,"anticoncepcion, prevencion de its y de cancer de cuello uterino",numero de ciclos entregados,2015-12-01,0,25,70,18,0,113
ROBORE,"anticoncepcion, prevencion de its y de cancer de cuello uterino",numero de ciclos entregados,2015-12-01,0,12,54,9,0,75
RURRENABAQUE,"anticoncepcion, prevencion de its y de cancer de cuello uterino",numero de ciclos entregados,2015-12-01,0,0,45,27,0,72
SABAYA,"anticoncepcion, prevencion de its y de cancer de cuello uterino",numero de ciclos entregados,2015-12-01,0,0,2,0,0,2
SACABA,"anticoncepcion, prevencion de its y de cancer de cuello uterino",numero de ciclos entregados,2015-12-01,0,12,77,28,0,117
SACACA,"anticoncepcion, prevencion de its y de cancer de cuello uterino",numero de ciclos entregados,2015-12-01,0,0,9,6,0,15
SAIPINA,"anticoncepcion, prevencion de its y de cancer de cuello uterino",numero de ciclos entregados,2015-12-01,0,0,12,3,0,15
SALINAS DE GARCI MENDOZA,"anticoncepcion, prevencion de its y de cancer de cuello uterino",numero de ciclos entregados,2015-12-01,0,0,15,9,0,24
SAMAIPATA,"anticoncepcion, prevencion de its y de cancer de cuello uterino",numero de ciclos entregados,2015-12-01,0,3,36,6,0,45
SAN AGUSTIN,"anticoncepcion, prevencion de its y de cancer de cuello uterino",numero de ciclos entregados,2015-12-01,0,0,5,2,0,7
SAN ANDRES,"anticoncepcion, prevencion de its y de cancer de cuello uterino",numero de ciclos entregados,2015-12-01,0,2,12,1,0,15
SAN ANTONIO DE LOMERIO,"anticoncepcion, prevencion de its y de cancer de cuello uterino",numero de ciclos entregados,2015-12-01,0,3,60,30,0,93
SAN BORJA,"anticoncepcion, prevencion de its y de cancer de cuello uterino",numero de ciclos entregados,2015-12-01,0,33,156,81,0,270
SAN BUENA VENTURA,"anticoncepcion, prevencion de its y de cancer de cuello uterino",numero de ciclos entregados,2015-12-01,0,0,3,0,0,3
SAN CARLOS,"anticoncepcion, prevencion de its y de cancer de cuello uterino",numero de ciclos entregados,2015-12-01,0,6,69,30,0,105
SAN IGNACIO,"anticoncepcion, prevencion de its y de cancer de cuello uterino",numero de ciclos entregados,2015-12-01,0,27,128,59,2,216
SAN IGNACIO DE VELASCO,"anticoncepcion, prevencion de its y de cancer de cuello uterino",numero de ciclos entregados,2015-12-01,0,21,105,24,0,150
SAN JAVIER(BNI),"anticoncepcion, prevencion de its y de cancer de cuello uterino",numero de ciclos entregados,2015-12-01,0,3,7,6,0,16
SAN JAVIER(STC),"anticoncepcion, prevencion de its y de cancer de cuello uterino",numero de ciclos entregados,2015-12-01,6,18,48,39,0,111
SAN JOSE DE CHIQUITOS,"anticoncepcion, prevencion de its y de cancer de cuello uterino",numero de ciclos entregados,2015-12-01,3,15,36,27,3,84
SAN JUAN DE YAPACANI,"anticoncepcion, prevencion de its y de cancer de cuello uterino",numero de ciclos entregados,2015-12-01,0,6,24,9,0,39
SAN JULIAN,"anticoncepcion, prevencion de its y de cancer de cuello uterino",numero de ciclos entregados,2015-12-01,0,12,46,24,3,85
SAN LORENZO(PND),"anticoncepcion, prevencion de its y de cancer de cuello uterino",numero de ciclos entregados,2015-12-01,0,0,3,0,0,3
SAN LORENZO(TJA),"anticoncepcion, prevencion de its y de cancer de cuello uterino",numero de ciclos entregados,2015-12-01,1,3,56,12,0,72
SAN LUCAS,"anticoncepcion, prevencion de its y de cancer de cuello uterino",numero de ciclos entregados,2015-12-01,0,0,27,18,0,45
SAN MATIAS,"anticoncepcion, prevencion de its y de cancer de cuello uterino",numero de ciclos entregados,2015-12-01,0,1,39,10,0,50
SAN MIGUEL DE VELASCO,"anticoncepcion, prevencion de its y de cancer de cuello uterino",numero de ciclos entregados,2015-12-01,0,9,72,24,0,105
SAN PEDRO,"anticoncepcion, prevencion de its y de cancer de cuello uterino",numero de ciclos entregados,2015-12-01,0,3,33,25,0,61
SAN PEDRO DE BUENA VISTA,"anticoncepcion, prevencion de its y de cancer de cuello uterino",numero de ciclos entregados,2015-12-01,0,0,27,6,0,33
SAN PEDRO DE CURAHUARA,"anticoncepcion, prevencion de its y de cancer de cuello uterino",numero de ciclos entregados,2015-12-01,0,0,3,0,0,3
SAN PEDRO DE QUEMES,"anticoncepcion, prevencion de its y de cancer de cuello uterino",numero de ciclos entregados,2015-12-01,0,0,3,3,0,6
SAN PEDRO DE TIQUINA,"anticoncepcion, prevencion de its y de cancer de cuello uterino",numero de ciclos entregados,2015-12-01,0,3,3,0,0,6
SAN RAFAEL,"anticoncepcion, prevencion de its y de cancer de cuello uterino",numero de ciclos entregados,2015-12-01,0,18,69,21,0,108
SAN RAMON BENI,"anticoncepcion, prevencion de its y de cancer de cuello uterino",numero de ciclos entregados,2015-12-01,0,3,27,9,0,39
SAN RAMON SCZ,"anticoncepcion, prevencion de its y de cancer de cuello uterino",numero de ciclos entregados,2015-12-01,0,3,21,9,0,33
SANTA ANA,"anticoncepcion, prevencion de its y de cancer de cuello uterino",numero de ciclos entregados,2015-12-01,0,36,181,30,6,253
SANTA CRUZ DE LA SIERRA,"anticoncepcion, prevencion de its y de cancer de cuello uterino",numero de ciclos entregados,2015-12-01,0,157,503,149,3,812
SANTA ROSA,"anticoncepcion, prevencion de its y de cancer de cuello uterino",numero de ciclos entregados,2015-12-01,0,0,24,8,1,33
SANTA ROSA DEL SARA,"anticoncepcion, prevencion de its y de cancer de cuello uterino",numero de ciclos entregados,2015-12-01,0,9,78,18,0,105
SANTIAGO DE HUARI,"anticoncepcion, prevencion de its y de cancer de cuello uterino",numero de ciclos entregados,2015-12-01,0,0,2,3,0,5
SANTIAGO DE HUATA,"anticoncepcion, prevencion de its y de cancer de cuello uterino",numero de ciclos entregados,2015-12-01,0,0,0,1,0,1
SANTIVAÑES,"anticoncepcion, prevencion de its y de cancer de cuello uterino",numero de ciclos entregados,2015-12-01,0,0,13,3,0,16
SAPAHAQUI,"anticoncepcion, prevencion de its y de cancer de cuello uterino",numero de ciclos entregados,2015-12-01,0,0,3,6,0,9
SENA,"anticoncepcion, prevencion de its y de cancer de cuello uterino",numero de ciclos entregados,2015-12-01,0,9,9,6,0,24
SHINAOTA,"anticoncepcion, prevencion de its y de cancer de cuello uterino",numero de ciclos entregados,2015-12-01,0,6,10,9,0,25
SICA SICA (VILLA AROMA),"anticoncepcion, prevencion de its y de cancer de cuello uterino",numero de ciclos entregados,2015-12-01,0,3,8,3,0,14
SICAYA,"anticoncepcion, prevencion de its y de cancer de cuello uterino",numero de ciclos entregados,2015-12-01,0,0,6,0,0,6
SIPE SIPE,"anticoncepcion, prevencion de its y de cancer de cuello uterino",numero de ciclos entregados,2015-12-01,0,13,72,9,0,94
SOPACHUY,"anticoncepcion, prevencion de its y de cancer de cuello uterino",numero de ciclos entregados,2015-12-01,0,0,18,12,0,30
SORACACHI,"anticoncepcion, prevencion de its y de cancer de cuello uterino",numero de ciclos entregados,2015-12-01,0,3,4,0,0,7
SORATA,"anticoncepcion, prevencion de its y de cancer de cuello uterino",numero de ciclos entregados,2015-12-01,0,0,12,6,0,18
SUCRE,"anticoncepcion, prevencion de its y de cancer de cuello uterino",numero de ciclos entregados,2015-12-01,0,58,282,52,0,392
TACACOMA,"anticoncepcion, prevencion de its y de cancer de cuello uterino",numero de ciclos entregados,2015-12-01,0,0,9,0,0,9
TACOPAYA,"anticoncepcion, prevencion de its y de cancer de cuello uterino",numero de ciclos entregados,2015-12-01,0,0,0,3,0,3
TAPACARI,"anticoncepcion, prevencion de its y de cancer de cuello uterino",numero de ciclos entregados,2015-12-01,0,0,7,4,0,11
TARABUCO,"anticoncepcion, prevencion de its y de cancer de cuello uterino",numero de ciclos entregados,2015-12-01,0,0,12,3,0,15
TARACO,"anticoncepcion, prevencion de its y de cancer de cuello uterino",numero de ciclos entregados,2015-12-01,0,3,3,9,0,15
TARATA,"anticoncepcion, prevencion de its y de cancer de cuello uterino",numero de ciclos entregados,2015-12-01,0,0,9,0,0,9
TARIJA,"anticoncepcion, prevencion de its y de cancer de cuello uterino",numero de ciclos entregados,2015-12-01,0,24,161,59,0,244
TARVITA,"anticoncepcion, prevencion de its y de cancer de cuello uterino",numero de ciclos entregados,2015-12-01,0,3,6,10,0,19
TEOPONTE,"anticoncepcion, prevencion de its y de cancer de cuello uterino",numero de ciclos entregados,2015-12-01,0,0,0,6,0,6
TIAWANACU,"anticoncepcion, prevencion de its y de cancer de cuello uterino",numero de ciclos entregados,2015-12-01,0,6,6,0,0,12
TINGUIPAYA,"anticoncepcion, prevencion de its y de cancer de cuello uterino",numero de ciclos entregados,2015-12-01,0,3,0,6,0,9
TIPUANI,"anticoncepcion, prevencion de its y de cancer de cuello uterino",numero de ciclos entregados,2015-12-01,0,0,18,3,0,21
TIQUIPAYA,"anticoncepcion, prevencion de its y de cancer de cuello uterino",numero de ciclos entregados,2015-12-01,1,7,43,14,0,65
TIRAQUE (CBBA),"anticoncepcion, prevencion de its y de cancer de cuello uterino",numero de ciclos entregados,2015-12-01,0,0,18,3,0,21
TOCO,"anticoncepcion, prevencion de its y de cancer de cuello uterino",numero de ciclos entregados,2015-12-01,0,0,9,0,0,9
TODOS SANTOS,"anticoncepcion, prevencion de its y de cancer de cuello uterino",numero de ciclos entregados,2015-12-01,0,0,2,0,0,2
TOLATA,"anticoncepcion, prevencion de its y de cancer de cuello uterino",numero de ciclos entregados,2015-12-01,0,0,30,3,0,33
TOMAVE,"anticoncepcion, prevencion de its y de cancer de cuello uterino",numero de ciclos entregados,2015-12-01,0,9,9,0,0,18
TOMINA,"anticoncepcion, prevencion de its y de cancer de cuello uterino",numero de ciclos entregados,2015-12-01,0,3,9,6,0,18
TORO TORO,"anticoncepcion, prevencion de its y de cancer de cuello uterino",numero de ciclos entregados,2015-12-01,0,1,1,1,0,3
TOTORA(CBBA),"anticoncepcion, prevencion de its y de cancer de cuello uterino",numero de ciclos entregados,2015-12-01,0,0,5,2,0,7
TOTORA(ORR),"anticoncepcion, prevencion de its y de cancer de cuello uterino",numero de ciclos entregados,2015-12-01,0,3,3,0,0,6
TRIGAL,"anticoncepcion, prevencion de its y de cancer de cuello uterino",numero de ciclos entregados,2015-12-01,0,0,6,9,0,15
TRINIDAD,"anticoncepcion, prevencion de its y de cancer de cuello uterino",numero de ciclos entregados,2015-12-01,0,3,33,12,0,48
TUPIZA,"anticoncepcion, prevencion de its y de cancer de cuello uterino",numero de ciclos entregados,2015-12-01,0,3,15,0,0,18
UNCIA,"anticoncepcion, prevencion de its y de cancer de cuello uterino",numero de ciclos entregados,2015-12-01,0,0,21,9,0,30
URIONDO (A. CONCEPCION),"anticoncepcion, prevencion de its y de cancer de cuello uterino",numero de ciclos entregados,2015-12-01,0,9,56,18,0,83
URUBICHA,"anticoncepcion, prevencion de its y de cancer de cuello uterino",numero de ciclos entregados,2015-12-01,0,0,3,0,0,3
UYUNI,"anticoncepcion, prevencion de its y de cancer de cuello uterino",numero de ciclos entregados,2015-12-01,0,6,25,9,0,40
VACAS,"anticoncepcion, prevencion de its y de cancer de cuello uterino",numero de ciclos entregados,2015-12-01,0,0,0,4,0,4
VALLEGRANDE,"anticoncepcion, prevencion de its y de cancer de cuello uterino",numero de ciclos entregados,2015-12-01,0,0,48,6,0,54
VIACHA,"anticoncepcion, prevencion de its y de cancer de cuello uterino",numero de ciclos entregados,2015-12-01,0,0,42,9,0,51
VILA VILA,"anticoncepcion, prevencion de its y de cancer de cuello uterino",numero de ciclos entregados,2015-12-01,0,0,2,0,0,2
VILLA CHARCAS,"anticoncepcion, prevencion de its y de cancer de cuello uterino",numero de ciclos entregados,2015-12-01,0,0,18,6,0,24
VILLA MONTES,"anticoncepcion, prevencion de its y de cancer de cuello uterino",numero de ciclos entregados,2015-12-01,6,12,72,12,0,102
VILLA NUEVA (LOMA ALTA),"anticoncepcion, prevencion de its y de cancer de cuello uterino",numero de ciclos entregados,2015-12-01,0,7,6,18,0,31
VILLA RIVERO,"anticoncepcion, prevencion de its y de cancer de cuello uterino",numero de ciclos entregados,2015-12-01,0,1,3,0,0,4
VILLA SERRANO,"anticoncepcion, prevencion de its y de cancer de cuello uterino",numero de ciclos entregados,2015-12-01,0,0,3,6,0,9
VILLA TUNARI,"anticoncepcion, prevencion de its y de cancer de cuello uterino",numero de ciclos entregados,2015-12-01,0,16,122,21,0,159
VILLA VACA GUZMAN (MUYUPAMPA),"anticoncepcion, prevencion de its y de cancer de cuello uterino",numero de ciclos entregados,2015-12-01,0,3,40,6,0,49
VILLAZON,"anticoncepcion, prevencion de its y de cancer de cuello uterino",numero de ciclos entregados,2015-12-01,0,3,90,15,0,108
VINTO,"anticoncepcion, prevencion de its y de cancer de cuello uterino",numero de ciclos entregados,2015-12-01,0,0,24,6,0,30
VITICHI,"anticoncepcion, prevencion de its y de cancer de cuello uterino",numero de ciclos entregados,2015-12-01,0,0,9,2,0,11
WALDO BALLIVIAN,"anticoncepcion, prevencion de its y de cancer de cuello uterino",numero de ciclos entregados,2015-12-01,0,0,6,3,0,9
WARNES,"anticoncepcion, prevencion de its y de cancer de cuello uterino",numero de ciclos entregados,2015-12-01,0,22,205,68,0,295
YACO,"anticoncepcion, prevencion de its y de cancer de cuello uterino",numero de ciclos entregados,2015-12-01,0,0,6,0,0,6
YACUIBA,"anticoncepcion, prevencion de its y de cancer de cuello uterino",numero de ciclos entregados,2015-12-01,0,4,156,41,2,203
YAMPARAEZ,"anticoncepcion, prevencion de its y de cancer de cuello uterino",numero de ciclos entregados,2015-12-01,0,0,3,6,0,9
YANACACHI,"anticoncepcion, prevencion de its y de cancer de cuello uterino",numero de ciclos entregados,2015-12-01,0,0,18,3,0,21
YAPACANI,"anticoncepcion, prevencion de its y de cancer de cuello uterino",numero de ciclos entregados,2015-12-01,0,11,87,15,0,113
YOCALLA,"anticoncepcion, prevencion de its y de cancer de cuello uterino",numero de ciclos entregados,2015-12-01,0,3,3,0,0,6
YOTALA,"anticoncepcion, prevencion de its y de cancer de cuello uterino",numero de ciclos entregados,2015-12-01,0,3,6,3,0,12
YUNCHARA,"anticoncepcion, prevencion de its y de cancer de cuello uterino",numero de ciclos entregados,2015-12-01,0,0,15,0,0,15
ZUDAÑEZ,"anticoncepcion, prevencion de its y de cancer de cuello uterino",numero de ciclos entregados,2015-12-01,0,3,9,0,0,12
