municipality,group,variable,month,Número de personas que recibieron orientación en Anticoncepción,Número de personas que recibieron orientación en Anticoncepción1,Número de personas que recibieron orientación en Anticoncepción2,Número de personas que recibieron orientación en Anticoncepción3,Número de personas que recibieron orientación en Anticoncepción4,TOTAL
ACACIO,"anticoncepcion, prevencion de its y de cancer de cuello uterino",numero de personas que recibieron orientacion en anticoncepcion,2015-01-01,0,2,8,5,0,15
ACHACACHI,"anticoncepcion, prevencion de its y de cancer de cuello uterino",numero de personas que recibieron orientacion en anticoncepcion,2015-01-01,0,3,48,28,2,81
ACHOCALLA,"anticoncepcion, prevencion de its y de cancer de cuello uterino",numero de personas que recibieron orientacion en anticoncepcion,2015-01-01,0,1,25,11,0,37
AIQUILE,"anticoncepcion, prevencion de its y de cancer de cuello uterino",numero de personas que recibieron orientacion en anticoncepcion,2015-01-01,0,8,41,24,2,75
ALALAY,"anticoncepcion, prevencion de its y de cancer de cuello uterino",numero de personas que recibieron orientacion en anticoncepcion,2015-01-01,2,1,6,3,0,12
ALCALA,"anticoncepcion, prevencion de its y de cancer de cuello uterino",numero de personas que recibieron orientacion en anticoncepcion,2015-01-01,1,7,12,3,0,23
ALTO BENI,"anticoncepcion, prevencion de its y de cancer de cuello uterino",numero de personas que recibieron orientacion en anticoncepcion,2015-01-01,1,4,4,4,0,13
ANCORAIMES,"anticoncepcion, prevencion de its y de cancer de cuello uterino",numero de personas que recibieron orientacion en anticoncepcion,2015-01-01,0,2,4,3,0,9
ANDAMARCA,"anticoncepcion, prevencion de its y de cancer de cuello uterino",numero de personas que recibieron orientacion en anticoncepcion,2015-01-01,0,6,10,4,0,20
ANTEQUERA,"anticoncepcion, prevencion de its y de cancer de cuello uterino",numero de personas que recibieron orientacion en anticoncepcion,2015-01-01,0,2,6,6,0,14
ANZALDO,"anticoncepcion, prevencion de its y de cancer de cuello uterino",numero de personas que recibieron orientacion en anticoncepcion,2015-01-01,0,11,31,21,0,63
APOLO,"anticoncepcion, prevencion de its y de cancer de cuello uterino",numero de personas que recibieron orientacion en anticoncepcion,2015-01-01,0,1,5,4,0,10
ARAMPAMPA,"anticoncepcion, prevencion de its y de cancer de cuello uterino",numero de personas que recibieron orientacion en anticoncepcion,2015-01-01,0,1,18,11,0,30
ARANI,"anticoncepcion, prevencion de its y de cancer de cuello uterino",numero de personas que recibieron orientacion en anticoncepcion,2015-01-01,0,4,11,3,0,18
ARBIETO,"anticoncepcion, prevencion de its y de cancer de cuello uterino",numero de personas que recibieron orientacion en anticoncepcion,2015-01-01,0,13,54,14,0,81
ARQUE,"anticoncepcion, prevencion de its y de cancer de cuello uterino",numero de personas que recibieron orientacion en anticoncepcion,2015-01-01,0,5,17,26,0,48
ASCENCION DE GUARAYOS,"anticoncepcion, prevencion de its y de cancer de cuello uterino",numero de personas que recibieron orientacion en anticoncepcion,2015-01-01,3,16,71,24,0,114
ATOCHA,"anticoncepcion, prevencion de its y de cancer de cuello uterino",numero de personas que recibieron orientacion en anticoncepcion,2015-01-01,0,1,13,1,0,15
AUCAPATA,"anticoncepcion, prevencion de its y de cancer de cuello uterino",numero de personas que recibieron orientacion en anticoncepcion,2015-01-01,0,0,6,2,0,8
AYATA,"anticoncepcion, prevencion de its y de cancer de cuello uterino",numero de personas que recibieron orientacion en anticoncepcion,2015-01-01,0,0,1,2,0,3
AYO AYO,"anticoncepcion, prevencion de its y de cancer de cuello uterino",numero de personas que recibieron orientacion en anticoncepcion,2015-01-01,0,1,5,0,0,6
AYOPAYA (V. DE INDEPENDENCIA),"anticoncepcion, prevencion de its y de cancer de cuello uterino",numero de personas que recibieron orientacion en anticoncepcion,2015-01-01,1,9,42,9,0,61
AZURDUY,"anticoncepcion, prevencion de its y de cancer de cuello uterino",numero de personas que recibieron orientacion en anticoncepcion,2015-01-01,2,6,24,15,0,47
BATALLAS,"anticoncepcion, prevencion de its y de cancer de cuello uterino",numero de personas que recibieron orientacion en anticoncepcion,2015-01-01,0,2,38,22,0,62
BAURES,"anticoncepcion, prevencion de its y de cancer de cuello uterino",numero de personas que recibieron orientacion en anticoncepcion,2015-01-01,0,11,49,8,0,68
BELEN DE URMIRI,"anticoncepcion, prevencion de its y de cancer de cuello uterino",numero de personas que recibieron orientacion en anticoncepcion,2015-01-01,0,0,2,0,0,2
BELLA FLOR,"anticoncepcion, prevencion de its y de cancer de cuello uterino",numero de personas que recibieron orientacion en anticoncepcion,2015-01-01,1,13,8,0,0,22
BERMEJO,"anticoncepcion, prevencion de its y de cancer de cuello uterino",numero de personas que recibieron orientacion en anticoncepcion,2015-01-01,0,21,109,49,4,183
BETANZOS,"anticoncepcion, prevencion de its y de cancer de cuello uterino",numero de personas que recibieron orientacion en anticoncepcion,2015-01-01,0,5,12,11,0,28
BOLIVAR,"anticoncepcion, prevencion de its y de cancer de cuello uterino",numero de personas que recibieron orientacion en anticoncepcion,2015-01-01,0,1,1,3,0,5
BOLPEBRA,"anticoncepcion, prevencion de its y de cancer de cuello uterino",numero de personas que recibieron orientacion en anticoncepcion,2015-01-01,0,0,1,0,0,1
BOYUIBE,"anticoncepcion, prevencion de its y de cancer de cuello uterino",numero de personas que recibieron orientacion en anticoncepcion,2015-01-01,0,1,6,3,0,10
BUENA VISTA,"anticoncepcion, prevencion de its y de cancer de cuello uterino",numero de personas que recibieron orientacion en anticoncepcion,2015-01-01,0,12,63,21,0,96
CABEZAS,"anticoncepcion, prevencion de its y de cancer de cuello uterino",numero de personas que recibieron orientacion en anticoncepcion,2015-01-01,1,22,55,27,0,105
CAIROMA,"anticoncepcion, prevencion de its y de cancer de cuello uterino",numero de personas que recibieron orientacion en anticoncepcion,2015-01-01,0,1,10,3,0,14
"CAIZA ""D""","anticoncepcion, prevencion de its y de cancer de cuello uterino",numero de personas que recibieron orientacion en anticoncepcion,2015-01-01,0,3,29,6,0,38
CAJUATA,"anticoncepcion, prevencion de its y de cancer de cuello uterino",numero de personas que recibieron orientacion en anticoncepcion,2015-01-01,0,6,29,4,0,39
CALACOTO,"anticoncepcion, prevencion de its y de cancer de cuello uterino",numero de personas que recibieron orientacion en anticoncepcion,2015-01-01,0,0,3,1,0,4
CALAMARCA,"anticoncepcion, prevencion de its y de cancer de cuello uterino",numero de personas que recibieron orientacion en anticoncepcion,2015-01-01,0,8,20,10,0,38
CAMARGO,"anticoncepcion, prevencion de its y de cancer de cuello uterino",numero de personas que recibieron orientacion en anticoncepcion,2015-01-01,0,3,17,16,0,36
CAMATAQUI (C. VILLA ABECIA),"anticoncepcion, prevencion de its y de cancer de cuello uterino",numero de personas que recibieron orientacion en anticoncepcion,2015-01-01,0,0,15,4,0,19
CAMIRI,"anticoncepcion, prevencion de its y de cancer de cuello uterino",numero de personas que recibieron orientacion en anticoncepcion,2015-01-01,0,5,30,5,0,40
CAPINOTA,"anticoncepcion, prevencion de its y de cancer de cuello uterino",numero de personas que recibieron orientacion en anticoncepcion,2015-01-01,2,4,30,7,0,43
CAQUIAVIRI,"anticoncepcion, prevencion de its y de cancer de cuello uterino",numero de personas que recibieron orientacion en anticoncepcion,2015-01-01,0,0,6,2,0,8
CARACOLLO,"anticoncepcion, prevencion de its y de cancer de cuello uterino",numero de personas que recibieron orientacion en anticoncepcion,2015-01-01,0,11,71,33,1,116
CARANAVI,"anticoncepcion, prevencion de its y de cancer de cuello uterino",numero de personas que recibieron orientacion en anticoncepcion,2015-01-01,3,13,77,43,3,139
CARANGAS,"anticoncepcion, prevencion de its y de cancer de cuello uterino",numero de personas que recibieron orientacion en anticoncepcion,2015-01-01,0,0,1,0,0,1
CARAPARI,"anticoncepcion, prevencion de its y de cancer de cuello uterino",numero de personas que recibieron orientacion en anticoncepcion,2015-01-01,0,10,69,24,0,103
CARIPUYO,"anticoncepcion, prevencion de its y de cancer de cuello uterino",numero de personas que recibieron orientacion en anticoncepcion,2015-01-01,0,0,8,0,0,8
CARMEN RIVERO TORREZ,"anticoncepcion, prevencion de its y de cancer de cuello uterino",numero de personas que recibieron orientacion en anticoncepcion,2015-01-01,0,3,8,4,0,15
CATACORA,"anticoncepcion, prevencion de its y de cancer de cuello uterino",numero de personas que recibieron orientacion en anticoncepcion,2015-01-01,0,0,2,1,0,3
CHACARILLA,"anticoncepcion, prevencion de its y de cancer de cuello uterino",numero de personas que recibieron orientacion en anticoncepcion,2015-01-01,0,0,1,0,0,1
CHALLAPATA,"anticoncepcion, prevencion de its y de cancer de cuello uterino",numero de personas que recibieron orientacion en anticoncepcion,2015-01-01,0,27,111,38,0,176
CHAQUI,"anticoncepcion, prevencion de its y de cancer de cuello uterino",numero de personas que recibieron orientacion en anticoncepcion,2015-01-01,1,7,23,6,0,37
CHARAGUA,"anticoncepcion, prevencion de its y de cancer de cuello uterino",numero de personas que recibieron orientacion en anticoncepcion,2015-01-01,0,8,37,7,0,52
CHAYANTA,"anticoncepcion, prevencion de its y de cancer de cuello uterino",numero de personas que recibieron orientacion en anticoncepcion,2015-01-01,0,7,23,6,0,36
CHIMORE,"anticoncepcion, prevencion de its y de cancer de cuello uterino",numero de personas que recibieron orientacion en anticoncepcion,2015-01-01,0,32,157,48,0,237
CHIPAYA,"anticoncepcion, prevencion de its y de cancer de cuello uterino",numero de personas que recibieron orientacion en anticoncepcion,2015-01-01,0,0,20,0,0,20
CHOQUE COTA,"anticoncepcion, prevencion de its y de cancer de cuello uterino",numero de personas que recibieron orientacion en anticoncepcion,2015-01-01,0,0,1,3,0,4
CHUA COCANI,"anticoncepcion, prevencion de its y de cancer de cuello uterino",numero de personas que recibieron orientacion en anticoncepcion,2015-01-01,0,1,0,0,0,1
CHULUMANI (V. DE LA LIBERTAD),"anticoncepcion, prevencion de its y de cancer de cuello uterino",numero de personas que recibieron orientacion en anticoncepcion,2015-01-01,1,12,48,11,0,72
CHUMA,"anticoncepcion, prevencion de its y de cancer de cuello uterino",numero de personas que recibieron orientacion en anticoncepcion,2015-01-01,0,0,5,4,2,11
CHUQUIHUTA AYLLU JUCUMANI,"anticoncepcion, prevencion de its y de cancer de cuello uterino",numero de personas que recibieron orientacion en anticoncepcion,2015-01-01,0,0,6,0,0,6
CKOCHAS,"anticoncepcion, prevencion de its y de cancer de cuello uterino",numero de personas que recibieron orientacion en anticoncepcion,2015-01-01,0,4,15,33,0,52
CLIZA,"anticoncepcion, prevencion de its y de cancer de cuello uterino",numero de personas que recibieron orientacion en anticoncepcion,2015-01-01,0,7,36,12,2,57
COBIJA,"anticoncepcion, prevencion de its y de cancer de cuello uterino",numero de personas que recibieron orientacion en anticoncepcion,2015-01-01,2,21,123,19,1,166
COCAPATA,"anticoncepcion, prevencion de its y de cancer de cuello uterino",numero de personas que recibieron orientacion en anticoncepcion,2015-01-01,9,23,68,45,0,145
COCHABAMBA,"anticoncepcion, prevencion de its y de cancer de cuello uterino",numero de personas que recibieron orientacion en anticoncepcion,2015-01-01,43,742,46430,522,16,47753
COIPASA,"anticoncepcion, prevencion de its y de cancer de cuello uterino",numero de personas que recibieron orientacion en anticoncepcion,2015-01-01,0,0,2,0,0,2
COLCAPIRHUA,"anticoncepcion, prevencion de its y de cancer de cuello uterino",numero de personas que recibieron orientacion en anticoncepcion,2015-01-01,0,142,549,87,7,785
"COLCHA ""K""","anticoncepcion, prevencion de its y de cancer de cuello uterino",numero de personas que recibieron orientacion en anticoncepcion,2015-01-01,0,2,22,6,1,31
COLLANA,"anticoncepcion, prevencion de its y de cancer de cuello uterino",numero de personas que recibieron orientacion en anticoncepcion,2015-01-01,0,2,11,3,0,16
COLOMI,"anticoncepcion, prevencion de its y de cancer de cuello uterino",numero de personas que recibieron orientacion en anticoncepcion,2015-01-01,0,21,43,9,0,73
COLPA BELGICA,"anticoncepcion, prevencion de its y de cancer de cuello uterino",numero de personas que recibieron orientacion en anticoncepcion,2015-01-01,1,3,9,0,0,13
COLQUECHACA,"anticoncepcion, prevencion de its y de cancer de cuello uterino",numero de personas que recibieron orientacion en anticoncepcion,2015-01-01,1,9,24,4,0,38
COLQUENCHA,"anticoncepcion, prevencion de its y de cancer de cuello uterino",numero de personas que recibieron orientacion en anticoncepcion,2015-01-01,0,0,1,1,0,2
COLQUIRI,"anticoncepcion, prevencion de its y de cancer de cuello uterino",numero de personas que recibieron orientacion en anticoncepcion,2015-01-01,0,0,8,5,0,13
COMANCHE,"anticoncepcion, prevencion de its y de cancer de cuello uterino",numero de personas que recibieron orientacion en anticoncepcion,2015-01-01,0,0,2,0,0,2
COMARAPA,"anticoncepcion, prevencion de its y de cancer de cuello uterino",numero de personas que recibieron orientacion en anticoncepcion,2015-01-01,1,10,44,26,3,84
COMBAYA,"anticoncepcion, prevencion de its y de cancer de cuello uterino",numero de personas que recibieron orientacion en anticoncepcion,2015-01-01,0,0,2,0,0,2
CONCEPCION,"anticoncepcion, prevencion de its y de cancer de cuello uterino",numero de personas que recibieron orientacion en anticoncepcion,2015-01-01,0,6,17,4,0,27
COPACABANA,"anticoncepcion, prevencion de its y de cancer de cuello uterino",numero de personas que recibieron orientacion en anticoncepcion,2015-01-01,0,0,37,22,0,59
CORIPATA,"anticoncepcion, prevencion de its y de cancer de cuello uterino",numero de personas que recibieron orientacion en anticoncepcion,2015-01-01,0,2,17,1,0,20
CORO CORO,"anticoncepcion, prevencion de its y de cancer de cuello uterino",numero de personas que recibieron orientacion en anticoncepcion,2015-01-01,0,0,1,1,0,2
COROICO,"anticoncepcion, prevencion de its y de cancer de cuello uterino",numero de personas que recibieron orientacion en anticoncepcion,2015-01-01,0,6,29,16,6,57
CORQUE,"anticoncepcion, prevencion de its y de cancer de cuello uterino",numero de personas que recibieron orientacion en anticoncepcion,2015-01-01,0,4,14,5,0,23
COTAGAITA,"anticoncepcion, prevencion de its y de cancer de cuello uterino",numero de personas que recibieron orientacion en anticoncepcion,2015-01-01,0,2,49,33,0,84
COTOCA,"anticoncepcion, prevencion de its y de cancer de cuello uterino",numero de personas que recibieron orientacion en anticoncepcion,2015-01-01,0,2,22,13,1,38
CRUZ DE MACHACAMARCA,"anticoncepcion, prevencion de its y de cancer de cuello uterino",numero de personas que recibieron orientacion en anticoncepcion,2015-01-01,0,0,3,0,0,3
CUATRO CAÑADAS,"anticoncepcion, prevencion de its y de cancer de cuello uterino",numero de personas que recibieron orientacion en anticoncepcion,2015-01-01,4,18,67,22,1,112
CUCHUMUELA (V. G. VILLARROEL),"anticoncepcion, prevencion de its y de cancer de cuello uterino",numero de personas que recibieron orientacion en anticoncepcion,2015-01-01,0,0,5,0,0,5
CUEVO,"anticoncepcion, prevencion de its y de cancer de cuello uterino",numero de personas que recibieron orientacion en anticoncepcion,2015-01-01,0,2,5,5,0,12
CULPINA,"anticoncepcion, prevencion de its y de cancer de cuello uterino",numero de personas que recibieron orientacion en anticoncepcion,2015-01-01,1,8,45,18,1,73
CURAHUARA DE CARANGAS,"anticoncepcion, prevencion de its y de cancer de cuello uterino",numero de personas que recibieron orientacion en anticoncepcion,2015-01-01,0,4,12,8,0,24
CURVA,"anticoncepcion, prevencion de its y de cancer de cuello uterino",numero de personas que recibieron orientacion en anticoncepcion,2015-01-01,0,0,1,0,0,1
DESAGUADERO,"anticoncepcion, prevencion de its y de cancer de cuello uterino",numero de personas que recibieron orientacion en anticoncepcion,2015-01-01,0,0,4,0,0,4
EL ALTO,"anticoncepcion, prevencion de its y de cancer de cuello uterino",numero de personas que recibieron orientacion en anticoncepcion,2015-01-01,4,371,2059,986,45,3465
EL CHORO,"anticoncepcion, prevencion de its y de cancer de cuello uterino",numero de personas que recibieron orientacion en anticoncepcion,2015-01-01,0,3,13,5,0,21
EL PUENTE(STC),"anticoncepcion, prevencion de its y de cancer de cuello uterino",numero de personas que recibieron orientacion en anticoncepcion,2015-01-01,0,11,37,17,3,68
EL PUENTE(TJA),"anticoncepcion, prevencion de its y de cancer de cuello uterino",numero de personas que recibieron orientacion en anticoncepcion,2015-01-01,0,9,70,39,2,120
EL TORNO,"anticoncepcion, prevencion de its y de cancer de cuello uterino",numero de personas que recibieron orientacion en anticoncepcion,2015-01-01,1,11,29,6,0,47
EL VILLAR,"anticoncepcion, prevencion de its y de cancer de cuello uterino",numero de personas que recibieron orientacion en anticoncepcion,2015-01-01,0,2,25,6,1,34
ENTRE RIOS TRJ,"anticoncepcion, prevencion de its y de cancer de cuello uterino",numero de personas que recibieron orientacion en anticoncepcion,2015-01-01,2,14,37,12,0,65
ENTRE RIOS CBBA,"anticoncepcion, prevencion de its y de cancer de cuello uterino",numero de personas que recibieron orientacion en anticoncepcion,2015-01-01,1,19,77,18,0,115
ESCOMA,"anticoncepcion, prevencion de its y de cancer de cuello uterino",numero de personas que recibieron orientacion en anticoncepcion,2015-01-01,0,0,1,2,0,3
ESMERALDA,"anticoncepcion, prevencion de its y de cancer de cuello uterino",numero de personas que recibieron orientacion en anticoncepcion,2015-01-01,0,0,2,0,0,2
EUCALIPTUS,"anticoncepcion, prevencion de its y de cancer de cuello uterino",numero de personas que recibieron orientacion en anticoncepcion,2015-01-01,0,3,8,2,1,14
EUREKA (SANTOS MERCADO),"anticoncepcion, prevencion de its y de cancer de cuello uterino",numero de personas que recibieron orientacion en anticoncepcion,2015-01-01,0,4,3,4,0,11
EXALTACION,"anticoncepcion, prevencion de its y de cancer de cuello uterino",numero de personas que recibieron orientacion en anticoncepcion,2015-01-01,0,1,4,3,0,8
FERNANDEZ ALONSO,"anticoncepcion, prevencion de its y de cancer de cuello uterino",numero de personas que recibieron orientacion en anticoncepcion,2015-01-01,0,4,33,10,0,47
FILADELFIA,"anticoncepcion, prevencion de its y de cancer de cuello uterino",numero de personas que recibieron orientacion en anticoncepcion,2015-01-01,0,5,16,2,0,23
GENERAL SAAVEDRA,"anticoncepcion, prevencion de its y de cancer de cuello uterino",numero de personas que recibieron orientacion en anticoncepcion,2015-01-01,0,19,42,22,1,84
GRAL. J.J. PEREZ (CHARAZANI),"anticoncepcion, prevencion de its y de cancer de cuello uterino",numero de personas que recibieron orientacion en anticoncepcion,2015-01-01,0,1,4,3,0,8
GUANAY,"anticoncepcion, prevencion de its y de cancer de cuello uterino",numero de personas que recibieron orientacion en anticoncepcion,2015-01-01,0,8,41,7,0,56
GUAQUI,"anticoncepcion, prevencion de its y de cancer de cuello uterino",numero de personas que recibieron orientacion en anticoncepcion,2015-01-01,0,0,7,1,0,8
GUAYARAMERIN,"anticoncepcion, prevencion de its y de cancer de cuello uterino",numero de personas que recibieron orientacion en anticoncepcion,2015-01-01,5,57,190,37,0,289
GUTIERREZ,"anticoncepcion, prevencion de its y de cancer de cuello uterino",numero de personas que recibieron orientacion en anticoncepcion,2015-01-01,0,1,12,7,0,20
HUACARETA,"anticoncepcion, prevencion de its y de cancer de cuello uterino",numero de personas que recibieron orientacion en anticoncepcion,2015-01-01,0,5,33,10,1,49
HUACAYA (VILLA DE HUACAYA),"anticoncepcion, prevencion de its y de cancer de cuello uterino",numero de personas que recibieron orientacion en anticoncepcion,2015-01-01,0,0,11,0,0,11
HUACHACALLA,"anticoncepcion, prevencion de its y de cancer de cuello uterino",numero de personas que recibieron orientacion en anticoncepcion,2015-01-01,0,1,8,5,0,14
HUANUNI,"anticoncepcion, prevencion de its y de cancer de cuello uterino",numero de personas que recibieron orientacion en anticoncepcion,2015-01-01,1,6,38,12,1,58
HUARACAJE,"anticoncepcion, prevencion de its y de cancer de cuello uterino",numero de personas que recibieron orientacion en anticoncepcion,2015-01-01,0,5,15,4,0,24
HUARINA,"anticoncepcion, prevencion de its y de cancer de cuello uterino",numero de personas que recibieron orientacion en anticoncepcion,2015-01-01,0,0,7,1,1,9
HUATAJATA,"anticoncepcion, prevencion de its y de cancer de cuello uterino",numero de personas que recibieron orientacion en anticoncepcion,2015-01-01,0,1,0,1,0,2
HUAYLLAMARCA,"anticoncepcion, prevencion de its y de cancer de cuello uterino",numero de personas que recibieron orientacion en anticoncepcion,2015-01-01,0,3,26,8,0,37
ICHOCA,"anticoncepcion, prevencion de its y de cancer de cuello uterino",numero de personas que recibieron orientacion en anticoncepcion,2015-01-01,0,2,8,3,0,13
ICLA,"anticoncepcion, prevencion de its y de cancer de cuello uterino",numero de personas que recibieron orientacion en anticoncepcion,2015-01-01,0,2,36,21,6,65
INCAHUASI,"anticoncepcion, prevencion de its y de cancer de cuello uterino",numero de personas que recibieron orientacion en anticoncepcion,2015-01-01,0,3,18,5,0,26
INGAVI (HUMAITA),"anticoncepcion, prevencion de its y de cancer de cuello uterino",numero de personas que recibieron orientacion en anticoncepcion,2015-01-01,0,1,0,0,0,1
INQUISIVI,"anticoncepcion, prevencion de its y de cancer de cuello uterino",numero de personas que recibieron orientacion en anticoncepcion,2015-01-01,0,1,5,1,0,7
IRUPANA (VILLA DE LANZA),"anticoncepcion, prevencion de its y de cancer de cuello uterino",numero de personas que recibieron orientacion en anticoncepcion,2015-01-01,1,2,26,4,1,34
IXIAMAS,"anticoncepcion, prevencion de its y de cancer de cuello uterino",numero de personas que recibieron orientacion en anticoncepcion,2015-01-01,0,12,18,2,1,33
JESUS DE MACHACA,"anticoncepcion, prevencion de its y de cancer de cuello uterino",numero de personas que recibieron orientacion en anticoncepcion,2015-01-01,0,2,23,18,4,47
LA ASUNTA,"anticoncepcion, prevencion de its y de cancer de cuello uterino",numero de personas que recibieron orientacion en anticoncepcion,2015-01-01,0,3,24,4,0,31
LA GUARDIA,"anticoncepcion, prevencion de its y de cancer de cuello uterino",numero de personas que recibieron orientacion en anticoncepcion,2015-01-01,2,38,121,30,0,191
LA PAZ,"anticoncepcion, prevencion de its y de cancer de cuello uterino",numero de personas que recibieron orientacion en anticoncepcion,2015-01-01,18,235,2820,372,71,3516
LAGUNILLAS,"anticoncepcion, prevencion de its y de cancer de cuello uterino",numero de personas que recibieron orientacion en anticoncepcion,2015-01-01,1,5,37,7,0,50
LAJA,"anticoncepcion, prevencion de its y de cancer de cuello uterino",numero de personas que recibieron orientacion en anticoncepcion,2015-01-01,0,1,7,0,0,8
LAS CARRERAS,"anticoncepcion, prevencion de its y de cancer de cuello uterino",numero de personas que recibieron orientacion en anticoncepcion,2015-01-01,0,7,8,6,0,21
LICOMA PAMPA,"anticoncepcion, prevencion de its y de cancer de cuello uterino",numero de personas que recibieron orientacion en anticoncepcion,2015-01-01,0,0,1,2,0,3
LLALLAGUA,"anticoncepcion, prevencion de its y de cancer de cuello uterino",numero de personas que recibieron orientacion en anticoncepcion,2015-01-01,0,21,158,38,0,217
LLICA,"anticoncepcion, prevencion de its y de cancer de cuello uterino",numero de personas que recibieron orientacion en anticoncepcion,2015-01-01,0,0,5,5,0,10
LORETO,"anticoncepcion, prevencion de its y de cancer de cuello uterino",numero de personas que recibieron orientacion en anticoncepcion,2015-01-01,0,1,1,3,0,5
LURIBAY,"anticoncepcion, prevencion de its y de cancer de cuello uterino",numero de personas que recibieron orientacion en anticoncepcion,2015-01-01,0,1,13,12,8,34
MACHACAMARCA,"anticoncepcion, prevencion de its y de cancer de cuello uterino",numero de personas que recibieron orientacion en anticoncepcion,2015-01-01,0,1,10,4,0,15
MACHARETI,"anticoncepcion, prevencion de its y de cancer de cuello uterino",numero de personas que recibieron orientacion en anticoncepcion,2015-01-01,0,3,19,5,0,27
MAGDALENA,"anticoncepcion, prevencion de its y de cancer de cuello uterino",numero de personas que recibieron orientacion en anticoncepcion,2015-01-01,1,18,84,18,1,122
MAIRANA,"anticoncepcion, prevencion de its y de cancer de cuello uterino",numero de personas que recibieron orientacion en anticoncepcion,2015-01-01,0,4,12,0,0,16
MALLA,"anticoncepcion, prevencion de its y de cancer de cuello uterino",numero de personas que recibieron orientacion en anticoncepcion,2015-01-01,0,0,2,1,0,3
MAPIRI,"anticoncepcion, prevencion de its y de cancer de cuello uterino",numero de personas que recibieron orientacion en anticoncepcion,2015-01-01,0,4,13,6,0,23
MECAPACA,"anticoncepcion, prevencion de its y de cancer de cuello uterino",numero de personas que recibieron orientacion en anticoncepcion,2015-01-01,0,3,17,4,0,24
MINEROS,"anticoncepcion, prevencion de its y de cancer de cuello uterino",numero de personas que recibieron orientacion en anticoncepcion,2015-01-01,0,7,20,8,0,35
MIZQUE,"anticoncepcion, prevencion de its y de cancer de cuello uterino",numero de personas que recibieron orientacion en anticoncepcion,2015-01-01,0,7,41,13,0,61
MOCOMOCO,"anticoncepcion, prevencion de its y de cancer de cuello uterino",numero de personas que recibieron orientacion en anticoncepcion,2015-01-01,0,3,15,6,0,24
MOJINETE,"anticoncepcion, prevencion de its y de cancer de cuello uterino",numero de personas que recibieron orientacion en anticoncepcion,2015-01-01,0,2,4,0,0,6
MOJOCOYA,"anticoncepcion, prevencion de its y de cancer de cuello uterino",numero de personas que recibieron orientacion en anticoncepcion,2015-01-01,1,2,19,22,0,44
MONTEAGUDO,"anticoncepcion, prevencion de its y de cancer de cuello uterino",numero de personas que recibieron orientacion en anticoncepcion,2015-01-01,3,35,121,91,6,256
MONTERO,"anticoncepcion, prevencion de its y de cancer de cuello uterino",numero de personas que recibieron orientacion en anticoncepcion,2015-01-01,1,46,193,50,2,292
MOROCHATA,"anticoncepcion, prevencion de its y de cancer de cuello uterino",numero de personas que recibieron orientacion en anticoncepcion,2015-01-01,0,13,64,59,1,137
NACEBE (SANTA ROSA DEL ABUNA),"anticoncepcion, prevencion de its y de cancer de cuello uterino",numero de personas que recibieron orientacion en anticoncepcion,2015-01-01,0,2,10,0,0,12
NUEVO MANOA (NUEVA ESPERANZA),"anticoncepcion, prevencion de its y de cancer de cuello uterino",numero de personas que recibieron orientacion en anticoncepcion,2015-01-01,0,0,28,1,0,29
OCURI,"anticoncepcion, prevencion de its y de cancer de cuello uterino",numero de personas que recibieron orientacion en anticoncepcion,2015-01-01,0,1,22,12,1,36
OKINAWA,"anticoncepcion, prevencion de its y de cancer de cuello uterino",numero de personas que recibieron orientacion en anticoncepcion,2015-01-01,0,6,19,8,0,33
OMEREQUE,"anticoncepcion, prevencion de its y de cancer de cuello uterino",numero de personas que recibieron orientacion en anticoncepcion,2015-01-01,0,3,14,4,1,22
ORURO,"anticoncepcion, prevencion de its y de cancer de cuello uterino",numero de personas que recibieron orientacion en anticoncepcion,2015-01-01,4,230,1244,691,17,2186
PADCAYA,"anticoncepcion, prevencion de its y de cancer de cuello uterino",numero de personas que recibieron orientacion en anticoncepcion,2015-01-01,2,14,58,16,0,90
PADILLA,"anticoncepcion, prevencion de its y de cancer de cuello uterino",numero de personas que recibieron orientacion en anticoncepcion,2015-01-01,0,19,114,49,6,188
PAILON,"anticoncepcion, prevencion de its y de cancer de cuello uterino",numero de personas que recibieron orientacion en anticoncepcion,2015-01-01,0,6,63,10,3,82
PALCA,"anticoncepcion, prevencion de its y de cancer de cuello uterino",numero de personas que recibieron orientacion en anticoncepcion,2015-01-01,3,5,33,11,1,53
PALOS BLANCOS,"anticoncepcion, prevencion de its y de cancer de cuello uterino",numero de personas que recibieron orientacion en anticoncepcion,2015-01-01,0,10,78,38,1,127
PAMPA AULLAGAS,"anticoncepcion, prevencion de its y de cancer de cuello uterino",numero de personas que recibieron orientacion en anticoncepcion,2015-01-01,0,2,9,3,0,14
PAMPA GRANDE,"anticoncepcion, prevencion de its y de cancer de cuello uterino",numero de personas que recibieron orientacion en anticoncepcion,2015-01-01,0,2,11,2,0,15
PAPEL PAMPA,"anticoncepcion, prevencion de its y de cancer de cuello uterino",numero de personas que recibieron orientacion en anticoncepcion,2015-01-01,2,0,4,3,0,9
PASORAPA,"anticoncepcion, prevencion de its y de cancer de cuello uterino",numero de personas que recibieron orientacion en anticoncepcion,2015-01-01,0,4,17,13,0,34
PAZÑA,"anticoncepcion, prevencion de its y de cancer de cuello uterino",numero de personas que recibieron orientacion en anticoncepcion,2015-01-01,0,2,33,12,0,47
PELECHUCO,"anticoncepcion, prevencion de its y de cancer de cuello uterino",numero de personas que recibieron orientacion en anticoncepcion,2015-01-01,0,1,4,1,1,7
POCOATA,"anticoncepcion, prevencion de its y de cancer de cuello uterino",numero de personas que recibieron orientacion en anticoncepcion,2015-01-01,0,7,42,20,0,69
POCONA,"anticoncepcion, prevencion de its y de cancer de cuello uterino",numero de personas que recibieron orientacion en anticoncepcion,2015-01-01,0,10,65,35,0,110
POJO (CBBA),"anticoncepcion, prevencion de its y de cancer de cuello uterino",numero de personas que recibieron orientacion en anticoncepcion,2015-01-01,0,9,21,14,0,44
POOPO,"anticoncepcion, prevencion de its y de cancer de cuello uterino",numero de personas que recibieron orientacion en anticoncepcion,2015-01-01,0,0,25,0,0,25
PORCO,"anticoncepcion, prevencion de its y de cancer de cuello uterino",numero de personas que recibieron orientacion en anticoncepcion,2015-01-01,0,12,28,2,0,42
POROMA,"anticoncepcion, prevencion de its y de cancer de cuello uterino",numero de personas que recibieron orientacion en anticoncepcion,2015-01-01,1,17,67,42,2,129
PORONGO,"anticoncepcion, prevencion de its y de cancer de cuello uterino",numero de personas que recibieron orientacion en anticoncepcion,2015-01-01,1,20,45,7,0,73
PORTACHUELO,"anticoncepcion, prevencion de its y de cancer de cuello uterino",numero de personas que recibieron orientacion en anticoncepcion,2015-01-01,1,9,11,3,0,24
PORVENIR,"anticoncepcion, prevencion de its y de cancer de cuello uterino",numero de personas que recibieron orientacion en anticoncepcion,2015-01-01,0,8,11,0,0,19
POSTRER VALLE,"anticoncepcion, prevencion de its y de cancer de cuello uterino",numero de personas que recibieron orientacion en anticoncepcion,2015-01-01,0,0,0,1,0,1
POTOSI,"anticoncepcion, prevencion de its y de cancer de cuello uterino",numero de personas que recibieron orientacion en anticoncepcion,2015-01-01,0,79,469,109,6,663
PRESTO,"anticoncepcion, prevencion de its y de cancer de cuello uterino",numero de personas que recibieron orientacion en anticoncepcion,2015-01-01,0,23,72,38,5,138
PUCARANI,"anticoncepcion, prevencion de its y de cancer de cuello uterino",numero de personas que recibieron orientacion en anticoncepcion,2015-01-01,0,9,57,16,1,83
PUERTO ACOSTA,"anticoncepcion, prevencion de its y de cancer de cuello uterino",numero de personas que recibieron orientacion en anticoncepcion,2015-01-01,0,7,28,9,3,47
PUERTO CARABUCO,"anticoncepcion, prevencion de its y de cancer de cuello uterino",numero de personas que recibieron orientacion en anticoncepcion,2015-01-01,0,0,23,0,0,23
PUERTO GONZALO MORENO,"anticoncepcion, prevencion de its y de cancer de cuello uterino",numero de personas que recibieron orientacion en anticoncepcion,2015-01-01,3,4,4,1,0,12
PUERTO PEREZ,"anticoncepcion, prevencion de its y de cancer de cuello uterino",numero de personas que recibieron orientacion en anticoncepcion,2015-01-01,0,23,102,25,9,159
PUERTO QUIJARRO,"anticoncepcion, prevencion de its y de cancer de cuello uterino",numero de personas que recibieron orientacion en anticoncepcion,2015-01-01,0,12,27,15,0,54
PUERTO RICO,"anticoncepcion, prevencion de its y de cancer de cuello uterino",numero de personas que recibieron orientacion en anticoncepcion,2015-01-01,2,9,22,1,0,34
PUERTO SILES,"anticoncepcion, prevencion de its y de cancer de cuello uterino",numero de personas que recibieron orientacion en anticoncepcion,2015-01-01,0,1,4,0,0,5
PUERTO SUAREZ,"anticoncepcion, prevencion de its y de cancer de cuello uterino",numero de personas que recibieron orientacion en anticoncepcion,2015-01-01,0,1,2,0,0,3
PUERTO VILLARROEL,"anticoncepcion, prevencion de its y de cancer de cuello uterino",numero de personas que recibieron orientacion en anticoncepcion,2015-01-01,1,22,121,29,2,175
PUNA,"anticoncepcion, prevencion de its y de cancer de cuello uterino",numero de personas que recibieron orientacion en anticoncepcion,2015-01-01,2,2,19,9,1,33
PUNATA,"anticoncepcion, prevencion de its y de cancer de cuello uterino",numero de personas que recibieron orientacion en anticoncepcion,2015-01-01,0,19,34,24,0,77
QUIABAYA,"anticoncepcion, prevencion de its y de cancer de cuello uterino",numero de personas que recibieron orientacion en anticoncepcion,2015-01-01,0,0,3,0,0,3
QUILLACOLLO,"anticoncepcion, prevencion de its y de cancer de cuello uterino",numero de personas que recibieron orientacion en anticoncepcion,2015-01-01,3,132,1198,99,4,1436
QUIME,"anticoncepcion, prevencion de its y de cancer de cuello uterino",numero de personas que recibieron orientacion en anticoncepcion,2015-01-01,0,1,4,2,1,8
QUIRUSILLAS,"anticoncepcion, prevencion de its y de cancer de cuello uterino",numero de personas que recibieron orientacion en anticoncepcion,2015-01-01,0,1,3,0,0,4
RAVELO,"anticoncepcion, prevencion de its y de cancer de cuello uterino",numero de personas que recibieron orientacion en anticoncepcion,2015-01-01,0,5,42,41,4,92
REYES,"anticoncepcion, prevencion de its y de cancer de cuello uterino",numero de personas que recibieron orientacion en anticoncepcion,2015-01-01,5,26,38,6,0,75
RIBERALTA,"anticoncepcion, prevencion de its y de cancer de cuello uterino",numero de personas que recibieron orientacion en anticoncepcion,2015-01-01,29,216,666,163,14,1088
ROBORE,"anticoncepcion, prevencion de its y de cancer de cuello uterino",numero de personas que recibieron orientacion en anticoncepcion,2015-01-01,1,10,54,8,1,74
RURRENABAQUE,"anticoncepcion, prevencion de its y de cancer de cuello uterino",numero de personas que recibieron orientacion en anticoncepcion,2015-01-01,8,39,131,32,0,210
SABAYA,"anticoncepcion, prevencion de its y de cancer de cuello uterino",numero de personas que recibieron orientacion en anticoncepcion,2015-01-01,0,1,2,2,0,5
SACABA,"anticoncepcion, prevencion de its y de cancer de cuello uterino",numero de personas que recibieron orientacion en anticoncepcion,2015-01-01,1,39,166,45,1,252
SACABAMBA,"anticoncepcion, prevencion de its y de cancer de cuello uterino",numero de personas que recibieron orientacion en anticoncepcion,2015-01-01,0,2,7,17,0,26
SACACA,"anticoncepcion, prevencion de its y de cancer de cuello uterino",numero de personas que recibieron orientacion en anticoncepcion,2015-01-01,1,13,51,43,2,110
SAIPINA,"anticoncepcion, prevencion de its y de cancer de cuello uterino",numero de personas que recibieron orientacion en anticoncepcion,2015-01-01,0,7,14,14,5,40
SALINAS DE GARCI MENDOZA,"anticoncepcion, prevencion de its y de cancer de cuello uterino",numero de personas que recibieron orientacion en anticoncepcion,2015-01-01,0,8,48,13,0,69
SAMAIPATA,"anticoncepcion, prevencion de its y de cancer de cuello uterino",numero de personas que recibieron orientacion en anticoncepcion,2015-01-01,1,5,15,2,0,23
SAN AGUSTIN,"anticoncepcion, prevencion de its y de cancer de cuello uterino",numero de personas que recibieron orientacion en anticoncepcion,2015-01-01,0,0,5,0,0,5
SAN ANDRES,"anticoncepcion, prevencion de its y de cancer de cuello uterino",numero de personas que recibieron orientacion en anticoncepcion,2015-01-01,0,15,53,21,1,90
SAN ANDRES DE MACHACA,"anticoncepcion, prevencion de its y de cancer de cuello uterino",numero de personas que recibieron orientacion en anticoncepcion,2015-01-01,0,2,6,4,0,12
SAN ANTONIO DE ESMORUCO,"anticoncepcion, prevencion de its y de cancer de cuello uterino",numero de personas que recibieron orientacion en anticoncepcion,2015-01-01,0,0,2,1,0,3
SAN ANTONIO DE LOMERIO,"anticoncepcion, prevencion de its y de cancer de cuello uterino",numero de personas que recibieron orientacion en anticoncepcion,2015-01-01,0,3,6,1,0,10
SAN BENITO,"anticoncepcion, prevencion de its y de cancer de cuello uterino",numero de personas que recibieron orientacion en anticoncepcion,2015-01-01,0,1,14,2,0,17
SAN BORJA,"anticoncepcion, prevencion de its y de cancer de cuello uterino",numero de personas que recibieron orientacion en anticoncepcion,2015-01-01,2,36,73,20,0,131
SAN BUENA VENTURA,"anticoncepcion, prevencion de its y de cancer de cuello uterino",numero de personas que recibieron orientacion en anticoncepcion,2015-01-01,0,2,14,6,0,22
SAN CARLOS,"anticoncepcion, prevencion de its y de cancer de cuello uterino",numero de personas que recibieron orientacion en anticoncepcion,2015-01-01,1,7,55,8,0,71
SAN IGNACIO,"anticoncepcion, prevencion de its y de cancer de cuello uterino",numero de personas que recibieron orientacion en anticoncepcion,2015-01-01,1,39,166,75,0,281
SAN IGNACIO DE VELASCO,"anticoncepcion, prevencion de its y de cancer de cuello uterino",numero de personas que recibieron orientacion en anticoncepcion,2015-01-01,2,60,157,51,2,272
SAN JAVIER(BNI),"anticoncepcion, prevencion de its y de cancer de cuello uterino",numero de personas que recibieron orientacion en anticoncepcion,2015-01-01,0,1,10,7,0,18
SAN JOAQUIN,"anticoncepcion, prevencion de its y de cancer de cuello uterino",numero de personas que recibieron orientacion en anticoncepcion,2015-01-01,0,0,10,0,0,10
SAN JOSE DE CHIQUITOS,"anticoncepcion, prevencion de its y de cancer de cuello uterino",numero de personas que recibieron orientacion en anticoncepcion,2015-01-01,0,1,1,2,1,5
SAN JUAN DE YAPACANI,"anticoncepcion, prevencion de its y de cancer de cuello uterino",numero de personas que recibieron orientacion en anticoncepcion,2015-01-01,0,7,45,10,0,62
SAN JULIAN,"anticoncepcion, prevencion de its y de cancer de cuello uterino",numero de personas que recibieron orientacion en anticoncepcion,2015-01-01,0,24,172,50,1,247
SAN LORENZO(PND),"anticoncepcion, prevencion de its y de cancer de cuello uterino",numero de personas que recibieron orientacion en anticoncepcion,2015-01-01,0,6,10,1,0,17
SAN LORENZO(TJA),"anticoncepcion, prevencion de its y de cancer de cuello uterino",numero de personas que recibieron orientacion en anticoncepcion,2015-01-01,0,0,5,0,0,5
SAN LUCAS,"anticoncepcion, prevencion de its y de cancer de cuello uterino",numero de personas que recibieron orientacion en anticoncepcion,2015-01-01,0,23,87,58,2,170
SAN MATIAS,"anticoncepcion, prevencion de its y de cancer de cuello uterino",numero de personas que recibieron orientacion en anticoncepcion,2015-01-01,1,9,50,11,1,72
SAN MIGUEL DE VELASCO,"anticoncepcion, prevencion de its y de cancer de cuello uterino",numero de personas que recibieron orientacion en anticoncepcion,2015-01-01,2,9,55,23,2,91
SAN PABLO DE LIPEZ,"anticoncepcion, prevencion de its y de cancer de cuello uterino",numero de personas que recibieron orientacion en anticoncepcion,2015-01-01,0,0,2,0,0,2
SAN PEDRO,"anticoncepcion, prevencion de its y de cancer de cuello uterino",numero de personas que recibieron orientacion en anticoncepcion,2015-01-01,0,7,51,29,3,90
SAN PEDRO DE BUENA VISTA,"anticoncepcion, prevencion de its y de cancer de cuello uterino",numero de personas que recibieron orientacion en anticoncepcion,2015-01-01,0,3,49,15,0,67
SAN PEDRO DE CURAHUARA,"anticoncepcion, prevencion de its y de cancer de cuello uterino",numero de personas que recibieron orientacion en anticoncepcion,2015-01-01,0,2,5,1,0,8
SAN PEDRO DE TIQUINA,"anticoncepcion, prevencion de its y de cancer de cuello uterino",numero de personas que recibieron orientacion en anticoncepcion,2015-01-01,2,2,14,1,5,24
SAN PEDRO(PND),"anticoncepcion, prevencion de its y de cancer de cuello uterino",numero de personas que recibieron orientacion en anticoncepcion,2015-01-01,0,1,0,0,0,1
SAN RAFAEL,"anticoncepcion, prevencion de its y de cancer de cuello uterino",numero de personas que recibieron orientacion en anticoncepcion,2015-01-01,0,25,76,18,0,119
SAN RAMON BENI,"anticoncepcion, prevencion de its y de cancer de cuello uterino",numero de personas que recibieron orientacion en anticoncepcion,2015-01-01,0,5,31,3,1,40
SAN RAMON SCZ,"anticoncepcion, prevencion de its y de cancer de cuello uterino",numero de personas que recibieron orientacion en anticoncepcion,2015-01-01,29,36,45,0,0,110
SANTA ANA,"anticoncepcion, prevencion de its y de cancer de cuello uterino",numero de personas que recibieron orientacion en anticoncepcion,2015-01-01,7,56,152,37,4,256
SANTA CRUZ DE LA SIERRA,"anticoncepcion, prevencion de its y de cancer de cuello uterino",numero de personas que recibieron orientacion en anticoncepcion,2015-01-01,190,661,2172,474,23,3520
SANTA ROSA,"anticoncepcion, prevencion de its y de cancer de cuello uterino",numero de personas que recibieron orientacion en anticoncepcion,2015-01-01,0,4,27,9,0,40
SANTA ROSA DEL SARA,"anticoncepcion, prevencion de its y de cancer de cuello uterino",numero de personas que recibieron orientacion en anticoncepcion,2015-01-01,4,4,22,5,0,35
SANTIAGO DE CALLAPA,"anticoncepcion, prevencion de its y de cancer de cuello uterino",numero de personas que recibieron orientacion en anticoncepcion,2015-01-01,0,1,1,0,0,2
SANTIAGO DE HUARI,"anticoncepcion, prevencion de its y de cancer de cuello uterino",numero de personas que recibieron orientacion en anticoncepcion,2015-01-01,0,6,31,9,0,46
SANTIAGO DE HUATA,"anticoncepcion, prevencion de its y de cancer de cuello uterino",numero de personas que recibieron orientacion en anticoncepcion,2015-01-01,0,3,10,3,1,17
SANTIAGO DE MACHACA,"anticoncepcion, prevencion de its y de cancer de cuello uterino",numero de personas que recibieron orientacion en anticoncepcion,2015-01-01,0,0,2,0,0,2
SANTIVAÑES,"anticoncepcion, prevencion de its y de cancer de cuello uterino",numero de personas que recibieron orientacion en anticoncepcion,2015-01-01,3,3,13,0,0,19
SANTUARIO DE QUILLACAS,"anticoncepcion, prevencion de its y de cancer de cuello uterino",numero de personas que recibieron orientacion en anticoncepcion,2015-01-01,0,2,13,2,0,17
SAPAHAQUI,"anticoncepcion, prevencion de its y de cancer de cuello uterino",numero de personas que recibieron orientacion en anticoncepcion,2015-01-01,0,1,8,3,0,12
SENA,"anticoncepcion, prevencion de its y de cancer de cuello uterino",numero de personas que recibieron orientacion en anticoncepcion,2015-01-01,0,7,8,6,0,21
SHINAOTA,"anticoncepcion, prevencion de its y de cancer de cuello uterino",numero de personas que recibieron orientacion en anticoncepcion,2015-01-01,0,13,14,3,0,30
SICA SICA (VILLA AROMA),"anticoncepcion, prevencion de its y de cancer de cuello uterino",numero de personas que recibieron orientacion en anticoncepcion,2015-01-01,0,9,18,15,0,42
SICAYA,"anticoncepcion, prevencion de its y de cancer de cuello uterino",numero de personas que recibieron orientacion en anticoncepcion,2015-01-01,0,2,19,7,0,28
SIPE SIPE,"anticoncepcion, prevencion de its y de cancer de cuello uterino",numero de personas que recibieron orientacion en anticoncepcion,2015-01-01,2,51,233,58,4,348
SOPACHUY,"anticoncepcion, prevencion de its y de cancer de cuello uterino",numero de personas que recibieron orientacion en anticoncepcion,2015-01-01,1,21,72,41,1,136
SORACACHI,"anticoncepcion, prevencion de its y de cancer de cuello uterino",numero de personas que recibieron orientacion en anticoncepcion,2015-01-01,0,14,17,10,0,41
SORATA,"anticoncepcion, prevencion de its y de cancer de cuello uterino",numero de personas que recibieron orientacion en anticoncepcion,2015-01-01,1,1,26,9,0,37
SUCRE,"anticoncepcion, prevencion de its y de cancer de cuello uterino",numero de personas que recibieron orientacion en anticoncepcion,2015-01-01,11,388,1619,670,29,2717
TACACHI,"anticoncepcion, prevencion de its y de cancer de cuello uterino",numero de personas que recibieron orientacion en anticoncepcion,2015-01-01,0,0,0,1,0,1
TACACOMA,"anticoncepcion, prevencion de its y de cancer de cuello uterino",numero de personas que recibieron orientacion en anticoncepcion,2015-01-01,0,1,6,0,0,7
TACOBAMBA,"anticoncepcion, prevencion de its y de cancer de cuello uterino",numero de personas que recibieron orientacion en anticoncepcion,2015-01-01,0,0,5,1,0,6
TACOPAYA,"anticoncepcion, prevencion de its y de cancer de cuello uterino",numero de personas que recibieron orientacion en anticoncepcion,2015-01-01,0,2,21,10,0,33
TAHUA,"anticoncepcion, prevencion de its y de cancer de cuello uterino",numero de personas que recibieron orientacion en anticoncepcion,2015-01-01,0,0,5,2,0,7
TAPACARI,"anticoncepcion, prevencion de its y de cancer de cuello uterino",numero de personas que recibieron orientacion en anticoncepcion,2015-01-01,0,15,27,4,0,46
TARABUCO,"anticoncepcion, prevencion de its y de cancer de cuello uterino",numero de personas que recibieron orientacion en anticoncepcion,2015-01-01,0,5,35,24,4,68
TARACO,"anticoncepcion, prevencion de its y de cancer de cuello uterino",numero de personas que recibieron orientacion en anticoncepcion,2015-01-01,0,4,8,1,0,13
TARATA,"anticoncepcion, prevencion de its y de cancer de cuello uterino",numero de personas que recibieron orientacion en anticoncepcion,2015-01-01,0,1,2,0,0,3
TARIJA,"anticoncepcion, prevencion de its y de cancer de cuello uterino",numero de personas que recibieron orientacion en anticoncepcion,2015-01-01,56,172,583,164,34,1009
TARVITA,"anticoncepcion, prevencion de its y de cancer de cuello uterino",numero de personas que recibieron orientacion en anticoncepcion,2015-01-01,0,9,58,34,1,102
TEOPONTE,"anticoncepcion, prevencion de its y de cancer de cuello uterino",numero de personas que recibieron orientacion en anticoncepcion,2015-01-01,0,3,7,2,0,12
TIAWANACU,"anticoncepcion, prevencion de its y de cancer de cuello uterino",numero de personas que recibieron orientacion en anticoncepcion,2015-01-01,0,6,20,8,3,37
TINGUIPAYA,"anticoncepcion, prevencion de its y de cancer de cuello uterino",numero de personas que recibieron orientacion en anticoncepcion,2015-01-01,0,3,12,6,0,21
TIPUANI,"anticoncepcion, prevencion de its y de cancer de cuello uterino",numero de personas que recibieron orientacion en anticoncepcion,2015-01-01,0,6,5,0,0,11
TIQUIPAYA,"anticoncepcion, prevencion de its y de cancer de cuello uterino",numero de personas que recibieron orientacion en anticoncepcion,2015-01-01,24,69,161,103,16,373
TIRAQUE (CBBA),"anticoncepcion, prevencion de its y de cancer de cuello uterino",numero de personas que recibieron orientacion en anticoncepcion,2015-01-01,0,25,53,13,0,91
TITO YUPANQUI (PARQUIPUJIO),"anticoncepcion, prevencion de its y de cancer de cuello uterino",numero de personas que recibieron orientacion en anticoncepcion,2015-01-01,0,0,1,0,0,1
TOCO,"anticoncepcion, prevencion de its y de cancer de cuello uterino",numero de personas que recibieron orientacion en anticoncepcion,2015-01-01,0,7,24,11,1,43
TODOS SANTOS,"anticoncepcion, prevencion de its y de cancer de cuello uterino",numero de personas que recibieron orientacion en anticoncepcion,2015-01-01,0,0,1,2,0,3
TOLATA,"anticoncepcion, prevencion de its y de cancer de cuello uterino",numero de personas que recibieron orientacion en anticoncepcion,2015-01-01,0,7,16,3,0,26
TOLEDO,"anticoncepcion, prevencion de its y de cancer de cuello uterino",numero de personas que recibieron orientacion en anticoncepcion,2015-01-01,0,2,10,6,0,18
TOMAVE,"anticoncepcion, prevencion de its y de cancer de cuello uterino",numero de personas que recibieron orientacion en anticoncepcion,2015-01-01,0,4,10,5,0,19
TOMINA,"anticoncepcion, prevencion de its y de cancer de cuello uterino",numero de personas que recibieron orientacion en anticoncepcion,2015-01-01,0,6,23,11,0,40
TORO TORO,"anticoncepcion, prevencion de its y de cancer de cuello uterino",numero de personas que recibieron orientacion en anticoncepcion,2015-01-01,0,5,16,7,1,29
TOTORA(CBBA),"anticoncepcion, prevencion de its y de cancer de cuello uterino",numero de personas que recibieron orientacion en anticoncepcion,2015-01-01,3,59,102,40,0,204
TOTORA(ORR),"anticoncepcion, prevencion de its y de cancer de cuello uterino",numero de personas que recibieron orientacion en anticoncepcion,2015-01-01,1,1,20,10,2,34
TRINIDAD,"anticoncepcion, prevencion de its y de cancer de cuello uterino",numero de personas que recibieron orientacion en anticoncepcion,2015-01-01,35,231,827,146,16,1255
TUPIZA,"anticoncepcion, prevencion de its y de cancer de cuello uterino",numero de personas que recibieron orientacion en anticoncepcion,2015-01-01,0,18,93,45,7,163
TURCO,"anticoncepcion, prevencion de its y de cancer de cuello uterino",numero de personas que recibieron orientacion en anticoncepcion,2015-01-01,0,2,23,14,0,39
UMALA,"anticoncepcion, prevencion de its y de cancer de cuello uterino",numero de personas que recibieron orientacion en anticoncepcion,2015-01-01,0,0,4,2,0,6
UNCIA,"anticoncepcion, prevencion de its y de cancer de cuello uterino",numero de personas que recibieron orientacion en anticoncepcion,2015-01-01,0,3,27,4,0,34
URIONDO (A. CONCEPCION),"anticoncepcion, prevencion de its y de cancer de cuello uterino",numero de personas que recibieron orientacion en anticoncepcion,2015-01-01,0,12,86,34,2,134
URUBICHA,"anticoncepcion, prevencion de its y de cancer de cuello uterino",numero de personas que recibieron orientacion en anticoncepcion,2015-01-01,0,4,19,14,0,37
UYUNI,"anticoncepcion, prevencion de its y de cancer de cuello uterino",numero de personas que recibieron orientacion en anticoncepcion,2015-01-01,0,14,67,11,0,92
VACAS,"anticoncepcion, prevencion de its y de cancer de cuello uterino",numero de personas que recibieron orientacion en anticoncepcion,2015-01-01,0,11,42,22,0,75
VALLEGRANDE,"anticoncepcion, prevencion de its y de cancer de cuello uterino",numero de personas que recibieron orientacion en anticoncepcion,2015-01-01,0,7,13,1,0,21
VIACHA,"anticoncepcion, prevencion de its y de cancer de cuello uterino",numero de personas que recibieron orientacion en anticoncepcion,2015-01-01,0,12,102,54,2,170
VILA VILA,"anticoncepcion, prevencion de its y de cancer de cuello uterino",numero de personas que recibieron orientacion en anticoncepcion,2015-01-01,0,1,3,3,0,7
VILLA CHARCAS,"anticoncepcion, prevencion de its y de cancer de cuello uterino",numero de personas que recibieron orientacion en anticoncepcion,2015-01-01,0,12,36,16,0,64
VILLA MONTES,"anticoncepcion, prevencion de its y de cancer de cuello uterino",numero de personas que recibieron orientacion en anticoncepcion,2015-01-01,9,30,132,92,21,284
VILLA NUEVA (LOMA ALTA),"anticoncepcion, prevencion de its y de cancer de cuello uterino",numero de personas que recibieron orientacion en anticoncepcion,2015-01-01,0,1,3,1,1,6
VILLA SERRANO,"anticoncepcion, prevencion de its y de cancer de cuello uterino",numero de personas que recibieron orientacion en anticoncepcion,2015-01-01,1,8,51,34,2,96
VILLA TUNARI,"anticoncepcion, prevencion de its y de cancer de cuello uterino",numero de personas que recibieron orientacion en anticoncepcion,2015-01-01,1,36,170,44,2,253
VILLA VACA GUZMAN (MUYUPAMPA),"anticoncepcion, prevencion de its y de cancer de cuello uterino",numero de personas que recibieron orientacion en anticoncepcion,2015-01-01,2,4,55,19,0,80
VILLAZON,"anticoncepcion, prevencion de its y de cancer de cuello uterino",numero de personas que recibieron orientacion en anticoncepcion,2015-01-01,0,10,34,16,7,67
VINTO,"anticoncepcion, prevencion de its y de cancer de cuello uterino",numero de personas que recibieron orientacion en anticoncepcion,2015-01-01,1,65,126,31,0,223
VITICHI,"anticoncepcion, prevencion de its y de cancer de cuello uterino",numero de personas que recibieron orientacion en anticoncepcion,2015-01-01,0,2,14,9,1,26
WARNES,"anticoncepcion, prevencion de its y de cancer de cuello uterino",numero de personas que recibieron orientacion en anticoncepcion,2015-01-01,3,23,99,23,1,149
YACO,"anticoncepcion, prevencion de its y de cancer de cuello uterino",numero de personas que recibieron orientacion en anticoncepcion,2015-01-01,0,0,1,0,0,1
YACUIBA,"anticoncepcion, prevencion de its y de cancer de cuello uterino",numero de personas que recibieron orientacion en anticoncepcion,2015-01-01,7,104,529,254,34,928
YAMPARAEZ,"anticoncepcion, prevencion de its y de cancer de cuello uterino",numero de personas que recibieron orientacion en anticoncepcion,2015-01-01,0,3,13,21,3,40
YANACACHI,"anticoncepcion, prevencion de its y de cancer de cuello uterino",numero de personas que recibieron orientacion en anticoncepcion,2015-01-01,0,2,13,1,0,16
YAPACANI,"anticoncepcion, prevencion de its y de cancer de cuello uterino",numero de personas que recibieron orientacion en anticoncepcion,2015-01-01,5,17,36,31,0,89
YOCALLA,"anticoncepcion, prevencion de its y de cancer de cuello uterino",numero de personas que recibieron orientacion en anticoncepcion,2015-01-01,0,0,3,1,0,4
YOTALA,"anticoncepcion, prevencion de its y de cancer de cuello uterino",numero de personas que recibieron orientacion en anticoncepcion,2015-01-01,0,13,31,27,0,71
YUNCHARA,"anticoncepcion, prevencion de its y de cancer de cuello uterino",numero de personas que recibieron orientacion en anticoncepcion,2015-01-01,0,6,25,10,0,41
ZUDAÑEZ,"anticoncepcion, prevencion de its y de cancer de cuello uterino",numero de personas que recibieron orientacion en anticoncepcion,2015-01-01,0,4,6,1,0,11
ACACIO,"anticoncepcion, prevencion de its y de cancer de cuello uterino",numero de personas que recibieron orientacion en anticoncepcion,2015-02-01,0,1,6,6,1,14
ACHACACHI,"anticoncepcion, prevencion de its y de cancer de cuello uterino",numero de personas que recibieron orientacion en anticoncepcion,2015-02-01,0,3,64,38,0,105
AIQUILE,"anticoncepcion, prevencion de its y de cancer de cuello uterino",numero de personas que recibieron orientacion en anticoncepcion,2015-02-01,0,5,26,7,1,39
ALALAY,"anticoncepcion, prevencion de its y de cancer de cuello uterino",numero de personas que recibieron orientacion en anticoncepcion,2015-02-01,0,0,3,4,0,7
ALCALA,"anticoncepcion, prevencion de its y de cancer de cuello uterino",numero de personas que recibieron orientacion en anticoncepcion,2015-02-01,0,2,3,0,0,5
ALTO BENI,"anticoncepcion, prevencion de its y de cancer de cuello uterino",numero de personas que recibieron orientacion en anticoncepcion,2015-02-01,0,3,9,1,0,13
ANCORAIMES,"anticoncepcion, prevencion de its y de cancer de cuello uterino",numero de personas que recibieron orientacion en anticoncepcion,2015-02-01,0,3,7,7,0,17
ANDAMARCA,"anticoncepcion, prevencion de its y de cancer de cuello uterino",numero de personas que recibieron orientacion en anticoncepcion,2015-02-01,0,5,8,3,0,16
ANTEQUERA,"anticoncepcion, prevencion de its y de cancer de cuello uterino",numero de personas que recibieron orientacion en anticoncepcion,2015-02-01,0,1,22,6,0,29
ANZALDO,"anticoncepcion, prevencion de its y de cancer de cuello uterino",numero de personas que recibieron orientacion en anticoncepcion,2015-02-01,0,5,16,1,0,22
APOLO,"anticoncepcion, prevencion de its y de cancer de cuello uterino",numero de personas que recibieron orientacion en anticoncepcion,2015-02-01,0,1,1,2,0,4
ARAMPAMPA,"anticoncepcion, prevencion de its y de cancer de cuello uterino",numero de personas que recibieron orientacion en anticoncepcion,2015-02-01,0,0,11,10,0,21
ARANI,"anticoncepcion, prevencion de its y de cancer de cuello uterino",numero de personas que recibieron orientacion en anticoncepcion,2015-02-01,0,2,10,1,0,13
ARBIETO,"anticoncepcion, prevencion de its y de cancer de cuello uterino",numero de personas que recibieron orientacion en anticoncepcion,2015-02-01,36,22,40,12,0,110
ARQUE,"anticoncepcion, prevencion de its y de cancer de cuello uterino",numero de personas que recibieron orientacion en anticoncepcion,2015-02-01,0,1,29,21,0,51
ASCENCION DE GUARAYOS,"anticoncepcion, prevencion de its y de cancer de cuello uterino",numero de personas que recibieron orientacion en anticoncepcion,2015-02-01,1,25,47,14,0,87
AUCAPATA,"anticoncepcion, prevencion de its y de cancer de cuello uterino",numero de personas que recibieron orientacion en anticoncepcion,2015-02-01,0,0,1,0,0,1
AYATA,"anticoncepcion, prevencion de its y de cancer de cuello uterino",numero de personas que recibieron orientacion en anticoncepcion,2015-02-01,0,0,4,2,0,6
AYO AYO,"anticoncepcion, prevencion de its y de cancer de cuello uterino",numero de personas que recibieron orientacion en anticoncepcion,2015-02-01,0,1,12,2,0,15
AYOPAYA (V. DE INDEPENDENCIA),"anticoncepcion, prevencion de its y de cancer de cuello uterino",numero de personas que recibieron orientacion en anticoncepcion,2015-02-01,0,15,85,26,0,126
AZURDUY,"anticoncepcion, prevencion de its y de cancer de cuello uterino",numero de personas que recibieron orientacion en anticoncepcion,2015-02-01,2,10,59,29,2,102
BATALLAS,"anticoncepcion, prevencion de its y de cancer de cuello uterino",numero de personas que recibieron orientacion en anticoncepcion,2015-02-01,0,3,37,11,0,51
BAURES,"anticoncepcion, prevencion de its y de cancer de cuello uterino",numero de personas que recibieron orientacion en anticoncepcion,2015-02-01,0,19,21,10,0,50
BELEN DE ANDAMARCA,"anticoncepcion, prevencion de its y de cancer de cuello uterino",numero de personas que recibieron orientacion en anticoncepcion,2015-02-01,0,1,2,0,0,3
BELEN DE URMIRI,"anticoncepcion, prevencion de its y de cancer de cuello uterino",numero de personas que recibieron orientacion en anticoncepcion,2015-02-01,0,2,7,2,0,11
BELLA FLOR,"anticoncepcion, prevencion de its y de cancer de cuello uterino",numero de personas que recibieron orientacion en anticoncepcion,2015-02-01,0,1,11,3,0,15
BERMEJO,"anticoncepcion, prevencion de its y de cancer de cuello uterino",numero de personas que recibieron orientacion en anticoncepcion,2015-02-01,2,24,144,41,10,221
BETANZOS,"anticoncepcion, prevencion de its y de cancer de cuello uterino",numero de personas que recibieron orientacion en anticoncepcion,2015-02-01,0,10,34,8,1,53
BOLIVAR,"anticoncepcion, prevencion de its y de cancer de cuello uterino",numero de personas que recibieron orientacion en anticoncepcion,2015-02-01,0,0,12,7,0,19
BOYUIBE,"anticoncepcion, prevencion de its y de cancer de cuello uterino",numero de personas que recibieron orientacion en anticoncepcion,2015-02-01,0,0,5,1,0,6
BUENA VISTA,"anticoncepcion, prevencion de its y de cancer de cuello uterino",numero de personas que recibieron orientacion en anticoncepcion,2015-02-01,0,10,32,9,0,51
CABEZAS,"anticoncepcion, prevencion de its y de cancer de cuello uterino",numero de personas que recibieron orientacion en anticoncepcion,2015-02-01,1,14,45,13,2,75
CAIROMA,"anticoncepcion, prevencion de its y de cancer de cuello uterino",numero de personas que recibieron orientacion en anticoncepcion,2015-02-01,0,0,12,2,0,14
"CAIZA ""D""","anticoncepcion, prevencion de its y de cancer de cuello uterino",numero de personas que recibieron orientacion en anticoncepcion,2015-02-01,0,2,26,7,2,37
CAJUATA,"anticoncepcion, prevencion de its y de cancer de cuello uterino",numero de personas que recibieron orientacion en anticoncepcion,2015-02-01,0,10,18,6,1,35
CALACOTO,"anticoncepcion, prevencion de its y de cancer de cuello uterino",numero de personas que recibieron orientacion en anticoncepcion,2015-02-01,0,0,1,4,0,5
CALAMARCA,"anticoncepcion, prevencion de its y de cancer de cuello uterino",numero de personas que recibieron orientacion en anticoncepcion,2015-02-01,0,7,20,12,1,40
CAMARGO,"anticoncepcion, prevencion de its y de cancer de cuello uterino",numero de personas que recibieron orientacion en anticoncepcion,2015-02-01,0,2,8,4,0,14
CAMATAQUI (C. VILLA ABECIA),"anticoncepcion, prevencion de its y de cancer de cuello uterino",numero de personas que recibieron orientacion en anticoncepcion,2015-02-01,0,2,22,6,5,35
CAMIRI,"anticoncepcion, prevencion de its y de cancer de cuello uterino",numero de personas que recibieron orientacion en anticoncepcion,2015-02-01,0,4,22,4,0,30
CAPINOTA,"anticoncepcion, prevencion de its y de cancer de cuello uterino",numero de personas que recibieron orientacion en anticoncepcion,2015-02-01,0,2,24,4,0,30
CAQUIAVIRI,"anticoncepcion, prevencion de its y de cancer de cuello uterino",numero de personas que recibieron orientacion en anticoncepcion,2015-02-01,0,3,7,0,0,10
CARACOLLO,"anticoncepcion, prevencion de its y de cancer de cuello uterino",numero de personas que recibieron orientacion en anticoncepcion,2015-02-01,0,6,61,35,0,102
CARANAVI,"anticoncepcion, prevencion de its y de cancer de cuello uterino",numero de personas que recibieron orientacion en anticoncepcion,2015-02-01,1,39,227,78,17,362
CARANGAS,"anticoncepcion, prevencion de its y de cancer de cuello uterino",numero de personas que recibieron orientacion en anticoncepcion,2015-02-01,0,0,1,0,0,1
CARAPARI,"anticoncepcion, prevencion de its y de cancer de cuello uterino",numero de personas que recibieron orientacion en anticoncepcion,2015-02-01,0,3,30,21,1,55
CARIPUYO,"anticoncepcion, prevencion de its y de cancer de cuello uterino",numero de personas que recibieron orientacion en anticoncepcion,2015-02-01,0,6,23,12,1,42
CARMEN RIVERO TORREZ,"anticoncepcion, prevencion de its y de cancer de cuello uterino",numero de personas que recibieron orientacion en anticoncepcion,2015-02-01,1,2,7,6,0,16
CHACARILLA,"anticoncepcion, prevencion de its y de cancer de cuello uterino",numero de personas que recibieron orientacion en anticoncepcion,2015-02-01,0,0,2,1,1,4
CHALLAPATA,"anticoncepcion, prevencion de its y de cancer de cuello uterino",numero de personas que recibieron orientacion en anticoncepcion,2015-02-01,0,30,108,31,0,169
CHAQUI,"anticoncepcion, prevencion de its y de cancer de cuello uterino",numero de personas que recibieron orientacion en anticoncepcion,2015-02-01,0,8,42,10,1,61
CHARAGUA,"anticoncepcion, prevencion de its y de cancer de cuello uterino",numero de personas que recibieron orientacion en anticoncepcion,2015-02-01,0,3,23,10,0,36
CHAYANTA,"anticoncepcion, prevencion de its y de cancer de cuello uterino",numero de personas que recibieron orientacion en anticoncepcion,2015-02-01,0,3,29,6,0,38
CHIMORE,"anticoncepcion, prevencion de its y de cancer de cuello uterino",numero de personas que recibieron orientacion en anticoncepcion,2015-02-01,1,20,99,34,2,156
CHIPAYA,"anticoncepcion, prevencion de its y de cancer de cuello uterino",numero de personas que recibieron orientacion en anticoncepcion,2015-02-01,0,12,14,3,0,29
CHOQUE COTA,"anticoncepcion, prevencion de its y de cancer de cuello uterino",numero de personas que recibieron orientacion en anticoncepcion,2015-02-01,0,0,2,1,0,3
CHUA COCANI,"anticoncepcion, prevencion de its y de cancer de cuello uterino",numero de personas que recibieron orientacion en anticoncepcion,2015-02-01,0,0,3,1,0,4
CHULUMANI (V. DE LA LIBERTAD),"anticoncepcion, prevencion de its y de cancer de cuello uterino",numero de personas que recibieron orientacion en anticoncepcion,2015-02-01,2,8,36,5,0,51
CHUMA,"anticoncepcion, prevencion de its y de cancer de cuello uterino",numero de personas que recibieron orientacion en anticoncepcion,2015-02-01,0,2,5,2,0,9
CHUQUIHUTA AYLLU JUCUMANI,"anticoncepcion, prevencion de its y de cancer de cuello uterino",numero de personas que recibieron orientacion en anticoncepcion,2015-02-01,0,6,25,5,0,36
CKOCHAS,"anticoncepcion, prevencion de its y de cancer de cuello uterino",numero de personas que recibieron orientacion en anticoncepcion,2015-02-01,2,5,17,15,1,40
CLIZA,"anticoncepcion, prevencion de its y de cancer de cuello uterino",numero de personas que recibieron orientacion en anticoncepcion,2015-02-01,0,6,47,19,1,73
COBIJA,"anticoncepcion, prevencion de its y de cancer de cuello uterino",numero de personas que recibieron orientacion en anticoncepcion,2015-02-01,1,22,90,22,2,137
COCAPATA,"anticoncepcion, prevencion de its y de cancer de cuello uterino",numero de personas que recibieron orientacion en anticoncepcion,2015-02-01,3,8,85,20,0,116
COCHABAMBA,"anticoncepcion, prevencion de its y de cancer de cuello uterino",numero de personas que recibieron orientacion en anticoncepcion,2015-02-01,39,454,2083,690,14,3280
COIPASA,"anticoncepcion, prevencion de its y de cancer de cuello uterino",numero de personas que recibieron orientacion en anticoncepcion,2015-02-01,0,0,5,1,0,6
COLCAPIRHUA,"anticoncepcion, prevencion de its y de cancer de cuello uterino",numero de personas que recibieron orientacion en anticoncepcion,2015-02-01,37,108,532,63,19,759
"COLCHA ""K""","anticoncepcion, prevencion de its y de cancer de cuello uterino",numero de personas que recibieron orientacion en anticoncepcion,2015-02-01,0,3,18,6,1,28
COLLANA,"anticoncepcion, prevencion de its y de cancer de cuello uterino",numero de personas que recibieron orientacion en anticoncepcion,2015-02-01,0,2,4,1,0,7
COLOMI,"anticoncepcion, prevencion de its y de cancer de cuello uterino",numero de personas que recibieron orientacion en anticoncepcion,2015-02-01,0,6,31,7,1,45
COLPA BELGICA,"anticoncepcion, prevencion de its y de cancer de cuello uterino",numero de personas que recibieron orientacion en anticoncepcion,2015-02-01,0,4,10,3,0,17
COLQUECHACA,"anticoncepcion, prevencion de its y de cancer de cuello uterino",numero de personas que recibieron orientacion en anticoncepcion,2015-02-01,0,4,13,13,0,30
COLQUENCHA,"anticoncepcion, prevencion de its y de cancer de cuello uterino",numero de personas que recibieron orientacion en anticoncepcion,2015-02-01,0,0,0,2,0,2
COLQUIRI,"anticoncepcion, prevencion de its y de cancer de cuello uterino",numero de personas que recibieron orientacion en anticoncepcion,2015-02-01,0,3,13,7,0,23
COMANCHE,"anticoncepcion, prevencion de its y de cancer de cuello uterino",numero de personas que recibieron orientacion en anticoncepcion,2015-02-01,0,0,0,1,0,1
COMARAPA,"anticoncepcion, prevencion de its y de cancer de cuello uterino",numero de personas que recibieron orientacion en anticoncepcion,2015-02-01,15,27,24,10,0,76
COMBAYA,"anticoncepcion, prevencion de its y de cancer de cuello uterino",numero de personas que recibieron orientacion en anticoncepcion,2015-02-01,0,0,0,0,1,1
CONCEPCION,"anticoncepcion, prevencion de its y de cancer de cuello uterino",numero de personas que recibieron orientacion en anticoncepcion,2015-02-01,0,4,13,3,0,20
COPACABANA,"anticoncepcion, prevencion de its y de cancer de cuello uterino",numero de personas que recibieron orientacion en anticoncepcion,2015-02-01,1,2,37,25,4,69
CORIPATA,"anticoncepcion, prevencion de its y de cancer de cuello uterino",numero de personas que recibieron orientacion en anticoncepcion,2015-02-01,0,0,10,6,0,16
CORO CORO,"anticoncepcion, prevencion de its y de cancer de cuello uterino",numero de personas que recibieron orientacion en anticoncepcion,2015-02-01,0,0,10,1,0,11
COROICO,"anticoncepcion, prevencion de its y de cancer de cuello uterino",numero de personas que recibieron orientacion en anticoncepcion,2015-02-01,0,1,3,0,0,4
CORQUE,"anticoncepcion, prevencion de its y de cancer de cuello uterino",numero de personas que recibieron orientacion en anticoncepcion,2015-02-01,0,0,8,2,0,10
COTAGAITA,"anticoncepcion, prevencion de its y de cancer de cuello uterino",numero de personas que recibieron orientacion en anticoncepcion,2015-02-01,0,8,42,19,2,71
COTOCA,"anticoncepcion, prevencion de its y de cancer de cuello uterino",numero de personas que recibieron orientacion en anticoncepcion,2015-02-01,0,20,67,26,6,119
CRUZ DE MACHACAMARCA,"anticoncepcion, prevencion de its y de cancer de cuello uterino",numero de personas que recibieron orientacion en anticoncepcion,2015-02-01,0,0,2,0,0,2
CUATRO CAÑADAS,"anticoncepcion, prevencion de its y de cancer de cuello uterino",numero de personas que recibieron orientacion en anticoncepcion,2015-02-01,4,16,70,42,2,134
CUCHUMUELA (V. G. VILLARROEL),"anticoncepcion, prevencion de its y de cancer de cuello uterino",numero de personas que recibieron orientacion en anticoncepcion,2015-02-01,0,0,4,1,0,5
CUEVO,"anticoncepcion, prevencion de its y de cancer de cuello uterino",numero de personas que recibieron orientacion en anticoncepcion,2015-02-01,0,0,3,0,0,3
CULPINA,"anticoncepcion, prevencion de its y de cancer de cuello uterino",numero de personas que recibieron orientacion en anticoncepcion,2015-02-01,3,12,36,29,0,80
CURAHUARA DE CARANGAS,"anticoncepcion, prevencion de its y de cancer de cuello uterino",numero de personas que recibieron orientacion en anticoncepcion,2015-02-01,0,3,14,13,0,30
CURVA,"anticoncepcion, prevencion de its y de cancer de cuello uterino",numero de personas que recibieron orientacion en anticoncepcion,2015-02-01,0,0,4,0,0,4
DESAGUADERO,"anticoncepcion, prevencion de its y de cancer de cuello uterino",numero de personas que recibieron orientacion en anticoncepcion,2015-02-01,0,1,7,0,0,8
EL ALTO,"anticoncepcion, prevencion de its y de cancer de cuello uterino",numero de personas que recibieron orientacion en anticoncepcion,2015-02-01,3,458,1612,643,63,2779
EL CHORO,"anticoncepcion, prevencion de its y de cancer de cuello uterino",numero de personas que recibieron orientacion en anticoncepcion,2015-02-01,0,2,21,5,0,28
EL PUENTE(STC),"anticoncepcion, prevencion de its y de cancer de cuello uterino",numero de personas que recibieron orientacion en anticoncepcion,2015-02-01,2,19,44,18,1,84
EL PUENTE(TJA),"anticoncepcion, prevencion de its y de cancer de cuello uterino",numero de personas que recibieron orientacion en anticoncepcion,2015-02-01,0,4,51,26,2,83
EL TORNO,"anticoncepcion, prevencion de its y de cancer de cuello uterino",numero de personas que recibieron orientacion en anticoncepcion,2015-02-01,0,18,43,11,4,76
EL VILLAR,"anticoncepcion, prevencion de its y de cancer de cuello uterino",numero de personas que recibieron orientacion en anticoncepcion,2015-02-01,0,3,26,18,2,49
ENTRE RIOS TRJ,"anticoncepcion, prevencion de its y de cancer de cuello uterino",numero de personas que recibieron orientacion en anticoncepcion,2015-02-01,1,22,32,17,0,72
ENTRE RIOS CBBA,"anticoncepcion, prevencion de its y de cancer de cuello uterino",numero de personas que recibieron orientacion en anticoncepcion,2015-02-01,0,27,75,20,0,122
ESCOMA,"anticoncepcion, prevencion de its y de cancer de cuello uterino",numero de personas que recibieron orientacion en anticoncepcion,2015-02-01,0,0,2,0,0,2
ESMERALDA,"anticoncepcion, prevencion de its y de cancer de cuello uterino",numero de personas que recibieron orientacion en anticoncepcion,2015-02-01,0,0,2,0,0,2
EUCALIPTUS,"anticoncepcion, prevencion de its y de cancer de cuello uterino",numero de personas que recibieron orientacion en anticoncepcion,2015-02-01,0,0,8,7,0,15
EUREKA (SANTOS MERCADO),"anticoncepcion, prevencion de its y de cancer de cuello uterino",numero de personas que recibieron orientacion en anticoncepcion,2015-02-01,0,1,6,3,0,10
EXALTACION,"anticoncepcion, prevencion de its y de cancer de cuello uterino",numero de personas que recibieron orientacion en anticoncepcion,2015-02-01,0,1,2,0,0,3
FERNANDEZ ALONSO,"anticoncepcion, prevencion de its y de cancer de cuello uterino",numero de personas que recibieron orientacion en anticoncepcion,2015-02-01,4,14,79,23,12,132
FILADELFIA,"anticoncepcion, prevencion de its y de cancer de cuello uterino",numero de personas que recibieron orientacion en anticoncepcion,2015-02-01,1,2,13,3,0,19
GENERAL SAAVEDRA,"anticoncepcion, prevencion de its y de cancer de cuello uterino",numero de personas que recibieron orientacion en anticoncepcion,2015-02-01,1,5,45,13,1,65
GRAL. J.J. PEREZ (CHARAZANI),"anticoncepcion, prevencion de its y de cancer de cuello uterino",numero de personas que recibieron orientacion en anticoncepcion,2015-02-01,0,1,6,1,0,8
GUANAY,"anticoncepcion, prevencion de its y de cancer de cuello uterino",numero de personas que recibieron orientacion en anticoncepcion,2015-02-01,0,2,19,7,0,28
GUAQUI,"anticoncepcion, prevencion de its y de cancer de cuello uterino",numero de personas que recibieron orientacion en anticoncepcion,2015-02-01,0,7,10,3,0,20
GUAYARAMERIN,"anticoncepcion, prevencion de its y de cancer de cuello uterino",numero de personas que recibieron orientacion en anticoncepcion,2015-02-01,3,72,167,43,0,285
GUTIERREZ,"anticoncepcion, prevencion de its y de cancer de cuello uterino",numero de personas que recibieron orientacion en anticoncepcion,2015-02-01,0,0,3,0,0,3
HUACARETA,"anticoncepcion, prevencion de its y de cancer de cuello uterino",numero de personas que recibieron orientacion en anticoncepcion,2015-02-01,1,14,44,32,2,93
HUACAYA (VILLA DE HUACAYA),"anticoncepcion, prevencion de its y de cancer de cuello uterino",numero de personas que recibieron orientacion en anticoncepcion,2015-02-01,0,1,1,2,0,4
HUACHACALLA,"anticoncepcion, prevencion de its y de cancer de cuello uterino",numero de personas que recibieron orientacion en anticoncepcion,2015-02-01,0,0,4,0,0,4
HUANUNI,"anticoncepcion, prevencion de its y de cancer de cuello uterino",numero de personas que recibieron orientacion en anticoncepcion,2015-02-01,0,2,33,11,0,46
HUARINA,"anticoncepcion, prevencion de its y de cancer de cuello uterino",numero de personas que recibieron orientacion en anticoncepcion,2015-02-01,0,0,4,4,0,8
HUATAJATA,"anticoncepcion, prevencion de its y de cancer de cuello uterino",numero de personas que recibieron orientacion en anticoncepcion,2015-02-01,0,1,5,4,1,11
HUAYLLAMARCA,"anticoncepcion, prevencion de its y de cancer de cuello uterino",numero de personas que recibieron orientacion en anticoncepcion,2015-02-01,0,2,12,9,0,23
HUMANATA,"anticoncepcion, prevencion de its y de cancer de cuello uterino",numero de personas que recibieron orientacion en anticoncepcion,2015-02-01,0,0,11,4,0,15
ICHOCA,"anticoncepcion, prevencion de its y de cancer de cuello uterino",numero de personas que recibieron orientacion en anticoncepcion,2015-02-01,0,2,3,5,0,10
ICLA,"anticoncepcion, prevencion de its y de cancer de cuello uterino",numero de personas que recibieron orientacion en anticoncepcion,2015-02-01,0,9,59,60,11,139
INCAHUASI,"anticoncepcion, prevencion de its y de cancer de cuello uterino",numero de personas que recibieron orientacion en anticoncepcion,2015-02-01,0,4,20,5,1,30
INGAVI (HUMAITA),"anticoncepcion, prevencion de its y de cancer de cuello uterino",numero de personas que recibieron orientacion en anticoncepcion,2015-02-01,0,0,3,0,0,3
INQUISIVI,"anticoncepcion, prevencion de its y de cancer de cuello uterino",numero de personas que recibieron orientacion en anticoncepcion,2015-02-01,0,1,6,5,0,12
IRUPANA (VILLA DE LANZA),"anticoncepcion, prevencion de its y de cancer de cuello uterino",numero de personas que recibieron orientacion en anticoncepcion,2015-02-01,0,7,26,3,0,36
IXIAMAS,"anticoncepcion, prevencion de its y de cancer de cuello uterino",numero de personas que recibieron orientacion en anticoncepcion,2015-02-01,0,5,26,3,0,34
JESUS DE MACHACA,"anticoncepcion, prevencion de its y de cancer de cuello uterino",numero de personas que recibieron orientacion en anticoncepcion,2015-02-01,0,5,26,12,0,43
LA ASUNTA,"anticoncepcion, prevencion de its y de cancer de cuello uterino",numero de personas que recibieron orientacion en anticoncepcion,2015-02-01,0,5,41,10,0,56
LA GUARDIA,"anticoncepcion, prevencion de its y de cancer de cuello uterino",numero de personas que recibieron orientacion en anticoncepcion,2015-02-01,1,66,144,37,0,248
LA PAZ,"anticoncepcion, prevencion de its y de cancer de cuello uterino",numero de personas que recibieron orientacion en anticoncepcion,2015-02-01,8,189,2405,260,26,2888
LAGUNILLAS,"anticoncepcion, prevencion de its y de cancer de cuello uterino",numero de personas que recibieron orientacion en anticoncepcion,2015-02-01,0,1,12,2,0,15
LAJA,"anticoncepcion, prevencion de its y de cancer de cuello uterino",numero de personas que recibieron orientacion en anticoncepcion,2015-02-01,8,1,20,2,0,31
LAS CARRERAS,"anticoncepcion, prevencion de its y de cancer de cuello uterino",numero de personas que recibieron orientacion en anticoncepcion,2015-02-01,0,2,12,8,0,22
LICOMA PAMPA,"anticoncepcion, prevencion de its y de cancer de cuello uterino",numero de personas que recibieron orientacion en anticoncepcion,2015-02-01,0,3,4,2,0,9
LLALLAGUA,"anticoncepcion, prevencion de its y de cancer de cuello uterino",numero de personas que recibieron orientacion en anticoncepcion,2015-02-01,2,35,160,63,3,263
LLICA,"anticoncepcion, prevencion de its y de cancer de cuello uterino",numero de personas que recibieron orientacion en anticoncepcion,2015-02-01,0,0,5,2,0,7
LORETO,"anticoncepcion, prevencion de its y de cancer de cuello uterino",numero de personas que recibieron orientacion en anticoncepcion,2015-02-01,0,1,12,1,0,14
LURIBAY,"anticoncepcion, prevencion de its y de cancer de cuello uterino",numero de personas que recibieron orientacion en anticoncepcion,2015-02-01,0,4,13,8,0,25
MACHACAMARCA,"anticoncepcion, prevencion de its y de cancer de cuello uterino",numero de personas que recibieron orientacion en anticoncepcion,2015-02-01,0,0,11,5,0,16
MACHARETI,"anticoncepcion, prevencion de its y de cancer de cuello uterino",numero de personas que recibieron orientacion en anticoncepcion,2015-02-01,0,7,23,8,0,38
MAGDALENA,"anticoncepcion, prevencion de its y de cancer de cuello uterino",numero de personas que recibieron orientacion en anticoncepcion,2015-02-01,1,19,95,29,2,146
MAIRANA,"anticoncepcion, prevencion de its y de cancer de cuello uterino",numero de personas que recibieron orientacion en anticoncepcion,2015-02-01,1,7,25,5,0,38
MALLA,"anticoncepcion, prevencion de its y de cancer de cuello uterino",numero de personas que recibieron orientacion en anticoncepcion,2015-02-01,0,0,1,0,0,1
MAPIRI,"anticoncepcion, prevencion de its y de cancer de cuello uterino",numero de personas que recibieron orientacion en anticoncepcion,2015-02-01,0,1,8,11,2,22
MECAPACA,"anticoncepcion, prevencion de its y de cancer de cuello uterino",numero de personas que recibieron orientacion en anticoncepcion,2015-02-01,0,1,11,5,0,17
MINEROS,"anticoncepcion, prevencion de its y de cancer de cuello uterino",numero de personas que recibieron orientacion en anticoncepcion,2015-02-01,0,3,19,4,0,26
MIZQUE,"anticoncepcion, prevencion de its y de cancer de cuello uterino",numero de personas que recibieron orientacion en anticoncepcion,2015-02-01,1,12,48,24,0,85
MOCOMOCO,"anticoncepcion, prevencion de its y de cancer de cuello uterino",numero de personas que recibieron orientacion en anticoncepcion,2015-02-01,0,5,14,7,0,26
MOJINETE,"anticoncepcion, prevencion de its y de cancer de cuello uterino",numero de personas que recibieron orientacion en anticoncepcion,2015-02-01,0,0,6,3,0,9
MOJOCOYA,"anticoncepcion, prevencion de its y de cancer de cuello uterino",numero de personas que recibieron orientacion en anticoncepcion,2015-02-01,3,6,41,36,5,91
MONTEAGUDO,"anticoncepcion, prevencion de its y de cancer de cuello uterino",numero de personas que recibieron orientacion en anticoncepcion,2015-02-01,1,26,106,84,39,256
MONTERO,"anticoncepcion, prevencion de its y de cancer de cuello uterino",numero de personas que recibieron orientacion en anticoncepcion,2015-02-01,2,42,178,57,6,285
MORO MORO,"anticoncepcion, prevencion de its y de cancer de cuello uterino",numero de personas que recibieron orientacion en anticoncepcion,2015-02-01,0,0,1,0,0,1
MOROCHATA,"anticoncepcion, prevencion de its y de cancer de cuello uterino",numero de personas que recibieron orientacion en anticoncepcion,2015-02-01,2,8,64,28,2,104
NACEBE (SANTA ROSA DEL ABUNA),"anticoncepcion, prevencion de its y de cancer de cuello uterino",numero de personas que recibieron orientacion en anticoncepcion,2015-02-01,0,4,8,0,1,13
NUEVO MANOA (NUEVA ESPERANZA),"anticoncepcion, prevencion de its y de cancer de cuello uterino",numero de personas que recibieron orientacion en anticoncepcion,2015-02-01,0,1,9,0,0,10
OCURI,"anticoncepcion, prevencion de its y de cancer de cuello uterino",numero de personas que recibieron orientacion en anticoncepcion,2015-02-01,0,4,16,6,0,26
OKINAWA,"anticoncepcion, prevencion de its y de cancer de cuello uterino",numero de personas que recibieron orientacion en anticoncepcion,2015-02-01,0,6,15,6,0,27
OMEREQUE,"anticoncepcion, prevencion de its y de cancer de cuello uterino",numero de personas que recibieron orientacion en anticoncepcion,2015-02-01,0,5,13,11,1,30
ORURO,"anticoncepcion, prevencion de its y de cancer de cuello uterino",numero de personas que recibieron orientacion en anticoncepcion,2015-02-01,1,102,1038,494,26,1661
PADCAYA,"anticoncepcion, prevencion de its y de cancer de cuello uterino",numero de personas que recibieron orientacion en anticoncepcion,2015-02-01,0,12,43,22,0,77
PADILLA,"anticoncepcion, prevencion de its y de cancer de cuello uterino",numero de personas que recibieron orientacion en anticoncepcion,2015-02-01,1,13,96,51,4,165
PAILON,"anticoncepcion, prevencion de its y de cancer de cuello uterino",numero de personas que recibieron orientacion en anticoncepcion,2015-02-01,0,10,50,11,0,71
PALCA,"anticoncepcion, prevencion de its y de cancer de cuello uterino",numero de personas que recibieron orientacion en anticoncepcion,2015-02-01,1,6,17,6,1,31
PALOS BLANCOS,"anticoncepcion, prevencion de its y de cancer de cuello uterino",numero de personas que recibieron orientacion en anticoncepcion,2015-02-01,2,8,54,37,0,101
PAMPA AULLAGAS,"anticoncepcion, prevencion de its y de cancer de cuello uterino",numero de personas que recibieron orientacion en anticoncepcion,2015-02-01,0,0,6,4,0,10
PAMPA GRANDE,"anticoncepcion, prevencion de its y de cancer de cuello uterino",numero de personas que recibieron orientacion en anticoncepcion,2015-02-01,0,2,7,0,0,9
PAPEL PAMPA,"anticoncepcion, prevencion de its y de cancer de cuello uterino",numero de personas que recibieron orientacion en anticoncepcion,2015-02-01,0,4,4,1,0,9
PASORAPA,"anticoncepcion, prevencion de its y de cancer de cuello uterino",numero de personas que recibieron orientacion en anticoncepcion,2015-02-01,0,3,29,5,1,38
PATACAMAYA,"anticoncepcion, prevencion de its y de cancer de cuello uterino",numero de personas que recibieron orientacion en anticoncepcion,2015-02-01,0,1,1,0,0,2
PAZÑA,"anticoncepcion, prevencion de its y de cancer de cuello uterino",numero de personas que recibieron orientacion en anticoncepcion,2015-02-01,0,1,33,8,1,43
PELECHUCO,"anticoncepcion, prevencion de its y de cancer de cuello uterino",numero de personas que recibieron orientacion en anticoncepcion,2015-02-01,0,2,7,3,1,13
POCOATA,"anticoncepcion, prevencion de its y de cancer de cuello uterino",numero de personas que recibieron orientacion en anticoncepcion,2015-02-01,0,7,57,25,2,91
POCONA,"anticoncepcion, prevencion de its y de cancer de cuello uterino",numero de personas que recibieron orientacion en anticoncepcion,2015-02-01,0,20,52,37,1,110
POJO (CBBA),"anticoncepcion, prevencion de its y de cancer de cuello uterino",numero de personas que recibieron orientacion en anticoncepcion,2015-02-01,4,13,15,13,0,45
POOPO,"anticoncepcion, prevencion de its y de cancer de cuello uterino",numero de personas que recibieron orientacion en anticoncepcion,2015-02-01,0,0,18,0,0,18
PORCO,"anticoncepcion, prevencion de its y de cancer de cuello uterino",numero de personas que recibieron orientacion en anticoncepcion,2015-02-01,0,6,32,8,0,46
POROMA,"anticoncepcion, prevencion de its y de cancer de cuello uterino",numero de personas que recibieron orientacion en anticoncepcion,2015-02-01,1,22,71,48,0,142
PORONGO,"anticoncepcion, prevencion de its y de cancer de cuello uterino",numero de personas que recibieron orientacion en anticoncepcion,2015-02-01,1,6,48,21,1,77
PORVENIR,"anticoncepcion, prevencion de its y de cancer de cuello uterino",numero de personas que recibieron orientacion en anticoncepcion,2015-02-01,3,5,14,4,0,26
POSTRER VALLE,"anticoncepcion, prevencion de its y de cancer de cuello uterino",numero de personas que recibieron orientacion en anticoncepcion,2015-02-01,0,3,1,1,0,5
POTOSI,"anticoncepcion, prevencion de its y de cancer de cuello uterino",numero de personas que recibieron orientacion en anticoncepcion,2015-02-01,0,48,307,146,4,505
PRESTO,"anticoncepcion, prevencion de its y de cancer de cuello uterino",numero de personas que recibieron orientacion en anticoncepcion,2015-02-01,0,14,69,51,2,136
PUCARA,"anticoncepcion, prevencion de its y de cancer de cuello uterino",numero de personas que recibieron orientacion en anticoncepcion,2015-02-01,0,0,0,1,0,1
PUCARANI,"anticoncepcion, prevencion de its y de cancer de cuello uterino",numero de personas que recibieron orientacion en anticoncepcion,2015-02-01,0,9,56,22,1,88
PUERTO ACOSTA,"anticoncepcion, prevencion de its y de cancer de cuello uterino",numero de personas que recibieron orientacion en anticoncepcion,2015-02-01,0,11,45,38,3,97
PUERTO CARABUCO,"anticoncepcion, prevencion de its y de cancer de cuello uterino",numero de personas que recibieron orientacion en anticoncepcion,2015-02-01,0,1,13,5,0,19
PUERTO GONZALO MORENO,"anticoncepcion, prevencion de its y de cancer de cuello uterino",numero de personas que recibieron orientacion en anticoncepcion,2015-02-01,0,4,11,2,0,17
PUERTO PEREZ,"anticoncepcion, prevencion de its y de cancer de cuello uterino",numero de personas que recibieron orientacion en anticoncepcion,2015-02-01,0,13,80,26,15,134
PUERTO QUIJARRO,"anticoncepcion, prevencion de its y de cancer de cuello uterino",numero de personas que recibieron orientacion en anticoncepcion,2015-02-01,0,21,71,39,1,132
PUERTO RICO,"anticoncepcion, prevencion de its y de cancer de cuello uterino",numero de personas que recibieron orientacion en anticoncepcion,2015-02-01,1,9,22,5,0,37
PUERTO SILES,"anticoncepcion, prevencion de its y de cancer de cuello uterino",numero de personas que recibieron orientacion en anticoncepcion,2015-02-01,0,3,3,1,0,7
PUERTO SUAREZ,"anticoncepcion, prevencion de its y de cancer de cuello uterino",numero de personas que recibieron orientacion en anticoncepcion,2015-02-01,0,8,22,2,1,33
PUERTO VILLARROEL,"anticoncepcion, prevencion de its y de cancer de cuello uterino",numero de personas que recibieron orientacion en anticoncepcion,2015-02-01,3,33,193,38,0,267
PUNA,"anticoncepcion, prevencion de its y de cancer de cuello uterino",numero de personas que recibieron orientacion en anticoncepcion,2015-02-01,3,7,56,14,4,84
PUNATA,"anticoncepcion, prevencion de its y de cancer de cuello uterino",numero de personas que recibieron orientacion en anticoncepcion,2015-02-01,0,5,54,12,0,71
QUIABAYA,"anticoncepcion, prevencion de its y de cancer de cuello uterino",numero de personas que recibieron orientacion en anticoncepcion,2015-02-01,0,0,2,4,0,6
QUILLACOLLO,"anticoncepcion, prevencion de its y de cancer de cuello uterino",numero de personas que recibieron orientacion en anticoncepcion,2015-02-01,4,408,800,213,2,1427
QUIME,"anticoncepcion, prevencion de its y de cancer de cuello uterino",numero de personas que recibieron orientacion en anticoncepcion,2015-02-01,0,7,13,1,0,21
QUIRUSILLAS,"anticoncepcion, prevencion de its y de cancer de cuello uterino",numero de personas que recibieron orientacion en anticoncepcion,2015-02-01,0,0,2,3,0,5
RAVELO,"anticoncepcion, prevencion de its y de cancer de cuello uterino",numero de personas que recibieron orientacion en anticoncepcion,2015-02-01,0,4,58,40,7,109
REYES,"anticoncepcion, prevencion de its y de cancer de cuello uterino",numero de personas que recibieron orientacion en anticoncepcion,2015-02-01,1,29,55,5,0,90
RIBERALTA,"anticoncepcion, prevencion de its y de cancer de cuello uterino",numero de personas que recibieron orientacion en anticoncepcion,2015-02-01,61,261,800,199,17,1338
ROBORE,"anticoncepcion, prevencion de its y de cancer de cuello uterino",numero de personas que recibieron orientacion en anticoncepcion,2015-02-01,0,3,13,29,0,45
RURRENABAQUE,"anticoncepcion, prevencion de its y de cancer de cuello uterino",numero de personas que recibieron orientacion en anticoncepcion,2015-02-01,1,20,74,16,0,111
SABAYA,"anticoncepcion, prevencion de its y de cancer de cuello uterino",numero de personas que recibieron orientacion en anticoncepcion,2015-02-01,0,1,2,1,0,4
SACABA,"anticoncepcion, prevencion de its y de cancer de cuello uterino",numero de personas que recibieron orientacion en anticoncepcion,2015-02-01,2,90,294,68,8,462
SACABAMBA,"anticoncepcion, prevencion de its y de cancer de cuello uterino",numero de personas que recibieron orientacion en anticoncepcion,2015-02-01,1,1,3,3,0,8
SACACA,"anticoncepcion, prevencion de its y de cancer de cuello uterino",numero de personas que recibieron orientacion en anticoncepcion,2015-02-01,0,8,49,24,1,82
SAIPINA,"anticoncepcion, prevencion de its y de cancer de cuello uterino",numero de personas que recibieron orientacion en anticoncepcion,2015-02-01,1,7,23,2,0,33
SALINAS DE GARCI MENDOZA,"anticoncepcion, prevencion de its y de cancer de cuello uterino",numero de personas que recibieron orientacion en anticoncepcion,2015-02-01,0,13,67,19,0,99
SAMAIPATA,"anticoncepcion, prevencion de its y de cancer de cuello uterino",numero de personas que recibieron orientacion en anticoncepcion,2015-02-01,0,11,16,7,0,34
SAN AGUSTIN,"anticoncepcion, prevencion de its y de cancer de cuello uterino",numero de personas que recibieron orientacion en anticoncepcion,2015-02-01,0,0,2,1,0,3
SAN ANDRES,"anticoncepcion, prevencion de its y de cancer de cuello uterino",numero de personas que recibieron orientacion en anticoncepcion,2015-02-01,0,14,59,12,0,85
SAN ANDRES DE MACHACA,"anticoncepcion, prevencion de its y de cancer de cuello uterino",numero de personas que recibieron orientacion en anticoncepcion,2015-02-01,0,3,12,2,0,17
SAN ANTONIO DE ESMORUCO,"anticoncepcion, prevencion de its y de cancer de cuello uterino",numero de personas que recibieron orientacion en anticoncepcion,2015-02-01,0,1,1,0,0,2
SAN ANTONIO DE LOMERIO,"anticoncepcion, prevencion de its y de cancer de cuello uterino",numero de personas que recibieron orientacion en anticoncepcion,2015-02-01,0,15,9,0,0,24
SAN BENITO,"anticoncepcion, prevencion de its y de cancer de cuello uterino",numero de personas que recibieron orientacion en anticoncepcion,2015-02-01,1,4,33,13,1,52
SAN BORJA,"anticoncepcion, prevencion de its y de cancer de cuello uterino",numero de personas que recibieron orientacion en anticoncepcion,2015-02-01,7,16,51,11,0,85
SAN BUENA VENTURA,"anticoncepcion, prevencion de its y de cancer de cuello uterino",numero de personas que recibieron orientacion en anticoncepcion,2015-02-01,0,7,14,2,0,23
SAN CARLOS,"anticoncepcion, prevencion de its y de cancer de cuello uterino",numero de personas que recibieron orientacion en anticoncepcion,2015-02-01,2,31,53,23,0,109
SAN IGNACIO,"anticoncepcion, prevencion de its y de cancer de cuello uterino",numero de personas que recibieron orientacion en anticoncepcion,2015-02-01,0,22,132,39,0,193
SAN IGNACIO DE VELASCO,"anticoncepcion, prevencion de its y de cancer de cuello uterino",numero de personas que recibieron orientacion en anticoncepcion,2015-02-01,4,34,148,68,0,254
SAN JAVIER(BNI),"anticoncepcion, prevencion de its y de cancer de cuello uterino",numero de personas que recibieron orientacion en anticoncepcion,2015-02-01,0,2,12,1,0,15
SAN JAVIER(STC),"anticoncepcion, prevencion de its y de cancer de cuello uterino",numero de personas que recibieron orientacion en anticoncepcion,2015-02-01,0,7,37,11,2,57
SAN JOAQUIN,"anticoncepcion, prevencion de its y de cancer de cuello uterino",numero de personas que recibieron orientacion en anticoncepcion,2015-02-01,0,0,2,0,0,2
SAN JOSE DE CHIQUITOS,"anticoncepcion, prevencion de its y de cancer de cuello uterino",numero de personas que recibieron orientacion en anticoncepcion,2015-02-01,0,0,6,2,0,8
SAN JUAN DE YAPACANI,"anticoncepcion, prevencion de its y de cancer de cuello uterino",numero de personas que recibieron orientacion en anticoncepcion,2015-02-01,0,7,30,14,4,55
SAN JULIAN,"anticoncepcion, prevencion de its y de cancer de cuello uterino",numero de personas que recibieron orientacion en anticoncepcion,2015-02-01,0,37,121,58,2,218
SAN LORENZO(PND),"anticoncepcion, prevencion de its y de cancer de cuello uterino",numero de personas que recibieron orientacion en anticoncepcion,2015-02-01,1,1,6,9,0,17
SAN LORENZO(TJA),"anticoncepcion, prevencion de its y de cancer de cuello uterino",numero de personas que recibieron orientacion en anticoncepcion,2015-02-01,4,2,3,2,0,11
SAN LUCAS,"anticoncepcion, prevencion de its y de cancer de cuello uterino",numero de personas que recibieron orientacion en anticoncepcion,2015-02-01,2,26,86,62,4,180
SAN MATIAS,"anticoncepcion, prevencion de its y de cancer de cuello uterino",numero de personas que recibieron orientacion en anticoncepcion,2015-02-01,0,7,37,13,5,62
SAN MIGUEL DE VELASCO,"anticoncepcion, prevencion de its y de cancer de cuello uterino",numero de personas que recibieron orientacion en anticoncepcion,2015-02-01,1,9,30,28,0,68
SAN PABLO DE LIPEZ,"anticoncepcion, prevencion de its y de cancer de cuello uterino",numero de personas que recibieron orientacion en anticoncepcion,2015-02-01,0,0,1,1,0,2
SAN PEDRO,"anticoncepcion, prevencion de its y de cancer de cuello uterino",numero de personas que recibieron orientacion en anticoncepcion,2015-02-01,1,7,35,12,2,57
SAN PEDRO DE BUENA VISTA,"anticoncepcion, prevencion de its y de cancer de cuello uterino",numero de personas que recibieron orientacion en anticoncepcion,2015-02-01,0,3,20,14,1,38
SAN PEDRO DE CURAHUARA,"anticoncepcion, prevencion de its y de cancer de cuello uterino",numero de personas que recibieron orientacion en anticoncepcion,2015-02-01,0,1,4,2,0,7
SAN PEDRO DE TIQUINA,"anticoncepcion, prevencion de its y de cancer de cuello uterino",numero de personas que recibieron orientacion en anticoncepcion,2015-02-01,0,3,10,2,0,15
SAN PEDRO(PND),"anticoncepcion, prevencion de its y de cancer de cuello uterino",numero de personas que recibieron orientacion en anticoncepcion,2015-02-01,1,0,3,1,0,5
SAN RAFAEL,"anticoncepcion, prevencion de its y de cancer de cuello uterino",numero de personas que recibieron orientacion en anticoncepcion,2015-02-01,2,11,63,22,1,99
SAN RAMON BENI,"anticoncepcion, prevencion de its y de cancer de cuello uterino",numero de personas que recibieron orientacion en anticoncepcion,2015-02-01,0,6,30,4,0,40
SAN RAMON SCZ,"anticoncepcion, prevencion de its y de cancer de cuello uterino",numero de personas que recibieron orientacion en anticoncepcion,2015-02-01,2,28,39,27,0,96
SANTA ANA,"anticoncepcion, prevencion de its y de cancer de cuello uterino",numero de personas que recibieron orientacion en anticoncepcion,2015-02-01,3,37,97,23,0,160
SANTA CRUZ DE LA SIERRA,"anticoncepcion, prevencion de its y de cancer de cuello uterino",numero de personas que recibieron orientacion en anticoncepcion,2015-02-01,87,833,1545,378,44,2887
SANTA ROSA,"anticoncepcion, prevencion de its y de cancer de cuello uterino",numero de personas que recibieron orientacion en anticoncepcion,2015-02-01,0,19,21,8,0,48
SANTA ROSA DEL SARA,"anticoncepcion, prevencion de its y de cancer de cuello uterino",numero de personas que recibieron orientacion en anticoncepcion,2015-02-01,1,5,18,5,0,29
SANTIAGO DE CALLAPA,"anticoncepcion, prevencion de its y de cancer de cuello uterino",numero de personas que recibieron orientacion en anticoncepcion,2015-02-01,0,0,1,2,0,3
SANTIAGO DE HUARI,"anticoncepcion, prevencion de its y de cancer de cuello uterino",numero de personas que recibieron orientacion en anticoncepcion,2015-02-01,0,2,30,9,0,41
SANTIAGO DE HUATA,"anticoncepcion, prevencion de its y de cancer de cuello uterino",numero de personas que recibieron orientacion en anticoncepcion,2015-02-01,0,4,7,5,3,19
SANTIAGO DE MACHACA,"anticoncepcion, prevencion de its y de cancer de cuello uterino",numero de personas que recibieron orientacion en anticoncepcion,2015-02-01,0,4,6,5,0,15
SANTIVAÑES,"anticoncepcion, prevencion de its y de cancer de cuello uterino",numero de personas que recibieron orientacion en anticoncepcion,2015-02-01,0,2,19,1,0,22
SANTUARIO DE QUILLACAS,"anticoncepcion, prevencion de its y de cancer de cuello uterino",numero de personas que recibieron orientacion en anticoncepcion,2015-02-01,0,3,15,0,0,18
SAPAHAQUI,"anticoncepcion, prevencion de its y de cancer de cuello uterino",numero de personas que recibieron orientacion en anticoncepcion,2015-02-01,0,3,7,3,0,13
SENA,"anticoncepcion, prevencion de its y de cancer de cuello uterino",numero de personas que recibieron orientacion en anticoncepcion,2015-02-01,0,2,5,0,0,7
SHINAOTA,"anticoncepcion, prevencion de its y de cancer de cuello uterino",numero de personas que recibieron orientacion en anticoncepcion,2015-02-01,0,3,8,8,0,19
SICA SICA (VILLA AROMA),"anticoncepcion, prevencion de its y de cancer de cuello uterino",numero de personas que recibieron orientacion en anticoncepcion,2015-02-01,1,11,33,11,3,59
SICAYA,"anticoncepcion, prevencion de its y de cancer de cuello uterino",numero de personas que recibieron orientacion en anticoncepcion,2015-02-01,0,0,1,0,0,1
SIPE SIPE,"anticoncepcion, prevencion de its y de cancer de cuello uterino",numero de personas que recibieron orientacion en anticoncepcion,2015-02-01,18,77,211,94,22,422
SOPACHUY,"anticoncepcion, prevencion de its y de cancer de cuello uterino",numero de personas que recibieron orientacion en anticoncepcion,2015-02-01,0,12,66,27,0,105
SORACACHI,"anticoncepcion, prevencion de its y de cancer de cuello uterino",numero de personas que recibieron orientacion en anticoncepcion,2015-02-01,0,2,18,12,0,32
SORATA,"anticoncepcion, prevencion de its y de cancer de cuello uterino",numero de personas que recibieron orientacion en anticoncepcion,2015-02-01,1,10,125,66,34,236
SUCRE,"anticoncepcion, prevencion de its y de cancer de cuello uterino",numero de personas que recibieron orientacion en anticoncepcion,2015-02-01,10,431,1946,720,19,3126
TACACHI,"anticoncepcion, prevencion de its y de cancer de cuello uterino",numero de personas que recibieron orientacion en anticoncepcion,2015-02-01,0,1,0,0,0,1
TACACOMA,"anticoncepcion, prevencion de its y de cancer de cuello uterino",numero de personas que recibieron orientacion en anticoncepcion,2015-02-01,0,1,3,1,0,5
TACOBAMBA,"anticoncepcion, prevencion de its y de cancer de cuello uterino",numero de personas que recibieron orientacion en anticoncepcion,2015-02-01,1,1,5,0,0,7
TACOPAYA,"anticoncepcion, prevencion de its y de cancer de cuello uterino",numero de personas que recibieron orientacion en anticoncepcion,2015-02-01,0,3,14,8,0,25
TAHUA,"anticoncepcion, prevencion de its y de cancer de cuello uterino",numero de personas que recibieron orientacion en anticoncepcion,2015-02-01,0,1,4,1,0,6
TAPACARI,"anticoncepcion, prevencion de its y de cancer de cuello uterino",numero de personas que recibieron orientacion en anticoncepcion,2015-02-01,0,6,44,16,1,67
TARABUCO,"anticoncepcion, prevencion de its y de cancer de cuello uterino",numero de personas que recibieron orientacion en anticoncepcion,2015-02-01,1,10,48,31,4,94
TARACO,"anticoncepcion, prevencion de its y de cancer de cuello uterino",numero de personas que recibieron orientacion en anticoncepcion,2015-02-01,0,4,6,4,0,14
TARATA,"anticoncepcion, prevencion de its y de cancer de cuello uterino",numero de personas que recibieron orientacion en anticoncepcion,2015-02-01,0,5,24,6,0,35
TARIJA,"anticoncepcion, prevencion de its y de cancer de cuello uterino",numero de personas que recibieron orientacion en anticoncepcion,2015-02-01,6,206,1078,417,52,1759
TARVITA,"anticoncepcion, prevencion de its y de cancer de cuello uterino",numero de personas que recibieron orientacion en anticoncepcion,2015-02-01,0,19,52,58,2,131
TEOPONTE,"anticoncepcion, prevencion de its y de cancer de cuello uterino",numero de personas que recibieron orientacion en anticoncepcion,2015-02-01,0,6,15,4,0,25
TIAWANACU,"anticoncepcion, prevencion de its y de cancer de cuello uterino",numero de personas que recibieron orientacion en anticoncepcion,2015-02-01,1,3,21,7,2,34
TINGUIPAYA,"anticoncepcion, prevencion de its y de cancer de cuello uterino",numero de personas que recibieron orientacion en anticoncepcion,2015-02-01,6,1,15,10,1,33
TIPUANI,"anticoncepcion, prevencion de its y de cancer de cuello uterino",numero de personas que recibieron orientacion en anticoncepcion,2015-02-01,0,3,13,3,0,19
TIQUIPAYA,"anticoncepcion, prevencion de its y de cancer de cuello uterino",numero de personas que recibieron orientacion en anticoncepcion,2015-02-01,25,58,115,95,0,293
TIRAQUE (CBBA),"anticoncepcion, prevencion de its y de cancer de cuello uterino",numero de personas que recibieron orientacion en anticoncepcion,2015-02-01,1,19,45,12,0,77
TITO YUPANQUI (PARQUIPUJIO),"anticoncepcion, prevencion de its y de cancer de cuello uterino",numero de personas que recibieron orientacion en anticoncepcion,2015-02-01,0,0,0,2,0,2
TOCO,"anticoncepcion, prevencion de its y de cancer de cuello uterino",numero de personas que recibieron orientacion en anticoncepcion,2015-02-01,1,5,13,5,0,24
TOLATA,"anticoncepcion, prevencion de its y de cancer de cuello uterino",numero de personas que recibieron orientacion en anticoncepcion,2015-02-01,4,3,22,8,1,38
TOLEDO,"anticoncepcion, prevencion de its y de cancer de cuello uterino",numero de personas que recibieron orientacion en anticoncepcion,2015-02-01,0,1,9,2,0,12
TOMAVE,"anticoncepcion, prevencion de its y de cancer de cuello uterino",numero de personas que recibieron orientacion en anticoncepcion,2015-02-01,0,6,10,1,0,17
TOMINA,"anticoncepcion, prevencion de its y de cancer de cuello uterino",numero de personas que recibieron orientacion en anticoncepcion,2015-02-01,0,0,12,7,0,19
TORO TORO,"anticoncepcion, prevencion de its y de cancer de cuello uterino",numero de personas que recibieron orientacion en anticoncepcion,2015-02-01,0,7,29,6,0,42
TOTORA(CBBA),"anticoncepcion, prevencion de its y de cancer de cuello uterino",numero de personas que recibieron orientacion en anticoncepcion,2015-02-01,8,67,168,53,1,297
TOTORA(ORR),"anticoncepcion, prevencion de its y de cancer de cuello uterino",numero de personas que recibieron orientacion en anticoncepcion,2015-02-01,0,6,16,5,0,27
TRIGAL,"anticoncepcion, prevencion de its y de cancer de cuello uterino",numero de personas que recibieron orientacion en anticoncepcion,2015-02-01,0,2,2,1,0,5
TRINIDAD,"anticoncepcion, prevencion de its y de cancer de cuello uterino",numero de personas que recibieron orientacion en anticoncepcion,2015-02-01,8,265,932,381,10,1596
TUPIZA,"anticoncepcion, prevencion de its y de cancer de cuello uterino",numero de personas que recibieron orientacion en anticoncepcion,2015-02-01,0,7,86,34,10,137
TURCO,"anticoncepcion, prevencion de its y de cancer de cuello uterino",numero de personas que recibieron orientacion en anticoncepcion,2015-02-01,0,2,7,6,0,15
UMALA,"anticoncepcion, prevencion de its y de cancer de cuello uterino",numero de personas que recibieron orientacion en anticoncepcion,2015-02-01,0,2,10,7,0,19
UNCIA,"anticoncepcion, prevencion de its y de cancer de cuello uterino",numero de personas que recibieron orientacion en anticoncepcion,2015-02-01,0,6,11,3,0,20
URIONDO (A. CONCEPCION),"anticoncepcion, prevencion de its y de cancer de cuello uterino",numero de personas que recibieron orientacion en anticoncepcion,2015-02-01,0,9,62,28,5,104
URUBICHA,"anticoncepcion, prevencion de its y de cancer de cuello uterino",numero de personas que recibieron orientacion en anticoncepcion,2015-02-01,0,1,10,3,0,14
UYUNI,"anticoncepcion, prevencion de its y de cancer de cuello uterino",numero de personas que recibieron orientacion en anticoncepcion,2015-02-01,0,19,102,13,1,135
VACAS,"anticoncepcion, prevencion de its y de cancer de cuello uterino",numero de personas que recibieron orientacion en anticoncepcion,2015-02-01,0,10,29,18,0,57
VALLEGRANDE,"anticoncepcion, prevencion de its y de cancer de cuello uterino",numero de personas que recibieron orientacion en anticoncepcion,2015-02-01,0,2,6,0,0,8
VIACHA,"anticoncepcion, prevencion de its y de cancer de cuello uterino",numero de personas que recibieron orientacion en anticoncepcion,2015-02-01,0,25,109,40,6,180
VILA VILA,"anticoncepcion, prevencion de its y de cancer de cuello uterino",numero de personas que recibieron orientacion en anticoncepcion,2015-02-01,1,1,6,3,0,11
VILLA CHARCAS,"anticoncepcion, prevencion de its y de cancer de cuello uterino",numero de personas que recibieron orientacion en anticoncepcion,2015-02-01,0,10,20,6,0,36
VILLA MONTES,"anticoncepcion, prevencion de its y de cancer de cuello uterino",numero de personas que recibieron orientacion en anticoncepcion,2015-02-01,2,18,115,83,21,239
VILLA NUEVA (LOMA ALTA),"anticoncepcion, prevencion de its y de cancer de cuello uterino",numero de personas que recibieron orientacion en anticoncepcion,2015-02-01,10,1,8,0,0,19
VILLA RIVERO,"anticoncepcion, prevencion de its y de cancer de cuello uterino",numero de personas que recibieron orientacion en anticoncepcion,2015-02-01,0,2,7,0,0,9
VILLA SERRANO,"anticoncepcion, prevencion de its y de cancer de cuello uterino",numero de personas que recibieron orientacion en anticoncepcion,2015-02-01,0,17,52,37,2,108
VILLA TUNARI,"anticoncepcion, prevencion de its y de cancer de cuello uterino",numero de personas que recibieron orientacion en anticoncepcion,2015-02-01,0,47,307,58,3,415
VILLA VACA GUZMAN (MUYUPAMPA),"anticoncepcion, prevencion de its y de cancer de cuello uterino",numero de personas que recibieron orientacion en anticoncepcion,2015-02-01,1,12,77,33,3,126
VILLAZON,"anticoncepcion, prevencion de its y de cancer de cuello uterino",numero de personas que recibieron orientacion en anticoncepcion,2015-02-01,1,21,96,25,0,143
VINTO,"anticoncepcion, prevencion de its y de cancer de cuello uterino",numero de personas que recibieron orientacion en anticoncepcion,2015-02-01,4,41,94,54,0,193
VITICHI,"anticoncepcion, prevencion de its y de cancer de cuello uterino",numero de personas que recibieron orientacion en anticoncepcion,2015-02-01,1,3,16,13,1,34
WALDO BALLIVIAN,"anticoncepcion, prevencion de its y de cancer de cuello uterino",numero de personas que recibieron orientacion en anticoncepcion,2015-02-01,0,0,2,0,0,2
WARNES,"anticoncepcion, prevencion de its y de cancer de cuello uterino",numero de personas que recibieron orientacion en anticoncepcion,2015-02-01,2,32,155,18,0,207
YACO,"anticoncepcion, prevencion de its y de cancer de cuello uterino",numero de personas que recibieron orientacion en anticoncepcion,2015-02-01,0,0,9,0,0,9
YACUIBA,"anticoncepcion, prevencion de its y de cancer de cuello uterino",numero de personas que recibieron orientacion en anticoncepcion,2015-02-01,3,127,488,191,34,843
YAMPARAEZ,"anticoncepcion, prevencion de its y de cancer de cuello uterino",numero de personas que recibieron orientacion en anticoncepcion,2015-02-01,0,10,24,24,2,60
YANACACHI,"anticoncepcion, prevencion de its y de cancer de cuello uterino",numero de personas que recibieron orientacion en anticoncepcion,2015-02-01,0,2,5,2,0,9
YAPACANI,"anticoncepcion, prevencion de its y de cancer de cuello uterino",numero de personas que recibieron orientacion en anticoncepcion,2015-02-01,1,13,78,30,7,129
YOCALLA,"anticoncepcion, prevencion de its y de cancer de cuello uterino",numero de personas que recibieron orientacion en anticoncepcion,2015-02-01,0,0,3,0,0,3
YOTALA,"anticoncepcion, prevencion de its y de cancer de cuello uterino",numero de personas que recibieron orientacion en anticoncepcion,2015-02-01,2,12,38,20,1,73
YUNCHARA,"anticoncepcion, prevencion de its y de cancer de cuello uterino",numero de personas que recibieron orientacion en anticoncepcion,2015-02-01,0,6,21,10,0,37
ZUDAÑEZ,"anticoncepcion, prevencion de its y de cancer de cuello uterino",numero de personas que recibieron orientacion en anticoncepcion,2015-02-01,0,6,20,6,2,34
ACACIO,"anticoncepcion, prevencion de its y de cancer de cuello uterino",numero de personas que recibieron orientacion en anticoncepcion,2015-03-01,0,3,19,10,2,34
ACHACACHI,"anticoncepcion, prevencion de its y de cancer de cuello uterino",numero de personas que recibieron orientacion en anticoncepcion,2015-03-01,1,10,47,33,13,104
ACHOCALLA,"anticoncepcion, prevencion de its y de cancer de cuello uterino",numero de personas que recibieron orientacion en anticoncepcion,2015-03-01,0,0,4,0,0,4
AIQUILE,"anticoncepcion, prevencion de its y de cancer de cuello uterino",numero de personas que recibieron orientacion en anticoncepcion,2015-03-01,0,9,51,20,1,81
ALALAY,"anticoncepcion, prevencion de its y de cancer de cuello uterino",numero de personas que recibieron orientacion en anticoncepcion,2015-03-01,2,4,13,16,0,35
ALCALA,"anticoncepcion, prevencion de its y de cancer de cuello uterino",numero de personas que recibieron orientacion en anticoncepcion,2015-03-01,0,2,9,3,0,14
ALTO BENI,"anticoncepcion, prevencion de its y de cancer de cuello uterino",numero de personas que recibieron orientacion en anticoncepcion,2015-03-01,0,4,15,7,0,26
ANCORAIMES,"anticoncepcion, prevencion de its y de cancer de cuello uterino",numero de personas que recibieron orientacion en anticoncepcion,2015-03-01,0,7,17,7,0,31
ANDAMARCA,"anticoncepcion, prevencion de its y de cancer de cuello uterino",numero de personas que recibieron orientacion en anticoncepcion,2015-03-01,0,3,11,8,0,22
ANTEQUERA,"anticoncepcion, prevencion de its y de cancer de cuello uterino",numero de personas que recibieron orientacion en anticoncepcion,2015-03-01,0,0,20,12,0,32
ANZALDO,"anticoncepcion, prevencion de its y de cancer de cuello uterino",numero de personas que recibieron orientacion en anticoncepcion,2015-03-01,0,4,9,4,0,17
APOLO,"anticoncepcion, prevencion de its y de cancer de cuello uterino",numero de personas que recibieron orientacion en anticoncepcion,2015-03-01,0,4,32,14,6,56
ARAMPAMPA,"anticoncepcion, prevencion de its y de cancer de cuello uterino",numero de personas que recibieron orientacion en anticoncepcion,2015-03-01,0,4,18,15,0,37
ARANI,"anticoncepcion, prevencion de its y de cancer de cuello uterino",numero de personas que recibieron orientacion en anticoncepcion,2015-03-01,0,4,16,4,0,24
ARBIETO,"anticoncepcion, prevencion de its y de cancer de cuello uterino",numero de personas que recibieron orientacion en anticoncepcion,2015-03-01,0,17,36,19,0,72
ARQUE,"anticoncepcion, prevencion de its y de cancer de cuello uterino",numero de personas que recibieron orientacion en anticoncepcion,2015-03-01,1,4,27,19,0,51
ASCENCION DE GUARAYOS,"anticoncepcion, prevencion de its y de cancer de cuello uterino",numero de personas que recibieron orientacion en anticoncepcion,2015-03-01,0,12,66,12,0,90
ATOCHA,"anticoncepcion, prevencion de its y de cancer de cuello uterino",numero de personas que recibieron orientacion en anticoncepcion,2015-03-01,0,9,60,17,1,87
AUCAPATA,"anticoncepcion, prevencion de its y de cancer de cuello uterino",numero de personas que recibieron orientacion en anticoncepcion,2015-03-01,0,1,3,6,0,10
AYATA,"anticoncepcion, prevencion de its y de cancer de cuello uterino",numero de personas que recibieron orientacion en anticoncepcion,2015-03-01,0,0,2,3,0,5
AYO AYO,"anticoncepcion, prevencion de its y de cancer de cuello uterino",numero de personas que recibieron orientacion en anticoncepcion,2015-03-01,0,3,8,6,1,18
AYOPAYA (V. DE INDEPENDENCIA),"anticoncepcion, prevencion de its y de cancer de cuello uterino",numero de personas que recibieron orientacion en anticoncepcion,2015-03-01,1,6,85,32,0,124
AZURDUY,"anticoncepcion, prevencion de its y de cancer de cuello uterino",numero de personas que recibieron orientacion en anticoncepcion,2015-03-01,3,29,99,76,9,216
BATALLAS,"anticoncepcion, prevencion de its y de cancer de cuello uterino",numero de personas que recibieron orientacion en anticoncepcion,2015-03-01,0,1,22,18,10,51
BAURES,"anticoncepcion, prevencion de its y de cancer de cuello uterino",numero de personas que recibieron orientacion en anticoncepcion,2015-03-01,0,1,31,6,0,38
BELEN DE ANDAMARCA,"anticoncepcion, prevencion de its y de cancer de cuello uterino",numero de personas que recibieron orientacion en anticoncepcion,2015-03-01,0,0,4,1,0,5
BELEN DE URMIRI,"anticoncepcion, prevencion de its y de cancer de cuello uterino",numero de personas que recibieron orientacion en anticoncepcion,2015-03-01,0,0,21,13,3,37
BELLA FLOR,"anticoncepcion, prevencion de its y de cancer de cuello uterino",numero de personas que recibieron orientacion en anticoncepcion,2015-03-01,0,1,18,2,0,21
BERMEJO,"anticoncepcion, prevencion de its y de cancer de cuello uterino",numero de personas que recibieron orientacion en anticoncepcion,2015-03-01,1,28,127,56,8,220
BETANZOS,"anticoncepcion, prevencion de its y de cancer de cuello uterino",numero de personas que recibieron orientacion en anticoncepcion,2015-03-01,0,8,12,13,0,33
BOLIVAR,"anticoncepcion, prevencion de its y de cancer de cuello uterino",numero de personas que recibieron orientacion en anticoncepcion,2015-03-01,0,0,1,1,0,2
BOYUIBE,"anticoncepcion, prevencion de its y de cancer de cuello uterino",numero de personas que recibieron orientacion en anticoncepcion,2015-03-01,0,0,8,3,0,11
BUENA VISTA,"anticoncepcion, prevencion de its y de cancer de cuello uterino",numero de personas que recibieron orientacion en anticoncepcion,2015-03-01,0,14,39,14,0,67
CABEZAS,"anticoncepcion, prevencion de its y de cancer de cuello uterino",numero de personas que recibieron orientacion en anticoncepcion,2015-03-01,1,12,52,7,0,72
CAIROMA,"anticoncepcion, prevencion de its y de cancer de cuello uterino",numero de personas que recibieron orientacion en anticoncepcion,2015-03-01,0,1,8,8,0,17
"CAIZA ""D""","anticoncepcion, prevencion de its y de cancer de cuello uterino",numero de personas que recibieron orientacion en anticoncepcion,2015-03-01,0,2,52,21,0,75
CAJUATA,"anticoncepcion, prevencion de its y de cancer de cuello uterino",numero de personas que recibieron orientacion en anticoncepcion,2015-03-01,0,6,23,6,0,35
CALACOTO,"anticoncepcion, prevencion de its y de cancer de cuello uterino",numero de personas que recibieron orientacion en anticoncepcion,2015-03-01,0,2,3,3,0,8
CALAMARCA,"anticoncepcion, prevencion de its y de cancer de cuello uterino",numero de personas que recibieron orientacion en anticoncepcion,2015-03-01,0,5,10,1,0,16
CAMARGO,"anticoncepcion, prevencion de its y de cancer de cuello uterino",numero de personas que recibieron orientacion en anticoncepcion,2015-03-01,0,10,42,30,4,86
CAMATAQUI (C. VILLA ABECIA),"anticoncepcion, prevencion de its y de cancer de cuello uterino",numero de personas que recibieron orientacion en anticoncepcion,2015-03-01,0,0,9,5,0,14
CAMIRI,"anticoncepcion, prevencion de its y de cancer de cuello uterino",numero de personas que recibieron orientacion en anticoncepcion,2015-03-01,0,2,17,3,0,22
CAPINOTA,"anticoncepcion, prevencion de its y de cancer de cuello uterino",numero de personas que recibieron orientacion en anticoncepcion,2015-03-01,0,4,21,12,0,37
CAQUIAVIRI,"anticoncepcion, prevencion de its y de cancer de cuello uterino",numero de personas que recibieron orientacion en anticoncepcion,2015-03-01,0,1,1,0,0,2
CARACOLLO,"anticoncepcion, prevencion de its y de cancer de cuello uterino",numero de personas que recibieron orientacion en anticoncepcion,2015-03-01,0,5,61,30,5,101
CARANAVI,"anticoncepcion, prevencion de its y de cancer de cuello uterino",numero de personas que recibieron orientacion en anticoncepcion,2015-03-01,0,11,85,28,1,125
CARANGAS,"anticoncepcion, prevencion de its y de cancer de cuello uterino",numero de personas que recibieron orientacion en anticoncepcion,2015-03-01,0,0,0,2,0,2
CARAPARI,"anticoncepcion, prevencion de its y de cancer de cuello uterino",numero de personas que recibieron orientacion en anticoncepcion,2015-03-01,0,13,65,25,0,103
CARIPUYO,"anticoncepcion, prevencion de its y de cancer de cuello uterino",numero de personas que recibieron orientacion en anticoncepcion,2015-03-01,0,5,33,25,0,63
CARMEN RIVERO TORREZ,"anticoncepcion, prevencion de its y de cancer de cuello uterino",numero de personas que recibieron orientacion en anticoncepcion,2015-03-01,1,6,12,5,0,24
CHACARILLA,"anticoncepcion, prevencion de its y de cancer de cuello uterino",numero de personas que recibieron orientacion en anticoncepcion,2015-03-01,0,0,1,0,0,1
CHALLAPATA,"anticoncepcion, prevencion de its y de cancer de cuello uterino",numero de personas que recibieron orientacion en anticoncepcion,2015-03-01,0,16,91,39,9,155
CHAQUI,"anticoncepcion, prevencion de its y de cancer de cuello uterino",numero de personas que recibieron orientacion en anticoncepcion,2015-03-01,0,7,54,21,3,85
CHARAGUA,"anticoncepcion, prevencion de its y de cancer de cuello uterino",numero de personas que recibieron orientacion en anticoncepcion,2015-03-01,0,5,43,5,0,53
CHARAÑA,"anticoncepcion, prevencion de its y de cancer de cuello uterino",numero de personas que recibieron orientacion en anticoncepcion,2015-03-01,0,0,1,1,0,2
CHAYANTA,"anticoncepcion, prevencion de its y de cancer de cuello uterino",numero de personas que recibieron orientacion en anticoncepcion,2015-03-01,1,8,30,10,0,49
CHIMORE,"anticoncepcion, prevencion de its y de cancer de cuello uterino",numero de personas que recibieron orientacion en anticoncepcion,2015-03-01,0,19,140,33,0,192
CHIPAYA,"anticoncepcion, prevencion de its y de cancer de cuello uterino",numero de personas que recibieron orientacion en anticoncepcion,2015-03-01,0,5,13,3,0,21
CHOQUE COTA,"anticoncepcion, prevencion de its y de cancer de cuello uterino",numero de personas que recibieron orientacion en anticoncepcion,2015-03-01,0,0,3,3,0,6
CHUA COCANI,"anticoncepcion, prevencion de its y de cancer de cuello uterino",numero de personas que recibieron orientacion en anticoncepcion,2015-03-01,0,3,11,18,9,41
CHULUMANI (V. DE LA LIBERTAD),"anticoncepcion, prevencion de its y de cancer de cuello uterino",numero de personas que recibieron orientacion en anticoncepcion,2015-03-01,0,3,19,3,0,25
CHUMA,"anticoncepcion, prevencion de its y de cancer de cuello uterino",numero de personas que recibieron orientacion en anticoncepcion,2015-03-01,0,1,8,5,1,15
CHUQUIHUTA AYLLU JUCUMANI,"anticoncepcion, prevencion de its y de cancer de cuello uterino",numero de personas que recibieron orientacion en anticoncepcion,2015-03-01,0,0,6,1,0,7
CKOCHAS,"anticoncepcion, prevencion de its y de cancer de cuello uterino",numero de personas que recibieron orientacion en anticoncepcion,2015-03-01,1,5,34,19,0,59
CLIZA,"anticoncepcion, prevencion de its y de cancer de cuello uterino",numero de personas que recibieron orientacion en anticoncepcion,2015-03-01,0,7,46,17,4,74
COBIJA,"anticoncepcion, prevencion de its y de cancer de cuello uterino",numero de personas que recibieron orientacion en anticoncepcion,2015-03-01,0,29,106,22,1,158
COCAPATA,"anticoncepcion, prevencion de its y de cancer de cuello uterino",numero de personas que recibieron orientacion en anticoncepcion,2015-03-01,12,22,52,35,0,121
COCHABAMBA,"anticoncepcion, prevencion de its y de cancer de cuello uterino",numero de personas que recibieron orientacion en anticoncepcion,2015-03-01,60,521,2267,537,14,3399
COIPASA,"anticoncepcion, prevencion de its y de cancer de cuello uterino",numero de personas que recibieron orientacion en anticoncepcion,2015-03-01,0,2,6,4,0,12
COLCAPIRHUA,"anticoncepcion, prevencion de its y de cancer de cuello uterino",numero de personas que recibieron orientacion en anticoncepcion,2015-03-01,4,98,648,98,8,856
"COLCHA ""K""","anticoncepcion, prevencion de its y de cancer de cuello uterino",numero de personas que recibieron orientacion en anticoncepcion,2015-03-01,0,6,29,8,1,44
COLLANA,"anticoncepcion, prevencion de its y de cancer de cuello uterino",numero de personas que recibieron orientacion en anticoncepcion,2015-03-01,0,1,1,0,0,2
COLOMI,"anticoncepcion, prevencion de its y de cancer de cuello uterino",numero de personas que recibieron orientacion en anticoncepcion,2015-03-01,1,15,29,8,0,53
COLPA BELGICA,"anticoncepcion, prevencion de its y de cancer de cuello uterino",numero de personas que recibieron orientacion en anticoncepcion,2015-03-01,0,3,11,0,0,14
COLQUECHACA,"anticoncepcion, prevencion de its y de cancer de cuello uterino",numero de personas que recibieron orientacion en anticoncepcion,2015-03-01,0,6,23,5,0,34
COLQUENCHA,"anticoncepcion, prevencion de its y de cancer de cuello uterino",numero de personas que recibieron orientacion en anticoncepcion,2015-03-01,0,2,4,2,0,8
COLQUIRI,"anticoncepcion, prevencion de its y de cancer de cuello uterino",numero de personas que recibieron orientacion en anticoncepcion,2015-03-01,0,11,12,9,1,33
COMANCHE,"anticoncepcion, prevencion de its y de cancer de cuello uterino",numero de personas que recibieron orientacion en anticoncepcion,2015-03-01,0,2,1,0,0,3
COMARAPA,"anticoncepcion, prevencion de its y de cancer de cuello uterino",numero de personas que recibieron orientacion en anticoncepcion,2015-03-01,1,14,45,7,2,69
COMBAYA,"anticoncepcion, prevencion de its y de cancer de cuello uterino",numero de personas que recibieron orientacion en anticoncepcion,2015-03-01,0,0,1,5,0,6
CONCEPCION,"anticoncepcion, prevencion de its y de cancer de cuello uterino",numero de personas que recibieron orientacion en anticoncepcion,2015-03-01,0,2,10,8,0,20
COPACABANA,"anticoncepcion, prevencion de its y de cancer de cuello uterino",numero de personas que recibieron orientacion en anticoncepcion,2015-03-01,0,4,32,19,1,56
CORIPATA,"anticoncepcion, prevencion de its y de cancer de cuello uterino",numero de personas que recibieron orientacion en anticoncepcion,2015-03-01,0,4,17,1,0,22
CORO CORO,"anticoncepcion, prevencion de its y de cancer de cuello uterino",numero de personas que recibieron orientacion en anticoncepcion,2015-03-01,0,3,3,1,0,7
COROICO,"anticoncepcion, prevencion de its y de cancer de cuello uterino",numero de personas que recibieron orientacion en anticoncepcion,2015-03-01,0,1,11,1,0,13
CORQUE,"anticoncepcion, prevencion de its y de cancer de cuello uterino",numero de personas que recibieron orientacion en anticoncepcion,2015-03-01,0,2,21,2,0,25
COTAGAITA,"anticoncepcion, prevencion de its y de cancer de cuello uterino",numero de personas que recibieron orientacion en anticoncepcion,2015-03-01,1,19,81,38,0,139
COTOCA,"anticoncepcion, prevencion de its y de cancer de cuello uterino",numero de personas que recibieron orientacion en anticoncepcion,2015-03-01,2,24,105,50,14,195
CRUZ DE MACHACAMARCA,"anticoncepcion, prevencion de its y de cancer de cuello uterino",numero de personas que recibieron orientacion en anticoncepcion,2015-03-01,0,0,2,1,0,3
CUATRO CAÑADAS,"anticoncepcion, prevencion de its y de cancer de cuello uterino",numero de personas que recibieron orientacion en anticoncepcion,2015-03-01,3,22,123,41,12,201
CUCHUMUELA (V. G. VILLARROEL),"anticoncepcion, prevencion de its y de cancer de cuello uterino",numero de personas que recibieron orientacion en anticoncepcion,2015-03-01,0,1,11,0,0,12
CUEVO,"anticoncepcion, prevencion de its y de cancer de cuello uterino",numero de personas que recibieron orientacion en anticoncepcion,2015-03-01,1,2,2,1,0,6
CULPINA,"anticoncepcion, prevencion de its y de cancer de cuello uterino",numero de personas que recibieron orientacion en anticoncepcion,2015-03-01,0,26,60,36,0,122
CURAHUARA DE CARANGAS,"anticoncepcion, prevencion de its y de cancer de cuello uterino",numero de personas que recibieron orientacion en anticoncepcion,2015-03-01,0,7,24,10,0,41
CURVA,"anticoncepcion, prevencion de its y de cancer de cuello uterino",numero de personas que recibieron orientacion en anticoncepcion,2015-03-01,0,1,1,0,0,2
DESAGUADERO,"anticoncepcion, prevencion de its y de cancer de cuello uterino",numero de personas que recibieron orientacion en anticoncepcion,2015-03-01,0,0,2,0,0,2
EL ALTO,"anticoncepcion, prevencion de its y de cancer de cuello uterino",numero de personas que recibieron orientacion en anticoncepcion,2015-03-01,5,352,2203,581,41,3182
EL CHORO,"anticoncepcion, prevencion de its y de cancer de cuello uterino",numero de personas que recibieron orientacion en anticoncepcion,2015-03-01,0,3,20,4,0,27
EL PUENTE(STC),"anticoncepcion, prevencion de its y de cancer de cuello uterino",numero de personas que recibieron orientacion en anticoncepcion,2015-03-01,0,19,32,8,2,61
EL PUENTE(TJA),"anticoncepcion, prevencion de its y de cancer de cuello uterino",numero de personas que recibieron orientacion en anticoncepcion,2015-03-01,0,7,59,30,0,96
EL TORNO,"anticoncepcion, prevencion de its y de cancer de cuello uterino",numero de personas que recibieron orientacion en anticoncepcion,2015-03-01,23,32,65,30,3,153
EL VILLAR,"anticoncepcion, prevencion de its y de cancer de cuello uterino",numero de personas que recibieron orientacion en anticoncepcion,2015-03-01,0,9,19,17,3,48
ENTRE RIOS TRJ,"anticoncepcion, prevencion de its y de cancer de cuello uterino",numero de personas que recibieron orientacion en anticoncepcion,2015-03-01,0,29,49,15,1,94
ENTRE RIOS CBBA,"anticoncepcion, prevencion de its y de cancer de cuello uterino",numero de personas que recibieron orientacion en anticoncepcion,2015-03-01,1,16,98,20,0,135
ESCARA,"anticoncepcion, prevencion de its y de cancer de cuello uterino",numero de personas que recibieron orientacion en anticoncepcion,2015-03-01,0,1,1,2,2,6
ESCOMA,"anticoncepcion, prevencion de its y de cancer de cuello uterino",numero de personas que recibieron orientacion en anticoncepcion,2015-03-01,0,8,5,2,0,15
ESMERALDA,"anticoncepcion, prevencion de its y de cancer de cuello uterino",numero de personas que recibieron orientacion en anticoncepcion,2015-03-01,0,0,2,0,0,2
EUCALIPTUS,"anticoncepcion, prevencion de its y de cancer de cuello uterino",numero de personas que recibieron orientacion en anticoncepcion,2015-03-01,0,1,10,4,0,15
EUREKA (SANTOS MERCADO),"anticoncepcion, prevencion de its y de cancer de cuello uterino",numero de personas que recibieron orientacion en anticoncepcion,2015-03-01,0,0,2,0,0,2
EXALTACION,"anticoncepcion, prevencion de its y de cancer de cuello uterino",numero de personas que recibieron orientacion en anticoncepcion,2015-03-01,0,2,3,0,0,5
FERNANDEZ ALONSO,"anticoncepcion, prevencion de its y de cancer de cuello uterino",numero de personas que recibieron orientacion en anticoncepcion,2015-03-01,0,36,82,23,0,141
FILADELFIA,"anticoncepcion, prevencion de its y de cancer de cuello uterino",numero de personas que recibieron orientacion en anticoncepcion,2015-03-01,1,3,18,6,0,28
GENERAL SAAVEDRA,"anticoncepcion, prevencion de its y de cancer de cuello uterino",numero de personas que recibieron orientacion en anticoncepcion,2015-03-01,4,14,54,33,9,114
GRAL. J.J. PEREZ (CHARAZANI),"anticoncepcion, prevencion de its y de cancer de cuello uterino",numero de personas que recibieron orientacion en anticoncepcion,2015-03-01,0,0,5,3,0,8
GUANAY,"anticoncepcion, prevencion de its y de cancer de cuello uterino",numero de personas que recibieron orientacion en anticoncepcion,2015-03-01,0,8,41,10,0,59
GUAQUI,"anticoncepcion, prevencion de its y de cancer de cuello uterino",numero de personas que recibieron orientacion en anticoncepcion,2015-03-01,0,4,12,7,0,23
GUAYARAMERIN,"anticoncepcion, prevencion de its y de cancer de cuello uterino",numero de personas que recibieron orientacion en anticoncepcion,2015-03-01,40,213,326,67,5,651
GUTIERREZ,"anticoncepcion, prevencion de its y de cancer de cuello uterino",numero de personas que recibieron orientacion en anticoncepcion,2015-03-01,0,0,7,2,0,9
HUACARETA,"anticoncepcion, prevencion de its y de cancer de cuello uterino",numero de personas que recibieron orientacion en anticoncepcion,2015-03-01,0,6,27,15,4,52
HUACAYA (VILLA DE HUACAYA),"anticoncepcion, prevencion de its y de cancer de cuello uterino",numero de personas que recibieron orientacion en anticoncepcion,2015-03-01,0,0,11,1,0,12
HUACHACALLA,"anticoncepcion, prevencion de its y de cancer de cuello uterino",numero de personas que recibieron orientacion en anticoncepcion,2015-03-01,0,1,5,3,0,9
HUANUNI,"anticoncepcion, prevencion de its y de cancer de cuello uterino",numero de personas que recibieron orientacion en anticoncepcion,2015-03-01,0,1,53,7,0,61
HUARACAJE,"anticoncepcion, prevencion de its y de cancer de cuello uterino",numero de personas que recibieron orientacion en anticoncepcion,2015-03-01,15,6,18,8,0,47
HUARINA,"anticoncepcion, prevencion de its y de cancer de cuello uterino",numero de personas que recibieron orientacion en anticoncepcion,2015-03-01,0,0,1,2,0,3
HUATAJATA,"anticoncepcion, prevencion de its y de cancer de cuello uterino",numero de personas que recibieron orientacion en anticoncepcion,2015-03-01,0,1,1,0,0,2
HUAYLLAMARCA,"anticoncepcion, prevencion de its y de cancer de cuello uterino",numero de personas que recibieron orientacion en anticoncepcion,2015-03-01,0,3,10,11,0,24
HUMANATA,"anticoncepcion, prevencion de its y de cancer de cuello uterino",numero de personas que recibieron orientacion en anticoncepcion,2015-03-01,0,0,2,6,0,8
ICHOCA,"anticoncepcion, prevencion de its y de cancer de cuello uterino",numero de personas que recibieron orientacion en anticoncepcion,2015-03-01,0,4,7,1,0,12
ICLA,"anticoncepcion, prevencion de its y de cancer de cuello uterino",numero de personas que recibieron orientacion en anticoncepcion,2015-03-01,0,4,52,56,10,122
INCAHUASI,"anticoncepcion, prevencion de its y de cancer de cuello uterino",numero de personas que recibieron orientacion en anticoncepcion,2015-03-01,0,4,27,15,0,46
INQUISIVI,"anticoncepcion, prevencion de its y de cancer de cuello uterino",numero de personas que recibieron orientacion en anticoncepcion,2015-03-01,0,3,9,4,0,16
IRUPANA (VILLA DE LANZA),"anticoncepcion, prevencion de its y de cancer de cuello uterino",numero de personas que recibieron orientacion en anticoncepcion,2015-03-01,0,4,9,7,0,20
IXIAMAS,"anticoncepcion, prevencion de its y de cancer de cuello uterino",numero de personas que recibieron orientacion en anticoncepcion,2015-03-01,0,2,17,2,0,21
JESUS DE MACHACA,"anticoncepcion, prevencion de its y de cancer de cuello uterino",numero de personas que recibieron orientacion en anticoncepcion,2015-03-01,0,8,30,10,0,48
LA ASUNTA,"anticoncepcion, prevencion de its y de cancer de cuello uterino",numero de personas que recibieron orientacion en anticoncepcion,2015-03-01,2,15,42,6,0,65
LA GUARDIA,"anticoncepcion, prevencion de its y de cancer de cuello uterino",numero de personas que recibieron orientacion en anticoncepcion,2015-03-01,1,41,193,49,5,289
LA PAZ,"anticoncepcion, prevencion de its y de cancer de cuello uterino",numero de personas que recibieron orientacion en anticoncepcion,2015-03-01,15,209,1414,415,36,2089
LAGUNILLAS,"anticoncepcion, prevencion de its y de cancer de cuello uterino",numero de personas que recibieron orientacion en anticoncepcion,2015-03-01,0,3,6,3,0,12
LAJA,"anticoncepcion, prevencion de its y de cancer de cuello uterino",numero de personas que recibieron orientacion en anticoncepcion,2015-03-01,0,8,23,4,2,37
LAS CARRERAS,"anticoncepcion, prevencion de its y de cancer de cuello uterino",numero de personas que recibieron orientacion en anticoncepcion,2015-03-01,1,2,17,10,0,30
LLALLAGUA,"anticoncepcion, prevencion de its y de cancer de cuello uterino",numero de personas que recibieron orientacion en anticoncepcion,2015-03-01,0,31,172,49,0,252
LLICA,"anticoncepcion, prevencion de its y de cancer de cuello uterino",numero de personas que recibieron orientacion en anticoncepcion,2015-03-01,0,3,3,0,0,6
LORETO,"anticoncepcion, prevencion de its y de cancer de cuello uterino",numero de personas que recibieron orientacion en anticoncepcion,2015-03-01,0,25,33,35,0,93
LURIBAY,"anticoncepcion, prevencion de its y de cancer de cuello uterino",numero de personas que recibieron orientacion en anticoncepcion,2015-03-01,0,4,8,10,0,22
MACHACAMARCA,"anticoncepcion, prevencion de its y de cancer de cuello uterino",numero de personas que recibieron orientacion en anticoncepcion,2015-03-01,0,2,11,3,0,16
MACHARETI,"anticoncepcion, prevencion de its y de cancer de cuello uterino",numero de personas que recibieron orientacion en anticoncepcion,2015-03-01,0,5,32,7,3,47
MAGDALENA,"anticoncepcion, prevencion de its y de cancer de cuello uterino",numero de personas que recibieron orientacion en anticoncepcion,2015-03-01,3,21,95,24,3,146
MAIRANA,"anticoncepcion, prevencion de its y de cancer de cuello uterino",numero de personas que recibieron orientacion en anticoncepcion,2015-03-01,0,4,26,1,0,31
MALLA,"anticoncepcion, prevencion de its y de cancer de cuello uterino",numero de personas que recibieron orientacion en anticoncepcion,2015-03-01,0,0,1,2,0,3
MAPIRI,"anticoncepcion, prevencion de its y de cancer de cuello uterino",numero de personas que recibieron orientacion en anticoncepcion,2015-03-01,0,1,19,8,5,33
MECAPACA,"anticoncepcion, prevencion de its y de cancer de cuello uterino",numero de personas que recibieron orientacion en anticoncepcion,2015-03-01,0,1,17,14,2,34
MINEROS,"anticoncepcion, prevencion de its y de cancer de cuello uterino",numero de personas que recibieron orientacion en anticoncepcion,2015-03-01,0,10,42,10,2,64
MIZQUE,"anticoncepcion, prevencion de its y de cancer de cuello uterino",numero de personas que recibieron orientacion en anticoncepcion,2015-03-01,1,11,73,14,1,100
MOCOMOCO,"anticoncepcion, prevencion de its y de cancer de cuello uterino",numero de personas que recibieron orientacion en anticoncepcion,2015-03-01,0,3,6,0,0,9
MOJINETE,"anticoncepcion, prevencion de its y de cancer de cuello uterino",numero de personas que recibieron orientacion en anticoncepcion,2015-03-01,0,1,4,3,0,8
MOJOCOYA,"anticoncepcion, prevencion de its y de cancer de cuello uterino",numero de personas que recibieron orientacion en anticoncepcion,2015-03-01,1,10,34,37,7,89
MONTEAGUDO,"anticoncepcion, prevencion de its y de cancer de cuello uterino",numero de personas que recibieron orientacion en anticoncepcion,2015-03-01,5,47,149,112,16,329
MONTERO,"anticoncepcion, prevencion de its y de cancer de cuello uterino",numero de personas que recibieron orientacion en anticoncepcion,2015-03-01,8,57,249,80,14,408
MORO MORO,"anticoncepcion, prevencion de its y de cancer de cuello uterino",numero de personas que recibieron orientacion en anticoncepcion,2015-03-01,0,1,4,0,0,5
MOROCHATA,"anticoncepcion, prevencion de its y de cancer de cuello uterino",numero de personas que recibieron orientacion en anticoncepcion,2015-03-01,4,18,47,41,1,111
NACEBE (SANTA ROSA DEL ABUNA),"anticoncepcion, prevencion de its y de cancer de cuello uterino",numero de personas que recibieron orientacion en anticoncepcion,2015-03-01,0,9,21,2,1,33
NUEVO MANOA (NUEVA ESPERANZA),"anticoncepcion, prevencion de its y de cancer de cuello uterino",numero de personas que recibieron orientacion en anticoncepcion,2015-03-01,0,1,22,3,0,26
OCURI,"anticoncepcion, prevencion de its y de cancer de cuello uterino",numero de personas que recibieron orientacion en anticoncepcion,2015-03-01,0,5,33,11,0,49
OKINAWA,"anticoncepcion, prevencion de its y de cancer de cuello uterino",numero de personas que recibieron orientacion en anticoncepcion,2015-03-01,0,6,14,4,0,24
OMEREQUE,"anticoncepcion, prevencion de its y de cancer de cuello uterino",numero de personas que recibieron orientacion en anticoncepcion,2015-03-01,0,4,22,12,0,38
ORURO,"anticoncepcion, prevencion de its y de cancer de cuello uterino",numero de personas que recibieron orientacion en anticoncepcion,2015-03-01,4,154,1310,487,28,1983
PADCAYA,"anticoncepcion, prevencion de its y de cancer de cuello uterino",numero de personas que recibieron orientacion en anticoncepcion,2015-03-01,0,15,39,36,1,91
PADILLA,"anticoncepcion, prevencion de its y de cancer de cuello uterino",numero de personas que recibieron orientacion en anticoncepcion,2015-03-01,0,19,138,78,10,245
PAILON,"anticoncepcion, prevencion de its y de cancer de cuello uterino",numero de personas que recibieron orientacion en anticoncepcion,2015-03-01,0,7,34,11,0,52
PALCA,"anticoncepcion, prevencion de its y de cancer de cuello uterino",numero de personas que recibieron orientacion en anticoncepcion,2015-03-01,0,9,36,6,3,54
PALOS BLANCOS,"anticoncepcion, prevencion de its y de cancer de cuello uterino",numero de personas que recibieron orientacion en anticoncepcion,2015-03-01,2,10,79,41,1,133
PAMPA AULLAGAS,"anticoncepcion, prevencion de its y de cancer de cuello uterino",numero de personas que recibieron orientacion en anticoncepcion,2015-03-01,0,1,10,5,0,16
PAMPA GRANDE,"anticoncepcion, prevencion de its y de cancer de cuello uterino",numero de personas que recibieron orientacion en anticoncepcion,2015-03-01,1,3,11,4,0,19
PAPEL PAMPA,"anticoncepcion, prevencion de its y de cancer de cuello uterino",numero de personas que recibieron orientacion en anticoncepcion,2015-03-01,0,0,0,4,2,6
PASORAPA,"anticoncepcion, prevencion de its y de cancer de cuello uterino",numero de personas que recibieron orientacion en anticoncepcion,2015-03-01,11,7,40,18,2,78
PATACAMAYA,"anticoncepcion, prevencion de its y de cancer de cuello uterino",numero de personas que recibieron orientacion en anticoncepcion,2015-03-01,0,0,1,0,0,1
PAZÑA,"anticoncepcion, prevencion de its y de cancer de cuello uterino",numero de personas que recibieron orientacion en anticoncepcion,2015-03-01,0,0,37,18,2,57
PELECHUCO,"anticoncepcion, prevencion de its y de cancer de cuello uterino",numero de personas que recibieron orientacion en anticoncepcion,2015-03-01,0,1,11,2,1,15
POCOATA,"anticoncepcion, prevencion de its y de cancer de cuello uterino",numero de personas que recibieron orientacion en anticoncepcion,2015-03-01,1,16,41,41,12,111
POCONA,"anticoncepcion, prevencion de its y de cancer de cuello uterino",numero de personas que recibieron orientacion en anticoncepcion,2015-03-01,4,13,88,53,1,159
POJO (CBBA),"anticoncepcion, prevencion de its y de cancer de cuello uterino",numero de personas que recibieron orientacion en anticoncepcion,2015-03-01,0,5,26,13,3,47
POOPO,"anticoncepcion, prevencion de its y de cancer de cuello uterino",numero de personas que recibieron orientacion en anticoncepcion,2015-03-01,0,0,23,0,0,23
PORCO,"anticoncepcion, prevencion de its y de cancer de cuello uterino",numero de personas que recibieron orientacion en anticoncepcion,2015-03-01,0,4,20,1,0,25
POROMA,"anticoncepcion, prevencion de its y de cancer de cuello uterino",numero de personas que recibieron orientacion en anticoncepcion,2015-03-01,0,6,94,39,1,140
PORONGO,"anticoncepcion, prevencion de its y de cancer de cuello uterino",numero de personas que recibieron orientacion en anticoncepcion,2015-03-01,0,4,25,4,0,33
PORTACHUELO,"anticoncepcion, prevencion de its y de cancer de cuello uterino",numero de personas que recibieron orientacion en anticoncepcion,2015-03-01,0,4,13,3,0,20
POSTRER VALLE,"anticoncepcion, prevencion de its y de cancer de cuello uterino",numero de personas que recibieron orientacion en anticoncepcion,2015-03-01,0,0,1,2,0,3
POTOSI,"anticoncepcion, prevencion de its y de cancer de cuello uterino",numero de personas que recibieron orientacion en anticoncepcion,2015-03-01,5,53,351,184,13,606
PRESTO,"anticoncepcion, prevencion de its y de cancer de cuello uterino",numero de personas que recibieron orientacion en anticoncepcion,2015-03-01,3,23,102,56,13,197
PUCARA,"anticoncepcion, prevencion de its y de cancer de cuello uterino",numero de personas que recibieron orientacion en anticoncepcion,2015-03-01,0,1,0,0,0,1
PUCARANI,"anticoncepcion, prevencion de its y de cancer de cuello uterino",numero de personas que recibieron orientacion en anticoncepcion,2015-03-01,0,9,63,22,1,95
PUERTO ACOSTA,"anticoncepcion, prevencion de its y de cancer de cuello uterino",numero de personas que recibieron orientacion en anticoncepcion,2015-03-01,0,2,8,1,0,11
PUERTO CARABUCO,"anticoncepcion, prevencion de its y de cancer de cuello uterino",numero de personas que recibieron orientacion en anticoncepcion,2015-03-01,0,3,8,6,0,17
PUERTO GONZALO MORENO,"anticoncepcion, prevencion de its y de cancer de cuello uterino",numero de personas que recibieron orientacion en anticoncepcion,2015-03-01,1,14,25,7,0,47
PUERTO PEREZ,"anticoncepcion, prevencion de its y de cancer de cuello uterino",numero de personas que recibieron orientacion en anticoncepcion,2015-03-01,1,22,106,47,12,188
PUERTO QUIJARRO,"anticoncepcion, prevencion de its y de cancer de cuello uterino",numero de personas que recibieron orientacion en anticoncepcion,2015-03-01,10,22,43,29,0,104
PUERTO RICO,"anticoncepcion, prevencion de its y de cancer de cuello uterino",numero de personas que recibieron orientacion en anticoncepcion,2015-03-01,1,8,14,4,0,27
PUERTO SILES,"anticoncepcion, prevencion de its y de cancer de cuello uterino",numero de personas que recibieron orientacion en anticoncepcion,2015-03-01,1,1,7,1,0,10
PUERTO SUAREZ,"anticoncepcion, prevencion de its y de cancer de cuello uterino",numero de personas que recibieron orientacion en anticoncepcion,2015-03-01,0,8,35,6,0,49
PUERTO VILLARROEL,"anticoncepcion, prevencion de its y de cancer de cuello uterino",numero de personas que recibieron orientacion en anticoncepcion,2015-03-01,5,50,188,40,4,287
PUNA,"anticoncepcion, prevencion de its y de cancer de cuello uterino",numero de personas que recibieron orientacion en anticoncepcion,2015-03-01,1,7,66,27,0,101
PUNATA,"anticoncepcion, prevencion de its y de cancer de cuello uterino",numero de personas que recibieron orientacion en anticoncepcion,2015-03-01,0,3,56,18,1,78
QUIABAYA,"anticoncepcion, prevencion de its y de cancer de cuello uterino",numero de personas que recibieron orientacion en anticoncepcion,2015-03-01,0,5,5,1,1,12
QUILLACOLLO,"anticoncepcion, prevencion de its y de cancer de cuello uterino",numero de personas que recibieron orientacion en anticoncepcion,2015-03-01,1,246,1016,370,1,1634
QUIME,"anticoncepcion, prevencion de its y de cancer de cuello uterino",numero de personas que recibieron orientacion en anticoncepcion,2015-03-01,0,9,28,8,0,45
QUIRUSILLAS,"anticoncepcion, prevencion de its y de cancer de cuello uterino",numero de personas que recibieron orientacion en anticoncepcion,2015-03-01,0,3,7,2,0,12
RAVELO,"anticoncepcion, prevencion de its y de cancer de cuello uterino",numero de personas que recibieron orientacion en anticoncepcion,2015-03-01,0,12,72,45,11,140
REYES,"anticoncepcion, prevencion de its y de cancer de cuello uterino",numero de personas que recibieron orientacion en anticoncepcion,2015-03-01,5,35,49,2,0,91
RIBERALTA,"anticoncepcion, prevencion de its y de cancer de cuello uterino",numero de personas que recibieron orientacion en anticoncepcion,2015-03-01,68,325,1266,277,28,1964
ROBORE,"anticoncepcion, prevencion de its y de cancer de cuello uterino",numero de personas que recibieron orientacion en anticoncepcion,2015-03-01,0,9,43,7,0,59
RURRENABAQUE,"anticoncepcion, prevencion de its y de cancer de cuello uterino",numero de personas que recibieron orientacion en anticoncepcion,2015-03-01,0,20,64,17,0,101
SABAYA,"anticoncepcion, prevencion de its y de cancer de cuello uterino",numero de personas que recibieron orientacion en anticoncepcion,2015-03-01,0,0,11,5,1,17
SACABA,"anticoncepcion, prevencion de its y de cancer de cuello uterino",numero de personas que recibieron orientacion en anticoncepcion,2015-03-01,0,102,559,207,13,881
SACABAMBA,"anticoncepcion, prevencion de its y de cancer de cuello uterino",numero de personas que recibieron orientacion en anticoncepcion,2015-03-01,2,0,4,2,0,8
SACACA,"anticoncepcion, prevencion de its y de cancer de cuello uterino",numero de personas que recibieron orientacion en anticoncepcion,2015-03-01,0,21,59,43,0,123
SAIPINA,"anticoncepcion, prevencion de its y de cancer de cuello uterino",numero de personas que recibieron orientacion en anticoncepcion,2015-03-01,1,10,28,7,0,46
SALINAS DE GARCI MENDOZA,"anticoncepcion, prevencion de its y de cancer de cuello uterino",numero de personas que recibieron orientacion en anticoncepcion,2015-03-01,0,17,55,19,0,91
SAMAIPATA,"anticoncepcion, prevencion de its y de cancer de cuello uterino",numero de personas que recibieron orientacion en anticoncepcion,2015-03-01,0,15,23,3,1,42
SAN AGUSTIN,"anticoncepcion, prevencion de its y de cancer de cuello uterino",numero de personas que recibieron orientacion en anticoncepcion,2015-03-01,0,2,2,0,0,4
SAN ANDRES,"anticoncepcion, prevencion de its y de cancer de cuello uterino",numero de personas que recibieron orientacion en anticoncepcion,2015-03-01,0,30,70,32,1,133
SAN ANDRES DE MACHACA,"anticoncepcion, prevencion de its y de cancer de cuello uterino",numero de personas que recibieron orientacion en anticoncepcion,2015-03-01,0,2,15,17,0,34
SAN ANTONIO DE ESMORUCO,"anticoncepcion, prevencion de its y de cancer de cuello uterino",numero de personas que recibieron orientacion en anticoncepcion,2015-03-01,0,0,2,0,0,2
SAN ANTONIO DE LOMERIO,"anticoncepcion, prevencion de its y de cancer de cuello uterino",numero de personas que recibieron orientacion en anticoncepcion,2015-03-01,1,3,9,2,0,15
SAN BENITO,"anticoncepcion, prevencion de its y de cancer de cuello uterino",numero de personas que recibieron orientacion en anticoncepcion,2015-03-01,0,2,35,20,0,57
SAN BORJA,"anticoncepcion, prevencion de its y de cancer de cuello uterino",numero de personas que recibieron orientacion en anticoncepcion,2015-03-01,4,33,104,16,2,159
SAN BUENA VENTURA,"anticoncepcion, prevencion de its y de cancer de cuello uterino",numero de personas que recibieron orientacion en anticoncepcion,2015-03-01,1,3,15,7,0,26
SAN CARLOS,"anticoncepcion, prevencion de its y de cancer de cuello uterino",numero de personas que recibieron orientacion en anticoncepcion,2015-03-01,5,33,62,34,0,134
SAN IGNACIO,"anticoncepcion, prevencion de its y de cancer de cuello uterino",numero de personas que recibieron orientacion en anticoncepcion,2015-03-01,5,43,177,86,5,316
SAN IGNACIO DE VELASCO,"anticoncepcion, prevencion de its y de cancer de cuello uterino",numero de personas que recibieron orientacion en anticoncepcion,2015-03-01,1,31,174,69,1,276
SAN JAVIER(BNI),"anticoncepcion, prevencion de its y de cancer de cuello uterino",numero de personas que recibieron orientacion en anticoncepcion,2015-03-01,0,3,16,2,0,21
SAN JAVIER(STC),"anticoncepcion, prevencion de its y de cancer de cuello uterino",numero de personas que recibieron orientacion en anticoncepcion,2015-03-01,2,6,24,17,0,49
SAN JOSE DE CHIQUITOS,"anticoncepcion, prevencion de its y de cancer de cuello uterino",numero de personas que recibieron orientacion en anticoncepcion,2015-03-01,10,17,65,21,1,114
SAN JUAN DE YAPACANI,"anticoncepcion, prevencion de its y de cancer de cuello uterino",numero de personas que recibieron orientacion en anticoncepcion,2015-03-01,0,10,60,21,0,91
SAN JULIAN,"anticoncepcion, prevencion de its y de cancer de cuello uterino",numero de personas que recibieron orientacion en anticoncepcion,2015-03-01,0,40,217,71,0,328
SAN LORENZO(PND),"anticoncepcion, prevencion de its y de cancer de cuello uterino",numero de personas que recibieron orientacion en anticoncepcion,2015-03-01,0,2,4,3,0,9
SAN LORENZO(TJA),"anticoncepcion, prevencion de its y de cancer de cuello uterino",numero de personas que recibieron orientacion en anticoncepcion,2015-03-01,0,7,27,12,1,47
SAN LUCAS,"anticoncepcion, prevencion de its y de cancer de cuello uterino",numero de personas que recibieron orientacion en anticoncepcion,2015-03-01,4,30,121,77,10,242
SAN MATIAS,"anticoncepcion, prevencion de its y de cancer de cuello uterino",numero de personas que recibieron orientacion en anticoncepcion,2015-03-01,0,4,29,5,0,38
SAN MIGUEL DE VELASCO,"anticoncepcion, prevencion de its y de cancer de cuello uterino",numero de personas que recibieron orientacion en anticoncepcion,2015-03-01,0,18,37,17,0,72
SAN PABLO DE LIPEZ,"anticoncepcion, prevencion de its y de cancer de cuello uterino",numero de personas que recibieron orientacion en anticoncepcion,2015-03-01,0,0,6,0,0,6
SAN PEDRO,"anticoncepcion, prevencion de its y de cancer de cuello uterino",numero de personas que recibieron orientacion en anticoncepcion,2015-03-01,1,9,47,29,7,93
SAN PEDRO DE BUENA VISTA,"anticoncepcion, prevencion de its y de cancer de cuello uterino",numero de personas que recibieron orientacion en anticoncepcion,2015-03-01,0,7,42,30,0,79
SAN PEDRO DE CURAHUARA,"anticoncepcion, prevencion de its y de cancer de cuello uterino",numero de personas que recibieron orientacion en anticoncepcion,2015-03-01,0,0,2,0,0,2
SAN PEDRO DE QUEMES,"anticoncepcion, prevencion de its y de cancer de cuello uterino",numero de personas que recibieron orientacion en anticoncepcion,2015-03-01,0,2,4,1,0,7
SAN PEDRO DE TIQUINA,"anticoncepcion, prevencion de its y de cancer de cuello uterino",numero de personas que recibieron orientacion en anticoncepcion,2015-03-01,0,3,14,9,0,26
SAN PEDRO(PND),"anticoncepcion, prevencion de its y de cancer de cuello uterino",numero de personas que recibieron orientacion en anticoncepcion,2015-03-01,0,0,3,0,0,3
SAN RAFAEL,"anticoncepcion, prevencion de its y de cancer de cuello uterino",numero de personas que recibieron orientacion en anticoncepcion,2015-03-01,0,28,81,29,1,139
SAN RAMON BENI,"anticoncepcion, prevencion de its y de cancer de cuello uterino",numero de personas que recibieron orientacion en anticoncepcion,2015-03-01,0,2,19,4,0,25
SANTA ANA,"anticoncepcion, prevencion de its y de cancer de cuello uterino",numero de personas que recibieron orientacion en anticoncepcion,2015-03-01,4,49,101,23,3,180
SANTA CRUZ DE LA SIERRA,"anticoncepcion, prevencion de its y de cancer de cuello uterino",numero de personas que recibieron orientacion en anticoncepcion,2015-03-01,301,753,1919,625,66,3664
SANTA ROSA,"anticoncepcion, prevencion de its y de cancer de cuello uterino",numero de personas que recibieron orientacion en anticoncepcion,2015-03-01,0,9,11,2,0,22
SANTA ROSA DEL SARA,"anticoncepcion, prevencion de its y de cancer de cuello uterino",numero de personas que recibieron orientacion en anticoncepcion,2015-03-01,0,8,22,5,0,35
SANTIAGO DE CALLAPA,"anticoncepcion, prevencion de its y de cancer de cuello uterino",numero de personas que recibieron orientacion en anticoncepcion,2015-03-01,0,0,2,0,0,2
SANTIAGO DE HUARI,"anticoncepcion, prevencion de its y de cancer de cuello uterino",numero de personas que recibieron orientacion en anticoncepcion,2015-03-01,0,18,51,9,1,79
SANTIAGO DE HUATA,"anticoncepcion, prevencion de its y de cancer de cuello uterino",numero de personas que recibieron orientacion en anticoncepcion,2015-03-01,0,4,12,7,2,25
SANTIAGO DE MACHACA,"anticoncepcion, prevencion de its y de cancer de cuello uterino",numero de personas que recibieron orientacion en anticoncepcion,2015-03-01,0,2,1,1,1,5
SANTIVAÑES,"anticoncepcion, prevencion de its y de cancer de cuello uterino",numero de personas que recibieron orientacion en anticoncepcion,2015-03-01,0,3,15,6,0,24
SANTUARIO DE QUILLACAS,"anticoncepcion, prevencion de its y de cancer de cuello uterino",numero de personas que recibieron orientacion en anticoncepcion,2015-03-01,0,2,17,8,0,27
SAPAHAQUI,"anticoncepcion, prevencion de its y de cancer de cuello uterino",numero de personas que recibieron orientacion en anticoncepcion,2015-03-01,0,0,7,0,0,7
SENA,"anticoncepcion, prevencion de its y de cancer de cuello uterino",numero de personas que recibieron orientacion en anticoncepcion,2015-03-01,0,7,9,0,0,16
SHINAOTA,"anticoncepcion, prevencion de its y de cancer de cuello uterino",numero de personas que recibieron orientacion en anticoncepcion,2015-03-01,1,5,8,6,0,20
SICA SICA (VILLA AROMA),"anticoncepcion, prevencion de its y de cancer de cuello uterino",numero de personas que recibieron orientacion en anticoncepcion,2015-03-01,0,9,31,16,0,56
SICAYA,"anticoncepcion, prevencion de its y de cancer de cuello uterino",numero de personas que recibieron orientacion en anticoncepcion,2015-03-01,0,1,17,4,0,22
SIPE SIPE,"anticoncepcion, prevencion de its y de cancer de cuello uterino",numero de personas que recibieron orientacion en anticoncepcion,2015-03-01,3,105,345,67,2,522
SOPACHUY,"anticoncepcion, prevencion de its y de cancer de cuello uterino",numero de personas que recibieron orientacion en anticoncepcion,2015-03-01,0,6,50,20,2,78
SORACACHI,"anticoncepcion, prevencion de its y de cancer de cuello uterino",numero de personas que recibieron orientacion en anticoncepcion,2015-03-01,0,1,13,2,0,16
SORATA,"anticoncepcion, prevencion de its y de cancer de cuello uterino",numero de personas que recibieron orientacion en anticoncepcion,2015-03-01,0,7,38,30,0,75
SUCRE,"anticoncepcion, prevencion de its y de cancer de cuello uterino",numero de personas que recibieron orientacion en anticoncepcion,2015-03-01,26,547,2298,1167,122,4160
TACACHI,"anticoncepcion, prevencion de its y de cancer de cuello uterino",numero de personas que recibieron orientacion en anticoncepcion,2015-03-01,0,0,1,0,0,1
TACACOMA,"anticoncepcion, prevencion de its y de cancer de cuello uterino",numero de personas que recibieron orientacion en anticoncepcion,2015-03-01,0,0,1,1,0,2
TACOBAMBA,"anticoncepcion, prevencion de its y de cancer de cuello uterino",numero de personas que recibieron orientacion en anticoncepcion,2015-03-01,0,1,10,6,1,18
TACOPAYA,"anticoncepcion, prevencion de its y de cancer de cuello uterino",numero de personas que recibieron orientacion en anticoncepcion,2015-03-01,0,5,19,11,0,35
TAHUA,"anticoncepcion, prevencion de its y de cancer de cuello uterino",numero de personas que recibieron orientacion en anticoncepcion,2015-03-01,0,0,5,1,0,6
TAPACARI,"anticoncepcion, prevencion de its y de cancer de cuello uterino",numero de personas que recibieron orientacion en anticoncepcion,2015-03-01,0,7,21,11,0,39
TARABUCO,"anticoncepcion, prevencion de its y de cancer de cuello uterino",numero de personas que recibieron orientacion en anticoncepcion,2015-03-01,1,25,107,67,2,202
TARACO,"anticoncepcion, prevencion de its y de cancer de cuello uterino",numero de personas que recibieron orientacion en anticoncepcion,2015-03-01,0,3,7,1,0,11
TARATA,"anticoncepcion, prevencion de its y de cancer de cuello uterino",numero de personas que recibieron orientacion en anticoncepcion,2015-03-01,0,4,30,16,0,50
TARIJA,"anticoncepcion, prevencion de its y de cancer de cuello uterino",numero de personas que recibieron orientacion en anticoncepcion,2015-03-01,16,138,941,210,8,1313
TARVITA,"anticoncepcion, prevencion de its y de cancer de cuello uterino",numero de personas que recibieron orientacion en anticoncepcion,2015-03-01,0,14,41,44,1,100
TEOPONTE,"anticoncepcion, prevencion de its y de cancer de cuello uterino",numero de personas que recibieron orientacion en anticoncepcion,2015-03-01,2,5,31,9,0,47
TIAWANACU,"anticoncepcion, prevencion de its y de cancer de cuello uterino",numero de personas que recibieron orientacion en anticoncepcion,2015-03-01,0,9,23,5,0,37
TINGUIPAYA,"anticoncepcion, prevencion de its y de cancer de cuello uterino",numero de personas que recibieron orientacion en anticoncepcion,2015-03-01,0,5,29,20,5,59
TIPUANI,"anticoncepcion, prevencion de its y de cancer de cuello uterino",numero de personas que recibieron orientacion en anticoncepcion,2015-03-01,0,0,18,7,0,25
TIQUIPAYA,"anticoncepcion, prevencion de its y de cancer de cuello uterino",numero de personas que recibieron orientacion en anticoncepcion,2015-03-01,32,85,119,77,0,313
TIRAQUE (CBBA),"anticoncepcion, prevencion de its y de cancer de cuello uterino",numero de personas que recibieron orientacion en anticoncepcion,2015-03-01,1,27,58,17,0,103
TITO YUPANQUI (PARQUIPUJIO),"anticoncepcion, prevencion de its y de cancer de cuello uterino",numero de personas que recibieron orientacion en anticoncepcion,2015-03-01,0,0,0,1,0,1
TOCO,"anticoncepcion, prevencion de its y de cancer de cuello uterino",numero de personas que recibieron orientacion en anticoncepcion,2015-03-01,0,6,15,12,0,33
TOLATA,"anticoncepcion, prevencion de its y de cancer de cuello uterino",numero de personas que recibieron orientacion en anticoncepcion,2015-03-01,1,7,21,7,0,36
TOLEDO,"anticoncepcion, prevencion de its y de cancer de cuello uterino",numero de personas que recibieron orientacion en anticoncepcion,2015-03-01,0,2,7,4,0,13
TOMAVE,"anticoncepcion, prevencion de its y de cancer de cuello uterino",numero de personas que recibieron orientacion en anticoncepcion,2015-03-01,0,1,9,6,1,17
TOMINA,"anticoncepcion, prevencion de its y de cancer de cuello uterino",numero de personas que recibieron orientacion en anticoncepcion,2015-03-01,2,8,15,9,1,35
TORO TORO,"anticoncepcion, prevencion de its y de cancer de cuello uterino",numero de personas que recibieron orientacion en anticoncepcion,2015-03-01,1,7,23,11,0,42
TOTORA(CBBA),"anticoncepcion, prevencion de its y de cancer de cuello uterino",numero de personas que recibieron orientacion en anticoncepcion,2015-03-01,12,97,234,48,1,392
TOTORA(ORR),"anticoncepcion, prevencion de its y de cancer de cuello uterino",numero de personas que recibieron orientacion en anticoncepcion,2015-03-01,1,4,19,10,0,34
TRIGAL,"anticoncepcion, prevencion de its y de cancer de cuello uterino",numero de personas que recibieron orientacion en anticoncepcion,2015-03-01,0,0,2,0,0,2
TRINIDAD,"anticoncepcion, prevencion de its y de cancer de cuello uterino",numero de personas que recibieron orientacion en anticoncepcion,2015-03-01,27,246,903,192,26,1394
TUPIZA,"anticoncepcion, prevencion de its y de cancer de cuello uterino",numero de personas que recibieron orientacion en anticoncepcion,2015-03-01,0,27,161,78,29,295
TURCO,"anticoncepcion, prevencion de its y de cancer de cuello uterino",numero de personas que recibieron orientacion en anticoncepcion,2015-03-01,0,5,19,17,1,42
UMALA,"anticoncepcion, prevencion de its y de cancer de cuello uterino",numero de personas que recibieron orientacion en anticoncepcion,2015-03-01,0,2,3,2,0,7
UNCIA,"anticoncepcion, prevencion de its y de cancer de cuello uterino",numero de personas que recibieron orientacion en anticoncepcion,2015-03-01,2,5,22,7,1,37
URIONDO (A. CONCEPCION),"anticoncepcion, prevencion de its y de cancer de cuello uterino",numero de personas que recibieron orientacion en anticoncepcion,2015-03-01,1,13,63,26,1,104
URUBICHA,"anticoncepcion, prevencion de its y de cancer de cuello uterino",numero de personas que recibieron orientacion en anticoncepcion,2015-03-01,0,0,7,1,0,8
UYUNI,"anticoncepcion, prevencion de its y de cancer de cuello uterino",numero de personas que recibieron orientacion en anticoncepcion,2015-03-01,0,16,35,10,0,61
VACAS,"anticoncepcion, prevencion de its y de cancer de cuello uterino",numero de personas que recibieron orientacion en anticoncepcion,2015-03-01,0,5,35,14,5,59
VALLEGRANDE,"anticoncepcion, prevencion de its y de cancer de cuello uterino",numero de personas que recibieron orientacion en anticoncepcion,2015-03-01,0,4,34,24,11,73
VIACHA,"anticoncepcion, prevencion de its y de cancer de cuello uterino",numero de personas que recibieron orientacion en anticoncepcion,2015-03-01,0,30,92,45,10,177
VILA VILA,"anticoncepcion, prevencion de its y de cancer de cuello uterino",numero de personas que recibieron orientacion en anticoncepcion,2015-03-01,0,1,7,5,1,14
VILLA CHARCAS,"anticoncepcion, prevencion de its y de cancer de cuello uterino",numero de personas que recibieron orientacion en anticoncepcion,2015-03-01,0,8,30,10,0,48
VILLA MONTES,"anticoncepcion, prevencion de its y de cancer de cuello uterino",numero de personas que recibieron orientacion en anticoncepcion,2015-03-01,3,22,186,82,26,319
VILLA NUEVA (LOMA ALTA),"anticoncepcion, prevencion de its y de cancer de cuello uterino",numero de personas que recibieron orientacion en anticoncepcion,2015-03-01,2,0,0,0,0,2
VILLA RIVERO,"anticoncepcion, prevencion de its y de cancer de cuello uterino",numero de personas que recibieron orientacion en anticoncepcion,2015-03-01,0,9,10,7,0,26
VILLA SERRANO,"anticoncepcion, prevencion de its y de cancer de cuello uterino",numero de personas que recibieron orientacion en anticoncepcion,2015-03-01,1,9,71,43,11,135
VILLA TUNARI,"anticoncepcion, prevencion de its y de cancer de cuello uterino",numero de personas que recibieron orientacion en anticoncepcion,2015-03-01,0,38,152,43,8,241
VILLA VACA GUZMAN (MUYUPAMPA),"anticoncepcion, prevencion de its y de cancer de cuello uterino",numero de personas que recibieron orientacion en anticoncepcion,2015-03-01,0,20,68,27,1,116
VILLAZON,"anticoncepcion, prevencion de its y de cancer de cuello uterino",numero de personas que recibieron orientacion en anticoncepcion,2015-03-01,0,40,95,27,0,162
VINTO,"anticoncepcion, prevencion de its y de cancer de cuello uterino",numero de personas que recibieron orientacion en anticoncepcion,2015-03-01,5,33,189,43,0,270
VITICHI,"anticoncepcion, prevencion de its y de cancer de cuello uterino",numero de personas que recibieron orientacion en anticoncepcion,2015-03-01,1,7,22,20,1,51
WALDO BALLIVIAN,"anticoncepcion, prevencion de its y de cancer de cuello uterino",numero de personas que recibieron orientacion en anticoncepcion,2015-03-01,0,0,1,1,0,2
WARNES,"anticoncepcion, prevencion de its y de cancer de cuello uterino",numero de personas que recibieron orientacion en anticoncepcion,2015-03-01,5,46,265,70,2,388
YACO,"anticoncepcion, prevencion de its y de cancer de cuello uterino",numero de personas que recibieron orientacion en anticoncepcion,2015-03-01,0,1,3,1,0,5
YACUIBA,"anticoncepcion, prevencion de its y de cancer de cuello uterino",numero de personas que recibieron orientacion en anticoncepcion,2015-03-01,4,134,598,259,36,1031
YAMPARAEZ,"anticoncepcion, prevencion de its y de cancer de cuello uterino",numero de personas que recibieron orientacion en anticoncepcion,2015-03-01,1,4,32,34,6,77
YANACACHI,"anticoncepcion, prevencion de its y de cancer de cuello uterino",numero de personas que recibieron orientacion en anticoncepcion,2015-03-01,0,2,19,2,0,23
YAPACANI,"anticoncepcion, prevencion de its y de cancer de cuello uterino",numero de personas que recibieron orientacion en anticoncepcion,2015-03-01,0,17,131,10,0,158
YOCALLA,"anticoncepcion, prevencion de its y de cancer de cuello uterino",numero de personas que recibieron orientacion en anticoncepcion,2015-03-01,0,2,6,1,0,9
YOTALA,"anticoncepcion, prevencion de its y de cancer de cuello uterino",numero de personas que recibieron orientacion en anticoncepcion,2015-03-01,1,22,56,26,0,105
YUNCHARA,"anticoncepcion, prevencion de its y de cancer de cuello uterino",numero de personas que recibieron orientacion en anticoncepcion,2015-03-01,0,3,26,17,0,46
ZUDAÑEZ,"anticoncepcion, prevencion de its y de cancer de cuello uterino",numero de personas que recibieron orientacion en anticoncepcion,2015-03-01,0,5,9,2,0,16
ACACIO,"anticoncepcion, prevencion de its y de cancer de cuello uterino",numero de personas que recibieron orientacion en anticoncepcion,2015-04-01,0,0,8,1,1,10
ACHACACHI,"anticoncepcion, prevencion de its y de cancer de cuello uterino",numero de personas que recibieron orientacion en anticoncepcion,2015-04-01,1,6,48,25,1,81
AIQUILE,"anticoncepcion, prevencion de its y de cancer de cuello uterino",numero de personas que recibieron orientacion en anticoncepcion,2015-04-01,0,14,46,19,0,79
ALALAY,"anticoncepcion, prevencion de its y de cancer de cuello uterino",numero de personas que recibieron orientacion en anticoncepcion,2015-04-01,0,6,14,4,0,24
ALCALA,"anticoncepcion, prevencion de its y de cancer de cuello uterino",numero de personas que recibieron orientacion en anticoncepcion,2015-04-01,0,7,5,2,0,14
ALTO BENI,"anticoncepcion, prevencion de its y de cancer de cuello uterino",numero de personas que recibieron orientacion en anticoncepcion,2015-04-01,0,4,12,4,0,20
ANCORAIMES,"anticoncepcion, prevencion de its y de cancer de cuello uterino",numero de personas que recibieron orientacion en anticoncepcion,2015-04-01,0,2,10,4,0,16
ANDAMARCA,"anticoncepcion, prevencion de its y de cancer de cuello uterino",numero de personas que recibieron orientacion en anticoncepcion,2015-04-01,0,2,9,6,0,17
ANTEQUERA,"anticoncepcion, prevencion de its y de cancer de cuello uterino",numero de personas que recibieron orientacion en anticoncepcion,2015-04-01,0,0,8,4,0,12
ANZALDO,"anticoncepcion, prevencion de its y de cancer de cuello uterino",numero de personas que recibieron orientacion en anticoncepcion,2015-04-01,0,6,21,7,0,34
APOLO,"anticoncepcion, prevencion de its y de cancer de cuello uterino",numero de personas que recibieron orientacion en anticoncepcion,2015-04-01,0,4,25,18,1,48
ARAMPAMPA,"anticoncepcion, prevencion de its y de cancer de cuello uterino",numero de personas que recibieron orientacion en anticoncepcion,2015-04-01,0,3,15,25,0,43
ARANI,"anticoncepcion, prevencion de its y de cancer de cuello uterino",numero de personas que recibieron orientacion en anticoncepcion,2015-04-01,0,5,4,9,0,18
ARBIETO,"anticoncepcion, prevencion de its y de cancer de cuello uterino",numero de personas que recibieron orientacion en anticoncepcion,2015-04-01,15,50,94,36,0,195
ARQUE,"anticoncepcion, prevencion de its y de cancer de cuello uterino",numero de personas que recibieron orientacion en anticoncepcion,2015-04-01,0,4,25,15,0,44
ASCENCION DE GUARAYOS,"anticoncepcion, prevencion de its y de cancer de cuello uterino",numero de personas que recibieron orientacion en anticoncepcion,2015-04-01,0,8,58,13,0,79
ATOCHA,"anticoncepcion, prevencion de its y de cancer de cuello uterino",numero de personas que recibieron orientacion en anticoncepcion,2015-04-01,0,0,90,1,0,91
AUCAPATA,"anticoncepcion, prevencion de its y de cancer de cuello uterino",numero de personas que recibieron orientacion en anticoncepcion,2015-04-01,0,0,3,1,0,4
AYATA,"anticoncepcion, prevencion de its y de cancer de cuello uterino",numero de personas que recibieron orientacion en anticoncepcion,2015-04-01,0,2,4,0,0,6
AYO AYO,"anticoncepcion, prevencion de its y de cancer de cuello uterino",numero de personas que recibieron orientacion en anticoncepcion,2015-04-01,0,2,4,1,0,7
AYOPAYA (V. DE INDEPENDENCIA),"anticoncepcion, prevencion de its y de cancer de cuello uterino",numero de personas que recibieron orientacion en anticoncepcion,2015-04-01,0,13,63,31,0,107
AZURDUY,"anticoncepcion, prevencion de its y de cancer de cuello uterino",numero de personas que recibieron orientacion en anticoncepcion,2015-04-01,0,16,66,37,2,121
BATALLAS,"anticoncepcion, prevencion de its y de cancer de cuello uterino",numero de personas que recibieron orientacion en anticoncepcion,2015-04-01,1,4,17,9,1,32
BAURES,"anticoncepcion, prevencion de its y de cancer de cuello uterino",numero de personas que recibieron orientacion en anticoncepcion,2015-04-01,0,3,22,7,0,32
BELEN DE ANDAMARCA,"anticoncepcion, prevencion de its y de cancer de cuello uterino",numero de personas que recibieron orientacion en anticoncepcion,2015-04-01,0,0,8,4,0,12
BELEN DE URMIRI,"anticoncepcion, prevencion de its y de cancer de cuello uterino",numero de personas que recibieron orientacion en anticoncepcion,2015-04-01,2,0,1,2,0,5
BELLA FLOR,"anticoncepcion, prevencion de its y de cancer de cuello uterino",numero de personas que recibieron orientacion en anticoncepcion,2015-04-01,1,1,5,0,0,7
BERMEJO,"anticoncepcion, prevencion de its y de cancer de cuello uterino",numero de personas que recibieron orientacion en anticoncepcion,2015-04-01,1,35,158,70,6,270
BETANZOS,"anticoncepcion, prevencion de its y de cancer de cuello uterino",numero de personas que recibieron orientacion en anticoncepcion,2015-04-01,0,7,14,10,0,31
BOLIVAR,"anticoncepcion, prevencion de its y de cancer de cuello uterino",numero de personas que recibieron orientacion en anticoncepcion,2015-04-01,0,2,8,4,0,14
BOLPEBRA,"anticoncepcion, prevencion de its y de cancer de cuello uterino",numero de personas que recibieron orientacion en anticoncepcion,2015-04-01,0,1,0,0,0,1
BOYUIBE,"anticoncepcion, prevencion de its y de cancer de cuello uterino",numero de personas que recibieron orientacion en anticoncepcion,2015-04-01,0,0,12,11,7,30
BUENA VISTA,"anticoncepcion, prevencion de its y de cancer de cuello uterino",numero de personas que recibieron orientacion en anticoncepcion,2015-04-01,0,2,18,3,0,23
CABEZAS,"anticoncepcion, prevencion de its y de cancer de cuello uterino",numero de personas que recibieron orientacion en anticoncepcion,2015-04-01,0,10,23,8,0,41
CAIROMA,"anticoncepcion, prevencion de its y de cancer de cuello uterino",numero de personas que recibieron orientacion en anticoncepcion,2015-04-01,0,2,6,1,0,9
"CAIZA ""D""","anticoncepcion, prevencion de its y de cancer de cuello uterino",numero de personas que recibieron orientacion en anticoncepcion,2015-04-01,0,3,33,19,1,56
CAJUATA,"anticoncepcion, prevencion de its y de cancer de cuello uterino",numero de personas que recibieron orientacion en anticoncepcion,2015-04-01,0,5,21,7,1,34
CALACOTO,"anticoncepcion, prevencion de its y de cancer de cuello uterino",numero de personas que recibieron orientacion en anticoncepcion,2015-04-01,0,1,0,2,0,3
CALAMARCA,"anticoncepcion, prevencion de its y de cancer de cuello uterino",numero de personas que recibieron orientacion en anticoncepcion,2015-04-01,0,3,17,7,0,27
CAMARGO,"anticoncepcion, prevencion de its y de cancer de cuello uterino",numero de personas que recibieron orientacion en anticoncepcion,2015-04-01,0,2,64,22,3,91
CAMATAQUI (C. VILLA ABECIA),"anticoncepcion, prevencion de its y de cancer de cuello uterino",numero de personas que recibieron orientacion en anticoncepcion,2015-04-01,0,1,8,3,0,12
CAMIRI,"anticoncepcion, prevencion de its y de cancer de cuello uterino",numero de personas que recibieron orientacion en anticoncepcion,2015-04-01,2,15,45,5,0,67
CAPINOTA,"anticoncepcion, prevencion de its y de cancer de cuello uterino",numero de personas que recibieron orientacion en anticoncepcion,2015-04-01,0,1,31,6,0,38
CAQUIAVIRI,"anticoncepcion, prevencion de its y de cancer de cuello uterino",numero de personas que recibieron orientacion en anticoncepcion,2015-04-01,0,1,2,4,0,7
CARACOLLO,"anticoncepcion, prevencion de its y de cancer de cuello uterino",numero de personas que recibieron orientacion en anticoncepcion,2015-04-01,0,7,52,23,1,83
CARANAVI,"anticoncepcion, prevencion de its y de cancer de cuello uterino",numero de personas que recibieron orientacion en anticoncepcion,2015-04-01,0,58,205,103,12,378
CARANGAS,"anticoncepcion, prevencion de its y de cancer de cuello uterino",numero de personas que recibieron orientacion en anticoncepcion,2015-04-01,0,0,2,0,0,2
CARAPARI,"anticoncepcion, prevencion de its y de cancer de cuello uterino",numero de personas que recibieron orientacion en anticoncepcion,2015-04-01,0,6,80,25,4,115
CARIPUYO,"anticoncepcion, prevencion de its y de cancer de cuello uterino",numero de personas que recibieron orientacion en anticoncepcion,2015-04-01,0,0,7,3,0,10
CARMEN RIVERO TORREZ,"anticoncepcion, prevencion de its y de cancer de cuello uterino",numero de personas que recibieron orientacion en anticoncepcion,2015-04-01,0,5,7,9,0,21
CATACORA,"anticoncepcion, prevencion de its y de cancer de cuello uterino",numero de personas que recibieron orientacion en anticoncepcion,2015-04-01,0,0,1,0,0,1
CHALLAPATA,"anticoncepcion, prevencion de its y de cancer de cuello uterino",numero de personas que recibieron orientacion en anticoncepcion,2015-04-01,3,19,104,38,0,164
CHAQUI,"anticoncepcion, prevencion de its y de cancer de cuello uterino",numero de personas que recibieron orientacion en anticoncepcion,2015-04-01,0,11,52,22,5,90
CHARAGUA,"anticoncepcion, prevencion de its y de cancer de cuello uterino",numero de personas que recibieron orientacion en anticoncepcion,2015-04-01,0,6,29,5,0,40
CHAYANTA,"anticoncepcion, prevencion de its y de cancer de cuello uterino",numero de personas que recibieron orientacion en anticoncepcion,2015-04-01,0,10,29,8,0,47
CHIMORE,"anticoncepcion, prevencion de its y de cancer de cuello uterino",numero de personas que recibieron orientacion en anticoncepcion,2015-04-01,3,14,124,44,1,186
CHIPAYA,"anticoncepcion, prevencion de its y de cancer de cuello uterino",numero de personas que recibieron orientacion en anticoncepcion,2015-04-01,2,2,10,6,1,21
CHOQUE COTA,"anticoncepcion, prevencion de its y de cancer de cuello uterino",numero de personas que recibieron orientacion en anticoncepcion,2015-04-01,0,0,1,3,0,4
CHUA COCANI,"anticoncepcion, prevencion de its y de cancer de cuello uterino",numero de personas que recibieron orientacion en anticoncepcion,2015-04-01,0,1,3,9,0,13
CHULUMANI (V. DE LA LIBERTAD),"anticoncepcion, prevencion de its y de cancer de cuello uterino",numero de personas que recibieron orientacion en anticoncepcion,2015-04-01,0,8,25,10,0,43
CHUMA,"anticoncepcion, prevencion de its y de cancer de cuello uterino",numero de personas que recibieron orientacion en anticoncepcion,2015-04-01,0,5,8,2,0,15
CHUQUIHUTA AYLLU JUCUMANI,"anticoncepcion, prevencion de its y de cancer de cuello uterino",numero de personas que recibieron orientacion en anticoncepcion,2015-04-01,0,1,6,1,0,8
CKOCHAS,"anticoncepcion, prevencion de its y de cancer de cuello uterino",numero de personas que recibieron orientacion en anticoncepcion,2015-04-01,1,11,42,33,0,87
CLIZA,"anticoncepcion, prevencion de its y de cancer de cuello uterino",numero de personas que recibieron orientacion en anticoncepcion,2015-04-01,0,5,86,145,0,236
COBIJA,"anticoncepcion, prevencion de its y de cancer de cuello uterino",numero de personas que recibieron orientacion en anticoncepcion,2015-04-01,0,24,62,13,5,104
COCAPATA,"anticoncepcion, prevencion de its y de cancer de cuello uterino",numero de personas que recibieron orientacion en anticoncepcion,2015-04-01,3,22,82,25,0,132
COCHABAMBA,"anticoncepcion, prevencion de its y de cancer de cuello uterino",numero de personas que recibieron orientacion en anticoncepcion,2015-04-01,70,614,2658,522,21,3885
COIPASA,"anticoncepcion, prevencion de its y de cancer de cuello uterino",numero de personas que recibieron orientacion en anticoncepcion,2015-04-01,0,0,9,5,0,14
COLCAPIRHUA,"anticoncepcion, prevencion de its y de cancer de cuello uterino",numero de personas que recibieron orientacion en anticoncepcion,2015-04-01,1,44,520,81,0,646
"COLCHA ""K""","anticoncepcion, prevencion de its y de cancer de cuello uterino",numero de personas que recibieron orientacion en anticoncepcion,2015-04-01,0,3,37,11,2,53
COLLANA,"anticoncepcion, prevencion de its y de cancer de cuello uterino",numero de personas que recibieron orientacion en anticoncepcion,2015-04-01,0,2,5,0,0,7
COLOMI,"anticoncepcion, prevencion de its y de cancer de cuello uterino",numero de personas que recibieron orientacion en anticoncepcion,2015-04-01,0,16,43,10,0,69
COLPA BELGICA,"anticoncepcion, prevencion de its y de cancer de cuello uterino",numero de personas que recibieron orientacion en anticoncepcion,2015-04-01,23,31,11,2,0,67
COLQUECHACA,"anticoncepcion, prevencion de its y de cancer de cuello uterino",numero de personas que recibieron orientacion en anticoncepcion,2015-04-01,1,5,24,14,0,44
COLQUENCHA,"anticoncepcion, prevencion de its y de cancer de cuello uterino",numero de personas que recibieron orientacion en anticoncepcion,2015-04-01,0,0,0,1,0,1
COLQUIRI,"anticoncepcion, prevencion de its y de cancer de cuello uterino",numero de personas que recibieron orientacion en anticoncepcion,2015-04-01,1,4,17,8,0,30
COMANCHE,"anticoncepcion, prevencion de its y de cancer de cuello uterino",numero de personas que recibieron orientacion en anticoncepcion,2015-04-01,0,0,3,0,0,3
COMARAPA,"anticoncepcion, prevencion de its y de cancer de cuello uterino",numero de personas que recibieron orientacion en anticoncepcion,2015-04-01,12,14,36,6,0,68
COMBAYA,"anticoncepcion, prevencion de its y de cancer de cuello uterino",numero de personas que recibieron orientacion en anticoncepcion,2015-04-01,0,0,1,0,0,1
CONCEPCION,"anticoncepcion, prevencion de its y de cancer de cuello uterino",numero de personas que recibieron orientacion en anticoncepcion,2015-04-01,0,4,27,5,0,36
COPACABANA,"anticoncepcion, prevencion de its y de cancer de cuello uterino",numero de personas que recibieron orientacion en anticoncepcion,2015-04-01,0,5,43,35,0,83
CORIPATA,"anticoncepcion, prevencion de its y de cancer de cuello uterino",numero de personas que recibieron orientacion en anticoncepcion,2015-04-01,0,1,14,3,0,18
CORO CORO,"anticoncepcion, prevencion de its y de cancer de cuello uterino",numero de personas que recibieron orientacion en anticoncepcion,2015-04-01,0,0,3,1,0,4
COROICO,"anticoncepcion, prevencion de its y de cancer de cuello uterino",numero de personas que recibieron orientacion en anticoncepcion,2015-04-01,0,7,24,2,0,33
CORQUE,"anticoncepcion, prevencion de its y de cancer de cuello uterino",numero de personas que recibieron orientacion en anticoncepcion,2015-04-01,1,5,13,6,0,25
COTAGAITA,"anticoncepcion, prevencion de its y de cancer de cuello uterino",numero de personas que recibieron orientacion en anticoncepcion,2015-04-01,0,11,101,40,0,152
COTOCA,"anticoncepcion, prevencion de its y de cancer de cuello uterino",numero de personas que recibieron orientacion en anticoncepcion,2015-04-01,0,16,52,14,5,87
CRUZ DE MACHACAMARCA,"anticoncepcion, prevencion de its y de cancer de cuello uterino",numero de personas que recibieron orientacion en anticoncepcion,2015-04-01,0,0,7,0,0,7
CUATRO CAÑADAS,"anticoncepcion, prevencion de its y de cancer de cuello uterino",numero de personas que recibieron orientacion en anticoncepcion,2015-04-01,8,12,103,26,14,163
CUCHUMUELA (V. G. VILLARROEL),"anticoncepcion, prevencion de its y de cancer de cuello uterino",numero de personas que recibieron orientacion en anticoncepcion,2015-04-01,0,2,9,1,0,12
CUEVO,"anticoncepcion, prevencion de its y de cancer de cuello uterino",numero de personas que recibieron orientacion en anticoncepcion,2015-04-01,1,1,0,0,0,2
CULPINA,"anticoncepcion, prevencion de its y de cancer de cuello uterino",numero de personas que recibieron orientacion en anticoncepcion,2015-04-01,0,18,67,37,1,123
CURAHUARA DE CARANGAS,"anticoncepcion, prevencion de its y de cancer de cuello uterino",numero de personas que recibieron orientacion en anticoncepcion,2015-04-01,0,5,27,22,5,59
CURVA,"anticoncepcion, prevencion de its y de cancer de cuello uterino",numero de personas que recibieron orientacion en anticoncepcion,2015-04-01,0,1,3,1,0,5
DESAGUADERO,"anticoncepcion, prevencion de its y de cancer de cuello uterino",numero de personas que recibieron orientacion en anticoncepcion,2015-04-01,0,0,5,1,0,6
EL ALTO,"anticoncepcion, prevencion de its y de cancer de cuello uterino",numero de personas que recibieron orientacion en anticoncepcion,2015-04-01,14,418,2057,952,66,3507
EL CHORO,"anticoncepcion, prevencion de its y de cancer de cuello uterino",numero de personas que recibieron orientacion en anticoncepcion,2015-04-01,0,2,13,6,0,21
EL PUENTE(STC),"anticoncepcion, prevencion de its y de cancer de cuello uterino",numero de personas que recibieron orientacion en anticoncepcion,2015-04-01,0,8,52,18,0,78
EL PUENTE(TJA),"anticoncepcion, prevencion de its y de cancer de cuello uterino",numero de personas que recibieron orientacion en anticoncepcion,2015-04-01,0,10,47,26,1,84
EL TORNO,"anticoncepcion, prevencion de its y de cancer de cuello uterino",numero de personas que recibieron orientacion en anticoncepcion,2015-04-01,2,14,40,14,1,71
EL VILLAR,"anticoncepcion, prevencion de its y de cancer de cuello uterino",numero de personas que recibieron orientacion en anticoncepcion,2015-04-01,0,2,17,14,1,34
ENTRE RIOS TRJ,"anticoncepcion, prevencion de its y de cancer de cuello uterino",numero de personas que recibieron orientacion en anticoncepcion,2015-04-01,1,13,44,14,1,73
ENTRE RIOS CBBA,"anticoncepcion, prevencion de its y de cancer de cuello uterino",numero de personas que recibieron orientacion en anticoncepcion,2015-04-01,1,20,85,27,0,133
ESCARA,"anticoncepcion, prevencion de its y de cancer de cuello uterino",numero de personas que recibieron orientacion en anticoncepcion,2015-04-01,0,0,1,1,0,2
ESCOMA,"anticoncepcion, prevencion de its y de cancer de cuello uterino",numero de personas que recibieron orientacion en anticoncepcion,2015-04-01,7,2,2,6,0,17
ESMERALDA,"anticoncepcion, prevencion de its y de cancer de cuello uterino",numero de personas que recibieron orientacion en anticoncepcion,2015-04-01,0,0,1,0,0,1
EUCALIPTUS,"anticoncepcion, prevencion de its y de cancer de cuello uterino",numero de personas que recibieron orientacion en anticoncepcion,2015-04-01,0,3,9,5,0,17
EUREKA (SANTOS MERCADO),"anticoncepcion, prevencion de its y de cancer de cuello uterino",numero de personas que recibieron orientacion en anticoncepcion,2015-04-01,1,1,6,0,0,8
EXALTACION,"anticoncepcion, prevencion de its y de cancer de cuello uterino",numero de personas que recibieron orientacion en anticoncepcion,2015-04-01,0,0,3,1,0,4
FERNANDEZ ALONSO,"anticoncepcion, prevencion de its y de cancer de cuello uterino",numero de personas que recibieron orientacion en anticoncepcion,2015-04-01,0,5,45,17,2,69
FILADELFIA,"anticoncepcion, prevencion de its y de cancer de cuello uterino",numero de personas que recibieron orientacion en anticoncepcion,2015-04-01,1,4,9,1,0,15
GENERAL SAAVEDRA,"anticoncepcion, prevencion de its y de cancer de cuello uterino",numero de personas que recibieron orientacion en anticoncepcion,2015-04-01,1,12,27,10,1,51
GRAL. J.J. PEREZ (CHARAZANI),"anticoncepcion, prevencion de its y de cancer de cuello uterino",numero de personas que recibieron orientacion en anticoncepcion,2015-04-01,0,1,6,3,0,10
GUANAY,"anticoncepcion, prevencion de its y de cancer de cuello uterino",numero de personas que recibieron orientacion en anticoncepcion,2015-04-01,0,5,41,9,2,57
GUAQUI,"anticoncepcion, prevencion de its y de cancer de cuello uterino",numero de personas que recibieron orientacion en anticoncepcion,2015-04-01,0,4,26,6,2,38
GUAYARAMERIN,"anticoncepcion, prevencion de its y de cancer de cuello uterino",numero de personas que recibieron orientacion en anticoncepcion,2015-04-01,6,92,261,51,13,423
GUTIERREZ,"anticoncepcion, prevencion de its y de cancer de cuello uterino",numero de personas que recibieron orientacion en anticoncepcion,2015-04-01,0,1,7,1,0,9
HUACARETA,"anticoncepcion, prevencion de its y de cancer de cuello uterino",numero de personas que recibieron orientacion en anticoncepcion,2015-04-01,0,11,20,13,1,45
HUACAYA (VILLA DE HUACAYA),"anticoncepcion, prevencion de its y de cancer de cuello uterino",numero de personas que recibieron orientacion en anticoncepcion,2015-04-01,0,1,18,2,0,21
HUACHACALLA,"anticoncepcion, prevencion de its y de cancer de cuello uterino",numero de personas que recibieron orientacion en anticoncepcion,2015-04-01,0,0,7,4,1,12
HUANUNI,"anticoncepcion, prevencion de its y de cancer de cuello uterino",numero de personas que recibieron orientacion en anticoncepcion,2015-04-01,0,4,106,46,0,156
HUARACAJE,"anticoncepcion, prevencion de its y de cancer de cuello uterino",numero de personas que recibieron orientacion en anticoncepcion,2015-04-01,10,7,15,13,0,45
HUARINA,"anticoncepcion, prevencion de its y de cancer de cuello uterino",numero de personas que recibieron orientacion en anticoncepcion,2015-04-01,0,1,0,0,0,1
HUATAJATA,"anticoncepcion, prevencion de its y de cancer de cuello uterino",numero de personas que recibieron orientacion en anticoncepcion,2015-04-01,0,0,0,2,0,2
HUAYLLAMARCA,"anticoncepcion, prevencion de its y de cancer de cuello uterino",numero de personas que recibieron orientacion en anticoncepcion,2015-04-01,0,4,8,5,0,17
HUMANATA,"anticoncepcion, prevencion de its y de cancer de cuello uterino",numero de personas que recibieron orientacion en anticoncepcion,2015-04-01,0,0,11,0,0,11
ICHOCA,"anticoncepcion, prevencion de its y de cancer de cuello uterino",numero de personas que recibieron orientacion en anticoncepcion,2015-04-01,1,1,9,1,0,12
ICLA,"anticoncepcion, prevencion de its y de cancer de cuello uterino",numero de personas que recibieron orientacion en anticoncepcion,2015-04-01,0,4,50,51,20,125
INCAHUASI,"anticoncepcion, prevencion de its y de cancer de cuello uterino",numero de personas que recibieron orientacion en anticoncepcion,2015-04-01,1,7,27,10,1,46
INGAVI (HUMAITA),"anticoncepcion, prevencion de its y de cancer de cuello uterino",numero de personas que recibieron orientacion en anticoncepcion,2015-04-01,0,4,3,0,0,7
INQUISIVI,"anticoncepcion, prevencion de its y de cancer de cuello uterino",numero de personas que recibieron orientacion en anticoncepcion,2015-04-01,0,1,9,4,0,14
IRUPANA (VILLA DE LANZA),"anticoncepcion, prevencion de its y de cancer de cuello uterino",numero de personas que recibieron orientacion en anticoncepcion,2015-04-01,0,1,19,6,0,26
IXIAMAS,"anticoncepcion, prevencion de its y de cancer de cuello uterino",numero de personas que recibieron orientacion en anticoncepcion,2015-04-01,1,5,17,2,0,25
JESUS DE MACHACA,"anticoncepcion, prevencion de its y de cancer de cuello uterino",numero de personas que recibieron orientacion en anticoncepcion,2015-04-01,0,1,16,13,3,33
LA ASUNTA,"anticoncepcion, prevencion de its y de cancer de cuello uterino",numero de personas que recibieron orientacion en anticoncepcion,2015-04-01,0,6,62,20,0,88
LA GUARDIA,"anticoncepcion, prevencion de its y de cancer de cuello uterino",numero de personas que recibieron orientacion en anticoncepcion,2015-04-01,10,47,129,29,2,217
LA PAZ,"anticoncepcion, prevencion de its y de cancer de cuello uterino",numero de personas que recibieron orientacion en anticoncepcion,2015-04-01,15,252,1625,451,15,2358
LAGUNILLAS,"anticoncepcion, prevencion de its y de cancer de cuello uterino",numero de personas que recibieron orientacion en anticoncepcion,2015-04-01,0,3,6,0,0,9
LAJA,"anticoncepcion, prevencion de its y de cancer de cuello uterino",numero de personas que recibieron orientacion en anticoncepcion,2015-04-01,0,5,15,6,0,26
LAS CARRERAS,"anticoncepcion, prevencion de its y de cancer de cuello uterino",numero de personas que recibieron orientacion en anticoncepcion,2015-04-01,1,2,3,3,0,9
LICOMA PAMPA,"anticoncepcion, prevencion de its y de cancer de cuello uterino",numero de personas que recibieron orientacion en anticoncepcion,2015-04-01,0,1,2,0,0,3
LLALLAGUA,"anticoncepcion, prevencion de its y de cancer de cuello uterino",numero de personas que recibieron orientacion en anticoncepcion,2015-04-01,2,24,188,32,0,246
LLICA,"anticoncepcion, prevencion de its y de cancer de cuello uterino",numero de personas que recibieron orientacion en anticoncepcion,2015-04-01,0,1,7,2,0,10
LORETO,"anticoncepcion, prevencion de its y de cancer de cuello uterino",numero de personas que recibieron orientacion en anticoncepcion,2015-04-01,1,6,18,4,0,29
LURIBAY,"anticoncepcion, prevencion de its y de cancer de cuello uterino",numero de personas que recibieron orientacion en anticoncepcion,2015-04-01,0,5,19,30,3,57
MACHACAMARCA,"anticoncepcion, prevencion de its y de cancer de cuello uterino",numero de personas que recibieron orientacion en anticoncepcion,2015-04-01,0,0,8,2,0,10
MACHARETI,"anticoncepcion, prevencion de its y de cancer de cuello uterino",numero de personas que recibieron orientacion en anticoncepcion,2015-04-01,0,8,41,8,0,57
MAGDALENA,"anticoncepcion, prevencion de its y de cancer de cuello uterino",numero de personas que recibieron orientacion en anticoncepcion,2015-04-01,0,11,36,1,0,48
MAIRANA,"anticoncepcion, prevencion de its y de cancer de cuello uterino",numero de personas que recibieron orientacion en anticoncepcion,2015-04-01,0,9,22,1,0,32
MALLA,"anticoncepcion, prevencion de its y de cancer de cuello uterino",numero de personas que recibieron orientacion en anticoncepcion,2015-04-01,0,0,1,1,0,2
MAPIRI,"anticoncepcion, prevencion de its y de cancer de cuello uterino",numero de personas que recibieron orientacion en anticoncepcion,2015-04-01,0,3,29,2,0,34
MECAPACA,"anticoncepcion, prevencion de its y de cancer de cuello uterino",numero de personas que recibieron orientacion en anticoncepcion,2015-04-01,0,0,20,7,1,28
MINEROS,"anticoncepcion, prevencion de its y de cancer de cuello uterino",numero de personas que recibieron orientacion en anticoncepcion,2015-04-01,1,12,75,19,3,110
MIZQUE,"anticoncepcion, prevencion de its y de cancer de cuello uterino",numero de personas que recibieron orientacion en anticoncepcion,2015-04-01,0,10,51,16,1,78
MOCOMOCO,"anticoncepcion, prevencion de its y de cancer de cuello uterino",numero de personas que recibieron orientacion en anticoncepcion,2015-04-01,0,3,13,7,0,23
MOJINETE,"anticoncepcion, prevencion de its y de cancer de cuello uterino",numero de personas que recibieron orientacion en anticoncepcion,2015-04-01,1,1,7,2,0,11
MOJOCOYA,"anticoncepcion, prevencion de its y de cancer de cuello uterino",numero de personas que recibieron orientacion en anticoncepcion,2015-04-01,1,3,63,33,1,101
MONTEAGUDO,"anticoncepcion, prevencion de its y de cancer de cuello uterino",numero de personas que recibieron orientacion en anticoncepcion,2015-04-01,3,32,98,54,8,195
MONTERO,"anticoncepcion, prevencion de its y de cancer de cuello uterino",numero de personas que recibieron orientacion en anticoncepcion,2015-04-01,7,51,243,64,12,377
MORO MORO,"anticoncepcion, prevencion de its y de cancer de cuello uterino",numero de personas que recibieron orientacion en anticoncepcion,2015-04-01,0,1,1,1,0,3
MOROCHATA,"anticoncepcion, prevencion de its y de cancer de cuello uterino",numero de personas que recibieron orientacion en anticoncepcion,2015-04-01,4,10,54,38,1,107
NACEBE (SANTA ROSA DEL ABUNA),"anticoncepcion, prevencion de its y de cancer de cuello uterino",numero de personas que recibieron orientacion en anticoncepcion,2015-04-01,0,11,13,1,0,25
NAZACARA DE PACAJES,"anticoncepcion, prevencion de its y de cancer de cuello uterino",numero de personas que recibieron orientacion en anticoncepcion,2015-04-01,0,0,1,0,0,1
NUEVO MANOA (NUEVA ESPERANZA),"anticoncepcion, prevencion de its y de cancer de cuello uterino",numero de personas que recibieron orientacion en anticoncepcion,2015-04-01,0,3,9,0,0,12
OCURI,"anticoncepcion, prevencion de its y de cancer de cuello uterino",numero de personas que recibieron orientacion en anticoncepcion,2015-04-01,0,7,46,19,0,72
OKINAWA,"anticoncepcion, prevencion de its y de cancer de cuello uterino",numero de personas que recibieron orientacion en anticoncepcion,2015-04-01,0,3,23,6,0,32
OMEREQUE,"anticoncepcion, prevencion de its y de cancer de cuello uterino",numero de personas que recibieron orientacion en anticoncepcion,2015-04-01,0,2,19,14,0,35
ORURO,"anticoncepcion, prevencion de its y de cancer de cuello uterino",numero de personas que recibieron orientacion en anticoncepcion,2015-04-01,0,192,884,382,11,1469
PADCAYA,"anticoncepcion, prevencion de its y de cancer de cuello uterino",numero de personas que recibieron orientacion en anticoncepcion,2015-04-01,1,7,47,26,0,81
PADILLA,"anticoncepcion, prevencion de its y de cancer de cuello uterino",numero de personas que recibieron orientacion en anticoncepcion,2015-04-01,1,16,78,55,3,153
PAILON,"anticoncepcion, prevencion de its y de cancer de cuello uterino",numero de personas que recibieron orientacion en anticoncepcion,2015-04-01,3,22,57,4,0,86
PALCA,"anticoncepcion, prevencion de its y de cancer de cuello uterino",numero de personas que recibieron orientacion en anticoncepcion,2015-04-01,1,9,29,7,2,48
PALOS BLANCOS,"anticoncepcion, prevencion de its y de cancer de cuello uterino",numero de personas que recibieron orientacion en anticoncepcion,2015-04-01,3,17,62,40,1,123
PAMPA AULLAGAS,"anticoncepcion, prevencion de its y de cancer de cuello uterino",numero de personas que recibieron orientacion en anticoncepcion,2015-04-01,0,2,11,8,0,21
PAMPA GRANDE,"anticoncepcion, prevencion de its y de cancer de cuello uterino",numero de personas que recibieron orientacion en anticoncepcion,2015-04-01,0,1,5,6,0,12
PAPEL PAMPA,"anticoncepcion, prevencion de its y de cancer de cuello uterino",numero de personas que recibieron orientacion en anticoncepcion,2015-04-01,1,0,6,1,0,8
PASORAPA,"anticoncepcion, prevencion de its y de cancer de cuello uterino",numero de personas que recibieron orientacion en anticoncepcion,2015-04-01,1,7,37,13,0,58
PATACAMAYA,"anticoncepcion, prevencion de its y de cancer de cuello uterino",numero de personas que recibieron orientacion en anticoncepcion,2015-04-01,0,3,6,1,0,10
PAZÑA,"anticoncepcion, prevencion de its y de cancer de cuello uterino",numero de personas que recibieron orientacion en anticoncepcion,2015-04-01,0,4,16,14,0,34
PELECHUCO,"anticoncepcion, prevencion de its y de cancer de cuello uterino",numero de personas que recibieron orientacion en anticoncepcion,2015-04-01,1,3,11,1,1,17
POCOATA,"anticoncepcion, prevencion de its y de cancer de cuello uterino",numero de personas que recibieron orientacion en anticoncepcion,2015-04-01,0,19,71,37,0,127
POCONA,"anticoncepcion, prevencion de its y de cancer de cuello uterino",numero de personas que recibieron orientacion en anticoncepcion,2015-04-01,5,15,47,21,4,92
POJO (CBBA),"anticoncepcion, prevencion de its y de cancer de cuello uterino",numero de personas que recibieron orientacion en anticoncepcion,2015-04-01,0,12,44,20,0,76
POOPO,"anticoncepcion, prevencion de its y de cancer de cuello uterino",numero de personas que recibieron orientacion en anticoncepcion,2015-04-01,1,6,21,7,0,35
PORCO,"anticoncepcion, prevencion de its y de cancer de cuello uterino",numero de personas que recibieron orientacion en anticoncepcion,2015-04-01,0,7,17,4,0,28
POROMA,"anticoncepcion, prevencion de its y de cancer de cuello uterino",numero de personas que recibieron orientacion en anticoncepcion,2015-04-01,0,10,27,16,0,53
PORONGO,"anticoncepcion, prevencion de its y de cancer de cuello uterino",numero de personas que recibieron orientacion en anticoncepcion,2015-04-01,8,19,22,6,4,59
PORTACHUELO,"anticoncepcion, prevencion de its y de cancer de cuello uterino",numero de personas que recibieron orientacion en anticoncepcion,2015-04-01,0,9,26,2,0,37
PORVENIR,"anticoncepcion, prevencion de its y de cancer de cuello uterino",numero de personas que recibieron orientacion en anticoncepcion,2015-04-01,0,2,0,0,0,2
POSTRER VALLE,"anticoncepcion, prevencion de its y de cancer de cuello uterino",numero de personas que recibieron orientacion en anticoncepcion,2015-04-01,0,2,0,0,0,2
POTOSI,"anticoncepcion, prevencion de its y de cancer de cuello uterino",numero de personas que recibieron orientacion en anticoncepcion,2015-04-01,0,58,498,241,3,800
PRESTO,"anticoncepcion, prevencion de its y de cancer de cuello uterino",numero de personas que recibieron orientacion en anticoncepcion,2015-04-01,2,23,89,61,14,189
PUCARA,"anticoncepcion, prevencion de its y de cancer de cuello uterino",numero de personas que recibieron orientacion en anticoncepcion,2015-04-01,0,0,2,4,3,9
PUCARANI,"anticoncepcion, prevencion de its y de cancer de cuello uterino",numero de personas que recibieron orientacion en anticoncepcion,2015-04-01,1,10,42,15,1,69
PUERTO ACOSTA,"anticoncepcion, prevencion de its y de cancer de cuello uterino",numero de personas que recibieron orientacion en anticoncepcion,2015-04-01,1,4,10,18,4,37
PUERTO CARABUCO,"anticoncepcion, prevencion de its y de cancer de cuello uterino",numero de personas que recibieron orientacion en anticoncepcion,2015-04-01,0,0,8,1,0,9
PUERTO GONZALO MORENO,"anticoncepcion, prevencion de its y de cancer de cuello uterino",numero de personas que recibieron orientacion en anticoncepcion,2015-04-01,4,11,36,5,1,57
PUERTO PEREZ,"anticoncepcion, prevencion de its y de cancer de cuello uterino",numero de personas que recibieron orientacion en anticoncepcion,2015-04-01,55,32,91,13,5,196
PUERTO QUIJARRO,"anticoncepcion, prevencion de its y de cancer de cuello uterino",numero de personas que recibieron orientacion en anticoncepcion,2015-04-01,0,20,40,32,0,92
PUERTO RICO,"anticoncepcion, prevencion de its y de cancer de cuello uterino",numero de personas que recibieron orientacion en anticoncepcion,2015-04-01,0,13,17,1,0,31
PUERTO SUAREZ,"anticoncepcion, prevencion de its y de cancer de cuello uterino",numero de personas que recibieron orientacion en anticoncepcion,2015-04-01,1,14,37,9,0,61
PUERTO VILLARROEL,"anticoncepcion, prevencion de its y de cancer de cuello uterino",numero de personas que recibieron orientacion en anticoncepcion,2015-04-01,2,62,147,39,0,250
PUNA,"anticoncepcion, prevencion de its y de cancer de cuello uterino",numero de personas que recibieron orientacion en anticoncepcion,2015-04-01,2,12,50,32,4,100
PUNATA,"anticoncepcion, prevencion de its y de cancer de cuello uterino",numero de personas que recibieron orientacion en anticoncepcion,2015-04-01,0,11,62,29,0,102
QUIABAYA,"anticoncepcion, prevencion de its y de cancer de cuello uterino",numero de personas que recibieron orientacion en anticoncepcion,2015-04-01,0,0,6,2,0,8
QUILLACOLLO,"anticoncepcion, prevencion de its y de cancer de cuello uterino",numero de personas que recibieron orientacion en anticoncepcion,2015-04-01,1,188,875,416,5,1485
QUIME,"anticoncepcion, prevencion de its y de cancer de cuello uterino",numero de personas que recibieron orientacion en anticoncepcion,2015-04-01,0,4,19,6,0,29
QUIRUSILLAS,"anticoncepcion, prevencion de its y de cancer de cuello uterino",numero de personas que recibieron orientacion en anticoncepcion,2015-04-01,0,2,3,0,0,5
RAVELO,"anticoncepcion, prevencion de its y de cancer de cuello uterino",numero de personas que recibieron orientacion en anticoncepcion,2015-04-01,1,5,35,25,8,74
REYES,"anticoncepcion, prevencion de its y de cancer de cuello uterino",numero de personas que recibieron orientacion en anticoncepcion,2015-04-01,8,74,107,33,0,222
RIBERALTA,"anticoncepcion, prevencion de its y de cancer de cuello uterino",numero de personas que recibieron orientacion en anticoncepcion,2015-04-01,46,343,1034,244,19,1686
ROBORE,"anticoncepcion, prevencion de its y de cancer de cuello uterino",numero de personas que recibieron orientacion en anticoncepcion,2015-04-01,0,3,24,2,1,30
RURRENABAQUE,"anticoncepcion, prevencion de its y de cancer de cuello uterino",numero de personas que recibieron orientacion en anticoncepcion,2015-04-01,2,26,81,26,1,136
SABAYA,"anticoncepcion, prevencion de its y de cancer de cuello uterino",numero de personas que recibieron orientacion en anticoncepcion,2015-04-01,0,5,18,8,2,33
SACABA,"anticoncepcion, prevencion de its y de cancer de cuello uterino",numero de personas que recibieron orientacion en anticoncepcion,2015-04-01,0,191,584,176,8,959
SACABAMBA,"anticoncepcion, prevencion de its y de cancer de cuello uterino",numero de personas que recibieron orientacion en anticoncepcion,2015-04-01,0,0,5,8,0,13
SACACA,"anticoncepcion, prevencion de its y de cancer de cuello uterino",numero de personas que recibieron orientacion en anticoncepcion,2015-04-01,0,13,73,34,0,120
SAIPINA,"anticoncepcion, prevencion de its y de cancer de cuello uterino",numero de personas que recibieron orientacion en anticoncepcion,2015-04-01,0,2,6,13,1,22
SALINAS DE GARCI MENDOZA,"anticoncepcion, prevencion de its y de cancer de cuello uterino",numero de personas que recibieron orientacion en anticoncepcion,2015-04-01,0,16,82,22,0,120
SAMAIPATA,"anticoncepcion, prevencion de its y de cancer de cuello uterino",numero de personas que recibieron orientacion en anticoncepcion,2015-04-01,0,8,10,3,0,21
SAN AGUSTIN,"anticoncepcion, prevencion de its y de cancer de cuello uterino",numero de personas que recibieron orientacion en anticoncepcion,2015-04-01,0,3,11,1,0,15
SAN ANDRES,"anticoncepcion, prevencion de its y de cancer de cuello uterino",numero de personas que recibieron orientacion en anticoncepcion,2015-04-01,3,31,60,21,2,117
SAN ANDRES DE MACHACA,"anticoncepcion, prevencion de its y de cancer de cuello uterino",numero de personas que recibieron orientacion en anticoncepcion,2015-04-01,0,1,9,4,0,14
SAN ANTONIO DE ESMORUCO,"anticoncepcion, prevencion de its y de cancer de cuello uterino",numero de personas que recibieron orientacion en anticoncepcion,2015-04-01,0,0,3,2,0,5
SAN ANTONIO DE LOMERIO,"anticoncepcion, prevencion de its y de cancer de cuello uterino",numero de personas que recibieron orientacion en anticoncepcion,2015-04-01,0,3,4,1,0,8
SAN BENITO,"anticoncepcion, prevencion de its y de cancer de cuello uterino",numero de personas que recibieron orientacion en anticoncepcion,2015-04-01,1,11,25,7,2,46
SAN BORJA,"anticoncepcion, prevencion de its y de cancer de cuello uterino",numero de personas que recibieron orientacion en anticoncepcion,2015-04-01,4,41,106,22,1,174
SAN BUENA VENTURA,"anticoncepcion, prevencion de its y de cancer de cuello uterino",numero de personas que recibieron orientacion en anticoncepcion,2015-04-01,0,10,14,3,0,27
SAN CARLOS,"anticoncepcion, prevencion de its y de cancer de cuello uterino",numero de personas que recibieron orientacion en anticoncepcion,2015-04-01,6,48,168,37,1,260
SAN IGNACIO,"anticoncepcion, prevencion de its y de cancer de cuello uterino",numero de personas que recibieron orientacion en anticoncepcion,2015-04-01,10,29,144,64,0,247
SAN IGNACIO DE VELASCO,"anticoncepcion, prevencion de its y de cancer de cuello uterino",numero de personas que recibieron orientacion en anticoncepcion,2015-04-01,1,29,149,38,0,217
SAN JAVIER(BNI),"anticoncepcion, prevencion de its y de cancer de cuello uterino",numero de personas que recibieron orientacion en anticoncepcion,2015-04-01,0,5,17,3,1,26
SAN JAVIER(STC),"anticoncepcion, prevencion de its y de cancer de cuello uterino",numero de personas que recibieron orientacion en anticoncepcion,2015-04-01,0,1,8,11,1,21
SAN JOAQUIN,"anticoncepcion, prevencion de its y de cancer de cuello uterino",numero de personas que recibieron orientacion en anticoncepcion,2015-04-01,0,2,1,1,0,4
SAN JOSE DE CHIQUITOS,"anticoncepcion, prevencion de its y de cancer de cuello uterino",numero de personas que recibieron orientacion en anticoncepcion,2015-04-01,20,6,66,17,0,109
SAN JUAN DE YAPACANI,"anticoncepcion, prevencion de its y de cancer de cuello uterino",numero de personas que recibieron orientacion en anticoncepcion,2015-04-01,1,8,95,39,7,150
SAN JULIAN,"anticoncepcion, prevencion de its y de cancer de cuello uterino",numero de personas que recibieron orientacion en anticoncepcion,2015-04-01,3,42,170,82,5,302
SAN LORENZO(PND),"anticoncepcion, prevencion de its y de cancer de cuello uterino",numero de personas que recibieron orientacion en anticoncepcion,2015-04-01,0,1,6,0,0,7
SAN LORENZO(TJA),"anticoncepcion, prevencion de its y de cancer de cuello uterino",numero de personas que recibieron orientacion en anticoncepcion,2015-04-01,1,2,13,6,0,22
SAN LUCAS,"anticoncepcion, prevencion de its y de cancer de cuello uterino",numero de personas que recibieron orientacion en anticoncepcion,2015-04-01,5,44,110,83,10,252
SAN MATIAS,"anticoncepcion, prevencion de its y de cancer de cuello uterino",numero de personas que recibieron orientacion en anticoncepcion,2015-04-01,3,5,39,10,0,57
SAN MIGUEL DE VELASCO,"anticoncepcion, prevencion de its y de cancer de cuello uterino",numero de personas que recibieron orientacion en anticoncepcion,2015-04-01,1,4,26,6,0,37
SAN PABLO DE LIPEZ,"anticoncepcion, prevencion de its y de cancer de cuello uterino",numero de personas que recibieron orientacion en anticoncepcion,2015-04-01,0,0,4,1,0,5
SAN PEDRO,"anticoncepcion, prevencion de its y de cancer de cuello uterino",numero de personas que recibieron orientacion en anticoncepcion,2015-04-01,0,8,26,13,2,49
SAN PEDRO DE BUENA VISTA,"anticoncepcion, prevencion de its y de cancer de cuello uterino",numero de personas que recibieron orientacion en anticoncepcion,2015-04-01,0,5,27,18,0,50
SAN PEDRO DE CURAHUARA,"anticoncepcion, prevencion de its y de cancer de cuello uterino",numero de personas que recibieron orientacion en anticoncepcion,2015-04-01,0,0,1,1,0,2
SAN PEDRO DE TIQUINA,"anticoncepcion, prevencion de its y de cancer de cuello uterino",numero de personas que recibieron orientacion en anticoncepcion,2015-04-01,0,2,34,2,0,38
SAN PEDRO(PND),"anticoncepcion, prevencion de its y de cancer de cuello uterino",numero de personas que recibieron orientacion en anticoncepcion,2015-04-01,0,2,1,1,0,4
SAN RAFAEL,"anticoncepcion, prevencion de its y de cancer de cuello uterino",numero de personas que recibieron orientacion en anticoncepcion,2015-04-01,0,13,73,27,0,113
SAN RAMON BENI,"anticoncepcion, prevencion de its y de cancer de cuello uterino",numero de personas que recibieron orientacion en anticoncepcion,2015-04-01,0,5,22,3,1,31
SANTA ANA,"anticoncepcion, prevencion de its y de cancer de cuello uterino",numero de personas que recibieron orientacion en anticoncepcion,2015-04-01,4,34,110,21,1,170
SANTA CRUZ DE LA SIERRA,"anticoncepcion, prevencion de its y de cancer de cuello uterino",numero de personas que recibieron orientacion en anticoncepcion,2015-04-01,182,824,2276,585,98,3965
SANTA ROSA,"anticoncepcion, prevencion de its y de cancer de cuello uterino",numero de personas que recibieron orientacion en anticoncepcion,2015-04-01,0,9,21,3,0,33
SANTA ROSA DEL SARA,"anticoncepcion, prevencion de its y de cancer de cuello uterino",numero de personas que recibieron orientacion en anticoncepcion,2015-04-01,2,8,26,3,1,40
SANTIAGO DE CALLAPA,"anticoncepcion, prevencion de its y de cancer de cuello uterino",numero de personas que recibieron orientacion en anticoncepcion,2015-04-01,0,0,0,3,0,3
SANTIAGO DE HUARI,"anticoncepcion, prevencion de its y de cancer de cuello uterino",numero de personas que recibieron orientacion en anticoncepcion,2015-04-01,0,12,42,16,0,70
SANTIAGO DE HUATA,"anticoncepcion, prevencion de its y de cancer de cuello uterino",numero de personas que recibieron orientacion en anticoncepcion,2015-04-01,0,1,6,7,0,14
SANTIAGO DE MACHACA,"anticoncepcion, prevencion de its y de cancer de cuello uterino",numero de personas que recibieron orientacion en anticoncepcion,2015-04-01,0,1,5,2,0,8
SANTIVAÑES,"anticoncepcion, prevencion de its y de cancer de cuello uterino",numero de personas que recibieron orientacion en anticoncepcion,2015-04-01,0,2,9,2,0,13
SANTUARIO DE QUILLACAS,"anticoncepcion, prevencion de its y de cancer de cuello uterino",numero de personas que recibieron orientacion en anticoncepcion,2015-04-01,0,2,24,6,1,33
SAPAHAQUI,"anticoncepcion, prevencion de its y de cancer de cuello uterino",numero de personas que recibieron orientacion en anticoncepcion,2015-04-01,0,2,5,3,0,10
SENA,"anticoncepcion, prevencion de its y de cancer de cuello uterino",numero de personas que recibieron orientacion en anticoncepcion,2015-04-01,0,3,11,2,0,16
SHINAOTA,"anticoncepcion, prevencion de its y de cancer de cuello uterino",numero de personas que recibieron orientacion en anticoncepcion,2015-04-01,0,4,10,9,0,23
SICA SICA (VILLA AROMA),"anticoncepcion, prevencion de its y de cancer de cuello uterino",numero de personas que recibieron orientacion en anticoncepcion,2015-04-01,0,6,23,12,2,43
SICAYA,"anticoncepcion, prevencion de its y de cancer de cuello uterino",numero de personas que recibieron orientacion en anticoncepcion,2015-04-01,0,2,7,6,0,15
SIPE SIPE,"anticoncepcion, prevencion de its y de cancer de cuello uterino",numero de personas que recibieron orientacion en anticoncepcion,2015-04-01,2,68,351,79,0,500
SOPACHUY,"anticoncepcion, prevencion de its y de cancer de cuello uterino",numero de personas que recibieron orientacion en anticoncepcion,2015-04-01,0,13,35,33,6,87
SORACACHI,"anticoncepcion, prevencion de its y de cancer de cuello uterino",numero de personas que recibieron orientacion en anticoncepcion,2015-04-01,0,3,18,11,1,33
SORATA,"anticoncepcion, prevencion de its y de cancer de cuello uterino",numero de personas que recibieron orientacion en anticoncepcion,2015-04-01,0,1,21,10,0,32
SUCRE,"anticoncepcion, prevencion de its y de cancer de cuello uterino",numero de personas que recibieron orientacion en anticoncepcion,2015-04-01,15,526,2683,852,41,4117
TACACOMA,"anticoncepcion, prevencion de its y de cancer de cuello uterino",numero de personas que recibieron orientacion en anticoncepcion,2015-04-01,0,1,0,0,0,1
TACOBAMBA,"anticoncepcion, prevencion de its y de cancer de cuello uterino",numero de personas que recibieron orientacion en anticoncepcion,2015-04-01,0,0,2,3,0,5
TACOPAYA,"anticoncepcion, prevencion de its y de cancer de cuello uterino",numero de personas que recibieron orientacion en anticoncepcion,2015-04-01,0,6,13,6,0,25
TAHUA,"anticoncepcion, prevencion de its y de cancer de cuello uterino",numero de personas que recibieron orientacion en anticoncepcion,2015-04-01,0,1,0,5,0,6
TAPACARI,"anticoncepcion, prevencion de its y de cancer de cuello uterino",numero de personas que recibieron orientacion en anticoncepcion,2015-04-01,1,14,32,9,1,57
TARABUCO,"anticoncepcion, prevencion de its y de cancer de cuello uterino",numero de personas que recibieron orientacion en anticoncepcion,2015-04-01,0,43,194,84,6,327
TARACO,"anticoncepcion, prevencion de its y de cancer de cuello uterino",numero de personas que recibieron orientacion en anticoncepcion,2015-04-01,0,4,6,1,0,11
TARATA,"anticoncepcion, prevencion de its y de cancer de cuello uterino",numero de personas que recibieron orientacion en anticoncepcion,2015-04-01,1,6,32,12,0,51
TARIJA,"anticoncepcion, prevencion de its y de cancer de cuello uterino",numero de personas que recibieron orientacion en anticoncepcion,2015-04-01,33,263,922,320,21,1559
TARVITA,"anticoncepcion, prevencion de its y de cancer de cuello uterino",numero de personas que recibieron orientacion en anticoncepcion,2015-04-01,1,8,29,18,3,59
TEOPONTE,"anticoncepcion, prevencion de its y de cancer de cuello uterino",numero de personas que recibieron orientacion en anticoncepcion,2015-04-01,0,10,30,5,6,51
TIAWANACU,"anticoncepcion, prevencion de its y de cancer de cuello uterino",numero de personas que recibieron orientacion en anticoncepcion,2015-04-01,0,5,7,5,0,17
TINGUIPAYA,"anticoncepcion, prevencion de its y de cancer de cuello uterino",numero de personas que recibieron orientacion en anticoncepcion,2015-04-01,0,5,36,17,1,59
TIPUANI,"anticoncepcion, prevencion de its y de cancer de cuello uterino",numero de personas que recibieron orientacion en anticoncepcion,2015-04-01,1,11,66,9,0,87
TIQUIPAYA,"anticoncepcion, prevencion de its y de cancer de cuello uterino",numero de personas que recibieron orientacion en anticoncepcion,2015-04-01,9,45,126,37,1,218
TIRAQUE (CBBA),"anticoncepcion, prevencion de its y de cancer de cuello uterino",numero de personas que recibieron orientacion en anticoncepcion,2015-04-01,0,8,34,9,0,51
TITO YUPANQUI (PARQUIPUJIO),"anticoncepcion, prevencion de its y de cancer de cuello uterino",numero de personas que recibieron orientacion en anticoncepcion,2015-04-01,0,0,2,0,0,2
TOCO,"anticoncepcion, prevencion de its y de cancer de cuello uterino",numero de personas que recibieron orientacion en anticoncepcion,2015-04-01,0,4,24,9,3,40
TODOS SANTOS,"anticoncepcion, prevencion de its y de cancer de cuello uterino",numero de personas que recibieron orientacion en anticoncepcion,2015-04-01,0,0,1,0,0,1
TOLATA,"anticoncepcion, prevencion de its y de cancer de cuello uterino",numero de personas que recibieron orientacion en anticoncepcion,2015-04-01,0,7,34,18,0,59
TOLEDO,"anticoncepcion, prevencion de its y de cancer de cuello uterino",numero de personas que recibieron orientacion en anticoncepcion,2015-04-01,0,2,14,2,0,18
TOMAVE,"anticoncepcion, prevencion de its y de cancer de cuello uterino",numero de personas que recibieron orientacion en anticoncepcion,2015-04-01,0,1,31,17,0,49
TOMINA,"anticoncepcion, prevencion de its y de cancer de cuello uterino",numero de personas que recibieron orientacion en anticoncepcion,2015-04-01,0,3,5,2,0,10
TORO TORO,"anticoncepcion, prevencion de its y de cancer de cuello uterino",numero de personas que recibieron orientacion en anticoncepcion,2015-04-01,0,5,12,1,0,18
TOTORA(CBBA),"anticoncepcion, prevencion de its y de cancer de cuello uterino",numero de personas que recibieron orientacion en anticoncepcion,2015-04-01,9,89,230,58,1,387
TOTORA(ORR),"anticoncepcion, prevencion de its y de cancer de cuello uterino",numero de personas que recibieron orientacion en anticoncepcion,2015-04-01,0,0,24,6,1,31
TRIGAL,"anticoncepcion, prevencion de its y de cancer de cuello uterino",numero de personas que recibieron orientacion en anticoncepcion,2015-04-01,0,0,1,0,0,1
TRINIDAD,"anticoncepcion, prevencion de its y de cancer de cuello uterino",numero de personas que recibieron orientacion en anticoncepcion,2015-04-01,5,135,522,511,1,1174
TUPIZA,"anticoncepcion, prevencion de its y de cancer de cuello uterino",numero de personas que recibieron orientacion en anticoncepcion,2015-04-01,0,10,77,23,1,111
TURCO,"anticoncepcion, prevencion de its y de cancer de cuello uterino",numero de personas que recibieron orientacion en anticoncepcion,2015-04-01,0,1,12,7,0,20
UMALA,"anticoncepcion, prevencion de its y de cancer de cuello uterino",numero de personas que recibieron orientacion en anticoncepcion,2015-04-01,0,1,5,2,0,8
UNCIA,"anticoncepcion, prevencion de its y de cancer de cuello uterino",numero de personas que recibieron orientacion en anticoncepcion,2015-04-01,0,3,36,2,0,41
URIONDO (A. CONCEPCION),"anticoncepcion, prevencion de its y de cancer de cuello uterino",numero de personas que recibieron orientacion en anticoncepcion,2015-04-01,0,6,33,24,0,63
URUBICHA,"anticoncepcion, prevencion de its y de cancer de cuello uterino",numero de personas que recibieron orientacion en anticoncepcion,2015-04-01,1,2,10,3,0,16
UYUNI,"anticoncepcion, prevencion de its y de cancer de cuello uterino",numero de personas que recibieron orientacion en anticoncepcion,2015-04-01,1,12,39,7,0,59
VACAS,"anticoncepcion, prevencion de its y de cancer de cuello uterino",numero de personas que recibieron orientacion en anticoncepcion,2015-04-01,0,9,42,29,1,81
VALLEGRANDE,"anticoncepcion, prevencion de its y de cancer de cuello uterino",numero de personas que recibieron orientacion en anticoncepcion,2015-04-01,0,3,8,1,0,12
VIACHA,"anticoncepcion, prevencion de its y de cancer de cuello uterino",numero de personas que recibieron orientacion en anticoncepcion,2015-04-01,0,55,78,92,5,230
VILA VILA,"anticoncepcion, prevencion de its y de cancer de cuello uterino",numero de personas que recibieron orientacion en anticoncepcion,2015-04-01,0,0,5,2,0,7
VILLA CHARCAS,"anticoncepcion, prevencion de its y de cancer de cuello uterino",numero de personas que recibieron orientacion en anticoncepcion,2015-04-01,1,3,7,5,0,16
VILLA MONTES,"anticoncepcion, prevencion de its y de cancer de cuello uterino",numero de personas que recibieron orientacion en anticoncepcion,2015-04-01,6,70,210,87,1,374
VILLA NUEVA (LOMA ALTA),"anticoncepcion, prevencion de its y de cancer de cuello uterino",numero de personas que recibieron orientacion en anticoncepcion,2015-04-01,1,2,1,1,0,5
VILLA RIVERO,"anticoncepcion, prevencion de its y de cancer de cuello uterino",numero de personas que recibieron orientacion en anticoncepcion,2015-04-01,4,18,16,2,0,40
VILLA SERRANO,"anticoncepcion, prevencion de its y de cancer de cuello uterino",numero de personas que recibieron orientacion en anticoncepcion,2015-04-01,1,10,50,53,4,118
VILLA TUNARI,"anticoncepcion, prevencion de its y de cancer de cuello uterino",numero de personas que recibieron orientacion en anticoncepcion,2015-04-01,2,42,187,52,3,286
VILLA VACA GUZMAN (MUYUPAMPA),"anticoncepcion, prevencion de its y de cancer de cuello uterino",numero de personas que recibieron orientacion en anticoncepcion,2015-04-01,0,5,55,6,0,66
VILLAZON,"anticoncepcion, prevencion de its y de cancer de cuello uterino",numero de personas que recibieron orientacion en anticoncepcion,2015-04-01,0,21,82,15,2,120
VINTO,"anticoncepcion, prevencion de its y de cancer de cuello uterino",numero de personas que recibieron orientacion en anticoncepcion,2015-04-01,1,40,401,40,1,483
VITICHI,"anticoncepcion, prevencion de its y de cancer de cuello uterino",numero de personas que recibieron orientacion en anticoncepcion,2015-04-01,0,4,22,17,1,44
WARNES,"anticoncepcion, prevencion de its y de cancer de cuello uterino",numero de personas que recibieron orientacion en anticoncepcion,2015-04-01,0,25,152,35,4,216
YACO,"anticoncepcion, prevencion de its y de cancer de cuello uterino",numero de personas que recibieron orientacion en anticoncepcion,2015-04-01,0,0,4,1,0,5
YACUIBA,"anticoncepcion, prevencion de its y de cancer de cuello uterino",numero de personas que recibieron orientacion en anticoncepcion,2015-04-01,6,126,622,277,56,1087
YAMPARAEZ,"anticoncepcion, prevencion de its y de cancer de cuello uterino",numero de personas que recibieron orientacion en anticoncepcion,2015-04-01,1,6,33,38,9,87
YANACACHI,"anticoncepcion, prevencion de its y de cancer de cuello uterino",numero de personas que recibieron orientacion en anticoncepcion,2015-04-01,0,2,9,3,0,14
YAPACANI,"anticoncepcion, prevencion de its y de cancer de cuello uterino",numero de personas que recibieron orientacion en anticoncepcion,2015-04-01,8,26,129,38,0,201
YOCALLA,"anticoncepcion, prevencion de its y de cancer de cuello uterino",numero de personas que recibieron orientacion en anticoncepcion,2015-04-01,0,1,9,4,0,14
YOTALA,"anticoncepcion, prevencion de its y de cancer de cuello uterino",numero de personas que recibieron orientacion en anticoncepcion,2015-04-01,1,19,31,29,2,82
YUNCHARA,"anticoncepcion, prevencion de its y de cancer de cuello uterino",numero de personas que recibieron orientacion en anticoncepcion,2015-04-01,1,9,38,12,1,61
ZUDAÑEZ,"anticoncepcion, prevencion de its y de cancer de cuello uterino",numero de personas que recibieron orientacion en anticoncepcion,2015-04-01,0,3,15,2,0,20
ACACIO,"anticoncepcion, prevencion de its y de cancer de cuello uterino",numero de personas que recibieron orientacion en anticoncepcion,2015-05-01,0,1,5,1,0,7
ACHACACHI,"anticoncepcion, prevencion de its y de cancer de cuello uterino",numero de personas que recibieron orientacion en anticoncepcion,2015-05-01,0,3,43,23,0,69
ACHOCALLA,"anticoncepcion, prevencion de its y de cancer de cuello uterino",numero de personas que recibieron orientacion en anticoncepcion,2015-05-01,0,1,0,0,0,1
AIQUILE,"anticoncepcion, prevencion de its y de cancer de cuello uterino",numero de personas que recibieron orientacion en anticoncepcion,2015-05-01,0,12,29,10,0,51
ALALAY,"anticoncepcion, prevencion de its y de cancer de cuello uterino",numero de personas que recibieron orientacion en anticoncepcion,2015-05-01,0,0,6,2,0,8
ALCALA,"anticoncepcion, prevencion de its y de cancer de cuello uterino",numero de personas que recibieron orientacion en anticoncepcion,2015-05-01,0,3,6,2,0,11
ALTO BENI,"anticoncepcion, prevencion de its y de cancer de cuello uterino",numero de personas que recibieron orientacion en anticoncepcion,2015-05-01,0,4,7,1,0,12
ANCORAIMES,"anticoncepcion, prevencion de its y de cancer de cuello uterino",numero de personas que recibieron orientacion en anticoncepcion,2015-05-01,0,3,14,7,1,25
ANDAMARCA,"anticoncepcion, prevencion de its y de cancer de cuello uterino",numero de personas que recibieron orientacion en anticoncepcion,2015-05-01,0,5,12,7,0,24
ANTEQUERA,"anticoncepcion, prevencion de its y de cancer de cuello uterino",numero de personas que recibieron orientacion en anticoncepcion,2015-05-01,0,0,4,2,0,6
ANZALDO,"anticoncepcion, prevencion de its y de cancer de cuello uterino",numero de personas que recibieron orientacion en anticoncepcion,2015-05-01,0,2,8,4,0,14
APOLO,"anticoncepcion, prevencion de its y de cancer de cuello uterino",numero de personas que recibieron orientacion en anticoncepcion,2015-05-01,0,2,14,1,0,17
ARAMPAMPA,"anticoncepcion, prevencion de its y de cancer de cuello uterino",numero de personas que recibieron orientacion en anticoncepcion,2015-05-01,0,5,17,8,2,32
ARANI,"anticoncepcion, prevencion de its y de cancer de cuello uterino",numero de personas que recibieron orientacion en anticoncepcion,2015-05-01,0,1,25,8,0,34
ARBIETO,"anticoncepcion, prevencion de its y de cancer de cuello uterino",numero de personas que recibieron orientacion en anticoncepcion,2015-05-01,10,73,90,24,2,199
ARQUE,"anticoncepcion, prevencion de its y de cancer de cuello uterino",numero de personas que recibieron orientacion en anticoncepcion,2015-05-01,0,1,19,16,0,36
ASCENCION DE GUARAYOS,"anticoncepcion, prevencion de its y de cancer de cuello uterino",numero de personas que recibieron orientacion en anticoncepcion,2015-05-01,0,16,57,23,0,96
ATOCHA,"anticoncepcion, prevencion de its y de cancer de cuello uterino",numero de personas que recibieron orientacion en anticoncepcion,2015-05-01,0,6,30,60,0,96
AUCAPATA,"anticoncepcion, prevencion de its y de cancer de cuello uterino",numero de personas que recibieron orientacion en anticoncepcion,2015-05-01,1,0,2,1,0,4
AYATA,"anticoncepcion, prevencion de its y de cancer de cuello uterino",numero de personas que recibieron orientacion en anticoncepcion,2015-05-01,0,0,1,1,0,2
AYO AYO,"anticoncepcion, prevencion de its y de cancer de cuello uterino",numero de personas que recibieron orientacion en anticoncepcion,2015-05-01,0,1,10,3,0,14
AYOPAYA (V. DE INDEPENDENCIA),"anticoncepcion, prevencion de its y de cancer de cuello uterino",numero de personas que recibieron orientacion en anticoncepcion,2015-05-01,0,12,74,38,0,124
AZURDUY,"anticoncepcion, prevencion de its y de cancer de cuello uterino",numero de personas que recibieron orientacion en anticoncepcion,2015-05-01,1,8,36,24,0,69
BATALLAS,"anticoncepcion, prevencion de its y de cancer de cuello uterino",numero de personas que recibieron orientacion en anticoncepcion,2015-05-01,0,2,13,11,1,27
BAURES,"anticoncepcion, prevencion de its y de cancer de cuello uterino",numero de personas que recibieron orientacion en anticoncepcion,2015-05-01,0,14,27,8,0,49
BELEN DE ANDAMARCA,"anticoncepcion, prevencion de its y de cancer de cuello uterino",numero de personas que recibieron orientacion en anticoncepcion,2015-05-01,0,1,3,0,0,4
BELEN DE URMIRI,"anticoncepcion, prevencion de its y de cancer de cuello uterino",numero de personas que recibieron orientacion en anticoncepcion,2015-05-01,0,3,8,1,0,12
BELLA FLOR,"anticoncepcion, prevencion de its y de cancer de cuello uterino",numero de personas que recibieron orientacion en anticoncepcion,2015-05-01,1,2,9,1,0,13
BERMEJO,"anticoncepcion, prevencion de its y de cancer de cuello uterino",numero de personas que recibieron orientacion en anticoncepcion,2015-05-01,0,41,327,223,78,669
BETANZOS,"anticoncepcion, prevencion de its y de cancer de cuello uterino",numero de personas que recibieron orientacion en anticoncepcion,2015-05-01,0,12,32,9,0,53
BOLIVAR,"anticoncepcion, prevencion de its y de cancer de cuello uterino",numero de personas que recibieron orientacion en anticoncepcion,2015-05-01,0,2,13,8,0,23
BOYUIBE,"anticoncepcion, prevencion de its y de cancer de cuello uterino",numero de personas que recibieron orientacion en anticoncepcion,2015-05-01,0,0,3,2,0,5
BUENA VISTA,"anticoncepcion, prevencion de its y de cancer de cuello uterino",numero de personas que recibieron orientacion en anticoncepcion,2015-05-01,0,6,9,1,0,16
CABEZAS,"anticoncepcion, prevencion de its y de cancer de cuello uterino",numero de personas que recibieron orientacion en anticoncepcion,2015-05-01,1,9,23,9,0,42
CAIROMA,"anticoncepcion, prevencion de its y de cancer de cuello uterino",numero de personas que recibieron orientacion en anticoncepcion,2015-05-01,0,5,11,3,0,19
"CAIZA ""D""","anticoncepcion, prevencion de its y de cancer de cuello uterino",numero de personas que recibieron orientacion en anticoncepcion,2015-05-01,0,3,13,10,7,33
CAJUATA,"anticoncepcion, prevencion de its y de cancer de cuello uterino",numero de personas que recibieron orientacion en anticoncepcion,2015-05-01,0,4,23,8,0,35
CALACOTO,"anticoncepcion, prevencion de its y de cancer de cuello uterino",numero de personas que recibieron orientacion en anticoncepcion,2015-05-01,0,2,5,1,0,8
CALAMARCA,"anticoncepcion, prevencion de its y de cancer de cuello uterino",numero de personas que recibieron orientacion en anticoncepcion,2015-05-01,0,6,7,4,0,17
CAMARGO,"anticoncepcion, prevencion de its y de cancer de cuello uterino",numero de personas que recibieron orientacion en anticoncepcion,2015-05-01,1,20,77,19,4,121
CAMATAQUI (C. VILLA ABECIA),"anticoncepcion, prevencion de its y de cancer de cuello uterino",numero de personas que recibieron orientacion en anticoncepcion,2015-05-01,0,1,7,2,0,10
CAMIRI,"anticoncepcion, prevencion de its y de cancer de cuello uterino",numero de personas que recibieron orientacion en anticoncepcion,2015-05-01,0,0,13,4,0,17
CAPINOTA,"anticoncepcion, prevencion de its y de cancer de cuello uterino",numero de personas que recibieron orientacion en anticoncepcion,2015-05-01,0,4,21,8,5,38
CAQUIAVIRI,"anticoncepcion, prevencion de its y de cancer de cuello uterino",numero de personas que recibieron orientacion en anticoncepcion,2015-05-01,0,4,1,2,0,7
CARACOLLO,"anticoncepcion, prevencion de its y de cancer de cuello uterino",numero de personas que recibieron orientacion en anticoncepcion,2015-05-01,1,1,58,29,3,92
CARANAVI,"anticoncepcion, prevencion de its y de cancer de cuello uterino",numero de personas que recibieron orientacion en anticoncepcion,2015-05-01,0,39,143,247,32,461
CARANGAS,"anticoncepcion, prevencion de its y de cancer de cuello uterino",numero de personas que recibieron orientacion en anticoncepcion,2015-05-01,0,1,0,1,0,2
CARAPARI,"anticoncepcion, prevencion de its y de cancer de cuello uterino",numero de personas que recibieron orientacion en anticoncepcion,2015-05-01,1,6,56,47,4,114
CARIPUYO,"anticoncepcion, prevencion de its y de cancer de cuello uterino",numero de personas que recibieron orientacion en anticoncepcion,2015-05-01,0,6,18,9,0,33
CARMEN RIVERO TORREZ,"anticoncepcion, prevencion de its y de cancer de cuello uterino",numero de personas que recibieron orientacion en anticoncepcion,2015-05-01,0,3,4,3,0,10
CATACORA,"anticoncepcion, prevencion de its y de cancer de cuello uterino",numero de personas que recibieron orientacion en anticoncepcion,2015-05-01,0,1,0,0,0,1
CHACARILLA,"anticoncepcion, prevencion de its y de cancer de cuello uterino",numero de personas que recibieron orientacion en anticoncepcion,2015-05-01,0,7,7,2,0,16
CHALLAPATA,"anticoncepcion, prevencion de its y de cancer de cuello uterino",numero de personas que recibieron orientacion en anticoncepcion,2015-05-01,1,26,104,56,0,187
CHAQUI,"anticoncepcion, prevencion de its y de cancer de cuello uterino",numero de personas que recibieron orientacion en anticoncepcion,2015-05-01,0,9,27,26,3,65
CHARAGUA,"anticoncepcion, prevencion de its y de cancer de cuello uterino",numero de personas que recibieron orientacion en anticoncepcion,2015-05-01,0,9,12,12,0,33
CHAYANTA,"anticoncepcion, prevencion de its y de cancer de cuello uterino",numero de personas que recibieron orientacion en anticoncepcion,2015-05-01,0,13,14,5,0,32
CHIMORE,"anticoncepcion, prevencion de its y de cancer de cuello uterino",numero de personas que recibieron orientacion en anticoncepcion,2015-05-01,0,14,111,40,1,166
CHIPAYA,"anticoncepcion, prevencion de its y de cancer de cuello uterino",numero de personas que recibieron orientacion en anticoncepcion,2015-05-01,0,0,2,0,0,2
CHOQUE COTA,"anticoncepcion, prevencion de its y de cancer de cuello uterino",numero de personas que recibieron orientacion en anticoncepcion,2015-05-01,0,0,2,1,0,3
CHUA COCANI,"anticoncepcion, prevencion de its y de cancer de cuello uterino",numero de personas que recibieron orientacion en anticoncepcion,2015-05-01,0,1,4,7,0,12
CHULUMANI (V. DE LA LIBERTAD),"anticoncepcion, prevencion de its y de cancer de cuello uterino",numero de personas que recibieron orientacion en anticoncepcion,2015-05-01,0,12,30,4,0,46
CHUMA,"anticoncepcion, prevencion de its y de cancer de cuello uterino",numero de personas que recibieron orientacion en anticoncepcion,2015-05-01,0,3,18,2,3,26
CHUQUIHUTA AYLLU JUCUMANI,"anticoncepcion, prevencion de its y de cancer de cuello uterino",numero de personas que recibieron orientacion en anticoncepcion,2015-05-01,0,1,17,1,0,19
CKOCHAS,"anticoncepcion, prevencion de its y de cancer de cuello uterino",numero de personas que recibieron orientacion en anticoncepcion,2015-05-01,0,4,28,31,1,64
CLIZA,"anticoncepcion, prevencion de its y de cancer de cuello uterino",numero de personas que recibieron orientacion en anticoncepcion,2015-05-01,0,5,43,8,1,57
COBIJA,"anticoncepcion, prevencion de its y de cancer de cuello uterino",numero de personas que recibieron orientacion en anticoncepcion,2015-05-01,0,25,103,29,5,162
COCAPATA,"anticoncepcion, prevencion de its y de cancer de cuello uterino",numero de personas que recibieron orientacion en anticoncepcion,2015-05-01,2,31,102,54,0,189
COCHABAMBA,"anticoncepcion, prevencion de its y de cancer de cuello uterino",numero de personas que recibieron orientacion en anticoncepcion,2015-05-01,43,583,2253,537,35,3451
COIPASA,"anticoncepcion, prevencion de its y de cancer de cuello uterino",numero de personas que recibieron orientacion en anticoncepcion,2015-05-01,0,0,3,1,0,4
COLCAPIRHUA,"anticoncepcion, prevencion de its y de cancer de cuello uterino",numero de personas que recibieron orientacion en anticoncepcion,2015-05-01,54,312,318,115,2,801
"COLCHA ""K""","anticoncepcion, prevencion de its y de cancer de cuello uterino",numero de personas que recibieron orientacion en anticoncepcion,2015-05-01,0,12,28,14,1,55
COLLANA,"anticoncepcion, prevencion de its y de cancer de cuello uterino",numero de personas que recibieron orientacion en anticoncepcion,2015-05-01,0,2,4,1,0,7
COLOMI,"anticoncepcion, prevencion de its y de cancer de cuello uterino",numero de personas que recibieron orientacion en anticoncepcion,2015-05-01,0,17,62,17,0,96
COLPA BELGICA,"anticoncepcion, prevencion de its y de cancer de cuello uterino",numero de personas que recibieron orientacion en anticoncepcion,2015-05-01,2,4,9,0,0,15
COLQUECHACA,"anticoncepcion, prevencion de its y de cancer de cuello uterino",numero de personas que recibieron orientacion en anticoncepcion,2015-05-01,0,4,26,20,3,53
COLQUENCHA,"anticoncepcion, prevencion de its y de cancer de cuello uterino",numero de personas que recibieron orientacion en anticoncepcion,2015-05-01,0,1,1,2,0,4
COLQUIRI,"anticoncepcion, prevencion de its y de cancer de cuello uterino",numero de personas que recibieron orientacion en anticoncepcion,2015-05-01,0,4,20,7,0,31
COMANCHE,"anticoncepcion, prevencion de its y de cancer de cuello uterino",numero de personas que recibieron orientacion en anticoncepcion,2015-05-01,0,1,1,0,0,2
COMARAPA,"anticoncepcion, prevencion de its y de cancer de cuello uterino",numero de personas que recibieron orientacion en anticoncepcion,2015-05-01,0,10,30,11,0,51
COMBAYA,"anticoncepcion, prevencion de its y de cancer de cuello uterino",numero de personas que recibieron orientacion en anticoncepcion,2015-05-01,0,0,0,2,0,2
CONCEPCION,"anticoncepcion, prevencion de its y de cancer de cuello uterino",numero de personas que recibieron orientacion en anticoncepcion,2015-05-01,0,4,24,4,0,32
COPACABANA,"anticoncepcion, prevencion de its y de cancer de cuello uterino",numero de personas que recibieron orientacion en anticoncepcion,2015-05-01,1,1,13,8,0,23
CORIPATA,"anticoncepcion, prevencion de its y de cancer de cuello uterino",numero de personas que recibieron orientacion en anticoncepcion,2015-05-01,0,0,27,4,0,31
CORO CORO,"anticoncepcion, prevencion de its y de cancer de cuello uterino",numero de personas que recibieron orientacion en anticoncepcion,2015-05-01,0,0,3,0,0,3
COROICO,"anticoncepcion, prevencion de its y de cancer de cuello uterino",numero de personas que recibieron orientacion en anticoncepcion,2015-05-01,0,1,2,0,0,3
CORQUE,"anticoncepcion, prevencion de its y de cancer de cuello uterino",numero de personas que recibieron orientacion en anticoncepcion,2015-05-01,1,5,11,8,0,25
COTAGAITA,"anticoncepcion, prevencion de its y de cancer de cuello uterino",numero de personas que recibieron orientacion en anticoncepcion,2015-05-01,0,14,84,48,1,147
COTOCA,"anticoncepcion, prevencion de its y de cancer de cuello uterino",numero de personas que recibieron orientacion en anticoncepcion,2015-05-01,1,49,100,101,23,274
CUATRO CAÑADAS,"anticoncepcion, prevencion de its y de cancer de cuello uterino",numero de personas que recibieron orientacion en anticoncepcion,2015-05-01,3,25,55,37,1,121
CUCHUMUELA (V. G. VILLARROEL),"anticoncepcion, prevencion de its y de cancer de cuello uterino",numero de personas que recibieron orientacion en anticoncepcion,2015-05-01,0,1,3,1,0,5
CULPINA,"anticoncepcion, prevencion de its y de cancer de cuello uterino",numero de personas que recibieron orientacion en anticoncepcion,2015-05-01,0,13,51,31,2,97
CURAHUARA DE CARANGAS,"anticoncepcion, prevencion de its y de cancer de cuello uterino",numero de personas que recibieron orientacion en anticoncepcion,2015-05-01,0,2,11,6,0,19
CURVA,"anticoncepcion, prevencion de its y de cancer de cuello uterino",numero de personas que recibieron orientacion en anticoncepcion,2015-05-01,0,1,1,0,0,2
DESAGUADERO,"anticoncepcion, prevencion de its y de cancer de cuello uterino",numero de personas que recibieron orientacion en anticoncepcion,2015-05-01,0,1,6,0,0,7
EL ALTO,"anticoncepcion, prevencion de its y de cancer de cuello uterino",numero de personas que recibieron orientacion en anticoncepcion,2015-05-01,8,394,2199,838,57,3496
EL CHORO,"anticoncepcion, prevencion de its y de cancer de cuello uterino",numero de personas que recibieron orientacion en anticoncepcion,2015-05-01,0,2,10,4,0,16
EL PUENTE(STC),"anticoncepcion, prevencion de its y de cancer de cuello uterino",numero de personas que recibieron orientacion en anticoncepcion,2015-05-01,0,6,27,11,1,45
EL PUENTE(TJA),"anticoncepcion, prevencion de its y de cancer de cuello uterino",numero de personas que recibieron orientacion en anticoncepcion,2015-05-01,0,6,54,30,1,91
EL TORNO,"anticoncepcion, prevencion de its y de cancer de cuello uterino",numero de personas que recibieron orientacion en anticoncepcion,2015-05-01,6,17,52,60,5,140
EL VILLAR,"anticoncepcion, prevencion de its y de cancer de cuello uterino",numero de personas que recibieron orientacion en anticoncepcion,2015-05-01,0,3,5,1,0,9
ENTRE RIOS TRJ,"anticoncepcion, prevencion de its y de cancer de cuello uterino",numero de personas que recibieron orientacion en anticoncepcion,2015-05-01,0,7,50,22,0,79
ENTRE RIOS CBBA,"anticoncepcion, prevencion de its y de cancer de cuello uterino",numero de personas que recibieron orientacion en anticoncepcion,2015-05-01,1,25,110,30,3,169
ESCARA,"anticoncepcion, prevencion de its y de cancer de cuello uterino",numero de personas que recibieron orientacion en anticoncepcion,2015-05-01,0,1,0,1,0,2
ESCOMA,"anticoncepcion, prevencion de its y de cancer de cuello uterino",numero de personas que recibieron orientacion en anticoncepcion,2015-05-01,0,0,2,4,0,6
ESMERALDA,"anticoncepcion, prevencion de its y de cancer de cuello uterino",numero de personas que recibieron orientacion en anticoncepcion,2015-05-01,0,0,2,0,0,2
EUCALIPTUS,"anticoncepcion, prevencion de its y de cancer de cuello uterino",numero de personas que recibieron orientacion en anticoncepcion,2015-05-01,0,1,8,6,0,15
EUREKA (SANTOS MERCADO),"anticoncepcion, prevencion de its y de cancer de cuello uterino",numero de personas que recibieron orientacion en anticoncepcion,2015-05-01,5,4,3,1,0,13
EXALTACION,"anticoncepcion, prevencion de its y de cancer de cuello uterino",numero de personas que recibieron orientacion en anticoncepcion,2015-05-01,1,0,1,1,0,3
FERNANDEZ ALONSO,"anticoncepcion, prevencion de its y de cancer de cuello uterino",numero de personas que recibieron orientacion en anticoncepcion,2015-05-01,0,9,32,30,2,73
FILADELFIA,"anticoncepcion, prevencion de its y de cancer de cuello uterino",numero de personas que recibieron orientacion en anticoncepcion,2015-05-01,2,4,13,0,0,19
GENERAL SAAVEDRA,"anticoncepcion, prevencion de its y de cancer de cuello uterino",numero de personas que recibieron orientacion en anticoncepcion,2015-05-01,0,2,43,9,1,55
GRAL. J.J. PEREZ (CHARAZANI),"anticoncepcion, prevencion de its y de cancer de cuello uterino",numero de personas que recibieron orientacion en anticoncepcion,2015-05-01,0,3,4,3,0,10
GUANAY,"anticoncepcion, prevencion de its y de cancer de cuello uterino",numero de personas que recibieron orientacion en anticoncepcion,2015-05-01,0,5,15,8,0,28
GUAQUI,"anticoncepcion, prevencion de its y de cancer de cuello uterino",numero de personas que recibieron orientacion en anticoncepcion,2015-05-01,0,1,20,7,2,30
GUAYARAMERIN,"anticoncepcion, prevencion de its y de cancer de cuello uterino",numero de personas que recibieron orientacion en anticoncepcion,2015-05-01,4,65,244,46,14,373
GUTIERREZ,"anticoncepcion, prevencion de its y de cancer de cuello uterino",numero de personas que recibieron orientacion en anticoncepcion,2015-05-01,0,1,8,4,0,13
HUACARETA,"anticoncepcion, prevencion de its y de cancer de cuello uterino",numero de personas que recibieron orientacion en anticoncepcion,2015-05-01,0,8,18,8,1,35
HUACAYA (VILLA DE HUACAYA),"anticoncepcion, prevencion de its y de cancer de cuello uterino",numero de personas que recibieron orientacion en anticoncepcion,2015-05-01,0,0,6,4,0,10
HUACHACALLA,"anticoncepcion, prevencion de its y de cancer de cuello uterino",numero de personas que recibieron orientacion en anticoncepcion,2015-05-01,0,1,5,0,0,6
HUANUNI,"anticoncepcion, prevencion de its y de cancer de cuello uterino",numero de personas que recibieron orientacion en anticoncepcion,2015-05-01,0,3,99,18,2,122
HUARACAJE,"anticoncepcion, prevencion de its y de cancer de cuello uterino",numero de personas que recibieron orientacion en anticoncepcion,2015-05-01,3,6,27,12,0,48
HUARINA,"anticoncepcion, prevencion de its y de cancer de cuello uterino",numero de personas que recibieron orientacion en anticoncepcion,2015-05-01,0,0,0,1,0,1
HUATAJATA,"anticoncepcion, prevencion de its y de cancer de cuello uterino",numero de personas que recibieron orientacion en anticoncepcion,2015-05-01,0,1,1,1,0,3
HUAYLLAMARCA,"anticoncepcion, prevencion de its y de cancer de cuello uterino",numero de personas que recibieron orientacion en anticoncepcion,2015-05-01,0,6,10,7,0,23
HUMANATA,"anticoncepcion, prevencion de its y de cancer de cuello uterino",numero de personas que recibieron orientacion en anticoncepcion,2015-05-01,0,1,12,17,12,42
ICHOCA,"anticoncepcion, prevencion de its y de cancer de cuello uterino",numero de personas que recibieron orientacion en anticoncepcion,2015-05-01,0,1,3,1,0,5
ICLA,"anticoncepcion, prevencion de its y de cancer de cuello uterino",numero de personas que recibieron orientacion en anticoncepcion,2015-05-01,0,6,64,87,35,192
INCAHUASI,"anticoncepcion, prevencion de its y de cancer de cuello uterino",numero de personas que recibieron orientacion en anticoncepcion,2015-05-01,0,12,52,25,2,91
INGAVI (HUMAITA),"anticoncepcion, prevencion de its y de cancer de cuello uterino",numero de personas que recibieron orientacion en anticoncepcion,2015-05-01,0,1,4,1,0,6
INQUISIVI,"anticoncepcion, prevencion de its y de cancer de cuello uterino",numero de personas que recibieron orientacion en anticoncepcion,2015-05-01,0,5,6,2,0,13
IRUPANA (VILLA DE LANZA),"anticoncepcion, prevencion de its y de cancer de cuello uterino",numero de personas que recibieron orientacion en anticoncepcion,2015-05-01,0,5,21,3,1,30
IXIAMAS,"anticoncepcion, prevencion de its y de cancer de cuello uterino",numero de personas que recibieron orientacion en anticoncepcion,2015-05-01,0,11,25,3,0,39
JESUS DE MACHACA,"anticoncepcion, prevencion de its y de cancer de cuello uterino",numero de personas que recibieron orientacion en anticoncepcion,2015-05-01,0,1,32,23,2,58
LA ASUNTA,"anticoncepcion, prevencion de its y de cancer de cuello uterino",numero de personas que recibieron orientacion en anticoncepcion,2015-05-01,0,11,66,11,0,88
LA GUARDIA,"anticoncepcion, prevencion de its y de cancer de cuello uterino",numero de personas que recibieron orientacion en anticoncepcion,2015-05-01,5,29,158,28,1,221
LA PAZ,"anticoncepcion, prevencion de its y de cancer de cuello uterino",numero de personas que recibieron orientacion en anticoncepcion,2015-05-01,6,290,1550,390,35,2271
LAGUNILLAS,"anticoncepcion, prevencion de its y de cancer de cuello uterino",numero de personas que recibieron orientacion en anticoncepcion,2015-05-01,0,3,8,0,0,11
LAJA,"anticoncepcion, prevencion de its y de cancer de cuello uterino",numero de personas que recibieron orientacion en anticoncepcion,2015-05-01,1,6,13,10,1,31
LAS CARRERAS,"anticoncepcion, prevencion de its y de cancer de cuello uterino",numero de personas que recibieron orientacion en anticoncepcion,2015-05-01,0,3,10,9,0,22
LICOMA PAMPA,"anticoncepcion, prevencion de its y de cancer de cuello uterino",numero de personas que recibieron orientacion en anticoncepcion,2015-05-01,0,1,2,2,0,5
LLALLAGUA,"anticoncepcion, prevencion de its y de cancer de cuello uterino",numero de personas que recibieron orientacion en anticoncepcion,2015-05-01,0,21,131,64,0,216
LLICA,"anticoncepcion, prevencion de its y de cancer de cuello uterino",numero de personas que recibieron orientacion en anticoncepcion,2015-05-01,0,0,4,1,0,5
LORETO,"anticoncepcion, prevencion de its y de cancer de cuello uterino",numero de personas que recibieron orientacion en anticoncepcion,2015-05-01,2,5,14,6,0,27
LURIBAY,"anticoncepcion, prevencion de its y de cancer de cuello uterino",numero de personas que recibieron orientacion en anticoncepcion,2015-05-01,0,0,17,11,1,29
MACHACAMARCA,"anticoncepcion, prevencion de its y de cancer de cuello uterino",numero de personas que recibieron orientacion en anticoncepcion,2015-05-01,0,1,4,0,0,5
MACHARETI,"anticoncepcion, prevencion de its y de cancer de cuello uterino",numero de personas que recibieron orientacion en anticoncepcion,2015-05-01,1,8,22,3,1,35
MAGDALENA,"anticoncepcion, prevencion de its y de cancer de cuello uterino",numero de personas que recibieron orientacion en anticoncepcion,2015-05-01,1,29,38,10,1,79
MAIRANA,"anticoncepcion, prevencion de its y de cancer de cuello uterino",numero de personas que recibieron orientacion en anticoncepcion,2015-05-01,0,7,14,6,0,27
MALLA,"anticoncepcion, prevencion de its y de cancer de cuello uterino",numero de personas que recibieron orientacion en anticoncepcion,2015-05-01,0,0,1,0,0,1
MAPIRI,"anticoncepcion, prevencion de its y de cancer de cuello uterino",numero de personas que recibieron orientacion en anticoncepcion,2015-05-01,0,1,4,0,0,5
MECAPACA,"anticoncepcion, prevencion de its y de cancer de cuello uterino",numero de personas que recibieron orientacion en anticoncepcion,2015-05-01,0,5,19,4,0,28
MINEROS,"anticoncepcion, prevencion de its y de cancer de cuello uterino",numero de personas que recibieron orientacion en anticoncepcion,2015-05-01,1,17,79,29,8,134
MIZQUE,"anticoncepcion, prevencion de its y de cancer de cuello uterino",numero de personas que recibieron orientacion en anticoncepcion,2015-05-01,1,18,79,52,11,161
MOCOMOCO,"anticoncepcion, prevencion de its y de cancer de cuello uterino",numero de personas que recibieron orientacion en anticoncepcion,2015-05-01,0,3,9,4,0,16
MOJINETE,"anticoncepcion, prevencion de its y de cancer de cuello uterino",numero de personas que recibieron orientacion en anticoncepcion,2015-05-01,0,0,5,4,0,9
MOJOCOYA,"anticoncepcion, prevencion de its y de cancer de cuello uterino",numero de personas que recibieron orientacion en anticoncepcion,2015-05-01,2,12,32,20,0,66
MONTEAGUDO,"anticoncepcion, prevencion de its y de cancer de cuello uterino",numero de personas que recibieron orientacion en anticoncepcion,2015-05-01,1,34,116,70,5,226
MONTERO,"anticoncepcion, prevencion de its y de cancer de cuello uterino",numero de personas que recibieron orientacion en anticoncepcion,2015-05-01,12,104,199,73,11,399
MORO MORO,"anticoncepcion, prevencion de its y de cancer de cuello uterino",numero de personas que recibieron orientacion en anticoncepcion,2015-05-01,0,0,0,1,0,1
MOROCHATA,"anticoncepcion, prevencion de its y de cancer de cuello uterino",numero de personas que recibieron orientacion en anticoncepcion,2015-05-01,3,17,62,30,2,114
NACEBE (SANTA ROSA DEL ABUNA),"anticoncepcion, prevencion de its y de cancer de cuello uterino",numero de personas que recibieron orientacion en anticoncepcion,2015-05-01,0,6,0,1,1,8
NAZACARA DE PACAJES,"anticoncepcion, prevencion de its y de cancer de cuello uterino",numero de personas que recibieron orientacion en anticoncepcion,2015-05-01,0,1,0,0,0,1
NUEVO MANOA (NUEVA ESPERANZA),"anticoncepcion, prevencion de its y de cancer de cuello uterino",numero de personas que recibieron orientacion en anticoncepcion,2015-05-01,0,0,15,1,0,16
OCURI,"anticoncepcion, prevencion de its y de cancer de cuello uterino",numero de personas que recibieron orientacion en anticoncepcion,2015-05-01,0,9,40,4,0,53
OKINAWA,"anticoncepcion, prevencion de its y de cancer de cuello uterino",numero de personas que recibieron orientacion en anticoncepcion,2015-05-01,0,7,37,9,0,53
OMEREQUE,"anticoncepcion, prevencion de its y de cancer de cuello uterino",numero de personas que recibieron orientacion en anticoncepcion,2015-05-01,0,4,9,6,0,19
ORURO,"anticoncepcion, prevencion de its y de cancer de cuello uterino",numero de personas que recibieron orientacion en anticoncepcion,2015-05-01,2,225,877,319,79,1502
PADCAYA,"anticoncepcion, prevencion de its y de cancer de cuello uterino",numero de personas que recibieron orientacion en anticoncepcion,2015-05-01,2,26,68,28,3,127
PADILLA,"anticoncepcion, prevencion de its y de cancer de cuello uterino",numero de personas que recibieron orientacion en anticoncepcion,2015-05-01,2,15,79,35,0,131
PAILON,"anticoncepcion, prevencion de its y de cancer de cuello uterino",numero de personas que recibieron orientacion en anticoncepcion,2015-05-01,3,17,63,15,1,99
PALCA,"anticoncepcion, prevencion de its y de cancer de cuello uterino",numero de personas que recibieron orientacion en anticoncepcion,2015-05-01,0,1,21,10,0,32
PALOS BLANCOS,"anticoncepcion, prevencion de its y de cancer de cuello uterino",numero de personas que recibieron orientacion en anticoncepcion,2015-05-01,0,13,78,38,0,129
PAMPA AULLAGAS,"anticoncepcion, prevencion de its y de cancer de cuello uterino",numero de personas que recibieron orientacion en anticoncepcion,2015-05-01,0,0,18,10,0,28
PAMPA GRANDE,"anticoncepcion, prevencion de its y de cancer de cuello uterino",numero de personas que recibieron orientacion en anticoncepcion,2015-05-01,0,4,8,4,0,16
PAPEL PAMPA,"anticoncepcion, prevencion de its y de cancer de cuello uterino",numero de personas que recibieron orientacion en anticoncepcion,2015-05-01,0,2,7,6,0,15
PASORAPA,"anticoncepcion, prevencion de its y de cancer de cuello uterino",numero de personas que recibieron orientacion en anticoncepcion,2015-05-01,0,4,22,14,0,40
PATACAMAYA,"anticoncepcion, prevencion de its y de cancer de cuello uterino",numero de personas que recibieron orientacion en anticoncepcion,2015-05-01,0,1,4,3,0,8
PAZÑA,"anticoncepcion, prevencion de its y de cancer de cuello uterino",numero de personas que recibieron orientacion en anticoncepcion,2015-05-01,0,3,35,17,0,55
PELECHUCO,"anticoncepcion, prevencion de its y de cancer de cuello uterino",numero de personas que recibieron orientacion en anticoncepcion,2015-05-01,0,2,10,12,5,29
POCOATA,"anticoncepcion, prevencion de its y de cancer de cuello uterino",numero de personas que recibieron orientacion en anticoncepcion,2015-05-01,0,17,69,23,2,111
POCONA,"anticoncepcion, prevencion de its y de cancer de cuello uterino",numero de personas que recibieron orientacion en anticoncepcion,2015-05-01,3,21,84,54,7,169
POJO (CBBA),"anticoncepcion, prevencion de its y de cancer de cuello uterino",numero de personas que recibieron orientacion en anticoncepcion,2015-05-01,0,6,18,15,0,39
POOPO,"anticoncepcion, prevencion de its y de cancer de cuello uterino",numero de personas que recibieron orientacion en anticoncepcion,2015-05-01,0,2,24,8,1,35
PORCO,"anticoncepcion, prevencion de its y de cancer de cuello uterino",numero de personas que recibieron orientacion en anticoncepcion,2015-05-01,0,4,18,5,0,27
POROMA,"anticoncepcion, prevencion de its y de cancer de cuello uterino",numero de personas que recibieron orientacion en anticoncepcion,2015-05-01,0,1,9,6,0,16
PORONGO,"anticoncepcion, prevencion de its y de cancer de cuello uterino",numero de personas que recibieron orientacion en anticoncepcion,2015-05-01,2,8,21,12,2,45
POSTRER VALLE,"anticoncepcion, prevencion de its y de cancer de cuello uterino",numero de personas que recibieron orientacion en anticoncepcion,2015-05-01,0,1,2,0,0,3
POTOSI,"anticoncepcion, prevencion de its y de cancer de cuello uterino",numero de personas que recibieron orientacion en anticoncepcion,2015-05-01,0,108,498,226,11,843
PRESTO,"anticoncepcion, prevencion de its y de cancer de cuello uterino",numero de personas que recibieron orientacion en anticoncepcion,2015-05-01,2,15,79,47,14,157
PUCARA,"anticoncepcion, prevencion de its y de cancer de cuello uterino",numero de personas que recibieron orientacion en anticoncepcion,2015-05-01,0,0,2,1,0,3
PUCARANI,"anticoncepcion, prevencion de its y de cancer de cuello uterino",numero de personas que recibieron orientacion en anticoncepcion,2015-05-01,0,9,61,25,0,95
PUERTO ACOSTA,"anticoncepcion, prevencion de its y de cancer de cuello uterino",numero de personas que recibieron orientacion en anticoncepcion,2015-05-01,0,2,13,6,0,21
PUERTO CARABUCO,"anticoncepcion, prevencion de its y de cancer de cuello uterino",numero de personas que recibieron orientacion en anticoncepcion,2015-05-01,0,2,8,1,0,11
PUERTO GONZALO MORENO,"anticoncepcion, prevencion de its y de cancer de cuello uterino",numero de personas que recibieron orientacion en anticoncepcion,2015-05-01,0,13,17,5,0,35
PUERTO PEREZ,"anticoncepcion, prevencion de its y de cancer de cuello uterino",numero de personas que recibieron orientacion en anticoncepcion,2015-05-01,1,17,57,26,0,101
PUERTO QUIJARRO,"anticoncepcion, prevencion de its y de cancer de cuello uterino",numero de personas que recibieron orientacion en anticoncepcion,2015-05-01,0,44,59,25,0,128
PUERTO RICO,"anticoncepcion, prevencion de its y de cancer de cuello uterino",numero de personas que recibieron orientacion en anticoncepcion,2015-05-01,1,9,6,0,0,16
PUERTO SUAREZ,"anticoncepcion, prevencion de its y de cancer de cuello uterino",numero de personas que recibieron orientacion en anticoncepcion,2015-05-01,0,7,33,12,0,52
PUERTO VILLARROEL,"anticoncepcion, prevencion de its y de cancer de cuello uterino",numero de personas que recibieron orientacion en anticoncepcion,2015-05-01,2,57,197,41,1,298
PUNA,"anticoncepcion, prevencion de its y de cancer de cuello uterino",numero de personas que recibieron orientacion en anticoncepcion,2015-05-01,0,11,74,45,4,134
PUNATA,"anticoncepcion, prevencion de its y de cancer de cuello uterino",numero de personas que recibieron orientacion en anticoncepcion,2015-05-01,1,16,102,18,5,142
QUIABAYA,"anticoncepcion, prevencion de its y de cancer de cuello uterino",numero de personas que recibieron orientacion en anticoncepcion,2015-05-01,0,1,13,4,1,19
QUILLACOLLO,"anticoncepcion, prevencion de its y de cancer de cuello uterino",numero de personas que recibieron orientacion en anticoncepcion,2015-05-01,22,194,735,170,8,1129
QUIME,"anticoncepcion, prevencion de its y de cancer de cuello uterino",numero de personas que recibieron orientacion en anticoncepcion,2015-05-01,0,4,14,1,0,19
RAVELO,"anticoncepcion, prevencion de its y de cancer de cuello uterino",numero de personas que recibieron orientacion en anticoncepcion,2015-05-01,1,13,59,53,1,127
REYES,"anticoncepcion, prevencion de its y de cancer de cuello uterino",numero de personas que recibieron orientacion en anticoncepcion,2015-05-01,14,14,37,5,0,70
RIBERALTA,"anticoncepcion, prevencion de its y de cancer de cuello uterino",numero de personas que recibieron orientacion en anticoncepcion,2015-05-01,67,310,997,297,13,1684
ROBORE,"anticoncepcion, prevencion de its y de cancer de cuello uterino",numero de personas que recibieron orientacion en anticoncepcion,2015-05-01,0,13,52,5,3,73
RURRENABAQUE,"anticoncepcion, prevencion de its y de cancer de cuello uterino",numero de personas que recibieron orientacion en anticoncepcion,2015-05-01,3,25,109,23,2,162
SABAYA,"anticoncepcion, prevencion de its y de cancer de cuello uterino",numero de personas que recibieron orientacion en anticoncepcion,2015-05-01,0,0,5,2,1,8
SACABA,"anticoncepcion, prevencion de its y de cancer de cuello uterino",numero de personas que recibieron orientacion en anticoncepcion,2015-05-01,2,361,803,90,1,1257
SACABAMBA,"anticoncepcion, prevencion de its y de cancer de cuello uterino",numero de personas que recibieron orientacion en anticoncepcion,2015-05-01,0,1,6,7,0,14
SACACA,"anticoncepcion, prevencion de its y de cancer de cuello uterino",numero de personas que recibieron orientacion en anticoncepcion,2015-05-01,0,16,84,50,4,154
SAIPINA,"anticoncepcion, prevencion de its y de cancer de cuello uterino",numero de personas que recibieron orientacion en anticoncepcion,2015-05-01,1,12,11,4,0,28
SALINAS DE GARCI MENDOZA,"anticoncepcion, prevencion de its y de cancer de cuello uterino",numero de personas que recibieron orientacion en anticoncepcion,2015-05-01,0,18,63,19,2,102
SAMAIPATA,"anticoncepcion, prevencion de its y de cancer de cuello uterino",numero de personas que recibieron orientacion en anticoncepcion,2015-05-01,0,7,14,11,0,32
SAN AGUSTIN,"anticoncepcion, prevencion de its y de cancer de cuello uterino",numero de personas que recibieron orientacion en anticoncepcion,2015-05-01,0,0,1,1,0,2
SAN ANDRES,"anticoncepcion, prevencion de its y de cancer de cuello uterino",numero de personas que recibieron orientacion en anticoncepcion,2015-05-01,1,15,83,23,2,124
SAN ANDRES DE MACHACA,"anticoncepcion, prevencion de its y de cancer de cuello uterino",numero de personas que recibieron orientacion en anticoncepcion,2015-05-01,0,2,9,10,0,21
SAN ANTONIO DE ESMORUCO,"anticoncepcion, prevencion de its y de cancer de cuello uterino",numero de personas que recibieron orientacion en anticoncepcion,2015-05-01,0,0,3,1,0,4
SAN ANTONIO DE LOMERIO,"anticoncepcion, prevencion de its y de cancer de cuello uterino",numero de personas que recibieron orientacion en anticoncepcion,2015-05-01,0,1,8,0,0,9
SAN BENITO,"anticoncepcion, prevencion de its y de cancer de cuello uterino",numero de personas que recibieron orientacion en anticoncepcion,2015-05-01,0,2,29,12,1,44
SAN BORJA,"anticoncepcion, prevencion de its y de cancer de cuello uterino",numero de personas que recibieron orientacion en anticoncepcion,2015-05-01,4,24,89,23,0,140
SAN BUENA VENTURA,"anticoncepcion, prevencion de its y de cancer de cuello uterino",numero de personas que recibieron orientacion en anticoncepcion,2015-05-01,1,12,80,10,0,103
SAN CARLOS,"anticoncepcion, prevencion de its y de cancer de cuello uterino",numero de personas que recibieron orientacion en anticoncepcion,2015-05-01,0,21,52,21,0,94
SAN IGNACIO,"anticoncepcion, prevencion de its y de cancer de cuello uterino",numero de personas que recibieron orientacion en anticoncepcion,2015-05-01,18,38,189,88,1,334
SAN IGNACIO DE VELASCO,"anticoncepcion, prevencion de its y de cancer de cuello uterino",numero de personas que recibieron orientacion en anticoncepcion,2015-05-01,2,31,156,45,0,234
SAN JAVIER(BNI),"anticoncepcion, prevencion de its y de cancer de cuello uterino",numero de personas que recibieron orientacion en anticoncepcion,2015-05-01,2,37,34,6,0,79
SAN JAVIER(STC),"anticoncepcion, prevencion de its y de cancer de cuello uterino",numero de personas que recibieron orientacion en anticoncepcion,2015-05-01,2,9,13,8,0,32
SAN JOSE DE CHIQUITOS,"anticoncepcion, prevencion de its y de cancer de cuello uterino",numero de personas que recibieron orientacion en anticoncepcion,2015-05-01,7,22,55,25,10,119
SAN JUAN DE YAPACANI,"anticoncepcion, prevencion de its y de cancer de cuello uterino",numero de personas que recibieron orientacion en anticoncepcion,2015-05-01,0,24,51,22,0,97
SAN JULIAN,"anticoncepcion, prevencion de its y de cancer de cuello uterino",numero de personas que recibieron orientacion en anticoncepcion,2015-05-01,1,31,123,112,0,267
SAN LORENZO(PND),"anticoncepcion, prevencion de its y de cancer de cuello uterino",numero de personas que recibieron orientacion en anticoncepcion,2015-05-01,0,3,7,0,1,11
SAN LORENZO(TJA),"anticoncepcion, prevencion de its y de cancer de cuello uterino",numero de personas que recibieron orientacion en anticoncepcion,2015-05-01,0,8,25,6,0,39
SAN LUCAS,"anticoncepcion, prevencion de its y de cancer de cuello uterino",numero de personas que recibieron orientacion en anticoncepcion,2015-05-01,0,26,82,62,6,176
SAN MATIAS,"anticoncepcion, prevencion de its y de cancer de cuello uterino",numero de personas que recibieron orientacion en anticoncepcion,2015-05-01,1,4,28,11,0,44
SAN MIGUEL DE VELASCO,"anticoncepcion, prevencion de its y de cancer de cuello uterino",numero de personas que recibieron orientacion en anticoncepcion,2015-05-01,0,4,23,7,0,34
SAN PABLO DE LIPEZ,"anticoncepcion, prevencion de its y de cancer de cuello uterino",numero de personas que recibieron orientacion en anticoncepcion,2015-05-01,0,0,8,4,0,12
SAN PEDRO,"anticoncepcion, prevencion de its y de cancer de cuello uterino",numero de personas que recibieron orientacion en anticoncepcion,2015-05-01,1,8,59,24,7,99
SAN PEDRO DE BUENA VISTA,"anticoncepcion, prevencion de its y de cancer de cuello uterino",numero de personas que recibieron orientacion en anticoncepcion,2015-05-01,0,4,26,15,1,46
SAN PEDRO DE CURAHUARA,"anticoncepcion, prevencion de its y de cancer de cuello uterino",numero de personas que recibieron orientacion en anticoncepcion,2015-05-01,0,0,1,2,0,3
SAN PEDRO DE QUEMES,"anticoncepcion, prevencion de its y de cancer de cuello uterino",numero de personas que recibieron orientacion en anticoncepcion,2015-05-01,1,1,0,0,0,2
SAN PEDRO DE TIQUINA,"anticoncepcion, prevencion de its y de cancer de cuello uterino",numero de personas que recibieron orientacion en anticoncepcion,2015-05-01,0,2,16,5,1,24
SAN RAFAEL,"anticoncepcion, prevencion de its y de cancer de cuello uterino",numero de personas que recibieron orientacion en anticoncepcion,2015-05-01,1,21,59,28,1,110
SAN RAMON BENI,"anticoncepcion, prevencion de its y de cancer de cuello uterino",numero de personas que recibieron orientacion en anticoncepcion,2015-05-01,0,5,0,0,0,5
SAN RAMON SCZ,"anticoncepcion, prevencion de its y de cancer de cuello uterino",numero de personas que recibieron orientacion en anticoncepcion,2015-05-01,10,20,50,7,0,87
SANTA ANA,"anticoncepcion, prevencion de its y de cancer de cuello uterino",numero de personas que recibieron orientacion en anticoncepcion,2015-05-01,5,40,90,27,0,162
SANTA CRUZ DE LA SIERRA,"anticoncepcion, prevencion de its y de cancer de cuello uterino",numero de personas que recibieron orientacion en anticoncepcion,2015-05-01,67,594,1800,849,20,3330
SANTA ROSA,"anticoncepcion, prevencion de its y de cancer de cuello uterino",numero de personas que recibieron orientacion en anticoncepcion,2015-05-01,0,5,12,4,0,21
SANTA ROSA DEL SARA,"anticoncepcion, prevencion de its y de cancer de cuello uterino",numero de personas que recibieron orientacion en anticoncepcion,2015-05-01,1,7,27,8,3,46
SANTIAGO DE CALLAPA,"anticoncepcion, prevencion de its y de cancer de cuello uterino",numero de personas que recibieron orientacion en anticoncepcion,2015-05-01,0,1,2,1,0,4
SANTIAGO DE HUARI,"anticoncepcion, prevencion de its y de cancer de cuello uterino",numero de personas que recibieron orientacion en anticoncepcion,2015-05-01,0,6,36,21,0,63
SANTIAGO DE HUATA,"anticoncepcion, prevencion de its y de cancer de cuello uterino",numero de personas que recibieron orientacion en anticoncepcion,2015-05-01,0,1,9,1,0,11
SANTIAGO DE MACHACA,"anticoncepcion, prevencion de its y de cancer de cuello uterino",numero de personas que recibieron orientacion en anticoncepcion,2015-05-01,0,0,2,3,0,5
SANTIVAÑES,"anticoncepcion, prevencion de its y de cancer de cuello uterino",numero de personas que recibieron orientacion en anticoncepcion,2015-05-01,0,2,10,2,0,14
SANTUARIO DE QUILLACAS,"anticoncepcion, prevencion de its y de cancer de cuello uterino",numero de personas que recibieron orientacion en anticoncepcion,2015-05-01,0,4,18,8,0,30
SAPAHAQUI,"anticoncepcion, prevencion de its y de cancer de cuello uterino",numero de personas que recibieron orientacion en anticoncepcion,2015-05-01,0,0,4,0,0,4
SENA,"anticoncepcion, prevencion de its y de cancer de cuello uterino",numero de personas que recibieron orientacion en anticoncepcion,2015-05-01,0,8,10,1,0,19
SHINAOTA,"anticoncepcion, prevencion de its y de cancer de cuello uterino",numero de personas que recibieron orientacion en anticoncepcion,2015-05-01,0,5,19,8,0,32
SICA SICA (VILLA AROMA),"anticoncepcion, prevencion de its y de cancer de cuello uterino",numero de personas que recibieron orientacion en anticoncepcion,2015-05-01,0,4,35,12,0,51
SICAYA,"anticoncepcion, prevencion de its y de cancer de cuello uterino",numero de personas que recibieron orientacion en anticoncepcion,2015-05-01,0,0,2,2,0,4
SIPE SIPE,"anticoncepcion, prevencion de its y de cancer de cuello uterino",numero de personas que recibieron orientacion en anticoncepcion,2015-05-01,7,74,272,91,11,455
SOPACHUY,"anticoncepcion, prevencion de its y de cancer de cuello uterino",numero de personas que recibieron orientacion en anticoncepcion,2015-05-01,1,11,47,24,3,86
SORACACHI,"anticoncepcion, prevencion de its y de cancer de cuello uterino",numero de personas que recibieron orientacion en anticoncepcion,2015-05-01,0,4,25,15,0,44
SORATA,"anticoncepcion, prevencion de its y de cancer de cuello uterino",numero de personas que recibieron orientacion en anticoncepcion,2015-05-01,0,1,17,4,0,22
SUCRE,"anticoncepcion, prevencion de its y de cancer de cuello uterino",numero de personas que recibieron orientacion en anticoncepcion,2015-05-01,28,460,2627,828,51,3994
TACACHI,"anticoncepcion, prevencion de its y de cancer de cuello uterino",numero de personas que recibieron orientacion en anticoncepcion,2015-05-01,0,0,0,1,0,1
TACACOMA,"anticoncepcion, prevencion de its y de cancer de cuello uterino",numero de personas que recibieron orientacion en anticoncepcion,2015-05-01,0,0,5,0,0,5
TACOBAMBA,"anticoncepcion, prevencion de its y de cancer de cuello uterino",numero de personas que recibieron orientacion en anticoncepcion,2015-05-01,0,1,1,0,0,2
TACOPAYA,"anticoncepcion, prevencion de its y de cancer de cuello uterino",numero de personas que recibieron orientacion en anticoncepcion,2015-05-01,0,6,19,14,0,39
TAHUA,"anticoncepcion, prevencion de its y de cancer de cuello uterino",numero de personas que recibieron orientacion en anticoncepcion,2015-05-01,0,2,16,4,0,22
TAPACARI,"anticoncepcion, prevencion de its y de cancer de cuello uterino",numero de personas que recibieron orientacion en anticoncepcion,2015-05-01,0,6,27,7,0,40
TARABUCO,"anticoncepcion, prevencion de its y de cancer de cuello uterino",numero de personas que recibieron orientacion en anticoncepcion,2015-05-01,0,21,100,62,4,187
TARACO,"anticoncepcion, prevencion de its y de cancer de cuello uterino",numero de personas que recibieron orientacion en anticoncepcion,2015-05-01,0,2,5,0,0,7
TARATA,"anticoncepcion, prevencion de its y de cancer de cuello uterino",numero de personas que recibieron orientacion en anticoncepcion,2015-05-01,0,2,34,15,0,51
TARIJA,"anticoncepcion, prevencion de its y de cancer de cuello uterino",numero de personas que recibieron orientacion en anticoncepcion,2015-05-01,11,154,589,662,13,1429
TARVITA,"anticoncepcion, prevencion de its y de cancer de cuello uterino",numero de personas que recibieron orientacion en anticoncepcion,2015-05-01,0,5,24,13,4,46
TEOPONTE,"anticoncepcion, prevencion de its y de cancer de cuello uterino",numero de personas que recibieron orientacion en anticoncepcion,2015-05-01,1,8,32,12,0,53
TIAWANACU,"anticoncepcion, prevencion de its y de cancer de cuello uterino",numero de personas que recibieron orientacion en anticoncepcion,2015-05-01,0,2,30,6,0,38
TINGUIPAYA,"anticoncepcion, prevencion de its y de cancer de cuello uterino",numero de personas que recibieron orientacion en anticoncepcion,2015-05-01,0,3,23,15,0,41
TIPUANI,"anticoncepcion, prevencion de its y de cancer de cuello uterino",numero de personas que recibieron orientacion en anticoncepcion,2015-05-01,0,3,12,3,0,18
TIQUIPAYA,"anticoncepcion, prevencion de its y de cancer de cuello uterino",numero de personas que recibieron orientacion en anticoncepcion,2015-05-01,8,47,92,38,0,185
TIRAQUE (CBBA),"anticoncepcion, prevencion de its y de cancer de cuello uterino",numero de personas que recibieron orientacion en anticoncepcion,2015-05-01,2,23,73,27,2,127
TITO YUPANQUI (PARQUIPUJIO),"anticoncepcion, prevencion de its y de cancer de cuello uterino",numero de personas que recibieron orientacion en anticoncepcion,2015-05-01,0,0,4,0,0,4
TOCO,"anticoncepcion, prevencion de its y de cancer de cuello uterino",numero de personas que recibieron orientacion en anticoncepcion,2015-05-01,1,6,54,33,0,94
TODOS SANTOS,"anticoncepcion, prevencion de its y de cancer de cuello uterino",numero de personas que recibieron orientacion en anticoncepcion,2015-05-01,0,1,2,3,0,6
TOLATA,"anticoncepcion, prevencion de its y de cancer de cuello uterino",numero de personas que recibieron orientacion en anticoncepcion,2015-05-01,0,0,0,47,0,47
TOLEDO,"anticoncepcion, prevencion de its y de cancer de cuello uterino",numero de personas que recibieron orientacion en anticoncepcion,2015-05-01,0,3,7,2,0,12
TOMAVE,"anticoncepcion, prevencion de its y de cancer de cuello uterino",numero de personas que recibieron orientacion en anticoncepcion,2015-05-01,0,1,4,1,0,6
TOMINA,"anticoncepcion, prevencion de its y de cancer de cuello uterino",numero de personas que recibieron orientacion en anticoncepcion,2015-05-01,1,4,12,6,0,23
TORO TORO,"anticoncepcion, prevencion de its y de cancer de cuello uterino",numero de personas que recibieron orientacion en anticoncepcion,2015-05-01,0,7,24,7,0,38
TOTORA(CBBA),"anticoncepcion, prevencion de its y de cancer de cuello uterino",numero de personas que recibieron orientacion en anticoncepcion,2015-05-01,0,34,98,29,0,161
TOTORA(ORR),"anticoncepcion, prevencion de its y de cancer de cuello uterino",numero de personas que recibieron orientacion en anticoncepcion,2015-05-01,0,9,19,7,0,35
TRINIDAD,"anticoncepcion, prevencion de its y de cancer de cuello uterino",numero de personas que recibieron orientacion en anticoncepcion,2015-05-01,13,173,617,135,3,941
TUPIZA,"anticoncepcion, prevencion de its y de cancer de cuello uterino",numero de personas que recibieron orientacion en anticoncepcion,2015-05-01,0,50,117,46,2,215
TURCO,"anticoncepcion, prevencion de its y de cancer de cuello uterino",numero de personas que recibieron orientacion en anticoncepcion,2015-05-01,0,2,13,8,1,24
UMALA,"anticoncepcion, prevencion de its y de cancer de cuello uterino",numero de personas que recibieron orientacion en anticoncepcion,2015-05-01,0,9,10,3,0,22
UNCIA,"anticoncepcion, prevencion de its y de cancer de cuello uterino",numero de personas que recibieron orientacion en anticoncepcion,2015-05-01,0,8,24,3,0,35
URIONDO (A. CONCEPCION),"anticoncepcion, prevencion de its y de cancer de cuello uterino",numero de personas que recibieron orientacion en anticoncepcion,2015-05-01,0,6,50,24,2,82
URUBICHA,"anticoncepcion, prevencion de its y de cancer de cuello uterino",numero de personas que recibieron orientacion en anticoncepcion,2015-05-01,0,0,4,1,1,6
UYUNI,"anticoncepcion, prevencion de its y de cancer de cuello uterino",numero de personas que recibieron orientacion en anticoncepcion,2015-05-01,1,20,55,21,2,99
VACAS,"anticoncepcion, prevencion de its y de cancer de cuello uterino",numero de personas que recibieron orientacion en anticoncepcion,2015-05-01,0,10,42,31,0,83
VALLEGRANDE,"anticoncepcion, prevencion de its y de cancer de cuello uterino",numero de personas que recibieron orientacion en anticoncepcion,2015-05-01,0,7,38,33,13,91
VIACHA,"anticoncepcion, prevencion de its y de cancer de cuello uterino",numero de personas que recibieron orientacion en anticoncepcion,2015-05-01,0,11,110,59,10,190
VILA VILA,"anticoncepcion, prevencion de its y de cancer de cuello uterino",numero de personas que recibieron orientacion en anticoncepcion,2015-05-01,0,1,5,1,0,7
VILLA CHARCAS,"anticoncepcion, prevencion de its y de cancer de cuello uterino",numero de personas que recibieron orientacion en anticoncepcion,2015-05-01,0,17,17,1,0,35
VILLA MONTES,"anticoncepcion, prevencion de its y de cancer de cuello uterino",numero de personas que recibieron orientacion en anticoncepcion,2015-05-01,2,46,238,101,0,387
VILLA NUEVA (LOMA ALTA),"anticoncepcion, prevencion de its y de cancer de cuello uterino",numero de personas que recibieron orientacion en anticoncepcion,2015-05-01,0,1,2,0,0,3
VILLA RIVERO,"anticoncepcion, prevencion de its y de cancer de cuello uterino",numero de personas que recibieron orientacion en anticoncepcion,2015-05-01,0,4,33,13,0,50
VILLA SERRANO,"anticoncepcion, prevencion de its y de cancer de cuello uterino",numero de personas que recibieron orientacion en anticoncepcion,2015-05-01,2,9,38,29,3,81
VILLA TUNARI,"anticoncepcion, prevencion de its y de cancer de cuello uterino",numero de personas que recibieron orientacion en anticoncepcion,2015-05-01,0,33,187,50,0,270
VILLA VACA GUZMAN (MUYUPAMPA),"anticoncepcion, prevencion de its y de cancer de cuello uterino",numero de personas que recibieron orientacion en anticoncepcion,2015-05-01,0,3,40,10,1,54
VILLAZON,"anticoncepcion, prevencion de its y de cancer de cuello uterino",numero de personas que recibieron orientacion en anticoncepcion,2015-05-01,0,17,65,15,2,99
VINTO,"anticoncepcion, prevencion de its y de cancer de cuello uterino",numero de personas que recibieron orientacion en anticoncepcion,2015-05-01,10,151,358,76,1,596
VITICHI,"anticoncepcion, prevencion de its y de cancer de cuello uterino",numero de personas que recibieron orientacion en anticoncepcion,2015-05-01,0,1,24,13,0,38
WALDO BALLIVIAN,"anticoncepcion, prevencion de its y de cancer de cuello uterino",numero de personas que recibieron orientacion en anticoncepcion,2015-05-01,0,0,1,1,0,2
WARNES,"anticoncepcion, prevencion de its y de cancer de cuello uterino",numero de personas que recibieron orientacion en anticoncepcion,2015-05-01,2,33,102,21,1,159
YACO,"anticoncepcion, prevencion de its y de cancer de cuello uterino",numero de personas que recibieron orientacion en anticoncepcion,2015-05-01,0,6,6,2,0,14
YACUIBA,"anticoncepcion, prevencion de its y de cancer de cuello uterino",numero de personas que recibieron orientacion en anticoncepcion,2015-05-01,5,140,505,239,51,940
YAMPARAEZ,"anticoncepcion, prevencion de its y de cancer de cuello uterino",numero de personas que recibieron orientacion en anticoncepcion,2015-05-01,0,9,21,28,4,62
YANACACHI,"anticoncepcion, prevencion de its y de cancer de cuello uterino",numero de personas que recibieron orientacion en anticoncepcion,2015-05-01,1,0,5,2,0,8
YAPACANI,"anticoncepcion, prevencion de its y de cancer de cuello uterino",numero de personas que recibieron orientacion en anticoncepcion,2015-05-01,12,44,150,33,0,239
YOCALLA,"anticoncepcion, prevencion de its y de cancer de cuello uterino",numero de personas que recibieron orientacion en anticoncepcion,2015-05-01,0,2,3,2,0,7
YOTALA,"anticoncepcion, prevencion de its y de cancer de cuello uterino",numero de personas que recibieron orientacion en anticoncepcion,2015-05-01,0,26,50,26,0,102
YUNCHARA,"anticoncepcion, prevencion de its y de cancer de cuello uterino",numero de personas que recibieron orientacion en anticoncepcion,2015-05-01,0,8,26,14,1,49
ZUDAÑEZ,"anticoncepcion, prevencion de its y de cancer de cuello uterino",numero de personas que recibieron orientacion en anticoncepcion,2015-05-01,0,6,15,9,0,30
ACACIO,"anticoncepcion, prevencion de its y de cancer de cuello uterino",numero de personas que recibieron orientacion en anticoncepcion,2015-06-01,0,3,21,11,4,39
ACHACACHI,"anticoncepcion, prevencion de its y de cancer de cuello uterino",numero de personas que recibieron orientacion en anticoncepcion,2015-06-01,1,6,37,18,2,64
ACHOCALLA,"anticoncepcion, prevencion de its y de cancer de cuello uterino",numero de personas que recibieron orientacion en anticoncepcion,2015-06-01,0,1,19,0,0,20
AIQUILE,"anticoncepcion, prevencion de its y de cancer de cuello uterino",numero de personas que recibieron orientacion en anticoncepcion,2015-06-01,0,10,26,15,0,51
ALALAY,"anticoncepcion, prevencion de its y de cancer de cuello uterino",numero de personas que recibieron orientacion en anticoncepcion,2015-06-01,1,5,8,1,0,15
ALCALA,"anticoncepcion, prevencion de its y de cancer de cuello uterino",numero de personas que recibieron orientacion en anticoncepcion,2015-06-01,0,0,8,0,0,8
ALTO BENI,"anticoncepcion, prevencion de its y de cancer de cuello uterino",numero de personas que recibieron orientacion en anticoncepcion,2015-06-01,0,1,8,4,1,14
ANCORAIMES,"anticoncepcion, prevencion de its y de cancer de cuello uterino",numero de personas que recibieron orientacion en anticoncepcion,2015-06-01,0,3,20,3,0,26
ANDAMARCA,"anticoncepcion, prevencion de its y de cancer de cuello uterino",numero de personas que recibieron orientacion en anticoncepcion,2015-06-01,0,5,17,5,0,27
ANTEQUERA,"anticoncepcion, prevencion de its y de cancer de cuello uterino",numero de personas que recibieron orientacion en anticoncepcion,2015-06-01,0,1,8,8,0,17
ANZALDO,"anticoncepcion, prevencion de its y de cancer de cuello uterino",numero de personas que recibieron orientacion en anticoncepcion,2015-06-01,0,4,7,11,0,22
APOLO,"anticoncepcion, prevencion de its y de cancer de cuello uterino",numero de personas que recibieron orientacion en anticoncepcion,2015-06-01,0,7,31,20,0,58
ARAMPAMPA,"anticoncepcion, prevencion de its y de cancer de cuello uterino",numero de personas que recibieron orientacion en anticoncepcion,2015-06-01,0,2,18,21,0,41
ARANI,"anticoncepcion, prevencion de its y de cancer de cuello uterino",numero de personas que recibieron orientacion en anticoncepcion,2015-06-01,3,10,5,2,0,20
ARBIETO,"anticoncepcion, prevencion de its y de cancer de cuello uterino",numero de personas que recibieron orientacion en anticoncepcion,2015-06-01,2,76,126,42,5,251
ARQUE,"anticoncepcion, prevencion de its y de cancer de cuello uterino",numero de personas que recibieron orientacion en anticoncepcion,2015-06-01,1,3,13,13,0,30
ASCENCION DE GUARAYOS,"anticoncepcion, prevencion de its y de cancer de cuello uterino",numero de personas que recibieron orientacion en anticoncepcion,2015-06-01,1,5,43,13,0,62
ATOCHA,"anticoncepcion, prevencion de its y de cancer de cuello uterino",numero de personas que recibieron orientacion en anticoncepcion,2015-06-01,0,3,36,9,3,51
AUCAPATA,"anticoncepcion, prevencion de its y de cancer de cuello uterino",numero de personas que recibieron orientacion en anticoncepcion,2015-06-01,0,1,6,7,1,15
AYATA,"anticoncepcion, prevencion de its y de cancer de cuello uterino",numero de personas que recibieron orientacion en anticoncepcion,2015-06-01,0,1,4,1,0,6
AYO AYO,"anticoncepcion, prevencion de its y de cancer de cuello uterino",numero de personas que recibieron orientacion en anticoncepcion,2015-06-01,0,2,4,3,0,9
AYOPAYA (V. DE INDEPENDENCIA),"anticoncepcion, prevencion de its y de cancer de cuello uterino",numero de personas que recibieron orientacion en anticoncepcion,2015-06-01,0,7,98,44,1,150
AZURDUY,"anticoncepcion, prevencion de its y de cancer de cuello uterino",numero de personas que recibieron orientacion en anticoncepcion,2015-06-01,1,8,32,15,0,56
BATALLAS,"anticoncepcion, prevencion de its y de cancer de cuello uterino",numero de personas que recibieron orientacion en anticoncepcion,2015-06-01,0,4,16,7,0,27
BAURES,"anticoncepcion, prevencion de its y de cancer de cuello uterino",numero de personas que recibieron orientacion en anticoncepcion,2015-06-01,0,8,41,9,0,58
BELEN DE ANDAMARCA,"anticoncepcion, prevencion de its y de cancer de cuello uterino",numero de personas que recibieron orientacion en anticoncepcion,2015-06-01,0,2,4,2,3,11
BELEN DE URMIRI,"anticoncepcion, prevencion de its y de cancer de cuello uterino",numero de personas que recibieron orientacion en anticoncepcion,2015-06-01,0,0,3,0,0,3
BELLA FLOR,"anticoncepcion, prevencion de its y de cancer de cuello uterino",numero de personas que recibieron orientacion en anticoncepcion,2015-06-01,1,9,13,1,0,24
BERMEJO,"anticoncepcion, prevencion de its y de cancer de cuello uterino",numero de personas que recibieron orientacion en anticoncepcion,2015-06-01,1,39,293,148,26,507
BETANZOS,"anticoncepcion, prevencion de its y de cancer de cuello uterino",numero de personas que recibieron orientacion en anticoncepcion,2015-06-01,0,6,13,23,1,43
BOLIVAR,"anticoncepcion, prevencion de its y de cancer de cuello uterino",numero de personas que recibieron orientacion en anticoncepcion,2015-06-01,0,0,12,5,0,17
BOYUIBE,"anticoncepcion, prevencion de its y de cancer de cuello uterino",numero de personas que recibieron orientacion en anticoncepcion,2015-06-01,0,0,3,2,0,5
BUENA VISTA,"anticoncepcion, prevencion de its y de cancer de cuello uterino",numero de personas que recibieron orientacion en anticoncepcion,2015-06-01,0,9,27,6,0,42
CABEZAS,"anticoncepcion, prevencion de its y de cancer de cuello uterino",numero de personas que recibieron orientacion en anticoncepcion,2015-06-01,1,16,40,10,0,67
CAIROMA,"anticoncepcion, prevencion de its y de cancer de cuello uterino",numero de personas que recibieron orientacion en anticoncepcion,2015-06-01,0,3,16,2,0,21
"CAIZA ""D""","anticoncepcion, prevencion de its y de cancer de cuello uterino",numero de personas que recibieron orientacion en anticoncepcion,2015-06-01,0,2,42,20,7,71
CAJUATA,"anticoncepcion, prevencion de its y de cancer de cuello uterino",numero de personas que recibieron orientacion en anticoncepcion,2015-06-01,0,7,35,11,0,53
CALACOTO,"anticoncepcion, prevencion de its y de cancer de cuello uterino",numero de personas que recibieron orientacion en anticoncepcion,2015-06-01,0,0,2,0,0,2
CALAMARCA,"anticoncepcion, prevencion de its y de cancer de cuello uterino",numero de personas que recibieron orientacion en anticoncepcion,2015-06-01,0,6,17,4,0,27
CAMARGO,"anticoncepcion, prevencion de its y de cancer de cuello uterino",numero de personas que recibieron orientacion en anticoncepcion,2015-06-01,0,13,68,25,1,107
CAMATAQUI (C. VILLA ABECIA),"anticoncepcion, prevencion de its y de cancer de cuello uterino",numero de personas que recibieron orientacion en anticoncepcion,2015-06-01,0,0,4,1,0,5
CAMIRI,"anticoncepcion, prevencion de its y de cancer de cuello uterino",numero de personas que recibieron orientacion en anticoncepcion,2015-06-01,0,4,16,3,1,24
CAPINOTA,"anticoncepcion, prevencion de its y de cancer de cuello uterino",numero de personas que recibieron orientacion en anticoncepcion,2015-06-01,1,7,9,8,4,29
CAQUIAVIRI,"anticoncepcion, prevencion de its y de cancer de cuello uterino",numero de personas que recibieron orientacion en anticoncepcion,2015-06-01,0,0,1,0,0,1
CARACOLLO,"anticoncepcion, prevencion de its y de cancer de cuello uterino",numero de personas que recibieron orientacion en anticoncepcion,2015-06-01,0,4,52,20,1,77
CARANAVI,"anticoncepcion, prevencion de its y de cancer de cuello uterino",numero de personas que recibieron orientacion en anticoncepcion,2015-06-01,2,44,242,87,23,398
CARANGAS,"anticoncepcion, prevencion de its y de cancer de cuello uterino",numero de personas que recibieron orientacion en anticoncepcion,2015-06-01,0,0,2,0,0,2
CARAPARI,"anticoncepcion, prevencion de its y de cancer de cuello uterino",numero de personas que recibieron orientacion en anticoncepcion,2015-06-01,1,8,58,20,1,88
CARIPUYO,"anticoncepcion, prevencion de its y de cancer de cuello uterino",numero de personas que recibieron orientacion en anticoncepcion,2015-06-01,0,4,54,33,1,92
CARMEN RIVERO TORREZ,"anticoncepcion, prevencion de its y de cancer de cuello uterino",numero de personas que recibieron orientacion en anticoncepcion,2015-06-01,1,5,8,3,0,17
CHACARILLA,"anticoncepcion, prevencion de its y de cancer de cuello uterino",numero de personas que recibieron orientacion en anticoncepcion,2015-06-01,0,0,2,1,0,3
CHALLAPATA,"anticoncepcion, prevencion de its y de cancer de cuello uterino",numero de personas que recibieron orientacion en anticoncepcion,2015-06-01,0,28,134,33,0,195
CHAQUI,"anticoncepcion, prevencion de its y de cancer de cuello uterino",numero de personas que recibieron orientacion en anticoncepcion,2015-06-01,0,12,50,21,1,84
CHARAGUA,"anticoncepcion, prevencion de its y de cancer de cuello uterino",numero de personas que recibieron orientacion en anticoncepcion,2015-06-01,0,6,25,7,0,38
CHARAÑA,"anticoncepcion, prevencion de its y de cancer de cuello uterino",numero de personas que recibieron orientacion en anticoncepcion,2015-06-01,0,0,1,1,0,2
CHAYANTA,"anticoncepcion, prevencion de its y de cancer de cuello uterino",numero de personas que recibieron orientacion en anticoncepcion,2015-06-01,0,11,40,9,0,60
CHIMORE,"anticoncepcion, prevencion de its y de cancer de cuello uterino",numero de personas que recibieron orientacion en anticoncepcion,2015-06-01,0,27,146,34,1,208
CHIPAYA,"anticoncepcion, prevencion de its y de cancer de cuello uterino",numero de personas que recibieron orientacion en anticoncepcion,2015-06-01,0,4,4,2,0,10
CHOQUE COTA,"anticoncepcion, prevencion de its y de cancer de cuello uterino",numero de personas que recibieron orientacion en anticoncepcion,2015-06-01,0,0,3,4,0,7
CHUA COCANI,"anticoncepcion, prevencion de its y de cancer de cuello uterino",numero de personas que recibieron orientacion en anticoncepcion,2015-06-01,0,2,11,4,0,17
CHULUMANI (V. DE LA LIBERTAD),"anticoncepcion, prevencion de its y de cancer de cuello uterino",numero de personas que recibieron orientacion en anticoncepcion,2015-06-01,2,12,27,5,0,46
CHUMA,"anticoncepcion, prevencion de its y de cancer de cuello uterino",numero de personas que recibieron orientacion en anticoncepcion,2015-06-01,0,15,52,47,20,134
CHUQUIHUTA AYLLU JUCUMANI,"anticoncepcion, prevencion de its y de cancer de cuello uterino",numero de personas que recibieron orientacion en anticoncepcion,2015-06-01,0,1,14,3,0,18
CKOCHAS,"anticoncepcion, prevencion de its y de cancer de cuello uterino",numero de personas que recibieron orientacion en anticoncepcion,2015-06-01,0,9,44,51,0,104
CLIZA,"anticoncepcion, prevencion de its y de cancer de cuello uterino",numero de personas que recibieron orientacion en anticoncepcion,2015-06-01,0,26,169,49,7,251
COBIJA,"anticoncepcion, prevencion de its y de cancer de cuello uterino",numero de personas que recibieron orientacion en anticoncepcion,2015-06-01,4,41,253,78,20,396
COCAPATA,"anticoncepcion, prevencion de its y de cancer de cuello uterino",numero de personas que recibieron orientacion en anticoncepcion,2015-06-01,3,18,93,47,0,161
COCHABAMBA,"anticoncepcion, prevencion de its y de cancer de cuello uterino",numero de personas que recibieron orientacion en anticoncepcion,2015-06-01,35,465,2847,584,19,3950
COIPASA,"anticoncepcion, prevencion de its y de cancer de cuello uterino",numero de personas que recibieron orientacion en anticoncepcion,2015-06-01,0,0,11,3,0,14
COLCAPIRHUA,"anticoncepcion, prevencion de its y de cancer de cuello uterino",numero de personas que recibieron orientacion en anticoncepcion,2015-06-01,0,50,692,99,11,852
"COLCHA ""K""","anticoncepcion, prevencion de its y de cancer de cuello uterino",numero de personas que recibieron orientacion en anticoncepcion,2015-06-01,0,6,13,5,1,25
COLLANA,"anticoncepcion, prevencion de its y de cancer de cuello uterino",numero de personas que recibieron orientacion en anticoncepcion,2015-06-01,0,3,8,2,0,13
COLOMI,"anticoncepcion, prevencion de its y de cancer de cuello uterino",numero de personas que recibieron orientacion en anticoncepcion,2015-06-01,4,24,89,13,0,130
COLPA BELGICA,"anticoncepcion, prevencion de its y de cancer de cuello uterino",numero de personas que recibieron orientacion en anticoncepcion,2015-06-01,0,5,4,1,0,10
COLQUECHACA,"anticoncepcion, prevencion de its y de cancer de cuello uterino",numero de personas que recibieron orientacion en anticoncepcion,2015-06-01,0,3,26,11,0,40
COLQUENCHA,"anticoncepcion, prevencion de its y de cancer de cuello uterino",numero de personas que recibieron orientacion en anticoncepcion,2015-06-01,0,1,2,0,0,3
COLQUIRI,"anticoncepcion, prevencion de its y de cancer de cuello uterino",numero de personas que recibieron orientacion en anticoncepcion,2015-06-01,0,9,24,9,1,43
COMANCHE,"anticoncepcion, prevencion de its y de cancer de cuello uterino",numero de personas que recibieron orientacion en anticoncepcion,2015-06-01,0,0,1,1,0,2
COMARAPA,"anticoncepcion, prevencion de its y de cancer de cuello uterino",numero de personas que recibieron orientacion en anticoncepcion,2015-06-01,0,16,44,14,0,74
COMBAYA,"anticoncepcion, prevencion de its y de cancer de cuello uterino",numero de personas que recibieron orientacion en anticoncepcion,2015-06-01,0,0,1,0,0,1
CONCEPCION,"anticoncepcion, prevencion de its y de cancer de cuello uterino",numero de personas que recibieron orientacion en anticoncepcion,2015-06-01,1,4,15,6,0,26
COPACABANA,"anticoncepcion, prevencion de its y de cancer de cuello uterino",numero de personas que recibieron orientacion en anticoncepcion,2015-06-01,0,2,68,16,0,86
CORIPATA,"anticoncepcion, prevencion de its y de cancer de cuello uterino",numero de personas que recibieron orientacion en anticoncepcion,2015-06-01,0,3,15,1,0,19
CORO CORO,"anticoncepcion, prevencion de its y de cancer de cuello uterino",numero de personas que recibieron orientacion en anticoncepcion,2015-06-01,0,2,5,4,0,11
COROICO,"anticoncepcion, prevencion de its y de cancer de cuello uterino",numero de personas que recibieron orientacion en anticoncepcion,2015-06-01,0,0,12,1,0,13
CORQUE,"anticoncepcion, prevencion de its y de cancer de cuello uterino",numero de personas que recibieron orientacion en anticoncepcion,2015-06-01,0,5,19,5,0,29
COTAGAITA,"anticoncepcion, prevencion de its y de cancer de cuello uterino",numero de personas que recibieron orientacion en anticoncepcion,2015-06-01,0,8,37,18,1,64
COTOCA,"anticoncepcion, prevencion de its y de cancer de cuello uterino",numero de personas que recibieron orientacion en anticoncepcion,2015-06-01,0,15,87,14,3,119
CRUZ DE MACHACAMARCA,"anticoncepcion, prevencion de its y de cancer de cuello uterino",numero de personas que recibieron orientacion en anticoncepcion,2015-06-01,0,0,7,0,1,8
CUATRO CAÑADAS,"anticoncepcion, prevencion de its y de cancer de cuello uterino",numero de personas que recibieron orientacion en anticoncepcion,2015-06-01,5,19,86,19,3,132
CUCHUMUELA (V. G. VILLARROEL),"anticoncepcion, prevencion de its y de cancer de cuello uterino",numero de personas que recibieron orientacion en anticoncepcion,2015-06-01,0,0,4,1,0,5
CUEVO,"anticoncepcion, prevencion de its y de cancer de cuello uterino",numero de personas que recibieron orientacion en anticoncepcion,2015-06-01,0,2,3,0,0,5
CULPINA,"anticoncepcion, prevencion de its y de cancer de cuello uterino",numero de personas que recibieron orientacion en anticoncepcion,2015-06-01,0,8,40,39,5,92
CURAHUARA DE CARANGAS,"anticoncepcion, prevencion de its y de cancer de cuello uterino",numero de personas que recibieron orientacion en anticoncepcion,2015-06-01,0,23,10,0,1,34
CURVA,"anticoncepcion, prevencion de its y de cancer de cuello uterino",numero de personas que recibieron orientacion en anticoncepcion,2015-06-01,0,3,22,13,1,39
DESAGUADERO,"anticoncepcion, prevencion de its y de cancer de cuello uterino",numero de personas que recibieron orientacion en anticoncepcion,2015-06-01,0,1,5,1,0,7
EL ALTO,"anticoncepcion, prevencion de its y de cancer de cuello uterino",numero de personas que recibieron orientacion en anticoncepcion,2015-06-01,4,308,2308,814,74,3508
EL CHORO,"anticoncepcion, prevencion de its y de cancer de cuello uterino",numero de personas que recibieron orientacion en anticoncepcion,2015-06-01,0,1,13,6,0,20
EL PUENTE(STC),"anticoncepcion, prevencion de its y de cancer de cuello uterino",numero de personas que recibieron orientacion en anticoncepcion,2015-06-01,1,10,34,16,0,61
EL PUENTE(TJA),"anticoncepcion, prevencion de its y de cancer de cuello uterino",numero de personas que recibieron orientacion en anticoncepcion,2015-06-01,0,3,41,24,3,71
EL TORNO,"anticoncepcion, prevencion de its y de cancer de cuello uterino",numero de personas que recibieron orientacion en anticoncepcion,2015-06-01,3,19,61,19,1,103
EL VILLAR,"anticoncepcion, prevencion de its y de cancer de cuello uterino",numero de personas que recibieron orientacion en anticoncepcion,2015-06-01,0,3,3,0,0,6
ENTRE RIOS TRJ,"anticoncepcion, prevencion de its y de cancer de cuello uterino",numero de personas que recibieron orientacion en anticoncepcion,2015-06-01,2,23,57,9,0,91
ENTRE RIOS CBBA,"anticoncepcion, prevencion de its y de cancer de cuello uterino",numero de personas que recibieron orientacion en anticoncepcion,2015-06-01,2,11,72,18,0,103
ESCOMA,"anticoncepcion, prevencion de its y de cancer de cuello uterino",numero de personas que recibieron orientacion en anticoncepcion,2015-06-01,0,1,13,4,0,18
ESMERALDA,"anticoncepcion, prevencion de its y de cancer de cuello uterino",numero de personas que recibieron orientacion en anticoncepcion,2015-06-01,0,1,1,0,0,2
EUCALIPTUS,"anticoncepcion, prevencion de its y de cancer de cuello uterino",numero de personas que recibieron orientacion en anticoncepcion,2015-06-01,0,2,6,1,0,9
EUREKA (SANTOS MERCADO),"anticoncepcion, prevencion de its y de cancer de cuello uterino",numero de personas que recibieron orientacion en anticoncepcion,2015-06-01,1,11,8,2,0,22
EXALTACION,"anticoncepcion, prevencion de its y de cancer de cuello uterino",numero de personas que recibieron orientacion en anticoncepcion,2015-06-01,0,1,2,0,0,3
FERNANDEZ ALONSO,"anticoncepcion, prevencion de its y de cancer de cuello uterino",numero de personas que recibieron orientacion en anticoncepcion,2015-06-01,0,10,35,6,2,53
FILADELFIA,"anticoncepcion, prevencion de its y de cancer de cuello uterino",numero de personas que recibieron orientacion en anticoncepcion,2015-06-01,1,4,13,3,0,21
GENERAL SAAVEDRA,"anticoncepcion, prevencion de its y de cancer de cuello uterino",numero de personas que recibieron orientacion en anticoncepcion,2015-06-01,2,22,50,14,0,88
GRAL. J.J. PEREZ (CHARAZANI),"anticoncepcion, prevencion de its y de cancer de cuello uterino",numero de personas que recibieron orientacion en anticoncepcion,2015-06-01,1,3,42,22,6,74
GUANAY,"anticoncepcion, prevencion de its y de cancer de cuello uterino",numero de personas que recibieron orientacion en anticoncepcion,2015-06-01,1,9,32,5,0,47
GUAQUI,"anticoncepcion, prevencion de its y de cancer de cuello uterino",numero de personas que recibieron orientacion en anticoncepcion,2015-06-01,0,1,15,3,0,19
GUAYARAMERIN,"anticoncepcion, prevencion de its y de cancer de cuello uterino",numero de personas que recibieron orientacion en anticoncepcion,2015-06-01,5,87,249,39,6,386
GUTIERREZ,"anticoncepcion, prevencion de its y de cancer de cuello uterino",numero de personas que recibieron orientacion en anticoncepcion,2015-06-01,0,3,6,3,0,12
HUACARETA,"anticoncepcion, prevencion de its y de cancer de cuello uterino",numero de personas que recibieron orientacion en anticoncepcion,2015-06-01,1,10,17,8,0,36
HUACAYA (VILLA DE HUACAYA),"anticoncepcion, prevencion de its y de cancer de cuello uterino",numero de personas que recibieron orientacion en anticoncepcion,2015-06-01,0,0,15,2,0,17
HUACHACALLA,"anticoncepcion, prevencion de its y de cancer de cuello uterino",numero de personas que recibieron orientacion en anticoncepcion,2015-06-01,0,4,9,2,0,15
HUANUNI,"anticoncepcion, prevencion de its y de cancer de cuello uterino",numero de personas que recibieron orientacion en anticoncepcion,2015-06-01,2,6,217,164,7,396
HUARACAJE,"anticoncepcion, prevencion de its y de cancer de cuello uterino",numero de personas que recibieron orientacion en anticoncepcion,2015-06-01,4,5,34,13,0,56
HUARINA,"anticoncepcion, prevencion de its y de cancer de cuello uterino",numero de personas que recibieron orientacion en anticoncepcion,2015-06-01,0,1,7,2,0,10
HUATAJATA,"anticoncepcion, prevencion de its y de cancer de cuello uterino",numero de personas que recibieron orientacion en anticoncepcion,2015-06-01,0,1,3,2,0,6
HUAYLLAMARCA,"anticoncepcion, prevencion de its y de cancer de cuello uterino",numero de personas que recibieron orientacion en anticoncepcion,2015-06-01,0,4,7,11,0,22
ICHOCA,"anticoncepcion, prevencion de its y de cancer de cuello uterino",numero de personas que recibieron orientacion en anticoncepcion,2015-06-01,0,0,7,4,0,11
ICLA,"anticoncepcion, prevencion de its y de cancer de cuello uterino",numero de personas que recibieron orientacion en anticoncepcion,2015-06-01,1,7,47,72,23,150
INCAHUASI,"anticoncepcion, prevencion de its y de cancer de cuello uterino",numero de personas que recibieron orientacion en anticoncepcion,2015-06-01,0,6,11,8,1,26
INGAVI (HUMAITA),"anticoncepcion, prevencion de its y de cancer de cuello uterino",numero de personas que recibieron orientacion en anticoncepcion,2015-06-01,0,1,2,0,0,3
INQUISIVI,"anticoncepcion, prevencion de its y de cancer de cuello uterino",numero de personas que recibieron orientacion en anticoncepcion,2015-06-01,0,1,10,3,0,14
IRUPANA (VILLA DE LANZA),"anticoncepcion, prevencion de its y de cancer de cuello uterino",numero de personas que recibieron orientacion en anticoncepcion,2015-06-01,0,3,21,12,0,36
IXIAMAS,"anticoncepcion, prevencion de its y de cancer de cuello uterino",numero de personas que recibieron orientacion en anticoncepcion,2015-06-01,1,5,24,4,0,34
JESUS DE MACHACA,"anticoncepcion, prevencion de its y de cancer de cuello uterino",numero de personas que recibieron orientacion en anticoncepcion,2015-06-01,0,2,24,15,1,42
LA ASUNTA,"anticoncepcion, prevencion de its y de cancer de cuello uterino",numero de personas que recibieron orientacion en anticoncepcion,2015-06-01,0,9,33,6,0,48
LA GUARDIA,"anticoncepcion, prevencion de its y de cancer de cuello uterino",numero de personas que recibieron orientacion en anticoncepcion,2015-06-01,0,50,132,53,1,236
LA PAZ,"anticoncepcion, prevencion de its y de cancer de cuello uterino",numero de personas que recibieron orientacion en anticoncepcion,2015-06-01,4,184,1560,483,34,2265
LAGUNILLAS,"anticoncepcion, prevencion de its y de cancer de cuello uterino",numero de personas que recibieron orientacion en anticoncepcion,2015-06-01,0,2,16,9,0,27
LAJA,"anticoncepcion, prevencion de its y de cancer de cuello uterino",numero de personas que recibieron orientacion en anticoncepcion,2015-06-01,0,4,15,6,3,28
LAS CARRERAS,"anticoncepcion, prevencion de its y de cancer de cuello uterino",numero de personas que recibieron orientacion en anticoncepcion,2015-06-01,0,1,20,5,0,26
LICOMA PAMPA,"anticoncepcion, prevencion de its y de cancer de cuello uterino",numero de personas que recibieron orientacion en anticoncepcion,2015-06-01,1,0,4,0,0,5
LLALLAGUA,"anticoncepcion, prevencion de its y de cancer de cuello uterino",numero de personas que recibieron orientacion en anticoncepcion,2015-06-01,0,39,307,159,40,545
LLICA,"anticoncepcion, prevencion de its y de cancer de cuello uterino",numero de personas que recibieron orientacion en anticoncepcion,2015-06-01,0,2,1,0,0,3
LORETO,"anticoncepcion, prevencion de its y de cancer de cuello uterino",numero de personas que recibieron orientacion en anticoncepcion,2015-06-01,1,1,22,3,0,27
LURIBAY,"anticoncepcion, prevencion de its y de cancer de cuello uterino",numero de personas que recibieron orientacion en anticoncepcion,2015-06-01,0,1,10,11,0,22
MACHARETI,"anticoncepcion, prevencion de its y de cancer de cuello uterino",numero de personas que recibieron orientacion en anticoncepcion,2015-06-01,0,11,22,7,2,42
MAGDALENA,"anticoncepcion, prevencion de its y de cancer de cuello uterino",numero de personas que recibieron orientacion en anticoncepcion,2015-06-01,1,8,34,10,0,53
MAIRANA,"anticoncepcion, prevencion de its y de cancer de cuello uterino",numero de personas que recibieron orientacion en anticoncepcion,2015-06-01,1,12,19,3,0,35
MAPIRI,"anticoncepcion, prevencion de its y de cancer de cuello uterino",numero de personas que recibieron orientacion en anticoncepcion,2015-06-01,0,3,17,4,0,24
MECAPACA,"anticoncepcion, prevencion de its y de cancer de cuello uterino",numero de personas que recibieron orientacion en anticoncepcion,2015-06-01,0,1,25,18,4,48
MINEROS,"anticoncepcion, prevencion de its y de cancer de cuello uterino",numero de personas que recibieron orientacion en anticoncepcion,2015-06-01,0,15,48,12,0,75
MIZQUE,"anticoncepcion, prevencion de its y de cancer de cuello uterino",numero de personas que recibieron orientacion en anticoncepcion,2015-06-01,5,15,70,36,17,143
MOCOMOCO,"anticoncepcion, prevencion de its y de cancer de cuello uterino",numero de personas que recibieron orientacion en anticoncepcion,2015-06-01,0,6,15,9,0,30
MOJINETE,"anticoncepcion, prevencion de its y de cancer de cuello uterino",numero de personas que recibieron orientacion en anticoncepcion,2015-06-01,0,0,4,2,0,6
MOJOCOYA,"anticoncepcion, prevencion de its y de cancer de cuello uterino",numero de personas que recibieron orientacion en anticoncepcion,2015-06-01,2,6,37,24,5,74
MONTEAGUDO,"anticoncepcion, prevencion de its y de cancer de cuello uterino",numero de personas que recibieron orientacion en anticoncepcion,2015-06-01,4,28,98,73,12,215
MONTERO,"anticoncepcion, prevencion de its y de cancer de cuello uterino",numero de personas que recibieron orientacion en anticoncepcion,2015-06-01,6,60,259,69,10,404
MORO MORO,"anticoncepcion, prevencion de its y de cancer de cuello uterino",numero de personas que recibieron orientacion en anticoncepcion,2015-06-01,0,0,0,0,1,1
MOROCHATA,"anticoncepcion, prevencion de its y de cancer de cuello uterino",numero de personas que recibieron orientacion en anticoncepcion,2015-06-01,4,29,52,30,0,115
NACEBE (SANTA ROSA DEL ABUNA),"anticoncepcion, prevencion de its y de cancer de cuello uterino",numero de personas que recibieron orientacion en anticoncepcion,2015-06-01,0,0,4,0,0,4
NUEVO MANOA (NUEVA ESPERANZA),"anticoncepcion, prevencion de its y de cancer de cuello uterino",numero de personas que recibieron orientacion en anticoncepcion,2015-06-01,0,2,10,0,0,12
OCURI,"anticoncepcion, prevencion de its y de cancer de cuello uterino",numero de personas que recibieron orientacion en anticoncepcion,2015-06-01,0,6,29,20,0,55
OKINAWA,"anticoncepcion, prevencion de its y de cancer de cuello uterino",numero de personas que recibieron orientacion en anticoncepcion,2015-06-01,0,10,24,8,3,45
OMEREQUE,"anticoncepcion, prevencion de its y de cancer de cuello uterino",numero de personas que recibieron orientacion en anticoncepcion,2015-06-01,0,8,23,10,0,41
ORURO,"anticoncepcion, prevencion de its y de cancer de cuello uterino",numero de personas que recibieron orientacion en anticoncepcion,2015-06-01,4,187,1167,418,63,1839
PADCAYA,"anticoncepcion, prevencion de its y de cancer de cuello uterino",numero de personas que recibieron orientacion en anticoncepcion,2015-06-01,0,32,76,54,0,162
PADILLA,"anticoncepcion, prevencion de its y de cancer de cuello uterino",numero de personas que recibieron orientacion en anticoncepcion,2015-06-01,0,12,51,47,0,110
PAILON,"anticoncepcion, prevencion de its y de cancer de cuello uterino",numero de personas que recibieron orientacion en anticoncepcion,2015-06-01,15,77,121,32,0,245
PALCA,"anticoncepcion, prevencion de its y de cancer de cuello uterino",numero de personas que recibieron orientacion en anticoncepcion,2015-06-01,0,6,31,11,0,48
PALOS BLANCOS,"anticoncepcion, prevencion de its y de cancer de cuello uterino",numero de personas que recibieron orientacion en anticoncepcion,2015-06-01,1,10,83,37,3,134
PAMPA AULLAGAS,"anticoncepcion, prevencion de its y de cancer de cuello uterino",numero de personas que recibieron orientacion en anticoncepcion,2015-06-01,0,0,4,4,0,8
PAMPA GRANDE,"anticoncepcion, prevencion de its y de cancer de cuello uterino",numero de personas que recibieron orientacion en anticoncepcion,2015-06-01,0,4,8,5,0,17
PAPEL PAMPA,"anticoncepcion, prevencion de its y de cancer de cuello uterino",numero de personas que recibieron orientacion en anticoncepcion,2015-06-01,0,3,19,7,1,30
PASORAPA,"anticoncepcion, prevencion de its y de cancer de cuello uterino",numero de personas que recibieron orientacion en anticoncepcion,2015-06-01,1,3,19,18,7,48
PATACAMAYA,"anticoncepcion, prevencion de its y de cancer de cuello uterino",numero de personas que recibieron orientacion en anticoncepcion,2015-06-01,0,0,8,1,0,9
PAZÑA,"anticoncepcion, prevencion de its y de cancer de cuello uterino",numero de personas que recibieron orientacion en anticoncepcion,2015-06-01,0,2,36,18,3,59
PELECHUCO,"anticoncepcion, prevencion de its y de cancer de cuello uterino",numero de personas que recibieron orientacion en anticoncepcion,2015-06-01,1,2,13,7,0,23
POCOATA,"anticoncepcion, prevencion de its y de cancer de cuello uterino",numero de personas que recibieron orientacion en anticoncepcion,2015-06-01,3,21,41,15,4,84
POCONA,"anticoncepcion, prevencion de its y de cancer de cuello uterino",numero de personas que recibieron orientacion en anticoncepcion,2015-06-01,1,19,77,24,3,124
POJO (CBBA),"anticoncepcion, prevencion de its y de cancer de cuello uterino",numero de personas que recibieron orientacion en anticoncepcion,2015-06-01,1,11,28,7,1,48
POOPO,"anticoncepcion, prevencion de its y de cancer de cuello uterino",numero de personas que recibieron orientacion en anticoncepcion,2015-06-01,0,0,5,1,1,7
PORCO,"anticoncepcion, prevencion de its y de cancer de cuello uterino",numero de personas que recibieron orientacion en anticoncepcion,2015-06-01,0,7,26,6,0,39
POROMA,"anticoncepcion, prevencion de its y de cancer de cuello uterino",numero de personas que recibieron orientacion en anticoncepcion,2015-06-01,1,5,40,13,0,59
PORONGO,"anticoncepcion, prevencion de its y de cancer de cuello uterino",numero de personas que recibieron orientacion en anticoncepcion,2015-06-01,0,10,33,5,2,50
PORTACHUELO,"anticoncepcion, prevencion de its y de cancer de cuello uterino",numero de personas que recibieron orientacion en anticoncepcion,2015-06-01,0,0,14,1,0,15
PORVENIR,"anticoncepcion, prevencion de its y de cancer de cuello uterino",numero de personas que recibieron orientacion en anticoncepcion,2015-06-01,0,1,0,0,0,1
POSTRER VALLE,"anticoncepcion, prevencion de its y de cancer de cuello uterino",numero de personas que recibieron orientacion en anticoncepcion,2015-06-01,0,0,2,0,0,2
POTOSI,"anticoncepcion, prevencion de its y de cancer de cuello uterino",numero de personas que recibieron orientacion en anticoncepcion,2015-06-01,0,60,568,126,2,756
PRESTO,"anticoncepcion, prevencion de its y de cancer de cuello uterino",numero de personas que recibieron orientacion en anticoncepcion,2015-06-01,0,12,58,28,3,101
PUCARA,"anticoncepcion, prevencion de its y de cancer de cuello uterino",numero de personas que recibieron orientacion en anticoncepcion,2015-06-01,0,1,2,0,0,3
PUCARANI,"anticoncepcion, prevencion de its y de cancer de cuello uterino",numero de personas que recibieron orientacion en anticoncepcion,2015-06-01,0,6,40,21,0,67
PUERTO ACOSTA,"anticoncepcion, prevencion de its y de cancer de cuello uterino",numero de personas que recibieron orientacion en anticoncepcion,2015-06-01,0,5,8,5,1,19
PUERTO CARABUCO,"anticoncepcion, prevencion de its y de cancer de cuello uterino",numero de personas que recibieron orientacion en anticoncepcion,2015-06-01,0,1,6,4,0,11
PUERTO GONZALO MORENO,"anticoncepcion, prevencion de its y de cancer de cuello uterino",numero de personas que recibieron orientacion en anticoncepcion,2015-06-01,1,12,31,4,0,48
PUERTO PEREZ,"anticoncepcion, prevencion de its y de cancer de cuello uterino",numero de personas que recibieron orientacion en anticoncepcion,2015-06-01,0,6,11,9,0,26
PUERTO QUIJARRO,"anticoncepcion, prevencion de its y de cancer de cuello uterino",numero de personas que recibieron orientacion en anticoncepcion,2015-06-01,6,23,29,8,0,66
PUERTO RICO,"anticoncepcion, prevencion de its y de cancer de cuello uterino",numero de personas que recibieron orientacion en anticoncepcion,2015-06-01,0,4,20,0,0,24
PUERTO SILES,"anticoncepcion, prevencion de its y de cancer de cuello uterino",numero de personas que recibieron orientacion en anticoncepcion,2015-06-01,0,0,10,1,0,11
PUERTO SUAREZ,"anticoncepcion, prevencion de its y de cancer de cuello uterino",numero de personas que recibieron orientacion en anticoncepcion,2015-06-01,0,10,29,2,0,41
PUERTO VILLARROEL,"anticoncepcion, prevencion de its y de cancer de cuello uterino",numero de personas que recibieron orientacion en anticoncepcion,2015-06-01,4,53,154,35,0,246
PUNA,"anticoncepcion, prevencion de its y de cancer de cuello uterino",numero de personas que recibieron orientacion en anticoncepcion,2015-06-01,0,9,58,42,13,122
PUNATA,"anticoncepcion, prevencion de its y de cancer de cuello uterino",numero de personas que recibieron orientacion en anticoncepcion,2015-06-01,0,7,78,23,5,113
QUIABAYA,"anticoncepcion, prevencion de its y de cancer de cuello uterino",numero de personas que recibieron orientacion en anticoncepcion,2015-06-01,1,1,2,2,2,8
QUILLACOLLO,"anticoncepcion, prevencion de its y de cancer de cuello uterino",numero de personas que recibieron orientacion en anticoncepcion,2015-06-01,16,296,1092,247,5,1656
QUIME,"anticoncepcion, prevencion de its y de cancer de cuello uterino",numero de personas que recibieron orientacion en anticoncepcion,2015-06-01,0,2,13,2,0,17
QUIRUSILLAS,"anticoncepcion, prevencion de its y de cancer de cuello uterino",numero de personas que recibieron orientacion en anticoncepcion,2015-06-01,0,2,4,5,1,12
RAVELO,"anticoncepcion, prevencion de its y de cancer de cuello uterino",numero de personas que recibieron orientacion en anticoncepcion,2015-06-01,1,8,38,56,17,120
REYES,"anticoncepcion, prevencion de its y de cancer de cuello uterino",numero de personas que recibieron orientacion en anticoncepcion,2015-06-01,3,28,77,30,0,138
RIBERALTA,"anticoncepcion, prevencion de its y de cancer de cuello uterino",numero de personas que recibieron orientacion en anticoncepcion,2015-06-01,98,289,1043,268,19,1717
ROBORE,"anticoncepcion, prevencion de its y de cancer de cuello uterino",numero de personas que recibieron orientacion en anticoncepcion,2015-06-01,1,24,54,14,0,93
RURRENABAQUE,"anticoncepcion, prevencion de its y de cancer de cuello uterino",numero de personas que recibieron orientacion en anticoncepcion,2015-06-01,2,23,92,15,6,138
SABAYA,"anticoncepcion, prevencion de its y de cancer de cuello uterino",numero de personas que recibieron orientacion en anticoncepcion,2015-06-01,0,0,11,3,3,17
SACABA,"anticoncepcion, prevencion de its y de cancer de cuello uterino",numero de personas que recibieron orientacion en anticoncepcion,2015-06-01,8,293,576,186,3,1066
SACABAMBA,"anticoncepcion, prevencion de its y de cancer de cuello uterino",numero de personas que recibieron orientacion en anticoncepcion,2015-06-01,0,0,8,10,2,20
SACACA,"anticoncepcion, prevencion de its y de cancer de cuello uterino",numero de personas que recibieron orientacion en anticoncepcion,2015-06-01,1,16,173,105,15,310
SAIPINA,"anticoncepcion, prevencion de its y de cancer de cuello uterino",numero de personas que recibieron orientacion en anticoncepcion,2015-06-01,0,0,2,0,0,2
SALINAS DE GARCI MENDOZA,"anticoncepcion, prevencion de its y de cancer de cuello uterino",numero de personas que recibieron orientacion en anticoncepcion,2015-06-01,0,20,59,14,0,93
SAMAIPATA,"anticoncepcion, prevencion de its y de cancer de cuello uterino",numero de personas que recibieron orientacion en anticoncepcion,2015-06-01,1,4,17,3,0,25
SAN AGUSTIN,"anticoncepcion, prevencion de its y de cancer de cuello uterino",numero de personas que recibieron orientacion en anticoncepcion,2015-06-01,0,3,3,0,0,6
SAN ANDRES,"anticoncepcion, prevencion de its y de cancer de cuello uterino",numero de personas que recibieron orientacion en anticoncepcion,2015-06-01,4,25,85,20,0,134
SAN ANDRES DE MACHACA,"anticoncepcion, prevencion de its y de cancer de cuello uterino",numero de personas que recibieron orientacion en anticoncepcion,2015-06-01,0,1,14,6,3,24
SAN ANTONIO DE ESMORUCO,"anticoncepcion, prevencion de its y de cancer de cuello uterino",numero de personas que recibieron orientacion en anticoncepcion,2015-06-01,0,0,6,0,0,6
SAN ANTONIO DE LOMERIO,"anticoncepcion, prevencion de its y de cancer de cuello uterino",numero de personas que recibieron orientacion en anticoncepcion,2015-06-01,10,12,9,3,0,34
SAN BENITO,"anticoncepcion, prevencion de its y de cancer de cuello uterino",numero de personas que recibieron orientacion en anticoncepcion,2015-06-01,0,7,42,11,0,60
SAN BORJA,"anticoncepcion, prevencion de its y de cancer de cuello uterino",numero de personas que recibieron orientacion en anticoncepcion,2015-06-01,2,41,98,31,1,173
SAN BUENA VENTURA,"anticoncepcion, prevencion de its y de cancer de cuello uterino",numero de personas que recibieron orientacion en anticoncepcion,2015-06-01,0,5,38,1,0,44
SAN CARLOS,"anticoncepcion, prevencion de its y de cancer de cuello uterino",numero de personas que recibieron orientacion en anticoncepcion,2015-06-01,1,35,158,54,4,252
SAN IGNACIO,"anticoncepcion, prevencion de its y de cancer de cuello uterino",numero de personas que recibieron orientacion en anticoncepcion,2015-06-01,2,27,165,66,2,262
SAN IGNACIO DE VELASCO,"anticoncepcion, prevencion de its y de cancer de cuello uterino",numero de personas que recibieron orientacion en anticoncepcion,2015-06-01,2,42,203,60,3,310
SAN JAVIER(BNI),"anticoncepcion, prevencion de its y de cancer de cuello uterino",numero de personas que recibieron orientacion en anticoncepcion,2015-06-01,0,11,41,13,2,67
SAN JAVIER(STC),"anticoncepcion, prevencion de its y de cancer de cuello uterino",numero de personas que recibieron orientacion en anticoncepcion,2015-06-01,0,3,10,5,0,18
SAN JOSE DE CHIQUITOS,"anticoncepcion, prevencion de its y de cancer de cuello uterino",numero de personas que recibieron orientacion en anticoncepcion,2015-06-01,0,54,87,25,1,167
SAN JUAN DE YAPACANI,"anticoncepcion, prevencion de its y de cancer de cuello uterino",numero de personas que recibieron orientacion en anticoncepcion,2015-06-01,0,18,49,19,2,88
SAN JULIAN,"anticoncepcion, prevencion de its y de cancer de cuello uterino",numero de personas que recibieron orientacion en anticoncepcion,2015-06-01,2,46,150,60,3,261
SAN LORENZO(PND),"anticoncepcion, prevencion de its y de cancer de cuello uterino",numero de personas que recibieron orientacion en anticoncepcion,2015-06-01,8,11,18,2,0,39
SAN LORENZO(TJA),"anticoncepcion, prevencion de its y de cancer de cuello uterino",numero de personas que recibieron orientacion en anticoncepcion,2015-06-01,0,7,19,9,1,36
SAN LUCAS,"anticoncepcion, prevencion de its y de cancer de cuello uterino",numero de personas que recibieron orientacion en anticoncepcion,2015-06-01,0,36,133,81,8,258
SAN MATIAS,"anticoncepcion, prevencion de its y de cancer de cuello uterino",numero de personas que recibieron orientacion en anticoncepcion,2015-06-01,0,6,41,8,0,55
SAN MIGUEL DE VELASCO,"anticoncepcion, prevencion de its y de cancer de cuello uterino",numero de personas que recibieron orientacion en anticoncepcion,2015-06-01,3,19,64,21,2,109
SAN PABLO DE LIPEZ,"anticoncepcion, prevencion de its y de cancer de cuello uterino",numero de personas que recibieron orientacion en anticoncepcion,2015-06-01,0,0,2,1,0,3
SAN PEDRO,"anticoncepcion, prevencion de its y de cancer de cuello uterino",numero de personas que recibieron orientacion en anticoncepcion,2015-06-01,0,4,45,13,2,64
SAN PEDRO DE BUENA VISTA,"anticoncepcion, prevencion de its y de cancer de cuello uterino",numero de personas que recibieron orientacion en anticoncepcion,2015-06-01,0,23,90,64,16,193
SAN PEDRO DE CURAHUARA,"anticoncepcion, prevencion de its y de cancer de cuello uterino",numero de personas que recibieron orientacion en anticoncepcion,2015-06-01,0,0,4,4,0,8
SAN PEDRO DE QUEMES,"anticoncepcion, prevencion de its y de cancer de cuello uterino",numero de personas que recibieron orientacion en anticoncepcion,2015-06-01,1,0,2,0,0,3
SAN PEDRO DE TIQUINA,"anticoncepcion, prevencion de its y de cancer de cuello uterino",numero de personas que recibieron orientacion en anticoncepcion,2015-06-01,0,2,25,8,2,37
SAN PEDRO(PND),"anticoncepcion, prevencion de its y de cancer de cuello uterino",numero de personas que recibieron orientacion en anticoncepcion,2015-06-01,0,2,0,1,0,3
SAN RAFAEL,"anticoncepcion, prevencion de its y de cancer de cuello uterino",numero de personas que recibieron orientacion en anticoncepcion,2015-06-01,5,18,71,34,4,132
SAN RAMON BENI,"anticoncepcion, prevencion de its y de cancer de cuello uterino",numero de personas que recibieron orientacion en anticoncepcion,2015-06-01,0,1,7,7,1,16
SANTA ANA,"anticoncepcion, prevencion de its y de cancer de cuello uterino",numero de personas que recibieron orientacion en anticoncepcion,2015-06-01,9,25,68,15,2,119
SANTA CRUZ DE LA SIERRA,"anticoncepcion, prevencion de its y de cancer de cuello uterino",numero de personas que recibieron orientacion en anticoncepcion,2015-06-01,56,581,1776,598,11,3022
SANTA ROSA,"anticoncepcion, prevencion de its y de cancer de cuello uterino",numero de personas que recibieron orientacion en anticoncepcion,2015-06-01,0,3,15,0,0,18
SANTA ROSA DEL SARA,"anticoncepcion, prevencion de its y de cancer de cuello uterino",numero de personas que recibieron orientacion en anticoncepcion,2015-06-01,15,11,22,9,0,57
SANTIAGO DE CALLAPA,"anticoncepcion, prevencion de its y de cancer de cuello uterino",numero de personas que recibieron orientacion en anticoncepcion,2015-06-01,0,1,1,1,0,3
SANTIAGO DE HUARI,"anticoncepcion, prevencion de its y de cancer de cuello uterino",numero de personas que recibieron orientacion en anticoncepcion,2015-06-01,0,5,30,9,0,44
SANTIAGO DE HUATA,"anticoncepcion, prevencion de its y de cancer de cuello uterino",numero de personas que recibieron orientacion en anticoncepcion,2015-06-01,0,2,5,7,1,15
SANTIAGO DE MACHACA,"anticoncepcion, prevencion de its y de cancer de cuello uterino",numero de personas que recibieron orientacion en anticoncepcion,2015-06-01,0,1,0,3,0,4
SANTIVAÑES,"anticoncepcion, prevencion de its y de cancer de cuello uterino",numero de personas que recibieron orientacion en anticoncepcion,2015-06-01,0,3,11,2,0,16
SANTUARIO DE QUILLACAS,"anticoncepcion, prevencion de its y de cancer de cuello uterino",numero de personas que recibieron orientacion en anticoncepcion,2015-06-01,0,1,34,10,0,45
SAPAHAQUI,"anticoncepcion, prevencion de its y de cancer de cuello uterino",numero de personas que recibieron orientacion en anticoncepcion,2015-06-01,0,1,5,1,0,7
SENA,"anticoncepcion, prevencion de its y de cancer de cuello uterino",numero de personas que recibieron orientacion en anticoncepcion,2015-06-01,0,12,23,4,0,39
SHINAOTA,"anticoncepcion, prevencion de its y de cancer de cuello uterino",numero de personas que recibieron orientacion en anticoncepcion,2015-06-01,0,13,34,10,0,57
SICA SICA (VILLA AROMA),"anticoncepcion, prevencion de its y de cancer de cuello uterino",numero de personas que recibieron orientacion en anticoncepcion,2015-06-01,1,5,12,3,0,21
SICAYA,"anticoncepcion, prevencion de its y de cancer de cuello uterino",numero de personas que recibieron orientacion en anticoncepcion,2015-06-01,0,1,19,4,0,24
SIPE SIPE,"anticoncepcion, prevencion de its y de cancer de cuello uterino",numero de personas que recibieron orientacion en anticoncepcion,2015-06-01,1,71,311,44,5,432
SOPACHUY,"anticoncepcion, prevencion de its y de cancer de cuello uterino",numero de personas que recibieron orientacion en anticoncepcion,2015-06-01,0,12,74,60,10,156
SORACACHI,"anticoncepcion, prevencion de its y de cancer de cuello uterino",numero de personas que recibieron orientacion en anticoncepcion,2015-06-01,0,5,20,10,0,35
SORATA,"anticoncepcion, prevencion de its y de cancer de cuello uterino",numero de personas que recibieron orientacion en anticoncepcion,2015-06-01,0,3,12,11,0,26
SUCRE,"anticoncepcion, prevencion de its y de cancer de cuello uterino",numero de personas que recibieron orientacion en anticoncepcion,2015-06-01,22,697,2972,1353,155,5199
TACACHI,"anticoncepcion, prevencion de its y de cancer de cuello uterino",numero de personas que recibieron orientacion en anticoncepcion,2015-06-01,0,1,0,0,0,1
TACACOMA,"anticoncepcion, prevencion de its y de cancer de cuello uterino",numero de personas que recibieron orientacion en anticoncepcion,2015-06-01,0,1,5,0,0,6
TACOBAMBA,"anticoncepcion, prevencion de its y de cancer de cuello uterino",numero de personas que recibieron orientacion en anticoncepcion,2015-06-01,0,0,6,2,0,8
TACOPAYA,"anticoncepcion, prevencion de its y de cancer de cuello uterino",numero de personas que recibieron orientacion en anticoncepcion,2015-06-01,0,4,13,12,0,29
TAHUA,"anticoncepcion, prevencion de its y de cancer de cuello uterino",numero de personas que recibieron orientacion en anticoncepcion,2015-06-01,0,1,5,2,0,8
TAPACARI,"anticoncepcion, prevencion de its y de cancer de cuello uterino",numero de personas que recibieron orientacion en anticoncepcion,2015-06-01,0,3,22,13,0,38
TARABUCO,"anticoncepcion, prevencion de its y de cancer de cuello uterino",numero de personas que recibieron orientacion en anticoncepcion,2015-06-01,1,33,155,128,13,330
TARACO,"anticoncepcion, prevencion de its y de cancer de cuello uterino",numero de personas que recibieron orientacion en anticoncepcion,2015-06-01,0,3,5,1,0,9
TARATA,"anticoncepcion, prevencion de its y de cancer de cuello uterino",numero de personas que recibieron orientacion en anticoncepcion,2015-06-01,0,2,14,6,0,22
TARIJA,"anticoncepcion, prevencion de its y de cancer de cuello uterino",numero de personas que recibieron orientacion en anticoncepcion,2015-06-01,15,110,683,246,776,1830
TARVITA,"anticoncepcion, prevencion de its y de cancer de cuello uterino",numero de personas que recibieron orientacion en anticoncepcion,2015-06-01,2,7,26,6,2,43
TEOPONTE,"anticoncepcion, prevencion de its y de cancer de cuello uterino",numero de personas que recibieron orientacion en anticoncepcion,2015-06-01,0,4,26,3,2,35
TIAWANACU,"anticoncepcion, prevencion de its y de cancer de cuello uterino",numero de personas que recibieron orientacion en anticoncepcion,2015-06-01,0,5,12,5,4,26
TINGUIPAYA,"anticoncepcion, prevencion de its y de cancer de cuello uterino",numero de personas que recibieron orientacion en anticoncepcion,2015-06-01,0,4,23,30,3,60
TIPUANI,"anticoncepcion, prevencion de its y de cancer de cuello uterino",numero de personas que recibieron orientacion en anticoncepcion,2015-06-01,0,8,36,21,6,71
TIQUIPAYA,"anticoncepcion, prevencion de its y de cancer de cuello uterino",numero de personas que recibieron orientacion en anticoncepcion,2015-06-01,0,65,117,67,0,249
TIRAQUE (CBBA),"anticoncepcion, prevencion de its y de cancer de cuello uterino",numero de personas que recibieron orientacion en anticoncepcion,2015-06-01,0,7,34,28,0,69
TITO YUPANQUI (PARQUIPUJIO),"anticoncepcion, prevencion de its y de cancer de cuello uterino",numero de personas que recibieron orientacion en anticoncepcion,2015-06-01,3,3,11,0,0,17
TOCO,"anticoncepcion, prevencion de its y de cancer de cuello uterino",numero de personas que recibieron orientacion en anticoncepcion,2015-06-01,6,25,18,9,4,62
TODOS SANTOS,"anticoncepcion, prevencion de its y de cancer de cuello uterino",numero de personas que recibieron orientacion en anticoncepcion,2015-06-01,0,0,3,0,0,3
TOLATA,"anticoncepcion, prevencion de its y de cancer de cuello uterino",numero de personas que recibieron orientacion en anticoncepcion,2015-06-01,3,3,33,3,1,43
TOLEDO,"anticoncepcion, prevencion de its y de cancer de cuello uterino",numero de personas que recibieron orientacion en anticoncepcion,2015-06-01,0,0,13,2,0,15
TOMAVE,"anticoncepcion, prevencion de its y de cancer de cuello uterino",numero de personas que recibieron orientacion en anticoncepcion,2015-06-01,0,0,4,2,0,6
TOMINA,"anticoncepcion, prevencion de its y de cancer de cuello uterino",numero de personas que recibieron orientacion en anticoncepcion,2015-06-01,0,6,20,1,0,27
TORO TORO,"anticoncepcion, prevencion de its y de cancer de cuello uterino",numero de personas que recibieron orientacion en anticoncepcion,2015-06-01,0,12,42,15,0,69
TOTORA(CBBA),"anticoncepcion, prevencion de its y de cancer de cuello uterino",numero de personas que recibieron orientacion en anticoncepcion,2015-06-01,0,19,46,15,1,81
TOTORA(ORR),"anticoncepcion, prevencion de its y de cancer de cuello uterino",numero de personas que recibieron orientacion en anticoncepcion,2015-06-01,1,8,19,9,0,37
TRINIDAD,"anticoncepcion, prevencion de its y de cancer de cuello uterino",numero de personas que recibieron orientacion en anticoncepcion,2015-06-01,14,6134,1019,370,15,7552
TUPIZA,"anticoncepcion, prevencion de its y de cancer de cuello uterino",numero de personas que recibieron orientacion en anticoncepcion,2015-06-01,0,15,125,29,5,174
TURCO,"anticoncepcion, prevencion de its y de cancer de cuello uterino",numero de personas que recibieron orientacion en anticoncepcion,2015-06-01,0,2,17,14,0,33
UMALA,"anticoncepcion, prevencion de its y de cancer de cuello uterino",numero de personas que recibieron orientacion en anticoncepcion,2015-06-01,0,1,14,4,0,19
UNCIA,"anticoncepcion, prevencion de its y de cancer de cuello uterino",numero de personas que recibieron orientacion en anticoncepcion,2015-06-01,0,3,29,2,2,36
URIONDO (A. CONCEPCION),"anticoncepcion, prevencion de its y de cancer de cuello uterino",numero de personas que recibieron orientacion en anticoncepcion,2015-06-01,1,11,43,31,3,89
URUBICHA,"anticoncepcion, prevencion de its y de cancer de cuello uterino",numero de personas que recibieron orientacion en anticoncepcion,2015-06-01,0,3,4,3,0,10
UYUNI,"anticoncepcion, prevencion de its y de cancer de cuello uterino",numero de personas que recibieron orientacion en anticoncepcion,2015-06-01,0,10,75,30,2,117
VACAS,"anticoncepcion, prevencion de its y de cancer de cuello uterino",numero de personas que recibieron orientacion en anticoncepcion,2015-06-01,1,7,28,15,0,51
VALLEGRANDE,"anticoncepcion, prevencion de its y de cancer de cuello uterino",numero de personas que recibieron orientacion en anticoncepcion,2015-06-01,0,5,31,21,10,67
VIACHA,"anticoncepcion, prevencion de its y de cancer de cuello uterino",numero de personas que recibieron orientacion en anticoncepcion,2015-06-01,0,55,219,166,27,467
VILA VILA,"anticoncepcion, prevencion de its y de cancer de cuello uterino",numero de personas que recibieron orientacion en anticoncepcion,2015-06-01,0,3,10,4,0,17
VILLA CHARCAS,"anticoncepcion, prevencion de its y de cancer de cuello uterino",numero de personas que recibieron orientacion en anticoncepcion,2015-06-01,0,9,21,7,0,37
VILLA MONTES,"anticoncepcion, prevencion de its y de cancer de cuello uterino",numero de personas que recibieron orientacion en anticoncepcion,2015-06-01,2,52,243,120,0,417
VILLA NUEVA (LOMA ALTA),"anticoncepcion, prevencion de its y de cancer de cuello uterino",numero de personas que recibieron orientacion en anticoncepcion,2015-06-01,0,4,2,2,0,8
VILLA RIVERO,"anticoncepcion, prevencion de its y de cancer de cuello uterino",numero de personas que recibieron orientacion en anticoncepcion,2015-06-01,0,5,23,12,0,40
VILLA SERRANO,"anticoncepcion, prevencion de its y de cancer de cuello uterino",numero de personas que recibieron orientacion en anticoncepcion,2015-06-01,3,9,40,36,7,95
VILLA TUNARI,"anticoncepcion, prevencion de its y de cancer de cuello uterino",numero de personas que recibieron orientacion en anticoncepcion,2015-06-01,4,27,157,35,2,225
VILLA VACA GUZMAN (MUYUPAMPA),"anticoncepcion, prevencion de its y de cancer de cuello uterino",numero de personas que recibieron orientacion en anticoncepcion,2015-06-01,0,4,39,21,0,64
VILLAZON,"anticoncepcion, prevencion de its y de cancer de cuello uterino",numero de personas que recibieron orientacion en anticoncepcion,2015-06-01,0,17,65,25,0,107
VINTO,"anticoncepcion, prevencion de its y de cancer de cuello uterino",numero de personas que recibieron orientacion en anticoncepcion,2015-06-01,2,80,402,61,1,546
VITICHI,"anticoncepcion, prevencion de its y de cancer de cuello uterino",numero de personas que recibieron orientacion en anticoncepcion,2015-06-01,0,3,23,21,3,50
WARNES,"anticoncepcion, prevencion de its y de cancer de cuello uterino",numero de personas que recibieron orientacion en anticoncepcion,2015-06-01,4,46,168,34,1,253
YACO,"anticoncepcion, prevencion de its y de cancer de cuello uterino",numero de personas que recibieron orientacion en anticoncepcion,2015-06-01,0,2,7,4,0,13
YACUIBA,"anticoncepcion, prevencion de its y de cancer de cuello uterino",numero de personas que recibieron orientacion en anticoncepcion,2015-06-01,6,104,547,251,33,941
YAMPARAEZ,"anticoncepcion, prevencion de its y de cancer de cuello uterino",numero de personas que recibieron orientacion en anticoncepcion,2015-06-01,0,4,37,13,4,58
YANACACHI,"anticoncepcion, prevencion de its y de cancer de cuello uterino",numero de personas que recibieron orientacion en anticoncepcion,2015-06-01,0,4,11,0,0,15
YAPACANI,"anticoncepcion, prevencion de its y de cancer de cuello uterino",numero de personas que recibieron orientacion en anticoncepcion,2015-06-01,0,23,71,23,4,121
YOCALLA,"anticoncepcion, prevencion de its y de cancer de cuello uterino",numero de personas que recibieron orientacion en anticoncepcion,2015-06-01,0,1,1,2,0,4
YOTALA,"anticoncepcion, prevencion de its y de cancer de cuello uterino",numero de personas que recibieron orientacion en anticoncepcion,2015-06-01,0,24,30,26,0,80
YUNCHARA,"anticoncepcion, prevencion de its y de cancer de cuello uterino",numero de personas que recibieron orientacion en anticoncepcion,2015-06-01,0,12,36,36,9,93
ZUDAÑEZ,"anticoncepcion, prevencion de its y de cancer de cuello uterino",numero de personas que recibieron orientacion en anticoncepcion,2015-06-01,0,15,10,2,0,27
ACACIO,"anticoncepcion, prevencion de its y de cancer de cuello uterino",numero de personas que recibieron orientacion en anticoncepcion,2015-07-01,0,3,12,23,1,39
ACHACACHI,"anticoncepcion, prevencion de its y de cancer de cuello uterino",numero de personas que recibieron orientacion en anticoncepcion,2015-07-01,0,6,48,22,2,78
ACHOCALLA,"anticoncepcion, prevencion de its y de cancer de cuello uterino",numero de personas que recibieron orientacion en anticoncepcion,2015-07-01,0,4,40,11,0,55
AIQUILE,"anticoncepcion, prevencion de its y de cancer de cuello uterino",numero de personas que recibieron orientacion en anticoncepcion,2015-07-01,0,6,34,16,0,56
ALALAY,"anticoncepcion, prevencion de its y de cancer de cuello uterino",numero de personas que recibieron orientacion en anticoncepcion,2015-07-01,1,3,10,1,0,15
ALCALA,"anticoncepcion, prevencion de its y de cancer de cuello uterino",numero de personas que recibieron orientacion en anticoncepcion,2015-07-01,0,2,6,2,0,10
ALTO BENI,"anticoncepcion, prevencion de its y de cancer de cuello uterino",numero de personas que recibieron orientacion en anticoncepcion,2015-07-01,1,4,17,4,0,26
ANCORAIMES,"anticoncepcion, prevencion de its y de cancer de cuello uterino",numero de personas que recibieron orientacion en anticoncepcion,2015-07-01,0,5,12,6,0,23
ANDAMARCA,"anticoncepcion, prevencion de its y de cancer de cuello uterino",numero de personas que recibieron orientacion en anticoncepcion,2015-07-01,0,3,9,7,0,19
ANTEQUERA,"anticoncepcion, prevencion de its y de cancer de cuello uterino",numero de personas que recibieron orientacion en anticoncepcion,2015-07-01,0,0,2,3,0,5
ANZALDO,"anticoncepcion, prevencion de its y de cancer de cuello uterino",numero de personas que recibieron orientacion en anticoncepcion,2015-07-01,0,3,22,10,0,35
APOLO,"anticoncepcion, prevencion de its y de cancer de cuello uterino",numero de personas que recibieron orientacion en anticoncepcion,2015-07-01,0,7,40,19,1,67
ARAMPAMPA,"anticoncepcion, prevencion de its y de cancer de cuello uterino",numero de personas que recibieron orientacion en anticoncepcion,2015-07-01,0,2,38,11,0,51
ARANI,"anticoncepcion, prevencion de its y de cancer de cuello uterino",numero de personas que recibieron orientacion en anticoncepcion,2015-07-01,3,5,17,13,0,38
ARBIETO,"anticoncepcion, prevencion de its y de cancer de cuello uterino",numero de personas que recibieron orientacion en anticoncepcion,2015-07-01,1,52,126,49,1,229
ARQUE,"anticoncepcion, prevencion de its y de cancer de cuello uterino",numero de personas que recibieron orientacion en anticoncepcion,2015-07-01,0,4,24,15,0,43
ASCENCION DE GUARAYOS,"anticoncepcion, prevencion de its y de cancer de cuello uterino",numero de personas que recibieron orientacion en anticoncepcion,2015-07-01,0,17,35,14,4,70
ATOCHA,"anticoncepcion, prevencion de its y de cancer de cuello uterino",numero de personas que recibieron orientacion en anticoncepcion,2015-07-01,0,5,44,20,0,69
AUCAPATA,"anticoncepcion, prevencion de its y de cancer de cuello uterino",numero de personas que recibieron orientacion en anticoncepcion,2015-07-01,0,1,3,0,0,4
AYATA,"anticoncepcion, prevencion de its y de cancer de cuello uterino",numero de personas que recibieron orientacion en anticoncepcion,2015-07-01,0,1,6,1,0,8
AYO AYO,"anticoncepcion, prevencion de its y de cancer de cuello uterino",numero de personas que recibieron orientacion en anticoncepcion,2015-07-01,0,3,6,1,0,10
AYOPAYA (V. DE INDEPENDENCIA),"anticoncepcion, prevencion de its y de cancer de cuello uterino",numero de personas que recibieron orientacion en anticoncepcion,2015-07-01,0,15,80,26,0,121
AZURDUY,"anticoncepcion, prevencion de its y de cancer de cuello uterino",numero de personas que recibieron orientacion en anticoncepcion,2015-07-01,1,11,47,34,2,95
BATALLAS,"anticoncepcion, prevencion de its y de cancer de cuello uterino",numero de personas que recibieron orientacion en anticoncepcion,2015-07-01,0,6,42,15,0,63
BAURES,"anticoncepcion, prevencion de its y de cancer de cuello uterino",numero de personas que recibieron orientacion en anticoncepcion,2015-07-01,1,5,34,6,0,46
BELEN DE ANDAMARCA,"anticoncepcion, prevencion de its y de cancer de cuello uterino",numero de personas que recibieron orientacion en anticoncepcion,2015-07-01,0,0,3,1,0,4
BELEN DE URMIRI,"anticoncepcion, prevencion de its y de cancer de cuello uterino",numero de personas que recibieron orientacion en anticoncepcion,2015-07-01,0,0,2,0,0,2
BELLA FLOR,"anticoncepcion, prevencion de its y de cancer de cuello uterino",numero de personas que recibieron orientacion en anticoncepcion,2015-07-01,1,3,14,1,0,19
BERMEJO,"anticoncepcion, prevencion de its y de cancer de cuello uterino",numero de personas que recibieron orientacion en anticoncepcion,2015-07-01,2,41,275,100,12,430
BETANZOS,"anticoncepcion, prevencion de its y de cancer de cuello uterino",numero de personas que recibieron orientacion en anticoncepcion,2015-07-01,0,12,29,16,0,57
BOLIVAR,"anticoncepcion, prevencion de its y de cancer de cuello uterino",numero de personas que recibieron orientacion en anticoncepcion,2015-07-01,0,1,3,0,0,4
BOLPEBRA,"anticoncepcion, prevencion de its y de cancer de cuello uterino",numero de personas que recibieron orientacion en anticoncepcion,2015-07-01,2,1,5,1,0,9
BOYUIBE,"anticoncepcion, prevencion de its y de cancer de cuello uterino",numero de personas que recibieron orientacion en anticoncepcion,2015-07-01,0,4,8,3,0,15
BUENA VISTA,"anticoncepcion, prevencion de its y de cancer de cuello uterino",numero de personas que recibieron orientacion en anticoncepcion,2015-07-01,0,19,42,13,0,74
CABEZAS,"anticoncepcion, prevencion de its y de cancer de cuello uterino",numero de personas que recibieron orientacion en anticoncepcion,2015-07-01,0,23,71,8,0,102
CAIROMA,"anticoncepcion, prevencion de its y de cancer de cuello uterino",numero de personas que recibieron orientacion en anticoncepcion,2015-07-01,0,6,7,2,0,15
"CAIZA ""D""","anticoncepcion, prevencion de its y de cancer de cuello uterino",numero de personas que recibieron orientacion en anticoncepcion,2015-07-01,0,3,35,23,2,63
CAJUATA,"anticoncepcion, prevencion de its y de cancer de cuello uterino",numero de personas que recibieron orientacion en anticoncepcion,2015-07-01,0,13,20,5,0,38
CALACOTO,"anticoncepcion, prevencion de its y de cancer de cuello uterino",numero de personas que recibieron orientacion en anticoncepcion,2015-07-01,0,1,2,2,0,5
CALAMARCA,"anticoncepcion, prevencion de its y de cancer de cuello uterino",numero de personas que recibieron orientacion en anticoncepcion,2015-07-01,0,9,11,1,0,21
CAMARGO,"anticoncepcion, prevencion de its y de cancer de cuello uterino",numero de personas que recibieron orientacion en anticoncepcion,2015-07-01,4,15,60,32,15,126
CAMATAQUI (C. VILLA ABECIA),"anticoncepcion, prevencion de its y de cancer de cuello uterino",numero de personas que recibieron orientacion en anticoncepcion,2015-07-01,0,1,5,1,0,7
CAMIRI,"anticoncepcion, prevencion de its y de cancer de cuello uterino",numero de personas que recibieron orientacion en anticoncepcion,2015-07-01,0,3,23,5,0,31
CAPINOTA,"anticoncepcion, prevencion de its y de cancer de cuello uterino",numero de personas que recibieron orientacion en anticoncepcion,2015-07-01,0,7,13,3,0,23
CAQUIAVIRI,"anticoncepcion, prevencion de its y de cancer de cuello uterino",numero de personas que recibieron orientacion en anticoncepcion,2015-07-01,0,1,2,3,0,6
CARACOLLO,"anticoncepcion, prevencion de its y de cancer de cuello uterino",numero de personas que recibieron orientacion en anticoncepcion,2015-07-01,0,2,45,30,2,79
CARANAVI,"anticoncepcion, prevencion de its y de cancer de cuello uterino",numero de personas que recibieron orientacion en anticoncepcion,2015-07-01,0,46,189,90,6,331
CARANGAS,"anticoncepcion, prevencion de its y de cancer de cuello uterino",numero de personas que recibieron orientacion en anticoncepcion,2015-07-01,0,0,2,1,0,3
CARAPARI,"anticoncepcion, prevencion de its y de cancer de cuello uterino",numero de personas que recibieron orientacion en anticoncepcion,2015-07-01,0,4,40,14,2,60
CARIPUYO,"anticoncepcion, prevencion de its y de cancer de cuello uterino",numero de personas que recibieron orientacion en anticoncepcion,2015-07-01,0,1,1,0,0,2
CARMEN RIVERO TORREZ,"anticoncepcion, prevencion de its y de cancer de cuello uterino",numero de personas que recibieron orientacion en anticoncepcion,2015-07-01,3,4,6,0,0,13
CATACORA,"anticoncepcion, prevencion de its y de cancer de cuello uterino",numero de personas que recibieron orientacion en anticoncepcion,2015-07-01,0,1,3,2,0,6
CHACARILLA,"anticoncepcion, prevencion de its y de cancer de cuello uterino",numero de personas que recibieron orientacion en anticoncepcion,2015-07-01,0,0,4,0,0,4
CHALLAPATA,"anticoncepcion, prevencion de its y de cancer de cuello uterino",numero de personas que recibieron orientacion en anticoncepcion,2015-07-01,0,12,121,41,0,174
CHAQUI,"anticoncepcion, prevencion de its y de cancer de cuello uterino",numero de personas que recibieron orientacion en anticoncepcion,2015-07-01,1,9,36,19,0,65
CHARAGUA,"anticoncepcion, prevencion de its y de cancer de cuello uterino",numero de personas que recibieron orientacion en anticoncepcion,2015-07-01,0,2,40,17,0,59
CHAYANTA,"anticoncepcion, prevencion de its y de cancer de cuello uterino",numero de personas que recibieron orientacion en anticoncepcion,2015-07-01,0,11,12,16,0,39
CHIMORE,"anticoncepcion, prevencion de its y de cancer de cuello uterino",numero de personas que recibieron orientacion en anticoncepcion,2015-07-01,1,15,106,29,0,151
CHIPAYA,"anticoncepcion, prevencion de its y de cancer de cuello uterino",numero de personas que recibieron orientacion en anticoncepcion,2015-07-01,2,4,3,5,0,14
CHOQUE COTA,"anticoncepcion, prevencion de its y de cancer de cuello uterino",numero de personas que recibieron orientacion en anticoncepcion,2015-07-01,0,1,5,3,0,9
CHUA COCANI,"anticoncepcion, prevencion de its y de cancer de cuello uterino",numero de personas que recibieron orientacion en anticoncepcion,2015-07-01,0,4,22,8,0,34
CHULUMANI (V. DE LA LIBERTAD),"anticoncepcion, prevencion de its y de cancer de cuello uterino",numero de personas que recibieron orientacion en anticoncepcion,2015-07-01,1,8,24,9,0,42
CHUMA,"anticoncepcion, prevencion de its y de cancer de cuello uterino",numero de personas que recibieron orientacion en anticoncepcion,2015-07-01,0,6,18,11,3,38
CHUQUIHUTA AYLLU JUCUMANI,"anticoncepcion, prevencion de its y de cancer de cuello uterino",numero de personas que recibieron orientacion en anticoncepcion,2015-07-01,0,5,9,7,1,22
CKOCHAS,"anticoncepcion, prevencion de its y de cancer de cuello uterino",numero de personas que recibieron orientacion en anticoncepcion,2015-07-01,0,5,24,59,0,88
CLIZA,"anticoncepcion, prevencion de its y de cancer de cuello uterino",numero de personas que recibieron orientacion en anticoncepcion,2015-07-01,3,28,156,47,3,237
COBIJA,"anticoncepcion, prevencion de its y de cancer de cuello uterino",numero de personas que recibieron orientacion en anticoncepcion,2015-07-01,17,32,212,50,15,326
COCAPATA,"anticoncepcion, prevencion de its y de cancer de cuello uterino",numero de personas que recibieron orientacion en anticoncepcion,2015-07-01,0,40,109,42,0,191
COCHABAMBA,"anticoncepcion, prevencion de its y de cancer de cuello uterino",numero de personas que recibieron orientacion en anticoncepcion,2015-07-01,44,449,2121,435,30,3079
COIPASA,"anticoncepcion, prevencion de its y de cancer de cuello uterino",numero de personas que recibieron orientacion en anticoncepcion,2015-07-01,0,0,5,1,0,6
COLCAPIRHUA,"anticoncepcion, prevencion de its y de cancer de cuello uterino",numero de personas que recibieron orientacion en anticoncepcion,2015-07-01,11,76,637,162,22,908
"COLCHA ""K""","anticoncepcion, prevencion de its y de cancer de cuello uterino",numero de personas que recibieron orientacion en anticoncepcion,2015-07-01,0,3,3,2,0,8
COLLANA,"anticoncepcion, prevencion de its y de cancer de cuello uterino",numero de personas que recibieron orientacion en anticoncepcion,2015-07-01,0,2,4,3,0,9
COLOMI,"anticoncepcion, prevencion de its y de cancer de cuello uterino",numero de personas que recibieron orientacion en anticoncepcion,2015-07-01,0,18,51,14,2,85
COLPA BELGICA,"anticoncepcion, prevencion de its y de cancer de cuello uterino",numero de personas que recibieron orientacion en anticoncepcion,2015-07-01,0,5,22,3,0,30
COLQUECHACA,"anticoncepcion, prevencion de its y de cancer de cuello uterino",numero de personas que recibieron orientacion en anticoncepcion,2015-07-01,0,5,24,16,0,45
COLQUENCHA,"anticoncepcion, prevencion de its y de cancer de cuello uterino",numero de personas que recibieron orientacion en anticoncepcion,2015-07-01,0,0,0,0,4,4
COLQUIRI,"anticoncepcion, prevencion de its y de cancer de cuello uterino",numero de personas que recibieron orientacion en anticoncepcion,2015-07-01,0,10,20,6,0,36
COMANCHE,"anticoncepcion, prevencion de its y de cancer de cuello uterino",numero de personas que recibieron orientacion en anticoncepcion,2015-07-01,0,1,2,0,0,3
COMARAPA,"anticoncepcion, prevencion de its y de cancer de cuello uterino",numero de personas que recibieron orientacion en anticoncepcion,2015-07-01,1,14,42,6,0,63
COMBAYA,"anticoncepcion, prevencion de its y de cancer de cuello uterino",numero de personas que recibieron orientacion en anticoncepcion,2015-07-01,0,0,2,0,0,2
CONCEPCION,"anticoncepcion, prevencion de its y de cancer de cuello uterino",numero de personas que recibieron orientacion en anticoncepcion,2015-07-01,0,8,30,13,0,51
COPACABANA,"anticoncepcion, prevencion de its y de cancer de cuello uterino",numero de personas que recibieron orientacion en anticoncepcion,2015-07-01,0,2,21,17,0,40
CORIPATA,"anticoncepcion, prevencion de its y de cancer de cuello uterino",numero de personas que recibieron orientacion en anticoncepcion,2015-07-01,0,2,15,1,0,18
CORO CORO,"anticoncepcion, prevencion de its y de cancer de cuello uterino",numero de personas que recibieron orientacion en anticoncepcion,2015-07-01,0,1,3,2,0,6
COROICO,"anticoncepcion, prevencion de its y de cancer de cuello uterino",numero de personas que recibieron orientacion en anticoncepcion,2015-07-01,0,2,6,2,0,10
CORQUE,"anticoncepcion, prevencion de its y de cancer de cuello uterino",numero de personas que recibieron orientacion en anticoncepcion,2015-07-01,1,2,7,4,0,14
COTAGAITA,"anticoncepcion, prevencion de its y de cancer de cuello uterino",numero de personas que recibieron orientacion en anticoncepcion,2015-07-01,0,9,48,28,0,85
COTOCA,"anticoncepcion, prevencion de its y de cancer de cuello uterino",numero de personas que recibieron orientacion en anticoncepcion,2015-07-01,0,23,87,33,3,146
CUATRO CAÑADAS,"anticoncepcion, prevencion de its y de cancer de cuello uterino",numero de personas que recibieron orientacion en anticoncepcion,2015-07-01,1,18,75,14,0,108
CUCHUMUELA (V. G. VILLARROEL),"anticoncepcion, prevencion de its y de cancer de cuello uterino",numero de personas que recibieron orientacion en anticoncepcion,2015-07-01,0,2,2,0,0,4
CUEVO,"anticoncepcion, prevencion de its y de cancer de cuello uterino",numero de personas que recibieron orientacion en anticoncepcion,2015-07-01,0,2,2,0,0,4
CULPINA,"anticoncepcion, prevencion de its y de cancer de cuello uterino",numero de personas que recibieron orientacion en anticoncepcion,2015-07-01,2,23,94,56,3,178
CURAHUARA DE CARANGAS,"anticoncepcion, prevencion de its y de cancer de cuello uterino",numero de personas que recibieron orientacion en anticoncepcion,2015-07-01,0,1,9,2,8,20
CURVA,"anticoncepcion, prevencion de its y de cancer de cuello uterino",numero de personas que recibieron orientacion en anticoncepcion,2015-07-01,0,1,8,3,2,14
DESAGUADERO,"anticoncepcion, prevencion de its y de cancer de cuello uterino",numero de personas que recibieron orientacion en anticoncepcion,2015-07-01,0,0,4,2,0,6
EL ALTO,"anticoncepcion, prevencion de its y de cancer de cuello uterino",numero de personas que recibieron orientacion en anticoncepcion,2015-07-01,3,260,2059,780,60,3162
EL CHORO,"anticoncepcion, prevencion de its y de cancer de cuello uterino",numero de personas que recibieron orientacion en anticoncepcion,2015-07-01,0,2,17,4,0,23
EL PUENTE(STC),"anticoncepcion, prevencion de its y de cancer de cuello uterino",numero de personas que recibieron orientacion en anticoncepcion,2015-07-01,0,5,11,8,2,26
EL PUENTE(TJA),"anticoncepcion, prevencion de its y de cancer de cuello uterino",numero de personas que recibieron orientacion en anticoncepcion,2015-07-01,0,7,44,30,1,82
EL TORNO,"anticoncepcion, prevencion de its y de cancer de cuello uterino",numero de personas que recibieron orientacion en anticoncepcion,2015-07-01,12,26,56,18,1,113
EL VILLAR,"anticoncepcion, prevencion de its y de cancer de cuello uterino",numero de personas que recibieron orientacion en anticoncepcion,2015-07-01,0,0,4,2,0,6
ENTRE RIOS TRJ,"anticoncepcion, prevencion de its y de cancer de cuello uterino",numero de personas que recibieron orientacion en anticoncepcion,2015-07-01,3,18,41,11,0,73
ENTRE RIOS CBBA,"anticoncepcion, prevencion de its y de cancer de cuello uterino",numero de personas que recibieron orientacion en anticoncepcion,2015-07-01,0,18,55,14,1,88
ESCOMA,"anticoncepcion, prevencion de its y de cancer de cuello uterino",numero de personas que recibieron orientacion en anticoncepcion,2015-07-01,0,0,11,2,0,13
EUCALIPTUS,"anticoncepcion, prevencion de its y de cancer de cuello uterino",numero de personas que recibieron orientacion en anticoncepcion,2015-07-01,0,1,6,5,0,12
EUREKA (SANTOS MERCADO),"anticoncepcion, prevencion de its y de cancer de cuello uterino",numero de personas que recibieron orientacion en anticoncepcion,2015-07-01,0,0,2,0,0,2
EXALTACION,"anticoncepcion, prevencion de its y de cancer de cuello uterino",numero de personas que recibieron orientacion en anticoncepcion,2015-07-01,1,0,1,0,0,2
FERNANDEZ ALONSO,"anticoncepcion, prevencion de its y de cancer de cuello uterino",numero de personas que recibieron orientacion en anticoncepcion,2015-07-01,0,5,26,12,1,44
FILADELFIA,"anticoncepcion, prevencion de its y de cancer de cuello uterino",numero de personas que recibieron orientacion en anticoncepcion,2015-07-01,1,2,5,0,0,8
GENERAL SAAVEDRA,"anticoncepcion, prevencion de its y de cancer de cuello uterino",numero de personas que recibieron orientacion en anticoncepcion,2015-07-01,1,4,34,6,0,45
GRAL. J.J. PEREZ (CHARAZANI),"anticoncepcion, prevencion de its y de cancer de cuello uterino",numero de personas que recibieron orientacion en anticoncepcion,2015-07-01,0,5,18,8,0,31
GUANAY,"anticoncepcion, prevencion de its y de cancer de cuello uterino",numero de personas que recibieron orientacion en anticoncepcion,2015-07-01,0,5,22,9,0,36
GUAQUI,"anticoncepcion, prevencion de its y de cancer de cuello uterino",numero de personas que recibieron orientacion en anticoncepcion,2015-07-01,0,6,11,4,1,22
GUAYARAMERIN,"anticoncepcion, prevencion de its y de cancer de cuello uterino",numero de personas que recibieron orientacion en anticoncepcion,2015-07-01,2,60,231,44,7,344
GUTIERREZ,"anticoncepcion, prevencion de its y de cancer de cuello uterino",numero de personas que recibieron orientacion en anticoncepcion,2015-07-01,0,1,8,1,0,10
HUACARETA,"anticoncepcion, prevencion de its y de cancer de cuello uterino",numero de personas que recibieron orientacion en anticoncepcion,2015-07-01,1,8,28,16,1,54
HUACAYA (VILLA DE HUACAYA),"anticoncepcion, prevencion de its y de cancer de cuello uterino",numero de personas que recibieron orientacion en anticoncepcion,2015-07-01,0,1,10,1,0,12
HUACHACALLA,"anticoncepcion, prevencion de its y de cancer de cuello uterino",numero de personas que recibieron orientacion en anticoncepcion,2015-07-01,0,2,6,5,0,13
HUANUNI,"anticoncepcion, prevencion de its y de cancer de cuello uterino",numero de personas que recibieron orientacion en anticoncepcion,2015-07-01,3,22,398,142,18,583
HUARACAJE,"anticoncepcion, prevencion de its y de cancer de cuello uterino",numero de personas que recibieron orientacion en anticoncepcion,2015-07-01,0,4,22,5,0,31
HUARINA,"anticoncepcion, prevencion de its y de cancer de cuello uterino",numero de personas que recibieron orientacion en anticoncepcion,2015-07-01,0,0,2,0,0,2
HUATAJATA,"anticoncepcion, prevencion de its y de cancer de cuello uterino",numero de personas que recibieron orientacion en anticoncepcion,2015-07-01,0,1,1,2,0,4
HUAYLLAMARCA,"anticoncepcion, prevencion de its y de cancer de cuello uterino",numero de personas que recibieron orientacion en anticoncepcion,2015-07-01,0,1,15,1,0,17
ICHOCA,"anticoncepcion, prevencion de its y de cancer de cuello uterino",numero de personas que recibieron orientacion en anticoncepcion,2015-07-01,0,3,6,1,0,10
ICLA,"anticoncepcion, prevencion de its y de cancer de cuello uterino",numero de personas que recibieron orientacion en anticoncepcion,2015-07-01,0,7,33,33,2,75
INCAHUASI,"anticoncepcion, prevencion de its y de cancer de cuello uterino",numero de personas que recibieron orientacion en anticoncepcion,2015-07-01,2,13,32,11,0,58
INGAVI (HUMAITA),"anticoncepcion, prevencion de its y de cancer de cuello uterino",numero de personas que recibieron orientacion en anticoncepcion,2015-07-01,0,1,5,0,0,6
INQUISIVI,"anticoncepcion, prevencion de its y de cancer de cuello uterino",numero de personas que recibieron orientacion en anticoncepcion,2015-07-01,0,4,16,1,0,21
IRUPANA (VILLA DE LANZA),"anticoncepcion, prevencion de its y de cancer de cuello uterino",numero de personas que recibieron orientacion en anticoncepcion,2015-07-01,0,4,14,3,0,21
IXIAMAS,"anticoncepcion, prevencion de its y de cancer de cuello uterino",numero de personas que recibieron orientacion en anticoncepcion,2015-07-01,0,9,27,2,0,38
JESUS DE MACHACA,"anticoncepcion, prevencion de its y de cancer de cuello uterino",numero de personas que recibieron orientacion en anticoncepcion,2015-07-01,0,5,29,16,2,52
LA ASUNTA,"anticoncepcion, prevencion de its y de cancer de cuello uterino",numero de personas que recibieron orientacion en anticoncepcion,2015-07-01,0,7,32,19,0,58
LA GUARDIA,"anticoncepcion, prevencion de its y de cancer de cuello uterino",numero de personas que recibieron orientacion en anticoncepcion,2015-07-01,6,87,206,50,0,349
LA PAZ,"anticoncepcion, prevencion de its y de cancer de cuello uterino",numero de personas que recibieron orientacion en anticoncepcion,2015-07-01,0,178,1419,399,23,2019
LAGUNILLAS,"anticoncepcion, prevencion de its y de cancer de cuello uterino",numero de personas que recibieron orientacion en anticoncepcion,2015-07-01,0,3,13,5,0,21
LAJA,"anticoncepcion, prevencion de its y de cancer de cuello uterino",numero de personas que recibieron orientacion en anticoncepcion,2015-07-01,0,15,26,9,2,52
LAS CARRERAS,"anticoncepcion, prevencion de its y de cancer de cuello uterino",numero de personas que recibieron orientacion en anticoncepcion,2015-07-01,0,2,11,6,0,19
LICOMA PAMPA,"anticoncepcion, prevencion de its y de cancer de cuello uterino",numero de personas que recibieron orientacion en anticoncepcion,2015-07-01,0,0,7,0,0,7
LLALLAGUA,"anticoncepcion, prevencion de its y de cancer de cuello uterino",numero de personas que recibieron orientacion en anticoncepcion,2015-07-01,0,34,260,142,60,496
LLICA,"anticoncepcion, prevencion de its y de cancer de cuello uterino",numero de personas que recibieron orientacion en anticoncepcion,2015-07-01,0,1,0,0,0,1
LORETO,"anticoncepcion, prevencion de its y de cancer de cuello uterino",numero de personas que recibieron orientacion en anticoncepcion,2015-07-01,5,13,17,10,0,45
LURIBAY,"anticoncepcion, prevencion de its y de cancer de cuello uterino",numero de personas que recibieron orientacion en anticoncepcion,2015-07-01,0,1,5,1,0,7
MACHARETI,"anticoncepcion, prevencion de its y de cancer de cuello uterino",numero de personas que recibieron orientacion en anticoncepcion,2015-07-01,1,8,37,21,6,73
MAGDALENA,"anticoncepcion, prevencion de its y de cancer de cuello uterino",numero de personas que recibieron orientacion en anticoncepcion,2015-07-01,0,13,46,5,0,64
MAIRANA,"anticoncepcion, prevencion de its y de cancer de cuello uterino",numero de personas que recibieron orientacion en anticoncepcion,2015-07-01,0,6,18,4,0,28
MALLA,"anticoncepcion, prevencion de its y de cancer de cuello uterino",numero de personas que recibieron orientacion en anticoncepcion,2015-07-01,0,0,0,1,0,1
MAPIRI,"anticoncepcion, prevencion de its y de cancer de cuello uterino",numero de personas que recibieron orientacion en anticoncepcion,2015-07-01,0,0,11,3,0,14
MECAPACA,"anticoncepcion, prevencion de its y de cancer de cuello uterino",numero de personas que recibieron orientacion en anticoncepcion,2015-07-01,0,3,17,9,1,30
MINEROS,"anticoncepcion, prevencion de its y de cancer de cuello uterino",numero de personas que recibieron orientacion en anticoncepcion,2015-07-01,0,10,50,11,2,73
MIZQUE,"anticoncepcion, prevencion de its y de cancer de cuello uterino",numero de personas que recibieron orientacion en anticoncepcion,2015-07-01,1,15,50,31,3,100
MOCOMOCO,"anticoncepcion, prevencion de its y de cancer de cuello uterino",numero de personas que recibieron orientacion en anticoncepcion,2015-07-01,0,2,11,1,0,14
MOJINETE,"anticoncepcion, prevencion de its y de cancer de cuello uterino",numero de personas que recibieron orientacion en anticoncepcion,2015-07-01,0,2,1,1,0,4
MOJOCOYA,"anticoncepcion, prevencion de its y de cancer de cuello uterino",numero de personas que recibieron orientacion en anticoncepcion,2015-07-01,2,7,31,34,4,78
MONTEAGUDO,"anticoncepcion, prevencion de its y de cancer de cuello uterino",numero de personas que recibieron orientacion en anticoncepcion,2015-07-01,1,38,116,74,6,235
MONTERO,"anticoncepcion, prevencion de its y de cancer de cuello uterino",numero de personas que recibieron orientacion en anticoncepcion,2015-07-01,2,47,243,58,7,357
MOROCHATA,"anticoncepcion, prevencion de its y de cancer de cuello uterino",numero de personas que recibieron orientacion en anticoncepcion,2015-07-01,1,11,56,43,0,111
NACEBE (SANTA ROSA DEL ABUNA),"anticoncepcion, prevencion de its y de cancer de cuello uterino",numero de personas que recibieron orientacion en anticoncepcion,2015-07-01,0,3,6,3,0,12
NUEVO MANOA (NUEVA ESPERANZA),"anticoncepcion, prevencion de its y de cancer de cuello uterino",numero de personas que recibieron orientacion en anticoncepcion,2015-07-01,0,3,14,1,1,19
OCURI,"anticoncepcion, prevencion de its y de cancer de cuello uterino",numero de personas que recibieron orientacion en anticoncepcion,2015-07-01,0,5,5,6,0,16
OKINAWA,"anticoncepcion, prevencion de its y de cancer de cuello uterino",numero de personas que recibieron orientacion en anticoncepcion,2015-07-01,1,16,23,1,0,41
OMEREQUE,"anticoncepcion, prevencion de its y de cancer de cuello uterino",numero de personas que recibieron orientacion en anticoncepcion,2015-07-01,0,3,12,6,0,21
ORURO,"anticoncepcion, prevencion de its y de cancer de cuello uterino",numero de personas que recibieron orientacion en anticoncepcion,2015-07-01,2,93,1200,405,41,1741
PADCAYA,"anticoncepcion, prevencion de its y de cancer de cuello uterino",numero de personas que recibieron orientacion en anticoncepcion,2015-07-01,0,12,69,36,1,118
PADILLA,"anticoncepcion, prevencion de its y de cancer de cuello uterino",numero de personas que recibieron orientacion en anticoncepcion,2015-07-01,2,17,59,47,2,127
PAILON,"anticoncepcion, prevencion de its y de cancer de cuello uterino",numero de personas que recibieron orientacion en anticoncepcion,2015-07-01,0,81,189,10,0,280
PALCA,"anticoncepcion, prevencion de its y de cancer de cuello uterino",numero de personas que recibieron orientacion en anticoncepcion,2015-07-01,0,6,32,10,1,49
PALOS BLANCOS,"anticoncepcion, prevencion de its y de cancer de cuello uterino",numero de personas que recibieron orientacion en anticoncepcion,2015-07-01,1,6,61,27,0,95
PAMPA AULLAGAS,"anticoncepcion, prevencion de its y de cancer de cuello uterino",numero de personas que recibieron orientacion en anticoncepcion,2015-07-01,0,0,8,3,0,11
PAMPA GRANDE,"anticoncepcion, prevencion de its y de cancer de cuello uterino",numero de personas que recibieron orientacion en anticoncepcion,2015-07-01,0,0,6,2,0,8
PAPEL PAMPA,"anticoncepcion, prevencion de its y de cancer de cuello uterino",numero de personas que recibieron orientacion en anticoncepcion,2015-07-01,0,1,23,9,0,33
PASORAPA,"anticoncepcion, prevencion de its y de cancer de cuello uterino",numero de personas que recibieron orientacion en anticoncepcion,2015-07-01,0,7,25,21,3,56
PATACAMAYA,"anticoncepcion, prevencion de its y de cancer de cuello uterino",numero de personas que recibieron orientacion en anticoncepcion,2015-07-01,0,0,1,0,0,1
PAZÑA,"anticoncepcion, prevencion de its y de cancer de cuello uterino",numero de personas que recibieron orientacion en anticoncepcion,2015-07-01,1,7,43,17,6,74
PELECHUCO,"anticoncepcion, prevencion de its y de cancer de cuello uterino",numero de personas que recibieron orientacion en anticoncepcion,2015-07-01,0,4,13,8,0,25
POCOATA,"anticoncepcion, prevencion de its y de cancer de cuello uterino",numero de personas que recibieron orientacion en anticoncepcion,2015-07-01,0,11,67,33,4,115
POCONA,"anticoncepcion, prevencion de its y de cancer de cuello uterino",numero de personas que recibieron orientacion en anticoncepcion,2015-07-01,1,11,41,43,0,96
POJO (CBBA),"anticoncepcion, prevencion de its y de cancer de cuello uterino",numero de personas que recibieron orientacion en anticoncepcion,2015-07-01,0,4,28,8,1,41
POOPO,"anticoncepcion, prevencion de its y de cancer de cuello uterino",numero de personas que recibieron orientacion en anticoncepcion,2015-07-01,0,1,2,2,0,5
PORCO,"anticoncepcion, prevencion de its y de cancer de cuello uterino",numero de personas que recibieron orientacion en anticoncepcion,2015-07-01,0,7,24,4,0,35
POROMA,"anticoncepcion, prevencion de its y de cancer de cuello uterino",numero de personas que recibieron orientacion en anticoncepcion,2015-07-01,1,4,7,2,0,14
PORONGO,"anticoncepcion, prevencion de its y de cancer de cuello uterino",numero de personas que recibieron orientacion en anticoncepcion,2015-07-01,0,11,31,12,1,55
PORVENIR,"anticoncepcion, prevencion de its y de cancer de cuello uterino",numero de personas que recibieron orientacion en anticoncepcion,2015-07-01,0,1,3,0,0,4
POSTRER VALLE,"anticoncepcion, prevencion de its y de cancer de cuello uterino",numero de personas que recibieron orientacion en anticoncepcion,2015-07-01,0,2,2,0,0,4
POTOSI,"anticoncepcion, prevencion de its y de cancer de cuello uterino",numero de personas que recibieron orientacion en anticoncepcion,2015-07-01,0,23,262,49,1,335
PRESTO,"anticoncepcion, prevencion de its y de cancer de cuello uterino",numero de personas que recibieron orientacion en anticoncepcion,2015-07-01,1,16,93,32,4,146
PUCARANI,"anticoncepcion, prevencion de its y de cancer de cuello uterino",numero de personas que recibieron orientacion en anticoncepcion,2015-07-01,1,11,65,19,1,97
PUERTO ACOSTA,"anticoncepcion, prevencion de its y de cancer de cuello uterino",numero de personas que recibieron orientacion en anticoncepcion,2015-07-01,0,5,8,4,0,17
PUERTO CARABUCO,"anticoncepcion, prevencion de its y de cancer de cuello uterino",numero de personas que recibieron orientacion en anticoncepcion,2015-07-01,1,1,2,2,0,6
PUERTO GONZALO MORENO,"anticoncepcion, prevencion de its y de cancer de cuello uterino",numero de personas que recibieron orientacion en anticoncepcion,2015-07-01,4,25,37,9,0,75
PUERTO PEREZ,"anticoncepcion, prevencion de its y de cancer de cuello uterino",numero de personas que recibieron orientacion en anticoncepcion,2015-07-01,0,1,17,8,0,26
PUERTO QUIJARRO,"anticoncepcion, prevencion de its y de cancer de cuello uterino",numero de personas que recibieron orientacion en anticoncepcion,2015-07-01,0,5,20,30,0,55
PUERTO RICO,"anticoncepcion, prevencion de its y de cancer de cuello uterino",numero de personas que recibieron orientacion en anticoncepcion,2015-07-01,6,2,32,11,2,53
PUERTO SILES,"anticoncepcion, prevencion de its y de cancer de cuello uterino",numero de personas que recibieron orientacion en anticoncepcion,2015-07-01,0,0,5,0,0,5
PUERTO SUAREZ,"anticoncepcion, prevencion de its y de cancer de cuello uterino",numero de personas que recibieron orientacion en anticoncepcion,2015-07-01,0,14,18,5,0,37
PUERTO VILLARROEL,"anticoncepcion, prevencion de its y de cancer de cuello uterino",numero de personas que recibieron orientacion en anticoncepcion,2015-07-01,1,36,147,22,2,208
PUNA,"anticoncepcion, prevencion de its y de cancer de cuello uterino",numero de personas que recibieron orientacion en anticoncepcion,2015-07-01,0,8,52,24,1,85
PUNATA,"anticoncepcion, prevencion de its y de cancer de cuello uterino",numero de personas que recibieron orientacion en anticoncepcion,2015-07-01,0,12,69,25,1,107
QUIABAYA,"anticoncepcion, prevencion de its y de cancer de cuello uterino",numero de personas que recibieron orientacion en anticoncepcion,2015-07-01,0,1,2,3,2,8
QUILLACOLLO,"anticoncepcion, prevencion de its y de cancer de cuello uterino",numero de personas que recibieron orientacion en anticoncepcion,2015-07-01,5,354,945,295,4,1603
QUIME,"anticoncepcion, prevencion de its y de cancer de cuello uterino",numero de personas que recibieron orientacion en anticoncepcion,2015-07-01,0,5,12,0,0,17
QUIRUSILLAS,"anticoncepcion, prevencion de its y de cancer de cuello uterino",numero de personas que recibieron orientacion en anticoncepcion,2015-07-01,0,1,1,1,0,3
RAVELO,"anticoncepcion, prevencion de its y de cancer de cuello uterino",numero de personas que recibieron orientacion en anticoncepcion,2015-07-01,0,11,49,54,1,115
REYES,"anticoncepcion, prevencion de its y de cancer de cuello uterino",numero de personas que recibieron orientacion en anticoncepcion,2015-07-01,13,27,64,15,0,119
RIBERALTA,"anticoncepcion, prevencion de its y de cancer de cuello uterino",numero de personas que recibieron orientacion en anticoncepcion,2015-07-01,62,313,937,319,70,1701
ROBORE,"anticoncepcion, prevencion de its y de cancer de cuello uterino",numero de personas que recibieron orientacion en anticoncepcion,2015-07-01,2,5,35,3,0,45
RURRENABAQUE,"anticoncepcion, prevencion de its y de cancer de cuello uterino",numero de personas que recibieron orientacion en anticoncepcion,2015-07-01,4,31,92,20,1,148
SABAYA,"anticoncepcion, prevencion de its y de cancer de cuello uterino",numero de personas que recibieron orientacion en anticoncepcion,2015-07-01,0,3,15,9,0,27
SACABA,"anticoncepcion, prevencion de its y de cancer de cuello uterino",numero de personas que recibieron orientacion en anticoncepcion,2015-07-01,9,277,874,160,3,1323
SACABAMBA,"anticoncepcion, prevencion de its y de cancer de cuello uterino",numero de personas que recibieron orientacion en anticoncepcion,2015-07-01,0,1,10,2,0,13
SACACA,"anticoncepcion, prevencion de its y de cancer de cuello uterino",numero de personas que recibieron orientacion en anticoncepcion,2015-07-01,0,18,96,74,5,193
SAIPINA,"anticoncepcion, prevencion de its y de cancer de cuello uterino",numero de personas que recibieron orientacion en anticoncepcion,2015-07-01,13,20,7,0,0,40
SALINAS DE GARCI MENDOZA,"anticoncepcion, prevencion de its y de cancer de cuello uterino",numero de personas que recibieron orientacion en anticoncepcion,2015-07-01,0,13,52,14,0,79
SAMAIPATA,"anticoncepcion, prevencion de its y de cancer de cuello uterino",numero de personas que recibieron orientacion en anticoncepcion,2015-07-01,0,4,12,3,0,19
SAN AGUSTIN,"anticoncepcion, prevencion de its y de cancer de cuello uterino",numero de personas que recibieron orientacion en anticoncepcion,2015-07-01,0,2,2,4,1,9
SAN ANDRES,"anticoncepcion, prevencion de its y de cancer de cuello uterino",numero de personas que recibieron orientacion en anticoncepcion,2015-07-01,3,22,90,35,1,151
SAN ANDRES DE MACHACA,"anticoncepcion, prevencion de its y de cancer de cuello uterino",numero de personas que recibieron orientacion en anticoncepcion,2015-07-01,0,3,14,8,0,25
SAN ANTONIO DE ESMORUCO,"anticoncepcion, prevencion de its y de cancer de cuello uterino",numero de personas que recibieron orientacion en anticoncepcion,2015-07-01,0,0,2,1,0,3
SAN ANTONIO DE LOMERIO,"anticoncepcion, prevencion de its y de cancer de cuello uterino",numero de personas que recibieron orientacion en anticoncepcion,2015-07-01,1,2,27,0,0,30
SAN BENITO,"anticoncepcion, prevencion de its y de cancer de cuello uterino",numero de personas que recibieron orientacion en anticoncepcion,2015-07-01,0,4,30,16,0,50
SAN BORJA,"anticoncepcion, prevencion de its y de cancer de cuello uterino",numero de personas que recibieron orientacion en anticoncepcion,2015-07-01,7,33,67,13,0,120
SAN BUENA VENTURA,"anticoncepcion, prevencion de its y de cancer de cuello uterino",numero de personas que recibieron orientacion en anticoncepcion,2015-07-01,0,4,19,4,0,27
SAN CARLOS,"anticoncepcion, prevencion de its y de cancer de cuello uterino",numero de personas que recibieron orientacion en anticoncepcion,2015-07-01,5,30,84,45,4,168
SAN IGNACIO,"anticoncepcion, prevencion de its y de cancer de cuello uterino",numero de personas que recibieron orientacion en anticoncepcion,2015-07-01,0,33,163,66,0,262
SAN IGNACIO DE VELASCO,"anticoncepcion, prevencion de its y de cancer de cuello uterino",numero de personas que recibieron orientacion en anticoncepcion,2015-07-01,3,27,192,52,2,276
SAN JAVIER(BNI),"anticoncepcion, prevencion de its y de cancer de cuello uterino",numero de personas que recibieron orientacion en anticoncepcion,2015-07-01,0,8,31,2,4,45
SAN JAVIER(STC),"anticoncepcion, prevencion de its y de cancer de cuello uterino",numero de personas que recibieron orientacion en anticoncepcion,2015-07-01,0,5,15,5,0,25
SAN JOSE DE CHIQUITOS,"anticoncepcion, prevencion de its y de cancer de cuello uterino",numero de personas que recibieron orientacion en anticoncepcion,2015-07-01,0,27,113,74,22,236
SAN JUAN DE YAPACANI,"anticoncepcion, prevencion de its y de cancer de cuello uterino",numero de personas que recibieron orientacion en anticoncepcion,2015-07-01,0,5,60,6,0,71
SAN JULIAN,"anticoncepcion, prevencion de its y de cancer de cuello uterino",numero de personas que recibieron orientacion en anticoncepcion,2015-07-01,2,80,154,58,1,295
SAN LORENZO(TJA),"anticoncepcion, prevencion de its y de cancer de cuello uterino",numero de personas que recibieron orientacion en anticoncepcion,2015-07-01,0,9,43,15,0,67
SAN LUCAS,"anticoncepcion, prevencion de its y de cancer de cuello uterino",numero de personas que recibieron orientacion en anticoncepcion,2015-07-01,1,24,84,56,3,168
SAN MATIAS,"anticoncepcion, prevencion de its y de cancer de cuello uterino",numero de personas que recibieron orientacion en anticoncepcion,2015-07-01,0,9,47,22,1,79
SAN MIGUEL DE VELASCO,"anticoncepcion, prevencion de its y de cancer de cuello uterino",numero de personas que recibieron orientacion en anticoncepcion,2015-07-01,1,21,76,33,2,133
SAN PABLO DE LIPEZ,"anticoncepcion, prevencion de its y de cancer de cuello uterino",numero de personas que recibieron orientacion en anticoncepcion,2015-07-01,0,0,0,1,0,1
SAN PEDRO,"anticoncepcion, prevencion de its y de cancer de cuello uterino",numero de personas que recibieron orientacion en anticoncepcion,2015-07-01,0,7,55,39,5,106
SAN PEDRO DE BUENA VISTA,"anticoncepcion, prevencion de its y de cancer de cuello uterino",numero de personas que recibieron orientacion en anticoncepcion,2015-07-01,0,18,76,35,2,131
SAN PEDRO DE CURAHUARA,"anticoncepcion, prevencion de its y de cancer de cuello uterino",numero de personas que recibieron orientacion en anticoncepcion,2015-07-01,0,0,4,2,0,6
SAN PEDRO DE QUEMES,"anticoncepcion, prevencion de its y de cancer de cuello uterino",numero de personas que recibieron orientacion en anticoncepcion,2015-07-01,0,1,2,0,0,3
SAN PEDRO DE TIQUINA,"anticoncepcion, prevencion de its y de cancer de cuello uterino",numero de personas que recibieron orientacion en anticoncepcion,2015-07-01,0,3,16,3,0,22
SAN PEDRO(PND),"anticoncepcion, prevencion de its y de cancer de cuello uterino",numero de personas que recibieron orientacion en anticoncepcion,2015-07-01,0,0,1,0,0,1
SAN RAFAEL,"anticoncepcion, prevencion de its y de cancer de cuello uterino",numero de personas que recibieron orientacion en anticoncepcion,2015-07-01,0,19,63,23,0,105
SAN RAMON BENI,"anticoncepcion, prevencion de its y de cancer de cuello uterino",numero de personas que recibieron orientacion en anticoncepcion,2015-07-01,0,8,24,7,1,40
SAN RAMON SCZ,"anticoncepcion, prevencion de its y de cancer de cuello uterino",numero de personas que recibieron orientacion en anticoncepcion,2015-07-01,36,29,45,0,0,110
SANTA ANA,"anticoncepcion, prevencion de its y de cancer de cuello uterino",numero de personas que recibieron orientacion en anticoncepcion,2015-07-01,1,39,107,34,4,185
SANTA CRUZ DE LA SIERRA,"anticoncepcion, prevencion de its y de cancer de cuello uterino",numero de personas que recibieron orientacion en anticoncepcion,2015-07-01,69,730,1787,446,65,3097
SANTA ROSA,"anticoncepcion, prevencion de its y de cancer de cuello uterino",numero de personas que recibieron orientacion en anticoncepcion,2015-07-01,0,3,4,2,0,9
SANTA ROSA DEL SARA,"anticoncepcion, prevencion de its y de cancer de cuello uterino",numero de personas que recibieron orientacion en anticoncepcion,2015-07-01,1,3,16,7,3,30
SANTIAGO DE CALLAPA,"anticoncepcion, prevencion de its y de cancer de cuello uterino",numero de personas que recibieron orientacion en anticoncepcion,2015-07-01,0,0,1,3,0,4
SANTIAGO DE HUARI,"anticoncepcion, prevencion de its y de cancer de cuello uterino",numero de personas que recibieron orientacion en anticoncepcion,2015-07-01,0,3,44,14,1,62
SANTIAGO DE HUATA,"anticoncepcion, prevencion de its y de cancer de cuello uterino",numero de personas que recibieron orientacion en anticoncepcion,2015-07-01,0,0,3,5,1,9
SANTIAGO DE MACHACA,"anticoncepcion, prevencion de its y de cancer de cuello uterino",numero de personas que recibieron orientacion en anticoncepcion,2015-07-01,0,0,7,2,0,9
SANTIVAÑES,"anticoncepcion, prevencion de its y de cancer de cuello uterino",numero de personas que recibieron orientacion en anticoncepcion,2015-07-01,1,4,6,4,0,15
SANTUARIO DE QUILLACAS,"anticoncepcion, prevencion de its y de cancer de cuello uterino",numero de personas que recibieron orientacion en anticoncepcion,2015-07-01,0,0,20,9,0,29
SAPAHAQUI,"anticoncepcion, prevencion de its y de cancer de cuello uterino",numero de personas que recibieron orientacion en anticoncepcion,2015-07-01,0,1,5,3,1,10
SENA,"anticoncepcion, prevencion de its y de cancer de cuello uterino",numero de personas que recibieron orientacion en anticoncepcion,2015-07-01,0,10,16,2,0,28
SHINAOTA,"anticoncepcion, prevencion de its y de cancer de cuello uterino",numero de personas que recibieron orientacion en anticoncepcion,2015-07-01,0,11,32,10,0,53
SICA SICA (VILLA AROMA),"anticoncepcion, prevencion de its y de cancer de cuello uterino",numero de personas que recibieron orientacion en anticoncepcion,2015-07-01,0,14,34,28,7,83
SICAYA,"anticoncepcion, prevencion de its y de cancer de cuello uterino",numero de personas que recibieron orientacion en anticoncepcion,2015-07-01,0,1,11,9,0,21
SIPE SIPE,"anticoncepcion, prevencion de its y de cancer de cuello uterino",numero de personas que recibieron orientacion en anticoncepcion,2015-07-01,2,51,241,112,1,407
SOPACHUY,"anticoncepcion, prevencion de its y de cancer de cuello uterino",numero de personas que recibieron orientacion en anticoncepcion,2015-07-01,0,14,50,36,2,102
SORACACHI,"anticoncepcion, prevencion de its y de cancer de cuello uterino",numero de personas que recibieron orientacion en anticoncepcion,2015-07-01,0,5,14,17,1,37
SORATA,"anticoncepcion, prevencion de its y de cancer de cuello uterino",numero de personas que recibieron orientacion en anticoncepcion,2015-07-01,0,1,9,3,0,13
SUCRE,"anticoncepcion, prevencion de its y de cancer de cuello uterino",numero de personas que recibieron orientacion en anticoncepcion,2015-07-01,13,548,2342,931,53,3887
TACACHI,"anticoncepcion, prevencion de its y de cancer de cuello uterino",numero de personas que recibieron orientacion en anticoncepcion,2015-07-01,0,0,2,0,0,2
TACACOMA,"anticoncepcion, prevencion de its y de cancer de cuello uterino",numero de personas que recibieron orientacion en anticoncepcion,2015-07-01,0,0,1,0,0,1
TACOBAMBA,"anticoncepcion, prevencion de its y de cancer de cuello uterino",numero de personas que recibieron orientacion en anticoncepcion,2015-07-01,0,3,4,2,0,9
TACOPAYA,"anticoncepcion, prevencion de its y de cancer de cuello uterino",numero de personas que recibieron orientacion en anticoncepcion,2015-07-01,0,7,14,6,0,27
TAHUA,"anticoncepcion, prevencion de its y de cancer de cuello uterino",numero de personas que recibieron orientacion en anticoncepcion,2015-07-01,0,0,0,1,0,1
TAPACARI,"anticoncepcion, prevencion de its y de cancer de cuello uterino",numero de personas que recibieron orientacion en anticoncepcion,2015-07-01,0,6,29,2,0,37
TARABUCO,"anticoncepcion, prevencion de its y de cancer de cuello uterino",numero de personas que recibieron orientacion en anticoncepcion,2015-07-01,1,22,125,78,6,232
TARACO,"anticoncepcion, prevencion de its y de cancer de cuello uterino",numero de personas que recibieron orientacion en anticoncepcion,2015-07-01,0,2,2,0,0,4
TARATA,"anticoncepcion, prevencion de its y de cancer de cuello uterino",numero de personas que recibieron orientacion en anticoncepcion,2015-07-01,0,8,20,9,1,38
TARIJA,"anticoncepcion, prevencion de its y de cancer de cuello uterino",numero de personas que recibieron orientacion en anticoncepcion,2015-07-01,6,183,762,526,822,2299
TARVITA,"anticoncepcion, prevencion de its y de cancer de cuello uterino",numero de personas que recibieron orientacion en anticoncepcion,2015-07-01,1,6,24,9,1,41
TEOPONTE,"anticoncepcion, prevencion de its y de cancer de cuello uterino",numero de personas que recibieron orientacion en anticoncepcion,2015-07-01,0,6,28,8,3,45
TIAWANACU,"anticoncepcion, prevencion de its y de cancer de cuello uterino",numero de personas que recibieron orientacion en anticoncepcion,2015-07-01,1,9,27,8,0,45
TINGUIPAYA,"anticoncepcion, prevencion de its y de cancer de cuello uterino",numero de personas que recibieron orientacion en anticoncepcion,2015-07-01,0,6,23,14,3,46
TIPUANI,"anticoncepcion, prevencion de its y de cancer de cuello uterino",numero de personas que recibieron orientacion en anticoncepcion,2015-07-01,0,2,12,8,1,23
TIQUIPAYA,"anticoncepcion, prevencion de its y de cancer de cuello uterino",numero de personas que recibieron orientacion en anticoncepcion,2015-07-01,11,44,144,95,0,294
TIRAQUE (CBBA),"anticoncepcion, prevencion de its y de cancer de cuello uterino",numero de personas que recibieron orientacion en anticoncepcion,2015-07-01,0,5,19,8,0,32
TITO YUPANQUI (PARQUIPUJIO),"anticoncepcion, prevencion de its y de cancer de cuello uterino",numero de personas que recibieron orientacion en anticoncepcion,2015-07-01,0,0,1,5,0,6
TOCO,"anticoncepcion, prevencion de its y de cancer de cuello uterino",numero de personas que recibieron orientacion en anticoncepcion,2015-07-01,0,1,8,1,0,10
TODOS SANTOS,"anticoncepcion, prevencion de its y de cancer de cuello uterino",numero de personas que recibieron orientacion en anticoncepcion,2015-07-01,0,0,4,0,0,4
TOLATA,"anticoncepcion, prevencion de its y de cancer de cuello uterino",numero de personas que recibieron orientacion en anticoncepcion,2015-07-01,2,10,39,8,0,59
TOLEDO,"anticoncepcion, prevencion de its y de cancer de cuello uterino",numero de personas que recibieron orientacion en anticoncepcion,2015-07-01,0,0,11,1,0,12
TOMAVE,"anticoncepcion, prevencion de its y de cancer de cuello uterino",numero de personas que recibieron orientacion en anticoncepcion,2015-07-01,0,2,7,1,0,10
TOMINA,"anticoncepcion, prevencion de its y de cancer de cuello uterino",numero de personas que recibieron orientacion en anticoncepcion,2015-07-01,0,12,34,6,0,52
TORO TORO,"anticoncepcion, prevencion de its y de cancer de cuello uterino",numero de personas que recibieron orientacion en anticoncepcion,2015-07-01,0,23,67,19,2,111
TOTORA(CBBA),"anticoncepcion, prevencion de its y de cancer de cuello uterino",numero de personas que recibieron orientacion en anticoncepcion,2015-07-01,1,9,36,8,0,54
TOTORA(ORR),"anticoncepcion, prevencion de its y de cancer de cuello uterino",numero de personas que recibieron orientacion en anticoncepcion,2015-07-01,0,6,18,5,0,29
TRINIDAD,"anticoncepcion, prevencion de its y de cancer de cuello uterino",numero de personas que recibieron orientacion en anticoncepcion,2015-07-01,8,265,836,168,7,1284
TUPIZA,"anticoncepcion, prevencion de its y de cancer de cuello uterino",numero de personas que recibieron orientacion en anticoncepcion,2015-07-01,0,23,113,44,4,184
TURCO,"anticoncepcion, prevencion de its y de cancer de cuello uterino",numero de personas que recibieron orientacion en anticoncepcion,2015-07-01,0,1,15,10,1,27
UMALA,"anticoncepcion, prevencion de its y de cancer de cuello uterino",numero de personas que recibieron orientacion en anticoncepcion,2015-07-01,1,4,10,4,1,20
UNCIA,"anticoncepcion, prevencion de its y de cancer de cuello uterino",numero de personas que recibieron orientacion en anticoncepcion,2015-07-01,0,5,8,7,0,20
URIONDO (A. CONCEPCION),"anticoncepcion, prevencion de its y de cancer de cuello uterino",numero de personas que recibieron orientacion en anticoncepcion,2015-07-01,1,8,74,37,1,121
URUBICHA,"anticoncepcion, prevencion de its y de cancer de cuello uterino",numero de personas que recibieron orientacion en anticoncepcion,2015-07-01,0,0,6,6,0,12
UYUNI,"anticoncepcion, prevencion de its y de cancer de cuello uterino",numero de personas que recibieron orientacion en anticoncepcion,2015-07-01,0,15,60,12,2,89
VACAS,"anticoncepcion, prevencion de its y de cancer de cuello uterino",numero de personas que recibieron orientacion en anticoncepcion,2015-07-01,1,8,41,19,1,70
VALLEGRANDE,"anticoncepcion, prevencion de its y de cancer de cuello uterino",numero de personas que recibieron orientacion en anticoncepcion,2015-07-01,0,8,37,18,10,73
VIACHA,"anticoncepcion, prevencion de its y de cancer de cuello uterino",numero de personas que recibieron orientacion en anticoncepcion,2015-07-01,1,24,144,91,9,269
VILA VILA,"anticoncepcion, prevencion de its y de cancer de cuello uterino",numero de personas que recibieron orientacion en anticoncepcion,2015-07-01,0,5,12,6,0,23
VILLA CHARCAS,"anticoncepcion, prevencion de its y de cancer de cuello uterino",numero de personas que recibieron orientacion en anticoncepcion,2015-07-01,1,5,12,6,0,24
VILLA MONTES,"anticoncepcion, prevencion de its y de cancer de cuello uterino",numero de personas que recibieron orientacion en anticoncepcion,2015-07-01,6,21,181,102,0,310
VILLA NUEVA (LOMA ALTA),"anticoncepcion, prevencion de its y de cancer de cuello uterino",numero de personas que recibieron orientacion en anticoncepcion,2015-07-01,0,0,3,0,0,3
VILLA RIVERO,"anticoncepcion, prevencion de its y de cancer de cuello uterino",numero de personas que recibieron orientacion en anticoncepcion,2015-07-01,0,5,25,9,1,40
VILLA SERRANO,"anticoncepcion, prevencion de its y de cancer de cuello uterino",numero de personas que recibieron orientacion en anticoncepcion,2015-07-01,0,10,53,31,3,97
VILLA TUNARI,"anticoncepcion, prevencion de its y de cancer de cuello uterino",numero de personas que recibieron orientacion en anticoncepcion,2015-07-01,5,33,200,72,9,319
VILLA VACA GUZMAN (MUYUPAMPA),"anticoncepcion, prevencion de its y de cancer de cuello uterino",numero de personas que recibieron orientacion en anticoncepcion,2015-07-01,1,7,68,17,0,93
VILLAZON,"anticoncepcion, prevencion de its y de cancer de cuello uterino",numero de personas que recibieron orientacion en anticoncepcion,2015-07-01,1,27,62,23,0,113
VINTO,"anticoncepcion, prevencion de its y de cancer de cuello uterino",numero de personas que recibieron orientacion en anticoncepcion,2015-07-01,1,67,292,52,0,412
VITICHI,"anticoncepcion, prevencion de its y de cancer de cuello uterino",numero de personas que recibieron orientacion en anticoncepcion,2015-07-01,0,9,27,16,0,52
WARNES,"anticoncepcion, prevencion de its y de cancer de cuello uterino",numero de personas que recibieron orientacion en anticoncepcion,2015-07-01,2,40,154,32,13,241
YACO,"anticoncepcion, prevencion de its y de cancer de cuello uterino",numero de personas que recibieron orientacion en anticoncepcion,2015-07-01,0,1,2,2,0,5
YACUIBA,"anticoncepcion, prevencion de its y de cancer de cuello uterino",numero de personas que recibieron orientacion en anticoncepcion,2015-07-01,5,131,582,233,39,990
YAMPARAEZ,"anticoncepcion, prevencion de its y de cancer de cuello uterino",numero de personas que recibieron orientacion en anticoncepcion,2015-07-01,0,12,37,53,19,121
YANACACHI,"anticoncepcion, prevencion de its y de cancer de cuello uterino",numero de personas que recibieron orientacion en anticoncepcion,2015-07-01,1,2,10,2,0,15
YAPACANI,"anticoncepcion, prevencion de its y de cancer de cuello uterino",numero de personas que recibieron orientacion en anticoncepcion,2015-07-01,1,26,107,23,1,158
YOCALLA,"anticoncepcion, prevencion de its y de cancer de cuello uterino",numero de personas que recibieron orientacion en anticoncepcion,2015-07-01,0,0,9,2,0,11
YOTALA,"anticoncepcion, prevencion de its y de cancer de cuello uterino",numero de personas que recibieron orientacion en anticoncepcion,2015-07-01,0,42,131,148,70,391
YUNCHARA,"anticoncepcion, prevencion de its y de cancer de cuello uterino",numero de personas que recibieron orientacion en anticoncepcion,2015-07-01,0,10,49,16,4,79
YUNGUYO DE LITORAL,"anticoncepcion, prevencion de its y de cancer de cuello uterino",numero de personas que recibieron orientacion en anticoncepcion,2015-07-01,0,0,0,1,0,1
ZUDAÑEZ,"anticoncepcion, prevencion de its y de cancer de cuello uterino",numero de personas que recibieron orientacion en anticoncepcion,2015-07-01,0,6,8,2,0,16
ACACIO,"anticoncepcion, prevencion de its y de cancer de cuello uterino",numero de personas que recibieron orientacion en anticoncepcion,2015-08-01,0,11,40,40,26,117
ACHACACHI,"anticoncepcion, prevencion de its y de cancer de cuello uterino",numero de personas que recibieron orientacion en anticoncepcion,2015-08-01,1,10,50,17,3,81
ACHOCALLA,"anticoncepcion, prevencion de its y de cancer de cuello uterino",numero de personas que recibieron orientacion en anticoncepcion,2015-08-01,0,2,30,27,14,73
AIQUILE,"anticoncepcion, prevencion de its y de cancer de cuello uterino",numero de personas que recibieron orientacion en anticoncepcion,2015-08-01,0,9,43,21,0,73
ALALAY,"anticoncepcion, prevencion de its y de cancer de cuello uterino",numero de personas que recibieron orientacion en anticoncepcion,2015-08-01,0,1,9,5,0,15
ALCALA,"anticoncepcion, prevencion de its y de cancer de cuello uterino",numero de personas que recibieron orientacion en anticoncepcion,2015-08-01,0,1,2,2,1,6
ALTO BENI,"anticoncepcion, prevencion de its y de cancer de cuello uterino",numero de personas que recibieron orientacion en anticoncepcion,2015-08-01,0,1,7,0,0,8
ANCORAIMES,"anticoncepcion, prevencion de its y de cancer de cuello uterino",numero de personas que recibieron orientacion en anticoncepcion,2015-08-01,1,4,12,2,0,19
ANDAMARCA,"anticoncepcion, prevencion de its y de cancer de cuello uterino",numero de personas que recibieron orientacion en anticoncepcion,2015-08-01,0,0,12,5,0,17
ANZALDO,"anticoncepcion, prevencion de its y de cancer de cuello uterino",numero de personas que recibieron orientacion en anticoncepcion,2015-08-01,0,3,19,8,0,30
APOLO,"anticoncepcion, prevencion de its y de cancer de cuello uterino",numero de personas que recibieron orientacion en anticoncepcion,2015-08-01,1,8,42,22,1,74
ARAMPAMPA,"anticoncepcion, prevencion de its y de cancer de cuello uterino",numero de personas que recibieron orientacion en anticoncepcion,2015-08-01,0,4,31,39,0,74
ARANI,"anticoncepcion, prevencion de its y de cancer de cuello uterino",numero de personas que recibieron orientacion en anticoncepcion,2015-08-01,0,0,24,9,1,34
ARBIETO,"anticoncepcion, prevencion de its y de cancer de cuello uterino",numero de personas que recibieron orientacion en anticoncepcion,2015-08-01,2,41,131,31,5,210
ARQUE,"anticoncepcion, prevencion de its y de cancer de cuello uterino",numero de personas que recibieron orientacion en anticoncepcion,2015-08-01,0,0,20,15,0,35
ASCENCION DE GUARAYOS,"anticoncepcion, prevencion de its y de cancer de cuello uterino",numero de personas que recibieron orientacion en anticoncepcion,2015-08-01,0,1,11,6,0,18
ATOCHA,"anticoncepcion, prevencion de its y de cancer de cuello uterino",numero de personas que recibieron orientacion en anticoncepcion,2015-08-01,1,13,51,17,1,83
AUCAPATA,"anticoncepcion, prevencion de its y de cancer de cuello uterino",numero de personas que recibieron orientacion en anticoncepcion,2015-08-01,0,1,2,2,0,5
AYATA,"anticoncepcion, prevencion de its y de cancer de cuello uterino",numero de personas que recibieron orientacion en anticoncepcion,2015-08-01,0,1,5,6,2,14
AYO AYO,"anticoncepcion, prevencion de its y de cancer de cuello uterino",numero de personas que recibieron orientacion en anticoncepcion,2015-08-01,0,2,7,1,0,10
AYOPAYA (V. DE INDEPENDENCIA),"anticoncepcion, prevencion de its y de cancer de cuello uterino",numero de personas que recibieron orientacion en anticoncepcion,2015-08-01,3,18,85,38,1,145
AZURDUY,"anticoncepcion, prevencion de its y de cancer de cuello uterino",numero de personas que recibieron orientacion en anticoncepcion,2015-08-01,4,7,40,17,1,69
BATALLAS,"anticoncepcion, prevencion de its y de cancer de cuello uterino",numero de personas que recibieron orientacion en anticoncepcion,2015-08-01,0,2,19,7,0,28
BAURES,"anticoncepcion, prevencion de its y de cancer de cuello uterino",numero de personas que recibieron orientacion en anticoncepcion,2015-08-01,0,7,29,4,0,40
BELEN DE ANDAMARCA,"anticoncepcion, prevencion de its y de cancer de cuello uterino",numero de personas que recibieron orientacion en anticoncepcion,2015-08-01,0,0,4,1,0,5
BELEN DE URMIRI,"anticoncepcion, prevencion de its y de cancer de cuello uterino",numero de personas que recibieron orientacion en anticoncepcion,2015-08-01,1,3,3,2,0,9
BELLA FLOR,"anticoncepcion, prevencion de its y de cancer de cuello uterino",numero de personas que recibieron orientacion en anticoncepcion,2015-08-01,1,5,12,6,0,24
BERMEJO,"anticoncepcion, prevencion de its y de cancer de cuello uterino",numero de personas que recibieron orientacion en anticoncepcion,2015-08-01,1,35,215,92,17,360
BETANZOS,"anticoncepcion, prevencion de its y de cancer de cuello uterino",numero de personas que recibieron orientacion en anticoncepcion,2015-08-01,0,9,25,13,0,47
BOLIVAR,"anticoncepcion, prevencion de its y de cancer de cuello uterino",numero de personas que recibieron orientacion en anticoncepcion,2015-08-01,0,0,13,8,0,21
BOLPEBRA,"anticoncepcion, prevencion de its y de cancer de cuello uterino",numero de personas que recibieron orientacion en anticoncepcion,2015-08-01,0,1,1,4,0,6
BOYUIBE,"anticoncepcion, prevencion de its y de cancer de cuello uterino",numero de personas que recibieron orientacion en anticoncepcion,2015-08-01,0,0,11,3,1,15
BUENA VISTA,"anticoncepcion, prevencion de its y de cancer de cuello uterino",numero de personas que recibieron orientacion en anticoncepcion,2015-08-01,0,15,35,14,0,64
CABEZAS,"anticoncepcion, prevencion de its y de cancer de cuello uterino",numero de personas que recibieron orientacion en anticoncepcion,2015-08-01,0,7,28,8,0,43
CAIROMA,"anticoncepcion, prevencion de its y de cancer de cuello uterino",numero de personas que recibieron orientacion en anticoncepcion,2015-08-01,0,3,3,4,0,10
"CAIZA ""D""","anticoncepcion, prevencion de its y de cancer de cuello uterino",numero de personas que recibieron orientacion en anticoncepcion,2015-08-01,0,7,34,14,3,58
CAJUATA,"anticoncepcion, prevencion de its y de cancer de cuello uterino",numero de personas que recibieron orientacion en anticoncepcion,2015-08-01,0,5,27,6,0,38
CALACOTO,"anticoncepcion, prevencion de its y de cancer de cuello uterino",numero de personas que recibieron orientacion en anticoncepcion,2015-08-01,0,0,1,0,0,1
CALAMARCA,"anticoncepcion, prevencion de its y de cancer de cuello uterino",numero de personas que recibieron orientacion en anticoncepcion,2015-08-01,0,7,16,3,0,26
CAMARGO,"anticoncepcion, prevencion de its y de cancer de cuello uterino",numero de personas que recibieron orientacion en anticoncepcion,2015-08-01,0,18,48,35,4,105
CAMATAQUI (C. VILLA ABECIA),"anticoncepcion, prevencion de its y de cancer de cuello uterino",numero de personas que recibieron orientacion en anticoncepcion,2015-08-01,0,1,15,2,0,18
CAMIRI,"anticoncepcion, prevencion de its y de cancer de cuello uterino",numero de personas que recibieron orientacion en anticoncepcion,2015-08-01,0,35,73,7,0,115
CAPINOTA,"anticoncepcion, prevencion de its y de cancer de cuello uterino",numero de personas que recibieron orientacion en anticoncepcion,2015-08-01,0,6,24,8,0,38
CAQUIAVIRI,"anticoncepcion, prevencion de its y de cancer de cuello uterino",numero de personas que recibieron orientacion en anticoncepcion,2015-08-01,0,0,2,0,0,2
CARACOLLO,"anticoncepcion, prevencion de its y de cancer de cuello uterino",numero de personas que recibieron orientacion en anticoncepcion,2015-08-01,0,2,42,13,0,57
CARANAVI,"anticoncepcion, prevencion de its y de cancer de cuello uterino",numero de personas que recibieron orientacion en anticoncepcion,2015-08-01,8,27,236,130,1,402
CARAPARI,"anticoncepcion, prevencion de its y de cancer de cuello uterino",numero de personas que recibieron orientacion en anticoncepcion,2015-08-01,0,16,41,22,1,80
CARIPUYO,"anticoncepcion, prevencion de its y de cancer de cuello uterino",numero de personas que recibieron orientacion en anticoncepcion,2015-08-01,0,5,11,5,0,21
CARMEN RIVERO TORREZ,"anticoncepcion, prevencion de its y de cancer de cuello uterino",numero de personas que recibieron orientacion en anticoncepcion,2015-08-01,1,2,10,5,0,18
CHACARILLA,"anticoncepcion, prevencion de its y de cancer de cuello uterino",numero de personas que recibieron orientacion en anticoncepcion,2015-08-01,0,2,5,2,0,9
CHALLAPATA,"anticoncepcion, prevencion de its y de cancer de cuello uterino",numero de personas que recibieron orientacion en anticoncepcion,2015-08-01,0,16,123,44,0,183
CHAQUI,"anticoncepcion, prevencion de its y de cancer de cuello uterino",numero de personas que recibieron orientacion en anticoncepcion,2015-08-01,1,7,33,26,0,67
CHARAGUA,"anticoncepcion, prevencion de its y de cancer de cuello uterino",numero de personas que recibieron orientacion en anticoncepcion,2015-08-01,0,2,30,18,0,50
CHAYANTA,"anticoncepcion, prevencion de its y de cancer de cuello uterino",numero de personas que recibieron orientacion en anticoncepcion,2015-08-01,0,10,37,11,1,59
CHIMORE,"anticoncepcion, prevencion de its y de cancer de cuello uterino",numero de personas que recibieron orientacion en anticoncepcion,2015-08-01,1,17,109,28,1,156
CHIPAYA,"anticoncepcion, prevencion de its y de cancer de cuello uterino",numero de personas que recibieron orientacion en anticoncepcion,2015-08-01,0,0,6,0,0,6
CHOQUE COTA,"anticoncepcion, prevencion de its y de cancer de cuello uterino",numero de personas que recibieron orientacion en anticoncepcion,2015-08-01,0,3,2,1,0,6
CHUA COCANI,"anticoncepcion, prevencion de its y de cancer de cuello uterino",numero de personas que recibieron orientacion en anticoncepcion,2015-08-01,0,1,8,2,0,11
CHULUMANI (V. DE LA LIBERTAD),"anticoncepcion, prevencion de its y de cancer de cuello uterino",numero de personas que recibieron orientacion en anticoncepcion,2015-08-01,0,5,30,1,0,36
CHUMA,"anticoncepcion, prevencion de its y de cancer de cuello uterino",numero de personas que recibieron orientacion en anticoncepcion,2015-08-01,0,6,23,6,0,35
CHUQUIHUTA AYLLU JUCUMANI,"anticoncepcion, prevencion de its y de cancer de cuello uterino",numero de personas que recibieron orientacion en anticoncepcion,2015-08-01,0,0,0,0,12,12
CKOCHAS,"anticoncepcion, prevencion de its y de cancer de cuello uterino",numero de personas que recibieron orientacion en anticoncepcion,2015-08-01,1,9,37,17,0,64
CLIZA,"anticoncepcion, prevencion de its y de cancer de cuello uterino",numero de personas que recibieron orientacion en anticoncepcion,2015-08-01,0,12,88,19,0,119
COBIJA,"anticoncepcion, prevencion de its y de cancer de cuello uterino",numero de personas que recibieron orientacion en anticoncepcion,2015-08-01,4,43,144,39,9,239
COCAPATA,"anticoncepcion, prevencion de its y de cancer de cuello uterino",numero de personas que recibieron orientacion en anticoncepcion,2015-08-01,0,18,62,39,1,120
COCHABAMBA,"anticoncepcion, prevencion de its y de cancer de cuello uterino",numero de personas que recibieron orientacion en anticoncepcion,2015-08-01,14,778,2176,556,65,3589
COIPASA,"anticoncepcion, prevencion de its y de cancer de cuello uterino",numero de personas que recibieron orientacion en anticoncepcion,2015-08-01,0,0,7,2,0,9
COLCAPIRHUA,"anticoncepcion, prevencion de its y de cancer de cuello uterino",numero de personas que recibieron orientacion en anticoncepcion,2015-08-01,4,102,877,287,18,1288
"COLCHA ""K""","anticoncepcion, prevencion de its y de cancer de cuello uterino",numero de personas que recibieron orientacion en anticoncepcion,2015-08-01,0,2,10,0,1,13
COLLANA,"anticoncepcion, prevencion de its y de cancer de cuello uterino",numero de personas que recibieron orientacion en anticoncepcion,2015-08-01,0,1,5,3,0,9
COLOMI,"anticoncepcion, prevencion de its y de cancer de cuello uterino",numero de personas que recibieron orientacion en anticoncepcion,2015-08-01,2,53,89,30,1,175
COLPA BELGICA,"anticoncepcion, prevencion de its y de cancer de cuello uterino",numero de personas que recibieron orientacion en anticoncepcion,2015-08-01,0,6,8,1,0,15
COLQUECHACA,"anticoncepcion, prevencion de its y de cancer de cuello uterino",numero de personas que recibieron orientacion en anticoncepcion,2015-08-01,0,4,10,6,0,20
COLQUENCHA,"anticoncepcion, prevencion de its y de cancer de cuello uterino",numero de personas que recibieron orientacion en anticoncepcion,2015-08-01,0,0,7,1,0,8
COLQUIRI,"anticoncepcion, prevencion de its y de cancer de cuello uterino",numero de personas que recibieron orientacion en anticoncepcion,2015-08-01,0,3,25,8,0,36
COMARAPA,"anticoncepcion, prevencion de its y de cancer de cuello uterino",numero de personas que recibieron orientacion en anticoncepcion,2015-08-01,1,13,37,14,4,69
COMBAYA,"anticoncepcion, prevencion de its y de cancer de cuello uterino",numero de personas que recibieron orientacion en anticoncepcion,2015-08-01,0,1,0,1,0,2
CONCEPCION,"anticoncepcion, prevencion de its y de cancer de cuello uterino",numero de personas que recibieron orientacion en anticoncepcion,2015-08-01,0,9,26,9,1,45
COPACABANA,"anticoncepcion, prevencion de its y de cancer de cuello uterino",numero de personas que recibieron orientacion en anticoncepcion,2015-08-01,0,0,3,0,0,3
CORIPATA,"anticoncepcion, prevencion de its y de cancer de cuello uterino",numero de personas que recibieron orientacion en anticoncepcion,2015-08-01,0,2,21,5,0,28
CORO CORO,"anticoncepcion, prevencion de its y de cancer de cuello uterino",numero de personas que recibieron orientacion en anticoncepcion,2015-08-01,0,0,3,1,0,4
COROICO,"anticoncepcion, prevencion de its y de cancer de cuello uterino",numero de personas que recibieron orientacion en anticoncepcion,2015-08-01,0,4,2,1,0,7
CORQUE,"anticoncepcion, prevencion de its y de cancer de cuello uterino",numero de personas que recibieron orientacion en anticoncepcion,2015-08-01,0,5,21,46,0,72
COTAGAITA,"anticoncepcion, prevencion de its y de cancer de cuello uterino",numero de personas que recibieron orientacion en anticoncepcion,2015-08-01,8,50,77,43,0,178
COTOCA,"anticoncepcion, prevencion de its y de cancer de cuello uterino",numero de personas que recibieron orientacion en anticoncepcion,2015-08-01,0,15,69,15,0,99
CRUZ DE MACHACAMARCA,"anticoncepcion, prevencion de its y de cancer de cuello uterino",numero de personas que recibieron orientacion en anticoncepcion,2015-08-01,0,0,1,1,3,5
CUATRO CAÑADAS,"anticoncepcion, prevencion de its y de cancer de cuello uterino",numero de personas que recibieron orientacion en anticoncepcion,2015-08-01,3,22,68,24,2,119
CUCHUMUELA (V. G. VILLARROEL),"anticoncepcion, prevencion de its y de cancer de cuello uterino",numero de personas que recibieron orientacion en anticoncepcion,2015-08-01,0,1,2,1,0,4
CUEVO,"anticoncepcion, prevencion de its y de cancer de cuello uterino",numero de personas que recibieron orientacion en anticoncepcion,2015-08-01,0,0,2,0,0,2
CULPINA,"anticoncepcion, prevencion de its y de cancer de cuello uterino",numero de personas que recibieron orientacion en anticoncepcion,2015-08-01,0,16,91,29,2,138
CURAHUARA DE CARANGAS,"anticoncepcion, prevencion de its y de cancer de cuello uterino",numero de personas que recibieron orientacion en anticoncepcion,2015-08-01,0,2,20,7,0,29
CURVA,"anticoncepcion, prevencion de its y de cancer de cuello uterino",numero de personas que recibieron orientacion en anticoncepcion,2015-08-01,0,1,7,2,0,10
EL ALTO,"anticoncepcion, prevencion de its y de cancer de cuello uterino",numero de personas que recibieron orientacion en anticoncepcion,2015-08-01,5,283,1969,707,109,3073
EL CHORO,"anticoncepcion, prevencion de its y de cancer de cuello uterino",numero de personas que recibieron orientacion en anticoncepcion,2015-08-01,0,6,11,6,0,23
EL PUENTE(STC),"anticoncepcion, prevencion de its y de cancer de cuello uterino",numero de personas que recibieron orientacion en anticoncepcion,2015-08-01,0,3,27,12,0,42
EL PUENTE(TJA),"anticoncepcion, prevencion de its y de cancer de cuello uterino",numero de personas que recibieron orientacion en anticoncepcion,2015-08-01,0,6,35,33,13,87
EL TORNO,"anticoncepcion, prevencion de its y de cancer de cuello uterino",numero de personas que recibieron orientacion en anticoncepcion,2015-08-01,15,36,71,27,8,157
EL VILLAR,"anticoncepcion, prevencion de its y de cancer de cuello uterino",numero de personas que recibieron orientacion en anticoncepcion,2015-08-01,0,3,5,5,0,13
ENTRE RIOS TRJ,"anticoncepcion, prevencion de its y de cancer de cuello uterino",numero de personas que recibieron orientacion en anticoncepcion,2015-08-01,3,13,34,14,0,64
ENTRE RIOS CBBA,"anticoncepcion, prevencion de its y de cancer de cuello uterino",numero de personas que recibieron orientacion en anticoncepcion,2015-08-01,0,6,62,18,0,86
ESCOMA,"anticoncepcion, prevencion de its y de cancer de cuello uterino",numero de personas que recibieron orientacion en anticoncepcion,2015-08-01,0,0,6,6,0,12
ESMERALDA,"anticoncepcion, prevencion de its y de cancer de cuello uterino",numero de personas que recibieron orientacion en anticoncepcion,2015-08-01,0,0,2,0,0,2
EUCALIPTUS,"anticoncepcion, prevencion de its y de cancer de cuello uterino",numero de personas que recibieron orientacion en anticoncepcion,2015-08-01,0,0,9,1,0,10
EUREKA (SANTOS MERCADO),"anticoncepcion, prevencion de its y de cancer de cuello uterino",numero de personas que recibieron orientacion en anticoncepcion,2015-08-01,1,4,6,2,0,13
FERNANDEZ ALONSO,"anticoncepcion, prevencion de its y de cancer de cuello uterino",numero de personas que recibieron orientacion en anticoncepcion,2015-08-01,1,6,13,9,1,30
FILADELFIA,"anticoncepcion, prevencion de its y de cancer de cuello uterino",numero de personas que recibieron orientacion en anticoncepcion,2015-08-01,0,2,6,0,0,8
GENERAL SAAVEDRA,"anticoncepcion, prevencion de its y de cancer de cuello uterino",numero de personas que recibieron orientacion en anticoncepcion,2015-08-01,1,4,56,22,3,86
GRAL. J.J. PEREZ (CHARAZANI),"anticoncepcion, prevencion de its y de cancer de cuello uterino",numero de personas que recibieron orientacion en anticoncepcion,2015-08-01,1,2,13,6,0,22
GUANAY,"anticoncepcion, prevencion de its y de cancer de cuello uterino",numero de personas que recibieron orientacion en anticoncepcion,2015-08-01,0,2,13,1,0,16
GUAQUI,"anticoncepcion, prevencion de its y de cancer de cuello uterino",numero de personas que recibieron orientacion en anticoncepcion,2015-08-01,1,2,7,0,0,10
GUAYARAMERIN,"anticoncepcion, prevencion de its y de cancer de cuello uterino",numero de personas que recibieron orientacion en anticoncepcion,2015-08-01,9,85,218,56,12,380
GUTIERREZ,"anticoncepcion, prevencion de its y de cancer de cuello uterino",numero de personas que recibieron orientacion en anticoncepcion,2015-08-01,1,3,21,14,4,43
HUACARETA,"anticoncepcion, prevencion de its y de cancer de cuello uterino",numero de personas que recibieron orientacion en anticoncepcion,2015-08-01,2,11,39,28,1,81
HUACAYA (VILLA DE HUACAYA),"anticoncepcion, prevencion de its y de cancer de cuello uterino",numero de personas que recibieron orientacion en anticoncepcion,2015-08-01,0,0,6,8,0,14
HUANUNI,"anticoncepcion, prevencion de its y de cancer de cuello uterino",numero de personas que recibieron orientacion en anticoncepcion,2015-08-01,0,10,240,99,17,366
HUARACAJE,"anticoncepcion, prevencion de its y de cancer de cuello uterino",numero de personas que recibieron orientacion en anticoncepcion,2015-08-01,7,2,25,13,1,48
HUARINA,"anticoncepcion, prevencion de its y de cancer de cuello uterino",numero de personas que recibieron orientacion en anticoncepcion,2015-08-01,0,2,7,4,0,13
HUATAJATA,"anticoncepcion, prevencion de its y de cancer de cuello uterino",numero de personas que recibieron orientacion en anticoncepcion,2015-08-01,0,0,14,9,1,24
HUAYLLAMARCA,"anticoncepcion, prevencion de its y de cancer de cuello uterino",numero de personas que recibieron orientacion en anticoncepcion,2015-08-01,1,4,15,8,0,28
ICHOCA,"anticoncepcion, prevencion de its y de cancer de cuello uterino",numero de personas que recibieron orientacion en anticoncepcion,2015-08-01,0,1,9,0,0,10
ICLA,"anticoncepcion, prevencion de its y de cancer de cuello uterino",numero de personas que recibieron orientacion en anticoncepcion,2015-08-01,0,9,60,76,17,162
INCAHUASI,"anticoncepcion, prevencion de its y de cancer de cuello uterino",numero de personas que recibieron orientacion en anticoncepcion,2015-08-01,0,12,30,13,2,57
INGAVI (HUMAITA),"anticoncepcion, prevencion de its y de cancer de cuello uterino",numero de personas que recibieron orientacion en anticoncepcion,2015-08-01,0,1,4,2,0,7
INQUISIVI,"anticoncepcion, prevencion de its y de cancer de cuello uterino",numero de personas que recibieron orientacion en anticoncepcion,2015-08-01,0,3,11,7,0,21
IRUPANA (VILLA DE LANZA),"anticoncepcion, prevencion de its y de cancer de cuello uterino",numero de personas que recibieron orientacion en anticoncepcion,2015-08-01,0,4,19,6,0,29
IXIAMAS,"anticoncepcion, prevencion de its y de cancer de cuello uterino",numero de personas que recibieron orientacion en anticoncepcion,2015-08-01,0,5,5,3,0,13
JESUS DE MACHACA,"anticoncepcion, prevencion de its y de cancer de cuello uterino",numero de personas que recibieron orientacion en anticoncepcion,2015-08-01,0,4,23,25,6,58
LA ASUNTA,"anticoncepcion, prevencion de its y de cancer de cuello uterino",numero de personas que recibieron orientacion en anticoncepcion,2015-08-01,1,11,35,12,0,59
LA GUARDIA,"anticoncepcion, prevencion de its y de cancer de cuello uterino",numero de personas que recibieron orientacion en anticoncepcion,2015-08-01,7,52,199,45,1,304
LA PAZ,"anticoncepcion, prevencion de its y de cancer de cuello uterino",numero de personas que recibieron orientacion en anticoncepcion,2015-08-01,3,171,1243,336,51,1804
LAGUNILLAS,"anticoncepcion, prevencion de its y de cancer de cuello uterino",numero de personas que recibieron orientacion en anticoncepcion,2015-08-01,0,5,19,6,0,30
LAJA,"anticoncepcion, prevencion de its y de cancer de cuello uterino",numero de personas que recibieron orientacion en anticoncepcion,2015-08-01,2,8,15,15,0,40
LAS CARRERAS,"anticoncepcion, prevencion de its y de cancer de cuello uterino",numero de personas que recibieron orientacion en anticoncepcion,2015-08-01,1,2,11,3,0,17
LICOMA PAMPA,"anticoncepcion, prevencion de its y de cancer de cuello uterino",numero de personas que recibieron orientacion en anticoncepcion,2015-08-01,0,0,7,0,0,7
LLALLAGUA,"anticoncepcion, prevencion de its y de cancer de cuello uterino",numero de personas que recibieron orientacion en anticoncepcion,2015-08-01,9,66,131,46,3,255
LLICA,"anticoncepcion, prevencion de its y de cancer de cuello uterino",numero de personas que recibieron orientacion en anticoncepcion,2015-08-01,0,0,7,2,1,10
LORETO,"anticoncepcion, prevencion de its y de cancer de cuello uterino",numero de personas que recibieron orientacion en anticoncepcion,2015-08-01,0,3,7,1,0,11
LURIBAY,"anticoncepcion, prevencion de its y de cancer de cuello uterino",numero de personas que recibieron orientacion en anticoncepcion,2015-08-01,0,2,12,6,3,23
MACHACAMARCA,"anticoncepcion, prevencion de its y de cancer de cuello uterino",numero de personas que recibieron orientacion en anticoncepcion,2015-08-01,0,0,1,1,0,2
MACHARETI,"anticoncepcion, prevencion de its y de cancer de cuello uterino",numero de personas que recibieron orientacion en anticoncepcion,2015-08-01,0,6,44,7,0,57
MAGDALENA,"anticoncepcion, prevencion de its y de cancer de cuello uterino",numero de personas que recibieron orientacion en anticoncepcion,2015-08-01,2,6,24,15,0,47
MAIRANA,"anticoncepcion, prevencion de its y de cancer de cuello uterino",numero de personas que recibieron orientacion en anticoncepcion,2015-08-01,0,11,22,7,0,40
MALLA,"anticoncepcion, prevencion de its y de cancer de cuello uterino",numero de personas que recibieron orientacion en anticoncepcion,2015-08-01,0,0,2,1,0,3
MAPIRI,"anticoncepcion, prevencion de its y de cancer de cuello uterino",numero de personas que recibieron orientacion en anticoncepcion,2015-08-01,0,3,10,3,0,16
MECAPACA,"anticoncepcion, prevencion de its y de cancer de cuello uterino",numero de personas que recibieron orientacion en anticoncepcion,2015-08-01,0,2,22,11,1,36
MINEROS,"anticoncepcion, prevencion de its y de cancer de cuello uterino",numero de personas que recibieron orientacion en anticoncepcion,2015-08-01,0,19,56,15,0,90
MIZQUE,"anticoncepcion, prevencion de its y de cancer de cuello uterino",numero de personas que recibieron orientacion en anticoncepcion,2015-08-01,1,26,98,46,0,171
MOCOMOCO,"anticoncepcion, prevencion de its y de cancer de cuello uterino",numero de personas que recibieron orientacion en anticoncepcion,2015-08-01,0,1,5,6,0,12
MOJINETE,"anticoncepcion, prevencion de its y de cancer de cuello uterino",numero de personas que recibieron orientacion en anticoncepcion,2015-08-01,0,0,1,1,0,2
MOJOCOYA,"anticoncepcion, prevencion de its y de cancer de cuello uterino",numero de personas que recibieron orientacion en anticoncepcion,2015-08-01,0,8,26,16,1,51
MONTEAGUDO,"anticoncepcion, prevencion de its y de cancer de cuello uterino",numero de personas que recibieron orientacion en anticoncepcion,2015-08-01,1,27,82,54,11,175
MONTERO,"anticoncepcion, prevencion de its y de cancer de cuello uterino",numero de personas que recibieron orientacion en anticoncepcion,2015-08-01,0,36,214,87,16,353
MORO MORO,"anticoncepcion, prevencion de its y de cancer de cuello uterino",numero de personas que recibieron orientacion en anticoncepcion,2015-08-01,0,1,1,0,0,2
MOROCHATA,"anticoncepcion, prevencion de its y de cancer de cuello uterino",numero de personas que recibieron orientacion en anticoncepcion,2015-08-01,4,19,27,26,0,76
NACEBE (SANTA ROSA DEL ABUNA),"anticoncepcion, prevencion de its y de cancer de cuello uterino",numero de personas que recibieron orientacion en anticoncepcion,2015-08-01,0,0,9,0,0,9
NUEVO MANOA (NUEVA ESPERANZA),"anticoncepcion, prevencion de its y de cancer de cuello uterino",numero de personas que recibieron orientacion en anticoncepcion,2015-08-01,0,1,9,4,0,14
OCURI,"anticoncepcion, prevencion de its y de cancer de cuello uterino",numero de personas que recibieron orientacion en anticoncepcion,2015-08-01,0,7,34,8,0,49
OKINAWA,"anticoncepcion, prevencion de its y de cancer de cuello uterino",numero de personas que recibieron orientacion en anticoncepcion,2015-08-01,0,8,30,11,0,49
OMEREQUE,"anticoncepcion, prevencion de its y de cancer de cuello uterino",numero de personas que recibieron orientacion en anticoncepcion,2015-08-01,0,2,10,14,1,27
ORURO,"anticoncepcion, prevencion de its y de cancer de cuello uterino",numero de personas que recibieron orientacion en anticoncepcion,2015-08-01,7,184,1024,344,19,1578
PADCAYA,"anticoncepcion, prevencion de its y de cancer de cuello uterino",numero de personas que recibieron orientacion en anticoncepcion,2015-08-01,2,22,69,34,0,127
PADILLA,"anticoncepcion, prevencion de its y de cancer de cuello uterino",numero de personas que recibieron orientacion en anticoncepcion,2015-08-01,1,10,58,28,0,97
PAILON,"anticoncepcion, prevencion de its y de cancer de cuello uterino",numero de personas que recibieron orientacion en anticoncepcion,2015-08-01,0,6,30,9,1,46
PALCA,"anticoncepcion, prevencion de its y de cancer de cuello uterino",numero de personas que recibieron orientacion en anticoncepcion,2015-08-01,0,4,21,6,0,31
PALOS BLANCOS,"anticoncepcion, prevencion de its y de cancer de cuello uterino",numero de personas que recibieron orientacion en anticoncepcion,2015-08-01,1,11,86,34,2,134
PAMPA AULLAGAS,"anticoncepcion, prevencion de its y de cancer de cuello uterino",numero de personas que recibieron orientacion en anticoncepcion,2015-08-01,0,1,7,2,0,10
PAMPA GRANDE,"anticoncepcion, prevencion de its y de cancer de cuello uterino",numero de personas que recibieron orientacion en anticoncepcion,2015-08-01,0,1,1,1,1,4
PAPEL PAMPA,"anticoncepcion, prevencion de its y de cancer de cuello uterino",numero de personas que recibieron orientacion en anticoncepcion,2015-08-01,0,5,7,4,0,16
PASORAPA,"anticoncepcion, prevencion de its y de cancer de cuello uterino",numero de personas que recibieron orientacion en anticoncepcion,2015-08-01,0,2,18,14,2,36
PATACAMAYA,"anticoncepcion, prevencion de its y de cancer de cuello uterino",numero de personas que recibieron orientacion en anticoncepcion,2015-08-01,0,2,1,0,0,3
PAZÑA,"anticoncepcion, prevencion de its y de cancer de cuello uterino",numero de personas que recibieron orientacion en anticoncepcion,2015-08-01,0,4,31,9,1,45
PELECHUCO,"anticoncepcion, prevencion de its y de cancer de cuello uterino",numero de personas que recibieron orientacion en anticoncepcion,2015-08-01,0,1,7,3,1,12
POCOATA,"anticoncepcion, prevencion de its y de cancer de cuello uterino",numero de personas que recibieron orientacion en anticoncepcion,2015-08-01,0,14,58,21,4,97
POCONA,"anticoncepcion, prevencion de its y de cancer de cuello uterino",numero de personas que recibieron orientacion en anticoncepcion,2015-08-01,1,18,63,32,4,118
POJO (CBBA),"anticoncepcion, prevencion de its y de cancer de cuello uterino",numero de personas que recibieron orientacion en anticoncepcion,2015-08-01,0,0,21,10,0,31
POOPO,"anticoncepcion, prevencion de its y de cancer de cuello uterino",numero de personas que recibieron orientacion en anticoncepcion,2015-08-01,0,0,6,0,0,6
PORCO,"anticoncepcion, prevencion de its y de cancer de cuello uterino",numero de personas que recibieron orientacion en anticoncepcion,2015-08-01,0,9,46,5,0,60
POROMA,"anticoncepcion, prevencion de its y de cancer de cuello uterino",numero de personas que recibieron orientacion en anticoncepcion,2015-08-01,1,8,16,8,1,34
PORONGO,"anticoncepcion, prevencion de its y de cancer de cuello uterino",numero de personas que recibieron orientacion en anticoncepcion,2015-08-01,0,11,43,17,8,79
PORTACHUELO,"anticoncepcion, prevencion de its y de cancer de cuello uterino",numero de personas que recibieron orientacion en anticoncepcion,2015-08-01,0,2,14,4,0,20
PORVENIR,"anticoncepcion, prevencion de its y de cancer de cuello uterino",numero de personas que recibieron orientacion en anticoncepcion,2015-08-01,7,0,2,0,0,9
POSTRER VALLE,"anticoncepcion, prevencion de its y de cancer de cuello uterino",numero de personas que recibieron orientacion en anticoncepcion,2015-08-01,0,0,1,0,0,1
POTOSI,"anticoncepcion, prevencion de its y de cancer de cuello uterino",numero de personas que recibieron orientacion en anticoncepcion,2015-08-01,1,69,430,210,19,729
PRESTO,"anticoncepcion, prevencion de its y de cancer de cuello uterino",numero de personas que recibieron orientacion en anticoncepcion,2015-08-01,1,10,68,36,5,120
PUCARA,"anticoncepcion, prevencion de its y de cancer de cuello uterino",numero de personas que recibieron orientacion en anticoncepcion,2015-08-01,0,1,1,0,0,2
PUCARANI,"anticoncepcion, prevencion de its y de cancer de cuello uterino",numero de personas que recibieron orientacion en anticoncepcion,2015-08-01,0,9,56,30,5,100
PUERTO ACOSTA,"anticoncepcion, prevencion de its y de cancer de cuello uterino",numero de personas que recibieron orientacion en anticoncepcion,2015-08-01,0,3,4,3,0,10
PUERTO CARABUCO,"anticoncepcion, prevencion de its y de cancer de cuello uterino",numero de personas que recibieron orientacion en anticoncepcion,2015-08-01,0,3,12,2,0,17
PUERTO GONZALO MORENO,"anticoncepcion, prevencion de its y de cancer de cuello uterino",numero de personas que recibieron orientacion en anticoncepcion,2015-08-01,3,13,32,11,0,59
PUERTO PEREZ,"anticoncepcion, prevencion de its y de cancer de cuello uterino",numero de personas que recibieron orientacion en anticoncepcion,2015-08-01,0,2,4,8,0,14
PUERTO QUIJARRO,"anticoncepcion, prevencion de its y de cancer de cuello uterino",numero de personas que recibieron orientacion en anticoncepcion,2015-08-01,0,8,37,6,0,51
PUERTO RICO,"anticoncepcion, prevencion de its y de cancer de cuello uterino",numero de personas que recibieron orientacion en anticoncepcion,2015-08-01,0,4,13,3,1,21
PUERTO SILES,"anticoncepcion, prevencion de its y de cancer de cuello uterino",numero de personas que recibieron orientacion en anticoncepcion,2015-08-01,0,3,0,1,0,4
PUERTO SUAREZ,"anticoncepcion, prevencion de its y de cancer de cuello uterino",numero de personas que recibieron orientacion en anticoncepcion,2015-08-01,0,12,29,4,0,45
PUERTO VILLARROEL,"anticoncepcion, prevencion de its y de cancer de cuello uterino",numero de personas que recibieron orientacion en anticoncepcion,2015-08-01,0,48,119,28,1,196
PUNA,"anticoncepcion, prevencion de its y de cancer de cuello uterino",numero de personas que recibieron orientacion en anticoncepcion,2015-08-01,1,15,57,19,3,95
PUNATA,"anticoncepcion, prevencion de its y de cancer de cuello uterino",numero de personas que recibieron orientacion en anticoncepcion,2015-08-01,0,12,54,20,1,87
QUIABAYA,"anticoncepcion, prevencion de its y de cancer de cuello uterino",numero de personas que recibieron orientacion en anticoncepcion,2015-08-01,0,6,29,21,4,60
QUILLACOLLO,"anticoncepcion, prevencion de its y de cancer de cuello uterino",numero de personas que recibieron orientacion en anticoncepcion,2015-08-01,3,283,902,535,3,1726
QUIME,"anticoncepcion, prevencion de its y de cancer de cuello uterino",numero de personas que recibieron orientacion en anticoncepcion,2015-08-01,0,1,3,0,0,4
QUIRUSILLAS,"anticoncepcion, prevencion de its y de cancer de cuello uterino",numero de personas que recibieron orientacion en anticoncepcion,2015-08-01,0,1,6,1,0,8
RAVELO,"anticoncepcion, prevencion de its y de cancer de cuello uterino",numero de personas que recibieron orientacion en anticoncepcion,2015-08-01,1,3,16,32,6,58
REYES,"anticoncepcion, prevencion de its y de cancer de cuello uterino",numero de personas que recibieron orientacion en anticoncepcion,2015-08-01,8,25,47,28,0,108
RIBERALTA,"anticoncepcion, prevencion de its y de cancer de cuello uterino",numero de personas que recibieron orientacion en anticoncepcion,2015-08-01,55,451,1084,229,20,1839
ROBORE,"anticoncepcion, prevencion de its y de cancer de cuello uterino",numero de personas que recibieron orientacion en anticoncepcion,2015-08-01,0,11,26,8,0,45
RURRENABAQUE,"anticoncepcion, prevencion de its y de cancer de cuello uterino",numero de personas que recibieron orientacion en anticoncepcion,2015-08-01,1,22,85,19,4,131
SABAYA,"anticoncepcion, prevencion de its y de cancer de cuello uterino",numero de personas que recibieron orientacion en anticoncepcion,2015-08-01,0,0,13,2,0,15
SACABA,"anticoncepcion, prevencion de its y de cancer de cuello uterino",numero de personas que recibieron orientacion en anticoncepcion,2015-08-01,7,308,745,199,2,1261
SACABAMBA,"anticoncepcion, prevencion de its y de cancer de cuello uterino",numero de personas que recibieron orientacion en anticoncepcion,2015-08-01,0,2,10,5,0,17
SACACA,"anticoncepcion, prevencion de its y de cancer de cuello uterino",numero de personas que recibieron orientacion en anticoncepcion,2015-08-01,0,9,53,29,2,93
SAIPINA,"anticoncepcion, prevencion de its y de cancer de cuello uterino",numero de personas que recibieron orientacion en anticoncepcion,2015-08-01,1,9,19,2,0,31
SALINAS DE GARCI MENDOZA,"anticoncepcion, prevencion de its y de cancer de cuello uterino",numero de personas que recibieron orientacion en anticoncepcion,2015-08-01,0,14,67,8,0,89
SAMAIPATA,"anticoncepcion, prevencion de its y de cancer de cuello uterino",numero de personas que recibieron orientacion en anticoncepcion,2015-08-01,0,4,9,1,0,14
SAN AGUSTIN,"anticoncepcion, prevencion de its y de cancer de cuello uterino",numero de personas que recibieron orientacion en anticoncepcion,2015-08-01,0,0,2,1,0,3
SAN ANDRES,"anticoncepcion, prevencion de its y de cancer de cuello uterino",numero de personas que recibieron orientacion en anticoncepcion,2015-08-01,1,20,60,18,0,99
SAN ANDRES DE MACHACA,"anticoncepcion, prevencion de its y de cancer de cuello uterino",numero de personas que recibieron orientacion en anticoncepcion,2015-08-01,0,1,11,5,0,17
SAN ANTONIO DE ESMORUCO,"anticoncepcion, prevencion de its y de cancer de cuello uterino",numero de personas que recibieron orientacion en anticoncepcion,2015-08-01,0,1,4,1,0,6
SAN ANTONIO DE LOMERIO,"anticoncepcion, prevencion de its y de cancer de cuello uterino",numero de personas que recibieron orientacion en anticoncepcion,2015-08-01,1,1,18,5,1,26
SAN BENITO,"anticoncepcion, prevencion de its y de cancer de cuello uterino",numero de personas que recibieron orientacion en anticoncepcion,2015-08-01,0,3,23,13,1,40
SAN BORJA,"anticoncepcion, prevencion de its y de cancer de cuello uterino",numero de personas que recibieron orientacion en anticoncepcion,2015-08-01,0,36,81,13,1,131
SAN BUENA VENTURA,"anticoncepcion, prevencion de its y de cancer de cuello uterino",numero de personas que recibieron orientacion en anticoncepcion,2015-08-01,0,3,30,2,0,35
SAN CARLOS,"anticoncepcion, prevencion de its y de cancer de cuello uterino",numero de personas que recibieron orientacion en anticoncepcion,2015-08-01,1,28,150,45,8,232
SAN IGNACIO,"anticoncepcion, prevencion de its y de cancer de cuello uterino",numero de personas que recibieron orientacion en anticoncepcion,2015-08-01,5,49,175,69,5,303
SAN IGNACIO DE VELASCO,"anticoncepcion, prevencion de its y de cancer de cuello uterino",numero de personas que recibieron orientacion en anticoncepcion,2015-08-01,1,60,200,61,2,324
SAN JAVIER(BNI),"anticoncepcion, prevencion de its y de cancer de cuello uterino",numero de personas que recibieron orientacion en anticoncepcion,2015-08-01,2,1,29,1,0,33
SAN JAVIER(STC),"anticoncepcion, prevencion de its y de cancer de cuello uterino",numero de personas que recibieron orientacion en anticoncepcion,2015-08-01,1,8,13,2,0,24
SAN JOSE DE CHIQUITOS,"anticoncepcion, prevencion de its y de cancer de cuello uterino",numero de personas que recibieron orientacion en anticoncepcion,2015-08-01,8,21,116,80,8,233
SAN JUAN DE YAPACANI,"anticoncepcion, prevencion de its y de cancer de cuello uterino",numero de personas que recibieron orientacion en anticoncepcion,2015-08-01,0,11,46,22,0,79
SAN JULIAN,"anticoncepcion, prevencion de its y de cancer de cuello uterino",numero de personas que recibieron orientacion en anticoncepcion,2015-08-01,1,47,149,63,2,262
SAN LORENZO(PND),"anticoncepcion, prevencion de its y de cancer de cuello uterino",numero de personas que recibieron orientacion en anticoncepcion,2015-08-01,1,2,1,1,0,5
SAN LORENZO(TJA),"anticoncepcion, prevencion de its y de cancer de cuello uterino",numero de personas que recibieron orientacion en anticoncepcion,2015-08-01,0,7,20,6,1,34
SAN LUCAS,"anticoncepcion, prevencion de its y de cancer de cuello uterino",numero de personas que recibieron orientacion en anticoncepcion,2015-08-01,1,47,160,112,6,326
SAN MATIAS,"anticoncepcion, prevencion de its y de cancer de cuello uterino",numero de personas que recibieron orientacion en anticoncepcion,2015-08-01,4,17,55,11,0,87
SAN MIGUEL DE VELASCO,"anticoncepcion, prevencion de its y de cancer de cuello uterino",numero de personas que recibieron orientacion en anticoncepcion,2015-08-01,0,12,58,39,4,113
SAN PABLO DE LIPEZ,"anticoncepcion, prevencion de its y de cancer de cuello uterino",numero de personas que recibieron orientacion en anticoncepcion,2015-08-01,0,0,2,0,0,2
SAN PEDRO,"anticoncepcion, prevencion de its y de cancer de cuello uterino",numero de personas que recibieron orientacion en anticoncepcion,2015-08-01,0,8,40,13,2,63
SAN PEDRO DE BUENA VISTA,"anticoncepcion, prevencion de its y de cancer de cuello uterino",numero de personas que recibieron orientacion en anticoncepcion,2015-08-01,4,46,109,60,3,222
SAN PEDRO DE CURAHUARA,"anticoncepcion, prevencion de its y de cancer de cuello uterino",numero de personas que recibieron orientacion en anticoncepcion,2015-08-01,0,0,3,3,0,6
SAN PEDRO DE QUEMES,"anticoncepcion, prevencion de its y de cancer de cuello uterino",numero de personas que recibieron orientacion en anticoncepcion,2015-08-01,0,0,0,1,0,1
SAN PEDRO DE TIQUINA,"anticoncepcion, prevencion de its y de cancer de cuello uterino",numero de personas que recibieron orientacion en anticoncepcion,2015-08-01,0,7,22,5,1,35
SAN PEDRO(PND),"anticoncepcion, prevencion de its y de cancer de cuello uterino",numero de personas que recibieron orientacion en anticoncepcion,2015-08-01,0,2,2,1,0,5
SAN RAFAEL,"anticoncepcion, prevencion de its y de cancer de cuello uterino",numero de personas que recibieron orientacion en anticoncepcion,2015-08-01,1,18,83,36,2,140
SAN RAMON BENI,"anticoncepcion, prevencion de its y de cancer de cuello uterino",numero de personas que recibieron orientacion en anticoncepcion,2015-08-01,0,1,17,2,0,20
SAN RAMON SCZ,"anticoncepcion, prevencion de its y de cancer de cuello uterino",numero de personas que recibieron orientacion en anticoncepcion,2015-08-01,0,18,61,7,0,86
SANTA ANA,"anticoncepcion, prevencion de its y de cancer de cuello uterino",numero de personas que recibieron orientacion en anticoncepcion,2015-08-01,3,30,145,43,4,225
SANTA CRUZ DE LA SIERRA,"anticoncepcion, prevencion de its y de cancer de cuello uterino",numero de personas que recibieron orientacion en anticoncepcion,2015-08-01,66,720,1902,580,78,3346
SANTA ROSA,"anticoncepcion, prevencion de its y de cancer de cuello uterino",numero de personas que recibieron orientacion en anticoncepcion,2015-08-01,1,11,20,10,0,42
SANTA ROSA DEL SARA,"anticoncepcion, prevencion de its y de cancer de cuello uterino",numero de personas que recibieron orientacion en anticoncepcion,2015-08-01,2,10,47,7,0,66
SANTIAGO DE CALLAPA,"anticoncepcion, prevencion de its y de cancer de cuello uterino",numero de personas que recibieron orientacion en anticoncepcion,2015-08-01,0,1,3,2,0,6
SANTIAGO DE HUARI,"anticoncepcion, prevencion de its y de cancer de cuello uterino",numero de personas que recibieron orientacion en anticoncepcion,2015-08-01,0,3,42,11,0,56
SANTIAGO DE HUATA,"anticoncepcion, prevencion de its y de cancer de cuello uterino",numero de personas que recibieron orientacion en anticoncepcion,2015-08-01,0,1,5,2,0,8
SANTIAGO DE MACHACA,"anticoncepcion, prevencion de its y de cancer de cuello uterino",numero de personas que recibieron orientacion en anticoncepcion,2015-08-01,0,0,2,3,0,5
SANTIVAÑES,"anticoncepcion, prevencion de its y de cancer de cuello uterino",numero de personas que recibieron orientacion en anticoncepcion,2015-08-01,0,0,10,4,0,14
SANTUARIO DE QUILLACAS,"anticoncepcion, prevencion de its y de cancer de cuello uterino",numero de personas que recibieron orientacion en anticoncepcion,2015-08-01,0,7,29,5,0,41
SAPAHAQUI,"anticoncepcion, prevencion de its y de cancer de cuello uterino",numero de personas que recibieron orientacion en anticoncepcion,2015-08-01,0,4,8,5,0,17
SENA,"anticoncepcion, prevencion de its y de cancer de cuello uterino",numero de personas que recibieron orientacion en anticoncepcion,2015-08-01,1,12,15,3,0,31
SHINAOTA,"anticoncepcion, prevencion de its y de cancer de cuello uterino",numero de personas que recibieron orientacion en anticoncepcion,2015-08-01,0,60,52,19,0,131
SICA SICA (VILLA AROMA),"anticoncepcion, prevencion de its y de cancer de cuello uterino",numero de personas que recibieron orientacion en anticoncepcion,2015-08-01,0,8,28,23,4,63
SICAYA,"anticoncepcion, prevencion de its y de cancer de cuello uterino",numero de personas que recibieron orientacion en anticoncepcion,2015-08-01,0,2,15,7,0,24
SIPE SIPE,"anticoncepcion, prevencion de its y de cancer de cuello uterino",numero de personas que recibieron orientacion en anticoncepcion,2015-08-01,2,55,306,80,5,448
SOPACHUY,"anticoncepcion, prevencion de its y de cancer de cuello uterino",numero de personas que recibieron orientacion en anticoncepcion,2015-08-01,0,15,74,31,5,125
SORACACHI,"anticoncepcion, prevencion de its y de cancer de cuello uterino",numero de personas que recibieron orientacion en anticoncepcion,2015-08-01,0,8,32,12,0,52
SORATA,"anticoncepcion, prevencion de its y de cancer de cuello uterino",numero de personas que recibieron orientacion en anticoncepcion,2015-08-01,0,9,44,16,0,69
SUCRE,"anticoncepcion, prevencion de its y de cancer de cuello uterino",numero de personas que recibieron orientacion en anticoncepcion,2015-08-01,16,441,2460,636,48,3601
TACACHI,"anticoncepcion, prevencion de its y de cancer de cuello uterino",numero de personas que recibieron orientacion en anticoncepcion,2015-08-01,0,1,1,0,0,2
TACACOMA,"anticoncepcion, prevencion de its y de cancer de cuello uterino",numero de personas que recibieron orientacion en anticoncepcion,2015-08-01,0,0,2,0,0,2
TACOBAMBA,"anticoncepcion, prevencion de its y de cancer de cuello uterino",numero de personas que recibieron orientacion en anticoncepcion,2015-08-01,0,2,5,0,0,7
TACOPAYA,"anticoncepcion, prevencion de its y de cancer de cuello uterino",numero de personas que recibieron orientacion en anticoncepcion,2015-08-01,1,3,23,3,0,30
TAHUA,"anticoncepcion, prevencion de its y de cancer de cuello uterino",numero de personas que recibieron orientacion en anticoncepcion,2015-08-01,0,0,7,1,1,9
TAPACARI,"anticoncepcion, prevencion de its y de cancer de cuello uterino",numero de personas que recibieron orientacion en anticoncepcion,2015-08-01,0,5,19,8,1,33
TARABUCO,"anticoncepcion, prevencion de its y de cancer de cuello uterino",numero de personas que recibieron orientacion en anticoncepcion,2015-08-01,0,20,89,58,11,178
TARACO,"anticoncepcion, prevencion de its y de cancer de cuello uterino",numero de personas que recibieron orientacion en anticoncepcion,2015-08-01,0,2,4,0,0,6
TARATA,"anticoncepcion, prevencion de its y de cancer de cuello uterino",numero de personas que recibieron orientacion en anticoncepcion,2015-08-01,0,3,20,10,0,33
TARIJA,"anticoncepcion, prevencion de its y de cancer de cuello uterino",numero de personas que recibieron orientacion en anticoncepcion,2015-08-01,11,79,352,183,3,628
TARVITA,"anticoncepcion, prevencion de its y de cancer de cuello uterino",numero de personas que recibieron orientacion en anticoncepcion,2015-08-01,2,11,15,10,0,38
TEOPONTE,"anticoncepcion, prevencion de its y de cancer de cuello uterino",numero de personas que recibieron orientacion en anticoncepcion,2015-08-01,1,7,19,5,1,33
TIAWANACU,"anticoncepcion, prevencion de its y de cancer de cuello uterino",numero de personas que recibieron orientacion en anticoncepcion,2015-08-01,0,21,32,10,1,64
TINGUIPAYA,"anticoncepcion, prevencion de its y de cancer de cuello uterino",numero de personas que recibieron orientacion en anticoncepcion,2015-08-01,0,10,17,18,2,47
TIPUANI,"anticoncepcion, prevencion de its y de cancer de cuello uterino",numero de personas que recibieron orientacion en anticoncepcion,2015-08-01,0,3,8,1,0,12
TIQUIPAYA,"anticoncepcion, prevencion de its y de cancer de cuello uterino",numero de personas que recibieron orientacion en anticoncepcion,2015-08-01,0,59,131,98,0,288
TIRAQUE (CBBA),"anticoncepcion, prevencion de its y de cancer de cuello uterino",numero de personas que recibieron orientacion en anticoncepcion,2015-08-01,0,2,23,7,0,32
TITO YUPANQUI (PARQUIPUJIO),"anticoncepcion, prevencion de its y de cancer de cuello uterino",numero de personas que recibieron orientacion en anticoncepcion,2015-08-01,0,0,0,1,1,2
TOCO,"anticoncepcion, prevencion de its y de cancer de cuello uterino",numero de personas que recibieron orientacion en anticoncepcion,2015-08-01,0,0,6,3,0,9
TODOS SANTOS,"anticoncepcion, prevencion de its y de cancer de cuello uterino",numero de personas que recibieron orientacion en anticoncepcion,2015-08-01,0,1,0,0,0,1
TOLATA,"anticoncepcion, prevencion de its y de cancer de cuello uterino",numero de personas que recibieron orientacion en anticoncepcion,2015-08-01,0,6,22,9,0,37
TOLEDO,"anticoncepcion, prevencion de its y de cancer de cuello uterino",numero de personas que recibieron orientacion en anticoncepcion,2015-08-01,0,0,7,2,0,9
TOMAVE,"anticoncepcion, prevencion de its y de cancer de cuello uterino",numero de personas que recibieron orientacion en anticoncepcion,2015-08-01,0,6,24,7,1,38
TOMINA,"anticoncepcion, prevencion de its y de cancer de cuello uterino",numero de personas que recibieron orientacion en anticoncepcion,2015-08-01,0,17,13,2,4,36
TORO TORO,"anticoncepcion, prevencion de its y de cancer de cuello uterino",numero de personas que recibieron orientacion en anticoncepcion,2015-08-01,0,23,85,58,11,177
TOTORA(CBBA),"anticoncepcion, prevencion de its y de cancer de cuello uterino",numero de personas que recibieron orientacion en anticoncepcion,2015-08-01,1,19,48,17,0,85
TOTORA(ORR),"anticoncepcion, prevencion de its y de cancer de cuello uterino",numero de personas que recibieron orientacion en anticoncepcion,2015-08-01,0,6,23,2,0,31
TRIGAL,"anticoncepcion, prevencion de its y de cancer de cuello uterino",numero de personas que recibieron orientacion en anticoncepcion,2015-08-01,0,1,1,0,0,2
TRINIDAD,"anticoncepcion, prevencion de its y de cancer de cuello uterino",numero de personas que recibieron orientacion en anticoncepcion,2015-08-01,9,209,768,155,11,1152
TUPIZA,"anticoncepcion, prevencion de its y de cancer de cuello uterino",numero de personas que recibieron orientacion en anticoncepcion,2015-08-01,0,800,114,38,3,955
TURCO,"anticoncepcion, prevencion de its y de cancer de cuello uterino",numero de personas que recibieron orientacion en anticoncepcion,2015-08-01,0,2,24,12,1,39
UMALA,"anticoncepcion, prevencion de its y de cancer de cuello uterino",numero de personas que recibieron orientacion en anticoncepcion,2015-08-01,0,4,12,6,1,23
UNCIA,"anticoncepcion, prevencion de its y de cancer de cuello uterino",numero de personas que recibieron orientacion en anticoncepcion,2015-08-01,0,9,21,7,0,37
URIONDO (A. CONCEPCION),"anticoncepcion, prevencion de its y de cancer de cuello uterino",numero de personas que recibieron orientacion en anticoncepcion,2015-08-01,1,7,66,27,3,104
URUBICHA,"anticoncepcion, prevencion de its y de cancer de cuello uterino",numero de personas que recibieron orientacion en anticoncepcion,2015-08-01,0,0,8,7,3,18
UYUNI,"anticoncepcion, prevencion de its y de cancer de cuello uterino",numero de personas que recibieron orientacion en anticoncepcion,2015-08-01,2,20,49,10,1,82
VACAS,"anticoncepcion, prevencion de its y de cancer de cuello uterino",numero de personas que recibieron orientacion en anticoncepcion,2015-08-01,1,11,28,30,1,71
VALLEGRANDE,"anticoncepcion, prevencion de its y de cancer de cuello uterino",numero de personas que recibieron orientacion en anticoncepcion,2015-08-01,1,6,6,2,0,15
VIACHA,"anticoncepcion, prevencion de its y de cancer de cuello uterino",numero de personas que recibieron orientacion en anticoncepcion,2015-08-01,0,34,171,69,2,276
VILA VILA,"anticoncepcion, prevencion de its y de cancer de cuello uterino",numero de personas que recibieron orientacion en anticoncepcion,2015-08-01,0,3,8,7,0,18
VILLA CHARCAS,"anticoncepcion, prevencion de its y de cancer de cuello uterino",numero de personas que recibieron orientacion en anticoncepcion,2015-08-01,1,7,12,3,1,24
VILLA MONTES,"anticoncepcion, prevencion de its y de cancer de cuello uterino",numero de personas que recibieron orientacion en anticoncepcion,2015-08-01,19,208,157,61,2,447
VILLA NUEVA (LOMA ALTA),"anticoncepcion, prevencion de its y de cancer de cuello uterino",numero de personas que recibieron orientacion en anticoncepcion,2015-08-01,0,2,8,0,0,10
VILLA RIVERO,"anticoncepcion, prevencion de its y de cancer de cuello uterino",numero de personas que recibieron orientacion en anticoncepcion,2015-08-01,1,6,31,9,0,47
VILLA SERRANO,"anticoncepcion, prevencion de its y de cancer de cuello uterino",numero de personas que recibieron orientacion en anticoncepcion,2015-08-01,1,5,34,30,0,70
VILLA TUNARI,"anticoncepcion, prevencion de its y de cancer de cuello uterino",numero de personas que recibieron orientacion en anticoncepcion,2015-08-01,2,54,302,90,5,453
VILLA VACA GUZMAN (MUYUPAMPA),"anticoncepcion, prevencion de its y de cancer de cuello uterino",numero de personas que recibieron orientacion en anticoncepcion,2015-08-01,1,10,40,16,2,69
VILLAZON,"anticoncepcion, prevencion de its y de cancer de cuello uterino",numero de personas que recibieron orientacion en anticoncepcion,2015-08-01,0,24,77,25,1,127
VINTO,"anticoncepcion, prevencion de its y de cancer de cuello uterino",numero de personas que recibieron orientacion en anticoncepcion,2015-08-01,0,45,255,37,5,342
VITICHI,"anticoncepcion, prevencion de its y de cancer de cuello uterino",numero de personas que recibieron orientacion en anticoncepcion,2015-08-01,0,6,20,15,0,41
WALDO BALLIVIAN,"anticoncepcion, prevencion de its y de cancer de cuello uterino",numero de personas que recibieron orientacion en anticoncepcion,2015-08-01,0,0,3,1,0,4
WARNES,"anticoncepcion, prevencion de its y de cancer de cuello uterino",numero de personas que recibieron orientacion en anticoncepcion,2015-08-01,0,69,179,30,9,287
YACO,"anticoncepcion, prevencion de its y de cancer de cuello uterino",numero de personas que recibieron orientacion en anticoncepcion,2015-08-01,0,1,8,2,1,12
YACUIBA,"anticoncepcion, prevencion de its y de cancer de cuello uterino",numero de personas que recibieron orientacion en anticoncepcion,2015-08-01,2,120,483,229,38,872
YAMPARAEZ,"anticoncepcion, prevencion de its y de cancer de cuello uterino",numero de personas que recibieron orientacion en anticoncepcion,2015-08-01,0,8,16,22,8,54
YANACACHI,"anticoncepcion, prevencion de its y de cancer de cuello uterino",numero de personas que recibieron orientacion en anticoncepcion,2015-08-01,0,2,7,6,0,15
YAPACANI,"anticoncepcion, prevencion de its y de cancer de cuello uterino",numero de personas que recibieron orientacion en anticoncepcion,2015-08-01,4,17,112,16,4,153
YOCALLA,"anticoncepcion, prevencion de its y de cancer de cuello uterino",numero de personas que recibieron orientacion en anticoncepcion,2015-08-01,0,2,1,0,0,3
YOTALA,"anticoncepcion, prevencion de its y de cancer de cuello uterino",numero de personas que recibieron orientacion en anticoncepcion,2015-08-01,0,17,44,27,7,95
YUNCHARA,"anticoncepcion, prevencion de its y de cancer de cuello uterino",numero de personas que recibieron orientacion en anticoncepcion,2015-08-01,0,7,24,18,5,54
ZUDAÑEZ,"anticoncepcion, prevencion de its y de cancer de cuello uterino",numero de personas que recibieron orientacion en anticoncepcion,2015-08-01,0,1,12,1,1,15
ACACIO,"anticoncepcion, prevencion de its y de cancer de cuello uterino",numero de personas que recibieron orientacion en anticoncepcion,2015-09-01,0,1,9,4,0,14
ACHACACHI,"anticoncepcion, prevencion de its y de cancer de cuello uterino",numero de personas que recibieron orientacion en anticoncepcion,2015-09-01,0,19,49,14,0,82
ACHOCALLA,"anticoncepcion, prevencion de its y de cancer de cuello uterino",numero de personas que recibieron orientacion en anticoncepcion,2015-09-01,0,3,50,20,1,74
AIQUILE,"anticoncepcion, prevencion de its y de cancer de cuello uterino",numero de personas que recibieron orientacion en anticoncepcion,2015-09-01,2,8,73,31,0,114
ALALAY,"anticoncepcion, prevencion de its y de cancer de cuello uterino",numero de personas que recibieron orientacion en anticoncepcion,2015-09-01,0,2,14,4,0,20
ALCALA,"anticoncepcion, prevencion de its y de cancer de cuello uterino",numero de personas que recibieron orientacion en anticoncepcion,2015-09-01,0,3,5,2,0,10
ALTO BENI,"anticoncepcion, prevencion de its y de cancer de cuello uterino",numero de personas que recibieron orientacion en anticoncepcion,2015-09-01,0,2,14,7,0,23
ANCORAIMES,"anticoncepcion, prevencion de its y de cancer de cuello uterino",numero de personas que recibieron orientacion en anticoncepcion,2015-09-01,0,8,11,4,4,27
ANDAMARCA,"anticoncepcion, prevencion de its y de cancer de cuello uterino",numero de personas que recibieron orientacion en anticoncepcion,2015-09-01,0,1,13,2,0,16
ANTEQUERA,"anticoncepcion, prevencion de its y de cancer de cuello uterino",numero de personas que recibieron orientacion en anticoncepcion,2015-09-01,0,0,0,2,0,2
ANZALDO,"anticoncepcion, prevencion de its y de cancer de cuello uterino",numero de personas que recibieron orientacion en anticoncepcion,2015-09-01,0,3,18,12,3,36
APOLO,"anticoncepcion, prevencion de its y de cancer de cuello uterino",numero de personas que recibieron orientacion en anticoncepcion,2015-09-01,1,34,142,87,6,270
ARAMPAMPA,"anticoncepcion, prevencion de its y de cancer de cuello uterino",numero de personas que recibieron orientacion en anticoncepcion,2015-09-01,0,7,73,31,0,111
ARANI,"anticoncepcion, prevencion de its y de cancer de cuello uterino",numero de personas que recibieron orientacion en anticoncepcion,2015-09-01,0,2,25,6,0,33
ARBIETO,"anticoncepcion, prevencion de its y de cancer de cuello uterino",numero de personas que recibieron orientacion en anticoncepcion,2015-09-01,1,56,146,26,4,233
ARQUE,"anticoncepcion, prevencion de its y de cancer de cuello uterino",numero de personas que recibieron orientacion en anticoncepcion,2015-09-01,0,5,16,8,0,29
ASCENCION DE GUARAYOS,"anticoncepcion, prevencion de its y de cancer de cuello uterino",numero de personas que recibieron orientacion en anticoncepcion,2015-09-01,5,46,102,21,0,174
ATOCHA,"anticoncepcion, prevencion de its y de cancer de cuello uterino",numero de personas que recibieron orientacion en anticoncepcion,2015-09-01,46,7,72,25,3,153
AUCAPATA,"anticoncepcion, prevencion de its y de cancer de cuello uterino",numero de personas que recibieron orientacion en anticoncepcion,2015-09-01,0,3,4,3,1,11
AYATA,"anticoncepcion, prevencion de its y de cancer de cuello uterino",numero de personas que recibieron orientacion en anticoncepcion,2015-09-01,0,1,10,6,0,17
AYO AYO,"anticoncepcion, prevencion de its y de cancer de cuello uterino",numero de personas que recibieron orientacion en anticoncepcion,2015-09-01,0,2,12,2,1,17
AYOPAYA (V. DE INDEPENDENCIA),"anticoncepcion, prevencion de its y de cancer de cuello uterino",numero de personas que recibieron orientacion en anticoncepcion,2015-09-01,0,15,79,33,0,127
AZURDUY,"anticoncepcion, prevencion de its y de cancer de cuello uterino",numero de personas que recibieron orientacion en anticoncepcion,2015-09-01,0,9,34,21,1,65
BATALLAS,"anticoncepcion, prevencion de its y de cancer de cuello uterino",numero de personas que recibieron orientacion en anticoncepcion,2015-09-01,0,0,10,5,0,15
BAURES,"anticoncepcion, prevencion de its y de cancer de cuello uterino",numero de personas que recibieron orientacion en anticoncepcion,2015-09-01,0,0,20,1,0,21
BELEN DE ANDAMARCA,"anticoncepcion, prevencion de its y de cancer de cuello uterino",numero de personas que recibieron orientacion en anticoncepcion,2015-09-01,0,0,3,1,0,4
BELEN DE URMIRI,"anticoncepcion, prevencion de its y de cancer de cuello uterino",numero de personas que recibieron orientacion en anticoncepcion,2015-09-01,0,0,1,0,0,1
BELLA FLOR,"anticoncepcion, prevencion de its y de cancer de cuello uterino",numero de personas que recibieron orientacion en anticoncepcion,2015-09-01,1,9,12,4,0,26
BERMEJO,"anticoncepcion, prevencion de its y de cancer de cuello uterino",numero de personas que recibieron orientacion en anticoncepcion,2015-09-01,2,46,302,145,32,527
BETANZOS,"anticoncepcion, prevencion de its y de cancer de cuello uterino",numero de personas que recibieron orientacion en anticoncepcion,2015-09-01,0,7,15,13,0,35
BOLIVAR,"anticoncepcion, prevencion de its y de cancer de cuello uterino",numero de personas que recibieron orientacion en anticoncepcion,2015-09-01,0,0,10,4,0,14
BOLPEBRA,"anticoncepcion, prevencion de its y de cancer de cuello uterino",numero de personas que recibieron orientacion en anticoncepcion,2015-09-01,0,1,0,1,0,2
BOYUIBE,"anticoncepcion, prevencion de its y de cancer de cuello uterino",numero de personas que recibieron orientacion en anticoncepcion,2015-09-01,0,1,7,4,0,12
BUENA VISTA,"anticoncepcion, prevencion de its y de cancer de cuello uterino",numero de personas que recibieron orientacion en anticoncepcion,2015-09-01,0,7,34,6,0,47
CABEZAS,"anticoncepcion, prevencion de its y de cancer de cuello uterino",numero de personas que recibieron orientacion en anticoncepcion,2015-09-01,0,17,39,12,0,68
CAIROMA,"anticoncepcion, prevencion de its y de cancer de cuello uterino",numero de personas que recibieron orientacion en anticoncepcion,2015-09-01,0,2,1,0,0,3
"CAIZA ""D""","anticoncepcion, prevencion de its y de cancer de cuello uterino",numero de personas que recibieron orientacion en anticoncepcion,2015-09-01,0,4,36,15,7,62
CAJUATA,"anticoncepcion, prevencion de its y de cancer de cuello uterino",numero de personas que recibieron orientacion en anticoncepcion,2015-09-01,1,9,12,8,0,30
CALACOTO,"anticoncepcion, prevencion de its y de cancer de cuello uterino",numero de personas que recibieron orientacion en anticoncepcion,2015-09-01,0,0,1,0,0,1
CALAMARCA,"anticoncepcion, prevencion de its y de cancer de cuello uterino",numero de personas que recibieron orientacion en anticoncepcion,2015-09-01,0,5,21,6,1,33
CAMARGO,"anticoncepcion, prevencion de its y de cancer de cuello uterino",numero de personas que recibieron orientacion en anticoncepcion,2015-09-01,0,10,47,41,0,98
CAMATAQUI (C. VILLA ABECIA),"anticoncepcion, prevencion de its y de cancer de cuello uterino",numero de personas que recibieron orientacion en anticoncepcion,2015-09-01,0,1,11,2,0,14
CAMIRI,"anticoncepcion, prevencion de its y de cancer de cuello uterino",numero de personas que recibieron orientacion en anticoncepcion,2015-09-01,0,4,15,5,0,24
CAPINOTA,"anticoncepcion, prevencion de its y de cancer de cuello uterino",numero de personas que recibieron orientacion en anticoncepcion,2015-09-01,1,6,20,10,0,37
CAQUIAVIRI,"anticoncepcion, prevencion de its y de cancer de cuello uterino",numero de personas que recibieron orientacion en anticoncepcion,2015-09-01,0,0,4,0,0,4
CARACOLLO,"anticoncepcion, prevencion de its y de cancer de cuello uterino",numero de personas que recibieron orientacion en anticoncepcion,2015-09-01,0,4,11,9,2,26
CARANAVI,"anticoncepcion, prevencion de its y de cancer de cuello uterino",numero de personas que recibieron orientacion en anticoncepcion,2015-09-01,1,40,214,107,26,388
CARANGAS,"anticoncepcion, prevencion de its y de cancer de cuello uterino",numero de personas que recibieron orientacion en anticoncepcion,2015-09-01,0,0,1,2,0,3
CARAPARI,"anticoncepcion, prevencion de its y de cancer de cuello uterino",numero de personas que recibieron orientacion en anticoncepcion,2015-09-01,1,11,74,28,2,116
CARIPUYO,"anticoncepcion, prevencion de its y de cancer de cuello uterino",numero de personas que recibieron orientacion en anticoncepcion,2015-09-01,0,6,12,36,1,55
CARMEN RIVERO TORREZ,"anticoncepcion, prevencion de its y de cancer de cuello uterino",numero de personas que recibieron orientacion en anticoncepcion,2015-09-01,0,2,10,0,0,12
CATACORA,"anticoncepcion, prevencion de its y de cancer de cuello uterino",numero de personas que recibieron orientacion en anticoncepcion,2015-09-01,0,0,0,1,0,1
CHACARILLA,"anticoncepcion, prevencion de its y de cancer de cuello uterino",numero de personas que recibieron orientacion en anticoncepcion,2015-09-01,0,0,3,1,0,4
CHALLAPATA,"anticoncepcion, prevencion de its y de cancer de cuello uterino",numero de personas que recibieron orientacion en anticoncepcion,2015-09-01,1,41,124,39,1,206
CHAQUI,"anticoncepcion, prevencion de its y de cancer de cuello uterino",numero de personas que recibieron orientacion en anticoncepcion,2015-09-01,1,10,36,23,3,73
CHARAGUA,"anticoncepcion, prevencion de its y de cancer de cuello uterino",numero de personas que recibieron orientacion en anticoncepcion,2015-09-01,0,3,43,12,0,58
CHAYANTA,"anticoncepcion, prevencion de its y de cancer de cuello uterino",numero de personas que recibieron orientacion en anticoncepcion,2015-09-01,0,6,34,9,0,49
CHIMORE,"anticoncepcion, prevencion de its y de cancer de cuello uterino",numero de personas que recibieron orientacion en anticoncepcion,2015-09-01,23,37,132,46,6,244
CHIPAYA,"anticoncepcion, prevencion de its y de cancer de cuello uterino",numero de personas que recibieron orientacion en anticoncepcion,2015-09-01,1,2,1,0,0,4
CHOQUE COTA,"anticoncepcion, prevencion de its y de cancer de cuello uterino",numero de personas que recibieron orientacion en anticoncepcion,2015-09-01,1,12,10,4,0,27
CHUA COCANI,"anticoncepcion, prevencion de its y de cancer de cuello uterino",numero de personas que recibieron orientacion en anticoncepcion,2015-09-01,0,1,6,1,0,8
CHULUMANI (V. DE LA LIBERTAD),"anticoncepcion, prevencion de its y de cancer de cuello uterino",numero de personas que recibieron orientacion en anticoncepcion,2015-09-01,0,11,36,8,1,56
CHUMA,"anticoncepcion, prevencion de its y de cancer de cuello uterino",numero de personas que recibieron orientacion en anticoncepcion,2015-09-01,0,1,11,6,0,18
CHUQUIHUTA AYLLU JUCUMANI,"anticoncepcion, prevencion de its y de cancer de cuello uterino",numero de personas que recibieron orientacion en anticoncepcion,2015-09-01,0,3,8,2,0,13
CKOCHAS,"anticoncepcion, prevencion de its y de cancer de cuello uterino",numero de personas que recibieron orientacion en anticoncepcion,2015-09-01,1,11,70,49,8,139
CLIZA,"anticoncepcion, prevencion de its y de cancer de cuello uterino",numero de personas que recibieron orientacion en anticoncepcion,2015-09-01,2,30,159,33,1,225
COBIJA,"anticoncepcion, prevencion de its y de cancer de cuello uterino",numero de personas que recibieron orientacion en anticoncepcion,2015-09-01,3,46,235,80,12,376
COCAPATA,"anticoncepcion, prevencion de its y de cancer de cuello uterino",numero de personas que recibieron orientacion en anticoncepcion,2015-09-01,0,23,63,38,0,124
COCHABAMBA,"anticoncepcion, prevencion de its y de cancer de cuello uterino",numero de personas que recibieron orientacion en anticoncepcion,2015-09-01,60,362,2718,546,43,3729
COIPASA,"anticoncepcion, prevencion de its y de cancer de cuello uterino",numero de personas que recibieron orientacion en anticoncepcion,2015-09-01,0,0,5,0,0,5
COLCAPIRHUA,"anticoncepcion, prevencion de its y de cancer de cuello uterino",numero de personas que recibieron orientacion en anticoncepcion,2015-09-01,1,126,929,133,12,1201
"COLCHA ""K""","anticoncepcion, prevencion de its y de cancer de cuello uterino",numero de personas que recibieron orientacion en anticoncepcion,2015-09-01,0,4,19,3,0,26
COLLANA,"anticoncepcion, prevencion de its y de cancer de cuello uterino",numero de personas que recibieron orientacion en anticoncepcion,2015-09-01,0,1,2,1,0,4
COLOMI,"anticoncepcion, prevencion de its y de cancer de cuello uterino",numero de personas que recibieron orientacion en anticoncepcion,2015-09-01,0,6,52,15,1,74
COLPA BELGICA,"anticoncepcion, prevencion de its y de cancer de cuello uterino",numero de personas que recibieron orientacion en anticoncepcion,2015-09-01,1,6,11,0,0,18
COLQUECHACA,"anticoncepcion, prevencion de its y de cancer de cuello uterino",numero de personas que recibieron orientacion en anticoncepcion,2015-09-01,1,4,24,9,0,38
COLQUENCHA,"anticoncepcion, prevencion de its y de cancer de cuello uterino",numero de personas que recibieron orientacion en anticoncepcion,2015-09-01,0,0,8,2,0,10
COLQUIRI,"anticoncepcion, prevencion de its y de cancer de cuello uterino",numero de personas que recibieron orientacion en anticoncepcion,2015-09-01,1,11,32,11,1,56
COMANCHE,"anticoncepcion, prevencion de its y de cancer de cuello uterino",numero de personas que recibieron orientacion en anticoncepcion,2015-09-01,0,1,1,0,0,2
COMARAPA,"anticoncepcion, prevencion de its y de cancer de cuello uterino",numero de personas que recibieron orientacion en anticoncepcion,2015-09-01,0,34,33,12,0,79
COMBAYA,"anticoncepcion, prevencion de its y de cancer de cuello uterino",numero de personas que recibieron orientacion en anticoncepcion,2015-09-01,0,1,1,1,0,3
CONCEPCION,"anticoncepcion, prevencion de its y de cancer de cuello uterino",numero de personas que recibieron orientacion en anticoncepcion,2015-09-01,0,5,23,7,0,35
COPACABANA,"anticoncepcion, prevencion de its y de cancer de cuello uterino",numero de personas que recibieron orientacion en anticoncepcion,2015-09-01,0,0,0,1,0,1
CORIPATA,"anticoncepcion, prevencion de its y de cancer de cuello uterino",numero de personas que recibieron orientacion en anticoncepcion,2015-09-01,0,3,12,3,0,18
CORO CORO,"anticoncepcion, prevencion de its y de cancer de cuello uterino",numero de personas que recibieron orientacion en anticoncepcion,2015-09-01,0,0,6,1,0,7
COROICO,"anticoncepcion, prevencion de its y de cancer de cuello uterino",numero de personas que recibieron orientacion en anticoncepcion,2015-09-01,0,3,8,3,0,14
CORQUE,"anticoncepcion, prevencion de its y de cancer de cuello uterino",numero de personas que recibieron orientacion en anticoncepcion,2015-09-01,0,8,20,11,1,40
COTAGAITA,"anticoncepcion, prevencion de its y de cancer de cuello uterino",numero de personas que recibieron orientacion en anticoncepcion,2015-09-01,0,13,75,50,12,150
COTOCA,"anticoncepcion, prevencion de its y de cancer de cuello uterino",numero de personas que recibieron orientacion en anticoncepcion,2015-09-01,2,37,96,22,1,158
CRUZ DE MACHACAMARCA,"anticoncepcion, prevencion de its y de cancer de cuello uterino",numero de personas que recibieron orientacion en anticoncepcion,2015-09-01,0,0,3,1,0,4
CUATRO CAÑADAS,"anticoncepcion, prevencion de its y de cancer de cuello uterino",numero de personas que recibieron orientacion en anticoncepcion,2015-09-01,10,40,64,17,1,132
CUCHUMUELA (V. G. VILLARROEL),"anticoncepcion, prevencion de its y de cancer de cuello uterino",numero de personas que recibieron orientacion en anticoncepcion,2015-09-01,0,0,4,3,0,7
CUEVO,"anticoncepcion, prevencion de its y de cancer de cuello uterino",numero de personas que recibieron orientacion en anticoncepcion,2015-09-01,0,0,5,0,0,5
CULPINA,"anticoncepcion, prevencion de its y de cancer de cuello uterino",numero de personas que recibieron orientacion en anticoncepcion,2015-09-01,0,13,64,48,1,126
CURAHUARA DE CARANGAS,"anticoncepcion, prevencion de its y de cancer de cuello uterino",numero de personas que recibieron orientacion en anticoncepcion,2015-09-01,0,1,6,5,2,14
CURVA,"anticoncepcion, prevencion de its y de cancer de cuello uterino",numero de personas que recibieron orientacion en anticoncepcion,2015-09-01,0,1,3,1,0,5
DESAGUADERO,"anticoncepcion, prevencion de its y de cancer de cuello uterino",numero de personas que recibieron orientacion en anticoncepcion,2015-09-01,0,1,2,0,0,3
EL ALTO,"anticoncepcion, prevencion de its y de cancer de cuello uterino",numero de personas que recibieron orientacion en anticoncepcion,2015-09-01,6,371,2390,1043,68,3878
EL CHORO,"anticoncepcion, prevencion de its y de cancer de cuello uterino",numero de personas que recibieron orientacion en anticoncepcion,2015-09-01,0,1,13,4,0,18
EL PUENTE(STC),"anticoncepcion, prevencion de its y de cancer de cuello uterino",numero de personas que recibieron orientacion en anticoncepcion,2015-09-01,1,8,22,7,1,39
EL PUENTE(TJA),"anticoncepcion, prevencion de its y de cancer de cuello uterino",numero de personas que recibieron orientacion en anticoncepcion,2015-09-01,0,8,42,32,8,90
EL TORNO,"anticoncepcion, prevencion de its y de cancer de cuello uterino",numero de personas que recibieron orientacion en anticoncepcion,2015-09-01,16,56,102,25,8,207
EL VILLAR,"anticoncepcion, prevencion de its y de cancer de cuello uterino",numero de personas que recibieron orientacion en anticoncepcion,2015-09-01,0,3,6,3,0,12
ENTRE RIOS TRJ,"anticoncepcion, prevencion de its y de cancer de cuello uterino",numero de personas que recibieron orientacion en anticoncepcion,2015-09-01,0,17,26,5,0,48
ENTRE RIOS CBBA,"anticoncepcion, prevencion de its y de cancer de cuello uterino",numero de personas que recibieron orientacion en anticoncepcion,2015-09-01,1,17,55,17,0,90
ESCARA,"anticoncepcion, prevencion de its y de cancer de cuello uterino",numero de personas que recibieron orientacion en anticoncepcion,2015-09-01,0,1,2,0,0,3
ESCOMA,"anticoncepcion, prevencion de its y de cancer de cuello uterino",numero de personas que recibieron orientacion en anticoncepcion,2015-09-01,0,12,3,3,0,18
EUCALIPTUS,"anticoncepcion, prevencion de its y de cancer de cuello uterino",numero de personas que recibieron orientacion en anticoncepcion,2015-09-01,0,1,6,0,0,7
EUREKA (SANTOS MERCADO),"anticoncepcion, prevencion de its y de cancer de cuello uterino",numero de personas que recibieron orientacion en anticoncepcion,2015-09-01,1,0,5,1,0,7
FERNANDEZ ALONSO,"anticoncepcion, prevencion de its y de cancer de cuello uterino",numero de personas que recibieron orientacion en anticoncepcion,2015-09-01,0,4,21,6,1,32
FILADELFIA,"anticoncepcion, prevencion de its y de cancer de cuello uterino",numero de personas que recibieron orientacion en anticoncepcion,2015-09-01,0,3,6,0,0,9
GENERAL SAAVEDRA,"anticoncepcion, prevencion de its y de cancer de cuello uterino",numero de personas que recibieron orientacion en anticoncepcion,2015-09-01,0,16,43,19,3,81
GRAL. J.J. PEREZ (CHARAZANI),"anticoncepcion, prevencion de its y de cancer de cuello uterino",numero de personas que recibieron orientacion en anticoncepcion,2015-09-01,0,0,14,8,4,26
GUANAY,"anticoncepcion, prevencion de its y de cancer de cuello uterino",numero de personas que recibieron orientacion en anticoncepcion,2015-09-01,0,7,31,9,0,47
GUAQUI,"anticoncepcion, prevencion de its y de cancer de cuello uterino",numero de personas que recibieron orientacion en anticoncepcion,2015-09-01,0,6,9,4,1,20
GUAYARAMERIN,"anticoncepcion, prevencion de its y de cancer de cuello uterino",numero de personas que recibieron orientacion en anticoncepcion,2015-09-01,5,82,221,80,13,401
GUTIERREZ,"anticoncepcion, prevencion de its y de cancer de cuello uterino",numero de personas que recibieron orientacion en anticoncepcion,2015-09-01,0,1,7,3,0,11
HUACARETA,"anticoncepcion, prevencion de its y de cancer de cuello uterino",numero de personas que recibieron orientacion en anticoncepcion,2015-09-01,0,12,54,19,6,91
HUACAYA (VILLA DE HUACAYA),"anticoncepcion, prevencion de its y de cancer de cuello uterino",numero de personas que recibieron orientacion en anticoncepcion,2015-09-01,0,0,6,2,0,8
HUACHACALLA,"anticoncepcion, prevencion de its y de cancer de cuello uterino",numero de personas que recibieron orientacion en anticoncepcion,2015-09-01,0,0,9,3,0,12
HUANUNI,"anticoncepcion, prevencion de its y de cancer de cuello uterino",numero de personas que recibieron orientacion en anticoncepcion,2015-09-01,0,6,45,15,3,69
HUARACAJE,"anticoncepcion, prevencion de its y de cancer de cuello uterino",numero de personas que recibieron orientacion en anticoncepcion,2015-09-01,0,2,3,4,0,9
HUARINA,"anticoncepcion, prevencion de its y de cancer de cuello uterino",numero de personas que recibieron orientacion en anticoncepcion,2015-09-01,0,0,1,1,0,2
HUATAJATA,"anticoncepcion, prevencion de its y de cancer de cuello uterino",numero de personas que recibieron orientacion en anticoncepcion,2015-09-01,0,0,3,3,0,6
HUAYLLAMARCA,"anticoncepcion, prevencion de its y de cancer de cuello uterino",numero de personas que recibieron orientacion en anticoncepcion,2015-09-01,1,5,13,10,0,29
ICHOCA,"anticoncepcion, prevencion de its y de cancer de cuello uterino",numero de personas que recibieron orientacion en anticoncepcion,2015-09-01,0,0,3,2,0,5
ICLA,"anticoncepcion, prevencion de its y de cancer de cuello uterino",numero de personas que recibieron orientacion en anticoncepcion,2015-09-01,0,11,51,37,10,109
INCAHUASI,"anticoncepcion, prevencion de its y de cancer de cuello uterino",numero de personas que recibieron orientacion en anticoncepcion,2015-09-01,4,9,42,22,3,80
INQUISIVI,"anticoncepcion, prevencion de its y de cancer de cuello uterino",numero de personas que recibieron orientacion en anticoncepcion,2015-09-01,0,5,13,8,0,26
IRUPANA (VILLA DE LANZA),"anticoncepcion, prevencion de its y de cancer de cuello uterino",numero de personas que recibieron orientacion en anticoncepcion,2015-09-01,0,2,22,13,0,37
IXIAMAS,"anticoncepcion, prevencion de its y de cancer de cuello uterino",numero de personas que recibieron orientacion en anticoncepcion,2015-09-01,0,5,22,9,0,36
JESUS DE MACHACA,"anticoncepcion, prevencion de its y de cancer de cuello uterino",numero de personas que recibieron orientacion en anticoncepcion,2015-09-01,0,11,23,23,17,74
LA ASUNTA,"anticoncepcion, prevencion de its y de cancer de cuello uterino",numero de personas que recibieron orientacion en anticoncepcion,2015-09-01,0,11,39,8,0,58
LA GUARDIA,"anticoncepcion, prevencion de its y de cancer de cuello uterino",numero de personas que recibieron orientacion en anticoncepcion,2015-09-01,5,48,239,50,0,342
LA PAZ,"anticoncepcion, prevencion de its y de cancer de cuello uterino",numero de personas que recibieron orientacion en anticoncepcion,2015-09-01,0,242,1416,418,54,2130
LAGUNILLAS,"anticoncepcion, prevencion de its y de cancer de cuello uterino",numero de personas que recibieron orientacion en anticoncepcion,2015-09-01,0,2,17,7,0,26
LAJA,"anticoncepcion, prevencion de its y de cancer de cuello uterino",numero de personas que recibieron orientacion en anticoncepcion,2015-09-01,2,14,27,6,3,52
LAS CARRERAS,"anticoncepcion, prevencion de its y de cancer de cuello uterino",numero de personas que recibieron orientacion en anticoncepcion,2015-09-01,0,1,11,5,0,17
LICOMA PAMPA,"anticoncepcion, prevencion de its y de cancer de cuello uterino",numero de personas que recibieron orientacion en anticoncepcion,2015-09-01,0,0,1,1,0,2
LLALLAGUA,"anticoncepcion, prevencion de its y de cancer de cuello uterino",numero de personas que recibieron orientacion en anticoncepcion,2015-09-01,0,43,196,46,2,287
LLICA,"anticoncepcion, prevencion de its y de cancer de cuello uterino",numero de personas que recibieron orientacion en anticoncepcion,2015-09-01,0,3,5,0,0,8
LORETO,"anticoncepcion, prevencion de its y de cancer de cuello uterino",numero de personas que recibieron orientacion en anticoncepcion,2015-09-01,0,7,14,8,0,29
LURIBAY,"anticoncepcion, prevencion de its y de cancer de cuello uterino",numero de personas que recibieron orientacion en anticoncepcion,2015-09-01,0,2,11,17,6,36
MACHARETI,"anticoncepcion, prevencion de its y de cancer de cuello uterino",numero de personas que recibieron orientacion en anticoncepcion,2015-09-01,0,9,34,3,2,48
MAGDALENA,"anticoncepcion, prevencion de its y de cancer de cuello uterino",numero de personas que recibieron orientacion en anticoncepcion,2015-09-01,3,19,39,16,0,77
MAIRANA,"anticoncepcion, prevencion de its y de cancer de cuello uterino",numero de personas que recibieron orientacion en anticoncepcion,2015-09-01,0,10,33,11,0,54
MALLA,"anticoncepcion, prevencion de its y de cancer de cuello uterino",numero de personas que recibieron orientacion en anticoncepcion,2015-09-01,0,1,0,0,0,1
MAPIRI,"anticoncepcion, prevencion de its y de cancer de cuello uterino",numero de personas que recibieron orientacion en anticoncepcion,2015-09-01,0,0,1,1,0,2
MECAPACA,"anticoncepcion, prevencion de its y de cancer de cuello uterino",numero de personas que recibieron orientacion en anticoncepcion,2015-09-01,0,1,21,9,2,33
MINEROS,"anticoncepcion, prevencion de its y de cancer de cuello uterino",numero de personas que recibieron orientacion en anticoncepcion,2015-09-01,0,14,87,10,0,111
MIZQUE,"anticoncepcion, prevencion de its y de cancer de cuello uterino",numero de personas que recibieron orientacion en anticoncepcion,2015-09-01,1,23,90,37,0,151
MOCOMOCO,"anticoncepcion, prevencion de its y de cancer de cuello uterino",numero de personas que recibieron orientacion en anticoncepcion,2015-09-01,0,0,5,0,0,5
MOJINETE,"anticoncepcion, prevencion de its y de cancer de cuello uterino",numero de personas que recibieron orientacion en anticoncepcion,2015-09-01,0,0,2,0,0,2
MOJOCOYA,"anticoncepcion, prevencion de its y de cancer de cuello uterino",numero de personas que recibieron orientacion en anticoncepcion,2015-09-01,0,7,35,32,2,76
MONTEAGUDO,"anticoncepcion, prevencion de its y de cancer de cuello uterino",numero de personas que recibieron orientacion en anticoncepcion,2015-09-01,1,56,155,81,9,302
MONTERO,"anticoncepcion, prevencion de its y de cancer de cuello uterino",numero de personas que recibieron orientacion en anticoncepcion,2015-09-01,8,78,383,119,31,619
MOROCHATA,"anticoncepcion, prevencion de its y de cancer de cuello uterino",numero de personas que recibieron orientacion en anticoncepcion,2015-09-01,1,27,52,43,0,123
NACEBE (SANTA ROSA DEL ABUNA),"anticoncepcion, prevencion de its y de cancer de cuello uterino",numero de personas que recibieron orientacion en anticoncepcion,2015-09-01,0,4,9,7,1,21
NUEVO MANOA (NUEVA ESPERANZA),"anticoncepcion, prevencion de its y de cancer de cuello uterino",numero de personas que recibieron orientacion en anticoncepcion,2015-09-01,3,3,31,10,0,47
OCURI,"anticoncepcion, prevencion de its y de cancer de cuello uterino",numero de personas que recibieron orientacion en anticoncepcion,2015-09-01,0,5,8,6,0,19
OKINAWA,"anticoncepcion, prevencion de its y de cancer de cuello uterino",numero de personas que recibieron orientacion en anticoncepcion,2015-09-01,1,7,18,8,0,34
OMEREQUE,"anticoncepcion, prevencion de its y de cancer de cuello uterino",numero de personas que recibieron orientacion en anticoncepcion,2015-09-01,0,7,14,10,0,31
ORURO,"anticoncepcion, prevencion de its y de cancer de cuello uterino",numero de personas que recibieron orientacion en anticoncepcion,2015-09-01,7,469,1589,418,21,2504
PADCAYA,"anticoncepcion, prevencion de its y de cancer de cuello uterino",numero de personas que recibieron orientacion en anticoncepcion,2015-09-01,0,11,69,42,0,122
PADILLA,"anticoncepcion, prevencion de its y de cancer de cuello uterino",numero de personas que recibieron orientacion en anticoncepcion,2015-09-01,0,5,49,32,0,86
PAILON,"anticoncepcion, prevencion de its y de cancer de cuello uterino",numero de personas que recibieron orientacion en anticoncepcion,2015-09-01,9,80,197,9,0,295
PALCA,"anticoncepcion, prevencion de its y de cancer de cuello uterino",numero de personas que recibieron orientacion en anticoncepcion,2015-09-01,0,4,42,7,1,54
PALOS BLANCOS,"anticoncepcion, prevencion de its y de cancer de cuello uterino",numero de personas que recibieron orientacion en anticoncepcion,2015-09-01,1,14,73,37,4,129
PAMPA AULLAGAS,"anticoncepcion, prevencion de its y de cancer de cuello uterino",numero de personas que recibieron orientacion en anticoncepcion,2015-09-01,0,1,9,5,0,15
PAMPA GRANDE,"anticoncepcion, prevencion de its y de cancer de cuello uterino",numero de personas que recibieron orientacion en anticoncepcion,2015-09-01,0,0,7,0,0,7
PAPEL PAMPA,"anticoncepcion, prevencion de its y de cancer de cuello uterino",numero de personas que recibieron orientacion en anticoncepcion,2015-09-01,0,1,10,7,0,18
PASORAPA,"anticoncepcion, prevencion de its y de cancer de cuello uterino",numero de personas que recibieron orientacion en anticoncepcion,2015-09-01,1,2,31,19,0,53
PATACAMAYA,"anticoncepcion, prevencion de its y de cancer de cuello uterino",numero de personas que recibieron orientacion en anticoncepcion,2015-09-01,0,2,10,1,0,13
PAZÑA,"anticoncepcion, prevencion de its y de cancer de cuello uterino",numero de personas que recibieron orientacion en anticoncepcion,2015-09-01,0,4,46,20,1,71
PELECHUCO,"anticoncepcion, prevencion de its y de cancer de cuello uterino",numero de personas que recibieron orientacion en anticoncepcion,2015-09-01,0,0,10,4,0,14
POCOATA,"anticoncepcion, prevencion de its y de cancer de cuello uterino",numero de personas que recibieron orientacion en anticoncepcion,2015-09-01,0,21,46,27,0,94
POCONA,"anticoncepcion, prevencion de its y de cancer de cuello uterino",numero de personas que recibieron orientacion en anticoncepcion,2015-09-01,2,21,59,34,3,119
POJO (CBBA),"anticoncepcion, prevencion de its y de cancer de cuello uterino",numero de personas que recibieron orientacion en anticoncepcion,2015-09-01,0,8,20,5,0,33
POOPO,"anticoncepcion, prevencion de its y de cancer de cuello uterino",numero de personas que recibieron orientacion en anticoncepcion,2015-09-01,0,1,10,0,0,11
PORCO,"anticoncepcion, prevencion de its y de cancer de cuello uterino",numero de personas que recibieron orientacion en anticoncepcion,2015-09-01,0,5,29,4,2,40
POROMA,"anticoncepcion, prevencion de its y de cancer de cuello uterino",numero de personas que recibieron orientacion en anticoncepcion,2015-09-01,0,3,6,1,0,10
PORONGO,"anticoncepcion, prevencion de its y de cancer de cuello uterino",numero de personas que recibieron orientacion en anticoncepcion,2015-09-01,0,13,57,19,8,97
PORTACHUELO,"anticoncepcion, prevencion de its y de cancer de cuello uterino",numero de personas que recibieron orientacion en anticoncepcion,2015-09-01,0,8,9,0,0,17
PORVENIR,"anticoncepcion, prevencion de its y de cancer de cuello uterino",numero de personas que recibieron orientacion en anticoncepcion,2015-09-01,0,0,2,0,0,2
POSTRER VALLE,"anticoncepcion, prevencion de its y de cancer de cuello uterino",numero de personas que recibieron orientacion en anticoncepcion,2015-09-01,1,2,3,0,0,6
POTOSI,"anticoncepcion, prevencion de its y de cancer de cuello uterino",numero de personas que recibieron orientacion en anticoncepcion,2015-09-01,1,48,378,85,4,516
PRESTO,"anticoncepcion, prevencion de its y de cancer de cuello uterino",numero de personas que recibieron orientacion en anticoncepcion,2015-09-01,1,12,70,37,10,130
PUCARANI,"anticoncepcion, prevencion de its y de cancer de cuello uterino",numero de personas que recibieron orientacion en anticoncepcion,2015-09-01,0,16,50,22,1,89
PUERTO ACOSTA,"anticoncepcion, prevencion de its y de cancer de cuello uterino",numero de personas que recibieron orientacion en anticoncepcion,2015-09-01,0,2,6,3,0,11
PUERTO CARABUCO,"anticoncepcion, prevencion de its y de cancer de cuello uterino",numero de personas que recibieron orientacion en anticoncepcion,2015-09-01,0,1,12,7,0,20
PUERTO GONZALO MORENO,"anticoncepcion, prevencion de its y de cancer de cuello uterino",numero de personas que recibieron orientacion en anticoncepcion,2015-09-01,5,22,94,81,40,242
PUERTO PEREZ,"anticoncepcion, prevencion de its y de cancer de cuello uterino",numero de personas que recibieron orientacion en anticoncepcion,2015-09-01,0,2,13,4,0,19
PUERTO QUIJARRO,"anticoncepcion, prevencion de its y de cancer de cuello uterino",numero de personas que recibieron orientacion en anticoncepcion,2015-09-01,0,14,46,7,1,68
PUERTO RICO,"anticoncepcion, prevencion de its y de cancer de cuello uterino",numero de personas que recibieron orientacion en anticoncepcion,2015-09-01,1,13,14,3,0,31
PUERTO SILES,"anticoncepcion, prevencion de its y de cancer de cuello uterino",numero de personas que recibieron orientacion en anticoncepcion,2015-09-01,0,4,4,2,0,10
PUERTO SUAREZ,"anticoncepcion, prevencion de its y de cancer de cuello uterino",numero de personas que recibieron orientacion en anticoncepcion,2015-09-01,0,0,39,7,0,46
PUERTO VILLARROEL,"anticoncepcion, prevencion de its y de cancer de cuello uterino",numero de personas que recibieron orientacion en anticoncepcion,2015-09-01,5,41,111,29,1,187
PUNA,"anticoncepcion, prevencion de its y de cancer de cuello uterino",numero de personas que recibieron orientacion en anticoncepcion,2015-09-01,0,17,75,30,14,136
PUNATA,"anticoncepcion, prevencion de its y de cancer de cuello uterino",numero de personas que recibieron orientacion en anticoncepcion,2015-09-01,0,4,60,9,0,73
QUIABAYA,"anticoncepcion, prevencion de its y de cancer de cuello uterino",numero de personas que recibieron orientacion en anticoncepcion,2015-09-01,0,0,3,2,1,6
QUILLACOLLO,"anticoncepcion, prevencion de its y de cancer de cuello uterino",numero de personas que recibieron orientacion en anticoncepcion,2015-09-01,23,458,1016,243,11,1751
QUIME,"anticoncepcion, prevencion de its y de cancer de cuello uterino",numero de personas que recibieron orientacion en anticoncepcion,2015-09-01,0,1,13,2,0,16
QUIRUSILLAS,"anticoncepcion, prevencion de its y de cancer de cuello uterino",numero de personas que recibieron orientacion en anticoncepcion,2015-09-01,0,0,3,2,0,5
RAVELO,"anticoncepcion, prevencion de its y de cancer de cuello uterino",numero de personas que recibieron orientacion en anticoncepcion,2015-09-01,2,5,50,46,12,115
REYES,"anticoncepcion, prevencion de its y de cancer de cuello uterino",numero de personas que recibieron orientacion en anticoncepcion,2015-09-01,20,27,49,19,0,115
RIBERALTA,"anticoncepcion, prevencion de its y de cancer de cuello uterino",numero de personas que recibieron orientacion en anticoncepcion,2015-09-01,152,495,1118,201,9,1975
ROBORE,"anticoncepcion, prevencion de its y de cancer de cuello uterino",numero de personas que recibieron orientacion en anticoncepcion,2015-09-01,0,8,35,6,0,49
RURRENABAQUE,"anticoncepcion, prevencion de its y de cancer de cuello uterino",numero de personas que recibieron orientacion en anticoncepcion,2015-09-01,2,25,95,13,4,139
SABAYA,"anticoncepcion, prevencion de its y de cancer de cuello uterino",numero de personas que recibieron orientacion en anticoncepcion,2015-09-01,0,2,6,1,0,9
SACABA,"anticoncepcion, prevencion de its y de cancer de cuello uterino",numero de personas que recibieron orientacion en anticoncepcion,2015-09-01,10,319,1050,238,28,1645
SACABAMBA,"anticoncepcion, prevencion de its y de cancer de cuello uterino",numero de personas que recibieron orientacion en anticoncepcion,2015-09-01,0,1,1,8,0,10
SACACA,"anticoncepcion, prevencion de its y de cancer de cuello uterino",numero de personas que recibieron orientacion en anticoncepcion,2015-09-01,0,11,55,34,4,104
SAIPINA,"anticoncepcion, prevencion de its y de cancer de cuello uterino",numero de personas que recibieron orientacion en anticoncepcion,2015-09-01,0,9,28,5,0,42
SALINAS DE GARCI MENDOZA,"anticoncepcion, prevencion de its y de cancer de cuello uterino",numero de personas que recibieron orientacion en anticoncepcion,2015-09-01,0,21,97,41,1,160
SAMAIPATA,"anticoncepcion, prevencion de its y de cancer de cuello uterino",numero de personas que recibieron orientacion en anticoncepcion,2015-09-01,0,6,22,4,0,32
SAN AGUSTIN,"anticoncepcion, prevencion de its y de cancer de cuello uterino",numero de personas que recibieron orientacion en anticoncepcion,2015-09-01,0,2,2,0,0,4
SAN ANDRES,"anticoncepcion, prevencion de its y de cancer de cuello uterino",numero de personas que recibieron orientacion en anticoncepcion,2015-09-01,0,18,83,27,1,129
SAN ANDRES DE MACHACA,"anticoncepcion, prevencion de its y de cancer de cuello uterino",numero de personas que recibieron orientacion en anticoncepcion,2015-09-01,0,7,15,6,0,28
SAN ANTONIO DE ESMORUCO,"anticoncepcion, prevencion de its y de cancer de cuello uterino",numero de personas que recibieron orientacion en anticoncepcion,2015-09-01,0,2,6,0,0,8
SAN ANTONIO DE LOMERIO,"anticoncepcion, prevencion de its y de cancer de cuello uterino",numero de personas que recibieron orientacion en anticoncepcion,2015-09-01,15,7,23,6,0,51
SAN BENITO,"anticoncepcion, prevencion de its y de cancer de cuello uterino",numero de personas que recibieron orientacion en anticoncepcion,2015-09-01,0,3,27,11,1,42
SAN BORJA,"anticoncepcion, prevencion de its y de cancer de cuello uterino",numero de personas que recibieron orientacion en anticoncepcion,2015-09-01,5,31,65,20,0,121
SAN BUENA VENTURA,"anticoncepcion, prevencion de its y de cancer de cuello uterino",numero de personas que recibieron orientacion en anticoncepcion,2015-09-01,0,8,44,7,0,59
SAN CARLOS,"anticoncepcion, prevencion de its y de cancer de cuello uterino",numero de personas que recibieron orientacion en anticoncepcion,2015-09-01,0,22,117,29,3,171
SAN IGNACIO,"anticoncepcion, prevencion de its y de cancer de cuello uterino",numero de personas que recibieron orientacion en anticoncepcion,2015-09-01,36,57,177,59,4,333
SAN IGNACIO DE VELASCO,"anticoncepcion, prevencion de its y de cancer de cuello uterino",numero de personas que recibieron orientacion en anticoncepcion,2015-09-01,0,38,184,56,0,278
SAN JAVIER(BNI),"anticoncepcion, prevencion de its y de cancer de cuello uterino",numero de personas que recibieron orientacion en anticoncepcion,2015-09-01,0,5,12,2,0,19
SAN JAVIER(STC),"anticoncepcion, prevencion de its y de cancer de cuello uterino",numero de personas que recibieron orientacion en anticoncepcion,2015-09-01,0,3,15,2,1,21
SAN JOSE DE CHIQUITOS,"anticoncepcion, prevencion de its y de cancer de cuello uterino",numero de personas que recibieron orientacion en anticoncepcion,2015-09-01,4,26,90,34,1,155
SAN JUAN DE YAPACANI,"anticoncepcion, prevencion de its y de cancer de cuello uterino",numero de personas que recibieron orientacion en anticoncepcion,2015-09-01,10,20,49,38,1,118
SAN JULIAN,"anticoncepcion, prevencion de its y de cancer de cuello uterino",numero de personas que recibieron orientacion en anticoncepcion,2015-09-01,0,30,104,72,8,214
SAN LORENZO(PND),"anticoncepcion, prevencion de its y de cancer de cuello uterino",numero de personas que recibieron orientacion en anticoncepcion,2015-09-01,2,6,0,3,0,11
SAN LORENZO(TJA),"anticoncepcion, prevencion de its y de cancer de cuello uterino",numero de personas que recibieron orientacion en anticoncepcion,2015-09-01,0,3,19,8,1,31
SAN LUCAS,"anticoncepcion, prevencion de its y de cancer de cuello uterino",numero de personas que recibieron orientacion en anticoncepcion,2015-09-01,1,14,101,87,1,204
SAN MATIAS,"anticoncepcion, prevencion de its y de cancer de cuello uterino",numero de personas que recibieron orientacion en anticoncepcion,2015-09-01,2,13,40,9,2,66
SAN MIGUEL DE VELASCO,"anticoncepcion, prevencion de its y de cancer de cuello uterino",numero de personas que recibieron orientacion en anticoncepcion,2015-09-01,1,9,45,18,1,74
SAN PABLO DE LIPEZ,"anticoncepcion, prevencion de its y de cancer de cuello uterino",numero de personas que recibieron orientacion en anticoncepcion,2015-09-01,0,0,1,0,0,1
SAN PEDRO,"anticoncepcion, prevencion de its y de cancer de cuello uterino",numero de personas que recibieron orientacion en anticoncepcion,2015-09-01,0,4,63,22,11,100
SAN PEDRO DE BUENA VISTA,"anticoncepcion, prevencion de its y de cancer de cuello uterino",numero de personas que recibieron orientacion en anticoncepcion,2015-09-01,3,21,70,42,13,149
SAN PEDRO DE CURAHUARA,"anticoncepcion, prevencion de its y de cancer de cuello uterino",numero de personas que recibieron orientacion en anticoncepcion,2015-09-01,0,0,0,2,0,2
SAN PEDRO DE QUEMES,"anticoncepcion, prevencion de its y de cancer de cuello uterino",numero de personas que recibieron orientacion en anticoncepcion,2015-09-01,0,0,2,1,0,3
SAN PEDRO DE TIQUINA,"anticoncepcion, prevencion de its y de cancer de cuello uterino",numero de personas que recibieron orientacion en anticoncepcion,2015-09-01,0,4,18,6,0,28
SAN PEDRO(PND),"anticoncepcion, prevencion de its y de cancer de cuello uterino",numero de personas que recibieron orientacion en anticoncepcion,2015-09-01,0,0,1,0,0,1
SAN RAFAEL,"anticoncepcion, prevencion de its y de cancer de cuello uterino",numero de personas que recibieron orientacion en anticoncepcion,2015-09-01,0,19,71,30,1,121
SAN RAMON BENI,"anticoncepcion, prevencion de its y de cancer de cuello uterino",numero de personas que recibieron orientacion en anticoncepcion,2015-09-01,0,2,0,0,0,2
SANTA ANA,"anticoncepcion, prevencion de its y de cancer de cuello uterino",numero de personas que recibieron orientacion en anticoncepcion,2015-09-01,7,23,89,19,1,139
SANTA CRUZ DE LA SIERRA,"anticoncepcion, prevencion de its y de cancer de cuello uterino",numero de personas que recibieron orientacion en anticoncepcion,2015-09-01,172,759,3125,765,100,4921
SANTA ROSA,"anticoncepcion, prevencion de its y de cancer de cuello uterino",numero de personas que recibieron orientacion en anticoncepcion,2015-09-01,0,9,16,3,0,28
SANTA ROSA DEL SARA,"anticoncepcion, prevencion de its y de cancer de cuello uterino",numero de personas que recibieron orientacion en anticoncepcion,2015-09-01,78,148,80,28,3,337
SANTIAGO DE CALLAPA,"anticoncepcion, prevencion de its y de cancer de cuello uterino",numero de personas que recibieron orientacion en anticoncepcion,2015-09-01,0,0,1,1,0,2
SANTIAGO DE HUARI,"anticoncepcion, prevencion de its y de cancer de cuello uterino",numero de personas que recibieron orientacion en anticoncepcion,2015-09-01,0,5,34,13,0,52
SANTIAGO DE HUATA,"anticoncepcion, prevencion de its y de cancer de cuello uterino",numero de personas que recibieron orientacion en anticoncepcion,2015-09-01,0,3,10,1,1,15
SANTIAGO DE MACHACA,"anticoncepcion, prevencion de its y de cancer de cuello uterino",numero de personas que recibieron orientacion en anticoncepcion,2015-09-01,0,0,1,0,0,1
SANTIVAÑES,"anticoncepcion, prevencion de its y de cancer de cuello uterino",numero de personas que recibieron orientacion en anticoncepcion,2015-09-01,0,1,9,1,0,11
SANTUARIO DE QUILLACAS,"anticoncepcion, prevencion de its y de cancer de cuello uterino",numero de personas que recibieron orientacion en anticoncepcion,2015-09-01,0,4,28,16,4,52
SAPAHAQUI,"anticoncepcion, prevencion de its y de cancer de cuello uterino",numero de personas que recibieron orientacion en anticoncepcion,2015-09-01,0,3,6,3,1,13
SENA,"anticoncepcion, prevencion de its y de cancer de cuello uterino",numero de personas que recibieron orientacion en anticoncepcion,2015-09-01,1,5,13,1,0,20
SHINAOTA,"anticoncepcion, prevencion de its y de cancer de cuello uterino",numero de personas que recibieron orientacion en anticoncepcion,2015-09-01,0,6,28,9,0,43
SICA SICA (VILLA AROMA),"anticoncepcion, prevencion de its y de cancer de cuello uterino",numero de personas que recibieron orientacion en anticoncepcion,2015-09-01,0,4,37,6,1,48
SICAYA,"anticoncepcion, prevencion de its y de cancer de cuello uterino",numero de personas que recibieron orientacion en anticoncepcion,2015-09-01,0,1,16,3,0,20
SIPE SIPE,"anticoncepcion, prevencion de its y de cancer de cuello uterino",numero de personas que recibieron orientacion en anticoncepcion,2015-09-01,2,96,264,91,21,474
SOPACHUY,"anticoncepcion, prevencion de its y de cancer de cuello uterino",numero de personas que recibieron orientacion en anticoncepcion,2015-09-01,3,12,60,61,8,144
SORACACHI,"anticoncepcion, prevencion de its y de cancer de cuello uterino",numero de personas que recibieron orientacion en anticoncepcion,2015-09-01,0,12,48,8,0,68
SORATA,"anticoncepcion, prevencion de its y de cancer de cuello uterino",numero de personas que recibieron orientacion en anticoncepcion,2015-09-01,0,0,15,15,0,30
SUCRE,"anticoncepcion, prevencion de its y de cancer de cuello uterino",numero de personas que recibieron orientacion en anticoncepcion,2015-09-01,11,563,2554,995,84,4207
TACACOMA,"anticoncepcion, prevencion de its y de cancer de cuello uterino",numero de personas que recibieron orientacion en anticoncepcion,2015-09-01,0,1,2,0,0,3
TACOPAYA,"anticoncepcion, prevencion de its y de cancer de cuello uterino",numero de personas que recibieron orientacion en anticoncepcion,2015-09-01,0,4,19,8,2,33
TAHUA,"anticoncepcion, prevencion de its y de cancer de cuello uterino",numero de personas que recibieron orientacion en anticoncepcion,2015-09-01,0,2,4,1,0,7
TAPACARI,"anticoncepcion, prevencion de its y de cancer de cuello uterino",numero de personas que recibieron orientacion en anticoncepcion,2015-09-01,0,5,24,14,1,44
TARABUCO,"anticoncepcion, prevencion de its y de cancer de cuello uterino",numero de personas que recibieron orientacion en anticoncepcion,2015-09-01,0,17,115,53,12,197
TARACO,"anticoncepcion, prevencion de its y de cancer de cuello uterino",numero de personas que recibieron orientacion en anticoncepcion,2015-09-01,2,3,3,1,0,9
TARATA,"anticoncepcion, prevencion de its y de cancer de cuello uterino",numero de personas que recibieron orientacion en anticoncepcion,2015-09-01,0,6,26,12,0,44
TARIJA,"anticoncepcion, prevencion de its y de cancer de cuello uterino",numero de personas que recibieron orientacion en anticoncepcion,2015-09-01,33,72,320,128,20,573
TARVITA,"anticoncepcion, prevencion de its y de cancer de cuello uterino",numero de personas que recibieron orientacion en anticoncepcion,2015-09-01,0,4,36,16,3,59
TEOPONTE,"anticoncepcion, prevencion de its y de cancer de cuello uterino",numero de personas que recibieron orientacion en anticoncepcion,2015-09-01,0,11,20,6,0,37
TIAWANACU,"anticoncepcion, prevencion de its y de cancer de cuello uterino",numero de personas que recibieron orientacion en anticoncepcion,2015-09-01,0,5,15,6,0,26
TINGUIPAYA,"anticoncepcion, prevencion de its y de cancer de cuello uterino",numero de personas que recibieron orientacion en anticoncepcion,2015-09-01,0,9,20,19,1,49
TIPUANI,"anticoncepcion, prevencion de its y de cancer de cuello uterino",numero de personas que recibieron orientacion en anticoncepcion,2015-09-01,0,3,16,4,0,23
TIQUIPAYA,"anticoncepcion, prevencion de its y de cancer de cuello uterino",numero de personas que recibieron orientacion en anticoncepcion,2015-09-01,0,14,83,39,0,136
TIRAQUE (CBBA),"anticoncepcion, prevencion de its y de cancer de cuello uterino",numero de personas que recibieron orientacion en anticoncepcion,2015-09-01,0,12,25,9,0,46
TITO YUPANQUI (PARQUIPUJIO),"anticoncepcion, prevencion de its y de cancer de cuello uterino",numero de personas que recibieron orientacion en anticoncepcion,2015-09-01,0,0,2,4,0,6
TOCO,"anticoncepcion, prevencion de its y de cancer de cuello uterino",numero de personas que recibieron orientacion en anticoncepcion,2015-09-01,0,1,9,3,0,13
TODOS SANTOS,"anticoncepcion, prevencion de its y de cancer de cuello uterino",numero de personas que recibieron orientacion en anticoncepcion,2015-09-01,0,1,1,0,0,2
TOLATA,"anticoncepcion, prevencion de its y de cancer de cuello uterino",numero de personas que recibieron orientacion en anticoncepcion,2015-09-01,1,6,28,9,1,45
TOLEDO,"anticoncepcion, prevencion de its y de cancer de cuello uterino",numero de personas que recibieron orientacion en anticoncepcion,2015-09-01,0,1,13,4,1,19
TOMAVE,"anticoncepcion, prevencion de its y de cancer de cuello uterino",numero de personas que recibieron orientacion en anticoncepcion,2015-09-01,0,3,8,1,0,12
TOMINA,"anticoncepcion, prevencion de its y de cancer de cuello uterino",numero de personas que recibieron orientacion en anticoncepcion,2015-09-01,0,7,22,2,0,31
TORO TORO,"anticoncepcion, prevencion de its y de cancer de cuello uterino",numero de personas que recibieron orientacion en anticoncepcion,2015-09-01,1,23,62,54,6,146
TOTORA(CBBA),"anticoncepcion, prevencion de its y de cancer de cuello uterino",numero de personas que recibieron orientacion en anticoncepcion,2015-09-01,2,16,78,38,0,134
TOTORA(ORR),"anticoncepcion, prevencion de its y de cancer de cuello uterino",numero de personas que recibieron orientacion en anticoncepcion,2015-09-01,0,4,22,6,0,32
TRINIDAD,"anticoncepcion, prevencion de its y de cancer de cuello uterino",numero de personas que recibieron orientacion en anticoncepcion,2015-09-01,38,213,853,183,19,1306
TUPIZA,"anticoncepcion, prevencion de its y de cancer de cuello uterino",numero de personas que recibieron orientacion en anticoncepcion,2015-09-01,0,39,153,73,19,284
TURCO,"anticoncepcion, prevencion de its y de cancer de cuello uterino",numero de personas que recibieron orientacion en anticoncepcion,2015-09-01,0,1,9,6,0,16
UMALA,"anticoncepcion, prevencion de its y de cancer de cuello uterino",numero de personas que recibieron orientacion en anticoncepcion,2015-09-01,0,2,8,7,1,18
UNCIA,"anticoncepcion, prevencion de its y de cancer de cuello uterino",numero de personas que recibieron orientacion en anticoncepcion,2015-09-01,1,5,44,8,0,58
URIONDO (A. CONCEPCION),"anticoncepcion, prevencion de its y de cancer de cuello uterino",numero de personas que recibieron orientacion en anticoncepcion,2015-09-01,1,18,62,38,0,119
URUBICHA,"anticoncepcion, prevencion de its y de cancer de cuello uterino",numero de personas que recibieron orientacion en anticoncepcion,2015-09-01,0,6,11,4,0,21
UYUNI,"anticoncepcion, prevencion de its y de cancer de cuello uterino",numero de personas que recibieron orientacion en anticoncepcion,2015-09-01,0,23,61,9,1,94
VACAS,"anticoncepcion, prevencion de its y de cancer de cuello uterino",numero de personas que recibieron orientacion en anticoncepcion,2015-09-01,2,7,23,18,0,50
VALLEGRANDE,"anticoncepcion, prevencion de its y de cancer de cuello uterino",numero de personas que recibieron orientacion en anticoncepcion,2015-09-01,0,2,20,11,0,33
VIACHA,"anticoncepcion, prevencion de its y de cancer de cuello uterino",numero de personas que recibieron orientacion en anticoncepcion,2015-09-01,1,15,195,58,20,289
VILA VILA,"anticoncepcion, prevencion de its y de cancer de cuello uterino",numero de personas que recibieron orientacion en anticoncepcion,2015-09-01,0,2,4,3,0,9
VILLA CHARCAS,"anticoncepcion, prevencion de its y de cancer de cuello uterino",numero de personas que recibieron orientacion en anticoncepcion,2015-09-01,0,4,23,11,0,38
VILLA MONTES,"anticoncepcion, prevencion de its y de cancer de cuello uterino",numero de personas que recibieron orientacion en anticoncepcion,2015-09-01,20,38,155,71,2,286
VILLA NUEVA (LOMA ALTA),"anticoncepcion, prevencion de its y de cancer de cuello uterino",numero de personas que recibieron orientacion en anticoncepcion,2015-09-01,1,0,1,0,0,2
VILLA RIVERO,"anticoncepcion, prevencion de its y de cancer de cuello uterino",numero de personas que recibieron orientacion en anticoncepcion,2015-09-01,0,8,26,7,0,41
VILLA SERRANO,"anticoncepcion, prevencion de its y de cancer de cuello uterino",numero de personas que recibieron orientacion en anticoncepcion,2015-09-01,0,11,58,45,3,117
VILLA TUNARI,"anticoncepcion, prevencion de its y de cancer de cuello uterino",numero de personas que recibieron orientacion en anticoncepcion,2015-09-01,1,54,228,69,9,361
VILLA VACA GUZMAN (MUYUPAMPA),"anticoncepcion, prevencion de its y de cancer de cuello uterino",numero de personas que recibieron orientacion en anticoncepcion,2015-09-01,0,13,58,15,2,88
VILLAZON,"anticoncepcion, prevencion de its y de cancer de cuello uterino",numero de personas que recibieron orientacion en anticoncepcion,2015-09-01,6,38,87,25,1,157
VINTO,"anticoncepcion, prevencion de its y de cancer de cuello uterino",numero de personas que recibieron orientacion en anticoncepcion,2015-09-01,1,88,277,55,1,422
VITICHI,"anticoncepcion, prevencion de its y de cancer de cuello uterino",numero de personas que recibieron orientacion en anticoncepcion,2015-09-01,1,8,38,17,7,71
WARNES,"anticoncepcion, prevencion de its y de cancer de cuello uterino",numero de personas que recibieron orientacion en anticoncepcion,2015-09-01,2,30,114,24,3,173
YACO,"anticoncepcion, prevencion de its y de cancer de cuello uterino",numero de personas que recibieron orientacion en anticoncepcion,2015-09-01,0,2,6,4,0,12
YACUIBA,"anticoncepcion, prevencion de its y de cancer de cuello uterino",numero de personas que recibieron orientacion en anticoncepcion,2015-09-01,4,114,514,256,44,932
YAMPARAEZ,"anticoncepcion, prevencion de its y de cancer de cuello uterino",numero de personas que recibieron orientacion en anticoncepcion,2015-09-01,0,19,48,29,9,105
YANACACHI,"anticoncepcion, prevencion de its y de cancer de cuello uterino",numero de personas que recibieron orientacion en anticoncepcion,2015-09-01,0,1,5,3,0,9
YAPACANI,"anticoncepcion, prevencion de its y de cancer de cuello uterino",numero de personas que recibieron orientacion en anticoncepcion,2015-09-01,18,25,79,29,8,159
YOCALLA,"anticoncepcion, prevencion de its y de cancer de cuello uterino",numero de personas que recibieron orientacion en anticoncepcion,2015-09-01,0,1,5,0,0,6
YOTALA,"anticoncepcion, prevencion de its y de cancer de cuello uterino",numero de personas que recibieron orientacion en anticoncepcion,2015-09-01,1,21,33,42,16,113
YUNCHARA,"anticoncepcion, prevencion de its y de cancer de cuello uterino",numero de personas que recibieron orientacion en anticoncepcion,2015-09-01,0,4,17,14,0,35
ZUDAÑEZ,"anticoncepcion, prevencion de its y de cancer de cuello uterino",numero de personas que recibieron orientacion en anticoncepcion,2015-09-01,0,6,7,1,0,14
ACACIO,"anticoncepcion, prevencion de its y de cancer de cuello uterino",numero de personas que recibieron orientacion en anticoncepcion,2015-10-01,0,2,7,5,0,14
ACHACACHI,"anticoncepcion, prevencion de its y de cancer de cuello uterino",numero de personas que recibieron orientacion en anticoncepcion,2015-10-01,0,3,37,20,0,60
ACHOCALLA,"anticoncepcion, prevencion de its y de cancer de cuello uterino",numero de personas que recibieron orientacion en anticoncepcion,2015-10-01,0,5,54,18,1,78
AIQUILE,"anticoncepcion, prevencion de its y de cancer de cuello uterino",numero de personas que recibieron orientacion en anticoncepcion,2015-10-01,0,15,63,22,0,100
ALALAY,"anticoncepcion, prevencion de its y de cancer de cuello uterino",numero de personas que recibieron orientacion en anticoncepcion,2015-10-01,0,2,14,10,3,29
ALCALA,"anticoncepcion, prevencion de its y de cancer de cuello uterino",numero de personas que recibieron orientacion en anticoncepcion,2015-10-01,0,10,21,11,5,47
ALTO BENI,"anticoncepcion, prevencion de its y de cancer de cuello uterino",numero de personas que recibieron orientacion en anticoncepcion,2015-10-01,0,4,13,4,0,21
ANCORAIMES,"anticoncepcion, prevencion de its y de cancer de cuello uterino",numero de personas que recibieron orientacion en anticoncepcion,2015-10-01,0,9,16,4,0,29
ANDAMARCA,"anticoncepcion, prevencion de its y de cancer de cuello uterino",numero de personas que recibieron orientacion en anticoncepcion,2015-10-01,0,4,7,2,0,13
ANTEQUERA,"anticoncepcion, prevencion de its y de cancer de cuello uterino",numero de personas que recibieron orientacion en anticoncepcion,2015-10-01,0,0,1,0,0,1
ANZALDO,"anticoncepcion, prevencion de its y de cancer de cuello uterino",numero de personas que recibieron orientacion en anticoncepcion,2015-10-01,0,7,18,12,0,37
APOLO,"anticoncepcion, prevencion de its y de cancer de cuello uterino",numero de personas que recibieron orientacion en anticoncepcion,2015-10-01,1,9,57,21,0,88
ARAMPAMPA,"anticoncepcion, prevencion de its y de cancer de cuello uterino",numero de personas que recibieron orientacion en anticoncepcion,2015-10-01,0,5,17,5,0,27
ARANI,"anticoncepcion, prevencion de its y de cancer de cuello uterino",numero de personas que recibieron orientacion en anticoncepcion,2015-10-01,1,6,27,12,1,47
ARBIETO,"anticoncepcion, prevencion de its y de cancer de cuello uterino",numero de personas que recibieron orientacion en anticoncepcion,2015-10-01,0,32,113,23,2,170
ARQUE,"anticoncepcion, prevencion de its y de cancer de cuello uterino",numero de personas que recibieron orientacion en anticoncepcion,2015-10-01,0,6,17,18,0,41
ASCENCION DE GUARAYOS,"anticoncepcion, prevencion de its y de cancer de cuello uterino",numero de personas que recibieron orientacion en anticoncepcion,2015-10-01,2,18,51,17,3,91
ATOCHA,"anticoncepcion, prevencion de its y de cancer de cuello uterino",numero de personas que recibieron orientacion en anticoncepcion,2015-10-01,0,7,52,15,0,74
AUCAPATA,"anticoncepcion, prevencion de its y de cancer de cuello uterino",numero de personas que recibieron orientacion en anticoncepcion,2015-10-01,0,1,10,3,0,14
AYATA,"anticoncepcion, prevencion de its y de cancer de cuello uterino",numero de personas que recibieron orientacion en anticoncepcion,2015-10-01,0,2,10,4,0,16
AYO AYO,"anticoncepcion, prevencion de its y de cancer de cuello uterino",numero de personas que recibieron orientacion en anticoncepcion,2015-10-01,0,0,11,3,0,14
AYOPAYA (V. DE INDEPENDENCIA),"anticoncepcion, prevencion de its y de cancer de cuello uterino",numero de personas que recibieron orientacion en anticoncepcion,2015-10-01,1,17,65,24,0,107
AZURDUY,"anticoncepcion, prevencion de its y de cancer de cuello uterino",numero de personas que recibieron orientacion en anticoncepcion,2015-10-01,1,15,45,24,5,90
BATALLAS,"anticoncepcion, prevencion de its y de cancer de cuello uterino",numero de personas que recibieron orientacion en anticoncepcion,2015-10-01,0,5,19,14,0,38
BAURES,"anticoncepcion, prevencion de its y de cancer de cuello uterino",numero de personas que recibieron orientacion en anticoncepcion,2015-10-01,0,6,19,7,1,33
BELEN DE ANDAMARCA,"anticoncepcion, prevencion de its y de cancer de cuello uterino",numero de personas que recibieron orientacion en anticoncepcion,2015-10-01,0,0,2,4,0,6
BELEN DE URMIRI,"anticoncepcion, prevencion de its y de cancer de cuello uterino",numero de personas que recibieron orientacion en anticoncepcion,2015-10-01,0,2,4,2,0,8
BELLA FLOR,"anticoncepcion, prevencion de its y de cancer de cuello uterino",numero de personas que recibieron orientacion en anticoncepcion,2015-10-01,0,4,16,1,0,21
BERMEJO,"anticoncepcion, prevencion de its y de cancer de cuello uterino",numero de personas que recibieron orientacion en anticoncepcion,2015-10-01,1,29,226,104,16,376
BETANZOS,"anticoncepcion, prevencion de its y de cancer de cuello uterino",numero de personas que recibieron orientacion en anticoncepcion,2015-10-01,2,13,31,28,2,76
BOLIVAR,"anticoncepcion, prevencion de its y de cancer de cuello uterino",numero de personas que recibieron orientacion en anticoncepcion,2015-10-01,0,0,8,4,0,12
BOLPEBRA,"anticoncepcion, prevencion de its y de cancer de cuello uterino",numero de personas que recibieron orientacion en anticoncepcion,2015-10-01,1,5,10,5,0,21
BOYUIBE,"anticoncepcion, prevencion de its y de cancer de cuello uterino",numero de personas que recibieron orientacion en anticoncepcion,2015-10-01,0,2,17,12,4,35
BUENA VISTA,"anticoncepcion, prevencion de its y de cancer de cuello uterino",numero de personas que recibieron orientacion en anticoncepcion,2015-10-01,0,4,7,0,0,11
CABEZAS,"anticoncepcion, prevencion de its y de cancer de cuello uterino",numero de personas que recibieron orientacion en anticoncepcion,2015-10-01,1,16,101,10,0,128
CAIROMA,"anticoncepcion, prevencion de its y de cancer de cuello uterino",numero de personas que recibieron orientacion en anticoncepcion,2015-10-01,0,5,12,3,1,21
"CAIZA ""D""","anticoncepcion, prevencion de its y de cancer de cuello uterino",numero de personas que recibieron orientacion en anticoncepcion,2015-10-01,0,7,33,19,5,64
CAJUATA,"anticoncepcion, prevencion de its y de cancer de cuello uterino",numero de personas que recibieron orientacion en anticoncepcion,2015-10-01,0,8,27,5,0,40
CALACOTO,"anticoncepcion, prevencion de its y de cancer de cuello uterino",numero de personas que recibieron orientacion en anticoncepcion,2015-10-01,0,0,1,0,0,1
CALAMARCA,"anticoncepcion, prevencion de its y de cancer de cuello uterino",numero de personas que recibieron orientacion en anticoncepcion,2015-10-01,0,7,17,3,0,27
CAMARGO,"anticoncepcion, prevencion de its y de cancer de cuello uterino",numero de personas que recibieron orientacion en anticoncepcion,2015-10-01,1,14,60,8,0,83
CAMATAQUI (C. VILLA ABECIA),"anticoncepcion, prevencion de its y de cancer de cuello uterino",numero de personas que recibieron orientacion en anticoncepcion,2015-10-01,0,0,3,4,0,7
CAMIRI,"anticoncepcion, prevencion de its y de cancer de cuello uterino",numero de personas que recibieron orientacion en anticoncepcion,2015-10-01,2,21,57,14,0,94
CAPINOTA,"anticoncepcion, prevencion de its y de cancer de cuello uterino",numero de personas que recibieron orientacion en anticoncepcion,2015-10-01,1,2,15,5,0,23
CAQUIAVIRI,"anticoncepcion, prevencion de its y de cancer de cuello uterino",numero de personas que recibieron orientacion en anticoncepcion,2015-10-01,0,1,7,3,0,11
CARACOLLO,"anticoncepcion, prevencion de its y de cancer de cuello uterino",numero de personas que recibieron orientacion en anticoncepcion,2015-10-01,2,3,36,6,0,47
CARANAVI,"anticoncepcion, prevencion de its y de cancer de cuello uterino",numero de personas que recibieron orientacion en anticoncepcion,2015-10-01,1,45,310,110,10,476
CARANGAS,"anticoncepcion, prevencion de its y de cancer de cuello uterino",numero de personas que recibieron orientacion en anticoncepcion,2015-10-01,0,1,0,0,0,1
CARAPARI,"anticoncepcion, prevencion de its y de cancer de cuello uterino",numero de personas que recibieron orientacion en anticoncepcion,2015-10-01,0,9,58,38,5,110
CARIPUYO,"anticoncepcion, prevencion de its y de cancer de cuello uterino",numero de personas que recibieron orientacion en anticoncepcion,2015-10-01,0,2,7,2,0,11
CHACARILLA,"anticoncepcion, prevencion de its y de cancer de cuello uterino",numero de personas que recibieron orientacion en anticoncepcion,2015-10-01,0,0,0,0,1,1
CHALLAPATA,"anticoncepcion, prevencion de its y de cancer de cuello uterino",numero de personas que recibieron orientacion en anticoncepcion,2015-10-01,0,28,123,41,2,194
CHAQUI,"anticoncepcion, prevencion de its y de cancer de cuello uterino",numero de personas que recibieron orientacion en anticoncepcion,2015-10-01,1,13,44,26,1,85
CHARAGUA,"anticoncepcion, prevencion de its y de cancer de cuello uterino",numero de personas que recibieron orientacion en anticoncepcion,2015-10-01,0,1,32,4,0,37
CHARAÑA,"anticoncepcion, prevencion de its y de cancer de cuello uterino",numero de personas que recibieron orientacion en anticoncepcion,2015-10-01,0,0,1,0,0,1
CHAYANTA,"anticoncepcion, prevencion de its y de cancer de cuello uterino",numero de personas que recibieron orientacion en anticoncepcion,2015-10-01,0,23,25,16,0,64
CHIMORE,"anticoncepcion, prevencion de its y de cancer de cuello uterino",numero de personas que recibieron orientacion en anticoncepcion,2015-10-01,10,36,159,44,11,260
CHIPAYA,"anticoncepcion, prevencion de its y de cancer de cuello uterino",numero de personas que recibieron orientacion en anticoncepcion,2015-10-01,0,0,4,0,0,4
CHOQUE COTA,"anticoncepcion, prevencion de its y de cancer de cuello uterino",numero de personas que recibieron orientacion en anticoncepcion,2015-10-01,1,1,5,1,0,8
CHUA COCANI,"anticoncepcion, prevencion de its y de cancer de cuello uterino",numero de personas que recibieron orientacion en anticoncepcion,2015-10-01,0,2,6,1,0,9
CHULUMANI (V. DE LA LIBERTAD),"anticoncepcion, prevencion de its y de cancer de cuello uterino",numero de personas que recibieron orientacion en anticoncepcion,2015-10-01,0,2,50,5,0,57
CHUMA,"anticoncepcion, prevencion de its y de cancer de cuello uterino",numero de personas que recibieron orientacion en anticoncepcion,2015-10-01,0,7,12,4,1,24
CHUQUIHUTA AYLLU JUCUMANI,"anticoncepcion, prevencion de its y de cancer de cuello uterino",numero de personas que recibieron orientacion en anticoncepcion,2015-10-01,0,14,19,4,3,40
CKOCHAS,"anticoncepcion, prevencion de its y de cancer de cuello uterino",numero de personas que recibieron orientacion en anticoncepcion,2015-10-01,1,8,71,28,0,108
CLIZA,"anticoncepcion, prevencion de its y de cancer de cuello uterino",numero de personas que recibieron orientacion en anticoncepcion,2015-10-01,1,19,92,53,4,169
COBIJA,"anticoncepcion, prevencion de its y de cancer de cuello uterino",numero de personas que recibieron orientacion en anticoncepcion,2015-10-01,1,77,216,81,19,394
COCAPATA,"anticoncepcion, prevencion de its y de cancer de cuello uterino",numero de personas que recibieron orientacion en anticoncepcion,2015-10-01,3,17,143,54,1,218
COCHABAMBA,"anticoncepcion, prevencion de its y de cancer de cuello uterino",numero de personas que recibieron orientacion en anticoncepcion,2015-10-01,21,547,2856,565,20,4009
COIPASA,"anticoncepcion, prevencion de its y de cancer de cuello uterino",numero de personas que recibieron orientacion en anticoncepcion,2015-10-01,0,1,4,1,0,6
COLCAPIRHUA,"anticoncepcion, prevencion de its y de cancer de cuello uterino",numero de personas que recibieron orientacion en anticoncepcion,2015-10-01,1,96,395,143,13,648
"COLCHA ""K""","anticoncepcion, prevencion de its y de cancer de cuello uterino",numero de personas que recibieron orientacion en anticoncepcion,2015-10-01,0,6,19,7,1,33
COLLANA,"anticoncepcion, prevencion de its y de cancer de cuello uterino",numero de personas que recibieron orientacion en anticoncepcion,2015-10-01,0,1,6,2,0,9
COLOMI,"anticoncepcion, prevencion de its y de cancer de cuello uterino",numero de personas que recibieron orientacion en anticoncepcion,2015-10-01,1,51,97,13,0,162
COLPA BELGICA,"anticoncepcion, prevencion de its y de cancer de cuello uterino",numero de personas que recibieron orientacion en anticoncepcion,2015-10-01,1,4,12,1,0,18
COLQUECHACA,"anticoncepcion, prevencion de its y de cancer de cuello uterino",numero de personas que recibieron orientacion en anticoncepcion,2015-10-01,0,5,28,18,0,51
COLQUENCHA,"anticoncepcion, prevencion de its y de cancer de cuello uterino",numero de personas que recibieron orientacion en anticoncepcion,2015-10-01,0,1,11,3,1,16
COLQUIRI,"anticoncepcion, prevencion de its y de cancer de cuello uterino",numero de personas que recibieron orientacion en anticoncepcion,2015-10-01,0,8,27,7,0,42
COMANCHE,"anticoncepcion, prevencion de its y de cancer de cuello uterino",numero de personas que recibieron orientacion en anticoncepcion,2015-10-01,0,0,1,0,0,1
COMARAPA,"anticoncepcion, prevencion de its y de cancer de cuello uterino",numero de personas que recibieron orientacion en anticoncepcion,2015-10-01,0,19,50,13,1,83
COMBAYA,"anticoncepcion, prevencion de its y de cancer de cuello uterino",numero de personas que recibieron orientacion en anticoncepcion,2015-10-01,0,1,5,0,0,6
CONCEPCION,"anticoncepcion, prevencion de its y de cancer de cuello uterino",numero de personas que recibieron orientacion en anticoncepcion,2015-10-01,0,3,26,6,0,35
COPACABANA,"anticoncepcion, prevencion de its y de cancer de cuello uterino",numero de personas que recibieron orientacion en anticoncepcion,2015-10-01,0,2,21,16,0,39
CORIPATA,"anticoncepcion, prevencion de its y de cancer de cuello uterino",numero de personas que recibieron orientacion en anticoncepcion,2015-10-01,0,2,17,2,0,21
CORO CORO,"anticoncepcion, prevencion de its y de cancer de cuello uterino",numero de personas que recibieron orientacion en anticoncepcion,2015-10-01,0,0,2,3,0,5
COROICO,"anticoncepcion, prevencion de its y de cancer de cuello uterino",numero de personas que recibieron orientacion en anticoncepcion,2015-10-01,0,0,2,1,0,3
CORQUE,"anticoncepcion, prevencion de its y de cancer de cuello uterino",numero de personas que recibieron orientacion en anticoncepcion,2015-10-01,0,10,34,12,1,57
COTAGAITA,"anticoncepcion, prevencion de its y de cancer de cuello uterino",numero de personas que recibieron orientacion en anticoncepcion,2015-10-01,0,15,111,82,9,217
COTOCA,"anticoncepcion, prevencion de its y de cancer de cuello uterino",numero de personas que recibieron orientacion en anticoncepcion,2015-10-01,1,20,66,26,0,113
CUATRO CAÑADAS,"anticoncepcion, prevencion de its y de cancer de cuello uterino",numero de personas que recibieron orientacion en anticoncepcion,2015-10-01,1,28,75,18,1,123
CUCHUMUELA (V. G. VILLARROEL),"anticoncepcion, prevencion de its y de cancer de cuello uterino",numero de personas que recibieron orientacion en anticoncepcion,2015-10-01,0,1,7,3,0,11
CUEVO,"anticoncepcion, prevencion de its y de cancer de cuello uterino",numero de personas que recibieron orientacion en anticoncepcion,2015-10-01,0,1,6,0,0,7
CULPINA,"anticoncepcion, prevencion de its y de cancer de cuello uterino",numero de personas que recibieron orientacion en anticoncepcion,2015-10-01,3,12,87,32,4,138
CURAHUARA DE CARANGAS,"anticoncepcion, prevencion de its y de cancer de cuello uterino",numero de personas que recibieron orientacion en anticoncepcion,2015-10-01,1,8,15,7,1,32
CURVA,"anticoncepcion, prevencion de its y de cancer de cuello uterino",numero de personas que recibieron orientacion en anticoncepcion,2015-10-01,0,1,10,4,0,15
DESAGUADERO,"anticoncepcion, prevencion de its y de cancer de cuello uterino",numero de personas que recibieron orientacion en anticoncepcion,2015-10-01,0,0,9,4,0,13
EL ALTO,"anticoncepcion, prevencion de its y de cancer de cuello uterino",numero de personas que recibieron orientacion en anticoncepcion,2015-10-01,2,375,2297,853,64,3591
EL CHORO,"anticoncepcion, prevencion de its y de cancer de cuello uterino",numero de personas que recibieron orientacion en anticoncepcion,2015-10-01,0,2,12,6,0,20
EL PUENTE(STC),"anticoncepcion, prevencion de its y de cancer de cuello uterino",numero de personas que recibieron orientacion en anticoncepcion,2015-10-01,6,13,64,22,1,106
EL PUENTE(TJA),"anticoncepcion, prevencion de its y de cancer de cuello uterino",numero de personas que recibieron orientacion en anticoncepcion,2015-10-01,0,6,20,17,2,45
EL TORNO,"anticoncepcion, prevencion de its y de cancer de cuello uterino",numero de personas que recibieron orientacion en anticoncepcion,2015-10-01,19,36,95,35,8,193
EL VILLAR,"anticoncepcion, prevencion de its y de cancer de cuello uterino",numero de personas que recibieron orientacion en anticoncepcion,2015-10-01,0,1,15,6,0,22
ENTRE RIOS TRJ,"anticoncepcion, prevencion de its y de cancer de cuello uterino",numero de personas que recibieron orientacion en anticoncepcion,2015-10-01,2,29,48,12,2,93
ENTRE RIOS CBBA,"anticoncepcion, prevencion de its y de cancer de cuello uterino",numero de personas que recibieron orientacion en anticoncepcion,2015-10-01,0,9,96,17,0,122
ESCARA,"anticoncepcion, prevencion de its y de cancer de cuello uterino",numero de personas que recibieron orientacion en anticoncepcion,2015-10-01,1,2,3,1,0,7
ESCOMA,"anticoncepcion, prevencion de its y de cancer de cuello uterino",numero de personas que recibieron orientacion en anticoncepcion,2015-10-01,0,5,10,1,0,16
EUCALIPTUS,"anticoncepcion, prevencion de its y de cancer de cuello uterino",numero de personas que recibieron orientacion en anticoncepcion,2015-10-01,0,1,9,2,0,12
EUREKA (SANTOS MERCADO),"anticoncepcion, prevencion de its y de cancer de cuello uterino",numero de personas que recibieron orientacion en anticoncepcion,2015-10-01,0,2,10,3,0,15
EXALTACION,"anticoncepcion, prevencion de its y de cancer de cuello uterino",numero de personas que recibieron orientacion en anticoncepcion,2015-10-01,0,2,0,0,0,2
FERNANDEZ ALONSO,"anticoncepcion, prevencion de its y de cancer de cuello uterino",numero de personas que recibieron orientacion en anticoncepcion,2015-10-01,0,3,18,13,1,35
FILADELFIA,"anticoncepcion, prevencion de its y de cancer de cuello uterino",numero de personas que recibieron orientacion en anticoncepcion,2015-10-01,1,8,39,8,0,56
GENERAL SAAVEDRA,"anticoncepcion, prevencion de its y de cancer de cuello uterino",numero de personas que recibieron orientacion en anticoncepcion,2015-10-01,0,10,62,10,0,82
GRAL. J.J. PEREZ (CHARAZANI),"anticoncepcion, prevencion de its y de cancer de cuello uterino",numero de personas que recibieron orientacion en anticoncepcion,2015-10-01,0,0,8,10,0,18
GUANAY,"anticoncepcion, prevencion de its y de cancer de cuello uterino",numero de personas que recibieron orientacion en anticoncepcion,2015-10-01,0,1,26,14,1,42
GUAQUI,"anticoncepcion, prevencion de its y de cancer de cuello uterino",numero de personas que recibieron orientacion en anticoncepcion,2015-10-01,0,2,12,1,0,15
GUAYARAMERIN,"anticoncepcion, prevencion de its y de cancer de cuello uterino",numero de personas que recibieron orientacion en anticoncepcion,2015-10-01,7,83,187,40,8,325
GUTIERREZ,"anticoncepcion, prevencion de its y de cancer de cuello uterino",numero de personas que recibieron orientacion en anticoncepcion,2015-10-01,0,1,7,1,0,9
HUACARETA,"anticoncepcion, prevencion de its y de cancer de cuello uterino",numero de personas que recibieron orientacion en anticoncepcion,2015-10-01,0,15,38,12,0,65
HUACAYA (VILLA DE HUACAYA),"anticoncepcion, prevencion de its y de cancer de cuello uterino",numero de personas que recibieron orientacion en anticoncepcion,2015-10-01,0,3,14,4,0,21
HUACHACALLA,"anticoncepcion, prevencion de its y de cancer de cuello uterino",numero de personas que recibieron orientacion en anticoncepcion,2015-10-01,0,1,3,3,0,7
HUANUNI,"anticoncepcion, prevencion de its y de cancer de cuello uterino",numero de personas que recibieron orientacion en anticoncepcion,2015-10-01,0,5,43,4,0,52
HUARACAJE,"anticoncepcion, prevencion de its y de cancer de cuello uterino",numero de personas que recibieron orientacion en anticoncepcion,2015-10-01,0,5,28,10,0,43
HUARINA,"anticoncepcion, prevencion de its y de cancer de cuello uterino",numero de personas que recibieron orientacion en anticoncepcion,2015-10-01,0,1,7,4,0,12
HUATAJATA,"anticoncepcion, prevencion de its y de cancer de cuello uterino",numero de personas que recibieron orientacion en anticoncepcion,2015-10-01,0,0,2,1,0,3
HUAYLLAMARCA,"anticoncepcion, prevencion de its y de cancer de cuello uterino",numero de personas que recibieron orientacion en anticoncepcion,2015-10-01,0,2,13,4,1,20
HUMANATA,"anticoncepcion, prevencion de its y de cancer de cuello uterino",numero de personas que recibieron orientacion en anticoncepcion,2015-10-01,0,0,1,0,0,1
ICHOCA,"anticoncepcion, prevencion de its y de cancer de cuello uterino",numero de personas que recibieron orientacion en anticoncepcion,2015-10-01,0,0,0,3,0,3
ICLA,"anticoncepcion, prevencion de its y de cancer de cuello uterino",numero de personas que recibieron orientacion en anticoncepcion,2015-10-01,0,17,27,28,6,78
INCAHUASI,"anticoncepcion, prevencion de its y de cancer de cuello uterino",numero de personas que recibieron orientacion en anticoncepcion,2015-10-01,1,13,56,31,1,102
INGAVI (HUMAITA),"anticoncepcion, prevencion de its y de cancer de cuello uterino",numero de personas que recibieron orientacion en anticoncepcion,2015-10-01,0,0,5,0,0,5
INQUISIVI,"anticoncepcion, prevencion de its y de cancer de cuello uterino",numero de personas que recibieron orientacion en anticoncepcion,2015-10-01,0,5,13,1,0,19
IRUPANA (VILLA DE LANZA),"anticoncepcion, prevencion de its y de cancer de cuello uterino",numero de personas que recibieron orientacion en anticoncepcion,2015-10-01,0,2,22,8,0,32
IXIAMAS,"anticoncepcion, prevencion de its y de cancer de cuello uterino",numero de personas que recibieron orientacion en anticoncepcion,2015-10-01,0,3,8,1,0,12
JESUS DE MACHACA,"anticoncepcion, prevencion de its y de cancer de cuello uterino",numero de personas que recibieron orientacion en anticoncepcion,2015-10-01,0,3,18,8,3,32
LA ASUNTA,"anticoncepcion, prevencion de its y de cancer de cuello uterino",numero de personas que recibieron orientacion en anticoncepcion,2015-10-01,1,12,39,11,0,63
LA GUARDIA,"anticoncepcion, prevencion de its y de cancer de cuello uterino",numero de personas que recibieron orientacion en anticoncepcion,2015-10-01,7,49,263,98,5,422
LA PAZ,"anticoncepcion, prevencion de its y de cancer de cuello uterino",numero de personas que recibieron orientacion en anticoncepcion,2015-10-01,8,228,1427,479,56,2198
LA RIVERA,"anticoncepcion, prevencion de its y de cancer de cuello uterino",numero de personas que recibieron orientacion en anticoncepcion,2015-10-01,0,0,1,0,0,1
LAGUNILLAS,"anticoncepcion, prevencion de its y de cancer de cuello uterino",numero de personas que recibieron orientacion en anticoncepcion,2015-10-01,0,2,17,10,0,29
LAJA,"anticoncepcion, prevencion de its y de cancer de cuello uterino",numero de personas que recibieron orientacion en anticoncepcion,2015-10-01,0,4,13,5,3,25
LAS CARRERAS,"anticoncepcion, prevencion de its y de cancer de cuello uterino",numero de personas que recibieron orientacion en anticoncepcion,2015-10-01,0,4,28,7,0,39
LICOMA PAMPA,"anticoncepcion, prevencion de its y de cancer de cuello uterino",numero de personas que recibieron orientacion en anticoncepcion,2015-10-01,0,0,6,3,0,9
LLALLAGUA,"anticoncepcion, prevencion de its y de cancer de cuello uterino",numero de personas que recibieron orientacion en anticoncepcion,2015-10-01,4,97,265,44,5,415
LLICA,"anticoncepcion, prevencion de its y de cancer de cuello uterino",numero de personas que recibieron orientacion en anticoncepcion,2015-10-01,0,0,2,0,0,2
LORETO,"anticoncepcion, prevencion de its y de cancer de cuello uterino",numero de personas que recibieron orientacion en anticoncepcion,2015-10-01,2,8,7,4,0,21
LURIBAY,"anticoncepcion, prevencion de its y de cancer de cuello uterino",numero de personas que recibieron orientacion en anticoncepcion,2015-10-01,0,1,7,4,1,13
MACHACAMARCA,"anticoncepcion, prevencion de its y de cancer de cuello uterino",numero de personas que recibieron orientacion en anticoncepcion,2015-10-01,0,0,2,0,0,2
MACHARETI,"anticoncepcion, prevencion de its y de cancer de cuello uterino",numero de personas que recibieron orientacion en anticoncepcion,2015-10-01,0,17,58,26,2,103
MAGDALENA,"anticoncepcion, prevencion de its y de cancer de cuello uterino",numero de personas que recibieron orientacion en anticoncepcion,2015-10-01,0,14,52,9,0,75
MAIRANA,"anticoncepcion, prevencion de its y de cancer de cuello uterino",numero de personas que recibieron orientacion en anticoncepcion,2015-10-01,1,7,25,3,0,36
MALLA,"anticoncepcion, prevencion de its y de cancer de cuello uterino",numero de personas que recibieron orientacion en anticoncepcion,2015-10-01,0,0,5,0,0,5
MAPIRI,"anticoncepcion, prevencion de its y de cancer de cuello uterino",numero de personas que recibieron orientacion en anticoncepcion,2015-10-01,0,4,38,35,1,78
MECAPACA,"anticoncepcion, prevencion de its y de cancer de cuello uterino",numero de personas que recibieron orientacion en anticoncepcion,2015-10-01,1,0,9,4,0,14
MINEROS,"anticoncepcion, prevencion de its y de cancer de cuello uterino",numero de personas que recibieron orientacion en anticoncepcion,2015-10-01,0,6,61,19,5,91
MIZQUE,"anticoncepcion, prevencion de its y de cancer de cuello uterino",numero de personas que recibieron orientacion en anticoncepcion,2015-10-01,2,17,108,48,0,175
MOCOMOCO,"anticoncepcion, prevencion de its y de cancer de cuello uterino",numero de personas que recibieron orientacion en anticoncepcion,2015-10-01,0,1,4,3,0,8
MOJINETE,"anticoncepcion, prevencion de its y de cancer de cuello uterino",numero de personas que recibieron orientacion en anticoncepcion,2015-10-01,0,0,3,2,0,5
MOJOCOYA,"anticoncepcion, prevencion de its y de cancer de cuello uterino",numero de personas que recibieron orientacion en anticoncepcion,2015-10-01,0,5,29,23,4,61
MONTEAGUDO,"anticoncepcion, prevencion de its y de cancer de cuello uterino",numero de personas que recibieron orientacion en anticoncepcion,2015-10-01,2,34,127,59,7,229
MONTERO,"anticoncepcion, prevencion de its y de cancer de cuello uterino",numero de personas que recibieron orientacion en anticoncepcion,2015-10-01,1,57,345,149,30,582
MORO MORO,"anticoncepcion, prevencion de its y de cancer de cuello uterino",numero de personas que recibieron orientacion en anticoncepcion,2015-10-01,0,0,1,1,0,2
MOROCHATA,"anticoncepcion, prevencion de its y de cancer de cuello uterino",numero de personas que recibieron orientacion en anticoncepcion,2015-10-01,0,16,27,21,1,65
NACEBE (SANTA ROSA DEL ABUNA),"anticoncepcion, prevencion de its y de cancer de cuello uterino",numero de personas que recibieron orientacion en anticoncepcion,2015-10-01,0,1,7,1,0,9
NUEVO MANOA (NUEVA ESPERANZA),"anticoncepcion, prevencion de its y de cancer de cuello uterino",numero de personas que recibieron orientacion en anticoncepcion,2015-10-01,0,1,12,1,0,14
OCURI,"anticoncepcion, prevencion de its y de cancer de cuello uterino",numero de personas que recibieron orientacion en anticoncepcion,2015-10-01,0,13,25,19,0,57
OKINAWA,"anticoncepcion, prevencion de its y de cancer de cuello uterino",numero de personas que recibieron orientacion en anticoncepcion,2015-10-01,1,4,15,6,1,27
OMEREQUE,"anticoncepcion, prevencion de its y de cancer de cuello uterino",numero de personas que recibieron orientacion en anticoncepcion,2015-10-01,0,3,21,16,1,41
ORURO,"anticoncepcion, prevencion de its y de cancer de cuello uterino",numero de personas que recibieron orientacion en anticoncepcion,2015-10-01,3,173,1443,505,102,2226
PADCAYA,"anticoncepcion, prevencion de its y de cancer de cuello uterino",numero de personas que recibieron orientacion en anticoncepcion,2015-10-01,0,20,74,30,3,127
PADILLA,"anticoncepcion, prevencion de its y de cancer de cuello uterino",numero de personas que recibieron orientacion en anticoncepcion,2015-10-01,0,14,56,34,0,104
PAILON,"anticoncepcion, prevencion de its y de cancer de cuello uterino",numero de personas que recibieron orientacion en anticoncepcion,2015-10-01,6,126,233,12,1,378
PALCA,"anticoncepcion, prevencion de its y de cancer de cuello uterino",numero de personas que recibieron orientacion en anticoncepcion,2015-10-01,0,9,61,22,4,96
PALOS BLANCOS,"anticoncepcion, prevencion de its y de cancer de cuello uterino",numero de personas que recibieron orientacion en anticoncepcion,2015-10-01,0,9,89,41,3,142
PAMPA AULLAGAS,"anticoncepcion, prevencion de its y de cancer de cuello uterino",numero de personas que recibieron orientacion en anticoncepcion,2015-10-01,0,0,3,0,0,3
PAMPA GRANDE,"anticoncepcion, prevencion de its y de cancer de cuello uterino",numero de personas que recibieron orientacion en anticoncepcion,2015-10-01,0,0,2,2,0,4
PAPEL PAMPA,"anticoncepcion, prevencion de its y de cancer de cuello uterino",numero de personas que recibieron orientacion en anticoncepcion,2015-10-01,0,4,9,6,0,19
PASORAPA,"anticoncepcion, prevencion de its y de cancer de cuello uterino",numero de personas que recibieron orientacion en anticoncepcion,2015-10-01,2,8,19,15,2,46
PATACAMAYA,"anticoncepcion, prevencion de its y de cancer de cuello uterino",numero de personas que recibieron orientacion en anticoncepcion,2015-10-01,0,0,10,1,0,11
PAZÑA,"anticoncepcion, prevencion de its y de cancer de cuello uterino",numero de personas que recibieron orientacion en anticoncepcion,2015-10-01,0,1,38,16,0,55
PELECHUCO,"anticoncepcion, prevencion de its y de cancer de cuello uterino",numero de personas que recibieron orientacion en anticoncepcion,2015-10-01,0,2,25,16,0,43
POCOATA,"anticoncepcion, prevencion de its y de cancer de cuello uterino",numero de personas que recibieron orientacion en anticoncepcion,2015-10-01,1,8,18,33,3,63
POCONA,"anticoncepcion, prevencion de its y de cancer de cuello uterino",numero de personas que recibieron orientacion en anticoncepcion,2015-10-01,2,22,57,44,0,125
POJO (CBBA),"anticoncepcion, prevencion de its y de cancer de cuello uterino",numero de personas que recibieron orientacion en anticoncepcion,2015-10-01,0,13,40,12,1,66
POOPO,"anticoncepcion, prevencion de its y de cancer de cuello uterino",numero de personas que recibieron orientacion en anticoncepcion,2015-10-01,0,0,10,3,0,13
PORCO,"anticoncepcion, prevencion de its y de cancer de cuello uterino",numero de personas que recibieron orientacion en anticoncepcion,2015-10-01,0,14,65,12,0,91
POROMA,"anticoncepcion, prevencion de its y de cancer de cuello uterino",numero de personas que recibieron orientacion en anticoncepcion,2015-10-01,0,7,11,2,0,20
PORONGO,"anticoncepcion, prevencion de its y de cancer de cuello uterino",numero de personas que recibieron orientacion en anticoncepcion,2015-10-01,2,17,66,28,6,119
PORTACHUELO,"anticoncepcion, prevencion de its y de cancer de cuello uterino",numero de personas que recibieron orientacion en anticoncepcion,2015-10-01,0,3,15,2,0,20
PORVENIR,"anticoncepcion, prevencion de its y de cancer de cuello uterino",numero de personas que recibieron orientacion en anticoncepcion,2015-10-01,0,0,1,1,0,2
POSTRER VALLE,"anticoncepcion, prevencion de its y de cancer de cuello uterino",numero de personas que recibieron orientacion en anticoncepcion,2015-10-01,1,0,3,1,0,5
POTOSI,"anticoncepcion, prevencion de its y de cancer de cuello uterino",numero de personas que recibieron orientacion en anticoncepcion,2015-10-01,0,66,450,179,3,698
PRESTO,"anticoncepcion, prevencion de its y de cancer de cuello uterino",numero de personas que recibieron orientacion en anticoncepcion,2015-10-01,1,16,72,31,6,126
PUCARA,"anticoncepcion, prevencion de its y de cancer de cuello uterino",numero de personas que recibieron orientacion en anticoncepcion,2015-10-01,0,0,0,2,0,2
PUCARANI,"anticoncepcion, prevencion de its y de cancer de cuello uterino",numero de personas que recibieron orientacion en anticoncepcion,2015-10-01,0,15,73,32,11,131
PUERTO ACOSTA,"anticoncepcion, prevencion de its y de cancer de cuello uterino",numero de personas que recibieron orientacion en anticoncepcion,2015-10-01,0,0,7,3,0,10
PUERTO CARABUCO,"anticoncepcion, prevencion de its y de cancer de cuello uterino",numero de personas que recibieron orientacion en anticoncepcion,2015-10-01,0,2,7,8,1,18
PUERTO GONZALO MORENO,"anticoncepcion, prevencion de its y de cancer de cuello uterino",numero de personas que recibieron orientacion en anticoncepcion,2015-10-01,2,4,6,1,2,15
PUERTO PEREZ,"anticoncepcion, prevencion de its y de cancer de cuello uterino",numero de personas que recibieron orientacion en anticoncepcion,2015-10-01,0,1,8,3,1,13
PUERTO QUIJARRO,"anticoncepcion, prevencion de its y de cancer de cuello uterino",numero de personas que recibieron orientacion en anticoncepcion,2015-10-01,0,3,42,8,0,53
PUERTO RICO,"anticoncepcion, prevencion de its y de cancer de cuello uterino",numero de personas que recibieron orientacion en anticoncepcion,2015-10-01,0,2,16,0,0,18
PUERTO SILES,"anticoncepcion, prevencion de its y de cancer de cuello uterino",numero de personas que recibieron orientacion en anticoncepcion,2015-10-01,0,1,4,1,0,6
PUERTO SUAREZ,"anticoncepcion, prevencion de its y de cancer de cuello uterino",numero de personas que recibieron orientacion en anticoncepcion,2015-10-01,2,12,38,4,0,56
PUERTO VILLARROEL,"anticoncepcion, prevencion de its y de cancer de cuello uterino",numero de personas que recibieron orientacion en anticoncepcion,2015-10-01,2,39,144,31,0,216
PUNA,"anticoncepcion, prevencion de its y de cancer de cuello uterino",numero de personas que recibieron orientacion en anticoncepcion,2015-10-01,0,15,56,38,13,122
PUNATA,"anticoncepcion, prevencion de its y de cancer de cuello uterino",numero de personas que recibieron orientacion en anticoncepcion,2015-10-01,12,45,121,55,9,242
QUIABAYA,"anticoncepcion, prevencion de its y de cancer de cuello uterino",numero de personas que recibieron orientacion en anticoncepcion,2015-10-01,0,1,4,0,0,5
QUILLACOLLO,"anticoncepcion, prevencion de its y de cancer de cuello uterino",numero de personas que recibieron orientacion en anticoncepcion,2015-10-01,2,323,1139,286,20,1770
QUIME,"anticoncepcion, prevencion de its y de cancer de cuello uterino",numero de personas que recibieron orientacion en anticoncepcion,2015-10-01,0,2,10,3,0,15
QUIRUSILLAS,"anticoncepcion, prevencion de its y de cancer de cuello uterino",numero de personas que recibieron orientacion en anticoncepcion,2015-10-01,0,0,1,2,0,3
RAVELO,"anticoncepcion, prevencion de its y de cancer de cuello uterino",numero de personas que recibieron orientacion en anticoncepcion,2015-10-01,0,12,30,27,0,69
REYES,"anticoncepcion, prevencion de its y de cancer de cuello uterino",numero de personas que recibieron orientacion en anticoncepcion,2015-10-01,11,41,74,19,0,145
RIBERALTA,"anticoncepcion, prevencion de its y de cancer de cuello uterino",numero de personas que recibieron orientacion en anticoncepcion,2015-10-01,136,542,992,215,11,1896
ROBORE,"anticoncepcion, prevencion de its y de cancer de cuello uterino",numero de personas que recibieron orientacion en anticoncepcion,2015-10-01,1,13,16,6,1,37
RURRENABAQUE,"anticoncepcion, prevencion de its y de cancer de cuello uterino",numero de personas que recibieron orientacion en anticoncepcion,2015-10-01,0,23,115,35,8,181
SABAYA,"anticoncepcion, prevencion de its y de cancer de cuello uterino",numero de personas que recibieron orientacion en anticoncepcion,2015-10-01,0,9,19,10,0,38
SACABA,"anticoncepcion, prevencion de its y de cancer de cuello uterino",numero de personas que recibieron orientacion en anticoncepcion,2015-10-01,18,313,787,203,3,1324
SACABAMBA,"anticoncepcion, prevencion de its y de cancer de cuello uterino",numero de personas que recibieron orientacion en anticoncepcion,2015-10-01,0,1,4,8,0,13
SACACA,"anticoncepcion, prevencion de its y de cancer de cuello uterino",numero de personas que recibieron orientacion en anticoncepcion,2015-10-01,0,16,78,29,3,126
SAIPINA,"anticoncepcion, prevencion de its y de cancer de cuello uterino",numero de personas que recibieron orientacion en anticoncepcion,2015-10-01,0,6,21,4,0,31
SALINAS DE GARCI MENDOZA,"anticoncepcion, prevencion de its y de cancer de cuello uterino",numero de personas que recibieron orientacion en anticoncepcion,2015-10-01,1,22,85,36,1,145
SAMAIPATA,"anticoncepcion, prevencion de its y de cancer de cuello uterino",numero de personas que recibieron orientacion en anticoncepcion,2015-10-01,1,18,42,8,1,70
SAN AGUSTIN,"anticoncepcion, prevencion de its y de cancer de cuello uterino",numero de personas que recibieron orientacion en anticoncepcion,2015-10-01,0,0,3,0,0,3
SAN ANDRES,"anticoncepcion, prevencion de its y de cancer de cuello uterino",numero de personas que recibieron orientacion en anticoncepcion,2015-10-01,7,29,91,25,0,152
SAN ANDRES DE MACHACA,"anticoncepcion, prevencion de its y de cancer de cuello uterino",numero de personas que recibieron orientacion en anticoncepcion,2015-10-01,0,1,9,6,1,17
SAN ANTONIO DE ESMORUCO,"anticoncepcion, prevencion de its y de cancer de cuello uterino",numero de personas que recibieron orientacion en anticoncepcion,2015-10-01,0,0,5,1,0,6
SAN ANTONIO DE LOMERIO,"anticoncepcion, prevencion de its y de cancer de cuello uterino",numero de personas que recibieron orientacion en anticoncepcion,2015-10-01,0,3,8,4,0,15
SAN BENITO,"anticoncepcion, prevencion de its y de cancer de cuello uterino",numero de personas que recibieron orientacion en anticoncepcion,2015-10-01,0,9,24,11,0,44
SAN BORJA,"anticoncepcion, prevencion de its y de cancer de cuello uterino",numero de personas que recibieron orientacion en anticoncepcion,2015-10-01,5,37,60,6,0,108
SAN BUENA VENTURA,"anticoncepcion, prevencion de its y de cancer de cuello uterino",numero de personas que recibieron orientacion en anticoncepcion,2015-10-01,0,6,17,0,0,23
SAN CARLOS,"anticoncepcion, prevencion de its y de cancer de cuello uterino",numero de personas que recibieron orientacion en anticoncepcion,2015-10-01,2,50,110,22,1,185
SAN IGNACIO,"anticoncepcion, prevencion de its y de cancer de cuello uterino",numero de personas que recibieron orientacion en anticoncepcion,2015-10-01,1,38,169,71,2,281
SAN IGNACIO DE VELASCO,"anticoncepcion, prevencion de its y de cancer de cuello uterino",numero de personas que recibieron orientacion en anticoncepcion,2015-10-01,2,380,135,50,1,568
SAN JAVIER(BNI),"anticoncepcion, prevencion de its y de cancer de cuello uterino",numero de personas que recibieron orientacion en anticoncepcion,2015-10-01,0,1,21,2,0,24
SAN JOAQUIN,"anticoncepcion, prevencion de its y de cancer de cuello uterino",numero de personas que recibieron orientacion en anticoncepcion,2015-10-01,0,2,0,0,0,2
SAN JOSE DE CHIQUITOS,"anticoncepcion, prevencion de its y de cancer de cuello uterino",numero de personas que recibieron orientacion en anticoncepcion,2015-10-01,0,38,73,15,6,132
SAN JUAN DE YAPACANI,"anticoncepcion, prevencion de its y de cancer de cuello uterino",numero de personas que recibieron orientacion en anticoncepcion,2015-10-01,0,5,36,8,0,49
SAN JULIAN,"anticoncepcion, prevencion de its y de cancer de cuello uterino",numero de personas que recibieron orientacion en anticoncepcion,2015-10-01,1,44,133,40,1,219
SAN LORENZO(PND),"anticoncepcion, prevencion de its y de cancer de cuello uterino",numero de personas que recibieron orientacion en anticoncepcion,2015-10-01,0,1,11,1,0,13
SAN LORENZO(TJA),"anticoncepcion, prevencion de its y de cancer de cuello uterino",numero de personas que recibieron orientacion en anticoncepcion,2015-10-01,1,5,23,10,0,39
SAN LUCAS,"anticoncepcion, prevencion de its y de cancer de cuello uterino",numero de personas que recibieron orientacion en anticoncepcion,2015-10-01,3,38,83,57,3,184
SAN MATIAS,"anticoncepcion, prevencion de its y de cancer de cuello uterino",numero de personas que recibieron orientacion en anticoncepcion,2015-10-01,3,9,33,22,0,67
SAN MIGUEL DE VELASCO,"anticoncepcion, prevencion de its y de cancer de cuello uterino",numero de personas que recibieron orientacion en anticoncepcion,2015-10-01,2,20,80,35,4,141
SAN PABLO DE LIPEZ,"anticoncepcion, prevencion de its y de cancer de cuello uterino",numero de personas que recibieron orientacion en anticoncepcion,2015-10-01,0,0,1,1,0,2
SAN PEDRO,"anticoncepcion, prevencion de its y de cancer de cuello uterino",numero de personas que recibieron orientacion en anticoncepcion,2015-10-01,2,9,40,13,3,67
SAN PEDRO DE BUENA VISTA,"anticoncepcion, prevencion de its y de cancer de cuello uterino",numero de personas que recibieron orientacion en anticoncepcion,2015-10-01,0,11,66,28,3,108
SAN PEDRO DE CURAHUARA,"anticoncepcion, prevencion de its y de cancer de cuello uterino",numero de personas que recibieron orientacion en anticoncepcion,2015-10-01,0,1,4,6,0,11
SAN PEDRO DE QUEMES,"anticoncepcion, prevencion de its y de cancer de cuello uterino",numero de personas que recibieron orientacion en anticoncepcion,2015-10-01,1,0,4,0,0,5
SAN PEDRO DE TIQUINA,"anticoncepcion, prevencion de its y de cancer de cuello uterino",numero de personas que recibieron orientacion en anticoncepcion,2015-10-01,0,5,31,6,0,42
SAN PEDRO(PND),"anticoncepcion, prevencion de its y de cancer de cuello uterino",numero de personas que recibieron orientacion en anticoncepcion,2015-10-01,0,2,0,0,0,2
SAN RAFAEL,"anticoncepcion, prevencion de its y de cancer de cuello uterino",numero de personas que recibieron orientacion en anticoncepcion,2015-10-01,0,16,75,33,1,125
SAN RAMON BENI,"anticoncepcion, prevencion de its y de cancer de cuello uterino",numero de personas que recibieron orientacion en anticoncepcion,2015-10-01,0,19,37,6,0,62
SAN RAMON SCZ,"anticoncepcion, prevencion de its y de cancer de cuello uterino",numero de personas que recibieron orientacion en anticoncepcion,2015-10-01,9,15,29,25,7,85
SANTA ANA,"anticoncepcion, prevencion de its y de cancer de cuello uterino",numero de personas que recibieron orientacion en anticoncepcion,2015-10-01,3,26,94,30,2,155
SANTA CRUZ DE LA SIERRA,"anticoncepcion, prevencion de its y de cancer de cuello uterino",numero de personas que recibieron orientacion en anticoncepcion,2015-10-01,133,887,2338,982,58,4398
SANTA ROSA,"anticoncepcion, prevencion de its y de cancer de cuello uterino",numero de personas que recibieron orientacion en anticoncepcion,2015-10-01,0,5,5,1,0,11
SANTA ROSA DEL SARA,"anticoncepcion, prevencion de its y de cancer de cuello uterino",numero de personas que recibieron orientacion en anticoncepcion,2015-10-01,1,13,27,10,0,51
SANTIAGO DE CALLAPA,"anticoncepcion, prevencion de its y de cancer de cuello uterino",numero de personas que recibieron orientacion en anticoncepcion,2015-10-01,0,0,2,2,0,4
SANTIAGO DE HUARI,"anticoncepcion, prevencion de its y de cancer de cuello uterino",numero de personas que recibieron orientacion en anticoncepcion,2015-10-01,0,5,34,10,0,49
SANTIAGO DE HUATA,"anticoncepcion, prevencion de its y de cancer de cuello uterino",numero de personas que recibieron orientacion en anticoncepcion,2015-10-01,0,1,17,10,0,28
SANTIAGO DE MACHACA,"anticoncepcion, prevencion de its y de cancer de cuello uterino",numero de personas que recibieron orientacion en anticoncepcion,2015-10-01,0,2,7,0,0,9
SANTIVAÑES,"anticoncepcion, prevencion de its y de cancer de cuello uterino",numero de personas que recibieron orientacion en anticoncepcion,2015-10-01,0,0,3,6,0,9
SANTUARIO DE QUILLACAS,"anticoncepcion, prevencion de its y de cancer de cuello uterino",numero de personas que recibieron orientacion en anticoncepcion,2015-10-01,0,6,17,8,0,31
SAPAHAQUI,"anticoncepcion, prevencion de its y de cancer de cuello uterino",numero de personas que recibieron orientacion en anticoncepcion,2015-10-01,0,6,30,31,20,87
SENA,"anticoncepcion, prevencion de its y de cancer de cuello uterino",numero de personas que recibieron orientacion en anticoncepcion,2015-10-01,0,14,22,3,0,39
SHINAOTA,"anticoncepcion, prevencion de its y de cancer de cuello uterino",numero de personas que recibieron orientacion en anticoncepcion,2015-10-01,0,12,40,12,0,64
SICA SICA (VILLA AROMA),"anticoncepcion, prevencion de its y de cancer de cuello uterino",numero de personas que recibieron orientacion en anticoncepcion,2015-10-01,1,11,48,23,1,84
SICAYA,"anticoncepcion, prevencion de its y de cancer de cuello uterino",numero de personas que recibieron orientacion en anticoncepcion,2015-10-01,0,1,5,5,0,11
SIPE SIPE,"anticoncepcion, prevencion de its y de cancer de cuello uterino",numero de personas que recibieron orientacion en anticoncepcion,2015-10-01,2,56,224,96,4,382
SOPACHUY,"anticoncepcion, prevencion de its y de cancer de cuello uterino",numero de personas que recibieron orientacion en anticoncepcion,2015-10-01,0,17,68,60,5,150
SORACACHI,"anticoncepcion, prevencion de its y de cancer de cuello uterino",numero de personas que recibieron orientacion en anticoncepcion,2015-10-01,0,8,37,31,0,76
SORATA,"anticoncepcion, prevencion de its y de cancer de cuello uterino",numero de personas que recibieron orientacion en anticoncepcion,2015-10-01,0,8,22,11,0,41
SUCRE,"anticoncepcion, prevencion de its y de cancer de cuello uterino",numero de personas que recibieron orientacion en anticoncepcion,2015-10-01,16,610,2984,1152,77,4839
TACACOMA,"anticoncepcion, prevencion de its y de cancer de cuello uterino",numero de personas que recibieron orientacion en anticoncepcion,2015-10-01,0,0,3,0,0,3
TACOBAMBA,"anticoncepcion, prevencion de its y de cancer de cuello uterino",numero de personas que recibieron orientacion en anticoncepcion,2015-10-01,0,2,5,3,0,10
TACOPAYA,"anticoncepcion, prevencion de its y de cancer de cuello uterino",numero de personas que recibieron orientacion en anticoncepcion,2015-10-01,1,7,11,15,0,34
TAHUA,"anticoncepcion, prevencion de its y de cancer de cuello uterino",numero de personas que recibieron orientacion en anticoncepcion,2015-10-01,0,2,3,0,0,5
TAPACARI,"anticoncepcion, prevencion de its y de cancer de cuello uterino",numero de personas que recibieron orientacion en anticoncepcion,2015-10-01,0,2,25,21,2,50
TARABUCO,"anticoncepcion, prevencion de its y de cancer de cuello uterino",numero de personas que recibieron orientacion en anticoncepcion,2015-10-01,1,25,96,65,5,192
TARACO,"anticoncepcion, prevencion de its y de cancer de cuello uterino",numero de personas que recibieron orientacion en anticoncepcion,2015-10-01,0,1,5,0,0,6
TARATA,"anticoncepcion, prevencion de its y de cancer de cuello uterino",numero de personas que recibieron orientacion en anticoncepcion,2015-10-01,1,7,36,27,0,71
TARIJA,"anticoncepcion, prevencion de its y de cancer de cuello uterino",numero de personas que recibieron orientacion en anticoncepcion,2015-10-01,2,68,406,133,11,620
TARVITA,"anticoncepcion, prevencion de its y de cancer de cuello uterino",numero de personas que recibieron orientacion en anticoncepcion,2015-10-01,0,2,13,7,0,22
TEOPONTE,"anticoncepcion, prevencion de its y de cancer de cuello uterino",numero de personas que recibieron orientacion en anticoncepcion,2015-10-01,0,8,17,3,0,28
TIAWANACU,"anticoncepcion, prevencion de its y de cancer de cuello uterino",numero de personas que recibieron orientacion en anticoncepcion,2015-10-01,0,4,19,7,0,30
TINGUIPAYA,"anticoncepcion, prevencion de its y de cancer de cuello uterino",numero de personas que recibieron orientacion en anticoncepcion,2015-10-01,2,11,29,29,8,79
TIPUANI,"anticoncepcion, prevencion de its y de cancer de cuello uterino",numero de personas que recibieron orientacion en anticoncepcion,2015-10-01,0,6,31,8,0,45
TIQUIPAYA,"anticoncepcion, prevencion de its y de cancer de cuello uterino",numero de personas que recibieron orientacion en anticoncepcion,2015-10-01,6,57,131,56,3,253
TIRAQUE (CBBA),"anticoncepcion, prevencion de its y de cancer de cuello uterino",numero de personas que recibieron orientacion en anticoncepcion,2015-10-01,0,9,24,7,0,40
TITO YUPANQUI (PARQUIPUJIO),"anticoncepcion, prevencion de its y de cancer de cuello uterino",numero de personas que recibieron orientacion en anticoncepcion,2015-10-01,0,0,5,2,0,7
TOCO,"anticoncepcion, prevencion de its y de cancer de cuello uterino",numero de personas que recibieron orientacion en anticoncepcion,2015-10-01,0,2,8,5,1,16
TOLATA,"anticoncepcion, prevencion de its y de cancer de cuello uterino",numero de personas que recibieron orientacion en anticoncepcion,2015-10-01,1,7,35,12,6,61
TOLEDO,"anticoncepcion, prevencion de its y de cancer de cuello uterino",numero de personas que recibieron orientacion en anticoncepcion,2015-10-01,0,0,15,2,0,17
TOMAVE,"anticoncepcion, prevencion de its y de cancer de cuello uterino",numero de personas que recibieron orientacion en anticoncepcion,2015-10-01,0,4,7,3,0,14
TOMINA,"anticoncepcion, prevencion de its y de cancer de cuello uterino",numero de personas que recibieron orientacion en anticoncepcion,2015-10-01,0,7,22,1,0,30
TORO TORO,"anticoncepcion, prevencion de its y de cancer de cuello uterino",numero de personas que recibieron orientacion en anticoncepcion,2015-10-01,2,26,58,36,10,132
TOTORA(CBBA),"anticoncepcion, prevencion de its y de cancer de cuello uterino",numero de personas que recibieron orientacion en anticoncepcion,2015-10-01,4,80,177,56,0,317
TOTORA(ORR),"anticoncepcion, prevencion de its y de cancer de cuello uterino",numero de personas que recibieron orientacion en anticoncepcion,2015-10-01,1,9,29,11,1,51
TRIGAL,"anticoncepcion, prevencion de its y de cancer de cuello uterino",numero de personas que recibieron orientacion en anticoncepcion,2015-10-01,0,0,4,1,0,5
TRINIDAD,"anticoncepcion, prevencion de its y de cancer de cuello uterino",numero de personas que recibieron orientacion en anticoncepcion,2015-10-01,27,197,688,130,7,1049
TUPIZA,"anticoncepcion, prevencion de its y de cancer de cuello uterino",numero de personas que recibieron orientacion en anticoncepcion,2015-10-01,0,24,155,86,17,282
TURCO,"anticoncepcion, prevencion de its y de cancer de cuello uterino",numero de personas que recibieron orientacion en anticoncepcion,2015-10-01,0,3,18,18,5,44
UMALA,"anticoncepcion, prevencion de its y de cancer de cuello uterino",numero de personas que recibieron orientacion en anticoncepcion,2015-10-01,0,2,9,6,1,18
UNCIA,"anticoncepcion, prevencion de its y de cancer de cuello uterino",numero de personas que recibieron orientacion en anticoncepcion,2015-10-01,0,4,50,11,0,65
URIONDO (A. CONCEPCION),"anticoncepcion, prevencion de its y de cancer de cuello uterino",numero de personas que recibieron orientacion en anticoncepcion,2015-10-01,1,11,76,46,5,139
URUBICHA,"anticoncepcion, prevencion de its y de cancer de cuello uterino",numero de personas que recibieron orientacion en anticoncepcion,2015-10-01,0,7,27,5,4,43
UYUNI,"anticoncepcion, prevencion de its y de cancer de cuello uterino",numero de personas que recibieron orientacion en anticoncepcion,2015-10-01,3,11,53,11,2,80
VACAS,"anticoncepcion, prevencion de its y de cancer de cuello uterino",numero de personas que recibieron orientacion en anticoncepcion,2015-10-01,0,8,34,25,0,67
VALLEGRANDE,"anticoncepcion, prevencion de its y de cancer de cuello uterino",numero de personas que recibieron orientacion en anticoncepcion,2015-10-01,1,10,46,27,8,92
VIACHA,"anticoncepcion, prevencion de its y de cancer de cuello uterino",numero de personas que recibieron orientacion en anticoncepcion,2015-10-01,0,39,256,74,19,388
VILA VILA,"anticoncepcion, prevencion de its y de cancer de cuello uterino",numero de personas que recibieron orientacion en anticoncepcion,2015-10-01,0,1,6,6,0,13
VILLA CHARCAS,"anticoncepcion, prevencion de its y de cancer de cuello uterino",numero de personas que recibieron orientacion en anticoncepcion,2015-10-01,0,4,17,5,1,27
VILLA MONTES,"anticoncepcion, prevencion de its y de cancer de cuello uterino",numero de personas que recibieron orientacion en anticoncepcion,2015-10-01,2,16,67,31,8,124
VILLA NUEVA (LOMA ALTA),"anticoncepcion, prevencion de its y de cancer de cuello uterino",numero de personas que recibieron orientacion en anticoncepcion,2015-10-01,0,11,6,0,0,17
VILLA RIVERO,"anticoncepcion, prevencion de its y de cancer de cuello uterino",numero de personas que recibieron orientacion en anticoncepcion,2015-10-01,0,6,25,2,0,33
VILLA SERRANO,"anticoncepcion, prevencion de its y de cancer de cuello uterino",numero de personas que recibieron orientacion en anticoncepcion,2015-10-01,0,8,29,31,2,70
VILLA TUNARI,"anticoncepcion, prevencion de its y de cancer de cuello uterino",numero de personas que recibieron orientacion en anticoncepcion,2015-10-01,0,60,336,85,4,485
VILLA VACA GUZMAN (MUYUPAMPA),"anticoncepcion, prevencion de its y de cancer de cuello uterino",numero de personas que recibieron orientacion en anticoncepcion,2015-10-01,0,9,45,18,0,72
VILLAZON,"anticoncepcion, prevencion de its y de cancer de cuello uterino",numero de personas que recibieron orientacion en anticoncepcion,2015-10-01,0,20,80,18,0,118
VINTO,"anticoncepcion, prevencion de its y de cancer de cuello uterino",numero de personas que recibieron orientacion en anticoncepcion,2015-10-01,41,92,244,86,2,465
VITICHI,"anticoncepcion, prevencion de its y de cancer de cuello uterino",numero de personas que recibieron orientacion en anticoncepcion,2015-10-01,0,6,29,25,0,60
WALDO BALLIVIAN,"anticoncepcion, prevencion de its y de cancer de cuello uterino",numero de personas que recibieron orientacion en anticoncepcion,2015-10-01,0,0,0,1,0,1
WARNES,"anticoncepcion, prevencion de its y de cancer de cuello uterino",numero de personas que recibieron orientacion en anticoncepcion,2015-10-01,6,24,145,54,7,236
YACO,"anticoncepcion, prevencion de its y de cancer de cuello uterino",numero de personas que recibieron orientacion en anticoncepcion,2015-10-01,0,1,5,2,0,8
YACUIBA,"anticoncepcion, prevencion de its y de cancer de cuello uterino",numero de personas que recibieron orientacion en anticoncepcion,2015-10-01,4,139,623,262,32,1060
YAMPARAEZ,"anticoncepcion, prevencion de its y de cancer de cuello uterino",numero de personas que recibieron orientacion en anticoncepcion,2015-10-01,0,10,41,30,15,96
YANACACHI,"anticoncepcion, prevencion de its y de cancer de cuello uterino",numero de personas que recibieron orientacion en anticoncepcion,2015-10-01,0,0,9,2,0,11
YAPACANI,"anticoncepcion, prevencion de its y de cancer de cuello uterino",numero de personas que recibieron orientacion en anticoncepcion,2015-10-01,23,64,88,32,11,218
YOCALLA,"anticoncepcion, prevencion de its y de cancer de cuello uterino",numero de personas que recibieron orientacion en anticoncepcion,2015-10-01,0,2,9,1,0,12
YOTALA,"anticoncepcion, prevencion de its y de cancer de cuello uterino",numero de personas que recibieron orientacion en anticoncepcion,2015-10-01,6,34,48,31,2,121
YUNCHARA,"anticoncepcion, prevencion de its y de cancer de cuello uterino",numero de personas que recibieron orientacion en anticoncepcion,2015-10-01,2,7,48,28,4,89
YUNGUYO DE LITORAL,"anticoncepcion, prevencion de its y de cancer de cuello uterino",numero de personas que recibieron orientacion en anticoncepcion,2015-10-01,0,0,2,0,0,2
ZUDAÑEZ,"anticoncepcion, prevencion de its y de cancer de cuello uterino",numero de personas que recibieron orientacion en anticoncepcion,2015-10-01,1,11,19,13,1,45
ACACIO,"anticoncepcion, prevencion de its y de cancer de cuello uterino",numero de personas que recibieron orientacion en anticoncepcion,2015-11-01,0,2,10,9,0,21
ACHACACHI,"anticoncepcion, prevencion de its y de cancer de cuello uterino",numero de personas que recibieron orientacion en anticoncepcion,2015-11-01,0,6,52,26,2,86
ACHOCALLA,"anticoncepcion, prevencion de its y de cancer de cuello uterino",numero de personas que recibieron orientacion en anticoncepcion,2015-11-01,0,0,20,9,2,31
AIQUILE,"anticoncepcion, prevencion de its y de cancer de cuello uterino",numero de personas que recibieron orientacion en anticoncepcion,2015-11-01,0,17,53,14,0,84
ALALAY,"anticoncepcion, prevencion de its y de cancer de cuello uterino",numero de personas que recibieron orientacion en anticoncepcion,2015-11-01,0,5,5,2,0,12
ALCALA,"anticoncepcion, prevencion de its y de cancer de cuello uterino",numero de personas que recibieron orientacion en anticoncepcion,2015-11-01,2,4,15,9,1,31
ALTO BENI,"anticoncepcion, prevencion de its y de cancer de cuello uterino",numero de personas que recibieron orientacion en anticoncepcion,2015-11-01,1,4,18,2,0,25
ANCORAIMES,"anticoncepcion, prevencion de its y de cancer de cuello uterino",numero de personas que recibieron orientacion en anticoncepcion,2015-11-01,1,5,7,3,0,16
ANDAMARCA,"anticoncepcion, prevencion de its y de cancer de cuello uterino",numero de personas que recibieron orientacion en anticoncepcion,2015-11-01,0,3,12,11,0,26
ANTEQUERA,"anticoncepcion, prevencion de its y de cancer de cuello uterino",numero de personas que recibieron orientacion en anticoncepcion,2015-11-01,0,4,1,0,0,5
ANZALDO,"anticoncepcion, prevencion de its y de cancer de cuello uterino",numero de personas que recibieron orientacion en anticoncepcion,2015-11-01,0,3,12,14,0,29
APOLO,"anticoncepcion, prevencion de its y de cancer de cuello uterino",numero de personas que recibieron orientacion en anticoncepcion,2015-11-01,1,10,60,24,0,95
ARAMPAMPA,"anticoncepcion, prevencion de its y de cancer de cuello uterino",numero de personas que recibieron orientacion en anticoncepcion,2015-11-01,1,4,21,8,0,34
ARANI,"anticoncepcion, prevencion de its y de cancer de cuello uterino",numero de personas que recibieron orientacion en anticoncepcion,2015-11-01,0,2,20,12,0,34
ARBIETO,"anticoncepcion, prevencion de its y de cancer de cuello uterino",numero de personas que recibieron orientacion en anticoncepcion,2015-11-01,0,23,107,19,0,149
ARQUE,"anticoncepcion, prevencion de its y de cancer de cuello uterino",numero de personas que recibieron orientacion en anticoncepcion,2015-11-01,0,0,30,16,0,46
ASCENCION DE GUARAYOS,"anticoncepcion, prevencion de its y de cancer de cuello uterino",numero de personas que recibieron orientacion en anticoncepcion,2015-11-01,0,3,68,20,0,91
ATOCHA,"anticoncepcion, prevencion de its y de cancer de cuello uterino",numero de personas que recibieron orientacion en anticoncepcion,2015-11-01,4,9,57,23,5,98
AUCAPATA,"anticoncepcion, prevencion de its y de cancer de cuello uterino",numero de personas que recibieron orientacion en anticoncepcion,2015-11-01,0,0,11,14,21,46
AYATA,"anticoncepcion, prevencion de its y de cancer de cuello uterino",numero de personas que recibieron orientacion en anticoncepcion,2015-11-01,1,3,31,23,11,69
AYO AYO,"anticoncepcion, prevencion de its y de cancer de cuello uterino",numero de personas que recibieron orientacion en anticoncepcion,2015-11-01,1,3,3,3,0,10
AYOPAYA (V. DE INDEPENDENCIA),"anticoncepcion, prevencion de its y de cancer de cuello uterino",numero de personas que recibieron orientacion en anticoncepcion,2015-11-01,1,14,80,27,0,122
AZURDUY,"anticoncepcion, prevencion de its y de cancer de cuello uterino",numero de personas que recibieron orientacion en anticoncepcion,2015-11-01,2,8,19,23,3,55
BATALLAS,"anticoncepcion, prevencion de its y de cancer de cuello uterino",numero de personas que recibieron orientacion en anticoncepcion,2015-11-01,0,0,18,15,2,35
BAURES,"anticoncepcion, prevencion de its y de cancer de cuello uterino",numero de personas que recibieron orientacion en anticoncepcion,2015-11-01,0,7,22,4,0,33
BELEN DE ANDAMARCA,"anticoncepcion, prevencion de its y de cancer de cuello uterino",numero de personas que recibieron orientacion en anticoncepcion,2015-11-01,0,0,2,4,0,6
BELEN DE URMIRI,"anticoncepcion, prevencion de its y de cancer de cuello uterino",numero de personas que recibieron orientacion en anticoncepcion,2015-11-01,0,5,6,3,0,14
BELLA FLOR,"anticoncepcion, prevencion de its y de cancer de cuello uterino",numero de personas que recibieron orientacion en anticoncepcion,2015-11-01,1,2,9,5,0,17
BERMEJO,"anticoncepcion, prevencion de its y de cancer de cuello uterino",numero de personas que recibieron orientacion en anticoncepcion,2015-11-01,2,29,220,114,16,381
BETANZOS,"anticoncepcion, prevencion de its y de cancer de cuello uterino",numero de personas que recibieron orientacion en anticoncepcion,2015-11-01,0,15,36,24,2,77
BOLIVAR,"anticoncepcion, prevencion de its y de cancer de cuello uterino",numero de personas que recibieron orientacion en anticoncepcion,2015-11-01,0,0,10,11,0,21
BOLPEBRA,"anticoncepcion, prevencion de its y de cancer de cuello uterino",numero de personas que recibieron orientacion en anticoncepcion,2015-11-01,2,5,14,2,0,23
BOYUIBE,"anticoncepcion, prevencion de its y de cancer de cuello uterino",numero de personas que recibieron orientacion en anticoncepcion,2015-11-01,0,1,7,2,0,10
BUENA VISTA,"anticoncepcion, prevencion de its y de cancer de cuello uterino",numero de personas que recibieron orientacion en anticoncepcion,2015-11-01,10,6,20,9,2,47
CABEZAS,"anticoncepcion, prevencion de its y de cancer de cuello uterino",numero de personas que recibieron orientacion en anticoncepcion,2015-11-01,2,10,46,2,0,60
CAIROMA,"anticoncepcion, prevencion de its y de cancer de cuello uterino",numero de personas que recibieron orientacion en anticoncepcion,2015-11-01,0,1,6,1,0,8
"CAIZA ""D""","anticoncepcion, prevencion de its y de cancer de cuello uterino",numero de personas que recibieron orientacion en anticoncepcion,2015-11-01,0,7,35,15,2,59
CAJUATA,"anticoncepcion, prevencion de its y de cancer de cuello uterino",numero de personas que recibieron orientacion en anticoncepcion,2015-11-01,0,7,34,10,0,51
CALAMARCA,"anticoncepcion, prevencion de its y de cancer de cuello uterino",numero de personas que recibieron orientacion en anticoncepcion,2015-11-01,0,5,20,6,0,31
CAMARGO,"anticoncepcion, prevencion de its y de cancer de cuello uterino",numero de personas que recibieron orientacion en anticoncepcion,2015-11-01,0,9,29,21,5,64
CAMATAQUI (C. VILLA ABECIA),"anticoncepcion, prevencion de its y de cancer de cuello uterino",numero de personas que recibieron orientacion en anticoncepcion,2015-11-01,0,0,7,2,0,9
CAMIRI,"anticoncepcion, prevencion de its y de cancer de cuello uterino",numero de personas que recibieron orientacion en anticoncepcion,2015-11-01,0,7,14,1,0,22
CAPINOTA,"anticoncepcion, prevencion de its y de cancer de cuello uterino",numero de personas que recibieron orientacion en anticoncepcion,2015-11-01,0,4,21,2,0,27
CAQUIAVIRI,"anticoncepcion, prevencion de its y de cancer de cuello uterino",numero de personas que recibieron orientacion en anticoncepcion,2015-11-01,0,1,5,0,0,6
CARACOLLO,"anticoncepcion, prevencion de its y de cancer de cuello uterino",numero de personas que recibieron orientacion en anticoncepcion,2015-11-01,0,7,42,18,0,67
CARANAVI,"anticoncepcion, prevencion de its y de cancer de cuello uterino",numero de personas que recibieron orientacion en anticoncepcion,2015-11-01,1,45,192,94,24,356
CARANGAS,"anticoncepcion, prevencion de its y de cancer de cuello uterino",numero de personas que recibieron orientacion en anticoncepcion,2015-11-01,0,0,0,1,0,1
CARAPARI,"anticoncepcion, prevencion de its y de cancer de cuello uterino",numero de personas que recibieron orientacion en anticoncepcion,2015-11-01,1,11,58,17,3,90
CARIPUYO,"anticoncepcion, prevencion de its y de cancer de cuello uterino",numero de personas que recibieron orientacion en anticoncepcion,2015-11-01,0,0,2,1,0,3
CARMEN RIVERO TORREZ,"anticoncepcion, prevencion de its y de cancer de cuello uterino",numero de personas que recibieron orientacion en anticoncepcion,2015-11-01,0,3,7,5,0,15
CHACARILLA,"anticoncepcion, prevencion de its y de cancer de cuello uterino",numero de personas que recibieron orientacion en anticoncepcion,2015-11-01,0,5,10,5,0,20
CHALLAPATA,"anticoncepcion, prevencion de its y de cancer de cuello uterino",numero de personas que recibieron orientacion en anticoncepcion,2015-11-01,1,22,122,45,1,191
CHAQUI,"anticoncepcion, prevencion de its y de cancer de cuello uterino",numero de personas que recibieron orientacion en anticoncepcion,2015-11-01,0,10,25,25,0,60
CHARAGUA,"anticoncepcion, prevencion de its y de cancer de cuello uterino",numero de personas que recibieron orientacion en anticoncepcion,2015-11-01,0,4,39,21,0,64
CHAYANTA,"anticoncepcion, prevencion de its y de cancer de cuello uterino",numero de personas que recibieron orientacion en anticoncepcion,2015-11-01,0,12,28,6,0,46
CHIMORE,"anticoncepcion, prevencion de its y de cancer de cuello uterino",numero de personas que recibieron orientacion en anticoncepcion,2015-11-01,0,27,131,47,5,210
CHIPAYA,"anticoncepcion, prevencion de its y de cancer de cuello uterino",numero de personas que recibieron orientacion en anticoncepcion,2015-11-01,2,4,2,1,0,9
CHOQUE COTA,"anticoncepcion, prevencion de its y de cancer de cuello uterino",numero de personas que recibieron orientacion en anticoncepcion,2015-11-01,0,4,3,1,0,8
CHUA COCANI,"anticoncepcion, prevencion de its y de cancer de cuello uterino",numero de personas que recibieron orientacion en anticoncepcion,2015-11-01,1,5,15,1,0,22
CHULUMANI (V. DE LA LIBERTAD),"anticoncepcion, prevencion de its y de cancer de cuello uterino",numero de personas que recibieron orientacion en anticoncepcion,2015-11-01,0,4,26,5,0,35
CHUMA,"anticoncepcion, prevencion de its y de cancer de cuello uterino",numero de personas que recibieron orientacion en anticoncepcion,2015-11-01,0,12,27,22,8,69
CHUQUIHUTA AYLLU JUCUMANI,"anticoncepcion, prevencion de its y de cancer de cuello uterino",numero de personas que recibieron orientacion en anticoncepcion,2015-11-01,0,8,28,21,1,58
CKOCHAS,"anticoncepcion, prevencion de its y de cancer de cuello uterino",numero de personas que recibieron orientacion en anticoncepcion,2015-11-01,1,4,24,16,1,46
CLIZA,"anticoncepcion, prevencion de its y de cancer de cuello uterino",numero de personas que recibieron orientacion en anticoncepcion,2015-11-01,1,13,84,14,2,114
COBIJA,"anticoncepcion, prevencion de its y de cancer de cuello uterino",numero de personas que recibieron orientacion en anticoncepcion,2015-11-01,8,68,233,78,9,396
COCAPATA,"anticoncepcion, prevencion de its y de cancer de cuello uterino",numero de personas que recibieron orientacion en anticoncepcion,2015-11-01,1,18,96,35,0,150
COCHABAMBA,"anticoncepcion, prevencion de its y de cancer de cuello uterino",numero de personas que recibieron orientacion en anticoncepcion,2015-11-01,28,320,1415,370,36,2169
COIPASA,"anticoncepcion, prevencion de its y de cancer de cuello uterino",numero de personas que recibieron orientacion en anticoncepcion,2015-11-01,0,0,1,3,0,4
COLCAPIRHUA,"anticoncepcion, prevencion de its y de cancer de cuello uterino",numero de personas que recibieron orientacion en anticoncepcion,2015-11-01,3,108,640,136,28,915
"COLCHA ""K""","anticoncepcion, prevencion de its y de cancer de cuello uterino",numero de personas que recibieron orientacion en anticoncepcion,2015-11-01,0,2,16,7,1,26
COLLANA,"anticoncepcion, prevencion de its y de cancer de cuello uterino",numero de personas que recibieron orientacion en anticoncepcion,2015-11-01,0,0,4,0,1,5
COLOMI,"anticoncepcion, prevencion de its y de cancer de cuello uterino",numero de personas que recibieron orientacion en anticoncepcion,2015-11-01,0,13,45,16,0,74
COLPA BELGICA,"anticoncepcion, prevencion de its y de cancer de cuello uterino",numero de personas que recibieron orientacion en anticoncepcion,2015-11-01,1,6,11,5,0,23
COLQUECHACA,"anticoncepcion, prevencion de its y de cancer de cuello uterino",numero de personas que recibieron orientacion en anticoncepcion,2015-11-01,0,4,23,26,0,53
COLQUENCHA,"anticoncepcion, prevencion de its y de cancer de cuello uterino",numero de personas que recibieron orientacion en anticoncepcion,2015-11-01,0,0,5,1,0,6
COLQUIRI,"anticoncepcion, prevencion de its y de cancer de cuello uterino",numero de personas que recibieron orientacion en anticoncepcion,2015-11-01,1,9,57,12,0,79
COMARAPA,"anticoncepcion, prevencion de its y de cancer de cuello uterino",numero de personas que recibieron orientacion en anticoncepcion,2015-11-01,0,24,48,23,0,95
COMBAYA,"anticoncepcion, prevencion de its y de cancer de cuello uterino",numero de personas que recibieron orientacion en anticoncepcion,2015-11-01,0,1,6,3,1,11
CONCEPCION,"anticoncepcion, prevencion de its y de cancer de cuello uterino",numero de personas que recibieron orientacion en anticoncepcion,2015-11-01,0,2,23,4,0,29
COPACABANA,"anticoncepcion, prevencion de its y de cancer de cuello uterino",numero de personas que recibieron orientacion en anticoncepcion,2015-11-01,0,3,8,12,0,23
CORIPATA,"anticoncepcion, prevencion de its y de cancer de cuello uterino",numero de personas que recibieron orientacion en anticoncepcion,2015-11-01,0,5,13,2,0,20
CORO CORO,"anticoncepcion, prevencion de its y de cancer de cuello uterino",numero de personas que recibieron orientacion en anticoncepcion,2015-11-01,0,0,2,1,0,3
COROICO,"anticoncepcion, prevencion de its y de cancer de cuello uterino",numero de personas que recibieron orientacion en anticoncepcion,2015-11-01,0,1,3,0,0,4
CORQUE,"anticoncepcion, prevencion de its y de cancer de cuello uterino",numero de personas que recibieron orientacion en anticoncepcion,2015-11-01,1,1,22,11,2,37
COTAGAITA,"anticoncepcion, prevencion de its y de cancer de cuello uterino",numero de personas que recibieron orientacion en anticoncepcion,2015-11-01,3,8,92,55,2,160
COTOCA,"anticoncepcion, prevencion de its y de cancer de cuello uterino",numero de personas que recibieron orientacion en anticoncepcion,2015-11-01,1,13,46,18,1,79
CUATRO CAÑADAS,"anticoncepcion, prevencion de its y de cancer de cuello uterino",numero de personas que recibieron orientacion en anticoncepcion,2015-11-01,5,27,48,13,0,93
CUCHUMUELA (V. G. VILLARROEL),"anticoncepcion, prevencion de its y de cancer de cuello uterino",numero de personas que recibieron orientacion en anticoncepcion,2015-11-01,0,2,7,0,0,9
CUEVO,"anticoncepcion, prevencion de its y de cancer de cuello uterino",numero de personas que recibieron orientacion en anticoncepcion,2015-11-01,0,0,2,0,0,2
CULPINA,"anticoncepcion, prevencion de its y de cancer de cuello uterino",numero de personas que recibieron orientacion en anticoncepcion,2015-11-01,0,19,79,37,5,140
CURAHUARA DE CARANGAS,"anticoncepcion, prevencion de its y de cancer de cuello uterino",numero de personas que recibieron orientacion en anticoncepcion,2015-11-01,0,0,7,0,0,7
CURVA,"anticoncepcion, prevencion de its y de cancer de cuello uterino",numero de personas que recibieron orientacion en anticoncepcion,2015-11-01,0,3,14,5,0,22
DESAGUADERO,"anticoncepcion, prevencion de its y de cancer de cuello uterino",numero de personas que recibieron orientacion en anticoncepcion,2015-11-01,0,1,17,3,0,21
EL ALTO,"anticoncepcion, prevencion de its y de cancer de cuello uterino",numero de personas que recibieron orientacion en anticoncepcion,2015-11-01,19,446,1908,934,264,3571
EL CHORO,"anticoncepcion, prevencion de its y de cancer de cuello uterino",numero de personas que recibieron orientacion en anticoncepcion,2015-11-01,0,1,19,3,0,23
EL PUENTE(STC),"anticoncepcion, prevencion de its y de cancer de cuello uterino",numero de personas que recibieron orientacion en anticoncepcion,2015-11-01,2,13,10,6,0,31
EL PUENTE(TJA),"anticoncepcion, prevencion de its y de cancer de cuello uterino",numero de personas que recibieron orientacion en anticoncepcion,2015-11-01,0,8,53,36,2,99
EL TORNO,"anticoncepcion, prevencion de its y de cancer de cuello uterino",numero de personas que recibieron orientacion en anticoncepcion,2015-11-01,1,11,48,14,1,75
EL VILLAR,"anticoncepcion, prevencion de its y de cancer de cuello uterino",numero de personas que recibieron orientacion en anticoncepcion,2015-11-01,0,1,8,4,0,13
ENTRE RIOS TRJ,"anticoncepcion, prevencion de its y de cancer de cuello uterino",numero de personas que recibieron orientacion en anticoncepcion,2015-11-01,4,21,63,21,8,117
ENTRE RIOS CBBA,"anticoncepcion, prevencion de its y de cancer de cuello uterino",numero de personas que recibieron orientacion en anticoncepcion,2015-11-01,1,12,54,20,1,88
ESCARA,"anticoncepcion, prevencion de its y de cancer de cuello uterino",numero de personas que recibieron orientacion en anticoncepcion,2015-11-01,0,1,6,1,0,8
ESCOMA,"anticoncepcion, prevencion de its y de cancer de cuello uterino",numero de personas que recibieron orientacion en anticoncepcion,2015-11-01,0,1,12,11,0,24
EUCALIPTUS,"anticoncepcion, prevencion de its y de cancer de cuello uterino",numero de personas que recibieron orientacion en anticoncepcion,2015-11-01,0,0,4,3,0,7
EUREKA (SANTOS MERCADO),"anticoncepcion, prevencion de its y de cancer de cuello uterino",numero de personas que recibieron orientacion en anticoncepcion,2015-11-01,1,5,10,2,0,18
EXALTACION,"anticoncepcion, prevencion de its y de cancer de cuello uterino",numero de personas que recibieron orientacion en anticoncepcion,2015-11-01,0,0,2,0,0,2
FERNANDEZ ALONSO,"anticoncepcion, prevencion de its y de cancer de cuello uterino",numero de personas que recibieron orientacion en anticoncepcion,2015-11-01,0,6,9,5,0,20
FILADELFIA,"anticoncepcion, prevencion de its y de cancer de cuello uterino",numero de personas que recibieron orientacion en anticoncepcion,2015-11-01,1,4,12,5,0,22
GENERAL SAAVEDRA,"anticoncepcion, prevencion de its y de cancer de cuello uterino",numero de personas que recibieron orientacion en anticoncepcion,2015-11-01,0,7,43,16,1,67
GRAL. J.J. PEREZ (CHARAZANI),"anticoncepcion, prevencion de its y de cancer de cuello uterino",numero de personas que recibieron orientacion en anticoncepcion,2015-11-01,0,7,35,20,0,62
GUANAY,"anticoncepcion, prevencion de its y de cancer de cuello uterino",numero de personas que recibieron orientacion en anticoncepcion,2015-11-01,0,19,60,35,5,119
GUAQUI,"anticoncepcion, prevencion de its y de cancer de cuello uterino",numero de personas que recibieron orientacion en anticoncepcion,2015-11-01,0,4,12,1,0,17
GUAYARAMERIN,"anticoncepcion, prevencion de its y de cancer de cuello uterino",numero de personas que recibieron orientacion en anticoncepcion,2015-11-01,4,67,172,40,1,284
GUTIERREZ,"anticoncepcion, prevencion de its y de cancer de cuello uterino",numero de personas que recibieron orientacion en anticoncepcion,2015-11-01,0,4,15,9,0,28
HUACARETA,"anticoncepcion, prevencion de its y de cancer de cuello uterino",numero de personas que recibieron orientacion en anticoncepcion,2015-11-01,0,5,24,18,1,48
HUACAYA (VILLA DE HUACAYA),"anticoncepcion, prevencion de its y de cancer de cuello uterino",numero de personas que recibieron orientacion en anticoncepcion,2015-11-01,0,0,5,1,0,6
HUACHACALLA,"anticoncepcion, prevencion de its y de cancer de cuello uterino",numero de personas que recibieron orientacion en anticoncepcion,2015-11-01,0,1,10,1,0,12
HUANUNI,"anticoncepcion, prevencion de its y de cancer de cuello uterino",numero de personas que recibieron orientacion en anticoncepcion,2015-11-01,0,6,52,10,0,68
HUARACAJE,"anticoncepcion, prevencion de its y de cancer de cuello uterino",numero de personas que recibieron orientacion en anticoncepcion,2015-11-01,0,0,1,2,0,3
HUARINA,"anticoncepcion, prevencion de its y de cancer de cuello uterino",numero de personas que recibieron orientacion en anticoncepcion,2015-11-01,0,1,1,2,0,4
HUATAJATA,"anticoncepcion, prevencion de its y de cancer de cuello uterino",numero de personas que recibieron orientacion en anticoncepcion,2015-11-01,0,1,0,2,0,3
HUAYLLAMARCA,"anticoncepcion, prevencion de its y de cancer de cuello uterino",numero de personas que recibieron orientacion en anticoncepcion,2015-11-01,0,7,13,10,0,30
HUMANATA,"anticoncepcion, prevencion de its y de cancer de cuello uterino",numero de personas que recibieron orientacion en anticoncepcion,2015-11-01,0,0,1,0,0,1
ICHOCA,"anticoncepcion, prevencion de its y de cancer de cuello uterino",numero de personas que recibieron orientacion en anticoncepcion,2015-11-01,0,0,1,0,0,1
ICLA,"anticoncepcion, prevencion de its y de cancer de cuello uterino",numero de personas que recibieron orientacion en anticoncepcion,2015-11-01,0,3,8,6,0,17
INCAHUASI,"anticoncepcion, prevencion de its y de cancer de cuello uterino",numero de personas que recibieron orientacion en anticoncepcion,2015-11-01,1,14,39,7,0,61
INGAVI (HUMAITA),"anticoncepcion, prevencion de its y de cancer de cuello uterino",numero de personas que recibieron orientacion en anticoncepcion,2015-11-01,0,2,10,0,0,12
INQUISIVI,"anticoncepcion, prevencion de its y de cancer de cuello uterino",numero de personas que recibieron orientacion en anticoncepcion,2015-11-01,1,7,16,7,0,31
IRUPANA (VILLA DE LANZA),"anticoncepcion, prevencion de its y de cancer de cuello uterino",numero de personas que recibieron orientacion en anticoncepcion,2015-11-01,0,6,17,1,0,24
IXIAMAS,"anticoncepcion, prevencion de its y de cancer de cuello uterino",numero de personas que recibieron orientacion en anticoncepcion,2015-11-01,0,5,11,3,0,19
JESUS DE MACHACA,"anticoncepcion, prevencion de its y de cancer de cuello uterino",numero de personas que recibieron orientacion en anticoncepcion,2015-11-01,0,2,28,23,31,84
LA ASUNTA,"anticoncepcion, prevencion de its y de cancer de cuello uterino",numero de personas que recibieron orientacion en anticoncepcion,2015-11-01,0,13,72,23,3,111
LA GUARDIA,"anticoncepcion, prevencion de its y de cancer de cuello uterino",numero de personas que recibieron orientacion en anticoncepcion,2015-11-01,5,66,219,72,10,372
LA PAZ,"anticoncepcion, prevencion de its y de cancer de cuello uterino",numero de personas que recibieron orientacion en anticoncepcion,2015-11-01,8,149,938,291,51,1437
LAGUNILLAS,"anticoncepcion, prevencion de its y de cancer de cuello uterino",numero de personas que recibieron orientacion en anticoncepcion,2015-11-01,0,8,24,10,0,42
LAJA,"anticoncepcion, prevencion de its y de cancer de cuello uterino",numero de personas que recibieron orientacion en anticoncepcion,2015-11-01,0,7,11,6,2,26
LAS CARRERAS,"anticoncepcion, prevencion de its y de cancer de cuello uterino",numero de personas que recibieron orientacion en anticoncepcion,2015-11-01,1,5,17,17,0,40
LICOMA PAMPA,"anticoncepcion, prevencion de its y de cancer de cuello uterino",numero de personas que recibieron orientacion en anticoncepcion,2015-11-01,0,4,3,1,0,8
LLALLAGUA,"anticoncepcion, prevencion de its y de cancer de cuello uterino",numero de personas que recibieron orientacion en anticoncepcion,2015-11-01,0,69,242,50,0,361
LLICA,"anticoncepcion, prevencion de its y de cancer de cuello uterino",numero de personas que recibieron orientacion en anticoncepcion,2015-11-01,0,2,9,0,0,11
LORETO,"anticoncepcion, prevencion de its y de cancer de cuello uterino",numero de personas que recibieron orientacion en anticoncepcion,2015-11-01,0,5,34,5,0,44
LURIBAY,"anticoncepcion, prevencion de its y de cancer de cuello uterino",numero de personas que recibieron orientacion en anticoncepcion,2015-11-01,0,2,7,7,0,16
MACHACAMARCA,"anticoncepcion, prevencion de its y de cancer de cuello uterino",numero de personas que recibieron orientacion en anticoncepcion,2015-11-01,0,1,1,0,0,2
MACHARETI,"anticoncepcion, prevencion de its y de cancer de cuello uterino",numero de personas que recibieron orientacion en anticoncepcion,2015-11-01,0,5,33,12,0,50
MAGDALENA,"anticoncepcion, prevencion de its y de cancer de cuello uterino",numero de personas que recibieron orientacion en anticoncepcion,2015-11-01,2,12,29,5,1,49
MAIRANA,"anticoncepcion, prevencion de its y de cancer de cuello uterino",numero de personas que recibieron orientacion en anticoncepcion,2015-11-01,0,5,10,2,0,17
MALLA,"anticoncepcion, prevencion de its y de cancer de cuello uterino",numero de personas que recibieron orientacion en anticoncepcion,2015-11-01,0,1,0,4,0,5
MAPIRI,"anticoncepcion, prevencion de its y de cancer de cuello uterino",numero de personas que recibieron orientacion en anticoncepcion,2015-11-01,0,6,3,1,0,10
MECAPACA,"anticoncepcion, prevencion de its y de cancer de cuello uterino",numero de personas que recibieron orientacion en anticoncepcion,2015-11-01,0,1,11,7,0,19
MINEROS,"anticoncepcion, prevencion de its y de cancer de cuello uterino",numero de personas que recibieron orientacion en anticoncepcion,2015-11-01,1,9,42,13,3,68
MIZQUE,"anticoncepcion, prevencion de its y de cancer de cuello uterino",numero de personas que recibieron orientacion en anticoncepcion,2015-11-01,0,29,118,34,0,181
MOCOMOCO,"anticoncepcion, prevencion de its y de cancer de cuello uterino",numero de personas que recibieron orientacion en anticoncepcion,2015-11-01,0,3,8,2,0,13
MOJOCOYA,"anticoncepcion, prevencion de its y de cancer de cuello uterino",numero de personas que recibieron orientacion en anticoncepcion,2015-11-01,1,8,28,17,2,56
MONTEAGUDO,"anticoncepcion, prevencion de its y de cancer de cuello uterino",numero de personas que recibieron orientacion en anticoncepcion,2015-11-01,4,37,105,68,2,216
MONTERO,"anticoncepcion, prevencion de its y de cancer de cuello uterino",numero de personas que recibieron orientacion en anticoncepcion,2015-11-01,8,87,417,185,35,732
MORO MORO,"anticoncepcion, prevencion de its y de cancer de cuello uterino",numero de personas que recibieron orientacion en anticoncepcion,2015-11-01,0,0,1,0,0,1
MOROCHATA,"anticoncepcion, prevencion de its y de cancer de cuello uterino",numero de personas que recibieron orientacion en anticoncepcion,2015-11-01,1,17,31,15,1,65
NACEBE (SANTA ROSA DEL ABUNA),"anticoncepcion, prevencion de its y de cancer de cuello uterino",numero de personas que recibieron orientacion en anticoncepcion,2015-11-01,0,6,8,0,0,14
NUEVO MANOA (NUEVA ESPERANZA),"anticoncepcion, prevencion de its y de cancer de cuello uterino",numero de personas que recibieron orientacion en anticoncepcion,2015-11-01,1,12,27,1,0,41
OCURI,"anticoncepcion, prevencion de its y de cancer de cuello uterino",numero de personas que recibieron orientacion en anticoncepcion,2015-11-01,0,3,21,8,0,32
OKINAWA,"anticoncepcion, prevencion de its y de cancer de cuello uterino",numero de personas que recibieron orientacion en anticoncepcion,2015-11-01,1,13,36,11,0,61
OMEREQUE,"anticoncepcion, prevencion de its y de cancer de cuello uterino",numero de personas que recibieron orientacion en anticoncepcion,2015-11-01,0,4,23,8,0,35
ORURO,"anticoncepcion, prevencion de its y de cancer de cuello uterino",numero de personas que recibieron orientacion en anticoncepcion,2015-11-01,1,142,1022,308,21,1494
PADCAYA,"anticoncepcion, prevencion de its y de cancer de cuello uterino",numero de personas que recibieron orientacion en anticoncepcion,2015-11-01,0,23,50,27,3,103
PADILLA,"anticoncepcion, prevencion de its y de cancer de cuello uterino",numero de personas que recibieron orientacion en anticoncepcion,2015-11-01,0,16,74,33,1,124
PAILON,"anticoncepcion, prevencion de its y de cancer de cuello uterino",numero de personas que recibieron orientacion en anticoncepcion,2015-11-01,4,52,61,18,0,135
PALCA,"anticoncepcion, prevencion de its y de cancer de cuello uterino",numero de personas que recibieron orientacion en anticoncepcion,2015-11-01,3,21,91,28,5,148
PALOS BLANCOS,"anticoncepcion, prevencion de its y de cancer de cuello uterino",numero de personas que recibieron orientacion en anticoncepcion,2015-11-01,0,16,95,29,4,144
PAMPA AULLAGAS,"anticoncepcion, prevencion de its y de cancer de cuello uterino",numero de personas que recibieron orientacion en anticoncepcion,2015-11-01,0,1,2,3,0,6
PAMPA GRANDE,"anticoncepcion, prevencion de its y de cancer de cuello uterino",numero de personas que recibieron orientacion en anticoncepcion,2015-11-01,0,2,11,2,0,15
PAPEL PAMPA,"anticoncepcion, prevencion de its y de cancer de cuello uterino",numero de personas que recibieron orientacion en anticoncepcion,2015-11-01,0,2,6,2,0,10
PASORAPA,"anticoncepcion, prevencion de its y de cancer de cuello uterino",numero de personas que recibieron orientacion en anticoncepcion,2015-11-01,1,3,24,10,4,42
PATACAMAYA,"anticoncepcion, prevencion de its y de cancer de cuello uterino",numero de personas que recibieron orientacion en anticoncepcion,2015-11-01,0,2,8,0,0,10
PAZÑA,"anticoncepcion, prevencion de its y de cancer de cuello uterino",numero de personas que recibieron orientacion en anticoncepcion,2015-11-01,0,2,25,5,0,32
PELECHUCO,"anticoncepcion, prevencion de its y de cancer de cuello uterino",numero de personas que recibieron orientacion en anticoncepcion,2015-11-01,0,3,34,25,3,65
POCOATA,"anticoncepcion, prevencion de its y de cancer de cuello uterino",numero de personas que recibieron orientacion en anticoncepcion,2015-11-01,0,23,41,50,13,127
POCONA,"anticoncepcion, prevencion de its y de cancer de cuello uterino",numero de personas que recibieron orientacion en anticoncepcion,2015-11-01,1,16,53,36,1,107
POJO (CBBA),"anticoncepcion, prevencion de its y de cancer de cuello uterino",numero de personas que recibieron orientacion en anticoncepcion,2015-11-01,0,15,45,14,0,74
POOPO,"anticoncepcion, prevencion de its y de cancer de cuello uterino",numero de personas que recibieron orientacion en anticoncepcion,2015-11-01,0,0,12,5,0,17
PORCO,"anticoncepcion, prevencion de its y de cancer de cuello uterino",numero de personas que recibieron orientacion en anticoncepcion,2015-11-01,0,8,78,7,0,93
POROMA,"anticoncepcion, prevencion de its y de cancer de cuello uterino",numero de personas que recibieron orientacion en anticoncepcion,2015-11-01,0,8,15,2,0,25
PORONGO,"anticoncepcion, prevencion de its y de cancer de cuello uterino",numero de personas que recibieron orientacion en anticoncepcion,2015-11-01,0,3,18,5,0,26
PORTACHUELO,"anticoncepcion, prevencion de its y de cancer de cuello uterino",numero de personas que recibieron orientacion en anticoncepcion,2015-11-01,1,5,2,0,0,8
PORVENIR,"anticoncepcion, prevencion de its y de cancer de cuello uterino",numero de personas que recibieron orientacion en anticoncepcion,2015-11-01,2,3,2,1,0,8
POSTRER VALLE,"anticoncepcion, prevencion de its y de cancer de cuello uterino",numero de personas que recibieron orientacion en anticoncepcion,2015-11-01,0,0,0,2,0,2
POTOSI,"anticoncepcion, prevencion de its y de cancer de cuello uterino",numero de personas que recibieron orientacion en anticoncepcion,2015-11-01,5,73,434,92,7,611
PRESTO,"anticoncepcion, prevencion de its y de cancer de cuello uterino",numero de personas que recibieron orientacion en anticoncepcion,2015-11-01,2,15,79,53,13,162
PUCARA,"anticoncepcion, prevencion de its y de cancer de cuello uterino",numero de personas que recibieron orientacion en anticoncepcion,2015-11-01,0,0,0,1,0,1
PUCARANI,"anticoncepcion, prevencion de its y de cancer de cuello uterino",numero de personas que recibieron orientacion en anticoncepcion,2015-11-01,0,5,78,44,16,143
PUERTO ACOSTA,"anticoncepcion, prevencion de its y de cancer de cuello uterino",numero de personas que recibieron orientacion en anticoncepcion,2015-11-01,0,2,10,1,1,14
PUERTO CARABUCO,"anticoncepcion, prevencion de its y de cancer de cuello uterino",numero de personas que recibieron orientacion en anticoncepcion,2015-11-01,1,2,5,6,0,14
PUERTO GONZALO MORENO,"anticoncepcion, prevencion de its y de cancer de cuello uterino",numero de personas que recibieron orientacion en anticoncepcion,2015-11-01,2,8,16,3,0,29
PUERTO PEREZ,"anticoncepcion, prevencion de its y de cancer de cuello uterino",numero de personas que recibieron orientacion en anticoncepcion,2015-11-01,0,1,16,10,3,30
PUERTO QUIJARRO,"anticoncepcion, prevencion de its y de cancer de cuello uterino",numero de personas que recibieron orientacion en anticoncepcion,2015-11-01,1,1,27,5,0,34
PUERTO RICO,"anticoncepcion, prevencion de its y de cancer de cuello uterino",numero de personas que recibieron orientacion en anticoncepcion,2015-11-01,0,2,15,0,0,17
PUERTO SILES,"anticoncepcion, prevencion de its y de cancer de cuello uterino",numero de personas que recibieron orientacion en anticoncepcion,2015-11-01,1,0,6,0,0,7
PUERTO SUAREZ,"anticoncepcion, prevencion de its y de cancer de cuello uterino",numero de personas que recibieron orientacion en anticoncepcion,2015-11-01,0,9,38,6,0,53
PUERTO VILLARROEL,"anticoncepcion, prevencion de its y de cancer de cuello uterino",numero de personas que recibieron orientacion en anticoncepcion,2015-11-01,0,46,170,31,0,247
PUNA,"anticoncepcion, prevencion de its y de cancer de cuello uterino",numero de personas que recibieron orientacion en anticoncepcion,2015-11-01,1,21,40,29,14,105
PUNATA,"anticoncepcion, prevencion de its y de cancer de cuello uterino",numero de personas que recibieron orientacion en anticoncepcion,2015-11-01,0,16,85,17,8,126
QUIABAYA,"anticoncepcion, prevencion de its y de cancer de cuello uterino",numero de personas que recibieron orientacion en anticoncepcion,2015-11-01,0,0,0,2,1,3
QUILLACOLLO,"anticoncepcion, prevencion de its y de cancer de cuello uterino",numero de personas que recibieron orientacion en anticoncepcion,2015-11-01,4,115,915,144,7,1185
QUIME,"anticoncepcion, prevencion de its y de cancer de cuello uterino",numero de personas que recibieron orientacion en anticoncepcion,2015-11-01,0,4,11,8,0,23
QUIRUSILLAS,"anticoncepcion, prevencion de its y de cancer de cuello uterino",numero de personas que recibieron orientacion en anticoncepcion,2015-11-01,0,0,2,0,0,2
RAVELO,"anticoncepcion, prevencion de its y de cancer de cuello uterino",numero de personas que recibieron orientacion en anticoncepcion,2015-11-01,0,1,21,21,1,44
REYES,"anticoncepcion, prevencion de its y de cancer de cuello uterino",numero de personas que recibieron orientacion en anticoncepcion,2015-11-01,12,32,33,3,0,80
RIBERALTA,"anticoncepcion, prevencion de its y de cancer de cuello uterino",numero de personas que recibieron orientacion en anticoncepcion,2015-11-01,81,444,928,188,11,1652
ROBORE,"anticoncepcion, prevencion de its y de cancer de cuello uterino",numero de personas que recibieron orientacion en anticoncepcion,2015-11-01,0,1,52,1,0,54
RURRENABAQUE,"anticoncepcion, prevencion de its y de cancer de cuello uterino",numero de personas que recibieron orientacion en anticoncepcion,2015-11-01,1,13,55,23,1,93
SABAYA,"anticoncepcion, prevencion de its y de cancer de cuello uterino",numero de personas que recibieron orientacion en anticoncepcion,2015-11-01,0,0,11,7,0,18
SACABA,"anticoncepcion, prevencion de its y de cancer de cuello uterino",numero de personas que recibieron orientacion en anticoncepcion,2015-11-01,1,340,875,225,11,1452
SACABAMBA,"anticoncepcion, prevencion de its y de cancer de cuello uterino",numero de personas que recibieron orientacion en anticoncepcion,2015-11-01,0,1,6,1,1,9
SACACA,"anticoncepcion, prevencion de its y de cancer de cuello uterino",numero de personas que recibieron orientacion en anticoncepcion,2015-11-01,1,12,67,26,1,107
SAIPINA,"anticoncepcion, prevencion de its y de cancer de cuello uterino",numero de personas que recibieron orientacion en anticoncepcion,2015-11-01,0,3,14,5,0,22
SALINAS DE GARCI MENDOZA,"anticoncepcion, prevencion de its y de cancer de cuello uterino",numero de personas que recibieron orientacion en anticoncepcion,2015-11-01,1,29,141,53,4,228
SAMAIPATA,"anticoncepcion, prevencion de its y de cancer de cuello uterino",numero de personas que recibieron orientacion en anticoncepcion,2015-11-01,0,5,15,5,0,25
SAN AGUSTIN,"anticoncepcion, prevencion de its y de cancer de cuello uterino",numero de personas que recibieron orientacion en anticoncepcion,2015-11-01,0,0,1,0,1,2
SAN ANDRES,"anticoncepcion, prevencion de its y de cancer de cuello uterino",numero de personas que recibieron orientacion en anticoncepcion,2015-11-01,2,11,51,26,0,90
SAN ANDRES DE MACHACA,"anticoncepcion, prevencion de its y de cancer de cuello uterino",numero de personas que recibieron orientacion en anticoncepcion,2015-11-01,0,4,6,6,1,17
SAN ANTONIO DE ESMORUCO,"anticoncepcion, prevencion de its y de cancer de cuello uterino",numero de personas que recibieron orientacion en anticoncepcion,2015-11-01,0,0,9,3,1,13
SAN ANTONIO DE LOMERIO,"anticoncepcion, prevencion de its y de cancer de cuello uterino",numero de personas que recibieron orientacion en anticoncepcion,2015-11-01,0,4,7,4,0,15
SAN BENITO,"anticoncepcion, prevencion de its y de cancer de cuello uterino",numero de personas que recibieron orientacion en anticoncepcion,2015-11-01,0,7,26,14,0,47
SAN BORJA,"anticoncepcion, prevencion de its y de cancer de cuello uterino",numero de personas que recibieron orientacion en anticoncepcion,2015-11-01,2,30,70,12,0,114
SAN BUENA VENTURA,"anticoncepcion, prevencion de its y de cancer de cuello uterino",numero de personas que recibieron orientacion en anticoncepcion,2015-11-01,0,8,34,4,0,46
SAN CARLOS,"anticoncepcion, prevencion de its y de cancer de cuello uterino",numero de personas que recibieron orientacion en anticoncepcion,2015-11-01,0,19,71,20,1,111
SAN IGNACIO,"anticoncepcion, prevencion de its y de cancer de cuello uterino",numero de personas que recibieron orientacion en anticoncepcion,2015-11-01,1,26,163,62,4,256
SAN IGNACIO DE VELASCO,"anticoncepcion, prevencion de its y de cancer de cuello uterino",numero de personas que recibieron orientacion en anticoncepcion,2015-11-01,4,42,187,66,0,299
SAN JAVIER(BNI),"anticoncepcion, prevencion de its y de cancer de cuello uterino",numero de personas que recibieron orientacion en anticoncepcion,2015-11-01,2,3,10,6,0,21
SAN JOAQUIN,"anticoncepcion, prevencion de its y de cancer de cuello uterino",numero de personas que recibieron orientacion en anticoncepcion,2015-11-01,0,0,5,1,0,6
SAN JOSE DE CHIQUITOS,"anticoncepcion, prevencion de its y de cancer de cuello uterino",numero de personas que recibieron orientacion en anticoncepcion,2015-11-01,8,38,68,30,14,158
SAN JUAN DE YAPACANI,"anticoncepcion, prevencion de its y de cancer de cuello uterino",numero de personas que recibieron orientacion en anticoncepcion,2015-11-01,0,10,58,27,4,99
SAN JULIAN,"anticoncepcion, prevencion de its y de cancer de cuello uterino",numero de personas que recibieron orientacion en anticoncepcion,2015-11-01,3,25,74,26,0,128
SAN LORENZO(PND),"anticoncepcion, prevencion de its y de cancer de cuello uterino",numero de personas que recibieron orientacion en anticoncepcion,2015-11-01,1,5,6,0,0,12
SAN LORENZO(TJA),"anticoncepcion, prevencion de its y de cancer de cuello uterino",numero de personas que recibieron orientacion en anticoncepcion,2015-11-01,1,4,13,2,1,21
SAN LUCAS,"anticoncepcion, prevencion de its y de cancer de cuello uterino",numero de personas que recibieron orientacion en anticoncepcion,2015-11-01,1,56,137,112,9,315
SAN MATIAS,"anticoncepcion, prevencion de its y de cancer de cuello uterino",numero de personas que recibieron orientacion en anticoncepcion,2015-11-01,7,8,51,20,3,89
SAN MIGUEL DE VELASCO,"anticoncepcion, prevencion de its y de cancer de cuello uterino",numero de personas que recibieron orientacion en anticoncepcion,2015-11-01,1,20,69,43,5,138
SAN PABLO DE LIPEZ,"anticoncepcion, prevencion de its y de cancer de cuello uterino",numero de personas que recibieron orientacion en anticoncepcion,2015-11-01,0,0,0,1,0,1
SAN PEDRO,"anticoncepcion, prevencion de its y de cancer de cuello uterino",numero de personas que recibieron orientacion en anticoncepcion,2015-11-01,0,8,41,19,6,74
SAN PEDRO DE BUENA VISTA,"anticoncepcion, prevencion de its y de cancer de cuello uterino",numero de personas que recibieron orientacion en anticoncepcion,2015-11-01,2,11,52,18,3,86
SAN PEDRO DE CURAHUARA,"anticoncepcion, prevencion de its y de cancer de cuello uterino",numero de personas que recibieron orientacion en anticoncepcion,2015-11-01,0,1,6,4,0,11
SAN PEDRO DE QUEMES,"anticoncepcion, prevencion de its y de cancer de cuello uterino",numero de personas que recibieron orientacion en anticoncepcion,2015-11-01,0,1,2,0,0,3
SAN PEDRO DE TIQUINA,"anticoncepcion, prevencion de its y de cancer de cuello uterino",numero de personas que recibieron orientacion en anticoncepcion,2015-11-01,0,3,18,7,0,28
SAN PEDRO(PND),"anticoncepcion, prevencion de its y de cancer de cuello uterino",numero de personas que recibieron orientacion en anticoncepcion,2015-11-01,3,0,0,0,0,3
SAN RAFAEL,"anticoncepcion, prevencion de its y de cancer de cuello uterino",numero de personas que recibieron orientacion en anticoncepcion,2015-11-01,0,18,73,32,1,124
SAN RAMON BENI,"anticoncepcion, prevencion de its y de cancer de cuello uterino",numero de personas que recibieron orientacion en anticoncepcion,2015-11-01,0,16,38,13,0,67
SAN RAMON SCZ,"anticoncepcion, prevencion de its y de cancer de cuello uterino",numero de personas que recibieron orientacion en anticoncepcion,2015-11-01,5,28,35,30,2,100
SANTA ANA,"anticoncepcion, prevencion de its y de cancer de cuello uterino",numero de personas que recibieron orientacion en anticoncepcion,2015-11-01,2,28,70,20,1,121
SANTA CRUZ DE LA SIERRA,"anticoncepcion, prevencion de its y de cancer de cuello uterino",numero de personas que recibieron orientacion en anticoncepcion,2015-11-01,126,617,1830,493,46,3112
SANTA ROSA,"anticoncepcion, prevencion de its y de cancer de cuello uterino",numero de personas que recibieron orientacion en anticoncepcion,2015-11-01,0,5,11,2,0,18
SANTA ROSA DEL SARA,"anticoncepcion, prevencion de its y de cancer de cuello uterino",numero de personas que recibieron orientacion en anticoncepcion,2015-11-01,1,47,41,11,5,105
SANTIAGO DE CALLAPA,"anticoncepcion, prevencion de its y de cancer de cuello uterino",numero de personas que recibieron orientacion en anticoncepcion,2015-11-01,0,11,3,4,0,18
SANTIAGO DE HUARI,"anticoncepcion, prevencion de its y de cancer de cuello uterino",numero de personas que recibieron orientacion en anticoncepcion,2015-11-01,0,10,24,7,0,41
SANTIAGO DE HUATA,"anticoncepcion, prevencion de its y de cancer de cuello uterino",numero de personas que recibieron orientacion en anticoncepcion,2015-11-01,0,3,16,13,6,38
SANTIAGO DE MACHACA,"anticoncepcion, prevencion de its y de cancer de cuello uterino",numero de personas que recibieron orientacion en anticoncepcion,2015-11-01,0,1,3,4,1,9
SANTIVAÑES,"anticoncepcion, prevencion de its y de cancer de cuello uterino",numero de personas que recibieron orientacion en anticoncepcion,2015-11-01,0,0,1,0,0,1
SANTUARIO DE QUILLACAS,"anticoncepcion, prevencion de its y de cancer de cuello uterino",numero de personas que recibieron orientacion en anticoncepcion,2015-11-01,0,3,20,9,0,32
SAPAHAQUI,"anticoncepcion, prevencion de its y de cancer de cuello uterino",numero de personas que recibieron orientacion en anticoncepcion,2015-11-01,0,0,9,4,1,14
SENA,"anticoncepcion, prevencion de its y de cancer de cuello uterino",numero de personas que recibieron orientacion en anticoncepcion,2015-11-01,0,8,9,0,0,17
SHINAOTA,"anticoncepcion, prevencion de its y de cancer de cuello uterino",numero de personas que recibieron orientacion en anticoncepcion,2015-11-01,0,5,28,5,0,38
SICA SICA (VILLA AROMA),"anticoncepcion, prevencion de its y de cancer de cuello uterino",numero de personas que recibieron orientacion en anticoncepcion,2015-11-01,1,12,53,39,13,118
SICAYA,"anticoncepcion, prevencion de its y de cancer de cuello uterino",numero de personas que recibieron orientacion en anticoncepcion,2015-11-01,0,1,12,5,0,18
SIPE SIPE,"anticoncepcion, prevencion de its y de cancer de cuello uterino",numero de personas que recibieron orientacion en anticoncepcion,2015-11-01,2,28,201,55,9,295
SOPACHUY,"anticoncepcion, prevencion de its y de cancer de cuello uterino",numero de personas que recibieron orientacion en anticoncepcion,2015-11-01,0,13,71,43,6,133
SORACACHI,"anticoncepcion, prevencion de its y de cancer de cuello uterino",numero de personas que recibieron orientacion en anticoncepcion,2015-11-01,0,6,44,10,0,60
SORATA,"anticoncepcion, prevencion de its y de cancer de cuello uterino",numero de personas que recibieron orientacion en anticoncepcion,2015-11-01,0,3,19,16,0,38
SUCRE,"anticoncepcion, prevencion de its y de cancer de cuello uterino",numero de personas que recibieron orientacion en anticoncepcion,2015-11-01,22,534,2546,998,32,4132
TACACHI,"anticoncepcion, prevencion de its y de cancer de cuello uterino",numero de personas que recibieron orientacion en anticoncepcion,2015-11-01,0,0,1,0,0,1
TACACOMA,"anticoncepcion, prevencion de its y de cancer de cuello uterino",numero de personas que recibieron orientacion en anticoncepcion,2015-11-01,0,1,3,1,0,5
TACOBAMBA,"anticoncepcion, prevencion de its y de cancer de cuello uterino",numero de personas que recibieron orientacion en anticoncepcion,2015-11-01,1,1,2,2,0,6
TACOPAYA,"anticoncepcion, prevencion de its y de cancer de cuello uterino",numero de personas que recibieron orientacion en anticoncepcion,2015-11-01,2,2,10,8,0,22
TAHUA,"anticoncepcion, prevencion de its y de cancer de cuello uterino",numero de personas que recibieron orientacion en anticoncepcion,2015-11-01,0,0,2,1,0,3
TAPACARI,"anticoncepcion, prevencion de its y de cancer de cuello uterino",numero de personas que recibieron orientacion en anticoncepcion,2015-11-01,1,4,27,13,0,45
TARABUCO,"anticoncepcion, prevencion de its y de cancer de cuello uterino",numero de personas que recibieron orientacion en anticoncepcion,2015-11-01,0,23,69,43,3,138
TARACO,"anticoncepcion, prevencion de its y de cancer de cuello uterino",numero de personas que recibieron orientacion en anticoncepcion,2015-11-01,0,2,7,2,0,11
TARATA,"anticoncepcion, prevencion de its y de cancer de cuello uterino",numero de personas que recibieron orientacion en anticoncepcion,2015-11-01,0,2,14,8,0,24
TARIJA,"anticoncepcion, prevencion de its y de cancer de cuello uterino",numero de personas que recibieron orientacion en anticoncepcion,2015-11-01,101,217,620,256,6,1200
TARVITA,"anticoncepcion, prevencion de its y de cancer de cuello uterino",numero de personas que recibieron orientacion en anticoncepcion,2015-11-01,0,12,24,11,0,47
TEOPONTE,"anticoncepcion, prevencion de its y de cancer de cuello uterino",numero de personas que recibieron orientacion en anticoncepcion,2015-11-01,0,10,25,6,0,41
TIAWANACU,"anticoncepcion, prevencion de its y de cancer de cuello uterino",numero de personas que recibieron orientacion en anticoncepcion,2015-11-01,0,12,14,10,3,39
TINGUIPAYA,"anticoncepcion, prevencion de its y de cancer de cuello uterino",numero de personas que recibieron orientacion en anticoncepcion,2015-11-01,0,8,39,28,5,80
TIPUANI,"anticoncepcion, prevencion de its y de cancer de cuello uterino",numero de personas que recibieron orientacion en anticoncepcion,2015-11-01,0,2,36,13,5,56
TIQUIPAYA,"anticoncepcion, prevencion de its y de cancer de cuello uterino",numero de personas que recibieron orientacion en anticoncepcion,2015-11-01,21,46,132,50,0,249
TIRAQUE (CBBA),"anticoncepcion, prevencion de its y de cancer de cuello uterino",numero de personas que recibieron orientacion en anticoncepcion,2015-11-01,0,11,23,7,1,42
TITO YUPANQUI (PARQUIPUJIO),"anticoncepcion, prevencion de its y de cancer de cuello uterino",numero de personas que recibieron orientacion en anticoncepcion,2015-11-01,0,0,2,4,0,6
TOCO,"anticoncepcion, prevencion de its y de cancer de cuello uterino",numero de personas que recibieron orientacion en anticoncepcion,2015-11-01,0,2,16,6,1,25
TODOS SANTOS,"anticoncepcion, prevencion de its y de cancer de cuello uterino",numero de personas que recibieron orientacion en anticoncepcion,2015-11-01,0,2,5,7,1,15
TOLATA,"anticoncepcion, prevencion de its y de cancer de cuello uterino",numero de personas que recibieron orientacion en anticoncepcion,2015-11-01,0,10,40,20,3,73
TOLEDO,"anticoncepcion, prevencion de its y de cancer de cuello uterino",numero de personas que recibieron orientacion en anticoncepcion,2015-11-01,0,3,8,6,0,17
TOMAVE,"anticoncepcion, prevencion de its y de cancer de cuello uterino",numero de personas que recibieron orientacion en anticoncepcion,2015-11-01,1,1,9,5,0,16
TOMINA,"anticoncepcion, prevencion de its y de cancer de cuello uterino",numero de personas que recibieron orientacion en anticoncepcion,2015-11-01,0,1,4,2,1,8
TORO TORO,"anticoncepcion, prevencion de its y de cancer de cuello uterino",numero de personas que recibieron orientacion en anticoncepcion,2015-11-01,0,23,75,47,14,159
TOTORA(CBBA),"anticoncepcion, prevencion de its y de cancer de cuello uterino",numero de personas que recibieron orientacion en anticoncepcion,2015-11-01,1,69,133,33,3,239
TOTORA(ORR),"anticoncepcion, prevencion de its y de cancer de cuello uterino",numero de personas que recibieron orientacion en anticoncepcion,2015-11-01,0,4,28,3,0,35
TRIGAL,"anticoncepcion, prevencion de its y de cancer de cuello uterino",numero de personas que recibieron orientacion en anticoncepcion,2015-11-01,0,1,5,0,0,6
TRINIDAD,"anticoncepcion, prevencion de its y de cancer de cuello uterino",numero de personas que recibieron orientacion en anticoncepcion,2015-11-01,14,261,915,319,62,1571
TUPIZA,"anticoncepcion, prevencion de its y de cancer de cuello uterino",numero de personas que recibieron orientacion en anticoncepcion,2015-11-01,0,12,105,44,8,169
TURCO,"anticoncepcion, prevencion de its y de cancer de cuello uterino",numero de personas que recibieron orientacion en anticoncepcion,2015-11-01,0,4,13,25,2,44
UMALA,"anticoncepcion, prevencion de its y de cancer de cuello uterino",numero de personas que recibieron orientacion en anticoncepcion,2015-11-01,0,3,14,8,0,25
UNCIA,"anticoncepcion, prevencion de its y de cancer de cuello uterino",numero de personas que recibieron orientacion en anticoncepcion,2015-11-01,0,8,29,13,0,50
URIONDO (A. CONCEPCION),"anticoncepcion, prevencion de its y de cancer de cuello uterino",numero de personas que recibieron orientacion en anticoncepcion,2015-11-01,1,20,62,29,5,117
URUBICHA,"anticoncepcion, prevencion de its y de cancer de cuello uterino",numero de personas que recibieron orientacion en anticoncepcion,2015-11-01,1,0,8,5,0,14
UYUNI,"anticoncepcion, prevencion de its y de cancer de cuello uterino",numero de personas que recibieron orientacion en anticoncepcion,2015-11-01,6,30,41,14,0,91
VACAS,"anticoncepcion, prevencion de its y de cancer de cuello uterino",numero de personas que recibieron orientacion en anticoncepcion,2015-11-01,0,15,42,32,2,91
VALLEGRANDE,"anticoncepcion, prevencion de its y de cancer de cuello uterino",numero de personas que recibieron orientacion en anticoncepcion,2015-11-01,0,4,46,18,13,81
VIACHA,"anticoncepcion, prevencion de its y de cancer de cuello uterino",numero de personas que recibieron orientacion en anticoncepcion,2015-11-01,0,30,191,75,38,334
VILA VILA,"anticoncepcion, prevencion de its y de cancer de cuello uterino",numero de personas que recibieron orientacion en anticoncepcion,2015-11-01,0,0,2,0,0,2
VILLA CHARCAS,"anticoncepcion, prevencion de its y de cancer de cuello uterino",numero de personas que recibieron orientacion en anticoncepcion,2015-11-01,0,3,15,5,0,23
VILLA MONTES,"anticoncepcion, prevencion de its y de cancer de cuello uterino",numero de personas que recibieron orientacion en anticoncepcion,2015-11-01,0,13,73,37,0,123
VILLA NUEVA (LOMA ALTA),"anticoncepcion, prevencion de its y de cancer de cuello uterino",numero de personas que recibieron orientacion en anticoncepcion,2015-11-01,1,1,4,2,0,8
VILLA RIVERO,"anticoncepcion, prevencion de its y de cancer de cuello uterino",numero de personas que recibieron orientacion en anticoncepcion,2015-11-01,0,11,37,7,0,55
VILLA SERRANO,"anticoncepcion, prevencion de its y de cancer de cuello uterino",numero de personas que recibieron orientacion en anticoncepcion,2015-11-01,0,3,32,40,0,75
VILLA TUNARI,"anticoncepcion, prevencion de its y de cancer de cuello uterino",numero de personas que recibieron orientacion en anticoncepcion,2015-11-01,0,32,177,48,0,257
VILLA VACA GUZMAN (MUYUPAMPA),"anticoncepcion, prevencion de its y de cancer de cuello uterino",numero de personas que recibieron orientacion en anticoncepcion,2015-11-01,1,11,44,13,2,71
VILLAZON,"anticoncepcion, prevencion de its y de cancer de cuello uterino",numero de personas que recibieron orientacion en anticoncepcion,2015-11-01,0,11,63,14,1,89
VINTO,"anticoncepcion, prevencion de its y de cancer de cuello uterino",numero de personas que recibieron orientacion en anticoncepcion,2015-11-01,4,63,192,74,1,334
VITICHI,"anticoncepcion, prevencion de its y de cancer de cuello uterino",numero de personas que recibieron orientacion en anticoncepcion,2015-11-01,0,10,40,25,5,80
WALDO BALLIVIAN,"anticoncepcion, prevencion de its y de cancer de cuello uterino",numero de personas que recibieron orientacion en anticoncepcion,2015-11-01,0,0,1,0,0,1
WARNES,"anticoncepcion, prevencion de its y de cancer de cuello uterino",numero de personas que recibieron orientacion en anticoncepcion,2015-11-01,0,31,137,49,3,220
YACO,"anticoncepcion, prevencion de its y de cancer de cuello uterino",numero de personas que recibieron orientacion en anticoncepcion,2015-11-01,0,1,5,0,0,6
YACUIBA,"anticoncepcion, prevencion de its y de cancer de cuello uterino",numero de personas que recibieron orientacion en anticoncepcion,2015-11-01,5,78,469,240,39,831
YAMPARAEZ,"anticoncepcion, prevencion de its y de cancer de cuello uterino",numero de personas que recibieron orientacion en anticoncepcion,2015-11-01,0,5,13,12,0,30
YANACACHI,"anticoncepcion, prevencion de its y de cancer de cuello uterino",numero de personas que recibieron orientacion en anticoncepcion,2015-11-01,0,0,11,4,0,15
YAPACANI,"anticoncepcion, prevencion de its y de cancer de cuello uterino",numero de personas que recibieron orientacion en anticoncepcion,2015-11-01,0,65,46,19,0,130
YOCALLA,"anticoncepcion, prevencion de its y de cancer de cuello uterino",numero de personas que recibieron orientacion en anticoncepcion,2015-11-01,0,0,6,0,0,6
YOTALA,"anticoncepcion, prevencion de its y de cancer de cuello uterino",numero de personas que recibieron orientacion en anticoncepcion,2015-11-01,1,7,21,23,3,55
YUNCHARA,"anticoncepcion, prevencion de its y de cancer de cuello uterino",numero de personas que recibieron orientacion en anticoncepcion,2015-11-01,0,6,20,15,0,41
ZUDAÑEZ,"anticoncepcion, prevencion de its y de cancer de cuello uterino",numero de personas que recibieron orientacion en anticoncepcion,2015-11-01,0,6,11,5,0,22
ACHACACHI,"anticoncepcion, prevencion de its y de cancer de cuello uterino",numero de personas que recibieron orientacion en anticoncepcion,2015-12-01,0,6,43,19,0,68
ACHOCALLA,"anticoncepcion, prevencion de its y de cancer de cuello uterino",numero de personas que recibieron orientacion en anticoncepcion,2015-12-01,0,2,16,11,0,29
AIQUILE,"anticoncepcion, prevencion de its y de cancer de cuello uterino",numero de personas que recibieron orientacion en anticoncepcion,2015-12-01,1,7,42,16,0,66
ALALAY,"anticoncepcion, prevencion de its y de cancer de cuello uterino",numero de personas que recibieron orientacion en anticoncepcion,2015-12-01,0,2,5,2,0,9
ALCALA,"anticoncepcion, prevencion de its y de cancer de cuello uterino",numero de personas que recibieron orientacion en anticoncepcion,2015-12-01,0,4,14,9,0,27
ALTO BENI,"anticoncepcion, prevencion de its y de cancer de cuello uterino",numero de personas que recibieron orientacion en anticoncepcion,2015-12-01,1,1,16,11,0,29
ANCORAIMES,"anticoncepcion, prevencion de its y de cancer de cuello uterino",numero de personas que recibieron orientacion en anticoncepcion,2015-12-01,0,6,14,14,1,35
ANDAMARCA,"anticoncepcion, prevencion de its y de cancer de cuello uterino",numero de personas que recibieron orientacion en anticoncepcion,2015-12-01,0,0,11,10,0,21
ANZALDO,"anticoncepcion, prevencion de its y de cancer de cuello uterino",numero de personas que recibieron orientacion en anticoncepcion,2015-12-01,0,4,7,4,0,15
APOLO,"anticoncepcion, prevencion de its y de cancer de cuello uterino",numero de personas que recibieron orientacion en anticoncepcion,2015-12-01,0,10,50,26,1,87
ARAMPAMPA,"anticoncepcion, prevencion de its y de cancer de cuello uterino",numero de personas que recibieron orientacion en anticoncepcion,2015-12-01,0,4,27,7,0,38
ARANI,"anticoncepcion, prevencion de its y de cancer de cuello uterino",numero de personas que recibieron orientacion en anticoncepcion,2015-12-01,0,3,29,7,0,39
ARBIETO,"anticoncepcion, prevencion de its y de cancer de cuello uterino",numero de personas que recibieron orientacion en anticoncepcion,2015-12-01,0,23,72,28,0,123
ARQUE,"anticoncepcion, prevencion de its y de cancer de cuello uterino",numero de personas que recibieron orientacion en anticoncepcion,2015-12-01,0,5,18,9,0,32
ASCENCION DE GUARAYOS,"anticoncepcion, prevencion de its y de cancer de cuello uterino",numero de personas que recibieron orientacion en anticoncepcion,2015-12-01,0,18,139,39,0,196
ATOCHA,"anticoncepcion, prevencion de its y de cancer de cuello uterino",numero de personas que recibieron orientacion en anticoncepcion,2015-12-01,2,7,68,14,1,92
AUCAPATA,"anticoncepcion, prevencion de its y de cancer de cuello uterino",numero de personas que recibieron orientacion en anticoncepcion,2015-12-01,1,9,38,25,10,83
AYATA,"anticoncepcion, prevencion de its y de cancer de cuello uterino",numero de personas que recibieron orientacion en anticoncepcion,2015-12-01,0,5,30,19,8,62
AYO AYO,"anticoncepcion, prevencion de its y de cancer de cuello uterino",numero de personas que recibieron orientacion en anticoncepcion,2015-12-01,0,2,16,6,0,24
AYOPAYA (V. DE INDEPENDENCIA),"anticoncepcion, prevencion de its y de cancer de cuello uterino",numero de personas que recibieron orientacion en anticoncepcion,2015-12-01,0,15,84,36,0,135
AZURDUY,"anticoncepcion, prevencion de its y de cancer de cuello uterino",numero de personas que recibieron orientacion en anticoncepcion,2015-12-01,1,2,10,7,0,20
BATALLAS,"anticoncepcion, prevencion de its y de cancer de cuello uterino",numero de personas que recibieron orientacion en anticoncepcion,2015-12-01,0,3,10,11,1,25
BAURES,"anticoncepcion, prevencion de its y de cancer de cuello uterino",numero de personas que recibieron orientacion en anticoncepcion,2015-12-01,1,1,18,5,0,25
BELEN DE ANDAMARCA,"anticoncepcion, prevencion de its y de cancer de cuello uterino",numero de personas que recibieron orientacion en anticoncepcion,2015-12-01,0,0,7,2,0,9
BELEN DE URMIRI,"anticoncepcion, prevencion de its y de cancer de cuello uterino",numero de personas que recibieron orientacion en anticoncepcion,2015-12-01,0,0,7,0,0,7
BELLA FLOR,"anticoncepcion, prevencion de its y de cancer de cuello uterino",numero de personas que recibieron orientacion en anticoncepcion,2015-12-01,0,5,11,3,0,19
BERMEJO,"anticoncepcion, prevencion de its y de cancer de cuello uterino",numero de personas que recibieron orientacion en anticoncepcion,2015-12-01,1,34,274,108,14,431
BETANZOS,"anticoncepcion, prevencion de its y de cancer de cuello uterino",numero de personas que recibieron orientacion en anticoncepcion,2015-12-01,0,4,23,16,0,43
BOLIVAR,"anticoncepcion, prevencion de its y de cancer de cuello uterino",numero de personas que recibieron orientacion en anticoncepcion,2015-12-01,0,0,1,9,7,17
BOLPEBRA,"anticoncepcion, prevencion de its y de cancer de cuello uterino",numero de personas que recibieron orientacion en anticoncepcion,2015-12-01,0,0,2,2,0,4
BOYUIBE,"anticoncepcion, prevencion de its y de cancer de cuello uterino",numero de personas que recibieron orientacion en anticoncepcion,2015-12-01,0,0,1,1,0,2
BUENA VISTA,"anticoncepcion, prevencion de its y de cancer de cuello uterino",numero de personas que recibieron orientacion en anticoncepcion,2015-12-01,0,10,15,3,0,28
CABEZAS,"anticoncepcion, prevencion de its y de cancer de cuello uterino",numero de personas que recibieron orientacion en anticoncepcion,2015-12-01,0,7,31,3,0,41
CAIROMA,"anticoncepcion, prevencion de its y de cancer de cuello uterino",numero de personas que recibieron orientacion en anticoncepcion,2015-12-01,0,1,10,2,0,13
"CAIZA ""D""","anticoncepcion, prevencion de its y de cancer de cuello uterino",numero de personas que recibieron orientacion en anticoncepcion,2015-12-01,1,4,31,17,5,58
CAJUATA,"anticoncepcion, prevencion de its y de cancer de cuello uterino",numero de personas que recibieron orientacion en anticoncepcion,2015-12-01,0,2,11,2,0,15
CALACOTO,"anticoncepcion, prevencion de its y de cancer de cuello uterino",numero de personas que recibieron orientacion en anticoncepcion,2015-12-01,0,0,2,0,0,2
CALAMARCA,"anticoncepcion, prevencion de its y de cancer de cuello uterino",numero de personas que recibieron orientacion en anticoncepcion,2015-12-01,1,4,26,7,0,38
CAMARGO,"anticoncepcion, prevencion de its y de cancer de cuello uterino",numero de personas que recibieron orientacion en anticoncepcion,2015-12-01,0,5,13,10,0,28
CAMATAQUI (C. VILLA ABECIA),"anticoncepcion, prevencion de its y de cancer de cuello uterino",numero de personas que recibieron orientacion en anticoncepcion,2015-12-01,0,2,11,9,0,22
CAMIRI,"anticoncepcion, prevencion de its y de cancer de cuello uterino",numero de personas que recibieron orientacion en anticoncepcion,2015-12-01,0,2,46,14,0,62
CAPINOTA,"anticoncepcion, prevencion de its y de cancer de cuello uterino",numero de personas que recibieron orientacion en anticoncepcion,2015-12-01,0,7,20,4,0,31
CAQUIAVIRI,"anticoncepcion, prevencion de its y de cancer de cuello uterino",numero de personas que recibieron orientacion en anticoncepcion,2015-12-01,1,1,8,1,0,11
CARACOLLO,"anticoncepcion, prevencion de its y de cancer de cuello uterino",numero de personas que recibieron orientacion en anticoncepcion,2015-12-01,0,5,34,6,1,46
CARANAVI,"anticoncepcion, prevencion de its y de cancer de cuello uterino",numero de personas que recibieron orientacion en anticoncepcion,2015-12-01,1,36,286,115,33,471
CARANGAS,"anticoncepcion, prevencion de its y de cancer de cuello uterino",numero de personas que recibieron orientacion en anticoncepcion,2015-12-01,0,0,0,1,0,1
CARAPARI,"anticoncepcion, prevencion de its y de cancer de cuello uterino",numero de personas que recibieron orientacion en anticoncepcion,2015-12-01,2,2,18,13,0,35
CARIPUYO,"anticoncepcion, prevencion de its y de cancer de cuello uterino",numero de personas que recibieron orientacion en anticoncepcion,2015-12-01,0,1,7,8,0,16
CARMEN RIVERO TORREZ,"anticoncepcion, prevencion de its y de cancer de cuello uterino",numero de personas que recibieron orientacion en anticoncepcion,2015-12-01,1,2,7,0,0,10
CHACARILLA,"anticoncepcion, prevencion de its y de cancer de cuello uterino",numero de personas que recibieron orientacion en anticoncepcion,2015-12-01,0,0,1,0,0,1
CHALLAPATA,"anticoncepcion, prevencion de its y de cancer de cuello uterino",numero de personas que recibieron orientacion en anticoncepcion,2015-12-01,0,29,120,26,0,175
CHAQUI,"anticoncepcion, prevencion de its y de cancer de cuello uterino",numero de personas que recibieron orientacion en anticoncepcion,2015-12-01,0,8,27,18,0,53
CHARAGUA,"anticoncepcion, prevencion de its y de cancer de cuello uterino",numero de personas que recibieron orientacion en anticoncepcion,2015-12-01,0,3,41,9,0,53
CHARAÑA,"anticoncepcion, prevencion de its y de cancer de cuello uterino",numero de personas que recibieron orientacion en anticoncepcion,2015-12-01,0,0,4,0,0,4
CHAYANTA,"anticoncepcion, prevencion de its y de cancer de cuello uterino",numero de personas que recibieron orientacion en anticoncepcion,2015-12-01,1,7,36,18,4,66
CHIMORE,"anticoncepcion, prevencion de its y de cancer de cuello uterino",numero de personas que recibieron orientacion en anticoncepcion,2015-12-01,1,24,88,35,2,150
CHIPAYA,"anticoncepcion, prevencion de its y de cancer de cuello uterino",numero de personas que recibieron orientacion en anticoncepcion,2015-12-01,0,1,4,0,0,5
CHOQUE COTA,"anticoncepcion, prevencion de its y de cancer de cuello uterino",numero de personas que recibieron orientacion en anticoncepcion,2015-12-01,0,2,2,1,0,5
CHUA COCANI,"anticoncepcion, prevencion de its y de cancer de cuello uterino",numero de personas que recibieron orientacion en anticoncepcion,2015-12-01,0,0,3,2,0,5
CHULUMANI (V. DE LA LIBERTAD),"anticoncepcion, prevencion de its y de cancer de cuello uterino",numero de personas que recibieron orientacion en anticoncepcion,2015-12-01,0,13,22,2,0,37
CHUMA,"anticoncepcion, prevencion de its y de cancer de cuello uterino",numero de personas que recibieron orientacion en anticoncepcion,2015-12-01,1,8,20,9,2,40
CHUQUIHUTA AYLLU JUCUMANI,"anticoncepcion, prevencion de its y de cancer de cuello uterino",numero de personas que recibieron orientacion en anticoncepcion,2015-12-01,1,9,40,20,2,72
CKOCHAS,"anticoncepcion, prevencion de its y de cancer de cuello uterino",numero de personas que recibieron orientacion en anticoncepcion,2015-12-01,1,6,36,29,4,76
CLIZA,"anticoncepcion, prevencion de its y de cancer de cuello uterino",numero de personas que recibieron orientacion en anticoncepcion,2015-12-01,0,12,79,22,2,115
COBIJA,"anticoncepcion, prevencion de its y de cancer de cuello uterino",numero de personas que recibieron orientacion en anticoncepcion,2015-12-01,1,35,195,71,12,314
COCAPATA,"anticoncepcion, prevencion de its y de cancer de cuello uterino",numero de personas que recibieron orientacion en anticoncepcion,2015-12-01,1,20,81,30,2,134
COCHABAMBA,"anticoncepcion, prevencion de its y de cancer de cuello uterino",numero de personas que recibieron orientacion en anticoncepcion,2015-12-01,27,478,2705,449,26,3685
COIPASA,"anticoncepcion, prevencion de its y de cancer de cuello uterino",numero de personas que recibieron orientacion en anticoncepcion,2015-12-01,0,0,3,1,0,4
COLCAPIRHUA,"anticoncepcion, prevencion de its y de cancer de cuello uterino",numero de personas que recibieron orientacion en anticoncepcion,2015-12-01,1,81,647,82,8,819
"COLCHA ""K""","anticoncepcion, prevencion de its y de cancer de cuello uterino",numero de personas que recibieron orientacion en anticoncepcion,2015-12-01,0,5,23,6,0,34
COLLANA,"anticoncepcion, prevencion de its y de cancer de cuello uterino",numero de personas que recibieron orientacion en anticoncepcion,2015-12-01,0,1,2,0,0,3
COLOMI,"anticoncepcion, prevencion de its y de cancer de cuello uterino",numero de personas que recibieron orientacion en anticoncepcion,2015-12-01,0,22,55,15,0,92
COLPA BELGICA,"anticoncepcion, prevencion de its y de cancer de cuello uterino",numero de personas que recibieron orientacion en anticoncepcion,2015-12-01,0,2,11,1,0,14
COLQUECHACA,"anticoncepcion, prevencion de its y de cancer de cuello uterino",numero de personas que recibieron orientacion en anticoncepcion,2015-12-01,0,5,28,8,1,42
COLQUENCHA,"anticoncepcion, prevencion de its y de cancer de cuello uterino",numero de personas que recibieron orientacion en anticoncepcion,2015-12-01,0,1,4,1,0,6
COLQUIRI,"anticoncepcion, prevencion de its y de cancer de cuello uterino",numero de personas que recibieron orientacion en anticoncepcion,2015-12-01,0,8,15,9,1,33
COMARAPA,"anticoncepcion, prevencion de its y de cancer de cuello uterino",numero de personas que recibieron orientacion en anticoncepcion,2015-12-01,1,15,39,16,2,73
COMBAYA,"anticoncepcion, prevencion de its y de cancer de cuello uterino",numero de personas que recibieron orientacion en anticoncepcion,2015-12-01,0,1,2,2,0,5
CONCEPCION,"anticoncepcion, prevencion de its y de cancer de cuello uterino",numero de personas que recibieron orientacion en anticoncepcion,2015-12-01,1,7,40,12,1,61
COPACABANA,"anticoncepcion, prevencion de its y de cancer de cuello uterino",numero de personas que recibieron orientacion en anticoncepcion,2015-12-01,0,3,21,13,0,37
CORIPATA,"anticoncepcion, prevencion de its y de cancer de cuello uterino",numero de personas que recibieron orientacion en anticoncepcion,2015-12-01,0,2,8,0,0,10
CORO CORO,"anticoncepcion, prevencion de its y de cancer de cuello uterino",numero de personas que recibieron orientacion en anticoncepcion,2015-12-01,0,0,4,2,0,6
COROICO,"anticoncepcion, prevencion de its y de cancer de cuello uterino",numero de personas que recibieron orientacion en anticoncepcion,2015-12-01,0,7,21,0,0,28
CORQUE,"anticoncepcion, prevencion de its y de cancer de cuello uterino",numero de personas que recibieron orientacion en anticoncepcion,2015-12-01,0,2,18,9,2,31
COTAGAITA,"anticoncepcion, prevencion de its y de cancer de cuello uterino",numero de personas que recibieron orientacion en anticoncepcion,2015-12-01,0,6,47,34,7,94
COTOCA,"anticoncepcion, prevencion de its y de cancer de cuello uterino",numero de personas que recibieron orientacion en anticoncepcion,2015-12-01,0,6,20,7,0,33
CUATRO CAÑADAS,"anticoncepcion, prevencion de its y de cancer de cuello uterino",numero de personas que recibieron orientacion en anticoncepcion,2015-12-01,3,19,47,13,0,82
CUCHUMUELA (V. G. VILLARROEL),"anticoncepcion, prevencion de its y de cancer de cuello uterino",numero de personas que recibieron orientacion en anticoncepcion,2015-12-01,0,3,5,1,0,9
CUEVO,"anticoncepcion, prevencion de its y de cancer de cuello uterino",numero de personas que recibieron orientacion en anticoncepcion,2015-12-01,0,0,0,1,0,1
CULPINA,"anticoncepcion, prevencion de its y de cancer de cuello uterino",numero de personas que recibieron orientacion en anticoncepcion,2015-12-01,0,11,59,30,1,101
CURAHUARA DE CARANGAS,"anticoncepcion, prevencion de its y de cancer de cuello uterino",numero de personas que recibieron orientacion en anticoncepcion,2015-12-01,0,3,15,8,0,26
CURVA,"anticoncepcion, prevencion de its y de cancer de cuello uterino",numero de personas que recibieron orientacion en anticoncepcion,2015-12-01,0,0,4,3,1,8
DESAGUADERO,"anticoncepcion, prevencion de its y de cancer de cuello uterino",numero de personas que recibieron orientacion en anticoncepcion,2015-12-01,0,0,6,6,0,12
EL ALTO,"anticoncepcion, prevencion de its y de cancer de cuello uterino",numero de personas que recibieron orientacion en anticoncepcion,2015-12-01,9,1021,1751,1700,36,4517
EL CHORO,"anticoncepcion, prevencion de its y de cancer de cuello uterino",numero de personas que recibieron orientacion en anticoncepcion,2015-12-01,0,2,14,9,0,25
EL PUENTE(STC),"anticoncepcion, prevencion de its y de cancer de cuello uterino",numero de personas que recibieron orientacion en anticoncepcion,2015-12-01,0,8,25,8,0,41
EL PUENTE(TJA),"anticoncepcion, prevencion de its y de cancer de cuello uterino",numero de personas que recibieron orientacion en anticoncepcion,2015-12-01,1,18,116,62,6,203
EL TORNO,"anticoncepcion, prevencion de its y de cancer de cuello uterino",numero de personas que recibieron orientacion en anticoncepcion,2015-12-01,2,36,129,48,14,229
EL VILLAR,"anticoncepcion, prevencion de its y de cancer de cuello uterino",numero de personas que recibieron orientacion en anticoncepcion,2015-12-01,0,1,5,3,0,9
ENTRE RIOS TRJ,"anticoncepcion, prevencion de its y de cancer de cuello uterino",numero de personas que recibieron orientacion en anticoncepcion,2015-12-01,1,15,37,15,1,69
ENTRE RIOS CBBA,"anticoncepcion, prevencion de its y de cancer de cuello uterino",numero de personas que recibieron orientacion en anticoncepcion,2015-12-01,5,13,49,6,0,73
ESCARA,"anticoncepcion, prevencion de its y de cancer de cuello uterino",numero de personas que recibieron orientacion en anticoncepcion,2015-12-01,0,0,3,0,0,3
ESCOMA,"anticoncepcion, prevencion de its y de cancer de cuello uterino",numero de personas que recibieron orientacion en anticoncepcion,2015-12-01,0,4,15,11,6,36
EUCALIPTUS,"anticoncepcion, prevencion de its y de cancer de cuello uterino",numero de personas que recibieron orientacion en anticoncepcion,2015-12-01,0,0,1,2,0,3
FERNANDEZ ALONSO,"anticoncepcion, prevencion de its y de cancer de cuello uterino",numero de personas que recibieron orientacion en anticoncepcion,2015-12-01,0,6,27,5,0,38
FILADELFIA,"anticoncepcion, prevencion de its y de cancer de cuello uterino",numero de personas que recibieron orientacion en anticoncepcion,2015-12-01,1,6,24,4,0,35
GENERAL SAAVEDRA,"anticoncepcion, prevencion de its y de cancer de cuello uterino",numero de personas que recibieron orientacion en anticoncepcion,2015-12-01,0,10,45,17,1,73
GRAL. J.J. PEREZ (CHARAZANI),"anticoncepcion, prevencion de its y de cancer de cuello uterino",numero de personas que recibieron orientacion en anticoncepcion,2015-12-01,0,5,28,11,5,49
GUANAY,"anticoncepcion, prevencion de its y de cancer de cuello uterino",numero de personas que recibieron orientacion en anticoncepcion,2015-12-01,0,7,45,5,0,57
GUAQUI,"anticoncepcion, prevencion de its y de cancer de cuello uterino",numero de personas que recibieron orientacion en anticoncepcion,2015-12-01,0,4,6,3,0,13
GUAYARAMERIN,"anticoncepcion, prevencion de its y de cancer de cuello uterino",numero de personas que recibieron orientacion en anticoncepcion,2015-12-01,1,53,137,31,3,225
GUTIERREZ,"anticoncepcion, prevencion de its y de cancer de cuello uterino",numero de personas que recibieron orientacion en anticoncepcion,2015-12-01,0,1,4,0,0,5
HUACARETA,"anticoncepcion, prevencion de its y de cancer de cuello uterino",numero de personas que recibieron orientacion en anticoncepcion,2015-12-01,0,4,14,9,0,27
HUACAYA (VILLA DE HUACAYA),"anticoncepcion, prevencion de its y de cancer de cuello uterino",numero de personas que recibieron orientacion en anticoncepcion,2015-12-01,0,0,9,5,0,14
HUACHACALLA,"anticoncepcion, prevencion de its y de cancer de cuello uterino",numero de personas que recibieron orientacion en anticoncepcion,2015-12-01,1,1,0,0,0,2
HUANUNI,"anticoncepcion, prevencion de its y de cancer de cuello uterino",numero de personas que recibieron orientacion en anticoncepcion,2015-12-01,0,13,45,16,3,77
HUARACAJE,"anticoncepcion, prevencion de its y de cancer de cuello uterino",numero de personas que recibieron orientacion en anticoncepcion,2015-12-01,0,4,33,9,0,46
HUARINA,"anticoncepcion, prevencion de its y de cancer de cuello uterino",numero de personas que recibieron orientacion en anticoncepcion,2015-12-01,0,0,4,2,0,6
HUATAJATA,"anticoncepcion, prevencion de its y de cancer de cuello uterino",numero de personas que recibieron orientacion en anticoncepcion,2015-12-01,0,0,4,4,4,12
HUAYLLAMARCA,"anticoncepcion, prevencion de its y de cancer de cuello uterino",numero de personas que recibieron orientacion en anticoncepcion,2015-12-01,0,4,17,10,0,31
HUMANATA,"anticoncepcion, prevencion de its y de cancer de cuello uterino",numero de personas que recibieron orientacion en anticoncepcion,2015-12-01,0,1,0,0,0,1
ICLA,"anticoncepcion, prevencion de its y de cancer de cuello uterino",numero de personas que recibieron orientacion en anticoncepcion,2015-12-01,1,1,6,4,0,12
INCAHUASI,"anticoncepcion, prevencion de its y de cancer de cuello uterino",numero de personas que recibieron orientacion en anticoncepcion,2015-12-01,0,5,16,9,0,30
INQUISIVI,"anticoncepcion, prevencion de its y de cancer de cuello uterino",numero de personas que recibieron orientacion en anticoncepcion,2015-12-01,0,3,14,7,0,24
IRUPANA (VILLA DE LANZA),"anticoncepcion, prevencion de its y de cancer de cuello uterino",numero de personas que recibieron orientacion en anticoncepcion,2015-12-01,0,8,17,12,6,43
IXIAMAS,"anticoncepcion, prevencion de its y de cancer de cuello uterino",numero de personas que recibieron orientacion en anticoncepcion,2015-12-01,1,4,28,6,0,39
JESUS DE MACHACA,"anticoncepcion, prevencion de its y de cancer de cuello uterino",numero de personas que recibieron orientacion en anticoncepcion,2015-12-01,0,4,11,10,13,38
LA ASUNTA,"anticoncepcion, prevencion de its y de cancer de cuello uterino",numero de personas que recibieron orientacion en anticoncepcion,2015-12-01,0,18,60,10,0,88
LA GUARDIA,"anticoncepcion, prevencion de its y de cancer de cuello uterino",numero de personas que recibieron orientacion en anticoncepcion,2015-12-01,0,55,158,48,12,273
LA PAZ,"anticoncepcion, prevencion de its y de cancer de cuello uterino",numero de personas que recibieron orientacion en anticoncepcion,2015-12-01,6,144,974,335,51,1510
LAGUNILLAS,"anticoncepcion, prevencion de its y de cancer de cuello uterino",numero de personas que recibieron orientacion en anticoncepcion,2015-12-01,0,6,19,11,0,36
LAJA,"anticoncepcion, prevencion de its y de cancer de cuello uterino",numero de personas que recibieron orientacion en anticoncepcion,2015-12-01,0,6,19,6,1,32
LAS CARRERAS,"anticoncepcion, prevencion de its y de cancer de cuello uterino",numero de personas que recibieron orientacion en anticoncepcion,2015-12-01,0,0,9,8,0,17
LICOMA PAMPA,"anticoncepcion, prevencion de its y de cancer de cuello uterino",numero de personas que recibieron orientacion en anticoncepcion,2015-12-01,0,2,4,4,0,10
LLALLAGUA,"anticoncepcion, prevencion de its y de cancer de cuello uterino",numero de personas que recibieron orientacion en anticoncepcion,2015-12-01,3,80,194,51,0,328
LLICA,"anticoncepcion, prevencion de its y de cancer de cuello uterino",numero de personas que recibieron orientacion en anticoncepcion,2015-12-01,0,1,3,0,0,4
LORETO,"anticoncepcion, prevencion de its y de cancer de cuello uterino",numero de personas que recibieron orientacion en anticoncepcion,2015-12-01,0,0,8,5,0,13
LURIBAY,"anticoncepcion, prevencion de its y de cancer de cuello uterino",numero de personas que recibieron orientacion en anticoncepcion,2015-12-01,0,2,12,7,1,22
MACHACAMARCA,"anticoncepcion, prevencion de its y de cancer de cuello uterino",numero de personas que recibieron orientacion en anticoncepcion,2015-12-01,0,1,3,2,0,6
MACHARETI,"anticoncepcion, prevencion de its y de cancer de cuello uterino",numero de personas que recibieron orientacion en anticoncepcion,2015-12-01,0,1,16,2,0,19
MAGDALENA,"anticoncepcion, prevencion de its y de cancer de cuello uterino",numero de personas que recibieron orientacion en anticoncepcion,2015-12-01,0,4,13,3,0,20
MAIRANA,"anticoncepcion, prevencion de its y de cancer de cuello uterino",numero de personas que recibieron orientacion en anticoncepcion,2015-12-01,0,2,7,4,0,13
MALLA,"anticoncepcion, prevencion de its y de cancer de cuello uterino",numero de personas que recibieron orientacion en anticoncepcion,2015-12-01,0,1,2,4,0,7
MAPIRI,"anticoncepcion, prevencion de its y de cancer de cuello uterino",numero de personas que recibieron orientacion en anticoncepcion,2015-12-01,0,1,8,3,0,12
MECAPACA,"anticoncepcion, prevencion de its y de cancer de cuello uterino",numero de personas que recibieron orientacion en anticoncepcion,2015-12-01,0,1,15,2,0,18
MINEROS,"anticoncepcion, prevencion de its y de cancer de cuello uterino",numero de personas que recibieron orientacion en anticoncepcion,2015-12-01,1,6,20,9,0,36
MIZQUE,"anticoncepcion, prevencion de its y de cancer de cuello uterino",numero de personas que recibieron orientacion en anticoncepcion,2015-12-01,0,28,139,41,0,208
MOCOMOCO,"anticoncepcion, prevencion de its y de cancer de cuello uterino",numero de personas que recibieron orientacion en anticoncepcion,2015-12-01,0,5,20,4,0,29
MOJOCOYA,"anticoncepcion, prevencion de its y de cancer de cuello uterino",numero de personas que recibieron orientacion en anticoncepcion,2015-12-01,0,8,20,17,0,45
MONTEAGUDO,"anticoncepcion, prevencion de its y de cancer de cuello uterino",numero de personas que recibieron orientacion en anticoncepcion,2015-12-01,1,41,134,74,3,253
MONTERO,"anticoncepcion, prevencion de its y de cancer de cuello uterino",numero de personas que recibieron orientacion en anticoncepcion,2015-12-01,12,78,347,97,13,547
MORO MORO,"anticoncepcion, prevencion de its y de cancer de cuello uterino",numero de personas que recibieron orientacion en anticoncepcion,2015-12-01,0,1,0,0,0,1
MOROCHATA,"anticoncepcion, prevencion de its y de cancer de cuello uterino",numero de personas que recibieron orientacion en anticoncepcion,2015-12-01,0,17,23,12,0,52
NACEBE (SANTA ROSA DEL ABUNA),"anticoncepcion, prevencion de its y de cancer de cuello uterino",numero de personas que recibieron orientacion en anticoncepcion,2015-12-01,0,6,12,9,0,27
NUEVO MANOA (NUEVA ESPERANZA),"anticoncepcion, prevencion de its y de cancer de cuello uterino",numero de personas que recibieron orientacion en anticoncepcion,2015-12-01,0,1,4,0,0,5
OCURI,"anticoncepcion, prevencion de its y de cancer de cuello uterino",numero de personas que recibieron orientacion en anticoncepcion,2015-12-01,0,9,17,3,0,29
OKINAWA,"anticoncepcion, prevencion de its y de cancer de cuello uterino",numero de personas que recibieron orientacion en anticoncepcion,2015-12-01,1,3,27,9,0,40
OMEREQUE,"anticoncepcion, prevencion de its y de cancer de cuello uterino",numero de personas que recibieron orientacion en anticoncepcion,2015-12-01,0,3,14,5,0,22
ORURO,"anticoncepcion, prevencion de its y de cancer de cuello uterino",numero de personas que recibieron orientacion en anticoncepcion,2015-12-01,1,152,1011,517,13,1694
PADCAYA,"anticoncepcion, prevencion de its y de cancer de cuello uterino",numero de personas que recibieron orientacion en anticoncepcion,2015-12-01,2,18,78,43,5,146
PADILLA,"anticoncepcion, prevencion de its y de cancer de cuello uterino",numero de personas que recibieron orientacion en anticoncepcion,2015-12-01,3,14,39,17,0,73
PAILON,"anticoncepcion, prevencion de its y de cancer de cuello uterino",numero de personas que recibieron orientacion en anticoncepcion,2015-12-01,5,61,227,24,1,318
PALCA,"anticoncepcion, prevencion de its y de cancer de cuello uterino",numero de personas que recibieron orientacion en anticoncepcion,2015-12-01,0,15,78,35,12,140
PALOS BLANCOS,"anticoncepcion, prevencion de its y de cancer de cuello uterino",numero de personas que recibieron orientacion en anticoncepcion,2015-12-01,2,12,89,31,3,137
PAMPA AULLAGAS,"anticoncepcion, prevencion de its y de cancer de cuello uterino",numero de personas que recibieron orientacion en anticoncepcion,2015-12-01,0,0,1,0,0,1
PAMPA GRANDE,"anticoncepcion, prevencion de its y de cancer de cuello uterino",numero de personas que recibieron orientacion en anticoncepcion,2015-12-01,0,7,20,4,0,31
PAPEL PAMPA,"anticoncepcion, prevencion de its y de cancer de cuello uterino",numero de personas que recibieron orientacion en anticoncepcion,2015-12-01,0,1,0,0,0,1
PASORAPA,"anticoncepcion, prevencion de its y de cancer de cuello uterino",numero de personas que recibieron orientacion en anticoncepcion,2015-12-01,0,2,21,17,1,41
PATACAMAYA,"anticoncepcion, prevencion de its y de cancer de cuello uterino",numero de personas que recibieron orientacion en anticoncepcion,2015-12-01,0,2,10,1,0,13
PAZÑA,"anticoncepcion, prevencion de its y de cancer de cuello uterino",numero de personas que recibieron orientacion en anticoncepcion,2015-12-01,1,3,40,23,5,72
PELECHUCO,"anticoncepcion, prevencion de its y de cancer de cuello uterino",numero de personas que recibieron orientacion en anticoncepcion,2015-12-01,0,6,59,24,12,101
POCOATA,"anticoncepcion, prevencion de its y de cancer de cuello uterino",numero de personas que recibieron orientacion en anticoncepcion,2015-12-01,0,6,27,20,0,53
POCONA,"anticoncepcion, prevencion de its y de cancer de cuello uterino",numero de personas que recibieron orientacion en anticoncepcion,2015-12-01,1,13,64,31,4,113
POJO (CBBA),"anticoncepcion, prevencion de its y de cancer de cuello uterino",numero de personas que recibieron orientacion en anticoncepcion,2015-12-01,1,12,42,7,0,62
POOPO,"anticoncepcion, prevencion de its y de cancer de cuello uterino",numero de personas que recibieron orientacion en anticoncepcion,2015-12-01,0,0,8,0,0,8
PORCO,"anticoncepcion, prevencion de its y de cancer de cuello uterino",numero de personas que recibieron orientacion en anticoncepcion,2015-12-01,0,3,26,6,0,35
POROMA,"anticoncepcion, prevencion de its y de cancer de cuello uterino",numero de personas que recibieron orientacion en anticoncepcion,2015-12-01,0,9,6,0,0,15
PORONGO,"anticoncepcion, prevencion de its y de cancer de cuello uterino",numero de personas que recibieron orientacion en anticoncepcion,2015-12-01,1,5,4,2,0,12
PORTACHUELO,"anticoncepcion, prevencion de its y de cancer de cuello uterino",numero de personas que recibieron orientacion en anticoncepcion,2015-12-01,2,6,6,0,0,14
PORVENIR,"anticoncepcion, prevencion de its y de cancer de cuello uterino",numero de personas que recibieron orientacion en anticoncepcion,2015-12-01,0,0,6,0,0,6
POSTRER VALLE,"anticoncepcion, prevencion de its y de cancer de cuello uterino",numero de personas que recibieron orientacion en anticoncepcion,2015-12-01,0,0,2,1,0,3
POTOSI,"anticoncepcion, prevencion de its y de cancer de cuello uterino",numero de personas que recibieron orientacion en anticoncepcion,2015-12-01,0,53,511,98,1,663
PRESTO,"anticoncepcion, prevencion de its y de cancer de cuello uterino",numero de personas que recibieron orientacion en anticoncepcion,2015-12-01,1,8,51,27,0,87
PUCARA,"anticoncepcion, prevencion de its y de cancer de cuello uterino",numero de personas que recibieron orientacion en anticoncepcion,2015-12-01,0,0,3,0,0,3
PUCARANI,"anticoncepcion, prevencion de its y de cancer de cuello uterino",numero de personas que recibieron orientacion en anticoncepcion,2015-12-01,0,7,64,30,3,104
PUERTO ACOSTA,"anticoncepcion, prevencion de its y de cancer de cuello uterino",numero de personas que recibieron orientacion en anticoncepcion,2015-12-01,0,1,12,5,1,19
PUERTO CARABUCO,"anticoncepcion, prevencion de its y de cancer de cuello uterino",numero de personas que recibieron orientacion en anticoncepcion,2015-12-01,0,2,10,1,0,13
PUERTO GONZALO MORENO,"anticoncepcion, prevencion de its y de cancer de cuello uterino",numero de personas que recibieron orientacion en anticoncepcion,2015-12-01,0,11,11,0,0,22
PUERTO PEREZ,"anticoncepcion, prevencion de its y de cancer de cuello uterino",numero de personas que recibieron orientacion en anticoncepcion,2015-12-01,0,2,7,4,1,14
PUERTO QUIJARRO,"anticoncepcion, prevencion de its y de cancer de cuello uterino",numero de personas que recibieron orientacion en anticoncepcion,2015-12-01,0,4,26,4,0,34
PUERTO RICO,"anticoncepcion, prevencion de its y de cancer de cuello uterino",numero de personas que recibieron orientacion en anticoncepcion,2015-12-01,0,3,6,2,0,11
PUERTO SUAREZ,"anticoncepcion, prevencion de its y de cancer de cuello uterino",numero de personas que recibieron orientacion en anticoncepcion,2015-12-01,0,4,28,7,0,39
PUERTO VILLARROEL,"anticoncepcion, prevencion de its y de cancer de cuello uterino",numero de personas que recibieron orientacion en anticoncepcion,2015-12-01,1,37,133,29,0,200
PUNA,"anticoncepcion, prevencion de its y de cancer de cuello uterino",numero de personas que recibieron orientacion en anticoncepcion,2015-12-01,0,6,27,11,0,44
PUNATA,"anticoncepcion, prevencion de its y de cancer de cuello uterino",numero de personas que recibieron orientacion en anticoncepcion,2015-12-01,0,15,65,25,0,105
QUIABAYA,"anticoncepcion, prevencion de its y de cancer de cuello uterino",numero de personas que recibieron orientacion en anticoncepcion,2015-12-01,0,1,0,0,0,1
QUILLACOLLO,"anticoncepcion, prevencion de its y de cancer de cuello uterino",numero de personas que recibieron orientacion en anticoncepcion,2015-12-01,1,259,953,315,6,1534
QUIME,"anticoncepcion, prevencion de its y de cancer de cuello uterino",numero de personas que recibieron orientacion en anticoncepcion,2015-12-01,0,3,5,1,0,9
RAVELO,"anticoncepcion, prevencion de its y de cancer de cuello uterino",numero de personas que recibieron orientacion en anticoncepcion,2015-12-01,0,3,25,35,3,66
REYES,"anticoncepcion, prevencion de its y de cancer de cuello uterino",numero de personas que recibieron orientacion en anticoncepcion,2015-12-01,4,33,68,18,0,123
RIBERALTA,"anticoncepcion, prevencion de its y de cancer de cuello uterino",numero de personas que recibieron orientacion en anticoncepcion,2015-12-01,95,352,642,155,5,1249
ROBORE,"anticoncepcion, prevencion de its y de cancer de cuello uterino",numero de personas que recibieron orientacion en anticoncepcion,2015-12-01,0,3,24,7,0,34
RURRENABAQUE,"anticoncepcion, prevencion de its y de cancer de cuello uterino",numero de personas que recibieron orientacion en anticoncepcion,2015-12-01,3,20,86,22,1,132
SABAYA,"anticoncepcion, prevencion de its y de cancer de cuello uterino",numero de personas que recibieron orientacion en anticoncepcion,2015-12-01,0,3,11,4,0,18
SACABA,"anticoncepcion, prevencion de its y de cancer de cuello uterino",numero de personas que recibieron orientacion en anticoncepcion,2015-12-01,6,266,811,206,7,1296
SACABAMBA,"anticoncepcion, prevencion de its y de cancer de cuello uterino",numero de personas que recibieron orientacion en anticoncepcion,2015-12-01,0,0,10,8,1,19
SACACA,"anticoncepcion, prevencion de its y de cancer de cuello uterino",numero de personas que recibieron orientacion en anticoncepcion,2015-12-01,2,6,86,27,0,121
SALINAS DE GARCI MENDOZA,"anticoncepcion, prevencion de its y de cancer de cuello uterino",numero de personas que recibieron orientacion en anticoncepcion,2015-12-01,1,17,102,27,7,154
SAMAIPATA,"anticoncepcion, prevencion de its y de cancer de cuello uterino",numero de personas que recibieron orientacion en anticoncepcion,2015-12-01,2,15,33,10,0,60
SAN ANDRES,"anticoncepcion, prevencion de its y de cancer de cuello uterino",numero de personas que recibieron orientacion en anticoncepcion,2015-12-01,0,5,9,5,0,19
SAN ANDRES DE MACHACA,"anticoncepcion, prevencion de its y de cancer de cuello uterino",numero de personas que recibieron orientacion en anticoncepcion,2015-12-01,0,1,5,2,1,9
SAN ANTONIO DE ESMORUCO,"anticoncepcion, prevencion de its y de cancer de cuello uterino",numero de personas que recibieron orientacion en anticoncepcion,2015-12-01,0,0,4,1,0,5
SAN ANTONIO DE LOMERIO,"anticoncepcion, prevencion de its y de cancer de cuello uterino",numero de personas que recibieron orientacion en anticoncepcion,2015-12-01,0,0,8,0,0,8
SAN BENITO,"anticoncepcion, prevencion de its y de cancer de cuello uterino",numero de personas que recibieron orientacion en anticoncepcion,2015-12-01,0,5,31,5,1,42
SAN BORJA,"anticoncepcion, prevencion de its y de cancer de cuello uterino",numero de personas que recibieron orientacion en anticoncepcion,2015-12-01,2,34,67,15,0,118
SAN BUENA VENTURA,"anticoncepcion, prevencion de its y de cancer de cuello uterino",numero de personas que recibieron orientacion en anticoncepcion,2015-12-01,0,4,11,3,0,18
SAN CARLOS,"anticoncepcion, prevencion de its y de cancer de cuello uterino",numero de personas que recibieron orientacion en anticoncepcion,2015-12-01,2,52,221,46,0,321
SAN IGNACIO,"anticoncepcion, prevencion de its y de cancer de cuello uterino",numero de personas que recibieron orientacion en anticoncepcion,2015-12-01,1,49,173,68,4,295
SAN IGNACIO DE VELASCO,"anticoncepcion, prevencion de its y de cancer de cuello uterino",numero de personas que recibieron orientacion en anticoncepcion,2015-12-01,0,14,64,19,0,97
SAN JAVIER(BNI),"anticoncepcion, prevencion de its y de cancer de cuello uterino",numero de personas que recibieron orientacion en anticoncepcion,2015-12-01,0,1,7,6,0,14
SAN JAVIER(STC),"anticoncepcion, prevencion de its y de cancer de cuello uterino",numero de personas que recibieron orientacion en anticoncepcion,2015-12-01,1,4,7,2,0,14
SAN JOAQUIN,"anticoncepcion, prevencion de its y de cancer de cuello uterino",numero de personas que recibieron orientacion en anticoncepcion,2015-12-01,0,8,7,2,0,17
SAN JOSE DE CHIQUITOS,"anticoncepcion, prevencion de its y de cancer de cuello uterino",numero de personas que recibieron orientacion en anticoncepcion,2015-12-01,0,26,56,28,4,114
SAN JUAN DE YAPACANI,"anticoncepcion, prevencion de its y de cancer de cuello uterino",numero de personas que recibieron orientacion en anticoncepcion,2015-12-01,6,17,31,19,1,74
SAN JULIAN,"anticoncepcion, prevencion de its y de cancer de cuello uterino",numero de personas que recibieron orientacion en anticoncepcion,2015-12-01,1,51,93,57,2,204
SAN LORENZO(TJA),"anticoncepcion, prevencion de its y de cancer de cuello uterino",numero de personas que recibieron orientacion en anticoncepcion,2015-12-01,1,3,18,12,3,37
SAN LUCAS,"anticoncepcion, prevencion de its y de cancer de cuello uterino",numero de personas que recibieron orientacion en anticoncepcion,2015-12-01,2,19,102,53,11,187
SAN MATIAS,"anticoncepcion, prevencion de its y de cancer de cuello uterino",numero de personas que recibieron orientacion en anticoncepcion,2015-12-01,0,7,29,7,0,43
SAN MIGUEL DE VELASCO,"anticoncepcion, prevencion de its y de cancer de cuello uterino",numero de personas que recibieron orientacion en anticoncepcion,2015-12-01,0,24,92,39,1,156
SAN PABLO DE LIPEZ,"anticoncepcion, prevencion de its y de cancer de cuello uterino",numero de personas que recibieron orientacion en anticoncepcion,2015-12-01,0,1,0,1,0,2
SAN PEDRO,"anticoncepcion, prevencion de its y de cancer de cuello uterino",numero de personas que recibieron orientacion en anticoncepcion,2015-12-01,11,44,74,23,3,155
SAN PEDRO DE BUENA VISTA,"anticoncepcion, prevencion de its y de cancer de cuello uterino",numero de personas que recibieron orientacion en anticoncepcion,2015-12-01,0,10,62,28,0,100
SAN PEDRO DE CURAHUARA,"anticoncepcion, prevencion de its y de cancer de cuello uterino",numero de personas que recibieron orientacion en anticoncepcion,2015-12-01,0,2,10,3,0,15
SAN PEDRO DE QUEMES,"anticoncepcion, prevencion de its y de cancer de cuello uterino",numero de personas que recibieron orientacion en anticoncepcion,2015-12-01,0,0,1,0,0,1
SAN PEDRO DE TIQUINA,"anticoncepcion, prevencion de its y de cancer de cuello uterino",numero de personas que recibieron orientacion en anticoncepcion,2015-12-01,0,3,19,5,0,27
SAN PEDRO(PND),"anticoncepcion, prevencion de its y de cancer de cuello uterino",numero de personas que recibieron orientacion en anticoncepcion,2015-12-01,0,0,1,0,0,1
SAN RAFAEL,"anticoncepcion, prevencion de its y de cancer de cuello uterino",numero de personas que recibieron orientacion en anticoncepcion,2015-12-01,0,19,75,24,1,119
SAN RAMON BENI,"anticoncepcion, prevencion de its y de cancer de cuello uterino",numero de personas que recibieron orientacion en anticoncepcion,2015-12-01,0,12,54,19,0,85
SAN RAMON SCZ,"anticoncepcion, prevencion de its y de cancer de cuello uterino",numero de personas que recibieron orientacion en anticoncepcion,2015-12-01,0,10,47,25,0,82
SANTA ANA,"anticoncepcion, prevencion de its y de cancer de cuello uterino",numero de personas que recibieron orientacion en anticoncepcion,2015-12-01,0,17,55,2,2,76
SANTA CRUZ DE LA SIERRA,"anticoncepcion, prevencion de its y de cancer de cuello uterino",numero de personas que recibieron orientacion en anticoncepcion,2015-12-01,49,922,1862,447,32,3312
SANTA ROSA,"anticoncepcion, prevencion de its y de cancer de cuello uterino",numero de personas que recibieron orientacion en anticoncepcion,2015-12-01,1,0,21,8,0,30
SANTA ROSA DEL SARA,"anticoncepcion, prevencion de its y de cancer de cuello uterino",numero de personas que recibieron orientacion en anticoncepcion,2015-12-01,0,52,16,3,0,71
SANTIAGO DE CALLAPA,"anticoncepcion, prevencion de its y de cancer de cuello uterino",numero de personas que recibieron orientacion en anticoncepcion,2015-12-01,0,0,2,0,0,2
SANTIAGO DE HUARI,"anticoncepcion, prevencion de its y de cancer de cuello uterino",numero de personas que recibieron orientacion en anticoncepcion,2015-12-01,0,5,37,10,2,54
SANTIAGO DE HUATA,"anticoncepcion, prevencion de its y de cancer de cuello uterino",numero de personas que recibieron orientacion en anticoncepcion,2015-12-01,0,0,6,5,0,11
SANTIAGO DE MACHACA,"anticoncepcion, prevencion de its y de cancer de cuello uterino",numero de personas que recibieron orientacion en anticoncepcion,2015-12-01,0,2,2,1,0,5
SANTIVAÑES,"anticoncepcion, prevencion de its y de cancer de cuello uterino",numero de personas que recibieron orientacion en anticoncepcion,2015-12-01,0,0,1,0,0,1
SANTUARIO DE QUILLACAS,"anticoncepcion, prevencion de its y de cancer de cuello uterino",numero de personas que recibieron orientacion en anticoncepcion,2015-12-01,0,5,16,3,0,24
SAPAHAQUI,"anticoncepcion, prevencion de its y de cancer de cuello uterino",numero de personas que recibieron orientacion en anticoncepcion,2015-12-01,0,6,11,4,0,21
SENA,"anticoncepcion, prevencion de its y de cancer de cuello uterino",numero de personas que recibieron orientacion en anticoncepcion,2015-12-01,0,4,7,0,0,11
SHINAOTA,"anticoncepcion, prevencion de its y de cancer de cuello uterino",numero de personas que recibieron orientacion en anticoncepcion,2015-12-01,0,18,35,18,0,71
SICA SICA (VILLA AROMA),"anticoncepcion, prevencion de its y de cancer de cuello uterino",numero de personas que recibieron orientacion en anticoncepcion,2015-12-01,1,7,46,13,1,68
SICAYA,"anticoncepcion, prevencion de its y de cancer de cuello uterino",numero de personas que recibieron orientacion en anticoncepcion,2015-12-01,0,1,15,4,0,20
SIPE SIPE,"anticoncepcion, prevencion de its y de cancer de cuello uterino",numero de personas que recibieron orientacion en anticoncepcion,2015-12-01,1,33,134,61,0,229
SOPACHUY,"anticoncepcion, prevencion de its y de cancer de cuello uterino",numero de personas que recibieron orientacion en anticoncepcion,2015-12-01,0,15,41,26,0,82
SORACACHI,"anticoncepcion, prevencion de its y de cancer de cuello uterino",numero de personas que recibieron orientacion en anticoncepcion,2015-12-01,0,4,33,19,0,56
SORATA,"anticoncepcion, prevencion de its y de cancer de cuello uterino",numero de personas que recibieron orientacion en anticoncepcion,2015-12-01,0,1,13,9,0,23
SUCRE,"anticoncepcion, prevencion de its y de cancer de cuello uterino",numero de personas que recibieron orientacion en anticoncepcion,2015-12-01,24,497,1943,807,33,3304
TACACOMA,"anticoncepcion, prevencion de its y de cancer de cuello uterino",numero de personas que recibieron orientacion en anticoncepcion,2015-12-01,0,0,2,0,0,2
TACOBAMBA,"anticoncepcion, prevencion de its y de cancer de cuello uterino",numero de personas que recibieron orientacion en anticoncepcion,2015-12-01,0,1,2,1,0,4
TACOPAYA,"anticoncepcion, prevencion de its y de cancer de cuello uterino",numero de personas que recibieron orientacion en anticoncepcion,2015-12-01,0,1,8,9,0,18
TAHUA,"anticoncepcion, prevencion de its y de cancer de cuello uterino",numero de personas que recibieron orientacion en anticoncepcion,2015-12-01,0,0,4,2,0,6
TAPACARI,"anticoncepcion, prevencion de its y de cancer de cuello uterino",numero de personas que recibieron orientacion en anticoncepcion,2015-12-01,0,5,31,8,0,44
TARABUCO,"anticoncepcion, prevencion de its y de cancer de cuello uterino",numero de personas que recibieron orientacion en anticoncepcion,2015-12-01,1,10,77,38,0,126
TARACO,"anticoncepcion, prevencion de its y de cancer de cuello uterino",numero de personas que recibieron orientacion en anticoncepcion,2015-12-01,0,1,4,0,0,5
TARATA,"anticoncepcion, prevencion de its y de cancer de cuello uterino",numero de personas que recibieron orientacion en anticoncepcion,2015-12-01,1,8,28,16,0,53
TARIJA,"anticoncepcion, prevencion de its y de cancer de cuello uterino",numero de personas que recibieron orientacion en anticoncepcion,2015-12-01,1,67,275,175,6,524
TARVITA,"anticoncepcion, prevencion de its y de cancer de cuello uterino",numero de personas que recibieron orientacion en anticoncepcion,2015-12-01,1,6,6,8,1,22
TEOPONTE,"anticoncepcion, prevencion de its y de cancer de cuello uterino",numero de personas que recibieron orientacion en anticoncepcion,2015-12-01,0,6,14,3,0,23
TIAWANACU,"anticoncepcion, prevencion de its y de cancer de cuello uterino",numero de personas que recibieron orientacion en anticoncepcion,2015-12-01,0,5,7,3,0,15
TINGUIPAYA,"anticoncepcion, prevencion de its y de cancer de cuello uterino",numero de personas que recibieron orientacion en anticoncepcion,2015-12-01,0,6,33,9,2,50
TIPUANI,"anticoncepcion, prevencion de its y de cancer de cuello uterino",numero de personas que recibieron orientacion en anticoncepcion,2015-12-01,0,4,33,17,0,54
TIQUIPAYA,"anticoncepcion, prevencion de its y de cancer de cuello uterino",numero de personas que recibieron orientacion en anticoncepcion,2015-12-01,2,45,108,53,0,208
TIRAQUE (CBBA),"anticoncepcion, prevencion de its y de cancer de cuello uterino",numero de personas que recibieron orientacion en anticoncepcion,2015-12-01,0,9,23,7,0,39
TITO YUPANQUI (PARQUIPUJIO),"anticoncepcion, prevencion de its y de cancer de cuello uterino",numero de personas que recibieron orientacion en anticoncepcion,2015-12-01,0,1,1,5,0,7
TOCO,"anticoncepcion, prevencion de its y de cancer de cuello uterino",numero de personas que recibieron orientacion en anticoncepcion,2015-12-01,0,2,14,5,1,22
TODOS SANTOS,"anticoncepcion, prevencion de its y de cancer de cuello uterino",numero de personas que recibieron orientacion en anticoncepcion,2015-12-01,0,0,4,0,0,4
TOLATA,"anticoncepcion, prevencion de its y de cancer de cuello uterino",numero de personas que recibieron orientacion en anticoncepcion,2015-12-01,2,8,59,12,1,82
TOLEDO,"anticoncepcion, prevencion de its y de cancer de cuello uterino",numero de personas que recibieron orientacion en anticoncepcion,2015-12-01,0,2,15,1,0,18
TOMAVE,"anticoncepcion, prevencion de its y de cancer de cuello uterino",numero de personas que recibieron orientacion en anticoncepcion,2015-12-01,0,2,8,4,0,14
TOMINA,"anticoncepcion, prevencion de its y de cancer de cuello uterino",numero de personas que recibieron orientacion en anticoncepcion,2015-12-01,0,10,11,6,0,27
TORO TORO,"anticoncepcion, prevencion de its y de cancer de cuello uterino",numero de personas que recibieron orientacion en anticoncepcion,2015-12-01,0,14,50,34,5,103
TOTORA(CBBA),"anticoncepcion, prevencion de its y de cancer de cuello uterino",numero de personas que recibieron orientacion en anticoncepcion,2015-12-01,1,50,168,48,1,268
TOTORA(ORR),"anticoncepcion, prevencion de its y de cancer de cuello uterino",numero de personas que recibieron orientacion en anticoncepcion,2015-12-01,0,6,20,6,0,32
TRINIDAD,"anticoncepcion, prevencion de its y de cancer de cuello uterino",numero de personas que recibieron orientacion en anticoncepcion,2015-12-01,77,229,684,180,40,1210
TUPIZA,"anticoncepcion, prevencion de its y de cancer de cuello uterino",numero de personas que recibieron orientacion en anticoncepcion,2015-12-01,1,28,95,56,3,183
TURCO,"anticoncepcion, prevencion de its y de cancer de cuello uterino",numero de personas que recibieron orientacion en anticoncepcion,2015-12-01,0,1,15,10,2,28
UMALA,"anticoncepcion, prevencion de its y de cancer de cuello uterino",numero de personas que recibieron orientacion en anticoncepcion,2015-12-01,0,4,10,7,0,21
UNCIA,"anticoncepcion, prevencion de its y de cancer de cuello uterino",numero de personas que recibieron orientacion en anticoncepcion,2015-12-01,0,4,62,5,0,71
URIONDO (A. CONCEPCION),"anticoncepcion, prevencion de its y de cancer de cuello uterino",numero de personas que recibieron orientacion en anticoncepcion,2015-12-01,0,11,65,35,1,112
URUBICHA,"anticoncepcion, prevencion de its y de cancer de cuello uterino",numero de personas que recibieron orientacion en anticoncepcion,2015-12-01,2,1,11,5,0,19
UYUNI,"anticoncepcion, prevencion de its y de cancer de cuello uterino",numero de personas que recibieron orientacion en anticoncepcion,2015-12-01,0,14,42,12,0,68
VACAS,"anticoncepcion, prevencion de its y de cancer de cuello uterino",numero de personas que recibieron orientacion en anticoncepcion,2015-12-01,0,6,28,16,0,50
VALLEGRANDE,"anticoncepcion, prevencion de its y de cancer de cuello uterino",numero de personas que recibieron orientacion en anticoncepcion,2015-12-01,0,6,13,3,0,22
VIACHA,"anticoncepcion, prevencion de its y de cancer de cuello uterino",numero de personas que recibieron orientacion en anticoncepcion,2015-12-01,0,16,86,49,4,155
VILA VILA,"anticoncepcion, prevencion de its y de cancer de cuello uterino",numero de personas que recibieron orientacion en anticoncepcion,2015-12-01,0,2,9,6,0,17
VILLA CHARCAS,"anticoncepcion, prevencion de its y de cancer de cuello uterino",numero de personas que recibieron orientacion en anticoncepcion,2015-12-01,0,7,15,5,0,27
VILLA MONTES,"anticoncepcion, prevencion de its y de cancer de cuello uterino",numero de personas que recibieron orientacion en anticoncepcion,2015-12-01,2,11,36,15,8,72
VILLA NUEVA (LOMA ALTA),"anticoncepcion, prevencion de its y de cancer de cuello uterino",numero de personas que recibieron orientacion en anticoncepcion,2015-12-01,0,2,1,2,0,5
VILLA RIVERO,"anticoncepcion, prevencion de its y de cancer de cuello uterino",numero de personas que recibieron orientacion en anticoncepcion,2015-12-01,0,3,20,4,0,27
VILLA SERRANO,"anticoncepcion, prevencion de its y de cancer de cuello uterino",numero de personas que recibieron orientacion en anticoncepcion,2015-12-01,0,5,24,21,1,51
VILLA TUNARI,"anticoncepcion, prevencion de its y de cancer de cuello uterino",numero de personas que recibieron orientacion en anticoncepcion,2015-12-01,3,35,228,53,2,321
VILLA VACA GUZMAN (MUYUPAMPA),"anticoncepcion, prevencion de its y de cancer de cuello uterino",numero de personas que recibieron orientacion en anticoncepcion,2015-12-01,2,6,67,13,0,88
VILLAZON,"anticoncepcion, prevencion de its y de cancer de cuello uterino",numero de personas que recibieron orientacion en anticoncepcion,2015-12-01,0,8,21,5,0,34
VINTO,"anticoncepcion, prevencion de its y de cancer de cuello uterino",numero de personas que recibieron orientacion en anticoncepcion,2015-12-01,10,14,286,58,6,374
VITICHI,"anticoncepcion, prevencion de its y de cancer de cuello uterino",numero de personas que recibieron orientacion en anticoncepcion,2015-12-01,0,3,14,16,2,35
WALDO BALLIVIAN,"anticoncepcion, prevencion de its y de cancer de cuello uterino",numero de personas que recibieron orientacion en anticoncepcion,2015-12-01,0,0,2,2,0,4
WARNES,"anticoncepcion, prevencion de its y de cancer de cuello uterino",numero de personas que recibieron orientacion en anticoncepcion,2015-12-01,0,24,140,33,4,201
YACO,"anticoncepcion, prevencion de its y de cancer de cuello uterino",numero de personas que recibieron orientacion en anticoncepcion,2015-12-01,0,1,6,2,0,9
YACUIBA,"anticoncepcion, prevencion de its y de cancer de cuello uterino",numero de personas que recibieron orientacion en anticoncepcion,2015-12-01,6,80,414,203,28,731
YAMPARAEZ,"anticoncepcion, prevencion de its y de cancer de cuello uterino",numero de personas que recibieron orientacion en anticoncepcion,2015-12-01,0,3,15,15,1,34
YANACACHI,"anticoncepcion, prevencion de its y de cancer de cuello uterino",numero de personas que recibieron orientacion en anticoncepcion,2015-12-01,0,0,8,2,0,10
YAPACANI,"anticoncepcion, prevencion de its y de cancer de cuello uterino",numero de personas que recibieron orientacion en anticoncepcion,2015-12-01,2,21,60,13,1,97
YOCALLA,"anticoncepcion, prevencion de its y de cancer de cuello uterino",numero de personas que recibieron orientacion en anticoncepcion,2015-12-01,0,2,4,2,0,8
YOTALA,"anticoncepcion, prevencion de its y de cancer de cuello uterino",numero de personas que recibieron orientacion en anticoncepcion,2015-12-01,1,19,43,47,13,123
YUNCHARA,"anticoncepcion, prevencion de its y de cancer de cuello uterino",numero de personas que recibieron orientacion en anticoncepcion,2015-12-01,0,5,19,14,2,40
ZUDAÑEZ,"anticoncepcion, prevencion de its y de cancer de cuello uterino",numero de personas que recibieron orientacion en anticoncepcion,2015-12-01,0,6,13,3,0,22
