municipality,group,variable,month,Número de implantes insertados,Número de implantes insertados1,Número de implantes insertados2,Número de implantes insertados3,Número de implantes insertados4,TOTAL
AYOPAYA (V. DE INDEPENDENCIA),"anticoncepcion, prevencion de its y de cancer de cuello uterino",numero de implantes insertados,2015-01-01,0,0,1,0,0,1
BAURES,"anticoncepcion, prevencion de its y de cancer de cuello uterino",numero de implantes insertados,2015-01-01,0,1,6,1,0,8
BELLA FLOR,"anticoncepcion, prevencion de its y de cancer de cuello uterino",numero de implantes insertados,2015-01-01,0,2,3,0,0,5
CALAMARCA,"anticoncepcion, prevencion de its y de cancer de cuello uterino",numero de implantes insertados,2015-01-01,0,0,5,0,0,5
CAPINOTA,"anticoncepcion, prevencion de its y de cancer de cuello uterino",numero de implantes insertados,2015-01-01,1,1,10,0,0,12
CLIZA,"anticoncepcion, prevencion de its y de cancer de cuello uterino",numero de implantes insertados,2015-01-01,0,0,2,0,0,2
COBIJA,"anticoncepcion, prevencion de its y de cancer de cuello uterino",numero de implantes insertados,2015-01-01,0,10,15,1,0,26
COCHABAMBA,"anticoncepcion, prevencion de its y de cancer de cuello uterino",numero de implantes insertados,2015-01-01,1,16,185,19,0,221
COLCAPIRHUA,"anticoncepcion, prevencion de its y de cancer de cuello uterino",numero de implantes insertados,2015-01-01,0,0,1,0,0,1
CONCEPCION,"anticoncepcion, prevencion de its y de cancer de cuello uterino",numero de implantes insertados,2015-01-01,0,1,3,0,0,4
COROICO,"anticoncepcion, prevencion de its y de cancer de cuello uterino",numero de implantes insertados,2015-01-01,0,1,0,0,0,1
CULPINA,"anticoncepcion, prevencion de its y de cancer de cuello uterino",numero de implantes insertados,2015-01-01,0,0,7,2,0,9
EL ALTO,"anticoncepcion, prevencion de its y de cancer de cuello uterino",numero de implantes insertados,2015-01-01,0,14,118,44,0,176
EL TORNO,"anticoncepcion, prevencion de its y de cancer de cuello uterino",numero de implantes insertados,2015-01-01,2,0,0,0,0,2
EUREKA (SANTOS MERCADO),"anticoncepcion, prevencion de its y de cancer de cuello uterino",numero de implantes insertados,2015-01-01,0,2,0,0,0,2
HUANUNI,"anticoncepcion, prevencion de its y de cancer de cuello uterino",numero de implantes insertados,2015-01-01,0,1,1,3,0,5
INGAVI (HUMAITA),"anticoncepcion, prevencion de its y de cancer de cuello uterino",numero de implantes insertados,2015-01-01,0,1,2,0,0,3
LA PAZ,"anticoncepcion, prevencion de its y de cancer de cuello uterino",numero de implantes insertados,2015-01-01,0,23,174,12,0,209
LAS CARRERAS,"anticoncepcion, prevencion de its y de cancer de cuello uterino",numero de implantes insertados,2015-01-01,0,0,0,1,0,1
MACHACAMARCA,"anticoncepcion, prevencion de its y de cancer de cuello uterino",numero de implantes insertados,2015-01-01,0,0,2,1,0,3
MACHARETI,"anticoncepcion, prevencion de its y de cancer de cuello uterino",numero de implantes insertados,2015-01-01,0,0,2,0,0,2
MONTEAGUDO,"anticoncepcion, prevencion de its y de cancer de cuello uterino",numero de implantes insertados,2015-01-01,0,1,4,1,0,6
MONTERO,"anticoncepcion, prevencion de its y de cancer de cuello uterino",numero de implantes insertados,2015-01-01,0,0,1,0,0,1
NUEVO MANOA (NUEVA ESPERANZA),"anticoncepcion, prevencion de its y de cancer de cuello uterino",numero de implantes insertados,2015-01-01,0,0,7,0,0,7
ORURO,"anticoncepcion, prevencion de its y de cancer de cuello uterino",numero de implantes insertados,2015-01-01,0,11,63,6,0,80
PADILLA,"anticoncepcion, prevencion de its y de cancer de cuello uterino",numero de implantes insertados,2015-01-01,0,1,0,0,0,1
PAZÑA,"anticoncepcion, prevencion de its y de cancer de cuello uterino",numero de implantes insertados,2015-01-01,0,0,2,0,0,2
POCOATA,"anticoncepcion, prevencion de its y de cancer de cuello uterino",numero de implantes insertados,2015-01-01,0,0,2,1,0,3
PORVENIR,"anticoncepcion, prevencion de its y de cancer de cuello uterino",numero de implantes insertados,2015-01-01,0,0,4,0,0,4
POTOSI,"anticoncepcion, prevencion de its y de cancer de cuello uterino",numero de implantes insertados,2015-01-01,0,3,58,2,0,63
PUERTO GONZALO MORENO,"anticoncepcion, prevencion de its y de cancer de cuello uterino",numero de implantes insertados,2015-01-01,0,2,2,0,0,4
PUERTO RICO,"anticoncepcion, prevencion de its y de cancer de cuello uterino",numero de implantes insertados,2015-01-01,0,2,4,1,0,7
RIBERALTA,"anticoncepcion, prevencion de its y de cancer de cuello uterino",numero de implantes insertados,2015-01-01,0,1,4,1,0,6
RURRENABAQUE,"anticoncepcion, prevencion de its y de cancer de cuello uterino",numero de implantes insertados,2015-01-01,0,0,1,0,0,1
SACABA,"anticoncepcion, prevencion de its y de cancer de cuello uterino",numero de implantes insertados,2015-01-01,0,2,2,0,0,4
SAN JAVIER(STC),"anticoncepcion, prevencion de its y de cancer de cuello uterino",numero de implantes insertados,2015-01-01,0,1,6,14,0,21
SAN LORENZO(TJA),"anticoncepcion, prevencion de its y de cancer de cuello uterino",numero de implantes insertados,2015-01-01,0,0,3,0,0,3
SAN LUCAS,"anticoncepcion, prevencion de its y de cancer de cuello uterino",numero de implantes insertados,2015-01-01,0,0,2,0,0,2
SANTA CRUZ DE LA SIERRA,"anticoncepcion, prevencion de its y de cancer de cuello uterino",numero de implantes insertados,2015-01-01,0,1,194,100,0,295
SANTIAGO DE CALLAPA,"anticoncepcion, prevencion de its y de cancer de cuello uterino",numero de implantes insertados,2015-01-01,0,0,0,1,0,1
SANTIAGO DE HUARI,"anticoncepcion, prevencion de its y de cancer de cuello uterino",numero de implantes insertados,2015-01-01,0,0,1,0,0,1
SICA SICA (VILLA AROMA),"anticoncepcion, prevencion de its y de cancer de cuello uterino",numero de implantes insertados,2015-01-01,0,1,0,0,0,1
SORATA,"anticoncepcion, prevencion de its y de cancer de cuello uterino",numero de implantes insertados,2015-01-01,0,0,1,0,0,1
SUCRE,"anticoncepcion, prevencion de its y de cancer de cuello uterino",numero de implantes insertados,2015-01-01,0,10,82,4,0,96
TARIJA,"anticoncepcion, prevencion de its y de cancer de cuello uterino",numero de implantes insertados,2015-01-01,0,9,81,19,0,109
TIQUIPAYA,"anticoncepcion, prevencion de its y de cancer de cuello uterino",numero de implantes insertados,2015-01-01,0,0,0,1,0,1
TRINIDAD,"anticoncepcion, prevencion de its y de cancer de cuello uterino",numero de implantes insertados,2015-01-01,0,9,44,11,0,64
VIACHA,"anticoncepcion, prevencion de its y de cancer de cuello uterino",numero de implantes insertados,2015-01-01,0,1,10,1,0,12
VILLA CHARCAS,"anticoncepcion, prevencion de its y de cancer de cuello uterino",numero de implantes insertados,2015-01-01,0,2,14,6,0,22
VILLA NUEVA (LOMA ALTA),"anticoncepcion, prevencion de its y de cancer de cuello uterino",numero de implantes insertados,2015-01-01,0,0,2,0,0,2
VILLA SERRANO,"anticoncepcion, prevencion de its y de cancer de cuello uterino",numero de implantes insertados,2015-01-01,0,2,2,1,0,5
VILLA VACA GUZMAN (MUYUPAMPA),"anticoncepcion, prevencion de its y de cancer de cuello uterino",numero de implantes insertados,2015-01-01,0,0,4,0,0,4
YACUIBA,"anticoncepcion, prevencion de its y de cancer de cuello uterino",numero de implantes insertados,2015-01-01,0,0,1,0,0,1
YANACACHI,"anticoncepcion, prevencion de its y de cancer de cuello uterino",numero de implantes insertados,2015-01-01,0,1,7,1,0,9
ACHOCALLA,"anticoncepcion, prevencion de its y de cancer de cuello uterino",numero de implantes insertados,2015-02-01,0,0,2,3,0,5
ALTO BENI,"anticoncepcion, prevencion de its y de cancer de cuello uterino",numero de implantes insertados,2015-02-01,0,0,3,0,0,3
AYOPAYA (V. DE INDEPENDENCIA),"anticoncepcion, prevencion de its y de cancer de cuello uterino",numero de implantes insertados,2015-02-01,0,2,8,1,0,11
BAURES,"anticoncepcion, prevencion de its y de cancer de cuello uterino",numero de implantes insertados,2015-02-01,0,3,3,1,0,7
BELLA FLOR,"anticoncepcion, prevencion de its y de cancer de cuello uterino",numero de implantes insertados,2015-02-01,0,0,4,1,0,5
CAPINOTA,"anticoncepcion, prevencion de its y de cancer de cuello uterino",numero de implantes insertados,2015-02-01,0,0,3,0,0,3
CARIPUYO,"anticoncepcion, prevencion de its y de cancer de cuello uterino",numero de implantes insertados,2015-02-01,0,1,4,2,0,7
COBIJA,"anticoncepcion, prevencion de its y de cancer de cuello uterino",numero de implantes insertados,2015-02-01,0,7,18,1,0,26
COCHABAMBA,"anticoncepcion, prevencion de its y de cancer de cuello uterino",numero de implantes insertados,2015-02-01,0,4,55,8,0,67
CULPINA,"anticoncepcion, prevencion de its y de cancer de cuello uterino",numero de implantes insertados,2015-02-01,0,1,3,4,0,8
CURVA,"anticoncepcion, prevencion de its y de cancer de cuello uterino",numero de implantes insertados,2015-02-01,0,0,2,0,0,2
EL ALTO,"anticoncepcion, prevencion de its y de cancer de cuello uterino",numero de implantes insertados,2015-02-01,0,15,112,15,0,142
EL TORNO,"anticoncepcion, prevencion de its y de cancer de cuello uterino",numero de implantes insertados,2015-02-01,7,10,12,6,0,35
ENTRE RIOS TRJ,"anticoncepcion, prevencion de its y de cancer de cuello uterino",numero de implantes insertados,2015-02-01,1,1,4,0,0,6
EUREKA (SANTOS MERCADO),"anticoncepcion, prevencion de its y de cancer de cuello uterino",numero de implantes insertados,2015-02-01,0,1,0,0,0,1
HUANUNI,"anticoncepcion, prevencion de its y de cancer de cuello uterino",numero de implantes insertados,2015-02-01,0,0,12,4,0,16
HUARACAJE,"anticoncepcion, prevencion de its y de cancer de cuello uterino",numero de implantes insertados,2015-02-01,0,0,2,0,0,2
ICLA,"anticoncepcion, prevencion de its y de cancer de cuello uterino",numero de implantes insertados,2015-02-01,0,0,2,1,0,3
INCAHUASI,"anticoncepcion, prevencion de its y de cancer de cuello uterino",numero de implantes insertados,2015-02-01,0,1,3,0,0,4
INGAVI (HUMAITA),"anticoncepcion, prevencion de its y de cancer de cuello uterino",numero de implantes insertados,2015-02-01,0,3,7,1,0,11
LA PAZ,"anticoncepcion, prevencion de its y de cancer de cuello uterino",numero de implantes insertados,2015-02-01,0,23,126,14,0,163
LAS CARRERAS,"anticoncepcion, prevencion de its y de cancer de cuello uterino",numero de implantes insertados,2015-02-01,0,0,1,0,0,1
MAPIRI,"anticoncepcion, prevencion de its y de cancer de cuello uterino",numero de implantes insertados,2015-02-01,0,0,1,0,0,1
MONTEAGUDO,"anticoncepcion, prevencion de its y de cancer de cuello uterino",numero de implantes insertados,2015-02-01,0,1,7,1,0,9
ORURO,"anticoncepcion, prevencion de its y de cancer de cuello uterino",numero de implantes insertados,2015-02-01,0,5,59,5,0,69
PAILON,"anticoncepcion, prevencion de its y de cancer de cuello uterino",numero de implantes insertados,2015-02-01,0,1,0,0,0,1
PORVENIR,"anticoncepcion, prevencion de its y de cancer de cuello uterino",numero de implantes insertados,2015-02-01,0,0,1,0,0,1
POTOSI,"anticoncepcion, prevencion de its y de cancer de cuello uterino",numero de implantes insertados,2015-02-01,0,8,51,6,0,65
PUERTO RICO,"anticoncepcion, prevencion de its y de cancer de cuello uterino",numero de implantes insertados,2015-02-01,0,1,3,0,0,4
RIBERALTA,"anticoncepcion, prevencion de its y de cancer de cuello uterino",numero de implantes insertados,2015-02-01,0,1,7,1,0,9
SABAYA,"anticoncepcion, prevencion de its y de cancer de cuello uterino",numero de implantes insertados,2015-02-01,0,1,2,1,0,4
SAN LORENZO(TJA),"anticoncepcion, prevencion de its y de cancer de cuello uterino",numero de implantes insertados,2015-02-01,0,0,4,3,0,7
SAN LUCAS,"anticoncepcion, prevencion de its y de cancer de cuello uterino",numero de implantes insertados,2015-02-01,0,1,2,1,0,4
SANTA CRUZ DE LA SIERRA,"anticoncepcion, prevencion de its y de cancer de cuello uterino",numero de implantes insertados,2015-02-01,0,9,150,73,0,232
SANTIAGO DE HUARI,"anticoncepcion, prevencion de its y de cancer de cuello uterino",numero de implantes insertados,2015-02-01,0,0,2,0,0,2
SORATA,"anticoncepcion, prevencion de its y de cancer de cuello uterino",numero de implantes insertados,2015-02-01,0,0,7,0,0,7
SUCRE,"anticoncepcion, prevencion de its y de cancer de cuello uterino",numero de implantes insertados,2015-02-01,0,6,51,9,0,66
TARIJA,"anticoncepcion, prevencion de its y de cancer de cuello uterino",numero de implantes insertados,2015-02-01,0,0,1,2,0,3
TOLEDO,"anticoncepcion, prevencion de its y de cancer de cuello uterino",numero de implantes insertados,2015-02-01,0,0,2,0,0,2
TRINIDAD,"anticoncepcion, prevencion de its y de cancer de cuello uterino",numero de implantes insertados,2015-02-01,0,0,25,12,0,37
TURCO,"anticoncepcion, prevencion de its y de cancer de cuello uterino",numero de implantes insertados,2015-02-01,0,0,1,0,0,1
VIACHA,"anticoncepcion, prevencion de its y de cancer de cuello uterino",numero de implantes insertados,2015-02-01,0,0,0,1,0,1
VILLA CHARCAS,"anticoncepcion, prevencion de its y de cancer de cuello uterino",numero de implantes insertados,2015-02-01,0,0,2,6,0,8
VILLA NUEVA (LOMA ALTA),"anticoncepcion, prevencion de its y de cancer de cuello uterino",numero de implantes insertados,2015-02-01,0,0,1,0,0,1
VILLA SERRANO,"anticoncepcion, prevencion de its y de cancer de cuello uterino",numero de implantes insertados,2015-02-01,0,1,1,1,0,3
VILLA VACA GUZMAN (MUYUPAMPA),"anticoncepcion, prevencion de its y de cancer de cuello uterino",numero de implantes insertados,2015-02-01,0,1,10,2,0,13
YAPACANI,"anticoncepcion, prevencion de its y de cancer de cuello uterino",numero de implantes insertados,2015-02-01,0,1,2,0,0,3
ACHOCALLA,"anticoncepcion, prevencion de its y de cancer de cuello uterino",numero de implantes insertados,2015-03-01,0,0,7,2,0,9
AIQUILE,"anticoncepcion, prevencion de its y de cancer de cuello uterino",numero de implantes insertados,2015-03-01,0,0,1,0,0,1
AYOPAYA (V. DE INDEPENDENCIA),"anticoncepcion, prevencion de its y de cancer de cuello uterino",numero de implantes insertados,2015-03-01,0,1,5,2,0,8
AZURDUY,"anticoncepcion, prevencion de its y de cancer de cuello uterino",numero de implantes insertados,2015-03-01,0,1,2,6,0,9
BAURES,"anticoncepcion, prevencion de its y de cancer de cuello uterino",numero de implantes insertados,2015-03-01,0,0,2,0,0,2
BELLA FLOR,"anticoncepcion, prevencion de its y de cancer de cuello uterino",numero de implantes insertados,2015-03-01,0,0,6,1,0,7
CAMARGO,"anticoncepcion, prevencion de its y de cancer de cuello uterino",numero de implantes insertados,2015-03-01,0,1,1,0,0,2
CAPINOTA,"anticoncepcion, prevencion de its y de cancer de cuello uterino",numero de implantes insertados,2015-03-01,0,1,7,0,0,8
CHAYANTA,"anticoncepcion, prevencion de its y de cancer de cuello uterino",numero de implantes insertados,2015-03-01,0,0,3,2,0,5
COBIJA,"anticoncepcion, prevencion de its y de cancer de cuello uterino",numero de implantes insertados,2015-03-01,0,1,7,2,0,10
COCHABAMBA,"anticoncepcion, prevencion de its y de cancer de cuello uterino",numero de implantes insertados,2015-03-01,0,9,171,70,0,250
COLCAPIRHUA,"anticoncepcion, prevencion de its y de cancer de cuello uterino",numero de implantes insertados,2015-03-01,0,0,3,2,0,5
CORIPATA,"anticoncepcion, prevencion de its y de cancer de cuello uterino",numero de implantes insertados,2015-03-01,0,0,1,0,0,1
CULPINA,"anticoncepcion, prevencion de its y de cancer de cuello uterino",numero de implantes insertados,2015-03-01,0,3,20,2,0,25
CURVA,"anticoncepcion, prevencion de its y de cancer de cuello uterino",numero de implantes insertados,2015-03-01,0,0,1,0,0,1
EL ALTO,"anticoncepcion, prevencion de its y de cancer de cuello uterino",numero de implantes insertados,2015-03-01,0,32,222,48,0,302
EL TORNO,"anticoncepcion, prevencion de its y de cancer de cuello uterino",numero de implantes insertados,2015-03-01,4,13,18,0,0,35
FERNANDEZ ALONSO,"anticoncepcion, prevencion de its y de cancer de cuello uterino",numero de implantes insertados,2015-03-01,0,12,8,0,0,20
HUACARETA,"anticoncepcion, prevencion de its y de cancer de cuello uterino",numero de implantes insertados,2015-03-01,0,0,2,0,0,2
HUANUNI,"anticoncepcion, prevencion de its y de cancer de cuello uterino",numero de implantes insertados,2015-03-01,0,0,11,2,0,13
HUARACAJE,"anticoncepcion, prevencion de its y de cancer de cuello uterino",numero de implantes insertados,2015-03-01,0,0,1,0,0,1
ICLA,"anticoncepcion, prevencion de its y de cancer de cuello uterino",numero de implantes insertados,2015-03-01,0,1,2,1,0,4
INCAHUASI,"anticoncepcion, prevencion de its y de cancer de cuello uterino",numero de implantes insertados,2015-03-01,0,1,8,3,0,12
LA PAZ,"anticoncepcion, prevencion de its y de cancer de cuello uterino",numero de implantes insertados,2015-03-01,1,32,190,35,2,260
MACHACAMARCA,"anticoncepcion, prevencion de its y de cancer de cuello uterino",numero de implantes insertados,2015-03-01,0,0,1,0,0,1
MACHARETI,"anticoncepcion, prevencion de its y de cancer de cuello uterino",numero de implantes insertados,2015-03-01,0,1,5,0,0,6
MAGDALENA,"anticoncepcion, prevencion de its y de cancer de cuello uterino",numero de implantes insertados,2015-03-01,0,0,7,1,0,8
MONTEAGUDO,"anticoncepcion, prevencion de its y de cancer de cuello uterino",numero de implantes insertados,2015-03-01,0,1,8,2,0,11
ORURO,"anticoncepcion, prevencion de its y de cancer de cuello uterino",numero de implantes insertados,2015-03-01,0,11,52,8,0,71
PADILLA,"anticoncepcion, prevencion de its y de cancer de cuello uterino",numero de implantes insertados,2015-03-01,0,0,5,0,0,5
PAILON,"anticoncepcion, prevencion de its y de cancer de cuello uterino",numero de implantes insertados,2015-03-01,0,1,6,0,0,7
PAZÑA,"anticoncepcion, prevencion de its y de cancer de cuello uterino",numero de implantes insertados,2015-03-01,0,0,6,0,0,6
POTOSI,"anticoncepcion, prevencion de its y de cancer de cuello uterino",numero de implantes insertados,2015-03-01,0,15,108,14,0,137
PUERTO GONZALO MORENO,"anticoncepcion, prevencion de its y de cancer de cuello uterino",numero de implantes insertados,2015-03-01,0,3,19,1,0,23
PUERTO PEREZ,"anticoncepcion, prevencion de its y de cancer de cuello uterino",numero de implantes insertados,2015-03-01,0,0,1,0,0,1
PUERTO RICO,"anticoncepcion, prevencion de its y de cancer de cuello uterino",numero de implantes insertados,2015-03-01,0,2,2,0,0,4
PUERTO VILLARROEL,"anticoncepcion, prevencion de its y de cancer de cuello uterino",numero de implantes insertados,2015-03-01,0,0,1,0,0,1
QUILLACOLLO,"anticoncepcion, prevencion de its y de cancer de cuello uterino",numero de implantes insertados,2015-03-01,0,6,6,1,0,13
RIBERALTA,"anticoncepcion, prevencion de its y de cancer de cuello uterino",numero de implantes insertados,2015-03-01,0,1,17,5,0,23
SABAYA,"anticoncepcion, prevencion de its y de cancer de cuello uterino",numero de implantes insertados,2015-03-01,0,0,3,0,0,3
SACABA,"anticoncepcion, prevencion de its y de cancer de cuello uterino",numero de implantes insertados,2015-03-01,0,0,1,0,0,1
SALINAS DE GARCI MENDOZA,"anticoncepcion, prevencion de its y de cancer de cuello uterino",numero de implantes insertados,2015-03-01,0,0,4,6,0,10
SAN IGNACIO,"anticoncepcion, prevencion de its y de cancer de cuello uterino",numero de implantes insertados,2015-03-01,0,1,1,0,0,2
SAN LUCAS,"anticoncepcion, prevencion de its y de cancer de cuello uterino",numero de implantes insertados,2015-03-01,0,3,5,1,0,9
SANTA CRUZ DE LA SIERRA,"anticoncepcion, prevencion de its y de cancer de cuello uterino",numero de implantes insertados,2015-03-01,0,0,1,0,0,1
SANTIAGO DE HUARI,"anticoncepcion, prevencion de its y de cancer de cuello uterino",numero de implantes insertados,2015-03-01,0,3,5,0,0,8
SICA SICA (VILLA AROMA),"anticoncepcion, prevencion de its y de cancer de cuello uterino",numero de implantes insertados,2015-03-01,0,0,2,0,0,2
SORATA,"anticoncepcion, prevencion de its y de cancer de cuello uterino",numero de implantes insertados,2015-03-01,0,1,5,1,0,7
SUCRE,"anticoncepcion, prevencion de its y de cancer de cuello uterino",numero de implantes insertados,2015-03-01,0,8,74,5,0,87
TARIJA,"anticoncepcion, prevencion de its y de cancer de cuello uterino",numero de implantes insertados,2015-03-01,0,4,55,10,0,69
TOMINA,"anticoncepcion, prevencion de its y de cancer de cuello uterino",numero de implantes insertados,2015-03-01,0,1,1,3,0,5
TRINIDAD,"anticoncepcion, prevencion de its y de cancer de cuello uterino",numero de implantes insertados,2015-03-01,0,8,19,0,0,27
TURCO,"anticoncepcion, prevencion de its y de cancer de cuello uterino",numero de implantes insertados,2015-03-01,0,0,2,0,0,2
URIONDO (A. CONCEPCION),"anticoncepcion, prevencion de its y de cancer de cuello uterino",numero de implantes insertados,2015-03-01,0,3,11,0,0,14
VILLA CHARCAS,"anticoncepcion, prevencion de its y de cancer de cuello uterino",numero de implantes insertados,2015-03-01,0,1,2,2,0,5
VILLA NUEVA (LOMA ALTA),"anticoncepcion, prevencion de its y de cancer de cuello uterino",numero de implantes insertados,2015-03-01,0,0,1,0,0,1
VILLA SERRANO,"anticoncepcion, prevencion de its y de cancer de cuello uterino",numero de implantes insertados,2015-03-01,0,1,2,0,0,3
VILLA VACA GUZMAN (MUYUPAMPA),"anticoncepcion, prevencion de its y de cancer de cuello uterino",numero de implantes insertados,2015-03-01,0,0,7,1,0,8
YANACACHI,"anticoncepcion, prevencion de its y de cancer de cuello uterino",numero de implantes insertados,2015-03-01,0,1,10,1,0,12
YOTALA,"anticoncepcion, prevencion de its y de cancer de cuello uterino",numero de implantes insertados,2015-03-01,0,3,1,1,0,5
ACHOCALLA,"anticoncepcion, prevencion de its y de cancer de cuello uterino",numero de implantes insertados,2015-04-01,0,0,12,0,0,12
AIQUILE,"anticoncepcion, prevencion de its y de cancer de cuello uterino",numero de implantes insertados,2015-04-01,0,0,8,2,0,10
ALCALA,"anticoncepcion, prevencion de its y de cancer de cuello uterino",numero de implantes insertados,2015-04-01,0,0,1,0,0,1
ALTO BENI,"anticoncepcion, prevencion de its y de cancer de cuello uterino",numero de implantes insertados,2015-04-01,0,1,1,0,0,2
APOLO,"anticoncepcion, prevencion de its y de cancer de cuello uterino",numero de implantes insertados,2015-04-01,0,0,2,0,0,2
AYOPAYA (V. DE INDEPENDENCIA),"anticoncepcion, prevencion de its y de cancer de cuello uterino",numero de implantes insertados,2015-04-01,0,0,1,0,0,1
BAURES,"anticoncepcion, prevencion de its y de cancer de cuello uterino",numero de implantes insertados,2015-04-01,0,1,0,0,0,1
BETANZOS,"anticoncepcion, prevencion de its y de cancer de cuello uterino",numero de implantes insertados,2015-04-01,0,0,2,1,0,3
CAMARGO,"anticoncepcion, prevencion de its y de cancer de cuello uterino",numero de implantes insertados,2015-04-01,0,5,6,3,0,14
CAMATAQUI (C. VILLA ABECIA),"anticoncepcion, prevencion de its y de cancer de cuello uterino",numero de implantes insertados,2015-04-01,0,1,1,0,0,2
CAPINOTA,"anticoncepcion, prevencion de its y de cancer de cuello uterino",numero de implantes insertados,2015-04-01,0,1,5,1,0,7
CLIZA,"anticoncepcion, prevencion de its y de cancer de cuello uterino",numero de implantes insertados,2015-04-01,0,0,1,0,0,1
COBIJA,"anticoncepcion, prevencion de its y de cancer de cuello uterino",numero de implantes insertados,2015-04-01,0,13,16,0,0,29
COCHABAMBA,"anticoncepcion, prevencion de its y de cancer de cuello uterino",numero de implantes insertados,2015-04-01,0,13,147,0,0,160
COLCAPIRHUA,"anticoncepcion, prevencion de its y de cancer de cuello uterino",numero de implantes insertados,2015-04-01,0,0,1,0,0,1
COROICO,"anticoncepcion, prevencion de its y de cancer de cuello uterino",numero de implantes insertados,2015-04-01,0,6,9,1,0,16
CULPINA,"anticoncepcion, prevencion de its y de cancer de cuello uterino",numero de implantes insertados,2015-04-01,0,2,8,1,0,11
CURVA,"anticoncepcion, prevencion de its y de cancer de cuello uterino",numero de implantes insertados,2015-04-01,0,0,1,0,0,1
EL ALTO,"anticoncepcion, prevencion de its y de cancer de cuello uterino",numero de implantes insertados,2015-04-01,0,15,89,25,0,129
EL PUENTE(TJA),"anticoncepcion, prevencion de its y de cancer de cuello uterino",numero de implantes insertados,2015-04-01,0,0,5,1,0,6
EUREKA (SANTOS MERCADO),"anticoncepcion, prevencion de its y de cancer de cuello uterino",numero de implantes insertados,2015-04-01,0,1,3,0,0,4
HUANUNI,"anticoncepcion, prevencion de its y de cancer de cuello uterino",numero de implantes insertados,2015-04-01,0,2,17,2,0,21
ICLA,"anticoncepcion, prevencion de its y de cancer de cuello uterino",numero de implantes insertados,2015-04-01,0,0,2,1,0,3
INCAHUASI,"anticoncepcion, prevencion de its y de cancer de cuello uterino",numero de implantes insertados,2015-04-01,0,1,12,1,0,14
LA PAZ,"anticoncepcion, prevencion de its y de cancer de cuello uterino",numero de implantes insertados,2015-04-01,0,15,123,13,0,151
LLALLAGUA,"anticoncepcion, prevencion de its y de cancer de cuello uterino",numero de implantes insertados,2015-04-01,0,0,15,1,0,16
MACHARETI,"anticoncepcion, prevencion de its y de cancer de cuello uterino",numero de implantes insertados,2015-04-01,0,2,6,0,0,8
MAGDALENA,"anticoncepcion, prevencion de its y de cancer de cuello uterino",numero de implantes insertados,2015-04-01,0,2,15,0,0,17
MONTEAGUDO,"anticoncepcion, prevencion de its y de cancer de cuello uterino",numero de implantes insertados,2015-04-01,0,4,27,6,0,37
NUEVO MANOA (NUEVA ESPERANZA),"anticoncepcion, prevencion de its y de cancer de cuello uterino",numero de implantes insertados,2015-04-01,0,0,1,0,0,1
OCURI,"anticoncepcion, prevencion de its y de cancer de cuello uterino",numero de implantes insertados,2015-04-01,0,0,1,0,0,1
ORURO,"anticoncepcion, prevencion de its y de cancer de cuello uterino",numero de implantes insertados,2015-04-01,0,6,31,5,0,42
PADILLA,"anticoncepcion, prevencion de its y de cancer de cuello uterino",numero de implantes insertados,2015-04-01,0,1,8,0,0,9
PAILON,"anticoncepcion, prevencion de its y de cancer de cuello uterino",numero de implantes insertados,2015-04-01,2,1,3,0,0,6
POCOATA,"anticoncepcion, prevencion de its y de cancer de cuello uterino",numero de implantes insertados,2015-04-01,0,0,1,0,0,1
POTOSI,"anticoncepcion, prevencion de its y de cancer de cuello uterino",numero de implantes insertados,2015-04-01,0,6,62,3,0,71
PUERTO ACOSTA,"anticoncepcion, prevencion de its y de cancer de cuello uterino",numero de implantes insertados,2015-04-01,0,1,3,1,0,5
PUERTO GONZALO MORENO,"anticoncepcion, prevencion de its y de cancer de cuello uterino",numero de implantes insertados,2015-04-01,0,1,9,1,0,11
PUERTO QUIJARRO,"anticoncepcion, prevencion de its y de cancer de cuello uterino",numero de implantes insertados,2015-04-01,0,3,2,3,0,8
PUERTO RICO,"anticoncepcion, prevencion de its y de cancer de cuello uterino",numero de implantes insertados,2015-04-01,0,0,7,0,0,7
PUERTO VILLARROEL,"anticoncepcion, prevencion de its y de cancer de cuello uterino",numero de implantes insertados,2015-04-01,0,0,3,0,0,3
RIBERALTA,"anticoncepcion, prevencion de its y de cancer de cuello uterino",numero de implantes insertados,2015-04-01,0,1,22,0,0,23
SABAYA,"anticoncepcion, prevencion de its y de cancer de cuello uterino",numero de implantes insertados,2015-04-01,0,2,3,0,0,5
SACABA,"anticoncepcion, prevencion de its y de cancer de cuello uterino",numero de implantes insertados,2015-04-01,0,2,11,5,0,18
SALINAS DE GARCI MENDOZA,"anticoncepcion, prevencion de its y de cancer de cuello uterino",numero de implantes insertados,2015-04-01,0,0,2,0,0,2
SAN BUENA VENTURA,"anticoncepcion, prevencion de its y de cancer de cuello uterino",numero de implantes insertados,2015-04-01,0,2,5,1,0,8
SAN JUAN DE YAPACANI,"anticoncepcion, prevencion de its y de cancer de cuello uterino",numero de implantes insertados,2015-04-01,0,0,3,0,0,3
SAN LUCAS,"anticoncepcion, prevencion de its y de cancer de cuello uterino",numero de implantes insertados,2015-04-01,0,3,8,3,0,14
SAN RAMON SCZ,"anticoncepcion, prevencion de its y de cancer de cuello uterino",numero de implantes insertados,2015-04-01,0,0,1,0,0,1
SANTA CRUZ DE LA SIERRA,"anticoncepcion, prevencion de its y de cancer de cuello uterino",numero de implantes insertados,2015-04-01,0,0,87,61,0,148
SANTIAGO DE CALLAPA,"anticoncepcion, prevencion de its y de cancer de cuello uterino",numero de implantes insertados,2015-04-01,0,1,0,1,0,2
SANTIAGO DE HUARI,"anticoncepcion, prevencion de its y de cancer de cuello uterino",numero de implantes insertados,2015-04-01,0,0,4,0,0,4
SICA SICA (VILLA AROMA),"anticoncepcion, prevencion de its y de cancer de cuello uterino",numero de implantes insertados,2015-04-01,0,0,1,0,0,1
SORATA,"anticoncepcion, prevencion de its y de cancer de cuello uterino",numero de implantes insertados,2015-04-01,0,0,7,0,0,7
SUCRE,"anticoncepcion, prevencion de its y de cancer de cuello uterino",numero de implantes insertados,2015-04-01,0,22,127,28,0,177
TARIJA,"anticoncepcion, prevencion de its y de cancer de cuello uterino",numero de implantes insertados,2015-04-01,0,3,3,0,0,6
TIPUANI,"anticoncepcion, prevencion de its y de cancer de cuello uterino",numero de implantes insertados,2015-04-01,1,6,54,6,0,67
TOMINA,"anticoncepcion, prevencion de its y de cancer de cuello uterino",numero de implantes insertados,2015-04-01,0,2,1,1,0,4
TOTORA(ORR),"anticoncepcion, prevencion de its y de cancer de cuello uterino",numero de implantes insertados,2015-04-01,0,0,1,0,0,1
TRINIDAD,"anticoncepcion, prevencion de its y de cancer de cuello uterino",numero de implantes insertados,2015-04-01,0,34,52,0,0,86
TURCO,"anticoncepcion, prevencion de its y de cancer de cuello uterino",numero de implantes insertados,2015-04-01,0,0,1,0,0,1
URIONDO (A. CONCEPCION),"anticoncepcion, prevencion de its y de cancer de cuello uterino",numero de implantes insertados,2015-04-01,1,4,15,0,0,20
VILLA TUNARI,"anticoncepcion, prevencion de its y de cancer de cuello uterino",numero de implantes insertados,2015-04-01,2,0,28,34,0,64
VILLA VACA GUZMAN (MUYUPAMPA),"anticoncepcion, prevencion de its y de cancer de cuello uterino",numero de implantes insertados,2015-04-01,0,2,8,0,0,10
VINTO,"anticoncepcion, prevencion de its y de cancer de cuello uterino",numero de implantes insertados,2015-04-01,0,0,4,0,0,4
YANACACHI,"anticoncepcion, prevencion de its y de cancer de cuello uterino",numero de implantes insertados,2015-04-01,0,1,3,2,0,6
YAPACANI,"anticoncepcion, prevencion de its y de cancer de cuello uterino",numero de implantes insertados,2015-04-01,0,0,3,1,0,4
ACHOCALLA,"anticoncepcion, prevencion de its y de cancer de cuello uterino",numero de implantes insertados,2015-05-01,0,0,6,2,0,8
AIQUILE,"anticoncepcion, prevencion de its y de cancer de cuello uterino",numero de implantes insertados,2015-05-01,0,1,0,0,0,1
ALCALA,"anticoncepcion, prevencion de its y de cancer de cuello uterino",numero de implantes insertados,2015-05-01,0,0,2,0,0,2
ALTO BENI,"anticoncepcion, prevencion de its y de cancer de cuello uterino",numero de implantes insertados,2015-05-01,0,1,4,0,0,5
APOLO,"anticoncepcion, prevencion de its y de cancer de cuello uterino",numero de implantes insertados,2015-05-01,0,1,2,0,0,3
AYOPAYA (V. DE INDEPENDENCIA),"anticoncepcion, prevencion de its y de cancer de cuello uterino",numero de implantes insertados,2015-05-01,0,1,8,3,0,12
BAURES,"anticoncepcion, prevencion de its y de cancer de cuello uterino",numero de implantes insertados,2015-05-01,0,1,1,0,0,2
BELLA FLOR,"anticoncepcion, prevencion de its y de cancer de cuello uterino",numero de implantes insertados,2015-05-01,0,0,2,0,0,2
BETANZOS,"anticoncepcion, prevencion de its y de cancer de cuello uterino",numero de implantes insertados,2015-05-01,0,1,4,0,0,5
CAMARGO,"anticoncepcion, prevencion de its y de cancer de cuello uterino",numero de implantes insertados,2015-05-01,0,0,2,1,0,3
CAMATAQUI (C. VILLA ABECIA),"anticoncepcion, prevencion de its y de cancer de cuello uterino",numero de implantes insertados,2015-05-01,0,0,3,3,0,6
CAPINOTA,"anticoncepcion, prevencion de its y de cancer de cuello uterino",numero de implantes insertados,2015-05-01,0,1,3,2,0,6
CHULUMANI (V. DE LA LIBERTAD),"anticoncepcion, prevencion de its y de cancer de cuello uterino",numero de implantes insertados,2015-05-01,0,0,1,0,0,1
COBIJA,"anticoncepcion, prevencion de its y de cancer de cuello uterino",numero de implantes insertados,2015-05-01,0,6,12,2,0,20
COCHABAMBA,"anticoncepcion, prevencion de its y de cancer de cuello uterino",numero de implantes insertados,2015-05-01,0,4,131,10,0,145
COLOMI,"anticoncepcion, prevencion de its y de cancer de cuello uterino",numero de implantes insertados,2015-05-01,0,0,2,1,0,3
CONCEPCION,"anticoncepcion, prevencion de its y de cancer de cuello uterino",numero de implantes insertados,2015-05-01,1,7,18,1,0,27
CULPINA,"anticoncepcion, prevencion de its y de cancer de cuello uterino",numero de implantes insertados,2015-05-01,0,4,13,5,0,22
EL ALTO,"anticoncepcion, prevencion de its y de cancer de cuello uterino",numero de implantes insertados,2015-05-01,0,15,165,39,0,219
EL TORNO,"anticoncepcion, prevencion de its y de cancer de cuello uterino",numero de implantes insertados,2015-05-01,0,3,10,3,0,16
EUREKA (SANTOS MERCADO),"anticoncepcion, prevencion de its y de cancer de cuello uterino",numero de implantes insertados,2015-05-01,0,0,1,0,0,1
HUANUNI,"anticoncepcion, prevencion de its y de cancer de cuello uterino",numero de implantes insertados,2015-05-01,0,0,10,1,0,11
ICLA,"anticoncepcion, prevencion de its y de cancer de cuello uterino",numero de implantes insertados,2015-05-01,0,0,1,1,0,2
INCAHUASI,"anticoncepcion, prevencion de its y de cancer de cuello uterino",numero de implantes insertados,2015-05-01,0,0,11,2,0,13
LA PAZ,"anticoncepcion, prevencion de its y de cancer de cuello uterino",numero de implantes insertados,2015-05-01,0,22,131,26,0,179
LICOMA PAMPA,"anticoncepcion, prevencion de its y de cancer de cuello uterino",numero de implantes insertados,2015-05-01,0,0,1,0,0,1
LLALLAGUA,"anticoncepcion, prevencion de its y de cancer de cuello uterino",numero de implantes insertados,2015-05-01,0,1,7,0,0,8
MACHACAMARCA,"anticoncepcion, prevencion de its y de cancer de cuello uterino",numero de implantes insertados,2015-05-01,0,0,1,0,0,1
MACHARETI,"anticoncepcion, prevencion de its y de cancer de cuello uterino",numero de implantes insertados,2015-05-01,0,0,2,1,0,3
MECAPACA,"anticoncepcion, prevencion de its y de cancer de cuello uterino",numero de implantes insertados,2015-05-01,0,1,12,2,0,15
MINEROS,"anticoncepcion, prevencion de its y de cancer de cuello uterino",numero de implantes insertados,2015-05-01,0,0,1,0,0,1
MOJINETE,"anticoncepcion, prevencion de its y de cancer de cuello uterino",numero de implantes insertados,2015-05-01,0,0,0,2,0,2
MOJOCOYA,"anticoncepcion, prevencion de its y de cancer de cuello uterino",numero de implantes insertados,2015-05-01,0,1,0,0,0,1
MONTEAGUDO,"anticoncepcion, prevencion de its y de cancer de cuello uterino",numero de implantes insertados,2015-05-01,0,1,4,0,0,5
NUEVO MANOA (NUEVA ESPERANZA),"anticoncepcion, prevencion de its y de cancer de cuello uterino",numero de implantes insertados,2015-05-01,0,0,1,0,0,1
OCURI,"anticoncepcion, prevencion de its y de cancer de cuello uterino",numero de implantes insertados,2015-05-01,0,0,2,0,0,2
ORURO,"anticoncepcion, prevencion de its y de cancer de cuello uterino",numero de implantes insertados,2015-05-01,0,9,24,3,0,36
PADILLA,"anticoncepcion, prevencion de its y de cancer de cuello uterino",numero de implantes insertados,2015-05-01,0,0,4,0,0,4
PAILON,"anticoncepcion, prevencion de its y de cancer de cuello uterino",numero de implantes insertados,2015-05-01,0,1,3,0,0,4
PALCA,"anticoncepcion, prevencion de its y de cancer de cuello uterino",numero de implantes insertados,2015-05-01,0,4,9,1,0,14
PAZÑA,"anticoncepcion, prevencion de its y de cancer de cuello uterino",numero de implantes insertados,2015-05-01,0,0,3,1,0,4
PORVENIR,"anticoncepcion, prevencion de its y de cancer de cuello uterino",numero de implantes insertados,2015-05-01,0,0,2,0,0,2
POTOSI,"anticoncepcion, prevencion de its y de cancer de cuello uterino",numero de implantes insertados,2015-05-01,1,5,71,9,0,86
PRESTO,"anticoncepcion, prevencion de its y de cancer de cuello uterino",numero de implantes insertados,2015-05-01,0,0,5,0,0,5
PUERTO GONZALO MORENO,"anticoncepcion, prevencion de its y de cancer de cuello uterino",numero de implantes insertados,2015-05-01,1,3,6,1,0,11
PUERTO RICO,"anticoncepcion, prevencion de its y de cancer de cuello uterino",numero de implantes insertados,2015-05-01,0,1,2,0,0,3
QUILLACOLLO,"anticoncepcion, prevencion de its y de cancer de cuello uterino",numero de implantes insertados,2015-05-01,0,2,1,2,0,5
RIBERALTA,"anticoncepcion, prevencion de its y de cancer de cuello uterino",numero de implantes insertados,2015-05-01,1,7,58,1,0,67
ROBORE,"anticoncepcion, prevencion de its y de cancer de cuello uterino",numero de implantes insertados,2015-05-01,0,0,1,0,0,1
SABAYA,"anticoncepcion, prevencion de its y de cancer de cuello uterino",numero de implantes insertados,2015-05-01,0,1,1,0,0,2
SAN BUENA VENTURA,"anticoncepcion, prevencion de its y de cancer de cuello uterino",numero de implantes insertados,2015-05-01,0,11,65,8,0,84
SAN IGNACIO,"anticoncepcion, prevencion de its y de cancer de cuello uterino",numero de implantes insertados,2015-05-01,0,0,1,0,0,1
SAN LORENZO(PND),"anticoncepcion, prevencion de its y de cancer de cuello uterino",numero de implantes insertados,2015-05-01,0,1,2,0,0,3
SAN LORENZO(TJA),"anticoncepcion, prevencion de its y de cancer de cuello uterino",numero de implantes insertados,2015-05-01,0,1,0,0,0,1
SAN LUCAS,"anticoncepcion, prevencion de its y de cancer de cuello uterino",numero de implantes insertados,2015-05-01,0,1,1,0,0,2
SANTA CRUZ DE LA SIERRA,"anticoncepcion, prevencion de its y de cancer de cuello uterino",numero de implantes insertados,2015-05-01,0,16,168,78,0,262
SANTIAGO DE HUARI,"anticoncepcion, prevencion de its y de cancer de cuello uterino",numero de implantes insertados,2015-05-01,0,0,4,1,0,5
SENA,"anticoncepcion, prevencion de its y de cancer de cuello uterino",numero de implantes insertados,2015-05-01,0,1,0,0,0,1
SICA SICA (VILLA AROMA),"anticoncepcion, prevencion de its y de cancer de cuello uterino",numero de implantes insertados,2015-05-01,0,0,5,0,0,5
SIPE SIPE,"anticoncepcion, prevencion de its y de cancer de cuello uterino",numero de implantes insertados,2015-05-01,0,0,4,0,0,4
SORATA,"anticoncepcion, prevencion de its y de cancer de cuello uterino",numero de implantes insertados,2015-05-01,0,1,4,2,0,7
SUCRE,"anticoncepcion, prevencion de its y de cancer de cuello uterino",numero de implantes insertados,2015-05-01,1,27,179,28,0,235
TARVITA,"anticoncepcion, prevencion de its y de cancer de cuello uterino",numero de implantes insertados,2015-05-01,0,0,0,2,0,2
TIPUANI,"anticoncepcion, prevencion de its y de cancer de cuello uterino",numero de implantes insertados,2015-05-01,0,2,22,0,0,24
TIQUIPAYA,"anticoncepcion, prevencion de its y de cancer de cuello uterino",numero de implantes insertados,2015-05-01,0,0,1,0,0,1
TOLEDO,"anticoncepcion, prevencion de its y de cancer de cuello uterino",numero de implantes insertados,2015-05-01,0,0,1,0,0,1
TOTORA(ORR),"anticoncepcion, prevencion de its y de cancer de cuello uterino",numero de implantes insertados,2015-05-01,0,0,1,1,0,2
TRINIDAD,"anticoncepcion, prevencion de its y de cancer de cuello uterino",numero de implantes insertados,2015-05-01,0,2,86,0,0,88
TUPIZA,"anticoncepcion, prevencion de its y de cancer de cuello uterino",numero de implantes insertados,2015-05-01,0,5,37,5,0,47
TURCO,"anticoncepcion, prevencion de its y de cancer de cuello uterino",numero de implantes insertados,2015-05-01,0,1,0,0,0,1
URIONDO (A. CONCEPCION),"anticoncepcion, prevencion de its y de cancer de cuello uterino",numero de implantes insertados,2015-05-01,0,2,6,2,0,10
VILLA SERRANO,"anticoncepcion, prevencion de its y de cancer de cuello uterino",numero de implantes insertados,2015-05-01,0,0,1,1,0,2
VILLA VACA GUZMAN (MUYUPAMPA),"anticoncepcion, prevencion de its y de cancer de cuello uterino",numero de implantes insertados,2015-05-01,0,0,4,3,0,7
WARNES,"anticoncepcion, prevencion de its y de cancer de cuello uterino",numero de implantes insertados,2015-05-01,0,0,15,3,0,18
YAPACANI,"anticoncepcion, prevencion de its y de cancer de cuello uterino",numero de implantes insertados,2015-05-01,0,0,7,2,0,9
ZUDAÑEZ,"anticoncepcion, prevencion de its y de cancer de cuello uterino",numero de implantes insertados,2015-05-01,0,1,9,1,0,11
ACHOCALLA,"anticoncepcion, prevencion de its y de cancer de cuello uterino",numero de implantes insertados,2015-06-01,0,0,12,0,0,12
AIQUILE,"anticoncepcion, prevencion de its y de cancer de cuello uterino",numero de implantes insertados,2015-06-01,0,1,2,0,0,3
ALCALA,"anticoncepcion, prevencion de its y de cancer de cuello uterino",numero de implantes insertados,2015-06-01,0,0,2,0,0,2
ALTO BENI,"anticoncepcion, prevencion de its y de cancer de cuello uterino",numero de implantes insertados,2015-06-01,0,1,3,0,0,4
ATOCHA,"anticoncepcion, prevencion de its y de cancer de cuello uterino",numero de implantes insertados,2015-06-01,0,0,9,0,0,9
AYATA,"anticoncepcion, prevencion de its y de cancer de cuello uterino",numero de implantes insertados,2015-06-01,0,0,1,0,0,1
AYOPAYA (V. DE INDEPENDENCIA),"anticoncepcion, prevencion de its y de cancer de cuello uterino",numero de implantes insertados,2015-06-01,0,2,13,3,0,18
AZURDUY,"anticoncepcion, prevencion de its y de cancer de cuello uterino",numero de implantes insertados,2015-06-01,0,2,2,0,0,4
BELLA FLOR,"anticoncepcion, prevencion de its y de cancer de cuello uterino",numero de implantes insertados,2015-06-01,0,1,0,1,0,2
BETANZOS,"anticoncepcion, prevencion de its y de cancer de cuello uterino",numero de implantes insertados,2015-06-01,0,1,1,0,0,2
CAJUATA,"anticoncepcion, prevencion de its y de cancer de cuello uterino",numero de implantes insertados,2015-06-01,0,1,12,2,0,15
CAMARGO,"anticoncepcion, prevencion de its y de cancer de cuello uterino",numero de implantes insertados,2015-06-01,0,0,2,1,0,3
CAPINOTA,"anticoncepcion, prevencion de its y de cancer de cuello uterino",numero de implantes insertados,2015-06-01,0,3,3,2,0,8
CARACOLLO,"anticoncepcion, prevencion de its y de cancer de cuello uterino",numero de implantes insertados,2015-06-01,0,0,5,1,0,6
CHAYANTA,"anticoncepcion, prevencion de its y de cancer de cuello uterino",numero de implantes insertados,2015-06-01,0,4,7,3,0,14
CLIZA,"anticoncepcion, prevencion de its y de cancer de cuello uterino",numero de implantes insertados,2015-06-01,0,0,1,0,0,1
COBIJA,"anticoncepcion, prevencion de its y de cancer de cuello uterino",numero de implantes insertados,2015-06-01,0,6,22,0,0,28
COCHABAMBA,"anticoncepcion, prevencion de its y de cancer de cuello uterino",numero de implantes insertados,2015-06-01,0,21,215,13,0,249
COLOMI,"anticoncepcion, prevencion de its y de cancer de cuello uterino",numero de implantes insertados,2015-06-01,0,0,5,0,0,5
CULPINA,"anticoncepcion, prevencion de its y de cancer de cuello uterino",numero de implantes insertados,2015-06-01,0,0,6,2,0,8
CURVA,"anticoncepcion, prevencion de its y de cancer de cuello uterino",numero de implantes insertados,2015-06-01,0,0,4,1,0,5
EL ALTO,"anticoncepcion, prevencion de its y de cancer de cuello uterino",numero de implantes insertados,2015-06-01,0,21,212,71,0,304
EL TORNO,"anticoncepcion, prevencion de its y de cancer de cuello uterino",numero de implantes insertados,2015-06-01,0,3,16,1,0,20
ESMERALDA,"anticoncepcion, prevencion de its y de cancer de cuello uterino",numero de implantes insertados,2015-06-01,0,1,0,0,0,1
HUANUNI,"anticoncepcion, prevencion de its y de cancer de cuello uterino",numero de implantes insertados,2015-06-01,0,1,13,3,0,17
ICLA,"anticoncepcion, prevencion de its y de cancer de cuello uterino",numero de implantes insertados,2015-06-01,0,0,3,2,0,5
INCAHUASI,"anticoncepcion, prevencion de its y de cancer de cuello uterino",numero de implantes insertados,2015-06-01,0,4,18,1,0,23
INGAVI (HUMAITA),"anticoncepcion, prevencion de its y de cancer de cuello uterino",numero de implantes insertados,2015-06-01,0,0,1,0,0,1
LA PAZ,"anticoncepcion, prevencion de its y de cancer de cuello uterino",numero de implantes insertados,2015-06-01,0,26,180,29,0,235
LLALLAGUA,"anticoncepcion, prevencion de its y de cancer de cuello uterino",numero de implantes insertados,2015-06-01,0,1,7,0,0,8
MECAPACA,"anticoncepcion, prevencion de its y de cancer de cuello uterino",numero de implantes insertados,2015-06-01,0,0,2,0,0,2
MIZQUE,"anticoncepcion, prevencion de its y de cancer de cuello uterino",numero de implantes insertados,2015-06-01,0,3,5,1,0,9
MOJINETE,"anticoncepcion, prevencion de its y de cancer de cuello uterino",numero de implantes insertados,2015-06-01,0,0,3,0,0,3
MOJOCOYA,"anticoncepcion, prevencion de its y de cancer de cuello uterino",numero de implantes insertados,2015-06-01,0,1,6,0,0,7
MONTEAGUDO,"anticoncepcion, prevencion de its y de cancer de cuello uterino",numero de implantes insertados,2015-06-01,0,4,15,1,0,20
NUEVO MANOA (NUEVA ESPERANZA),"anticoncepcion, prevencion de its y de cancer de cuello uterino",numero de implantes insertados,2015-06-01,0,0,1,0,0,1
OCURI,"anticoncepcion, prevencion de its y de cancer de cuello uterino",numero de implantes insertados,2015-06-01,0,0,5,0,0,5
ORURO,"anticoncepcion, prevencion de its y de cancer de cuello uterino",numero de implantes insertados,2015-06-01,0,8,63,11,0,82
PADILLA,"anticoncepcion, prevencion de its y de cancer de cuello uterino",numero de implantes insertados,2015-06-01,0,0,1,0,0,1
PAILON,"anticoncepcion, prevencion de its y de cancer de cuello uterino",numero de implantes insertados,2015-06-01,2,5,6,1,0,14
PALCA,"anticoncepcion, prevencion de its y de cancer de cuello uterino",numero de implantes insertados,2015-06-01,0,4,12,1,0,17
PATACAMAYA,"anticoncepcion, prevencion de its y de cancer de cuello uterino",numero de implantes insertados,2015-06-01,0,0,1,0,0,1
PAZÑA,"anticoncepcion, prevencion de its y de cancer de cuello uterino",numero de implantes insertados,2015-06-01,0,1,6,1,0,8
PORVENIR,"anticoncepcion, prevencion de its y de cancer de cuello uterino",numero de implantes insertados,2015-06-01,0,5,1,0,0,6
POTOSI,"anticoncepcion, prevencion de its y de cancer de cuello uterino",numero de implantes insertados,2015-06-01,0,5,100,4,0,109
PRESTO,"anticoncepcion, prevencion de its y de cancer de cuello uterino",numero de implantes insertados,2015-06-01,0,1,4,0,0,5
PUCARANI,"anticoncepcion, prevencion de its y de cancer de cuello uterino",numero de implantes insertados,2015-06-01,0,0,1,1,0,2
PUERTO ACOSTA,"anticoncepcion, prevencion de its y de cancer de cuello uterino",numero de implantes insertados,2015-06-01,0,0,2,0,0,2
PUERTO GONZALO MORENO,"anticoncepcion, prevencion de its y de cancer de cuello uterino",numero de implantes insertados,2015-06-01,0,1,13,1,0,15
PUERTO RICO,"anticoncepcion, prevencion de its y de cancer de cuello uterino",numero de implantes insertados,2015-06-01,0,0,4,0,0,4
PUERTO VILLARROEL,"anticoncepcion, prevencion de its y de cancer de cuello uterino",numero de implantes insertados,2015-06-01,0,0,1,0,0,1
PUNA,"anticoncepcion, prevencion de its y de cancer de cuello uterino",numero de implantes insertados,2015-06-01,0,0,7,4,0,11
QUILLACOLLO,"anticoncepcion, prevencion de its y de cancer de cuello uterino",numero de implantes insertados,2015-06-01,0,24,51,48,0,123
RIBERALTA,"anticoncepcion, prevencion de its y de cancer de cuello uterino",numero de implantes insertados,2015-06-01,1,22,94,6,0,123
SABAYA,"anticoncepcion, prevencion de its y de cancer de cuello uterino",numero de implantes insertados,2015-06-01,0,0,1,0,0,1
SACACA,"anticoncepcion, prevencion de its y de cancer de cuello uterino",numero de implantes insertados,2015-06-01,0,0,11,0,0,11
SALINAS DE GARCI MENDOZA,"anticoncepcion, prevencion de its y de cancer de cuello uterino",numero de implantes insertados,2015-06-01,0,6,14,2,0,22
SAN BUENA VENTURA,"anticoncepcion, prevencion de its y de cancer de cuello uterino",numero de implantes insertados,2015-06-01,0,0,12,1,0,13
SAN LUCAS,"anticoncepcion, prevencion de its y de cancer de cuello uterino",numero de implantes insertados,2015-06-01,0,6,6,1,0,13
SAN PEDRO DE BUENA VISTA,"anticoncepcion, prevencion de its y de cancer de cuello uterino",numero de implantes insertados,2015-06-01,0,0,2,0,0,2
SANTA CRUZ DE LA SIERRA,"anticoncepcion, prevencion de its y de cancer de cuello uterino",numero de implantes insertados,2015-06-01,0,23,116,99,0,238
SANTIAGO DE HUARI,"anticoncepcion, prevencion de its y de cancer de cuello uterino",numero de implantes insertados,2015-06-01,0,1,3,1,0,5
SENA,"anticoncepcion, prevencion de its y de cancer de cuello uterino",numero de implantes insertados,2015-06-01,0,3,4,4,0,11
SHINAOTA,"anticoncepcion, prevencion de its y de cancer de cuello uterino",numero de implantes insertados,2015-06-01,0,1,0,0,0,1
SICA SICA (VILLA AROMA),"anticoncepcion, prevencion de its y de cancer de cuello uterino",numero de implantes insertados,2015-06-01,0,1,1,0,0,2
SIPE SIPE,"anticoncepcion, prevencion de its y de cancer de cuello uterino",numero de implantes insertados,2015-06-01,0,0,9,1,0,10
SOPACHUY,"anticoncepcion, prevencion de its y de cancer de cuello uterino",numero de implantes insertados,2015-06-01,0,1,2,0,0,3
SORATA,"anticoncepcion, prevencion de its y de cancer de cuello uterino",numero de implantes insertados,2015-06-01,0,1,9,5,0,15
SUCRE,"anticoncepcion, prevencion de its y de cancer de cuello uterino",numero de implantes insertados,2015-06-01,1,23,136,14,0,174
TARABUCO,"anticoncepcion, prevencion de its y de cancer de cuello uterino",numero de implantes insertados,2015-06-01,1,0,3,1,0,5
TARIJA,"anticoncepcion, prevencion de its y de cancer de cuello uterino",numero de implantes insertados,2015-06-01,0,2,80,32,6,120
TIPUANI,"anticoncepcion, prevencion de its y de cancer de cuello uterino",numero de implantes insertados,2015-06-01,0,3,9,4,0,16
TOLEDO,"anticoncepcion, prevencion de its y de cancer de cuello uterino",numero de implantes insertados,2015-06-01,0,0,2,0,0,2
TRINIDAD,"anticoncepcion, prevencion de its y de cancer de cuello uterino",numero de implantes insertados,2015-06-01,0,10,32,0,0,42
TUPIZA,"anticoncepcion, prevencion de its y de cancer de cuello uterino",numero de implantes insertados,2015-06-01,0,2,20,2,0,24
TURCO,"anticoncepcion, prevencion de its y de cancer de cuello uterino",numero de implantes insertados,2015-06-01,0,0,3,0,0,3
URIONDO (A. CONCEPCION),"anticoncepcion, prevencion de its y de cancer de cuello uterino",numero de implantes insertados,2015-06-01,0,3,9,2,0,14
VILLA NUEVA (LOMA ALTA),"anticoncepcion, prevencion de its y de cancer de cuello uterino",numero de implantes insertados,2015-06-01,0,0,1,0,0,1
VILLA SERRANO,"anticoncepcion, prevencion de its y de cancer de cuello uterino",numero de implantes insertados,2015-06-01,0,1,3,1,0,5
VILLA TUNARI,"anticoncepcion, prevencion de its y de cancer de cuello uterino",numero de implantes insertados,2015-06-01,0,3,4,0,0,7
VILLA VACA GUZMAN (MUYUPAMPA),"anticoncepcion, prevencion de its y de cancer de cuello uterino",numero de implantes insertados,2015-06-01,0,0,1,0,0,1
VINTO,"anticoncepcion, prevencion de its y de cancer de cuello uterino",numero de implantes insertados,2015-06-01,1,0,1,2,0,4
WARNES,"anticoncepcion, prevencion de its y de cancer de cuello uterino",numero de implantes insertados,2015-06-01,0,3,9,3,0,15
YAMPARAEZ,"anticoncepcion, prevencion de its y de cancer de cuello uterino",numero de implantes insertados,2015-06-01,0,0,3,0,0,3
YANACACHI,"anticoncepcion, prevencion de its y de cancer de cuello uterino",numero de implantes insertados,2015-06-01,0,0,2,0,0,2
YAPACANI,"anticoncepcion, prevencion de its y de cancer de cuello uterino",numero de implantes insertados,2015-06-01,0,1,0,0,0,1
YOTALA,"anticoncepcion, prevencion de its y de cancer de cuello uterino",numero de implantes insertados,2015-06-01,0,0,3,0,0,3
ACHACACHI,"anticoncepcion, prevencion de its y de cancer de cuello uterino",numero de implantes insertados,2015-07-01,0,0,1,0,0,1
ACHOCALLA,"anticoncepcion, prevencion de its y de cancer de cuello uterino",numero de implantes insertados,2015-07-01,0,2,14,3,0,19
ALTO BENI,"anticoncepcion, prevencion de its y de cancer de cuello uterino",numero de implantes insertados,2015-07-01,0,1,4,0,0,5
APOLO,"anticoncepcion, prevencion de its y de cancer de cuello uterino",numero de implantes insertados,2015-07-01,0,1,5,1,0,7
AYOPAYA (V. DE INDEPENDENCIA),"anticoncepcion, prevencion de its y de cancer de cuello uterino",numero de implantes insertados,2015-07-01,0,1,2,0,0,3
BAURES,"anticoncepcion, prevencion de its y de cancer de cuello uterino",numero de implantes insertados,2015-07-01,0,0,7,0,0,7
BELLA FLOR,"anticoncepcion, prevencion de its y de cancer de cuello uterino",numero de implantes insertados,2015-07-01,0,1,0,0,0,1
BUENA VISTA,"anticoncepcion, prevencion de its y de cancer de cuello uterino",numero de implantes insertados,2015-07-01,0,2,5,0,0,7
CABEZAS,"anticoncepcion, prevencion de its y de cancer de cuello uterino",numero de implantes insertados,2015-07-01,0,1,1,0,0,2
"CAIZA ""D""","anticoncepcion, prevencion de its y de cancer de cuello uterino",numero de implantes insertados,2015-07-01,0,0,4,1,0,5
CAMARGO,"anticoncepcion, prevencion de its y de cancer de cuello uterino",numero de implantes insertados,2015-07-01,0,1,7,2,0,10
CAPINOTA,"anticoncepcion, prevencion de its y de cancer de cuello uterino",numero de implantes insertados,2015-07-01,0,5,9,0,0,14
CARACOLLO,"anticoncepcion, prevencion de its y de cancer de cuello uterino",numero de implantes insertados,2015-07-01,0,0,4,1,0,5
CKOCHAS,"anticoncepcion, prevencion de its y de cancer de cuello uterino",numero de implantes insertados,2015-07-01,0,1,0,1,0,2
COBIJA,"anticoncepcion, prevencion de its y de cancer de cuello uterino",numero de implantes insertados,2015-07-01,0,8,33,4,0,45
COCHABAMBA,"anticoncepcion, prevencion de its y de cancer de cuello uterino",numero de implantes insertados,2015-07-01,0,22,145,8,0,175
COLOMI,"anticoncepcion, prevencion de its y de cancer de cuello uterino",numero de implantes insertados,2015-07-01,0,1,3,0,0,4
COMANCHE,"anticoncepcion, prevencion de its y de cancer de cuello uterino",numero de implantes insertados,2015-07-01,0,0,1,0,0,1
CORO CORO,"anticoncepcion, prevencion de its y de cancer de cuello uterino",numero de implantes insertados,2015-07-01,0,0,1,0,0,1
CULPINA,"anticoncepcion, prevencion de its y de cancer de cuello uterino",numero de implantes insertados,2015-07-01,0,2,6,3,0,11
CURVA,"anticoncepcion, prevencion de its y de cancer de cuello uterino",numero de implantes insertados,2015-07-01,0,0,1,0,0,1
EL ALTO,"anticoncepcion, prevencion de its y de cancer de cuello uterino",numero de implantes insertados,2015-07-01,0,28,162,57,0,247
EL CHORO,"anticoncepcion, prevencion de its y de cancer de cuello uterino",numero de implantes insertados,2015-07-01,0,0,2,0,0,2
EL PUENTE(STC),"anticoncepcion, prevencion de its y de cancer de cuello uterino",numero de implantes insertados,2015-07-01,0,0,1,0,0,1
GUAYARAMERIN,"anticoncepcion, prevencion de its y de cancer de cuello uterino",numero de implantes insertados,2015-07-01,0,1,1,0,0,2
HUANUNI,"anticoncepcion, prevencion de its y de cancer de cuello uterino",numero de implantes insertados,2015-07-01,0,12,121,15,0,148
HUATAJATA,"anticoncepcion, prevencion de its y de cancer de cuello uterino",numero de implantes insertados,2015-07-01,0,0,1,0,0,1
ICLA,"anticoncepcion, prevencion de its y de cancer de cuello uterino",numero de implantes insertados,2015-07-01,0,1,1,6,0,8
INCAHUASI,"anticoncepcion, prevencion de its y de cancer de cuello uterino",numero de implantes insertados,2015-07-01,0,1,30,2,0,33
INGAVI (HUMAITA),"anticoncepcion, prevencion de its y de cancer de cuello uterino",numero de implantes insertados,2015-07-01,0,0,3,0,0,3
LA PAZ,"anticoncepcion, prevencion de its y de cancer de cuello uterino",numero de implantes insertados,2015-07-01,0,18,98,15,0,131
LAS CARRERAS,"anticoncepcion, prevencion de its y de cancer de cuello uterino",numero de implantes insertados,2015-07-01,0,0,1,1,0,2
LLALLAGUA,"anticoncepcion, prevencion de its y de cancer de cuello uterino",numero de implantes insertados,2015-07-01,0,1,15,0,0,16
MACHACAMARCA,"anticoncepcion, prevencion de its y de cancer de cuello uterino",numero de implantes insertados,2015-07-01,0,2,5,0,0,7
MACHARETI,"anticoncepcion, prevencion de its y de cancer de cuello uterino",numero de implantes insertados,2015-07-01,0,1,1,0,0,2
MAGDALENA,"anticoncepcion, prevencion de its y de cancer de cuello uterino",numero de implantes insertados,2015-07-01,0,2,6,0,0,8
MAPIRI,"anticoncepcion, prevencion de its y de cancer de cuello uterino",numero de implantes insertados,2015-07-01,0,0,3,0,0,3
MECAPACA,"anticoncepcion, prevencion de its y de cancer de cuello uterino",numero de implantes insertados,2015-07-01,0,0,0,1,1,2
MIZQUE,"anticoncepcion, prevencion de its y de cancer de cuello uterino",numero de implantes insertados,2015-07-01,0,1,11,2,0,14
MOJOCOYA,"anticoncepcion, prevencion de its y de cancer de cuello uterino",numero de implantes insertados,2015-07-01,0,0,0,1,0,1
MONTEAGUDO,"anticoncepcion, prevencion de its y de cancer de cuello uterino",numero de implantes insertados,2015-07-01,0,6,19,6,0,31
MOROCHATA,"anticoncepcion, prevencion de its y de cancer de cuello uterino",numero de implantes insertados,2015-07-01,0,0,3,0,0,3
OCURI,"anticoncepcion, prevencion de its y de cancer de cuello uterino",numero de implantes insertados,2015-07-01,0,0,1,1,0,2
ORURO,"anticoncepcion, prevencion de its y de cancer de cuello uterino",numero de implantes insertados,2015-07-01,0,10,55,13,0,78
PALCA,"anticoncepcion, prevencion de its y de cancer de cuello uterino",numero de implantes insertados,2015-07-01,0,1,2,1,0,4
PAZÑA,"anticoncepcion, prevencion de its y de cancer de cuello uterino",numero de implantes insertados,2015-07-01,0,0,0,1,0,1
POTOSI,"anticoncepcion, prevencion de its y de cancer de cuello uterino",numero de implantes insertados,2015-07-01,0,0,19,1,0,20
PRESTO,"anticoncepcion, prevencion de its y de cancer de cuello uterino",numero de implantes insertados,2015-07-01,0,3,11,0,0,14
PUCARANI,"anticoncepcion, prevencion de its y de cancer de cuello uterino",numero de implantes insertados,2015-07-01,0,0,0,1,0,1
PUERTO ACOSTA,"anticoncepcion, prevencion de its y de cancer de cuello uterino",numero de implantes insertados,2015-07-01,0,1,1,0,0,2
PUERTO GONZALO MORENO,"anticoncepcion, prevencion de its y de cancer de cuello uterino",numero de implantes insertados,2015-07-01,2,4,6,2,0,14
PUERTO VILLARROEL,"anticoncepcion, prevencion de its y de cancer de cuello uterino",numero de implantes insertados,2015-07-01,0,2,12,4,0,18
PUNA,"anticoncepcion, prevencion de its y de cancer de cuello uterino",numero de implantes insertados,2015-07-01,0,1,5,1,0,7
RIBERALTA,"anticoncepcion, prevencion de its y de cancer de cuello uterino",numero de implantes insertados,2015-07-01,1,9,47,1,0,58
SABAYA,"anticoncepcion, prevencion de its y de cancer de cuello uterino",numero de implantes insertados,2015-07-01,0,0,2,1,0,3
SACABA,"anticoncepcion, prevencion de its y de cancer de cuello uterino",numero de implantes insertados,2015-07-01,0,1,1,0,0,2
SAN ANDRES,"anticoncepcion, prevencion de its y de cancer de cuello uterino",numero de implantes insertados,2015-07-01,1,0,0,0,0,1
SAN IGNACIO,"anticoncepcion, prevencion de its y de cancer de cuello uterino",numero de implantes insertados,2015-07-01,0,1,1,0,0,2
SAN LORENZO(PND),"anticoncepcion, prevencion de its y de cancer de cuello uterino",numero de implantes insertados,2015-07-01,0,4,8,2,0,14
SAN LUCAS,"anticoncepcion, prevencion de its y de cancer de cuello uterino",numero de implantes insertados,2015-07-01,0,0,5,0,0,5
SAN PEDRO DE BUENA VISTA,"anticoncepcion, prevencion de its y de cancer de cuello uterino",numero de implantes insertados,2015-07-01,0,0,14,0,0,14
SANTA CRUZ DE LA SIERRA,"anticoncepcion, prevencion de its y de cancer de cuello uterino",numero de implantes insertados,2015-07-01,0,5,114,52,0,171
SANTIAGO DE HUARI,"anticoncepcion, prevencion de its y de cancer de cuello uterino",numero de implantes insertados,2015-07-01,0,0,2,1,0,3
SANTIAGO DE MACHACA,"anticoncepcion, prevencion de its y de cancer de cuello uterino",numero de implantes insertados,2015-07-01,0,0,1,0,0,1
SENA,"anticoncepcion, prevencion de its y de cancer de cuello uterino",numero de implantes insertados,2015-07-01,0,1,6,0,0,7
SICA SICA (VILLA AROMA),"anticoncepcion, prevencion de its y de cancer de cuello uterino",numero de implantes insertados,2015-07-01,0,2,3,0,0,5
SIPE SIPE,"anticoncepcion, prevencion de its y de cancer de cuello uterino",numero de implantes insertados,2015-07-01,0,1,8,0,0,9
SOPACHUY,"anticoncepcion, prevencion de its y de cancer de cuello uterino",numero de implantes insertados,2015-07-01,0,0,3,0,0,3
SUCRE,"anticoncepcion, prevencion de its y de cancer de cuello uterino",numero de implantes insertados,2015-07-01,0,35,216,26,0,277
TARIJA,"anticoncepcion, prevencion de its y de cancer de cuello uterino",numero de implantes insertados,2015-07-01,0,2,55,22,0,79
TEOPONTE,"anticoncepcion, prevencion de its y de cancer de cuello uterino",numero de implantes insertados,2015-07-01,0,0,0,1,0,1
TIAWANACU,"anticoncepcion, prevencion de its y de cancer de cuello uterino",numero de implantes insertados,2015-07-01,0,2,7,1,0,10
TIPUANI,"anticoncepcion, prevencion de its y de cancer de cuello uterino",numero de implantes insertados,2015-07-01,0,0,3,0,0,3
TOLATA,"anticoncepcion, prevencion de its y de cancer de cuello uterino",numero de implantes insertados,2015-07-01,0,0,3,1,0,4
TOLEDO,"anticoncepcion, prevencion de its y de cancer de cuello uterino",numero de implantes insertados,2015-07-01,0,0,1,0,0,1
TRINIDAD,"anticoncepcion, prevencion de its y de cancer de cuello uterino",numero de implantes insertados,2015-07-01,0,3,49,2,0,54
TUPIZA,"anticoncepcion, prevencion de its y de cancer de cuello uterino",numero de implantes insertados,2015-07-01,0,6,24,4,0,34
URIONDO (A. CONCEPCION),"anticoncepcion, prevencion de its y de cancer de cuello uterino",numero de implantes insertados,2015-07-01,0,0,5,0,0,5
UYUNI,"anticoncepcion, prevencion de its y de cancer de cuello uterino",numero de implantes insertados,2015-07-01,0,0,1,0,0,1
VIACHA,"anticoncepcion, prevencion de its y de cancer de cuello uterino",numero de implantes insertados,2015-07-01,0,0,8,1,0,9
VILLA CHARCAS,"anticoncepcion, prevencion de its y de cancer de cuello uterino",numero de implantes insertados,2015-07-01,0,0,3,1,0,4
VILLA SERRANO,"anticoncepcion, prevencion de its y de cancer de cuello uterino",numero de implantes insertados,2015-07-01,0,5,5,0,0,10
VILLA TUNARI,"anticoncepcion, prevencion de its y de cancer de cuello uterino",numero de implantes insertados,2015-07-01,0,3,22,2,0,27
VILLA VACA GUZMAN (MUYUPAMPA),"anticoncepcion, prevencion de its y de cancer de cuello uterino",numero de implantes insertados,2015-07-01,0,1,11,0,0,12
WARNES,"anticoncepcion, prevencion de its y de cancer de cuello uterino",numero de implantes insertados,2015-07-01,0,3,3,3,0,9
YACUIBA,"anticoncepcion, prevencion de its y de cancer de cuello uterino",numero de implantes insertados,2015-07-01,0,0,0,1,0,1
YANACACHI,"anticoncepcion, prevencion de its y de cancer de cuello uterino",numero de implantes insertados,2015-07-01,0,0,1,0,0,1
YOTALA,"anticoncepcion, prevencion de its y de cancer de cuello uterino",numero de implantes insertados,2015-07-01,0,10,7,0,0,17
ACACIO,"anticoncepcion, prevencion de its y de cancer de cuello uterino",numero de implantes insertados,2015-08-01,0,1,3,0,0,4
ACHACACHI,"anticoncepcion, prevencion de its y de cancer de cuello uterino",numero de implantes insertados,2015-08-01,0,1,2,1,0,4
ACHOCALLA,"anticoncepcion, prevencion de its y de cancer de cuello uterino",numero de implantes insertados,2015-08-01,0,1,8,2,0,11
AIQUILE,"anticoncepcion, prevencion de its y de cancer de cuello uterino",numero de implantes insertados,2015-08-01,0,1,8,2,0,11
ALTO BENI,"anticoncepcion, prevencion de its y de cancer de cuello uterino",numero de implantes insertados,2015-08-01,0,1,2,0,0,3
APOLO,"anticoncepcion, prevencion de its y de cancer de cuello uterino",numero de implantes insertados,2015-08-01,0,1,1,1,0,3
ATOCHA,"anticoncepcion, prevencion de its y de cancer de cuello uterino",numero de implantes insertados,2015-08-01,0,0,3,0,0,3
AYATA,"anticoncepcion, prevencion de its y de cancer de cuello uterino",numero de implantes insertados,2015-08-01,0,0,1,1,0,2
AZURDUY,"anticoncepcion, prevencion de its y de cancer de cuello uterino",numero de implantes insertados,2015-08-01,1,0,1,0,0,2
BAURES,"anticoncepcion, prevencion de its y de cancer de cuello uterino",numero de implantes insertados,2015-08-01,0,0,2,0,0,2
BELLA FLOR,"anticoncepcion, prevencion de its y de cancer de cuello uterino",numero de implantes insertados,2015-08-01,0,0,1,0,0,1
CAJUATA,"anticoncepcion, prevencion de its y de cancer de cuello uterino",numero de implantes insertados,2015-08-01,0,2,12,0,0,14
CAMARGO,"anticoncepcion, prevencion de its y de cancer de cuello uterino",numero de implantes insertados,2015-08-01,0,0,6,0,0,6
CAMATAQUI (C. VILLA ABECIA),"anticoncepcion, prevencion de its y de cancer de cuello uterino",numero de implantes insertados,2015-08-01,0,0,1,0,0,1
CAPINOTA,"anticoncepcion, prevencion de its y de cancer de cuello uterino",numero de implantes insertados,2015-08-01,0,5,4,3,0,12
CARACOLLO,"anticoncepcion, prevencion de its y de cancer de cuello uterino",numero de implantes insertados,2015-08-01,0,0,4,0,0,4
CHULUMANI (V. DE LA LIBERTAD),"anticoncepcion, prevencion de its y de cancer de cuello uterino",numero de implantes insertados,2015-08-01,0,0,2,0,0,2
COBIJA,"anticoncepcion, prevencion de its y de cancer de cuello uterino",numero de implantes insertados,2015-08-01,1,16,32,4,0,53
COCHABAMBA,"anticoncepcion, prevencion de its y de cancer de cuello uterino",numero de implantes insertados,2015-08-01,0,18,188,10,0,216
COLOMI,"anticoncepcion, prevencion de its y de cancer de cuello uterino",numero de implantes insertados,2015-08-01,0,0,1,0,0,1
CONCEPCION,"anticoncepcion, prevencion de its y de cancer de cuello uterino",numero de implantes insertados,2015-08-01,0,0,9,12,3,24
CORO CORO,"anticoncepcion, prevencion de its y de cancer de cuello uterino",numero de implantes insertados,2015-08-01,0,0,1,0,0,1
CULPINA,"anticoncepcion, prevencion de its y de cancer de cuello uterino",numero de implantes insertados,2015-08-01,0,1,7,0,0,8
CURVA,"anticoncepcion, prevencion de its y de cancer de cuello uterino",numero de implantes insertados,2015-08-01,0,1,0,1,0,2
EL ALTO,"anticoncepcion, prevencion de its y de cancer de cuello uterino",numero de implantes insertados,2015-08-01,0,9,119,57,0,185
EL PUENTE(TJA),"anticoncepcion, prevencion de its y de cancer de cuello uterino",numero de implantes insertados,2015-08-01,0,2,4,1,0,7
EL TORNO,"anticoncepcion, prevencion de its y de cancer de cuello uterino",numero de implantes insertados,2015-08-01,2,6,5,0,0,13
EL VILLAR,"anticoncepcion, prevencion de its y de cancer de cuello uterino",numero de implantes insertados,2015-08-01,0,0,1,2,0,3
EUREKA (SANTOS MERCADO),"anticoncepcion, prevencion de its y de cancer de cuello uterino",numero de implantes insertados,2015-08-01,1,1,3,0,0,5
FERNANDEZ ALONSO,"anticoncepcion, prevencion de its y de cancer de cuello uterino",numero de implantes insertados,2015-08-01,0,0,2,0,0,2
HUACARETA,"anticoncepcion, prevencion de its y de cancer de cuello uterino",numero de implantes insertados,2015-08-01,2,1,3,2,0,8
HUANUNI,"anticoncepcion, prevencion de its y de cancer de cuello uterino",numero de implantes insertados,2015-08-01,0,4,13,2,0,19
HUARACAJE,"anticoncepcion, prevencion de its y de cancer de cuello uterino",numero de implantes insertados,2015-08-01,0,0,1,0,0,1
ICLA,"anticoncepcion, prevencion de its y de cancer de cuello uterino",numero de implantes insertados,2015-08-01,0,1,1,2,0,4
INCAHUASI,"anticoncepcion, prevencion de its y de cancer de cuello uterino",numero de implantes insertados,2015-08-01,0,2,4,0,0,6
INGAVI (HUMAITA),"anticoncepcion, prevencion de its y de cancer de cuello uterino",numero de implantes insertados,2015-08-01,0,1,1,1,0,3
JESUS DE MACHACA,"anticoncepcion, prevencion de its y de cancer de cuello uterino",numero de implantes insertados,2015-08-01,0,0,1,0,0,1
LA PAZ,"anticoncepcion, prevencion de its y de cancer de cuello uterino",numero de implantes insertados,2015-08-01,0,14,125,20,0,159
LAS CARRERAS,"anticoncepcion, prevencion de its y de cancer de cuello uterino",numero de implantes insertados,2015-08-01,0,0,1,0,0,1
LICOMA PAMPA,"anticoncepcion, prevencion de its y de cancer de cuello uterino",numero de implantes insertados,2015-08-01,0,0,6,0,0,6
LLALLAGUA,"anticoncepcion, prevencion de its y de cancer de cuello uterino",numero de implantes insertados,2015-08-01,0,0,12,3,0,15
MACHARETI,"anticoncepcion, prevencion de its y de cancer de cuello uterino",numero de implantes insertados,2015-08-01,0,0,2,1,0,3
MECAPACA,"anticoncepcion, prevencion de its y de cancer de cuello uterino",numero de implantes insertados,2015-08-01,0,0,1,0,0,1
MIZQUE,"anticoncepcion, prevencion de its y de cancer de cuello uterino",numero de implantes insertados,2015-08-01,0,3,7,2,0,12
MOJINETE,"anticoncepcion, prevencion de its y de cancer de cuello uterino",numero de implantes insertados,2015-08-01,0,2,0,0,0,2
MOJOCOYA,"anticoncepcion, prevencion de its y de cancer de cuello uterino",numero de implantes insertados,2015-08-01,0,1,2,1,1,5
MONTEAGUDO,"anticoncepcion, prevencion de its y de cancer de cuello uterino",numero de implantes insertados,2015-08-01,0,7,17,0,0,24
ORURO,"anticoncepcion, prevencion de its y de cancer de cuello uterino",numero de implantes insertados,2015-08-01,0,11,42,7,0,60
PAILON,"anticoncepcion, prevencion de its y de cancer de cuello uterino",numero de implantes insertados,2015-08-01,0,0,1,0,0,1
PALCA,"anticoncepcion, prevencion de its y de cancer de cuello uterino",numero de implantes insertados,2015-08-01,0,2,7,0,0,9
PALOS BLANCOS,"anticoncepcion, prevencion de its y de cancer de cuello uterino",numero de implantes insertados,2015-08-01,0,2,18,6,1,27
POCOATA,"anticoncepcion, prevencion de its y de cancer de cuello uterino",numero de implantes insertados,2015-08-01,0,0,5,0,0,5
POCONA,"anticoncepcion, prevencion de its y de cancer de cuello uterino",numero de implantes insertados,2015-08-01,0,0,1,0,0,1
POROMA,"anticoncepcion, prevencion de its y de cancer de cuello uterino",numero de implantes insertados,2015-08-01,0,1,9,5,0,15
POTOSI,"anticoncepcion, prevencion de its y de cancer de cuello uterino",numero de implantes insertados,2015-08-01,1,8,39,19,0,67
PRESTO,"anticoncepcion, prevencion de its y de cancer de cuello uterino",numero de implantes insertados,2015-08-01,0,1,3,1,0,5
PUCARANI,"anticoncepcion, prevencion de its y de cancer de cuello uterino",numero de implantes insertados,2015-08-01,0,0,1,1,0,2
PUERTO GONZALO MORENO,"anticoncepcion, prevencion de its y de cancer de cuello uterino",numero de implantes insertados,2015-08-01,0,7,11,1,0,19
PUERTO RICO,"anticoncepcion, prevencion de its y de cancer de cuello uterino",numero de implantes insertados,2015-08-01,0,1,2,0,0,3
PUNA,"anticoncepcion, prevencion de its y de cancer de cuello uterino",numero de implantes insertados,2015-08-01,0,4,5,1,0,10
QUILLACOLLO,"anticoncepcion, prevencion de its y de cancer de cuello uterino",numero de implantes insertados,2015-08-01,0,1,2,3,0,6
RIBERALTA,"anticoncepcion, prevencion de its y de cancer de cuello uterino",numero de implantes insertados,2015-08-01,3,27,39,11,0,80
SABAYA,"anticoncepcion, prevencion de its y de cancer de cuello uterino",numero de implantes insertados,2015-08-01,0,0,3,1,0,4
SACABA,"anticoncepcion, prevencion de its y de cancer de cuello uterino",numero de implantes insertados,2015-08-01,0,0,3,0,0,3
SAN BUENA VENTURA,"anticoncepcion, prevencion de its y de cancer de cuello uterino",numero de implantes insertados,2015-08-01,0,3,19,0,0,22
SAN IGNACIO,"anticoncepcion, prevencion de its y de cancer de cuello uterino",numero de implantes insertados,2015-08-01,0,0,1,0,0,1
SAN JOAQUIN,"anticoncepcion, prevencion de its y de cancer de cuello uterino",numero de implantes insertados,2015-08-01,0,0,0,2,0,2
SAN JULIAN,"anticoncepcion, prevencion de its y de cancer de cuello uterino",numero de implantes insertados,2015-08-01,0,1,0,0,0,1
SAN LORENZO(PND),"anticoncepcion, prevencion de its y de cancer de cuello uterino",numero de implantes insertados,2015-08-01,0,2,9,0,0,11
SAN LORENZO(TJA),"anticoncepcion, prevencion de its y de cancer de cuello uterino",numero de implantes insertados,2015-08-01,1,0,0,0,0,1
SAN LUCAS,"anticoncepcion, prevencion de its y de cancer de cuello uterino",numero de implantes insertados,2015-08-01,0,0,3,0,0,3
SANTA CRUZ DE LA SIERRA,"anticoncepcion, prevencion de its y de cancer de cuello uterino",numero de implantes insertados,2015-08-01,0,22,76,51,0,149
SANTIAGO DE HUARI,"anticoncepcion, prevencion de its y de cancer de cuello uterino",numero de implantes insertados,2015-08-01,0,0,1,1,0,2
SENA,"anticoncepcion, prevencion de its y de cancer de cuello uterino",numero de implantes insertados,2015-08-01,0,3,5,0,0,8
SHINAOTA,"anticoncepcion, prevencion de its y de cancer de cuello uterino",numero de implantes insertados,2015-08-01,0,0,1,0,0,1
SICA SICA (VILLA AROMA),"anticoncepcion, prevencion de its y de cancer de cuello uterino",numero de implantes insertados,2015-08-01,0,0,1,0,0,1
SIPE SIPE,"anticoncepcion, prevencion de its y de cancer de cuello uterino",numero de implantes insertados,2015-08-01,0,3,14,2,0,19
SORATA,"anticoncepcion, prevencion de its y de cancer de cuello uterino",numero de implantes insertados,2015-08-01,0,0,3,1,0,4
SUCRE,"anticoncepcion, prevencion de its y de cancer de cuello uterino",numero de implantes insertados,2015-08-01,2,29,169,21,3,224
TARVITA,"anticoncepcion, prevencion de its y de cancer de cuello uterino",numero de implantes insertados,2015-08-01,0,0,1,0,0,1
TIAWANACU,"anticoncepcion, prevencion de its y de cancer de cuello uterino",numero de implantes insertados,2015-08-01,0,1,2,2,0,5
TINGUIPAYA,"anticoncepcion, prevencion de its y de cancer de cuello uterino",numero de implantes insertados,2015-08-01,0,0,3,0,0,3
TIPUANI,"anticoncepcion, prevencion de its y de cancer de cuello uterino",numero de implantes insertados,2015-08-01,0,1,6,1,0,8
TOLATA,"anticoncepcion, prevencion de its y de cancer de cuello uterino",numero de implantes insertados,2015-08-01,0,0,5,0,0,5
TOLEDO,"anticoncepcion, prevencion de its y de cancer de cuello uterino",numero de implantes insertados,2015-08-01,0,0,1,0,0,1
TRINIDAD,"anticoncepcion, prevencion de its y de cancer de cuello uterino",numero de implantes insertados,2015-08-01,0,12,26,0,0,38
TUPIZA,"anticoncepcion, prevencion de its y de cancer de cuello uterino",numero de implantes insertados,2015-08-01,0,0,19,5,0,24
TURCO,"anticoncepcion, prevencion de its y de cancer de cuello uterino",numero de implantes insertados,2015-08-01,0,0,1,1,0,2
URIONDO (A. CONCEPCION),"anticoncepcion, prevencion de its y de cancer de cuello uterino",numero de implantes insertados,2015-08-01,0,2,6,1,0,9
UYUNI,"anticoncepcion, prevencion de its y de cancer de cuello uterino",numero de implantes insertados,2015-08-01,0,0,2,0,0,2
VILLA CHARCAS,"anticoncepcion, prevencion de its y de cancer de cuello uterino",numero de implantes insertados,2015-08-01,0,0,1,1,0,2
VILLA NUEVA (LOMA ALTA),"anticoncepcion, prevencion de its y de cancer de cuello uterino",numero de implantes insertados,2015-08-01,0,1,4,0,0,5
VILLA SERRANO,"anticoncepcion, prevencion de its y de cancer de cuello uterino",numero de implantes insertados,2015-08-01,0,0,5,0,0,5
VILLA VACA GUZMAN (MUYUPAMPA),"anticoncepcion, prevencion de its y de cancer de cuello uterino",numero de implantes insertados,2015-08-01,0,1,5,2,0,8
WARNES,"anticoncepcion, prevencion de its y de cancer de cuello uterino",numero de implantes insertados,2015-08-01,0,0,6,0,0,6
YANACACHI,"anticoncepcion, prevencion de its y de cancer de cuello uterino",numero de implantes insertados,2015-08-01,0,0,1,3,0,4
YOTALA,"anticoncepcion, prevencion de its y de cancer de cuello uterino",numero de implantes insertados,2015-08-01,0,3,0,2,0,5
ZUDAÑEZ,"anticoncepcion, prevencion de its y de cancer de cuello uterino",numero de implantes insertados,2015-08-01,0,0,7,0,0,7
ACHACACHI,"anticoncepcion, prevencion de its y de cancer de cuello uterino",numero de implantes insertados,2015-09-01,0,0,1,0,0,1
ACHOCALLA,"anticoncepcion, prevencion de its y de cancer de cuello uterino",numero de implantes insertados,2015-09-01,0,0,4,1,0,5
AIQUILE,"anticoncepcion, prevencion de its y de cancer de cuello uterino",numero de implantes insertados,2015-09-01,0,2,20,5,0,27
ALTO BENI,"anticoncepcion, prevencion de its y de cancer de cuello uterino",numero de implantes insertados,2015-09-01,0,0,5,3,0,8
ATOCHA,"anticoncepcion, prevencion de its y de cancer de cuello uterino",numero de implantes insertados,2015-09-01,0,1,7,1,0,9
AYATA,"anticoncepcion, prevencion de its y de cancer de cuello uterino",numero de implantes insertados,2015-09-01,0,0,3,0,0,3
BELLA FLOR,"anticoncepcion, prevencion de its y de cancer de cuello uterino",numero de implantes insertados,2015-09-01,0,1,5,0,0,6
BOLIVAR,"anticoncepcion, prevencion de its y de cancer de cuello uterino",numero de implantes insertados,2015-09-01,0,0,1,0,0,1
CAMARGO,"anticoncepcion, prevencion de its y de cancer de cuello uterino",numero de implantes insertados,2015-09-01,0,1,0,1,0,2
CAPINOTA,"anticoncepcion, prevencion de its y de cancer de cuello uterino",numero de implantes insertados,2015-09-01,0,2,14,0,0,16
CARACOLLO,"anticoncepcion, prevencion de its y de cancer de cuello uterino",numero de implantes insertados,2015-09-01,0,1,2,0,0,3
CHALLAPATA,"anticoncepcion, prevencion de its y de cancer de cuello uterino",numero de implantes insertados,2015-09-01,0,1,3,0,0,4
CHAYANTA,"anticoncepcion, prevencion de its y de cancer de cuello uterino",numero de implantes insertados,2015-09-01,0,0,2,0,0,2
CHULUMANI (V. DE LA LIBERTAD),"anticoncepcion, prevencion de its y de cancer de cuello uterino",numero de implantes insertados,2015-09-01,0,2,4,0,0,6
CKOCHAS,"anticoncepcion, prevencion de its y de cancer de cuello uterino",numero de implantes insertados,2015-09-01,0,0,1,0,0,1
COBIJA,"anticoncepcion, prevencion de its y de cancer de cuello uterino",numero de implantes insertados,2015-09-01,2,18,30,3,0,53
COCAPATA,"anticoncepcion, prevencion de its y de cancer de cuello uterino",numero de implantes insertados,2015-09-01,0,1,1,0,0,2
COCHABAMBA,"anticoncepcion, prevencion de its y de cancer de cuello uterino",numero de implantes insertados,2015-09-01,0,7,159,23,0,189
COLOMI,"anticoncepcion, prevencion de its y de cancer de cuello uterino",numero de implantes insertados,2015-09-01,0,1,1,1,0,3
CONCEPCION,"anticoncepcion, prevencion de its y de cancer de cuello uterino",numero de implantes insertados,2015-09-01,0,0,6,0,0,6
CORIPATA,"anticoncepcion, prevencion de its y de cancer de cuello uterino",numero de implantes insertados,2015-09-01,0,0,1,0,0,1
CORQUE,"anticoncepcion, prevencion de its y de cancer de cuello uterino",numero de implantes insertados,2015-09-01,0,0,2,0,0,2
CUCHUMUELA (V. G. VILLARROEL),"anticoncepcion, prevencion de its y de cancer de cuello uterino",numero de implantes insertados,2015-09-01,0,0,1,0,0,1
CULPINA,"anticoncepcion, prevencion de its y de cancer de cuello uterino",numero de implantes insertados,2015-09-01,0,1,11,3,0,15
CURVA,"anticoncepcion, prevencion de its y de cancer de cuello uterino",numero de implantes insertados,2015-09-01,0,0,1,0,0,1
EL ALTO,"anticoncepcion, prevencion de its y de cancer de cuello uterino",numero de implantes insertados,2015-09-01,0,23,272,174,0,469
EL TORNO,"anticoncepcion, prevencion de its y de cancer de cuello uterino",numero de implantes insertados,2015-09-01,0,15,13,2,0,30
EL VILLAR,"anticoncepcion, prevencion de its y de cancer de cuello uterino",numero de implantes insertados,2015-09-01,0,0,2,0,0,2
EUREKA (SANTOS MERCADO),"anticoncepcion, prevencion de its y de cancer de cuello uterino",numero de implantes insertados,2015-09-01,0,2,0,0,0,2
FERNANDEZ ALONSO,"anticoncepcion, prevencion de its y de cancer de cuello uterino",numero de implantes insertados,2015-09-01,0,0,1,0,0,1
GUANAY,"anticoncepcion, prevencion de its y de cancer de cuello uterino",numero de implantes insertados,2015-09-01,0,0,1,0,0,1
HUACARETA,"anticoncepcion, prevencion de its y de cancer de cuello uterino",numero de implantes insertados,2015-09-01,0,0,7,0,0,7
HUANUNI,"anticoncepcion, prevencion de its y de cancer de cuello uterino",numero de implantes insertados,2015-09-01,0,4,17,3,0,24
ICLA,"anticoncepcion, prevencion de its y de cancer de cuello uterino",numero de implantes insertados,2015-09-01,0,0,2,0,0,2
INCAHUASI,"anticoncepcion, prevencion de its y de cancer de cuello uterino",numero de implantes insertados,2015-09-01,0,4,9,2,1,16
LA GUARDIA,"anticoncepcion, prevencion de its y de cancer de cuello uterino",numero de implantes insertados,2015-09-01,0,1,18,1,0,20
LA PAZ,"anticoncepcion, prevencion de its y de cancer de cuello uterino",numero de implantes insertados,2015-09-01,0,30,164,16,0,210
LAS CARRERAS,"anticoncepcion, prevencion de its y de cancer de cuello uterino",numero de implantes insertados,2015-09-01,0,0,4,1,0,5
LLALLAGUA,"anticoncepcion, prevencion de its y de cancer de cuello uterino",numero de implantes insertados,2015-09-01,0,2,19,1,0,22
MACHACAMARCA,"anticoncepcion, prevencion de its y de cancer de cuello uterino",numero de implantes insertados,2015-09-01,0,0,5,0,0,5
MACHARETI,"anticoncepcion, prevencion de its y de cancer de cuello uterino",numero de implantes insertados,2015-09-01,0,2,2,0,0,4
MECAPACA,"anticoncepcion, prevencion de its y de cancer de cuello uterino",numero de implantes insertados,2015-09-01,0,1,0,0,0,1
MIZQUE,"anticoncepcion, prevencion de its y de cancer de cuello uterino",numero de implantes insertados,2015-09-01,0,0,6,1,0,7
MONTEAGUDO,"anticoncepcion, prevencion de its y de cancer de cuello uterino",numero de implantes insertados,2015-09-01,0,8,20,5,0,33
NUEVO MANOA (NUEVA ESPERANZA),"anticoncepcion, prevencion de its y de cancer de cuello uterino",numero de implantes insertados,2015-09-01,0,0,1,0,0,1
ORURO,"anticoncepcion, prevencion de its y de cancer de cuello uterino",numero de implantes insertados,2015-09-01,0,8,49,5,0,62
PAILON,"anticoncepcion, prevencion de its y de cancer de cuello uterino",numero de implantes insertados,2015-09-01,0,1,1,1,0,3
PALCA,"anticoncepcion, prevencion de its y de cancer de cuello uterino",numero de implantes insertados,2015-09-01,0,2,11,0,0,13
PALOS BLANCOS,"anticoncepcion, prevencion de its y de cancer de cuello uterino",numero de implantes insertados,2015-09-01,0,0,1,0,0,1
PAPEL PAMPA,"anticoncepcion, prevencion de its y de cancer de cuello uterino",numero de implantes insertados,2015-09-01,0,0,1,0,0,1
PAZÑA,"anticoncepcion, prevencion de its y de cancer de cuello uterino",numero de implantes insertados,2015-09-01,0,0,4,1,0,5
PORVENIR,"anticoncepcion, prevencion de its y de cancer de cuello uterino",numero de implantes insertados,2015-09-01,1,2,2,1,0,6
POTOSI,"anticoncepcion, prevencion de its y de cancer de cuello uterino",numero de implantes insertados,2015-09-01,0,8,63,8,0,79
PRESTO,"anticoncepcion, prevencion de its y de cancer de cuello uterino",numero de implantes insertados,2015-09-01,0,4,6,3,0,13
PUCARANI,"anticoncepcion, prevencion de its y de cancer de cuello uterino",numero de implantes insertados,2015-09-01,0,0,4,0,0,4
PUERTO GONZALO MORENO,"anticoncepcion, prevencion de its y de cancer de cuello uterino",numero de implantes insertados,2015-09-01,1,13,40,4,0,58
PUERTO RICO,"anticoncepcion, prevencion de its y de cancer de cuello uterino",numero de implantes insertados,2015-09-01,0,0,2,0,0,2
PUNA,"anticoncepcion, prevencion de its y de cancer de cuello uterino",numero de implantes insertados,2015-09-01,0,0,6,2,0,8
QUILLACOLLO,"anticoncepcion, prevencion de its y de cancer de cuello uterino",numero de implantes insertados,2015-09-01,0,0,4,0,0,4
RIBERALTA,"anticoncepcion, prevencion de its y de cancer de cuello uterino",numero de implantes insertados,2015-09-01,2,31,66,1,0,100
SABAYA,"anticoncepcion, prevencion de its y de cancer de cuello uterino",numero de implantes insertados,2015-09-01,0,0,1,0,0,1
SACABA,"anticoncepcion, prevencion de its y de cancer de cuello uterino",numero de implantes insertados,2015-09-01,0,11,87,13,0,111
SACACA,"anticoncepcion, prevencion de its y de cancer de cuello uterino",numero de implantes insertados,2015-09-01,0,0,12,0,0,12
SAN ANTONIO DE ESMORUCO,"anticoncepcion, prevencion de its y de cancer de cuello uterino",numero de implantes insertados,2015-09-01,0,1,4,0,0,5
SAN BUENA VENTURA,"anticoncepcion, prevencion de its y de cancer de cuello uterino",numero de implantes insertados,2015-09-01,0,0,11,0,0,11
SAN IGNACIO,"anticoncepcion, prevencion de its y de cancer de cuello uterino",numero de implantes insertados,2015-09-01,0,2,4,0,0,6
SAN JUAN DE YAPACANI,"anticoncepcion, prevencion de its y de cancer de cuello uterino",numero de implantes insertados,2015-09-01,0,1,0,0,0,1
SAN LORENZO(PND),"anticoncepcion, prevencion de its y de cancer de cuello uterino",numero de implantes insertados,2015-09-01,1,1,0,3,0,5
SAN LORENZO(TJA),"anticoncepcion, prevencion de its y de cancer de cuello uterino",numero de implantes insertados,2015-09-01,0,1,4,0,0,5
SAN LUCAS,"anticoncepcion, prevencion de its y de cancer de cuello uterino",numero de implantes insertados,2015-09-01,0,3,6,1,0,10
SANTA CRUZ DE LA SIERRA,"anticoncepcion, prevencion de its y de cancer de cuello uterino",numero de implantes insertados,2015-09-01,0,45,163,61,0,269
SANTIAGO DE HUARI,"anticoncepcion, prevencion de its y de cancer de cuello uterino",numero de implantes insertados,2015-09-01,0,0,2,0,0,2
SENA,"anticoncepcion, prevencion de its y de cancer de cuello uterino",numero de implantes insertados,2015-09-01,0,1,0,0,0,1
SIPE SIPE,"anticoncepcion, prevencion de its y de cancer de cuello uterino",numero de implantes insertados,2015-09-01,0,4,21,2,0,27
SOPACHUY,"anticoncepcion, prevencion de its y de cancer de cuello uterino",numero de implantes insertados,2015-09-01,0,1,2,1,0,4
SORATA,"anticoncepcion, prevencion de its y de cancer de cuello uterino",numero de implantes insertados,2015-09-01,0,0,11,0,0,11
SUCRE,"anticoncepcion, prevencion de its y de cancer de cuello uterino",numero de implantes insertados,2015-09-01,0,45,177,25,0,247
TARIJA,"anticoncepcion, prevencion de its y de cancer de cuello uterino",numero de implantes insertados,2015-09-01,0,6,6,6,0,18
TARVITA,"anticoncepcion, prevencion de its y de cancer de cuello uterino",numero de implantes insertados,2015-09-01,0,0,2,0,0,2
TINGUIPAYA,"anticoncepcion, prevencion de its y de cancer de cuello uterino",numero de implantes insertados,2015-09-01,0,0,2,2,0,4
TIPUANI,"anticoncepcion, prevencion de its y de cancer de cuello uterino",numero de implantes insertados,2015-09-01,0,1,3,0,0,4
TOMINA,"anticoncepcion, prevencion de its y de cancer de cuello uterino",numero de implantes insertados,2015-09-01,0,0,1,0,0,1
TRINIDAD,"anticoncepcion, prevencion de its y de cancer de cuello uterino",numero de implantes insertados,2015-09-01,0,14,28,0,0,42
TUPIZA,"anticoncepcion, prevencion de its y de cancer de cuello uterino",numero de implantes insertados,2015-09-01,0,3,18,4,0,25
TURCO,"anticoncepcion, prevencion de its y de cancer de cuello uterino",numero de implantes insertados,2015-09-01,0,0,1,0,0,1
URIONDO (A. CONCEPCION),"anticoncepcion, prevencion de its y de cancer de cuello uterino",numero de implantes insertados,2015-09-01,0,4,9,2,0,15
UYUNI,"anticoncepcion, prevencion de its y de cancer de cuello uterino",numero de implantes insertados,2015-09-01,0,0,1,0,0,1
VILLA CHARCAS,"anticoncepcion, prevencion de its y de cancer de cuello uterino",numero de implantes insertados,2015-09-01,0,0,1,4,0,5
VILLA SERRANO,"anticoncepcion, prevencion de its y de cancer de cuello uterino",numero de implantes insertados,2015-09-01,0,0,7,3,0,10
VILLA VACA GUZMAN (MUYUPAMPA),"anticoncepcion, prevencion de its y de cancer de cuello uterino",numero de implantes insertados,2015-09-01,0,2,8,2,0,12
YOTALA,"anticoncepcion, prevencion de its y de cancer de cuello uterino",numero de implantes insertados,2015-09-01,0,1,7,1,0,9
ZUDAÑEZ,"anticoncepcion, prevencion de its y de cancer de cuello uterino",numero de implantes insertados,2015-09-01,0,1,2,1,0,4
ACHACACHI,"anticoncepcion, prevencion de its y de cancer de cuello uterino",numero de implantes insertados,2015-10-01,0,0,3,0,0,3
ACHOCALLA,"anticoncepcion, prevencion de its y de cancer de cuello uterino",numero de implantes insertados,2015-10-01,0,2,9,2,0,13
AIQUILE,"anticoncepcion, prevencion de its y de cancer de cuello uterino",numero de implantes insertados,2015-10-01,0,4,26,4,0,34
ALTO BENI,"anticoncepcion, prevencion de its y de cancer de cuello uterino",numero de implantes insertados,2015-10-01,0,0,3,1,0,4
APOLO,"anticoncepcion, prevencion de its y de cancer de cuello uterino",numero de implantes insertados,2015-10-01,0,0,9,2,0,11
ATOCHA,"anticoncepcion, prevencion de its y de cancer de cuello uterino",numero de implantes insertados,2015-10-01,0,0,1,0,0,1
AYATA,"anticoncepcion, prevencion de its y de cancer de cuello uterino",numero de implantes insertados,2015-10-01,0,0,3,0,0,3
BAURES,"anticoncepcion, prevencion de its y de cancer de cuello uterino",numero de implantes insertados,2015-10-01,0,0,3,0,0,3
BELLA FLOR,"anticoncepcion, prevencion de its y de cancer de cuello uterino",numero de implantes insertados,2015-10-01,0,1,8,0,0,9
BOLIVAR,"anticoncepcion, prevencion de its y de cancer de cuello uterino",numero de implantes insertados,2015-10-01,0,0,1,0,0,1
BOLPEBRA,"anticoncepcion, prevencion de its y de cancer de cuello uterino",numero de implantes insertados,2015-10-01,1,0,3,1,0,5
CAJUATA,"anticoncepcion, prevencion de its y de cancer de cuello uterino",numero de implantes insertados,2015-10-01,0,0,2,0,0,2
CAMARGO,"anticoncepcion, prevencion de its y de cancer de cuello uterino",numero de implantes insertados,2015-10-01,0,0,4,0,0,4
CAPINOTA,"anticoncepcion, prevencion de its y de cancer de cuello uterino",numero de implantes insertados,2015-10-01,0,0,5,0,0,5
CHALLAPATA,"anticoncepcion, prevencion de its y de cancer de cuello uterino",numero de implantes insertados,2015-10-01,0,0,5,1,0,6
CHAYANTA,"anticoncepcion, prevencion de its y de cancer de cuello uterino",numero de implantes insertados,2015-10-01,0,1,1,1,0,3
CHIMORE,"anticoncepcion, prevencion de its y de cancer de cuello uterino",numero de implantes insertados,2015-10-01,0,1,1,0,0,2
CHULUMANI (V. DE LA LIBERTAD),"anticoncepcion, prevencion de its y de cancer de cuello uterino",numero de implantes insertados,2015-10-01,0,0,1,1,0,2
CKOCHAS,"anticoncepcion, prevencion de its y de cancer de cuello uterino",numero de implantes insertados,2015-10-01,0,0,1,2,0,3
COBIJA,"anticoncepcion, prevencion de its y de cancer de cuello uterino",numero de implantes insertados,2015-10-01,1,7,35,1,0,44
COCAPATA,"anticoncepcion, prevencion de its y de cancer de cuello uterino",numero de implantes insertados,2015-10-01,0,0,1,0,0,1
COCHABAMBA,"anticoncepcion, prevencion de its y de cancer de cuello uterino",numero de implantes insertados,2015-10-01,1,8,116,14,0,139
COLOMI,"anticoncepcion, prevencion de its y de cancer de cuello uterino",numero de implantes insertados,2015-10-01,0,0,1,0,0,1
CONCEPCION,"anticoncepcion, prevencion de its y de cancer de cuello uterino",numero de implantes insertados,2015-10-01,0,0,12,0,0,12
CORQUE,"anticoncepcion, prevencion de its y de cancer de cuello uterino",numero de implantes insertados,2015-10-01,0,1,1,1,0,3
CUCHUMUELA (V. G. VILLARROEL),"anticoncepcion, prevencion de its y de cancer de cuello uterino",numero de implantes insertados,2015-10-01,0,0,2,1,0,3
CULPINA,"anticoncepcion, prevencion de its y de cancer de cuello uterino",numero de implantes insertados,2015-10-01,0,1,4,0,0,5
EL ALTO,"anticoncepcion, prevencion de its y de cancer de cuello uterino",numero de implantes insertados,2015-10-01,0,14,166,46,0,226
EL CHORO,"anticoncepcion, prevencion de its y de cancer de cuello uterino",numero de implantes insertados,2015-10-01,0,0,1,0,0,1
EL TORNO,"anticoncepcion, prevencion de its y de cancer de cuello uterino",numero de implantes insertados,2015-10-01,0,0,10,0,0,10
ENTRE RIOS TRJ,"anticoncepcion, prevencion de its y de cancer de cuello uterino",numero de implantes insertados,2015-10-01,0,1,13,2,0,16
GUANAY,"anticoncepcion, prevencion de its y de cancer de cuello uterino",numero de implantes insertados,2015-10-01,0,0,2,0,0,2
HUACARETA,"anticoncepcion, prevencion de its y de cancer de cuello uterino",numero de implantes insertados,2015-10-01,0,4,6,1,0,11
HUANUNI,"anticoncepcion, prevencion de its y de cancer de cuello uterino",numero de implantes insertados,2015-10-01,0,2,12,0,0,14
HUATAJATA,"anticoncepcion, prevencion de its y de cancer de cuello uterino",numero de implantes insertados,2015-10-01,0,0,1,0,0,1
HUAYLLAMARCA,"anticoncepcion, prevencion de its y de cancer de cuello uterino",numero de implantes insertados,2015-10-01,0,0,1,0,0,1
ICLA,"anticoncepcion, prevencion de its y de cancer de cuello uterino",numero de implantes insertados,2015-10-01,0,1,0,2,0,3
INCAHUASI,"anticoncepcion, prevencion de its y de cancer de cuello uterino",numero de implantes insertados,2015-10-01,0,1,4,1,0,6
INGAVI (HUMAITA),"anticoncepcion, prevencion de its y de cancer de cuello uterino",numero de implantes insertados,2015-10-01,0,0,2,0,0,2
LA PAZ,"anticoncepcion, prevencion de its y de cancer de cuello uterino",numero de implantes insertados,2015-10-01,1,24,172,26,0,223
LAS CARRERAS,"anticoncepcion, prevencion de its y de cancer de cuello uterino",numero de implantes insertados,2015-10-01,0,2,6,0,0,8
LICOMA PAMPA,"anticoncepcion, prevencion de its y de cancer de cuello uterino",numero de implantes insertados,2015-10-01,0,0,1,3,0,4
LLALLAGUA,"anticoncepcion, prevencion de its y de cancer de cuello uterino",numero de implantes insertados,2015-10-01,0,4,8,2,0,14
MACHARETI,"anticoncepcion, prevencion de its y de cancer de cuello uterino",numero de implantes insertados,2015-10-01,0,3,6,2,0,11
MAGDALENA,"anticoncepcion, prevencion de its y de cancer de cuello uterino",numero de implantes insertados,2015-10-01,0,2,2,0,0,4
MOJOCOYA,"anticoncepcion, prevencion de its y de cancer de cuello uterino",numero de implantes insertados,2015-10-01,0,0,4,0,0,4
MONTEAGUDO,"anticoncepcion, prevencion de its y de cancer de cuello uterino",numero de implantes insertados,2015-10-01,0,1,14,4,0,19
NUEVO MANOA (NUEVA ESPERANZA),"anticoncepcion, prevencion de its y de cancer de cuello uterino",numero de implantes insertados,2015-10-01,0,0,2,0,0,2
ORURO,"anticoncepcion, prevencion de its y de cancer de cuello uterino",numero de implantes insertados,2015-10-01,0,11,72,10,0,93
PADILLA,"anticoncepcion, prevencion de its y de cancer de cuello uterino",numero de implantes insertados,2015-10-01,0,0,8,2,0,10
PAILON,"anticoncepcion, prevencion de its y de cancer de cuello uterino",numero de implantes insertados,2015-10-01,0,0,1,1,0,2
PALCA,"anticoncepcion, prevencion de its y de cancer de cuello uterino",numero de implantes insertados,2015-10-01,0,3,12,2,0,17
PORVENIR,"anticoncepcion, prevencion de its y de cancer de cuello uterino",numero de implantes insertados,2015-10-01,0,1,4,0,0,5
POTOSI,"anticoncepcion, prevencion de its y de cancer de cuello uterino",numero de implantes insertados,2015-10-01,0,8,61,12,1,82
PRESTO,"anticoncepcion, prevencion de its y de cancer de cuello uterino",numero de implantes insertados,2015-10-01,0,0,2,0,0,2
PUERTO GONZALO MORENO,"anticoncepcion, prevencion de its y de cancer de cuello uterino",numero de implantes insertados,2015-10-01,1,1,3,0,0,5
PUNA,"anticoncepcion, prevencion de its y de cancer de cuello uterino",numero de implantes insertados,2015-10-01,0,0,5,0,0,5
QUILLACOLLO,"anticoncepcion, prevencion de its y de cancer de cuello uterino",numero de implantes insertados,2015-10-01,0,2,5,1,0,8
RIBERALTA,"anticoncepcion, prevencion de its y de cancer de cuello uterino",numero de implantes insertados,2015-10-01,6,33,100,4,0,143
ROBORE,"anticoncepcion, prevencion de its y de cancer de cuello uterino",numero de implantes insertados,2015-10-01,0,0,1,0,0,1
SABAYA,"anticoncepcion, prevencion de its y de cancer de cuello uterino",numero de implantes insertados,2015-10-01,0,0,1,0,0,1
SACABA,"anticoncepcion, prevencion de its y de cancer de cuello uterino",numero de implantes insertados,2015-10-01,0,4,17,8,0,29
SALINAS DE GARCI MENDOZA,"anticoncepcion, prevencion de its y de cancer de cuello uterino",numero de implantes insertados,2015-10-01,0,0,1,3,0,4
SAN BORJA,"anticoncepcion, prevencion de its y de cancer de cuello uterino",numero de implantes insertados,2015-10-01,5,13,4,0,0,22
SAN IGNACIO,"anticoncepcion, prevencion de its y de cancer de cuello uterino",numero de implantes insertados,2015-10-01,0,0,4,0,0,4
SAN JAVIER(BNI),"anticoncepcion, prevencion de its y de cancer de cuello uterino",numero de implantes insertados,2015-10-01,0,0,2,0,0,2
SAN JUAN DE YAPACANI,"anticoncepcion, prevencion de its y de cancer de cuello uterino",numero de implantes insertados,2015-10-01,0,0,1,0,0,1
SAN JULIAN,"anticoncepcion, prevencion de its y de cancer de cuello uterino",numero de implantes insertados,2015-10-01,0,0,1,0,0,1
SAN LORENZO(PND),"anticoncepcion, prevencion de its y de cancer de cuello uterino",numero de implantes insertados,2015-10-01,0,3,4,1,0,8
SAN LUCAS,"anticoncepcion, prevencion de its y de cancer de cuello uterino",numero de implantes insertados,2015-10-01,0,6,4,2,0,12
SAN PEDRO DE BUENA VISTA,"anticoncepcion, prevencion de its y de cancer de cuello uterino",numero de implantes insertados,2015-10-01,0,0,9,0,0,9
SANTA CRUZ DE LA SIERRA,"anticoncepcion, prevencion de its y de cancer de cuello uterino",numero de implantes insertados,2015-10-01,0,69,191,83,0,343
SANTIAGO DE MACHACA,"anticoncepcion, prevencion de its y de cancer de cuello uterino",numero de implantes insertados,2015-10-01,0,1,0,0,0,1
SENA,"anticoncepcion, prevencion de its y de cancer de cuello uterino",numero de implantes insertados,2015-10-01,0,2,3,0,0,5
SHINAOTA,"anticoncepcion, prevencion de its y de cancer de cuello uterino",numero de implantes insertados,2015-10-01,0,0,1,0,0,1
SICA SICA (VILLA AROMA),"anticoncepcion, prevencion de its y de cancer de cuello uterino",numero de implantes insertados,2015-10-01,0,0,3,1,0,4
SIPE SIPE,"anticoncepcion, prevencion de its y de cancer de cuello uterino",numero de implantes insertados,2015-10-01,0,2,21,3,0,26
SOPACHUY,"anticoncepcion, prevencion de its y de cancer de cuello uterino",numero de implantes insertados,2015-10-01,0,0,5,2,0,7
SORATA,"anticoncepcion, prevencion de its y de cancer de cuello uterino",numero de implantes insertados,2015-10-01,0,5,4,1,0,10
SUCRE,"anticoncepcion, prevencion de its y de cancer de cuello uterino",numero de implantes insertados,2015-10-01,0,37,180,32,0,249
TAPACARI,"anticoncepcion, prevencion de its y de cancer de cuello uterino",numero de implantes insertados,2015-10-01,0,0,1,0,0,1
TARABUCO,"anticoncepcion, prevencion de its y de cancer de cuello uterino",numero de implantes insertados,2015-10-01,0,1,5,1,0,7
TARIJA,"anticoncepcion, prevencion de its y de cancer de cuello uterino",numero de implantes insertados,2015-10-01,0,0,1,0,0,1
TIAWANACU,"anticoncepcion, prevencion de its y de cancer de cuello uterino",numero de implantes insertados,2015-10-01,0,0,3,0,0,3
TINGUIPAYA,"anticoncepcion, prevencion de its y de cancer de cuello uterino",numero de implantes insertados,2015-10-01,0,0,0,1,0,1
TIPUANI,"anticoncepcion, prevencion de its y de cancer de cuello uterino",numero de implantes insertados,2015-10-01,0,3,11,2,0,16
TOLEDO,"anticoncepcion, prevencion de its y de cancer de cuello uterino",numero de implantes insertados,2015-10-01,0,0,4,0,0,4
TOMINA,"anticoncepcion, prevencion de its y de cancer de cuello uterino",numero de implantes insertados,2015-10-01,0,0,10,0,0,10
TOTORA(CBBA),"anticoncepcion, prevencion de its y de cancer de cuello uterino",numero de implantes insertados,2015-10-01,0,0,0,1,0,1
TRINIDAD,"anticoncepcion, prevencion de its y de cancer de cuello uterino",numero de implantes insertados,2015-10-01,0,4,21,0,0,25
TUPIZA,"anticoncepcion, prevencion de its y de cancer de cuello uterino",numero de implantes insertados,2015-10-01,0,4,21,7,0,32
TURCO,"anticoncepcion, prevencion de its y de cancer de cuello uterino",numero de implantes insertados,2015-10-01,0,1,1,0,0,2
URIONDO (A. CONCEPCION),"anticoncepcion, prevencion de its y de cancer de cuello uterino",numero de implantes insertados,2015-10-01,0,2,4,0,0,6
UYUNI,"anticoncepcion, prevencion de its y de cancer de cuello uterino",numero de implantes insertados,2015-10-01,0,0,2,0,0,2
VILLA CHARCAS,"anticoncepcion, prevencion de its y de cancer de cuello uterino",numero de implantes insertados,2015-10-01,0,0,4,0,0,4
VILLA SERRANO,"anticoncepcion, prevencion de its y de cancer de cuello uterino",numero de implantes insertados,2015-10-01,0,0,2,0,0,2
VILLA TUNARI,"anticoncepcion, prevencion de its y de cancer de cuello uterino",numero de implantes insertados,2015-10-01,0,6,10,2,0,18
VILLA VACA GUZMAN (MUYUPAMPA),"anticoncepcion, prevencion de its y de cancer de cuello uterino",numero de implantes insertados,2015-10-01,0,0,4,0,0,4
VINTO,"anticoncepcion, prevencion de its y de cancer de cuello uterino",numero de implantes insertados,2015-10-01,0,0,5,0,0,5
YANACACHI,"anticoncepcion, prevencion de its y de cancer de cuello uterino",numero de implantes insertados,2015-10-01,0,0,4,0,0,4
YOTALA,"anticoncepcion, prevencion de its y de cancer de cuello uterino",numero de implantes insertados,2015-10-01,0,1,7,1,0,9
ZUDAÑEZ,"anticoncepcion, prevencion de its y de cancer de cuello uterino",numero de implantes insertados,2015-10-01,0,0,4,0,0,4
ACHACACHI,"anticoncepcion, prevencion de its y de cancer de cuello uterino",numero de implantes insertados,2015-11-01,0,0,4,0,0,4
ACHOCALLA,"anticoncepcion, prevencion de its y de cancer de cuello uterino",numero de implantes insertados,2015-11-01,0,3,18,1,0,22
AIQUILE,"anticoncepcion, prevencion de its y de cancer de cuello uterino",numero de implantes insertados,2015-11-01,0,10,16,1,0,27
ALTO BENI,"anticoncepcion, prevencion de its y de cancer de cuello uterino",numero de implantes insertados,2015-11-01,0,1,4,0,0,5
APOLO,"anticoncepcion, prevencion de its y de cancer de cuello uterino",numero de implantes insertados,2015-11-01,0,3,17,1,0,21
ATOCHA,"anticoncepcion, prevencion de its y de cancer de cuello uterino",numero de implantes insertados,2015-11-01,0,0,16,1,0,17
AYATA,"anticoncepcion, prevencion de its y de cancer de cuello uterino",numero de implantes insertados,2015-11-01,0,2,0,2,0,4
AYOPAYA (V. DE INDEPENDENCIA),"anticoncepcion, prevencion de its y de cancer de cuello uterino",numero de implantes insertados,2015-11-01,0,0,0,1,0,1
AZURDUY,"anticoncepcion, prevencion de its y de cancer de cuello uterino",numero de implantes insertados,2015-11-01,0,0,1,0,0,1
BELLA FLOR,"anticoncepcion, prevencion de its y de cancer de cuello uterino",numero de implantes insertados,2015-11-01,0,1,2,0,0,3
BOLPEBRA,"anticoncepcion, prevencion de its y de cancer de cuello uterino",numero de implantes insertados,2015-11-01,1,1,0,0,0,2
CAJUATA,"anticoncepcion, prevencion de its y de cancer de cuello uterino",numero de implantes insertados,2015-11-01,0,0,12,4,0,16
CAMARGO,"anticoncepcion, prevencion de its y de cancer de cuello uterino",numero de implantes insertados,2015-11-01,0,2,5,0,0,7
CAMATAQUI (C. VILLA ABECIA),"anticoncepcion, prevencion de its y de cancer de cuello uterino",numero de implantes insertados,2015-11-01,0,1,2,1,0,4
CAPINOTA,"anticoncepcion, prevencion de its y de cancer de cuello uterino",numero de implantes insertados,2015-11-01,0,2,4,0,0,6
CARACOLLO,"anticoncepcion, prevencion de its y de cancer de cuello uterino",numero de implantes insertados,2015-11-01,0,2,7,2,0,11
CARANAVI,"anticoncepcion, prevencion de its y de cancer de cuello uterino",numero de implantes insertados,2015-11-01,0,0,1,0,0,1
CHALLAPATA,"anticoncepcion, prevencion de its y de cancer de cuello uterino",numero de implantes insertados,2015-11-01,0,3,10,2,0,15
CHAYANTA,"anticoncepcion, prevencion de its y de cancer de cuello uterino",numero de implantes insertados,2015-11-01,0,0,2,0,0,2
COBIJA,"anticoncepcion, prevencion de its y de cancer de cuello uterino",numero de implantes insertados,2015-11-01,1,5,15,0,0,21
COCHABAMBA,"anticoncepcion, prevencion de its y de cancer de cuello uterino",numero de implantes insertados,2015-11-01,0,11,227,16,0,254
COLOMI,"anticoncepcion, prevencion de its y de cancer de cuello uterino",numero de implantes insertados,2015-11-01,0,0,2,0,0,2
COLQUIRI,"anticoncepcion, prevencion de its y de cancer de cuello uterino",numero de implantes insertados,2015-11-01,0,5,31,8,0,44
CORO CORO,"anticoncepcion, prevencion de its y de cancer de cuello uterino",numero de implantes insertados,2015-11-01,0,0,1,1,0,2
CORQUE,"anticoncepcion, prevencion de its y de cancer de cuello uterino",numero de implantes insertados,2015-11-01,0,0,1,1,0,2
COTAGAITA,"anticoncepcion, prevencion de its y de cancer de cuello uterino",numero de implantes insertados,2015-11-01,0,0,0,2,0,2
CUCHUMUELA (V. G. VILLARROEL),"anticoncepcion, prevencion de its y de cancer de cuello uterino",numero de implantes insertados,2015-11-01,0,2,2,0,0,4
CULPINA,"anticoncepcion, prevencion de its y de cancer de cuello uterino",numero de implantes insertados,2015-11-01,0,1,6,0,0,7
EL ALTO,"anticoncepcion, prevencion de its y de cancer de cuello uterino",numero de implantes insertados,2015-11-01,0,26,190,58,0,274
EL TORNO,"anticoncepcion, prevencion de its y de cancer de cuello uterino",numero de implantes insertados,2015-11-01,0,3,4,0,0,7
EL VILLAR,"anticoncepcion, prevencion de its y de cancer de cuello uterino",numero de implantes insertados,2015-11-01,0,0,6,1,0,7
ENTRE RIOS TRJ,"anticoncepcion, prevencion de its y de cancer de cuello uterino",numero de implantes insertados,2015-11-01,1,4,12,2,0,19
ESCOMA,"anticoncepcion, prevencion de its y de cancer de cuello uterino",numero de implantes insertados,2015-11-01,0,0,1,0,0,1
EUCALIPTUS,"anticoncepcion, prevencion de its y de cancer de cuello uterino",numero de implantes insertados,2015-11-01,0,0,1,0,0,1
GRAL. J.J. PEREZ (CHARAZANI),"anticoncepcion, prevencion de its y de cancer de cuello uterino",numero de implantes insertados,2015-11-01,0,1,5,3,0,9
GUANAY,"anticoncepcion, prevencion de its y de cancer de cuello uterino",numero de implantes insertados,2015-11-01,0,4,10,3,0,17
HUACARETA,"anticoncepcion, prevencion de its y de cancer de cuello uterino",numero de implantes insertados,2015-11-01,0,1,1,0,0,2
HUANUNI,"anticoncepcion, prevencion de its y de cancer de cuello uterino",numero de implantes insertados,2015-11-01,0,1,12,1,0,14
ICLA,"anticoncepcion, prevencion de its y de cancer de cuello uterino",numero de implantes insertados,2015-11-01,0,0,1,2,0,3
INCAHUASI,"anticoncepcion, prevencion de its y de cancer de cuello uterino",numero de implantes insertados,2015-11-01,0,3,11,0,0,14
INGAVI (HUMAITA),"anticoncepcion, prevencion de its y de cancer de cuello uterino",numero de implantes insertados,2015-11-01,0,0,7,0,0,7
LA GUARDIA,"anticoncepcion, prevencion de its y de cancer de cuello uterino",numero de implantes insertados,2015-11-01,0,1,3,1,0,5
LA PAZ,"anticoncepcion, prevencion de its y de cancer de cuello uterino",numero de implantes insertados,2015-11-01,0,43,204,24,0,271
LAS CARRERAS,"anticoncepcion, prevencion de its y de cancer de cuello uterino",numero de implantes insertados,2015-11-01,0,2,0,0,0,2
LICOMA PAMPA,"anticoncepcion, prevencion de its y de cancer de cuello uterino",numero de implantes insertados,2015-11-01,0,3,3,1,0,7
LLALLAGUA,"anticoncepcion, prevencion de its y de cancer de cuello uterino",numero de implantes insertados,2015-11-01,0,0,4,3,0,7
LURIBAY,"anticoncepcion, prevencion de its y de cancer de cuello uterino",numero de implantes insertados,2015-11-01,0,1,2,0,0,3
MACHARETI,"anticoncepcion, prevencion de its y de cancer de cuello uterino",numero de implantes insertados,2015-11-01,0,0,5,0,0,5
MAGDALENA,"anticoncepcion, prevencion de its y de cancer de cuello uterino",numero de implantes insertados,2015-11-01,0,3,5,1,0,9
MAPIRI,"anticoncepcion, prevencion de its y de cancer de cuello uterino",numero de implantes insertados,2015-11-01,0,1,7,0,0,8
MIZQUE,"anticoncepcion, prevencion de its y de cancer de cuello uterino",numero de implantes insertados,2015-11-01,0,2,13,0,0,15
MONTEAGUDO,"anticoncepcion, prevencion de its y de cancer de cuello uterino",numero de implantes insertados,2015-11-01,0,0,8,1,0,9
MONTERO,"anticoncepcion, prevencion de its y de cancer de cuello uterino",numero de implantes insertados,2015-11-01,0,1,1,1,0,3
ORURO,"anticoncepcion, prevencion de its y de cancer de cuello uterino",numero de implantes insertados,2015-11-01,1,11,73,11,0,96
PADILLA,"anticoncepcion, prevencion de its y de cancer de cuello uterino",numero de implantes insertados,2015-11-01,0,3,6,1,0,10
PALCA,"anticoncepcion, prevencion de its y de cancer de cuello uterino",numero de implantes insertados,2015-11-01,1,4,14,3,0,22
PALOS BLANCOS,"anticoncepcion, prevencion de its y de cancer de cuello uterino",numero de implantes insertados,2015-11-01,0,2,10,0,0,12
PAPEL PAMPA,"anticoncepcion, prevencion de its y de cancer de cuello uterino",numero de implantes insertados,2015-11-01,0,0,1,0,0,1
POCOATA,"anticoncepcion, prevencion de its y de cancer de cuello uterino",numero de implantes insertados,2015-11-01,0,0,1,0,0,1
PORVENIR,"anticoncepcion, prevencion de its y de cancer de cuello uterino",numero de implantes insertados,2015-11-01,0,0,1,0,0,1
POTOSI,"anticoncepcion, prevencion de its y de cancer de cuello uterino",numero de implantes insertados,2015-11-01,0,7,64,24,0,95
PRESTO,"anticoncepcion, prevencion de its y de cancer de cuello uterino",numero de implantes insertados,2015-11-01,0,1,1,2,0,4
PUCARANI,"anticoncepcion, prevencion de its y de cancer de cuello uterino",numero de implantes insertados,2015-11-01,0,1,0,0,0,1
PUERTO GONZALO MORENO,"anticoncepcion, prevencion de its y de cancer de cuello uterino",numero de implantes insertados,2015-11-01,1,0,3,0,0,4
PUNA,"anticoncepcion, prevencion de its y de cancer de cuello uterino",numero de implantes insertados,2015-11-01,0,1,6,1,0,8
QUILLACOLLO,"anticoncepcion, prevencion de its y de cancer de cuello uterino",numero de implantes insertados,2015-11-01,0,0,1,0,0,1
RIBERALTA,"anticoncepcion, prevencion de its y de cancer de cuello uterino",numero de implantes insertados,2015-11-01,1,11,25,1,0,38
SABAYA,"anticoncepcion, prevencion de its y de cancer de cuello uterino",numero de implantes insertados,2015-11-01,0,0,3,1,0,4
SACABA,"anticoncepcion, prevencion de its y de cancer de cuello uterino",numero de implantes insertados,2015-11-01,0,6,23,9,0,38
SALINAS DE GARCI MENDOZA,"anticoncepcion, prevencion de its y de cancer de cuello uterino",numero de implantes insertados,2015-11-01,0,0,2,0,0,2
SAN BORJA,"anticoncepcion, prevencion de its y de cancer de cuello uterino",numero de implantes insertados,2015-11-01,0,14,66,6,0,86
SAN BUENA VENTURA,"anticoncepcion, prevencion de its y de cancer de cuello uterino",numero de implantes insertados,2015-11-01,0,1,15,4,0,20
SAN IGNACIO,"anticoncepcion, prevencion de its y de cancer de cuello uterino",numero de implantes insertados,2015-11-01,0,1,1,0,0,2
SAN JOAQUIN,"anticoncepcion, prevencion de its y de cancer de cuello uterino",numero de implantes insertados,2015-11-01,0,1,1,0,0,2
SAN LORENZO(TJA),"anticoncepcion, prevencion de its y de cancer de cuello uterino",numero de implantes insertados,2015-11-01,0,0,1,0,0,1
SAN LUCAS,"anticoncepcion, prevencion de its y de cancer de cuello uterino",numero de implantes insertados,2015-11-01,0,1,7,3,0,11
SAN PEDRO DE BUENA VISTA,"anticoncepcion, prevencion de its y de cancer de cuello uterino",numero de implantes insertados,2015-11-01,0,0,2,0,0,2
SANTA CRUZ DE LA SIERRA,"anticoncepcion, prevencion de its y de cancer de cuello uterino",numero de implantes insertados,2015-11-01,0,28,83,59,0,170
SANTIAGO DE MACHACA,"anticoncepcion, prevencion de its y de cancer de cuello uterino",numero de implantes insertados,2015-11-01,0,0,2,1,0,3
SICA SICA (VILLA AROMA),"anticoncepcion, prevencion de its y de cancer de cuello uterino",numero de implantes insertados,2015-11-01,0,1,5,0,0,6
SIPE SIPE,"anticoncepcion, prevencion de its y de cancer de cuello uterino",numero de implantes insertados,2015-11-01,0,1,2,0,0,3
SOPACHUY,"anticoncepcion, prevencion de its y de cancer de cuello uterino",numero de implantes insertados,2015-11-01,0,1,5,1,0,7
SORACACHI,"anticoncepcion, prevencion de its y de cancer de cuello uterino",numero de implantes insertados,2015-11-01,0,0,6,0,0,6
SORATA,"anticoncepcion, prevencion de its y de cancer de cuello uterino",numero de implantes insertados,2015-11-01,0,0,3,0,0,3
SUCRE,"anticoncepcion, prevencion de its y de cancer de cuello uterino",numero de implantes insertados,2015-11-01,2,34,156,23,0,215
TAPACARI,"anticoncepcion, prevencion de its y de cancer de cuello uterino",numero de implantes insertados,2015-11-01,0,1,10,1,0,12
TARABUCO,"anticoncepcion, prevencion de its y de cancer de cuello uterino",numero de implantes insertados,2015-11-01,0,2,6,1,0,9
TARIJA,"anticoncepcion, prevencion de its y de cancer de cuello uterino",numero de implantes insertados,2015-11-01,0,0,6,6,0,12
TARVITA,"anticoncepcion, prevencion de its y de cancer de cuello uterino",numero de implantes insertados,2015-11-01,0,0,1,0,0,1
TIAWANACU,"anticoncepcion, prevencion de its y de cancer de cuello uterino",numero de implantes insertados,2015-11-01,0,1,2,1,0,4
TIPUANI,"anticoncepcion, prevencion de its y de cancer de cuello uterino",numero de implantes insertados,2015-11-01,0,0,5,0,0,5
TIRAQUE (CBBA),"anticoncepcion, prevencion de its y de cancer de cuello uterino",numero de implantes insertados,2015-11-01,0,0,2,0,0,2
TOLEDO,"anticoncepcion, prevencion de its y de cancer de cuello uterino",numero de implantes insertados,2015-11-01,0,0,1,1,0,2
TOMINA,"anticoncepcion, prevencion de its y de cancer de cuello uterino",numero de implantes insertados,2015-11-01,0,0,3,0,0,3
TOTORA(CBBA),"anticoncepcion, prevencion de its y de cancer de cuello uterino",numero de implantes insertados,2015-11-01,0,0,6,2,0,8
TRINIDAD,"anticoncepcion, prevencion de its y de cancer de cuello uterino",numero de implantes insertados,2015-11-01,0,0,15,1,0,16
TUPIZA,"anticoncepcion, prevencion de its y de cancer de cuello uterino",numero de implantes insertados,2015-11-01,0,1,14,0,0,15
URIONDO (A. CONCEPCION),"anticoncepcion, prevencion de its y de cancer de cuello uterino",numero de implantes insertados,2015-11-01,0,5,11,0,0,16
UYUNI,"anticoncepcion, prevencion de its y de cancer de cuello uterino",numero de implantes insertados,2015-11-01,0,0,2,0,0,2
VILLA SERRANO,"anticoncepcion, prevencion de its y de cancer de cuello uterino",numero de implantes insertados,2015-11-01,0,0,6,0,0,6
VILLA VACA GUZMAN (MUYUPAMPA),"anticoncepcion, prevencion de its y de cancer de cuello uterino",numero de implantes insertados,2015-11-01,0,2,9,0,0,11
VINTO,"anticoncepcion, prevencion de its y de cancer de cuello uterino",numero de implantes insertados,2015-11-01,0,1,4,0,0,5
VITICHI,"anticoncepcion, prevencion de its y de cancer de cuello uterino",numero de implantes insertados,2015-11-01,0,1,7,5,1,14
YANACACHI,"anticoncepcion, prevencion de its y de cancer de cuello uterino",numero de implantes insertados,2015-11-01,0,0,6,1,0,7
YOTALA,"anticoncepcion, prevencion de its y de cancer de cuello uterino",numero de implantes insertados,2015-11-01,0,0,1,0,0,1
ZUDAÑEZ,"anticoncepcion, prevencion de its y de cancer de cuello uterino",numero de implantes insertados,2015-11-01,0,1,1,0,0,2
ACHACACHI,"anticoncepcion, prevencion de its y de cancer de cuello uterino",numero de implantes insertados,2015-12-01,0,1,2,0,0,3
ACHOCALLA,"anticoncepcion, prevencion de its y de cancer de cuello uterino",numero de implantes insertados,2015-12-01,0,1,7,0,0,8
AIQUILE,"anticoncepcion, prevencion de its y de cancer de cuello uterino",numero de implantes insertados,2015-12-01,0,3,24,2,0,29
ALTO BENI,"anticoncepcion, prevencion de its y de cancer de cuello uterino",numero de implantes insertados,2015-12-01,0,0,4,1,0,5
ANDAMARCA,"anticoncepcion, prevencion de its y de cancer de cuello uterino",numero de implantes insertados,2015-12-01,0,0,1,0,0,1
ANTEQUERA,"anticoncepcion, prevencion de its y de cancer de cuello uterino",numero de implantes insertados,2015-12-01,0,0,11,3,0,14
APOLO,"anticoncepcion, prevencion de its y de cancer de cuello uterino",numero de implantes insertados,2015-12-01,0,0,7,2,0,9
ARBIETO,"anticoncepcion, prevencion de its y de cancer de cuello uterino",numero de implantes insertados,2015-12-01,0,0,6,3,0,9
ATOCHA,"anticoncepcion, prevencion de its y de cancer de cuello uterino",numero de implantes insertados,2015-12-01,0,1,11,1,0,13
AYATA,"anticoncepcion, prevencion de its y de cancer de cuello uterino",numero de implantes insertados,2015-12-01,0,0,2,0,0,2
AYOPAYA (V. DE INDEPENDENCIA),"anticoncepcion, prevencion de its y de cancer de cuello uterino",numero de implantes insertados,2015-12-01,0,3,10,1,0,14
BAURES,"anticoncepcion, prevencion de its y de cancer de cuello uterino",numero de implantes insertados,2015-12-01,1,1,3,0,0,5
BOLPEBRA,"anticoncepcion, prevencion de its y de cancer de cuello uterino",numero de implantes insertados,2015-12-01,0,0,0,3,0,3
CAMARGO,"anticoncepcion, prevencion de its y de cancer de cuello uterino",numero de implantes insertados,2015-12-01,0,3,0,0,0,3
CAMATAQUI (C. VILLA ABECIA),"anticoncepcion, prevencion de its y de cancer de cuello uterino",numero de implantes insertados,2015-12-01,0,1,1,0,0,2
CAPINOTA,"anticoncepcion, prevencion de its y de cancer de cuello uterino",numero de implantes insertados,2015-12-01,0,1,7,2,0,10
CARACOLLO,"anticoncepcion, prevencion de its y de cancer de cuello uterino",numero de implantes insertados,2015-12-01,0,1,8,0,0,9
CHALLAPATA,"anticoncepcion, prevencion de its y de cancer de cuello uterino",numero de implantes insertados,2015-12-01,0,0,5,0,0,5
COBIJA,"anticoncepcion, prevencion de its y de cancer de cuello uterino",numero de implantes insertados,2015-12-01,0,7,40,1,0,48
COCAPATA,"anticoncepcion, prevencion de its y de cancer de cuello uterino",numero de implantes insertados,2015-12-01,0,0,0,1,0,1
COCHABAMBA,"anticoncepcion, prevencion de its y de cancer de cuello uterino",numero de implantes insertados,2015-12-01,0,28,209,23,0,260
COLCAPIRHUA,"anticoncepcion, prevencion de its y de cancer de cuello uterino",numero de implantes insertados,2015-12-01,0,0,0,1,0,1
COLOMI,"anticoncepcion, prevencion de its y de cancer de cuello uterino",numero de implantes insertados,2015-12-01,0,2,0,0,0,2
CORO CORO,"anticoncepcion, prevencion de its y de cancer de cuello uterino",numero de implantes insertados,2015-12-01,0,0,0,1,0,1
COTAGAITA,"anticoncepcion, prevencion de its y de cancer de cuello uterino",numero de implantes insertados,2015-12-01,0,0,2,0,0,2
CUCHUMUELA (V. G. VILLARROEL),"anticoncepcion, prevencion de its y de cancer de cuello uterino",numero de implantes insertados,2015-12-01,0,0,2,0,0,2
CULPINA,"anticoncepcion, prevencion de its y de cancer de cuello uterino",numero de implantes insertados,2015-12-01,0,1,4,0,0,5
CURVA,"anticoncepcion, prevencion de its y de cancer de cuello uterino",numero de implantes insertados,2015-12-01,0,0,1,0,0,1
EL ALTO,"anticoncepcion, prevencion de its y de cancer de cuello uterino",numero de implantes insertados,2015-12-01,0,27,228,73,0,328
EL CHORO,"anticoncepcion, prevencion de its y de cancer de cuello uterino",numero de implantes insertados,2015-12-01,0,0,1,0,0,1
ENTRE RIOS TRJ,"anticoncepcion, prevencion de its y de cancer de cuello uterino",numero de implantes insertados,2015-12-01,0,3,16,3,0,22
EUCALIPTUS,"anticoncepcion, prevencion de its y de cancer de cuello uterino",numero de implantes insertados,2015-12-01,0,0,4,1,0,5
EUREKA (SANTOS MERCADO),"anticoncepcion, prevencion de its y de cancer de cuello uterino",numero de implantes insertados,2015-12-01,0,1,1,0,0,2
FERNANDEZ ALONSO,"anticoncepcion, prevencion de its y de cancer de cuello uterino",numero de implantes insertados,2015-12-01,0,0,1,0,0,1
FILADELFIA,"anticoncepcion, prevencion de its y de cancer de cuello uterino",numero de implantes insertados,2015-12-01,0,0,3,0,0,3
GUANAY,"anticoncepcion, prevencion de its y de cancer de cuello uterino",numero de implantes insertados,2015-12-01,0,4,21,2,0,27
HUACAYA (VILLA DE HUACAYA),"anticoncepcion, prevencion de its y de cancer de cuello uterino",numero de implantes insertados,2015-12-01,0,1,4,1,0,6
HUANUNI,"anticoncepcion, prevencion de its y de cancer de cuello uterino",numero de implantes insertados,2015-12-01,0,3,19,3,0,25
HUARACAJE,"anticoncepcion, prevencion de its y de cancer de cuello uterino",numero de implantes insertados,2015-12-01,0,0,1,0,0,1
HUAYLLAMARCA,"anticoncepcion, prevencion de its y de cancer de cuello uterino",numero de implantes insertados,2015-12-01,0,1,0,0,0,1
ICLA,"anticoncepcion, prevencion de its y de cancer de cuello uterino",numero de implantes insertados,2015-12-01,0,0,3,2,0,5
INCAHUASI,"anticoncepcion, prevencion de its y de cancer de cuello uterino",numero de implantes insertados,2015-12-01,0,2,5,0,0,7
LA PAZ,"anticoncepcion, prevencion de its y de cancer de cuello uterino",numero de implantes insertados,2015-12-01,0,21,175,32,0,228
LAS CARRERAS,"anticoncepcion, prevencion de its y de cancer de cuello uterino",numero de implantes insertados,2015-12-01,0,0,4,1,0,5
LICOMA PAMPA,"anticoncepcion, prevencion de its y de cancer de cuello uterino",numero de implantes insertados,2015-12-01,0,0,2,2,0,4
LLALLAGUA,"anticoncepcion, prevencion de its y de cancer de cuello uterino",numero de implantes insertados,2015-12-01,0,1,22,2,0,25
MACHACAMARCA,"anticoncepcion, prevencion de its y de cancer de cuello uterino",numero de implantes insertados,2015-12-01,0,1,3,2,0,6
MACHARETI,"anticoncepcion, prevencion de its y de cancer de cuello uterino",numero de implantes insertados,2015-12-01,0,0,5,0,0,5
MAGDALENA,"anticoncepcion, prevencion de its y de cancer de cuello uterino",numero de implantes insertados,2015-12-01,0,2,3,0,0,5
MAPIRI,"anticoncepcion, prevencion de its y de cancer de cuello uterino",numero de implantes insertados,2015-12-01,0,0,1,0,0,1
MIZQUE,"anticoncepcion, prevencion de its y de cancer de cuello uterino",numero de implantes insertados,2015-12-01,0,1,1,0,0,2
MOCOMOCO,"anticoncepcion, prevencion de its y de cancer de cuello uterino",numero de implantes insertados,2015-12-01,0,0,1,0,0,1
MONTEAGUDO,"anticoncepcion, prevencion de its y de cancer de cuello uterino",numero de implantes insertados,2015-12-01,0,3,15,2,0,20
ORURO,"anticoncepcion, prevencion de its y de cancer de cuello uterino",numero de implantes insertados,2015-12-01,0,8,107,16,0,131
PADILLA,"anticoncepcion, prevencion de its y de cancer de cuello uterino",numero de implantes insertados,2015-12-01,0,1,4,1,0,6
PALCA,"anticoncepcion, prevencion de its y de cancer de cuello uterino",numero de implantes insertados,2015-12-01,0,0,2,0,0,2
PALOS BLANCOS,"anticoncepcion, prevencion de its y de cancer de cuello uterino",numero de implantes insertados,2015-12-01,0,1,9,1,0,11
PAZÑA,"anticoncepcion, prevencion de its y de cancer de cuello uterino",numero de implantes insertados,2015-12-01,0,0,4,1,0,5
POCOATA,"anticoncepcion, prevencion de its y de cancer de cuello uterino",numero de implantes insertados,2015-12-01,0,0,1,1,0,2
PORTACHUELO,"anticoncepcion, prevencion de its y de cancer de cuello uterino",numero de implantes insertados,2015-12-01,0,1,1,0,0,2
PORVENIR,"anticoncepcion, prevencion de its y de cancer de cuello uterino",numero de implantes insertados,2015-12-01,0,0,2,0,0,2
POTOSI,"anticoncepcion, prevencion de its y de cancer de cuello uterino",numero de implantes insertados,2015-12-01,0,9,105,8,0,122
PRESTO,"anticoncepcion, prevencion de its y de cancer de cuello uterino",numero de implantes insertados,2015-12-01,0,0,5,3,0,8
PUCARANI,"anticoncepcion, prevencion de its y de cancer de cuello uterino",numero de implantes insertados,2015-12-01,0,0,9,1,0,10
PUERTO GONZALO MORENO,"anticoncepcion, prevencion de its y de cancer de cuello uterino",numero de implantes insertados,2015-12-01,0,0,3,0,0,3
PUERTO VILLARROEL,"anticoncepcion, prevencion de its y de cancer de cuello uterino",numero de implantes insertados,2015-12-01,0,0,1,0,0,1
PUNA,"anticoncepcion, prevencion de its y de cancer de cuello uterino",numero de implantes insertados,2015-12-01,0,0,4,0,0,4
QUILLACOLLO,"anticoncepcion, prevencion de its y de cancer de cuello uterino",numero de implantes insertados,2015-12-01,0,2,13,0,0,15
RIBERALTA,"anticoncepcion, prevencion de its y de cancer de cuello uterino",numero de implantes insertados,2015-12-01,1,16,42,8,0,67
ROBORE,"anticoncepcion, prevencion de its y de cancer de cuello uterino",numero de implantes insertados,2015-12-01,0,2,0,0,0,2
RURRENABAQUE,"anticoncepcion, prevencion de its y de cancer de cuello uterino",numero de implantes insertados,2015-12-01,0,4,20,1,0,25
SABAYA,"anticoncepcion, prevencion de its y de cancer de cuello uterino",numero de implantes insertados,2015-12-01,0,0,2,0,0,2
SACABA,"anticoncepcion, prevencion de its y de cancer de cuello uterino",numero de implantes insertados,2015-12-01,0,8,41,8,0,57
SALINAS DE GARCI MENDOZA,"anticoncepcion, prevencion de its y de cancer de cuello uterino",numero de implantes insertados,2015-12-01,0,0,1,0,0,1
SAN BORJA,"anticoncepcion, prevencion de its y de cancer de cuello uterino",numero de implantes insertados,2015-12-01,0,6,16,2,0,24
SAN BUENA VENTURA,"anticoncepcion, prevencion de its y de cancer de cuello uterino",numero de implantes insertados,2015-12-01,0,1,2,1,0,4
SAN CARLOS,"anticoncepcion, prevencion de its y de cancer de cuello uterino",numero de implantes insertados,2015-12-01,0,17,100,11,0,128
SAN IGNACIO,"anticoncepcion, prevencion de its y de cancer de cuello uterino",numero de implantes insertados,2015-12-01,0,1,6,1,0,8
SAN JOAQUIN,"anticoncepcion, prevencion de its y de cancer de cuello uterino",numero de implantes insertados,2015-12-01,0,1,0,0,0,1
SAN LUCAS,"anticoncepcion, prevencion de its y de cancer de cuello uterino",numero de implantes insertados,2015-12-01,0,0,1,0,0,1
SAN PEDRO DE BUENA VISTA,"anticoncepcion, prevencion de its y de cancer de cuello uterino",numero de implantes insertados,2015-12-01,0,3,0,0,0,3
SANTA CRUZ DE LA SIERRA,"anticoncepcion, prevencion de its y de cancer de cuello uterino",numero de implantes insertados,2015-12-01,0,38,84,7,0,129
SANTIAGO DE HUARI,"anticoncepcion, prevencion de its y de cancer de cuello uterino",numero de implantes insertados,2015-12-01,0,0,1,1,0,2
SANTIAGO DE MACHACA,"anticoncepcion, prevencion de its y de cancer de cuello uterino",numero de implantes insertados,2015-12-01,0,0,1,1,0,2
SHINAOTA,"anticoncepcion, prevencion de its y de cancer de cuello uterino",numero de implantes insertados,2015-12-01,0,2,0,0,0,2
SICA SICA (VILLA AROMA),"anticoncepcion, prevencion de its y de cancer de cuello uterino",numero de implantes insertados,2015-12-01,0,0,3,0,0,3
SOPACHUY,"anticoncepcion, prevencion de its y de cancer de cuello uterino",numero de implantes insertados,2015-12-01,0,0,3,1,0,4
SUCRE,"anticoncepcion, prevencion de its y de cancer de cuello uterino",numero de implantes insertados,2015-12-01,1,32,172,40,0,245
TAPACARI,"anticoncepcion, prevencion de its y de cancer de cuello uterino",numero de implantes insertados,2015-12-01,0,0,6,1,0,7
TARABUCO,"anticoncepcion, prevencion de its y de cancer de cuello uterino",numero de implantes insertados,2015-12-01,0,1,4,0,0,5
TARIJA,"anticoncepcion, prevencion de its y de cancer de cuello uterino",numero de implantes insertados,2015-12-01,0,0,12,0,0,12
TEOPONTE,"anticoncepcion, prevencion de its y de cancer de cuello uterino",numero de implantes insertados,2015-12-01,0,3,3,1,0,7
TIAWANACU,"anticoncepcion, prevencion de its y de cancer de cuello uterino",numero de implantes insertados,2015-12-01,0,0,1,0,0,1
TINGUIPAYA,"anticoncepcion, prevencion de its y de cancer de cuello uterino",numero de implantes insertados,2015-12-01,0,0,3,1,0,4
TIPUANI,"anticoncepcion, prevencion de its y de cancer de cuello uterino",numero de implantes insertados,2015-12-01,0,1,5,1,0,7
TIRAQUE (CBBA),"anticoncepcion, prevencion de its y de cancer de cuello uterino",numero de implantes insertados,2015-12-01,0,2,4,0,0,6
TOLATA,"anticoncepcion, prevencion de its y de cancer de cuello uterino",numero de implantes insertados,2015-12-01,0,1,11,1,0,13
TOLEDO,"anticoncepcion, prevencion de its y de cancer de cuello uterino",numero de implantes insertados,2015-12-01,0,2,12,0,0,14
TOMINA,"anticoncepcion, prevencion de its y de cancer de cuello uterino",numero de implantes insertados,2015-12-01,0,2,6,2,0,10
TOTORA(CBBA),"anticoncepcion, prevencion de its y de cancer de cuello uterino",numero de implantes insertados,2015-12-01,0,5,6,3,0,14
TRINIDAD,"anticoncepcion, prevencion de its y de cancer de cuello uterino",numero de implantes insertados,2015-12-01,0,12,39,0,0,51
TUPIZA,"anticoncepcion, prevencion de its y de cancer de cuello uterino",numero de implantes insertados,2015-12-01,0,1,8,0,0,9
URIONDO (A. CONCEPCION),"anticoncepcion, prevencion de its y de cancer de cuello uterino",numero de implantes insertados,2015-12-01,1,2,13,0,0,16
UYUNI,"anticoncepcion, prevencion de its y de cancer de cuello uterino",numero de implantes insertados,2015-12-01,0,0,1,0,0,1
VILLA NUEVA (LOMA ALTA),"anticoncepcion, prevencion de its y de cancer de cuello uterino",numero de implantes insertados,2015-12-01,0,0,1,0,0,1
VILLA SERRANO,"anticoncepcion, prevencion de its y de cancer de cuello uterino",numero de implantes insertados,2015-12-01,0,1,4,2,0,7
VILLA VACA GUZMAN (MUYUPAMPA),"anticoncepcion, prevencion de its y de cancer de cuello uterino",numero de implantes insertados,2015-12-01,0,1,13,2,0,16
VINTO,"anticoncepcion, prevencion de its y de cancer de cuello uterino",numero de implantes insertados,2015-12-01,1,0,3,0,0,4
VITICHI,"anticoncepcion, prevencion de its y de cancer de cuello uterino",numero de implantes insertados,2015-12-01,0,0,5,0,0,5
WARNES,"anticoncepcion, prevencion de its y de cancer de cuello uterino",numero de implantes insertados,2015-12-01,0,0,3,0,0,3
YANACACHI,"anticoncepcion, prevencion de its y de cancer de cuello uterino",numero de implantes insertados,2015-12-01,0,0,2,0,0,2
YAPACANI,"anticoncepcion, prevencion de its y de cancer de cuello uterino",numero de implantes insertados,2015-12-01,0,6,6,0,0,12
YOTALA,"anticoncepcion, prevencion de its y de cancer de cuello uterino",numero de implantes insertados,2015-12-01,0,1,3,0,0,4
ZUDAÑEZ,"anticoncepcion, prevencion de its y de cancer de cuello uterino",numero de implantes insertados,2015-12-01,0,0,1,0,0,1
