municipality,group,variable,month,Número de mujeres con exámen clínico de mama positivos (sospechoso de nódulo neoplásico),Número de mujeres con exámen clínico de mama positivos (sospechoso de nódulo neoplásico)1,Número de mujeres con exámen clínico de mama positivos (sospechoso de nódulo neoplásico)2,Número de mujeres con exámen clínico de mama positivos (sospechoso de nódulo neoplásico)3,Número de mujeres con exámen clínico de mama positivos (sospechoso de nódulo neoplásico)4,TOTAL
ALALAY,"anticoncepcion, prevencion de its y de cancer de cuello uterino",numero de mujeres con examen clinico de mama positivos (sospechoso de nodulo neoplasico),2015-01-01,0,2,1,0,0,3
APOLO,"anticoncepcion, prevencion de its y de cancer de cuello uterino",numero de mujeres con examen clinico de mama positivos (sospechoso de nodulo neoplasico),2015-01-01,0,0,0,2,0,2
BERMEJO,"anticoncepcion, prevencion de its y de cancer de cuello uterino",numero de mujeres con examen clinico de mama positivos (sospechoso de nodulo neoplasico),2015-01-01,0,4,5,0,1,10
CARANAVI,"anticoncepcion, prevencion de its y de cancer de cuello uterino",numero de mujeres con examen clinico de mama positivos (sospechoso de nodulo neoplasico),2015-01-01,0,0,2,0,0,2
COCHABAMBA,"anticoncepcion, prevencion de its y de cancer de cuello uterino",numero de mujeres con examen clinico de mama positivos (sospechoso de nodulo neoplasico),2015-01-01,0,1,3,5,1,10
COTAGAITA,"anticoncepcion, prevencion de its y de cancer de cuello uterino",numero de mujeres con examen clinico de mama positivos (sospechoso de nodulo neoplasico),2015-01-01,0,2,1,2,0,5
EL ALTO,"anticoncepcion, prevencion de its y de cancer de cuello uterino",numero de mujeres con examen clinico de mama positivos (sospechoso de nodulo neoplasico),2015-01-01,0,0,1,3,0,4
EL PUENTE(TJA),"anticoncepcion, prevencion de its y de cancer de cuello uterino",numero de mujeres con examen clinico de mama positivos (sospechoso de nodulo neoplasico),2015-01-01,0,1,5,2,0,8
EL TORNO,"anticoncepcion, prevencion de its y de cancer de cuello uterino",numero de mujeres con examen clinico de mama positivos (sospechoso de nodulo neoplasico),2015-01-01,0,0,2,0,0,2
ENTRE RIOS CBBA,"anticoncepcion, prevencion de its y de cancer de cuello uterino",numero de mujeres con examen clinico de mama positivos (sospechoso de nodulo neoplasico),2015-01-01,0,2,4,0,0,6
FERNANDEZ ALONSO,"anticoncepcion, prevencion de its y de cancer de cuello uterino",numero de mujeres con examen clinico de mama positivos (sospechoso de nodulo neoplasico),2015-01-01,0,1,0,0,0,1
GRAL. J.J. PEREZ (CHARAZANI),"anticoncepcion, prevencion de its y de cancer de cuello uterino",numero de mujeres con examen clinico de mama positivos (sospechoso de nodulo neoplasico),2015-01-01,0,0,1,0,0,1
LA PAZ,"anticoncepcion, prevencion de its y de cancer de cuello uterino",numero de mujeres con examen clinico de mama positivos (sospechoso de nodulo neoplasico),2015-01-01,0,0,1,3,1,5
MAPIRI,"anticoncepcion, prevencion de its y de cancer de cuello uterino",numero de mujeres con examen clinico de mama positivos (sospechoso de nodulo neoplasico),2015-01-01,0,0,1,0,0,1
MIZQUE,"anticoncepcion, prevencion de its y de cancer de cuello uterino",numero de mujeres con examen clinico de mama positivos (sospechoso de nodulo neoplasico),2015-01-01,0,0,1,0,0,1
MONTERO,"anticoncepcion, prevencion de its y de cancer de cuello uterino",numero de mujeres con examen clinico de mama positivos (sospechoso de nodulo neoplasico),2015-01-01,0,7,9,2,0,18
PADCAYA,"anticoncepcion, prevencion de its y de cancer de cuello uterino",numero de mujeres con examen clinico de mama positivos (sospechoso de nodulo neoplasico),2015-01-01,0,1,1,0,0,2
PALOS BLANCOS,"anticoncepcion, prevencion de its y de cancer de cuello uterino",numero de mujeres con examen clinico de mama positivos (sospechoso de nodulo neoplasico),2015-01-01,0,1,3,0,0,4
POTOSI,"anticoncepcion, prevencion de its y de cancer de cuello uterino",numero de mujeres con examen clinico de mama positivos (sospechoso de nodulo neoplasico),2015-01-01,0,0,0,1,0,1
QUIABAYA,"anticoncepcion, prevencion de its y de cancer de cuello uterino",numero de mujeres con examen clinico de mama positivos (sospechoso de nodulo neoplasico),2015-01-01,0,1,2,0,0,3
RURRENABAQUE,"anticoncepcion, prevencion de its y de cancer de cuello uterino",numero de mujeres con examen clinico de mama positivos (sospechoso de nodulo neoplasico),2015-01-01,1,6,9,3,0,19
SACABA,"anticoncepcion, prevencion de its y de cancer de cuello uterino",numero de mujeres con examen clinico de mama positivos (sospechoso de nodulo neoplasico),2015-01-01,0,0,1,0,0,1
SAN PEDRO,"anticoncepcion, prevencion de its y de cancer de cuello uterino",numero de mujeres con examen clinico de mama positivos (sospechoso de nodulo neoplasico),2015-01-01,0,1,1,0,0,2
SANTA CRUZ DE LA SIERRA,"anticoncepcion, prevencion de its y de cancer de cuello uterino",numero de mujeres con examen clinico de mama positivos (sospechoso de nodulo neoplasico),2015-01-01,0,0,0,2,0,2
SANTIAGO DE CALLAPA,"anticoncepcion, prevencion de its y de cancer de cuello uterino",numero de mujeres con examen clinico de mama positivos (sospechoso de nodulo neoplasico),2015-01-01,0,0,3,0,0,3
SUCRE,"anticoncepcion, prevencion de its y de cancer de cuello uterino",numero de mujeres con examen clinico de mama positivos (sospechoso de nodulo neoplasico),2015-01-01,0,1,0,0,0,1
TARIJA,"anticoncepcion, prevencion de its y de cancer de cuello uterino",numero de mujeres con examen clinico de mama positivos (sospechoso de nodulo neoplasico),2015-01-01,0,0,2,1,0,3
TIQUIPAYA,"anticoncepcion, prevencion de its y de cancer de cuello uterino",numero de mujeres con examen clinico de mama positivos (sospechoso de nodulo neoplasico),2015-01-01,0,1,0,0,0,1
TRINIDAD,"anticoncepcion, prevencion de its y de cancer de cuello uterino",numero de mujeres con examen clinico de mama positivos (sospechoso de nodulo neoplasico),2015-01-01,0,0,0,1,0,1
URIONDO (A. CONCEPCION),"anticoncepcion, prevencion de its y de cancer de cuello uterino",numero de mujeres con examen clinico de mama positivos (sospechoso de nodulo neoplasico),2015-01-01,0,1,1,0,0,2
VINTO,"anticoncepcion, prevencion de its y de cancer de cuello uterino",numero de mujeres con examen clinico de mama positivos (sospechoso de nodulo neoplasico),2015-01-01,0,5,27,2,0,34
VITICHI,"anticoncepcion, prevencion de its y de cancer de cuello uterino",numero de mujeres con examen clinico de mama positivos (sospechoso de nodulo neoplasico),2015-01-01,0,2,1,1,0,4
YACUIBA,"anticoncepcion, prevencion de its y de cancer de cuello uterino",numero de mujeres con examen clinico de mama positivos (sospechoso de nodulo neoplasico),2015-01-01,0,3,9,2,0,14
ACHACACHI,"anticoncepcion, prevencion de its y de cancer de cuello uterino",numero de mujeres con examen clinico de mama positivos (sospechoso de nodulo neoplasico),2015-02-01,0,1,0,0,0,1
BERMEJO,"anticoncepcion, prevencion de its y de cancer de cuello uterino",numero de mujeres con examen clinico de mama positivos (sospechoso de nodulo neoplasico),2015-02-01,0,1,1,1,0,3
CHAQUI,"anticoncepcion, prevencion de its y de cancer de cuello uterino",numero de mujeres con examen clinico de mama positivos (sospechoso de nodulo neoplasico),2015-02-01,0,0,0,1,1,2
CHUMA,"anticoncepcion, prevencion de its y de cancer de cuello uterino",numero de mujeres con examen clinico de mama positivos (sospechoso de nodulo neoplasico),2015-02-01,0,0,0,1,0,1
COCHABAMBA,"anticoncepcion, prevencion de its y de cancer de cuello uterino",numero de mujeres con examen clinico de mama positivos (sospechoso de nodulo neoplasico),2015-02-01,0,1,26,6,5,38
COTAGAITA,"anticoncepcion, prevencion de its y de cancer de cuello uterino",numero de mujeres con examen clinico de mama positivos (sospechoso de nodulo neoplasico),2015-02-01,0,1,0,0,0,1
COTOCA,"anticoncepcion, prevencion de its y de cancer de cuello uterino",numero de mujeres con examen clinico de mama positivos (sospechoso de nodulo neoplasico),2015-02-01,0,1,2,0,0,3
EL ALTO,"anticoncepcion, prevencion de its y de cancer de cuello uterino",numero de mujeres con examen clinico de mama positivos (sospechoso de nodulo neoplasico),2015-02-01,0,0,0,1,0,1
EL PUENTE(TJA),"anticoncepcion, prevencion de its y de cancer de cuello uterino",numero de mujeres con examen clinico de mama positivos (sospechoso de nodulo neoplasico),2015-02-01,1,3,12,2,0,18
FERNANDEZ ALONSO,"anticoncepcion, prevencion de its y de cancer de cuello uterino",numero de mujeres con examen clinico de mama positivos (sospechoso de nodulo neoplasico),2015-02-01,0,0,4,0,0,4
INQUISIVI,"anticoncepcion, prevencion de its y de cancer de cuello uterino",numero de mujeres con examen clinico de mama positivos (sospechoso de nodulo neoplasico),2015-02-01,0,0,0,1,0,1
LA PAZ,"anticoncepcion, prevencion de its y de cancer de cuello uterino",numero de mujeres con examen clinico de mama positivos (sospechoso de nodulo neoplasico),2015-02-01,0,0,0,1,2,3
MAPIRI,"anticoncepcion, prevencion de its y de cancer de cuello uterino",numero de mujeres con examen clinico de mama positivos (sospechoso de nodulo neoplasico),2015-02-01,0,0,1,0,0,1
MINEROS,"anticoncepcion, prevencion de its y de cancer de cuello uterino",numero de mujeres con examen clinico de mama positivos (sospechoso de nodulo neoplasico),2015-02-01,1,0,0,0,0,1
MONTERO,"anticoncepcion, prevencion de its y de cancer de cuello uterino",numero de mujeres con examen clinico de mama positivos (sospechoso de nodulo neoplasico),2015-02-01,0,5,14,2,0,21
PALOS BLANCOS,"anticoncepcion, prevencion de its y de cancer de cuello uterino",numero de mujeres con examen clinico de mama positivos (sospechoso de nodulo neoplasico),2015-02-01,0,1,0,0,0,1
RURRENABAQUE,"anticoncepcion, prevencion de its y de cancer de cuello uterino",numero de mujeres con examen clinico de mama positivos (sospechoso de nodulo neoplasico),2015-02-01,0,0,1,0,0,1
SACABA,"anticoncepcion, prevencion de its y de cancer de cuello uterino",numero de mujeres con examen clinico de mama positivos (sospechoso de nodulo neoplasico),2015-02-01,0,0,1,0,0,1
SAN BORJA,"anticoncepcion, prevencion de its y de cancer de cuello uterino",numero de mujeres con examen clinico de mama positivos (sospechoso de nodulo neoplasico),2015-02-01,0,0,1,0,0,1
SAN CARLOS,"anticoncepcion, prevencion de its y de cancer de cuello uterino",numero de mujeres con examen clinico de mama positivos (sospechoso de nodulo neoplasico),2015-02-01,1,0,2,0,0,3
SAN IGNACIO,"anticoncepcion, prevencion de its y de cancer de cuello uterino",numero de mujeres con examen clinico de mama positivos (sospechoso de nodulo neoplasico),2015-02-01,0,0,5,0,0,5
SAN PEDRO,"anticoncepcion, prevencion de its y de cancer de cuello uterino",numero de mujeres con examen clinico de mama positivos (sospechoso de nodulo neoplasico),2015-02-01,0,0,1,1,0,2
SANTA CRUZ DE LA SIERRA,"anticoncepcion, prevencion de its y de cancer de cuello uterino",numero de mujeres con examen clinico de mama positivos (sospechoso de nodulo neoplasico),2015-02-01,0,0,5,2,1,8
SANTIAGO DE HUATA,"anticoncepcion, prevencion de its y de cancer de cuello uterino",numero de mujeres con examen clinico de mama positivos (sospechoso de nodulo neoplasico),2015-02-01,0,0,0,1,0,1
TACACOMA,"anticoncepcion, prevencion de its y de cancer de cuello uterino",numero de mujeres con examen clinico de mama positivos (sospechoso de nodulo neoplasico),2015-02-01,0,1,0,0,0,1
TEOPONTE,"anticoncepcion, prevencion de its y de cancer de cuello uterino",numero de mujeres con examen clinico de mama positivos (sospechoso de nodulo neoplasico),2015-02-01,0,6,1,0,0,7
TIQUIPAYA,"anticoncepcion, prevencion de its y de cancer de cuello uterino",numero de mujeres con examen clinico de mama positivos (sospechoso de nodulo neoplasico),2015-02-01,0,0,1,0,0,1
TRINIDAD,"anticoncepcion, prevencion de its y de cancer de cuello uterino",numero de mujeres con examen clinico de mama positivos (sospechoso de nodulo neoplasico),2015-02-01,0,0,0,53,0,53
VACAS,"anticoncepcion, prevencion de its y de cancer de cuello uterino",numero de mujeres con examen clinico de mama positivos (sospechoso de nodulo neoplasico),2015-02-01,0,1,0,0,0,1
YACUIBA,"anticoncepcion, prevencion de its y de cancer de cuello uterino",numero de mujeres con examen clinico de mama positivos (sospechoso de nodulo neoplasico),2015-02-01,1,3,8,2,0,14
YUNCHARA,"anticoncepcion, prevencion de its y de cancer de cuello uterino",numero de mujeres con examen clinico de mama positivos (sospechoso de nodulo neoplasico),2015-02-01,0,0,1,0,0,1
ACHACACHI,"anticoncepcion, prevencion de its y de cancer de cuello uterino",numero de mujeres con examen clinico de mama positivos (sospechoso de nodulo neoplasico),2015-03-01,0,1,3,0,0,4
ALALAY,"anticoncepcion, prevencion de its y de cancer de cuello uterino",numero de mujeres con examen clinico de mama positivos (sospechoso de nodulo neoplasico),2015-03-01,1,0,0,0,0,1
BERMEJO,"anticoncepcion, prevencion de its y de cancer de cuello uterino",numero de mujeres con examen clinico de mama positivos (sospechoso de nodulo neoplasico),2015-03-01,0,2,1,2,0,5
COCHABAMBA,"anticoncepcion, prevencion de its y de cancer de cuello uterino",numero de mujeres con examen clinico de mama positivos (sospechoso de nodulo neoplasico),2015-03-01,0,0,2,5,5,12
COTAGAITA,"anticoncepcion, prevencion de its y de cancer de cuello uterino",numero de mujeres con examen clinico de mama positivos (sospechoso de nodulo neoplasico),2015-03-01,0,1,1,2,0,4
CRUZ DE MACHACAMARCA,"anticoncepcion, prevencion de its y de cancer de cuello uterino",numero de mujeres con examen clinico de mama positivos (sospechoso de nodulo neoplasico),2015-03-01,0,0,1,0,0,1
EL ALTO,"anticoncepcion, prevencion de its y de cancer de cuello uterino",numero de mujeres con examen clinico de mama positivos (sospechoso de nodulo neoplasico),2015-03-01,0,0,1,1,0,2
EL PUENTE(TJA),"anticoncepcion, prevencion de its y de cancer de cuello uterino",numero de mujeres con examen clinico de mama positivos (sospechoso de nodulo neoplasico),2015-03-01,0,3,14,4,0,21
FERNANDEZ ALONSO,"anticoncepcion, prevencion de its y de cancer de cuello uterino",numero de mujeres con examen clinico de mama positivos (sospechoso de nodulo neoplasico),2015-03-01,0,0,5,0,0,5
GENERAL SAAVEDRA,"anticoncepcion, prevencion de its y de cancer de cuello uterino",numero de mujeres con examen clinico de mama positivos (sospechoso de nodulo neoplasico),2015-03-01,0,0,1,0,0,1
LA PAZ,"anticoncepcion, prevencion de its y de cancer de cuello uterino",numero de mujeres con examen clinico de mama positivos (sospechoso de nodulo neoplasico),2015-03-01,0,0,0,22,30,52
MAPIRI,"anticoncepcion, prevencion de its y de cancer de cuello uterino",numero de mujeres con examen clinico de mama positivos (sospechoso de nodulo neoplasico),2015-03-01,0,1,1,0,0,2
MINEROS,"anticoncepcion, prevencion de its y de cancer de cuello uterino",numero de mujeres con examen clinico de mama positivos (sospechoso de nodulo neoplasico),2015-03-01,0,1,0,1,0,2
MONTERO,"anticoncepcion, prevencion de its y de cancer de cuello uterino",numero de mujeres con examen clinico de mama positivos (sospechoso de nodulo neoplasico),2015-03-01,0,0,3,0,0,3
PALOS BLANCOS,"anticoncepcion, prevencion de its y de cancer de cuello uterino",numero de mujeres con examen clinico de mama positivos (sospechoso de nodulo neoplasico),2015-03-01,0,2,3,0,0,5
POTOSI,"anticoncepcion, prevencion de its y de cancer de cuello uterino",numero de mujeres con examen clinico de mama positivos (sospechoso de nodulo neoplasico),2015-03-01,0,0,0,1,0,1
QUIABAYA,"anticoncepcion, prevencion de its y de cancer de cuello uterino",numero de mujeres con examen clinico de mama positivos (sospechoso de nodulo neoplasico),2015-03-01,0,0,1,0,0,1
QUILLACOLLO,"anticoncepcion, prevencion de its y de cancer de cuello uterino",numero de mujeres con examen clinico de mama positivos (sospechoso de nodulo neoplasico),2015-03-01,0,0,5,0,0,5
RIBERALTA,"anticoncepcion, prevencion de its y de cancer de cuello uterino",numero de mujeres con examen clinico de mama positivos (sospechoso de nodulo neoplasico),2015-03-01,0,0,0,1,0,1
RURRENABAQUE,"anticoncepcion, prevencion de its y de cancer de cuello uterino",numero de mujeres con examen clinico de mama positivos (sospechoso de nodulo neoplasico),2015-03-01,0,2,3,1,0,6
SALINAS DE GARCI MENDOZA,"anticoncepcion, prevencion de its y de cancer de cuello uterino",numero de mujeres con examen clinico de mama positivos (sospechoso de nodulo neoplasico),2015-03-01,0,1,1,0,0,2
SAN LORENZO(TJA),"anticoncepcion, prevencion de its y de cancer de cuello uterino",numero de mujeres con examen clinico de mama positivos (sospechoso de nodulo neoplasico),2015-03-01,0,1,0,1,0,2
SANTA CRUZ DE LA SIERRA,"anticoncepcion, prevencion de its y de cancer de cuello uterino",numero de mujeres con examen clinico de mama positivos (sospechoso de nodulo neoplasico),2015-03-01,0,0,8,5,0,13
SANTIAGO DE CALLAPA,"anticoncepcion, prevencion de its y de cancer de cuello uterino",numero de mujeres con examen clinico de mama positivos (sospechoso de nodulo neoplasico),2015-03-01,0,2,2,2,0,6
SANTIAGO DE HUARI,"anticoncepcion, prevencion de its y de cancer de cuello uterino",numero de mujeres con examen clinico de mama positivos (sospechoso de nodulo neoplasico),2015-03-01,0,0,1,0,0,1
SANTIAGO DE HUATA,"anticoncepcion, prevencion de its y de cancer de cuello uterino",numero de mujeres con examen clinico de mama positivos (sospechoso de nodulo neoplasico),2015-03-01,0,1,5,1,0,7
SUCRE,"anticoncepcion, prevencion de its y de cancer de cuello uterino",numero de mujeres con examen clinico de mama positivos (sospechoso de nodulo neoplasico),2015-03-01,0,0,0,2,0,2
TACACOMA,"anticoncepcion, prevencion de its y de cancer de cuello uterino",numero de mujeres con examen clinico de mama positivos (sospechoso de nodulo neoplasico),2015-03-01,0,1,1,0,0,2
TAPACARI,"anticoncepcion, prevencion de its y de cancer de cuello uterino",numero de mujeres con examen clinico de mama positivos (sospechoso de nodulo neoplasico),2015-03-01,0,1,2,1,0,4
TIQUIPAYA,"anticoncepcion, prevencion de its y de cancer de cuello uterino",numero de mujeres con examen clinico de mama positivos (sospechoso de nodulo neoplasico),2015-03-01,0,0,1,0,0,1
TOTORA(CBBA),"anticoncepcion, prevencion de its y de cancer de cuello uterino",numero de mujeres con examen clinico de mama positivos (sospechoso de nodulo neoplasico),2015-03-01,0,0,1,0,0,1
TRINIDAD,"anticoncepcion, prevencion de its y de cancer de cuello uterino",numero de mujeres con examen clinico de mama positivos (sospechoso de nodulo neoplasico),2015-03-01,0,1,0,0,0,1
TUPIZA,"anticoncepcion, prevencion de its y de cancer de cuello uterino",numero de mujeres con examen clinico de mama positivos (sospechoso de nodulo neoplasico),2015-03-01,0,0,1,0,0,1
YACUIBA,"anticoncepcion, prevencion de its y de cancer de cuello uterino",numero de mujeres con examen clinico de mama positivos (sospechoso de nodulo neoplasico),2015-03-01,1,1,3,0,0,5
YUNCHARA,"anticoncepcion, prevencion de its y de cancer de cuello uterino",numero de mujeres con examen clinico de mama positivos (sospechoso de nodulo neoplasico),2015-03-01,0,2,3,0,0,5
ANZALDO,"anticoncepcion, prevencion de its y de cancer de cuello uterino",numero de mujeres con examen clinico de mama positivos (sospechoso de nodulo neoplasico),2015-04-01,0,1,6,0,0,7
BERMEJO,"anticoncepcion, prevencion de its y de cancer de cuello uterino",numero de mujeres con examen clinico de mama positivos (sospechoso de nodulo neoplasico),2015-04-01,0,1,0,0,0,1
CHUMA,"anticoncepcion, prevencion de its y de cancer de cuello uterino",numero de mujeres con examen clinico de mama positivos (sospechoso de nodulo neoplasico),2015-04-01,0,1,0,0,0,1
COCHABAMBA,"anticoncepcion, prevencion de its y de cancer de cuello uterino",numero de mujeres con examen clinico de mama positivos (sospechoso de nodulo neoplasico),2015-04-01,0,1,1,3,2,7
COTAGAITA,"anticoncepcion, prevencion de its y de cancer de cuello uterino",numero de mujeres con examen clinico de mama positivos (sospechoso de nodulo neoplasico),2015-04-01,0,2,4,2,0,8
EL PUENTE(TJA),"anticoncepcion, prevencion de its y de cancer de cuello uterino",numero de mujeres con examen clinico de mama positivos (sospechoso de nodulo neoplasico),2015-04-01,0,3,3,0,0,6
EL TORNO,"anticoncepcion, prevencion de its y de cancer de cuello uterino",numero de mujeres con examen clinico de mama positivos (sospechoso de nodulo neoplasico),2015-04-01,0,0,1,0,0,1
FERNANDEZ ALONSO,"anticoncepcion, prevencion de its y de cancer de cuello uterino",numero de mujeres con examen clinico de mama positivos (sospechoso de nodulo neoplasico),2015-04-01,0,2,9,1,0,12
LA PAZ,"anticoncepcion, prevencion de its y de cancer de cuello uterino",numero de mujeres con examen clinico de mama positivos (sospechoso de nodulo neoplasico),2015-04-01,0,0,1,0,1,2
MINEROS,"anticoncepcion, prevencion de its y de cancer de cuello uterino",numero de mujeres con examen clinico de mama positivos (sospechoso de nodulo neoplasico),2015-04-01,0,0,1,0,0,1
MONTEAGUDO,"anticoncepcion, prevencion de its y de cancer de cuello uterino",numero de mujeres con examen clinico de mama positivos (sospechoso de nodulo neoplasico),2015-04-01,0,0,2,0,0,2
MONTERO,"anticoncepcion, prevencion de its y de cancer de cuello uterino",numero de mujeres con examen clinico de mama positivos (sospechoso de nodulo neoplasico),2015-04-01,0,2,4,1,0,7
ORURO,"anticoncepcion, prevencion de its y de cancer de cuello uterino",numero de mujeres con examen clinico de mama positivos (sospechoso de nodulo neoplasico),2015-04-01,0,0,1,0,0,1
PADCAYA,"anticoncepcion, prevencion de its y de cancer de cuello uterino",numero de mujeres con examen clinico de mama positivos (sospechoso de nodulo neoplasico),2015-04-01,0,1,5,0,0,6
PALOS BLANCOS,"anticoncepcion, prevencion de its y de cancer de cuello uterino",numero de mujeres con examen clinico de mama positivos (sospechoso de nodulo neoplasico),2015-04-01,0,1,0,1,0,2
POJO (CBBA),"anticoncepcion, prevencion de its y de cancer de cuello uterino",numero de mujeres con examen clinico de mama positivos (sospechoso de nodulo neoplasico),2015-04-01,1,0,0,0,0,1
PUERTO VILLARROEL,"anticoncepcion, prevencion de its y de cancer de cuello uterino",numero de mujeres con examen clinico de mama positivos (sospechoso de nodulo neoplasico),2015-04-01,0,0,1,0,0,1
SACABA,"anticoncepcion, prevencion de its y de cancer de cuello uterino",numero de mujeres con examen clinico de mama positivos (sospechoso de nodulo neoplasico),2015-04-01,0,0,2,0,0,2
SAN BORJA,"anticoncepcion, prevencion de its y de cancer de cuello uterino",numero de mujeres con examen clinico de mama positivos (sospechoso de nodulo neoplasico),2015-04-01,0,1,1,0,0,2
SAN IGNACIO DE VELASCO,"anticoncepcion, prevencion de its y de cancer de cuello uterino",numero de mujeres con examen clinico de mama positivos (sospechoso de nodulo neoplasico),2015-04-01,0,1,1,0,0,2
SANTA CRUZ DE LA SIERRA,"anticoncepcion, prevencion de its y de cancer de cuello uterino",numero de mujeres con examen clinico de mama positivos (sospechoso de nodulo neoplasico),2015-04-01,0,0,1,1,0,2
SANTIAGO DE HUATA,"anticoncepcion, prevencion de its y de cancer de cuello uterino",numero de mujeres con examen clinico de mama positivos (sospechoso de nodulo neoplasico),2015-04-01,0,0,3,2,0,5
SUCRE,"anticoncepcion, prevencion de its y de cancer de cuello uterino",numero de mujeres con examen clinico de mama positivos (sospechoso de nodulo neoplasico),2015-04-01,0,0,1,1,1,3
TACACOMA,"anticoncepcion, prevencion de its y de cancer de cuello uterino",numero de mujeres con examen clinico de mama positivos (sospechoso de nodulo neoplasico),2015-04-01,0,0,1,0,0,1
TAPACARI,"anticoncepcion, prevencion de its y de cancer de cuello uterino",numero de mujeres con examen clinico de mama positivos (sospechoso de nodulo neoplasico),2015-04-01,0,0,0,1,0,1
TARIJA,"anticoncepcion, prevencion de its y de cancer de cuello uterino",numero de mujeres con examen clinico de mama positivos (sospechoso de nodulo neoplasico),2015-04-01,0,0,7,0,0,7
VILLA TUNARI,"anticoncepcion, prevencion de its y de cancer de cuello uterino",numero de mujeres con examen clinico de mama positivos (sospechoso de nodulo neoplasico),2015-04-01,0,4,2,3,0,9
YACUIBA,"anticoncepcion, prevencion de its y de cancer de cuello uterino",numero de mujeres con examen clinico de mama positivos (sospechoso de nodulo neoplasico),2015-04-01,0,2,7,3,0,12
ANDAMARCA,"anticoncepcion, prevencion de its y de cancer de cuello uterino",numero de mujeres con examen clinico de mama positivos (sospechoso de nodulo neoplasico),2015-05-01,0,0,1,0,0,1
BERMEJO,"anticoncepcion, prevencion de its y de cancer de cuello uterino",numero de mujeres con examen clinico de mama positivos (sospechoso de nodulo neoplasico),2015-05-01,0,1,2,1,0,4
CKOCHAS,"anticoncepcion, prevencion de its y de cancer de cuello uterino",numero de mujeres con examen clinico de mama positivos (sospechoso de nodulo neoplasico),2015-05-01,0,0,0,1,0,1
CLIZA,"anticoncepcion, prevencion de its y de cancer de cuello uterino",numero de mujeres con examen clinico de mama positivos (sospechoso de nodulo neoplasico),2015-05-01,0,0,1,0,0,1
COCHABAMBA,"anticoncepcion, prevencion de its y de cancer de cuello uterino",numero de mujeres con examen clinico de mama positivos (sospechoso de nodulo neoplasico),2015-05-01,0,8,31,16,1,56
COPACABANA,"anticoncepcion, prevencion de its y de cancer de cuello uterino",numero de mujeres con examen clinico de mama positivos (sospechoso de nodulo neoplasico),2015-05-01,0,0,5,0,0,5
COTAGAITA,"anticoncepcion, prevencion de its y de cancer de cuello uterino",numero de mujeres con examen clinico de mama positivos (sospechoso de nodulo neoplasico),2015-05-01,0,1,0,0,0,1
EL PUENTE(TJA),"anticoncepcion, prevencion de its y de cancer de cuello uterino",numero de mujeres con examen clinico de mama positivos (sospechoso de nodulo neoplasico),2015-05-01,0,1,6,1,0,8
ENTRE RIOS CBBA,"anticoncepcion, prevencion de its y de cancer de cuello uterino",numero de mujeres con examen clinico de mama positivos (sospechoso de nodulo neoplasico),2015-05-01,0,1,2,0,0,3
FERNANDEZ ALONSO,"anticoncepcion, prevencion de its y de cancer de cuello uterino",numero de mujeres con examen clinico de mama positivos (sospechoso de nodulo neoplasico),2015-05-01,0,8,7,0,0,15
INQUISIVI,"anticoncepcion, prevencion de its y de cancer de cuello uterino",numero de mujeres con examen clinico de mama positivos (sospechoso de nodulo neoplasico),2015-05-01,0,0,0,2,0,2
LA PAZ,"anticoncepcion, prevencion de its y de cancer de cuello uterino",numero de mujeres con examen clinico de mama positivos (sospechoso de nodulo neoplasico),2015-05-01,0,0,0,3,0,3
MONTERO,"anticoncepcion, prevencion de its y de cancer de cuello uterino",numero de mujeres con examen clinico de mama positivos (sospechoso de nodulo neoplasico),2015-05-01,0,4,5,2,0,11
PADCAYA,"anticoncepcion, prevencion de its y de cancer de cuello uterino",numero de mujeres con examen clinico de mama positivos (sospechoso de nodulo neoplasico),2015-05-01,0,0,2,0,0,2
PALOS BLANCOS,"anticoncepcion, prevencion de its y de cancer de cuello uterino",numero de mujeres con examen clinico de mama positivos (sospechoso de nodulo neoplasico),2015-05-01,0,0,1,0,0,1
PATACAMAYA,"anticoncepcion, prevencion de its y de cancer de cuello uterino",numero de mujeres con examen clinico de mama positivos (sospechoso de nodulo neoplasico),2015-05-01,0,0,1,0,0,1
POJO (CBBA),"anticoncepcion, prevencion de its y de cancer de cuello uterino",numero de mujeres con examen clinico de mama positivos (sospechoso de nodulo neoplasico),2015-05-01,0,0,1,0,0,1
QUIABAYA,"anticoncepcion, prevencion de its y de cancer de cuello uterino",numero de mujeres con examen clinico de mama positivos (sospechoso de nodulo neoplasico),2015-05-01,0,1,0,0,0,1
QUILLACOLLO,"anticoncepcion, prevencion de its y de cancer de cuello uterino",numero de mujeres con examen clinico de mama positivos (sospechoso de nodulo neoplasico),2015-05-01,0,0,4,0,0,4
SACABA,"anticoncepcion, prevencion de its y de cancer de cuello uterino",numero de mujeres con examen clinico de mama positivos (sospechoso de nodulo neoplasico),2015-05-01,0,1,0,0,0,1
SAN LORENZO(TJA),"anticoncepcion, prevencion de its y de cancer de cuello uterino",numero de mujeres con examen clinico de mama positivos (sospechoso de nodulo neoplasico),2015-05-01,0,0,0,1,0,1
SAN PEDRO,"anticoncepcion, prevencion de its y de cancer de cuello uterino",numero de mujeres con examen clinico de mama positivos (sospechoso de nodulo neoplasico),2015-05-01,0,0,1,0,0,1
SANTA CRUZ DE LA SIERRA,"anticoncepcion, prevencion de its y de cancer de cuello uterino",numero de mujeres con examen clinico de mama positivos (sospechoso de nodulo neoplasico),2015-05-01,0,13,125,133,66,337
SANTIAGO DE CALLAPA,"anticoncepcion, prevencion de its y de cancer de cuello uterino",numero de mujeres con examen clinico de mama positivos (sospechoso de nodulo neoplasico),2015-05-01,0,0,1,0,0,1
SANTIAGO DE HUATA,"anticoncepcion, prevencion de its y de cancer de cuello uterino",numero de mujeres con examen clinico de mama positivos (sospechoso de nodulo neoplasico),2015-05-01,0,0,4,1,0,5
SHINAOTA,"anticoncepcion, prevencion de its y de cancer de cuello uterino",numero de mujeres con examen clinico de mama positivos (sospechoso de nodulo neoplasico),2015-05-01,0,0,0,1,0,1
SUCRE,"anticoncepcion, prevencion de its y de cancer de cuello uterino",numero de mujeres con examen clinico de mama positivos (sospechoso de nodulo neoplasico),2015-05-01,0,0,3,2,0,5
TACACOMA,"anticoncepcion, prevencion de its y de cancer de cuello uterino",numero de mujeres con examen clinico de mama positivos (sospechoso de nodulo neoplasico),2015-05-01,0,1,2,0,0,3
TAPACARI,"anticoncepcion, prevencion de its y de cancer de cuello uterino",numero de mujeres con examen clinico de mama positivos (sospechoso de nodulo neoplasico),2015-05-01,0,0,1,0,0,1
TARIJA,"anticoncepcion, prevencion de its y de cancer de cuello uterino",numero de mujeres con examen clinico de mama positivos (sospechoso de nodulo neoplasico),2015-05-01,1,0,0,2,2,5
VINTO,"anticoncepcion, prevencion de its y de cancer de cuello uterino",numero de mujeres con examen clinico de mama positivos (sospechoso de nodulo neoplasico),2015-05-01,1,0,3,1,0,5
YACUIBA,"anticoncepcion, prevencion de its y de cancer de cuello uterino",numero de mujeres con examen clinico de mama positivos (sospechoso de nodulo neoplasico),2015-05-01,0,4,4,1,0,9
YUNCHARA,"anticoncepcion, prevencion de its y de cancer de cuello uterino",numero de mujeres con examen clinico de mama positivos (sospechoso de nodulo neoplasico),2015-05-01,0,1,0,0,0,1
APOLO,"anticoncepcion, prevencion de its y de cancer de cuello uterino",numero de mujeres con examen clinico de mama positivos (sospechoso de nodulo neoplasico),2015-06-01,0,1,2,1,0,4
BERMEJO,"anticoncepcion, prevencion de its y de cancer de cuello uterino",numero de mujeres con examen clinico de mama positivos (sospechoso de nodulo neoplasico),2015-06-01,0,3,1,0,0,4
COCHABAMBA,"anticoncepcion, prevencion de its y de cancer de cuello uterino",numero de mujeres con examen clinico de mama positivos (sospechoso de nodulo neoplasico),2015-06-01,0,9,55,14,0,78
CORIPATA,"anticoncepcion, prevencion de its y de cancer de cuello uterino",numero de mujeres con examen clinico de mama positivos (sospechoso de nodulo neoplasico),2015-06-01,0,0,2,0,0,2
COTAGAITA,"anticoncepcion, prevencion de its y de cancer de cuello uterino",numero de mujeres con examen clinico de mama positivos (sospechoso de nodulo neoplasico),2015-06-01,0,1,0,0,0,1
COTOCA,"anticoncepcion, prevencion de its y de cancer de cuello uterino",numero de mujeres con examen clinico de mama positivos (sospechoso de nodulo neoplasico),2015-06-01,0,0,1,0,0,1
EL PUENTE(TJA),"anticoncepcion, prevencion de its y de cancer de cuello uterino",numero de mujeres con examen clinico de mama positivos (sospechoso de nodulo neoplasico),2015-06-01,0,2,3,0,0,5
ENTRE RIOS CBBA,"anticoncepcion, prevencion de its y de cancer de cuello uterino",numero de mujeres con examen clinico de mama positivos (sospechoso de nodulo neoplasico),2015-06-01,0,1,2,0,0,3
FERNANDEZ ALONSO,"anticoncepcion, prevencion de its y de cancer de cuello uterino",numero de mujeres con examen clinico de mama positivos (sospechoso de nodulo neoplasico),2015-06-01,0,6,12,2,0,20
LA PAZ,"anticoncepcion, prevencion de its y de cancer de cuello uterino",numero de mujeres con examen clinico de mama positivos (sospechoso de nodulo neoplasico),2015-06-01,0,0,0,1,3,4
MONTERO,"anticoncepcion, prevencion de its y de cancer de cuello uterino",numero de mujeres con examen clinico de mama positivos (sospechoso de nodulo neoplasico),2015-06-01,0,11,20,3,0,34
PADCAYA,"anticoncepcion, prevencion de its y de cancer de cuello uterino",numero de mujeres con examen clinico de mama positivos (sospechoso de nodulo neoplasico),2015-06-01,0,0,1,0,0,1
PALCA,"anticoncepcion, prevencion de its y de cancer de cuello uterino",numero de mujeres con examen clinico de mama positivos (sospechoso de nodulo neoplasico),2015-06-01,0,1,0,0,0,1
QUILLACOLLO,"anticoncepcion, prevencion de its y de cancer de cuello uterino",numero de mujeres con examen clinico de mama positivos (sospechoso de nodulo neoplasico),2015-06-01,0,0,2,0,0,2
QUIME,"anticoncepcion, prevencion de its y de cancer de cuello uterino",numero de mujeres con examen clinico de mama positivos (sospechoso de nodulo neoplasico),2015-06-01,0,0,1,0,0,1
RURRENABAQUE,"anticoncepcion, prevencion de its y de cancer de cuello uterino",numero de mujeres con examen clinico de mama positivos (sospechoso de nodulo neoplasico),2015-06-01,1,3,5,0,0,9
SAN LORENZO(TJA),"anticoncepcion, prevencion de its y de cancer de cuello uterino",numero de mujeres con examen clinico de mama positivos (sospechoso de nodulo neoplasico),2015-06-01,0,3,1,1,0,5
SANTA CRUZ DE LA SIERRA,"anticoncepcion, prevencion de its y de cancer de cuello uterino",numero de mujeres con examen clinico de mama positivos (sospechoso de nodulo neoplasico),2015-06-01,13,12,116,132,58,331
SANTIAGO DE HUATA,"anticoncepcion, prevencion de its y de cancer de cuello uterino",numero de mujeres con examen clinico de mama positivos (sospechoso de nodulo neoplasico),2015-06-01,0,1,2,2,0,5
SHINAOTA,"anticoncepcion, prevencion de its y de cancer de cuello uterino",numero de mujeres con examen clinico de mama positivos (sospechoso de nodulo neoplasico),2015-06-01,0,0,3,0,0,3
SORATA,"anticoncepcion, prevencion de its y de cancer de cuello uterino",numero de mujeres con examen clinico de mama positivos (sospechoso de nodulo neoplasico),2015-06-01,0,0,1,0,0,1
SUCRE,"anticoncepcion, prevencion de its y de cancer de cuello uterino",numero de mujeres con examen clinico de mama positivos (sospechoso de nodulo neoplasico),2015-06-01,0,0,1,0,0,1
TACACOMA,"anticoncepcion, prevencion de its y de cancer de cuello uterino",numero de mujeres con examen clinico de mama positivos (sospechoso de nodulo neoplasico),2015-06-01,0,0,2,1,0,3
TARACO,"anticoncepcion, prevencion de its y de cancer de cuello uterino",numero de mujeres con examen clinico de mama positivos (sospechoso de nodulo neoplasico),2015-06-01,1,1,1,0,0,3
TARIJA,"anticoncepcion, prevencion de its y de cancer de cuello uterino",numero de mujeres con examen clinico de mama positivos (sospechoso de nodulo neoplasico),2015-06-01,0,1,5,1,1,8
YACUIBA,"anticoncepcion, prevencion de its y de cancer de cuello uterino",numero de mujeres con examen clinico de mama positivos (sospechoso de nodulo neoplasico),2015-06-01,2,6,7,3,0,18
ANZALDO,"anticoncepcion, prevencion de its y de cancer de cuello uterino",numero de mujeres con examen clinico de mama positivos (sospechoso de nodulo neoplasico),2015-07-01,0,1,0,1,0,2
APOLO,"anticoncepcion, prevencion de its y de cancer de cuello uterino",numero de mujeres con examen clinico de mama positivos (sospechoso de nodulo neoplasico),2015-07-01,0,4,8,1,0,13
BERMEJO,"anticoncepcion, prevencion de its y de cancer de cuello uterino",numero de mujeres con examen clinico de mama positivos (sospechoso de nodulo neoplasico),2015-07-01,0,0,0,1,0,1
CLIZA,"anticoncepcion, prevencion de its y de cancer de cuello uterino",numero de mujeres con examen clinico de mama positivos (sospechoso de nodulo neoplasico),2015-07-01,0,4,2,0,0,6
COCHABAMBA,"anticoncepcion, prevencion de its y de cancer de cuello uterino",numero de mujeres con examen clinico de mama positivos (sospechoso de nodulo neoplasico),2015-07-01,1,8,56,14,7,86
COMBAYA,"anticoncepcion, prevencion de its y de cancer de cuello uterino",numero de mujeres con examen clinico de mama positivos (sospechoso de nodulo neoplasico),2015-07-01,0,0,1,0,0,1
CORIPATA,"anticoncepcion, prevencion de its y de cancer de cuello uterino",numero de mujeres con examen clinico de mama positivos (sospechoso de nodulo neoplasico),2015-07-01,0,1,2,1,0,4
COROICO,"anticoncepcion, prevencion de its y de cancer de cuello uterino",numero de mujeres con examen clinico de mama positivos (sospechoso de nodulo neoplasico),2015-07-01,0,0,2,0,0,2
EL ALTO,"anticoncepcion, prevencion de its y de cancer de cuello uterino",numero de mujeres con examen clinico de mama positivos (sospechoso de nodulo neoplasico),2015-07-01,0,1,1,0,0,2
EL PUENTE(TJA),"anticoncepcion, prevencion de its y de cancer de cuello uterino",numero de mujeres con examen clinico de mama positivos (sospechoso de nodulo neoplasico),2015-07-01,0,4,4,0,0,8
ENTRE RIOS CBBA,"anticoncepcion, prevencion de its y de cancer de cuello uterino",numero de mujeres con examen clinico de mama positivos (sospechoso de nodulo neoplasico),2015-07-01,0,0,1,0,0,1
FERNANDEZ ALONSO,"anticoncepcion, prevencion de its y de cancer de cuello uterino",numero de mujeres con examen clinico de mama positivos (sospechoso de nodulo neoplasico),2015-07-01,1,2,20,3,0,26
GRAL. J.J. PEREZ (CHARAZANI),"anticoncepcion, prevencion de its y de cancer de cuello uterino",numero de mujeres con examen clinico de mama positivos (sospechoso de nodulo neoplasico),2015-07-01,0,0,3,0,0,3
HUANUNI,"anticoncepcion, prevencion de its y de cancer de cuello uterino",numero de mujeres con examen clinico de mama positivos (sospechoso de nodulo neoplasico),2015-07-01,0,2,0,0,0,2
LA PAZ,"anticoncepcion, prevencion de its y de cancer de cuello uterino",numero de mujeres con examen clinico de mama positivos (sospechoso de nodulo neoplasico),2015-07-01,0,0,0,3,4,7
MONTERO,"anticoncepcion, prevencion de its y de cancer de cuello uterino",numero de mujeres con examen clinico de mama positivos (sospechoso de nodulo neoplasico),2015-07-01,0,0,7,1,0,8
ORURO,"anticoncepcion, prevencion de its y de cancer de cuello uterino",numero de mujeres con examen clinico de mama positivos (sospechoso de nodulo neoplasico),2015-07-01,0,0,1,0,0,1
PADCAYA,"anticoncepcion, prevencion de its y de cancer de cuello uterino",numero de mujeres con examen clinico de mama positivos (sospechoso de nodulo neoplasico),2015-07-01,0,0,1,0,0,1
QUILLACOLLO,"anticoncepcion, prevencion de its y de cancer de cuello uterino",numero de mujeres con examen clinico de mama positivos (sospechoso de nodulo neoplasico),2015-07-01,0,0,3,3,1,7
SACABA,"anticoncepcion, prevencion de its y de cancer de cuello uterino",numero de mujeres con examen clinico de mama positivos (sospechoso de nodulo neoplasico),2015-07-01,0,0,1,0,0,1
SAN BUENA VENTURA,"anticoncepcion, prevencion de its y de cancer de cuello uterino",numero de mujeres con examen clinico de mama positivos (sospechoso de nodulo neoplasico),2015-07-01,0,0,1,0,0,1
SAN CARLOS,"anticoncepcion, prevencion de its y de cancer de cuello uterino",numero de mujeres con examen clinico de mama positivos (sospechoso de nodulo neoplasico),2015-07-01,0,0,1,0,0,1
SAN LORENZO(TJA),"anticoncepcion, prevencion de its y de cancer de cuello uterino",numero de mujeres con examen clinico de mama positivos (sospechoso de nodulo neoplasico),2015-07-01,0,2,2,1,0,5
SANTA CRUZ DE LA SIERRA,"anticoncepcion, prevencion de its y de cancer de cuello uterino",numero de mujeres con examen clinico de mama positivos (sospechoso de nodulo neoplasico),2015-07-01,14,13,118,131,66,342
SANTIAGO DE HUATA,"anticoncepcion, prevencion de its y de cancer de cuello uterino",numero de mujeres con examen clinico de mama positivos (sospechoso de nodulo neoplasico),2015-07-01,0,1,6,4,0,11
SHINAOTA,"anticoncepcion, prevencion de its y de cancer de cuello uterino",numero de mujeres con examen clinico de mama positivos (sospechoso de nodulo neoplasico),2015-07-01,1,9,11,2,0,23
TACACOMA,"anticoncepcion, prevencion de its y de cancer de cuello uterino",numero de mujeres con examen clinico de mama positivos (sospechoso de nodulo neoplasico),2015-07-01,0,0,0,1,0,1
TARABUCO,"anticoncepcion, prevencion de its y de cancer de cuello uterino",numero de mujeres con examen clinico de mama positivos (sospechoso de nodulo neoplasico),2015-07-01,0,2,1,0,0,3
TARIJA,"anticoncepcion, prevencion de its y de cancer de cuello uterino",numero de mujeres con examen clinico de mama positivos (sospechoso de nodulo neoplasico),2015-07-01,2,2,1,4,0,9
TIQUIPAYA,"anticoncepcion, prevencion de its y de cancer de cuello uterino",numero de mujeres con examen clinico de mama positivos (sospechoso de nodulo neoplasico),2015-07-01,0,1,1,0,0,2
TIRAQUE (CBBA),"anticoncepcion, prevencion de its y de cancer de cuello uterino",numero de mujeres con examen clinico de mama positivos (sospechoso de nodulo neoplasico),2015-07-01,0,0,5,0,0,5
TRINIDAD,"anticoncepcion, prevencion de its y de cancer de cuello uterino",numero de mujeres con examen clinico de mama positivos (sospechoso de nodulo neoplasico),2015-07-01,0,0,3,1,0,4
YACUIBA,"anticoncepcion, prevencion de its y de cancer de cuello uterino",numero de mujeres con examen clinico de mama positivos (sospechoso de nodulo neoplasico),2015-07-01,1,0,7,0,0,8
YUNCHARA,"anticoncepcion, prevencion de its y de cancer de cuello uterino",numero de mujeres con examen clinico de mama positivos (sospechoso de nodulo neoplasico),2015-07-01,0,0,1,0,0,1
ACHACACHI,"anticoncepcion, prevencion de its y de cancer de cuello uterino",numero de mujeres con examen clinico de mama positivos (sospechoso de nodulo neoplasico),2015-08-01,0,1,1,0,0,2
ANDAMARCA,"anticoncepcion, prevencion de its y de cancer de cuello uterino",numero de mujeres con examen clinico de mama positivos (sospechoso de nodulo neoplasico),2015-08-01,0,0,1,0,0,1
ANZALDO,"anticoncepcion, prevencion de its y de cancer de cuello uterino",numero de mujeres con examen clinico de mama positivos (sospechoso de nodulo neoplasico),2015-08-01,0,1,0,0,0,1
APOLO,"anticoncepcion, prevencion de its y de cancer de cuello uterino",numero de mujeres con examen clinico de mama positivos (sospechoso de nodulo neoplasico),2015-08-01,0,6,16,4,0,26
AYO AYO,"anticoncepcion, prevencion de its y de cancer de cuello uterino",numero de mujeres con examen clinico de mama positivos (sospechoso de nodulo neoplasico),2015-08-01,0,0,1,0,0,1
BERMEJO,"anticoncepcion, prevencion de its y de cancer de cuello uterino",numero de mujeres con examen clinico de mama positivos (sospechoso de nodulo neoplasico),2015-08-01,0,0,2,1,0,3
CKOCHAS,"anticoncepcion, prevencion de its y de cancer de cuello uterino",numero de mujeres con examen clinico de mama positivos (sospechoso de nodulo neoplasico),2015-08-01,0,0,0,1,0,1
COCHABAMBA,"anticoncepcion, prevencion de its y de cancer de cuello uterino",numero de mujeres con examen clinico de mama positivos (sospechoso de nodulo neoplasico),2015-08-01,1,12,67,15,0,95
COTAGAITA,"anticoncepcion, prevencion de its y de cancer de cuello uterino",numero de mujeres con examen clinico de mama positivos (sospechoso de nodulo neoplasico),2015-08-01,0,2,2,1,0,5
CUCHUMUELA (V. G. VILLARROEL),"anticoncepcion, prevencion de its y de cancer de cuello uterino",numero de mujeres con examen clinico de mama positivos (sospechoso de nodulo neoplasico),2015-08-01,0,1,2,0,0,3
EL ALTO,"anticoncepcion, prevencion de its y de cancer de cuello uterino",numero de mujeres con examen clinico de mama positivos (sospechoso de nodulo neoplasico),2015-08-01,0,0,0,1,0,1
EL PUENTE(TJA),"anticoncepcion, prevencion de its y de cancer de cuello uterino",numero de mujeres con examen clinico de mama positivos (sospechoso de nodulo neoplasico),2015-08-01,0,0,7,1,0,8
FERNANDEZ ALONSO,"anticoncepcion, prevencion de its y de cancer de cuello uterino",numero de mujeres con examen clinico de mama positivos (sospechoso de nodulo neoplasico),2015-08-01,0,2,7,3,0,12
GENERAL SAAVEDRA,"anticoncepcion, prevencion de its y de cancer de cuello uterino",numero de mujeres con examen clinico de mama positivos (sospechoso de nodulo neoplasico),2015-08-01,0,0,0,1,0,1
LA PAZ,"anticoncepcion, prevencion de its y de cancer de cuello uterino",numero de mujeres con examen clinico de mama positivos (sospechoso de nodulo neoplasico),2015-08-01,0,1,2,5,7,15
LURIBAY,"anticoncepcion, prevencion de its y de cancer de cuello uterino",numero de mujeres con examen clinico de mama positivos (sospechoso de nodulo neoplasico),2015-08-01,0,1,0,0,0,1
MONTERO,"anticoncepcion, prevencion de its y de cancer de cuello uterino",numero de mujeres con examen clinico de mama positivos (sospechoso de nodulo neoplasico),2015-08-01,0,6,9,1,0,16
PUNA,"anticoncepcion, prevencion de its y de cancer de cuello uterino",numero de mujeres con examen clinico de mama positivos (sospechoso de nodulo neoplasico),2015-08-01,0,0,1,0,0,1
QUILLACOLLO,"anticoncepcion, prevencion de its y de cancer de cuello uterino",numero de mujeres con examen clinico de mama positivos (sospechoso de nodulo neoplasico),2015-08-01,0,2,4,1,0,7
QUIME,"anticoncepcion, prevencion de its y de cancer de cuello uterino",numero de mujeres con examen clinico de mama positivos (sospechoso de nodulo neoplasico),2015-08-01,0,0,1,0,0,1
SAN ANTONIO DE ESMORUCO,"anticoncepcion, prevencion de its y de cancer de cuello uterino",numero de mujeres con examen clinico de mama positivos (sospechoso de nodulo neoplasico),2015-08-01,0,1,1,0,0,2
SAN IGNACIO DE VELASCO,"anticoncepcion, prevencion de its y de cancer de cuello uterino",numero de mujeres con examen clinico de mama positivos (sospechoso de nodulo neoplasico),2015-08-01,0,2,4,0,0,6
SAN JAVIER(BNI),"anticoncepcion, prevencion de its y de cancer de cuello uterino",numero de mujeres con examen clinico de mama positivos (sospechoso de nodulo neoplasico),2015-08-01,0,1,1,0,0,2
SAN LORENZO(TJA),"anticoncepcion, prevencion de its y de cancer de cuello uterino",numero de mujeres con examen clinico de mama positivos (sospechoso de nodulo neoplasico),2015-08-01,0,1,2,0,0,3
SANTA CRUZ DE LA SIERRA,"anticoncepcion, prevencion de its y de cancer de cuello uterino",numero de mujeres con examen clinico de mama positivos (sospechoso de nodulo neoplasico),2015-08-01,0,0,1,1,2,4
SANTIAGO DE HUATA,"anticoncepcion, prevencion de its y de cancer de cuello uterino",numero de mujeres con examen clinico de mama positivos (sospechoso de nodulo neoplasico),2015-08-01,0,0,2,0,0,2
SHINAOTA,"anticoncepcion, prevencion de its y de cancer de cuello uterino",numero de mujeres con examen clinico de mama positivos (sospechoso de nodulo neoplasico),2015-08-01,0,13,15,3,0,31
SUCRE,"anticoncepcion, prevencion de its y de cancer de cuello uterino",numero de mujeres con examen clinico de mama positivos (sospechoso de nodulo neoplasico),2015-08-01,0,0,2,1,1,4
TACACOMA,"anticoncepcion, prevencion de its y de cancer de cuello uterino",numero de mujeres con examen clinico de mama positivos (sospechoso de nodulo neoplasico),2015-08-01,0,0,2,0,0,2
TARABUCO,"anticoncepcion, prevencion de its y de cancer de cuello uterino",numero de mujeres con examen clinico de mama positivos (sospechoso de nodulo neoplasico),2015-08-01,0,0,1,0,0,1
TARIJA,"anticoncepcion, prevencion de its y de cancer de cuello uterino",numero de mujeres con examen clinico de mama positivos (sospechoso de nodulo neoplasico),2015-08-01,0,3,0,4,1,8
TEOPONTE,"anticoncepcion, prevencion de its y de cancer de cuello uterino",numero de mujeres con examen clinico de mama positivos (sospechoso de nodulo neoplasico),2015-08-01,0,1,0,0,0,1
TRINIDAD,"anticoncepcion, prevencion de its y de cancer de cuello uterino",numero de mujeres con examen clinico de mama positivos (sospechoso de nodulo neoplasico),2015-08-01,0,0,1,0,0,1
UMALA,"anticoncepcion, prevencion de its y de cancer de cuello uterino",numero de mujeres con examen clinico de mama positivos (sospechoso de nodulo neoplasico),2015-08-01,0,0,2,0,0,2
URIONDO (A. CONCEPCION),"anticoncepcion, prevencion de its y de cancer de cuello uterino",numero de mujeres con examen clinico de mama positivos (sospechoso de nodulo neoplasico),2015-08-01,0,0,1,0,0,1
VILLA RIVERO,"anticoncepcion, prevencion de its y de cancer de cuello uterino",numero de mujeres con examen clinico de mama positivos (sospechoso de nodulo neoplasico),2015-08-01,0,0,1,0,0,1
VILLA TUNARI,"anticoncepcion, prevencion de its y de cancer de cuello uterino",numero de mujeres con examen clinico de mama positivos (sospechoso de nodulo neoplasico),2015-08-01,0,3,7,1,0,11
YACUIBA,"anticoncepcion, prevencion de its y de cancer de cuello uterino",numero de mujeres con examen clinico de mama positivos (sospechoso de nodulo neoplasico),2015-08-01,1,8,4,2,0,15
YUNCHARA,"anticoncepcion, prevencion de its y de cancer de cuello uterino",numero de mujeres con examen clinico de mama positivos (sospechoso de nodulo neoplasico),2015-08-01,0,0,1,0,0,1
ACHACACHI,"anticoncepcion, prevencion de its y de cancer de cuello uterino",numero de mujeres con examen clinico de mama positivos (sospechoso de nodulo neoplasico),2015-09-01,0,0,7,3,0,10
ALALAY,"anticoncepcion, prevencion de its y de cancer de cuello uterino",numero de mujeres con examen clinico de mama positivos (sospechoso de nodulo neoplasico),2015-09-01,0,0,0,1,0,1
APOLO,"anticoncepcion, prevencion de its y de cancer de cuello uterino",numero de mujeres con examen clinico de mama positivos (sospechoso de nodulo neoplasico),2015-09-01,0,3,16,4,0,23
CLIZA,"anticoncepcion, prevencion de its y de cancer de cuello uterino",numero de mujeres con examen clinico de mama positivos (sospechoso de nodulo neoplasico),2015-09-01,0,0,1,0,0,1
COCHABAMBA,"anticoncepcion, prevencion de its y de cancer de cuello uterino",numero de mujeres con examen clinico de mama positivos (sospechoso de nodulo neoplasico),2015-09-01,1,9,59,47,66,182
COTAGAITA,"anticoncepcion, prevencion de its y de cancer de cuello uterino",numero de mujeres con examen clinico de mama positivos (sospechoso de nodulo neoplasico),2015-09-01,0,0,0,1,0,1
DESAGUADERO,"anticoncepcion, prevencion de its y de cancer de cuello uterino",numero de mujeres con examen clinico de mama positivos (sospechoso de nodulo neoplasico),2015-09-01,0,0,1,1,0,2
EL ALTO,"anticoncepcion, prevencion de its y de cancer de cuello uterino",numero de mujeres con examen clinico de mama positivos (sospechoso de nodulo neoplasico),2015-09-01,0,0,3,0,0,3
EL PUENTE(TJA),"anticoncepcion, prevencion de its y de cancer de cuello uterino",numero de mujeres con examen clinico de mama positivos (sospechoso de nodulo neoplasico),2015-09-01,0,1,1,0,0,2
FERNANDEZ ALONSO,"anticoncepcion, prevencion de its y de cancer de cuello uterino",numero de mujeres con examen clinico de mama positivos (sospechoso de nodulo neoplasico),2015-09-01,0,0,5,0,0,5
LA PAZ,"anticoncepcion, prevencion de its y de cancer de cuello uterino",numero de mujeres con examen clinico de mama positivos (sospechoso de nodulo neoplasico),2015-09-01,0,0,1,2,6,9
MIZQUE,"anticoncepcion, prevencion de its y de cancer de cuello uterino",numero de mujeres con examen clinico de mama positivos (sospechoso de nodulo neoplasico),2015-09-01,1,0,2,0,0,3
MONTEAGUDO,"anticoncepcion, prevencion de its y de cancer de cuello uterino",numero de mujeres con examen clinico de mama positivos (sospechoso de nodulo neoplasico),2015-09-01,0,0,0,1,1,2
MONTERO,"anticoncepcion, prevencion de its y de cancer de cuello uterino",numero de mujeres con examen clinico de mama positivos (sospechoso de nodulo neoplasico),2015-09-01,0,9,11,0,0,20
ORURO,"anticoncepcion, prevencion de its y de cancer de cuello uterino",numero de mujeres con examen clinico de mama positivos (sospechoso de nodulo neoplasico),2015-09-01,0,0,1,1,0,2
PADCAYA,"anticoncepcion, prevencion de its y de cancer de cuello uterino",numero de mujeres con examen clinico de mama positivos (sospechoso de nodulo neoplasico),2015-09-01,0,0,2,0,0,2
QUILLACOLLO,"anticoncepcion, prevencion de its y de cancer de cuello uterino",numero de mujeres con examen clinico de mama positivos (sospechoso de nodulo neoplasico),2015-09-01,0,3,7,3,0,13
SAN LORENZO(TJA),"anticoncepcion, prevencion de its y de cancer de cuello uterino",numero de mujeres con examen clinico de mama positivos (sospechoso de nodulo neoplasico),2015-09-01,0,1,1,0,0,2
SANTA CRUZ DE LA SIERRA,"anticoncepcion, prevencion de its y de cancer de cuello uterino",numero de mujeres con examen clinico de mama positivos (sospechoso de nodulo neoplasico),2015-09-01,13,12,115,131,55,326
SANTIAGO DE CALLAPA,"anticoncepcion, prevencion de its y de cancer de cuello uterino",numero de mujeres con examen clinico de mama positivos (sospechoso de nodulo neoplasico),2015-09-01,0,1,0,0,0,1
SHINAOTA,"anticoncepcion, prevencion de its y de cancer de cuello uterino",numero de mujeres con examen clinico de mama positivos (sospechoso de nodulo neoplasico),2015-09-01,0,9,15,1,0,25
SUCRE,"anticoncepcion, prevencion de its y de cancer de cuello uterino",numero de mujeres con examen clinico de mama positivos (sospechoso de nodulo neoplasico),2015-09-01,0,0,1,0,1,2
TACACOMA,"anticoncepcion, prevencion de its y de cancer de cuello uterino",numero de mujeres con examen clinico de mama positivos (sospechoso de nodulo neoplasico),2015-09-01,0,2,2,0,0,4
TARIJA,"anticoncepcion, prevencion de its y de cancer de cuello uterino",numero de mujeres con examen clinico de mama positivos (sospechoso de nodulo neoplasico),2015-09-01,0,1,2,17,30,50
TIQUIPAYA,"anticoncepcion, prevencion de its y de cancer de cuello uterino",numero de mujeres con examen clinico de mama positivos (sospechoso de nodulo neoplasico),2015-09-01,0,1,0,0,0,1
UMALA,"anticoncepcion, prevencion de its y de cancer de cuello uterino",numero de mujeres con examen clinico de mama positivos (sospechoso de nodulo neoplasico),2015-09-01,0,0,3,1,0,4
VILLA RIVERO,"anticoncepcion, prevencion de its y de cancer de cuello uterino",numero de mujeres con examen clinico de mama positivos (sospechoso de nodulo neoplasico),2015-09-01,0,1,0,0,0,1
VILLA TUNARI,"anticoncepcion, prevencion de its y de cancer de cuello uterino",numero de mujeres con examen clinico de mama positivos (sospechoso de nodulo neoplasico),2015-09-01,1,0,8,2,0,11
VILLA VACA GUZMAN (MUYUPAMPA),"anticoncepcion, prevencion de its y de cancer de cuello uterino",numero de mujeres con examen clinico de mama positivos (sospechoso de nodulo neoplasico),2015-09-01,0,0,0,0,1,1
VITICHI,"anticoncepcion, prevencion de its y de cancer de cuello uterino",numero de mujeres con examen clinico de mama positivos (sospechoso de nodulo neoplasico),2015-09-01,0,0,1,1,0,2
YACUIBA,"anticoncepcion, prevencion de its y de cancer de cuello uterino",numero de mujeres con examen clinico de mama positivos (sospechoso de nodulo neoplasico),2015-09-01,1,5,9,2,0,17
YUNCHARA,"anticoncepcion, prevencion de its y de cancer de cuello uterino",numero de mujeres con examen clinico de mama positivos (sospechoso de nodulo neoplasico),2015-09-01,0,0,1,0,0,1
ACHACACHI,"anticoncepcion, prevencion de its y de cancer de cuello uterino",numero de mujeres con examen clinico de mama positivos (sospechoso de nodulo neoplasico),2015-10-01,0,0,2,0,0,2
APOLO,"anticoncepcion, prevencion de its y de cancer de cuello uterino",numero de mujeres con examen clinico de mama positivos (sospechoso de nodulo neoplasico),2015-10-01,0,2,0,1,0,3
BELLA FLOR,"anticoncepcion, prevencion de its y de cancer de cuello uterino",numero de mujeres con examen clinico de mama positivos (sospechoso de nodulo neoplasico),2015-10-01,0,0,1,0,0,1
BERMEJO,"anticoncepcion, prevencion de its y de cancer de cuello uterino",numero de mujeres con examen clinico de mama positivos (sospechoso de nodulo neoplasico),2015-10-01,0,0,1,0,0,1
CKOCHAS,"anticoncepcion, prevencion de its y de cancer de cuello uterino",numero de mujeres con examen clinico de mama positivos (sospechoso de nodulo neoplasico),2015-10-01,0,0,0,1,0,1
CLIZA,"anticoncepcion, prevencion de its y de cancer de cuello uterino",numero de mujeres con examen clinico de mama positivos (sospechoso de nodulo neoplasico),2015-10-01,0,0,0,1,0,1
COCHABAMBA,"anticoncepcion, prevencion de its y de cancer de cuello uterino",numero de mujeres con examen clinico de mama positivos (sospechoso de nodulo neoplasico),2015-10-01,1,9,61,39,66,176
COPACABANA,"anticoncepcion, prevencion de its y de cancer de cuello uterino",numero de mujeres con examen clinico de mama positivos (sospechoso de nodulo neoplasico),2015-10-01,0,2,8,0,0,10
COTAGAITA,"anticoncepcion, prevencion de its y de cancer de cuello uterino",numero de mujeres con examen clinico de mama positivos (sospechoso de nodulo neoplasico),2015-10-01,0,0,1,1,0,2
DESAGUADERO,"anticoncepcion, prevencion de its y de cancer de cuello uterino",numero de mujeres con examen clinico de mama positivos (sospechoso de nodulo neoplasico),2015-10-01,0,2,5,0,0,7
EL ALTO,"anticoncepcion, prevencion de its y de cancer de cuello uterino",numero de mujeres con examen clinico de mama positivos (sospechoso de nodulo neoplasico),2015-10-01,0,0,3,1,0,4
EL PUENTE(TJA),"anticoncepcion, prevencion de its y de cancer de cuello uterino",numero de mujeres con examen clinico de mama positivos (sospechoso de nodulo neoplasico),2015-10-01,0,0,0,1,0,1
ENTRE RIOS CBBA,"anticoncepcion, prevencion de its y de cancer de cuello uterino",numero de mujeres con examen clinico de mama positivos (sospechoso de nodulo neoplasico),2015-10-01,0,2,1,0,0,3
FERNANDEZ ALONSO,"anticoncepcion, prevencion de its y de cancer de cuello uterino",numero de mujeres con examen clinico de mama positivos (sospechoso de nodulo neoplasico),2015-10-01,0,2,0,1,0,3
GENERAL SAAVEDRA,"anticoncepcion, prevencion de its y de cancer de cuello uterino",numero de mujeres con examen clinico de mama positivos (sospechoso de nodulo neoplasico),2015-10-01,0,0,1,0,0,1
LA GUARDIA,"anticoncepcion, prevencion de its y de cancer de cuello uterino",numero de mujeres con examen clinico de mama positivos (sospechoso de nodulo neoplasico),2015-10-01,0,0,1,0,0,1
LA PAZ,"anticoncepcion, prevencion de its y de cancer de cuello uterino",numero de mujeres con examen clinico de mama positivos (sospechoso de nodulo neoplasico),2015-10-01,0,0,27,24,6,57
MECAPACA,"anticoncepcion, prevencion de its y de cancer de cuello uterino",numero de mujeres con examen clinico de mama positivos (sospechoso de nodulo neoplasico),2015-10-01,0,0,2,0,0,2
MONTERO,"anticoncepcion, prevencion de its y de cancer de cuello uterino",numero de mujeres con examen clinico de mama positivos (sospechoso de nodulo neoplasico),2015-10-01,0,2,14,1,0,17
ORURO,"anticoncepcion, prevencion de its y de cancer de cuello uterino",numero de mujeres con examen clinico de mama positivos (sospechoso de nodulo neoplasico),2015-10-01,0,0,1,0,0,1
QUILLACOLLO,"anticoncepcion, prevencion de its y de cancer de cuello uterino",numero de mujeres con examen clinico de mama positivos (sospechoso de nodulo neoplasico),2015-10-01,0,1,3,4,0,8
RIBERALTA,"anticoncepcion, prevencion de its y de cancer de cuello uterino",numero de mujeres con examen clinico de mama positivos (sospechoso de nodulo neoplasico),2015-10-01,1,1,1,1,0,4
SAN PEDRO,"anticoncepcion, prevencion de its y de cancer de cuello uterino",numero de mujeres con examen clinico de mama positivos (sospechoso de nodulo neoplasico),2015-10-01,0,0,2,0,0,2
SANTA CRUZ DE LA SIERRA,"anticoncepcion, prevencion de its y de cancer de cuello uterino",numero de mujeres con examen clinico de mama positivos (sospechoso de nodulo neoplasico),2015-10-01,0,25,117,132,57,331
SANTIAGO DE HUATA,"anticoncepcion, prevencion de its y de cancer de cuello uterino",numero de mujeres con examen clinico de mama positivos (sospechoso de nodulo neoplasico),2015-10-01,0,0,1,0,0,1
SHINAOTA,"anticoncepcion, prevencion de its y de cancer de cuello uterino",numero de mujeres con examen clinico de mama positivos (sospechoso de nodulo neoplasico),2015-10-01,0,24,26,3,0,53
SUCRE,"anticoncepcion, prevencion de its y de cancer de cuello uterino",numero de mujeres con examen clinico de mama positivos (sospechoso de nodulo neoplasico),2015-10-01,0,0,0,1,1,2
TACACOMA,"anticoncepcion, prevencion de its y de cancer de cuello uterino",numero de mujeres con examen clinico de mama positivos (sospechoso de nodulo neoplasico),2015-10-01,0,2,3,0,0,5
TARIJA,"anticoncepcion, prevencion de its y de cancer de cuello uterino",numero de mujeres con examen clinico de mama positivos (sospechoso de nodulo neoplasico),2015-10-01,1,1,3,3,1,9
TIPUANI,"anticoncepcion, prevencion de its y de cancer de cuello uterino",numero de mujeres con examen clinico de mama positivos (sospechoso de nodulo neoplasico),2015-10-01,0,0,5,2,0,7
TRINIDAD,"anticoncepcion, prevencion de its y de cancer de cuello uterino",numero de mujeres con examen clinico de mama positivos (sospechoso de nodulo neoplasico),2015-10-01,0,1,5,2,0,8
URIONDO (A. CONCEPCION),"anticoncepcion, prevencion de its y de cancer de cuello uterino",numero de mujeres con examen clinico de mama positivos (sospechoso de nodulo neoplasico),2015-10-01,0,0,2,0,0,2
VILLA RIVERO,"anticoncepcion, prevencion de its y de cancer de cuello uterino",numero de mujeres con examen clinico de mama positivos (sospechoso de nodulo neoplasico),2015-10-01,1,2,0,0,0,3
VILLA TUNARI,"anticoncepcion, prevencion de its y de cancer de cuello uterino",numero de mujeres con examen clinico de mama positivos (sospechoso de nodulo neoplasico),2015-10-01,0,1,15,1,2,19
VITICHI,"anticoncepcion, prevencion de its y de cancer de cuello uterino",numero de mujeres con examen clinico de mama positivos (sospechoso de nodulo neoplasico),2015-10-01,0,0,1,0,0,1
YACUIBA,"anticoncepcion, prevencion de its y de cancer de cuello uterino",numero de mujeres con examen clinico de mama positivos (sospechoso de nodulo neoplasico),2015-10-01,0,4,10,1,0,15
YUNCHARA,"anticoncepcion, prevencion de its y de cancer de cuello uterino",numero de mujeres con examen clinico de mama positivos (sospechoso de nodulo neoplasico),2015-10-01,0,0,0,1,0,1
APOLO,"anticoncepcion, prevencion de its y de cancer de cuello uterino",numero de mujeres con examen clinico de mama positivos (sospechoso de nodulo neoplasico),2015-11-01,0,1,4,0,0,5
ATOCHA,"anticoncepcion, prevencion de its y de cancer de cuello uterino",numero de mujeres con examen clinico de mama positivos (sospechoso de nodulo neoplasico),2015-11-01,0,0,2,1,0,3
BERMEJO,"anticoncepcion, prevencion de its y de cancer de cuello uterino",numero de mujeres con examen clinico de mama positivos (sospechoso de nodulo neoplasico),2015-11-01,1,1,1,0,1,4
CAJUATA,"anticoncepcion, prevencion de its y de cancer de cuello uterino",numero de mujeres con examen clinico de mama positivos (sospechoso de nodulo neoplasico),2015-11-01,0,0,1,0,0,1
COCHABAMBA,"anticoncepcion, prevencion de its y de cancer de cuello uterino",numero de mujeres con examen clinico de mama positivos (sospechoso de nodulo neoplasico),2015-11-01,0,25,61,62,87,235
COLQUIRI,"anticoncepcion, prevencion de its y de cancer de cuello uterino",numero de mujeres con examen clinico de mama positivos (sospechoso de nodulo neoplasico),2015-11-01,0,1,5,1,0,7
COPACABANA,"anticoncepcion, prevencion de its y de cancer de cuello uterino",numero de mujeres con examen clinico de mama positivos (sospechoso de nodulo neoplasico),2015-11-01,0,2,2,0,0,4
COTOCA,"anticoncepcion, prevencion de its y de cancer de cuello uterino",numero de mujeres con examen clinico de mama positivos (sospechoso de nodulo neoplasico),2015-11-01,0,0,0,0,5,5
CUCHUMUELA (V. G. VILLARROEL),"anticoncepcion, prevencion de its y de cancer de cuello uterino",numero de mujeres con examen clinico de mama positivos (sospechoso de nodulo neoplasico),2015-11-01,0,0,1,0,0,1
CULPINA,"anticoncepcion, prevencion de its y de cancer de cuello uterino",numero de mujeres con examen clinico de mama positivos (sospechoso de nodulo neoplasico),2015-11-01,0,1,5,0,0,6
DESAGUADERO,"anticoncepcion, prevencion de its y de cancer de cuello uterino",numero de mujeres con examen clinico de mama positivos (sospechoso de nodulo neoplasico),2015-11-01,0,0,3,0,0,3
EL ALTO,"anticoncepcion, prevencion de its y de cancer de cuello uterino",numero de mujeres con examen clinico de mama positivos (sospechoso de nodulo neoplasico),2015-11-01,0,0,2,0,0,2
EL PUENTE(TJA),"anticoncepcion, prevencion de its y de cancer de cuello uterino",numero de mujeres con examen clinico de mama positivos (sospechoso de nodulo neoplasico),2015-11-01,0,0,4,0,0,4
ESCARA,"anticoncepcion, prevencion de its y de cancer de cuello uterino",numero de mujeres con examen clinico de mama positivos (sospechoso de nodulo neoplasico),2015-11-01,0,1,0,0,0,1
FERNANDEZ ALONSO,"anticoncepcion, prevencion de its y de cancer de cuello uterino",numero de mujeres con examen clinico de mama positivos (sospechoso de nodulo neoplasico),2015-11-01,0,2,0,0,0,2
GENERAL SAAVEDRA,"anticoncepcion, prevencion de its y de cancer de cuello uterino",numero de mujeres con examen clinico de mama positivos (sospechoso de nodulo neoplasico),2015-11-01,0,0,1,0,0,1
LA PAZ,"anticoncepcion, prevencion de its y de cancer de cuello uterino",numero de mujeres con examen clinico de mama positivos (sospechoso de nodulo neoplasico),2015-11-01,0,7,58,19,7,91
MINEROS,"anticoncepcion, prevencion de its y de cancer de cuello uterino",numero de mujeres con examen clinico de mama positivos (sospechoso de nodulo neoplasico),2015-11-01,0,1,0,0,0,1
MONTERO,"anticoncepcion, prevencion de its y de cancer de cuello uterino",numero de mujeres con examen clinico de mama positivos (sospechoso de nodulo neoplasico),2015-11-01,0,2,4,2,0,8
OMEREQUE,"anticoncepcion, prevencion de its y de cancer de cuello uterino",numero de mujeres con examen clinico de mama positivos (sospechoso de nodulo neoplasico),2015-11-01,0,1,0,0,0,1
PADCAYA,"anticoncepcion, prevencion de its y de cancer de cuello uterino",numero de mujeres con examen clinico de mama positivos (sospechoso de nodulo neoplasico),2015-11-01,0,0,1,0,0,1
PALCA,"anticoncepcion, prevencion de its y de cancer de cuello uterino",numero de mujeres con examen clinico de mama positivos (sospechoso de nodulo neoplasico),2015-11-01,0,0,3,2,0,5
PALOS BLANCOS,"anticoncepcion, prevencion de its y de cancer de cuello uterino",numero de mujeres con examen clinico de mama positivos (sospechoso de nodulo neoplasico),2015-11-01,0,0,1,0,0,1
PORONGO,"anticoncepcion, prevencion de its y de cancer de cuello uterino",numero de mujeres con examen clinico de mama positivos (sospechoso de nodulo neoplasico),2015-11-01,0,1,0,0,0,1
POTOSI,"anticoncepcion, prevencion de its y de cancer de cuello uterino",numero de mujeres con examen clinico de mama positivos (sospechoso de nodulo neoplasico),2015-11-01,0,0,1,1,0,2
PUERTO VILLARROEL,"anticoncepcion, prevencion de its y de cancer de cuello uterino",numero de mujeres con examen clinico de mama positivos (sospechoso de nodulo neoplasico),2015-11-01,0,0,0,1,0,1
QUILLACOLLO,"anticoncepcion, prevencion de its y de cancer de cuello uterino",numero de mujeres con examen clinico de mama positivos (sospechoso de nodulo neoplasico),2015-11-01,0,0,6,0,0,6
SACABA,"anticoncepcion, prevencion de its y de cancer de cuello uterino",numero de mujeres con examen clinico de mama positivos (sospechoso de nodulo neoplasico),2015-11-01,0,1,0,0,0,1
SANTA CRUZ DE LA SIERRA,"anticoncepcion, prevencion de its y de cancer de cuello uterino",numero de mujeres con examen clinico de mama positivos (sospechoso de nodulo neoplasico),2015-11-01,13,13,120,152,60,358
SHINAOTA,"anticoncepcion, prevencion de its y de cancer de cuello uterino",numero de mujeres con examen clinico de mama positivos (sospechoso de nodulo neoplasico),2015-11-01,0,18,33,3,0,54
SICA SICA (VILLA AROMA),"anticoncepcion, prevencion de its y de cancer de cuello uterino",numero de mujeres con examen clinico de mama positivos (sospechoso de nodulo neoplasico),2015-11-01,0,2,2,0,0,4
SORATA,"anticoncepcion, prevencion de its y de cancer de cuello uterino",numero de mujeres con examen clinico de mama positivos (sospechoso de nodulo neoplasico),2015-11-01,0,1,0,0,0,1
SUCRE,"anticoncepcion, prevencion de its y de cancer de cuello uterino",numero de mujeres con examen clinico de mama positivos (sospechoso de nodulo neoplasico),2015-11-01,0,0,1,17,12,30
TACACOMA,"anticoncepcion, prevencion de its y de cancer de cuello uterino",numero de mujeres con examen clinico de mama positivos (sospechoso de nodulo neoplasico),2015-11-01,0,2,2,0,0,4
TARACO,"anticoncepcion, prevencion de its y de cancer de cuello uterino",numero de mujeres con examen clinico de mama positivos (sospechoso de nodulo neoplasico),2015-11-01,0,1,0,0,0,1
TARIJA,"anticoncepcion, prevencion de its y de cancer de cuello uterino",numero de mujeres con examen clinico de mama positivos (sospechoso de nodulo neoplasico),2015-11-01,2,1,22,7,2,34
TIPUANI,"anticoncepcion, prevencion de its y de cancer de cuello uterino",numero de mujeres con examen clinico de mama positivos (sospechoso de nodulo neoplasico),2015-11-01,0,0,3,0,0,3
TOLEDO,"anticoncepcion, prevencion de its y de cancer de cuello uterino",numero de mujeres con examen clinico de mama positivos (sospechoso de nodulo neoplasico),2015-11-01,0,0,1,0,0,1
TRINIDAD,"anticoncepcion, prevencion de its y de cancer de cuello uterino",numero de mujeres con examen clinico de mama positivos (sospechoso de nodulo neoplasico),2015-11-01,0,1,1,2,0,4
URIONDO (A. CONCEPCION),"anticoncepcion, prevencion de its y de cancer de cuello uterino",numero de mujeres con examen clinico de mama positivos (sospechoso de nodulo neoplasico),2015-11-01,0,0,1,0,0,1
VILLA RIVERO,"anticoncepcion, prevencion de its y de cancer de cuello uterino",numero de mujeres con examen clinico de mama positivos (sospechoso de nodulo neoplasico),2015-11-01,0,3,2,1,0,6
YACUIBA,"anticoncepcion, prevencion de its y de cancer de cuello uterino",numero de mujeres con examen clinico de mama positivos (sospechoso de nodulo neoplasico),2015-11-01,0,3,2,1,1,7
YUNCHARA,"anticoncepcion, prevencion de its y de cancer de cuello uterino",numero de mujeres con examen clinico de mama positivos (sospechoso de nodulo neoplasico),2015-11-01,0,1,0,0,0,1
ACHACACHI,"anticoncepcion, prevencion de its y de cancer de cuello uterino",numero de mujeres con examen clinico de mama positivos (sospechoso de nodulo neoplasico),2015-12-01,0,0,1,0,0,1
ALALAY,"anticoncepcion, prevencion de its y de cancer de cuello uterino",numero de mujeres con examen clinico de mama positivos (sospechoso de nodulo neoplasico),2015-12-01,0,1,0,0,0,1
APOLO,"anticoncepcion, prevencion de its y de cancer de cuello uterino",numero de mujeres con examen clinico de mama positivos (sospechoso de nodulo neoplasico),2015-12-01,0,0,1,1,0,2
BERMEJO,"anticoncepcion, prevencion de its y de cancer de cuello uterino",numero de mujeres con examen clinico de mama positivos (sospechoso de nodulo neoplasico),2015-12-01,0,2,0,0,0,2
COCHABAMBA,"anticoncepcion, prevencion de its y de cancer de cuello uterino",numero de mujeres con examen clinico de mama positivos (sospechoso de nodulo neoplasico),2015-12-01,0,17,93,64,109,283
COPACABANA,"anticoncepcion, prevencion de its y de cancer de cuello uterino",numero de mujeres con examen clinico de mama positivos (sospechoso de nodulo neoplasico),2015-12-01,0,0,2,0,0,2
COTAGAITA,"anticoncepcion, prevencion de its y de cancer de cuello uterino",numero de mujeres con examen clinico de mama positivos (sospechoso de nodulo neoplasico),2015-12-01,0,2,2,1,0,5
CUCHUMUELA (V. G. VILLARROEL),"anticoncepcion, prevencion de its y de cancer de cuello uterino",numero de mujeres con examen clinico de mama positivos (sospechoso de nodulo neoplasico),2015-12-01,0,0,1,0,0,1
EL ALTO,"anticoncepcion, prevencion de its y de cancer de cuello uterino",numero de mujeres con examen clinico de mama positivos (sospechoso de nodulo neoplasico),2015-12-01,0,1,4,0,0,5
EL PUENTE(TJA),"anticoncepcion, prevencion de its y de cancer de cuello uterino",numero de mujeres con examen clinico de mama positivos (sospechoso de nodulo neoplasico),2015-12-01,0,2,5,2,0,9
FERNANDEZ ALONSO,"anticoncepcion, prevencion de its y de cancer de cuello uterino",numero de mujeres con examen clinico de mama positivos (sospechoso de nodulo neoplasico),2015-12-01,0,1,0,0,0,1
LA PAZ,"anticoncepcion, prevencion de its y de cancer de cuello uterino",numero de mujeres con examen clinico de mama positivos (sospechoso de nodulo neoplasico),2015-12-01,0,1,7,2,4,14
MINEROS,"anticoncepcion, prevencion de its y de cancer de cuello uterino",numero de mujeres con examen clinico de mama positivos (sospechoso de nodulo neoplasico),2015-12-01,0,0,1,0,0,1
MIZQUE,"anticoncepcion, prevencion de its y de cancer de cuello uterino",numero de mujeres con examen clinico de mama positivos (sospechoso de nodulo neoplasico),2015-12-01,0,1,0,0,0,1
MONTERO,"anticoncepcion, prevencion de its y de cancer de cuello uterino",numero de mujeres con examen clinico de mama positivos (sospechoso de nodulo neoplasico),2015-12-01,0,2,3,1,0,6
ORURO,"anticoncepcion, prevencion de its y de cancer de cuello uterino",numero de mujeres con examen clinico de mama positivos (sospechoso de nodulo neoplasico),2015-12-01,0,0,1,0,0,1
QUILLACOLLO,"anticoncepcion, prevencion de its y de cancer de cuello uterino",numero de mujeres con examen clinico de mama positivos (sospechoso de nodulo neoplasico),2015-12-01,0,0,1,0,0,1
SAN PEDRO,"anticoncepcion, prevencion de its y de cancer de cuello uterino",numero de mujeres con examen clinico de mama positivos (sospechoso de nodulo neoplasico),2015-12-01,0,0,1,0,0,1
SANTA ANA,"anticoncepcion, prevencion de its y de cancer de cuello uterino",numero de mujeres con examen clinico de mama positivos (sospechoso de nodulo neoplasico),2015-12-01,0,0,1,1,0,2
SANTA CRUZ DE LA SIERRA,"anticoncepcion, prevencion de its y de cancer de cuello uterino",numero de mujeres con examen clinico de mama positivos (sospechoso de nodulo neoplasico),2015-12-01,0,1,0,2,1,4
SAPAHAQUI,"anticoncepcion, prevencion de its y de cancer de cuello uterino",numero de mujeres con examen clinico de mama positivos (sospechoso de nodulo neoplasico),2015-12-01,0,0,2,0,0,2
SHINAOTA,"anticoncepcion, prevencion de its y de cancer de cuello uterino",numero de mujeres con examen clinico de mama positivos (sospechoso de nodulo neoplasico),2015-12-01,1,19,28,5,0,53
SUCRE,"anticoncepcion, prevencion de its y de cancer de cuello uterino",numero de mujeres con examen clinico de mama positivos (sospechoso de nodulo neoplasico),2015-12-01,0,1,1,0,0,2
TACACOMA,"anticoncepcion, prevencion de its y de cancer de cuello uterino",numero de mujeres con examen clinico de mama positivos (sospechoso de nodulo neoplasico),2015-12-01,0,0,1,0,0,1
TARACO,"anticoncepcion, prevencion de its y de cancer de cuello uterino",numero de mujeres con examen clinico de mama positivos (sospechoso de nodulo neoplasico),2015-12-01,0,0,2,0,0,2
TARIJA,"anticoncepcion, prevencion de its y de cancer de cuello uterino",numero de mujeres con examen clinico de mama positivos (sospechoso de nodulo neoplasico),2015-12-01,0,0,0,0,2,2
TIPUANI,"anticoncepcion, prevencion de its y de cancer de cuello uterino",numero de mujeres con examen clinico de mama positivos (sospechoso de nodulo neoplasico),2015-12-01,0,0,1,0,0,1
VILLA TUNARI,"anticoncepcion, prevencion de its y de cancer de cuello uterino",numero de mujeres con examen clinico de mama positivos (sospechoso de nodulo neoplasico),2015-12-01,0,1,5,1,0,7
VINTO,"anticoncepcion, prevencion de its y de cancer de cuello uterino",numero de mujeres con examen clinico de mama positivos (sospechoso de nodulo neoplasico),2015-12-01,0,0,1,0,0,1
VITICHI,"anticoncepcion, prevencion de its y de cancer de cuello uterino",numero de mujeres con examen clinico de mama positivos (sospechoso de nodulo neoplasico),2015-12-01,0,0,1,0,0,1
WARNES,"anticoncepcion, prevencion de its y de cancer de cuello uterino",numero de mujeres con examen clinico de mama positivos (sospechoso de nodulo neoplasico),2015-12-01,0,0,1,0,0,1
YACUIBA,"anticoncepcion, prevencion de its y de cancer de cuello uterino",numero de mujeres con examen clinico de mama positivos (sospechoso de nodulo neoplasico),2015-12-01,0,1,4,0,0,5
