municipality,group,variable,month,Número de mujeres con estudios mamaográficos positivos,Número de mujeres con estudios mamaográficos positivos1,Número de mujeres con estudios mamaográficos positivos2,Número de mujeres con estudios mamaográficos positivos3,Número de mujeres con estudios mamaográficos positivos4,TOTAL
COCHABAMBA,"anticoncepcion, prevencion de its y de cancer de cuello uterino",numero de mujeres con estudios mamaograficos positivos,2015-01-01,0,0,2,45,90,137
LA PAZ,"anticoncepcion, prevencion de its y de cancer de cuello uterino",numero de mujeres con estudios mamaograficos positivos,2015-01-01,0,0,1,51,26,78
POTOSI,"anticoncepcion, prevencion de its y de cancer de cuello uterino",numero de mujeres con estudios mamaograficos positivos,2015-01-01,0,0,0,1,0,1
TARIJA,"anticoncepcion, prevencion de its y de cancer de cuello uterino",numero de mujeres con estudios mamaograficos positivos,2015-01-01,0,0,25,12,0,37
TRINIDAD,"anticoncepcion, prevencion de its y de cancer de cuello uterino",numero de mujeres con estudios mamaograficos positivos,2015-01-01,0,0,0,1,0,1
VILLA SERRANO,"anticoncepcion, prevencion de its y de cancer de cuello uterino",numero de mujeres con estudios mamaograficos positivos,2015-01-01,0,0,0,0,1,1
COCHABAMBA,"anticoncepcion, prevencion de its y de cancer de cuello uterino",numero de mujeres con estudios mamaograficos positivos,2015-02-01,0,0,0,24,82,106
LA PAZ,"anticoncepcion, prevencion de its y de cancer de cuello uterino",numero de mujeres con estudios mamaograficos positivos,2015-02-01,0,0,4,18,18,40
ORURO,"anticoncepcion, prevencion de its y de cancer de cuello uterino",numero de mujeres con estudios mamaograficos positivos,2015-02-01,0,0,1,2,0,3
SANTA CRUZ DE LA SIERRA,"anticoncepcion, prevencion de its y de cancer de cuello uterino",numero de mujeres con estudios mamaograficos positivos,2015-02-01,0,0,0,2,1,3
TARIJA,"anticoncepcion, prevencion de its y de cancer de cuello uterino",numero de mujeres con estudios mamaograficos positivos,2015-02-01,0,0,28,13,0,41
CAMIRI,"anticoncepcion, prevencion de its y de cancer de cuello uterino",numero de mujeres con estudios mamaograficos positivos,2015-03-01,0,0,1,0,0,1
COCHABAMBA,"anticoncepcion, prevencion de its y de cancer de cuello uterino",numero de mujeres con estudios mamaograficos positivos,2015-03-01,0,0,0,2,3,5
EL ALTO,"anticoncepcion, prevencion de its y de cancer de cuello uterino",numero de mujeres con estudios mamaograficos positivos,2015-03-01,0,0,1,0,0,1
LA PAZ,"anticoncepcion, prevencion de its y de cancer de cuello uterino",numero de mujeres con estudios mamaograficos positivos,2015-03-01,0,0,0,0,6,6
SANTA CRUZ DE LA SIERRA,"anticoncepcion, prevencion de its y de cancer de cuello uterino",numero de mujeres con estudios mamaograficos positivos,2015-03-01,0,0,4,3,0,7
SUCRE,"anticoncepcion, prevencion de its y de cancer de cuello uterino",numero de mujeres con estudios mamaograficos positivos,2015-03-01,0,0,0,1,1,2
TARIJA,"anticoncepcion, prevencion de its y de cancer de cuello uterino",numero de mujeres con estudios mamaograficos positivos,2015-03-01,0,0,20,15,0,35
COCHABAMBA,"anticoncepcion, prevencion de its y de cancer de cuello uterino",numero de mujeres con estudios mamaograficos positivos,2015-04-01,0,0,0,0,5,5
EL ALTO,"anticoncepcion, prevencion de its y de cancer de cuello uterino",numero de mujeres con estudios mamaograficos positivos,2015-04-01,0,1,11,3,0,15
LA PAZ,"anticoncepcion, prevencion de its y de cancer de cuello uterino",numero de mujeres con estudios mamaograficos positivos,2015-04-01,0,0,7,8,12,27
SANTA CRUZ DE LA SIERRA,"anticoncepcion, prevencion de its y de cancer de cuello uterino",numero de mujeres con estudios mamaograficos positivos,2015-04-01,0,0,0,1,0,1
SUCRE,"anticoncepcion, prevencion de its y de cancer de cuello uterino",numero de mujeres con estudios mamaograficos positivos,2015-04-01,0,0,0,2,2,4
TARIJA,"anticoncepcion, prevencion de its y de cancer de cuello uterino",numero de mujeres con estudios mamaograficos positivos,2015-04-01,0,0,18,8,0,26
COCHABAMBA,"anticoncepcion, prevencion de its y de cancer de cuello uterino",numero de mujeres con estudios mamaograficos positivos,2015-05-01,0,0,2,47,78,127
LA PAZ,"anticoncepcion, prevencion de its y de cancer de cuello uterino",numero de mujeres con estudios mamaograficos positivos,2015-05-01,0,0,9,15,15,39
SANTA CRUZ DE LA SIERRA,"anticoncepcion, prevencion de its y de cancer de cuello uterino",numero de mujeres con estudios mamaograficos positivos,2015-05-01,0,0,7,2,1,10
SUCRE,"anticoncepcion, prevencion de its y de cancer de cuello uterino",numero de mujeres con estudios mamaograficos positivos,2015-05-01,0,0,0,1,1,2
TARIJA,"anticoncepcion, prevencion de its y de cancer de cuello uterino",numero de mujeres con estudios mamaograficos positivos,2015-05-01,1,0,15,11,0,27
COCHABAMBA,"anticoncepcion, prevencion de its y de cancer de cuello uterino",numero de mujeres con estudios mamaograficos positivos,2015-06-01,0,0,3,94,160,257
LA PAZ,"anticoncepcion, prevencion de its y de cancer de cuello uterino",numero de mujeres con estudios mamaograficos positivos,2015-06-01,0,0,2,15,27,44
SANTA CRUZ DE LA SIERRA,"anticoncepcion, prevencion de its y de cancer de cuello uterino",numero de mujeres con estudios mamaograficos positivos,2015-06-01,0,0,2,2,3,7
TARIJA,"anticoncepcion, prevencion de its y de cancer de cuello uterino",numero de mujeres con estudios mamaograficos positivos,2015-06-01,0,0,15,6,2,23
COCHABAMBA,"anticoncepcion, prevencion de its y de cancer de cuello uterino",numero de mujeres con estudios mamaograficos positivos,2015-07-01,0,0,0,2,3,5
LA PAZ,"anticoncepcion, prevencion de its y de cancer de cuello uterino",numero de mujeres con estudios mamaograficos positivos,2015-07-01,0,1,0,17,20,38
SANTA CRUZ DE LA SIERRA,"anticoncepcion, prevencion de its y de cancer de cuello uterino",numero de mujeres con estudios mamaograficos positivos,2015-07-01,0,0,1,2,2,5
SUCRE,"anticoncepcion, prevencion de its y de cancer de cuello uterino",numero de mujeres con estudios mamaograficos positivos,2015-07-01,0,0,1,2,1,4
TARIJA,"anticoncepcion, prevencion de its y de cancer de cuello uterino",numero de mujeres con estudios mamaograficos positivos,2015-07-01,0,0,17,6,0,23
CHULUMANI (V. DE LA LIBERTAD),"anticoncepcion, prevencion de its y de cancer de cuello uterino",numero de mujeres con estudios mamaograficos positivos,2015-08-01,0,0,0,5,6,11
COCHABAMBA,"anticoncepcion, prevencion de its y de cancer de cuello uterino",numero de mujeres con estudios mamaograficos positivos,2015-08-01,0,0,0,43,68,111
LA PAZ,"anticoncepcion, prevencion de its y de cancer de cuello uterino",numero de mujeres con estudios mamaograficos positivos,2015-08-01,0,0,0,17,29,46
SANTA CRUZ DE LA SIERRA,"anticoncepcion, prevencion de its y de cancer de cuello uterino",numero de mujeres con estudios mamaograficos positivos,2015-08-01,0,0,0,1,0,1
SANTIAGO DE HUARI,"anticoncepcion, prevencion de its y de cancer de cuello uterino",numero de mujeres con estudios mamaograficos positivos,2015-08-01,0,0,4,0,0,4
SUCRE,"anticoncepcion, prevencion de its y de cancer de cuello uterino",numero de mujeres con estudios mamaograficos positivos,2015-08-01,0,1,2,11,17,31
TARIJA,"anticoncepcion, prevencion de its y de cancer de cuello uterino",numero de mujeres con estudios mamaograficos positivos,2015-08-01,0,0,18,8,1,27
COCHABAMBA,"anticoncepcion, prevencion de its y de cancer de cuello uterino",numero de mujeres con estudios mamaograficos positivos,2015-09-01,0,0,2,0,2,4
LA PAZ,"anticoncepcion, prevencion de its y de cancer de cuello uterino",numero de mujeres con estudios mamaograficos positivos,2015-09-01,0,0,2,15,23,40
ORURO,"anticoncepcion, prevencion de its y de cancer de cuello uterino",numero de mujeres con estudios mamaograficos positivos,2015-09-01,0,0,0,1,0,1
SAN JULIAN,"anticoncepcion, prevencion de its y de cancer de cuello uterino",numero de mujeres con estudios mamaograficos positivos,2015-09-01,0,0,0,2,0,2
SANTA CRUZ DE LA SIERRA,"anticoncepcion, prevencion de its y de cancer de cuello uterino",numero de mujeres con estudios mamaograficos positivos,2015-09-01,0,0,0,1,0,1
SUCRE,"anticoncepcion, prevencion de its y de cancer de cuello uterino",numero de mujeres con estudios mamaograficos positivos,2015-09-01,0,0,0,9,7,16
TARIJA,"anticoncepcion, prevencion de its y de cancer de cuello uterino",numero de mujeres con estudios mamaograficos positivos,2015-09-01,0,0,17,6,0,23
TIQUIPAYA,"anticoncepcion, prevencion de its y de cancer de cuello uterino",numero de mujeres con estudios mamaograficos positivos,2015-09-01,0,1,0,0,0,1
COCHABAMBA,"anticoncepcion, prevencion de its y de cancer de cuello uterino",numero de mujeres con estudios mamaograficos positivos,2015-10-01,0,0,0,1,5,6
LA PAZ,"anticoncepcion, prevencion de its y de cancer de cuello uterino",numero de mujeres con estudios mamaograficos positivos,2015-10-01,0,0,10,24,27,61
SANTA CRUZ DE LA SIERRA,"anticoncepcion, prevencion de its y de cancer de cuello uterino",numero de mujeres con estudios mamaograficos positivos,2015-10-01,0,0,0,0,1,1
SUCRE,"anticoncepcion, prevencion de its y de cancer de cuello uterino",numero de mujeres con estudios mamaograficos positivos,2015-10-01,0,0,0,8,13,21
TARIJA,"anticoncepcion, prevencion de its y de cancer de cuello uterino",numero de mujeres con estudios mamaograficos positivos,2015-10-01,0,0,15,4,0,19
TUPIZA,"anticoncepcion, prevencion de its y de cancer de cuello uterino",numero de mujeres con estudios mamaograficos positivos,2015-10-01,0,7,44,45,13,109
VILLA TUNARI,"anticoncepcion, prevencion de its y de cancer de cuello uterino",numero de mujeres con estudios mamaograficos positivos,2015-10-01,0,1,0,0,1,2
LA PAZ,"anticoncepcion, prevencion de its y de cancer de cuello uterino",numero de mujeres con estudios mamaograficos positivos,2015-11-01,0,0,3,10,6,19
QUILLACOLLO,"anticoncepcion, prevencion de its y de cancer de cuello uterino",numero de mujeres con estudios mamaograficos positivos,2015-11-01,0,0,1,0,0,1
SANTA CRUZ DE LA SIERRA,"anticoncepcion, prevencion de its y de cancer de cuello uterino",numero de mujeres con estudios mamaograficos positivos,2015-11-01,0,0,0,1,0,1
SUCRE,"anticoncepcion, prevencion de its y de cancer de cuello uterino",numero de mujeres con estudios mamaograficos positivos,2015-11-01,0,0,1,1,3,5
TARIJA,"anticoncepcion, prevencion de its y de cancer de cuello uterino",numero de mujeres con estudios mamaograficos positivos,2015-11-01,0,1,3,0,2,6
TUPIZA,"anticoncepcion, prevencion de its y de cancer de cuello uterino",numero de mujeres con estudios mamaograficos positivos,2015-11-01,0,3,11,4,0,18
VINTO,"anticoncepcion, prevencion de its y de cancer de cuello uterino",numero de mujeres con estudios mamaograficos positivos,2015-11-01,0,0,1,0,0,1
COCHABAMBA,"anticoncepcion, prevencion de its y de cancer de cuello uterino",numero de mujeres con estudios mamaograficos positivos,2015-12-01,0,0,0,0,1,1
LA PAZ,"anticoncepcion, prevencion de its y de cancer de cuello uterino",numero de mujeres con estudios mamaograficos positivos,2015-12-01,0,0,0,0,11,11
PALCA,"anticoncepcion, prevencion de its y de cancer de cuello uterino",numero de mujeres con estudios mamaograficos positivos,2015-12-01,0,2,4,0,0,6
SAIPINA,"anticoncepcion, prevencion de its y de cancer de cuello uterino",numero de mujeres con estudios mamaograficos positivos,2015-12-01,0,0,4,0,0,4
SANTA CRUZ DE LA SIERRA,"anticoncepcion, prevencion de its y de cancer de cuello uterino",numero de mujeres con estudios mamaograficos positivos,2015-12-01,0,0,0,0,2,2
SUCRE,"anticoncepcion, prevencion de its y de cancer de cuello uterino",numero de mujeres con estudios mamaograficos positivos,2015-12-01,0,0,2,7,0,9
TARIJA,"anticoncepcion, prevencion de its y de cancer de cuello uterino",numero de mujeres con estudios mamaograficos positivos,2015-12-01,0,0,9,7,2,18
TUPIZA,"anticoncepcion, prevencion de its y de cancer de cuello uterino",numero de mujeres con estudios mamaograficos positivos,2015-12-01,0,3,5,2,0,10
