municipality,group,variable,month,Número de mujeres con IVAA positivos tratadas,Número de mujeres con IVAA positivos tratadas1,Número de mujeres con IVAA positivos tratadas2,Número de mujeres con IVAA positivos tratadas3,Número de mujeres con IVAA positivos tratadas4,TOTAL
COCHABAMBA,"anticoncepcion, prevencion de its y de cancer de cuello uterino",numero de mujeres con ivaa positivos tratadas,2015-01-01,0,2,11,71,3,87
LA PAZ,"anticoncepcion, prevencion de its y de cancer de cuello uterino",numero de mujeres con ivaa positivos tratadas,2015-01-01,0,0,6,2,0,8
MONTERO,"anticoncepcion, prevencion de its y de cancer de cuello uterino",numero de mujeres con ivaa positivos tratadas,2015-01-01,0,0,1,0,0,1
POTOSI,"anticoncepcion, prevencion de its y de cancer de cuello uterino",numero de mujeres con ivaa positivos tratadas,2015-01-01,0,0,3,2,0,5
RIBERALTA,"anticoncepcion, prevencion de its y de cancer de cuello uterino",numero de mujeres con ivaa positivos tratadas,2015-01-01,0,0,4,1,0,5
SAN LUCAS,"anticoncepcion, prevencion de its y de cancer de cuello uterino",numero de mujeres con ivaa positivos tratadas,2015-01-01,0,0,2,1,0,3
SANTA CRUZ DE LA SIERRA,"anticoncepcion, prevencion de its y de cancer de cuello uterino",numero de mujeres con ivaa positivos tratadas,2015-01-01,0,0,0,7,0,7
TARIJA,"anticoncepcion, prevencion de its y de cancer de cuello uterino",numero de mujeres con ivaa positivos tratadas,2015-01-01,0,0,0,2,0,2
COBIJA,"anticoncepcion, prevencion de its y de cancer de cuello uterino",numero de mujeres con ivaa positivos tratadas,2015-02-01,0,0,1,0,0,1
COCHABAMBA,"anticoncepcion, prevencion de its y de cancer de cuello uterino",numero de mujeres con ivaa positivos tratadas,2015-02-01,0,1,0,0,0,1
LA PAZ,"anticoncepcion, prevencion de its y de cancer de cuello uterino",numero de mujeres con ivaa positivos tratadas,2015-02-01,0,0,3,1,0,4
POTOSI,"anticoncepcion, prevencion de its y de cancer de cuello uterino",numero de mujeres con ivaa positivos tratadas,2015-02-01,0,0,1,3,0,4
RIBERALTA,"anticoncepcion, prevencion de its y de cancer de cuello uterino",numero de mujeres con ivaa positivos tratadas,2015-02-01,0,0,0,1,0,1
SANTA CRUZ DE LA SIERRA,"anticoncepcion, prevencion de its y de cancer de cuello uterino",numero de mujeres con ivaa positivos tratadas,2015-02-01,0,0,0,1,0,1
TARIJA,"anticoncepcion, prevencion de its y de cancer de cuello uterino",numero de mujeres con ivaa positivos tratadas,2015-02-01,0,0,0,0,1,1
COCHABAMBA,"anticoncepcion, prevencion de its y de cancer de cuello uterino",numero de mujeres con ivaa positivos tratadas,2015-03-01,0,9,22,0,2,33
LA PAZ,"anticoncepcion, prevencion de its y de cancer de cuello uterino",numero de mujeres con ivaa positivos tratadas,2015-03-01,0,0,1,3,0,4
ORURO,"anticoncepcion, prevencion de its y de cancer de cuello uterino",numero de mujeres con ivaa positivos tratadas,2015-03-01,0,0,1,1,0,2
POTOSI,"anticoncepcion, prevencion de its y de cancer de cuello uterino",numero de mujeres con ivaa positivos tratadas,2015-03-01,0,0,1,4,0,5
PUERTO GONZALO MORENO,"anticoncepcion, prevencion de its y de cancer de cuello uterino",numero de mujeres con ivaa positivos tratadas,2015-03-01,0,0,1,0,0,1
RIBERALTA,"anticoncepcion, prevencion de its y de cancer de cuello uterino",numero de mujeres con ivaa positivos tratadas,2015-03-01,0,0,0,1,0,1
SACABA,"anticoncepcion, prevencion de its y de cancer de cuello uterino",numero de mujeres con ivaa positivos tratadas,2015-03-01,0,2,1,0,0,3
TARIJA,"anticoncepcion, prevencion de its y de cancer de cuello uterino",numero de mujeres con ivaa positivos tratadas,2015-03-01,0,1,8,1,1,11
VILLA MONTES,"anticoncepcion, prevencion de its y de cancer de cuello uterino",numero de mujeres con ivaa positivos tratadas,2015-03-01,0,0,0,1,0,1
COCHABAMBA,"anticoncepcion, prevencion de its y de cancer de cuello uterino",numero de mujeres con ivaa positivos tratadas,2015-04-01,0,7,14,90,4,115
CRUZ DE MACHACAMARCA,"anticoncepcion, prevencion de its y de cancer de cuello uterino",numero de mujeres con ivaa positivos tratadas,2015-04-01,0,0,1,0,0,1
EL TORNO,"anticoncepcion, prevencion de its y de cancer de cuello uterino",numero de mujeres con ivaa positivos tratadas,2015-04-01,0,4,23,18,9,54
ENTRE RIOS TRJ,"anticoncepcion, prevencion de its y de cancer de cuello uterino",numero de mujeres con ivaa positivos tratadas,2015-04-01,0,0,0,0,1,1
LA PAZ,"anticoncepcion, prevencion de its y de cancer de cuello uterino",numero de mujeres con ivaa positivos tratadas,2015-04-01,0,0,1,2,0,3
POTOSI,"anticoncepcion, prevencion de its y de cancer de cuello uterino",numero de mujeres con ivaa positivos tratadas,2015-04-01,0,0,8,2,1,11
PUERTO GONZALO MORENO,"anticoncepcion, prevencion de its y de cancer de cuello uterino",numero de mujeres con ivaa positivos tratadas,2015-04-01,0,0,1,0,1,2
TIQUIPAYA,"anticoncepcion, prevencion de its y de cancer de cuello uterino",numero de mujeres con ivaa positivos tratadas,2015-04-01,0,0,3,0,0,3
TRINIDAD,"anticoncepcion, prevencion de its y de cancer de cuello uterino",numero de mujeres con ivaa positivos tratadas,2015-04-01,0,0,1,1,2,4
VIACHA,"anticoncepcion, prevencion de its y de cancer de cuello uterino",numero de mujeres con ivaa positivos tratadas,2015-04-01,0,0,0,2,2,4
VILLA MONTES,"anticoncepcion, prevencion de its y de cancer de cuello uterino",numero de mujeres con ivaa positivos tratadas,2015-04-01,0,0,2,0,0,2
COCHABAMBA,"anticoncepcion, prevencion de its y de cancer de cuello uterino",numero de mujeres con ivaa positivos tratadas,2015-05-01,0,6,30,252,11,299
EL ALTO,"anticoncepcion, prevencion de its y de cancer de cuello uterino",numero de mujeres con ivaa positivos tratadas,2015-05-01,0,1,3,1,0,5
EL TORNO,"anticoncepcion, prevencion de its y de cancer de cuello uterino",numero de mujeres con ivaa positivos tratadas,2015-05-01,0,0,5,0,1,6
LA PAZ,"anticoncepcion, prevencion de its y de cancer de cuello uterino",numero de mujeres con ivaa positivos tratadas,2015-05-01,0,4,5,1,0,10
POTOSI,"anticoncepcion, prevencion de its y de cancer de cuello uterino",numero de mujeres con ivaa positivos tratadas,2015-05-01,0,0,3,6,0,9
TARIJA,"anticoncepcion, prevencion de its y de cancer de cuello uterino",numero de mujeres con ivaa positivos tratadas,2015-05-01,0,0,6,1,0,7
VIACHA,"anticoncepcion, prevencion de its y de cancer de cuello uterino",numero de mujeres con ivaa positivos tratadas,2015-05-01,0,0,0,2,2,4
VILLA MONTES,"anticoncepcion, prevencion de its y de cancer de cuello uterino",numero de mujeres con ivaa positivos tratadas,2015-05-01,0,0,5,1,0,6
YAPACANI,"anticoncepcion, prevencion de its y de cancer de cuello uterino",numero de mujeres con ivaa positivos tratadas,2015-05-01,0,0,1,1,0,2
COCHABAMBA,"anticoncepcion, prevencion de its y de cancer de cuello uterino",numero de mujeres con ivaa positivos tratadas,2015-06-01,0,7,20,108,6,141
EL ALTO,"anticoncepcion, prevencion de its y de cancer de cuello uterino",numero de mujeres con ivaa positivos tratadas,2015-06-01,0,0,3,2,0,5
LA PAZ,"anticoncepcion, prevencion de its y de cancer de cuello uterino",numero de mujeres con ivaa positivos tratadas,2015-06-01,0,0,2,1,0,3
TARIJA,"anticoncepcion, prevencion de its y de cancer de cuello uterino",numero de mujeres con ivaa positivos tratadas,2015-06-01,0,0,0,4,3,7
TRINIDAD,"anticoncepcion, prevencion de its y de cancer de cuello uterino",numero de mujeres con ivaa positivos tratadas,2015-06-01,0,0,0,1,0,1
VIACHA,"anticoncepcion, prevencion de its y de cancer de cuello uterino",numero de mujeres con ivaa positivos tratadas,2015-06-01,0,0,0,1,1,2
COCHABAMBA,"anticoncepcion, prevencion de its y de cancer de cuello uterino",numero de mujeres con ivaa positivos tratadas,2015-07-01,1,6,17,0,9,33
LA PAZ,"anticoncepcion, prevencion de its y de cancer de cuello uterino",numero de mujeres con ivaa positivos tratadas,2015-07-01,0,0,2,0,0,2
ORURO,"anticoncepcion, prevencion de its y de cancer de cuello uterino",numero de mujeres con ivaa positivos tratadas,2015-07-01,0,0,2,0,0,2
TARIJA,"anticoncepcion, prevencion de its y de cancer de cuello uterino",numero de mujeres con ivaa positivos tratadas,2015-07-01,0,0,3,4,0,7
TRINIDAD,"anticoncepcion, prevencion de its y de cancer de cuello uterino",numero de mujeres con ivaa positivos tratadas,2015-07-01,0,0,1,1,0,2
VILLA MONTES,"anticoncepcion, prevencion de its y de cancer de cuello uterino",numero de mujeres con ivaa positivos tratadas,2015-07-01,0,0,2,0,0,2
VILLA TUNARI,"anticoncepcion, prevencion de its y de cancer de cuello uterino",numero de mujeres con ivaa positivos tratadas,2015-07-01,0,1,3,0,0,4
CAMARGO,"anticoncepcion, prevencion de its y de cancer de cuello uterino",numero de mujeres con ivaa positivos tratadas,2015-08-01,0,1,0,0,0,1
CAMIRI,"anticoncepcion, prevencion de its y de cancer de cuello uterino",numero de mujeres con ivaa positivos tratadas,2015-08-01,0,0,9,3,0,12
COCHABAMBA,"anticoncepcion, prevencion de its y de cancer de cuello uterino",numero de mujeres con ivaa positivos tratadas,2015-08-01,0,10,15,116,2,143
LA PAZ,"anticoncepcion, prevencion de its y de cancer de cuello uterino",numero de mujeres con ivaa positivos tratadas,2015-08-01,0,0,1,2,0,3
ORURO,"anticoncepcion, prevencion de its y de cancer de cuello uterino",numero de mujeres con ivaa positivos tratadas,2015-08-01,0,0,1,0,0,1
POTOSI,"anticoncepcion, prevencion de its y de cancer de cuello uterino",numero de mujeres con ivaa positivos tratadas,2015-08-01,0,0,2,1,0,3
SUCRE,"anticoncepcion, prevencion de its y de cancer de cuello uterino",numero de mujeres con ivaa positivos tratadas,2015-08-01,0,0,10,0,2,12
TARIJA,"anticoncepcion, prevencion de its y de cancer de cuello uterino",numero de mujeres con ivaa positivos tratadas,2015-08-01,0,0,1,6,1,8
TRINIDAD,"anticoncepcion, prevencion de its y de cancer de cuello uterino",numero de mujeres con ivaa positivos tratadas,2015-08-01,0,0,1,4,0,5
VILLA MONTES,"anticoncepcion, prevencion de its y de cancer de cuello uterino",numero de mujeres con ivaa positivos tratadas,2015-08-01,0,1,3,0,0,4
ANZALDO,"anticoncepcion, prevencion de its y de cancer de cuello uterino",numero de mujeres con ivaa positivos tratadas,2015-09-01,0,0,1,2,0,3
COCHABAMBA,"anticoncepcion, prevencion de its y de cancer de cuello uterino",numero de mujeres con ivaa positivos tratadas,2015-09-01,0,9,15,100,2,126
EL ALTO,"anticoncepcion, prevencion de its y de cancer de cuello uterino",numero de mujeres con ivaa positivos tratadas,2015-09-01,0,0,4,2,0,6
ENTRE RIOS TRJ,"anticoncepcion, prevencion de its y de cancer de cuello uterino",numero de mujeres con ivaa positivos tratadas,2015-09-01,0,4,5,3,2,14
LA PAZ,"anticoncepcion, prevencion de its y de cancer de cuello uterino",numero de mujeres con ivaa positivos tratadas,2015-09-01,0,0,2,1,0,3
SUCRE,"anticoncepcion, prevencion de its y de cancer de cuello uterino",numero de mujeres con ivaa positivos tratadas,2015-09-01,0,0,9,7,1,17
TARIJA,"anticoncepcion, prevencion de its y de cancer de cuello uterino",numero de mujeres con ivaa positivos tratadas,2015-09-01,0,3,5,0,1,9
VILLA MONTES,"anticoncepcion, prevencion de its y de cancer de cuello uterino",numero de mujeres con ivaa positivos tratadas,2015-09-01,0,0,3,2,0,5
VILLA TUNARI,"anticoncepcion, prevencion de its y de cancer de cuello uterino",numero de mujeres con ivaa positivos tratadas,2015-09-01,0,0,4,0,0,4
YAPACANI,"anticoncepcion, prevencion de its y de cancer de cuello uterino",numero de mujeres con ivaa positivos tratadas,2015-09-01,0,0,1,0,0,1
COCHABAMBA,"anticoncepcion, prevencion de its y de cancer de cuello uterino",numero de mujeres con ivaa positivos tratadas,2015-10-01,0,6,14,97,4,121
LA GUARDIA,"anticoncepcion, prevencion de its y de cancer de cuello uterino",numero de mujeres con ivaa positivos tratadas,2015-10-01,0,0,4,0,1,5
LA PAZ,"anticoncepcion, prevencion de its y de cancer de cuello uterino",numero de mujeres con ivaa positivos tratadas,2015-10-01,0,0,2,6,2,10
MIZQUE,"anticoncepcion, prevencion de its y de cancer de cuello uterino",numero de mujeres con ivaa positivos tratadas,2015-10-01,0,0,2,0,0,2
POTOSI,"anticoncepcion, prevencion de its y de cancer de cuello uterino",numero de mujeres con ivaa positivos tratadas,2015-10-01,0,2,8,4,0,14
SANTA CRUZ DE LA SIERRA,"anticoncepcion, prevencion de its y de cancer de cuello uterino",numero de mujeres con ivaa positivos tratadas,2015-10-01,0,0,3,1,0,4
SUCRE,"anticoncepcion, prevencion de its y de cancer de cuello uterino",numero de mujeres con ivaa positivos tratadas,2015-10-01,0,0,6,5,4,15
TARIJA,"anticoncepcion, prevencion de its y de cancer de cuello uterino",numero de mujeres con ivaa positivos tratadas,2015-10-01,4,4,2,0,0,10
TARVITA,"anticoncepcion, prevencion de its y de cancer de cuello uterino",numero de mujeres con ivaa positivos tratadas,2015-10-01,0,0,0,1,1,2
VILLA MONTES,"anticoncepcion, prevencion de its y de cancer de cuello uterino",numero de mujeres con ivaa positivos tratadas,2015-10-01,0,1,1,0,0,2
AYOPAYA (V. DE INDEPENDENCIA),"anticoncepcion, prevencion de its y de cancer de cuello uterino",numero de mujeres con ivaa positivos tratadas,2015-11-01,0,0,2,0,1,3
COCHABAMBA,"anticoncepcion, prevencion de its y de cancer de cuello uterino",numero de mujeres con ivaa positivos tratadas,2015-11-01,0,4,15,79,0,98
EL ALTO,"anticoncepcion, prevencion de its y de cancer de cuello uterino",numero de mujeres con ivaa positivos tratadas,2015-11-01,0,0,2,2,0,4
LA PAZ,"anticoncepcion, prevencion de its y de cancer de cuello uterino",numero de mujeres con ivaa positivos tratadas,2015-11-01,0,0,0,1,1,2
MONTEAGUDO,"anticoncepcion, prevencion de its y de cancer de cuello uterino",numero de mujeres con ivaa positivos tratadas,2015-11-01,0,0,0,1,0,1
ORURO,"anticoncepcion, prevencion de its y de cancer de cuello uterino",numero de mujeres con ivaa positivos tratadas,2015-11-01,0,0,2,1,0,3
POTOSI,"anticoncepcion, prevencion de its y de cancer de cuello uterino",numero de mujeres con ivaa positivos tratadas,2015-11-01,0,0,4,1,1,6
SAN CARLOS,"anticoncepcion, prevencion de its y de cancer de cuello uterino",numero de mujeres con ivaa positivos tratadas,2015-11-01,0,0,1,0,0,1
SUCRE,"anticoncepcion, prevencion de its y de cancer de cuello uterino",numero de mujeres con ivaa positivos tratadas,2015-11-01,0,0,4,4,0,8
VILLA MONTES,"anticoncepcion, prevencion de its y de cancer de cuello uterino",numero de mujeres con ivaa positivos tratadas,2015-11-01,0,0,1,0,0,1
YACUIBA,"anticoncepcion, prevencion de its y de cancer de cuello uterino",numero de mujeres con ivaa positivos tratadas,2015-11-01,0,0,10,9,5,24
COCHABAMBA,"anticoncepcion, prevencion de its y de cancer de cuello uterino",numero de mujeres con ivaa positivos tratadas,2015-12-01,0,8,15,106,4,133
POTOSI,"anticoncepcion, prevencion de its y de cancer de cuello uterino",numero de mujeres con ivaa positivos tratadas,2015-12-01,0,0,4,3,0,7
SACACA,"anticoncepcion, prevencion de its y de cancer de cuello uterino",numero de mujeres con ivaa positivos tratadas,2015-12-01,0,0,1,0,0,1
SUCRE,"anticoncepcion, prevencion de its y de cancer de cuello uterino",numero de mujeres con ivaa positivos tratadas,2015-12-01,0,0,4,7,0,11
TARIJA,"anticoncepcion, prevencion de its y de cancer de cuello uterino",numero de mujeres con ivaa positivos tratadas,2015-12-01,0,0,1,0,0,1
VILLA MONTES,"anticoncepcion, prevencion de its y de cancer de cuello uterino",numero de mujeres con ivaa positivos tratadas,2015-12-01,0,0,0,2,0,2
VINTO,"anticoncepcion, prevencion de its y de cancer de cuello uterino",numero de mujeres con ivaa positivos tratadas,2015-12-01,0,1,1,1,0,3
