municipality,group,variable,month,Número de mujeres con muestras de PAP tomadas,Número de mujeres con muestras de PAP tomadas1,Número de mujeres con muestras de PAP tomadas2,Número de mujeres con muestras de PAP tomadas3,Número de mujeres con muestras de PAP tomadas4,TOTAL
ACACIO,"anticoncepcion, prevencion de its y de cancer de cuello uterino",numero de mujeres con muestras de pap tomadas,2015-01-01,0,1,4,3,0,8
ACHACACHI,"anticoncepcion, prevencion de its y de cancer de cuello uterino",numero de mujeres con muestras de pap tomadas,2015-01-01,0,2,17,12,2,33
ACHOCALLA,"anticoncepcion, prevencion de its y de cancer de cuello uterino",numero de mujeres con muestras de pap tomadas,2015-01-01,0,0,8,9,1,18
AIQUILE,"anticoncepcion, prevencion de its y de cancer de cuello uterino",numero de mujeres con muestras de pap tomadas,2015-01-01,0,1,20,14,7,42
ALCALA,"anticoncepcion, prevencion de its y de cancer de cuello uterino",numero de mujeres con muestras de pap tomadas,2015-01-01,0,3,8,10,2,23
ALTO BENI,"anticoncepcion, prevencion de its y de cancer de cuello uterino",numero de mujeres con muestras de pap tomadas,2015-01-01,0,4,5,1,1,11
ANCORAIMES,"anticoncepcion, prevencion de its y de cancer de cuello uterino",numero de mujeres con muestras de pap tomadas,2015-01-01,0,0,3,3,0,6
ANTEQUERA,"anticoncepcion, prevencion de its y de cancer de cuello uterino",numero de mujeres con muestras de pap tomadas,2015-01-01,0,0,1,2,0,3
ANZALDO,"anticoncepcion, prevencion de its y de cancer de cuello uterino",numero de mujeres con muestras de pap tomadas,2015-01-01,0,0,4,1,0,5
APOLO,"anticoncepcion, prevencion de its y de cancer de cuello uterino",numero de mujeres con muestras de pap tomadas,2015-01-01,0,0,2,5,0,7
ARAMPAMPA,"anticoncepcion, prevencion de its y de cancer de cuello uterino",numero de mujeres con muestras de pap tomadas,2015-01-01,0,0,0,1,0,1
ARANI,"anticoncepcion, prevencion de its y de cancer de cuello uterino",numero de mujeres con muestras de pap tomadas,2015-01-01,0,6,27,5,2,40
ARBIETO,"anticoncepcion, prevencion de its y de cancer de cuello uterino",numero de mujeres con muestras de pap tomadas,2015-01-01,0,14,27,9,1,51
ARQUE,"anticoncepcion, prevencion de its y de cancer de cuello uterino",numero de mujeres con muestras de pap tomadas,2015-01-01,0,0,1,0,0,1
ASCENCION DE GUARAYOS,"anticoncepcion, prevencion de its y de cancer de cuello uterino",numero de mujeres con muestras de pap tomadas,2015-01-01,3,12,51,15,1,82
ATOCHA,"anticoncepcion, prevencion de its y de cancer de cuello uterino",numero de mujeres con muestras de pap tomadas,2015-01-01,0,2,2,1,0,5
AYO AYO,"anticoncepcion, prevencion de its y de cancer de cuello uterino",numero de mujeres con muestras de pap tomadas,2015-01-01,0,0,0,1,0,1
AYOPAYA (V. DE INDEPENDENCIA),"anticoncepcion, prevencion de its y de cancer de cuello uterino",numero de mujeres con muestras de pap tomadas,2015-01-01,1,0,9,4,3,17
AZURDUY,"anticoncepcion, prevencion de its y de cancer de cuello uterino",numero de mujeres con muestras de pap tomadas,2015-01-01,0,7,16,18,1,42
BATALLAS,"anticoncepcion, prevencion de its y de cancer de cuello uterino",numero de mujeres con muestras de pap tomadas,2015-01-01,0,3,12,6,3,24
BELLA FLOR,"anticoncepcion, prevencion de its y de cancer de cuello uterino",numero de mujeres con muestras de pap tomadas,2015-01-01,0,3,0,0,0,3
BERMEJO,"anticoncepcion, prevencion de its y de cancer de cuello uterino",numero de mujeres con muestras de pap tomadas,2015-01-01,0,5,29,16,8,58
BETANZOS,"anticoncepcion, prevencion de its y de cancer de cuello uterino",numero de mujeres con muestras de pap tomadas,2015-01-01,0,2,23,63,18,106
BOYUIBE,"anticoncepcion, prevencion de its y de cancer de cuello uterino",numero de mujeres con muestras de pap tomadas,2015-01-01,0,0,1,0,0,1
BUENA VISTA,"anticoncepcion, prevencion de its y de cancer de cuello uterino",numero de mujeres con muestras de pap tomadas,2015-01-01,1,5,18,1,0,25
CABEZAS,"anticoncepcion, prevencion de its y de cancer de cuello uterino",numero de mujeres con muestras de pap tomadas,2015-01-01,0,4,21,11,0,36
CAIROMA,"anticoncepcion, prevencion de its y de cancer de cuello uterino",numero de mujeres con muestras de pap tomadas,2015-01-01,0,0,1,1,0,2
"CAIZA ""D""","anticoncepcion, prevencion de its y de cancer de cuello uterino",numero de mujeres con muestras de pap tomadas,2015-01-01,0,1,16,8,2,27
CAJUATA,"anticoncepcion, prevencion de its y de cancer de cuello uterino",numero de mujeres con muestras de pap tomadas,2015-01-01,0,0,1,0,1,2
CALACOTO,"anticoncepcion, prevencion de its y de cancer de cuello uterino",numero de mujeres con muestras de pap tomadas,2015-01-01,0,0,2,2,4,8
CALAMARCA,"anticoncepcion, prevencion de its y de cancer de cuello uterino",numero de mujeres con muestras de pap tomadas,2015-01-01,0,1,31,11,5,48
CAMARGO,"anticoncepcion, prevencion de its y de cancer de cuello uterino",numero de mujeres con muestras de pap tomadas,2015-01-01,1,1,18,13,0,33
CAMATAQUI (C. VILLA ABECIA),"anticoncepcion, prevencion de its y de cancer de cuello uterino",numero de mujeres con muestras de pap tomadas,2015-01-01,0,0,3,3,1,7
CAMIRI,"anticoncepcion, prevencion de its y de cancer de cuello uterino",numero de mujeres con muestras de pap tomadas,2015-01-01,0,0,5,3,0,8
CAPINOTA,"anticoncepcion, prevencion de its y de cancer de cuello uterino",numero de mujeres con muestras de pap tomadas,2015-01-01,4,10,67,31,5,117
CAQUIAVIRI,"anticoncepcion, prevencion de its y de cancer de cuello uterino",numero de mujeres con muestras de pap tomadas,2015-01-01,0,0,1,0,0,1
CARACOLLO,"anticoncepcion, prevencion de its y de cancer de cuello uterino",numero de mujeres con muestras de pap tomadas,2015-01-01,0,9,88,34,0,131
CARANAVI,"anticoncepcion, prevencion de its y de cancer de cuello uterino",numero de mujeres con muestras de pap tomadas,2015-01-01,1,10,69,35,20,135
CARANGAS,"anticoncepcion, prevencion de its y de cancer de cuello uterino",numero de mujeres con muestras de pap tomadas,2015-01-01,0,0,2,0,0,2
CARIPUYO,"anticoncepcion, prevencion de its y de cancer de cuello uterino",numero de mujeres con muestras de pap tomadas,2015-01-01,0,3,12,10,0,25
CARMEN RIVERO TORREZ,"anticoncepcion, prevencion de its y de cancer de cuello uterino",numero de mujeres con muestras de pap tomadas,2015-01-01,0,2,4,2,0,8
CHALLAPATA,"anticoncepcion, prevencion de its y de cancer de cuello uterino",numero de mujeres con muestras de pap tomadas,2015-01-01,0,2,15,7,2,26
CHAQUI,"anticoncepcion, prevencion de its y de cancer de cuello uterino",numero de mujeres con muestras de pap tomadas,2015-01-01,0,0,5,6,2,13
CHARAGUA,"anticoncepcion, prevencion de its y de cancer de cuello uterino",numero de mujeres con muestras de pap tomadas,2015-01-01,1,4,21,5,3,34
CHAYANTA,"anticoncepcion, prevencion de its y de cancer de cuello uterino",numero de mujeres con muestras de pap tomadas,2015-01-01,0,3,13,3,0,19
CHIMORE,"anticoncepcion, prevencion de its y de cancer de cuello uterino",numero de mujeres con muestras de pap tomadas,2015-01-01,1,1,6,4,0,12
CHUA COCANI,"anticoncepcion, prevencion de its y de cancer de cuello uterino",numero de mujeres con muestras de pap tomadas,2015-01-01,0,0,2,0,0,2
CHULUMANI (V. DE LA LIBERTAD),"anticoncepcion, prevencion de its y de cancer de cuello uterino",numero de mujeres con muestras de pap tomadas,2015-01-01,0,0,6,5,2,13
CHUMA,"anticoncepcion, prevencion de its y de cancer de cuello uterino",numero de mujeres con muestras de pap tomadas,2015-01-01,0,2,7,3,2,14
CHUQUIHUTA AYLLU JUCUMANI,"anticoncepcion, prevencion de its y de cancer de cuello uterino",numero de mujeres con muestras de pap tomadas,2015-01-01,0,3,6,0,0,9
CKOCHAS,"anticoncepcion, prevencion de its y de cancer de cuello uterino",numero de mujeres con muestras de pap tomadas,2015-01-01,0,0,0,5,0,5
CLIZA,"anticoncepcion, prevencion de its y de cancer de cuello uterino",numero de mujeres con muestras de pap tomadas,2015-01-01,0,7,43,9,2,61
COBIJA,"anticoncepcion, prevencion de its y de cancer de cuello uterino",numero de mujeres con muestras de pap tomadas,2015-01-01,1,10,68,28,10,117
COCAPATA,"anticoncepcion, prevencion de its y de cancer de cuello uterino",numero de mujeres con muestras de pap tomadas,2015-01-01,0,0,1,0,0,1
COCHABAMBA,"anticoncepcion, prevencion de its y de cancer de cuello uterino",numero de mujeres con muestras de pap tomadas,2015-01-01,54,384,1951,2009,457,4855
COLCAPIRHUA,"anticoncepcion, prevencion de its y de cancer de cuello uterino",numero de mujeres con muestras de pap tomadas,2015-01-01,0,2,54,16,19,91
COLLANA,"anticoncepcion, prevencion de its y de cancer de cuello uterino",numero de mujeres con muestras de pap tomadas,2015-01-01,0,0,2,0,0,2
COLOMI,"anticoncepcion, prevencion de its y de cancer de cuello uterino",numero de mujeres con muestras de pap tomadas,2015-01-01,0,0,11,4,1,16
COLPA BELGICA,"anticoncepcion, prevencion de its y de cancer de cuello uterino",numero de mujeres con muestras de pap tomadas,2015-01-01,0,0,3,0,0,3
COLQUECHACA,"anticoncepcion, prevencion de its y de cancer de cuello uterino",numero de mujeres con muestras de pap tomadas,2015-01-01,0,1,4,3,1,9
COLQUENCHA,"anticoncepcion, prevencion de its y de cancer de cuello uterino",numero de mujeres con muestras de pap tomadas,2015-01-01,0,0,4,1,1,6
COMARAPA,"anticoncepcion, prevencion de its y de cancer de cuello uterino",numero de mujeres con muestras de pap tomadas,2015-01-01,0,2,14,7,3,26
CONCEPCION,"anticoncepcion, prevencion de its y de cancer de cuello uterino",numero de mujeres con muestras de pap tomadas,2015-01-01,0,3,4,0,0,7
COPACABANA,"anticoncepcion, prevencion de its y de cancer de cuello uterino",numero de mujeres con muestras de pap tomadas,2015-01-01,0,0,1,1,0,2
CORIPATA,"anticoncepcion, prevencion de its y de cancer de cuello uterino",numero de mujeres con muestras de pap tomadas,2015-01-01,0,0,1,0,0,1
CORO CORO,"anticoncepcion, prevencion de its y de cancer de cuello uterino",numero de mujeres con muestras de pap tomadas,2015-01-01,0,0,1,2,0,3
COROICO,"anticoncepcion, prevencion de its y de cancer de cuello uterino",numero de mujeres con muestras de pap tomadas,2015-01-01,0,0,0,3,0,3
COTAGAITA,"anticoncepcion, prevencion de its y de cancer de cuello uterino",numero de mujeres con muestras de pap tomadas,2015-01-01,0,1,2,4,5,12
COTOCA,"anticoncepcion, prevencion de its y de cancer de cuello uterino",numero de mujeres con muestras de pap tomadas,2015-01-01,0,13,69,31,4,117
CRUZ DE MACHACAMARCA,"anticoncepcion, prevencion de its y de cancer de cuello uterino",numero de mujeres con muestras de pap tomadas,2015-01-01,0,0,3,0,0,3
CUATRO CAÑADAS,"anticoncepcion, prevencion de its y de cancer de cuello uterino",numero de mujeres con muestras de pap tomadas,2015-01-01,0,3,12,1,2,18
CUEVO,"anticoncepcion, prevencion de its y de cancer de cuello uterino",numero de mujeres con muestras de pap tomadas,2015-01-01,0,0,0,1,0,1
CULPINA,"anticoncepcion, prevencion de its y de cancer de cuello uterino",numero de mujeres con muestras de pap tomadas,2015-01-01,0,3,14,13,3,33
DESAGUADERO,"anticoncepcion, prevencion de its y de cancer de cuello uterino",numero de mujeres con muestras de pap tomadas,2015-01-01,0,0,2,1,1,4
EL ALTO,"anticoncepcion, prevencion de its y de cancer de cuello uterino",numero de mujeres con muestras de pap tomadas,2015-01-01,5,152,1802,1189,461,3609
EL PUENTE(STC),"anticoncepcion, prevencion de its y de cancer de cuello uterino",numero de mujeres con muestras de pap tomadas,2015-01-01,0,3,21,2,3,29
EL PUENTE(TJA),"anticoncepcion, prevencion de its y de cancer de cuello uterino",numero de mujeres con muestras de pap tomadas,2015-01-01,0,2,10,11,2,25
EL TORNO,"anticoncepcion, prevencion de its y de cancer de cuello uterino",numero de mujeres con muestras de pap tomadas,2015-01-01,3,37,169,99,51,359
ENTRE RIOS TRJ,"anticoncepcion, prevencion de its y de cancer de cuello uterino",numero de mujeres con muestras de pap tomadas,2015-01-01,0,2,10,9,0,21
ENTRE RIOS CBBA,"anticoncepcion, prevencion de its y de cancer de cuello uterino",numero de mujeres con muestras de pap tomadas,2015-01-01,0,2,20,2,0,24
ESCOMA,"anticoncepcion, prevencion de its y de cancer de cuello uterino",numero de mujeres con muestras de pap tomadas,2015-01-01,0,1,3,1,2,7
EUCALIPTUS,"anticoncepcion, prevencion de its y de cancer de cuello uterino",numero de mujeres con muestras de pap tomadas,2015-01-01,0,0,0,0,2,2
FERNANDEZ ALONSO,"anticoncepcion, prevencion de its y de cancer de cuello uterino",numero de mujeres con muestras de pap tomadas,2015-01-01,0,0,14,4,4,22
FILADELFIA,"anticoncepcion, prevencion de its y de cancer de cuello uterino",numero de mujeres con muestras de pap tomadas,2015-01-01,0,0,1,0,0,1
GENERAL SAAVEDRA,"anticoncepcion, prevencion de its y de cancer de cuello uterino",numero de mujeres con muestras de pap tomadas,2015-01-01,0,1,15,7,0,23
GRAL. J.J. PEREZ (CHARAZANI),"anticoncepcion, prevencion de its y de cancer de cuello uterino",numero de mujeres con muestras de pap tomadas,2015-01-01,0,0,0,1,0,1
GUANAY,"anticoncepcion, prevencion de its y de cancer de cuello uterino",numero de mujeres con muestras de pap tomadas,2015-01-01,0,3,40,7,0,50
GUAQUI,"anticoncepcion, prevencion de its y de cancer de cuello uterino",numero de mujeres con muestras de pap tomadas,2015-01-01,0,1,5,5,0,11
GUAYARAMERIN,"anticoncepcion, prevencion de its y de cancer de cuello uterino",numero de mujeres con muestras de pap tomadas,2015-01-01,3,15,71,29,9,127
GUTIERREZ,"anticoncepcion, prevencion de its y de cancer de cuello uterino",numero de mujeres con muestras de pap tomadas,2015-01-01,0,0,1,0,0,1
HUACARETA,"anticoncepcion, prevencion de its y de cancer de cuello uterino",numero de mujeres con muestras de pap tomadas,2015-01-01,0,2,14,8,0,24
HUACAYA (VILLA DE HUACAYA),"anticoncepcion, prevencion de its y de cancer de cuello uterino",numero de mujeres con muestras de pap tomadas,2015-01-01,0,0,3,3,1,7
HUACHACALLA,"anticoncepcion, prevencion de its y de cancer de cuello uterino",numero de mujeres con muestras de pap tomadas,2015-01-01,0,0,4,1,0,5
HUANUNI,"anticoncepcion, prevencion de its y de cancer de cuello uterino",numero de mujeres con muestras de pap tomadas,2015-01-01,0,4,11,5,0,20
HUARINA,"anticoncepcion, prevencion de its y de cancer de cuello uterino",numero de mujeres con muestras de pap tomadas,2015-01-01,0,0,4,0,0,4
HUATAJATA,"anticoncepcion, prevencion de its y de cancer de cuello uterino",numero de mujeres con muestras de pap tomadas,2015-01-01,0,0,0,1,0,1
ICHOCA,"anticoncepcion, prevencion de its y de cancer de cuello uterino",numero de mujeres con muestras de pap tomadas,2015-01-01,0,0,1,0,0,1
ICLA,"anticoncepcion, prevencion de its y de cancer de cuello uterino",numero de mujeres con muestras de pap tomadas,2015-01-01,0,0,3,1,4,8
INCAHUASI,"anticoncepcion, prevencion de its y de cancer de cuello uterino",numero de mujeres con muestras de pap tomadas,2015-01-01,0,1,4,4,2,11
INQUISIVI,"anticoncepcion, prevencion de its y de cancer de cuello uterino",numero de mujeres con muestras de pap tomadas,2015-01-01,0,0,0,4,3,7
IRUPANA (VILLA DE LANZA),"anticoncepcion, prevencion de its y de cancer de cuello uterino",numero de mujeres con muestras de pap tomadas,2015-01-01,0,0,2,5,0,7
IXIAMAS,"anticoncepcion, prevencion de its y de cancer de cuello uterino",numero de mujeres con muestras de pap tomadas,2015-01-01,0,7,56,37,0,100
JESUS DE MACHACA,"anticoncepcion, prevencion de its y de cancer de cuello uterino",numero de mujeres con muestras de pap tomadas,2015-01-01,0,3,6,4,7,20
LA ASUNTA,"anticoncepcion, prevencion de its y de cancer de cuello uterino",numero de mujeres con muestras de pap tomadas,2015-01-01,0,1,6,7,0,14
LA GUARDIA,"anticoncepcion, prevencion de its y de cancer de cuello uterino",numero de mujeres con muestras de pap tomadas,2015-01-01,1,27,151,57,43,279
LA PAZ,"anticoncepcion, prevencion de its y de cancer de cuello uterino",numero de mujeres con muestras de pap tomadas,2015-01-01,5,122,2378,1049,378,3932
LAGUNILLAS,"anticoncepcion, prevencion de its y de cancer de cuello uterino",numero de mujeres con muestras de pap tomadas,2015-01-01,0,0,1,1,0,2
LAJA,"anticoncepcion, prevencion de its y de cancer de cuello uterino",numero de mujeres con muestras de pap tomadas,2015-01-01,0,1,15,12,4,32
LAS CARRERAS,"anticoncepcion, prevencion de its y de cancer de cuello uterino",numero de mujeres con muestras de pap tomadas,2015-01-01,0,0,1,1,0,2
LICOMA PAMPA,"anticoncepcion, prevencion de its y de cancer de cuello uterino",numero de mujeres con muestras de pap tomadas,2015-01-01,0,0,1,0,0,1
LLALLAGUA,"anticoncepcion, prevencion de its y de cancer de cuello uterino",numero de mujeres con muestras de pap tomadas,2015-01-01,0,1,0,20,3,24
LURIBAY,"anticoncepcion, prevencion de its y de cancer de cuello uterino",numero de mujeres con muestras de pap tomadas,2015-01-01,0,0,1,1,8,10
MACHACAMARCA,"anticoncepcion, prevencion de its y de cancer de cuello uterino",numero de mujeres con muestras de pap tomadas,2015-01-01,0,0,2,1,0,3
MACHARETI,"anticoncepcion, prevencion de its y de cancer de cuello uterino",numero de mujeres con muestras de pap tomadas,2015-01-01,0,4,8,2,0,14
MAIRANA,"anticoncepcion, prevencion de its y de cancer de cuello uterino",numero de mujeres con muestras de pap tomadas,2015-01-01,0,2,4,1,0,7
MAPIRI,"anticoncepcion, prevencion de its y de cancer de cuello uterino",numero de mujeres con muestras de pap tomadas,2015-01-01,1,11,33,21,6,72
MECAPACA,"anticoncepcion, prevencion de its y de cancer de cuello uterino",numero de mujeres con muestras de pap tomadas,2015-01-01,0,0,2,3,1,6
MINEROS,"anticoncepcion, prevencion de its y de cancer de cuello uterino",numero de mujeres con muestras de pap tomadas,2015-01-01,0,0,4,1,0,5
MIZQUE,"anticoncepcion, prevencion de its y de cancer de cuello uterino",numero de mujeres con muestras de pap tomadas,2015-01-01,0,1,38,12,2,53
MOCOMOCO,"anticoncepcion, prevencion de its y de cancer de cuello uterino",numero de mujeres con muestras de pap tomadas,2015-01-01,0,1,4,0,0,5
MOJOCOYA,"anticoncepcion, prevencion de its y de cancer de cuello uterino",numero de mujeres con muestras de pap tomadas,2015-01-01,0,0,9,7,2,18
MONTEAGUDO,"anticoncepcion, prevencion de its y de cancer de cuello uterino",numero de mujeres con muestras de pap tomadas,2015-01-01,1,20,50,55,12,138
MONTERO,"anticoncepcion, prevencion de its y de cancer de cuello uterino",numero de mujeres con muestras de pap tomadas,2015-01-01,0,5,107,64,12,188
MORO MORO,"anticoncepcion, prevencion de its y de cancer de cuello uterino",numero de mujeres con muestras de pap tomadas,2015-01-01,0,0,2,1,0,3
MOROCHATA,"anticoncepcion, prevencion de its y de cancer de cuello uterino",numero de mujeres con muestras de pap tomadas,2015-01-01,0,1,4,5,1,11
OCURI,"anticoncepcion, prevencion de its y de cancer de cuello uterino",numero de mujeres con muestras de pap tomadas,2015-01-01,0,0,2,3,1,6
OKINAWA,"anticoncepcion, prevencion de its y de cancer de cuello uterino",numero de mujeres con muestras de pap tomadas,2015-01-01,0,0,5,0,1,6
OMEREQUE,"anticoncepcion, prevencion de its y de cancer de cuello uterino",numero de mujeres con muestras de pap tomadas,2015-01-01,0,1,7,0,1,9
ORURO,"anticoncepcion, prevencion de its y de cancer de cuello uterino",numero de mujeres con muestras de pap tomadas,2015-01-01,0,28,544,396,192,1160
PADCAYA,"anticoncepcion, prevencion de its y de cancer de cuello uterino",numero de mujeres con muestras de pap tomadas,2015-01-01,1,1,4,7,1,14
PADILLA,"anticoncepcion, prevencion de its y de cancer de cuello uterino",numero de mujeres con muestras de pap tomadas,2015-01-01,2,29,21,10,0,62
PAILON,"anticoncepcion, prevencion de its y de cancer de cuello uterino",numero de mujeres con muestras de pap tomadas,2015-01-01,0,4,25,8,4,41
PALCA,"anticoncepcion, prevencion de its y de cancer de cuello uterino",numero de mujeres con muestras de pap tomadas,2015-01-01,0,0,0,8,6,14
PALOS BLANCOS,"anticoncepcion, prevencion de its y de cancer de cuello uterino",numero de mujeres con muestras de pap tomadas,2015-01-01,0,4,22,15,8,49
PAMPA AULLAGAS,"anticoncepcion, prevencion de its y de cancer de cuello uterino",numero de mujeres con muestras de pap tomadas,2015-01-01,0,0,1,0,0,1
PAMPA GRANDE,"anticoncepcion, prevencion de its y de cancer de cuello uterino",numero de mujeres con muestras de pap tomadas,2015-01-01,0,1,4,3,0,8
PAPEL PAMPA,"anticoncepcion, prevencion de its y de cancer de cuello uterino",numero de mujeres con muestras de pap tomadas,2015-01-01,0,1,1,1,0,3
PASORAPA,"anticoncepcion, prevencion de its y de cancer de cuello uterino",numero de mujeres con muestras de pap tomadas,2015-01-01,0,0,3,3,3,9
PATACAMAYA,"anticoncepcion, prevencion de its y de cancer de cuello uterino",numero de mujeres con muestras de pap tomadas,2015-01-01,0,1,14,11,0,26
PAZÑA,"anticoncepcion, prevencion de its y de cancer de cuello uterino",numero de mujeres con muestras de pap tomadas,2015-01-01,0,0,9,6,0,15
PELECHUCO,"anticoncepcion, prevencion de its y de cancer de cuello uterino",numero de mujeres con muestras de pap tomadas,2015-01-01,0,0,7,5,1,13
POCOATA,"anticoncepcion, prevencion de its y de cancer de cuello uterino",numero de mujeres con muestras de pap tomadas,2015-01-01,0,2,3,2,0,7
POCONA,"anticoncepcion, prevencion de its y de cancer de cuello uterino",numero de mujeres con muestras de pap tomadas,2015-01-01,0,4,6,6,0,16
POJO (CBBA),"anticoncepcion, prevencion de its y de cancer de cuello uterino",numero de mujeres con muestras de pap tomadas,2015-01-01,0,0,1,1,0,2
POOPO,"anticoncepcion, prevencion de its y de cancer de cuello uterino",numero de mujeres con muestras de pap tomadas,2015-01-01,0,1,13,1,0,15
PORCO,"anticoncepcion, prevencion de its y de cancer de cuello uterino",numero de mujeres con muestras de pap tomadas,2015-01-01,0,0,3,0,0,3
POROMA,"anticoncepcion, prevencion de its y de cancer de cuello uterino",numero de mujeres con muestras de pap tomadas,2015-01-01,0,3,9,11,3,26
PORONGO,"anticoncepcion, prevencion de its y de cancer de cuello uterino",numero de mujeres con muestras de pap tomadas,2015-01-01,0,1,19,7,3,30
PORTACHUELO,"anticoncepcion, prevencion de its y de cancer de cuello uterino",numero de mujeres con muestras de pap tomadas,2015-01-01,0,4,20,15,13,52
PORVENIR,"anticoncepcion, prevencion de its y de cancer de cuello uterino",numero de mujeres con muestras de pap tomadas,2015-01-01,0,1,3,1,0,5
POSTRER VALLE,"anticoncepcion, prevencion de its y de cancer de cuello uterino",numero de mujeres con muestras de pap tomadas,2015-01-01,0,0,0,2,1,3
POTOSI,"anticoncepcion, prevencion de its y de cancer de cuello uterino",numero de mujeres con muestras de pap tomadas,2015-01-01,0,18,190,168,99,475
PRESTO,"anticoncepcion, prevencion de its y de cancer de cuello uterino",numero de mujeres con muestras de pap tomadas,2015-01-01,0,8,21,13,4,46
PUCARA,"anticoncepcion, prevencion de its y de cancer de cuello uterino",numero de mujeres con muestras de pap tomadas,2015-01-01,0,0,1,0,0,1
PUCARANI,"anticoncepcion, prevencion de its y de cancer de cuello uterino",numero de mujeres con muestras de pap tomadas,2015-01-01,0,5,14,9,1,29
PUERTO ACOSTA,"anticoncepcion, prevencion de its y de cancer de cuello uterino",numero de mujeres con muestras de pap tomadas,2015-01-01,0,2,12,4,3,21
PUERTO CARABUCO,"anticoncepcion, prevencion de its y de cancer de cuello uterino",numero de mujeres con muestras de pap tomadas,2015-01-01,1,3,12,7,4,27
PUERTO GONZALO MORENO,"anticoncepcion, prevencion de its y de cancer de cuello uterino",numero de mujeres con muestras de pap tomadas,2015-01-01,0,3,4,0,0,7
PUERTO PEREZ,"anticoncepcion, prevencion de its y de cancer de cuello uterino",numero de mujeres con muestras de pap tomadas,2015-01-01,0,0,1,0,0,1
PUERTO QUIJARRO,"anticoncepcion, prevencion de its y de cancer de cuello uterino",numero de mujeres con muestras de pap tomadas,2015-01-01,0,1,19,1,0,21
PUERTO SUAREZ,"anticoncepcion, prevencion de its y de cancer de cuello uterino",numero de mujeres con muestras de pap tomadas,2015-01-01,0,0,2,3,1,6
PUERTO VILLARROEL,"anticoncepcion, prevencion de its y de cancer de cuello uterino",numero de mujeres con muestras de pap tomadas,2015-01-01,0,22,56,9,1,88
PUNA,"anticoncepcion, prevencion de its y de cancer de cuello uterino",numero de mujeres con muestras de pap tomadas,2015-01-01,0,3,14,7,9,33
PUNATA,"anticoncepcion, prevencion de its y de cancer de cuello uterino",numero de mujeres con muestras de pap tomadas,2015-01-01,0,20,76,46,25,167
QUIABAYA,"anticoncepcion, prevencion de its y de cancer de cuello uterino",numero de mujeres con muestras de pap tomadas,2015-01-01,0,0,10,0,0,10
QUILLACOLLO,"anticoncepcion, prevencion de its y de cancer de cuello uterino",numero de mujeres con muestras de pap tomadas,2015-01-01,0,29,316,85,34,464
QUIME,"anticoncepcion, prevencion de its y de cancer de cuello uterino",numero de mujeres con muestras de pap tomadas,2015-01-01,0,0,2,1,0,3
QUIRUSILLAS,"anticoncepcion, prevencion de its y de cancer de cuello uterino",numero de mujeres con muestras de pap tomadas,2015-01-01,0,0,1,0,0,1
RAVELO,"anticoncepcion, prevencion de its y de cancer de cuello uterino",numero de mujeres con muestras de pap tomadas,2015-01-01,0,2,7,22,5,36
REYES,"anticoncepcion, prevencion de its y de cancer de cuello uterino",numero de mujeres con muestras de pap tomadas,2015-01-01,0,0,0,2,0,2
RIBERALTA,"anticoncepcion, prevencion de its y de cancer de cuello uterino",numero de mujeres con muestras de pap tomadas,2015-01-01,6,47,170,66,22,311
ROBORE,"anticoncepcion, prevencion de its y de cancer de cuello uterino",numero de mujeres con muestras de pap tomadas,2015-01-01,0,0,7,3,0,10
RURRENABAQUE,"anticoncepcion, prevencion de its y de cancer de cuello uterino",numero de mujeres con muestras de pap tomadas,2015-01-01,0,0,2,4,0,6
SACABA,"anticoncepcion, prevencion de its y de cancer de cuello uterino",numero de mujeres con muestras de pap tomadas,2015-01-01,1,57,245,115,26,444
SACABAMBA,"anticoncepcion, prevencion de its y de cancer de cuello uterino",numero de mujeres con muestras de pap tomadas,2015-01-01,0,2,9,5,0,16
SACACA,"anticoncepcion, prevencion de its y de cancer de cuello uterino",numero de mujeres con muestras de pap tomadas,2015-01-01,0,5,2,8,3,18
SAIPINA,"anticoncepcion, prevencion de its y de cancer de cuello uterino",numero de mujeres con muestras de pap tomadas,2015-01-01,0,0,4,5,0,9
SAMAIPATA,"anticoncepcion, prevencion de its y de cancer de cuello uterino",numero de mujeres con muestras de pap tomadas,2015-01-01,0,0,2,1,1,4
SAN AGUSTIN,"anticoncepcion, prevencion de its y de cancer de cuello uterino",numero de mujeres con muestras de pap tomadas,2015-01-01,0,0,1,0,0,1
SAN ANDRES,"anticoncepcion, prevencion de its y de cancer de cuello uterino",numero de mujeres con muestras de pap tomadas,2015-01-01,0,1,1,1,0,3
SAN ANDRES DE MACHACA,"anticoncepcion, prevencion de its y de cancer de cuello uterino",numero de mujeres con muestras de pap tomadas,2015-01-01,0,0,0,1,1,2
SAN ANTONIO DE LOMERIO,"anticoncepcion, prevencion de its y de cancer de cuello uterino",numero de mujeres con muestras de pap tomadas,2015-01-01,0,4,7,7,1,19
SAN BENITO,"anticoncepcion, prevencion de its y de cancer de cuello uterino",numero de mujeres con muestras de pap tomadas,2015-01-01,1,1,11,2,1,16
SAN BORJA,"anticoncepcion, prevencion de its y de cancer de cuello uterino",numero de mujeres con muestras de pap tomadas,2015-01-01,0,0,6,7,0,13
SAN BUENA VENTURA,"anticoncepcion, prevencion de its y de cancer de cuello uterino",numero de mujeres con muestras de pap tomadas,2015-01-01,0,1,2,1,0,4
SAN CARLOS,"anticoncepcion, prevencion de its y de cancer de cuello uterino",numero de mujeres con muestras de pap tomadas,2015-01-01,1,16,28,10,0,55
SAN IGNACIO,"anticoncepcion, prevencion de its y de cancer de cuello uterino",numero de mujeres con muestras de pap tomadas,2015-01-01,0,1,9,0,0,10
SAN IGNACIO DE VELASCO,"anticoncepcion, prevencion de its y de cancer de cuello uterino",numero de mujeres con muestras de pap tomadas,2015-01-01,3,30,67,20,2,122
SAN JAVIER(STC),"anticoncepcion, prevencion de its y de cancer de cuello uterino",numero de mujeres con muestras de pap tomadas,2015-01-01,0,1,6,6,2,15
SAN JOSE DE CHIQUITOS,"anticoncepcion, prevencion de its y de cancer de cuello uterino",numero de mujeres con muestras de pap tomadas,2015-01-01,0,2,15,8,2,27
SAN JUAN DE YAPACANI,"anticoncepcion, prevencion de its y de cancer de cuello uterino",numero de mujeres con muestras de pap tomadas,2015-01-01,0,1,5,1,0,7
SAN JULIAN,"anticoncepcion, prevencion de its y de cancer de cuello uterino",numero de mujeres con muestras de pap tomadas,2015-01-01,0,10,40,24,4,78
SAN LORENZO(TJA),"anticoncepcion, prevencion de its y de cancer de cuello uterino",numero de mujeres con muestras de pap tomadas,2015-01-01,0,0,15,5,7,27
SAN LUCAS,"anticoncepcion, prevencion de its y de cancer de cuello uterino",numero de mujeres con muestras de pap tomadas,2015-01-01,0,10,53,28,12,103
SAN MATIAS,"anticoncepcion, prevencion de its y de cancer de cuello uterino",numero de mujeres con muestras de pap tomadas,2015-01-01,0,5,1,0,0,6
SAN MIGUEL DE VELASCO,"anticoncepcion, prevencion de its y de cancer de cuello uterino",numero de mujeres con muestras de pap tomadas,2015-01-01,0,1,4,3,0,8
SAN PEDRO,"anticoncepcion, prevencion de its y de cancer de cuello uterino",numero de mujeres con muestras de pap tomadas,2015-01-01,0,5,39,28,4,76
SAN PEDRO DE BUENA VISTA,"anticoncepcion, prevencion de its y de cancer de cuello uterino",numero de mujeres con muestras de pap tomadas,2015-01-01,0,2,7,5,0,14
SAN PEDRO DE TIQUINA,"anticoncepcion, prevencion de its y de cancer de cuello uterino",numero de mujeres con muestras de pap tomadas,2015-01-01,0,0,2,1,0,3
SAN RAMON BENI,"anticoncepcion, prevencion de its y de cancer de cuello uterino",numero de mujeres con muestras de pap tomadas,2015-01-01,0,2,3,0,0,5
SAN RAMON SCZ,"anticoncepcion, prevencion de its y de cancer de cuello uterino",numero de mujeres con muestras de pap tomadas,2015-01-01,0,10,3,0,0,13
SANTA ANA,"anticoncepcion, prevencion de its y de cancer de cuello uterino",numero de mujeres con muestras de pap tomadas,2015-01-01,0,0,2,0,0,2
SANTA CRUZ DE LA SIERRA,"anticoncepcion, prevencion de its y de cancer de cuello uterino",numero de mujeres con muestras de pap tomadas,2015-01-01,9,347,1767,1492,242,3857
SANTA ROSA DEL SARA,"anticoncepcion, prevencion de its y de cancer de cuello uterino",numero de mujeres con muestras de pap tomadas,2015-01-01,1,2,3,6,1,13
SANTIAGO DE HUARI,"anticoncepcion, prevencion de its y de cancer de cuello uterino",numero de mujeres con muestras de pap tomadas,2015-01-01,0,0,2,0,0,2
SANTIAGO DE HUATA,"anticoncepcion, prevencion de its y de cancer de cuello uterino",numero de mujeres con muestras de pap tomadas,2015-01-01,0,1,3,1,1,6
SANTIAGO DE MACHACA,"anticoncepcion, prevencion de its y de cancer de cuello uterino",numero de mujeres con muestras de pap tomadas,2015-01-01,0,0,0,2,0,2
SANTIVAÑES,"anticoncepcion, prevencion de its y de cancer de cuello uterino",numero de mujeres con muestras de pap tomadas,2015-01-01,2,0,5,2,2,11
SAPAHAQUI,"anticoncepcion, prevencion de its y de cancer de cuello uterino",numero de mujeres con muestras de pap tomadas,2015-01-01,0,0,2,2,0,4
SHINAOTA,"anticoncepcion, prevencion de its y de cancer de cuello uterino",numero de mujeres con muestras de pap tomadas,2015-01-01,1,6,8,5,9,29
SICA SICA (VILLA AROMA),"anticoncepcion, prevencion de its y de cancer de cuello uterino",numero de mujeres con muestras de pap tomadas,2015-01-01,1,0,5,1,2,9
SICAYA,"anticoncepcion, prevencion de its y de cancer de cuello uterino",numero de mujeres con muestras de pap tomadas,2015-01-01,0,0,0,2,0,2
SIPE SIPE,"anticoncepcion, prevencion de its y de cancer de cuello uterino",numero de mujeres con muestras de pap tomadas,2015-01-01,0,4,14,15,2,35
SOPACHUY,"anticoncepcion, prevencion de its y de cancer de cuello uterino",numero de mujeres con muestras de pap tomadas,2015-01-01,0,2,9,8,1,20
SORACACHI,"anticoncepcion, prevencion de its y de cancer de cuello uterino",numero de mujeres con muestras de pap tomadas,2015-01-01,0,0,1,0,0,1
SORATA,"anticoncepcion, prevencion de its y de cancer de cuello uterino",numero de mujeres con muestras de pap tomadas,2015-01-01,1,0,7,1,0,9
SUCRE,"anticoncepcion, prevencion de its y de cancer de cuello uterino",numero de mujeres con muestras de pap tomadas,2015-01-01,5,162,1578,686,204,2635
TACACHI,"anticoncepcion, prevencion de its y de cancer de cuello uterino",numero de mujeres con muestras de pap tomadas,2015-01-01,0,0,1,0,0,1
TACACOMA,"anticoncepcion, prevencion de its y de cancer de cuello uterino",numero de mujeres con muestras de pap tomadas,2015-01-01,0,0,1,0,0,1
TACOPAYA,"anticoncepcion, prevencion de its y de cancer de cuello uterino",numero de mujeres con muestras de pap tomadas,2015-01-01,0,1,11,6,1,19
TAPACARI,"anticoncepcion, prevencion de its y de cancer de cuello uterino",numero de mujeres con muestras de pap tomadas,2015-01-01,0,3,7,1,0,11
TARABUCO,"anticoncepcion, prevencion de its y de cancer de cuello uterino",numero de mujeres con muestras de pap tomadas,2015-01-01,0,1,12,10,1,24
TARACO,"anticoncepcion, prevencion de its y de cancer de cuello uterino",numero de mujeres con muestras de pap tomadas,2015-01-01,0,0,6,3,1,10
TARIJA,"anticoncepcion, prevencion de its y de cancer de cuello uterino",numero de mujeres con muestras de pap tomadas,2015-01-01,3,36,531,294,99,963
TARVITA,"anticoncepcion, prevencion de its y de cancer de cuello uterino",numero de mujeres con muestras de pap tomadas,2015-01-01,0,1,32,19,4,56
TEOPONTE,"anticoncepcion, prevencion de its y de cancer de cuello uterino",numero de mujeres con muestras de pap tomadas,2015-01-01,0,3,16,3,0,22
TIAWANACU,"anticoncepcion, prevencion de its y de cancer de cuello uterino",numero de mujeres con muestras de pap tomadas,2015-01-01,0,2,10,8,4,24
TINGUIPAYA,"anticoncepcion, prevencion de its y de cancer de cuello uterino",numero de mujeres con muestras de pap tomadas,2015-01-01,0,1,3,4,1,9
TIPUANI,"anticoncepcion, prevencion de its y de cancer de cuello uterino",numero de mujeres con muestras de pap tomadas,2015-01-01,0,0,6,4,1,11
TIQUIPAYA,"anticoncepcion, prevencion de its y de cancer de cuello uterino",numero de mujeres con muestras de pap tomadas,2015-01-01,0,10,59,25,1,95
TIRAQUE (CBBA),"anticoncepcion, prevencion de its y de cancer de cuello uterino",numero de mujeres con muestras de pap tomadas,2015-01-01,0,6,18,8,1,33
TOCO,"anticoncepcion, prevencion de its y de cancer de cuello uterino",numero de mujeres con muestras de pap tomadas,2015-01-01,0,3,10,6,1,20
TOLATA,"anticoncepcion, prevencion de its y de cancer de cuello uterino",numero de mujeres con muestras de pap tomadas,2015-01-01,1,1,7,2,2,13
TOLEDO,"anticoncepcion, prevencion de its y de cancer de cuello uterino",numero de mujeres con muestras de pap tomadas,2015-01-01,0,0,2,1,0,3
TOMAVE,"anticoncepcion, prevencion de its y de cancer de cuello uterino",numero de mujeres con muestras de pap tomadas,2015-01-01,0,1,8,1,1,11
TOMINA,"anticoncepcion, prevencion de its y de cancer de cuello uterino",numero de mujeres con muestras de pap tomadas,2015-01-01,0,0,12,4,2,18
TORO TORO,"anticoncepcion, prevencion de its y de cancer de cuello uterino",numero de mujeres con muestras de pap tomadas,2015-01-01,1,4,7,3,1,16
TOTORA(CBBA),"anticoncepcion, prevencion de its y de cancer de cuello uterino",numero de mujeres con muestras de pap tomadas,2015-01-01,0,2,8,3,0,13
TOTORA(ORR),"anticoncepcion, prevencion de its y de cancer de cuello uterino",numero de mujeres con muestras de pap tomadas,2015-01-01,0,3,7,4,4,18
TRIGAL,"anticoncepcion, prevencion de its y de cancer de cuello uterino",numero de mujeres con muestras de pap tomadas,2015-01-01,0,0,1,2,0,3
TRINIDAD,"anticoncepcion, prevencion de its y de cancer de cuello uterino",numero de mujeres con muestras de pap tomadas,2015-01-01,14,48,157,180,22,421
TUPIZA,"anticoncepcion, prevencion de its y de cancer de cuello uterino",numero de mujeres con muestras de pap tomadas,2015-01-01,0,1,34,30,8,73
UMALA,"anticoncepcion, prevencion de its y de cancer de cuello uterino",numero de mujeres con muestras de pap tomadas,2015-01-01,0,0,2,1,0,3
UNCIA,"anticoncepcion, prevencion de its y de cancer de cuello uterino",numero de mujeres con muestras de pap tomadas,2015-01-01,0,1,14,12,4,31
URIONDO (A. CONCEPCION),"anticoncepcion, prevencion de its y de cancer de cuello uterino",numero de mujeres con muestras de pap tomadas,2015-01-01,0,0,9,4,2,15
URUBICHA,"anticoncepcion, prevencion de its y de cancer de cuello uterino",numero de mujeres con muestras de pap tomadas,2015-01-01,0,1,2,4,0,7
UYUNI,"anticoncepcion, prevencion de its y de cancer de cuello uterino",numero de mujeres con muestras de pap tomadas,2015-01-01,0,2,28,2,0,32
VACAS,"anticoncepcion, prevencion de its y de cancer de cuello uterino",numero de mujeres con muestras de pap tomadas,2015-01-01,0,0,4,2,0,6
VALLEGRANDE,"anticoncepcion, prevencion de its y de cancer de cuello uterino",numero de mujeres con muestras de pap tomadas,2015-01-01,0,10,41,28,5,84
VIACHA,"anticoncepcion, prevencion de its y de cancer de cuello uterino",numero de mujeres con muestras de pap tomadas,2015-01-01,0,27,70,27,4,128
VILA VILA,"anticoncepcion, prevencion de its y de cancer de cuello uterino",numero de mujeres con muestras de pap tomadas,2015-01-01,0,0,0,1,0,1
VILLA CHARCAS,"anticoncepcion, prevencion de its y de cancer de cuello uterino",numero de mujeres con muestras de pap tomadas,2015-01-01,0,10,17,29,1,57
VILLA MONTES,"anticoncepcion, prevencion de its y de cancer de cuello uterino",numero de mujeres con muestras de pap tomadas,2015-01-01,1,2,60,57,15,135
VILLA RIVERO,"anticoncepcion, prevencion de its y de cancer de cuello uterino",numero de mujeres con muestras de pap tomadas,2015-01-01,0,3,5,1,0,9
VILLA SERRANO,"anticoncepcion, prevencion de its y de cancer de cuello uterino",numero de mujeres con muestras de pap tomadas,2015-01-01,0,4,26,24,12,66
VILLA TUNARI,"anticoncepcion, prevencion de its y de cancer de cuello uterino",numero de mujeres con muestras de pap tomadas,2015-01-01,1,7,32,14,5,59
VILLA VACA GUZMAN (MUYUPAMPA),"anticoncepcion, prevencion de its y de cancer de cuello uterino",numero de mujeres con muestras de pap tomadas,2015-01-01,1,4,15,11,2,33
VILLAZON,"anticoncepcion, prevencion de its y de cancer de cuello uterino",numero de mujeres con muestras de pap tomadas,2015-01-01,0,6,47,31,10,94
VINTO,"anticoncepcion, prevencion de its y de cancer de cuello uterino",numero de mujeres con muestras de pap tomadas,2015-01-01,5,22,110,57,0,194
VITICHI,"anticoncepcion, prevencion de its y de cancer de cuello uterino",numero de mujeres con muestras de pap tomadas,2015-01-01,0,0,2,3,1,6
WALDO BALLIVIAN,"anticoncepcion, prevencion de its y de cancer de cuello uterino",numero de mujeres con muestras de pap tomadas,2015-01-01,0,0,1,2,0,3
WARNES,"anticoncepcion, prevencion de its y de cancer de cuello uterino",numero de mujeres con muestras de pap tomadas,2015-01-01,0,12,86,29,1,128
YACO,"anticoncepcion, prevencion de its y de cancer de cuello uterino",numero de mujeres con muestras de pap tomadas,2015-01-01,0,4,12,4,0,20
YACUIBA,"anticoncepcion, prevencion de its y de cancer de cuello uterino",numero de mujeres con muestras de pap tomadas,2015-01-01,2,26,173,116,37,354
YAMPARAEZ,"anticoncepcion, prevencion de its y de cancer de cuello uterino",numero de mujeres con muestras de pap tomadas,2015-01-01,0,2,5,11,4,22
YAPACANI,"anticoncepcion, prevencion de its y de cancer de cuello uterino",numero de mujeres con muestras de pap tomadas,2015-01-01,1,11,58,17,0,87
YOCALLA,"anticoncepcion, prevencion de its y de cancer de cuello uterino",numero de mujeres con muestras de pap tomadas,2015-01-01,0,0,17,6,2,25
YOTALA,"anticoncepcion, prevencion de its y de cancer de cuello uterino",numero de mujeres con muestras de pap tomadas,2015-01-01,0,1,8,5,1,15
ZUDAÑEZ,"anticoncepcion, prevencion de its y de cancer de cuello uterino",numero de mujeres con muestras de pap tomadas,2015-01-01,0,1,1,4,1,7
ACACIO,"anticoncepcion, prevencion de its y de cancer de cuello uterino",numero de mujeres con muestras de pap tomadas,2015-02-01,0,1,1,5,1,8
ACHACACHI,"anticoncepcion, prevencion de its y de cancer de cuello uterino",numero de mujeres con muestras de pap tomadas,2015-02-01,0,2,19,7,1,29
ACHOCALLA,"anticoncepcion, prevencion de its y de cancer de cuello uterino",numero de mujeres con muestras de pap tomadas,2015-02-01,0,3,13,20,1,37
AIQUILE,"anticoncepcion, prevencion de its y de cancer de cuello uterino",numero de mujeres con muestras de pap tomadas,2015-02-01,0,6,19,7,10,42
ALCALA,"anticoncepcion, prevencion de its y de cancer de cuello uterino",numero de mujeres con muestras de pap tomadas,2015-02-01,0,2,7,7,2,18
ALTO BENI,"anticoncepcion, prevencion de its y de cancer de cuello uterino",numero de mujeres con muestras de pap tomadas,2015-02-01,0,1,11,4,3,19
ANCORAIMES,"anticoncepcion, prevencion de its y de cancer de cuello uterino",numero de mujeres con muestras de pap tomadas,2015-02-01,0,1,0,0,0,1
ANDAMARCA,"anticoncepcion, prevencion de its y de cancer de cuello uterino",numero de mujeres con muestras de pap tomadas,2015-02-01,0,0,1,0,0,1
ANZALDO,"anticoncepcion, prevencion de its y de cancer de cuello uterino",numero de mujeres con muestras de pap tomadas,2015-02-01,0,1,2,2,1,6
APOLO,"anticoncepcion, prevencion de its y de cancer de cuello uterino",numero de mujeres con muestras de pap tomadas,2015-02-01,0,2,1,1,0,4
ARAMPAMPA,"anticoncepcion, prevencion de its y de cancer de cuello uterino",numero de mujeres con muestras de pap tomadas,2015-02-01,0,0,2,2,0,4
ARANI,"anticoncepcion, prevencion de its y de cancer de cuello uterino",numero de mujeres con muestras de pap tomadas,2015-02-01,0,7,22,9,4,42
ARBIETO,"anticoncepcion, prevencion de its y de cancer de cuello uterino",numero de mujeres con muestras de pap tomadas,2015-02-01,0,5,28,5,1,39
ARQUE,"anticoncepcion, prevencion de its y de cancer de cuello uterino",numero de mujeres con muestras de pap tomadas,2015-02-01,0,0,4,2,1,7
ASCENCION DE GUARAYOS,"anticoncepcion, prevencion de its y de cancer de cuello uterino",numero de mujeres con muestras de pap tomadas,2015-02-01,0,7,32,8,1,48
ATOCHA,"anticoncepcion, prevencion de its y de cancer de cuello uterino",numero de mujeres con muestras de pap tomadas,2015-02-01,0,0,26,5,1,32
AUCAPATA,"anticoncepcion, prevencion de its y de cancer de cuello uterino",numero de mujeres con muestras de pap tomadas,2015-02-01,0,2,2,2,0,6
AYO AYO,"anticoncepcion, prevencion de its y de cancer de cuello uterino",numero de mujeres con muestras de pap tomadas,2015-02-01,0,0,3,0,1,4
AYOPAYA (V. DE INDEPENDENCIA),"anticoncepcion, prevencion de its y de cancer de cuello uterino",numero de mujeres con muestras de pap tomadas,2015-02-01,0,2,7,11,0,20
AZURDUY,"anticoncepcion, prevencion de its y de cancer de cuello uterino",numero de mujeres con muestras de pap tomadas,2015-02-01,1,6,25,23,6,61
BATALLAS,"anticoncepcion, prevencion de its y de cancer de cuello uterino",numero de mujeres con muestras de pap tomadas,2015-02-01,0,2,17,4,4,27
BELEN DE ANDAMARCA,"anticoncepcion, prevencion de its y de cancer de cuello uterino",numero de mujeres con muestras de pap tomadas,2015-02-01,0,0,4,1,0,5
BELLA FLOR,"anticoncepcion, prevencion de its y de cancer de cuello uterino",numero de mujeres con muestras de pap tomadas,2015-02-01,0,1,3,0,1,5
BERMEJO,"anticoncepcion, prevencion de its y de cancer de cuello uterino",numero de mujeres con muestras de pap tomadas,2015-02-01,4,2,31,23,11,71
BETANZOS,"anticoncepcion, prevencion de its y de cancer de cuello uterino",numero de mujeres con muestras de pap tomadas,2015-02-01,1,10,48,19,2,80
BOLIVAR,"anticoncepcion, prevencion de its y de cancer de cuello uterino",numero de mujeres con muestras de pap tomadas,2015-02-01,0,0,1,0,0,1
BOYUIBE,"anticoncepcion, prevencion de its y de cancer de cuello uterino",numero de mujeres con muestras de pap tomadas,2015-02-01,0,1,6,2,0,9
BUENA VISTA,"anticoncepcion, prevencion de its y de cancer de cuello uterino",numero de mujeres con muestras de pap tomadas,2015-02-01,0,7,15,16,4,42
CABEZAS,"anticoncepcion, prevencion de its y de cancer de cuello uterino",numero de mujeres con muestras de pap tomadas,2015-02-01,0,7,43,14,8,72
CAIROMA,"anticoncepcion, prevencion de its y de cancer de cuello uterino",numero de mujeres con muestras de pap tomadas,2015-02-01,0,0,1,1,1,3
"CAIZA ""D""","anticoncepcion, prevencion de its y de cancer de cuello uterino",numero de mujeres con muestras de pap tomadas,2015-02-01,0,3,9,4,2,18
CAJUATA,"anticoncepcion, prevencion de its y de cancer de cuello uterino",numero de mujeres con muestras de pap tomadas,2015-02-01,0,1,16,4,3,24
CALACOTO,"anticoncepcion, prevencion de its y de cancer de cuello uterino",numero de mujeres con muestras de pap tomadas,2015-02-01,0,0,0,9,0,9
CALAMARCA,"anticoncepcion, prevencion de its y de cancer de cuello uterino",numero de mujeres con muestras de pap tomadas,2015-02-01,0,6,15,10,7,38
CAMARGO,"anticoncepcion, prevencion de its y de cancer de cuello uterino",numero de mujeres con muestras de pap tomadas,2015-02-01,0,0,10,5,3,18
CAMATAQUI (C. VILLA ABECIA),"anticoncepcion, prevencion de its y de cancer de cuello uterino",numero de mujeres con muestras de pap tomadas,2015-02-01,0,1,14,8,6,29
CAMIRI,"anticoncepcion, prevencion de its y de cancer de cuello uterino",numero de mujeres con muestras de pap tomadas,2015-02-01,0,1,13,16,8,38
CAPINOTA,"anticoncepcion, prevencion de its y de cancer de cuello uterino",numero de mujeres con muestras de pap tomadas,2015-02-01,0,0,60,15,3,78
CAQUIAVIRI,"anticoncepcion, prevencion de its y de cancer de cuello uterino",numero de mujeres con muestras de pap tomadas,2015-02-01,0,0,1,0,0,1
CARACOLLO,"anticoncepcion, prevencion de its y de cancer de cuello uterino",numero de mujeres con muestras de pap tomadas,2015-02-01,0,4,32,10,4,50
CARANAVI,"anticoncepcion, prevencion de its y de cancer de cuello uterino",numero de mujeres con muestras de pap tomadas,2015-02-01,0,18,115,40,10,183
CARAPARI,"anticoncepcion, prevencion de its y de cancer de cuello uterino",numero de mujeres con muestras de pap tomadas,2015-02-01,0,0,1,1,0,2
CARIPUYO,"anticoncepcion, prevencion de its y de cancer de cuello uterino",numero de mujeres con muestras de pap tomadas,2015-02-01,0,0,16,3,0,19
CARMEN RIVERO TORREZ,"anticoncepcion, prevencion de its y de cancer de cuello uterino",numero de mujeres con muestras de pap tomadas,2015-02-01,0,2,6,0,0,8
CHALLAPATA,"anticoncepcion, prevencion de its y de cancer de cuello uterino",numero de mujeres con muestras de pap tomadas,2015-02-01,0,3,14,11,3,31
CHAQUI,"anticoncepcion, prevencion de its y de cancer de cuello uterino",numero de mujeres con muestras de pap tomadas,2015-02-01,0,0,13,7,2,22
CHARAGUA,"anticoncepcion, prevencion de its y de cancer de cuello uterino",numero de mujeres con muestras de pap tomadas,2015-02-01,0,2,5,1,0,8
CHAYANTA,"anticoncepcion, prevencion de its y de cancer de cuello uterino",numero de mujeres con muestras de pap tomadas,2015-02-01,0,1,5,2,1,9
CHIMORE,"anticoncepcion, prevencion de its y de cancer de cuello uterino",numero de mujeres con muestras de pap tomadas,2015-02-01,0,1,2,3,1,7
CHIPAYA,"anticoncepcion, prevencion de its y de cancer de cuello uterino",numero de mujeres con muestras de pap tomadas,2015-02-01,0,0,4,2,0,6
CHUA COCANI,"anticoncepcion, prevencion de its y de cancer de cuello uterino",numero de mujeres con muestras de pap tomadas,2015-02-01,0,0,1,0,0,1
CHULUMANI (V. DE LA LIBERTAD),"anticoncepcion, prevencion de its y de cancer de cuello uterino",numero de mujeres con muestras de pap tomadas,2015-02-01,0,1,23,5,1,30
CHUMA,"anticoncepcion, prevencion de its y de cancer de cuello uterino",numero de mujeres con muestras de pap tomadas,2015-02-01,0,2,5,4,0,11
CHUQUIHUTA AYLLU JUCUMANI,"anticoncepcion, prevencion de its y de cancer de cuello uterino",numero de mujeres con muestras de pap tomadas,2015-02-01,0,0,2,4,0,6
CKOCHAS,"anticoncepcion, prevencion de its y de cancer de cuello uterino",numero de mujeres con muestras de pap tomadas,2015-02-01,0,0,3,4,0,7
CLIZA,"anticoncepcion, prevencion de its y de cancer de cuello uterino",numero de mujeres con muestras de pap tomadas,2015-02-01,1,2,49,5,2,59
COBIJA,"anticoncepcion, prevencion de its y de cancer de cuello uterino",numero de mujeres con muestras de pap tomadas,2015-02-01,0,13,56,31,9,109
COCAPATA,"anticoncepcion, prevencion de its y de cancer de cuello uterino",numero de mujeres con muestras de pap tomadas,2015-02-01,0,0,3,0,0,3
COCHABAMBA,"anticoncepcion, prevencion de its y de cancer de cuello uterino",numero de mujeres con muestras de pap tomadas,2015-02-01,17,192,1584,1490,455,3738
COLCAPIRHUA,"anticoncepcion, prevencion de its y de cancer de cuello uterino",numero de mujeres con muestras de pap tomadas,2015-02-01,0,1,17,3,0,21
"COLCHA ""K""","anticoncepcion, prevencion de its y de cancer de cuello uterino",numero de mujeres con muestras de pap tomadas,2015-02-01,0,0,5,0,0,5
COLOMI,"anticoncepcion, prevencion de its y de cancer de cuello uterino",numero de mujeres con muestras de pap tomadas,2015-02-01,0,1,6,0,0,7
COLPA BELGICA,"anticoncepcion, prevencion de its y de cancer de cuello uterino",numero de mujeres con muestras de pap tomadas,2015-02-01,0,1,2,6,2,11
COLQUECHACA,"anticoncepcion, prevencion de its y de cancer de cuello uterino",numero de mujeres con muestras de pap tomadas,2015-02-01,0,3,12,6,0,21
COLQUENCHA,"anticoncepcion, prevencion de its y de cancer de cuello uterino",numero de mujeres con muestras de pap tomadas,2015-02-01,0,2,6,3,1,12
COMANCHE,"anticoncepcion, prevencion de its y de cancer de cuello uterino",numero de mujeres con muestras de pap tomadas,2015-02-01,0,2,4,6,5,17
COMARAPA,"anticoncepcion, prevencion de its y de cancer de cuello uterino",numero de mujeres con muestras de pap tomadas,2015-02-01,0,1,13,10,4,28
COMBAYA,"anticoncepcion, prevencion de its y de cancer de cuello uterino",numero de mujeres con muestras de pap tomadas,2015-02-01,0,0,0,0,1,1
CONCEPCION,"anticoncepcion, prevencion de its y de cancer de cuello uterino",numero de mujeres con muestras de pap tomadas,2015-02-01,0,2,8,4,0,14
COPACABANA,"anticoncepcion, prevencion de its y de cancer de cuello uterino",numero de mujeres con muestras de pap tomadas,2015-02-01,0,16,19,6,0,41
CORIPATA,"anticoncepcion, prevencion de its y de cancer de cuello uterino",numero de mujeres con muestras de pap tomadas,2015-02-01,1,2,13,5,1,22
COROICO,"anticoncepcion, prevencion de its y de cancer de cuello uterino",numero de mujeres con muestras de pap tomadas,2015-02-01,0,0,0,0,1,1
CORQUE,"anticoncepcion, prevencion de its y de cancer de cuello uterino",numero de mujeres con muestras de pap tomadas,2015-02-01,0,0,2,1,3,6
COTAGAITA,"anticoncepcion, prevencion de its y de cancer de cuello uterino",numero de mujeres con muestras de pap tomadas,2015-02-01,0,3,9,12,8,32
COTOCA,"anticoncepcion, prevencion de its y de cancer de cuello uterino",numero de mujeres con muestras de pap tomadas,2015-02-01,0,17,108,59,11,195
CUATRO CAÑADAS,"anticoncepcion, prevencion de its y de cancer de cuello uterino",numero de mujeres con muestras de pap tomadas,2015-02-01,0,11,57,32,4,104
CUEVO,"anticoncepcion, prevencion de its y de cancer de cuello uterino",numero de mujeres con muestras de pap tomadas,2015-02-01,0,0,0,3,1,4
CULPINA,"anticoncepcion, prevencion de its y de cancer de cuello uterino",numero de mujeres con muestras de pap tomadas,2015-02-01,1,7,41,27,4,80
DESAGUADERO,"anticoncepcion, prevencion de its y de cancer de cuello uterino",numero de mujeres con muestras de pap tomadas,2015-02-01,0,0,3,3,1,7
EL ALTO,"anticoncepcion, prevencion de its y de cancer de cuello uterino",numero de mujeres con muestras de pap tomadas,2015-02-01,1,148,1777,1130,389,3445
EL CHORO,"anticoncepcion, prevencion de its y de cancer de cuello uterino",numero de mujeres con muestras de pap tomadas,2015-02-01,0,0,1,0,0,1
EL PUENTE(STC),"anticoncepcion, prevencion de its y de cancer de cuello uterino",numero de mujeres con muestras de pap tomadas,2015-02-01,1,9,16,9,0,35
EL PUENTE(TJA),"anticoncepcion, prevencion de its y de cancer de cuello uterino",numero de mujeres con muestras de pap tomadas,2015-02-01,0,1,1,3,0,5
EL TORNO,"anticoncepcion, prevencion de its y de cancer de cuello uterino",numero de mujeres con muestras de pap tomadas,2015-02-01,1,35,114,79,33,262
EL VILLAR,"anticoncepcion, prevencion de its y de cancer de cuello uterino",numero de mujeres con muestras de pap tomadas,2015-02-01,0,1,7,5,1,14
ENTRE RIOS TRJ,"anticoncepcion, prevencion de its y de cancer de cuello uterino",numero de mujeres con muestras de pap tomadas,2015-02-01,0,3,15,11,2,31
ENTRE RIOS CBBA,"anticoncepcion, prevencion de its y de cancer de cuello uterino",numero de mujeres con muestras de pap tomadas,2015-02-01,0,8,13,5,0,26
ESCOMA,"anticoncepcion, prevencion de its y de cancer de cuello uterino",numero de mujeres con muestras de pap tomadas,2015-02-01,0,3,9,9,4,25
EUCALIPTUS,"anticoncepcion, prevencion de its y de cancer de cuello uterino",numero de mujeres con muestras de pap tomadas,2015-02-01,0,0,0,2,0,2
FERNANDEZ ALONSO,"anticoncepcion, prevencion de its y de cancer de cuello uterino",numero de mujeres con muestras de pap tomadas,2015-02-01,0,5,26,13,14,58
GENERAL SAAVEDRA,"anticoncepcion, prevencion de its y de cancer de cuello uterino",numero de mujeres con muestras de pap tomadas,2015-02-01,0,0,15,10,4,29
GRAL. J.J. PEREZ (CHARAZANI),"anticoncepcion, prevencion de its y de cancer de cuello uterino",numero de mujeres con muestras de pap tomadas,2015-02-01,0,0,4,0,0,4
GUANAY,"anticoncepcion, prevencion de its y de cancer de cuello uterino",numero de mujeres con muestras de pap tomadas,2015-02-01,0,9,16,9,0,34
GUAQUI,"anticoncepcion, prevencion de its y de cancer de cuello uterino",numero de mujeres con muestras de pap tomadas,2015-02-01,0,1,4,3,1,9
GUAYARAMERIN,"anticoncepcion, prevencion de its y de cancer de cuello uterino",numero de mujeres con muestras de pap tomadas,2015-02-01,0,17,35,30,3,85
GUTIERREZ,"anticoncepcion, prevencion de its y de cancer de cuello uterino",numero de mujeres con muestras de pap tomadas,2015-02-01,0,0,8,4,1,13
HUACARETA,"anticoncepcion, prevencion de its y de cancer de cuello uterino",numero de mujeres con muestras de pap tomadas,2015-02-01,0,2,13,17,2,34
HUACAYA (VILLA DE HUACAYA),"anticoncepcion, prevencion de its y de cancer de cuello uterino",numero de mujeres con muestras de pap tomadas,2015-02-01,0,0,0,2,0,2
HUANUNI,"anticoncepcion, prevencion de its y de cancer de cuello uterino",numero de mujeres con muestras de pap tomadas,2015-02-01,0,2,41,35,17,95
HUARINA,"anticoncepcion, prevencion de its y de cancer de cuello uterino",numero de mujeres con muestras de pap tomadas,2015-02-01,0,0,2,2,0,4
HUATAJATA,"anticoncepcion, prevencion de its y de cancer de cuello uterino",numero de mujeres con muestras de pap tomadas,2015-02-01,0,1,5,4,1,11
HUMANATA,"anticoncepcion, prevencion de its y de cancer de cuello uterino",numero de mujeres con muestras de pap tomadas,2015-02-01,0,1,8,1,1,11
ICHOCA,"anticoncepcion, prevencion de its y de cancer de cuello uterino",numero de mujeres con muestras de pap tomadas,2015-02-01,0,3,15,6,2,26
ICLA,"anticoncepcion, prevencion de its y de cancer de cuello uterino",numero de mujeres con muestras de pap tomadas,2015-02-01,0,1,21,31,11,64
INCAHUASI,"anticoncepcion, prevencion de its y de cancer de cuello uterino",numero de mujeres con muestras de pap tomadas,2015-02-01,0,6,44,18,2,70
INGAVI (HUMAITA),"anticoncepcion, prevencion de its y de cancer de cuello uterino",numero de mujeres con muestras de pap tomadas,2015-02-01,0,1,0,0,0,1
INQUISIVI,"anticoncepcion, prevencion de its y de cancer de cuello uterino",numero de mujeres con muestras de pap tomadas,2015-02-01,0,1,12,4,13,30
IRUPANA (VILLA DE LANZA),"anticoncepcion, prevencion de its y de cancer de cuello uterino",numero de mujeres con muestras de pap tomadas,2015-02-01,0,0,5,2,0,7
IXIAMAS,"anticoncepcion, prevencion de its y de cancer de cuello uterino",numero de mujeres con muestras de pap tomadas,2015-02-01,0,7,3,5,0,15
JESUS DE MACHACA,"anticoncepcion, prevencion de its y de cancer de cuello uterino",numero de mujeres con muestras de pap tomadas,2015-02-01,0,0,10,6,1,17
LA ASUNTA,"anticoncepcion, prevencion de its y de cancer de cuello uterino",numero de mujeres con muestras de pap tomadas,2015-02-01,0,1,19,7,0,27
LA GUARDIA,"anticoncepcion, prevencion de its y de cancer de cuello uterino",numero de mujeres con muestras de pap tomadas,2015-02-01,1,39,123,62,17,242
LA PAZ,"anticoncepcion, prevencion de its y de cancer de cuello uterino",numero de mujeres con muestras de pap tomadas,2015-02-01,0,100,2131,1009,470,3710
LAJA,"anticoncepcion, prevencion de its y de cancer de cuello uterino",numero de mujeres con muestras de pap tomadas,2015-02-01,0,9,32,16,3,60
LAS CARRERAS,"anticoncepcion, prevencion de its y de cancer de cuello uterino",numero de mujeres con muestras de pap tomadas,2015-02-01,0,5,8,7,0,20
LICOMA PAMPA,"anticoncepcion, prevencion de its y de cancer de cuello uterino",numero de mujeres con muestras de pap tomadas,2015-02-01,0,0,0,1,1,2
LLALLAGUA,"anticoncepcion, prevencion de its y de cancer de cuello uterino",numero de mujeres con muestras de pap tomadas,2015-02-01,0,0,0,1,0,1
LURIBAY,"anticoncepcion, prevencion de its y de cancer de cuello uterino",numero de mujeres con muestras de pap tomadas,2015-02-01,0,0,2,3,1,6
MACHACAMARCA,"anticoncepcion, prevencion de its y de cancer de cuello uterino",numero de mujeres con muestras de pap tomadas,2015-02-01,0,0,12,4,0,16
MACHARETI,"anticoncepcion, prevencion de its y de cancer de cuello uterino",numero de mujeres con muestras de pap tomadas,2015-02-01,0,4,11,12,2,29
MAIRANA,"anticoncepcion, prevencion de its y de cancer de cuello uterino",numero de mujeres con muestras de pap tomadas,2015-02-01,0,0,4,1,0,5
MAPIRI,"anticoncepcion, prevencion de its y de cancer de cuello uterino",numero de mujeres con muestras de pap tomadas,2015-02-01,0,3,12,2,3,20
MECAPACA,"anticoncepcion, prevencion de its y de cancer de cuello uterino",numero de mujeres con muestras de pap tomadas,2015-02-01,0,1,7,3,0,11
MIZQUE,"anticoncepcion, prevencion de its y de cancer de cuello uterino",numero de mujeres con muestras de pap tomadas,2015-02-01,0,10,32,11,1,54
MOCOMOCO,"anticoncepcion, prevencion de its y de cancer de cuello uterino",numero de mujeres con muestras de pap tomadas,2015-02-01,0,20,48,29,1,98
MOJINETE,"anticoncepcion, prevencion de its y de cancer de cuello uterino",numero de mujeres con muestras de pap tomadas,2015-02-01,0,0,2,0,0,2
MOJOCOYA,"anticoncepcion, prevencion de its y de cancer de cuello uterino",numero de mujeres con muestras de pap tomadas,2015-02-01,2,2,7,8,3,22
MONTEAGUDO,"anticoncepcion, prevencion de its y de cancer de cuello uterino",numero de mujeres con muestras de pap tomadas,2015-02-01,0,6,81,85,31,203
MONTERO,"anticoncepcion, prevencion de its y de cancer de cuello uterino",numero de mujeres con muestras de pap tomadas,2015-02-01,1,12,125,43,8,189
MORO MORO,"anticoncepcion, prevencion de its y de cancer de cuello uterino",numero de mujeres con muestras de pap tomadas,2015-02-01,0,1,8,4,3,16
MOROCHATA,"anticoncepcion, prevencion de its y de cancer de cuello uterino",numero de mujeres con muestras de pap tomadas,2015-02-01,0,0,2,1,2,5
OCURI,"anticoncepcion, prevencion de its y de cancer de cuello uterino",numero de mujeres con muestras de pap tomadas,2015-02-01,0,0,5,2,0,7
OKINAWA,"anticoncepcion, prevencion de its y de cancer de cuello uterino",numero de mujeres con muestras de pap tomadas,2015-02-01,1,2,3,11,5,22
OMEREQUE,"anticoncepcion, prevencion de its y de cancer de cuello uterino",numero de mujeres con muestras de pap tomadas,2015-02-01,0,3,8,3,1,15
ORURO,"anticoncepcion, prevencion de its y de cancer de cuello uterino",numero de mujeres con muestras de pap tomadas,2015-02-01,0,31,391,224,101,747
PADCAYA,"anticoncepcion, prevencion de its y de cancer de cuello uterino",numero de mujeres con muestras de pap tomadas,2015-02-01,0,0,4,1,0,5
PADILLA,"anticoncepcion, prevencion de its y de cancer de cuello uterino",numero de mujeres con muestras de pap tomadas,2015-02-01,0,4,18,27,4,53
PAILON,"anticoncepcion, prevencion de its y de cancer de cuello uterino",numero de mujeres con muestras de pap tomadas,2015-02-01,0,6,28,5,0,39
PALCA,"anticoncepcion, prevencion de its y de cancer de cuello uterino",numero de mujeres con muestras de pap tomadas,2015-02-01,0,0,7,5,4,16
PALOS BLANCOS,"anticoncepcion, prevencion de its y de cancer de cuello uterino",numero de mujeres con muestras de pap tomadas,2015-02-01,0,5,26,12,3,46
PAMPA GRANDE,"anticoncepcion, prevencion de its y de cancer de cuello uterino",numero de mujeres con muestras de pap tomadas,2015-02-01,0,0,2,2,1,5
PAPEL PAMPA,"anticoncepcion, prevencion de its y de cancer de cuello uterino",numero de mujeres con muestras de pap tomadas,2015-02-01,0,0,1,0,0,1
PASORAPA,"anticoncepcion, prevencion de its y de cancer de cuello uterino",numero de mujeres con muestras de pap tomadas,2015-02-01,0,0,1,0,0,1
PATACAMAYA,"anticoncepcion, prevencion de its y de cancer de cuello uterino",numero de mujeres con muestras de pap tomadas,2015-02-01,0,12,79,52,17,160
PAZÑA,"anticoncepcion, prevencion de its y de cancer de cuello uterino",numero de mujeres con muestras de pap tomadas,2015-02-01,0,0,4,0,1,5
PELECHUCO,"anticoncepcion, prevencion de its y de cancer de cuello uterino",numero de mujeres con muestras de pap tomadas,2015-02-01,0,1,13,10,3,27
POCOATA,"anticoncepcion, prevencion de its y de cancer de cuello uterino",numero de mujeres con muestras de pap tomadas,2015-02-01,0,1,12,2,3,18
POCONA,"anticoncepcion, prevencion de its y de cancer de cuello uterino",numero de mujeres con muestras de pap tomadas,2015-02-01,0,3,8,4,0,15
POJO (CBBA),"anticoncepcion, prevencion de its y de cancer de cuello uterino",numero de mujeres con muestras de pap tomadas,2015-02-01,0,1,1,2,1,5
POOPO,"anticoncepcion, prevencion de its y de cancer de cuello uterino",numero de mujeres con muestras de pap tomadas,2015-02-01,0,0,1,0,0,1
POROMA,"anticoncepcion, prevencion de its y de cancer de cuello uterino",numero de mujeres con muestras de pap tomadas,2015-02-01,1,11,20,14,6,52
PORONGO,"anticoncepcion, prevencion de its y de cancer de cuello uterino",numero de mujeres con muestras de pap tomadas,2015-02-01,0,3,17,10,0,30
PORTACHUELO,"anticoncepcion, prevencion de its y de cancer de cuello uterino",numero de mujeres con muestras de pap tomadas,2015-02-01,0,1,21,4,3,29
PORVENIR,"anticoncepcion, prevencion de its y de cancer de cuello uterino",numero de mujeres con muestras de pap tomadas,2015-02-01,0,0,6,0,0,6
POSTRER VALLE,"anticoncepcion, prevencion de its y de cancer de cuello uterino",numero de mujeres con muestras de pap tomadas,2015-02-01,0,0,0,1,0,1
POTOSI,"anticoncepcion, prevencion de its y de cancer de cuello uterino",numero de mujeres con muestras de pap tomadas,2015-02-01,0,13,332,182,99,626
PRESTO,"anticoncepcion, prevencion de its y de cancer de cuello uterino",numero de mujeres con muestras de pap tomadas,2015-02-01,0,10,41,31,2,84
PUCARA,"anticoncepcion, prevencion de its y de cancer de cuello uterino",numero de mujeres con muestras de pap tomadas,2015-02-01,0,0,1,2,1,4
PUCARANI,"anticoncepcion, prevencion de its y de cancer de cuello uterino",numero de mujeres con muestras de pap tomadas,2015-02-01,0,6,11,14,3,34
PUERTO ACOSTA,"anticoncepcion, prevencion de its y de cancer de cuello uterino",numero de mujeres con muestras de pap tomadas,2015-02-01,0,6,31,29,3,69
PUERTO CARABUCO,"anticoncepcion, prevencion de its y de cancer de cuello uterino",numero de mujeres con muestras de pap tomadas,2015-02-01,0,4,22,9,11,46
PUERTO GONZALO MORENO,"anticoncepcion, prevencion de its y de cancer de cuello uterino",numero de mujeres con muestras de pap tomadas,2015-02-01,0,5,9,2,2,18
PUERTO PEREZ,"anticoncepcion, prevencion de its y de cancer de cuello uterino",numero de mujeres con muestras de pap tomadas,2015-02-01,0,0,0,0,1,1
PUERTO QUIJARRO,"anticoncepcion, prevencion de its y de cancer de cuello uterino",numero de mujeres con muestras de pap tomadas,2015-02-01,0,12,46,40,1,99
PUERTO RICO,"anticoncepcion, prevencion de its y de cancer de cuello uterino",numero de mujeres con muestras de pap tomadas,2015-02-01,0,1,5,1,0,7
PUERTO SUAREZ,"anticoncepcion, prevencion de its y de cancer de cuello uterino",numero de mujeres con muestras de pap tomadas,2015-02-01,0,1,4,4,4,13
PUERTO VILLARROEL,"anticoncepcion, prevencion de its y de cancer de cuello uterino",numero de mujeres con muestras de pap tomadas,2015-02-01,6,30,90,19,1,146
PUNA,"anticoncepcion, prevencion de its y de cancer de cuello uterino",numero de mujeres con muestras de pap tomadas,2015-02-01,0,4,29,15,7,55
PUNATA,"anticoncepcion, prevencion de its y de cancer de cuello uterino",numero de mujeres con muestras de pap tomadas,2015-02-01,0,15,67,32,17,131
QUIABAYA,"anticoncepcion, prevencion de its y de cancer de cuello uterino",numero de mujeres con muestras de pap tomadas,2015-02-01,0,0,1,2,0,3
QUILLACOLLO,"anticoncepcion, prevencion de its y de cancer de cuello uterino",numero de mujeres con muestras de pap tomadas,2015-02-01,0,71,107,86,42,306
QUIME,"anticoncepcion, prevencion de its y de cancer de cuello uterino",numero de mujeres con muestras de pap tomadas,2015-02-01,0,0,3,2,0,5
QUIRUSILLAS,"anticoncepcion, prevencion de its y de cancer de cuello uterino",numero de mujeres con muestras de pap tomadas,2015-02-01,0,1,0,4,0,5
RAVELO,"anticoncepcion, prevencion de its y de cancer de cuello uterino",numero de mujeres con muestras de pap tomadas,2015-02-01,0,3,20,18,15,56
REYES,"anticoncepcion, prevencion de its y de cancer de cuello uterino",numero de mujeres con muestras de pap tomadas,2015-02-01,0,0,2,0,0,2
RIBERALTA,"anticoncepcion, prevencion de its y de cancer de cuello uterino",numero de mujeres con muestras de pap tomadas,2015-02-01,7,86,286,116,46,541
ROBORE,"anticoncepcion, prevencion de its y de cancer de cuello uterino",numero de mujeres con muestras de pap tomadas,2015-02-01,0,0,0,6,0,6
SACABA,"anticoncepcion, prevencion de its y de cancer de cuello uterino",numero de mujeres con muestras de pap tomadas,2015-02-01,0,30,167,119,28,344
SACABAMBA,"anticoncepcion, prevencion de its y de cancer de cuello uterino",numero de mujeres con muestras de pap tomadas,2015-02-01,0,2,3,1,1,7
SACACA,"anticoncepcion, prevencion de its y de cancer de cuello uterino",numero de mujeres con muestras de pap tomadas,2015-02-01,0,1,4,3,1,9
SAIPINA,"anticoncepcion, prevencion de its y de cancer de cuello uterino",numero de mujeres con muestras de pap tomadas,2015-02-01,0,0,5,0,1,6
SALINAS DE GARCI MENDOZA,"anticoncepcion, prevencion de its y de cancer de cuello uterino",numero de mujeres con muestras de pap tomadas,2015-02-01,0,0,3,1,0,4
SAMAIPATA,"anticoncepcion, prevencion de its y de cancer de cuello uterino",numero de mujeres con muestras de pap tomadas,2015-02-01,0,5,9,2,2,18
SAN AGUSTIN,"anticoncepcion, prevencion de its y de cancer de cuello uterino",numero de mujeres con muestras de pap tomadas,2015-02-01,0,0,0,1,1,2
SAN ANDRES,"anticoncepcion, prevencion de its y de cancer de cuello uterino",numero de mujeres con muestras de pap tomadas,2015-02-01,0,2,11,1,0,14
SAN ANDRES DE MACHACA,"anticoncepcion, prevencion de its y de cancer de cuello uterino",numero de mujeres con muestras de pap tomadas,2015-02-01,0,0,6,0,0,6
SAN ANTONIO DE LOMERIO,"anticoncepcion, prevencion de its y de cancer de cuello uterino",numero de mujeres con muestras de pap tomadas,2015-02-01,0,1,9,4,0,14
SAN BENITO,"anticoncepcion, prevencion de its y de cancer de cuello uterino",numero de mujeres con muestras de pap tomadas,2015-02-01,0,4,22,7,1,34
SAN BORJA,"anticoncepcion, prevencion de its y de cancer de cuello uterino",numero de mujeres con muestras de pap tomadas,2015-02-01,0,0,5,0,1,6
SAN BUENA VENTURA,"anticoncepcion, prevencion de its y de cancer de cuello uterino",numero de mujeres con muestras de pap tomadas,2015-02-01,0,0,12,21,0,33
SAN CARLOS,"anticoncepcion, prevencion de its y de cancer de cuello uterino",numero de mujeres con muestras de pap tomadas,2015-02-01,0,13,33,11,1,58
SAN IGNACIO,"anticoncepcion, prevencion de its y de cancer de cuello uterino",numero de mujeres con muestras de pap tomadas,2015-02-01,0,0,13,10,0,23
SAN IGNACIO DE VELASCO,"anticoncepcion, prevencion de its y de cancer de cuello uterino",numero de mujeres con muestras de pap tomadas,2015-02-01,0,32,85,34,1,152
SAN JAVIER(BNI),"anticoncepcion, prevencion de its y de cancer de cuello uterino",numero de mujeres con muestras de pap tomadas,2015-02-01,0,0,1,0,0,1
SAN JAVIER(STC),"anticoncepcion, prevencion de its y de cancer de cuello uterino",numero de mujeres con muestras de pap tomadas,2015-02-01,0,1,3,1,2,7
SAN JOSE DE CHIQUITOS,"anticoncepcion, prevencion de its y de cancer de cuello uterino",numero de mujeres con muestras de pap tomadas,2015-02-01,0,0,12,4,2,18
SAN JUAN DE YAPACANI,"anticoncepcion, prevencion de its y de cancer de cuello uterino",numero de mujeres con muestras de pap tomadas,2015-02-01,0,0,1,1,4,6
SAN JULIAN,"anticoncepcion, prevencion de its y de cancer de cuello uterino",numero de mujeres con muestras de pap tomadas,2015-02-01,1,8,59,38,4,110
SAN LORENZO(PND),"anticoncepcion, prevencion de its y de cancer de cuello uterino",numero de mujeres con muestras de pap tomadas,2015-02-01,0,0,3,0,0,3
SAN LORENZO(TJA),"anticoncepcion, prevencion de its y de cancer de cuello uterino",numero de mujeres con muestras de pap tomadas,2015-02-01,0,3,28,8,2,41
SAN LUCAS,"anticoncepcion, prevencion de its y de cancer de cuello uterino",numero de mujeres con muestras de pap tomadas,2015-02-01,0,6,34,28,7,75
SAN MATIAS,"anticoncepcion, prevencion de its y de cancer de cuello uterino",numero de mujeres con muestras de pap tomadas,2015-02-01,1,3,6,1,4,15
SAN MIGUEL DE VELASCO,"anticoncepcion, prevencion de its y de cancer de cuello uterino",numero de mujeres con muestras de pap tomadas,2015-02-01,0,1,3,2,1,7
SAN PEDRO,"anticoncepcion, prevencion de its y de cancer de cuello uterino",numero de mujeres con muestras de pap tomadas,2015-02-01,0,0,3,2,2,7
SAN PEDRO DE BUENA VISTA,"anticoncepcion, prevencion de its y de cancer de cuello uterino",numero de mujeres con muestras de pap tomadas,2015-02-01,0,0,4,2,1,7
SAN PEDRO DE CURAHUARA,"anticoncepcion, prevencion de its y de cancer de cuello uterino",numero de mujeres con muestras de pap tomadas,2015-02-01,0,0,4,1,0,5
SAN PEDRO DE TIQUINA,"anticoncepcion, prevencion de its y de cancer de cuello uterino",numero de mujeres con muestras de pap tomadas,2015-02-01,0,2,3,1,0,6
SAN RAFAEL,"anticoncepcion, prevencion de its y de cancer de cuello uterino",numero de mujeres con muestras de pap tomadas,2015-02-01,0,0,0,1,0,1
SAN RAMON BENI,"anticoncepcion, prevencion de its y de cancer de cuello uterino",numero de mujeres con muestras de pap tomadas,2015-02-01,0,0,2,0,0,2
SAN RAMON SCZ,"anticoncepcion, prevencion de its y de cancer de cuello uterino",numero de mujeres con muestras de pap tomadas,2015-02-01,0,2,5,9,0,16
SANTA ANA,"anticoncepcion, prevencion de its y de cancer de cuello uterino",numero de mujeres con muestras de pap tomadas,2015-02-01,0,0,4,3,0,7
SANTA CRUZ DE LA SIERRA,"anticoncepcion, prevencion de its y de cancer de cuello uterino",numero de mujeres con muestras de pap tomadas,2015-02-01,77,338,1859,1147,272,3693
SANTA ROSA DEL SARA,"anticoncepcion, prevencion de its y de cancer de cuello uterino",numero de mujeres con muestras de pap tomadas,2015-02-01,0,4,8,7,4,23
SANTIAGO DE HUARI,"anticoncepcion, prevencion de its y de cancer de cuello uterino",numero de mujeres con muestras de pap tomadas,2015-02-01,0,0,0,0,1,1
SANTIAGO DE HUATA,"anticoncepcion, prevencion de its y de cancer de cuello uterino",numero de mujeres con muestras de pap tomadas,2015-02-01,0,0,2,3,3,8
SANTIAGO DE MACHACA,"anticoncepcion, prevencion de its y de cancer de cuello uterino",numero de mujeres con muestras de pap tomadas,2015-02-01,0,1,2,2,0,5
SANTIVAÑES,"anticoncepcion, prevencion de its y de cancer de cuello uterino",numero de mujeres con muestras de pap tomadas,2015-02-01,0,0,4,1,2,7
SAPAHAQUI,"anticoncepcion, prevencion de its y de cancer de cuello uterino",numero de mujeres con muestras de pap tomadas,2015-02-01,0,2,4,1,0,7
SHINAOTA,"anticoncepcion, prevencion de its y de cancer de cuello uterino",numero de mujeres con muestras de pap tomadas,2015-02-01,0,2,7,10,0,19
SICA SICA (VILLA AROMA),"anticoncepcion, prevencion de its y de cancer de cuello uterino",numero de mujeres con muestras de pap tomadas,2015-02-01,1,2,12,6,1,22
SIPE SIPE,"anticoncepcion, prevencion de its y de cancer de cuello uterino",numero de mujeres con muestras de pap tomadas,2015-02-01,0,3,16,9,1,29
SOPACHUY,"anticoncepcion, prevencion de its y de cancer de cuello uterino",numero de mujeres con muestras de pap tomadas,2015-02-01,0,4,11,9,1,25
SORACACHI,"anticoncepcion, prevencion de its y de cancer de cuello uterino",numero de mujeres con muestras de pap tomadas,2015-02-01,0,0,1,0,0,1
SORATA,"anticoncepcion, prevencion de its y de cancer de cuello uterino",numero de mujeres con muestras de pap tomadas,2015-02-01,0,3,63,45,34,145
SUCRE,"anticoncepcion, prevencion de its y de cancer de cuello uterino",numero de mujeres con muestras de pap tomadas,2015-02-01,1,205,1470,619,138,2433
TACACOMA,"anticoncepcion, prevencion de its y de cancer de cuello uterino",numero de mujeres con muestras de pap tomadas,2015-02-01,0,0,1,3,1,5
TACOBAMBA,"anticoncepcion, prevencion de its y de cancer de cuello uterino",numero de mujeres con muestras de pap tomadas,2015-02-01,1,0,0,0,0,1
TACOPAYA,"anticoncepcion, prevencion de its y de cancer de cuello uterino",numero de mujeres con muestras de pap tomadas,2015-02-01,0,1,4,4,1,10
TAPACARI,"anticoncepcion, prevencion de its y de cancer de cuello uterino",numero de mujeres con muestras de pap tomadas,2015-02-01,0,1,5,7,1,14
TARABUCO,"anticoncepcion, prevencion de its y de cancer de cuello uterino",numero de mujeres con muestras de pap tomadas,2015-02-01,1,1,12,9,0,23
TARACO,"anticoncepcion, prevencion de its y de cancer de cuello uterino",numero de mujeres con muestras de pap tomadas,2015-02-01,0,8,9,2,2,21
TARATA,"anticoncepcion, prevencion de its y de cancer de cuello uterino",numero de mujeres con muestras de pap tomadas,2015-02-01,0,1,12,3,0,16
TARIJA,"anticoncepcion, prevencion de its y de cancer de cuello uterino",numero de mujeres con muestras de pap tomadas,2015-02-01,0,37,337,238,145,757
TARVITA,"anticoncepcion, prevencion de its y de cancer de cuello uterino",numero de mujeres con muestras de pap tomadas,2015-02-01,0,9,23,36,3,71
TEOPONTE,"anticoncepcion, prevencion de its y de cancer de cuello uterino",numero de mujeres con muestras de pap tomadas,2015-02-01,0,14,17,3,0,34
TIAWANACU,"anticoncepcion, prevencion de its y de cancer de cuello uterino",numero de mujeres con muestras de pap tomadas,2015-02-01,1,0,12,11,2,26
TINGUIPAYA,"anticoncepcion, prevencion de its y de cancer de cuello uterino",numero de mujeres con muestras de pap tomadas,2015-02-01,0,2,17,9,2,30
TIPUANI,"anticoncepcion, prevencion de its y de cancer de cuello uterino",numero de mujeres con muestras de pap tomadas,2015-02-01,0,6,46,22,11,85
TIQUIPAYA,"anticoncepcion, prevencion de its y de cancer de cuello uterino",numero de mujeres con muestras de pap tomadas,2015-02-01,0,13,45,15,3,76
TIRAQUE (CBBA),"anticoncepcion, prevencion de its y de cancer de cuello uterino",numero de mujeres con muestras de pap tomadas,2015-02-01,0,10,10,10,0,30
TOCO,"anticoncepcion, prevencion de its y de cancer de cuello uterino",numero de mujeres con muestras de pap tomadas,2015-02-01,0,0,4,1,0,5
TOLATA,"anticoncepcion, prevencion de its y de cancer de cuello uterino",numero de mujeres con muestras de pap tomadas,2015-02-01,0,0,7,2,1,10
TOLEDO,"anticoncepcion, prevencion de its y de cancer de cuello uterino",numero de mujeres con muestras de pap tomadas,2015-02-01,0,0,0,1,0,1
TOMAVE,"anticoncepcion, prevencion de its y de cancer de cuello uterino",numero de mujeres con muestras de pap tomadas,2015-02-01,0,0,9,3,2,14
TOMINA,"anticoncepcion, prevencion de its y de cancer de cuello uterino",numero de mujeres con muestras de pap tomadas,2015-02-01,0,3,7,12,2,24
TORO TORO,"anticoncepcion, prevencion de its y de cancer de cuello uterino",numero de mujeres con muestras de pap tomadas,2015-02-01,0,4,23,4,0,31
TOTORA(CBBA),"anticoncepcion, prevencion de its y de cancer de cuello uterino",numero de mujeres con muestras de pap tomadas,2015-02-01,0,2,13,7,2,24
TOTORA(ORR),"anticoncepcion, prevencion de its y de cancer de cuello uterino",numero de mujeres con muestras de pap tomadas,2015-02-01,0,0,1,1,0,2
TRIGAL,"anticoncepcion, prevencion de its y de cancer de cuello uterino",numero de mujeres con muestras de pap tomadas,2015-02-01,0,0,1,1,0,2
TRINIDAD,"anticoncepcion, prevencion de its y de cancer de cuello uterino",numero de mujeres con muestras de pap tomadas,2015-02-01,8,53,188,181,56,486
TUPIZA,"anticoncepcion, prevencion de its y de cancer de cuello uterino",numero de mujeres con muestras de pap tomadas,2015-02-01,0,1,50,37,14,102
UMALA,"anticoncepcion, prevencion de its y de cancer de cuello uterino",numero de mujeres con muestras de pap tomadas,2015-02-01,0,0,3,2,0,5
UNCIA,"anticoncepcion, prevencion de its y de cancer de cuello uterino",numero de mujeres con muestras de pap tomadas,2015-02-01,0,5,8,5,4,22
URIONDO (A. CONCEPCION),"anticoncepcion, prevencion de its y de cancer de cuello uterino",numero de mujeres con muestras de pap tomadas,2015-02-01,0,2,4,5,1,12
URUBICHA,"anticoncepcion, prevencion de its y de cancer de cuello uterino",numero de mujeres con muestras de pap tomadas,2015-02-01,0,1,4,3,0,8
UYUNI,"anticoncepcion, prevencion de its y de cancer de cuello uterino",numero de mujeres con muestras de pap tomadas,2015-02-01,0,0,17,10,2,29
VACAS,"anticoncepcion, prevencion de its y de cancer de cuello uterino",numero de mujeres con muestras de pap tomadas,2015-02-01,0,3,0,3,0,6
VALLEGRANDE,"anticoncepcion, prevencion de its y de cancer de cuello uterino",numero de mujeres con muestras de pap tomadas,2015-02-01,0,13,41,48,19,121
VIACHA,"anticoncepcion, prevencion de its y de cancer de cuello uterino",numero de mujeres con muestras de pap tomadas,2015-02-01,0,8,65,30,9,112
VILA VILA,"anticoncepcion, prevencion de its y de cancer de cuello uterino",numero de mujeres con muestras de pap tomadas,2015-02-01,0,0,1,0,0,1
VILLA CHARCAS,"anticoncepcion, prevencion de its y de cancer de cuello uterino",numero de mujeres con muestras de pap tomadas,2015-02-01,0,5,14,15,3,37
VILLA MONTES,"anticoncepcion, prevencion de its y de cancer de cuello uterino",numero de mujeres con muestras de pap tomadas,2015-02-01,2,35,134,58,29,258
VILLA RIVERO,"anticoncepcion, prevencion de its y de cancer de cuello uterino",numero de mujeres con muestras de pap tomadas,2015-02-01,0,0,10,1,0,11
VILLA SERRANO,"anticoncepcion, prevencion de its y de cancer de cuello uterino",numero de mujeres con muestras de pap tomadas,2015-02-01,0,8,25,17,5,55
VILLA TUNARI,"anticoncepcion, prevencion de its y de cancer de cuello uterino",numero de mujeres con muestras de pap tomadas,2015-02-01,0,8,35,18,2,63
VILLA VACA GUZMAN (MUYUPAMPA),"anticoncepcion, prevencion de its y de cancer de cuello uterino",numero de mujeres con muestras de pap tomadas,2015-02-01,0,2,26,15,1,44
VILLAZON,"anticoncepcion, prevencion de its y de cancer de cuello uterino",numero de mujeres con muestras de pap tomadas,2015-02-01,1,8,82,39,11,141
VINTO,"anticoncepcion, prevencion de its y de cancer de cuello uterino",numero de mujeres con muestras de pap tomadas,2015-02-01,0,3,14,14,10,41
VITICHI,"anticoncepcion, prevencion de its y de cancer de cuello uterino",numero de mujeres con muestras de pap tomadas,2015-02-01,1,1,2,9,5,18
WALDO BALLIVIAN,"anticoncepcion, prevencion de its y de cancer de cuello uterino",numero de mujeres con muestras de pap tomadas,2015-02-01,0,0,1,2,0,3
WARNES,"anticoncepcion, prevencion de its y de cancer de cuello uterino",numero de mujeres con muestras de pap tomadas,2015-02-01,0,16,105,32,4,157
YACO,"anticoncepcion, prevencion de its y de cancer de cuello uterino",numero de mujeres con muestras de pap tomadas,2015-02-01,0,8,41,21,3,73
YACUIBA,"anticoncepcion, prevencion de its y de cancer de cuello uterino",numero de mujeres con muestras de pap tomadas,2015-02-01,0,18,102,56,21,197
YAMPARAEZ,"anticoncepcion, prevencion de its y de cancer de cuello uterino",numero de mujeres con muestras de pap tomadas,2015-02-01,0,8,20,19,7,54
YAPACANI,"anticoncepcion, prevencion de its y de cancer de cuello uterino",numero de mujeres con muestras de pap tomadas,2015-02-01,1,9,46,16,0,72
YOCALLA,"anticoncepcion, prevencion de its y de cancer de cuello uterino",numero de mujeres con muestras de pap tomadas,2015-02-01,0,0,1,0,0,1
YOTALA,"anticoncepcion, prevencion de its y de cancer de cuello uterino",numero de mujeres con muestras de pap tomadas,2015-02-01,0,2,7,4,1,14
ZUDAÑEZ,"anticoncepcion, prevencion de its y de cancer de cuello uterino",numero de mujeres con muestras de pap tomadas,2015-02-01,0,9,19,8,0,36
ACACIO,"anticoncepcion, prevencion de its y de cancer de cuello uterino",numero de mujeres con muestras de pap tomadas,2015-03-01,0,1,12,9,3,25
ACHACACHI,"anticoncepcion, prevencion de its y de cancer de cuello uterino",numero de mujeres con muestras de pap tomadas,2015-03-01,0,8,37,22,13,80
ACHOCALLA,"anticoncepcion, prevencion de its y de cancer de cuello uterino",numero de mujeres con muestras de pap tomadas,2015-03-01,0,2,20,10,1,33
AIQUILE,"anticoncepcion, prevencion de its y de cancer de cuello uterino",numero de mujeres con muestras de pap tomadas,2015-03-01,0,9,58,23,10,100
ALALAY,"anticoncepcion, prevencion de its y de cancer de cuello uterino",numero de mujeres con muestras de pap tomadas,2015-03-01,0,0,1,0,0,1
ALCALA,"anticoncepcion, prevencion de its y de cancer de cuello uterino",numero de mujeres con muestras de pap tomadas,2015-03-01,0,2,26,20,6,54
ALTO BENI,"anticoncepcion, prevencion de its y de cancer de cuello uterino",numero de mujeres con muestras de pap tomadas,2015-03-01,0,17,51,37,18,123
ANCORAIMES,"anticoncepcion, prevencion de its y de cancer de cuello uterino",numero de mujeres con muestras de pap tomadas,2015-03-01,0,4,13,4,0,21
ANDAMARCA,"anticoncepcion, prevencion de its y de cancer de cuello uterino",numero de mujeres con muestras de pap tomadas,2015-03-01,0,0,3,1,0,4
ANTEQUERA,"anticoncepcion, prevencion de its y de cancer de cuello uterino",numero de mujeres con muestras de pap tomadas,2015-03-01,0,0,0,1,0,1
ANZALDO,"anticoncepcion, prevencion de its y de cancer de cuello uterino",numero de mujeres con muestras de pap tomadas,2015-03-01,0,1,0,1,0,2
APOLO,"anticoncepcion, prevencion de its y de cancer de cuello uterino",numero de mujeres con muestras de pap tomadas,2015-03-01,0,1,30,14,6,51
ARAMPAMPA,"anticoncepcion, prevencion de its y de cancer de cuello uterino",numero de mujeres con muestras de pap tomadas,2015-03-01,0,1,7,6,0,14
ARANI,"anticoncepcion, prevencion de its y de cancer de cuello uterino",numero de mujeres con muestras de pap tomadas,2015-03-01,1,4,22,6,0,33
ARBIETO,"anticoncepcion, prevencion de its y de cancer de cuello uterino",numero de mujeres con muestras de pap tomadas,2015-03-01,0,9,24,11,1,45
ARQUE,"anticoncepcion, prevencion de its y de cancer de cuello uterino",numero de mujeres con muestras de pap tomadas,2015-03-01,0,3,25,10,0,38
ASCENCION DE GUARAYOS,"anticoncepcion, prevencion de its y de cancer de cuello uterino",numero de mujeres con muestras de pap tomadas,2015-03-01,1,13,39,13,1,67
ATOCHA,"anticoncepcion, prevencion de its y de cancer de cuello uterino",numero de mujeres con muestras de pap tomadas,2015-03-01,0,3,32,9,1,45
AUCAPATA,"anticoncepcion, prevencion de its y de cancer de cuello uterino",numero de mujeres con muestras de pap tomadas,2015-03-01,0,0,3,6,2,11
AYATA,"anticoncepcion, prevencion de its y de cancer de cuello uterino",numero de mujeres con muestras de pap tomadas,2015-03-01,0,0,1,3,0,4
AYO AYO,"anticoncepcion, prevencion de its y de cancer de cuello uterino",numero de mujeres con muestras de pap tomadas,2015-03-01,0,2,0,3,1,6
AYOPAYA (V. DE INDEPENDENCIA),"anticoncepcion, prevencion de its y de cancer de cuello uterino",numero de mujeres con muestras de pap tomadas,2015-03-01,0,1,17,12,4,34
AZURDUY,"anticoncepcion, prevencion de its y de cancer de cuello uterino",numero de mujeres con muestras de pap tomadas,2015-03-01,3,30,97,66,18,214
BATALLAS,"anticoncepcion, prevencion de its y de cancer de cuello uterino",numero de mujeres con muestras de pap tomadas,2015-03-01,3,11,63,64,46,187
BELEN DE ANDAMARCA,"anticoncepcion, prevencion de its y de cancer de cuello uterino",numero de mujeres con muestras de pap tomadas,2015-03-01,0,0,0,2,0,2
BELEN DE URMIRI,"anticoncepcion, prevencion de its y de cancer de cuello uterino",numero de mujeres con muestras de pap tomadas,2015-03-01,0,0,16,17,17,50
BELLA FLOR,"anticoncepcion, prevencion de its y de cancer de cuello uterino",numero de mujeres con muestras de pap tomadas,2015-03-01,0,0,2,1,0,3
BERMEJO,"anticoncepcion, prevencion de its y de cancer de cuello uterino",numero de mujeres con muestras de pap tomadas,2015-03-01,1,10,50,33,16,110
BETANZOS,"anticoncepcion, prevencion de its y de cancer de cuello uterino",numero de mujeres con muestras de pap tomadas,2015-03-01,1,11,65,51,21,149
BOLIVAR,"anticoncepcion, prevencion de its y de cancer de cuello uterino",numero de mujeres con muestras de pap tomadas,2015-03-01,0,1,0,0,0,1
BOYUIBE,"anticoncepcion, prevencion de its y de cancer de cuello uterino",numero de mujeres con muestras de pap tomadas,2015-03-01,0,0,2,1,0,3
BUENA VISTA,"anticoncepcion, prevencion de its y de cancer de cuello uterino",numero de mujeres con muestras de pap tomadas,2015-03-01,0,2,18,9,3,32
CABEZAS,"anticoncepcion, prevencion de its y de cancer de cuello uterino",numero de mujeres con muestras de pap tomadas,2015-03-01,1,4,51,27,10,93
CAIROMA,"anticoncepcion, prevencion de its y de cancer de cuello uterino",numero de mujeres con muestras de pap tomadas,2015-03-01,0,11,105,65,34,215
"CAIZA ""D""","anticoncepcion, prevencion de its y de cancer de cuello uterino",numero de mujeres con muestras de pap tomadas,2015-03-01,0,1,23,12,3,39
CAJUATA,"anticoncepcion, prevencion de its y de cancer de cuello uterino",numero de mujeres con muestras de pap tomadas,2015-03-01,1,3,51,26,6,87
CALACOTO,"anticoncepcion, prevencion de its y de cancer de cuello uterino",numero de mujeres con muestras de pap tomadas,2015-03-01,0,3,11,15,4,33
CALAMARCA,"anticoncepcion, prevencion de its y de cancer de cuello uterino",numero de mujeres con muestras de pap tomadas,2015-03-01,0,10,40,19,8,77
CAMARGO,"anticoncepcion, prevencion de its y de cancer de cuello uterino",numero de mujeres con muestras de pap tomadas,2015-03-01,0,16,71,67,24,178
CAMATAQUI (C. VILLA ABECIA),"anticoncepcion, prevencion de its y de cancer de cuello uterino",numero de mujeres con muestras de pap tomadas,2015-03-01,0,2,10,4,1,17
CAMIRI,"anticoncepcion, prevencion de its y de cancer de cuello uterino",numero de mujeres con muestras de pap tomadas,2015-03-01,0,1,23,25,7,56
CAPINOTA,"anticoncepcion, prevencion de its y de cancer de cuello uterino",numero de mujeres con muestras de pap tomadas,2015-03-01,0,22,47,20,6,95
CAQUIAVIRI,"anticoncepcion, prevencion de its y de cancer de cuello uterino",numero de mujeres con muestras de pap tomadas,2015-03-01,0,0,3,5,2,10
CARACOLLO,"anticoncepcion, prevencion de its y de cancer de cuello uterino",numero de mujeres con muestras de pap tomadas,2015-03-01,0,1,24,12,7,44
CARANAVI,"anticoncepcion, prevencion de its y de cancer de cuello uterino",numero de mujeres con muestras de pap tomadas,2015-03-01,3,11,64,52,4,134
CARAPARI,"anticoncepcion, prevencion de its y de cancer de cuello uterino",numero de mujeres con muestras de pap tomadas,2015-03-01,0,6,1,0,1,8
CARIPUYO,"anticoncepcion, prevencion de its y de cancer de cuello uterino",numero de mujeres con muestras de pap tomadas,2015-03-01,0,2,26,12,0,40
CARMEN RIVERO TORREZ,"anticoncepcion, prevencion de its y de cancer de cuello uterino",numero de mujeres con muestras de pap tomadas,2015-03-01,0,1,7,1,1,10
CATACORA,"anticoncepcion, prevencion de its y de cancer de cuello uterino",numero de mujeres con muestras de pap tomadas,2015-03-01,0,1,1,0,0,2
CHALLAPATA,"anticoncepcion, prevencion de its y de cancer de cuello uterino",numero de mujeres con muestras de pap tomadas,2015-03-01,0,2,46,21,5,74
CHAQUI,"anticoncepcion, prevencion de its y de cancer de cuello uterino",numero de mujeres con muestras de pap tomadas,2015-03-01,0,2,10,13,5,30
CHARAGUA,"anticoncepcion, prevencion de its y de cancer de cuello uterino",numero de mujeres con muestras de pap tomadas,2015-03-01,1,10,36,6,7,60
CHAYANTA,"anticoncepcion, prevencion de its y de cancer de cuello uterino",numero de mujeres con muestras de pap tomadas,2015-03-01,0,2,4,0,2,8
CHIMORE,"anticoncepcion, prevencion de its y de cancer de cuello uterino",numero de mujeres con muestras de pap tomadas,2015-03-01,0,1,3,0,1,5
CHIPAYA,"anticoncepcion, prevencion de its y de cancer de cuello uterino",numero de mujeres con muestras de pap tomadas,2015-03-01,0,1,4,2,0,7
CHUA COCANI,"anticoncepcion, prevencion de its y de cancer de cuello uterino",numero de mujeres con muestras de pap tomadas,2015-03-01,0,2,8,18,8,36
CHULUMANI (V. DE LA LIBERTAD),"anticoncepcion, prevencion de its y de cancer de cuello uterino",numero de mujeres con muestras de pap tomadas,2015-03-01,0,0,5,8,1,14
CHUMA,"anticoncepcion, prevencion de its y de cancer de cuello uterino",numero de mujeres con muestras de pap tomadas,2015-03-01,0,4,14,19,8,45
CHUQUIHUTA AYLLU JUCUMANI,"anticoncepcion, prevencion de its y de cancer de cuello uterino",numero de mujeres con muestras de pap tomadas,2015-03-01,0,0,1,0,0,1
CKOCHAS,"anticoncepcion, prevencion de its y de cancer de cuello uterino",numero de mujeres con muestras de pap tomadas,2015-03-01,0,4,18,19,2,43
CLIZA,"anticoncepcion, prevencion de its y de cancer de cuello uterino",numero de mujeres con muestras de pap tomadas,2015-03-01,0,1,56,11,4,72
COBIJA,"anticoncepcion, prevencion de its y de cancer de cuello uterino",numero de mujeres con muestras de pap tomadas,2015-03-01,0,18,84,48,9,159
COCAPATA,"anticoncepcion, prevencion de its y de cancer de cuello uterino",numero de mujeres con muestras de pap tomadas,2015-03-01,0,1,8,3,0,12
COCHABAMBA,"anticoncepcion, prevencion de its y de cancer de cuello uterino",numero de mujeres con muestras de pap tomadas,2015-03-01,15,178,1994,1806,583,4576
COLCAPIRHUA,"anticoncepcion, prevencion de its y de cancer de cuello uterino",numero de mujeres con muestras de pap tomadas,2015-03-01,1,7,51,15,21,95
"COLCHA ""K""","anticoncepcion, prevencion de its y de cancer de cuello uterino",numero de mujeres con muestras de pap tomadas,2015-03-01,0,0,4,2,0,6
COLLANA,"anticoncepcion, prevencion de its y de cancer de cuello uterino",numero de mujeres con muestras de pap tomadas,2015-03-01,0,0,6,3,4,13
COLOMI,"anticoncepcion, prevencion de its y de cancer de cuello uterino",numero de mujeres con muestras de pap tomadas,2015-03-01,0,5,23,3,2,33
COLPA BELGICA,"anticoncepcion, prevencion de its y de cancer de cuello uterino",numero de mujeres con muestras de pap tomadas,2015-03-01,0,1,20,4,0,25
COLQUECHACA,"anticoncepcion, prevencion de its y de cancer de cuello uterino",numero de mujeres con muestras de pap tomadas,2015-03-01,0,1,12,10,2,25
COLQUENCHA,"anticoncepcion, prevencion de its y de cancer de cuello uterino",numero de mujeres con muestras de pap tomadas,2015-03-01,0,0,5,6,10,21
COLQUIRI,"anticoncepcion, prevencion de its y de cancer de cuello uterino",numero de mujeres con muestras de pap tomadas,2015-03-01,0,0,2,0,0,2
COMANCHE,"anticoncepcion, prevencion de its y de cancer de cuello uterino",numero de mujeres con muestras de pap tomadas,2015-03-01,0,0,2,3,1,6
COMARAPA,"anticoncepcion, prevencion de its y de cancer de cuello uterino",numero de mujeres con muestras de pap tomadas,2015-03-01,1,3,31,9,7,51
COMBAYA,"anticoncepcion, prevencion de its y de cancer de cuello uterino",numero de mujeres con muestras de pap tomadas,2015-03-01,0,0,0,4,1,5
CONCEPCION,"anticoncepcion, prevencion de its y de cancer de cuello uterino",numero de mujeres con muestras de pap tomadas,2015-03-01,0,6,29,17,9,61
COPACABANA,"anticoncepcion, prevencion de its y de cancer de cuello uterino",numero de mujeres con muestras de pap tomadas,2015-03-01,0,0,6,2,0,8
CORIPATA,"anticoncepcion, prevencion de its y de cancer de cuello uterino",numero de mujeres con muestras de pap tomadas,2015-03-01,0,0,5,3,1,9
CORO CORO,"anticoncepcion, prevencion de its y de cancer de cuello uterino",numero de mujeres con muestras de pap tomadas,2015-03-01,0,1,15,12,4,32
COROICO,"anticoncepcion, prevencion de its y de cancer de cuello uterino",numero de mujeres con muestras de pap tomadas,2015-03-01,0,8,7,29,6,50
CORQUE,"anticoncepcion, prevencion de its y de cancer de cuello uterino",numero de mujeres con muestras de pap tomadas,2015-03-01,0,0,6,5,2,13
COTAGAITA,"anticoncepcion, prevencion de its y de cancer de cuello uterino",numero de mujeres con muestras de pap tomadas,2015-03-01,0,4,13,15,6,38
COTOCA,"anticoncepcion, prevencion de its y de cancer de cuello uterino",numero de mujeres con muestras de pap tomadas,2015-03-01,0,28,143,70,15,256
CUATRO CAÑADAS,"anticoncepcion, prevencion de its y de cancer de cuello uterino",numero de mujeres con muestras de pap tomadas,2015-03-01,0,6,59,28,14,107
CUEVO,"anticoncepcion, prevencion de its y de cancer de cuello uterino",numero de mujeres con muestras de pap tomadas,2015-03-01,0,4,1,2,0,7
CULPINA,"anticoncepcion, prevencion de its y de cancer de cuello uterino",numero de mujeres con muestras de pap tomadas,2015-03-01,1,9,57,48,8,123
CURAHUARA DE CARANGAS,"anticoncepcion, prevencion de its y de cancer de cuello uterino",numero de mujeres con muestras de pap tomadas,2015-03-01,0,1,3,1,5,10
CURVA,"anticoncepcion, prevencion de its y de cancer de cuello uterino",numero de mujeres con muestras de pap tomadas,2015-03-01,0,0,1,0,0,1
DESAGUADERO,"anticoncepcion, prevencion de its y de cancer de cuello uterino",numero de mujeres con muestras de pap tomadas,2015-03-01,0,0,0,1,0,1
EL ALTO,"anticoncepcion, prevencion de its y de cancer de cuello uterino",numero de mujeres con muestras de pap tomadas,2015-03-01,13,181,1692,1022,312,3220
EL CHORO,"anticoncepcion, prevencion de its y de cancer de cuello uterino",numero de mujeres con muestras de pap tomadas,2015-03-01,0,0,7,0,0,7
EL PUENTE(STC),"anticoncepcion, prevencion de its y de cancer de cuello uterino",numero de mujeres con muestras de pap tomadas,2015-03-01,0,8,9,2,1,20
EL PUENTE(TJA),"anticoncepcion, prevencion de its y de cancer de cuello uterino",numero de mujeres con muestras de pap tomadas,2015-03-01,0,3,1,9,2,15
EL TORNO,"anticoncepcion, prevencion de its y de cancer de cuello uterino",numero de mujeres con muestras de pap tomadas,2015-03-01,6,71,137,84,27,325
EL VILLAR,"anticoncepcion, prevencion de its y de cancer de cuello uterino",numero de mujeres con muestras de pap tomadas,2015-03-01,0,0,6,7,0,13
ENTRE RIOS TRJ,"anticoncepcion, prevencion de its y de cancer de cuello uterino",numero de mujeres con muestras de pap tomadas,2015-03-01,0,4,34,29,6,73
ENTRE RIOS CBBA,"anticoncepcion, prevencion de its y de cancer de cuello uterino",numero de mujeres con muestras de pap tomadas,2015-03-01,1,2,12,3,0,18
ESCARA,"anticoncepcion, prevencion de its y de cancer de cuello uterino",numero de mujeres con muestras de pap tomadas,2015-03-01,0,0,0,6,0,6
ESCOMA,"anticoncepcion, prevencion de its y de cancer de cuello uterino",numero de mujeres con muestras de pap tomadas,2015-03-01,0,5,5,2,1,13
EUCALIPTUS,"anticoncepcion, prevencion de its y de cancer de cuello uterino",numero de mujeres con muestras de pap tomadas,2015-03-01,0,0,4,2,0,6
FERNANDEZ ALONSO,"anticoncepcion, prevencion de its y de cancer de cuello uterino",numero de mujeres con muestras de pap tomadas,2015-03-01,0,2,17,14,0,33
FILADELFIA,"anticoncepcion, prevencion de its y de cancer de cuello uterino",numero de mujeres con muestras de pap tomadas,2015-03-01,0,0,1,0,0,1
GENERAL SAAVEDRA,"anticoncepcion, prevencion de its y de cancer de cuello uterino",numero de mujeres con muestras de pap tomadas,2015-03-01,2,0,26,23,9,60
GRAL. J.J. PEREZ (CHARAZANI),"anticoncepcion, prevencion de its y de cancer de cuello uterino",numero de mujeres con muestras de pap tomadas,2015-03-01,0,1,14,5,0,20
GUANAY,"anticoncepcion, prevencion de its y de cancer de cuello uterino",numero de mujeres con muestras de pap tomadas,2015-03-01,1,10,53,16,3,83
GUAQUI,"anticoncepcion, prevencion de its y de cancer de cuello uterino",numero de mujeres con muestras de pap tomadas,2015-03-01,0,2,8,7,0,17
GUAYARAMERIN,"anticoncepcion, prevencion de its y de cancer de cuello uterino",numero de mujeres con muestras de pap tomadas,2015-03-01,3,29,93,69,7,201
GUTIERREZ,"anticoncepcion, prevencion de its y de cancer de cuello uterino",numero de mujeres con muestras de pap tomadas,2015-03-01,0,2,8,7,0,17
HUACARETA,"anticoncepcion, prevencion de its y de cancer de cuello uterino",numero de mujeres con muestras de pap tomadas,2015-03-01,0,7,25,36,4,72
HUACAYA (VILLA DE HUACAYA),"anticoncepcion, prevencion de its y de cancer de cuello uterino",numero de mujeres con muestras de pap tomadas,2015-03-01,0,0,1,0,0,1
HUACHACALLA,"anticoncepcion, prevencion de its y de cancer de cuello uterino",numero de mujeres con muestras de pap tomadas,2015-03-01,0,0,2,2,0,4
HUANUNI,"anticoncepcion, prevencion de its y de cancer de cuello uterino",numero de mujeres con muestras de pap tomadas,2015-03-01,0,1,46,20,5,72
HUATAJATA,"anticoncepcion, prevencion de its y de cancer de cuello uterino",numero de mujeres con muestras de pap tomadas,2015-03-01,0,1,3,2,0,6
HUAYLLAMARCA,"anticoncepcion, prevencion de its y de cancer de cuello uterino",numero de mujeres con muestras de pap tomadas,2015-03-01,0,0,1,0,2,3
HUMANATA,"anticoncepcion, prevencion de its y de cancer de cuello uterino",numero de mujeres con muestras de pap tomadas,2015-03-01,0,1,1,2,1,5
ICLA,"anticoncepcion, prevencion de its y de cancer de cuello uterino",numero de mujeres con muestras de pap tomadas,2015-03-01,0,2,22,31,11,66
INCAHUASI,"anticoncepcion, prevencion de its y de cancer de cuello uterino",numero de mujeres con muestras de pap tomadas,2015-03-01,0,7,19,20,5,51
INGAVI (HUMAITA),"anticoncepcion, prevencion de its y de cancer de cuello uterino",numero de mujeres con muestras de pap tomadas,2015-03-01,0,1,0,0,0,1
INQUISIVI,"anticoncepcion, prevencion de its y de cancer de cuello uterino",numero de mujeres con muestras de pap tomadas,2015-03-01,0,2,4,2,2,10
IRUPANA (VILLA DE LANZA),"anticoncepcion, prevencion de its y de cancer de cuello uterino",numero de mujeres con muestras de pap tomadas,2015-03-01,0,0,8,2,1,11
JESUS DE MACHACA,"anticoncepcion, prevencion de its y de cancer de cuello uterino",numero de mujeres con muestras de pap tomadas,2015-03-01,0,2,7,3,5,17
LA ASUNTA,"anticoncepcion, prevencion de its y de cancer de cuello uterino",numero de mujeres con muestras de pap tomadas,2015-03-01,0,8,29,5,1,43
LA GUARDIA,"anticoncepcion, prevencion de its y de cancer de cuello uterino",numero de mujeres con muestras de pap tomadas,2015-03-01,2,31,186,58,26,303
LA PAZ,"anticoncepcion, prevencion de its y de cancer de cuello uterino",numero de mujeres con muestras de pap tomadas,2015-03-01,0,134,2260,1354,660,4408
LAGUNILLAS,"anticoncepcion, prevencion de its y de cancer de cuello uterino",numero de mujeres con muestras de pap tomadas,2015-03-01,1,3,15,9,7,35
LAJA,"anticoncepcion, prevencion de its y de cancer de cuello uterino",numero de mujeres con muestras de pap tomadas,2015-03-01,0,1,18,16,2,37
LAS CARRERAS,"anticoncepcion, prevencion de its y de cancer de cuello uterino",numero de mujeres con muestras de pap tomadas,2015-03-01,0,4,17,8,1,30
LICOMA PAMPA,"anticoncepcion, prevencion de its y de cancer de cuello uterino",numero de mujeres con muestras de pap tomadas,2015-03-01,0,0,7,2,2,11
LLALLAGUA,"anticoncepcion, prevencion de its y de cancer de cuello uterino",numero de mujeres con muestras de pap tomadas,2015-03-01,0,1,7,3,4,15
LURIBAY,"anticoncepcion, prevencion de its y de cancer de cuello uterino",numero de mujeres con muestras de pap tomadas,2015-03-01,0,1,1,0,0,2
MACHACAMARCA,"anticoncepcion, prevencion de its y de cancer de cuello uterino",numero de mujeres con muestras de pap tomadas,2015-03-01,0,1,1,0,0,2
MACHARETI,"anticoncepcion, prevencion de its y de cancer de cuello uterino",numero de mujeres con muestras de pap tomadas,2015-03-01,1,5,23,10,3,42
MAGDALENA,"anticoncepcion, prevencion de its y de cancer de cuello uterino",numero de mujeres con muestras de pap tomadas,2015-03-01,1,8,15,8,4,36
MAIRANA,"anticoncepcion, prevencion de its y de cancer de cuello uterino",numero de mujeres con muestras de pap tomadas,2015-03-01,0,1,10,3,0,14
MALLA,"anticoncepcion, prevencion de its y de cancer de cuello uterino",numero de mujeres con muestras de pap tomadas,2015-03-01,0,0,9,14,2,25
MAPIRI,"anticoncepcion, prevencion de its y de cancer de cuello uterino",numero de mujeres con muestras de pap tomadas,2015-03-01,0,2,2,3,0,7
MECAPACA,"anticoncepcion, prevencion de its y de cancer de cuello uterino",numero de mujeres con muestras de pap tomadas,2015-03-01,0,1,11,9,0,21
MINEROS,"anticoncepcion, prevencion de its y de cancer de cuello uterino",numero de mujeres con muestras de pap tomadas,2015-03-01,0,1,15,5,2,23
MIZQUE,"anticoncepcion, prevencion de its y de cancer de cuello uterino",numero de mujeres con muestras de pap tomadas,2015-03-01,1,23,84,48,15,171
MOCOMOCO,"anticoncepcion, prevencion de its y de cancer de cuello uterino",numero de mujeres con muestras de pap tomadas,2015-03-01,1,6,15,9,4,35
MOJINETE,"anticoncepcion, prevencion de its y de cancer de cuello uterino",numero de mujeres con muestras de pap tomadas,2015-03-01,0,0,2,1,0,3
MOJOCOYA,"anticoncepcion, prevencion de its y de cancer de cuello uterino",numero de mujeres con muestras de pap tomadas,2015-03-01,2,9,34,37,13,95
MONTEAGUDO,"anticoncepcion, prevencion de its y de cancer de cuello uterino",numero de mujeres con muestras de pap tomadas,2015-03-01,2,22,49,63,24,160
MONTERO,"anticoncepcion, prevencion de its y de cancer de cuello uterino",numero de mujeres con muestras de pap tomadas,2015-03-01,1,11,157,65,23,257
MORO MORO,"anticoncepcion, prevencion de its y de cancer de cuello uterino",numero de mujeres con muestras de pap tomadas,2015-03-01,0,3,8,2,1,14
MOROCHATA,"anticoncepcion, prevencion de its y de cancer de cuello uterino",numero de mujeres con muestras de pap tomadas,2015-03-01,0,0,3,3,1,7
NUEVO MANOA (NUEVA ESPERANZA),"anticoncepcion, prevencion de its y de cancer de cuello uterino",numero de mujeres con muestras de pap tomadas,2015-03-01,0,1,6,4,0,11
OCURI,"anticoncepcion, prevencion de its y de cancer de cuello uterino",numero de mujeres con muestras de pap tomadas,2015-03-01,0,0,4,6,0,10
OKINAWA,"anticoncepcion, prevencion de its y de cancer de cuello uterino",numero de mujeres con muestras de pap tomadas,2015-03-01,0,0,4,2,1,7
OMEREQUE,"anticoncepcion, prevencion de its y de cancer de cuello uterino",numero de mujeres con muestras de pap tomadas,2015-03-01,0,3,14,3,1,21
ORURO,"anticoncepcion, prevencion de its y de cancer de cuello uterino",numero de mujeres con muestras de pap tomadas,2015-03-01,3,104,847,539,130,1623
PADCAYA,"anticoncepcion, prevencion de its y de cancer de cuello uterino",numero de mujeres con muestras de pap tomadas,2015-03-01,0,0,15,12,0,27
PADILLA,"anticoncepcion, prevencion de its y de cancer de cuello uterino",numero de mujeres con muestras de pap tomadas,2015-03-01,0,5,46,43,9,103
PAILON,"anticoncepcion, prevencion de its y de cancer de cuello uterino",numero de mujeres con muestras de pap tomadas,2015-03-01,0,10,21,8,2,41
PALCA,"anticoncepcion, prevencion de its y de cancer de cuello uterino",numero de mujeres con muestras de pap tomadas,2015-03-01,0,2,36,26,14,78
PALOS BLANCOS,"anticoncepcion, prevencion de its y de cancer de cuello uterino",numero de mujeres con muestras de pap tomadas,2015-03-01,2,7,45,31,3,88
PAMPA AULLAGAS,"anticoncepcion, prevencion de its y de cancer de cuello uterino",numero de mujeres con muestras de pap tomadas,2015-03-01,1,0,0,0,0,1
PAMPA GRANDE,"anticoncepcion, prevencion de its y de cancer de cuello uterino",numero de mujeres con muestras de pap tomadas,2015-03-01,1,0,7,4,1,13
PAPEL PAMPA,"anticoncepcion, prevencion de its y de cancer de cuello uterino",numero de mujeres con muestras de pap tomadas,2015-03-01,1,0,5,1,0,7
PASORAPA,"anticoncepcion, prevencion de its y de cancer de cuello uterino",numero de mujeres con muestras de pap tomadas,2015-03-01,0,1,2,3,1,7
PATACAMAYA,"anticoncepcion, prevencion de its y de cancer de cuello uterino",numero de mujeres con muestras de pap tomadas,2015-03-01,1,0,8,7,0,16
PAZÑA,"anticoncepcion, prevencion de its y de cancer de cuello uterino",numero de mujeres con muestras de pap tomadas,2015-03-01,0,0,6,6,3,15
PELECHUCO,"anticoncepcion, prevencion de its y de cancer de cuello uterino",numero de mujeres con muestras de pap tomadas,2015-03-01,0,0,6,2,1,9
POCOATA,"anticoncepcion, prevencion de its y de cancer de cuello uterino",numero de mujeres con muestras de pap tomadas,2015-03-01,0,5,13,10,11,39
POCONA,"anticoncepcion, prevencion de its y de cancer de cuello uterino",numero de mujeres con muestras de pap tomadas,2015-03-01,1,4,5,3,2,15
POJO (CBBA),"anticoncepcion, prevencion de its y de cancer de cuello uterino",numero de mujeres con muestras de pap tomadas,2015-03-01,0,0,0,4,2,6
POOPO,"anticoncepcion, prevencion de its y de cancer de cuello uterino",numero de mujeres con muestras de pap tomadas,2015-03-01,0,0,6,1,0,7
PORCO,"anticoncepcion, prevencion de its y de cancer de cuello uterino",numero de mujeres con muestras de pap tomadas,2015-03-01,0,0,4,0,0,4
POROMA,"anticoncepcion, prevencion de its y de cancer de cuello uterino",numero de mujeres con muestras de pap tomadas,2015-03-01,0,4,46,29,10,89
PORONGO,"anticoncepcion, prevencion de its y de cancer de cuello uterino",numero de mujeres con muestras de pap tomadas,2015-03-01,0,1,6,4,1,12
PORTACHUELO,"anticoncepcion, prevencion de its y de cancer de cuello uterino",numero de mujeres con muestras de pap tomadas,2015-03-01,0,2,15,6,4,27
PORVENIR,"anticoncepcion, prevencion de its y de cancer de cuello uterino",numero de mujeres con muestras de pap tomadas,2015-03-01,0,0,0,1,1,2
POSTRER VALLE,"anticoncepcion, prevencion de its y de cancer de cuello uterino",numero de mujeres con muestras de pap tomadas,2015-03-01,0,0,4,4,0,8
POTOSI,"anticoncepcion, prevencion de its y de cancer de cuello uterino",numero de mujeres con muestras de pap tomadas,2015-03-01,0,16,319,359,72,766
PRESTO,"anticoncepcion, prevencion de its y de cancer de cuello uterino",numero de mujeres con muestras de pap tomadas,2015-03-01,2,18,78,46,13,157
PUCARA,"anticoncepcion, prevencion de its y de cancer de cuello uterino",numero de mujeres con muestras de pap tomadas,2015-03-01,0,0,2,1,0,3
PUCARANI,"anticoncepcion, prevencion de its y de cancer de cuello uterino",numero de mujeres con muestras de pap tomadas,2015-03-01,0,12,31,10,1,54
PUERTO ACOSTA,"anticoncepcion, prevencion de its y de cancer de cuello uterino",numero de mujeres con muestras de pap tomadas,2015-03-01,0,3,10,3,0,16
PUERTO CARABUCO,"anticoncepcion, prevencion de its y de cancer de cuello uterino",numero de mujeres con muestras de pap tomadas,2015-03-01,0,3,21,18,2,44
PUERTO GONZALO MORENO,"anticoncepcion, prevencion de its y de cancer de cuello uterino",numero de mujeres con muestras de pap tomadas,2015-03-01,0,5,15,5,1,26
PUERTO PEREZ,"anticoncepcion, prevencion de its y de cancer de cuello uterino",numero de mujeres con muestras de pap tomadas,2015-03-01,0,1,2,3,2,8
PUERTO QUIJARRO,"anticoncepcion, prevencion de its y de cancer de cuello uterino",numero de mujeres con muestras de pap tomadas,2015-03-01,0,23,74,12,1,110
PUERTO RICO,"anticoncepcion, prevencion de its y de cancer de cuello uterino",numero de mujeres con muestras de pap tomadas,2015-03-01,1,2,1,0,0,4
PUERTO SUAREZ,"anticoncepcion, prevencion de its y de cancer de cuello uterino",numero de mujeres con muestras de pap tomadas,2015-03-01,0,0,4,6,1,11
PUERTO VILLARROEL,"anticoncepcion, prevencion de its y de cancer de cuello uterino",numero de mujeres con muestras de pap tomadas,2015-03-01,0,16,31,29,9,85
PUNA,"anticoncepcion, prevencion de its y de cancer de cuello uterino",numero de mujeres con muestras de pap tomadas,2015-03-01,0,3,78,23,12,116
PUNATA,"anticoncepcion, prevencion de its y de cancer de cuello uterino",numero de mujeres con muestras de pap tomadas,2015-03-01,1,14,124,90,76,305
QUIABAYA,"anticoncepcion, prevencion de its y de cancer de cuello uterino",numero de mujeres con muestras de pap tomadas,2015-03-01,0,3,1,0,2,6
QUILLACOLLO,"anticoncepcion, prevencion de its y de cancer de cuello uterino",numero de mujeres con muestras de pap tomadas,2015-03-01,0,41,206,82,57,386
QUIME,"anticoncepcion, prevencion de its y de cancer de cuello uterino",numero de mujeres con muestras de pap tomadas,2015-03-01,1,9,11,11,3,35
QUIRUSILLAS,"anticoncepcion, prevencion de its y de cancer de cuello uterino",numero de mujeres con muestras de pap tomadas,2015-03-01,0,1,6,3,3,13
RAVELO,"anticoncepcion, prevencion de its y de cancer de cuello uterino",numero de mujeres con muestras de pap tomadas,2015-03-01,0,5,48,30,19,102
REYES,"anticoncepcion, prevencion de its y de cancer de cuello uterino",numero de mujeres con muestras de pap tomadas,2015-03-01,0,1,1,0,0,2
RIBERALTA,"anticoncepcion, prevencion de its y de cancer de cuello uterino",numero de mujeres con muestras de pap tomadas,2015-03-01,9,132,415,162,44,762
ROBORE,"anticoncepcion, prevencion de its y de cancer de cuello uterino",numero de mujeres con muestras de pap tomadas,2015-03-01,0,2,9,4,0,15
SABAYA,"anticoncepcion, prevencion de its y de cancer de cuello uterino",numero de mujeres con muestras de pap tomadas,2015-03-01,0,4,11,11,10,36
SACABA,"anticoncepcion, prevencion de its y de cancer de cuello uterino",numero de mujeres con muestras de pap tomadas,2015-03-01,0,47,254,113,44,458
SACABAMBA,"anticoncepcion, prevencion de its y de cancer de cuello uterino",numero de mujeres con muestras de pap tomadas,2015-03-01,1,1,1,1,2,6
SACACA,"anticoncepcion, prevencion de its y de cancer de cuello uterino",numero de mujeres con muestras de pap tomadas,2015-03-01,0,0,5,8,1,14
SAIPINA,"anticoncepcion, prevencion de its y de cancer de cuello uterino",numero de mujeres con muestras de pap tomadas,2015-03-01,0,0,16,18,7,41
SAMAIPATA,"anticoncepcion, prevencion de its y de cancer de cuello uterino",numero de mujeres con muestras de pap tomadas,2015-03-01,0,1,9,9,1,20
SAN ANDRES,"anticoncepcion, prevencion de its y de cancer de cuello uterino",numero de mujeres con muestras de pap tomadas,2015-03-01,0,2,18,11,7,38
SAN ANDRES DE MACHACA,"anticoncepcion, prevencion de its y de cancer de cuello uterino",numero de mujeres con muestras de pap tomadas,2015-03-01,0,2,16,22,7,47
SAN ANTONIO DE ESMORUCO,"anticoncepcion, prevencion de its y de cancer de cuello uterino",numero de mujeres con muestras de pap tomadas,2015-03-01,0,0,7,3,0,10
SAN ANTONIO DE LOMERIO,"anticoncepcion, prevencion de its y de cancer de cuello uterino",numero de mujeres con muestras de pap tomadas,2015-03-01,0,0,6,4,0,10
SAN BENITO,"anticoncepcion, prevencion de its y de cancer de cuello uterino",numero de mujeres con muestras de pap tomadas,2015-03-01,0,4,19,6,0,29
SAN BORJA,"anticoncepcion, prevencion de its y de cancer de cuello uterino",numero de mujeres con muestras de pap tomadas,2015-03-01,0,1,4,8,2,15
SAN BUENA VENTURA,"anticoncepcion, prevencion de its y de cancer de cuello uterino",numero de mujeres con muestras de pap tomadas,2015-03-01,0,3,14,13,0,30
SAN CARLOS,"anticoncepcion, prevencion de its y de cancer de cuello uterino",numero de mujeres con muestras de pap tomadas,2015-03-01,0,14,51,11,3,79
SAN IGNACIO,"anticoncepcion, prevencion de its y de cancer de cuello uterino",numero de mujeres con muestras de pap tomadas,2015-03-01,0,1,31,15,2,49
SAN IGNACIO DE VELASCO,"anticoncepcion, prevencion de its y de cancer de cuello uterino",numero de mujeres con muestras de pap tomadas,2015-03-01,0,10,41,15,0,66
SAN JAVIER(STC),"anticoncepcion, prevencion de its y de cancer de cuello uterino",numero de mujeres con muestras de pap tomadas,2015-03-01,1,4,8,5,1,19
SAN JOSE DE CHIQUITOS,"anticoncepcion, prevencion de its y de cancer de cuello uterino",numero de mujeres con muestras de pap tomadas,2015-03-01,0,3,8,4,2,17
SAN JUAN DE YAPACANI,"anticoncepcion, prevencion de its y de cancer de cuello uterino",numero de mujeres con muestras de pap tomadas,2015-03-01,0,0,2,2,0,4
SAN JULIAN,"anticoncepcion, prevencion de its y de cancer de cuello uterino",numero de mujeres con muestras de pap tomadas,2015-03-01,0,14,87,46,10,157
SAN LORENZO(TJA),"anticoncepcion, prevencion de its y de cancer de cuello uterino",numero de mujeres con muestras de pap tomadas,2015-03-01,0,0,11,8,3,22
SAN LUCAS,"anticoncepcion, prevencion de its y de cancer de cuello uterino",numero de mujeres con muestras de pap tomadas,2015-03-01,0,10,76,76,25,187
SAN MATIAS,"anticoncepcion, prevencion de its y de cancer de cuello uterino",numero de mujeres con muestras de pap tomadas,2015-03-01,0,0,3,0,0,3
SAN MIGUEL DE VELASCO,"anticoncepcion, prevencion de its y de cancer de cuello uterino",numero de mujeres con muestras de pap tomadas,2015-03-01,0,10,43,43,9,105
SAN PABLO DE LIPEZ,"anticoncepcion, prevencion de its y de cancer de cuello uterino",numero de mujeres con muestras de pap tomadas,2015-03-01,0,0,1,0,0,1
SAN PEDRO,"anticoncepcion, prevencion de its y de cancer de cuello uterino",numero de mujeres con muestras de pap tomadas,2015-03-01,1,5,30,20,6,62
SAN PEDRO DE BUENA VISTA,"anticoncepcion, prevencion de its y de cancer de cuello uterino",numero de mujeres con muestras de pap tomadas,2015-03-01,0,0,8,18,1,27
SAN PEDRO DE CURAHUARA,"anticoncepcion, prevencion de its y de cancer de cuello uterino",numero de mujeres con muestras de pap tomadas,2015-03-01,0,0,0,1,0,1
SAN PEDRO DE TIQUINA,"anticoncepcion, prevencion de its y de cancer de cuello uterino",numero de mujeres con muestras de pap tomadas,2015-03-01,0,2,6,0,0,8
SAN PEDRO(PND),"anticoncepcion, prevencion de its y de cancer de cuello uterino",numero de mujeres con muestras de pap tomadas,2015-03-01,0,1,5,2,2,10
SAN RAFAEL,"anticoncepcion, prevencion de its y de cancer de cuello uterino",numero de mujeres con muestras de pap tomadas,2015-03-01,0,5,11,1,0,17
SAN RAMON BENI,"anticoncepcion, prevencion de its y de cancer de cuello uterino",numero de mujeres con muestras de pap tomadas,2015-03-01,0,1,5,0,0,6
SAN RAMON SCZ,"anticoncepcion, prevencion de its y de cancer de cuello uterino",numero de mujeres con muestras de pap tomadas,2015-03-01,0,1,12,3,0,16
SANTA ANA,"anticoncepcion, prevencion de its y de cancer de cuello uterino",numero de mujeres con muestras de pap tomadas,2015-03-01,0,0,0,6,0,6
SANTA CRUZ DE LA SIERRA,"anticoncepcion, prevencion de its y de cancer de cuello uterino",numero de mujeres con muestras de pap tomadas,2015-03-01,7,473,2563,1012,375,4430
SANTA ROSA DEL SARA,"anticoncepcion, prevencion de its y de cancer de cuello uterino",numero de mujeres con muestras de pap tomadas,2015-03-01,0,5,27,17,0,49
SANTIAGO DE HUARI,"anticoncepcion, prevencion de its y de cancer de cuello uterino",numero de mujeres con muestras de pap tomadas,2015-03-01,0,1,9,3,1,14
SANTIAGO DE HUATA,"anticoncepcion, prevencion de its y de cancer de cuello uterino",numero de mujeres con muestras de pap tomadas,2015-03-01,0,1,2,5,2,10
SANTIAGO DE MACHACA,"anticoncepcion, prevencion de its y de cancer de cuello uterino",numero de mujeres con muestras de pap tomadas,2015-03-01,0,0,0,0,1,1
SANTIVAÑES,"anticoncepcion, prevencion de its y de cancer de cuello uterino",numero de mujeres con muestras de pap tomadas,2015-03-01,0,0,8,2,1,11
SAPAHAQUI,"anticoncepcion, prevencion de its y de cancer de cuello uterino",numero de mujeres con muestras de pap tomadas,2015-03-01,0,0,18,11,7,36
SENA,"anticoncepcion, prevencion de its y de cancer de cuello uterino",numero de mujeres con muestras de pap tomadas,2015-03-01,0,1,7,0,2,10
SHINAOTA,"anticoncepcion, prevencion de its y de cancer de cuello uterino",numero de mujeres con muestras de pap tomadas,2015-03-01,0,11,32,14,0,57
SICA SICA (VILLA AROMA),"anticoncepcion, prevencion de its y de cancer de cuello uterino",numero de mujeres con muestras de pap tomadas,2015-03-01,0,2,10,5,4,21
SICAYA,"anticoncepcion, prevencion de its y de cancer de cuello uterino",numero de mujeres con muestras de pap tomadas,2015-03-01,0,0,2,1,1,4
SIPE SIPE,"anticoncepcion, prevencion de its y de cancer de cuello uterino",numero de mujeres con muestras de pap tomadas,2015-03-01,0,4,26,5,1,36
SOPACHUY,"anticoncepcion, prevencion de its y de cancer de cuello uterino",numero de mujeres con muestras de pap tomadas,2015-03-01,0,2,4,4,3,13
SORACACHI,"anticoncepcion, prevencion de its y de cancer de cuello uterino",numero de mujeres con muestras de pap tomadas,2015-03-01,0,1,3,0,1,5
SORATA,"anticoncepcion, prevencion de its y de cancer de cuello uterino",numero de mujeres con muestras de pap tomadas,2015-03-01,0,0,3,9,0,12
SUCRE,"anticoncepcion, prevencion de its y de cancer de cuello uterino",numero de mujeres con muestras de pap tomadas,2015-03-01,16,268,2141,773,179,3377
TACACHI,"anticoncepcion, prevencion de its y de cancer de cuello uterino",numero de mujeres con muestras de pap tomadas,2015-03-01,0,0,1,0,0,1
TACACOMA,"anticoncepcion, prevencion de its y de cancer de cuello uterino",numero de mujeres con muestras de pap tomadas,2015-03-01,0,0,1,0,0,1
TACOBAMBA,"anticoncepcion, prevencion de its y de cancer de cuello uterino",numero de mujeres con muestras de pap tomadas,2015-03-01,0,0,2,1,6,9
TACOPAYA,"anticoncepcion, prevencion de its y de cancer de cuello uterino",numero de mujeres con muestras de pap tomadas,2015-03-01,0,2,9,4,2,17
TAPACARI,"anticoncepcion, prevencion de its y de cancer de cuello uterino",numero de mujeres con muestras de pap tomadas,2015-03-01,1,3,17,6,1,28
TARABUCO,"anticoncepcion, prevencion de its y de cancer de cuello uterino",numero de mujeres con muestras de pap tomadas,2015-03-01,0,7,45,41,1,94
TARACO,"anticoncepcion, prevencion de its y de cancer de cuello uterino",numero de mujeres con muestras de pap tomadas,2015-03-01,0,1,9,7,4,21
TARATA,"anticoncepcion, prevencion de its y de cancer de cuello uterino",numero de mujeres con muestras de pap tomadas,2015-03-01,0,0,12,8,1,21
TARIJA,"anticoncepcion, prevencion de its y de cancer de cuello uterino",numero de mujeres con muestras de pap tomadas,2015-03-01,2,25,454,398,140,1019
TARVITA,"anticoncepcion, prevencion de its y de cancer de cuello uterino",numero de mujeres con muestras de pap tomadas,2015-03-01,0,11,38,68,7,124
TEOPONTE,"anticoncepcion, prevencion de its y de cancer de cuello uterino",numero de mujeres con muestras de pap tomadas,2015-03-01,0,4,15,3,3,25
TIAWANACU,"anticoncepcion, prevencion de its y de cancer de cuello uterino",numero de mujeres con muestras de pap tomadas,2015-03-01,0,2,6,5,2,15
TINGUIPAYA,"anticoncepcion, prevencion de its y de cancer de cuello uterino",numero de mujeres con muestras de pap tomadas,2015-03-01,0,3,20,21,5,49
TIPUANI,"anticoncepcion, prevencion de its y de cancer de cuello uterino",numero de mujeres con muestras de pap tomadas,2015-03-01,0,2,33,20,3,58
TIQUIPAYA,"anticoncepcion, prevencion de its y de cancer de cuello uterino",numero de mujeres con muestras de pap tomadas,2015-03-01,0,31,37,11,1,80
TIRAQUE (CBBA),"anticoncepcion, prevencion de its y de cancer de cuello uterino",numero de mujeres con muestras de pap tomadas,2015-03-01,0,10,23,10,2,45
TOCO,"anticoncepcion, prevencion de its y de cancer de cuello uterino",numero de mujeres con muestras de pap tomadas,2015-03-01,0,3,4,12,3,22
TOLATA,"anticoncepcion, prevencion de its y de cancer de cuello uterino",numero de mujeres con muestras de pap tomadas,2015-03-01,0,0,12,8,2,22
TOLEDO,"anticoncepcion, prevencion de its y de cancer de cuello uterino",numero de mujeres con muestras de pap tomadas,2015-03-01,0,0,2,3,1,6
TOMAVE,"anticoncepcion, prevencion de its y de cancer de cuello uterino",numero de mujeres con muestras de pap tomadas,2015-03-01,0,0,17,14,9,40
TOMINA,"anticoncepcion, prevencion de its y de cancer de cuello uterino",numero de mujeres con muestras de pap tomadas,2015-03-01,3,9,74,66,22,174
TORO TORO,"anticoncepcion, prevencion de its y de cancer de cuello uterino",numero de mujeres con muestras de pap tomadas,2015-03-01,0,1,7,3,0,11
TOTORA(CBBA),"anticoncepcion, prevencion de its y de cancer de cuello uterino",numero de mujeres con muestras de pap tomadas,2015-03-01,4,9,21,5,1,40
TOTORA(ORR),"anticoncepcion, prevencion de its y de cancer de cuello uterino",numero de mujeres con muestras de pap tomadas,2015-03-01,0,2,23,9,15,49
TRIGAL,"anticoncepcion, prevencion de its y de cancer de cuello uterino",numero de mujeres con muestras de pap tomadas,2015-03-01,0,0,2,0,0,2
TRINIDAD,"anticoncepcion, prevencion de its y de cancer de cuello uterino",numero de mujeres con muestras de pap tomadas,2015-03-01,13,36,178,127,36,390
TUPIZA,"anticoncepcion, prevencion de its y de cancer de cuello uterino",numero de mujeres con muestras de pap tomadas,2015-03-01,0,10,107,62,27,206
TURCO,"anticoncepcion, prevencion de its y de cancer de cuello uterino",numero de mujeres con muestras de pap tomadas,2015-03-01,0,1,4,2,3,10
UMALA,"anticoncepcion, prevencion de its y de cancer de cuello uterino",numero de mujeres con muestras de pap tomadas,2015-03-01,0,0,1,0,0,1
UNCIA,"anticoncepcion, prevencion de its y de cancer de cuello uterino",numero de mujeres con muestras de pap tomadas,2015-03-01,0,1,16,14,10,41
URIONDO (A. CONCEPCION),"anticoncepcion, prevencion de its y de cancer de cuello uterino",numero de mujeres con muestras de pap tomadas,2015-03-01,0,0,10,9,7,26
URUBICHA,"anticoncepcion, prevencion de its y de cancer de cuello uterino",numero de mujeres con muestras de pap tomadas,2015-03-01,0,0,7,1,0,8
UYUNI,"anticoncepcion, prevencion de its y de cancer de cuello uterino",numero de mujeres con muestras de pap tomadas,2015-03-01,0,0,8,9,0,17
VACAS,"anticoncepcion, prevencion de its y de cancer de cuello uterino",numero de mujeres con muestras de pap tomadas,2015-03-01,0,1,6,6,5,18
VALLEGRANDE,"anticoncepcion, prevencion de its y de cancer de cuello uterino",numero de mujeres con muestras de pap tomadas,2015-03-01,0,10,37,36,14,97
VIACHA,"anticoncepcion, prevencion de its y de cancer de cuello uterino",numero de mujeres con muestras de pap tomadas,2015-03-01,0,19,105,120,63,307
VILA VILA,"anticoncepcion, prevencion de its y de cancer de cuello uterino",numero de mujeres con muestras de pap tomadas,2015-03-01,0,1,0,0,0,1
VILLA CHARCAS,"anticoncepcion, prevencion de its y de cancer de cuello uterino",numero de mujeres con muestras de pap tomadas,2015-03-01,0,14,99,55,11,179
VILLA MONTES,"anticoncepcion, prevencion de its y de cancer de cuello uterino",numero de mujeres con muestras de pap tomadas,2015-03-01,0,16,111,57,21,205
VILLA NUEVA (LOMA ALTA),"anticoncepcion, prevencion de its y de cancer de cuello uterino",numero de mujeres con muestras de pap tomadas,2015-03-01,0,0,0,1,0,1
VILLA RIVERO,"anticoncepcion, prevencion de its y de cancer de cuello uterino",numero de mujeres con muestras de pap tomadas,2015-03-01,0,5,8,5,0,18
VILLA SERRANO,"anticoncepcion, prevencion de its y de cancer de cuello uterino",numero de mujeres con muestras de pap tomadas,2015-03-01,0,8,51,29,22,110
VILLA TUNARI,"anticoncepcion, prevencion de its y de cancer de cuello uterino",numero de mujeres con muestras de pap tomadas,2015-03-01,0,16,105,29,10,160
VILLA VACA GUZMAN (MUYUPAMPA),"anticoncepcion, prevencion de its y de cancer de cuello uterino",numero de mujeres con muestras de pap tomadas,2015-03-01,0,3,20,15,5,43
VILLAZON,"anticoncepcion, prevencion de its y de cancer de cuello uterino",numero de mujeres con muestras de pap tomadas,2015-03-01,0,8,61,47,2,118
VINTO,"anticoncepcion, prevencion de its y de cancer de cuello uterino",numero de mujeres con muestras de pap tomadas,2015-03-01,0,2,38,27,7,74
VITICHI,"anticoncepcion, prevencion de its y de cancer de cuello uterino",numero de mujeres con muestras de pap tomadas,2015-03-01,1,3,7,10,3,24
WALDO BALLIVIAN,"anticoncepcion, prevencion de its y de cancer de cuello uterino",numero de mujeres con muestras de pap tomadas,2015-03-01,0,2,2,2,0,6
WARNES,"anticoncepcion, prevencion de its y de cancer de cuello uterino",numero de mujeres con muestras de pap tomadas,2015-03-01,0,21,104,46,6,177
YACO,"anticoncepcion, prevencion de its y de cancer de cuello uterino",numero de mujeres con muestras de pap tomadas,2015-03-01,0,4,44,37,7,92
YACUIBA,"anticoncepcion, prevencion de its y de cancer de cuello uterino",numero de mujeres con muestras de pap tomadas,2015-03-01,0,25,151,86,20,282
YAMPARAEZ,"anticoncepcion, prevencion de its y de cancer de cuello uterino",numero de mujeres con muestras de pap tomadas,2015-03-01,0,6,28,29,6,69
YAPACANI,"anticoncepcion, prevencion de its y de cancer de cuello uterino",numero de mujeres con muestras de pap tomadas,2015-03-01,0,16,72,40,4,132
YOCALLA,"anticoncepcion, prevencion de its y de cancer de cuello uterino",numero de mujeres con muestras de pap tomadas,2015-03-01,0,0,2,2,1,5
YOTALA,"anticoncepcion, prevencion de its y de cancer de cuello uterino",numero de mujeres con muestras de pap tomadas,2015-03-01,0,3,9,7,2,21
YUNCHARA,"anticoncepcion, prevencion de its y de cancer de cuello uterino",numero de mujeres con muestras de pap tomadas,2015-03-01,0,0,1,2,0,3
ZUDAÑEZ,"anticoncepcion, prevencion de its y de cancer de cuello uterino",numero de mujeres con muestras de pap tomadas,2015-03-01,0,14,43,28,7,92
ACACIO,"anticoncepcion, prevencion de its y de cancer de cuello uterino",numero de mujeres con muestras de pap tomadas,2015-04-01,0,3,7,2,2,14
ACHACACHI,"anticoncepcion, prevencion de its y de cancer de cuello uterino",numero de mujeres con muestras de pap tomadas,2015-04-01,0,3,19,5,4,31
ACHOCALLA,"anticoncepcion, prevencion de its y de cancer de cuello uterino",numero de mujeres con muestras de pap tomadas,2015-04-01,0,3,21,5,0,29
AIQUILE,"anticoncepcion, prevencion de its y de cancer de cuello uterino",numero de mujeres con muestras de pap tomadas,2015-04-01,0,11,37,32,10,90
ALCALA,"anticoncepcion, prevencion de its y de cancer de cuello uterino",numero de mujeres con muestras de pap tomadas,2015-04-01,0,4,15,11,4,34
ALTO BENI,"anticoncepcion, prevencion de its y de cancer de cuello uterino",numero de mujeres con muestras de pap tomadas,2015-04-01,0,5,26,22,10,63
ANCORAIMES,"anticoncepcion, prevencion de its y de cancer de cuello uterino",numero de mujeres con muestras de pap tomadas,2015-04-01,0,2,12,6,0,20
ANTEQUERA,"anticoncepcion, prevencion de its y de cancer de cuello uterino",numero de mujeres con muestras de pap tomadas,2015-04-01,0,0,0,1,0,1
ANZALDO,"anticoncepcion, prevencion de its y de cancer de cuello uterino",numero de mujeres con muestras de pap tomadas,2015-04-01,0,0,1,1,0,2
APOLO,"anticoncepcion, prevencion de its y de cancer de cuello uterino",numero de mujeres con muestras de pap tomadas,2015-04-01,0,0,5,1,1,7
ARAMPAMPA,"anticoncepcion, prevencion de its y de cancer de cuello uterino",numero de mujeres con muestras de pap tomadas,2015-04-01,0,0,7,5,0,12
ARANI,"anticoncepcion, prevencion de its y de cancer de cuello uterino",numero de mujeres con muestras de pap tomadas,2015-04-01,0,2,8,6,0,16
ARBIETO,"anticoncepcion, prevencion de its y de cancer de cuello uterino",numero de mujeres con muestras de pap tomadas,2015-04-01,0,11,37,13,0,61
ARQUE,"anticoncepcion, prevencion de its y de cancer de cuello uterino",numero de mujeres con muestras de pap tomadas,2015-04-01,0,0,4,3,1,8
ASCENCION DE GUARAYOS,"anticoncepcion, prevencion de its y de cancer de cuello uterino",numero de mujeres con muestras de pap tomadas,2015-04-01,2,18,71,44,10,145
ATOCHA,"anticoncepcion, prevencion de its y de cancer de cuello uterino",numero de mujeres con muestras de pap tomadas,2015-04-01,0,0,57,2,0,59
AUCAPATA,"anticoncepcion, prevencion de its y de cancer de cuello uterino",numero de mujeres con muestras de pap tomadas,2015-04-01,0,0,1,0,0,1
AYATA,"anticoncepcion, prevencion de its y de cancer de cuello uterino",numero de mujeres con muestras de pap tomadas,2015-04-01,0,0,0,1,0,1
AYOPAYA (V. DE INDEPENDENCIA),"anticoncepcion, prevencion de its y de cancer de cuello uterino",numero de mujeres con muestras de pap tomadas,2015-04-01,0,2,5,2,1,10
AZURDUY,"anticoncepcion, prevencion de its y de cancer de cuello uterino",numero de mujeres con muestras de pap tomadas,2015-04-01,0,3,29,22,7,61
BATALLAS,"anticoncepcion, prevencion de its y de cancer de cuello uterino",numero de mujeres con muestras de pap tomadas,2015-04-01,0,1,13,7,3,24
BELEN DE URMIRI,"anticoncepcion, prevencion de its y de cancer de cuello uterino",numero de mujeres con muestras de pap tomadas,2015-04-01,0,0,2,3,2,7
BELLA FLOR,"anticoncepcion, prevencion de its y de cancer de cuello uterino",numero de mujeres con muestras de pap tomadas,2015-04-01,0,1,1,1,0,3
BERMEJO,"anticoncepcion, prevencion de its y de cancer de cuello uterino",numero de mujeres con muestras de pap tomadas,2015-04-01,0,12,74,68,25,179
BETANZOS,"anticoncepcion, prevencion de its y de cancer de cuello uterino",numero de mujeres con muestras de pap tomadas,2015-04-01,3,10,34,24,5,76
BOLIVAR,"anticoncepcion, prevencion de its y de cancer de cuello uterino",numero de mujeres con muestras de pap tomadas,2015-04-01,0,0,2,1,0,3
BOYUIBE,"anticoncepcion, prevencion de its y de cancer de cuello uterino",numero de mujeres con muestras de pap tomadas,2015-04-01,0,0,13,10,7,30
BUENA VISTA,"anticoncepcion, prevencion de its y de cancer de cuello uterino",numero de mujeres con muestras de pap tomadas,2015-04-01,2,5,13,21,2,43
CABEZAS,"anticoncepcion, prevencion de its y de cancer de cuello uterino",numero de mujeres con muestras de pap tomadas,2015-04-01,0,5,41,26,5,77
CAIROMA,"anticoncepcion, prevencion de its y de cancer de cuello uterino",numero de mujeres con muestras de pap tomadas,2015-04-01,0,5,24,11,5,45
"CAIZA ""D""","anticoncepcion, prevencion de its y de cancer de cuello uterino",numero de mujeres con muestras de pap tomadas,2015-04-01,0,7,18,16,5,46
CAJUATA,"anticoncepcion, prevencion de its y de cancer de cuello uterino",numero de mujeres con muestras de pap tomadas,2015-04-01,1,4,13,10,1,29
CALAMARCA,"anticoncepcion, prevencion de its y de cancer de cuello uterino",numero de mujeres con muestras de pap tomadas,2015-04-01,0,10,29,7,2,48
CAMARGO,"anticoncepcion, prevencion de its y de cancer de cuello uterino",numero de mujeres con muestras de pap tomadas,2015-04-01,0,7,68,33,8,116
CAMATAQUI (C. VILLA ABECIA),"anticoncepcion, prevencion de its y de cancer de cuello uterino",numero de mujeres con muestras de pap tomadas,2015-04-01,0,2,8,5,3,18
CAMIRI,"anticoncepcion, prevencion de its y de cancer de cuello uterino",numero de mujeres con muestras de pap tomadas,2015-04-01,0,3,23,13,4,43
CAPINOTA,"anticoncepcion, prevencion de its y de cancer de cuello uterino",numero de mujeres con muestras de pap tomadas,2015-04-01,0,8,35,17,6,66
CAQUIAVIRI,"anticoncepcion, prevencion de its y de cancer de cuello uterino",numero de mujeres con muestras de pap tomadas,2015-04-01,0,0,0,1,1,2
CARACOLLO,"anticoncepcion, prevencion de its y de cancer de cuello uterino",numero de mujeres con muestras de pap tomadas,2015-04-01,0,0,7,6,0,13
CARANAVI,"anticoncepcion, prevencion de its y de cancer de cuello uterino",numero de mujeres con muestras de pap tomadas,2015-04-01,0,14,72,53,16,155
CARAPARI,"anticoncepcion, prevencion de its y de cancer de cuello uterino",numero de mujeres con muestras de pap tomadas,2015-04-01,0,0,15,13,3,31
CARIPUYO,"anticoncepcion, prevencion de its y de cancer de cuello uterino",numero de mujeres con muestras de pap tomadas,2015-04-01,0,1,13,7,0,21
CARMEN RIVERO TORREZ,"anticoncepcion, prevencion de its y de cancer de cuello uterino",numero de mujeres con muestras de pap tomadas,2015-04-01,1,3,8,2,0,14
CATACORA,"anticoncepcion, prevencion de its y de cancer de cuello uterino",numero de mujeres con muestras de pap tomadas,2015-04-01,0,0,1,2,0,3
CHALLAPATA,"anticoncepcion, prevencion de its y de cancer de cuello uterino",numero de mujeres con muestras de pap tomadas,2015-04-01,0,4,21,10,5,40
CHAQUI,"anticoncepcion, prevencion de its y de cancer de cuello uterino",numero de mujeres con muestras de pap tomadas,2015-04-01,0,0,11,17,5,33
CHARAGUA,"anticoncepcion, prevencion de its y de cancer de cuello uterino",numero de mujeres con muestras de pap tomadas,2015-04-01,0,3,22,9,0,34
CHAYANTA,"anticoncepcion, prevencion de its y de cancer de cuello uterino",numero de mujeres con muestras de pap tomadas,2015-04-01,0,3,18,9,0,30
CHIMORE,"anticoncepcion, prevencion de its y de cancer de cuello uterino",numero de mujeres con muestras de pap tomadas,2015-04-01,0,1,4,1,0,6
CHIPAYA,"anticoncepcion, prevencion de its y de cancer de cuello uterino",numero de mujeres con muestras de pap tomadas,2015-04-01,0,0,1,1,0,2
CHOQUE COTA,"anticoncepcion, prevencion de its y de cancer de cuello uterino",numero de mujeres con muestras de pap tomadas,2015-04-01,0,0,4,0,0,4
CHUA COCANI,"anticoncepcion, prevencion de its y de cancer de cuello uterino",numero de mujeres con muestras de pap tomadas,2015-04-01,0,0,0,2,0,2
CHULUMANI (V. DE LA LIBERTAD),"anticoncepcion, prevencion de its y de cancer de cuello uterino",numero de mujeres con muestras de pap tomadas,2015-04-01,0,2,15,10,0,27
CHUMA,"anticoncepcion, prevencion de its y de cancer de cuello uterino",numero de mujeres con muestras de pap tomadas,2015-04-01,0,3,11,10,1,25
CHUQUIHUTA AYLLU JUCUMANI,"anticoncepcion, prevencion de its y de cancer de cuello uterino",numero de mujeres con muestras de pap tomadas,2015-04-01,0,0,7,0,0,7
CKOCHAS,"anticoncepcion, prevencion de its y de cancer de cuello uterino",numero de mujeres con muestras de pap tomadas,2015-04-01,0,7,13,15,3,38
CLIZA,"anticoncepcion, prevencion de its y de cancer de cuello uterino",numero de mujeres con muestras de pap tomadas,2015-04-01,0,6,30,7,0,43
COBIJA,"anticoncepcion, prevencion de its y de cancer de cuello uterino",numero de mujeres con muestras de pap tomadas,2015-04-01,2,20,106,54,17,199
COCAPATA,"anticoncepcion, prevencion de its y de cancer de cuello uterino",numero de mujeres con muestras de pap tomadas,2015-04-01,0,0,11,0,0,11
COCHABAMBA,"anticoncepcion, prevencion de its y de cancer de cuello uterino",numero de mujeres con muestras de pap tomadas,2015-04-01,7,242,1965,1696,633,4543
COLCAPIRHUA,"anticoncepcion, prevencion de its y de cancer de cuello uterino",numero de mujeres con muestras de pap tomadas,2015-04-01,0,2,48,12,4,66
"COLCHA ""K""","anticoncepcion, prevencion de its y de cancer de cuello uterino",numero de mujeres con muestras de pap tomadas,2015-04-01,0,1,12,6,2,21
COLOMI,"anticoncepcion, prevencion de its y de cancer de cuello uterino",numero de mujeres con muestras de pap tomadas,2015-04-01,0,3,8,0,2,13
COLPA BELGICA,"anticoncepcion, prevencion de its y de cancer de cuello uterino",numero de mujeres con muestras de pap tomadas,2015-04-01,0,1,7,11,0,19
COLQUECHACA,"anticoncepcion, prevencion de its y de cancer de cuello uterino",numero de mujeres con muestras de pap tomadas,2015-04-01,0,8,26,15,2,51
COLQUENCHA,"anticoncepcion, prevencion de its y de cancer de cuello uterino",numero de mujeres con muestras de pap tomadas,2015-04-01,0,0,3,6,4,13
COMANCHE,"anticoncepcion, prevencion de its y de cancer de cuello uterino",numero de mujeres con muestras de pap tomadas,2015-04-01,0,0,0,1,0,1
COMARAPA,"anticoncepcion, prevencion de its y de cancer de cuello uterino",numero de mujeres con muestras de pap tomadas,2015-04-01,0,1,13,8,4,26
CONCEPCION,"anticoncepcion, prevencion de its y de cancer de cuello uterino",numero de mujeres con muestras de pap tomadas,2015-04-01,0,3,28,3,1,35
COPACABANA,"anticoncepcion, prevencion de its y de cancer de cuello uterino",numero de mujeres con muestras de pap tomadas,2015-04-01,0,2,12,19,0,33
CORO CORO,"anticoncepcion, prevencion de its y de cancer de cuello uterino",numero de mujeres con muestras de pap tomadas,2015-04-01,0,0,12,3,0,15
COROICO,"anticoncepcion, prevencion de its y de cancer de cuello uterino",numero de mujeres con muestras de pap tomadas,2015-04-01,0,4,20,12,1,37
CORQUE,"anticoncepcion, prevencion de its y de cancer de cuello uterino",numero de mujeres con muestras de pap tomadas,2015-04-01,0,2,4,5,1,12
COTAGAITA,"anticoncepcion, prevencion de its y de cancer de cuello uterino",numero de mujeres con muestras de pap tomadas,2015-04-01,0,3,13,15,5,36
COTOCA,"anticoncepcion, prevencion de its y de cancer de cuello uterino",numero de mujeres con muestras de pap tomadas,2015-04-01,0,31,139,51,13,234
CUATRO CAÑADAS,"anticoncepcion, prevencion de its y de cancer de cuello uterino",numero de mujeres con muestras de pap tomadas,2015-04-01,2,9,30,14,7,62
CUEVO,"anticoncepcion, prevencion de its y de cancer de cuello uterino",numero de mujeres con muestras de pap tomadas,2015-04-01,0,0,1,0,0,1
CULPINA,"anticoncepcion, prevencion de its y de cancer de cuello uterino",numero de mujeres con muestras de pap tomadas,2015-04-01,0,12,32,24,9,77
CURAHUARA DE CARANGAS,"anticoncepcion, prevencion de its y de cancer de cuello uterino",numero de mujeres con muestras de pap tomadas,2015-04-01,0,2,15,9,5,31
CURVA,"anticoncepcion, prevencion de its y de cancer de cuello uterino",numero de mujeres con muestras de pap tomadas,2015-04-01,0,1,10,1,0,12
DESAGUADERO,"anticoncepcion, prevencion de its y de cancer de cuello uterino",numero de mujeres con muestras de pap tomadas,2015-04-01,0,0,2,0,1,3
EL ALTO,"anticoncepcion, prevencion de its y de cancer de cuello uterino",numero de mujeres con muestras de pap tomadas,2015-04-01,11,202,1811,985,323,3332
EL PUENTE(STC),"anticoncepcion, prevencion de its y de cancer de cuello uterino",numero de mujeres con muestras de pap tomadas,2015-04-01,0,3,15,5,0,23
EL PUENTE(TJA),"anticoncepcion, prevencion de its y de cancer de cuello uterino",numero de mujeres con muestras de pap tomadas,2015-04-01,0,1,5,4,1,11
EL TORNO,"anticoncepcion, prevencion de its y de cancer de cuello uterino",numero de mujeres con muestras de pap tomadas,2015-04-01,0,34,146,108,51,339
EL VILLAR,"anticoncepcion, prevencion de its y de cancer de cuello uterino",numero de mujeres con muestras de pap tomadas,2015-04-01,0,1,4,12,4,21
ENTRE RIOS TRJ,"anticoncepcion, prevencion de its y de cancer de cuello uterino",numero de mujeres con muestras de pap tomadas,2015-04-01,0,5,38,37,18,98
ENTRE RIOS CBBA,"anticoncepcion, prevencion de its y de cancer de cuello uterino",numero de mujeres con muestras de pap tomadas,2015-04-01,0,3,3,6,0,12
ESCOMA,"anticoncepcion, prevencion de its y de cancer de cuello uterino",numero de mujeres con muestras de pap tomadas,2015-04-01,2,0,0,0,0,2
EUCALIPTUS,"anticoncepcion, prevencion de its y de cancer de cuello uterino",numero de mujeres con muestras de pap tomadas,2015-04-01,0,1,3,3,1,8
EUREKA (SANTOS MERCADO),"anticoncepcion, prevencion de its y de cancer de cuello uterino",numero de mujeres con muestras de pap tomadas,2015-04-01,1,0,0,0,0,1
FERNANDEZ ALONSO,"anticoncepcion, prevencion de its y de cancer de cuello uterino",numero de mujeres con muestras de pap tomadas,2015-04-01,0,3,13,10,3,29
FILADELFIA,"anticoncepcion, prevencion de its y de cancer de cuello uterino",numero de mujeres con muestras de pap tomadas,2015-04-01,0,0,1,2,0,3
GENERAL SAAVEDRA,"anticoncepcion, prevencion de its y de cancer de cuello uterino",numero de mujeres con muestras de pap tomadas,2015-04-01,0,1,12,6,1,20
GRAL. J.J. PEREZ (CHARAZANI),"anticoncepcion, prevencion de its y de cancer de cuello uterino",numero de mujeres con muestras de pap tomadas,2015-04-01,0,1,6,4,0,11
GUANAY,"anticoncepcion, prevencion de its y de cancer de cuello uterino",numero de mujeres con muestras de pap tomadas,2015-04-01,0,2,15,6,1,24
GUAQUI,"anticoncepcion, prevencion de its y de cancer de cuello uterino",numero de mujeres con muestras de pap tomadas,2015-04-01,0,2,12,8,4,26
GUAYARAMERIN,"anticoncepcion, prevencion de its y de cancer de cuello uterino",numero de mujeres con muestras de pap tomadas,2015-04-01,1,22,108,46,22,199
GUTIERREZ,"anticoncepcion, prevencion de its y de cancer de cuello uterino",numero de mujeres con muestras de pap tomadas,2015-04-01,0,3,5,1,0,9
HUACARETA,"anticoncepcion, prevencion de its y de cancer de cuello uterino",numero de mujeres con muestras de pap tomadas,2015-04-01,0,1,18,19,3,41
HUANUNI,"anticoncepcion, prevencion de its y de cancer de cuello uterino",numero de mujeres con muestras de pap tomadas,2015-04-01,0,2,33,5,1,41
HUARINA,"anticoncepcion, prevencion de its y de cancer de cuello uterino",numero de mujeres con muestras de pap tomadas,2015-04-01,0,0,2,0,0,2
HUATAJATA,"anticoncepcion, prevencion de its y de cancer de cuello uterino",numero de mujeres con muestras de pap tomadas,2015-04-01,0,0,3,2,0,5
HUAYLLAMARCA,"anticoncepcion, prevencion de its y de cancer de cuello uterino",numero de mujeres con muestras de pap tomadas,2015-04-01,0,2,24,15,6,47
ICHOCA,"anticoncepcion, prevencion de its y de cancer de cuello uterino",numero de mujeres con muestras de pap tomadas,2015-04-01,0,0,2,0,0,2
ICLA,"anticoncepcion, prevencion de its y de cancer de cuello uterino",numero de mujeres con muestras de pap tomadas,2015-04-01,0,1,19,33,20,73
INCAHUASI,"anticoncepcion, prevencion de its y de cancer de cuello uterino",numero de mujeres con muestras de pap tomadas,2015-04-01,0,11,67,50,8,136
INQUISIVI,"anticoncepcion, prevencion de its y de cancer de cuello uterino",numero de mujeres con muestras de pap tomadas,2015-04-01,0,0,2,3,1,6
IRUPANA (VILLA DE LANZA),"anticoncepcion, prevencion de its y de cancer de cuello uterino",numero de mujeres con muestras de pap tomadas,2015-04-01,0,1,6,0,0,7
JESUS DE MACHACA,"anticoncepcion, prevencion de its y de cancer de cuello uterino",numero de mujeres con muestras de pap tomadas,2015-04-01,0,2,11,7,3,23
LA ASUNTA,"anticoncepcion, prevencion de its y de cancer de cuello uterino",numero de mujeres con muestras de pap tomadas,2015-04-01,0,2,52,20,3,77
LA GUARDIA,"anticoncepcion, prevencion de its y de cancer de cuello uterino",numero de mujeres con muestras de pap tomadas,2015-04-01,1,35,156,58,13,263
LA PAZ,"anticoncepcion, prevencion de its y de cancer de cuello uterino",numero de mujeres con muestras de pap tomadas,2015-04-01,2,166,2570,1056,410,4204
LAGUNILLAS,"anticoncepcion, prevencion de its y de cancer de cuello uterino",numero de mujeres con muestras de pap tomadas,2015-04-01,0,2,5,11,3,21
LAJA,"anticoncepcion, prevencion de its y de cancer de cuello uterino",numero de mujeres con muestras de pap tomadas,2015-04-01,0,2,9,3,0,14
LAS CARRERAS,"anticoncepcion, prevencion de its y de cancer de cuello uterino",numero de mujeres con muestras de pap tomadas,2015-04-01,0,6,22,12,2,42
LICOMA PAMPA,"anticoncepcion, prevencion de its y de cancer de cuello uterino",numero de mujeres con muestras de pap tomadas,2015-04-01,0,3,18,21,8,50
LLALLAGUA,"anticoncepcion, prevencion de its y de cancer de cuello uterino",numero de mujeres con muestras de pap tomadas,2015-04-01,0,0,2,0,0,2
LURIBAY,"anticoncepcion, prevencion de its y de cancer de cuello uterino",numero de mujeres con muestras de pap tomadas,2015-04-01,1,7,33,46,16,103
MACHACAMARCA,"anticoncepcion, prevencion de its y de cancer de cuello uterino",numero de mujeres con muestras de pap tomadas,2015-04-01,0,1,3,2,0,6
MACHARETI,"anticoncepcion, prevencion de its y de cancer de cuello uterino",numero de mujeres con muestras de pap tomadas,2015-04-01,1,10,50,12,4,77
MAGDALENA,"anticoncepcion, prevencion de its y de cancer de cuello uterino",numero de mujeres con muestras de pap tomadas,2015-04-01,0,4,13,1,0,18
MAIRANA,"anticoncepcion, prevencion de its y de cancer de cuello uterino",numero de mujeres con muestras de pap tomadas,2015-04-01,0,2,5,10,2,19
MALLA,"anticoncepcion, prevencion de its y de cancer de cuello uterino",numero de mujeres con muestras de pap tomadas,2015-04-01,0,2,5,0,0,7
MAPIRI,"anticoncepcion, prevencion de its y de cancer de cuello uterino",numero de mujeres con muestras de pap tomadas,2015-04-01,1,11,31,10,2,55
MECAPACA,"anticoncepcion, prevencion de its y de cancer de cuello uterino",numero de mujeres con muestras de pap tomadas,2015-04-01,0,0,4,5,1,10
MINEROS,"anticoncepcion, prevencion de its y de cancer de cuello uterino",numero de mujeres con muestras de pap tomadas,2015-04-01,0,0,52,24,5,81
MIZQUE,"anticoncepcion, prevencion de its y de cancer de cuello uterino",numero de mujeres con muestras de pap tomadas,2015-04-01,0,1,16,8,1,26
MOCOMOCO,"anticoncepcion, prevencion de its y de cancer de cuello uterino",numero de mujeres con muestras de pap tomadas,2015-04-01,0,2,14,4,1,21
MOJINETE,"anticoncepcion, prevencion de its y de cancer de cuello uterino",numero de mujeres con muestras de pap tomadas,2015-04-01,0,0,5,2,0,7
MOJOCOYA,"anticoncepcion, prevencion de its y de cancer de cuello uterino",numero de mujeres con muestras de pap tomadas,2015-04-01,2,4,37,17,7,67
MONTEAGUDO,"anticoncepcion, prevencion de its y de cancer de cuello uterino",numero de mujeres con muestras de pap tomadas,2015-04-01,1,20,82,86,21,210
MONTERO,"anticoncepcion, prevencion de its y de cancer de cuello uterino",numero de mujeres con muestras de pap tomadas,2015-04-01,5,23,159,91,26,304
MORO MORO,"anticoncepcion, prevencion de its y de cancer de cuello uterino",numero de mujeres con muestras de pap tomadas,2015-04-01,1,1,0,0,0,2
MOROCHATA,"anticoncepcion, prevencion de its y de cancer de cuello uterino",numero de mujeres con muestras de pap tomadas,2015-04-01,0,0,4,1,1,6
NUEVO MANOA (NUEVA ESPERANZA),"anticoncepcion, prevencion de its y de cancer de cuello uterino",numero de mujeres con muestras de pap tomadas,2015-04-01,0,0,2,0,0,2
OCURI,"anticoncepcion, prevencion de its y de cancer de cuello uterino",numero de mujeres con muestras de pap tomadas,2015-04-01,0,2,7,3,0,12
OKINAWA,"anticoncepcion, prevencion de its y de cancer de cuello uterino",numero de mujeres con muestras de pap tomadas,2015-04-01,0,1,2,4,0,7
OMEREQUE,"anticoncepcion, prevencion de its y de cancer de cuello uterino",numero de mujeres con muestras de pap tomadas,2015-04-01,0,1,8,5,3,17
ORURO,"anticoncepcion, prevencion de its y de cancer de cuello uterino",numero de mujeres con muestras de pap tomadas,2015-04-01,0,30,563,389,117,1099
PADCAYA,"anticoncepcion, prevencion de its y de cancer de cuello uterino",numero de mujeres con muestras de pap tomadas,2015-04-01,0,1,7,7,3,18
PADILLA,"anticoncepcion, prevencion de its y de cancer de cuello uterino",numero de mujeres con muestras de pap tomadas,2015-04-01,0,3,27,34,5,69
PAILON,"anticoncepcion, prevencion de its y de cancer de cuello uterino",numero de mujeres con muestras de pap tomadas,2015-04-01,0,8,28,2,0,38
PALCA,"anticoncepcion, prevencion de its y de cancer de cuello uterino",numero de mujeres con muestras de pap tomadas,2015-04-01,0,1,9,12,3,25
PALOS BLANCOS,"anticoncepcion, prevencion de its y de cancer de cuello uterino",numero de mujeres con muestras de pap tomadas,2015-04-01,1,6,21,17,3,48
PAMPA GRANDE,"anticoncepcion, prevencion de its y de cancer de cuello uterino",numero de mujeres con muestras de pap tomadas,2015-04-01,0,1,5,5,0,11
PAPEL PAMPA,"anticoncepcion, prevencion de its y de cancer de cuello uterino",numero de mujeres con muestras de pap tomadas,2015-04-01,0,0,4,1,1,6
PASORAPA,"anticoncepcion, prevencion de its y de cancer de cuello uterino",numero de mujeres con muestras de pap tomadas,2015-04-01,0,0,2,1,0,3
PAZÑA,"anticoncepcion, prevencion de its y de cancer de cuello uterino",numero de mujeres con muestras de pap tomadas,2015-04-01,0,1,9,1,0,11
PELECHUCO,"anticoncepcion, prevencion de its y de cancer de cuello uterino",numero de mujeres con muestras de pap tomadas,2015-04-01,1,0,5,1,1,8
POCOATA,"anticoncepcion, prevencion de its y de cancer de cuello uterino",numero de mujeres con muestras de pap tomadas,2015-04-01,0,3,29,8,0,40
POCONA,"anticoncepcion, prevencion de its y de cancer de cuello uterino",numero de mujeres con muestras de pap tomadas,2015-04-01,0,0,12,5,0,17
POJO (CBBA),"anticoncepcion, prevencion de its y de cancer de cuello uterino",numero de mujeres con muestras de pap tomadas,2015-04-01,0,0,4,3,0,7
POOPO,"anticoncepcion, prevencion de its y de cancer de cuello uterino",numero de mujeres con muestras de pap tomadas,2015-04-01,0,2,64,15,4,85
PORCO,"anticoncepcion, prevencion de its y de cancer de cuello uterino",numero de mujeres con muestras de pap tomadas,2015-04-01,0,1,5,0,0,6
POROMA,"anticoncepcion, prevencion de its y de cancer de cuello uterino",numero de mujeres con muestras de pap tomadas,2015-04-01,1,9,44,79,8,141
PORONGO,"anticoncepcion, prevencion de its y de cancer de cuello uterino",numero de mujeres con muestras de pap tomadas,2015-04-01,0,4,8,1,0,13
PORTACHUELO,"anticoncepcion, prevencion de its y de cancer de cuello uterino",numero de mujeres con muestras de pap tomadas,2015-04-01,0,1,12,7,6,26
PORVENIR,"anticoncepcion, prevencion de its y de cancer de cuello uterino",numero de mujeres con muestras de pap tomadas,2015-04-01,0,0,1,3,1,5
POSTRER VALLE,"anticoncepcion, prevencion de its y de cancer de cuello uterino",numero de mujeres con muestras de pap tomadas,2015-04-01,0,1,1,1,3,6
POTOSI,"anticoncepcion, prevencion de its y de cancer de cuello uterino",numero de mujeres con muestras de pap tomadas,2015-04-01,0,46,244,370,18,678
PRESTO,"anticoncepcion, prevencion de its y de cancer de cuello uterino",numero de mujeres con muestras de pap tomadas,2015-04-01,2,17,46,56,14,135
PUCARA,"anticoncepcion, prevencion de its y de cancer de cuello uterino",numero de mujeres con muestras de pap tomadas,2015-04-01,1,1,2,1,1,6
PUCARANI,"anticoncepcion, prevencion de its y de cancer de cuello uterino",numero de mujeres con muestras de pap tomadas,2015-04-01,0,3,24,5,2,34
PUERTO ACOSTA,"anticoncepcion, prevencion de its y de cancer de cuello uterino",numero de mujeres con muestras de pap tomadas,2015-04-01,0,6,25,21,4,56
PUERTO CARABUCO,"anticoncepcion, prevencion de its y de cancer de cuello uterino",numero de mujeres con muestras de pap tomadas,2015-04-01,0,2,19,11,0,32
PUERTO GONZALO MORENO,"anticoncepcion, prevencion de its y de cancer de cuello uterino",numero de mujeres con muestras de pap tomadas,2015-04-01,3,5,22,3,2,35
PUERTO PEREZ,"anticoncepcion, prevencion de its y de cancer de cuello uterino",numero de mujeres con muestras de pap tomadas,2015-04-01,0,3,6,2,1,12
PUERTO QUIJARRO,"anticoncepcion, prevencion de its y de cancer de cuello uterino",numero de mujeres con muestras de pap tomadas,2015-04-01,0,11,19,22,3,55
PUERTO RICO,"anticoncepcion, prevencion de its y de cancer de cuello uterino",numero de mujeres con muestras de pap tomadas,2015-04-01,1,1,8,1,0,11
PUERTO SUAREZ,"anticoncepcion, prevencion de its y de cancer de cuello uterino",numero de mujeres con muestras de pap tomadas,2015-04-01,0,0,4,4,1,9
PUERTO VILLARROEL,"anticoncepcion, prevencion de its y de cancer de cuello uterino",numero de mujeres con muestras de pap tomadas,2015-04-01,3,33,109,40,13,198
PUNA,"anticoncepcion, prevencion de its y de cancer de cuello uterino",numero de mujeres con muestras de pap tomadas,2015-04-01,0,6,41,17,3,67
PUNATA,"anticoncepcion, prevencion de its y de cancer de cuello uterino",numero de mujeres con muestras de pap tomadas,2015-04-01,0,14,78,58,52,202
QUIABAYA,"anticoncepcion, prevencion de its y de cancer de cuello uterino",numero de mujeres con muestras de pap tomadas,2015-04-01,0,0,0,1,0,1
QUILLACOLLO,"anticoncepcion, prevencion de its y de cancer de cuello uterino",numero de mujeres con muestras de pap tomadas,2015-04-01,0,10,114,190,46,360
QUIME,"anticoncepcion, prevencion de its y de cancer de cuello uterino",numero de mujeres con muestras de pap tomadas,2015-04-01,0,0,3,3,0,6
QUIRUSILLAS,"anticoncepcion, prevencion de its y de cancer de cuello uterino",numero de mujeres con muestras de pap tomadas,2015-04-01,0,0,3,0,3,6
RAVELO,"anticoncepcion, prevencion de its y de cancer de cuello uterino",numero de mujeres con muestras de pap tomadas,2015-04-01,1,3,18,16,14,52
REYES,"anticoncepcion, prevencion de its y de cancer de cuello uterino",numero de mujeres con muestras de pap tomadas,2015-04-01,0,0,5,0,0,5
RIBERALTA,"anticoncepcion, prevencion de its y de cancer de cuello uterino",numero de mujeres con muestras de pap tomadas,2015-04-01,8,89,352,135,41,625
ROBORE,"anticoncepcion, prevencion de its y de cancer de cuello uterino",numero de mujeres con muestras de pap tomadas,2015-04-01,0,1,4,2,0,7
RURRENABAQUE,"anticoncepcion, prevencion de its y de cancer de cuello uterino",numero de mujeres con muestras de pap tomadas,2015-04-01,0,0,1,10,1,12
SABAYA,"anticoncepcion, prevencion de its y de cancer de cuello uterino",numero de mujeres con muestras de pap tomadas,2015-04-01,0,0,6,10,1,17
SACABA,"anticoncepcion, prevencion de its y de cancer de cuello uterino",numero de mujeres con muestras de pap tomadas,2015-04-01,2,46,232,84,37,401
SACABAMBA,"anticoncepcion, prevencion de its y de cancer de cuello uterino",numero de mujeres con muestras de pap tomadas,2015-04-01,0,0,4,4,3,11
SACACA,"anticoncepcion, prevencion de its y de cancer de cuello uterino",numero de mujeres con muestras de pap tomadas,2015-04-01,0,4,13,5,1,23
SAIPINA,"anticoncepcion, prevencion de its y de cancer de cuello uterino",numero de mujeres con muestras de pap tomadas,2015-04-01,1,0,3,2,0,6
SALINAS DE GARCI MENDOZA,"anticoncepcion, prevencion de its y de cancer de cuello uterino",numero de mujeres con muestras de pap tomadas,2015-04-01,0,0,1,0,0,1
SAMAIPATA,"anticoncepcion, prevencion de its y de cancer de cuello uterino",numero de mujeres con muestras de pap tomadas,2015-04-01,0,0,9,3,2,14
SAN AGUSTIN,"anticoncepcion, prevencion de its y de cancer de cuello uterino",numero de mujeres con muestras de pap tomadas,2015-04-01,0,0,1,0,0,1
SAN ANDRES,"anticoncepcion, prevencion de its y de cancer de cuello uterino",numero de mujeres con muestras de pap tomadas,2015-04-01,0,1,10,6,2,19
SAN ANDRES DE MACHACA,"anticoncepcion, prevencion de its y de cancer de cuello uterino",numero de mujeres con muestras de pap tomadas,2015-04-01,0,0,6,4,1,11
SAN ANTONIO DE ESMORUCO,"anticoncepcion, prevencion de its y de cancer de cuello uterino",numero de mujeres con muestras de pap tomadas,2015-04-01,0,0,0,3,0,3
SAN ANTONIO DE LOMERIO,"anticoncepcion, prevencion de its y de cancer de cuello uterino",numero de mujeres con muestras de pap tomadas,2015-04-01,0,0,2,4,0,6
SAN BENITO,"anticoncepcion, prevencion de its y de cancer de cuello uterino",numero de mujeres con muestras de pap tomadas,2015-04-01,1,13,1,2,2,19
SAN BORJA,"anticoncepcion, prevencion de its y de cancer de cuello uterino",numero de mujeres con muestras de pap tomadas,2015-04-01,1,0,8,2,1,12
SAN BUENA VENTURA,"anticoncepcion, prevencion de its y de cancer de cuello uterino",numero de mujeres con muestras de pap tomadas,2015-04-01,0,2,14,4,1,21
SAN CARLOS,"anticoncepcion, prevencion de its y de cancer de cuello uterino",numero de mujeres con muestras de pap tomadas,2015-04-01,0,10,22,13,6,51
SAN IGNACIO,"anticoncepcion, prevencion de its y de cancer de cuello uterino",numero de mujeres con muestras de pap tomadas,2015-04-01,0,5,22,16,2,45
SAN IGNACIO DE VELASCO,"anticoncepcion, prevencion de its y de cancer de cuello uterino",numero de mujeres con muestras de pap tomadas,2015-04-01,0,6,22,9,0,37
SAN JAVIER(STC),"anticoncepcion, prevencion de its y de cancer de cuello uterino",numero de mujeres con muestras de pap tomadas,2015-04-01,0,3,21,10,7,41
SAN JOSE DE CHIQUITOS,"anticoncepcion, prevencion de its y de cancer de cuello uterino",numero de mujeres con muestras de pap tomadas,2015-04-01,0,2,7,6,0,15
SAN JUAN DE YAPACANI,"anticoncepcion, prevencion de its y de cancer de cuello uterino",numero de mujeres con muestras de pap tomadas,2015-04-01,0,0,16,10,7,33
SAN JULIAN,"anticoncepcion, prevencion de its y de cancer de cuello uterino",numero de mujeres con muestras de pap tomadas,2015-04-01,1,8,72,49,15,145
SAN LORENZO(TJA),"anticoncepcion, prevencion de its y de cancer de cuello uterino",numero de mujeres con muestras de pap tomadas,2015-04-01,0,4,17,8,5,34
SAN LUCAS,"anticoncepcion, prevencion de its y de cancer de cuello uterino",numero de mujeres con muestras de pap tomadas,2015-04-01,0,19,68,61,12,160
SAN MATIAS,"anticoncepcion, prevencion de its y de cancer de cuello uterino",numero de mujeres con muestras de pap tomadas,2015-04-01,1,1,2,1,3,8
SAN MIGUEL DE VELASCO,"anticoncepcion, prevencion de its y de cancer de cuello uterino",numero de mujeres con muestras de pap tomadas,2015-04-01,0,0,15,14,1,30
SAN PEDRO,"anticoncepcion, prevencion de its y de cancer de cuello uterino",numero de mujeres con muestras de pap tomadas,2015-04-01,0,4,3,5,1,13
SAN PEDRO DE BUENA VISTA,"anticoncepcion, prevencion de its y de cancer de cuello uterino",numero de mujeres con muestras de pap tomadas,2015-04-01,0,2,16,7,0,25
SAN PEDRO DE CURAHUARA,"anticoncepcion, prevencion de its y de cancer de cuello uterino",numero de mujeres con muestras de pap tomadas,2015-04-01,0,0,2,0,0,2
SAN PEDRO DE TIQUINA,"anticoncepcion, prevencion de its y de cancer de cuello uterino",numero de mujeres con muestras de pap tomadas,2015-04-01,0,0,3,2,0,5
SAN RAFAEL,"anticoncepcion, prevencion de its y de cancer de cuello uterino",numero de mujeres con muestras de pap tomadas,2015-04-01,0,0,0,3,0,3
SAN RAMON BENI,"anticoncepcion, prevencion de its y de cancer de cuello uterino",numero de mujeres con muestras de pap tomadas,2015-04-01,0,4,4,0,1,9
SANTA ANA,"anticoncepcion, prevencion de its y de cancer de cuello uterino",numero de mujeres con muestras de pap tomadas,2015-04-01,0,0,3,0,1,4
SANTA CRUZ DE LA SIERRA,"anticoncepcion, prevencion de its y de cancer de cuello uterino",numero de mujeres con muestras de pap tomadas,2015-04-01,10,405,1842,1334,394,3985
SANTA ROSA DEL SARA,"anticoncepcion, prevencion de its y de cancer de cuello uterino",numero de mujeres con muestras de pap tomadas,2015-04-01,2,1,29,7,5,44
SANTIAGO DE HUARI,"anticoncepcion, prevencion de its y de cancer de cuello uterino",numero de mujeres con muestras de pap tomadas,2015-04-01,0,0,0,1,0,1
SANTIAGO DE HUATA,"anticoncepcion, prevencion de its y de cancer de cuello uterino",numero de mujeres con muestras de pap tomadas,2015-04-01,0,1,5,7,0,13
SANTIAGO DE MACHACA,"anticoncepcion, prevencion de its y de cancer de cuello uterino",numero de mujeres con muestras de pap tomadas,2015-04-01,0,2,2,3,1,8
SANTIVAÑES,"anticoncepcion, prevencion de its y de cancer de cuello uterino",numero de mujeres con muestras de pap tomadas,2015-04-01,0,1,5,6,2,14
SAPAHAQUI,"anticoncepcion, prevencion de its y de cancer de cuello uterino",numero de mujeres con muestras de pap tomadas,2015-04-01,0,0,5,3,1,9
SENA,"anticoncepcion, prevencion de its y de cancer de cuello uterino",numero de mujeres con muestras de pap tomadas,2015-04-01,0,2,1,0,0,3
SHINAOTA,"anticoncepcion, prevencion de its y de cancer de cuello uterino",numero de mujeres con muestras de pap tomadas,2015-04-01,1,3,8,5,0,17
SICA SICA (VILLA AROMA),"anticoncepcion, prevencion de its y de cancer de cuello uterino",numero de mujeres con muestras de pap tomadas,2015-04-01,0,2,20,8,3,33
SICAYA,"anticoncepcion, prevencion de its y de cancer de cuello uterino",numero de mujeres con muestras de pap tomadas,2015-04-01,0,0,3,0,0,3
SIPE SIPE,"anticoncepcion, prevencion de its y de cancer de cuello uterino",numero de mujeres con muestras de pap tomadas,2015-04-01,0,15,53,10,2,80
SOPACHUY,"anticoncepcion, prevencion de its y de cancer de cuello uterino",numero de mujeres con muestras de pap tomadas,2015-04-01,0,8,10,18,9,45
SORACACHI,"anticoncepcion, prevencion de its y de cancer de cuello uterino",numero de mujeres con muestras de pap tomadas,2015-04-01,0,1,8,2,1,12
SORATA,"anticoncepcion, prevencion de its y de cancer de cuello uterino",numero de mujeres con muestras de pap tomadas,2015-04-01,0,0,0,2,0,2
SUCRE,"anticoncepcion, prevencion de its y de cancer de cuello uterino",numero de mujeres con muestras de pap tomadas,2015-04-01,6,204,1618,861,323,3012
TACACHI,"anticoncepcion, prevencion de its y de cancer de cuello uterino",numero de mujeres con muestras de pap tomadas,2015-04-01,0,0,1,0,0,1
TACACOMA,"anticoncepcion, prevencion de its y de cancer de cuello uterino",numero de mujeres con muestras de pap tomadas,2015-04-01,0,1,0,1,0,2
TACOBAMBA,"anticoncepcion, prevencion de its y de cancer de cuello uterino",numero de mujeres con muestras de pap tomadas,2015-04-01,0,1,1,3,3,8
TACOPAYA,"anticoncepcion, prevencion de its y de cancer de cuello uterino",numero de mujeres con muestras de pap tomadas,2015-04-01,0,0,1,3,0,4
TAPACARI,"anticoncepcion, prevencion de its y de cancer de cuello uterino",numero de mujeres con muestras de pap tomadas,2015-04-01,0,1,8,2,1,12
TARABUCO,"anticoncepcion, prevencion de its y de cancer de cuello uterino",numero de mujeres con muestras de pap tomadas,2015-04-01,1,24,127,46,6,204
TARACO,"anticoncepcion, prevencion de its y de cancer de cuello uterino",numero de mujeres con muestras de pap tomadas,2015-04-01,0,3,7,4,1,15
TARATA,"anticoncepcion, prevencion de its y de cancer de cuello uterino",numero de mujeres con muestras de pap tomadas,2015-04-01,0,0,6,16,6,28
TARIJA,"anticoncepcion, prevencion de its y de cancer de cuello uterino",numero de mujeres con muestras de pap tomadas,2015-04-01,2,80,496,339,174,1091
TARVITA,"anticoncepcion, prevencion de its y de cancer de cuello uterino",numero de mujeres con muestras de pap tomadas,2015-04-01,0,9,36,31,6,82
TEOPONTE,"anticoncepcion, prevencion de its y de cancer de cuello uterino",numero de mujeres con muestras de pap tomadas,2015-04-01,0,1,9,7,3,20
TIAWANACU,"anticoncepcion, prevencion de its y de cancer de cuello uterino",numero de mujeres con muestras de pap tomadas,2015-04-01,0,4,4,3,1,12
TINGUIPAYA,"anticoncepcion, prevencion de its y de cancer de cuello uterino",numero de mujeres con muestras de pap tomadas,2015-04-01,0,5,61,47,2,115
TIPUANI,"anticoncepcion, prevencion de its y de cancer de cuello uterino",numero de mujeres con muestras de pap tomadas,2015-04-01,0,1,8,2,1,12
TIQUIPAYA,"anticoncepcion, prevencion de its y de cancer de cuello uterino",numero de mujeres con muestras de pap tomadas,2015-04-01,0,8,98,43,19,168
TIRAQUE (CBBA),"anticoncepcion, prevencion de its y de cancer de cuello uterino",numero de mujeres con muestras de pap tomadas,2015-04-01,1,5,12,5,0,23
TOCO,"anticoncepcion, prevencion de its y de cancer de cuello uterino",numero de mujeres con muestras de pap tomadas,2015-04-01,0,3,15,8,3,29
TODOS SANTOS,"anticoncepcion, prevencion de its y de cancer de cuello uterino",numero de mujeres con muestras de pap tomadas,2015-04-01,0,0,2,0,0,2
TOLATA,"anticoncepcion, prevencion de its y de cancer de cuello uterino",numero de mujeres con muestras de pap tomadas,2015-04-01,1,3,9,2,1,16
TOLEDO,"anticoncepcion, prevencion de its y de cancer de cuello uterino",numero de mujeres con muestras de pap tomadas,2015-04-01,0,0,1,2,0,3
TOMAVE,"anticoncepcion, prevencion de its y de cancer de cuello uterino",numero de mujeres con muestras de pap tomadas,2015-04-01,0,0,4,5,2,11
TOMINA,"anticoncepcion, prevencion de its y de cancer de cuello uterino",numero de mujeres con muestras de pap tomadas,2015-04-01,0,2,30,26,4,62
TORO TORO,"anticoncepcion, prevencion de its y de cancer de cuello uterino",numero de mujeres con muestras de pap tomadas,2015-04-01,0,4,11,4,0,19
TOTORA(CBBA),"anticoncepcion, prevencion de its y de cancer de cuello uterino",numero de mujeres con muestras de pap tomadas,2015-04-01,1,15,44,10,0,70
TOTORA(ORR),"anticoncepcion, prevencion de its y de cancer de cuello uterino",numero de mujeres con muestras de pap tomadas,2015-04-01,0,0,11,1,2,14
TRIGAL,"anticoncepcion, prevencion de its y de cancer de cuello uterino",numero de mujeres con muestras de pap tomadas,2015-04-01,0,0,1,3,0,4
TRINIDAD,"anticoncepcion, prevencion de its y de cancer de cuello uterino",numero de mujeres con muestras de pap tomadas,2015-04-01,16,43,217,155,46,477
TUPIZA,"anticoncepcion, prevencion de its y de cancer de cuello uterino",numero de mujeres con muestras de pap tomadas,2015-04-01,0,6,53,21,5,85
TURCO,"anticoncepcion, prevencion de its y de cancer de cuello uterino",numero de mujeres con muestras de pap tomadas,2015-04-01,0,0,8,5,1,14
UMALA,"anticoncepcion, prevencion de its y de cancer de cuello uterino",numero de mujeres con muestras de pap tomadas,2015-04-01,0,0,3,0,0,3
UNCIA,"anticoncepcion, prevencion de its y de cancer de cuello uterino",numero de mujeres con muestras de pap tomadas,2015-04-01,0,0,1,2,3,6
URIONDO (A. CONCEPCION),"anticoncepcion, prevencion de its y de cancer de cuello uterino",numero de mujeres con muestras de pap tomadas,2015-04-01,0,3,10,7,1,21
URUBICHA,"anticoncepcion, prevencion de its y de cancer de cuello uterino",numero de mujeres con muestras de pap tomadas,2015-04-01,1,2,10,3,0,16
UYUNI,"anticoncepcion, prevencion de its y de cancer de cuello uterino",numero de mujeres con muestras de pap tomadas,2015-04-01,0,0,6,2,1,9
VACAS,"anticoncepcion, prevencion de its y de cancer de cuello uterino",numero de mujeres con muestras de pap tomadas,2015-04-01,0,1,13,7,2,23
VALLEGRANDE,"anticoncepcion, prevencion de its y de cancer de cuello uterino",numero de mujeres con muestras de pap tomadas,2015-04-01,0,12,41,28,9,90
VIACHA,"anticoncepcion, prevencion de its y de cancer de cuello uterino",numero de mujeres con muestras de pap tomadas,2015-04-01,4,12,141,92,39,288
VILLA CHARCAS,"anticoncepcion, prevencion de its y de cancer de cuello uterino",numero de mujeres con muestras de pap tomadas,2015-04-01,2,14,78,42,9,145
VILLA MONTES,"anticoncepcion, prevencion de its y de cancer de cuello uterino",numero de mujeres con muestras de pap tomadas,2015-04-01,1,21,119,51,13,205
VILLA RIVERO,"anticoncepcion, prevencion de its y de cancer de cuello uterino",numero de mujeres con muestras de pap tomadas,2015-04-01,0,1,8,3,0,12
VILLA SERRANO,"anticoncepcion, prevencion de its y de cancer de cuello uterino",numero de mujeres con muestras de pap tomadas,2015-04-01,0,8,37,33,13,91
VILLA TUNARI,"anticoncepcion, prevencion de its y de cancer de cuello uterino",numero de mujeres con muestras de pap tomadas,2015-04-01,1,11,253,95,30,390
VILLA VACA GUZMAN (MUYUPAMPA),"anticoncepcion, prevencion de its y de cancer de cuello uterino",numero de mujeres con muestras de pap tomadas,2015-04-01,0,7,52,25,4,88
VILLAZON,"anticoncepcion, prevencion de its y de cancer de cuello uterino",numero de mujeres con muestras de pap tomadas,2015-04-01,0,6,63,37,12,118
VINTO,"anticoncepcion, prevencion de its y de cancer de cuello uterino",numero de mujeres con muestras de pap tomadas,2015-04-01,0,0,84,10,3,97
VITICHI,"anticoncepcion, prevencion de its y de cancer de cuello uterino",numero de mujeres con muestras de pap tomadas,2015-04-01,0,1,13,13,3,30
WALDO BALLIVIAN,"anticoncepcion, prevencion de its y de cancer de cuello uterino",numero de mujeres con muestras de pap tomadas,2015-04-01,0,0,2,0,0,2
WARNES,"anticoncepcion, prevencion de its y de cancer de cuello uterino",numero de mujeres con muestras de pap tomadas,2015-04-01,0,6,61,27,6,100
YACO,"anticoncepcion, prevencion de its y de cancer de cuello uterino",numero de mujeres con muestras de pap tomadas,2015-04-01,0,0,2,3,0,5
YACUIBA,"anticoncepcion, prevencion de its y de cancer de cuello uterino",numero de mujeres con muestras de pap tomadas,2015-04-01,0,28,144,94,46,312
YAMPARAEZ,"anticoncepcion, prevencion de its y de cancer de cuello uterino",numero de mujeres con muestras de pap tomadas,2015-04-01,1,4,30,28,9,72
YAPACANI,"anticoncepcion, prevencion de its y de cancer de cuello uterino",numero de mujeres con muestras de pap tomadas,2015-04-01,0,22,112,60,9,203
YOCALLA,"anticoncepcion, prevencion de its y de cancer de cuello uterino",numero de mujeres con muestras de pap tomadas,2015-04-01,0,0,2,1,0,3
YOTALA,"anticoncepcion, prevencion de its y de cancer de cuello uterino",numero de mujeres con muestras de pap tomadas,2015-04-01,0,0,1,3,2,6
YUNCHARA,"anticoncepcion, prevencion de its y de cancer de cuello uterino",numero de mujeres con muestras de pap tomadas,2015-04-01,0,0,8,3,0,11
ZUDAÑEZ,"anticoncepcion, prevencion de its y de cancer de cuello uterino",numero de mujeres con muestras de pap tomadas,2015-04-01,0,5,30,37,7,79
ACACIO,"anticoncepcion, prevencion de its y de cancer de cuello uterino",numero de mujeres con muestras de pap tomadas,2015-05-01,0,1,9,14,0,24
ACHACACHI,"anticoncepcion, prevencion de its y de cancer de cuello uterino",numero de mujeres con muestras de pap tomadas,2015-05-01,0,5,36,24,10,75
ACHOCALLA,"anticoncepcion, prevencion de its y de cancer de cuello uterino",numero de mujeres con muestras de pap tomadas,2015-05-01,0,6,33,23,3,65
AIQUILE,"anticoncepcion, prevencion de its y de cancer de cuello uterino",numero de mujeres con muestras de pap tomadas,2015-05-01,0,9,52,27,11,99
ALALAY,"anticoncepcion, prevencion de its y de cancer de cuello uterino",numero de mujeres con muestras de pap tomadas,2015-05-01,0,0,3,0,0,3
ALCALA,"anticoncepcion, prevencion de its y de cancer de cuello uterino",numero de mujeres con muestras de pap tomadas,2015-05-01,0,3,6,12,5,26
ALTO BENI,"anticoncepcion, prevencion de its y de cancer de cuello uterino",numero de mujeres con muestras de pap tomadas,2015-05-01,0,1,3,7,1,12
ANCORAIMES,"anticoncepcion, prevencion de its y de cancer de cuello uterino",numero de mujeres con muestras de pap tomadas,2015-05-01,0,3,4,4,2,13
ANTEQUERA,"anticoncepcion, prevencion de its y de cancer de cuello uterino",numero de mujeres con muestras de pap tomadas,2015-05-01,0,0,1,0,0,1
ANZALDO,"anticoncepcion, prevencion de its y de cancer de cuello uterino",numero de mujeres con muestras de pap tomadas,2015-05-01,0,1,0,0,0,1
APOLO,"anticoncepcion, prevencion de its y de cancer de cuello uterino",numero de mujeres con muestras de pap tomadas,2015-05-01,0,0,1,1,0,2
ARAMPAMPA,"anticoncepcion, prevencion de its y de cancer de cuello uterino",numero de mujeres con muestras de pap tomadas,2015-05-01,0,5,3,4,2,14
ARANI,"anticoncepcion, prevencion de its y de cancer de cuello uterino",numero de mujeres con muestras de pap tomadas,2015-05-01,0,2,6,4,1,13
ARBIETO,"anticoncepcion, prevencion de its y de cancer de cuello uterino",numero de mujeres con muestras de pap tomadas,2015-05-01,0,9,29,7,4,49
ARQUE,"anticoncepcion, prevencion de its y de cancer de cuello uterino",numero de mujeres con muestras de pap tomadas,2015-05-01,0,0,0,1,0,1
ASCENCION DE GUARAYOS,"anticoncepcion, prevencion de its y de cancer de cuello uterino",numero de mujeres con muestras de pap tomadas,2015-05-01,1,13,32,1,1,48
ATOCHA,"anticoncepcion, prevencion de its y de cancer de cuello uterino",numero de mujeres con muestras de pap tomadas,2015-05-01,0,5,24,19,1,49
AYATA,"anticoncepcion, prevencion de its y de cancer de cuello uterino",numero de mujeres con muestras de pap tomadas,2015-05-01,0,0,2,4,0,6
AYOPAYA (V. DE INDEPENDENCIA),"anticoncepcion, prevencion de its y de cancer de cuello uterino",numero de mujeres con muestras de pap tomadas,2015-05-01,0,8,44,13,1,66
AZURDUY,"anticoncepcion, prevencion de its y de cancer de cuello uterino",numero de mujeres con muestras de pap tomadas,2015-05-01,0,4,32,27,13,76
BATALLAS,"anticoncepcion, prevencion de its y de cancer de cuello uterino",numero de mujeres con muestras de pap tomadas,2015-05-01,0,3,9,5,3,20
BELEN DE URMIRI,"anticoncepcion, prevencion de its y de cancer de cuello uterino",numero de mujeres con muestras de pap tomadas,2015-05-01,0,1,7,13,5,26
BELLA FLOR,"anticoncepcion, prevencion de its y de cancer de cuello uterino",numero de mujeres con muestras de pap tomadas,2015-05-01,0,0,2,0,0,2
BERMEJO,"anticoncepcion, prevencion de its y de cancer de cuello uterino",numero de mujeres con muestras de pap tomadas,2015-05-01,0,29,198,161,75,463
BETANZOS,"anticoncepcion, prevencion de its y de cancer de cuello uterino",numero de mujeres con muestras de pap tomadas,2015-05-01,0,19,47,37,4,107
BOLIVAR,"anticoncepcion, prevencion de its y de cancer de cuello uterino",numero de mujeres con muestras de pap tomadas,2015-05-01,0,1,7,2,0,10
BUENA VISTA,"anticoncepcion, prevencion de its y de cancer de cuello uterino",numero de mujeres con muestras de pap tomadas,2015-05-01,0,5,20,6,1,32
CABEZAS,"anticoncepcion, prevencion de its y de cancer de cuello uterino",numero de mujeres con muestras de pap tomadas,2015-05-01,0,4,25,10,5,44
CAIROMA,"anticoncepcion, prevencion de its y de cancer de cuello uterino",numero de mujeres con muestras de pap tomadas,2015-05-01,0,7,18,17,9,51
"CAIZA ""D""","anticoncepcion, prevencion de its y de cancer de cuello uterino",numero de mujeres con muestras de pap tomadas,2015-05-01,0,5,21,22,10,58
CAJUATA,"anticoncepcion, prevencion de its y de cancer de cuello uterino",numero de mujeres con muestras de pap tomadas,2015-05-01,0,0,3,0,0,3
CALACOTO,"anticoncepcion, prevencion de its y de cancer de cuello uterino",numero de mujeres con muestras de pap tomadas,2015-05-01,0,0,1,2,1,4
CALAMARCA,"anticoncepcion, prevencion de its y de cancer de cuello uterino",numero de mujeres con muestras de pap tomadas,2015-05-01,0,1,6,3,2,12
CAMARGO,"anticoncepcion, prevencion de its y de cancer de cuello uterino",numero de mujeres con muestras de pap tomadas,2015-05-01,1,14,36,29,10,90
CAMATAQUI (C. VILLA ABECIA),"anticoncepcion, prevencion de its y de cancer de cuello uterino",numero de mujeres con muestras de pap tomadas,2015-05-01,0,1,11,9,2,23
CAMIRI,"anticoncepcion, prevencion de its y de cancer de cuello uterino",numero de mujeres con muestras de pap tomadas,2015-05-01,1,0,37,27,5,70
CAPINOTA,"anticoncepcion, prevencion de its y de cancer de cuello uterino",numero de mujeres con muestras de pap tomadas,2015-05-01,0,11,50,23,1,85
CAQUIAVIRI,"anticoncepcion, prevencion de its y de cancer de cuello uterino",numero de mujeres con muestras de pap tomadas,2015-05-01,0,0,3,2,1,6
CARACOLLO,"anticoncepcion, prevencion de its y de cancer de cuello uterino",numero de mujeres con muestras de pap tomadas,2015-05-01,0,0,13,6,4,23
CARANAVI,"anticoncepcion, prevencion de its y de cancer de cuello uterino",numero de mujeres con muestras de pap tomadas,2015-05-01,0,22,119,161,28,330
CARAPARI,"anticoncepcion, prevencion de its y de cancer de cuello uterino",numero de mujeres con muestras de pap tomadas,2015-05-01,0,5,84,71,42,202
CARIPUYO,"anticoncepcion, prevencion de its y de cancer de cuello uterino",numero de mujeres con muestras de pap tomadas,2015-05-01,0,3,8,8,2,21
CARMEN RIVERO TORREZ,"anticoncepcion, prevencion de its y de cancer de cuello uterino",numero de mujeres con muestras de pap tomadas,2015-05-01,0,0,6,0,0,6
CATACORA,"anticoncepcion, prevencion de its y de cancer de cuello uterino",numero de mujeres con muestras de pap tomadas,2015-05-01,0,0,3,7,1,11
CHACARILLA,"anticoncepcion, prevencion de its y de cancer de cuello uterino",numero de mujeres con muestras de pap tomadas,2015-05-01,0,1,0,0,0,1
CHALLAPATA,"anticoncepcion, prevencion de its y de cancer de cuello uterino",numero de mujeres con muestras de pap tomadas,2015-05-01,0,6,30,17,7,60
CHAQUI,"anticoncepcion, prevencion de its y de cancer de cuello uterino",numero de mujeres con muestras de pap tomadas,2015-05-01,0,2,4,26,11,43
CHARAGUA,"anticoncepcion, prevencion de its y de cancer de cuello uterino",numero de mujeres con muestras de pap tomadas,2015-05-01,0,1,2,3,0,6
CHAYANTA,"anticoncepcion, prevencion de its y de cancer de cuello uterino",numero de mujeres con muestras de pap tomadas,2015-05-01,1,3,32,17,5,58
CHIMORE,"anticoncepcion, prevencion de its y de cancer de cuello uterino",numero de mujeres con muestras de pap tomadas,2015-05-01,0,3,254,117,1,375
CHIPAYA,"anticoncepcion, prevencion de its y de cancer de cuello uterino",numero de mujeres con muestras de pap tomadas,2015-05-01,0,0,0,0,2,2
CHOQUE COTA,"anticoncepcion, prevencion de its y de cancer de cuello uterino",numero de mujeres con muestras de pap tomadas,2015-05-01,0,0,1,0,0,1
CHUA COCANI,"anticoncepcion, prevencion de its y de cancer de cuello uterino",numero de mujeres con muestras de pap tomadas,2015-05-01,0,0,0,3,0,3
CHULUMANI (V. DE LA LIBERTAD),"anticoncepcion, prevencion de its y de cancer de cuello uterino",numero de mujeres con muestras de pap tomadas,2015-05-01,0,10,18,6,0,34
CHUMA,"anticoncepcion, prevencion de its y de cancer de cuello uterino",numero de mujeres con muestras de pap tomadas,2015-05-01,0,5,12,5,3,25
CHUQUIHUTA AYLLU JUCUMANI,"anticoncepcion, prevencion de its y de cancer de cuello uterino",numero de mujeres con muestras de pap tomadas,2015-05-01,0,1,13,0,0,14
CKOCHAS,"anticoncepcion, prevencion de its y de cancer de cuello uterino",numero de mujeres con muestras de pap tomadas,2015-05-01,0,8,58,43,12,121
CLIZA,"anticoncepcion, prevencion de its y de cancer de cuello uterino",numero de mujeres con muestras de pap tomadas,2015-05-01,0,4,28,1,0,33
COBIJA,"anticoncepcion, prevencion de its y de cancer de cuello uterino",numero de mujeres con muestras de pap tomadas,2015-05-01,1,18,192,89,28,328
COCAPATA,"anticoncepcion, prevencion de its y de cancer de cuello uterino",numero de mujeres con muestras de pap tomadas,2015-05-01,0,1,6,3,0,10
COCHABAMBA,"anticoncepcion, prevencion de its y de cancer de cuello uterino",numero de mujeres con muestras de pap tomadas,2015-05-01,26,248,1753,2150,623,4800
COLCAPIRHUA,"anticoncepcion, prevencion de its y de cancer de cuello uterino",numero de mujeres con muestras de pap tomadas,2015-05-01,12,62,69,60,27,230
"COLCHA ""K""","anticoncepcion, prevencion de its y de cancer de cuello uterino",numero de mujeres con muestras de pap tomadas,2015-05-01,0,4,13,4,1,22
COLLANA,"anticoncepcion, prevencion de its y de cancer de cuello uterino",numero de mujeres con muestras de pap tomadas,2015-05-01,0,0,0,0,1,1
COLOMI,"anticoncepcion, prevencion de its y de cancer de cuello uterino",numero de mujeres con muestras de pap tomadas,2015-05-01,0,1,18,5,0,24
COLPA BELGICA,"anticoncepcion, prevencion de its y de cancer de cuello uterino",numero de mujeres con muestras de pap tomadas,2015-05-01,0,2,3,4,0,9
COLQUECHACA,"anticoncepcion, prevencion de its y de cancer de cuello uterino",numero de mujeres con muestras de pap tomadas,2015-05-01,0,18,25,16,2,61
COLQUENCHA,"anticoncepcion, prevencion de its y de cancer de cuello uterino",numero de mujeres con muestras de pap tomadas,2015-05-01,0,1,2,0,2,5
COLQUIRI,"anticoncepcion, prevencion de its y de cancer de cuello uterino",numero de mujeres con muestras de pap tomadas,2015-05-01,0,2,21,8,4,35
COMANCHE,"anticoncepcion, prevencion de its y de cancer de cuello uterino",numero de mujeres con muestras de pap tomadas,2015-05-01,0,0,3,0,0,3
COMARAPA,"anticoncepcion, prevencion de its y de cancer de cuello uterino",numero de mujeres con muestras de pap tomadas,2015-05-01,0,0,23,19,15,57
CONCEPCION,"anticoncepcion, prevencion de its y de cancer de cuello uterino",numero de mujeres con muestras de pap tomadas,2015-05-01,1,2,11,3,0,17
CORIPATA,"anticoncepcion, prevencion de its y de cancer de cuello uterino",numero de mujeres con muestras de pap tomadas,2015-05-01,0,0,60,1,0,61
CORO CORO,"anticoncepcion, prevencion de its y de cancer de cuello uterino",numero de mujeres con muestras de pap tomadas,2015-05-01,0,1,2,2,0,5
COROICO,"anticoncepcion, prevencion de its y de cancer de cuello uterino",numero de mujeres con muestras de pap tomadas,2015-05-01,12,10,21,20,4,67
CORQUE,"anticoncepcion, prevencion de its y de cancer de cuello uterino",numero de mujeres con muestras de pap tomadas,2015-05-01,0,0,3,0,0,3
COTAGAITA,"anticoncepcion, prevencion de its y de cancer de cuello uterino",numero de mujeres con muestras de pap tomadas,2015-05-01,1,10,18,20,4,53
COTOCA,"anticoncepcion, prevencion de its y de cancer de cuello uterino",numero de mujeres con muestras de pap tomadas,2015-05-01,0,23,94,61,3,181
CRUZ DE MACHACAMARCA,"anticoncepcion, prevencion de its y de cancer de cuello uterino",numero de mujeres con muestras de pap tomadas,2015-05-01,0,0,43,0,0,43
CUATRO CAÑADAS,"anticoncepcion, prevencion de its y de cancer de cuello uterino",numero de mujeres con muestras de pap tomadas,2015-05-01,0,5,98,23,3,129
CUCHUMUELA (V. G. VILLARROEL),"anticoncepcion, prevencion de its y de cancer de cuello uterino",numero de mujeres con muestras de pap tomadas,2015-05-01,0,2,0,0,0,2
CULPINA,"anticoncepcion, prevencion de its y de cancer de cuello uterino",numero de mujeres con muestras de pap tomadas,2015-05-01,0,12,43,41,8,104
CURAHUARA DE CARANGAS,"anticoncepcion, prevencion de its y de cancer de cuello uterino",numero de mujeres con muestras de pap tomadas,2015-05-01,0,0,1,2,4,7
CURVA,"anticoncepcion, prevencion de its y de cancer de cuello uterino",numero de mujeres con muestras de pap tomadas,2015-05-01,0,0,1,0,1,2
DESAGUADERO,"anticoncepcion, prevencion de its y de cancer de cuello uterino",numero de mujeres con muestras de pap tomadas,2015-05-01,0,0,11,8,4,23
EL ALTO,"anticoncepcion, prevencion de its y de cancer de cuello uterino",numero de mujeres con muestras de pap tomadas,2015-05-01,1,125,1849,1349,352,3676
EL CHORO,"anticoncepcion, prevencion de its y de cancer de cuello uterino",numero de mujeres con muestras de pap tomadas,2015-05-01,0,1,4,3,1,9
EL PUENTE(STC),"anticoncepcion, prevencion de its y de cancer de cuello uterino",numero de mujeres con muestras de pap tomadas,2015-05-01,0,3,19,1,1,24
EL PUENTE(TJA),"anticoncepcion, prevencion de its y de cancer de cuello uterino",numero de mujeres con muestras de pap tomadas,2015-05-01,0,0,7,6,2,15
EL TORNO,"anticoncepcion, prevencion de its y de cancer de cuello uterino",numero de mujeres con muestras de pap tomadas,2015-05-01,1,16,169,124,81,391
EL VILLAR,"anticoncepcion, prevencion de its y de cancer de cuello uterino",numero de mujeres con muestras de pap tomadas,2015-05-01,0,7,20,18,12,57
ENTRE RIOS TRJ,"anticoncepcion, prevencion de its y de cancer de cuello uterino",numero de mujeres con muestras de pap tomadas,2015-05-01,0,6,44,37,31,118
ENTRE RIOS CBBA,"anticoncepcion, prevencion de its y de cancer de cuello uterino",numero de mujeres con muestras de pap tomadas,2015-05-01,0,1,10,3,2,16
ESCOMA,"anticoncepcion, prevencion de its y de cancer de cuello uterino",numero de mujeres con muestras de pap tomadas,2015-05-01,0,0,15,0,0,15
EUCALIPTUS,"anticoncepcion, prevencion de its y de cancer de cuello uterino",numero de mujeres con muestras de pap tomadas,2015-05-01,0,0,4,1,0,5
FERNANDEZ ALONSO,"anticoncepcion, prevencion de its y de cancer de cuello uterino",numero de mujeres con muestras de pap tomadas,2015-05-01,0,0,18,22,2,42
FILADELFIA,"anticoncepcion, prevencion de its y de cancer de cuello uterino",numero de mujeres con muestras de pap tomadas,2015-05-01,0,1,1,0,0,2
GENERAL SAAVEDRA,"anticoncepcion, prevencion de its y de cancer de cuello uterino",numero de mujeres con muestras de pap tomadas,2015-05-01,0,1,17,7,0,25
GRAL. J.J. PEREZ (CHARAZANI),"anticoncepcion, prevencion de its y de cancer de cuello uterino",numero de mujeres con muestras de pap tomadas,2015-05-01,0,0,7,8,1,16
GUANAY,"anticoncepcion, prevencion de its y de cancer de cuello uterino",numero de mujeres con muestras de pap tomadas,2015-05-01,0,3,28,17,3,51
GUAQUI,"anticoncepcion, prevencion de its y de cancer de cuello uterino",numero de mujeres con muestras de pap tomadas,2015-05-01,2,5,32,15,5,59
GUAYARAMERIN,"anticoncepcion, prevencion de its y de cancer de cuello uterino",numero de mujeres con muestras de pap tomadas,2015-05-01,1,15,92,70,17,195
GUTIERREZ,"anticoncepcion, prevencion de its y de cancer de cuello uterino",numero de mujeres con muestras de pap tomadas,2015-05-01,1,1,4,1,1,8
HUACARETA,"anticoncepcion, prevencion de its y de cancer de cuello uterino",numero de mujeres con muestras de pap tomadas,2015-05-01,0,2,17,8,4,31
HUACAYA (VILLA DE HUACAYA),"anticoncepcion, prevencion de its y de cancer de cuello uterino",numero de mujeres con muestras de pap tomadas,2015-05-01,0,0,1,0,0,1
HUANUNI,"anticoncepcion, prevencion de its y de cancer de cuello uterino",numero de mujeres con muestras de pap tomadas,2015-05-01,0,0,18,15,0,33
HUARINA,"anticoncepcion, prevencion de its y de cancer de cuello uterino",numero de mujeres con muestras de pap tomadas,2015-05-01,0,4,16,11,3,34
HUATAJATA,"anticoncepcion, prevencion de its y de cancer de cuello uterino",numero de mujeres con muestras de pap tomadas,2015-05-01,0,1,2,0,0,3
HUAYLLAMARCA,"anticoncepcion, prevencion de its y de cancer de cuello uterino",numero de mujeres con muestras de pap tomadas,2015-05-01,0,1,10,10,5,26
ICLA,"anticoncepcion, prevencion de its y de cancer de cuello uterino",numero de mujeres con muestras de pap tomadas,2015-05-01,0,4,41,72,37,154
INCAHUASI,"anticoncepcion, prevencion de its y de cancer de cuello uterino",numero de mujeres con muestras de pap tomadas,2015-05-01,0,12,49,26,8,95
INQUISIVI,"anticoncepcion, prevencion de its y de cancer de cuello uterino",numero de mujeres con muestras de pap tomadas,2015-05-01,0,1,1,0,0,2
IRUPANA (VILLA DE LANZA),"anticoncepcion, prevencion de its y de cancer de cuello uterino",numero de mujeres con muestras de pap tomadas,2015-05-01,0,0,5,8,4,17
IXIAMAS,"anticoncepcion, prevencion de its y de cancer de cuello uterino",numero de mujeres con muestras de pap tomadas,2015-05-01,0,4,6,6,3,19
JESUS DE MACHACA,"anticoncepcion, prevencion de its y de cancer de cuello uterino",numero de mujeres con muestras de pap tomadas,2015-05-01,0,1,6,9,2,18
LA ASUNTA,"anticoncepcion, prevencion de its y de cancer de cuello uterino",numero de mujeres con muestras de pap tomadas,2015-05-01,0,11,67,28,6,112
LA GUARDIA,"anticoncepcion, prevencion de its y de cancer de cuello uterino",numero de mujeres con muestras de pap tomadas,2015-05-01,1,29,174,55,26,285
LA PAZ,"anticoncepcion, prevencion de its y de cancer de cuello uterino",numero de mujeres con muestras de pap tomadas,2015-05-01,2,116,2973,1177,472,4740
LAGUNILLAS,"anticoncepcion, prevencion de its y de cancer de cuello uterino",numero de mujeres con muestras de pap tomadas,2015-05-01,0,0,1,0,0,1
LAJA,"anticoncepcion, prevencion de its y de cancer de cuello uterino",numero de mujeres con muestras de pap tomadas,2015-05-01,0,4,25,13,11,53
LAS CARRERAS,"anticoncepcion, prevencion de its y de cancer de cuello uterino",numero de mujeres con muestras de pap tomadas,2015-05-01,0,0,3,6,0,9
LICOMA PAMPA,"anticoncepcion, prevencion de its y de cancer de cuello uterino",numero de mujeres con muestras de pap tomadas,2015-05-01,0,0,3,1,1,5
LLALLAGUA,"anticoncepcion, prevencion de its y de cancer de cuello uterino",numero de mujeres con muestras de pap tomadas,2015-05-01,0,1,69,49,26,145
LURIBAY,"anticoncepcion, prevencion de its y de cancer de cuello uterino",numero de mujeres con muestras de pap tomadas,2015-05-01,1,8,31,42,29,111
MACHACAMARCA,"anticoncepcion, prevencion de its y de cancer de cuello uterino",numero de mujeres con muestras de pap tomadas,2015-05-01,0,0,2,0,0,2
MACHARETI,"anticoncepcion, prevencion de its y de cancer de cuello uterino",numero de mujeres con muestras de pap tomadas,2015-05-01,0,1,9,5,0,15
MAIRANA,"anticoncepcion, prevencion de its y de cancer de cuello uterino",numero de mujeres con muestras de pap tomadas,2015-05-01,0,2,14,5,1,22
MALLA,"anticoncepcion, prevencion de its y de cancer de cuello uterino",numero de mujeres con muestras de pap tomadas,2015-05-01,0,1,5,2,0,8
MAPIRI,"anticoncepcion, prevencion de its y de cancer de cuello uterino",numero de mujeres con muestras de pap tomadas,2015-05-01,0,0,12,7,2,21
MECAPACA,"anticoncepcion, prevencion de its y de cancer de cuello uterino",numero de mujeres con muestras de pap tomadas,2015-05-01,0,1,9,5,0,15
MINEROS,"anticoncepcion, prevencion de its y de cancer de cuello uterino",numero de mujeres con muestras de pap tomadas,2015-05-01,0,8,63,27,10,108
MIZQUE,"anticoncepcion, prevencion de its y de cancer de cuello uterino",numero de mujeres con muestras de pap tomadas,2015-05-01,0,12,56,47,13,128
MOCOMOCO,"anticoncepcion, prevencion de its y de cancer de cuello uterino",numero de mujeres con muestras de pap tomadas,2015-05-01,0,1,4,3,3,11
MOJINETE,"anticoncepcion, prevencion de its y de cancer de cuello uterino",numero de mujeres con muestras de pap tomadas,2015-05-01,0,0,7,4,1,12
MOJOCOYA,"anticoncepcion, prevencion de its y de cancer de cuello uterino",numero de mujeres con muestras de pap tomadas,2015-05-01,0,8,29,29,1,67
MONTEAGUDO,"anticoncepcion, prevencion de its y de cancer de cuello uterino",numero de mujeres con muestras de pap tomadas,2015-05-01,1,11,75,80,30,197
MONTERO,"anticoncepcion, prevencion de its y de cancer de cuello uterino",numero de mujeres con muestras de pap tomadas,2015-05-01,20,23,110,65,22,240
MORO MORO,"anticoncepcion, prevencion de its y de cancer de cuello uterino",numero de mujeres con muestras de pap tomadas,2015-05-01,2,3,1,2,0,8
MOROCHATA,"anticoncepcion, prevencion de its y de cancer de cuello uterino",numero de mujeres con muestras de pap tomadas,2015-05-01,0,1,1,3,0,5
NUEVO MANOA (NUEVA ESPERANZA),"anticoncepcion, prevencion de its y de cancer de cuello uterino",numero de mujeres con muestras de pap tomadas,2015-05-01,0,0,13,2,0,15
OCURI,"anticoncepcion, prevencion de its y de cancer de cuello uterino",numero de mujeres con muestras de pap tomadas,2015-05-01,0,1,10,6,0,17
OKINAWA,"anticoncepcion, prevencion de its y de cancer de cuello uterino",numero de mujeres con muestras de pap tomadas,2015-05-01,1,2,10,11,0,24
OMEREQUE,"anticoncepcion, prevencion de its y de cancer de cuello uterino",numero de mujeres con muestras de pap tomadas,2015-05-01,0,2,11,4,0,17
ORURO,"anticoncepcion, prevencion de its y de cancer de cuello uterino",numero de mujeres con muestras de pap tomadas,2015-05-01,1,33,466,235,92,827
PADCAYA,"anticoncepcion, prevencion de its y de cancer de cuello uterino",numero de mujeres con muestras de pap tomadas,2015-05-01,0,3,18,12,7,40
PADILLA,"anticoncepcion, prevencion de its y de cancer de cuello uterino",numero de mujeres con muestras de pap tomadas,2015-05-01,0,4,20,22,4,50
PAILON,"anticoncepcion, prevencion de its y de cancer de cuello uterino",numero de mujeres con muestras de pap tomadas,2015-05-01,0,1,21,2,1,25
PALCA,"anticoncepcion, prevencion de its y de cancer de cuello uterino",numero de mujeres con muestras de pap tomadas,2015-05-01,0,3,21,7,3,34
PALOS BLANCOS,"anticoncepcion, prevencion de its y de cancer de cuello uterino",numero de mujeres con muestras de pap tomadas,2015-05-01,0,7,76,34,9,126
PAMPA GRANDE,"anticoncepcion, prevencion de its y de cancer de cuello uterino",numero de mujeres con muestras de pap tomadas,2015-05-01,0,2,7,6,2,17
PAPEL PAMPA,"anticoncepcion, prevencion de its y de cancer de cuello uterino",numero de mujeres con muestras de pap tomadas,2015-05-01,0,3,12,10,1,26
PASORAPA,"anticoncepcion, prevencion de its y de cancer de cuello uterino",numero de mujeres con muestras de pap tomadas,2015-05-01,0,0,1,4,2,7
PATACAMAYA,"anticoncepcion, prevencion de its y de cancer de cuello uterino",numero de mujeres con muestras de pap tomadas,2015-05-01,0,7,52,26,19,104
PAZÑA,"anticoncepcion, prevencion de its y de cancer de cuello uterino",numero de mujeres con muestras de pap tomadas,2015-05-01,0,0,29,8,1,38
PELECHUCO,"anticoncepcion, prevencion de its y de cancer de cuello uterino",numero de mujeres con muestras de pap tomadas,2015-05-01,0,1,8,11,5,25
POCOATA,"anticoncepcion, prevencion de its y de cancer de cuello uterino",numero de mujeres con muestras de pap tomadas,2015-05-01,0,2,17,4,2,25
POCONA,"anticoncepcion, prevencion de its y de cancer de cuello uterino",numero de mujeres con muestras de pap tomadas,2015-05-01,3,18,76,37,6,140
POJO (CBBA),"anticoncepcion, prevencion de its y de cancer de cuello uterino",numero de mujeres con muestras de pap tomadas,2015-05-01,0,0,6,9,2,17
POOPO,"anticoncepcion, prevencion de its y de cancer de cuello uterino",numero de mujeres con muestras de pap tomadas,2015-05-01,0,3,108,43,14,168
PORCO,"anticoncepcion, prevencion de its y de cancer de cuello uterino",numero de mujeres con muestras de pap tomadas,2015-05-01,0,0,8,5,0,13
POROMA,"anticoncepcion, prevencion de its y de cancer de cuello uterino",numero de mujeres con muestras de pap tomadas,2015-05-01,3,6,49,27,10,95
PORONGO,"anticoncepcion, prevencion de its y de cancer de cuello uterino",numero de mujeres con muestras de pap tomadas,2015-05-01,0,1,15,6,6,28
PORTACHUELO,"anticoncepcion, prevencion de its y de cancer de cuello uterino",numero de mujeres con muestras de pap tomadas,2015-05-01,0,15,10,0,0,25
PORVENIR,"anticoncepcion, prevencion de its y de cancer de cuello uterino",numero de mujeres con muestras de pap tomadas,2015-05-01,0,2,1,3,0,6
POSTRER VALLE,"anticoncepcion, prevencion de its y de cancer de cuello uterino",numero de mujeres con muestras de pap tomadas,2015-05-01,0,0,5,0,0,5
POTOSI,"anticoncepcion, prevencion de its y de cancer de cuello uterino",numero de mujeres con muestras de pap tomadas,2015-05-01,0,18,220,485,66,789
PRESTO,"anticoncepcion, prevencion de its y de cancer de cuello uterino",numero de mujeres con muestras de pap tomadas,2015-05-01,2,13,46,33,14,108
PUCARA,"anticoncepcion, prevencion de its y de cancer de cuello uterino",numero de mujeres con muestras de pap tomadas,2015-05-01,0,0,1,1,0,2
PUCARANI,"anticoncepcion, prevencion de its y de cancer de cuello uterino",numero de mujeres con muestras de pap tomadas,2015-05-01,0,4,26,9,0,39
PUERTO ACOSTA,"anticoncepcion, prevencion de its y de cancer de cuello uterino",numero de mujeres con muestras de pap tomadas,2015-05-01,0,0,8,4,0,12
PUERTO CARABUCO,"anticoncepcion, prevencion de its y de cancer de cuello uterino",numero de mujeres con muestras de pap tomadas,2015-05-01,0,2,3,6,2,13
PUERTO GONZALO MORENO,"anticoncepcion, prevencion de its y de cancer de cuello uterino",numero de mujeres con muestras de pap tomadas,2015-05-01,0,8,14,8,0,30
PUERTO PEREZ,"anticoncepcion, prevencion de its y de cancer de cuello uterino",numero de mujeres con muestras de pap tomadas,2015-05-01,0,5,16,5,1,27
PUERTO QUIJARRO,"anticoncepcion, prevencion de its y de cancer de cuello uterino",numero de mujeres con muestras de pap tomadas,2015-05-01,0,27,56,39,1,123
PUERTO RICO,"anticoncepcion, prevencion de its y de cancer de cuello uterino",numero de mujeres con muestras de pap tomadas,2015-05-01,0,3,8,3,0,14
PUERTO SUAREZ,"anticoncepcion, prevencion de its y de cancer de cuello uterino",numero de mujeres con muestras de pap tomadas,2015-05-01,0,1,18,9,5,33
PUERTO VILLARROEL,"anticoncepcion, prevencion de its y de cancer de cuello uterino",numero de mujeres con muestras de pap tomadas,2015-05-01,0,36,126,40,11,213
PUNA,"anticoncepcion, prevencion de its y de cancer de cuello uterino",numero de mujeres con muestras de pap tomadas,2015-05-01,0,11,80,50,19,160
PUNATA,"anticoncepcion, prevencion de its y de cancer de cuello uterino",numero de mujeres con muestras de pap tomadas,2015-05-01,0,14,49,27,12,102
QUIABAYA,"anticoncepcion, prevencion de its y de cancer de cuello uterino",numero de mujeres con muestras de pap tomadas,2015-05-01,0,1,5,3,1,10
QUILLACOLLO,"anticoncepcion, prevencion de its y de cancer de cuello uterino",numero de mujeres con muestras de pap tomadas,2015-05-01,0,5,113,73,46,237
QUIME,"anticoncepcion, prevencion de its y de cancer de cuello uterino",numero de mujeres con muestras de pap tomadas,2015-05-01,0,2,3,3,1,9
QUIRUSILLAS,"anticoncepcion, prevencion de its y de cancer de cuello uterino",numero de mujeres con muestras de pap tomadas,2015-05-01,0,0,1,0,2,3
RAVELO,"anticoncepcion, prevencion de its y de cancer de cuello uterino",numero de mujeres con muestras de pap tomadas,2015-05-01,1,10,50,58,15,134
RIBERALTA,"anticoncepcion, prevencion de its y de cancer de cuello uterino",numero de mujeres con muestras de pap tomadas,2015-05-01,10,78,239,104,25,456
ROBORE,"anticoncepcion, prevencion de its y de cancer de cuello uterino",numero de mujeres con muestras de pap tomadas,2015-05-01,0,8,9,4,1,22
RURRENABAQUE,"anticoncepcion, prevencion de its y de cancer de cuello uterino",numero de mujeres con muestras de pap tomadas,2015-05-01,0,3,19,11,3,36
SABAYA,"anticoncepcion, prevencion de its y de cancer de cuello uterino",numero de mujeres con muestras de pap tomadas,2015-05-01,0,0,3,1,0,4
SACABA,"anticoncepcion, prevencion de its y de cancer de cuello uterino",numero de mujeres con muestras de pap tomadas,2015-05-01,3,31,238,110,35,417
SACABAMBA,"anticoncepcion, prevencion de its y de cancer de cuello uterino",numero de mujeres con muestras de pap tomadas,2015-05-01,0,0,7,2,3,12
SACACA,"anticoncepcion, prevencion de its y de cancer de cuello uterino",numero de mujeres con muestras de pap tomadas,2015-05-01,0,5,24,16,4,49
SAIPINA,"anticoncepcion, prevencion de its y de cancer de cuello uterino",numero de mujeres con muestras de pap tomadas,2015-05-01,0,0,3,2,0,5
SAMAIPATA,"anticoncepcion, prevencion de its y de cancer de cuello uterino",numero de mujeres con muestras de pap tomadas,2015-05-01,0,2,2,7,1,12
SAN ANDRES,"anticoncepcion, prevencion de its y de cancer de cuello uterino",numero de mujeres con muestras de pap tomadas,2015-05-01,0,0,6,1,4,11
SAN ANDRES DE MACHACA,"anticoncepcion, prevencion de its y de cancer de cuello uterino",numero de mujeres con muestras de pap tomadas,2015-05-01,0,0,4,4,3,11
SAN ANTONIO DE ESMORUCO,"anticoncepcion, prevencion de its y de cancer de cuello uterino",numero de mujeres con muestras de pap tomadas,2015-05-01,0,0,9,1,0,10
SAN BENITO,"anticoncepcion, prevencion de its y de cancer de cuello uterino",numero de mujeres con muestras de pap tomadas,2015-05-01,0,2,9,3,0,14
SAN BORJA,"anticoncepcion, prevencion de its y de cancer de cuello uterino",numero de mujeres con muestras de pap tomadas,2015-05-01,0,2,9,4,1,16
SAN BUENA VENTURA,"anticoncepcion, prevencion de its y de cancer de cuello uterino",numero de mujeres con muestras de pap tomadas,2015-05-01,0,0,8,3,2,13
SAN CARLOS,"anticoncepcion, prevencion de its y de cancer de cuello uterino",numero de mujeres con muestras de pap tomadas,2015-05-01,0,9,33,14,6,62
SAN IGNACIO,"anticoncepcion, prevencion de its y de cancer de cuello uterino",numero de mujeres con muestras de pap tomadas,2015-05-01,0,1,4,13,0,18
SAN IGNACIO DE VELASCO,"anticoncepcion, prevencion de its y de cancer de cuello uterino",numero de mujeres con muestras de pap tomadas,2015-05-01,2,7,29,10,1,49
SAN JAVIER(STC),"anticoncepcion, prevencion de its y de cancer de cuello uterino",numero de mujeres con muestras de pap tomadas,2015-05-01,0,0,5,4,0,9
SAN JOSE DE CHIQUITOS,"anticoncepcion, prevencion de its y de cancer de cuello uterino",numero de mujeres con muestras de pap tomadas,2015-05-01,0,3,15,7,1,26
SAN JUAN DE YAPACANI,"anticoncepcion, prevencion de its y de cancer de cuello uterino",numero de mujeres con muestras de pap tomadas,2015-05-01,3,10,33,34,8,88
SAN JULIAN,"anticoncepcion, prevencion de its y de cancer de cuello uterino",numero de mujeres con muestras de pap tomadas,2015-05-01,0,12,65,37,9,123
SAN LORENZO(PND),"anticoncepcion, prevencion de its y de cancer de cuello uterino",numero de mujeres con muestras de pap tomadas,2015-05-01,0,1,2,1,0,4
SAN LORENZO(TJA),"anticoncepcion, prevencion de its y de cancer de cuello uterino",numero de mujeres con muestras de pap tomadas,2015-05-01,0,1,17,8,1,27
SAN LUCAS,"anticoncepcion, prevencion de its y de cancer de cuello uterino",numero de mujeres con muestras de pap tomadas,2015-05-01,0,25,92,77,18,212
SAN MATIAS,"anticoncepcion, prevencion de its y de cancer de cuello uterino",numero de mujeres con muestras de pap tomadas,2015-05-01,0,2,1,0,0,3
SAN MIGUEL DE VELASCO,"anticoncepcion, prevencion de its y de cancer de cuello uterino",numero de mujeres con muestras de pap tomadas,2015-05-01,0,1,5,1,1,8
SAN PABLO DE LIPEZ,"anticoncepcion, prevencion de its y de cancer de cuello uterino",numero de mujeres con muestras de pap tomadas,2015-05-01,0,0,0,1,0,1
SAN PEDRO,"anticoncepcion, prevencion de its y de cancer de cuello uterino",numero de mujeres con muestras de pap tomadas,2015-05-01,0,0,24,16,4,44
SAN PEDRO DE BUENA VISTA,"anticoncepcion, prevencion de its y de cancer de cuello uterino",numero de mujeres con muestras de pap tomadas,2015-05-01,0,2,17,14,1,34
SAN PEDRO DE QUEMES,"anticoncepcion, prevencion de its y de cancer de cuello uterino",numero de mujeres con muestras de pap tomadas,2015-05-01,1,0,1,0,0,2
SAN PEDRO DE TIQUINA,"anticoncepcion, prevencion de its y de cancer de cuello uterino",numero de mujeres con muestras de pap tomadas,2015-05-01,0,0,3,2,1,6
SAN RAFAEL,"anticoncepcion, prevencion de its y de cancer de cuello uterino",numero de mujeres con muestras de pap tomadas,2015-05-01,0,1,2,0,0,3
SAN RAMON BENI,"anticoncepcion, prevencion de its y de cancer de cuello uterino",numero de mujeres con muestras de pap tomadas,2015-05-01,0,11,21,5,0,37
SAN RAMON SCZ,"anticoncepcion, prevencion de its y de cancer de cuello uterino",numero de mujeres con muestras de pap tomadas,2015-05-01,0,9,6,7,1,23
SANTA CRUZ DE LA SIERRA,"anticoncepcion, prevencion de its y de cancer de cuello uterino",numero de mujeres con muestras de pap tomadas,2015-05-01,15,490,2298,1155,459,4417
SANTA ROSA DEL SARA,"anticoncepcion, prevencion de its y de cancer de cuello uterino",numero de mujeres con muestras de pap tomadas,2015-05-01,2,15,48,35,6,106
SANTIAGO DE HUARI,"anticoncepcion, prevencion de its y de cancer de cuello uterino",numero de mujeres con muestras de pap tomadas,2015-05-01,0,0,0,0,1,1
SANTIAGO DE HUATA,"anticoncepcion, prevencion de its y de cancer de cuello uterino",numero de mujeres con muestras de pap tomadas,2015-05-01,0,0,4,1,0,5
SANTIAGO DE MACHACA,"anticoncepcion, prevencion de its y de cancer de cuello uterino",numero de mujeres con muestras de pap tomadas,2015-05-01,0,0,3,3,0,6
SANTIVAÑES,"anticoncepcion, prevencion de its y de cancer de cuello uterino",numero de mujeres con muestras de pap tomadas,2015-05-01,0,1,8,2,0,11
SANTUARIO DE QUILLACAS,"anticoncepcion, prevencion de its y de cancer de cuello uterino",numero de mujeres con muestras de pap tomadas,2015-05-01,0,0,1,1,0,2
SAPAHAQUI,"anticoncepcion, prevencion de its y de cancer de cuello uterino",numero de mujeres con muestras de pap tomadas,2015-05-01,0,1,2,1,1,5
SENA,"anticoncepcion, prevencion de its y de cancer de cuello uterino",numero de mujeres con muestras de pap tomadas,2015-05-01,0,1,0,0,0,1
SHINAOTA,"anticoncepcion, prevencion de its y de cancer de cuello uterino",numero de mujeres con muestras de pap tomadas,2015-05-01,0,4,22,10,2,38
SICA SICA (VILLA AROMA),"anticoncepcion, prevencion de its y de cancer de cuello uterino",numero de mujeres con muestras de pap tomadas,2015-05-01,0,3,29,17,5,54
SIPE SIPE,"anticoncepcion, prevencion de its y de cancer de cuello uterino",numero de mujeres con muestras de pap tomadas,2015-05-01,0,11,110,46,17,184
SOPACHUY,"anticoncepcion, prevencion de its y de cancer de cuello uterino",numero de mujeres con muestras de pap tomadas,2015-05-01,0,1,17,5,1,24
SORACACHI,"anticoncepcion, prevencion de its y de cancer de cuello uterino",numero de mujeres con muestras de pap tomadas,2015-05-01,0,0,7,2,0,9
SUCRE,"anticoncepcion, prevencion de its y de cancer de cuello uterino",numero de mujeres con muestras de pap tomadas,2015-05-01,12,439,2090,817,203,3561
TACACHI,"anticoncepcion, prevencion de its y de cancer de cuello uterino",numero de mujeres con muestras de pap tomadas,2015-05-01,0,0,1,0,0,1
TACACOMA,"anticoncepcion, prevencion de its y de cancer de cuello uterino",numero de mujeres con muestras de pap tomadas,2015-05-01,0,0,1,0,0,1
TACOBAMBA,"anticoncepcion, prevencion de its y de cancer de cuello uterino",numero de mujeres con muestras de pap tomadas,2015-05-01,0,1,15,14,7,37
TACOPAYA,"anticoncepcion, prevencion de its y de cancer de cuello uterino",numero de mujeres con muestras de pap tomadas,2015-05-01,0,0,5,2,0,7
TAPACARI,"anticoncepcion, prevencion de its y de cancer de cuello uterino",numero de mujeres con muestras de pap tomadas,2015-05-01,0,1,13,9,0,23
TARABUCO,"anticoncepcion, prevencion de its y de cancer de cuello uterino",numero de mujeres con muestras de pap tomadas,2015-05-01,1,18,56,53,7,135
TARACO,"anticoncepcion, prevencion de its y de cancer de cuello uterino",numero de mujeres con muestras de pap tomadas,2015-05-01,0,3,10,4,4,21
TARATA,"anticoncepcion, prevencion de its y de cancer de cuello uterino",numero de mujeres con muestras de pap tomadas,2015-05-01,0,1,14,6,1,22
TARIJA,"anticoncepcion, prevencion de its y de cancer de cuello uterino",numero de mujeres con muestras de pap tomadas,2015-05-01,0,73,580,1227,250,2130
TARVITA,"anticoncepcion, prevencion de its y de cancer de cuello uterino",numero de mujeres con muestras de pap tomadas,2015-05-01,0,5,54,53,7,119
TEOPONTE,"anticoncepcion, prevencion de its y de cancer de cuello uterino",numero de mujeres con muestras de pap tomadas,2015-05-01,0,15,58,31,8,112
TIAWANACU,"anticoncepcion, prevencion de its y de cancer de cuello uterino",numero de mujeres con muestras de pap tomadas,2015-05-01,0,1,12,6,3,22
TINGUIPAYA,"anticoncepcion, prevencion de its y de cancer de cuello uterino",numero de mujeres con muestras de pap tomadas,2015-05-01,0,1,36,27,8,72
TIPUANI,"anticoncepcion, prevencion de its y de cancer de cuello uterino",numero de mujeres con muestras de pap tomadas,2015-05-01,0,4,6,0,0,10
TIQUIPAYA,"anticoncepcion, prevencion de its y de cancer de cuello uterino",numero de mujeres con muestras de pap tomadas,2015-05-01,1,4,53,18,2,78
TIRAQUE (CBBA),"anticoncepcion, prevencion de its y de cancer de cuello uterino",numero de mujeres con muestras de pap tomadas,2015-05-01,0,9,45,34,7,95
TITO YUPANQUI (PARQUIPUJIO),"anticoncepcion, prevencion de its y de cancer de cuello uterino",numero de mujeres con muestras de pap tomadas,2015-05-01,0,0,0,2,0,2
TOCO,"anticoncepcion, prevencion de its y de cancer de cuello uterino",numero de mujeres con muestras de pap tomadas,2015-05-01,0,11,44,28,3,86
TOLATA,"anticoncepcion, prevencion de its y de cancer de cuello uterino",numero de mujeres con muestras de pap tomadas,2015-05-01,0,0,14,4,0,18
TOMAVE,"anticoncepcion, prevencion de its y de cancer de cuello uterino",numero de mujeres con muestras de pap tomadas,2015-05-01,1,3,10,6,1,21
TOMINA,"anticoncepcion, prevencion de its y de cancer de cuello uterino",numero de mujeres con muestras de pap tomadas,2015-05-01,2,3,22,21,11,59
TORO TORO,"anticoncepcion, prevencion de its y de cancer de cuello uterino",numero de mujeres con muestras de pap tomadas,2015-05-01,1,8,27,17,0,53
TOTORA(CBBA),"anticoncepcion, prevencion de its y de cancer de cuello uterino",numero de mujeres con muestras de pap tomadas,2015-05-01,1,23,61,17,2,104
TOTORA(ORR),"anticoncepcion, prevencion de its y de cancer de cuello uterino",numero de mujeres con muestras de pap tomadas,2015-05-01,0,0,3,4,8,15
TRIGAL,"anticoncepcion, prevencion de its y de cancer de cuello uterino",numero de mujeres con muestras de pap tomadas,2015-05-01,0,0,3,2,1,6
TRINIDAD,"anticoncepcion, prevencion de its y de cancer de cuello uterino",numero de mujeres con muestras de pap tomadas,2015-05-01,13,23,171,119,59,385
TUPIZA,"anticoncepcion, prevencion de its y de cancer de cuello uterino",numero de mujeres con muestras de pap tomadas,2015-05-01,0,1,37,20,5,63
TURCO,"anticoncepcion, prevencion de its y de cancer de cuello uterino",numero de mujeres con muestras de pap tomadas,2015-05-01,0,1,11,5,3,20
UMALA,"anticoncepcion, prevencion de its y de cancer de cuello uterino",numero de mujeres con muestras de pap tomadas,2015-05-01,0,0,6,2,1,9
URIONDO (A. CONCEPCION),"anticoncepcion, prevencion de its y de cancer de cuello uterino",numero de mujeres con muestras de pap tomadas,2015-05-01,0,3,15,16,5,39
URUBICHA,"anticoncepcion, prevencion de its y de cancer de cuello uterino",numero de mujeres con muestras de pap tomadas,2015-05-01,0,0,4,1,1,6
UYUNI,"anticoncepcion, prevencion de its y de cancer de cuello uterino",numero de mujeres con muestras de pap tomadas,2015-05-01,0,0,10,4,3,17
VACAS,"anticoncepcion, prevencion de its y de cancer de cuello uterino",numero de mujeres con muestras de pap tomadas,2015-05-01,0,1,5,8,0,14
VALLEGRANDE,"anticoncepcion, prevencion de its y de cancer de cuello uterino",numero de mujeres con muestras de pap tomadas,2015-05-01,1,11,55,37,20,124
VIACHA,"anticoncepcion, prevencion de its y de cancer de cuello uterino",numero de mujeres con muestras de pap tomadas,2015-05-01,0,13,96,47,9,165
VILA VILA,"anticoncepcion, prevencion de its y de cancer de cuello uterino",numero de mujeres con muestras de pap tomadas,2015-05-01,0,3,12,8,4,27
VILLA CHARCAS,"anticoncepcion, prevencion de its y de cancer de cuello uterino",numero de mujeres con muestras de pap tomadas,2015-05-01,0,16,70,50,11,147
VILLA MONTES,"anticoncepcion, prevencion de its y de cancer de cuello uterino",numero de mujeres con muestras de pap tomadas,2015-05-01,3,30,194,149,38,414
VILLA NUEVA (LOMA ALTA),"anticoncepcion, prevencion de its y de cancer de cuello uterino",numero de mujeres con muestras de pap tomadas,2015-05-01,0,1,0,0,0,1
VILLA RIVERO,"anticoncepcion, prevencion de its y de cancer de cuello uterino",numero de mujeres con muestras de pap tomadas,2015-05-01,0,5,23,12,0,40
VILLA SERRANO,"anticoncepcion, prevencion de its y de cancer de cuello uterino",numero de mujeres con muestras de pap tomadas,2015-05-01,1,4,25,22,16,68
VILLA TUNARI,"anticoncepcion, prevencion de its y de cancer de cuello uterino",numero de mujeres con muestras de pap tomadas,2015-05-01,1,4,48,24,8,85
VILLA VACA GUZMAN (MUYUPAMPA),"anticoncepcion, prevencion de its y de cancer de cuello uterino",numero de mujeres con muestras de pap tomadas,2015-05-01,0,6,26,15,3,50
VILLAZON,"anticoncepcion, prevencion de its y de cancer de cuello uterino",numero de mujeres con muestras de pap tomadas,2015-05-01,0,1,48,40,22,111
VINTO,"anticoncepcion, prevencion de its y de cancer de cuello uterino",numero de mujeres con muestras de pap tomadas,2015-05-01,0,8,97,68,23,196
VITICHI,"anticoncepcion, prevencion de its y de cancer de cuello uterino",numero de mujeres con muestras de pap tomadas,2015-05-01,0,1,7,2,2,12
WALDO BALLIVIAN,"anticoncepcion, prevencion de its y de cancer de cuello uterino",numero de mujeres con muestras de pap tomadas,2015-05-01,0,0,1,1,0,2
WARNES,"anticoncepcion, prevencion de its y de cancer de cuello uterino",numero de mujeres con muestras de pap tomadas,2015-05-01,0,13,87,47,10,157
YACO,"anticoncepcion, prevencion de its y de cancer de cuello uterino",numero de mujeres con muestras de pap tomadas,2015-05-01,0,1,2,0,0,3
YACUIBA,"anticoncepcion, prevencion de its y de cancer de cuello uterino",numero de mujeres con muestras de pap tomadas,2015-05-01,1,23,143,105,36,308
YAMPARAEZ,"anticoncepcion, prevencion de its y de cancer de cuello uterino",numero de mujeres con muestras de pap tomadas,2015-05-01,0,8,17,32,6,63
YANACACHI,"anticoncepcion, prevencion de its y de cancer de cuello uterino",numero de mujeres con muestras de pap tomadas,2015-05-01,0,0,22,9,5,36
YAPACANI,"anticoncepcion, prevencion de its y de cancer de cuello uterino",numero de mujeres con muestras de pap tomadas,2015-05-01,1,7,73,39,2,122
YOCALLA,"anticoncepcion, prevencion de its y de cancer de cuello uterino",numero de mujeres con muestras de pap tomadas,2015-05-01,0,1,5,1,1,8
YOTALA,"anticoncepcion, prevencion de its y de cancer de cuello uterino",numero de mujeres con muestras de pap tomadas,2015-05-01,0,4,10,5,0,19
YUNCHARA,"anticoncepcion, prevencion de its y de cancer de cuello uterino",numero de mujeres con muestras de pap tomadas,2015-05-01,0,1,2,2,1,6
ZUDAÑEZ,"anticoncepcion, prevencion de its y de cancer de cuello uterino",numero de mujeres con muestras de pap tomadas,2015-05-01,0,3,19,17,0,39
ACACIO,"anticoncepcion, prevencion de its y de cancer de cuello uterino",numero de mujeres con muestras de pap tomadas,2015-06-01,0,6,31,26,9,72
ACHACACHI,"anticoncepcion, prevencion de its y de cancer de cuello uterino",numero de mujeres con muestras de pap tomadas,2015-06-01,0,2,24,9,3,38
ACHOCALLA,"anticoncepcion, prevencion de its y de cancer de cuello uterino",numero de mujeres con muestras de pap tomadas,2015-06-01,0,6,62,33,4,105
AIQUILE,"anticoncepcion, prevencion de its y de cancer de cuello uterino",numero de mujeres con muestras de pap tomadas,2015-06-01,1,5,48,38,3,95
ALCALA,"anticoncepcion, prevencion de its y de cancer de cuello uterino",numero de mujeres con muestras de pap tomadas,2015-06-01,0,1,16,30,15,62
ALTO BENI,"anticoncepcion, prevencion de its y de cancer de cuello uterino",numero de mujeres con muestras de pap tomadas,2015-06-01,0,0,16,5,2,23
ANCORAIMES,"anticoncepcion, prevencion de its y de cancer de cuello uterino",numero de mujeres con muestras de pap tomadas,2015-06-01,0,1,4,4,0,9
ANDAMARCA,"anticoncepcion, prevencion de its y de cancer de cuello uterino",numero de mujeres con muestras de pap tomadas,2015-06-01,0,0,0,1,0,1
ANTEQUERA,"anticoncepcion, prevencion de its y de cancer de cuello uterino",numero de mujeres con muestras de pap tomadas,2015-06-01,0,0,5,0,1,6
ANZALDO,"anticoncepcion, prevencion de its y de cancer de cuello uterino",numero de mujeres con muestras de pap tomadas,2015-06-01,0,0,1,1,0,2
APOLO,"anticoncepcion, prevencion de its y de cancer de cuello uterino",numero de mujeres con muestras de pap tomadas,2015-06-01,0,0,6,6,0,12
ARAMPAMPA,"anticoncepcion, prevencion de its y de cancer de cuello uterino",numero de mujeres con muestras de pap tomadas,2015-06-01,0,1,6,14,0,21
ARANI,"anticoncepcion, prevencion de its y de cancer de cuello uterino",numero de mujeres con muestras de pap tomadas,2015-06-01,4,17,4,4,1,30
ARBIETO,"anticoncepcion, prevencion de its y de cancer de cuello uterino",numero de mujeres con muestras de pap tomadas,2015-06-01,1,9,35,11,4,60
ARQUE,"anticoncepcion, prevencion de its y de cancer de cuello uterino",numero de mujeres con muestras de pap tomadas,2015-06-01,0,0,2,1,0,3
ASCENCION DE GUARAYOS,"anticoncepcion, prevencion de its y de cancer de cuello uterino",numero de mujeres con muestras de pap tomadas,2015-06-01,1,15,73,45,11,145
ATOCHA,"anticoncepcion, prevencion de its y de cancer de cuello uterino",numero de mujeres con muestras de pap tomadas,2015-06-01,0,3,10,3,3,19
AUCAPATA,"anticoncepcion, prevencion de its y de cancer de cuello uterino",numero de mujeres con muestras de pap tomadas,2015-06-01,0,3,8,11,2,24
AYATA,"anticoncepcion, prevencion de its y de cancer de cuello uterino",numero de mujeres con muestras de pap tomadas,2015-06-01,0,0,9,2,3,14
AYOPAYA (V. DE INDEPENDENCIA),"anticoncepcion, prevencion de its y de cancer de cuello uterino",numero de mujeres con muestras de pap tomadas,2015-06-01,0,2,25,6,0,33
AZURDUY,"anticoncepcion, prevencion de its y de cancer de cuello uterino",numero de mujeres con muestras de pap tomadas,2015-06-01,1,7,39,33,6,86
BATALLAS,"anticoncepcion, prevencion de its y de cancer de cuello uterino",numero de mujeres con muestras de pap tomadas,2015-06-01,0,3,10,5,1,19
BELEN DE ANDAMARCA,"anticoncepcion, prevencion de its y de cancer de cuello uterino",numero de mujeres con muestras de pap tomadas,2015-06-01,0,1,2,0,3,6
BELEN DE URMIRI,"anticoncepcion, prevencion de its y de cancer de cuello uterino",numero de mujeres con muestras de pap tomadas,2015-06-01,0,0,2,2,4,8
BELLA FLOR,"anticoncepcion, prevencion de its y de cancer de cuello uterino",numero de mujeres con muestras de pap tomadas,2015-06-01,0,1,2,2,0,5
BERMEJO,"anticoncepcion, prevencion de its y de cancer de cuello uterino",numero de mujeres con muestras de pap tomadas,2015-06-01,0,13,90,61,20,184
BETANZOS,"anticoncepcion, prevencion de its y de cancer de cuello uterino",numero de mujeres con muestras de pap tomadas,2015-06-01,0,6,38,44,12,100
BOLIVAR,"anticoncepcion, prevencion de its y de cancer de cuello uterino",numero de mujeres con muestras de pap tomadas,2015-06-01,0,0,7,6,1,14
BOYUIBE,"anticoncepcion, prevencion de its y de cancer de cuello uterino",numero de mujeres con muestras de pap tomadas,2015-06-01,0,1,1,1,0,3
BUENA VISTA,"anticoncepcion, prevencion de its y de cancer de cuello uterino",numero de mujeres con muestras de pap tomadas,2015-06-01,3,4,15,3,1,26
CABEZAS,"anticoncepcion, prevencion de its y de cancer de cuello uterino",numero de mujeres con muestras de pap tomadas,2015-06-01,0,1,15,18,7,41
CAIROMA,"anticoncepcion, prevencion de its y de cancer de cuello uterino",numero de mujeres con muestras de pap tomadas,2015-06-01,0,3,20,11,5,39
"CAIZA ""D""","anticoncepcion, prevencion de its y de cancer de cuello uterino",numero de mujeres con muestras de pap tomadas,2015-06-01,0,3,18,13,7,41
CAJUATA,"anticoncepcion, prevencion de its y de cancer de cuello uterino",numero de mujeres con muestras de pap tomadas,2015-06-01,0,5,22,13,11,51
CALAMARCA,"anticoncepcion, prevencion de its y de cancer de cuello uterino",numero de mujeres con muestras de pap tomadas,2015-06-01,0,5,16,5,4,30
CAMARGO,"anticoncepcion, prevencion de its y de cancer de cuello uterino",numero de mujeres con muestras de pap tomadas,2015-06-01,1,9,42,44,10,106
CAMATAQUI (C. VILLA ABECIA),"anticoncepcion, prevencion de its y de cancer de cuello uterino",numero de mujeres con muestras de pap tomadas,2015-06-01,0,1,12,5,1,19
CAMIRI,"anticoncepcion, prevencion de its y de cancer de cuello uterino",numero de mujeres con muestras de pap tomadas,2015-06-01,0,6,18,17,7,48
CAPINOTA,"anticoncepcion, prevencion de its y de cancer de cuello uterino",numero de mujeres con muestras de pap tomadas,2015-06-01,0,6,41,30,15,92
CAQUIAVIRI,"anticoncepcion, prevencion de its y de cancer de cuello uterino",numero de mujeres con muestras de pap tomadas,2015-06-01,0,0,4,0,0,4
CARACOLLO,"anticoncepcion, prevencion de its y de cancer de cuello uterino",numero de mujeres con muestras de pap tomadas,2015-06-01,0,0,11,11,2,24
CARANAVI,"anticoncepcion, prevencion de its y de cancer de cuello uterino",numero de mujeres con muestras de pap tomadas,2015-06-01,1,26,146,71,19,263
CARAPARI,"anticoncepcion, prevencion de its y de cancer de cuello uterino",numero de mujeres con muestras de pap tomadas,2015-06-01,0,0,1,0,1,2
CARIPUYO,"anticoncepcion, prevencion de its y de cancer de cuello uterino",numero de mujeres con muestras de pap tomadas,2015-06-01,0,6,45,48,5,104
CARMEN RIVERO TORREZ,"anticoncepcion, prevencion de its y de cancer de cuello uterino",numero de mujeres con muestras de pap tomadas,2015-06-01,0,0,9,3,0,12
CATACORA,"anticoncepcion, prevencion de its y de cancer de cuello uterino",numero de mujeres con muestras de pap tomadas,2015-06-01,0,0,3,3,4,10
CHALLAPATA,"anticoncepcion, prevencion de its y de cancer de cuello uterino",numero de mujeres con muestras de pap tomadas,2015-06-01,0,2,22,7,3,34
CHAQUI,"anticoncepcion, prevencion de its y de cancer de cuello uterino",numero de mujeres con muestras de pap tomadas,2015-06-01,0,1,28,21,2,52
CHARAGUA,"anticoncepcion, prevencion de its y de cancer de cuello uterino",numero de mujeres con muestras de pap tomadas,2015-06-01,0,4,17,8,0,29
CHAYANTA,"anticoncepcion, prevencion de its y de cancer de cuello uterino",numero de mujeres con muestras de pap tomadas,2015-06-01,0,4,7,10,0,21
CHIMORE,"anticoncepcion, prevencion de its y de cancer de cuello uterino",numero de mujeres con muestras de pap tomadas,2015-06-01,0,7,25,9,8,49
CHIPAYA,"anticoncepcion, prevencion de its y de cancer de cuello uterino",numero de mujeres con muestras de pap tomadas,2015-06-01,0,0,1,1,0,2
CHOQUE COTA,"anticoncepcion, prevencion de its y de cancer de cuello uterino",numero de mujeres con muestras de pap tomadas,2015-06-01,0,0,1,1,0,2
CHUA COCANI,"anticoncepcion, prevencion de its y de cancer de cuello uterino",numero de mujeres con muestras de pap tomadas,2015-06-01,0,1,5,2,1,9
CHULUMANI (V. DE LA LIBERTAD),"anticoncepcion, prevencion de its y de cancer de cuello uterino",numero de mujeres con muestras de pap tomadas,2015-06-01,0,2,7,0,1,10
CHUMA,"anticoncepcion, prevencion de its y de cancer de cuello uterino",numero de mujeres con muestras de pap tomadas,2015-06-01,0,12,40,44,20,116
CHUQUIHUTA AYLLU JUCUMANI,"anticoncepcion, prevencion de its y de cancer de cuello uterino",numero de mujeres con muestras de pap tomadas,2015-06-01,0,0,2,1,0,3
CKOCHAS,"anticoncepcion, prevencion de its y de cancer de cuello uterino",numero de mujeres con muestras de pap tomadas,2015-06-01,1,3,58,35,2,99
CLIZA,"anticoncepcion, prevencion de its y de cancer de cuello uterino",numero de mujeres con muestras de pap tomadas,2015-06-01,0,8,43,8,4,63
COBIJA,"anticoncepcion, prevencion de its y de cancer de cuello uterino",numero de mujeres con muestras de pap tomadas,2015-06-01,1,42,187,97,23,350
COCAPATA,"anticoncepcion, prevencion de its y de cancer de cuello uterino",numero de mujeres con muestras de pap tomadas,2015-06-01,2,3,13,2,0,20
COCHABAMBA,"anticoncepcion, prevencion de its y de cancer de cuello uterino",numero de mujeres con muestras de pap tomadas,2015-06-01,20,164,1939,1774,431,4328
COLCAPIRHUA,"anticoncepcion, prevencion de its y de cancer de cuello uterino",numero de mujeres con muestras de pap tomadas,2015-06-01,0,6,85,29,5,125
"COLCHA ""K""","anticoncepcion, prevencion de its y de cancer de cuello uterino",numero de mujeres con muestras de pap tomadas,2015-06-01,0,0,3,1,1,5
COLLANA,"anticoncepcion, prevencion de its y de cancer de cuello uterino",numero de mujeres con muestras de pap tomadas,2015-06-01,0,0,1,0,1,2
COLOMI,"anticoncepcion, prevencion de its y de cancer de cuello uterino",numero de mujeres con muestras de pap tomadas,2015-06-01,0,6,12,1,0,19
COLPA BELGICA,"anticoncepcion, prevencion de its y de cancer de cuello uterino",numero de mujeres con muestras de pap tomadas,2015-06-01,0,4,3,4,0,11
COLQUECHACA,"anticoncepcion, prevencion de its y de cancer de cuello uterino",numero de mujeres con muestras de pap tomadas,2015-06-01,0,4,17,13,6,40
COLQUENCHA,"anticoncepcion, prevencion de its y de cancer de cuello uterino",numero de mujeres con muestras de pap tomadas,2015-06-01,0,0,7,4,0,11
COLQUIRI,"anticoncepcion, prevencion de its y de cancer de cuello uterino",numero de mujeres con muestras de pap tomadas,2015-06-01,0,0,1,3,1,5
COMANCHE,"anticoncepcion, prevencion de its y de cancer de cuello uterino",numero de mujeres con muestras de pap tomadas,2015-06-01,0,0,6,7,0,13
COMARAPA,"anticoncepcion, prevencion de its y de cancer de cuello uterino",numero de mujeres con muestras de pap tomadas,2015-06-01,0,1,24,12,2,39
COMBAYA,"anticoncepcion, prevencion de its y de cancer de cuello uterino",numero de mujeres con muestras de pap tomadas,2015-06-01,0,0,2,0,0,2
CONCEPCION,"anticoncepcion, prevencion de its y de cancer de cuello uterino",numero de mujeres con muestras de pap tomadas,2015-06-01,0,0,10,10,1,21
COPACABANA,"anticoncepcion, prevencion de its y de cancer de cuello uterino",numero de mujeres con muestras de pap tomadas,2015-06-01,0,1,29,16,0,46
CORIPATA,"anticoncepcion, prevencion de its y de cancer de cuello uterino",numero de mujeres con muestras de pap tomadas,2015-06-01,0,0,1,2,0,3
CORO CORO,"anticoncepcion, prevencion de its y de cancer de cuello uterino",numero de mujeres con muestras de pap tomadas,2015-06-01,0,1,2,2,3,8
COROICO,"anticoncepcion, prevencion de its y de cancer de cuello uterino",numero de mujeres con muestras de pap tomadas,2015-06-01,0,11,61,20,16,108
CORQUE,"anticoncepcion, prevencion de its y de cancer de cuello uterino",numero de mujeres con muestras de pap tomadas,2015-06-01,0,1,1,0,0,2
COTAGAITA,"anticoncepcion, prevencion de its y de cancer de cuello uterino",numero de mujeres con muestras de pap tomadas,2015-06-01,0,6,33,22,6,67
COTOCA,"anticoncepcion, prevencion de its y de cancer de cuello uterino",numero de mujeres con muestras de pap tomadas,2015-06-01,0,28,115,40,8,191
CRUZ DE MACHACAMARCA,"anticoncepcion, prevencion de its y de cancer de cuello uterino",numero de mujeres con muestras de pap tomadas,2015-06-01,0,0,1,0,1,2
CUATRO CAÑADAS,"anticoncepcion, prevencion de its y de cancer de cuello uterino",numero de mujeres con muestras de pap tomadas,2015-06-01,0,8,20,15,5,48
CUCHUMUELA (V. G. VILLARROEL),"anticoncepcion, prevencion de its y de cancer de cuello uterino",numero de mujeres con muestras de pap tomadas,2015-06-01,0,0,0,0,1,1
CUEVO,"anticoncepcion, prevencion de its y de cancer de cuello uterino",numero de mujeres con muestras de pap tomadas,2015-06-01,0,0,2,1,0,3
CULPINA,"anticoncepcion, prevencion de its y de cancer de cuello uterino",numero de mujeres con muestras de pap tomadas,2015-06-01,0,12,44,42,7,105
CURVA,"anticoncepcion, prevencion de its y de cancer de cuello uterino",numero de mujeres con muestras de pap tomadas,2015-06-01,0,2,15,11,1,29
DESAGUADERO,"anticoncepcion, prevencion de its y de cancer de cuello uterino",numero de mujeres con muestras de pap tomadas,2015-06-01,0,0,2,0,0,2
EL ALTO,"anticoncepcion, prevencion de its y de cancer de cuello uterino",numero de mujeres con muestras de pap tomadas,2015-06-01,13,186,2295,1725,655,4874
EL CHORO,"anticoncepcion, prevencion de its y de cancer de cuello uterino",numero de mujeres con muestras de pap tomadas,2015-06-01,0,0,2,4,2,8
EL PUENTE(STC),"anticoncepcion, prevencion de its y de cancer de cuello uterino",numero de mujeres con muestras de pap tomadas,2015-06-01,1,5,11,4,1,22
EL PUENTE(TJA),"anticoncepcion, prevencion de its y de cancer de cuello uterino",numero de mujeres con muestras de pap tomadas,2015-06-01,0,2,22,16,7,47
EL TORNO,"anticoncepcion, prevencion de its y de cancer de cuello uterino",numero de mujeres con muestras de pap tomadas,2015-06-01,1,16,134,91,49,291
EL VILLAR,"anticoncepcion, prevencion de its y de cancer de cuello uterino",numero de mujeres con muestras de pap tomadas,2015-06-01,0,3,28,40,29,100
ENTRE RIOS TRJ,"anticoncepcion, prevencion de its y de cancer de cuello uterino",numero de mujeres con muestras de pap tomadas,2015-06-01,0,5,58,43,23,129
ENTRE RIOS CBBA,"anticoncepcion, prevencion de its y de cancer de cuello uterino",numero de mujeres con muestras de pap tomadas,2015-06-01,1,1,11,7,1,21
ESCOMA,"anticoncepcion, prevencion de its y de cancer de cuello uterino",numero de mujeres con muestras de pap tomadas,2015-06-01,0,5,7,3,0,15
EUCALIPTUS,"anticoncepcion, prevencion de its y de cancer de cuello uterino",numero de mujeres con muestras de pap tomadas,2015-06-01,0,0,1,0,0,1
FERNANDEZ ALONSO,"anticoncepcion, prevencion de its y de cancer de cuello uterino",numero de mujeres con muestras de pap tomadas,2015-06-01,0,0,9,2,2,13
GENERAL SAAVEDRA,"anticoncepcion, prevencion de its y de cancer de cuello uterino",numero de mujeres con muestras de pap tomadas,2015-06-01,0,7,11,8,0,26
GRAL. J.J. PEREZ (CHARAZANI),"anticoncepcion, prevencion de its y de cancer de cuello uterino",numero de mujeres con muestras de pap tomadas,2015-06-01,1,2,35,23,6,67
GUANAY,"anticoncepcion, prevencion de its y de cancer de cuello uterino",numero de mujeres con muestras de pap tomadas,2015-06-01,0,4,27,11,4,46
GUAQUI,"anticoncepcion, prevencion de its y de cancer de cuello uterino",numero de mujeres con muestras de pap tomadas,2015-06-01,0,2,7,1,1,11
GUAYARAMERIN,"anticoncepcion, prevencion de its y de cancer de cuello uterino",numero de mujeres con muestras de pap tomadas,2015-06-01,1,27,85,73,6,192
GUTIERREZ,"anticoncepcion, prevencion de its y de cancer de cuello uterino",numero de mujeres con muestras de pap tomadas,2015-06-01,0,1,9,1,0,11
HUACARETA,"anticoncepcion, prevencion de its y de cancer de cuello uterino",numero de mujeres con muestras de pap tomadas,2015-06-01,0,7,62,51,24,144
HUACAYA (VILLA DE HUACAYA),"anticoncepcion, prevencion de its y de cancer de cuello uterino",numero de mujeres con muestras de pap tomadas,2015-06-01,0,0,7,3,6,16
HUANUNI,"anticoncepcion, prevencion de its y de cancer de cuello uterino",numero de mujeres con muestras de pap tomadas,2015-06-01,0,2,13,20,7,42
HUARINA,"anticoncepcion, prevencion de its y de cancer de cuello uterino",numero de mujeres con muestras de pap tomadas,2015-06-01,0,1,9,2,0,12
HUATAJATA,"anticoncepcion, prevencion de its y de cancer de cuello uterino",numero de mujeres con muestras de pap tomadas,2015-06-01,0,0,1,0,0,1
HUAYLLAMARCA,"anticoncepcion, prevencion de its y de cancer de cuello uterino",numero de mujeres con muestras de pap tomadas,2015-06-01,0,3,19,11,3,36
HUMANATA,"anticoncepcion, prevencion de its y de cancer de cuello uterino",numero de mujeres con muestras de pap tomadas,2015-06-01,0,1,1,3,2,7
ICLA,"anticoncepcion, prevencion de its y de cancer de cuello uterino",numero de mujeres con muestras de pap tomadas,2015-06-01,0,6,23,46,24,99
INCAHUASI,"anticoncepcion, prevencion de its y de cancer de cuello uterino",numero de mujeres con muestras de pap tomadas,2015-06-01,0,6,41,18,9,74
INQUISIVI,"anticoncepcion, prevencion de its y de cancer de cuello uterino",numero de mujeres con muestras de pap tomadas,2015-06-01,0,0,1,4,1,6
IRUPANA (VILLA DE LANZA),"anticoncepcion, prevencion de its y de cancer de cuello uterino",numero de mujeres con muestras de pap tomadas,2015-06-01,0,3,9,2,1,15
JESUS DE MACHACA,"anticoncepcion, prevencion de its y de cancer de cuello uterino",numero de mujeres con muestras de pap tomadas,2015-06-01,0,3,3,5,1,12
LA ASUNTA,"anticoncepcion, prevencion de its y de cancer de cuello uterino",numero de mujeres con muestras de pap tomadas,2015-06-01,0,5,25,1,5,36
LA GUARDIA,"anticoncepcion, prevencion de its y de cancer de cuello uterino",numero de mujeres con muestras de pap tomadas,2015-06-01,0,30,190,68,15,303
LA PAZ,"anticoncepcion, prevencion de its y de cancer de cuello uterino",numero de mujeres con muestras de pap tomadas,2015-06-01,30,138,2351,1453,476,4448
LAGUNILLAS,"anticoncepcion, prevencion de its y de cancer de cuello uterino",numero de mujeres con muestras de pap tomadas,2015-06-01,0,0,3,3,0,6
LAJA,"anticoncepcion, prevencion de its y de cancer de cuello uterino",numero de mujeres con muestras de pap tomadas,2015-06-01,0,6,20,10,4,40
LAS CARRERAS,"anticoncepcion, prevencion de its y de cancer de cuello uterino",numero de mujeres con muestras de pap tomadas,2015-06-01,0,3,24,21,18,66
LICOMA PAMPA,"anticoncepcion, prevencion de its y de cancer de cuello uterino",numero de mujeres con muestras de pap tomadas,2015-06-01,0,0,2,0,1,3
LLALLAGUA,"anticoncepcion, prevencion de its y de cancer de cuello uterino",numero de mujeres con muestras de pap tomadas,2015-06-01,0,42,338,189,69,638
LURIBAY,"anticoncepcion, prevencion de its y de cancer de cuello uterino",numero de mujeres con muestras de pap tomadas,2015-06-01,0,0,3,4,2,9
MACHACAMARCA,"anticoncepcion, prevencion de its y de cancer de cuello uterino",numero de mujeres con muestras de pap tomadas,2015-06-01,0,0,1,0,1,2
MACHARETI,"anticoncepcion, prevencion de its y de cancer de cuello uterino",numero de mujeres con muestras de pap tomadas,2015-06-01,1,15,45,21,9,91
MAIRANA,"anticoncepcion, prevencion de its y de cancer de cuello uterino",numero de mujeres con muestras de pap tomadas,2015-06-01,0,2,10,9,4,25
MALLA,"anticoncepcion, prevencion de its y de cancer de cuello uterino",numero de mujeres con muestras de pap tomadas,2015-06-01,0,1,3,2,0,6
MAPIRI,"anticoncepcion, prevencion de its y de cancer de cuello uterino",numero de mujeres con muestras de pap tomadas,2015-06-01,0,6,81,55,6,148
MECAPACA,"anticoncepcion, prevencion de its y de cancer de cuello uterino",numero de mujeres con muestras de pap tomadas,2015-06-01,0,1,5,8,4,18
MINEROS,"anticoncepcion, prevencion de its y de cancer de cuello uterino",numero de mujeres con muestras de pap tomadas,2015-06-01,0,1,23,6,0,30
MIZQUE,"anticoncepcion, prevencion de its y de cancer de cuello uterino",numero de mujeres con muestras de pap tomadas,2015-06-01,0,4,41,34,29,108
MOCOMOCO,"anticoncepcion, prevencion de its y de cancer de cuello uterino",numero de mujeres con muestras de pap tomadas,2015-06-01,1,1,6,3,1,12
MOJINETE,"anticoncepcion, prevencion de its y de cancer de cuello uterino",numero de mujeres con muestras de pap tomadas,2015-06-01,0,0,1,0,0,1
MOJOCOYA,"anticoncepcion, prevencion de its y de cancer de cuello uterino",numero de mujeres con muestras de pap tomadas,2015-06-01,1,7,31,23,7,69
MONTEAGUDO,"anticoncepcion, prevencion de its y de cancer de cuello uterino",numero de mujeres con muestras de pap tomadas,2015-06-01,4,19,88,97,28,236
MONTERO,"anticoncepcion, prevencion de its y de cancer de cuello uterino",numero de mujeres con muestras de pap tomadas,2015-06-01,15,21,120,68,22,246
MORO MORO,"anticoncepcion, prevencion de its y de cancer de cuello uterino",numero de mujeres con muestras de pap tomadas,2015-06-01,0,1,11,0,1,13
MOROCHATA,"anticoncepcion, prevencion de its y de cancer de cuello uterino",numero de mujeres con muestras de pap tomadas,2015-06-01,0,4,3,2,2,11
NAZACARA DE PACAJES,"anticoncepcion, prevencion de its y de cancer de cuello uterino",numero de mujeres con muestras de pap tomadas,2015-06-01,0,1,0,1,0,2
OCURI,"anticoncepcion, prevencion de its y de cancer de cuello uterino",numero de mujeres con muestras de pap tomadas,2015-06-01,0,3,15,9,4,31
OKINAWA,"anticoncepcion, prevencion de its y de cancer de cuello uterino",numero de mujeres con muestras de pap tomadas,2015-06-01,0,5,27,7,3,42
OMEREQUE,"anticoncepcion, prevencion de its y de cancer de cuello uterino",numero de mujeres con muestras de pap tomadas,2015-06-01,0,2,9,4,0,15
ORURO,"anticoncepcion, prevencion de its y de cancer de cuello uterino",numero de mujeres con muestras de pap tomadas,2015-06-01,0,41,525,306,121,993
PADCAYA,"anticoncepcion, prevencion de its y de cancer de cuello uterino",numero de mujeres con muestras de pap tomadas,2015-06-01,0,3,20,21,6,50
PADILLA,"anticoncepcion, prevencion de its y de cancer de cuello uterino",numero de mujeres con muestras de pap tomadas,2015-06-01,0,9,42,52,3,106
PAILON,"anticoncepcion, prevencion de its y de cancer de cuello uterino",numero de mujeres con muestras de pap tomadas,2015-06-01,0,2,23,0,0,25
PALCA,"anticoncepcion, prevencion de its y de cancer de cuello uterino",numero de mujeres con muestras de pap tomadas,2015-06-01,0,1,23,15,5,44
PALOS BLANCOS,"anticoncepcion, prevencion de its y de cancer de cuello uterino",numero de mujeres con muestras de pap tomadas,2015-06-01,1,13,85,36,19,154
PAMPA GRANDE,"anticoncepcion, prevencion de its y de cancer de cuello uterino",numero de mujeres con muestras de pap tomadas,2015-06-01,0,3,9,2,1,15
PAPEL PAMPA,"anticoncepcion, prevencion de its y de cancer de cuello uterino",numero de mujeres con muestras de pap tomadas,2015-06-01,0,1,7,2,1,11
PASORAPA,"anticoncepcion, prevencion de its y de cancer de cuello uterino",numero de mujeres con muestras de pap tomadas,2015-06-01,0,0,4,3,1,8
PAZÑA,"anticoncepcion, prevencion de its y de cancer de cuello uterino",numero de mujeres con muestras de pap tomadas,2015-06-01,0,1,8,8,5,22
PELECHUCO,"anticoncepcion, prevencion de its y de cancer de cuello uterino",numero de mujeres con muestras de pap tomadas,2015-06-01,1,1,5,6,0,13
POCOATA,"anticoncepcion, prevencion de its y de cancer de cuello uterino",numero de mujeres con muestras de pap tomadas,2015-06-01,0,7,16,15,12,50
POCONA,"anticoncepcion, prevencion de its y de cancer de cuello uterino",numero de mujeres con muestras de pap tomadas,2015-06-01,0,9,36,21,4,70
POJO (CBBA),"anticoncepcion, prevencion de its y de cancer de cuello uterino",numero de mujeres con muestras de pap tomadas,2015-06-01,0,1,5,4,2,12
POOPO,"anticoncepcion, prevencion de its y de cancer de cuello uterino",numero de mujeres con muestras de pap tomadas,2015-06-01,1,1,13,8,3,26
PORCO,"anticoncepcion, prevencion de its y de cancer de cuello uterino",numero de mujeres con muestras de pap tomadas,2015-06-01,2,0,3,3,0,8
POROMA,"anticoncepcion, prevencion de its y de cancer de cuello uterino",numero de mujeres con muestras de pap tomadas,2015-06-01,0,41,70,68,32,211
PORONGO,"anticoncepcion, prevencion de its y de cancer de cuello uterino",numero de mujeres con muestras de pap tomadas,2015-06-01,0,4,16,13,2,35
PORTACHUELO,"anticoncepcion, prevencion de its y de cancer de cuello uterino",numero de mujeres con muestras de pap tomadas,2015-06-01,0,0,26,16,5,47
PORVENIR,"anticoncepcion, prevencion de its y de cancer de cuello uterino",numero de mujeres con muestras de pap tomadas,2015-06-01,0,0,2,1,0,3
POSTRER VALLE,"anticoncepcion, prevencion de its y de cancer de cuello uterino",numero de mujeres con muestras de pap tomadas,2015-06-01,0,2,5,2,0,9
POTOSI,"anticoncepcion, prevencion de its y de cancer de cuello uterino",numero de mujeres con muestras de pap tomadas,2015-06-01,0,28,305,375,67,775
PRESTO,"anticoncepcion, prevencion de its y de cancer de cuello uterino",numero de mujeres con muestras de pap tomadas,2015-06-01,1,8,20,12,3,44
PUCARA,"anticoncepcion, prevencion de its y de cancer de cuello uterino",numero de mujeres con muestras de pap tomadas,2015-06-01,0,0,1,1,0,2
PUCARANI,"anticoncepcion, prevencion de its y de cancer de cuello uterino",numero de mujeres con muestras de pap tomadas,2015-06-01,0,5,25,17,1,48
PUERTO ACOSTA,"anticoncepcion, prevencion de its y de cancer de cuello uterino",numero de mujeres con muestras de pap tomadas,2015-06-01,0,2,6,5,2,15
PUERTO CARABUCO,"anticoncepcion, prevencion de its y de cancer de cuello uterino",numero de mujeres con muestras de pap tomadas,2015-06-01,0,0,4,4,0,8
PUERTO GONZALO MORENO,"anticoncepcion, prevencion de its y de cancer de cuello uterino",numero de mujeres con muestras de pap tomadas,2015-06-01,1,2,17,4,0,24
PUERTO PEREZ,"anticoncepcion, prevencion de its y de cancer de cuello uterino",numero de mujeres con muestras de pap tomadas,2015-06-01,0,4,10,3,1,18
PUERTO QUIJARRO,"anticoncepcion, prevencion de its y de cancer de cuello uterino",numero de mujeres con muestras de pap tomadas,2015-06-01,0,3,39,35,0,77
PUERTO RICO,"anticoncepcion, prevencion de its y de cancer de cuello uterino",numero de mujeres con muestras de pap tomadas,2015-06-01,0,8,7,13,1,29
PUERTO SUAREZ,"anticoncepcion, prevencion de its y de cancer de cuello uterino",numero de mujeres con muestras de pap tomadas,2015-06-01,0,15,143,107,33,298
PUERTO VILLARROEL,"anticoncepcion, prevencion de its y de cancer de cuello uterino",numero de mujeres con muestras de pap tomadas,2015-06-01,1,4,79,27,5,116
PUNA,"anticoncepcion, prevencion de its y de cancer de cuello uterino",numero de mujeres con muestras de pap tomadas,2015-06-01,0,12,68,38,19,137
PUNATA,"anticoncepcion, prevencion de its y de cancer de cuello uterino",numero de mujeres con muestras de pap tomadas,2015-06-01,0,8,69,21,21,119
QUIABAYA,"anticoncepcion, prevencion de its y de cancer de cuello uterino",numero de mujeres con muestras de pap tomadas,2015-06-01,0,1,2,4,2,9
QUILLACOLLO,"anticoncepcion, prevencion de its y de cancer de cuello uterino",numero de mujeres con muestras de pap tomadas,2015-06-01,0,122,193,60,29,404
QUIME,"anticoncepcion, prevencion de its y de cancer de cuello uterino",numero de mujeres con muestras de pap tomadas,2015-06-01,0,0,1,2,1,4
QUIRUSILLAS,"anticoncepcion, prevencion de its y de cancer de cuello uterino",numero de mujeres con muestras de pap tomadas,2015-06-01,0,2,1,5,1,9
RAVELO,"anticoncepcion, prevencion de its y de cancer de cuello uterino",numero de mujeres con muestras de pap tomadas,2015-06-01,1,10,72,138,40,261
RIBERALTA,"anticoncepcion, prevencion de its y de cancer de cuello uterino",numero de mujeres con muestras de pap tomadas,2015-06-01,18,122,504,278,92,1014
ROBORE,"anticoncepcion, prevencion de its y de cancer de cuello uterino",numero de mujeres con muestras de pap tomadas,2015-06-01,0,2,22,11,0,35
RURRENABAQUE,"anticoncepcion, prevencion de its y de cancer de cuello uterino",numero de mujeres con muestras de pap tomadas,2015-06-01,1,2,17,5,5,30
SABAYA,"anticoncepcion, prevencion de its y de cancer de cuello uterino",numero de mujeres con muestras de pap tomadas,2015-06-01,0,0,3,6,6,15
SACABA,"anticoncepcion, prevencion de its y de cancer de cuello uterino",numero de mujeres con muestras de pap tomadas,2015-06-01,0,38,219,122,48,427
SACABAMBA,"anticoncepcion, prevencion de its y de cancer de cuello uterino",numero de mujeres con muestras de pap tomadas,2015-06-01,0,2,10,13,3,28
SACACA,"anticoncepcion, prevencion de its y de cancer de cuello uterino",numero de mujeres con muestras de pap tomadas,2015-06-01,0,10,139,72,15,236
SAIPINA,"anticoncepcion, prevencion de its y de cancer de cuello uterino",numero de mujeres con muestras de pap tomadas,2015-06-01,0,0,4,4,0,8
SAMAIPATA,"anticoncepcion, prevencion de its y de cancer de cuello uterino",numero de mujeres con muestras de pap tomadas,2015-06-01,1,2,5,5,0,13
SAN ANDRES,"anticoncepcion, prevencion de its y de cancer de cuello uterino",numero de mujeres con muestras de pap tomadas,2015-06-01,0,0,4,1,0,5
SAN ANDRES DE MACHACA,"anticoncepcion, prevencion de its y de cancer de cuello uterino",numero de mujeres con muestras de pap tomadas,2015-06-01,0,0,8,7,8,23
SAN ANTONIO DE ESMORUCO,"anticoncepcion, prevencion de its y de cancer de cuello uterino",numero de mujeres con muestras de pap tomadas,2015-06-01,0,0,3,1,0,4
SAN ANTONIO DE LOMERIO,"anticoncepcion, prevencion de its y de cancer de cuello uterino",numero de mujeres con muestras de pap tomadas,2015-06-01,0,1,0,0,0,1
SAN BENITO,"anticoncepcion, prevencion de its y de cancer de cuello uterino",numero de mujeres con muestras de pap tomadas,2015-06-01,0,3,14,4,0,21
SAN BORJA,"anticoncepcion, prevencion de its y de cancer de cuello uterino",numero de mujeres con muestras de pap tomadas,2015-06-01,0,2,6,2,1,11
SAN BUENA VENTURA,"anticoncepcion, prevencion de its y de cancer de cuello uterino",numero de mujeres con muestras de pap tomadas,2015-06-01,5,68,58,18,0,149
SAN CARLOS,"anticoncepcion, prevencion de its y de cancer de cuello uterino",numero de mujeres con muestras de pap tomadas,2015-06-01,1,7,24,9,4,45
SAN IGNACIO,"anticoncepcion, prevencion de its y de cancer de cuello uterino",numero de mujeres con muestras de pap tomadas,2015-06-01,0,2,11,8,0,21
SAN IGNACIO DE VELASCO,"anticoncepcion, prevencion de its y de cancer de cuello uterino",numero de mujeres con muestras de pap tomadas,2015-06-01,0,11,75,39,7,132
SAN JAVIER(STC),"anticoncepcion, prevencion de its y de cancer de cuello uterino",numero de mujeres con muestras de pap tomadas,2015-06-01,0,2,6,2,0,10
SAN JOSE DE CHIQUITOS,"anticoncepcion, prevencion de its y de cancer de cuello uterino",numero de mujeres con muestras de pap tomadas,2015-06-01,0,3,16,5,0,24
SAN JUAN DE YAPACANI,"anticoncepcion, prevencion de its y de cancer de cuello uterino",numero de mujeres con muestras de pap tomadas,2015-06-01,2,4,24,16,8,54
SAN JULIAN,"anticoncepcion, prevencion de its y de cancer de cuello uterino",numero de mujeres con muestras de pap tomadas,2015-06-01,0,6,31,24,8,69
SAN LORENZO(PND),"anticoncepcion, prevencion de its y de cancer de cuello uterino",numero de mujeres con muestras de pap tomadas,2015-06-01,0,5,5,0,0,10
SAN LORENZO(TJA),"anticoncepcion, prevencion de its y de cancer de cuello uterino",numero de mujeres con muestras de pap tomadas,2015-06-01,1,3,35,14,4,57
SAN LUCAS,"anticoncepcion, prevencion de its y de cancer de cuello uterino",numero de mujeres con muestras de pap tomadas,2015-06-01,0,16,129,99,19,263
SAN MATIAS,"anticoncepcion, prevencion de its y de cancer de cuello uterino",numero de mujeres con muestras de pap tomadas,2015-06-01,0,0,2,0,0,2
SAN MIGUEL DE VELASCO,"anticoncepcion, prevencion de its y de cancer de cuello uterino",numero de mujeres con muestras de pap tomadas,2015-06-01,0,1,10,8,1,20
SAN PABLO DE LIPEZ,"anticoncepcion, prevencion de its y de cancer de cuello uterino",numero de mujeres con muestras de pap tomadas,2015-06-01,0,0,0,5,0,5
SAN PEDRO,"anticoncepcion, prevencion de its y de cancer de cuello uterino",numero de mujeres con muestras de pap tomadas,2015-06-01,0,2,11,2,2,17
SAN PEDRO DE BUENA VISTA,"anticoncepcion, prevencion de its y de cancer de cuello uterino",numero de mujeres con muestras de pap tomadas,2015-06-01,0,24,82,67,18,191
SAN PEDRO DE CURAHUARA,"anticoncepcion, prevencion de its y de cancer de cuello uterino",numero de mujeres con muestras de pap tomadas,2015-06-01,0,1,1,0,0,2
SAN PEDRO DE TIQUINA,"anticoncepcion, prevencion de its y de cancer de cuello uterino",numero de mujeres con muestras de pap tomadas,2015-06-01,0,1,3,4,2,10
SAN RAFAEL,"anticoncepcion, prevencion de its y de cancer de cuello uterino",numero de mujeres con muestras de pap tomadas,2015-06-01,0,1,1,0,2,4
SAN RAMON BENI,"anticoncepcion, prevencion de its y de cancer de cuello uterino",numero de mujeres con muestras de pap tomadas,2015-06-01,0,5,9,6,0,20
SAN RAMON SCZ,"anticoncepcion, prevencion de its y de cancer de cuello uterino",numero de mujeres con muestras de pap tomadas,2015-06-01,0,15,6,8,0,29
SANTA ANA,"anticoncepcion, prevencion de its y de cancer de cuello uterino",numero de mujeres con muestras de pap tomadas,2015-06-01,0,1,3,5,1,10
SANTA CRUZ DE LA SIERRA,"anticoncepcion, prevencion de its y de cancer de cuello uterino",numero de mujeres con muestras de pap tomadas,2015-06-01,23,506,2152,1510,477,4668
SANTA ROSA DEL SARA,"anticoncepcion, prevencion de its y de cancer de cuello uterino",numero de mujeres con muestras de pap tomadas,2015-06-01,0,8,23,21,2,54
SANTIAGO DE HUATA,"anticoncepcion, prevencion de its y de cancer de cuello uterino",numero de mujeres con muestras de pap tomadas,2015-06-01,0,2,2,4,1,9
SANTIAGO DE MACHACA,"anticoncepcion, prevencion de its y de cancer de cuello uterino",numero de mujeres con muestras de pap tomadas,2015-06-01,0,0,1,1,1,3
SANTIVAÑES,"anticoncepcion, prevencion de its y de cancer de cuello uterino",numero de mujeres con muestras de pap tomadas,2015-06-01,0,1,2,1,3,7
SANTUARIO DE QUILLACAS,"anticoncepcion, prevencion de its y de cancer de cuello uterino",numero de mujeres con muestras de pap tomadas,2015-06-01,0,0,8,1,0,9
SAPAHAQUI,"anticoncepcion, prevencion de its y de cancer de cuello uterino",numero de mujeres con muestras de pap tomadas,2015-06-01,0,5,10,14,10,39
SENA,"anticoncepcion, prevencion de its y de cancer de cuello uterino",numero de mujeres con muestras de pap tomadas,2015-06-01,0,5,10,7,1,23
SHINAOTA,"anticoncepcion, prevencion de its y de cancer de cuello uterino",numero de mujeres con muestras de pap tomadas,2015-06-01,0,9,16,6,0,31
SICA SICA (VILLA AROMA),"anticoncepcion, prevencion de its y de cancer de cuello uterino",numero de mujeres con muestras de pap tomadas,2015-06-01,0,5,32,19,4,60
SICAYA,"anticoncepcion, prevencion de its y de cancer de cuello uterino",numero de mujeres con muestras de pap tomadas,2015-06-01,0,0,3,0,0,3
SIPE SIPE,"anticoncepcion, prevencion de its y de cancer de cuello uterino",numero de mujeres con muestras de pap tomadas,2015-06-01,0,3,50,15,3,71
SOPACHUY,"anticoncepcion, prevencion de its y de cancer de cuello uterino",numero de mujeres con muestras de pap tomadas,2015-06-01,1,5,33,35,6,80
SORACACHI,"anticoncepcion, prevencion de its y de cancer de cuello uterino",numero de mujeres con muestras de pap tomadas,2015-06-01,0,2,4,5,0,11
SUCRE,"anticoncepcion, prevencion de its y de cancer de cuello uterino",numero de mujeres con muestras de pap tomadas,2015-06-01,7,383,2975,1572,466,5403
TACACHI,"anticoncepcion, prevencion de its y de cancer de cuello uterino",numero de mujeres con muestras de pap tomadas,2015-06-01,0,0,5,0,0,5
TACACOMA,"anticoncepcion, prevencion de its y de cancer de cuello uterino",numero de mujeres con muestras de pap tomadas,2015-06-01,0,0,5,0,0,5
TACOBAMBA,"anticoncepcion, prevencion de its y de cancer de cuello uterino",numero de mujeres con muestras de pap tomadas,2015-06-01,0,0,15,3,0,18
TACOPAYA,"anticoncepcion, prevencion de its y de cancer de cuello uterino",numero de mujeres con muestras de pap tomadas,2015-06-01,0,0,0,2,1,3
TAPACARI,"anticoncepcion, prevencion de its y de cancer de cuello uterino",numero de mujeres con muestras de pap tomadas,2015-06-01,0,0,16,13,0,29
TARABUCO,"anticoncepcion, prevencion de its y de cancer de cuello uterino",numero de mujeres con muestras de pap tomadas,2015-06-01,2,25,93,125,49,294
TARACO,"anticoncepcion, prevencion de its y de cancer de cuello uterino",numero de mujeres con muestras de pap tomadas,2015-06-01,0,2,9,5,4,20
TARATA,"anticoncepcion, prevencion de its y de cancer de cuello uterino",numero de mujeres con muestras de pap tomadas,2015-06-01,0,3,6,3,0,12
TARIJA,"anticoncepcion, prevencion de its y de cancer de cuello uterino",numero de mujeres con muestras de pap tomadas,2015-06-01,1,55,638,492,172,1358
TARVITA,"anticoncepcion, prevencion de its y de cancer de cuello uterino",numero de mujeres con muestras de pap tomadas,2015-06-01,0,14,61,47,11,133
TEOPONTE,"anticoncepcion, prevencion de its y de cancer de cuello uterino",numero de mujeres con muestras de pap tomadas,2015-06-01,0,7,33,15,3,58
TIAWANACU,"anticoncepcion, prevencion de its y de cancer de cuello uterino",numero de mujeres con muestras de pap tomadas,2015-06-01,0,0,9,5,3,17
TINGUIPAYA,"anticoncepcion, prevencion de its y de cancer de cuello uterino",numero de mujeres con muestras de pap tomadas,2015-06-01,0,2,70,26,2,100
TIPUANI,"anticoncepcion, prevencion de its y de cancer de cuello uterino",numero de mujeres con muestras de pap tomadas,2015-06-01,0,4,32,18,6,60
TIQUIPAYA,"anticoncepcion, prevencion de its y de cancer de cuello uterino",numero de mujeres con muestras de pap tomadas,2015-06-01,0,3,44,12,0,59
TIRAQUE (CBBA),"anticoncepcion, prevencion de its y de cancer de cuello uterino",numero de mujeres con muestras de pap tomadas,2015-06-01,0,7,22,10,1,40
TITO YUPANQUI (PARQUIPUJIO),"anticoncepcion, prevencion de its y de cancer de cuello uterino",numero de mujeres con muestras de pap tomadas,2015-06-01,0,0,1,0,0,1
TOCO,"anticoncepcion, prevencion de its y de cancer de cuello uterino",numero de mujeres con muestras de pap tomadas,2015-06-01,0,6,9,7,2,24
TOLATA,"anticoncepcion, prevencion de its y de cancer de cuello uterino",numero de mujeres con muestras de pap tomadas,2015-06-01,0,0,9,2,1,12
TOMAVE,"anticoncepcion, prevencion de its y de cancer de cuello uterino",numero de mujeres con muestras de pap tomadas,2015-06-01,2,0,6,5,1,14
TOMINA,"anticoncepcion, prevencion de its y de cancer de cuello uterino",numero de mujeres con muestras de pap tomadas,2015-06-01,2,15,44,56,22,139
TORO TORO,"anticoncepcion, prevencion de its y de cancer de cuello uterino",numero de mujeres con muestras de pap tomadas,2015-06-01,0,12,71,65,3,151
TOTORA(CBBA),"anticoncepcion, prevencion de its y de cancer de cuello uterino",numero de mujeres con muestras de pap tomadas,2015-06-01,0,8,21,6,1,36
TOTORA(ORR),"anticoncepcion, prevencion de its y de cancer de cuello uterino",numero de mujeres con muestras de pap tomadas,2015-06-01,0,0,1,1,0,2
TRIGAL,"anticoncepcion, prevencion de its y de cancer de cuello uterino",numero de mujeres con muestras de pap tomadas,2015-06-01,0,1,9,1,2,13
TRINIDAD,"anticoncepcion, prevencion de its y de cancer de cuello uterino",numero de mujeres con muestras de pap tomadas,2015-06-01,7,40,185,75,41,348
TUPIZA,"anticoncepcion, prevencion de its y de cancer de cuello uterino",numero de mujeres con muestras de pap tomadas,2015-06-01,0,2,44,24,10,80
TURCO,"anticoncepcion, prevencion de its y de cancer de cuello uterino",numero de mujeres con muestras de pap tomadas,2015-06-01,0,0,11,3,0,14
UMALA,"anticoncepcion, prevencion de its y de cancer de cuello uterino",numero de mujeres con muestras de pap tomadas,2015-06-01,0,1,1,0,3,5
UNCIA,"anticoncepcion, prevencion de its y de cancer de cuello uterino",numero de mujeres con muestras de pap tomadas,2015-06-01,0,0,0,0,2,2
URIONDO (A. CONCEPCION),"anticoncepcion, prevencion de its y de cancer de cuello uterino",numero de mujeres con muestras de pap tomadas,2015-06-01,0,2,10,26,7,45
URUBICHA,"anticoncepcion, prevencion de its y de cancer de cuello uterino",numero de mujeres con muestras de pap tomadas,2015-06-01,0,3,4,3,0,10
UYUNI,"anticoncepcion, prevencion de its y de cancer de cuello uterino",numero de mujeres con muestras de pap tomadas,2015-06-01,0,0,10,8,3,21
VACAS,"anticoncepcion, prevencion de its y de cancer de cuello uterino",numero de mujeres con muestras de pap tomadas,2015-06-01,0,1,4,5,1,11
VALLEGRANDE,"anticoncepcion, prevencion de its y de cancer de cuello uterino",numero de mujeres con muestras de pap tomadas,2015-06-01,0,17,61,28,16,122
VIACHA,"anticoncepcion, prevencion de its y de cancer de cuello uterino",numero de mujeres con muestras de pap tomadas,2015-06-01,0,21,184,130,54,389
VILA VILA,"anticoncepcion, prevencion de its y de cancer de cuello uterino",numero de mujeres con muestras de pap tomadas,2015-06-01,0,0,3,0,0,3
VILLA CHARCAS,"anticoncepcion, prevencion de its y de cancer de cuello uterino",numero de mujeres con muestras de pap tomadas,2015-06-01,0,10,44,44,11,109
VILLA MONTES,"anticoncepcion, prevencion de its y de cancer de cuello uterino",numero de mujeres con muestras de pap tomadas,2015-06-01,0,25,114,66,16,221
VILLA RIVERO,"anticoncepcion, prevencion de its y de cancer de cuello uterino",numero de mujeres con muestras de pap tomadas,2015-06-01,0,4,16,13,6,39
VILLA SERRANO,"anticoncepcion, prevencion de its y de cancer de cuello uterino",numero de mujeres con muestras de pap tomadas,2015-06-01,0,6,31,21,9,67
VILLA TUNARI,"anticoncepcion, prevencion de its y de cancer de cuello uterino",numero de mujeres con muestras de pap tomadas,2015-06-01,0,6,63,31,13,113
VILLA VACA GUZMAN (MUYUPAMPA),"anticoncepcion, prevencion de its y de cancer de cuello uterino",numero de mujeres con muestras de pap tomadas,2015-06-01,0,4,46,35,17,102
VILLAZON,"anticoncepcion, prevencion de its y de cancer de cuello uterino",numero de mujeres con muestras de pap tomadas,2015-06-01,0,6,49,43,17,115
VINTO,"anticoncepcion, prevencion de its y de cancer de cuello uterino",numero de mujeres con muestras de pap tomadas,2015-06-01,0,18,78,54,153,303
VITICHI,"anticoncepcion, prevencion de its y de cancer de cuello uterino",numero de mujeres con muestras de pap tomadas,2015-06-01,0,1,8,18,5,32
WALDO BALLIVIAN,"anticoncepcion, prevencion de its y de cancer de cuello uterino",numero de mujeres con muestras de pap tomadas,2015-06-01,0,0,0,1,0,1
WARNES,"anticoncepcion, prevencion de its y de cancer de cuello uterino",numero de mujeres con muestras de pap tomadas,2015-06-01,4,13,114,37,13,181
YACO,"anticoncepcion, prevencion de its y de cancer de cuello uterino",numero de mujeres con muestras de pap tomadas,2015-06-01,0,0,1,1,0,2
YACUIBA,"anticoncepcion, prevencion de its y de cancer de cuello uterino",numero de mujeres con muestras de pap tomadas,2015-06-01,3,26,201,144,47,421
YAMPARAEZ,"anticoncepcion, prevencion de its y de cancer de cuello uterino",numero de mujeres con muestras de pap tomadas,2015-06-01,0,5,21,13,7,46
YAPACANI,"anticoncepcion, prevencion de its y de cancer de cuello uterino",numero de mujeres con muestras de pap tomadas,2015-06-01,0,8,35,19,11,73
YOCALLA,"anticoncepcion, prevencion de its y de cancer de cuello uterino",numero de mujeres con muestras de pap tomadas,2015-06-01,0,1,1,1,0,3
YOTALA,"anticoncepcion, prevencion de its y de cancer de cuello uterino",numero de mujeres con muestras de pap tomadas,2015-06-01,0,4,13,2,1,20
YUNCHARA,"anticoncepcion, prevencion de its y de cancer de cuello uterino",numero de mujeres con muestras de pap tomadas,2015-06-01,0,3,17,21,9,50
ZUDAÑEZ,"anticoncepcion, prevencion de its y de cancer de cuello uterino",numero de mujeres con muestras de pap tomadas,2015-06-01,0,25,129,68,25,247
ACACIO,"anticoncepcion, prevencion de its y de cancer de cuello uterino",numero de mujeres con muestras de pap tomadas,2015-07-01,0,3,15,31,4,53
ACHACACHI,"anticoncepcion, prevencion de its y de cancer de cuello uterino",numero de mujeres con muestras de pap tomadas,2015-07-01,0,4,28,13,8,53
ACHOCALLA,"anticoncepcion, prevencion de its y de cancer de cuello uterino",numero de mujeres con muestras de pap tomadas,2015-07-01,0,5,29,19,8,61
AIQUILE,"anticoncepcion, prevencion de its y de cancer de cuello uterino",numero de mujeres con muestras de pap tomadas,2015-07-01,1,16,51,47,8,123
ALALAY,"anticoncepcion, prevencion de its y de cancer de cuello uterino",numero de mujeres con muestras de pap tomadas,2015-07-01,0,1,0,0,0,1
ALCALA,"anticoncepcion, prevencion de its y de cancer de cuello uterino",numero de mujeres con muestras de pap tomadas,2015-07-01,0,3,8,7,5,23
ALTO BENI,"anticoncepcion, prevencion de its y de cancer de cuello uterino",numero de mujeres con muestras de pap tomadas,2015-07-01,0,1,14,14,3,32
ANCORAIMES,"anticoncepcion, prevencion de its y de cancer de cuello uterino",numero de mujeres con muestras de pap tomadas,2015-07-01,0,0,10,1,0,11
ANDAMARCA,"anticoncepcion, prevencion de its y de cancer de cuello uterino",numero de mujeres con muestras de pap tomadas,2015-07-01,0,1,1,0,0,2
ANTEQUERA,"anticoncepcion, prevencion de its y de cancer de cuello uterino",numero de mujeres con muestras de pap tomadas,2015-07-01,0,0,0,22,0,22
ANZALDO,"anticoncepcion, prevencion de its y de cancer de cuello uterino",numero de mujeres con muestras de pap tomadas,2015-07-01,0,0,0,1,0,1
APOLO,"anticoncepcion, prevencion de its y de cancer de cuello uterino",numero de mujeres con muestras de pap tomadas,2015-07-01,0,0,7,4,1,12
ARAMPAMPA,"anticoncepcion, prevencion de its y de cancer de cuello uterino",numero de mujeres con muestras de pap tomadas,2015-07-01,0,1,8,6,0,15
ARANI,"anticoncepcion, prevencion de its y de cancer de cuello uterino",numero de mujeres con muestras de pap tomadas,2015-07-01,0,0,6,3,2,11
ARBIETO,"anticoncepcion, prevencion de its y de cancer de cuello uterino",numero de mujeres con muestras de pap tomadas,2015-07-01,0,10,56,31,26,123
ARQUE,"anticoncepcion, prevencion de its y de cancer de cuello uterino",numero de mujeres con muestras de pap tomadas,2015-07-01,0,0,2,0,0,2
ASCENCION DE GUARAYOS,"anticoncepcion, prevencion de its y de cancer de cuello uterino",numero de mujeres con muestras de pap tomadas,2015-07-01,5,15,44,27,8,99
ATOCHA,"anticoncepcion, prevencion de its y de cancer de cuello uterino",numero de mujeres con muestras de pap tomadas,2015-07-01,0,1,19,14,0,34
AUCAPATA,"anticoncepcion, prevencion de its y de cancer de cuello uterino",numero de mujeres con muestras de pap tomadas,2015-07-01,0,1,2,0,0,3
AYATA,"anticoncepcion, prevencion de its y de cancer de cuello uterino",numero de mujeres con muestras de pap tomadas,2015-07-01,0,0,2,1,0,3
AYOPAYA (V. DE INDEPENDENCIA),"anticoncepcion, prevencion de its y de cancer de cuello uterino",numero de mujeres con muestras de pap tomadas,2015-07-01,1,9,22,7,4,43
AZURDUY,"anticoncepcion, prevencion de its y de cancer de cuello uterino",numero de mujeres con muestras de pap tomadas,2015-07-01,0,9,27,15,9,60
BATALLAS,"anticoncepcion, prevencion de its y de cancer de cuello uterino",numero de mujeres con muestras de pap tomadas,2015-07-01,0,6,9,3,1,19
BELLA FLOR,"anticoncepcion, prevencion de its y de cancer de cuello uterino",numero de mujeres con muestras de pap tomadas,2015-07-01,0,0,2,0,0,2
BERMEJO,"anticoncepcion, prevencion de its y de cancer de cuello uterino",numero de mujeres con muestras de pap tomadas,2015-07-01,0,9,65,34,17,125
BETANZOS,"anticoncepcion, prevencion de its y de cancer de cuello uterino",numero de mujeres con muestras de pap tomadas,2015-07-01,0,13,35,18,6,72
BOLIVAR,"anticoncepcion, prevencion de its y de cancer de cuello uterino",numero de mujeres con muestras de pap tomadas,2015-07-01,0,0,0,2,0,2
BOYUIBE,"anticoncepcion, prevencion de its y de cancer de cuello uterino",numero de mujeres con muestras de pap tomadas,2015-07-01,0,0,1,0,0,1
BUENA VISTA,"anticoncepcion, prevencion de its y de cancer de cuello uterino",numero de mujeres con muestras de pap tomadas,2015-07-01,1,1,20,14,2,38
CABEZAS,"anticoncepcion, prevencion de its y de cancer de cuello uterino",numero de mujeres con muestras de pap tomadas,2015-07-01,0,4,26,17,11,58
CAIROMA,"anticoncepcion, prevencion de its y de cancer de cuello uterino",numero de mujeres con muestras de pap tomadas,2015-07-01,0,3,5,2,2,12
"CAIZA ""D""","anticoncepcion, prevencion de its y de cancer de cuello uterino",numero de mujeres con muestras de pap tomadas,2015-07-01,0,4,9,10,5,28
CAJUATA,"anticoncepcion, prevencion de its y de cancer de cuello uterino",numero de mujeres con muestras de pap tomadas,2015-07-01,0,1,6,1,0,8
CALACOTO,"anticoncepcion, prevencion de its y de cancer de cuello uterino",numero de mujeres con muestras de pap tomadas,2015-07-01,0,0,0,1,0,1
CALAMARCA,"anticoncepcion, prevencion de its y de cancer de cuello uterino",numero de mujeres con muestras de pap tomadas,2015-07-01,0,6,26,4,3,39
CAMARGO,"anticoncepcion, prevencion de its y de cancer de cuello uterino",numero de mujeres con muestras de pap tomadas,2015-07-01,0,9,58,87,37,191
CAMATAQUI (C. VILLA ABECIA),"anticoncepcion, prevencion de its y de cancer de cuello uterino",numero de mujeres con muestras de pap tomadas,2015-07-01,0,0,3,4,0,7
CAMIRI,"anticoncepcion, prevencion de its y de cancer de cuello uterino",numero de mujeres con muestras de pap tomadas,2015-07-01,0,1,16,6,3,26
CAPINOTA,"anticoncepcion, prevencion de its y de cancer de cuello uterino",numero de mujeres con muestras de pap tomadas,2015-07-01,0,5,43,17,6,71
CAQUIAVIRI,"anticoncepcion, prevencion de its y de cancer de cuello uterino",numero de mujeres con muestras de pap tomadas,2015-07-01,0,0,1,0,0,1
CARACOLLO,"anticoncepcion, prevencion de its y de cancer de cuello uterino",numero de mujeres con muestras de pap tomadas,2015-07-01,0,1,9,17,2,29
CARANAVI,"anticoncepcion, prevencion de its y de cancer de cuello uterino",numero de mujeres con muestras de pap tomadas,2015-07-01,1,28,123,54,7,213
CARANGAS,"anticoncepcion, prevencion de its y de cancer de cuello uterino",numero de mujeres con muestras de pap tomadas,2015-07-01,0,0,1,0,5,6
CARAPARI,"anticoncepcion, prevencion de its y de cancer de cuello uterino",numero de mujeres con muestras de pap tomadas,2015-07-01,0,2,7,3,2,14
CARIPUYO,"anticoncepcion, prevencion de its y de cancer de cuello uterino",numero de mujeres con muestras de pap tomadas,2015-07-01,0,5,7,3,1,16
CARMEN RIVERO TORREZ,"anticoncepcion, prevencion de its y de cancer de cuello uterino",numero de mujeres con muestras de pap tomadas,2015-07-01,0,0,13,5,0,18
CATACORA,"anticoncepcion, prevencion de its y de cancer de cuello uterino",numero de mujeres con muestras de pap tomadas,2015-07-01,0,0,4,0,0,4
CHALLAPATA,"anticoncepcion, prevencion de its y de cancer de cuello uterino",numero de mujeres con muestras de pap tomadas,2015-07-01,0,5,39,27,8,79
CHAQUI,"anticoncepcion, prevencion de its y de cancer de cuello uterino",numero de mujeres con muestras de pap tomadas,2015-07-01,0,1,5,4,1,11
CHARAGUA,"anticoncepcion, prevencion de its y de cancer de cuello uterino",numero de mujeres con muestras de pap tomadas,2015-07-01,0,1,15,6,0,22
CHAYANTA,"anticoncepcion, prevencion de its y de cancer de cuello uterino",numero de mujeres con muestras de pap tomadas,2015-07-01,0,4,14,8,1,27
CHIMORE,"anticoncepcion, prevencion de its y de cancer de cuello uterino",numero de mujeres con muestras de pap tomadas,2015-07-01,0,3,4,6,0,13
CHOQUE COTA,"anticoncepcion, prevencion de its y de cancer de cuello uterino",numero de mujeres con muestras de pap tomadas,2015-07-01,0,2,0,1,0,3
CHUA COCANI,"anticoncepcion, prevencion de its y de cancer de cuello uterino",numero de mujeres con muestras de pap tomadas,2015-07-01,0,0,8,3,0,11
CHULUMANI (V. DE LA LIBERTAD),"anticoncepcion, prevencion de its y de cancer de cuello uterino",numero de mujeres con muestras de pap tomadas,2015-07-01,0,4,8,7,1,20
CHUMA,"anticoncepcion, prevencion de its y de cancer de cuello uterino",numero de mujeres con muestras de pap tomadas,2015-07-01,0,4,13,9,3,29
CHUQUIHUTA AYLLU JUCUMANI,"anticoncepcion, prevencion de its y de cancer de cuello uterino",numero de mujeres con muestras de pap tomadas,2015-07-01,0,3,5,4,1,13
CKOCHAS,"anticoncepcion, prevencion de its y de cancer de cuello uterino",numero de mujeres con muestras de pap tomadas,2015-07-01,0,1,13,41,0,55
CLIZA,"anticoncepcion, prevencion de its y de cancer de cuello uterino",numero de mujeres con muestras de pap tomadas,2015-07-01,0,5,28,21,2,56
COBIJA,"anticoncepcion, prevencion de its y de cancer de cuello uterino",numero de mujeres con muestras de pap tomadas,2015-07-01,3,21,143,69,18,254
COCAPATA,"anticoncepcion, prevencion de its y de cancer de cuello uterino",numero de mujeres con muestras de pap tomadas,2015-07-01,0,1,3,8,1,13
COCHABAMBA,"anticoncepcion, prevencion de its y de cancer de cuello uterino",numero de mujeres con muestras de pap tomadas,2015-07-01,91,187,1738,1732,477,4225
COLCAPIRHUA,"anticoncepcion, prevencion de its y de cancer de cuello uterino",numero de mujeres con muestras de pap tomadas,2015-07-01,0,2,33,15,10,60
"COLCHA ""K""","anticoncepcion, prevencion de its y de cancer de cuello uterino",numero de mujeres con muestras de pap tomadas,2015-07-01,0,4,18,8,6,36
COLOMI,"anticoncepcion, prevencion de its y de cancer de cuello uterino",numero de mujeres con muestras de pap tomadas,2015-07-01,0,2,16,11,3,32
COLPA BELGICA,"anticoncepcion, prevencion de its y de cancer de cuello uterino",numero de mujeres con muestras de pap tomadas,2015-07-01,0,2,9,2,0,13
COLQUECHACA,"anticoncepcion, prevencion de its y de cancer de cuello uterino",numero de mujeres con muestras de pap tomadas,2015-07-01,1,4,31,22,4,62
COLQUENCHA,"anticoncepcion, prevencion de its y de cancer de cuello uterino",numero de mujeres con muestras de pap tomadas,2015-07-01,0,0,2,3,0,5
COLQUIRI,"anticoncepcion, prevencion de its y de cancer de cuello uterino",numero de mujeres con muestras de pap tomadas,2015-07-01,0,0,0,1,0,1
COMARAPA,"anticoncepcion, prevencion de its y de cancer de cuello uterino",numero de mujeres con muestras de pap tomadas,2015-07-01,0,1,20,10,5,36
COMBAYA,"anticoncepcion, prevencion de its y de cancer de cuello uterino",numero de mujeres con muestras de pap tomadas,2015-07-01,0,0,1,0,0,1
CONCEPCION,"anticoncepcion, prevencion de its y de cancer de cuello uterino",numero de mujeres con muestras de pap tomadas,2015-07-01,0,0,2,1,0,3
COPACABANA,"anticoncepcion, prevencion de its y de cancer de cuello uterino",numero de mujeres con muestras de pap tomadas,2015-07-01,0,1,0,0,0,1
CORIPATA,"anticoncepcion, prevencion de its y de cancer de cuello uterino",numero de mujeres con muestras de pap tomadas,2015-07-01,0,0,1,0,0,1
CORO CORO,"anticoncepcion, prevencion de its y de cancer de cuello uterino",numero de mujeres con muestras de pap tomadas,2015-07-01,0,1,2,0,0,3
COROICO,"anticoncepcion, prevencion de its y de cancer de cuello uterino",numero de mujeres con muestras de pap tomadas,2015-07-01,0,0,3,0,0,3
CORQUE,"anticoncepcion, prevencion de its y de cancer de cuello uterino",numero de mujeres con muestras de pap tomadas,2015-07-01,0,1,5,4,0,10
COTAGAITA,"anticoncepcion, prevencion de its y de cancer de cuello uterino",numero de mujeres con muestras de pap tomadas,2015-07-01,0,2,14,11,4,31
COTOCA,"anticoncepcion, prevencion de its y de cancer de cuello uterino",numero de mujeres con muestras de pap tomadas,2015-07-01,0,31,137,55,9,232
CUATRO CAÑADAS,"anticoncepcion, prevencion de its y de cancer de cuello uterino",numero de mujeres con muestras de pap tomadas,2015-07-01,0,2,17,7,2,28
CUEVO,"anticoncepcion, prevencion de its y de cancer de cuello uterino",numero de mujeres con muestras de pap tomadas,2015-07-01,0,0,2,2,0,4
CULPINA,"anticoncepcion, prevencion de its y de cancer de cuello uterino",numero de mujeres con muestras de pap tomadas,2015-07-01,0,18,67,50,7,142
CURAHUARA DE CARANGAS,"anticoncepcion, prevencion de its y de cancer de cuello uterino",numero de mujeres con muestras de pap tomadas,2015-07-01,0,0,8,3,8,19
CURVA,"anticoncepcion, prevencion de its y de cancer de cuello uterino",numero de mujeres con muestras de pap tomadas,2015-07-01,0,0,3,2,2,7
DESAGUADERO,"anticoncepcion, prevencion de its y de cancer de cuello uterino",numero de mujeres con muestras de pap tomadas,2015-07-01,0,0,2,0,0,2
EL ALTO,"anticoncepcion, prevencion de its y de cancer de cuello uterino",numero de mujeres con muestras de pap tomadas,2015-07-01,1,181,1871,1180,451,3684
EL CHORO,"anticoncepcion, prevencion de its y de cancer de cuello uterino",numero de mujeres con muestras de pap tomadas,2015-07-01,0,0,1,0,0,1
EL PUENTE(STC),"anticoncepcion, prevencion de its y de cancer de cuello uterino",numero de mujeres con muestras de pap tomadas,2015-07-01,0,0,0,5,2,7
EL PUENTE(TJA),"anticoncepcion, prevencion de its y de cancer de cuello uterino",numero de mujeres con muestras de pap tomadas,2015-07-01,0,0,3,3,0,6
EL TORNO,"anticoncepcion, prevencion de its y de cancer de cuello uterino",numero de mujeres con muestras de pap tomadas,2015-07-01,2,39,169,89,47,346
EL VILLAR,"anticoncepcion, prevencion de its y de cancer de cuello uterino",numero de mujeres con muestras de pap tomadas,2015-07-01,0,0,6,19,4,29
ENTRE RIOS TRJ,"anticoncepcion, prevencion de its y de cancer de cuello uterino",numero de mujeres con muestras de pap tomadas,2015-07-01,0,6,20,9,5,40
ENTRE RIOS CBBA,"anticoncepcion, prevencion de its y de cancer de cuello uterino",numero de mujeres con muestras de pap tomadas,2015-07-01,0,2,16,5,2,25
ESCOMA,"anticoncepcion, prevencion de its y de cancer de cuello uterino",numero de mujeres con muestras de pap tomadas,2015-07-01,0,3,8,4,0,15
EUCALIPTUS,"anticoncepcion, prevencion de its y de cancer de cuello uterino",numero de mujeres con muestras de pap tomadas,2015-07-01,0,0,3,3,0,6
FERNANDEZ ALONSO,"anticoncepcion, prevencion de its y de cancer de cuello uterino",numero de mujeres con muestras de pap tomadas,2015-07-01,0,5,9,5,2,21
FILADELFIA,"anticoncepcion, prevencion de its y de cancer de cuello uterino",numero de mujeres con muestras de pap tomadas,2015-07-01,0,0,4,1,0,5
GENERAL SAAVEDRA,"anticoncepcion, prevencion de its y de cancer de cuello uterino",numero de mujeres con muestras de pap tomadas,2015-07-01,0,2,21,12,1,36
GRAL. J.J. PEREZ (CHARAZANI),"anticoncepcion, prevencion de its y de cancer de cuello uterino",numero de mujeres con muestras de pap tomadas,2015-07-01,0,0,4,1,0,5
GUANAY,"anticoncepcion, prevencion de its y de cancer de cuello uterino",numero de mujeres con muestras de pap tomadas,2015-07-01,0,0,12,12,0,24
GUAQUI,"anticoncepcion, prevencion de its y de cancer de cuello uterino",numero de mujeres con muestras de pap tomadas,2015-07-01,0,2,4,2,1,9
GUAYARAMERIN,"anticoncepcion, prevencion de its y de cancer de cuello uterino",numero de mujeres con muestras de pap tomadas,2015-07-01,2,24,99,47,12,184
GUTIERREZ,"anticoncepcion, prevencion de its y de cancer de cuello uterino",numero de mujeres con muestras de pap tomadas,2015-07-01,0,2,4,3,0,9
HUACARETA,"anticoncepcion, prevencion de its y de cancer de cuello uterino",numero de mujeres con muestras de pap tomadas,2015-07-01,0,8,26,18,4,56
HUACAYA (VILLA DE HUACAYA),"anticoncepcion, prevencion de its y de cancer de cuello uterino",numero de mujeres con muestras de pap tomadas,2015-07-01,0,0,6,2,0,8
HUANUNI,"anticoncepcion, prevencion de its y de cancer de cuello uterino",numero de mujeres con muestras de pap tomadas,2015-07-01,0,0,23,17,11,51
HUARINA,"anticoncepcion, prevencion de its y de cancer de cuello uterino",numero de mujeres con muestras de pap tomadas,2015-07-01,0,0,1,1,0,2
HUATAJATA,"anticoncepcion, prevencion de its y de cancer de cuello uterino",numero de mujeres con muestras de pap tomadas,2015-07-01,0,1,1,1,0,3
HUAYLLAMARCA,"anticoncepcion, prevencion de its y de cancer de cuello uterino",numero de mujeres con muestras de pap tomadas,2015-07-01,0,2,9,14,4,29
ICLA,"anticoncepcion, prevencion de its y de cancer de cuello uterino",numero de mujeres con muestras de pap tomadas,2015-07-01,0,4,10,11,2,27
INCAHUASI,"anticoncepcion, prevencion de its y de cancer de cuello uterino",numero de mujeres con muestras de pap tomadas,2015-07-01,0,7,71,26,1,105
INQUISIVI,"anticoncepcion, prevencion de its y de cancer de cuello uterino",numero de mujeres con muestras de pap tomadas,2015-07-01,0,0,5,6,7,18
IRUPANA (VILLA DE LANZA),"anticoncepcion, prevencion de its y de cancer de cuello uterino",numero de mujeres con muestras de pap tomadas,2015-07-01,0,0,6,3,0,9
IXIAMAS,"anticoncepcion, prevencion de its y de cancer de cuello uterino",numero de mujeres con muestras de pap tomadas,2015-07-01,0,2,14,0,0,16
JESUS DE MACHACA,"anticoncepcion, prevencion de its y de cancer de cuello uterino",numero de mujeres con muestras de pap tomadas,2015-07-01,0,2,9,9,3,23
LA ASUNTA,"anticoncepcion, prevencion de its y de cancer de cuello uterino",numero de mujeres con muestras de pap tomadas,2015-07-01,0,4,18,10,2,34
LA GUARDIA,"anticoncepcion, prevencion de its y de cancer de cuello uterino",numero de mujeres con muestras de pap tomadas,2015-07-01,1,28,157,62,24,272
LA PAZ,"anticoncepcion, prevencion de its y de cancer de cuello uterino",numero de mujeres con muestras de pap tomadas,2015-07-01,1,122,2595,1209,495,4422
LAGUNILLAS,"anticoncepcion, prevencion de its y de cancer de cuello uterino",numero de mujeres con muestras de pap tomadas,2015-07-01,0,1,3,0,0,4
LAJA,"anticoncepcion, prevencion de its y de cancer de cuello uterino",numero de mujeres con muestras de pap tomadas,2015-07-01,0,1,9,7,0,17
LAS CARRERAS,"anticoncepcion, prevencion de its y de cancer de cuello uterino",numero de mujeres con muestras de pap tomadas,2015-07-01,0,0,4,2,0,6
LICOMA PAMPA,"anticoncepcion, prevencion de its y de cancer de cuello uterino",numero de mujeres con muestras de pap tomadas,2015-07-01,1,0,1,0,0,2
LLALLAGUA,"anticoncepcion, prevencion de its y de cancer de cuello uterino",numero de mujeres con muestras de pap tomadas,2015-07-01,0,22,266,185,106,579
LLICA,"anticoncepcion, prevencion de its y de cancer de cuello uterino",numero de mujeres con muestras de pap tomadas,2015-07-01,0,2,9,2,2,15
LORETO,"anticoncepcion, prevencion de its y de cancer de cuello uterino",numero de mujeres con muestras de pap tomadas,2015-07-01,0,1,1,0,0,2
LURIBAY,"anticoncepcion, prevencion de its y de cancer de cuello uterino",numero de mujeres con muestras de pap tomadas,2015-07-01,0,0,2,0,0,2
MACHACAMARCA,"anticoncepcion, prevencion de its y de cancer de cuello uterino",numero de mujeres con muestras de pap tomadas,2015-07-01,0,0,1,1,1,3
MACHARETI,"anticoncepcion, prevencion de its y de cancer de cuello uterino",numero de mujeres con muestras de pap tomadas,2015-07-01,0,3,25,20,9,57
MAIRANA,"anticoncepcion, prevencion de its y de cancer de cuello uterino",numero de mujeres con muestras de pap tomadas,2015-07-01,0,2,21,7,2,32
MAPIRI,"anticoncepcion, prevencion de its y de cancer de cuello uterino",numero de mujeres con muestras de pap tomadas,2015-07-01,1,0,3,5,0,9
MECAPACA,"anticoncepcion, prevencion de its y de cancer de cuello uterino",numero de mujeres con muestras de pap tomadas,2015-07-01,0,2,20,15,2,39
MINEROS,"anticoncepcion, prevencion de its y de cancer de cuello uterino",numero de mujeres con muestras de pap tomadas,2015-07-01,0,1,24,10,2,37
MIZQUE,"anticoncepcion, prevencion de its y de cancer de cuello uterino",numero de mujeres con muestras de pap tomadas,2015-07-01,0,9,23,13,3,48
MOCOMOCO,"anticoncepcion, prevencion de its y de cancer de cuello uterino",numero de mujeres con muestras de pap tomadas,2015-07-01,0,0,3,2,1,6
MOJOCOYA,"anticoncepcion, prevencion de its y de cancer de cuello uterino",numero de mujeres con muestras de pap tomadas,2015-07-01,1,5,32,25,8,71
MONTEAGUDO,"anticoncepcion, prevencion de its y de cancer de cuello uterino",numero de mujeres con muestras de pap tomadas,2015-07-01,0,9,54,56,76,195
MONTERO,"anticoncepcion, prevencion de its y de cancer de cuello uterino",numero de mujeres con muestras de pap tomadas,2015-07-01,0,10,76,44,12,142
MORO MORO,"anticoncepcion, prevencion de its y de cancer de cuello uterino",numero de mujeres con muestras de pap tomadas,2015-07-01,0,3,0,0,0,3
MOROCHATA,"anticoncepcion, prevencion de its y de cancer de cuello uterino",numero de mujeres con muestras de pap tomadas,2015-07-01,0,1,2,1,0,4
NAZACARA DE PACAJES,"anticoncepcion, prevencion de its y de cancer de cuello uterino",numero de mujeres con muestras de pap tomadas,2015-07-01,0,0,1,1,0,2
OCURI,"anticoncepcion, prevencion de its y de cancer de cuello uterino",numero de mujeres con muestras de pap tomadas,2015-07-01,0,16,42,12,0,70
OKINAWA,"anticoncepcion, prevencion de its y de cancer de cuello uterino",numero de mujeres con muestras de pap tomadas,2015-07-01,0,0,2,0,0,2
ORURO,"anticoncepcion, prevencion de its y de cancer de cuello uterino",numero de mujeres con muestras de pap tomadas,2015-07-01,0,49,756,507,151,1463
PADCAYA,"anticoncepcion, prevencion de its y de cancer de cuello uterino",numero de mujeres con muestras de pap tomadas,2015-07-01,1,1,20,22,4,48
PADILLA,"anticoncepcion, prevencion de its y de cancer de cuello uterino",numero de mujeres con muestras de pap tomadas,2015-07-01,0,5,63,62,7,137
PAILON,"anticoncepcion, prevencion de its y de cancer de cuello uterino",numero de mujeres con muestras de pap tomadas,2015-07-01,0,5,24,3,0,32
PALCA,"anticoncepcion, prevencion de its y de cancer de cuello uterino",numero de mujeres con muestras de pap tomadas,2015-07-01,0,5,19,11,6,41
PALOS BLANCOS,"anticoncepcion, prevencion de its y de cancer de cuello uterino",numero de mujeres con muestras de pap tomadas,2015-07-01,0,9,50,18,5,82
PAMPA AULLAGAS,"anticoncepcion, prevencion de its y de cancer de cuello uterino",numero de mujeres con muestras de pap tomadas,2015-07-01,0,0,2,0,0,2
PAMPA GRANDE,"anticoncepcion, prevencion de its y de cancer de cuello uterino",numero de mujeres con muestras de pap tomadas,2015-07-01,0,4,1,4,0,9
PAPEL PAMPA,"anticoncepcion, prevencion de its y de cancer de cuello uterino",numero de mujeres con muestras de pap tomadas,2015-07-01,0,1,11,3,1,16
PASORAPA,"anticoncepcion, prevencion de its y de cancer de cuello uterino",numero de mujeres con muestras de pap tomadas,2015-07-01,0,0,2,4,2,8
PATACAMAYA,"anticoncepcion, prevencion de its y de cancer de cuello uterino",numero de mujeres con muestras de pap tomadas,2015-07-01,0,1,2,0,0,3
PAZÑA,"anticoncepcion, prevencion de its y de cancer de cuello uterino",numero de mujeres con muestras de pap tomadas,2015-07-01,0,5,21,13,8,47
PELECHUCO,"anticoncepcion, prevencion de its y de cancer de cuello uterino",numero de mujeres con muestras de pap tomadas,2015-07-01,0,0,5,3,0,8
POCOATA,"anticoncepcion, prevencion de its y de cancer de cuello uterino",numero de mujeres con muestras de pap tomadas,2015-07-01,0,4,28,26,6,64
POCONA,"anticoncepcion, prevencion de its y de cancer de cuello uterino",numero de mujeres con muestras de pap tomadas,2015-07-01,0,4,16,17,1,38
POJO (CBBA),"anticoncepcion, prevencion de its y de cancer de cuello uterino",numero de mujeres con muestras de pap tomadas,2015-07-01,0,1,6,3,0,10
POOPO,"anticoncepcion, prevencion de its y de cancer de cuello uterino",numero de mujeres con muestras de pap tomadas,2015-07-01,0,0,2,2,0,4
PORCO,"anticoncepcion, prevencion de its y de cancer de cuello uterino",numero de mujeres con muestras de pap tomadas,2015-07-01,0,1,2,1,0,4
POROMA,"anticoncepcion, prevencion de its y de cancer de cuello uterino",numero de mujeres con muestras de pap tomadas,2015-07-01,1,17,100,96,21,235
PORONGO,"anticoncepcion, prevencion de its y de cancer de cuello uterino",numero de mujeres con muestras de pap tomadas,2015-07-01,0,6,31,4,1,42
PORTACHUELO,"anticoncepcion, prevencion de its y de cancer de cuello uterino",numero de mujeres con muestras de pap tomadas,2015-07-01,0,0,8,8,0,16
PORVENIR,"anticoncepcion, prevencion de its y de cancer de cuello uterino",numero de mujeres con muestras de pap tomadas,2015-07-01,0,2,3,2,5,12
POSTRER VALLE,"anticoncepcion, prevencion de its y de cancer de cuello uterino",numero de mujeres con muestras de pap tomadas,2015-07-01,0,1,1,2,0,4
POTOSI,"anticoncepcion, prevencion de its y de cancer de cuello uterino",numero de mujeres con muestras de pap tomadas,2015-07-01,0,4,45,89,2,140
PRESTO,"anticoncepcion, prevencion de its y de cancer de cuello uterino",numero de mujeres con muestras de pap tomadas,2015-07-01,0,12,43,24,4,83
PUCARA,"anticoncepcion, prevencion de its y de cancer de cuello uterino",numero de mujeres con muestras de pap tomadas,2015-07-01,0,1,1,0,0,2
PUCARANI,"anticoncepcion, prevencion de its y de cancer de cuello uterino",numero de mujeres con muestras de pap tomadas,2015-07-01,0,3,15,12,2,32
PUERTO ACOSTA,"anticoncepcion, prevencion de its y de cancer de cuello uterino",numero de mujeres con muestras de pap tomadas,2015-07-01,0,0,1,1,0,2
PUERTO CARABUCO,"anticoncepcion, prevencion de its y de cancer de cuello uterino",numero de mujeres con muestras de pap tomadas,2015-07-01,0,0,3,0,0,3
PUERTO GONZALO MORENO,"anticoncepcion, prevencion de its y de cancer de cuello uterino",numero de mujeres con muestras de pap tomadas,2015-07-01,2,17,27,12,2,60
PUERTO PEREZ,"anticoncepcion, prevencion de its y de cancer de cuello uterino",numero de mujeres con muestras de pap tomadas,2015-07-01,0,2,15,9,0,26
PUERTO QUIJARRO,"anticoncepcion, prevencion de its y de cancer de cuello uterino",numero de mujeres con muestras de pap tomadas,2015-07-01,0,5,16,12,0,33
PUERTO RICO,"anticoncepcion, prevencion de its y de cancer de cuello uterino",numero de mujeres con muestras de pap tomadas,2015-07-01,0,6,23,15,2,46
PUERTO SUAREZ,"anticoncepcion, prevencion de its y de cancer de cuello uterino",numero de mujeres con muestras de pap tomadas,2015-07-01,0,5,45,26,5,81
PUERTO VILLARROEL,"anticoncepcion, prevencion de its y de cancer de cuello uterino",numero de mujeres con muestras de pap tomadas,2015-07-01,0,19,72,30,7,128
PUNA,"anticoncepcion, prevencion de its y de cancer de cuello uterino",numero de mujeres con muestras de pap tomadas,2015-07-01,0,7,32,20,1,60
PUNATA,"anticoncepcion, prevencion de its y de cancer de cuello uterino",numero de mujeres con muestras de pap tomadas,2015-07-01,0,10,70,50,17,147
QUIABAYA,"anticoncepcion, prevencion de its y de cancer de cuello uterino",numero de mujeres con muestras de pap tomadas,2015-07-01,0,1,1,3,2,7
QUILLACOLLO,"anticoncepcion, prevencion de its y de cancer de cuello uterino",numero de mujeres con muestras de pap tomadas,2015-07-01,0,56,268,121,47,492
QUIME,"anticoncepcion, prevencion de its y de cancer de cuello uterino",numero de mujeres con muestras de pap tomadas,2015-07-01,0,3,8,3,0,14
RAVELO,"anticoncepcion, prevencion de its y de cancer de cuello uterino",numero de mujeres con muestras de pap tomadas,2015-07-01,0,10,51,86,34,181
RIBERALTA,"anticoncepcion, prevencion de its y de cancer de cuello uterino",numero de mujeres con muestras de pap tomadas,2015-07-01,8,61,325,121,48,563
ROBORE,"anticoncepcion, prevencion de its y de cancer de cuello uterino",numero de mujeres con muestras de pap tomadas,2015-07-01,0,0,2,0,0,2
RURRENABAQUE,"anticoncepcion, prevencion de its y de cancer de cuello uterino",numero de mujeres con muestras de pap tomadas,2015-07-01,0,0,15,5,0,20
SABAYA,"anticoncepcion, prevencion de its y de cancer de cuello uterino",numero de mujeres con muestras de pap tomadas,2015-07-01,0,0,0,2,0,2
SACABA,"anticoncepcion, prevencion de its y de cancer de cuello uterino",numero de mujeres con muestras de pap tomadas,2015-07-01,1,32,230,131,52,446
SACABAMBA,"anticoncepcion, prevencion de its y de cancer de cuello uterino",numero de mujeres con muestras de pap tomadas,2015-07-01,0,1,9,2,11,23
SACACA,"anticoncepcion, prevencion de its y de cancer de cuello uterino",numero de mujeres con muestras de pap tomadas,2015-07-01,0,6,49,45,5,105
SAIPINA,"anticoncepcion, prevencion de its y de cancer de cuello uterino",numero de mujeres con muestras de pap tomadas,2015-07-01,0,1,6,6,3,16
SAMAIPATA,"anticoncepcion, prevencion de its y de cancer de cuello uterino",numero de mujeres con muestras de pap tomadas,2015-07-01,0,1,5,2,0,8
SAN AGUSTIN,"anticoncepcion, prevencion de its y de cancer de cuello uterino",numero de mujeres con muestras de pap tomadas,2015-07-01,0,0,4,3,2,9
SAN ANDRES DE MACHACA,"anticoncepcion, prevencion de its y de cancer de cuello uterino",numero de mujeres con muestras de pap tomadas,2015-07-01,0,0,3,5,3,11
SAN ANTONIO DE LOMERIO,"anticoncepcion, prevencion de its y de cancer de cuello uterino",numero de mujeres con muestras de pap tomadas,2015-07-01,0,0,0,1,0,1
SAN BENITO,"anticoncepcion, prevencion de its y de cancer de cuello uterino",numero de mujeres con muestras de pap tomadas,2015-07-01,0,3,11,6,0,20
SAN BORJA,"anticoncepcion, prevencion de its y de cancer de cuello uterino",numero de mujeres con muestras de pap tomadas,2015-07-01,0,2,10,5,1,18
SAN BUENA VENTURA,"anticoncepcion, prevencion de its y de cancer de cuello uterino",numero de mujeres con muestras de pap tomadas,2015-07-01,0,1,7,3,1,12
SAN CARLOS,"anticoncepcion, prevencion de its y de cancer de cuello uterino",numero de mujeres con muestras de pap tomadas,2015-07-01,0,7,17,18,6,48
SAN IGNACIO,"anticoncepcion, prevencion de its y de cancer de cuello uterino",numero de mujeres con muestras de pap tomadas,2015-07-01,0,0,7,4,0,11
SAN IGNACIO DE VELASCO,"anticoncepcion, prevencion de its y de cancer de cuello uterino",numero de mujeres con muestras de pap tomadas,2015-07-01,3,12,53,27,8,103
SAN JAVIER(STC),"anticoncepcion, prevencion de its y de cancer de cuello uterino",numero de mujeres con muestras de pap tomadas,2015-07-01,0,2,4,6,0,12
SAN JOSE DE CHIQUITOS,"anticoncepcion, prevencion de its y de cancer de cuello uterino",numero de mujeres con muestras de pap tomadas,2015-07-01,0,5,44,51,22,122
SAN JUAN DE YAPACANI,"anticoncepcion, prevencion de its y de cancer de cuello uterino",numero de mujeres con muestras de pap tomadas,2015-07-01,4,3,14,8,3,32
SAN JULIAN,"anticoncepcion, prevencion de its y de cancer de cuello uterino",numero de mujeres con muestras de pap tomadas,2015-07-01,0,21,60,29,1,111
SAN LORENZO(TJA),"anticoncepcion, prevencion de its y de cancer de cuello uterino",numero de mujeres con muestras de pap tomadas,2015-07-01,1,2,8,11,0,22
SAN LUCAS,"anticoncepcion, prevencion de its y de cancer de cuello uterino",numero de mujeres con muestras de pap tomadas,2015-07-01,0,12,55,62,15,144
SAN MATIAS,"anticoncepcion, prevencion de its y de cancer de cuello uterino",numero de mujeres con muestras de pap tomadas,2015-07-01,0,2,13,2,0,17
SAN MIGUEL DE VELASCO,"anticoncepcion, prevencion de its y de cancer de cuello uterino",numero de mujeres con muestras de pap tomadas,2015-07-01,0,1,4,13,2,20
SAN PEDRO,"anticoncepcion, prevencion de its y de cancer de cuello uterino",numero de mujeres con muestras de pap tomadas,2015-07-01,0,5,38,38,10,91
SAN PEDRO DE BUENA VISTA,"anticoncepcion, prevencion de its y de cancer de cuello uterino",numero de mujeres con muestras de pap tomadas,2015-07-01,0,32,121,74,6,233
SAN PEDRO DE CURAHUARA,"anticoncepcion, prevencion de its y de cancer de cuello uterino",numero de mujeres con muestras de pap tomadas,2015-07-01,0,0,1,1,0,2
SAN PEDRO DE QUEMES,"anticoncepcion, prevencion de its y de cancer de cuello uterino",numero de mujeres con muestras de pap tomadas,2015-07-01,0,0,1,0,0,1
SAN PEDRO DE TIQUINA,"anticoncepcion, prevencion de its y de cancer de cuello uterino",numero de mujeres con muestras de pap tomadas,2015-07-01,0,0,1,1,0,2
SAN RAFAEL,"anticoncepcion, prevencion de its y de cancer de cuello uterino",numero de mujeres con muestras de pap tomadas,2015-07-01,0,0,4,1,0,5
SAN RAMON BENI,"anticoncepcion, prevencion de its y de cancer de cuello uterino",numero de mujeres con muestras de pap tomadas,2015-07-01,1,4,8,0,0,13
SAN RAMON SCZ,"anticoncepcion, prevencion de its y de cancer de cuello uterino",numero de mujeres con muestras de pap tomadas,2015-07-01,4,5,8,0,0,17
SANTA ANA,"anticoncepcion, prevencion de its y de cancer de cuello uterino",numero de mujeres con muestras de pap tomadas,2015-07-01,0,0,7,2,3,12
SANTA CRUZ DE LA SIERRA,"anticoncepcion, prevencion de its y de cancer de cuello uterino",numero de mujeres con muestras de pap tomadas,2015-07-01,26,457,2339,1377,515,4714
SANTA ROSA DEL SARA,"anticoncepcion, prevencion de its y de cancer de cuello uterino",numero de mujeres con muestras de pap tomadas,2015-07-01,0,0,16,14,4,34
SANTIAGO DE HUARI,"anticoncepcion, prevencion de its y de cancer de cuello uterino",numero de mujeres con muestras de pap tomadas,2015-07-01,0,0,1,1,3,5
SANTIAGO DE HUATA,"anticoncepcion, prevencion de its y de cancer de cuello uterino",numero de mujeres con muestras de pap tomadas,2015-07-01,0,0,1,2,2,5
SANTIAGO DE MACHACA,"anticoncepcion, prevencion de its y de cancer de cuello uterino",numero de mujeres con muestras de pap tomadas,2015-07-01,0,1,0,0,1,2
SANTIVAÑES,"anticoncepcion, prevencion de its y de cancer de cuello uterino",numero de mujeres con muestras de pap tomadas,2015-07-01,0,3,2,0,0,5
SANTUARIO DE QUILLACAS,"anticoncepcion, prevencion de its y de cancer de cuello uterino",numero de mujeres con muestras de pap tomadas,2015-07-01,0,0,0,3,0,3
SAPAHAQUI,"anticoncepcion, prevencion de its y de cancer de cuello uterino",numero de mujeres con muestras de pap tomadas,2015-07-01,0,2,10,5,1,18
SENA,"anticoncepcion, prevencion de its y de cancer de cuello uterino",numero de mujeres con muestras de pap tomadas,2015-07-01,0,1,8,2,1,12
SHINAOTA,"anticoncepcion, prevencion de its y de cancer de cuello uterino",numero de mujeres con muestras de pap tomadas,2015-07-01,0,7,10,11,2,30
SICA SICA (VILLA AROMA),"anticoncepcion, prevencion de its y de cancer de cuello uterino",numero de mujeres con muestras de pap tomadas,2015-07-01,0,6,35,19,10,70
SIPE SIPE,"anticoncepcion, prevencion de its y de cancer de cuello uterino",numero de mujeres con muestras de pap tomadas,2015-07-01,0,4,49,31,9,93
SOPACHUY,"anticoncepcion, prevencion de its y de cancer de cuello uterino",numero de mujeres con muestras de pap tomadas,2015-07-01,0,12,25,15,3,55
SORACACHI,"anticoncepcion, prevencion de its y de cancer de cuello uterino",numero de mujeres con muestras de pap tomadas,2015-07-01,0,0,7,6,1,14
SORATA,"anticoncepcion, prevencion de its y de cancer de cuello uterino",numero de mujeres con muestras de pap tomadas,2015-07-01,0,0,3,2,1,6
SUCRE,"anticoncepcion, prevencion de its y de cancer de cuello uterino",numero de mujeres con muestras de pap tomadas,2015-07-01,5,213,1764,1320,204,3506
TACACHI,"anticoncepcion, prevencion de its y de cancer de cuello uterino",numero de mujeres con muestras de pap tomadas,2015-07-01,0,0,2,1,1,4
TACACOMA,"anticoncepcion, prevencion de its y de cancer de cuello uterino",numero de mujeres con muestras de pap tomadas,2015-07-01,0,0,5,1,0,6
TACOBAMBA,"anticoncepcion, prevencion de its y de cancer de cuello uterino",numero de mujeres con muestras de pap tomadas,2015-07-01,0,1,7,7,1,16
TACOPAYA,"anticoncepcion, prevencion de its y de cancer de cuello uterino",numero de mujeres con muestras de pap tomadas,2015-07-01,0,1,4,7,0,12
TAPACARI,"anticoncepcion, prevencion de its y de cancer de cuello uterino",numero de mujeres con muestras de pap tomadas,2015-07-01,0,1,17,5,2,25
TARABUCO,"anticoncepcion, prevencion de its y de cancer de cuello uterino",numero de mujeres con muestras de pap tomadas,2015-07-01,0,12,53,47,14,126
TARACO,"anticoncepcion, prevencion de its y de cancer de cuello uterino",numero de mujeres con muestras de pap tomadas,2015-07-01,0,3,5,2,0,10
TARATA,"anticoncepcion, prevencion de its y de cancer de cuello uterino",numero de mujeres con muestras de pap tomadas,2015-07-01,0,1,11,6,0,18
TARIJA,"anticoncepcion, prevencion de its y de cancer de cuello uterino",numero de mujeres con muestras de pap tomadas,2015-07-01,1,81,593,592,134,1401
TARVITA,"anticoncepcion, prevencion de its y de cancer de cuello uterino",numero de mujeres con muestras de pap tomadas,2015-07-01,0,3,30,38,9,80
TEOPONTE,"anticoncepcion, prevencion de its y de cancer de cuello uterino",numero de mujeres con muestras de pap tomadas,2015-07-01,0,0,13,8,5,26
TIAWANACU,"anticoncepcion, prevencion de its y de cancer de cuello uterino",numero de mujeres con muestras de pap tomadas,2015-07-01,0,0,3,1,4,8
TINGUIPAYA,"anticoncepcion, prevencion de its y de cancer de cuello uterino",numero de mujeres con muestras de pap tomadas,2015-07-01,0,2,14,13,7,36
TIPUANI,"anticoncepcion, prevencion de its y de cancer de cuello uterino",numero de mujeres con muestras de pap tomadas,2015-07-01,0,1,3,2,0,6
TIQUIPAYA,"anticoncepcion, prevencion de its y de cancer de cuello uterino",numero de mujeres con muestras de pap tomadas,2015-07-01,0,17,85,41,9,152
TIRAQUE (CBBA),"anticoncepcion, prevencion de its y de cancer de cuello uterino",numero de mujeres con muestras de pap tomadas,2015-07-01,0,7,17,21,11,56
TITO YUPANQUI (PARQUIPUJIO),"anticoncepcion, prevencion de its y de cancer de cuello uterino",numero de mujeres con muestras de pap tomadas,2015-07-01,0,0,1,2,0,3
TOCO,"anticoncepcion, prevencion de its y de cancer de cuello uterino",numero de mujeres con muestras de pap tomadas,2015-07-01,0,0,6,1,0,7
TOLATA,"anticoncepcion, prevencion de its y de cancer de cuello uterino",numero de mujeres con muestras de pap tomadas,2015-07-01,0,1,8,4,2,15
TOMAVE,"anticoncepcion, prevencion de its y de cancer de cuello uterino",numero de mujeres con muestras de pap tomadas,2015-07-01,1,4,10,7,2,24
TOMINA,"anticoncepcion, prevencion de its y de cancer de cuello uterino",numero de mujeres con muestras de pap tomadas,2015-07-01,1,5,39,28,8,81
TORO TORO,"anticoncepcion, prevencion de its y de cancer de cuello uterino",numero de mujeres con muestras de pap tomadas,2015-07-01,0,14,46,14,2,76
TOTORA(CBBA),"anticoncepcion, prevencion de its y de cancer de cuello uterino",numero de mujeres con muestras de pap tomadas,2015-07-01,0,1,28,13,6,48
TOTORA(ORR),"anticoncepcion, prevencion de its y de cancer de cuello uterino",numero de mujeres con muestras de pap tomadas,2015-07-01,0,1,1,3,1,6
TRIGAL,"anticoncepcion, prevencion de its y de cancer de cuello uterino",numero de mujeres con muestras de pap tomadas,2015-07-01,0,2,7,3,1,13
TRINIDAD,"anticoncepcion, prevencion de its y de cancer de cuello uterino",numero de mujeres con muestras de pap tomadas,2015-07-01,1,54,236,129,58,478
TUPIZA,"anticoncepcion, prevencion de its y de cancer de cuello uterino",numero de mujeres con muestras de pap tomadas,2015-07-01,0,8,58,34,12,112
TURCO,"anticoncepcion, prevencion de its y de cancer de cuello uterino",numero de mujeres con muestras de pap tomadas,2015-07-01,0,0,3,3,1,7
UMALA,"anticoncepcion, prevencion de its y de cancer de cuello uterino",numero de mujeres con muestras de pap tomadas,2015-07-01,0,1,2,0,1,4
UNCIA,"anticoncepcion, prevencion de its y de cancer de cuello uterino",numero de mujeres con muestras de pap tomadas,2015-07-01,0,7,6,6,1,20
URIONDO (A. CONCEPCION),"anticoncepcion, prevencion de its y de cancer de cuello uterino",numero de mujeres con muestras de pap tomadas,2015-07-01,0,0,9,3,2,14
URUBICHA,"anticoncepcion, prevencion de its y de cancer de cuello uterino",numero de mujeres con muestras de pap tomadas,2015-07-01,0,0,6,6,0,12
UYUNI,"anticoncepcion, prevencion de its y de cancer de cuello uterino",numero de mujeres con muestras de pap tomadas,2015-07-01,0,1,14,9,10,34
VACAS,"anticoncepcion, prevencion de its y de cancer de cuello uterino",numero de mujeres con muestras de pap tomadas,2015-07-01,0,2,3,1,0,6
VALLEGRANDE,"anticoncepcion, prevencion de its y de cancer de cuello uterino",numero de mujeres con muestras de pap tomadas,2015-07-01,0,18,59,24,12,113
VIACHA,"anticoncepcion, prevencion de its y de cancer de cuello uterino",numero de mujeres con muestras de pap tomadas,2015-07-01,1,13,77,78,37,206
VILA VILA,"anticoncepcion, prevencion de its y de cancer de cuello uterino",numero de mujeres con muestras de pap tomadas,2015-07-01,0,0,0,1,0,1
VILLA CHARCAS,"anticoncepcion, prevencion de its y de cancer de cuello uterino",numero de mujeres con muestras de pap tomadas,2015-07-01,0,10,32,28,9,79
VILLA MONTES,"anticoncepcion, prevencion de its y de cancer de cuello uterino",numero de mujeres con muestras de pap tomadas,2015-07-01,2,12,149,97,28,288
VILLA NUEVA (LOMA ALTA),"anticoncepcion, prevencion de its y de cancer de cuello uterino",numero de mujeres con muestras de pap tomadas,2015-07-01,0,0,1,0,0,1
VILLA RIVERO,"anticoncepcion, prevencion de its y de cancer de cuello uterino",numero de mujeres con muestras de pap tomadas,2015-07-01,0,0,15,1,0,16
VILLA SERRANO,"anticoncepcion, prevencion de its y de cancer de cuello uterino",numero de mujeres con muestras de pap tomadas,2015-07-01,0,1,33,12,7,53
VILLA TUNARI,"anticoncepcion, prevencion de its y de cancer de cuello uterino",numero de mujeres con muestras de pap tomadas,2015-07-01,2,25,145,87,22,281
VILLA VACA GUZMAN (MUYUPAMPA),"anticoncepcion, prevencion de its y de cancer de cuello uterino",numero de mujeres con muestras de pap tomadas,2015-07-01,0,5,31,12,6,54
VILLAZON,"anticoncepcion, prevencion de its y de cancer de cuello uterino",numero de mujeres con muestras de pap tomadas,2015-07-01,0,4,88,39,8,139
VINTO,"anticoncepcion, prevencion de its y de cancer de cuello uterino",numero de mujeres con muestras de pap tomadas,2015-07-01,1,5,62,37,10,115
VITICHI,"anticoncepcion, prevencion de its y de cancer de cuello uterino",numero de mujeres con muestras de pap tomadas,2015-07-01,0,5,14,11,2,32
WALDO BALLIVIAN,"anticoncepcion, prevencion de its y de cancer de cuello uterino",numero de mujeres con muestras de pap tomadas,2015-07-01,0,2,0,2,0,4
WARNES,"anticoncepcion, prevencion de its y de cancer de cuello uterino",numero de mujeres con muestras de pap tomadas,2015-07-01,0,16,100,25,3,144
YACO,"anticoncepcion, prevencion de its y de cancer de cuello uterino",numero de mujeres con muestras de pap tomadas,2015-07-01,0,0,1,2,0,3
YACUIBA,"anticoncepcion, prevencion de its y de cancer de cuello uterino",numero de mujeres con muestras de pap tomadas,2015-07-01,1,34,146,107,33,321
YAMPARAEZ,"anticoncepcion, prevencion de its y de cancer de cuello uterino",numero de mujeres con muestras de pap tomadas,2015-07-01,0,10,32,43,18,103
YANACACHI,"anticoncepcion, prevencion de its y de cancer de cuello uterino",numero de mujeres con muestras de pap tomadas,2015-07-01,0,1,9,5,4,19
YAPACANI,"anticoncepcion, prevencion de its y de cancer de cuello uterino",numero de mujeres con muestras de pap tomadas,2015-07-01,2,15,75,27,7,126
YOCALLA,"anticoncepcion, prevencion de its y de cancer de cuello uterino",numero de mujeres con muestras de pap tomadas,2015-07-01,0,0,5,2,0,7
YOTALA,"anticoncepcion, prevencion de its y de cancer de cuello uterino",numero de mujeres con muestras de pap tomadas,2015-07-01,0,23,103,150,82,358
YUNCHARA,"anticoncepcion, prevencion de its y de cancer de cuello uterino",numero de mujeres con muestras de pap tomadas,2015-07-01,0,9,47,27,10,93
ZUDAÑEZ,"anticoncepcion, prevencion de its y de cancer de cuello uterino",numero de mujeres con muestras de pap tomadas,2015-07-01,0,4,20,15,12,51
ACACIO,"anticoncepcion, prevencion de its y de cancer de cuello uterino",numero de mujeres con muestras de pap tomadas,2015-08-01,0,9,30,37,22,98
ACHACACHI,"anticoncepcion, prevencion de its y de cancer de cuello uterino",numero de mujeres con muestras de pap tomadas,2015-08-01,0,6,36,14,5,61
ACHOCALLA,"anticoncepcion, prevencion de its y de cancer de cuello uterino",numero de mujeres con muestras de pap tomadas,2015-08-01,1,1,35,21,4,62
AIQUILE,"anticoncepcion, prevencion de its y de cancer de cuello uterino",numero de mujeres con muestras de pap tomadas,2015-08-01,1,14,62,35,12,124
ALALAY,"anticoncepcion, prevencion de its y de cancer de cuello uterino",numero de mujeres con muestras de pap tomadas,2015-08-01,0,0,1,0,0,1
ALCALA,"anticoncepcion, prevencion de its y de cancer de cuello uterino",numero de mujeres con muestras de pap tomadas,2015-08-01,0,2,19,22,13,56
ALTO BENI,"anticoncepcion, prevencion de its y de cancer de cuello uterino",numero de mujeres con muestras de pap tomadas,2015-08-01,0,0,4,0,0,4
ANCORAIMES,"anticoncepcion, prevencion de its y de cancer de cuello uterino",numero de mujeres con muestras de pap tomadas,2015-08-01,0,2,17,5,1,25
ANDAMARCA,"anticoncepcion, prevencion de its y de cancer de cuello uterino",numero de mujeres con muestras de pap tomadas,2015-08-01,0,0,3,1,1,5
ANTEQUERA,"anticoncepcion, prevencion de its y de cancer de cuello uterino",numero de mujeres con muestras de pap tomadas,2015-08-01,0,0,3,1,0,4
ANZALDO,"anticoncepcion, prevencion de its y de cancer de cuello uterino",numero de mujeres con muestras de pap tomadas,2015-08-01,0,0,3,1,1,5
APOLO,"anticoncepcion, prevencion de its y de cancer de cuello uterino",numero de mujeres con muestras de pap tomadas,2015-08-01,0,2,9,7,1,19
ARAMPAMPA,"anticoncepcion, prevencion de its y de cancer de cuello uterino",numero de mujeres con muestras de pap tomadas,2015-08-01,1,1,23,7,1,33
ARANI,"anticoncepcion, prevencion de its y de cancer de cuello uterino",numero de mujeres con muestras de pap tomadas,2015-08-01,0,1,9,1,1,12
ARBIETO,"anticoncepcion, prevencion de its y de cancer de cuello uterino",numero de mujeres con muestras de pap tomadas,2015-08-01,1,8,35,7,4,55
ARQUE,"anticoncepcion, prevencion de its y de cancer de cuello uterino",numero de mujeres con muestras de pap tomadas,2015-08-01,0,0,0,1,0,1
ASCENCION DE GUARAYOS,"anticoncepcion, prevencion de its y de cancer de cuello uterino",numero de mujeres con muestras de pap tomadas,2015-08-01,2,7,54,11,3,77
ATOCHA,"anticoncepcion, prevencion de its y de cancer de cuello uterino",numero de mujeres con muestras de pap tomadas,2015-08-01,0,1,16,5,1,23
AYATA,"anticoncepcion, prevencion de its y de cancer de cuello uterino",numero de mujeres con muestras de pap tomadas,2015-08-01,0,0,1,0,2,3
AYO AYO,"anticoncepcion, prevencion de its y de cancer de cuello uterino",numero de mujeres con muestras de pap tomadas,2015-08-01,0,3,18,12,8,41
AYOPAYA (V. DE INDEPENDENCIA),"anticoncepcion, prevencion de its y de cancer de cuello uterino",numero de mujeres con muestras de pap tomadas,2015-08-01,0,9,21,9,3,42
AZURDUY,"anticoncepcion, prevencion de its y de cancer de cuello uterino",numero de mujeres con muestras de pap tomadas,2015-08-01,0,2,12,5,1,20
BATALLAS,"anticoncepcion, prevencion de its y de cancer de cuello uterino",numero de mujeres con muestras de pap tomadas,2015-08-01,0,5,12,2,0,19
BAURES,"anticoncepcion, prevencion de its y de cancer de cuello uterino",numero de mujeres con muestras de pap tomadas,2015-08-01,0,0,22,0,0,22
BELEN DE ANDAMARCA,"anticoncepcion, prevencion de its y de cancer de cuello uterino",numero de mujeres con muestras de pap tomadas,2015-08-01,0,0,1,1,0,2
BELLA FLOR,"anticoncepcion, prevencion de its y de cancer de cuello uterino",numero de mujeres con muestras de pap tomadas,2015-08-01,0,1,5,0,0,6
BERMEJO,"anticoncepcion, prevencion de its y de cancer de cuello uterino",numero de mujeres con muestras de pap tomadas,2015-08-01,0,16,46,25,14,101
BETANZOS,"anticoncepcion, prevencion de its y de cancer de cuello uterino",numero de mujeres con muestras de pap tomadas,2015-08-01,0,2,21,20,2,45
BOLIVAR,"anticoncepcion, prevencion de its y de cancer de cuello uterino",numero de mujeres con muestras de pap tomadas,2015-08-01,0,1,3,2,0,6
BOYUIBE,"anticoncepcion, prevencion de its y de cancer de cuello uterino",numero de mujeres con muestras de pap tomadas,2015-08-01,0,0,3,2,1,6
BUENA VISTA,"anticoncepcion, prevencion de its y de cancer de cuello uterino",numero de mujeres con muestras de pap tomadas,2015-08-01,0,4,11,11,2,28
CABEZAS,"anticoncepcion, prevencion de its y de cancer de cuello uterino",numero de mujeres con muestras de pap tomadas,2015-08-01,0,3,31,6,0,40
CAIROMA,"anticoncepcion, prevencion de its y de cancer de cuello uterino",numero de mujeres con muestras de pap tomadas,2015-08-01,0,0,10,9,9,28
"CAIZA ""D""","anticoncepcion, prevencion de its y de cancer de cuello uterino",numero de mujeres con muestras de pap tomadas,2015-08-01,0,3,11,9,2,25
CAJUATA,"anticoncepcion, prevencion de its y de cancer de cuello uterino",numero de mujeres con muestras de pap tomadas,2015-08-01,0,0,10,1,0,11
CALAMARCA,"anticoncepcion, prevencion de its y de cancer de cuello uterino",numero de mujeres con muestras de pap tomadas,2015-08-01,0,7,27,27,15,76
CAMARGO,"anticoncepcion, prevencion de its y de cancer de cuello uterino",numero de mujeres con muestras de pap tomadas,2015-08-01,0,10,61,96,29,196
CAMATAQUI (C. VILLA ABECIA),"anticoncepcion, prevencion de its y de cancer de cuello uterino",numero de mujeres con muestras de pap tomadas,2015-08-01,0,1,9,3,1,14
CAMIRI,"anticoncepcion, prevencion de its y de cancer de cuello uterino",numero de mujeres con muestras de pap tomadas,2015-08-01,0,2,44,43,20,109
CAPINOTA,"anticoncepcion, prevencion de its y de cancer de cuello uterino",numero de mujeres con muestras de pap tomadas,2015-08-01,2,8,44,8,2,64
CAQUIAVIRI,"anticoncepcion, prevencion de its y de cancer de cuello uterino",numero de mujeres con muestras de pap tomadas,2015-08-01,0,1,4,4,1,10
CARACOLLO,"anticoncepcion, prevencion de its y de cancer de cuello uterino",numero de mujeres con muestras de pap tomadas,2015-08-01,0,0,6,9,0,15
CARANAVI,"anticoncepcion, prevencion de its y de cancer de cuello uterino",numero de mujeres con muestras de pap tomadas,2015-08-01,1,31,173,77,10,292
CARAPARI,"anticoncepcion, prevencion de its y de cancer de cuello uterino",numero de mujeres con muestras de pap tomadas,2015-08-01,0,1,2,4,1,8
CARIPUYO,"anticoncepcion, prevencion de its y de cancer de cuello uterino",numero de mujeres con muestras de pap tomadas,2015-08-01,0,2,11,11,1,25
CARMEN RIVERO TORREZ,"anticoncepcion, prevencion de its y de cancer de cuello uterino",numero de mujeres con muestras de pap tomadas,2015-08-01,0,1,4,3,0,8
CATACORA,"anticoncepcion, prevencion de its y de cancer de cuello uterino",numero de mujeres con muestras de pap tomadas,2015-08-01,0,0,1,4,1,6
CHALLAPATA,"anticoncepcion, prevencion de its y de cancer de cuello uterino",numero de mujeres con muestras de pap tomadas,2015-08-01,0,9,23,19,4,55
CHAQUI,"anticoncepcion, prevencion de its y de cancer de cuello uterino",numero de mujeres con muestras de pap tomadas,2015-08-01,0,2,12,22,5,41
CHARAGUA,"anticoncepcion, prevencion de its y de cancer de cuello uterino",numero de mujeres con muestras de pap tomadas,2015-08-01,0,1,5,1,0,7
CHAYANTA,"anticoncepcion, prevencion de its y de cancer de cuello uterino",numero de mujeres con muestras de pap tomadas,2015-08-01,0,3,27,14,4,48
CHIMORE,"anticoncepcion, prevencion de its y de cancer de cuello uterino",numero de mujeres con muestras de pap tomadas,2015-08-01,0,1,9,2,0,12
CHOQUE COTA,"anticoncepcion, prevencion de its y de cancer de cuello uterino",numero de mujeres con muestras de pap tomadas,2015-08-01,0,0,0,3,0,3
CHUA COCANI,"anticoncepcion, prevencion de its y de cancer de cuello uterino",numero de mujeres con muestras de pap tomadas,2015-08-01,0,1,3,4,0,8
CHULUMANI (V. DE LA LIBERTAD),"anticoncepcion, prevencion de its y de cancer de cuello uterino",numero de mujeres con muestras de pap tomadas,2015-08-01,0,0,9,10,3,22
CHUMA,"anticoncepcion, prevencion de its y de cancer de cuello uterino",numero de mujeres con muestras de pap tomadas,2015-08-01,0,4,13,5,0,22
CHUQUIHUTA AYLLU JUCUMANI,"anticoncepcion, prevencion de its y de cancer de cuello uterino",numero de mujeres con muestras de pap tomadas,2015-08-01,0,3,5,6,0,14
CKOCHAS,"anticoncepcion, prevencion de its y de cancer de cuello uterino",numero de mujeres con muestras de pap tomadas,2015-08-01,1,0,16,7,3,27
CLIZA,"anticoncepcion, prevencion de its y de cancer de cuello uterino",numero de mujeres con muestras de pap tomadas,2015-08-01,0,2,36,4,2,44
COBIJA,"anticoncepcion, prevencion de its y de cancer de cuello uterino",numero de mujeres con muestras de pap tomadas,2015-08-01,2,13,104,56,10,185
COCAPATA,"anticoncepcion, prevencion de its y de cancer de cuello uterino",numero de mujeres con muestras de pap tomadas,2015-08-01,0,26,0,0,0,26
COCHABAMBA,"anticoncepcion, prevencion de its y de cancer de cuello uterino",numero de mujeres con muestras de pap tomadas,2015-08-01,33,136,1674,1574,493,3910
COLCAPIRHUA,"anticoncepcion, prevencion de its y de cancer de cuello uterino",numero de mujeres con muestras de pap tomadas,2015-08-01,0,5,24,7,12,48
"COLCHA ""K""","anticoncepcion, prevencion de its y de cancer de cuello uterino",numero de mujeres con muestras de pap tomadas,2015-08-01,0,2,41,9,3,55
COLLANA,"anticoncepcion, prevencion de its y de cancer de cuello uterino",numero de mujeres con muestras de pap tomadas,2015-08-01,0,0,0,2,0,2
COLOMI,"anticoncepcion, prevencion de its y de cancer de cuello uterino",numero de mujeres con muestras de pap tomadas,2015-08-01,1,1,23,11,4,40
COLPA BELGICA,"anticoncepcion, prevencion de its y de cancer de cuello uterino",numero de mujeres con muestras de pap tomadas,2015-08-01,0,2,8,3,1,14
COLQUECHACA,"anticoncepcion, prevencion de its y de cancer de cuello uterino",numero de mujeres con muestras de pap tomadas,2015-08-01,0,4,33,29,2,68
COLQUENCHA,"anticoncepcion, prevencion de its y de cancer de cuello uterino",numero de mujeres con muestras de pap tomadas,2015-08-01,0,0,3,0,2,5
COMARAPA,"anticoncepcion, prevencion de its y de cancer de cuello uterino",numero de mujeres con muestras de pap tomadas,2015-08-01,0,2,16,13,5,36
COMBAYA,"anticoncepcion, prevencion de its y de cancer de cuello uterino",numero de mujeres con muestras de pap tomadas,2015-08-01,0,0,2,1,0,3
CONCEPCION,"anticoncepcion, prevencion de its y de cancer de cuello uterino",numero de mujeres con muestras de pap tomadas,2015-08-01,0,1,13,8,2,24
COPACABANA,"anticoncepcion, prevencion de its y de cancer de cuello uterino",numero de mujeres con muestras de pap tomadas,2015-08-01,0,0,2,2,0,4
CORIPATA,"anticoncepcion, prevencion de its y de cancer de cuello uterino",numero de mujeres con muestras de pap tomadas,2015-08-01,0,0,4,0,0,4
CORO CORO,"anticoncepcion, prevencion de its y de cancer de cuello uterino",numero de mujeres con muestras de pap tomadas,2015-08-01,0,1,1,2,1,5
COROICO,"anticoncepcion, prevencion de its y de cancer de cuello uterino",numero de mujeres con muestras de pap tomadas,2015-08-01,0,5,31,7,6,49
CORQUE,"anticoncepcion, prevencion de its y de cancer de cuello uterino",numero de mujeres con muestras de pap tomadas,2015-08-01,0,0,0,2,1,3
COTAGAITA,"anticoncepcion, prevencion de its y de cancer de cuello uterino",numero de mujeres con muestras de pap tomadas,2015-08-01,0,2,26,14,4,46
COTOCA,"anticoncepcion, prevencion de its y de cancer de cuello uterino",numero de mujeres con muestras de pap tomadas,2015-08-01,0,39,139,44,12,234
CRUZ DE MACHACAMARCA,"anticoncepcion, prevencion de its y de cancer de cuello uterino",numero de mujeres con muestras de pap tomadas,2015-08-01,0,0,1,1,3,5
CUATRO CAÑADAS,"anticoncepcion, prevencion de its y de cancer de cuello uterino",numero de mujeres con muestras de pap tomadas,2015-08-01,0,2,40,13,4,59
CUEVO,"anticoncepcion, prevencion de its y de cancer de cuello uterino",numero de mujeres con muestras de pap tomadas,2015-08-01,0,1,1,0,1,3
CULPINA,"anticoncepcion, prevencion de its y de cancer de cuello uterino",numero de mujeres con muestras de pap tomadas,2015-08-01,0,40,81,69,8,198
CURAHUARA DE CARANGAS,"anticoncepcion, prevencion de its y de cancer de cuello uterino",numero de mujeres con muestras de pap tomadas,2015-08-01,0,1,2,3,0,6
CURVA,"anticoncepcion, prevencion de its y de cancer de cuello uterino",numero de mujeres con muestras de pap tomadas,2015-08-01,0,0,1,1,0,2
DESAGUADERO,"anticoncepcion, prevencion de its y de cancer de cuello uterino",numero de mujeres con muestras de pap tomadas,2015-08-01,0,0,0,2,0,2
EL ALTO,"anticoncepcion, prevencion de its y de cancer de cuello uterino",numero de mujeres con muestras de pap tomadas,2015-08-01,1,162,1950,1353,386,3852
EL CHORO,"anticoncepcion, prevencion de its y de cancer de cuello uterino",numero de mujeres con muestras de pap tomadas,2015-08-01,0,1,1,1,0,3
EL PUENTE(STC),"anticoncepcion, prevencion de its y de cancer de cuello uterino",numero de mujeres con muestras de pap tomadas,2015-08-01,0,1,7,3,1,12
EL PUENTE(TJA),"anticoncepcion, prevencion de its y de cancer de cuello uterino",numero de mujeres con muestras de pap tomadas,2015-08-01,0,4,18,16,19,57
EL TORNO,"anticoncepcion, prevencion de its y de cancer de cuello uterino",numero de mujeres con muestras de pap tomadas,2015-08-01,0,66,137,89,60,352
EL VILLAR,"anticoncepcion, prevencion de its y de cancer de cuello uterino",numero de mujeres con muestras de pap tomadas,2015-08-01,0,5,12,14,8,39
ENTRE RIOS TRJ,"anticoncepcion, prevencion de its y de cancer de cuello uterino",numero de mujeres con muestras de pap tomadas,2015-08-01,0,1,16,21,4,42
ENTRE RIOS CBBA,"anticoncepcion, prevencion de its y de cancer de cuello uterino",numero de mujeres con muestras de pap tomadas,2015-08-01,0,2,18,9,1,30
ESCOMA,"anticoncepcion, prevencion de its y de cancer de cuello uterino",numero de mujeres con muestras de pap tomadas,2015-08-01,0,5,16,4,0,25
EUCALIPTUS,"anticoncepcion, prevencion de its y de cancer de cuello uterino",numero de mujeres con muestras de pap tomadas,2015-08-01,0,0,1,2,2,5
FERNANDEZ ALONSO,"anticoncepcion, prevencion de its y de cancer de cuello uterino",numero de mujeres con muestras de pap tomadas,2015-08-01,1,3,7,4,0,15
FILADELFIA,"anticoncepcion, prevencion de its y de cancer de cuello uterino",numero de mujeres con muestras de pap tomadas,2015-08-01,3,1,4,1,0,9
GENERAL SAAVEDRA,"anticoncepcion, prevencion de its y de cancer de cuello uterino",numero de mujeres con muestras de pap tomadas,2015-08-01,0,2,22,16,3,43
GRAL. J.J. PEREZ (CHARAZANI),"anticoncepcion, prevencion de its y de cancer de cuello uterino",numero de mujeres con muestras de pap tomadas,2015-08-01,0,2,4,0,0,6
GUANAY,"anticoncepcion, prevencion de its y de cancer de cuello uterino",numero de mujeres con muestras de pap tomadas,2015-08-01,0,5,40,14,2,61
GUAQUI,"anticoncepcion, prevencion de its y de cancer de cuello uterino",numero de mujeres con muestras de pap tomadas,2015-08-01,0,1,4,2,1,8
GUAYARAMERIN,"anticoncepcion, prevencion de its y de cancer de cuello uterino",numero de mujeres con muestras de pap tomadas,2015-08-01,19,28,122,71,26,266
GUTIERREZ,"anticoncepcion, prevencion de its y de cancer de cuello uterino",numero de mujeres con muestras de pap tomadas,2015-08-01,1,5,22,17,4,49
HUACARETA,"anticoncepcion, prevencion de its y de cancer de cuello uterino",numero de mujeres con muestras de pap tomadas,2015-08-01,2,3,25,45,13,88
HUACAYA (VILLA DE HUACAYA),"anticoncepcion, prevencion de its y de cancer de cuello uterino",numero de mujeres con muestras de pap tomadas,2015-08-01,0,2,27,21,11,61
HUACHACALLA,"anticoncepcion, prevencion de its y de cancer de cuello uterino",numero de mujeres con muestras de pap tomadas,2015-08-01,0,1,0,2,0,3
HUANUNI,"anticoncepcion, prevencion de its y de cancer de cuello uterino",numero de mujeres con muestras de pap tomadas,2015-08-01,0,0,26,15,3,44
HUATAJATA,"anticoncepcion, prevencion de its y de cancer de cuello uterino",numero de mujeres con muestras de pap tomadas,2015-08-01,0,0,11,8,2,21
HUAYLLAMARCA,"anticoncepcion, prevencion de its y de cancer de cuello uterino",numero de mujeres con muestras de pap tomadas,2015-08-01,0,1,7,3,4,15
ICHOCA,"anticoncepcion, prevencion de its y de cancer de cuello uterino",numero de mujeres con muestras de pap tomadas,2015-08-01,0,0,2,0,0,2
ICLA,"anticoncepcion, prevencion de its y de cancer de cuello uterino",numero de mujeres con muestras de pap tomadas,2015-08-01,0,0,37,51,17,105
INCAHUASI,"anticoncepcion, prevencion de its y de cancer de cuello uterino",numero de mujeres con muestras de pap tomadas,2015-08-01,0,16,65,47,6,134
INQUISIVI,"anticoncepcion, prevencion de its y de cancer de cuello uterino",numero de mujeres con muestras de pap tomadas,2015-08-01,0,0,2,2,0,4
IRUPANA (VILLA DE LANZA),"anticoncepcion, prevencion de its y de cancer de cuello uterino",numero de mujeres con muestras de pap tomadas,2015-08-01,0,1,25,20,4,50
IXIAMAS,"anticoncepcion, prevencion de its y de cancer de cuello uterino",numero de mujeres con muestras de pap tomadas,2015-08-01,0,1,18,0,0,19
JESUS DE MACHACA,"anticoncepcion, prevencion de its y de cancer de cuello uterino",numero de mujeres con muestras de pap tomadas,2015-08-01,0,1,18,10,6,35
LA ASUNTA,"anticoncepcion, prevencion de its y de cancer de cuello uterino",numero de mujeres con muestras de pap tomadas,2015-08-01,0,5,14,5,2,26
LA GUARDIA,"anticoncepcion, prevencion de its y de cancer de cuello uterino",numero de mujeres con muestras de pap tomadas,2015-08-01,2,46,200,65,23,336
LA PAZ,"anticoncepcion, prevencion de its y de cancer de cuello uterino",numero de mujeres con muestras de pap tomadas,2015-08-01,12,134,3389,1346,535,5416
LAGUNILLAS,"anticoncepcion, prevencion de its y de cancer de cuello uterino",numero de mujeres con muestras de pap tomadas,2015-08-01,0,0,3,2,0,5
LAJA,"anticoncepcion, prevencion de its y de cancer de cuello uterino",numero de mujeres con muestras de pap tomadas,2015-08-01,0,0,13,5,4,22
LAS CARRERAS,"anticoncepcion, prevencion de its y de cancer de cuello uterino",numero de mujeres con muestras de pap tomadas,2015-08-01,0,1,4,4,1,10
LLALLAGUA,"anticoncepcion, prevencion de its y de cancer de cuello uterino",numero de mujeres con muestras de pap tomadas,2015-08-01,0,1,6,6,3,16
LLICA,"anticoncepcion, prevencion de its y de cancer de cuello uterino",numero de mujeres con muestras de pap tomadas,2015-08-01,0,0,1,2,1,4
LURIBAY,"anticoncepcion, prevencion de its y de cancer de cuello uterino",numero de mujeres con muestras de pap tomadas,2015-08-01,0,0,8,16,5,29
MACHACAMARCA,"anticoncepcion, prevencion de its y de cancer de cuello uterino",numero de mujeres con muestras de pap tomadas,2015-08-01,0,3,6,1,0,10
MACHARETI,"anticoncepcion, prevencion de its y de cancer de cuello uterino",numero de mujeres con muestras de pap tomadas,2015-08-01,1,6,34,24,6,71
MAGDALENA,"anticoncepcion, prevencion de its y de cancer de cuello uterino",numero de mujeres con muestras de pap tomadas,2015-08-01,0,10,9,2,0,21
MAIRANA,"anticoncepcion, prevencion de its y de cancer de cuello uterino",numero de mujeres con muestras de pap tomadas,2015-08-01,0,5,41,36,19,101
MAPIRI,"anticoncepcion, prevencion de its y de cancer de cuello uterino",numero de mujeres con muestras de pap tomadas,2015-08-01,0,8,103,65,36,212
MECAPACA,"anticoncepcion, prevencion de its y de cancer de cuello uterino",numero de mujeres con muestras de pap tomadas,2015-08-01,0,2,13,9,1,25
MINEROS,"anticoncepcion, prevencion de its y de cancer de cuello uterino",numero de mujeres con muestras de pap tomadas,2015-08-01,0,4,15,8,0,27
MIZQUE,"anticoncepcion, prevencion de its y de cancer de cuello uterino",numero de mujeres con muestras de pap tomadas,2015-08-01,0,13,43,22,7,85
MOCOMOCO,"anticoncepcion, prevencion de its y de cancer de cuello uterino",numero de mujeres con muestras de pap tomadas,2015-08-01,0,1,5,3,1,10
MOJOCOYA,"anticoncepcion, prevencion de its y de cancer de cuello uterino",numero de mujeres con muestras de pap tomadas,2015-08-01,0,8,18,26,9,61
MONTEAGUDO,"anticoncepcion, prevencion de its y de cancer de cuello uterino",numero de mujeres con muestras de pap tomadas,2015-08-01,2,20,92,67,31,212
MONTERO,"anticoncepcion, prevencion de its y de cancer de cuello uterino",numero de mujeres con muestras de pap tomadas,2015-08-01,0,7,81,48,26,162
MORO MORO,"anticoncepcion, prevencion de its y de cancer de cuello uterino",numero de mujeres con muestras de pap tomadas,2015-08-01,0,2,2,5,0,9
MOROCHATA,"anticoncepcion, prevencion de its y de cancer de cuello uterino",numero de mujeres con muestras de pap tomadas,2015-08-01,1,0,4,1,1,7
OCURI,"anticoncepcion, prevencion de its y de cancer de cuello uterino",numero de mujeres con muestras de pap tomadas,2015-08-01,0,4,17,18,3,42
OKINAWA,"anticoncepcion, prevencion de its y de cancer de cuello uterino",numero de mujeres con muestras de pap tomadas,2015-08-01,0,0,0,1,0,1
ORURO,"anticoncepcion, prevencion de its y de cancer de cuello uterino",numero de mujeres con muestras de pap tomadas,2015-08-01,0,31,532,330,100,993
PADCAYA,"anticoncepcion, prevencion de its y de cancer de cuello uterino",numero de mujeres con muestras de pap tomadas,2015-08-01,1,0,22,14,2,39
PADILLA,"anticoncepcion, prevencion de its y de cancer de cuello uterino",numero de mujeres con muestras de pap tomadas,2015-08-01,0,0,40,37,7,84
PAILON,"anticoncepcion, prevencion de its y de cancer de cuello uterino",numero de mujeres con muestras de pap tomadas,2015-08-01,0,2,2,1,0,5
PALCA,"anticoncepcion, prevencion de its y de cancer de cuello uterino",numero de mujeres con muestras de pap tomadas,2015-08-01,0,2,10,7,4,23
PALOS BLANCOS,"anticoncepcion, prevencion de its y de cancer de cuello uterino",numero de mujeres con muestras de pap tomadas,2015-08-01,0,3,33,15,2,53
PAMPA GRANDE,"anticoncepcion, prevencion de its y de cancer de cuello uterino",numero de mujeres con muestras de pap tomadas,2015-08-01,0,2,6,3,0,11
PAPEL PAMPA,"anticoncepcion, prevencion de its y de cancer de cuello uterino",numero de mujeres con muestras de pap tomadas,2015-08-01,0,0,4,1,0,5
PASORAPA,"anticoncepcion, prevencion de its y de cancer de cuello uterino",numero de mujeres con muestras de pap tomadas,2015-08-01,1,1,1,3,1,7
PAZÑA,"anticoncepcion, prevencion de its y de cancer de cuello uterino",numero de mujeres con muestras de pap tomadas,2015-08-01,0,0,4,1,1,6
PELECHUCO,"anticoncepcion, prevencion de its y de cancer de cuello uterino",numero de mujeres con muestras de pap tomadas,2015-08-01,0,0,5,2,1,8
POCOATA,"anticoncepcion, prevencion de its y de cancer de cuello uterino",numero de mujeres con muestras de pap tomadas,2015-08-01,0,2,15,8,2,27
POCONA,"anticoncepcion, prevencion de its y de cancer de cuello uterino",numero de mujeres con muestras de pap tomadas,2015-08-01,0,3,23,23,9,58
POJO (CBBA),"anticoncepcion, prevencion de its y de cancer de cuello uterino",numero de mujeres con muestras de pap tomadas,2015-08-01,0,0,2,2,1,5
PORCO,"anticoncepcion, prevencion de its y de cancer de cuello uterino",numero de mujeres con muestras de pap tomadas,2015-08-01,0,3,16,2,1,22
POROMA,"anticoncepcion, prevencion de its y de cancer de cuello uterino",numero de mujeres con muestras de pap tomadas,2015-08-01,1,31,52,58,14,156
PORONGO,"anticoncepcion, prevencion de its y de cancer de cuello uterino",numero de mujeres con muestras de pap tomadas,2015-08-01,1,6,24,14,9,54
PORTACHUELO,"anticoncepcion, prevencion de its y de cancer de cuello uterino",numero de mujeres con muestras de pap tomadas,2015-08-01,0,3,35,11,3,52
PORVENIR,"anticoncepcion, prevencion de its y de cancer de cuello uterino",numero de mujeres con muestras de pap tomadas,2015-08-01,0,0,8,3,0,11
POSTRER VALLE,"anticoncepcion, prevencion de its y de cancer de cuello uterino",numero de mujeres con muestras de pap tomadas,2015-08-01,0,0,3,5,0,8
POTOSI,"anticoncepcion, prevencion de its y de cancer de cuello uterino",numero de mujeres con muestras de pap tomadas,2015-08-01,0,21,321,300,23,665
PRESTO,"anticoncepcion, prevencion de its y de cancer de cuello uterino",numero de mujeres con muestras de pap tomadas,2015-08-01,0,3,33,19,5,60
PUCARA,"anticoncepcion, prevencion de its y de cancer de cuello uterino",numero de mujeres con muestras de pap tomadas,2015-08-01,0,0,2,4,0,6
PUCARANI,"anticoncepcion, prevencion de its y de cancer de cuello uterino",numero de mujeres con muestras de pap tomadas,2015-08-01,0,4,32,20,7,63
PUERTO ACOSTA,"anticoncepcion, prevencion de its y de cancer de cuello uterino",numero de mujeres con muestras de pap tomadas,2015-08-01,0,0,1,1,0,2
PUERTO CARABUCO,"anticoncepcion, prevencion de its y de cancer de cuello uterino",numero de mujeres con muestras de pap tomadas,2015-08-01,0,0,2,1,1,4
PUERTO GONZALO MORENO,"anticoncepcion, prevencion de its y de cancer de cuello uterino",numero de mujeres con muestras de pap tomadas,2015-08-01,0,6,20,8,1,35
PUERTO PEREZ,"anticoncepcion, prevencion de its y de cancer de cuello uterino",numero de mujeres con muestras de pap tomadas,2015-08-01,0,0,1,4,2,7
PUERTO QUIJARRO,"anticoncepcion, prevencion de its y de cancer de cuello uterino",numero de mujeres con muestras de pap tomadas,2015-08-01,0,8,48,24,6,86
PUERTO RICO,"anticoncepcion, prevencion de its y de cancer de cuello uterino",numero de mujeres con muestras de pap tomadas,2015-08-01,0,3,14,11,1,29
PUERTO SUAREZ,"anticoncepcion, prevencion de its y de cancer de cuello uterino",numero de mujeres con muestras de pap tomadas,2015-08-01,0,2,32,19,5,58
PUERTO VILLARROEL,"anticoncepcion, prevencion de its y de cancer de cuello uterino",numero de mujeres con muestras de pap tomadas,2015-08-01,0,51,164,55,16,286
PUNA,"anticoncepcion, prevencion de its y de cancer de cuello uterino",numero de mujeres con muestras de pap tomadas,2015-08-01,2,11,35,16,6,70
PUNATA,"anticoncepcion, prevencion de its y de cancer de cuello uterino",numero de mujeres con muestras de pap tomadas,2015-08-01,1,15,41,27,15,99
QUIABAYA,"anticoncepcion, prevencion de its y de cancer de cuello uterino",numero de mujeres con muestras de pap tomadas,2015-08-01,0,8,36,31,7,82
QUILLACOLLO,"anticoncepcion, prevencion de its y de cancer de cuello uterino",numero de mujeres con muestras de pap tomadas,2015-08-01,0,88,263,185,44,580
QUIME,"anticoncepcion, prevencion de its y de cancer de cuello uterino",numero de mujeres con muestras de pap tomadas,2015-08-01,0,0,2,3,0,5
QUIRUSILLAS,"anticoncepcion, prevencion de its y de cancer de cuello uterino",numero de mujeres con muestras de pap tomadas,2015-08-01,0,0,1,2,0,3
RAVELO,"anticoncepcion, prevencion de its y de cancer de cuello uterino",numero de mujeres con muestras de pap tomadas,2015-08-01,0,1,15,32,23,71
REYES,"anticoncepcion, prevencion de its y de cancer de cuello uterino",numero de mujeres con muestras de pap tomadas,2015-08-01,0,0,1,0,0,1
RIBERALTA,"anticoncepcion, prevencion de its y de cancer de cuello uterino",numero de mujeres con muestras de pap tomadas,2015-08-01,8,98,262,138,23,529
RURRENABAQUE,"anticoncepcion, prevencion de its y de cancer de cuello uterino",numero de mujeres con muestras de pap tomadas,2015-08-01,0,1,26,8,4,39
SABAYA,"anticoncepcion, prevencion de its y de cancer de cuello uterino",numero de mujeres con muestras de pap tomadas,2015-08-01,0,0,4,1,0,5
SACABA,"anticoncepcion, prevencion de its y de cancer de cuello uterino",numero de mujeres con muestras de pap tomadas,2015-08-01,0,44,238,103,27,412
SACABAMBA,"anticoncepcion, prevencion de its y de cancer de cuello uterino",numero de mujeres con muestras de pap tomadas,2015-08-01,0,0,2,2,2,6
SACACA,"anticoncepcion, prevencion de its y de cancer de cuello uterino",numero de mujeres con muestras de pap tomadas,2015-08-01,0,5,10,11,3,29
SAIPINA,"anticoncepcion, prevencion de its y de cancer de cuello uterino",numero de mujeres con muestras de pap tomadas,2015-08-01,0,2,1,0,0,3
SALINAS DE GARCI MENDOZA,"anticoncepcion, prevencion de its y de cancer de cuello uterino",numero de mujeres con muestras de pap tomadas,2015-08-01,0,0,3,5,4,12
SAMAIPATA,"anticoncepcion, prevencion de its y de cancer de cuello uterino",numero de mujeres con muestras de pap tomadas,2015-08-01,0,1,4,2,1,8
SAN AGUSTIN,"anticoncepcion, prevencion de its y de cancer de cuello uterino",numero de mujeres con muestras de pap tomadas,2015-08-01,0,1,0,0,1,2
SAN ANDRES,"anticoncepcion, prevencion de its y de cancer de cuello uterino",numero de mujeres con muestras de pap tomadas,2015-08-01,0,4,6,4,0,14
SAN ANDRES DE MACHACA,"anticoncepcion, prevencion de its y de cancer de cuello uterino",numero de mujeres con muestras de pap tomadas,2015-08-01,0,1,2,2,1,6
SAN ANTONIO DE ESMORUCO,"anticoncepcion, prevencion de its y de cancer de cuello uterino",numero de mujeres con muestras de pap tomadas,2015-08-01,0,0,2,2,0,4
SAN ANTONIO DE LOMERIO,"anticoncepcion, prevencion de its y de cancer de cuello uterino",numero de mujeres con muestras de pap tomadas,2015-08-01,0,5,8,1,0,14
SAN BENITO,"anticoncepcion, prevencion de its y de cancer de cuello uterino",numero de mujeres con muestras de pap tomadas,2015-08-01,0,2,9,4,1,16
SAN BORJA,"anticoncepcion, prevencion de its y de cancer de cuello uterino",numero de mujeres con muestras de pap tomadas,2015-08-01,0,0,13,0,0,13
SAN BUENA VENTURA,"anticoncepcion, prevencion de its y de cancer de cuello uterino",numero de mujeres con muestras de pap tomadas,2015-08-01,0,1,11,4,1,17
SAN CARLOS,"anticoncepcion, prevencion de its y de cancer de cuello uterino",numero de mujeres con muestras de pap tomadas,2015-08-01,1,9,59,15,6,90
SAN IGNACIO,"anticoncepcion, prevencion de its y de cancer de cuello uterino",numero de mujeres con muestras de pap tomadas,2015-08-01,0,1,1,3,3,8
SAN IGNACIO DE VELASCO,"anticoncepcion, prevencion de its y de cancer de cuello uterino",numero de mujeres con muestras de pap tomadas,2015-08-01,0,14,62,34,1,111
SAN JAVIER(STC),"anticoncepcion, prevencion de its y de cancer de cuello uterino",numero de mujeres con muestras de pap tomadas,2015-08-01,0,0,9,3,3,15
SAN JOSE DE CHIQUITOS,"anticoncepcion, prevencion de its y de cancer de cuello uterino",numero de mujeres con muestras de pap tomadas,2015-08-01,0,5,66,54,8,133
SAN JUAN DE YAPACANI,"anticoncepcion, prevencion de its y de cancer de cuello uterino",numero de mujeres con muestras de pap tomadas,2015-08-01,0,1,14,8,4,27
SAN JULIAN,"anticoncepcion, prevencion de its y de cancer de cuello uterino",numero de mujeres con muestras de pap tomadas,2015-08-01,0,6,52,28,11,97
SAN LORENZO(PND),"anticoncepcion, prevencion de its y de cancer de cuello uterino",numero de mujeres con muestras de pap tomadas,2015-08-01,1,4,11,8,2,26
SAN LORENZO(TJA),"anticoncepcion, prevencion de its y de cancer de cuello uterino",numero de mujeres con muestras de pap tomadas,2015-08-01,0,4,20,21,3,48
SAN LUCAS,"anticoncepcion, prevencion de its y de cancer de cuello uterino",numero de mujeres con muestras de pap tomadas,2015-08-01,0,51,175,121,13,360
SAN MIGUEL DE VELASCO,"anticoncepcion, prevencion de its y de cancer de cuello uterino",numero de mujeres con muestras de pap tomadas,2015-08-01,0,3,17,18,3,41
SAN PEDRO,"anticoncepcion, prevencion de its y de cancer de cuello uterino",numero de mujeres con muestras de pap tomadas,2015-08-01,0,1,12,8,1,22
SAN PEDRO DE BUENA VISTA,"anticoncepcion, prevencion de its y de cancer de cuello uterino",numero de mujeres con muestras de pap tomadas,2015-08-01,4,55,185,107,12,363
SAN PEDRO DE CURAHUARA,"anticoncepcion, prevencion de its y de cancer de cuello uterino",numero de mujeres con muestras de pap tomadas,2015-08-01,0,2,7,1,0,10
SAN PEDRO DE TIQUINA,"anticoncepcion, prevencion de its y de cancer de cuello uterino",numero de mujeres con muestras de pap tomadas,2015-08-01,0,1,4,3,1,9
SAN RAFAEL,"anticoncepcion, prevencion de its y de cancer de cuello uterino",numero de mujeres con muestras de pap tomadas,2015-08-01,0,0,20,7,1,28
SAN RAMON BENI,"anticoncepcion, prevencion de its y de cancer de cuello uterino",numero de mujeres con muestras de pap tomadas,2015-08-01,0,4,8,0,0,12
SAN RAMON SCZ,"anticoncepcion, prevencion de its y de cancer de cuello uterino",numero de mujeres con muestras de pap tomadas,2015-08-01,0,2,11,2,0,15
SANTA ANA,"anticoncepcion, prevencion de its y de cancer de cuello uterino",numero de mujeres con muestras de pap tomadas,2015-08-01,0,0,3,1,2,6
SANTA CRUZ DE LA SIERRA,"anticoncepcion, prevencion de its y de cancer de cuello uterino",numero de mujeres con muestras de pap tomadas,2015-08-01,2,411,2256,1658,359,4686
SANTA ROSA,"anticoncepcion, prevencion de its y de cancer de cuello uterino",numero de mujeres con muestras de pap tomadas,2015-08-01,1,3,18,14,13,49
SANTA ROSA DEL SARA,"anticoncepcion, prevencion de its y de cancer de cuello uterino",numero de mujeres con muestras de pap tomadas,2015-08-01,1,5,21,7,0,34
SANTIAGO DE HUARI,"anticoncepcion, prevencion de its y de cancer de cuello uterino",numero de mujeres con muestras de pap tomadas,2015-08-01,0,1,1,0,0,2
SANTIAGO DE HUATA,"anticoncepcion, prevencion de its y de cancer de cuello uterino",numero de mujeres con muestras de pap tomadas,2015-08-01,0,0,2,2,0,4
SANTIAGO DE MACHACA,"anticoncepcion, prevencion de its y de cancer de cuello uterino",numero de mujeres con muestras de pap tomadas,2015-08-01,0,0,0,1,2,3
SANTIVAÑES,"anticoncepcion, prevencion de its y de cancer de cuello uterino",numero de mujeres con muestras de pap tomadas,2015-08-01,0,0,1,1,0,2
SANTUARIO DE QUILLACAS,"anticoncepcion, prevencion de its y de cancer de cuello uterino",numero de mujeres con muestras de pap tomadas,2015-08-01,0,0,3,0,0,3
SAPAHAQUI,"anticoncepcion, prevencion de its y de cancer de cuello uterino",numero de mujeres con muestras de pap tomadas,2015-08-01,0,0,4,0,0,4
SENA,"anticoncepcion, prevencion de its y de cancer de cuello uterino",numero de mujeres con muestras de pap tomadas,2015-08-01,0,5,26,13,4,48
SHINAOTA,"anticoncepcion, prevencion de its y de cancer de cuello uterino",numero de mujeres con muestras de pap tomadas,2015-08-01,0,11,35,13,0,59
SICA SICA (VILLA AROMA),"anticoncepcion, prevencion de its y de cancer de cuello uterino",numero de mujeres con muestras de pap tomadas,2015-08-01,0,3,15,16,6,40
SICAYA,"anticoncepcion, prevencion de its y de cancer de cuello uterino",numero de mujeres con muestras de pap tomadas,2015-08-01,0,1,2,2,0,5
SIPE SIPE,"anticoncepcion, prevencion de its y de cancer de cuello uterino",numero de mujeres con muestras de pap tomadas,2015-08-01,0,5,48,40,4,97
SOPACHUY,"anticoncepcion, prevencion de its y de cancer de cuello uterino",numero de mujeres con muestras de pap tomadas,2015-08-01,0,5,19,13,5,42
SORACACHI,"anticoncepcion, prevencion de its y de cancer de cuello uterino",numero de mujeres con muestras de pap tomadas,2015-08-01,0,0,12,1,0,13
SORATA,"anticoncepcion, prevencion de its y de cancer de cuello uterino",numero de mujeres con muestras de pap tomadas,2015-08-01,0,3,4,2,0,9
SUCRE,"anticoncepcion, prevencion de its y de cancer de cuello uterino",numero de mujeres con muestras de pap tomadas,2015-08-01,0,207,1220,614,216,2257
TACACHI,"anticoncepcion, prevencion de its y de cancer de cuello uterino",numero de mujeres con muestras de pap tomadas,2015-08-01,0,0,1,0,0,1
TACOBAMBA,"anticoncepcion, prevencion de its y de cancer de cuello uterino",numero de mujeres con muestras de pap tomadas,2015-08-01,0,3,13,21,4,41
TACOPAYA,"anticoncepcion, prevencion de its y de cancer de cuello uterino",numero de mujeres con muestras de pap tomadas,2015-08-01,1,3,6,2,2,14
TAHUA,"anticoncepcion, prevencion de its y de cancer de cuello uterino",numero de mujeres con muestras de pap tomadas,2015-08-01,0,0,7,0,1,8
TAPACARI,"anticoncepcion, prevencion de its y de cancer de cuello uterino",numero de mujeres con muestras de pap tomadas,2015-08-01,0,1,8,15,4,28
TARABUCO,"anticoncepcion, prevencion de its y de cancer de cuello uterino",numero de mujeres con muestras de pap tomadas,2015-08-01,0,4,37,26,11,78
TARACO,"anticoncepcion, prevencion de its y de cancer de cuello uterino",numero de mujeres con muestras de pap tomadas,2015-08-01,0,1,10,7,4,22
TARATA,"anticoncepcion, prevencion de its y de cancer de cuello uterino",numero de mujeres con muestras de pap tomadas,2015-08-01,0,1,10,3,3,17
TARIJA,"anticoncepcion, prevencion de its y de cancer de cuello uterino",numero de mujeres con muestras de pap tomadas,2015-08-01,2,95,375,561,147,1180
TARVITA,"anticoncepcion, prevencion de its y de cancer de cuello uterino",numero de mujeres con muestras de pap tomadas,2015-08-01,0,13,38,29,13,93
TEOPONTE,"anticoncepcion, prevencion de its y de cancer de cuello uterino",numero de mujeres con muestras de pap tomadas,2015-08-01,0,3,33,10,5,51
TIAWANACU,"anticoncepcion, prevencion de its y de cancer de cuello uterino",numero de mujeres con muestras de pap tomadas,2015-08-01,0,3,21,6,5,35
TINGUIPAYA,"anticoncepcion, prevencion de its y de cancer de cuello uterino",numero de mujeres con muestras de pap tomadas,2015-08-01,0,6,51,7,4,68
TIPUANI,"anticoncepcion, prevencion de its y de cancer de cuello uterino",numero de mujeres con muestras de pap tomadas,2015-08-01,0,1,3,0,0,4
TIQUIPAYA,"anticoncepcion, prevencion de its y de cancer de cuello uterino",numero de mujeres con muestras de pap tomadas,2015-08-01,1,9,43,30,9,92
TIRAQUE (CBBA),"anticoncepcion, prevencion de its y de cancer de cuello uterino",numero de mujeres con muestras de pap tomadas,2015-08-01,0,7,25,15,3,50
TOCO,"anticoncepcion, prevencion de its y de cancer de cuello uterino",numero de mujeres con muestras de pap tomadas,2015-08-01,0,0,7,5,2,14
TOLATA,"anticoncepcion, prevencion de its y de cancer de cuello uterino",numero de mujeres con muestras de pap tomadas,2015-08-01,0,0,10,15,1,26
TOMAVE,"anticoncepcion, prevencion de its y de cancer de cuello uterino",numero de mujeres con muestras de pap tomadas,2015-08-01,0,4,28,10,5,47
TOMINA,"anticoncepcion, prevencion de its y de cancer de cuello uterino",numero de mujeres con muestras de pap tomadas,2015-08-01,0,9,38,29,8,84
TORO TORO,"anticoncepcion, prevencion de its y de cancer de cuello uterino",numero de mujeres con muestras de pap tomadas,2015-08-01,0,16,64,63,11,154
TOTORA(CBBA),"anticoncepcion, prevencion de its y de cancer de cuello uterino",numero de mujeres con muestras de pap tomadas,2015-08-01,0,5,13,15,1,34
TOTORA(ORR),"anticoncepcion, prevencion de its y de cancer de cuello uterino",numero de mujeres con muestras de pap tomadas,2015-08-01,0,0,5,0,1,6
TRIGAL,"anticoncepcion, prevencion de its y de cancer de cuello uterino",numero de mujeres con muestras de pap tomadas,2015-08-01,0,0,3,0,1,4
TRINIDAD,"anticoncepcion, prevencion de its y de cancer de cuello uterino",numero de mujeres con muestras de pap tomadas,2015-08-01,0,42,258,101,37,438
TUPIZA,"anticoncepcion, prevencion de its y de cancer de cuello uterino",numero de mujeres con muestras de pap tomadas,2015-08-01,0,4,53,39,13,109
TURCO,"anticoncepcion, prevencion de its y de cancer de cuello uterino",numero de mujeres con muestras de pap tomadas,2015-08-01,0,0,9,5,1,15
UMALA,"anticoncepcion, prevencion de its y de cancer de cuello uterino",numero de mujeres con muestras de pap tomadas,2015-08-01,0,1,5,2,1,9
UNCIA,"anticoncepcion, prevencion de its y de cancer de cuello uterino",numero de mujeres con muestras de pap tomadas,2015-08-01,0,0,9,0,0,9
URIONDO (A. CONCEPCION),"anticoncepcion, prevencion de its y de cancer de cuello uterino",numero de mujeres con muestras de pap tomadas,2015-08-01,0,0,10,9,2,21
URUBICHA,"anticoncepcion, prevencion de its y de cancer de cuello uterino",numero de mujeres con muestras de pap tomadas,2015-08-01,0,0,4,4,3,11
UYUNI,"anticoncepcion, prevencion de its y de cancer de cuello uterino",numero de mujeres con muestras de pap tomadas,2015-08-01,0,6,32,9,3,50
VACAS,"anticoncepcion, prevencion de its y de cancer de cuello uterino",numero de mujeres con muestras de pap tomadas,2015-08-01,0,4,1,3,1,9
VALLEGRANDE,"anticoncepcion, prevencion de its y de cancer de cuello uterino",numero de mujeres con muestras de pap tomadas,2015-08-01,1,9,59,39,24,132
VIACHA,"anticoncepcion, prevencion de its y de cancer de cuello uterino",numero de mujeres con muestras de pap tomadas,2015-08-01,0,17,94,63,13,187
VILLA CHARCAS,"anticoncepcion, prevencion de its y de cancer de cuello uterino",numero de mujeres con muestras de pap tomadas,2015-08-01,0,4,40,36,6,86
VILLA MONTES,"anticoncepcion, prevencion de its y de cancer de cuello uterino",numero de mujeres con muestras de pap tomadas,2015-08-01,1,12,120,53,33,219
VILLA NUEVA (LOMA ALTA),"anticoncepcion, prevencion de its y de cancer de cuello uterino",numero de mujeres con muestras de pap tomadas,2015-08-01,0,0,6,0,0,6
VILLA RIVERO,"anticoncepcion, prevencion de its y de cancer de cuello uterino",numero de mujeres con muestras de pap tomadas,2015-08-01,0,5,27,5,1,38
VILLA SERRANO,"anticoncepcion, prevencion de its y de cancer de cuello uterino",numero de mujeres con muestras de pap tomadas,2015-08-01,0,4,39,44,0,87
VILLA TUNARI,"anticoncepcion, prevencion de its y de cancer de cuello uterino",numero de mujeres con muestras de pap tomadas,2015-08-01,0,6,89,59,7,161
VILLA VACA GUZMAN (MUYUPAMPA),"anticoncepcion, prevencion de its y de cancer de cuello uterino",numero de mujeres con muestras de pap tomadas,2015-08-01,0,7,36,29,4,76
VILLAZON,"anticoncepcion, prevencion de its y de cancer de cuello uterino",numero de mujeres con muestras de pap tomadas,2015-08-01,0,10,112,67,23,212
VINTO,"anticoncepcion, prevencion de its y de cancer de cuello uterino",numero de mujeres con muestras de pap tomadas,2015-08-01,1,7,118,42,4,172
VITICHI,"anticoncepcion, prevencion de its y de cancer de cuello uterino",numero de mujeres con muestras de pap tomadas,2015-08-01,0,2,3,9,1,15
WALDO BALLIVIAN,"anticoncepcion, prevencion de its y de cancer de cuello uterino",numero de mujeres con muestras de pap tomadas,2015-08-01,0,0,2,1,1,4
WARNES,"anticoncepcion, prevencion de its y de cancer de cuello uterino",numero de mujeres con muestras de pap tomadas,2015-08-01,0,18,87,31,11,147
YACO,"anticoncepcion, prevencion de its y de cancer de cuello uterino",numero de mujeres con muestras de pap tomadas,2015-08-01,0,0,1,2,0,3
YACUIBA,"anticoncepcion, prevencion de its y de cancer de cuello uterino",numero de mujeres con muestras de pap tomadas,2015-08-01,0,19,114,98,26,257
YAMPARAEZ,"anticoncepcion, prevencion de its y de cancer de cuello uterino",numero de mujeres con muestras de pap tomadas,2015-08-01,0,5,12,18,8,43
YAPACANI,"anticoncepcion, prevencion de its y de cancer de cuello uterino",numero de mujeres con muestras de pap tomadas,2015-08-01,7,35,75,25,11,153
YOCALLA,"anticoncepcion, prevencion de its y de cancer de cuello uterino",numero de mujeres con muestras de pap tomadas,2015-08-01,0,0,1,0,2,3
YOTALA,"anticoncepcion, prevencion de its y de cancer de cuello uterino",numero de mujeres con muestras de pap tomadas,2015-08-01,0,8,22,26,11,67
YUNCHARA,"anticoncepcion, prevencion de its y de cancer de cuello uterino",numero de mujeres con muestras de pap tomadas,2015-08-01,0,2,8,9,5,24
ZUDAÑEZ,"anticoncepcion, prevencion de its y de cancer de cuello uterino",numero de mujeres con muestras de pap tomadas,2015-08-01,0,6,20,10,8,44
ACACIO,"anticoncepcion, prevencion de its y de cancer de cuello uterino",numero de mujeres con muestras de pap tomadas,2015-09-01,0,0,6,8,7,21
ACHACACHI,"anticoncepcion, prevencion de its y de cancer de cuello uterino",numero de mujeres con muestras de pap tomadas,2015-09-01,0,14,50,14,13,91
ACHOCALLA,"anticoncepcion, prevencion de its y de cancer de cuello uterino",numero de mujeres con muestras de pap tomadas,2015-09-01,9,6,20,9,3,47
AIQUILE,"anticoncepcion, prevencion de its y de cancer de cuello uterino",numero de mujeres con muestras de pap tomadas,2015-09-01,2,17,57,55,24,155
ALALAY,"anticoncepcion, prevencion de its y de cancer de cuello uterino",numero de mujeres con muestras de pap tomadas,2015-09-01,0,1,5,5,0,11
ALCALA,"anticoncepcion, prevencion de its y de cancer de cuello uterino",numero de mujeres con muestras de pap tomadas,2015-09-01,0,0,16,29,15,60
ALTO BENI,"anticoncepcion, prevencion de its y de cancer de cuello uterino",numero de mujeres con muestras de pap tomadas,2015-09-01,1,3,18,11,3,36
ANCORAIMES,"anticoncepcion, prevencion de its y de cancer de cuello uterino",numero de mujeres con muestras de pap tomadas,2015-09-01,0,3,12,5,6,26
ANDAMARCA,"anticoncepcion, prevencion de its y de cancer de cuello uterino",numero de mujeres con muestras de pap tomadas,2015-09-01,0,0,2,3,1,6
ANTEQUERA,"anticoncepcion, prevencion de its y de cancer de cuello uterino",numero de mujeres con muestras de pap tomadas,2015-09-01,0,0,1,1,0,2
ANZALDO,"anticoncepcion, prevencion de its y de cancer de cuello uterino",numero de mujeres con muestras de pap tomadas,2015-09-01,0,0,4,11,3,18
APOLO,"anticoncepcion, prevencion de its y de cancer de cuello uterino",numero de mujeres con muestras de pap tomadas,2015-09-01,1,32,128,71,6,238
ARAMPAMPA,"anticoncepcion, prevencion de its y de cancer de cuello uterino",numero de mujeres con muestras de pap tomadas,2015-09-01,0,8,56,23,0,87
ARANI,"anticoncepcion, prevencion de its y de cancer de cuello uterino",numero de mujeres con muestras de pap tomadas,2015-09-01,0,0,13,3,0,16
ARBIETO,"anticoncepcion, prevencion de its y de cancer de cuello uterino",numero de mujeres con muestras de pap tomadas,2015-09-01,1,34,55,28,10,128
ARQUE,"anticoncepcion, prevencion de its y de cancer de cuello uterino",numero de mujeres con muestras de pap tomadas,2015-09-01,0,0,0,1,0,1
ASCENCION DE GUARAYOS,"anticoncepcion, prevencion de its y de cancer de cuello uterino",numero de mujeres con muestras de pap tomadas,2015-09-01,2,1,74,54,12,143
ATOCHA,"anticoncepcion, prevencion de its y de cancer de cuello uterino",numero de mujeres con muestras de pap tomadas,2015-09-01,0,2,53,46,9,110
AUCAPATA,"anticoncepcion, prevencion de its y de cancer de cuello uterino",numero de mujeres con muestras de pap tomadas,2015-09-01,0,1,1,2,1,5
AYATA,"anticoncepcion, prevencion de its y de cancer de cuello uterino",numero de mujeres con muestras de pap tomadas,2015-09-01,0,0,0,3,0,3
AYO AYO,"anticoncepcion, prevencion de its y de cancer de cuello uterino",numero de mujeres con muestras de pap tomadas,2015-09-01,0,0,3,0,1,4
AYOPAYA (V. DE INDEPENDENCIA),"anticoncepcion, prevencion de its y de cancer de cuello uterino",numero de mujeres con muestras de pap tomadas,2015-09-01,1,2,21,14,5,43
AZURDUY,"anticoncepcion, prevencion de its y de cancer de cuello uterino",numero de mujeres con muestras de pap tomadas,2015-09-01,0,7,38,26,13,84
BATALLAS,"anticoncepcion, prevencion de its y de cancer de cuello uterino",numero de mujeres con muestras de pap tomadas,2015-09-01,0,0,11,0,9,20
BAURES,"anticoncepcion, prevencion de its y de cancer de cuello uterino",numero de mujeres con muestras de pap tomadas,2015-09-01,0,0,7,6,4,17
BELLA FLOR,"anticoncepcion, prevencion de its y de cancer de cuello uterino",numero de mujeres con muestras de pap tomadas,2015-09-01,0,3,12,10,4,29
BERMEJO,"anticoncepcion, prevencion de its y de cancer de cuello uterino",numero de mujeres con muestras de pap tomadas,2015-09-01,0,16,118,88,31,253
BETANZOS,"anticoncepcion, prevencion de its y de cancer de cuello uterino",numero de mujeres con muestras de pap tomadas,2015-09-01,1,6,34,26,4,71
BOLIVAR,"anticoncepcion, prevencion de its y de cancer de cuello uterino",numero de mujeres con muestras de pap tomadas,2015-09-01,0,3,5,5,0,13
BOYUIBE,"anticoncepcion, prevencion de its y de cancer de cuello uterino",numero de mujeres con muestras de pap tomadas,2015-09-01,0,1,3,0,0,4
BUENA VISTA,"anticoncepcion, prevencion de its y de cancer de cuello uterino",numero de mujeres con muestras de pap tomadas,2015-09-01,0,1,14,10,8,33
CABEZAS,"anticoncepcion, prevencion de its y de cancer de cuello uterino",numero de mujeres con muestras de pap tomadas,2015-09-01,5,15,57,22,23,122
CAIROMA,"anticoncepcion, prevencion de its y de cancer de cuello uterino",numero de mujeres con muestras de pap tomadas,2015-09-01,0,1,3,0,1,5
"CAIZA ""D""","anticoncepcion, prevencion de its y de cancer de cuello uterino",numero de mujeres con muestras de pap tomadas,2015-09-01,0,3,19,19,10,51
CALACOTO,"anticoncepcion, prevencion de its y de cancer de cuello uterino",numero de mujeres con muestras de pap tomadas,2015-09-01,0,0,1,6,0,7
CALAMARCA,"anticoncepcion, prevencion de its y de cancer de cuello uterino",numero de mujeres con muestras de pap tomadas,2015-09-01,0,4,20,9,2,35
CAMARGO,"anticoncepcion, prevencion de its y de cancer de cuello uterino",numero de mujeres con muestras de pap tomadas,2015-09-01,1,10,23,38,7,79
CAMATAQUI (C. VILLA ABECIA),"anticoncepcion, prevencion de its y de cancer de cuello uterino",numero de mujeres con muestras de pap tomadas,2015-09-01,0,2,22,15,13,52
CAMIRI,"anticoncepcion, prevencion de its y de cancer de cuello uterino",numero de mujeres con muestras de pap tomadas,2015-09-01,0,1,27,10,2,40
CAPINOTA,"anticoncepcion, prevencion de its y de cancer de cuello uterino",numero de mujeres con muestras de pap tomadas,2015-09-01,1,21,51,30,8,111
CAQUIAVIRI,"anticoncepcion, prevencion de its y de cancer de cuello uterino",numero de mujeres con muestras de pap tomadas,2015-09-01,0,1,4,2,0,7
CARACOLLO,"anticoncepcion, prevencion de its y de cancer de cuello uterino",numero de mujeres con muestras de pap tomadas,2015-09-01,0,2,9,6,4,21
CARANAVI,"anticoncepcion, prevencion de its y de cancer de cuello uterino",numero de mujeres con muestras de pap tomadas,2015-09-01,0,20,111,70,25,226
CARANGAS,"anticoncepcion, prevencion de its y de cancer de cuello uterino",numero de mujeres con muestras de pap tomadas,2015-09-01,0,0,0,0,1,1
CARAPARI,"anticoncepcion, prevencion de its y de cancer de cuello uterino",numero de mujeres con muestras de pap tomadas,2015-09-01,0,6,5,13,2,26
CARIPUYO,"anticoncepcion, prevencion de its y de cancer de cuello uterino",numero de mujeres con muestras de pap tomadas,2015-09-01,0,4,9,16,2,31
CARMEN RIVERO TORREZ,"anticoncepcion, prevencion de its y de cancer de cuello uterino",numero de mujeres con muestras de pap tomadas,2015-09-01,0,0,7,1,1,9
CHACARILLA,"anticoncepcion, prevencion de its y de cancer de cuello uterino",numero de mujeres con muestras de pap tomadas,2015-09-01,0,0,1,0,0,1
CHALLAPATA,"anticoncepcion, prevencion de its y de cancer de cuello uterino",numero de mujeres con muestras de pap tomadas,2015-09-01,1,143,40,28,23,235
CHAQUI,"anticoncepcion, prevencion de its y de cancer de cuello uterino",numero de mujeres con muestras de pap tomadas,2015-09-01,0,4,26,22,6,58
CHARAGUA,"anticoncepcion, prevencion de its y de cancer de cuello uterino",numero de mujeres con muestras de pap tomadas,2015-09-01,0,2,21,6,5,34
CHAYANTA,"anticoncepcion, prevencion de its y de cancer de cuello uterino",numero de mujeres con muestras de pap tomadas,2015-09-01,0,2,15,10,0,27
CHIMORE,"anticoncepcion, prevencion de its y de cancer de cuello uterino",numero de mujeres con muestras de pap tomadas,2015-09-01,1,3,16,5,1,26
CHOQUE COTA,"anticoncepcion, prevencion de its y de cancer de cuello uterino",numero de mujeres con muestras de pap tomadas,2015-09-01,0,0,2,0,0,2
CHUA COCANI,"anticoncepcion, prevencion de its y de cancer de cuello uterino",numero de mujeres con muestras de pap tomadas,2015-09-01,0,1,5,1,3,10
CHULUMANI (V. DE LA LIBERTAD),"anticoncepcion, prevencion de its y de cancer de cuello uterino",numero de mujeres con muestras de pap tomadas,2015-09-01,1,1,10,3,1,16
CHUMA,"anticoncepcion, prevencion de its y de cancer de cuello uterino",numero de mujeres con muestras de pap tomadas,2015-09-01,0,1,5,3,0,9
CHUQUIHUTA AYLLU JUCUMANI,"anticoncepcion, prevencion de its y de cancer de cuello uterino",numero de mujeres con muestras de pap tomadas,2015-09-01,0,3,14,6,1,24
CKOCHAS,"anticoncepcion, prevencion de its y de cancer de cuello uterino",numero de mujeres con muestras de pap tomadas,2015-09-01,0,5,55,66,26,152
CLIZA,"anticoncepcion, prevencion de its y de cancer de cuello uterino",numero de mujeres con muestras de pap tomadas,2015-09-01,0,3,49,10,3,65
COBIJA,"anticoncepcion, prevencion de its y de cancer de cuello uterino",numero de mujeres con muestras de pap tomadas,2015-09-01,0,19,136,60,14,229
COCAPATA,"anticoncepcion, prevencion de its y de cancer de cuello uterino",numero de mujeres con muestras de pap tomadas,2015-09-01,0,1,5,5,0,11
COCHABAMBA,"anticoncepcion, prevencion de its y de cancer de cuello uterino",numero de mujeres con muestras de pap tomadas,2015-09-01,21,204,1862,1764,591,4442
COLCAPIRHUA,"anticoncepcion, prevencion de its y de cancer de cuello uterino",numero de mujeres con muestras de pap tomadas,2015-09-01,0,5,32,6,0,43
"COLCHA ""K""","anticoncepcion, prevencion de its y de cancer de cuello uterino",numero de mujeres con muestras de pap tomadas,2015-09-01,0,3,64,18,2,87
COLLANA,"anticoncepcion, prevencion de its y de cancer de cuello uterino",numero de mujeres con muestras de pap tomadas,2015-09-01,0,0,0,1,0,1
COLOMI,"anticoncepcion, prevencion de its y de cancer de cuello uterino",numero de mujeres con muestras de pap tomadas,2015-09-01,0,1,7,2,0,10
COLPA BELGICA,"anticoncepcion, prevencion de its y de cancer de cuello uterino",numero de mujeres con muestras de pap tomadas,2015-09-01,0,0,14,4,0,18
COLQUECHACA,"anticoncepcion, prevencion de its y de cancer de cuello uterino",numero de mujeres con muestras de pap tomadas,2015-09-01,0,20,19,16,5,60
COLQUENCHA,"anticoncepcion, prevencion de its y de cancer de cuello uterino",numero de mujeres con muestras de pap tomadas,2015-09-01,0,2,10,7,4,23
COLQUIRI,"anticoncepcion, prevencion de its y de cancer de cuello uterino",numero de mujeres con muestras de pap tomadas,2015-09-01,0,1,13,8,2,24
COMANCHE,"anticoncepcion, prevencion de its y de cancer de cuello uterino",numero de mujeres con muestras de pap tomadas,2015-09-01,0,0,0,2,0,2
COMARAPA,"anticoncepcion, prevencion de its y de cancer de cuello uterino",numero de mujeres con muestras de pap tomadas,2015-09-01,1,17,106,61,28,213
COMBAYA,"anticoncepcion, prevencion de its y de cancer de cuello uterino",numero de mujeres con muestras de pap tomadas,2015-09-01,0,2,6,9,1,18
CONCEPCION,"anticoncepcion, prevencion de its y de cancer de cuello uterino",numero de mujeres con muestras de pap tomadas,2015-09-01,0,4,12,11,6,33
CORO CORO,"anticoncepcion, prevencion de its y de cancer de cuello uterino",numero de mujeres con muestras de pap tomadas,2015-09-01,0,0,20,10,8,38
COROICO,"anticoncepcion, prevencion de its y de cancer de cuello uterino",numero de mujeres con muestras de pap tomadas,2015-09-01,0,0,0,1,0,1
CORQUE,"anticoncepcion, prevencion de its y de cancer de cuello uterino",numero de mujeres con muestras de pap tomadas,2015-09-01,0,6,11,13,1,31
COTAGAITA,"anticoncepcion, prevencion de its y de cancer de cuello uterino",numero de mujeres con muestras de pap tomadas,2015-09-01,0,3,35,33,21,92
COTOCA,"anticoncepcion, prevencion de its y de cancer de cuello uterino",numero de mujeres con muestras de pap tomadas,2015-09-01,0,39,161,67,16,283
CUATRO CAÑADAS,"anticoncepcion, prevencion de its y de cancer de cuello uterino",numero de mujeres con muestras de pap tomadas,2015-09-01,0,8,43,16,9,76
CUCHUMUELA (V. G. VILLARROEL),"anticoncepcion, prevencion de its y de cancer de cuello uterino",numero de mujeres con muestras de pap tomadas,2015-09-01,0,0,2,0,0,2
CUEVO,"anticoncepcion, prevencion de its y de cancer de cuello uterino",numero de mujeres con muestras de pap tomadas,2015-09-01,0,0,0,1,0,1
CULPINA,"anticoncepcion, prevencion de its y de cancer de cuello uterino",numero de mujeres con muestras de pap tomadas,2015-09-01,0,42,78,59,7,186
CURAHUARA DE CARANGAS,"anticoncepcion, prevencion de its y de cancer de cuello uterino",numero de mujeres con muestras de pap tomadas,2015-09-01,0,0,14,9,11,34
CURVA,"anticoncepcion, prevencion de its y de cancer de cuello uterino",numero de mujeres con muestras de pap tomadas,2015-09-01,0,0,1,1,0,2
DESAGUADERO,"anticoncepcion, prevencion de its y de cancer de cuello uterino",numero de mujeres con muestras de pap tomadas,2015-09-01,0,0,2,2,0,4
EL ALTO,"anticoncepcion, prevencion de its y de cancer de cuello uterino",numero de mujeres con muestras de pap tomadas,2015-09-01,4,238,2264,1364,396,4266
EL CHORO,"anticoncepcion, prevencion de its y de cancer de cuello uterino",numero de mujeres con muestras de pap tomadas,2015-09-01,0,0,0,0,2,2
EL PUENTE(STC),"anticoncepcion, prevencion de its y de cancer de cuello uterino",numero de mujeres con muestras de pap tomadas,2015-09-01,0,2,9,15,1,27
EL PUENTE(TJA),"anticoncepcion, prevencion de its y de cancer de cuello uterino",numero de mujeres con muestras de pap tomadas,2015-09-01,0,2,33,24,11,70
EL TORNO,"anticoncepcion, prevencion de its y de cancer de cuello uterino",numero de mujeres con muestras de pap tomadas,2015-09-01,1,85,209,144,51,490
EL VILLAR,"anticoncepcion, prevencion de its y de cancer de cuello uterino",numero de mujeres con muestras de pap tomadas,2015-09-01,0,8,7,12,1,28
ENTRE RIOS TRJ,"anticoncepcion, prevencion de its y de cancer de cuello uterino",numero de mujeres con muestras de pap tomadas,2015-09-01,0,4,36,38,14,92
ENTRE RIOS CBBA,"anticoncepcion, prevencion de its y de cancer de cuello uterino",numero de mujeres con muestras de pap tomadas,2015-09-01,0,4,14,1,3,22
ESCOMA,"anticoncepcion, prevencion de its y de cancer de cuello uterino",numero de mujeres con muestras de pap tomadas,2015-09-01,0,4,5,2,0,11
ESMERALDA,"anticoncepcion, prevencion de its y de cancer de cuello uterino",numero de mujeres con muestras de pap tomadas,2015-09-01,0,0,0,0,3,3
EUCALIPTUS,"anticoncepcion, prevencion de its y de cancer de cuello uterino",numero de mujeres con muestras de pap tomadas,2015-09-01,0,0,0,1,0,1
FERNANDEZ ALONSO,"anticoncepcion, prevencion de its y de cancer de cuello uterino",numero de mujeres con muestras de pap tomadas,2015-09-01,0,3,16,8,3,30
FILADELFIA,"anticoncepcion, prevencion de its y de cancer de cuello uterino",numero de mujeres con muestras de pap tomadas,2015-09-01,0,1,2,1,0,4
GENERAL SAAVEDRA,"anticoncepcion, prevencion de its y de cancer de cuello uterino",numero de mujeres con muestras de pap tomadas,2015-09-01,0,3,15,6,2,26
GRAL. J.J. PEREZ (CHARAZANI),"anticoncepcion, prevencion de its y de cancer de cuello uterino",numero de mujeres con muestras de pap tomadas,2015-09-01,0,0,8,7,4,19
GUANAY,"anticoncepcion, prevencion de its y de cancer de cuello uterino",numero de mujeres con muestras de pap tomadas,2015-09-01,1,2,95,14,2,114
GUAQUI,"anticoncepcion, prevencion de its y de cancer de cuello uterino",numero de mujeres con muestras de pap tomadas,2015-09-01,0,2,3,2,2,9
GUAYARAMERIN,"anticoncepcion, prevencion de its y de cancer de cuello uterino",numero de mujeres con muestras de pap tomadas,2015-09-01,0,35,154,130,31,350
GUTIERREZ,"anticoncepcion, prevencion de its y de cancer de cuello uterino",numero de mujeres con muestras de pap tomadas,2015-09-01,0,0,10,2,1,13
HUACARETA,"anticoncepcion, prevencion de its y de cancer de cuello uterino",numero de mujeres con muestras de pap tomadas,2015-09-01,0,11,37,47,15,110
HUACAYA (VILLA DE HUACAYA),"anticoncepcion, prevencion de its y de cancer de cuello uterino",numero de mujeres con muestras de pap tomadas,2015-09-01,0,7,24,18,7,56
HUANUNI,"anticoncepcion, prevencion de its y de cancer de cuello uterino",numero de mujeres con muestras de pap tomadas,2015-09-01,0,2,32,17,4,55
HUARACAJE,"anticoncepcion, prevencion de its y de cancer de cuello uterino",numero de mujeres con muestras de pap tomadas,2015-09-01,0,0,44,0,0,44
HUARINA,"anticoncepcion, prevencion de its y de cancer de cuello uterino",numero de mujeres con muestras de pap tomadas,2015-09-01,0,0,1,0,0,1
HUATAJATA,"anticoncepcion, prevencion de its y de cancer de cuello uterino",numero de mujeres con muestras de pap tomadas,2015-09-01,0,0,2,1,0,3
HUMANATA,"anticoncepcion, prevencion de its y de cancer de cuello uterino",numero de mujeres con muestras de pap tomadas,2015-09-01,0,1,0,2,0,3
ICHOCA,"anticoncepcion, prevencion de its y de cancer de cuello uterino",numero de mujeres con muestras de pap tomadas,2015-09-01,0,1,0,0,0,1
ICLA,"anticoncepcion, prevencion de its y de cancer de cuello uterino",numero de mujeres con muestras de pap tomadas,2015-09-01,0,6,27,24,9,66
INCAHUASI,"anticoncepcion, prevencion de its y de cancer de cuello uterino",numero de mujeres con muestras de pap tomadas,2015-09-01,0,17,74,51,5,147
INQUISIVI,"anticoncepcion, prevencion de its y de cancer de cuello uterino",numero de mujeres con muestras de pap tomadas,2015-09-01,0,0,2,1,0,3
IRUPANA (VILLA DE LANZA),"anticoncepcion, prevencion de its y de cancer de cuello uterino",numero de mujeres con muestras de pap tomadas,2015-09-01,1,2,3,1,1,8
IXIAMAS,"anticoncepcion, prevencion de its y de cancer de cuello uterino",numero de mujeres con muestras de pap tomadas,2015-09-01,0,2,36,27,6,71
JESUS DE MACHACA,"anticoncepcion, prevencion de its y de cancer de cuello uterino",numero de mujeres con muestras de pap tomadas,2015-09-01,0,8,16,18,19,61
LA ASUNTA,"anticoncepcion, prevencion de its y de cancer de cuello uterino",numero de mujeres con muestras de pap tomadas,2015-09-01,0,4,14,6,2,26
LA GUARDIA,"anticoncepcion, prevencion de its y de cancer de cuello uterino",numero de mujeres con muestras de pap tomadas,2015-09-01,1,51,214,81,35,382
LA PAZ,"anticoncepcion, prevencion de its y de cancer de cuello uterino",numero de mujeres con muestras de pap tomadas,2015-09-01,8,158,2118,1853,697,4834
LA RIVERA,"anticoncepcion, prevencion de its y de cancer de cuello uterino",numero de mujeres con muestras de pap tomadas,2015-09-01,0,0,5,0,0,5
LAGUNILLAS,"anticoncepcion, prevencion de its y de cancer de cuello uterino",numero de mujeres con muestras de pap tomadas,2015-09-01,0,0,3,5,1,9
LAJA,"anticoncepcion, prevencion de its y de cancer de cuello uterino",numero de mujeres con muestras de pap tomadas,2015-09-01,0,14,12,7,2,35
LAS CARRERAS,"anticoncepcion, prevencion de its y de cancer de cuello uterino",numero de mujeres con muestras de pap tomadas,2015-09-01,1,1,9,8,2,21
LLALLAGUA,"anticoncepcion, prevencion de its y de cancer de cuello uterino",numero de mujeres con muestras de pap tomadas,2015-09-01,0,2,5,6,1,14
LURIBAY,"anticoncepcion, prevencion de its y de cancer de cuello uterino",numero de mujeres con muestras de pap tomadas,2015-09-01,0,1,6,5,5,17
MACHACAMARCA,"anticoncepcion, prevencion de its y de cancer de cuello uterino",numero de mujeres con muestras de pap tomadas,2015-09-01,0,3,11,5,1,20
MACHARETI,"anticoncepcion, prevencion de its y de cancer de cuello uterino",numero de mujeres con muestras de pap tomadas,2015-09-01,0,4,23,20,4,51
MAGDALENA,"anticoncepcion, prevencion de its y de cancer de cuello uterino",numero de mujeres con muestras de pap tomadas,2015-09-01,0,29,110,22,6,167
MAIRANA,"anticoncepcion, prevencion de its y de cancer de cuello uterino",numero de mujeres con muestras de pap tomadas,2015-09-01,0,2,29,19,6,56
MAPIRI,"anticoncepcion, prevencion de its y de cancer de cuello uterino",numero de mujeres con muestras de pap tomadas,2015-09-01,0,2,5,1,0,8
MECAPACA,"anticoncepcion, prevencion de its y de cancer de cuello uterino",numero de mujeres con muestras de pap tomadas,2015-09-01,0,1,20,8,2,31
MINEROS,"anticoncepcion, prevencion de its y de cancer de cuello uterino",numero de mujeres con muestras de pap tomadas,2015-09-01,0,6,49,7,1,63
MIZQUE,"anticoncepcion, prevencion de its y de cancer de cuello uterino",numero de mujeres con muestras de pap tomadas,2015-09-01,0,1,16,11,3,31
MOCOMOCO,"anticoncepcion, prevencion de its y de cancer de cuello uterino",numero de mujeres con muestras de pap tomadas,2015-09-01,0,0,3,1,1,5
MOJINETE,"anticoncepcion, prevencion de its y de cancer de cuello uterino",numero de mujeres con muestras de pap tomadas,2015-09-01,0,0,2,0,0,2
MOJOCOYA,"anticoncepcion, prevencion de its y de cancer de cuello uterino",numero de mujeres con muestras de pap tomadas,2015-09-01,2,3,23,17,2,47
MONTEAGUDO,"anticoncepcion, prevencion de its y de cancer de cuello uterino",numero de mujeres con muestras de pap tomadas,2015-09-01,0,13,80,63,31,187
MONTERO,"anticoncepcion, prevencion de its y de cancer de cuello uterino",numero de mujeres con muestras de pap tomadas,2015-09-01,20,22,197,96,39,374
MORO MORO,"anticoncepcion, prevencion de its y de cancer de cuello uterino",numero de mujeres con muestras de pap tomadas,2015-09-01,0,0,2,3,0,5
MOROCHATA,"anticoncepcion, prevencion de its y de cancer de cuello uterino",numero de mujeres con muestras de pap tomadas,2015-09-01,0,3,32,27,6,68
NAZACARA DE PACAJES,"anticoncepcion, prevencion de its y de cancer de cuello uterino",numero de mujeres con muestras de pap tomadas,2015-09-01,0,2,1,0,0,3
NUEVO MANOA (NUEVA ESPERANZA),"anticoncepcion, prevencion de its y de cancer de cuello uterino",numero de mujeres con muestras de pap tomadas,2015-09-01,0,0,1,8,0,9
OCURI,"anticoncepcion, prevencion de its y de cancer de cuello uterino",numero de mujeres con muestras de pap tomadas,2015-09-01,0,1,5,5,0,11
OKINAWA,"anticoncepcion, prevencion de its y de cancer de cuello uterino",numero de mujeres con muestras de pap tomadas,2015-09-01,0,1,10,9,0,20
OMEREQUE,"anticoncepcion, prevencion de its y de cancer de cuello uterino",numero de mujeres con muestras de pap tomadas,2015-09-01,0,0,3,1,0,4
ORURO,"anticoncepcion, prevencion de its y de cancer de cuello uterino",numero de mujeres con muestras de pap tomadas,2015-09-01,0,26,617,376,158,1177
PADCAYA,"anticoncepcion, prevencion de its y de cancer de cuello uterino",numero de mujeres con muestras de pap tomadas,2015-09-01,1,2,41,35,4,83
PADILLA,"anticoncepcion, prevencion de its y de cancer de cuello uterino",numero de mujeres con muestras de pap tomadas,2015-09-01,0,2,35,35,3,75
PAILON,"anticoncepcion, prevencion de its y de cancer de cuello uterino",numero de mujeres con muestras de pap tomadas,2015-09-01,0,2,21,0,2,25
PALCA,"anticoncepcion, prevencion de its y de cancer de cuello uterino",numero de mujeres con muestras de pap tomadas,2015-09-01,0,3,16,14,3,36
PALOS BLANCOS,"anticoncepcion, prevencion de its y de cancer de cuello uterino",numero de mujeres con muestras de pap tomadas,2015-09-01,0,10,45,32,9,96
PAMPA GRANDE,"anticoncepcion, prevencion de its y de cancer de cuello uterino",numero de mujeres con muestras de pap tomadas,2015-09-01,0,0,12,15,0,27
PAPEL PAMPA,"anticoncepcion, prevencion de its y de cancer de cuello uterino",numero de mujeres con muestras de pap tomadas,2015-09-01,0,0,11,11,4,26
PASORAPA,"anticoncepcion, prevencion de its y de cancer de cuello uterino",numero de mujeres con muestras de pap tomadas,2015-09-01,0,2,3,2,0,7
PAZÑA,"anticoncepcion, prevencion de its y de cancer de cuello uterino",numero de mujeres con muestras de pap tomadas,2015-09-01,0,3,3,2,1,9
PELECHUCO,"anticoncepcion, prevencion de its y de cancer de cuello uterino",numero de mujeres con muestras de pap tomadas,2015-09-01,0,0,4,3,0,7
POCOATA,"anticoncepcion, prevencion de its y de cancer de cuello uterino",numero de mujeres con muestras de pap tomadas,2015-09-01,0,13,55,38,5,111
POCONA,"anticoncepcion, prevencion de its y de cancer de cuello uterino",numero de mujeres con muestras de pap tomadas,2015-09-01,0,2,13,12,3,30
POJO (CBBA),"anticoncepcion, prevencion de its y de cancer de cuello uterino",numero de mujeres con muestras de pap tomadas,2015-09-01,0,1,4,1,0,6
POOPO,"anticoncepcion, prevencion de its y de cancer de cuello uterino",numero de mujeres con muestras de pap tomadas,2015-09-01,0,0,3,5,0,8
PORCO,"anticoncepcion, prevencion de its y de cancer de cuello uterino",numero de mujeres con muestras de pap tomadas,2015-09-01,0,1,8,4,2,15
POROMA,"anticoncepcion, prevencion de its y de cancer de cuello uterino",numero de mujeres con muestras de pap tomadas,2015-09-01,1,25,168,133,61,388
PORONGO,"anticoncepcion, prevencion de its y de cancer de cuello uterino",numero de mujeres con muestras de pap tomadas,2015-09-01,1,5,38,20,5,69
PORTACHUELO,"anticoncepcion, prevencion de its y de cancer de cuello uterino",numero de mujeres con muestras de pap tomadas,2015-09-01,0,8,25,6,1,40
PORVENIR,"anticoncepcion, prevencion de its y de cancer de cuello uterino",numero de mujeres con muestras de pap tomadas,2015-09-01,0,1,6,3,2,12
POSTRER VALLE,"anticoncepcion, prevencion de its y de cancer de cuello uterino",numero de mujeres con muestras de pap tomadas,2015-09-01,0,0,4,3,1,8
POTOSI,"anticoncepcion, prevencion de its y de cancer de cuello uterino",numero de mujeres con muestras de pap tomadas,2015-09-01,0,15,268,294,48,625
PRESTO,"anticoncepcion, prevencion de its y de cancer de cuello uterino",numero de mujeres con muestras de pap tomadas,2015-09-01,0,9,35,32,11,87
PUCARA,"anticoncepcion, prevencion de its y de cancer de cuello uterino",numero de mujeres con muestras de pap tomadas,2015-09-01,0,0,1,2,1,4
PUCARANI,"anticoncepcion, prevencion de its y de cancer de cuello uterino",numero de mujeres con muestras de pap tomadas,2015-09-01,0,5,23,11,2,41
PUERTO ACOSTA,"anticoncepcion, prevencion de its y de cancer de cuello uterino",numero de mujeres con muestras de pap tomadas,2015-09-01,0,0,3,2,1,6
PUERTO CARABUCO,"anticoncepcion, prevencion de its y de cancer de cuello uterino",numero de mujeres con muestras de pap tomadas,2015-09-01,0,0,1,0,0,1
PUERTO GONZALO MORENO,"anticoncepcion, prevencion de its y de cancer de cuello uterino",numero de mujeres con muestras de pap tomadas,2015-09-01,0,11,72,76,41,200
PUERTO PEREZ,"anticoncepcion, prevencion de its y de cancer de cuello uterino",numero de mujeres con muestras de pap tomadas,2015-09-01,0,1,8,4,0,13
PUERTO QUIJARRO,"anticoncepcion, prevencion de its y de cancer de cuello uterino",numero de mujeres con muestras de pap tomadas,2015-09-01,0,3,21,16,1,41
PUERTO RICO,"anticoncepcion, prevencion de its y de cancer de cuello uterino",numero de mujeres con muestras de pap tomadas,2015-09-01,0,5,12,5,1,23
PUERTO SUAREZ,"anticoncepcion, prevencion de its y de cancer de cuello uterino",numero de mujeres con muestras de pap tomadas,2015-09-01,0,0,7,6,3,16
PUERTO VILLARROEL,"anticoncepcion, prevencion de its y de cancer de cuello uterino",numero de mujeres con muestras de pap tomadas,2015-09-01,1,15,57,17,1,91
PUNA,"anticoncepcion, prevencion de its y de cancer de cuello uterino",numero de mujeres con muestras de pap tomadas,2015-09-01,0,6,28,22,16,72
PUNATA,"anticoncepcion, prevencion de its y de cancer de cuello uterino",numero de mujeres con muestras de pap tomadas,2015-09-01,0,1,38,25,17,81
QUIABAYA,"anticoncepcion, prevencion de its y de cancer de cuello uterino",numero de mujeres con muestras de pap tomadas,2015-09-01,1,0,2,3,1,7
QUILLACOLLO,"anticoncepcion, prevencion de its y de cancer de cuello uterino",numero de mujeres con muestras de pap tomadas,2015-09-01,0,90,309,143,49,591
QUIME,"anticoncepcion, prevencion de its y de cancer de cuello uterino",numero de mujeres con muestras de pap tomadas,2015-09-01,0,1,12,4,2,19
QUIRUSILLAS,"anticoncepcion, prevencion de its y de cancer de cuello uterino",numero de mujeres con muestras de pap tomadas,2015-09-01,0,2,3,3,1,9
RAVELO,"anticoncepcion, prevencion de its y de cancer de cuello uterino",numero de mujeres con muestras de pap tomadas,2015-09-01,1,1,38,50,30,120
REYES,"anticoncepcion, prevencion de its y de cancer de cuello uterino",numero de mujeres con muestras de pap tomadas,2015-09-01,0,0,2,0,0,2
RIBERALTA,"anticoncepcion, prevencion de its y de cancer de cuello uterino",numero de mujeres con muestras de pap tomadas,2015-09-01,13,114,392,145,53,717
ROBORE,"anticoncepcion, prevencion de its y de cancer de cuello uterino",numero de mujeres con muestras de pap tomadas,2015-09-01,0,1,11,6,1,19
RURRENABAQUE,"anticoncepcion, prevencion de its y de cancer de cuello uterino",numero de mujeres con muestras de pap tomadas,2015-09-01,0,5,20,7,3,35
SABAYA,"anticoncepcion, prevencion de its y de cancer de cuello uterino",numero de mujeres con muestras de pap tomadas,2015-09-01,0,0,1,0,0,1
SACABA,"anticoncepcion, prevencion de its y de cancer de cuello uterino",numero de mujeres con muestras de pap tomadas,2015-09-01,0,31,192,84,29,336
SACABAMBA,"anticoncepcion, prevencion de its y de cancer de cuello uterino",numero de mujeres con muestras de pap tomadas,2015-09-01,0,1,10,7,3,21
SACACA,"anticoncepcion, prevencion de its y de cancer de cuello uterino",numero de mujeres con muestras de pap tomadas,2015-09-01,0,2,24,13,4,43
SAIPINA,"anticoncepcion, prevencion de its y de cancer de cuello uterino",numero de mujeres con muestras de pap tomadas,2015-09-01,0,0,7,7,1,15
SALINAS DE GARCI MENDOZA,"anticoncepcion, prevencion de its y de cancer de cuello uterino",numero de mujeres con muestras de pap tomadas,2015-09-01,0,13,73,35,30,151
SAMAIPATA,"anticoncepcion, prevencion de its y de cancer de cuello uterino",numero de mujeres con muestras de pap tomadas,2015-09-01,0,1,13,2,0,16
SAN ANDRES,"anticoncepcion, prevencion de its y de cancer de cuello uterino",numero de mujeres con muestras de pap tomadas,2015-09-01,0,0,3,1,0,4
SAN ANDRES DE MACHACA,"anticoncepcion, prevencion de its y de cancer de cuello uterino",numero de mujeres con muestras de pap tomadas,2015-09-01,0,1,6,8,6,21
SAN ANTONIO DE ESMORUCO,"anticoncepcion, prevencion de its y de cancer de cuello uterino",numero de mujeres con muestras de pap tomadas,2015-09-01,0,0,1,0,0,1
SAN ANTONIO DE LOMERIO,"anticoncepcion, prevencion de its y de cancer de cuello uterino",numero de mujeres con muestras de pap tomadas,2015-09-01,0,0,1,0,0,1
SAN BENITO,"anticoncepcion, prevencion de its y de cancer de cuello uterino",numero de mujeres con muestras de pap tomadas,2015-09-01,0,0,4,1,1,6
SAN BORJA,"anticoncepcion, prevencion de its y de cancer de cuello uterino",numero de mujeres con muestras de pap tomadas,2015-09-01,0,0,5,2,1,8
SAN BUENA VENTURA,"anticoncepcion, prevencion de its y de cancer de cuello uterino",numero de mujeres con muestras de pap tomadas,2015-09-01,0,0,8,3,0,11
SAN CARLOS,"anticoncepcion, prevencion de its y de cancer de cuello uterino",numero de mujeres con muestras de pap tomadas,2015-09-01,1,14,36,21,1,73
SAN IGNACIO,"anticoncepcion, prevencion de its y de cancer de cuello uterino",numero de mujeres con muestras de pap tomadas,2015-09-01,0,2,11,7,3,23
SAN IGNACIO DE VELASCO,"anticoncepcion, prevencion de its y de cancer de cuello uterino",numero de mujeres con muestras de pap tomadas,2015-09-01,1,14,58,26,0,99
SAN JAVIER(STC),"anticoncepcion, prevencion de its y de cancer de cuello uterino",numero de mujeres con muestras de pap tomadas,2015-09-01,0,0,7,11,0,18
SAN JOSE DE CHIQUITOS,"anticoncepcion, prevencion de its y de cancer de cuello uterino",numero de mujeres con muestras de pap tomadas,2015-09-01,0,7,26,11,0,44
SAN JUAN DE YAPACANI,"anticoncepcion, prevencion de its y de cancer de cuello uterino",numero de mujeres con muestras de pap tomadas,2015-09-01,8,14,45,23,12,102
SAN JULIAN,"anticoncepcion, prevencion de its y de cancer de cuello uterino",numero de mujeres con muestras de pap tomadas,2015-09-01,0,23,61,34,6,124
SAN LORENZO(PND),"anticoncepcion, prevencion de its y de cancer de cuello uterino",numero de mujeres con muestras de pap tomadas,2015-09-01,4,30,57,27,7,125
SAN LORENZO(TJA),"anticoncepcion, prevencion de its y de cancer de cuello uterino",numero de mujeres con muestras de pap tomadas,2015-09-01,0,3,22,19,5,49
SAN LUCAS,"anticoncepcion, prevencion de its y de cancer de cuello uterino",numero de mujeres con muestras de pap tomadas,2015-09-01,1,18,76,71,19,185
SAN MATIAS,"anticoncepcion, prevencion de its y de cancer de cuello uterino",numero de mujeres con muestras de pap tomadas,2015-09-01,0,0,11,6,2,19
SAN MIGUEL DE VELASCO,"anticoncepcion, prevencion de its y de cancer de cuello uterino",numero de mujeres con muestras de pap tomadas,2015-09-01,0,1,13,5,0,19
SAN PABLO DE LIPEZ,"anticoncepcion, prevencion de its y de cancer de cuello uterino",numero de mujeres con muestras de pap tomadas,2015-09-01,0,0,1,0,0,1
SAN PEDRO,"anticoncepcion, prevencion de its y de cancer de cuello uterino",numero de mujeres con muestras de pap tomadas,2015-09-01,0,4,32,21,19,76
SAN PEDRO DE BUENA VISTA,"anticoncepcion, prevencion de its y de cancer de cuello uterino",numero de mujeres con muestras de pap tomadas,2015-09-01,3,24,88,69,16,200
SAN PEDRO DE CURAHUARA,"anticoncepcion, prevencion de its y de cancer de cuello uterino",numero de mujeres con muestras de pap tomadas,2015-09-01,0,9,29,28,2,68
SAN PEDRO DE TIQUINA,"anticoncepcion, prevencion de its y de cancer de cuello uterino",numero de mujeres con muestras de pap tomadas,2015-09-01,0,3,13,4,1,21
SAN RAFAEL,"anticoncepcion, prevencion de its y de cancer de cuello uterino",numero de mujeres con muestras de pap tomadas,2015-09-01,0,0,0,1,0,1
SAN RAMON BENI,"anticoncepcion, prevencion de its y de cancer de cuello uterino",numero de mujeres con muestras de pap tomadas,2015-09-01,2,3,6,4,0,15
SAN RAMON SCZ,"anticoncepcion, prevencion de its y de cancer de cuello uterino",numero de mujeres con muestras de pap tomadas,2015-09-01,1,17,23,13,3,57
SANTA ANA,"anticoncepcion, prevencion de its y de cancer de cuello uterino",numero de mujeres con muestras de pap tomadas,2015-09-01,0,1,5,1,1,8
SANTA CRUZ DE LA SIERRA,"anticoncepcion, prevencion de its y de cancer de cuello uterino",numero de mujeres con muestras de pap tomadas,2015-09-01,41,504,2553,1374,521,4993
SANTA ROSA DEL SARA,"anticoncepcion, prevencion de its y de cancer de cuello uterino",numero de mujeres con muestras de pap tomadas,2015-09-01,0,9,43,26,6,84
SANTIAGO DE HUARI,"anticoncepcion, prevencion de its y de cancer de cuello uterino",numero de mujeres con muestras de pap tomadas,2015-09-01,0,0,1,2,0,3
SANTIAGO DE HUATA,"anticoncepcion, prevencion de its y de cancer de cuello uterino",numero de mujeres con muestras de pap tomadas,2015-09-01,0,1,4,0,1,6
SANTIAGO DE MACHACA,"anticoncepcion, prevencion de its y de cancer de cuello uterino",numero de mujeres con muestras de pap tomadas,2015-09-01,0,1,2,0,0,3
SANTIVAÑES,"anticoncepcion, prevencion de its y de cancer de cuello uterino",numero de mujeres con muestras de pap tomadas,2015-09-01,0,1,4,0,1,6
SANTUARIO DE QUILLACAS,"anticoncepcion, prevencion de its y de cancer de cuello uterino",numero de mujeres con muestras de pap tomadas,2015-09-01,0,3,36,17,8,64
SAPAHAQUI,"anticoncepcion, prevencion de its y de cancer de cuello uterino",numero de mujeres con muestras de pap tomadas,2015-09-01,0,0,1,1,0,2
SENA,"anticoncepcion, prevencion de its y de cancer de cuello uterino",numero de mujeres con muestras de pap tomadas,2015-09-01,0,3,13,2,1,19
SHINAOTA,"anticoncepcion, prevencion de its y de cancer de cuello uterino",numero de mujeres con muestras de pap tomadas,2015-09-01,0,6,20,6,0,32
SICA SICA (VILLA AROMA),"anticoncepcion, prevencion de its y de cancer de cuello uterino",numero de mujeres con muestras de pap tomadas,2015-09-01,0,0,20,11,4,35
SICAYA,"anticoncepcion, prevencion de its y de cancer de cuello uterino",numero de mujeres con muestras de pap tomadas,2015-09-01,0,0,2,0,0,2
SIPE SIPE,"anticoncepcion, prevencion de its y de cancer de cuello uterino",numero de mujeres con muestras de pap tomadas,2015-09-01,1,30,51,27,3,112
SOPACHUY,"anticoncepcion, prevencion de its y de cancer de cuello uterino",numero de mujeres con muestras de pap tomadas,2015-09-01,2,5,23,37,9,76
SORACACHI,"anticoncepcion, prevencion de its y de cancer de cuello uterino",numero de mujeres con muestras de pap tomadas,2015-09-01,0,2,22,8,0,32
SORATA,"anticoncepcion, prevencion de its y de cancer de cuello uterino",numero de mujeres con muestras de pap tomadas,2015-09-01,0,2,3,0,1,6
SUCRE,"anticoncepcion, prevencion de its y de cancer de cuello uterino",numero de mujeres con muestras de pap tomadas,2015-09-01,6,317,2031,1198,322,3874
TACACHI,"anticoncepcion, prevencion de its y de cancer de cuello uterino",numero de mujeres con muestras de pap tomadas,2015-09-01,0,0,0,1,1,2
TACACOMA,"anticoncepcion, prevencion de its y de cancer de cuello uterino",numero de mujeres con muestras de pap tomadas,2015-09-01,0,2,2,0,0,4
TACOBAMBA,"anticoncepcion, prevencion de its y de cancer de cuello uterino",numero de mujeres con muestras de pap tomadas,2015-09-01,0,1,21,36,10,68
TACOPAYA,"anticoncepcion, prevencion de its y de cancer de cuello uterino",numero de mujeres con muestras de pap tomadas,2015-09-01,0,0,8,7,3,18
TAHUA,"anticoncepcion, prevencion de its y de cancer de cuello uterino",numero de mujeres con muestras de pap tomadas,2015-09-01,0,2,2,1,0,5
TAPACARI,"anticoncepcion, prevencion de its y de cancer de cuello uterino",numero de mujeres con muestras de pap tomadas,2015-09-01,1,11,59,40,7,118
TARABUCO,"anticoncepcion, prevencion de its y de cancer de cuello uterino",numero de mujeres con muestras de pap tomadas,2015-09-01,0,3,30,16,16,65
TARACO,"anticoncepcion, prevencion de its y de cancer de cuello uterino",numero de mujeres con muestras de pap tomadas,2015-09-01,0,2,4,1,1,8
TARATA,"anticoncepcion, prevencion de its y de cancer de cuello uterino",numero de mujeres con muestras de pap tomadas,2015-09-01,1,4,17,6,3,31
TARIJA,"anticoncepcion, prevencion de its y de cancer de cuello uterino",numero de mujeres con muestras de pap tomadas,2015-09-01,0,76,542,439,157,1214
TARVITA,"anticoncepcion, prevencion de its y de cancer de cuello uterino",numero de mujeres con muestras de pap tomadas,2015-09-01,0,3,26,30,8,67
TEOPONTE,"anticoncepcion, prevencion de its y de cancer de cuello uterino",numero de mujeres con muestras de pap tomadas,2015-09-01,0,5,9,2,2,18
TIAWANACU,"anticoncepcion, prevencion de its y de cancer de cuello uterino",numero de mujeres con muestras de pap tomadas,2015-09-01,0,1,4,3,1,9
TINGUIPAYA,"anticoncepcion, prevencion de its y de cancer de cuello uterino",numero de mujeres con muestras de pap tomadas,2015-09-01,0,1,11,15,1,28
TIPUANI,"anticoncepcion, prevencion de its y de cancer de cuello uterino",numero de mujeres con muestras de pap tomadas,2015-09-01,0,4,6,3,0,13
TIQUIPAYA,"anticoncepcion, prevencion de its y de cancer de cuello uterino",numero de mujeres con muestras de pap tomadas,2015-09-01,0,5,54,23,4,86
TIRAQUE (CBBA),"anticoncepcion, prevencion de its y de cancer de cuello uterino",numero de mujeres con muestras de pap tomadas,2015-09-01,0,8,32,13,0,53
TITO YUPANQUI (PARQUIPUJIO),"anticoncepcion, prevencion de its y de cancer de cuello uterino",numero de mujeres con muestras de pap tomadas,2015-09-01,0,0,0,2,0,2
TOCO,"anticoncepcion, prevencion de its y de cancer de cuello uterino",numero de mujeres con muestras de pap tomadas,2015-09-01,0,1,8,6,0,15
TOLATA,"anticoncepcion, prevencion de its y de cancer de cuello uterino",numero de mujeres con muestras de pap tomadas,2015-09-01,0,0,5,3,2,10
TOLEDO,"anticoncepcion, prevencion de its y de cancer de cuello uterino",numero de mujeres con muestras de pap tomadas,2015-09-01,0,0,0,1,0,1
TOMAVE,"anticoncepcion, prevencion de its y de cancer de cuello uterino",numero de mujeres con muestras de pap tomadas,2015-09-01,0,3,11,9,3,26
TOMINA,"anticoncepcion, prevencion de its y de cancer de cuello uterino",numero de mujeres con muestras de pap tomadas,2015-09-01,0,18,72,61,7,158
TORO TORO,"anticoncepcion, prevencion de its y de cancer de cuello uterino",numero de mujeres con muestras de pap tomadas,2015-09-01,1,15,45,44,8,113
TOTORA(CBBA),"anticoncepcion, prevencion de its y de cancer de cuello uterino",numero de mujeres con muestras de pap tomadas,2015-09-01,1,4,19,18,0,42
TOTORA(ORR),"anticoncepcion, prevencion de its y de cancer de cuello uterino",numero de mujeres con muestras de pap tomadas,2015-09-01,0,0,2,0,2,4
TRIGAL,"anticoncepcion, prevencion de its y de cancer de cuello uterino",numero de mujeres con muestras de pap tomadas,2015-09-01,0,0,3,1,0,4
TRINIDAD,"anticoncepcion, prevencion de its y de cancer de cuello uterino",numero de mujeres con muestras de pap tomadas,2015-09-01,3,41,391,94,40,569
TUPIZA,"anticoncepcion, prevencion de its y de cancer de cuello uterino",numero de mujeres con muestras de pap tomadas,2015-09-01,0,11,113,70,21,215
TURCO,"anticoncepcion, prevencion de its y de cancer de cuello uterino",numero de mujeres con muestras de pap tomadas,2015-09-01,0,0,5,10,8,23
UMALA,"anticoncepcion, prevencion de its y de cancer de cuello uterino",numero de mujeres con muestras de pap tomadas,2015-09-01,0,4,10,7,5,26
UNCIA,"anticoncepcion, prevencion de its y de cancer de cuello uterino",numero de mujeres con muestras de pap tomadas,2015-09-01,0,1,10,12,6,29
URIONDO (A. CONCEPCION),"anticoncepcion, prevencion de its y de cancer de cuello uterino",numero de mujeres con muestras de pap tomadas,2015-09-01,0,0,15,6,0,21
URUBICHA,"anticoncepcion, prevencion de its y de cancer de cuello uterino",numero de mujeres con muestras de pap tomadas,2015-09-01,0,1,0,2,0,3
UYUNI,"anticoncepcion, prevencion de its y de cancer de cuello uterino",numero de mujeres con muestras de pap tomadas,2015-09-01,0,1,44,18,19,82
VACAS,"anticoncepcion, prevencion de its y de cancer de cuello uterino",numero de mujeres con muestras de pap tomadas,2015-09-01,0,1,3,2,0,6
VALLEGRANDE,"anticoncepcion, prevencion de its y de cancer de cuello uterino",numero de mujeres con muestras de pap tomadas,2015-09-01,0,13,67,34,14,128
VIACHA,"anticoncepcion, prevencion de its y de cancer de cuello uterino",numero de mujeres con muestras de pap tomadas,2015-09-01,1,17,96,60,39,213
VILLA CHARCAS,"anticoncepcion, prevencion de its y de cancer de cuello uterino",numero de mujeres con muestras de pap tomadas,2015-09-01,0,8,41,45,21,115
VILLA MONTES,"anticoncepcion, prevencion de its y de cancer de cuello uterino",numero de mujeres con muestras de pap tomadas,2015-09-01,0,17,162,67,30,276
VILLA NUEVA (LOMA ALTA),"anticoncepcion, prevencion de its y de cancer de cuello uterino",numero de mujeres con muestras de pap tomadas,2015-09-01,0,1,0,0,0,1
VILLA RIVERO,"anticoncepcion, prevencion de its y de cancer de cuello uterino",numero de mujeres con muestras de pap tomadas,2015-09-01,0,6,22,15,2,45
VILLA SERRANO,"anticoncepcion, prevencion de its y de cancer de cuello uterino",numero de mujeres con muestras de pap tomadas,2015-09-01,0,19,97,115,14,245
VILLA TUNARI,"anticoncepcion, prevencion de its y de cancer de cuello uterino",numero de mujeres con muestras de pap tomadas,2015-09-01,4,20,148,95,49,316
VILLA VACA GUZMAN (MUYUPAMPA),"anticoncepcion, prevencion de its y de cancer de cuello uterino",numero de mujeres con muestras de pap tomadas,2015-09-01,1,5,55,29,12,102
VILLAZON,"anticoncepcion, prevencion de its y de cancer de cuello uterino",numero de mujeres con muestras de pap tomadas,2015-09-01,0,19,140,101,29,289
VINTO,"anticoncepcion, prevencion de its y de cancer de cuello uterino",numero de mujeres con muestras de pap tomadas,2015-09-01,0,9,40,15,3,67
VITICHI,"anticoncepcion, prevencion de its y de cancer de cuello uterino",numero de mujeres con muestras de pap tomadas,2015-09-01,0,3,30,19,25,77
WALDO BALLIVIAN,"anticoncepcion, prevencion de its y de cancer de cuello uterino",numero de mujeres con muestras de pap tomadas,2015-09-01,0,0,2,0,0,2
WARNES,"anticoncepcion, prevencion de its y de cancer de cuello uterino",numero de mujeres con muestras de pap tomadas,2015-09-01,4,22,142,50,10,228
YACO,"anticoncepcion, prevencion de its y de cancer de cuello uterino",numero de mujeres con muestras de pap tomadas,2015-09-01,0,1,1,0,1,3
YACUIBA,"anticoncepcion, prevencion de its y de cancer de cuello uterino",numero de mujeres con muestras de pap tomadas,2015-09-01,1,34,206,139,43,423
YAMPARAEZ,"anticoncepcion, prevencion de its y de cancer de cuello uterino",numero de mujeres con muestras de pap tomadas,2015-09-01,0,11,18,18,12,59
YANACACHI,"anticoncepcion, prevencion de its y de cancer de cuello uterino",numero de mujeres con muestras de pap tomadas,2015-09-01,0,1,14,13,10,38
YAPACANI,"anticoncepcion, prevencion de its y de cancer de cuello uterino",numero de mujeres con muestras de pap tomadas,2015-09-01,2,43,141,41,14,241
YOCALLA,"anticoncepcion, prevencion de its y de cancer de cuello uterino",numero de mujeres con muestras de pap tomadas,2015-09-01,0,0,11,5,6,22
YOTALA,"anticoncepcion, prevencion de its y de cancer de cuello uterino",numero de mujeres con muestras de pap tomadas,2015-09-01,0,6,9,9,10,34
YUNCHARA,"anticoncepcion, prevencion de its y de cancer de cuello uterino",numero de mujeres con muestras de pap tomadas,2015-09-01,0,1,2,0,0,3
ZUDAÑEZ,"anticoncepcion, prevencion de its y de cancer de cuello uterino",numero de mujeres con muestras de pap tomadas,2015-09-01,0,2,25,20,4,51
ACACIO,"anticoncepcion, prevencion de its y de cancer de cuello uterino",numero de mujeres con muestras de pap tomadas,2015-10-01,0,1,1,2,0,4
ACHACACHI,"anticoncepcion, prevencion de its y de cancer de cuello uterino",numero de mujeres con muestras de pap tomadas,2015-10-01,0,6,30,12,3,51
ACHOCALLA,"anticoncepcion, prevencion de its y de cancer de cuello uterino",numero de mujeres con muestras de pap tomadas,2015-10-01,0,1,15,7,2,25
AIQUILE,"anticoncepcion, prevencion de its y de cancer de cuello uterino",numero de mujeres con muestras de pap tomadas,2015-10-01,0,14,83,48,19,164
ALALAY,"anticoncepcion, prevencion de its y de cancer de cuello uterino",numero de mujeres con muestras de pap tomadas,2015-10-01,1,1,9,9,3,23
ALCALA,"anticoncepcion, prevencion de its y de cancer de cuello uterino",numero de mujeres con muestras de pap tomadas,2015-10-01,0,4,11,17,7,39
ALTO BENI,"anticoncepcion, prevencion de its y de cancer de cuello uterino",numero de mujeres con muestras de pap tomadas,2015-10-01,0,2,10,5,4,21
ANCORAIMES,"anticoncepcion, prevencion de its y de cancer de cuello uterino",numero de mujeres con muestras de pap tomadas,2015-10-01,0,3,7,1,2,13
ANDAMARCA,"anticoncepcion, prevencion de its y de cancer de cuello uterino",numero de mujeres con muestras de pap tomadas,2015-10-01,0,0,0,1,3,4
ANTEQUERA,"anticoncepcion, prevencion de its y de cancer de cuello uterino",numero de mujeres con muestras de pap tomadas,2015-10-01,0,0,0,2,1,3
ANZALDO,"anticoncepcion, prevencion de its y de cancer de cuello uterino",numero de mujeres con muestras de pap tomadas,2015-10-01,0,0,1,1,0,2
APOLO,"anticoncepcion, prevencion de its y de cancer de cuello uterino",numero de mujeres con muestras de pap tomadas,2015-10-01,0,4,35,17,0,56
ARAMPAMPA,"anticoncepcion, prevencion de its y de cancer de cuello uterino",numero de mujeres con muestras de pap tomadas,2015-10-01,0,1,7,3,0,11
ARANI,"anticoncepcion, prevencion de its y de cancer de cuello uterino",numero de mujeres con muestras de pap tomadas,2015-10-01,0,3,13,4,1,21
ARBIETO,"anticoncepcion, prevencion de its y de cancer de cuello uterino",numero de mujeres con muestras de pap tomadas,2015-10-01,0,6,34,8,3,51
ARQUE,"anticoncepcion, prevencion de its y de cancer de cuello uterino",numero de mujeres con muestras de pap tomadas,2015-10-01,0,2,1,0,0,3
ASCENCION DE GUARAYOS,"anticoncepcion, prevencion de its y de cancer de cuello uterino",numero de mujeres con muestras de pap tomadas,2015-10-01,0,13,45,17,0,75
ATOCHA,"anticoncepcion, prevencion de its y de cancer de cuello uterino",numero de mujeres con muestras de pap tomadas,2015-10-01,1,13,31,19,2,66
AUCAPATA,"anticoncepcion, prevencion de its y de cancer de cuello uterino",numero de mujeres con muestras de pap tomadas,2015-10-01,0,0,4,3,0,7
AYATA,"anticoncepcion, prevencion de its y de cancer de cuello uterino",numero de mujeres con muestras de pap tomadas,2015-10-01,0,1,0,1,0,2
AYOPAYA (V. DE INDEPENDENCIA),"anticoncepcion, prevencion de its y de cancer de cuello uterino",numero de mujeres con muestras de pap tomadas,2015-10-01,0,5,15,10,1,31
AZURDUY,"anticoncepcion, prevencion de its y de cancer de cuello uterino",numero de mujeres con muestras de pap tomadas,2015-10-01,1,11,54,56,7,129
BATALLAS,"anticoncepcion, prevencion de its y de cancer de cuello uterino",numero de mujeres con muestras de pap tomadas,2015-10-01,0,1,3,3,2,9
BELEN DE URMIRI,"anticoncepcion, prevencion de its y de cancer de cuello uterino",numero de mujeres con muestras de pap tomadas,2015-10-01,0,0,4,3,0,7
BELLA FLOR,"anticoncepcion, prevencion de its y de cancer de cuello uterino",numero de mujeres con muestras de pap tomadas,2015-10-01,1,0,3,11,3,18
BERMEJO,"anticoncepcion, prevencion de its y de cancer de cuello uterino",numero de mujeres con muestras de pap tomadas,2015-10-01,0,5,86,45,24,160
BETANZOS,"anticoncepcion, prevencion de its y de cancer de cuello uterino",numero de mujeres con muestras de pap tomadas,2015-10-01,0,7,78,65,17,167
BOLIVAR,"anticoncepcion, prevencion de its y de cancer de cuello uterino",numero de mujeres con muestras de pap tomadas,2015-10-01,0,1,2,3,0,6
BOLPEBRA,"anticoncepcion, prevencion de its y de cancer de cuello uterino",numero de mujeres con muestras de pap tomadas,2015-10-01,1,3,13,10,4,31
BOYUIBE,"anticoncepcion, prevencion de its y de cancer de cuello uterino",numero de mujeres con muestras de pap tomadas,2015-10-01,0,0,12,10,4,26
BUENA VISTA,"anticoncepcion, prevencion de its y de cancer de cuello uterino",numero de mujeres con muestras de pap tomadas,2015-10-01,0,15,10,11,4,40
CABEZAS,"anticoncepcion, prevencion de its y de cancer de cuello uterino",numero de mujeres con muestras de pap tomadas,2015-10-01,4,9,62,35,11,121
CAIROMA,"anticoncepcion, prevencion de its y de cancer de cuello uterino",numero de mujeres con muestras de pap tomadas,2015-10-01,0,6,23,27,18,74
"CAIZA ""D""","anticoncepcion, prevencion de its y de cancer de cuello uterino",numero de mujeres con muestras de pap tomadas,2015-10-01,0,6,19,20,10,55
CAJUATA,"anticoncepcion, prevencion de its y de cancer de cuello uterino",numero de mujeres con muestras de pap tomadas,2015-10-01,0,1,4,0,0,5
CALACOTO,"anticoncepcion, prevencion de its y de cancer de cuello uterino",numero de mujeres con muestras de pap tomadas,2015-10-01,0,4,10,7,2,23
CALAMARCA,"anticoncepcion, prevencion de its y de cancer de cuello uterino",numero de mujeres con muestras de pap tomadas,2015-10-01,0,3,5,4,2,14
CAMARGO,"anticoncepcion, prevencion de its y de cancer de cuello uterino",numero de mujeres con muestras de pap tomadas,2015-10-01,1,14,79,61,11,166
CAMATAQUI (C. VILLA ABECIA),"anticoncepcion, prevencion de its y de cancer de cuello uterino",numero de mujeres con muestras de pap tomadas,2015-10-01,0,4,23,22,12,61
CAMIRI,"anticoncepcion, prevencion de its y de cancer de cuello uterino",numero de mujeres con muestras de pap tomadas,2015-10-01,0,2,41,20,10,73
CAPINOTA,"anticoncepcion, prevencion de its y de cancer de cuello uterino",numero de mujeres con muestras de pap tomadas,2015-10-01,0,11,47,17,5,80
CAQUIAVIRI,"anticoncepcion, prevencion de its y de cancer de cuello uterino",numero de mujeres con muestras de pap tomadas,2015-10-01,0,0,9,2,1,12
CARACOLLO,"anticoncepcion, prevencion de its y de cancer de cuello uterino",numero de mujeres con muestras de pap tomadas,2015-10-01,0,0,4,1,1,6
CARANAVI,"anticoncepcion, prevencion de its y de cancer de cuello uterino",numero de mujeres con muestras de pap tomadas,2015-10-01,0,15,146,47,11,219
CARAPARI,"anticoncepcion, prevencion de its y de cancer de cuello uterino",numero de mujeres con muestras de pap tomadas,2015-10-01,0,5,34,17,12,68
CARIPUYO,"anticoncepcion, prevencion de its y de cancer de cuello uterino",numero de mujeres con muestras de pap tomadas,2015-10-01,0,4,16,7,0,27
CARMEN RIVERO TORREZ,"anticoncepcion, prevencion de its y de cancer de cuello uterino",numero de mujeres con muestras de pap tomadas,2015-10-01,0,0,2,1,0,3
CHALLAPATA,"anticoncepcion, prevencion de its y de cancer de cuello uterino",numero de mujeres con muestras de pap tomadas,2015-10-01,0,2,50,32,14,98
CHAQUI,"anticoncepcion, prevencion de its y de cancer de cuello uterino",numero de mujeres con muestras de pap tomadas,2015-10-01,0,5,22,13,3,43
CHARAGUA,"anticoncepcion, prevencion de its y de cancer de cuello uterino",numero de mujeres con muestras de pap tomadas,2015-10-01,1,1,3,2,0,7
CHAYANTA,"anticoncepcion, prevencion de its y de cancer de cuello uterino",numero de mujeres con muestras de pap tomadas,2015-10-01,0,4,12,12,3,31
CHIMORE,"anticoncepcion, prevencion de its y de cancer de cuello uterino",numero de mujeres con muestras de pap tomadas,2015-10-01,3,2,11,5,5,26
CHOQUE COTA,"anticoncepcion, prevencion de its y de cancer de cuello uterino",numero de mujeres con muestras de pap tomadas,2015-10-01,0,0,2,0,0,2
CHUA COCANI,"anticoncepcion, prevencion de its y de cancer de cuello uterino",numero de mujeres con muestras de pap tomadas,2015-10-01,0,1,9,9,10,29
CHULUMANI (V. DE LA LIBERTAD),"anticoncepcion, prevencion de its y de cancer de cuello uterino",numero de mujeres con muestras de pap tomadas,2015-10-01,0,1,5,8,0,14
CHUMA,"anticoncepcion, prevencion de its y de cancer de cuello uterino",numero de mujeres con muestras de pap tomadas,2015-10-01,0,4,8,0,1,13
CHUQUIHUTA AYLLU JUCUMANI,"anticoncepcion, prevencion de its y de cancer de cuello uterino",numero de mujeres con muestras de pap tomadas,2015-10-01,0,4,13,1,3,21
CKOCHAS,"anticoncepcion, prevencion de its y de cancer de cuello uterino",numero de mujeres con muestras de pap tomadas,2015-10-01,0,1,39,30,4,74
CLIZA,"anticoncepcion, prevencion de its y de cancer de cuello uterino",numero de mujeres con muestras de pap tomadas,2015-10-01,0,23,96,43,18,180
COBIJA,"anticoncepcion, prevencion de its y de cancer de cuello uterino",numero de mujeres con muestras de pap tomadas,2015-10-01,1,40,191,115,26,373
COCAPATA,"anticoncepcion, prevencion de its y de cancer de cuello uterino",numero de mujeres con muestras de pap tomadas,2015-10-01,0,0,6,4,0,10
COCHABAMBA,"anticoncepcion, prevencion de its y de cancer de cuello uterino",numero de mujeres con muestras de pap tomadas,2015-10-01,2,123,1881,1977,639,4622
COLCAPIRHUA,"anticoncepcion, prevencion de its y de cancer de cuello uterino",numero de mujeres con muestras de pap tomadas,2015-10-01,0,2,8,4,0,14
"COLCHA ""K""","anticoncepcion, prevencion de its y de cancer de cuello uterino",numero de mujeres con muestras de pap tomadas,2015-10-01,0,3,17,11,1,32
COLOMI,"anticoncepcion, prevencion de its y de cancer de cuello uterino",numero de mujeres con muestras de pap tomadas,2015-10-01,0,2,6,2,2,12
COLPA BELGICA,"anticoncepcion, prevencion de its y de cancer de cuello uterino",numero de mujeres con muestras de pap tomadas,2015-10-01,0,0,5,3,1,9
COLQUECHACA,"anticoncepcion, prevencion de its y de cancer de cuello uterino",numero de mujeres con muestras de pap tomadas,2015-10-01,0,3,16,5,1,25
COLQUENCHA,"anticoncepcion, prevencion de its y de cancer de cuello uterino",numero de mujeres con muestras de pap tomadas,2015-10-01,0,3,24,22,19,68
COMARAPA,"anticoncepcion, prevencion de its y de cancer de cuello uterino",numero de mujeres con muestras de pap tomadas,2015-10-01,0,14,63,47,2,126
COMBAYA,"anticoncepcion, prevencion de its y de cancer de cuello uterino",numero de mujeres con muestras de pap tomadas,2015-10-01,0,1,4,2,1,8
CONCEPCION,"anticoncepcion, prevencion de its y de cancer de cuello uterino",numero de mujeres con muestras de pap tomadas,2015-10-01,0,4,36,27,5,72
COPACABANA,"anticoncepcion, prevencion de its y de cancer de cuello uterino",numero de mujeres con muestras de pap tomadas,2015-10-01,0,0,0,1,0,1
CORIPATA,"anticoncepcion, prevencion de its y de cancer de cuello uterino",numero de mujeres con muestras de pap tomadas,2015-10-01,0,0,2,1,1,4
CORO CORO,"anticoncepcion, prevencion de its y de cancer de cuello uterino",numero de mujeres con muestras de pap tomadas,2015-10-01,0,0,5,4,2,11
COROICO,"anticoncepcion, prevencion de its y de cancer de cuello uterino",numero de mujeres con muestras de pap tomadas,2015-10-01,0,3,28,11,4,46
CORQUE,"anticoncepcion, prevencion de its y de cancer de cuello uterino",numero de mujeres con muestras de pap tomadas,2015-10-01,0,2,6,6,2,16
COTAGAITA,"anticoncepcion, prevencion de its y de cancer de cuello uterino",numero de mujeres con muestras de pap tomadas,2015-10-01,0,8,58,54,17,137
COTOCA,"anticoncepcion, prevencion de its y de cancer de cuello uterino",numero de mujeres con muestras de pap tomadas,2015-10-01,0,31,102,42,7,182
CUATRO CAÑADAS,"anticoncepcion, prevencion de its y de cancer de cuello uterino",numero de mujeres con muestras de pap tomadas,2015-10-01,1,8,52,21,6,88
CUCHUMUELA (V. G. VILLARROEL),"anticoncepcion, prevencion de its y de cancer de cuello uterino",numero de mujeres con muestras de pap tomadas,2015-10-01,0,0,5,0,0,5
CUEVO,"anticoncepcion, prevencion de its y de cancer de cuello uterino",numero de mujeres con muestras de pap tomadas,2015-10-01,0,1,1,2,1,5
CULPINA,"anticoncepcion, prevencion de its y de cancer de cuello uterino",numero de mujeres con muestras de pap tomadas,2015-10-01,0,14,95,88,25,222
CURVA,"anticoncepcion, prevencion de its y de cancer de cuello uterino",numero de mujeres con muestras de pap tomadas,2015-10-01,0,0,4,2,0,6
DESAGUADERO,"anticoncepcion, prevencion de its y de cancer de cuello uterino",numero de mujeres con muestras de pap tomadas,2015-10-01,0,0,2,3,5,10
EL ALTO,"anticoncepcion, prevencion de its y de cancer de cuello uterino",numero de mujeres con muestras de pap tomadas,2015-10-01,5,155,1844,1209,448,3661
EL CHORO,"anticoncepcion, prevencion de its y de cancer de cuello uterino",numero de mujeres con muestras de pap tomadas,2015-10-01,0,0,0,0,1,1
EL PUENTE(STC),"anticoncepcion, prevencion de its y de cancer de cuello uterino",numero de mujeres con muestras de pap tomadas,2015-10-01,1,4,17,12,3,37
EL PUENTE(TJA),"anticoncepcion, prevencion de its y de cancer de cuello uterino",numero de mujeres con muestras de pap tomadas,2015-10-01,0,6,39,17,2,64
EL TORNO,"anticoncepcion, prevencion de its y de cancer de cuello uterino",numero de mujeres con muestras de pap tomadas,2015-10-01,0,57,160,90,40,347
EL VILLAR,"anticoncepcion, prevencion de its y de cancer de cuello uterino",numero de mujeres con muestras de pap tomadas,2015-10-01,0,6,19,25,2,52
ENTRE RIOS TRJ,"anticoncepcion, prevencion de its y de cancer de cuello uterino",numero de mujeres con muestras de pap tomadas,2015-10-01,1,9,36,26,19,91
ENTRE RIOS CBBA,"anticoncepcion, prevencion de its y de cancer de cuello uterino",numero de mujeres con muestras de pap tomadas,2015-10-01,0,5,17,6,1,29
ESCOMA,"anticoncepcion, prevencion de its y de cancer de cuello uterino",numero de mujeres con muestras de pap tomadas,2015-10-01,0,1,1,1,0,3
EUCALIPTUS,"anticoncepcion, prevencion de its y de cancer de cuello uterino",numero de mujeres con muestras de pap tomadas,2015-10-01,0,0,1,1,1,3
EUREKA (SANTOS MERCADO),"anticoncepcion, prevencion de its y de cancer de cuello uterino",numero de mujeres con muestras de pap tomadas,2015-10-01,0,1,4,3,0,8
FERNANDEZ ALONSO,"anticoncepcion, prevencion de its y de cancer de cuello uterino",numero de mujeres con muestras de pap tomadas,2015-10-01,0,4,26,11,1,42
FILADELFIA,"anticoncepcion, prevencion de its y de cancer de cuello uterino",numero de mujeres con muestras de pap tomadas,2015-10-01,0,2,4,1,0,7
GENERAL SAAVEDRA,"anticoncepcion, prevencion de its y de cancer de cuello uterino",numero de mujeres con muestras de pap tomadas,2015-10-01,0,1,12,6,0,19
GRAL. J.J. PEREZ (CHARAZANI),"anticoncepcion, prevencion de its y de cancer de cuello uterino",numero de mujeres con muestras de pap tomadas,2015-10-01,0,0,0,1,0,1
GUANAY,"anticoncepcion, prevencion de its y de cancer de cuello uterino",numero de mujeres con muestras de pap tomadas,2015-10-01,0,2,11,7,2,22
GUAQUI,"anticoncepcion, prevencion de its y de cancer de cuello uterino",numero de mujeres con muestras de pap tomadas,2015-10-01,0,1,6,5,3,15
GUAYARAMERIN,"anticoncepcion, prevencion de its y de cancer de cuello uterino",numero de mujeres con muestras de pap tomadas,2015-10-01,2,24,79,37,22,164
GUTIERREZ,"anticoncepcion, prevencion de its y de cancer de cuello uterino",numero de mujeres con muestras de pap tomadas,2015-10-01,0,2,3,4,0,9
HUACARETA,"anticoncepcion, prevencion de its y de cancer de cuello uterino",numero de mujeres con muestras de pap tomadas,2015-10-01,0,2,14,8,3,27
HUACAYA (VILLA DE HUACAYA),"anticoncepcion, prevencion de its y de cancer de cuello uterino",numero de mujeres con muestras de pap tomadas,2015-10-01,0,2,2,1,0,5
HUACHACALLA,"anticoncepcion, prevencion de its y de cancer de cuello uterino",numero de mujeres con muestras de pap tomadas,2015-10-01,0,0,2,1,0,3
HUANUNI,"anticoncepcion, prevencion de its y de cancer de cuello uterino",numero de mujeres con muestras de pap tomadas,2015-10-01,0,2,37,18,12,69
HUARINA,"anticoncepcion, prevencion de its y de cancer de cuello uterino",numero de mujeres con muestras de pap tomadas,2015-10-01,0,0,2,0,0,2
HUATAJATA,"anticoncepcion, prevencion de its y de cancer de cuello uterino",numero de mujeres con muestras de pap tomadas,2015-10-01,0,0,1,2,1,4
HUAYLLAMARCA,"anticoncepcion, prevencion de its y de cancer de cuello uterino",numero de mujeres con muestras de pap tomadas,2015-10-01,0,0,1,4,0,5
HUMANATA,"anticoncepcion, prevencion de its y de cancer de cuello uterino",numero de mujeres con muestras de pap tomadas,2015-10-01,0,0,1,0,0,1
ICHOCA,"anticoncepcion, prevencion de its y de cancer de cuello uterino",numero de mujeres con muestras de pap tomadas,2015-10-01,0,1,0,0,0,1
ICLA,"anticoncepcion, prevencion de its y de cancer de cuello uterino",numero de mujeres con muestras de pap tomadas,2015-10-01,0,2,16,18,9,45
INCAHUASI,"anticoncepcion, prevencion de its y de cancer de cuello uterino",numero de mujeres con muestras de pap tomadas,2015-10-01,0,7,35,20,3,65
INQUISIVI,"anticoncepcion, prevencion de its y de cancer de cuello uterino",numero de mujeres con muestras de pap tomadas,2015-10-01,0,0,8,2,3,13
IRUPANA (VILLA DE LANZA),"anticoncepcion, prevencion de its y de cancer de cuello uterino",numero de mujeres con muestras de pap tomadas,2015-10-01,0,0,6,2,0,8
IXIAMAS,"anticoncepcion, prevencion de its y de cancer de cuello uterino",numero de mujeres con muestras de pap tomadas,2015-10-01,0,16,76,67,35,194
JESUS DE MACHACA,"anticoncepcion, prevencion de its y de cancer de cuello uterino",numero de mujeres con muestras de pap tomadas,2015-10-01,0,1,7,2,2,12
LA ASUNTA,"anticoncepcion, prevencion de its y de cancer de cuello uterino",numero de mujeres con muestras de pap tomadas,2015-10-01,0,16,68,53,16,153
LA GUARDIA,"anticoncepcion, prevencion de its y de cancer de cuello uterino",numero de mujeres con muestras de pap tomadas,2015-10-01,1,51,298,108,31,489
LA PAZ,"anticoncepcion, prevencion de its y de cancer de cuello uterino",numero de mujeres con muestras de pap tomadas,2015-10-01,6,162,1942,1555,557,4222
LAGUNILLAS,"anticoncepcion, prevencion de its y de cancer de cuello uterino",numero de mujeres con muestras de pap tomadas,2015-10-01,0,1,16,13,5,35
LAJA,"anticoncepcion, prevencion de its y de cancer de cuello uterino",numero de mujeres con muestras de pap tomadas,2015-10-01,0,3,26,18,4,51
LAS CARRERAS,"anticoncepcion, prevencion de its y de cancer de cuello uterino",numero de mujeres con muestras de pap tomadas,2015-10-01,1,3,40,21,7,72
LLALLAGUA,"anticoncepcion, prevencion de its y de cancer de cuello uterino",numero de mujeres con muestras de pap tomadas,2015-10-01,0,1,58,91,47,197
LURIBAY,"anticoncepcion, prevencion de its y de cancer de cuello uterino",numero de mujeres con muestras de pap tomadas,2015-10-01,0,1,0,1,1,3
MACHACAMARCA,"anticoncepcion, prevencion de its y de cancer de cuello uterino",numero de mujeres con muestras de pap tomadas,2015-10-01,0,0,5,2,2,9
MACHARETI,"anticoncepcion, prevencion de its y de cancer de cuello uterino",numero de mujeres con muestras de pap tomadas,2015-10-01,0,12,56,32,3,103
MAIRANA,"anticoncepcion, prevencion de its y de cancer de cuello uterino",numero de mujeres con muestras de pap tomadas,2015-10-01,0,1,12,8,0,21
MALLA,"anticoncepcion, prevencion de its y de cancer de cuello uterino",numero de mujeres con muestras de pap tomadas,2015-10-01,0,0,0,3,1,4
MAPIRI,"anticoncepcion, prevencion de its y de cancer de cuello uterino",numero de mujeres con muestras de pap tomadas,2015-10-01,0,5,57,39,14,115
MECAPACA,"anticoncepcion, prevencion de its y de cancer de cuello uterino",numero de mujeres con muestras de pap tomadas,2015-10-01,0,0,3,3,3,9
MINEROS,"anticoncepcion, prevencion de its y de cancer de cuello uterino",numero de mujeres con muestras de pap tomadas,2015-10-01,0,1,34,12,5,52
MIZQUE,"anticoncepcion, prevencion de its y de cancer de cuello uterino",numero de mujeres con muestras de pap tomadas,2015-10-01,0,7,42,21,1,71
MOCOMOCO,"anticoncepcion, prevencion de its y de cancer de cuello uterino",numero de mujeres con muestras de pap tomadas,2015-10-01,0,3,4,1,3,11
MOJINETE,"anticoncepcion, prevencion de its y de cancer de cuello uterino",numero de mujeres con muestras de pap tomadas,2015-10-01,0,0,8,2,0,10
MOJOCOYA,"anticoncepcion, prevencion de its y de cancer de cuello uterino",numero de mujeres con muestras de pap tomadas,2015-10-01,0,2,13,12,4,31
MONTEAGUDO,"anticoncepcion, prevencion de its y de cancer de cuello uterino",numero de mujeres con muestras de pap tomadas,2015-10-01,1,10,79,93,41,224
MONTERO,"anticoncepcion, prevencion de its y de cancer de cuello uterino",numero de mujeres con muestras de pap tomadas,2015-10-01,0,13,212,137,42,404
MORO MORO,"anticoncepcion, prevencion de its y de cancer de cuello uterino",numero de mujeres con muestras de pap tomadas,2015-10-01,0,0,6,5,1,12
MOROCHATA,"anticoncepcion, prevencion de its y de cancer de cuello uterino",numero de mujeres con muestras de pap tomadas,2015-10-01,0,1,3,13,4,21
NUEVO MANOA (NUEVA ESPERANZA),"anticoncepcion, prevencion de its y de cancer de cuello uterino",numero de mujeres con muestras de pap tomadas,2015-10-01,0,0,2,0,0,2
OCURI,"anticoncepcion, prevencion de its y de cancer de cuello uterino",numero de mujeres con muestras de pap tomadas,2015-10-01,0,0,4,2,1,7
OKINAWA,"anticoncepcion, prevencion de its y de cancer de cuello uterino",numero de mujeres con muestras de pap tomadas,2015-10-01,0,5,26,14,5,50
OMEREQUE,"anticoncepcion, prevencion de its y de cancer de cuello uterino",numero de mujeres con muestras de pap tomadas,2015-10-01,0,2,9,10,1,22
ORURO,"anticoncepcion, prevencion de its y de cancer de cuello uterino",numero de mujeres con muestras de pap tomadas,2015-10-01,1,65,871,441,155,1533
PADCAYA,"anticoncepcion, prevencion de its y de cancer de cuello uterino",numero de mujeres con muestras de pap tomadas,2015-10-01,0,6,56,47,26,135
PADILLA,"anticoncepcion, prevencion de its y de cancer de cuello uterino",numero de mujeres con muestras de pap tomadas,2015-10-01,1,6,35,32,4,78
PAILON,"anticoncepcion, prevencion de its y de cancer de cuello uterino",numero de mujeres con muestras de pap tomadas,2015-10-01,0,6,15,7,2,30
PALCA,"anticoncepcion, prevencion de its y de cancer de cuello uterino",numero de mujeres con muestras de pap tomadas,2015-10-01,0,7,62,36,12,117
PALOS BLANCOS,"anticoncepcion, prevencion de its y de cancer de cuello uterino",numero de mujeres con muestras de pap tomadas,2015-10-01,0,3,40,24,13,80
PAMPA GRANDE,"anticoncepcion, prevencion de its y de cancer de cuello uterino",numero de mujeres con muestras de pap tomadas,2015-10-01,0,3,3,4,0,10
PAPEL PAMPA,"anticoncepcion, prevencion de its y de cancer de cuello uterino",numero de mujeres con muestras de pap tomadas,2015-10-01,0,3,6,3,2,14
PASORAPA,"anticoncepcion, prevencion de its y de cancer de cuello uterino",numero de mujeres con muestras de pap tomadas,2015-10-01,0,0,0,2,1,3
PAZÑA,"anticoncepcion, prevencion de its y de cancer de cuello uterino",numero de mujeres con muestras de pap tomadas,2015-10-01,0,1,3,0,0,4
PELECHUCO,"anticoncepcion, prevencion de its y de cancer de cuello uterino",numero de mujeres con muestras de pap tomadas,2015-10-01,0,1,17,14,0,32
POCOATA,"anticoncepcion, prevencion de its y de cancer de cuello uterino",numero de mujeres con muestras de pap tomadas,2015-10-01,1,6,16,38,5,66
POCONA,"anticoncepcion, prevencion de its y de cancer de cuello uterino",numero de mujeres con muestras de pap tomadas,2015-10-01,2,7,7,4,0,20
POJO (CBBA),"anticoncepcion, prevencion de its y de cancer de cuello uterino",numero de mujeres con muestras de pap tomadas,2015-10-01,0,2,31,10,3,46
PORCO,"anticoncepcion, prevencion de its y de cancer de cuello uterino",numero de mujeres con muestras de pap tomadas,2015-10-01,0,1,8,0,0,9
POROMA,"anticoncepcion, prevencion de its y de cancer de cuello uterino",numero de mujeres con muestras de pap tomadas,2015-10-01,0,13,68,60,21,162
PORONGO,"anticoncepcion, prevencion de its y de cancer de cuello uterino",numero de mujeres con muestras de pap tomadas,2015-10-01,2,13,33,21,7,76
PORTACHUELO,"anticoncepcion, prevencion de its y de cancer de cuello uterino",numero de mujeres con muestras de pap tomadas,2015-10-01,1,16,53,20,3,93
PORVENIR,"anticoncepcion, prevencion de its y de cancer de cuello uterino",numero de mujeres con muestras de pap tomadas,2015-10-01,0,1,2,2,0,5
POSTRER VALLE,"anticoncepcion, prevencion de its y de cancer de cuello uterino",numero de mujeres con muestras de pap tomadas,2015-10-01,1,1,3,5,5,15
POTOSI,"anticoncepcion, prevencion de its y de cancer de cuello uterino",numero de mujeres con muestras de pap tomadas,2015-10-01,1,38,473,524,98,1134
PRESTO,"anticoncepcion, prevencion de its y de cancer de cuello uterino",numero de mujeres con muestras de pap tomadas,2015-10-01,1,10,37,27,8,83
PUCARA,"anticoncepcion, prevencion de its y de cancer de cuello uterino",numero de mujeres con muestras de pap tomadas,2015-10-01,0,1,2,3,0,6
PUCARANI,"anticoncepcion, prevencion de its y de cancer de cuello uterino",numero de mujeres con muestras de pap tomadas,2015-10-01,0,6,32,26,13,77
PUERTO ACOSTA,"anticoncepcion, prevencion de its y de cancer de cuello uterino",numero de mujeres con muestras de pap tomadas,2015-10-01,0,0,3,2,0,5
PUERTO CARABUCO,"anticoncepcion, prevencion de its y de cancer de cuello uterino",numero de mujeres con muestras de pap tomadas,2015-10-01,0,2,11,7,10,30
PUERTO GONZALO MORENO,"anticoncepcion, prevencion de its y de cancer de cuello uterino",numero de mujeres con muestras de pap tomadas,2015-10-01,2,2,11,3,1,19
PUERTO PEREZ,"anticoncepcion, prevencion de its y de cancer de cuello uterino",numero de mujeres con muestras de pap tomadas,2015-10-01,0,0,1,0,1,2
PUERTO QUIJARRO,"anticoncepcion, prevencion de its y de cancer de cuello uterino",numero de mujeres con muestras de pap tomadas,2015-10-01,0,8,19,8,1,36
PUERTO RICO,"anticoncepcion, prevencion de its y de cancer de cuello uterino",numero de mujeres con muestras de pap tomadas,2015-10-01,2,5,29,8,2,46
PUERTO SUAREZ,"anticoncepcion, prevencion de its y de cancer de cuello uterino",numero de mujeres con muestras de pap tomadas,2015-10-01,0,2,23,10,2,37
PUERTO VILLARROEL,"anticoncepcion, prevencion de its y de cancer de cuello uterino",numero de mujeres con muestras de pap tomadas,2015-10-01,0,20,79,31,3,133
PUNA,"anticoncepcion, prevencion de its y de cancer de cuello uterino",numero de mujeres con muestras de pap tomadas,2015-10-01,0,9,35,30,11,85
PUNATA,"anticoncepcion, prevencion de its y de cancer de cuello uterino",numero de mujeres con muestras de pap tomadas,2015-10-01,0,6,28,23,17,74
QUIABAYA,"anticoncepcion, prevencion de its y de cancer de cuello uterino",numero de mujeres con muestras de pap tomadas,2015-10-01,1,1,4,0,0,6
QUILLACOLLO,"anticoncepcion, prevencion de its y de cancer de cuello uterino",numero de mujeres con muestras de pap tomadas,2015-10-01,0,36,218,150,76,480
QUIME,"anticoncepcion, prevencion de its y de cancer de cuello uterino",numero de mujeres con muestras de pap tomadas,2015-10-01,0,1,4,0,0,5
QUIRUSILLAS,"anticoncepcion, prevencion de its y de cancer de cuello uterino",numero de mujeres con muestras de pap tomadas,2015-10-01,0,3,10,9,3,25
RAVELO,"anticoncepcion, prevencion de its y de cancer de cuello uterino",numero de mujeres con muestras de pap tomadas,2015-10-01,0,7,25,22,6,60
RIBERALTA,"anticoncepcion, prevencion de its y de cancer de cuello uterino",numero de mujeres con muestras de pap tomadas,2015-10-01,11,115,397,120,32,675
ROBORE,"anticoncepcion, prevencion de its y de cancer de cuello uterino",numero de mujeres con muestras de pap tomadas,2015-10-01,0,1,3,1,1,6
RURRENABAQUE,"anticoncepcion, prevencion de its y de cancer de cuello uterino",numero de mujeres con muestras de pap tomadas,2015-10-01,0,6,31,23,9,69
SABAYA,"anticoncepcion, prevencion de its y de cancer de cuello uterino",numero de mujeres con muestras de pap tomadas,2015-10-01,0,2,1,5,0,8
SACABA,"anticoncepcion, prevencion de its y de cancer de cuello uterino",numero de mujeres con muestras de pap tomadas,2015-10-01,2,62,315,131,24,534
SACABAMBA,"anticoncepcion, prevencion de its y de cancer de cuello uterino",numero de mujeres con muestras de pap tomadas,2015-10-01,0,1,4,3,0,8
SACACA,"anticoncepcion, prevencion de its y de cancer de cuello uterino",numero de mujeres con muestras de pap tomadas,2015-10-01,0,3,18,3,3,27
SAIPINA,"anticoncepcion, prevencion de its y de cancer de cuello uterino",numero de mujeres con muestras de pap tomadas,2015-10-01,0,3,6,7,2,18
SALINAS DE GARCI MENDOZA,"anticoncepcion, prevencion de its y de cancer de cuello uterino",numero de mujeres con muestras de pap tomadas,2015-10-01,0,2,32,20,5,59
SAMAIPATA,"anticoncepcion, prevencion de its y de cancer de cuello uterino",numero de mujeres con muestras de pap tomadas,2015-10-01,0,2,11,11,4,28
SAN AGUSTIN,"anticoncepcion, prevencion de its y de cancer de cuello uterino",numero de mujeres con muestras de pap tomadas,2015-10-01,0,0,0,0,1,1
SAN ANDRES,"anticoncepcion, prevencion de its y de cancer de cuello uterino",numero de mujeres con muestras de pap tomadas,2015-10-01,0,0,1,0,0,1
SAN ANDRES DE MACHACA,"anticoncepcion, prevencion de its y de cancer de cuello uterino",numero de mujeres con muestras de pap tomadas,2015-10-01,0,0,0,2,0,2
SAN ANTONIO DE ESMORUCO,"anticoncepcion, prevencion de its y de cancer de cuello uterino",numero de mujeres con muestras de pap tomadas,2015-10-01,0,0,3,3,0,6
SAN ANTONIO DE LOMERIO,"anticoncepcion, prevencion de its y de cancer de cuello uterino",numero de mujeres con muestras de pap tomadas,2015-10-01,0,0,1,0,0,1
SAN BENITO,"anticoncepcion, prevencion de its y de cancer de cuello uterino",numero de mujeres con muestras de pap tomadas,2015-10-01,0,3,17,2,2,24
SAN BORJA,"anticoncepcion, prevencion de its y de cancer de cuello uterino",numero de mujeres con muestras de pap tomadas,2015-10-01,0,0,11,7,5,23
SAN BUENA VENTURA,"anticoncepcion, prevencion de its y de cancer de cuello uterino",numero de mujeres con muestras de pap tomadas,2015-10-01,0,5,80,40,36,161
SAN CARLOS,"anticoncepcion, prevencion de its y de cancer de cuello uterino",numero de mujeres con muestras de pap tomadas,2015-10-01,0,15,46,13,2,76
SAN IGNACIO,"anticoncepcion, prevencion de its y de cancer de cuello uterino",numero de mujeres con muestras de pap tomadas,2015-10-01,0,1,7,3,1,12
SAN IGNACIO DE VELASCO,"anticoncepcion, prevencion de its y de cancer de cuello uterino",numero de mujeres con muestras de pap tomadas,2015-10-01,0,15,45,38,2,100
SAN JAVIER(STC),"anticoncepcion, prevencion de its y de cancer de cuello uterino",numero de mujeres con muestras de pap tomadas,2015-10-01,0,2,5,6,1,14
SAN JOSE DE CHIQUITOS,"anticoncepcion, prevencion de its y de cancer de cuello uterino",numero de mujeres con muestras de pap tomadas,2015-10-01,0,4,12,3,2,21
SAN JUAN DE YAPACANI,"anticoncepcion, prevencion de its y de cancer de cuello uterino",numero de mujeres con muestras de pap tomadas,2015-10-01,5,9,16,11,5,46
SAN JULIAN,"anticoncepcion, prevencion de its y de cancer de cuello uterino",numero de mujeres con muestras de pap tomadas,2015-10-01,0,5,34,19,1,59
SAN LORENZO(PND),"anticoncepcion, prevencion de its y de cancer de cuello uterino",numero de mujeres con muestras de pap tomadas,2015-10-01,2,5,11,10,2,30
SAN LORENZO(TJA),"anticoncepcion, prevencion de its y de cancer de cuello uterino",numero de mujeres con muestras de pap tomadas,2015-10-01,0,4,17,9,4,34
SAN LUCAS,"anticoncepcion, prevencion de its y de cancer de cuello uterino",numero de mujeres con muestras de pap tomadas,2015-10-01,1,45,77,64,15,202
SAN MATIAS,"anticoncepcion, prevencion de its y de cancer de cuello uterino",numero de mujeres con muestras de pap tomadas,2015-10-01,0,0,1,0,0,1
SAN MIGUEL DE VELASCO,"anticoncepcion, prevencion de its y de cancer de cuello uterino",numero de mujeres con muestras de pap tomadas,2015-10-01,0,1,12,9,0,22
SAN PABLO DE LIPEZ,"anticoncepcion, prevencion de its y de cancer de cuello uterino",numero de mujeres con muestras de pap tomadas,2015-10-01,0,0,3,1,1,5
SAN PEDRO,"anticoncepcion, prevencion de its y de cancer de cuello uterino",numero de mujeres con muestras de pap tomadas,2015-10-01,0,1,11,3,4,19
SAN PEDRO DE BUENA VISTA,"anticoncepcion, prevencion de its y de cancer de cuello uterino",numero de mujeres con muestras de pap tomadas,2015-10-01,0,9,55,44,6,114
SAN PEDRO DE CURAHUARA,"anticoncepcion, prevencion de its y de cancer de cuello uterino",numero de mujeres con muestras de pap tomadas,2015-10-01,0,0,3,2,0,5
SAN PEDRO DE TIQUINA,"anticoncepcion, prevencion de its y de cancer de cuello uterino",numero de mujeres con muestras de pap tomadas,2015-10-01,0,0,9,5,0,14
SAN RAFAEL,"anticoncepcion, prevencion de its y de cancer de cuello uterino",numero de mujeres con muestras de pap tomadas,2015-10-01,0,1,7,11,1,20
SAN RAMON BENI,"anticoncepcion, prevencion de its y de cancer de cuello uterino",numero de mujeres con muestras de pap tomadas,2015-10-01,1,1,3,0,0,5
SAN RAMON SCZ,"anticoncepcion, prevencion de its y de cancer de cuello uterino",numero de mujeres con muestras de pap tomadas,2015-10-01,0,7,29,8,3,47
SANTA ANA,"anticoncepcion, prevencion de its y de cancer de cuello uterino",numero de mujeres con muestras de pap tomadas,2015-10-01,0,0,5,2,0,7
SANTA CRUZ DE LA SIERRA,"anticoncepcion, prevencion de its y de cancer de cuello uterino",numero de mujeres con muestras de pap tomadas,2015-10-01,5,569,2938,1206,458,5176
SANTA ROSA DEL SARA,"anticoncepcion, prevencion de its y de cancer de cuello uterino",numero de mujeres con muestras de pap tomadas,2015-10-01,0,8,28,7,5,48
SANTIAGO DE HUATA,"anticoncepcion, prevencion de its y de cancer de cuello uterino",numero de mujeres con muestras de pap tomadas,2015-10-01,0,1,11,3,2,17
SANTIAGO DE MACHACA,"anticoncepcion, prevencion de its y de cancer de cuello uterino",numero de mujeres con muestras de pap tomadas,2015-10-01,0,2,18,9,7,36
SANTIVAÑES,"anticoncepcion, prevencion de its y de cancer de cuello uterino",numero de mujeres con muestras de pap tomadas,2015-10-01,0,0,4,1,0,5
SANTUARIO DE QUILLACAS,"anticoncepcion, prevencion de its y de cancer de cuello uterino",numero de mujeres con muestras de pap tomadas,2015-10-01,0,0,2,2,0,4
SAPAHAQUI,"anticoncepcion, prevencion de its y de cancer de cuello uterino",numero de mujeres con muestras de pap tomadas,2015-10-01,0,4,22,29,20,75
SENA,"anticoncepcion, prevencion de its y de cancer de cuello uterino",numero de mujeres con muestras de pap tomadas,2015-10-01,1,1,8,2,0,12
SHINAOTA,"anticoncepcion, prevencion de its y de cancer de cuello uterino",numero de mujeres con muestras de pap tomadas,2015-10-01,0,13,13,4,0,30
SICA SICA (VILLA AROMA),"anticoncepcion, prevencion de its y de cancer de cuello uterino",numero de mujeres con muestras de pap tomadas,2015-10-01,0,2,27,8,2,39
SICAYA,"anticoncepcion, prevencion de its y de cancer de cuello uterino",numero de mujeres con muestras de pap tomadas,2015-10-01,0,0,8,3,0,11
SIPE SIPE,"anticoncepcion, prevencion de its y de cancer de cuello uterino",numero de mujeres con muestras de pap tomadas,2015-10-01,0,15,82,47,23,167
SOPACHUY,"anticoncepcion, prevencion de its y de cancer de cuello uterino",numero de mujeres con muestras de pap tomadas,2015-10-01,0,16,65,73,26,180
SORACACHI,"anticoncepcion, prevencion de its y de cancer de cuello uterino",numero de mujeres con muestras de pap tomadas,2015-10-01,0,4,26,26,5,61
SORATA,"anticoncepcion, prevencion de its y de cancer de cuello uterino",numero de mujeres con muestras de pap tomadas,2015-10-01,1,3,25,20,11,60
SUCRE,"anticoncepcion, prevencion de its y de cancer de cuello uterino",numero de mujeres con muestras de pap tomadas,2015-10-01,7,357,2039,1122,321,3846
TACACOMA,"anticoncepcion, prevencion de its y de cancer de cuello uterino",numero de mujeres con muestras de pap tomadas,2015-10-01,0,0,4,2,0,6
TACOBAMBA,"anticoncepcion, prevencion de its y de cancer de cuello uterino",numero de mujeres con muestras de pap tomadas,2015-10-01,0,6,16,24,8,54
TACOPAYA,"anticoncepcion, prevencion de its y de cancer de cuello uterino",numero de mujeres con muestras de pap tomadas,2015-10-01,1,3,3,9,0,16
TAPACARI,"anticoncepcion, prevencion de its y de cancer de cuello uterino",numero de mujeres con muestras de pap tomadas,2015-10-01,0,5,13,16,5,39
TARABUCO,"anticoncepcion, prevencion de its y de cancer de cuello uterino",numero de mujeres con muestras de pap tomadas,2015-10-01,1,8,22,21,4,56
TARACO,"anticoncepcion, prevencion de its y de cancer de cuello uterino",numero de mujeres con muestras de pap tomadas,2015-10-01,0,0,3,1,1,5
TARATA,"anticoncepcion, prevencion de its y de cancer de cuello uterino",numero de mujeres con muestras de pap tomadas,2015-10-01,4,1,15,3,1,24
TARIJA,"anticoncepcion, prevencion de its y de cancer de cuello uterino",numero de mujeres con muestras de pap tomadas,2015-10-01,1,98,375,699,115,1288
TARVITA,"anticoncepcion, prevencion de its y de cancer de cuello uterino",numero de mujeres con muestras de pap tomadas,2015-10-01,0,8,14,24,4,50
TEOPONTE,"anticoncepcion, prevencion de its y de cancer de cuello uterino",numero de mujeres con muestras de pap tomadas,2015-10-01,0,3,11,13,5,32
TIAWANACU,"anticoncepcion, prevencion de its y de cancer de cuello uterino",numero de mujeres con muestras de pap tomadas,2015-10-01,0,1,8,2,3,14
TINGUIPAYA,"anticoncepcion, prevencion de its y de cancer de cuello uterino",numero de mujeres con muestras de pap tomadas,2015-10-01,1,4,23,16,8,52
TIPUANI,"anticoncepcion, prevencion de its y de cancer de cuello uterino",numero de mujeres con muestras de pap tomadas,2015-10-01,0,2,7,2,0,11
TIQUIPAYA,"anticoncepcion, prevencion de its y de cancer de cuello uterino",numero de mujeres con muestras de pap tomadas,2015-10-01,0,9,36,35,11,91
TIRAQUE (CBBA),"anticoncepcion, prevencion de its y de cancer de cuello uterino",numero de mujeres con muestras de pap tomadas,2015-10-01,0,7,21,12,0,40
TOCO,"anticoncepcion, prevencion de its y de cancer de cuello uterino",numero de mujeres con muestras de pap tomadas,2015-10-01,0,0,3,5,1,9
TOLATA,"anticoncepcion, prevencion de its y de cancer de cuello uterino",numero de mujeres con muestras de pap tomadas,2015-10-01,0,1,14,11,11,37
TOMAVE,"anticoncepcion, prevencion de its y de cancer de cuello uterino",numero de mujeres con muestras de pap tomadas,2015-10-01,0,4,23,15,0,42
TOMINA,"anticoncepcion, prevencion de its y de cancer de cuello uterino",numero de mujeres con muestras de pap tomadas,2015-10-01,0,4,13,17,1,35
TORO TORO,"anticoncepcion, prevencion de its y de cancer de cuello uterino",numero de mujeres con muestras de pap tomadas,2015-10-01,2,14,34,25,10,85
TOTORA(CBBA),"anticoncepcion, prevencion de its y de cancer de cuello uterino",numero de mujeres con muestras de pap tomadas,2015-10-01,0,2,10,10,4,26
TOTORA(ORR),"anticoncepcion, prevencion de its y de cancer de cuello uterino",numero de mujeres con muestras de pap tomadas,2015-10-01,0,2,1,1,0,4
TRIGAL,"anticoncepcion, prevencion de its y de cancer de cuello uterino",numero de mujeres con muestras de pap tomadas,2015-10-01,0,1,4,2,1,8
TRINIDAD,"anticoncepcion, prevencion de its y de cancer de cuello uterino",numero de mujeres con muestras de pap tomadas,2015-10-01,1,52,257,107,72,489
TUPIZA,"anticoncepcion, prevencion de its y de cancer de cuello uterino",numero de mujeres con muestras de pap tomadas,2015-10-01,0,8,103,87,27,225
TURCO,"anticoncepcion, prevencion de its y de cancer de cuello uterino",numero de mujeres con muestras de pap tomadas,2015-10-01,0,0,7,8,5,20
UMALA,"anticoncepcion, prevencion de its y de cancer de cuello uterino",numero de mujeres con muestras de pap tomadas,2015-10-01,0,1,2,2,1,6
UNCIA,"anticoncepcion, prevencion de its y de cancer de cuello uterino",numero de mujeres con muestras de pap tomadas,2015-10-01,0,0,54,29,11,94
URIONDO (A. CONCEPCION),"anticoncepcion, prevencion de its y de cancer de cuello uterino",numero de mujeres con muestras de pap tomadas,2015-10-01,0,8,39,52,29,128
URUBICHA,"anticoncepcion, prevencion de its y de cancer de cuello uterino",numero de mujeres con muestras de pap tomadas,2015-10-01,0,8,29,5,4,46
UYUNI,"anticoncepcion, prevencion de its y de cancer de cuello uterino",numero de mujeres con muestras de pap tomadas,2015-10-01,0,1,45,21,12,79
VACAS,"anticoncepcion, prevencion de its y de cancer de cuello uterino",numero de mujeres con muestras de pap tomadas,2015-10-01,0,1,5,1,0,7
VALLEGRANDE,"anticoncepcion, prevencion de its y de cancer de cuello uterino",numero de mujeres con muestras de pap tomadas,2015-10-01,3,18,55,83,15,174
VIACHA,"anticoncepcion, prevencion de its y de cancer de cuello uterino",numero de mujeres con muestras de pap tomadas,2015-10-01,0,15,144,47,28,234
VILLA CHARCAS,"anticoncepcion, prevencion de its y de cancer de cuello uterino",numero de mujeres con muestras de pap tomadas,2015-10-01,1,19,70,41,5,136
VILLA MONTES,"anticoncepcion, prevencion de its y de cancer de cuello uterino",numero de mujeres con muestras de pap tomadas,2015-10-01,2,16,110,58,26,212
VILLA RIVERO,"anticoncepcion, prevencion de its y de cancer de cuello uterino",numero de mujeres con muestras de pap tomadas,2015-10-01,0,4,12,2,1,19
VILLA SERRANO,"anticoncepcion, prevencion de its y de cancer de cuello uterino",numero de mujeres con muestras de pap tomadas,2015-10-01,0,4,26,27,4,61
VILLA TUNARI,"anticoncepcion, prevencion de its y de cancer de cuello uterino",numero de mujeres con muestras de pap tomadas,2015-10-01,0,72,145,73,34,324
VILLA VACA GUZMAN (MUYUPAMPA),"anticoncepcion, prevencion de its y de cancer de cuello uterino",numero de mujeres con muestras de pap tomadas,2015-10-01,0,3,18,14,7,42
VILLAZON,"anticoncepcion, prevencion de its y de cancer de cuello uterino",numero de mujeres con muestras de pap tomadas,2015-10-01,1,46,248,188,75,558
VINTO,"anticoncepcion, prevencion de its y de cancer de cuello uterino",numero de mujeres con muestras de pap tomadas,2015-10-01,2,12,51,25,14,104
VITICHI,"anticoncepcion, prevencion de its y de cancer de cuello uterino",numero de mujeres con muestras de pap tomadas,2015-10-01,0,4,35,49,8,96
WALDO BALLIVIAN,"anticoncepcion, prevencion de its y de cancer de cuello uterino",numero de mujeres con muestras de pap tomadas,2015-10-01,0,1,0,1,0,2
WARNES,"anticoncepcion, prevencion de its y de cancer de cuello uterino",numero de mujeres con muestras de pap tomadas,2015-10-01,8,43,177,62,11,301
YACO,"anticoncepcion, prevencion de its y de cancer de cuello uterino",numero de mujeres con muestras de pap tomadas,2015-10-01,0,0,1,0,0,1
YACUIBA,"anticoncepcion, prevencion de its y de cancer de cuello uterino",numero de mujeres con muestras de pap tomadas,2015-10-01,1,30,214,121,31,397
YAMPARAEZ,"anticoncepcion, prevencion de its y de cancer de cuello uterino",numero de mujeres con muestras de pap tomadas,2015-10-01,0,8,27,20,15,70
YANACACHI,"anticoncepcion, prevencion de its y de cancer de cuello uterino",numero de mujeres con muestras de pap tomadas,2015-10-01,0,1,14,6,5,26
YAPACANI,"anticoncepcion, prevencion de its y de cancer de cuello uterino",numero de mujeres con muestras de pap tomadas,2015-10-01,3,54,169,43,15,284
YOCALLA,"anticoncepcion, prevencion de its y de cancer de cuello uterino",numero de mujeres con muestras de pap tomadas,2015-10-01,0,0,4,0,1,5
YOTALA,"anticoncepcion, prevencion de its y de cancer de cuello uterino",numero de mujeres con muestras de pap tomadas,2015-10-01,1,8,10,9,2,30
YUNCHARA,"anticoncepcion, prevencion de its y de cancer de cuello uterino",numero de mujeres con muestras de pap tomadas,2015-10-01,0,4,31,17,5,57
ZUDAÑEZ,"anticoncepcion, prevencion de its y de cancer de cuello uterino",numero de mujeres con muestras de pap tomadas,2015-10-01,2,12,53,39,18,124
ACACIO,"anticoncepcion, prevencion de its y de cancer de cuello uterino",numero de mujeres con muestras de pap tomadas,2015-11-01,0,0,1,1,0,2
ACHACACHI,"anticoncepcion, prevencion de its y de cancer de cuello uterino",numero de mujeres con muestras de pap tomadas,2015-11-01,0,6,17,12,2,37
ACHOCALLA,"anticoncepcion, prevencion de its y de cancer de cuello uterino",numero de mujeres con muestras de pap tomadas,2015-11-01,0,2,34,26,10,72
AIQUILE,"anticoncepcion, prevencion de its y de cancer de cuello uterino",numero de mujeres con muestras de pap tomadas,2015-11-01,0,15,43,25,20,103
ALALAY,"anticoncepcion, prevencion de its y de cancer de cuello uterino",numero de mujeres con muestras de pap tomadas,2015-11-01,0,0,1,0,0,1
ALCALA,"anticoncepcion, prevencion de its y de cancer de cuello uterino",numero de mujeres con muestras de pap tomadas,2015-11-01,0,5,18,32,8,63
ALTO BENI,"anticoncepcion, prevencion de its y de cancer de cuello uterino",numero de mujeres con muestras de pap tomadas,2015-11-01,0,7,34,5,3,49
ANCORAIMES,"anticoncepcion, prevencion de its y de cancer de cuello uterino",numero de mujeres con muestras de pap tomadas,2015-11-01,0,0,4,3,1,8
ANDAMARCA,"anticoncepcion, prevencion de its y de cancer de cuello uterino",numero de mujeres con muestras de pap tomadas,2015-11-01,0,0,0,1,5,6
ANTEQUERA,"anticoncepcion, prevencion de its y de cancer de cuello uterino",numero de mujeres con muestras de pap tomadas,2015-11-01,0,0,2,0,0,2
ANZALDO,"anticoncepcion, prevencion de its y de cancer de cuello uterino",numero de mujeres con muestras de pap tomadas,2015-11-01,0,0,2,8,0,10
APOLO,"anticoncepcion, prevencion de its y de cancer de cuello uterino",numero de mujeres con muestras de pap tomadas,2015-11-01,0,5,32,14,0,51
ARAMPAMPA,"anticoncepcion, prevencion de its y de cancer de cuello uterino",numero de mujeres con muestras de pap tomadas,2015-11-01,0,2,8,5,0,15
ARANI,"anticoncepcion, prevencion de its y de cancer de cuello uterino",numero de mujeres con muestras de pap tomadas,2015-11-01,0,4,8,3,0,15
ARBIETO,"anticoncepcion, prevencion de its y de cancer de cuello uterino",numero de mujeres con muestras de pap tomadas,2015-11-01,0,7,26,9,1,43
ARQUE,"anticoncepcion, prevencion de its y de cancer de cuello uterino",numero de mujeres con muestras de pap tomadas,2015-11-01,0,0,3,2,0,5
ASCENCION DE GUARAYOS,"anticoncepcion, prevencion de its y de cancer de cuello uterino",numero de mujeres con muestras de pap tomadas,2015-11-01,0,0,24,4,0,28
ATOCHA,"anticoncepcion, prevencion de its y de cancer de cuello uterino",numero de mujeres con muestras de pap tomadas,2015-11-01,0,2,21,6,4,33
AUCAPATA,"anticoncepcion, prevencion de its y de cancer de cuello uterino",numero de mujeres con muestras de pap tomadas,2015-11-01,0,0,4,12,21,37
AYATA,"anticoncepcion, prevencion de its y de cancer de cuello uterino",numero de mujeres con muestras de pap tomadas,2015-11-01,0,1,25,16,11,53
AYO AYO,"anticoncepcion, prevencion de its y de cancer de cuello uterino",numero de mujeres con muestras de pap tomadas,2015-11-01,0,0,4,2,3,9
AYOPAYA (V. DE INDEPENDENCIA),"anticoncepcion, prevencion de its y de cancer de cuello uterino",numero de mujeres con muestras de pap tomadas,2015-11-01,2,5,28,13,6,54
AZURDUY,"anticoncepcion, prevencion de its y de cancer de cuello uterino",numero de mujeres con muestras de pap tomadas,2015-11-01,1,2,12,22,3,40
BATALLAS,"anticoncepcion, prevencion de its y de cancer de cuello uterino",numero de mujeres con muestras de pap tomadas,2015-11-01,0,2,11,9,3,25
BELLA FLOR,"anticoncepcion, prevencion de its y de cancer de cuello uterino",numero de mujeres con muestras de pap tomadas,2015-11-01,2,4,16,5,0,27
BERMEJO,"anticoncepcion, prevencion de its y de cancer de cuello uterino",numero de mujeres con muestras de pap tomadas,2015-11-01,0,6,67,55,16,144
BETANZOS,"anticoncepcion, prevencion de its y de cancer de cuello uterino",numero de mujeres con muestras de pap tomadas,2015-11-01,0,3,23,29,9,64
BOLIVAR,"anticoncepcion, prevencion de its y de cancer de cuello uterino",numero de mujeres con muestras de pap tomadas,2015-11-01,0,2,6,2,0,10
BOLPEBRA,"anticoncepcion, prevencion de its y de cancer de cuello uterino",numero de mujeres con muestras de pap tomadas,2015-11-01,0,1,19,3,0,23
BOYUIBE,"anticoncepcion, prevencion de its y de cancer de cuello uterino",numero de mujeres con muestras de pap tomadas,2015-11-01,0,0,25,2,0,27
BUENA VISTA,"anticoncepcion, prevencion de its y de cancer de cuello uterino",numero de mujeres con muestras de pap tomadas,2015-11-01,0,1,12,9,2,24
CABEZAS,"anticoncepcion, prevencion de its y de cancer de cuello uterino",numero de mujeres con muestras de pap tomadas,2015-11-01,0,0,13,5,2,20
CAIROMA,"anticoncepcion, prevencion de its y de cancer de cuello uterino",numero de mujeres con muestras de pap tomadas,2015-11-01,0,3,18,3,0,24
"CAIZA ""D""","anticoncepcion, prevencion de its y de cancer de cuello uterino",numero de mujeres con muestras de pap tomadas,2015-11-01,0,6,16,13,4,39
CAJUATA,"anticoncepcion, prevencion de its y de cancer de cuello uterino",numero de mujeres con muestras de pap tomadas,2015-11-01,0,2,23,26,7,58
CALACOTO,"anticoncepcion, prevencion de its y de cancer de cuello uterino",numero de mujeres con muestras de pap tomadas,2015-11-01,0,0,0,2,0,2
CALAMARCA,"anticoncepcion, prevencion de its y de cancer de cuello uterino",numero de mujeres con muestras de pap tomadas,2015-11-01,0,3,6,5,1,15
CAMARGO,"anticoncepcion, prevencion de its y de cancer de cuello uterino",numero de mujeres con muestras de pap tomadas,2015-11-01,0,16,65,122,25,228
CAMATAQUI (C. VILLA ABECIA),"anticoncepcion, prevencion de its y de cancer de cuello uterino",numero de mujeres con muestras de pap tomadas,2015-11-01,0,7,29,18,6,60
CAMIRI,"anticoncepcion, prevencion de its y de cancer de cuello uterino",numero de mujeres con muestras de pap tomadas,2015-11-01,0,4,21,14,8,47
CAPINOTA,"anticoncepcion, prevencion de its y de cancer de cuello uterino",numero de mujeres con muestras de pap tomadas,2015-11-01,2,5,33,13,1,54
CAQUIAVIRI,"anticoncepcion, prevencion de its y de cancer de cuello uterino",numero de mujeres con muestras de pap tomadas,2015-11-01,0,1,9,2,1,13
CARACOLLO,"anticoncepcion, prevencion de its y de cancer de cuello uterino",numero de mujeres con muestras de pap tomadas,2015-11-01,0,2,9,9,0,20
CARANAVI,"anticoncepcion, prevencion de its y de cancer de cuello uterino",numero de mujeres con muestras de pap tomadas,2015-11-01,1,12,88,58,16,175
CARAPARI,"anticoncepcion, prevencion de its y de cancer de cuello uterino",numero de mujeres con muestras de pap tomadas,2015-11-01,0,1,18,17,13,49
CARIPUYO,"anticoncepcion, prevencion de its y de cancer de cuello uterino",numero de mujeres con muestras de pap tomadas,2015-11-01,1,11,47,63,4,126
CARMEN RIVERO TORREZ,"anticoncepcion, prevencion de its y de cancer de cuello uterino",numero de mujeres con muestras de pap tomadas,2015-11-01,0,2,9,6,1,18
CATACORA,"anticoncepcion, prevencion de its y de cancer de cuello uterino",numero de mujeres con muestras de pap tomadas,2015-11-01,0,1,7,9,0,17
CHACARILLA,"anticoncepcion, prevencion de its y de cancer de cuello uterino",numero de mujeres con muestras de pap tomadas,2015-11-01,0,4,5,3,0,12
CHALLAPATA,"anticoncepcion, prevencion de its y de cancer de cuello uterino",numero de mujeres con muestras de pap tomadas,2015-11-01,0,3,11,13,2,29
CHAQUI,"anticoncepcion, prevencion de its y de cancer de cuello uterino",numero de mujeres con muestras de pap tomadas,2015-11-01,0,3,19,28,7,57
CHARAGUA,"anticoncepcion, prevencion de its y de cancer de cuello uterino",numero de mujeres con muestras de pap tomadas,2015-11-01,0,0,1,0,0,1
CHAYANTA,"anticoncepcion, prevencion de its y de cancer de cuello uterino",numero de mujeres con muestras de pap tomadas,2015-11-01,0,3,20,8,2,33
CHIMORE,"anticoncepcion, prevencion de its y de cancer de cuello uterino",numero de mujeres con muestras de pap tomadas,2015-11-01,0,0,5,2,6,13
CHIPAYA,"anticoncepcion, prevencion de its y de cancer de cuello uterino",numero de mujeres con muestras de pap tomadas,2015-11-01,0,0,4,0,0,4
CHUA COCANI,"anticoncepcion, prevencion de its y de cancer de cuello uterino",numero de mujeres con muestras de pap tomadas,2015-11-01,0,0,2,1,2,5
CHULUMANI (V. DE LA LIBERTAD),"anticoncepcion, prevencion de its y de cancer de cuello uterino",numero de mujeres con muestras de pap tomadas,2015-11-01,0,2,18,2,0,22
CHUMA,"anticoncepcion, prevencion de its y de cancer de cuello uterino",numero de mujeres con muestras de pap tomadas,2015-11-01,0,9,24,20,8,61
CHUQUIHUTA AYLLU JUCUMANI,"anticoncepcion, prevencion de its y de cancer de cuello uterino",numero de mujeres con muestras de pap tomadas,2015-11-01,0,2,10,6,1,19
CKOCHAS,"anticoncepcion, prevencion de its y de cancer de cuello uterino",numero de mujeres con muestras de pap tomadas,2015-11-01,0,4,14,22,5,45
CLIZA,"anticoncepcion, prevencion de its y de cancer de cuello uterino",numero de mujeres con muestras de pap tomadas,2015-11-01,0,3,39,6,4,52
COBIJA,"anticoncepcion, prevencion de its y de cancer de cuello uterino",numero de mujeres con muestras de pap tomadas,2015-11-01,0,28,128,73,16,245
COCAPATA,"anticoncepcion, prevencion de its y de cancer de cuello uterino",numero de mujeres con muestras de pap tomadas,2015-11-01,0,3,12,3,0,18
COCHABAMBA,"anticoncepcion, prevencion de its y de cancer de cuello uterino",numero de mujeres con muestras de pap tomadas,2015-11-01,23,240,1790,1645,622,4320
COLCAPIRHUA,"anticoncepcion, prevencion de its y de cancer de cuello uterino",numero de mujeres con muestras de pap tomadas,2015-11-01,0,4,48,12,4,68
"COLCHA ""K""","anticoncepcion, prevencion de its y de cancer de cuello uterino",numero de mujeres con muestras de pap tomadas,2015-11-01,0,0,4,8,4,16
COLLANA,"anticoncepcion, prevencion de its y de cancer de cuello uterino",numero de mujeres con muestras de pap tomadas,2015-11-01,0,2,11,6,10,29
COLOMI,"anticoncepcion, prevencion de its y de cancer de cuello uterino",numero de mujeres con muestras de pap tomadas,2015-11-01,1,0,5,5,0,11
COLPA BELGICA,"anticoncepcion, prevencion de its y de cancer de cuello uterino",numero de mujeres con muestras de pap tomadas,2015-11-01,0,4,24,16,0,44
COLQUECHACA,"anticoncepcion, prevencion de its y de cancer de cuello uterino",numero de mujeres con muestras de pap tomadas,2015-11-01,0,1,3,2,0,6
COLQUENCHA,"anticoncepcion, prevencion de its y de cancer de cuello uterino",numero de mujeres con muestras de pap tomadas,2015-11-01,1,4,19,13,6,43
COMANCHE,"anticoncepcion, prevencion de its y de cancer de cuello uterino",numero de mujeres con muestras de pap tomadas,2015-11-01,0,0,0,0,1,1
COMARAPA,"anticoncepcion, prevencion de its y de cancer de cuello uterino",numero de mujeres con muestras de pap tomadas,2015-11-01,0,11,54,32,5,102
COMBAYA,"anticoncepcion, prevencion de its y de cancer de cuello uterino",numero de mujeres con muestras de pap tomadas,2015-11-01,0,0,3,2,1,6
CONCEPCION,"anticoncepcion, prevencion de its y de cancer de cuello uterino",numero de mujeres con muestras de pap tomadas,2015-11-01,0,4,27,15,1,47
COPACABANA,"anticoncepcion, prevencion de its y de cancer de cuello uterino",numero de mujeres con muestras de pap tomadas,2015-11-01,0,0,6,6,3,15
CORIPATA,"anticoncepcion, prevencion de its y de cancer de cuello uterino",numero de mujeres con muestras de pap tomadas,2015-11-01,0,1,8,6,0,15
CORO CORO,"anticoncepcion, prevencion de its y de cancer de cuello uterino",numero de mujeres con muestras de pap tomadas,2015-11-01,0,1,6,3,3,13
COROICO,"anticoncepcion, prevencion de its y de cancer de cuello uterino",numero de mujeres con muestras de pap tomadas,2015-11-01,1,5,39,29,7,81
CORQUE,"anticoncepcion, prevencion de its y de cancer de cuello uterino",numero de mujeres con muestras de pap tomadas,2015-11-01,0,1,12,7,4,24
COTAGAITA,"anticoncepcion, prevencion de its y de cancer de cuello uterino",numero de mujeres con muestras de pap tomadas,2015-11-01,1,6,34,35,36,112
COTOCA,"anticoncepcion, prevencion de its y de cancer de cuello uterino",numero de mujeres con muestras de pap tomadas,2015-11-01,0,45,136,48,3,232
CUATRO CAÑADAS,"anticoncepcion, prevencion de its y de cancer de cuello uterino",numero de mujeres con muestras de pap tomadas,2015-11-01,0,4,11,9,5,29
CUCHUMUELA (V. G. VILLARROEL),"anticoncepcion, prevencion de its y de cancer de cuello uterino",numero de mujeres con muestras de pap tomadas,2015-11-01,0,0,2,0,0,2
CUEVO,"anticoncepcion, prevencion de its y de cancer de cuello uterino",numero de mujeres con muestras de pap tomadas,2015-11-01,0,0,2,0,1,3
CULPINA,"anticoncepcion, prevencion de its y de cancer de cuello uterino",numero de mujeres con muestras de pap tomadas,2015-11-01,0,9,32,11,5,57
CURAHUARA DE CARANGAS,"anticoncepcion, prevencion de its y de cancer de cuello uterino",numero de mujeres con muestras de pap tomadas,2015-11-01,0,0,0,0,1,1
CURVA,"anticoncepcion, prevencion de its y de cancer de cuello uterino",numero de mujeres con muestras de pap tomadas,2015-11-01,0,3,13,4,0,20
DESAGUADERO,"anticoncepcion, prevencion de its y de cancer de cuello uterino",numero de mujeres con muestras de pap tomadas,2015-11-01,0,0,14,9,7,30
EL ALTO,"anticoncepcion, prevencion de its y de cancer de cuello uterino",numero de mujeres con muestras de pap tomadas,2015-11-01,3,153,1650,1097,430,3333
EL CHORO,"anticoncepcion, prevencion de its y de cancer de cuello uterino",numero de mujeres con muestras de pap tomadas,2015-11-01,0,0,2,0,0,2
EL PUENTE(STC),"anticoncepcion, prevencion de its y de cancer de cuello uterino",numero de mujeres con muestras de pap tomadas,2015-11-01,1,5,12,7,1,26
EL PUENTE(TJA),"anticoncepcion, prevencion de its y de cancer de cuello uterino",numero de mujeres con muestras de pap tomadas,2015-11-01,0,7,38,26,6,77
EL TORNO,"anticoncepcion, prevencion de its y de cancer de cuello uterino",numero de mujeres con muestras de pap tomadas,2015-11-01,1,39,126,96,36,298
EL VILLAR,"anticoncepcion, prevencion de its y de cancer de cuello uterino",numero de mujeres con muestras de pap tomadas,2015-11-01,0,7,18,17,3,45
ENTRE RIOS TRJ,"anticoncepcion, prevencion de its y de cancer de cuello uterino",numero de mujeres con muestras de pap tomadas,2015-11-01,0,6,31,27,8,72
ENTRE RIOS CBBA,"anticoncepcion, prevencion de its y de cancer de cuello uterino",numero de mujeres con muestras de pap tomadas,2015-11-01,0,7,21,20,0,48
ESCOMA,"anticoncepcion, prevencion de its y de cancer de cuello uterino",numero de mujeres con muestras de pap tomadas,2015-11-01,0,1,5,6,0,12
EUCALIPTUS,"anticoncepcion, prevencion de its y de cancer de cuello uterino",numero de mujeres con muestras de pap tomadas,2015-11-01,0,1,3,1,1,6
EUREKA (SANTOS MERCADO),"anticoncepcion, prevencion de its y de cancer de cuello uterino",numero de mujeres con muestras de pap tomadas,2015-11-01,0,2,0,1,0,3
FERNANDEZ ALONSO,"anticoncepcion, prevencion de its y de cancer de cuello uterino",numero de mujeres con muestras de pap tomadas,2015-11-01,0,1,13,2,6,22
GENERAL SAAVEDRA,"anticoncepcion, prevencion de its y de cancer de cuello uterino",numero de mujeres con muestras de pap tomadas,2015-11-01,0,0,5,5,0,10
GRAL. J.J. PEREZ (CHARAZANI),"anticoncepcion, prevencion de its y de cancer de cuello uterino",numero de mujeres con muestras de pap tomadas,2015-11-01,0,5,19,14,0,38
GUANAY,"anticoncepcion, prevencion de its y de cancer de cuello uterino",numero de mujeres con muestras de pap tomadas,2015-11-01,0,0,4,2,0,6
GUAQUI,"anticoncepcion, prevencion de its y de cancer de cuello uterino",numero de mujeres con muestras de pap tomadas,2015-11-01,0,1,11,3,2,17
GUAYARAMERIN,"anticoncepcion, prevencion de its y de cancer de cuello uterino",numero de mujeres con muestras de pap tomadas,2015-11-01,0,6,43,17,5,71
GUTIERREZ,"anticoncepcion, prevencion de its y de cancer de cuello uterino",numero de mujeres con muestras de pap tomadas,2015-11-01,0,1,16,11,1,29
HUACARETA,"anticoncepcion, prevencion de its y de cancer de cuello uterino",numero de mujeres con muestras de pap tomadas,2015-11-01,0,1,10,11,2,24
HUACAYA (VILLA DE HUACAYA),"anticoncepcion, prevencion de its y de cancer de cuello uterino",numero de mujeres con muestras de pap tomadas,2015-11-01,0,0,1,0,0,1
HUACHACALLA,"anticoncepcion, prevencion de its y de cancer de cuello uterino",numero de mujeres con muestras de pap tomadas,2015-11-01,0,0,1,0,1,2
HUANUNI,"anticoncepcion, prevencion de its y de cancer de cuello uterino",numero de mujeres con muestras de pap tomadas,2015-11-01,0,5,26,15,9,55
HUARINA,"anticoncepcion, prevencion de its y de cancer de cuello uterino",numero de mujeres con muestras de pap tomadas,2015-11-01,0,0,1,0,0,1
HUATAJATA,"anticoncepcion, prevencion de its y de cancer de cuello uterino",numero de mujeres con muestras de pap tomadas,2015-11-01,0,1,2,2,1,6
HUAYLLAMARCA,"anticoncepcion, prevencion de its y de cancer de cuello uterino",numero de mujeres con muestras de pap tomadas,2015-11-01,0,1,0,2,1,4
HUMANATA,"anticoncepcion, prevencion de its y de cancer de cuello uterino",numero de mujeres con muestras de pap tomadas,2015-11-01,0,0,1,0,0,1
ICHOCA,"anticoncepcion, prevencion de its y de cancer de cuello uterino",numero de mujeres con muestras de pap tomadas,2015-11-01,0,0,0,0,1,1
ICLA,"anticoncepcion, prevencion de its y de cancer de cuello uterino",numero de mujeres con muestras de pap tomadas,2015-11-01,0,0,1,2,2,5
INCAHUASI,"anticoncepcion, prevencion de its y de cancer de cuello uterino",numero de mujeres con muestras de pap tomadas,2015-11-01,1,25,90,35,1,152
INQUISIVI,"anticoncepcion, prevencion de its y de cancer de cuello uterino",numero de mujeres con muestras de pap tomadas,2015-11-01,0,2,16,21,6,45
IRUPANA (VILLA DE LANZA),"anticoncepcion, prevencion de its y de cancer de cuello uterino",numero de mujeres con muestras de pap tomadas,2015-11-01,0,2,20,12,4,38
IXIAMAS,"anticoncepcion, prevencion de its y de cancer de cuello uterino",numero de mujeres con muestras de pap tomadas,2015-11-01,0,1,11,6,3,21
JESUS DE MACHACA,"anticoncepcion, prevencion de its y de cancer de cuello uterino",numero de mujeres con muestras de pap tomadas,2015-11-01,0,2,26,21,46,95
LA ASUNTA,"anticoncepcion, prevencion de its y de cancer de cuello uterino",numero de mujeres con muestras de pap tomadas,2015-11-01,0,0,42,23,4,69
LA GUARDIA,"anticoncepcion, prevencion de its y de cancer de cuello uterino",numero de mujeres con muestras de pap tomadas,2015-11-01,1,43,223,71,27,365
LA PAZ,"anticoncepcion, prevencion de its y de cancer de cuello uterino",numero de mujeres con muestras de pap tomadas,2015-11-01,7,189,1772,1353,576,3897
LA RIVERA,"anticoncepcion, prevencion de its y de cancer de cuello uterino",numero de mujeres con muestras de pap tomadas,2015-11-01,0,0,1,3,3,7
LAGUNILLAS,"anticoncepcion, prevencion de its y de cancer de cuello uterino",numero de mujeres con muestras de pap tomadas,2015-11-01,0,2,17,6,1,26
LAJA,"anticoncepcion, prevencion de its y de cancer de cuello uterino",numero de mujeres con muestras de pap tomadas,2015-11-01,0,11,66,27,10,114
LAS CARRERAS,"anticoncepcion, prevencion de its y de cancer de cuello uterino",numero de mujeres con muestras de pap tomadas,2015-11-01,0,7,14,22,0,43
LICOMA PAMPA,"anticoncepcion, prevencion de its y de cancer de cuello uterino",numero de mujeres con muestras de pap tomadas,2015-11-01,0,1,7,7,3,18
LLALLAGUA,"anticoncepcion, prevencion de its y de cancer de cuello uterino",numero de mujeres con muestras de pap tomadas,2015-11-01,0,0,2,5,0,7
LURIBAY,"anticoncepcion, prevencion de its y de cancer de cuello uterino",numero de mujeres con muestras de pap tomadas,2015-11-01,0,4,20,15,3,42
MACHACAMARCA,"anticoncepcion, prevencion de its y de cancer de cuello uterino",numero de mujeres con muestras de pap tomadas,2015-11-01,0,0,1,2,0,3
MACHARETI,"anticoncepcion, prevencion de its y de cancer de cuello uterino",numero de mujeres con muestras de pap tomadas,2015-11-01,0,5,25,7,1,38
MAIRANA,"anticoncepcion, prevencion de its y de cancer de cuello uterino",numero de mujeres con muestras de pap tomadas,2015-11-01,0,0,5,2,1,8
MAPIRI,"anticoncepcion, prevencion de its y de cancer de cuello uterino",numero de mujeres con muestras de pap tomadas,2015-11-01,1,4,12,4,0,21
MECAPACA,"anticoncepcion, prevencion de its y de cancer de cuello uterino",numero de mujeres con muestras de pap tomadas,2015-11-01,0,2,5,6,3,16
MINEROS,"anticoncepcion, prevencion de its y de cancer de cuello uterino",numero de mujeres con muestras de pap tomadas,2015-11-01,0,2,20,6,2,30
MIZQUE,"anticoncepcion, prevencion de its y de cancer de cuello uterino",numero de mujeres con muestras de pap tomadas,2015-11-01,0,6,33,9,5,53
MOCOMOCO,"anticoncepcion, prevencion de its y de cancer de cuello uterino",numero de mujeres con muestras de pap tomadas,2015-11-01,0,3,15,8,2,28
MOJOCOYA,"anticoncepcion, prevencion de its y de cancer de cuello uterino",numero de mujeres con muestras de pap tomadas,2015-11-01,1,2,3,1,0,7
MONTEAGUDO,"anticoncepcion, prevencion de its y de cancer de cuello uterino",numero de mujeres con muestras de pap tomadas,2015-11-01,0,16,64,58,15,153
MONTERO,"anticoncepcion, prevencion de its y de cancer de cuello uterino",numero de mujeres con muestras de pap tomadas,2015-11-01,15,33,208,152,53,461
MORO MORO,"anticoncepcion, prevencion de its y de cancer de cuello uterino",numero de mujeres con muestras de pap tomadas,2015-11-01,0,2,2,1,1,6
MOROCHATA,"anticoncepcion, prevencion de its y de cancer de cuello uterino",numero de mujeres con muestras de pap tomadas,2015-11-01,0,3,4,1,4,12
NAZACARA DE PACAJES,"anticoncepcion, prevencion de its y de cancer de cuello uterino",numero de mujeres con muestras de pap tomadas,2015-11-01,0,0,1,0,0,1
NUEVO MANOA (NUEVA ESPERANZA),"anticoncepcion, prevencion de its y de cancer de cuello uterino",numero de mujeres con muestras de pap tomadas,2015-11-01,1,5,6,1,0,13
OCURI,"anticoncepcion, prevencion de its y de cancer de cuello uterino",numero de mujeres con muestras de pap tomadas,2015-11-01,0,0,9,3,0,12
OKINAWA,"anticoncepcion, prevencion de its y de cancer de cuello uterino",numero de mujeres con muestras de pap tomadas,2015-11-01,0,1,2,1,0,4
OMEREQUE,"anticoncepcion, prevencion de its y de cancer de cuello uterino",numero de mujeres con muestras de pap tomadas,2015-11-01,0,1,4,3,0,8
ORURO,"anticoncepcion, prevencion de its y de cancer de cuello uterino",numero de mujeres con muestras de pap tomadas,2015-11-01,0,41,603,333,141,1118
PADCAYA,"anticoncepcion, prevencion de its y de cancer de cuello uterino",numero de mujeres con muestras de pap tomadas,2015-11-01,0,5,35,21,7,68
PADILLA,"anticoncepcion, prevencion de its y de cancer de cuello uterino",numero de mujeres con muestras de pap tomadas,2015-11-01,0,2,40,21,2,65
PAILON,"anticoncepcion, prevencion de its y de cancer de cuello uterino",numero de mujeres con muestras de pap tomadas,2015-11-01,0,2,19,6,0,27
PALCA,"anticoncepcion, prevencion de its y de cancer de cuello uterino",numero de mujeres con muestras de pap tomadas,2015-11-01,2,16,53,22,8,101
PALOS BLANCOS,"anticoncepcion, prevencion de its y de cancer de cuello uterino",numero de mujeres con muestras de pap tomadas,2015-11-01,0,12,69,28,12,121
PAMPA GRANDE,"anticoncepcion, prevencion de its y de cancer de cuello uterino",numero de mujeres con muestras de pap tomadas,2015-11-01,0,1,6,3,0,10
PAPEL PAMPA,"anticoncepcion, prevencion de its y de cancer de cuello uterino",numero de mujeres con muestras de pap tomadas,2015-11-01,0,3,13,11,4,31
PASORAPA,"anticoncepcion, prevencion de its y de cancer de cuello uterino",numero de mujeres con muestras de pap tomadas,2015-11-01,0,0,1,0,1,2
PATACAMAYA,"anticoncepcion, prevencion de its y de cancer de cuello uterino",numero de mujeres con muestras de pap tomadas,2015-11-01,0,1,4,3,1,9
PAZÑA,"anticoncepcion, prevencion de its y de cancer de cuello uterino",numero de mujeres con muestras de pap tomadas,2015-11-01,0,0,2,1,0,3
PELECHUCO,"anticoncepcion, prevencion de its y de cancer de cuello uterino",numero de mujeres con muestras de pap tomadas,2015-11-01,0,1,21,14,3,39
POCOATA,"anticoncepcion, prevencion de its y de cancer de cuello uterino",numero de mujeres con muestras de pap tomadas,2015-11-01,0,7,31,44,26,108
POCONA,"anticoncepcion, prevencion de its y de cancer de cuello uterino",numero de mujeres con muestras de pap tomadas,2015-11-01,0,7,11,10,0,28
POJO (CBBA),"anticoncepcion, prevencion de its y de cancer de cuello uterino",numero de mujeres con muestras de pap tomadas,2015-11-01,0,2,7,4,4,17
PORCO,"anticoncepcion, prevencion de its y de cancer de cuello uterino",numero de mujeres con muestras de pap tomadas,2015-11-01,0,1,12,0,0,13
POROMA,"anticoncepcion, prevencion de its y de cancer de cuello uterino",numero de mujeres con muestras de pap tomadas,2015-11-01,1,14,33,50,14,112
PORONGO,"anticoncepcion, prevencion de its y de cancer de cuello uterino",numero de mujeres con muestras de pap tomadas,2015-11-01,0,2,23,11,1,37
PORTACHUELO,"anticoncepcion, prevencion de its y de cancer de cuello uterino",numero de mujeres con muestras de pap tomadas,2015-11-01,0,2,16,3,2,23
PORVENIR,"anticoncepcion, prevencion de its y de cancer de cuello uterino",numero de mujeres con muestras de pap tomadas,2015-11-01,0,1,18,10,7,36
POSTRER VALLE,"anticoncepcion, prevencion de its y de cancer de cuello uterino",numero de mujeres con muestras de pap tomadas,2015-11-01,0,0,1,1,1,3
POTOSI,"anticoncepcion, prevencion de its y de cancer de cuello uterino",numero de mujeres con muestras de pap tomadas,2015-11-01,1,38,456,402,39,936
PRESTO,"anticoncepcion, prevencion de its y de cancer de cuello uterino",numero de mujeres con muestras de pap tomadas,2015-11-01,1,9,41,36,13,100
PUCARA,"anticoncepcion, prevencion de its y de cancer de cuello uterino",numero de mujeres con muestras de pap tomadas,2015-11-01,0,0,0,2,0,2
PUCARANI,"anticoncepcion, prevencion de its y de cancer de cuello uterino",numero de mujeres con muestras de pap tomadas,2015-11-01,0,3,40,34,15,92
PUERTO ACOSTA,"anticoncepcion, prevencion de its y de cancer de cuello uterino",numero de mujeres con muestras de pap tomadas,2015-11-01,0,4,6,3,6,19
PUERTO CARABUCO,"anticoncepcion, prevencion de its y de cancer de cuello uterino",numero de mujeres con muestras de pap tomadas,2015-11-01,0,1,16,6,3,26
PUERTO GONZALO MORENO,"anticoncepcion, prevencion de its y de cancer de cuello uterino",numero de mujeres con muestras de pap tomadas,2015-11-01,0,0,12,3,2,17
PUERTO PEREZ,"anticoncepcion, prevencion de its y de cancer de cuello uterino",numero de mujeres con muestras de pap tomadas,2015-11-01,0,0,17,14,14,45
PUERTO QUIJARRO,"anticoncepcion, prevencion de its y de cancer de cuello uterino",numero de mujeres con muestras de pap tomadas,2015-11-01,1,0,11,5,0,17
PUERTO RICO,"anticoncepcion, prevencion de its y de cancer de cuello uterino",numero de mujeres con muestras de pap tomadas,2015-11-01,0,7,21,9,3,40
PUERTO SUAREZ,"anticoncepcion, prevencion de its y de cancer de cuello uterino",numero de mujeres con muestras de pap tomadas,2015-11-01,0,1,8,10,3,22
PUERTO VILLARROEL,"anticoncepcion, prevencion de its y de cancer de cuello uterino",numero de mujeres con muestras de pap tomadas,2015-11-01,2,22,67,23,4,118
PUNA,"anticoncepcion, prevencion de its y de cancer de cuello uterino",numero de mujeres con muestras de pap tomadas,2015-11-01,0,14,67,83,70,234
PUNATA,"anticoncepcion, prevencion de its y de cancer de cuello uterino",numero de mujeres con muestras de pap tomadas,2015-11-01,0,6,45,30,16,97
QUIABAYA,"anticoncepcion, prevencion de its y de cancer de cuello uterino",numero de mujeres con muestras de pap tomadas,2015-11-01,0,0,2,0,0,2
QUILLACOLLO,"anticoncepcion, prevencion de its y de cancer de cuello uterino",numero de mujeres con muestras de pap tomadas,2015-11-01,2,25,368,209,64,668
QUIME,"anticoncepcion, prevencion de its y de cancer de cuello uterino",numero de mujeres con muestras de pap tomadas,2015-11-01,0,1,17,11,5,34
QUIRUSILLAS,"anticoncepcion, prevencion de its y de cancer de cuello uterino",numero de mujeres con muestras de pap tomadas,2015-11-01,0,0,2,3,0,5
RAVELO,"anticoncepcion, prevencion de its y de cancer de cuello uterino",numero de mujeres con muestras de pap tomadas,2015-11-01,0,10,67,67,6,150
RIBERALTA,"anticoncepcion, prevencion de its y de cancer de cuello uterino",numero de mujeres con muestras de pap tomadas,2015-11-01,3,76,191,58,19,347
ROBORE,"anticoncepcion, prevencion de its y de cancer de cuello uterino",numero de mujeres con muestras de pap tomadas,2015-11-01,0,3,47,22,9,81
RURRENABAQUE,"anticoncepcion, prevencion de its y de cancer de cuello uterino",numero de mujeres con muestras de pap tomadas,2015-11-01,0,6,18,10,2,36
SABAYA,"anticoncepcion, prevencion de its y de cancer de cuello uterino",numero de mujeres con muestras de pap tomadas,2015-11-01,0,0,1,1,0,2
SACABA,"anticoncepcion, prevencion de its y de cancer de cuello uterino",numero de mujeres con muestras de pap tomadas,2015-11-01,0,39,173,65,35,312
SACABAMBA,"anticoncepcion, prevencion de its y de cancer de cuello uterino",numero de mujeres con muestras de pap tomadas,2015-11-01,0,1,2,3,2,8
SACACA,"anticoncepcion, prevencion de its y de cancer de cuello uterino",numero de mujeres con muestras de pap tomadas,2015-11-01,0,4,17,16,1,38
SAIPINA,"anticoncepcion, prevencion de its y de cancer de cuello uterino",numero de mujeres con muestras de pap tomadas,2015-11-01,0,0,6,2,0,8
SALINAS DE GARCI MENDOZA,"anticoncepcion, prevencion de its y de cancer de cuello uterino",numero de mujeres con muestras de pap tomadas,2015-11-01,0,13,65,29,4,111
SAMAIPATA,"anticoncepcion, prevencion de its y de cancer de cuello uterino",numero de mujeres con muestras de pap tomadas,2015-11-01,0,2,6,10,0,18
SAN AGUSTIN,"anticoncepcion, prevencion de its y de cancer de cuello uterino",numero de mujeres con muestras de pap tomadas,2015-11-01,0,2,8,6,3,19
SAN ANDRES,"anticoncepcion, prevencion de its y de cancer de cuello uterino",numero de mujeres con muestras de pap tomadas,2015-11-01,0,0,4,4,0,8
SAN ANDRES DE MACHACA,"anticoncepcion, prevencion de its y de cancer de cuello uterino",numero de mujeres con muestras de pap tomadas,2015-11-01,0,2,6,9,3,20
SAN ANTONIO DE ESMORUCO,"anticoncepcion, prevencion de its y de cancer de cuello uterino",numero de mujeres con muestras de pap tomadas,2015-11-01,0,0,4,2,1,7
SAN ANTONIO DE LOMERIO,"anticoncepcion, prevencion de its y de cancer de cuello uterino",numero de mujeres con muestras de pap tomadas,2015-11-01,0,0,6,5,0,11
SAN BENITO,"anticoncepcion, prevencion de its y de cancer de cuello uterino",numero de mujeres con muestras de pap tomadas,2015-11-01,0,2,9,5,0,16
SAN BORJA,"anticoncepcion, prevencion de its y de cancer de cuello uterino",numero de mujeres con muestras de pap tomadas,2015-11-01,0,2,18,6,0,26
SAN BUENA VENTURA,"anticoncepcion, prevencion de its y de cancer de cuello uterino",numero de mujeres con muestras de pap tomadas,2015-11-01,0,2,2,1,0,5
SAN CARLOS,"anticoncepcion, prevencion de its y de cancer de cuello uterino",numero de mujeres con muestras de pap tomadas,2015-11-01,0,6,32,12,1,51
SAN IGNACIO,"anticoncepcion, prevencion de its y de cancer de cuello uterino",numero de mujeres con muestras de pap tomadas,2015-11-01,0,6,24,17,4,51
SAN IGNACIO DE VELASCO,"anticoncepcion, prevencion de its y de cancer de cuello uterino",numero de mujeres con muestras de pap tomadas,2015-11-01,0,16,54,25,2,97
SAN JAVIER(STC),"anticoncepcion, prevencion de its y de cancer de cuello uterino",numero de mujeres con muestras de pap tomadas,2015-11-01,0,0,6,0,0,6
SAN JOSE DE CHIQUITOS,"anticoncepcion, prevencion de its y de cancer de cuello uterino",numero de mujeres con muestras de pap tomadas,2015-11-01,0,0,0,2,0,2
SAN JUAN DE YAPACANI,"anticoncepcion, prevencion de its y de cancer de cuello uterino",numero de mujeres con muestras de pap tomadas,2015-11-01,9,9,21,18,9,66
SAN JULIAN,"anticoncepcion, prevencion de its y de cancer de cuello uterino",numero de mujeres con muestras de pap tomadas,2015-11-01,1,12,32,25,9,79
SAN LORENZO(PND),"anticoncepcion, prevencion de its y de cancer de cuello uterino",numero de mujeres con muestras de pap tomadas,2015-11-01,0,3,7,3,0,13
SAN LORENZO(TJA),"anticoncepcion, prevencion de its y de cancer de cuello uterino",numero de mujeres con muestras de pap tomadas,2015-11-01,0,2,14,14,5,35
SAN LUCAS,"anticoncepcion, prevencion de its y de cancer de cuello uterino",numero de mujeres con muestras de pap tomadas,2015-11-01,1,52,142,138,41,374
SAN MATIAS,"anticoncepcion, prevencion de its y de cancer de cuello uterino",numero de mujeres con muestras de pap tomadas,2015-11-01,0,1,14,6,2,23
SAN MIGUEL DE VELASCO,"anticoncepcion, prevencion de its y de cancer de cuello uterino",numero de mujeres con muestras de pap tomadas,2015-11-01,0,1,16,14,5,36
SAN PEDRO,"anticoncepcion, prevencion de its y de cancer de cuello uterino",numero de mujeres con muestras de pap tomadas,2015-11-01,0,3,34,23,10,70
SAN PEDRO DE BUENA VISTA,"anticoncepcion, prevencion de its y de cancer de cuello uterino",numero de mujeres con muestras de pap tomadas,2015-11-01,1,9,37,26,3,76
SAN PEDRO DE CURAHUARA,"anticoncepcion, prevencion de its y de cancer de cuello uterino",numero de mujeres con muestras de pap tomadas,2015-11-01,0,1,2,3,2,8
SAN PEDRO DE TIQUINA,"anticoncepcion, prevencion de its y de cancer de cuello uterino",numero de mujeres con muestras de pap tomadas,2015-11-01,0,1,2,2,0,5
SAN RAFAEL,"anticoncepcion, prevencion de its y de cancer de cuello uterino",numero de mujeres con muestras de pap tomadas,2015-11-01,0,1,4,2,1,8
SAN RAMON BENI,"anticoncepcion, prevencion de its y de cancer de cuello uterino",numero de mujeres con muestras de pap tomadas,2015-11-01,0,2,5,3,0,10
SAN RAMON SCZ,"anticoncepcion, prevencion de its y de cancer de cuello uterino",numero de mujeres con muestras de pap tomadas,2015-11-01,0,4,10,10,3,27
SANTA ANA,"anticoncepcion, prevencion de its y de cancer de cuello uterino",numero de mujeres con muestras de pap tomadas,2015-11-01,0,0,0,1,0,1
SANTA CRUZ DE LA SIERRA,"anticoncepcion, prevencion de its y de cancer de cuello uterino",numero de mujeres con muestras de pap tomadas,2015-11-01,31,470,1808,1049,591,3949
SANTA ROSA DEL SARA,"anticoncepcion, prevencion de its y de cancer de cuello uterino",numero de mujeres con muestras de pap tomadas,2015-11-01,0,16,33,23,4,76
SANTIAGO DE HUATA,"anticoncepcion, prevencion de its y de cancer de cuello uterino",numero de mujeres con muestras de pap tomadas,2015-11-01,1,4,12,15,10,42
SANTIAGO DE MACHACA,"anticoncepcion, prevencion de its y de cancer de cuello uterino",numero de mujeres con muestras de pap tomadas,2015-11-01,0,1,1,3,0,5
SANTIVAÑES,"anticoncepcion, prevencion de its y de cancer de cuello uterino",numero de mujeres con muestras de pap tomadas,2015-11-01,0,0,3,0,1,4
SANTUARIO DE QUILLACAS,"anticoncepcion, prevencion de its y de cancer de cuello uterino",numero de mujeres con muestras de pap tomadas,2015-11-01,0,0,3,13,2,18
SAPAHAQUI,"anticoncepcion, prevencion de its y de cancer de cuello uterino",numero de mujeres con muestras de pap tomadas,2015-11-01,0,1,21,26,19,67
SENA,"anticoncepcion, prevencion de its y de cancer de cuello uterino",numero de mujeres con muestras de pap tomadas,2015-11-01,0,0,10,11,0,21
SHINAOTA,"anticoncepcion, prevencion de its y de cancer de cuello uterino",numero de mujeres con muestras de pap tomadas,2015-11-01,0,4,12,2,0,18
SICA SICA (VILLA AROMA),"anticoncepcion, prevencion de its y de cancer de cuello uterino",numero de mujeres con muestras de pap tomadas,2015-11-01,1,7,59,37,25,129
SICAYA,"anticoncepcion, prevencion de its y de cancer de cuello uterino",numero de mujeres con muestras de pap tomadas,2015-11-01,0,1,6,1,0,8
SIPE SIPE,"anticoncepcion, prevencion de its y de cancer de cuello uterino",numero de mujeres con muestras de pap tomadas,2015-11-01,0,10,45,34,11,100
SOPACHUY,"anticoncepcion, prevencion de its y de cancer de cuello uterino",numero de mujeres con muestras de pap tomadas,2015-11-01,0,6,18,20,7,51
SORACACHI,"anticoncepcion, prevencion de its y de cancer de cuello uterino",numero de mujeres con muestras de pap tomadas,2015-11-01,0,4,29,8,1,42
SORATA,"anticoncepcion, prevencion de its y de cancer de cuello uterino",numero de mujeres con muestras de pap tomadas,2015-11-01,0,1,5,2,0,8
SUCRE,"anticoncepcion, prevencion de its y de cancer de cuello uterino",numero de mujeres con muestras de pap tomadas,2015-11-01,6,339,2173,1215,180,3913
TACACOMA,"anticoncepcion, prevencion de its y de cancer de cuello uterino",numero de mujeres con muestras de pap tomadas,2015-11-01,0,3,6,6,2,17
TACOBAMBA,"anticoncepcion, prevencion de its y de cancer de cuello uterino",numero de mujeres con muestras de pap tomadas,2015-11-01,0,0,10,4,1,15
TACOPAYA,"anticoncepcion, prevencion de its y de cancer de cuello uterino",numero de mujeres con muestras de pap tomadas,2015-11-01,0,1,4,0,0,5
TAPACARI,"anticoncepcion, prevencion de its y de cancer de cuello uterino",numero de mujeres con muestras de pap tomadas,2015-11-01,0,6,9,4,1,20
TARABUCO,"anticoncepcion, prevencion de its y de cancer de cuello uterino",numero de mujeres con muestras de pap tomadas,2015-11-01,0,13,17,9,1,40
TARACO,"anticoncepcion, prevencion de its y de cancer de cuello uterino",numero de mujeres con muestras de pap tomadas,2015-11-01,0,2,10,4,0,16
TARATA,"anticoncepcion, prevencion de its y de cancer de cuello uterino",numero de mujeres con muestras de pap tomadas,2015-11-01,0,6,20,3,0,29
TARIJA,"anticoncepcion, prevencion de its y de cancer de cuello uterino",numero de mujeres con muestras de pap tomadas,2015-11-01,0,49,497,390,126,1062
TARVITA,"anticoncepcion, prevencion de its y de cancer de cuello uterino",numero de mujeres con muestras de pap tomadas,2015-11-01,0,39,124,103,2,268
TEOPONTE,"anticoncepcion, prevencion de its y de cancer de cuello uterino",numero de mujeres con muestras de pap tomadas,2015-11-01,1,3,5,6,0,15
TIAWANACU,"anticoncepcion, prevencion de its y de cancer de cuello uterino",numero de mujeres con muestras de pap tomadas,2015-11-01,0,4,7,12,3,26
TINGUIPAYA,"anticoncepcion, prevencion de its y de cancer de cuello uterino",numero de mujeres con muestras de pap tomadas,2015-11-01,0,2,26,13,7,48
TIPUANI,"anticoncepcion, prevencion de its y de cancer de cuello uterino",numero de mujeres con muestras de pap tomadas,2015-11-01,0,6,64,35,6,111
TIQUIPAYA,"anticoncepcion, prevencion de its y de cancer de cuello uterino",numero de mujeres con muestras de pap tomadas,2015-11-01,0,6,29,12,1,48
TIRAQUE (CBBA),"anticoncepcion, prevencion de its y de cancer de cuello uterino",numero de mujeres con muestras de pap tomadas,2015-11-01,0,8,23,8,2,41
TITO YUPANQUI (PARQUIPUJIO),"anticoncepcion, prevencion de its y de cancer de cuello uterino",numero de mujeres con muestras de pap tomadas,2015-11-01,0,0,0,2,1,3
TOCO,"anticoncepcion, prevencion de its y de cancer de cuello uterino",numero de mujeres con muestras de pap tomadas,2015-11-01,0,0,8,5,3,16
TODOS SANTOS,"anticoncepcion, prevencion de its y de cancer de cuello uterino",numero de mujeres con muestras de pap tomadas,2015-11-01,0,2,3,6,1,12
TOLATA,"anticoncepcion, prevencion de its y de cancer de cuello uterino",numero de mujeres con muestras de pap tomadas,2015-11-01,0,6,20,8,4,38
TOLEDO,"anticoncepcion, prevencion de its y de cancer de cuello uterino",numero de mujeres con muestras de pap tomadas,2015-11-01,0,0,1,0,0,1
TOMAVE,"anticoncepcion, prevencion de its y de cancer de cuello uterino",numero de mujeres con muestras de pap tomadas,2015-11-01,0,1,9,7,3,20
TOMINA,"anticoncepcion, prevencion de its y de cancer de cuello uterino",numero de mujeres con muestras de pap tomadas,2015-11-01,0,2,5,7,1,15
TORO TORO,"anticoncepcion, prevencion de its y de cancer de cuello uterino",numero de mujeres con muestras de pap tomadas,2015-11-01,0,15,47,31,14,107
TOTORA(CBBA),"anticoncepcion, prevencion de its y de cancer de cuello uterino",numero de mujeres con muestras de pap tomadas,2015-11-01,0,15,31,12,1,59
TOTORA(ORR),"anticoncepcion, prevencion de its y de cancer de cuello uterino",numero de mujeres con muestras de pap tomadas,2015-11-01,0,1,4,3,2,10
TRIGAL,"anticoncepcion, prevencion de its y de cancer de cuello uterino",numero de mujeres con muestras de pap tomadas,2015-11-01,0,0,3,1,1,5
TRINIDAD,"anticoncepcion, prevencion de its y de cancer de cuello uterino",numero de mujeres con muestras de pap tomadas,2015-11-01,4,39,219,217,72,551
TUPIZA,"anticoncepcion, prevencion de its y de cancer de cuello uterino",numero de mujeres con muestras de pap tomadas,2015-11-01,0,8,56,44,25,133
TURCO,"anticoncepcion, prevencion de its y de cancer de cuello uterino",numero de mujeres con muestras de pap tomadas,2015-11-01,0,0,3,5,4,12
UMALA,"anticoncepcion, prevencion de its y de cancer de cuello uterino",numero de mujeres con muestras de pap tomadas,2015-11-01,0,0,4,5,1,10
UNCIA,"anticoncepcion, prevencion de its y de cancer de cuello uterino",numero de mujeres con muestras de pap tomadas,2015-11-01,0,0,1,1,0,2
URIONDO (A. CONCEPCION),"anticoncepcion, prevencion de its y de cancer de cuello uterino",numero de mujeres con muestras de pap tomadas,2015-11-01,0,6,55,37,26,124
URUBICHA,"anticoncepcion, prevencion de its y de cancer de cuello uterino",numero de mujeres con muestras de pap tomadas,2015-11-01,0,3,3,7,0,13
UYUNI,"anticoncepcion, prevencion de its y de cancer de cuello uterino",numero de mujeres con muestras de pap tomadas,2015-11-01,0,2,16,14,7,39
VACAS,"anticoncepcion, prevencion de its y de cancer de cuello uterino",numero de mujeres con muestras de pap tomadas,2015-11-01,0,5,16,12,8,41
VALLEGRANDE,"anticoncepcion, prevencion de its y de cancer de cuello uterino",numero de mujeres con muestras de pap tomadas,2015-11-01,1,19,48,29,17,114
VIACHA,"anticoncepcion, prevencion de its y de cancer de cuello uterino",numero de mujeres con muestras de pap tomadas,2015-11-01,0,8,98,58,48,212
VILLA CHARCAS,"anticoncepcion, prevencion de its y de cancer de cuello uterino",numero de mujeres con muestras de pap tomadas,2015-11-01,0,13,59,29,4,105
VILLA MONTES,"anticoncepcion, prevencion de its y de cancer de cuello uterino",numero de mujeres con muestras de pap tomadas,2015-11-01,0,18,114,65,22,219
VILLA RIVERO,"anticoncepcion, prevencion de its y de cancer de cuello uterino",numero de mujeres con muestras de pap tomadas,2015-11-01,0,2,14,3,3,22
VILLA SERRANO,"anticoncepcion, prevencion de its y de cancer de cuello uterino",numero de mujeres con muestras de pap tomadas,2015-11-01,0,4,17,46,4,71
VILLA TUNARI,"anticoncepcion, prevencion de its y de cancer de cuello uterino",numero de mujeres con muestras de pap tomadas,2015-11-01,0,10,47,43,11,111
VILLA VACA GUZMAN (MUYUPAMPA),"anticoncepcion, prevencion de its y de cancer de cuello uterino",numero de mujeres con muestras de pap tomadas,2015-11-01,0,1,23,22,8,54
VILLAZON,"anticoncepcion, prevencion de its y de cancer de cuello uterino",numero de mujeres con muestras de pap tomadas,2015-11-01,1,34,230,109,32,406
VINTO,"anticoncepcion, prevencion de its y de cancer de cuello uterino",numero de mujeres con muestras de pap tomadas,2015-11-01,0,9,44,39,7,99
VITICHI,"anticoncepcion, prevencion de its y de cancer de cuello uterino",numero de mujeres con muestras de pap tomadas,2015-11-01,0,3,25,23,12,63
WALDO BALLIVIAN,"anticoncepcion, prevencion de its y de cancer de cuello uterino",numero de mujeres con muestras de pap tomadas,2015-11-01,0,0,2,4,0,6
WARNES,"anticoncepcion, prevencion de its y de cancer de cuello uterino",numero de mujeres con muestras de pap tomadas,2015-11-01,2,33,163,61,6,265
YACO,"anticoncepcion, prevencion de its y de cancer de cuello uterino",numero de mujeres con muestras de pap tomadas,2015-11-01,0,1,12,0,0,13
YACUIBA,"anticoncepcion, prevencion de its y de cancer de cuello uterino",numero de mujeres con muestras de pap tomadas,2015-11-01,2,32,183,122,32,371
YAMPARAEZ,"anticoncepcion, prevencion de its y de cancer de cuello uterino",numero de mujeres con muestras de pap tomadas,2015-11-01,0,2,5,7,2,16
YANACACHI,"anticoncepcion, prevencion de its y de cancer de cuello uterino",numero de mujeres con muestras de pap tomadas,2015-11-01,0,1,9,5,2,17
YAPACANI,"anticoncepcion, prevencion de its y de cancer de cuello uterino",numero de mujeres con muestras de pap tomadas,2015-11-01,2,27,104,62,0,195
YOCALLA,"anticoncepcion, prevencion de its y de cancer de cuello uterino",numero de mujeres con muestras de pap tomadas,2015-11-01,0,0,3,0,0,3
YOTALA,"anticoncepcion, prevencion de its y de cancer de cuello uterino",numero de mujeres con muestras de pap tomadas,2015-11-01,0,10,27,34,7,78
YUNCHARA,"anticoncepcion, prevencion de its y de cancer de cuello uterino",numero de mujeres con muestras de pap tomadas,2015-11-01,0,5,41,21,3,70
ZUDAÑEZ,"anticoncepcion, prevencion de its y de cancer de cuello uterino",numero de mujeres con muestras de pap tomadas,2015-11-01,0,8,21,26,10,65
ACACIO,"anticoncepcion, prevencion de its y de cancer de cuello uterino",numero de mujeres con muestras de pap tomadas,2015-12-01,0,0,5,1,0,6
ACHACACHI,"anticoncepcion, prevencion de its y de cancer de cuello uterino",numero de mujeres con muestras de pap tomadas,2015-12-01,0,5,31,23,10,69
ACHOCALLA,"anticoncepcion, prevencion de its y de cancer de cuello uterino",numero de mujeres con muestras de pap tomadas,2015-12-01,0,1,20,11,3,35
AIQUILE,"anticoncepcion, prevencion de its y de cancer de cuello uterino",numero de mujeres con muestras de pap tomadas,2015-12-01,0,3,28,28,15,74
ALCALA,"anticoncepcion, prevencion de its y de cancer de cuello uterino",numero de mujeres con muestras de pap tomadas,2015-12-01,0,0,3,0,1,4
ALTO BENI,"anticoncepcion, prevencion de its y de cancer de cuello uterino",numero de mujeres con muestras de pap tomadas,2015-12-01,0,1,10,5,4,20
ANCORAIMES,"anticoncepcion, prevencion de its y de cancer de cuello uterino",numero de mujeres con muestras de pap tomadas,2015-12-01,0,4,10,11,3,28
ANTEQUERA,"anticoncepcion, prevencion de its y de cancer de cuello uterino",numero de mujeres con muestras de pap tomadas,2015-12-01,0,0,2,0,0,2
ANZALDO,"anticoncepcion, prevencion de its y de cancer de cuello uterino",numero de mujeres con muestras de pap tomadas,2015-12-01,0,1,7,7,1,16
APOLO,"anticoncepcion, prevencion de its y de cancer de cuello uterino",numero de mujeres con muestras de pap tomadas,2015-12-01,0,10,35,19,1,65
ARAMPAMPA,"anticoncepcion, prevencion de its y de cancer de cuello uterino",numero de mujeres con muestras de pap tomadas,2015-12-01,0,1,2,1,0,4
ARANI,"anticoncepcion, prevencion de its y de cancer de cuello uterino",numero de mujeres con muestras de pap tomadas,2015-12-01,0,5,11,1,0,17
ARBIETO,"anticoncepcion, prevencion de its y de cancer de cuello uterino",numero de mujeres con muestras de pap tomadas,2015-12-01,0,6,17,9,0,32
ARQUE,"anticoncepcion, prevencion de its y de cancer de cuello uterino",numero de mujeres con muestras de pap tomadas,2015-12-01,0,1,0,0,0,1
ASCENCION DE GUARAYOS,"anticoncepcion, prevencion de its y de cancer de cuello uterino",numero de mujeres con muestras de pap tomadas,2015-12-01,1,4,49,13,0,67
ATOCHA,"anticoncepcion, prevencion de its y de cancer de cuello uterino",numero de mujeres con muestras de pap tomadas,2015-12-01,0,0,10,5,1,16
AUCAPATA,"anticoncepcion, prevencion de its y de cancer de cuello uterino",numero de mujeres con muestras de pap tomadas,2015-12-01,1,6,34,24,10,75
AYATA,"anticoncepcion, prevencion de its y de cancer de cuello uterino",numero de mujeres con muestras de pap tomadas,2015-12-01,0,2,22,16,8,48
AYO AYO,"anticoncepcion, prevencion de its y de cancer de cuello uterino",numero de mujeres con muestras de pap tomadas,2015-12-01,0,3,9,5,1,18
AYOPAYA (V. DE INDEPENDENCIA),"anticoncepcion, prevencion de its y de cancer de cuello uterino",numero de mujeres con muestras de pap tomadas,2015-12-01,0,7,14,11,2,34
AZURDUY,"anticoncepcion, prevencion de its y de cancer de cuello uterino",numero de mujeres con muestras de pap tomadas,2015-12-01,0,0,0,0,1,1
BATALLAS,"anticoncepcion, prevencion de its y de cancer de cuello uterino",numero de mujeres con muestras de pap tomadas,2015-12-01,0,1,34,33,10,78
BELLA FLOR,"anticoncepcion, prevencion de its y de cancer de cuello uterino",numero de mujeres con muestras de pap tomadas,2015-12-01,0,0,4,2,1,7
BERMEJO,"anticoncepcion, prevencion de its y de cancer de cuello uterino",numero de mujeres con muestras de pap tomadas,2015-12-01,0,9,88,37,8,142
BETANZOS,"anticoncepcion, prevencion de its y de cancer de cuello uterino",numero de mujeres con muestras de pap tomadas,2015-12-01,0,3,8,9,2,22
BOLIVAR,"anticoncepcion, prevencion de its y de cancer de cuello uterino",numero de mujeres con muestras de pap tomadas,2015-12-01,0,0,3,5,2,10
BUENA VISTA,"anticoncepcion, prevencion de its y de cancer de cuello uterino",numero de mujeres con muestras de pap tomadas,2015-12-01,0,2,3,0,0,5
CABEZAS,"anticoncepcion, prevencion de its y de cancer de cuello uterino",numero de mujeres con muestras de pap tomadas,2015-12-01,0,0,2,2,0,4
CAIROMA,"anticoncepcion, prevencion de its y de cancer de cuello uterino",numero de mujeres con muestras de pap tomadas,2015-12-01,1,4,13,1,1,20
"CAIZA ""D""","anticoncepcion, prevencion de its y de cancer de cuello uterino",numero de mujeres con muestras de pap tomadas,2015-12-01,1,3,10,9,7,30
CAJUATA,"anticoncepcion, prevencion de its y de cancer de cuello uterino",numero de mujeres con muestras de pap tomadas,2015-12-01,0,0,12,5,1,18
CALACOTO,"anticoncepcion, prevencion de its y de cancer de cuello uterino",numero de mujeres con muestras de pap tomadas,2015-12-01,0,0,2,1,1,4
CALAMARCA,"anticoncepcion, prevencion de its y de cancer de cuello uterino",numero de mujeres con muestras de pap tomadas,2015-12-01,0,1,9,10,5,25
CAMARGO,"anticoncepcion, prevencion de its y de cancer de cuello uterino",numero de mujeres con muestras de pap tomadas,2015-12-01,0,7,12,5,0,24
CAMIRI,"anticoncepcion, prevencion de its y de cancer de cuello uterino",numero de mujeres con muestras de pap tomadas,2015-12-01,0,0,1,1,0,2
CAPINOTA,"anticoncepcion, prevencion de its y de cancer de cuello uterino",numero de mujeres con muestras de pap tomadas,2015-12-01,0,9,36,19,3,67
CAQUIAVIRI,"anticoncepcion, prevencion de its y de cancer de cuello uterino",numero de mujeres con muestras de pap tomadas,2015-12-01,2,10,46,43,27,128
CARACOLLO,"anticoncepcion, prevencion de its y de cancer de cuello uterino",numero de mujeres con muestras de pap tomadas,2015-12-01,0,0,5,1,3,9
CARANAVI,"anticoncepcion, prevencion de its y de cancer de cuello uterino",numero de mujeres con muestras de pap tomadas,2015-12-01,2,25,174,85,22,308
CARAPARI,"anticoncepcion, prevencion de its y de cancer de cuello uterino",numero de mujeres con muestras de pap tomadas,2015-12-01,0,0,1,0,0,1
CARIPUYO,"anticoncepcion, prevencion de its y de cancer de cuello uterino",numero de mujeres con muestras de pap tomadas,2015-12-01,0,3,16,11,3,33
CARMEN RIVERO TORREZ,"anticoncepcion, prevencion de its y de cancer de cuello uterino",numero de mujeres con muestras de pap tomadas,2015-12-01,0,1,3,2,0,6
CHACARILLA,"anticoncepcion, prevencion de its y de cancer de cuello uterino",numero de mujeres con muestras de pap tomadas,2015-12-01,0,2,5,2,1,10
CHALLAPATA,"anticoncepcion, prevencion de its y de cancer de cuello uterino",numero de mujeres con muestras de pap tomadas,2015-12-01,0,6,20,12,2,40
CHAQUI,"anticoncepcion, prevencion de its y de cancer de cuello uterino",numero de mujeres con muestras de pap tomadas,2015-12-01,0,2,10,14,5,31
CHARAGUA,"anticoncepcion, prevencion de its y de cancer de cuello uterino",numero de mujeres con muestras de pap tomadas,2015-12-01,0,3,3,2,0,8
CHARAÑA,"anticoncepcion, prevencion de its y de cancer de cuello uterino",numero de mujeres con muestras de pap tomadas,2015-12-01,0,2,10,7,3,22
CHAYANTA,"anticoncepcion, prevencion de its y de cancer de cuello uterino",numero de mujeres con muestras de pap tomadas,2015-12-01,0,0,2,0,0,2
CHIMORE,"anticoncepcion, prevencion de its y de cancer de cuello uterino",numero de mujeres con muestras de pap tomadas,2015-12-01,0,1,2,5,1,9
CHUA COCANI,"anticoncepcion, prevencion de its y de cancer de cuello uterino",numero de mujeres con muestras de pap tomadas,2015-12-01,0,2,6,4,1,13
CHULUMANI (V. DE LA LIBERTAD),"anticoncepcion, prevencion de its y de cancer de cuello uterino",numero de mujeres con muestras de pap tomadas,2015-12-01,0,1,13,3,0,17
CHUMA,"anticoncepcion, prevencion de its y de cancer de cuello uterino",numero de mujeres con muestras de pap tomadas,2015-12-01,0,7,13,8,2,30
CHUQUIHUTA AYLLU JUCUMANI,"anticoncepcion, prevencion de its y de cancer de cuello uterino",numero de mujeres con muestras de pap tomadas,2015-12-01,0,7,18,2,2,29
CKOCHAS,"anticoncepcion, prevencion de its y de cancer de cuello uterino",numero de mujeres con muestras de pap tomadas,2015-12-01,0,3,17,20,8,48
CLIZA,"anticoncepcion, prevencion de its y de cancer de cuello uterino",numero de mujeres con muestras de pap tomadas,2015-12-01,0,5,30,5,2,42
COBIJA,"anticoncepcion, prevencion de its y de cancer de cuello uterino",numero de mujeres con muestras de pap tomadas,2015-12-01,0,25,117,49,15,206
COCAPATA,"anticoncepcion, prevencion de its y de cancer de cuello uterino",numero de mujeres con muestras de pap tomadas,2015-12-01,0,0,2,0,0,2
COCHABAMBA,"anticoncepcion, prevencion de its y de cancer de cuello uterino",numero de mujeres con muestras de pap tomadas,2015-12-01,11,129,1338,1460,439,3377
COIPASA,"anticoncepcion, prevencion de its y de cancer de cuello uterino",numero de mujeres con muestras de pap tomadas,2015-12-01,0,0,1,1,0,2
COLCAPIRHUA,"anticoncepcion, prevencion de its y de cancer de cuello uterino",numero de mujeres con muestras de pap tomadas,2015-12-01,0,4,20,5,2,31
"COLCHA ""K""","anticoncepcion, prevencion de its y de cancer de cuello uterino",numero de mujeres con muestras de pap tomadas,2015-12-01,0,5,6,5,0,16
COLLANA,"anticoncepcion, prevencion de its y de cancer de cuello uterino",numero de mujeres con muestras de pap tomadas,2015-12-01,0,0,6,2,1,9
COLOMI,"anticoncepcion, prevencion de its y de cancer de cuello uterino",numero de mujeres con muestras de pap tomadas,2015-12-01,0,4,8,4,2,18
COLPA BELGICA,"anticoncepcion, prevencion de its y de cancer de cuello uterino",numero de mujeres con muestras de pap tomadas,2015-12-01,0,0,2,4,0,6
COLQUECHACA,"anticoncepcion, prevencion de its y de cancer de cuello uterino",numero de mujeres con muestras de pap tomadas,2015-12-01,0,2,4,1,0,7
COLQUENCHA,"anticoncepcion, prevencion de its y de cancer de cuello uterino",numero de mujeres con muestras de pap tomadas,2015-12-01,0,2,9,3,3,17
COLQUIRI,"anticoncepcion, prevencion de its y de cancer de cuello uterino",numero de mujeres con muestras de pap tomadas,2015-12-01,0,5,21,10,0,36
COMANCHE,"anticoncepcion, prevencion de its y de cancer de cuello uterino",numero de mujeres con muestras de pap tomadas,2015-12-01,0,0,1,1,1,3
COMARAPA,"anticoncepcion, prevencion de its y de cancer de cuello uterino",numero de mujeres con muestras de pap tomadas,2015-12-01,0,2,11,17,7,37
COMBAYA,"anticoncepcion, prevencion de its y de cancer de cuello uterino",numero de mujeres con muestras de pap tomadas,2015-12-01,0,0,1,3,0,4
CONCEPCION,"anticoncepcion, prevencion de its y de cancer de cuello uterino",numero de mujeres con muestras de pap tomadas,2015-12-01,0,1,7,8,2,18
COPACABANA,"anticoncepcion, prevencion de its y de cancer de cuello uterino",numero de mujeres con muestras de pap tomadas,2015-12-01,0,0,4,8,6,18
CORIPATA,"anticoncepcion, prevencion de its y de cancer de cuello uterino",numero de mujeres con muestras de pap tomadas,2015-12-01,0,5,30,18,1,54
CORO CORO,"anticoncepcion, prevencion de its y de cancer de cuello uterino",numero de mujeres con muestras de pap tomadas,2015-12-01,0,1,9,10,6,26
COROICO,"anticoncepcion, prevencion de its y de cancer de cuello uterino",numero de mujeres con muestras de pap tomadas,2015-12-01,0,12,42,48,34,136
CORQUE,"anticoncepcion, prevencion de its y de cancer de cuello uterino",numero de mujeres con muestras de pap tomadas,2015-12-01,0,1,20,10,8,39
COTAGAITA,"anticoncepcion, prevencion de its y de cancer de cuello uterino",numero de mujeres con muestras de pap tomadas,2015-12-01,0,2,12,12,7,33
COTOCA,"anticoncepcion, prevencion de its y de cancer de cuello uterino",numero de mujeres con muestras de pap tomadas,2015-12-01,0,11,44,19,5,79
CUATRO CAÑADAS,"anticoncepcion, prevencion de its y de cancer de cuello uterino",numero de mujeres con muestras de pap tomadas,2015-12-01,0,2,14,3,0,19
CULPINA,"anticoncepcion, prevencion de its y de cancer de cuello uterino",numero de mujeres con muestras de pap tomadas,2015-12-01,0,3,19,8,1,31
CURAHUARA DE CARANGAS,"anticoncepcion, prevencion de its y de cancer de cuello uterino",numero de mujeres con muestras de pap tomadas,2015-12-01,0,1,2,2,2,7
CURVA,"anticoncepcion, prevencion de its y de cancer de cuello uterino",numero de mujeres con muestras de pap tomadas,2015-12-01,3,1,3,3,1,11
DESAGUADERO,"anticoncepcion, prevencion de its y de cancer de cuello uterino",numero de mujeres con muestras de pap tomadas,2015-12-01,0,1,14,5,6,26
EL ALTO,"anticoncepcion, prevencion de its y de cancer de cuello uterino",numero de mujeres con muestras de pap tomadas,2015-12-01,3,155,1812,1192,377,3539
EL CHORO,"anticoncepcion, prevencion de its y de cancer de cuello uterino",numero de mujeres con muestras de pap tomadas,2015-12-01,0,0,5,2,0,7
EL PUENTE(STC),"anticoncepcion, prevencion de its y de cancer de cuello uterino",numero de mujeres con muestras de pap tomadas,2015-12-01,0,1,14,12,5,32
EL PUENTE(TJA),"anticoncepcion, prevencion de its y de cancer de cuello uterino",numero de mujeres con muestras de pap tomadas,2015-12-01,0,3,26,23,8,60
EL TORNO,"anticoncepcion, prevencion de its y de cancer de cuello uterino",numero de mujeres con muestras de pap tomadas,2015-12-01,3,36,83,61,16,199
EL VILLAR,"anticoncepcion, prevencion de its y de cancer de cuello uterino",numero de mujeres con muestras de pap tomadas,2015-12-01,0,0,4,6,3,13
ENTRE RIOS TRJ,"anticoncepcion, prevencion de its y de cancer de cuello uterino",numero de mujeres con muestras de pap tomadas,2015-12-01,0,2,41,17,11,71
ENTRE RIOS CBBA,"anticoncepcion, prevencion de its y de cancer de cuello uterino",numero de mujeres con muestras de pap tomadas,2015-12-01,0,2,9,1,0,12
ESCOMA,"anticoncepcion, prevencion de its y de cancer de cuello uterino",numero de mujeres con muestras de pap tomadas,2015-12-01,0,7,10,6,9,32
FERNANDEZ ALONSO,"anticoncepcion, prevencion de its y de cancer de cuello uterino",numero de mujeres con muestras de pap tomadas,2015-12-01,2,2,16,7,3,30
GENERAL SAAVEDRA,"anticoncepcion, prevencion de its y de cancer de cuello uterino",numero de mujeres con muestras de pap tomadas,2015-12-01,0,0,5,6,1,12
GRAL. J.J. PEREZ (CHARAZANI),"anticoncepcion, prevencion de its y de cancer de cuello uterino",numero de mujeres con muestras de pap tomadas,2015-12-01,0,5,15,8,5,33
GUANAY,"anticoncepcion, prevencion de its y de cancer de cuello uterino",numero de mujeres con muestras de pap tomadas,2015-12-01,0,3,15,6,2,26
GUAQUI,"anticoncepcion, prevencion de its y de cancer de cuello uterino",numero de mujeres con muestras de pap tomadas,2015-12-01,0,0,4,4,1,9
GUAYARAMERIN,"anticoncepcion, prevencion de its y de cancer de cuello uterino",numero de mujeres con muestras de pap tomadas,2015-12-01,2,17,61,28,12,120
GUTIERREZ,"anticoncepcion, prevencion de its y de cancer de cuello uterino",numero de mujeres con muestras de pap tomadas,2015-12-01,0,4,7,2,0,13
HUACARETA,"anticoncepcion, prevencion de its y de cancer de cuello uterino",numero de mujeres con muestras de pap tomadas,2015-12-01,0,0,5,5,0,10
HUACAYA (VILLA DE HUACAYA),"anticoncepcion, prevencion de its y de cancer de cuello uterino",numero de mujeres con muestras de pap tomadas,2015-12-01,0,2,4,3,0,9
HUANUNI,"anticoncepcion, prevencion de its y de cancer de cuello uterino",numero de mujeres con muestras de pap tomadas,2015-12-01,0,3,17,14,4,38
HUARINA,"anticoncepcion, prevencion de its y de cancer de cuello uterino",numero de mujeres con muestras de pap tomadas,2015-12-01,0,0,0,1,0,1
HUATAJATA,"anticoncepcion, prevencion de its y de cancer de cuello uterino",numero de mujeres con muestras de pap tomadas,2015-12-01,0,0,5,5,4,14
HUMANATA,"anticoncepcion, prevencion de its y de cancer de cuello uterino",numero de mujeres con muestras de pap tomadas,2015-12-01,0,0,2,0,0,2
ICLA,"anticoncepcion, prevencion de its y de cancer de cuello uterino",numero de mujeres con muestras de pap tomadas,2015-12-01,0,0,1,1,0,2
INCAHUASI,"anticoncepcion, prevencion de its y de cancer de cuello uterino",numero de mujeres con muestras de pap tomadas,2015-12-01,0,13,64,62,4,143
INQUISIVI,"anticoncepcion, prevencion de its y de cancer de cuello uterino",numero de mujeres con muestras de pap tomadas,2015-12-01,0,0,2,4,0,6
IRUPANA (VILLA DE LANZA),"anticoncepcion, prevencion de its y de cancer de cuello uterino",numero de mujeres con muestras de pap tomadas,2015-12-01,0,4,28,10,7,49
IXIAMAS,"anticoncepcion, prevencion de its y de cancer de cuello uterino",numero de mujeres con muestras de pap tomadas,2015-12-01,0,0,3,1,0,4
JESUS DE MACHACA,"anticoncepcion, prevencion de its y de cancer de cuello uterino",numero de mujeres con muestras de pap tomadas,2015-12-01,0,6,14,11,15,46
LA ASUNTA,"anticoncepcion, prevencion de its y de cancer de cuello uterino",numero de mujeres con muestras de pap tomadas,2015-12-01,0,7,21,4,2,34
LA GUARDIA,"anticoncepcion, prevencion de its y de cancer de cuello uterino",numero de mujeres con muestras de pap tomadas,2015-12-01,10,28,181,76,30,325
LA PAZ,"anticoncepcion, prevencion de its y de cancer de cuello uterino",numero de mujeres con muestras de pap tomadas,2015-12-01,7,219,2025,1760,718,4729
LAGUNILLAS,"anticoncepcion, prevencion de its y de cancer de cuello uterino",numero de mujeres con muestras de pap tomadas,2015-12-01,0,2,4,5,0,11
LAJA,"anticoncepcion, prevencion de its y de cancer de cuello uterino",numero de mujeres con muestras de pap tomadas,2015-12-01,0,7,22,28,13,70
LAS CARRERAS,"anticoncepcion, prevencion de its y de cancer de cuello uterino",numero de mujeres con muestras de pap tomadas,2015-12-01,0,0,2,4,0,6
LLALLAGUA,"anticoncepcion, prevencion de its y de cancer de cuello uterino",numero de mujeres con muestras de pap tomadas,2015-12-01,0,0,5,1,1,7
LLICA,"anticoncepcion, prevencion de its y de cancer de cuello uterino",numero de mujeres con muestras de pap tomadas,2015-12-01,0,1,8,2,1,12
LURIBAY,"anticoncepcion, prevencion de its y de cancer de cuello uterino",numero de mujeres con muestras de pap tomadas,2015-12-01,0,2,20,18,19,59
MACHACAMARCA,"anticoncepcion, prevencion de its y de cancer de cuello uterino",numero de mujeres con muestras de pap tomadas,2015-12-01,0,0,2,2,4,8
MACHARETI,"anticoncepcion, prevencion de its y de cancer de cuello uterino",numero de mujeres con muestras de pap tomadas,2015-12-01,0,0,6,1,0,7
MAIRANA,"anticoncepcion, prevencion de its y de cancer de cuello uterino",numero de mujeres con muestras de pap tomadas,2015-12-01,0,0,4,4,0,8
MALLA,"anticoncepcion, prevencion de its y de cancer de cuello uterino",numero de mujeres con muestras de pap tomadas,2015-12-01,0,2,10,3,0,15
MAPIRI,"anticoncepcion, prevencion de its y de cancer de cuello uterino",numero de mujeres con muestras de pap tomadas,2015-12-01,1,14,47,14,5,81
MECAPACA,"anticoncepcion, prevencion de its y de cancer de cuello uterino",numero de mujeres con muestras de pap tomadas,2015-12-01,0,0,2,1,3,6
MINEROS,"anticoncepcion, prevencion de its y de cancer de cuello uterino",numero de mujeres con muestras de pap tomadas,2015-12-01,0,0,4,4,0,8
MIZQUE,"anticoncepcion, prevencion de its y de cancer de cuello uterino",numero de mujeres con muestras de pap tomadas,2015-12-01,0,19,106,140,32,297
MOCOMOCO,"anticoncepcion, prevencion de its y de cancer de cuello uterino",numero de mujeres con muestras de pap tomadas,2015-12-01,0,5,11,8,1,25
MOJINETE,"anticoncepcion, prevencion de its y de cancer de cuello uterino",numero de mujeres con muestras de pap tomadas,2015-12-01,0,0,0,0,1,1
MONTEAGUDO,"anticoncepcion, prevencion de its y de cancer de cuello uterino",numero de mujeres con muestras de pap tomadas,2015-12-01,1,9,67,50,4,131
MONTERO,"anticoncepcion, prevencion de its y de cancer de cuello uterino",numero de mujeres con muestras de pap tomadas,2015-12-01,5,24,115,64,24,232
MORO MORO,"anticoncepcion, prevencion de its y de cancer de cuello uterino",numero de mujeres con muestras de pap tomadas,2015-12-01,0,0,1,2,0,3
MOROCHATA,"anticoncepcion, prevencion de its y de cancer de cuello uterino",numero de mujeres con muestras de pap tomadas,2015-12-01,0,1,7,1,0,9
NAZACARA DE PACAJES,"anticoncepcion, prevencion de its y de cancer de cuello uterino",numero de mujeres con muestras de pap tomadas,2015-12-01,0,2,3,3,1,9
OCURI,"anticoncepcion, prevencion de its y de cancer de cuello uterino",numero de mujeres con muestras de pap tomadas,2015-12-01,0,0,13,7,0,20
OKINAWA,"anticoncepcion, prevencion de its y de cancer de cuello uterino",numero de mujeres con muestras de pap tomadas,2015-12-01,0,0,9,10,1,20
ORURO,"anticoncepcion, prevencion de its y de cancer de cuello uterino",numero de mujeres con muestras de pap tomadas,2015-12-01,0,37,417,318,154,926
PADCAYA,"anticoncepcion, prevencion de its y de cancer de cuello uterino",numero de mujeres con muestras de pap tomadas,2015-12-01,0,11,90,74,24,199
PADILLA,"anticoncepcion, prevencion de its y de cancer de cuello uterino",numero de mujeres con muestras de pap tomadas,2015-12-01,0,4,18,7,4,33
PAILON,"anticoncepcion, prevencion de its y de cancer de cuello uterino",numero de mujeres con muestras de pap tomadas,2015-12-01,0,4,15,4,0,23
PALCA,"anticoncepcion, prevencion de its y de cancer de cuello uterino",numero de mujeres con muestras de pap tomadas,2015-12-01,4,32,33,23,4,96
PALOS BLANCOS,"anticoncepcion, prevencion de its y de cancer de cuello uterino",numero de mujeres con muestras de pap tomadas,2015-12-01,1,13,84,36,21,155
PAMPA GRANDE,"anticoncepcion, prevencion de its y de cancer de cuello uterino",numero de mujeres con muestras de pap tomadas,2015-12-01,0,0,1,1,0,2
PAPEL PAMPA,"anticoncepcion, prevencion de its y de cancer de cuello uterino",numero de mujeres con muestras de pap tomadas,2015-12-01,0,0,1,4,2,7
PASORAPA,"anticoncepcion, prevencion de its y de cancer de cuello uterino",numero de mujeres con muestras de pap tomadas,2015-12-01,0,0,0,1,1,2
PATACAMAYA,"anticoncepcion, prevencion de its y de cancer de cuello uterino",numero de mujeres con muestras de pap tomadas,2015-12-01,0,0,5,1,6,12
PAZÑA,"anticoncepcion, prevencion de its y de cancer de cuello uterino",numero de mujeres con muestras de pap tomadas,2015-12-01,1,7,58,27,10,103
PELECHUCO,"anticoncepcion, prevencion de its y de cancer de cuello uterino",numero de mujeres con muestras de pap tomadas,2015-12-01,0,5,43,18,12,78
POCOATA,"anticoncepcion, prevencion de its y de cancer de cuello uterino",numero de mujeres con muestras de pap tomadas,2015-12-01,1,4,25,38,3,71
POCONA,"anticoncepcion, prevencion de its y de cancer de cuello uterino",numero de mujeres con muestras de pap tomadas,2015-12-01,0,3,16,10,2,31
POJO (CBBA),"anticoncepcion, prevencion de its y de cancer de cuello uterino",numero de mujeres con muestras de pap tomadas,2015-12-01,0,2,9,8,2,21
POOPO,"anticoncepcion, prevencion de its y de cancer de cuello uterino",numero de mujeres con muestras de pap tomadas,2015-12-01,0,0,1,0,0,1
PORCO,"anticoncepcion, prevencion de its y de cancer de cuello uterino",numero de mujeres con muestras de pap tomadas,2015-12-01,0,1,6,0,0,7
POROMA,"anticoncepcion, prevencion de its y de cancer de cuello uterino",numero de mujeres con muestras de pap tomadas,2015-12-01,0,12,29,28,8,77
PORONGO,"anticoncepcion, prevencion de its y de cancer de cuello uterino",numero de mujeres con muestras de pap tomadas,2015-12-01,0,3,6,3,0,12
PORTACHUELO,"anticoncepcion, prevencion de its y de cancer de cuello uterino",numero de mujeres con muestras de pap tomadas,2015-12-01,0,1,15,7,1,24
PORVENIR,"anticoncepcion, prevencion de its y de cancer de cuello uterino",numero de mujeres con muestras de pap tomadas,2015-12-01,0,0,1,0,0,1
POSTRER VALLE,"anticoncepcion, prevencion de its y de cancer de cuello uterino",numero de mujeres con muestras de pap tomadas,2015-12-01,0,0,1,3,0,4
POTOSI,"anticoncepcion, prevencion de its y de cancer de cuello uterino",numero de mujeres con muestras de pap tomadas,2015-12-01,0,33,320,325,25,703
PRESTO,"anticoncepcion, prevencion de its y de cancer de cuello uterino",numero de mujeres con muestras de pap tomadas,2015-12-01,1,7,17,2,0,27
PUCARA,"anticoncepcion, prevencion de its y de cancer de cuello uterino",numero de mujeres con muestras de pap tomadas,2015-12-01,0,0,1,0,1,2
PUCARANI,"anticoncepcion, prevencion de its y de cancer de cuello uterino",numero de mujeres con muestras de pap tomadas,2015-12-01,1,5,62,45,14,127
PUERTO ACOSTA,"anticoncepcion, prevencion de its y de cancer de cuello uterino",numero de mujeres con muestras de pap tomadas,2015-12-01,0,3,10,5,1,19
PUERTO CARABUCO,"anticoncepcion, prevencion de its y de cancer de cuello uterino",numero de mujeres con muestras de pap tomadas,2015-12-01,0,3,10,0,2,15
PUERTO GONZALO MORENO,"anticoncepcion, prevencion de its y de cancer de cuello uterino",numero de mujeres con muestras de pap tomadas,2015-12-01,0,1,4,0,0,5
PUERTO PEREZ,"anticoncepcion, prevencion de its y de cancer de cuello uterino",numero de mujeres con muestras de pap tomadas,2015-12-01,1,4,9,6,1,21
PUERTO QUIJARRO,"anticoncepcion, prevencion de its y de cancer de cuello uterino",numero de mujeres con muestras de pap tomadas,2015-12-01,0,0,4,3,1,8
PUERTO RICO,"anticoncepcion, prevencion de its y de cancer de cuello uterino",numero de mujeres con muestras de pap tomadas,2015-12-01,0,3,8,3,2,16
PUERTO SILES,"anticoncepcion, prevencion de its y de cancer de cuello uterino",numero de mujeres con muestras de pap tomadas,2015-12-01,0,0,2,0,0,2
PUERTO SUAREZ,"anticoncepcion, prevencion de its y de cancer de cuello uterino",numero de mujeres con muestras de pap tomadas,2015-12-01,0,0,2,2,0,4
PUERTO VILLARROEL,"anticoncepcion, prevencion de its y de cancer de cuello uterino",numero de mujeres con muestras de pap tomadas,2015-12-01,2,26,62,24,3,117
PUNA,"anticoncepcion, prevencion de its y de cancer de cuello uterino",numero de mujeres con muestras de pap tomadas,2015-12-01,0,11,29,13,13,66
PUNATA,"anticoncepcion, prevencion de its y de cancer de cuello uterino",numero de mujeres con muestras de pap tomadas,2015-12-01,0,7,58,31,14,110
QUILLACOLLO,"anticoncepcion, prevencion de its y de cancer de cuello uterino",numero de mujeres con muestras de pap tomadas,2015-12-01,0,43,166,120,48,377
QUIME,"anticoncepcion, prevencion de its y de cancer de cuello uterino",numero de mujeres con muestras de pap tomadas,2015-12-01,0,1,6,0,0,7
QUIRUSILLAS,"anticoncepcion, prevencion de its y de cancer de cuello uterino",numero de mujeres con muestras de pap tomadas,2015-12-01,0,1,5,4,1,11
RAVELO,"anticoncepcion, prevencion de its y de cancer de cuello uterino",numero de mujeres con muestras de pap tomadas,2015-12-01,1,2,34,52,15,104
RIBERALTA,"anticoncepcion, prevencion de its y de cancer de cuello uterino",numero de mujeres con muestras de pap tomadas,2015-12-01,1,20,64,42,12,139
ROBORE,"anticoncepcion, prevencion de its y de cancer de cuello uterino",numero de mujeres con muestras de pap tomadas,2015-12-01,0,0,1,3,0,4
RURRENABAQUE,"anticoncepcion, prevencion de its y de cancer de cuello uterino",numero de mujeres con muestras de pap tomadas,2015-12-01,0,2,21,8,3,34
SABAYA,"anticoncepcion, prevencion de its y de cancer de cuello uterino",numero de mujeres con muestras de pap tomadas,2015-12-01,0,0,0,1,0,1
SACABA,"anticoncepcion, prevencion de its y de cancer de cuello uterino",numero de mujeres con muestras de pap tomadas,2015-12-01,1,37,261,78,26,403
SACABAMBA,"anticoncepcion, prevencion de its y de cancer de cuello uterino",numero de mujeres con muestras de pap tomadas,2015-12-01,0,0,2,2,2,6
SACACA,"anticoncepcion, prevencion de its y de cancer de cuello uterino",numero de mujeres con muestras de pap tomadas,2015-12-01,0,1,15,10,2,28
SAIPINA,"anticoncepcion, prevencion de its y de cancer de cuello uterino",numero de mujeres con muestras de pap tomadas,2015-12-01,0,1,20,11,2,34
SALINAS DE GARCI MENDOZA,"anticoncepcion, prevencion de its y de cancer de cuello uterino",numero de mujeres con muestras de pap tomadas,2015-12-01,0,4,15,6,8,33
SAMAIPATA,"anticoncepcion, prevencion de its y de cancer de cuello uterino",numero de mujeres con muestras de pap tomadas,2015-12-01,1,1,5,3,0,10
SAN AGUSTIN,"anticoncepcion, prevencion de its y de cancer de cuello uterino",numero de mujeres con muestras de pap tomadas,2015-12-01,0,0,2,0,0,2
SAN ANDRES DE MACHACA,"anticoncepcion, prevencion de its y de cancer de cuello uterino",numero de mujeres con muestras de pap tomadas,2015-12-01,0,1,7,4,4,16
SAN ANTONIO DE ESMORUCO,"anticoncepcion, prevencion de its y de cancer de cuello uterino",numero de mujeres con muestras de pap tomadas,2015-12-01,0,0,5,3,0,8
SAN ANTONIO DE LOMERIO,"anticoncepcion, prevencion de its y de cancer de cuello uterino",numero de mujeres con muestras de pap tomadas,2015-12-01,0,0,1,0,0,1
SAN BENITO,"anticoncepcion, prevencion de its y de cancer de cuello uterino",numero de mujeres con muestras de pap tomadas,2015-12-01,0,0,10,2,1,13
SAN BORJA,"anticoncepcion, prevencion de its y de cancer de cuello uterino",numero de mujeres con muestras de pap tomadas,2015-12-01,0,0,3,0,0,3
SAN BUENA VENTURA,"anticoncepcion, prevencion de its y de cancer de cuello uterino",numero de mujeres con muestras de pap tomadas,2015-12-01,0,0,3,3,0,6
SAN CARLOS,"anticoncepcion, prevencion de its y de cancer de cuello uterino",numero de mujeres con muestras de pap tomadas,2015-12-01,0,3,8,5,1,17
SAN IGNACIO,"anticoncepcion, prevencion de its y de cancer de cuello uterino",numero de mujeres con muestras de pap tomadas,2015-12-01,1,7,15,8,2,33
SAN IGNACIO DE VELASCO,"anticoncepcion, prevencion de its y de cancer de cuello uterino",numero de mujeres con muestras de pap tomadas,2015-12-01,0,5,38,14,2,59
SAN JAVIER(STC),"anticoncepcion, prevencion de its y de cancer de cuello uterino",numero de mujeres con muestras de pap tomadas,2015-12-01,0,0,4,3,0,7
SAN JOSE DE CHIQUITOS,"anticoncepcion, prevencion de its y de cancer de cuello uterino",numero de mujeres con muestras de pap tomadas,2015-12-01,0,2,13,5,2,22
SAN JUAN DE YAPACANI,"anticoncepcion, prevencion de its y de cancer de cuello uterino",numero de mujeres con muestras de pap tomadas,2015-12-01,9,10,17,24,10,70
SAN JULIAN,"anticoncepcion, prevencion de its y de cancer de cuello uterino",numero de mujeres con muestras de pap tomadas,2015-12-01,0,3,21,16,1,41
SAN LORENZO(PND),"anticoncepcion, prevencion de its y de cancer de cuello uterino",numero de mujeres con muestras de pap tomadas,2015-12-01,0,1,2,2,0,5
SAN LORENZO(TJA),"anticoncepcion, prevencion de its y de cancer de cuello uterino",numero de mujeres con muestras de pap tomadas,2015-12-01,0,3,23,37,11,74
SAN LUCAS,"anticoncepcion, prevencion de its y de cancer de cuello uterino",numero de mujeres con muestras de pap tomadas,2015-12-01,0,8,78,62,20,168
SAN MIGUEL DE VELASCO,"anticoncepcion, prevencion de its y de cancer de cuello uterino",numero de mujeres con muestras de pap tomadas,2015-12-01,0,6,21,16,0,43
SAN PEDRO,"anticoncepcion, prevencion de its y de cancer de cuello uterino",numero de mujeres con muestras de pap tomadas,2015-12-01,0,0,15,14,4,33
SAN PEDRO DE BUENA VISTA,"anticoncepcion, prevencion de its y de cancer de cuello uterino",numero de mujeres con muestras de pap tomadas,2015-12-01,0,11,19,4,1,35
SAN PEDRO DE CURAHUARA,"anticoncepcion, prevencion de its y de cancer de cuello uterino",numero de mujeres con muestras de pap tomadas,2015-12-01,0,0,3,1,1,5
SAN PEDRO DE TIQUINA,"anticoncepcion, prevencion de its y de cancer de cuello uterino",numero de mujeres con muestras de pap tomadas,2015-12-01,0,2,6,5,0,13
SAN RAFAEL,"anticoncepcion, prevencion de its y de cancer de cuello uterino",numero de mujeres con muestras de pap tomadas,2015-12-01,0,0,1,0,0,1
SAN RAMON BENI,"anticoncepcion, prevencion de its y de cancer de cuello uterino",numero de mujeres con muestras de pap tomadas,2015-12-01,1,3,3,2,0,9
SAN RAMON SCZ,"anticoncepcion, prevencion de its y de cancer de cuello uterino",numero de mujeres con muestras de pap tomadas,2015-12-01,0,0,0,4,0,4
SANTA ANA,"anticoncepcion, prevencion de its y de cancer de cuello uterino",numero de mujeres con muestras de pap tomadas,2015-12-01,0,0,1,0,0,1
SANTA CRUZ DE LA SIERRA,"anticoncepcion, prevencion de its y de cancer de cuello uterino",numero de mujeres con muestras de pap tomadas,2015-12-01,21,380,1496,1189,399,3485
SANTA ROSA DEL SARA,"anticoncepcion, prevencion de its y de cancer de cuello uterino",numero de mujeres con muestras de pap tomadas,2015-12-01,0,5,13,3,0,21
SANTIAGO DE HUARI,"anticoncepcion, prevencion de its y de cancer de cuello uterino",numero de mujeres con muestras de pap tomadas,2015-12-01,0,11,75,21,8,115
SANTIAGO DE HUATA,"anticoncepcion, prevencion de its y de cancer de cuello uterino",numero de mujeres con muestras de pap tomadas,2015-12-01,0,0,3,4,8,15
SANTIAGO DE MACHACA,"anticoncepcion, prevencion de its y de cancer de cuello uterino",numero de mujeres con muestras de pap tomadas,2015-12-01,0,0,1,3,2,6
SANTIVAÑES,"anticoncepcion, prevencion de its y de cancer de cuello uterino",numero de mujeres con muestras de pap tomadas,2015-12-01,0,0,5,1,0,6
SAPAHAQUI,"anticoncepcion, prevencion de its y de cancer de cuello uterino",numero de mujeres con muestras de pap tomadas,2015-12-01,0,0,3,2,0,5
SENA,"anticoncepcion, prevencion de its y de cancer de cuello uterino",numero de mujeres con muestras de pap tomadas,2015-12-01,0,2,2,1,0,5
SHINAOTA,"anticoncepcion, prevencion de its y de cancer de cuello uterino",numero de mujeres con muestras de pap tomadas,2015-12-01,0,5,10,6,0,21
SICA SICA (VILLA AROMA),"anticoncepcion, prevencion de its y de cancer de cuello uterino",numero de mujeres con muestras de pap tomadas,2015-12-01,0,3,23,6,7,39
SICAYA,"anticoncepcion, prevencion de its y de cancer de cuello uterino",numero de mujeres con muestras de pap tomadas,2015-12-01,0,0,2,0,0,2
SIPE SIPE,"anticoncepcion, prevencion de its y de cancer de cuello uterino",numero de mujeres con muestras de pap tomadas,2015-12-01,0,9,20,10,0,39
SOPACHUY,"anticoncepcion, prevencion de its y de cancer de cuello uterino",numero de mujeres con muestras de pap tomadas,2015-12-01,0,5,5,5,0,15
SORACACHI,"anticoncepcion, prevencion de its y de cancer de cuello uterino",numero de mujeres con muestras de pap tomadas,2015-12-01,0,1,24,20,0,45
SORATA,"anticoncepcion, prevencion de its y de cancer de cuello uterino",numero de mujeres con muestras de pap tomadas,2015-12-01,0,0,0,1,0,1
SUCRE,"anticoncepcion, prevencion de its y de cancer de cuello uterino",numero de mujeres con muestras de pap tomadas,2015-12-01,0,154,1180,750,112,2196
TACACOMA,"anticoncepcion, prevencion de its y de cancer de cuello uterino",numero de mujeres con muestras de pap tomadas,2015-12-01,0,2,33,23,9,67
TACOBAMBA,"anticoncepcion, prevencion de its y de cancer de cuello uterino",numero de mujeres con muestras de pap tomadas,2015-12-01,1,2,8,8,9,28
TACOPAYA,"anticoncepcion, prevencion de its y de cancer de cuello uterino",numero de mujeres con muestras de pap tomadas,2015-12-01,0,0,3,4,0,7
TAPACARI,"anticoncepcion, prevencion de its y de cancer de cuello uterino",numero de mujeres con muestras de pap tomadas,2015-12-01,0,5,13,6,0,24
TARABUCO,"anticoncepcion, prevencion de its y de cancer de cuello uterino",numero de mujeres con muestras de pap tomadas,2015-12-01,0,0,2,4,0,6
TARACO,"anticoncepcion, prevencion de its y de cancer de cuello uterino",numero de mujeres con muestras de pap tomadas,2015-12-01,0,1,6,3,1,11
TARATA,"anticoncepcion, prevencion de its y de cancer de cuello uterino",numero de mujeres con muestras de pap tomadas,2015-12-01,1,0,10,3,2,16
TARIJA,"anticoncepcion, prevencion de its y de cancer de cuello uterino",numero de mujeres con muestras de pap tomadas,2015-12-01,1,51,419,347,132,950
TARVITA,"anticoncepcion, prevencion de its y de cancer de cuello uterino",numero de mujeres con muestras de pap tomadas,2015-12-01,0,1,4,4,0,9
TEOPONTE,"anticoncepcion, prevencion de its y de cancer de cuello uterino",numero de mujeres con muestras de pap tomadas,2015-12-01,0,0,3,3,0,6
TIAWANACU,"anticoncepcion, prevencion de its y de cancer de cuello uterino",numero de mujeres con muestras de pap tomadas,2015-12-01,0,6,31,14,7,58
TINGUIPAYA,"anticoncepcion, prevencion de its y de cancer de cuello uterino",numero de mujeres con muestras de pap tomadas,2015-12-01,0,2,19,15,5,41
TIPUANI,"anticoncepcion, prevencion de its y de cancer de cuello uterino",numero de mujeres con muestras de pap tomadas,2015-12-01,0,2,11,5,0,18
TIQUIPAYA,"anticoncepcion, prevencion de its y de cancer de cuello uterino",numero de mujeres con muestras de pap tomadas,2015-12-01,1,6,41,21,2,71
TIRAQUE (CBBA),"anticoncepcion, prevencion de its y de cancer de cuello uterino",numero de mujeres con muestras de pap tomadas,2015-12-01,0,4,11,7,0,22
TOCO,"anticoncepcion, prevencion de its y de cancer de cuello uterino",numero de mujeres con muestras de pap tomadas,2015-12-01,0,2,8,2,1,13
TOLATA,"anticoncepcion, prevencion de its y de cancer de cuello uterino",numero de mujeres con muestras de pap tomadas,2015-12-01,0,0,9,2,1,12
TOLEDO,"anticoncepcion, prevencion de its y de cancer de cuello uterino",numero de mujeres con muestras de pap tomadas,2015-12-01,0,0,2,0,0,2
TOMAVE,"anticoncepcion, prevencion de its y de cancer de cuello uterino",numero de mujeres con muestras de pap tomadas,2015-12-01,0,1,5,6,4,16
TORO TORO,"anticoncepcion, prevencion de its y de cancer de cuello uterino",numero de mujeres con muestras de pap tomadas,2015-12-01,0,10,35,22,4,71
TOTORA(CBBA),"anticoncepcion, prevencion de its y de cancer de cuello uterino",numero de mujeres con muestras de pap tomadas,2015-12-01,0,8,30,6,1,45
TOTORA(ORR),"anticoncepcion, prevencion de its y de cancer de cuello uterino",numero de mujeres con muestras de pap tomadas,2015-12-01,0,0,12,6,1,19
TRIGAL,"anticoncepcion, prevencion de its y de cancer de cuello uterino",numero de mujeres con muestras de pap tomadas,2015-12-01,0,2,3,1,0,6
TRINIDAD,"anticoncepcion, prevencion de its y de cancer de cuello uterino",numero de mujeres con muestras de pap tomadas,2015-12-01,0,17,127,58,24,226
TUPIZA,"anticoncepcion, prevencion de its y de cancer de cuello uterino",numero de mujeres con muestras de pap tomadas,2015-12-01,1,15,73,66,39,194
TURCO,"anticoncepcion, prevencion de its y de cancer de cuello uterino",numero de mujeres con muestras de pap tomadas,2015-12-01,0,0,6,0,2,8
UMALA,"anticoncepcion, prevencion de its y de cancer de cuello uterino",numero de mujeres con muestras de pap tomadas,2015-12-01,0,4,19,13,9,45
UNCIA,"anticoncepcion, prevencion de its y de cancer de cuello uterino",numero de mujeres con muestras de pap tomadas,2015-12-01,0,0,4,0,0,4
URIONDO (A. CONCEPCION),"anticoncepcion, prevencion de its y de cancer de cuello uterino",numero de mujeres con muestras de pap tomadas,2015-12-01,0,6,16,23,8,53
URUBICHA,"anticoncepcion, prevencion de its y de cancer de cuello uterino",numero de mujeres con muestras de pap tomadas,2015-12-01,1,0,3,1,0,5
UYUNI,"anticoncepcion, prevencion de its y de cancer de cuello uterino",numero de mujeres con muestras de pap tomadas,2015-12-01,0,2,39,27,9,77
VACAS,"anticoncepcion, prevencion de its y de cancer de cuello uterino",numero de mujeres con muestras de pap tomadas,2015-12-01,0,0,1,0,1,2
VALLEGRANDE,"anticoncepcion, prevencion de its y de cancer de cuello uterino",numero de mujeres con muestras de pap tomadas,2015-12-01,0,17,43,34,25,119
VIACHA,"anticoncepcion, prevencion de its y de cancer de cuello uterino",numero de mujeres con muestras de pap tomadas,2015-12-01,8,9,80,36,12,145
VILA VILA,"anticoncepcion, prevencion de its y de cancer de cuello uterino",numero de mujeres con muestras de pap tomadas,2015-12-01,0,0,1,2,0,3
VILLA CHARCAS,"anticoncepcion, prevencion de its y de cancer de cuello uterino",numero de mujeres con muestras de pap tomadas,2015-12-01,1,8,17,10,0,36
VILLA MONTES,"anticoncepcion, prevencion de its y de cancer de cuello uterino",numero de mujeres con muestras de pap tomadas,2015-12-01,0,15,122,58,25,220
VILLA NUEVA (LOMA ALTA),"anticoncepcion, prevencion de its y de cancer de cuello uterino",numero de mujeres con muestras de pap tomadas,2015-12-01,0,15,33,12,0,60
VILLA RIVERO,"anticoncepcion, prevencion de its y de cancer de cuello uterino",numero de mujeres con muestras de pap tomadas,2015-12-01,0,0,7,4,2,13
VILLA SERRANO,"anticoncepcion, prevencion de its y de cancer de cuello uterino",numero de mujeres con muestras de pap tomadas,2015-12-01,0,5,16,9,1,31
VILLA TUNARI,"anticoncepcion, prevencion de its y de cancer de cuello uterino",numero de mujeres con muestras de pap tomadas,2015-12-01,0,7,66,26,4,103
VILLA VACA GUZMAN (MUYUPAMPA),"anticoncepcion, prevencion de its y de cancer de cuello uterino",numero de mujeres con muestras de pap tomadas,2015-12-01,0,1,12,7,0,20
VILLAZON,"anticoncepcion, prevencion de its y de cancer de cuello uterino",numero de mujeres con muestras de pap tomadas,2015-12-01,1,11,98,78,33,221
VINTO,"anticoncepcion, prevencion de its y de cancer de cuello uterino",numero de mujeres con muestras de pap tomadas,2015-12-01,3,4,51,18,14,90
VITICHI,"anticoncepcion, prevencion de its y de cancer de cuello uterino",numero de mujeres con muestras de pap tomadas,2015-12-01,0,3,11,13,8,35
WALDO BALLIVIAN,"anticoncepcion, prevencion de its y de cancer de cuello uterino",numero de mujeres con muestras de pap tomadas,2015-12-01,0,0,1,1,1,3
WARNES,"anticoncepcion, prevencion de its y de cancer de cuello uterino",numero de mujeres con muestras de pap tomadas,2015-12-01,0,21,80,22,7,130
YACO,"anticoncepcion, prevencion de its y de cancer de cuello uterino",numero de mujeres con muestras de pap tomadas,2015-12-01,0,0,16,8,3,27
YACUIBA,"anticoncepcion, prevencion de its y de cancer de cuello uterino",numero de mujeres con muestras de pap tomadas,2015-12-01,3,26,135,130,49,343
YAMPARAEZ,"anticoncepcion, prevencion de its y de cancer de cuello uterino",numero de mujeres con muestras de pap tomadas,2015-12-01,0,1,0,3,0,4
YANACACHI,"anticoncepcion, prevencion de its y de cancer de cuello uterino",numero de mujeres con muestras de pap tomadas,2015-12-01,0,0,6,10,2,18
YAPACANI,"anticoncepcion, prevencion de its y de cancer de cuello uterino",numero de mujeres con muestras de pap tomadas,2015-12-01,1,36,143,50,13,243
YOCALLA,"anticoncepcion, prevencion de its y de cancer de cuello uterino",numero de mujeres con muestras de pap tomadas,2015-12-01,0,2,4,4,1,11
YOTALA,"anticoncepcion, prevencion de its y de cancer de cuello uterino",numero de mujeres con muestras de pap tomadas,2015-12-01,0,4,19,28,8,59
YUNCHARA,"anticoncepcion, prevencion de its y de cancer de cuello uterino",numero de mujeres con muestras de pap tomadas,2015-12-01,0,0,5,2,2,9
ZUDAÑEZ,"anticoncepcion, prevencion de its y de cancer de cuello uterino",numero de mujeres con muestras de pap tomadas,2015-12-01,0,4,5,7,8,24
