municipality,group,variable,month,Número de mujeres con píldora anticonceptiva oral de emergencia,Número de mujeres con píldora anticonceptiva oral de emergencia1,Número de mujeres con píldora anticonceptiva oral de emergencia2,Número de mujeres con píldora anticonceptiva oral de emergencia3,Número de mujeres con píldora anticonceptiva oral de emergencia4,TOTAL
AIQUILE,"anticoncepcion, prevencion de its y de cancer de cuello uterino",numero de mujeres con pildora anticonceptiva oral de emergencia,2015-01-01,0,0,1,0,0,1
ALCALA,"anticoncepcion, prevencion de its y de cancer de cuello uterino",numero de mujeres con pildora anticonceptiva oral de emergencia,2015-01-01,1,2,3,0,0,6
ANCORAIMES,"anticoncepcion, prevencion de its y de cancer de cuello uterino",numero de mujeres con pildora anticonceptiva oral de emergencia,2015-01-01,1,0,0,0,0,1
BELLA FLOR,"anticoncepcion, prevencion de its y de cancer de cuello uterino",numero de mujeres con pildora anticonceptiva oral de emergencia,2015-01-01,0,1,0,0,0,1
BETANZOS,"anticoncepcion, prevencion de its y de cancer de cuello uterino",numero de mujeres con pildora anticonceptiva oral de emergencia,2015-01-01,0,0,1,0,0,1
"CAIZA ""D""","anticoncepcion, prevencion de its y de cancer de cuello uterino",numero de mujeres con pildora anticonceptiva oral de emergencia,2015-01-01,0,0,1,0,0,1
CAJUATA,"anticoncepcion, prevencion de its y de cancer de cuello uterino",numero de mujeres con pildora anticonceptiva oral de emergencia,2015-01-01,0,1,1,0,0,2
CALAMARCA,"anticoncepcion, prevencion de its y de cancer de cuello uterino",numero de mujeres con pildora anticonceptiva oral de emergencia,2015-01-01,0,0,1,0,0,1
CHALLAPATA,"anticoncepcion, prevencion de its y de cancer de cuello uterino",numero de mujeres con pildora anticonceptiva oral de emergencia,2015-01-01,0,1,1,0,0,2
CHARAGUA,"anticoncepcion, prevencion de its y de cancer de cuello uterino",numero de mujeres con pildora anticonceptiva oral de emergencia,2015-01-01,0,0,1,0,0,1
CHIMORE,"anticoncepcion, prevencion de its y de cancer de cuello uterino",numero de mujeres con pildora anticonceptiva oral de emergencia,2015-01-01,0,0,1,0,0,1
CHUQUIHUTA AYLLU JUCUMANI,"anticoncepcion, prevencion de its y de cancer de cuello uterino",numero de mujeres con pildora anticonceptiva oral de emergencia,2015-01-01,0,0,1,0,0,1
CKOCHAS,"anticoncepcion, prevencion de its y de cancer de cuello uterino",numero de mujeres con pildora anticonceptiva oral de emergencia,2015-01-01,0,0,0,1,0,1
CLIZA,"anticoncepcion, prevencion de its y de cancer de cuello uterino",numero de mujeres con pildora anticonceptiva oral de emergencia,2015-01-01,0,0,1,0,0,1
COCHABAMBA,"anticoncepcion, prevencion de its y de cancer de cuello uterino",numero de mujeres con pildora anticonceptiva oral de emergencia,2015-01-01,2,4,29,19,0,54
COLQUECHACA,"anticoncepcion, prevencion de its y de cancer de cuello uterino",numero de mujeres con pildora anticonceptiva oral de emergencia,2015-01-01,0,0,5,2,0,7
COLQUIRI,"anticoncepcion, prevencion de its y de cancer de cuello uterino",numero de mujeres con pildora anticonceptiva oral de emergencia,2015-01-01,0,3,7,3,0,13
COMBAYA,"anticoncepcion, prevencion de its y de cancer de cuello uterino",numero de mujeres con pildora anticonceptiva oral de emergencia,2015-01-01,0,0,1,0,0,1
CONCEPCION,"anticoncepcion, prevencion de its y de cancer de cuello uterino",numero de mujeres con pildora anticonceptiva oral de emergencia,2015-01-01,0,0,0,1,0,1
CORQUE,"anticoncepcion, prevencion de its y de cancer de cuello uterino",numero de mujeres con pildora anticonceptiva oral de emergencia,2015-01-01,0,0,1,0,0,1
COTAGAITA,"anticoncepcion, prevencion de its y de cancer de cuello uterino",numero de mujeres con pildora anticonceptiva oral de emergencia,2015-01-01,0,0,0,1,0,1
CUATRO CAÑADAS,"anticoncepcion, prevencion de its y de cancer de cuello uterino",numero de mujeres con pildora anticonceptiva oral de emergencia,2015-01-01,0,3,0,0,0,3
CUCHUMUELA (V. G. VILLARROEL),"anticoncepcion, prevencion de its y de cancer de cuello uterino",numero de mujeres con pildora anticonceptiva oral de emergencia,2015-01-01,0,0,2,0,0,2
EL ALTO,"anticoncepcion, prevencion de its y de cancer de cuello uterino",numero de mujeres con pildora anticonceptiva oral de emergencia,2015-01-01,0,3,26,25,12,66
EL PUENTE(TJA),"anticoncepcion, prevencion de its y de cancer de cuello uterino",numero de mujeres con pildora anticonceptiva oral de emergencia,2015-01-01,0,1,0,1,0,2
EUREKA (SANTOS MERCADO),"anticoncepcion, prevencion de its y de cancer de cuello uterino",numero de mujeres con pildora anticonceptiva oral de emergencia,2015-01-01,0,0,1,0,0,1
GENERAL SAAVEDRA,"anticoncepcion, prevencion de its y de cancer de cuello uterino",numero de mujeres con pildora anticonceptiva oral de emergencia,2015-01-01,0,0,1,0,0,1
GUANAY,"anticoncepcion, prevencion de its y de cancer de cuello uterino",numero de mujeres con pildora anticonceptiva oral de emergencia,2015-01-01,0,1,0,0,0,1
GUAYARAMERIN,"anticoncepcion, prevencion de its y de cancer de cuello uterino",numero de mujeres con pildora anticonceptiva oral de emergencia,2015-01-01,0,6,10,0,0,16
GUTIERREZ,"anticoncepcion, prevencion de its y de cancer de cuello uterino",numero de mujeres con pildora anticonceptiva oral de emergencia,2015-01-01,0,2,11,5,0,18
HUAYLLAMARCA,"anticoncepcion, prevencion de its y de cancer de cuello uterino",numero de mujeres con pildora anticonceptiva oral de emergencia,2015-01-01,0,0,1,0,0,1
ICLA,"anticoncepcion, prevencion de its y de cancer de cuello uterino",numero de mujeres con pildora anticonceptiva oral de emergencia,2015-01-01,0,0,2,0,0,2
INCAHUASI,"anticoncepcion, prevencion de its y de cancer de cuello uterino",numero de mujeres con pildora anticonceptiva oral de emergencia,2015-01-01,0,1,0,0,0,1
INQUISIVI,"anticoncepcion, prevencion de its y de cancer de cuello uterino",numero de mujeres con pildora anticonceptiva oral de emergencia,2015-01-01,0,5,6,2,0,13
LA PAZ,"anticoncepcion, prevencion de its y de cancer de cuello uterino",numero de mujeres con pildora anticonceptiva oral de emergencia,2015-01-01,0,1,18,0,0,19
LAS CARRERAS,"anticoncepcion, prevencion de its y de cancer de cuello uterino",numero de mujeres con pildora anticonceptiva oral de emergencia,2015-01-01,0,1,0,0,0,1
LORETO,"anticoncepcion, prevencion de its y de cancer de cuello uterino",numero de mujeres con pildora anticonceptiva oral de emergencia,2015-01-01,0,0,3,0,0,3
MACHARETI,"anticoncepcion, prevencion de its y de cancer de cuello uterino",numero de mujeres con pildora anticonceptiva oral de emergencia,2015-01-01,0,0,1,0,0,1
MAIRANA,"anticoncepcion, prevencion de its y de cancer de cuello uterino",numero de mujeres con pildora anticonceptiva oral de emergencia,2015-01-01,0,3,1,0,0,4
MINEROS,"anticoncepcion, prevencion de its y de cancer de cuello uterino",numero de mujeres con pildora anticonceptiva oral de emergencia,2015-01-01,0,0,1,2,0,3
MONTERO,"anticoncepcion, prevencion de its y de cancer de cuello uterino",numero de mujeres con pildora anticonceptiva oral de emergencia,2015-01-01,0,0,2,1,0,3
OCURI,"anticoncepcion, prevencion de its y de cancer de cuello uterino",numero de mujeres con pildora anticonceptiva oral de emergencia,2015-01-01,0,0,3,0,0,3
ORURO,"anticoncepcion, prevencion de its y de cancer de cuello uterino",numero de mujeres con pildora anticonceptiva oral de emergencia,2015-01-01,0,0,1,0,0,1
PADCAYA,"anticoncepcion, prevencion de its y de cancer de cuello uterino",numero de mujeres con pildora anticonceptiva oral de emergencia,2015-01-01,0,0,1,0,0,1
PADILLA,"anticoncepcion, prevencion de its y de cancer de cuello uterino",numero de mujeres con pildora anticonceptiva oral de emergencia,2015-01-01,0,0,1,0,0,1
PALCA,"anticoncepcion, prevencion de its y de cancer de cuello uterino",numero de mujeres con pildora anticonceptiva oral de emergencia,2015-01-01,0,0,1,0,0,1
POCOATA,"anticoncepcion, prevencion de its y de cancer de cuello uterino",numero de mujeres con pildora anticonceptiva oral de emergencia,2015-01-01,0,1,2,2,0,5
POROMA,"anticoncepcion, prevencion de its y de cancer de cuello uterino",numero de mujeres con pildora anticonceptiva oral de emergencia,2015-01-01,0,0,1,0,0,1
POTOSI,"anticoncepcion, prevencion de its y de cancer de cuello uterino",numero de mujeres con pildora anticonceptiva oral de emergencia,2015-01-01,0,1,0,0,0,1
PRESTO,"anticoncepcion, prevencion de its y de cancer de cuello uterino",numero de mujeres con pildora anticonceptiva oral de emergencia,2015-01-01,0,4,1,0,0,5
PUERTO RICO,"anticoncepcion, prevencion de its y de cancer de cuello uterino",numero de mujeres con pildora anticonceptiva oral de emergencia,2015-01-01,0,5,3,0,0,8
REYES,"anticoncepcion, prevencion de its y de cancer de cuello uterino",numero de mujeres con pildora anticonceptiva oral de emergencia,2015-01-01,0,2,0,0,0,2
SACABA,"anticoncepcion, prevencion de its y de cancer de cuello uterino",numero de mujeres con pildora anticonceptiva oral de emergencia,2015-01-01,0,1,3,0,0,4
SAN IGNACIO,"anticoncepcion, prevencion de its y de cancer de cuello uterino",numero de mujeres con pildora anticonceptiva oral de emergencia,2015-01-01,0,3,13,5,0,21
SAN JOAQUIN,"anticoncepcion, prevencion de its y de cancer de cuello uterino",numero de mujeres con pildora anticonceptiva oral de emergencia,2015-01-01,0,0,4,0,0,4
SAN JOSE DE CHIQUITOS,"anticoncepcion, prevencion de its y de cancer de cuello uterino",numero de mujeres con pildora anticonceptiva oral de emergencia,2015-01-01,0,2,4,2,0,8
SAN JUAN DE YAPACANI,"anticoncepcion, prevencion de its y de cancer de cuello uterino",numero de mujeres con pildora anticonceptiva oral de emergencia,2015-01-01,0,0,1,0,0,1
SAN JULIAN,"anticoncepcion, prevencion de its y de cancer de cuello uterino",numero de mujeres con pildora anticonceptiva oral de emergencia,2015-01-01,0,1,2,0,0,3
SAN LUCAS,"anticoncepcion, prevencion de its y de cancer de cuello uterino",numero de mujeres con pildora anticonceptiva oral de emergencia,2015-01-01,0,0,4,0,0,4
SAN MATIAS,"anticoncepcion, prevencion de its y de cancer de cuello uterino",numero de mujeres con pildora anticonceptiva oral de emergencia,2015-01-01,0,7,7,0,0,14
SAN PEDRO,"anticoncepcion, prevencion de its y de cancer de cuello uterino",numero de mujeres con pildora anticonceptiva oral de emergencia,2015-01-01,0,0,2,0,0,2
SAN PEDRO DE CURAHUARA,"anticoncepcion, prevencion de its y de cancer de cuello uterino",numero de mujeres con pildora anticonceptiva oral de emergencia,2015-01-01,0,0,1,0,0,1
SAN RAFAEL,"anticoncepcion, prevencion de its y de cancer de cuello uterino",numero de mujeres con pildora anticonceptiva oral de emergencia,2015-01-01,0,1,1,0,0,2
SANTA CRUZ DE LA SIERRA,"anticoncepcion, prevencion de its y de cancer de cuello uterino",numero de mujeres con pildora anticonceptiva oral de emergencia,2015-01-01,5,20,91,11,0,127
SICA SICA (VILLA AROMA),"anticoncepcion, prevencion de its y de cancer de cuello uterino",numero de mujeres con pildora anticonceptiva oral de emergencia,2015-01-01,0,2,0,0,0,2
SUCRE,"anticoncepcion, prevencion de its y de cancer de cuello uterino",numero de mujeres con pildora anticonceptiva oral de emergencia,2015-01-01,0,1,6,1,0,8
TARABUCO,"anticoncepcion, prevencion de its y de cancer de cuello uterino",numero de mujeres con pildora anticonceptiva oral de emergencia,2015-01-01,0,0,5,0,0,5
TARIJA,"anticoncepcion, prevencion de its y de cancer de cuello uterino",numero de mujeres con pildora anticonceptiva oral de emergencia,2015-01-01,0,6,9,3,0,18
TARVITA,"anticoncepcion, prevencion de its y de cancer de cuello uterino",numero de mujeres con pildora anticonceptiva oral de emergencia,2015-01-01,0,0,1,0,0,1
TIPUANI,"anticoncepcion, prevencion de its y de cancer de cuello uterino",numero de mujeres con pildora anticonceptiva oral de emergencia,2015-01-01,0,0,8,4,0,12
TOMAVE,"anticoncepcion, prevencion de its y de cancer de cuello uterino",numero de mujeres con pildora anticonceptiva oral de emergencia,2015-01-01,0,1,0,0,0,1
TRINIDAD,"anticoncepcion, prevencion de its y de cancer de cuello uterino",numero de mujeres con pildora anticonceptiva oral de emergencia,2015-01-01,0,0,0,3,0,3
TURCO,"anticoncepcion, prevencion de its y de cancer de cuello uterino",numero de mujeres con pildora anticonceptiva oral de emergencia,2015-01-01,0,0,1,0,0,1
VILLA CHARCAS,"anticoncepcion, prevencion de its y de cancer de cuello uterino",numero de mujeres con pildora anticonceptiva oral de emergencia,2015-01-01,0,0,1,2,0,3
VILLA TUNARI,"anticoncepcion, prevencion de its y de cancer de cuello uterino",numero de mujeres con pildora anticonceptiva oral de emergencia,2015-01-01,0,1,1,0,0,2
VILLA VACA GUZMAN (MUYUPAMPA),"anticoncepcion, prevencion de its y de cancer de cuello uterino",numero de mujeres con pildora anticonceptiva oral de emergencia,2015-01-01,1,0,3,0,0,4
AIQUILE,"anticoncepcion, prevencion de its y de cancer de cuello uterino",numero de mujeres con pildora anticonceptiva oral de emergencia,2015-02-01,0,0,4,0,0,4
ALCALA,"anticoncepcion, prevencion de its y de cancer de cuello uterino",numero de mujeres con pildora anticonceptiva oral de emergencia,2015-02-01,0,0,1,0,0,1
ASCENCION DE GUARAYOS,"anticoncepcion, prevencion de its y de cancer de cuello uterino",numero de mujeres con pildora anticonceptiva oral de emergencia,2015-02-01,0,1,0,0,0,1
BATALLAS,"anticoncepcion, prevencion de its y de cancer de cuello uterino",numero de mujeres con pildora anticonceptiva oral de emergencia,2015-02-01,0,1,1,0,0,2
"CAIZA ""D""","anticoncepcion, prevencion de its y de cancer de cuello uterino",numero de mujeres con pildora anticonceptiva oral de emergencia,2015-02-01,0,0,7,2,1,10
CAJUATA,"anticoncepcion, prevencion de its y de cancer de cuello uterino",numero de mujeres con pildora anticonceptiva oral de emergencia,2015-02-01,0,1,4,0,0,5
CAMARGO,"anticoncepcion, prevencion de its y de cancer de cuello uterino",numero de mujeres con pildora anticonceptiva oral de emergencia,2015-02-01,0,0,4,0,0,4
CARANAVI,"anticoncepcion, prevencion de its y de cancer de cuello uterino",numero de mujeres con pildora anticonceptiva oral de emergencia,2015-02-01,0,1,5,2,0,8
CHALLAPATA,"anticoncepcion, prevencion de its y de cancer de cuello uterino",numero de mujeres con pildora anticonceptiva oral de emergencia,2015-02-01,0,0,1,0,0,1
CHARAGUA,"anticoncepcion, prevencion de its y de cancer de cuello uterino",numero de mujeres con pildora anticonceptiva oral de emergencia,2015-02-01,0,0,1,1,0,2
CHIMORE,"anticoncepcion, prevencion de its y de cancer de cuello uterino",numero de mujeres con pildora anticonceptiva oral de emergencia,2015-02-01,0,1,0,0,0,1
CHUMA,"anticoncepcion, prevencion de its y de cancer de cuello uterino",numero de mujeres con pildora anticonceptiva oral de emergencia,2015-02-01,0,1,0,0,0,1
COBIJA,"anticoncepcion, prevencion de its y de cancer de cuello uterino",numero de mujeres con pildora anticonceptiva oral de emergencia,2015-02-01,0,0,2,0,0,2
COCHABAMBA,"anticoncepcion, prevencion de its y de cancer de cuello uterino",numero de mujeres con pildora anticonceptiva oral de emergencia,2015-02-01,2,8,23,15,0,48
CORIPATA,"anticoncepcion, prevencion de its y de cancer de cuello uterino",numero de mujeres con pildora anticonceptiva oral de emergencia,2015-02-01,0,0,1,0,0,1
CUCHUMUELA (V. G. VILLARROEL),"anticoncepcion, prevencion de its y de cancer de cuello uterino",numero de mujeres con pildora anticonceptiva oral de emergencia,2015-02-01,0,0,2,0,0,2
EL ALTO,"anticoncepcion, prevencion de its y de cancer de cuello uterino",numero de mujeres con pildora anticonceptiva oral de emergencia,2015-02-01,0,6,31,3,0,40
EL PUENTE(STC),"anticoncepcion, prevencion de its y de cancer de cuello uterino",numero de mujeres con pildora anticonceptiva oral de emergencia,2015-02-01,0,0,1,0,0,1
EL TORNO,"anticoncepcion, prevencion de its y de cancer de cuello uterino",numero de mujeres con pildora anticonceptiva oral de emergencia,2015-02-01,0,1,0,0,0,1
ENTRE RIOS TRJ,"anticoncepcion, prevencion de its y de cancer de cuello uterino",numero de mujeres con pildora anticonceptiva oral de emergencia,2015-02-01,0,0,1,0,0,1
GENERAL SAAVEDRA,"anticoncepcion, prevencion de its y de cancer de cuello uterino",numero de mujeres con pildora anticonceptiva oral de emergencia,2015-02-01,0,1,0,0,0,1
HUACARETA,"anticoncepcion, prevencion de its y de cancer de cuello uterino",numero de mujeres con pildora anticonceptiva oral de emergencia,2015-02-01,0,0,1,0,0,1
ICLA,"anticoncepcion, prevencion de its y de cancer de cuello uterino",numero de mujeres con pildora anticonceptiva oral de emergencia,2015-02-01,0,2,0,0,0,2
LA ASUNTA,"anticoncepcion, prevencion de its y de cancer de cuello uterino",numero de mujeres con pildora anticonceptiva oral de emergencia,2015-02-01,0,0,3,0,0,3
LA PAZ,"anticoncepcion, prevencion de its y de cancer de cuello uterino",numero de mujeres con pildora anticonceptiva oral de emergencia,2015-02-01,0,29,112,1,0,142
MACHARETI,"anticoncepcion, prevencion de its y de cancer de cuello uterino",numero de mujeres con pildora anticonceptiva oral de emergencia,2015-02-01,0,0,1,0,0,1
ORURO,"anticoncepcion, prevencion de its y de cancer de cuello uterino",numero de mujeres con pildora anticonceptiva oral de emergencia,2015-02-01,0,0,43,0,0,43
PADILLA,"anticoncepcion, prevencion de its y de cancer de cuello uterino",numero de mujeres con pildora anticonceptiva oral de emergencia,2015-02-01,0,0,4,0,0,4
PAILON,"anticoncepcion, prevencion de its y de cancer de cuello uterino",numero de mujeres con pildora anticonceptiva oral de emergencia,2015-02-01,0,2,3,0,0,5
PAPEL PAMPA,"anticoncepcion, prevencion de its y de cancer de cuello uterino",numero de mujeres con pildora anticonceptiva oral de emergencia,2015-02-01,0,0,2,3,0,5
POCONA,"anticoncepcion, prevencion de its y de cancer de cuello uterino",numero de mujeres con pildora anticonceptiva oral de emergencia,2015-02-01,0,1,0,0,0,1
PORCO,"anticoncepcion, prevencion de its y de cancer de cuello uterino",numero de mujeres con pildora anticonceptiva oral de emergencia,2015-02-01,0,1,0,0,0,1
POTOSI,"anticoncepcion, prevencion de its y de cancer de cuello uterino",numero de mujeres con pildora anticonceptiva oral de emergencia,2015-02-01,0,0,9,0,0,9
PRESTO,"anticoncepcion, prevencion de its y de cancer de cuello uterino",numero de mujeres con pildora anticonceptiva oral de emergencia,2015-02-01,0,0,1,0,0,1
PUCARANI,"anticoncepcion, prevencion de its y de cancer de cuello uterino",numero de mujeres con pildora anticonceptiva oral de emergencia,2015-02-01,0,0,1,0,0,1
QUILLACOLLO,"anticoncepcion, prevencion de its y de cancer de cuello uterino",numero de mujeres con pildora anticonceptiva oral de emergencia,2015-02-01,0,8,41,0,0,49
QUIME,"anticoncepcion, prevencion de its y de cancer de cuello uterino",numero de mujeres con pildora anticonceptiva oral de emergencia,2015-02-01,0,0,1,0,0,1
SACABA,"anticoncepcion, prevencion de its y de cancer de cuello uterino",numero de mujeres con pildora anticonceptiva oral de emergencia,2015-02-01,0,4,2,1,0,7
SAN JOAQUIN,"anticoncepcion, prevencion de its y de cancer de cuello uterino",numero de mujeres con pildora anticonceptiva oral de emergencia,2015-02-01,0,0,1,0,0,1
SAN JUAN DE YAPACANI,"anticoncepcion, prevencion de its y de cancer de cuello uterino",numero de mujeres con pildora anticonceptiva oral de emergencia,2015-02-01,0,3,24,3,0,30
SANTA CRUZ DE LA SIERRA,"anticoncepcion, prevencion de its y de cancer de cuello uterino",numero de mujeres con pildora anticonceptiva oral de emergencia,2015-02-01,0,7,13,3,1,24
SHINAOTA,"anticoncepcion, prevencion de its y de cancer de cuello uterino",numero de mujeres con pildora anticonceptiva oral de emergencia,2015-02-01,0,0,1,3,0,4
SICA SICA (VILLA AROMA),"anticoncepcion, prevencion de its y de cancer de cuello uterino",numero de mujeres con pildora anticonceptiva oral de emergencia,2015-02-01,1,0,0,0,0,1
SIPE SIPE,"anticoncepcion, prevencion de its y de cancer de cuello uterino",numero de mujeres con pildora anticonceptiva oral de emergencia,2015-02-01,0,0,20,0,0,20
SOPACHUY,"anticoncepcion, prevencion de its y de cancer de cuello uterino",numero de mujeres con pildora anticonceptiva oral de emergencia,2015-02-01,0,0,1,0,0,1
SORATA,"anticoncepcion, prevencion de its y de cancer de cuello uterino",numero de mujeres con pildora anticonceptiva oral de emergencia,2015-02-01,0,0,0,1,0,1
SUCRE,"anticoncepcion, prevencion de its y de cancer de cuello uterino",numero de mujeres con pildora anticonceptiva oral de emergencia,2015-02-01,0,3,10,0,0,13
TAPACARI,"anticoncepcion, prevencion de its y de cancer de cuello uterino",numero de mujeres con pildora anticonceptiva oral de emergencia,2015-02-01,0,0,3,0,0,3
TARABUCO,"anticoncepcion, prevencion de its y de cancer de cuello uterino",numero de mujeres con pildora anticonceptiva oral de emergencia,2015-02-01,0,2,6,0,0,8
TARIJA,"anticoncepcion, prevencion de its y de cancer de cuello uterino",numero de mujeres con pildora anticonceptiva oral de emergencia,2015-02-01,1,3,7,5,0,16
TARVITA,"anticoncepcion, prevencion de its y de cancer de cuello uterino",numero de mujeres con pildora anticonceptiva oral de emergencia,2015-02-01,0,1,0,0,0,1
TOMAVE,"anticoncepcion, prevencion de its y de cancer de cuello uterino",numero de mujeres con pildora anticonceptiva oral de emergencia,2015-02-01,0,0,2,2,0,4
TRINIDAD,"anticoncepcion, prevencion de its y de cancer de cuello uterino",numero de mujeres con pildora anticonceptiva oral de emergencia,2015-02-01,1,2,3,1,0,7
VILLA CHARCAS,"anticoncepcion, prevencion de its y de cancer de cuello uterino",numero de mujeres con pildora anticonceptiva oral de emergencia,2015-02-01,0,1,1,0,0,2
VILLA SERRANO,"anticoncepcion, prevencion de its y de cancer de cuello uterino",numero de mujeres con pildora anticonceptiva oral de emergencia,2015-02-01,0,1,3,1,0,5
VILLA VACA GUZMAN (MUYUPAMPA),"anticoncepcion, prevencion de its y de cancer de cuello uterino",numero de mujeres con pildora anticonceptiva oral de emergencia,2015-02-01,0,0,4,0,0,4
WARNES,"anticoncepcion, prevencion de its y de cancer de cuello uterino",numero de mujeres con pildora anticonceptiva oral de emergencia,2015-02-01,0,0,0,1,0,1
YAPACANI,"anticoncepcion, prevencion de its y de cancer de cuello uterino",numero de mujeres con pildora anticonceptiva oral de emergencia,2015-02-01,0,14,33,1,0,48
ALCALA,"anticoncepcion, prevencion de its y de cancer de cuello uterino",numero de mujeres con pildora anticonceptiva oral de emergencia,2015-03-01,0,0,2,1,0,3
APOLO,"anticoncepcion, prevencion de its y de cancer de cuello uterino",numero de mujeres con pildora anticonceptiva oral de emergencia,2015-03-01,0,1,0,0,0,1
ARANI,"anticoncepcion, prevencion de its y de cancer de cuello uterino",numero de mujeres con pildora anticonceptiva oral de emergencia,2015-03-01,0,0,0,1,0,1
BATALLAS,"anticoncepcion, prevencion de its y de cancer de cuello uterino",numero de mujeres con pildora anticonceptiva oral de emergencia,2015-03-01,0,0,0,1,0,1
BERMEJO,"anticoncepcion, prevencion de its y de cancer de cuello uterino",numero de mujeres con pildora anticonceptiva oral de emergencia,2015-03-01,0,0,10,6,1,17
CABEZAS,"anticoncepcion, prevencion de its y de cancer de cuello uterino",numero de mujeres con pildora anticonceptiva oral de emergencia,2015-03-01,0,0,1,0,0,1
"CAIZA ""D""","anticoncepcion, prevencion de its y de cancer de cuello uterino",numero de mujeres con pildora anticonceptiva oral de emergencia,2015-03-01,0,0,11,6,0,17
CAJUATA,"anticoncepcion, prevencion de its y de cancer de cuello uterino",numero de mujeres con pildora anticonceptiva oral de emergencia,2015-03-01,0,1,1,0,0,2
CAMARGO,"anticoncepcion, prevencion de its y de cancer de cuello uterino",numero de mujeres con pildora anticonceptiva oral de emergencia,2015-03-01,0,1,1,0,0,2
CHIMORE,"anticoncepcion, prevencion de its y de cancer de cuello uterino",numero de mujeres con pildora anticonceptiva oral de emergencia,2015-03-01,0,1,0,0,0,1
CHUMA,"anticoncepcion, prevencion de its y de cancer de cuello uterino",numero de mujeres con pildora anticonceptiva oral de emergencia,2015-03-01,0,1,0,0,0,1
CHUQUIHUTA AYLLU JUCUMANI,"anticoncepcion, prevencion de its y de cancer de cuello uterino",numero de mujeres con pildora anticonceptiva oral de emergencia,2015-03-01,0,0,5,4,0,9
COBIJA,"anticoncepcion, prevencion de its y de cancer de cuello uterino",numero de mujeres con pildora anticonceptiva oral de emergencia,2015-03-01,0,0,3,0,0,3
COCHABAMBA,"anticoncepcion, prevencion de its y de cancer de cuello uterino",numero de mujeres con pildora anticonceptiva oral de emergencia,2015-03-01,2,8,66,21,0,97
CONCEPCION,"anticoncepcion, prevencion de its y de cancer de cuello uterino",numero de mujeres con pildora anticonceptiva oral de emergencia,2015-03-01,0,0,1,1,0,2
COTOCA,"anticoncepcion, prevencion de its y de cancer de cuello uterino",numero de mujeres con pildora anticonceptiva oral de emergencia,2015-03-01,0,2,0,0,0,2
CUATRO CAÑADAS,"anticoncepcion, prevencion de its y de cancer de cuello uterino",numero de mujeres con pildora anticonceptiva oral de emergencia,2015-03-01,0,1,1,0,0,2
EL ALTO,"anticoncepcion, prevencion de its y de cancer de cuello uterino",numero de mujeres con pildora anticonceptiva oral de emergencia,2015-03-01,0,7,38,8,0,53
GRAL. J.J. PEREZ (CHARAZANI),"anticoncepcion, prevencion de its y de cancer de cuello uterino",numero de mujeres con pildora anticonceptiva oral de emergencia,2015-03-01,0,0,1,0,0,1
GUANAY,"anticoncepcion, prevencion de its y de cancer de cuello uterino",numero de mujeres con pildora anticonceptiva oral de emergencia,2015-03-01,0,3,17,2,0,22
ICHOCA,"anticoncepcion, prevencion de its y de cancer de cuello uterino",numero de mujeres con pildora anticonceptiva oral de emergencia,2015-03-01,0,0,1,0,0,1
INCAHUASI,"anticoncepcion, prevencion de its y de cancer de cuello uterino",numero de mujeres con pildora anticonceptiva oral de emergencia,2015-03-01,0,0,0,1,0,1
INQUISIVI,"anticoncepcion, prevencion de its y de cancer de cuello uterino",numero de mujeres con pildora anticonceptiva oral de emergencia,2015-03-01,0,0,1,0,0,1
LA ASUNTA,"anticoncepcion, prevencion de its y de cancer de cuello uterino",numero de mujeres con pildora anticonceptiva oral de emergencia,2015-03-01,0,21,7,0,0,28
LA PAZ,"anticoncepcion, prevencion de its y de cancer de cuello uterino",numero de mujeres con pildora anticonceptiva oral de emergencia,2015-03-01,0,3,24,7,0,34
LAJA,"anticoncepcion, prevencion de its y de cancer de cuello uterino",numero de mujeres con pildora anticonceptiva oral de emergencia,2015-03-01,0,0,1,0,0,1
MACHARETI,"anticoncepcion, prevencion de its y de cancer de cuello uterino",numero de mujeres con pildora anticonceptiva oral de emergencia,2015-03-01,0,0,5,1,0,6
MAIRANA,"anticoncepcion, prevencion de its y de cancer de cuello uterino",numero de mujeres con pildora anticonceptiva oral de emergencia,2015-03-01,0,1,2,0,0,3
MAPIRI,"anticoncepcion, prevencion de its y de cancer de cuello uterino",numero de mujeres con pildora anticonceptiva oral de emergencia,2015-03-01,0,5,16,0,0,21
MINEROS,"anticoncepcion, prevencion de its y de cancer de cuello uterino",numero de mujeres con pildora anticonceptiva oral de emergencia,2015-03-01,0,0,1,1,0,2
MONTEAGUDO,"anticoncepcion, prevencion de its y de cancer de cuello uterino",numero de mujeres con pildora anticonceptiva oral de emergencia,2015-03-01,1,0,0,0,0,1
MONTERO,"anticoncepcion, prevencion de its y de cancer de cuello uterino",numero de mujeres con pildora anticonceptiva oral de emergencia,2015-03-01,2,2,4,3,0,11
ORURO,"anticoncepcion, prevencion de its y de cancer de cuello uterino",numero de mujeres con pildora anticonceptiva oral de emergencia,2015-03-01,0,3,11,1,0,15
PADCAYA,"anticoncepcion, prevencion de its y de cancer de cuello uterino",numero de mujeres con pildora anticonceptiva oral de emergencia,2015-03-01,0,0,1,2,0,3
PADILLA,"anticoncepcion, prevencion de its y de cancer de cuello uterino",numero de mujeres con pildora anticonceptiva oral de emergencia,2015-03-01,0,0,1,0,0,1
PALOS BLANCOS,"anticoncepcion, prevencion de its y de cancer de cuello uterino",numero de mujeres con pildora anticonceptiva oral de emergencia,2015-03-01,0,0,1,0,0,1
PASORAPA,"anticoncepcion, prevencion de its y de cancer de cuello uterino",numero de mujeres con pildora anticonceptiva oral de emergencia,2015-03-01,0,0,0,1,0,1
PATACAMAYA,"anticoncepcion, prevencion de its y de cancer de cuello uterino",numero de mujeres con pildora anticonceptiva oral de emergencia,2015-03-01,0,0,1,0,0,1
PELECHUCO,"anticoncepcion, prevencion de its y de cancer de cuello uterino",numero de mujeres con pildora anticonceptiva oral de emergencia,2015-03-01,0,0,1,0,0,1
PORCO,"anticoncepcion, prevencion de its y de cancer de cuello uterino",numero de mujeres con pildora anticonceptiva oral de emergencia,2015-03-01,0,1,0,0,0,1
POROMA,"anticoncepcion, prevencion de its y de cancer de cuello uterino",numero de mujeres con pildora anticonceptiva oral de emergencia,2015-03-01,0,0,1,0,0,1
POTOSI,"anticoncepcion, prevencion de its y de cancer de cuello uterino",numero de mujeres con pildora anticonceptiva oral de emergencia,2015-03-01,0,10,92,10,0,112
PRESTO,"anticoncepcion, prevencion de its y de cancer de cuello uterino",numero de mujeres con pildora anticonceptiva oral de emergencia,2015-03-01,0,1,1,0,0,2
RAVELO,"anticoncepcion, prevencion de its y de cancer de cuello uterino",numero de mujeres con pildora anticonceptiva oral de emergencia,2015-03-01,0,0,1,2,0,3
REYES,"anticoncepcion, prevencion de its y de cancer de cuello uterino",numero de mujeres con pildora anticonceptiva oral de emergencia,2015-03-01,0,0,1,0,0,1
ROBORE,"anticoncepcion, prevencion de its y de cancer de cuello uterino",numero de mujeres con pildora anticonceptiva oral de emergencia,2015-03-01,0,0,1,0,0,1
SACABA,"anticoncepcion, prevencion de its y de cancer de cuello uterino",numero de mujeres con pildora anticonceptiva oral de emergencia,2015-03-01,0,0,1,0,0,1
SAN IGNACIO,"anticoncepcion, prevencion de its y de cancer de cuello uterino",numero de mujeres con pildora anticonceptiva oral de emergencia,2015-03-01,0,0,11,0,0,11
SAN JOSE DE CHIQUITOS,"anticoncepcion, prevencion de its y de cancer de cuello uterino",numero de mujeres con pildora anticonceptiva oral de emergencia,2015-03-01,0,0,1,0,0,1
SAN JUAN DE YAPACANI,"anticoncepcion, prevencion de its y de cancer de cuello uterino",numero de mujeres con pildora anticonceptiva oral de emergencia,2015-03-01,1,0,0,0,0,1
SAN JULIAN,"anticoncepcion, prevencion de its y de cancer de cuello uterino",numero de mujeres con pildora anticonceptiva oral de emergencia,2015-03-01,0,1,2,0,0,3
SAN MATIAS,"anticoncepcion, prevencion de its y de cancer de cuello uterino",numero de mujeres con pildora anticonceptiva oral de emergencia,2015-03-01,0,0,2,1,0,3
SAN PEDRO,"anticoncepcion, prevencion de its y de cancer de cuello uterino",numero de mujeres con pildora anticonceptiva oral de emergencia,2015-03-01,0,1,10,7,4,22
SANTA CRUZ DE LA SIERRA,"anticoncepcion, prevencion de its y de cancer de cuello uterino",numero de mujeres con pildora anticonceptiva oral de emergencia,2015-03-01,0,12,40,5,0,57
SANTA ROSA DEL SARA,"anticoncepcion, prevencion de its y de cancer de cuello uterino",numero de mujeres con pildora anticonceptiva oral de emergencia,2015-03-01,0,0,2,0,0,2
SICA SICA (VILLA AROMA),"anticoncepcion, prevencion de its y de cancer de cuello uterino",numero de mujeres con pildora anticonceptiva oral de emergencia,2015-03-01,0,1,0,0,0,1
SORATA,"anticoncepcion, prevencion de its y de cancer de cuello uterino",numero de mujeres con pildora anticonceptiva oral de emergencia,2015-03-01,0,0,1,0,0,1
SUCRE,"anticoncepcion, prevencion de its y de cancer de cuello uterino",numero de mujeres con pildora anticonceptiva oral de emergencia,2015-03-01,0,3,5,1,0,9
TARABUCO,"anticoncepcion, prevencion de its y de cancer de cuello uterino",numero de mujeres con pildora anticonceptiva oral de emergencia,2015-03-01,0,1,3,0,0,4
TARIJA,"anticoncepcion, prevencion de its y de cancer de cuello uterino",numero de mujeres con pildora anticonceptiva oral de emergencia,2015-03-01,0,1,7,5,0,13
TARVITA,"anticoncepcion, prevencion de its y de cancer de cuello uterino",numero de mujeres con pildora anticonceptiva oral de emergencia,2015-03-01,0,0,2,0,0,2
TEOPONTE,"anticoncepcion, prevencion de its y de cancer de cuello uterino",numero de mujeres con pildora anticonceptiva oral de emergencia,2015-03-01,0,9,38,7,0,54
TOMAVE,"anticoncepcion, prevencion de its y de cancer de cuello uterino",numero de mujeres con pildora anticonceptiva oral de emergencia,2015-03-01,0,1,2,0,0,3
TORO TORO,"anticoncepcion, prevencion de its y de cancer de cuello uterino",numero de mujeres con pildora anticonceptiva oral de emergencia,2015-03-01,0,0,0,3,0,3
TRINIDAD,"anticoncepcion, prevencion de its y de cancer de cuello uterino",numero de mujeres con pildora anticonceptiva oral de emergencia,2015-03-01,0,1,59,58,0,118
UYUNI,"anticoncepcion, prevencion de its y de cancer de cuello uterino",numero de mujeres con pildora anticonceptiva oral de emergencia,2015-03-01,0,0,1,0,0,1
VILLA VACA GUZMAN (MUYUPAMPA),"anticoncepcion, prevencion de its y de cancer de cuello uterino",numero de mujeres con pildora anticonceptiva oral de emergencia,2015-03-01,0,6,8,0,0,14
VINTO,"anticoncepcion, prevencion de its y de cancer de cuello uterino",numero de mujeres con pildora anticonceptiva oral de emergencia,2015-03-01,0,0,304,0,0,304
YAMPARAEZ,"anticoncepcion, prevencion de its y de cancer de cuello uterino",numero de mujeres con pildora anticonceptiva oral de emergencia,2015-03-01,1,0,0,0,0,1
ALCALA,"anticoncepcion, prevencion de its y de cancer de cuello uterino",numero de mujeres con pildora anticonceptiva oral de emergencia,2015-04-01,0,2,1,0,0,3
ALTO BENI,"anticoncepcion, prevencion de its y de cancer de cuello uterino",numero de mujeres con pildora anticonceptiva oral de emergencia,2015-04-01,0,0,1,0,0,1
BETANZOS,"anticoncepcion, prevencion de its y de cancer de cuello uterino",numero de mujeres con pildora anticonceptiva oral de emergencia,2015-04-01,0,1,0,0,0,1
CABEZAS,"anticoncepcion, prevencion de its y de cancer de cuello uterino",numero de mujeres con pildora anticonceptiva oral de emergencia,2015-04-01,0,1,0,0,0,1
"CAIZA ""D""","anticoncepcion, prevencion de its y de cancer de cuello uterino",numero de mujeres con pildora anticonceptiva oral de emergencia,2015-04-01,0,0,3,0,0,3
CAMARGO,"anticoncepcion, prevencion de its y de cancer de cuello uterino",numero de mujeres con pildora anticonceptiva oral de emergencia,2015-04-01,0,0,2,0,0,2
CARACOLLO,"anticoncepcion, prevencion de its y de cancer de cuello uterino",numero de mujeres con pildora anticonceptiva oral de emergencia,2015-04-01,0,0,1,0,0,1
CHULUMANI (V. DE LA LIBERTAD),"anticoncepcion, prevencion de its y de cancer de cuello uterino",numero de mujeres con pildora anticonceptiva oral de emergencia,2015-04-01,0,0,1,0,0,1
CKOCHAS,"anticoncepcion, prevencion de its y de cancer de cuello uterino",numero de mujeres con pildora anticonceptiva oral de emergencia,2015-04-01,0,0,1,0,0,1
COBIJA,"anticoncepcion, prevencion de its y de cancer de cuello uterino",numero de mujeres con pildora anticonceptiva oral de emergencia,2015-04-01,0,0,1,0,0,1
COCHABAMBA,"anticoncepcion, prevencion de its y de cancer de cuello uterino",numero de mujeres con pildora anticonceptiva oral de emergencia,2015-04-01,1,7,14,1,0,23
COIPASA,"anticoncepcion, prevencion de its y de cancer de cuello uterino",numero de mujeres con pildora anticonceptiva oral de emergencia,2015-04-01,0,0,9,0,0,9
COLQUIRI,"anticoncepcion, prevencion de its y de cancer de cuello uterino",numero de mujeres con pildora anticonceptiva oral de emergencia,2015-04-01,0,0,1,0,0,1
COMARAPA,"anticoncepcion, prevencion de its y de cancer de cuello uterino",numero de mujeres con pildora anticonceptiva oral de emergencia,2015-04-01,0,0,1,0,0,1
EL ALTO,"anticoncepcion, prevencion de its y de cancer de cuello uterino",numero de mujeres con pildora anticonceptiva oral de emergencia,2015-04-01,0,4,7,19,0,30
ESCARA,"anticoncepcion, prevencion de its y de cancer de cuello uterino",numero de mujeres con pildora anticonceptiva oral de emergencia,2015-04-01,0,0,1,0,0,1
GENERAL SAAVEDRA,"anticoncepcion, prevencion de its y de cancer de cuello uterino",numero de mujeres con pildora anticonceptiva oral de emergencia,2015-04-01,0,0,1,0,0,1
GUANAY,"anticoncepcion, prevencion de its y de cancer de cuello uterino",numero de mujeres con pildora anticonceptiva oral de emergencia,2015-04-01,0,0,1,0,0,1
GUTIERREZ,"anticoncepcion, prevencion de its y de cancer de cuello uterino",numero de mujeres con pildora anticonceptiva oral de emergencia,2015-04-01,0,1,1,0,0,2
ICLA,"anticoncepcion, prevencion de its y de cancer de cuello uterino",numero de mujeres con pildora anticonceptiva oral de emergencia,2015-04-01,0,0,3,5,0,8
INCAHUASI,"anticoncepcion, prevencion de its y de cancer de cuello uterino",numero de mujeres con pildora anticonceptiva oral de emergencia,2015-04-01,0,1,0,0,0,1
LA ASUNTA,"anticoncepcion, prevencion de its y de cancer de cuello uterino",numero de mujeres con pildora anticonceptiva oral de emergencia,2015-04-01,0,3,5,1,0,9
LA PAZ,"anticoncepcion, prevencion de its y de cancer de cuello uterino",numero de mujeres con pildora anticonceptiva oral de emergencia,2015-04-01,0,1,24,2,0,27
LAS CARRERAS,"anticoncepcion, prevencion de its y de cancer de cuello uterino",numero de mujeres con pildora anticonceptiva oral de emergencia,2015-04-01,0,1,0,0,0,1
LLALLAGUA,"anticoncepcion, prevencion de its y de cancer de cuello uterino",numero de mujeres con pildora anticonceptiva oral de emergencia,2015-04-01,0,0,1,0,0,1
MACHARETI,"anticoncepcion, prevencion de its y de cancer de cuello uterino",numero de mujeres con pildora anticonceptiva oral de emergencia,2015-04-01,0,0,2,1,0,3
MOJOCOYA,"anticoncepcion, prevencion de its y de cancer de cuello uterino",numero de mujeres con pildora anticonceptiva oral de emergencia,2015-04-01,0,0,0,1,0,1
MONTERO,"anticoncepcion, prevencion de its y de cancer de cuello uterino",numero de mujeres con pildora anticonceptiva oral de emergencia,2015-04-01,3,1,2,2,0,8
ORURO,"anticoncepcion, prevencion de its y de cancer de cuello uterino",numero de mujeres con pildora anticonceptiva oral de emergencia,2015-04-01,0,0,0,2,0,2
PADILLA,"anticoncepcion, prevencion de its y de cancer de cuello uterino",numero de mujeres con pildora anticonceptiva oral de emergencia,2015-04-01,0,1,1,0,0,2
PALOS BLANCOS,"anticoncepcion, prevencion de its y de cancer de cuello uterino",numero de mujeres con pildora anticonceptiva oral de emergencia,2015-04-01,0,2,0,0,0,2
PAPEL PAMPA,"anticoncepcion, prevencion de its y de cancer de cuello uterino",numero de mujeres con pildora anticonceptiva oral de emergencia,2015-04-01,0,0,1,0,0,1
PELECHUCO,"anticoncepcion, prevencion de its y de cancer de cuello uterino",numero de mujeres con pildora anticonceptiva oral de emergencia,2015-04-01,0,1,0,0,0,1
POCOATA,"anticoncepcion, prevencion de its y de cancer de cuello uterino",numero de mujeres con pildora anticonceptiva oral de emergencia,2015-04-01,0,1,4,1,0,6
PORCO,"anticoncepcion, prevencion de its y de cancer de cuello uterino",numero de mujeres con pildora anticonceptiva oral de emergencia,2015-04-01,0,1,0,0,0,1
POTOSI,"anticoncepcion, prevencion de its y de cancer de cuello uterino",numero de mujeres con pildora anticonceptiva oral de emergencia,2015-04-01,0,3,10,2,0,15
PRESTO,"anticoncepcion, prevencion de its y de cancer de cuello uterino",numero de mujeres con pildora anticonceptiva oral de emergencia,2015-04-01,0,2,2,0,0,4
PUCARA,"anticoncepcion, prevencion de its y de cancer de cuello uterino",numero de mujeres con pildora anticonceptiva oral de emergencia,2015-04-01,0,0,5,4,2,11
PUCARANI,"anticoncepcion, prevencion de its y de cancer de cuello uterino",numero de mujeres con pildora anticonceptiva oral de emergencia,2015-04-01,0,0,1,0,0,1
PUNA,"anticoncepcion, prevencion de its y de cancer de cuello uterino",numero de mujeres con pildora anticonceptiva oral de emergencia,2015-04-01,0,1,0,0,0,1
QUILLACOLLO,"anticoncepcion, prevencion de its y de cancer de cuello uterino",numero de mujeres con pildora anticonceptiva oral de emergencia,2015-04-01,0,0,0,3,0,3
SABAYA,"anticoncepcion, prevencion de its y de cancer de cuello uterino",numero de mujeres con pildora anticonceptiva oral de emergencia,2015-04-01,0,0,8,0,1,9
SACABA,"anticoncepcion, prevencion de its y de cancer de cuello uterino",numero de mujeres con pildora anticonceptiva oral de emergencia,2015-04-01,0,0,1,0,0,1
SALINAS DE GARCI MENDOZA,"anticoncepcion, prevencion de its y de cancer de cuello uterino",numero de mujeres con pildora anticonceptiva oral de emergencia,2015-04-01,0,0,1,0,0,1
SAN IGNACIO,"anticoncepcion, prevencion de its y de cancer de cuello uterino",numero de mujeres con pildora anticonceptiva oral de emergencia,2015-04-01,0,1,0,1,0,2
SAN JAVIER(BNI),"anticoncepcion, prevencion de its y de cancer de cuello uterino",numero de mujeres con pildora anticonceptiva oral de emergencia,2015-04-01,0,0,1,1,0,2
SAN JULIAN,"anticoncepcion, prevencion de its y de cancer de cuello uterino",numero de mujeres con pildora anticonceptiva oral de emergencia,2015-04-01,0,0,1,0,0,1
SAN PEDRO,"anticoncepcion, prevencion de its y de cancer de cuello uterino",numero de mujeres con pildora anticonceptiva oral de emergencia,2015-04-01,0,1,3,0,0,4
SANTA CRUZ DE LA SIERRA,"anticoncepcion, prevencion de its y de cancer de cuello uterino",numero de mujeres con pildora anticonceptiva oral de emergencia,2015-04-01,3,29,122,32,7,193
SICA SICA (VILLA AROMA),"anticoncepcion, prevencion de its y de cancer de cuello uterino",numero de mujeres con pildora anticonceptiva oral de emergencia,2015-04-01,0,1,1,0,0,2
SOPACHUY,"anticoncepcion, prevencion de its y de cancer de cuello uterino",numero de mujeres con pildora anticonceptiva oral de emergencia,2015-04-01,0,1,1,0,0,2
SUCRE,"anticoncepcion, prevencion de its y de cancer de cuello uterino",numero de mujeres con pildora anticonceptiva oral de emergencia,2015-04-01,0,5,12,2,0,19
TARABUCO,"anticoncepcion, prevencion de its y de cancer de cuello uterino",numero de mujeres con pildora anticonceptiva oral de emergencia,2015-04-01,0,0,3,0,0,3
TARIJA,"anticoncepcion, prevencion de its y de cancer de cuello uterino",numero de mujeres con pildora anticonceptiva oral de emergencia,2015-04-01,0,6,3,4,0,13
TARVITA,"anticoncepcion, prevencion de its y de cancer de cuello uterino",numero de mujeres con pildora anticonceptiva oral de emergencia,2015-04-01,0,0,1,0,0,1
TEOPONTE,"anticoncepcion, prevencion de its y de cancer de cuello uterino",numero de mujeres con pildora anticonceptiva oral de emergencia,2015-04-01,0,2,19,7,0,28
TIAWANACU,"anticoncepcion, prevencion de its y de cancer de cuello uterino",numero de mujeres con pildora anticonceptiva oral de emergencia,2015-04-01,0,0,1,0,0,1
TIPUANI,"anticoncepcion, prevencion de its y de cancer de cuello uterino",numero de mujeres con pildora anticonceptiva oral de emergencia,2015-04-01,0,1,4,1,0,6
TOMAVE,"anticoncepcion, prevencion de its y de cancer de cuello uterino",numero de mujeres con pildora anticonceptiva oral de emergencia,2015-04-01,0,0,2,1,0,3
TRINIDAD,"anticoncepcion, prevencion de its y de cancer de cuello uterino",numero de mujeres con pildora anticonceptiva oral de emergencia,2015-04-01,0,3,17,2,0,22
TURCO,"anticoncepcion, prevencion de its y de cancer de cuello uterino",numero de mujeres con pildora anticonceptiva oral de emergencia,2015-04-01,0,0,1,0,0,1
VALLEGRANDE,"anticoncepcion, prevencion de its y de cancer de cuello uterino",numero de mujeres con pildora anticonceptiva oral de emergencia,2015-04-01,0,1,0,0,0,1
VILLA VACA GUZMAN (MUYUPAMPA),"anticoncepcion, prevencion de its y de cancer de cuello uterino",numero de mujeres con pildora anticonceptiva oral de emergencia,2015-04-01,0,2,7,0,0,9
YAMPARAEZ,"anticoncepcion, prevencion de its y de cancer de cuello uterino",numero de mujeres con pildora anticonceptiva oral de emergencia,2015-04-01,0,0,1,0,0,1
ACHACACHI,"anticoncepcion, prevencion de its y de cancer de cuello uterino",numero de mujeres con pildora anticonceptiva oral de emergencia,2015-05-01,0,0,1,0,0,1
AIQUILE,"anticoncepcion, prevencion de its y de cancer de cuello uterino",numero de mujeres con pildora anticonceptiva oral de emergencia,2015-05-01,0,0,1,0,0,1
ALCALA,"anticoncepcion, prevencion de its y de cancer de cuello uterino",numero de mujeres con pildora anticonceptiva oral de emergencia,2015-05-01,0,1,1,1,0,3
AYOPAYA (V. DE INDEPENDENCIA),"anticoncepcion, prevencion de its y de cancer de cuello uterino",numero de mujeres con pildora anticonceptiva oral de emergencia,2015-05-01,0,1,0,0,0,1
BELLA FLOR,"anticoncepcion, prevencion de its y de cancer de cuello uterino",numero de mujeres con pildora anticonceptiva oral de emergencia,2015-05-01,0,0,1,0,0,1
BETANZOS,"anticoncepcion, prevencion de its y de cancer de cuello uterino",numero de mujeres con pildora anticonceptiva oral de emergencia,2015-05-01,0,2,1,1,0,4
CAIROMA,"anticoncepcion, prevencion de its y de cancer de cuello uterino",numero de mujeres con pildora anticonceptiva oral de emergencia,2015-05-01,0,1,0,0,0,1
"CAIZA ""D""","anticoncepcion, prevencion de its y de cancer de cuello uterino",numero de mujeres con pildora anticonceptiva oral de emergencia,2015-05-01,0,0,2,0,0,2
CAMARGO,"anticoncepcion, prevencion de its y de cancer de cuello uterino",numero de mujeres con pildora anticonceptiva oral de emergencia,2015-05-01,0,0,2,0,0,2
CARAPARI,"anticoncepcion, prevencion de its y de cancer de cuello uterino",numero de mujeres con pildora anticonceptiva oral de emergencia,2015-05-01,0,1,0,0,0,1
CATACORA,"anticoncepcion, prevencion de its y de cancer de cuello uterino",numero de mujeres con pildora anticonceptiva oral de emergencia,2015-05-01,0,1,0,0,0,1
CHACARILLA,"anticoncepcion, prevencion de its y de cancer de cuello uterino",numero de mujeres con pildora anticonceptiva oral de emergencia,2015-05-01,0,1,0,0,0,1
CHARAGUA,"anticoncepcion, prevencion de its y de cancer de cuello uterino",numero de mujeres con pildora anticonceptiva oral de emergencia,2015-05-01,0,0,1,2,0,3
COBIJA,"anticoncepcion, prevencion de its y de cancer de cuello uterino",numero de mujeres con pildora anticonceptiva oral de emergencia,2015-05-01,0,0,1,0,0,1
COCHABAMBA,"anticoncepcion, prevencion de its y de cancer de cuello uterino",numero de mujeres con pildora anticonceptiva oral de emergencia,2015-05-01,2,27,7,2,0,38
COLQUECHACA,"anticoncepcion, prevencion de its y de cancer de cuello uterino",numero de mujeres con pildora anticonceptiva oral de emergencia,2015-05-01,0,0,0,1,0,1
CUATRO CAÑADAS,"anticoncepcion, prevencion de its y de cancer de cuello uterino",numero de mujeres con pildora anticonceptiva oral de emergencia,2015-05-01,0,1,0,0,0,1
EL ALTO,"anticoncepcion, prevencion de its y de cancer de cuello uterino",numero de mujeres con pildora anticonceptiva oral de emergencia,2015-05-01,0,4,215,61,0,280
EL TORNO,"anticoncepcion, prevencion de its y de cancer de cuello uterino",numero de mujeres con pildora anticonceptiva oral de emergencia,2015-05-01,1,0,0,0,0,1
ENTRE RIOS CBBA,"anticoncepcion, prevencion de its y de cancer de cuello uterino",numero de mujeres con pildora anticonceptiva oral de emergencia,2015-05-01,0,0,1,0,0,1
ESCARA,"anticoncepcion, prevencion de its y de cancer de cuello uterino",numero de mujeres con pildora anticonceptiva oral de emergencia,2015-05-01,0,1,0,0,0,1
GUANAY,"anticoncepcion, prevencion de its y de cancer de cuello uterino",numero de mujeres con pildora anticonceptiva oral de emergencia,2015-05-01,0,0,1,0,0,1
GUAYARAMERIN,"anticoncepcion, prevencion de its y de cancer de cuello uterino",numero de mujeres con pildora anticonceptiva oral de emergencia,2015-05-01,0,0,1,0,0,1
GUTIERREZ,"anticoncepcion, prevencion de its y de cancer de cuello uterino",numero de mujeres con pildora anticonceptiva oral de emergencia,2015-05-01,0,1,1,0,0,2
ICLA,"anticoncepcion, prevencion de its y de cancer de cuello uterino",numero de mujeres con pildora anticonceptiva oral de emergencia,2015-05-01,0,0,1,0,0,1
INCAHUASI,"anticoncepcion, prevencion de its y de cancer de cuello uterino",numero de mujeres con pildora anticonceptiva oral de emergencia,2015-05-01,0,0,1,0,0,1
IRUPANA (VILLA DE LANZA),"anticoncepcion, prevencion de its y de cancer de cuello uterino",numero de mujeres con pildora anticonceptiva oral de emergencia,2015-05-01,0,0,1,0,0,1
LA ASUNTA,"anticoncepcion, prevencion de its y de cancer de cuello uterino",numero de mujeres con pildora anticonceptiva oral de emergencia,2015-05-01,0,0,6,1,0,7
LA PAZ,"anticoncepcion, prevencion de its y de cancer de cuello uterino",numero de mujeres con pildora anticonceptiva oral de emergencia,2015-05-01,2,1,5,0,0,8
LAS CARRERAS,"anticoncepcion, prevencion de its y de cancer de cuello uterino",numero de mujeres con pildora anticonceptiva oral de emergencia,2015-05-01,0,1,1,1,0,3
MACHARETI,"anticoncepcion, prevencion de its y de cancer de cuello uterino",numero de mujeres con pildora anticonceptiva oral de emergencia,2015-05-01,0,0,3,0,0,3
MECAPACA,"anticoncepcion, prevencion de its y de cancer de cuello uterino",numero de mujeres con pildora anticonceptiva oral de emergencia,2015-05-01,0,0,2,0,0,2
MONTERO,"anticoncepcion, prevencion de its y de cancer de cuello uterino",numero de mujeres con pildora anticonceptiva oral de emergencia,2015-05-01,3,2,3,0,0,8
ORURO,"anticoncepcion, prevencion de its y de cancer de cuello uterino",numero de mujeres con pildora anticonceptiva oral de emergencia,2015-05-01,0,0,2,1,0,3
PADILLA,"anticoncepcion, prevencion de its y de cancer de cuello uterino",numero de mujeres con pildora anticonceptiva oral de emergencia,2015-05-01,0,0,4,0,0,4
PALOS BLANCOS,"anticoncepcion, prevencion de its y de cancer de cuello uterino",numero de mujeres con pildora anticonceptiva oral de emergencia,2015-05-01,0,1,0,0,0,1
PAPEL PAMPA,"anticoncepcion, prevencion de its y de cancer de cuello uterino",numero de mujeres con pildora anticonceptiva oral de emergencia,2015-05-01,0,0,3,0,0,3
POROMA,"anticoncepcion, prevencion de its y de cancer de cuello uterino",numero de mujeres con pildora anticonceptiva oral de emergencia,2015-05-01,0,0,2,1,0,3
POTOSI,"anticoncepcion, prevencion de its y de cancer de cuello uterino",numero de mujeres con pildora anticonceptiva oral de emergencia,2015-05-01,0,4,34,4,0,42
PUERTO RICO,"anticoncepcion, prevencion de its y de cancer de cuello uterino",numero de mujeres con pildora anticonceptiva oral de emergencia,2015-05-01,0,0,1,0,0,1
PUERTO VILLARROEL,"anticoncepcion, prevencion de its y de cancer de cuello uterino",numero de mujeres con pildora anticonceptiva oral de emergencia,2015-05-01,0,1,0,0,0,1
QUILLACOLLO,"anticoncepcion, prevencion de its y de cancer de cuello uterino",numero de mujeres con pildora anticonceptiva oral de emergencia,2015-05-01,0,0,0,4,2,6
REYES,"anticoncepcion, prevencion de its y de cancer de cuello uterino",numero de mujeres con pildora anticonceptiva oral de emergencia,2015-05-01,0,7,31,10,0,48
SABAYA,"anticoncepcion, prevencion de its y de cancer de cuello uterino",numero de mujeres con pildora anticonceptiva oral de emergencia,2015-05-01,0,1,6,1,0,8
SACABA,"anticoncepcion, prevencion de its y de cancer de cuello uterino",numero de mujeres con pildora anticonceptiva oral de emergencia,2015-05-01,0,1,1,0,0,2
SALINAS DE GARCI MENDOZA,"anticoncepcion, prevencion de its y de cancer de cuello uterino",numero de mujeres con pildora anticonceptiva oral de emergencia,2015-05-01,0,0,1,0,0,1
SAN JAVIER(BNI),"anticoncepcion, prevencion de its y de cancer de cuello uterino",numero de mujeres con pildora anticonceptiva oral de emergencia,2015-05-01,0,0,2,0,0,2
SAN JULIAN,"anticoncepcion, prevencion de its y de cancer de cuello uterino",numero de mujeres con pildora anticonceptiva oral de emergencia,2015-05-01,0,2,0,0,0,2
SAN LORENZO(TJA),"anticoncepcion, prevencion de its y de cancer de cuello uterino",numero de mujeres con pildora anticonceptiva oral de emergencia,2015-05-01,0,0,0,1,0,1
SAN PABLO DE LIPEZ,"anticoncepcion, prevencion de its y de cancer de cuello uterino",numero de mujeres con pildora anticonceptiva oral de emergencia,2015-05-01,0,0,3,0,0,3
SAN PEDRO,"anticoncepcion, prevencion de its y de cancer de cuello uterino",numero de mujeres con pildora anticonceptiva oral de emergencia,2015-05-01,0,0,1,0,0,1
SAN PEDRO DE BUENA VISTA,"anticoncepcion, prevencion de its y de cancer de cuello uterino",numero de mujeres con pildora anticonceptiva oral de emergencia,2015-05-01,0,1,0,1,0,2
SANTA CRUZ DE LA SIERRA,"anticoncepcion, prevencion de its y de cancer de cuello uterino",numero de mujeres con pildora anticonceptiva oral de emergencia,2015-05-01,11,54,70,14,0,149
SANTA ROSA DEL SARA,"anticoncepcion, prevencion de its y de cancer de cuello uterino",numero de mujeres con pildora anticonceptiva oral de emergencia,2015-05-01,0,0,0,1,0,1
SANTIVAÑES,"anticoncepcion, prevencion de its y de cancer de cuello uterino",numero de mujeres con pildora anticonceptiva oral de emergencia,2015-05-01,0,1,0,1,0,2
SANTUARIO DE QUILLACAS,"anticoncepcion, prevencion de its y de cancer de cuello uterino",numero de mujeres con pildora anticonceptiva oral de emergencia,2015-05-01,0,1,0,0,0,1
SICA SICA (VILLA AROMA),"anticoncepcion, prevencion de its y de cancer de cuello uterino",numero de mujeres con pildora anticonceptiva oral de emergencia,2015-05-01,0,0,1,0,0,1
SOPACHUY,"anticoncepcion, prevencion de its y de cancer de cuello uterino",numero de mujeres con pildora anticonceptiva oral de emergencia,2015-05-01,0,0,1,0,0,1
SUCRE,"anticoncepcion, prevencion de its y de cancer de cuello uterino",numero de mujeres con pildora anticonceptiva oral de emergencia,2015-05-01,0,3,38,2,0,43
TARABUCO,"anticoncepcion, prevencion de its y de cancer de cuello uterino",numero de mujeres con pildora anticonceptiva oral de emergencia,2015-05-01,0,0,3,1,0,4
TARIJA,"anticoncepcion, prevencion de its y de cancer de cuello uterino",numero de mujeres con pildora anticonceptiva oral de emergencia,2015-05-01,0,0,4,3,0,7
TARVITA,"anticoncepcion, prevencion de its y de cancer de cuello uterino",numero de mujeres con pildora anticonceptiva oral de emergencia,2015-05-01,0,0,1,0,0,1
TEOPONTE,"anticoncepcion, prevencion de its y de cancer de cuello uterino",numero de mujeres con pildora anticonceptiva oral de emergencia,2015-05-01,0,0,2,0,0,2
TINGUIPAYA,"anticoncepcion, prevencion de its y de cancer de cuello uterino",numero de mujeres con pildora anticonceptiva oral de emergencia,2015-05-01,0,0,4,8,0,12
TIPUANI,"anticoncepcion, prevencion de its y de cancer de cuello uterino",numero de mujeres con pildora anticonceptiva oral de emergencia,2015-05-01,0,1,12,1,0,14
TOMAVE,"anticoncepcion, prevencion de its y de cancer de cuello uterino",numero de mujeres con pildora anticonceptiva oral de emergencia,2015-05-01,0,0,1,0,0,1
TOTORA(CBBA),"anticoncepcion, prevencion de its y de cancer de cuello uterino",numero de mujeres con pildora anticonceptiva oral de emergencia,2015-05-01,0,2,4,1,3,10
TUPIZA,"anticoncepcion, prevencion de its y de cancer de cuello uterino",numero de mujeres con pildora anticonceptiva oral de emergencia,2015-05-01,0,1,0,0,0,1
VIACHA,"anticoncepcion, prevencion de its y de cancer de cuello uterino",numero de mujeres con pildora anticonceptiva oral de emergencia,2015-05-01,0,60,60,100,0,220
VILLA VACA GUZMAN (MUYUPAMPA),"anticoncepcion, prevencion de its y de cancer de cuello uterino",numero de mujeres con pildora anticonceptiva oral de emergencia,2015-05-01,0,1,2,1,0,4
YAMPARAEZ,"anticoncepcion, prevencion de its y de cancer de cuello uterino",numero de mujeres con pildora anticonceptiva oral de emergencia,2015-05-01,0,1,1,0,0,2
ZUDAÑEZ,"anticoncepcion, prevencion de its y de cancer de cuello uterino",numero de mujeres con pildora anticonceptiva oral de emergencia,2015-05-01,0,1,0,0,0,1
AIQUILE,"anticoncepcion, prevencion de its y de cancer de cuello uterino",numero de mujeres con pildora anticonceptiva oral de emergencia,2015-06-01,0,1,0,0,0,1
ALCALA,"anticoncepcion, prevencion de its y de cancer de cuello uterino",numero de mujeres con pildora anticonceptiva oral de emergencia,2015-06-01,0,0,2,0,0,2
BETANZOS,"anticoncepcion, prevencion de its y de cancer de cuello uterino",numero de mujeres con pildora anticonceptiva oral de emergencia,2015-06-01,0,0,0,1,0,1
BUENA VISTA,"anticoncepcion, prevencion de its y de cancer de cuello uterino",numero de mujeres con pildora anticonceptiva oral de emergencia,2015-06-01,0,0,3,0,0,3
"CAIZA ""D""","anticoncepcion, prevencion de its y de cancer de cuello uterino",numero de mujeres con pildora anticonceptiva oral de emergencia,2015-06-01,0,0,3,0,0,3
CAJUATA,"anticoncepcion, prevencion de its y de cancer de cuello uterino",numero de mujeres con pildora anticonceptiva oral de emergencia,2015-06-01,0,1,3,0,0,4
CAMATAQUI (C. VILLA ABECIA),"anticoncepcion, prevencion de its y de cancer de cuello uterino",numero de mujeres con pildora anticonceptiva oral de emergencia,2015-06-01,0,0,1,0,0,1
CARACOLLO,"anticoncepcion, prevencion de its y de cancer de cuello uterino",numero de mujeres con pildora anticonceptiva oral de emergencia,2015-06-01,0,0,1,0,0,1
CHALLAPATA,"anticoncepcion, prevencion de its y de cancer de cuello uterino",numero de mujeres con pildora anticonceptiva oral de emergencia,2015-06-01,0,0,2,0,0,2
CHULUMANI (V. DE LA LIBERTAD),"anticoncepcion, prevencion de its y de cancer de cuello uterino",numero de mujeres con pildora anticonceptiva oral de emergencia,2015-06-01,0,0,2,0,0,2
CKOCHAS,"anticoncepcion, prevencion de its y de cancer de cuello uterino",numero de mujeres con pildora anticonceptiva oral de emergencia,2015-06-01,0,0,1,0,0,1
CLIZA,"anticoncepcion, prevencion de its y de cancer de cuello uterino",numero de mujeres con pildora anticonceptiva oral de emergencia,2015-06-01,0,1,0,0,0,1
COBIJA,"anticoncepcion, prevencion de its y de cancer de cuello uterino",numero de mujeres con pildora anticonceptiva oral de emergencia,2015-06-01,0,0,0,1,0,1
COCHABAMBA,"anticoncepcion, prevencion de its y de cancer de cuello uterino",numero de mujeres con pildora anticonceptiva oral de emergencia,2015-06-01,1,15,81,21,1,119
COLQUENCHA,"anticoncepcion, prevencion de its y de cancer de cuello uterino",numero de mujeres con pildora anticonceptiva oral de emergencia,2015-06-01,0,1,0,0,0,1
COTOCA,"anticoncepcion, prevencion de its y de cancer de cuello uterino",numero de mujeres con pildora anticonceptiva oral de emergencia,2015-06-01,0,0,1,0,0,1
CUATRO CAÑADAS,"anticoncepcion, prevencion de its y de cancer de cuello uterino",numero de mujeres con pildora anticonceptiva oral de emergencia,2015-06-01,0,0,8,2,1,11
CUCHUMUELA (V. G. VILLARROEL),"anticoncepcion, prevencion de its y de cancer de cuello uterino",numero de mujeres con pildora anticonceptiva oral de emergencia,2015-06-01,0,0,0,1,0,1
CURAHUARA DE CARANGAS,"anticoncepcion, prevencion de its y de cancer de cuello uterino",numero de mujeres con pildora anticonceptiva oral de emergencia,2015-06-01,0,1,0,0,0,1
EL ALTO,"anticoncepcion, prevencion de its y de cancer de cuello uterino",numero de mujeres con pildora anticonceptiva oral de emergencia,2015-06-01,0,7,67,39,1,114
EUREKA (SANTOS MERCADO),"anticoncepcion, prevencion de its y de cancer de cuello uterino",numero de mujeres con pildora anticonceptiva oral de emergencia,2015-06-01,0,1,0,0,0,1
GRAL. J.J. PEREZ (CHARAZANI),"anticoncepcion, prevencion de its y de cancer de cuello uterino",numero de mujeres con pildora anticonceptiva oral de emergencia,2015-06-01,0,0,1,0,0,1
GUANAY,"anticoncepcion, prevencion de its y de cancer de cuello uterino",numero de mujeres con pildora anticonceptiva oral de emergencia,2015-06-01,0,0,8,2,0,10
GUAYARAMERIN,"anticoncepcion, prevencion de its y de cancer de cuello uterino",numero de mujeres con pildora anticonceptiva oral de emergencia,2015-06-01,0,1,10,2,0,13
IRUPANA (VILLA DE LANZA),"anticoncepcion, prevencion de its y de cancer de cuello uterino",numero de mujeres con pildora anticonceptiva oral de emergencia,2015-06-01,0,0,0,1,0,1
LA PAZ,"anticoncepcion, prevencion de its y de cancer de cuello uterino",numero de mujeres con pildora anticonceptiva oral de emergencia,2015-06-01,0,2,6,1,0,9
LICOMA PAMPA,"anticoncepcion, prevencion de its y de cancer de cuello uterino",numero de mujeres con pildora anticonceptiva oral de emergencia,2015-06-01,0,0,1,0,0,1
LURIBAY,"anticoncepcion, prevencion de its y de cancer de cuello uterino",numero de mujeres con pildora anticonceptiva oral de emergencia,2015-06-01,0,0,1,0,0,1
MACHARETI,"anticoncepcion, prevencion de its y de cancer de cuello uterino",numero de mujeres con pildora anticonceptiva oral de emergencia,2015-06-01,0,0,2,3,0,5
MECAPACA,"anticoncepcion, prevencion de its y de cancer de cuello uterino",numero de mujeres con pildora anticonceptiva oral de emergencia,2015-06-01,0,0,1,0,0,1
MONTEAGUDO,"anticoncepcion, prevencion de its y de cancer de cuello uterino",numero de mujeres con pildora anticonceptiva oral de emergencia,2015-06-01,0,0,1,0,0,1
MONTERO,"anticoncepcion, prevencion de its y de cancer de cuello uterino",numero de mujeres con pildora anticonceptiva oral de emergencia,2015-06-01,3,2,1,1,0,7
ORURO,"anticoncepcion, prevencion de its y de cancer de cuello uterino",numero de mujeres con pildora anticonceptiva oral de emergencia,2015-06-01,0,18,204,104,36,362
PALOS BLANCOS,"anticoncepcion, prevencion de its y de cancer de cuello uterino",numero de mujeres con pildora anticonceptiva oral de emergencia,2015-06-01,0,0,1,1,0,2
PAPEL PAMPA,"anticoncepcion, prevencion de its y de cancer de cuello uterino",numero de mujeres con pildora anticonceptiva oral de emergencia,2015-06-01,0,0,5,0,0,5
PELECHUCO,"anticoncepcion, prevencion de its y de cancer de cuello uterino",numero de mujeres con pildora anticonceptiva oral de emergencia,2015-06-01,0,0,1,0,0,1
PORCO,"anticoncepcion, prevencion de its y de cancer de cuello uterino",numero de mujeres con pildora anticonceptiva oral de emergencia,2015-06-01,0,0,1,0,0,1
POROMA,"anticoncepcion, prevencion de its y de cancer de cuello uterino",numero de mujeres con pildora anticonceptiva oral de emergencia,2015-06-01,1,1,0,0,0,2
POTOSI,"anticoncepcion, prevencion de its y de cancer de cuello uterino",numero de mujeres con pildora anticonceptiva oral de emergencia,2015-06-01,0,0,3,0,0,3
PRESTO,"anticoncepcion, prevencion de its y de cancer de cuello uterino",numero de mujeres con pildora anticonceptiva oral de emergencia,2015-06-01,0,0,3,0,0,3
QUILLACOLLO,"anticoncepcion, prevencion de its y de cancer de cuello uterino",numero de mujeres con pildora anticonceptiva oral de emergencia,2015-06-01,0,1,3,5,0,9
REYES,"anticoncepcion, prevencion de its y de cancer de cuello uterino",numero de mujeres con pildora anticonceptiva oral de emergencia,2015-06-01,0,0,1,0,0,1
SACABA,"anticoncepcion, prevencion de its y de cancer de cuello uterino",numero de mujeres con pildora anticonceptiva oral de emergencia,2015-06-01,0,3,3,0,0,6
SAN ANTONIO DE ESMORUCO,"anticoncepcion, prevencion de its y de cancer de cuello uterino",numero de mujeres con pildora anticonceptiva oral de emergencia,2015-06-01,0,0,1,0,0,1
SAN CARLOS,"anticoncepcion, prevencion de its y de cancer de cuello uterino",numero de mujeres con pildora anticonceptiva oral de emergencia,2015-06-01,0,1,1,0,0,2
SAN JOSE DE CHIQUITOS,"anticoncepcion, prevencion de its y de cancer de cuello uterino",numero de mujeres con pildora anticonceptiva oral de emergencia,2015-06-01,0,0,2,0,0,2
SAN JULIAN,"anticoncepcion, prevencion de its y de cancer de cuello uterino",numero de mujeres con pildora anticonceptiva oral de emergencia,2015-06-01,0,0,2,0,0,2
SAN PEDRO,"anticoncepcion, prevencion de its y de cancer de cuello uterino",numero de mujeres con pildora anticonceptiva oral de emergencia,2015-06-01,0,3,3,0,0,6
SANTA CRUZ DE LA SIERRA,"anticoncepcion, prevencion de its y de cancer de cuello uterino",numero de mujeres con pildora anticonceptiva oral de emergencia,2015-06-01,0,42,82,3,0,127
SICA SICA (VILLA AROMA),"anticoncepcion, prevencion de its y de cancer de cuello uterino",numero de mujeres con pildora anticonceptiva oral de emergencia,2015-06-01,0,1,0,0,0,1
SOPACHUY,"anticoncepcion, prevencion de its y de cancer de cuello uterino",numero de mujeres con pildora anticonceptiva oral de emergencia,2015-06-01,0,0,1,1,0,2
SUCRE,"anticoncepcion, prevencion de its y de cancer de cuello uterino",numero de mujeres con pildora anticonceptiva oral de emergencia,2015-06-01,0,3,15,3,0,21
TACACOMA,"anticoncepcion, prevencion de its y de cancer de cuello uterino",numero de mujeres con pildora anticonceptiva oral de emergencia,2015-06-01,0,0,1,0,0,1
TARIJA,"anticoncepcion, prevencion de its y de cancer de cuello uterino",numero de mujeres con pildora anticonceptiva oral de emergencia,2015-06-01,0,2,8,6,0,16
TARVITA,"anticoncepcion, prevencion de its y de cancer de cuello uterino",numero de mujeres con pildora anticonceptiva oral de emergencia,2015-06-01,0,1,2,0,0,3
TEOPONTE,"anticoncepcion, prevencion de its y de cancer de cuello uterino",numero de mujeres con pildora anticonceptiva oral de emergencia,2015-06-01,0,0,0,1,0,1
TIPUANI,"anticoncepcion, prevencion de its y de cancer de cuello uterino",numero de mujeres con pildora anticonceptiva oral de emergencia,2015-06-01,0,0,6,1,0,7
TOLEDO,"anticoncepcion, prevencion de its y de cancer de cuello uterino",numero de mujeres con pildora anticonceptiva oral de emergencia,2015-06-01,0,0,1,0,0,1
TOMAVE,"anticoncepcion, prevencion de its y de cancer de cuello uterino",numero de mujeres con pildora anticonceptiva oral de emergencia,2015-06-01,0,0,1,0,0,1
UMALA,"anticoncepcion, prevencion de its y de cancer de cuello uterino",numero de mujeres con pildora anticonceptiva oral de emergencia,2015-06-01,0,0,2,0,0,2
URIONDO (A. CONCEPCION),"anticoncepcion, prevencion de its y de cancer de cuello uterino",numero de mujeres con pildora anticonceptiva oral de emergencia,2015-06-01,0,0,1,0,0,1
VILLA TUNARI,"anticoncepcion, prevencion de its y de cancer de cuello uterino",numero de mujeres con pildora anticonceptiva oral de emergencia,2015-06-01,0,0,2,1,0,3
VILLA VACA GUZMAN (MUYUPAMPA),"anticoncepcion, prevencion de its y de cancer de cuello uterino",numero de mujeres con pildora anticonceptiva oral de emergencia,2015-06-01,0,0,1,0,0,1
WARNES,"anticoncepcion, prevencion de its y de cancer de cuello uterino",numero de mujeres con pildora anticonceptiva oral de emergencia,2015-06-01,0,1,0,0,0,1
ZUDAÑEZ,"anticoncepcion, prevencion de its y de cancer de cuello uterino",numero de mujeres con pildora anticonceptiva oral de emergencia,2015-06-01,0,1,0,0,0,1
ALCALA,"anticoncepcion, prevencion de its y de cancer de cuello uterino",numero de mujeres con pildora anticonceptiva oral de emergencia,2015-07-01,0,0,1,0,0,1
ALTO BENI,"anticoncepcion, prevencion de its y de cancer de cuello uterino",numero de mujeres con pildora anticonceptiva oral de emergencia,2015-07-01,0,1,0,0,0,1
ARQUE,"anticoncepcion, prevencion de its y de cancer de cuello uterino",numero de mujeres con pildora anticonceptiva oral de emergencia,2015-07-01,0,1,0,0,0,1
ASCENCION DE GUARAYOS,"anticoncepcion, prevencion de its y de cancer de cuello uterino",numero de mujeres con pildora anticonceptiva oral de emergencia,2015-07-01,0,0,3,1,0,4
AYATA,"anticoncepcion, prevencion de its y de cancer de cuello uterino",numero de mujeres con pildora anticonceptiva oral de emergencia,2015-07-01,0,0,1,0,0,1
BETANZOS,"anticoncepcion, prevencion de its y de cancer de cuello uterino",numero de mujeres con pildora anticonceptiva oral de emergencia,2015-07-01,0,0,0,2,0,2
"CAIZA ""D""","anticoncepcion, prevencion de its y de cancer de cuello uterino",numero de mujeres con pildora anticonceptiva oral de emergencia,2015-07-01,0,0,2,0,0,2
CAMARGO,"anticoncepcion, prevencion de its y de cancer de cuello uterino",numero de mujeres con pildora anticonceptiva oral de emergencia,2015-07-01,0,0,0,1,0,1
CHIPAYA,"anticoncepcion, prevencion de its y de cancer de cuello uterino",numero de mujeres con pildora anticonceptiva oral de emergencia,2015-07-01,1,0,0,0,0,1
CHULUMANI (V. DE LA LIBERTAD),"anticoncepcion, prevencion de its y de cancer de cuello uterino",numero de mujeres con pildora anticonceptiva oral de emergencia,2015-07-01,0,0,2,0,0,2
COCHABAMBA,"anticoncepcion, prevencion de its y de cancer de cuello uterino",numero de mujeres con pildora anticonceptiva oral de emergencia,2015-07-01,0,9,9,6,0,24
COLCAPIRHUA,"anticoncepcion, prevencion de its y de cancer de cuello uterino",numero de mujeres con pildora anticonceptiva oral de emergencia,2015-07-01,0,0,1,0,0,1
COMARAPA,"anticoncepcion, prevencion de its y de cancer de cuello uterino",numero de mujeres con pildora anticonceptiva oral de emergencia,2015-07-01,0,0,1,0,0,1
CORO CORO,"anticoncepcion, prevencion de its y de cancer de cuello uterino",numero de mujeres con pildora anticonceptiva oral de emergencia,2015-07-01,0,0,1,0,0,1
COROICO,"anticoncepcion, prevencion de its y de cancer de cuello uterino",numero de mujeres con pildora anticonceptiva oral de emergencia,2015-07-01,0,1,30,16,4,51
EL ALTO,"anticoncepcion, prevencion de its y de cancer de cuello uterino",numero de mujeres con pildora anticonceptiva oral de emergencia,2015-07-01,0,61,218,47,3,329
ENTRE RIOS TRJ,"anticoncepcion, prevencion de its y de cancer de cuello uterino",numero de mujeres con pildora anticonceptiva oral de emergencia,2015-07-01,0,0,3,1,0,4
ESCARA,"anticoncepcion, prevencion de its y de cancer de cuello uterino",numero de mujeres con pildora anticonceptiva oral de emergencia,2015-07-01,0,1,0,0,0,1
EXALTACION,"anticoncepcion, prevencion de its y de cancer de cuello uterino",numero de mujeres con pildora anticonceptiva oral de emergencia,2015-07-01,0,0,1,0,0,1
GUANAY,"anticoncepcion, prevencion de its y de cancer de cuello uterino",numero de mujeres con pildora anticonceptiva oral de emergencia,2015-07-01,0,0,2,0,0,2
GUAYARAMERIN,"anticoncepcion, prevencion de its y de cancer de cuello uterino",numero de mujeres con pildora anticonceptiva oral de emergencia,2015-07-01,0,0,4,0,0,4
GUTIERREZ,"anticoncepcion, prevencion de its y de cancer de cuello uterino",numero de mujeres con pildora anticonceptiva oral de emergencia,2015-07-01,0,1,5,1,0,7
HUACARETA,"anticoncepcion, prevencion de its y de cancer de cuello uterino",numero de mujeres con pildora anticonceptiva oral de emergencia,2015-07-01,0,1,1,0,0,2
HUARACAJE,"anticoncepcion, prevencion de its y de cancer de cuello uterino",numero de mujeres con pildora anticonceptiva oral de emergencia,2015-07-01,0,5,8,1,0,14
IRUPANA (VILLA DE LANZA),"anticoncepcion, prevencion de its y de cancer de cuello uterino",numero de mujeres con pildora anticonceptiva oral de emergencia,2015-07-01,0,0,1,0,0,1
JESUS DE MACHACA,"anticoncepcion, prevencion de its y de cancer de cuello uterino",numero de mujeres con pildora anticonceptiva oral de emergencia,2015-07-01,0,0,1,0,0,1
LA PAZ,"anticoncepcion, prevencion de its y de cancer de cuello uterino",numero de mujeres con pildora anticonceptiva oral de emergencia,2015-07-01,0,3,30,7,0,40
LURIBAY,"anticoncepcion, prevencion de its y de cancer de cuello uterino",numero de mujeres con pildora anticonceptiva oral de emergencia,2015-07-01,0,2,0,0,0,2
MACHARETI,"anticoncepcion, prevencion de its y de cancer de cuello uterino",numero de mujeres con pildora anticonceptiva oral de emergencia,2015-07-01,0,3,1,1,0,5
MAIRANA,"anticoncepcion, prevencion de its y de cancer de cuello uterino",numero de mujeres con pildora anticonceptiva oral de emergencia,2015-07-01,0,0,1,0,0,1
MAPIRI,"anticoncepcion, prevencion de its y de cancer de cuello uterino",numero de mujeres con pildora anticonceptiva oral de emergencia,2015-07-01,0,1,5,2,0,8
MINEROS,"anticoncepcion, prevencion de its y de cancer de cuello uterino",numero de mujeres con pildora anticonceptiva oral de emergencia,2015-07-01,0,0,1,0,0,1
NUEVO MANOA (NUEVA ESPERANZA),"anticoncepcion, prevencion de its y de cancer de cuello uterino",numero de mujeres con pildora anticonceptiva oral de emergencia,2015-07-01,0,1,0,0,0,1
OCURI,"anticoncepcion, prevencion de its y de cancer de cuello uterino",numero de mujeres con pildora anticonceptiva oral de emergencia,2015-07-01,0,3,15,11,0,29
PADILLA,"anticoncepcion, prevencion de its y de cancer de cuello uterino",numero de mujeres con pildora anticonceptiva oral de emergencia,2015-07-01,0,1,2,0,0,3
PAPEL PAMPA,"anticoncepcion, prevencion de its y de cancer de cuello uterino",numero de mujeres con pildora anticonceptiva oral de emergencia,2015-07-01,0,0,3,0,0,3
PASORAPA,"anticoncepcion, prevencion de its y de cancer de cuello uterino",numero de mujeres con pildora anticonceptiva oral de emergencia,2015-07-01,0,0,1,0,0,1
PATACAMAYA,"anticoncepcion, prevencion de its y de cancer de cuello uterino",numero de mujeres con pildora anticonceptiva oral de emergencia,2015-07-01,0,1,5,1,0,7
PELECHUCO,"anticoncepcion, prevencion de its y de cancer de cuello uterino",numero de mujeres con pildora anticonceptiva oral de emergencia,2015-07-01,0,0,0,1,0,1
PUERTO RICO,"anticoncepcion, prevencion de its y de cancer de cuello uterino",numero de mujeres con pildora anticonceptiva oral de emergencia,2015-07-01,0,0,1,0,0,1
PUNA,"anticoncepcion, prevencion de its y de cancer de cuello uterino",numero de mujeres con pildora anticonceptiva oral de emergencia,2015-07-01,0,2,4,0,0,6
QUILLACOLLO,"anticoncepcion, prevencion de its y de cancer de cuello uterino",numero de mujeres con pildora anticonceptiva oral de emergencia,2015-07-01,0,2,0,0,0,2
SACABA,"anticoncepcion, prevencion de its y de cancer de cuello uterino",numero de mujeres con pildora anticonceptiva oral de emergencia,2015-07-01,0,1,2,1,0,4
SAIPINA,"anticoncepcion, prevencion de its y de cancer de cuello uterino",numero de mujeres con pildora anticonceptiva oral de emergencia,2015-07-01,0,1,2,0,0,3
SALINAS DE GARCI MENDOZA,"anticoncepcion, prevencion de its y de cancer de cuello uterino",numero de mujeres con pildora anticonceptiva oral de emergencia,2015-07-01,0,0,1,0,0,1
SAN BUENA VENTURA,"anticoncepcion, prevencion de its y de cancer de cuello uterino",numero de mujeres con pildora anticonceptiva oral de emergencia,2015-07-01,0,0,1,1,0,2
SAN CARLOS,"anticoncepcion, prevencion de its y de cancer de cuello uterino",numero de mujeres con pildora anticonceptiva oral de emergencia,2015-07-01,0,0,0,1,0,1
SAN IGNACIO,"anticoncepcion, prevencion de its y de cancer de cuello uterino",numero de mujeres con pildora anticonceptiva oral de emergencia,2015-07-01,0,0,1,3,0,4
SAN JUAN DE YAPACANI,"anticoncepcion, prevencion de its y de cancer de cuello uterino",numero de mujeres con pildora anticonceptiva oral de emergencia,2015-07-01,0,0,15,0,0,15
SAN LORENZO(PND),"anticoncepcion, prevencion de its y de cancer de cuello uterino",numero de mujeres con pildora anticonceptiva oral de emergencia,2015-07-01,0,6,12,7,0,25
SAN PEDRO,"anticoncepcion, prevencion de its y de cancer de cuello uterino",numero de mujeres con pildora anticonceptiva oral de emergencia,2015-07-01,0,0,5,0,0,5
SANTA CRUZ DE LA SIERRA,"anticoncepcion, prevencion de its y de cancer de cuello uterino",numero de mujeres con pildora anticonceptiva oral de emergencia,2015-07-01,0,2,8,4,0,14
SANTUARIO DE QUILLACAS,"anticoncepcion, prevencion de its y de cancer de cuello uterino",numero de mujeres con pildora anticonceptiva oral de emergencia,2015-07-01,0,0,2,0,0,2
SICA SICA (VILLA AROMA),"anticoncepcion, prevencion de its y de cancer de cuello uterino",numero de mujeres con pildora anticonceptiva oral de emergencia,2015-07-01,0,1,2,0,0,3
SORATA,"anticoncepcion, prevencion de its y de cancer de cuello uterino",numero de mujeres con pildora anticonceptiva oral de emergencia,2015-07-01,0,1,0,0,0,1
SUCRE,"anticoncepcion, prevencion de its y de cancer de cuello uterino",numero de mujeres con pildora anticonceptiva oral de emergencia,2015-07-01,0,7,16,3,0,26
TAPACARI,"anticoncepcion, prevencion de its y de cancer de cuello uterino",numero de mujeres con pildora anticonceptiva oral de emergencia,2015-07-01,0,1,0,0,0,1
TARABUCO,"anticoncepcion, prevencion de its y de cancer de cuello uterino",numero de mujeres con pildora anticonceptiva oral de emergencia,2015-07-01,0,0,1,0,0,1
TARIJA,"anticoncepcion, prevencion de its y de cancer de cuello uterino",numero de mujeres con pildora anticonceptiva oral de emergencia,2015-07-01,0,2,9,8,0,19
TARVITA,"anticoncepcion, prevencion de its y de cancer de cuello uterino",numero de mujeres con pildora anticonceptiva oral de emergencia,2015-07-01,0,1,0,0,0,1
TEOPONTE,"anticoncepcion, prevencion de its y de cancer de cuello uterino",numero de mujeres con pildora anticonceptiva oral de emergencia,2015-07-01,0,8,29,4,0,41
TIAWANACU,"anticoncepcion, prevencion de its y de cancer de cuello uterino",numero de mujeres con pildora anticonceptiva oral de emergencia,2015-07-01,0,0,1,0,0,1
TIPUANI,"anticoncepcion, prevencion de its y de cancer de cuello uterino",numero de mujeres con pildora anticonceptiva oral de emergencia,2015-07-01,0,1,2,0,0,3
TOMAVE,"anticoncepcion, prevencion de its y de cancer de cuello uterino",numero de mujeres con pildora anticonceptiva oral de emergencia,2015-07-01,0,2,5,1,0,8
TRINIDAD,"anticoncepcion, prevencion de its y de cancer de cuello uterino",numero de mujeres con pildora anticonceptiva oral de emergencia,2015-07-01,0,3,4,0,0,7
VIACHA,"anticoncepcion, prevencion de its y de cancer de cuello uterino",numero de mujeres con pildora anticonceptiva oral de emergencia,2015-07-01,0,4,26,9,1,40
VILLA VACA GUZMAN (MUYUPAMPA),"anticoncepcion, prevencion de its y de cancer de cuello uterino",numero de mujeres con pildora anticonceptiva oral de emergencia,2015-07-01,0,2,3,0,0,5
VINTO,"anticoncepcion, prevencion de its y de cancer de cuello uterino",numero de mujeres con pildora anticonceptiva oral de emergencia,2015-07-01,0,1,0,0,0,1
YACUIBA,"anticoncepcion, prevencion de its y de cancer de cuello uterino",numero de mujeres con pildora anticonceptiva oral de emergencia,2015-07-01,0,0,1,0,0,1
ATOCHA,"anticoncepcion, prevencion de its y de cancer de cuello uterino",numero de mujeres con pildora anticonceptiva oral de emergencia,2015-08-01,0,0,1,0,0,1
AYATA,"anticoncepcion, prevencion de its y de cancer de cuello uterino",numero de mujeres con pildora anticonceptiva oral de emergencia,2015-08-01,0,0,1,0,0,1
BETANZOS,"anticoncepcion, prevencion de its y de cancer de cuello uterino",numero de mujeres con pildora anticonceptiva oral de emergencia,2015-08-01,0,1,0,0,0,1
BOLPEBRA,"anticoncepcion, prevencion de its y de cancer de cuello uterino",numero de mujeres con pildora anticonceptiva oral de emergencia,2015-08-01,0,0,0,3,0,3
CABEZAS,"anticoncepcion, prevencion de its y de cancer de cuello uterino",numero de mujeres con pildora anticonceptiva oral de emergencia,2015-08-01,0,2,4,0,0,6
CAIROMA,"anticoncepcion, prevencion de its y de cancer de cuello uterino",numero de mujeres con pildora anticonceptiva oral de emergencia,2015-08-01,0,0,1,0,0,1
"CAIZA ""D""","anticoncepcion, prevencion de its y de cancer de cuello uterino",numero de mujeres con pildora anticonceptiva oral de emergencia,2015-08-01,0,0,4,0,0,4
CAJUATA,"anticoncepcion, prevencion de its y de cancer de cuello uterino",numero de mujeres con pildora anticonceptiva oral de emergencia,2015-08-01,0,0,1,0,0,1
CAMARGO,"anticoncepcion, prevencion de its y de cancer de cuello uterino",numero de mujeres con pildora anticonceptiva oral de emergencia,2015-08-01,0,0,1,0,0,1
CAMATAQUI (C. VILLA ABECIA),"anticoncepcion, prevencion de its y de cancer de cuello uterino",numero de mujeres con pildora anticonceptiva oral de emergencia,2015-08-01,0,1,1,0,0,2
CAQUIAVIRI,"anticoncepcion, prevencion de its y de cancer de cuello uterino",numero de mujeres con pildora anticonceptiva oral de emergencia,2015-08-01,0,0,1,0,0,1
CHACARILLA,"anticoncepcion, prevencion de its y de cancer de cuello uterino",numero de mujeres con pildora anticonceptiva oral de emergencia,2015-08-01,0,1,0,0,0,1
CHIMORE,"anticoncepcion, prevencion de its y de cancer de cuello uterino",numero de mujeres con pildora anticonceptiva oral de emergencia,2015-08-01,0,1,1,0,0,2
CHUMA,"anticoncepcion, prevencion de its y de cancer de cuello uterino",numero de mujeres con pildora anticonceptiva oral de emergencia,2015-08-01,0,0,1,0,0,1
CKOCHAS,"anticoncepcion, prevencion de its y de cancer de cuello uterino",numero de mujeres con pildora anticonceptiva oral de emergencia,2015-08-01,1,0,0,0,0,1
COBIJA,"anticoncepcion, prevencion de its y de cancer de cuello uterino",numero de mujeres con pildora anticonceptiva oral de emergencia,2015-08-01,1,0,0,0,0,1
COCHABAMBA,"anticoncepcion, prevencion de its y de cancer de cuello uterino",numero de mujeres con pildora anticonceptiva oral de emergencia,2015-08-01,33,51,135,66,0,285
CORIPATA,"anticoncepcion, prevencion de its y de cancer de cuello uterino",numero de mujeres con pildora anticonceptiva oral de emergencia,2015-08-01,0,0,1,0,0,1
CUEVO,"anticoncepcion, prevencion de its y de cancer de cuello uterino",numero de mujeres con pildora anticonceptiva oral de emergencia,2015-08-01,0,0,1,0,0,1
CULPINA,"anticoncepcion, prevencion de its y de cancer de cuello uterino",numero de mujeres con pildora anticonceptiva oral de emergencia,2015-08-01,0,1,1,0,0,2
EL ALTO,"anticoncepcion, prevencion de its y de cancer de cuello uterino",numero de mujeres con pildora anticonceptiva oral de emergencia,2015-08-01,0,4,2,3,0,9
EL CHORO,"anticoncepcion, prevencion de its y de cancer de cuello uterino",numero de mujeres con pildora anticonceptiva oral de emergencia,2015-08-01,0,0,0,1,0,1
ENTRE RIOS TRJ,"anticoncepcion, prevencion de its y de cancer de cuello uterino",numero de mujeres con pildora anticonceptiva oral de emergencia,2015-08-01,1,0,0,0,0,1
ENTRE RIOS CBBA,"anticoncepcion, prevencion de its y de cancer de cuello uterino",numero de mujeres con pildora anticonceptiva oral de emergencia,2015-08-01,0,1,10,2,0,13
GRAL. J.J. PEREZ (CHARAZANI),"anticoncepcion, prevencion de its y de cancer de cuello uterino",numero de mujeres con pildora anticonceptiva oral de emergencia,2015-08-01,0,1,0,0,0,1
GUANAY,"anticoncepcion, prevencion de its y de cancer de cuello uterino",numero de mujeres con pildora anticonceptiva oral de emergencia,2015-08-01,0,0,7,4,0,11
GUAYARAMERIN,"anticoncepcion, prevencion de its y de cancer de cuello uterino",numero de mujeres con pildora anticonceptiva oral de emergencia,2015-08-01,1,3,14,1,0,19
HUACARETA,"anticoncepcion, prevencion de its y de cancer de cuello uterino",numero de mujeres con pildora anticonceptiva oral de emergencia,2015-08-01,0,0,2,0,0,2
INCAHUASI,"anticoncepcion, prevencion de its y de cancer de cuello uterino",numero de mujeres con pildora anticonceptiva oral de emergencia,2015-08-01,0,0,1,0,0,1
INQUISIVI,"anticoncepcion, prevencion de its y de cancer de cuello uterino",numero de mujeres con pildora anticonceptiva oral de emergencia,2015-08-01,0,0,1,0,0,1
JESUS DE MACHACA,"anticoncepcion, prevencion de its y de cancer de cuello uterino",numero de mujeres con pildora anticonceptiva oral de emergencia,2015-08-01,0,1,0,0,0,1
LA ASUNTA,"anticoncepcion, prevencion de its y de cancer de cuello uterino",numero de mujeres con pildora anticonceptiva oral de emergencia,2015-08-01,0,1,3,0,0,4
LA PAZ,"anticoncepcion, prevencion de its y de cancer de cuello uterino",numero de mujeres con pildora anticonceptiva oral de emergencia,2015-08-01,0,2,43,15,2,62
LLALLAGUA,"anticoncepcion, prevencion de its y de cancer de cuello uterino",numero de mujeres con pildora anticonceptiva oral de emergencia,2015-08-01,0,0,1,0,0,1
LURIBAY,"anticoncepcion, prevencion de its y de cancer de cuello uterino",numero de mujeres con pildora anticonceptiva oral de emergencia,2015-08-01,0,1,0,0,0,1
MACHARETI,"anticoncepcion, prevencion de its y de cancer de cuello uterino",numero de mujeres con pildora anticonceptiva oral de emergencia,2015-08-01,0,0,3,2,0,5
MECAPACA,"anticoncepcion, prevencion de its y de cancer de cuello uterino",numero de mujeres con pildora anticonceptiva oral de emergencia,2015-08-01,0,0,0,1,0,1
MINEROS,"anticoncepcion, prevencion de its y de cancer de cuello uterino",numero de mujeres con pildora anticonceptiva oral de emergencia,2015-08-01,0,1,0,0,0,1
MIZQUE,"anticoncepcion, prevencion de its y de cancer de cuello uterino",numero de mujeres con pildora anticonceptiva oral de emergencia,2015-08-01,0,0,1,1,0,2
MOCOMOCO,"anticoncepcion, prevencion de its y de cancer de cuello uterino",numero de mujeres con pildora anticonceptiva oral de emergencia,2015-08-01,0,0,1,0,0,1
MOJOCOYA,"anticoncepcion, prevencion de its y de cancer de cuello uterino",numero de mujeres con pildora anticonceptiva oral de emergencia,2015-08-01,0,1,0,0,0,1
OMEREQUE,"anticoncepcion, prevencion de its y de cancer de cuello uterino",numero de mujeres con pildora anticonceptiva oral de emergencia,2015-08-01,0,3,4,0,0,7
ORURO,"anticoncepcion, prevencion de its y de cancer de cuello uterino",numero de mujeres con pildora anticonceptiva oral de emergencia,2015-08-01,0,1,4,0,0,5
PADCAYA,"anticoncepcion, prevencion de its y de cancer de cuello uterino",numero de mujeres con pildora anticonceptiva oral de emergencia,2015-08-01,0,1,2,0,0,3
PAILON,"anticoncepcion, prevencion de its y de cancer de cuello uterino",numero de mujeres con pildora anticonceptiva oral de emergencia,2015-08-01,0,59,149,25,1,234
PALOS BLANCOS,"anticoncepcion, prevencion de its y de cancer de cuello uterino",numero de mujeres con pildora anticonceptiva oral de emergencia,2015-08-01,0,0,1,1,0,2
PAMPA GRANDE,"anticoncepcion, prevencion de its y de cancer de cuello uterino",numero de mujeres con pildora anticonceptiva oral de emergencia,2015-08-01,0,1,0,0,0,1
PAPEL PAMPA,"anticoncepcion, prevencion de its y de cancer de cuello uterino",numero de mujeres con pildora anticonceptiva oral de emergencia,2015-08-01,0,0,1,0,0,1
PORCO,"anticoncepcion, prevencion de its y de cancer de cuello uterino",numero de mujeres con pildora anticonceptiva oral de emergencia,2015-08-01,0,0,1,0,0,1
POROMA,"anticoncepcion, prevencion de its y de cancer de cuello uterino",numero de mujeres con pildora anticonceptiva oral de emergencia,2015-08-01,0,1,2,0,0,3
POTOSI,"anticoncepcion, prevencion de its y de cancer de cuello uterino",numero de mujeres con pildora anticonceptiva oral de emergencia,2015-08-01,0,1,14,0,0,15
PRESTO,"anticoncepcion, prevencion de its y de cancer de cuello uterino",numero de mujeres con pildora anticonceptiva oral de emergencia,2015-08-01,0,1,0,0,0,1
PUERTO RICO,"anticoncepcion, prevencion de its y de cancer de cuello uterino",numero de mujeres con pildora anticonceptiva oral de emergencia,2015-08-01,0,0,2,0,0,2
PUNA,"anticoncepcion, prevencion de its y de cancer de cuello uterino",numero de mujeres con pildora anticonceptiva oral de emergencia,2015-08-01,0,0,1,0,0,1
QUILLACOLLO,"anticoncepcion, prevencion de its y de cancer de cuello uterino",numero de mujeres con pildora anticonceptiva oral de emergencia,2015-08-01,0,1,212,30,0,243
RAVELO,"anticoncepcion, prevencion de its y de cancer de cuello uterino",numero de mujeres con pildora anticonceptiva oral de emergencia,2015-08-01,0,1,0,0,0,1
SAIPINA,"anticoncepcion, prevencion de its y de cancer de cuello uterino",numero de mujeres con pildora anticonceptiva oral de emergencia,2015-08-01,0,0,19,2,0,21
SAN ANDRES,"anticoncepcion, prevencion de its y de cancer de cuello uterino",numero de mujeres con pildora anticonceptiva oral de emergencia,2015-08-01,0,2,4,6,0,12
SAN MATIAS,"anticoncepcion, prevencion de its y de cancer de cuello uterino",numero de mujeres con pildora anticonceptiva oral de emergencia,2015-08-01,0,0,1,0,0,1
SAN PEDRO,"anticoncepcion, prevencion de its y de cancer de cuello uterino",numero de mujeres con pildora anticonceptiva oral de emergencia,2015-08-01,0,0,3,0,0,3
SANTA CRUZ DE LA SIERRA,"anticoncepcion, prevencion de its y de cancer de cuello uterino",numero de mujeres con pildora anticonceptiva oral de emergencia,2015-08-01,0,1,7,1,0,9
SUCRE,"anticoncepcion, prevencion de its y de cancer de cuello uterino",numero de mujeres con pildora anticonceptiva oral de emergencia,2015-08-01,0,3,7,1,0,11
TARABUCO,"anticoncepcion, prevencion de its y de cancer de cuello uterino",numero de mujeres con pildora anticonceptiva oral de emergencia,2015-08-01,0,1,1,0,0,2
TARIJA,"anticoncepcion, prevencion de its y de cancer de cuello uterino",numero de mujeres con pildora anticonceptiva oral de emergencia,2015-08-01,0,10,10,3,0,23
TEOPONTE,"anticoncepcion, prevencion de its y de cancer de cuello uterino",numero de mujeres con pildora anticonceptiva oral de emergencia,2015-08-01,0,7,12,0,0,19
TIPUANI,"anticoncepcion, prevencion de its y de cancer de cuello uterino",numero de mujeres con pildora anticonceptiva oral de emergencia,2015-08-01,0,1,0,0,0,1
TOLEDO,"anticoncepcion, prevencion de its y de cancer de cuello uterino",numero de mujeres con pildora anticonceptiva oral de emergencia,2015-08-01,0,0,3,0,0,3
TOMAVE,"anticoncepcion, prevencion de its y de cancer de cuello uterino",numero de mujeres con pildora anticonceptiva oral de emergencia,2015-08-01,0,0,1,1,0,2
TRINIDAD,"anticoncepcion, prevencion de its y de cancer de cuello uterino",numero de mujeres con pildora anticonceptiva oral de emergencia,2015-08-01,0,8,13,0,0,21
VILLA CHARCAS,"anticoncepcion, prevencion de its y de cancer de cuello uterino",numero de mujeres con pildora anticonceptiva oral de emergencia,2015-08-01,1,0,0,0,0,1
VILLA SERRANO,"anticoncepcion, prevencion de its y de cancer de cuello uterino",numero de mujeres con pildora anticonceptiva oral de emergencia,2015-08-01,0,0,0,1,0,1
VILLA VACA GUZMAN (MUYUPAMPA),"anticoncepcion, prevencion de its y de cancer de cuello uterino",numero de mujeres con pildora anticonceptiva oral de emergencia,2015-08-01,0,0,1,0,0,1
WARNES,"anticoncepcion, prevencion de its y de cancer de cuello uterino",numero de mujeres con pildora anticonceptiva oral de emergencia,2015-08-01,0,0,2,0,0,2
YAMPARAEZ,"anticoncepcion, prevencion de its y de cancer de cuello uterino",numero de mujeres con pildora anticonceptiva oral de emergencia,2015-08-01,0,1,0,0,0,1
AIQUILE,"anticoncepcion, prevencion de its y de cancer de cuello uterino",numero de mujeres con pildora anticonceptiva oral de emergencia,2015-09-01,1,0,0,0,0,1
ALCALA,"anticoncepcion, prevencion de its y de cancer de cuello uterino",numero de mujeres con pildora anticonceptiva oral de emergencia,2015-09-01,0,1,1,0,0,2
ALTO BENI,"anticoncepcion, prevencion de its y de cancer de cuello uterino",numero de mujeres con pildora anticonceptiva oral de emergencia,2015-09-01,0,0,1,0,0,1
ANTEQUERA,"anticoncepcion, prevencion de its y de cancer de cuello uterino",numero de mujeres con pildora anticonceptiva oral de emergencia,2015-09-01,0,1,0,0,0,1
ARQUE,"anticoncepcion, prevencion de its y de cancer de cuello uterino",numero de mujeres con pildora anticonceptiva oral de emergencia,2015-09-01,0,0,1,0,0,1
ASCENCION DE GUARAYOS,"anticoncepcion, prevencion de its y de cancer de cuello uterino",numero de mujeres con pildora anticonceptiva oral de emergencia,2015-09-01,0,1,0,0,0,1
AYATA,"anticoncepcion, prevencion de its y de cancer de cuello uterino",numero de mujeres con pildora anticonceptiva oral de emergencia,2015-09-01,0,0,1,0,0,1
BAURES,"anticoncepcion, prevencion de its y de cancer de cuello uterino",numero de mujeres con pildora anticonceptiva oral de emergencia,2015-09-01,0,0,2,0,0,2
CABEZAS,"anticoncepcion, prevencion de its y de cancer de cuello uterino",numero de mujeres con pildora anticonceptiva oral de emergencia,2015-09-01,0,1,2,1,0,4
"CAIZA ""D""","anticoncepcion, prevencion de its y de cancer de cuello uterino",numero de mujeres con pildora anticonceptiva oral de emergencia,2015-09-01,0,0,1,0,0,1
CAMARGO,"anticoncepcion, prevencion de its y de cancer de cuello uterino",numero de mujeres con pildora anticonceptiva oral de emergencia,2015-09-01,0,0,2,0,0,2
CARACOLLO,"anticoncepcion, prevencion de its y de cancer de cuello uterino",numero de mujeres con pildora anticonceptiva oral de emergencia,2015-09-01,0,1,1,0,0,2
CHARAGUA,"anticoncepcion, prevencion de its y de cancer de cuello uterino",numero de mujeres con pildora anticonceptiva oral de emergencia,2015-09-01,0,0,1,0,0,1
CHUMA,"anticoncepcion, prevencion de its y de cancer de cuello uterino",numero de mujeres con pildora anticonceptiva oral de emergencia,2015-09-01,0,0,2,0,0,2
COBIJA,"anticoncepcion, prevencion de its y de cancer de cuello uterino",numero de mujeres con pildora anticonceptiva oral de emergencia,2015-09-01,0,4,12,1,0,17
COCHABAMBA,"anticoncepcion, prevencion de its y de cancer de cuello uterino",numero de mujeres con pildora anticonceptiva oral de emergencia,2015-09-01,1,2,13,4,0,20
COLQUENCHA,"anticoncepcion, prevencion de its y de cancer de cuello uterino",numero de mujeres con pildora anticonceptiva oral de emergencia,2015-09-01,0,1,0,0,0,1
CORIPATA,"anticoncepcion, prevencion de its y de cancer de cuello uterino",numero de mujeres con pildora anticonceptiva oral de emergencia,2015-09-01,0,1,0,0,0,1
CUEVO,"anticoncepcion, prevencion de its y de cancer de cuello uterino",numero de mujeres con pildora anticonceptiva oral de emergencia,2015-09-01,0,0,1,0,0,1
EL ALTO,"anticoncepcion, prevencion de its y de cancer de cuello uterino",numero de mujeres con pildora anticonceptiva oral de emergencia,2015-09-01,0,3,23,15,8,49
ENTRE RIOS TRJ,"anticoncepcion, prevencion de its y de cancer de cuello uterino",numero de mujeres con pildora anticonceptiva oral de emergencia,2015-09-01,0,0,0,1,0,1
GUAYARAMERIN,"anticoncepcion, prevencion de its y de cancer de cuello uterino",numero de mujeres con pildora anticonceptiva oral de emergencia,2015-09-01,0,0,2,0,0,2
HUACARETA,"anticoncepcion, prevencion de its y de cancer de cuello uterino",numero de mujeres con pildora anticonceptiva oral de emergencia,2015-09-01,0,0,2,0,0,2
INCAHUASI,"anticoncepcion, prevencion de its y de cancer de cuello uterino",numero de mujeres con pildora anticonceptiva oral de emergencia,2015-09-01,0,0,2,0,0,2
JESUS DE MACHACA,"anticoncepcion, prevencion de its y de cancer de cuello uterino",numero de mujeres con pildora anticonceptiva oral de emergencia,2015-09-01,0,0,0,1,0,1
LA ASUNTA,"anticoncepcion, prevencion de its y de cancer de cuello uterino",numero de mujeres con pildora anticonceptiva oral de emergencia,2015-09-01,0,1,0,0,0,1
LA PAZ,"anticoncepcion, prevencion de its y de cancer de cuello uterino",numero de mujeres con pildora anticonceptiva oral de emergencia,2015-09-01,1,9,34,5,0,49
LAS CARRERAS,"anticoncepcion, prevencion de its y de cancer de cuello uterino",numero de mujeres con pildora anticonceptiva oral de emergencia,2015-09-01,0,1,0,0,0,1
LICOMA PAMPA,"anticoncepcion, prevencion de its y de cancer de cuello uterino",numero de mujeres con pildora anticonceptiva oral de emergencia,2015-09-01,0,0,1,0,0,1
MACHARETI,"anticoncepcion, prevencion de its y de cancer de cuello uterino",numero de mujeres con pildora anticonceptiva oral de emergencia,2015-09-01,0,0,5,0,0,5
MAPIRI,"anticoncepcion, prevencion de its y de cancer de cuello uterino",numero de mujeres con pildora anticonceptiva oral de emergencia,2015-09-01,0,1,4,1,0,6
MIZQUE,"anticoncepcion, prevencion de its y de cancer de cuello uterino",numero de mujeres con pildora anticonceptiva oral de emergencia,2015-09-01,0,0,2,0,0,2
MONTEAGUDO,"anticoncepcion, prevencion de its y de cancer de cuello uterino",numero de mujeres con pildora anticonceptiva oral de emergencia,2015-09-01,0,0,1,0,0,1
MONTERO,"anticoncepcion, prevencion de its y de cancer de cuello uterino",numero de mujeres con pildora anticonceptiva oral de emergencia,2015-09-01,3,2,1,1,0,7
NUEVO MANOA (NUEVA ESPERANZA),"anticoncepcion, prevencion de its y de cancer de cuello uterino",numero de mujeres con pildora anticonceptiva oral de emergencia,2015-09-01,0,0,1,0,0,1
OCURI,"anticoncepcion, prevencion de its y de cancer de cuello uterino",numero de mujeres con pildora anticonceptiva oral de emergencia,2015-09-01,0,2,24,11,0,37
OMEREQUE,"anticoncepcion, prevencion de its y de cancer de cuello uterino",numero de mujeres con pildora anticonceptiva oral de emergencia,2015-09-01,0,1,3,3,0,7
ORURO,"anticoncepcion, prevencion de its y de cancer de cuello uterino",numero de mujeres con pildora anticonceptiva oral de emergencia,2015-09-01,0,0,10,2,0,12
PADILLA,"anticoncepcion, prevencion de its y de cancer de cuello uterino",numero de mujeres con pildora anticonceptiva oral de emergencia,2015-09-01,0,0,1,0,0,1
PALOS BLANCOS,"anticoncepcion, prevencion de its y de cancer de cuello uterino",numero de mujeres con pildora anticonceptiva oral de emergencia,2015-09-01,0,0,2,1,0,3
PAPEL PAMPA,"anticoncepcion, prevencion de its y de cancer de cuello uterino",numero de mujeres con pildora anticonceptiva oral de emergencia,2015-09-01,0,0,1,0,0,1
PORCO,"anticoncepcion, prevencion de its y de cancer de cuello uterino",numero de mujeres con pildora anticonceptiva oral de emergencia,2015-09-01,0,0,1,0,0,1
POROMA,"anticoncepcion, prevencion de its y de cancer de cuello uterino",numero de mujeres con pildora anticonceptiva oral de emergencia,2015-09-01,1,0,0,4,0,5
PORONGO,"anticoncepcion, prevencion de its y de cancer de cuello uterino",numero de mujeres con pildora anticonceptiva oral de emergencia,2015-09-01,0,0,7,0,0,7
POTOSI,"anticoncepcion, prevencion de its y de cancer de cuello uterino",numero de mujeres con pildora anticonceptiva oral de emergencia,2015-09-01,0,0,31,5,0,36
PRESTO,"anticoncepcion, prevencion de its y de cancer de cuello uterino",numero de mujeres con pildora anticonceptiva oral de emergencia,2015-09-01,0,0,2,0,0,2
PUERTO QUIJARRO,"anticoncepcion, prevencion de its y de cancer de cuello uterino",numero de mujeres con pildora anticonceptiva oral de emergencia,2015-09-01,0,0,0,1,0,1
PUNA,"anticoncepcion, prevencion de its y de cancer de cuello uterino",numero de mujeres con pildora anticonceptiva oral de emergencia,2015-09-01,0,4,8,2,2,16
QUILLACOLLO,"anticoncepcion, prevencion de its y de cancer de cuello uterino",numero de mujeres con pildora anticonceptiva oral de emergencia,2015-09-01,0,3,6,1,0,10
RAVELO,"anticoncepcion, prevencion de its y de cancer de cuello uterino",numero de mujeres con pildora anticonceptiva oral de emergencia,2015-09-01,0,1,3,1,0,5
SACABA,"anticoncepcion, prevencion de its y de cancer de cuello uterino",numero de mujeres con pildora anticonceptiva oral de emergencia,2015-09-01,0,0,1,0,0,1
SALINAS DE GARCI MENDOZA,"anticoncepcion, prevencion de its y de cancer de cuello uterino",numero de mujeres con pildora anticonceptiva oral de emergencia,2015-09-01,0,1,0,0,0,1
SAMAIPATA,"anticoncepcion, prevencion de its y de cancer de cuello uterino",numero de mujeres con pildora anticonceptiva oral de emergencia,2015-09-01,0,1,0,0,0,1
SAN IGNACIO,"anticoncepcion, prevencion de its y de cancer de cuello uterino",numero de mujeres con pildora anticonceptiva oral de emergencia,2015-09-01,0,0,1,0,0,1
SAN JULIAN,"anticoncepcion, prevencion de its y de cancer de cuello uterino",numero de mujeres con pildora anticonceptiva oral de emergencia,2015-09-01,0,2,1,4,0,7
SAN PEDRO,"anticoncepcion, prevencion de its y de cancer de cuello uterino",numero de mujeres con pildora anticonceptiva oral de emergencia,2015-09-01,0,0,4,1,0,5
SAN PEDRO DE CURAHUARA,"anticoncepcion, prevencion de its y de cancer de cuello uterino",numero de mujeres con pildora anticonceptiva oral de emergencia,2015-09-01,0,0,1,0,0,1
SANTA CRUZ DE LA SIERRA,"anticoncepcion, prevencion de its y de cancer de cuello uterino",numero de mujeres con pildora anticonceptiva oral de emergencia,2015-09-01,0,2,3,0,0,5
SANTUARIO DE QUILLACAS,"anticoncepcion, prevencion de its y de cancer de cuello uterino",numero de mujeres con pildora anticonceptiva oral de emergencia,2015-09-01,0,0,0,1,0,1
SICA SICA (VILLA AROMA),"anticoncepcion, prevencion de its y de cancer de cuello uterino",numero de mujeres con pildora anticonceptiva oral de emergencia,2015-09-01,0,0,1,0,0,1
SOPACHUY,"anticoncepcion, prevencion de its y de cancer de cuello uterino",numero de mujeres con pildora anticonceptiva oral de emergencia,2015-09-01,1,0,0,0,0,1
SORATA,"anticoncepcion, prevencion de its y de cancer de cuello uterino",numero de mujeres con pildora anticonceptiva oral de emergencia,2015-09-01,0,0,1,1,0,2
SUCRE,"anticoncepcion, prevencion de its y de cancer de cuello uterino",numero de mujeres con pildora anticonceptiva oral de emergencia,2015-09-01,0,15,87,44,5,151
TARABUCO,"anticoncepcion, prevencion de its y de cancer de cuello uterino",numero de mujeres con pildora anticonceptiva oral de emergencia,2015-09-01,0,0,1,0,0,1
TARACO,"anticoncepcion, prevencion de its y de cancer de cuello uterino",numero de mujeres con pildora anticonceptiva oral de emergencia,2015-09-01,1,0,0,0,0,1
TARIJA,"anticoncepcion, prevencion de its y de cancer de cuello uterino",numero de mujeres con pildora anticonceptiva oral de emergencia,2015-09-01,1,15,48,27,4,95
TARVITA,"anticoncepcion, prevencion de its y de cancer de cuello uterino",numero de mujeres con pildora anticonceptiva oral de emergencia,2015-09-01,0,0,1,0,0,1
TIAWANACU,"anticoncepcion, prevencion de its y de cancer de cuello uterino",numero de mujeres con pildora anticonceptiva oral de emergencia,2015-09-01,0,0,2,0,0,2
TOLEDO,"anticoncepcion, prevencion de its y de cancer de cuello uterino",numero de mujeres con pildora anticonceptiva oral de emergencia,2015-09-01,0,0,4,0,0,4
TOMAVE,"anticoncepcion, prevencion de its y de cancer de cuello uterino",numero de mujeres con pildora anticonceptiva oral de emergencia,2015-09-01,0,2,2,0,0,4
TOMINA,"anticoncepcion, prevencion de its y de cancer de cuello uterino",numero de mujeres con pildora anticonceptiva oral de emergencia,2015-09-01,0,1,1,0,0,2
TRINIDAD,"anticoncepcion, prevencion de its y de cancer de cuello uterino",numero de mujeres con pildora anticonceptiva oral de emergencia,2015-09-01,0,8,16,2,0,26
TURCO,"anticoncepcion, prevencion de its y de cancer de cuello uterino",numero de mujeres con pildora anticonceptiva oral de emergencia,2015-09-01,0,1,0,0,0,1
UMALA,"anticoncepcion, prevencion de its y de cancer de cuello uterino",numero de mujeres con pildora anticonceptiva oral de emergencia,2015-09-01,0,0,1,0,0,1
VIACHA,"anticoncepcion, prevencion de its y de cancer de cuello uterino",numero de mujeres con pildora anticonceptiva oral de emergencia,2015-09-01,0,11,24,31,0,66
VILLA VACA GUZMAN (MUYUPAMPA),"anticoncepcion, prevencion de its y de cancer de cuello uterino",numero de mujeres con pildora anticonceptiva oral de emergencia,2015-09-01,0,4,8,1,0,13
WALDO BALLIVIAN,"anticoncepcion, prevencion de its y de cancer de cuello uterino",numero de mujeres con pildora anticonceptiva oral de emergencia,2015-09-01,0,1,0,0,0,1
WARNES,"anticoncepcion, prevencion de its y de cancer de cuello uterino",numero de mujeres con pildora anticonceptiva oral de emergencia,2015-09-01,0,8,41,4,0,53
YACO,"anticoncepcion, prevencion de its y de cancer de cuello uterino",numero de mujeres con pildora anticonceptiva oral de emergencia,2015-09-01,1,0,0,0,0,1
YACUIBA,"anticoncepcion, prevencion de its y de cancer de cuello uterino",numero de mujeres con pildora anticonceptiva oral de emergencia,2015-09-01,0,0,1,0,0,1
YAMPARAEZ,"anticoncepcion, prevencion de its y de cancer de cuello uterino",numero de mujeres con pildora anticonceptiva oral de emergencia,2015-09-01,0,0,15,0,0,15
YAPACANI,"anticoncepcion, prevencion de its y de cancer de cuello uterino",numero de mujeres con pildora anticonceptiva oral de emergencia,2015-09-01,16,11,27,6,0,60
YOTALA,"anticoncepcion, prevencion de its y de cancer de cuello uterino",numero de mujeres con pildora anticonceptiva oral de emergencia,2015-09-01,0,0,37,4,0,41
ALCALA,"anticoncepcion, prevencion de its y de cancer de cuello uterino",numero de mujeres con pildora anticonceptiva oral de emergencia,2015-10-01,0,2,1,0,0,3
ASCENCION DE GUARAYOS,"anticoncepcion, prevencion de its y de cancer de cuello uterino",numero de mujeres con pildora anticonceptiva oral de emergencia,2015-10-01,0,0,9,0,0,9
BELLA FLOR,"anticoncepcion, prevencion de its y de cancer de cuello uterino",numero de mujeres con pildora anticonceptiva oral de emergencia,2015-10-01,0,0,1,0,0,1
BETANZOS,"anticoncepcion, prevencion de its y de cancer de cuello uterino",numero de mujeres con pildora anticonceptiva oral de emergencia,2015-10-01,0,0,0,1,0,1
BOLIVAR,"anticoncepcion, prevencion de its y de cancer de cuello uterino",numero de mujeres con pildora anticonceptiva oral de emergencia,2015-10-01,0,0,0,1,0,1
CABEZAS,"anticoncepcion, prevencion de its y de cancer de cuello uterino",numero de mujeres con pildora anticonceptiva oral de emergencia,2015-10-01,0,1,1,0,0,2
CAJUATA,"anticoncepcion, prevencion de its y de cancer de cuello uterino",numero de mujeres con pildora anticonceptiva oral de emergencia,2015-10-01,0,1,0,0,0,1
CAMARGO,"anticoncepcion, prevencion de its y de cancer de cuello uterino",numero de mujeres con pildora anticonceptiva oral de emergencia,2015-10-01,0,0,6,0,0,6
CAMATAQUI (C. VILLA ABECIA),"anticoncepcion, prevencion de its y de cancer de cuello uterino",numero de mujeres con pildora anticonceptiva oral de emergencia,2015-10-01,0,1,0,0,0,1
CAQUIAVIRI,"anticoncepcion, prevencion de its y de cancer de cuello uterino",numero de mujeres con pildora anticonceptiva oral de emergencia,2015-10-01,0,0,1,0,0,1
CARIPUYO,"anticoncepcion, prevencion de its y de cancer de cuello uterino",numero de mujeres con pildora anticonceptiva oral de emergencia,2015-10-01,0,1,5,0,0,6
CHALLAPATA,"anticoncepcion, prevencion de its y de cancer de cuello uterino",numero de mujeres con pildora anticonceptiva oral de emergencia,2015-10-01,0,0,6,4,0,10
CHARAGUA,"anticoncepcion, prevencion de its y de cancer de cuello uterino",numero de mujeres con pildora anticonceptiva oral de emergencia,2015-10-01,0,0,1,0,0,1
CHAYANTA,"anticoncepcion, prevencion de its y de cancer de cuello uterino",numero de mujeres con pildora anticonceptiva oral de emergencia,2015-10-01,0,4,4,4,0,12
CLIZA,"anticoncepcion, prevencion de its y de cancer de cuello uterino",numero de mujeres con pildora anticonceptiva oral de emergencia,2015-10-01,0,1,0,0,0,1
COBIJA,"anticoncepcion, prevencion de its y de cancer de cuello uterino",numero de mujeres con pildora anticonceptiva oral de emergencia,2015-10-01,1,0,1,0,0,2
COCHABAMBA,"anticoncepcion, prevencion de its y de cancer de cuello uterino",numero de mujeres con pildora anticonceptiva oral de emergencia,2015-10-01,1,7,13,0,0,21
COLCAPIRHUA,"anticoncepcion, prevencion de its y de cancer de cuello uterino",numero de mujeres con pildora anticonceptiva oral de emergencia,2015-10-01,0,0,311,11,0,322
COLQUENCHA,"anticoncepcion, prevencion de its y de cancer de cuello uterino",numero de mujeres con pildora anticonceptiva oral de emergencia,2015-10-01,0,1,0,0,0,1
CONCEPCION,"anticoncepcion, prevencion de its y de cancer de cuello uterino",numero de mujeres con pildora anticonceptiva oral de emergencia,2015-10-01,0,1,7,3,0,11
CORIPATA,"anticoncepcion, prevencion de its y de cancer de cuello uterino",numero de mujeres con pildora anticonceptiva oral de emergencia,2015-10-01,0,0,2,0,0,2
CUCHUMUELA (V. G. VILLARROEL),"anticoncepcion, prevencion de its y de cancer de cuello uterino",numero de mujeres con pildora anticonceptiva oral de emergencia,2015-10-01,0,0,0,1,0,1
EL ALTO,"anticoncepcion, prevencion de its y de cancer de cuello uterino",numero de mujeres con pildora anticonceptiva oral de emergencia,2015-10-01,0,6,23,5,0,34
EL PUENTE(STC),"anticoncepcion, prevencion de its y de cancer de cuello uterino",numero de mujeres con pildora anticonceptiva oral de emergencia,2015-10-01,1,0,0,0,0,1
EL VILLAR,"anticoncepcion, prevencion de its y de cancer de cuello uterino",numero de mujeres con pildora anticonceptiva oral de emergencia,2015-10-01,0,0,0,1,0,1
ENTRE RIOS TRJ,"anticoncepcion, prevencion de its y de cancer de cuello uterino",numero de mujeres con pildora anticonceptiva oral de emergencia,2015-10-01,0,1,0,1,0,2
ESCARA,"anticoncepcion, prevencion de its y de cancer de cuello uterino",numero de mujeres con pildora anticonceptiva oral de emergencia,2015-10-01,1,1,0,0,0,2
GUANAY,"anticoncepcion, prevencion de its y de cancer de cuello uterino",numero de mujeres con pildora anticonceptiva oral de emergencia,2015-10-01,0,0,1,0,0,1
GUAYARAMERIN,"anticoncepcion, prevencion de its y de cancer de cuello uterino",numero de mujeres con pildora anticonceptiva oral de emergencia,2015-10-01,0,10,2,0,0,12
GUTIERREZ,"anticoncepcion, prevencion de its y de cancer de cuello uterino",numero de mujeres con pildora anticonceptiva oral de emergencia,2015-10-01,0,0,1,0,0,1
HUACARETA,"anticoncepcion, prevencion de its y de cancer de cuello uterino",numero de mujeres con pildora anticonceptiva oral de emergencia,2015-10-01,0,1,2,1,0,4
ICLA,"anticoncepcion, prevencion de its y de cancer de cuello uterino",numero de mujeres con pildora anticonceptiva oral de emergencia,2015-10-01,0,0,1,0,0,1
INCAHUASI,"anticoncepcion, prevencion de its y de cancer de cuello uterino",numero de mujeres con pildora anticonceptiva oral de emergencia,2015-10-01,0,2,2,2,0,6
INQUISIVI,"anticoncepcion, prevencion de its y de cancer de cuello uterino",numero de mujeres con pildora anticonceptiva oral de emergencia,2015-10-01,2,0,0,0,0,2
IRUPANA (VILLA DE LANZA),"anticoncepcion, prevencion de its y de cancer de cuello uterino",numero de mujeres con pildora anticonceptiva oral de emergencia,2015-10-01,0,0,0,1,0,1
IXIAMAS,"anticoncepcion, prevencion de its y de cancer de cuello uterino",numero de mujeres con pildora anticonceptiva oral de emergencia,2015-10-01,0,0,1,0,0,1
JESUS DE MACHACA,"anticoncepcion, prevencion de its y de cancer de cuello uterino",numero de mujeres con pildora anticonceptiva oral de emergencia,2015-10-01,0,0,0,4,0,4
LA PAZ,"anticoncepcion, prevencion de its y de cancer de cuello uterino",numero de mujeres con pildora anticonceptiva oral de emergencia,2015-10-01,0,1,8,6,0,15
LORETO,"anticoncepcion, prevencion de its y de cancer de cuello uterino",numero de mujeres con pildora anticonceptiva oral de emergencia,2015-10-01,0,30,20,0,0,50
MAPIRI,"anticoncepcion, prevencion de its y de cancer de cuello uterino",numero de mujeres con pildora anticonceptiva oral de emergencia,2015-10-01,0,0,1,0,0,1
MECAPACA,"anticoncepcion, prevencion de its y de cancer de cuello uterino",numero de mujeres con pildora anticonceptiva oral de emergencia,2015-10-01,1,0,0,0,0,1
MONTERO,"anticoncepcion, prevencion de its y de cancer de cuello uterino",numero de mujeres con pildora anticonceptiva oral de emergencia,2015-10-01,0,4,4,2,0,10
ORURO,"anticoncepcion, prevencion de its y de cancer de cuello uterino",numero de mujeres con pildora anticonceptiva oral de emergencia,2015-10-01,0,0,8,0,0,8
PADCAYA,"anticoncepcion, prevencion de its y de cancer de cuello uterino",numero de mujeres con pildora anticonceptiva oral de emergencia,2015-10-01,0,1,0,0,0,1
PAPEL PAMPA,"anticoncepcion, prevencion de its y de cancer de cuello uterino",numero de mujeres con pildora anticonceptiva oral de emergencia,2015-10-01,0,1,2,2,0,5
PASORAPA,"anticoncepcion, prevencion de its y de cancer de cuello uterino",numero de mujeres con pildora anticonceptiva oral de emergencia,2015-10-01,0,0,1,0,0,1
POROMA,"anticoncepcion, prevencion de its y de cancer de cuello uterino",numero de mujeres con pildora anticonceptiva oral de emergencia,2015-10-01,0,0,2,0,0,2
POTOSI,"anticoncepcion, prevencion de its y de cancer de cuello uterino",numero de mujeres con pildora anticonceptiva oral de emergencia,2015-10-01,0,1,5,0,0,6
PRESTO,"anticoncepcion, prevencion de its y de cancer de cuello uterino",numero de mujeres con pildora anticonceptiva oral de emergencia,2015-10-01,0,0,2,5,1,8
PUERTO ACOSTA,"anticoncepcion, prevencion de its y de cancer de cuello uterino",numero de mujeres con pildora anticonceptiva oral de emergencia,2015-10-01,0,0,1,0,0,1
PUERTO CARABUCO,"anticoncepcion, prevencion de its y de cancer de cuello uterino",numero de mujeres con pildora anticonceptiva oral de emergencia,2015-10-01,0,1,0,0,0,1
PUERTO RICO,"anticoncepcion, prevencion de its y de cancer de cuello uterino",numero de mujeres con pildora anticonceptiva oral de emergencia,2015-10-01,0,0,1,1,0,2
PUNA,"anticoncepcion, prevencion de its y de cancer de cuello uterino",numero de mujeres con pildora anticonceptiva oral de emergencia,2015-10-01,0,0,0,1,0,1
QUILLACOLLO,"anticoncepcion, prevencion de its y de cancer de cuello uterino",numero de mujeres con pildora anticonceptiva oral de emergencia,2015-10-01,1,21,59,14,4,99
RIBERALTA,"anticoncepcion, prevencion de its y de cancer de cuello uterino",numero de mujeres con pildora anticonceptiva oral de emergencia,2015-10-01,0,2,12,1,0,15
SACABA,"anticoncepcion, prevencion de its y de cancer de cuello uterino",numero de mujeres con pildora anticonceptiva oral de emergencia,2015-10-01,0,0,1,0,0,1
SAN ANDRES,"anticoncepcion, prevencion de its y de cancer de cuello uterino",numero de mujeres con pildora anticonceptiva oral de emergencia,2015-10-01,0,0,3,2,0,5
SAN ANTONIO DE LOMERIO,"anticoncepcion, prevencion de its y de cancer de cuello uterino",numero de mujeres con pildora anticonceptiva oral de emergencia,2015-10-01,0,0,1,0,0,1
SAN JOAQUIN,"anticoncepcion, prevencion de its y de cancer de cuello uterino",numero de mujeres con pildora anticonceptiva oral de emergencia,2015-10-01,0,2,2,0,0,4
SAN MATIAS,"anticoncepcion, prevencion de its y de cancer de cuello uterino",numero de mujeres con pildora anticonceptiva oral de emergencia,2015-10-01,0,0,2,0,0,2
SAN PEDRO,"anticoncepcion, prevencion de its y de cancer de cuello uterino",numero de mujeres con pildora anticonceptiva oral de emergencia,2015-10-01,0,0,3,1,0,4
SANTA CRUZ DE LA SIERRA,"anticoncepcion, prevencion de its y de cancer de cuello uterino",numero de mujeres con pildora anticonceptiva oral de emergencia,2015-10-01,0,0,5,0,0,5
SANTA ROSA DEL SARA,"anticoncepcion, prevencion de its y de cancer de cuello uterino",numero de mujeres con pildora anticonceptiva oral de emergencia,2015-10-01,0,0,1,1,0,2
SANTIVAÑES,"anticoncepcion, prevencion de its y de cancer de cuello uterino",numero de mujeres con pildora anticonceptiva oral de emergencia,2015-10-01,0,1,0,0,0,1
SICA SICA (VILLA AROMA),"anticoncepcion, prevencion de its y de cancer de cuello uterino",numero de mujeres con pildora anticonceptiva oral de emergencia,2015-10-01,0,1,5,1,0,7
SOPACHUY,"anticoncepcion, prevencion de its y de cancer de cuello uterino",numero de mujeres con pildora anticonceptiva oral de emergencia,2015-10-01,0,0,3,1,0,4
SORATA,"anticoncepcion, prevencion de its y de cancer de cuello uterino",numero de mujeres con pildora anticonceptiva oral de emergencia,2015-10-01,1,2,3,0,0,6
SUCRE,"anticoncepcion, prevencion de its y de cancer de cuello uterino",numero de mujeres con pildora anticonceptiva oral de emergencia,2015-10-01,0,9,27,5,0,41
TARIJA,"anticoncepcion, prevencion de its y de cancer de cuello uterino",numero de mujeres con pildora anticonceptiva oral de emergencia,2015-10-01,0,0,4,3,0,7
TARVITA,"anticoncepcion, prevencion de its y de cancer de cuello uterino",numero de mujeres con pildora anticonceptiva oral de emergencia,2015-10-01,0,0,2,1,0,3
TEOPONTE,"anticoncepcion, prevencion de its y de cancer de cuello uterino",numero de mujeres con pildora anticonceptiva oral de emergencia,2015-10-01,0,4,13,1,0,18
TOLEDO,"anticoncepcion, prevencion de its y de cancer de cuello uterino",numero de mujeres con pildora anticonceptiva oral de emergencia,2015-10-01,0,0,2,0,0,2
TOMAVE,"anticoncepcion, prevencion de its y de cancer de cuello uterino",numero de mujeres con pildora anticonceptiva oral de emergencia,2015-10-01,0,1,3,0,0,4
TRINIDAD,"anticoncepcion, prevencion de its y de cancer de cuello uterino",numero de mujeres con pildora anticonceptiva oral de emergencia,2015-10-01,0,2,3,3,0,8
VILLA CHARCAS,"anticoncepcion, prevencion de its y de cancer de cuello uterino",numero de mujeres con pildora anticonceptiva oral de emergencia,2015-10-01,0,0,0,1,1,2
VILLA VACA GUZMAN (MUYUPAMPA),"anticoncepcion, prevencion de its y de cancer de cuello uterino",numero de mujeres con pildora anticonceptiva oral de emergencia,2015-10-01,0,0,5,0,0,5
YAMPARAEZ,"anticoncepcion, prevencion de its y de cancer de cuello uterino",numero de mujeres con pildora anticonceptiva oral de emergencia,2015-10-01,0,1,5,0,0,6
ACHACACHI,"anticoncepcion, prevencion de its y de cancer de cuello uterino",numero de mujeres con pildora anticonceptiva oral de emergencia,2015-11-01,0,0,1,0,0,1
ALCALA,"anticoncepcion, prevencion de its y de cancer de cuello uterino",numero de mujeres con pildora anticonceptiva oral de emergencia,2015-11-01,0,0,1,3,0,4
ALTO BENI,"anticoncepcion, prevencion de its y de cancer de cuello uterino",numero de mujeres con pildora anticonceptiva oral de emergencia,2015-11-01,1,0,0,0,0,1
ANCORAIMES,"anticoncepcion, prevencion de its y de cancer de cuello uterino",numero de mujeres con pildora anticonceptiva oral de emergencia,2015-11-01,1,0,0,0,0,1
ASCENCION DE GUARAYOS,"anticoncepcion, prevencion de its y de cancer de cuello uterino",numero de mujeres con pildora anticonceptiva oral de emergencia,2015-11-01,0,0,1,0,0,1
AYOPAYA (V. DE INDEPENDENCIA),"anticoncepcion, prevencion de its y de cancer de cuello uterino",numero de mujeres con pildora anticonceptiva oral de emergencia,2015-11-01,1,1,0,0,0,2
BATALLAS,"anticoncepcion, prevencion de its y de cancer de cuello uterino",numero de mujeres con pildora anticonceptiva oral de emergencia,2015-11-01,0,0,1,0,0,1
BELEN DE URMIRI,"anticoncepcion, prevencion de its y de cancer de cuello uterino",numero de mujeres con pildora anticonceptiva oral de emergencia,2015-11-01,0,0,1,0,0,1
CAIROMA,"anticoncepcion, prevencion de its y de cancer de cuello uterino",numero de mujeres con pildora anticonceptiva oral de emergencia,2015-11-01,0,0,1,0,0,1
"CAIZA ""D""","anticoncepcion, prevencion de its y de cancer de cuello uterino",numero de mujeres con pildora anticonceptiva oral de emergencia,2015-11-01,0,0,1,0,0,1
CAMARGO,"anticoncepcion, prevencion de its y de cancer de cuello uterino",numero de mujeres con pildora anticonceptiva oral de emergencia,2015-11-01,0,2,1,1,0,4
CAMATAQUI (C. VILLA ABECIA),"anticoncepcion, prevencion de its y de cancer de cuello uterino",numero de mujeres con pildora anticonceptiva oral de emergencia,2015-11-01,0,1,0,0,0,1
CAPINOTA,"anticoncepcion, prevencion de its y de cancer de cuello uterino",numero de mujeres con pildora anticonceptiva oral de emergencia,2015-11-01,1,0,0,0,0,1
CHACARILLA,"anticoncepcion, prevencion de its y de cancer de cuello uterino",numero de mujeres con pildora anticonceptiva oral de emergencia,2015-11-01,0,0,1,0,0,1
CHALLAPATA,"anticoncepcion, prevencion de its y de cancer de cuello uterino",numero de mujeres con pildora anticonceptiva oral de emergencia,2015-11-01,0,0,5,0,0,5
CHARAGUA,"anticoncepcion, prevencion de its y de cancer de cuello uterino",numero de mujeres con pildora anticonceptiva oral de emergencia,2015-11-01,0,0,1,1,0,2
CHULUMANI (V. DE LA LIBERTAD),"anticoncepcion, prevencion de its y de cancer de cuello uterino",numero de mujeres con pildora anticonceptiva oral de emergencia,2015-11-01,0,0,1,1,0,2
CHUMA,"anticoncepcion, prevencion de its y de cancer de cuello uterino",numero de mujeres con pildora anticonceptiva oral de emergencia,2015-11-01,0,0,1,0,0,1
COBIJA,"anticoncepcion, prevencion de its y de cancer de cuello uterino",numero de mujeres con pildora anticonceptiva oral de emergencia,2015-11-01,0,1,14,2,0,17
COCHABAMBA,"anticoncepcion, prevencion de its y de cancer de cuello uterino",numero de mujeres con pildora anticonceptiva oral de emergencia,2015-11-01,0,7,26,3,0,36
CORIPATA,"anticoncepcion, prevencion de its y de cancer de cuello uterino",numero de mujeres con pildora anticonceptiva oral de emergencia,2015-11-01,0,0,3,0,0,3
CORO CORO,"anticoncepcion, prevencion de its y de cancer de cuello uterino",numero de mujeres con pildora anticonceptiva oral de emergencia,2015-11-01,1,0,0,0,0,1
CORQUE,"anticoncepcion, prevencion de its y de cancer de cuello uterino",numero de mujeres con pildora anticonceptiva oral de emergencia,2015-11-01,0,0,2,1,0,3
CULPINA,"anticoncepcion, prevencion de its y de cancer de cuello uterino",numero de mujeres con pildora anticonceptiva oral de emergencia,2015-11-01,0,0,3,0,0,3
EL ALTO,"anticoncepcion, prevencion de its y de cancer de cuello uterino",numero de mujeres con pildora anticonceptiva oral de emergencia,2015-11-01,0,0,3,2,0,5
EL TORNO,"anticoncepcion, prevencion de its y de cancer de cuello uterino",numero de mujeres con pildora anticonceptiva oral de emergencia,2015-11-01,0,1,1,0,0,2
EL VILLAR,"anticoncepcion, prevencion de its y de cancer de cuello uterino",numero de mujeres con pildora anticonceptiva oral de emergencia,2015-11-01,0,1,0,0,0,1
ESCARA,"anticoncepcion, prevencion de its y de cancer de cuello uterino",numero de mujeres con pildora anticonceptiva oral de emergencia,2015-11-01,0,0,4,0,0,4
ESMERALDA,"anticoncepcion, prevencion de its y de cancer de cuello uterino",numero de mujeres con pildora anticonceptiva oral de emergencia,2015-11-01,0,0,1,1,0,2
EUREKA (SANTOS MERCADO),"anticoncepcion, prevencion de its y de cancer de cuello uterino",numero de mujeres con pildora anticonceptiva oral de emergencia,2015-11-01,0,0,2,0,0,2
GUANAY,"anticoncepcion, prevencion de its y de cancer de cuello uterino",numero de mujeres con pildora anticonceptiva oral de emergencia,2015-11-01,0,8,18,4,0,30
GUAYARAMERIN,"anticoncepcion, prevencion de its y de cancer de cuello uterino",numero de mujeres con pildora anticonceptiva oral de emergencia,2015-11-01,0,0,5,1,0,6
HUACARETA,"anticoncepcion, prevencion de its y de cancer de cuello uterino",numero de mujeres con pildora anticonceptiva oral de emergencia,2015-11-01,0,1,6,1,2,10
HUARACAJE,"anticoncepcion, prevencion de its y de cancer de cuello uterino",numero de mujeres con pildora anticonceptiva oral de emergencia,2015-11-01,0,4,16,7,0,27
ICLA,"anticoncepcion, prevencion de its y de cancer de cuello uterino",numero de mujeres con pildora anticonceptiva oral de emergencia,2015-11-01,0,0,0,1,0,1
INQUISIVI,"anticoncepcion, prevencion de its y de cancer de cuello uterino",numero de mujeres con pildora anticonceptiva oral de emergencia,2015-11-01,0,0,1,0,0,1
LA ASUNTA,"anticoncepcion, prevencion de its y de cancer de cuello uterino",numero de mujeres con pildora anticonceptiva oral de emergencia,2015-11-01,0,9,32,1,0,42
LA PAZ,"anticoncepcion, prevencion de its y de cancer de cuello uterino",numero de mujeres con pildora anticonceptiva oral de emergencia,2015-11-01,0,2,11,0,0,13
LAS CARRERAS,"anticoncepcion, prevencion de its y de cancer de cuello uterino",numero de mujeres con pildora anticonceptiva oral de emergencia,2015-11-01,1,0,0,0,0,1
LURIBAY,"anticoncepcion, prevencion de its y de cancer de cuello uterino",numero de mujeres con pildora anticonceptiva oral de emergencia,2015-11-01,0,0,1,0,0,1
MACHARETI,"anticoncepcion, prevencion de its y de cancer de cuello uterino",numero de mujeres con pildora anticonceptiva oral de emergencia,2015-11-01,0,0,2,1,0,3
MAPIRI,"anticoncepcion, prevencion de its y de cancer de cuello uterino",numero de mujeres con pildora anticonceptiva oral de emergencia,2015-11-01,0,5,3,3,0,11
MIZQUE,"anticoncepcion, prevencion de its y de cancer de cuello uterino",numero de mujeres con pildora anticonceptiva oral de emergencia,2015-11-01,0,1,2,0,0,3
MONTERO,"anticoncepcion, prevencion de its y de cancer de cuello uterino",numero de mujeres con pildora anticonceptiva oral de emergencia,2015-11-01,0,4,3,1,0,8
MOROCHATA,"anticoncepcion, prevencion de its y de cancer de cuello uterino",numero de mujeres con pildora anticonceptiva oral de emergencia,2015-11-01,0,0,0,1,0,1
ORURO,"anticoncepcion, prevencion de its y de cancer de cuello uterino",numero de mujeres con pildora anticonceptiva oral de emergencia,2015-11-01,0,1,24,19,0,44
PAPEL PAMPA,"anticoncepcion, prevencion de its y de cancer de cuello uterino",numero de mujeres con pildora anticonceptiva oral de emergencia,2015-11-01,0,0,5,0,0,5
PATACAMAYA,"anticoncepcion, prevencion de its y de cancer de cuello uterino",numero de mujeres con pildora anticonceptiva oral de emergencia,2015-11-01,0,1,0,1,0,2
POCONA,"anticoncepcion, prevencion de its y de cancer de cuello uterino",numero de mujeres con pildora anticonceptiva oral de emergencia,2015-11-01,0,0,4,5,0,9
PORCO,"anticoncepcion, prevencion de its y de cancer de cuello uterino",numero de mujeres con pildora anticonceptiva oral de emergencia,2015-11-01,0,2,0,0,0,2
POROMA,"anticoncepcion, prevencion de its y de cancer de cuello uterino",numero de mujeres con pildora anticonceptiva oral de emergencia,2015-11-01,0,0,2,0,0,2
POTOSI,"anticoncepcion, prevencion de its y de cancer de cuello uterino",numero de mujeres con pildora anticonceptiva oral de emergencia,2015-11-01,1,0,10,8,0,19
PRESTO,"anticoncepcion, prevencion de its y de cancer de cuello uterino",numero de mujeres con pildora anticonceptiva oral de emergencia,2015-11-01,0,2,5,0,0,7
PUERTO QUIJARRO,"anticoncepcion, prevencion de its y de cancer de cuello uterino",numero de mujeres con pildora anticonceptiva oral de emergencia,2015-11-01,1,0,0,0,0,1
PUNA,"anticoncepcion, prevencion de its y de cancer de cuello uterino",numero de mujeres con pildora anticonceptiva oral de emergencia,2015-11-01,0,1,0,0,0,1
QUILLACOLLO,"anticoncepcion, prevencion de its y de cancer de cuello uterino",numero de mujeres con pildora anticonceptiva oral de emergencia,2015-11-01,0,0,1,0,0,1
ROBORE,"anticoncepcion, prevencion de its y de cancer de cuello uterino",numero de mujeres con pildora anticonceptiva oral de emergencia,2015-11-01,0,0,6,4,0,10
SACABA,"anticoncepcion, prevencion de its y de cancer de cuello uterino",numero de mujeres con pildora anticonceptiva oral de emergencia,2015-11-01,0,0,4,2,0,6
SAN LUCAS,"anticoncepcion, prevencion de its y de cancer de cuello uterino",numero de mujeres con pildora anticonceptiva oral de emergencia,2015-11-01,1,0,0,0,0,1
SAN PEDRO,"anticoncepcion, prevencion de its y de cancer de cuello uterino",numero de mujeres con pildora anticonceptiva oral de emergencia,2015-11-01,0,0,1,0,0,1
SANTA CRUZ DE LA SIERRA,"anticoncepcion, prevencion de its y de cancer de cuello uterino",numero de mujeres con pildora anticonceptiva oral de emergencia,2015-11-01,2,3,28,6,0,39
SANTA ROSA DEL SARA,"anticoncepcion, prevencion de its y de cancer de cuello uterino",numero de mujeres con pildora anticonceptiva oral de emergencia,2015-11-01,0,0,1,1,0,2
SANTUARIO DE QUILLACAS,"anticoncepcion, prevencion de its y de cancer de cuello uterino",numero de mujeres con pildora anticonceptiva oral de emergencia,2015-11-01,0,1,0,0,0,1
SICA SICA (VILLA AROMA),"anticoncepcion, prevencion de its y de cancer de cuello uterino",numero de mujeres con pildora anticonceptiva oral de emergencia,2015-11-01,0,1,2,0,0,3
SORATA,"anticoncepcion, prevencion de its y de cancer de cuello uterino",numero de mujeres con pildora anticonceptiva oral de emergencia,2015-11-01,0,0,1,0,0,1
SUCRE,"anticoncepcion, prevencion de its y de cancer de cuello uterino",numero de mujeres con pildora anticonceptiva oral de emergencia,2015-11-01,0,3,16,7,0,26
TAPACARI,"anticoncepcion, prevencion de its y de cancer de cuello uterino",numero de mujeres con pildora anticonceptiva oral de emergencia,2015-11-01,1,0,0,0,0,1
TARIJA,"anticoncepcion, prevencion de its y de cancer de cuello uterino",numero de mujeres con pildora anticonceptiva oral de emergencia,2015-11-01,0,0,3,4,0,7
TARVITA,"anticoncepcion, prevencion de its y de cancer de cuello uterino",numero de mujeres con pildora anticonceptiva oral de emergencia,2015-11-01,0,0,1,0,0,1
TEOPONTE,"anticoncepcion, prevencion de its y de cancer de cuello uterino",numero de mujeres con pildora anticonceptiva oral de emergencia,2015-11-01,0,1,4,1,0,6
TIPUANI,"anticoncepcion, prevencion de its y de cancer de cuello uterino",numero de mujeres con pildora anticonceptiva oral de emergencia,2015-11-01,0,0,0,1,0,1
TOLEDO,"anticoncepcion, prevencion de its y de cancer de cuello uterino",numero de mujeres con pildora anticonceptiva oral de emergencia,2015-11-01,0,0,2,1,0,3
TOMAVE,"anticoncepcion, prevencion de its y de cancer de cuello uterino",numero de mujeres con pildora anticonceptiva oral de emergencia,2015-11-01,0,2,2,0,0,4
TOMINA,"anticoncepcion, prevencion de its y de cancer de cuello uterino",numero de mujeres con pildora anticonceptiva oral de emergencia,2015-11-01,0,3,10,4,0,17
TOTORA(ORR),"anticoncepcion, prevencion de its y de cancer de cuello uterino",numero de mujeres con pildora anticonceptiva oral de emergencia,2015-11-01,0,0,1,0,0,1
TRINIDAD,"anticoncepcion, prevencion de its y de cancer de cuello uterino",numero de mujeres con pildora anticonceptiva oral de emergencia,2015-11-01,0,0,2,0,0,2
TURCO,"anticoncepcion, prevencion de its y de cancer de cuello uterino",numero de mujeres con pildora anticonceptiva oral de emergencia,2015-11-01,0,0,2,0,0,2
URIONDO (A. CONCEPCION),"anticoncepcion, prevencion de its y de cancer de cuello uterino",numero de mujeres con pildora anticonceptiva oral de emergencia,2015-11-01,0,0,0,1,0,1
VILLA CHARCAS,"anticoncepcion, prevencion de its y de cancer de cuello uterino",numero de mujeres con pildora anticonceptiva oral de emergencia,2015-11-01,0,1,0,0,0,1
VILLA VACA GUZMAN (MUYUPAMPA),"anticoncepcion, prevencion de its y de cancer de cuello uterino",numero de mujeres con pildora anticonceptiva oral de emergencia,2015-11-01,0,0,2,0,0,2
YAPACANI,"anticoncepcion, prevencion de its y de cancer de cuello uterino",numero de mujeres con pildora anticonceptiva oral de emergencia,2015-11-01,0,3,8,2,0,13
ZUDAÑEZ,"anticoncepcion, prevencion de its y de cancer de cuello uterino",numero de mujeres con pildora anticonceptiva oral de emergencia,2015-11-01,0,0,0,1,0,1
ALCALA,"anticoncepcion, prevencion de its y de cancer de cuello uterino",numero de mujeres con pildora anticonceptiva oral de emergencia,2015-12-01,0,1,0,0,0,1
ALTO BENI,"anticoncepcion, prevencion de its y de cancer de cuello uterino",numero de mujeres con pildora anticonceptiva oral de emergencia,2015-12-01,0,0,1,0,0,1
AYOPAYA (V. DE INDEPENDENCIA),"anticoncepcion, prevencion de its y de cancer de cuello uterino",numero de mujeres con pildora anticonceptiva oral de emergencia,2015-12-01,0,1,1,0,0,2
BETANZOS,"anticoncepcion, prevencion de its y de cancer de cuello uterino",numero de mujeres con pildora anticonceptiva oral de emergencia,2015-12-01,0,0,0,1,0,1
BOLIVAR,"anticoncepcion, prevencion de its y de cancer de cuello uterino",numero de mujeres con pildora anticonceptiva oral de emergencia,2015-12-01,0,0,11,2,0,13
BUENA VISTA,"anticoncepcion, prevencion de its y de cancer de cuello uterino",numero de mujeres con pildora anticonceptiva oral de emergencia,2015-12-01,0,0,0,5,0,5
CABEZAS,"anticoncepcion, prevencion de its y de cancer de cuello uterino",numero de mujeres con pildora anticonceptiva oral de emergencia,2015-12-01,0,1,2,0,0,3
CAIROMA,"anticoncepcion, prevencion de its y de cancer de cuello uterino",numero de mujeres con pildora anticonceptiva oral de emergencia,2015-12-01,0,0,1,0,0,1
"CAIZA ""D""","anticoncepcion, prevencion de its y de cancer de cuello uterino",numero de mujeres con pildora anticonceptiva oral de emergencia,2015-12-01,0,1,2,0,0,3
CAMARGO,"anticoncepcion, prevencion de its y de cancer de cuello uterino",numero de mujeres con pildora anticonceptiva oral de emergencia,2015-12-01,0,0,1,0,0,1
CAQUIAVIRI,"anticoncepcion, prevencion de its y de cancer de cuello uterino",numero de mujeres con pildora anticonceptiva oral de emergencia,2015-12-01,1,1,2,0,0,4
CHALLAPATA,"anticoncepcion, prevencion de its y de cancer de cuello uterino",numero de mujeres con pildora anticonceptiva oral de emergencia,2015-12-01,0,0,1,0,0,1
CHARAGUA,"anticoncepcion, prevencion de its y de cancer de cuello uterino",numero de mujeres con pildora anticonceptiva oral de emergencia,2015-12-01,0,0,1,0,0,1
CHAYANTA,"anticoncepcion, prevencion de its y de cancer de cuello uterino",numero de mujeres con pildora anticonceptiva oral de emergencia,2015-12-01,1,2,7,1,0,11
CHIMORE,"anticoncepcion, prevencion de its y de cancer de cuello uterino",numero de mujeres con pildora anticonceptiva oral de emergencia,2015-12-01,0,1,1,3,0,5
COBIJA,"anticoncepcion, prevencion de its y de cancer de cuello uterino",numero de mujeres con pildora anticonceptiva oral de emergencia,2015-12-01,0,0,3,0,0,3
COCHABAMBA,"anticoncepcion, prevencion de its y de cancer de cuello uterino",numero de mujeres con pildora anticonceptiva oral de emergencia,2015-12-01,1,6,15,7,0,29
CONCEPCION,"anticoncepcion, prevencion de its y de cancer de cuello uterino",numero de mujeres con pildora anticonceptiva oral de emergencia,2015-12-01,0,1,10,1,0,12
CORIPATA,"anticoncepcion, prevencion de its y de cancer de cuello uterino",numero de mujeres con pildora anticonceptiva oral de emergencia,2015-12-01,0,0,4,0,0,4
CORQUE,"anticoncepcion, prevencion de its y de cancer de cuello uterino",numero de mujeres con pildora anticonceptiva oral de emergencia,2015-12-01,0,0,2,0,0,2
COTAGAITA,"anticoncepcion, prevencion de its y de cancer de cuello uterino",numero de mujeres con pildora anticonceptiva oral de emergencia,2015-12-01,0,0,20,8,0,28
CUATRO CAÑADAS,"anticoncepcion, prevencion de its y de cancer de cuello uterino",numero de mujeres con pildora anticonceptiva oral de emergencia,2015-12-01,0,1,2,0,0,3
CULPINA,"anticoncepcion, prevencion de its y de cancer de cuello uterino",numero de mujeres con pildora anticonceptiva oral de emergencia,2015-12-01,0,1,1,0,0,2
EL ALTO,"anticoncepcion, prevencion de its y de cancer de cuello uterino",numero de mujeres con pildora anticonceptiva oral de emergencia,2015-12-01,0,3,14,9,1,27
EL PUENTE(TJA),"anticoncepcion, prevencion de its y de cancer de cuello uterino",numero de mujeres con pildora anticonceptiva oral de emergencia,2015-12-01,0,1,0,2,0,3
EL TORNO,"anticoncepcion, prevencion de its y de cancer de cuello uterino",numero de mujeres con pildora anticonceptiva oral de emergencia,2015-12-01,0,1,4,0,0,5
ENTRE RIOS TRJ,"anticoncepcion, prevencion de its y de cancer de cuello uterino",numero de mujeres con pildora anticonceptiva oral de emergencia,2015-12-01,0,0,2,2,0,4
ESCARA,"anticoncepcion, prevencion de its y de cancer de cuello uterino",numero de mujeres con pildora anticonceptiva oral de emergencia,2015-12-01,0,0,1,0,0,1
EUCALIPTUS,"anticoncepcion, prevencion de its y de cancer de cuello uterino",numero de mujeres con pildora anticonceptiva oral de emergencia,2015-12-01,0,3,6,1,0,10
GENERAL SAAVEDRA,"anticoncepcion, prevencion de its y de cancer de cuello uterino",numero de mujeres con pildora anticonceptiva oral de emergencia,2015-12-01,0,0,1,0,0,1
GUAYARAMERIN,"anticoncepcion, prevencion de its y de cancer de cuello uterino",numero de mujeres con pildora anticonceptiva oral de emergencia,2015-12-01,0,0,2,0,0,2
GUTIERREZ,"anticoncepcion, prevencion de its y de cancer de cuello uterino",numero de mujeres con pildora anticonceptiva oral de emergencia,2015-12-01,0,0,1,1,0,2
ICLA,"anticoncepcion, prevencion de its y de cancer de cuello uterino",numero de mujeres con pildora anticonceptiva oral de emergencia,2015-12-01,1,0,2,0,0,3
INCAHUASI,"anticoncepcion, prevencion de its y de cancer de cuello uterino",numero de mujeres con pildora anticonceptiva oral de emergencia,2015-12-01,0,1,3,2,0,6
IRUPANA (VILLA DE LANZA),"anticoncepcion, prevencion de its y de cancer de cuello uterino",numero de mujeres con pildora anticonceptiva oral de emergencia,2015-12-01,0,0,1,0,0,1
LA ASUNTA,"anticoncepcion, prevencion de its y de cancer de cuello uterino",numero de mujeres con pildora anticonceptiva oral de emergencia,2015-12-01,0,0,1,0,0,1
LA PAZ,"anticoncepcion, prevencion de its y de cancer de cuello uterino",numero de mujeres con pildora anticonceptiva oral de emergencia,2015-12-01,0,0,2,0,0,2
LLALLAGUA,"anticoncepcion, prevencion de its y de cancer de cuello uterino",numero de mujeres con pildora anticonceptiva oral de emergencia,2015-12-01,0,0,3,0,0,3
MACHARETI,"anticoncepcion, prevencion de its y de cancer de cuello uterino",numero de mujeres con pildora anticonceptiva oral de emergencia,2015-12-01,0,0,3,0,0,3
MAGDALENA,"anticoncepcion, prevencion de its y de cancer de cuello uterino",numero de mujeres con pildora anticonceptiva oral de emergencia,2015-12-01,0,5,6,1,0,12
MINEROS,"anticoncepcion, prevencion de its y de cancer de cuello uterino",numero de mujeres con pildora anticonceptiva oral de emergencia,2015-12-01,0,2,9,3,0,14
MIZQUE,"anticoncepcion, prevencion de its y de cancer de cuello uterino",numero de mujeres con pildora anticonceptiva oral de emergencia,2015-12-01,0,0,3,6,0,9
MONTERO,"anticoncepcion, prevencion de its y de cancer de cuello uterino",numero de mujeres con pildora anticonceptiva oral de emergencia,2015-12-01,3,1,2,0,0,6
ORURO,"anticoncepcion, prevencion de its y de cancer de cuello uterino",numero de mujeres con pildora anticonceptiva oral de emergencia,2015-12-01,0,0,3,0,0,3
PADILLA,"anticoncepcion, prevencion de its y de cancer de cuello uterino",numero de mujeres con pildora anticonceptiva oral de emergencia,2015-12-01,1,0,1,0,0,2
PALOS BLANCOS,"anticoncepcion, prevencion de its y de cancer de cuello uterino",numero de mujeres con pildora anticonceptiva oral de emergencia,2015-12-01,0,0,0,1,0,1
PAPEL PAMPA,"anticoncepcion, prevencion de its y de cancer de cuello uterino",numero de mujeres con pildora anticonceptiva oral de emergencia,2015-12-01,0,0,2,0,0,2
POROMA,"anticoncepcion, prevencion de its y de cancer de cuello uterino",numero de mujeres con pildora anticonceptiva oral de emergencia,2015-12-01,0,3,0,0,0,3
POTOSI,"anticoncepcion, prevencion de its y de cancer de cuello uterino",numero de mujeres con pildora anticonceptiva oral de emergencia,2015-12-01,0,0,9,3,7,19
PRESTO,"anticoncepcion, prevencion de its y de cancer de cuello uterino",numero de mujeres con pildora anticonceptiva oral de emergencia,2015-12-01,0,0,5,4,0,9
PUERTO ACOSTA,"anticoncepcion, prevencion de its y de cancer de cuello uterino",numero de mujeres con pildora anticonceptiva oral de emergencia,2015-12-01,0,0,2,0,0,2
QUILLACOLLO,"anticoncepcion, prevencion de its y de cancer de cuello uterino",numero de mujeres con pildora anticonceptiva oral de emergencia,2015-12-01,0,0,2,0,0,2
SACABA,"anticoncepcion, prevencion de its y de cancer de cuello uterino",numero de mujeres con pildora anticonceptiva oral de emergencia,2015-12-01,0,0,2,0,0,2
SAN JULIAN,"anticoncepcion, prevencion de its y de cancer de cuello uterino",numero de mujeres con pildora anticonceptiva oral de emergencia,2015-12-01,0,0,0,1,0,1
SAN PEDRO,"anticoncepcion, prevencion de its y de cancer de cuello uterino",numero de mujeres con pildora anticonceptiva oral de emergencia,2015-12-01,0,0,2,0,0,2
SANTA CRUZ DE LA SIERRA,"anticoncepcion, prevencion de its y de cancer de cuello uterino",numero de mujeres con pildora anticonceptiva oral de emergencia,2015-12-01,0,1,31,6,0,38
SANTIAGO DE MACHACA,"anticoncepcion, prevencion de its y de cancer de cuello uterino",numero de mujeres con pildora anticonceptiva oral de emergencia,2015-12-01,0,1,0,0,0,1
SANTUARIO DE QUILLACAS,"anticoncepcion, prevencion de its y de cancer de cuello uterino",numero de mujeres con pildora anticonceptiva oral de emergencia,2015-12-01,0,1,0,0,0,1
SICA SICA (VILLA AROMA),"anticoncepcion, prevencion de its y de cancer de cuello uterino",numero de mujeres con pildora anticonceptiva oral de emergencia,2015-12-01,0,0,6,0,0,6
SORATA,"anticoncepcion, prevencion de its y de cancer de cuello uterino",numero de mujeres con pildora anticonceptiva oral de emergencia,2015-12-01,0,0,3,0,0,3
SUCRE,"anticoncepcion, prevencion de its y de cancer de cuello uterino",numero de mujeres con pildora anticonceptiva oral de emergencia,2015-12-01,1,4,7,0,0,12
TAPACARI,"anticoncepcion, prevencion de its y de cancer de cuello uterino",numero de mujeres con pildora anticonceptiva oral de emergencia,2015-12-01,0,1,0,0,0,1
TARABUCO,"anticoncepcion, prevencion de its y de cancer de cuello uterino",numero de mujeres con pildora anticonceptiva oral de emergencia,2015-12-01,0,2,2,0,0,4
TARIJA,"anticoncepcion, prevencion de its y de cancer de cuello uterino",numero de mujeres con pildora anticonceptiva oral de emergencia,2015-12-01,0,0,4,3,0,7
TARVITA,"anticoncepcion, prevencion de its y de cancer de cuello uterino",numero de mujeres con pildora anticonceptiva oral de emergencia,2015-12-01,0,0,4,0,0,4
TEOPONTE,"anticoncepcion, prevencion de its y de cancer de cuello uterino",numero de mujeres con pildora anticonceptiva oral de emergencia,2015-12-01,0,6,8,0,0,14
TIPUANI,"anticoncepcion, prevencion de its y de cancer de cuello uterino",numero de mujeres con pildora anticonceptiva oral de emergencia,2015-12-01,0,0,11,1,0,12
TOMAVE,"anticoncepcion, prevencion de its y de cancer de cuello uterino",numero de mujeres con pildora anticonceptiva oral de emergencia,2015-12-01,0,0,4,0,0,4
TRINIDAD,"anticoncepcion, prevencion de its y de cancer de cuello uterino",numero de mujeres con pildora anticonceptiva oral de emergencia,2015-12-01,0,8,5,2,0,15
TUPIZA,"anticoncepcion, prevencion de its y de cancer de cuello uterino",numero de mujeres con pildora anticonceptiva oral de emergencia,2015-12-01,0,1,0,2,0,3
UMALA,"anticoncepcion, prevencion de its y de cancer de cuello uterino",numero de mujeres con pildora anticonceptiva oral de emergencia,2015-12-01,0,0,0,1,0,1
VILA VILA,"anticoncepcion, prevencion de its y de cancer de cuello uterino",numero de mujeres con pildora anticonceptiva oral de emergencia,2015-12-01,0,0,0,1,0,1
VILLA VACA GUZMAN (MUYUPAMPA),"anticoncepcion, prevencion de its y de cancer de cuello uterino",numero de mujeres con pildora anticonceptiva oral de emergencia,2015-12-01,0,0,141,0,0,141
VINTO,"anticoncepcion, prevencion de its y de cancer de cuello uterino",numero de mujeres con pildora anticonceptiva oral de emergencia,2015-12-01,0,1,0,0,0,1
WARNES,"anticoncepcion, prevencion de its y de cancer de cuello uterino",numero de mujeres con pildora anticonceptiva oral de emergencia,2015-12-01,0,0,1,0,0,1
YAMPARAEZ,"anticoncepcion, prevencion de its y de cancer de cuello uterino",numero de mujeres con pildora anticonceptiva oral de emergencia,2015-12-01,0,1,1,0,0,2
YOTALA,"anticoncepcion, prevencion de its y de cancer de cuello uterino",numero de mujeres con pildora anticonceptiva oral de emergencia,2015-12-01,0,0,1,4,3,8
