municipality,group,variable,month,Número de condones entregados,Número de condones entregados1,Número de condones entregados2,Número de condones entregados3,Número de condones entregados4,TOTAL
ACACIO,"anticoncepcion, prevencion de its y de cancer de cuello uterino",numero de condones entregados,2015-01-01,0,0,24,12,0,36
ACHACACHI,"anticoncepcion, prevencion de its y de cancer de cuello uterino",numero de condones entregados,2015-01-01,0,0,49,0,0,49
ACHOCALLA,"anticoncepcion, prevencion de its y de cancer de cuello uterino",numero de condones entregados,2015-01-01,0,36,51,12,0,99
AIQUILE,"anticoncepcion, prevencion de its y de cancer de cuello uterino",numero de condones entregados,2015-01-01,0,0,36,0,0,36
ALALAY,"anticoncepcion, prevencion de its y de cancer de cuello uterino",numero de condones entregados,2015-01-01,0,12,12,0,0,24
ALCALA,"anticoncepcion, prevencion de its y de cancer de cuello uterino",numero de condones entregados,2015-01-01,0,12,84,12,0,108
ALTO BENI,"anticoncepcion, prevencion de its y de cancer de cuello uterino",numero de condones entregados,2015-01-01,12,12,72,24,0,120
ANCORAIMES,"anticoncepcion, prevencion de its y de cancer de cuello uterino",numero de condones entregados,2015-01-01,0,0,24,14,0,38
ANDAMARCA,"anticoncepcion, prevencion de its y de cancer de cuello uterino",numero de condones entregados,2015-01-01,0,0,36,24,0,60
ANTEQUERA,"anticoncepcion, prevencion de its y de cancer de cuello uterino",numero de condones entregados,2015-01-01,0,0,24,36,0,60
APOLO,"anticoncepcion, prevencion de its y de cancer de cuello uterino",numero de condones entregados,2015-01-01,0,0,39,12,0,51
ARBIETO,"anticoncepcion, prevencion de its y de cancer de cuello uterino",numero de condones entregados,2015-01-01,0,12,156,48,0,216
ARQUE,"anticoncepcion, prevencion de its y de cancer de cuello uterino",numero de condones entregados,2015-01-01,0,0,24,48,0,72
ASCENCION DE GUARAYOS,"anticoncepcion, prevencion de its y de cancer de cuello uterino",numero de condones entregados,2015-01-01,0,48,192,12,0,252
ATOCHA,"anticoncepcion, prevencion de its y de cancer de cuello uterino",numero de condones entregados,2015-01-01,0,0,84,12,0,96
AUCAPATA,"anticoncepcion, prevencion de its y de cancer de cuello uterino",numero de condones entregados,2015-01-01,0,0,12,0,0,12
AYATA,"anticoncepcion, prevencion de its y de cancer de cuello uterino",numero de condones entregados,2015-01-01,0,0,24,12,0,36
AYOPAYA (V. DE INDEPENDENCIA),"anticoncepcion, prevencion de its y de cancer de cuello uterino",numero de condones entregados,2015-01-01,0,0,108,24,12,144
AZURDUY,"anticoncepcion, prevencion de its y de cancer de cuello uterino",numero de condones entregados,2015-01-01,0,36,24,24,0,84
BAURES,"anticoncepcion, prevencion de its y de cancer de cuello uterino",numero de condones entregados,2015-01-01,0,0,12,0,0,12
BELEN DE ANDAMARCA,"anticoncepcion, prevencion de its y de cancer de cuello uterino",numero de condones entregados,2015-01-01,0,0,0,12,0,12
BELEN DE URMIRI,"anticoncepcion, prevencion de its y de cancer de cuello uterino",numero de condones entregados,2015-01-01,0,0,36,12,0,48
BELLA FLOR,"anticoncepcion, prevencion de its y de cancer de cuello uterino",numero de condones entregados,2015-01-01,0,48,60,24,0,132
BERMEJO,"anticoncepcion, prevencion de its y de cancer de cuello uterino",numero de condones entregados,2015-01-01,0,20,276,120,24,440
BETANZOS,"anticoncepcion, prevencion de its y de cancer de cuello uterino",numero de condones entregados,2015-01-01,0,36,84,36,12,168
BOLIVAR,"anticoncepcion, prevencion de its y de cancer de cuello uterino",numero de condones entregados,2015-01-01,0,0,12,36,0,48
BOLPEBRA,"anticoncepcion, prevencion de its y de cancer de cuello uterino",numero de condones entregados,2015-01-01,0,12,36,24,0,72
BOYUIBE,"anticoncepcion, prevencion de its y de cancer de cuello uterino",numero de condones entregados,2015-01-01,0,0,0,36,0,36
BUENA VISTA,"anticoncepcion, prevencion de its y de cancer de cuello uterino",numero de condones entregados,2015-01-01,0,48,144,60,0,252
CABEZAS,"anticoncepcion, prevencion de its y de cancer de cuello uterino",numero de condones entregados,2015-01-01,12,288,1104,252,0,1656
CAIROMA,"anticoncepcion, prevencion de its y de cancer de cuello uterino",numero de condones entregados,2015-01-01,0,0,48,12,0,60
"CAIZA ""D""","anticoncepcion, prevencion de its y de cancer de cuello uterino",numero de condones entregados,2015-01-01,0,0,72,0,0,72
CAJUATA,"anticoncepcion, prevencion de its y de cancer de cuello uterino",numero de condones entregados,2015-01-01,0,0,144,36,12,192
CALACOTO,"anticoncepcion, prevencion de its y de cancer de cuello uterino",numero de condones entregados,2015-01-01,0,0,12,12,0,24
CALAMARCA,"anticoncepcion, prevencion de its y de cancer de cuello uterino",numero de condones entregados,2015-01-01,0,36,108,60,0,204
CAMARGO,"anticoncepcion, prevencion de its y de cancer de cuello uterino",numero de condones entregados,2015-01-01,0,0,60,12,0,72
CAMATAQUI (C. VILLA ABECIA),"anticoncepcion, prevencion de its y de cancer de cuello uterino",numero de condones entregados,2015-01-01,0,0,72,36,0,108
CAMIRI,"anticoncepcion, prevencion de its y de cancer de cuello uterino",numero de condones entregados,2015-01-01,0,12,60,24,0,96
CAPINOTA,"anticoncepcion, prevencion de its y de cancer de cuello uterino",numero de condones entregados,2015-01-01,0,36,132,24,0,192
CAQUIAVIRI,"anticoncepcion, prevencion de its y de cancer de cuello uterino",numero de condones entregados,2015-01-01,0,0,24,12,0,36
CARACOLLO,"anticoncepcion, prevencion de its y de cancer de cuello uterino",numero de condones entregados,2015-01-01,0,0,84,36,0,120
CARANAVI,"anticoncepcion, prevencion de its y de cancer de cuello uterino",numero de condones entregados,2015-01-01,0,48,276,120,12,456
CARANGAS,"anticoncepcion, prevencion de its y de cancer de cuello uterino",numero de condones entregados,2015-01-01,0,0,12,0,0,12
CARAPARI,"anticoncepcion, prevencion de its y de cancer de cuello uterino",numero de condones entregados,2015-01-01,0,20,56,20,0,96
CARIPUYO,"anticoncepcion, prevencion de its y de cancer de cuello uterino",numero de condones entregados,2015-01-01,0,0,84,0,0,84
CATACORA,"anticoncepcion, prevencion de its y de cancer de cuello uterino",numero de condones entregados,2015-01-01,0,0,36,12,0,48
CHALLAPATA,"anticoncepcion, prevencion de its y de cancer de cuello uterino",numero de condones entregados,2015-01-01,0,60,192,108,0,360
CHAQUI,"anticoncepcion, prevencion de its y de cancer de cuello uterino",numero de condones entregados,2015-01-01,0,0,36,12,0,48
CHARAGUA,"anticoncepcion, prevencion de its y de cancer de cuello uterino",numero de condones entregados,2015-01-01,0,0,12,0,0,12
CHAYANTA,"anticoncepcion, prevencion de its y de cancer de cuello uterino",numero de condones entregados,2015-01-01,0,12,48,24,0,84
CHIMORE,"anticoncepcion, prevencion de its y de cancer de cuello uterino",numero de condones entregados,2015-01-01,0,120,780,252,0,1152
CHIPAYA,"anticoncepcion, prevencion de its y de cancer de cuello uterino",numero de condones entregados,2015-01-01,0,0,12,0,0,12
CHOQUE COTA,"anticoncepcion, prevencion de its y de cancer de cuello uterino",numero de condones entregados,2015-01-01,0,0,0,24,0,24
CHUA COCANI,"anticoncepcion, prevencion de its y de cancer de cuello uterino",numero de condones entregados,2015-01-01,0,0,3,0,0,3
CHULUMANI (V. DE LA LIBERTAD),"anticoncepcion, prevencion de its y de cancer de cuello uterino",numero de condones entregados,2015-01-01,0,24,72,0,0,96
CHUMA,"anticoncepcion, prevencion de its y de cancer de cuello uterino",numero de condones entregados,2015-01-01,0,0,0,12,0,12
CHUQUIHUTA AYLLU JUCUMANI,"anticoncepcion, prevencion de its y de cancer de cuello uterino",numero de condones entregados,2015-01-01,0,48,24,0,0,72
CKOCHAS,"anticoncepcion, prevencion de its y de cancer de cuello uterino",numero de condones entregados,2015-01-01,0,0,36,12,0,48
CLIZA,"anticoncepcion, prevencion de its y de cancer de cuello uterino",numero de condones entregados,2015-01-01,0,24,132,12,12,180
COBIJA,"anticoncepcion, prevencion de its y de cancer de cuello uterino",numero de condones entregados,2015-01-01,0,0,265,24,0,289
COCAPATA,"anticoncepcion, prevencion de its y de cancer de cuello uterino",numero de condones entregados,2015-01-01,0,12,84,12,0,108
COCHABAMBA,"anticoncepcion, prevencion de its y de cancer de cuello uterino",numero de condones entregados,2015-01-01,0,232,1661,338,396,2627
COIPASA,"anticoncepcion, prevencion de its y de cancer de cuello uterino",numero de condones entregados,2015-01-01,0,12,24,0,0,36
COLCAPIRHUA,"anticoncepcion, prevencion de its y de cancer de cuello uterino",numero de condones entregados,2015-01-01,0,0,240,36,0,276
"COLCHA ""K""","anticoncepcion, prevencion de its y de cancer de cuello uterino",numero de condones entregados,2015-01-01,0,24,192,84,12,312
COLLANA,"anticoncepcion, prevencion de its y de cancer de cuello uterino",numero de condones entregados,2015-01-01,0,0,12,0,0,12
COLOMI,"anticoncepcion, prevencion de its y de cancer de cuello uterino",numero de condones entregados,2015-01-01,0,12,84,12,0,108
COLPA BELGICA,"anticoncepcion, prevencion de its y de cancer de cuello uterino",numero de condones entregados,2015-01-01,0,24,48,24,0,96
COLQUECHACA,"anticoncepcion, prevencion de its y de cancer de cuello uterino",numero de condones entregados,2015-01-01,0,96,528,132,0,756
COLQUENCHA,"anticoncepcion, prevencion de its y de cancer de cuello uterino",numero de condones entregados,2015-01-01,24,36,24,12,0,96
COLQUIRI,"anticoncepcion, prevencion de its y de cancer de cuello uterino",numero de condones entregados,2015-01-01,0,0,12,0,0,12
COMARAPA,"anticoncepcion, prevencion de its y de cancer de cuello uterino",numero de condones entregados,2015-01-01,0,24,84,12,0,120
CONCEPCION,"anticoncepcion, prevencion de its y de cancer de cuello uterino",numero de condones entregados,2015-01-01,0,0,48,0,0,48
COPACABANA,"anticoncepcion, prevencion de its y de cancer de cuello uterino",numero de condones entregados,2015-01-01,0,0,36,12,0,48
CORIPATA,"anticoncepcion, prevencion de its y de cancer de cuello uterino",numero de condones entregados,2015-01-01,0,12,108,60,0,180
CORQUE,"anticoncepcion, prevencion de its y de cancer de cuello uterino",numero de condones entregados,2015-01-01,0,24,24,24,0,72
COTAGAITA,"anticoncepcion, prevencion de its y de cancer de cuello uterino",numero de condones entregados,2015-01-01,0,0,192,60,0,252
COTOCA,"anticoncepcion, prevencion de its y de cancer de cuello uterino",numero de condones entregados,2015-01-01,0,96,300,72,0,468
CUATRO CAÑADAS,"anticoncepcion, prevencion de its y de cancer de cuello uterino",numero de condones entregados,2015-01-01,0,12,72,36,0,120
CUCHUMUELA (V. G. VILLARROEL),"anticoncepcion, prevencion de its y de cancer de cuello uterino",numero de condones entregados,2015-01-01,0,0,48,0,0,48
CUEVO,"anticoncepcion, prevencion de its y de cancer de cuello uterino",numero de condones entregados,2015-01-01,0,0,84,12,0,96
CULPINA,"anticoncepcion, prevencion de its y de cancer de cuello uterino",numero de condones entregados,2015-01-01,12,48,96,24,12,192
CURAHUARA DE CARANGAS,"anticoncepcion, prevencion de its y de cancer de cuello uterino",numero de condones entregados,2015-01-01,0,12,24,24,0,60
CURVA,"anticoncepcion, prevencion de its y de cancer de cuello uterino",numero de condones entregados,2015-01-01,0,0,0,12,0,12
DESAGUADERO,"anticoncepcion, prevencion de its y de cancer de cuello uterino",numero de condones entregados,2015-01-01,0,0,12,0,0,12
EL ALTO,"anticoncepcion, prevencion de its y de cancer de cuello uterino",numero de condones entregados,2015-01-01,12,688,8357,3601,0,12658
EL CHORO,"anticoncepcion, prevencion de its y de cancer de cuello uterino",numero de condones entregados,2015-01-01,0,12,24,36,0,72
EL PUENTE(STC),"anticoncepcion, prevencion de its y de cancer de cuello uterino",numero de condones entregados,2015-01-01,0,36,86,36,0,158
EL PUENTE(TJA),"anticoncepcion, prevencion de its y de cancer de cuello uterino",numero de condones entregados,2015-01-01,0,26,280,147,0,453
EL TORNO,"anticoncepcion, prevencion de its y de cancer de cuello uterino",numero de condones entregados,2015-01-01,0,156,552,168,0,876
EL VILLAR,"anticoncepcion, prevencion de its y de cancer de cuello uterino",numero de condones entregados,2015-01-01,0,12,132,0,0,144
ENTRE RIOS TRJ,"anticoncepcion, prevencion de its y de cancer de cuello uterino",numero de condones entregados,2015-01-01,0,48,188,48,0,284
ENTRE RIOS CBBA,"anticoncepcion, prevencion de its y de cancer de cuello uterino",numero de condones entregados,2015-01-01,0,84,504,36,0,624
ESCOMA,"anticoncepcion, prevencion de its y de cancer de cuello uterino",numero de condones entregados,2015-01-01,0,0,24,0,0,24
EUREKA (SANTOS MERCADO),"anticoncepcion, prevencion de its y de cancer de cuello uterino",numero de condones entregados,2015-01-01,0,0,12,12,0,24
FERNANDEZ ALONSO,"anticoncepcion, prevencion de its y de cancer de cuello uterino",numero de condones entregados,2015-01-01,0,0,21,0,0,21
FILADELFIA,"anticoncepcion, prevencion de its y de cancer de cuello uterino",numero de condones entregados,2015-01-01,0,0,96,12,0,108
GENERAL SAAVEDRA,"anticoncepcion, prevencion de its y de cancer de cuello uterino",numero de condones entregados,2015-01-01,0,36,113,12,0,161
GRAL. J.J. PEREZ (CHARAZANI),"anticoncepcion, prevencion de its y de cancer de cuello uterino",numero de condones entregados,2015-01-01,0,0,60,24,0,84
GUANAY,"anticoncepcion, prevencion de its y de cancer de cuello uterino",numero de condones entregados,2015-01-01,0,0,60,0,0,60
GUAQUI,"anticoncepcion, prevencion de its y de cancer de cuello uterino",numero de condones entregados,2015-01-01,0,0,12,0,0,12
GUAYARAMERIN,"anticoncepcion, prevencion de its y de cancer de cuello uterino",numero de condones entregados,2015-01-01,0,24,186,48,0,258
GUTIERREZ,"anticoncepcion, prevencion de its y de cancer de cuello uterino",numero de condones entregados,2015-01-01,0,0,12,0,0,12
HUACARETA,"anticoncepcion, prevencion de its y de cancer de cuello uterino",numero de condones entregados,2015-01-01,0,12,12,12,0,36
HUACAYA (VILLA DE HUACAYA),"anticoncepcion, prevencion de its y de cancer de cuello uterino",numero de condones entregados,2015-01-01,0,0,12,0,0,12
HUANUNI,"anticoncepcion, prevencion de its y de cancer de cuello uterino",numero de condones entregados,2015-01-01,12,0,132,24,12,180
HUARACAJE,"anticoncepcion, prevencion de its y de cancer de cuello uterino",numero de condones entregados,2015-01-01,0,0,36,0,0,36
HUAYLLAMARCA,"anticoncepcion, prevencion de its y de cancer de cuello uterino",numero de condones entregados,2015-01-01,0,0,48,24,0,72
HUMANATA,"anticoncepcion, prevencion de its y de cancer de cuello uterino",numero de condones entregados,2015-01-01,0,0,0,12,0,12
ICHOCA,"anticoncepcion, prevencion de its y de cancer de cuello uterino",numero de condones entregados,2015-01-01,0,24,36,12,0,72
ICLA,"anticoncepcion, prevencion de its y de cancer de cuello uterino",numero de condones entregados,2015-01-01,0,0,60,0,12,72
INCAHUASI,"anticoncepcion, prevencion de its y de cancer de cuello uterino",numero de condones entregados,2015-01-01,0,12,48,12,0,72
INQUISIVI,"anticoncepcion, prevencion de its y de cancer de cuello uterino",numero de condones entregados,2015-01-01,0,36,84,0,0,120
IRUPANA (VILLA DE LANZA),"anticoncepcion, prevencion de its y de cancer de cuello uterino",numero de condones entregados,2015-01-01,0,24,120,36,12,192
IXIAMAS,"anticoncepcion, prevencion de its y de cancer de cuello uterino",numero de condones entregados,2015-01-01,0,12,12,24,12,60
JESUS DE MACHACA,"anticoncepcion, prevencion de its y de cancer de cuello uterino",numero de condones entregados,2015-01-01,0,0,36,12,0,48
LA ASUNTA,"anticoncepcion, prevencion de its y de cancer de cuello uterino",numero de condones entregados,2015-01-01,0,36,252,12,0,300
LA GUARDIA,"anticoncepcion, prevencion de its y de cancer de cuello uterino",numero de condones entregados,2015-01-01,0,46,312,168,0,526
LA PAZ,"anticoncepcion, prevencion de its y de cancer de cuello uterino",numero de condones entregados,2015-01-01,0,238,1975,469,57,2739
LAGUNILLAS,"anticoncepcion, prevencion de its y de cancer de cuello uterino",numero de condones entregados,2015-01-01,0,0,12,0,0,12
LAJA,"anticoncepcion, prevencion de its y de cancer de cuello uterino",numero de condones entregados,2015-01-01,0,0,96,60,0,156
LAS CARRERAS,"anticoncepcion, prevencion de its y de cancer de cuello uterino",numero de condones entregados,2015-01-01,0,12,36,24,0,72
LLALLAGUA,"anticoncepcion, prevencion de its y de cancer de cuello uterino",numero de condones entregados,2015-01-01,0,0,170,36,0,206
LLICA,"anticoncepcion, prevencion de its y de cancer de cuello uterino",numero de condones entregados,2015-01-01,0,0,12,12,0,24
LORETO,"anticoncepcion, prevencion de its y de cancer de cuello uterino",numero de condones entregados,2015-01-01,0,0,0,12,0,12
LURIBAY,"anticoncepcion, prevencion de its y de cancer de cuello uterino",numero de condones entregados,2015-01-01,0,12,72,12,0,96
MACHACAMARCA,"anticoncepcion, prevencion de its y de cancer de cuello uterino",numero de condones entregados,2015-01-01,0,0,24,0,0,24
MACHARETI,"anticoncepcion, prevencion de its y de cancer de cuello uterino",numero de condones entregados,2015-01-01,0,24,60,12,0,96
MAGDALENA,"anticoncepcion, prevencion de its y de cancer de cuello uterino",numero de condones entregados,2015-01-01,0,12,102,60,0,174
MAIRANA,"anticoncepcion, prevencion de its y de cancer de cuello uterino",numero de condones entregados,2015-01-01,0,12,0,0,0,12
MAPIRI,"anticoncepcion, prevencion de its y de cancer de cuello uterino",numero de condones entregados,2015-01-01,0,0,12,0,0,12
MECAPACA,"anticoncepcion, prevencion de its y de cancer de cuello uterino",numero de condones entregados,2015-01-01,0,0,72,135,0,207
MINEROS,"anticoncepcion, prevencion de its y de cancer de cuello uterino",numero de condones entregados,2015-01-01,0,48,36,24,0,108
MIZQUE,"anticoncepcion, prevencion de its y de cancer de cuello uterino",numero de condones entregados,2015-01-01,0,13,53,37,0,103
MOCOMOCO,"anticoncepcion, prevencion de its y de cancer de cuello uterino",numero de condones entregados,2015-01-01,0,0,48,24,0,72
MOJINETE,"anticoncepcion, prevencion de its y de cancer de cuello uterino",numero de condones entregados,2015-01-01,0,12,24,0,0,36
MOJOCOYA,"anticoncepcion, prevencion de its y de cancer de cuello uterino",numero de condones entregados,2015-01-01,0,0,72,60,0,132
MONTEAGUDO,"anticoncepcion, prevencion de its y de cancer de cuello uterino",numero de condones entregados,2015-01-01,0,60,228,120,36,444
MONTERO,"anticoncepcion, prevencion de its y de cancer de cuello uterino",numero de condones entregados,2015-01-01,0,121,409,132,0,662
MORO MORO,"anticoncepcion, prevencion de its y de cancer de cuello uterino",numero de condones entregados,2015-01-01,0,12,0,12,0,24
MOROCHATA,"anticoncepcion, prevencion de its y de cancer de cuello uterino",numero de condones entregados,2015-01-01,0,12,24,51,0,87
NACEBE (SANTA ROSA DEL ABUNA),"anticoncepcion, prevencion de its y de cancer de cuello uterino",numero de condones entregados,2015-01-01,0,0,48,0,0,48
NUEVO MANOA (NUEVA ESPERANZA),"anticoncepcion, prevencion de its y de cancer de cuello uterino",numero de condones entregados,2015-01-01,0,0,192,12,0,204
OCURI,"anticoncepcion, prevencion de its y de cancer de cuello uterino",numero de condones entregados,2015-01-01,0,0,156,36,0,192
OKINAWA,"anticoncepcion, prevencion de its y de cancer de cuello uterino",numero de condones entregados,2015-01-01,0,36,60,48,0,144
OMEREQUE,"anticoncepcion, prevencion de its y de cancer de cuello uterino",numero de condones entregados,2015-01-01,0,24,100,12,0,136
ORURO,"anticoncepcion, prevencion de its y de cancer de cuello uterino",numero de condones entregados,2015-01-01,0,129,1296,353,0,1778
PADCAYA,"anticoncepcion, prevencion de its y de cancer de cuello uterino",numero de condones entregados,2015-01-01,0,104,420,48,0,572
PADILLA,"anticoncepcion, prevencion de its y de cancer de cuello uterino",numero de condones entregados,2015-01-01,0,12,72,24,0,108
PAILON,"anticoncepcion, prevencion de its y de cancer de cuello uterino",numero de condones entregados,2015-01-01,0,38,136,24,0,198
PALCA,"anticoncepcion, prevencion de its y de cancer de cuello uterino",numero de condones entregados,2015-01-01,24,36,12,24,0,96
PALOS BLANCOS,"anticoncepcion, prevencion de its y de cancer de cuello uterino",numero de condones entregados,2015-01-01,0,12,168,120,0,300
PAMPA AULLAGAS,"anticoncepcion, prevencion de its y de cancer de cuello uterino",numero de condones entregados,2015-01-01,0,12,12,36,0,60
PAMPA GRANDE,"anticoncepcion, prevencion de its y de cancer de cuello uterino",numero de condones entregados,2015-01-01,0,0,24,24,0,48
PAPEL PAMPA,"anticoncepcion, prevencion de its y de cancer de cuello uterino",numero de condones entregados,2015-01-01,0,0,48,36,0,84
PASORAPA,"anticoncepcion, prevencion de its y de cancer de cuello uterino",numero de condones entregados,2015-01-01,0,0,12,12,0,24
PATACAMAYA,"anticoncepcion, prevencion de its y de cancer de cuello uterino",numero de condones entregados,2015-01-01,0,12,24,0,0,36
PAZÑA,"anticoncepcion, prevencion de its y de cancer de cuello uterino",numero de condones entregados,2015-01-01,0,0,108,0,0,108
PELECHUCO,"anticoncepcion, prevencion de its y de cancer de cuello uterino",numero de condones entregados,2015-01-01,0,0,74,12,0,86
POCOATA,"anticoncepcion, prevencion de its y de cancer de cuello uterino",numero de condones entregados,2015-01-01,0,24,84,72,0,180
POCONA,"anticoncepcion, prevencion de its y de cancer de cuello uterino",numero de condones entregados,2015-01-01,0,24,121,1,0,146
POJO (CBBA),"anticoncepcion, prevencion de its y de cancer de cuello uterino",numero de condones entregados,2015-01-01,0,36,120,84,0,240
POOPO,"anticoncepcion, prevencion de its y de cancer de cuello uterino",numero de condones entregados,2015-01-01,0,0,36,12,0,48
PORCO,"anticoncepcion, prevencion de its y de cancer de cuello uterino",numero de condones entregados,2015-01-01,0,12,48,12,0,72
POROMA,"anticoncepcion, prevencion de its y de cancer de cuello uterino",numero de condones entregados,2015-01-01,0,24,120,45,0,189
PORONGO,"anticoncepcion, prevencion de its y de cancer de cuello uterino",numero de condones entregados,2015-01-01,0,12,192,12,0,216
PORTACHUELO,"anticoncepcion, prevencion de its y de cancer de cuello uterino",numero de condones entregados,2015-01-01,0,12,72,0,0,84
PORVENIR,"anticoncepcion, prevencion de its y de cancer de cuello uterino",numero de condones entregados,2015-01-01,0,0,36,12,0,48
POTOSI,"anticoncepcion, prevencion de its y de cancer de cuello uterino",numero de condones entregados,2015-01-01,0,341,624,96,0,1061
PRESTO,"anticoncepcion, prevencion de its y de cancer de cuello uterino",numero de condones entregados,2015-01-01,0,48,156,36,12,252
PUCARA,"anticoncepcion, prevencion de its y de cancer de cuello uterino",numero de condones entregados,2015-01-01,0,12,12,0,0,24
PUCARANI,"anticoncepcion, prevencion de its y de cancer de cuello uterino",numero de condones entregados,2015-01-01,0,0,84,60,0,144
PUERTO ACOSTA,"anticoncepcion, prevencion de its y de cancer de cuello uterino",numero de condones entregados,2015-01-01,0,12,48,24,0,84
PUERTO CARABUCO,"anticoncepcion, prevencion de its y de cancer de cuello uterino",numero de condones entregados,2015-01-01,0,0,60,12,0,72
PUERTO GONZALO MORENO,"anticoncepcion, prevencion de its y de cancer de cuello uterino",numero de condones entregados,2015-01-01,0,24,36,12,0,72
PUERTO PEREZ,"anticoncepcion, prevencion de its y de cancer de cuello uterino",numero de condones entregados,2015-01-01,0,0,12,12,0,24
PUERTO QUIJARRO,"anticoncepcion, prevencion de its y de cancer de cuello uterino",numero de condones entregados,2015-01-01,0,12,48,30,0,90
PUERTO RICO,"anticoncepcion, prevencion de its y de cancer de cuello uterino",numero de condones entregados,2015-01-01,0,0,36,0,0,36
PUERTO VILLARROEL,"anticoncepcion, prevencion de its y de cancer de cuello uterino",numero de condones entregados,2015-01-01,0,84,540,120,0,744
PUNA,"anticoncepcion, prevencion de its y de cancer de cuello uterino",numero de condones entregados,2015-01-01,0,12,24,24,0,60
PUNATA,"anticoncepcion, prevencion de its y de cancer de cuello uterino",numero de condones entregados,2015-01-01,0,84,156,72,0,312
QUILLACOLLO,"anticoncepcion, prevencion de its y de cancer de cuello uterino",numero de condones entregados,2015-01-01,0,121,964,26,1,1112
QUIME,"anticoncepcion, prevencion de its y de cancer de cuello uterino",numero de condones entregados,2015-01-01,0,24,96,12,0,132
RAVELO,"anticoncepcion, prevencion de its y de cancer de cuello uterino",numero de condones entregados,2015-01-01,0,24,36,12,0,72
REYES,"anticoncepcion, prevencion de its y de cancer de cuello uterino",numero de condones entregados,2015-01-01,0,24,36,0,0,60
RIBERALTA,"anticoncepcion, prevencion de its y de cancer de cuello uterino",numero de condones entregados,2015-01-01,48,190,626,368,36,1268
ROBORE,"anticoncepcion, prevencion de its y de cancer de cuello uterino",numero de condones entregados,2015-01-01,0,60,60,0,0,120
RURRENABAQUE,"anticoncepcion, prevencion de its y de cancer de cuello uterino",numero de condones entregados,2015-01-01,0,12,37,49,0,98
SACABA,"anticoncepcion, prevencion de its y de cancer de cuello uterino",numero de condones entregados,2015-01-01,0,120,768,72,0,960
SACABAMBA,"anticoncepcion, prevencion de its y de cancer de cuello uterino",numero de condones entregados,2015-01-01,0,0,1,0,0,1
SACACA,"anticoncepcion, prevencion de its y de cancer de cuello uterino",numero de condones entregados,2015-01-01,0,12,24,0,0,36
SAIPINA,"anticoncepcion, prevencion de its y de cancer de cuello uterino",numero de condones entregados,2015-01-01,0,0,12,0,0,12
SALINAS DE GARCI MENDOZA,"anticoncepcion, prevencion de its y de cancer de cuello uterino",numero de condones entregados,2015-01-01,0,0,204,60,0,264
SAMAIPATA,"anticoncepcion, prevencion de its y de cancer de cuello uterino",numero de condones entregados,2015-01-01,0,12,36,0,0,48
SAN AGUSTIN,"anticoncepcion, prevencion de its y de cancer de cuello uterino",numero de condones entregados,2015-01-01,0,0,60,0,0,60
SAN ANDRES,"anticoncepcion, prevencion de its y de cancer de cuello uterino",numero de condones entregados,2015-01-01,0,24,24,0,0,48
SAN ANTONIO DE ESMORUCO,"anticoncepcion, prevencion de its y de cancer de cuello uterino",numero de condones entregados,2015-01-01,0,12,24,0,0,36
SAN ANTONIO DE LOMERIO,"anticoncepcion, prevencion de its y de cancer de cuello uterino",numero de condones entregados,2015-01-01,0,12,36,24,0,72
SAN BORJA,"anticoncepcion, prevencion de its y de cancer de cuello uterino",numero de condones entregados,2015-01-01,0,24,216,24,0,264
SAN BUENA VENTURA,"anticoncepcion, prevencion de its y de cancer de cuello uterino",numero de condones entregados,2015-01-01,0,0,0,12,0,12
SAN CARLOS,"anticoncepcion, prevencion de its y de cancer de cuello uterino",numero de condones entregados,2015-01-01,0,60,432,24,0,516
SAN IGNACIO,"anticoncepcion, prevencion de its y de cancer de cuello uterino",numero de condones entregados,2015-01-01,0,0,110,22,0,132
SAN IGNACIO DE VELASCO,"anticoncepcion, prevencion de its y de cancer de cuello uterino",numero de condones entregados,2015-01-01,0,84,300,48,0,432
SAN JAVIER(BNI),"anticoncepcion, prevencion de its y de cancer de cuello uterino",numero de condones entregados,2015-01-01,0,0,38,0,0,38
SAN JAVIER(STC),"anticoncepcion, prevencion de its y de cancer de cuello uterino",numero de condones entregados,2015-01-01,0,12,12,0,0,24
SAN JOSE DE CHIQUITOS,"anticoncepcion, prevencion de its y de cancer de cuello uterino",numero de condones entregados,2015-01-01,0,12,0,0,12,24
SAN JUAN DE YAPACANI,"anticoncepcion, prevencion de its y de cancer de cuello uterino",numero de condones entregados,2015-01-01,0,0,36,12,0,48
SAN JULIAN,"anticoncepcion, prevencion de its y de cancer de cuello uterino",numero de condones entregados,2015-01-01,0,60,60,12,0,132
SAN LORENZO(PND),"anticoncepcion, prevencion de its y de cancer de cuello uterino",numero de condones entregados,2015-01-01,0,0,12,12,0,24
SAN LORENZO(TJA),"anticoncepcion, prevencion de its y de cancer de cuello uterino",numero de condones entregados,2015-01-01,0,20,102,108,0,230
SAN LUCAS,"anticoncepcion, prevencion de its y de cancer de cuello uterino",numero de condones entregados,2015-01-01,0,24,96,36,0,156
SAN MATIAS,"anticoncepcion, prevencion de its y de cancer de cuello uterino",numero de condones entregados,2015-01-01,0,12,0,0,0,12
SAN MIGUEL DE VELASCO,"anticoncepcion, prevencion de its y de cancer de cuello uterino",numero de condones entregados,2015-01-01,0,0,48,24,0,72
SAN PABLO DE LIPEZ,"anticoncepcion, prevencion de its y de cancer de cuello uterino",numero de condones entregados,2015-01-01,0,0,36,0,0,36
SAN PEDRO,"anticoncepcion, prevencion de its y de cancer de cuello uterino",numero de condones entregados,2015-01-01,0,0,60,13,0,73
SAN PEDRO DE BUENA VISTA,"anticoncepcion, prevencion de its y de cancer de cuello uterino",numero de condones entregados,2015-01-01,0,0,72,24,0,96
SAN PEDRO DE CURAHUARA,"anticoncepcion, prevencion de its y de cancer de cuello uterino",numero de condones entregados,2015-01-01,0,0,12,0,0,12
SAN PEDRO DE QUEMES,"anticoncepcion, prevencion de its y de cancer de cuello uterino",numero de condones entregados,2015-01-01,0,0,24,0,0,24
SAN PEDRO DE TIQUINA,"anticoncepcion, prevencion de its y de cancer de cuello uterino",numero de condones entregados,2015-01-01,0,12,60,0,0,72
SAN RAFAEL,"anticoncepcion, prevencion de its y de cancer de cuello uterino",numero de condones entregados,2015-01-01,0,24,72,24,0,120
SAN RAMON SCZ,"anticoncepcion, prevencion de its y de cancer de cuello uterino",numero de condones entregados,2015-01-01,0,72,60,0,0,132
SANTA ANA,"anticoncepcion, prevencion de its y de cancer de cuello uterino",numero de condones entregados,2015-01-01,0,22,76,24,0,122
SANTA CRUZ DE LA SIERRA,"anticoncepcion, prevencion de its y de cancer de cuello uterino",numero de condones entregados,2015-01-01,24,646,23332,529,0,24531
SANTA ROSA,"anticoncepcion, prevencion de its y de cancer de cuello uterino",numero de condones entregados,2015-01-01,0,24,108,36,0,168
SANTA ROSA DEL SARA,"anticoncepcion, prevencion de its y de cancer de cuello uterino",numero de condones entregados,2015-01-01,0,12,84,72,0,168
SANTIAGO DE HUARI,"anticoncepcion, prevencion de its y de cancer de cuello uterino",numero de condones entregados,2015-01-01,0,36,180,12,0,228
SANTIVAÑES,"anticoncepcion, prevencion de its y de cancer de cuello uterino",numero de condones entregados,2015-01-01,0,12,60,0,0,72
SANTUARIO DE QUILLACAS,"anticoncepcion, prevencion de its y de cancer de cuello uterino",numero de condones entregados,2015-01-01,0,0,108,36,0,144
SAPAHAQUI,"anticoncepcion, prevencion de its y de cancer de cuello uterino",numero de condones entregados,2015-01-01,0,0,36,24,0,60
SENA,"anticoncepcion, prevencion de its y de cancer de cuello uterino",numero de condones entregados,2015-01-01,0,12,36,24,0,72
SHINAOTA,"anticoncepcion, prevencion de its y de cancer de cuello uterino",numero de condones entregados,2015-01-01,0,12,12,12,0,36
SICA SICA (VILLA AROMA),"anticoncepcion, prevencion de its y de cancer de cuello uterino",numero de condones entregados,2015-01-01,0,48,204,48,0,300
SICAYA,"anticoncepcion, prevencion de its y de cancer de cuello uterino",numero de condones entregados,2015-01-01,0,0,24,0,0,24
SIPE SIPE,"anticoncepcion, prevencion de its y de cancer de cuello uterino",numero de condones entregados,2015-01-01,0,36,96,48,0,180
SOPACHUY,"anticoncepcion, prevencion de its y de cancer de cuello uterino",numero de condones entregados,2015-01-01,0,48,142,144,0,334
SORACACHI,"anticoncepcion, prevencion de its y de cancer de cuello uterino",numero de condones entregados,2015-01-01,0,0,108,36,0,144
SORATA,"anticoncepcion, prevencion de its y de cancer de cuello uterino",numero de condones entregados,2015-01-01,0,0,13,0,0,13
SUCRE,"anticoncepcion, prevencion de its y de cancer de cuello uterino",numero de condones entregados,2015-01-01,0,1043,3199,970,36,5248
TACACHI,"anticoncepcion, prevencion de its y de cancer de cuello uterino",numero de condones entregados,2015-01-01,0,0,36,0,0,36
TACACOMA,"anticoncepcion, prevencion de its y de cancer de cuello uterino",numero de condones entregados,2015-01-01,0,0,108,0,0,108
TACOBAMBA,"anticoncepcion, prevencion de its y de cancer de cuello uterino",numero de condones entregados,2015-01-01,0,0,60,12,0,72
TACOPAYA,"anticoncepcion, prevencion de its y de cancer de cuello uterino",numero de condones entregados,2015-01-01,0,0,12,12,0,24
TAPACARI,"anticoncepcion, prevencion de its y de cancer de cuello uterino",numero de condones entregados,2015-01-01,0,48,60,72,12,192
TARABUCO,"anticoncepcion, prevencion de its y de cancer de cuello uterino",numero de condones entregados,2015-01-01,0,0,12,12,0,24
TARACO,"anticoncepcion, prevencion de its y de cancer de cuello uterino",numero de condones entregados,2015-01-01,0,12,48,12,0,72
TARATA,"anticoncepcion, prevencion de its y de cancer de cuello uterino",numero de condones entregados,2015-01-01,0,0,3,0,0,3
TARIJA,"anticoncepcion, prevencion de its y de cancer de cuello uterino",numero de condones entregados,2015-01-01,12,128,1563,264,32,1999
TARVITA,"anticoncepcion, prevencion de its y de cancer de cuello uterino",numero de condones entregados,2015-01-01,0,0,24,24,0,48
TEOPONTE,"anticoncepcion, prevencion de its y de cancer de cuello uterino",numero de condones entregados,2015-01-01,0,0,24,0,0,24
TIAWANACU,"anticoncepcion, prevencion de its y de cancer de cuello uterino",numero de condones entregados,2015-01-01,0,12,108,36,0,156
TINGUIPAYA,"anticoncepcion, prevencion de its y de cancer de cuello uterino",numero de condones entregados,2015-01-01,0,0,12,0,0,12
TIPUANI,"anticoncepcion, prevencion de its y de cancer de cuello uterino",numero de condones entregados,2015-01-01,0,0,72,0,0,72
TIQUIPAYA,"anticoncepcion, prevencion de its y de cancer de cuello uterino",numero de condones entregados,2015-01-01,0,24,348,108,0,480
TIRAQUE (CBBA),"anticoncepcion, prevencion de its y de cancer de cuello uterino",numero de condones entregados,2015-01-01,0,0,84,24,0,108
TITO YUPANQUI (PARQUIPUJIO),"anticoncepcion, prevencion de its y de cancer de cuello uterino",numero de condones entregados,2015-01-01,0,0,12,12,0,24
TOCO,"anticoncepcion, prevencion de its y de cancer de cuello uterino",numero de condones entregados,2015-01-01,0,12,84,36,0,132
TOLATA,"anticoncepcion, prevencion de its y de cancer de cuello uterino",numero de condones entregados,2015-01-01,0,12,36,0,0,48
TOLEDO,"anticoncepcion, prevencion de its y de cancer de cuello uterino",numero de condones entregados,2015-01-01,0,12,36,72,0,120
TOMAVE,"anticoncepcion, prevencion de its y de cancer de cuello uterino",numero de condones entregados,2015-01-01,0,36,144,24,0,204
TOMINA,"anticoncepcion, prevencion de its y de cancer de cuello uterino",numero de condones entregados,2015-01-01,0,0,156,42,0,198
TORO TORO,"anticoncepcion, prevencion de its y de cancer de cuello uterino",numero de condones entregados,2015-01-01,0,24,72,12,0,108
TOTORA(CBBA),"anticoncepcion, prevencion de its y de cancer de cuello uterino",numero de condones entregados,2015-01-01,0,12,72,0,0,84
TOTORA(ORR),"anticoncepcion, prevencion de its y de cancer de cuello uterino",numero de condones entregados,2015-01-01,0,12,60,12,12,96
TRIGAL,"anticoncepcion, prevencion de its y de cancer de cuello uterino",numero de condones entregados,2015-01-01,0,12,12,0,0,24
TRINIDAD,"anticoncepcion, prevencion de its y de cancer de cuello uterino",numero de condones entregados,2015-01-01,5164,12,123,12,0,5311
TUPIZA,"anticoncepcion, prevencion de its y de cancer de cuello uterino",numero de condones entregados,2015-01-01,0,56,180,96,0,332
TURCO,"anticoncepcion, prevencion de its y de cancer de cuello uterino",numero de condones entregados,2015-01-01,0,0,84,84,0,168
UMALA,"anticoncepcion, prevencion de its y de cancer de cuello uterino",numero de condones entregados,2015-01-01,0,0,12,0,0,12
UNCIA,"anticoncepcion, prevencion de its y de cancer de cuello uterino",numero de condones entregados,2015-01-01,0,12,60,0,12,84
URIONDO (A. CONCEPCION),"anticoncepcion, prevencion de its y de cancer de cuello uterino",numero de condones entregados,2015-01-01,0,0,198,60,20,278
URUBICHA,"anticoncepcion, prevencion de its y de cancer de cuello uterino",numero de condones entregados,2015-01-01,0,0,72,0,0,72
UYUNI,"anticoncepcion, prevencion de its y de cancer de cuello uterino",numero de condones entregados,2015-01-01,12,48,120,0,0,180
VACAS,"anticoncepcion, prevencion de its y de cancer de cuello uterino",numero de condones entregados,2015-01-01,0,24,12,0,0,36
VALLEGRANDE,"anticoncepcion, prevencion de its y de cancer de cuello uterino",numero de condones entregados,2015-01-01,0,84,156,0,0,240
VIACHA,"anticoncepcion, prevencion de its y de cancer de cuello uterino",numero de condones entregados,2015-01-01,0,48,389,96,0,533
VILA VILA,"anticoncepcion, prevencion de its y de cancer de cuello uterino",numero de condones entregados,2015-01-01,0,0,12,12,0,24
VILLA CHARCAS,"anticoncepcion, prevencion de its y de cancer de cuello uterino",numero de condones entregados,2015-01-01,0,24,36,12,0,72
VILLA MONTES,"anticoncepcion, prevencion de its y de cancer de cuello uterino",numero de condones entregados,2015-01-01,0,36,44,44,0,124
VILLA NUEVA (LOMA ALTA),"anticoncepcion, prevencion de its y de cancer de cuello uterino",numero de condones entregados,2015-01-01,0,12,24,12,0,48
VILLA RIVERO,"anticoncepcion, prevencion de its y de cancer de cuello uterino",numero de condones entregados,2015-01-01,0,24,48,0,0,72
VILLA SERRANO,"anticoncepcion, prevencion de its y de cancer de cuello uterino",numero de condones entregados,2015-01-01,0,0,36,36,0,72
VILLA TUNARI,"anticoncepcion, prevencion de its y de cancer de cuello uterino",numero de condones entregados,2015-01-01,12,48,390,97,0,547
VILLA VACA GUZMAN (MUYUPAMPA),"anticoncepcion, prevencion de its y de cancer de cuello uterino",numero de condones entregados,2015-01-01,0,24,132,0,0,156
VILLAZON,"anticoncepcion, prevencion de its y de cancer de cuello uterino",numero de condones entregados,2015-01-01,0,48,324,168,0,540
VINTO,"anticoncepcion, prevencion de its y de cancer de cuello uterino",numero de condones entregados,2015-01-01,0,60,156,0,0,216
VITICHI,"anticoncepcion, prevencion de its y de cancer de cuello uterino",numero de condones entregados,2015-01-01,0,0,12,0,0,12
WARNES,"anticoncepcion, prevencion de its y de cancer de cuello uterino",numero de condones entregados,2015-01-01,0,72,276,108,0,456
YACUIBA,"anticoncepcion, prevencion de its y de cancer de cuello uterino",numero de condones entregados,2015-01-01,12,132,760,197,0,1101
YAMPARAEZ,"anticoncepcion, prevencion de its y de cancer de cuello uterino",numero de condones entregados,2015-01-01,0,0,0,12,0,12
YANACACHI,"anticoncepcion, prevencion de its y de cancer de cuello uterino",numero de condones entregados,2015-01-01,0,0,48,0,0,48
YAPACANI,"anticoncepcion, prevencion de its y de cancer de cuello uterino",numero de condones entregados,2015-01-01,0,48,180,24,0,252
YOCALLA,"anticoncepcion, prevencion de its y de cancer de cuello uterino",numero de condones entregados,2015-01-01,0,12,108,48,0,168
YOTALA,"anticoncepcion, prevencion de its y de cancer de cuello uterino",numero de condones entregados,2015-01-01,0,24,108,0,0,132
YUNCHARA,"anticoncepcion, prevencion de its y de cancer de cuello uterino",numero de condones entregados,2015-01-01,0,32,200,32,0,264
ZUDAÑEZ,"anticoncepcion, prevencion de its y de cancer de cuello uterino",numero de condones entregados,2015-01-01,0,24,12,12,0,48
ACACIO,"anticoncepcion, prevencion de its y de cancer de cuello uterino",numero de condones entregados,2015-02-01,0,0,24,12,0,36
ACHACACHI,"anticoncepcion, prevencion de its y de cancer de cuello uterino",numero de condones entregados,2015-02-01,0,0,113,36,0,149
ACHOCALLA,"anticoncepcion, prevencion de its y de cancer de cuello uterino",numero de condones entregados,2015-02-01,0,12,96,24,0,132
AIQUILE,"anticoncepcion, prevencion de its y de cancer de cuello uterino",numero de condones entregados,2015-02-01,0,0,12,0,0,12
ALALAY,"anticoncepcion, prevencion de its y de cancer de cuello uterino",numero de condones entregados,2015-02-01,0,0,48,0,0,48
ALCALA,"anticoncepcion, prevencion de its y de cancer de cuello uterino",numero de condones entregados,2015-02-01,0,0,48,0,12,60
ALTO BENI,"anticoncepcion, prevencion de its y de cancer de cuello uterino",numero de condones entregados,2015-02-01,0,36,36,36,0,108
ANCORAIMES,"anticoncepcion, prevencion de its y de cancer de cuello uterino",numero de condones entregados,2015-02-01,0,0,36,0,0,36
ANDAMARCA,"anticoncepcion, prevencion de its y de cancer de cuello uterino",numero de condones entregados,2015-02-01,0,36,36,0,0,72
ANTEQUERA,"anticoncepcion, prevencion de its y de cancer de cuello uterino",numero de condones entregados,2015-02-01,0,12,192,72,0,276
APOLO,"anticoncepcion, prevencion de its y de cancer de cuello uterino",numero de condones entregados,2015-02-01,0,0,48,12,0,60
ARAMPAMPA,"anticoncepcion, prevencion de its y de cancer de cuello uterino",numero de condones entregados,2015-02-01,0,0,60,12,0,72
ARANI,"anticoncepcion, prevencion de its y de cancer de cuello uterino",numero de condones entregados,2015-02-01,0,0,24,0,0,24
ARBIETO,"anticoncepcion, prevencion de its y de cancer de cuello uterino",numero de condones entregados,2015-02-01,0,0,84,0,0,84
ARQUE,"anticoncepcion, prevencion de its y de cancer de cuello uterino",numero de condones entregados,2015-02-01,0,0,24,84,0,108
ASCENCION DE GUARAYOS,"anticoncepcion, prevencion de its y de cancer de cuello uterino",numero de condones entregados,2015-02-01,0,36,84,0,0,120
ATOCHA,"anticoncepcion, prevencion de its y de cancer de cuello uterino",numero de condones entregados,2015-02-01,0,0,108,120,0,228
AYATA,"anticoncepcion, prevencion de its y de cancer de cuello uterino",numero de condones entregados,2015-02-01,0,0,24,0,0,24
AYO AYO,"anticoncepcion, prevencion de its y de cancer de cuello uterino",numero de condones entregados,2015-02-01,0,0,12,12,0,24
AYOPAYA (V. DE INDEPENDENCIA),"anticoncepcion, prevencion de its y de cancer de cuello uterino",numero de condones entregados,2015-02-01,0,48,336,98,12,494
AZURDUY,"anticoncepcion, prevencion de its y de cancer de cuello uterino",numero de condones entregados,2015-02-01,12,12,48,12,12,96
BATALLAS,"anticoncepcion, prevencion de its y de cancer de cuello uterino",numero de condones entregados,2015-02-01,0,0,24,0,0,24
BAURES,"anticoncepcion, prevencion de its y de cancer de cuello uterino",numero de condones entregados,2015-02-01,0,180,15,0,0,195
BELEN DE ANDAMARCA,"anticoncepcion, prevencion de its y de cancer de cuello uterino",numero de condones entregados,2015-02-01,0,0,12,12,0,24
BELEN DE URMIRI,"anticoncepcion, prevencion de its y de cancer de cuello uterino",numero de condones entregados,2015-02-01,0,24,108,60,0,192
BELLA FLOR,"anticoncepcion, prevencion de its y de cancer de cuello uterino",numero de condones entregados,2015-02-01,0,0,24,0,0,24
BERMEJO,"anticoncepcion, prevencion de its y de cancer de cuello uterino",numero de condones entregados,2015-02-01,0,24,80,56,0,160
BETANZOS,"anticoncepcion, prevencion de its y de cancer de cuello uterino",numero de condones entregados,2015-02-01,0,48,168,96,0,312
BOLIVAR,"anticoncepcion, prevencion de its y de cancer de cuello uterino",numero de condones entregados,2015-02-01,0,0,0,24,0,24
BOLPEBRA,"anticoncepcion, prevencion de its y de cancer de cuello uterino",numero de condones entregados,2015-02-01,24,36,114,12,0,186
BUENA VISTA,"anticoncepcion, prevencion de its y de cancer de cuello uterino",numero de condones entregados,2015-02-01,0,84,132,36,0,252
CABEZAS,"anticoncepcion, prevencion de its y de cancer de cuello uterino",numero de condones entregados,2015-02-01,12,180,636,84,12,924
CAIROMA,"anticoncepcion, prevencion de its y de cancer de cuello uterino",numero de condones entregados,2015-02-01,0,0,60,12,0,72
"CAIZA ""D""","anticoncepcion, prevencion de its y de cancer de cuello uterino",numero de condones entregados,2015-02-01,0,0,48,12,0,60
CAJUATA,"anticoncepcion, prevencion de its y de cancer de cuello uterino",numero de condones entregados,2015-02-01,0,12,132,48,0,192
CALACOTO,"anticoncepcion, prevencion de its y de cancer de cuello uterino",numero de condones entregados,2015-02-01,0,0,0,24,0,24
CALAMARCA,"anticoncepcion, prevencion de its y de cancer de cuello uterino",numero de condones entregados,2015-02-01,0,24,84,48,0,156
CAMARGO,"anticoncepcion, prevencion de its y de cancer de cuello uterino",numero de condones entregados,2015-02-01,0,0,12,0,0,12
CAMATAQUI (C. VILLA ABECIA),"anticoncepcion, prevencion de its y de cancer de cuello uterino",numero de condones entregados,2015-02-01,0,12,60,12,0,84
CAMIRI,"anticoncepcion, prevencion de its y de cancer de cuello uterino",numero de condones entregados,2015-02-01,0,0,12,0,0,12
CAPINOTA,"anticoncepcion, prevencion de its y de cancer de cuello uterino",numero de condones entregados,2015-02-01,0,24,60,36,12,132
CAQUIAVIRI,"anticoncepcion, prevencion de its y de cancer de cuello uterino",numero de condones entregados,2015-02-01,0,0,36,12,0,48
CARACOLLO,"anticoncepcion, prevencion de its y de cancer de cuello uterino",numero de condones entregados,2015-02-01,0,12,72,12,0,96
CARANAVI,"anticoncepcion, prevencion de its y de cancer de cuello uterino",numero de condones entregados,2015-02-01,0,60,336,72,0,468
CARAPARI,"anticoncepcion, prevencion de its y de cancer de cuello uterino",numero de condones entregados,2015-02-01,0,0,96,76,20,192
CARIPUYO,"anticoncepcion, prevencion de its y de cancer de cuello uterino",numero de condones entregados,2015-02-01,0,12,96,24,0,132
CATACORA,"anticoncepcion, prevencion de its y de cancer de cuello uterino",numero de condones entregados,2015-02-01,0,0,24,0,0,24
CHALLAPATA,"anticoncepcion, prevencion de its y de cancer de cuello uterino",numero de condones entregados,2015-02-01,0,84,288,168,0,540
CHAQUI,"anticoncepcion, prevencion de its y de cancer de cuello uterino",numero de condones entregados,2015-02-01,0,12,72,24,12,120
CHAYANTA,"anticoncepcion, prevencion de its y de cancer de cuello uterino",numero de condones entregados,2015-02-01,0,0,100,36,0,136
CHIMORE,"anticoncepcion, prevencion de its y de cancer de cuello uterino",numero de condones entregados,2015-02-01,0,84,481,156,12,733
CHIPAYA,"anticoncepcion, prevencion de its y de cancer de cuello uterino",numero de condones entregados,2015-02-01,0,0,36,0,0,36
CHULUMANI (V. DE LA LIBERTAD),"anticoncepcion, prevencion de its y de cancer de cuello uterino",numero de condones entregados,2015-02-01,0,0,60,0,0,60
CHUMA,"anticoncepcion, prevencion de its y de cancer de cuello uterino",numero de condones entregados,2015-02-01,0,0,36,0,0,36
CHUQUIHUTA AYLLU JUCUMANI,"anticoncepcion, prevencion de its y de cancer de cuello uterino",numero de condones entregados,2015-02-01,0,48,36,0,0,84
CKOCHAS,"anticoncepcion, prevencion de its y de cancer de cuello uterino",numero de condones entregados,2015-02-01,0,0,24,0,0,24
CLIZA,"anticoncepcion, prevencion de its y de cancer de cuello uterino",numero de condones entregados,2015-02-01,0,12,168,12,0,192
COBIJA,"anticoncepcion, prevencion de its y de cancer de cuello uterino",numero de condones entregados,2015-02-01,0,24,156,0,0,180
COCAPATA,"anticoncepcion, prevencion de its y de cancer de cuello uterino",numero de condones entregados,2015-02-01,0,0,108,12,0,120
COCHABAMBA,"anticoncepcion, prevencion de its y de cancer de cuello uterino",numero de condones entregados,2015-02-01,0,50,2335,103,0,2488
COLCAPIRHUA,"anticoncepcion, prevencion de its y de cancer de cuello uterino",numero de condones entregados,2015-02-01,0,36,168,36,0,240
"COLCHA ""K""","anticoncepcion, prevencion de its y de cancer de cuello uterino",numero de condones entregados,2015-02-01,0,12,120,36,0,168
COLLANA,"anticoncepcion, prevencion de its y de cancer de cuello uterino",numero de condones entregados,2015-02-01,0,0,24,0,0,24
COLOMI,"anticoncepcion, prevencion de its y de cancer de cuello uterino",numero de condones entregados,2015-02-01,0,12,36,24,0,72
COLPA BELGICA,"anticoncepcion, prevencion de its y de cancer de cuello uterino",numero de condones entregados,2015-02-01,0,0,60,24,0,84
COLQUECHACA,"anticoncepcion, prevencion de its y de cancer de cuello uterino",numero de condones entregados,2015-02-01,0,24,252,180,0,456
COLQUENCHA,"anticoncepcion, prevencion de its y de cancer de cuello uterino",numero de condones entregados,2015-02-01,0,24,36,12,0,72
COLQUIRI,"anticoncepcion, prevencion de its y de cancer de cuello uterino",numero de condones entregados,2015-02-01,0,0,0,12,0,12
COMANCHE,"anticoncepcion, prevencion de its y de cancer de cuello uterino",numero de condones entregados,2015-02-01,0,12,0,0,0,12
COMARAPA,"anticoncepcion, prevencion de its y de cancer de cuello uterino",numero de condones entregados,2015-02-01,0,24,216,36,0,276
COMBAYA,"anticoncepcion, prevencion de its y de cancer de cuello uterino",numero de condones entregados,2015-02-01,0,12,0,0,0,12
CONCEPCION,"anticoncepcion, prevencion de its y de cancer de cuello uterino",numero de condones entregados,2015-02-01,0,0,24,0,0,24
COPACABANA,"anticoncepcion, prevencion de its y de cancer de cuello uterino",numero de condones entregados,2015-02-01,0,0,12,0,0,12
CORIPATA,"anticoncepcion, prevencion de its y de cancer de cuello uterino",numero de condones entregados,2015-02-01,0,24,36,12,0,72
CORO CORO,"anticoncepcion, prevencion de its y de cancer de cuello uterino",numero de condones entregados,2015-02-01,0,0,12,0,0,12
COROICO,"anticoncepcion, prevencion de its y de cancer de cuello uterino",numero de condones entregados,2015-02-01,0,0,12,0,0,12
CORQUE,"anticoncepcion, prevencion de its y de cancer de cuello uterino",numero de condones entregados,2015-02-01,0,0,12,0,0,12
COTAGAITA,"anticoncepcion, prevencion de its y de cancer de cuello uterino",numero de condones entregados,2015-02-01,0,14,264,85,0,363
COTOCA,"anticoncepcion, prevencion de its y de cancer de cuello uterino",numero de condones entregados,2015-02-01,0,36,312,48,0,396
CUATRO CAÑADAS,"anticoncepcion, prevencion de its y de cancer de cuello uterino",numero de condones entregados,2015-02-01,0,0,48,36,0,84
CUCHUMUELA (V. G. VILLARROEL),"anticoncepcion, prevencion de its y de cancer de cuello uterino",numero de condones entregados,2015-02-01,0,0,72,0,0,72
CUEVO,"anticoncepcion, prevencion de its y de cancer de cuello uterino",numero de condones entregados,2015-02-01,0,0,24,0,0,24
CULPINA,"anticoncepcion, prevencion de its y de cancer de cuello uterino",numero de condones entregados,2015-02-01,0,48,168,180,12,408
CURAHUARA DE CARANGAS,"anticoncepcion, prevencion de its y de cancer de cuello uterino",numero de condones entregados,2015-02-01,0,24,48,0,0,72
CURVA,"anticoncepcion, prevencion de its y de cancer de cuello uterino",numero de condones entregados,2015-02-01,0,0,48,12,0,60
DESAGUADERO,"anticoncepcion, prevencion de its y de cancer de cuello uterino",numero de condones entregados,2015-02-01,0,0,12,0,0,12
EL ALTO,"anticoncepcion, prevencion de its y de cancer de cuello uterino",numero de condones entregados,2015-02-01,34,1943,10529,5171,0,17677
EL CHORO,"anticoncepcion, prevencion de its y de cancer de cuello uterino",numero de condones entregados,2015-02-01,0,0,84,24,0,108
EL PUENTE(STC),"anticoncepcion, prevencion de its y de cancer de cuello uterino",numero de condones entregados,2015-02-01,0,36,48,48,0,132
EL PUENTE(TJA),"anticoncepcion, prevencion de its y de cancer de cuello uterino",numero de condones entregados,2015-02-01,0,104,484,137,44,769
EL TORNO,"anticoncepcion, prevencion de its y de cancer de cuello uterino",numero de condones entregados,2015-02-01,120,240,420,240,0,1020
EL VILLAR,"anticoncepcion, prevencion de its y de cancer de cuello uterino",numero de condones entregados,2015-02-01,0,12,72,0,0,84
ENTRE RIOS TRJ,"anticoncepcion, prevencion de its y de cancer de cuello uterino",numero de condones entregados,2015-02-01,0,12,132,156,0,300
ENTRE RIOS CBBA,"anticoncepcion, prevencion de its y de cancer de cuello uterino",numero de condones entregados,2015-02-01,0,108,494,84,0,686
ESCOMA,"anticoncepcion, prevencion de its y de cancer de cuello uterino",numero de condones entregados,2015-02-01,0,0,0,12,0,12
EUCALIPTUS,"anticoncepcion, prevencion de its y de cancer de cuello uterino",numero de condones entregados,2015-02-01,0,0,0,36,0,36
EUREKA (SANTOS MERCADO),"anticoncepcion, prevencion de its y de cancer de cuello uterino",numero de condones entregados,2015-02-01,0,0,48,0,0,48
FERNANDEZ ALONSO,"anticoncepcion, prevencion de its y de cancer de cuello uterino",numero de condones entregados,2015-02-01,0,0,96,48,0,144
FILADELFIA,"anticoncepcion, prevencion de its y de cancer de cuello uterino",numero de condones entregados,2015-02-01,12,0,12,0,0,24
GENERAL SAAVEDRA,"anticoncepcion, prevencion de its y de cancer de cuello uterino",numero de condones entregados,2015-02-01,0,0,60,36,0,96
GRAL. J.J. PEREZ (CHARAZANI),"anticoncepcion, prevencion de its y de cancer de cuello uterino",numero de condones entregados,2015-02-01,0,0,61,12,0,73
GUANAY,"anticoncepcion, prevencion de its y de cancer de cuello uterino",numero de condones entregados,2015-02-01,0,0,48,0,0,48
GUAQUI,"anticoncepcion, prevencion de its y de cancer de cuello uterino",numero de condones entregados,2015-02-01,0,0,60,24,0,84
GUAYARAMERIN,"anticoncepcion, prevencion de its y de cancer de cuello uterino",numero de condones entregados,2015-02-01,0,72,154,12,0,238
GUTIERREZ,"anticoncepcion, prevencion de its y de cancer de cuello uterino",numero de condones entregados,2015-02-01,0,0,12,0,0,12
HUACARETA,"anticoncepcion, prevencion de its y de cancer de cuello uterino",numero de condones entregados,2015-02-01,0,12,60,24,0,96
HUACHACALLA,"anticoncepcion, prevencion de its y de cancer de cuello uterino",numero de condones entregados,2015-02-01,0,0,24,0,0,24
HUANUNI,"anticoncepcion, prevencion de its y de cancer de cuello uterino",numero de condones entregados,2015-02-01,0,0,84,24,0,108
HUARACAJE,"anticoncepcion, prevencion de its y de cancer de cuello uterino",numero de condones entregados,2015-02-01,0,0,24,0,0,24
HUARINA,"anticoncepcion, prevencion de its y de cancer de cuello uterino",numero de condones entregados,2015-02-01,0,0,24,0,0,24
HUAYLLAMARCA,"anticoncepcion, prevencion de its y de cancer de cuello uterino",numero de condones entregados,2015-02-01,0,12,0,0,0,12
HUMANATA,"anticoncepcion, prevencion de its y de cancer de cuello uterino",numero de condones entregados,2015-02-01,0,0,12,0,0,12
ICHOCA,"anticoncepcion, prevencion de its y de cancer de cuello uterino",numero de condones entregados,2015-02-01,0,0,0,12,0,12
ICLA,"anticoncepcion, prevencion de its y de cancer de cuello uterino",numero de condones entregados,2015-02-01,0,12,132,12,0,156
INCAHUASI,"anticoncepcion, prevencion de its y de cancer de cuello uterino",numero de condones entregados,2015-02-01,0,0,36,36,12,84
INQUISIVI,"anticoncepcion, prevencion de its y de cancer de cuello uterino",numero de condones entregados,2015-02-01,0,72,84,24,0,180
IRUPANA (VILLA DE LANZA),"anticoncepcion, prevencion de its y de cancer de cuello uterino",numero de condones entregados,2015-02-01,0,12,144,24,0,180
IXIAMAS,"anticoncepcion, prevencion de its y de cancer de cuello uterino",numero de condones entregados,2015-02-01,12,24,96,12,12,156
JESUS DE MACHACA,"anticoncepcion, prevencion de its y de cancer de cuello uterino",numero de condones entregados,2015-02-01,0,24,108,24,0,156
LA ASUNTA,"anticoncepcion, prevencion de its y de cancer de cuello uterino",numero de condones entregados,2015-02-01,0,72,168,0,0,240
LA GUARDIA,"anticoncepcion, prevencion de its y de cancer de cuello uterino",numero de condones entregados,2015-02-01,12,300,384,60,0,756
LA PAZ,"anticoncepcion, prevencion de its y de cancer de cuello uterino",numero de condones entregados,2015-02-01,164,1467,4788,1541,54,8014
LAGUNILLAS,"anticoncepcion, prevencion de its y de cancer de cuello uterino",numero de condones entregados,2015-02-01,0,0,24,12,0,36
LAJA,"anticoncepcion, prevencion de its y de cancer de cuello uterino",numero de condones entregados,2015-02-01,0,0,84,36,0,120
LAS CARRERAS,"anticoncepcion, prevencion de its y de cancer de cuello uterino",numero de condones entregados,2015-02-01,0,0,24,36,0,60
LICOMA PAMPA,"anticoncepcion, prevencion de its y de cancer de cuello uterino",numero de condones entregados,2015-02-01,0,12,36,12,0,60
LLALLAGUA,"anticoncepcion, prevencion de its y de cancer de cuello uterino",numero de condones entregados,2015-02-01,0,36,228,60,0,324
LLICA,"anticoncepcion, prevencion de its y de cancer de cuello uterino",numero de condones entregados,2015-02-01,0,12,48,24,0,84
LURIBAY,"anticoncepcion, prevencion de its y de cancer de cuello uterino",numero de condones entregados,2015-02-01,0,24,24,24,0,72
MACHACAMARCA,"anticoncepcion, prevencion de its y de cancer de cuello uterino",numero de condones entregados,2015-02-01,0,0,36,12,0,48
MACHARETI,"anticoncepcion, prevencion de its y de cancer de cuello uterino",numero de condones entregados,2015-02-01,0,36,120,0,0,156
MAGDALENA,"anticoncepcion, prevencion de its y de cancer de cuello uterino",numero de condones entregados,2015-02-01,0,36,84,24,12,156
MAIRANA,"anticoncepcion, prevencion de its y de cancer de cuello uterino",numero de condones entregados,2015-02-01,0,0,84,24,0,108
MECAPACA,"anticoncepcion, prevencion de its y de cancer de cuello uterino",numero de condones entregados,2015-02-01,0,0,84,12,0,96
MINEROS,"anticoncepcion, prevencion de its y de cancer de cuello uterino",numero de condones entregados,2015-02-01,0,12,84,12,0,108
MIZQUE,"anticoncepcion, prevencion de its y de cancer de cuello uterino",numero de condones entregados,2015-02-01,0,24,108,24,0,156
MOCOMOCO,"anticoncepcion, prevencion de its y de cancer de cuello uterino",numero de condones entregados,2015-02-01,0,24,36,48,0,108
MOJINETE,"anticoncepcion, prevencion de its y de cancer de cuello uterino",numero de condones entregados,2015-02-01,0,0,12,0,0,12
MOJOCOYA,"anticoncepcion, prevencion de its y de cancer de cuello uterino",numero de condones entregados,2015-02-01,0,0,96,24,0,120
MONTEAGUDO,"anticoncepcion, prevencion de its y de cancer de cuello uterino",numero de condones entregados,2015-02-01,0,30,218,60,12,320
MONTERO,"anticoncepcion, prevencion de its y de cancer de cuello uterino",numero de condones entregados,2015-02-01,0,96,361,84,12,553
MORO MORO,"anticoncepcion, prevencion de its y de cancer de cuello uterino",numero de condones entregados,2015-02-01,0,0,24,12,0,36
MOROCHATA,"anticoncepcion, prevencion de its y de cancer de cuello uterino",numero de condones entregados,2015-02-01,0,0,12,24,0,36
NACEBE (SANTA ROSA DEL ABUNA),"anticoncepcion, prevencion de its y de cancer de cuello uterino",numero de condones entregados,2015-02-01,0,0,48,0,12,60
NUEVO MANOA (NUEVA ESPERANZA),"anticoncepcion, prevencion de its y de cancer de cuello uterino",numero de condones entregados,2015-02-01,0,0,60,0,0,60
OCURI,"anticoncepcion, prevencion de its y de cancer de cuello uterino",numero de condones entregados,2015-02-01,0,36,156,36,0,228
OKINAWA,"anticoncepcion, prevencion de its y de cancer de cuello uterino",numero de condones entregados,2015-02-01,0,0,60,12,0,72
OMEREQUE,"anticoncepcion, prevencion de its y de cancer de cuello uterino",numero de condones entregados,2015-02-01,0,48,36,12,0,96
ORURO,"anticoncepcion, prevencion de its y de cancer de cuello uterino",numero de condones entregados,2015-02-01,0,180,1381,256,0,1817
PADCAYA,"anticoncepcion, prevencion de its y de cancer de cuello uterino",numero de condones entregados,2015-02-01,0,64,388,134,40,626
PADILLA,"anticoncepcion, prevencion de its y de cancer de cuello uterino",numero de condones entregados,2015-02-01,0,24,60,48,0,132
PAILON,"anticoncepcion, prevencion de its y de cancer de cuello uterino",numero de condones entregados,2015-02-01,0,24,204,36,0,264
PALCA,"anticoncepcion, prevencion de its y de cancer de cuello uterino",numero de condones entregados,2015-02-01,0,1,36,12,0,49
PALOS BLANCOS,"anticoncepcion, prevencion de its y de cancer de cuello uterino",numero de condones entregados,2015-02-01,0,60,132,36,0,228
PAMPA AULLAGAS,"anticoncepcion, prevencion de its y de cancer de cuello uterino",numero de condones entregados,2015-02-01,0,0,48,0,0,48
PAMPA GRANDE,"anticoncepcion, prevencion de its y de cancer de cuello uterino",numero de condones entregados,2015-02-01,0,12,24,48,0,84
PAPEL PAMPA,"anticoncepcion, prevencion de its y de cancer de cuello uterino",numero de condones entregados,2015-02-01,0,12,48,36,0,96
PASORAPA,"anticoncepcion, prevencion de its y de cancer de cuello uterino",numero de condones entregados,2015-02-01,0,0,12,0,0,12
PATACAMAYA,"anticoncepcion, prevencion de its y de cancer de cuello uterino",numero de condones entregados,2015-02-01,0,12,0,0,0,12
PAZÑA,"anticoncepcion, prevencion de its y de cancer de cuello uterino",numero de condones entregados,2015-02-01,0,0,84,0,0,84
PELECHUCO,"anticoncepcion, prevencion de its y de cancer de cuello uterino",numero de condones entregados,2015-02-01,0,24,37,12,0,73
POCOATA,"anticoncepcion, prevencion de its y de cancer de cuello uterino",numero de condones entregados,2015-02-01,0,36,108,72,0,216
POCONA,"anticoncepcion, prevencion de its y de cancer de cuello uterino",numero de condones entregados,2015-02-01,0,12,36,0,0,48
POJO (CBBA),"anticoncepcion, prevencion de its y de cancer de cuello uterino",numero de condones entregados,2015-02-01,0,48,96,60,0,204
POOPO,"anticoncepcion, prevencion de its y de cancer de cuello uterino",numero de condones entregados,2015-02-01,0,0,48,24,0,72
PORCO,"anticoncepcion, prevencion de its y de cancer de cuello uterino",numero de condones entregados,2015-02-01,0,12,108,72,0,192
POROMA,"anticoncepcion, prevencion de its y de cancer de cuello uterino",numero de condones entregados,2015-02-01,0,127,134,77,0,338
PORONGO,"anticoncepcion, prevencion de its y de cancer de cuello uterino",numero de condones entregados,2015-02-01,0,0,132,84,0,216
PORTACHUELO,"anticoncepcion, prevencion de its y de cancer de cuello uterino",numero de condones entregados,2015-02-01,0,36,60,24,0,120
PORVENIR,"anticoncepcion, prevencion de its y de cancer de cuello uterino",numero de condones entregados,2015-02-01,24,12,132,60,0,228
POSTRER VALLE,"anticoncepcion, prevencion de its y de cancer de cuello uterino",numero de condones entregados,2015-02-01,0,24,24,12,0,60
POTOSI,"anticoncepcion, prevencion de its y de cancer de cuello uterino",numero de condones entregados,2015-02-01,0,96,829,291,12,1228
PRESTO,"anticoncepcion, prevencion de its y de cancer de cuello uterino",numero de condones entregados,2015-02-01,0,0,72,0,0,72
PUCARA,"anticoncepcion, prevencion de its y de cancer de cuello uterino",numero de condones entregados,2015-02-01,0,0,12,0,0,12
PUCARANI,"anticoncepcion, prevencion de its y de cancer de cuello uterino",numero de condones entregados,2015-02-01,0,12,84,12,0,108
PUERTO ACOSTA,"anticoncepcion, prevencion de its y de cancer de cuello uterino",numero de condones entregados,2015-02-01,0,0,36,24,0,60
PUERTO CARABUCO,"anticoncepcion, prevencion de its y de cancer de cuello uterino",numero de condones entregados,2015-02-01,0,0,84,0,0,84
PUERTO GONZALO MORENO,"anticoncepcion, prevencion de its y de cancer de cuello uterino",numero de condones entregados,2015-02-01,0,12,12,24,12,60
PUERTO PEREZ,"anticoncepcion, prevencion de its y de cancer de cuello uterino",numero de condones entregados,2015-02-01,0,0,36,60,0,96
PUERTO QUIJARRO,"anticoncepcion, prevencion de its y de cancer de cuello uterino",numero de condones entregados,2015-02-01,0,0,84,36,0,120
PUERTO RICO,"anticoncepcion, prevencion de its y de cancer de cuello uterino",numero de condones entregados,2015-02-01,0,24,36,24,0,84
PUERTO VILLARROEL,"anticoncepcion, prevencion de its y de cancer de cuello uterino",numero de condones entregados,2015-02-01,0,132,780,108,0,1020
PUNA,"anticoncepcion, prevencion de its y de cancer de cuello uterino",numero de condones entregados,2015-02-01,0,36,81,0,0,117
PUNATA,"anticoncepcion, prevencion de its y de cancer de cuello uterino",numero de condones entregados,2015-02-01,0,48,168,24,0,240
QUILLACOLLO,"anticoncepcion, prevencion de its y de cancer de cuello uterino",numero de condones entregados,2015-02-01,0,72,924,204,0,1200
QUIME,"anticoncepcion, prevencion de its y de cancer de cuello uterino",numero de condones entregados,2015-02-01,0,24,120,0,0,144
QUIRUSILLAS,"anticoncepcion, prevencion de its y de cancer de cuello uterino",numero de condones entregados,2015-02-01,0,12,12,12,0,36
RAVELO,"anticoncepcion, prevencion de its y de cancer de cuello uterino",numero de condones entregados,2015-02-01,0,24,156,36,0,216
RIBERALTA,"anticoncepcion, prevencion de its y de cancer de cuello uterino",numero de condones entregados,2015-02-01,0,49,291,166,0,506
ROBORE,"anticoncepcion, prevencion de its y de cancer de cuello uterino",numero de condones entregados,2015-02-01,0,12,36,0,0,48
RURRENABAQUE,"anticoncepcion, prevencion de its y de cancer de cuello uterino",numero de condones entregados,2015-02-01,0,24,60,12,0,96
SACABA,"anticoncepcion, prevencion de its y de cancer de cuello uterino",numero de condones entregados,2015-02-01,0,120,672,180,0,972
SACACA,"anticoncepcion, prevencion de its y de cancer de cuello uterino",numero de condones entregados,2015-02-01,0,0,12,0,0,12
SALINAS DE GARCI MENDOZA,"anticoncepcion, prevencion de its y de cancer de cuello uterino",numero de condones entregados,2015-02-01,0,12,132,48,0,192
SAMAIPATA,"anticoncepcion, prevencion de its y de cancer de cuello uterino",numero de condones entregados,2015-02-01,0,24,24,0,0,48
SAN AGUSTIN,"anticoncepcion, prevencion de its y de cancer de cuello uterino",numero de condones entregados,2015-02-01,0,0,24,13,0,37
SAN ANDRES,"anticoncepcion, prevencion de its y de cancer de cuello uterino",numero de condones entregados,2015-02-01,0,4,24,0,0,28
SAN ANDRES DE MACHACA,"anticoncepcion, prevencion de its y de cancer de cuello uterino",numero de condones entregados,2015-02-01,0,0,48,0,0,48
SAN ANTONIO DE ESMORUCO,"anticoncepcion, prevencion de its y de cancer de cuello uterino",numero de condones entregados,2015-02-01,0,0,12,0,0,12
SAN ANTONIO DE LOMERIO,"anticoncepcion, prevencion de its y de cancer de cuello uterino",numero de condones entregados,2015-02-01,0,132,60,12,0,204
SAN BORJA,"anticoncepcion, prevencion de its y de cancer de cuello uterino",numero de condones entregados,2015-02-01,0,48,108,84,0,240
SAN BUENA VENTURA,"anticoncepcion, prevencion de its y de cancer de cuello uterino",numero de condones entregados,2015-02-01,0,0,0,12,0,12
SAN CARLOS,"anticoncepcion, prevencion de its y de cancer de cuello uterino",numero de condones entregados,2015-02-01,0,132,0,24,0,156
SAN IGNACIO,"anticoncepcion, prevencion de its y de cancer de cuello uterino",numero de condones entregados,2015-02-01,24,24,132,48,0,228
SAN IGNACIO DE VELASCO,"anticoncepcion, prevencion de its y de cancer de cuello uterino",numero de condones entregados,2015-02-01,0,12,144,60,0,216
SAN JAVIER(BNI),"anticoncepcion, prevencion de its y de cancer de cuello uterino",numero de condones entregados,2015-02-01,0,1,13,0,0,14
SAN JOSE DE CHIQUITOS,"anticoncepcion, prevencion de its y de cancer de cuello uterino",numero de condones entregados,2015-02-01,0,0,108,12,0,120
SAN JUAN DE YAPACANI,"anticoncepcion, prevencion de its y de cancer de cuello uterino",numero de condones entregados,2015-02-01,0,0,96,0,0,96
SAN JULIAN,"anticoncepcion, prevencion de its y de cancer de cuello uterino",numero de condones entregados,2015-02-01,0,72,84,24,0,180
SAN LORENZO(PND),"anticoncepcion, prevencion de its y de cancer de cuello uterino",numero de condones entregados,2015-02-01,12,24,228,12,0,276
SAN LORENZO(TJA),"anticoncepcion, prevencion de its y de cancer de cuello uterino",numero de condones entregados,2015-02-01,72,44,140,73,0,329
SAN LUCAS,"anticoncepcion, prevencion de its y de cancer de cuello uterino",numero de condones entregados,2015-02-01,36,72,132,60,0,300
SAN MIGUEL DE VELASCO,"anticoncepcion, prevencion de its y de cancer de cuello uterino",numero de condones entregados,2015-02-01,0,12,60,36,0,108
SAN PABLO DE LIPEZ,"anticoncepcion, prevencion de its y de cancer de cuello uterino",numero de condones entregados,2015-02-01,0,0,12,0,0,12
SAN PEDRO,"anticoncepcion, prevencion de its y de cancer de cuello uterino",numero de condones entregados,2015-02-01,0,12,156,36,0,204
SAN PEDRO DE BUENA VISTA,"anticoncepcion, prevencion de its y de cancer de cuello uterino",numero de condones entregados,2015-02-01,0,0,108,24,0,132
SAN PEDRO DE CURAHUARA,"anticoncepcion, prevencion de its y de cancer de cuello uterino",numero de condones entregados,2015-02-01,0,0,36,0,0,36
SAN PEDRO DE QUEMES,"anticoncepcion, prevencion de its y de cancer de cuello uterino",numero de condones entregados,2015-02-01,0,0,12,0,0,12
SAN PEDRO DE TIQUINA,"anticoncepcion, prevencion de its y de cancer de cuello uterino",numero de condones entregados,2015-02-01,0,12,36,24,0,72
SAN RAFAEL,"anticoncepcion, prevencion de its y de cancer de cuello uterino",numero de condones entregados,2015-02-01,0,12,84,0,0,96
SANTA ANA,"anticoncepcion, prevencion de its y de cancer de cuello uterino",numero de condones entregados,2015-02-01,0,36,72,0,0,108
SANTA CRUZ DE LA SIERRA,"anticoncepcion, prevencion de its y de cancer de cuello uterino",numero de condones entregados,2015-02-01,27,752,2685,599,3,4066
SANTA ROSA,"anticoncepcion, prevencion de its y de cancer de cuello uterino",numero de condones entregados,2015-02-01,0,0,84,36,0,120
SANTA ROSA DEL SARA,"anticoncepcion, prevencion de its y de cancer de cuello uterino",numero de condones entregados,2015-02-01,0,24,156,48,0,228
SANTIAGO DE HUARI,"anticoncepcion, prevencion de its y de cancer de cuello uterino",numero de condones entregados,2015-02-01,0,24,156,0,0,180
SANTIAGO DE HUATA,"anticoncepcion, prevencion de its y de cancer de cuello uterino",numero de condones entregados,2015-02-01,0,0,24,12,0,36
SANTIAGO DE MACHACA,"anticoncepcion, prevencion de its y de cancer de cuello uterino",numero de condones entregados,2015-02-01,0,0,24,12,0,36
SANTIVAÑES,"anticoncepcion, prevencion de its y de cancer de cuello uterino",numero de condones entregados,2015-02-01,0,0,84,0,0,84
SANTUARIO DE QUILLACAS,"anticoncepcion, prevencion de its y de cancer de cuello uterino",numero de condones entregados,2015-02-01,0,0,168,12,0,180
SAPAHAQUI,"anticoncepcion, prevencion de its y de cancer de cuello uterino",numero de condones entregados,2015-02-01,0,0,36,24,0,60
SHINAOTA,"anticoncepcion, prevencion de its y de cancer de cuello uterino",numero de condones entregados,2015-02-01,0,0,48,0,0,48
SICA SICA (VILLA AROMA),"anticoncepcion, prevencion de its y de cancer de cuello uterino",numero de condones entregados,2015-02-01,0,60,156,12,0,228
SICAYA,"anticoncepcion, prevencion de its y de cancer de cuello uterino",numero de condones entregados,2015-02-01,0,0,12,0,0,12
SIPE SIPE,"anticoncepcion, prevencion de its y de cancer de cuello uterino",numero de condones entregados,2015-02-01,0,0,96,12,12,120
SOPACHUY,"anticoncepcion, prevencion de its y de cancer de cuello uterino",numero de condones entregados,2015-02-01,0,12,72,12,0,96
SORACACHI,"anticoncepcion, prevencion de its y de cancer de cuello uterino",numero de condones entregados,2015-02-01,0,0,84,12,0,96
SORATA,"anticoncepcion, prevencion de its y de cancer de cuello uterino",numero de condones entregados,2015-02-01,0,12,36,12,0,60
SUCRE,"anticoncepcion, prevencion de its y de cancer de cuello uterino",numero de condones entregados,2015-02-01,0,1191,2965,1295,0,5451
TACACOMA,"anticoncepcion, prevencion de its y de cancer de cuello uterino",numero de condones entregados,2015-02-01,0,12,75,12,0,99
TACOBAMBA,"anticoncepcion, prevencion de its y de cancer de cuello uterino",numero de condones entregados,2015-02-01,0,0,36,0,0,36
TACOPAYA,"anticoncepcion, prevencion de its y de cancer de cuello uterino",numero de condones entregados,2015-02-01,0,0,48,12,0,60
TAPACARI,"anticoncepcion, prevencion de its y de cancer de cuello uterino",numero de condones entregados,2015-02-01,0,12,216,72,12,312
TARABUCO,"anticoncepcion, prevencion de its y de cancer de cuello uterino",numero de condones entregados,2015-02-01,0,12,36,24,0,72
TARACO,"anticoncepcion, prevencion de its y de cancer de cuello uterino",numero de condones entregados,2015-02-01,0,0,24,0,0,24
TARATA,"anticoncepcion, prevencion de its y de cancer de cuello uterino",numero de condones entregados,2015-02-01,0,0,24,0,0,24
TARIJA,"anticoncepcion, prevencion de its y de cancer de cuello uterino",numero de condones entregados,2015-02-01,44,664,3299,1322,120,5449
TARVITA,"anticoncepcion, prevencion de its y de cancer de cuello uterino",numero de condones entregados,2015-02-01,0,84,276,108,0,468
TEOPONTE,"anticoncepcion, prevencion de its y de cancer de cuello uterino",numero de condones entregados,2015-02-01,0,12,24,0,0,36
TIAWANACU,"anticoncepcion, prevencion de its y de cancer de cuello uterino",numero de condones entregados,2015-02-01,0,0,96,24,0,120
TINGUIPAYA,"anticoncepcion, prevencion de its y de cancer de cuello uterino",numero de condones entregados,2015-02-01,0,0,12,0,0,12
TIPUANI,"anticoncepcion, prevencion de its y de cancer de cuello uterino",numero de condones entregados,2015-02-01,0,0,12,0,0,12
TIQUIPAYA,"anticoncepcion, prevencion de its y de cancer de cuello uterino",numero de condones entregados,2015-02-01,0,12,216,60,0,288
TIRAQUE (CBBA),"anticoncepcion, prevencion de its y de cancer de cuello uterino",numero de condones entregados,2015-02-01,0,24,36,24,0,84
TITO YUPANQUI (PARQUIPUJIO),"anticoncepcion, prevencion de its y de cancer de cuello uterino",numero de condones entregados,2015-02-01,0,0,12,24,0,36
TOCO,"anticoncepcion, prevencion de its y de cancer de cuello uterino",numero de condones entregados,2015-02-01,0,0,36,0,0,36
TODOS SANTOS,"anticoncepcion, prevencion de its y de cancer de cuello uterino",numero de condones entregados,2015-02-01,0,0,12,0,0,12
TOLATA,"anticoncepcion, prevencion de its y de cancer de cuello uterino",numero de condones entregados,2015-02-01,0,12,60,12,0,84
TOLEDO,"anticoncepcion, prevencion de its y de cancer de cuello uterino",numero de condones entregados,2015-02-01,0,12,24,0,0,36
TOMAVE,"anticoncepcion, prevencion de its y de cancer de cuello uterino",numero de condones entregados,2015-02-01,0,12,168,24,0,204
TOMINA,"anticoncepcion, prevencion de its y de cancer de cuello uterino",numero de condones entregados,2015-02-01,0,12,180,24,0,216
TORO TORO,"anticoncepcion, prevencion de its y de cancer de cuello uterino",numero de condones entregados,2015-02-01,0,12,48,12,0,72
TOTORA(CBBA),"anticoncepcion, prevencion de its y de cancer de cuello uterino",numero de condones entregados,2015-02-01,12,12,36,24,0,84
TOTORA(ORR),"anticoncepcion, prevencion de its y de cancer de cuello uterino",numero de condones entregados,2015-02-01,0,12,48,0,0,60
TRIGAL,"anticoncepcion, prevencion de its y de cancer de cuello uterino",numero de condones entregados,2015-02-01,0,0,24,0,0,24
TRINIDAD,"anticoncepcion, prevencion de its y de cancer de cuello uterino",numero de condones entregados,2015-02-01,129600,456,850,333,84,131323
TUPIZA,"anticoncepcion, prevencion de its y de cancer de cuello uterino",numero de condones entregados,2015-02-01,0,60,265,48,0,373
TURCO,"anticoncepcion, prevencion de its y de cancer de cuello uterino",numero de condones entregados,2015-02-01,0,12,108,48,0,168
UNCIA,"anticoncepcion, prevencion de its y de cancer de cuello uterino",numero de condones entregados,2015-02-01,0,0,36,24,12,72
URIONDO (A. CONCEPCION),"anticoncepcion, prevencion de its y de cancer de cuello uterino",numero de condones entregados,2015-02-01,0,23,188,71,25,307
URUBICHA,"anticoncepcion, prevencion de its y de cancer de cuello uterino",numero de condones entregados,2015-02-01,0,0,24,24,0,48
UYUNI,"anticoncepcion, prevencion de its y de cancer de cuello uterino",numero de condones entregados,2015-02-01,0,12,123,24,24,183
VACAS,"anticoncepcion, prevencion de its y de cancer de cuello uterino",numero de condones entregados,2015-02-01,0,48,60,35,0,143
VALLEGRANDE,"anticoncepcion, prevencion de its y de cancer de cuello uterino",numero de condones entregados,2015-02-01,0,24,96,0,0,120
VIACHA,"anticoncepcion, prevencion de its y de cancer de cuello uterino",numero de condones entregados,2015-02-01,0,24,228,50,0,302
VILA VILA,"anticoncepcion, prevencion de its y de cancer de cuello uterino",numero de condones entregados,2015-02-01,0,0,12,0,0,12
VILLA CHARCAS,"anticoncepcion, prevencion de its y de cancer de cuello uterino",numero de condones entregados,2015-02-01,0,12,60,48,0,120
VILLA MONTES,"anticoncepcion, prevencion de its y de cancer de cuello uterino",numero de condones entregados,2015-02-01,0,0,113,24,0,137
VILLA NUEVA (LOMA ALTA),"anticoncepcion, prevencion de its y de cancer de cuello uterino",numero de condones entregados,2015-02-01,0,24,12,0,0,36
VILLA RIVERO,"anticoncepcion, prevencion de its y de cancer de cuello uterino",numero de condones entregados,2015-02-01,0,0,60,24,0,84
VILLA SERRANO,"anticoncepcion, prevencion de its y de cancer de cuello uterino",numero de condones entregados,2015-02-01,0,0,96,36,12,144
VILLA TUNARI,"anticoncepcion, prevencion de its y de cancer de cuello uterino",numero de condones entregados,2015-02-01,0,36,300,81,0,417
VILLA VACA GUZMAN (MUYUPAMPA),"anticoncepcion, prevencion de its y de cancer de cuello uterino",numero de condones entregados,2015-02-01,0,0,132,12,0,144
VILLAZON,"anticoncepcion, prevencion de its y de cancer de cuello uterino",numero de condones entregados,2015-02-01,0,12,204,96,0,312
VINTO,"anticoncepcion, prevencion de its y de cancer de cuello uterino",numero de condones entregados,2015-02-01,0,0,36,12,0,48
VITICHI,"anticoncepcion, prevencion de its y de cancer de cuello uterino",numero de condones entregados,2015-02-01,0,24,12,12,0,48
WARNES,"anticoncepcion, prevencion de its y de cancer de cuello uterino",numero de condones entregados,2015-02-01,12,168,1116,472,12,1780
YACO,"anticoncepcion, prevencion de its y de cancer de cuello uterino",numero de condones entregados,2015-02-01,0,0,48,0,0,48
YACUIBA,"anticoncepcion, prevencion de its y de cancer de cuello uterino",numero de condones entregados,2015-02-01,0,120,619,256,10,1005
YANACACHI,"anticoncepcion, prevencion de its y de cancer de cuello uterino",numero de condones entregados,2015-02-01,0,0,96,0,0,96
YAPACANI,"anticoncepcion, prevencion de its y de cancer de cuello uterino",numero de condones entregados,2015-02-01,0,12,209,48,0,269
YOCALLA,"anticoncepcion, prevencion de its y de cancer de cuello uterino",numero de condones entregados,2015-02-01,0,12,60,12,0,84
YOTALA,"anticoncepcion, prevencion de its y de cancer de cuello uterino",numero de condones entregados,2015-02-01,0,0,108,12,0,120
YUNCHARA,"anticoncepcion, prevencion de its y de cancer de cuello uterino",numero de condones entregados,2015-02-01,0,52,307,60,40,459
ZUDAÑEZ,"anticoncepcion, prevencion de its y de cancer de cuello uterino",numero de condones entregados,2015-02-01,0,12,120,96,24,252
ACACIO,"anticoncepcion, prevencion de its y de cancer de cuello uterino",numero de condones entregados,2015-03-01,0,0,24,0,0,24
ACHACACHI,"anticoncepcion, prevencion de its y de cancer de cuello uterino",numero de condones entregados,2015-03-01,0,12,36,36,0,84
ACHOCALLA,"anticoncepcion, prevencion de its y de cancer de cuello uterino",numero de condones entregados,2015-03-01,0,24,96,12,0,132
AIQUILE,"anticoncepcion, prevencion de its y de cancer de cuello uterino",numero de condones entregados,2015-03-01,0,12,84,12,0,108
ALTO BENI,"anticoncepcion, prevencion de its y de cancer de cuello uterino",numero de condones entregados,2015-03-01,0,24,84,12,0,120
ANCORAIMES,"anticoncepcion, prevencion de its y de cancer de cuello uterino",numero de condones entregados,2015-03-01,0,0,48,24,0,72
ANDAMARCA,"anticoncepcion, prevencion de its y de cancer de cuello uterino",numero de condones entregados,2015-03-01,0,24,48,36,0,108
ANTEQUERA,"anticoncepcion, prevencion de its y de cancer de cuello uterino",numero de condones entregados,2015-03-01,0,0,48,36,0,84
APOLO,"anticoncepcion, prevencion de its y de cancer de cuello uterino",numero de condones entregados,2015-03-01,0,12,87,72,0,171
ARANI,"anticoncepcion, prevencion de its y de cancer de cuello uterino",numero de condones entregados,2015-03-01,0,0,0,24,0,24
ARBIETO,"anticoncepcion, prevencion de its y de cancer de cuello uterino",numero de condones entregados,2015-03-01,0,0,72,36,0,108
ARQUE,"anticoncepcion, prevencion de its y de cancer de cuello uterino",numero de condones entregados,2015-03-01,0,0,24,36,0,60
ASCENCION DE GUARAYOS,"anticoncepcion, prevencion de its y de cancer de cuello uterino",numero de condones entregados,2015-03-01,0,0,96,0,0,96
ATOCHA,"anticoncepcion, prevencion de its y de cancer de cuello uterino",numero de condones entregados,2015-03-01,0,13,147,60,0,220
AUCAPATA,"anticoncepcion, prevencion de its y de cancer de cuello uterino",numero de condones entregados,2015-03-01,0,0,12,0,0,12
AYO AYO,"anticoncepcion, prevencion de its y de cancer de cuello uterino",numero de condones entregados,2015-03-01,0,0,12,0,0,12
AYOPAYA (V. DE INDEPENDENCIA),"anticoncepcion, prevencion de its y de cancer de cuello uterino",numero de condones entregados,2015-03-01,0,24,168,72,0,264
AZURDUY,"anticoncepcion, prevencion de its y de cancer de cuello uterino",numero de condones entregados,2015-03-01,0,0,0,12,0,12
BATALLAS,"anticoncepcion, prevencion de its y de cancer de cuello uterino",numero de condones entregados,2015-03-01,0,0,36,0,0,36
BAURES,"anticoncepcion, prevencion de its y de cancer de cuello uterino",numero de condones entregados,2015-03-01,0,0,48,0,0,48
BELEN DE ANDAMARCA,"anticoncepcion, prevencion de its y de cancer de cuello uterino",numero de condones entregados,2015-03-01,0,0,12,24,0,36
BELEN DE URMIRI,"anticoncepcion, prevencion de its y de cancer de cuello uterino",numero de condones entregados,2015-03-01,0,0,60,12,0,72
BELLA FLOR,"anticoncepcion, prevencion de its y de cancer de cuello uterino",numero de condones entregados,2015-03-01,0,0,17,12,0,29
BERMEJO,"anticoncepcion, prevencion de its y de cancer de cuello uterino",numero de condones entregados,2015-03-01,0,20,380,248,36,684
BETANZOS,"anticoncepcion, prevencion de its y de cancer de cuello uterino",numero de condones entregados,2015-03-01,0,24,78,72,0,174
BOLIVAR,"anticoncepcion, prevencion de its y de cancer de cuello uterino",numero de condones entregados,2015-03-01,0,0,24,0,0,24
BOLPEBRA,"anticoncepcion, prevencion de its y de cancer de cuello uterino",numero de condones entregados,2015-03-01,0,12,84,24,12,132
BOYUIBE,"anticoncepcion, prevencion de its y de cancer de cuello uterino",numero de condones entregados,2015-03-01,0,0,12,0,0,12
BUENA VISTA,"anticoncepcion, prevencion de its y de cancer de cuello uterino",numero de condones entregados,2015-03-01,0,24,132,36,0,192
CABEZAS,"anticoncepcion, prevencion de its y de cancer de cuello uterino",numero de condones entregados,2015-03-01,0,72,84,72,0,228
CAIROMA,"anticoncepcion, prevencion de its y de cancer de cuello uterino",numero de condones entregados,2015-03-01,0,0,84,12,0,96
"CAIZA ""D""","anticoncepcion, prevencion de its y de cancer de cuello uterino",numero de condones entregados,2015-03-01,0,12,108,0,0,120
CAJUATA,"anticoncepcion, prevencion de its y de cancer de cuello uterino",numero de condones entregados,2015-03-01,0,12,108,108,0,228
CALACOTO,"anticoncepcion, prevencion de its y de cancer de cuello uterino",numero de condones entregados,2015-03-01,0,0,12,24,0,36
CALAMARCA,"anticoncepcion, prevencion de its y de cancer de cuello uterino",numero de condones entregados,2015-03-01,0,48,192,24,0,264
CAMARGO,"anticoncepcion, prevencion de its y de cancer de cuello uterino",numero de condones entregados,2015-03-01,0,0,36,12,0,48
CAMATAQUI (C. VILLA ABECIA),"anticoncepcion, prevencion de its y de cancer de cuello uterino",numero de condones entregados,2015-03-01,0,0,24,48,0,72
CAMIRI,"anticoncepcion, prevencion de its y de cancer de cuello uterino",numero de condones entregados,2015-03-01,0,12,36,0,0,48
CAPINOTA,"anticoncepcion, prevencion de its y de cancer de cuello uterino",numero de condones entregados,2015-03-01,0,36,132,36,0,204
CAQUIAVIRI,"anticoncepcion, prevencion de its y de cancer de cuello uterino",numero de condones entregados,2015-03-01,0,0,24,0,0,24
CARACOLLO,"anticoncepcion, prevencion de its y de cancer de cuello uterino",numero de condones entregados,2015-03-01,0,12,60,12,0,84
CARANAVI,"anticoncepcion, prevencion de its y de cancer de cuello uterino",numero de condones entregados,2015-03-01,0,12,432,24,0,468
CARAPARI,"anticoncepcion, prevencion de its y de cancer de cuello uterino",numero de condones entregados,2015-03-01,0,20,90,88,20,218
CHALLAPATA,"anticoncepcion, prevencion de its y de cancer de cuello uterino",numero de condones entregados,2015-03-01,0,36,216,156,0,408
CHAQUI,"anticoncepcion, prevencion de its y de cancer de cuello uterino",numero de condones entregados,2015-03-01,0,0,84,48,0,132
CHARAGUA,"anticoncepcion, prevencion de its y de cancer de cuello uterino",numero de condones entregados,2015-03-01,0,12,24,0,0,36
CHAYANTA,"anticoncepcion, prevencion de its y de cancer de cuello uterino",numero de condones entregados,2015-03-01,0,24,180,36,0,240
CHIMORE,"anticoncepcion, prevencion de its y de cancer de cuello uterino",numero de condones entregados,2015-03-01,0,120,732,192,0,1044
CHUA COCANI,"anticoncepcion, prevencion de its y de cancer de cuello uterino",numero de condones entregados,2015-03-01,0,0,24,0,0,24
CHULUMANI (V. DE LA LIBERTAD),"anticoncepcion, prevencion de its y de cancer de cuello uterino",numero de condones entregados,2015-03-01,0,12,72,12,0,96
CHUMA,"anticoncepcion, prevencion de its y de cancer de cuello uterino",numero de condones entregados,2015-03-01,0,0,12,13,0,25
CHUQUIHUTA AYLLU JUCUMANI,"anticoncepcion, prevencion de its y de cancer de cuello uterino",numero de condones entregados,2015-03-01,0,0,24,12,0,36
CKOCHAS,"anticoncepcion, prevencion de its y de cancer de cuello uterino",numero de condones entregados,2015-03-01,0,0,72,12,0,84
CLIZA,"anticoncepcion, prevencion de its y de cancer de cuello uterino",numero de condones entregados,2015-03-01,0,0,192,0,0,192
COBIJA,"anticoncepcion, prevencion de its y de cancer de cuello uterino",numero de condones entregados,2015-03-01,0,1,145,60,0,206
COCAPATA,"anticoncepcion, prevencion de its y de cancer de cuello uterino",numero de condones entregados,2015-03-01,0,39,109,12,0,160
COCHABAMBA,"anticoncepcion, prevencion de its y de cancer de cuello uterino",numero de condones entregados,2015-03-01,0,114,2294,128,0,2536
COIPASA,"anticoncepcion, prevencion de its y de cancer de cuello uterino",numero de condones entregados,2015-03-01,0,24,12,0,0,36
COLCAPIRHUA,"anticoncepcion, prevencion de its y de cancer de cuello uterino",numero de condones entregados,2015-03-01,0,24,108,0,0,132
"COLCHA ""K""","anticoncepcion, prevencion de its y de cancer de cuello uterino",numero de condones entregados,2015-03-01,0,12,120,24,12,168
COLLANA,"anticoncepcion, prevencion de its y de cancer de cuello uterino",numero de condones entregados,2015-03-01,0,12,36,0,12,60
COLOMI,"anticoncepcion, prevencion de its y de cancer de cuello uterino",numero de condones entregados,2015-03-01,0,24,70,0,0,94
COLPA BELGICA,"anticoncepcion, prevencion de its y de cancer de cuello uterino",numero de condones entregados,2015-03-01,0,12,72,36,0,120
COLQUECHACA,"anticoncepcion, prevencion de its y de cancer de cuello uterino",numero de condones entregados,2015-03-01,12,36,504,192,0,744
COLQUENCHA,"anticoncepcion, prevencion de its y de cancer de cuello uterino",numero de condones entregados,2015-03-01,0,24,108,24,0,156
COLQUIRI,"anticoncepcion, prevencion de its y de cancer de cuello uterino",numero de condones entregados,2015-03-01,0,12,0,24,12,48
COMARAPA,"anticoncepcion, prevencion de its y de cancer de cuello uterino",numero de condones entregados,2015-03-01,0,36,108,72,0,216
CONCEPCION,"anticoncepcion, prevencion de its y de cancer de cuello uterino",numero de condones entregados,2015-03-01,0,24,24,180,0,228
COPACABANA,"anticoncepcion, prevencion de its y de cancer de cuello uterino",numero de condones entregados,2015-03-01,0,0,24,12,0,36
CORIPATA,"anticoncepcion, prevencion de its y de cancer de cuello uterino",numero de condones entregados,2015-03-01,0,0,48,0,0,48
CORO CORO,"anticoncepcion, prevencion de its y de cancer de cuello uterino",numero de condones entregados,2015-03-01,0,24,24,0,0,48
COROICO,"anticoncepcion, prevencion de its y de cancer de cuello uterino",numero de condones entregados,2015-03-01,0,0,0,12,0,12
CORQUE,"anticoncepcion, prevencion de its y de cancer de cuello uterino",numero de condones entregados,2015-03-01,0,12,132,12,0,156
COTAGAITA,"anticoncepcion, prevencion de its y de cancer de cuello uterino",numero de condones entregados,2015-03-01,0,111,364,249,0,724
COTOCA,"anticoncepcion, prevencion de its y de cancer de cuello uterino",numero de condones entregados,2015-03-01,0,36,276,48,0,360
CUATRO CAÑADAS,"anticoncepcion, prevencion de its y de cancer de cuello uterino",numero de condones entregados,2015-03-01,0,12,72,60,0,144
CUCHUMUELA (V. G. VILLARROEL),"anticoncepcion, prevencion de its y de cancer de cuello uterino",numero de condones entregados,2015-03-01,0,0,84,0,0,84
CUEVO,"anticoncepcion, prevencion de its y de cancer de cuello uterino",numero de condones entregados,2015-03-01,0,0,48,0,0,48
CULPINA,"anticoncepcion, prevencion de its y de cancer de cuello uterino",numero de condones entregados,2015-03-01,0,36,120,96,12,264
CURAHUARA DE CARANGAS,"anticoncepcion, prevencion de its y de cancer de cuello uterino",numero de condones entregados,2015-03-01,0,12,36,12,0,60
CURVA,"anticoncepcion, prevencion de its y de cancer de cuello uterino",numero de condones entregados,2015-03-01,0,0,0,12,0,12
EL ALTO,"anticoncepcion, prevencion de its y de cancer de cuello uterino",numero de condones entregados,2015-03-01,12,538,8336,6320,12,15218
EL CHORO,"anticoncepcion, prevencion de its y de cancer de cuello uterino",numero de condones entregados,2015-03-01,0,12,24,12,0,48
EL PUENTE(STC),"anticoncepcion, prevencion de its y de cancer de cuello uterino",numero de condones entregados,2015-03-01,0,12,48,24,0,84
EL PUENTE(TJA),"anticoncepcion, prevencion de its y de cancer de cuello uterino",numero de condones entregados,2015-03-01,0,32,592,334,20,978
EL TORNO,"anticoncepcion, prevencion de its y de cancer de cuello uterino",numero de condones entregados,2015-03-01,36,132,264,48,0,480
EL VILLAR,"anticoncepcion, prevencion de its y de cancer de cuello uterino",numero de condones entregados,2015-03-01,0,0,36,0,12,48
ENTRE RIOS TRJ,"anticoncepcion, prevencion de its y de cancer de cuello uterino",numero de condones entregados,2015-03-01,0,36,141,49,12,238
ENTRE RIOS CBBA,"anticoncepcion, prevencion de its y de cancer de cuello uterino",numero de condones entregados,2015-03-01,12,36,686,96,0,830
ESCOMA,"anticoncepcion, prevencion de its y de cancer de cuello uterino",numero de condones entregados,2015-03-01,0,0,24,24,0,48
FERNANDEZ ALONSO,"anticoncepcion, prevencion de its y de cancer de cuello uterino",numero de condones entregados,2015-03-01,0,0,36,0,0,36
FILADELFIA,"anticoncepcion, prevencion de its y de cancer de cuello uterino",numero de condones entregados,2015-03-01,0,12,60,12,0,84
GENERAL SAAVEDRA,"anticoncepcion, prevencion de its y de cancer de cuello uterino",numero de condones entregados,2015-03-01,0,48,60,24,0,132
GRAL. J.J. PEREZ (CHARAZANI),"anticoncepcion, prevencion de its y de cancer de cuello uterino",numero de condones entregados,2015-03-01,0,0,36,0,0,36
GUANAY,"anticoncepcion, prevencion de its y de cancer de cuello uterino",numero de condones entregados,2015-03-01,0,0,12,0,0,12
GUAQUI,"anticoncepcion, prevencion de its y de cancer de cuello uterino",numero de condones entregados,2015-03-01,0,12,48,0,0,60
GUAYARAMERIN,"anticoncepcion, prevencion de its y de cancer de cuello uterino",numero de condones entregados,2015-03-01,90,831,294,144,0,1359
GUTIERREZ,"anticoncepcion, prevencion de its y de cancer de cuello uterino",numero de condones entregados,2015-03-01,0,0,12,0,0,12
HUACARETA,"anticoncepcion, prevencion de its y de cancer de cuello uterino",numero de condones entregados,2015-03-01,0,12,27,24,0,63
HUACAYA (VILLA DE HUACAYA),"anticoncepcion, prevencion de its y de cancer de cuello uterino",numero de condones entregados,2015-03-01,0,0,12,12,0,24
HUACHACALLA,"anticoncepcion, prevencion de its y de cancer de cuello uterino",numero de condones entregados,2015-03-01,0,0,12,0,0,12
HUANUNI,"anticoncepcion, prevencion de its y de cancer de cuello uterino",numero de condones entregados,2015-03-01,0,0,60,24,0,84
HUARACAJE,"anticoncepcion, prevencion de its y de cancer de cuello uterino",numero de condones entregados,2015-03-01,18,0,72,12,0,102
HUARINA,"anticoncepcion, prevencion de its y de cancer de cuello uterino",numero de condones entregados,2015-03-01,0,12,84,0,0,96
HUAYLLAMARCA,"anticoncepcion, prevencion de its y de cancer de cuello uterino",numero de condones entregados,2015-03-01,0,0,24,12,0,36
HUMANATA,"anticoncepcion, prevencion de its y de cancer de cuello uterino",numero de condones entregados,2015-03-01,0,0,12,0,0,12
ICHOCA,"anticoncepcion, prevencion de its y de cancer de cuello uterino",numero de condones entregados,2015-03-01,0,0,60,12,0,72
ICLA,"anticoncepcion, prevencion de its y de cancer de cuello uterino",numero de condones entregados,2015-03-01,0,0,72,24,0,96
INCAHUASI,"anticoncepcion, prevencion de its y de cancer de cuello uterino",numero de condones entregados,2015-03-01,12,0,120,24,12,168
INQUISIVI,"anticoncepcion, prevencion de its y de cancer de cuello uterino",numero de condones entregados,2015-03-01,0,0,12,24,0,36
IRUPANA (VILLA DE LANZA),"anticoncepcion, prevencion de its y de cancer de cuello uterino",numero de condones entregados,2015-03-01,0,12,84,24,0,120
JESUS DE MACHACA,"anticoncepcion, prevencion de its y de cancer de cuello uterino",numero de condones entregados,2015-03-01,0,12,60,24,0,96
LA ASUNTA,"anticoncepcion, prevencion de its y de cancer de cuello uterino",numero de condones entregados,2015-03-01,0,72,204,24,0,300
LA GUARDIA,"anticoncepcion, prevencion de its y de cancer de cuello uterino",numero de condones entregados,2015-03-01,12,96,444,84,0,636
LA PAZ,"anticoncepcion, prevencion de its y de cancer de cuello uterino",numero de condones entregados,2015-03-01,0,522,4684,1483,54,6743
LAGUNILLAS,"anticoncepcion, prevencion de its y de cancer de cuello uterino",numero de condones entregados,2015-03-01,0,12,36,24,0,72
LAJA,"anticoncepcion, prevencion de its y de cancer de cuello uterino",numero de condones entregados,2015-03-01,0,36,60,48,0,144
LAS CARRERAS,"anticoncepcion, prevencion de its y de cancer de cuello uterino",numero de condones entregados,2015-03-01,0,36,48,60,0,144
LICOMA PAMPA,"anticoncepcion, prevencion de its y de cancer de cuello uterino",numero de condones entregados,2015-03-01,0,12,12,12,0,36
LLALLAGUA,"anticoncepcion, prevencion de its y de cancer de cuello uterino",numero de condones entregados,2015-03-01,0,12,264,72,0,348
LLICA,"anticoncepcion, prevencion de its y de cancer de cuello uterino",numero de condones entregados,2015-03-01,0,12,24,12,0,48
LORETO,"anticoncepcion, prevencion de its y de cancer de cuello uterino",numero de condones entregados,2015-03-01,0,21,18,12,0,51
LURIBAY,"anticoncepcion, prevencion de its y de cancer de cuello uterino",numero de condones entregados,2015-03-01,0,36,60,36,0,132
MACHACAMARCA,"anticoncepcion, prevencion de its y de cancer de cuello uterino",numero de condones entregados,2015-03-01,0,0,24,0,0,24
MACHARETI,"anticoncepcion, prevencion de its y de cancer de cuello uterino",numero de condones entregados,2015-03-01,0,0,72,12,0,84
MAGDALENA,"anticoncepcion, prevencion de its y de cancer de cuello uterino",numero de condones entregados,2015-03-01,0,24,108,12,12,156
MAIRANA,"anticoncepcion, prevencion de its y de cancer de cuello uterino",numero de condones entregados,2015-03-01,0,12,12,0,0,24
MALLA,"anticoncepcion, prevencion de its y de cancer de cuello uterino",numero de condones entregados,2015-03-01,0,0,12,0,0,12
MECAPACA,"anticoncepcion, prevencion de its y de cancer de cuello uterino",numero de condones entregados,2015-03-01,0,12,120,60,0,192
MINEROS,"anticoncepcion, prevencion de its y de cancer de cuello uterino",numero de condones entregados,2015-03-01,0,24,72,12,0,108
MIZQUE,"anticoncepcion, prevencion de its y de cancer de cuello uterino",numero de condones entregados,2015-03-01,0,24,336,48,0,408
MOCOMOCO,"anticoncepcion, prevencion de its y de cancer de cuello uterino",numero de condones entregados,2015-03-01,0,24,84,0,0,108
MOJOCOYA,"anticoncepcion, prevencion de its y de cancer de cuello uterino",numero de condones entregados,2015-03-01,0,36,120,0,0,156
MONTEAGUDO,"anticoncepcion, prevencion de its y de cancer de cuello uterino",numero de condones entregados,2015-03-01,0,60,324,108,24,516
MONTERO,"anticoncepcion, prevencion de its y de cancer de cuello uterino",numero de condones entregados,2015-03-01,36,132,428,18,0,614
MORO MORO,"anticoncepcion, prevencion de its y de cancer de cuello uterino",numero de condones entregados,2015-03-01,12,0,60,12,12,96
MOROCHATA,"anticoncepcion, prevencion de its y de cancer de cuello uterino",numero de condones entregados,2015-03-01,0,36,24,24,0,84
NACEBE (SANTA ROSA DEL ABUNA),"anticoncepcion, prevencion de its y de cancer de cuello uterino",numero de condones entregados,2015-03-01,0,24,82,24,12,142
NUEVO MANOA (NUEVA ESPERANZA),"anticoncepcion, prevencion de its y de cancer de cuello uterino",numero de condones entregados,2015-03-01,0,0,72,12,0,84
OCURI,"anticoncepcion, prevencion de its y de cancer de cuello uterino",numero de condones entregados,2015-03-01,0,24,164,60,0,248
OKINAWA,"anticoncepcion, prevencion de its y de cancer de cuello uterino",numero de condones entregados,2015-03-01,0,12,48,0,0,60
OMEREQUE,"anticoncepcion, prevencion de its y de cancer de cuello uterino",numero de condones entregados,2015-03-01,0,36,48,48,0,132
ORURO,"anticoncepcion, prevencion de its y de cancer de cuello uterino",numero de condones entregados,2015-03-01,0,124,1647,332,24,2127
PADCAYA,"anticoncepcion, prevencion de its y de cancer de cuello uterino",numero de condones entregados,2015-03-01,0,12,203,112,0,327
PADILLA,"anticoncepcion, prevencion de its y de cancer de cuello uterino",numero de condones entregados,2015-03-01,0,42,36,60,0,138
PAILON,"anticoncepcion, prevencion de its y de cancer de cuello uterino",numero de condones entregados,2015-03-01,0,60,144,60,0,264
PALCA,"anticoncepcion, prevencion de its y de cancer de cuello uterino",numero de condones entregados,2015-03-01,0,12,48,0,0,60
PALOS BLANCOS,"anticoncepcion, prevencion de its y de cancer de cuello uterino",numero de condones entregados,2015-03-01,0,24,108,24,0,156
PAMPA AULLAGAS,"anticoncepcion, prevencion de its y de cancer de cuello uterino",numero de condones entregados,2015-03-01,0,0,12,12,0,24
PAMPA GRANDE,"anticoncepcion, prevencion de its y de cancer de cuello uterino",numero de condones entregados,2015-03-01,0,0,36,24,0,60
PAPEL PAMPA,"anticoncepcion, prevencion de its y de cancer de cuello uterino",numero de condones entregados,2015-03-01,0,36,36,36,0,108
PASORAPA,"anticoncepcion, prevencion de its y de cancer de cuello uterino",numero de condones entregados,2015-03-01,0,0,24,0,0,24
PAZÑA,"anticoncepcion, prevencion de its y de cancer de cuello uterino",numero de condones entregados,2015-03-01,0,0,48,12,0,60
PELECHUCO,"anticoncepcion, prevencion de its y de cancer de cuello uterino",numero de condones entregados,2015-03-01,0,0,72,12,0,84
POCOATA,"anticoncepcion, prevencion de its y de cancer de cuello uterino",numero de condones entregados,2015-03-01,0,0,144,168,0,312
POCONA,"anticoncepcion, prevencion de its y de cancer de cuello uterino",numero de condones entregados,2015-03-01,0,0,85,36,0,121
POJO (CBBA),"anticoncepcion, prevencion de its y de cancer de cuello uterino",numero de condones entregados,2015-03-01,0,36,108,12,0,156
POOPO,"anticoncepcion, prevencion de its y de cancer de cuello uterino",numero de condones entregados,2015-03-01,0,24,72,24,0,120
PORCO,"anticoncepcion, prevencion de its y de cancer de cuello uterino",numero de condones entregados,2015-03-01,0,0,72,12,0,84
POROMA,"anticoncepcion, prevencion de its y de cancer de cuello uterino",numero de condones entregados,2015-03-01,0,0,12,12,0,24
PORONGO,"anticoncepcion, prevencion de its y de cancer de cuello uterino",numero de condones entregados,2015-03-01,0,0,108,0,0,108
PORTACHUELO,"anticoncepcion, prevencion de its y de cancer de cuello uterino",numero de condones entregados,2015-03-01,0,12,1020,36,0,1068
PORVENIR,"anticoncepcion, prevencion de its y de cancer de cuello uterino",numero de condones entregados,2015-03-01,0,0,24,12,0,36
POSTRER VALLE,"anticoncepcion, prevencion de its y de cancer de cuello uterino",numero de condones entregados,2015-03-01,0,0,12,0,0,12
POTOSI,"anticoncepcion, prevencion de its y de cancer de cuello uterino",numero de condones entregados,2015-03-01,0,105,929,120,12,1166
PRESTO,"anticoncepcion, prevencion de its y de cancer de cuello uterino",numero de condones entregados,2015-03-01,0,48,120,24,0,192
PUCARA,"anticoncepcion, prevencion de its y de cancer de cuello uterino",numero de condones entregados,2015-03-01,0,0,24,0,0,24
PUCARANI,"anticoncepcion, prevencion de its y de cancer de cuello uterino",numero de condones entregados,2015-03-01,0,36,132,60,0,228
PUERTO ACOSTA,"anticoncepcion, prevencion de its y de cancer de cuello uterino",numero de condones entregados,2015-03-01,0,24,36,0,0,60
PUERTO CARABUCO,"anticoncepcion, prevencion de its y de cancer de cuello uterino",numero de condones entregados,2015-03-01,0,0,12,24,12,48
PUERTO GONZALO MORENO,"anticoncepcion, prevencion de its y de cancer de cuello uterino",numero de condones entregados,2015-03-01,0,36,36,36,0,108
PUERTO PEREZ,"anticoncepcion, prevencion de its y de cancer de cuello uterino",numero de condones entregados,2015-03-01,0,0,24,12,0,36
PUERTO QUIJARRO,"anticoncepcion, prevencion de its y de cancer de cuello uterino",numero de condones entregados,2015-03-01,0,84,156,102,0,342
PUERTO RICO,"anticoncepcion, prevencion de its y de cancer de cuello uterino",numero de condones entregados,2015-03-01,0,0,12,12,0,24
PUERTO SUAREZ,"anticoncepcion, prevencion de its y de cancer de cuello uterino",numero de condones entregados,2015-03-01,0,0,12,0,0,12
PUERTO VILLARROEL,"anticoncepcion, prevencion de its y de cancer de cuello uterino",numero de condones entregados,2015-03-01,0,24,204,36,0,264
PUNA,"anticoncepcion, prevencion de its y de cancer de cuello uterino",numero de condones entregados,2015-03-01,0,12,30,0,0,42
PUNATA,"anticoncepcion, prevencion de its y de cancer de cuello uterino",numero de condones entregados,2015-03-01,0,24,180,24,0,228
QUIABAYA,"anticoncepcion, prevencion de its y de cancer de cuello uterino",numero de condones entregados,2015-03-01,0,12,36,0,0,48
QUILLACOLLO,"anticoncepcion, prevencion de its y de cancer de cuello uterino",numero de condones entregados,2015-03-01,0,72,517,144,0,733
QUIME,"anticoncepcion, prevencion de its y de cancer de cuello uterino",numero de condones entregados,2015-03-01,0,0,240,216,144,600
QUIRUSILLAS,"anticoncepcion, prevencion de its y de cancer de cuello uterino",numero de condones entregados,2015-03-01,0,0,12,0,0,12
RAVELO,"anticoncepcion, prevencion de its y de cancer de cuello uterino",numero de condones entregados,2015-03-01,0,0,96,60,0,156
REYES,"anticoncepcion, prevencion de its y de cancer de cuello uterino",numero de condones entregados,2015-03-01,0,144,36,0,0,180
RIBERALTA,"anticoncepcion, prevencion de its y de cancer de cuello uterino",numero de condones entregados,2015-03-01,3,228,1131,276,12,1650
ROBORE,"anticoncepcion, prevencion de its y de cancer de cuello uterino",numero de condones entregados,2015-03-01,0,24,96,24,0,144
RURRENABAQUE,"anticoncepcion, prevencion de its y de cancer de cuello uterino",numero de condones entregados,2015-03-01,0,0,15,0,0,15
SABAYA,"anticoncepcion, prevencion de its y de cancer de cuello uterino",numero de condones entregados,2015-03-01,0,0,48,0,0,48
SACABA,"anticoncepcion, prevencion de its y de cancer de cuello uterino",numero de condones entregados,2015-03-01,0,120,792,180,0,1092
SACACA,"anticoncepcion, prevencion de its y de cancer de cuello uterino",numero de condones entregados,2015-03-01,0,0,24,24,0,48
SAIPINA,"anticoncepcion, prevencion de its y de cancer de cuello uterino",numero de condones entregados,2015-03-01,0,0,36,0,0,36
SALINAS DE GARCI MENDOZA,"anticoncepcion, prevencion de its y de cancer de cuello uterino",numero de condones entregados,2015-03-01,0,12,108,48,0,168
SAMAIPATA,"anticoncepcion, prevencion de its y de cancer de cuello uterino",numero de condones entregados,2015-03-01,0,48,72,0,0,120
SAN ANDRES,"anticoncepcion, prevencion de its y de cancer de cuello uterino",numero de condones entregados,2015-03-01,0,1,25,12,0,38
SAN ANDRES DE MACHACA,"anticoncepcion, prevencion de its y de cancer de cuello uterino",numero de condones entregados,2015-03-01,0,24,24,0,0,48
SAN ANTONIO DE ESMORUCO,"anticoncepcion, prevencion de its y de cancer de cuello uterino",numero de condones entregados,2015-03-01,0,0,36,0,0,36
SAN ANTONIO DE LOMERIO,"anticoncepcion, prevencion de its y de cancer de cuello uterino",numero de condones entregados,2015-03-01,0,12,60,0,0,72
SAN BORJA,"anticoncepcion, prevencion de its y de cancer de cuello uterino",numero de condones entregados,2015-03-01,0,72,156,72,0,300
SAN BUENA VENTURA,"anticoncepcion, prevencion de its y de cancer de cuello uterino",numero de condones entregados,2015-03-01,0,0,24,0,0,24
SAN CARLOS,"anticoncepcion, prevencion de its y de cancer de cuello uterino",numero de condones entregados,2015-03-01,0,48,108,36,0,192
SAN IGNACIO,"anticoncepcion, prevencion de its y de cancer de cuello uterino",numero de condones entregados,2015-03-01,0,48,216,48,0,312
SAN IGNACIO DE VELASCO,"anticoncepcion, prevencion de its y de cancer de cuello uterino",numero de condones entregados,2015-03-01,0,60,228,84,12,384
SAN JAVIER(BNI),"anticoncepcion, prevencion de its y de cancer de cuello uterino",numero de condones entregados,2015-03-01,1,12,24,12,0,49
SAN JAVIER(STC),"anticoncepcion, prevencion de its y de cancer de cuello uterino",numero de condones entregados,2015-03-01,0,0,12,24,0,36
SAN JOSE DE CHIQUITOS,"anticoncepcion, prevencion de its y de cancer de cuello uterino",numero de condones entregados,2015-03-01,0,6,42,27,0,75
SAN JUAN DE YAPACANI,"anticoncepcion, prevencion de its y de cancer de cuello uterino",numero de condones entregados,2015-03-01,0,0,39,1,0,40
SAN JULIAN,"anticoncepcion, prevencion de its y de cancer de cuello uterino",numero de condones entregados,2015-03-01,0,60,48,0,0,108
SAN LORENZO(PND),"anticoncepcion, prevencion de its y de cancer de cuello uterino",numero de condones entregados,2015-03-01,0,12,24,0,0,36
SAN LORENZO(TJA),"anticoncepcion, prevencion de its y de cancer de cuello uterino",numero de condones entregados,2015-03-01,0,12,58,0,0,70
SAN LUCAS,"anticoncepcion, prevencion de its y de cancer de cuello uterino",numero de condones entregados,2015-03-01,0,84,120,72,0,276
SAN MATIAS,"anticoncepcion, prevencion de its y de cancer de cuello uterino",numero de condones entregados,2015-03-01,0,24,36,12,0,72
SAN MIGUEL DE VELASCO,"anticoncepcion, prevencion de its y de cancer de cuello uterino",numero de condones entregados,2015-03-01,0,0,24,24,0,48
SAN PABLO DE LIPEZ,"anticoncepcion, prevencion de its y de cancer de cuello uterino",numero de condones entregados,2015-03-01,0,0,36,0,0,36
SAN PEDRO,"anticoncepcion, prevencion de its y de cancer de cuello uterino",numero de condones entregados,2015-03-01,0,24,120,61,0,205
SAN PEDRO DE BUENA VISTA,"anticoncepcion, prevencion de its y de cancer de cuello uterino",numero de condones entregados,2015-03-01,0,12,24,12,0,48
SAN PEDRO DE CURAHUARA,"anticoncepcion, prevencion de its y de cancer de cuello uterino",numero de condones entregados,2015-03-01,0,0,12,12,0,24
SAN PEDRO DE QUEMES,"anticoncepcion, prevencion de its y de cancer de cuello uterino",numero de condones entregados,2015-03-01,0,0,12,0,0,12
SAN PEDRO DE TIQUINA,"anticoncepcion, prevencion de its y de cancer de cuello uterino",numero de condones entregados,2015-03-01,0,0,48,24,0,72
SAN PEDRO(PND),"anticoncepcion, prevencion de its y de cancer de cuello uterino",numero de condones entregados,2015-03-01,0,0,12,0,0,12
SAN RAFAEL,"anticoncepcion, prevencion de its y de cancer de cuello uterino",numero de condones entregados,2015-03-01,0,24,48,24,0,96
SANTA ANA,"anticoncepcion, prevencion de its y de cancer de cuello uterino",numero de condones entregados,2015-03-01,0,24,99,48,0,171
SANTA CRUZ DE LA SIERRA,"anticoncepcion, prevencion de its y de cancer de cuello uterino",numero de condones entregados,2015-03-01,92,609,2159,448,12,3320
SANTA ROSA,"anticoncepcion, prevencion de its y de cancer de cuello uterino",numero de condones entregados,2015-03-01,0,24,84,36,0,144
SANTA ROSA DEL SARA,"anticoncepcion, prevencion de its y de cancer de cuello uterino",numero de condones entregados,2015-03-01,0,12,180,24,0,216
SANTIAGO DE CALLAPA,"anticoncepcion, prevencion de its y de cancer de cuello uterino",numero de condones entregados,2015-03-01,0,0,12,0,0,12
SANTIAGO DE HUARI,"anticoncepcion, prevencion de its y de cancer de cuello uterino",numero de condones entregados,2015-03-01,0,24,144,12,0,180
SANTIAGO DE HUATA,"anticoncepcion, prevencion de its y de cancer de cuello uterino",numero de condones entregados,2015-03-01,0,0,36,0,0,36
SANTIVAÑES,"anticoncepcion, prevencion de its y de cancer de cuello uterino",numero de condones entregados,2015-03-01,0,0,48,0,0,48
SANTUARIO DE QUILLACAS,"anticoncepcion, prevencion de its y de cancer de cuello uterino",numero de condones entregados,2015-03-01,0,0,204,36,12,252
SAPAHAQUI,"anticoncepcion, prevencion de its y de cancer de cuello uterino",numero de condones entregados,2015-03-01,0,0,24,12,0,36
SENA,"anticoncepcion, prevencion de its y de cancer de cuello uterino",numero de condones entregados,2015-03-01,0,0,24,0,0,24
SHINAOTA,"anticoncepcion, prevencion de its y de cancer de cuello uterino",numero de condones entregados,2015-03-01,12,12,60,0,0,84
SICA SICA (VILLA AROMA),"anticoncepcion, prevencion de its y de cancer de cuello uterino",numero de condones entregados,2015-03-01,0,24,168,36,0,228
SICAYA,"anticoncepcion, prevencion de its y de cancer de cuello uterino",numero de condones entregados,2015-03-01,0,12,60,0,0,72
SIPE SIPE,"anticoncepcion, prevencion de its y de cancer de cuello uterino",numero de condones entregados,2015-03-01,12,36,240,60,0,348
SOPACHUY,"anticoncepcion, prevencion de its y de cancer de cuello uterino",numero de condones entregados,2015-03-01,0,0,72,24,0,96
SORACACHI,"anticoncepcion, prevencion de its y de cancer de cuello uterino",numero de condones entregados,2015-03-01,0,12,60,12,0,84
SORATA,"anticoncepcion, prevencion de its y de cancer de cuello uterino",numero de condones entregados,2015-03-01,0,0,36,12,0,48
SUCRE,"anticoncepcion, prevencion de its y de cancer de cuello uterino",numero de condones entregados,2015-03-01,24,581,2240,2004,916,5765
TACACOMA,"anticoncepcion, prevencion de its y de cancer de cuello uterino",numero de condones entregados,2015-03-01,0,0,37,12,0,49
TACOBAMBA,"anticoncepcion, prevencion de its y de cancer de cuello uterino",numero de condones entregados,2015-03-01,0,0,48,12,0,60
TACOPAYA,"anticoncepcion, prevencion de its y de cancer de cuello uterino",numero de condones entregados,2015-03-01,0,12,12,12,0,36
TAPACARI,"anticoncepcion, prevencion de its y de cancer de cuello uterino",numero de condones entregados,2015-03-01,0,12,24,48,12,96
TARABUCO,"anticoncepcion, prevencion de its y de cancer de cuello uterino",numero de condones entregados,2015-03-01,12,12,84,24,0,132
TARACO,"anticoncepcion, prevencion de its y de cancer de cuello uterino",numero de condones entregados,2015-03-01,0,12,12,24,0,48
TARATA,"anticoncepcion, prevencion de its y de cancer de cuello uterino",numero de condones entregados,2015-03-01,0,0,12,0,0,12
TARIJA,"anticoncepcion, prevencion de its y de cancer de cuello uterino",numero de condones entregados,2015-03-01,0,174,1584,526,40,2324
TARVITA,"anticoncepcion, prevencion de its y de cancer de cuello uterino",numero de condones entregados,2015-03-01,0,24,72,12,12,120
TEOPONTE,"anticoncepcion, prevencion de its y de cancer de cuello uterino",numero de condones entregados,2015-03-01,12,24,24,0,0,60
TIAWANACU,"anticoncepcion, prevencion de its y de cancer de cuello uterino",numero de condones entregados,2015-03-01,0,12,60,0,0,72
TINGUIPAYA,"anticoncepcion, prevencion de its y de cancer de cuello uterino",numero de condones entregados,2015-03-01,0,0,12,0,0,12
TIPUANI,"anticoncepcion, prevencion de its y de cancer de cuello uterino",numero de condones entregados,2015-03-01,0,0,24,12,0,36
TIQUIPAYA,"anticoncepcion, prevencion de its y de cancer de cuello uterino",numero de condones entregados,2015-03-01,0,12,96,24,0,132
TIRAQUE (CBBA),"anticoncepcion, prevencion de its y de cancer de cuello uterino",numero de condones entregados,2015-03-01,0,12,24,12,0,48
TITO YUPANQUI (PARQUIPUJIO),"anticoncepcion, prevencion de its y de cancer de cuello uterino",numero de condones entregados,2015-03-01,0,0,12,12,0,24
TOCO,"anticoncepcion, prevencion de its y de cancer de cuello uterino",numero de condones entregados,2015-03-01,0,12,12,0,0,24
TOLATA,"anticoncepcion, prevencion de its y de cancer de cuello uterino",numero de condones entregados,2015-03-01,0,36,84,24,0,144
TOLEDO,"anticoncepcion, prevencion de its y de cancer de cuello uterino",numero de condones entregados,2015-03-01,0,12,12,12,0,36
TOMAVE,"anticoncepcion, prevencion de its y de cancer de cuello uterino",numero de condones entregados,2015-03-01,0,24,74,12,0,110
TOMINA,"anticoncepcion, prevencion de its y de cancer de cuello uterino",numero de condones entregados,2015-03-01,24,24,84,36,0,168
TORO TORO,"anticoncepcion, prevencion de its y de cancer de cuello uterino",numero de condones entregados,2015-03-01,0,12,48,48,0,108
TOTORA(CBBA),"anticoncepcion, prevencion de its y de cancer de cuello uterino",numero de condones entregados,2015-03-01,12,48,36,24,0,120
TOTORA(ORR),"anticoncepcion, prevencion de its y de cancer de cuello uterino",numero de condones entregados,2015-03-01,0,12,36,12,0,60
TRIGAL,"anticoncepcion, prevencion de its y de cancer de cuello uterino",numero de condones entregados,2015-03-01,0,12,0,12,0,24
TRINIDAD,"anticoncepcion, prevencion de its y de cancer de cuello uterino",numero de condones entregados,2015-03-01,720,147,92,48,0,1007
TUPIZA,"anticoncepcion, prevencion de its y de cancer de cuello uterino",numero de condones entregados,2015-03-01,0,60,189,72,0,321
TURCO,"anticoncepcion, prevencion de its y de cancer de cuello uterino",numero de condones entregados,2015-03-01,0,12,60,12,0,84
UMALA,"anticoncepcion, prevencion de its y de cancer de cuello uterino",numero de condones entregados,2015-03-01,0,0,12,0,0,12
UNCIA,"anticoncepcion, prevencion de its y de cancer de cuello uterino",numero de condones entregados,2015-03-01,12,0,120,48,12,192
URIONDO (A. CONCEPCION),"anticoncepcion, prevencion de its y de cancer de cuello uterino",numero de condones entregados,2015-03-01,0,55,175,44,1,275
UYUNI,"anticoncepcion, prevencion de its y de cancer de cuello uterino",numero de condones entregados,2015-03-01,0,12,72,0,0,84
VACAS,"anticoncepcion, prevencion de its y de cancer de cuello uterino",numero de condones entregados,2015-03-01,0,0,96,60,0,156
VALLEGRANDE,"anticoncepcion, prevencion de its y de cancer de cuello uterino",numero de condones entregados,2015-03-01,0,24,156,12,0,192
VIACHA,"anticoncepcion, prevencion de its y de cancer de cuello uterino",numero de condones entregados,2015-03-01,0,36,336,132,12,516
VILA VILA,"anticoncepcion, prevencion de its y de cancer de cuello uterino",numero de condones entregados,2015-03-01,0,0,37,25,0,62
VILLA CHARCAS,"anticoncepcion, prevencion de its y de cancer de cuello uterino",numero de condones entregados,2015-03-01,0,24,108,12,0,144
VILLA MONTES,"anticoncepcion, prevencion de its y de cancer de cuello uterino",numero de condones entregados,2015-03-01,0,12,57,0,0,69
VILLA NUEVA (LOMA ALTA),"anticoncepcion, prevencion de its y de cancer de cuello uterino",numero de condones entregados,2015-03-01,12,12,12,24,0,60
VILLA RIVERO,"anticoncepcion, prevencion de its y de cancer de cuello uterino",numero de condones entregados,2015-03-01,0,36,24,0,0,60
VILLA SERRANO,"anticoncepcion, prevencion de its y de cancer de cuello uterino",numero de condones entregados,2015-03-01,0,0,60,12,0,72
VILLA TUNARI,"anticoncepcion, prevencion de its y de cancer de cuello uterino",numero de condones entregados,2015-03-01,0,12,264,24,0,300
VILLA VACA GUZMAN (MUYUPAMPA),"anticoncepcion, prevencion de its y de cancer de cuello uterino",numero de condones entregados,2015-03-01,0,96,168,108,0,372
VILLAZON,"anticoncepcion, prevencion de its y de cancer de cuello uterino",numero de condones entregados,2015-03-01,0,24,324,120,0,468
VINTO,"anticoncepcion, prevencion de its y de cancer de cuello uterino",numero de condones entregados,2015-03-01,24,0,108,0,0,132
VITICHI,"anticoncepcion, prevencion de its y de cancer de cuello uterino",numero de condones entregados,2015-03-01,0,36,84,24,0,144
WARNES,"anticoncepcion, prevencion de its y de cancer de cuello uterino",numero de condones entregados,2015-03-01,10,68,424,134,0,636
YACO,"anticoncepcion, prevencion de its y de cancer de cuello uterino",numero de condones entregados,2015-03-01,0,12,12,12,0,36
YACUIBA,"anticoncepcion, prevencion de its y de cancer de cuello uterino",numero de condones entregados,2015-03-01,0,180,541,142,0,863
YAMPARAEZ,"anticoncepcion, prevencion de its y de cancer de cuello uterino",numero de condones entregados,2015-03-01,0,0,0,12,0,12
YANACACHI,"anticoncepcion, prevencion de its y de cancer de cuello uterino",numero de condones entregados,2015-03-01,0,0,72,0,0,72
YAPACANI,"anticoncepcion, prevencion de its y de cancer de cuello uterino",numero de condones entregados,2015-03-01,0,60,372,24,0,456
YOCALLA,"anticoncepcion, prevencion de its y de cancer de cuello uterino",numero de condones entregados,2015-03-01,0,12,36,36,0,84
YOTALA,"anticoncepcion, prevencion de its y de cancer de cuello uterino",numero de condones entregados,2015-03-01,0,0,60,0,0,60
YUNCHARA,"anticoncepcion, prevencion de its y de cancer de cuello uterino",numero de condones entregados,2015-03-01,0,0,32,0,20,52
ZUDAÑEZ,"anticoncepcion, prevencion de its y de cancer de cuello uterino",numero de condones entregados,2015-03-01,0,12,72,24,0,108
ACACIO,"anticoncepcion, prevencion de its y de cancer de cuello uterino",numero de condones entregados,2015-04-01,0,0,60,0,0,60
ACHACACHI,"anticoncepcion, prevencion de its y de cancer de cuello uterino",numero de condones entregados,2015-04-01,0,12,120,27,0,159
ACHOCALLA,"anticoncepcion, prevencion de its y de cancer de cuello uterino",numero de condones entregados,2015-04-01,0,0,108,0,0,108
AIQUILE,"anticoncepcion, prevencion de its y de cancer de cuello uterino",numero de condones entregados,2015-04-01,0,36,60,12,0,108
ALCALA,"anticoncepcion, prevencion de its y de cancer de cuello uterino",numero de condones entregados,2015-04-01,0,12,96,0,12,120
ALTO BENI,"anticoncepcion, prevencion de its y de cancer de cuello uterino",numero de condones entregados,2015-04-01,0,24,84,24,0,132
ANCORAIMES,"anticoncepcion, prevencion de its y de cancer de cuello uterino",numero de condones entregados,2015-04-01,0,0,24,24,0,48
ANDAMARCA,"anticoncepcion, prevencion de its y de cancer de cuello uterino",numero de condones entregados,2015-04-01,0,12,72,0,0,84
ANTEQUERA,"anticoncepcion, prevencion de its y de cancer de cuello uterino",numero de condones entregados,2015-04-01,0,0,36,0,0,36
ANZALDO,"anticoncepcion, prevencion de its y de cancer de cuello uterino",numero de condones entregados,2015-04-01,0,14,0,0,0,14
APOLO,"anticoncepcion, prevencion de its y de cancer de cuello uterino",numero de condones entregados,2015-04-01,0,0,111,12,0,123
ARAMPAMPA,"anticoncepcion, prevencion de its y de cancer de cuello uterino",numero de condones entregados,2015-04-01,0,0,24,24,0,48
ARANI,"anticoncepcion, prevencion de its y de cancer de cuello uterino",numero de condones entregados,2015-04-01,0,0,24,12,0,36
ARBIETO,"anticoncepcion, prevencion de its y de cancer de cuello uterino",numero de condones entregados,2015-04-01,0,0,96,12,0,108
ARQUE,"anticoncepcion, prevencion de its y de cancer de cuello uterino",numero de condones entregados,2015-04-01,0,0,12,12,0,24
ASCENCION DE GUARAYOS,"anticoncepcion, prevencion de its y de cancer de cuello uterino",numero de condones entregados,2015-04-01,0,36,84,0,0,120
ATOCHA,"anticoncepcion, prevencion de its y de cancer de cuello uterino",numero de condones entregados,2015-04-01,0,0,192,12,0,204
AUCAPATA,"anticoncepcion, prevencion de its y de cancer de cuello uterino",numero de condones entregados,2015-04-01,0,0,24,0,0,24
AYATA,"anticoncepcion, prevencion de its y de cancer de cuello uterino",numero de condones entregados,2015-04-01,0,12,84,24,0,120
AYO AYO,"anticoncepcion, prevencion de its y de cancer de cuello uterino",numero de condones entregados,2015-04-01,0,12,12,0,0,24
AYOPAYA (V. DE INDEPENDENCIA),"anticoncepcion, prevencion de its y de cancer de cuello uterino",numero de condones entregados,2015-04-01,0,24,120,84,24,252
AZURDUY,"anticoncepcion, prevencion de its y de cancer de cuello uterino",numero de condones entregados,2015-04-01,0,0,24,36,0,60
BATALLAS,"anticoncepcion, prevencion de its y de cancer de cuello uterino",numero de condones entregados,2015-04-01,0,12,0,0,0,12
BAURES,"anticoncepcion, prevencion de its y de cancer de cuello uterino",numero de condones entregados,2015-04-01,0,0,12,0,0,12
BELEN DE ANDAMARCA,"anticoncepcion, prevencion de its y de cancer de cuello uterino",numero de condones entregados,2015-04-01,0,12,36,12,0,60
BELEN DE URMIRI,"anticoncepcion, prevencion de its y de cancer de cuello uterino",numero de condones entregados,2015-04-01,24,0,0,12,0,36
BELLA FLOR,"anticoncepcion, prevencion de its y de cancer de cuello uterino",numero de condones entregados,2015-04-01,0,12,48,0,0,60
BERMEJO,"anticoncepcion, prevencion de its y de cancer de cuello uterino",numero de condones entregados,2015-04-01,0,48,558,372,48,1026
BETANZOS,"anticoncepcion, prevencion de its y de cancer de cuello uterino",numero de condones entregados,2015-04-01,0,12,120,36,0,168
BOLIVAR,"anticoncepcion, prevencion de its y de cancer de cuello uterino",numero de condones entregados,2015-04-01,0,12,12,0,0,24
BOLPEBRA,"anticoncepcion, prevencion de its y de cancer de cuello uterino",numero de condones entregados,2015-04-01,0,12,0,12,0,24
BOYUIBE,"anticoncepcion, prevencion de its y de cancer de cuello uterino",numero de condones entregados,2015-04-01,0,0,12,0,0,12
BUENA VISTA,"anticoncepcion, prevencion de its y de cancer de cuello uterino",numero de condones entregados,2015-04-01,0,72,144,24,0,240
CABEZAS,"anticoncepcion, prevencion de its y de cancer de cuello uterino",numero de condones entregados,2015-04-01,0,252,852,192,12,1308
CAIROMA,"anticoncepcion, prevencion de its y de cancer de cuello uterino",numero de condones entregados,2015-04-01,0,12,60,0,0,72
"CAIZA ""D""","anticoncepcion, prevencion de its y de cancer de cuello uterino",numero de condones entregados,2015-04-01,0,24,120,24,0,168
CAJUATA,"anticoncepcion, prevencion de its y de cancer de cuello uterino",numero de condones entregados,2015-04-01,0,0,60,48,0,108
CALACOTO,"anticoncepcion, prevencion de its y de cancer de cuello uterino",numero de condones entregados,2015-04-01,0,12,24,0,0,36
CALAMARCA,"anticoncepcion, prevencion de its y de cancer de cuello uterino",numero de condones entregados,2015-04-01,0,36,96,24,0,156
CAMARGO,"anticoncepcion, prevencion de its y de cancer de cuello uterino",numero de condones entregados,2015-04-01,0,12,48,60,0,120
CAMATAQUI (C. VILLA ABECIA),"anticoncepcion, prevencion de its y de cancer de cuello uterino",numero de condones entregados,2015-04-01,0,12,48,0,0,60
CAMIRI,"anticoncepcion, prevencion de its y de cancer de cuello uterino",numero de condones entregados,2015-04-01,0,0,60,0,0,60
CAPINOTA,"anticoncepcion, prevencion de its y de cancer de cuello uterino",numero de condones entregados,2015-04-01,12,36,60,48,0,156
CAQUIAVIRI,"anticoncepcion, prevencion de its y de cancer de cuello uterino",numero de condones entregados,2015-04-01,0,0,72,12,0,84
CARACOLLO,"anticoncepcion, prevencion de its y de cancer de cuello uterino",numero de condones entregados,2015-04-01,0,0,108,12,0,120
CARANAVI,"anticoncepcion, prevencion de its y de cancer de cuello uterino",numero de condones entregados,2015-04-01,12,60,288,72,0,432
CARAPARI,"anticoncepcion, prevencion de its y de cancer de cuello uterino",numero de condones entregados,2015-04-01,0,0,74,32,0,106
CARIPUYO,"anticoncepcion, prevencion de its y de cancer de cuello uterino",numero de condones entregados,2015-04-01,0,0,72,24,0,96
CATACORA,"anticoncepcion, prevencion de its y de cancer de cuello uterino",numero de condones entregados,2015-04-01,0,0,0,12,0,12
CHALLAPATA,"anticoncepcion, prevencion de its y de cancer de cuello uterino",numero de condones entregados,2015-04-01,12,36,192,72,0,312
CHAQUI,"anticoncepcion, prevencion de its y de cancer de cuello uterino",numero de condones entregados,2015-04-01,0,24,72,24,0,120
CHARAGUA,"anticoncepcion, prevencion de its y de cancer de cuello uterino",numero de condones entregados,2015-04-01,0,0,12,0,0,12
CHAYANTA,"anticoncepcion, prevencion de its y de cancer de cuello uterino",numero de condones entregados,2015-04-01,0,12,24,0,0,36
CHIMORE,"anticoncepcion, prevencion de its y de cancer de cuello uterino",numero de condones entregados,2015-04-01,36,84,528,168,0,816
CHIPAYA,"anticoncepcion, prevencion de its y de cancer de cuello uterino",numero de condones entregados,2015-04-01,0,0,0,0,12,12
CHOQUE COTA,"anticoncepcion, prevencion de its y de cancer de cuello uterino",numero de condones entregados,2015-04-01,0,0,12,24,0,36
CHUA COCANI,"anticoncepcion, prevencion de its y de cancer de cuello uterino",numero de condones entregados,2015-04-01,0,0,24,0,0,24
CHULUMANI (V. DE LA LIBERTAD),"anticoncepcion, prevencion de its y de cancer de cuello uterino",numero de condones entregados,2015-04-01,0,0,12,24,0,36
CHUMA,"anticoncepcion, prevencion de its y de cancer de cuello uterino",numero de condones entregados,2015-04-01,0,24,36,24,0,84
CHUQUIHUTA AYLLU JUCUMANI,"anticoncepcion, prevencion de its y de cancer de cuello uterino",numero de condones entregados,2015-04-01,0,0,12,0,0,12
CKOCHAS,"anticoncepcion, prevencion de its y de cancer de cuello uterino",numero de condones entregados,2015-04-01,0,12,48,12,0,72
CLIZA,"anticoncepcion, prevencion de its y de cancer de cuello uterino",numero de condones entregados,2015-04-01,0,12,156,0,0,168
COBIJA,"anticoncepcion, prevencion de its y de cancer de cuello uterino",numero de condones entregados,2015-04-01,0,240,108,24,0,372
COCAPATA,"anticoncepcion, prevencion de its y de cancer de cuello uterino",numero de condones entregados,2015-04-01,0,0,97,36,0,133
COCHABAMBA,"anticoncepcion, prevencion de its y de cancer de cuello uterino",numero de condones entregados,2015-04-01,0,153,3343,114,0,3610
COIPASA,"anticoncepcion, prevencion de its y de cancer de cuello uterino",numero de condones entregados,2015-04-01,0,0,12,12,0,24
COLCAPIRHUA,"anticoncepcion, prevencion de its y de cancer de cuello uterino",numero de condones entregados,2015-04-01,0,12,36,0,0,48
"COLCHA ""K""","anticoncepcion, prevencion de its y de cancer de cuello uterino",numero de condones entregados,2015-04-01,0,36,168,36,12,252
COLLANA,"anticoncepcion, prevencion de its y de cancer de cuello uterino",numero de condones entregados,2015-04-01,0,0,12,12,0,24
COLOMI,"anticoncepcion, prevencion de its y de cancer de cuello uterino",numero de condones entregados,2015-04-01,0,24,60,60,0,144
COLPA BELGICA,"anticoncepcion, prevencion de its y de cancer de cuello uterino",numero de condones entregados,2015-04-01,0,12,12,24,0,48
COLQUECHACA,"anticoncepcion, prevencion de its y de cancer de cuello uterino",numero de condones entregados,2015-04-01,0,84,228,132,0,444
COLQUENCHA,"anticoncepcion, prevencion de its y de cancer de cuello uterino",numero de condones entregados,2015-04-01,0,24,36,24,0,84
COLQUIRI,"anticoncepcion, prevencion de its y de cancer de cuello uterino",numero de condones entregados,2015-04-01,0,0,24,12,0,36
COMARAPA,"anticoncepcion, prevencion de its y de cancer de cuello uterino",numero de condones entregados,2015-04-01,0,0,36,12,0,48
CONCEPCION,"anticoncepcion, prevencion de its y de cancer de cuello uterino",numero de condones entregados,2015-04-01,0,12,24,0,0,36
COPACABANA,"anticoncepcion, prevencion de its y de cancer de cuello uterino",numero de condones entregados,2015-04-01,0,12,0,0,0,12
CORIPATA,"anticoncepcion, prevencion de its y de cancer de cuello uterino",numero de condones entregados,2015-04-01,0,48,24,0,0,72
CORO CORO,"anticoncepcion, prevencion de its y de cancer de cuello uterino",numero de condones entregados,2015-04-01,0,0,24,0,0,24
COROICO,"anticoncepcion, prevencion de its y de cancer de cuello uterino",numero de condones entregados,2015-04-01,0,0,12,0,0,12
CORQUE,"anticoncepcion, prevencion de its y de cancer de cuello uterino",numero de condones entregados,2015-04-01,0,0,12,0,0,12
COTAGAITA,"anticoncepcion, prevencion de its y de cancer de cuello uterino",numero de condones entregados,2015-04-01,0,72,474,121,0,667
COTOCA,"anticoncepcion, prevencion de its y de cancer de cuello uterino",numero de condones entregados,2015-04-01,0,0,348,60,0,408
CRUZ DE MACHACAMARCA,"anticoncepcion, prevencion de its y de cancer de cuello uterino",numero de condones entregados,2015-04-01,0,0,36,0,0,36
CUATRO CAÑADAS,"anticoncepcion, prevencion de its y de cancer de cuello uterino",numero de condones entregados,2015-04-01,0,0,120,24,0,144
CUCHUMUELA (V. G. VILLARROEL),"anticoncepcion, prevencion de its y de cancer de cuello uterino",numero de condones entregados,2015-04-01,0,36,192,0,0,228
CULPINA,"anticoncepcion, prevencion de its y de cancer de cuello uterino",numero de condones entregados,2015-04-01,0,36,276,72,24,408
CURAHUARA DE CARANGAS,"anticoncepcion, prevencion de its y de cancer de cuello uterino",numero de condones entregados,2015-04-01,0,0,48,36,0,84
CURVA,"anticoncepcion, prevencion de its y de cancer de cuello uterino",numero de condones entregados,2015-04-01,0,12,24,12,0,48
DESAGUADERO,"anticoncepcion, prevencion de its y de cancer de cuello uterino",numero de condones entregados,2015-04-01,0,0,12,0,0,12
EL ALTO,"anticoncepcion, prevencion de its y de cancer de cuello uterino",numero de condones entregados,2015-04-01,0,462,6868,5716,0,13046
EL CHORO,"anticoncepcion, prevencion de its y de cancer de cuello uterino",numero de condones entregados,2015-04-01,0,0,24,24,0,48
EL PUENTE(STC),"anticoncepcion, prevencion de its y de cancer de cuello uterino",numero de condones entregados,2015-04-01,0,24,60,12,0,96
EL PUENTE(TJA),"anticoncepcion, prevencion de its y de cancer de cuello uterino",numero de condones entregados,2015-04-01,0,24,260,332,24,640
EL TORNO,"anticoncepcion, prevencion de its y de cancer de cuello uterino",numero de condones entregados,2015-04-01,12,120,204,72,12,420
EL VILLAR,"anticoncepcion, prevencion de its y de cancer de cuello uterino",numero de condones entregados,2015-04-01,0,0,36,0,0,36
ENTRE RIOS TRJ,"anticoncepcion, prevencion de its y de cancer de cuello uterino",numero de condones entregados,2015-04-01,0,12,116,99,0,227
ENTRE RIOS CBBA,"anticoncepcion, prevencion de its y de cancer de cuello uterino",numero de condones entregados,2015-04-01,0,96,636,72,0,804
ESCOMA,"anticoncepcion, prevencion de its y de cancer de cuello uterino",numero de condones entregados,2015-04-01,0,0,24,36,0,60
EUREKA (SANTOS MERCADO),"anticoncepcion, prevencion de its y de cancer de cuello uterino",numero de condones entregados,2015-04-01,0,0,36,24,0,60
FERNANDEZ ALONSO,"anticoncepcion, prevencion de its y de cancer de cuello uterino",numero de condones entregados,2015-04-01,0,0,37,24,0,61
FILADELFIA,"anticoncepcion, prevencion de its y de cancer de cuello uterino",numero de condones entregados,2015-04-01,0,12,12,0,0,24
GENERAL SAAVEDRA,"anticoncepcion, prevencion de its y de cancer de cuello uterino",numero de condones entregados,2015-04-01,0,12,0,0,0,12
GRAL. J.J. PEREZ (CHARAZANI),"anticoncepcion, prevencion de its y de cancer de cuello uterino",numero de condones entregados,2015-04-01,0,0,72,24,0,96
GUANAY,"anticoncepcion, prevencion de its y de cancer de cuello uterino",numero de condones entregados,2015-04-01,0,0,36,0,0,36
GUAQUI,"anticoncepcion, prevencion de its y de cancer de cuello uterino",numero de condones entregados,2015-04-01,0,48,108,24,0,180
GUAYARAMERIN,"anticoncepcion, prevencion de its y de cancer de cuello uterino",numero de condones entregados,2015-04-01,36,120,348,108,0,612
GUTIERREZ,"anticoncepcion, prevencion de its y de cancer de cuello uterino",numero de condones entregados,2015-04-01,0,3,12,0,0,15
HUACARETA,"anticoncepcion, prevencion de its y de cancer de cuello uterino",numero de condones entregados,2015-04-01,0,0,120,60,0,180
HUACHACALLA,"anticoncepcion, prevencion de its y de cancer de cuello uterino",numero de condones entregados,2015-04-01,0,0,12,0,0,12
HUANUNI,"anticoncepcion, prevencion de its y de cancer de cuello uterino",numero de condones entregados,2015-04-01,0,24,48,11,0,83
HUARACAJE,"anticoncepcion, prevencion de its y de cancer de cuello uterino",numero de condones entregados,2015-04-01,0,0,24,24,0,48
HUATAJATA,"anticoncepcion, prevencion de its y de cancer de cuello uterino",numero de condones entregados,2015-04-01,0,12,0,0,0,12
HUAYLLAMARCA,"anticoncepcion, prevencion de its y de cancer de cuello uterino",numero de condones entregados,2015-04-01,0,12,12,0,0,24
HUMANATA,"anticoncepcion, prevencion de its y de cancer de cuello uterino",numero de condones entregados,2015-04-01,0,0,12,0,0,12
ICHOCA,"anticoncepcion, prevencion de its y de cancer de cuello uterino",numero de condones entregados,2015-04-01,12,0,48,12,0,72
ICLA,"anticoncepcion, prevencion de its y de cancer de cuello uterino",numero de condones entregados,2015-04-01,0,0,48,14,0,62
INCAHUASI,"anticoncepcion, prevencion de its y de cancer de cuello uterino",numero de condones entregados,2015-04-01,0,12,36,12,0,60
INQUISIVI,"anticoncepcion, prevencion de its y de cancer de cuello uterino",numero de condones entregados,2015-04-01,0,12,60,24,0,96
IRUPANA (VILLA DE LANZA),"anticoncepcion, prevencion de its y de cancer de cuello uterino",numero de condones entregados,2015-04-01,0,12,96,48,24,180
IXIAMAS,"anticoncepcion, prevencion de its y de cancer de cuello uterino",numero de condones entregados,2015-04-01,0,12,48,12,0,72
JESUS DE MACHACA,"anticoncepcion, prevencion de its y de cancer de cuello uterino",numero de condones entregados,2015-04-01,0,0,0,24,0,24
LA ASUNTA,"anticoncepcion, prevencion de its y de cancer de cuello uterino",numero de condones entregados,2015-04-01,0,72,192,84,0,348
LA GUARDIA,"anticoncepcion, prevencion de its y de cancer de cuello uterino",numero de condones entregados,2015-04-01,0,156,528,60,0,744
LA PAZ,"anticoncepcion, prevencion de its y de cancer de cuello uterino",numero de condones entregados,2015-04-01,0,841,12447,4350,88,17726
LAGUNILLAS,"anticoncepcion, prevencion de its y de cancer de cuello uterino",numero de condones entregados,2015-04-01,0,0,12,0,0,12
LAJA,"anticoncepcion, prevencion de its y de cancer de cuello uterino",numero de condones entregados,2015-04-01,0,12,60,12,24,108
LAS CARRERAS,"anticoncepcion, prevencion de its y de cancer de cuello uterino",numero de condones entregados,2015-04-01,12,48,48,36,0,144
LICOMA PAMPA,"anticoncepcion, prevencion de its y de cancer de cuello uterino",numero de condones entregados,2015-04-01,0,0,48,0,0,48
LLALLAGUA,"anticoncepcion, prevencion de its y de cancer de cuello uterino",numero de condones entregados,2015-04-01,0,36,216,48,0,300
LLICA,"anticoncepcion, prevencion de its y de cancer de cuello uterino",numero de condones entregados,2015-04-01,0,0,72,0,0,72
LORETO,"anticoncepcion, prevencion de its y de cancer de cuello uterino",numero de condones entregados,2015-04-01,0,0,0,10,0,10
LURIBAY,"anticoncepcion, prevencion de its y de cancer de cuello uterino",numero de condones entregados,2015-04-01,0,0,60,48,0,108
MACHACAMARCA,"anticoncepcion, prevencion de its y de cancer de cuello uterino",numero de condones entregados,2015-04-01,0,0,12,0,0,12
MACHARETI,"anticoncepcion, prevencion de its y de cancer de cuello uterino",numero de condones entregados,2015-04-01,24,0,108,12,0,144
MAGDALENA,"anticoncepcion, prevencion de its y de cancer de cuello uterino",numero de condones entregados,2015-04-01,0,0,48,48,0,96
MAIRANA,"anticoncepcion, prevencion de its y de cancer de cuello uterino",numero de condones entregados,2015-04-01,0,12,0,12,0,24
MALLA,"anticoncepcion, prevencion de its y de cancer de cuello uterino",numero de condones entregados,2015-04-01,0,0,12,0,0,12
MECAPACA,"anticoncepcion, prevencion de its y de cancer de cuello uterino",numero de condones entregados,2015-04-01,0,24,193,48,0,265
MINEROS,"anticoncepcion, prevencion de its y de cancer de cuello uterino",numero de condones entregados,2015-04-01,0,12,72,60,0,144
MIZQUE,"anticoncepcion, prevencion de its y de cancer de cuello uterino",numero de condones entregados,2015-04-01,0,60,204,0,0,264
MOCOMOCO,"anticoncepcion, prevencion de its y de cancer de cuello uterino",numero de condones entregados,2015-04-01,0,0,84,36,0,120
MOJOCOYA,"anticoncepcion, prevencion de its y de cancer de cuello uterino",numero de condones entregados,2015-04-01,0,0,84,12,0,96
MONTEAGUDO,"anticoncepcion, prevencion de its y de cancer de cuello uterino",numero de condones entregados,2015-04-01,0,72,252,72,24,420
MONTERO,"anticoncepcion, prevencion de its y de cancer de cuello uterino",numero de condones entregados,2015-04-01,12,74,326,72,12,496
MORO MORO,"anticoncepcion, prevencion de its y de cancer de cuello uterino",numero de condones entregados,2015-04-01,12,12,48,0,0,72
MOROCHATA,"anticoncepcion, prevencion de its y de cancer de cuello uterino",numero de condones entregados,2015-04-01,0,0,48,36,0,84
NACEBE (SANTA ROSA DEL ABUNA),"anticoncepcion, prevencion de its y de cancer de cuello uterino",numero de condones entregados,2015-04-01,0,36,96,12,0,144
NUEVO MANOA (NUEVA ESPERANZA),"anticoncepcion, prevencion de its y de cancer de cuello uterino",numero de condones entregados,2015-04-01,0,0,36,0,0,36
OCURI,"anticoncepcion, prevencion de its y de cancer de cuello uterino",numero de condones entregados,2015-04-01,0,36,204,24,0,264
OKINAWA,"anticoncepcion, prevencion de its y de cancer de cuello uterino",numero de condones entregados,2015-04-01,0,0,60,12,0,72
OMEREQUE,"anticoncepcion, prevencion de its y de cancer de cuello uterino",numero de condones entregados,2015-04-01,0,0,72,24,0,96
ORURO,"anticoncepcion, prevencion de its y de cancer de cuello uterino",numero de condones entregados,2015-04-01,0,126,1093,332,0,1551
PADCAYA,"anticoncepcion, prevencion de its y de cancer de cuello uterino",numero de condones entregados,2015-04-01,0,24,299,74,0,397
PADILLA,"anticoncepcion, prevencion de its y de cancer de cuello uterino",numero de condones entregados,2015-04-01,0,36,60,36,0,132
PAILON,"anticoncepcion, prevencion de its y de cancer de cuello uterino",numero de condones entregados,2015-04-01,12,48,252,12,0,324
PALCA,"anticoncepcion, prevencion de its y de cancer de cuello uterino",numero de condones entregados,2015-04-01,0,12,64,6,12,94
PALOS BLANCOS,"anticoncepcion, prevencion de its y de cancer de cuello uterino",numero de condones entregados,2015-04-01,0,24,132,60,0,216
PAMPA AULLAGAS,"anticoncepcion, prevencion de its y de cancer de cuello uterino",numero de condones entregados,2015-04-01,0,0,12,0,0,12
PAMPA GRANDE,"anticoncepcion, prevencion de its y de cancer de cuello uterino",numero de condones entregados,2015-04-01,0,0,0,12,0,12
PAPEL PAMPA,"anticoncepcion, prevencion de its y de cancer de cuello uterino",numero de condones entregados,2015-04-01,0,12,48,24,0,84
PASORAPA,"anticoncepcion, prevencion de its y de cancer de cuello uterino",numero de condones entregados,2015-04-01,0,0,0,24,0,24
PATACAMAYA,"anticoncepcion, prevencion de its y de cancer de cuello uterino",numero de condones entregados,2015-04-01,0,24,0,0,0,24
PAZÑA,"anticoncepcion, prevencion de its y de cancer de cuello uterino",numero de condones entregados,2015-04-01,0,12,108,12,0,132
PELECHUCO,"anticoncepcion, prevencion de its y de cancer de cuello uterino",numero de condones entregados,2015-04-01,0,36,108,36,0,180
POCOATA,"anticoncepcion, prevencion de its y de cancer de cuello uterino",numero de condones entregados,2015-04-01,0,60,120,84,0,264
POCONA,"anticoncepcion, prevencion de its y de cancer de cuello uterino",numero de condones entregados,2015-04-01,0,24,108,13,0,145
POJO (CBBA),"anticoncepcion, prevencion de its y de cancer de cuello uterino",numero de condones entregados,2015-04-01,0,24,84,36,0,144
POOPO,"anticoncepcion, prevencion de its y de cancer de cuello uterino",numero de condones entregados,2015-04-01,0,0,48,0,0,48
PORCO,"anticoncepcion, prevencion de its y de cancer de cuello uterino",numero de condones entregados,2015-04-01,0,12,24,0,0,36
POROMA,"anticoncepcion, prevencion de its y de cancer de cuello uterino",numero de condones entregados,2015-04-01,0,0,12,36,0,48
PORONGO,"anticoncepcion, prevencion de its y de cancer de cuello uterino",numero de condones entregados,2015-04-01,0,0,72,12,0,84
PORTACHUELO,"anticoncepcion, prevencion de its y de cancer de cuello uterino",numero de condones entregados,2015-04-01,0,12,132,0,0,144
PORVENIR,"anticoncepcion, prevencion de its y de cancer de cuello uterino",numero de condones entregados,2015-04-01,0,12,0,12,0,24
POSTRER VALLE,"anticoncepcion, prevencion de its y de cancer de cuello uterino",numero de condones entregados,2015-04-01,0,0,36,0,0,36
POTOSI,"anticoncepcion, prevencion de its y de cancer de cuello uterino",numero de condones entregados,2015-04-01,0,297,891,149,12,1349
PRESTO,"anticoncepcion, prevencion de its y de cancer de cuello uterino",numero de condones entregados,2015-04-01,0,24,108,36,0,168
PUCARA,"anticoncepcion, prevencion de its y de cancer de cuello uterino",numero de condones entregados,2015-04-01,0,0,12,12,0,24
PUCARANI,"anticoncepcion, prevencion de its y de cancer de cuello uterino",numero de condones entregados,2015-04-01,0,12,144,36,0,192
PUERTO ACOSTA,"anticoncepcion, prevencion de its y de cancer de cuello uterino",numero de condones entregados,2015-04-01,0,0,12,0,0,12
PUERTO CARABUCO,"anticoncepcion, prevencion de its y de cancer de cuello uterino",numero de condones entregados,2015-04-01,0,0,96,24,0,120
PUERTO GONZALO MORENO,"anticoncepcion, prevencion de its y de cancer de cuello uterino",numero de condones entregados,2015-04-01,12,121,396,48,12,589
PUERTO PEREZ,"anticoncepcion, prevencion de its y de cancer de cuello uterino",numero de condones entregados,2015-04-01,0,0,12,24,12,48
PUERTO QUIJARRO,"anticoncepcion, prevencion de its y de cancer de cuello uterino",numero de condones entregados,2015-04-01,0,48,156,99,0,303
PUERTO SUAREZ,"anticoncepcion, prevencion de its y de cancer de cuello uterino",numero de condones entregados,2015-04-01,0,0,11,45,0,56
PUERTO VILLARROEL,"anticoncepcion, prevencion de its y de cancer de cuello uterino",numero de condones entregados,2015-04-01,0,72,480,96,0,648
PUNA,"anticoncepcion, prevencion de its y de cancer de cuello uterino",numero de condones entregados,2015-04-01,0,24,36,48,0,108
PUNATA,"anticoncepcion, prevencion de its y de cancer de cuello uterino",numero de condones entregados,2015-04-01,0,60,240,84,0,384
QUIABAYA,"anticoncepcion, prevencion de its y de cancer de cuello uterino",numero de condones entregados,2015-04-01,0,0,37,1,0,38
QUILLACOLLO,"anticoncepcion, prevencion de its y de cancer de cuello uterino",numero de condones entregados,2015-04-01,0,180,303,0,0,483
QUIME,"anticoncepcion, prevencion de its y de cancer de cuello uterino",numero de condones entregados,2015-04-01,0,0,96,12,0,108
QUIRUSILLAS,"anticoncepcion, prevencion de its y de cancer de cuello uterino",numero de condones entregados,2015-04-01,0,0,0,12,0,12
RAVELO,"anticoncepcion, prevencion de its y de cancer de cuello uterino",numero de condones entregados,2015-04-01,0,0,12,1,0,13
REYES,"anticoncepcion, prevencion de its y de cancer de cuello uterino",numero de condones entregados,2015-04-01,0,48,144,12,0,204
RIBERALTA,"anticoncepcion, prevencion de its y de cancer de cuello uterino",numero de condones entregados,2015-04-01,0,91,407,95,0,593
ROBORE,"anticoncepcion, prevencion de its y de cancer de cuello uterino",numero de condones entregados,2015-04-01,0,0,12,12,0,24
RURRENABAQUE,"anticoncepcion, prevencion de its y de cancer de cuello uterino",numero de condones entregados,2015-04-01,0,0,36,24,0,60
SABAYA,"anticoncepcion, prevencion de its y de cancer de cuello uterino",numero de condones entregados,2015-04-01,0,12,0,0,12,24
SACABA,"anticoncepcion, prevencion de its y de cancer de cuello uterino",numero de condones entregados,2015-04-01,0,132,972,420,0,1524
SACACA,"anticoncepcion, prevencion de its y de cancer de cuello uterino",numero de condones entregados,2015-04-01,0,0,60,24,0,84
SAIPINA,"anticoncepcion, prevencion de its y de cancer de cuello uterino",numero de condones entregados,2015-04-01,0,0,12,36,0,48
SALINAS DE GARCI MENDOZA,"anticoncepcion, prevencion de its y de cancer de cuello uterino",numero de condones entregados,2015-04-01,0,48,300,48,0,396
SAMAIPATA,"anticoncepcion, prevencion de its y de cancer de cuello uterino",numero de condones entregados,2015-04-01,0,24,24,12,0,60
SAN AGUSTIN,"anticoncepcion, prevencion de its y de cancer de cuello uterino",numero de condones entregados,2015-04-01,0,38,84,12,0,134
SAN ANDRES,"anticoncepcion, prevencion de its y de cancer de cuello uterino",numero de condones entregados,2015-04-01,20,80,0,10,0,110
SAN ANTONIO DE ESMORUCO,"anticoncepcion, prevencion de its y de cancer de cuello uterino",numero de condones entregados,2015-04-01,0,0,51,24,0,75
SAN ANTONIO DE LOMERIO,"anticoncepcion, prevencion de its y de cancer de cuello uterino",numero de condones entregados,2015-04-01,0,0,24,12,0,36
SAN BENITO,"anticoncepcion, prevencion de its y de cancer de cuello uterino",numero de condones entregados,2015-04-01,0,0,0,12,0,12
SAN BORJA,"anticoncepcion, prevencion de its y de cancer de cuello uterino",numero de condones entregados,2015-04-01,12,60,288,108,0,468
SAN BUENA VENTURA,"anticoncepcion, prevencion de its y de cancer de cuello uterino",numero de condones entregados,2015-04-01,0,0,24,12,0,36
SAN CARLOS,"anticoncepcion, prevencion de its y de cancer de cuello uterino",numero de condones entregados,2015-04-01,0,36,72,24,0,132
SAN IGNACIO,"anticoncepcion, prevencion de its y de cancer de cuello uterino",numero de condones entregados,2015-04-01,0,72,204,74,0,350
SAN IGNACIO DE VELASCO,"anticoncepcion, prevencion de its y de cancer de cuello uterino",numero de condones entregados,2015-04-01,0,60,168,24,0,252
SAN JAVIER(BNI),"anticoncepcion, prevencion de its y de cancer de cuello uterino",numero de condones entregados,2015-04-01,0,12,12,12,0,36
SAN JAVIER(STC),"anticoncepcion, prevencion de its y de cancer de cuello uterino",numero de condones entregados,2015-04-01,0,0,36,0,0,36
SAN JOSE DE CHIQUITOS,"anticoncepcion, prevencion de its y de cancer de cuello uterino",numero de condones entregados,2015-04-01,0,24,48,0,0,72
SAN JUAN DE YAPACANI,"anticoncepcion, prevencion de its y de cancer de cuello uterino",numero de condones entregados,2015-04-01,0,12,60,24,0,96
SAN JULIAN,"anticoncepcion, prevencion de its y de cancer de cuello uterino",numero de condones entregados,2015-04-01,0,12,118,24,0,154
SAN LORENZO(PND),"anticoncepcion, prevencion de its y de cancer de cuello uterino",numero de condones entregados,2015-04-01,0,0,24,0,0,24
SAN LORENZO(TJA),"anticoncepcion, prevencion de its y de cancer de cuello uterino",numero de condones entregados,2015-04-01,0,0,64,56,0,120
SAN LUCAS,"anticoncepcion, prevencion de its y de cancer de cuello uterino",numero de condones entregados,2015-04-01,48,132,108,84,0,372
SAN MATIAS,"anticoncepcion, prevencion de its y de cancer de cuello uterino",numero de condones entregados,2015-04-01,0,36,24,24,0,84
SAN MIGUEL DE VELASCO,"anticoncepcion, prevencion de its y de cancer de cuello uterino",numero de condones entregados,2015-04-01,0,24,84,12,12,132
SAN PABLO DE LIPEZ,"anticoncepcion, prevencion de its y de cancer de cuello uterino",numero de condones entregados,2015-04-01,0,0,24,0,0,24
SAN PEDRO,"anticoncepcion, prevencion de its y de cancer de cuello uterino",numero de condones entregados,2015-04-01,0,12,168,49,12,241
SAN PEDRO DE BUENA VISTA,"anticoncepcion, prevencion de its y de cancer de cuello uterino",numero de condones entregados,2015-04-01,0,12,24,0,0,36
SAN PEDRO DE CURAHUARA,"anticoncepcion, prevencion de its y de cancer de cuello uterino",numero de condones entregados,2015-04-01,0,0,12,0,0,12
SAN PEDRO DE QUEMES,"anticoncepcion, prevencion de its y de cancer de cuello uterino",numero de condones entregados,2015-04-01,0,0,24,0,0,24
SAN PEDRO DE TIQUINA,"anticoncepcion, prevencion de its y de cancer de cuello uterino",numero de condones entregados,2015-04-01,0,0,48,0,0,48
SAN PEDRO(PND),"anticoncepcion, prevencion de its y de cancer de cuello uterino",numero de condones entregados,2015-04-01,0,24,24,12,0,60
SAN RAFAEL,"anticoncepcion, prevencion de its y de cancer de cuello uterino",numero de condones entregados,2015-04-01,0,0,72,0,0,72
SANTA ANA,"anticoncepcion, prevencion de its y de cancer de cuello uterino",numero de condones entregados,2015-04-01,15,3,52,12,0,82
SANTA CRUZ DE LA SIERRA,"anticoncepcion, prevencion de its y de cancer de cuello uterino",numero de condones entregados,2015-04-01,24,410,1996,260,22,2712
SANTA ROSA,"anticoncepcion, prevencion de its y de cancer de cuello uterino",numero de condones entregados,2015-04-01,0,72,216,0,12,300
SANTA ROSA DEL SARA,"anticoncepcion, prevencion de its y de cancer de cuello uterino",numero de condones entregados,2015-04-01,0,24,216,36,0,276
SANTIAGO DE HUARI,"anticoncepcion, prevencion de its y de cancer de cuello uterino",numero de condones entregados,2015-04-01,0,24,96,36,0,156
SANTIAGO DE MACHACA,"anticoncepcion, prevencion de its y de cancer de cuello uterino",numero de condones entregados,2015-04-01,0,12,0,0,0,12
SANTIVAÑES,"anticoncepcion, prevencion de its y de cancer de cuello uterino",numero de condones entregados,2015-04-01,0,0,60,24,0,84
SANTUARIO DE QUILLACAS,"anticoncepcion, prevencion de its y de cancer de cuello uterino",numero de condones entregados,2015-04-01,0,12,180,48,12,252
SAPAHAQUI,"anticoncepcion, prevencion de its y de cancer de cuello uterino",numero de condones entregados,2015-04-01,0,0,48,12,0,60
SENA,"anticoncepcion, prevencion de its y de cancer de cuello uterino",numero de condones entregados,2015-04-01,0,0,24,0,0,24
SHINAOTA,"anticoncepcion, prevencion de its y de cancer de cuello uterino",numero de condones entregados,2015-04-01,0,0,24,12,0,36
SICA SICA (VILLA AROMA),"anticoncepcion, prevencion de its y de cancer de cuello uterino",numero de condones entregados,2015-04-01,0,24,168,24,0,216
SICAYA,"anticoncepcion, prevencion de its y de cancer de cuello uterino",numero de condones entregados,2015-04-01,0,0,12,0,0,12
SIPE SIPE,"anticoncepcion, prevencion de its y de cancer de cuello uterino",numero de condones entregados,2015-04-01,0,84,144,24,0,252
SOPACHUY,"anticoncepcion, prevencion de its y de cancer de cuello uterino",numero de condones entregados,2015-04-01,0,24,0,36,0,60
SORACACHI,"anticoncepcion, prevencion de its y de cancer de cuello uterino",numero de condones entregados,2015-04-01,0,12,36,12,0,60
SORATA,"anticoncepcion, prevencion de its y de cancer de cuello uterino",numero de condones entregados,2015-04-01,0,0,12,0,0,12
SUCRE,"anticoncepcion, prevencion de its y de cancer de cuello uterino",numero de condones entregados,2015-04-01,24,1087,4000,1202,12,6325
TACACOMA,"anticoncepcion, prevencion de its y de cancer de cuello uterino",numero de condones entregados,2015-04-01,0,13,87,0,0,100
TACOBAMBA,"anticoncepcion, prevencion de its y de cancer de cuello uterino",numero de condones entregados,2015-04-01,0,12,24,36,0,72
TACOPAYA,"anticoncepcion, prevencion de its y de cancer de cuello uterino",numero de condones entregados,2015-04-01,0,36,24,0,0,60
TAHUA,"anticoncepcion, prevencion de its y de cancer de cuello uterino",numero de condones entregados,2015-04-01,0,12,0,0,0,12
TAPACARI,"anticoncepcion, prevencion de its y de cancer de cuello uterino",numero de condones entregados,2015-04-01,0,0,24,0,0,24
TARABUCO,"anticoncepcion, prevencion de its y de cancer de cuello uterino",numero de condones entregados,2015-04-01,0,24,156,84,0,264
TARACO,"anticoncepcion, prevencion de its y de cancer de cuello uterino",numero de condones entregados,2015-04-01,0,24,48,12,0,84
TARATA,"anticoncepcion, prevencion de its y de cancer de cuello uterino",numero de condones entregados,2015-04-01,12,12,24,0,0,48
TARIJA,"anticoncepcion, prevencion de its y de cancer de cuello uterino",numero de condones entregados,2015-04-01,0,154,1095,286,12,1547
TARVITA,"anticoncepcion, prevencion de its y de cancer de cuello uterino",numero de condones entregados,2015-04-01,0,84,72,48,0,204
TEOPONTE,"anticoncepcion, prevencion de its y de cancer de cuello uterino",numero de condones entregados,2015-04-01,0,0,48,24,0,72
TIAWANACU,"anticoncepcion, prevencion de its y de cancer de cuello uterino",numero de condones entregados,2015-04-01,0,12,72,12,0,96
TINGUIPAYA,"anticoncepcion, prevencion de its y de cancer de cuello uterino",numero de condones entregados,2015-04-01,0,12,60,12,0,84
TIPUANI,"anticoncepcion, prevencion de its y de cancer de cuello uterino",numero de condones entregados,2015-04-01,0,12,36,0,0,48
TIQUIPAYA,"anticoncepcion, prevencion de its y de cancer de cuello uterino",numero de condones entregados,2015-04-01,0,12,264,12,0,288
TIRAQUE (CBBA),"anticoncepcion, prevencion de its y de cancer de cuello uterino",numero de condones entregados,2015-04-01,0,12,36,24,0,72
TITO YUPANQUI (PARQUIPUJIO),"anticoncepcion, prevencion de its y de cancer de cuello uterino",numero de condones entregados,2015-04-01,0,0,24,0,0,24
TOCO,"anticoncepcion, prevencion de its y de cancer de cuello uterino",numero de condones entregados,2015-04-01,0,0,48,0,0,48
TOLEDO,"anticoncepcion, prevencion de its y de cancer de cuello uterino",numero de condones entregados,2015-04-01,0,0,24,0,0,24
TOMAVE,"anticoncepcion, prevencion de its y de cancer de cuello uterino",numero de condones entregados,2015-04-01,0,24,217,60,0,301
TOMINA,"anticoncepcion, prevencion de its y de cancer de cuello uterino",numero de condones entregados,2015-04-01,12,48,60,60,12,192
TORO TORO,"anticoncepcion, prevencion de its y de cancer de cuello uterino",numero de condones entregados,2015-04-01,0,24,12,0,0,36
TOTORA(CBBA),"anticoncepcion, prevencion de its y de cancer de cuello uterino",numero de condones entregados,2015-04-01,0,0,84,48,0,132
TOTORA(ORR),"anticoncepcion, prevencion de its y de cancer de cuello uterino",numero de condones entregados,2015-04-01,0,0,60,12,0,72
TRIGAL,"anticoncepcion, prevencion de its y de cancer de cuello uterino",numero de condones entregados,2015-04-01,0,24,0,0,0,24
TRINIDAD,"anticoncepcion, prevencion de its y de cancer de cuello uterino",numero de condones entregados,2015-04-01,2880,12,56,0,0,2948
TUPIZA,"anticoncepcion, prevencion de its y de cancer de cuello uterino",numero de condones entregados,2015-04-01,0,42,351,36,0,429
TURCO,"anticoncepcion, prevencion de its y de cancer de cuello uterino",numero de condones entregados,2015-04-01,0,0,0,24,0,24
UMALA,"anticoncepcion, prevencion de its y de cancer de cuello uterino",numero de condones entregados,2015-04-01,0,1,13,0,0,14
UNCIA,"anticoncepcion, prevencion de its y de cancer de cuello uterino",numero de condones entregados,2015-04-01,0,0,96,12,0,108
URIONDO (A. CONCEPCION),"anticoncepcion, prevencion de its y de cancer de cuello uterino",numero de condones entregados,2015-04-01,0,12,81,24,20,137
URUBICHA,"anticoncepcion, prevencion de its y de cancer de cuello uterino",numero de condones entregados,2015-04-01,0,0,12,12,0,24
UYUNI,"anticoncepcion, prevencion de its y de cancer de cuello uterino",numero de condones entregados,2015-04-01,0,0,72,12,0,84
VACAS,"anticoncepcion, prevencion de its y de cancer de cuello uterino",numero de condones entregados,2015-04-01,0,12,48,24,0,84
VALLEGRANDE,"anticoncepcion, prevencion de its y de cancer de cuello uterino",numero de condones entregados,2015-04-01,0,12,156,36,0,204
VIACHA,"anticoncepcion, prevencion de its y de cancer de cuello uterino",numero de condones entregados,2015-04-01,0,36,151,36,0,223
VILA VILA,"anticoncepcion, prevencion de its y de cancer de cuello uterino",numero de condones entregados,2015-04-01,0,0,12,0,0,12
VILLA CHARCAS,"anticoncepcion, prevencion de its y de cancer de cuello uterino",numero de condones entregados,2015-04-01,0,24,60,36,0,120
VILLA MONTES,"anticoncepcion, prevencion de its y de cancer de cuello uterino",numero de condones entregados,2015-04-01,0,34,114,12,0,160
VILLA NUEVA (LOMA ALTA),"anticoncepcion, prevencion de its y de cancer de cuello uterino",numero de condones entregados,2015-04-01,0,0,12,0,0,12
VILLA RIVERO,"anticoncepcion, prevencion de its y de cancer de cuello uterino",numero de condones entregados,2015-04-01,0,12,48,0,0,60
VILLA SERRANO,"anticoncepcion, prevencion de its y de cancer de cuello uterino",numero de condones entregados,2015-04-01,0,0,0,12,0,12
VILLA TUNARI,"anticoncepcion, prevencion de its y de cancer de cuello uterino",numero de condones entregados,2015-04-01,12,60,537,60,0,669
VILLA VACA GUZMAN (MUYUPAMPA),"anticoncepcion, prevencion de its y de cancer de cuello uterino",numero de condones entregados,2015-04-01,0,0,96,12,0,108
VILLAZON,"anticoncepcion, prevencion de its y de cancer de cuello uterino",numero de condones entregados,2015-04-01,0,24,372,48,12,456
VINTO,"anticoncepcion, prevencion de its y de cancer de cuello uterino",numero de condones entregados,2015-04-01,0,12,204,0,0,216
VITICHI,"anticoncepcion, prevencion de its y de cancer de cuello uterino",numero de condones entregados,2015-04-01,0,72,60,33,0,165
WALDO BALLIVIAN,"anticoncepcion, prevencion de its y de cancer de cuello uterino",numero de condones entregados,2015-04-01,0,0,0,0,12,12
WARNES,"anticoncepcion, prevencion de its y de cancer de cuello uterino",numero de condones entregados,2015-04-01,0,24,120,60,0,204
YACUIBA,"anticoncepcion, prevencion de its y de cancer de cuello uterino",numero de condones entregados,2015-04-01,0,144,525,236,20,925
YAMPARAEZ,"anticoncepcion, prevencion de its y de cancer de cuello uterino",numero de condones entregados,2015-04-01,0,0,0,12,0,12
YANACACHI,"anticoncepcion, prevencion de its y de cancer de cuello uterino",numero de condones entregados,2015-04-01,0,0,24,12,0,36
YAPACANI,"anticoncepcion, prevencion de its y de cancer de cuello uterino",numero de condones entregados,2015-04-01,0,84,252,48,0,384
YOCALLA,"anticoncepcion, prevencion de its y de cancer de cuello uterino",numero de condones entregados,2015-04-01,0,0,12,12,0,24
YOTALA,"anticoncepcion, prevencion de its y de cancer de cuello uterino",numero de condones entregados,2015-04-01,0,0,0,12,0,12
YUNCHARA,"anticoncepcion, prevencion de its y de cancer de cuello uterino",numero de condones entregados,2015-04-01,0,36,240,20,20,316
ZUDAÑEZ,"anticoncepcion, prevencion de its y de cancer de cuello uterino",numero de condones entregados,2015-04-01,0,12,24,24,0,60
ACHACACHI,"anticoncepcion, prevencion de its y de cancer de cuello uterino",numero de condones entregados,2015-05-01,0,12,72,36,0,120
ACHOCALLA,"anticoncepcion, prevencion de its y de cancer de cuello uterino",numero de condones entregados,2015-05-01,0,24,96,0,0,120
AIQUILE,"anticoncepcion, prevencion de its y de cancer de cuello uterino",numero de condones entregados,2015-05-01,0,36,48,12,0,96
ALCALA,"anticoncepcion, prevencion de its y de cancer de cuello uterino",numero de condones entregados,2015-05-01,0,12,60,36,0,108
ALTO BENI,"anticoncepcion, prevencion de its y de cancer de cuello uterino",numero de condones entregados,2015-05-01,0,36,36,0,0,72
ANCORAIMES,"anticoncepcion, prevencion de its y de cancer de cuello uterino",numero de condones entregados,2015-05-01,0,0,48,0,0,48
ANDAMARCA,"anticoncepcion, prevencion de its y de cancer de cuello uterino",numero de condones entregados,2015-05-01,0,12,96,12,0,120
ANTEQUERA,"anticoncepcion, prevencion de its y de cancer de cuello uterino",numero de condones entregados,2015-05-01,0,0,72,24,0,96
APOLO,"anticoncepcion, prevencion de its y de cancer de cuello uterino",numero de condones entregados,2015-05-01,0,12,48,12,0,72
ARANI,"anticoncepcion, prevencion de its y de cancer de cuello uterino",numero de condones entregados,2015-05-01,0,0,1,0,0,1
ARBIETO,"anticoncepcion, prevencion de its y de cancer de cuello uterino",numero de condones entregados,2015-05-01,0,12,48,48,0,108
ARQUE,"anticoncepcion, prevencion de its y de cancer de cuello uterino",numero de condones entregados,2015-05-01,0,0,48,12,0,60
ASCENCION DE GUARAYOS,"anticoncepcion, prevencion de its y de cancer de cuello uterino",numero de condones entregados,2015-05-01,0,12,84,24,0,120
ATOCHA,"anticoncepcion, prevencion de its y de cancer de cuello uterino",numero de condones entregados,2015-05-01,12,0,85,12,0,109
AYATA,"anticoncepcion, prevencion de its y de cancer de cuello uterino",numero de condones entregados,2015-05-01,0,0,12,0,0,12
AYO AYO,"anticoncepcion, prevencion de its y de cancer de cuello uterino",numero de condones entregados,2015-05-01,0,0,48,0,0,48
AYOPAYA (V. DE INDEPENDENCIA),"anticoncepcion, prevencion de its y de cancer de cuello uterino",numero de condones entregados,2015-05-01,0,24,252,12,0,288
AZURDUY,"anticoncepcion, prevencion de its y de cancer de cuello uterino",numero de condones entregados,2015-05-01,0,12,36,24,0,72
BATALLAS,"anticoncepcion, prevencion de its y de cancer de cuello uterino",numero de condones entregados,2015-05-01,0,0,12,0,0,12
BAURES,"anticoncepcion, prevencion de its y de cancer de cuello uterino",numero de condones entregados,2015-05-01,0,0,22,0,0,22
BELEN DE ANDAMARCA,"anticoncepcion, prevencion de its y de cancer de cuello uterino",numero de condones entregados,2015-05-01,0,0,36,0,0,36
BELEN DE URMIRI,"anticoncepcion, prevencion de its y de cancer de cuello uterino",numero de condones entregados,2015-05-01,36,0,24,24,0,84
BELLA FLOR,"anticoncepcion, prevencion de its y de cancer de cuello uterino",numero de condones entregados,2015-05-01,0,0,60,12,0,72
BERMEJO,"anticoncepcion, prevencion de its y de cancer de cuello uterino",numero de condones entregados,2015-05-01,0,12,474,240,36,762
BETANZOS,"anticoncepcion, prevencion de its y de cancer de cuello uterino",numero de condones entregados,2015-05-01,0,12,80,84,0,176
BOLIVAR,"anticoncepcion, prevencion de its y de cancer de cuello uterino",numero de condones entregados,2015-05-01,0,0,12,0,0,12
BOLPEBRA,"anticoncepcion, prevencion de its y de cancer de cuello uterino",numero de condones entregados,2015-05-01,0,0,96,24,0,120
BUENA VISTA,"anticoncepcion, prevencion de its y de cancer de cuello uterino",numero de condones entregados,2015-05-01,12,147,100,25,0,284
CABEZAS,"anticoncepcion, prevencion de its y de cancer de cuello uterino",numero de condones entregados,2015-05-01,0,72,84,12,0,168
CAIROMA,"anticoncepcion, prevencion de its y de cancer de cuello uterino",numero de condones entregados,2015-05-01,0,24,24,12,0,60
"CAIZA ""D""","anticoncepcion, prevencion de its y de cancer de cuello uterino",numero de condones entregados,2015-05-01,0,12,84,12,0,108
CAJUATA,"anticoncepcion, prevencion de its y de cancer de cuello uterino",numero de condones entregados,2015-05-01,0,0,132,72,0,204
CALACOTO,"anticoncepcion, prevencion de its y de cancer de cuello uterino",numero de condones entregados,2015-05-01,0,0,36,12,0,48
CALAMARCA,"anticoncepcion, prevencion de its y de cancer de cuello uterino",numero de condones entregados,2015-05-01,0,0,60,12,0,72
CAMARGO,"anticoncepcion, prevencion de its y de cancer de cuello uterino",numero de condones entregados,2015-05-01,0,0,24,12,0,36
CAMATAQUI (C. VILLA ABECIA),"anticoncepcion, prevencion de its y de cancer de cuello uterino",numero de condones entregados,2015-05-01,0,12,48,48,0,108
CAMIRI,"anticoncepcion, prevencion de its y de cancer de cuello uterino",numero de condones entregados,2015-05-01,0,0,84,48,0,132
CAPINOTA,"anticoncepcion, prevencion de its y de cancer de cuello uterino",numero de condones entregados,2015-05-01,0,0,24,24,0,48
CAQUIAVIRI,"anticoncepcion, prevencion de its y de cancer de cuello uterino",numero de condones entregados,2015-05-01,0,12,12,12,0,36
CARACOLLO,"anticoncepcion, prevencion de its y de cancer de cuello uterino",numero de condones entregados,2015-05-01,12,0,108,12,0,132
CARANAVI,"anticoncepcion, prevencion de its y de cancer de cuello uterino",numero de condones entregados,2015-05-01,0,36,252,72,0,360
CARAPARI,"anticoncepcion, prevencion de its y de cancer de cuello uterino",numero de condones entregados,2015-05-01,12,12,106,54,20,204
CARIPUYO,"anticoncepcion, prevencion de its y de cancer de cuello uterino",numero de condones entregados,2015-05-01,0,0,38,0,0,38
CATACORA,"anticoncepcion, prevencion de its y de cancer de cuello uterino",numero de condones entregados,2015-05-01,0,0,12,0,0,12
CHACARILLA,"anticoncepcion, prevencion de its y de cancer de cuello uterino",numero de condones entregados,2015-05-01,0,0,0,12,0,12
CHALLAPATA,"anticoncepcion, prevencion de its y de cancer de cuello uterino",numero de condones entregados,2015-05-01,0,84,168,84,0,336
CHAQUI,"anticoncepcion, prevencion de its y de cancer de cuello uterino",numero de condones entregados,2015-05-01,0,0,72,60,0,132
CHARAGUA,"anticoncepcion, prevencion de its y de cancer de cuello uterino",numero de condones entregados,2015-05-01,0,12,12,0,0,24
CHAYANTA,"anticoncepcion, prevencion de its y de cancer de cuello uterino",numero de condones entregados,2015-05-01,0,24,84,36,0,144
CHIMORE,"anticoncepcion, prevencion de its y de cancer de cuello uterino",numero de condones entregados,2015-05-01,0,48,744,276,12,1080
CHIPAYA,"anticoncepcion, prevencion de its y de cancer de cuello uterino",numero de condones entregados,2015-05-01,0,0,12,12,0,24
CHUA COCANI,"anticoncepcion, prevencion de its y de cancer de cuello uterino",numero de condones entregados,2015-05-01,0,0,12,0,0,12
CHULUMANI (V. DE LA LIBERTAD),"anticoncepcion, prevencion de its y de cancer de cuello uterino",numero de condones entregados,2015-05-01,0,0,48,36,0,84
CHUMA,"anticoncepcion, prevencion de its y de cancer de cuello uterino",numero de condones entregados,2015-05-01,0,0,48,12,0,60
CHUQUIHUTA AYLLU JUCUMANI,"anticoncepcion, prevencion de its y de cancer de cuello uterino",numero de condones entregados,2015-05-01,0,0,12,0,0,12
CKOCHAS,"anticoncepcion, prevencion de its y de cancer de cuello uterino",numero de condones entregados,2015-05-01,0,0,12,24,0,36
CLIZA,"anticoncepcion, prevencion de its y de cancer de cuello uterino",numero de condones entregados,2015-05-01,0,24,168,60,0,252
COBIJA,"anticoncepcion, prevencion de its y de cancer de cuello uterino",numero de condones entregados,2015-05-01,0,12,156,12,0,180
COCAPATA,"anticoncepcion, prevencion de its y de cancer de cuello uterino",numero de condones entregados,2015-05-01,0,0,189,24,0,213
COCHABAMBA,"anticoncepcion, prevencion de its y de cancer de cuello uterino",numero de condones entregados,2015-05-01,1,70,3614,107,0,3792
COLCAPIRHUA,"anticoncepcion, prevencion de its y de cancer de cuello uterino",numero de condones entregados,2015-05-01,0,24,51,15,0,90
"COLCHA ""K""","anticoncepcion, prevencion de its y de cancer de cuello uterino",numero de condones entregados,2015-05-01,0,0,192,60,12,264
COLLANA,"anticoncepcion, prevencion de its y de cancer de cuello uterino",numero de condones entregados,2015-05-01,0,12,24,12,0,48
COLOMI,"anticoncepcion, prevencion de its y de cancer de cuello uterino",numero de condones entregados,2015-05-01,0,36,84,12,0,132
COLPA BELGICA,"anticoncepcion, prevencion de its y de cancer de cuello uterino",numero de condones entregados,2015-05-01,0,12,24,0,0,36
COLQUECHACA,"anticoncepcion, prevencion de its y de cancer de cuello uterino",numero de condones entregados,2015-05-01,0,1,158,111,0,270
COLQUENCHA,"anticoncepcion, prevencion de its y de cancer de cuello uterino",numero de condones entregados,2015-05-01,0,12,72,48,0,132
COLQUIRI,"anticoncepcion, prevencion de its y de cancer de cuello uterino",numero de condones entregados,2015-05-01,0,12,24,12,0,48
COMANCHE,"anticoncepcion, prevencion de its y de cancer de cuello uterino",numero de condones entregados,2015-05-01,0,0,12,0,0,12
COMARAPA,"anticoncepcion, prevencion de its y de cancer de cuello uterino",numero de condones entregados,2015-05-01,0,12,156,12,0,180
COMBAYA,"anticoncepcion, prevencion de its y de cancer de cuello uterino",numero de condones entregados,2015-05-01,0,0,12,12,0,24
CONCEPCION,"anticoncepcion, prevencion de its y de cancer de cuello uterino",numero de condones entregados,2015-05-01,0,0,0,12,0,12
COPACABANA,"anticoncepcion, prevencion de its y de cancer de cuello uterino",numero de condones entregados,2015-05-01,0,0,0,12,0,12
CORIPATA,"anticoncepcion, prevencion de its y de cancer de cuello uterino",numero de condones entregados,2015-05-01,0,0,72,24,0,96
CORO CORO,"anticoncepcion, prevencion de its y de cancer de cuello uterino",numero de condones entregados,2015-05-01,0,0,36,0,0,36
COROICO,"anticoncepcion, prevencion de its y de cancer de cuello uterino",numero de condones entregados,2015-05-01,0,12,12,0,0,24
CORQUE,"anticoncepcion, prevencion de its y de cancer de cuello uterino",numero de condones entregados,2015-05-01,0,12,48,0,0,60
COTAGAITA,"anticoncepcion, prevencion de its y de cancer de cuello uterino",numero de condones entregados,2015-05-01,0,36,333,120,0,489
COTOCA,"anticoncepcion, prevencion de its y de cancer de cuello uterino",numero de condones entregados,2015-05-01,0,36,300,0,0,336
CUATRO CAÑADAS,"anticoncepcion, prevencion de its y de cancer de cuello uterino",numero de condones entregados,2015-05-01,0,48,96,36,0,180
CUCHUMUELA (V. G. VILLARROEL),"anticoncepcion, prevencion de its y de cancer de cuello uterino",numero de condones entregados,2015-05-01,0,0,132,0,0,132
CUEVO,"anticoncepcion, prevencion de its y de cancer de cuello uterino",numero de condones entregados,2015-05-01,0,0,12,0,0,12
CULPINA,"anticoncepcion, prevencion de its y de cancer de cuello uterino",numero de condones entregados,2015-05-01,0,36,96,72,0,204
CURAHUARA DE CARANGAS,"anticoncepcion, prevencion de its y de cancer de cuello uterino",numero de condones entregados,2015-05-01,0,0,36,24,0,60
CURVA,"anticoncepcion, prevencion de its y de cancer de cuello uterino",numero de condones entregados,2015-05-01,0,12,12,0,0,24
DESAGUADERO,"anticoncepcion, prevencion de its y de cancer de cuello uterino",numero de condones entregados,2015-05-01,0,0,12,0,0,12
EL ALTO,"anticoncepcion, prevencion de its y de cancer de cuello uterino",numero de condones entregados,2015-05-01,0,333,4238,5834,12,10417
EL CHORO,"anticoncepcion, prevencion de its y de cancer de cuello uterino",numero de condones entregados,2015-05-01,0,0,12,12,0,24
EL PUENTE(STC),"anticoncepcion, prevencion de its y de cancer de cuello uterino",numero de condones entregados,2015-05-01,0,36,60,24,0,120
EL PUENTE(TJA),"anticoncepcion, prevencion de its y de cancer de cuello uterino",numero de condones entregados,2015-05-01,0,20,352,224,12,608
EL TORNO,"anticoncepcion, prevencion de its y de cancer de cuello uterino",numero de condones entregados,2015-05-01,0,108,276,60,0,444
EL VILLAR,"anticoncepcion, prevencion de its y de cancer de cuello uterino",numero de condones entregados,2015-05-01,0,12,60,12,0,84
ENTRE RIOS TRJ,"anticoncepcion, prevencion de its y de cancer de cuello uterino",numero de condones entregados,2015-05-01,12,12,212,78,0,314
ENTRE RIOS CBBA,"anticoncepcion, prevencion de its y de cancer de cuello uterino",numero de condones entregados,2015-05-01,0,84,564,96,0,744
ESCOMA,"anticoncepcion, prevencion de its y de cancer de cuello uterino",numero de condones entregados,2015-05-01,0,0,24,12,0,36
EUREKA (SANTOS MERCADO),"anticoncepcion, prevencion de its y de cancer de cuello uterino",numero de condones entregados,2015-05-01,60,48,24,12,0,144
EXALTACION,"anticoncepcion, prevencion de its y de cancer de cuello uterino",numero de condones entregados,2015-05-01,0,70,0,0,0,70
FERNANDEZ ALONSO,"anticoncepcion, prevencion de its y de cancer de cuello uterino",numero de condones entregados,2015-05-01,0,0,24,0,0,24
FILADELFIA,"anticoncepcion, prevencion de its y de cancer de cuello uterino",numero de condones entregados,2015-05-01,12,0,12,0,0,24
GENERAL SAAVEDRA,"anticoncepcion, prevencion de its y de cancer de cuello uterino",numero de condones entregados,2015-05-01,0,0,24,12,0,36
GRAL. J.J. PEREZ (CHARAZANI),"anticoncepcion, prevencion de its y de cancer de cuello uterino",numero de condones entregados,2015-05-01,0,0,24,12,0,36
GUAQUI,"anticoncepcion, prevencion de its y de cancer de cuello uterino",numero de condones entregados,2015-05-01,0,12,48,12,0,72
GUAYARAMERIN,"anticoncepcion, prevencion de its y de cancer de cuello uterino",numero de condones entregados,2015-05-01,0,24,373,157,0,554
HUACARETA,"anticoncepcion, prevencion de its y de cancer de cuello uterino",numero de condones entregados,2015-05-01,0,37,96,12,0,145
HUACAYA (VILLA DE HUACAYA),"anticoncepcion, prevencion de its y de cancer de cuello uterino",numero de condones entregados,2015-05-01,0,0,12,12,0,24
HUACHACALLA,"anticoncepcion, prevencion de its y de cancer de cuello uterino",numero de condones entregados,2015-05-01,0,12,84,72,0,168
HUANUNI,"anticoncepcion, prevencion de its y de cancer de cuello uterino",numero de condones entregados,2015-05-01,0,0,12,0,0,12
HUARACAJE,"anticoncepcion, prevencion de its y de cancer de cuello uterino",numero de condones entregados,2015-05-01,0,0,0,12,0,12
HUARINA,"anticoncepcion, prevencion de its y de cancer de cuello uterino",numero de condones entregados,2015-05-01,0,0,12,0,0,12
HUAYLLAMARCA,"anticoncepcion, prevencion de its y de cancer de cuello uterino",numero de condones entregados,2015-05-01,0,0,36,0,0,36
ICHOCA,"anticoncepcion, prevencion de its y de cancer de cuello uterino",numero de condones entregados,2015-05-01,0,0,48,0,0,48
ICLA,"anticoncepcion, prevencion de its y de cancer de cuello uterino",numero de condones entregados,2015-05-01,0,0,84,12,0,96
INCAHUASI,"anticoncepcion, prevencion de its y de cancer de cuello uterino",numero de condones entregados,2015-05-01,0,24,84,12,0,120
INQUISIVI,"anticoncepcion, prevencion de its y de cancer de cuello uterino",numero de condones entregados,2015-05-01,0,0,36,12,0,48
IRUPANA (VILLA DE LANZA),"anticoncepcion, prevencion de its y de cancer de cuello uterino",numero de condones entregados,2015-05-01,0,24,123,60,0,207
IXIAMAS,"anticoncepcion, prevencion de its y de cancer de cuello uterino",numero de condones entregados,2015-05-01,0,0,24,0,0,24
JESUS DE MACHACA,"anticoncepcion, prevencion de its y de cancer de cuello uterino",numero de condones entregados,2015-05-01,0,0,36,24,0,60
LA ASUNTA,"anticoncepcion, prevencion de its y de cancer de cuello uterino",numero de condones entregados,2015-05-01,0,60,217,48,0,325
LA GUARDIA,"anticoncepcion, prevencion de its y de cancer de cuello uterino",numero de condones entregados,2015-05-01,12,24,312,36,0,384
LA PAZ,"anticoncepcion, prevencion de its y de cancer de cuello uterino",numero de condones entregados,2015-05-01,24,637,11566,2040,72,14339
LAGUNILLAS,"anticoncepcion, prevencion de its y de cancer de cuello uterino",numero de condones entregados,2015-05-01,0,0,0,12,0,12
LAJA,"anticoncepcion, prevencion de its y de cancer de cuello uterino",numero de condones entregados,2015-05-01,0,48,108,12,0,168
LAS CARRERAS,"anticoncepcion, prevencion de its y de cancer de cuello uterino",numero de condones entregados,2015-05-01,0,12,36,24,0,72
LICOMA PAMPA,"anticoncepcion, prevencion de its y de cancer de cuello uterino",numero de condones entregados,2015-05-01,0,0,24,0,0,24
LLALLAGUA,"anticoncepcion, prevencion de its y de cancer de cuello uterino",numero de condones entregados,2015-05-01,0,24,144,60,0,228
LLICA,"anticoncepcion, prevencion de its y de cancer de cuello uterino",numero de condones entregados,2015-05-01,0,0,12,0,0,12
LORETO,"anticoncepcion, prevencion de its y de cancer de cuello uterino",numero de condones entregados,2015-05-01,0,4,12,13,0,29
LURIBAY,"anticoncepcion, prevencion de its y de cancer de cuello uterino",numero de condones entregados,2015-05-01,0,0,132,24,0,156
MACHACAMARCA,"anticoncepcion, prevencion de its y de cancer de cuello uterino",numero de condones entregados,2015-05-01,0,0,36,0,0,36
MACHARETI,"anticoncepcion, prevencion de its y de cancer de cuello uterino",numero de condones entregados,2015-05-01,0,12,87,0,4,103
MAGDALENA,"anticoncepcion, prevencion de its y de cancer de cuello uterino",numero de condones entregados,2015-05-01,0,76,123,12,0,211
MAIRANA,"anticoncepcion, prevencion de its y de cancer de cuello uterino",numero de condones entregados,2015-05-01,0,0,0,12,0,12
MECAPACA,"anticoncepcion, prevencion de its y de cancer de cuello uterino",numero de condones entregados,2015-05-01,0,0,109,49,0,158
MINEROS,"anticoncepcion, prevencion de its y de cancer de cuello uterino",numero de condones entregados,2015-05-01,0,12,108,36,0,156
MIZQUE,"anticoncepcion, prevencion de its y de cancer de cuello uterino",numero de condones entregados,2015-05-01,0,36,168,24,0,228
MOCOMOCO,"anticoncepcion, prevencion de its y de cancer de cuello uterino",numero de condones entregados,2015-05-01,0,12,12,36,0,60
MOJINETE,"anticoncepcion, prevencion de its y de cancer de cuello uterino",numero de condones entregados,2015-05-01,0,0,0,12,0,12
MOJOCOYA,"anticoncepcion, prevencion de its y de cancer de cuello uterino",numero de condones entregados,2015-05-01,0,12,60,0,0,72
MONTEAGUDO,"anticoncepcion, prevencion de its y de cancer de cuello uterino",numero de condones entregados,2015-05-01,0,60,258,132,12,462
MONTERO,"anticoncepcion, prevencion de its y de cancer de cuello uterino",numero de condones entregados,2015-05-01,24,180,228,61,12,505
MORO MORO,"anticoncepcion, prevencion de its y de cancer de cuello uterino",numero de condones entregados,2015-05-01,0,36,12,12,0,60
MOROCHATA,"anticoncepcion, prevencion de its y de cancer de cuello uterino",numero de condones entregados,2015-05-01,0,0,60,60,0,120
NACEBE (SANTA ROSA DEL ABUNA),"anticoncepcion, prevencion de its y de cancer de cuello uterino",numero de condones entregados,2015-05-01,0,24,0,0,12,36
NUEVO MANOA (NUEVA ESPERANZA),"anticoncepcion, prevencion de its y de cancer de cuello uterino",numero de condones entregados,2015-05-01,0,12,12,12,0,36
OCURI,"anticoncepcion, prevencion de its y de cancer de cuello uterino",numero de condones entregados,2015-05-01,0,0,48,0,0,48
OKINAWA,"anticoncepcion, prevencion de its y de cancer de cuello uterino",numero de condones entregados,2015-05-01,0,0,60,0,0,60
OMEREQUE,"anticoncepcion, prevencion de its y de cancer de cuello uterino",numero de condones entregados,2015-05-01,0,0,60,36,0,96
ORURO,"anticoncepcion, prevencion de its y de cancer de cuello uterino",numero de condones entregados,2015-05-01,0,186,1091,299,0,1576
PADCAYA,"anticoncepcion, prevencion de its y de cancer de cuello uterino",numero de condones entregados,2015-05-01,0,234,363,191,18,806
PADILLA,"anticoncepcion, prevencion de its y de cancer de cuello uterino",numero de condones entregados,2015-05-01,0,12,48,24,0,84
PAILON,"anticoncepcion, prevencion de its y de cancer de cuello uterino",numero de condones entregados,2015-05-01,0,60,264,36,0,360
PALCA,"anticoncepcion, prevencion de its y de cancer de cuello uterino",numero de condones entregados,2015-05-01,0,0,36,0,0,36
PALOS BLANCOS,"anticoncepcion, prevencion de its y de cancer de cuello uterino",numero de condones entregados,2015-05-01,0,24,132,48,0,204
PAMPA GRANDE,"anticoncepcion, prevencion de its y de cancer de cuello uterino",numero de condones entregados,2015-05-01,0,0,24,0,0,24
PAPEL PAMPA,"anticoncepcion, prevencion de its y de cancer de cuello uterino",numero de condones entregados,2015-05-01,0,0,84,36,0,120
PATACAMAYA,"anticoncepcion, prevencion de its y de cancer de cuello uterino",numero de condones entregados,2015-05-01,0,0,48,48,0,96
PAZÑA,"anticoncepcion, prevencion de its y de cancer de cuello uterino",numero de condones entregados,2015-05-01,0,12,72,24,0,108
PELECHUCO,"anticoncepcion, prevencion de its y de cancer de cuello uterino",numero de condones entregados,2015-05-01,0,12,84,24,0,120
POCOATA,"anticoncepcion, prevencion de its y de cancer de cuello uterino",numero de condones entregados,2015-05-01,0,60,204,24,0,288
POCONA,"anticoncepcion, prevencion de its y de cancer de cuello uterino",numero de condones entregados,2015-05-01,0,12,120,72,0,204
POJO (CBBA),"anticoncepcion, prevencion de its y de cancer de cuello uterino",numero de condones entregados,2015-05-01,0,24,132,36,0,192
POOPO,"anticoncepcion, prevencion de its y de cancer de cuello uterino",numero de condones entregados,2015-05-01,0,0,48,12,0,60
PORONGO,"anticoncepcion, prevencion de its y de cancer de cuello uterino",numero de condones entregados,2015-05-01,0,24,96,0,0,120
PORTACHUELO,"anticoncepcion, prevencion de its y de cancer de cuello uterino",numero de condones entregados,2015-05-01,0,24,84,0,0,108
PORVENIR,"anticoncepcion, prevencion de its y de cancer de cuello uterino",numero de condones entregados,2015-05-01,0,12,84,60,0,156
POSTRER VALLE,"anticoncepcion, prevencion de its y de cancer de cuello uterino",numero de condones entregados,2015-05-01,0,24,0,0,0,24
POTOSI,"anticoncepcion, prevencion de its y de cancer de cuello uterino",numero de condones entregados,2015-05-01,0,130,801,189,0,1120
PRESTO,"anticoncepcion, prevencion de its y de cancer de cuello uterino",numero de condones entregados,2015-05-01,0,12,145,24,0,181
PUCARA,"anticoncepcion, prevencion de its y de cancer de cuello uterino",numero de condones entregados,2015-05-01,0,0,12,12,0,24
PUCARANI,"anticoncepcion, prevencion de its y de cancer de cuello uterino",numero de condones entregados,2015-05-01,0,0,84,60,0,144
PUERTO ACOSTA,"anticoncepcion, prevencion de its y de cancer de cuello uterino",numero de condones entregados,2015-05-01,0,24,48,12,0,84
PUERTO CARABUCO,"anticoncepcion, prevencion de its y de cancer de cuello uterino",numero de condones entregados,2015-05-01,0,0,48,0,0,48
PUERTO GONZALO MORENO,"anticoncepcion, prevencion de its y de cancer de cuello uterino",numero de condones entregados,2015-05-01,0,132,192,24,0,348
PUERTO PEREZ,"anticoncepcion, prevencion de its y de cancer de cuello uterino",numero de condones entregados,2015-05-01,0,0,0,24,0,24
PUERTO QUIJARRO,"anticoncepcion, prevencion de its y de cancer de cuello uterino",numero de condones entregados,2015-05-01,0,36,84,49,0,169
PUERTO RICO,"anticoncepcion, prevencion de its y de cancer de cuello uterino",numero de condones entregados,2015-05-01,0,0,36,0,0,36
PUERTO SUAREZ,"anticoncepcion, prevencion de its y de cancer de cuello uterino",numero de condones entregados,2015-05-01,0,0,63,0,0,63
PUERTO VILLARROEL,"anticoncepcion, prevencion de its y de cancer de cuello uterino",numero de condones entregados,2015-05-01,0,60,336,108,12,516
PUNA,"anticoncepcion, prevencion de its y de cancer de cuello uterino",numero de condones entregados,2015-05-01,0,0,12,12,0,24
PUNATA,"anticoncepcion, prevencion de its y de cancer de cuello uterino",numero de condones entregados,2015-05-01,0,24,252,12,0,288
QUIABAYA,"anticoncepcion, prevencion de its y de cancer de cuello uterino",numero de condones entregados,2015-05-01,0,0,48,1,0,49
QUILLACOLLO,"anticoncepcion, prevencion de its y de cancer de cuello uterino",numero de condones entregados,2015-05-01,0,144,492,1,0,637
QUIME,"anticoncepcion, prevencion de its y de cancer de cuello uterino",numero de condones entregados,2015-05-01,0,24,168,72,0,264
RAVELO,"anticoncepcion, prevencion de its y de cancer de cuello uterino",numero de condones entregados,2015-05-01,0,36,72,12,0,120
REYES,"anticoncepcion, prevencion de its y de cancer de cuello uterino",numero de condones entregados,2015-05-01,0,12,48,0,0,60
RIBERALTA,"anticoncepcion, prevencion de its y de cancer de cuello uterino",numero de condones entregados,2015-05-01,7,155,997,282,0,1441
ROBORE,"anticoncepcion, prevencion de its y de cancer de cuello uterino",numero de condones entregados,2015-05-01,0,12,156,12,0,180
RURRENABAQUE,"anticoncepcion, prevencion de its y de cancer de cuello uterino",numero de condones entregados,2015-05-01,0,12,61,24,0,97
SABAYA,"anticoncepcion, prevencion de its y de cancer de cuello uterino",numero de condones entregados,2015-05-01,0,0,108,24,0,132
SACABA,"anticoncepcion, prevencion de its y de cancer de cuello uterino",numero de condones entregados,2015-05-01,0,204,576,180,0,960
SACABAMBA,"anticoncepcion, prevencion de its y de cancer de cuello uterino",numero de condones entregados,2015-05-01,0,0,8,0,0,8
SACACA,"anticoncepcion, prevencion de its y de cancer de cuello uterino",numero de condones entregados,2015-05-01,0,0,60,0,0,60
SAIPINA,"anticoncepcion, prevencion de its y de cancer de cuello uterino",numero de condones entregados,2015-05-01,0,0,24,0,0,24
SALINAS DE GARCI MENDOZA,"anticoncepcion, prevencion de its y de cancer de cuello uterino",numero de condones entregados,2015-05-01,0,29,173,48,12,262
SAMAIPATA,"anticoncepcion, prevencion de its y de cancer de cuello uterino",numero de condones entregados,2015-05-01,0,0,24,12,0,36
SAN AGUSTIN,"anticoncepcion, prevencion de its y de cancer de cuello uterino",numero de condones entregados,2015-05-01,0,0,24,12,0,36
SAN ANDRES,"anticoncepcion, prevencion de its y de cancer de cuello uterino",numero de condones entregados,2015-05-01,0,12,0,0,0,12
SAN ANDRES DE MACHACA,"anticoncepcion, prevencion de its y de cancer de cuello uterino",numero de condones entregados,2015-05-01,0,0,0,48,0,48
SAN ANTONIO DE ESMORUCO,"anticoncepcion, prevencion de its y de cancer de cuello uterino",numero de condones entregados,2015-05-01,0,0,39,0,0,39
SAN ANTONIO DE LOMERIO,"anticoncepcion, prevencion de its y de cancer de cuello uterino",numero de condones entregados,2015-05-01,0,0,24,12,0,36
SAN BORJA,"anticoncepcion, prevencion de its y de cancer de cuello uterino",numero de condones entregados,2015-05-01,0,0,108,12,0,120
SAN BUENA VENTURA,"anticoncepcion, prevencion de its y de cancer de cuello uterino",numero de condones entregados,2015-05-01,12,0,36,24,12,84
SAN CARLOS,"anticoncepcion, prevencion de its y de cancer de cuello uterino",numero de condones entregados,2015-05-01,0,12,12,12,0,36
SAN IGNACIO,"anticoncepcion, prevencion de its y de cancer de cuello uterino",numero de condones entregados,2015-05-01,0,48,156,84,0,288
SAN IGNACIO DE VELASCO,"anticoncepcion, prevencion de its y de cancer de cuello uterino",numero de condones entregados,2015-05-01,0,36,132,24,0,192
SAN JAVIER(BNI),"anticoncepcion, prevencion de its y de cancer de cuello uterino",numero de condones entregados,2015-05-01,0,408,96,24,0,528
SAN JAVIER(STC),"anticoncepcion, prevencion de its y de cancer de cuello uterino",numero de condones entregados,2015-05-01,0,0,0,24,0,24
SAN JOSE DE CHIQUITOS,"anticoncepcion, prevencion de its y de cancer de cuello uterino",numero de condones entregados,2015-05-01,0,60,144,36,0,240
SAN JUAN DE YAPACANI,"anticoncepcion, prevencion de its y de cancer de cuello uterino",numero de condones entregados,2015-05-01,0,24,48,0,0,72
SAN JULIAN,"anticoncepcion, prevencion de its y de cancer de cuello uterino",numero de condones entregados,2015-05-01,0,24,72,48,0,144
SAN LORENZO(PND),"anticoncepcion, prevencion de its y de cancer de cuello uterino",numero de condones entregados,2015-05-01,0,0,60,0,12,72
SAN LORENZO(TJA),"anticoncepcion, prevencion de its y de cancer de cuello uterino",numero de condones entregados,2015-05-01,0,0,156,0,0,156
SAN LUCAS,"anticoncepcion, prevencion de its y de cancer de cuello uterino",numero de condones entregados,2015-05-01,0,60,168,48,0,276
SAN MATIAS,"anticoncepcion, prevencion de its y de cancer de cuello uterino",numero de condones entregados,2015-05-01,0,36,24,1,0,61
SAN MIGUEL DE VELASCO,"anticoncepcion, prevencion de its y de cancer de cuello uterino",numero de condones entregados,2015-05-01,0,24,72,12,0,108
SAN PEDRO,"anticoncepcion, prevencion de its y de cancer de cuello uterino",numero de condones entregados,2015-05-01,0,12,214,84,12,322
SAN PEDRO DE BUENA VISTA,"anticoncepcion, prevencion de its y de cancer de cuello uterino",numero de condones entregados,2015-05-01,0,0,108,0,0,108
SAN PEDRO DE CURAHUARA,"anticoncepcion, prevencion de its y de cancer de cuello uterino",numero de condones entregados,2015-05-01,0,0,12,12,0,24
SAN PEDRO DE QUEMES,"anticoncepcion, prevencion de its y de cancer de cuello uterino",numero de condones entregados,2015-05-01,0,12,24,0,0,36
SAN PEDRO DE TIQUINA,"anticoncepcion, prevencion de its y de cancer de cuello uterino",numero de condones entregados,2015-05-01,0,12,60,0,0,72
SAN RAFAEL,"anticoncepcion, prevencion de its y de cancer de cuello uterino",numero de condones entregados,2015-05-01,0,12,60,24,0,96
SANTA ANA,"anticoncepcion, prevencion de its y de cancer de cuello uterino",numero de condones entregados,2015-05-01,30,87,93,36,0,246
SANTA CRUZ DE LA SIERRA,"anticoncepcion, prevencion de its y de cancer de cuello uterino",numero de condones entregados,2015-05-01,48,565,2164,510,0,3287
SANTA ROSA,"anticoncepcion, prevencion de its y de cancer de cuello uterino",numero de condones entregados,2015-05-01,0,24,120,24,0,168
SANTA ROSA DEL SARA,"anticoncepcion, prevencion de its y de cancer de cuello uterino",numero de condones entregados,2015-05-01,0,24,252,36,0,312
SANTIAGO DE HUARI,"anticoncepcion, prevencion de its y de cancer de cuello uterino",numero de condones entregados,2015-05-01,0,24,216,120,0,360
SANTIAGO DE HUATA,"anticoncepcion, prevencion de its y de cancer de cuello uterino",numero de condones entregados,2015-05-01,0,0,12,12,0,24
SANTIAGO DE MACHACA,"anticoncepcion, prevencion de its y de cancer de cuello uterino",numero de condones entregados,2015-05-01,0,0,12,0,0,12
SANTIVAÑES,"anticoncepcion, prevencion de its y de cancer de cuello uterino",numero de condones entregados,2015-05-01,0,0,0,12,0,12
SANTUARIO DE QUILLACAS,"anticoncepcion, prevencion de its y de cancer de cuello uterino",numero de condones entregados,2015-05-01,0,0,60,12,12,84
SAPAHAQUI,"anticoncepcion, prevencion de its y de cancer de cuello uterino",numero de condones entregados,2015-05-01,0,0,24,0,0,24
SHINAOTA,"anticoncepcion, prevencion de its y de cancer de cuello uterino",numero de condones entregados,2015-05-01,0,0,0,12,0,12
SICA SICA (VILLA AROMA),"anticoncepcion, prevencion de its y de cancer de cuello uterino",numero de condones entregados,2015-05-01,0,24,96,12,0,132
SICAYA,"anticoncepcion, prevencion de its y de cancer de cuello uterino",numero de condones entregados,2015-05-01,0,0,12,0,0,12
SIPE SIPE,"anticoncepcion, prevencion de its y de cancer de cuello uterino",numero de condones entregados,2015-05-01,0,96,156,36,0,288
SOPACHUY,"anticoncepcion, prevencion de its y de cancer de cuello uterino",numero de condones entregados,2015-05-01,0,0,24,36,0,60
SORACACHI,"anticoncepcion, prevencion de its y de cancer de cuello uterino",numero de condones entregados,2015-05-01,0,24,12,36,0,72
SORATA,"anticoncepcion, prevencion de its y de cancer de cuello uterino",numero de condones entregados,2015-05-01,0,0,48,0,0,48
SUCRE,"anticoncepcion, prevencion de its y de cancer de cuello uterino",numero de condones entregados,2015-05-01,3,1549,3060,1710,26,6348
TACACOMA,"anticoncepcion, prevencion de its y de cancer de cuello uterino",numero de condones entregados,2015-05-01,0,12,96,12,0,120
TACOBAMBA,"anticoncepcion, prevencion de its y de cancer de cuello uterino",numero de condones entregados,2015-05-01,0,12,48,24,0,84
TACOPAYA,"anticoncepcion, prevencion de its y de cancer de cuello uterino",numero de condones entregados,2015-05-01,0,0,0,12,0,12
TAHUA,"anticoncepcion, prevencion de its y de cancer de cuello uterino",numero de condones entregados,2015-05-01,0,12,12,0,0,24
TAPACARI,"anticoncepcion, prevencion de its y de cancer de cuello uterino",numero de condones entregados,2015-05-01,0,0,36,0,0,36
TARABUCO,"anticoncepcion, prevencion de its y de cancer de cuello uterino",numero de condones entregados,2015-05-01,0,24,72,60,0,156
TARACO,"anticoncepcion, prevencion de its y de cancer de cuello uterino",numero de condones entregados,2015-05-01,0,12,12,0,0,24
TARATA,"anticoncepcion, prevencion de its y de cancer de cuello uterino",numero de condones entregados,2015-05-01,0,0,24,12,0,36
TARIJA,"anticoncepcion, prevencion de its y de cancer de cuello uterino",numero de condones entregados,2015-05-01,0,221,554,234,0,1009
TARVITA,"anticoncepcion, prevencion de its y de cancer de cuello uterino",numero de condones entregados,2015-05-01,0,24,36,0,0,60
TEOPONTE,"anticoncepcion, prevencion de its y de cancer de cuello uterino",numero de condones entregados,2015-05-01,0,12,48,0,0,60
TIAWANACU,"anticoncepcion, prevencion de its y de cancer de cuello uterino",numero de condones entregados,2015-05-01,0,0,60,24,12,96
TINGUIPAYA,"anticoncepcion, prevencion de its y de cancer de cuello uterino",numero de condones entregados,2015-05-01,0,0,24,0,0,24
TIPUANI,"anticoncepcion, prevencion de its y de cancer de cuello uterino",numero de condones entregados,2015-05-01,0,0,48,0,0,48
TIQUIPAYA,"anticoncepcion, prevencion de its y de cancer de cuello uterino",numero de condones entregados,2015-05-01,0,12,96,12,0,120
TIRAQUE (CBBA),"anticoncepcion, prevencion de its y de cancer de cuello uterino",numero de condones entregados,2015-05-01,0,12,36,24,0,72
TITO YUPANQUI (PARQUIPUJIO),"anticoncepcion, prevencion de its y de cancer de cuello uterino",numero de condones entregados,2015-05-01,0,0,12,0,0,12
TOCO,"anticoncepcion, prevencion de its y de cancer de cuello uterino",numero de condones entregados,2015-05-01,0,24,60,0,0,84
TODOS SANTOS,"anticoncepcion, prevencion de its y de cancer de cuello uterino",numero de condones entregados,2015-05-01,0,0,24,36,0,60
TOLATA,"anticoncepcion, prevencion de its y de cancer de cuello uterino",numero de condones entregados,2015-05-01,0,0,72,0,0,72
TOLEDO,"anticoncepcion, prevencion de its y de cancer de cuello uterino",numero de condones entregados,2015-05-01,0,12,24,12,0,48
TOMAVE,"anticoncepcion, prevencion de its y de cancer de cuello uterino",numero de condones entregados,2015-05-01,0,24,156,36,12,228
TOMINA,"anticoncepcion, prevencion de its y de cancer de cuello uterino",numero de condones entregados,2015-05-01,12,36,108,0,0,156
TORO TORO,"anticoncepcion, prevencion de its y de cancer de cuello uterino",numero de condones entregados,2015-05-01,0,12,12,0,0,24
TOTORA(CBBA),"anticoncepcion, prevencion de its y de cancer de cuello uterino",numero de condones entregados,2015-05-01,0,12,24,48,0,84
TOTORA(ORR),"anticoncepcion, prevencion de its y de cancer de cuello uterino",numero de condones entregados,2015-05-01,0,12,48,36,0,96
TRIGAL,"anticoncepcion, prevencion de its y de cancer de cuello uterino",numero de condones entregados,2015-05-01,0,0,12,0,0,12
TRINIDAD,"anticoncepcion, prevencion de its y de cancer de cuello uterino",numero de condones entregados,2015-05-01,2170,562,176,12,0,2920
TUPIZA,"anticoncepcion, prevencion de its y de cancer de cuello uterino",numero de condones entregados,2015-05-01,0,252,267,48,12,579
TURCO,"anticoncepcion, prevencion de its y de cancer de cuello uterino",numero de condones entregados,2015-05-01,0,0,36,96,0,132
UMALA,"anticoncepcion, prevencion de its y de cancer de cuello uterino",numero de condones entregados,2015-05-01,0,17,1,0,0,18
UNCIA,"anticoncepcion, prevencion de its y de cancer de cuello uterino",numero de condones entregados,2015-05-01,0,12,48,24,0,84
URIONDO (A. CONCEPCION),"anticoncepcion, prevencion de its y de cancer de cuello uterino",numero de condones entregados,2015-05-01,0,48,81,48,20,197
UYUNI,"anticoncepcion, prevencion de its y de cancer de cuello uterino",numero de condones entregados,2015-05-01,0,36,141,12,0,189
VACAS,"anticoncepcion, prevencion de its y de cancer de cuello uterino",numero de condones entregados,2015-05-01,0,12,12,12,0,36
VALLEGRANDE,"anticoncepcion, prevencion de its y de cancer de cuello uterino",numero de condones entregados,2015-05-01,0,12,120,48,0,180
VIACHA,"anticoncepcion, prevencion de its y de cancer de cuello uterino",numero de condones entregados,2015-05-01,0,24,180,48,12,264
VILLA CHARCAS,"anticoncepcion, prevencion de its y de cancer de cuello uterino",numero de condones entregados,2015-05-01,0,36,84,12,0,132
VILLA MONTES,"anticoncepcion, prevencion de its y de cancer de cuello uterino",numero de condones entregados,2015-05-01,0,36,154,12,0,202
VILLA NUEVA (LOMA ALTA),"anticoncepcion, prevencion de its y de cancer de cuello uterino",numero de condones entregados,2015-05-01,0,0,36,12,0,48
VILLA RIVERO,"anticoncepcion, prevencion de its y de cancer de cuello uterino",numero de condones entregados,2015-05-01,0,0,72,0,0,72
VILLA SERRANO,"anticoncepcion, prevencion de its y de cancer de cuello uterino",numero de condones entregados,2015-05-01,0,24,12,12,0,48
VILLA TUNARI,"anticoncepcion, prevencion de its y de cancer de cuello uterino",numero de condones entregados,2015-05-01,0,47,614,110,0,771
VILLA VACA GUZMAN (MUYUPAMPA),"anticoncepcion, prevencion de its y de cancer de cuello uterino",numero de condones entregados,2015-05-01,0,36,48,0,0,84
VILLAZON,"anticoncepcion, prevencion de its y de cancer de cuello uterino",numero de condones entregados,2015-05-01,0,48,288,96,0,432
VINTO,"anticoncepcion, prevencion de its y de cancer de cuello uterino",numero de condones entregados,2015-05-01,0,27,192,60,0,279
VITICHI,"anticoncepcion, prevencion de its y de cancer de cuello uterino",numero de condones entregados,2015-05-01,0,12,48,24,0,84
WARNES,"anticoncepcion, prevencion de its y de cancer de cuello uterino",numero de condones entregados,2015-05-01,0,72,60,12,0,144
YACO,"anticoncepcion, prevencion de its y de cancer de cuello uterino",numero de condones entregados,2015-05-01,0,0,36,12,0,48
YACUIBA,"anticoncepcion, prevencion de its y de cancer de cuello uterino",numero de condones entregados,2015-05-01,0,177,471,120,0,768
YAMPARAEZ,"anticoncepcion, prevencion de its y de cancer de cuello uterino",numero de condones entregados,2015-05-01,0,0,12,12,0,24
YANACACHI,"anticoncepcion, prevencion de its y de cancer de cuello uterino",numero de condones entregados,2015-05-01,0,0,12,36,0,48
YAPACANI,"anticoncepcion, prevencion de its y de cancer de cuello uterino",numero de condones entregados,2015-05-01,0,84,216,72,0,372
YOCALLA,"anticoncepcion, prevencion de its y de cancer de cuello uterino",numero de condones entregados,2015-05-01,0,12,36,24,12,84
YUNCHARA,"anticoncepcion, prevencion de its y de cancer de cuello uterino",numero de condones entregados,2015-05-01,0,38,98,32,0,168
ZUDAÑEZ,"anticoncepcion, prevencion de its y de cancer de cuello uterino",numero de condones entregados,2015-05-01,0,0,12,48,0,60
ACACIO,"anticoncepcion, prevencion de its y de cancer de cuello uterino",numero de condones entregados,2015-06-01,0,0,84,28,0,112
ACHACACHI,"anticoncepcion, prevencion de its y de cancer de cuello uterino",numero de condones entregados,2015-06-01,0,0,84,0,0,84
ACHOCALLA,"anticoncepcion, prevencion de its y de cancer de cuello uterino",numero de condones entregados,2015-06-01,0,24,132,0,0,156
AIQUILE,"anticoncepcion, prevencion de its y de cancer de cuello uterino",numero de condones entregados,2015-06-01,0,12,84,36,0,132
ALCALA,"anticoncepcion, prevencion de its y de cancer de cuello uterino",numero de condones entregados,2015-06-01,0,0,24,0,12,36
ALTO BENI,"anticoncepcion, prevencion de its y de cancer de cuello uterino",numero de condones entregados,2015-06-01,0,12,36,60,0,108
ANCORAIMES,"anticoncepcion, prevencion de its y de cancer de cuello uterino",numero de condones entregados,2015-06-01,0,0,24,12,0,36
ANDAMARCA,"anticoncepcion, prevencion de its y de cancer de cuello uterino",numero de condones entregados,2015-06-01,0,12,96,36,0,144
ANTEQUERA,"anticoncepcion, prevencion de its y de cancer de cuello uterino",numero de condones entregados,2015-06-01,0,12,0,0,0,12
ANZALDO,"anticoncepcion, prevencion de its y de cancer de cuello uterino",numero de condones entregados,2015-06-01,0,0,12,0,0,12
APOLO,"anticoncepcion, prevencion de its y de cancer de cuello uterino",numero de condones entregados,2015-06-01,0,0,120,12,0,132
ARAMPAMPA,"anticoncepcion, prevencion de its y de cancer de cuello uterino",numero de condones entregados,2015-06-01,0,0,12,0,0,12
ARANI,"anticoncepcion, prevencion de its y de cancer de cuello uterino",numero de condones entregados,2015-06-01,0,0,24,12,0,36
ARBIETO,"anticoncepcion, prevencion de its y de cancer de cuello uterino",numero de condones entregados,2015-06-01,0,24,24,24,0,72
ARQUE,"anticoncepcion, prevencion de its y de cancer de cuello uterino",numero de condones entregados,2015-06-01,0,0,36,36,0,72
ASCENCION DE GUARAYOS,"anticoncepcion, prevencion de its y de cancer de cuello uterino",numero de condones entregados,2015-06-01,0,12,72,0,0,84
ATOCHA,"anticoncepcion, prevencion de its y de cancer de cuello uterino",numero de condones entregados,2015-06-01,0,12,228,24,0,264
AUCAPATA,"anticoncepcion, prevencion de its y de cancer de cuello uterino",numero de condones entregados,2015-06-01,0,0,12,0,0,12
AYATA,"anticoncepcion, prevencion de its y de cancer de cuello uterino",numero de condones entregados,2015-06-01,0,0,60,0,0,60
AYO AYO,"anticoncepcion, prevencion de its y de cancer de cuello uterino",numero de condones entregados,2015-06-01,0,36,36,0,0,72
AYOPAYA (V. DE INDEPENDENCIA),"anticoncepcion, prevencion de its y de cancer de cuello uterino",numero de condones entregados,2015-06-01,0,12,204,60,24,300
AZURDUY,"anticoncepcion, prevencion de its y de cancer de cuello uterino",numero de condones entregados,2015-06-01,0,0,0,60,0,60
BATALLAS,"anticoncepcion, prevencion de its y de cancer de cuello uterino",numero de condones entregados,2015-06-01,0,0,12,24,0,36
BAURES,"anticoncepcion, prevencion de its y de cancer de cuello uterino",numero de condones entregados,2015-06-01,0,1,140,24,0,165
BELEN DE ANDAMARCA,"anticoncepcion, prevencion de its y de cancer de cuello uterino",numero de condones entregados,2015-06-01,0,12,12,24,0,48
BELEN DE URMIRI,"anticoncepcion, prevencion de its y de cancer de cuello uterino",numero de condones entregados,2015-06-01,0,0,48,36,0,84
BELLA FLOR,"anticoncepcion, prevencion de its y de cancer de cuello uterino",numero de condones entregados,2015-06-01,0,48,12,0,0,60
BERMEJO,"anticoncepcion, prevencion de its y de cancer de cuello uterino",numero de condones entregados,2015-06-01,20,104,1534,743,72,2473
BETANZOS,"anticoncepcion, prevencion de its y de cancer de cuello uterino",numero de condones entregados,2015-06-01,0,72,108,60,12,252
BOLIVAR,"anticoncepcion, prevencion de its y de cancer de cuello uterino",numero de condones entregados,2015-06-01,0,0,12,0,0,12
BOLPEBRA,"anticoncepcion, prevencion de its y de cancer de cuello uterino",numero de condones entregados,2015-06-01,0,12,48,0,0,60
BOYUIBE,"anticoncepcion, prevencion de its y de cancer de cuello uterino",numero de condones entregados,2015-06-01,0,0,24,0,0,24
BUENA VISTA,"anticoncepcion, prevencion de its y de cancer de cuello uterino",numero de condones entregados,2015-06-01,12,144,60,24,0,240
CABEZAS,"anticoncepcion, prevencion de its y de cancer de cuello uterino",numero de condones entregados,2015-06-01,0,60,228,48,0,336
CAIROMA,"anticoncepcion, prevencion de its y de cancer de cuello uterino",numero de condones entregados,2015-06-01,0,12,60,12,0,84
"CAIZA ""D""","anticoncepcion, prevencion de its y de cancer de cuello uterino",numero de condones entregados,2015-06-01,0,0,60,12,0,72
CAJUATA,"anticoncepcion, prevencion de its y de cancer de cuello uterino",numero de condones entregados,2015-06-01,0,0,84,60,0,144
CALACOTO,"anticoncepcion, prevencion de its y de cancer de cuello uterino",numero de condones entregados,2015-06-01,0,0,12,0,0,12
CALAMARCA,"anticoncepcion, prevencion de its y de cancer de cuello uterino",numero de condones entregados,2015-06-01,0,36,156,24,0,216
CAMARGO,"anticoncepcion, prevencion de its y de cancer de cuello uterino",numero de condones entregados,2015-06-01,0,12,60,60,0,132
CAMATAQUI (C. VILLA ABECIA),"anticoncepcion, prevencion de its y de cancer de cuello uterino",numero de condones entregados,2015-06-01,0,0,24,12,0,36
CAMIRI,"anticoncepcion, prevencion de its y de cancer de cuello uterino",numero de condones entregados,2015-06-01,0,12,60,12,0,84
CAPINOTA,"anticoncepcion, prevencion de its y de cancer de cuello uterino",numero de condones entregados,2015-06-01,0,12,144,0,0,156
CAQUIAVIRI,"anticoncepcion, prevencion de its y de cancer de cuello uterino",numero de condones entregados,2015-06-01,0,0,24,12,0,36
CARACOLLO,"anticoncepcion, prevencion de its y de cancer de cuello uterino",numero de condones entregados,2015-06-01,0,12,60,12,0,84
CARANAVI,"anticoncepcion, prevencion de its y de cancer de cuello uterino",numero de condones entregados,2015-06-01,0,60,240,108,0,408
CARAPARI,"anticoncepcion, prevencion de its y de cancer de cuello uterino",numero de condones entregados,2015-06-01,0,0,60,36,0,96
CARIPUYO,"anticoncepcion, prevencion de its y de cancer de cuello uterino",numero de condones entregados,2015-06-01,0,0,36,0,0,36
CHALLAPATA,"anticoncepcion, prevencion de its y de cancer de cuello uterino",numero de condones entregados,2015-06-01,0,72,216,48,0,336
CHAQUI,"anticoncepcion, prevencion de its y de cancer de cuello uterino",numero de condones entregados,2015-06-01,0,12,48,12,0,72
CHARAGUA,"anticoncepcion, prevencion de its y de cancer de cuello uterino",numero de condones entregados,2015-06-01,0,0,12,0,0,12
CHAYANTA,"anticoncepcion, prevencion de its y de cancer de cuello uterino",numero de condones entregados,2015-06-01,0,60,174,36,0,270
CHIMORE,"anticoncepcion, prevencion de its y de cancer de cuello uterino",numero de condones entregados,2015-06-01,0,96,493,192,0,781
CHIPAYA,"anticoncepcion, prevencion de its y de cancer de cuello uterino",numero de condones entregados,2015-06-01,0,12,36,12,0,60
CHOQUE COTA,"anticoncepcion, prevencion de its y de cancer de cuello uterino",numero de condones entregados,2015-06-01,0,0,0,12,0,12
CHULUMANI (V. DE LA LIBERTAD),"anticoncepcion, prevencion de its y de cancer de cuello uterino",numero de condones entregados,2015-06-01,0,0,0,12,0,12
CHUMA,"anticoncepcion, prevencion de its y de cancer de cuello uterino",numero de condones entregados,2015-06-01,0,12,132,36,0,180
CHUQUIHUTA AYLLU JUCUMANI,"anticoncepcion, prevencion de its y de cancer de cuello uterino",numero de condones entregados,2015-06-01,0,0,24,0,0,24
CKOCHAS,"anticoncepcion, prevencion de its y de cancer de cuello uterino",numero de condones entregados,2015-06-01,0,0,36,24,0,60
CLIZA,"anticoncepcion, prevencion de its y de cancer de cuello uterino",numero de condones entregados,2015-06-01,0,0,138,0,0,138
COBIJA,"anticoncepcion, prevencion de its y de cancer de cuello uterino",numero de condones entregados,2015-06-01,0,12,216,12,0,240
COCAPATA,"anticoncepcion, prevencion de its y de cancer de cuello uterino",numero de condones entregados,2015-06-01,0,12,156,36,0,204
COCHABAMBA,"anticoncepcion, prevencion de its y de cancer de cuello uterino",numero de condones entregados,2015-06-01,0,102,1601,518,0,2221
COLCAPIRHUA,"anticoncepcion, prevencion de its y de cancer de cuello uterino",numero de condones entregados,2015-06-01,0,48,198,12,0,258
"COLCHA ""K""","anticoncepcion, prevencion de its y de cancer de cuello uterino",numero de condones entregados,2015-06-01,0,12,168,132,12,324
COLLANA,"anticoncepcion, prevencion de its y de cancer de cuello uterino",numero de condones entregados,2015-06-01,0,24,36,0,0,60
COLOMI,"anticoncepcion, prevencion de its y de cancer de cuello uterino",numero de condones entregados,2015-06-01,0,24,84,48,0,156
COLPA BELGICA,"anticoncepcion, prevencion de its y de cancer de cuello uterino",numero de condones entregados,2015-06-01,0,0,36,60,0,96
COLQUECHACA,"anticoncepcion, prevencion de its y de cancer de cuello uterino",numero de condones entregados,2015-06-01,0,36,228,48,0,312
COLQUENCHA,"anticoncepcion, prevencion de its y de cancer de cuello uterino",numero de condones entregados,2015-06-01,0,0,60,0,0,60
COLQUIRI,"anticoncepcion, prevencion de its y de cancer de cuello uterino",numero de condones entregados,2015-06-01,0,0,24,24,12,60
COMARAPA,"anticoncepcion, prevencion de its y de cancer de cuello uterino",numero de condones entregados,2015-06-01,0,24,156,60,0,240
COMBAYA,"anticoncepcion, prevencion de its y de cancer de cuello uterino",numero de condones entregados,2015-06-01,0,0,12,0,0,12
CONCEPCION,"anticoncepcion, prevencion de its y de cancer de cuello uterino",numero de condones entregados,2015-06-01,0,0,12,0,0,12
COPACABANA,"anticoncepcion, prevencion de its y de cancer de cuello uterino",numero de condones entregados,2015-06-01,0,0,24,0,0,24
CORIPATA,"anticoncepcion, prevencion de its y de cancer de cuello uterino",numero de condones entregados,2015-06-01,0,12,84,12,0,108
CORO CORO,"anticoncepcion, prevencion de its y de cancer de cuello uterino",numero de condones entregados,2015-06-01,0,0,24,12,0,36
COROICO,"anticoncepcion, prevencion de its y de cancer de cuello uterino",numero de condones entregados,2015-06-01,0,0,0,12,0,12
CORQUE,"anticoncepcion, prevencion de its y de cancer de cuello uterino",numero de condones entregados,2015-06-01,0,24,118,30,0,172
COTAGAITA,"anticoncepcion, prevencion de its y de cancer de cuello uterino",numero de condones entregados,2015-06-01,0,36,219,168,0,423
COTOCA,"anticoncepcion, prevencion de its y de cancer de cuello uterino",numero de condones entregados,2015-06-01,0,48,360,60,0,468
CRUZ DE MACHACAMARCA,"anticoncepcion, prevencion de its y de cancer de cuello uterino",numero de condones entregados,2015-06-01,0,0,36,0,0,36
CUATRO CAÑADAS,"anticoncepcion, prevencion de its y de cancer de cuello uterino",numero de condones entregados,2015-06-01,0,48,84,48,0,180
CUCHUMUELA (V. G. VILLARROEL),"anticoncepcion, prevencion de its y de cancer de cuello uterino",numero de condones entregados,2015-06-01,0,0,72,0,0,72
CUEVO,"anticoncepcion, prevencion de its y de cancer de cuello uterino",numero de condones entregados,2015-06-01,0,12,96,12,0,120
CULPINA,"anticoncepcion, prevencion de its y de cancer de cuello uterino",numero de condones entregados,2015-06-01,0,0,84,96,12,192
CURAHUARA DE CARANGAS,"anticoncepcion, prevencion de its y de cancer de cuello uterino",numero de condones entregados,2015-06-01,0,0,48,0,12,60
CURVA,"anticoncepcion, prevencion de its y de cancer de cuello uterino",numero de condones entregados,2015-06-01,0,0,24,0,0,24
EL ALTO,"anticoncepcion, prevencion de its y de cancer de cuello uterino",numero de condones entregados,2015-06-01,27,638,8779,6834,36,16314
EL CHORO,"anticoncepcion, prevencion de its y de cancer de cuello uterino",numero de condones entregados,2015-06-01,0,0,48,36,0,84
EL PUENTE(STC),"anticoncepcion, prevencion de its y de cancer de cuello uterino",numero de condones entregados,2015-06-01,0,0,60,12,0,72
EL PUENTE(TJA),"anticoncepcion, prevencion de its y de cancer de cuello uterino",numero de condones entregados,2015-06-01,12,12,376,164,0,564
EL TORNO,"anticoncepcion, prevencion de its y de cancer de cuello uterino",numero de condones entregados,2015-06-01,36,96,240,84,0,456
EL VILLAR,"anticoncepcion, prevencion de its y de cancer de cuello uterino",numero de condones entregados,2015-06-01,0,0,60,0,0,60
ENTRE RIOS TRJ,"anticoncepcion, prevencion de its y de cancer de cuello uterino",numero de condones entregados,2015-06-01,0,36,194,108,0,338
ENTRE RIOS CBBA,"anticoncepcion, prevencion de its y de cancer de cuello uterino",numero de condones entregados,2015-06-01,0,60,444,36,0,540
ESCOMA,"anticoncepcion, prevencion de its y de cancer de cuello uterino",numero de condones entregados,2015-06-01,0,12,60,36,0,108
EUREKA (SANTOS MERCADO),"anticoncepcion, prevencion de its y de cancer de cuello uterino",numero de condones entregados,2015-06-01,12,24,60,12,0,108
FERNANDEZ ALONSO,"anticoncepcion, prevencion de its y de cancer de cuello uterino",numero de condones entregados,2015-06-01,0,12,36,0,0,48
FILADELFIA,"anticoncepcion, prevencion de its y de cancer de cuello uterino",numero de condones entregados,2015-06-01,0,0,12,0,0,12
GENERAL SAAVEDRA,"anticoncepcion, prevencion de its y de cancer de cuello uterino",numero de condones entregados,2015-06-01,0,24,180,24,0,228
GRAL. J.J. PEREZ (CHARAZANI),"anticoncepcion, prevencion de its y de cancer de cuello uterino",numero de condones entregados,2015-06-01,0,12,36,24,0,72
GUANAY,"anticoncepcion, prevencion de its y de cancer de cuello uterino",numero de condones entregados,2015-06-01,0,12,36,0,0,48
GUAQUI,"anticoncepcion, prevencion de its y de cancer de cuello uterino",numero de condones entregados,2015-06-01,0,12,60,36,0,108
GUAYARAMERIN,"anticoncepcion, prevencion de its y de cancer de cuello uterino",numero de condones entregados,2015-06-01,0,191,502,139,0,832
HUACARETA,"anticoncepcion, prevencion de its y de cancer de cuello uterino",numero de condones entregados,2015-06-01,0,24,72,48,0,144
HUACAYA (VILLA DE HUACAYA),"anticoncepcion, prevencion de its y de cancer de cuello uterino",numero de condones entregados,2015-06-01,0,0,24,12,0,36
HUACHACALLA,"anticoncepcion, prevencion de its y de cancer de cuello uterino",numero de condones entregados,2015-06-01,0,24,24,1,0,49
HUANUNI,"anticoncepcion, prevencion de its y de cancer de cuello uterino",numero de condones entregados,2015-06-01,0,36,48,12,1,97
HUARACAJE,"anticoncepcion, prevencion de its y de cancer de cuello uterino",numero de condones entregados,2015-06-01,0,24,60,12,0,96
HUARINA,"anticoncepcion, prevencion de its y de cancer de cuello uterino",numero de condones entregados,2015-06-01,0,0,48,12,12,72
HUATAJATA,"anticoncepcion, prevencion de its y de cancer de cuello uterino",numero de condones entregados,2015-06-01,0,0,24,0,0,24
HUAYLLAMARCA,"anticoncepcion, prevencion de its y de cancer de cuello uterino",numero de condones entregados,2015-06-01,0,24,36,0,0,60
HUMANATA,"anticoncepcion, prevencion de its y de cancer de cuello uterino",numero de condones entregados,2015-06-01,0,0,0,12,0,12
ICHOCA,"anticoncepcion, prevencion de its y de cancer de cuello uterino",numero de condones entregados,2015-06-01,0,0,24,24,0,48
ICLA,"anticoncepcion, prevencion de its y de cancer de cuello uterino",numero de condones entregados,2015-06-01,0,0,60,36,0,96
INCAHUASI,"anticoncepcion, prevencion de its y de cancer de cuello uterino",numero de condones entregados,2015-06-01,0,24,120,24,0,168
INGAVI (HUMAITA),"anticoncepcion, prevencion de its y de cancer de cuello uterino",numero de condones entregados,2015-06-01,0,0,15,0,0,15
INQUISIVI,"anticoncepcion, prevencion de its y de cancer de cuello uterino",numero de condones entregados,2015-06-01,0,12,72,12,0,96
IRUPANA (VILLA DE LANZA),"anticoncepcion, prevencion de its y de cancer de cuello uterino",numero de condones entregados,2015-06-01,0,48,69,12,24,153
IXIAMAS,"anticoncepcion, prevencion de its y de cancer de cuello uterino",numero de condones entregados,2015-06-01,0,0,72,12,0,84
JESUS DE MACHACA,"anticoncepcion, prevencion de its y de cancer de cuello uterino",numero de condones entregados,2015-06-01,0,0,36,0,0,36
LA ASUNTA,"anticoncepcion, prevencion de its y de cancer de cuello uterino",numero de condones entregados,2015-06-01,0,36,264,60,0,360
LA GUARDIA,"anticoncepcion, prevencion de its y de cancer de cuello uterino",numero de condones entregados,2015-06-01,0,12,168,34,0,214
LA PAZ,"anticoncepcion, prevencion de its y de cancer de cuello uterino",numero de condones entregados,2015-06-01,0,749,12372,3761,147,17029
LAGUNILLAS,"anticoncepcion, prevencion de its y de cancer de cuello uterino",numero de condones entregados,2015-06-01,0,0,24,0,0,24
LAJA,"anticoncepcion, prevencion de its y de cancer de cuello uterino",numero de condones entregados,2015-06-01,0,24,96,24,0,144
LAS CARRERAS,"anticoncepcion, prevencion de its y de cancer de cuello uterino",numero de condones entregados,2015-06-01,12,12,36,12,0,72
LICOMA PAMPA,"anticoncepcion, prevencion de its y de cancer de cuello uterino",numero de condones entregados,2015-06-01,0,12,24,0,0,36
LLALLAGUA,"anticoncepcion, prevencion de its y de cancer de cuello uterino",numero de condones entregados,2015-06-01,0,60,110,48,0,218
LLICA,"anticoncepcion, prevencion de its y de cancer de cuello uterino",numero de condones entregados,2015-06-01,0,0,36,0,0,36
LORETO,"anticoncepcion, prevencion de its y de cancer de cuello uterino",numero de condones entregados,2015-06-01,0,0,17,12,0,29
LURIBAY,"anticoncepcion, prevencion de its y de cancer de cuello uterino",numero de condones entregados,2015-06-01,0,12,72,36,0,120
MACHACAMARCA,"anticoncepcion, prevencion de its y de cancer de cuello uterino",numero de condones entregados,2015-06-01,0,0,12,0,0,12
MACHARETI,"anticoncepcion, prevencion de its y de cancer de cuello uterino",numero de condones entregados,2015-06-01,0,24,49,24,0,97
MAGDALENA,"anticoncepcion, prevencion de its y de cancer de cuello uterino",numero de condones entregados,2015-06-01,0,0,96,0,0,96
MAIRANA,"anticoncepcion, prevencion de its y de cancer de cuello uterino",numero de condones entregados,2015-06-01,0,24,24,0,0,48
MALLA,"anticoncepcion, prevencion de its y de cancer de cuello uterino",numero de condones entregados,2015-06-01,0,0,0,12,0,12
MECAPACA,"anticoncepcion, prevencion de its y de cancer de cuello uterino",numero de condones entregados,2015-06-01,0,0,73,12,0,85
MINEROS,"anticoncepcion, prevencion de its y de cancer de cuello uterino",numero de condones entregados,2015-06-01,0,0,108,24,0,132
MIZQUE,"anticoncepcion, prevencion de its y de cancer de cuello uterino",numero de condones entregados,2015-06-01,0,36,132,48,0,216
MOCOMOCO,"anticoncepcion, prevencion de its y de cancer de cuello uterino",numero de condones entregados,2015-06-01,0,48,72,36,0,156
MOJINETE,"anticoncepcion, prevencion de its y de cancer de cuello uterino",numero de condones entregados,2015-06-01,0,0,0,12,0,12
MOJOCOYA,"anticoncepcion, prevencion de its y de cancer de cuello uterino",numero de condones entregados,2015-06-01,12,0,21,24,0,57
MONTEAGUDO,"anticoncepcion, prevencion de its y de cancer de cuello uterino",numero de condones entregados,2015-06-01,0,0,354,132,36,522
MONTERO,"anticoncepcion, prevencion de its y de cancer de cuello uterino",numero de condones entregados,2015-06-01,0,60,352,36,12,460
MORO MORO,"anticoncepcion, prevencion de its y de cancer de cuello uterino",numero de condones entregados,2015-06-01,0,24,48,12,12,96
MOROCHATA,"anticoncepcion, prevencion de its y de cancer de cuello uterino",numero de condones entregados,2015-06-01,0,12,24,84,0,120
NUEVO MANOA (NUEVA ESPERANZA),"anticoncepcion, prevencion de its y de cancer de cuello uterino",numero de condones entregados,2015-06-01,0,12,36,0,0,48
OCURI,"anticoncepcion, prevencion de its y de cancer de cuello uterino",numero de condones entregados,2015-06-01,0,12,36,0,0,48
OKINAWA,"anticoncepcion, prevencion de its y de cancer de cuello uterino",numero de condones entregados,2015-06-01,0,120,180,0,0,300
OMEREQUE,"anticoncepcion, prevencion de its y de cancer de cuello uterino",numero de condones entregados,2015-06-01,0,0,60,48,0,108
ORURO,"anticoncepcion, prevencion de its y de cancer de cuello uterino",numero de condones entregados,2015-06-01,0,204,1618,264,0,2086
PADCAYA,"anticoncepcion, prevencion de its y de cancer de cuello uterino",numero de condones entregados,2015-06-01,0,196,386,96,0,678
PADILLA,"anticoncepcion, prevencion de its y de cancer de cuello uterino",numero de condones entregados,2015-06-01,0,12,96,60,0,168
PAILON,"anticoncepcion, prevencion de its y de cancer de cuello uterino",numero de condones entregados,2015-06-01,0,96,168,48,0,312
PALCA,"anticoncepcion, prevencion de its y de cancer de cuello uterino",numero de condones entregados,2015-06-01,0,12,36,12,0,60
PALOS BLANCOS,"anticoncepcion, prevencion de its y de cancer de cuello uterino",numero de condones entregados,2015-06-01,0,48,84,48,0,180
PAMPA AULLAGAS,"anticoncepcion, prevencion de its y de cancer de cuello uterino",numero de condones entregados,2015-06-01,0,0,12,0,0,12
PAMPA GRANDE,"anticoncepcion, prevencion de its y de cancer de cuello uterino",numero de condones entregados,2015-06-01,0,0,24,12,0,36
PAPEL PAMPA,"anticoncepcion, prevencion de its y de cancer de cuello uterino",numero de condones entregados,2015-06-01,0,12,72,12,0,96
PASORAPA,"anticoncepcion, prevencion de its y de cancer de cuello uterino",numero de condones entregados,2015-06-01,0,0,48,12,0,60
PATACAMAYA,"anticoncepcion, prevencion de its y de cancer de cuello uterino",numero de condones entregados,2015-06-01,0,12,0,0,0,12
PAZÑA,"anticoncepcion, prevencion de its y de cancer de cuello uterino",numero de condones entregados,2015-06-01,0,12,96,0,0,108
PELECHUCO,"anticoncepcion, prevencion de its y de cancer de cuello uterino",numero de condones entregados,2015-06-01,0,0,108,36,0,144
POCOATA,"anticoncepcion, prevencion de its y de cancer de cuello uterino",numero de condones entregados,2015-06-01,36,120,120,84,0,360
POCONA,"anticoncepcion, prevencion de its y de cancer de cuello uterino",numero de condones entregados,2015-06-01,0,12,120,48,0,180
POJO (CBBA),"anticoncepcion, prevencion de its y de cancer de cuello uterino",numero de condones entregados,2015-06-01,12,36,72,36,0,156
POOPO,"anticoncepcion, prevencion de its y de cancer de cuello uterino",numero de condones entregados,2015-06-01,0,0,36,0,0,36
PORCO,"anticoncepcion, prevencion de its y de cancer de cuello uterino",numero de condones entregados,2015-06-01,0,24,48,0,0,72
PORONGO,"anticoncepcion, prevencion de its y de cancer de cuello uterino",numero de condones entregados,2015-06-01,0,12,84,24,0,120
PORTACHUELO,"anticoncepcion, prevencion de its y de cancer de cuello uterino",numero de condones entregados,2015-06-01,0,24,72,12,0,108
PORVENIR,"anticoncepcion, prevencion de its y de cancer de cuello uterino",numero de condones entregados,2015-06-01,0,24,36,12,0,72
POSTRER VALLE,"anticoncepcion, prevencion de its y de cancer de cuello uterino",numero de condones entregados,2015-06-01,0,24,12,12,0,48
POTOSI,"anticoncepcion, prevencion de its y de cancer de cuello uterino",numero de condones entregados,2015-06-01,0,108,845,93,0,1046
PRESTO,"anticoncepcion, prevencion de its y de cancer de cuello uterino",numero de condones entregados,2015-06-01,0,0,108,36,0,144
PUCARANI,"anticoncepcion, prevencion de its y de cancer de cuello uterino",numero de condones entregados,2015-06-01,0,0,120,48,0,168
PUERTO ACOSTA,"anticoncepcion, prevencion de its y de cancer de cuello uterino",numero de condones entregados,2015-06-01,0,24,8,8,0,40
PUERTO CARABUCO,"anticoncepcion, prevencion de its y de cancer de cuello uterino",numero de condones entregados,2015-06-01,0,24,48,12,0,84
PUERTO GONZALO MORENO,"anticoncepcion, prevencion de its y de cancer de cuello uterino",numero de condones entregados,2015-06-01,12,12,12,0,0,36
PUERTO PEREZ,"anticoncepcion, prevencion de its y de cancer de cuello uterino",numero de condones entregados,2015-06-01,0,0,12,48,0,60
PUERTO QUIJARRO,"anticoncepcion, prevencion de its y de cancer de cuello uterino",numero de condones entregados,2015-06-01,0,14,144,12,0,170
PUERTO RICO,"anticoncepcion, prevencion de its y de cancer de cuello uterino",numero de condones entregados,2015-06-01,0,0,24,0,0,24
PUERTO SILES,"anticoncepcion, prevencion de its y de cancer de cuello uterino",numero de condones entregados,2015-06-01,0,0,12,12,0,24
PUERTO SUAREZ,"anticoncepcion, prevencion de its y de cancer de cuello uterino",numero de condones entregados,2015-06-01,0,0,27,0,0,27
PUERTO VILLARROEL,"anticoncepcion, prevencion de its y de cancer de cuello uterino",numero de condones entregados,2015-06-01,0,60,444,96,0,600
PUNA,"anticoncepcion, prevencion de its y de cancer de cuello uterino",numero de condones entregados,2015-06-01,0,12,48,12,0,72
PUNATA,"anticoncepcion, prevencion de its y de cancer de cuello uterino",numero de condones entregados,2015-06-01,0,24,192,60,0,276
QUIABAYA,"anticoncepcion, prevencion de its y de cancer de cuello uterino",numero de condones entregados,2015-06-01,12,24,12,0,0,48
QUILLACOLLO,"anticoncepcion, prevencion de its y de cancer de cuello uterino",numero de condones entregados,2015-06-01,0,28,77,14,0,119
QUIME,"anticoncepcion, prevencion de its y de cancer de cuello uterino",numero de condones entregados,2015-06-01,0,12,60,12,0,84
QUIRUSILLAS,"anticoncepcion, prevencion de its y de cancer de cuello uterino",numero de condones entregados,2015-06-01,0,0,24,0,0,24
RAVELO,"anticoncepcion, prevencion de its y de cancer de cuello uterino",numero de condones entregados,2015-06-01,0,12,36,36,0,84
REYES,"anticoncepcion, prevencion de its y de cancer de cuello uterino",numero de condones entregados,2015-06-01,0,36,132,24,0,192
RIBERALTA,"anticoncepcion, prevencion de its y de cancer de cuello uterino",numero de condones entregados,2015-06-01,35,147,774,190,0,1146
ROBORE,"anticoncepcion, prevencion de its y de cancer de cuello uterino",numero de condones entregados,2015-06-01,0,60,84,24,0,168
RURRENABAQUE,"anticoncepcion, prevencion de its y de cancer de cuello uterino",numero de condones entregados,2015-06-01,0,24,48,0,0,72
SACABA,"anticoncepcion, prevencion de its y de cancer de cuello uterino",numero de condones entregados,2015-06-01,0,192,936,216,0,1344
SACACA,"anticoncepcion, prevencion de its y de cancer de cuello uterino",numero de condones entregados,2015-06-01,0,12,27,0,0,39
SAIPINA,"anticoncepcion, prevencion de its y de cancer de cuello uterino",numero de condones entregados,2015-06-01,0,12,0,0,0,12
SALINAS DE GARCI MENDOZA,"anticoncepcion, prevencion de its y de cancer de cuello uterino",numero de condones entregados,2015-06-01,0,72,216,24,0,312
SAMAIPATA,"anticoncepcion, prevencion de its y de cancer de cuello uterino",numero de condones entregados,2015-06-01,0,0,36,0,0,36
SAN AGUSTIN,"anticoncepcion, prevencion de its y de cancer de cuello uterino",numero de condones entregados,2015-06-01,0,3,25,0,0,28
SAN ANDRES,"anticoncepcion, prevencion de its y de cancer de cuello uterino",numero de condones entregados,2015-06-01,24,12,61,24,0,121
SAN ANDRES DE MACHACA,"anticoncepcion, prevencion de its y de cancer de cuello uterino",numero de condones entregados,2015-06-01,0,0,36,0,0,36
SAN ANTONIO DE ESMORUCO,"anticoncepcion, prevencion de its y de cancer de cuello uterino",numero de condones entregados,2015-06-01,0,0,12,0,0,12
SAN ANTONIO DE LOMERIO,"anticoncepcion, prevencion de its y de cancer de cuello uterino",numero de condones entregados,2015-06-01,120,108,60,12,0,300
SAN BORJA,"anticoncepcion, prevencion de its y de cancer de cuello uterino",numero de condones entregados,2015-06-01,0,36,180,84,0,300
SAN BUENA VENTURA,"anticoncepcion, prevencion de its y de cancer de cuello uterino",numero de condones entregados,2015-06-01,0,0,24,0,0,24
SAN CARLOS,"anticoncepcion, prevencion de its y de cancer de cuello uterino",numero de condones entregados,2015-06-01,0,48,144,120,12,324
SAN IGNACIO,"anticoncepcion, prevencion de its y de cancer de cuello uterino",numero de condones entregados,2015-06-01,0,0,220,24,0,244
SAN IGNACIO DE VELASCO,"anticoncepcion, prevencion de its y de cancer de cuello uterino",numero de condones entregados,2015-06-01,0,48,168,48,0,264
SAN JAVIER(BNI),"anticoncepcion, prevencion de its y de cancer de cuello uterino",numero de condones entregados,2015-06-01,0,12,24,12,0,48
SAN JAVIER(STC),"anticoncepcion, prevencion de its y de cancer de cuello uterino",numero de condones entregados,2015-06-01,0,0,12,0,0,12
SAN JOSE DE CHIQUITOS,"anticoncepcion, prevencion de its y de cancer de cuello uterino",numero de condones entregados,2015-06-01,0,12,96,0,0,108
SAN JUAN DE YAPACANI,"anticoncepcion, prevencion de its y de cancer de cuello uterino",numero de condones entregados,2015-06-01,0,12,36,12,0,60
SAN JULIAN,"anticoncepcion, prevencion de its y de cancer de cuello uterino",numero de condones entregados,2015-06-01,0,0,48,36,0,84
SAN LORENZO(PND),"anticoncepcion, prevencion de its y de cancer de cuello uterino",numero de condones entregados,2015-06-01,0,12,60,48,0,120
SAN LORENZO(TJA),"anticoncepcion, prevencion de its y de cancer de cuello uterino",numero de condones entregados,2015-06-01,0,12,48,36,0,96
SAN LUCAS,"anticoncepcion, prevencion de its y de cancer de cuello uterino",numero de condones entregados,2015-06-01,0,96,228,72,0,396
SAN MATIAS,"anticoncepcion, prevencion de its y de cancer de cuello uterino",numero de condones entregados,2015-06-01,0,12,12,0,0,24
SAN MIGUEL DE VELASCO,"anticoncepcion, prevencion de its y de cancer de cuello uterino",numero de condones entregados,2015-06-01,0,0,72,24,0,96
SAN PABLO DE LIPEZ,"anticoncepcion, prevencion de its y de cancer de cuello uterino",numero de condones entregados,2015-06-01,0,0,24,0,0,24
SAN PEDRO,"anticoncepcion, prevencion de its y de cancer de cuello uterino",numero de condones entregados,2015-06-01,0,12,60,60,0,132
SAN PEDRO DE BUENA VISTA,"anticoncepcion, prevencion de its y de cancer de cuello uterino",numero de condones entregados,2015-06-01,0,12,60,0,12,84
SAN PEDRO DE QUEMES,"anticoncepcion, prevencion de its y de cancer de cuello uterino",numero de condones entregados,2015-06-01,0,0,12,0,0,12
SAN PEDRO DE TIQUINA,"anticoncepcion, prevencion de its y de cancer de cuello uterino",numero de condones entregados,2015-06-01,0,0,36,0,0,36
SAN RAFAEL,"anticoncepcion, prevencion de its y de cancer de cuello uterino",numero de condones entregados,2015-06-01,0,0,84,0,0,84
SAN RAMON SCZ,"anticoncepcion, prevencion de its y de cancer de cuello uterino",numero de condones entregados,2015-06-01,0,36,36,0,0,72
SANTA ANA,"anticoncepcion, prevencion de its y de cancer de cuello uterino",numero de condones entregados,2015-06-01,0,42,51,45,0,138
SANTA CRUZ DE LA SIERRA,"anticoncepcion, prevencion de its y de cancer de cuello uterino",numero de condones entregados,2015-06-01,29,406,2295,625,0,3355
SANTA ROSA DEL SARA,"anticoncepcion, prevencion de its y de cancer de cuello uterino",numero de condones entregados,2015-06-01,0,96,120,36,0,252
SANTIAGO DE HUARI,"anticoncepcion, prevencion de its y de cancer de cuello uterino",numero de condones entregados,2015-06-01,0,0,36,24,0,60
SANTIAGO DE HUATA,"anticoncepcion, prevencion de its y de cancer de cuello uterino",numero de condones entregados,2015-06-01,0,0,12,0,0,12
SANTIAGO DE MACHACA,"anticoncepcion, prevencion de its y de cancer de cuello uterino",numero de condones entregados,2015-06-01,0,0,24,0,0,24
SANTIVAÑES,"anticoncepcion, prevencion de its y de cancer de cuello uterino",numero de condones entregados,2015-06-01,0,12,24,0,0,36
SANTUARIO DE QUILLACAS,"anticoncepcion, prevencion de its y de cancer de cuello uterino",numero de condones entregados,2015-06-01,0,24,108,60,12,204
SAPAHAQUI,"anticoncepcion, prevencion de its y de cancer de cuello uterino",numero de condones entregados,2015-06-01,12,0,48,0,0,60
SICA SICA (VILLA AROMA),"anticoncepcion, prevencion de its y de cancer de cuello uterino",numero de condones entregados,2015-06-01,0,12,108,12,12,144
SICAYA,"anticoncepcion, prevencion de its y de cancer de cuello uterino",numero de condones entregados,2015-06-01,0,0,12,0,0,12
SIPE SIPE,"anticoncepcion, prevencion de its y de cancer de cuello uterino",numero de condones entregados,2015-06-01,0,36,72,0,0,108
SOPACHUY,"anticoncepcion, prevencion de its y de cancer de cuello uterino",numero de condones entregados,2015-06-01,0,0,48,24,0,72
SORACACHI,"anticoncepcion, prevencion de its y de cancer de cuello uterino",numero de condones entregados,2015-06-01,0,12,72,0,0,84
SORATA,"anticoncepcion, prevencion de its y de cancer de cuello uterino",numero de condones entregados,2015-06-01,0,0,60,0,0,60
SUCRE,"anticoncepcion, prevencion de its y de cancer de cuello uterino",numero de condones entregados,2015-06-01,0,1488,4201,2040,0,7729
TACACOMA,"anticoncepcion, prevencion de its y de cancer de cuello uterino",numero de condones entregados,2015-06-01,0,0,3,12,0,15
TACOBAMBA,"anticoncepcion, prevencion de its y de cancer de cuello uterino",numero de condones entregados,2015-06-01,0,0,12,36,0,48
TACOPAYA,"anticoncepcion, prevencion de its y de cancer de cuello uterino",numero de condones entregados,2015-06-01,0,0,24,0,0,24
TAPACARI,"anticoncepcion, prevencion de its y de cancer de cuello uterino",numero de condones entregados,2015-06-01,0,12,120,84,0,216
TARABUCO,"anticoncepcion, prevencion de its y de cancer de cuello uterino",numero de condones entregados,2015-06-01,0,12,120,0,0,132
TARACO,"anticoncepcion, prevencion de its y de cancer de cuello uterino",numero de condones entregados,2015-06-01,0,12,24,12,0,48
TARATA,"anticoncepcion, prevencion de its y de cancer de cuello uterino",numero de condones entregados,2015-06-01,0,36,24,0,12,72
TARIJA,"anticoncepcion, prevencion de its y de cancer de cuello uterino",numero de condones entregados,2015-06-01,0,36,315,174,0,525
TARVITA,"anticoncepcion, prevencion de its y de cancer de cuello uterino",numero de condones entregados,2015-06-01,0,48,48,36,12,144
TEOPONTE,"anticoncepcion, prevencion de its y de cancer de cuello uterino",numero de condones entregados,2015-06-01,0,12,48,0,0,60
TIAWANACU,"anticoncepcion, prevencion de its y de cancer de cuello uterino",numero de condones entregados,2015-06-01,0,24,60,0,0,84
TINGUIPAYA,"anticoncepcion, prevencion de its y de cancer de cuello uterino",numero de condones entregados,2015-06-01,0,0,12,24,0,36
TIPUANI,"anticoncepcion, prevencion de its y de cancer de cuello uterino",numero de condones entregados,2015-06-01,0,0,0,12,0,12
TIQUIPAYA,"anticoncepcion, prevencion de its y de cancer de cuello uterino",numero de condones entregados,2015-06-01,0,48,229,24,0,301
TIRAQUE (CBBA),"anticoncepcion, prevencion de its y de cancer de cuello uterino",numero de condones entregados,2015-06-01,0,0,48,12,0,60
TITO YUPANQUI (PARQUIPUJIO),"anticoncepcion, prevencion de its y de cancer de cuello uterino",numero de condones entregados,2015-06-01,0,0,12,12,0,24
TOCO,"anticoncepcion, prevencion de its y de cancer de cuello uterino",numero de condones entregados,2015-06-01,0,12,36,0,0,48
TODOS SANTOS,"anticoncepcion, prevencion de its y de cancer de cuello uterino",numero de condones entregados,2015-06-01,0,0,24,0,0,24
TOLATA,"anticoncepcion, prevencion de its y de cancer de cuello uterino",numero de condones entregados,2015-06-01,0,12,48,36,0,96
TOLEDO,"anticoncepcion, prevencion de its y de cancer de cuello uterino",numero de condones entregados,2015-06-01,0,12,12,12,0,36
TOMAVE,"anticoncepcion, prevencion de its y de cancer de cuello uterino",numero de condones entregados,2015-06-01,0,36,120,60,0,216
TOMINA,"anticoncepcion, prevencion de its y de cancer de cuello uterino",numero de condones entregados,2015-06-01,0,12,168,36,0,216
TORO TORO,"anticoncepcion, prevencion de its y de cancer de cuello uterino",numero de condones entregados,2015-06-01,0,0,60,0,0,60
TOTORA(CBBA),"anticoncepcion, prevencion de its y de cancer de cuello uterino",numero de condones entregados,2015-06-01,0,24,24,12,0,60
TOTORA(ORR),"anticoncepcion, prevencion de its y de cancer de cuello uterino",numero de condones entregados,2015-06-01,0,12,48,0,0,60
TRIGAL,"anticoncepcion, prevencion de its y de cancer de cuello uterino",numero de condones entregados,2015-06-01,0,12,24,0,0,36
TRINIDAD,"anticoncepcion, prevencion de its y de cancer de cuello uterino",numero de condones entregados,2015-06-01,0,1152,207,0,0,1359
TUPIZA,"anticoncepcion, prevencion de its y de cancer de cuello uterino",numero de condones entregados,2015-06-01,0,36,270,84,0,390
TURCO,"anticoncepcion, prevencion de its y de cancer de cuello uterino",numero de condones entregados,2015-06-01,0,0,24,60,0,84
UMALA,"anticoncepcion, prevencion de its y de cancer de cuello uterino",numero de condones entregados,2015-06-01,0,0,24,0,0,24
UNCIA,"anticoncepcion, prevencion de its y de cancer de cuello uterino",numero de condones entregados,2015-06-01,0,12,84,48,0,144
URIONDO (A. CONCEPCION),"anticoncepcion, prevencion de its y de cancer de cuello uterino",numero de condones entregados,2015-06-01,0,48,93,60,0,201
URUBICHA,"anticoncepcion, prevencion de its y de cancer de cuello uterino",numero de condones entregados,2015-06-01,0,24,24,0,0,48
UYUNI,"anticoncepcion, prevencion de its y de cancer de cuello uterino",numero de condones entregados,2015-06-01,0,0,120,24,0,144
VACAS,"anticoncepcion, prevencion de its y de cancer de cuello uterino",numero de condones entregados,2015-06-01,0,12,16,1,0,29
VALLEGRANDE,"anticoncepcion, prevencion de its y de cancer de cuello uterino",numero de condones entregados,2015-06-01,0,84,108,36,0,228
VIACHA,"anticoncepcion, prevencion de its y de cancer de cuello uterino",numero de condones entregados,2015-06-01,0,36,204,96,0,336
VILA VILA,"anticoncepcion, prevencion de its y de cancer de cuello uterino",numero de condones entregados,2015-06-01,0,0,12,0,0,12
VILLA CHARCAS,"anticoncepcion, prevencion de its y de cancer de cuello uterino",numero de condones entregados,2015-06-01,0,24,48,36,0,108
VILLA MONTES,"anticoncepcion, prevencion de its y de cancer de cuello uterino",numero de condones entregados,2015-06-01,0,26,214,40,1,281
VILLA NUEVA (LOMA ALTA),"anticoncepcion, prevencion de its y de cancer de cuello uterino",numero de condones entregados,2015-06-01,0,48,12,24,0,84
VILLA RIVERO,"anticoncepcion, prevencion de its y de cancer de cuello uterino",numero de condones entregados,2015-06-01,0,12,48,0,0,60
VILLA SERRANO,"anticoncepcion, prevencion de its y de cancer de cuello uterino",numero de condones entregados,2015-06-01,0,12,24,48,0,84
VILLA TUNARI,"anticoncepcion, prevencion de its y de cancer de cuello uterino",numero de condones entregados,2015-06-01,12,59,795,36,0,902
VILLA VACA GUZMAN (MUYUPAMPA),"anticoncepcion, prevencion de its y de cancer de cuello uterino",numero de condones entregados,2015-06-01,0,12,48,36,0,96
VILLAZON,"anticoncepcion, prevencion de its y de cancer de cuello uterino",numero de condones entregados,2015-06-01,0,84,255,60,0,399
VINTO,"anticoncepcion, prevencion de its y de cancer de cuello uterino",numero de condones entregados,2015-06-01,0,132,192,108,0,432
VITICHI,"anticoncepcion, prevencion de its y de cancer de cuello uterino",numero de condones entregados,2015-06-01,0,48,84,36,0,168
WARNES,"anticoncepcion, prevencion de its y de cancer de cuello uterino",numero de condones entregados,2015-06-01,12,39,36,372,0,459
YACO,"anticoncepcion, prevencion de its y de cancer de cuello uterino",numero de condones entregados,2015-06-01,0,24,24,0,0,48
YACUIBA,"anticoncepcion, prevencion de its y de cancer de cuello uterino",numero de condones entregados,2015-06-01,12,202,698,213,22,1147
YANACACHI,"anticoncepcion, prevencion de its y de cancer de cuello uterino",numero de condones entregados,2015-06-01,0,24,24,12,0,60
YAPACANI,"anticoncepcion, prevencion de its y de cancer de cuello uterino",numero de condones entregados,2015-06-01,0,120,348,60,0,528
YOCALLA,"anticoncepcion, prevencion de its y de cancer de cuello uterino",numero de condones entregados,2015-06-01,0,12,0,12,0,24
YOTALA,"anticoncepcion, prevencion de its y de cancer de cuello uterino",numero de condones entregados,2015-06-01,0,12,48,24,0,84
YUNCHARA,"anticoncepcion, prevencion de its y de cancer de cuello uterino",numero de condones entregados,2015-06-01,0,80,143,24,0,247
ZUDAÑEZ,"anticoncepcion, prevencion de its y de cancer de cuello uterino",numero de condones entregados,2015-06-01,0,24,12,24,0,60
ACACIO,"anticoncepcion, prevencion de its y de cancer de cuello uterino",numero de condones entregados,2015-07-01,0,0,48,24,0,72
ACHACACHI,"anticoncepcion, prevencion de its y de cancer de cuello uterino",numero de condones entregados,2015-07-01,0,0,108,48,0,156
ACHOCALLA,"anticoncepcion, prevencion de its y de cancer de cuello uterino",numero de condones entregados,2015-07-01,0,0,144,12,0,156
AIQUILE,"anticoncepcion, prevencion de its y de cancer de cuello uterino",numero de condones entregados,2015-07-01,0,24,84,24,0,132
ALCALA,"anticoncepcion, prevencion de its y de cancer de cuello uterino",numero de condones entregados,2015-07-01,0,0,48,24,0,72
ALTO BENI,"anticoncepcion, prevencion de its y de cancer de cuello uterino",numero de condones entregados,2015-07-01,0,36,60,48,0,144
ANCORAIMES,"anticoncepcion, prevencion de its y de cancer de cuello uterino",numero de condones entregados,2015-07-01,0,0,36,24,0,60
ANDAMARCA,"anticoncepcion, prevencion de its y de cancer de cuello uterino",numero de condones entregados,2015-07-01,0,48,60,24,0,132
ANZALDO,"anticoncepcion, prevencion de its y de cancer de cuello uterino",numero de condones entregados,2015-07-01,0,0,36,12,0,48
APOLO,"anticoncepcion, prevencion de its y de cancer de cuello uterino",numero de condones entregados,2015-07-01,0,0,60,24,0,84
ARAMPAMPA,"anticoncepcion, prevencion de its y de cancer de cuello uterino",numero de condones entregados,2015-07-01,0,0,12,12,0,24
ARBIETO,"anticoncepcion, prevencion de its y de cancer de cuello uterino",numero de condones entregados,2015-07-01,0,48,84,36,0,168
ARQUE,"anticoncepcion, prevencion de its y de cancer de cuello uterino",numero de condones entregados,2015-07-01,0,0,0,24,0,24
ASCENCION DE GUARAYOS,"anticoncepcion, prevencion de its y de cancer de cuello uterino",numero de condones entregados,2015-07-01,0,15,24,0,1,40
ATOCHA,"anticoncepcion, prevencion de its y de cancer de cuello uterino",numero de condones entregados,2015-07-01,0,0,53,0,0,53
AUCAPATA,"anticoncepcion, prevencion de its y de cancer de cuello uterino",numero de condones entregados,2015-07-01,0,0,24,0,0,24
AYATA,"anticoncepcion, prevencion de its y de cancer de cuello uterino",numero de condones entregados,2015-07-01,0,0,24,0,0,24
AYO AYO,"anticoncepcion, prevencion de its y de cancer de cuello uterino",numero de condones entregados,2015-07-01,0,0,48,0,0,48
AYOPAYA (V. DE INDEPENDENCIA),"anticoncepcion, prevencion de its y de cancer de cuello uterino",numero de condones entregados,2015-07-01,0,24,156,84,12,276
AZURDUY,"anticoncepcion, prevencion de its y de cancer de cuello uterino",numero de condones entregados,2015-07-01,0,0,36,72,0,108
BATALLAS,"anticoncepcion, prevencion de its y de cancer de cuello uterino",numero de condones entregados,2015-07-01,0,0,12,0,0,12
BELEN DE ANDAMARCA,"anticoncepcion, prevencion de its y de cancer de cuello uterino",numero de condones entregados,2015-07-01,0,0,24,12,0,36
BELEN DE URMIRI,"anticoncepcion, prevencion de its y de cancer de cuello uterino",numero de condones entregados,2015-07-01,0,0,384,0,0,384
BELLA FLOR,"anticoncepcion, prevencion de its y de cancer de cuello uterino",numero de condones entregados,2015-07-01,0,0,48,0,0,48
BERMEJO,"anticoncepcion, prevencion de its y de cancer de cuello uterino",numero de condones entregados,2015-07-01,32,88,984,408,56,1568
BETANZOS,"anticoncepcion, prevencion de its y de cancer de cuello uterino",numero de condones entregados,2015-07-01,0,12,76,0,0,88
BOLPEBRA,"anticoncepcion, prevencion de its y de cancer de cuello uterino",numero de condones entregados,2015-07-01,12,24,24,0,0,60
BOYUIBE,"anticoncepcion, prevencion de its y de cancer de cuello uterino",numero de condones entregados,2015-07-01,0,0,36,0,0,36
BUENA VISTA,"anticoncepcion, prevencion de its y de cancer de cuello uterino",numero de condones entregados,2015-07-01,0,60,120,36,0,216
CABEZAS,"anticoncepcion, prevencion de its y de cancer de cuello uterino",numero de condones entregados,2015-07-01,0,144,1044,156,0,1344
CAIROMA,"anticoncepcion, prevencion de its y de cancer de cuello uterino",numero de condones entregados,2015-07-01,0,12,48,0,0,60
"CAIZA ""D""","anticoncepcion, prevencion de its y de cancer de cuello uterino",numero de condones entregados,2015-07-01,0,0,25,0,0,25
CAJUATA,"anticoncepcion, prevencion de its y de cancer de cuello uterino",numero de condones entregados,2015-07-01,0,36,144,0,0,180
CALACOTO,"anticoncepcion, prevencion de its y de cancer de cuello uterino",numero de condones entregados,2015-07-01,0,0,36,0,0,36
CALAMARCA,"anticoncepcion, prevencion de its y de cancer de cuello uterino",numero de condones entregados,2015-07-01,0,36,84,0,0,120
CAMARGO,"anticoncepcion, prevencion de its y de cancer de cuello uterino",numero de condones entregados,2015-07-01,0,12,36,60,0,108
CAMATAQUI (C. VILLA ABECIA),"anticoncepcion, prevencion de its y de cancer de cuello uterino",numero de condones entregados,2015-07-01,0,0,72,0,0,72
CAMIRI,"anticoncepcion, prevencion de its y de cancer de cuello uterino",numero de condones entregados,2015-07-01,0,0,276,36,0,312
CAPINOTA,"anticoncepcion, prevencion de its y de cancer de cuello uterino",numero de condones entregados,2015-07-01,0,12,96,12,0,120
CAQUIAVIRI,"anticoncepcion, prevencion de its y de cancer de cuello uterino",numero de condones entregados,2015-07-01,0,0,0,24,0,24
CARACOLLO,"anticoncepcion, prevencion de its y de cancer de cuello uterino",numero de condones entregados,2015-07-01,0,0,72,36,12,120
CARANAVI,"anticoncepcion, prevencion de its y de cancer de cuello uterino",numero de condones entregados,2015-07-01,0,60,204,96,0,360
CARAPARI,"anticoncepcion, prevencion de its y de cancer de cuello uterino",numero de condones entregados,2015-07-01,0,0,32,44,0,76
CARIPUYO,"anticoncepcion, prevencion de its y de cancer de cuello uterino",numero de condones entregados,2015-07-01,0,0,12,24,0,36
CHACARILLA,"anticoncepcion, prevencion de its y de cancer de cuello uterino",numero de condones entregados,2015-07-01,0,0,12,0,0,12
CHALLAPATA,"anticoncepcion, prevencion de its y de cancer de cuello uterino",numero de condones entregados,2015-07-01,0,12,84,84,0,180
CHAQUI,"anticoncepcion, prevencion de its y de cancer de cuello uterino",numero de condones entregados,2015-07-01,0,12,84,60,0,156
CHAYANTA,"anticoncepcion, prevencion de its y de cancer de cuello uterino",numero de condones entregados,2015-07-01,0,36,84,24,0,144
CHIMORE,"anticoncepcion, prevencion de its y de cancer de cuello uterino",numero de condones entregados,2015-07-01,0,84,696,204,12,996
CHIPAYA,"anticoncepcion, prevencion de its y de cancer de cuello uterino",numero de condones entregados,2015-07-01,0,0,24,12,0,36
CHOQUE COTA,"anticoncepcion, prevencion de its y de cancer de cuello uterino",numero de condones entregados,2015-07-01,0,0,12,12,0,24
CHUA COCANI,"anticoncepcion, prevencion de its y de cancer de cuello uterino",numero de condones entregados,2015-07-01,0,0,12,0,0,12
CHULUMANI (V. DE LA LIBERTAD),"anticoncepcion, prevencion de its y de cancer de cuello uterino",numero de condones entregados,2015-07-01,0,0,12,0,0,12
CHUMA,"anticoncepcion, prevencion de its y de cancer de cuello uterino",numero de condones entregados,2015-07-01,0,12,60,24,0,96
CKOCHAS,"anticoncepcion, prevencion de its y de cancer de cuello uterino",numero de condones entregados,2015-07-01,0,0,24,72,0,96
CLIZA,"anticoncepcion, prevencion de its y de cancer de cuello uterino",numero de condones entregados,2015-07-01,0,0,96,12,0,108
COBIJA,"anticoncepcion, prevencion de its y de cancer de cuello uterino",numero de condones entregados,2015-07-01,0,24,156,12,0,192
COCAPATA,"anticoncepcion, prevencion de its y de cancer de cuello uterino",numero de condones entregados,2015-07-01,0,0,108,12,0,120
COCHABAMBA,"anticoncepcion, prevencion de its y de cancer de cuello uterino",numero de condones entregados,2015-07-01,12,216,3666,429,12,4335
COIPASA,"anticoncepcion, prevencion de its y de cancer de cuello uterino",numero de condones entregados,2015-07-01,0,0,1,0,0,1
COLCAPIRHUA,"anticoncepcion, prevencion de its y de cancer de cuello uterino",numero de condones entregados,2015-07-01,0,24,144,0,0,168
"COLCHA ""K""","anticoncepcion, prevencion de its y de cancer de cuello uterino",numero de condones entregados,2015-07-01,0,36,116,84,12,248
COLLANA,"anticoncepcion, prevencion de its y de cancer de cuello uterino",numero de condones entregados,2015-07-01,0,0,12,0,0,12
COLOMI,"anticoncepcion, prevencion de its y de cancer de cuello uterino",numero de condones entregados,2015-07-01,0,0,24,36,0,60
COLPA BELGICA,"anticoncepcion, prevencion de its y de cancer de cuello uterino",numero de condones entregados,2015-07-01,0,12,108,24,0,144
COLQUECHACA,"anticoncepcion, prevencion de its y de cancer de cuello uterino",numero de condones entregados,2015-07-01,0,48,96,60,0,204
COLQUENCHA,"anticoncepcion, prevencion de its y de cancer de cuello uterino",numero de condones entregados,2015-07-01,0,0,48,48,0,96
COLQUIRI,"anticoncepcion, prevencion de its y de cancer de cuello uterino",numero de condones entregados,2015-07-01,0,12,12,36,0,60
COMARAPA,"anticoncepcion, prevencion de its y de cancer de cuello uterino",numero de condones entregados,2015-07-01,0,48,108,24,0,180
COPACABANA,"anticoncepcion, prevencion de its y de cancer de cuello uterino",numero de condones entregados,2015-07-01,0,12,12,0,0,24
CORIPATA,"anticoncepcion, prevencion de its y de cancer de cuello uterino",numero de condones entregados,2015-07-01,0,12,72,12,0,96
CORO CORO,"anticoncepcion, prevencion de its y de cancer de cuello uterino",numero de condones entregados,2015-07-01,0,0,12,12,0,24
COROICO,"anticoncepcion, prevencion de its y de cancer de cuello uterino",numero de condones entregados,2015-07-01,0,24,24,0,0,48
CORQUE,"anticoncepcion, prevencion de its y de cancer de cuello uterino",numero de condones entregados,2015-07-01,0,0,48,12,0,60
COTAGAITA,"anticoncepcion, prevencion de its y de cancer de cuello uterino",numero de condones entregados,2015-07-01,0,24,302,48,0,374
COTOCA,"anticoncepcion, prevencion de its y de cancer de cuello uterino",numero de condones entregados,2015-07-01,0,96,444,72,0,612
CRUZ DE MACHACAMARCA,"anticoncepcion, prevencion de its y de cancer de cuello uterino",numero de condones entregados,2015-07-01,0,0,24,0,0,24
CUATRO CAÑADAS,"anticoncepcion, prevencion de its y de cancer de cuello uterino",numero de condones entregados,2015-07-01,0,36,108,48,0,192
CUCHUMUELA (V. G. VILLARROEL),"anticoncepcion, prevencion de its y de cancer de cuello uterino",numero de condones entregados,2015-07-01,0,36,60,0,0,96
CUEVO,"anticoncepcion, prevencion de its y de cancer de cuello uterino",numero de condones entregados,2015-07-01,0,0,24,0,0,24
CULPINA,"anticoncepcion, prevencion de its y de cancer de cuello uterino",numero de condones entregados,2015-07-01,0,12,96,72,0,180
CURAHUARA DE CARANGAS,"anticoncepcion, prevencion de its y de cancer de cuello uterino",numero de condones entregados,2015-07-01,0,0,84,0,0,84
CURVA,"anticoncepcion, prevencion de its y de cancer de cuello uterino",numero de condones entregados,2015-07-01,0,0,36,0,0,36
DESAGUADERO,"anticoncepcion, prevencion de its y de cancer de cuello uterino",numero de condones entregados,2015-07-01,0,0,12,0,0,12
EL ALTO,"anticoncepcion, prevencion de its y de cancer de cuello uterino",numero de condones entregados,2015-07-01,0,2551,8249,3040,2198,16038
EL CHORO,"anticoncepcion, prevencion de its y de cancer de cuello uterino",numero de condones entregados,2015-07-01,0,0,24,24,0,48
EL PUENTE(STC),"anticoncepcion, prevencion de its y de cancer de cuello uterino",numero de condones entregados,2015-07-01,0,0,39,14,0,53
EL PUENTE(TJA),"anticoncepcion, prevencion de its y de cancer de cuello uterino",numero de condones entregados,2015-07-01,0,20,256,207,0,483
EL TORNO,"anticoncepcion, prevencion de its y de cancer de cuello uterino",numero de condones entregados,2015-07-01,36,192,516,84,0,828
EL VILLAR,"anticoncepcion, prevencion de its y de cancer de cuello uterino",numero de condones entregados,2015-07-01,0,0,48,12,0,60
ENTRE RIOS TRJ,"anticoncepcion, prevencion de its y de cancer de cuello uterino",numero de condones entregados,2015-07-01,0,0,147,56,0,203
ENTRE RIOS CBBA,"anticoncepcion, prevencion de its y de cancer de cuello uterino",numero de condones entregados,2015-07-01,0,96,324,36,0,456
ESCOMA,"anticoncepcion, prevencion de its y de cancer de cuello uterino",numero de condones entregados,2015-07-01,0,0,12,0,0,12
EUCALIPTUS,"anticoncepcion, prevencion de its y de cancer de cuello uterino",numero de condones entregados,2015-07-01,0,0,12,12,0,24
EUREKA (SANTOS MERCADO),"anticoncepcion, prevencion de its y de cancer de cuello uterino",numero de condones entregados,2015-07-01,0,0,12,0,0,12
FERNANDEZ ALONSO,"anticoncepcion, prevencion de its y de cancer de cuello uterino",numero de condones entregados,2015-07-01,0,0,48,0,0,48
FILADELFIA,"anticoncepcion, prevencion de its y de cancer de cuello uterino",numero de condones entregados,2015-07-01,12,0,24,24,0,60
GENERAL SAAVEDRA,"anticoncepcion, prevencion de its y de cancer de cuello uterino",numero de condones entregados,2015-07-01,0,0,58,0,0,58
GRAL. J.J. PEREZ (CHARAZANI),"anticoncepcion, prevencion de its y de cancer de cuello uterino",numero de condones entregados,2015-07-01,0,24,84,24,0,132
GUANAY,"anticoncepcion, prevencion de its y de cancer de cuello uterino",numero de condones entregados,2015-07-01,0,12,12,12,0,36
GUAQUI,"anticoncepcion, prevencion de its y de cancer de cuello uterino",numero de condones entregados,2015-07-01,0,12,24,12,0,48
GUAYARAMERIN,"anticoncepcion, prevencion de its y de cancer de cuello uterino",numero de condones entregados,2015-07-01,0,78,693,133,10,914
GUTIERREZ,"anticoncepcion, prevencion de its y de cancer de cuello uterino",numero de condones entregados,2015-07-01,0,0,24,13,0,37
HUACARETA,"anticoncepcion, prevencion de its y de cancer de cuello uterino",numero de condones entregados,2015-07-01,0,0,60,12,0,72
HUACAYA (VILLA DE HUACAYA),"anticoncepcion, prevencion de its y de cancer de cuello uterino",numero de condones entregados,2015-07-01,0,0,24,0,0,24
HUACHACALLA,"anticoncepcion, prevencion de its y de cancer de cuello uterino",numero de condones entregados,2015-07-01,0,0,0,12,0,12
HUANUNI,"anticoncepcion, prevencion de its y de cancer de cuello uterino",numero de condones entregados,2015-07-01,0,0,48,12,0,60
HUARACAJE,"anticoncepcion, prevencion de its y de cancer de cuello uterino",numero de condones entregados,2015-07-01,0,0,60,1,0,61
HUARINA,"anticoncepcion, prevencion de its y de cancer de cuello uterino",numero de condones entregados,2015-07-01,0,0,12,0,0,12
HUAYLLAMARCA,"anticoncepcion, prevencion de its y de cancer de cuello uterino",numero de condones entregados,2015-07-01,0,12,36,0,0,48
ICHOCA,"anticoncepcion, prevencion de its y de cancer de cuello uterino",numero de condones entregados,2015-07-01,0,0,12,0,0,12
ICLA,"anticoncepcion, prevencion de its y de cancer de cuello uterino",numero de condones entregados,2015-07-01,0,0,24,36,0,60
INCAHUASI,"anticoncepcion, prevencion de its y de cancer de cuello uterino",numero de condones entregados,2015-07-01,0,0,12,0,0,12
INGAVI (HUMAITA),"anticoncepcion, prevencion de its y de cancer de cuello uterino",numero de condones entregados,2015-07-01,0,0,12,0,0,12
INQUISIVI,"anticoncepcion, prevencion de its y de cancer de cuello uterino",numero de condones entregados,2015-07-01,0,0,96,24,0,120
IRUPANA (VILLA DE LANZA),"anticoncepcion, prevencion de its y de cancer de cuello uterino",numero de condones entregados,2015-07-01,0,48,36,36,12,132
IXIAMAS,"anticoncepcion, prevencion de its y de cancer de cuello uterino",numero de condones entregados,2015-07-01,0,12,24,12,0,48
JESUS DE MACHACA,"anticoncepcion, prevencion de its y de cancer de cuello uterino",numero de condones entregados,2015-07-01,0,0,48,12,0,60
LA ASUNTA,"anticoncepcion, prevencion de its y de cancer de cuello uterino",numero de condones entregados,2015-07-01,0,24,216,48,0,288
LA GUARDIA,"anticoncepcion, prevencion de its y de cancer de cuello uterino",numero de condones entregados,2015-07-01,12,132,540,60,0,744
LA PAZ,"anticoncepcion, prevencion de its y de cancer de cuello uterino",numero de condones entregados,2015-07-01,0,506,12426,5001,132,18065
LAJA,"anticoncepcion, prevencion de its y de cancer de cuello uterino",numero de condones entregados,2015-07-01,0,48,60,12,0,120
LAS CARRERAS,"anticoncepcion, prevencion de its y de cancer de cuello uterino",numero de condones entregados,2015-07-01,12,24,24,36,0,96
LICOMA PAMPA,"anticoncepcion, prevencion de its y de cancer de cuello uterino",numero de condones entregados,2015-07-01,0,0,12,0,0,12
LLALLAGUA,"anticoncepcion, prevencion de its y de cancer de cuello uterino",numero de condones entregados,2015-07-01,0,48,180,36,0,264
LLICA,"anticoncepcion, prevencion de its y de cancer de cuello uterino",numero de condones entregados,2015-07-01,0,0,24,0,0,24
LORETO,"anticoncepcion, prevencion de its y de cancer de cuello uterino",numero de condones entregados,2015-07-01,0,6,4,3,0,13
LURIBAY,"anticoncepcion, prevencion de its y de cancer de cuello uterino",numero de condones entregados,2015-07-01,0,0,108,108,0,216
MACHARETI,"anticoncepcion, prevencion de its y de cancer de cuello uterino",numero de condones entregados,2015-07-01,0,33,96,0,0,129
MAGDALENA,"anticoncepcion, prevencion de its y de cancer de cuello uterino",numero de condones entregados,2015-07-01,0,0,36,24,0,60
MAIRANA,"anticoncepcion, prevencion de its y de cancer de cuello uterino",numero de condones entregados,2015-07-01,0,36,12,12,0,60
MALLA,"anticoncepcion, prevencion de its y de cancer de cuello uterino",numero de condones entregados,2015-07-01,0,0,24,0,0,24
MECAPACA,"anticoncepcion, prevencion de its y de cancer de cuello uterino",numero de condones entregados,2015-07-01,0,0,96,24,0,120
MINEROS,"anticoncepcion, prevencion de its y de cancer de cuello uterino",numero de condones entregados,2015-07-01,0,24,60,36,0,120
MIZQUE,"anticoncepcion, prevencion de its y de cancer de cuello uterino",numero de condones entregados,2015-07-01,0,36,216,24,0,276
MOCOMOCO,"anticoncepcion, prevencion de its y de cancer de cuello uterino",numero de condones entregados,2015-07-01,0,36,60,36,0,132
MOJOCOYA,"anticoncepcion, prevencion de its y de cancer de cuello uterino",numero de condones entregados,2015-07-01,0,12,96,12,0,120
MONTEAGUDO,"anticoncepcion, prevencion de its y de cancer de cuello uterino",numero de condones entregados,2015-07-01,0,48,216,158,12,434
MONTERO,"anticoncepcion, prevencion de its y de cancer de cuello uterino",numero de condones entregados,2015-07-01,12,108,660,96,0,876
MORO MORO,"anticoncepcion, prevencion de its y de cancer de cuello uterino",numero de condones entregados,2015-07-01,0,0,0,12,0,12
MOROCHATA,"anticoncepcion, prevencion de its y de cancer de cuello uterino",numero de condones entregados,2015-07-01,0,0,12,12,0,24
NACEBE (SANTA ROSA DEL ABUNA),"anticoncepcion, prevencion de its y de cancer de cuello uterino",numero de condones entregados,2015-07-01,0,0,36,0,0,36
NAZACARA DE PACAJES,"anticoncepcion, prevencion de its y de cancer de cuello uterino",numero de condones entregados,2015-07-01,0,0,0,12,0,12
NUEVO MANOA (NUEVA ESPERANZA),"anticoncepcion, prevencion de its y de cancer de cuello uterino",numero de condones entregados,2015-07-01,0,0,36,0,0,36
OCURI,"anticoncepcion, prevencion de its y de cancer de cuello uterino",numero de condones entregados,2015-07-01,0,0,36,24,0,60
OKINAWA,"anticoncepcion, prevencion de its y de cancer de cuello uterino",numero de condones entregados,2015-07-01,0,120,264,12,12,408
OMEREQUE,"anticoncepcion, prevencion de its y de cancer de cuello uterino",numero de condones entregados,2015-07-01,0,24,60,12,0,96
ORURO,"anticoncepcion, prevencion de its y de cancer de cuello uterino",numero de condones entregados,2015-07-01,0,168,1566,348,12,2094
PADCAYA,"anticoncepcion, prevencion de its y de cancer de cuello uterino",numero de condones entregados,2015-07-01,0,32,280,159,0,471
PADILLA,"anticoncepcion, prevencion de its y de cancer de cuello uterino",numero de condones entregados,2015-07-01,0,36,36,12,0,84
PAILON,"anticoncepcion, prevencion de its y de cancer de cuello uterino",numero de condones entregados,2015-07-01,0,60,180,48,0,288
PALCA,"anticoncepcion, prevencion de its y de cancer de cuello uterino",numero de condones entregados,2015-07-01,0,0,48,0,0,48
PALOS BLANCOS,"anticoncepcion, prevencion de its y de cancer de cuello uterino",numero de condones entregados,2015-07-01,0,0,156,48,0,204
PAMPA GRANDE,"anticoncepcion, prevencion de its y de cancer de cuello uterino",numero de condones entregados,2015-07-01,0,0,36,0,0,36
PAPEL PAMPA,"anticoncepcion, prevencion de its y de cancer de cuello uterino",numero de condones entregados,2015-07-01,0,12,84,0,0,96
PASORAPA,"anticoncepcion, prevencion de its y de cancer de cuello uterino",numero de condones entregados,2015-07-01,0,0,84,12,0,96
PATACAMAYA,"anticoncepcion, prevencion de its y de cancer de cuello uterino",numero de condones entregados,2015-07-01,0,12,0,0,0,12
PAZÑA,"anticoncepcion, prevencion de its y de cancer de cuello uterino",numero de condones entregados,2015-07-01,0,0,120,36,0,156
PELECHUCO,"anticoncepcion, prevencion de its y de cancer de cuello uterino",numero de condones entregados,2015-07-01,0,24,120,24,0,168
POCOATA,"anticoncepcion, prevencion de its y de cancer de cuello uterino",numero de condones entregados,2015-07-01,0,12,120,60,0,192
POCONA,"anticoncepcion, prevencion de its y de cancer de cuello uterino",numero de condones entregados,2015-07-01,0,0,132,108,0,240
POJO (CBBA),"anticoncepcion, prevencion de its y de cancer de cuello uterino",numero de condones entregados,2015-07-01,0,12,108,84,0,204
POOPO,"anticoncepcion, prevencion de its y de cancer de cuello uterino",numero de condones entregados,2015-07-01,0,12,24,24,0,60
PORCO,"anticoncepcion, prevencion de its y de cancer de cuello uterino",numero de condones entregados,2015-07-01,0,12,72,0,0,84
POROMA,"anticoncepcion, prevencion de its y de cancer de cuello uterino",numero de condones entregados,2015-07-01,0,0,12,0,0,12
PORONGO,"anticoncepcion, prevencion de its y de cancer de cuello uterino",numero de condones entregados,2015-07-01,0,0,132,24,0,156
PORTACHUELO,"anticoncepcion, prevencion de its y de cancer de cuello uterino",numero de condones entregados,2015-07-01,0,48,84,0,0,132
PORVENIR,"anticoncepcion, prevencion de its y de cancer de cuello uterino",numero de condones entregados,2015-07-01,0,12,0,12,0,24
POSTRER VALLE,"anticoncepcion, prevencion de its y de cancer de cuello uterino",numero de condones entregados,2015-07-01,0,24,24,24,0,72
POTOSI,"anticoncepcion, prevencion de its y de cancer de cuello uterino",numero de condones entregados,2015-07-01,0,72,372,148,0,592
PRESTO,"anticoncepcion, prevencion de its y de cancer de cuello uterino",numero de condones entregados,2015-07-01,0,24,192,36,0,252
PUCARA,"anticoncepcion, prevencion de its y de cancer de cuello uterino",numero de condones entregados,2015-07-01,0,12,0,0,0,12
PUCARANI,"anticoncepcion, prevencion de its y de cancer de cuello uterino",numero de condones entregados,2015-07-01,0,12,168,48,0,228
PUERTO ACOSTA,"anticoncepcion, prevencion de its y de cancer de cuello uterino",numero de condones entregados,2015-07-01,0,12,0,0,0,12
PUERTO CARABUCO,"anticoncepcion, prevencion de its y de cancer de cuello uterino",numero de condones entregados,2015-07-01,0,0,36,0,0,36
PUERTO GONZALO MORENO,"anticoncepcion, prevencion de its y de cancer de cuello uterino",numero de condones entregados,2015-07-01,0,36,144,36,0,216
PUERTO PEREZ,"anticoncepcion, prevencion de its y de cancer de cuello uterino",numero de condones entregados,2015-07-01,0,0,12,12,0,24
PUERTO QUIJARRO,"anticoncepcion, prevencion de its y de cancer de cuello uterino",numero de condones entregados,2015-07-01,0,0,48,27,0,75
PUERTO SILES,"anticoncepcion, prevencion de its y de cancer de cuello uterino",numero de condones entregados,2015-07-01,0,0,11,0,0,11
PUERTO SUAREZ,"anticoncepcion, prevencion de its y de cancer de cuello uterino",numero de condones entregados,2015-07-01,0,15,30,0,0,45
PUERTO VILLARROEL,"anticoncepcion, prevencion de its y de cancer de cuello uterino",numero de condones entregados,2015-07-01,12,144,624,60,0,840
PUNA,"anticoncepcion, prevencion de its y de cancer de cuello uterino",numero de condones entregados,2015-07-01,0,12,36,0,0,48
PUNATA,"anticoncepcion, prevencion de its y de cancer de cuello uterino",numero de condones entregados,2015-07-01,0,36,228,48,0,312
QUILLACOLLO,"anticoncepcion, prevencion de its y de cancer de cuello uterino",numero de condones entregados,2015-07-01,0,36,314,36,0,386
QUIME,"anticoncepcion, prevencion de its y de cancer de cuello uterino",numero de condones entregados,2015-07-01,0,12,96,0,0,108
RAVELO,"anticoncepcion, prevencion de its y de cancer de cuello uterino",numero de condones entregados,2015-07-01,0,12,72,0,0,84
REYES,"anticoncepcion, prevencion de its y de cancer de cuello uterino",numero de condones entregados,2015-07-01,0,24,96,12,0,132
RIBERALTA,"anticoncepcion, prevencion de its y de cancer de cuello uterino",numero de condones entregados,2015-07-01,30,99,188,12,0,329
ROBORE,"anticoncepcion, prevencion de its y de cancer de cuello uterino",numero de condones entregados,2015-07-01,0,0,156,12,0,168
RURRENABAQUE,"anticoncepcion, prevencion de its y de cancer de cuello uterino",numero de condones entregados,2015-07-01,0,12,60,0,0,72
SABAYA,"anticoncepcion, prevencion de its y de cancer de cuello uterino",numero de condones entregados,2015-07-01,0,12,48,12,0,72
SACABA,"anticoncepcion, prevencion de its y de cancer de cuello uterino",numero de condones entregados,2015-07-01,0,96,1008,336,0,1440
SACACA,"anticoncepcion, prevencion de its y de cancer de cuello uterino",numero de condones entregados,2015-07-01,0,0,36,14,0,50
SAIPINA,"anticoncepcion, prevencion de its y de cancer de cuello uterino",numero de condones entregados,2015-07-01,12,12,0,0,0,24
SALINAS DE GARCI MENDOZA,"anticoncepcion, prevencion de its y de cancer de cuello uterino",numero de condones entregados,2015-07-01,0,12,108,36,0,156
SAMAIPATA,"anticoncepcion, prevencion de its y de cancer de cuello uterino",numero de condones entregados,2015-07-01,0,0,36,24,0,60
SAN AGUSTIN,"anticoncepcion, prevencion de its y de cancer de cuello uterino",numero de condones entregados,2015-07-01,0,48,48,12,0,108
SAN ANDRES,"anticoncepcion, prevencion de its y de cancer de cuello uterino",numero de condones entregados,2015-07-01,0,12,32,24,0,68
SAN ANDRES DE MACHACA,"anticoncepcion, prevencion de its y de cancer de cuello uterino",numero de condones entregados,2015-07-01,0,0,24,12,0,36
SAN ANTONIO DE LOMERIO,"anticoncepcion, prevencion de its y de cancer de cuello uterino",numero de condones entregados,2015-07-01,0,60,48,12,0,120
SAN BORJA,"anticoncepcion, prevencion de its y de cancer de cuello uterino",numero de condones entregados,2015-07-01,24,72,108,0,0,204
SAN BUENA VENTURA,"anticoncepcion, prevencion de its y de cancer de cuello uterino",numero de condones entregados,2015-07-01,0,0,24,0,0,24
SAN CARLOS,"anticoncepcion, prevencion de its y de cancer de cuello uterino",numero de condones entregados,2015-07-01,0,60,240,60,0,360
SAN IGNACIO,"anticoncepcion, prevencion de its y de cancer de cuello uterino",numero de condones entregados,2015-07-01,0,24,181,24,0,229
SAN IGNACIO DE VELASCO,"anticoncepcion, prevencion de its y de cancer de cuello uterino",numero de condones entregados,2015-07-01,0,36,156,48,0,240
SAN JAVIER(BNI),"anticoncepcion, prevencion de its y de cancer de cuello uterino",numero de condones entregados,2015-07-01,0,12,60,0,0,72
SAN JAVIER(STC),"anticoncepcion, prevencion de its y de cancer de cuello uterino",numero de condones entregados,2015-07-01,0,0,24,12,0,36
SAN JOSE DE CHIQUITOS,"anticoncepcion, prevencion de its y de cancer de cuello uterino",numero de condones entregados,2015-07-01,0,0,12,0,0,12
SAN JUAN DE YAPACANI,"anticoncepcion, prevencion de its y de cancer de cuello uterino",numero de condones entregados,2015-07-01,0,12,96,0,0,108
SAN JULIAN,"anticoncepcion, prevencion de its y de cancer de cuello uterino",numero de condones entregados,2015-07-01,0,36,36,24,0,96
SAN LORENZO(PND),"anticoncepcion, prevencion de its y de cancer de cuello uterino",numero de condones entregados,2015-07-01,0,0,36,24,12,72
SAN LORENZO(TJA),"anticoncepcion, prevencion de its y de cancer de cuello uterino",numero de condones entregados,2015-07-01,0,87,140,24,0,251
SAN LUCAS,"anticoncepcion, prevencion de its y de cancer de cuello uterino",numero de condones entregados,2015-07-01,0,48,132,0,0,180
SAN MATIAS,"anticoncepcion, prevencion de its y de cancer de cuello uterino",numero de condones entregados,2015-07-01,0,24,0,0,0,24
SAN MIGUEL DE VELASCO,"anticoncepcion, prevencion de its y de cancer de cuello uterino",numero de condones entregados,2015-07-01,0,12,36,12,0,60
SAN PEDRO,"anticoncepcion, prevencion de its y de cancer de cuello uterino",numero de condones entregados,2015-07-01,0,36,112,36,0,184
SAN PEDRO DE BUENA VISTA,"anticoncepcion, prevencion de its y de cancer de cuello uterino",numero de condones entregados,2015-07-01,0,48,96,24,0,168
SAN PEDRO DE CURAHUARA,"anticoncepcion, prevencion de its y de cancer de cuello uterino",numero de condones entregados,2015-07-01,0,0,24,9,0,33
SAN PEDRO DE QUEMES,"anticoncepcion, prevencion de its y de cancer de cuello uterino",numero de condones entregados,2015-07-01,0,0,36,0,0,36
SAN PEDRO DE TIQUINA,"anticoncepcion, prevencion de its y de cancer de cuello uterino",numero de condones entregados,2015-07-01,0,0,0,12,0,12
SAN RAFAEL,"anticoncepcion, prevencion de its y de cancer de cuello uterino",numero de condones entregados,2015-07-01,0,0,24,0,0,24
SAN RAMON SCZ,"anticoncepcion, prevencion de its y de cancer de cuello uterino",numero de condones entregados,2015-07-01,0,0,24,0,0,24
SANTA ANA,"anticoncepcion, prevencion de its y de cancer de cuello uterino",numero de condones entregados,2015-07-01,0,51,267,84,12,414
SANTA CRUZ DE LA SIERRA,"anticoncepcion, prevencion de its y de cancer de cuello uterino",numero de condones entregados,2015-07-01,12,486,2574,597,12,3681
SANTA ROSA,"anticoncepcion, prevencion de its y de cancer de cuello uterino",numero de condones entregados,2015-07-01,0,0,84,0,0,84
SANTA ROSA DEL SARA,"anticoncepcion, prevencion de its y de cancer de cuello uterino",numero de condones entregados,2015-07-01,0,0,120,60,0,180
SANTIAGO DE HUARI,"anticoncepcion, prevencion de its y de cancer de cuello uterino",numero de condones entregados,2015-07-01,0,0,144,48,0,192
SANTIAGO DE MACHACA,"anticoncepcion, prevencion de its y de cancer de cuello uterino",numero de condones entregados,2015-07-01,0,0,12,0,0,12
SANTIVAÑES,"anticoncepcion, prevencion de its y de cancer de cuello uterino",numero de condones entregados,2015-07-01,0,0,24,0,0,24
SANTUARIO DE QUILLACAS,"anticoncepcion, prevencion de its y de cancer de cuello uterino",numero de condones entregados,2015-07-01,0,12,132,60,24,228
SAPAHAQUI,"anticoncepcion, prevencion de its y de cancer de cuello uterino",numero de condones entregados,2015-07-01,0,0,3,0,0,3
SHINAOTA,"anticoncepcion, prevencion de its y de cancer de cuello uterino",numero de condones entregados,2015-07-01,0,0,12,0,0,12
SICA SICA (VILLA AROMA),"anticoncepcion, prevencion de its y de cancer de cuello uterino",numero de condones entregados,2015-07-01,0,72,76,12,0,160
SICAYA,"anticoncepcion, prevencion de its y de cancer de cuello uterino",numero de condones entregados,2015-07-01,0,0,24,0,0,24
SIPE SIPE,"anticoncepcion, prevencion de its y de cancer de cuello uterino",numero de condones entregados,2015-07-01,0,60,216,96,0,372
SOPACHUY,"anticoncepcion, prevencion de its y de cancer de cuello uterino",numero de condones entregados,2015-07-01,0,0,24,12,0,36
SORACACHI,"anticoncepcion, prevencion de its y de cancer de cuello uterino",numero de condones entregados,2015-07-01,0,12,48,24,0,84
SORATA,"anticoncepcion, prevencion de its y de cancer de cuello uterino",numero de condones entregados,2015-07-01,0,12,24,0,0,36
SUCRE,"anticoncepcion, prevencion de its y de cancer de cuello uterino",numero de condones entregados,2015-07-01,0,2182,4711,2099,16,9008
TACACOMA,"anticoncepcion, prevencion de its y de cancer de cuello uterino",numero de condones entregados,2015-07-01,0,12,48,0,0,60
TACOBAMBA,"anticoncepcion, prevencion de its y de cancer de cuello uterino",numero de condones entregados,2015-07-01,0,0,0,12,0,12
TACOPAYA,"anticoncepcion, prevencion de its y de cancer de cuello uterino",numero de condones entregados,2015-07-01,0,0,12,0,0,12
TAHUA,"anticoncepcion, prevencion de its y de cancer de cuello uterino",numero de condones entregados,2015-07-01,0,0,12,0,0,12
TAPACARI,"anticoncepcion, prevencion de its y de cancer de cuello uterino",numero de condones entregados,2015-07-01,0,36,96,12,0,144
TARABUCO,"anticoncepcion, prevencion de its y de cancer de cuello uterino",numero de condones entregados,2015-07-01,0,0,24,24,0,48
TARACO,"anticoncepcion, prevencion de its y de cancer de cuello uterino",numero de condones entregados,2015-07-01,0,12,24,0,0,36
TARATA,"anticoncepcion, prevencion de its y de cancer de cuello uterino",numero de condones entregados,2015-07-01,0,12,36,12,0,60
TARIJA,"anticoncepcion, prevencion de its y de cancer de cuello uterino",numero de condones entregados,2015-07-01,0,108,476,216,0,800
TARVITA,"anticoncepcion, prevencion de its y de cancer de cuello uterino",numero de condones entregados,2015-07-01,0,24,60,12,0,96
TEOPONTE,"anticoncepcion, prevencion de its y de cancer de cuello uterino",numero de condones entregados,2015-07-01,0,0,24,0,0,24
TIAWANACU,"anticoncepcion, prevencion de its y de cancer de cuello uterino",numero de condones entregados,2015-07-01,0,36,72,12,0,120
TINGUIPAYA,"anticoncepcion, prevencion de its y de cancer de cuello uterino",numero de condones entregados,2015-07-01,0,0,12,0,0,12
TIPUANI,"anticoncepcion, prevencion de its y de cancer de cuello uterino",numero de condones entregados,2015-07-01,0,0,12,0,0,12
TIQUIPAYA,"anticoncepcion, prevencion de its y de cancer de cuello uterino",numero de condones entregados,2015-07-01,0,36,204,84,0,324
TIRAQUE (CBBA),"anticoncepcion, prevencion de its y de cancer de cuello uterino",numero de condones entregados,2015-07-01,0,24,48,0,0,72
TITO YUPANQUI (PARQUIPUJIO),"anticoncepcion, prevencion de its y de cancer de cuello uterino",numero de condones entregados,2015-07-01,0,0,12,24,0,36
TOCO,"anticoncepcion, prevencion de its y de cancer de cuello uterino",numero de condones entregados,2015-07-01,0,12,0,0,0,12
TODOS SANTOS,"anticoncepcion, prevencion de its y de cancer de cuello uterino",numero de condones entregados,2015-07-01,0,0,24,0,0,24
TOLATA,"anticoncepcion, prevencion de its y de cancer de cuello uterino",numero de condones entregados,2015-07-01,0,12,15,0,0,27
TOLEDO,"anticoncepcion, prevencion de its y de cancer de cuello uterino",numero de condones entregados,2015-07-01,0,0,48,0,0,48
TOMAVE,"anticoncepcion, prevencion de its y de cancer de cuello uterino",numero de condones entregados,2015-07-01,0,60,132,12,0,204
TOMINA,"anticoncepcion, prevencion de its y de cancer de cuello uterino",numero de condones entregados,2015-07-01,0,72,207,24,0,303
TORO TORO,"anticoncepcion, prevencion de its y de cancer de cuello uterino",numero de condones entregados,2015-07-01,0,36,72,0,0,108
TOTORA(CBBA),"anticoncepcion, prevencion de its y de cancer de cuello uterino",numero de condones entregados,2015-07-01,0,0,60,0,0,60
TOTORA(ORR),"anticoncepcion, prevencion de its y de cancer de cuello uterino",numero de condones entregados,2015-07-01,0,0,36,0,0,36
TRIGAL,"anticoncepcion, prevencion de its y de cancer de cuello uterino",numero de condones entregados,2015-07-01,0,12,0,0,0,12
TRINIDAD,"anticoncepcion, prevencion de its y de cancer de cuello uterino",numero de condones entregados,2015-07-01,0,186,533,104,0,823
TUPIZA,"anticoncepcion, prevencion de its y de cancer de cuello uterino",numero de condones entregados,2015-07-01,0,24,228,96,0,348
TURCO,"anticoncepcion, prevencion de its y de cancer de cuello uterino",numero de condones entregados,2015-07-01,0,0,36,12,0,48
UMALA,"anticoncepcion, prevencion de its y de cancer de cuello uterino",numero de condones entregados,2015-07-01,1,2,24,0,0,27
UNCIA,"anticoncepcion, prevencion de its y de cancer de cuello uterino",numero de condones entregados,2015-07-01,0,48,36,12,0,96
URIONDO (A. CONCEPCION),"anticoncepcion, prevencion de its y de cancer de cuello uterino",numero de condones entregados,2015-07-01,12,48,145,72,12,289
URUBICHA,"anticoncepcion, prevencion de its y de cancer de cuello uterino",numero de condones entregados,2015-07-01,0,0,24,24,0,48
UYUNI,"anticoncepcion, prevencion de its y de cancer de cuello uterino",numero de condones entregados,2015-07-01,0,12,120,24,0,156
VACAS,"anticoncepcion, prevencion de its y de cancer de cuello uterino",numero de condones entregados,2015-07-01,0,0,24,12,0,36
VALLEGRANDE,"anticoncepcion, prevencion de its y de cancer de cuello uterino",numero de condones entregados,2015-07-01,0,0,204,48,0,252
VIACHA,"anticoncepcion, prevencion de its y de cancer de cuello uterino",numero de condones entregados,2015-07-01,0,36,231,63,0,330
VILLA CHARCAS,"anticoncepcion, prevencion de its y de cancer de cuello uterino",numero de condones entregados,2015-07-01,0,0,36,24,0,60
VILLA MONTES,"anticoncepcion, prevencion de its y de cancer de cuello uterino",numero de condones entregados,2015-07-01,0,76,105,59,0,240
VILLA RIVERO,"anticoncepcion, prevencion de its y de cancer de cuello uterino",numero de condones entregados,2015-07-01,0,12,96,0,0,108
VILLA SERRANO,"anticoncepcion, prevencion de its y de cancer de cuello uterino",numero de condones entregados,2015-07-01,0,5,48,0,0,53
VILLA TUNARI,"anticoncepcion, prevencion de its y de cancer de cuello uterino",numero de condones entregados,2015-07-01,0,86,798,149,0,1033
VILLA VACA GUZMAN (MUYUPAMPA),"anticoncepcion, prevencion de its y de cancer de cuello uterino",numero de condones entregados,2015-07-01,12,36,144,24,0,216
VILLAZON,"anticoncepcion, prevencion de its y de cancer de cuello uterino",numero de condones entregados,2015-07-01,0,72,312,48,12,444
VINTO,"anticoncepcion, prevencion de its y de cancer de cuello uterino",numero de condones entregados,2015-07-01,0,24,336,12,0,372
VITICHI,"anticoncepcion, prevencion de its y de cancer de cuello uterino",numero de condones entregados,2015-07-01,0,24,12,60,0,96
WARNES,"anticoncepcion, prevencion de its y de cancer de cuello uterino",numero de condones entregados,2015-07-01,0,0,69,12,0,81
YACO,"anticoncepcion, prevencion de its y de cancer de cuello uterino",numero de condones entregados,2015-07-01,0,0,24,0,0,24
YACUIBA,"anticoncepcion, prevencion de its y de cancer de cuello uterino",numero de condones entregados,2015-07-01,12,185,987,180,0,1364
YANACACHI,"anticoncepcion, prevencion de its y de cancer de cuello uterino",numero de condones entregados,2015-07-01,0,12,24,0,0,36
YAPACANI,"anticoncepcion, prevencion de its y de cancer de cuello uterino",numero de condones entregados,2015-07-01,0,24,252,60,0,336
YOCALLA,"anticoncepcion, prevencion de its y de cancer de cuello uterino",numero de condones entregados,2015-07-01,0,0,36,12,0,48
YOTALA,"anticoncepcion, prevencion de its y de cancer de cuello uterino",numero de condones entregados,2015-07-01,0,36,0,12,0,48
YUNCHARA,"anticoncepcion, prevencion de its y de cancer de cuello uterino",numero de condones entregados,2015-07-01,0,71,195,36,0,302
ZUDAÑEZ,"anticoncepcion, prevencion de its y de cancer de cuello uterino",numero de condones entregados,2015-07-01,0,0,24,24,0,48
ACACIO,"anticoncepcion, prevencion de its y de cancer de cuello uterino",numero de condones entregados,2015-08-01,0,0,48,0,0,48
ACHACACHI,"anticoncepcion, prevencion de its y de cancer de cuello uterino",numero de condones entregados,2015-08-01,0,0,70,24,0,94
ACHOCALLA,"anticoncepcion, prevencion de its y de cancer de cuello uterino",numero de condones entregados,2015-08-01,0,0,48,12,0,60
AIQUILE,"anticoncepcion, prevencion de its y de cancer de cuello uterino",numero de condones entregados,2015-08-01,0,0,58,12,0,70
ALCALA,"anticoncepcion, prevencion de its y de cancer de cuello uterino",numero de condones entregados,2015-08-01,0,0,24,36,12,72
ALTO BENI,"anticoncepcion, prevencion de its y de cancer de cuello uterino",numero de condones entregados,2015-08-01,0,12,48,24,0,84
ANCORAIMES,"anticoncepcion, prevencion de its y de cancer de cuello uterino",numero de condones entregados,2015-08-01,0,0,48,24,0,72
ANDAMARCA,"anticoncepcion, prevencion de its y de cancer de cuello uterino",numero de condones entregados,2015-08-01,0,12,48,12,0,72
ANTEQUERA,"anticoncepcion, prevencion de its y de cancer de cuello uterino",numero de condones entregados,2015-08-01,0,0,72,12,0,84
ANZALDO,"anticoncepcion, prevencion de its y de cancer de cuello uterino",numero de condones entregados,2015-08-01,0,24,36,0,0,60
APOLO,"anticoncepcion, prevencion de its y de cancer de cuello uterino",numero de condones entregados,2015-08-01,0,12,72,12,0,96
ARAMPAMPA,"anticoncepcion, prevencion de its y de cancer de cuello uterino",numero de condones entregados,2015-08-01,0,0,12,0,0,12
ARANI,"anticoncepcion, prevencion de its y de cancer de cuello uterino",numero de condones entregados,2015-08-01,0,0,12,0,0,12
ARBIETO,"anticoncepcion, prevencion de its y de cancer de cuello uterino",numero de condones entregados,2015-08-01,0,24,132,24,0,180
ARQUE,"anticoncepcion, prevencion de its y de cancer de cuello uterino",numero de condones entregados,2015-08-01,0,0,24,48,0,72
ASCENCION DE GUARAYOS,"anticoncepcion, prevencion de its y de cancer de cuello uterino",numero de condones entregados,2015-08-01,0,12,24,12,0,48
ATOCHA,"anticoncepcion, prevencion de its y de cancer de cuello uterino",numero de condones entregados,2015-08-01,0,0,40,13,0,53
AYATA,"anticoncepcion, prevencion de its y de cancer de cuello uterino",numero de condones entregados,2015-08-01,0,0,24,12,12,48
AYO AYO,"anticoncepcion, prevencion de its y de cancer de cuello uterino",numero de condones entregados,2015-08-01,0,24,48,0,0,72
AYOPAYA (V. DE INDEPENDENCIA),"anticoncepcion, prevencion de its y de cancer de cuello uterino",numero de condones entregados,2015-08-01,24,72,156,36,0,288
AZURDUY,"anticoncepcion, prevencion de its y de cancer de cuello uterino",numero de condones entregados,2015-08-01,0,12,60,36,12,120
BATALLAS,"anticoncepcion, prevencion de its y de cancer de cuello uterino",numero de condones entregados,2015-08-01,0,12,108,24,0,144
BAURES,"anticoncepcion, prevencion de its y de cancer de cuello uterino",numero de condones entregados,2015-08-01,0,10,46,34,0,90
BELEN DE URMIRI,"anticoncepcion, prevencion de its y de cancer de cuello uterino",numero de condones entregados,2015-08-01,0,12,0,12,0,24
BELLA FLOR,"anticoncepcion, prevencion de its y de cancer de cuello uterino",numero de condones entregados,2015-08-01,0,0,12,24,0,36
BERMEJO,"anticoncepcion, prevencion de its y de cancer de cuello uterino",numero de condones entregados,2015-08-01,12,40,632,288,60,1032
BETANZOS,"anticoncepcion, prevencion de its y de cancer de cuello uterino",numero de condones entregados,2015-08-01,0,36,72,72,0,180
BOLIVAR,"anticoncepcion, prevencion de its y de cancer de cuello uterino",numero de condones entregados,2015-08-01,0,0,1,0,0,1
BOLPEBRA,"anticoncepcion, prevencion de its y de cancer de cuello uterino",numero de condones entregados,2015-08-01,12,0,72,12,0,96
BUENA VISTA,"anticoncepcion, prevencion de its y de cancer de cuello uterino",numero de condones entregados,2015-08-01,0,12,192,36,12,252
CABEZAS,"anticoncepcion, prevencion de its y de cancer de cuello uterino",numero de condones entregados,2015-08-01,0,60,276,72,0,408
CAIROMA,"anticoncepcion, prevencion de its y de cancer de cuello uterino",numero de condones entregados,2015-08-01,0,24,36,24,0,84
"CAIZA ""D""","anticoncepcion, prevencion de its y de cancer de cuello uterino",numero de condones entregados,2015-08-01,0,0,36,12,0,48
CAJUATA,"anticoncepcion, prevencion de its y de cancer de cuello uterino",numero de condones entregados,2015-08-01,0,24,36,60,0,120
CALACOTO,"anticoncepcion, prevencion de its y de cancer de cuello uterino",numero de condones entregados,2015-08-01,0,0,36,0,0,36
CALAMARCA,"anticoncepcion, prevencion de its y de cancer de cuello uterino",numero de condones entregados,2015-08-01,0,12,72,0,0,84
CAMARGO,"anticoncepcion, prevencion de its y de cancer de cuello uterino",numero de condones entregados,2015-08-01,0,0,60,12,0,72
CAMATAQUI (C. VILLA ABECIA),"anticoncepcion, prevencion de its y de cancer de cuello uterino",numero de condones entregados,2015-08-01,0,0,72,12,0,84
CAMIRI,"anticoncepcion, prevencion de its y de cancer de cuello uterino",numero de condones entregados,2015-08-01,0,12,120,24,0,156
CAPINOTA,"anticoncepcion, prevencion de its y de cancer de cuello uterino",numero de condones entregados,2015-08-01,0,12,120,0,0,132
CAQUIAVIRI,"anticoncepcion, prevencion de its y de cancer de cuello uterino",numero de condones entregados,2015-08-01,0,0,24,24,0,48
CARACOLLO,"anticoncepcion, prevencion de its y de cancer de cuello uterino",numero de condones entregados,2015-08-01,0,0,48,24,0,72
CARANAVI,"anticoncepcion, prevencion de its y de cancer de cuello uterino",numero de condones entregados,2015-08-01,12,48,324,96,0,480
CARAPARI,"anticoncepcion, prevencion de its y de cancer de cuello uterino",numero de condones entregados,2015-08-01,0,20,36,64,0,120
CARIPUYO,"anticoncepcion, prevencion de its y de cancer de cuello uterino",numero de condones entregados,2015-08-01,0,12,24,0,0,36
CATACORA,"anticoncepcion, prevencion de its y de cancer de cuello uterino",numero de condones entregados,2015-08-01,0,0,0,12,0,12
CHALLAPATA,"anticoncepcion, prevencion de its y de cancer de cuello uterino",numero de condones entregados,2015-08-01,0,48,180,48,0,276
CHAQUI,"anticoncepcion, prevencion de its y de cancer de cuello uterino",numero de condones entregados,2015-08-01,0,0,96,36,0,132
CHARAGUA,"anticoncepcion, prevencion de its y de cancer de cuello uterino",numero de condones entregados,2015-08-01,0,0,12,24,0,36
CHAYANTA,"anticoncepcion, prevencion de its y de cancer de cuello uterino",numero de condones entregados,2015-08-01,0,60,111,48,0,219
CHIMORE,"anticoncepcion, prevencion de its y de cancer de cuello uterino",numero de condones entregados,2015-08-01,0,48,660,132,0,840
CHOQUE COTA,"anticoncepcion, prevencion de its y de cancer de cuello uterino",numero de condones entregados,2015-08-01,0,12,0,0,0,12
CHULUMANI (V. DE LA LIBERTAD),"anticoncepcion, prevencion de its y de cancer de cuello uterino",numero de condones entregados,2015-08-01,0,0,35,12,0,47
CHUMA,"anticoncepcion, prevencion de its y de cancer de cuello uterino",numero de condones entregados,2015-08-01,0,12,24,24,0,60
CHUQUIHUTA AYLLU JUCUMANI,"anticoncepcion, prevencion de its y de cancer de cuello uterino",numero de condones entregados,2015-08-01,0,0,12,12,0,24
CKOCHAS,"anticoncepcion, prevencion de its y de cancer de cuello uterino",numero de condones entregados,2015-08-01,0,0,60,12,0,72
CLIZA,"anticoncepcion, prevencion de its y de cancer de cuello uterino",numero de condones entregados,2015-08-01,0,12,84,12,0,108
COBIJA,"anticoncepcion, prevencion de its y de cancer de cuello uterino",numero de condones entregados,2015-08-01,12,48,108,12,0,180
COCAPATA,"anticoncepcion, prevencion de its y de cancer de cuello uterino",numero de condones entregados,2015-08-01,0,0,120,73,12,205
COCHABAMBA,"anticoncepcion, prevencion de its y de cancer de cuello uterino",numero de condones entregados,2015-08-01,0,223,2468,639,10,3340
COLCAPIRHUA,"anticoncepcion, prevencion de its y de cancer de cuello uterino",numero de condones entregados,2015-08-01,0,24,180,12,0,216
"COLCHA ""K""","anticoncepcion, prevencion de its y de cancer de cuello uterino",numero de condones entregados,2015-08-01,0,12,168,84,36,300
COLLANA,"anticoncepcion, prevencion de its y de cancer de cuello uterino",numero de condones entregados,2015-08-01,0,12,0,0,0,12
COLOMI,"anticoncepcion, prevencion de its y de cancer de cuello uterino",numero de condones entregados,2015-08-01,0,0,12,24,0,36
COLPA BELGICA,"anticoncepcion, prevencion de its y de cancer de cuello uterino",numero de condones entregados,2015-08-01,0,0,12,24,0,36
COLQUECHACA,"anticoncepcion, prevencion de its y de cancer de cuello uterino",numero de condones entregados,2015-08-01,0,24,36,48,0,108
COLQUENCHA,"anticoncepcion, prevencion de its y de cancer de cuello uterino",numero de condones entregados,2015-08-01,0,0,60,24,0,84
COLQUIRI,"anticoncepcion, prevencion de its y de cancer de cuello uterino",numero de condones entregados,2015-08-01,0,0,0,12,0,12
COMARAPA,"anticoncepcion, prevencion de its y de cancer de cuello uterino",numero de condones entregados,2015-08-01,0,36,144,60,0,240
CONCEPCION,"anticoncepcion, prevencion de its y de cancer de cuello uterino",numero de condones entregados,2015-08-01,0,0,24,0,0,24
COPACABANA,"anticoncepcion, prevencion de its y de cancer de cuello uterino",numero de condones entregados,2015-08-01,0,0,12,0,0,12
CORIPATA,"anticoncepcion, prevencion de its y de cancer de cuello uterino",numero de condones entregados,2015-08-01,0,12,48,12,0,72
COROICO,"anticoncepcion, prevencion de its y de cancer de cuello uterino",numero de condones entregados,2015-08-01,0,0,12,0,0,12
CORQUE,"anticoncepcion, prevencion de its y de cancer de cuello uterino",numero de condones entregados,2015-08-01,0,12,36,0,0,48
COTAGAITA,"anticoncepcion, prevencion de its y de cancer de cuello uterino",numero de condones entregados,2015-08-01,0,72,240,48,0,360
COTOCA,"anticoncepcion, prevencion de its y de cancer de cuello uterino",numero de condones entregados,2015-08-01,0,72,480,84,0,636
CUATRO CAÑADAS,"anticoncepcion, prevencion de its y de cancer de cuello uterino",numero de condones entregados,2015-08-01,0,72,84,24,0,180
CUCHUMUELA (V. G. VILLARROEL),"anticoncepcion, prevencion de its y de cancer de cuello uterino",numero de condones entregados,2015-08-01,0,12,48,12,0,72
CUEVO,"anticoncepcion, prevencion de its y de cancer de cuello uterino",numero de condones entregados,2015-08-01,0,0,36,12,0,48
CULPINA,"anticoncepcion, prevencion de its y de cancer de cuello uterino",numero de condones entregados,2015-08-01,0,48,216,60,0,324
CURAHUARA DE CARANGAS,"anticoncepcion, prevencion de its y de cancer de cuello uterino",numero de condones entregados,2015-08-01,0,0,96,12,0,108
CURVA,"anticoncepcion, prevencion de its y de cancer de cuello uterino",numero de condones entregados,2015-08-01,0,0,36,0,0,36
DESAGUADERO,"anticoncepcion, prevencion de its y de cancer de cuello uterino",numero de condones entregados,2015-08-01,0,0,12,0,0,12
EL ALTO,"anticoncepcion, prevencion de its y de cancer de cuello uterino",numero de condones entregados,2015-08-01,12,542,10336,4889,497,16276
EL CHORO,"anticoncepcion, prevencion de its y de cancer de cuello uterino",numero de condones entregados,2015-08-01,0,0,0,12,0,12
EL PUENTE(STC),"anticoncepcion, prevencion de its y de cancer de cuello uterino",numero de condones entregados,2015-08-01,0,0,48,12,0,60
EL PUENTE(TJA),"anticoncepcion, prevencion de its y de cancer de cuello uterino",numero de condones entregados,2015-08-01,0,24,140,160,12,336
EL TORNO,"anticoncepcion, prevencion de its y de cancer de cuello uterino",numero de condones entregados,2015-08-01,48,204,312,108,12,684
EL VILLAR,"anticoncepcion, prevencion de its y de cancer de cuello uterino",numero de condones entregados,2015-08-01,0,0,72,12,0,84
ENTRE RIOS TRJ,"anticoncepcion, prevencion de its y de cancer de cuello uterino",numero de condones entregados,2015-08-01,0,12,144,104,0,260
ENTRE RIOS CBBA,"anticoncepcion, prevencion de its y de cancer de cuello uterino",numero de condones entregados,2015-08-01,0,48,355,60,0,463
ESCOMA,"anticoncepcion, prevencion de its y de cancer de cuello uterino",numero de condones entregados,2015-08-01,0,0,36,12,0,48
EUREKA (SANTOS MERCADO),"anticoncepcion, prevencion de its y de cancer de cuello uterino",numero de condones entregados,2015-08-01,0,12,24,12,0,48
FERNANDEZ ALONSO,"anticoncepcion, prevencion de its y de cancer de cuello uterino",numero de condones entregados,2015-08-01,0,24,12,0,0,36
FILADELFIA,"anticoncepcion, prevencion de its y de cancer de cuello uterino",numero de condones entregados,2015-08-01,0,36,24,0,0,60
GENERAL SAAVEDRA,"anticoncepcion, prevencion de its y de cancer de cuello uterino",numero de condones entregados,2015-08-01,0,12,96,24,0,132
GRAL. J.J. PEREZ (CHARAZANI),"anticoncepcion, prevencion de its y de cancer de cuello uterino",numero de condones entregados,2015-08-01,12,0,72,48,0,132
GUANAY,"anticoncepcion, prevencion de its y de cancer de cuello uterino",numero de condones entregados,2015-08-01,0,0,12,12,0,24
GUAQUI,"anticoncepcion, prevencion de its y de cancer de cuello uterino",numero de condones entregados,2015-08-01,0,12,0,12,0,24
GUAYARAMERIN,"anticoncepcion, prevencion de its y de cancer de cuello uterino",numero de condones entregados,2015-08-01,0,131,268,166,50,615
GUTIERREZ,"anticoncepcion, prevencion de its y de cancer de cuello uterino",numero de condones entregados,2015-08-01,0,24,12,14,0,50
HUACARETA,"anticoncepcion, prevencion de its y de cancer de cuello uterino",numero de condones entregados,2015-08-01,0,12,48,24,0,84
HUACAYA (VILLA DE HUACAYA),"anticoncepcion, prevencion de its y de cancer de cuello uterino",numero de condones entregados,2015-08-01,0,0,24,24,0,48
HUANUNI,"anticoncepcion, prevencion de its y de cancer de cuello uterino",numero de condones entregados,2015-08-01,0,0,48,12,12,72
HUARACAJE,"anticoncepcion, prevencion de its y de cancer de cuello uterino",numero de condones entregados,2015-08-01,0,0,36,24,0,60
HUARINA,"anticoncepcion, prevencion de its y de cancer de cuello uterino",numero de condones entregados,2015-08-01,0,0,24,0,0,24
HUAYLLAMARCA,"anticoncepcion, prevencion de its y de cancer de cuello uterino",numero de condones entregados,2015-08-01,0,0,24,12,0,36
HUMANATA,"anticoncepcion, prevencion de its y de cancer de cuello uterino",numero de condones entregados,2015-08-01,0,0,12,24,0,36
ICHOCA,"anticoncepcion, prevencion de its y de cancer de cuello uterino",numero de condones entregados,2015-08-01,0,0,24,12,0,36
ICLA,"anticoncepcion, prevencion de its y de cancer de cuello uterino",numero de condones entregados,2015-08-01,0,48,48,24,0,120
INCAHUASI,"anticoncepcion, prevencion de its y de cancer de cuello uterino",numero de condones entregados,2015-08-01,0,24,48,24,0,96
INQUISIVI,"anticoncepcion, prevencion de its y de cancer de cuello uterino",numero de condones entregados,2015-08-01,0,12,84,36,0,132
IRUPANA (VILLA DE LANZA),"anticoncepcion, prevencion de its y de cancer de cuello uterino",numero de condones entregados,2015-08-01,0,12,36,24,0,72
IXIAMAS,"anticoncepcion, prevencion de its y de cancer de cuello uterino",numero de condones entregados,2015-08-01,0,36,48,0,0,84
JESUS DE MACHACA,"anticoncepcion, prevencion de its y de cancer de cuello uterino",numero de condones entregados,2015-08-01,0,12,12,12,0,36
LA ASUNTA,"anticoncepcion, prevencion de its y de cancer de cuello uterino",numero de condones entregados,2015-08-01,0,36,224,29,0,289
LA GUARDIA,"anticoncepcion, prevencion de its y de cancer de cuello uterino",numero de condones entregados,2015-08-01,24,72,300,48,0,444
LA PAZ,"anticoncepcion, prevencion de its y de cancer de cuello uterino",numero de condones entregados,2015-08-01,0,351,11581,4541,42,16515
LAGUNILLAS,"anticoncepcion, prevencion de its y de cancer de cuello uterino",numero de condones entregados,2015-08-01,0,12,12,12,0,36
LAJA,"anticoncepcion, prevencion de its y de cancer de cuello uterino",numero de condones entregados,2015-08-01,0,24,60,36,0,120
LAS CARRERAS,"anticoncepcion, prevencion de its y de cancer de cuello uterino",numero de condones entregados,2015-08-01,12,12,72,24,0,120
LICOMA PAMPA,"anticoncepcion, prevencion de its y de cancer de cuello uterino",numero de condones entregados,2015-08-01,0,0,24,0,0,24
LLALLAGUA,"anticoncepcion, prevencion de its y de cancer de cuello uterino",numero de condones entregados,2015-08-01,0,12,216,96,12,336
LLICA,"anticoncepcion, prevencion de its y de cancer de cuello uterino",numero de condones entregados,2015-08-01,0,12,24,0,0,36
LORETO,"anticoncepcion, prevencion de its y de cancer de cuello uterino",numero de condones entregados,2015-08-01,0,5,51,12,0,68
LURIBAY,"anticoncepcion, prevencion de its y de cancer de cuello uterino",numero de condones entregados,2015-08-01,12,0,60,12,0,84
MACHACAMARCA,"anticoncepcion, prevencion de its y de cancer de cuello uterino",numero de condones entregados,2015-08-01,0,0,24,12,0,36
MACHARETI,"anticoncepcion, prevencion de its y de cancer de cuello uterino",numero de condones entregados,2015-08-01,0,24,96,12,0,132
MAGDALENA,"anticoncepcion, prevencion de its y de cancer de cuello uterino",numero de condones entregados,2015-08-01,0,0,12,0,0,12
MAIRANA,"anticoncepcion, prevencion de its y de cancer de cuello uterino",numero de condones entregados,2015-08-01,0,0,18,0,0,18
MALLA,"anticoncepcion, prevencion de its y de cancer de cuello uterino",numero de condones entregados,2015-08-01,0,0,12,0,0,12
MAPIRI,"anticoncepcion, prevencion de its y de cancer de cuello uterino",numero de condones entregados,2015-08-01,0,0,12,0,0,12
MECAPACA,"anticoncepcion, prevencion de its y de cancer de cuello uterino",numero de condones entregados,2015-08-01,0,12,96,12,0,120
MINEROS,"anticoncepcion, prevencion de its y de cancer de cuello uterino",numero de condones entregados,2015-08-01,0,12,96,12,0,120
MIZQUE,"anticoncepcion, prevencion de its y de cancer de cuello uterino",numero de condones entregados,2015-08-01,0,24,84,36,0,144
MOCOMOCO,"anticoncepcion, prevencion de its y de cancer de cuello uterino",numero de condones entregados,2015-08-01,0,24,48,60,0,132
MOJOCOYA,"anticoncepcion, prevencion de its y de cancer de cuello uterino",numero de condones entregados,2015-08-01,0,12,96,48,0,156
MONTEAGUDO,"anticoncepcion, prevencion de its y de cancer de cuello uterino",numero de condones entregados,2015-08-01,0,84,204,96,24,408
MONTERO,"anticoncepcion, prevencion de its y de cancer de cuello uterino",numero de condones entregados,2015-08-01,0,36,384,96,0,516
MORO MORO,"anticoncepcion, prevencion de its y de cancer de cuello uterino",numero de condones entregados,2015-08-01,0,0,12,12,0,24
MOROCHATA,"anticoncepcion, prevencion de its y de cancer de cuello uterino",numero de condones entregados,2015-08-01,0,0,12,0,0,12
NACEBE (SANTA ROSA DEL ABUNA),"anticoncepcion, prevencion de its y de cancer de cuello uterino",numero de condones entregados,2015-08-01,0,0,24,12,12,48
NUEVO MANOA (NUEVA ESPERANZA),"anticoncepcion, prevencion de its y de cancer de cuello uterino",numero de condones entregados,2015-08-01,0,0,12,48,12,72
OCURI,"anticoncepcion, prevencion de its y de cancer de cuello uterino",numero de condones entregados,2015-08-01,0,0,24,12,0,36
OKINAWA,"anticoncepcion, prevencion de its y de cancer de cuello uterino",numero de condones entregados,2015-08-01,0,0,24,24,0,48
OMEREQUE,"anticoncepcion, prevencion de its y de cancer de cuello uterino",numero de condones entregados,2015-08-01,0,24,25,12,0,61
ORURO,"anticoncepcion, prevencion de its y de cancer de cuello uterino",numero de condones entregados,2015-08-01,0,84,1440,351,12,1887
PADCAYA,"anticoncepcion, prevencion de its y de cancer de cuello uterino",numero de condones entregados,2015-08-01,0,220,271,155,0,646
PADILLA,"anticoncepcion, prevencion de its y de cancer de cuello uterino",numero de condones entregados,2015-08-01,0,12,36,12,0,60
PAILON,"anticoncepcion, prevencion de its y de cancer de cuello uterino",numero de condones entregados,2015-08-01,0,12,252,72,0,336
PALCA,"anticoncepcion, prevencion de its y de cancer de cuello uterino",numero de condones entregados,2015-08-01,0,0,24,0,0,24
PALOS BLANCOS,"anticoncepcion, prevencion de its y de cancer de cuello uterino",numero de condones entregados,2015-08-01,0,12,156,24,0,192
PAMPA AULLAGAS,"anticoncepcion, prevencion de its y de cancer de cuello uterino",numero de condones entregados,2015-08-01,0,0,12,0,0,12
PAMPA GRANDE,"anticoncepcion, prevencion de its y de cancer de cuello uterino",numero de condones entregados,2015-08-01,0,12,12,12,12,48
PAPEL PAMPA,"anticoncepcion, prevencion de its y de cancer de cuello uterino",numero de condones entregados,2015-08-01,0,12,48,12,0,72
PAZÑA,"anticoncepcion, prevencion de its y de cancer de cuello uterino",numero de condones entregados,2015-08-01,0,0,96,0,0,96
PELECHUCO,"anticoncepcion, prevencion de its y de cancer de cuello uterino",numero de condones entregados,2015-08-01,0,0,48,12,0,60
POCOATA,"anticoncepcion, prevencion de its y de cancer de cuello uterino",numero de condones entregados,2015-08-01,0,24,96,72,0,192
POCONA,"anticoncepcion, prevencion de its y de cancer de cuello uterino",numero de condones entregados,2015-08-01,0,12,120,24,12,168
POJO (CBBA),"anticoncepcion, prevencion de its y de cancer de cuello uterino",numero de condones entregados,2015-08-01,0,0,168,24,0,192
POOPO,"anticoncepcion, prevencion de its y de cancer de cuello uterino",numero de condones entregados,2015-08-01,0,0,48,0,0,48
PORCO,"anticoncepcion, prevencion de its y de cancer de cuello uterino",numero de condones entregados,2015-08-01,0,12,36,24,0,72
PORONGO,"anticoncepcion, prevencion de its y de cancer de cuello uterino",numero de condones entregados,2015-08-01,0,0,96,0,0,96
PORTACHUELO,"anticoncepcion, prevencion de its y de cancer de cuello uterino",numero de condones entregados,2015-08-01,0,24,84,24,0,132
PORVENIR,"anticoncepcion, prevencion de its y de cancer de cuello uterino",numero de condones entregados,2015-08-01,0,12,36,12,0,60
POSTRER VALLE,"anticoncepcion, prevencion de its y de cancer de cuello uterino",numero de condones entregados,2015-08-01,0,0,12,0,0,12
POTOSI,"anticoncepcion, prevencion de its y de cancer de cuello uterino",numero de condones entregados,2015-08-01,0,85,839,181,0,1105
PRESTO,"anticoncepcion, prevencion de its y de cancer de cuello uterino",numero de condones entregados,2015-08-01,0,0,84,12,0,96
PUCARA,"anticoncepcion, prevencion de its y de cancer de cuello uterino",numero de condones entregados,2015-08-01,0,0,18,0,0,18
PUCARANI,"anticoncepcion, prevencion de its y de cancer de cuello uterino",numero de condones entregados,2015-08-01,0,0,24,48,0,72
PUERTO ACOSTA,"anticoncepcion, prevencion de its y de cancer de cuello uterino",numero de condones entregados,2015-08-01,0,0,24,12,0,36
PUERTO CARABUCO,"anticoncepcion, prevencion de its y de cancer de cuello uterino",numero de condones entregados,2015-08-01,0,0,72,12,0,84
PUERTO GONZALO MORENO,"anticoncepcion, prevencion de its y de cancer de cuello uterino",numero de condones entregados,2015-08-01,0,0,96,72,0,168
PUERTO PEREZ,"anticoncepcion, prevencion de its y de cancer de cuello uterino",numero de condones entregados,2015-08-01,0,0,12,12,0,24
PUERTO QUIJARRO,"anticoncepcion, prevencion de its y de cancer de cuello uterino",numero de condones entregados,2015-08-01,0,24,300,15,0,339
PUERTO RICO,"anticoncepcion, prevencion de its y de cancer de cuello uterino",numero de condones entregados,2015-08-01,0,0,48,24,0,72
PUERTO SILES,"anticoncepcion, prevencion de its y de cancer de cuello uterino",numero de condones entregados,2015-08-01,0,18,0,12,0,30
PUERTO VILLARROEL,"anticoncepcion, prevencion de its y de cancer de cuello uterino",numero de condones entregados,2015-08-01,0,240,702,120,0,1062
PUNA,"anticoncepcion, prevencion de its y de cancer de cuello uterino",numero de condones entregados,2015-08-01,0,12,36,0,0,48
PUNATA,"anticoncepcion, prevencion de its y de cancer de cuello uterino",numero de condones entregados,2015-08-01,0,60,192,60,0,312
QUIABAYA,"anticoncepcion, prevencion de its y de cancer de cuello uterino",numero de condones entregados,2015-08-01,0,12,0,0,0,12
QUILLACOLLO,"anticoncepcion, prevencion de its y de cancer de cuello uterino",numero de condones entregados,2015-08-01,0,48,315,111,0,474
QUIME,"anticoncepcion, prevencion de its y de cancer de cuello uterino",numero de condones entregados,2015-08-01,0,12,48,12,0,72
RAVELO,"anticoncepcion, prevencion de its y de cancer de cuello uterino",numero de condones entregados,2015-08-01,0,12,12,0,0,24
REYES,"anticoncepcion, prevencion de its y de cancer de cuello uterino",numero de condones entregados,2015-08-01,0,24,48,36,0,108
RIBERALTA,"anticoncepcion, prevencion de its y de cancer de cuello uterino",numero de condones entregados,2015-08-01,0,139,465,99,0,703
ROBORE,"anticoncepcion, prevencion de its y de cancer de cuello uterino",numero de condones entregados,2015-08-01,0,12,84,12,0,108
RURRENABAQUE,"anticoncepcion, prevencion de its y de cancer de cuello uterino",numero de condones entregados,2015-08-01,0,0,12,24,0,36
SABAYA,"anticoncepcion, prevencion de its y de cancer de cuello uterino",numero de condones entregados,2015-08-01,0,0,0,12,0,12
SACABA,"anticoncepcion, prevencion de its y de cancer de cuello uterino",numero de condones entregados,2015-08-01,0,144,1051,96,0,1291
SACABAMBA,"anticoncepcion, prevencion de its y de cancer de cuello uterino",numero de condones entregados,2015-08-01,0,0,0,12,0,12
SACACA,"anticoncepcion, prevencion de its y de cancer de cuello uterino",numero de condones entregados,2015-08-01,0,0,72,0,0,72
SAIPINA,"anticoncepcion, prevencion de its y de cancer de cuello uterino",numero de condones entregados,2015-08-01,0,0,24,0,0,24
SALINAS DE GARCI MENDOZA,"anticoncepcion, prevencion de its y de cancer de cuello uterino",numero de condones entregados,2015-08-01,0,36,204,12,0,252
SAMAIPATA,"anticoncepcion, prevencion de its y de cancer de cuello uterino",numero de condones entregados,2015-08-01,0,0,48,24,0,72
SAN AGUSTIN,"anticoncepcion, prevencion de its y de cancer de cuello uterino",numero de condones entregados,2015-08-01,0,0,24,12,0,36
SAN ANDRES,"anticoncepcion, prevencion de its y de cancer de cuello uterino",numero de condones entregados,2015-08-01,3,30,12,9,0,54
SAN ANDRES DE MACHACA,"anticoncepcion, prevencion de its y de cancer de cuello uterino",numero de condones entregados,2015-08-01,0,0,0,24,0,24
SAN ANTONIO DE ESMORUCO,"anticoncepcion, prevencion de its y de cancer de cuello uterino",numero de condones entregados,2015-08-01,0,0,24,0,0,24
SAN ANTONIO DE LOMERIO,"anticoncepcion, prevencion de its y de cancer de cuello uterino",numero de condones entregados,2015-08-01,0,0,24,0,0,24
SAN BORJA,"anticoncepcion, prevencion de its y de cancer de cuello uterino",numero de condones entregados,2015-08-01,12,0,60,24,0,96
SAN BUENA VENTURA,"anticoncepcion, prevencion de its y de cancer de cuello uterino",numero de condones entregados,2015-08-01,0,0,12,0,0,12
SAN CARLOS,"anticoncepcion, prevencion de its y de cancer de cuello uterino",numero de condones entregados,2015-08-01,0,48,180,84,0,312
SAN IGNACIO,"anticoncepcion, prevencion de its y de cancer de cuello uterino",numero de condones entregados,2015-08-01,0,60,216,36,0,312
SAN IGNACIO DE VELASCO,"anticoncepcion, prevencion de its y de cancer de cuello uterino",numero de condones entregados,2015-08-01,0,84,204,48,0,336
SAN JAVIER(BNI),"anticoncepcion, prevencion de its y de cancer de cuello uterino",numero de condones entregados,2015-08-01,24,0,97,12,0,133
SAN JAVIER(STC),"anticoncepcion, prevencion de its y de cancer de cuello uterino",numero de condones entregados,2015-08-01,0,12,12,0,0,24
SAN JOSE DE CHIQUITOS,"anticoncepcion, prevencion de its y de cancer de cuello uterino",numero de condones entregados,2015-08-01,0,12,48,24,0,84
SAN JUAN DE YAPACANI,"anticoncepcion, prevencion de its y de cancer de cuello uterino",numero de condones entregados,2015-08-01,0,12,48,0,0,60
SAN JULIAN,"anticoncepcion, prevencion de its y de cancer de cuello uterino",numero de condones entregados,2015-08-01,0,24,48,0,0,72
SAN LORENZO(PND),"anticoncepcion, prevencion de its y de cancer de cuello uterino",numero de condones entregados,2015-08-01,0,0,24,0,0,24
SAN LORENZO(TJA),"anticoncepcion, prevencion de its y de cancer de cuello uterino",numero de condones entregados,2015-08-01,0,12,80,12,0,104
SAN LUCAS,"anticoncepcion, prevencion de its y de cancer de cuello uterino",numero de condones entregados,2015-08-01,12,108,156,72,0,348
SAN MATIAS,"anticoncepcion, prevencion de its y de cancer de cuello uterino",numero de condones entregados,2015-08-01,0,0,36,0,0,36
SAN MIGUEL DE VELASCO,"anticoncepcion, prevencion de its y de cancer de cuello uterino",numero de condones entregados,2015-08-01,0,12,60,12,0,84
SAN PEDRO,"anticoncepcion, prevencion de its y de cancer de cuello uterino",numero de condones entregados,2015-08-01,0,12,96,37,12,157
SAN PEDRO DE BUENA VISTA,"anticoncepcion, prevencion de its y de cancer de cuello uterino",numero de condones entregados,2015-08-01,0,0,108,24,0,132
SAN PEDRO DE CURAHUARA,"anticoncepcion, prevencion de its y de cancer de cuello uterino",numero de condones entregados,2015-08-01,0,12,24,0,0,36
SAN PEDRO DE QUEMES,"anticoncepcion, prevencion de its y de cancer de cuello uterino",numero de condones entregados,2015-08-01,0,0,48,0,0,48
SAN PEDRO DE TIQUINA,"anticoncepcion, prevencion de its y de cancer de cuello uterino",numero de condones entregados,2015-08-01,0,36,12,12,0,60
SAN PEDRO(PND),"anticoncepcion, prevencion de its y de cancer de cuello uterino",numero de condones entregados,2015-08-01,0,12,24,0,0,36
SAN RAFAEL,"anticoncepcion, prevencion de its y de cancer de cuello uterino",numero de condones entregados,2015-08-01,0,12,96,24,0,132
SAN RAMON BENI,"anticoncepcion, prevencion de its y de cancer de cuello uterino",numero de condones entregados,2015-08-01,0,0,27,0,0,27
SANTA ANA,"anticoncepcion, prevencion de its y de cancer de cuello uterino",numero de condones entregados,2015-08-01,0,12,85,51,0,148
SANTA CRUZ DE LA SIERRA,"anticoncepcion, prevencion de its y de cancer de cuello uterino",numero de condones entregados,2015-08-01,24,604,2441,469,0,3538
SANTA ROSA,"anticoncepcion, prevencion de its y de cancer de cuello uterino",numero de condones entregados,2015-08-01,12,36,180,120,0,348
SANTA ROSA DEL SARA,"anticoncepcion, prevencion de its y de cancer de cuello uterino",numero de condones entregados,2015-08-01,0,108,180,60,0,348
SANTIAGO DE CALLAPA,"anticoncepcion, prevencion de its y de cancer de cuello uterino",numero de condones entregados,2015-08-01,0,0,12,0,0,12
SANTIAGO DE HUARI,"anticoncepcion, prevencion de its y de cancer de cuello uterino",numero de condones entregados,2015-08-01,0,12,108,24,0,144
SANTIAGO DE HUATA,"anticoncepcion, prevencion de its y de cancer de cuello uterino",numero de condones entregados,2015-08-01,0,0,12,0,0,12
SANTIVAÑES,"anticoncepcion, prevencion de its y de cancer de cuello uterino",numero de condones entregados,2015-08-01,0,0,60,0,0,60
SANTUARIO DE QUILLACAS,"anticoncepcion, prevencion de its y de cancer de cuello uterino",numero de condones entregados,2015-08-01,0,72,120,84,12,288
SAPAHAQUI,"anticoncepcion, prevencion de its y de cancer de cuello uterino",numero de condones entregados,2015-08-01,0,12,36,0,0,48
SENA,"anticoncepcion, prevencion de its y de cancer de cuello uterino",numero de condones entregados,2015-08-01,0,48,60,24,0,132
SHINAOTA,"anticoncepcion, prevencion de its y de cancer de cuello uterino",numero de condones entregados,2015-08-01,0,12,12,0,0,24
SICA SICA (VILLA AROMA),"anticoncepcion, prevencion de its y de cancer de cuello uterino",numero de condones entregados,2015-08-01,0,48,108,36,0,192
SICAYA,"anticoncepcion, prevencion de its y de cancer de cuello uterino",numero de condones entregados,2015-08-01,0,0,12,0,0,12
SIPE SIPE,"anticoncepcion, prevencion de its y de cancer de cuello uterino",numero de condones entregados,2015-08-01,0,48,192,192,0,432
SOPACHUY,"anticoncepcion, prevencion de its y de cancer de cuello uterino",numero de condones entregados,2015-08-01,0,12,72,36,0,120
SORACACHI,"anticoncepcion, prevencion de its y de cancer de cuello uterino",numero de condones entregados,2015-08-01,0,0,36,12,0,48
SORATA,"anticoncepcion, prevencion de its y de cancer de cuello uterino",numero de condones entregados,2015-08-01,0,48,24,0,0,72
SUCRE,"anticoncepcion, prevencion de its y de cancer de cuello uterino",numero de condones entregados,2015-08-01,0,612,3200,1556,12,5380
TACACOMA,"anticoncepcion, prevencion de its y de cancer de cuello uterino",numero de condones entregados,2015-08-01,0,0,51,0,0,51
TACOBAMBA,"anticoncepcion, prevencion de its y de cancer de cuello uterino",numero de condones entregados,2015-08-01,0,0,12,0,0,12
TACOPAYA,"anticoncepcion, prevencion de its y de cancer de cuello uterino",numero de condones entregados,2015-08-01,0,24,0,0,0,24
TAPACARI,"anticoncepcion, prevencion de its y de cancer de cuello uterino",numero de condones entregados,2015-08-01,0,12,84,24,0,120
TARABUCO,"anticoncepcion, prevencion de its y de cancer de cuello uterino",numero de condones entregados,2015-08-01,0,36,37,24,0,97
TARACO,"anticoncepcion, prevencion de its y de cancer de cuello uterino",numero de condones entregados,2015-08-01,0,24,36,0,0,60
TARATA,"anticoncepcion, prevencion de its y de cancer de cuello uterino",numero de condones entregados,2015-08-01,0,0,0,12,0,12
TARIJA,"anticoncepcion, prevencion de its y de cancer de cuello uterino",numero de condones entregados,2015-08-01,20,219,551,190,0,980
TARVITA,"anticoncepcion, prevencion de its y de cancer de cuello uterino",numero de condones entregados,2015-08-01,0,24,84,12,0,120
TEOPONTE,"anticoncepcion, prevencion de its y de cancer de cuello uterino",numero de condones entregados,2015-08-01,0,0,12,0,0,12
TIAWANACU,"anticoncepcion, prevencion de its y de cancer de cuello uterino",numero de condones entregados,2015-08-01,0,12,72,12,0,96
TINGUIPAYA,"anticoncepcion, prevencion de its y de cancer de cuello uterino",numero de condones entregados,2015-08-01,0,12,24,2,0,38
TIPUANI,"anticoncepcion, prevencion de its y de cancer de cuello uterino",numero de condones entregados,2015-08-01,0,0,12,0,0,12
TIQUIPAYA,"anticoncepcion, prevencion de its y de cancer de cuello uterino",numero de condones entregados,2015-08-01,0,108,382,24,0,514
TIRAQUE (CBBA),"anticoncepcion, prevencion de its y de cancer de cuello uterino",numero de condones entregados,2015-08-01,0,12,48,36,0,96
TITO YUPANQUI (PARQUIPUJIO),"anticoncepcion, prevencion de its y de cancer de cuello uterino",numero de condones entregados,2015-08-01,0,0,0,24,12,36
TOCO,"anticoncepcion, prevencion de its y de cancer de cuello uterino",numero de condones entregados,2015-08-01,0,12,0,0,0,12
TOLATA,"anticoncepcion, prevencion de its y de cancer de cuello uterino",numero de condones entregados,2015-08-01,0,0,60,0,0,60
TOLEDO,"anticoncepcion, prevencion de its y de cancer de cuello uterino",numero de condones entregados,2015-08-01,0,0,12,0,12,24
TOMAVE,"anticoncepcion, prevencion de its y de cancer de cuello uterino",numero de condones entregados,2015-08-01,0,36,192,24,0,252
TOMINA,"anticoncepcion, prevencion de its y de cancer de cuello uterino",numero de condones entregados,2015-08-01,0,12,84,48,0,144
TORO TORO,"anticoncepcion, prevencion de its y de cancer de cuello uterino",numero de condones entregados,2015-08-01,0,12,84,24,0,120
TOTORA(CBBA),"anticoncepcion, prevencion de its y de cancer de cuello uterino",numero de condones entregados,2015-08-01,0,10,36,0,0,46
TOTORA(ORR),"anticoncepcion, prevencion de its y de cancer de cuello uterino",numero de condones entregados,2015-08-01,0,0,48,12,0,60
TRIGAL,"anticoncepcion, prevencion de its y de cancer de cuello uterino",numero de condones entregados,2015-08-01,0,12,24,12,0,48
TRINIDAD,"anticoncepcion, prevencion de its y de cancer de cuello uterino",numero de condones entregados,2015-08-01,0,60,1190,107,95,1452
TUPIZA,"anticoncepcion, prevencion de its y de cancer de cuello uterino",numero de condones entregados,2015-08-01,0,48,178,68,12,306
TURCO,"anticoncepcion, prevencion de its y de cancer de cuello uterino",numero de condones entregados,2015-08-01,0,12,72,36,0,120
UMALA,"anticoncepcion, prevencion de its y de cancer de cuello uterino",numero de condones entregados,2015-08-01,0,1,6,0,0,7
UNCIA,"anticoncepcion, prevencion de its y de cancer de cuello uterino",numero de condones entregados,2015-08-01,0,12,132,48,0,192
URIONDO (A. CONCEPCION),"anticoncepcion, prevencion de its y de cancer de cuello uterino",numero de condones entregados,2015-08-01,0,36,115,80,32,263
URUBICHA,"anticoncepcion, prevencion de its y de cancer de cuello uterino",numero de condones entregados,2015-08-01,0,24,0,0,0,24
UYUNI,"anticoncepcion, prevencion de its y de cancer de cuello uterino",numero de condones entregados,2015-08-01,0,12,111,12,0,135
VACAS,"anticoncepcion, prevencion de its y de cancer de cuello uterino",numero de condones entregados,2015-08-01,0,0,12,24,0,36
VALLEGRANDE,"anticoncepcion, prevencion de its y de cancer de cuello uterino",numero de condones entregados,2015-08-01,0,48,156,48,0,252
VIACHA,"anticoncepcion, prevencion de its y de cancer de cuello uterino",numero de condones entregados,2015-08-01,0,108,2533,96,0,2737
VILA VILA,"anticoncepcion, prevencion de its y de cancer de cuello uterino",numero de condones entregados,2015-08-01,0,0,0,12,0,12
VILLA CHARCAS,"anticoncepcion, prevencion de its y de cancer de cuello uterino",numero de condones entregados,2015-08-01,0,12,48,0,0,60
VILLA MONTES,"anticoncepcion, prevencion de its y de cancer de cuello uterino",numero de condones entregados,2015-08-01,0,0,336,94,0,430
VILLA RIVERO,"anticoncepcion, prevencion de its y de cancer de cuello uterino",numero de condones entregados,2015-08-01,0,24,36,12,0,72
VILLA SERRANO,"anticoncepcion, prevencion de its y de cancer de cuello uterino",numero de condones entregados,2015-08-01,0,24,60,12,0,96
VILLA TUNARI,"anticoncepcion, prevencion de its y de cancer de cuello uterino",numero de condones entregados,2015-08-01,0,132,526,48,0,706
VILLA VACA GUZMAN (MUYUPAMPA),"anticoncepcion, prevencion de its y de cancer de cuello uterino",numero de condones entregados,2015-08-01,0,12,144,72,0,228
VILLAZON,"anticoncepcion, prevencion de its y de cancer de cuello uterino",numero de condones entregados,2015-08-01,0,0,372,84,12,468
VINTO,"anticoncepcion, prevencion de its y de cancer de cuello uterino",numero de condones entregados,2015-08-01,12,312,300,36,0,660
VITICHI,"anticoncepcion, prevencion de its y de cancer de cuello uterino",numero de condones entregados,2015-08-01,0,12,36,24,0,72
WARNES,"anticoncepcion, prevencion de its y de cancer de cuello uterino",numero de condones entregados,2015-08-01,0,24,96,12,0,132
YACO,"anticoncepcion, prevencion de its y de cancer de cuello uterino",numero de condones entregados,2015-08-01,0,0,48,0,0,48
YACUIBA,"anticoncepcion, prevencion de its y de cancer de cuello uterino",numero de condones entregados,2015-08-01,0,116,511,268,0,895
YAMPARAEZ,"anticoncepcion, prevencion de its y de cancer de cuello uterino",numero de condones entregados,2015-08-01,0,12,0,12,0,24
YANACACHI,"anticoncepcion, prevencion de its y de cancer de cuello uterino",numero de condones entregados,2015-08-01,0,12,72,0,0,84
YAPACANI,"anticoncepcion, prevencion de its y de cancer de cuello uterino",numero de condones entregados,2015-08-01,0,36,240,13,0,289
YOCALLA,"anticoncepcion, prevencion de its y de cancer de cuello uterino",numero de condones entregados,2015-08-01,0,0,12,24,0,36
YOTALA,"anticoncepcion, prevencion de its y de cancer de cuello uterino",numero de condones entregados,2015-08-01,0,24,108,0,0,132
YUNCHARA,"anticoncepcion, prevencion de its y de cancer de cuello uterino",numero de condones entregados,2015-08-01,0,63,134,12,0,209
ZUDAÑEZ,"anticoncepcion, prevencion de its y de cancer de cuello uterino",numero de condones entregados,2015-08-01,0,0,24,36,0,60
ACACIO,"anticoncepcion, prevencion de its y de cancer de cuello uterino",numero de condones entregados,2015-09-01,0,0,12,12,0,24
ACHACACHI,"anticoncepcion, prevencion de its y de cancer de cuello uterino",numero de condones entregados,2015-09-01,0,24,135,24,0,183
ACHOCALLA,"anticoncepcion, prevencion de its y de cancer de cuello uterino",numero de condones entregados,2015-09-01,0,12,108,0,0,120
AIQUILE,"anticoncepcion, prevencion de its y de cancer de cuello uterino",numero de condones entregados,2015-09-01,0,0,84,24,0,108
ALCALA,"anticoncepcion, prevencion de its y de cancer de cuello uterino",numero de condones entregados,2015-09-01,0,0,72,12,12,96
ALTO BENI,"anticoncepcion, prevencion de its y de cancer de cuello uterino",numero de condones entregados,2015-09-01,0,12,120,36,0,168
ANCORAIMES,"anticoncepcion, prevencion de its y de cancer de cuello uterino",numero de condones entregados,2015-09-01,0,0,36,0,0,36
ANDAMARCA,"anticoncepcion, prevencion de its y de cancer de cuello uterino",numero de condones entregados,2015-09-01,0,12,72,12,0,96
ANTEQUERA,"anticoncepcion, prevencion de its y de cancer de cuello uterino",numero de condones entregados,2015-09-01,0,12,72,24,0,108
ANZALDO,"anticoncepcion, prevencion de its y de cancer de cuello uterino",numero de condones entregados,2015-09-01,0,0,12,0,0,12
APOLO,"anticoncepcion, prevencion de its y de cancer de cuello uterino",numero de condones entregados,2015-09-01,0,0,24,48,0,72
ARAMPAMPA,"anticoncepcion, prevencion de its y de cancer de cuello uterino",numero de condones entregados,2015-09-01,0,0,24,12,0,36
ARANI,"anticoncepcion, prevencion de its y de cancer de cuello uterino",numero de condones entregados,2015-09-01,0,0,12,12,0,24
ARBIETO,"anticoncepcion, prevencion de its y de cancer de cuello uterino",numero de condones entregados,2015-09-01,0,132,48,24,0,204
ARQUE,"anticoncepcion, prevencion de its y de cancer de cuello uterino",numero de condones entregados,2015-09-01,0,0,12,24,0,36
ASCENCION DE GUARAYOS,"anticoncepcion, prevencion de its y de cancer de cuello uterino",numero de condones entregados,2015-09-01,0,24,60,0,0,84
ATOCHA,"anticoncepcion, prevencion de its y de cancer de cuello uterino",numero de condones entregados,2015-09-01,0,0,144,0,0,144
AUCAPATA,"anticoncepcion, prevencion de its y de cancer de cuello uterino",numero de condones entregados,2015-09-01,0,0,12,0,0,12
AYATA,"anticoncepcion, prevencion de its y de cancer de cuello uterino",numero de condones entregados,2015-09-01,0,0,36,24,0,60
AYO AYO,"anticoncepcion, prevencion de its y de cancer de cuello uterino",numero de condones entregados,2015-09-01,0,0,24,0,0,24
AYOPAYA (V. DE INDEPENDENCIA),"anticoncepcion, prevencion de its y de cancer de cuello uterino",numero de condones entregados,2015-09-01,0,48,132,48,12,240
AZURDUY,"anticoncepcion, prevencion de its y de cancer de cuello uterino",numero de condones entregados,2015-09-01,0,12,15,72,0,99
BATALLAS,"anticoncepcion, prevencion de its y de cancer de cuello uterino",numero de condones entregados,2015-09-01,0,0,12,0,0,12
BAURES,"anticoncepcion, prevencion de its y de cancer de cuello uterino",numero de condones entregados,2015-09-01,0,0,24,0,0,24
BELEN DE ANDAMARCA,"anticoncepcion, prevencion de its y de cancer de cuello uterino",numero de condones entregados,2015-09-01,0,0,0,24,0,24
BELEN DE URMIRI,"anticoncepcion, prevencion de its y de cancer de cuello uterino",numero de condones entregados,2015-09-01,0,12,24,0,0,36
BELLA FLOR,"anticoncepcion, prevencion de its y de cancer de cuello uterino",numero de condones entregados,2015-09-01,0,0,24,0,0,24
BERMEJO,"anticoncepcion, prevencion de its y de cancer de cuello uterino",numero de condones entregados,2015-09-01,0,56,576,308,96,1036
BETANZOS,"anticoncepcion, prevencion de its y de cancer de cuello uterino",numero de condones entregados,2015-09-01,0,12,60,84,0,156
BOLPEBRA,"anticoncepcion, prevencion de its y de cancer de cuello uterino",numero de condones entregados,2015-09-01,0,0,0,12,0,12
BOYUIBE,"anticoncepcion, prevencion de its y de cancer de cuello uterino",numero de condones entregados,2015-09-01,0,0,12,0,0,12
BUENA VISTA,"anticoncepcion, prevencion de its y de cancer de cuello uterino",numero de condones entregados,2015-09-01,0,12,240,48,0,300
CABEZAS,"anticoncepcion, prevencion de its y de cancer de cuello uterino",numero de condones entregados,2015-09-01,0,138,282,96,0,516
CAIROMA,"anticoncepcion, prevencion de its y de cancer de cuello uterino",numero de condones entregados,2015-09-01,0,36,48,0,0,84
"CAIZA ""D""","anticoncepcion, prevencion de its y de cancer de cuello uterino",numero de condones entregados,2015-09-01,0,23,48,10,0,81
CAJUATA,"anticoncepcion, prevencion de its y de cancer de cuello uterino",numero de condones entregados,2015-09-01,0,24,72,24,0,120
CALACOTO,"anticoncepcion, prevencion de its y de cancer de cuello uterino",numero de condones entregados,2015-09-01,0,0,24,0,0,24
CALAMARCA,"anticoncepcion, prevencion de its y de cancer de cuello uterino",numero de condones entregados,2015-09-01,0,12,108,12,0,132
CAMARGO,"anticoncepcion, prevencion de its y de cancer de cuello uterino",numero de condones entregados,2015-09-01,0,0,24,24,0,48
CAMATAQUI (C. VILLA ABECIA),"anticoncepcion, prevencion de its y de cancer de cuello uterino",numero de condones entregados,2015-09-01,0,0,36,12,0,48
CAMIRI,"anticoncepcion, prevencion de its y de cancer de cuello uterino",numero de condones entregados,2015-09-01,0,24,48,24,0,96
CAPINOTA,"anticoncepcion, prevencion de its y de cancer de cuello uterino",numero de condones entregados,2015-09-01,0,0,60,24,0,84
CAQUIAVIRI,"anticoncepcion, prevencion de its y de cancer de cuello uterino",numero de condones entregados,2015-09-01,0,12,36,0,0,48
CARACOLLO,"anticoncepcion, prevencion de its y de cancer de cuello uterino",numero de condones entregados,2015-09-01,0,12,72,24,0,108
CARANAVI,"anticoncepcion, prevencion de its y de cancer de cuello uterino",numero de condones entregados,2015-09-01,12,84,360,108,0,564
CARAPARI,"anticoncepcion, prevencion de its y de cancer de cuello uterino",numero de condones entregados,2015-09-01,0,0,0,12,0,12
CARIPUYO,"anticoncepcion, prevencion de its y de cancer de cuello uterino",numero de condones entregados,2015-09-01,0,12,24,24,0,60
CHALLAPATA,"anticoncepcion, prevencion de its y de cancer de cuello uterino",numero de condones entregados,2015-09-01,0,36,180,12,0,228
CHAQUI,"anticoncepcion, prevencion de its y de cancer de cuello uterino",numero de condones entregados,2015-09-01,0,0,72,0,0,72
CHARAGUA,"anticoncepcion, prevencion de its y de cancer de cuello uterino",numero de condones entregados,2015-09-01,0,0,12,0,0,12
CHAYANTA,"anticoncepcion, prevencion de its y de cancer de cuello uterino",numero de condones entregados,2015-09-01,0,24,156,24,0,204
CHIMORE,"anticoncepcion, prevencion de its y de cancer de cuello uterino",numero de condones entregados,2015-09-01,0,144,512,180,0,836
CHIPAYA,"anticoncepcion, prevencion de its y de cancer de cuello uterino",numero de condones entregados,2015-09-01,0,0,12,0,0,12
CHOQUE COTA,"anticoncepcion, prevencion de its y de cancer de cuello uterino",numero de condones entregados,2015-09-01,0,12,36,24,0,72
CHULUMANI (V. DE LA LIBERTAD),"anticoncepcion, prevencion de its y de cancer de cuello uterino",numero de condones entregados,2015-09-01,0,12,144,60,0,216
CHUMA,"anticoncepcion, prevencion de its y de cancer de cuello uterino",numero de condones entregados,2015-09-01,0,0,24,36,0,60
CHUQUIHUTA AYLLU JUCUMANI,"anticoncepcion, prevencion de its y de cancer de cuello uterino",numero de condones entregados,2015-09-01,0,0,24,0,0,24
CKOCHAS,"anticoncepcion, prevencion de its y de cancer de cuello uterino",numero de condones entregados,2015-09-01,0,12,36,36,0,84
CLIZA,"anticoncepcion, prevencion de its y de cancer de cuello uterino",numero de condones entregados,2015-09-01,0,108,108,0,0,216
COBIJA,"anticoncepcion, prevencion de its y de cancer de cuello uterino",numero de condones entregados,2015-09-01,24,108,204,108,12,456
COCAPATA,"anticoncepcion, prevencion de its y de cancer de cuello uterino",numero de condones entregados,2015-09-01,0,12,60,36,0,108
COCHABAMBA,"anticoncepcion, prevencion de its y de cancer de cuello uterino",numero de condones entregados,2015-09-01,0,153,2928,607,20,3708
COLCAPIRHUA,"anticoncepcion, prevencion de its y de cancer de cuello uterino",numero de condones entregados,2015-09-01,0,60,241,60,0,361
"COLCHA ""K""","anticoncepcion, prevencion de its y de cancer de cuello uterino",numero de condones entregados,2015-09-01,0,0,228,48,12,288
COLLANA,"anticoncepcion, prevencion de its y de cancer de cuello uterino",numero de condones entregados,2015-09-01,0,0,24,0,0,24
COLOMI,"anticoncepcion, prevencion de its y de cancer de cuello uterino",numero de condones entregados,2015-09-01,0,24,60,24,0,108
COLPA BELGICA,"anticoncepcion, prevencion de its y de cancer de cuello uterino",numero de condones entregados,2015-09-01,0,12,48,24,0,84
COLQUECHACA,"anticoncepcion, prevencion de its y de cancer de cuello uterino",numero de condones entregados,2015-09-01,0,12,96,24,0,132
COLQUENCHA,"anticoncepcion, prevencion de its y de cancer de cuello uterino",numero de condones entregados,2015-09-01,0,0,72,12,0,84
COLQUIRI,"anticoncepcion, prevencion de its y de cancer de cuello uterino",numero de condones entregados,2015-09-01,0,0,48,12,12,72
COMARAPA,"anticoncepcion, prevencion de its y de cancer de cuello uterino",numero de condones entregados,2015-09-01,0,6,144,36,0,186
CONCEPCION,"anticoncepcion, prevencion de its y de cancer de cuello uterino",numero de condones entregados,2015-09-01,0,0,21,6,0,27
COPACABANA,"anticoncepcion, prevencion de its y de cancer de cuello uterino",numero de condones entregados,2015-09-01,0,12,12,0,0,24
CORIPATA,"anticoncepcion, prevencion de its y de cancer de cuello uterino",numero de condones entregados,2015-09-01,0,0,156,12,0,168
COROICO,"anticoncepcion, prevencion de its y de cancer de cuello uterino",numero de condones entregados,2015-09-01,0,12,12,12,0,36
CORQUE,"anticoncepcion, prevencion de its y de cancer de cuello uterino",numero de condones entregados,2015-09-01,0,60,72,0,0,132
COTAGAITA,"anticoncepcion, prevencion de its y de cancer de cuello uterino",numero de condones entregados,2015-09-01,0,70,279,120,0,469
COTOCA,"anticoncepcion, prevencion de its y de cancer de cuello uterino",numero de condones entregados,2015-09-01,0,120,504,48,0,672
CUATRO CAÑADAS,"anticoncepcion, prevencion de its y de cancer de cuello uterino",numero de condones entregados,2015-09-01,0,12,96,48,0,156
CUCHUMUELA (V. G. VILLARROEL),"anticoncepcion, prevencion de its y de cancer de cuello uterino",numero de condones entregados,2015-09-01,0,12,24,0,0,36
CUEVO,"anticoncepcion, prevencion de its y de cancer de cuello uterino",numero de condones entregados,2015-09-01,0,0,24,0,0,24
CULPINA,"anticoncepcion, prevencion de its y de cancer de cuello uterino",numero de condones entregados,2015-09-01,0,12,84,96,0,192
CURAHUARA DE CARANGAS,"anticoncepcion, prevencion de its y de cancer de cuello uterino",numero de condones entregados,2015-09-01,0,0,48,12,0,60
CURVA,"anticoncepcion, prevencion de its y de cancer de cuello uterino",numero de condones entregados,2015-09-01,0,0,12,0,0,12
EL ALTO,"anticoncepcion, prevencion de its y de cancer de cuello uterino",numero de condones entregados,2015-09-01,12,964,10237,4570,675,16458
EL CHORO,"anticoncepcion, prevencion de its y de cancer de cuello uterino",numero de condones entregados,2015-09-01,0,12,0,24,0,36
EL PUENTE(STC),"anticoncepcion, prevencion de its y de cancer de cuello uterino",numero de condones entregados,2015-09-01,0,0,96,24,0,120
EL PUENTE(TJA),"anticoncepcion, prevencion de its y de cancer de cuello uterino",numero de condones entregados,2015-09-01,0,36,181,133,0,350
EL TORNO,"anticoncepcion, prevencion de its y de cancer de cuello uterino",numero de condones entregados,2015-09-01,36,216,396,72,12,732
EL VILLAR,"anticoncepcion, prevencion de its y de cancer de cuello uterino",numero de condones entregados,2015-09-01,0,24,60,0,0,84
ENTRE RIOS TRJ,"anticoncepcion, prevencion de its y de cancer de cuello uterino",numero de condones entregados,2015-09-01,0,64,194,81,0,339
ENTRE RIOS CBBA,"anticoncepcion, prevencion de its y de cancer de cuello uterino",numero de condones entregados,2015-09-01,0,108,312,60,0,480
EUREKA (SANTOS MERCADO),"anticoncepcion, prevencion de its y de cancer de cuello uterino",numero de condones entregados,2015-09-01,0,12,24,0,0,36
FERNANDEZ ALONSO,"anticoncepcion, prevencion de its y de cancer de cuello uterino",numero de condones entregados,2015-09-01,0,27,24,0,0,51
FILADELFIA,"anticoncepcion, prevencion de its y de cancer de cuello uterino",numero de condones entregados,2015-09-01,0,0,24,0,0,24
GENERAL SAAVEDRA,"anticoncepcion, prevencion de its y de cancer de cuello uterino",numero de condones entregados,2015-09-01,12,36,12,12,0,72
GRAL. J.J. PEREZ (CHARAZANI),"anticoncepcion, prevencion de its y de cancer de cuello uterino",numero de condones entregados,2015-09-01,0,0,36,24,0,60
GUANAY,"anticoncepcion, prevencion de its y de cancer de cuello uterino",numero de condones entregados,2015-09-01,0,12,36,12,0,60
GUAQUI,"anticoncepcion, prevencion de its y de cancer de cuello uterino",numero de condones entregados,2015-09-01,0,36,36,12,0,84
GUAYARAMERIN,"anticoncepcion, prevencion de its y de cancer de cuello uterino",numero de condones entregados,2015-09-01,34,96,454,116,0,700
HUACARETA,"anticoncepcion, prevencion de its y de cancer de cuello uterino",numero de condones entregados,2015-09-01,0,60,110,0,0,170
HUACAYA (VILLA DE HUACAYA),"anticoncepcion, prevencion de its y de cancer de cuello uterino",numero de condones entregados,2015-09-01,0,0,12,0,0,12
HUACHACALLA,"anticoncepcion, prevencion de its y de cancer de cuello uterino",numero de condones entregados,2015-09-01,0,0,12,0,0,12
HUANUNI,"anticoncepcion, prevencion de its y de cancer de cuello uterino",numero de condones entregados,2015-09-01,0,0,48,12,12,72
HUARACAJE,"anticoncepcion, prevencion de its y de cancer de cuello uterino",numero de condones entregados,2015-09-01,0,24,36,12,0,72
HUARINA,"anticoncepcion, prevencion de its y de cancer de cuello uterino",numero de condones entregados,2015-09-01,0,0,12,0,0,12
HUATAJATA,"anticoncepcion, prevencion de its y de cancer de cuello uterino",numero de condones entregados,2015-09-01,0,0,1,0,0,1
HUAYLLAMARCA,"anticoncepcion, prevencion de its y de cancer de cuello uterino",numero de condones entregados,2015-09-01,0,36,0,0,0,36
ICHOCA,"anticoncepcion, prevencion de its y de cancer de cuello uterino",numero de condones entregados,2015-09-01,0,0,72,0,0,72
ICLA,"anticoncepcion, prevencion de its y de cancer de cuello uterino",numero de condones entregados,2015-09-01,0,12,72,36,0,120
INCAHUASI,"anticoncepcion, prevencion de its y de cancer de cuello uterino",numero de condones entregados,2015-09-01,0,12,36,12,0,60
INQUISIVI,"anticoncepcion, prevencion de its y de cancer de cuello uterino",numero de condones entregados,2015-09-01,0,0,120,36,0,156
IRUPANA (VILLA DE LANZA),"anticoncepcion, prevencion de its y de cancer de cuello uterino",numero de condones entregados,2015-09-01,0,12,132,60,12,216
IXIAMAS,"anticoncepcion, prevencion de its y de cancer de cuello uterino",numero de condones entregados,2015-09-01,0,24,36,24,0,84
JESUS DE MACHACA,"anticoncepcion, prevencion de its y de cancer de cuello uterino",numero de condones entregados,2015-09-01,0,0,24,36,0,60
LA ASUNTA,"anticoncepcion, prevencion de its y de cancer de cuello uterino",numero de condones entregados,2015-09-01,0,12,228,36,0,276
LA GUARDIA,"anticoncepcion, prevencion de its y de cancer de cuello uterino",numero de condones entregados,2015-09-01,12,72,444,72,0,600
LA PAZ,"anticoncepcion, prevencion de its y de cancer de cuello uterino",numero de condones entregados,2015-09-01,0,1257,18149,2831,58,22295
LAJA,"anticoncepcion, prevencion de its y de cancer de cuello uterino",numero de condones entregados,2015-09-01,0,24,36,36,0,96
LAS CARRERAS,"anticoncepcion, prevencion de its y de cancer de cuello uterino",numero de condones entregados,2015-09-01,0,0,48,36,0,84
LLALLAGUA,"anticoncepcion, prevencion de its y de cancer de cuello uterino",numero de condones entregados,2015-09-01,0,60,228,96,12,396
LLICA,"anticoncepcion, prevencion de its y de cancer de cuello uterino",numero de condones entregados,2015-09-01,0,12,36,0,0,48
LORETO,"anticoncepcion, prevencion de its y de cancer de cuello uterino",numero de condones entregados,2015-09-01,5,0,29,12,2,48
LURIBAY,"anticoncepcion, prevencion de its y de cancer de cuello uterino",numero de condones entregados,2015-09-01,0,0,60,12,0,72
MACHACAMARCA,"anticoncepcion, prevencion de its y de cancer de cuello uterino",numero de condones entregados,2015-09-01,0,0,24,0,0,24
MACHARETI,"anticoncepcion, prevencion de its y de cancer de cuello uterino",numero de condones entregados,2015-09-01,12,36,72,0,0,120
MAGDALENA,"anticoncepcion, prevencion de its y de cancer de cuello uterino",numero de condones entregados,2015-09-01,0,12,84,0,0,96
MAIRANA,"anticoncepcion, prevencion de its y de cancer de cuello uterino",numero de condones entregados,2015-09-01,0,24,60,0,0,84
MAPIRI,"anticoncepcion, prevencion de its y de cancer de cuello uterino",numero de condones entregados,2015-09-01,0,0,12,0,0,12
MECAPACA,"anticoncepcion, prevencion de its y de cancer de cuello uterino",numero de condones entregados,2015-09-01,0,0,144,0,0,144
MINEROS,"anticoncepcion, prevencion de its y de cancer de cuello uterino",numero de condones entregados,2015-09-01,0,12,120,24,0,156
MIZQUE,"anticoncepcion, prevencion de its y de cancer de cuello uterino",numero de condones entregados,2015-09-01,0,48,144,24,0,216
MOCOMOCO,"anticoncepcion, prevencion de its y de cancer de cuello uterino",numero de condones entregados,2015-09-01,0,24,24,36,0,84
MOJINETE,"anticoncepcion, prevencion de its y de cancer de cuello uterino",numero de condones entregados,2015-09-01,0,24,0,0,0,24
MOJOCOYA,"anticoncepcion, prevencion de its y de cancer de cuello uterino",numero de condones entregados,2015-09-01,0,12,72,24,0,108
MONTEAGUDO,"anticoncepcion, prevencion de its y de cancer de cuello uterino",numero de condones entregados,2015-09-01,0,36,255,132,0,423
MONTERO,"anticoncepcion, prevencion de its y de cancer de cuello uterino",numero de condones entregados,2015-09-01,0,60,484,48,12,604
MORO MORO,"anticoncepcion, prevencion de its y de cancer de cuello uterino",numero de condones entregados,2015-09-01,0,0,36,13,0,49
MOROCHATA,"anticoncepcion, prevencion de its y de cancer de cuello uterino",numero de condones entregados,2015-09-01,0,0,48,36,0,84
NACEBE (SANTA ROSA DEL ABUNA),"anticoncepcion, prevencion de its y de cancer de cuello uterino",numero de condones entregados,2015-09-01,0,0,0,0,12,12
NUEVO MANOA (NUEVA ESPERANZA),"anticoncepcion, prevencion de its y de cancer de cuello uterino",numero de condones entregados,2015-09-01,0,12,96,24,0,132
OCURI,"anticoncepcion, prevencion de its y de cancer de cuello uterino",numero de condones entregados,2015-09-01,0,0,36,0,0,36
OKINAWA,"anticoncepcion, prevencion de its y de cancer de cuello uterino",numero de condones entregados,2015-09-01,0,60,36,12,0,108
OMEREQUE,"anticoncepcion, prevencion de its y de cancer de cuello uterino",numero de condones entregados,2015-09-01,0,12,36,48,0,96
ORURO,"anticoncepcion, prevencion de its y de cancer de cuello uterino",numero de condones entregados,2015-09-01,0,180,5714,5038,0,10932
PADCAYA,"anticoncepcion, prevencion de its y de cancer de cuello uterino",numero de condones entregados,2015-09-01,0,24,310,160,20,514
PADILLA,"anticoncepcion, prevencion de its y de cancer de cuello uterino",numero de condones entregados,2015-09-01,0,12,48,36,0,96
PAILON,"anticoncepcion, prevencion de its y de cancer de cuello uterino",numero de condones entregados,2015-09-01,0,24,240,60,24,348
PALCA,"anticoncepcion, prevencion de its y de cancer de cuello uterino",numero de condones entregados,2015-09-01,0,0,75,0,0,75
PALOS BLANCOS,"anticoncepcion, prevencion de its y de cancer de cuello uterino",numero de condones entregados,2015-09-01,12,0,180,36,0,228
PAMPA AULLAGAS,"anticoncepcion, prevencion de its y de cancer de cuello uterino",numero de condones entregados,2015-09-01,0,0,12,0,0,12
PAMPA GRANDE,"anticoncepcion, prevencion de its y de cancer de cuello uterino",numero de condones entregados,2015-09-01,0,24,24,24,0,72
PAPEL PAMPA,"anticoncepcion, prevencion de its y de cancer de cuello uterino",numero de condones entregados,2015-09-01,0,12,24,24,0,60
PASORAPA,"anticoncepcion, prevencion de its y de cancer de cuello uterino",numero de condones entregados,2015-09-01,0,12,24,0,0,36
PAZÑA,"anticoncepcion, prevencion de its y de cancer de cuello uterino",numero de condones entregados,2015-09-01,0,12,132,12,0,156
PELECHUCO,"anticoncepcion, prevencion de its y de cancer de cuello uterino",numero de condones entregados,2015-09-01,0,0,132,12,0,144
POCOATA,"anticoncepcion, prevencion de its y de cancer de cuello uterino",numero de condones entregados,2015-09-01,0,96,72,24,0,192
POCONA,"anticoncepcion, prevencion de its y de cancer de cuello uterino",numero de condones entregados,2015-09-01,0,36,108,72,0,216
POJO (CBBA),"anticoncepcion, prevencion de its y de cancer de cuello uterino",numero de condones entregados,2015-09-01,0,60,144,36,0,240
POOPO,"anticoncepcion, prevencion de its y de cancer de cuello uterino",numero de condones entregados,2015-09-01,0,0,36,24,0,60
PORCO,"anticoncepcion, prevencion de its y de cancer de cuello uterino",numero de condones entregados,2015-09-01,0,12,72,0,0,84
PORONGO,"anticoncepcion, prevencion de its y de cancer de cuello uterino",numero de condones entregados,2015-09-01,0,36,168,12,0,216
PORTACHUELO,"anticoncepcion, prevencion de its y de cancer de cuello uterino",numero de condones entregados,2015-09-01,0,12,60,0,0,72
PORVENIR,"anticoncepcion, prevencion de its y de cancer de cuello uterino",numero de condones entregados,2015-09-01,0,0,24,12,0,36
POSTRER VALLE,"anticoncepcion, prevencion de its y de cancer de cuello uterino",numero de condones entregados,2015-09-01,0,24,36,0,0,60
POTOSI,"anticoncepcion, prevencion de its y de cancer de cuello uterino",numero de condones entregados,2015-09-01,0,126,918,150,0,1194
PRESTO,"anticoncepcion, prevencion de its y de cancer de cuello uterino",numero de condones entregados,2015-09-01,0,0,76,48,0,124
PUCARANI,"anticoncepcion, prevencion de its y de cancer de cuello uterino",numero de condones entregados,2015-09-01,0,24,48,24,0,96
PUERTO ACOSTA,"anticoncepcion, prevencion de its y de cancer de cuello uterino",numero de condones entregados,2015-09-01,0,0,12,12,0,24
PUERTO CARABUCO,"anticoncepcion, prevencion de its y de cancer de cuello uterino",numero de condones entregados,2015-09-01,0,0,48,24,0,72
PUERTO GONZALO MORENO,"anticoncepcion, prevencion de its y de cancer de cuello uterino",numero de condones entregados,2015-09-01,60,36,277,132,0,505
PUERTO PEREZ,"anticoncepcion, prevencion de its y de cancer de cuello uterino",numero de condones entregados,2015-09-01,0,12,12,12,0,36
PUERTO QUIJARRO,"anticoncepcion, prevencion de its y de cancer de cuello uterino",numero de condones entregados,2015-09-01,0,96,253,12,13,374
PUERTO RICO,"anticoncepcion, prevencion de its y de cancer de cuello uterino",numero de condones entregados,2015-09-01,0,0,24,0,0,24
PUERTO SILES,"anticoncepcion, prevencion de its y de cancer de cuello uterino",numero de condones entregados,2015-09-01,0,0,9,12,0,21
PUERTO SUAREZ,"anticoncepcion, prevencion de its y de cancer de cuello uterino",numero de condones entregados,2015-09-01,0,0,12,0,0,12
PUERTO VILLARROEL,"anticoncepcion, prevencion de its y de cancer de cuello uterino",numero de condones entregados,2015-09-01,0,216,564,180,0,960
PUNA,"anticoncepcion, prevencion de its y de cancer de cuello uterino",numero de condones entregados,2015-09-01,0,36,72,24,0,132
PUNATA,"anticoncepcion, prevencion de its y de cancer de cuello uterino",numero de condones entregados,2015-09-01,0,24,156,36,0,216
QUIABAYA,"anticoncepcion, prevencion de its y de cancer de cuello uterino",numero de condones entregados,2015-09-01,0,0,12,0,0,12
QUILLACOLLO,"anticoncepcion, prevencion de its y de cancer de cuello uterino",numero de condones entregados,2015-09-01,0,72,396,48,0,516
QUIME,"anticoncepcion, prevencion de its y de cancer de cuello uterino",numero de condones entregados,2015-09-01,0,0,36,0,0,36
RAVELO,"anticoncepcion, prevencion de its y de cancer de cuello uterino",numero de condones entregados,2015-09-01,0,24,72,24,12,132
REYES,"anticoncepcion, prevencion de its y de cancer de cuello uterino",numero de condones entregados,2015-09-01,24,96,144,48,0,312
RIBERALTA,"anticoncepcion, prevencion de its y de cancer de cuello uterino",numero de condones entregados,2015-09-01,24,594,1694,458,12,2782
ROBORE,"anticoncepcion, prevencion de its y de cancer de cuello uterino",numero de condones entregados,2015-09-01,0,108,36,0,0,144
RURRENABAQUE,"anticoncepcion, prevencion de its y de cancer de cuello uterino",numero de condones entregados,2015-09-01,0,0,24,0,0,24
SABAYA,"anticoncepcion, prevencion de its y de cancer de cuello uterino",numero de condones entregados,2015-09-01,0,12,0,0,0,12
SACABA,"anticoncepcion, prevencion de its y de cancer de cuello uterino",numero de condones entregados,2015-09-01,0,204,886,528,0,1618
SACACA,"anticoncepcion, prevencion de its y de cancer de cuello uterino",numero de condones entregados,2015-09-01,0,0,36,0,0,36
SAIPINA,"anticoncepcion, prevencion de its y de cancer de cuello uterino",numero de condones entregados,2015-09-01,0,0,48,0,0,48
SALINAS DE GARCI MENDOZA,"anticoncepcion, prevencion de its y de cancer de cuello uterino",numero de condones entregados,2015-09-01,0,60,216,72,0,348
SAMAIPATA,"anticoncepcion, prevencion de its y de cancer de cuello uterino",numero de condones entregados,2015-09-01,0,0,36,0,0,36
SAN AGUSTIN,"anticoncepcion, prevencion de its y de cancer de cuello uterino",numero de condones entregados,2015-09-01,0,36,24,12,0,72
SAN ANDRES,"anticoncepcion, prevencion de its y de cancer de cuello uterino",numero de condones entregados,2015-09-01,0,25,24,0,0,49
SAN ANDRES DE MACHACA,"anticoncepcion, prevencion de its y de cancer de cuello uterino",numero de condones entregados,2015-09-01,0,12,36,24,0,72
SAN ANTONIO DE ESMORUCO,"anticoncepcion, prevencion de its y de cancer de cuello uterino",numero de condones entregados,2015-09-01,0,0,49,12,0,61
SAN ANTONIO DE LOMERIO,"anticoncepcion, prevencion de its y de cancer de cuello uterino",numero de condones entregados,2015-09-01,0,0,48,12,0,60
SAN BORJA,"anticoncepcion, prevencion de its y de cancer de cuello uterino",numero de condones entregados,2015-09-01,0,48,48,36,0,132
SAN BUENA VENTURA,"anticoncepcion, prevencion de its y de cancer de cuello uterino",numero de condones entregados,2015-09-01,0,12,132,24,0,168
SAN CARLOS,"anticoncepcion, prevencion de its y de cancer de cuello uterino",numero de condones entregados,2015-09-01,0,180,432,144,0,756
SAN IGNACIO,"anticoncepcion, prevencion de its y de cancer de cuello uterino",numero de condones entregados,2015-09-01,0,24,85,0,0,109
SAN IGNACIO DE VELASCO,"anticoncepcion, prevencion de its y de cancer de cuello uterino",numero de condones entregados,2015-09-01,0,60,348,36,0,444
SAN JAVIER(BNI),"anticoncepcion, prevencion de its y de cancer de cuello uterino",numero de condones entregados,2015-09-01,0,9,0,16,0,25
SAN JAVIER(STC),"anticoncepcion, prevencion de its y de cancer de cuello uterino",numero de condones entregados,2015-09-01,0,12,12,0,0,24
SAN JOSE DE CHIQUITOS,"anticoncepcion, prevencion de its y de cancer de cuello uterino",numero de condones entregados,2015-09-01,0,12,0,24,0,36
SAN JUAN DE YAPACANI,"anticoncepcion, prevencion de its y de cancer de cuello uterino",numero de condones entregados,2015-09-01,0,0,60,36,0,96
SAN JULIAN,"anticoncepcion, prevencion de its y de cancer de cuello uterino",numero de condones entregados,2015-09-01,0,0,84,60,12,156
SAN LORENZO(PND),"anticoncepcion, prevencion de its y de cancer de cuello uterino",numero de condones entregados,2015-09-01,0,12,12,0,0,24
SAN LORENZO(TJA),"anticoncepcion, prevencion de its y de cancer de cuello uterino",numero de condones entregados,2015-09-01,0,32,56,52,20,160
SAN LUCAS,"anticoncepcion, prevencion de its y de cancer de cuello uterino",numero de condones entregados,2015-09-01,0,60,132,84,0,276
SAN MATIAS,"anticoncepcion, prevencion de its y de cancer de cuello uterino",numero de condones entregados,2015-09-01,0,12,12,0,0,24
SAN MIGUEL DE VELASCO,"anticoncepcion, prevencion de its y de cancer de cuello uterino",numero de condones entregados,2015-09-01,0,24,48,60,0,132
SAN PEDRO,"anticoncepcion, prevencion de its y de cancer de cuello uterino",numero de condones entregados,2015-09-01,0,12,166,13,12,203
SAN PEDRO DE BUENA VISTA,"anticoncepcion, prevencion de its y de cancer de cuello uterino",numero de condones entregados,2015-09-01,0,12,72,24,0,108
SAN PEDRO DE QUEMES,"anticoncepcion, prevencion de its y de cancer de cuello uterino",numero de condones entregados,2015-09-01,0,0,48,12,0,60
SAN PEDRO DE TIQUINA,"anticoncepcion, prevencion de its y de cancer de cuello uterino",numero de condones entregados,2015-09-01,0,12,12,0,0,24
SAN PEDRO(PND),"anticoncepcion, prevencion de its y de cancer de cuello uterino",numero de condones entregados,2015-09-01,0,12,0,0,0,12
SAN RAFAEL,"anticoncepcion, prevencion de its y de cancer de cuello uterino",numero de condones entregados,2015-09-01,0,0,84,24,0,108
SAN RAMON BENI,"anticoncepcion, prevencion de its y de cancer de cuello uterino",numero de condones entregados,2015-09-01,0,12,12,12,0,36
SAN RAMON SCZ,"anticoncepcion, prevencion de its y de cancer de cuello uterino",numero de condones entregados,2015-09-01,0,0,48,0,0,48
SANTA ANA,"anticoncepcion, prevencion de its y de cancer de cuello uterino",numero de condones entregados,2015-09-01,0,12,51,12,0,75
SANTA CRUZ DE LA SIERRA,"anticoncepcion, prevencion de its y de cancer de cuello uterino",numero de condones entregados,2015-09-01,12,1112,3013,382,12,4531
SANTA ROSA,"anticoncepcion, prevencion de its y de cancer de cuello uterino",numero de condones entregados,2015-09-01,0,0,12,0,0,12
SANTA ROSA DEL SARA,"anticoncepcion, prevencion de its y de cancer de cuello uterino",numero de condones entregados,2015-09-01,0,48,252,36,0,336
SANTIAGO DE HUARI,"anticoncepcion, prevencion de its y de cancer de cuello uterino",numero de condones entregados,2015-09-01,0,0,48,12,0,60
SANTIAGO DE HUATA,"anticoncepcion, prevencion de its y de cancer de cuello uterino",numero de condones entregados,2015-09-01,0,12,24,0,0,36
SANTIAGO DE MACHACA,"anticoncepcion, prevencion de its y de cancer de cuello uterino",numero de condones entregados,2015-09-01,0,0,24,0,0,24
SANTIVAÑES,"anticoncepcion, prevencion de its y de cancer de cuello uterino",numero de condones entregados,2015-09-01,0,12,84,0,0,96
SANTUARIO DE QUILLACAS,"anticoncepcion, prevencion de its y de cancer de cuello uterino",numero de condones entregados,2015-09-01,0,60,252,120,72,504
SAPAHAQUI,"anticoncepcion, prevencion de its y de cancer de cuello uterino",numero de condones entregados,2015-09-01,0,12,60,0,0,72
SHINAOTA,"anticoncepcion, prevencion de its y de cancer de cuello uterino",numero de condones entregados,2015-09-01,0,24,12,12,0,48
SICA SICA (VILLA AROMA),"anticoncepcion, prevencion de its y de cancer de cuello uterino",numero de condones entregados,2015-09-01,0,24,132,24,0,180
SICAYA,"anticoncepcion, prevencion de its y de cancer de cuello uterino",numero de condones entregados,2015-09-01,0,0,12,1,0,13
SIPE SIPE,"anticoncepcion, prevencion de its y de cancer de cuello uterino",numero de condones entregados,2015-09-01,0,48,108,24,0,180
SOPACHUY,"anticoncepcion, prevencion de its y de cancer de cuello uterino",numero de condones entregados,2015-09-01,0,0,48,48,0,96
SORACACHI,"anticoncepcion, prevencion de its y de cancer de cuello uterino",numero de condones entregados,2015-09-01,0,0,48,12,0,60
SORATA,"anticoncepcion, prevencion de its y de cancer de cuello uterino",numero de condones entregados,2015-09-01,0,0,72,0,0,72
SUCRE,"anticoncepcion, prevencion de its y de cancer de cuello uterino",numero de condones entregados,2015-09-01,0,1762,4588,1666,0,8016
TACACOMA,"anticoncepcion, prevencion de its y de cancer de cuello uterino",numero de condones entregados,2015-09-01,0,0,61,0,12,73
TACOBAMBA,"anticoncepcion, prevencion de its y de cancer de cuello uterino",numero de condones entregados,2015-09-01,0,0,12,12,0,24
TACOPAYA,"anticoncepcion, prevencion de its y de cancer de cuello uterino",numero de condones entregados,2015-09-01,0,12,0,0,0,12
TAHUA,"anticoncepcion, prevencion de its y de cancer de cuello uterino",numero de condones entregados,2015-09-01,0,0,12,0,0,12
TAPACARI,"anticoncepcion, prevencion de its y de cancer de cuello uterino",numero de condones entregados,2015-09-01,0,12,120,120,0,252
TARABUCO,"anticoncepcion, prevencion de its y de cancer de cuello uterino",numero de condones entregados,2015-09-01,0,24,72,36,0,132
TARACO,"anticoncepcion, prevencion de its y de cancer de cuello uterino",numero de condones entregados,2015-09-01,0,24,24,0,0,48
TARATA,"anticoncepcion, prevencion de its y de cancer de cuello uterino",numero de condones entregados,2015-09-01,0,0,24,0,0,24
TARIJA,"anticoncepcion, prevencion de its y de cancer de cuello uterino",numero de condones entregados,2015-09-01,0,185,555,209,12,961
TARVITA,"anticoncepcion, prevencion de its y de cancer de cuello uterino",numero de condones entregados,2015-09-01,0,12,36,12,0,60
TEOPONTE,"anticoncepcion, prevencion de its y de cancer de cuello uterino",numero de condones entregados,2015-09-01,0,0,36,12,0,48
TIAWANACU,"anticoncepcion, prevencion de its y de cancer de cuello uterino",numero de condones entregados,2015-09-01,0,24,60,12,0,96
TINGUIPAYA,"anticoncepcion, prevencion de its y de cancer de cuello uterino",numero de condones entregados,2015-09-01,0,25,30,1,0,56
TIPUANI,"anticoncepcion, prevencion de its y de cancer de cuello uterino",numero de condones entregados,2015-09-01,0,0,36,24,0,60
TIQUIPAYA,"anticoncepcion, prevencion de its y de cancer de cuello uterino",numero de condones entregados,2015-09-01,0,13,312,12,0,337
TIRAQUE (CBBA),"anticoncepcion, prevencion de its y de cancer de cuello uterino",numero de condones entregados,2015-09-01,0,12,60,12,0,84
TITO YUPANQUI (PARQUIPUJIO),"anticoncepcion, prevencion de its y de cancer de cuello uterino",numero de condones entregados,2015-09-01,0,0,12,12,0,24
TOCO,"anticoncepcion, prevencion de its y de cancer de cuello uterino",numero de condones entregados,2015-09-01,0,0,60,0,0,60
TODOS SANTOS,"anticoncepcion, prevencion de its y de cancer de cuello uterino",numero de condones entregados,2015-09-01,0,0,24,0,0,24
TOLATA,"anticoncepcion, prevencion de its y de cancer de cuello uterino",numero de condones entregados,2015-09-01,0,12,84,12,0,108
TOLEDO,"anticoncepcion, prevencion de its y de cancer de cuello uterino",numero de condones entregados,2015-09-01,0,12,24,0,0,36
TOMAVE,"anticoncepcion, prevencion de its y de cancer de cuello uterino",numero de condones entregados,2015-09-01,0,36,132,24,0,192
TOMINA,"anticoncepcion, prevencion de its y de cancer de cuello uterino",numero de condones entregados,2015-09-01,0,72,96,60,0,228
TORO TORO,"anticoncepcion, prevencion de its y de cancer de cuello uterino",numero de condones entregados,2015-09-01,0,48,60,36,0,144
TOTORA(CBBA),"anticoncepcion, prevencion de its y de cancer de cuello uterino",numero de condones entregados,2015-09-01,0,12,48,36,0,96
TOTORA(ORR),"anticoncepcion, prevencion de its y de cancer de cuello uterino",numero de condones entregados,2015-09-01,0,0,60,0,0,60
TRIGAL,"anticoncepcion, prevencion de its y de cancer de cuello uterino",numero de condones entregados,2015-09-01,0,4,24,0,0,28
TRINIDAD,"anticoncepcion, prevencion de its y de cancer de cuello uterino",numero de condones entregados,2015-09-01,12,749,1534,861,114,3270
TUPIZA,"anticoncepcion, prevencion de its y de cancer de cuello uterino",numero de condones entregados,2015-09-01,0,192,300,108,24,624
TURCO,"anticoncepcion, prevencion de its y de cancer de cuello uterino",numero de condones entregados,2015-09-01,0,0,0,12,0,12
UMALA,"anticoncepcion, prevencion de its y de cancer de cuello uterino",numero de condones entregados,2015-09-01,0,0,36,0,0,36
UNCIA,"anticoncepcion, prevencion de its y de cancer de cuello uterino",numero de condones entregados,2015-09-01,12,48,96,12,0,168
URIONDO (A. CONCEPCION),"anticoncepcion, prevencion de its y de cancer de cuello uterino",numero de condones entregados,2015-09-01,0,88,138,81,20,327
URUBICHA,"anticoncepcion, prevencion de its y de cancer de cuello uterino",numero de condones entregados,2015-09-01,0,12,24,12,0,48
UYUNI,"anticoncepcion, prevencion de its y de cancer de cuello uterino",numero de condones entregados,2015-09-01,0,12,60,12,12,96
VACAS,"anticoncepcion, prevencion de its y de cancer de cuello uterino",numero de condones entregados,2015-09-01,0,0,12,24,0,36
VALLEGRANDE,"anticoncepcion, prevencion de its y de cancer de cuello uterino",numero de condones entregados,2015-09-01,0,24,120,24,0,168
VIACHA,"anticoncepcion, prevencion de its y de cancer de cuello uterino",numero de condones entregados,2015-09-01,0,48,340,96,0,484
VILLA CHARCAS,"anticoncepcion, prevencion de its y de cancer de cuello uterino",numero de condones entregados,2015-09-01,0,12,84,36,0,132
VILLA MONTES,"anticoncepcion, prevencion de its y de cancer de cuello uterino",numero de condones entregados,2015-09-01,0,40,147,36,0,223
VILLA NUEVA (LOMA ALTA),"anticoncepcion, prevencion de its y de cancer de cuello uterino",numero de condones entregados,2015-09-01,0,12,24,0,0,36
VILLA RIVERO,"anticoncepcion, prevencion de its y de cancer de cuello uterino",numero de condones entregados,2015-09-01,0,24,72,12,0,108
VILLA SERRANO,"anticoncepcion, prevencion de its y de cancer de cuello uterino",numero de condones entregados,2015-09-01,0,0,60,0,0,60
VILLA TUNARI,"anticoncepcion, prevencion de its y de cancer de cuello uterino",numero de condones entregados,2015-09-01,0,125,696,182,0,1003
VILLA VACA GUZMAN (MUYUPAMPA),"anticoncepcion, prevencion de its y de cancer de cuello uterino",numero de condones entregados,2015-09-01,0,60,96,24,0,180
VILLAZON,"anticoncepcion, prevencion de its y de cancer de cuello uterino",numero de condones entregados,2015-09-01,0,12,300,132,0,444
VINTO,"anticoncepcion, prevencion de its y de cancer de cuello uterino",numero de condones entregados,2015-09-01,0,60,372,36,0,468
VITICHI,"anticoncepcion, prevencion de its y de cancer de cuello uterino",numero de condones entregados,2015-09-01,0,36,36,36,0,108
WARNES,"anticoncepcion, prevencion de its y de cancer de cuello uterino",numero de condones entregados,2015-09-01,0,48,96,36,0,180
YACUIBA,"anticoncepcion, prevencion de its y de cancer de cuello uterino",numero de condones entregados,2015-09-01,0,152,738,232,0,1122
YAMPARAEZ,"anticoncepcion, prevencion de its y de cancer de cuello uterino",numero de condones entregados,2015-09-01,0,0,12,0,0,12
YANACACHI,"anticoncepcion, prevencion de its y de cancer de cuello uterino",numero de condones entregados,2015-09-01,0,0,12,0,0,12
YAPACANI,"anticoncepcion, prevencion de its y de cancer de cuello uterino",numero de condones entregados,2015-09-01,0,36,216,84,0,336
YOCALLA,"anticoncepcion, prevencion de its y de cancer de cuello uterino",numero de condones entregados,2015-09-01,0,0,12,36,0,48
YOTALA,"anticoncepcion, prevencion de its y de cancer de cuello uterino",numero de condones entregados,2015-09-01,0,0,120,12,0,132
YUNCHARA,"anticoncepcion, prevencion de its y de cancer de cuello uterino",numero de condones entregados,2015-09-01,0,24,115,44,0,183
ZUDAÑEZ,"anticoncepcion, prevencion de its y de cancer de cuello uterino",numero de condones entregados,2015-09-01,0,24,60,24,0,108
ACACIO,"anticoncepcion, prevencion de its y de cancer de cuello uterino",numero de condones entregados,2015-10-01,0,0,24,0,0,24
ACHACACHI,"anticoncepcion, prevencion de its y de cancer de cuello uterino",numero de condones entregados,2015-10-01,0,0,72,36,0,108
ACHOCALLA,"anticoncepcion, prevencion de its y de cancer de cuello uterino",numero de condones entregados,2015-10-01,0,0,108,12,0,120
AIQUILE,"anticoncepcion, prevencion de its y de cancer de cuello uterino",numero de condones entregados,2015-10-01,0,24,132,24,12,192
ALALAY,"anticoncepcion, prevencion de its y de cancer de cuello uterino",numero de condones entregados,2015-10-01,0,0,24,0,0,24
ALCALA,"anticoncepcion, prevencion de its y de cancer de cuello uterino",numero de condones entregados,2015-10-01,0,0,84,24,0,108
ALTO BENI,"anticoncepcion, prevencion de its y de cancer de cuello uterino",numero de condones entregados,2015-10-01,0,48,192,24,0,264
ANCORAIMES,"anticoncepcion, prevencion de its y de cancer de cuello uterino",numero de condones entregados,2015-10-01,0,0,60,24,0,84
ANDAMARCA,"anticoncepcion, prevencion de its y de cancer de cuello uterino",numero de condones entregados,2015-10-01,0,24,48,0,0,72
ANTEQUERA,"anticoncepcion, prevencion de its y de cancer de cuello uterino",numero de condones entregados,2015-10-01,0,0,84,0,0,84
ANZALDO,"anticoncepcion, prevencion de its y de cancer de cuello uterino",numero de condones entregados,2015-10-01,0,12,36,0,0,48
APOLO,"anticoncepcion, prevencion de its y de cancer de cuello uterino",numero de condones entregados,2015-10-01,0,12,84,0,0,96
ARAMPAMPA,"anticoncepcion, prevencion de its y de cancer de cuello uterino",numero de condones entregados,2015-10-01,0,12,12,0,0,24
ARBIETO,"anticoncepcion, prevencion de its y de cancer de cuello uterino",numero de condones entregados,2015-10-01,0,24,96,36,0,156
ARQUE,"anticoncepcion, prevencion de its y de cancer de cuello uterino",numero de condones entregados,2015-10-01,0,12,36,24,0,72
ASCENCION DE GUARAYOS,"anticoncepcion, prevencion de its y de cancer de cuello uterino",numero de condones entregados,2015-10-01,12,60,134,48,0,254
ATOCHA,"anticoncepcion, prevencion de its y de cancer de cuello uterino",numero de condones entregados,2015-10-01,0,12,82,24,0,118
AUCAPATA,"anticoncepcion, prevencion de its y de cancer de cuello uterino",numero de condones entregados,2015-10-01,0,0,36,0,0,36
AYATA,"anticoncepcion, prevencion de its y de cancer de cuello uterino",numero de condones entregados,2015-10-01,0,0,24,24,0,48
AYO AYO,"anticoncepcion, prevencion de its y de cancer de cuello uterino",numero de condones entregados,2015-10-01,0,0,60,0,12,72
AYOPAYA (V. DE INDEPENDENCIA),"anticoncepcion, prevencion de its y de cancer de cuello uterino",numero de condones entregados,2015-10-01,0,48,168,24,12,252
AZURDUY,"anticoncepcion, prevencion de its y de cancer de cuello uterino",numero de condones entregados,2015-10-01,0,12,12,12,0,36
BATALLAS,"anticoncepcion, prevencion de its y de cancer de cuello uterino",numero de condones entregados,2015-10-01,0,12,36,24,0,72
BAURES,"anticoncepcion, prevencion de its y de cancer de cuello uterino",numero de condones entregados,2015-10-01,0,0,12,0,12,24
BELEN DE ANDAMARCA,"anticoncepcion, prevencion de its y de cancer de cuello uterino",numero de condones entregados,2015-10-01,0,0,0,12,0,12
BELEN DE URMIRI,"anticoncepcion, prevencion de its y de cancer de cuello uterino",numero de condones entregados,2015-10-01,0,24,24,12,0,60
BELLA FLOR,"anticoncepcion, prevencion de its y de cancer de cuello uterino",numero de condones entregados,2015-10-01,0,24,36,0,0,60
BERMEJO,"anticoncepcion, prevencion de its y de cancer de cuello uterino",numero de condones entregados,2015-10-01,12,48,480,296,60,896
BETANZOS,"anticoncepcion, prevencion de its y de cancer de cuello uterino",numero de condones entregados,2015-10-01,0,24,60,84,12,180
BOLIVAR,"anticoncepcion, prevencion de its y de cancer de cuello uterino",numero de condones entregados,2015-10-01,0,0,36,0,0,36
BOLPEBRA,"anticoncepcion, prevencion de its y de cancer de cuello uterino",numero de condones entregados,2015-10-01,0,0,48,54,0,102
BOYUIBE,"anticoncepcion, prevencion de its y de cancer de cuello uterino",numero de condones entregados,2015-10-01,0,0,12,0,0,12
BUENA VISTA,"anticoncepcion, prevencion de its y de cancer de cuello uterino",numero de condones entregados,2015-10-01,0,60,132,36,0,228
CABEZAS,"anticoncepcion, prevencion de its y de cancer de cuello uterino",numero de condones entregados,2015-10-01,0,192,1014,180,0,1386
CAIROMA,"anticoncepcion, prevencion de its y de cancer de cuello uterino",numero de condones entregados,2015-10-01,0,0,72,12,0,84
"CAIZA ""D""","anticoncepcion, prevencion de its y de cancer de cuello uterino",numero de condones entregados,2015-10-01,0,24,48,24,0,96
CAJUATA,"anticoncepcion, prevencion de its y de cancer de cuello uterino",numero de condones entregados,2015-10-01,0,36,144,48,0,228
CALACOTO,"anticoncepcion, prevencion de its y de cancer de cuello uterino",numero de condones entregados,2015-10-01,0,0,12,0,0,12
CALAMARCA,"anticoncepcion, prevencion de its y de cancer de cuello uterino",numero de condones entregados,2015-10-01,0,60,84,24,0,168
CAMARGO,"anticoncepcion, prevencion de its y de cancer de cuello uterino",numero de condones entregados,2015-10-01,0,12,96,12,0,120
CAMATAQUI (C. VILLA ABECIA),"anticoncepcion, prevencion de its y de cancer de cuello uterino",numero de condones entregados,2015-10-01,0,0,60,48,0,108
CAMIRI,"anticoncepcion, prevencion de its y de cancer de cuello uterino",numero de condones entregados,2015-10-01,0,24,120,39,0,183
CAPINOTA,"anticoncepcion, prevencion de its y de cancer de cuello uterino",numero de condones entregados,2015-10-01,12,24,108,0,0,144
CAQUIAVIRI,"anticoncepcion, prevencion de its y de cancer de cuello uterino",numero de condones entregados,2015-10-01,0,24,72,24,0,120
CARACOLLO,"anticoncepcion, prevencion de its y de cancer de cuello uterino",numero de condones entregados,2015-10-01,0,24,132,0,0,156
CARANAVI,"anticoncepcion, prevencion de its y de cancer de cuello uterino",numero de condones entregados,2015-10-01,0,96,432,84,0,612
CARAPARI,"anticoncepcion, prevencion de its y de cancer de cuello uterino",numero de condones entregados,2015-10-01,0,44,96,52,40,232
CARIPUYO,"anticoncepcion, prevencion de its y de cancer de cuello uterino",numero de condones entregados,2015-10-01,0,24,12,12,0,48
CHACARILLA,"anticoncepcion, prevencion de its y de cancer de cuello uterino",numero de condones entregados,2015-10-01,0,12,0,0,0,12
CHALLAPATA,"anticoncepcion, prevencion de its y de cancer de cuello uterino",numero de condones entregados,2015-10-01,0,36,204,36,24,300
CHAQUI,"anticoncepcion, prevencion de its y de cancer de cuello uterino",numero de condones entregados,2015-10-01,0,0,72,12,0,84
CHARAGUA,"anticoncepcion, prevencion de its y de cancer de cuello uterino",numero de condones entregados,2015-10-01,0,0,12,0,0,12
CHAYANTA,"anticoncepcion, prevencion de its y de cancer de cuello uterino",numero de condones entregados,2015-10-01,0,108,108,48,0,264
CHIMORE,"anticoncepcion, prevencion de its y de cancer de cuello uterino",numero de condones entregados,2015-10-01,0,156,613,276,0,1045
CHIPAYA,"anticoncepcion, prevencion de its y de cancer de cuello uterino",numero de condones entregados,2015-10-01,0,0,24,0,0,24
CHOQUE COTA,"anticoncepcion, prevencion de its y de cancer de cuello uterino",numero de condones entregados,2015-10-01,0,0,24,12,0,36
CHULUMANI (V. DE LA LIBERTAD),"anticoncepcion, prevencion de its y de cancer de cuello uterino",numero de condones entregados,2015-10-01,0,12,36,24,0,72
CHUMA,"anticoncepcion, prevencion de its y de cancer de cuello uterino",numero de condones entregados,2015-10-01,0,12,48,24,0,84
CHUQUIHUTA AYLLU JUCUMANI,"anticoncepcion, prevencion de its y de cancer de cuello uterino",numero de condones entregados,2015-10-01,0,12,0,0,0,12
CKOCHAS,"anticoncepcion, prevencion de its y de cancer de cuello uterino",numero de condones entregados,2015-10-01,0,25,27,37,0,89
CLIZA,"anticoncepcion, prevencion de its y de cancer de cuello uterino",numero de condones entregados,2015-10-01,0,72,96,24,0,192
COBIJA,"anticoncepcion, prevencion de its y de cancer de cuello uterino",numero de condones entregados,2015-10-01,0,48,180,84,24,336
COCAPATA,"anticoncepcion, prevencion de its y de cancer de cuello uterino",numero de condones entregados,2015-10-01,0,0,36,24,0,60
COCHABAMBA,"anticoncepcion, prevencion de its y de cancer de cuello uterino",numero de condones entregados,2015-10-01,0,408,2942,563,0,3913
COLCAPIRHUA,"anticoncepcion, prevencion de its y de cancer de cuello uterino",numero de condones entregados,2015-10-01,0,12,204,0,0,216
"COLCHA ""K""","anticoncepcion, prevencion de its y de cancer de cuello uterino",numero de condones entregados,2015-10-01,0,12,132,96,0,240
COLLANA,"anticoncepcion, prevencion de its y de cancer de cuello uterino",numero de condones entregados,2015-10-01,0,0,24,0,0,24
COLOMI,"anticoncepcion, prevencion de its y de cancer de cuello uterino",numero de condones entregados,2015-10-01,0,0,36,12,0,48
COLPA BELGICA,"anticoncepcion, prevencion de its y de cancer de cuello uterino",numero de condones entregados,2015-10-01,0,24,72,24,0,120
COLQUECHACA,"anticoncepcion, prevencion de its y de cancer de cuello uterino",numero de condones entregados,2015-10-01,0,24,180,24,0,228
COLQUENCHA,"anticoncepcion, prevencion de its y de cancer de cuello uterino",numero de condones entregados,2015-10-01,0,0,120,24,0,144
COLQUIRI,"anticoncepcion, prevencion de its y de cancer de cuello uterino",numero de condones entregados,2015-10-01,0,24,48,12,0,84
COMARAPA,"anticoncepcion, prevencion de its y de cancer de cuello uterino",numero de condones entregados,2015-10-01,0,12,108,36,0,156
COMBAYA,"anticoncepcion, prevencion de its y de cancer de cuello uterino",numero de condones entregados,2015-10-01,0,12,0,0,0,12
CORIPATA,"anticoncepcion, prevencion de its y de cancer de cuello uterino",numero de condones entregados,2015-10-01,0,0,180,12,0,192
CORO CORO,"anticoncepcion, prevencion de its y de cancer de cuello uterino",numero de condones entregados,2015-10-01,0,0,12,24,0,36
COROICO,"anticoncepcion, prevencion de its y de cancer de cuello uterino",numero de condones entregados,2015-10-01,0,0,24,0,0,24
CORQUE,"anticoncepcion, prevencion de its y de cancer de cuello uterino",numero de condones entregados,2015-10-01,0,0,12,0,0,12
COTAGAITA,"anticoncepcion, prevencion de its y de cancer de cuello uterino",numero de condones entregados,2015-10-01,0,60,219,121,0,400
COTOCA,"anticoncepcion, prevencion de its y de cancer de cuello uterino",numero de condones entregados,2015-10-01,0,108,276,84,0,468
CUATRO CAÑADAS,"anticoncepcion, prevencion de its y de cancer de cuello uterino",numero de condones entregados,2015-10-01,0,60,264,24,0,348
CUCHUMUELA (V. G. VILLARROEL),"anticoncepcion, prevencion de its y de cancer de cuello uterino",numero de condones entregados,2015-10-01,0,0,24,12,0,36
CUEVO,"anticoncepcion, prevencion de its y de cancer de cuello uterino",numero de condones entregados,2015-10-01,0,36,24,0,0,60
CULPINA,"anticoncepcion, prevencion de its y de cancer de cuello uterino",numero de condones entregados,2015-10-01,0,12,60,60,12,144
CURAHUARA DE CARANGAS,"anticoncepcion, prevencion de its y de cancer de cuello uterino",numero de condones entregados,2015-10-01,0,0,12,0,0,12
CURVA,"anticoncepcion, prevencion de its y de cancer de cuello uterino",numero de condones entregados,2015-10-01,0,0,24,12,0,36
EL ALTO,"anticoncepcion, prevencion de its y de cancer de cuello uterino",numero de condones entregados,2015-10-01,0,709,9687,4462,552,15410
EL CHORO,"anticoncepcion, prevencion de its y de cancer de cuello uterino",numero de condones entregados,2015-10-01,0,12,36,36,0,84
EL PUENTE(STC),"anticoncepcion, prevencion de its y de cancer de cuello uterino",numero de condones entregados,2015-10-01,60,144,516,132,0,852
EL PUENTE(TJA),"anticoncepcion, prevencion de its y de cancer de cuello uterino",numero de condones entregados,2015-10-01,0,60,160,192,12,424
EL TORNO,"anticoncepcion, prevencion de its y de cancer de cuello uterino",numero de condones entregados,2015-10-01,72,264,468,96,0,900
EL VILLAR,"anticoncepcion, prevencion de its y de cancer de cuello uterino",numero de condones entregados,2015-10-01,0,12,72,12,0,96
ENTRE RIOS TRJ,"anticoncepcion, prevencion de its y de cancer de cuello uterino",numero de condones entregados,2015-10-01,0,24,213,24,12,273
ENTRE RIOS CBBA,"anticoncepcion, prevencion de its y de cancer de cuello uterino",numero de condones entregados,2015-10-01,0,48,410,72,0,530
ESCARA,"anticoncepcion, prevencion de its y de cancer de cuello uterino",numero de condones entregados,2015-10-01,0,0,36,12,0,48
EUREKA (SANTOS MERCADO),"anticoncepcion, prevencion de its y de cancer de cuello uterino",numero de condones entregados,2015-10-01,12,0,24,0,0,36
EXALTACION,"anticoncepcion, prevencion de its y de cancer de cuello uterino",numero de condones entregados,2015-10-01,0,0,3,0,0,3
FERNANDEZ ALONSO,"anticoncepcion, prevencion de its y de cancer de cuello uterino",numero de condones entregados,2015-10-01,0,12,19,12,0,43
GENERAL SAAVEDRA,"anticoncepcion, prevencion de its y de cancer de cuello uterino",numero de condones entregados,2015-10-01,0,0,48,0,0,48
GRAL. J.J. PEREZ (CHARAZANI),"anticoncepcion, prevencion de its y de cancer de cuello uterino",numero de condones entregados,2015-10-01,0,0,60,24,0,84
GUAQUI,"anticoncepcion, prevencion de its y de cancer de cuello uterino",numero de condones entregados,2015-10-01,0,12,24,12,0,48
GUAYARAMERIN,"anticoncepcion, prevencion de its y de cancer de cuello uterino",numero de condones entregados,2015-10-01,36,157,356,85,0,634
GUTIERREZ,"anticoncepcion, prevencion de its y de cancer de cuello uterino",numero de condones entregados,2015-10-01,0,6,0,0,0,6
HUACARETA,"anticoncepcion, prevencion de its y de cancer de cuello uterino",numero de condones entregados,2015-10-01,0,24,63,12,0,99
HUANUNI,"anticoncepcion, prevencion de its y de cancer de cuello uterino",numero de condones entregados,2015-10-01,0,12,84,0,0,96
HUARACAJE,"anticoncepcion, prevencion de its y de cancer de cuello uterino",numero de condones entregados,2015-10-01,0,0,36,0,0,36
HUATAJATA,"anticoncepcion, prevencion de its y de cancer de cuello uterino",numero de condones entregados,2015-10-01,0,0,0,12,0,12
HUAYLLAMARCA,"anticoncepcion, prevencion de its y de cancer de cuello uterino",numero de condones entregados,2015-10-01,0,0,36,0,0,36
HUMANATA,"anticoncepcion, prevencion de its y de cancer de cuello uterino",numero de condones entregados,2015-10-01,0,0,36,0,0,36
ICHOCA,"anticoncepcion, prevencion de its y de cancer de cuello uterino",numero de condones entregados,2015-10-01,0,0,36,12,0,48
ICLA,"anticoncepcion, prevencion de its y de cancer de cuello uterino",numero de condones entregados,2015-10-01,0,48,48,12,0,108
INCAHUASI,"anticoncepcion, prevencion de its y de cancer de cuello uterino",numero de condones entregados,2015-10-01,0,0,48,36,0,84
INQUISIVI,"anticoncepcion, prevencion de its y de cancer de cuello uterino",numero de condones entregados,2015-10-01,0,24,24,12,0,60
IRUPANA (VILLA DE LANZA),"anticoncepcion, prevencion de its y de cancer de cuello uterino",numero de condones entregados,2015-10-01,0,0,96,48,0,144
IXIAMAS,"anticoncepcion, prevencion de its y de cancer de cuello uterino",numero de condones entregados,2015-10-01,0,24,36,0,0,60
JESUS DE MACHACA,"anticoncepcion, prevencion de its y de cancer de cuello uterino",numero de condones entregados,2015-10-01,0,0,24,12,0,36
LA ASUNTA,"anticoncepcion, prevencion de its y de cancer de cuello uterino",numero de condones entregados,2015-10-01,0,60,336,48,0,444
LA GUARDIA,"anticoncepcion, prevencion de its y de cancer de cuello uterino",numero de condones entregados,2015-10-01,24,72,360,120,0,576
LA PAZ,"anticoncepcion, prevencion de its y de cancer de cuello uterino",numero de condones entregados,2015-10-01,24,694,5209,3569,136,9632
LAGUNILLAS,"anticoncepcion, prevencion de its y de cancer de cuello uterino",numero de condones entregados,2015-10-01,0,12,36,0,0,48
LAJA,"anticoncepcion, prevencion de its y de cancer de cuello uterino",numero de condones entregados,2015-10-01,0,48,84,12,0,144
LAS CARRERAS,"anticoncepcion, prevencion de its y de cancer de cuello uterino",numero de condones entregados,2015-10-01,0,0,48,12,0,60
LICOMA PAMPA,"anticoncepcion, prevencion de its y de cancer de cuello uterino",numero de condones entregados,2015-10-01,0,12,24,12,0,48
LLALLAGUA,"anticoncepcion, prevencion de its y de cancer de cuello uterino",numero de condones entregados,2015-10-01,0,84,173,84,0,341
LORETO,"anticoncepcion, prevencion de its y de cancer de cuello uterino",numero de condones entregados,2015-10-01,0,3,25,16,0,44
LURIBAY,"anticoncepcion, prevencion de its y de cancer de cuello uterino",numero de condones entregados,2015-10-01,0,0,48,48,0,96
MACHACAMARCA,"anticoncepcion, prevencion de its y de cancer de cuello uterino",numero de condones entregados,2015-10-01,0,0,12,0,0,12
MACHARETI,"anticoncepcion, prevencion de its y de cancer de cuello uterino",numero de condones entregados,2015-10-01,0,48,192,24,12,276
MAGDALENA,"anticoncepcion, prevencion de its y de cancer de cuello uterino",numero de condones entregados,2015-10-01,0,0,138,72,0,210
MAIRANA,"anticoncepcion, prevencion de its y de cancer de cuello uterino",numero de condones entregados,2015-10-01,0,12,36,12,0,60
MALLA,"anticoncepcion, prevencion de its y de cancer de cuello uterino",numero de condones entregados,2015-10-01,0,0,24,0,0,24
MAPIRI,"anticoncepcion, prevencion de its y de cancer de cuello uterino",numero de condones entregados,2015-10-01,0,0,24,0,0,24
MECAPACA,"anticoncepcion, prevencion de its y de cancer de cuello uterino",numero de condones entregados,2015-10-01,0,0,60,0,0,60
MINEROS,"anticoncepcion, prevencion de its y de cancer de cuello uterino",numero de condones entregados,2015-10-01,0,12,72,36,0,120
MIZQUE,"anticoncepcion, prevencion de its y de cancer de cuello uterino",numero de condones entregados,2015-10-01,0,86,192,50,0,328
MOCOMOCO,"anticoncepcion, prevencion de its y de cancer de cuello uterino",numero de condones entregados,2015-10-01,0,0,72,24,0,96
MOJINETE,"anticoncepcion, prevencion de its y de cancer de cuello uterino",numero de condones entregados,2015-10-01,0,0,0,12,0,12
MOJOCOYA,"anticoncepcion, prevencion de its y de cancer de cuello uterino",numero de condones entregados,2015-10-01,0,0,24,36,0,60
MONTEAGUDO,"anticoncepcion, prevencion de its y de cancer de cuello uterino",numero de condones entregados,2015-10-01,0,36,180,72,36,324
MONTERO,"anticoncepcion, prevencion de its y de cancer de cuello uterino",numero de condones entregados,2015-10-01,0,96,506,96,0,698
MOROCHATA,"anticoncepcion, prevencion de its y de cancer de cuello uterino",numero de condones entregados,2015-10-01,0,12,36,36,0,84
NACEBE (SANTA ROSA DEL ABUNA),"anticoncepcion, prevencion de its y de cancer de cuello uterino",numero de condones entregados,2015-10-01,0,12,48,12,0,72
NUEVO MANOA (NUEVA ESPERANZA),"anticoncepcion, prevencion de its y de cancer de cuello uterino",numero de condones entregados,2015-10-01,0,0,72,12,0,84
OCURI,"anticoncepcion, prevencion de its y de cancer de cuello uterino",numero de condones entregados,2015-10-01,0,24,36,12,0,72
OKINAWA,"anticoncepcion, prevencion de its y de cancer de cuello uterino",numero de condones entregados,2015-10-01,0,12,108,12,0,132
OMEREQUE,"anticoncepcion, prevencion de its y de cancer de cuello uterino",numero de condones entregados,2015-10-01,0,0,72,0,0,72
ORURO,"anticoncepcion, prevencion de its y de cancer de cuello uterino",numero de condones entregados,2015-10-01,0,147,1489,393,12,2041
PADCAYA,"anticoncepcion, prevencion de its y de cancer de cuello uterino",numero de condones entregados,2015-10-01,0,32,300,126,0,458
PADILLA,"anticoncepcion, prevencion de its y de cancer de cuello uterino",numero de condones entregados,2015-10-01,0,12,24,12,0,48
PAILON,"anticoncepcion, prevencion de its y de cancer de cuello uterino",numero de condones entregados,2015-10-01,0,36,168,84,0,288
PALCA,"anticoncepcion, prevencion de its y de cancer de cuello uterino",numero de condones entregados,2015-10-01,0,0,48,0,0,48
PALOS BLANCOS,"anticoncepcion, prevencion de its y de cancer de cuello uterino",numero de condones entregados,2015-10-01,0,36,144,48,0,228
PAMPA AULLAGAS,"anticoncepcion, prevencion de its y de cancer de cuello uterino",numero de condones entregados,2015-10-01,0,0,12,24,0,36
PAMPA GRANDE,"anticoncepcion, prevencion de its y de cancer de cuello uterino",numero de condones entregados,2015-10-01,0,12,24,12,0,48
PAPEL PAMPA,"anticoncepcion, prevencion de its y de cancer de cuello uterino",numero de condones entregados,2015-10-01,0,24,60,24,0,108
PASORAPA,"anticoncepcion, prevencion de its y de cancer de cuello uterino",numero de condones entregados,2015-10-01,0,24,12,0,0,36
PAZÑA,"anticoncepcion, prevencion de its y de cancer de cuello uterino",numero de condones entregados,2015-10-01,0,0,60,12,0,72
PELECHUCO,"anticoncepcion, prevencion de its y de cancer de cuello uterino",numero de condones entregados,2015-10-01,0,12,204,36,0,252
POCOATA,"anticoncepcion, prevencion de its y de cancer de cuello uterino",numero de condones entregados,2015-10-01,0,36,228,48,0,312
POCONA,"anticoncepcion, prevencion de its y de cancer de cuello uterino",numero de condones entregados,2015-10-01,0,0,120,72,0,192
POJO (CBBA),"anticoncepcion, prevencion de its y de cancer de cuello uterino",numero de condones entregados,2015-10-01,0,24,84,48,0,156
POOPO,"anticoncepcion, prevencion de its y de cancer de cuello uterino",numero de condones entregados,2015-10-01,0,0,60,48,0,108
PORCO,"anticoncepcion, prevencion de its y de cancer de cuello uterino",numero de condones entregados,2015-10-01,0,12,48,0,0,60
PORONGO,"anticoncepcion, prevencion de its y de cancer de cuello uterino",numero de condones entregados,2015-10-01,0,0,36,0,0,36
PORTACHUELO,"anticoncepcion, prevencion de its y de cancer de cuello uterino",numero de condones entregados,2015-10-01,0,24,72,12,0,108
PORVENIR,"anticoncepcion, prevencion de its y de cancer de cuello uterino",numero de condones entregados,2015-10-01,0,12,0,48,0,60
POSTRER VALLE,"anticoncepcion, prevencion de its y de cancer de cuello uterino",numero de condones entregados,2015-10-01,0,12,48,0,0,60
POTOSI,"anticoncepcion, prevencion de its y de cancer de cuello uterino",numero de condones entregados,2015-10-01,0,96,683,214,0,993
PRESTO,"anticoncepcion, prevencion de its y de cancer de cuello uterino",numero de condones entregados,2015-10-01,0,13,123,24,0,160
PUCARA,"anticoncepcion, prevencion de its y de cancer de cuello uterino",numero de condones entregados,2015-10-01,0,0,12,0,0,12
PUCARANI,"anticoncepcion, prevencion de its y de cancer de cuello uterino",numero de condones entregados,2015-10-01,0,48,252,108,36,444
PUERTO ACOSTA,"anticoncepcion, prevencion de its y de cancer de cuello uterino",numero de condones entregados,2015-10-01,0,0,12,0,0,12
PUERTO CARABUCO,"anticoncepcion, prevencion de its y de cancer de cuello uterino",numero de condones entregados,2015-10-01,0,0,12,24,12,48
PUERTO GONZALO MORENO,"anticoncepcion, prevencion de its y de cancer de cuello uterino",numero de condones entregados,2015-10-01,0,12,36,12,0,60
PUERTO PEREZ,"anticoncepcion, prevencion de its y de cancer de cuello uterino",numero de condones entregados,2015-10-01,0,12,0,24,0,36
PUERTO QUIJARRO,"anticoncepcion, prevencion de its y de cancer de cuello uterino",numero de condones entregados,2015-10-01,0,12,180,24,0,216
PUERTO RICO,"anticoncepcion, prevencion de its y de cancer de cuello uterino",numero de condones entregados,2015-10-01,0,0,24,0,0,24
PUERTO SUAREZ,"anticoncepcion, prevencion de its y de cancer de cuello uterino",numero de condones entregados,2015-10-01,0,27,15,0,0,42
PUERTO VILLARROEL,"anticoncepcion, prevencion de its y de cancer de cuello uterino",numero de condones entregados,2015-10-01,0,156,552,157,0,865
PUNA,"anticoncepcion, prevencion de its y de cancer de cuello uterino",numero de condones entregados,2015-10-01,0,24,60,36,0,120
PUNATA,"anticoncepcion, prevencion de its y de cancer de cuello uterino",numero de condones entregados,2015-10-01,0,12,216,24,0,252
QUIABAYA,"anticoncepcion, prevencion de its y de cancer de cuello uterino",numero de condones entregados,2015-10-01,0,0,12,0,0,12
QUILLACOLLO,"anticoncepcion, prevencion de its y de cancer de cuello uterino",numero de condones entregados,2015-10-01,0,48,308,37,0,393
QUIME,"anticoncepcion, prevencion de its y de cancer de cuello uterino",numero de condones entregados,2015-10-01,0,60,108,12,0,180
RAVELO,"anticoncepcion, prevencion de its y de cancer de cuello uterino",numero de condones entregados,2015-10-01,0,0,24,0,0,24
REYES,"anticoncepcion, prevencion de its y de cancer de cuello uterino",numero de condones entregados,2015-10-01,0,24,72,36,0,132
RIBERALTA,"anticoncepcion, prevencion de its y de cancer de cuello uterino",numero de condones entregados,2015-10-01,56,585,618,138,50,1447
ROBORE,"anticoncepcion, prevencion de its y de cancer de cuello uterino",numero de condones entregados,2015-10-01,0,60,157,12,0,229
RURRENABAQUE,"anticoncepcion, prevencion de its y de cancer de cuello uterino",numero de condones entregados,2015-10-01,0,12,72,24,0,108
SABAYA,"anticoncepcion, prevencion de its y de cancer de cuello uterino",numero de condones entregados,2015-10-01,0,12,12,12,0,36
SACABA,"anticoncepcion, prevencion de its y de cancer de cuello uterino",numero de condones entregados,2015-10-01,0,144,918,396,0,1458
SACACA,"anticoncepcion, prevencion de its y de cancer de cuello uterino",numero de condones entregados,2015-10-01,0,12,12,12,0,36
SAIPINA,"anticoncepcion, prevencion de its y de cancer de cuello uterino",numero de condones entregados,2015-10-01,0,0,24,0,0,24
SALINAS DE GARCI MENDOZA,"anticoncepcion, prevencion de its y de cancer de cuello uterino",numero de condones entregados,2015-10-01,0,24,168,48,0,240
SAMAIPATA,"anticoncepcion, prevencion de its y de cancer de cuello uterino",numero de condones entregados,2015-10-01,0,24,120,0,0,144
SAN AGUSTIN,"anticoncepcion, prevencion de its y de cancer de cuello uterino",numero de condones entregados,2015-10-01,0,0,12,0,0,12
SAN ANDRES,"anticoncepcion, prevencion de its y de cancer de cuello uterino",numero de condones entregados,2015-10-01,36,24,24,12,0,96
SAN ANDRES DE MACHACA,"anticoncepcion, prevencion de its y de cancer de cuello uterino",numero de condones entregados,2015-10-01,0,24,72,24,0,120
SAN ANTONIO DE ESMORUCO,"anticoncepcion, prevencion de its y de cancer de cuello uterino",numero de condones entregados,2015-10-01,0,0,12,12,0,24
SAN ANTONIO DE LOMERIO,"anticoncepcion, prevencion de its y de cancer de cuello uterino",numero de condones entregados,2015-10-01,0,12,84,48,0,144
SAN BORJA,"anticoncepcion, prevencion de its y de cancer de cuello uterino",numero de condones entregados,2015-10-01,0,48,108,12,0,168
SAN BUENA VENTURA,"anticoncepcion, prevencion de its y de cancer de cuello uterino",numero de condones entregados,2015-10-01,0,0,12,0,0,12
SAN CARLOS,"anticoncepcion, prevencion de its y de cancer de cuello uterino",numero de condones entregados,2015-10-01,0,132,396,48,0,576
SAN IGNACIO,"anticoncepcion, prevencion de its y de cancer de cuello uterino",numero de condones entregados,2015-10-01,0,24,228,48,0,300
SAN IGNACIO DE VELASCO,"anticoncepcion, prevencion de its y de cancer de cuello uterino",numero de condones entregados,2015-10-01,12,48,156,36,0,252
SAN JAVIER(BNI),"anticoncepcion, prevencion de its y de cancer de cuello uterino",numero de condones entregados,2015-10-01,0,0,48,0,0,48
SAN JAVIER(STC),"anticoncepcion, prevencion de its y de cancer de cuello uterino",numero de condones entregados,2015-10-01,0,12,12,0,0,24
SAN JUAN DE YAPACANI,"anticoncepcion, prevencion de its y de cancer de cuello uterino",numero de condones entregados,2015-10-01,0,0,24,0,0,24
SAN JULIAN,"anticoncepcion, prevencion de its y de cancer de cuello uterino",numero de condones entregados,2015-10-01,0,96,60,12,0,168
SAN LORENZO(PND),"anticoncepcion, prevencion de its y de cancer de cuello uterino",numero de condones entregados,2015-10-01,0,0,13,0,0,13
SAN LORENZO(TJA),"anticoncepcion, prevencion de its y de cancer de cuello uterino",numero de condones entregados,2015-10-01,0,36,116,76,0,228
SAN LUCAS,"anticoncepcion, prevencion de its y de cancer de cuello uterino",numero de condones entregados,2015-10-01,12,144,132,48,0,336
SAN MATIAS,"anticoncepcion, prevencion de its y de cancer de cuello uterino",numero de condones entregados,2015-10-01,0,24,36,12,0,72
SAN MIGUEL DE VELASCO,"anticoncepcion, prevencion de its y de cancer de cuello uterino",numero de condones entregados,2015-10-01,12,12,96,12,0,132
SAN PABLO DE LIPEZ,"anticoncepcion, prevencion de its y de cancer de cuello uterino",numero de condones entregados,2015-10-01,0,0,24,0,0,24
SAN PEDRO,"anticoncepcion, prevencion de its y de cancer de cuello uterino",numero de condones entregados,2015-10-01,0,12,144,36,0,192
SAN PEDRO DE BUENA VISTA,"anticoncepcion, prevencion de its y de cancer de cuello uterino",numero de condones entregados,2015-10-01,0,36,60,12,0,108
SAN PEDRO DE CURAHUARA,"anticoncepcion, prevencion de its y de cancer de cuello uterino",numero de condones entregados,2015-10-01,0,0,12,24,0,36
SAN PEDRO DE QUEMES,"anticoncepcion, prevencion de its y de cancer de cuello uterino",numero de condones entregados,2015-10-01,6,0,60,0,0,66
SAN PEDRO DE TIQUINA,"anticoncepcion, prevencion de its y de cancer de cuello uterino",numero de condones entregados,2015-10-01,0,24,12,0,0,36
SAN RAFAEL,"anticoncepcion, prevencion de its y de cancer de cuello uterino",numero de condones entregados,2015-10-01,0,0,48,12,0,60
SAN RAMON BENI,"anticoncepcion, prevencion de its y de cancer de cuello uterino",numero de condones entregados,2015-10-01,0,0,60,24,0,84
SAN RAMON SCZ,"anticoncepcion, prevencion de its y de cancer de cuello uterino",numero de condones entregados,2015-10-01,0,2,5,1,1,9
SANTA ANA,"anticoncepcion, prevencion de its y de cancer de cuello uterino",numero de condones entregados,2015-10-01,0,36,123,12,12,183
SANTA CRUZ DE LA SIERRA,"anticoncepcion, prevencion de its y de cancer de cuello uterino",numero de condones entregados,2015-10-01,18,813,2857,640,4,4332
SANTA ROSA DEL SARA,"anticoncepcion, prevencion de its y de cancer de cuello uterino",numero de condones entregados,2015-10-01,36,108,300,60,24,528
SANTIAGO DE HUARI,"anticoncepcion, prevencion de its y de cancer de cuello uterino",numero de condones entregados,2015-10-01,0,24,72,0,0,96
SANTIAGO DE HUATA,"anticoncepcion, prevencion de its y de cancer de cuello uterino",numero de condones entregados,2015-10-01,0,0,24,0,0,24
SANTIAGO DE MACHACA,"anticoncepcion, prevencion de its y de cancer de cuello uterino",numero de condones entregados,2015-10-01,0,0,12,0,0,12
SANTIVAÑES,"anticoncepcion, prevencion de its y de cancer de cuello uterino",numero de condones entregados,2015-10-01,0,0,72,12,0,84
SANTUARIO DE QUILLACAS,"anticoncepcion, prevencion de its y de cancer de cuello uterino",numero de condones entregados,2015-10-01,0,36,72,48,0,156
SAPAHAQUI,"anticoncepcion, prevencion de its y de cancer de cuello uterino",numero de condones entregados,2015-10-01,0,0,60,0,0,60
SENA,"anticoncepcion, prevencion de its y de cancer de cuello uterino",numero de condones entregados,2015-10-01,0,0,12,0,0,12
SICA SICA (VILLA AROMA),"anticoncepcion, prevencion de its y de cancer de cuello uterino",numero de condones entregados,2015-10-01,0,36,108,0,0,144
SIPE SIPE,"anticoncepcion, prevencion de its y de cancer de cuello uterino",numero de condones entregados,2015-10-01,0,24,152,12,0,188
SOPACHUY,"anticoncepcion, prevencion de its y de cancer de cuello uterino",numero de condones entregados,2015-10-01,0,12,48,36,0,96
SORACACHI,"anticoncepcion, prevencion de its y de cancer de cuello uterino",numero de condones entregados,2015-10-01,0,0,108,60,0,168
SORATA,"anticoncepcion, prevencion de its y de cancer de cuello uterino",numero de condones entregados,2015-10-01,0,12,48,24,0,84
SUCRE,"anticoncepcion, prevencion de its y de cancer de cuello uterino",numero de condones entregados,2015-10-01,12,1826,6143,1776,0,9757
TACACOMA,"anticoncepcion, prevencion de its y de cancer de cuello uterino",numero de condones entregados,2015-10-01,0,12,36,0,0,48
TACOBAMBA,"anticoncepcion, prevencion de its y de cancer de cuello uterino",numero de condones entregados,2015-10-01,0,12,0,0,0,12
TACOPAYA,"anticoncepcion, prevencion de its y de cancer de cuello uterino",numero de condones entregados,2015-10-01,0,0,0,12,0,12
TAHUA,"anticoncepcion, prevencion de its y de cancer de cuello uterino",numero de condones entregados,2015-10-01,0,24,0,0,0,24
TAPACARI,"anticoncepcion, prevencion de its y de cancer de cuello uterino",numero de condones entregados,2015-10-01,0,0,84,48,0,132
TARABUCO,"anticoncepcion, prevencion de its y de cancer de cuello uterino",numero de condones entregados,2015-10-01,0,0,24,12,0,36
TARACO,"anticoncepcion, prevencion de its y de cancer de cuello uterino",numero de condones entregados,2015-10-01,0,12,36,0,0,48
TARATA,"anticoncepcion, prevencion de its y de cancer de cuello uterino",numero de condones entregados,2015-10-01,0,0,24,12,0,36
TARIJA,"anticoncepcion, prevencion de its y de cancer de cuello uterino",numero de condones entregados,2015-10-01,0,1390,1308,949,0,3647
TARVITA,"anticoncepcion, prevencion de its y de cancer de cuello uterino",numero de condones entregados,2015-10-01,0,36,84,36,0,156
TEOPONTE,"anticoncepcion, prevencion de its y de cancer de cuello uterino",numero de condones entregados,2015-10-01,0,0,24,0,0,24
TIAWANACU,"anticoncepcion, prevencion de its y de cancer de cuello uterino",numero de condones entregados,2015-10-01,0,0,36,12,0,48
TINGUIPAYA,"anticoncepcion, prevencion de its y de cancer de cuello uterino",numero de condones entregados,2015-10-01,0,168,60,12,12,252
TIPUANI,"anticoncepcion, prevencion de its y de cancer de cuello uterino",numero de condones entregados,2015-10-01,0,12,12,0,0,24
TIQUIPAYA,"anticoncepcion, prevencion de its y de cancer de cuello uterino",numero de condones entregados,2015-10-01,0,36,229,60,0,325
TIRAQUE (CBBA),"anticoncepcion, prevencion de its y de cancer de cuello uterino",numero de condones entregados,2015-10-01,0,12,48,24,0,84
TITO YUPANQUI (PARQUIPUJIO),"anticoncepcion, prevencion de its y de cancer de cuello uterino",numero de condones entregados,2015-10-01,0,0,36,24,0,60
TOCO,"anticoncepcion, prevencion de its y de cancer de cuello uterino",numero de condones entregados,2015-10-01,0,12,12,0,0,24
TOLATA,"anticoncepcion, prevencion de its y de cancer de cuello uterino",numero de condones entregados,2015-10-01,0,24,108,0,0,132
TOLEDO,"anticoncepcion, prevencion de its y de cancer de cuello uterino",numero de condones entregados,2015-10-01,0,12,12,0,0,24
TOMAVE,"anticoncepcion, prevencion de its y de cancer de cuello uterino",numero de condones entregados,2015-10-01,0,24,144,36,0,204
TOMINA,"anticoncepcion, prevencion de its y de cancer de cuello uterino",numero de condones entregados,2015-10-01,0,48,84,36,0,168
TORO TORO,"anticoncepcion, prevencion de its y de cancer de cuello uterino",numero de condones entregados,2015-10-01,0,24,132,72,0,228
TOTORA(CBBA),"anticoncepcion, prevencion de its y de cancer de cuello uterino",numero de condones entregados,2015-10-01,0,12,84,36,0,132
TOTORA(ORR),"anticoncepcion, prevencion de its y de cancer de cuello uterino",numero de condones entregados,2015-10-01,0,0,72,24,0,96
TRIGAL,"anticoncepcion, prevencion de its y de cancer de cuello uterino",numero de condones entregados,2015-10-01,0,0,48,0,0,48
TRINIDAD,"anticoncepcion, prevencion de its y de cancer de cuello uterino",numero de condones entregados,2015-10-01,1,180,930,355,30,1496
TUPIZA,"anticoncepcion, prevencion de its y de cancer de cuello uterino",numero de condones entregados,2015-10-01,0,190,250,90,0,530
TURCO,"anticoncepcion, prevencion de its y de cancer de cuello uterino",numero de condones entregados,2015-10-01,0,0,24,72,0,96
UNCIA,"anticoncepcion, prevencion de its y de cancer de cuello uterino",numero de condones entregados,2015-10-01,0,12,264,60,12,348
URIONDO (A. CONCEPCION),"anticoncepcion, prevencion de its y de cancer de cuello uterino",numero de condones entregados,2015-10-01,0,28,80,72,0,180
URUBICHA,"anticoncepcion, prevencion de its y de cancer de cuello uterino",numero de condones entregados,2015-10-01,0,0,12,0,0,12
UYUNI,"anticoncepcion, prevencion de its y de cancer de cuello uterino",numero de condones entregados,2015-10-01,0,12,144,12,0,168
VACAS,"anticoncepcion, prevencion de its y de cancer de cuello uterino",numero de condones entregados,2015-10-01,0,0,36,24,0,60
VALLEGRANDE,"anticoncepcion, prevencion de its y de cancer de cuello uterino",numero de condones entregados,2015-10-01,0,36,216,35,0,287
VIACHA,"anticoncepcion, prevencion de its y de cancer de cuello uterino",numero de condones entregados,2015-10-01,0,36,216,60,0,312
VILLA CHARCAS,"anticoncepcion, prevencion de its y de cancer de cuello uterino",numero de condones entregados,2015-10-01,0,12,48,24,0,84
VILLA MONTES,"anticoncepcion, prevencion de its y de cancer de cuello uterino",numero de condones entregados,2015-10-01,0,62,172,24,0,258
VILLA NUEVA (LOMA ALTA),"anticoncepcion, prevencion de its y de cancer de cuello uterino",numero de condones entregados,2015-10-01,0,0,12,0,0,12
VILLA RIVERO,"anticoncepcion, prevencion de its y de cancer de cuello uterino",numero de condones entregados,2015-10-01,0,12,60,12,0,84
VILLA SERRANO,"anticoncepcion, prevencion de its y de cancer de cuello uterino",numero de condones entregados,2015-10-01,0,0,12,12,0,24
VILLA TUNARI,"anticoncepcion, prevencion de its y de cancer de cuello uterino",numero de condones entregados,2015-10-01,0,180,883,237,0,1300
VILLA VACA GUZMAN (MUYUPAMPA),"anticoncepcion, prevencion de its y de cancer de cuello uterino",numero de condones entregados,2015-10-01,12,36,60,96,0,204
VILLAZON,"anticoncepcion, prevencion de its y de cancer de cuello uterino",numero de condones entregados,2015-10-01,0,24,336,120,0,480
VINTO,"anticoncepcion, prevencion de its y de cancer de cuello uterino",numero de condones entregados,2015-10-01,0,36,324,24,0,384
VITICHI,"anticoncepcion, prevencion de its y de cancer de cuello uterino",numero de condones entregados,2015-10-01,0,66,36,72,0,174
WARNES,"anticoncepcion, prevencion de its y de cancer de cuello uterino",numero de condones entregados,2015-10-01,12,12,85,0,0,109
YACO,"anticoncepcion, prevencion de its y de cancer de cuello uterino",numero de condones entregados,2015-10-01,0,0,36,24,0,60
YACUIBA,"anticoncepcion, prevencion de its y de cancer de cuello uterino",numero de condones entregados,2015-10-01,0,144,628,176,0,948
YAMPARAEZ,"anticoncepcion, prevencion de its y de cancer de cuello uterino",numero de condones entregados,2015-10-01,0,0,0,12,0,12
YANACACHI,"anticoncepcion, prevencion de its y de cancer de cuello uterino",numero de condones entregados,2015-10-01,0,0,24,12,0,36
YAPACANI,"anticoncepcion, prevencion de its y de cancer de cuello uterino",numero de condones entregados,2015-10-01,0,36,257,49,0,342
YOCALLA,"anticoncepcion, prevencion de its y de cancer de cuello uterino",numero de condones entregados,2015-10-01,0,0,24,24,0,48
YOTALA,"anticoncepcion, prevencion de its y de cancer de cuello uterino",numero de condones entregados,2015-10-01,0,12,96,24,0,132
YUNCHARA,"anticoncepcion, prevencion de its y de cancer de cuello uterino",numero de condones entregados,2015-10-01,12,12,199,63,0,286
YUNGUYO DE LITORAL,"anticoncepcion, prevencion de its y de cancer de cuello uterino",numero de condones entregados,2015-10-01,0,0,24,0,0,24
ZUDAÑEZ,"anticoncepcion, prevencion de its y de cancer de cuello uterino",numero de condones entregados,2015-10-01,0,48,60,36,0,144
ACHACACHI,"anticoncepcion, prevencion de its y de cancer de cuello uterino",numero de condones entregados,2015-11-01,0,1,75,60,12,148
ACHOCALLA,"anticoncepcion, prevencion de its y de cancer de cuello uterino",numero de condones entregados,2015-11-01,0,24,96,0,0,120
AIQUILE,"anticoncepcion, prevencion de its y de cancer de cuello uterino",numero de condones entregados,2015-11-01,0,24,84,48,0,156
ALALAY,"anticoncepcion, prevencion de its y de cancer de cuello uterino",numero de condones entregados,2015-11-01,0,1,12,0,0,13
ALCALA,"anticoncepcion, prevencion de its y de cancer de cuello uterino",numero de condones entregados,2015-11-01,0,0,60,12,12,84
ALTO BENI,"anticoncepcion, prevencion de its y de cancer de cuello uterino",numero de condones entregados,2015-11-01,12,24,144,36,0,216
ANCORAIMES,"anticoncepcion, prevencion de its y de cancer de cuello uterino",numero de condones entregados,2015-11-01,0,0,12,36,0,48
ANDAMARCA,"anticoncepcion, prevencion de its y de cancer de cuello uterino",numero de condones entregados,2015-11-01,0,24,36,0,0,60
ANTEQUERA,"anticoncepcion, prevencion de its y de cancer de cuello uterino",numero de condones entregados,2015-11-01,0,60,60,36,0,156
ANZALDO,"anticoncepcion, prevencion de its y de cancer de cuello uterino",numero de condones entregados,2015-11-01,0,0,12,0,0,12
APOLO,"anticoncepcion, prevencion de its y de cancer de cuello uterino",numero de condones entregados,2015-11-01,0,12,60,36,0,108
ARAMPAMPA,"anticoncepcion, prevencion de its y de cancer de cuello uterino",numero de condones entregados,2015-11-01,0,0,12,0,0,12
ARANI,"anticoncepcion, prevencion de its y de cancer de cuello uterino",numero de condones entregados,2015-11-01,0,10,12,0,0,22
ARBIETO,"anticoncepcion, prevencion de its y de cancer de cuello uterino",numero de condones entregados,2015-11-01,0,0,204,36,0,240
ARQUE,"anticoncepcion, prevencion de its y de cancer de cuello uterino",numero de condones entregados,2015-11-01,0,0,21,0,0,21
ASCENCION DE GUARAYOS,"anticoncepcion, prevencion de its y de cancer de cuello uterino",numero de condones entregados,2015-11-01,0,0,84,24,0,108
ATOCHA,"anticoncepcion, prevencion de its y de cancer de cuello uterino",numero de condones entregados,2015-11-01,0,0,192,48,0,240
AUCAPATA,"anticoncepcion, prevencion de its y de cancer de cuello uterino",numero de condones entregados,2015-11-01,0,0,24,0,0,24
AYATA,"anticoncepcion, prevencion de its y de cancer de cuello uterino",numero de condones entregados,2015-11-01,12,0,60,24,0,96
AYO AYO,"anticoncepcion, prevencion de its y de cancer de cuello uterino",numero de condones entregados,2015-11-01,0,0,24,0,0,24
AYOPAYA (V. DE INDEPENDENCIA),"anticoncepcion, prevencion de its y de cancer de cuello uterino",numero de condones entregados,2015-11-01,0,12,204,36,12,264
AZURDUY,"anticoncepcion, prevencion de its y de cancer de cuello uterino",numero de condones entregados,2015-11-01,0,0,12,48,0,60
BATALLAS,"anticoncepcion, prevencion de its y de cancer de cuello uterino",numero de condones entregados,2015-11-01,0,0,36,0,0,36
BELEN DE ANDAMARCA,"anticoncepcion, prevencion de its y de cancer de cuello uterino",numero de condones entregados,2015-11-01,0,0,24,24,0,48
BELEN DE URMIRI,"anticoncepcion, prevencion de its y de cancer de cuello uterino",numero de condones entregados,2015-11-01,0,60,72,48,0,180
BELLA FLOR,"anticoncepcion, prevencion de its y de cancer de cuello uterino",numero de condones entregados,2015-11-01,0,12,36,12,12,72
BERMEJO,"anticoncepcion, prevencion de its y de cancer de cuello uterino",numero de condones entregados,2015-11-01,0,68,426,216,36,746
BETANZOS,"anticoncepcion, prevencion de its y de cancer de cuello uterino",numero de condones entregados,2015-11-01,0,12,180,96,12,300
BUENA VISTA,"anticoncepcion, prevencion de its y de cancer de cuello uterino",numero de condones entregados,2015-11-01,0,39,144,12,0,195
CABEZAS,"anticoncepcion, prevencion de its y de cancer de cuello uterino",numero de condones entregados,2015-11-01,0,72,228,12,0,312
CAIROMA,"anticoncepcion, prevencion de its y de cancer de cuello uterino",numero de condones entregados,2015-11-01,0,24,84,0,0,108
"CAIZA ""D""","anticoncepcion, prevencion de its y de cancer de cuello uterino",numero de condones entregados,2015-11-01,0,12,72,12,0,96
CAJUATA,"anticoncepcion, prevencion de its y de cancer de cuello uterino",numero de condones entregados,2015-11-01,0,24,72,60,0,156
CALACOTO,"anticoncepcion, prevencion de its y de cancer de cuello uterino",numero de condones entregados,2015-11-01,0,0,12,0,0,12
CALAMARCA,"anticoncepcion, prevencion de its y de cancer de cuello uterino",numero de condones entregados,2015-11-01,0,0,72,48,0,120
CAMARGO,"anticoncepcion, prevencion de its y de cancer de cuello uterino",numero de condones entregados,2015-11-01,12,24,120,60,0,216
CAMATAQUI (C. VILLA ABECIA),"anticoncepcion, prevencion de its y de cancer de cuello uterino",numero de condones entregados,2015-11-01,0,24,24,36,0,84
CAMIRI,"anticoncepcion, prevencion de its y de cancer de cuello uterino",numero de condones entregados,2015-11-01,0,12,132,12,0,156
CAPINOTA,"anticoncepcion, prevencion de its y de cancer de cuello uterino",numero de condones entregados,2015-11-01,0,12,84,36,0,132
CAQUIAVIRI,"anticoncepcion, prevencion de its y de cancer de cuello uterino",numero de condones entregados,2015-11-01,0,0,24,0,0,24
CARACOLLO,"anticoncepcion, prevencion de its y de cancer de cuello uterino",numero de condones entregados,2015-11-01,0,24,180,12,0,216
CARANAVI,"anticoncepcion, prevencion de its y de cancer de cuello uterino",numero de condones entregados,2015-11-01,0,12,312,96,0,420
CARAPARI,"anticoncepcion, prevencion de its y de cancer de cuello uterino",numero de condones entregados,2015-11-01,0,20,58,59,0,137
CARIPUYO,"anticoncepcion, prevencion de its y de cancer de cuello uterino",numero de condones entregados,2015-11-01,0,12,48,12,0,72
CATACORA,"anticoncepcion, prevencion de its y de cancer de cuello uterino",numero de condones entregados,2015-11-01,0,0,24,48,0,72
CHALLAPATA,"anticoncepcion, prevencion de its y de cancer de cuello uterino",numero de condones entregados,2015-11-01,0,12,216,60,0,288
CHAQUI,"anticoncepcion, prevencion de its y de cancer de cuello uterino",numero de condones entregados,2015-11-01,0,0,62,24,0,86
CHAYANTA,"anticoncepcion, prevencion de its y de cancer de cuello uterino",numero de condones entregados,2015-11-01,0,0,63,0,0,63
CHIMORE,"anticoncepcion, prevencion de its y de cancer de cuello uterino",numero de condones entregados,2015-11-01,0,96,504,192,0,792
CHIPAYA,"anticoncepcion, prevencion de its y de cancer de cuello uterino",numero de condones entregados,2015-11-01,0,12,0,0,0,12
CHOQUE COTA,"anticoncepcion, prevencion de its y de cancer de cuello uterino",numero de condones entregados,2015-11-01,0,0,12,12,0,24
CHUA COCANI,"anticoncepcion, prevencion de its y de cancer de cuello uterino",numero de condones entregados,2015-11-01,12,0,0,0,0,12
CHULUMANI (V. DE LA LIBERTAD),"anticoncepcion, prevencion de its y de cancer de cuello uterino",numero de condones entregados,2015-11-01,0,0,12,12,0,24
CHUMA,"anticoncepcion, prevencion de its y de cancer de cuello uterino",numero de condones entregados,2015-11-01,0,12,24,24,0,60
CHUQUIHUTA AYLLU JUCUMANI,"anticoncepcion, prevencion de its y de cancer de cuello uterino",numero de condones entregados,2015-11-01,0,0,12,0,0,12
CKOCHAS,"anticoncepcion, prevencion de its y de cancer de cuello uterino",numero de condones entregados,2015-11-01,0,0,48,12,0,60
CLIZA,"anticoncepcion, prevencion de its y de cancer de cuello uterino",numero de condones entregados,2015-11-01,0,36,192,24,0,252
COBIJA,"anticoncepcion, prevencion de its y de cancer de cuello uterino",numero de condones entregados,2015-11-01,0,60,276,60,0,396
COCAPATA,"anticoncepcion, prevencion de its y de cancer de cuello uterino",numero de condones entregados,2015-11-01,0,0,84,24,0,108
COCHABAMBA,"anticoncepcion, prevencion de its y de cancer de cuello uterino",numero de condones entregados,2015-11-01,0,314,2878,2973,12,6177
COIPASA,"anticoncepcion, prevencion de its y de cancer de cuello uterino",numero de condones entregados,2015-11-01,0,0,12,0,0,12
COLCAPIRHUA,"anticoncepcion, prevencion de its y de cancer de cuello uterino",numero de condones entregados,2015-11-01,0,12,288,24,0,324
"COLCHA ""K""","anticoncepcion, prevencion de its y de cancer de cuello uterino",numero de condones entregados,2015-11-01,0,24,144,156,24,348
COLLANA,"anticoncepcion, prevencion de its y de cancer de cuello uterino",numero de condones entregados,2015-11-01,0,0,24,0,0,24
COLOMI,"anticoncepcion, prevencion de its y de cancer de cuello uterino",numero de condones entregados,2015-11-01,0,36,60,36,0,132
COLPA BELGICA,"anticoncepcion, prevencion de its y de cancer de cuello uterino",numero de condones entregados,2015-11-01,0,0,48,48,0,96
COLQUECHACA,"anticoncepcion, prevencion de its y de cancer de cuello uterino",numero de condones entregados,2015-11-01,0,48,192,69,0,309
COLQUENCHA,"anticoncepcion, prevencion de its y de cancer de cuello uterino",numero de condones entregados,2015-11-01,0,0,24,12,0,36
COLQUIRI,"anticoncepcion, prevencion de its y de cancer de cuello uterino",numero de condones entregados,2015-11-01,0,12,0,12,0,24
COMARAPA,"anticoncepcion, prevencion de its y de cancer de cuello uterino",numero de condones entregados,2015-11-01,0,48,120,36,0,204
CONCEPCION,"anticoncepcion, prevencion de its y de cancer de cuello uterino",numero de condones entregados,2015-11-01,0,24,0,12,0,36
COPACABANA,"anticoncepcion, prevencion de its y de cancer de cuello uterino",numero de condones entregados,2015-11-01,0,12,12,0,0,24
CORIPATA,"anticoncepcion, prevencion de its y de cancer de cuello uterino",numero de condones entregados,2015-11-01,0,12,84,0,0,96
CORO CORO,"anticoncepcion, prevencion de its y de cancer de cuello uterino",numero de condones entregados,2015-11-01,0,0,12,0,0,12
COROICO,"anticoncepcion, prevencion de its y de cancer de cuello uterino",numero de condones entregados,2015-11-01,0,0,0,12,0,12
CORQUE,"anticoncepcion, prevencion de its y de cancer de cuello uterino",numero de condones entregados,2015-11-01,12,0,48,0,0,60
COTAGAITA,"anticoncepcion, prevencion de its y de cancer de cuello uterino",numero de condones entregados,2015-11-01,36,72,328,96,0,532
COTOCA,"anticoncepcion, prevencion de its y de cancer de cuello uterino",numero de condones entregados,2015-11-01,0,72,336,72,0,480
CUATRO CAÑADAS,"anticoncepcion, prevencion de its y de cancer de cuello uterino",numero de condones entregados,2015-11-01,24,96,72,12,0,204
CUCHUMUELA (V. G. VILLARROEL),"anticoncepcion, prevencion de its y de cancer de cuello uterino",numero de condones entregados,2015-11-01,0,12,36,12,0,60
CUEVO,"anticoncepcion, prevencion de its y de cancer de cuello uterino",numero de condones entregados,2015-11-01,0,12,6,0,12,30
CULPINA,"anticoncepcion, prevencion de its y de cancer de cuello uterino",numero de condones entregados,2015-11-01,0,36,96,48,12,192
CURAHUARA DE CARANGAS,"anticoncepcion, prevencion de its y de cancer de cuello uterino",numero de condones entregados,2015-11-01,0,12,36,12,0,60
DESAGUADERO,"anticoncepcion, prevencion de its y de cancer de cuello uterino",numero de condones entregados,2015-11-01,0,0,12,0,0,12
EL ALTO,"anticoncepcion, prevencion de its y de cancer de cuello uterino",numero de condones entregados,2015-11-01,0,648,8364,4141,642,13795
EL CHORO,"anticoncepcion, prevencion de its y de cancer de cuello uterino",numero de condones entregados,2015-11-01,0,0,12,12,0,24
EL PUENTE(STC),"anticoncepcion, prevencion de its y de cancer de cuello uterino",numero de condones entregados,2015-11-01,0,48,60,12,0,120
EL PUENTE(TJA),"anticoncepcion, prevencion de its y de cancer de cuello uterino",numero de condones entregados,2015-11-01,0,81,158,129,0,368
EL TORNO,"anticoncepcion, prevencion de its y de cancer de cuello uterino",numero de condones entregados,2015-11-01,72,132,276,72,0,552
EL VILLAR,"anticoncepcion, prevencion de its y de cancer de cuello uterino",numero de condones entregados,2015-11-01,0,0,36,12,0,48
ENTRE RIOS TRJ,"anticoncepcion, prevencion de its y de cancer de cuello uterino",numero de condones entregados,2015-11-01,12,76,96,84,0,268
ENTRE RIOS CBBA,"anticoncepcion, prevencion de its y de cancer de cuello uterino",numero de condones entregados,2015-11-01,0,60,324,36,0,420
ESCARA,"anticoncepcion, prevencion de its y de cancer de cuello uterino",numero de condones entregados,2015-11-01,0,12,12,12,0,36
ESCOMA,"anticoncepcion, prevencion de its y de cancer de cuello uterino",numero de condones entregados,2015-11-01,0,0,36,0,0,36
EUREKA (SANTOS MERCADO),"anticoncepcion, prevencion de its y de cancer de cuello uterino",numero de condones entregados,2015-11-01,0,12,48,0,0,60
FERNANDEZ ALONSO,"anticoncepcion, prevencion de its y de cancer de cuello uterino",numero de condones entregados,2015-11-01,0,0,24,0,0,24
FILADELFIA,"anticoncepcion, prevencion de its y de cancer de cuello uterino",numero de condones entregados,2015-11-01,0,24,24,12,0,60
GENERAL SAAVEDRA,"anticoncepcion, prevencion de its y de cancer de cuello uterino",numero de condones entregados,2015-11-01,0,12,12,0,0,24
GRAL. J.J. PEREZ (CHARAZANI),"anticoncepcion, prevencion de its y de cancer de cuello uterino",numero de condones entregados,2015-11-01,0,12,96,36,0,144
GUANAY,"anticoncepcion, prevencion de its y de cancer de cuello uterino",numero de condones entregados,2015-11-01,0,12,12,0,0,24
GUAQUI,"anticoncepcion, prevencion de its y de cancer de cuello uterino",numero de condones entregados,2015-11-01,0,12,60,12,0,84
GUAYARAMERIN,"anticoncepcion, prevencion de its y de cancer de cuello uterino",numero de condones entregados,2015-11-01,0,72,156,36,0,264
HUACARETA,"anticoncepcion, prevencion de its y de cancer de cuello uterino",numero de condones entregados,2015-11-01,0,0,25,2,0,27
HUACAYA (VILLA DE HUACAYA),"anticoncepcion, prevencion de its y de cancer de cuello uterino",numero de condones entregados,2015-11-01,0,0,12,0,0,12
HUANUNI,"anticoncepcion, prevencion de its y de cancer de cuello uterino",numero de condones entregados,2015-11-01,0,0,73,0,0,73
HUARACAJE,"anticoncepcion, prevencion de its y de cancer de cuello uterino",numero de condones entregados,2015-11-01,0,12,1,12,0,25
HUARINA,"anticoncepcion, prevencion de its y de cancer de cuello uterino",numero de condones entregados,2015-11-01,0,0,12,0,0,12
HUATAJATA,"anticoncepcion, prevencion de its y de cancer de cuello uterino",numero de condones entregados,2015-11-01,0,0,0,12,0,12
HUAYLLAMARCA,"anticoncepcion, prevencion de its y de cancer de cuello uterino",numero de condones entregados,2015-11-01,0,0,36,0,0,36
HUMANATA,"anticoncepcion, prevencion de its y de cancer de cuello uterino",numero de condones entregados,2015-11-01,0,0,12,0,0,12
ICHOCA,"anticoncepcion, prevencion de its y de cancer de cuello uterino",numero de condones entregados,2015-11-01,0,0,36,0,0,36
ICLA,"anticoncepcion, prevencion de its y de cancer de cuello uterino",numero de condones entregados,2015-11-01,0,12,84,12,0,108
INCAHUASI,"anticoncepcion, prevencion de its y de cancer de cuello uterino",numero de condones entregados,2015-11-01,0,12,60,12,0,84
INQUISIVI,"anticoncepcion, prevencion de its y de cancer de cuello uterino",numero de condones entregados,2015-11-01,0,12,72,24,0,108
IRUPANA (VILLA DE LANZA),"anticoncepcion, prevencion de its y de cancer de cuello uterino",numero de condones entregados,2015-11-01,0,12,84,24,0,120
IXIAMAS,"anticoncepcion, prevencion de its y de cancer de cuello uterino",numero de condones entregados,2015-11-01,0,0,36,48,0,84
JESUS DE MACHACA,"anticoncepcion, prevencion de its y de cancer de cuello uterino",numero de condones entregados,2015-11-01,0,0,60,12,0,72
LA ASUNTA,"anticoncepcion, prevencion de its y de cancer de cuello uterino",numero de condones entregados,2015-11-01,0,48,252,60,0,360
LA GUARDIA,"anticoncepcion, prevencion de its y de cancer de cuello uterino",numero de condones entregados,2015-11-01,0,108,336,72,0,516
LA PAZ,"anticoncepcion, prevencion de its y de cancer de cuello uterino",numero de condones entregados,2015-11-01,12,767,13564,4235,132,18710
LAGUNILLAS,"anticoncepcion, prevencion de its y de cancer de cuello uterino",numero de condones entregados,2015-11-01,12,0,12,0,0,24
LAJA,"anticoncepcion, prevencion de its y de cancer de cuello uterino",numero de condones entregados,2015-11-01,0,36,144,36,0,216
LAS CARRERAS,"anticoncepcion, prevencion de its y de cancer de cuello uterino",numero de condones entregados,2015-11-01,0,0,12,0,0,12
LICOMA PAMPA,"anticoncepcion, prevencion de its y de cancer de cuello uterino",numero de condones entregados,2015-11-01,0,12,24,0,0,36
LLALLAGUA,"anticoncepcion, prevencion de its y de cancer de cuello uterino",numero de condones entregados,2015-11-01,0,36,144,48,0,228
LLICA,"anticoncepcion, prevencion de its y de cancer de cuello uterino",numero de condones entregados,2015-11-01,0,12,72,12,0,96
LORETO,"anticoncepcion, prevencion de its y de cancer de cuello uterino",numero de condones entregados,2015-11-01,0,0,54,0,0,54
LURIBAY,"anticoncepcion, prevencion de its y de cancer de cuello uterino",numero de condones entregados,2015-11-01,0,0,84,48,0,132
MACHARETI,"anticoncepcion, prevencion de its y de cancer de cuello uterino",numero de condones entregados,2015-11-01,0,60,132,48,0,240
MAGDALENA,"anticoncepcion, prevencion de its y de cancer de cuello uterino",numero de condones entregados,2015-11-01,0,36,24,48,0,108
MAIRANA,"anticoncepcion, prevencion de its y de cancer de cuello uterino",numero de condones entregados,2015-11-01,0,0,24,0,0,24
MALLA,"anticoncepcion, prevencion de its y de cancer de cuello uterino",numero de condones entregados,2015-11-01,0,0,0,24,0,24
MAPIRI,"anticoncepcion, prevencion de its y de cancer de cuello uterino",numero de condones entregados,2015-11-01,0,0,12,0,0,12
MECAPACA,"anticoncepcion, prevencion de its y de cancer de cuello uterino",numero de condones entregados,2015-11-01,0,0,48,15,0,63
MINEROS,"anticoncepcion, prevencion de its y de cancer de cuello uterino",numero de condones entregados,2015-11-01,5,0,60,24,0,89
MIZQUE,"anticoncepcion, prevencion de its y de cancer de cuello uterino",numero de condones entregados,2015-11-01,0,108,289,36,0,433
MOCOMOCO,"anticoncepcion, prevencion de its y de cancer de cuello uterino",numero de condones entregados,2015-11-01,0,12,39,24,0,75
MOJINETE,"anticoncepcion, prevencion de its y de cancer de cuello uterino",numero de condones entregados,2015-11-01,0,12,0,0,0,12
MOJOCOYA,"anticoncepcion, prevencion de its y de cancer de cuello uterino",numero de condones entregados,2015-11-01,0,0,60,24,0,84
MONTEAGUDO,"anticoncepcion, prevencion de its y de cancer de cuello uterino",numero de condones entregados,2015-11-01,0,36,282,36,0,354
MONTERO,"anticoncepcion, prevencion de its y de cancer de cuello uterino",numero de condones entregados,2015-11-01,12,132,928,146,12,1230
MORO MORO,"anticoncepcion, prevencion de its y de cancer de cuello uterino",numero de condones entregados,2015-11-01,0,0,12,24,0,36
MOROCHATA,"anticoncepcion, prevencion de its y de cancer de cuello uterino",numero de condones entregados,2015-11-01,0,12,80,24,0,116
NACEBE (SANTA ROSA DEL ABUNA),"anticoncepcion, prevencion de its y de cancer de cuello uterino",numero de condones entregados,2015-11-01,0,10,10,0,0,20
NUEVO MANOA (NUEVA ESPERANZA),"anticoncepcion, prevencion de its y de cancer de cuello uterino",numero de condones entregados,2015-11-01,0,12,144,0,0,156
OCURI,"anticoncepcion, prevencion de its y de cancer de cuello uterino",numero de condones entregados,2015-11-01,0,12,84,48,0,144
OKINAWA,"anticoncepcion, prevencion de its y de cancer de cuello uterino",numero de condones entregados,2015-11-01,0,24,68,10,0,102
OMEREQUE,"anticoncepcion, prevencion de its y de cancer de cuello uterino",numero de condones entregados,2015-11-01,0,0,36,0,0,36
ORURO,"anticoncepcion, prevencion de its y de cancer de cuello uterino",numero de condones entregados,2015-11-01,0,144,1360,395,0,1899
PADCAYA,"anticoncepcion, prevencion de its y de cancer de cuello uterino",numero de condones entregados,2015-11-01,0,280,309,176,0,765
PADILLA,"anticoncepcion, prevencion de its y de cancer de cuello uterino",numero de condones entregados,2015-11-01,0,12,0,24,0,36
PAILON,"anticoncepcion, prevencion de its y de cancer de cuello uterino",numero de condones entregados,2015-11-01,0,0,216,120,0,336
PALCA,"anticoncepcion, prevencion de its y de cancer de cuello uterino",numero de condones entregados,2015-11-01,0,24,84,0,0,108
PALOS BLANCOS,"anticoncepcion, prevencion de its y de cancer de cuello uterino",numero de condones entregados,2015-11-01,0,24,108,36,0,168
PAMPA GRANDE,"anticoncepcion, prevencion de its y de cancer de cuello uterino",numero de condones entregados,2015-11-01,0,12,48,0,0,60
PAPEL PAMPA,"anticoncepcion, prevencion de its y de cancer de cuello uterino",numero de condones entregados,2015-11-01,0,24,36,0,0,60
PASORAPA,"anticoncepcion, prevencion de its y de cancer de cuello uterino",numero de condones entregados,2015-11-01,0,0,36,12,0,48
PATACAMAYA,"anticoncepcion, prevencion de its y de cancer de cuello uterino",numero de condones entregados,2015-11-01,0,0,12,0,0,12
PAZÑA,"anticoncepcion, prevencion de its y de cancer de cuello uterino",numero de condones entregados,2015-11-01,0,0,72,24,0,96
PELECHUCO,"anticoncepcion, prevencion de its y de cancer de cuello uterino",numero de condones entregados,2015-11-01,0,0,145,54,0,199
POCOATA,"anticoncepcion, prevencion de its y de cancer de cuello uterino",numero de condones entregados,2015-11-01,24,48,132,96,0,300
POCONA,"anticoncepcion, prevencion de its y de cancer de cuello uterino",numero de condones entregados,2015-11-01,0,24,96,156,0,276
POJO (CBBA),"anticoncepcion, prevencion de its y de cancer de cuello uterino",numero de condones entregados,2015-11-01,0,36,204,12,0,252
POOPO,"anticoncepcion, prevencion de its y de cancer de cuello uterino",numero de condones entregados,2015-11-01,0,0,84,36,0,120
PORCO,"anticoncepcion, prevencion de its y de cancer de cuello uterino",numero de condones entregados,2015-11-01,0,12,48,0,0,60
PORONGO,"anticoncepcion, prevencion de its y de cancer de cuello uterino",numero de condones entregados,2015-11-01,0,12,36,12,0,60
PORTACHUELO,"anticoncepcion, prevencion de its y de cancer de cuello uterino",numero de condones entregados,2015-11-01,0,12,48,12,0,72
PORVENIR,"anticoncepcion, prevencion de its y de cancer de cuello uterino",numero de condones entregados,2015-11-01,0,48,84,12,0,144
POSTRER VALLE,"anticoncepcion, prevencion de its y de cancer de cuello uterino",numero de condones entregados,2015-11-01,0,0,24,12,0,36
POTOSI,"anticoncepcion, prevencion de its y de cancer de cuello uterino",numero de condones entregados,2015-11-01,0,132,1000,255,0,1387
PRESTO,"anticoncepcion, prevencion de its y de cancer de cuello uterino",numero de condones entregados,2015-11-01,0,24,132,48,0,204
PUCARA,"anticoncepcion, prevencion de its y de cancer de cuello uterino",numero de condones entregados,2015-11-01,0,2,12,0,0,14
PUCARANI,"anticoncepcion, prevencion de its y de cancer de cuello uterino",numero de condones entregados,2015-11-01,0,0,108,24,0,132
PUERTO ACOSTA,"anticoncepcion, prevencion de its y de cancer de cuello uterino",numero de condones entregados,2015-11-01,0,36,12,24,0,72
PUERTO CARABUCO,"anticoncepcion, prevencion de its y de cancer de cuello uterino",numero de condones entregados,2015-11-01,12,12,36,0,0,60
PUERTO GONZALO MORENO,"anticoncepcion, prevencion de its y de cancer de cuello uterino",numero de condones entregados,2015-11-01,0,12,96,0,0,108
PUERTO PEREZ,"anticoncepcion, prevencion de its y de cancer de cuello uterino",numero de condones entregados,2015-11-01,0,24,0,24,0,48
PUERTO QUIJARRO,"anticoncepcion, prevencion de its y de cancer de cuello uterino",numero de condones entregados,2015-11-01,0,24,222,24,0,270
PUERTO RICO,"anticoncepcion, prevencion de its y de cancer de cuello uterino",numero de condones entregados,2015-11-01,0,0,12,12,0,24
PUERTO SILES,"anticoncepcion, prevencion de its y de cancer de cuello uterino",numero de condones entregados,2015-11-01,12,0,12,0,0,24
PUERTO SUAREZ,"anticoncepcion, prevencion de its y de cancer de cuello uterino",numero de condones entregados,2015-11-01,0,0,0,15,0,15
PUERTO VILLARROEL,"anticoncepcion, prevencion de its y de cancer de cuello uterino",numero de condones entregados,2015-11-01,0,132,780,84,0,996
PUNA,"anticoncepcion, prevencion de its y de cancer de cuello uterino",numero de condones entregados,2015-11-01,0,60,60,48,0,168
PUNATA,"anticoncepcion, prevencion de its y de cancer de cuello uterino",numero de condones entregados,2015-11-01,0,60,408,60,0,528
QUIABAYA,"anticoncepcion, prevencion de its y de cancer de cuello uterino",numero de condones entregados,2015-11-01,0,0,0,0,12,12
QUILLACOLLO,"anticoncepcion, prevencion de its y de cancer de cuello uterino",numero de condones entregados,2015-11-01,0,37,458,36,0,531
QUIME,"anticoncepcion, prevencion de its y de cancer de cuello uterino",numero de condones entregados,2015-11-01,0,0,96,24,0,120
RAVELO,"anticoncepcion, prevencion de its y de cancer de cuello uterino",numero de condones entregados,2015-11-01,0,0,48,0,0,48
REYES,"anticoncepcion, prevencion de its y de cancer de cuello uterino",numero de condones entregados,2015-11-01,24,84,60,12,0,180
RIBERALTA,"anticoncepcion, prevencion de its y de cancer de cuello uterino",numero de condones entregados,2015-11-01,36,225,295,117,3,676
ROBORE,"anticoncepcion, prevencion de its y de cancer de cuello uterino",numero de condones entregados,2015-11-01,0,24,180,0,0,204
RURRENABAQUE,"anticoncepcion, prevencion de its y de cancer de cuello uterino",numero de condones entregados,2015-11-01,0,0,24,12,0,36
SABAYA,"anticoncepcion, prevencion de its y de cancer de cuello uterino",numero de condones entregados,2015-11-01,0,0,0,12,0,12
SACABA,"anticoncepcion, prevencion de its y de cancer de cuello uterino",numero de condones entregados,2015-11-01,12,228,1422,348,0,2010
SACABAMBA,"anticoncepcion, prevencion de its y de cancer de cuello uterino",numero de condones entregados,2015-11-01,0,12,12,0,0,24
SACACA,"anticoncepcion, prevencion de its y de cancer de cuello uterino",numero de condones entregados,2015-11-01,0,12,24,12,0,48
SAIPINA,"anticoncepcion, prevencion de its y de cancer de cuello uterino",numero de condones entregados,2015-11-01,0,0,24,0,0,24
SALINAS DE GARCI MENDOZA,"anticoncepcion, prevencion de its y de cancer de cuello uterino",numero de condones entregados,2015-11-01,0,48,180,48,0,276
SAMAIPATA,"anticoncepcion, prevencion de its y de cancer de cuello uterino",numero de condones entregados,2015-11-01,0,24,60,12,0,96
SAN AGUSTIN,"anticoncepcion, prevencion de its y de cancer de cuello uterino",numero de condones entregados,2015-11-01,0,0,1,0,0,1
SAN ANDRES,"anticoncepcion, prevencion de its y de cancer de cuello uterino",numero de condones entregados,2015-11-01,0,12,48,0,0,60
SAN ANDRES DE MACHACA,"anticoncepcion, prevencion de its y de cancer de cuello uterino",numero de condones entregados,2015-11-01,0,0,12,36,0,48
SAN ANTONIO DE ESMORUCO,"anticoncepcion, prevencion de its y de cancer de cuello uterino",numero de condones entregados,2015-11-01,0,0,48,12,0,60
SAN ANTONIO DE LOMERIO,"anticoncepcion, prevencion de its y de cancer de cuello uterino",numero de condones entregados,2015-11-01,0,24,24,12,12,72
SAN BENITO,"anticoncepcion, prevencion de its y de cancer de cuello uterino",numero de condones entregados,2015-11-01,0,0,12,0,0,12
SAN BORJA,"anticoncepcion, prevencion de its y de cancer de cuello uterino",numero de condones entregados,2015-11-01,0,72,132,36,0,240
SAN BUENA VENTURA,"anticoncepcion, prevencion de its y de cancer de cuello uterino",numero de condones entregados,2015-11-01,0,0,12,0,0,12
SAN CARLOS,"anticoncepcion, prevencion de its y de cancer de cuello uterino",numero de condones entregados,2015-11-01,0,36,276,84,12,408
SAN IGNACIO,"anticoncepcion, prevencion de its y de cancer de cuello uterino",numero de condones entregados,2015-11-01,0,0,180,24,0,204
SAN IGNACIO DE VELASCO,"anticoncepcion, prevencion de its y de cancer de cuello uterino",numero de condones entregados,2015-11-01,12,12,216,108,0,348
SAN JAVIER(BNI),"anticoncepcion, prevencion de its y de cancer de cuello uterino",numero de condones entregados,2015-11-01,0,24,36,0,0,60
SAN JAVIER(STC),"anticoncepcion, prevencion de its y de cancer de cuello uterino",numero de condones entregados,2015-11-01,12,84,60,12,0,168
SAN JOSE DE CHIQUITOS,"anticoncepcion, prevencion de its y de cancer de cuello uterino",numero de condones entregados,2015-11-01,0,12,48,72,0,132
SAN JUAN DE YAPACANI,"anticoncepcion, prevencion de its y de cancer de cuello uterino",numero de condones entregados,2015-11-01,0,0,96,12,0,108
SAN JULIAN,"anticoncepcion, prevencion de its y de cancer de cuello uterino",numero de condones entregados,2015-11-01,0,37,97,36,0,170
SAN LORENZO(PND),"anticoncepcion, prevencion de its y de cancer de cuello uterino",numero de condones entregados,2015-11-01,0,0,24,0,0,24
SAN LORENZO(TJA),"anticoncepcion, prevencion de its y de cancer de cuello uterino",numero de condones entregados,2015-11-01,0,12,116,36,0,164
SAN LUCAS,"anticoncepcion, prevencion de its y de cancer de cuello uterino",numero de condones entregados,2015-11-01,12,96,108,120,12,348
SAN MATIAS,"anticoncepcion, prevencion de its y de cancer de cuello uterino",numero de condones entregados,2015-11-01,0,0,12,12,0,24
SAN MIGUEL DE VELASCO,"anticoncepcion, prevencion de its y de cancer de cuello uterino",numero de condones entregados,2015-11-01,0,0,72,36,0,108
SAN PABLO DE LIPEZ,"anticoncepcion, prevencion de its y de cancer de cuello uterino",numero de condones entregados,2015-11-01,0,0,12,0,0,12
SAN PEDRO,"anticoncepcion, prevencion de its y de cancer de cuello uterino",numero de condones entregados,2015-11-01,0,24,132,60,0,216
SAN PEDRO DE BUENA VISTA,"anticoncepcion, prevencion de its y de cancer de cuello uterino",numero de condones entregados,2015-11-01,0,24,120,12,0,156
SAN PEDRO DE CURAHUARA,"anticoncepcion, prevencion de its y de cancer de cuello uterino",numero de condones entregados,2015-11-01,0,0,24,0,0,24
SAN PEDRO DE QUEMES,"anticoncepcion, prevencion de its y de cancer de cuello uterino",numero de condones entregados,2015-11-01,12,12,24,0,0,48
SAN PEDRO DE TIQUINA,"anticoncepcion, prevencion de its y de cancer de cuello uterino",numero de condones entregados,2015-11-01,0,0,12,0,0,12
SAN PEDRO(PND),"anticoncepcion, prevencion de its y de cancer de cuello uterino",numero de condones entregados,2015-11-01,0,24,24,36,0,84
SAN RAFAEL,"anticoncepcion, prevencion de its y de cancer de cuello uterino",numero de condones entregados,2015-11-01,0,0,168,48,0,216
SAN RAMON SCZ,"anticoncepcion, prevencion de its y de cancer de cuello uterino",numero de condones entregados,2015-11-01,0,10,10,0,0,20
SANTA ANA,"anticoncepcion, prevencion de its y de cancer de cuello uterino",numero de condones entregados,2015-11-01,0,0,48,24,0,72
SANTA CRUZ DE LA SIERRA,"anticoncepcion, prevencion de its y de cancer de cuello uterino",numero de condones entregados,2015-11-01,0,488,2590,311,0,3389
SANTA ROSA,"anticoncepcion, prevencion de its y de cancer de cuello uterino",numero de condones entregados,2015-11-01,0,0,12,0,0,12
SANTA ROSA DEL SARA,"anticoncepcion, prevencion de its y de cancer de cuello uterino",numero de condones entregados,2015-11-01,0,72,180,36,12,300
SANTIAGO DE CALLAPA,"anticoncepcion, prevencion de its y de cancer de cuello uterino",numero de condones entregados,2015-11-01,0,108,0,0,0,108
SANTIAGO DE HUARI,"anticoncepcion, prevencion de its y de cancer de cuello uterino",numero de condones entregados,2015-11-01,0,12,84,12,0,108
SANTIAGO DE HUATA,"anticoncepcion, prevencion de its y de cancer de cuello uterino",numero de condones entregados,2015-11-01,0,0,60,0,0,60
SANTIAGO DE MACHACA,"anticoncepcion, prevencion de its y de cancer de cuello uterino",numero de condones entregados,2015-11-01,0,12,12,0,0,24
SANTIVAÑES,"anticoncepcion, prevencion de its y de cancer de cuello uterino",numero de condones entregados,2015-11-01,0,0,48,12,0,60
SANTUARIO DE QUILLACAS,"anticoncepcion, prevencion de its y de cancer de cuello uterino",numero de condones entregados,2015-11-01,0,12,144,48,0,204
SAPAHAQUI,"anticoncepcion, prevencion de its y de cancer de cuello uterino",numero de condones entregados,2015-11-01,0,0,24,12,0,36
SENA,"anticoncepcion, prevencion de its y de cancer de cuello uterino",numero de condones entregados,2015-11-01,0,12,0,0,0,12
SHINAOTA,"anticoncepcion, prevencion de its y de cancer de cuello uterino",numero de condones entregados,2015-11-01,0,12,12,0,0,24
SICA SICA (VILLA AROMA),"anticoncepcion, prevencion de its y de cancer de cuello uterino",numero de condones entregados,2015-11-01,0,36,96,48,0,180
SICAYA,"anticoncepcion, prevencion de its y de cancer de cuello uterino",numero de condones entregados,2015-11-01,0,0,1,12,0,13
SIPE SIPE,"anticoncepcion, prevencion de its y de cancer de cuello uterino",numero de condones entregados,2015-11-01,12,0,132,12,0,156
SOPACHUY,"anticoncepcion, prevencion de its y de cancer de cuello uterino",numero de condones entregados,2015-11-01,0,0,12,12,0,24
SORACACHI,"anticoncepcion, prevencion de its y de cancer de cuello uterino",numero de condones entregados,2015-11-01,0,0,96,12,0,108
SORATA,"anticoncepcion, prevencion de its y de cancer de cuello uterino",numero de condones entregados,2015-11-01,0,12,36,24,0,72
SUCRE,"anticoncepcion, prevencion de its y de cancer de cuello uterino",numero de condones entregados,2015-11-01,0,600,4881,2448,0,7929
TACACOMA,"anticoncepcion, prevencion de its y de cancer de cuello uterino",numero de condones entregados,2015-11-01,0,0,15,0,0,15
TACOBAMBA,"anticoncepcion, prevencion de its y de cancer de cuello uterino",numero de condones entregados,2015-11-01,0,0,12,12,0,24
TACOPAYA,"anticoncepcion, prevencion de its y de cancer de cuello uterino",numero de condones entregados,2015-11-01,0,0,1,1,0,2
TAHUA,"anticoncepcion, prevencion de its y de cancer de cuello uterino",numero de condones entregados,2015-11-01,0,0,12,0,0,12
TAPACARI,"anticoncepcion, prevencion de its y de cancer de cuello uterino",numero de condones entregados,2015-11-01,12,12,72,72,0,168
TARABUCO,"anticoncepcion, prevencion de its y de cancer de cuello uterino",numero de condones entregados,2015-11-01,0,12,0,12,0,24
TARACO,"anticoncepcion, prevencion de its y de cancer de cuello uterino",numero de condones entregados,2015-11-01,0,12,48,12,0,72
TARATA,"anticoncepcion, prevencion de its y de cancer de cuello uterino",numero de condones entregados,2015-11-01,0,0,48,0,0,48
TARIJA,"anticoncepcion, prevencion de its y de cancer de cuello uterino",numero de condones entregados,2015-11-01,0,70,717,204,0,991
TARVITA,"anticoncepcion, prevencion de its y de cancer de cuello uterino",numero de condones entregados,2015-11-01,0,24,72,24,0,120
TEOPONTE,"anticoncepcion, prevencion de its y de cancer de cuello uterino",numero de condones entregados,2015-11-01,0,36,60,0,0,96
TIAWANACU,"anticoncepcion, prevencion de its y de cancer de cuello uterino",numero de condones entregados,2015-11-01,0,12,36,36,0,84
TINGUIPAYA,"anticoncepcion, prevencion de its y de cancer de cuello uterino",numero de condones entregados,2015-11-01,0,36,60,0,0,96
TIQUIPAYA,"anticoncepcion, prevencion de its y de cancer de cuello uterino",numero de condones entregados,2015-11-01,12,36,254,36,0,338
TIRAQUE (CBBA),"anticoncepcion, prevencion de its y de cancer de cuello uterino",numero de condones entregados,2015-11-01,0,36,108,0,0,144
TITO YUPANQUI (PARQUIPUJIO),"anticoncepcion, prevencion de its y de cancer de cuello uterino",numero de condones entregados,2015-11-01,0,0,0,12,0,12
TOCO,"anticoncepcion, prevencion de its y de cancer de cuello uterino",numero de condones entregados,2015-11-01,0,0,48,0,0,48
TODOS SANTOS,"anticoncepcion, prevencion de its y de cancer de cuello uterino",numero de condones entregados,2015-11-01,0,0,24,12,0,36
TOLATA,"anticoncepcion, prevencion de its y de cancer de cuello uterino",numero de condones entregados,2015-11-01,0,0,96,12,0,108
TOLEDO,"anticoncepcion, prevencion de its y de cancer de cuello uterino",numero de condones entregados,2015-11-01,0,36,12,12,0,60
TOMAVE,"anticoncepcion, prevencion de its y de cancer de cuello uterino",numero de condones entregados,2015-11-01,0,12,144,12,0,168
TOMINA,"anticoncepcion, prevencion de its y de cancer de cuello uterino",numero de condones entregados,2015-11-01,0,48,96,25,0,169
TORO TORO,"anticoncepcion, prevencion de its y de cancer de cuello uterino",numero de condones entregados,2015-11-01,0,0,60,72,0,132
TOTORA(CBBA),"anticoncepcion, prevencion de its y de cancer de cuello uterino",numero de condones entregados,2015-11-01,0,0,72,36,0,108
TOTORA(ORR),"anticoncepcion, prevencion de its y de cancer de cuello uterino",numero de condones entregados,2015-11-01,0,0,12,0,0,12
TRIGAL,"anticoncepcion, prevencion de its y de cancer de cuello uterino",numero de condones entregados,2015-11-01,0,0,48,0,0,48
TRINIDAD,"anticoncepcion, prevencion de its y de cancer de cuello uterino",numero de condones entregados,2015-11-01,0,816,426,258,96,1596
TUPIZA,"anticoncepcion, prevencion de its y de cancer de cuello uterino",numero de condones entregados,2015-11-01,0,72,264,163,0,499
TURCO,"anticoncepcion, prevencion de its y de cancer de cuello uterino",numero de condones entregados,2015-11-01,0,12,48,132,0,192
UMALA,"anticoncepcion, prevencion de its y de cancer de cuello uterino",numero de condones entregados,2015-11-01,0,0,24,0,0,24
UNCIA,"anticoncepcion, prevencion de its y de cancer de cuello uterino",numero de condones entregados,2015-11-01,0,24,132,24,0,180
URIONDO (A. CONCEPCION),"anticoncepcion, prevencion de its y de cancer de cuello uterino",numero de condones entregados,2015-11-01,0,48,132,48,0,228
URUBICHA,"anticoncepcion, prevencion de its y de cancer de cuello uterino",numero de condones entregados,2015-11-01,0,0,12,24,0,36
UYUNI,"anticoncepcion, prevencion de its y de cancer de cuello uterino",numero de condones entregados,2015-11-01,0,12,84,64,0,160
VACAS,"anticoncepcion, prevencion de its y de cancer de cuello uterino",numero de condones entregados,2015-11-01,0,0,48,12,0,60
VALLEGRANDE,"anticoncepcion, prevencion de its y de cancer de cuello uterino",numero de condones entregados,2015-11-01,0,24,132,48,0,204
VIACHA,"anticoncepcion, prevencion de its y de cancer de cuello uterino",numero de condones entregados,2015-11-01,0,36,228,36,0,300
VILLA CHARCAS,"anticoncepcion, prevencion de its y de cancer de cuello uterino",numero de condones entregados,2015-11-01,0,0,84,12,0,96
VILLA MONTES,"anticoncepcion, prevencion de its y de cancer de cuello uterino",numero de condones entregados,2015-11-01,0,132,184,84,24,424
VILLA NUEVA (LOMA ALTA),"anticoncepcion, prevencion de its y de cancer de cuello uterino",numero de condones entregados,2015-11-01,0,12,12,0,0,24
VILLA RIVERO,"anticoncepcion, prevencion de its y de cancer de cuello uterino",numero de condones entregados,2015-11-01,0,12,72,0,0,84
VILLA SERRANO,"anticoncepcion, prevencion de its y de cancer de cuello uterino",numero de condones entregados,2015-11-01,0,15,12,0,0,27
VILLA TUNARI,"anticoncepcion, prevencion de its y de cancer de cuello uterino",numero de condones entregados,2015-11-01,0,95,752,111,0,958
VILLA VACA GUZMAN (MUYUPAMPA),"anticoncepcion, prevencion de its y de cancer de cuello uterino",numero de condones entregados,2015-11-01,12,36,60,48,0,156
VILLAZON,"anticoncepcion, prevencion de its y de cancer de cuello uterino",numero de condones entregados,2015-11-01,0,60,325,96,0,481
VINTO,"anticoncepcion, prevencion de its y de cancer de cuello uterino",numero de condones entregados,2015-11-01,0,37,98,12,0,147
VITICHI,"anticoncepcion, prevencion de its y de cancer de cuello uterino",numero de condones entregados,2015-11-01,0,48,60,12,0,120
WARNES,"anticoncepcion, prevencion de its y de cancer de cuello uterino",numero de condones entregados,2015-11-01,0,12,96,24,0,132
YACO,"anticoncepcion, prevencion de its y de cancer de cuello uterino",numero de condones entregados,2015-11-01,0,0,36,0,0,36
YACUIBA,"anticoncepcion, prevencion de its y de cancer de cuello uterino",numero de condones entregados,2015-11-01,0,105,576,240,0,921
YANACACHI,"anticoncepcion, prevencion de its y de cancer de cuello uterino",numero de condones entregados,2015-11-01,0,0,24,0,0,24
YAPACANI,"anticoncepcion, prevencion de its y de cancer de cuello uterino",numero de condones entregados,2015-11-01,0,48,180,72,0,300
YOCALLA,"anticoncepcion, prevencion de its y de cancer de cuello uterino",numero de condones entregados,2015-11-01,0,12,36,48,0,96
YOTALA,"anticoncepcion, prevencion de its y de cancer de cuello uterino",numero de condones entregados,2015-11-01,0,12,12,24,12,60
YUNCHARA,"anticoncepcion, prevencion de its y de cancer de cuello uterino",numero de condones entregados,2015-11-01,0,0,82,12,0,94
ZUDAÑEZ,"anticoncepcion, prevencion de its y de cancer de cuello uterino",numero de condones entregados,2015-11-01,0,24,36,60,0,120
ACACIO,"anticoncepcion, prevencion de its y de cancer de cuello uterino",numero de condones entregados,2015-12-01,0,0,24,12,0,36
ACHACACHI,"anticoncepcion, prevencion de its y de cancer de cuello uterino",numero de condones entregados,2015-12-01,0,0,38,13,0,51
ACHOCALLA,"anticoncepcion, prevencion de its y de cancer de cuello uterino",numero de condones entregados,2015-12-01,0,0,312,12,0,324
AIQUILE,"anticoncepcion, prevencion de its y de cancer de cuello uterino",numero de condones entregados,2015-12-01,12,24,84,24,24,168
ALCALA,"anticoncepcion, prevencion de its y de cancer de cuello uterino",numero de condones entregados,2015-12-01,0,24,108,0,0,132
ALTO BENI,"anticoncepcion, prevencion de its y de cancer de cuello uterino",numero de condones entregados,2015-12-01,12,12,132,48,0,204
ANCORAIMES,"anticoncepcion, prevencion de its y de cancer de cuello uterino",numero de condones entregados,2015-12-01,0,0,12,0,0,12
ANDAMARCA,"anticoncepcion, prevencion de its y de cancer de cuello uterino",numero de condones entregados,2015-12-01,0,12,36,12,0,60
ANTEQUERA,"anticoncepcion, prevencion de its y de cancer de cuello uterino",numero de condones entregados,2015-12-01,0,0,72,12,0,84
ANZALDO,"anticoncepcion, prevencion de its y de cancer de cuello uterino",numero de condones entregados,2015-12-01,0,24,12,0,0,36
APOLO,"anticoncepcion, prevencion de its y de cancer de cuello uterino",numero de condones entregados,2015-12-01,0,0,24,12,0,36
ARAMPAMPA,"anticoncepcion, prevencion de its y de cancer de cuello uterino",numero de condones entregados,2015-12-01,0,0,12,12,0,24
ARANI,"anticoncepcion, prevencion de its y de cancer de cuello uterino",numero de condones entregados,2015-12-01,0,0,0,24,0,24
ARBIETO,"anticoncepcion, prevencion de its y de cancer de cuello uterino",numero de condones entregados,2015-12-01,0,12,192,48,0,252
ARQUE,"anticoncepcion, prevencion de its y de cancer de cuello uterino",numero de condones entregados,2015-12-01,0,0,24,36,0,60
ASCENCION DE GUARAYOS,"anticoncepcion, prevencion de its y de cancer de cuello uterino",numero de condones entregados,2015-12-01,0,24,48,0,0,72
ATOCHA,"anticoncepcion, prevencion de its y de cancer de cuello uterino",numero de condones entregados,2015-12-01,0,0,24,0,0,24
AUCAPATA,"anticoncepcion, prevencion de its y de cancer de cuello uterino",numero de condones entregados,2015-12-01,0,0,12,0,0,12
AYATA,"anticoncepcion, prevencion de its y de cancer de cuello uterino",numero de condones entregados,2015-12-01,0,0,24,0,0,24
AYO AYO,"anticoncepcion, prevencion de its y de cancer de cuello uterino",numero de condones entregados,2015-12-01,0,0,72,24,0,96
AYOPAYA (V. DE INDEPENDENCIA),"anticoncepcion, prevencion de its y de cancer de cuello uterino",numero de condones entregados,2015-12-01,0,24,192,108,24,348
AZURDUY,"anticoncepcion, prevencion de its y de cancer de cuello uterino",numero de condones entregados,2015-12-01,0,0,36,36,0,72
BATALLAS,"anticoncepcion, prevencion de its y de cancer de cuello uterino",numero de condones entregados,2015-12-01,0,12,12,12,0,36
BAURES,"anticoncepcion, prevencion de its y de cancer de cuello uterino",numero de condones entregados,2015-12-01,0,0,57,0,0,57
BELEN DE ANDAMARCA,"anticoncepcion, prevencion de its y de cancer de cuello uterino",numero de condones entregados,2015-12-01,0,0,12,0,0,12
BELEN DE URMIRI,"anticoncepcion, prevencion de its y de cancer de cuello uterino",numero de condones entregados,2015-12-01,0,0,36,12,0,48
BELLA FLOR,"anticoncepcion, prevencion de its y de cancer de cuello uterino",numero de condones entregados,2015-12-01,0,0,36,12,0,48
BERMEJO,"anticoncepcion, prevencion de its y de cancer de cuello uterino",numero de condones entregados,2015-12-01,0,38,362,248,48,696
BETANZOS,"anticoncepcion, prevencion de its y de cancer de cuello uterino",numero de condones entregados,2015-12-01,0,48,110,62,12,232
BOLIVAR,"anticoncepcion, prevencion de its y de cancer de cuello uterino",numero de condones entregados,2015-12-01,0,0,24,0,0,24
BOLPEBRA,"anticoncepcion, prevencion de its y de cancer de cuello uterino",numero de condones entregados,2015-12-01,0,12,11,12,0,35
BUENA VISTA,"anticoncepcion, prevencion de its y de cancer de cuello uterino",numero de condones entregados,2015-12-01,0,36,96,24,0,156
CABEZAS,"anticoncepcion, prevencion de its y de cancer de cuello uterino",numero de condones entregados,2015-12-01,0,84,828,132,0,1044
CAIROMA,"anticoncepcion, prevencion de its y de cancer de cuello uterino",numero de condones entregados,2015-12-01,0,36,48,0,0,84
"CAIZA ""D""","anticoncepcion, prevencion de its y de cancer de cuello uterino",numero de condones entregados,2015-12-01,0,36,60,48,0,144
CAJUATA,"anticoncepcion, prevencion de its y de cancer de cuello uterino",numero de condones entregados,2015-12-01,0,12,96,12,0,120
CALACOTO,"anticoncepcion, prevencion de its y de cancer de cuello uterino",numero de condones entregados,2015-12-01,0,0,12,0,0,12
CALAMARCA,"anticoncepcion, prevencion de its y de cancer de cuello uterino",numero de condones entregados,2015-12-01,0,36,120,48,0,204
CAMARGO,"anticoncepcion, prevencion de its y de cancer de cuello uterino",numero de condones entregados,2015-12-01,0,24,108,12,0,144
CAMATAQUI (C. VILLA ABECIA),"anticoncepcion, prevencion de its y de cancer de cuello uterino",numero de condones entregados,2015-12-01,0,0,0,12,0,12
CAMIRI,"anticoncepcion, prevencion de its y de cancer de cuello uterino",numero de condones entregados,2015-12-01,0,12,384,144,0,540
CAPINOTA,"anticoncepcion, prevencion de its y de cancer de cuello uterino",numero de condones entregados,2015-12-01,0,12,84,54,0,150
CAQUIAVIRI,"anticoncepcion, prevencion de its y de cancer de cuello uterino",numero de condones entregados,2015-12-01,0,0,48,12,0,60
CARACOLLO,"anticoncepcion, prevencion de its y de cancer de cuello uterino",numero de condones entregados,2015-12-01,0,12,132,12,0,156
CARANAVI,"anticoncepcion, prevencion de its y de cancer de cuello uterino",numero de condones entregados,2015-12-01,0,48,384,60,0,492
CARAPARI,"anticoncepcion, prevencion de its y de cancer de cuello uterino",numero de condones entregados,2015-12-01,0,0,32,24,0,56
CARIPUYO,"anticoncepcion, prevencion de its y de cancer de cuello uterino",numero de condones entregados,2015-12-01,0,12,12,24,0,48
CATACORA,"anticoncepcion, prevencion de its y de cancer de cuello uterino",numero de condones entregados,2015-12-01,0,0,12,12,0,24
CHALLAPATA,"anticoncepcion, prevencion de its y de cancer de cuello uterino",numero de condones entregados,2015-12-01,0,48,204,60,0,312
CHAQUI,"anticoncepcion, prevencion de its y de cancer de cuello uterino",numero de condones entregados,2015-12-01,0,0,48,0,0,48
CHARAGUA,"anticoncepcion, prevencion de its y de cancer de cuello uterino",numero de condones entregados,2015-12-01,0,0,12,0,0,12
CHARAÑA,"anticoncepcion, prevencion de its y de cancer de cuello uterino",numero de condones entregados,2015-12-01,0,0,12,0,0,12
CHAYANTA,"anticoncepcion, prevencion de its y de cancer de cuello uterino",numero de condones entregados,2015-12-01,0,12,156,48,0,216
CHIMORE,"anticoncepcion, prevencion de its y de cancer de cuello uterino",numero de condones entregados,2015-12-01,0,168,456,180,0,804
CHIPAYA,"anticoncepcion, prevencion de its y de cancer de cuello uterino",numero de condones entregados,2015-12-01,0,0,12,0,0,12
CHOQUE COTA,"anticoncepcion, prevencion de its y de cancer de cuello uterino",numero de condones entregados,2015-12-01,0,0,0,24,0,24
CHULUMANI (V. DE LA LIBERTAD),"anticoncepcion, prevencion de its y de cancer de cuello uterino",numero de condones entregados,2015-12-01,0,12,12,0,0,24
CHUMA,"anticoncepcion, prevencion de its y de cancer de cuello uterino",numero de condones entregados,2015-12-01,0,12,12,24,0,48
CHUQUIHUTA AYLLU JUCUMANI,"anticoncepcion, prevencion de its y de cancer de cuello uterino",numero de condones entregados,2015-12-01,0,0,12,0,0,12
CKOCHAS,"anticoncepcion, prevencion de its y de cancer de cuello uterino",numero de condones entregados,2015-12-01,0,12,60,38,0,110
CLIZA,"anticoncepcion, prevencion de its y de cancer de cuello uterino",numero de condones entregados,2015-12-01,0,24,144,12,0,180
COBIJA,"anticoncepcion, prevencion de its y de cancer de cuello uterino",numero de condones entregados,2015-12-01,0,60,132,12,0,204
COCAPATA,"anticoncepcion, prevencion de its y de cancer de cuello uterino",numero de condones entregados,2015-12-01,0,0,180,24,0,204
COCHABAMBA,"anticoncepcion, prevencion de its y de cancer de cuello uterino",numero de condones entregados,2015-12-01,0,214,2645,803,0,3662
COIPASA,"anticoncepcion, prevencion de its y de cancer de cuello uterino",numero de condones entregados,2015-12-01,0,0,12,0,0,12
COLCAPIRHUA,"anticoncepcion, prevencion de its y de cancer de cuello uterino",numero de condones entregados,2015-12-01,0,24,156,0,0,180
"COLCHA ""K""","anticoncepcion, prevencion de its y de cancer de cuello uterino",numero de condones entregados,2015-12-01,0,36,192,120,12,360
COLLANA,"anticoncepcion, prevencion de its y de cancer de cuello uterino",numero de condones entregados,2015-12-01,0,0,12,0,0,12
COLOMI,"anticoncepcion, prevencion de its y de cancer de cuello uterino",numero de condones entregados,2015-12-01,0,0,48,12,0,60
COLPA BELGICA,"anticoncepcion, prevencion de its y de cancer de cuello uterino",numero de condones entregados,2015-12-01,0,12,12,12,0,36
COLQUECHACA,"anticoncepcion, prevencion de its y de cancer de cuello uterino",numero de condones entregados,2015-12-01,0,24,144,60,0,228
COLQUENCHA,"anticoncepcion, prevencion de its y de cancer de cuello uterino",numero de condones entregados,2015-12-01,0,0,72,12,0,84
COLQUIRI,"anticoncepcion, prevencion de its y de cancer de cuello uterino",numero de condones entregados,2015-12-01,0,12,0,0,0,12
COMARAPA,"anticoncepcion, prevencion de its y de cancer de cuello uterino",numero de condones entregados,2015-12-01,0,0,84,12,0,96
CONCEPCION,"anticoncepcion, prevencion de its y de cancer de cuello uterino",numero de condones entregados,2015-12-01,0,0,6,6,0,12
CORIPATA,"anticoncepcion, prevencion de its y de cancer de cuello uterino",numero de condones entregados,2015-12-01,0,12,84,0,0,96
CORO CORO,"anticoncepcion, prevencion de its y de cancer de cuello uterino",numero de condones entregados,2015-12-01,0,0,12,12,0,24
COROICO,"anticoncepcion, prevencion de its y de cancer de cuello uterino",numero de condones entregados,2015-12-01,0,0,0,12,0,12
CORQUE,"anticoncepcion, prevencion de its y de cancer de cuello uterino",numero de condones entregados,2015-12-01,0,0,12,0,0,12
COTAGAITA,"anticoncepcion, prevencion de its y de cancer de cuello uterino",numero de condones entregados,2015-12-01,0,12,210,144,0,366
COTOCA,"anticoncepcion, prevencion de its y de cancer de cuello uterino",numero de condones entregados,2015-12-01,0,24,300,24,0,348
CUATRO CAÑADAS,"anticoncepcion, prevencion de its y de cancer de cuello uterino",numero de condones entregados,2015-12-01,0,24,84,36,0,144
CUCHUMUELA (V. G. VILLARROEL),"anticoncepcion, prevencion de its y de cancer de cuello uterino",numero de condones entregados,2015-12-01,0,24,60,0,0,84
CULPINA,"anticoncepcion, prevencion de its y de cancer de cuello uterino",numero de condones entregados,2015-12-01,0,0,48,108,12,168
CURAHUARA DE CARANGAS,"anticoncepcion, prevencion de its y de cancer de cuello uterino",numero de condones entregados,2015-12-01,0,0,48,0,0,48
CURVA,"anticoncepcion, prevencion de its y de cancer de cuello uterino",numero de condones entregados,2015-12-01,0,0,12,0,0,12
DESAGUADERO,"anticoncepcion, prevencion de its y de cancer de cuello uterino",numero de condones entregados,2015-12-01,0,0,0,12,0,12
EL ALTO,"anticoncepcion, prevencion de its y de cancer de cuello uterino",numero de condones entregados,2015-12-01,12,907,9150,4164,702,14935
EL CHORO,"anticoncepcion, prevencion de its y de cancer de cuello uterino",numero de condones entregados,2015-12-01,0,0,12,12,0,24
EL PUENTE(STC),"anticoncepcion, prevencion de its y de cancer de cuello uterino",numero de condones entregados,2015-12-01,0,24,96,48,0,168
EL PUENTE(TJA),"anticoncepcion, prevencion de its y de cancer de cuello uterino",numero de condones entregados,2015-12-01,12,74,528,287,20,921
EL TORNO,"anticoncepcion, prevencion de its y de cancer de cuello uterino",numero de condones entregados,2015-12-01,216,276,661,336,12,1501
EL VILLAR,"anticoncepcion, prevencion de its y de cancer de cuello uterino",numero de condones entregados,2015-12-01,0,0,36,36,0,72
ENTRE RIOS TRJ,"anticoncepcion, prevencion de its y de cancer de cuello uterino",numero de condones entregados,2015-12-01,12,24,90,134,0,260
ENTRE RIOS CBBA,"anticoncepcion, prevencion de its y de cancer de cuello uterino",numero de condones entregados,2015-12-01,0,12,312,72,0,396
ESCARA,"anticoncepcion, prevencion de its y de cancer de cuello uterino",numero de condones entregados,2015-12-01,0,0,24,0,0,24
ESCOMA,"anticoncepcion, prevencion de its y de cancer de cuello uterino",numero de condones entregados,2015-12-01,0,0,12,12,0,24
EUREKA (SANTOS MERCADO),"anticoncepcion, prevencion de its y de cancer de cuello uterino",numero de condones entregados,2015-12-01,0,12,24,0,0,36
FERNANDEZ ALONSO,"anticoncepcion, prevencion de its y de cancer de cuello uterino",numero de condones entregados,2015-12-01,0,0,12,0,0,12
FILADELFIA,"anticoncepcion, prevencion de its y de cancer de cuello uterino",numero de condones entregados,2015-12-01,0,0,48,0,0,48
GENERAL SAAVEDRA,"anticoncepcion, prevencion de its y de cancer de cuello uterino",numero de condones entregados,2015-12-01,0,1,12,12,0,25
GRAL. J.J. PEREZ (CHARAZANI),"anticoncepcion, prevencion de its y de cancer de cuello uterino",numero de condones entregados,2015-12-01,0,0,120,36,0,156
GUANAY,"anticoncepcion, prevencion de its y de cancer de cuello uterino",numero de condones entregados,2015-12-01,0,0,12,0,0,12
GUAQUI,"anticoncepcion, prevencion de its y de cancer de cuello uterino",numero de condones entregados,2015-12-01,0,12,24,24,0,60
GUAYARAMERIN,"anticoncepcion, prevencion de its y de cancer de cuello uterino",numero de condones entregados,2015-12-01,0,45,375,114,0,534
GUTIERREZ,"anticoncepcion, prevencion de its y de cancer de cuello uterino",numero de condones entregados,2015-12-01,0,0,12,0,0,12
HUACARETA,"anticoncepcion, prevencion de its y de cancer de cuello uterino",numero de condones entregados,2015-12-01,0,0,12,0,0,12
HUACAYA (VILLA DE HUACAYA),"anticoncepcion, prevencion de its y de cancer de cuello uterino",numero de condones entregados,2015-12-01,0,0,24,0,0,24
HUANUNI,"anticoncepcion, prevencion de its y de cancer de cuello uterino",numero de condones entregados,2015-12-01,0,36,108,24,0,168
HUARACAJE,"anticoncepcion, prevencion de its y de cancer de cuello uterino",numero de condones entregados,2015-12-01,0,0,60,12,0,72
HUARINA,"anticoncepcion, prevencion de its y de cancer de cuello uterino",numero de condones entregados,2015-12-01,0,0,12,0,0,12
HUATAJATA,"anticoncepcion, prevencion de its y de cancer de cuello uterino",numero de condones entregados,2015-12-01,0,0,0,12,0,12
HUAYLLAMARCA,"anticoncepcion, prevencion de its y de cancer de cuello uterino",numero de condones entregados,2015-12-01,0,0,36,0,0,36
HUMANATA,"anticoncepcion, prevencion de its y de cancer de cuello uterino",numero de condones entregados,2015-12-01,0,0,12,0,0,12
ICHOCA,"anticoncepcion, prevencion de its y de cancer de cuello uterino",numero de condones entregados,2015-12-01,0,0,24,0,0,24
ICLA,"anticoncepcion, prevencion de its y de cancer de cuello uterino",numero de condones entregados,2015-12-01,0,12,96,12,0,120
INCAHUASI,"anticoncepcion, prevencion de its y de cancer de cuello uterino",numero de condones entregados,2015-12-01,0,24,12,12,0,48
INQUISIVI,"anticoncepcion, prevencion de its y de cancer de cuello uterino",numero de condones entregados,2015-12-01,0,12,96,84,0,192
IRUPANA (VILLA DE LANZA),"anticoncepcion, prevencion de its y de cancer de cuello uterino",numero de condones entregados,2015-12-01,0,0,72,12,12,96
IXIAMAS,"anticoncepcion, prevencion de its y de cancer de cuello uterino",numero de condones entregados,2015-12-01,0,36,24,48,0,108
JESUS DE MACHACA,"anticoncepcion, prevencion de its y de cancer de cuello uterino",numero de condones entregados,2015-12-01,0,0,12,12,0,24
LA ASUNTA,"anticoncepcion, prevencion de its y de cancer de cuello uterino",numero de condones entregados,2015-12-01,0,48,264,36,0,348
LA GUARDIA,"anticoncepcion, prevencion de its y de cancer de cuello uterino",numero de condones entregados,2015-12-01,0,48,258,24,0,330
LA PAZ,"anticoncepcion, prevencion de its y de cancer de cuello uterino",numero de condones entregados,2015-12-01,0,999,12427,5138,192,18756
LA RIVERA,"anticoncepcion, prevencion de its y de cancer de cuello uterino",numero de condones entregados,2015-12-01,0,0,12,0,0,12
LAGUNILLAS,"anticoncepcion, prevencion de its y de cancer de cuello uterino",numero de condones entregados,2015-12-01,0,0,12,12,0,24
LAJA,"anticoncepcion, prevencion de its y de cancer de cuello uterino",numero de condones entregados,2015-12-01,0,24,72,36,0,132
LAS CARRERAS,"anticoncepcion, prevencion de its y de cancer de cuello uterino",numero de condones entregados,2015-12-01,12,0,62,36,0,110
LICOMA PAMPA,"anticoncepcion, prevencion de its y de cancer de cuello uterino",numero de condones entregados,2015-12-01,0,0,24,0,0,24
LLALLAGUA,"anticoncepcion, prevencion de its y de cancer de cuello uterino",numero de condones entregados,2015-12-01,0,144,156,48,0,348
LLICA,"anticoncepcion, prevencion de its y de cancer de cuello uterino",numero de condones entregados,2015-12-01,0,12,12,0,0,24
LURIBAY,"anticoncepcion, prevencion de its y de cancer de cuello uterino",numero de condones entregados,2015-12-01,0,12,36,36,0,84
MACHACAMARCA,"anticoncepcion, prevencion de its y de cancer de cuello uterino",numero de condones entregados,2015-12-01,0,0,12,0,12,24
MACHARETI,"anticoncepcion, prevencion de its y de cancer de cuello uterino",numero de condones entregados,2015-12-01,0,12,24,12,0,48
MAGDALENA,"anticoncepcion, prevencion de its y de cancer de cuello uterino",numero de condones entregados,2015-12-01,0,0,48,0,0,48
MAIRANA,"anticoncepcion, prevencion de its y de cancer de cuello uterino",numero de condones entregados,2015-12-01,0,12,12,0,0,24
MALLA,"anticoncepcion, prevencion de its y de cancer de cuello uterino",numero de condones entregados,2015-12-01,0,0,0,24,0,24
MAPIRI,"anticoncepcion, prevencion de its y de cancer de cuello uterino",numero de condones entregados,2015-12-01,0,0,12,0,0,12
MECAPACA,"anticoncepcion, prevencion de its y de cancer de cuello uterino",numero de condones entregados,2015-12-01,0,0,72,24,0,96
MINEROS,"anticoncepcion, prevencion de its y de cancer de cuello uterino",numero de condones entregados,2015-12-01,0,12,24,26,0,62
MIZQUE,"anticoncepcion, prevencion de its y de cancer de cuello uterino",numero de condones entregados,2015-12-01,0,30,168,0,0,198
MOCOMOCO,"anticoncepcion, prevencion de its y de cancer de cuello uterino",numero de condones entregados,2015-12-01,0,12,48,0,0,60
MOJOCOYA,"anticoncepcion, prevencion de its y de cancer de cuello uterino",numero de condones entregados,2015-12-01,0,0,48,36,0,84
MONTEAGUDO,"anticoncepcion, prevencion de its y de cancer de cuello uterino",numero de condones entregados,2015-12-01,0,12,204,75,12,303
MONTERO,"anticoncepcion, prevencion de its y de cancer de cuello uterino",numero de condones entregados,2015-12-01,0,85,674,36,24,819
MORO MORO,"anticoncepcion, prevencion de its y de cancer de cuello uterino",numero de condones entregados,2015-12-01,0,0,12,25,0,37
MOROCHATA,"anticoncepcion, prevencion de its y de cancer de cuello uterino",numero de condones entregados,2015-12-01,0,0,12,48,0,60
NACEBE (SANTA ROSA DEL ABUNA),"anticoncepcion, prevencion de its y de cancer de cuello uterino",numero de condones entregados,2015-12-01,0,0,12,0,12,24
NUEVO MANOA (NUEVA ESPERANZA),"anticoncepcion, prevencion de its y de cancer de cuello uterino",numero de condones entregados,2015-12-01,0,0,48,12,0,60
OCURI,"anticoncepcion, prevencion de its y de cancer de cuello uterino",numero de condones entregados,2015-12-01,0,24,84,24,0,132
OKINAWA,"anticoncepcion, prevencion de its y de cancer de cuello uterino",numero de condones entregados,2015-12-01,0,0,12,12,0,24
OMEREQUE,"anticoncepcion, prevencion de its y de cancer de cuello uterino",numero de condones entregados,2015-12-01,0,12,36,12,0,60
ORURO,"anticoncepcion, prevencion de its y de cancer de cuello uterino",numero de condones entregados,2015-12-01,0,195,1746,324,0,2265
PADCAYA,"anticoncepcion, prevencion de its y de cancer de cuello uterino",numero de condones entregados,2015-12-01,0,99,560,187,0,846
PADILLA,"anticoncepcion, prevencion de its y de cancer de cuello uterino",numero de condones entregados,2015-12-01,0,0,12,0,0,12
PAILON,"anticoncepcion, prevencion de its y de cancer de cuello uterino",numero de condones entregados,2015-12-01,0,48,216,48,0,312
PALCA,"anticoncepcion, prevencion de its y de cancer de cuello uterino",numero de condones entregados,2015-12-01,0,48,132,0,0,180
PALOS BLANCOS,"anticoncepcion, prevencion de its y de cancer de cuello uterino",numero de condones entregados,2015-12-01,12,36,96,36,0,180
PAMPA AULLAGAS,"anticoncepcion, prevencion de its y de cancer de cuello uterino",numero de condones entregados,2015-12-01,0,0,0,24,0,24
PAMPA GRANDE,"anticoncepcion, prevencion de its y de cancer de cuello uterino",numero de condones entregados,2015-12-01,0,12,60,12,0,84
PAPEL PAMPA,"anticoncepcion, prevencion de its y de cancer de cuello uterino",numero de condones entregados,2015-12-01,0,0,24,0,0,24
PASORAPA,"anticoncepcion, prevencion de its y de cancer de cuello uterino",numero de condones entregados,2015-12-01,0,12,24,0,0,36
PATACAMAYA,"anticoncepcion, prevencion de its y de cancer de cuello uterino",numero de condones entregados,2015-12-01,0,0,12,0,0,12
PAZÑA,"anticoncepcion, prevencion de its y de cancer de cuello uterino",numero de condones entregados,2015-12-01,0,12,96,0,0,108
PELECHUCO,"anticoncepcion, prevencion de its y de cancer de cuello uterino",numero de condones entregados,2015-12-01,0,12,228,60,0,300
POCOATA,"anticoncepcion, prevencion de its y de cancer de cuello uterino",numero de condones entregados,2015-12-01,0,72,96,48,0,216
POCONA,"anticoncepcion, prevencion de its y de cancer de cuello uterino",numero de condones entregados,2015-12-01,0,22,133,84,0,239
POJO (CBBA),"anticoncepcion, prevencion de its y de cancer de cuello uterino",numero de condones entregados,2015-12-01,0,0,168,24,0,192
POOPO,"anticoncepcion, prevencion de its y de cancer de cuello uterino",numero de condones entregados,2015-12-01,0,0,72,12,0,84
PORCO,"anticoncepcion, prevencion de its y de cancer de cuello uterino",numero de condones entregados,2015-12-01,0,0,108,48,0,156
PORONGO,"anticoncepcion, prevencion de its y de cancer de cuello uterino",numero de condones entregados,2015-12-01,0,12,36,0,0,48
PORTACHUELO,"anticoncepcion, prevencion de its y de cancer de cuello uterino",numero de condones entregados,2015-12-01,0,12,12,24,0,48
PORVENIR,"anticoncepcion, prevencion de its y de cancer de cuello uterino",numero de condones entregados,2015-12-01,0,36,0,12,0,48
POSTRER VALLE,"anticoncepcion, prevencion de its y de cancer de cuello uterino",numero de condones entregados,2015-12-01,0,0,12,0,0,12
POTOSI,"anticoncepcion, prevencion de its y de cancer de cuello uterino",numero de condones entregados,2015-12-01,0,129,966,745,0,1840
PRESTO,"anticoncepcion, prevencion de its y de cancer de cuello uterino",numero de condones entregados,2015-12-01,0,24,72,36,0,132
PUCARA,"anticoncepcion, prevencion de its y de cancer de cuello uterino",numero de condones entregados,2015-12-01,0,0,12,12,0,24
PUCARANI,"anticoncepcion, prevencion de its y de cancer de cuello uterino",numero de condones entregados,2015-12-01,0,0,72,24,0,96
PUERTO ACOSTA,"anticoncepcion, prevencion de its y de cancer de cuello uterino",numero de condones entregados,2015-12-01,0,0,48,24,0,72
PUERTO CARABUCO,"anticoncepcion, prevencion de its y de cancer de cuello uterino",numero de condones entregados,2015-12-01,0,0,48,0,0,48
PUERTO GONZALO MORENO,"anticoncepcion, prevencion de its y de cancer de cuello uterino",numero de condones entregados,2015-12-01,0,48,132,48,0,228
PUERTO PEREZ,"anticoncepcion, prevencion de its y de cancer de cuello uterino",numero de condones entregados,2015-12-01,0,12,24,24,12,72
PUERTO QUIJARRO,"anticoncepcion, prevencion de its y de cancer de cuello uterino",numero de condones entregados,2015-12-01,0,120,192,102,0,414
PUERTO VILLARROEL,"anticoncepcion, prevencion de its y de cancer de cuello uterino",numero de condones entregados,2015-12-01,0,168,600,156,0,924
PUNA,"anticoncepcion, prevencion de its y de cancer de cuello uterino",numero de condones entregados,2015-12-01,0,12,48,12,0,72
PUNATA,"anticoncepcion, prevencion de its y de cancer de cuello uterino",numero de condones entregados,2015-12-01,0,24,252,108,0,384
QUIABAYA,"anticoncepcion, prevencion de its y de cancer de cuello uterino",numero de condones entregados,2015-12-01,0,0,3,0,0,3
QUILLACOLLO,"anticoncepcion, prevencion de its y de cancer de cuello uterino",numero de condones entregados,2015-12-01,0,12,264,24,0,300
QUIME,"anticoncepcion, prevencion de its y de cancer de cuello uterino",numero de condones entregados,2015-12-01,0,0,72,12,0,84
QUIRUSILLAS,"anticoncepcion, prevencion de its y de cancer de cuello uterino",numero de condones entregados,2015-12-01,0,0,24,0,0,24
RAVELO,"anticoncepcion, prevencion de its y de cancer de cuello uterino",numero de condones entregados,2015-12-01,0,0,36,24,0,60
REYES,"anticoncepcion, prevencion de its y de cancer de cuello uterino",numero de condones entregados,2015-12-01,12,24,108,24,0,168
RIBERALTA,"anticoncepcion, prevencion de its y de cancer de cuello uterino",numero de condones entregados,2015-12-01,15,92,529,164,0,800
ROBORE,"anticoncepcion, prevencion de its y de cancer de cuello uterino",numero de condones entregados,2015-12-01,0,12,24,0,0,36
RURRENABAQUE,"anticoncepcion, prevencion de its y de cancer de cuello uterino",numero de condones entregados,2015-12-01,0,0,36,0,0,36
SABAYA,"anticoncepcion, prevencion de its y de cancer de cuello uterino",numero de condones entregados,2015-12-01,0,0,12,24,0,36
SACABA,"anticoncepcion, prevencion de its y de cancer de cuello uterino",numero de condones entregados,2015-12-01,12,156,1438,288,0,1894
SACACA,"anticoncepcion, prevencion de its y de cancer de cuello uterino",numero de condones entregados,2015-12-01,0,0,33,12,0,45
SAIPINA,"anticoncepcion, prevencion de its y de cancer de cuello uterino",numero de condones entregados,2015-12-01,0,0,24,12,0,36
SALINAS DE GARCI MENDOZA,"anticoncepcion, prevencion de its y de cancer de cuello uterino",numero de condones entregados,2015-12-01,0,24,204,36,0,264
SAMAIPATA,"anticoncepcion, prevencion de its y de cancer de cuello uterino",numero de condones entregados,2015-12-01,0,0,84,0,0,84
SAN AGUSTIN,"anticoncepcion, prevencion de its y de cancer de cuello uterino",numero de condones entregados,2015-12-01,0,24,36,12,0,72
SAN ANDRES,"anticoncepcion, prevencion de its y de cancer de cuello uterino",numero de condones entregados,2015-12-01,0,12,0,0,0,12
SAN ANDRES DE MACHACA,"anticoncepcion, prevencion de its y de cancer de cuello uterino",numero de condones entregados,2015-12-01,0,0,24,0,0,24
SAN ANTONIO DE ESMORUCO,"anticoncepcion, prevencion de its y de cancer de cuello uterino",numero de condones entregados,2015-12-01,0,12,36,12,0,60
SAN ANTONIO DE LOMERIO,"anticoncepcion, prevencion de its y de cancer de cuello uterino",numero de condones entregados,2015-12-01,0,12,0,0,0,12
SAN BENITO,"anticoncepcion, prevencion de its y de cancer de cuello uterino",numero de condones entregados,2015-12-01,0,12,12,0,0,24
SAN BORJA,"anticoncepcion, prevencion de its y de cancer de cuello uterino",numero de condones entregados,2015-12-01,0,36,156,36,0,228
SAN BUENA VENTURA,"anticoncepcion, prevencion de its y de cancer de cuello uterino",numero de condones entregados,2015-12-01,0,0,12,12,0,24
SAN CARLOS,"anticoncepcion, prevencion de its y de cancer de cuello uterino",numero de condones entregados,2015-12-01,0,72,240,24,0,336
SAN IGNACIO,"anticoncepcion, prevencion de its y de cancer de cuello uterino",numero de condones entregados,2015-12-01,0,60,204,36,0,300
SAN IGNACIO DE VELASCO,"anticoncepcion, prevencion de its y de cancer de cuello uterino",numero de condones entregados,2015-12-01,0,24,84,36,0,144
SAN JAVIER(BNI),"anticoncepcion, prevencion de its y de cancer de cuello uterino",numero de condones entregados,2015-12-01,0,0,12,24,0,36
SAN JAVIER(STC),"anticoncepcion, prevencion de its y de cancer de cuello uterino",numero de condones entregados,2015-12-01,0,0,0,12,0,12
SAN JOSE DE CHIQUITOS,"anticoncepcion, prevencion de its y de cancer de cuello uterino",numero de condones entregados,2015-12-01,0,12,48,24,0,84
SAN JUAN DE YAPACANI,"anticoncepcion, prevencion de its y de cancer de cuello uterino",numero de condones entregados,2015-12-01,0,12,72,12,0,96
SAN JULIAN,"anticoncepcion, prevencion de its y de cancer de cuello uterino",numero de condones entregados,2015-12-01,0,36,96,24,0,156
SAN LORENZO(PND),"anticoncepcion, prevencion de its y de cancer de cuello uterino",numero de condones entregados,2015-12-01,0,0,12,0,0,12
SAN LORENZO(TJA),"anticoncepcion, prevencion de its y de cancer de cuello uterino",numero de condones entregados,2015-12-01,0,12,124,12,0,148
SAN LUCAS,"anticoncepcion, prevencion de its y de cancer de cuello uterino",numero de condones entregados,2015-12-01,12,60,132,84,0,288
SAN MATIAS,"anticoncepcion, prevencion de its y de cancer de cuello uterino",numero de condones entregados,2015-12-01,0,24,60,0,0,84
SAN MIGUEL DE VELASCO,"anticoncepcion, prevencion de its y de cancer de cuello uterino",numero de condones entregados,2015-12-01,0,12,48,36,0,96
SAN PABLO DE LIPEZ,"anticoncepcion, prevencion de its y de cancer de cuello uterino",numero de condones entregados,2015-12-01,0,0,0,12,0,12
SAN PEDRO,"anticoncepcion, prevencion de its y de cancer de cuello uterino",numero de condones entregados,2015-12-01,0,24,168,24,36,252
SAN PEDRO DE BUENA VISTA,"anticoncepcion, prevencion de its y de cancer de cuello uterino",numero de condones entregados,2015-12-01,0,36,132,72,0,240
SAN PEDRO DE CURAHUARA,"anticoncepcion, prevencion de its y de cancer de cuello uterino",numero de condones entregados,2015-12-01,0,12,1,0,0,13
SAN PEDRO DE QUEMES,"anticoncepcion, prevencion de its y de cancer de cuello uterino",numero de condones entregados,2015-12-01,0,0,12,12,0,24
SAN PEDRO DE TIQUINA,"anticoncepcion, prevencion de its y de cancer de cuello uterino",numero de condones entregados,2015-12-01,0,0,12,0,0,12
SAN RAFAEL,"anticoncepcion, prevencion de its y de cancer de cuello uterino",numero de condones entregados,2015-12-01,0,12,84,0,0,96
SAN RAMON BENI,"anticoncepcion, prevencion de its y de cancer de cuello uterino",numero de condones entregados,2015-12-01,0,12,24,0,0,36
SANTA ANA,"anticoncepcion, prevencion de its y de cancer de cuello uterino",numero de condones entregados,2015-12-01,0,39,27,12,12,90
SANTA CRUZ DE LA SIERRA,"anticoncepcion, prevencion de its y de cancer de cuello uterino",numero de condones entregados,2015-12-01,12,516,1865,391,0,2784
SANTA ROSA,"anticoncepcion, prevencion de its y de cancer de cuello uterino",numero de condones entregados,2015-12-01,12,0,36,36,0,84
SANTA ROSA DEL SARA,"anticoncepcion, prevencion de its y de cancer de cuello uterino",numero de condones entregados,2015-12-01,0,36,156,12,0,204
SANTIAGO DE HUARI,"anticoncepcion, prevencion de its y de cancer de cuello uterino",numero de condones entregados,2015-12-01,0,0,36,0,0,36
SANTIAGO DE MACHACA,"anticoncepcion, prevencion de its y de cancer de cuello uterino",numero de condones entregados,2015-12-01,0,0,0,12,0,12
SANTIVAÑES,"anticoncepcion, prevencion de its y de cancer de cuello uterino",numero de condones entregados,2015-12-01,0,0,84,12,0,96
SANTUARIO DE QUILLACAS,"anticoncepcion, prevencion de its y de cancer de cuello uterino",numero de condones entregados,2015-12-01,0,24,84,12,0,120
SAPAHAQUI,"anticoncepcion, prevencion de its y de cancer de cuello uterino",numero de condones entregados,2015-12-01,0,0,60,0,0,60
SHINAOTA,"anticoncepcion, prevencion de its y de cancer de cuello uterino",numero de condones entregados,2015-12-01,0,0,36,0,0,36
SICA SICA (VILLA AROMA),"anticoncepcion, prevencion de its y de cancer de cuello uterino",numero de condones entregados,2015-12-01,12,48,96,12,0,168
SICAYA,"anticoncepcion, prevencion de its y de cancer de cuello uterino",numero de condones entregados,2015-12-01,0,0,12,12,0,24
SIPE SIPE,"anticoncepcion, prevencion de its y de cancer de cuello uterino",numero de condones entregados,2015-12-01,0,12,108,12,0,132
SOPACHUY,"anticoncepcion, prevencion de its y de cancer de cuello uterino",numero de condones entregados,2015-12-01,0,12,24,12,0,48
SORACACHI,"anticoncepcion, prevencion de its y de cancer de cuello uterino",numero de condones entregados,2015-12-01,0,0,48,12,0,60
SORATA,"anticoncepcion, prevencion de its y de cancer de cuello uterino",numero de condones entregados,2015-12-01,0,12,0,0,0,12
SUCRE,"anticoncepcion, prevencion de its y de cancer de cuello uterino",numero de condones entregados,2015-12-01,12,803,3217,1341,27,5400
TACACOMA,"anticoncepcion, prevencion de its y de cancer de cuello uterino",numero de condones entregados,2015-12-01,0,0,48,0,0,48
TACOBAMBA,"anticoncepcion, prevencion de its y de cancer de cuello uterino",numero de condones entregados,2015-12-01,0,12,24,0,0,36
TACOPAYA,"anticoncepcion, prevencion de its y de cancer de cuello uterino",numero de condones entregados,2015-12-01,0,0,12,0,0,12
TAHUA,"anticoncepcion, prevencion de its y de cancer de cuello uterino",numero de condones entregados,2015-12-01,0,0,36,12,0,48
TAPACARI,"anticoncepcion, prevencion de its y de cancer de cuello uterino",numero de condones entregados,2015-12-01,0,36,72,0,0,108
TARABUCO,"anticoncepcion, prevencion de its y de cancer de cuello uterino",numero de condones entregados,2015-12-01,0,12,120,24,0,156
TARACO,"anticoncepcion, prevencion de its y de cancer de cuello uterino",numero de condones entregados,2015-12-01,0,12,30,0,0,42
TARATA,"anticoncepcion, prevencion de its y de cancer de cuello uterino",numero de condones entregados,2015-12-01,0,12,48,0,0,60
TARIJA,"anticoncepcion, prevencion de its y de cancer de cuello uterino",numero de condones entregados,2015-12-01,0,143,582,232,12,969
TARVITA,"anticoncepcion, prevencion de its y de cancer de cuello uterino",numero de condones entregados,2015-12-01,0,24,84,36,0,144
TEOPONTE,"anticoncepcion, prevencion de its y de cancer de cuello uterino",numero de condones entregados,2015-12-01,0,0,36,0,0,36
TIAWANACU,"anticoncepcion, prevencion de its y de cancer de cuello uterino",numero de condones entregados,2015-12-01,0,0,0,24,0,24
TINGUIPAYA,"anticoncepcion, prevencion de its y de cancer de cuello uterino",numero de condones entregados,2015-12-01,0,36,120,12,0,168
TIPUANI,"anticoncepcion, prevencion de its y de cancer de cuello uterino",numero de condones entregados,2015-12-01,0,0,36,0,0,36
TIQUIPAYA,"anticoncepcion, prevencion de its y de cancer de cuello uterino",numero de condones entregados,2015-12-01,0,24,300,48,0,372
TIRAQUE (CBBA),"anticoncepcion, prevencion de its y de cancer de cuello uterino",numero de condones entregados,2015-12-01,0,36,60,12,0,108
TITO YUPANQUI (PARQUIPUJIO),"anticoncepcion, prevencion de its y de cancer de cuello uterino",numero de condones entregados,2015-12-01,0,12,12,48,0,72
TOCO,"anticoncepcion, prevencion de its y de cancer de cuello uterino",numero de condones entregados,2015-12-01,0,36,72,12,0,120
TODOS SANTOS,"anticoncepcion, prevencion de its y de cancer de cuello uterino",numero de condones entregados,2015-12-01,0,0,12,0,0,12
TOLATA,"anticoncepcion, prevencion de its y de cancer de cuello uterino",numero de condones entregados,2015-12-01,0,24,72,12,0,108
TOLEDO,"anticoncepcion, prevencion de its y de cancer de cuello uterino",numero de condones entregados,2015-12-01,0,0,24,0,0,24
TOMAVE,"anticoncepcion, prevencion de its y de cancer de cuello uterino",numero de condones entregados,2015-12-01,0,48,120,36,0,204
TOMINA,"anticoncepcion, prevencion de its y de cancer de cuello uterino",numero de condones entregados,2015-12-01,0,24,36,12,0,72
TORO TORO,"anticoncepcion, prevencion de its y de cancer de cuello uterino",numero de condones entregados,2015-12-01,0,24,0,24,0,48
TOTORA(CBBA),"anticoncepcion, prevencion de its y de cancer de cuello uterino",numero de condones entregados,2015-12-01,0,12,24,12,0,48
TOTORA(ORR),"anticoncepcion, prevencion de its y de cancer de cuello uterino",numero de condones entregados,2015-12-01,0,0,48,0,0,48
TRIGAL,"anticoncepcion, prevencion de its y de cancer de cuello uterino",numero de condones entregados,2015-12-01,0,0,48,12,0,60
TRINIDAD,"anticoncepcion, prevencion de its y de cancer de cuello uterino",numero de condones entregados,2015-12-01,0,1078,224,0,0,1302
TUPIZA,"anticoncepcion, prevencion de its y de cancer de cuello uterino",numero de condones entregados,2015-12-01,12,108,299,132,0,551
TURCO,"anticoncepcion, prevencion de its y de cancer de cuello uterino",numero de condones entregados,2015-12-01,0,0,24,36,0,60
UMALA,"anticoncepcion, prevencion de its y de cancer de cuello uterino",numero de condones entregados,2015-12-01,0,12,36,12,0,60
UNCIA,"anticoncepcion, prevencion de its y de cancer de cuello uterino",numero de condones entregados,2015-12-01,0,24,312,48,0,384
URIONDO (A. CONCEPCION),"anticoncepcion, prevencion de its y de cancer de cuello uterino",numero de condones entregados,2015-12-01,0,24,96,84,0,204
URUBICHA,"anticoncepcion, prevencion de its y de cancer de cuello uterino",numero de condones entregados,2015-12-01,0,0,120,60,0,180
UYUNI,"anticoncepcion, prevencion de its y de cancer de cuello uterino",numero de condones entregados,2015-12-01,0,0,216,25,0,241
VACAS,"anticoncepcion, prevencion de its y de cancer de cuello uterino",numero de condones entregados,2015-12-01,0,0,24,12,0,36
VALLEGRANDE,"anticoncepcion, prevencion de its y de cancer de cuello uterino",numero de condones entregados,2015-12-01,0,48,228,60,0,336
VIACHA,"anticoncepcion, prevencion de its y de cancer de cuello uterino",numero de condones entregados,2015-12-01,0,48,264,84,0,396
VILA VILA,"anticoncepcion, prevencion de its y de cancer de cuello uterino",numero de condones entregados,2015-12-01,0,0,48,0,0,48
VILLA CHARCAS,"anticoncepcion, prevencion de its y de cancer de cuello uterino",numero de condones entregados,2015-12-01,0,24,72,72,0,168
VILLA MONTES,"anticoncepcion, prevencion de its y de cancer de cuello uterino",numero de condones entregados,2015-12-01,0,48,48,24,0,120
VILLA NUEVA (LOMA ALTA),"anticoncepcion, prevencion de its y de cancer de cuello uterino",numero de condones entregados,2015-12-01,0,0,24,12,0,36
VILLA RIVERO,"anticoncepcion, prevencion de its y de cancer de cuello uterino",numero de condones entregados,2015-12-01,0,12,48,24,0,84
VILLA SERRANO,"anticoncepcion, prevencion de its y de cancer de cuello uterino",numero de condones entregados,2015-12-01,0,0,0,12,0,12
VILLA TUNARI,"anticoncepcion, prevencion de its y de cancer de cuello uterino",numero de condones entregados,2015-12-01,0,192,857,144,0,1193
VILLA VACA GUZMAN (MUYUPAMPA),"anticoncepcion, prevencion de its y de cancer de cuello uterino",numero de condones entregados,2015-12-01,12,12,204,36,0,264
VILLAZON,"anticoncepcion, prevencion de its y de cancer de cuello uterino",numero de condones entregados,2015-12-01,0,36,264,24,12,336
VINTO,"anticoncepcion, prevencion de its y de cancer de cuello uterino",numero de condones entregados,2015-12-01,0,12,252,13,0,277
VITICHI,"anticoncepcion, prevencion de its y de cancer de cuello uterino",numero de condones entregados,2015-12-01,0,0,48,36,0,84
WARNES,"anticoncepcion, prevencion de its y de cancer de cuello uterino",numero de condones entregados,2015-12-01,0,6,81,15,0,102
YACO,"anticoncepcion, prevencion de its y de cancer de cuello uterino",numero de condones entregados,2015-12-01,0,0,36,0,0,36
YACUIBA,"anticoncepcion, prevencion de its y de cancer de cuello uterino",numero de condones entregados,2015-12-01,0,159,467,193,0,819
YAMPARAEZ,"anticoncepcion, prevencion de its y de cancer de cuello uterino",numero de condones entregados,2015-12-01,0,12,0,0,0,12
YANACACHI,"anticoncepcion, prevencion de its y de cancer de cuello uterino",numero de condones entregados,2015-12-01,0,0,36,12,0,48
YAPACANI,"anticoncepcion, prevencion de its y de cancer de cuello uterino",numero de condones entregados,2015-12-01,12,84,312,24,12,444
YOCALLA,"anticoncepcion, prevencion de its y de cancer de cuello uterino",numero de condones entregados,2015-12-01,0,0,24,36,0,60
YOTALA,"anticoncepcion, prevencion de its y de cancer de cuello uterino",numero de condones entregados,2015-12-01,0,24,60,12,0,96
YUNCHARA,"anticoncepcion, prevencion de its y de cancer de cuello uterino",numero de condones entregados,2015-12-01,0,52,163,116,0,331
ZUDAÑEZ,"anticoncepcion, prevencion de its y de cancer de cuello uterino",numero de condones entregados,2015-12-01,0,12,0,12,0,24
