municipality,group,variable,month,Píldora: Usuarias Nuevas,Píldora: Usuarias Nuevas1,Píldora: Usuarias Nuevas2,Píldora: Usuarias Nuevas3,Píldora: Usuarias Nuevas4,TOTAL
ACACIO,"anticoncepcion, prevencion de its y de cancer de cuello uterino",pildora: usuarias nuevas,2015-01-01,0,0,1,0,0,1
ACHACACHI,"anticoncepcion, prevencion de its y de cancer de cuello uterino",pildora: usuarias nuevas,2015-01-01,0,0,1,1,0,2
ACHOCALLA,"anticoncepcion, prevencion de its y de cancer de cuello uterino",pildora: usuarias nuevas,2015-01-01,0,1,1,1,0,3
AIQUILE,"anticoncepcion, prevencion de its y de cancer de cuello uterino",pildora: usuarias nuevas,2015-01-01,0,1,4,0,0,5
ALTO BENI,"anticoncepcion, prevencion de its y de cancer de cuello uterino",pildora: usuarias nuevas,2015-01-01,0,1,0,1,0,2
ANCORAIMES,"anticoncepcion, prevencion de its y de cancer de cuello uterino",pildora: usuarias nuevas,2015-01-01,0,0,1,0,0,1
ANDAMARCA,"anticoncepcion, prevencion de its y de cancer de cuello uterino",pildora: usuarias nuevas,2015-01-01,0,0,0,1,0,1
APOLO,"anticoncepcion, prevencion de its y de cancer de cuello uterino",pildora: usuarias nuevas,2015-01-01,0,1,3,0,0,4
ARANI,"anticoncepcion, prevencion de its y de cancer de cuello uterino",pildora: usuarias nuevas,2015-01-01,0,0,1,0,0,1
ARBIETO,"anticoncepcion, prevencion de its y de cancer de cuello uterino",pildora: usuarias nuevas,2015-01-01,0,2,2,0,0,4
ARQUE,"anticoncepcion, prevencion de its y de cancer de cuello uterino",pildora: usuarias nuevas,2015-01-01,0,0,1,1,0,2
ASCENCION DE GUARAYOS,"anticoncepcion, prevencion de its y de cancer de cuello uterino",pildora: usuarias nuevas,2015-01-01,0,2,14,4,0,20
ATOCHA,"anticoncepcion, prevencion de its y de cancer de cuello uterino",pildora: usuarias nuevas,2015-01-01,0,1,1,0,0,2
AYOPAYA (V. DE INDEPENDENCIA),"anticoncepcion, prevencion de its y de cancer de cuello uterino",pildora: usuarias nuevas,2015-01-01,0,2,5,0,0,7
AZURDUY,"anticoncepcion, prevencion de its y de cancer de cuello uterino",pildora: usuarias nuevas,2015-01-01,0,1,4,0,0,5
BATALLAS,"anticoncepcion, prevencion de its y de cancer de cuello uterino",pildora: usuarias nuevas,2015-01-01,0,0,1,1,0,2
BAURES,"anticoncepcion, prevencion de its y de cancer de cuello uterino",pildora: usuarias nuevas,2015-01-01,0,0,3,2,0,5
BELLA FLOR,"anticoncepcion, prevencion de its y de cancer de cuello uterino",pildora: usuarias nuevas,2015-01-01,0,1,0,0,0,1
BERMEJO,"anticoncepcion, prevencion de its y de cancer de cuello uterino",pildora: usuarias nuevas,2015-01-01,0,3,30,13,0,46
BETANZOS,"anticoncepcion, prevencion de its y de cancer de cuello uterino",pildora: usuarias nuevas,2015-01-01,0,1,0,0,0,1
BOLIVAR,"anticoncepcion, prevencion de its y de cancer de cuello uterino",pildora: usuarias nuevas,2015-01-01,0,0,1,0,0,1
BOYUIBE,"anticoncepcion, prevencion de its y de cancer de cuello uterino",pildora: usuarias nuevas,2015-01-01,0,0,4,0,0,4
BUENA VISTA,"anticoncepcion, prevencion de its y de cancer de cuello uterino",pildora: usuarias nuevas,2015-01-01,0,3,9,0,0,12
CABEZAS,"anticoncepcion, prevencion de its y de cancer de cuello uterino",pildora: usuarias nuevas,2015-01-01,0,1,7,5,0,13
CAIROMA,"anticoncepcion, prevencion de its y de cancer de cuello uterino",pildora: usuarias nuevas,2015-01-01,0,0,1,1,0,2
"CAIZA ""D""","anticoncepcion, prevencion de its y de cancer de cuello uterino",pildora: usuarias nuevas,2015-01-01,0,1,5,0,0,6
CAJUATA,"anticoncepcion, prevencion de its y de cancer de cuello uterino",pildora: usuarias nuevas,2015-01-01,0,0,9,0,0,9
CALAMARCA,"anticoncepcion, prevencion de its y de cancer de cuello uterino",pildora: usuarias nuevas,2015-01-01,0,0,2,2,0,4
CAMARGO,"anticoncepcion, prevencion de its y de cancer de cuello uterino",pildora: usuarias nuevas,2015-01-01,0,0,1,0,0,1
CAMIRI,"anticoncepcion, prevencion de its y de cancer de cuello uterino",pildora: usuarias nuevas,2015-01-01,0,0,3,3,0,6
CAPINOTA,"anticoncepcion, prevencion de its y de cancer de cuello uterino",pildora: usuarias nuevas,2015-01-01,0,0,1,4,0,5
CAQUIAVIRI,"anticoncepcion, prevencion de its y de cancer de cuello uterino",pildora: usuarias nuevas,2015-01-01,0,0,1,0,0,1
CARACOLLO,"anticoncepcion, prevencion de its y de cancer de cuello uterino",pildora: usuarias nuevas,2015-01-01,0,0,5,1,0,6
CARANAVI,"anticoncepcion, prevencion de its y de cancer de cuello uterino",pildora: usuarias nuevas,2015-01-01,0,0,11,6,0,17
CARAPARI,"anticoncepcion, prevencion de its y de cancer de cuello uterino",pildora: usuarias nuevas,2015-01-01,1,1,6,0,0,8
CARIPUYO,"anticoncepcion, prevencion de its y de cancer de cuello uterino",pildora: usuarias nuevas,2015-01-01,1,0,1,0,0,2
CHALLAPATA,"anticoncepcion, prevencion de its y de cancer de cuello uterino",pildora: usuarias nuevas,2015-01-01,0,0,1,2,0,3
CHARAGUA,"anticoncepcion, prevencion de its y de cancer de cuello uterino",pildora: usuarias nuevas,2015-01-01,0,1,7,1,0,9
CHIMORE,"anticoncepcion, prevencion de its y de cancer de cuello uterino",pildora: usuarias nuevas,2015-01-01,0,4,6,0,0,10
CHIPAYA,"anticoncepcion, prevencion de its y de cancer de cuello uterino",pildora: usuarias nuevas,2015-01-01,0,0,2,0,0,2
CHUA COCANI,"anticoncepcion, prevencion de its y de cancer de cuello uterino",pildora: usuarias nuevas,2015-01-01,0,0,0,1,0,1
CHULUMANI (V. DE LA LIBERTAD),"anticoncepcion, prevencion de its y de cancer de cuello uterino",pildora: usuarias nuevas,2015-01-01,0,0,3,0,0,3
CHUQUIHUTA AYLLU JUCUMANI,"anticoncepcion, prevencion de its y de cancer de cuello uterino",pildora: usuarias nuevas,2015-01-01,0,1,1,0,0,2
CLIZA,"anticoncepcion, prevencion de its y de cancer de cuello uterino",pildora: usuarias nuevas,2015-01-01,0,2,6,2,0,10
COBIJA,"anticoncepcion, prevencion de its y de cancer de cuello uterino",pildora: usuarias nuevas,2015-01-01,0,2,7,2,0,11
COCAPATA,"anticoncepcion, prevencion de its y de cancer de cuello uterino",pildora: usuarias nuevas,2015-01-01,0,1,3,0,0,4
COCHABAMBA,"anticoncepcion, prevencion de its y de cancer de cuello uterino",pildora: usuarias nuevas,2015-01-01,5,33,190,35,0,263
COIPASA,"anticoncepcion, prevencion de its y de cancer de cuello uterino",pildora: usuarias nuevas,2015-01-01,0,0,1,0,0,1
COLCAPIRHUA,"anticoncepcion, prevencion de its y de cancer de cuello uterino",pildora: usuarias nuevas,2015-01-01,0,1,14,2,0,17
"COLCHA ""K""","anticoncepcion, prevencion de its y de cancer de cuello uterino",pildora: usuarias nuevas,2015-01-01,0,1,4,0,0,5
COLOMI,"anticoncepcion, prevencion de its y de cancer de cuello uterino",pildora: usuarias nuevas,2015-01-01,0,1,3,1,0,5
COLPA BELGICA,"anticoncepcion, prevencion de its y de cancer de cuello uterino",pildora: usuarias nuevas,2015-01-01,1,0,3,0,0,4
COLQUECHACA,"anticoncepcion, prevencion de its y de cancer de cuello uterino",pildora: usuarias nuevas,2015-01-01,0,0,1,0,0,1
COLQUIRI,"anticoncepcion, prevencion de its y de cancer de cuello uterino",pildora: usuarias nuevas,2015-01-01,0,0,1,0,0,1
COMARAPA,"anticoncepcion, prevencion de its y de cancer de cuello uterino",pildora: usuarias nuevas,2015-01-01,0,1,4,0,0,5
CONCEPCION,"anticoncepcion, prevencion de its y de cancer de cuello uterino",pildora: usuarias nuevas,2015-01-01,0,1,4,1,0,6
COPACABANA,"anticoncepcion, prevencion de its y de cancer de cuello uterino",pildora: usuarias nuevas,2015-01-01,0,0,2,0,0,2
CORIPATA,"anticoncepcion, prevencion de its y de cancer de cuello uterino",pildora: usuarias nuevas,2015-01-01,0,0,1,0,0,1
CORQUE,"anticoncepcion, prevencion de its y de cancer de cuello uterino",pildora: usuarias nuevas,2015-01-01,0,1,4,1,0,6
COTAGAITA,"anticoncepcion, prevencion de its y de cancer de cuello uterino",pildora: usuarias nuevas,2015-01-01,0,0,0,1,0,1
COTOCA,"anticoncepcion, prevencion de its y de cancer de cuello uterino",pildora: usuarias nuevas,2015-01-01,0,2,25,6,0,33
CRUZ DE MACHACAMARCA,"anticoncepcion, prevencion de its y de cancer de cuello uterino",pildora: usuarias nuevas,2015-01-01,0,0,1,0,0,1
CUATRO CAÑADAS,"anticoncepcion, prevencion de its y de cancer de cuello uterino",pildora: usuarias nuevas,2015-01-01,0,2,5,0,0,7
CUEVO,"anticoncepcion, prevencion de its y de cancer de cuello uterino",pildora: usuarias nuevas,2015-01-01,0,2,0,0,0,2
CULPINA,"anticoncepcion, prevencion de its y de cancer de cuello uterino",pildora: usuarias nuevas,2015-01-01,0,1,1,0,0,2
EL ALTO,"anticoncepcion, prevencion de its y de cancer de cuello uterino",pildora: usuarias nuevas,2015-01-01,0,13,103,19,1,136
EL CHORO,"anticoncepcion, prevencion de its y de cancer de cuello uterino",pildora: usuarias nuevas,2015-01-01,0,0,1,0,0,1
EL PUENTE(STC),"anticoncepcion, prevencion de its y de cancer de cuello uterino",pildora: usuarias nuevas,2015-01-01,0,1,2,0,0,3
EL PUENTE(TJA),"anticoncepcion, prevencion de its y de cancer de cuello uterino",pildora: usuarias nuevas,2015-01-01,0,1,3,0,0,4
EL TORNO,"anticoncepcion, prevencion de its y de cancer de cuello uterino",pildora: usuarias nuevas,2015-01-01,1,4,12,4,0,21
EL VILLAR,"anticoncepcion, prevencion de its y de cancer de cuello uterino",pildora: usuarias nuevas,2015-01-01,0,1,2,1,0,4
ENTRE RIOS TRJ,"anticoncepcion, prevencion de its y de cancer de cuello uterino",pildora: usuarias nuevas,2015-01-01,1,1,9,2,0,13
ENTRE RIOS CBBA,"anticoncepcion, prevencion de its y de cancer de cuello uterino",pildora: usuarias nuevas,2015-01-01,0,1,7,0,0,8
ESCOMA,"anticoncepcion, prevencion de its y de cancer de cuello uterino",pildora: usuarias nuevas,2015-01-01,0,0,1,0,0,1
EUREKA (SANTOS MERCADO),"anticoncepcion, prevencion de its y de cancer de cuello uterino",pildora: usuarias nuevas,2015-01-01,0,1,0,1,0,2
EXALTACION,"anticoncepcion, prevencion de its y de cancer de cuello uterino",pildora: usuarias nuevas,2015-01-01,0,1,1,3,0,5
FERNANDEZ ALONSO,"anticoncepcion, prevencion de its y de cancer de cuello uterino",pildora: usuarias nuevas,2015-01-01,0,0,5,0,0,5
FILADELFIA,"anticoncepcion, prevencion de its y de cancer de cuello uterino",pildora: usuarias nuevas,2015-01-01,0,0,4,0,0,4
GENERAL SAAVEDRA,"anticoncepcion, prevencion de its y de cancer de cuello uterino",pildora: usuarias nuevas,2015-01-01,0,1,3,1,0,5
GRAL. J.J. PEREZ (CHARAZANI),"anticoncepcion, prevencion de its y de cancer de cuello uterino",pildora: usuarias nuevas,2015-01-01,0,1,3,2,0,6
GUANAY,"anticoncepcion, prevencion de its y de cancer de cuello uterino",pildora: usuarias nuevas,2015-01-01,0,1,0,0,0,1
GUAYARAMERIN,"anticoncepcion, prevencion de its y de cancer de cuello uterino",pildora: usuarias nuevas,2015-01-01,0,1,1,0,0,2
GUTIERREZ,"anticoncepcion, prevencion de its y de cancer de cuello uterino",pildora: usuarias nuevas,2015-01-01,0,0,3,3,0,6
HUACARETA,"anticoncepcion, prevencion de its y de cancer de cuello uterino",pildora: usuarias nuevas,2015-01-01,0,0,5,1,0,6
HUACAYA (VILLA DE HUACAYA),"anticoncepcion, prevencion de its y de cancer de cuello uterino",pildora: usuarias nuevas,2015-01-01,0,0,1,0,0,1
HUACHACALLA,"anticoncepcion, prevencion de its y de cancer de cuello uterino",pildora: usuarias nuevas,2015-01-01,0,1,0,1,0,2
HUANUNI,"anticoncepcion, prevencion de its y de cancer de cuello uterino",pildora: usuarias nuevas,2015-01-01,0,0,3,1,0,4
HUARACAJE,"anticoncepcion, prevencion de its y de cancer de cuello uterino",pildora: usuarias nuevas,2015-01-01,0,0,3,0,0,3
HUAYLLAMARCA,"anticoncepcion, prevencion de its y de cancer de cuello uterino",pildora: usuarias nuevas,2015-01-01,0,0,2,0,0,2
ICLA,"anticoncepcion, prevencion de its y de cancer de cuello uterino",pildora: usuarias nuevas,2015-01-01,0,0,5,1,0,6
INCAHUASI,"anticoncepcion, prevencion de its y de cancer de cuello uterino",pildora: usuarias nuevas,2015-01-01,0,0,3,3,0,6
IRUPANA (VILLA DE LANZA),"anticoncepcion, prevencion de its y de cancer de cuello uterino",pildora: usuarias nuevas,2015-01-01,0,0,1,2,0,3
IXIAMAS,"anticoncepcion, prevencion de its y de cancer de cuello uterino",pildora: usuarias nuevas,2015-01-01,0,0,3,0,0,3
LA ASUNTA,"anticoncepcion, prevencion de its y de cancer de cuello uterino",pildora: usuarias nuevas,2015-01-01,0,0,7,1,0,8
LA GUARDIA,"anticoncepcion, prevencion de its y de cancer de cuello uterino",pildora: usuarias nuevas,2015-01-01,2,3,20,7,0,32
LA PAZ,"anticoncepcion, prevencion de its y de cancer de cuello uterino",pildora: usuarias nuevas,2015-01-01,1,8,101,11,0,121
LA RIVERA,"anticoncepcion, prevencion de its y de cancer de cuello uterino",pildora: usuarias nuevas,2015-01-01,0,0,1,0,0,1
LAGUNILLAS,"anticoncepcion, prevencion de its y de cancer de cuello uterino",pildora: usuarias nuevas,2015-01-01,0,0,2,0,0,2
LAS CARRERAS,"anticoncepcion, prevencion de its y de cancer de cuello uterino",pildora: usuarias nuevas,2015-01-01,0,2,0,0,0,2
LICOMA PAMPA,"anticoncepcion, prevencion de its y de cancer de cuello uterino",pildora: usuarias nuevas,2015-01-01,0,0,3,0,0,3
LLALLAGUA,"anticoncepcion, prevencion de its y de cancer de cuello uterino",pildora: usuarias nuevas,2015-01-01,0,1,11,3,0,15
LORETO,"anticoncepcion, prevencion de its y de cancer de cuello uterino",pildora: usuarias nuevas,2015-01-01,0,1,1,0,0,2
MACHARETI,"anticoncepcion, prevencion de its y de cancer de cuello uterino",pildora: usuarias nuevas,2015-01-01,0,0,4,0,0,4
MAGDALENA,"anticoncepcion, prevencion de its y de cancer de cuello uterino",pildora: usuarias nuevas,2015-01-01,0,3,1,0,0,4
MAIRANA,"anticoncepcion, prevencion de its y de cancer de cuello uterino",pildora: usuarias nuevas,2015-01-01,0,0,1,0,0,1
MAPIRI,"anticoncepcion, prevencion de its y de cancer de cuello uterino",pildora: usuarias nuevas,2015-01-01,0,0,1,2,0,3
MECAPACA,"anticoncepcion, prevencion de its y de cancer de cuello uterino",pildora: usuarias nuevas,2015-01-01,0,0,1,0,0,1
MINEROS,"anticoncepcion, prevencion de its y de cancer de cuello uterino",pildora: usuarias nuevas,2015-01-01,0,0,3,0,0,3
MIZQUE,"anticoncepcion, prevencion de its y de cancer de cuello uterino",pildora: usuarias nuevas,2015-01-01,0,0,7,0,0,7
MOJOCOYA,"anticoncepcion, prevencion de its y de cancer de cuello uterino",pildora: usuarias nuevas,2015-01-01,0,0,3,1,0,4
MONTEAGUDO,"anticoncepcion, prevencion de its y de cancer de cuello uterino",pildora: usuarias nuevas,2015-01-01,0,1,5,0,1,7
MONTERO,"anticoncepcion, prevencion de its y de cancer de cuello uterino",pildora: usuarias nuevas,2015-01-01,1,7,23,6,0,37
NACEBE (SANTA ROSA DEL ABUNA),"anticoncepcion, prevencion de its y de cancer de cuello uterino",pildora: usuarias nuevas,2015-01-01,0,0,2,0,0,2
NUEVO MANOA (NUEVA ESPERANZA),"anticoncepcion, prevencion de its y de cancer de cuello uterino",pildora: usuarias nuevas,2015-01-01,0,0,2,0,0,2
OCURI,"anticoncepcion, prevencion de its y de cancer de cuello uterino",pildora: usuarias nuevas,2015-01-01,0,0,3,2,0,5
OKINAWA,"anticoncepcion, prevencion de its y de cancer de cuello uterino",pildora: usuarias nuevas,2015-01-01,0,0,1,0,0,1
OMEREQUE,"anticoncepcion, prevencion de its y de cancer de cuello uterino",pildora: usuarias nuevas,2015-01-01,0,0,0,1,0,1
ORURO,"anticoncepcion, prevencion de its y de cancer de cuello uterino",pildora: usuarias nuevas,2015-01-01,0,0,26,15,0,41
PADCAYA,"anticoncepcion, prevencion de its y de cancer de cuello uterino",pildora: usuarias nuevas,2015-01-01,1,2,5,0,0,8
PADILLA,"anticoncepcion, prevencion de its y de cancer de cuello uterino",pildora: usuarias nuevas,2015-01-01,0,2,4,0,0,6
PAILON,"anticoncepcion, prevencion de its y de cancer de cuello uterino",pildora: usuarias nuevas,2015-01-01,0,3,8,0,0,11
PALCA,"anticoncepcion, prevencion de its y de cancer de cuello uterino",pildora: usuarias nuevas,2015-01-01,0,0,0,1,0,1
PALOS BLANCOS,"anticoncepcion, prevencion de its y de cancer de cuello uterino",pildora: usuarias nuevas,2015-01-01,0,3,6,0,0,9
PAMPA GRANDE,"anticoncepcion, prevencion de its y de cancer de cuello uterino",pildora: usuarias nuevas,2015-01-01,0,0,1,1,0,2
PAPEL PAMPA,"anticoncepcion, prevencion de its y de cancer de cuello uterino",pildora: usuarias nuevas,2015-01-01,1,0,1,0,0,2
PASORAPA,"anticoncepcion, prevencion de its y de cancer de cuello uterino",pildora: usuarias nuevas,2015-01-01,0,0,1,0,0,1
POCOATA,"anticoncepcion, prevencion de its y de cancer de cuello uterino",pildora: usuarias nuevas,2015-01-01,0,0,1,2,0,3
POCONA,"anticoncepcion, prevencion de its y de cancer de cuello uterino",pildora: usuarias nuevas,2015-01-01,0,0,6,2,0,8
POJO (CBBA),"anticoncepcion, prevencion de its y de cancer de cuello uterino",pildora: usuarias nuevas,2015-01-01,0,1,3,0,0,4
POOPO,"anticoncepcion, prevencion de its y de cancer de cuello uterino",pildora: usuarias nuevas,2015-01-01,0,0,2,0,0,2
PORCO,"anticoncepcion, prevencion de its y de cancer de cuello uterino",pildora: usuarias nuevas,2015-01-01,0,0,4,0,0,4
POROMA,"anticoncepcion, prevencion de its y de cancer de cuello uterino",pildora: usuarias nuevas,2015-01-01,0,0,1,2,0,3
PORONGO,"anticoncepcion, prevencion de its y de cancer de cuello uterino",pildora: usuarias nuevas,2015-01-01,0,4,16,2,0,22
PORTACHUELO,"anticoncepcion, prevencion de its y de cancer de cuello uterino",pildora: usuarias nuevas,2015-01-01,0,0,2,0,0,2
PORVENIR,"anticoncepcion, prevencion de its y de cancer de cuello uterino",pildora: usuarias nuevas,2015-01-01,0,1,5,0,0,6
POTOSI,"anticoncepcion, prevencion de its y de cancer de cuello uterino",pildora: usuarias nuevas,2015-01-01,0,2,37,9,0,48
PRESTO,"anticoncepcion, prevencion de its y de cancer de cuello uterino",pildora: usuarias nuevas,2015-01-01,0,1,0,0,0,1
PUCARANI,"anticoncepcion, prevencion de its y de cancer de cuello uterino",pildora: usuarias nuevas,2015-01-01,0,0,1,1,0,2
PUERTO GONZALO MORENO,"anticoncepcion, prevencion de its y de cancer de cuello uterino",pildora: usuarias nuevas,2015-01-01,1,0,0,0,0,1
PUERTO QUIJARRO,"anticoncepcion, prevencion de its y de cancer de cuello uterino",pildora: usuarias nuevas,2015-01-01,0,0,1,0,0,1
PUERTO SILES,"anticoncepcion, prevencion de its y de cancer de cuello uterino",pildora: usuarias nuevas,2015-01-01,0,0,1,0,0,1
PUERTO SUAREZ,"anticoncepcion, prevencion de its y de cancer de cuello uterino",pildora: usuarias nuevas,2015-01-01,0,0,1,0,0,1
PUERTO VILLARROEL,"anticoncepcion, prevencion de its y de cancer de cuello uterino",pildora: usuarias nuevas,2015-01-01,0,0,4,2,0,6
PUNA,"anticoncepcion, prevencion de its y de cancer de cuello uterino",pildora: usuarias nuevas,2015-01-01,0,1,2,0,0,3
PUNATA,"anticoncepcion, prevencion de its y de cancer de cuello uterino",pildora: usuarias nuevas,2015-01-01,0,1,3,0,0,4
QUILLACOLLO,"anticoncepcion, prevencion de its y de cancer de cuello uterino",pildora: usuarias nuevas,2015-01-01,0,19,46,3,0,68
QUIME,"anticoncepcion, prevencion de its y de cancer de cuello uterino",pildora: usuarias nuevas,2015-01-01,0,0,2,1,0,3
RAVELO,"anticoncepcion, prevencion de its y de cancer de cuello uterino",pildora: usuarias nuevas,2015-01-01,0,0,0,1,0,1
REYES,"anticoncepcion, prevencion de its y de cancer de cuello uterino",pildora: usuarias nuevas,2015-01-01,0,4,3,0,0,7
RIBERALTA,"anticoncepcion, prevencion de its y de cancer de cuello uterino",pildora: usuarias nuevas,2015-01-01,1,10,15,2,0,28
ROBORE,"anticoncepcion, prevencion de its y de cancer de cuello uterino",pildora: usuarias nuevas,2015-01-01,0,3,6,0,0,9
RURRENABAQUE,"anticoncepcion, prevencion de its y de cancer de cuello uterino",pildora: usuarias nuevas,2015-01-01,1,0,2,0,0,3
SABAYA,"anticoncepcion, prevencion de its y de cancer de cuello uterino",pildora: usuarias nuevas,2015-01-01,0,0,2,0,0,2
SACABA,"anticoncepcion, prevencion de its y de cancer de cuello uterino",pildora: usuarias nuevas,2015-01-01,0,3,14,4,0,21
SACACA,"anticoncepcion, prevencion de its y de cancer de cuello uterino",pildora: usuarias nuevas,2015-01-01,0,0,1,0,0,1
SAIPINA,"anticoncepcion, prevencion de its y de cancer de cuello uterino",pildora: usuarias nuevas,2015-01-01,0,1,1,0,0,2
SALINAS DE GARCI MENDOZA,"anticoncepcion, prevencion de its y de cancer de cuello uterino",pildora: usuarias nuevas,2015-01-01,0,0,0,0,1,1
SAMAIPATA,"anticoncepcion, prevencion de its y de cancer de cuello uterino",pildora: usuarias nuevas,2015-01-01,0,1,2,0,0,3
SAN AGUSTIN,"anticoncepcion, prevencion de its y de cancer de cuello uterino",pildora: usuarias nuevas,2015-01-01,0,0,1,0,0,1
SAN ANDRES,"anticoncepcion, prevencion de its y de cancer de cuello uterino",pildora: usuarias nuevas,2015-01-01,0,1,7,0,0,8
SAN ANTONIO DE LOMERIO,"anticoncepcion, prevencion de its y de cancer de cuello uterino",pildora: usuarias nuevas,2015-01-01,0,0,5,0,0,5
SAN BORJA,"anticoncepcion, prevencion de its y de cancer de cuello uterino",pildora: usuarias nuevas,2015-01-01,0,8,19,3,0,30
SAN BUENA VENTURA,"anticoncepcion, prevencion de its y de cancer de cuello uterino",pildora: usuarias nuevas,2015-01-01,0,0,1,0,0,1
SAN CARLOS,"anticoncepcion, prevencion de its y de cancer de cuello uterino",pildora: usuarias nuevas,2015-01-01,0,4,4,2,0,10
SAN IGNACIO,"anticoncepcion, prevencion de its y de cancer de cuello uterino",pildora: usuarias nuevas,2015-01-01,0,4,16,4,0,24
SAN IGNACIO DE VELASCO,"anticoncepcion, prevencion de its y de cancer de cuello uterino",pildora: usuarias nuevas,2015-01-01,0,5,6,3,0,14
SAN JAVIER(BNI),"anticoncepcion, prevencion de its y de cancer de cuello uterino",pildora: usuarias nuevas,2015-01-01,0,1,5,2,0,8
SAN JAVIER(STC),"anticoncepcion, prevencion de its y de cancer de cuello uterino",pildora: usuarias nuevas,2015-01-01,0,1,3,1,0,5
SAN JOSE DE CHIQUITOS,"anticoncepcion, prevencion de its y de cancer de cuello uterino",pildora: usuarias nuevas,2015-01-01,0,6,9,6,0,21
SAN JUAN DE YAPACANI,"anticoncepcion, prevencion de its y de cancer de cuello uterino",pildora: usuarias nuevas,2015-01-01,0,1,2,0,0,3
SAN JULIAN,"anticoncepcion, prevencion de its y de cancer de cuello uterino",pildora: usuarias nuevas,2015-01-01,0,1,7,1,0,9
SAN LORENZO(PND),"anticoncepcion, prevencion de its y de cancer de cuello uterino",pildora: usuarias nuevas,2015-01-01,0,1,0,0,0,1
SAN LORENZO(TJA),"anticoncepcion, prevencion de its y de cancer de cuello uterino",pildora: usuarias nuevas,2015-01-01,0,0,2,0,0,2
SAN LUCAS,"anticoncepcion, prevencion de its y de cancer de cuello uterino",pildora: usuarias nuevas,2015-01-01,0,1,3,1,0,5
SAN MATIAS,"anticoncepcion, prevencion de its y de cancer de cuello uterino",pildora: usuarias nuevas,2015-01-01,0,0,5,1,0,6
SAN MIGUEL DE VELASCO,"anticoncepcion, prevencion de its y de cancer de cuello uterino",pildora: usuarias nuevas,2015-01-01,0,2,1,0,0,3
SAN PEDRO,"anticoncepcion, prevencion de its y de cancer de cuello uterino",pildora: usuarias nuevas,2015-01-01,0,1,5,1,0,7
SAN PEDRO DE BUENA VISTA,"anticoncepcion, prevencion de its y de cancer de cuello uterino",pildora: usuarias nuevas,2015-01-01,0,0,4,0,0,4
SAN PEDRO DE CURAHUARA,"anticoncepcion, prevencion de its y de cancer de cuello uterino",pildora: usuarias nuevas,2015-01-01,0,1,0,0,0,1
SAN PEDRO DE TIQUINA,"anticoncepcion, prevencion de its y de cancer de cuello uterino",pildora: usuarias nuevas,2015-01-01,0,0,1,0,0,1
SAN RAFAEL,"anticoncepcion, prevencion de its y de cancer de cuello uterino",pildora: usuarias nuevas,2015-01-01,0,1,2,0,0,3
SAN RAMON BENI,"anticoncepcion, prevencion de its y de cancer de cuello uterino",pildora: usuarias nuevas,2015-01-01,0,0,3,1,0,4
SAN RAMON SCZ,"anticoncepcion, prevencion de its y de cancer de cuello uterino",pildora: usuarias nuevas,2015-01-01,0,7,9,0,0,16
SANTA ANA,"anticoncepcion, prevencion de its y de cancer de cuello uterino",pildora: usuarias nuevas,2015-01-01,0,3,3,2,0,8
SANTA CRUZ DE LA SIERRA,"anticoncepcion, prevencion de its y de cancer de cuello uterino",pildora: usuarias nuevas,2015-01-01,6,42,189,52,0,289
SANTA ROSA DEL SARA,"anticoncepcion, prevencion de its y de cancer de cuello uterino",pildora: usuarias nuevas,2015-01-01,0,3,2,0,0,5
SANTIAGO DE HUATA,"anticoncepcion, prevencion de its y de cancer de cuello uterino",pildora: usuarias nuevas,2015-01-01,0,0,1,0,0,1
SANTIAGO DE MACHACA,"anticoncepcion, prevencion de its y de cancer de cuello uterino",pildora: usuarias nuevas,2015-01-01,0,0,1,0,0,1
SANTIVAÑES,"anticoncepcion, prevencion de its y de cancer de cuello uterino",pildora: usuarias nuevas,2015-01-01,0,0,1,0,0,1
SANTUARIO DE QUILLACAS,"anticoncepcion, prevencion de its y de cancer de cuello uterino",pildora: usuarias nuevas,2015-01-01,0,0,2,0,0,2
SAPAHAQUI,"anticoncepcion, prevencion de its y de cancer de cuello uterino",pildora: usuarias nuevas,2015-01-01,0,0,1,1,0,2
SENA,"anticoncepcion, prevencion de its y de cancer de cuello uterino",pildora: usuarias nuevas,2015-01-01,0,1,2,3,0,6
SHINAOTA,"anticoncepcion, prevencion de its y de cancer de cuello uterino",pildora: usuarias nuevas,2015-01-01,0,1,2,1,0,4
SICA SICA (VILLA AROMA),"anticoncepcion, prevencion de its y de cancer de cuello uterino",pildora: usuarias nuevas,2015-01-01,0,0,4,1,0,5
SIPE SIPE,"anticoncepcion, prevencion de its y de cancer de cuello uterino",pildora: usuarias nuevas,2015-01-01,0,0,18,0,0,18
SOPACHUY,"anticoncepcion, prevencion de its y de cancer de cuello uterino",pildora: usuarias nuevas,2015-01-01,1,3,6,4,0,14
SORACACHI,"anticoncepcion, prevencion de its y de cancer de cuello uterino",pildora: usuarias nuevas,2015-01-01,0,0,5,0,0,5
SORATA,"anticoncepcion, prevencion de its y de cancer de cuello uterino",pildora: usuarias nuevas,2015-01-01,0,2,4,1,0,7
SUCRE,"anticoncepcion, prevencion de its y de cancer de cuello uterino",pildora: usuarias nuevas,2015-01-01,1,6,36,9,0,52
TACOPAYA,"anticoncepcion, prevencion de its y de cancer de cuello uterino",pildora: usuarias nuevas,2015-01-01,0,0,1,0,0,1
TAHUA,"anticoncepcion, prevencion de its y de cancer de cuello uterino",pildora: usuarias nuevas,2015-01-01,0,0,1,0,0,1
TARABUCO,"anticoncepcion, prevencion de its y de cancer de cuello uterino",pildora: usuarias nuevas,2015-01-01,0,0,3,0,0,3
TARIJA,"anticoncepcion, prevencion de its y de cancer de cuello uterino",pildora: usuarias nuevas,2015-01-01,0,16,21,7,0,44
TARVITA,"anticoncepcion, prevencion de its y de cancer de cuello uterino",pildora: usuarias nuevas,2015-01-01,0,0,4,3,0,7
TEOPONTE,"anticoncepcion, prevencion de its y de cancer de cuello uterino",pildora: usuarias nuevas,2015-01-01,0,1,1,1,0,3
TIAWANACU,"anticoncepcion, prevencion de its y de cancer de cuello uterino",pildora: usuarias nuevas,2015-01-01,0,2,2,1,0,5
TINGUIPAYA,"anticoncepcion, prevencion de its y de cancer de cuello uterino",pildora: usuarias nuevas,2015-01-01,0,0,3,1,0,4
TIQUIPAYA,"anticoncepcion, prevencion de its y de cancer de cuello uterino",pildora: usuarias nuevas,2015-01-01,0,1,15,0,0,16
TIRAQUE (CBBA),"anticoncepcion, prevencion de its y de cancer de cuello uterino",pildora: usuarias nuevas,2015-01-01,0,1,3,0,0,4
TOLEDO,"anticoncepcion, prevencion de its y de cancer de cuello uterino",pildora: usuarias nuevas,2015-01-01,0,0,1,0,0,1
TOMAVE,"anticoncepcion, prevencion de its y de cancer de cuello uterino",pildora: usuarias nuevas,2015-01-01,0,1,1,0,0,2
TOMINA,"anticoncepcion, prevencion de its y de cancer de cuello uterino",pildora: usuarias nuevas,2015-01-01,0,1,1,1,0,3
TORO TORO,"anticoncepcion, prevencion de its y de cancer de cuello uterino",pildora: usuarias nuevas,2015-01-01,0,0,1,0,0,1
TOTORA(CBBA),"anticoncepcion, prevencion de its y de cancer de cuello uterino",pildora: usuarias nuevas,2015-01-01,1,1,0,0,0,2
TRINIDAD,"anticoncepcion, prevencion de its y de cancer de cuello uterino",pildora: usuarias nuevas,2015-01-01,1,1,30,1,0,33
TUPIZA,"anticoncepcion, prevencion de its y de cancer de cuello uterino",pildora: usuarias nuevas,2015-01-01,0,0,1,0,0,1
UNCIA,"anticoncepcion, prevencion de its y de cancer de cuello uterino",pildora: usuarias nuevas,2015-01-01,0,0,2,2,0,4
URIONDO (A. CONCEPCION),"anticoncepcion, prevencion de its y de cancer de cuello uterino",pildora: usuarias nuevas,2015-01-01,0,2,6,1,0,9
URUBICHA,"anticoncepcion, prevencion de its y de cancer de cuello uterino",pildora: usuarias nuevas,2015-01-01,0,1,0,0,0,1
UYUNI,"anticoncepcion, prevencion de its y de cancer de cuello uterino",pildora: usuarias nuevas,2015-01-01,0,1,6,3,0,10
VACAS,"anticoncepcion, prevencion de its y de cancer de cuello uterino",pildora: usuarias nuevas,2015-01-01,0,0,1,0,0,1
VALLEGRANDE,"anticoncepcion, prevencion de its y de cancer de cuello uterino",pildora: usuarias nuevas,2015-01-01,0,0,1,0,0,1
VIACHA,"anticoncepcion, prevencion de its y de cancer de cuello uterino",pildora: usuarias nuevas,2015-01-01,0,0,6,2,0,8
VILLA CHARCAS,"anticoncepcion, prevencion de its y de cancer de cuello uterino",pildora: usuarias nuevas,2015-01-01,0,4,7,0,0,11
VILLA MONTES,"anticoncepcion, prevencion de its y de cancer de cuello uterino",pildora: usuarias nuevas,2015-01-01,1,1,5,2,0,9
VILLA RIVERO,"anticoncepcion, prevencion de its y de cancer de cuello uterino",pildora: usuarias nuevas,2015-01-01,0,1,0,0,0,1
VILLA SERRANO,"anticoncepcion, prevencion de its y de cancer de cuello uterino",pildora: usuarias nuevas,2015-01-01,0,1,2,0,0,3
VILLA TUNARI,"anticoncepcion, prevencion de its y de cancer de cuello uterino",pildora: usuarias nuevas,2015-01-01,0,0,19,3,0,22
VILLAZON,"anticoncepcion, prevencion de its y de cancer de cuello uterino",pildora: usuarias nuevas,2015-01-01,0,0,1,0,0,1
VINTO,"anticoncepcion, prevencion de its y de cancer de cuello uterino",pildora: usuarias nuevas,2015-01-01,0,0,5,1,0,6
VITICHI,"anticoncepcion, prevencion de its y de cancer de cuello uterino",pildora: usuarias nuevas,2015-01-01,0,0,1,0,0,1
WARNES,"anticoncepcion, prevencion de its y de cancer de cuello uterino",pildora: usuarias nuevas,2015-01-01,0,6,25,6,0,37
YACUIBA,"anticoncepcion, prevencion de its y de cancer de cuello uterino",pildora: usuarias nuevas,2015-01-01,0,3,15,4,1,23
YANACACHI,"anticoncepcion, prevencion de its y de cancer de cuello uterino",pildora: usuarias nuevas,2015-01-01,0,0,3,0,0,3
YAPACANI,"anticoncepcion, prevencion de its y de cancer de cuello uterino",pildora: usuarias nuevas,2015-01-01,0,4,8,1,0,13
YOCALLA,"anticoncepcion, prevencion de its y de cancer de cuello uterino",pildora: usuarias nuevas,2015-01-01,0,0,1,0,0,1
YOTALA,"anticoncepcion, prevencion de its y de cancer de cuello uterino",pildora: usuarias nuevas,2015-01-01,0,0,1,0,0,1
YUNCHARA,"anticoncepcion, prevencion de its y de cancer de cuello uterino",pildora: usuarias nuevas,2015-01-01,0,0,2,1,0,3
ZUDAÑEZ,"anticoncepcion, prevencion de its y de cancer de cuello uterino",pildora: usuarias nuevas,2015-01-01,0,0,2,0,0,2
ACACIO,"anticoncepcion, prevencion de its y de cancer de cuello uterino",pildora: usuarias nuevas,2015-02-01,0,0,1,0,0,1
ACHACACHI,"anticoncepcion, prevencion de its y de cancer de cuello uterino",pildora: usuarias nuevas,2015-02-01,0,0,3,0,0,3
ACHOCALLA,"anticoncepcion, prevencion de its y de cancer de cuello uterino",pildora: usuarias nuevas,2015-02-01,0,0,2,1,0,3
ALCALA,"anticoncepcion, prevencion de its y de cancer de cuello uterino",pildora: usuarias nuevas,2015-02-01,0,0,0,1,0,1
ANCORAIMES,"anticoncepcion, prevencion de its y de cancer de cuello uterino",pildora: usuarias nuevas,2015-02-01,0,0,0,1,0,1
ANDAMARCA,"anticoncepcion, prevencion de its y de cancer de cuello uterino",pildora: usuarias nuevas,2015-02-01,0,0,0,1,0,1
ANTEQUERA,"anticoncepcion, prevencion de its y de cancer de cuello uterino",pildora: usuarias nuevas,2015-02-01,0,0,1,0,0,1
ANZALDO,"anticoncepcion, prevencion de its y de cancer de cuello uterino",pildora: usuarias nuevas,2015-02-01,0,0,1,0,0,1
APOLO,"anticoncepcion, prevencion de its y de cancer de cuello uterino",pildora: usuarias nuevas,2015-02-01,0,1,0,1,0,2
ARAMPAMPA,"anticoncepcion, prevencion de its y de cancer de cuello uterino",pildora: usuarias nuevas,2015-02-01,0,0,0,1,0,1
ARANI,"anticoncepcion, prevencion de its y de cancer de cuello uterino",pildora: usuarias nuevas,2015-02-01,0,3,0,0,0,3
ARBIETO,"anticoncepcion, prevencion de its y de cancer de cuello uterino",pildora: usuarias nuevas,2015-02-01,0,0,1,1,0,2
ARQUE,"anticoncepcion, prevencion de its y de cancer de cuello uterino",pildora: usuarias nuevas,2015-02-01,0,0,0,1,0,1
ASCENCION DE GUARAYOS,"anticoncepcion, prevencion de its y de cancer de cuello uterino",pildora: usuarias nuevas,2015-02-01,0,5,5,0,0,10
ATOCHA,"anticoncepcion, prevencion de its y de cancer de cuello uterino",pildora: usuarias nuevas,2015-02-01,0,0,3,4,0,7
AYOPAYA (V. DE INDEPENDENCIA),"anticoncepcion, prevencion de its y de cancer de cuello uterino",pildora: usuarias nuevas,2015-02-01,0,1,10,1,0,12
AZURDUY,"anticoncepcion, prevencion de its y de cancer de cuello uterino",pildora: usuarias nuevas,2015-02-01,0,0,2,1,0,3
BATALLAS,"anticoncepcion, prevencion de its y de cancer de cuello uterino",pildora: usuarias nuevas,2015-02-01,0,0,2,0,0,2
BAURES,"anticoncepcion, prevencion de its y de cancer de cuello uterino",pildora: usuarias nuevas,2015-02-01,0,0,4,0,0,4
BERMEJO,"anticoncepcion, prevencion de its y de cancer de cuello uterino",pildora: usuarias nuevas,2015-02-01,0,1,10,0,0,11
BETANZOS,"anticoncepcion, prevencion de its y de cancer de cuello uterino",pildora: usuarias nuevas,2015-02-01,0,0,2,0,0,2
BOYUIBE,"anticoncepcion, prevencion de its y de cancer de cuello uterino",pildora: usuarias nuevas,2015-02-01,0,1,4,0,0,5
BUENA VISTA,"anticoncepcion, prevencion de its y de cancer de cuello uterino",pildora: usuarias nuevas,2015-02-01,0,1,5,1,0,7
CABEZAS,"anticoncepcion, prevencion de its y de cancer de cuello uterino",pildora: usuarias nuevas,2015-02-01,0,2,7,4,0,13
CAIROMA,"anticoncepcion, prevencion de its y de cancer de cuello uterino",pildora: usuarias nuevas,2015-02-01,0,0,1,0,0,1
"CAIZA ""D""","anticoncepcion, prevencion de its y de cancer de cuello uterino",pildora: usuarias nuevas,2015-02-01,0,0,1,0,0,1
CAJUATA,"anticoncepcion, prevencion de its y de cancer de cuello uterino",pildora: usuarias nuevas,2015-02-01,0,0,2,0,0,2
CALACOTO,"anticoncepcion, prevencion de its y de cancer de cuello uterino",pildora: usuarias nuevas,2015-02-01,0,0,1,1,0,2
CALAMARCA,"anticoncepcion, prevencion de its y de cancer de cuello uterino",pildora: usuarias nuevas,2015-02-01,0,1,1,1,0,3
CAMARGO,"anticoncepcion, prevencion de its y de cancer de cuello uterino",pildora: usuarias nuevas,2015-02-01,0,0,1,0,1,2
CAMATAQUI (C. VILLA ABECIA),"anticoncepcion, prevencion de its y de cancer de cuello uterino",pildora: usuarias nuevas,2015-02-01,0,0,1,0,0,1
CAMIRI,"anticoncepcion, prevencion de its y de cancer de cuello uterino",pildora: usuarias nuevas,2015-02-01,0,0,7,0,0,7
CAPINOTA,"anticoncepcion, prevencion de its y de cancer de cuello uterino",pildora: usuarias nuevas,2015-02-01,0,0,5,0,0,5
CARANAVI,"anticoncepcion, prevencion de its y de cancer de cuello uterino",pildora: usuarias nuevas,2015-02-01,0,0,6,3,0,9
CARAPARI,"anticoncepcion, prevencion de its y de cancer de cuello uterino",pildora: usuarias nuevas,2015-02-01,0,0,2,0,0,2
CARIPUYO,"anticoncepcion, prevencion de its y de cancer de cuello uterino",pildora: usuarias nuevas,2015-02-01,0,0,1,0,0,1
CARMEN RIVERO TORREZ,"anticoncepcion, prevencion de its y de cancer de cuello uterino",pildora: usuarias nuevas,2015-02-01,0,0,0,1,0,1
CHALLAPATA,"anticoncepcion, prevencion de its y de cancer de cuello uterino",pildora: usuarias nuevas,2015-02-01,0,0,2,0,0,2
CHARAGUA,"anticoncepcion, prevencion de its y de cancer de cuello uterino",pildora: usuarias nuevas,2015-02-01,0,1,7,0,0,8
CHAYANTA,"anticoncepcion, prevencion de its y de cancer de cuello uterino",pildora: usuarias nuevas,2015-02-01,0,0,1,0,0,1
CHIMORE,"anticoncepcion, prevencion de its y de cancer de cuello uterino",pildora: usuarias nuevas,2015-02-01,0,0,5,1,0,6
CHIPAYA,"anticoncepcion, prevencion de its y de cancer de cuello uterino",pildora: usuarias nuevas,2015-02-01,0,0,1,1,0,2
CHOQUE COTA,"anticoncepcion, prevencion de its y de cancer de cuello uterino",pildora: usuarias nuevas,2015-02-01,0,0,0,1,0,1
CHUA COCANI,"anticoncepcion, prevencion de its y de cancer de cuello uterino",pildora: usuarias nuevas,2015-02-01,0,0,0,1,0,1
CHUMA,"anticoncepcion, prevencion de its y de cancer de cuello uterino",pildora: usuarias nuevas,2015-02-01,0,0,0,1,0,1
CHUQUIHUTA AYLLU JUCUMANI,"anticoncepcion, prevencion de its y de cancer de cuello uterino",pildora: usuarias nuevas,2015-02-01,0,1,3,1,0,5
CLIZA,"anticoncepcion, prevencion de its y de cancer de cuello uterino",pildora: usuarias nuevas,2015-02-01,0,1,9,2,0,12
COBIJA,"anticoncepcion, prevencion de its y de cancer de cuello uterino",pildora: usuarias nuevas,2015-02-01,0,3,4,1,0,8
COCAPATA,"anticoncepcion, prevencion de its y de cancer de cuello uterino",pildora: usuarias nuevas,2015-02-01,0,0,5,0,0,5
COCHABAMBA,"anticoncepcion, prevencion de its y de cancer de cuello uterino",pildora: usuarias nuevas,2015-02-01,0,20,198,35,0,253
COLCAPIRHUA,"anticoncepcion, prevencion de its y de cancer de cuello uterino",pildora: usuarias nuevas,2015-02-01,0,1,10,4,0,15
"COLCHA ""K""","anticoncepcion, prevencion de its y de cancer de cuello uterino",pildora: usuarias nuevas,2015-02-01,0,1,0,0,0,1
COLOMI,"anticoncepcion, prevencion de its y de cancer de cuello uterino",pildora: usuarias nuevas,2015-02-01,0,0,2,1,0,3
COLPA BELGICA,"anticoncepcion, prevencion de its y de cancer de cuello uterino",pildora: usuarias nuevas,2015-02-01,0,0,1,2,0,3
COLQUECHACA,"anticoncepcion, prevencion de its y de cancer de cuello uterino",pildora: usuarias nuevas,2015-02-01,0,0,2,4,0,6
COLQUENCHA,"anticoncepcion, prevencion de its y de cancer de cuello uterino",pildora: usuarias nuevas,2015-02-01,0,0,2,0,0,2
COLQUIRI,"anticoncepcion, prevencion de its y de cancer de cuello uterino",pildora: usuarias nuevas,2015-02-01,0,0,2,1,0,3
COMARAPA,"anticoncepcion, prevencion de its y de cancer de cuello uterino",pildora: usuarias nuevas,2015-02-01,0,1,2,1,0,4
CONCEPCION,"anticoncepcion, prevencion de its y de cancer de cuello uterino",pildora: usuarias nuevas,2015-02-01,0,0,0,1,0,1
COPACABANA,"anticoncepcion, prevencion de its y de cancer de cuello uterino",pildora: usuarias nuevas,2015-02-01,0,1,0,0,0,1
CORIPATA,"anticoncepcion, prevencion de its y de cancer de cuello uterino",pildora: usuarias nuevas,2015-02-01,0,0,1,1,0,2
CORO CORO,"anticoncepcion, prevencion de its y de cancer de cuello uterino",pildora: usuarias nuevas,2015-02-01,0,0,2,0,0,2
COROICO,"anticoncepcion, prevencion de its y de cancer de cuello uterino",pildora: usuarias nuevas,2015-02-01,0,0,1,0,0,1
CORQUE,"anticoncepcion, prevencion de its y de cancer de cuello uterino",pildora: usuarias nuevas,2015-02-01,0,0,1,0,0,1
COTAGAITA,"anticoncepcion, prevencion de its y de cancer de cuello uterino",pildora: usuarias nuevas,2015-02-01,0,0,0,2,0,2
COTOCA,"anticoncepcion, prevencion de its y de cancer de cuello uterino",pildora: usuarias nuevas,2015-02-01,0,1,8,2,0,11
CUATRO CAÑADAS,"anticoncepcion, prevencion de its y de cancer de cuello uterino",pildora: usuarias nuevas,2015-02-01,0,1,8,0,0,9
CUCHUMUELA (V. G. VILLARROEL),"anticoncepcion, prevencion de its y de cancer de cuello uterino",pildora: usuarias nuevas,2015-02-01,0,0,1,0,0,1
CUEVO,"anticoncepcion, prevencion de its y de cancer de cuello uterino",pildora: usuarias nuevas,2015-02-01,0,1,1,0,0,2
CULPINA,"anticoncepcion, prevencion de its y de cancer de cuello uterino",pildora: usuarias nuevas,2015-02-01,0,4,1,4,0,9
EL ALTO,"anticoncepcion, prevencion de its y de cancer de cuello uterino",pildora: usuarias nuevas,2015-02-01,1,12,99,18,0,130
EL CHORO,"anticoncepcion, prevencion de its y de cancer de cuello uterino",pildora: usuarias nuevas,2015-02-01,0,0,1,0,0,1
EL PUENTE(STC),"anticoncepcion, prevencion de its y de cancer de cuello uterino",pildora: usuarias nuevas,2015-02-01,0,4,5,1,0,10
EL PUENTE(TJA),"anticoncepcion, prevencion de its y de cancer de cuello uterino",pildora: usuarias nuevas,2015-02-01,0,1,3,0,0,4
EL TORNO,"anticoncepcion, prevencion de its y de cancer de cuello uterino",pildora: usuarias nuevas,2015-02-01,0,5,7,2,0,14
EL VILLAR,"anticoncepcion, prevencion de its y de cancer de cuello uterino",pildora: usuarias nuevas,2015-02-01,0,0,0,2,1,3
ENTRE RIOS TRJ,"anticoncepcion, prevencion de its y de cancer de cuello uterino",pildora: usuarias nuevas,2015-02-01,0,2,8,5,0,15
ENTRE RIOS CBBA,"anticoncepcion, prevencion de its y de cancer de cuello uterino",pildora: usuarias nuevas,2015-02-01,0,2,7,1,0,10
EUCALIPTUS,"anticoncepcion, prevencion de its y de cancer de cuello uterino",pildora: usuarias nuevas,2015-02-01,0,0,1,2,0,3
EUREKA (SANTOS MERCADO),"anticoncepcion, prevencion de its y de cancer de cuello uterino",pildora: usuarias nuevas,2015-02-01,0,0,2,1,0,3
FERNANDEZ ALONSO,"anticoncepcion, prevencion de its y de cancer de cuello uterino",pildora: usuarias nuevas,2015-02-01,4,0,8,0,0,12
FILADELFIA,"anticoncepcion, prevencion de its y de cancer de cuello uterino",pildora: usuarias nuevas,2015-02-01,0,0,1,0,0,1
GENERAL SAAVEDRA,"anticoncepcion, prevencion de its y de cancer de cuello uterino",pildora: usuarias nuevas,2015-02-01,0,0,4,0,0,4
GRAL. J.J. PEREZ (CHARAZANI),"anticoncepcion, prevencion de its y de cancer de cuello uterino",pildora: usuarias nuevas,2015-02-01,0,0,1,0,0,1
GUAQUI,"anticoncepcion, prevencion de its y de cancer de cuello uterino",pildora: usuarias nuevas,2015-02-01,0,0,0,1,0,1
GUAYARAMERIN,"anticoncepcion, prevencion de its y de cancer de cuello uterino",pildora: usuarias nuevas,2015-02-01,0,0,5,0,0,5
GUTIERREZ,"anticoncepcion, prevencion de its y de cancer de cuello uterino",pildora: usuarias nuevas,2015-02-01,0,0,1,0,0,1
HUACARETA,"anticoncepcion, prevencion de its y de cancer de cuello uterino",pildora: usuarias nuevas,2015-02-01,0,3,4,3,0,10
HUACAYA (VILLA DE HUACAYA),"anticoncepcion, prevencion de its y de cancer de cuello uterino",pildora: usuarias nuevas,2015-02-01,0,0,1,0,0,1
HUANUNI,"anticoncepcion, prevencion de its y de cancer de cuello uterino",pildora: usuarias nuevas,2015-02-01,0,0,2,0,0,2
HUARACAJE,"anticoncepcion, prevencion de its y de cancer de cuello uterino",pildora: usuarias nuevas,2015-02-01,0,4,0,0,0,4
HUATAJATA,"anticoncepcion, prevencion de its y de cancer de cuello uterino",pildora: usuarias nuevas,2015-02-01,0,1,0,0,0,1
ICLA,"anticoncepcion, prevencion de its y de cancer de cuello uterino",pildora: usuarias nuevas,2015-02-01,0,0,2,1,0,3
INCAHUASI,"anticoncepcion, prevencion de its y de cancer de cuello uterino",pildora: usuarias nuevas,2015-02-01,0,1,4,1,0,6
INGAVI (HUMAITA),"anticoncepcion, prevencion de its y de cancer de cuello uterino",pildora: usuarias nuevas,2015-02-01,0,0,2,0,0,2
IRUPANA (VILLA DE LANZA),"anticoncepcion, prevencion de its y de cancer de cuello uterino",pildora: usuarias nuevas,2015-02-01,0,0,6,0,0,6
IXIAMAS,"anticoncepcion, prevencion de its y de cancer de cuello uterino",pildora: usuarias nuevas,2015-02-01,0,1,11,0,0,12
JESUS DE MACHACA,"anticoncepcion, prevencion de its y de cancer de cuello uterino",pildora: usuarias nuevas,2015-02-01,0,0,1,0,0,1
LA ASUNTA,"anticoncepcion, prevencion de its y de cancer de cuello uterino",pildora: usuarias nuevas,2015-02-01,0,1,4,5,0,10
LA GUARDIA,"anticoncepcion, prevencion de its y de cancer de cuello uterino",pildora: usuarias nuevas,2015-02-01,0,8,16,3,0,27
LA PAZ,"anticoncepcion, prevencion de its y de cancer de cuello uterino",pildora: usuarias nuevas,2015-02-01,2,4,68,10,0,84
LAJA,"anticoncepcion, prevencion de its y de cancer de cuello uterino",pildora: usuarias nuevas,2015-02-01,0,0,2,1,0,3
LAS CARRERAS,"anticoncepcion, prevencion de its y de cancer de cuello uterino",pildora: usuarias nuevas,2015-02-01,0,0,1,0,0,1
LLALLAGUA,"anticoncepcion, prevencion de its y de cancer de cuello uterino",pildora: usuarias nuevas,2015-02-01,0,1,11,2,0,14
LLICA,"anticoncepcion, prevencion de its y de cancer de cuello uterino",pildora: usuarias nuevas,2015-02-01,0,1,1,0,0,2
LORETO,"anticoncepcion, prevencion de its y de cancer de cuello uterino",pildora: usuarias nuevas,2015-02-01,0,0,2,20,0,22
LURIBAY,"anticoncepcion, prevencion de its y de cancer de cuello uterino",pildora: usuarias nuevas,2015-02-01,0,0,1,0,0,1
MACHARETI,"anticoncepcion, prevencion de its y de cancer de cuello uterino",pildora: usuarias nuevas,2015-02-01,0,1,5,1,0,7
MAGDALENA,"anticoncepcion, prevencion de its y de cancer de cuello uterino",pildora: usuarias nuevas,2015-02-01,0,1,2,0,0,3
MAIRANA,"anticoncepcion, prevencion de its y de cancer de cuello uterino",pildora: usuarias nuevas,2015-02-01,0,3,0,3,0,6
MINEROS,"anticoncepcion, prevencion de its y de cancer de cuello uterino",pildora: usuarias nuevas,2015-02-01,0,0,1,0,0,1
MIZQUE,"anticoncepcion, prevencion de its y de cancer de cuello uterino",pildora: usuarias nuevas,2015-02-01,1,2,4,3,0,10
MOCOMOCO,"anticoncepcion, prevencion de its y de cancer de cuello uterino",pildora: usuarias nuevas,2015-02-01,0,0,1,0,0,1
MOJOCOYA,"anticoncepcion, prevencion de its y de cancer de cuello uterino",pildora: usuarias nuevas,2015-02-01,0,0,1,2,0,3
MONTEAGUDO,"anticoncepcion, prevencion de its y de cancer de cuello uterino",pildora: usuarias nuevas,2015-02-01,0,2,3,3,0,8
MONTERO,"anticoncepcion, prevencion de its y de cancer de cuello uterino",pildora: usuarias nuevas,2015-02-01,0,5,19,1,1,26
MOROCHATA,"anticoncepcion, prevencion de its y de cancer de cuello uterino",pildora: usuarias nuevas,2015-02-01,0,0,1,1,0,2
NACEBE (SANTA ROSA DEL ABUNA),"anticoncepcion, prevencion de its y de cancer de cuello uterino",pildora: usuarias nuevas,2015-02-01,0,2,2,2,0,6
OCURI,"anticoncepcion, prevencion de its y de cancer de cuello uterino",pildora: usuarias nuevas,2015-02-01,0,2,5,0,0,7
OKINAWA,"anticoncepcion, prevencion de its y de cancer de cuello uterino",pildora: usuarias nuevas,2015-02-01,0,24,13,12,0,49
ORURO,"anticoncepcion, prevencion de its y de cancer de cuello uterino",pildora: usuarias nuevas,2015-02-01,0,9,33,14,0,56
PADCAYA,"anticoncepcion, prevencion de its y de cancer de cuello uterino",pildora: usuarias nuevas,2015-02-01,0,1,1,1,0,3
PADILLA,"anticoncepcion, prevencion de its y de cancer de cuello uterino",pildora: usuarias nuevas,2015-02-01,0,0,3,1,0,4
PAILON,"anticoncepcion, prevencion de its y de cancer de cuello uterino",pildora: usuarias nuevas,2015-02-01,0,5,14,1,0,20
PALOS BLANCOS,"anticoncepcion, prevencion de its y de cancer de cuello uterino",pildora: usuarias nuevas,2015-02-01,1,2,6,3,0,12
PAMPA GRANDE,"anticoncepcion, prevencion de its y de cancer de cuello uterino",pildora: usuarias nuevas,2015-02-01,0,0,1,0,0,1
PATACAMAYA,"anticoncepcion, prevencion de its y de cancer de cuello uterino",pildora: usuarias nuevas,2015-02-01,0,0,1,0,0,1
PAZÑA,"anticoncepcion, prevencion de its y de cancer de cuello uterino",pildora: usuarias nuevas,2015-02-01,0,0,2,0,0,2
PELECHUCO,"anticoncepcion, prevencion de its y de cancer de cuello uterino",pildora: usuarias nuevas,2015-02-01,0,0,2,0,0,2
POCOATA,"anticoncepcion, prevencion de its y de cancer de cuello uterino",pildora: usuarias nuevas,2015-02-01,0,0,3,1,0,4
POCONA,"anticoncepcion, prevencion de its y de cancer de cuello uterino",pildora: usuarias nuevas,2015-02-01,1,0,7,2,0,10
POJO (CBBA),"anticoncepcion, prevencion de its y de cancer de cuello uterino",pildora: usuarias nuevas,2015-02-01,0,3,1,1,0,5
PORCO,"anticoncepcion, prevencion de its y de cancer de cuello uterino",pildora: usuarias nuevas,2015-02-01,0,0,6,0,0,6
POROMA,"anticoncepcion, prevencion de its y de cancer de cuello uterino",pildora: usuarias nuevas,2015-02-01,0,0,2,1,0,3
PORONGO,"anticoncepcion, prevencion de its y de cancer de cuello uterino",pildora: usuarias nuevas,2015-02-01,0,0,9,3,0,12
PORTACHUELO,"anticoncepcion, prevencion de its y de cancer de cuello uterino",pildora: usuarias nuevas,2015-02-01,0,0,2,0,0,2
PORVENIR,"anticoncepcion, prevencion de its y de cancer de cuello uterino",pildora: usuarias nuevas,2015-02-01,0,0,1,0,0,1
POSTRER VALLE,"anticoncepcion, prevencion de its y de cancer de cuello uterino",pildora: usuarias nuevas,2015-02-01,0,1,0,0,0,1
POTOSI,"anticoncepcion, prevencion de its y de cancer de cuello uterino",pildora: usuarias nuevas,2015-02-01,0,11,30,11,0,52
PRESTO,"anticoncepcion, prevencion de its y de cancer de cuello uterino",pildora: usuarias nuevas,2015-02-01,0,0,4,2,0,6
PUERTO GONZALO MORENO,"anticoncepcion, prevencion de its y de cancer de cuello uterino",pildora: usuarias nuevas,2015-02-01,0,0,1,0,0,1
PUERTO PEREZ,"anticoncepcion, prevencion de its y de cancer de cuello uterino",pildora: usuarias nuevas,2015-02-01,0,0,2,0,0,2
PUERTO QUIJARRO,"anticoncepcion, prevencion de its y de cancer de cuello uterino",pildora: usuarias nuevas,2015-02-01,0,0,4,0,0,4
PUERTO RICO,"anticoncepcion, prevencion de its y de cancer de cuello uterino",pildora: usuarias nuevas,2015-02-01,1,0,1,0,0,2
PUERTO SILES,"anticoncepcion, prevencion de its y de cancer de cuello uterino",pildora: usuarias nuevas,2015-02-01,0,0,1,0,0,1
PUERTO VILLARROEL,"anticoncepcion, prevencion de its y de cancer de cuello uterino",pildora: usuarias nuevas,2015-02-01,0,1,6,4,0,11
PUNA,"anticoncepcion, prevencion de its y de cancer de cuello uterino",pildora: usuarias nuevas,2015-02-01,0,0,13,0,0,13
PUNATA,"anticoncepcion, prevencion de its y de cancer de cuello uterino",pildora: usuarias nuevas,2015-02-01,0,0,6,0,0,6
QUILLACOLLO,"anticoncepcion, prevencion de its y de cancer de cuello uterino",pildora: usuarias nuevas,2015-02-01,0,16,33,15,0,64
RAVELO,"anticoncepcion, prevencion de its y de cancer de cuello uterino",pildora: usuarias nuevas,2015-02-01,0,0,1,1,0,2
REYES,"anticoncepcion, prevencion de its y de cancer de cuello uterino",pildora: usuarias nuevas,2015-02-01,0,2,4,2,0,8
RIBERALTA,"anticoncepcion, prevencion de its y de cancer de cuello uterino",pildora: usuarias nuevas,2015-02-01,0,2,32,4,0,38
ROBORE,"anticoncepcion, prevencion de its y de cancer de cuello uterino",pildora: usuarias nuevas,2015-02-01,0,1,5,4,0,10
RURRENABAQUE,"anticoncepcion, prevencion de its y de cancer de cuello uterino",pildora: usuarias nuevas,2015-02-01,0,2,7,1,0,10
SABAYA,"anticoncepcion, prevencion de its y de cancer de cuello uterino",pildora: usuarias nuevas,2015-02-01,0,0,1,0,0,1
SACABA,"anticoncepcion, prevencion de its y de cancer de cuello uterino",pildora: usuarias nuevas,2015-02-01,0,1,11,4,0,16
SACACA,"anticoncepcion, prevencion de its y de cancer de cuello uterino",pildora: usuarias nuevas,2015-02-01,0,0,0,2,0,2
SAIPINA,"anticoncepcion, prevencion de its y de cancer de cuello uterino",pildora: usuarias nuevas,2015-02-01,0,1,0,0,0,1
SALINAS DE GARCI MENDOZA,"anticoncepcion, prevencion de its y de cancer de cuello uterino",pildora: usuarias nuevas,2015-02-01,0,0,0,2,0,2
SAMAIPATA,"anticoncepcion, prevencion de its y de cancer de cuello uterino",pildora: usuarias nuevas,2015-02-01,0,0,2,0,0,2
SAN ANDRES,"anticoncepcion, prevencion de its y de cancer de cuello uterino",pildora: usuarias nuevas,2015-02-01,0,120,4,1,0,125
SAN ANTONIO DE LOMERIO,"anticoncepcion, prevencion de its y de cancer de cuello uterino",pildora: usuarias nuevas,2015-02-01,0,1,2,0,0,3
SAN BENITO,"anticoncepcion, prevencion de its y de cancer de cuello uterino",pildora: usuarias nuevas,2015-02-01,0,0,1,0,0,1
SAN BORJA,"anticoncepcion, prevencion de its y de cancer de cuello uterino",pildora: usuarias nuevas,2015-02-01,3,5,16,2,0,26
SAN BUENA VENTURA,"anticoncepcion, prevencion de its y de cancer de cuello uterino",pildora: usuarias nuevas,2015-02-01,0,2,5,0,0,7
SAN CARLOS,"anticoncepcion, prevencion de its y de cancer de cuello uterino",pildora: usuarias nuevas,2015-02-01,0,4,4,0,0,8
SAN IGNACIO,"anticoncepcion, prevencion de its y de cancer de cuello uterino",pildora: usuarias nuevas,2015-02-01,4,3,11,1,0,19
SAN IGNACIO DE VELASCO,"anticoncepcion, prevencion de its y de cancer de cuello uterino",pildora: usuarias nuevas,2015-02-01,1,2,3,2,0,8
SAN JAVIER(BNI),"anticoncepcion, prevencion de its y de cancer de cuello uterino",pildora: usuarias nuevas,2015-02-01,0,3,13,0,0,16
SAN JAVIER(STC),"anticoncepcion, prevencion de its y de cancer de cuello uterino",pildora: usuarias nuevas,2015-02-01,0,0,3,1,0,4
SAN JOSE DE CHIQUITOS,"anticoncepcion, prevencion de its y de cancer de cuello uterino",pildora: usuarias nuevas,2015-02-01,0,3,18,3,0,24
SAN JUAN DE YAPACANI,"anticoncepcion, prevencion de its y de cancer de cuello uterino",pildora: usuarias nuevas,2015-02-01,0,2,3,0,0,5
SAN JULIAN,"anticoncepcion, prevencion de its y de cancer de cuello uterino",pildora: usuarias nuevas,2015-02-01,0,4,10,0,0,14
SAN LORENZO(PND),"anticoncepcion, prevencion de its y de cancer de cuello uterino",pildora: usuarias nuevas,2015-02-01,0,1,0,0,0,1
SAN LORENZO(TJA),"anticoncepcion, prevencion de its y de cancer de cuello uterino",pildora: usuarias nuevas,2015-02-01,0,1,8,1,0,10
SAN LUCAS,"anticoncepcion, prevencion de its y de cancer de cuello uterino",pildora: usuarias nuevas,2015-02-01,0,0,4,0,0,4
SAN MATIAS,"anticoncepcion, prevencion de its y de cancer de cuello uterino",pildora: usuarias nuevas,2015-02-01,0,0,2,0,0,2
SAN MIGUEL DE VELASCO,"anticoncepcion, prevencion de its y de cancer de cuello uterino",pildora: usuarias nuevas,2015-02-01,0,0,1,1,0,2
SAN PEDRO,"anticoncepcion, prevencion de its y de cancer de cuello uterino",pildora: usuarias nuevas,2015-02-01,0,0,3,2,0,5
SAN PEDRO DE BUENA VISTA,"anticoncepcion, prevencion de its y de cancer de cuello uterino",pildora: usuarias nuevas,2015-02-01,0,0,1,5,0,6
SAN PEDRO DE CURAHUARA,"anticoncepcion, prevencion de its y de cancer de cuello uterino",pildora: usuarias nuevas,2015-02-01,0,1,3,1,0,5
SAN RAFAEL,"anticoncepcion, prevencion de its y de cancer de cuello uterino",pildora: usuarias nuevas,2015-02-01,0,0,4,3,0,7
SAN RAMON BENI,"anticoncepcion, prevencion de its y de cancer de cuello uterino",pildora: usuarias nuevas,2015-02-01,0,1,5,1,0,7
SAN RAMON SCZ,"anticoncepcion, prevencion de its y de cancer de cuello uterino",pildora: usuarias nuevas,2015-02-01,0,2,3,3,0,8
SANTA ANA,"anticoncepcion, prevencion de its y de cancer de cuello uterino",pildora: usuarias nuevas,2015-02-01,0,1,10,0,0,11
SANTA CRUZ DE LA SIERRA,"anticoncepcion, prevencion de its y de cancer de cuello uterino",pildora: usuarias nuevas,2015-02-01,0,36,162,60,0,258
SANTA ROSA DEL SARA,"anticoncepcion, prevencion de its y de cancer de cuello uterino",pildora: usuarias nuevas,2015-02-01,0,1,5,2,0,8
SANTIAGO DE HUATA,"anticoncepcion, prevencion de its y de cancer de cuello uterino",pildora: usuarias nuevas,2015-02-01,0,1,0,0,0,1
SANTIAGO DE MACHACA,"anticoncepcion, prevencion de its y de cancer de cuello uterino",pildora: usuarias nuevas,2015-02-01,0,0,1,0,0,1
SANTUARIO DE QUILLACAS,"anticoncepcion, prevencion de its y de cancer de cuello uterino",pildora: usuarias nuevas,2015-02-01,0,0,1,0,0,1
SAPAHAQUI,"anticoncepcion, prevencion de its y de cancer de cuello uterino",pildora: usuarias nuevas,2015-02-01,0,2,2,0,0,4
SENA,"anticoncepcion, prevencion de its y de cancer de cuello uterino",pildora: usuarias nuevas,2015-02-01,0,0,1,0,0,1
SHINAOTA,"anticoncepcion, prevencion de its y de cancer de cuello uterino",pildora: usuarias nuevas,2015-02-01,0,0,3,0,0,3
SICA SICA (VILLA AROMA),"anticoncepcion, prevencion de its y de cancer de cuello uterino",pildora: usuarias nuevas,2015-02-01,0,1,1,0,0,2
SICAYA,"anticoncepcion, prevencion de its y de cancer de cuello uterino",pildora: usuarias nuevas,2015-02-01,0,0,2,1,0,3
SIPE SIPE,"anticoncepcion, prevencion de its y de cancer de cuello uterino",pildora: usuarias nuevas,2015-02-01,0,3,10,0,1,14
SOPACHUY,"anticoncepcion, prevencion de its y de cancer de cuello uterino",pildora: usuarias nuevas,2015-02-01,0,0,3,2,0,5
SORATA,"anticoncepcion, prevencion de its y de cancer de cuello uterino",pildora: usuarias nuevas,2015-02-01,0,0,1,0,0,1
SUCRE,"anticoncepcion, prevencion de its y de cancer de cuello uterino",pildora: usuarias nuevas,2015-02-01,0,13,43,5,1,62
TACACOMA,"anticoncepcion, prevencion de its y de cancer de cuello uterino",pildora: usuarias nuevas,2015-02-01,0,0,2,0,0,2
TAHUA,"anticoncepcion, prevencion de its y de cancer de cuello uterino",pildora: usuarias nuevas,2015-02-01,0,0,1,0,0,1
TARABUCO,"anticoncepcion, prevencion de its y de cancer de cuello uterino",pildora: usuarias nuevas,2015-02-01,0,0,2,0,0,2
TARACO,"anticoncepcion, prevencion de its y de cancer de cuello uterino",pildora: usuarias nuevas,2015-02-01,0,0,1,1,0,2
TARIJA,"anticoncepcion, prevencion de its y de cancer de cuello uterino",pildora: usuarias nuevas,2015-02-01,0,3,24,6,0,33
TARVITA,"anticoncepcion, prevencion de its y de cancer de cuello uterino",pildora: usuarias nuevas,2015-02-01,0,1,0,0,0,1
TEOPONTE,"anticoncepcion, prevencion de its y de cancer de cuello uterino",pildora: usuarias nuevas,2015-02-01,0,1,0,0,0,1
TIAWANACU,"anticoncepcion, prevencion de its y de cancer de cuello uterino",pildora: usuarias nuevas,2015-02-01,0,2,8,0,0,10
TIPUANI,"anticoncepcion, prevencion de its y de cancer de cuello uterino",pildora: usuarias nuevas,2015-02-01,0,0,3,0,0,3
TIQUIPAYA,"anticoncepcion, prevencion de its y de cancer de cuello uterino",pildora: usuarias nuevas,2015-02-01,0,1,13,4,0,18
TIRAQUE (CBBA),"anticoncepcion, prevencion de its y de cancer de cuello uterino",pildora: usuarias nuevas,2015-02-01,0,0,3,0,0,3
TOCO,"anticoncepcion, prevencion de its y de cancer de cuello uterino",pildora: usuarias nuevas,2015-02-01,0,1,0,0,0,1
TOLEDO,"anticoncepcion, prevencion de its y de cancer de cuello uterino",pildora: usuarias nuevas,2015-02-01,0,0,2,0,0,2
TOMINA,"anticoncepcion, prevencion de its y de cancer de cuello uterino",pildora: usuarias nuevas,2015-02-01,0,0,2,1,0,3
TORO TORO,"anticoncepcion, prevencion de its y de cancer de cuello uterino",pildora: usuarias nuevas,2015-02-01,0,0,4,1,0,5
TOTORA(ORR),"anticoncepcion, prevencion de its y de cancer de cuello uterino",pildora: usuarias nuevas,2015-02-01,0,0,2,0,0,2
TRINIDAD,"anticoncepcion, prevencion de its y de cancer de cuello uterino",pildora: usuarias nuevas,2015-02-01,0,15,39,7,0,61
TUPIZA,"anticoncepcion, prevencion de its y de cancer de cuello uterino",pildora: usuarias nuevas,2015-02-01,0,0,3,1,0,4
TURCO,"anticoncepcion, prevencion de its y de cancer de cuello uterino",pildora: usuarias nuevas,2015-02-01,0,1,3,0,0,4
UNCIA,"anticoncepcion, prevencion de its y de cancer de cuello uterino",pildora: usuarias nuevas,2015-02-01,0,1,4,0,0,5
URIONDO (A. CONCEPCION),"anticoncepcion, prevencion de its y de cancer de cuello uterino",pildora: usuarias nuevas,2015-02-01,0,1,1,1,0,3
URUBICHA,"anticoncepcion, prevencion de its y de cancer de cuello uterino",pildora: usuarias nuevas,2015-02-01,0,0,1,0,0,1
UYUNI,"anticoncepcion, prevencion de its y de cancer de cuello uterino",pildora: usuarias nuevas,2015-02-01,0,0,6,1,0,7
VALLEGRANDE,"anticoncepcion, prevencion de its y de cancer de cuello uterino",pildora: usuarias nuevas,2015-02-01,0,1,2,0,0,3
VIACHA,"anticoncepcion, prevencion de its y de cancer de cuello uterino",pildora: usuarias nuevas,2015-02-01,0,0,6,2,0,8
VILLA CHARCAS,"anticoncepcion, prevencion de its y de cancer de cuello uterino",pildora: usuarias nuevas,2015-02-01,0,2,4,0,0,6
VILLA MONTES,"anticoncepcion, prevencion de its y de cancer de cuello uterino",pildora: usuarias nuevas,2015-02-01,0,4,3,0,0,7
VILLA NUEVA (LOMA ALTA),"anticoncepcion, prevencion de its y de cancer de cuello uterino",pildora: usuarias nuevas,2015-02-01,0,0,1,0,0,1
VILLA RIVERO,"anticoncepcion, prevencion de its y de cancer de cuello uterino",pildora: usuarias nuevas,2015-02-01,0,1,1,0,0,2
VILLA SERRANO,"anticoncepcion, prevencion de its y de cancer de cuello uterino",pildora: usuarias nuevas,2015-02-01,0,2,2,2,0,6
VILLA TUNARI,"anticoncepcion, prevencion de its y de cancer de cuello uterino",pildora: usuarias nuevas,2015-02-01,0,6,17,2,0,25
VILLA VACA GUZMAN (MUYUPAMPA),"anticoncepcion, prevencion de its y de cancer de cuello uterino",pildora: usuarias nuevas,2015-02-01,0,1,5,0,0,6
VILLAZON,"anticoncepcion, prevencion de its y de cancer de cuello uterino",pildora: usuarias nuevas,2015-02-01,0,1,1,0,0,2
VINTO,"anticoncepcion, prevencion de its y de cancer de cuello uterino",pildora: usuarias nuevas,2015-02-01,0,2,2,0,0,4
WALDO BALLIVIAN,"anticoncepcion, prevencion de its y de cancer de cuello uterino",pildora: usuarias nuevas,2015-02-01,0,0,1,0,0,1
WARNES,"anticoncepcion, prevencion de its y de cancer de cuello uterino",pildora: usuarias nuevas,2015-02-01,0,5,18,1,0,24
YACO,"anticoncepcion, prevencion de its y de cancer de cuello uterino",pildora: usuarias nuevas,2015-02-01,0,0,2,0,0,2
YACUIBA,"anticoncepcion, prevencion de its y de cancer de cuello uterino",pildora: usuarias nuevas,2015-02-01,0,4,10,6,0,20
YAMPARAEZ,"anticoncepcion, prevencion de its y de cancer de cuello uterino",pildora: usuarias nuevas,2015-02-01,0,0,1,0,0,1
YANACACHI,"anticoncepcion, prevencion de its y de cancer de cuello uterino",pildora: usuarias nuevas,2015-02-01,0,0,1,0,0,1
YAPACANI,"anticoncepcion, prevencion de its y de cancer de cuello uterino",pildora: usuarias nuevas,2015-02-01,0,4,2,2,0,8
YOCALLA,"anticoncepcion, prevencion de its y de cancer de cuello uterino",pildora: usuarias nuevas,2015-02-01,0,0,1,0,0,1
YOTALA,"anticoncepcion, prevencion de its y de cancer de cuello uterino",pildora: usuarias nuevas,2015-02-01,0,0,1,0,0,1
ZUDAÑEZ,"anticoncepcion, prevencion de its y de cancer de cuello uterino",pildora: usuarias nuevas,2015-02-01,0,0,1,0,0,1
ACHACACHI,"anticoncepcion, prevencion de its y de cancer de cuello uterino",pildora: usuarias nuevas,2015-03-01,0,1,1,0,0,2
ACHOCALLA,"anticoncepcion, prevencion de its y de cancer de cuello uterino",pildora: usuarias nuevas,2015-03-01,0,0,1,1,0,2
AIQUILE,"anticoncepcion, prevencion de its y de cancer de cuello uterino",pildora: usuarias nuevas,2015-03-01,0,4,4,0,0,8
ALCALA,"anticoncepcion, prevencion de its y de cancer de cuello uterino",pildora: usuarias nuevas,2015-03-01,0,1,4,0,0,5
ALTO BENI,"anticoncepcion, prevencion de its y de cancer de cuello uterino",pildora: usuarias nuevas,2015-03-01,0,2,4,0,0,6
ANCORAIMES,"anticoncepcion, prevencion de its y de cancer de cuello uterino",pildora: usuarias nuevas,2015-03-01,0,0,3,0,0,3
ANDAMARCA,"anticoncepcion, prevencion de its y de cancer de cuello uterino",pildora: usuarias nuevas,2015-03-01,0,1,0,0,0,1
ANTEQUERA,"anticoncepcion, prevencion de its y de cancer de cuello uterino",pildora: usuarias nuevas,2015-03-01,0,0,1,1,0,2
APOLO,"anticoncepcion, prevencion de its y de cancer de cuello uterino",pildora: usuarias nuevas,2015-03-01,0,0,1,0,0,1
ARAMPAMPA,"anticoncepcion, prevencion de its y de cancer de cuello uterino",pildora: usuarias nuevas,2015-03-01,0,1,0,0,0,1
ARANI,"anticoncepcion, prevencion de its y de cancer de cuello uterino",pildora: usuarias nuevas,2015-03-01,0,0,1,0,0,1
ARBIETO,"anticoncepcion, prevencion de its y de cancer de cuello uterino",pildora: usuarias nuevas,2015-03-01,0,1,2,1,0,4
ARQUE,"anticoncepcion, prevencion de its y de cancer de cuello uterino",pildora: usuarias nuevas,2015-03-01,0,1,0,1,0,2
ASCENCION DE GUARAYOS,"anticoncepcion, prevencion de its y de cancer de cuello uterino",pildora: usuarias nuevas,2015-03-01,0,3,8,0,0,11
ATOCHA,"anticoncepcion, prevencion de its y de cancer de cuello uterino",pildora: usuarias nuevas,2015-03-01,0,0,8,3,0,11
AYOPAYA (V. DE INDEPENDENCIA),"anticoncepcion, prevencion de its y de cancer de cuello uterino",pildora: usuarias nuevas,2015-03-01,0,0,5,2,0,7
AZURDUY,"anticoncepcion, prevencion de its y de cancer de cuello uterino",pildora: usuarias nuevas,2015-03-01,0,1,0,0,0,1
BATALLAS,"anticoncepcion, prevencion de its y de cancer de cuello uterino",pildora: usuarias nuevas,2015-03-01,0,0,2,0,0,2
BAURES,"anticoncepcion, prevencion de its y de cancer de cuello uterino",pildora: usuarias nuevas,2015-03-01,0,1,8,2,0,11
BELLA FLOR,"anticoncepcion, prevencion de its y de cancer de cuello uterino",pildora: usuarias nuevas,2015-03-01,0,0,2,0,0,2
BERMEJO,"anticoncepcion, prevencion de its y de cancer de cuello uterino",pildora: usuarias nuevas,2015-03-01,0,0,7,3,0,10
BOLIVAR,"anticoncepcion, prevencion de its y de cancer de cuello uterino",pildora: usuarias nuevas,2015-03-01,0,0,1,0,0,1
BUENA VISTA,"anticoncepcion, prevencion de its y de cancer de cuello uterino",pildora: usuarias nuevas,2015-03-01,0,2,51,24,0,77
CABEZAS,"anticoncepcion, prevencion de its y de cancer de cuello uterino",pildora: usuarias nuevas,2015-03-01,1,3,14,1,0,19
CAIROMA,"anticoncepcion, prevencion de its y de cancer de cuello uterino",pildora: usuarias nuevas,2015-03-01,0,0,0,1,0,1
"CAIZA ""D""","anticoncepcion, prevencion de its y de cancer de cuello uterino",pildora: usuarias nuevas,2015-03-01,0,0,3,0,0,3
CAJUATA,"anticoncepcion, prevencion de its y de cancer de cuello uterino",pildora: usuarias nuevas,2015-03-01,0,0,2,0,0,2
CALACOTO,"anticoncepcion, prevencion de its y de cancer de cuello uterino",pildora: usuarias nuevas,2015-03-01,0,1,0,0,0,1
CAMARGO,"anticoncepcion, prevencion de its y de cancer de cuello uterino",pildora: usuarias nuevas,2015-03-01,0,2,2,2,0,6
CAMIRI,"anticoncepcion, prevencion de its y de cancer de cuello uterino",pildora: usuarias nuevas,2015-03-01,0,1,3,1,0,5
CAPINOTA,"anticoncepcion, prevencion de its y de cancer de cuello uterino",pildora: usuarias nuevas,2015-03-01,0,1,4,0,0,5
CARACOLLO,"anticoncepcion, prevencion de its y de cancer de cuello uterino",pildora: usuarias nuevas,2015-03-01,0,0,0,1,0,1
CARANAVI,"anticoncepcion, prevencion de its y de cancer de cuello uterino",pildora: usuarias nuevas,2015-03-01,0,0,9,0,0,9
CARAPARI,"anticoncepcion, prevencion de its y de cancer de cuello uterino",pildora: usuarias nuevas,2015-03-01,0,0,4,2,0,6
CARIPUYO,"anticoncepcion, prevencion de its y de cancer de cuello uterino",pildora: usuarias nuevas,2015-03-01,0,1,3,1,0,5
CATACORA,"anticoncepcion, prevencion de its y de cancer de cuello uterino",pildora: usuarias nuevas,2015-03-01,0,1,0,0,0,1
CHALLAPATA,"anticoncepcion, prevencion de its y de cancer de cuello uterino",pildora: usuarias nuevas,2015-03-01,0,0,2,0,0,2
CHAQUI,"anticoncepcion, prevencion de its y de cancer de cuello uterino",pildora: usuarias nuevas,2015-03-01,0,0,10,1,0,11
CHARAGUA,"anticoncepcion, prevencion de its y de cancer de cuello uterino",pildora: usuarias nuevas,2015-03-01,0,1,12,0,0,13
CHAYANTA,"anticoncepcion, prevencion de its y de cancer de cuello uterino",pildora: usuarias nuevas,2015-03-01,0,0,2,0,0,2
CHIMORE,"anticoncepcion, prevencion de its y de cancer de cuello uterino",pildora: usuarias nuevas,2015-03-01,0,2,6,1,0,9
CHIPAYA,"anticoncepcion, prevencion de its y de cancer de cuello uterino",pildora: usuarias nuevas,2015-03-01,0,0,1,0,0,1
CHUA COCANI,"anticoncepcion, prevencion de its y de cancer de cuello uterino",pildora: usuarias nuevas,2015-03-01,0,0,2,1,0,3
CHULUMANI (V. DE LA LIBERTAD),"anticoncepcion, prevencion de its y de cancer de cuello uterino",pildora: usuarias nuevas,2015-03-01,0,0,1,0,0,1
CHUQUIHUTA AYLLU JUCUMANI,"anticoncepcion, prevencion de its y de cancer de cuello uterino",pildora: usuarias nuevas,2015-03-01,0,0,0,2,0,2
CLIZA,"anticoncepcion, prevencion de its y de cancer de cuello uterino",pildora: usuarias nuevas,2015-03-01,0,15,8,1,0,24
COBIJA,"anticoncepcion, prevencion de its y de cancer de cuello uterino",pildora: usuarias nuevas,2015-03-01,1,3,10,1,0,15
COCAPATA,"anticoncepcion, prevencion de its y de cancer de cuello uterino",pildora: usuarias nuevas,2015-03-01,0,0,3,0,0,3
COCHABAMBA,"anticoncepcion, prevencion de its y de cancer de cuello uterino",pildora: usuarias nuevas,2015-03-01,4,38,264,52,0,358
COIPASA,"anticoncepcion, prevencion de its y de cancer de cuello uterino",pildora: usuarias nuevas,2015-03-01,0,0,1,0,0,1
COLCAPIRHUA,"anticoncepcion, prevencion de its y de cancer de cuello uterino",pildora: usuarias nuevas,2015-03-01,0,1,8,1,0,10
"COLCHA ""K""","anticoncepcion, prevencion de its y de cancer de cuello uterino",pildora: usuarias nuevas,2015-03-01,0,1,1,3,0,5
COLLANA,"anticoncepcion, prevencion de its y de cancer de cuello uterino",pildora: usuarias nuevas,2015-03-01,0,1,0,0,0,1
COLOMI,"anticoncepcion, prevencion de its y de cancer de cuello uterino",pildora: usuarias nuevas,2015-03-01,0,1,0,2,0,3
COLPA BELGICA,"anticoncepcion, prevencion de its y de cancer de cuello uterino",pildora: usuarias nuevas,2015-03-01,0,0,3,1,0,4
COLQUECHACA,"anticoncepcion, prevencion de its y de cancer de cuello uterino",pildora: usuarias nuevas,2015-03-01,0,0,1,2,0,3
COLQUENCHA,"anticoncepcion, prevencion de its y de cancer de cuello uterino",pildora: usuarias nuevas,2015-03-01,0,0,0,1,0,1
COLQUIRI,"anticoncepcion, prevencion de its y de cancer de cuello uterino",pildora: usuarias nuevas,2015-03-01,0,1,2,0,0,3
COMANCHE,"anticoncepcion, prevencion de its y de cancer de cuello uterino",pildora: usuarias nuevas,2015-03-01,0,0,1,0,0,1
COMARAPA,"anticoncepcion, prevencion de its y de cancer de cuello uterino",pildora: usuarias nuevas,2015-03-01,0,1,3,1,0,5
CONCEPCION,"anticoncepcion, prevencion de its y de cancer de cuello uterino",pildora: usuarias nuevas,2015-03-01,0,0,1,0,0,1
COPACABANA,"anticoncepcion, prevencion de its y de cancer de cuello uterino",pildora: usuarias nuevas,2015-03-01,0,0,1,0,0,1
CORO CORO,"anticoncepcion, prevencion de its y de cancer de cuello uterino",pildora: usuarias nuevas,2015-03-01,0,1,0,0,0,1
COTAGAITA,"anticoncepcion, prevencion de its y de cancer de cuello uterino",pildora: usuarias nuevas,2015-03-01,0,4,3,1,0,8
COTOCA,"anticoncepcion, prevencion de its y de cancer de cuello uterino",pildora: usuarias nuevas,2015-03-01,1,2,10,1,0,14
CUATRO CAÑADAS,"anticoncepcion, prevencion de its y de cancer de cuello uterino",pildora: usuarias nuevas,2015-03-01,0,0,8,0,0,8
CUCHUMUELA (V. G. VILLARROEL),"anticoncepcion, prevencion de its y de cancer de cuello uterino",pildora: usuarias nuevas,2015-03-01,0,1,2,0,0,3
CUEVO,"anticoncepcion, prevencion de its y de cancer de cuello uterino",pildora: usuarias nuevas,2015-03-01,1,0,1,0,0,2
CULPINA,"anticoncepcion, prevencion de its y de cancer de cuello uterino",pildora: usuarias nuevas,2015-03-01,0,0,1,0,0,1
CURAHUARA DE CARANGAS,"anticoncepcion, prevencion de its y de cancer de cuello uterino",pildora: usuarias nuevas,2015-03-01,0,0,1,1,0,2
EL ALTO,"anticoncepcion, prevencion de its y de cancer de cuello uterino",pildora: usuarias nuevas,2015-03-01,0,25,147,23,0,195
EL CHORO,"anticoncepcion, prevencion de its y de cancer de cuello uterino",pildora: usuarias nuevas,2015-03-01,0,0,1,1,0,2
EL PUENTE(STC),"anticoncepcion, prevencion de its y de cancer de cuello uterino",pildora: usuarias nuevas,2015-03-01,0,4,1,0,0,5
EL PUENTE(TJA),"anticoncepcion, prevencion de its y de cancer de cuello uterino",pildora: usuarias nuevas,2015-03-01,0,1,5,0,0,6
EL TORNO,"anticoncepcion, prevencion de its y de cancer de cuello uterino",pildora: usuarias nuevas,2015-03-01,1,6,4,1,0,12
EL VILLAR,"anticoncepcion, prevencion de its y de cancer de cuello uterino",pildora: usuarias nuevas,2015-03-01,0,1,3,2,0,6
ENTRE RIOS TRJ,"anticoncepcion, prevencion de its y de cancer de cuello uterino",pildora: usuarias nuevas,2015-03-01,0,1,13,1,1,16
ENTRE RIOS CBBA,"anticoncepcion, prevencion de its y de cancer de cuello uterino",pildora: usuarias nuevas,2015-03-01,0,1,8,0,0,9
ESCARA,"anticoncepcion, prevencion de its y de cancer de cuello uterino",pildora: usuarias nuevas,2015-03-01,0,0,0,1,0,1
ESCOMA,"anticoncepcion, prevencion de its y de cancer de cuello uterino",pildora: usuarias nuevas,2015-03-01,0,6,0,0,0,6
EUCALIPTUS,"anticoncepcion, prevencion de its y de cancer de cuello uterino",pildora: usuarias nuevas,2015-03-01,0,0,1,0,0,1
EXALTACION,"anticoncepcion, prevencion de its y de cancer de cuello uterino",pildora: usuarias nuevas,2015-03-01,0,1,0,0,0,1
FERNANDEZ ALONSO,"anticoncepcion, prevencion de its y de cancer de cuello uterino",pildora: usuarias nuevas,2015-03-01,0,6,2,0,0,8
GENERAL SAAVEDRA,"anticoncepcion, prevencion de its y de cancer de cuello uterino",pildora: usuarias nuevas,2015-03-01,1,1,1,0,0,3
GUAQUI,"anticoncepcion, prevencion de its y de cancer de cuello uterino",pildora: usuarias nuevas,2015-03-01,0,1,1,1,0,3
GUAYARAMERIN,"anticoncepcion, prevencion de its y de cancer de cuello uterino",pildora: usuarias nuevas,2015-03-01,0,2,12,1,0,15
GUTIERREZ,"anticoncepcion, prevencion de its y de cancer de cuello uterino",pildora: usuarias nuevas,2015-03-01,0,0,3,0,0,3
HUACARETA,"anticoncepcion, prevencion de its y de cancer de cuello uterino",pildora: usuarias nuevas,2015-03-01,0,0,7,2,0,9
HUANUNI,"anticoncepcion, prevencion de its y de cancer de cuello uterino",pildora: usuarias nuevas,2015-03-01,0,0,3,0,0,3
HUARACAJE,"anticoncepcion, prevencion de its y de cancer de cuello uterino",pildora: usuarias nuevas,2015-03-01,0,1,4,2,0,7
HUMANATA,"anticoncepcion, prevencion de its y de cancer de cuello uterino",pildora: usuarias nuevas,2015-03-01,0,0,0,1,0,1
ICLA,"anticoncepcion, prevencion de its y de cancer de cuello uterino",pildora: usuarias nuevas,2015-03-01,0,0,3,3,0,6
INCAHUASI,"anticoncepcion, prevencion de its y de cancer de cuello uterino",pildora: usuarias nuevas,2015-03-01,0,1,1,0,0,2
INQUISIVI,"anticoncepcion, prevencion de its y de cancer de cuello uterino",pildora: usuarias nuevas,2015-03-01,0,1,1,0,0,2
IRUPANA (VILLA DE LANZA),"anticoncepcion, prevencion de its y de cancer de cuello uterino",pildora: usuarias nuevas,2015-03-01,0,1,2,2,0,5
IXIAMAS,"anticoncepcion, prevencion de its y de cancer de cuello uterino",pildora: usuarias nuevas,2015-03-01,0,1,8,2,0,11
LA ASUNTA,"anticoncepcion, prevencion de its y de cancer de cuello uterino",pildora: usuarias nuevas,2015-03-01,0,4,13,1,0,18
LA GUARDIA,"anticoncepcion, prevencion de its y de cancer de cuello uterino",pildora: usuarias nuevas,2015-03-01,0,6,18,3,0,27
LA PAZ,"anticoncepcion, prevencion de its y de cancer de cuello uterino",pildora: usuarias nuevas,2015-03-01,0,7,100,19,0,126
LAJA,"anticoncepcion, prevencion de its y de cancer de cuello uterino",pildora: usuarias nuevas,2015-03-01,0,1,6,1,0,8
LICOMA PAMPA,"anticoncepcion, prevencion de its y de cancer de cuello uterino",pildora: usuarias nuevas,2015-03-01,0,0,1,1,0,2
LLALLAGUA,"anticoncepcion, prevencion de its y de cancer de cuello uterino",pildora: usuarias nuevas,2015-03-01,0,1,7,1,0,9
LLICA,"anticoncepcion, prevencion de its y de cancer de cuello uterino",pildora: usuarias nuevas,2015-03-01,0,0,2,0,0,2
LORETO,"anticoncepcion, prevencion de its y de cancer de cuello uterino",pildora: usuarias nuevas,2015-03-01,0,2,4,2,0,8
LURIBAY,"anticoncepcion, prevencion de its y de cancer de cuello uterino",pildora: usuarias nuevas,2015-03-01,0,0,2,0,0,2
MACHARETI,"anticoncepcion, prevencion de its y de cancer de cuello uterino",pildora: usuarias nuevas,2015-03-01,0,0,10,1,0,11
MAGDALENA,"anticoncepcion, prevencion de its y de cancer de cuello uterino",pildora: usuarias nuevas,2015-03-01,1,0,3,3,0,7
MAIRANA,"anticoncepcion, prevencion de its y de cancer de cuello uterino",pildora: usuarias nuevas,2015-03-01,0,0,4,0,0,4
MAPIRI,"anticoncepcion, prevencion de its y de cancer de cuello uterino",pildora: usuarias nuevas,2015-03-01,0,0,2,0,0,2
MECAPACA,"anticoncepcion, prevencion de its y de cancer de cuello uterino",pildora: usuarias nuevas,2015-03-01,0,0,1,0,0,1
MINEROS,"anticoncepcion, prevencion de its y de cancer de cuello uterino",pildora: usuarias nuevas,2015-03-01,0,2,8,0,0,10
MIZQUE,"anticoncepcion, prevencion de its y de cancer de cuello uterino",pildora: usuarias nuevas,2015-03-01,1,0,5,1,0,7
MOCOMOCO,"anticoncepcion, prevencion de its y de cancer de cuello uterino",pildora: usuarias nuevas,2015-03-01,0,0,0,1,0,1
MOJOCOYA,"anticoncepcion, prevencion de its y de cancer de cuello uterino",pildora: usuarias nuevas,2015-03-01,0,0,2,2,0,4
MONTEAGUDO,"anticoncepcion, prevencion de its y de cancer de cuello uterino",pildora: usuarias nuevas,2015-03-01,0,0,4,1,0,5
MONTERO,"anticoncepcion, prevencion de its y de cancer de cuello uterino",pildora: usuarias nuevas,2015-03-01,0,4,122,108,0,234
MOROCHATA,"anticoncepcion, prevencion de its y de cancer de cuello uterino",pildora: usuarias nuevas,2015-03-01,0,1,0,0,0,1
NACEBE (SANTA ROSA DEL ABUNA),"anticoncepcion, prevencion de its y de cancer de cuello uterino",pildora: usuarias nuevas,2015-03-01,0,1,2,1,0,4
OCURI,"anticoncepcion, prevencion de its y de cancer de cuello uterino",pildora: usuarias nuevas,2015-03-01,0,1,7,0,0,8
OKINAWA,"anticoncepcion, prevencion de its y de cancer de cuello uterino",pildora: usuarias nuevas,2015-03-01,0,0,1,0,0,1
OMEREQUE,"anticoncepcion, prevencion de its y de cancer de cuello uterino",pildora: usuarias nuevas,2015-03-01,0,0,3,0,0,3
ORURO,"anticoncepcion, prevencion de its y de cancer de cuello uterino",pildora: usuarias nuevas,2015-03-01,0,4,57,17,0,78
PADCAYA,"anticoncepcion, prevencion de its y de cancer de cuello uterino",pildora: usuarias nuevas,2015-03-01,0,0,4,2,1,7
PADILLA,"anticoncepcion, prevencion de its y de cancer de cuello uterino",pildora: usuarias nuevas,2015-03-01,0,0,1,0,0,1
PAILON,"anticoncepcion, prevencion de its y de cancer de cuello uterino",pildora: usuarias nuevas,2015-03-01,0,0,10,2,0,12
PALOS BLANCOS,"anticoncepcion, prevencion de its y de cancer de cuello uterino",pildora: usuarias nuevas,2015-03-01,1,1,4,3,1,10
PAMPA GRANDE,"anticoncepcion, prevencion de its y de cancer de cuello uterino",pildora: usuarias nuevas,2015-03-01,0,0,3,1,0,4
PATACAMAYA,"anticoncepcion, prevencion de its y de cancer de cuello uterino",pildora: usuarias nuevas,2015-03-01,0,0,1,0,0,1
PELECHUCO,"anticoncepcion, prevencion de its y de cancer de cuello uterino",pildora: usuarias nuevas,2015-03-01,0,0,3,0,0,3
POCOATA,"anticoncepcion, prevencion de its y de cancer de cuello uterino",pildora: usuarias nuevas,2015-03-01,0,0,2,0,0,2
POCONA,"anticoncepcion, prevencion de its y de cancer de cuello uterino",pildora: usuarias nuevas,2015-03-01,0,1,5,1,0,7
POJO (CBBA),"anticoncepcion, prevencion de its y de cancer de cuello uterino",pildora: usuarias nuevas,2015-03-01,0,0,3,2,0,5
PORCO,"anticoncepcion, prevencion de its y de cancer de cuello uterino",pildora: usuarias nuevas,2015-03-01,0,0,2,0,0,2
POROMA,"anticoncepcion, prevencion de its y de cancer de cuello uterino",pildora: usuarias nuevas,2015-03-01,0,0,4,0,0,4
PORONGO,"anticoncepcion, prevencion de its y de cancer de cuello uterino",pildora: usuarias nuevas,2015-03-01,0,2,8,0,0,10
PORTACHUELO,"anticoncepcion, prevencion de its y de cancer de cuello uterino",pildora: usuarias nuevas,2015-03-01,0,2,4,0,0,6
POTOSI,"anticoncepcion, prevencion de its y de cancer de cuello uterino",pildora: usuarias nuevas,2015-03-01,0,10,53,7,0,70
PRESTO,"anticoncepcion, prevencion de its y de cancer de cuello uterino",pildora: usuarias nuevas,2015-03-01,0,2,5,3,0,10
PUCARA,"anticoncepcion, prevencion de its y de cancer de cuello uterino",pildora: usuarias nuevas,2015-03-01,0,1,0,0,0,1
PUCARANI,"anticoncepcion, prevencion de its y de cancer de cuello uterino",pildora: usuarias nuevas,2015-03-01,0,0,5,1,0,6
PUERTO ACOSTA,"anticoncepcion, prevencion de its y de cancer de cuello uterino",pildora: usuarias nuevas,2015-03-01,0,0,0,1,0,1
PUERTO CARABUCO,"anticoncepcion, prevencion de its y de cancer de cuello uterino",pildora: usuarias nuevas,2015-03-01,0,1,0,0,0,1
PUERTO GONZALO MORENO,"anticoncepcion, prevencion de its y de cancer de cuello uterino",pildora: usuarias nuevas,2015-03-01,0,4,3,0,0,7
PUERTO QUIJARRO,"anticoncepcion, prevencion de its y de cancer de cuello uterino",pildora: usuarias nuevas,2015-03-01,0,3,3,4,0,10
PUERTO RICO,"anticoncepcion, prevencion de its y de cancer de cuello uterino",pildora: usuarias nuevas,2015-03-01,0,1,3,1,0,5
PUERTO SILES,"anticoncepcion, prevencion de its y de cancer de cuello uterino",pildora: usuarias nuevas,2015-03-01,0,0,1,0,0,1
PUERTO SUAREZ,"anticoncepcion, prevencion de its y de cancer de cuello uterino",pildora: usuarias nuevas,2015-03-01,0,0,3,1,0,4
PUERTO VILLARROEL,"anticoncepcion, prevencion de its y de cancer de cuello uterino",pildora: usuarias nuevas,2015-03-01,0,1,6,1,0,8
PUNA,"anticoncepcion, prevencion de its y de cancer de cuello uterino",pildora: usuarias nuevas,2015-03-01,0,0,4,1,0,5
PUNATA,"anticoncepcion, prevencion de its y de cancer de cuello uterino",pildora: usuarias nuevas,2015-03-01,0,0,3,0,0,3
QUIABAYA,"anticoncepcion, prevencion de its y de cancer de cuello uterino",pildora: usuarias nuevas,2015-03-01,0,1,0,0,0,1
QUILLACOLLO,"anticoncepcion, prevencion de its y de cancer de cuello uterino",pildora: usuarias nuevas,2015-03-01,0,1,35,1,0,37
QUIME,"anticoncepcion, prevencion de its y de cancer de cuello uterino",pildora: usuarias nuevas,2015-03-01,0,0,5,1,0,6
RAVELO,"anticoncepcion, prevencion de its y de cancer de cuello uterino",pildora: usuarias nuevas,2015-03-01,0,0,2,0,0,2
REYES,"anticoncepcion, prevencion de its y de cancer de cuello uterino",pildora: usuarias nuevas,2015-03-01,0,2,5,0,0,7
RIBERALTA,"anticoncepcion, prevencion de its y de cancer de cuello uterino",pildora: usuarias nuevas,2015-03-01,0,12,36,7,0,55
ROBORE,"anticoncepcion, prevencion de its y de cancer de cuello uterino",pildora: usuarias nuevas,2015-03-01,0,0,15,4,0,19
RURRENABAQUE,"anticoncepcion, prevencion de its y de cancer de cuello uterino",pildora: usuarias nuevas,2015-03-01,0,0,4,4,0,8
SACABA,"anticoncepcion, prevencion de its y de cancer de cuello uterino",pildora: usuarias nuevas,2015-03-01,0,1,16,4,0,21
SACABAMBA,"anticoncepcion, prevencion de its y de cancer de cuello uterino",pildora: usuarias nuevas,2015-03-01,0,0,1,0,0,1
SACACA,"anticoncepcion, prevencion de its y de cancer de cuello uterino",pildora: usuarias nuevas,2015-03-01,0,0,2,0,0,2
SAIPINA,"anticoncepcion, prevencion de its y de cancer de cuello uterino",pildora: usuarias nuevas,2015-03-01,0,1,2,0,0,3
SALINAS DE GARCI MENDOZA,"anticoncepcion, prevencion de its y de cancer de cuello uterino",pildora: usuarias nuevas,2015-03-01,0,0,3,1,0,4
SAMAIPATA,"anticoncepcion, prevencion de its y de cancer de cuello uterino",pildora: usuarias nuevas,2015-03-01,0,2,2,1,1,6
SAN ANDRES,"anticoncepcion, prevencion de its y de cancer de cuello uterino",pildora: usuarias nuevas,2015-03-01,0,3,9,4,0,16
SAN ANTONIO DE LOMERIO,"anticoncepcion, prevencion de its y de cancer de cuello uterino",pildora: usuarias nuevas,2015-03-01,0,1,1,4,0,6
SAN BENITO,"anticoncepcion, prevencion de its y de cancer de cuello uterino",pildora: usuarias nuevas,2015-03-01,0,0,1,0,0,1
SAN BORJA,"anticoncepcion, prevencion de its y de cancer de cuello uterino",pildora: usuarias nuevas,2015-03-01,1,3,10,4,0,18
SAN BUENA VENTURA,"anticoncepcion, prevencion de its y de cancer de cuello uterino",pildora: usuarias nuevas,2015-03-01,0,0,2,1,0,3
SAN CARLOS,"anticoncepcion, prevencion de its y de cancer de cuello uterino",pildora: usuarias nuevas,2015-03-01,1,1,9,2,0,13
SAN IGNACIO,"anticoncepcion, prevencion de its y de cancer de cuello uterino",pildora: usuarias nuevas,2015-03-01,0,2,15,0,0,17
SAN IGNACIO DE VELASCO,"anticoncepcion, prevencion de its y de cancer de cuello uterino",pildora: usuarias nuevas,2015-03-01,0,0,5,3,0,8
SAN JAVIER(BNI),"anticoncepcion, prevencion de its y de cancer de cuello uterino",pildora: usuarias nuevas,2015-03-01,1,2,4,0,0,7
SAN JAVIER(STC),"anticoncepcion, prevencion de its y de cancer de cuello uterino",pildora: usuarias nuevas,2015-03-01,0,1,4,1,0,6
SAN JOSE DE CHIQUITOS,"anticoncepcion, prevencion de its y de cancer de cuello uterino",pildora: usuarias nuevas,2015-03-01,0,3,18,2,0,23
SAN JUAN DE YAPACANI,"anticoncepcion, prevencion de its y de cancer de cuello uterino",pildora: usuarias nuevas,2015-03-01,0,0,1,0,0,1
SAN JULIAN,"anticoncepcion, prevencion de its y de cancer de cuello uterino",pildora: usuarias nuevas,2015-03-01,0,3,7,0,0,10
SAN LORENZO(PND),"anticoncepcion, prevencion de its y de cancer de cuello uterino",pildora: usuarias nuevas,2015-03-01,0,2,2,1,0,5
SAN LORENZO(TJA),"anticoncepcion, prevencion de its y de cancer de cuello uterino",pildora: usuarias nuevas,2015-03-01,0,3,8,2,0,13
SAN LUCAS,"anticoncepcion, prevencion de its y de cancer de cuello uterino",pildora: usuarias nuevas,2015-03-01,2,1,4,2,0,9
SAN MATIAS,"anticoncepcion, prevencion de its y de cancer de cuello uterino",pildora: usuarias nuevas,2015-03-01,0,3,4,0,0,7
SAN MIGUEL DE VELASCO,"anticoncepcion, prevencion de its y de cancer de cuello uterino",pildora: usuarias nuevas,2015-03-01,0,1,0,0,0,1
SAN PEDRO,"anticoncepcion, prevencion de its y de cancer de cuello uterino",pildora: usuarias nuevas,2015-03-01,0,0,2,2,0,4
SAN PEDRO DE BUENA VISTA,"anticoncepcion, prevencion de its y de cancer de cuello uterino",pildora: usuarias nuevas,2015-03-01,0,0,4,3,0,7
SAN PEDRO DE CURAHUARA,"anticoncepcion, prevencion de its y de cancer de cuello uterino",pildora: usuarias nuevas,2015-03-01,0,0,0,1,0,1
SAN PEDRO DE QUEMES,"anticoncepcion, prevencion de its y de cancer de cuello uterino",pildora: usuarias nuevas,2015-03-01,0,0,1,0,0,1
SAN PEDRO(PND),"anticoncepcion, prevencion de its y de cancer de cuello uterino",pildora: usuarias nuevas,2015-03-01,0,0,1,0,0,1
SAN RAFAEL,"anticoncepcion, prevencion de its y de cancer de cuello uterino",pildora: usuarias nuevas,2015-03-01,0,3,7,3,0,13
SAN RAMON BENI,"anticoncepcion, prevencion de its y de cancer de cuello uterino",pildora: usuarias nuevas,2015-03-01,0,0,3,0,0,3
SAN RAMON SCZ,"anticoncepcion, prevencion de its y de cancer de cuello uterino",pildora: usuarias nuevas,2015-03-01,0,1,1,0,0,2
SANTA ANA,"anticoncepcion, prevencion de its y de cancer de cuello uterino",pildora: usuarias nuevas,2015-03-01,0,4,10,2,2,18
SANTA CRUZ DE LA SIERRA,"anticoncepcion, prevencion de its y de cancer de cuello uterino",pildora: usuarias nuevas,2015-03-01,7,77,182,60,0,326
SANTA ROSA,"anticoncepcion, prevencion de its y de cancer de cuello uterino",pildora: usuarias nuevas,2015-03-01,0,0,1,0,0,1
SANTA ROSA DEL SARA,"anticoncepcion, prevencion de its y de cancer de cuello uterino",pildora: usuarias nuevas,2015-03-01,0,4,9,1,0,14
SANTIAGO DE HUARI,"anticoncepcion, prevencion de its y de cancer de cuello uterino",pildora: usuarias nuevas,2015-03-01,0,0,1,0,0,1
SANTIVAÑES,"anticoncepcion, prevencion de its y de cancer de cuello uterino",pildora: usuarias nuevas,2015-03-01,0,1,0,1,0,2
SANTUARIO DE QUILLACAS,"anticoncepcion, prevencion de its y de cancer de cuello uterino",pildora: usuarias nuevas,2015-03-01,0,0,1,0,0,1
SAPAHAQUI,"anticoncepcion, prevencion de its y de cancer de cuello uterino",pildora: usuarias nuevas,2015-03-01,0,0,1,0,0,1
SENA,"anticoncepcion, prevencion de its y de cancer de cuello uterino",pildora: usuarias nuevas,2015-03-01,0,1,2,0,0,3
SHINAOTA,"anticoncepcion, prevencion de its y de cancer de cuello uterino",pildora: usuarias nuevas,2015-03-01,0,0,2,6,0,8
SICA SICA (VILLA AROMA),"anticoncepcion, prevencion de its y de cancer de cuello uterino",pildora: usuarias nuevas,2015-03-01,0,0,1,0,0,1
SICAYA,"anticoncepcion, prevencion de its y de cancer de cuello uterino",pildora: usuarias nuevas,2015-03-01,0,0,1,0,0,1
SIPE SIPE,"anticoncepcion, prevencion de its y de cancer de cuello uterino",pildora: usuarias nuevas,2015-03-01,0,0,17,4,0,21
SOPACHUY,"anticoncepcion, prevencion de its y de cancer de cuello uterino",pildora: usuarias nuevas,2015-03-01,0,2,7,0,0,9
SORATA,"anticoncepcion, prevencion de its y de cancer de cuello uterino",pildora: usuarias nuevas,2015-03-01,0,0,0,2,0,2
SUCRE,"anticoncepcion, prevencion de its y de cancer de cuello uterino",pildora: usuarias nuevas,2015-03-01,0,11,69,11,1,92
TACACOMA,"anticoncepcion, prevencion de its y de cancer de cuello uterino",pildora: usuarias nuevas,2015-03-01,0,0,2,0,0,2
TACOPAYA,"anticoncepcion, prevencion de its y de cancer de cuello uterino",pildora: usuarias nuevas,2015-03-01,0,1,1,0,0,2
TAHUA,"anticoncepcion, prevencion de its y de cancer de cuello uterino",pildora: usuarias nuevas,2015-03-01,0,0,2,1,0,3
TARABUCO,"anticoncepcion, prevencion de its y de cancer de cuello uterino",pildora: usuarias nuevas,2015-03-01,0,0,3,0,0,3
TARACO,"anticoncepcion, prevencion de its y de cancer de cuello uterino",pildora: usuarias nuevas,2015-03-01,0,0,3,0,0,3
TARIJA,"anticoncepcion, prevencion de its y de cancer de cuello uterino",pildora: usuarias nuevas,2015-03-01,1,13,18,6,0,38
TARVITA,"anticoncepcion, prevencion de its y de cancer de cuello uterino",pildora: usuarias nuevas,2015-03-01,0,0,0,2,0,2
TEOPONTE,"anticoncepcion, prevencion de its y de cancer de cuello uterino",pildora: usuarias nuevas,2015-03-01,0,0,1,0,0,1
TIAWANACU,"anticoncepcion, prevencion de its y de cancer de cuello uterino",pildora: usuarias nuevas,2015-03-01,0,0,1,0,0,1
TINGUIPAYA,"anticoncepcion, prevencion de its y de cancer de cuello uterino",pildora: usuarias nuevas,2015-03-01,0,1,0,0,0,1
TIPUANI,"anticoncepcion, prevencion de its y de cancer de cuello uterino",pildora: usuarias nuevas,2015-03-01,0,0,2,2,0,4
TIQUIPAYA,"anticoncepcion, prevencion de its y de cancer de cuello uterino",pildora: usuarias nuevas,2015-03-01,0,3,20,2,0,25
TIRAQUE (CBBA),"anticoncepcion, prevencion de its y de cancer de cuello uterino",pildora: usuarias nuevas,2015-03-01,0,0,1,0,0,1
TOCO,"anticoncepcion, prevencion de its y de cancer de cuello uterino",pildora: usuarias nuevas,2015-03-01,0,1,3,0,0,4
TOLATA,"anticoncepcion, prevencion de its y de cancer de cuello uterino",pildora: usuarias nuevas,2015-03-01,0,0,0,1,0,1
TOMAVE,"anticoncepcion, prevencion de its y de cancer de cuello uterino",pildora: usuarias nuevas,2015-03-01,0,0,0,1,0,1
TOMINA,"anticoncepcion, prevencion de its y de cancer de cuello uterino",pildora: usuarias nuevas,2015-03-01,0,0,3,1,0,4
TORO TORO,"anticoncepcion, prevencion de its y de cancer de cuello uterino",pildora: usuarias nuevas,2015-03-01,1,2,1,0,0,4
TOTORA(CBBA),"anticoncepcion, prevencion de its y de cancer de cuello uterino",pildora: usuarias nuevas,2015-03-01,0,2,0,0,0,2
TOTORA(ORR),"anticoncepcion, prevencion de its y de cancer de cuello uterino",pildora: usuarias nuevas,2015-03-01,1,0,0,0,0,1
TRINIDAD,"anticoncepcion, prevencion de its y de cancer de cuello uterino",pildora: usuarias nuevas,2015-03-01,0,6,21,1,0,28
TUPIZA,"anticoncepcion, prevencion de its y de cancer de cuello uterino",pildora: usuarias nuevas,2015-03-01,0,0,3,2,1,6
TURCO,"anticoncepcion, prevencion de its y de cancer de cuello uterino",pildora: usuarias nuevas,2015-03-01,0,0,1,0,0,1
UNCIA,"anticoncepcion, prevencion de its y de cancer de cuello uterino",pildora: usuarias nuevas,2015-03-01,0,0,1,0,0,1
URIONDO (A. CONCEPCION),"anticoncepcion, prevencion de its y de cancer de cuello uterino",pildora: usuarias nuevas,2015-03-01,1,1,3,1,0,6
URUBICHA,"anticoncepcion, prevencion de its y de cancer de cuello uterino",pildora: usuarias nuevas,2015-03-01,0,0,2,1,0,3
UYUNI,"anticoncepcion, prevencion de its y de cancer de cuello uterino",pildora: usuarias nuevas,2015-03-01,0,1,15,0,0,16
VALLEGRANDE,"anticoncepcion, prevencion de its y de cancer de cuello uterino",pildora: usuarias nuevas,2015-03-01,0,1,1,0,0,2
VIACHA,"anticoncepcion, prevencion de its y de cancer de cuello uterino",pildora: usuarias nuevas,2015-03-01,0,0,14,2,0,16
VILA VILA,"anticoncepcion, prevencion de its y de cancer de cuello uterino",pildora: usuarias nuevas,2015-03-01,0,0,1,0,1,2
VILLA CHARCAS,"anticoncepcion, prevencion de its y de cancer de cuello uterino",pildora: usuarias nuevas,2015-03-01,0,2,4,1,0,7
VILLA MONTES,"anticoncepcion, prevencion de its y de cancer de cuello uterino",pildora: usuarias nuevas,2015-03-01,0,2,11,2,0,15
VILLA NUEVA (LOMA ALTA),"anticoncepcion, prevencion de its y de cancer de cuello uterino",pildora: usuarias nuevas,2015-03-01,0,0,2,0,0,2
VILLA SERRANO,"anticoncepcion, prevencion de its y de cancer de cuello uterino",pildora: usuarias nuevas,2015-03-01,0,0,2,1,0,3
VILLA TUNARI,"anticoncepcion, prevencion de its y de cancer de cuello uterino",pildora: usuarias nuevas,2015-03-01,0,5,16,4,0,25
VILLA VACA GUZMAN (MUYUPAMPA),"anticoncepcion, prevencion de its y de cancer de cuello uterino",pildora: usuarias nuevas,2015-03-01,0,0,2,0,0,2
VILLAZON,"anticoncepcion, prevencion de its y de cancer de cuello uterino",pildora: usuarias nuevas,2015-03-01,0,1,2,1,0,4
VINTO,"anticoncepcion, prevencion de its y de cancer de cuello uterino",pildora: usuarias nuevas,2015-03-01,0,0,4,0,0,4
WARNES,"anticoncepcion, prevencion de its y de cancer de cuello uterino",pildora: usuarias nuevas,2015-03-01,1,4,17,10,0,32
YACUIBA,"anticoncepcion, prevencion de its y de cancer de cuello uterino",pildora: usuarias nuevas,2015-03-01,0,3,8,3,0,14
YANACACHI,"anticoncepcion, prevencion de its y de cancer de cuello uterino",pildora: usuarias nuevas,2015-03-01,0,0,2,0,0,2
YAPACANI,"anticoncepcion, prevencion de its y de cancer de cuello uterino",pildora: usuarias nuevas,2015-03-01,0,1,13,4,0,18
YOCALLA,"anticoncepcion, prevencion de its y de cancer de cuello uterino",pildora: usuarias nuevas,2015-03-01,0,2,0,1,0,3
YOTALA,"anticoncepcion, prevencion de its y de cancer de cuello uterino",pildora: usuarias nuevas,2015-03-01,0,1,2,0,0,3
YUNCHARA,"anticoncepcion, prevencion de its y de cancer de cuello uterino",pildora: usuarias nuevas,2015-03-01,0,0,3,0,0,3
ZUDAÑEZ,"anticoncepcion, prevencion de its y de cancer de cuello uterino",pildora: usuarias nuevas,2015-03-01,0,0,3,0,0,3
ACACIO,"anticoncepcion, prevencion de its y de cancer de cuello uterino",pildora: usuarias nuevas,2015-04-01,0,1,1,0,0,2
ACHACACHI,"anticoncepcion, prevencion de its y de cancer de cuello uterino",pildora: usuarias nuevas,2015-04-01,0,0,4,1,0,5
ACHOCALLA,"anticoncepcion, prevencion de its y de cancer de cuello uterino",pildora: usuarias nuevas,2015-04-01,0,0,1,0,0,1
AIQUILE,"anticoncepcion, prevencion de its y de cancer de cuello uterino",pildora: usuarias nuevas,2015-04-01,0,3,4,0,0,7
ALALAY,"anticoncepcion, prevencion de its y de cancer de cuello uterino",pildora: usuarias nuevas,2015-04-01,0,0,1,0,0,1
ALCALA,"anticoncepcion, prevencion de its y de cancer de cuello uterino",pildora: usuarias nuevas,2015-04-01,0,1,0,0,0,1
ALTO BENI,"anticoncepcion, prevencion de its y de cancer de cuello uterino",pildora: usuarias nuevas,2015-04-01,0,0,2,1,0,3
ANCORAIMES,"anticoncepcion, prevencion de its y de cancer de cuello uterino",pildora: usuarias nuevas,2015-04-01,0,1,0,0,0,1
ANTEQUERA,"anticoncepcion, prevencion de its y de cancer de cuello uterino",pildora: usuarias nuevas,2015-04-01,0,0,0,24,0,24
APOLO,"anticoncepcion, prevencion de its y de cancer de cuello uterino",pildora: usuarias nuevas,2015-04-01,0,1,2,0,0,3
ARBIETO,"anticoncepcion, prevencion de its y de cancer de cuello uterino",pildora: usuarias nuevas,2015-04-01,0,0,3,0,0,3
ARQUE,"anticoncepcion, prevencion de its y de cancer de cuello uterino",pildora: usuarias nuevas,2015-04-01,0,0,4,0,0,4
ASCENCION DE GUARAYOS,"anticoncepcion, prevencion de its y de cancer de cuello uterino",pildora: usuarias nuevas,2015-04-01,0,2,4,1,0,7
ATOCHA,"anticoncepcion, prevencion de its y de cancer de cuello uterino",pildora: usuarias nuevas,2015-04-01,0,0,4,1,0,5
AUCAPATA,"anticoncepcion, prevencion de its y de cancer de cuello uterino",pildora: usuarias nuevas,2015-04-01,0,0,2,0,0,2
AYO AYO,"anticoncepcion, prevencion de its y de cancer de cuello uterino",pildora: usuarias nuevas,2015-04-01,0,0,3,0,0,3
AYOPAYA (V. DE INDEPENDENCIA),"anticoncepcion, prevencion de its y de cancer de cuello uterino",pildora: usuarias nuevas,2015-04-01,0,2,0,6,0,8
AZURDUY,"anticoncepcion, prevencion de its y de cancer de cuello uterino",pildora: usuarias nuevas,2015-04-01,0,1,0,1,0,2
BATALLAS,"anticoncepcion, prevencion de its y de cancer de cuello uterino",pildora: usuarias nuevas,2015-04-01,0,0,1,0,0,1
BAURES,"anticoncepcion, prevencion de its y de cancer de cuello uterino",pildora: usuarias nuevas,2015-04-01,0,1,4,3,0,8
BELLA FLOR,"anticoncepcion, prevencion de its y de cancer de cuello uterino",pildora: usuarias nuevas,2015-04-01,2,0,3,0,0,5
BERMEJO,"anticoncepcion, prevencion de its y de cancer de cuello uterino",pildora: usuarias nuevas,2015-04-01,0,1,5,0,0,6
BETANZOS,"anticoncepcion, prevencion de its y de cancer de cuello uterino",pildora: usuarias nuevas,2015-04-01,0,0,0,1,0,1
BOLIVAR,"anticoncepcion, prevencion de its y de cancer de cuello uterino",pildora: usuarias nuevas,2015-04-01,0,0,1,0,0,1
BOLPEBRA,"anticoncepcion, prevencion de its y de cancer de cuello uterino",pildora: usuarias nuevas,2015-04-01,0,1,0,0,0,1
BOYUIBE,"anticoncepcion, prevencion de its y de cancer de cuello uterino",pildora: usuarias nuevas,2015-04-01,0,0,1,1,0,2
BUENA VISTA,"anticoncepcion, prevencion de its y de cancer de cuello uterino",pildora: usuarias nuevas,2015-04-01,0,0,3,1,0,4
CABEZAS,"anticoncepcion, prevencion de its y de cancer de cuello uterino",pildora: usuarias nuevas,2015-04-01,0,3,8,2,0,13
CAIROMA,"anticoncepcion, prevencion de its y de cancer de cuello uterino",pildora: usuarias nuevas,2015-04-01,0,0,1,1,0,2
"CAIZA ""D""","anticoncepcion, prevencion de its y de cancer de cuello uterino",pildora: usuarias nuevas,2015-04-01,0,0,4,1,0,5
CAJUATA,"anticoncepcion, prevencion de its y de cancer de cuello uterino",pildora: usuarias nuevas,2015-04-01,0,0,2,0,0,2
CALAMARCA,"anticoncepcion, prevencion de its y de cancer de cuello uterino",pildora: usuarias nuevas,2015-04-01,0,0,2,1,0,3
CAMARGO,"anticoncepcion, prevencion de its y de cancer de cuello uterino",pildora: usuarias nuevas,2015-04-01,0,0,4,1,0,5
CAMATAQUI (C. VILLA ABECIA),"anticoncepcion, prevencion de its y de cancer de cuello uterino",pildora: usuarias nuevas,2015-04-01,0,0,0,1,0,1
CAMIRI,"anticoncepcion, prevencion de its y de cancer de cuello uterino",pildora: usuarias nuevas,2015-04-01,0,0,1,0,0,1
CAPINOTA,"anticoncepcion, prevencion de its y de cancer de cuello uterino",pildora: usuarias nuevas,2015-04-01,0,0,1,0,0,1
CARACOLLO,"anticoncepcion, prevencion de its y de cancer de cuello uterino",pildora: usuarias nuevas,2015-04-01,0,0,6,0,0,6
CARANAVI,"anticoncepcion, prevencion de its y de cancer de cuello uterino",pildora: usuarias nuevas,2015-04-01,0,1,9,1,0,11
CARANGAS,"anticoncepcion, prevencion de its y de cancer de cuello uterino",pildora: usuarias nuevas,2015-04-01,0,0,1,0,0,1
CARAPARI,"anticoncepcion, prevencion de its y de cancer de cuello uterino",pildora: usuarias nuevas,2015-04-01,0,0,4,0,0,4
CARMEN RIVERO TORREZ,"anticoncepcion, prevencion de its y de cancer de cuello uterino",pildora: usuarias nuevas,2015-04-01,0,0,4,0,0,4
CATACORA,"anticoncepcion, prevencion de its y de cancer de cuello uterino",pildora: usuarias nuevas,2015-04-01,0,0,1,0,0,1
CHALLAPATA,"anticoncepcion, prevencion de its y de cancer de cuello uterino",pildora: usuarias nuevas,2015-04-01,0,0,3,3,0,6
CHAQUI,"anticoncepcion, prevencion de its y de cancer de cuello uterino",pildora: usuarias nuevas,2015-04-01,0,0,1,1,0,2
CHARAGUA,"anticoncepcion, prevencion de its y de cancer de cuello uterino",pildora: usuarias nuevas,2015-04-01,0,1,5,0,0,6
CHAYANTA,"anticoncepcion, prevencion de its y de cancer de cuello uterino",pildora: usuarias nuevas,2015-04-01,0,0,4,0,0,4
CHIMORE,"anticoncepcion, prevencion de its y de cancer de cuello uterino",pildora: usuarias nuevas,2015-04-01,0,3,6,2,0,11
CHIPAYA,"anticoncepcion, prevencion de its y de cancer de cuello uterino",pildora: usuarias nuevas,2015-04-01,0,0,1,0,0,1
CHULUMANI (V. DE LA LIBERTAD),"anticoncepcion, prevencion de its y de cancer de cuello uterino",pildora: usuarias nuevas,2015-04-01,0,0,1,1,0,2
CHUMA,"anticoncepcion, prevencion de its y de cancer de cuello uterino",pildora: usuarias nuevas,2015-04-01,0,1,0,0,0,1
CHUQUIHUTA AYLLU JUCUMANI,"anticoncepcion, prevencion de its y de cancer de cuello uterino",pildora: usuarias nuevas,2015-04-01,0,0,3,1,0,4
CLIZA,"anticoncepcion, prevencion de its y de cancer de cuello uterino",pildora: usuarias nuevas,2015-04-01,0,5,8,1,0,14
COBIJA,"anticoncepcion, prevencion de its y de cancer de cuello uterino",pildora: usuarias nuevas,2015-04-01,0,5,6,1,0,12
COCAPATA,"anticoncepcion, prevencion de its y de cancer de cuello uterino",pildora: usuarias nuevas,2015-04-01,0,0,1,0,0,1
COCHABAMBA,"anticoncepcion, prevencion de its y de cancer de cuello uterino",pildora: usuarias nuevas,2015-04-01,1,36,283,16,0,336
COIPASA,"anticoncepcion, prevencion de its y de cancer de cuello uterino",pildora: usuarias nuevas,2015-04-01,0,0,1,0,0,1
COLCAPIRHUA,"anticoncepcion, prevencion de its y de cancer de cuello uterino",pildora: usuarias nuevas,2015-04-01,0,0,4,0,0,4
"COLCHA ""K""","anticoncepcion, prevencion de its y de cancer de cuello uterino",pildora: usuarias nuevas,2015-04-01,0,1,1,0,0,2
COLLANA,"anticoncepcion, prevencion de its y de cancer de cuello uterino",pildora: usuarias nuevas,2015-04-01,0,1,1,0,0,2
COLOMI,"anticoncepcion, prevencion de its y de cancer de cuello uterino",pildora: usuarias nuevas,2015-04-01,0,1,2,0,0,3
COLPA BELGICA,"anticoncepcion, prevencion de its y de cancer de cuello uterino",pildora: usuarias nuevas,2015-04-01,0,1,1,0,0,2
COLQUECHACA,"anticoncepcion, prevencion de its y de cancer de cuello uterino",pildora: usuarias nuevas,2015-04-01,1,0,2,0,0,3
COLQUIRI,"anticoncepcion, prevencion de its y de cancer de cuello uterino",pildora: usuarias nuevas,2015-04-01,0,0,1,0,0,1
COMARAPA,"anticoncepcion, prevencion de its y de cancer de cuello uterino",pildora: usuarias nuevas,2015-04-01,0,0,5,1,0,6
CONCEPCION,"anticoncepcion, prevencion de its y de cancer de cuello uterino",pildora: usuarias nuevas,2015-04-01,0,1,0,0,0,1
COPACABANA,"anticoncepcion, prevencion de its y de cancer de cuello uterino",pildora: usuarias nuevas,2015-04-01,0,0,1,0,0,1
COTAGAITA,"anticoncepcion, prevencion de its y de cancer de cuello uterino",pildora: usuarias nuevas,2015-04-01,0,1,7,0,0,8
COTOCA,"anticoncepcion, prevencion de its y de cancer de cuello uterino",pildora: usuarias nuevas,2015-04-01,0,3,15,2,0,20
CRUZ DE MACHACAMARCA,"anticoncepcion, prevencion de its y de cancer de cuello uterino",pildora: usuarias nuevas,2015-04-01,0,0,1,0,0,1
CUATRO CAÑADAS,"anticoncepcion, prevencion de its y de cancer de cuello uterino",pildora: usuarias nuevas,2015-04-01,0,0,6,2,0,8
CUEVO,"anticoncepcion, prevencion de its y de cancer de cuello uterino",pildora: usuarias nuevas,2015-04-01,0,0,1,0,0,1
CULPINA,"anticoncepcion, prevencion de its y de cancer de cuello uterino",pildora: usuarias nuevas,2015-04-01,0,1,1,1,0,3
DESAGUADERO,"anticoncepcion, prevencion de its y de cancer de cuello uterino",pildora: usuarias nuevas,2015-04-01,0,0,1,0,0,1
EL ALTO,"anticoncepcion, prevencion de its y de cancer de cuello uterino",pildora: usuarias nuevas,2015-04-01,0,17,111,25,0,153
EL CHORO,"anticoncepcion, prevencion de its y de cancer de cuello uterino",pildora: usuarias nuevas,2015-04-01,0,0,0,1,0,1
EL PUENTE(STC),"anticoncepcion, prevencion de its y de cancer de cuello uterino",pildora: usuarias nuevas,2015-04-01,0,15,3,0,0,18
EL PUENTE(TJA),"anticoncepcion, prevencion de its y de cancer de cuello uterino",pildora: usuarias nuevas,2015-04-01,0,0,2,0,1,3
EL TORNO,"anticoncepcion, prevencion de its y de cancer de cuello uterino",pildora: usuarias nuevas,2015-04-01,1,7,10,1,0,19
EL VILLAR,"anticoncepcion, prevencion de its y de cancer de cuello uterino",pildora: usuarias nuevas,2015-04-01,0,0,1,0,0,1
ENTRE RIOS TRJ,"anticoncepcion, prevencion de its y de cancer de cuello uterino",pildora: usuarias nuevas,2015-04-01,0,3,4,1,0,8
ENTRE RIOS CBBA,"anticoncepcion, prevencion de its y de cancer de cuello uterino",pildora: usuarias nuevas,2015-04-01,1,0,10,1,0,12
ESCARA,"anticoncepcion, prevencion de its y de cancer de cuello uterino",pildora: usuarias nuevas,2015-04-01,0,0,0,1,0,1
EUREKA (SANTOS MERCADO),"anticoncepcion, prevencion de its y de cancer de cuello uterino",pildora: usuarias nuevas,2015-04-01,0,0,2,0,0,2
EXALTACION,"anticoncepcion, prevencion de its y de cancer de cuello uterino",pildora: usuarias nuevas,2015-04-01,0,0,1,2,0,3
FERNANDEZ ALONSO,"anticoncepcion, prevencion de its y de cancer de cuello uterino",pildora: usuarias nuevas,2015-04-01,0,0,5,0,0,5
FILADELFIA,"anticoncepcion, prevencion de its y de cancer de cuello uterino",pildora: usuarias nuevas,2015-04-01,1,1,1,0,0,3
GENERAL SAAVEDRA,"anticoncepcion, prevencion de its y de cancer de cuello uterino",pildora: usuarias nuevas,2015-04-01,0,5,12,2,0,19
GRAL. J.J. PEREZ (CHARAZANI),"anticoncepcion, prevencion de its y de cancer de cuello uterino",pildora: usuarias nuevas,2015-04-01,0,0,1,0,0,1
GUAQUI,"anticoncepcion, prevencion de its y de cancer de cuello uterino",pildora: usuarias nuevas,2015-04-01,0,0,4,0,0,4
GUTIERREZ,"anticoncepcion, prevencion de its y de cancer de cuello uterino",pildora: usuarias nuevas,2015-04-01,0,1,1,1,0,3
HUACARETA,"anticoncepcion, prevencion de its y de cancer de cuello uterino",pildora: usuarias nuevas,2015-04-01,0,1,24,1,0,26
HUANUNI,"anticoncepcion, prevencion de its y de cancer de cuello uterino",pildora: usuarias nuevas,2015-04-01,0,0,1,0,0,1
HUARACAJE,"anticoncepcion, prevencion de its y de cancer de cuello uterino",pildora: usuarias nuevas,2015-04-01,1,3,4,1,0,9
ICHOCA,"anticoncepcion, prevencion de its y de cancer de cuello uterino",pildora: usuarias nuevas,2015-04-01,0,0,1,0,0,1
INCAHUASI,"anticoncepcion, prevencion de its y de cancer de cuello uterino",pildora: usuarias nuevas,2015-04-01,0,1,2,1,0,4
INGAVI (HUMAITA),"anticoncepcion, prevencion de its y de cancer de cuello uterino",pildora: usuarias nuevas,2015-04-01,0,1,0,0,0,1
IRUPANA (VILLA DE LANZA),"anticoncepcion, prevencion de its y de cancer de cuello uterino",pildora: usuarias nuevas,2015-04-01,0,1,7,8,0,16
IXIAMAS,"anticoncepcion, prevencion de its y de cancer de cuello uterino",pildora: usuarias nuevas,2015-04-01,0,0,3,1,0,4
LA ASUNTA,"anticoncepcion, prevencion de its y de cancer de cuello uterino",pildora: usuarias nuevas,2015-04-01,0,2,7,3,0,12
LA GUARDIA,"anticoncepcion, prevencion de its y de cancer de cuello uterino",pildora: usuarias nuevas,2015-04-01,1,7,23,9,0,40
LA PAZ,"anticoncepcion, prevencion de its y de cancer de cuello uterino",pildora: usuarias nuevas,2015-04-01,0,11,95,21,3,130
LAJA,"anticoncepcion, prevencion de its y de cancer de cuello uterino",pildora: usuarias nuevas,2015-04-01,0,0,1,2,0,3
LAS CARRERAS,"anticoncepcion, prevencion de its y de cancer de cuello uterino",pildora: usuarias nuevas,2015-04-01,0,1,2,0,0,3
LLALLAGUA,"anticoncepcion, prevencion de its y de cancer de cuello uterino",pildora: usuarias nuevas,2015-04-01,0,0,10,3,0,13
LLICA,"anticoncepcion, prevencion de its y de cancer de cuello uterino",pildora: usuarias nuevas,2015-04-01,0,0,1,0,0,1
LORETO,"anticoncepcion, prevencion de its y de cancer de cuello uterino",pildora: usuarias nuevas,2015-04-01,4,0,1,1,0,6
LURIBAY,"anticoncepcion, prevencion de its y de cancer de cuello uterino",pildora: usuarias nuevas,2015-04-01,0,0,1,0,0,1
MACHACAMARCA,"anticoncepcion, prevencion de its y de cancer de cuello uterino",pildora: usuarias nuevas,2015-04-01,0,0,2,0,0,2
MACHARETI,"anticoncepcion, prevencion de its y de cancer de cuello uterino",pildora: usuarias nuevas,2015-04-01,1,1,13,1,0,16
MAGDALENA,"anticoncepcion, prevencion de its y de cancer de cuello uterino",pildora: usuarias nuevas,2015-04-01,0,5,4,1,0,10
MAPIRI,"anticoncepcion, prevencion de its y de cancer de cuello uterino",pildora: usuarias nuevas,2015-04-01,0,0,3,0,0,3
MECAPACA,"anticoncepcion, prevencion de its y de cancer de cuello uterino",pildora: usuarias nuevas,2015-04-01,0,0,14,0,0,14
MINEROS,"anticoncepcion, prevencion de its y de cancer de cuello uterino",pildora: usuarias nuevas,2015-04-01,0,3,9,0,0,12
MIZQUE,"anticoncepcion, prevencion de its y de cancer de cuello uterino",pildora: usuarias nuevas,2015-04-01,0,2,4,1,0,7
MOJOCOYA,"anticoncepcion, prevencion de its y de cancer de cuello uterino",pildora: usuarias nuevas,2015-04-01,0,0,1,0,0,1
MONTEAGUDO,"anticoncepcion, prevencion de its y de cancer de cuello uterino",pildora: usuarias nuevas,2015-04-01,0,4,3,1,0,8
MONTERO,"anticoncepcion, prevencion de its y de cancer de cuello uterino",pildora: usuarias nuevas,2015-04-01,2,11,15,4,0,32
MORO MORO,"anticoncepcion, prevencion de its y de cancer de cuello uterino",pildora: usuarias nuevas,2015-04-01,0,0,1,0,0,1
MOROCHATA,"anticoncepcion, prevencion de its y de cancer de cuello uterino",pildora: usuarias nuevas,2015-04-01,0,0,0,1,0,1
NUEVO MANOA (NUEVA ESPERANZA),"anticoncepcion, prevencion de its y de cancer de cuello uterino",pildora: usuarias nuevas,2015-04-01,0,1,0,0,0,1
OCURI,"anticoncepcion, prevencion de its y de cancer de cuello uterino",pildora: usuarias nuevas,2015-04-01,0,2,5,4,0,11
OKINAWA,"anticoncepcion, prevencion de its y de cancer de cuello uterino",pildora: usuarias nuevas,2015-04-01,0,1,1,0,0,2
ORURO,"anticoncepcion, prevencion de its y de cancer de cuello uterino",pildora: usuarias nuevas,2015-04-01,0,7,32,7,0,46
PADCAYA,"anticoncepcion, prevencion de its y de cancer de cuello uterino",pildora: usuarias nuevas,2015-04-01,0,0,1,0,0,1
PADILLA,"anticoncepcion, prevencion de its y de cancer de cuello uterino",pildora: usuarias nuevas,2015-04-01,0,0,3,0,0,3
PAILON,"anticoncepcion, prevencion de its y de cancer de cuello uterino",pildora: usuarias nuevas,2015-04-01,0,2,13,2,0,17
PALCA,"anticoncepcion, prevencion de its y de cancer de cuello uterino",pildora: usuarias nuevas,2015-04-01,0,7,28,5,0,40
PALOS BLANCOS,"anticoncepcion, prevencion de its y de cancer de cuello uterino",pildora: usuarias nuevas,2015-04-01,0,0,3,0,0,3
PAMPA GRANDE,"anticoncepcion, prevencion de its y de cancer de cuello uterino",pildora: usuarias nuevas,2015-04-01,0,0,2,0,0,2
PAPEL PAMPA,"anticoncepcion, prevencion de its y de cancer de cuello uterino",pildora: usuarias nuevas,2015-04-01,1,0,0,0,0,1
PATACAMAYA,"anticoncepcion, prevencion de its y de cancer de cuello uterino",pildora: usuarias nuevas,2015-04-01,0,2,0,0,0,2
PAZÑA,"anticoncepcion, prevencion de its y de cancer de cuello uterino",pildora: usuarias nuevas,2015-04-01,0,0,0,1,0,1
PELECHUCO,"anticoncepcion, prevencion de its y de cancer de cuello uterino",pildora: usuarias nuevas,2015-04-01,0,1,1,0,0,2
POCOATA,"anticoncepcion, prevencion de its y de cancer de cuello uterino",pildora: usuarias nuevas,2015-04-01,0,0,4,0,0,4
POCONA,"anticoncepcion, prevencion de its y de cancer de cuello uterino",pildora: usuarias nuevas,2015-04-01,0,1,2,2,0,5
POJO (CBBA),"anticoncepcion, prevencion de its y de cancer de cuello uterino",pildora: usuarias nuevas,2015-04-01,0,3,1,1,0,5
POOPO,"anticoncepcion, prevencion de its y de cancer de cuello uterino",pildora: usuarias nuevas,2015-04-01,1,0,0,2,0,3
PORCO,"anticoncepcion, prevencion de its y de cancer de cuello uterino",pildora: usuarias nuevas,2015-04-01,0,3,1,0,0,4
POROMA,"anticoncepcion, prevencion de its y de cancer de cuello uterino",pildora: usuarias nuevas,2015-04-01,0,0,4,0,0,4
PORONGO,"anticoncepcion, prevencion de its y de cancer de cuello uterino",pildora: usuarias nuevas,2015-04-01,0,6,7,1,0,14
PORTACHUELO,"anticoncepcion, prevencion de its y de cancer de cuello uterino",pildora: usuarias nuevas,2015-04-01,0,1,8,0,0,9
PORVENIR,"anticoncepcion, prevencion de its y de cancer de cuello uterino",pildora: usuarias nuevas,2015-04-01,0,1,0,0,0,1
POSTRER VALLE,"anticoncepcion, prevencion de its y de cancer de cuello uterino",pildora: usuarias nuevas,2015-04-01,0,1,0,0,0,1
POTOSI,"anticoncepcion, prevencion de its y de cancer de cuello uterino",pildora: usuarias nuevas,2015-04-01,0,9,60,8,0,77
PRESTO,"anticoncepcion, prevencion de its y de cancer de cuello uterino",pildora: usuarias nuevas,2015-04-01,0,0,10,2,0,12
PUCARANI,"anticoncepcion, prevencion de its y de cancer de cuello uterino",pildora: usuarias nuevas,2015-04-01,0,0,4,0,0,4
PUERTO ACOSTA,"anticoncepcion, prevencion de its y de cancer de cuello uterino",pildora: usuarias nuevas,2015-04-01,0,0,0,1,0,1
PUERTO CARABUCO,"anticoncepcion, prevencion de its y de cancer de cuello uterino",pildora: usuarias nuevas,2015-04-01,0,0,0,1,0,1
PUERTO GONZALO MORENO,"anticoncepcion, prevencion de its y de cancer de cuello uterino",pildora: usuarias nuevas,2015-04-01,0,0,5,1,0,6
PUERTO PEREZ,"anticoncepcion, prevencion de its y de cancer de cuello uterino",pildora: usuarias nuevas,2015-04-01,0,0,0,1,0,1
PUERTO QUIJARRO,"anticoncepcion, prevencion de its y de cancer de cuello uterino",pildora: usuarias nuevas,2015-04-01,0,0,6,1,0,7
PUERTO RICO,"anticoncepcion, prevencion de its y de cancer de cuello uterino",pildora: usuarias nuevas,2015-04-01,0,0,3,0,0,3
PUERTO SILES,"anticoncepcion, prevencion de its y de cancer de cuello uterino",pildora: usuarias nuevas,2015-04-01,0,0,2,0,0,2
PUERTO SUAREZ,"anticoncepcion, prevencion de its y de cancer de cuello uterino",pildora: usuarias nuevas,2015-04-01,0,3,3,2,0,8
PUERTO VILLARROEL,"anticoncepcion, prevencion de its y de cancer de cuello uterino",pildora: usuarias nuevas,2015-04-01,0,4,5,0,0,9
PUNA,"anticoncepcion, prevencion de its y de cancer de cuello uterino",pildora: usuarias nuevas,2015-04-01,0,1,0,1,0,2
PUNATA,"anticoncepcion, prevencion de its y de cancer de cuello uterino",pildora: usuarias nuevas,2015-04-01,0,1,8,0,0,9
QUILLACOLLO,"anticoncepcion, prevencion de its y de cancer de cuello uterino",pildora: usuarias nuevas,2015-04-01,0,2,17,2,0,21
QUIME,"anticoncepcion, prevencion de its y de cancer de cuello uterino",pildora: usuarias nuevas,2015-04-01,0,1,2,0,0,3
RAVELO,"anticoncepcion, prevencion de its y de cancer de cuello uterino",pildora: usuarias nuevas,2015-04-01,0,0,1,0,0,1
REYES,"anticoncepcion, prevencion de its y de cancer de cuello uterino",pildora: usuarias nuevas,2015-04-01,0,9,15,1,0,25
RIBERALTA,"anticoncepcion, prevencion de its y de cancer de cuello uterino",pildora: usuarias nuevas,2015-04-01,1,6,38,5,0,50
ROBORE,"anticoncepcion, prevencion de its y de cancer de cuello uterino",pildora: usuarias nuevas,2015-04-01,0,0,3,0,0,3
RURRENABAQUE,"anticoncepcion, prevencion de its y de cancer de cuello uterino",pildora: usuarias nuevas,2015-04-01,0,1,5,1,0,7
SABAYA,"anticoncepcion, prevencion de its y de cancer de cuello uterino",pildora: usuarias nuevas,2015-04-01,0,0,1,0,0,1
SACABA,"anticoncepcion, prevencion de its y de cancer de cuello uterino",pildora: usuarias nuevas,2015-04-01,0,4,12,4,0,20
SACABAMBA,"anticoncepcion, prevencion de its y de cancer de cuello uterino",pildora: usuarias nuevas,2015-04-01,0,0,1,0,0,1
SACACA,"anticoncepcion, prevencion de its y de cancer de cuello uterino",pildora: usuarias nuevas,2015-04-01,0,0,1,4,0,5
SALINAS DE GARCI MENDOZA,"anticoncepcion, prevencion de its y de cancer de cuello uterino",pildora: usuarias nuevas,2015-04-01,0,0,7,3,0,10
SAN AGUSTIN,"anticoncepcion, prevencion de its y de cancer de cuello uterino",pildora: usuarias nuevas,2015-04-01,0,0,1,0,0,1
SAN ANDRES,"anticoncepcion, prevencion de its y de cancer de cuello uterino",pildora: usuarias nuevas,2015-04-01,0,0,6,1,0,7
SAN ANTONIO DE LOMERIO,"anticoncepcion, prevencion de its y de cancer de cuello uterino",pildora: usuarias nuevas,2015-04-01,0,2,0,1,0,3
SAN BENITO,"anticoncepcion, prevencion de its y de cancer de cuello uterino",pildora: usuarias nuevas,2015-04-01,0,0,2,3,0,5
SAN BORJA,"anticoncepcion, prevencion de its y de cancer de cuello uterino",pildora: usuarias nuevas,2015-04-01,1,6,27,6,1,41
SAN CARLOS,"anticoncepcion, prevencion de its y de cancer de cuello uterino",pildora: usuarias nuevas,2015-04-01,1,0,12,0,0,13
SAN IGNACIO,"anticoncepcion, prevencion de its y de cancer de cuello uterino",pildora: usuarias nuevas,2015-04-01,1,9,41,20,0,71
SAN IGNACIO DE VELASCO,"anticoncepcion, prevencion de its y de cancer de cuello uterino",pildora: usuarias nuevas,2015-04-01,0,0,13,2,0,15
SAN JAVIER(BNI),"anticoncepcion, prevencion de its y de cancer de cuello uterino",pildora: usuarias nuevas,2015-04-01,0,0,1,1,0,2
SAN JAVIER(STC),"anticoncepcion, prevencion de its y de cancer de cuello uterino",pildora: usuarias nuevas,2015-04-01,0,0,3,0,1,4
SAN JOAQUIN,"anticoncepcion, prevencion de its y de cancer de cuello uterino",pildora: usuarias nuevas,2015-04-01,0,3,2,3,0,8
SAN JOSE DE CHIQUITOS,"anticoncepcion, prevencion de its y de cancer de cuello uterino",pildora: usuarias nuevas,2015-04-01,0,0,5,2,1,8
SAN JUAN DE YAPACANI,"anticoncepcion, prevencion de its y de cancer de cuello uterino",pildora: usuarias nuevas,2015-04-01,0,1,2,0,0,3
SAN JULIAN,"anticoncepcion, prevencion de its y de cancer de cuello uterino",pildora: usuarias nuevas,2015-04-01,1,0,9,1,0,11
SAN LORENZO(PND),"anticoncepcion, prevencion de its y de cancer de cuello uterino",pildora: usuarias nuevas,2015-04-01,0,0,2,0,0,2
SAN LORENZO(TJA),"anticoncepcion, prevencion de its y de cancer de cuello uterino",pildora: usuarias nuevas,2015-04-01,0,2,0,1,0,3
SAN LUCAS,"anticoncepcion, prevencion de its y de cancer de cuello uterino",pildora: usuarias nuevas,2015-04-01,0,1,4,0,0,5
SAN MATIAS,"anticoncepcion, prevencion de its y de cancer de cuello uterino",pildora: usuarias nuevas,2015-04-01,0,1,2,1,0,4
SAN MIGUEL DE VELASCO,"anticoncepcion, prevencion de its y de cancer de cuello uterino",pildora: usuarias nuevas,2015-04-01,0,0,1,0,0,1
SAN PABLO DE LIPEZ,"anticoncepcion, prevencion de its y de cancer de cuello uterino",pildora: usuarias nuevas,2015-04-01,0,0,2,0,0,2
SAN PEDRO,"anticoncepcion, prevencion de its y de cancer de cuello uterino",pildora: usuarias nuevas,2015-04-01,0,1,3,0,0,4
SAN PEDRO DE BUENA VISTA,"anticoncepcion, prevencion de its y de cancer de cuello uterino",pildora: usuarias nuevas,2015-04-01,0,1,4,5,0,10
SAN PEDRO DE TIQUINA,"anticoncepcion, prevencion de its y de cancer de cuello uterino",pildora: usuarias nuevas,2015-04-01,0,1,0,0,0,1
SAN RAFAEL,"anticoncepcion, prevencion de its y de cancer de cuello uterino",pildora: usuarias nuevas,2015-04-01,0,0,6,0,0,6
SAN RAMON BENI,"anticoncepcion, prevencion de its y de cancer de cuello uterino",pildora: usuarias nuevas,2015-04-01,0,1,1,0,0,2
SAN RAMON SCZ,"anticoncepcion, prevencion de its y de cancer de cuello uterino",pildora: usuarias nuevas,2015-04-01,0,0,1,2,0,3
SANTA ANA,"anticoncepcion, prevencion de its y de cancer de cuello uterino",pildora: usuarias nuevas,2015-04-01,0,4,9,2,0,15
SANTA CRUZ DE LA SIERRA,"anticoncepcion, prevencion de its y de cancer de cuello uterino",pildora: usuarias nuevas,2015-04-01,4,90,206,82,0,382
SANTA ROSA DEL SARA,"anticoncepcion, prevencion de its y de cancer de cuello uterino",pildora: usuarias nuevas,2015-04-01,0,1,8,4,0,13
SANTIAGO DE HUARI,"anticoncepcion, prevencion de its y de cancer de cuello uterino",pildora: usuarias nuevas,2015-04-01,0,0,2,0,0,2
SANTUARIO DE QUILLACAS,"anticoncepcion, prevencion de its y de cancer de cuello uterino",pildora: usuarias nuevas,2015-04-01,0,1,2,2,0,5
SAPAHAQUI,"anticoncepcion, prevencion de its y de cancer de cuello uterino",pildora: usuarias nuevas,2015-04-01,0,1,1,1,0,3
SENA,"anticoncepcion, prevencion de its y de cancer de cuello uterino",pildora: usuarias nuevas,2015-04-01,0,0,1,1,0,2
SHINAOTA,"anticoncepcion, prevencion de its y de cancer de cuello uterino",pildora: usuarias nuevas,2015-04-01,0,0,2,1,0,3
SIPE SIPE,"anticoncepcion, prevencion de its y de cancer de cuello uterino",pildora: usuarias nuevas,2015-04-01,0,3,9,6,0,18
SOPACHUY,"anticoncepcion, prevencion de its y de cancer de cuello uterino",pildora: usuarias nuevas,2015-04-01,0,0,1,1,0,2
SORACACHI,"anticoncepcion, prevencion de its y de cancer de cuello uterino",pildora: usuarias nuevas,2015-04-01,0,0,0,1,0,1
SUCRE,"anticoncepcion, prevencion de its y de cancer de cuello uterino",pildora: usuarias nuevas,2015-04-01,1,12,63,16,0,92
TACACOMA,"anticoncepcion, prevencion de its y de cancer de cuello uterino",pildora: usuarias nuevas,2015-04-01,0,1,1,0,0,2
TACOPAYA,"anticoncepcion, prevencion de its y de cancer de cuello uterino",pildora: usuarias nuevas,2015-04-01,0,0,1,0,0,1
TAHUA,"anticoncepcion, prevencion de its y de cancer de cuello uterino",pildora: usuarias nuevas,2015-04-01,0,0,0,1,0,1
TARABUCO,"anticoncepcion, prevencion de its y de cancer de cuello uterino",pildora: usuarias nuevas,2015-04-01,0,1,1,1,0,3
TARATA,"anticoncepcion, prevencion de its y de cancer de cuello uterino",pildora: usuarias nuevas,2015-04-01,0,0,1,0,0,1
TARIJA,"anticoncepcion, prevencion de its y de cancer de cuello uterino",pildora: usuarias nuevas,2015-04-01,1,11,28,8,0,48
TARVITA,"anticoncepcion, prevencion de its y de cancer de cuello uterino",pildora: usuarias nuevas,2015-04-01,0,0,6,5,0,11
TEOPONTE,"anticoncepcion, prevencion de its y de cancer de cuello uterino",pildora: usuarias nuevas,2015-04-01,0,1,1,0,0,2
TIAWANACU,"anticoncepcion, prevencion de its y de cancer de cuello uterino",pildora: usuarias nuevas,2015-04-01,0,1,1,0,0,2
TINGUIPAYA,"anticoncepcion, prevencion de its y de cancer de cuello uterino",pildora: usuarias nuevas,2015-04-01,0,0,2,1,0,3
TIPUANI,"anticoncepcion, prevencion de its y de cancer de cuello uterino",pildora: usuarias nuevas,2015-04-01,0,0,1,0,0,1
TIQUIPAYA,"anticoncepcion, prevencion de its y de cancer de cuello uterino",pildora: usuarias nuevas,2015-04-01,0,1,16,1,0,18
TIRAQUE (CBBA),"anticoncepcion, prevencion de its y de cancer de cuello uterino",pildora: usuarias nuevas,2015-04-01,0,0,1,2,0,3
TOCO,"anticoncepcion, prevencion de its y de cancer de cuello uterino",pildora: usuarias nuevas,2015-04-01,0,1,0,1,0,2
TOLATA,"anticoncepcion, prevencion de its y de cancer de cuello uterino",pildora: usuarias nuevas,2015-04-01,0,0,2,0,0,2
TOMAVE,"anticoncepcion, prevencion de its y de cancer de cuello uterino",pildora: usuarias nuevas,2015-04-01,0,0,2,1,0,3
TOMINA,"anticoncepcion, prevencion de its y de cancer de cuello uterino",pildora: usuarias nuevas,2015-04-01,0,0,1,0,0,1
TORO TORO,"anticoncepcion, prevencion de its y de cancer de cuello uterino",pildora: usuarias nuevas,2015-04-01,0,0,0,1,0,1
TOTORA(CBBA),"anticoncepcion, prevencion de its y de cancer de cuello uterino",pildora: usuarias nuevas,2015-04-01,0,0,8,0,0,8
TRINIDAD,"anticoncepcion, prevencion de its y de cancer de cuello uterino",pildora: usuarias nuevas,2015-04-01,0,193,99,4,0,296
TUPIZA,"anticoncepcion, prevencion de its y de cancer de cuello uterino",pildora: usuarias nuevas,2015-04-01,0,0,4,2,0,6
TURCO,"anticoncepcion, prevencion de its y de cancer de cuello uterino",pildora: usuarias nuevas,2015-04-01,0,0,1,0,0,1
UMALA,"anticoncepcion, prevencion de its y de cancer de cuello uterino",pildora: usuarias nuevas,2015-04-01,0,0,1,0,0,1
UNCIA,"anticoncepcion, prevencion de its y de cancer de cuello uterino",pildora: usuarias nuevas,2015-04-01,0,0,1,2,0,3
URIONDO (A. CONCEPCION),"anticoncepcion, prevencion de its y de cancer de cuello uterino",pildora: usuarias nuevas,2015-04-01,0,0,2,1,0,3
VALLEGRANDE,"anticoncepcion, prevencion de its y de cancer de cuello uterino",pildora: usuarias nuevas,2015-04-01,0,0,3,1,0,4
VIACHA,"anticoncepcion, prevencion de its y de cancer de cuello uterino",pildora: usuarias nuevas,2015-04-01,0,3,6,4,0,13
VILLA CHARCAS,"anticoncepcion, prevencion de its y de cancer de cuello uterino",pildora: usuarias nuevas,2015-04-01,0,0,1,0,0,1
VILLA MONTES,"anticoncepcion, prevencion de its y de cancer de cuello uterino",pildora: usuarias nuevas,2015-04-01,0,6,12,3,0,21
VILLA NUEVA (LOMA ALTA),"anticoncepcion, prevencion de its y de cancer de cuello uterino",pildora: usuarias nuevas,2015-04-01,0,1,0,1,0,2
VILLA RIVERO,"anticoncepcion, prevencion de its y de cancer de cuello uterino",pildora: usuarias nuevas,2015-04-01,0,1,0,0,0,1
VILLA SERRANO,"anticoncepcion, prevencion de its y de cancer de cuello uterino",pildora: usuarias nuevas,2015-04-01,0,12,1,0,0,13
VILLA TUNARI,"anticoncepcion, prevencion de its y de cancer de cuello uterino",pildora: usuarias nuevas,2015-04-01,3,8,35,5,0,51
VILLA VACA GUZMAN (MUYUPAMPA),"anticoncepcion, prevencion de its y de cancer de cuello uterino",pildora: usuarias nuevas,2015-04-01,0,1,3,0,0,4
VILLAZON,"anticoncepcion, prevencion de its y de cancer de cuello uterino",pildora: usuarias nuevas,2015-04-01,0,0,0,2,0,2
VINTO,"anticoncepcion, prevencion de its y de cancer de cuello uterino",pildora: usuarias nuevas,2015-04-01,0,1,6,0,0,7
VITICHI,"anticoncepcion, prevencion de its y de cancer de cuello uterino",pildora: usuarias nuevas,2015-04-01,0,0,2,2,0,4
WALDO BALLIVIAN,"anticoncepcion, prevencion de its y de cancer de cuello uterino",pildora: usuarias nuevas,2015-04-01,0,0,1,0,0,1
WARNES,"anticoncepcion, prevencion de its y de cancer de cuello uterino",pildora: usuarias nuevas,2015-04-01,0,1,9,2,0,12
YACUIBA,"anticoncepcion, prevencion de its y de cancer de cuello uterino",pildora: usuarias nuevas,2015-04-01,0,1,12,0,0,13
YAMPARAEZ,"anticoncepcion, prevencion de its y de cancer de cuello uterino",pildora: usuarias nuevas,2015-04-01,0,0,2,0,0,2
YANACACHI,"anticoncepcion, prevencion de its y de cancer de cuello uterino",pildora: usuarias nuevas,2015-04-01,0,0,1,0,0,1
YAPACANI,"anticoncepcion, prevencion de its y de cancer de cuello uterino",pildora: usuarias nuevas,2015-04-01,0,2,20,4,0,26
YOCALLA,"anticoncepcion, prevencion de its y de cancer de cuello uterino",pildora: usuarias nuevas,2015-04-01,0,0,12,24,0,36
YOTALA,"anticoncepcion, prevencion de its y de cancer de cuello uterino",pildora: usuarias nuevas,2015-04-01,0,0,1,0,0,1
YUNCHARA,"anticoncepcion, prevencion de its y de cancer de cuello uterino",pildora: usuarias nuevas,2015-04-01,0,1,1,0,0,2
ZUDAÑEZ,"anticoncepcion, prevencion de its y de cancer de cuello uterino",pildora: usuarias nuevas,2015-04-01,0,0,1,0,0,1
ACACIO,"anticoncepcion, prevencion de its y de cancer de cuello uterino",pildora: usuarias nuevas,2015-05-01,0,0,1,0,0,1
ACHACACHI,"anticoncepcion, prevencion de its y de cancer de cuello uterino",pildora: usuarias nuevas,2015-05-01,0,0,0,1,0,1
ACHOCALLA,"anticoncepcion, prevencion de its y de cancer de cuello uterino",pildora: usuarias nuevas,2015-05-01,0,0,2,0,0,2
AIQUILE,"anticoncepcion, prevencion de its y de cancer de cuello uterino",pildora: usuarias nuevas,2015-05-01,0,3,7,2,0,12
ALCALA,"anticoncepcion, prevencion de its y de cancer de cuello uterino",pildora: usuarias nuevas,2015-05-01,0,0,1,1,0,2
ALTO BENI,"anticoncepcion, prevencion de its y de cancer de cuello uterino",pildora: usuarias nuevas,2015-05-01,0,0,0,1,0,1
ANCORAIMES,"anticoncepcion, prevencion de its y de cancer de cuello uterino",pildora: usuarias nuevas,2015-05-01,0,0,1,0,0,1
ANTEQUERA,"anticoncepcion, prevencion de its y de cancer de cuello uterino",pildora: usuarias nuevas,2015-05-01,0,0,6,0,0,6
APOLO,"anticoncepcion, prevencion de its y de cancer de cuello uterino",pildora: usuarias nuevas,2015-05-01,0,1,2,0,0,3
ARAMPAMPA,"anticoncepcion, prevencion de its y de cancer de cuello uterino",pildora: usuarias nuevas,2015-05-01,0,0,1,0,0,1
ARANI,"anticoncepcion, prevencion de its y de cancer de cuello uterino",pildora: usuarias nuevas,2015-05-01,0,0,3,1,0,4
ARBIETO,"anticoncepcion, prevencion de its y de cancer de cuello uterino",pildora: usuarias nuevas,2015-05-01,0,0,4,1,0,5
ARQUE,"anticoncepcion, prevencion de its y de cancer de cuello uterino",pildora: usuarias nuevas,2015-05-01,0,0,3,0,0,3
ASCENCION DE GUARAYOS,"anticoncepcion, prevencion de its y de cancer de cuello uterino",pildora: usuarias nuevas,2015-05-01,0,4,12,0,0,16
ATOCHA,"anticoncepcion, prevencion de its y de cancer de cuello uterino",pildora: usuarias nuevas,2015-05-01,0,1,2,0,0,3
AYOPAYA (V. DE INDEPENDENCIA),"anticoncepcion, prevencion de its y de cancer de cuello uterino",pildora: usuarias nuevas,2015-05-01,0,3,0,3,0,6
AZURDUY,"anticoncepcion, prevencion de its y de cancer de cuello uterino",pildora: usuarias nuevas,2015-05-01,0,0,2,2,0,4
BAURES,"anticoncepcion, prevencion de its y de cancer de cuello uterino",pildora: usuarias nuevas,2015-05-01,0,1,4,0,0,5
BELLA FLOR,"anticoncepcion, prevencion de its y de cancer de cuello uterino",pildora: usuarias nuevas,2015-05-01,1,1,0,0,0,2
BERMEJO,"anticoncepcion, prevencion de its y de cancer de cuello uterino",pildora: usuarias nuevas,2015-05-01,0,5,14,11,1,31
BOYUIBE,"anticoncepcion, prevencion de its y de cancer de cuello uterino",pildora: usuarias nuevas,2015-05-01,0,0,1,0,0,1
BUENA VISTA,"anticoncepcion, prevencion de its y de cancer de cuello uterino",pildora: usuarias nuevas,2015-05-01,0,4,3,1,0,8
CABEZAS,"anticoncepcion, prevencion de its y de cancer de cuello uterino",pildora: usuarias nuevas,2015-05-01,1,3,11,1,0,16
CAIROMA,"anticoncepcion, prevencion de its y de cancer de cuello uterino",pildora: usuarias nuevas,2015-05-01,0,0,1,0,0,1
"CAIZA ""D""","anticoncepcion, prevencion de its y de cancer de cuello uterino",pildora: usuarias nuevas,2015-05-01,0,2,5,1,0,8
CAJUATA,"anticoncepcion, prevencion de its y de cancer de cuello uterino",pildora: usuarias nuevas,2015-05-01,0,0,0,1,0,1
CALAMARCA,"anticoncepcion, prevencion de its y de cancer de cuello uterino",pildora: usuarias nuevas,2015-05-01,0,0,1,0,0,1
CAMARGO,"anticoncepcion, prevencion de its y de cancer de cuello uterino",pildora: usuarias nuevas,2015-05-01,0,1,4,1,0,6
CAMIRI,"anticoncepcion, prevencion de its y de cancer de cuello uterino",pildora: usuarias nuevas,2015-05-01,0,0,3,0,0,3
CAPINOTA,"anticoncepcion, prevencion de its y de cancer de cuello uterino",pildora: usuarias nuevas,2015-05-01,0,0,2,0,0,2
CAQUIAVIRI,"anticoncepcion, prevencion de its y de cancer de cuello uterino",pildora: usuarias nuevas,2015-05-01,0,2,0,0,0,2
CARANAVI,"anticoncepcion, prevencion de its y de cancer de cuello uterino",pildora: usuarias nuevas,2015-05-01,0,0,3,0,0,3
CARAPARI,"anticoncepcion, prevencion de its y de cancer de cuello uterino",pildora: usuarias nuevas,2015-05-01,0,0,0,1,0,1
CARIPUYO,"anticoncepcion, prevencion de its y de cancer de cuello uterino",pildora: usuarias nuevas,2015-05-01,0,0,1,0,0,1
CARMEN RIVERO TORREZ,"anticoncepcion, prevencion de its y de cancer de cuello uterino",pildora: usuarias nuevas,2015-05-01,0,2,0,0,0,2
CHALLAPATA,"anticoncepcion, prevencion de its y de cancer de cuello uterino",pildora: usuarias nuevas,2015-05-01,0,0,3,1,0,4
CHAQUI,"anticoncepcion, prevencion de its y de cancer de cuello uterino",pildora: usuarias nuevas,2015-05-01,0,0,1,1,0,2
CHARAGUA,"anticoncepcion, prevencion de its y de cancer de cuello uterino",pildora: usuarias nuevas,2015-05-01,0,2,5,1,0,8
CHAYANTA,"anticoncepcion, prevencion de its y de cancer de cuello uterino",pildora: usuarias nuevas,2015-05-01,0,2,1,1,0,4
CHIMORE,"anticoncepcion, prevencion de its y de cancer de cuello uterino",pildora: usuarias nuevas,2015-05-01,0,3,4,0,0,7
CHUA COCANI,"anticoncepcion, prevencion de its y de cancer de cuello uterino",pildora: usuarias nuevas,2015-05-01,0,0,1,1,0,2
CHULUMANI (V. DE LA LIBERTAD),"anticoncepcion, prevencion de its y de cancer de cuello uterino",pildora: usuarias nuevas,2015-05-01,0,1,2,0,0,3
CHUMA,"anticoncepcion, prevencion de its y de cancer de cuello uterino",pildora: usuarias nuevas,2015-05-01,0,0,1,0,0,1
CHUQUIHUTA AYLLU JUCUMANI,"anticoncepcion, prevencion de its y de cancer de cuello uterino",pildora: usuarias nuevas,2015-05-01,0,1,0,0,0,1
CLIZA,"anticoncepcion, prevencion de its y de cancer de cuello uterino",pildora: usuarias nuevas,2015-05-01,0,1,9,0,0,10
COBIJA,"anticoncepcion, prevencion de its y de cancer de cuello uterino",pildora: usuarias nuevas,2015-05-01,0,2,5,0,0,7
COCAPATA,"anticoncepcion, prevencion de its y de cancer de cuello uterino",pildora: usuarias nuevas,2015-05-01,0,0,4,0,0,4
COCHABAMBA,"anticoncepcion, prevencion de its y de cancer de cuello uterino",pildora: usuarias nuevas,2015-05-01,0,18,166,40,0,224
COIPASA,"anticoncepcion, prevencion de its y de cancer de cuello uterino",pildora: usuarias nuevas,2015-05-01,0,0,1,1,0,2
COLCAPIRHUA,"anticoncepcion, prevencion de its y de cancer de cuello uterino",pildora: usuarias nuevas,2015-05-01,0,0,3,1,0,4
COLLANA,"anticoncepcion, prevencion de its y de cancer de cuello uterino",pildora: usuarias nuevas,2015-05-01,0,0,1,0,0,1
COLOMI,"anticoncepcion, prevencion de its y de cancer de cuello uterino",pildora: usuarias nuevas,2015-05-01,0,1,2,0,0,3
COLPA BELGICA,"anticoncepcion, prevencion de its y de cancer de cuello uterino",pildora: usuarias nuevas,2015-05-01,0,0,1,0,0,1
COLQUECHACA,"anticoncepcion, prevencion de its y de cancer de cuello uterino",pildora: usuarias nuevas,2015-05-01,0,0,3,2,0,5
COLQUENCHA,"anticoncepcion, prevencion de its y de cancer de cuello uterino",pildora: usuarias nuevas,2015-05-01,0,1,0,0,0,1
COLQUIRI,"anticoncepcion, prevencion de its y de cancer de cuello uterino",pildora: usuarias nuevas,2015-05-01,0,0,1,1,0,2
COMARAPA,"anticoncepcion, prevencion de its y de cancer de cuello uterino",pildora: usuarias nuevas,2015-05-01,0,1,1,1,0,3
COMBAYA,"anticoncepcion, prevencion de its y de cancer de cuello uterino",pildora: usuarias nuevas,2015-05-01,0,0,0,1,0,1
CONCEPCION,"anticoncepcion, prevencion de its y de cancer de cuello uterino",pildora: usuarias nuevas,2015-05-01,0,0,3,0,0,3
CORIPATA,"anticoncepcion, prevencion de its y de cancer de cuello uterino",pildora: usuarias nuevas,2015-05-01,0,0,3,0,0,3
CORQUE,"anticoncepcion, prevencion de its y de cancer de cuello uterino",pildora: usuarias nuevas,2015-05-01,0,1,2,1,0,4
COTAGAITA,"anticoncepcion, prevencion de its y de cancer de cuello uterino",pildora: usuarias nuevas,2015-05-01,0,0,1,3,0,4
COTOCA,"anticoncepcion, prevencion de its y de cancer de cuello uterino",pildora: usuarias nuevas,2015-05-01,0,1,16,0,0,17
CUATRO CAÑADAS,"anticoncepcion, prevencion de its y de cancer de cuello uterino",pildora: usuarias nuevas,2015-05-01,0,1,6,0,0,7
CULPINA,"anticoncepcion, prevencion de its y de cancer de cuello uterino",pildora: usuarias nuevas,2015-05-01,0,0,2,1,0,3
EL ALTO,"anticoncepcion, prevencion de its y de cancer de cuello uterino",pildora: usuarias nuevas,2015-05-01,1,21,121,23,0,166
EL PUENTE(STC),"anticoncepcion, prevencion de its y de cancer de cuello uterino",pildora: usuarias nuevas,2015-05-01,0,1,4,0,0,5
EL PUENTE(TJA),"anticoncepcion, prevencion de its y de cancer de cuello uterino",pildora: usuarias nuevas,2015-05-01,0,1,0,1,0,2
EL TORNO,"anticoncepcion, prevencion de its y de cancer de cuello uterino",pildora: usuarias nuevas,2015-05-01,1,3,7,1,0,12
EL VILLAR,"anticoncepcion, prevencion de its y de cancer de cuello uterino",pildora: usuarias nuevas,2015-05-01,0,0,0,1,0,1
ENTRE RIOS TRJ,"anticoncepcion, prevencion de its y de cancer de cuello uterino",pildora: usuarias nuevas,2015-05-01,0,0,10,3,0,13
ENTRE RIOS CBBA,"anticoncepcion, prevencion de its y de cancer de cuello uterino",pildora: usuarias nuevas,2015-05-01,0,3,4,0,0,7
EXALTACION,"anticoncepcion, prevencion de its y de cancer de cuello uterino",pildora: usuarias nuevas,2015-05-01,1,0,0,0,0,1
FERNANDEZ ALONSO,"anticoncepcion, prevencion de its y de cancer de cuello uterino",pildora: usuarias nuevas,2015-05-01,0,2,2,3,0,7
FILADELFIA,"anticoncepcion, prevencion de its y de cancer de cuello uterino",pildora: usuarias nuevas,2015-05-01,2,2,4,0,0,8
GENERAL SAAVEDRA,"anticoncepcion, prevencion de its y de cancer de cuello uterino",pildora: usuarias nuevas,2015-05-01,0,0,14,1,0,15
GRAL. J.J. PEREZ (CHARAZANI),"anticoncepcion, prevencion de its y de cancer de cuello uterino",pildora: usuarias nuevas,2015-05-01,0,0,1,0,0,1
GUAYARAMERIN,"anticoncepcion, prevencion de its y de cancer de cuello uterino",pildora: usuarias nuevas,2015-05-01,0,0,2,0,0,2
GUTIERREZ,"anticoncepcion, prevencion de its y de cancer de cuello uterino",pildora: usuarias nuevas,2015-05-01,0,1,0,2,0,3
HUACARETA,"anticoncepcion, prevencion de its y de cancer de cuello uterino",pildora: usuarias nuevas,2015-05-01,0,1,0,0,0,1
HUACHACALLA,"anticoncepcion, prevencion de its y de cancer de cuello uterino",pildora: usuarias nuevas,2015-05-01,0,0,1,0,0,1
HUANUNI,"anticoncepcion, prevencion de its y de cancer de cuello uterino",pildora: usuarias nuevas,2015-05-01,0,0,2,0,0,2
HUARACAJE,"anticoncepcion, prevencion de its y de cancer de cuello uterino",pildora: usuarias nuevas,2015-05-01,0,0,3,0,0,3
HUATAJATA,"anticoncepcion, prevencion de its y de cancer de cuello uterino",pildora: usuarias nuevas,2015-05-01,0,1,1,0,0,2
INCAHUASI,"anticoncepcion, prevencion de its y de cancer de cuello uterino",pildora: usuarias nuevas,2015-05-01,0,0,6,0,0,6
INGAVI (HUMAITA),"anticoncepcion, prevencion de its y de cancer de cuello uterino",pildora: usuarias nuevas,2015-05-01,0,0,2,1,0,3
IRUPANA (VILLA DE LANZA),"anticoncepcion, prevencion de its y de cancer de cuello uterino",pildora: usuarias nuevas,2015-05-01,0,1,2,0,0,3
IXIAMAS,"anticoncepcion, prevencion de its y de cancer de cuello uterino",pildora: usuarias nuevas,2015-05-01,0,1,1,0,0,2
JESUS DE MACHACA,"anticoncepcion, prevencion de its y de cancer de cuello uterino",pildora: usuarias nuevas,2015-05-01,0,0,1,1,0,2
LA ASUNTA,"anticoncepcion, prevencion de its y de cancer de cuello uterino",pildora: usuarias nuevas,2015-05-01,0,2,17,3,0,22
LA GUARDIA,"anticoncepcion, prevencion de its y de cancer de cuello uterino",pildora: usuarias nuevas,2015-05-01,1,9,17,6,0,33
LA PAZ,"anticoncepcion, prevencion de its y de cancer de cuello uterino",pildora: usuarias nuevas,2015-05-01,0,6,74,19,0,99
LAJA,"anticoncepcion, prevencion de its y de cancer de cuello uterino",pildora: usuarias nuevas,2015-05-01,0,0,2,0,0,2
LICOMA PAMPA,"anticoncepcion, prevencion de its y de cancer de cuello uterino",pildora: usuarias nuevas,2015-05-01,0,0,0,1,0,1
LLALLAGUA,"anticoncepcion, prevencion de its y de cancer de cuello uterino",pildora: usuarias nuevas,2015-05-01,0,4,12,2,0,18
LLICA,"anticoncepcion, prevencion de its y de cancer de cuello uterino",pildora: usuarias nuevas,2015-05-01,0,0,0,1,0,1
LORETO,"anticoncepcion, prevencion de its y de cancer de cuello uterino",pildora: usuarias nuevas,2015-05-01,0,1,3,0,0,4
LURIBAY,"anticoncepcion, prevencion de its y de cancer de cuello uterino",pildora: usuarias nuevas,2015-05-01,0,0,1,0,0,1
MACHARETI,"anticoncepcion, prevencion de its y de cancer de cuello uterino",pildora: usuarias nuevas,2015-05-01,1,0,5,4,0,10
MAGDALENA,"anticoncepcion, prevencion de its y de cancer de cuello uterino",pildora: usuarias nuevas,2015-05-01,0,1,3,0,0,4
MAIRANA,"anticoncepcion, prevencion de its y de cancer de cuello uterino",pildora: usuarias nuevas,2015-05-01,0,0,2,0,0,2
MAPIRI,"anticoncepcion, prevencion de its y de cancer de cuello uterino",pildora: usuarias nuevas,2015-05-01,0,0,0,1,0,1
MECAPACA,"anticoncepcion, prevencion de its y de cancer de cuello uterino",pildora: usuarias nuevas,2015-05-01,0,0,1,0,0,1
MINEROS,"anticoncepcion, prevencion de its y de cancer de cuello uterino",pildora: usuarias nuevas,2015-05-01,0,3,7,1,0,11
MIZQUE,"anticoncepcion, prevencion de its y de cancer de cuello uterino",pildora: usuarias nuevas,2015-05-01,0,1,3,0,0,4
MOCOMOCO,"anticoncepcion, prevencion de its y de cancer de cuello uterino",pildora: usuarias nuevas,2015-05-01,0,0,0,1,0,1
MOJOCOYA,"anticoncepcion, prevencion de its y de cancer de cuello uterino",pildora: usuarias nuevas,2015-05-01,0,0,1,0,0,1
MONTEAGUDO,"anticoncepcion, prevencion de its y de cancer de cuello uterino",pildora: usuarias nuevas,2015-05-01,0,5,6,1,0,12
MONTERO,"anticoncepcion, prevencion de its y de cancer de cuello uterino",pildora: usuarias nuevas,2015-05-01,3,5,15,2,0,25
MORO MORO,"anticoncepcion, prevencion de its y de cancer de cuello uterino",pildora: usuarias nuevas,2015-05-01,0,0,0,1,0,1
MOROCHATA,"anticoncepcion, prevencion de its y de cancer de cuello uterino",pildora: usuarias nuevas,2015-05-01,0,0,1,1,0,2
NUEVO MANOA (NUEVA ESPERANZA),"anticoncepcion, prevencion de its y de cancer de cuello uterino",pildora: usuarias nuevas,2015-05-01,0,0,1,0,0,1
OCURI,"anticoncepcion, prevencion de its y de cancer de cuello uterino",pildora: usuarias nuevas,2015-05-01,0,5,12,1,0,18
OKINAWA,"anticoncepcion, prevencion de its y de cancer de cuello uterino",pildora: usuarias nuevas,2015-05-01,0,0,1,0,0,1
OMEREQUE,"anticoncepcion, prevencion de its y de cancer de cuello uterino",pildora: usuarias nuevas,2015-05-01,0,0,2,1,0,3
ORURO,"anticoncepcion, prevencion de its y de cancer de cuello uterino",pildora: usuarias nuevas,2015-05-01,0,6,33,5,1,45
PADCAYA,"anticoncepcion, prevencion de its y de cancer de cuello uterino",pildora: usuarias nuevas,2015-05-01,0,1,4,0,0,5
PADILLA,"anticoncepcion, prevencion de its y de cancer de cuello uterino",pildora: usuarias nuevas,2015-05-01,0,0,5,2,0,7
PAILON,"anticoncepcion, prevencion de its y de cancer de cuello uterino",pildora: usuarias nuevas,2015-05-01,0,0,2,1,0,3
PALCA,"anticoncepcion, prevencion de its y de cancer de cuello uterino",pildora: usuarias nuevas,2015-05-01,0,2,3,2,0,7
PALOS BLANCOS,"anticoncepcion, prevencion de its y de cancer de cuello uterino",pildora: usuarias nuevas,2015-05-01,0,0,7,1,0,8
PAMPA AULLAGAS,"anticoncepcion, prevencion de its y de cancer de cuello uterino",pildora: usuarias nuevas,2015-05-01,0,0,1,0,0,1
PAMPA GRANDE,"anticoncepcion, prevencion de its y de cancer de cuello uterino",pildora: usuarias nuevas,2015-05-01,0,0,1,1,0,2
PASORAPA,"anticoncepcion, prevencion de its y de cancer de cuello uterino",pildora: usuarias nuevas,2015-05-01,0,0,1,1,0,2
PATACAMAYA,"anticoncepcion, prevencion de its y de cancer de cuello uterino",pildora: usuarias nuevas,2015-05-01,0,1,1,1,0,3
PAZÑA,"anticoncepcion, prevencion de its y de cancer de cuello uterino",pildora: usuarias nuevas,2015-05-01,0,0,1,0,0,1
PELECHUCO,"anticoncepcion, prevencion de its y de cancer de cuello uterino",pildora: usuarias nuevas,2015-05-01,0,0,1,1,0,2
POCOATA,"anticoncepcion, prevencion de its y de cancer de cuello uterino",pildora: usuarias nuevas,2015-05-01,0,0,2,0,0,2
POCONA,"anticoncepcion, prevencion de its y de cancer de cuello uterino",pildora: usuarias nuevas,2015-05-01,0,2,3,6,0,11
POJO (CBBA),"anticoncepcion, prevencion de its y de cancer de cuello uterino",pildora: usuarias nuevas,2015-05-01,0,1,2,1,0,4
PORCO,"anticoncepcion, prevencion de its y de cancer de cuello uterino",pildora: usuarias nuevas,2015-05-01,0,0,3,0,0,3
POROMA,"anticoncepcion, prevencion de its y de cancer de cuello uterino",pildora: usuarias nuevas,2015-05-01,0,0,1,1,0,2
PORONGO,"anticoncepcion, prevencion de its y de cancer de cuello uterino",pildora: usuarias nuevas,2015-05-01,1,0,6,3,0,10
PORTACHUELO,"anticoncepcion, prevencion de its y de cancer de cuello uterino",pildora: usuarias nuevas,2015-05-01,0,2,1,1,0,4
POSTRER VALLE,"anticoncepcion, prevencion de its y de cancer de cuello uterino",pildora: usuarias nuevas,2015-05-01,0,0,2,0,0,2
POTOSI,"anticoncepcion, prevencion de its y de cancer de cuello uterino",pildora: usuarias nuevas,2015-05-01,0,8,33,19,0,60
PUCARANI,"anticoncepcion, prevencion de its y de cancer de cuello uterino",pildora: usuarias nuevas,2015-05-01,0,0,1,1,0,2
PUERTO ACOSTA,"anticoncepcion, prevencion de its y de cancer de cuello uterino",pildora: usuarias nuevas,2015-05-01,0,0,2,0,0,2
PUERTO CARABUCO,"anticoncepcion, prevencion de its y de cancer de cuello uterino",pildora: usuarias nuevas,2015-05-01,0,0,3,0,0,3
PUERTO GONZALO MORENO,"anticoncepcion, prevencion de its y de cancer de cuello uterino",pildora: usuarias nuevas,2015-05-01,0,2,1,0,0,3
PUERTO PEREZ,"anticoncepcion, prevencion de its y de cancer de cuello uterino",pildora: usuarias nuevas,2015-05-01,0,0,0,1,0,1
PUERTO QUIJARRO,"anticoncepcion, prevencion de its y de cancer de cuello uterino",pildora: usuarias nuevas,2015-05-01,0,0,3,0,0,3
PUERTO RICO,"anticoncepcion, prevencion de its y de cancer de cuello uterino",pildora: usuarias nuevas,2015-05-01,0,1,1,0,0,2
PUERTO SILES,"anticoncepcion, prevencion de its y de cancer de cuello uterino",pildora: usuarias nuevas,2015-05-01,0,0,2,1,0,3
PUERTO SUAREZ,"anticoncepcion, prevencion de its y de cancer de cuello uterino",pildora: usuarias nuevas,2015-05-01,0,0,1,0,0,1
PUERTO VILLARROEL,"anticoncepcion, prevencion de its y de cancer de cuello uterino",pildora: usuarias nuevas,2015-05-01,0,1,9,2,0,12
PUNA,"anticoncepcion, prevencion de its y de cancer de cuello uterino",pildora: usuarias nuevas,2015-05-01,0,0,1,0,0,1
PUNATA,"anticoncepcion, prevencion de its y de cancer de cuello uterino",pildora: usuarias nuevas,2015-05-01,0,1,2,0,0,3
QUIABAYA,"anticoncepcion, prevencion de its y de cancer de cuello uterino",pildora: usuarias nuevas,2015-05-01,0,0,1,0,0,1
QUILLACOLLO,"anticoncepcion, prevencion de its y de cancer de cuello uterino",pildora: usuarias nuevas,2015-05-01,0,3,26,2,0,31
QUIME,"anticoncepcion, prevencion de its y de cancer de cuello uterino",pildora: usuarias nuevas,2015-05-01,0,0,5,0,0,5
REYES,"anticoncepcion, prevencion de its y de cancer de cuello uterino",pildora: usuarias nuevas,2015-05-01,0,3,12,4,0,19
RIBERALTA,"anticoncepcion, prevencion de its y de cancer de cuello uterino",pildora: usuarias nuevas,2015-05-01,2,10,20,3,0,35
ROBORE,"anticoncepcion, prevencion de its y de cancer de cuello uterino",pildora: usuarias nuevas,2015-05-01,0,1,2,2,0,5
RURRENABAQUE,"anticoncepcion, prevencion de its y de cancer de cuello uterino",pildora: usuarias nuevas,2015-05-01,0,1,12,2,0,15
SACABA,"anticoncepcion, prevencion de its y de cancer de cuello uterino",pildora: usuarias nuevas,2015-05-01,0,4,19,2,0,25
SACACA,"anticoncepcion, prevencion de its y de cancer de cuello uterino",pildora: usuarias nuevas,2015-05-01,0,0,14,2,0,16
SAIPINA,"anticoncepcion, prevencion de its y de cancer de cuello uterino",pildora: usuarias nuevas,2015-05-01,0,0,1,0,0,1
SALINAS DE GARCI MENDOZA,"anticoncepcion, prevencion de its y de cancer de cuello uterino",pildora: usuarias nuevas,2015-05-01,0,0,3,0,0,3
SAMAIPATA,"anticoncepcion, prevencion de its y de cancer de cuello uterino",pildora: usuarias nuevas,2015-05-01,0,0,2,1,0,3
SAN AGUSTIN,"anticoncepcion, prevencion de its y de cancer de cuello uterino",pildora: usuarias nuevas,2015-05-01,0,0,0,1,0,1
SAN ANDRES,"anticoncepcion, prevencion de its y de cancer de cuello uterino",pildora: usuarias nuevas,2015-05-01,0,1,9,2,0,12
SAN ANTONIO DE LOMERIO,"anticoncepcion, prevencion de its y de cancer de cuello uterino",pildora: usuarias nuevas,2015-05-01,0,1,7,0,0,8
SAN BORJA,"anticoncepcion, prevencion de its y de cancer de cuello uterino",pildora: usuarias nuevas,2015-05-01,1,0,30,4,0,35
SAN BUENA VENTURA,"anticoncepcion, prevencion de its y de cancer de cuello uterino",pildora: usuarias nuevas,2015-05-01,0,0,1,0,0,1
SAN CARLOS,"anticoncepcion, prevencion de its y de cancer de cuello uterino",pildora: usuarias nuevas,2015-05-01,0,2,2,1,0,5
SAN IGNACIO,"anticoncepcion, prevencion de its y de cancer de cuello uterino",pildora: usuarias nuevas,2015-05-01,1,1,9,0,0,11
SAN IGNACIO DE VELASCO,"anticoncepcion, prevencion de its y de cancer de cuello uterino",pildora: usuarias nuevas,2015-05-01,0,1,10,0,0,11
SAN JAVIER(BNI),"anticoncepcion, prevencion de its y de cancer de cuello uterino",pildora: usuarias nuevas,2015-05-01,0,0,7,0,0,7
SAN JAVIER(STC),"anticoncepcion, prevencion de its y de cancer de cuello uterino",pildora: usuarias nuevas,2015-05-01,2,6,4,1,0,13
SAN JOAQUIN,"anticoncepcion, prevencion de its y de cancer de cuello uterino",pildora: usuarias nuevas,2015-05-01,0,0,1,0,0,1
SAN JOSE DE CHIQUITOS,"anticoncepcion, prevencion de its y de cancer de cuello uterino",pildora: usuarias nuevas,2015-05-01,0,2,10,1,0,13
SAN JUAN DE YAPACANI,"anticoncepcion, prevencion de its y de cancer de cuello uterino",pildora: usuarias nuevas,2015-05-01,0,0,2,0,0,2
SAN JULIAN,"anticoncepcion, prevencion de its y de cancer de cuello uterino",pildora: usuarias nuevas,2015-05-01,1,0,7,2,0,10
SAN LORENZO(PND),"anticoncepcion, prevencion de its y de cancer de cuello uterino",pildora: usuarias nuevas,2015-05-01,0,0,1,0,0,1
SAN LORENZO(TJA),"anticoncepcion, prevencion de its y de cancer de cuello uterino",pildora: usuarias nuevas,2015-05-01,0,2,6,1,0,9
SAN LUCAS,"anticoncepcion, prevencion de its y de cancer de cuello uterino",pildora: usuarias nuevas,2015-05-01,0,0,2,1,0,3
SAN MATIAS,"anticoncepcion, prevencion de its y de cancer de cuello uterino",pildora: usuarias nuevas,2015-05-01,0,2,1,0,0,3
SAN MIGUEL DE VELASCO,"anticoncepcion, prevencion de its y de cancer de cuello uterino",pildora: usuarias nuevas,2015-05-01,0,2,1,0,0,3
SAN PABLO DE LIPEZ,"anticoncepcion, prevencion de its y de cancer de cuello uterino",pildora: usuarias nuevas,2015-05-01,0,0,0,1,0,1
SAN PEDRO,"anticoncepcion, prevencion de its y de cancer de cuello uterino",pildora: usuarias nuevas,2015-05-01,1,0,0,1,0,2
SAN PEDRO DE BUENA VISTA,"anticoncepcion, prevencion de its y de cancer de cuello uterino",pildora: usuarias nuevas,2015-05-01,0,2,3,3,0,8
SAN PEDRO DE CURAHUARA,"anticoncepcion, prevencion de its y de cancer de cuello uterino",pildora: usuarias nuevas,2015-05-01,0,0,1,2,0,3
SAN RAFAEL,"anticoncepcion, prevencion de its y de cancer de cuello uterino",pildora: usuarias nuevas,2015-05-01,0,0,1,1,0,2
SAN RAMON BENI,"anticoncepcion, prevencion de its y de cancer de cuello uterino",pildora: usuarias nuevas,2015-05-01,0,1,0,0,0,1
SAN RAMON SCZ,"anticoncepcion, prevencion de its y de cancer de cuello uterino",pildora: usuarias nuevas,2015-05-01,0,1,1,0,0,2
SANTA ANA,"anticoncepcion, prevencion de its y de cancer de cuello uterino",pildora: usuarias nuevas,2015-05-01,0,17,25,6,0,48
SANTA CRUZ DE LA SIERRA,"anticoncepcion, prevencion de its y de cancer de cuello uterino",pildora: usuarias nuevas,2015-05-01,1,65,178,66,0,310
SANTA ROSA DEL SARA,"anticoncepcion, prevencion de its y de cancer de cuello uterino",pildora: usuarias nuevas,2015-05-01,0,4,8,1,0,13
SANTIAGO DE HUARI,"anticoncepcion, prevencion de its y de cancer de cuello uterino",pildora: usuarias nuevas,2015-05-01,0,0,2,0,0,2
SANTIVAÑES,"anticoncepcion, prevencion de its y de cancer de cuello uterino",pildora: usuarias nuevas,2015-05-01,0,0,3,0,0,3
SANTUARIO DE QUILLACAS,"anticoncepcion, prevencion de its y de cancer de cuello uterino",pildora: usuarias nuevas,2015-05-01,0,0,2,3,0,5
SAPAHAQUI,"anticoncepcion, prevencion de its y de cancer de cuello uterino",pildora: usuarias nuevas,2015-05-01,0,0,2,1,0,3
SENA,"anticoncepcion, prevencion de its y de cancer de cuello uterino",pildora: usuarias nuevas,2015-05-01,0,0,0,1,0,1
SHINAOTA,"anticoncepcion, prevencion de its y de cancer de cuello uterino",pildora: usuarias nuevas,2015-05-01,0,0,4,0,0,4
SICA SICA (VILLA AROMA),"anticoncepcion, prevencion de its y de cancer de cuello uterino",pildora: usuarias nuevas,2015-05-01,0,0,2,1,0,3
SIPE SIPE,"anticoncepcion, prevencion de its y de cancer de cuello uterino",pildora: usuarias nuevas,2015-05-01,0,0,15,3,0,18
SOPACHUY,"anticoncepcion, prevencion de its y de cancer de cuello uterino",pildora: usuarias nuevas,2015-05-01,0,0,3,2,0,5
SORATA,"anticoncepcion, prevencion de its y de cancer de cuello uterino",pildora: usuarias nuevas,2015-05-01,0,0,1,0,0,1
SUCRE,"anticoncepcion, prevencion de its y de cancer de cuello uterino",pildora: usuarias nuevas,2015-05-01,0,16,63,20,1,100
TACACOMA,"anticoncepcion, prevencion de its y de cancer de cuello uterino",pildora: usuarias nuevas,2015-05-01,0,0,1,0,0,1
TAPACARI,"anticoncepcion, prevencion de its y de cancer de cuello uterino",pildora: usuarias nuevas,2015-05-01,0,1,0,1,0,2
TARABUCO,"anticoncepcion, prevencion de its y de cancer de cuello uterino",pildora: usuarias nuevas,2015-05-01,0,2,4,0,0,6
TARACO,"anticoncepcion, prevencion de its y de cancer de cuello uterino",pildora: usuarias nuevas,2015-05-01,0,0,3,0,0,3
TARATA,"anticoncepcion, prevencion de its y de cancer de cuello uterino",pildora: usuarias nuevas,2015-05-01,0,0,1,0,0,1
TARIJA,"anticoncepcion, prevencion de its y de cancer de cuello uterino",pildora: usuarias nuevas,2015-05-01,1,9,21,10,0,41
TARVITA,"anticoncepcion, prevencion de its y de cancer de cuello uterino",pildora: usuarias nuevas,2015-05-01,0,3,6,4,1,14
TEOPONTE,"anticoncepcion, prevencion de its y de cancer de cuello uterino",pildora: usuarias nuevas,2015-05-01,0,0,1,0,0,1
TIAWANACU,"anticoncepcion, prevencion de its y de cancer de cuello uterino",pildora: usuarias nuevas,2015-05-01,0,0,1,1,0,2
TINGUIPAYA,"anticoncepcion, prevencion de its y de cancer de cuello uterino",pildora: usuarias nuevas,2015-05-01,0,0,4,0,0,4
TIPUANI,"anticoncepcion, prevencion de its y de cancer de cuello uterino",pildora: usuarias nuevas,2015-05-01,0,0,1,0,0,1
TIQUIPAYA,"anticoncepcion, prevencion de its y de cancer de cuello uterino",pildora: usuarias nuevas,2015-05-01,0,2,7,1,0,10
TIRAQUE (CBBA),"anticoncepcion, prevencion de its y de cancer de cuello uterino",pildora: usuarias nuevas,2015-05-01,0,0,3,0,0,3
TOCO,"anticoncepcion, prevencion de its y de cancer de cuello uterino",pildora: usuarias nuevas,2015-05-01,0,0,1,0,0,1
TOMAVE,"anticoncepcion, prevencion de its y de cancer de cuello uterino",pildora: usuarias nuevas,2015-05-01,0,0,1,0,2,3
TOMINA,"anticoncepcion, prevencion de its y de cancer de cuello uterino",pildora: usuarias nuevas,2015-05-01,0,0,0,1,0,1
TORO TORO,"anticoncepcion, prevencion de its y de cancer de cuello uterino",pildora: usuarias nuevas,2015-05-01,0,0,3,0,0,3
TOTORA(CBBA),"anticoncepcion, prevencion de its y de cancer de cuello uterino",pildora: usuarias nuevas,2015-05-01,0,2,0,1,0,3
TOTORA(ORR),"anticoncepcion, prevencion de its y de cancer de cuello uterino",pildora: usuarias nuevas,2015-05-01,0,1,2,0,0,3
TRINIDAD,"anticoncepcion, prevencion de its y de cancer de cuello uterino",pildora: usuarias nuevas,2015-05-01,0,2,16,5,1,24
TUPIZA,"anticoncepcion, prevencion de its y de cancer de cuello uterino",pildora: usuarias nuevas,2015-05-01,0,0,4,0,0,4
UNCIA,"anticoncepcion, prevencion de its y de cancer de cuello uterino",pildora: usuarias nuevas,2015-05-01,0,0,2,1,0,3
URIONDO (A. CONCEPCION),"anticoncepcion, prevencion de its y de cancer de cuello uterino",pildora: usuarias nuevas,2015-05-01,0,0,1,0,0,1
URUBICHA,"anticoncepcion, prevencion de its y de cancer de cuello uterino",pildora: usuarias nuevas,2015-05-01,0,0,1,1,0,2
VACAS,"anticoncepcion, prevencion de its y de cancer de cuello uterino",pildora: usuarias nuevas,2015-05-01,0,0,1,1,0,2
VALLEGRANDE,"anticoncepcion, prevencion de its y de cancer de cuello uterino",pildora: usuarias nuevas,2015-05-01,0,0,3,1,0,4
VIACHA,"anticoncepcion, prevencion de its y de cancer de cuello uterino",pildora: usuarias nuevas,2015-05-01,0,3,9,7,0,19
VILLA CHARCAS,"anticoncepcion, prevencion de its y de cancer de cuello uterino",pildora: usuarias nuevas,2015-05-01,0,1,2,0,0,3
VILLA MONTES,"anticoncepcion, prevencion de its y de cancer de cuello uterino",pildora: usuarias nuevas,2015-05-01,1,4,12,0,0,17
VILLA RIVERO,"anticoncepcion, prevencion de its y de cancer de cuello uterino",pildora: usuarias nuevas,2015-05-01,0,1,0,0,0,1
VILLA SERRANO,"anticoncepcion, prevencion de its y de cancer de cuello uterino",pildora: usuarias nuevas,2015-05-01,0,0,4,0,0,4
VILLA TUNARI,"anticoncepcion, prevencion de its y de cancer de cuello uterino",pildora: usuarias nuevas,2015-05-01,4,13,23,8,0,48
VILLA VACA GUZMAN (MUYUPAMPA),"anticoncepcion, prevencion de its y de cancer de cuello uterino",pildora: usuarias nuevas,2015-05-01,0,1,2,0,0,3
VILLAZON,"anticoncepcion, prevencion de its y de cancer de cuello uterino",pildora: usuarias nuevas,2015-05-01,0,1,4,1,0,6
VINTO,"anticoncepcion, prevencion de its y de cancer de cuello uterino",pildora: usuarias nuevas,2015-05-01,0,0,7,5,0,12
VITICHI,"anticoncepcion, prevencion de its y de cancer de cuello uterino",pildora: usuarias nuevas,2015-05-01,0,0,1,0,0,1
WARNES,"anticoncepcion, prevencion de its y de cancer de cuello uterino",pildora: usuarias nuevas,2015-05-01,0,0,11,0,0,11
YACO,"anticoncepcion, prevencion de its y de cancer de cuello uterino",pildora: usuarias nuevas,2015-05-01,0,2,0,1,0,3
YACUIBA,"anticoncepcion, prevencion de its y de cancer de cuello uterino",pildora: usuarias nuevas,2015-05-01,0,0,9,3,0,12
YANACACHI,"anticoncepcion, prevencion de its y de cancer de cuello uterino",pildora: usuarias nuevas,2015-05-01,0,0,1,1,0,2
YAPACANI,"anticoncepcion, prevencion de its y de cancer de cuello uterino",pildora: usuarias nuevas,2015-05-01,0,3,10,0,0,13
YOTALA,"anticoncepcion, prevencion de its y de cancer de cuello uterino",pildora: usuarias nuevas,2015-05-01,0,0,1,0,0,1
YUNCHARA,"anticoncepcion, prevencion de its y de cancer de cuello uterino",pildora: usuarias nuevas,2015-05-01,0,1,1,0,0,2
ZUDAÑEZ,"anticoncepcion, prevencion de its y de cancer de cuello uterino",pildora: usuarias nuevas,2015-05-01,0,1,2,0,0,3
ACACIO,"anticoncepcion, prevencion de its y de cancer de cuello uterino",pildora: usuarias nuevas,2015-06-01,0,0,1,1,1,3
ACHACACHI,"anticoncepcion, prevencion de its y de cancer de cuello uterino",pildora: usuarias nuevas,2015-06-01,0,0,2,1,0,3
ACHOCALLA,"anticoncepcion, prevencion de its y de cancer de cuello uterino",pildora: usuarias nuevas,2015-06-01,0,0,4,0,0,4
AIQUILE,"anticoncepcion, prevencion de its y de cancer de cuello uterino",pildora: usuarias nuevas,2015-06-01,0,2,4,1,0,7
ALTO BENI,"anticoncepcion, prevencion de its y de cancer de cuello uterino",pildora: usuarias nuevas,2015-06-01,0,0,2,0,1,3
ANCORAIMES,"anticoncepcion, prevencion de its y de cancer de cuello uterino",pildora: usuarias nuevas,2015-06-01,0,0,2,0,0,2
ANDAMARCA,"anticoncepcion, prevencion de its y de cancer de cuello uterino",pildora: usuarias nuevas,2015-06-01,0,0,2,0,0,2
ANTEQUERA,"anticoncepcion, prevencion de its y de cancer de cuello uterino",pildora: usuarias nuevas,2015-06-01,0,0,3,0,0,3
ANZALDO,"anticoncepcion, prevencion de its y de cancer de cuello uterino",pildora: usuarias nuevas,2015-06-01,0,0,0,1,0,1
APOLO,"anticoncepcion, prevencion de its y de cancer de cuello uterino",pildora: usuarias nuevas,2015-06-01,0,2,5,5,0,12
ARAMPAMPA,"anticoncepcion, prevencion de its y de cancer de cuello uterino",pildora: usuarias nuevas,2015-06-01,0,1,2,1,0,4
ARBIETO,"anticoncepcion, prevencion de its y de cancer de cuello uterino",pildora: usuarias nuevas,2015-06-01,0,2,3,2,0,7
ARQUE,"anticoncepcion, prevencion de its y de cancer de cuello uterino",pildora: usuarias nuevas,2015-06-01,0,0,2,1,0,3
ASCENCION DE GUARAYOS,"anticoncepcion, prevencion de its y de cancer de cuello uterino",pildora: usuarias nuevas,2015-06-01,0,2,16,10,0,28
ATOCHA,"anticoncepcion, prevencion de its y de cancer de cuello uterino",pildora: usuarias nuevas,2015-06-01,0,1,1,0,0,2
AYATA,"anticoncepcion, prevencion de its y de cancer de cuello uterino",pildora: usuarias nuevas,2015-06-01,0,0,1,0,0,1
AYO AYO,"anticoncepcion, prevencion de its y de cancer de cuello uterino",pildora: usuarias nuevas,2015-06-01,0,0,0,2,0,2
AYOPAYA (V. DE INDEPENDENCIA),"anticoncepcion, prevencion de its y de cancer de cuello uterino",pildora: usuarias nuevas,2015-06-01,0,0,6,4,0,10
AZURDUY,"anticoncepcion, prevencion de its y de cancer de cuello uterino",pildora: usuarias nuevas,2015-06-01,0,0,3,2,0,5
BATALLAS,"anticoncepcion, prevencion de its y de cancer de cuello uterino",pildora: usuarias nuevas,2015-06-01,0,1,1,0,0,2
BAURES,"anticoncepcion, prevencion de its y de cancer de cuello uterino",pildora: usuarias nuevas,2015-06-01,0,0,2,1,0,3
BELLA FLOR,"anticoncepcion, prevencion de its y de cancer de cuello uterino",pildora: usuarias nuevas,2015-06-01,1,3,2,0,0,6
BERMEJO,"anticoncepcion, prevencion de its y de cancer de cuello uterino",pildora: usuarias nuevas,2015-06-01,0,0,13,7,0,20
BETANZOS,"anticoncepcion, prevencion de its y de cancer de cuello uterino",pildora: usuarias nuevas,2015-06-01,0,0,1,0,0,1
BOLIVAR,"anticoncepcion, prevencion de its y de cancer de cuello uterino",pildora: usuarias nuevas,2015-06-01,0,0,1,0,0,1
BOLPEBRA,"anticoncepcion, prevencion de its y de cancer de cuello uterino",pildora: usuarias nuevas,2015-06-01,1,0,1,0,0,2
BOYUIBE,"anticoncepcion, prevencion de its y de cancer de cuello uterino",pildora: usuarias nuevas,2015-06-01,0,0,1,0,0,1
BUENA VISTA,"anticoncepcion, prevencion de its y de cancer de cuello uterino",pildora: usuarias nuevas,2015-06-01,0,2,53,0,0,55
CABEZAS,"anticoncepcion, prevencion de its y de cancer de cuello uterino",pildora: usuarias nuevas,2015-06-01,1,1,9,1,0,12
CAIROMA,"anticoncepcion, prevencion de its y de cancer de cuello uterino",pildora: usuarias nuevas,2015-06-01,0,1,0,0,0,1
"CAIZA ""D""","anticoncepcion, prevencion de its y de cancer de cuello uterino",pildora: usuarias nuevas,2015-06-01,0,0,3,0,0,3
CAJUATA,"anticoncepcion, prevencion de its y de cancer de cuello uterino",pildora: usuarias nuevas,2015-06-01,0,1,0,0,0,1
CALAMARCA,"anticoncepcion, prevencion de its y de cancer de cuello uterino",pildora: usuarias nuevas,2015-06-01,0,1,2,1,0,4
CAMARGO,"anticoncepcion, prevencion de its y de cancer de cuello uterino",pildora: usuarias nuevas,2015-06-01,0,0,5,2,0,7
CARACOLLO,"anticoncepcion, prevencion de its y de cancer de cuello uterino",pildora: usuarias nuevas,2015-06-01,0,0,0,1,0,1
CARANAVI,"anticoncepcion, prevencion de its y de cancer de cuello uterino",pildora: usuarias nuevas,2015-06-01,0,1,4,1,0,6
CARIPUYO,"anticoncepcion, prevencion de its y de cancer de cuello uterino",pildora: usuarias nuevas,2015-06-01,0,0,2,0,0,2
CARMEN RIVERO TORREZ,"anticoncepcion, prevencion de its y de cancer de cuello uterino",pildora: usuarias nuevas,2015-06-01,0,0,3,0,0,3
CHALLAPATA,"anticoncepcion, prevencion de its y de cancer de cuello uterino",pildora: usuarias nuevas,2015-06-01,0,0,2,0,0,2
CHAQUI,"anticoncepcion, prevencion de its y de cancer de cuello uterino",pildora: usuarias nuevas,2015-06-01,0,0,1,1,0,2
CHARAGUA,"anticoncepcion, prevencion de its y de cancer de cuello uterino",pildora: usuarias nuevas,2015-06-01,0,1,6,3,0,10
CHAYANTA,"anticoncepcion, prevencion de its y de cancer de cuello uterino",pildora: usuarias nuevas,2015-06-01,0,0,2,0,0,2
CHIMORE,"anticoncepcion, prevencion de its y de cancer de cuello uterino",pildora: usuarias nuevas,2015-06-01,0,2,10,1,0,13
CHUA COCANI,"anticoncepcion, prevencion de its y de cancer de cuello uterino",pildora: usuarias nuevas,2015-06-01,0,1,9,3,0,13
CHULUMANI (V. DE LA LIBERTAD),"anticoncepcion, prevencion de its y de cancer de cuello uterino",pildora: usuarias nuevas,2015-06-01,0,1,1,1,0,3
CHUMA,"anticoncepcion, prevencion de its y de cancer de cuello uterino",pildora: usuarias nuevas,2015-06-01,0,1,1,1,0,3
CHUQUIHUTA AYLLU JUCUMANI,"anticoncepcion, prevencion de its y de cancer de cuello uterino",pildora: usuarias nuevas,2015-06-01,0,0,1,0,0,1
CKOCHAS,"anticoncepcion, prevencion de its y de cancer de cuello uterino",pildora: usuarias nuevas,2015-06-01,1,0,1,0,0,2
CLIZA,"anticoncepcion, prevencion de its y de cancer de cuello uterino",pildora: usuarias nuevas,2015-06-01,0,0,4,1,0,5
COBIJA,"anticoncepcion, prevencion de its y de cancer de cuello uterino",pildora: usuarias nuevas,2015-06-01,2,1,13,1,0,17
COCAPATA,"anticoncepcion, prevencion de its y de cancer de cuello uterino",pildora: usuarias nuevas,2015-06-01,0,0,6,1,0,7
COCHABAMBA,"anticoncepcion, prevencion de its y de cancer de cuello uterino",pildora: usuarias nuevas,2015-06-01,0,28,320,26,0,374
COLCAPIRHUA,"anticoncepcion, prevencion de its y de cancer de cuello uterino",pildora: usuarias nuevas,2015-06-01,0,2,6,0,0,8
"COLCHA ""K""","anticoncepcion, prevencion de its y de cancer de cuello uterino",pildora: usuarias nuevas,2015-06-01,0,0,1,0,0,1
COLLANA,"anticoncepcion, prevencion de its y de cancer de cuello uterino",pildora: usuarias nuevas,2015-06-01,0,1,0,0,0,1
COLOMI,"anticoncepcion, prevencion de its y de cancer de cuello uterino",pildora: usuarias nuevas,2015-06-01,0,0,1,0,0,1
COLPA BELGICA,"anticoncepcion, prevencion de its y de cancer de cuello uterino",pildora: usuarias nuevas,2015-06-01,0,2,1,0,0,3
COLQUECHACA,"anticoncepcion, prevencion de its y de cancer de cuello uterino",pildora: usuarias nuevas,2015-06-01,0,1,2,13,0,16
COLQUENCHA,"anticoncepcion, prevencion de its y de cancer de cuello uterino",pildora: usuarias nuevas,2015-06-01,0,0,1,0,0,1
COLQUIRI,"anticoncepcion, prevencion de its y de cancer de cuello uterino",pildora: usuarias nuevas,2015-06-01,0,0,2,0,0,2
COMANCHE,"anticoncepcion, prevencion de its y de cancer de cuello uterino",pildora: usuarias nuevas,2015-06-01,0,0,1,0,0,1
COMARAPA,"anticoncepcion, prevencion de its y de cancer de cuello uterino",pildora: usuarias nuevas,2015-06-01,0,0,2,0,0,2
CONCEPCION,"anticoncepcion, prevencion de its y de cancer de cuello uterino",pildora: usuarias nuevas,2015-06-01,0,0,0,3,0,3
COPACABANA,"anticoncepcion, prevencion de its y de cancer de cuello uterino",pildora: usuarias nuevas,2015-06-01,0,0,1,0,0,1
CORIPATA,"anticoncepcion, prevencion de its y de cancer de cuello uterino",pildora: usuarias nuevas,2015-06-01,0,1,0,0,0,1
COROICO,"anticoncepcion, prevencion de its y de cancer de cuello uterino",pildora: usuarias nuevas,2015-06-01,0,0,1,0,0,1
CORQUE,"anticoncepcion, prevencion de its y de cancer de cuello uterino",pildora: usuarias nuevas,2015-06-01,0,0,0,1,0,1
COTOCA,"anticoncepcion, prevencion de its y de cancer de cuello uterino",pildora: usuarias nuevas,2015-06-01,0,3,12,3,0,18
CRUZ DE MACHACAMARCA,"anticoncepcion, prevencion de its y de cancer de cuello uterino",pildora: usuarias nuevas,2015-06-01,0,0,1,0,0,1
CUATRO CAÑADAS,"anticoncepcion, prevencion de its y de cancer de cuello uterino",pildora: usuarias nuevas,2015-06-01,0,3,3,3,0,9
CULPINA,"anticoncepcion, prevencion de its y de cancer de cuello uterino",pildora: usuarias nuevas,2015-06-01,0,1,4,2,0,7
CURVA,"anticoncepcion, prevencion de its y de cancer de cuello uterino",pildora: usuarias nuevas,2015-06-01,0,1,1,0,0,2
DESAGUADERO,"anticoncepcion, prevencion de its y de cancer de cuello uterino",pildora: usuarias nuevas,2015-06-01,0,0,1,0,0,1
EL ALTO,"anticoncepcion, prevencion de its y de cancer de cuello uterino",pildora: usuarias nuevas,2015-06-01,0,13,176,173,0,362
EL CHORO,"anticoncepcion, prevencion de its y de cancer de cuello uterino",pildora: usuarias nuevas,2015-06-01,0,0,2,0,0,2
EL PUENTE(TJA),"anticoncepcion, prevencion de its y de cancer de cuello uterino",pildora: usuarias nuevas,2015-06-01,0,0,1,0,0,1
EL TORNO,"anticoncepcion, prevencion de its y de cancer de cuello uterino",pildora: usuarias nuevas,2015-06-01,1,2,14,3,0,20
EL VILLAR,"anticoncepcion, prevencion de its y de cancer de cuello uterino",pildora: usuarias nuevas,2015-06-01,0,0,0,1,0,1
ENTRE RIOS TRJ,"anticoncepcion, prevencion de its y de cancer de cuello uterino",pildora: usuarias nuevas,2015-06-01,0,2,8,1,0,11
ENTRE RIOS CBBA,"anticoncepcion, prevencion de its y de cancer de cuello uterino",pildora: usuarias nuevas,2015-06-01,0,0,5,0,0,5
EUREKA (SANTOS MERCADO),"anticoncepcion, prevencion de its y de cancer de cuello uterino",pildora: usuarias nuevas,2015-06-01,0,1,1,0,0,2
EXALTACION,"anticoncepcion, prevencion de its y de cancer de cuello uterino",pildora: usuarias nuevas,2015-06-01,0,1,2,0,0,3
FERNANDEZ ALONSO,"anticoncepcion, prevencion de its y de cancer de cuello uterino",pildora: usuarias nuevas,2015-06-01,0,3,9,0,0,12
GENERAL SAAVEDRA,"anticoncepcion, prevencion de its y de cancer de cuello uterino",pildora: usuarias nuevas,2015-06-01,0,1,7,0,0,8
GRAL. J.J. PEREZ (CHARAZANI),"anticoncepcion, prevencion de its y de cancer de cuello uterino",pildora: usuarias nuevas,2015-06-01,0,1,1,0,0,2
GUANAY,"anticoncepcion, prevencion de its y de cancer de cuello uterino",pildora: usuarias nuevas,2015-06-01,0,0,2,0,0,2
GUAQUI,"anticoncepcion, prevencion de its y de cancer de cuello uterino",pildora: usuarias nuevas,2015-06-01,0,1,1,0,0,2
GUTIERREZ,"anticoncepcion, prevencion de its y de cancer de cuello uterino",pildora: usuarias nuevas,2015-06-01,0,1,1,0,0,2
HUACARETA,"anticoncepcion, prevencion de its y de cancer de cuello uterino",pildora: usuarias nuevas,2015-06-01,0,1,1,1,0,3
HUACAYA (VILLA DE HUACAYA),"anticoncepcion, prevencion de its y de cancer de cuello uterino",pildora: usuarias nuevas,2015-06-01,0,0,0,1,0,1
HUACHACALLA,"anticoncepcion, prevencion de its y de cancer de cuello uterino",pildora: usuarias nuevas,2015-06-01,0,1,0,0,0,1
HUANUNI,"anticoncepcion, prevencion de its y de cancer de cuello uterino",pildora: usuarias nuevas,2015-06-01,0,0,1,0,0,1
HUARACAJE,"anticoncepcion, prevencion de its y de cancer de cuello uterino",pildora: usuarias nuevas,2015-06-01,0,0,5,1,0,6
HUARINA,"anticoncepcion, prevencion de its y de cancer de cuello uterino",pildora: usuarias nuevas,2015-06-01,0,0,2,0,0,2
HUATAJATA,"anticoncepcion, prevencion de its y de cancer de cuello uterino",pildora: usuarias nuevas,2015-06-01,0,0,0,1,0,1
INCAHUASI,"anticoncepcion, prevencion de its y de cancer de cuello uterino",pildora: usuarias nuevas,2015-06-01,0,1,3,1,0,5
INGAVI (HUMAITA),"anticoncepcion, prevencion de its y de cancer de cuello uterino",pildora: usuarias nuevas,2015-06-01,0,1,0,0,0,1
IRUPANA (VILLA DE LANZA),"anticoncepcion, prevencion de its y de cancer de cuello uterino",pildora: usuarias nuevas,2015-06-01,0,0,3,0,0,3
IXIAMAS,"anticoncepcion, prevencion de its y de cancer de cuello uterino",pildora: usuarias nuevas,2015-06-01,0,0,2,2,0,4
LA ASUNTA,"anticoncepcion, prevencion de its y de cancer de cuello uterino",pildora: usuarias nuevas,2015-06-01,0,1,4,0,0,5
LA GUARDIA,"anticoncepcion, prevencion de its y de cancer de cuello uterino",pildora: usuarias nuevas,2015-06-01,0,7,36,5,0,48
LA PAZ,"anticoncepcion, prevencion de its y de cancer de cuello uterino",pildora: usuarias nuevas,2015-06-01,1,6,190,20,0,217
LAGUNILLAS,"anticoncepcion, prevencion de its y de cancer de cuello uterino",pildora: usuarias nuevas,2015-06-01,0,1,5,3,0,9
LAJA,"anticoncepcion, prevencion de its y de cancer de cuello uterino",pildora: usuarias nuevas,2015-06-01,0,2,0,0,0,2
LAS CARRERAS,"anticoncepcion, prevencion de its y de cancer de cuello uterino",pildora: usuarias nuevas,2015-06-01,0,0,2,0,0,2
LLALLAGUA,"anticoncepcion, prevencion de its y de cancer de cuello uterino",pildora: usuarias nuevas,2015-06-01,0,0,5,0,0,5
LORETO,"anticoncepcion, prevencion de its y de cancer de cuello uterino",pildora: usuarias nuevas,2015-06-01,1,0,3,1,0,5
MACHACAMARCA,"anticoncepcion, prevencion de its y de cancer de cuello uterino",pildora: usuarias nuevas,2015-06-01,0,0,0,1,0,1
MACHARETI,"anticoncepcion, prevencion de its y de cancer de cuello uterino",pildora: usuarias nuevas,2015-06-01,0,2,2,0,0,4
MAGDALENA,"anticoncepcion, prevencion de its y de cancer de cuello uterino",pildora: usuarias nuevas,2015-06-01,0,0,5,0,0,5
MAIRANA,"anticoncepcion, prevencion de its y de cancer de cuello uterino",pildora: usuarias nuevas,2015-06-01,0,2,1,0,0,3
MAPIRI,"anticoncepcion, prevencion de its y de cancer de cuello uterino",pildora: usuarias nuevas,2015-06-01,0,0,1,0,0,1
MECAPACA,"anticoncepcion, prevencion de its y de cancer de cuello uterino",pildora: usuarias nuevas,2015-06-01,0,0,1,1,0,2
MINEROS,"anticoncepcion, prevencion de its y de cancer de cuello uterino",pildora: usuarias nuevas,2015-06-01,0,1,3,0,0,4
MIZQUE,"anticoncepcion, prevencion de its y de cancer de cuello uterino",pildora: usuarias nuevas,2015-06-01,0,0,3,1,0,4
MOCOMOCO,"anticoncepcion, prevencion de its y de cancer de cuello uterino",pildora: usuarias nuevas,2015-06-01,0,0,1,0,0,1
MOJOCOYA,"anticoncepcion, prevencion de its y de cancer de cuello uterino",pildora: usuarias nuevas,2015-06-01,0,0,1,1,0,2
MONTEAGUDO,"anticoncepcion, prevencion de its y de cancer de cuello uterino",pildora: usuarias nuevas,2015-06-01,0,1,5,2,0,8
MONTERO,"anticoncepcion, prevencion de its y de cancer de cuello uterino",pildora: usuarias nuevas,2015-06-01,1,5,9,2,0,17
MORO MORO,"anticoncepcion, prevencion de its y de cancer de cuello uterino",pildora: usuarias nuevas,2015-06-01,1,0,0,0,0,1
MOROCHATA,"anticoncepcion, prevencion de its y de cancer de cuello uterino",pildora: usuarias nuevas,2015-06-01,0,0,2,4,0,6
NUEVO MANOA (NUEVA ESPERANZA),"anticoncepcion, prevencion de its y de cancer de cuello uterino",pildora: usuarias nuevas,2015-06-01,0,0,1,0,0,1
OCURI,"anticoncepcion, prevencion de its y de cancer de cuello uterino",pildora: usuarias nuevas,2015-06-01,0,2,3,0,0,5
OMEREQUE,"anticoncepcion, prevencion de its y de cancer de cuello uterino",pildora: usuarias nuevas,2015-06-01,0,0,0,1,0,1
ORURO,"anticoncepcion, prevencion de its y de cancer de cuello uterino",pildora: usuarias nuevas,2015-06-01,0,4,29,6,0,39
PADCAYA,"anticoncepcion, prevencion de its y de cancer de cuello uterino",pildora: usuarias nuevas,2015-06-01,0,0,5,1,0,6
PADILLA,"anticoncepcion, prevencion de its y de cancer de cuello uterino",pildora: usuarias nuevas,2015-06-01,0,1,0,1,0,2
PAILON,"anticoncepcion, prevencion de its y de cancer de cuello uterino",pildora: usuarias nuevas,2015-06-01,0,4,1,0,0,5
PALCA,"anticoncepcion, prevencion de its y de cancer de cuello uterino",pildora: usuarias nuevas,2015-06-01,0,1,0,1,0,2
PALOS BLANCOS,"anticoncepcion, prevencion de its y de cancer de cuello uterino",pildora: usuarias nuevas,2015-06-01,0,0,6,2,1,9
PAMPA GRANDE,"anticoncepcion, prevencion de its y de cancer de cuello uterino",pildora: usuarias nuevas,2015-06-01,0,0,7,2,0,9
PAPEL PAMPA,"anticoncepcion, prevencion de its y de cancer de cuello uterino",pildora: usuarias nuevas,2015-06-01,0,2,0,0,0,2
PAZÑA,"anticoncepcion, prevencion de its y de cancer de cuello uterino",pildora: usuarias nuevas,2015-06-01,0,0,0,2,0,2
PELECHUCO,"anticoncepcion, prevencion de its y de cancer de cuello uterino",pildora: usuarias nuevas,2015-06-01,0,1,1,0,0,2
POCOATA,"anticoncepcion, prevencion de its y de cancer de cuello uterino",pildora: usuarias nuevas,2015-06-01,0,0,1,1,0,2
POCONA,"anticoncepcion, prevencion de its y de cancer de cuello uterino",pildora: usuarias nuevas,2015-06-01,0,2,6,5,0,13
POJO (CBBA),"anticoncepcion, prevencion de its y de cancer de cuello uterino",pildora: usuarias nuevas,2015-06-01,0,0,0,1,0,1
POOPO,"anticoncepcion, prevencion de its y de cancer de cuello uterino",pildora: usuarias nuevas,2015-06-01,0,0,0,1,0,1
PORCO,"anticoncepcion, prevencion de its y de cancer de cuello uterino",pildora: usuarias nuevas,2015-06-01,0,0,2,1,0,3
POROMA,"anticoncepcion, prevencion de its y de cancer de cuello uterino",pildora: usuarias nuevas,2015-06-01,0,0,1,0,0,1
PORONGO,"anticoncepcion, prevencion de its y de cancer de cuello uterino",pildora: usuarias nuevas,2015-06-01,0,1,9,1,0,11
PORTACHUELO,"anticoncepcion, prevencion de its y de cancer de cuello uterino",pildora: usuarias nuevas,2015-06-01,0,1,4,0,0,5
POTOSI,"anticoncepcion, prevencion de its y de cancer de cuello uterino",pildora: usuarias nuevas,2015-06-01,0,7,43,12,0,62
PUCARANI,"anticoncepcion, prevencion de its y de cancer de cuello uterino",pildora: usuarias nuevas,2015-06-01,0,0,3,0,0,3
PUERTO ACOSTA,"anticoncepcion, prevencion de its y de cancer de cuello uterino",pildora: usuarias nuevas,2015-06-01,0,0,1,0,0,1
PUERTO CARABUCO,"anticoncepcion, prevencion de its y de cancer de cuello uterino",pildora: usuarias nuevas,2015-06-01,0,0,2,1,0,3
PUERTO GONZALO MORENO,"anticoncepcion, prevencion de its y de cancer de cuello uterino",pildora: usuarias nuevas,2015-06-01,0,0,2,0,0,2
PUERTO PEREZ,"anticoncepcion, prevencion de its y de cancer de cuello uterino",pildora: usuarias nuevas,2015-06-01,0,0,1,0,0,1
PUERTO QUIJARRO,"anticoncepcion, prevencion de its y de cancer de cuello uterino",pildora: usuarias nuevas,2015-06-01,0,0,2,3,0,5
PUERTO SUAREZ,"anticoncepcion, prevencion de its y de cancer de cuello uterino",pildora: usuarias nuevas,2015-06-01,0,0,2,0,0,2
PUERTO VILLARROEL,"anticoncepcion, prevencion de its y de cancer de cuello uterino",pildora: usuarias nuevas,2015-06-01,0,2,9,0,0,11
PUNA,"anticoncepcion, prevencion de its y de cancer de cuello uterino",pildora: usuarias nuevas,2015-06-01,0,0,1,0,0,1
PUNATA,"anticoncepcion, prevencion de its y de cancer de cuello uterino",pildora: usuarias nuevas,2015-06-01,0,1,6,0,0,7
QUILLACOLLO,"anticoncepcion, prevencion de its y de cancer de cuello uterino",pildora: usuarias nuevas,2015-06-01,0,17,38,9,0,64
RAVELO,"anticoncepcion, prevencion de its y de cancer de cuello uterino",pildora: usuarias nuevas,2015-06-01,0,2,0,0,0,2
REYES,"anticoncepcion, prevencion de its y de cancer de cuello uterino",pildora: usuarias nuevas,2015-06-01,0,0,11,10,0,21
RIBERALTA,"anticoncepcion, prevencion de its y de cancer de cuello uterino",pildora: usuarias nuevas,2015-06-01,2,7,22,3,0,34
ROBORE,"anticoncepcion, prevencion de its y de cancer de cuello uterino",pildora: usuarias nuevas,2015-06-01,0,3,5,0,0,8
RURRENABAQUE,"anticoncepcion, prevencion de its y de cancer de cuello uterino",pildora: usuarias nuevas,2015-06-01,0,3,2,0,0,5
SABAYA,"anticoncepcion, prevencion de its y de cancer de cuello uterino",pildora: usuarias nuevas,2015-06-01,0,0,1,0,0,1
SACABA,"anticoncepcion, prevencion de its y de cancer de cuello uterino",pildora: usuarias nuevas,2015-06-01,0,2,14,3,0,19
SACACA,"anticoncepcion, prevencion de its y de cancer de cuello uterino",pildora: usuarias nuevas,2015-06-01,0,0,14,4,0,18
SAIPINA,"anticoncepcion, prevencion de its y de cancer de cuello uterino",pildora: usuarias nuevas,2015-06-01,0,0,1,0,0,1
SALINAS DE GARCI MENDOZA,"anticoncepcion, prevencion de its y de cancer de cuello uterino",pildora: usuarias nuevas,2015-06-01,0,0,3,0,0,3
SAN AGUSTIN,"anticoncepcion, prevencion de its y de cancer de cuello uterino",pildora: usuarias nuevas,2015-06-01,0,0,1,0,0,1
SAN ANDRES,"anticoncepcion, prevencion de its y de cancer de cuello uterino",pildora: usuarias nuevas,2015-06-01,0,2,0,0,0,2
SAN ANTONIO DE LOMERIO,"anticoncepcion, prevencion de its y de cancer de cuello uterino",pildora: usuarias nuevas,2015-06-01,0,0,5,0,0,5
SAN BORJA,"anticoncepcion, prevencion de its y de cancer de cuello uterino",pildora: usuarias nuevas,2015-06-01,0,3,21,8,0,32
SAN BUENA VENTURA,"anticoncepcion, prevencion de its y de cancer de cuello uterino",pildora: usuarias nuevas,2015-06-01,0,0,1,0,0,1
SAN CARLOS,"anticoncepcion, prevencion de its y de cancer de cuello uterino",pildora: usuarias nuevas,2015-06-01,0,4,3,2,0,9
SAN IGNACIO,"anticoncepcion, prevencion de its y de cancer de cuello uterino",pildora: usuarias nuevas,2015-06-01,0,4,8,2,0,14
SAN IGNACIO DE VELASCO,"anticoncepcion, prevencion de its y de cancer de cuello uterino",pildora: usuarias nuevas,2015-06-01,0,0,3,2,0,5
SAN JAVIER(BNI),"anticoncepcion, prevencion de its y de cancer de cuello uterino",pildora: usuarias nuevas,2015-06-01,0,4,1,1,0,6
SAN JAVIER(STC),"anticoncepcion, prevencion de its y de cancer de cuello uterino",pildora: usuarias nuevas,2015-06-01,0,1,5,3,0,9
SAN JOSE DE CHIQUITOS,"anticoncepcion, prevencion de its y de cancer de cuello uterino",pildora: usuarias nuevas,2015-06-01,0,5,5,0,0,10
SAN JUAN DE YAPACANI,"anticoncepcion, prevencion de its y de cancer de cuello uterino",pildora: usuarias nuevas,2015-06-01,0,0,2,0,0,2
SAN JULIAN,"anticoncepcion, prevencion de its y de cancer de cuello uterino",pildora: usuarias nuevas,2015-06-01,0,2,11,2,0,15
SAN LORENZO(PND),"anticoncepcion, prevencion de its y de cancer de cuello uterino",pildora: usuarias nuevas,2015-06-01,1,0,4,0,0,5
SAN LORENZO(TJA),"anticoncepcion, prevencion de its y de cancer de cuello uterino",pildora: usuarias nuevas,2015-06-01,0,1,4,0,0,5
SAN LUCAS,"anticoncepcion, prevencion de its y de cancer de cuello uterino",pildora: usuarias nuevas,2015-06-01,0,0,2,0,0,2
SAN MATIAS,"anticoncepcion, prevencion de its y de cancer de cuello uterino",pildora: usuarias nuevas,2015-06-01,0,0,5,0,0,5
SAN MIGUEL DE VELASCO,"anticoncepcion, prevencion de its y de cancer de cuello uterino",pildora: usuarias nuevas,2015-06-01,1,4,1,0,0,6
SAN PABLO DE LIPEZ,"anticoncepcion, prevencion de its y de cancer de cuello uterino",pildora: usuarias nuevas,2015-06-01,0,0,1,0,0,1
SAN PEDRO,"anticoncepcion, prevencion de its y de cancer de cuello uterino",pildora: usuarias nuevas,2015-06-01,0,0,5,3,0,8
SAN PEDRO DE BUENA VISTA,"anticoncepcion, prevencion de its y de cancer de cuello uterino",pildora: usuarias nuevas,2015-06-01,0,0,7,2,0,9
SAN PEDRO DE CURAHUARA,"anticoncepcion, prevencion de its y de cancer de cuello uterino",pildora: usuarias nuevas,2015-06-01,0,0,10,3,0,13
SAN RAFAEL,"anticoncepcion, prevencion de its y de cancer de cuello uterino",pildora: usuarias nuevas,2015-06-01,0,1,1,0,0,2
SAN RAMON BENI,"anticoncepcion, prevencion de its y de cancer de cuello uterino",pildora: usuarias nuevas,2015-06-01,0,0,1,1,0,2
SAN RAMON SCZ,"anticoncepcion, prevencion de its y de cancer de cuello uterino",pildora: usuarias nuevas,2015-06-01,0,2,2,0,0,4
SANTA ANA,"anticoncepcion, prevencion de its y de cancer de cuello uterino",pildora: usuarias nuevas,2015-06-01,0,4,10,2,0,16
SANTA CRUZ DE LA SIERRA,"anticoncepcion, prevencion de its y de cancer de cuello uterino",pildora: usuarias nuevas,2015-06-01,1,45,193,63,0,302
SANTA ROSA DEL SARA,"anticoncepcion, prevencion de its y de cancer de cuello uterino",pildora: usuarias nuevas,2015-06-01,0,2,5,6,0,13
SANTIAGO DE HUATA,"anticoncepcion, prevencion de its y de cancer de cuello uterino",pildora: usuarias nuevas,2015-06-01,0,0,0,1,0,1
SANTIAGO DE MACHACA,"anticoncepcion, prevencion de its y de cancer de cuello uterino",pildora: usuarias nuevas,2015-06-01,0,1,0,0,0,1
SANTIVAÑES,"anticoncepcion, prevencion de its y de cancer de cuello uterino",pildora: usuarias nuevas,2015-06-01,0,1,0,0,0,1
SANTUARIO DE QUILLACAS,"anticoncepcion, prevencion de its y de cancer de cuello uterino",pildora: usuarias nuevas,2015-06-01,0,0,4,1,0,5
SAPAHAQUI,"anticoncepcion, prevencion de its y de cancer de cuello uterino",pildora: usuarias nuevas,2015-06-01,0,1,2,1,0,4
SENA,"anticoncepcion, prevencion de its y de cancer de cuello uterino",pildora: usuarias nuevas,2015-06-01,0,4,5,0,0,9
SHINAOTA,"anticoncepcion, prevencion de its y de cancer de cuello uterino",pildora: usuarias nuevas,2015-06-01,0,0,4,1,0,5
SICA SICA (VILLA AROMA),"anticoncepcion, prevencion de its y de cancer de cuello uterino",pildora: usuarias nuevas,2015-06-01,0,1,4,2,0,7
SICAYA,"anticoncepcion, prevencion de its y de cancer de cuello uterino",pildora: usuarias nuevas,2015-06-01,0,0,1,0,0,1
SIPE SIPE,"anticoncepcion, prevencion de its y de cancer de cuello uterino",pildora: usuarias nuevas,2015-06-01,0,3,13,3,0,19
SOPACHUY,"anticoncepcion, prevencion de its y de cancer de cuello uterino",pildora: usuarias nuevas,2015-06-01,0,1,3,1,0,5
SORACACHI,"anticoncepcion, prevencion de its y de cancer de cuello uterino",pildora: usuarias nuevas,2015-06-01,0,0,1,0,0,1
SUCRE,"anticoncepcion, prevencion de its y de cancer de cuello uterino",pildora: usuarias nuevas,2015-06-01,0,14,85,12,1,112
TACACOMA,"anticoncepcion, prevencion de its y de cancer de cuello uterino",pildora: usuarias nuevas,2015-06-01,0,0,4,1,0,5
TACOBAMBA,"anticoncepcion, prevencion de its y de cancer de cuello uterino",pildora: usuarias nuevas,2015-06-01,0,0,1,1,0,2
TAHUA,"anticoncepcion, prevencion de its y de cancer de cuello uterino",pildora: usuarias nuevas,2015-06-01,0,0,0,1,0,1
TAPACARI,"anticoncepcion, prevencion de its y de cancer de cuello uterino",pildora: usuarias nuevas,2015-06-01,0,1,2,0,0,3
TARABUCO,"anticoncepcion, prevencion de its y de cancer de cuello uterino",pildora: usuarias nuevas,2015-06-01,0,0,2,0,0,2
TARATA,"anticoncepcion, prevencion de its y de cancer de cuello uterino",pildora: usuarias nuevas,2015-06-01,0,0,3,0,0,3
TARIJA,"anticoncepcion, prevencion de its y de cancer de cuello uterino",pildora: usuarias nuevas,2015-06-01,1,16,22,1,0,40
TARVITA,"anticoncepcion, prevencion de its y de cancer de cuello uterino",pildora: usuarias nuevas,2015-06-01,0,2,3,1,0,6
TEOPONTE,"anticoncepcion, prevencion de its y de cancer de cuello uterino",pildora: usuarias nuevas,2015-06-01,0,0,2,1,0,3
TIAWANACU,"anticoncepcion, prevencion de its y de cancer de cuello uterino",pildora: usuarias nuevas,2015-06-01,0,1,2,1,0,4
TINGUIPAYA,"anticoncepcion, prevencion de its y de cancer de cuello uterino",pildora: usuarias nuevas,2015-06-01,0,0,1,0,0,1
TIPUANI,"anticoncepcion, prevencion de its y de cancer de cuello uterino",pildora: usuarias nuevas,2015-06-01,0,1,0,0,0,1
TIQUIPAYA,"anticoncepcion, prevencion de its y de cancer de cuello uterino",pildora: usuarias nuevas,2015-06-01,0,2,13,0,0,15
TIRAQUE (CBBA),"anticoncepcion, prevencion de its y de cancer de cuello uterino",pildora: usuarias nuevas,2015-06-01,0,0,1,0,0,1
TOCO,"anticoncepcion, prevencion de its y de cancer de cuello uterino",pildora: usuarias nuevas,2015-06-01,0,0,2,0,0,2
TOLEDO,"anticoncepcion, prevencion de its y de cancer de cuello uterino",pildora: usuarias nuevas,2015-06-01,0,0,1,0,0,1
TOMAVE,"anticoncepcion, prevencion de its y de cancer de cuello uterino",pildora: usuarias nuevas,2015-06-01,0,3,1,1,0,5
TOMINA,"anticoncepcion, prevencion de its y de cancer de cuello uterino",pildora: usuarias nuevas,2015-06-01,0,0,1,1,0,2
TORO TORO,"anticoncepcion, prevencion de its y de cancer de cuello uterino",pildora: usuarias nuevas,2015-06-01,0,1,0,0,0,1
TOTORA(CBBA),"anticoncepcion, prevencion de its y de cancer de cuello uterino",pildora: usuarias nuevas,2015-06-01,0,0,1,1,0,2
TOTORA(ORR),"anticoncepcion, prevencion de its y de cancer de cuello uterino",pildora: usuarias nuevas,2015-06-01,0,0,2,2,0,4
TRINIDAD,"anticoncepcion, prevencion de its y de cancer de cuello uterino",pildora: usuarias nuevas,2015-06-01,0,39,126,5,0,170
TUPIZA,"anticoncepcion, prevencion de its y de cancer de cuello uterino",pildora: usuarias nuevas,2015-06-01,0,1,3,0,0,4
TURCO,"anticoncepcion, prevencion de its y de cancer de cuello uterino",pildora: usuarias nuevas,2015-06-01,0,0,2,0,0,2
UMALA,"anticoncepcion, prevencion de its y de cancer de cuello uterino",pildora: usuarias nuevas,2015-06-01,0,0,2,0,0,2
URIONDO (A. CONCEPCION),"anticoncepcion, prevencion de its y de cancer de cuello uterino",pildora: usuarias nuevas,2015-06-01,0,0,1,2,0,3
UYUNI,"anticoncepcion, prevencion de its y de cancer de cuello uterino",pildora: usuarias nuevas,2015-06-01,0,1,1,2,0,4
VALLEGRANDE,"anticoncepcion, prevencion de its y de cancer de cuello uterino",pildora: usuarias nuevas,2015-06-01,0,1,4,2,0,7
VIACHA,"anticoncepcion, prevencion de its y de cancer de cuello uterino",pildora: usuarias nuevas,2015-06-01,0,0,12,5,0,17
VILLA CHARCAS,"anticoncepcion, prevencion de its y de cancer de cuello uterino",pildora: usuarias nuevas,2015-06-01,0,1,3,0,0,4
VILLA MONTES,"anticoncepcion, prevencion de its y de cancer de cuello uterino",pildora: usuarias nuevas,2015-06-01,0,4,16,4,0,24
VILLA NUEVA (LOMA ALTA),"anticoncepcion, prevencion de its y de cancer de cuello uterino",pildora: usuarias nuevas,2015-06-01,0,1,0,0,0,1
VILLA RIVERO,"anticoncepcion, prevencion de its y de cancer de cuello uterino",pildora: usuarias nuevas,2015-06-01,0,0,2,0,0,2
VILLA SERRANO,"anticoncepcion, prevencion de its y de cancer de cuello uterino",pildora: usuarias nuevas,2015-06-01,1,1,63,3,0,68
VILLA TUNARI,"anticoncepcion, prevencion de its y de cancer de cuello uterino",pildora: usuarias nuevas,2015-06-01,3,9,19,3,0,34
VILLA VACA GUZMAN (MUYUPAMPA),"anticoncepcion, prevencion de its y de cancer de cuello uterino",pildora: usuarias nuevas,2015-06-01,2,1,1,2,0,6
VILLAZON,"anticoncepcion, prevencion de its y de cancer de cuello uterino",pildora: usuarias nuevas,2015-06-01,0,1,8,3,0,12
VINTO,"anticoncepcion, prevencion de its y de cancer de cuello uterino",pildora: usuarias nuevas,2015-06-01,0,0,13,1,0,14
VITICHI,"anticoncepcion, prevencion de its y de cancer de cuello uterino",pildora: usuarias nuevas,2015-06-01,0,0,0,2,0,2
WARNES,"anticoncepcion, prevencion de its y de cancer de cuello uterino",pildora: usuarias nuevas,2015-06-01,1,4,15,9,0,29
YACO,"anticoncepcion, prevencion de its y de cancer de cuello uterino",pildora: usuarias nuevas,2015-06-01,0,0,3,0,0,3
YACUIBA,"anticoncepcion, prevencion de its y de cancer de cuello uterino",pildora: usuarias nuevas,2015-06-01,0,0,1,0,0,1
YAMPARAEZ,"anticoncepcion, prevencion de its y de cancer de cuello uterino",pildora: usuarias nuevas,2015-06-01,0,0,3,0,0,3
YANACACHI,"anticoncepcion, prevencion de its y de cancer de cuello uterino",pildora: usuarias nuevas,2015-06-01,0,0,2,0,0,2
YAPACANI,"anticoncepcion, prevencion de its y de cancer de cuello uterino",pildora: usuarias nuevas,2015-06-01,0,2,11,1,0,14
YOCALLA,"anticoncepcion, prevencion de its y de cancer de cuello uterino",pildora: usuarias nuevas,2015-06-01,0,1,5,1,0,7
YUNCHARA,"anticoncepcion, prevencion de its y de cancer de cuello uterino",pildora: usuarias nuevas,2015-06-01,0,1,0,0,0,1
ZUDAÑEZ,"anticoncepcion, prevencion de its y de cancer de cuello uterino",pildora: usuarias nuevas,2015-06-01,0,0,3,0,0,3
ACACIO,"anticoncepcion, prevencion de its y de cancer de cuello uterino",pildora: usuarias nuevas,2015-07-01,0,0,1,2,0,3
ACHACACHI,"anticoncepcion, prevencion de its y de cancer de cuello uterino",pildora: usuarias nuevas,2015-07-01,0,0,2,1,0,3
ACHOCALLA,"anticoncepcion, prevencion de its y de cancer de cuello uterino",pildora: usuarias nuevas,2015-07-01,0,0,3,2,0,5
AIQUILE,"anticoncepcion, prevencion de its y de cancer de cuello uterino",pildora: usuarias nuevas,2015-07-01,0,4,6,1,0,11
ALCALA,"anticoncepcion, prevencion de its y de cancer de cuello uterino",pildora: usuarias nuevas,2015-07-01,0,0,1,0,0,1
ALTO BENI,"anticoncepcion, prevencion de its y de cancer de cuello uterino",pildora: usuarias nuevas,2015-07-01,0,0,4,2,0,6
ANTEQUERA,"anticoncepcion, prevencion de its y de cancer de cuello uterino",pildora: usuarias nuevas,2015-07-01,0,0,1,0,0,1
ANZALDO,"anticoncepcion, prevencion de its y de cancer de cuello uterino",pildora: usuarias nuevas,2015-07-01,0,0,2,0,0,2
APOLO,"anticoncepcion, prevencion de its y de cancer de cuello uterino",pildora: usuarias nuevas,2015-07-01,0,1,1,0,0,2
ARAMPAMPA,"anticoncepcion, prevencion de its y de cancer de cuello uterino",pildora: usuarias nuevas,2015-07-01,0,1,0,1,0,2
ARBIETO,"anticoncepcion, prevencion de its y de cancer de cuello uterino",pildora: usuarias nuevas,2015-07-01,0,3,3,3,0,9
ASCENCION DE GUARAYOS,"anticoncepcion, prevencion de its y de cancer de cuello uterino",pildora: usuarias nuevas,2015-07-01,0,3,16,3,0,22
ATOCHA,"anticoncepcion, prevencion de its y de cancer de cuello uterino",pildora: usuarias nuevas,2015-07-01,0,0,2,1,0,3
AUCAPATA,"anticoncepcion, prevencion de its y de cancer de cuello uterino",pildora: usuarias nuevas,2015-07-01,0,0,0,1,0,1
AYOPAYA (V. DE INDEPENDENCIA),"anticoncepcion, prevencion de its y de cancer de cuello uterino",pildora: usuarias nuevas,2015-07-01,0,3,12,6,0,21
AZURDUY,"anticoncepcion, prevencion de its y de cancer de cuello uterino",pildora: usuarias nuevas,2015-07-01,1,0,3,1,0,5
BATALLAS,"anticoncepcion, prevencion de its y de cancer de cuello uterino",pildora: usuarias nuevas,2015-07-01,0,2,1,0,0,3
BAURES,"anticoncepcion, prevencion de its y de cancer de cuello uterino",pildora: usuarias nuevas,2015-07-01,0,1,1,1,0,3
BELLA FLOR,"anticoncepcion, prevencion de its y de cancer de cuello uterino",pildora: usuarias nuevas,2015-07-01,0,0,1,0,0,1
BERMEJO,"anticoncepcion, prevencion de its y de cancer de cuello uterino",pildora: usuarias nuevas,2015-07-01,0,5,15,5,0,25
BETANZOS,"anticoncepcion, prevencion de its y de cancer de cuello uterino",pildora: usuarias nuevas,2015-07-01,0,1,0,0,0,1
BOLPEBRA,"anticoncepcion, prevencion de its y de cancer de cuello uterino",pildora: usuarias nuevas,2015-07-01,0,0,0,1,0,1
BOYUIBE,"anticoncepcion, prevencion de its y de cancer de cuello uterino",pildora: usuarias nuevas,2015-07-01,0,0,1,0,0,1
BUENA VISTA,"anticoncepcion, prevencion de its y de cancer de cuello uterino",pildora: usuarias nuevas,2015-07-01,0,5,3,2,0,10
CABEZAS,"anticoncepcion, prevencion de its y de cancer de cuello uterino",pildora: usuarias nuevas,2015-07-01,0,11,8,1,0,20
CAIROMA,"anticoncepcion, prevencion de its y de cancer de cuello uterino",pildora: usuarias nuevas,2015-07-01,0,1,0,0,0,1
"CAIZA ""D""","anticoncepcion, prevencion de its y de cancer de cuello uterino",pildora: usuarias nuevas,2015-07-01,0,0,1,0,0,1
CAJUATA,"anticoncepcion, prevencion de its y de cancer de cuello uterino",pildora: usuarias nuevas,2015-07-01,0,0,0,2,0,2
CALAMARCA,"anticoncepcion, prevencion de its y de cancer de cuello uterino",pildora: usuarias nuevas,2015-07-01,0,1,0,0,0,1
CAMARGO,"anticoncepcion, prevencion de its y de cancer de cuello uterino",pildora: usuarias nuevas,2015-07-01,0,1,2,3,0,6
CAMIRI,"anticoncepcion, prevencion de its y de cancer de cuello uterino",pildora: usuarias nuevas,2015-07-01,0,1,2,1,0,4
CAPINOTA,"anticoncepcion, prevencion de its y de cancer de cuello uterino",pildora: usuarias nuevas,2015-07-01,0,0,2,1,0,3
CARACOLLO,"anticoncepcion, prevencion de its y de cancer de cuello uterino",pildora: usuarias nuevas,2015-07-01,0,0,3,0,0,3
CARANAVI,"anticoncepcion, prevencion de its y de cancer de cuello uterino",pildora: usuarias nuevas,2015-07-01,0,0,13,4,0,17
CARANGAS,"anticoncepcion, prevencion de its y de cancer de cuello uterino",pildora: usuarias nuevas,2015-07-01,0,0,1,1,0,2
CARAPARI,"anticoncepcion, prevencion de its y de cancer de cuello uterino",pildora: usuarias nuevas,2015-07-01,0,0,7,0,0,7
CARIPUYO,"anticoncepcion, prevencion de its y de cancer de cuello uterino",pildora: usuarias nuevas,2015-07-01,0,0,0,1,0,1
CARMEN RIVERO TORREZ,"anticoncepcion, prevencion de its y de cancer de cuello uterino",pildora: usuarias nuevas,2015-07-01,0,0,0,1,0,1
CATACORA,"anticoncepcion, prevencion de its y de cancer de cuello uterino",pildora: usuarias nuevas,2015-07-01,0,1,1,2,0,4
CHALLAPATA,"anticoncepcion, prevencion de its y de cancer de cuello uterino",pildora: usuarias nuevas,2015-07-01,0,0,4,2,0,6
CHAQUI,"anticoncepcion, prevencion de its y de cancer de cuello uterino",pildora: usuarias nuevas,2015-07-01,0,1,1,0,0,2
CHARAGUA,"anticoncepcion, prevencion de its y de cancer de cuello uterino",pildora: usuarias nuevas,2015-07-01,0,0,4,1,0,5
CHIMORE,"anticoncepcion, prevencion de its y de cancer de cuello uterino",pildora: usuarias nuevas,2015-07-01,1,2,5,2,0,10
CHUA COCANI,"anticoncepcion, prevencion de its y de cancer de cuello uterino",pildora: usuarias nuevas,2015-07-01,0,4,18,4,0,26
CHULUMANI (V. DE LA LIBERTAD),"anticoncepcion, prevencion de its y de cancer de cuello uterino",pildora: usuarias nuevas,2015-07-01,0,0,2,1,0,3
CHUQUIHUTA AYLLU JUCUMANI,"anticoncepcion, prevencion de its y de cancer de cuello uterino",pildora: usuarias nuevas,2015-07-01,0,0,2,0,0,2
CLIZA,"anticoncepcion, prevencion de its y de cancer de cuello uterino",pildora: usuarias nuevas,2015-07-01,0,1,5,0,0,6
COBIJA,"anticoncepcion, prevencion de its y de cancer de cuello uterino",pildora: usuarias nuevas,2015-07-01,0,0,3,1,0,4
COCAPATA,"anticoncepcion, prevencion de its y de cancer de cuello uterino",pildora: usuarias nuevas,2015-07-01,0,3,1,2,0,6
COCHABAMBA,"anticoncepcion, prevencion de its y de cancer de cuello uterino",pildora: usuarias nuevas,2015-07-01,1,32,204,26,0,263
COLCAPIRHUA,"anticoncepcion, prevencion de its y de cancer de cuello uterino",pildora: usuarias nuevas,2015-07-01,0,0,5,1,0,6
"COLCHA ""K""","anticoncepcion, prevencion de its y de cancer de cuello uterino",pildora: usuarias nuevas,2015-07-01,0,1,3,0,0,4
COLLANA,"anticoncepcion, prevencion de its y de cancer de cuello uterino",pildora: usuarias nuevas,2015-07-01,0,0,1,1,0,2
COLOMI,"anticoncepcion, prevencion de its y de cancer de cuello uterino",pildora: usuarias nuevas,2015-07-01,0,0,1,3,0,4
COLPA BELGICA,"anticoncepcion, prevencion de its y de cancer de cuello uterino",pildora: usuarias nuevas,2015-07-01,0,2,2,1,0,5
COLQUECHACA,"anticoncepcion, prevencion de its y de cancer de cuello uterino",pildora: usuarias nuevas,2015-07-01,0,12,2,2,0,16
COLQUENCHA,"anticoncepcion, prevencion de its y de cancer de cuello uterino",pildora: usuarias nuevas,2015-07-01,0,0,0,0,1,1
COLQUIRI,"anticoncepcion, prevencion de its y de cancer de cuello uterino",pildora: usuarias nuevas,2015-07-01,0,0,0,1,0,1
COMARAPA,"anticoncepcion, prevencion de its y de cancer de cuello uterino",pildora: usuarias nuevas,2015-07-01,0,0,2,0,0,2
CONCEPCION,"anticoncepcion, prevencion de its y de cancer de cuello uterino",pildora: usuarias nuevas,2015-07-01,0,2,1,0,0,3
COPACABANA,"anticoncepcion, prevencion de its y de cancer de cuello uterino",pildora: usuarias nuevas,2015-07-01,0,0,2,0,0,2
CORIPATA,"anticoncepcion, prevencion de its y de cancer de cuello uterino",pildora: usuarias nuevas,2015-07-01,0,0,1,0,0,1
COTAGAITA,"anticoncepcion, prevencion de its y de cancer de cuello uterino",pildora: usuarias nuevas,2015-07-01,0,0,2,0,0,2
COTOCA,"anticoncepcion, prevencion de its y de cancer de cuello uterino",pildora: usuarias nuevas,2015-07-01,0,1,8,3,0,12
CUATRO CAÑADAS,"anticoncepcion, prevencion de its y de cancer de cuello uterino",pildora: usuarias nuevas,2015-07-01,0,2,9,1,0,12
CUEVO,"anticoncepcion, prevencion de its y de cancer de cuello uterino",pildora: usuarias nuevas,2015-07-01,0,0,2,0,0,2
CULPINA,"anticoncepcion, prevencion de its y de cancer de cuello uterino",pildora: usuarias nuevas,2015-07-01,1,0,3,1,0,5
DESAGUADERO,"anticoncepcion, prevencion de its y de cancer de cuello uterino",pildora: usuarias nuevas,2015-07-01,0,0,1,1,0,2
EL ALTO,"anticoncepcion, prevencion de its y de cancer de cuello uterino",pildora: usuarias nuevas,2015-07-01,0,14,110,36,0,160
EL CHORO,"anticoncepcion, prevencion de its y de cancer de cuello uterino",pildora: usuarias nuevas,2015-07-01,0,0,1,0,0,1
EL PUENTE(STC),"anticoncepcion, prevencion de its y de cancer de cuello uterino",pildora: usuarias nuevas,2015-07-01,0,1,5,2,0,8
EL PUENTE(TJA),"anticoncepcion, prevencion de its y de cancer de cuello uterino",pildora: usuarias nuevas,2015-07-01,1,3,1,2,0,7
EL TORNO,"anticoncepcion, prevencion de its y de cancer de cuello uterino",pildora: usuarias nuevas,2015-07-01,0,9,12,2,0,23
EL VILLAR,"anticoncepcion, prevencion de its y de cancer de cuello uterino",pildora: usuarias nuevas,2015-07-01,0,1,1,1,0,3
ENTRE RIOS TRJ,"anticoncepcion, prevencion de its y de cancer de cuello uterino",pildora: usuarias nuevas,2015-07-01,1,3,3,1,0,8
ENTRE RIOS CBBA,"anticoncepcion, prevencion de its y de cancer de cuello uterino",pildora: usuarias nuevas,2015-07-01,0,0,9,3,0,12
FERNANDEZ ALONSO,"anticoncepcion, prevencion de its y de cancer de cuello uterino",pildora: usuarias nuevas,2015-07-01,0,0,4,0,0,4
FILADELFIA,"anticoncepcion, prevencion de its y de cancer de cuello uterino",pildora: usuarias nuevas,2015-07-01,0,1,4,1,0,6
GENERAL SAAVEDRA,"anticoncepcion, prevencion de its y de cancer de cuello uterino",pildora: usuarias nuevas,2015-07-01,0,1,6,2,0,9
GRAL. J.J. PEREZ (CHARAZANI),"anticoncepcion, prevencion de its y de cancer de cuello uterino",pildora: usuarias nuevas,2015-07-01,0,1,2,0,0,3
GUAQUI,"anticoncepcion, prevencion de its y de cancer de cuello uterino",pildora: usuarias nuevas,2015-07-01,0,1,2,1,0,4
GUAYARAMERIN,"anticoncepcion, prevencion de its y de cancer de cuello uterino",pildora: usuarias nuevas,2015-07-01,0,2,13,1,0,16
GUTIERREZ,"anticoncepcion, prevencion de its y de cancer de cuello uterino",pildora: usuarias nuevas,2015-07-01,0,0,2,0,0,2
HUACARETA,"anticoncepcion, prevencion de its y de cancer de cuello uterino",pildora: usuarias nuevas,2015-07-01,0,2,2,6,0,10
HUACAYA (VILLA DE HUACAYA),"anticoncepcion, prevencion de its y de cancer de cuello uterino",pildora: usuarias nuevas,2015-07-01,0,0,1,0,0,1
HUACHACALLA,"anticoncepcion, prevencion de its y de cancer de cuello uterino",pildora: usuarias nuevas,2015-07-01,0,2,4,0,0,6
HUANUNI,"anticoncepcion, prevencion de its y de cancer de cuello uterino",pildora: usuarias nuevas,2015-07-01,0,0,5,1,0,6
HUARACAJE,"anticoncepcion, prevencion de its y de cancer de cuello uterino",pildora: usuarias nuevas,2015-07-01,0,1,2,3,0,6
HUARINA,"anticoncepcion, prevencion de its y de cancer de cuello uterino",pildora: usuarias nuevas,2015-07-01,0,0,1,0,0,1
ICHOCA,"anticoncepcion, prevencion de its y de cancer de cuello uterino",pildora: usuarias nuevas,2015-07-01,0,0,1,0,0,1
INCAHUASI,"anticoncepcion, prevencion de its y de cancer de cuello uterino",pildora: usuarias nuevas,2015-07-01,1,0,1,2,0,4
INGAVI (HUMAITA),"anticoncepcion, prevencion de its y de cancer de cuello uterino",pildora: usuarias nuevas,2015-07-01,0,1,0,0,0,1
INQUISIVI,"anticoncepcion, prevencion de its y de cancer de cuello uterino",pildora: usuarias nuevas,2015-07-01,0,0,4,1,0,5
IRUPANA (VILLA DE LANZA),"anticoncepcion, prevencion de its y de cancer de cuello uterino",pildora: usuarias nuevas,2015-07-01,0,0,5,2,0,7
IXIAMAS,"anticoncepcion, prevencion de its y de cancer de cuello uterino",pildora: usuarias nuevas,2015-07-01,0,1,2,0,0,3
JESUS DE MACHACA,"anticoncepcion, prevencion de its y de cancer de cuello uterino",pildora: usuarias nuevas,2015-07-01,0,0,1,0,0,1
LA ASUNTA,"anticoncepcion, prevencion de its y de cancer de cuello uterino",pildora: usuarias nuevas,2015-07-01,0,3,5,2,0,10
LA GUARDIA,"anticoncepcion, prevencion de its y de cancer de cuello uterino",pildora: usuarias nuevas,2015-07-01,0,8,50,5,0,63
LA PAZ,"anticoncepcion, prevencion de its y de cancer de cuello uterino",pildora: usuarias nuevas,2015-07-01,0,17,181,24,0,222
LAGUNILLAS,"anticoncepcion, prevencion de its y de cancer de cuello uterino",pildora: usuarias nuevas,2015-07-01,0,0,1,0,0,1
LAJA,"anticoncepcion, prevencion de its y de cancer de cuello uterino",pildora: usuarias nuevas,2015-07-01,0,0,2,1,0,3
LICOMA PAMPA,"anticoncepcion, prevencion de its y de cancer de cuello uterino",pildora: usuarias nuevas,2015-07-01,0,0,2,0,0,2
LLALLAGUA,"anticoncepcion, prevencion de its y de cancer de cuello uterino",pildora: usuarias nuevas,2015-07-01,0,1,13,1,0,15
LORETO,"anticoncepcion, prevencion de its y de cancer de cuello uterino",pildora: usuarias nuevas,2015-07-01,0,0,13,1,0,14
MACHARETI,"anticoncepcion, prevencion de its y de cancer de cuello uterino",pildora: usuarias nuevas,2015-07-01,0,1,3,4,0,8
MAGDALENA,"anticoncepcion, prevencion de its y de cancer de cuello uterino",pildora: usuarias nuevas,2015-07-01,0,2,4,0,0,6
MAIRANA,"anticoncepcion, prevencion de its y de cancer de cuello uterino",pildora: usuarias nuevas,2015-07-01,0,2,1,0,0,3
MAPIRI,"anticoncepcion, prevencion de its y de cancer de cuello uterino",pildora: usuarias nuevas,2015-07-01,0,0,1,1,0,2
MECAPACA,"anticoncepcion, prevencion de its y de cancer de cuello uterino",pildora: usuarias nuevas,2015-07-01,0,0,1,0,0,1
MINEROS,"anticoncepcion, prevencion de its y de cancer de cuello uterino",pildora: usuarias nuevas,2015-07-01,0,2,4,0,0,6
MIZQUE,"anticoncepcion, prevencion de its y de cancer de cuello uterino",pildora: usuarias nuevas,2015-07-01,0,0,1,1,0,2
MONTEAGUDO,"anticoncepcion, prevencion de its y de cancer de cuello uterino",pildora: usuarias nuevas,2015-07-01,0,1,8,0,0,9
MONTERO,"anticoncepcion, prevencion de its y de cancer de cuello uterino",pildora: usuarias nuevas,2015-07-01,0,1,11,1,0,13
MOROCHATA,"anticoncepcion, prevencion de its y de cancer de cuello uterino",pildora: usuarias nuevas,2015-07-01,0,0,2,0,0,2
NACEBE (SANTA ROSA DEL ABUNA),"anticoncepcion, prevencion de its y de cancer de cuello uterino",pildora: usuarias nuevas,2015-07-01,0,0,1,0,0,1
NUEVO MANOA (NUEVA ESPERANZA),"anticoncepcion, prevencion de its y de cancer de cuello uterino",pildora: usuarias nuevas,2015-07-01,0,0,2,1,1,4
OCURI,"anticoncepcion, prevencion de its y de cancer de cuello uterino",pildora: usuarias nuevas,2015-07-01,0,0,1,3,0,4
OKINAWA,"anticoncepcion, prevencion de its y de cancer de cuello uterino",pildora: usuarias nuevas,2015-07-01,1,0,0,0,0,1
ORURO,"anticoncepcion, prevencion de its y de cancer de cuello uterino",pildora: usuarias nuevas,2015-07-01,0,4,36,9,0,49
PADCAYA,"anticoncepcion, prevencion de its y de cancer de cuello uterino",pildora: usuarias nuevas,2015-07-01,0,2,0,0,1,3
PADILLA,"anticoncepcion, prevencion de its y de cancer de cuello uterino",pildora: usuarias nuevas,2015-07-01,1,0,3,5,0,9
PAILON,"anticoncepcion, prevencion de its y de cancer de cuello uterino",pildora: usuarias nuevas,2015-07-01,0,1,2,2,0,5
PALCA,"anticoncepcion, prevencion de its y de cancer de cuello uterino",pildora: usuarias nuevas,2015-07-01,0,1,0,0,0,1
PALOS BLANCOS,"anticoncepcion, prevencion de its y de cancer de cuello uterino",pildora: usuarias nuevas,2015-07-01,0,0,5,3,0,8
PAPEL PAMPA,"anticoncepcion, prevencion de its y de cancer de cuello uterino",pildora: usuarias nuevas,2015-07-01,0,0,1,0,0,1
PASORAPA,"anticoncepcion, prevencion de its y de cancer de cuello uterino",pildora: usuarias nuevas,2015-07-01,0,0,1,0,0,1
PAZÑA,"anticoncepcion, prevencion de its y de cancer de cuello uterino",pildora: usuarias nuevas,2015-07-01,0,1,2,1,0,4
PELECHUCO,"anticoncepcion, prevencion de its y de cancer de cuello uterino",pildora: usuarias nuevas,2015-07-01,0,1,4,3,0,8
POCOATA,"anticoncepcion, prevencion de its y de cancer de cuello uterino",pildora: usuarias nuevas,2015-07-01,0,0,3,0,0,3
POCONA,"anticoncepcion, prevencion de its y de cancer de cuello uterino",pildora: usuarias nuevas,2015-07-01,0,0,0,2,0,2
POJO (CBBA),"anticoncepcion, prevencion de its y de cancer de cuello uterino",pildora: usuarias nuevas,2015-07-01,0,1,2,2,0,5
POOPO,"anticoncepcion, prevencion de its y de cancer de cuello uterino",pildora: usuarias nuevas,2015-07-01,0,0,2,0,0,2
PORCO,"anticoncepcion, prevencion de its y de cancer de cuello uterino",pildora: usuarias nuevas,2015-07-01,0,0,5,1,0,6
POROMA,"anticoncepcion, prevencion de its y de cancer de cuello uterino",pildora: usuarias nuevas,2015-07-01,0,0,1,1,0,2
PORONGO,"anticoncepcion, prevencion de its y de cancer de cuello uterino",pildora: usuarias nuevas,2015-07-01,0,2,7,1,0,10
POTOSI,"anticoncepcion, prevencion de its y de cancer de cuello uterino",pildora: usuarias nuevas,2015-07-01,0,1,6,10,0,17
PRESTO,"anticoncepcion, prevencion de its y de cancer de cuello uterino",pildora: usuarias nuevas,2015-07-01,1,0,3,2,0,6
PUCARANI,"anticoncepcion, prevencion de its y de cancer de cuello uterino",pildora: usuarias nuevas,2015-07-01,0,0,5,2,0,7
PUERTO ACOSTA,"anticoncepcion, prevencion de its y de cancer de cuello uterino",pildora: usuarias nuevas,2015-07-01,0,0,2,0,0,2
PUERTO GONZALO MORENO,"anticoncepcion, prevencion de its y de cancer de cuello uterino",pildora: usuarias nuevas,2015-07-01,0,2,0,0,0,2
PUERTO QUIJARRO,"anticoncepcion, prevencion de its y de cancer de cuello uterino",pildora: usuarias nuevas,2015-07-01,0,1,0,0,0,1
PUERTO RICO,"anticoncepcion, prevencion de its y de cancer de cuello uterino",pildora: usuarias nuevas,2015-07-01,0,0,1,0,0,1
PUERTO SUAREZ,"anticoncepcion, prevencion de its y de cancer de cuello uterino",pildora: usuarias nuevas,2015-07-01,0,1,0,0,0,1
PUERTO VILLARROEL,"anticoncepcion, prevencion de its y de cancer de cuello uterino",pildora: usuarias nuevas,2015-07-01,0,0,11,3,0,14
PUNA,"anticoncepcion, prevencion de its y de cancer de cuello uterino",pildora: usuarias nuevas,2015-07-01,0,0,6,1,0,7
PUNATA,"anticoncepcion, prevencion de its y de cancer de cuello uterino",pildora: usuarias nuevas,2015-07-01,0,0,3,0,0,3
QUILLACOLLO,"anticoncepcion, prevencion de its y de cancer de cuello uterino",pildora: usuarias nuevas,2015-07-01,0,14,8,1,0,23
QUIME,"anticoncepcion, prevencion de its y de cancer de cuello uterino",pildora: usuarias nuevas,2015-07-01,0,1,2,0,0,3
RAVELO,"anticoncepcion, prevencion de its y de cancer de cuello uterino",pildora: usuarias nuevas,2015-07-01,0,1,0,1,0,2
REYES,"anticoncepcion, prevencion de its y de cancer de cuello uterino",pildora: usuarias nuevas,2015-07-01,0,6,20,8,0,34
RIBERALTA,"anticoncepcion, prevencion de its y de cancer de cuello uterino",pildora: usuarias nuevas,2015-07-01,0,6,29,2,0,37
ROBORE,"anticoncepcion, prevencion de its y de cancer de cuello uterino",pildora: usuarias nuevas,2015-07-01,0,3,10,0,0,13
RURRENABAQUE,"anticoncepcion, prevencion de its y de cancer de cuello uterino",pildora: usuarias nuevas,2015-07-01,0,3,8,0,1,12
SACABA,"anticoncepcion, prevencion de its y de cancer de cuello uterino",pildora: usuarias nuevas,2015-07-01,0,5,36,6,0,47
SACACA,"anticoncepcion, prevencion de its y de cancer de cuello uterino",pildora: usuarias nuevas,2015-07-01,0,2,13,1,0,16
SAIPINA,"anticoncepcion, prevencion de its y de cancer de cuello uterino",pildora: usuarias nuevas,2015-07-01,1,2,3,0,0,6
SALINAS DE GARCI MENDOZA,"anticoncepcion, prevencion de its y de cancer de cuello uterino",pildora: usuarias nuevas,2015-07-01,0,0,2,0,0,2
SAN ANDRES,"anticoncepcion, prevencion de its y de cancer de cuello uterino",pildora: usuarias nuevas,2015-07-01,0,0,2,0,0,2
SAN ANTONIO DE LOMERIO,"anticoncepcion, prevencion de its y de cancer de cuello uterino",pildora: usuarias nuevas,2015-07-01,1,0,5,3,0,9
SAN BORJA,"anticoncepcion, prevencion de its y de cancer de cuello uterino",pildora: usuarias nuevas,2015-07-01,3,6,12,3,0,24
SAN CARLOS,"anticoncepcion, prevencion de its y de cancer de cuello uterino",pildora: usuarias nuevas,2015-07-01,0,3,7,2,0,12
SAN IGNACIO,"anticoncepcion, prevencion de its y de cancer de cuello uterino",pildora: usuarias nuevas,2015-07-01,0,4,13,0,0,17
SAN IGNACIO DE VELASCO,"anticoncepcion, prevencion de its y de cancer de cuello uterino",pildora: usuarias nuevas,2015-07-01,0,1,3,0,0,4
SAN JAVIER(BNI),"anticoncepcion, prevencion de its y de cancer de cuello uterino",pildora: usuarias nuevas,2015-07-01,0,1,7,0,0,8
SAN JAVIER(STC),"anticoncepcion, prevencion de its y de cancer de cuello uterino",pildora: usuarias nuevas,2015-07-01,0,1,2,0,0,3
SAN JOSE DE CHIQUITOS,"anticoncepcion, prevencion de its y de cancer de cuello uterino",pildora: usuarias nuevas,2015-07-01,0,2,13,1,0,16
SAN JUAN DE YAPACANI,"anticoncepcion, prevencion de its y de cancer de cuello uterino",pildora: usuarias nuevas,2015-07-01,0,2,0,1,0,3
SAN JULIAN,"anticoncepcion, prevencion de its y de cancer de cuello uterino",pildora: usuarias nuevas,2015-07-01,0,1,8,2,0,11
SAN LORENZO(TJA),"anticoncepcion, prevencion de its y de cancer de cuello uterino",pildora: usuarias nuevas,2015-07-01,0,1,5,0,0,6
SAN LUCAS,"anticoncepcion, prevencion de its y de cancer de cuello uterino",pildora: usuarias nuevas,2015-07-01,1,0,3,0,0,4
SAN MATIAS,"anticoncepcion, prevencion de its y de cancer de cuello uterino",pildora: usuarias nuevas,2015-07-01,0,1,1,1,0,3
SAN MIGUEL DE VELASCO,"anticoncepcion, prevencion de its y de cancer de cuello uterino",pildora: usuarias nuevas,2015-07-01,0,0,4,1,0,5
SAN PEDRO,"anticoncepcion, prevencion de its y de cancer de cuello uterino",pildora: usuarias nuevas,2015-07-01,0,0,2,1,0,3
SAN PEDRO DE BUENA VISTA,"anticoncepcion, prevencion de its y de cancer de cuello uterino",pildora: usuarias nuevas,2015-07-01,0,1,4,5,0,10
SAN PEDRO DE QUEMES,"anticoncepcion, prevencion de its y de cancer de cuello uterino",pildora: usuarias nuevas,2015-07-01,0,0,1,0,0,1
SAN PEDRO DE TIQUINA,"anticoncepcion, prevencion de its y de cancer de cuello uterino",pildora: usuarias nuevas,2015-07-01,0,0,0,1,0,1
SAN RAFAEL,"anticoncepcion, prevencion de its y de cancer de cuello uterino",pildora: usuarias nuevas,2015-07-01,0,3,4,0,0,7
SAN RAMON BENI,"anticoncepcion, prevencion de its y de cancer de cuello uterino",pildora: usuarias nuevas,2015-07-01,0,0,2,0,0,2
SAN RAMON SCZ,"anticoncepcion, prevencion de its y de cancer de cuello uterino",pildora: usuarias nuevas,2015-07-01,1,1,8,0,0,10
SANTA ANA,"anticoncepcion, prevencion de its y de cancer de cuello uterino",pildora: usuarias nuevas,2015-07-01,0,12,17,12,0,41
SANTA CRUZ DE LA SIERRA,"anticoncepcion, prevencion de its y de cancer de cuello uterino",pildora: usuarias nuevas,2015-07-01,13,37,226,62,1,339
SANTA ROSA,"anticoncepcion, prevencion de its y de cancer de cuello uterino",pildora: usuarias nuevas,2015-07-01,0,1,2,0,0,3
SANTA ROSA DEL SARA,"anticoncepcion, prevencion de its y de cancer de cuello uterino",pildora: usuarias nuevas,2015-07-01,0,1,4,0,0,5
SANTIAGO DE HUATA,"anticoncepcion, prevencion de its y de cancer de cuello uterino",pildora: usuarias nuevas,2015-07-01,0,0,0,1,0,1
SANTIVAÑES,"anticoncepcion, prevencion de its y de cancer de cuello uterino",pildora: usuarias nuevas,2015-07-01,0,1,1,3,0,5
SANTUARIO DE QUILLACAS,"anticoncepcion, prevencion de its y de cancer de cuello uterino",pildora: usuarias nuevas,2015-07-01,0,0,1,0,0,1
SAPAHAQUI,"anticoncepcion, prevencion de its y de cancer de cuello uterino",pildora: usuarias nuevas,2015-07-01,0,0,1,1,1,3
SENA,"anticoncepcion, prevencion de its y de cancer de cuello uterino",pildora: usuarias nuevas,2015-07-01,0,0,2,0,0,2
SHINAOTA,"anticoncepcion, prevencion de its y de cancer de cuello uterino",pildora: usuarias nuevas,2015-07-01,0,1,3,0,0,4
SICA SICA (VILLA AROMA),"anticoncepcion, prevencion de its y de cancer de cuello uterino",pildora: usuarias nuevas,2015-07-01,0,2,0,0,0,2
SICAYA,"anticoncepcion, prevencion de its y de cancer de cuello uterino",pildora: usuarias nuevas,2015-07-01,0,0,1,1,0,2
SIPE SIPE,"anticoncepcion, prevencion de its y de cancer de cuello uterino",pildora: usuarias nuevas,2015-07-01,0,1,9,2,0,12
SOPACHUY,"anticoncepcion, prevencion de its y de cancer de cuello uterino",pildora: usuarias nuevas,2015-07-01,0,1,2,0,0,3
SORATA,"anticoncepcion, prevencion de its y de cancer de cuello uterino",pildora: usuarias nuevas,2015-07-01,0,0,1,0,0,1
SUCRE,"anticoncepcion, prevencion de its y de cancer de cuello uterino",pildora: usuarias nuevas,2015-07-01,0,17,54,24,0,95
TACACOMA,"anticoncepcion, prevencion de its y de cancer de cuello uterino",pildora: usuarias nuevas,2015-07-01,0,0,2,0,0,2
TACOPAYA,"anticoncepcion, prevencion de its y de cancer de cuello uterino",pildora: usuarias nuevas,2015-07-01,0,1,0,0,0,1
TAPACARI,"anticoncepcion, prevencion de its y de cancer de cuello uterino",pildora: usuarias nuevas,2015-07-01,0,1,0,0,0,1
TARABUCO,"anticoncepcion, prevencion de its y de cancer de cuello uterino",pildora: usuarias nuevas,2015-07-01,0,0,2,0,0,2
TARATA,"anticoncepcion, prevencion de its y de cancer de cuello uterino",pildora: usuarias nuevas,2015-07-01,0,1,3,1,0,5
TARIJA,"anticoncepcion, prevencion de its y de cancer de cuello uterino",pildora: usuarias nuevas,2015-07-01,1,8,27,9,0,45
TARVITA,"anticoncepcion, prevencion de its y de cancer de cuello uterino",pildora: usuarias nuevas,2015-07-01,0,1,2,0,0,3
TEOPONTE,"anticoncepcion, prevencion de its y de cancer de cuello uterino",pildora: usuarias nuevas,2015-07-01,0,0,1,1,0,2
TIAWANACU,"anticoncepcion, prevencion de its y de cancer de cuello uterino",pildora: usuarias nuevas,2015-07-01,0,0,1,0,0,1
TINGUIPAYA,"anticoncepcion, prevencion de its y de cancer de cuello uterino",pildora: usuarias nuevas,2015-07-01,0,1,0,2,0,3
TIPUANI,"anticoncepcion, prevencion de its y de cancer de cuello uterino",pildora: usuarias nuevas,2015-07-01,0,0,1,0,0,1
TIQUIPAYA,"anticoncepcion, prevencion de its y de cancer de cuello uterino",pildora: usuarias nuevas,2015-07-01,0,1,22,2,0,25
TIRAQUE (CBBA),"anticoncepcion, prevencion de its y de cancer de cuello uterino",pildora: usuarias nuevas,2015-07-01,0,0,1,0,0,1
TOLATA,"anticoncepcion, prevencion de its y de cancer de cuello uterino",pildora: usuarias nuevas,2015-07-01,0,0,3,0,0,3
TOMAVE,"anticoncepcion, prevencion de its y de cancer de cuello uterino",pildora: usuarias nuevas,2015-07-01,0,0,0,1,0,1
TOMINA,"anticoncepcion, prevencion de its y de cancer de cuello uterino",pildora: usuarias nuevas,2015-07-01,0,2,5,1,0,8
TORO TORO,"anticoncepcion, prevencion de its y de cancer de cuello uterino",pildora: usuarias nuevas,2015-07-01,0,1,3,1,0,5
TOTORA(CBBA),"anticoncepcion, prevencion de its y de cancer de cuello uterino",pildora: usuarias nuevas,2015-07-01,0,0,3,0,0,3
TOTORA(ORR),"anticoncepcion, prevencion de its y de cancer de cuello uterino",pildora: usuarias nuevas,2015-07-01,0,0,1,0,0,1
TRINIDAD,"anticoncepcion, prevencion de its y de cancer de cuello uterino",pildora: usuarias nuevas,2015-07-01,0,40,113,10,0,163
TUPIZA,"anticoncepcion, prevencion de its y de cancer de cuello uterino",pildora: usuarias nuevas,2015-07-01,0,0,3,0,0,3
TURCO,"anticoncepcion, prevencion de its y de cancer de cuello uterino",pildora: usuarias nuevas,2015-07-01,0,0,1,0,0,1
UMALA,"anticoncepcion, prevencion de its y de cancer de cuello uterino",pildora: usuarias nuevas,2015-07-01,0,1,2,0,0,3
UNCIA,"anticoncepcion, prevencion de its y de cancer de cuello uterino",pildora: usuarias nuevas,2015-07-01,0,0,2,1,0,3
URIONDO (A. CONCEPCION),"anticoncepcion, prevencion de its y de cancer de cuello uterino",pildora: usuarias nuevas,2015-07-01,0,0,1,1,0,2
UYUNI,"anticoncepcion, prevencion de its y de cancer de cuello uterino",pildora: usuarias nuevas,2015-07-01,0,0,0,1,0,1
VACAS,"anticoncepcion, prevencion de its y de cancer de cuello uterino",pildora: usuarias nuevas,2015-07-01,0,1,1,1,0,3
VALLEGRANDE,"anticoncepcion, prevencion de its y de cancer de cuello uterino",pildora: usuarias nuevas,2015-07-01,0,3,2,0,0,5
VIACHA,"anticoncepcion, prevencion de its y de cancer de cuello uterino",pildora: usuarias nuevas,2015-07-01,0,0,10,1,0,11
VILA VILA,"anticoncepcion, prevencion de its y de cancer de cuello uterino",pildora: usuarias nuevas,2015-07-01,0,0,1,0,0,1
VILLA CHARCAS,"anticoncepcion, prevencion de its y de cancer de cuello uterino",pildora: usuarias nuevas,2015-07-01,1,2,2,3,0,8
VILLA MONTES,"anticoncepcion, prevencion de its y de cancer de cuello uterino",pildora: usuarias nuevas,2015-07-01,1,3,19,4,0,27
VILLA NUEVA (LOMA ALTA),"anticoncepcion, prevencion de its y de cancer de cuello uterino",pildora: usuarias nuevas,2015-07-01,0,0,3,0,0,3
VILLA RIVERO,"anticoncepcion, prevencion de its y de cancer de cuello uterino",pildora: usuarias nuevas,2015-07-01,0,1,2,0,0,3
VILLA SERRANO,"anticoncepcion, prevencion de its y de cancer de cuello uterino",pildora: usuarias nuevas,2015-07-01,0,1,4,1,0,6
VILLA TUNARI,"anticoncepcion, prevencion de its y de cancer de cuello uterino",pildora: usuarias nuevas,2015-07-01,0,4,22,2,0,28
VILLA VACA GUZMAN (MUYUPAMPA),"anticoncepcion, prevencion de its y de cancer de cuello uterino",pildora: usuarias nuevas,2015-07-01,0,4,6,1,0,11
VILLAZON,"anticoncepcion, prevencion de its y de cancer de cuello uterino",pildora: usuarias nuevas,2015-07-01,0,1,2,0,0,3
VINTO,"anticoncepcion, prevencion de its y de cancer de cuello uterino",pildora: usuarias nuevas,2015-07-01,0,1,10,1,0,12
VITICHI,"anticoncepcion, prevencion de its y de cancer de cuello uterino",pildora: usuarias nuevas,2015-07-01,0,0,2,0,0,2
WARNES,"anticoncepcion, prevencion de its y de cancer de cuello uterino",pildora: usuarias nuevas,2015-07-01,1,1,16,6,0,24
YACO,"anticoncepcion, prevencion de its y de cancer de cuello uterino",pildora: usuarias nuevas,2015-07-01,0,0,0,1,0,1
YACUIBA,"anticoncepcion, prevencion de its y de cancer de cuello uterino",pildora: usuarias nuevas,2015-07-01,0,3,9,4,0,16
YAMPARAEZ,"anticoncepcion, prevencion de its y de cancer de cuello uterino",pildora: usuarias nuevas,2015-07-01,0,1,1,0,0,2
YANACACHI,"anticoncepcion, prevencion de its y de cancer de cuello uterino",pildora: usuarias nuevas,2015-07-01,0,0,1,0,0,1
YAPACANI,"anticoncepcion, prevencion de its y de cancer de cuello uterino",pildora: usuarias nuevas,2015-07-01,0,5,12,1,1,19
YOTALA,"anticoncepcion, prevencion de its y de cancer de cuello uterino",pildora: usuarias nuevas,2015-07-01,0,1,0,0,0,1
YUNCHARA,"anticoncepcion, prevencion de its y de cancer de cuello uterino",pildora: usuarias nuevas,2015-07-01,0,1,0,0,0,1
ZUDAÑEZ,"anticoncepcion, prevencion de its y de cancer de cuello uterino",pildora: usuarias nuevas,2015-07-01,0,0,1,0,0,1
ACHACACHI,"anticoncepcion, prevencion de its y de cancer de cuello uterino",pildora: usuarias nuevas,2015-08-01,0,0,1,0,0,1
ACHOCALLA,"anticoncepcion, prevencion de its y de cancer de cuello uterino",pildora: usuarias nuevas,2015-08-01,0,1,1,0,0,2
AIQUILE,"anticoncepcion, prevencion de its y de cancer de cuello uterino",pildora: usuarias nuevas,2015-08-01,0,1,6,1,0,8
ALCALA,"anticoncepcion, prevencion de its y de cancer de cuello uterino",pildora: usuarias nuevas,2015-08-01,0,0,0,2,0,2
ALTO BENI,"anticoncepcion, prevencion de its y de cancer de cuello uterino",pildora: usuarias nuevas,2015-08-01,0,0,2,0,1,3
APOLO,"anticoncepcion, prevencion de its y de cancer de cuello uterino",pildora: usuarias nuevas,2015-08-01,1,1,4,0,0,6
ARAMPAMPA,"anticoncepcion, prevencion de its y de cancer de cuello uterino",pildora: usuarias nuevas,2015-08-01,0,0,3,0,0,3
ARBIETO,"anticoncepcion, prevencion de its y de cancer de cuello uterino",pildora: usuarias nuevas,2015-08-01,0,1,2,0,0,3
ASCENCION DE GUARAYOS,"anticoncepcion, prevencion de its y de cancer de cuello uterino",pildora: usuarias nuevas,2015-08-01,0,2,6,3,0,11
ATOCHA,"anticoncepcion, prevencion de its y de cancer de cuello uterino",pildora: usuarias nuevas,2015-08-01,0,0,2,2,0,4
AUCAPATA,"anticoncepcion, prevencion de its y de cancer de cuello uterino",pildora: usuarias nuevas,2015-08-01,0,0,1,0,0,1
AYATA,"anticoncepcion, prevencion de its y de cancer de cuello uterino",pildora: usuarias nuevas,2015-08-01,0,0,1,3,0,4
AYO AYO,"anticoncepcion, prevencion de its y de cancer de cuello uterino",pildora: usuarias nuevas,2015-08-01,0,0,6,0,0,6
AYOPAYA (V. DE INDEPENDENCIA),"anticoncepcion, prevencion de its y de cancer de cuello uterino",pildora: usuarias nuevas,2015-08-01,1,5,7,6,0,19
AZURDUY,"anticoncepcion, prevencion de its y de cancer de cuello uterino",pildora: usuarias nuevas,2015-08-01,0,0,1,0,0,1
BATALLAS,"anticoncepcion, prevencion de its y de cancer de cuello uterino",pildora: usuarias nuevas,2015-08-01,0,0,1,1,0,2
BAURES,"anticoncepcion, prevencion de its y de cancer de cuello uterino",pildora: usuarias nuevas,2015-08-01,0,0,1,0,0,1
BELEN DE URMIRI,"anticoncepcion, prevencion de its y de cancer de cuello uterino",pildora: usuarias nuevas,2015-08-01,0,1,2,0,0,3
BELLA FLOR,"anticoncepcion, prevencion de its y de cancer de cuello uterino",pildora: usuarias nuevas,2015-08-01,1,0,1,1,0,3
BERMEJO,"anticoncepcion, prevencion de its y de cancer de cuello uterino",pildora: usuarias nuevas,2015-08-01,0,5,12,6,0,23
BOYUIBE,"anticoncepcion, prevencion de its y de cancer de cuello uterino",pildora: usuarias nuevas,2015-08-01,0,0,3,0,0,3
BUENA VISTA,"anticoncepcion, prevencion de its y de cancer de cuello uterino",pildora: usuarias nuevas,2015-08-01,0,6,5,9,0,20
CABEZAS,"anticoncepcion, prevencion de its y de cancer de cuello uterino",pildora: usuarias nuevas,2015-08-01,0,3,11,4,0,18
CAIROMA,"anticoncepcion, prevencion de its y de cancer de cuello uterino",pildora: usuarias nuevas,2015-08-01,0,1,0,1,0,2
"CAIZA ""D""","anticoncepcion, prevencion de its y de cancer de cuello uterino",pildora: usuarias nuevas,2015-08-01,0,3,36,0,0,39
CAJUATA,"anticoncepcion, prevencion de its y de cancer de cuello uterino",pildora: usuarias nuevas,2015-08-01,0,2,3,0,0,5
CALAMARCA,"anticoncepcion, prevencion de its y de cancer de cuello uterino",pildora: usuarias nuevas,2015-08-01,0,1,1,0,0,2
CAMARGO,"anticoncepcion, prevencion de its y de cancer de cuello uterino",pildora: usuarias nuevas,2015-08-01,0,1,3,0,0,4
CAMIRI,"anticoncepcion, prevencion de its y de cancer de cuello uterino",pildora: usuarias nuevas,2015-08-01,0,0,1,3,0,4
CAPINOTA,"anticoncepcion, prevencion de its y de cancer de cuello uterino",pildora: usuarias nuevas,2015-08-01,0,0,12,1,0,13
CARACOLLO,"anticoncepcion, prevencion de its y de cancer de cuello uterino",pildora: usuarias nuevas,2015-08-01,0,0,2,1,0,3
CARANAVI,"anticoncepcion, prevencion de its y de cancer de cuello uterino",pildora: usuarias nuevas,2015-08-01,0,5,8,3,0,16
CARAPARI,"anticoncepcion, prevencion de its y de cancer de cuello uterino",pildora: usuarias nuevas,2015-08-01,0,8,4,0,0,12
CARIPUYO,"anticoncepcion, prevencion de its y de cancer de cuello uterino",pildora: usuarias nuevas,2015-08-01,0,1,2,3,0,6
CARMEN RIVERO TORREZ,"anticoncepcion, prevencion de its y de cancer de cuello uterino",pildora: usuarias nuevas,2015-08-01,0,0,2,1,0,3
CHALLAPATA,"anticoncepcion, prevencion de its y de cancer de cuello uterino",pildora: usuarias nuevas,2015-08-01,0,1,1,2,0,4
CHAQUI,"anticoncepcion, prevencion de its y de cancer de cuello uterino",pildora: usuarias nuevas,2015-08-01,0,0,1,0,0,1
CHARAGUA,"anticoncepcion, prevencion de its y de cancer de cuello uterino",pildora: usuarias nuevas,2015-08-01,0,1,6,1,0,8
CHAYANTA,"anticoncepcion, prevencion de its y de cancer de cuello uterino",pildora: usuarias nuevas,2015-08-01,0,1,1,0,0,2
CHIMORE,"anticoncepcion, prevencion de its y de cancer de cuello uterino",pildora: usuarias nuevas,2015-08-01,0,3,4,1,0,8
CHIPAYA,"anticoncepcion, prevencion de its y de cancer de cuello uterino",pildora: usuarias nuevas,2015-08-01,0,0,3,0,0,3
CHUA COCANI,"anticoncepcion, prevencion de its y de cancer de cuello uterino",pildora: usuarias nuevas,2015-08-01,0,1,6,1,0,8
CHULUMANI (V. DE LA LIBERTAD),"anticoncepcion, prevencion de its y de cancer de cuello uterino",pildora: usuarias nuevas,2015-08-01,0,1,1,0,0,2
CHUQUIHUTA AYLLU JUCUMANI,"anticoncepcion, prevencion de its y de cancer de cuello uterino",pildora: usuarias nuevas,2015-08-01,0,0,1,2,0,3
CLIZA,"anticoncepcion, prevencion de its y de cancer de cuello uterino",pildora: usuarias nuevas,2015-08-01,0,0,3,0,0,3
COBIJA,"anticoncepcion, prevencion de its y de cancer de cuello uterino",pildora: usuarias nuevas,2015-08-01,0,2,6,1,0,9
COCAPATA,"anticoncepcion, prevencion de its y de cancer de cuello uterino",pildora: usuarias nuevas,2015-08-01,0,1,0,9,0,10
COCHABAMBA,"anticoncepcion, prevencion de its y de cancer de cuello uterino",pildora: usuarias nuevas,2015-08-01,1,23,278,41,0,343
COIPASA,"anticoncepcion, prevencion de its y de cancer de cuello uterino",pildora: usuarias nuevas,2015-08-01,0,0,1,0,0,1
COLCAPIRHUA,"anticoncepcion, prevencion de its y de cancer de cuello uterino",pildora: usuarias nuevas,2015-08-01,0,1,0,0,0,1
"COLCHA ""K""","anticoncepcion, prevencion de its y de cancer de cuello uterino",pildora: usuarias nuevas,2015-08-01,0,1,3,2,0,6
COLLANA,"anticoncepcion, prevencion de its y de cancer de cuello uterino",pildora: usuarias nuevas,2015-08-01,0,0,2,1,0,3
COLPA BELGICA,"anticoncepcion, prevencion de its y de cancer de cuello uterino",pildora: usuarias nuevas,2015-08-01,1,3,3,0,0,7
COLQUECHACA,"anticoncepcion, prevencion de its y de cancer de cuello uterino",pildora: usuarias nuevas,2015-08-01,0,0,1,1,0,2
COLQUENCHA,"anticoncepcion, prevencion de its y de cancer de cuello uterino",pildora: usuarias nuevas,2015-08-01,0,0,1,1,0,2
COLQUIRI,"anticoncepcion, prevencion de its y de cancer de cuello uterino",pildora: usuarias nuevas,2015-08-01,0,1,3,2,0,6
COMARAPA,"anticoncepcion, prevencion de its y de cancer de cuello uterino",pildora: usuarias nuevas,2015-08-01,0,0,3,0,0,3
CONCEPCION,"anticoncepcion, prevencion de its y de cancer de cuello uterino",pildora: usuarias nuevas,2015-08-01,0,0,1,1,0,2
COPACABANA,"anticoncepcion, prevencion de its y de cancer de cuello uterino",pildora: usuarias nuevas,2015-08-01,0,0,2,0,0,2
CORIPATA,"anticoncepcion, prevencion de its y de cancer de cuello uterino",pildora: usuarias nuevas,2015-08-01,0,1,1,0,0,2
CORO CORO,"anticoncepcion, prevencion de its y de cancer de cuello uterino",pildora: usuarias nuevas,2015-08-01,0,0,1,0,0,1
COROICO,"anticoncepcion, prevencion de its y de cancer de cuello uterino",pildora: usuarias nuevas,2015-08-01,0,2,0,0,0,2
CORQUE,"anticoncepcion, prevencion de its y de cancer de cuello uterino",pildora: usuarias nuevas,2015-08-01,0,0,1,0,0,1
COTAGAITA,"anticoncepcion, prevencion de its y de cancer de cuello uterino",pildora: usuarias nuevas,2015-08-01,0,0,2,1,3,6
COTOCA,"anticoncepcion, prevencion de its y de cancer de cuello uterino",pildora: usuarias nuevas,2015-08-01,0,6,7,4,0,17
CUATRO CAÑADAS,"anticoncepcion, prevencion de its y de cancer de cuello uterino",pildora: usuarias nuevas,2015-08-01,0,0,12,5,1,18
CUEVO,"anticoncepcion, prevencion de its y de cancer de cuello uterino",pildora: usuarias nuevas,2015-08-01,0,0,1,0,0,1
CULPINA,"anticoncepcion, prevencion de its y de cancer de cuello uterino",pildora: usuarias nuevas,2015-08-01,0,3,7,3,0,13
CURAHUARA DE CARANGAS,"anticoncepcion, prevencion de its y de cancer de cuello uterino",pildora: usuarias nuevas,2015-08-01,0,1,1,0,0,2
CURVA,"anticoncepcion, prevencion de its y de cancer de cuello uterino",pildora: usuarias nuevas,2015-08-01,0,0,2,0,0,2
EL ALTO,"anticoncepcion, prevencion de its y de cancer de cuello uterino",pildora: usuarias nuevas,2015-08-01,0,15,153,33,0,201
EL CHORO,"anticoncepcion, prevencion de its y de cancer de cuello uterino",pildora: usuarias nuevas,2015-08-01,0,0,0,1,0,1
EL PUENTE(STC),"anticoncepcion, prevencion de its y de cancer de cuello uterino",pildora: usuarias nuevas,2015-08-01,0,0,5,0,0,5
EL PUENTE(TJA),"anticoncepcion, prevencion de its y de cancer de cuello uterino",pildora: usuarias nuevas,2015-08-01,0,0,2,1,0,3
EL TORNO,"anticoncepcion, prevencion de its y de cancer de cuello uterino",pildora: usuarias nuevas,2015-08-01,2,5,9,3,0,19
ENTRE RIOS TRJ,"anticoncepcion, prevencion de its y de cancer de cuello uterino",pildora: usuarias nuevas,2015-08-01,0,2,6,0,0,8
ENTRE RIOS CBBA,"anticoncepcion, prevencion de its y de cancer de cuello uterino",pildora: usuarias nuevas,2015-08-01,0,0,10,2,0,12
EUCALIPTUS,"anticoncepcion, prevencion de its y de cancer de cuello uterino",pildora: usuarias nuevas,2015-08-01,0,0,1,0,0,1
FERNANDEZ ALONSO,"anticoncepcion, prevencion de its y de cancer de cuello uterino",pildora: usuarias nuevas,2015-08-01,0,2,1,0,0,3
FILADELFIA,"anticoncepcion, prevencion de its y de cancer de cuello uterino",pildora: usuarias nuevas,2015-08-01,0,0,2,0,0,2
GENERAL SAAVEDRA,"anticoncepcion, prevencion de its y de cancer de cuello uterino",pildora: usuarias nuevas,2015-08-01,1,1,4,1,0,7
GUANAY,"anticoncepcion, prevencion de its y de cancer de cuello uterino",pildora: usuarias nuevas,2015-08-01,0,0,2,0,0,2
GUAQUI,"anticoncepcion, prevencion de its y de cancer de cuello uterino",pildora: usuarias nuevas,2015-08-01,0,0,1,0,0,1
GUAYARAMERIN,"anticoncepcion, prevencion de its y de cancer de cuello uterino",pildora: usuarias nuevas,2015-08-01,0,0,16,0,0,16
GUTIERREZ,"anticoncepcion, prevencion de its y de cancer de cuello uterino",pildora: usuarias nuevas,2015-08-01,0,2,2,0,0,4
HUACARETA,"anticoncepcion, prevencion de its y de cancer de cuello uterino",pildora: usuarias nuevas,2015-08-01,0,0,3,0,0,3
HUACAYA (VILLA DE HUACAYA),"anticoncepcion, prevencion de its y de cancer de cuello uterino",pildora: usuarias nuevas,2015-08-01,0,0,1,0,0,1
HUACHACALLA,"anticoncepcion, prevencion de its y de cancer de cuello uterino",pildora: usuarias nuevas,2015-08-01,0,0,0,1,0,1
INCAHUASI,"anticoncepcion, prevencion de its y de cancer de cuello uterino",pildora: usuarias nuevas,2015-08-01,0,1,1,0,0,2
INGAVI (HUMAITA),"anticoncepcion, prevencion de its y de cancer de cuello uterino",pildora: usuarias nuevas,2015-08-01,0,0,2,0,0,2
INQUISIVI,"anticoncepcion, prevencion de its y de cancer de cuello uterino",pildora: usuarias nuevas,2015-08-01,0,0,1,0,0,1
IRUPANA (VILLA DE LANZA),"anticoncepcion, prevencion de its y de cancer de cuello uterino",pildora: usuarias nuevas,2015-08-01,0,1,5,4,0,10
IXIAMAS,"anticoncepcion, prevencion de its y de cancer de cuello uterino",pildora: usuarias nuevas,2015-08-01,0,1,1,1,0,3
LA ASUNTA,"anticoncepcion, prevencion de its y de cancer de cuello uterino",pildora: usuarias nuevas,2015-08-01,1,1,6,2,0,10
LA GUARDIA,"anticoncepcion, prevencion de its y de cancer de cuello uterino",pildora: usuarias nuevas,2015-08-01,1,8,46,6,0,61
LA PAZ,"anticoncepcion, prevencion de its y de cancer de cuello uterino",pildora: usuarias nuevas,2015-08-01,1,8,126,20,1,156
LAGUNILLAS,"anticoncepcion, prevencion de its y de cancer de cuello uterino",pildora: usuarias nuevas,2015-08-01,0,1,2,0,0,3
LAJA,"anticoncepcion, prevencion de its y de cancer de cuello uterino",pildora: usuarias nuevas,2015-08-01,0,0,0,1,0,1
LAS CARRERAS,"anticoncepcion, prevencion de its y de cancer de cuello uterino",pildora: usuarias nuevas,2015-08-01,0,0,1,0,0,1
LLALLAGUA,"anticoncepcion, prevencion de its y de cancer de cuello uterino",pildora: usuarias nuevas,2015-08-01,0,2,10,2,0,14
LLICA,"anticoncepcion, prevencion de its y de cancer de cuello uterino",pildora: usuarias nuevas,2015-08-01,0,0,3,1,0,4
LORETO,"anticoncepcion, prevencion de its y de cancer de cuello uterino",pildora: usuarias nuevas,2015-08-01,0,1,3,2,0,6
MACHARETI,"anticoncepcion, prevencion de its y de cancer de cuello uterino",pildora: usuarias nuevas,2015-08-01,0,1,6,1,0,8
MAGDALENA,"anticoncepcion, prevencion de its y de cancer de cuello uterino",pildora: usuarias nuevas,2015-08-01,1,36,12,36,0,85
MAIRANA,"anticoncepcion, prevencion de its y de cancer de cuello uterino",pildora: usuarias nuevas,2015-08-01,0,0,0,1,0,1
MINEROS,"anticoncepcion, prevencion de its y de cancer de cuello uterino",pildora: usuarias nuevas,2015-08-01,0,3,5,1,0,9
MIZQUE,"anticoncepcion, prevencion de its y de cancer de cuello uterino",pildora: usuarias nuevas,2015-08-01,0,1,2,0,0,3
MONTEAGUDO,"anticoncepcion, prevencion de its y de cancer de cuello uterino",pildora: usuarias nuevas,2015-08-01,0,3,3,4,0,10
MONTERO,"anticoncepcion, prevencion de its y de cancer de cuello uterino",pildora: usuarias nuevas,2015-08-01,0,5,18,3,0,26
MORO MORO,"anticoncepcion, prevencion de its y de cancer de cuello uterino",pildora: usuarias nuevas,2015-08-01,0,1,0,0,0,1
MOROCHATA,"anticoncepcion, prevencion de its y de cancer de cuello uterino",pildora: usuarias nuevas,2015-08-01,0,1,0,0,0,1
NUEVO MANOA (NUEVA ESPERANZA),"anticoncepcion, prevencion de its y de cancer de cuello uterino",pildora: usuarias nuevas,2015-08-01,0,0,1,1,0,2
OCURI,"anticoncepcion, prevencion de its y de cancer de cuello uterino",pildora: usuarias nuevas,2015-08-01,0,2,4,1,0,7
OKINAWA,"anticoncepcion, prevencion de its y de cancer de cuello uterino",pildora: usuarias nuevas,2015-08-01,0,1,1,0,0,2
OMEREQUE,"anticoncepcion, prevencion de its y de cancer de cuello uterino",pildora: usuarias nuevas,2015-08-01,0,1,0,0,0,1
ORURO,"anticoncepcion, prevencion de its y de cancer de cuello uterino",pildora: usuarias nuevas,2015-08-01,0,22,49,20,1,92
PADCAYA,"anticoncepcion, prevencion de its y de cancer de cuello uterino",pildora: usuarias nuevas,2015-08-01,0,0,5,0,0,5
PADILLA,"anticoncepcion, prevencion de its y de cancer de cuello uterino",pildora: usuarias nuevas,2015-08-01,0,0,7,0,0,7
PAILON,"anticoncepcion, prevencion de its y de cancer de cuello uterino",pildora: usuarias nuevas,2015-08-01,0,2,4,3,0,9
PALCA,"anticoncepcion, prevencion de its y de cancer de cuello uterino",pildora: usuarias nuevas,2015-08-01,0,1,1,0,0,2
PALOS BLANCOS,"anticoncepcion, prevencion de its y de cancer de cuello uterino",pildora: usuarias nuevas,2015-08-01,0,2,6,3,0,11
PAMPA GRANDE,"anticoncepcion, prevencion de its y de cancer de cuello uterino",pildora: usuarias nuevas,2015-08-01,0,2,0,1,0,3
PAPEL PAMPA,"anticoncepcion, prevencion de its y de cancer de cuello uterino",pildora: usuarias nuevas,2015-08-01,0,0,0,1,0,1
PELECHUCO,"anticoncepcion, prevencion de its y de cancer de cuello uterino",pildora: usuarias nuevas,2015-08-01,0,1,2,1,0,4
POCOATA,"anticoncepcion, prevencion de its y de cancer de cuello uterino",pildora: usuarias nuevas,2015-08-01,0,0,2,3,0,5
POCONA,"anticoncepcion, prevencion de its y de cancer de cuello uterino",pildora: usuarias nuevas,2015-08-01,0,0,2,0,0,2
POJO (CBBA),"anticoncepcion, prevencion de its y de cancer de cuello uterino",pildora: usuarias nuevas,2015-08-01,0,1,1,1,0,3
PORCO,"anticoncepcion, prevencion de its y de cancer de cuello uterino",pildora: usuarias nuevas,2015-08-01,0,1,3,0,0,4
POROMA,"anticoncepcion, prevencion de its y de cancer de cuello uterino",pildora: usuarias nuevas,2015-08-01,0,2,3,2,0,7
PORONGO,"anticoncepcion, prevencion de its y de cancer de cuello uterino",pildora: usuarias nuevas,2015-08-01,0,2,11,0,0,13
PORVENIR,"anticoncepcion, prevencion de its y de cancer de cuello uterino",pildora: usuarias nuevas,2015-08-01,0,0,1,0,0,1
POTOSI,"anticoncepcion, prevencion de its y de cancer de cuello uterino",pildora: usuarias nuevas,2015-08-01,0,6,31,44,0,81
PRESTO,"anticoncepcion, prevencion de its y de cancer de cuello uterino",pildora: usuarias nuevas,2015-08-01,0,3,3,0,0,6
PUCARANI,"anticoncepcion, prevencion de its y de cancer de cuello uterino",pildora: usuarias nuevas,2015-08-01,0,0,1,0,1,2
PUERTO CARABUCO,"anticoncepcion, prevencion de its y de cancer de cuello uterino",pildora: usuarias nuevas,2015-08-01,0,1,1,1,0,3
PUERTO GONZALO MORENO,"anticoncepcion, prevencion de its y de cancer de cuello uterino",pildora: usuarias nuevas,2015-08-01,2,1,2,1,0,6
PUERTO QUIJARRO,"anticoncepcion, prevencion de its y de cancer de cuello uterino",pildora: usuarias nuevas,2015-08-01,0,0,2,0,0,2
PUERTO SILES,"anticoncepcion, prevencion de its y de cancer de cuello uterino",pildora: usuarias nuevas,2015-08-01,0,1,0,0,0,1
PUERTO SUAREZ,"anticoncepcion, prevencion de its y de cancer de cuello uterino",pildora: usuarias nuevas,2015-08-01,0,0,7,1,0,8
PUERTO VILLARROEL,"anticoncepcion, prevencion de its y de cancer de cuello uterino",pildora: usuarias nuevas,2015-08-01,0,1,4,4,0,9
PUNA,"anticoncepcion, prevencion de its y de cancer de cuello uterino",pildora: usuarias nuevas,2015-08-01,0,0,2,0,0,2
PUNATA,"anticoncepcion, prevencion de its y de cancer de cuello uterino",pildora: usuarias nuevas,2015-08-01,0,1,2,0,0,3
QUILLACOLLO,"anticoncepcion, prevencion de its y de cancer de cuello uterino",pildora: usuarias nuevas,2015-08-01,0,1,8,1,0,10
QUIME,"anticoncepcion, prevencion de its y de cancer de cuello uterino",pildora: usuarias nuevas,2015-08-01,0,0,1,0,0,1
QUIRUSILLAS,"anticoncepcion, prevencion de its y de cancer de cuello uterino",pildora: usuarias nuevas,2015-08-01,0,0,1,0,0,1
RAVELO,"anticoncepcion, prevencion de its y de cancer de cuello uterino",pildora: usuarias nuevas,2015-08-01,0,0,2,0,0,2
REYES,"anticoncepcion, prevencion de its y de cancer de cuello uterino",pildora: usuarias nuevas,2015-08-01,0,0,10,3,0,13
RIBERALTA,"anticoncepcion, prevencion de its y de cancer de cuello uterino",pildora: usuarias nuevas,2015-08-01,0,8,32,4,0,44
ROBORE,"anticoncepcion, prevencion de its y de cancer de cuello uterino",pildora: usuarias nuevas,2015-08-01,0,2,2,3,0,7
RURRENABAQUE,"anticoncepcion, prevencion de its y de cancer de cuello uterino",pildora: usuarias nuevas,2015-08-01,0,0,2,0,0,2
SACABA,"anticoncepcion, prevencion de its y de cancer de cuello uterino",pildora: usuarias nuevas,2015-08-01,0,7,44,4,0,55
SACACA,"anticoncepcion, prevencion de its y de cancer de cuello uterino",pildora: usuarias nuevas,2015-08-01,0,1,4,3,0,8
SALINAS DE GARCI MENDOZA,"anticoncepcion, prevencion de its y de cancer de cuello uterino",pildora: usuarias nuevas,2015-08-01,0,0,14,0,0,14
SAN AGUSTIN,"anticoncepcion, prevencion de its y de cancer de cuello uterino",pildora: usuarias nuevas,2015-08-01,0,0,1,1,0,2
SAN ANDRES,"anticoncepcion, prevencion de its y de cancer de cuello uterino",pildora: usuarias nuevas,2015-08-01,0,3,3,2,0,8
SAN ANDRES DE MACHACA,"anticoncepcion, prevencion de its y de cancer de cuello uterino",pildora: usuarias nuevas,2015-08-01,0,0,1,0,0,1
SAN ANTONIO DE LOMERIO,"anticoncepcion, prevencion de its y de cancer de cuello uterino",pildora: usuarias nuevas,2015-08-01,0,1,3,2,0,6
SAN BORJA,"anticoncepcion, prevencion de its y de cancer de cuello uterino",pildora: usuarias nuevas,2015-08-01,0,2,14,3,0,19
SAN CARLOS,"anticoncepcion, prevencion de its y de cancer de cuello uterino",pildora: usuarias nuevas,2015-08-01,0,2,9,0,0,11
SAN IGNACIO,"anticoncepcion, prevencion de its y de cancer de cuello uterino",pildora: usuarias nuevas,2015-08-01,0,2,8,2,0,12
SAN IGNACIO DE VELASCO,"anticoncepcion, prevencion de its y de cancer de cuello uterino",pildora: usuarias nuevas,2015-08-01,0,1,1,0,0,2
SAN JAVIER(BNI),"anticoncepcion, prevencion de its y de cancer de cuello uterino",pildora: usuarias nuevas,2015-08-01,0,0,9,0,0,9
SAN JAVIER(STC),"anticoncepcion, prevencion de its y de cancer de cuello uterino",pildora: usuarias nuevas,2015-08-01,0,3,9,0,0,12
SAN JOAQUIN,"anticoncepcion, prevencion de its y de cancer de cuello uterino",pildora: usuarias nuevas,2015-08-01,0,1,2,1,0,4
SAN JOSE DE CHIQUITOS,"anticoncepcion, prevencion de its y de cancer de cuello uterino",pildora: usuarias nuevas,2015-08-01,0,3,8,4,0,15
SAN JUAN DE YAPACANI,"anticoncepcion, prevencion de its y de cancer de cuello uterino",pildora: usuarias nuevas,2015-08-01,0,0,3,0,0,3
SAN JULIAN,"anticoncepcion, prevencion de its y de cancer de cuello uterino",pildora: usuarias nuevas,2015-08-01,0,2,8,2,0,12
SAN LORENZO(TJA),"anticoncepcion, prevencion de its y de cancer de cuello uterino",pildora: usuarias nuevas,2015-08-01,0,0,1,1,0,2
SAN LUCAS,"anticoncepcion, prevencion de its y de cancer de cuello uterino",pildora: usuarias nuevas,2015-08-01,0,2,4,1,0,7
SAN MIGUEL DE VELASCO,"anticoncepcion, prevencion de its y de cancer de cuello uterino",pildora: usuarias nuevas,2015-08-01,0,0,0,1,0,1
SAN PABLO DE LIPEZ,"anticoncepcion, prevencion de its y de cancer de cuello uterino",pildora: usuarias nuevas,2015-08-01,0,0,1,0,0,1
SAN PEDRO,"anticoncepcion, prevencion de its y de cancer de cuello uterino",pildora: usuarias nuevas,2015-08-01,0,2,2,0,0,4
SAN PEDRO DE BUENA VISTA,"anticoncepcion, prevencion de its y de cancer de cuello uterino",pildora: usuarias nuevas,2015-08-01,0,1,2,1,0,4
SAN PEDRO DE CURAHUARA,"anticoncepcion, prevencion de its y de cancer de cuello uterino",pildora: usuarias nuevas,2015-08-01,0,0,1,0,0,1
SAN PEDRO(PND),"anticoncepcion, prevencion de its y de cancer de cuello uterino",pildora: usuarias nuevas,2015-08-01,0,1,0,0,0,1
SAN RAFAEL,"anticoncepcion, prevencion de its y de cancer de cuello uterino",pildora: usuarias nuevas,2015-08-01,0,1,4,0,0,5
SAN RAMON SCZ,"anticoncepcion, prevencion de its y de cancer de cuello uterino",pildora: usuarias nuevas,2015-08-01,0,0,8,0,0,8
SANTA ANA,"anticoncepcion, prevencion de its y de cancer de cuello uterino",pildora: usuarias nuevas,2015-08-01,0,6,10,4,0,20
SANTA CRUZ DE LA SIERRA,"anticoncepcion, prevencion de its y de cancer de cuello uterino",pildora: usuarias nuevas,2015-08-01,12,113,266,36,0,427
SANTA ROSA DEL SARA,"anticoncepcion, prevencion de its y de cancer de cuello uterino",pildora: usuarias nuevas,2015-08-01,1,1,6,0,0,8
SANTIVAÑES,"anticoncepcion, prevencion de its y de cancer de cuello uterino",pildora: usuarias nuevas,2015-08-01,0,0,1,0,0,1
SANTUARIO DE QUILLACAS,"anticoncepcion, prevencion de its y de cancer de cuello uterino",pildora: usuarias nuevas,2015-08-01,0,0,2,2,0,4
SAPAHAQUI,"anticoncepcion, prevencion de its y de cancer de cuello uterino",pildora: usuarias nuevas,2015-08-01,0,0,1,1,0,2
SENA,"anticoncepcion, prevencion de its y de cancer de cuello uterino",pildora: usuarias nuevas,2015-08-01,1,4,2,1,0,8
SHINAOTA,"anticoncepcion, prevencion de its y de cancer de cuello uterino",pildora: usuarias nuevas,2015-08-01,0,0,3,0,0,3
SICA SICA (VILLA AROMA),"anticoncepcion, prevencion de its y de cancer de cuello uterino",pildora: usuarias nuevas,2015-08-01,0,1,2,1,0,4
SICAYA,"anticoncepcion, prevencion de its y de cancer de cuello uterino",pildora: usuarias nuevas,2015-08-01,0,0,1,0,0,1
SIPE SIPE,"anticoncepcion, prevencion de its y de cancer de cuello uterino",pildora: usuarias nuevas,2015-08-01,0,2,12,3,0,17
SOPACHUY,"anticoncepcion, prevencion de its y de cancer de cuello uterino",pildora: usuarias nuevas,2015-08-01,0,1,2,1,0,4
SORATA,"anticoncepcion, prevencion de its y de cancer de cuello uterino",pildora: usuarias nuevas,2015-08-01,0,2,2,0,0,4
SUCRE,"anticoncepcion, prevencion de its y de cancer de cuello uterino",pildora: usuarias nuevas,2015-08-01,0,7,58,20,0,85
TACACOMA,"anticoncepcion, prevencion de its y de cancer de cuello uterino",pildora: usuarias nuevas,2015-08-01,0,0,1,0,0,1
TACOPAYA,"anticoncepcion, prevencion de its y de cancer de cuello uterino",pildora: usuarias nuevas,2015-08-01,0,0,3,0,0,3
TAHUA,"anticoncepcion, prevencion de its y de cancer de cuello uterino",pildora: usuarias nuevas,2015-08-01,0,0,3,0,0,3
TAPACARI,"anticoncepcion, prevencion de its y de cancer de cuello uterino",pildora: usuarias nuevas,2015-08-01,0,0,2,0,0,2
TARIJA,"anticoncepcion, prevencion de its y de cancer de cuello uterino",pildora: usuarias nuevas,2015-08-01,0,3,15,3,0,21
TARVITA,"anticoncepcion, prevencion de its y de cancer de cuello uterino",pildora: usuarias nuevas,2015-08-01,0,2,3,2,0,7
TEOPONTE,"anticoncepcion, prevencion de its y de cancer de cuello uterino",pildora: usuarias nuevas,2015-08-01,0,0,1,0,0,1
TIAWANACU,"anticoncepcion, prevencion de its y de cancer de cuello uterino",pildora: usuarias nuevas,2015-08-01,0,0,2,0,0,2
TINGUIPAYA,"anticoncepcion, prevencion de its y de cancer de cuello uterino",pildora: usuarias nuevas,2015-08-01,0,1,3,2,0,6
TIPUANI,"anticoncepcion, prevencion de its y de cancer de cuello uterino",pildora: usuarias nuevas,2015-08-01,0,0,1,0,0,1
TIQUIPAYA,"anticoncepcion, prevencion de its y de cancer de cuello uterino",pildora: usuarias nuevas,2015-08-01,0,0,6,3,0,9
TIRAQUE (CBBA),"anticoncepcion, prevencion de its y de cancer de cuello uterino",pildora: usuarias nuevas,2015-08-01,0,0,4,0,0,4
TOCO,"anticoncepcion, prevencion de its y de cancer de cuello uterino",pildora: usuarias nuevas,2015-08-01,0,0,1,0,0,1
TOLATA,"anticoncepcion, prevencion de its y de cancer de cuello uterino",pildora: usuarias nuevas,2015-08-01,0,1,1,0,0,2
TOLEDO,"anticoncepcion, prevencion de its y de cancer de cuello uterino",pildora: usuarias nuevas,2015-08-01,0,0,1,2,0,3
TOMAVE,"anticoncepcion, prevencion de its y de cancer de cuello uterino",pildora: usuarias nuevas,2015-08-01,0,0,2,0,0,2
TOMINA,"anticoncepcion, prevencion de its y de cancer de cuello uterino",pildora: usuarias nuevas,2015-08-01,0,2,3,0,0,5
TORO TORO,"anticoncepcion, prevencion de its y de cancer de cuello uterino",pildora: usuarias nuevas,2015-08-01,0,0,2,0,0,2
TOTORA(CBBA),"anticoncepcion, prevencion de its y de cancer de cuello uterino",pildora: usuarias nuevas,2015-08-01,0,0,4,0,0,4
TOTORA(ORR),"anticoncepcion, prevencion de its y de cancer de cuello uterino",pildora: usuarias nuevas,2015-08-01,0,1,0,0,0,1
TRINIDAD,"anticoncepcion, prevencion de its y de cancer de cuello uterino",pildora: usuarias nuevas,2015-08-01,1,36,33,4,0,74
UNCIA,"anticoncepcion, prevencion de its y de cancer de cuello uterino",pildora: usuarias nuevas,2015-08-01,0,0,2,0,0,2
URIONDO (A. CONCEPCION),"anticoncepcion, prevencion de its y de cancer de cuello uterino",pildora: usuarias nuevas,2015-08-01,1,1,3,1,0,6
URUBICHA,"anticoncepcion, prevencion de its y de cancer de cuello uterino",pildora: usuarias nuevas,2015-08-01,0,0,1,3,0,4
UYUNI,"anticoncepcion, prevencion de its y de cancer de cuello uterino",pildora: usuarias nuevas,2015-08-01,0,0,1,0,0,1
VALLEGRANDE,"anticoncepcion, prevencion de its y de cancer de cuello uterino",pildora: usuarias nuevas,2015-08-01,0,1,4,2,0,7
VIACHA,"anticoncepcion, prevencion de its y de cancer de cuello uterino",pildora: usuarias nuevas,2015-08-01,0,2,6,0,0,8
VILA VILA,"anticoncepcion, prevencion de its y de cancer de cuello uterino",pildora: usuarias nuevas,2015-08-01,0,0,0,1,0,1
VILLA CHARCAS,"anticoncepcion, prevencion de its y de cancer de cuello uterino",pildora: usuarias nuevas,2015-08-01,0,0,5,0,0,5
VILLA MONTES,"anticoncepcion, prevencion de its y de cancer de cuello uterino",pildora: usuarias nuevas,2015-08-01,0,1,15,2,0,18
VILLA NUEVA (LOMA ALTA),"anticoncepcion, prevencion de its y de cancer de cuello uterino",pildora: usuarias nuevas,2015-08-01,0,0,2,0,0,2
VILLA SERRANO,"anticoncepcion, prevencion de its y de cancer de cuello uterino",pildora: usuarias nuevas,2015-08-01,0,0,1,0,0,1
VILLA TUNARI,"anticoncepcion, prevencion de its y de cancer de cuello uterino",pildora: usuarias nuevas,2015-08-01,0,3,24,5,0,32
VILLA VACA GUZMAN (MUYUPAMPA),"anticoncepcion, prevencion de its y de cancer de cuello uterino",pildora: usuarias nuevas,2015-08-01,0,1,3,1,0,5
VILLAZON,"anticoncepcion, prevencion de its y de cancer de cuello uterino",pildora: usuarias nuevas,2015-08-01,0,1,2,0,0,3
VINTO,"anticoncepcion, prevencion de its y de cancer de cuello uterino",pildora: usuarias nuevas,2015-08-01,0,2,9,1,0,12
VITICHI,"anticoncepcion, prevencion de its y de cancer de cuello uterino",pildora: usuarias nuevas,2015-08-01,0,0,1,1,0,2
WALDO BALLIVIAN,"anticoncepcion, prevencion de its y de cancer de cuello uterino",pildora: usuarias nuevas,2015-08-01,0,0,0,1,0,1
WARNES,"anticoncepcion, prevencion de its y de cancer de cuello uterino",pildora: usuarias nuevas,2015-08-01,0,2,11,4,1,18
YACO,"anticoncepcion, prevencion de its y de cancer de cuello uterino",pildora: usuarias nuevas,2015-08-01,0,1,1,0,1,3
YACUIBA,"anticoncepcion, prevencion de its y de cancer de cuello uterino",pildora: usuarias nuevas,2015-08-01,0,1,6,2,0,9
YAPACANI,"anticoncepcion, prevencion de its y de cancer de cuello uterino",pildora: usuarias nuevas,2015-08-01,0,5,31,5,0,41
YOCALLA,"anticoncepcion, prevencion de its y de cancer de cuello uterino",pildora: usuarias nuevas,2015-08-01,0,0,1,0,0,1
YOTALA,"anticoncepcion, prevencion de its y de cancer de cuello uterino",pildora: usuarias nuevas,2015-08-01,0,1,1,0,0,2
ZUDAÑEZ,"anticoncepcion, prevencion de its y de cancer de cuello uterino",pildora: usuarias nuevas,2015-08-01,0,1,0,0,0,1
ACHACACHI,"anticoncepcion, prevencion de its y de cancer de cuello uterino",pildora: usuarias nuevas,2015-09-01,0,0,2,0,0,2
ACHOCALLA,"anticoncepcion, prevencion de its y de cancer de cuello uterino",pildora: usuarias nuevas,2015-09-01,0,0,1,4,0,5
AIQUILE,"anticoncepcion, prevencion de its y de cancer de cuello uterino",pildora: usuarias nuevas,2015-09-01,0,3,1,2,0,6
ALALAY,"anticoncepcion, prevencion de its y de cancer de cuello uterino",pildora: usuarias nuevas,2015-09-01,0,0,1,0,0,1
ALCALA,"anticoncepcion, prevencion de its y de cancer de cuello uterino",pildora: usuarias nuevas,2015-09-01,0,0,1,1,0,2
ALTO BENI,"anticoncepcion, prevencion de its y de cancer de cuello uterino",pildora: usuarias nuevas,2015-09-01,0,1,4,0,0,5
ANCORAIMES,"anticoncepcion, prevencion de its y de cancer de cuello uterino",pildora: usuarias nuevas,2015-09-01,0,0,1,1,0,2
ANDAMARCA,"anticoncepcion, prevencion de its y de cancer de cuello uterino",pildora: usuarias nuevas,2015-09-01,0,0,3,0,0,3
APOLO,"anticoncepcion, prevencion de its y de cancer de cuello uterino",pildora: usuarias nuevas,2015-09-01,0,0,1,2,0,3
ARAMPAMPA,"anticoncepcion, prevencion de its y de cancer de cuello uterino",pildora: usuarias nuevas,2015-09-01,0,0,3,1,0,4
ARANI,"anticoncepcion, prevencion de its y de cancer de cuello uterino",pildora: usuarias nuevas,2015-09-01,0,1,4,1,0,6
ARBIETO,"anticoncepcion, prevencion de its y de cancer de cuello uterino",pildora: usuarias nuevas,2015-09-01,0,0,6,0,0,6
ASCENCION DE GUARAYOS,"anticoncepcion, prevencion de its y de cancer de cuello uterino",pildora: usuarias nuevas,2015-09-01,1,3,14,3,0,21
ATOCHA,"anticoncepcion, prevencion de its y de cancer de cuello uterino",pildora: usuarias nuevas,2015-09-01,0,0,4,2,0,6
AUCAPATA,"anticoncepcion, prevencion de its y de cancer de cuello uterino",pildora: usuarias nuevas,2015-09-01,0,0,1,0,0,1
AYATA,"anticoncepcion, prevencion de its y de cancer de cuello uterino",pildora: usuarias nuevas,2015-09-01,0,0,3,2,0,5
AYO AYO,"anticoncepcion, prevencion de its y de cancer de cuello uterino",pildora: usuarias nuevas,2015-09-01,0,1,0,1,0,2
AYOPAYA (V. DE INDEPENDENCIA),"anticoncepcion, prevencion de its y de cancer de cuello uterino",pildora: usuarias nuevas,2015-09-01,0,4,10,4,0,18
BAURES,"anticoncepcion, prevencion de its y de cancer de cuello uterino",pildora: usuarias nuevas,2015-09-01,0,0,3,0,0,3
BELLA FLOR,"anticoncepcion, prevencion de its y de cancer de cuello uterino",pildora: usuarias nuevas,2015-09-01,0,2,2,0,0,4
BERMEJO,"anticoncepcion, prevencion de its y de cancer de cuello uterino",pildora: usuarias nuevas,2015-09-01,1,4,23,1,1,30
BOYUIBE,"anticoncepcion, prevencion de its y de cancer de cuello uterino",pildora: usuarias nuevas,2015-09-01,0,0,1,0,0,1
BUENA VISTA,"anticoncepcion, prevencion de its y de cancer de cuello uterino",pildora: usuarias nuevas,2015-09-01,0,2,12,1,0,15
CABEZAS,"anticoncepcion, prevencion de its y de cancer de cuello uterino",pildora: usuarias nuevas,2015-09-01,0,2,15,2,0,19
CAJUATA,"anticoncepcion, prevencion de its y de cancer de cuello uterino",pildora: usuarias nuevas,2015-09-01,0,1,0,0,0,1
CAMARGO,"anticoncepcion, prevencion de its y de cancer de cuello uterino",pildora: usuarias nuevas,2015-09-01,0,2,0,2,0,4
CAMIRI,"anticoncepcion, prevencion de its y de cancer de cuello uterino",pildora: usuarias nuevas,2015-09-01,0,0,0,1,0,1
CAPINOTA,"anticoncepcion, prevencion de its y de cancer de cuello uterino",pildora: usuarias nuevas,2015-09-01,0,1,0,0,0,1
CAQUIAVIRI,"anticoncepcion, prevencion de its y de cancer de cuello uterino",pildora: usuarias nuevas,2015-09-01,0,0,1,0,0,1
CARACOLLO,"anticoncepcion, prevencion de its y de cancer de cuello uterino",pildora: usuarias nuevas,2015-09-01,0,0,0,1,0,1
CARANAVI,"anticoncepcion, prevencion de its y de cancer de cuello uterino",pildora: usuarias nuevas,2015-09-01,0,1,8,2,0,11
CARAPARI,"anticoncepcion, prevencion de its y de cancer de cuello uterino",pildora: usuarias nuevas,2015-09-01,0,0,1,0,0,1
CARMEN RIVERO TORREZ,"anticoncepcion, prevencion de its y de cancer de cuello uterino",pildora: usuarias nuevas,2015-09-01,0,0,2,0,0,2
CHALLAPATA,"anticoncepcion, prevencion de its y de cancer de cuello uterino",pildora: usuarias nuevas,2015-09-01,0,0,3,2,0,5
CHAQUI,"anticoncepcion, prevencion de its y de cancer de cuello uterino",pildora: usuarias nuevas,2015-09-01,0,0,2,0,0,2
CHARAGUA,"anticoncepcion, prevencion de its y de cancer de cuello uterino",pildora: usuarias nuevas,2015-09-01,0,0,10,2,0,12
CHAYANTA,"anticoncepcion, prevencion de its y de cancer de cuello uterino",pildora: usuarias nuevas,2015-09-01,0,0,2,0,0,2
CHIMORE,"anticoncepcion, prevencion de its y de cancer de cuello uterino",pildora: usuarias nuevas,2015-09-01,0,1,2,0,0,3
CHOQUE COTA,"anticoncepcion, prevencion de its y de cancer de cuello uterino",pildora: usuarias nuevas,2015-09-01,0,1,2,1,0,4
CHUA COCANI,"anticoncepcion, prevencion de its y de cancer de cuello uterino",pildora: usuarias nuevas,2015-09-01,0,0,1,0,0,1
CHULUMANI (V. DE LA LIBERTAD),"anticoncepcion, prevencion de its y de cancer de cuello uterino",pildora: usuarias nuevas,2015-09-01,0,1,1,1,0,3
CHUMA,"anticoncepcion, prevencion de its y de cancer de cuello uterino",pildora: usuarias nuevas,2015-09-01,0,0,0,1,0,1
CLIZA,"anticoncepcion, prevencion de its y de cancer de cuello uterino",pildora: usuarias nuevas,2015-09-01,0,0,8,1,0,9
COBIJA,"anticoncepcion, prevencion de its y de cancer de cuello uterino",pildora: usuarias nuevas,2015-09-01,1,4,10,2,0,17
COCAPATA,"anticoncepcion, prevencion de its y de cancer de cuello uterino",pildora: usuarias nuevas,2015-09-01,0,0,2,3,0,5
COCHABAMBA,"anticoncepcion, prevencion de its y de cancer de cuello uterino",pildora: usuarias nuevas,2015-09-01,0,25,214,32,0,271
COLCAPIRHUA,"anticoncepcion, prevencion de its y de cancer de cuello uterino",pildora: usuarias nuevas,2015-09-01,0,2,9,1,0,12
"COLCHA ""K""","anticoncepcion, prevencion de its y de cancer de cuello uterino",pildora: usuarias nuevas,2015-09-01,0,0,3,0,0,3
COLLANA,"anticoncepcion, prevencion de its y de cancer de cuello uterino",pildora: usuarias nuevas,2015-09-01,0,0,1,0,0,1
COLOMI,"anticoncepcion, prevencion de its y de cancer de cuello uterino",pildora: usuarias nuevas,2015-09-01,0,0,3,0,0,3
COLPA BELGICA,"anticoncepcion, prevencion de its y de cancer de cuello uterino",pildora: usuarias nuevas,2015-09-01,0,0,2,0,0,2
COLQUECHACA,"anticoncepcion, prevencion de its y de cancer de cuello uterino",pildora: usuarias nuevas,2015-09-01,1,1,1,1,0,4
COLQUENCHA,"anticoncepcion, prevencion de its y de cancer de cuello uterino",pildora: usuarias nuevas,2015-09-01,0,0,3,0,0,3
COLQUIRI,"anticoncepcion, prevencion de its y de cancer de cuello uterino",pildora: usuarias nuevas,2015-09-01,0,0,3,1,0,4
COMARAPA,"anticoncepcion, prevencion de its y de cancer de cuello uterino",pildora: usuarias nuevas,2015-09-01,0,3,0,0,0,3
CONCEPCION,"anticoncepcion, prevencion de its y de cancer de cuello uterino",pildora: usuarias nuevas,2015-09-01,0,0,1,1,0,2
COPACABANA,"anticoncepcion, prevencion de its y de cancer de cuello uterino",pildora: usuarias nuevas,2015-09-01,0,2,0,0,0,2
COROICO,"anticoncepcion, prevencion de its y de cancer de cuello uterino",pildora: usuarias nuevas,2015-09-01,0,1,0,0,0,1
CORQUE,"anticoncepcion, prevencion de its y de cancer de cuello uterino",pildora: usuarias nuevas,2015-09-01,0,0,0,1,0,1
COTAGAITA,"anticoncepcion, prevencion de its y de cancer de cuello uterino",pildora: usuarias nuevas,2015-09-01,0,1,2,1,0,4
COTOCA,"anticoncepcion, prevencion de its y de cancer de cuello uterino",pildora: usuarias nuevas,2015-09-01,0,4,13,2,0,19
CUATRO CAÑADAS,"anticoncepcion, prevencion de its y de cancer de cuello uterino",pildora: usuarias nuevas,2015-09-01,2,2,8,1,0,13
CUCHUMUELA (V. G. VILLARROEL),"anticoncepcion, prevencion de its y de cancer de cuello uterino",pildora: usuarias nuevas,2015-09-01,0,0,1,0,0,1
CUEVO,"anticoncepcion, prevencion de its y de cancer de cuello uterino",pildora: usuarias nuevas,2015-09-01,0,1,0,0,0,1
CULPINA,"anticoncepcion, prevencion de its y de cancer de cuello uterino",pildora: usuarias nuevas,2015-09-01,0,2,3,2,0,7
CURAHUARA DE CARANGAS,"anticoncepcion, prevencion de its y de cancer de cuello uterino",pildora: usuarias nuevas,2015-09-01,0,0,0,1,0,1
CURVA,"anticoncepcion, prevencion de its y de cancer de cuello uterino",pildora: usuarias nuevas,2015-09-01,0,1,0,0,0,1
DESAGUADERO,"anticoncepcion, prevencion de its y de cancer de cuello uterino",pildora: usuarias nuevas,2015-09-01,0,1,0,0,0,1
EL ALTO,"anticoncepcion, prevencion de its y de cancer de cuello uterino",pildora: usuarias nuevas,2015-09-01,0,15,251,88,3,357
EL CHORO,"anticoncepcion, prevencion de its y de cancer de cuello uterino",pildora: usuarias nuevas,2015-09-01,0,0,1,0,0,1
EL PUENTE(STC),"anticoncepcion, prevencion de its y de cancer de cuello uterino",pildora: usuarias nuevas,2015-09-01,0,1,8,2,0,11
EL PUENTE(TJA),"anticoncepcion, prevencion de its y de cancer de cuello uterino",pildora: usuarias nuevas,2015-09-01,0,1,2,0,0,3
EL TORNO,"anticoncepcion, prevencion de its y de cancer de cuello uterino",pildora: usuarias nuevas,2015-09-01,1,4,20,2,0,27
EL VILLAR,"anticoncepcion, prevencion de its y de cancer de cuello uterino",pildora: usuarias nuevas,2015-09-01,0,0,4,1,0,5
ENTRE RIOS TRJ,"anticoncepcion, prevencion de its y de cancer de cuello uterino",pildora: usuarias nuevas,2015-09-01,0,2,6,3,0,11
ENTRE RIOS CBBA,"anticoncepcion, prevencion de its y de cancer de cuello uterino",pildora: usuarias nuevas,2015-09-01,0,3,4,1,0,8
ESCARA,"anticoncepcion, prevencion de its y de cancer de cuello uterino",pildora: usuarias nuevas,2015-09-01,0,1,1,0,0,2
EUREKA (SANTOS MERCADO),"anticoncepcion, prevencion de its y de cancer de cuello uterino",pildora: usuarias nuevas,2015-09-01,0,1,1,0,0,2
FERNANDEZ ALONSO,"anticoncepcion, prevencion de its y de cancer de cuello uterino",pildora: usuarias nuevas,2015-09-01,0,0,3,1,0,4
FILADELFIA,"anticoncepcion, prevencion de its y de cancer de cuello uterino",pildora: usuarias nuevas,2015-09-01,0,0,1,0,0,1
GENERAL SAAVEDRA,"anticoncepcion, prevencion de its y de cancer de cuello uterino",pildora: usuarias nuevas,2015-09-01,0,1,1,1,0,3
GRAL. J.J. PEREZ (CHARAZANI),"anticoncepcion, prevencion de its y de cancer de cuello uterino",pildora: usuarias nuevas,2015-09-01,0,0,1,0,0,1
GUAQUI,"anticoncepcion, prevencion de its y de cancer de cuello uterino",pildora: usuarias nuevas,2015-09-01,0,0,0,1,0,1
GUAYARAMERIN,"anticoncepcion, prevencion de its y de cancer de cuello uterino",pildora: usuarias nuevas,2015-09-01,0,1,1,0,0,2
GUTIERREZ,"anticoncepcion, prevencion de its y de cancer de cuello uterino",pildora: usuarias nuevas,2015-09-01,0,0,1,4,0,5
HUACARETA,"anticoncepcion, prevencion de its y de cancer de cuello uterino",pildora: usuarias nuevas,2015-09-01,0,0,8,2,0,10
HUANUNI,"anticoncepcion, prevencion de its y de cancer de cuello uterino",pildora: usuarias nuevas,2015-09-01,0,0,1,0,0,1
HUAYLLAMARCA,"anticoncepcion, prevencion de its y de cancer de cuello uterino",pildora: usuarias nuevas,2015-09-01,0,0,1,0,0,1
HUMANATA,"anticoncepcion, prevencion de its y de cancer de cuello uterino",pildora: usuarias nuevas,2015-09-01,0,1,0,0,0,1
ICLA,"anticoncepcion, prevencion de its y de cancer de cuello uterino",pildora: usuarias nuevas,2015-09-01,0,1,2,0,0,3
INCAHUASI,"anticoncepcion, prevencion de its y de cancer de cuello uterino",pildora: usuarias nuevas,2015-09-01,0,0,5,0,0,5
IRUPANA (VILLA DE LANZA),"anticoncepcion, prevencion de its y de cancer de cuello uterino",pildora: usuarias nuevas,2015-09-01,0,0,4,3,0,7
IXIAMAS,"anticoncepcion, prevencion de its y de cancer de cuello uterino",pildora: usuarias nuevas,2015-09-01,0,2,2,2,0,6
LA ASUNTA,"anticoncepcion, prevencion de its y de cancer de cuello uterino",pildora: usuarias nuevas,2015-09-01,0,4,8,3,0,15
LA GUARDIA,"anticoncepcion, prevencion de its y de cancer de cuello uterino",pildora: usuarias nuevas,2015-09-01,3,4,27,4,0,38
LA PAZ,"anticoncepcion, prevencion de its y de cancer de cuello uterino",pildora: usuarias nuevas,2015-09-01,0,12,105,26,0,143
LAGUNILLAS,"anticoncepcion, prevencion de its y de cancer de cuello uterino",pildora: usuarias nuevas,2015-09-01,0,1,1,1,0,3
LAJA,"anticoncepcion, prevencion de its y de cancer de cuello uterino",pildora: usuarias nuevas,2015-09-01,0,2,0,0,0,2
LAS CARRERAS,"anticoncepcion, prevencion de its y de cancer de cuello uterino",pildora: usuarias nuevas,2015-09-01,0,0,1,1,0,2
LLALLAGUA,"anticoncepcion, prevencion de its y de cancer de cuello uterino",pildora: usuarias nuevas,2015-09-01,0,3,11,3,0,17
LLICA,"anticoncepcion, prevencion de its y de cancer de cuello uterino",pildora: usuarias nuevas,2015-09-01,0,1,0,0,0,1
LORETO,"anticoncepcion, prevencion de its y de cancer de cuello uterino",pildora: usuarias nuevas,2015-09-01,0,1,4,1,0,6
LURIBAY,"anticoncepcion, prevencion de its y de cancer de cuello uterino",pildora: usuarias nuevas,2015-09-01,0,0,3,0,0,3
MACHARETI,"anticoncepcion, prevencion de its y de cancer de cuello uterino",pildora: usuarias nuevas,2015-09-01,0,3,5,1,0,9
MAIRANA,"anticoncepcion, prevencion de its y de cancer de cuello uterino",pildora: usuarias nuevas,2015-09-01,0,1,3,1,0,5
MECAPACA,"anticoncepcion, prevencion de its y de cancer de cuello uterino",pildora: usuarias nuevas,2015-09-01,0,0,0,2,0,2
MINEROS,"anticoncepcion, prevencion de its y de cancer de cuello uterino",pildora: usuarias nuevas,2015-09-01,0,2,13,1,0,16
MIZQUE,"anticoncepcion, prevencion de its y de cancer de cuello uterino",pildora: usuarias nuevas,2015-09-01,0,0,1,0,0,1
MOCOMOCO,"anticoncepcion, prevencion de its y de cancer de cuello uterino",pildora: usuarias nuevas,2015-09-01,0,0,0,1,0,1
MOJOCOYA,"anticoncepcion, prevencion de its y de cancer de cuello uterino",pildora: usuarias nuevas,2015-09-01,0,0,1,0,0,1
MONTEAGUDO,"anticoncepcion, prevencion de its y de cancer de cuello uterino",pildora: usuarias nuevas,2015-09-01,0,5,9,4,0,18
MONTERO,"anticoncepcion, prevencion de its y de cancer de cuello uterino",pildora: usuarias nuevas,2015-09-01,2,13,20,5,0,40
MOROCHATA,"anticoncepcion, prevencion de its y de cancer de cuello uterino",pildora: usuarias nuevas,2015-09-01,0,1,1,1,0,3
NACEBE (SANTA ROSA DEL ABUNA),"anticoncepcion, prevencion de its y de cancer de cuello uterino",pildora: usuarias nuevas,2015-09-01,0,0,1,0,0,1
NUEVO MANOA (NUEVA ESPERANZA),"anticoncepcion, prevencion de its y de cancer de cuello uterino",pildora: usuarias nuevas,2015-09-01,0,0,1,1,0,2
OCURI,"anticoncepcion, prevencion de its y de cancer de cuello uterino",pildora: usuarias nuevas,2015-09-01,0,0,6,2,0,8
ORURO,"anticoncepcion, prevencion de its y de cancer de cuello uterino",pildora: usuarias nuevas,2015-09-01,0,4,39,7,0,50
PADCAYA,"anticoncepcion, prevencion de its y de cancer de cuello uterino",pildora: usuarias nuevas,2015-09-01,0,1,3,1,0,5
PADILLA,"anticoncepcion, prevencion de its y de cancer de cuello uterino",pildora: usuarias nuevas,2015-09-01,0,3,1,4,0,8
PAILON,"anticoncepcion, prevencion de its y de cancer de cuello uterino",pildora: usuarias nuevas,2015-09-01,0,1,5,0,0,6
PALOS BLANCOS,"anticoncepcion, prevencion de its y de cancer de cuello uterino",pildora: usuarias nuevas,2015-09-01,0,0,5,0,0,5
PAMPA AULLAGAS,"anticoncepcion, prevencion de its y de cancer de cuello uterino",pildora: usuarias nuevas,2015-09-01,0,1,5,3,0,9
PAMPA GRANDE,"anticoncepcion, prevencion de its y de cancer de cuello uterino",pildora: usuarias nuevas,2015-09-01,0,0,3,2,0,5
PAPEL PAMPA,"anticoncepcion, prevencion de its y de cancer de cuello uterino",pildora: usuarias nuevas,2015-09-01,0,0,2,1,0,3
PASORAPA,"anticoncepcion, prevencion de its y de cancer de cuello uterino",pildora: usuarias nuevas,2015-09-01,0,0,4,2,0,6
PATACAMAYA,"anticoncepcion, prevencion de its y de cancer de cuello uterino",pildora: usuarias nuevas,2015-09-01,0,2,1,0,0,3
PAZÑA,"anticoncepcion, prevencion de its y de cancer de cuello uterino",pildora: usuarias nuevas,2015-09-01,0,0,10,4,0,14
PELECHUCO,"anticoncepcion, prevencion de its y de cancer de cuello uterino",pildora: usuarias nuevas,2015-09-01,0,0,1,1,0,2
POCOATA,"anticoncepcion, prevencion de its y de cancer de cuello uterino",pildora: usuarias nuevas,2015-09-01,0,3,8,4,0,15
POCONA,"anticoncepcion, prevencion de its y de cancer de cuello uterino",pildora: usuarias nuevas,2015-09-01,0,1,3,3,0,7
POJO (CBBA),"anticoncepcion, prevencion de its y de cancer de cuello uterino",pildora: usuarias nuevas,2015-09-01,0,2,3,0,0,5
POOPO,"anticoncepcion, prevencion de its y de cancer de cuello uterino",pildora: usuarias nuevas,2015-09-01,0,0,2,0,0,2
PORCO,"anticoncepcion, prevencion de its y de cancer de cuello uterino",pildora: usuarias nuevas,2015-09-01,0,0,6,0,0,6
POROMA,"anticoncepcion, prevencion de its y de cancer de cuello uterino",pildora: usuarias nuevas,2015-09-01,0,2,4,0,0,6
PORONGO,"anticoncepcion, prevencion de its y de cancer de cuello uterino",pildora: usuarias nuevas,2015-09-01,0,2,8,1,0,11
PORTACHUELO,"anticoncepcion, prevencion de its y de cancer de cuello uterino",pildora: usuarias nuevas,2015-09-01,0,1,2,0,0,3
POTOSI,"anticoncepcion, prevencion de its y de cancer de cuello uterino",pildora: usuarias nuevas,2015-09-01,0,9,32,12,0,53
PRESTO,"anticoncepcion, prevencion de its y de cancer de cuello uterino",pildora: usuarias nuevas,2015-09-01,0,0,1,0,0,1
PUCARANI,"anticoncepcion, prevencion de its y de cancer de cuello uterino",pildora: usuarias nuevas,2015-09-01,0,0,1,0,0,1
PUERTO CARABUCO,"anticoncepcion, prevencion de its y de cancer de cuello uterino",pildora: usuarias nuevas,2015-09-01,0,1,1,0,0,2
PUERTO GONZALO MORENO,"anticoncepcion, prevencion de its y de cancer de cuello uterino",pildora: usuarias nuevas,2015-09-01,0,2,0,0,0,2
PUERTO PEREZ,"anticoncepcion, prevencion de its y de cancer de cuello uterino",pildora: usuarias nuevas,2015-09-01,0,0,1,1,0,2
PUERTO QUIJARRO,"anticoncepcion, prevencion de its y de cancer de cuello uterino",pildora: usuarias nuevas,2015-09-01,0,3,4,1,0,8
PUERTO RICO,"anticoncepcion, prevencion de its y de cancer de cuello uterino",pildora: usuarias nuevas,2015-09-01,0,1,0,0,0,1
PUERTO SILES,"anticoncepcion, prevencion de its y de cancer de cuello uterino",pildora: usuarias nuevas,2015-09-01,0,0,1,0,0,1
PUERTO SUAREZ,"anticoncepcion, prevencion de its y de cancer de cuello uterino",pildora: usuarias nuevas,2015-09-01,0,0,3,3,0,6
PUERTO VILLARROEL,"anticoncepcion, prevencion de its y de cancer de cuello uterino",pildora: usuarias nuevas,2015-09-01,3,4,9,3,0,19
PUNA,"anticoncepcion, prevencion de its y de cancer de cuello uterino",pildora: usuarias nuevas,2015-09-01,0,0,2,0,0,2
PUNATA,"anticoncepcion, prevencion de its y de cancer de cuello uterino",pildora: usuarias nuevas,2015-09-01,0,0,2,0,0,2
QUILLACOLLO,"anticoncepcion, prevencion de its y de cancer de cuello uterino",pildora: usuarias nuevas,2015-09-01,0,7,57,13,0,77
QUIME,"anticoncepcion, prevencion de its y de cancer de cuello uterino",pildora: usuarias nuevas,2015-09-01,0,0,3,0,0,3
RAVELO,"anticoncepcion, prevencion de its y de cancer de cuello uterino",pildora: usuarias nuevas,2015-09-01,0,0,2,2,0,4
REYES,"anticoncepcion, prevencion de its y de cancer de cuello uterino",pildora: usuarias nuevas,2015-09-01,3,8,5,4,0,20
RIBERALTA,"anticoncepcion, prevencion de its y de cancer de cuello uterino",pildora: usuarias nuevas,2015-09-01,1,13,49,5,0,68
ROBORE,"anticoncepcion, prevencion de its y de cancer de cuello uterino",pildora: usuarias nuevas,2015-09-01,0,4,1,1,0,6
RURRENABAQUE,"anticoncepcion, prevencion de its y de cancer de cuello uterino",pildora: usuarias nuevas,2015-09-01,0,1,2,0,0,3
SACABA,"anticoncepcion, prevencion de its y de cancer de cuello uterino",pildora: usuarias nuevas,2015-09-01,0,2,14,3,0,19
SACACA,"anticoncepcion, prevencion de its y de cancer de cuello uterino",pildora: usuarias nuevas,2015-09-01,0,2,4,0,0,6
SAIPINA,"anticoncepcion, prevencion de its y de cancer de cuello uterino",pildora: usuarias nuevas,2015-09-01,0,0,0,1,0,1
SALINAS DE GARCI MENDOZA,"anticoncepcion, prevencion de its y de cancer de cuello uterino",pildora: usuarias nuevas,2015-09-01,0,2,4,0,0,6
SAMAIPATA,"anticoncepcion, prevencion de its y de cancer de cuello uterino",pildora: usuarias nuevas,2015-09-01,0,0,0,1,0,1
SAN ANDRES,"anticoncepcion, prevencion de its y de cancer de cuello uterino",pildora: usuarias nuevas,2015-09-01,0,0,9,0,0,9
SAN ANTONIO DE ESMORUCO,"anticoncepcion, prevencion de its y de cancer de cuello uterino",pildora: usuarias nuevas,2015-09-01,0,0,1,0,0,1
SAN ANTONIO DE LOMERIO,"anticoncepcion, prevencion de its y de cancer de cuello uterino",pildora: usuarias nuevas,2015-09-01,0,1,2,0,0,3
SAN BORJA,"anticoncepcion, prevencion de its y de cancer de cuello uterino",pildora: usuarias nuevas,2015-09-01,0,10,10,3,0,23
SAN BUENA VENTURA,"anticoncepcion, prevencion de its y de cancer de cuello uterino",pildora: usuarias nuevas,2015-09-01,0,1,2,0,0,3
SAN CARLOS,"anticoncepcion, prevencion de its y de cancer de cuello uterino",pildora: usuarias nuevas,2015-09-01,0,1,5,0,0,6
SAN IGNACIO,"anticoncepcion, prevencion de its y de cancer de cuello uterino",pildora: usuarias nuevas,2015-09-01,1,5,14,3,0,23
SAN IGNACIO DE VELASCO,"anticoncepcion, prevencion de its y de cancer de cuello uterino",pildora: usuarias nuevas,2015-09-01,0,1,1,0,0,2
SAN JAVIER(STC),"anticoncepcion, prevencion de its y de cancer de cuello uterino",pildora: usuarias nuevas,2015-09-01,0,2,7,0,0,9
SAN JOAQUIN,"anticoncepcion, prevencion de its y de cancer de cuello uterino",pildora: usuarias nuevas,2015-09-01,0,0,0,1,0,1
SAN JOSE DE CHIQUITOS,"anticoncepcion, prevencion de its y de cancer de cuello uterino",pildora: usuarias nuevas,2015-09-01,0,1,14,4,1,20
SAN JUAN DE YAPACANI,"anticoncepcion, prevencion de its y de cancer de cuello uterino",pildora: usuarias nuevas,2015-09-01,0,3,5,0,0,8
SAN JULIAN,"anticoncepcion, prevencion de its y de cancer de cuello uterino",pildora: usuarias nuevas,2015-09-01,0,1,4,1,0,6
SAN LORENZO(TJA),"anticoncepcion, prevencion de its y de cancer de cuello uterino",pildora: usuarias nuevas,2015-09-01,0,0,5,0,0,5
SAN LUCAS,"anticoncepcion, prevencion de its y de cancer de cuello uterino",pildora: usuarias nuevas,2015-09-01,0,0,4,4,0,8
SAN MATIAS,"anticoncepcion, prevencion de its y de cancer de cuello uterino",pildora: usuarias nuevas,2015-09-01,1,0,0,1,0,2
SAN MIGUEL DE VELASCO,"anticoncepcion, prevencion de its y de cancer de cuello uterino",pildora: usuarias nuevas,2015-09-01,1,0,1,0,0,2
SAN PABLO DE LIPEZ,"anticoncepcion, prevencion de its y de cancer de cuello uterino",pildora: usuarias nuevas,2015-09-01,0,0,1,0,0,1
SAN PEDRO,"anticoncepcion, prevencion de its y de cancer de cuello uterino",pildora: usuarias nuevas,2015-09-01,0,0,4,2,0,6
SAN PEDRO DE BUENA VISTA,"anticoncepcion, prevencion de its y de cancer de cuello uterino",pildora: usuarias nuevas,2015-09-01,0,2,4,0,0,6
SAN PEDRO DE TIQUINA,"anticoncepcion, prevencion de its y de cancer de cuello uterino",pildora: usuarias nuevas,2015-09-01,0,0,0,1,0,1
SAN RAFAEL,"anticoncepcion, prevencion de its y de cancer de cuello uterino",pildora: usuarias nuevas,2015-09-01,0,2,5,2,0,9
SAN RAMON BENI,"anticoncepcion, prevencion de its y de cancer de cuello uterino",pildora: usuarias nuevas,2015-09-01,0,1,3,3,0,7
SAN RAMON SCZ,"anticoncepcion, prevencion de its y de cancer de cuello uterino",pildora: usuarias nuevas,2015-09-01,0,0,1,1,0,2
SANTA ANA,"anticoncepcion, prevencion de its y de cancer de cuello uterino",pildora: usuarias nuevas,2015-09-01,0,3,13,5,0,21
SANTA CRUZ DE LA SIERRA,"anticoncepcion, prevencion de its y de cancer de cuello uterino",pildora: usuarias nuevas,2015-09-01,6,67,212,65,1,351
SANTA ROSA,"anticoncepcion, prevencion de its y de cancer de cuello uterino",pildora: usuarias nuevas,2015-09-01,0,0,1,0,0,1
SANTA ROSA DEL SARA,"anticoncepcion, prevencion de its y de cancer de cuello uterino",pildora: usuarias nuevas,2015-09-01,0,2,15,4,0,21
SANTIAGO DE HUATA,"anticoncepcion, prevencion de its y de cancer de cuello uterino",pildora: usuarias nuevas,2015-09-01,0,0,1,0,0,1
SANTIAGO DE MACHACA,"anticoncepcion, prevencion de its y de cancer de cuello uterino",pildora: usuarias nuevas,2015-09-01,0,1,1,0,0,2
SANTUARIO DE QUILLACAS,"anticoncepcion, prevencion de its y de cancer de cuello uterino",pildora: usuarias nuevas,2015-09-01,0,0,6,1,0,7
SAPAHAQUI,"anticoncepcion, prevencion de its y de cancer de cuello uterino",pildora: usuarias nuevas,2015-09-01,0,0,1,0,1,2
SENA,"anticoncepcion, prevencion de its y de cancer de cuello uterino",pildora: usuarias nuevas,2015-09-01,0,0,4,0,0,4
SHINAOTA,"anticoncepcion, prevencion de its y de cancer de cuello uterino",pildora: usuarias nuevas,2015-09-01,0,2,1,1,0,4
SICA SICA (VILLA AROMA),"anticoncepcion, prevencion de its y de cancer de cuello uterino",pildora: usuarias nuevas,2015-09-01,0,0,5,0,0,5
SIPE SIPE,"anticoncepcion, prevencion de its y de cancer de cuello uterino",pildora: usuarias nuevas,2015-09-01,0,1,10,3,0,14
SOPACHUY,"anticoncepcion, prevencion de its y de cancer de cuello uterino",pildora: usuarias nuevas,2015-09-01,0,1,6,2,0,9
SORACACHI,"anticoncepcion, prevencion de its y de cancer de cuello uterino",pildora: usuarias nuevas,2015-09-01,0,0,7,0,0,7
SORATA,"anticoncepcion, prevencion de its y de cancer de cuello uterino",pildora: usuarias nuevas,2015-09-01,0,0,0,2,0,2
SUCRE,"anticoncepcion, prevencion de its y de cancer de cuello uterino",pildora: usuarias nuevas,2015-09-01,0,32,59,17,0,108
TACACOMA,"anticoncepcion, prevencion de its y de cancer de cuello uterino",pildora: usuarias nuevas,2015-09-01,0,1,2,0,0,3
TACOPAYA,"anticoncepcion, prevencion de its y de cancer de cuello uterino",pildora: usuarias nuevas,2015-09-01,0,0,0,1,0,1
TAHUA,"anticoncepcion, prevencion de its y de cancer de cuello uterino",pildora: usuarias nuevas,2015-09-01,0,1,0,0,0,1
TAPACARI,"anticoncepcion, prevencion de its y de cancer de cuello uterino",pildora: usuarias nuevas,2015-09-01,0,0,1,2,0,3
TARABUCO,"anticoncepcion, prevencion de its y de cancer de cuello uterino",pildora: usuarias nuevas,2015-09-01,0,1,0,1,0,2
TARACO,"anticoncepcion, prevencion de its y de cancer de cuello uterino",pildora: usuarias nuevas,2015-09-01,0,1,1,0,0,2
TARATA,"anticoncepcion, prevencion de its y de cancer de cuello uterino",pildora: usuarias nuevas,2015-09-01,0,0,1,0,0,1
TARIJA,"anticoncepcion, prevencion de its y de cancer de cuello uterino",pildora: usuarias nuevas,2015-09-01,0,6,46,7,0,59
TARVITA,"anticoncepcion, prevencion de its y de cancer de cuello uterino",pildora: usuarias nuevas,2015-09-01,0,1,15,4,0,20
TEOPONTE,"anticoncepcion, prevencion de its y de cancer de cuello uterino",pildora: usuarias nuevas,2015-09-01,0,0,3,1,0,4
TIAWANACU,"anticoncepcion, prevencion de its y de cancer de cuello uterino",pildora: usuarias nuevas,2015-09-01,0,2,2,0,0,4
TINGUIPAYA,"anticoncepcion, prevencion de its y de cancer de cuello uterino",pildora: usuarias nuevas,2015-09-01,0,0,2,5,0,7
TIPUANI,"anticoncepcion, prevencion de its y de cancer de cuello uterino",pildora: usuarias nuevas,2015-09-01,0,0,1,0,0,1
TIQUIPAYA,"anticoncepcion, prevencion de its y de cancer de cuello uterino",pildora: usuarias nuevas,2015-09-01,0,5,9,2,0,16
TIRAQUE (CBBA),"anticoncepcion, prevencion de its y de cancer de cuello uterino",pildora: usuarias nuevas,2015-09-01,0,0,5,0,0,5
TOLEDO,"anticoncepcion, prevencion de its y de cancer de cuello uterino",pildora: usuarias nuevas,2015-09-01,0,1,2,0,0,3
TOMAVE,"anticoncepcion, prevencion de its y de cancer de cuello uterino",pildora: usuarias nuevas,2015-09-01,0,0,3,1,0,4
TOMINA,"anticoncepcion, prevencion de its y de cancer de cuello uterino",pildora: usuarias nuevas,2015-09-01,0,2,4,1,0,7
TORO TORO,"anticoncepcion, prevencion de its y de cancer de cuello uterino",pildora: usuarias nuevas,2015-09-01,0,0,2,0,0,2
TOTORA(CBBA),"anticoncepcion, prevencion de its y de cancer de cuello uterino",pildora: usuarias nuevas,2015-09-01,0,0,1,0,0,1
TRINIDAD,"anticoncepcion, prevencion de its y de cancer de cuello uterino",pildora: usuarias nuevas,2015-09-01,0,7,20,3,0,30
TUPIZA,"anticoncepcion, prevencion de its y de cancer de cuello uterino",pildora: usuarias nuevas,2015-09-01,0,1,2,1,0,4
UNCIA,"anticoncepcion, prevencion de its y de cancer de cuello uterino",pildora: usuarias nuevas,2015-09-01,0,2,5,1,0,8
URIONDO (A. CONCEPCION),"anticoncepcion, prevencion de its y de cancer de cuello uterino",pildora: usuarias nuevas,2015-09-01,0,2,2,1,0,5
URUBICHA,"anticoncepcion, prevencion de its y de cancer de cuello uterino",pildora: usuarias nuevas,2015-09-01,0,0,1,0,0,1
UYUNI,"anticoncepcion, prevencion de its y de cancer de cuello uterino",pildora: usuarias nuevas,2015-09-01,0,0,2,1,0,3
VACAS,"anticoncepcion, prevencion de its y de cancer de cuello uterino",pildora: usuarias nuevas,2015-09-01,0,1,1,0,0,2
VALLEGRANDE,"anticoncepcion, prevencion de its y de cancer de cuello uterino",pildora: usuarias nuevas,2015-09-01,0,0,4,3,0,7
VIACHA,"anticoncepcion, prevencion de its y de cancer de cuello uterino",pildora: usuarias nuevas,2015-09-01,0,3,21,2,0,26
VILLA CHARCAS,"anticoncepcion, prevencion de its y de cancer de cuello uterino",pildora: usuarias nuevas,2015-09-01,0,1,3,0,0,4
VILLA MONTES,"anticoncepcion, prevencion de its y de cancer de cuello uterino",pildora: usuarias nuevas,2015-09-01,0,3,6,6,0,15
VILLA NUEVA (LOMA ALTA),"anticoncepcion, prevencion de its y de cancer de cuello uterino",pildora: usuarias nuevas,2015-09-01,1,1,1,0,0,3
VILLA TUNARI,"anticoncepcion, prevencion de its y de cancer de cuello uterino",pildora: usuarias nuevas,2015-09-01,1,6,25,9,0,41
VILLA VACA GUZMAN (MUYUPAMPA),"anticoncepcion, prevencion de its y de cancer de cuello uterino",pildora: usuarias nuevas,2015-09-01,0,1,2,0,0,3
VILLAZON,"anticoncepcion, prevencion de its y de cancer de cuello uterino",pildora: usuarias nuevas,2015-09-01,0,0,6,3,0,9
VINTO,"anticoncepcion, prevencion de its y de cancer de cuello uterino",pildora: usuarias nuevas,2015-09-01,0,0,7,2,0,9
VITICHI,"anticoncepcion, prevencion de its y de cancer de cuello uterino",pildora: usuarias nuevas,2015-09-01,0,0,3,1,0,4
WARNES,"anticoncepcion, prevencion de its y de cancer de cuello uterino",pildora: usuarias nuevas,2015-09-01,0,5,28,4,0,37
YACUIBA,"anticoncepcion, prevencion de its y de cancer de cuello uterino",pildora: usuarias nuevas,2015-09-01,0,6,11,2,0,19
YANACACHI,"anticoncepcion, prevencion de its y de cancer de cuello uterino",pildora: usuarias nuevas,2015-09-01,0,0,0,1,0,1
YAPACANI,"anticoncepcion, prevencion de its y de cancer de cuello uterino",pildora: usuarias nuevas,2015-09-01,1,2,13,5,0,21
YOCALLA,"anticoncepcion, prevencion de its y de cancer de cuello uterino",pildora: usuarias nuevas,2015-09-01,0,0,3,1,0,4
YOTALA,"anticoncepcion, prevencion de its y de cancer de cuello uterino",pildora: usuarias nuevas,2015-09-01,1,2,0,1,0,4
YUNCHARA,"anticoncepcion, prevencion de its y de cancer de cuello uterino",pildora: usuarias nuevas,2015-09-01,0,1,3,0,0,4
ZUDAÑEZ,"anticoncepcion, prevencion de its y de cancer de cuello uterino",pildora: usuarias nuevas,2015-09-01,0,0,1,0,0,1
ACACIO,"anticoncepcion, prevencion de its y de cancer de cuello uterino",pildora: usuarias nuevas,2015-10-01,0,0,1,0,0,1
ACHOCALLA,"anticoncepcion, prevencion de its y de cancer de cuello uterino",pildora: usuarias nuevas,2015-10-01,0,0,2,0,0,2
AIQUILE,"anticoncepcion, prevencion de its y de cancer de cuello uterino",pildora: usuarias nuevas,2015-10-01,0,4,8,2,0,14
ALCALA,"anticoncepcion, prevencion de its y de cancer de cuello uterino",pildora: usuarias nuevas,2015-10-01,0,0,1,0,0,1
ALTO BENI,"anticoncepcion, prevencion de its y de cancer de cuello uterino",pildora: usuarias nuevas,2015-10-01,0,0,1,0,0,1
ANDAMARCA,"anticoncepcion, prevencion de its y de cancer de cuello uterino",pildora: usuarias nuevas,2015-10-01,0,0,2,0,0,2
ANTEQUERA,"anticoncepcion, prevencion de its y de cancer de cuello uterino",pildora: usuarias nuevas,2015-10-01,0,0,1,0,0,1
APOLO,"anticoncepcion, prevencion de its y de cancer de cuello uterino",pildora: usuarias nuevas,2015-10-01,1,0,1,0,0,2
ARAMPAMPA,"anticoncepcion, prevencion de its y de cancer de cuello uterino",pildora: usuarias nuevas,2015-10-01,0,1,2,0,0,3
ARANI,"anticoncepcion, prevencion de its y de cancer de cuello uterino",pildora: usuarias nuevas,2015-10-01,0,0,2,0,0,2
ARBIETO,"anticoncepcion, prevencion de its y de cancer de cuello uterino",pildora: usuarias nuevas,2015-10-01,0,2,7,1,1,11
ARQUE,"anticoncepcion, prevencion de its y de cancer de cuello uterino",pildora: usuarias nuevas,2015-10-01,0,2,1,1,0,4
ASCENCION DE GUARAYOS,"anticoncepcion, prevencion de its y de cancer de cuello uterino",pildora: usuarias nuevas,2015-10-01,1,5,12,2,0,20
ATOCHA,"anticoncepcion, prevencion de its y de cancer de cuello uterino",pildora: usuarias nuevas,2015-10-01,0,2,6,0,0,8
AYO AYO,"anticoncepcion, prevencion de its y de cancer de cuello uterino",pildora: usuarias nuevas,2015-10-01,0,0,1,1,0,2
AYOPAYA (V. DE INDEPENDENCIA),"anticoncepcion, prevencion de its y de cancer de cuello uterino",pildora: usuarias nuevas,2015-10-01,0,4,7,1,0,12
AZURDUY,"anticoncepcion, prevencion de its y de cancer de cuello uterino",pildora: usuarias nuevas,2015-10-01,0,0,3,1,0,4
BATALLAS,"anticoncepcion, prevencion de its y de cancer de cuello uterino",pildora: usuarias nuevas,2015-10-01,0,0,0,1,0,1
BAURES,"anticoncepcion, prevencion de its y de cancer de cuello uterino",pildora: usuarias nuevas,2015-10-01,0,1,0,0,0,1
BELLA FLOR,"anticoncepcion, prevencion de its y de cancer de cuello uterino",pildora: usuarias nuevas,2015-10-01,0,1,1,0,0,2
BERMEJO,"anticoncepcion, prevencion de its y de cancer de cuello uterino",pildora: usuarias nuevas,2015-10-01,0,4,23,3,0,30
BETANZOS,"anticoncepcion, prevencion de its y de cancer de cuello uterino",pildora: usuarias nuevas,2015-10-01,0,0,1,1,0,2
BUENA VISTA,"anticoncepcion, prevencion de its y de cancer de cuello uterino",pildora: usuarias nuevas,2015-10-01,0,1,3,2,0,6
CABEZAS,"anticoncepcion, prevencion de its y de cancer de cuello uterino",pildora: usuarias nuevas,2015-10-01,1,3,8,2,0,14
CAIROMA,"anticoncepcion, prevencion de its y de cancer de cuello uterino",pildora: usuarias nuevas,2015-10-01,0,3,0,1,0,4
CAJUATA,"anticoncepcion, prevencion de its y de cancer de cuello uterino",pildora: usuarias nuevas,2015-10-01,0,0,3,0,0,3
CAMARGO,"anticoncepcion, prevencion de its y de cancer de cuello uterino",pildora: usuarias nuevas,2015-10-01,0,1,1,0,0,2
CAMIRI,"anticoncepcion, prevencion de its y de cancer de cuello uterino",pildora: usuarias nuevas,2015-10-01,0,1,6,2,0,9
CAQUIAVIRI,"anticoncepcion, prevencion de its y de cancer de cuello uterino",pildora: usuarias nuevas,2015-10-01,0,0,0,2,0,2
CARACOLLO,"anticoncepcion, prevencion de its y de cancer de cuello uterino",pildora: usuarias nuevas,2015-10-01,0,0,1,0,0,1
CARANAVI,"anticoncepcion, prevencion de its y de cancer de cuello uterino",pildora: usuarias nuevas,2015-10-01,0,1,8,1,0,10
CARAPARI,"anticoncepcion, prevencion de its y de cancer de cuello uterino",pildora: usuarias nuevas,2015-10-01,0,2,2,2,1,7
CARIPUYO,"anticoncepcion, prevencion de its y de cancer de cuello uterino",pildora: usuarias nuevas,2015-10-01,0,0,5,0,0,5
CHALLAPATA,"anticoncepcion, prevencion de its y de cancer de cuello uterino",pildora: usuarias nuevas,2015-10-01,0,0,2,1,0,3
CHAQUI,"anticoncepcion, prevencion de its y de cancer de cuello uterino",pildora: usuarias nuevas,2015-10-01,0,0,1,1,0,2
CHARAGUA,"anticoncepcion, prevencion de its y de cancer de cuello uterino",pildora: usuarias nuevas,2015-10-01,0,0,7,1,0,8
CHAYANTA,"anticoncepcion, prevencion de its y de cancer de cuello uterino",pildora: usuarias nuevas,2015-10-01,0,1,0,0,0,1
CHIMORE,"anticoncepcion, prevencion de its y de cancer de cuello uterino",pildora: usuarias nuevas,2015-10-01,1,3,4,0,0,8
CHULUMANI (V. DE LA LIBERTAD),"anticoncepcion, prevencion de its y de cancer de cuello uterino",pildora: usuarias nuevas,2015-10-01,0,1,1,0,0,2
CHUMA,"anticoncepcion, prevencion de its y de cancer de cuello uterino",pildora: usuarias nuevas,2015-10-01,0,0,0,1,0,1
CHUQUIHUTA AYLLU JUCUMANI,"anticoncepcion, prevencion de its y de cancer de cuello uterino",pildora: usuarias nuevas,2015-10-01,0,0,1,0,0,1
CLIZA,"anticoncepcion, prevencion de its y de cancer de cuello uterino",pildora: usuarias nuevas,2015-10-01,0,1,5,0,0,6
COBIJA,"anticoncepcion, prevencion de its y de cancer de cuello uterino",pildora: usuarias nuevas,2015-10-01,2,1,12,1,0,16
COCAPATA,"anticoncepcion, prevencion de its y de cancer de cuello uterino",pildora: usuarias nuevas,2015-10-01,0,1,24,1,0,26
COCHABAMBA,"anticoncepcion, prevencion de its y de cancer de cuello uterino",pildora: usuarias nuevas,2015-10-01,0,16,206,19,0,241
COLCAPIRHUA,"anticoncepcion, prevencion de its y de cancer de cuello uterino",pildora: usuarias nuevas,2015-10-01,0,0,7,3,0,10
"COLCHA ""K""","anticoncepcion, prevencion de its y de cancer de cuello uterino",pildora: usuarias nuevas,2015-10-01,0,2,1,0,0,3
COLLANA,"anticoncepcion, prevencion de its y de cancer de cuello uterino",pildora: usuarias nuevas,2015-10-01,0,0,0,1,0,1
COLOMI,"anticoncepcion, prevencion de its y de cancer de cuello uterino",pildora: usuarias nuevas,2015-10-01,0,5,2,1,0,8
COLPA BELGICA,"anticoncepcion, prevencion de its y de cancer de cuello uterino",pildora: usuarias nuevas,2015-10-01,0,1,1,1,0,3
COLQUECHACA,"anticoncepcion, prevencion de its y de cancer de cuello uterino",pildora: usuarias nuevas,2015-10-01,0,1,1,2,0,4
COLQUENCHA,"anticoncepcion, prevencion de its y de cancer de cuello uterino",pildora: usuarias nuevas,2015-10-01,0,1,2,0,0,3
COLQUIRI,"anticoncepcion, prevencion de its y de cancer de cuello uterino",pildora: usuarias nuevas,2015-10-01,0,2,5,1,0,8
COMARAPA,"anticoncepcion, prevencion de its y de cancer de cuello uterino",pildora: usuarias nuevas,2015-10-01,0,0,1,1,0,2
CONCEPCION,"anticoncepcion, prevencion de its y de cancer de cuello uterino",pildora: usuarias nuevas,2015-10-01,0,1,2,0,0,3
COPACABANA,"anticoncepcion, prevencion de its y de cancer de cuello uterino",pildora: usuarias nuevas,2015-10-01,0,1,0,0,0,1
COROICO,"anticoncepcion, prevencion de its y de cancer de cuello uterino",pildora: usuarias nuevas,2015-10-01,0,0,0,1,0,1
CORQUE,"anticoncepcion, prevencion de its y de cancer de cuello uterino",pildora: usuarias nuevas,2015-10-01,0,0,1,0,0,1
COTAGAITA,"anticoncepcion, prevencion de its y de cancer de cuello uterino",pildora: usuarias nuevas,2015-10-01,0,2,1,1,0,4
COTOCA,"anticoncepcion, prevencion de its y de cancer de cuello uterino",pildora: usuarias nuevas,2015-10-01,0,5,5,0,0,10
CUATRO CAÑADAS,"anticoncepcion, prevencion de its y de cancer de cuello uterino",pildora: usuarias nuevas,2015-10-01,0,3,8,3,0,14
CUEVO,"anticoncepcion, prevencion de its y de cancer de cuello uterino",pildora: usuarias nuevas,2015-10-01,0,0,4,0,0,4
CULPINA,"anticoncepcion, prevencion de its y de cancer de cuello uterino",pildora: usuarias nuevas,2015-10-01,0,0,4,2,0,6
CURVA,"anticoncepcion, prevencion de its y de cancer de cuello uterino",pildora: usuarias nuevas,2015-10-01,0,1,6,1,0,8
DESAGUADERO,"anticoncepcion, prevencion de its y de cancer de cuello uterino",pildora: usuarias nuevas,2015-10-01,0,0,1,1,0,2
EL ALTO,"anticoncepcion, prevencion de its y de cancer de cuello uterino",pildora: usuarias nuevas,2015-10-01,0,14,134,39,0,187
EL PUENTE(STC),"anticoncepcion, prevencion de its y de cancer de cuello uterino",pildora: usuarias nuevas,2015-10-01,0,0,6,2,0,8
EL PUENTE(TJA),"anticoncepcion, prevencion de its y de cancer de cuello uterino",pildora: usuarias nuevas,2015-10-01,0,3,3,1,0,7
EL TORNO,"anticoncepcion, prevencion de its y de cancer de cuello uterino",pildora: usuarias nuevas,2015-10-01,2,8,16,4,0,30
EL VILLAR,"anticoncepcion, prevencion de its y de cancer de cuello uterino",pildora: usuarias nuevas,2015-10-01,0,0,11,5,0,16
ENTRE RIOS TRJ,"anticoncepcion, prevencion de its y de cancer de cuello uterino",pildora: usuarias nuevas,2015-10-01,0,4,5,3,0,12
ENTRE RIOS CBBA,"anticoncepcion, prevencion de its y de cancer de cuello uterino",pildora: usuarias nuevas,2015-10-01,0,1,4,1,0,6
ESCOMA,"anticoncepcion, prevencion de its y de cancer de cuello uterino",pildora: usuarias nuevas,2015-10-01,0,1,2,0,0,3
EUREKA (SANTOS MERCADO),"anticoncepcion, prevencion de its y de cancer de cuello uterino",pildora: usuarias nuevas,2015-10-01,1,0,2,0,0,3
EXALTACION,"anticoncepcion, prevencion de its y de cancer de cuello uterino",pildora: usuarias nuevas,2015-10-01,0,1,0,0,0,1
FERNANDEZ ALONSO,"anticoncepcion, prevencion de its y de cancer de cuello uterino",pildora: usuarias nuevas,2015-10-01,0,0,2,2,0,4
FILADELFIA,"anticoncepcion, prevencion de its y de cancer de cuello uterino",pildora: usuarias nuevas,2015-10-01,1,1,2,0,0,4
GENERAL SAAVEDRA,"anticoncepcion, prevencion de its y de cancer de cuello uterino",pildora: usuarias nuevas,2015-10-01,0,1,5,0,0,6
GUAQUI,"anticoncepcion, prevencion de its y de cancer de cuello uterino",pildora: usuarias nuevas,2015-10-01,0,0,5,1,0,6
GUAYARAMERIN,"anticoncepcion, prevencion de its y de cancer de cuello uterino",pildora: usuarias nuevas,2015-10-01,1,2,4,2,0,9
GUTIERREZ,"anticoncepcion, prevencion de its y de cancer de cuello uterino",pildora: usuarias nuevas,2015-10-01,0,1,0,0,0,1
HUACARETA,"anticoncepcion, prevencion de its y de cancer de cuello uterino",pildora: usuarias nuevas,2015-10-01,0,0,3,2,0,5
HUACAYA (VILLA DE HUACAYA),"anticoncepcion, prevencion de its y de cancer de cuello uterino",pildora: usuarias nuevas,2015-10-01,0,0,1,1,0,2
HUACHACALLA,"anticoncepcion, prevencion de its y de cancer de cuello uterino",pildora: usuarias nuevas,2015-10-01,0,1,0,0,0,1
HUANUNI,"anticoncepcion, prevencion de its y de cancer de cuello uterino",pildora: usuarias nuevas,2015-10-01,0,1,4,2,0,7
HUARACAJE,"anticoncepcion, prevencion de its y de cancer de cuello uterino",pildora: usuarias nuevas,2015-10-01,0,1,5,3,0,9
HUMANATA,"anticoncepcion, prevencion de its y de cancer de cuello uterino",pildora: usuarias nuevas,2015-10-01,0,0,1,0,0,1
ICLA,"anticoncepcion, prevencion de its y de cancer de cuello uterino",pildora: usuarias nuevas,2015-10-01,0,4,2,4,0,10
INCAHUASI,"anticoncepcion, prevencion de its y de cancer de cuello uterino",pildora: usuarias nuevas,2015-10-01,0,1,3,1,0,5
INQUISIVI,"anticoncepcion, prevencion de its y de cancer de cuello uterino",pildora: usuarias nuevas,2015-10-01,0,0,1,0,0,1
IRUPANA (VILLA DE LANZA),"anticoncepcion, prevencion de its y de cancer de cuello uterino",pildora: usuarias nuevas,2015-10-01,0,1,5,5,0,11
JESUS DE MACHACA,"anticoncepcion, prevencion de its y de cancer de cuello uterino",pildora: usuarias nuevas,2015-10-01,0,0,2,0,0,2
LA ASUNTA,"anticoncepcion, prevencion de its y de cancer de cuello uterino",pildora: usuarias nuevas,2015-10-01,0,1,5,1,0,7
LA GUARDIA,"anticoncepcion, prevencion de its y de cancer de cuello uterino",pildora: usuarias nuevas,2015-10-01,2,4,46,14,0,66
LA PAZ,"anticoncepcion, prevencion de its y de cancer de cuello uterino",pildora: usuarias nuevas,2015-10-01,0,11,143,27,1,182
LAGUNILLAS,"anticoncepcion, prevencion de its y de cancer de cuello uterino",pildora: usuarias nuevas,2015-10-01,0,0,2,1,0,3
LAJA,"anticoncepcion, prevencion de its y de cancer de cuello uterino",pildora: usuarias nuevas,2015-10-01,0,1,3,2,0,6
LLALLAGUA,"anticoncepcion, prevencion de its y de cancer de cuello uterino",pildora: usuarias nuevas,2015-10-01,0,3,10,1,0,14
LLICA,"anticoncepcion, prevencion de its y de cancer de cuello uterino",pildora: usuarias nuevas,2015-10-01,0,0,1,0,0,1
LORETO,"anticoncepcion, prevencion de its y de cancer de cuello uterino",pildora: usuarias nuevas,2015-10-01,0,2,2,2,0,6
LURIBAY,"anticoncepcion, prevencion de its y de cancer de cuello uterino",pildora: usuarias nuevas,2015-10-01,0,0,0,1,0,1
MACHARETI,"anticoncepcion, prevencion de its y de cancer de cuello uterino",pildora: usuarias nuevas,2015-10-01,0,0,5,2,0,7
MAGDALENA,"anticoncepcion, prevencion de its y de cancer de cuello uterino",pildora: usuarias nuevas,2015-10-01,0,1,6,0,0,7
MAIRANA,"anticoncepcion, prevencion de its y de cancer de cuello uterino",pildora: usuarias nuevas,2015-10-01,0,1,1,0,0,2
MAPIRI,"anticoncepcion, prevencion de its y de cancer de cuello uterino",pildora: usuarias nuevas,2015-10-01,0,1,1,1,0,3
MINEROS,"anticoncepcion, prevencion de its y de cancer de cuello uterino",pildora: usuarias nuevas,2015-10-01,0,1,4,0,0,5
MIZQUE,"anticoncepcion, prevencion de its y de cancer de cuello uterino",pildora: usuarias nuevas,2015-10-01,0,0,7,3,0,10
MOCOMOCO,"anticoncepcion, prevencion de its y de cancer de cuello uterino",pildora: usuarias nuevas,2015-10-01,0,0,2,0,0,2
MOJOCOYA,"anticoncepcion, prevencion de its y de cancer de cuello uterino",pildora: usuarias nuevas,2015-10-01,0,0,1,0,0,1
MONTEAGUDO,"anticoncepcion, prevencion de its y de cancer de cuello uterino",pildora: usuarias nuevas,2015-10-01,1,1,7,0,0,9
MONTERO,"anticoncepcion, prevencion de its y de cancer de cuello uterino",pildora: usuarias nuevas,2015-10-01,0,3,16,2,0,21
MORO MORO,"anticoncepcion, prevencion de its y de cancer de cuello uterino",pildora: usuarias nuevas,2015-10-01,0,0,12,13,0,25
MOROCHATA,"anticoncepcion, prevencion de its y de cancer de cuello uterino",pildora: usuarias nuevas,2015-10-01,0,3,2,2,0,7
NACEBE (SANTA ROSA DEL ABUNA),"anticoncepcion, prevencion de its y de cancer de cuello uterino",pildora: usuarias nuevas,2015-10-01,0,0,1,0,0,1
NUEVO MANOA (NUEVA ESPERANZA),"anticoncepcion, prevencion de its y de cancer de cuello uterino",pildora: usuarias nuevas,2015-10-01,0,0,1,0,0,1
OCURI,"anticoncepcion, prevencion de its y de cancer de cuello uterino",pildora: usuarias nuevas,2015-10-01,0,0,6,4,0,10
OKINAWA,"anticoncepcion, prevencion de its y de cancer de cuello uterino",pildora: usuarias nuevas,2015-10-01,1,1,1,1,0,4
OMEREQUE,"anticoncepcion, prevencion de its y de cancer de cuello uterino",pildora: usuarias nuevas,2015-10-01,0,0,1,0,0,1
ORURO,"anticoncepcion, prevencion de its y de cancer de cuello uterino",pildora: usuarias nuevas,2015-10-01,0,8,75,26,0,109
PADCAYA,"anticoncepcion, prevencion de its y de cancer de cuello uterino",pildora: usuarias nuevas,2015-10-01,0,3,2,0,0,5
PADILLA,"anticoncepcion, prevencion de its y de cancer de cuello uterino",pildora: usuarias nuevas,2015-10-01,0,1,4,1,0,6
PAILON,"anticoncepcion, prevencion de its y de cancer de cuello uterino",pildora: usuarias nuevas,2015-10-01,0,4,7,0,0,11
PALCA,"anticoncepcion, prevencion de its y de cancer de cuello uterino",pildora: usuarias nuevas,2015-10-01,0,1,2,0,0,3
PALOS BLANCOS,"anticoncepcion, prevencion de its y de cancer de cuello uterino",pildora: usuarias nuevas,2015-10-01,0,0,7,1,0,8
PAMPA GRANDE,"anticoncepcion, prevencion de its y de cancer de cuello uterino",pildora: usuarias nuevas,2015-10-01,0,1,1,0,0,2
PAPEL PAMPA,"anticoncepcion, prevencion de its y de cancer de cuello uterino",pildora: usuarias nuevas,2015-10-01,0,1,1,1,0,3
PASORAPA,"anticoncepcion, prevencion de its y de cancer de cuello uterino",pildora: usuarias nuevas,2015-10-01,0,1,4,0,1,6
PATACAMAYA,"anticoncepcion, prevencion de its y de cancer de cuello uterino",pildora: usuarias nuevas,2015-10-01,0,0,1,0,0,1
PAZÑA,"anticoncepcion, prevencion de its y de cancer de cuello uterino",pildora: usuarias nuevas,2015-10-01,0,0,8,0,0,8
PELECHUCO,"anticoncepcion, prevencion de its y de cancer de cuello uterino",pildora: usuarias nuevas,2015-10-01,0,1,2,0,0,3
POCOATA,"anticoncepcion, prevencion de its y de cancer de cuello uterino",pildora: usuarias nuevas,2015-10-01,0,1,3,5,0,9
POCONA,"anticoncepcion, prevencion de its y de cancer de cuello uterino",pildora: usuarias nuevas,2015-10-01,0,0,6,0,0,6
POJO (CBBA),"anticoncepcion, prevencion de its y de cancer de cuello uterino",pildora: usuarias nuevas,2015-10-01,0,0,2,0,0,2
POOPO,"anticoncepcion, prevencion de its y de cancer de cuello uterino",pildora: usuarias nuevas,2015-10-01,0,0,1,0,0,1
PORCO,"anticoncepcion, prevencion de its y de cancer de cuello uterino",pildora: usuarias nuevas,2015-10-01,0,1,1,0,0,2
POROMA,"anticoncepcion, prevencion de its y de cancer de cuello uterino",pildora: usuarias nuevas,2015-10-01,0,1,3,1,0,5
PORONGO,"anticoncepcion, prevencion de its y de cancer de cuello uterino",pildora: usuarias nuevas,2015-10-01,0,3,11,4,0,18
PORTACHUELO,"anticoncepcion, prevencion de its y de cancer de cuello uterino",pildora: usuarias nuevas,2015-10-01,0,0,3,0,0,3
PORVENIR,"anticoncepcion, prevencion de its y de cancer de cuello uterino",pildora: usuarias nuevas,2015-10-01,0,0,1,1,0,2
POTOSI,"anticoncepcion, prevencion de its y de cancer de cuello uterino",pildora: usuarias nuevas,2015-10-01,0,7,19,10,1,37
PRESTO,"anticoncepcion, prevencion de its y de cancer de cuello uterino",pildora: usuarias nuevas,2015-10-01,0,2,2,0,0,4
PUCARANI,"anticoncepcion, prevencion de its y de cancer de cuello uterino",pildora: usuarias nuevas,2015-10-01,0,0,3,1,0,4
PUERTO ACOSTA,"anticoncepcion, prevencion de its y de cancer de cuello uterino",pildora: usuarias nuevas,2015-10-01,0,0,0,1,0,1
PUERTO CARABUCO,"anticoncepcion, prevencion de its y de cancer de cuello uterino",pildora: usuarias nuevas,2015-10-01,0,1,1,0,0,2
PUERTO GONZALO MORENO,"anticoncepcion, prevencion de its y de cancer de cuello uterino",pildora: usuarias nuevas,2015-10-01,0,1,0,0,0,1
PUERTO PEREZ,"anticoncepcion, prevencion de its y de cancer de cuello uterino",pildora: usuarias nuevas,2015-10-01,0,0,1,0,0,1
PUERTO RICO,"anticoncepcion, prevencion de its y de cancer de cuello uterino",pildora: usuarias nuevas,2015-10-01,0,0,2,0,0,2
PUERTO SILES,"anticoncepcion, prevencion de its y de cancer de cuello uterino",pildora: usuarias nuevas,2015-10-01,0,1,3,0,0,4
PUERTO SUAREZ,"anticoncepcion, prevencion de its y de cancer de cuello uterino",pildora: usuarias nuevas,2015-10-01,1,2,6,0,0,9
PUERTO VILLARROEL,"anticoncepcion, prevencion de its y de cancer de cuello uterino",pildora: usuarias nuevas,2015-10-01,0,4,8,2,0,14
PUNA,"anticoncepcion, prevencion de its y de cancer de cuello uterino",pildora: usuarias nuevas,2015-10-01,0,1,10,0,0,11
PUNATA,"anticoncepcion, prevencion de its y de cancer de cuello uterino",pildora: usuarias nuevas,2015-10-01,0,3,2,0,0,5
QUILLACOLLO,"anticoncepcion, prevencion de its y de cancer de cuello uterino",pildora: usuarias nuevas,2015-10-01,0,11,53,7,0,71
RAVELO,"anticoncepcion, prevencion de its y de cancer de cuello uterino",pildora: usuarias nuevas,2015-10-01,0,0,3,4,0,7
REYES,"anticoncepcion, prevencion de its y de cancer de cuello uterino",pildora: usuarias nuevas,2015-10-01,3,6,20,13,0,42
RIBERALTA,"anticoncepcion, prevencion de its y de cancer de cuello uterino",pildora: usuarias nuevas,2015-10-01,3,18,45,8,0,74
ROBORE,"anticoncepcion, prevencion de its y de cancer de cuello uterino",pildora: usuarias nuevas,2015-10-01,0,2,6,1,0,9
RURRENABAQUE,"anticoncepcion, prevencion de its y de cancer de cuello uterino",pildora: usuarias nuevas,2015-10-01,1,1,3,0,0,5
SABAYA,"anticoncepcion, prevencion de its y de cancer de cuello uterino",pildora: usuarias nuevas,2015-10-01,0,1,1,0,0,2
SACABA,"anticoncepcion, prevencion de its y de cancer de cuello uterino",pildora: usuarias nuevas,2015-10-01,0,2,15,3,0,20
SACACA,"anticoncepcion, prevencion de its y de cancer de cuello uterino",pildora: usuarias nuevas,2015-10-01,0,1,3,1,0,5
SAIPINA,"anticoncepcion, prevencion de its y de cancer de cuello uterino",pildora: usuarias nuevas,2015-10-01,0,0,1,1,0,2
SALINAS DE GARCI MENDOZA,"anticoncepcion, prevencion de its y de cancer de cuello uterino",pildora: usuarias nuevas,2015-10-01,0,0,2,0,0,2
SAMAIPATA,"anticoncepcion, prevencion de its y de cancer de cuello uterino",pildora: usuarias nuevas,2015-10-01,0,0,2,0,0,2
SAN ANDRES,"anticoncepcion, prevencion de its y de cancer de cuello uterino",pildora: usuarias nuevas,2015-10-01,1,2,11,1,0,15
SAN ANTONIO DE LOMERIO,"anticoncepcion, prevencion de its y de cancer de cuello uterino",pildora: usuarias nuevas,2015-10-01,0,1,1,0,0,2
SAN BORJA,"anticoncepcion, prevencion de its y de cancer de cuello uterino",pildora: usuarias nuevas,2015-10-01,0,3,5,1,0,9
SAN CARLOS,"anticoncepcion, prevencion de its y de cancer de cuello uterino",pildora: usuarias nuevas,2015-10-01,1,2,6,0,0,9
SAN IGNACIO,"anticoncepcion, prevencion de its y de cancer de cuello uterino",pildora: usuarias nuevas,2015-10-01,0,5,47,16,0,68
SAN IGNACIO DE VELASCO,"anticoncepcion, prevencion de its y de cancer de cuello uterino",pildora: usuarias nuevas,2015-10-01,0,1,3,1,0,5
SAN JAVIER(BNI),"anticoncepcion, prevencion de its y de cancer de cuello uterino",pildora: usuarias nuevas,2015-10-01,0,0,3,0,0,3
SAN JAVIER(STC),"anticoncepcion, prevencion de its y de cancer de cuello uterino",pildora: usuarias nuevas,2015-10-01,0,3,6,0,0,9
SAN JOSE DE CHIQUITOS,"anticoncepcion, prevencion de its y de cancer de cuello uterino",pildora: usuarias nuevas,2015-10-01,0,2,6,1,0,9
SAN JUAN DE YAPACANI,"anticoncepcion, prevencion de its y de cancer de cuello uterino",pildora: usuarias nuevas,2015-10-01,0,0,3,2,0,5
SAN JULIAN,"anticoncepcion, prevencion de its y de cancer de cuello uterino",pildora: usuarias nuevas,2015-10-01,0,4,13,2,0,19
SAN LORENZO(PND),"anticoncepcion, prevencion de its y de cancer de cuello uterino",pildora: usuarias nuevas,2015-10-01,0,0,1,0,0,1
SAN LORENZO(TJA),"anticoncepcion, prevencion de its y de cancer de cuello uterino",pildora: usuarias nuevas,2015-10-01,0,3,6,0,0,9
SAN LUCAS,"anticoncepcion, prevencion de its y de cancer de cuello uterino",pildora: usuarias nuevas,2015-10-01,0,1,3,1,0,5
SAN MATIAS,"anticoncepcion, prevencion de its y de cancer de cuello uterino",pildora: usuarias nuevas,2015-10-01,0,0,1,1,0,2
SAN MIGUEL DE VELASCO,"anticoncepcion, prevencion de its y de cancer de cuello uterino",pildora: usuarias nuevas,2015-10-01,0,1,0,0,0,1
SAN PEDRO,"anticoncepcion, prevencion de its y de cancer de cuello uterino",pildora: usuarias nuevas,2015-10-01,0,2,5,3,0,10
SAN PEDRO DE BUENA VISTA,"anticoncepcion, prevencion de its y de cancer de cuello uterino",pildora: usuarias nuevas,2015-10-01,0,0,2,2,0,4
SAN PEDRO DE CURAHUARA,"anticoncepcion, prevencion de its y de cancer de cuello uterino",pildora: usuarias nuevas,2015-10-01,0,0,0,3,0,3
SAN PEDRO DE QUEMES,"anticoncepcion, prevencion de its y de cancer de cuello uterino",pildora: usuarias nuevas,2015-10-01,0,0,1,0,0,1
SAN PEDRO DE TIQUINA,"anticoncepcion, prevencion de its y de cancer de cuello uterino",pildora: usuarias nuevas,2015-10-01,0,1,0,0,0,1
SAN RAFAEL,"anticoncepcion, prevencion de its y de cancer de cuello uterino",pildora: usuarias nuevas,2015-10-01,0,0,2,0,0,2
SAN RAMON BENI,"anticoncepcion, prevencion de its y de cancer de cuello uterino",pildora: usuarias nuevas,2015-10-01,0,0,9,0,0,9
SAN RAMON SCZ,"anticoncepcion, prevencion de its y de cancer de cuello uterino",pildora: usuarias nuevas,2015-10-01,0,3,7,1,0,11
SANTA ANA,"anticoncepcion, prevencion de its y de cancer de cuello uterino",pildora: usuarias nuevas,2015-10-01,0,2,8,1,0,11
SANTA CRUZ DE LA SIERRA,"anticoncepcion, prevencion de its y de cancer de cuello uterino",pildora: usuarias nuevas,2015-10-01,4,121,220,59,0,404
SANTA ROSA,"anticoncepcion, prevencion de its y de cancer de cuello uterino",pildora: usuarias nuevas,2015-10-01,0,1,0,0,0,1
SANTA ROSA DEL SARA,"anticoncepcion, prevencion de its y de cancer de cuello uterino",pildora: usuarias nuevas,2015-10-01,0,2,5,0,0,7
SANTIAGO DE HUARI,"anticoncepcion, prevencion de its y de cancer de cuello uterino",pildora: usuarias nuevas,2015-10-01,0,0,1,0,0,1
SANTIAGO DE HUATA,"anticoncepcion, prevencion de its y de cancer de cuello uterino",pildora: usuarias nuevas,2015-10-01,0,0,1,0,0,1
SANTIAGO DE MACHACA,"anticoncepcion, prevencion de its y de cancer de cuello uterino",pildora: usuarias nuevas,2015-10-01,0,0,2,0,0,2
SANTIVAÑES,"anticoncepcion, prevencion de its y de cancer de cuello uterino",pildora: usuarias nuevas,2015-10-01,0,0,0,1,0,1
SAPAHAQUI,"anticoncepcion, prevencion de its y de cancer de cuello uterino",pildora: usuarias nuevas,2015-10-01,0,0,0,2,0,2
SENA,"anticoncepcion, prevencion de its y de cancer de cuello uterino",pildora: usuarias nuevas,2015-10-01,0,4,3,2,0,9
SHINAOTA,"anticoncepcion, prevencion de its y de cancer de cuello uterino",pildora: usuarias nuevas,2015-10-01,0,0,2,0,0,2
SICA SICA (VILLA AROMA),"anticoncepcion, prevencion de its y de cancer de cuello uterino",pildora: usuarias nuevas,2015-10-01,1,3,3,2,0,9
SICAYA,"anticoncepcion, prevencion de its y de cancer de cuello uterino",pildora: usuarias nuevas,2015-10-01,0,0,1,0,0,1
SIPE SIPE,"anticoncepcion, prevencion de its y de cancer de cuello uterino",pildora: usuarias nuevas,2015-10-01,0,4,15,6,0,25
SOPACHUY,"anticoncepcion, prevencion de its y de cancer de cuello uterino",pildora: usuarias nuevas,2015-10-01,0,2,2,2,0,6
SORATA,"anticoncepcion, prevencion de its y de cancer de cuello uterino",pildora: usuarias nuevas,2015-10-01,0,0,1,2,0,3
SUCRE,"anticoncepcion, prevencion de its y de cancer de cuello uterino",pildora: usuarias nuevas,2015-10-01,0,9,59,17,0,85
TACOBAMBA,"anticoncepcion, prevencion de its y de cancer de cuello uterino",pildora: usuarias nuevas,2015-10-01,0,0,0,1,0,1
TAPACARI,"anticoncepcion, prevencion de its y de cancer de cuello uterino",pildora: usuarias nuevas,2015-10-01,0,0,1,0,0,1
TARABUCO,"anticoncepcion, prevencion de its y de cancer de cuello uterino",pildora: usuarias nuevas,2015-10-01,0,0,1,0,0,1
TARACO,"anticoncepcion, prevencion de its y de cancer de cuello uterino",pildora: usuarias nuevas,2015-10-01,0,1,4,0,0,5
TARATA,"anticoncepcion, prevencion de its y de cancer de cuello uterino",pildora: usuarias nuevas,2015-10-01,0,0,1,0,0,1
TARIJA,"anticoncepcion, prevencion de its y de cancer de cuello uterino",pildora: usuarias nuevas,2015-10-01,1,33,39,22,0,95
TARVITA,"anticoncepcion, prevencion de its y de cancer de cuello uterino",pildora: usuarias nuevas,2015-10-01,0,0,6,6,0,12
TEOPONTE,"anticoncepcion, prevencion de its y de cancer de cuello uterino",pildora: usuarias nuevas,2015-10-01,0,0,1,0,0,1
TIAWANACU,"anticoncepcion, prevencion de its y de cancer de cuello uterino",pildora: usuarias nuevas,2015-10-01,0,1,2,1,0,4
TINGUIPAYA,"anticoncepcion, prevencion de its y de cancer de cuello uterino",pildora: usuarias nuevas,2015-10-01,0,2,14,1,0,17
TIQUIPAYA,"anticoncepcion, prevencion de its y de cancer de cuello uterino",pildora: usuarias nuevas,2015-10-01,0,2,3,1,0,6
TIRAQUE (CBBA),"anticoncepcion, prevencion de its y de cancer de cuello uterino",pildora: usuarias nuevas,2015-10-01,0,0,1,0,0,1
TOLATA,"anticoncepcion, prevencion de its y de cancer de cuello uterino",pildora: usuarias nuevas,2015-10-01,0,0,1,0,0,1
TOMAVE,"anticoncepcion, prevencion de its y de cancer de cuello uterino",pildora: usuarias nuevas,2015-10-01,0,0,0,14,0,14
TOMINA,"anticoncepcion, prevencion de its y de cancer de cuello uterino",pildora: usuarias nuevas,2015-10-01,0,1,3,0,0,4
TORO TORO,"anticoncepcion, prevencion de its y de cancer de cuello uterino",pildora: usuarias nuevas,2015-10-01,0,2,7,4,0,13
TOTORA(CBBA),"anticoncepcion, prevencion de its y de cancer de cuello uterino",pildora: usuarias nuevas,2015-10-01,0,1,3,1,0,5
TOTORA(ORR),"anticoncepcion, prevencion de its y de cancer de cuello uterino",pildora: usuarias nuevas,2015-10-01,0,0,1,0,0,1
TRINIDAD,"anticoncepcion, prevencion de its y de cancer de cuello uterino",pildora: usuarias nuevas,2015-10-01,1,5,23,7,0,36
TUPIZA,"anticoncepcion, prevencion de its y de cancer de cuello uterino",pildora: usuarias nuevas,2015-10-01,0,0,74,0,0,74
TURCO,"anticoncepcion, prevencion de its y de cancer de cuello uterino",pildora: usuarias nuevas,2015-10-01,0,0,1,0,0,1
UNCIA,"anticoncepcion, prevencion de its y de cancer de cuello uterino",pildora: usuarias nuevas,2015-10-01,0,0,5,1,0,6
URIONDO (A. CONCEPCION),"anticoncepcion, prevencion de its y de cancer de cuello uterino",pildora: usuarias nuevas,2015-10-01,0,1,3,1,0,5
URUBICHA,"anticoncepcion, prevencion de its y de cancer de cuello uterino",pildora: usuarias nuevas,2015-10-01,0,0,2,2,0,4
UYUNI,"anticoncepcion, prevencion de its y de cancer de cuello uterino",pildora: usuarias nuevas,2015-10-01,0,0,2,1,0,3
VACAS,"anticoncepcion, prevencion de its y de cancer de cuello uterino",pildora: usuarias nuevas,2015-10-01,0,1,0,1,0,2
VALLEGRANDE,"anticoncepcion, prevencion de its y de cancer de cuello uterino",pildora: usuarias nuevas,2015-10-01,1,2,4,0,0,7
VIACHA,"anticoncepcion, prevencion de its y de cancer de cuello uterino",pildora: usuarias nuevas,2015-10-01,0,2,7,2,0,11
VILLA CHARCAS,"anticoncepcion, prevencion de its y de cancer de cuello uterino",pildora: usuarias nuevas,2015-10-01,0,1,4,0,0,5
VILLA MONTES,"anticoncepcion, prevencion de its y de cancer de cuello uterino",pildora: usuarias nuevas,2015-10-01,0,1,9,1,0,11
VILLA RIVERO,"anticoncepcion, prevencion de its y de cancer de cuello uterino",pildora: usuarias nuevas,2015-10-01,0,0,8,2,1,11
VILLA SERRANO,"anticoncepcion, prevencion de its y de cancer de cuello uterino",pildora: usuarias nuevas,2015-10-01,0,0,2,1,0,3
VILLA TUNARI,"anticoncepcion, prevencion de its y de cancer de cuello uterino",pildora: usuarias nuevas,2015-10-01,6,13,51,9,0,79
VILLA VACA GUZMAN (MUYUPAMPA),"anticoncepcion, prevencion de its y de cancer de cuello uterino",pildora: usuarias nuevas,2015-10-01,0,1,1,0,0,2
VILLAZON,"anticoncepcion, prevencion de its y de cancer de cuello uterino",pildora: usuarias nuevas,2015-10-01,0,2,6,0,0,8
VINTO,"anticoncepcion, prevencion de its y de cancer de cuello uterino",pildora: usuarias nuevas,2015-10-01,0,3,3,0,0,6
VITICHI,"anticoncepcion, prevencion de its y de cancer de cuello uterino",pildora: usuarias nuevas,2015-10-01,0,0,1,0,0,1
WARNES,"anticoncepcion, prevencion de its y de cancer de cuello uterino",pildora: usuarias nuevas,2015-10-01,0,3,17,1,0,21
YACUIBA,"anticoncepcion, prevencion de its y de cancer de cuello uterino",pildora: usuarias nuevas,2015-10-01,0,4,9,1,0,14
YAMPARAEZ,"anticoncepcion, prevencion de its y de cancer de cuello uterino",pildora: usuarias nuevas,2015-10-01,0,0,1,0,0,1
YAPACANI,"anticoncepcion, prevencion de its y de cancer de cuello uterino",pildora: usuarias nuevas,2015-10-01,0,3,10,6,0,19
YOCALLA,"anticoncepcion, prevencion de its y de cancer de cuello uterino",pildora: usuarias nuevas,2015-10-01,0,0,2,0,0,2
YOTALA,"anticoncepcion, prevencion de its y de cancer de cuello uterino",pildora: usuarias nuevas,2015-10-01,0,5,0,0,0,5
YUNCHARA,"anticoncepcion, prevencion de its y de cancer de cuello uterino",pildora: usuarias nuevas,2015-10-01,0,1,4,1,0,6
ZUDAÑEZ,"anticoncepcion, prevencion de its y de cancer de cuello uterino",pildora: usuarias nuevas,2015-10-01,1,1,0,0,0,2
ACHACACHI,"anticoncepcion, prevencion de its y de cancer de cuello uterino",pildora: usuarias nuevas,2015-11-01,0,1,0,1,0,2
ACHOCALLA,"anticoncepcion, prevencion de its y de cancer de cuello uterino",pildora: usuarias nuevas,2015-11-01,0,0,4,0,0,4
AIQUILE,"anticoncepcion, prevencion de its y de cancer de cuello uterino",pildora: usuarias nuevas,2015-11-01,0,2,7,1,0,10
ALCALA,"anticoncepcion, prevencion de its y de cancer de cuello uterino",pildora: usuarias nuevas,2015-11-01,0,0,2,0,0,2
ALTO BENI,"anticoncepcion, prevencion de its y de cancer de cuello uterino",pildora: usuarias nuevas,2015-11-01,0,1,8,2,0,11
ANCORAIMES,"anticoncepcion, prevencion de its y de cancer de cuello uterino",pildora: usuarias nuevas,2015-11-01,0,0,1,0,0,1
ANDAMARCA,"anticoncepcion, prevencion de its y de cancer de cuello uterino",pildora: usuarias nuevas,2015-11-01,0,1,1,0,0,2
APOLO,"anticoncepcion, prevencion de its y de cancer de cuello uterino",pildora: usuarias nuevas,2015-11-01,0,0,2,0,0,2
ARAMPAMPA,"anticoncepcion, prevencion de its y de cancer de cuello uterino",pildora: usuarias nuevas,2015-11-01,0,0,1,0,0,1
ARANI,"anticoncepcion, prevencion de its y de cancer de cuello uterino",pildora: usuarias nuevas,2015-11-01,0,0,0,12,0,12
ARBIETO,"anticoncepcion, prevencion de its y de cancer de cuello uterino",pildora: usuarias nuevas,2015-11-01,0,1,3,2,0,6
ARQUE,"anticoncepcion, prevencion de its y de cancer de cuello uterino",pildora: usuarias nuevas,2015-11-01,0,0,3,0,0,3
ASCENCION DE GUARAYOS,"anticoncepcion, prevencion de its y de cancer de cuello uterino",pildora: usuarias nuevas,2015-11-01,0,1,13,3,0,17
ATOCHA,"anticoncepcion, prevencion de its y de cancer de cuello uterino",pildora: usuarias nuevas,2015-11-01,0,0,1,4,0,5
AUCAPATA,"anticoncepcion, prevencion de its y de cancer de cuello uterino",pildora: usuarias nuevas,2015-11-01,0,0,0,1,0,1
AYATA,"anticoncepcion, prevencion de its y de cancer de cuello uterino",pildora: usuarias nuevas,2015-11-01,0,0,0,2,0,2
AYO AYO,"anticoncepcion, prevencion de its y de cancer de cuello uterino",pildora: usuarias nuevas,2015-11-01,1,1,1,0,0,3
AYOPAYA (V. DE INDEPENDENCIA),"anticoncepcion, prevencion de its y de cancer de cuello uterino",pildora: usuarias nuevas,2015-11-01,0,2,8,0,0,10
AZURDUY,"anticoncepcion, prevencion de its y de cancer de cuello uterino",pildora: usuarias nuevas,2015-11-01,0,0,1,0,0,1
BATALLAS,"anticoncepcion, prevencion de its y de cancer de cuello uterino",pildora: usuarias nuevas,2015-11-01,0,0,1,2,0,3
BAURES,"anticoncepcion, prevencion de its y de cancer de cuello uterino",pildora: usuarias nuevas,2015-11-01,0,0,2,0,0,2
BELEN DE URMIRI,"anticoncepcion, prevencion de its y de cancer de cuello uterino",pildora: usuarias nuevas,2015-11-01,0,0,1,0,0,1
BERMEJO,"anticoncepcion, prevencion de its y de cancer de cuello uterino",pildora: usuarias nuevas,2015-11-01,0,2,8,7,0,17
BETANZOS,"anticoncepcion, prevencion de its y de cancer de cuello uterino",pildora: usuarias nuevas,2015-11-01,0,1,1,1,0,3
BOLIVAR,"anticoncepcion, prevencion de its y de cancer de cuello uterino",pildora: usuarias nuevas,2015-11-01,0,0,1,0,0,1
BOLPEBRA,"anticoncepcion, prevencion de its y de cancer de cuello uterino",pildora: usuarias nuevas,2015-11-01,0,4,5,1,0,10
BOYUIBE,"anticoncepcion, prevencion de its y de cancer de cuello uterino",pildora: usuarias nuevas,2015-11-01,0,0,4,0,0,4
BUENA VISTA,"anticoncepcion, prevencion de its y de cancer de cuello uterino",pildora: usuarias nuevas,2015-11-01,0,3,2,0,0,5
CABEZAS,"anticoncepcion, prevencion de its y de cancer de cuello uterino",pildora: usuarias nuevas,2015-11-01,0,2,20,0,0,22
CAJUATA,"anticoncepcion, prevencion de its y de cancer de cuello uterino",pildora: usuarias nuevas,2015-11-01,0,1,7,1,0,9
CALAMARCA,"anticoncepcion, prevencion de its y de cancer de cuello uterino",pildora: usuarias nuevas,2015-11-01,0,0,1,1,0,2
CAMARGO,"anticoncepcion, prevencion de its y de cancer de cuello uterino",pildora: usuarias nuevas,2015-11-01,0,0,3,0,0,3
CAMIRI,"anticoncepcion, prevencion de its y de cancer de cuello uterino",pildora: usuarias nuevas,2015-11-01,0,0,8,0,0,8
CAPINOTA,"anticoncepcion, prevencion de its y de cancer de cuello uterino",pildora: usuarias nuevas,2015-11-01,0,0,3,0,0,3
CAQUIAVIRI,"anticoncepcion, prevencion de its y de cancer de cuello uterino",pildora: usuarias nuevas,2015-11-01,0,1,1,0,0,2
CARACOLLO,"anticoncepcion, prevencion de its y de cancer de cuello uterino",pildora: usuarias nuevas,2015-11-01,0,0,0,1,0,1
CARANAVI,"anticoncepcion, prevencion de its y de cancer de cuello uterino",pildora: usuarias nuevas,2015-11-01,0,3,2,1,0,6
CARAPARI,"anticoncepcion, prevencion de its y de cancer de cuello uterino",pildora: usuarias nuevas,2015-11-01,0,0,1,0,0,1
CARIPUYO,"anticoncepcion, prevencion de its y de cancer de cuello uterino",pildora: usuarias nuevas,2015-11-01,0,0,1,1,0,2
CARMEN RIVERO TORREZ,"anticoncepcion, prevencion de its y de cancer de cuello uterino",pildora: usuarias nuevas,2015-11-01,0,0,2,1,0,3
CHALLAPATA,"anticoncepcion, prevencion de its y de cancer de cuello uterino",pildora: usuarias nuevas,2015-11-01,0,0,2,0,0,2
CHARAGUA,"anticoncepcion, prevencion de its y de cancer de cuello uterino",pildora: usuarias nuevas,2015-11-01,0,1,4,2,0,7
CHAYANTA,"anticoncepcion, prevencion de its y de cancer de cuello uterino",pildora: usuarias nuevas,2015-11-01,0,1,0,0,0,1
CHIMORE,"anticoncepcion, prevencion de its y de cancer de cuello uterino",pildora: usuarias nuevas,2015-11-01,0,2,5,0,0,7
CHUA COCANI,"anticoncepcion, prevencion de its y de cancer de cuello uterino",pildora: usuarias nuevas,2015-11-01,0,1,8,1,0,10
CHULUMANI (V. DE LA LIBERTAD),"anticoncepcion, prevencion de its y de cancer de cuello uterino",pildora: usuarias nuevas,2015-11-01,0,0,1,0,0,1
CHUMA,"anticoncepcion, prevencion de its y de cancer de cuello uterino",pildora: usuarias nuevas,2015-11-01,0,0,0,1,0,1
CHUQUIHUTA AYLLU JUCUMANI,"anticoncepcion, prevencion de its y de cancer de cuello uterino",pildora: usuarias nuevas,2015-11-01,0,0,1,0,0,1
CLIZA,"anticoncepcion, prevencion de its y de cancer de cuello uterino",pildora: usuarias nuevas,2015-11-01,0,0,1,0,0,1
COBIJA,"anticoncepcion, prevencion de its y de cancer de cuello uterino",pildora: usuarias nuevas,2015-11-01,1,3,7,0,0,11
COCAPATA,"anticoncepcion, prevencion de its y de cancer de cuello uterino",pildora: usuarias nuevas,2015-11-01,0,0,1,2,0,3
COCHABAMBA,"anticoncepcion, prevencion de its y de cancer de cuello uterino",pildora: usuarias nuevas,2015-11-01,0,29,191,12,0,232
COLCAPIRHUA,"anticoncepcion, prevencion de its y de cancer de cuello uterino",pildora: usuarias nuevas,2015-11-01,0,0,3,3,0,6
"COLCHA ""K""","anticoncepcion, prevencion de its y de cancer de cuello uterino",pildora: usuarias nuevas,2015-11-01,0,1,4,0,0,5
COLOMI,"anticoncepcion, prevencion de its y de cancer de cuello uterino",pildora: usuarias nuevas,2015-11-01,0,3,2,0,0,5
COLPA BELGICA,"anticoncepcion, prevencion de its y de cancer de cuello uterino",pildora: usuarias nuevas,2015-11-01,0,0,2,2,0,4
COLQUECHACA,"anticoncepcion, prevencion de its y de cancer de cuello uterino",pildora: usuarias nuevas,2015-11-01,0,1,4,0,0,5
COLQUENCHA,"anticoncepcion, prevencion de its y de cancer de cuello uterino",pildora: usuarias nuevas,2015-11-01,0,0,1,1,0,2
COLQUIRI,"anticoncepcion, prevencion de its y de cancer de cuello uterino",pildora: usuarias nuevas,2015-11-01,0,0,4,0,0,4
COMARAPA,"anticoncepcion, prevencion de its y de cancer de cuello uterino",pildora: usuarias nuevas,2015-11-01,0,0,1,0,0,1
CONCEPCION,"anticoncepcion, prevencion de its y de cancer de cuello uterino",pildora: usuarias nuevas,2015-11-01,1,2,3,1,0,7
COPACABANA,"anticoncepcion, prevencion de its y de cancer de cuello uterino",pildora: usuarias nuevas,2015-11-01,0,0,1,0,0,1
CORQUE,"anticoncepcion, prevencion de its y de cancer de cuello uterino",pildora: usuarias nuevas,2015-11-01,0,0,3,0,0,3
COTAGAITA,"anticoncepcion, prevencion de its y de cancer de cuello uterino",pildora: usuarias nuevas,2015-11-01,0,1,1,1,0,3
COTOCA,"anticoncepcion, prevencion de its y de cancer de cuello uterino",pildora: usuarias nuevas,2015-11-01,0,4,14,1,0,19
CRUZ DE MACHACAMARCA,"anticoncepcion, prevencion de its y de cancer de cuello uterino",pildora: usuarias nuevas,2015-11-01,0,0,48,0,0,48
CUATRO CAÑADAS,"anticoncepcion, prevencion de its y de cancer de cuello uterino",pildora: usuarias nuevas,2015-11-01,1,8,4,1,0,14
CULPINA,"anticoncepcion, prevencion de its y de cancer de cuello uterino",pildora: usuarias nuevas,2015-11-01,0,2,2,2,0,6
CURVA,"anticoncepcion, prevencion de its y de cancer de cuello uterino",pildora: usuarias nuevas,2015-11-01,0,0,1,0,0,1
DESAGUADERO,"anticoncepcion, prevencion de its y de cancer de cuello uterino",pildora: usuarias nuevas,2015-11-01,0,1,4,1,0,6
EL ALTO,"anticoncepcion, prevencion de its y de cancer de cuello uterino",pildora: usuarias nuevas,2015-11-01,0,14,89,32,0,135
EL PUENTE(STC),"anticoncepcion, prevencion de its y de cancer de cuello uterino",pildora: usuarias nuevas,2015-11-01,1,1,0,0,0,2
EL PUENTE(TJA),"anticoncepcion, prevencion de its y de cancer de cuello uterino",pildora: usuarias nuevas,2015-11-01,0,1,3,1,0,5
EL TORNO,"anticoncepcion, prevencion de its y de cancer de cuello uterino",pildora: usuarias nuevas,2015-11-01,1,6,16,0,0,23
EL VILLAR,"anticoncepcion, prevencion de its y de cancer de cuello uterino",pildora: usuarias nuevas,2015-11-01,0,0,3,0,0,3
ENTRE RIOS TRJ,"anticoncepcion, prevencion de its y de cancer de cuello uterino",pildora: usuarias nuevas,2015-11-01,1,2,4,2,0,9
ENTRE RIOS CBBA,"anticoncepcion, prevencion de its y de cancer de cuello uterino",pildora: usuarias nuevas,2015-11-01,0,4,6,1,0,11
ESCOMA,"anticoncepcion, prevencion de its y de cancer de cuello uterino",pildora: usuarias nuevas,2015-11-01,0,0,1,2,0,3
EUREKA (SANTOS MERCADO),"anticoncepcion, prevencion de its y de cancer de cuello uterino",pildora: usuarias nuevas,2015-11-01,0,1,2,2,0,5
FERNANDEZ ALONSO,"anticoncepcion, prevencion de its y de cancer de cuello uterino",pildora: usuarias nuevas,2015-11-01,0,0,1,0,0,1
GENERAL SAAVEDRA,"anticoncepcion, prevencion de its y de cancer de cuello uterino",pildora: usuarias nuevas,2015-11-01,0,0,6,1,0,7
GUANAY,"anticoncepcion, prevencion de its y de cancer de cuello uterino",pildora: usuarias nuevas,2015-11-01,0,0,1,0,0,1
GUAQUI,"anticoncepcion, prevencion de its y de cancer de cuello uterino",pildora: usuarias nuevas,2015-11-01,0,1,3,0,0,4
GUAYARAMERIN,"anticoncepcion, prevencion de its y de cancer de cuello uterino",pildora: usuarias nuevas,2015-11-01,1,0,6,1,0,8
GUTIERREZ,"anticoncepcion, prevencion de its y de cancer de cuello uterino",pildora: usuarias nuevas,2015-11-01,0,0,2,3,0,5
HUACARETA,"anticoncepcion, prevencion de its y de cancer de cuello uterino",pildora: usuarias nuevas,2015-11-01,0,0,4,3,0,7
HUACHACALLA,"anticoncepcion, prevencion de its y de cancer de cuello uterino",pildora: usuarias nuevas,2015-11-01,0,0,3,0,0,3
HUANUNI,"anticoncepcion, prevencion de its y de cancer de cuello uterino",pildora: usuarias nuevas,2015-11-01,0,0,1,0,0,1
HUARACAJE,"anticoncepcion, prevencion de its y de cancer de cuello uterino",pildora: usuarias nuevas,2015-11-01,0,0,13,5,0,18
HUAYLLAMARCA,"anticoncepcion, prevencion de its y de cancer de cuello uterino",pildora: usuarias nuevas,2015-11-01,0,0,1,1,0,2
ICLA,"anticoncepcion, prevencion de its y de cancer de cuello uterino",pildora: usuarias nuevas,2015-11-01,0,1,1,0,0,2
INCAHUASI,"anticoncepcion, prevencion de its y de cancer de cuello uterino",pildora: usuarias nuevas,2015-11-01,0,0,5,2,0,7
INGAVI (HUMAITA),"anticoncepcion, prevencion de its y de cancer de cuello uterino",pildora: usuarias nuevas,2015-11-01,0,0,2,0,0,2
IRUPANA (VILLA DE LANZA),"anticoncepcion, prevencion de its y de cancer de cuello uterino",pildora: usuarias nuevas,2015-11-01,0,0,4,0,0,4
IXIAMAS,"anticoncepcion, prevencion de its y de cancer de cuello uterino",pildora: usuarias nuevas,2015-11-01,0,1,5,0,0,6
LA ASUNTA,"anticoncepcion, prevencion de its y de cancer de cuello uterino",pildora: usuarias nuevas,2015-11-01,0,2,4,3,0,9
LA GUARDIA,"anticoncepcion, prevencion de its y de cancer de cuello uterino",pildora: usuarias nuevas,2015-11-01,2,3,11,2,0,18
LA PAZ,"anticoncepcion, prevencion de its y de cancer de cuello uterino",pildora: usuarias nuevas,2015-11-01,0,11,131,13,0,155
LAGUNILLAS,"anticoncepcion, prevencion de its y de cancer de cuello uterino",pildora: usuarias nuevas,2015-11-01,0,2,3,0,0,5
LLALLAGUA,"anticoncepcion, prevencion de its y de cancer de cuello uterino",pildora: usuarias nuevas,2015-11-01,0,0,5,4,0,9
LLICA,"anticoncepcion, prevencion de its y de cancer de cuello uterino",pildora: usuarias nuevas,2015-11-01,0,0,2,0,0,2
LORETO,"anticoncepcion, prevencion de its y de cancer de cuello uterino",pildora: usuarias nuevas,2015-11-01,0,0,3,0,0,3
MACHARETI,"anticoncepcion, prevencion de its y de cancer de cuello uterino",pildora: usuarias nuevas,2015-11-01,1,0,3,2,0,6
MAGDALENA,"anticoncepcion, prevencion de its y de cancer de cuello uterino",pildora: usuarias nuevas,2015-11-01,0,4,1,0,1,6
MAPIRI,"anticoncepcion, prevencion de its y de cancer de cuello uterino",pildora: usuarias nuevas,2015-11-01,0,0,1,0,0,1
MECAPACA,"anticoncepcion, prevencion de its y de cancer de cuello uterino",pildora: usuarias nuevas,2015-11-01,0,0,1,1,0,2
MINEROS,"anticoncepcion, prevencion de its y de cancer de cuello uterino",pildora: usuarias nuevas,2015-11-01,0,1,4,1,0,6
MIZQUE,"anticoncepcion, prevencion de its y de cancer de cuello uterino",pildora: usuarias nuevas,2015-11-01,0,2,3,0,0,5
MOJOCOYA,"anticoncepcion, prevencion de its y de cancer de cuello uterino",pildora: usuarias nuevas,2015-11-01,0,0,1,0,0,1
MONTEAGUDO,"anticoncepcion, prevencion de its y de cancer de cuello uterino",pildora: usuarias nuevas,2015-11-01,0,4,6,3,0,13
MONTERO,"anticoncepcion, prevencion de its y de cancer de cuello uterino",pildora: usuarias nuevas,2015-11-01,2,10,23,4,0,39
MORO MORO,"anticoncepcion, prevencion de its y de cancer de cuello uterino",pildora: usuarias nuevas,2015-11-01,0,0,1,0,0,1
MOROCHATA,"anticoncepcion, prevencion de its y de cancer de cuello uterino",pildora: usuarias nuevas,2015-11-01,0,1,1,0,0,2
OCURI,"anticoncepcion, prevencion de its y de cancer de cuello uterino",pildora: usuarias nuevas,2015-11-01,0,4,6,1,0,11
OMEREQUE,"anticoncepcion, prevencion de its y de cancer de cuello uterino",pildora: usuarias nuevas,2015-11-01,0,0,2,2,0,4
ORURO,"anticoncepcion, prevencion de its y de cancer de cuello uterino",pildora: usuarias nuevas,2015-11-01,0,3,43,23,0,69
PADCAYA,"anticoncepcion, prevencion de its y de cancer de cuello uterino",pildora: usuarias nuevas,2015-11-01,0,0,3,0,0,3
PADILLA,"anticoncepcion, prevencion de its y de cancer de cuello uterino",pildora: usuarias nuevas,2015-11-01,0,1,3,1,0,5
PAILON,"anticoncepcion, prevencion de its y de cancer de cuello uterino",pildora: usuarias nuevas,2015-11-01,0,0,2,1,0,3
PALCA,"anticoncepcion, prevencion de its y de cancer de cuello uterino",pildora: usuarias nuevas,2015-11-01,0,1,3,0,0,4
PALOS BLANCOS,"anticoncepcion, prevencion de its y de cancer de cuello uterino",pildora: usuarias nuevas,2015-11-01,0,4,6,3,0,13
PAMPA GRANDE,"anticoncepcion, prevencion de its y de cancer de cuello uterino",pildora: usuarias nuevas,2015-11-01,0,0,4,1,0,5
PASORAPA,"anticoncepcion, prevencion de its y de cancer de cuello uterino",pildora: usuarias nuevas,2015-11-01,0,0,1,0,0,1
PATACAMAYA,"anticoncepcion, prevencion de its y de cancer de cuello uterino",pildora: usuarias nuevas,2015-11-01,0,0,1,0,0,1
PELECHUCO,"anticoncepcion, prevencion de its y de cancer de cuello uterino",pildora: usuarias nuevas,2015-11-01,0,2,1,1,0,4
POCOATA,"anticoncepcion, prevencion de its y de cancer de cuello uterino",pildora: usuarias nuevas,2015-11-01,0,1,1,0,0,2
POCONA,"anticoncepcion, prevencion de its y de cancer de cuello uterino",pildora: usuarias nuevas,2015-11-01,0,4,3,2,0,9
POROMA,"anticoncepcion, prevencion de its y de cancer de cuello uterino",pildora: usuarias nuevas,2015-11-01,1,2,7,0,0,10
PORONGO,"anticoncepcion, prevencion de its y de cancer de cuello uterino",pildora: usuarias nuevas,2015-11-01,0,0,5,1,0,6
PORTACHUELO,"anticoncepcion, prevencion de its y de cancer de cuello uterino",pildora: usuarias nuevas,2015-11-01,0,0,1,0,0,1
POTOSI,"anticoncepcion, prevencion de its y de cancer de cuello uterino",pildora: usuarias nuevas,2015-11-01,0,6,37,12,0,55
PRESTO,"anticoncepcion, prevencion de its y de cancer de cuello uterino",pildora: usuarias nuevas,2015-11-01,0,0,2,0,0,2
PUCARANI,"anticoncepcion, prevencion de its y de cancer de cuello uterino",pildora: usuarias nuevas,2015-11-01,0,1,2,1,0,4
PUERTO ACOSTA,"anticoncepcion, prevencion de its y de cancer de cuello uterino",pildora: usuarias nuevas,2015-11-01,0,0,1,1,0,2
PUERTO CARABUCO,"anticoncepcion, prevencion de its y de cancer de cuello uterino",pildora: usuarias nuevas,2015-11-01,0,0,0,1,0,1
PUERTO GONZALO MORENO,"anticoncepcion, prevencion de its y de cancer de cuello uterino",pildora: usuarias nuevas,2015-11-01,0,0,2,0,0,2
PUERTO PEREZ,"anticoncepcion, prevencion de its y de cancer de cuello uterino",pildora: usuarias nuevas,2015-11-01,0,0,2,1,0,3
PUERTO QUIJARRO,"anticoncepcion, prevencion de its y de cancer de cuello uterino",pildora: usuarias nuevas,2015-11-01,0,0,2,0,0,2
PUERTO RICO,"anticoncepcion, prevencion de its y de cancer de cuello uterino",pildora: usuarias nuevas,2015-11-01,0,1,0,0,0,1
PUERTO SILES,"anticoncepcion, prevencion de its y de cancer de cuello uterino",pildora: usuarias nuevas,2015-11-01,0,0,4,0,0,4
PUERTO SUAREZ,"anticoncepcion, prevencion de its y de cancer de cuello uterino",pildora: usuarias nuevas,2015-11-01,0,0,1,2,0,3
PUERTO VILLARROEL,"anticoncepcion, prevencion de its y de cancer de cuello uterino",pildora: usuarias nuevas,2015-11-01,0,2,5,5,0,12
PUNA,"anticoncepcion, prevencion de its y de cancer de cuello uterino",pildora: usuarias nuevas,2015-11-01,0,0,0,1,0,1
PUNATA,"anticoncepcion, prevencion de its y de cancer de cuello uterino",pildora: usuarias nuevas,2015-11-01,0,0,6,1,0,7
QUILLACOLLO,"anticoncepcion, prevencion de its y de cancer de cuello uterino",pildora: usuarias nuevas,2015-11-01,0,0,25,1,0,26
QUIME,"anticoncepcion, prevencion de its y de cancer de cuello uterino",pildora: usuarias nuevas,2015-11-01,0,0,2,0,0,2
RAVELO,"anticoncepcion, prevencion de its y de cancer de cuello uterino",pildora: usuarias nuevas,2015-11-01,0,0,0,1,0,1
REYES,"anticoncepcion, prevencion de its y de cancer de cuello uterino",pildora: usuarias nuevas,2015-11-01,0,2,6,0,0,8
RIBERALTA,"anticoncepcion, prevencion de its y de cancer de cuello uterino",pildora: usuarias nuevas,2015-11-01,0,7,20,4,0,31
ROBORE,"anticoncepcion, prevencion de its y de cancer de cuello uterino",pildora: usuarias nuevas,2015-11-01,0,2,7,4,0,13
RURRENABAQUE,"anticoncepcion, prevencion de its y de cancer de cuello uterino",pildora: usuarias nuevas,2015-11-01,0,1,1,1,0,3
SABAYA,"anticoncepcion, prevencion de its y de cancer de cuello uterino",pildora: usuarias nuevas,2015-11-01,0,0,1,0,0,1
SACABA,"anticoncepcion, prevencion de its y de cancer de cuello uterino",pildora: usuarias nuevas,2015-11-01,0,4,10,2,0,16
SACACA,"anticoncepcion, prevencion de its y de cancer de cuello uterino",pildora: usuarias nuevas,2015-11-01,0,1,4,3,0,8
SAIPINA,"anticoncepcion, prevencion de its y de cancer de cuello uterino",pildora: usuarias nuevas,2015-11-01,0,0,0,1,0,1
SALINAS DE GARCI MENDOZA,"anticoncepcion, prevencion de its y de cancer de cuello uterino",pildora: usuarias nuevas,2015-11-01,0,1,6,1,0,8
SAMAIPATA,"anticoncepcion, prevencion de its y de cancer de cuello uterino",pildora: usuarias nuevas,2015-11-01,0,1,2,0,0,3
SAN ANDRES,"anticoncepcion, prevencion de its y de cancer de cuello uterino",pildora: usuarias nuevas,2015-11-01,0,0,1,0,0,1
SAN ANTONIO DE LOMERIO,"anticoncepcion, prevencion de its y de cancer de cuello uterino",pildora: usuarias nuevas,2015-11-01,0,0,4,3,0,7
SAN BORJA,"anticoncepcion, prevencion de its y de cancer de cuello uterino",pildora: usuarias nuevas,2015-11-01,0,7,8,0,0,15
SAN BUENA VENTURA,"anticoncepcion, prevencion de its y de cancer de cuello uterino",pildora: usuarias nuevas,2015-11-01,1,0,2,0,0,3
SAN CARLOS,"anticoncepcion, prevencion de its y de cancer de cuello uterino",pildora: usuarias nuevas,2015-11-01,0,1,3,1,0,5
SAN IGNACIO,"anticoncepcion, prevencion de its y de cancer de cuello uterino",pildora: usuarias nuevas,2015-11-01,0,4,5,2,1,12
SAN IGNACIO DE VELASCO,"anticoncepcion, prevencion de its y de cancer de cuello uterino",pildora: usuarias nuevas,2015-11-01,0,3,6,1,0,10
SAN JAVIER(BNI),"anticoncepcion, prevencion de its y de cancer de cuello uterino",pildora: usuarias nuevas,2015-11-01,0,5,4,0,0,9
SAN JAVIER(STC),"anticoncepcion, prevencion de its y de cancer de cuello uterino",pildora: usuarias nuevas,2015-11-01,0,1,3,0,0,4
SAN JOSE DE CHIQUITOS,"anticoncepcion, prevencion de its y de cancer de cuello uterino",pildora: usuarias nuevas,2015-11-01,0,4,7,1,0,12
SAN JUAN DE YAPACANI,"anticoncepcion, prevencion de its y de cancer de cuello uterino",pildora: usuarias nuevas,2015-11-01,0,0,1,0,0,1
SAN JULIAN,"anticoncepcion, prevencion de its y de cancer de cuello uterino",pildora: usuarias nuevas,2015-11-01,0,4,8,0,0,12
SAN LORENZO(PND),"anticoncepcion, prevencion de its y de cancer de cuello uterino",pildora: usuarias nuevas,2015-11-01,0,0,2,0,0,2
SAN LORENZO(TJA),"anticoncepcion, prevencion de its y de cancer de cuello uterino",pildora: usuarias nuevas,2015-11-01,0,0,6,0,0,6
SAN LUCAS,"anticoncepcion, prevencion de its y de cancer de cuello uterino",pildora: usuarias nuevas,2015-11-01,0,2,1,0,0,3
SAN MATIAS,"anticoncepcion, prevencion de its y de cancer de cuello uterino",pildora: usuarias nuevas,2015-11-01,0,3,1,1,1,6
SAN MIGUEL DE VELASCO,"anticoncepcion, prevencion de its y de cancer de cuello uterino",pildora: usuarias nuevas,2015-11-01,0,3,0,1,0,4
SAN PEDRO,"anticoncepcion, prevencion de its y de cancer de cuello uterino",pildora: usuarias nuevas,2015-11-01,0,0,3,1,0,4
SAN PEDRO DE TIQUINA,"anticoncepcion, prevencion de its y de cancer de cuello uterino",pildora: usuarias nuevas,2015-11-01,0,2,1,0,0,3
SAN RAFAEL,"anticoncepcion, prevencion de its y de cancer de cuello uterino",pildora: usuarias nuevas,2015-11-01,0,1,4,0,0,5
SAN RAMON BENI,"anticoncepcion, prevencion de its y de cancer de cuello uterino",pildora: usuarias nuevas,2015-11-01,0,2,6,1,0,9
SAN RAMON SCZ,"anticoncepcion, prevencion de its y de cancer de cuello uterino",pildora: usuarias nuevas,2015-11-01,0,2,1,1,1,5
SANTA ANA,"anticoncepcion, prevencion de its y de cancer de cuello uterino",pildora: usuarias nuevas,2015-11-01,0,0,5,0,0,5
SANTA CRUZ DE LA SIERRA,"anticoncepcion, prevencion de its y de cancer de cuello uterino",pildora: usuarias nuevas,2015-11-01,6,63,196,40,0,305
SANTA ROSA,"anticoncepcion, prevencion de its y de cancer de cuello uterino",pildora: usuarias nuevas,2015-11-01,0,1,1,0,0,2
SANTA ROSA DEL SARA,"anticoncepcion, prevencion de its y de cancer de cuello uterino",pildora: usuarias nuevas,2015-11-01,0,1,2,1,0,4
SANTIAGO DE HUARI,"anticoncepcion, prevencion de its y de cancer de cuello uterino",pildora: usuarias nuevas,2015-11-01,0,1,4,0,0,5
SANTIAGO DE HUATA,"anticoncepcion, prevencion de its y de cancer de cuello uterino",pildora: usuarias nuevas,2015-11-01,0,0,1,0,0,1
SANTUARIO DE QUILLACAS,"anticoncepcion, prevencion de its y de cancer de cuello uterino",pildora: usuarias nuevas,2015-11-01,0,1,2,0,0,3
SAPAHAQUI,"anticoncepcion, prevencion de its y de cancer de cuello uterino",pildora: usuarias nuevas,2015-11-01,0,0,1,1,0,2
SENA,"anticoncepcion, prevencion de its y de cancer de cuello uterino",pildora: usuarias nuevas,2015-11-01,0,0,2,0,0,2
SHINAOTA,"anticoncepcion, prevencion de its y de cancer de cuello uterino",pildora: usuarias nuevas,2015-11-01,0,1,1,2,0,4
SICA SICA (VILLA AROMA),"anticoncepcion, prevencion de its y de cancer de cuello uterino",pildora: usuarias nuevas,2015-11-01,0,4,3,0,0,7
SIPE SIPE,"anticoncepcion, prevencion de its y de cancer de cuello uterino",pildora: usuarias nuevas,2015-11-01,0,0,16,2,0,18
SOPACHUY,"anticoncepcion, prevencion de its y de cancer de cuello uterino",pildora: usuarias nuevas,2015-11-01,0,2,5,1,0,8
SORATA,"anticoncepcion, prevencion de its y de cancer de cuello uterino",pildora: usuarias nuevas,2015-11-01,0,1,2,2,0,5
SUCRE,"anticoncepcion, prevencion de its y de cancer de cuello uterino",pildora: usuarias nuevas,2015-11-01,0,15,50,9,1,75
TACOPAYA,"anticoncepcion, prevencion de its y de cancer de cuello uterino",pildora: usuarias nuevas,2015-11-01,0,0,1,0,0,1
TAHUA,"anticoncepcion, prevencion de its y de cancer de cuello uterino",pildora: usuarias nuevas,2015-11-01,0,0,1,0,0,1
TAPACARI,"anticoncepcion, prevencion de its y de cancer de cuello uterino",pildora: usuarias nuevas,2015-11-01,0,0,2,3,0,5
TARABUCO,"anticoncepcion, prevencion de its y de cancer de cuello uterino",pildora: usuarias nuevas,2015-11-01,0,0,0,0,1,1
TARATA,"anticoncepcion, prevencion de its y de cancer de cuello uterino",pildora: usuarias nuevas,2015-11-01,0,1,1,1,0,3
TARIJA,"anticoncepcion, prevencion de its y de cancer de cuello uterino",pildora: usuarias nuevas,2015-11-01,1,7,15,3,0,26
TARVITA,"anticoncepcion, prevencion de its y de cancer de cuello uterino",pildora: usuarias nuevas,2015-11-01,0,1,2,2,0,5
TEOPONTE,"anticoncepcion, prevencion de its y de cancer de cuello uterino",pildora: usuarias nuevas,2015-11-01,0,1,2,0,0,3
TIAWANACU,"anticoncepcion, prevencion de its y de cancer de cuello uterino",pildora: usuarias nuevas,2015-11-01,0,0,1,0,0,1
TIQUIPAYA,"anticoncepcion, prevencion de its y de cancer de cuello uterino",pildora: usuarias nuevas,2015-11-01,1,3,12,1,0,17
TIRAQUE (CBBA),"anticoncepcion, prevencion de its y de cancer de cuello uterino",pildora: usuarias nuevas,2015-11-01,0,3,2,0,0,5
TOCO,"anticoncepcion, prevencion de its y de cancer de cuello uterino",pildora: usuarias nuevas,2015-11-01,0,0,1,0,0,1
TOLATA,"anticoncepcion, prevencion de its y de cancer de cuello uterino",pildora: usuarias nuevas,2015-11-01,0,0,3,1,0,4
TOLEDO,"anticoncepcion, prevencion de its y de cancer de cuello uterino",pildora: usuarias nuevas,2015-11-01,0,1,0,0,0,1
TOMAVE,"anticoncepcion, prevencion de its y de cancer de cuello uterino",pildora: usuarias nuevas,2015-11-01,0,0,1,0,0,1
TOMINA,"anticoncepcion, prevencion de its y de cancer de cuello uterino",pildora: usuarias nuevas,2015-11-01,0,0,2,1,0,3
TORO TORO,"anticoncepcion, prevencion de its y de cancer de cuello uterino",pildora: usuarias nuevas,2015-11-01,0,1,8,3,0,12
TOTORA(CBBA),"anticoncepcion, prevencion de its y de cancer de cuello uterino",pildora: usuarias nuevas,2015-11-01,0,1,1,0,0,2
TOTORA(ORR),"anticoncepcion, prevencion de its y de cancer de cuello uterino",pildora: usuarias nuevas,2015-11-01,0,0,0,1,0,1
TRINIDAD,"anticoncepcion, prevencion de its y de cancer de cuello uterino",pildora: usuarias nuevas,2015-11-01,0,6,38,10,0,54
TUPIZA,"anticoncepcion, prevencion de its y de cancer de cuello uterino",pildora: usuarias nuevas,2015-11-01,0,1,0,1,0,2
TURCO,"anticoncepcion, prevencion de its y de cancer de cuello uterino",pildora: usuarias nuevas,2015-11-01,0,1,1,1,0,3
UMALA,"anticoncepcion, prevencion de its y de cancer de cuello uterino",pildora: usuarias nuevas,2015-11-01,0,0,3,1,0,4
URIONDO (A. CONCEPCION),"anticoncepcion, prevencion de its y de cancer de cuello uterino",pildora: usuarias nuevas,2015-11-01,1,1,1,1,0,4
URUBICHA,"anticoncepcion, prevencion de its y de cancer de cuello uterino",pildora: usuarias nuevas,2015-11-01,0,0,3,1,0,4
UYUNI,"anticoncepcion, prevencion de its y de cancer de cuello uterino",pildora: usuarias nuevas,2015-11-01,0,0,4,1,0,5
VACAS,"anticoncepcion, prevencion de its y de cancer de cuello uterino",pildora: usuarias nuevas,2015-11-01,0,0,1,1,0,2
VALLEGRANDE,"anticoncepcion, prevencion de its y de cancer de cuello uterino",pildora: usuarias nuevas,2015-11-01,0,1,1,0,0,2
VIACHA,"anticoncepcion, prevencion de its y de cancer de cuello uterino",pildora: usuarias nuevas,2015-11-01,0,1,6,1,0,8
VILLA CHARCAS,"anticoncepcion, prevencion de its y de cancer de cuello uterino",pildora: usuarias nuevas,2015-11-01,0,1,2,2,0,5
VILLA MONTES,"anticoncepcion, prevencion de its y de cancer de cuello uterino",pildora: usuarias nuevas,2015-11-01,0,1,2,1,0,4
VILLA NUEVA (LOMA ALTA),"anticoncepcion, prevencion de its y de cancer de cuello uterino",pildora: usuarias nuevas,2015-11-01,1,0,0,0,0,1
VILLA SERRANO,"anticoncepcion, prevencion de its y de cancer de cuello uterino",pildora: usuarias nuevas,2015-11-01,0,1,0,0,0,1
VILLA TUNARI,"anticoncepcion, prevencion de its y de cancer de cuello uterino",pildora: usuarias nuevas,2015-11-01,0,9,20,5,0,34
VILLA VACA GUZMAN (MUYUPAMPA),"anticoncepcion, prevencion de its y de cancer de cuello uterino",pildora: usuarias nuevas,2015-11-01,0,0,1,0,0,1
VILLAZON,"anticoncepcion, prevencion de its y de cancer de cuello uterino",pildora: usuarias nuevas,2015-11-01,0,0,3,1,0,4
VINTO,"anticoncepcion, prevencion de its y de cancer de cuello uterino",pildora: usuarias nuevas,2015-11-01,0,1,2,1,0,4
VITICHI,"anticoncepcion, prevencion de its y de cancer de cuello uterino",pildora: usuarias nuevas,2015-11-01,0,0,1,0,0,1
WARNES,"anticoncepcion, prevencion de its y de cancer de cuello uterino",pildora: usuarias nuevas,2015-11-01,0,5,13,1,0,19
YACUIBA,"anticoncepcion, prevencion de its y de cancer de cuello uterino",pildora: usuarias nuevas,2015-11-01,0,3,12,5,0,20
YANACACHI,"anticoncepcion, prevencion de its y de cancer de cuello uterino",pildora: usuarias nuevas,2015-11-01,0,0,1,0,0,1
YAPACANI,"anticoncepcion, prevencion de its y de cancer de cuello uterino",pildora: usuarias nuevas,2015-11-01,0,5,15,1,0,21
YOCALLA,"anticoncepcion, prevencion de its y de cancer de cuello uterino",pildora: usuarias nuevas,2015-11-01,0,0,3,0,0,3
YUNCHARA,"anticoncepcion, prevencion de its y de cancer de cuello uterino",pildora: usuarias nuevas,2015-11-01,0,0,2,0,0,2
ACHACACHI,"anticoncepcion, prevencion de its y de cancer de cuello uterino",pildora: usuarias nuevas,2015-12-01,0,1,2,0,0,3
ACHOCALLA,"anticoncepcion, prevencion de its y de cancer de cuello uterino",pildora: usuarias nuevas,2015-12-01,0,0,4,0,0,4
AIQUILE,"anticoncepcion, prevencion de its y de cancer de cuello uterino",pildora: usuarias nuevas,2015-12-01,0,0,4,1,0,5
ALTO BENI,"anticoncepcion, prevencion de its y de cancer de cuello uterino",pildora: usuarias nuevas,2015-12-01,0,0,1,1,0,2
ANCORAIMES,"anticoncepcion, prevencion de its y de cancer de cuello uterino",pildora: usuarias nuevas,2015-12-01,0,0,1,0,0,1
ANDAMARCA,"anticoncepcion, prevencion de its y de cancer de cuello uterino",pildora: usuarias nuevas,2015-12-01,0,0,0,1,0,1
APOLO,"anticoncepcion, prevencion de its y de cancer de cuello uterino",pildora: usuarias nuevas,2015-12-01,0,0,1,0,0,1
ARAMPAMPA,"anticoncepcion, prevencion de its y de cancer de cuello uterino",pildora: usuarias nuevas,2015-12-01,0,0,1,1,0,2
ARANI,"anticoncepcion, prevencion de its y de cancer de cuello uterino",pildora: usuarias nuevas,2015-12-01,0,0,1,0,0,1
ARBIETO,"anticoncepcion, prevencion de its y de cancer de cuello uterino",pildora: usuarias nuevas,2015-12-01,0,0,2,0,0,2
ARQUE,"anticoncepcion, prevencion de its y de cancer de cuello uterino",pildora: usuarias nuevas,2015-12-01,0,0,1,0,0,1
ASCENCION DE GUARAYOS,"anticoncepcion, prevencion de its y de cancer de cuello uterino",pildora: usuarias nuevas,2015-12-01,0,13,40,3,0,56
ATOCHA,"anticoncepcion, prevencion de its y de cancer de cuello uterino",pildora: usuarias nuevas,2015-12-01,0,0,2,0,0,2
AUCAPATA,"anticoncepcion, prevencion de its y de cancer de cuello uterino",pildora: usuarias nuevas,2015-12-01,0,1,1,0,0,2
AYO AYO,"anticoncepcion, prevencion de its y de cancer de cuello uterino",pildora: usuarias nuevas,2015-12-01,0,0,3,0,0,3
AYOPAYA (V. DE INDEPENDENCIA),"anticoncepcion, prevencion de its y de cancer de cuello uterino",pildora: usuarias nuevas,2015-12-01,0,1,7,5,0,13
AZURDUY,"anticoncepcion, prevencion de its y de cancer de cuello uterino",pildora: usuarias nuevas,2015-12-01,0,0,0,2,0,2
BATALLAS,"anticoncepcion, prevencion de its y de cancer de cuello uterino",pildora: usuarias nuevas,2015-12-01,0,0,0,1,0,1
BAURES,"anticoncepcion, prevencion de its y de cancer de cuello uterino",pildora: usuarias nuevas,2015-12-01,0,0,1,1,0,2
BERMEJO,"anticoncepcion, prevencion de its y de cancer de cuello uterino",pildora: usuarias nuevas,2015-12-01,0,4,22,1,2,29
BETANZOS,"anticoncepcion, prevencion de its y de cancer de cuello uterino",pildora: usuarias nuevas,2015-12-01,0,0,0,1,0,1
BOLIVAR,"anticoncepcion, prevencion de its y de cancer de cuello uterino",pildora: usuarias nuevas,2015-12-01,0,0,1,0,0,1
BUENA VISTA,"anticoncepcion, prevencion de its y de cancer de cuello uterino",pildora: usuarias nuevas,2015-12-01,0,2,7,2,0,11
CABEZAS,"anticoncepcion, prevencion de its y de cancer de cuello uterino",pildora: usuarias nuevas,2015-12-01,0,1,11,3,0,15
CAIROMA,"anticoncepcion, prevencion de its y de cancer de cuello uterino",pildora: usuarias nuevas,2015-12-01,0,0,0,1,0,1
CALACOTO,"anticoncepcion, prevencion de its y de cancer de cuello uterino",pildora: usuarias nuevas,2015-12-01,0,0,1,0,0,1
CALAMARCA,"anticoncepcion, prevencion de its y de cancer de cuello uterino",pildora: usuarias nuevas,2015-12-01,0,0,0,3,0,3
CAMATAQUI (C. VILLA ABECIA),"anticoncepcion, prevencion de its y de cancer de cuello uterino",pildora: usuarias nuevas,2015-12-01,0,0,2,0,0,2
CAMIRI,"anticoncepcion, prevencion de its y de cancer de cuello uterino",pildora: usuarias nuevas,2015-12-01,0,0,2,0,0,2
CAPINOTA,"anticoncepcion, prevencion de its y de cancer de cuello uterino",pildora: usuarias nuevas,2015-12-01,0,0,3,0,0,3
CAQUIAVIRI,"anticoncepcion, prevencion de its y de cancer de cuello uterino",pildora: usuarias nuevas,2015-12-01,0,0,1,0,0,1
CARANAVI,"anticoncepcion, prevencion de its y de cancer de cuello uterino",pildora: usuarias nuevas,2015-12-01,0,1,3,1,0,5
CARIPUYO,"anticoncepcion, prevencion de its y de cancer de cuello uterino",pildora: usuarias nuevas,2015-12-01,0,0,1,0,0,1
CARMEN RIVERO TORREZ,"anticoncepcion, prevencion de its y de cancer de cuello uterino",pildora: usuarias nuevas,2015-12-01,0,0,1,0,0,1
CHALLAPATA,"anticoncepcion, prevencion de its y de cancer de cuello uterino",pildora: usuarias nuevas,2015-12-01,0,0,3,0,0,3
CHARAGUA,"anticoncepcion, prevencion de its y de cancer de cuello uterino",pildora: usuarias nuevas,2015-12-01,0,2,2,3,0,7
CHARAÑA,"anticoncepcion, prevencion de its y de cancer de cuello uterino",pildora: usuarias nuevas,2015-12-01,0,0,1,0,0,1
CHAYANTA,"anticoncepcion, prevencion de its y de cancer de cuello uterino",pildora: usuarias nuevas,2015-12-01,0,0,2,3,0,5
CHIMORE,"anticoncepcion, prevencion de its y de cancer de cuello uterino",pildora: usuarias nuevas,2015-12-01,0,3,0,3,0,6
CHOQUE COTA,"anticoncepcion, prevencion de its y de cancer de cuello uterino",pildora: usuarias nuevas,2015-12-01,0,3,0,0,0,3
CHUMA,"anticoncepcion, prevencion de its y de cancer de cuello uterino",pildora: usuarias nuevas,2015-12-01,1,0,1,0,0,2
CHUQUIHUTA AYLLU JUCUMANI,"anticoncepcion, prevencion de its y de cancer de cuello uterino",pildora: usuarias nuevas,2015-12-01,0,0,0,2,0,2
CLIZA,"anticoncepcion, prevencion de its y de cancer de cuello uterino",pildora: usuarias nuevas,2015-12-01,0,1,9,0,0,10
COBIJA,"anticoncepcion, prevencion de its y de cancer de cuello uterino",pildora: usuarias nuevas,2015-12-01,0,0,5,1,0,6
COCAPATA,"anticoncepcion, prevencion de its y de cancer de cuello uterino",pildora: usuarias nuevas,2015-12-01,0,0,9,0,0,9
COCHABAMBA,"anticoncepcion, prevencion de its y de cancer de cuello uterino",pildora: usuarias nuevas,2015-12-01,0,25,179,25,0,229
COLCAPIRHUA,"anticoncepcion, prevencion de its y de cancer de cuello uterino",pildora: usuarias nuevas,2015-12-01,0,3,5,0,0,8
"COLCHA ""K""","anticoncepcion, prevencion de its y de cancer de cuello uterino",pildora: usuarias nuevas,2015-12-01,0,0,4,0,0,4
COLLANA,"anticoncepcion, prevencion de its y de cancer de cuello uterino",pildora: usuarias nuevas,2015-12-01,0,1,0,0,0,1
COLQUECHACA,"anticoncepcion, prevencion de its y de cancer de cuello uterino",pildora: usuarias nuevas,2015-12-01,0,1,1,0,0,2
COLQUENCHA,"anticoncepcion, prevencion de its y de cancer de cuello uterino",pildora: usuarias nuevas,2015-12-01,0,0,1,0,0,1
COLQUIRI,"anticoncepcion, prevencion de its y de cancer de cuello uterino",pildora: usuarias nuevas,2015-12-01,0,1,2,4,1,8
COMARAPA,"anticoncepcion, prevencion de its y de cancer de cuello uterino",pildora: usuarias nuevas,2015-12-01,1,0,3,2,0,6
CONCEPCION,"anticoncepcion, prevencion de its y de cancer de cuello uterino",pildora: usuarias nuevas,2015-12-01,0,0,0,1,0,1
COPACABANA,"anticoncepcion, prevencion de its y de cancer de cuello uterino",pildora: usuarias nuevas,2015-12-01,0,1,0,0,0,1
CORQUE,"anticoncepcion, prevencion de its y de cancer de cuello uterino",pildora: usuarias nuevas,2015-12-01,0,0,1,0,0,1
COTAGAITA,"anticoncepcion, prevencion de its y de cancer de cuello uterino",pildora: usuarias nuevas,2015-12-01,0,1,0,0,0,1
COTOCA,"anticoncepcion, prevencion de its y de cancer de cuello uterino",pildora: usuarias nuevas,2015-12-01,0,4,3,3,0,10
CUATRO CAÑADAS,"anticoncepcion, prevencion de its y de cancer de cuello uterino",pildora: usuarias nuevas,2015-12-01,0,2,5,6,0,13
CUEVO,"anticoncepcion, prevencion de its y de cancer de cuello uterino",pildora: usuarias nuevas,2015-12-01,0,0,1,0,0,1
CULPINA,"anticoncepcion, prevencion de its y de cancer de cuello uterino",pildora: usuarias nuevas,2015-12-01,0,1,6,1,0,8
CURAHUARA DE CARANGAS,"anticoncepcion, prevencion de its y de cancer de cuello uterino",pildora: usuarias nuevas,2015-12-01,0,0,0,1,0,1
EL ALTO,"anticoncepcion, prevencion de its y de cancer de cuello uterino",pildora: usuarias nuevas,2015-12-01,0,10,106,29,0,145
EL PUENTE(STC),"anticoncepcion, prevencion de its y de cancer de cuello uterino",pildora: usuarias nuevas,2015-12-01,0,3,1,0,0,4
EL PUENTE(TJA),"anticoncepcion, prevencion de its y de cancer de cuello uterino",pildora: usuarias nuevas,2015-12-01,0,1,3,2,0,6
EL TORNO,"anticoncepcion, prevencion de its y de cancer de cuello uterino",pildora: usuarias nuevas,2015-12-01,0,4,20,4,0,28
EL VILLAR,"anticoncepcion, prevencion de its y de cancer de cuello uterino",pildora: usuarias nuevas,2015-12-01,0,0,1,0,0,1
ENTRE RIOS TRJ,"anticoncepcion, prevencion de its y de cancer de cuello uterino",pildora: usuarias nuevas,2015-12-01,0,2,8,2,0,12
ENTRE RIOS CBBA,"anticoncepcion, prevencion de its y de cancer de cuello uterino",pildora: usuarias nuevas,2015-12-01,0,1,6,0,0,7
FERNANDEZ ALONSO,"anticoncepcion, prevencion de its y de cancer de cuello uterino",pildora: usuarias nuevas,2015-12-01,0,0,5,1,0,6
FILADELFIA,"anticoncepcion, prevencion de its y de cancer de cuello uterino",pildora: usuarias nuevas,2015-12-01,1,0,0,0,0,1
GENERAL SAAVEDRA,"anticoncepcion, prevencion de its y de cancer de cuello uterino",pildora: usuarias nuevas,2015-12-01,0,2,6,0,0,8
GRAL. J.J. PEREZ (CHARAZANI),"anticoncepcion, prevencion de its y de cancer de cuello uterino",pildora: usuarias nuevas,2015-12-01,0,0,1,0,0,1
GUANAY,"anticoncepcion, prevencion de its y de cancer de cuello uterino",pildora: usuarias nuevas,2015-12-01,0,1,2,0,0,3
GUAQUI,"anticoncepcion, prevencion de its y de cancer de cuello uterino",pildora: usuarias nuevas,2015-12-01,0,1,1,0,0,2
GUAYARAMERIN,"anticoncepcion, prevencion de its y de cancer de cuello uterino",pildora: usuarias nuevas,2015-12-01,0,0,7,1,0,8
GUTIERREZ,"anticoncepcion, prevencion de its y de cancer de cuello uterino",pildora: usuarias nuevas,2015-12-01,0,0,1,0,0,1
HUACARETA,"anticoncepcion, prevencion de its y de cancer de cuello uterino",pildora: usuarias nuevas,2015-12-01,0,0,2,2,0,4
HUACAYA (VILLA DE HUACAYA),"anticoncepcion, prevencion de its y de cancer de cuello uterino",pildora: usuarias nuevas,2015-12-01,0,0,1,1,0,2
HUACHACALLA,"anticoncepcion, prevencion de its y de cancer de cuello uterino",pildora: usuarias nuevas,2015-12-01,0,1,0,0,0,1
HUARACAJE,"anticoncepcion, prevencion de its y de cancer de cuello uterino",pildora: usuarias nuevas,2015-12-01,0,1,4,2,0,7
ICLA,"anticoncepcion, prevencion de its y de cancer de cuello uterino",pildora: usuarias nuevas,2015-12-01,0,0,1,0,0,1
INCAHUASI,"anticoncepcion, prevencion de its y de cancer de cuello uterino",pildora: usuarias nuevas,2015-12-01,0,2,1,1,0,4
INQUISIVI,"anticoncepcion, prevencion de its y de cancer de cuello uterino",pildora: usuarias nuevas,2015-12-01,0,0,2,0,0,2
IRUPANA (VILLA DE LANZA),"anticoncepcion, prevencion de its y de cancer de cuello uterino",pildora: usuarias nuevas,2015-12-01,0,2,1,0,0,3
IXIAMAS,"anticoncepcion, prevencion de its y de cancer de cuello uterino",pildora: usuarias nuevas,2015-12-01,0,0,6,0,0,6
JESUS DE MACHACA,"anticoncepcion, prevencion de its y de cancer de cuello uterino",pildora: usuarias nuevas,2015-12-01,0,0,1,0,0,1
LA ASUNTA,"anticoncepcion, prevencion de its y de cancer de cuello uterino",pildora: usuarias nuevas,2015-12-01,0,1,4,2,0,7
LA GUARDIA,"anticoncepcion, prevencion de its y de cancer de cuello uterino",pildora: usuarias nuevas,2015-12-01,0,1,7,0,0,8
LA PAZ,"anticoncepcion, prevencion de its y de cancer de cuello uterino",pildora: usuarias nuevas,2015-12-01,0,14,99,17,1,131
LAGUNILLAS,"anticoncepcion, prevencion de its y de cancer de cuello uterino",pildora: usuarias nuevas,2015-12-01,0,0,2,1,0,3
LAJA,"anticoncepcion, prevencion de its y de cancer de cuello uterino",pildora: usuarias nuevas,2015-12-01,0,0,1,0,0,1
LLALLAGUA,"anticoncepcion, prevencion de its y de cancer de cuello uterino",pildora: usuarias nuevas,2015-12-01,0,2,7,4,0,13
LLICA,"anticoncepcion, prevencion de its y de cancer de cuello uterino",pildora: usuarias nuevas,2015-12-01,0,0,2,0,0,2
LORETO,"anticoncepcion, prevencion de its y de cancer de cuello uterino",pildora: usuarias nuevas,2015-12-01,0,0,2,0,0,2
MACHARETI,"anticoncepcion, prevencion de its y de cancer de cuello uterino",pildora: usuarias nuevas,2015-12-01,0,0,1,0,0,1
MAGDALENA,"anticoncepcion, prevencion de its y de cancer de cuello uterino",pildora: usuarias nuevas,2015-12-01,0,1,2,0,0,3
MAIRANA,"anticoncepcion, prevencion de its y de cancer de cuello uterino",pildora: usuarias nuevas,2015-12-01,0,0,2,0,0,2
MAPIRI,"anticoncepcion, prevencion de its y de cancer de cuello uterino",pildora: usuarias nuevas,2015-12-01,0,0,6,0,0,6
MECAPACA,"anticoncepcion, prevencion de its y de cancer de cuello uterino",pildora: usuarias nuevas,2015-12-01,0,0,1,0,0,1
MINEROS,"anticoncepcion, prevencion de its y de cancer de cuello uterino",pildora: usuarias nuevas,2015-12-01,0,0,1,0,0,1
MIZQUE,"anticoncepcion, prevencion de its y de cancer de cuello uterino",pildora: usuarias nuevas,2015-12-01,1,0,6,0,0,7
MOCOMOCO,"anticoncepcion, prevencion de its y de cancer de cuello uterino",pildora: usuarias nuevas,2015-12-01,0,0,1,0,0,1
MONTEAGUDO,"anticoncepcion, prevencion de its y de cancer de cuello uterino",pildora: usuarias nuevas,2015-12-01,0,4,13,2,0,19
MONTERO,"anticoncepcion, prevencion de its y de cancer de cuello uterino",pildora: usuarias nuevas,2015-12-01,4,12,35,10,0,61
MOROCHATA,"anticoncepcion, prevencion de its y de cancer de cuello uterino",pildora: usuarias nuevas,2015-12-01,0,4,1,0,0,5
NACEBE (SANTA ROSA DEL ABUNA),"anticoncepcion, prevencion de its y de cancer de cuello uterino",pildora: usuarias nuevas,2015-12-01,0,2,1,0,0,3
NUEVO MANOA (NUEVA ESPERANZA),"anticoncepcion, prevencion de its y de cancer de cuello uterino",pildora: usuarias nuevas,2015-12-01,0,1,0,0,0,1
OCURI,"anticoncepcion, prevencion de its y de cancer de cuello uterino",pildora: usuarias nuevas,2015-12-01,0,3,2,0,0,5
OKINAWA,"anticoncepcion, prevencion de its y de cancer de cuello uterino",pildora: usuarias nuevas,2015-12-01,0,1,4,0,0,5
OMEREQUE,"anticoncepcion, prevencion de its y de cancer de cuello uterino",pildora: usuarias nuevas,2015-12-01,0,1,1,0,0,2
ORURO,"anticoncepcion, prevencion de its y de cancer de cuello uterino",pildora: usuarias nuevas,2015-12-01,0,2,57,4,0,63
PADCAYA,"anticoncepcion, prevencion de its y de cancer de cuello uterino",pildora: usuarias nuevas,2015-12-01,1,1,1,0,0,3
PADILLA,"anticoncepcion, prevencion de its y de cancer de cuello uterino",pildora: usuarias nuevas,2015-12-01,1,1,4,0,0,6
PAILON,"anticoncepcion, prevencion de its y de cancer de cuello uterino",pildora: usuarias nuevas,2015-12-01,0,2,5,0,0,7
PALCA,"anticoncepcion, prevencion de its y de cancer de cuello uterino",pildora: usuarias nuevas,2015-12-01,0,2,1,0,0,3
PALOS BLANCOS,"anticoncepcion, prevencion de its y de cancer de cuello uterino",pildora: usuarias nuevas,2015-12-01,0,0,8,0,0,8
PAMPA GRANDE,"anticoncepcion, prevencion de its y de cancer de cuello uterino",pildora: usuarias nuevas,2015-12-01,0,1,1,1,0,3
PATACAMAYA,"anticoncepcion, prevencion de its y de cancer de cuello uterino",pildora: usuarias nuevas,2015-12-01,0,0,1,0,0,1
PELECHUCO,"anticoncepcion, prevencion de its y de cancer de cuello uterino",pildora: usuarias nuevas,2015-12-01,0,0,1,1,0,2
POCOATA,"anticoncepcion, prevencion de its y de cancer de cuello uterino",pildora: usuarias nuevas,2015-12-01,0,0,1,0,0,1
POJO (CBBA),"anticoncepcion, prevencion de its y de cancer de cuello uterino",pildora: usuarias nuevas,2015-12-01,0,1,0,0,0,1
POROMA,"anticoncepcion, prevencion de its y de cancer de cuello uterino",pildora: usuarias nuevas,2015-12-01,0,0,1,1,0,2
PORONGO,"anticoncepcion, prevencion de its y de cancer de cuello uterino",pildora: usuarias nuevas,2015-12-01,0,0,0,0,1,1
PORTACHUELO,"anticoncepcion, prevencion de its y de cancer de cuello uterino",pildora: usuarias nuevas,2015-12-01,2,0,4,0,0,6
POTOSI,"anticoncepcion, prevencion de its y de cancer de cuello uterino",pildora: usuarias nuevas,2015-12-01,0,6,31,25,0,62
PRESTO,"anticoncepcion, prevencion de its y de cancer de cuello uterino",pildora: usuarias nuevas,2015-12-01,0,0,2,1,0,3
PUCARANI,"anticoncepcion, prevencion de its y de cancer de cuello uterino",pildora: usuarias nuevas,2015-12-01,0,0,1,0,0,1
PUERTO ACOSTA,"anticoncepcion, prevencion de its y de cancer de cuello uterino",pildora: usuarias nuevas,2015-12-01,0,0,3,0,0,3
PUERTO CARABUCO,"anticoncepcion, prevencion de its y de cancer de cuello uterino",pildora: usuarias nuevas,2015-12-01,0,1,0,0,0,1
PUERTO GONZALO MORENO,"anticoncepcion, prevencion de its y de cancer de cuello uterino",pildora: usuarias nuevas,2015-12-01,0,1,2,0,0,3
PUERTO QUIJARRO,"anticoncepcion, prevencion de its y de cancer de cuello uterino",pildora: usuarias nuevas,2015-12-01,0,0,8,1,0,9
PUERTO SUAREZ,"anticoncepcion, prevencion de its y de cancer de cuello uterino",pildora: usuarias nuevas,2015-12-01,0,0,2,0,0,2
PUERTO VILLARROEL,"anticoncepcion, prevencion de its y de cancer de cuello uterino",pildora: usuarias nuevas,2015-12-01,0,3,8,4,0,15
PUNA,"anticoncepcion, prevencion de its y de cancer de cuello uterino",pildora: usuarias nuevas,2015-12-01,0,0,2,25,0,27
PUNATA,"anticoncepcion, prevencion de its y de cancer de cuello uterino",pildora: usuarias nuevas,2015-12-01,0,2,4,0,0,6
QUILLACOLLO,"anticoncepcion, prevencion de its y de cancer de cuello uterino",pildora: usuarias nuevas,2015-12-01,0,5,27,2,0,34
RAVELO,"anticoncepcion, prevencion de its y de cancer de cuello uterino",pildora: usuarias nuevas,2015-12-01,0,1,1,0,0,2
REYES,"anticoncepcion, prevencion de its y de cancer de cuello uterino",pildora: usuarias nuevas,2015-12-01,0,2,8,0,0,10
RIBERALTA,"anticoncepcion, prevencion de its y de cancer de cuello uterino",pildora: usuarias nuevas,2015-12-01,0,3,22,1,0,26
ROBORE,"anticoncepcion, prevencion de its y de cancer de cuello uterino",pildora: usuarias nuevas,2015-12-01,0,2,3,2,0,7
RURRENABAQUE,"anticoncepcion, prevencion de its y de cancer de cuello uterino",pildora: usuarias nuevas,2015-12-01,0,0,4,0,0,4
SABAYA,"anticoncepcion, prevencion de its y de cancer de cuello uterino",pildora: usuarias nuevas,2015-12-01,0,0,2,0,0,2
SACABA,"anticoncepcion, prevencion de its y de cancer de cuello uterino",pildora: usuarias nuevas,2015-12-01,0,3,14,7,0,24
SACACA,"anticoncepcion, prevencion de its y de cancer de cuello uterino",pildora: usuarias nuevas,2015-12-01,0,0,1,0,0,1
SALINAS DE GARCI MENDOZA,"anticoncepcion, prevencion de its y de cancer de cuello uterino",pildora: usuarias nuevas,2015-12-01,0,0,3,3,0,6
SAMAIPATA,"anticoncepcion, prevencion de its y de cancer de cuello uterino",pildora: usuarias nuevas,2015-12-01,0,0,2,0,0,2
SAN ANDRES,"anticoncepcion, prevencion de its y de cancer de cuello uterino",pildora: usuarias nuevas,2015-12-01,0,1,3,3,0,7
SAN ANTONIO DE LOMERIO,"anticoncepcion, prevencion de its y de cancer de cuello uterino",pildora: usuarias nuevas,2015-12-01,0,0,7,1,0,8
SAN BORJA,"anticoncepcion, prevencion de its y de cancer de cuello uterino",pildora: usuarias nuevas,2015-12-01,0,4,5,1,0,10
SAN CARLOS,"anticoncepcion, prevencion de its y de cancer de cuello uterino",pildora: usuarias nuevas,2015-12-01,0,1,5,2,0,8
SAN IGNACIO,"anticoncepcion, prevencion de its y de cancer de cuello uterino",pildora: usuarias nuevas,2015-12-01,0,1,12,2,0,15
SAN IGNACIO DE VELASCO,"anticoncepcion, prevencion de its y de cancer de cuello uterino",pildora: usuarias nuevas,2015-12-01,0,1,2,0,0,3
SAN JAVIER(BNI),"anticoncepcion, prevencion de its y de cancer de cuello uterino",pildora: usuarias nuevas,2015-12-01,0,1,3,1,0,5
SAN JAVIER(STC),"anticoncepcion, prevencion de its y de cancer de cuello uterino",pildora: usuarias nuevas,2015-12-01,1,2,4,1,0,8
SAN JOSE DE CHIQUITOS,"anticoncepcion, prevencion de its y de cancer de cuello uterino",pildora: usuarias nuevas,2015-12-01,1,4,2,1,0,8
SAN JUAN DE YAPACANI,"anticoncepcion, prevencion de its y de cancer de cuello uterino",pildora: usuarias nuevas,2015-12-01,0,1,2,1,0,4
SAN JULIAN,"anticoncepcion, prevencion de its y de cancer de cuello uterino",pildora: usuarias nuevas,2015-12-01,0,2,10,5,0,17
SAN LORENZO(TJA),"anticoncepcion, prevencion de its y de cancer de cuello uterino",pildora: usuarias nuevas,2015-12-01,1,0,5,0,0,6
SAN LUCAS,"anticoncepcion, prevencion de its y de cancer de cuello uterino",pildora: usuarias nuevas,2015-12-01,0,0,3,1,0,4
SAN MIGUEL DE VELASCO,"anticoncepcion, prevencion de its y de cancer de cuello uterino",pildora: usuarias nuevas,2015-12-01,0,0,2,0,0,2
SAN PABLO DE LIPEZ,"anticoncepcion, prevencion de its y de cancer de cuello uterino",pildora: usuarias nuevas,2015-12-01,0,0,1,0,0,1
SAN PEDRO,"anticoncepcion, prevencion de its y de cancer de cuello uterino",pildora: usuarias nuevas,2015-12-01,0,0,5,0,0,5
SAN PEDRO DE BUENA VISTA,"anticoncepcion, prevencion de its y de cancer de cuello uterino",pildora: usuarias nuevas,2015-12-01,0,0,1,0,0,1
SAN PEDRO DE QUEMES,"anticoncepcion, prevencion de its y de cancer de cuello uterino",pildora: usuarias nuevas,2015-12-01,0,0,0,1,0,1
SAN PEDRO DE TIQUINA,"anticoncepcion, prevencion de its y de cancer de cuello uterino",pildora: usuarias nuevas,2015-12-01,0,1,1,0,0,2
SAN RAFAEL,"anticoncepcion, prevencion de its y de cancer de cuello uterino",pildora: usuarias nuevas,2015-12-01,0,1,1,1,0,3
SAN RAMON BENI,"anticoncepcion, prevencion de its y de cancer de cuello uterino",pildora: usuarias nuevas,2015-12-01,0,0,4,0,0,4
SAN RAMON SCZ,"anticoncepcion, prevencion de its y de cancer de cuello uterino",pildora: usuarias nuevas,2015-12-01,0,0,2,0,0,2
SANTA ANA,"anticoncepcion, prevencion de its y de cancer de cuello uterino",pildora: usuarias nuevas,2015-12-01,0,8,31,1,1,41
SANTA CRUZ DE LA SIERRA,"anticoncepcion, prevencion de its y de cancer de cuello uterino",pildora: usuarias nuevas,2015-12-01,0,65,138,63,1,267
SANTA ROSA,"anticoncepcion, prevencion de its y de cancer de cuello uterino",pildora: usuarias nuevas,2015-12-01,0,0,5,1,0,6
SANTA ROSA DEL SARA,"anticoncepcion, prevencion de its y de cancer de cuello uterino",pildora: usuarias nuevas,2015-12-01,0,3,3,0,0,6
SANTIAGO DE HUARI,"anticoncepcion, prevencion de its y de cancer de cuello uterino",pildora: usuarias nuevas,2015-12-01,0,0,1,1,0,2
SANTIAGO DE HUATA,"anticoncepcion, prevencion de its y de cancer de cuello uterino",pildora: usuarias nuevas,2015-12-01,0,0,0,1,0,1
SANTIVAÑES,"anticoncepcion, prevencion de its y de cancer de cuello uterino",pildora: usuarias nuevas,2015-12-01,0,0,1,0,0,1
SAPAHAQUI,"anticoncepcion, prevencion de its y de cancer de cuello uterino",pildora: usuarias nuevas,2015-12-01,0,0,1,0,0,1
SENA,"anticoncepcion, prevencion de its y de cancer de cuello uterino",pildora: usuarias nuevas,2015-12-01,0,1,1,0,0,2
SHINAOTA,"anticoncepcion, prevencion de its y de cancer de cuello uterino",pildora: usuarias nuevas,2015-12-01,0,0,2,0,0,2
SICA SICA (VILLA AROMA),"anticoncepcion, prevencion de its y de cancer de cuello uterino",pildora: usuarias nuevas,2015-12-01,0,1,2,0,0,3
SICAYA,"anticoncepcion, prevencion de its y de cancer de cuello uterino",pildora: usuarias nuevas,2015-12-01,0,0,2,0,0,2
SIPE SIPE,"anticoncepcion, prevencion de its y de cancer de cuello uterino",pildora: usuarias nuevas,2015-12-01,0,1,16,0,0,17
SOPACHUY,"anticoncepcion, prevencion de its y de cancer de cuello uterino",pildora: usuarias nuevas,2015-12-01,0,0,4,1,0,5
SORACACHI,"anticoncepcion, prevencion de its y de cancer de cuello uterino",pildora: usuarias nuevas,2015-12-01,0,0,1,0,0,1
SORATA,"anticoncepcion, prevencion de its y de cancer de cuello uterino",pildora: usuarias nuevas,2015-12-01,0,0,2,1,0,3
SUCRE,"anticoncepcion, prevencion de its y de cancer de cuello uterino",pildora: usuarias nuevas,2015-12-01,0,15,35,6,0,56
TACOPAYA,"anticoncepcion, prevencion de its y de cancer de cuello uterino",pildora: usuarias nuevas,2015-12-01,0,0,0,1,0,1
TAPACARI,"anticoncepcion, prevencion de its y de cancer de cuello uterino",pildora: usuarias nuevas,2015-12-01,0,0,2,2,0,4
TARABUCO,"anticoncepcion, prevencion de its y de cancer de cuello uterino",pildora: usuarias nuevas,2015-12-01,0,0,2,1,0,3
TARACO,"anticoncepcion, prevencion de its y de cancer de cuello uterino",pildora: usuarias nuevas,2015-12-01,0,1,1,2,0,4
TARATA,"anticoncepcion, prevencion de its y de cancer de cuello uterino",pildora: usuarias nuevas,2015-12-01,0,0,1,0,0,1
TARIJA,"anticoncepcion, prevencion de its y de cancer de cuello uterino",pildora: usuarias nuevas,2015-12-01,0,7,27,6,0,40
TARVITA,"anticoncepcion, prevencion de its y de cancer de cuello uterino",pildora: usuarias nuevas,2015-12-01,0,0,1,0,0,1
TINGUIPAYA,"anticoncepcion, prevencion de its y de cancer de cuello uterino",pildora: usuarias nuevas,2015-12-01,0,1,0,2,0,3
TIPUANI,"anticoncepcion, prevencion de its y de cancer de cuello uterino",pildora: usuarias nuevas,2015-12-01,0,0,3,0,0,3
TIQUIPAYA,"anticoncepcion, prevencion de its y de cancer de cuello uterino",pildora: usuarias nuevas,2015-12-01,1,1,14,0,0,16
TIRAQUE (CBBA),"anticoncepcion, prevencion de its y de cancer de cuello uterino",pildora: usuarias nuevas,2015-12-01,0,0,1,0,0,1
TOCO,"anticoncepcion, prevencion de its y de cancer de cuello uterino",pildora: usuarias nuevas,2015-12-01,0,0,2,0,0,2
TODOS SANTOS,"anticoncepcion, prevencion de its y de cancer de cuello uterino",pildora: usuarias nuevas,2015-12-01,0,0,2,0,0,2
TOLATA,"anticoncepcion, prevencion de its y de cancer de cuello uterino",pildora: usuarias nuevas,2015-12-01,0,0,1,0,0,1
TOMAVE,"anticoncepcion, prevencion de its y de cancer de cuello uterino",pildora: usuarias nuevas,2015-12-01,0,1,1,0,0,2
TOMINA,"anticoncepcion, prevencion de its y de cancer de cuello uterino",pildora: usuarias nuevas,2015-12-01,0,0,0,1,0,1
TORO TORO,"anticoncepcion, prevencion de its y de cancer de cuello uterino",pildora: usuarias nuevas,2015-12-01,0,1,1,1,0,3
TOTORA(CBBA),"anticoncepcion, prevencion de its y de cancer de cuello uterino",pildora: usuarias nuevas,2015-12-01,0,0,4,1,0,5
TRINIDAD,"anticoncepcion, prevencion de its y de cancer de cuello uterino",pildora: usuarias nuevas,2015-12-01,0,1,23,9,0,33
TUPIZA,"anticoncepcion, prevencion de its y de cancer de cuello uterino",pildora: usuarias nuevas,2015-12-01,0,1,1,0,0,2
TURCO,"anticoncepcion, prevencion de its y de cancer de cuello uterino",pildora: usuarias nuevas,2015-12-01,0,0,1,0,0,1
UNCIA,"anticoncepcion, prevencion de its y de cancer de cuello uterino",pildora: usuarias nuevas,2015-12-01,0,0,2,2,0,4
URIONDO (A. CONCEPCION),"anticoncepcion, prevencion de its y de cancer de cuello uterino",pildora: usuarias nuevas,2015-12-01,0,0,4,2,0,6
URUBICHA,"anticoncepcion, prevencion de its y de cancer de cuello uterino",pildora: usuarias nuevas,2015-12-01,0,0,1,0,0,1
UYUNI,"anticoncepcion, prevencion de its y de cancer de cuello uterino",pildora: usuarias nuevas,2015-12-01,0,1,1,0,0,2
VALLEGRANDE,"anticoncepcion, prevencion de its y de cancer de cuello uterino",pildora: usuarias nuevas,2015-12-01,0,0,6,0,0,6
VIACHA,"anticoncepcion, prevencion de its y de cancer de cuello uterino",pildora: usuarias nuevas,2015-12-01,0,0,3,0,0,3
VILA VILA,"anticoncepcion, prevencion de its y de cancer de cuello uterino",pildora: usuarias nuevas,2015-12-01,0,0,2,0,0,2
VILLA CHARCAS,"anticoncepcion, prevencion de its y de cancer de cuello uterino",pildora: usuarias nuevas,2015-12-01,0,0,3,1,0,4
VILLA MONTES,"anticoncepcion, prevencion de its y de cancer de cuello uterino",pildora: usuarias nuevas,2015-12-01,0,2,3,0,0,5
VILLA NUEVA (LOMA ALTA),"anticoncepcion, prevencion de its y de cancer de cuello uterino",pildora: usuarias nuevas,2015-12-01,0,1,0,1,0,2
VILLA RIVERO,"anticoncepcion, prevencion de its y de cancer de cuello uterino",pildora: usuarias nuevas,2015-12-01,0,1,0,0,0,1
VILLA SERRANO,"anticoncepcion, prevencion de its y de cancer de cuello uterino",pildora: usuarias nuevas,2015-12-01,0,0,0,1,0,1
VILLA TUNARI,"anticoncepcion, prevencion de its y de cancer de cuello uterino",pildora: usuarias nuevas,2015-12-01,0,9,27,1,0,37
VILLA VACA GUZMAN (MUYUPAMPA),"anticoncepcion, prevencion de its y de cancer de cuello uterino",pildora: usuarias nuevas,2015-12-01,0,0,5,0,0,5
VILLAZON,"anticoncepcion, prevencion de its y de cancer de cuello uterino",pildora: usuarias nuevas,2015-12-01,0,1,3,0,0,4
VINTO,"anticoncepcion, prevencion de its y de cancer de cuello uterino",pildora: usuarias nuevas,2015-12-01,0,0,5,1,0,6
VITICHI,"anticoncepcion, prevencion de its y de cancer de cuello uterino",pildora: usuarias nuevas,2015-12-01,0,0,0,2,0,2
WALDO BALLIVIAN,"anticoncepcion, prevencion de its y de cancer de cuello uterino",pildora: usuarias nuevas,2015-12-01,0,0,2,1,0,3
WARNES,"anticoncepcion, prevencion de its y de cancer de cuello uterino",pildora: usuarias nuevas,2015-12-01,0,3,17,2,0,22
YACO,"anticoncepcion, prevencion de its y de cancer de cuello uterino",pildora: usuarias nuevas,2015-12-01,0,0,1,0,0,1
YACUIBA,"anticoncepcion, prevencion de its y de cancer de cuello uterino",pildora: usuarias nuevas,2015-12-01,0,1,11,4,2,18
YAMPARAEZ,"anticoncepcion, prevencion de its y de cancer de cuello uterino",pildora: usuarias nuevas,2015-12-01,0,0,1,0,0,1
YANACACHI,"anticoncepcion, prevencion de its y de cancer de cuello uterino",pildora: usuarias nuevas,2015-12-01,0,0,1,1,0,2
YAPACANI,"anticoncepcion, prevencion de its y de cancer de cuello uterino",pildora: usuarias nuevas,2015-12-01,0,4,12,0,0,16
YOTALA,"anticoncepcion, prevencion de its y de cancer de cuello uterino",pildora: usuarias nuevas,2015-12-01,0,1,1,0,0,2
