municipality,group,variable,month,úmero de DIU Insertados,úmero de DIU Insertados1,úmero de DIU Insertados2,úmero de DIU Insertados3,úmero de DIU Insertados4,TOTAL
ACACIO,"anticoncepcion, prevencion de its y de cancer de cuello uterino",umero de diu insertados,2015-01-01,0,0,1,0,0,1
AIQUILE,"anticoncepcion, prevencion de its y de cancer de cuello uterino",umero de diu insertados,2015-01-01,0,1,2,0,0,3
ARANI,"anticoncepcion, prevencion de its y de cancer de cuello uterino",umero de diu insertados,2015-01-01,0,0,4,0,0,4
ASCENCION DE GUARAYOS,"anticoncepcion, prevencion de its y de cancer de cuello uterino",umero de diu insertados,2015-01-01,0,0,5,0,0,5
BAURES,"anticoncepcion, prevencion de its y de cancer de cuello uterino",umero de diu insertados,2015-01-01,0,0,1,0,0,1
BERMEJO,"anticoncepcion, prevencion de its y de cancer de cuello uterino",umero de diu insertados,2015-01-01,0,1,2,3,0,6
BETANZOS,"anticoncepcion, prevencion de its y de cancer de cuello uterino",umero de diu insertados,2015-01-01,0,1,1,0,0,2
BOYUIBE,"anticoncepcion, prevencion de its y de cancer de cuello uterino",umero de diu insertados,2015-01-01,0,0,1,0,0,1
CAPINOTA,"anticoncepcion, prevencion de its y de cancer de cuello uterino",umero de diu insertados,2015-01-01,0,0,4,0,0,4
CARACOLLO,"anticoncepcion, prevencion de its y de cancer de cuello uterino",umero de diu insertados,2015-01-01,0,0,1,0,0,1
CARANAVI,"anticoncepcion, prevencion de its y de cancer de cuello uterino",umero de diu insertados,2015-01-01,0,3,1,0,0,4
CARAPARI,"anticoncepcion, prevencion de its y de cancer de cuello uterino",umero de diu insertados,2015-01-01,0,0,1,0,0,1
CHIMORE,"anticoncepcion, prevencion de its y de cancer de cuello uterino",umero de diu insertados,2015-01-01,0,1,0,0,0,1
CHULUMANI (V. DE LA LIBERTAD),"anticoncepcion, prevencion de its y de cancer de cuello uterino",umero de diu insertados,2015-01-01,0,0,1,0,0,1
CKOCHAS,"anticoncepcion, prevencion de its y de cancer de cuello uterino",umero de diu insertados,2015-01-01,0,0,1,1,0,2
CLIZA,"anticoncepcion, prevencion de its y de cancer de cuello uterino",umero de diu insertados,2015-01-01,0,0,1,0,0,1
COBIJA,"anticoncepcion, prevencion de its y de cancer de cuello uterino",umero de diu insertados,2015-01-01,0,0,3,1,0,4
COCHABAMBA,"anticoncepcion, prevencion de its y de cancer de cuello uterino",umero de diu insertados,2015-01-01,0,9,188,71,0,268
COLCAPIRHUA,"anticoncepcion, prevencion de its y de cancer de cuello uterino",umero de diu insertados,2015-01-01,0,0,8,0,0,8
COLPA BELGICA,"anticoncepcion, prevencion de its y de cancer de cuello uterino",umero de diu insertados,2015-01-01,0,0,1,0,0,1
COLQUIRI,"anticoncepcion, prevencion de its y de cancer de cuello uterino",umero de diu insertados,2015-01-01,0,1,0,1,0,2
COMARAPA,"anticoncepcion, prevencion de its y de cancer de cuello uterino",umero de diu insertados,2015-01-01,0,0,1,0,0,1
CONCEPCION,"anticoncepcion, prevencion de its y de cancer de cuello uterino",umero de diu insertados,2015-01-01,0,2,1,0,0,3
COTOCA,"anticoncepcion, prevencion de its y de cancer de cuello uterino",umero de diu insertados,2015-01-01,0,1,1,1,0,3
EL ALTO,"anticoncepcion, prevencion de its y de cancer de cuello uterino",umero de diu insertados,2015-01-01,0,7,36,23,0,66
EL TORNO,"anticoncepcion, prevencion de its y de cancer de cuello uterino",umero de diu insertados,2015-01-01,2,8,10,3,0,23
ENTRE RIOS TRJ,"anticoncepcion, prevencion de its y de cancer de cuello uterino",umero de diu insertados,2015-01-01,0,1,4,2,0,7
ENTRE RIOS CBBA,"anticoncepcion, prevencion de its y de cancer de cuello uterino",umero de diu insertados,2015-01-01,0,0,0,1,0,1
GENERAL SAAVEDRA,"anticoncepcion, prevencion de its y de cancer de cuello uterino",umero de diu insertados,2015-01-01,0,0,1,0,0,1
GUANAY,"anticoncepcion, prevencion de its y de cancer de cuello uterino",umero de diu insertados,2015-01-01,0,0,1,0,0,1
HUACHACALLA,"anticoncepcion, prevencion de its y de cancer de cuello uterino",umero de diu insertados,2015-01-01,0,0,0,1,0,1
HUANUNI,"anticoncepcion, prevencion de its y de cancer de cuello uterino",umero de diu insertados,2015-01-01,0,0,2,1,0,3
HUARACAJE,"anticoncepcion, prevencion de its y de cancer de cuello uterino",umero de diu insertados,2015-01-01,0,0,1,0,0,1
IRUPANA (VILLA DE LANZA),"anticoncepcion, prevencion de its y de cancer de cuello uterino",umero de diu insertados,2015-01-01,0,0,1,0,0,1
LA GUARDIA,"anticoncepcion, prevencion de its y de cancer de cuello uterino",umero de diu insertados,2015-01-01,0,3,7,0,0,10
LA PAZ,"anticoncepcion, prevencion de its y de cancer de cuello uterino",umero de diu insertados,2015-01-01,1,53,217,18,0,289
LLALLAGUA,"anticoncepcion, prevencion de its y de cancer de cuello uterino",umero de diu insertados,2015-01-01,0,0,1,0,0,1
MAIRANA,"anticoncepcion, prevencion de its y de cancer de cuello uterino",umero de diu insertados,2015-01-01,0,2,4,0,0,6
MIZQUE,"anticoncepcion, prevencion de its y de cancer de cuello uterino",umero de diu insertados,2015-01-01,0,2,6,1,0,9
MONTEAGUDO,"anticoncepcion, prevencion de its y de cancer de cuello uterino",umero de diu insertados,2015-01-01,0,3,10,1,0,14
MONTERO,"anticoncepcion, prevencion de its y de cancer de cuello uterino",umero de diu insertados,2015-01-01,0,0,5,1,0,6
MORO MORO,"anticoncepcion, prevencion de its y de cancer de cuello uterino",umero de diu insertados,2015-01-01,0,0,2,0,0,2
MOROCHATA,"anticoncepcion, prevencion de its y de cancer de cuello uterino",umero de diu insertados,2015-01-01,0,0,1,0,0,1
OKINAWA,"anticoncepcion, prevencion de its y de cancer de cuello uterino",umero de diu insertados,2015-01-01,0,0,2,0,0,2
ORURO,"anticoncepcion, prevencion de its y de cancer de cuello uterino",umero de diu insertados,2015-01-01,0,1,22,14,0,37
PADCAYA,"anticoncepcion, prevencion de its y de cancer de cuello uterino",umero de diu insertados,2015-01-01,0,2,2,1,0,5
PADILLA,"anticoncepcion, prevencion de its y de cancer de cuello uterino",umero de diu insertados,2015-01-01,0,0,1,0,0,1
PAILON,"anticoncepcion, prevencion de its y de cancer de cuello uterino",umero de diu insertados,2015-01-01,0,0,3,0,0,3
PALCA,"anticoncepcion, prevencion de its y de cancer de cuello uterino",umero de diu insertados,2015-01-01,0,0,1,0,0,1
PAMPA GRANDE,"anticoncepcion, prevencion de its y de cancer de cuello uterino",umero de diu insertados,2015-01-01,0,0,3,0,0,3
PASORAPA,"anticoncepcion, prevencion de its y de cancer de cuello uterino",umero de diu insertados,2015-01-01,0,0,0,1,0,1
PATACAMAYA,"anticoncepcion, prevencion de its y de cancer de cuello uterino",umero de diu insertados,2015-01-01,0,0,1,1,0,2
PELECHUCO,"anticoncepcion, prevencion de its y de cancer de cuello uterino",umero de diu insertados,2015-01-01,0,0,1,0,0,1
POJO (CBBA),"anticoncepcion, prevencion de its y de cancer de cuello uterino",umero de diu insertados,2015-01-01,0,0,0,1,0,1
PORTACHUELO,"anticoncepcion, prevencion de its y de cancer de cuello uterino",umero de diu insertados,2015-01-01,1,0,2,0,0,3
POTOSI,"anticoncepcion, prevencion de its y de cancer de cuello uterino",umero de diu insertados,2015-01-01,0,1,5,2,1,9
PUERTO VILLARROEL,"anticoncepcion, prevencion de its y de cancer de cuello uterino",umero de diu insertados,2015-01-01,0,0,1,0,0,1
PUNATA,"anticoncepcion, prevencion de its y de cancer de cuello uterino",umero de diu insertados,2015-01-01,0,0,1,1,0,2
QUILLACOLLO,"anticoncepcion, prevencion de its y de cancer de cuello uterino",umero de diu insertados,2015-01-01,0,8,22,1,0,31
RIBERALTA,"anticoncepcion, prevencion de its y de cancer de cuello uterino",umero de diu insertados,2015-01-01,0,0,5,0,0,5
ROBORE,"anticoncepcion, prevencion de its y de cancer de cuello uterino",umero de diu insertados,2015-01-01,0,0,2,0,0,2
RURRENABAQUE,"anticoncepcion, prevencion de its y de cancer de cuello uterino",umero de diu insertados,2015-01-01,1,0,1,1,0,3
SACABA,"anticoncepcion, prevencion de its y de cancer de cuello uterino",umero de diu insertados,2015-01-01,0,0,11,4,0,15
SAIPINA,"anticoncepcion, prevencion de its y de cancer de cuello uterino",umero de diu insertados,2015-01-01,0,0,2,0,0,2
SAMAIPATA,"anticoncepcion, prevencion de its y de cancer de cuello uterino",umero de diu insertados,2015-01-01,0,0,1,0,0,1
SAN BORJA,"anticoncepcion, prevencion de its y de cancer de cuello uterino",umero de diu insertados,2015-01-01,0,4,5,1,0,10
SAN CARLOS,"anticoncepcion, prevencion de its y de cancer de cuello uterino",umero de diu insertados,2015-01-01,0,1,1,0,0,2
SAN IGNACIO,"anticoncepcion, prevencion de its y de cancer de cuello uterino",umero de diu insertados,2015-01-01,0,2,8,0,0,10
SAN IGNACIO DE VELASCO,"anticoncepcion, prevencion de its y de cancer de cuello uterino",umero de diu insertados,2015-01-01,0,0,1,1,0,2
SAN JAVIER(STC),"anticoncepcion, prevencion de its y de cancer de cuello uterino",umero de diu insertados,2015-01-01,0,0,1,0,0,1
SAN JULIAN,"anticoncepcion, prevencion de its y de cancer de cuello uterino",umero de diu insertados,2015-01-01,0,0,1,1,0,2
SAN LORENZO(TJA),"anticoncepcion, prevencion de its y de cancer de cuello uterino",umero de diu insertados,2015-01-01,0,0,2,1,0,3
SAN MATIAS,"anticoncepcion, prevencion de its y de cancer de cuello uterino",umero de diu insertados,2015-01-01,0,0,2,0,0,2
SAN RAMON SCZ,"anticoncepcion, prevencion de its y de cancer de cuello uterino",umero de diu insertados,2015-01-01,0,1,0,0,0,1
SANTA ANA,"anticoncepcion, prevencion de its y de cancer de cuello uterino",umero de diu insertados,2015-01-01,0,0,2,0,0,2
SANTA CRUZ DE LA SIERRA,"anticoncepcion, prevencion de its y de cancer de cuello uterino",umero de diu insertados,2015-01-01,1,40,220,54,0,315
SANTA ROSA DEL SARA,"anticoncepcion, prevencion de its y de cancer de cuello uterino",umero de diu insertados,2015-01-01,0,0,1,1,0,2
SANTIVAÑES,"anticoncepcion, prevencion de its y de cancer de cuello uterino",umero de diu insertados,2015-01-01,0,0,2,1,0,3
SHINAOTA,"anticoncepcion, prevencion de its y de cancer de cuello uterino",umero de diu insertados,2015-01-01,0,0,1,0,0,1
SIPE SIPE,"anticoncepcion, prevencion de its y de cancer de cuello uterino",umero de diu insertados,2015-01-01,0,1,2,2,0,5
SORATA,"anticoncepcion, prevencion de its y de cancer de cuello uterino",umero de diu insertados,2015-01-01,0,0,1,2,0,3
SUCRE,"anticoncepcion, prevencion de its y de cancer de cuello uterino",umero de diu insertados,2015-01-01,0,7,90,11,0,108
TARIJA,"anticoncepcion, prevencion de its y de cancer de cuello uterino",umero de diu insertados,2015-01-01,0,5,56,13,1,75
TIQUIPAYA,"anticoncepcion, prevencion de its y de cancer de cuello uterino",umero de diu insertados,2015-01-01,0,1,6,0,0,7
TOTORA(CBBA),"anticoncepcion, prevencion de its y de cancer de cuello uterino",umero de diu insertados,2015-01-01,0,0,1,0,0,1
TRINIDAD,"anticoncepcion, prevencion de its y de cancer de cuello uterino",umero de diu insertados,2015-01-01,4,2,16,2,0,24
TUPIZA,"anticoncepcion, prevencion de its y de cancer de cuello uterino",umero de diu insertados,2015-01-01,0,0,3,0,0,3
URIONDO (A. CONCEPCION),"anticoncepcion, prevencion de its y de cancer de cuello uterino",umero de diu insertados,2015-01-01,0,0,3,1,0,4
UYUNI,"anticoncepcion, prevencion de its y de cancer de cuello uterino",umero de diu insertados,2015-01-01,0,1,1,0,0,2
VALLEGRANDE,"anticoncepcion, prevencion de its y de cancer de cuello uterino",umero de diu insertados,2015-01-01,0,0,5,1,0,6
VIACHA,"anticoncepcion, prevencion de its y de cancer de cuello uterino",umero de diu insertados,2015-01-01,0,0,1,0,0,1
VILLA CHARCAS,"anticoncepcion, prevencion de its y de cancer de cuello uterino",umero de diu insertados,2015-01-01,0,0,1,1,0,2
VILLA MONTES,"anticoncepcion, prevencion de its y de cancer de cuello uterino",umero de diu insertados,2015-01-01,0,0,4,2,0,6
VILLA TUNARI,"anticoncepcion, prevencion de its y de cancer de cuello uterino",umero de diu insertados,2015-01-01,0,1,7,1,0,9
VILLAZON,"anticoncepcion, prevencion de its y de cancer de cuello uterino",umero de diu insertados,2015-01-01,0,2,6,0,0,8
VINTO,"anticoncepcion, prevencion de its y de cancer de cuello uterino",umero de diu insertados,2015-01-01,0,0,1,0,0,1
WARNES,"anticoncepcion, prevencion de its y de cancer de cuello uterino",umero de diu insertados,2015-01-01,0,1,7,0,0,8
YACUIBA,"anticoncepcion, prevencion de its y de cancer de cuello uterino",umero de diu insertados,2015-01-01,0,0,11,1,0,12
YAPACANI,"anticoncepcion, prevencion de its y de cancer de cuello uterino",umero de diu insertados,2015-01-01,0,0,1,0,0,1
ZUDAÑEZ,"anticoncepcion, prevencion de its y de cancer de cuello uterino",umero de diu insertados,2015-01-01,0,0,0,1,0,1
ACHACACHI,"anticoncepcion, prevencion de its y de cancer de cuello uterino",umero de diu insertados,2015-02-01,0,0,1,0,0,1
AIQUILE,"anticoncepcion, prevencion de its y de cancer de cuello uterino",umero de diu insertados,2015-02-01,0,0,1,0,0,1
ARANI,"anticoncepcion, prevencion de its y de cancer de cuello uterino",umero de diu insertados,2015-02-01,0,0,1,1,0,2
ARBIETO,"anticoncepcion, prevencion de its y de cancer de cuello uterino",umero de diu insertados,2015-02-01,0,1,0,0,0,1
ASCENCION DE GUARAYOS,"anticoncepcion, prevencion de its y de cancer de cuello uterino",umero de diu insertados,2015-02-01,0,0,0,2,0,2
AZURDUY,"anticoncepcion, prevencion de its y de cancer de cuello uterino",umero de diu insertados,2015-02-01,0,0,2,0,0,2
BATALLAS,"anticoncepcion, prevencion de its y de cancer de cuello uterino",umero de diu insertados,2015-02-01,0,0,1,0,0,1
BAURES,"anticoncepcion, prevencion de its y de cancer de cuello uterino",umero de diu insertados,2015-02-01,0,0,1,0,0,1
BERMEJO,"anticoncepcion, prevencion de its y de cancer de cuello uterino",umero de diu insertados,2015-02-01,0,0,3,3,0,6
CABEZAS,"anticoncepcion, prevencion de its y de cancer de cuello uterino",umero de diu insertados,2015-02-01,0,0,1,0,0,1
CAPINOTA,"anticoncepcion, prevencion de its y de cancer de cuello uterino",umero de diu insertados,2015-02-01,0,0,5,1,0,6
CARANAVI,"anticoncepcion, prevencion de its y de cancer de cuello uterino",umero de diu insertados,2015-02-01,0,0,2,0,0,2
CARAPARI,"anticoncepcion, prevencion de its y de cancer de cuello uterino",umero de diu insertados,2015-02-01,0,0,1,0,0,1
CHALLAPATA,"anticoncepcion, prevencion de its y de cancer de cuello uterino",umero de diu insertados,2015-02-01,0,0,2,0,0,2
CHARAGUA,"anticoncepcion, prevencion de its y de cancer de cuello uterino",umero de diu insertados,2015-02-01,0,0,1,0,0,1
CHULUMANI (V. DE LA LIBERTAD),"anticoncepcion, prevencion de its y de cancer de cuello uterino",umero de diu insertados,2015-02-01,0,1,0,0,0,1
CHUQUIHUTA AYLLU JUCUMANI,"anticoncepcion, prevencion de its y de cancer de cuello uterino",umero de diu insertados,2015-02-01,0,0,1,0,0,1
CLIZA,"anticoncepcion, prevencion de its y de cancer de cuello uterino",umero de diu insertados,2015-02-01,0,0,1,0,0,1
COBIJA,"anticoncepcion, prevencion de its y de cancer de cuello uterino",umero de diu insertados,2015-02-01,0,1,0,1,0,2
COCHABAMBA,"anticoncepcion, prevencion de its y de cancer de cuello uterino",umero de diu insertados,2015-02-01,0,9,166,151,0,326
COLCAPIRHUA,"anticoncepcion, prevencion de its y de cancer de cuello uterino",umero de diu insertados,2015-02-01,0,0,3,0,0,3
COLQUIRI,"anticoncepcion, prevencion de its y de cancer de cuello uterino",umero de diu insertados,2015-02-01,0,0,1,0,0,1
COTOCA,"anticoncepcion, prevencion de its y de cancer de cuello uterino",umero de diu insertados,2015-02-01,0,1,3,0,0,4
EL ALTO,"anticoncepcion, prevencion de its y de cancer de cuello uterino",umero de diu insertados,2015-02-01,0,8,55,13,0,76
EL PUENTE(TJA),"anticoncepcion, prevencion de its y de cancer de cuello uterino",umero de diu insertados,2015-02-01,0,0,1,0,0,1
EL TORNO,"anticoncepcion, prevencion de its y de cancer de cuello uterino",umero de diu insertados,2015-02-01,1,6,5,1,0,13
ENTRE RIOS TRJ,"anticoncepcion, prevencion de its y de cancer de cuello uterino",umero de diu insertados,2015-02-01,0,0,1,0,0,1
ENTRE RIOS CBBA,"anticoncepcion, prevencion de its y de cancer de cuello uterino",umero de diu insertados,2015-02-01,0,1,0,0,0,1
FERNANDEZ ALONSO,"anticoncepcion, prevencion de its y de cancer de cuello uterino",umero de diu insertados,2015-02-01,0,0,0,4,0,4
GENERAL SAAVEDRA,"anticoncepcion, prevencion de its y de cancer de cuello uterino",umero de diu insertados,2015-02-01,0,2,0,0,0,2
GUANAY,"anticoncepcion, prevencion de its y de cancer de cuello uterino",umero de diu insertados,2015-02-01,0,0,1,0,0,1
HUANUNI,"anticoncepcion, prevencion de its y de cancer de cuello uterino",umero de diu insertados,2015-02-01,0,0,1,1,0,2
IRUPANA (VILLA DE LANZA),"anticoncepcion, prevencion de its y de cancer de cuello uterino",umero de diu insertados,2015-02-01,0,0,1,2,0,3
LA GUARDIA,"anticoncepcion, prevencion de its y de cancer de cuello uterino",umero de diu insertados,2015-02-01,0,1,4,1,0,6
LA PAZ,"anticoncepcion, prevencion de its y de cancer de cuello uterino",umero de diu insertados,2015-02-01,0,22,200,9,1,232
LLALLAGUA,"anticoncepcion, prevencion de its y de cancer de cuello uterino",umero de diu insertados,2015-02-01,0,1,4,0,0,5
MAIRANA,"anticoncepcion, prevencion de its y de cancer de cuello uterino",umero de diu insertados,2015-02-01,0,3,3,0,0,6
MAPIRI,"anticoncepcion, prevencion de its y de cancer de cuello uterino",umero de diu insertados,2015-02-01,0,0,2,0,0,2
MINEROS,"anticoncepcion, prevencion de its y de cancer de cuello uterino",umero de diu insertados,2015-02-01,0,1,2,0,0,3
MIZQUE,"anticoncepcion, prevencion de its y de cancer de cuello uterino",umero de diu insertados,2015-02-01,0,4,5,0,0,9
MONTEAGUDO,"anticoncepcion, prevencion de its y de cancer de cuello uterino",umero de diu insertados,2015-02-01,0,1,1,1,0,3
MONTERO,"anticoncepcion, prevencion de its y de cancer de cuello uterino",umero de diu insertados,2015-02-01,0,0,8,0,0,8
MOROCHATA,"anticoncepcion, prevencion de its y de cancer de cuello uterino",umero de diu insertados,2015-02-01,0,1,0,0,0,1
ORURO,"anticoncepcion, prevencion de its y de cancer de cuello uterino",umero de diu insertados,2015-02-01,0,5,17,5,0,27
PADCAYA,"anticoncepcion, prevencion de its y de cancer de cuello uterino",umero de diu insertados,2015-02-01,0,0,2,0,0,2
PADILLA,"anticoncepcion, prevencion de its y de cancer de cuello uterino",umero de diu insertados,2015-02-01,0,1,0,0,0,1
PAILON,"anticoncepcion, prevencion de its y de cancer de cuello uterino",umero de diu insertados,2015-02-01,0,1,2,0,0,3
PALOS BLANCOS,"anticoncepcion, prevencion de its y de cancer de cuello uterino",umero de diu insertados,2015-02-01,0,0,0,1,0,1
PAMPA GRANDE,"anticoncepcion, prevencion de its y de cancer de cuello uterino",umero de diu insertados,2015-02-01,0,0,1,0,0,1
POJO (CBBA),"anticoncepcion, prevencion de its y de cancer de cuello uterino",umero de diu insertados,2015-02-01,0,0,1,0,0,1
PORTACHUELO,"anticoncepcion, prevencion de its y de cancer de cuello uterino",umero de diu insertados,2015-02-01,0,2,3,0,0,5
POSTRER VALLE,"anticoncepcion, prevencion de its y de cancer de cuello uterino",umero de diu insertados,2015-02-01,0,0,0,1,0,1
POTOSI,"anticoncepcion, prevencion de its y de cancer de cuello uterino",umero de diu insertados,2015-02-01,0,1,12,7,0,20
PUERTO RICO,"anticoncepcion, prevencion de its y de cancer de cuello uterino",umero de diu insertados,2015-02-01,0,0,1,0,0,1
PUERTO VILLARROEL,"anticoncepcion, prevencion de its y de cancer de cuello uterino",umero de diu insertados,2015-02-01,0,0,3,0,0,3
PUNA,"anticoncepcion, prevencion de its y de cancer de cuello uterino",umero de diu insertados,2015-02-01,0,1,0,0,0,1
PUNATA,"anticoncepcion, prevencion de its y de cancer de cuello uterino",umero de diu insertados,2015-02-01,0,0,6,0,0,6
QUILLACOLLO,"anticoncepcion, prevencion de its y de cancer de cuello uterino",umero de diu insertados,2015-02-01,0,14,5,0,0,19
REYES,"anticoncepcion, prevencion de its y de cancer de cuello uterino",umero de diu insertados,2015-02-01,0,1,1,0,0,2
RIBERALTA,"anticoncepcion, prevencion de its y de cancer de cuello uterino",umero de diu insertados,2015-02-01,0,2,5,2,0,9
ROBORE,"anticoncepcion, prevencion de its y de cancer de cuello uterino",umero de diu insertados,2015-02-01,0,0,3,0,0,3
SACABA,"anticoncepcion, prevencion de its y de cancer de cuello uterino",umero de diu insertados,2015-02-01,0,3,7,6,0,16
SAN BORJA,"anticoncepcion, prevencion de its y de cancer de cuello uterino",umero de diu insertados,2015-02-01,0,0,1,0,0,1
SAN CARLOS,"anticoncepcion, prevencion de its y de cancer de cuello uterino",umero de diu insertados,2015-02-01,0,1,1,0,0,2
SAN IGNACIO,"anticoncepcion, prevencion de its y de cancer de cuello uterino",umero de diu insertados,2015-02-01,0,0,4,1,0,5
SAN IGNACIO DE VELASCO,"anticoncepcion, prevencion de its y de cancer de cuello uterino",umero de diu insertados,2015-02-01,0,0,1,0,0,1
SAN JULIAN,"anticoncepcion, prevencion de its y de cancer de cuello uterino",umero de diu insertados,2015-02-01,0,0,0,1,0,1
SAN LORENZO(TJA),"anticoncepcion, prevencion de its y de cancer de cuello uterino",umero de diu insertados,2015-02-01,0,0,1,0,0,1
SAN PEDRO,"anticoncepcion, prevencion de its y de cancer de cuello uterino",umero de diu insertados,2015-02-01,0,0,1,0,0,1
SAN RAMON BENI,"anticoncepcion, prevencion de its y de cancer de cuello uterino",umero de diu insertados,2015-02-01,0,0,1,0,0,1
SANTA ANA,"anticoncepcion, prevencion de its y de cancer de cuello uterino",umero de diu insertados,2015-02-01,0,0,2,0,0,2
SANTA CRUZ DE LA SIERRA,"anticoncepcion, prevencion de its y de cancer de cuello uterino",umero de diu insertados,2015-02-01,0,29,197,61,0,287
SANTA ROSA DEL SARA,"anticoncepcion, prevencion de its y de cancer de cuello uterino",umero de diu insertados,2015-02-01,0,1,1,1,0,3
SHINAOTA,"anticoncepcion, prevencion de its y de cancer de cuello uterino",umero de diu insertados,2015-02-01,0,0,0,1,0,1
SIPE SIPE,"anticoncepcion, prevencion de its y de cancer de cuello uterino",umero de diu insertados,2015-02-01,0,2,7,1,0,10
SORATA,"anticoncepcion, prevencion de its y de cancer de cuello uterino",umero de diu insertados,2015-02-01,0,1,0,0,0,1
SUCRE,"anticoncepcion, prevencion de its y de cancer de cuello uterino",umero de diu insertados,2015-02-01,0,5,47,16,0,68
TAPACARI,"anticoncepcion, prevencion de its y de cancer de cuello uterino",umero de diu insertados,2015-02-01,0,0,0,1,0,1
TARIJA,"anticoncepcion, prevencion de its y de cancer de cuello uterino",umero de diu insertados,2015-02-01,0,12,52,23,0,87
TIQUIPAYA,"anticoncepcion, prevencion de its y de cancer de cuello uterino",umero de diu insertados,2015-02-01,0,0,6,3,0,9
TOLATA,"anticoncepcion, prevencion de its y de cancer de cuello uterino",umero de diu insertados,2015-02-01,0,0,1,0,0,1
TOTORA(CBBA),"anticoncepcion, prevencion de its y de cancer de cuello uterino",umero de diu insertados,2015-02-01,0,0,1,0,0,1
TRINIDAD,"anticoncepcion, prevencion de its y de cancer de cuello uterino",umero de diu insertados,2015-02-01,1,3,14,1,0,19
TUPIZA,"anticoncepcion, prevencion de its y de cancer de cuello uterino",umero de diu insertados,2015-02-01,0,0,3,1,0,4
VALLEGRANDE,"anticoncepcion, prevencion de its y de cancer de cuello uterino",umero de diu insertados,2015-02-01,0,0,1,0,0,1
VIACHA,"anticoncepcion, prevencion de its y de cancer de cuello uterino",umero de diu insertados,2015-02-01,0,0,2,0,0,2
VILLA MONTES,"anticoncepcion, prevencion de its y de cancer de cuello uterino",umero de diu insertados,2015-02-01,0,2,1,0,0,3
VILLA SERRANO,"anticoncepcion, prevencion de its y de cancer de cuello uterino",umero de diu insertados,2015-02-01,0,1,0,0,0,1
VILLA TUNARI,"anticoncepcion, prevencion de its y de cancer de cuello uterino",umero de diu insertados,2015-02-01,0,4,9,0,0,13
VILLAZON,"anticoncepcion, prevencion de its y de cancer de cuello uterino",umero de diu insertados,2015-02-01,0,0,0,1,0,1
WARNES,"anticoncepcion, prevencion de its y de cancer de cuello uterino",umero de diu insertados,2015-02-01,0,0,1,0,0,1
YACUIBA,"anticoncepcion, prevencion de its y de cancer de cuello uterino",umero de diu insertados,2015-02-01,0,2,9,1,1,13
AIQUILE,"anticoncepcion, prevencion de its y de cancer de cuello uterino",umero de diu insertados,2015-03-01,0,0,1,0,0,1
ARANI,"anticoncepcion, prevencion de its y de cancer de cuello uterino",umero de diu insertados,2015-03-01,0,0,1,0,0,1
ASCENCION DE GUARAYOS,"anticoncepcion, prevencion de its y de cancer de cuello uterino",umero de diu insertados,2015-03-01,0,1,0,3,0,4
ATOCHA,"anticoncepcion, prevencion de its y de cancer de cuello uterino",umero de diu insertados,2015-03-01,0,0,2,0,0,2
AZURDUY,"anticoncepcion, prevencion de its y de cancer de cuello uterino",umero de diu insertados,2015-03-01,0,0,3,0,0,3
BERMEJO,"anticoncepcion, prevencion de its y de cancer de cuello uterino",umero de diu insertados,2015-03-01,0,0,7,1,0,8
BOYUIBE,"anticoncepcion, prevencion de its y de cancer de cuello uterino",umero de diu insertados,2015-03-01,0,0,1,0,0,1
CAMARGO,"anticoncepcion, prevencion de its y de cancer de cuello uterino",umero de diu insertados,2015-03-01,0,0,1,0,0,1
CAPINOTA,"anticoncepcion, prevencion de its y de cancer de cuello uterino",umero de diu insertados,2015-03-01,0,0,4,1,0,5
CARAPARI,"anticoncepcion, prevencion de its y de cancer de cuello uterino",umero de diu insertados,2015-03-01,0,0,1,0,0,1
CHALLAPATA,"anticoncepcion, prevencion de its y de cancer de cuello uterino",umero de diu insertados,2015-03-01,0,0,1,0,0,1
CHIMORE,"anticoncepcion, prevencion de its y de cancer de cuello uterino",umero de diu insertados,2015-03-01,0,0,1,0,0,1
CHUQUIHUTA AYLLU JUCUMANI,"anticoncepcion, prevencion de its y de cancer de cuello uterino",umero de diu insertados,2015-03-01,0,0,1,0,0,1
CLIZA,"anticoncepcion, prevencion de its y de cancer de cuello uterino",umero de diu insertados,2015-03-01,0,0,0,1,0,1
COBIJA,"anticoncepcion, prevencion de its y de cancer de cuello uterino",umero de diu insertados,2015-03-01,0,1,0,0,0,1
COCHABAMBA,"anticoncepcion, prevencion de its y de cancer de cuello uterino",umero de diu insertados,2015-03-01,0,13,150,40,2,205
COLCAPIRHUA,"anticoncepcion, prevencion de its y de cancer de cuello uterino",umero de diu insertados,2015-03-01,0,0,5,1,0,6
COLPA BELGICA,"anticoncepcion, prevencion de its y de cancer de cuello uterino",umero de diu insertados,2015-03-01,0,0,1,0,0,1
COLQUIRI,"anticoncepcion, prevencion de its y de cancer de cuello uterino",umero de diu insertados,2015-03-01,0,0,1,0,0,1
COTOCA,"anticoncepcion, prevencion de its y de cancer de cuello uterino",umero de diu insertados,2015-03-01,0,0,2,0,0,2
CULPINA,"anticoncepcion, prevencion de its y de cancer de cuello uterino",umero de diu insertados,2015-03-01,0,0,0,1,0,1
EL ALTO,"anticoncepcion, prevencion de its y de cancer de cuello uterino",umero de diu insertados,2015-03-01,0,4,30,35,0,69
EL TORNO,"anticoncepcion, prevencion de its y de cancer de cuello uterino",umero de diu insertados,2015-03-01,0,2,1,0,0,3
ENTRE RIOS TRJ,"anticoncepcion, prevencion de its y de cancer de cuello uterino",umero de diu insertados,2015-03-01,0,2,4,2,0,8
ENTRE RIOS CBBA,"anticoncepcion, prevencion de its y de cancer de cuello uterino",umero de diu insertados,2015-03-01,0,0,2,0,0,2
FERNANDEZ ALONSO,"anticoncepcion, prevencion de its y de cancer de cuello uterino",umero de diu insertados,2015-03-01,0,0,1,4,0,5
GENERAL SAAVEDRA,"anticoncepcion, prevencion de its y de cancer de cuello uterino",umero de diu insertados,2015-03-01,1,2,0,0,0,3
GUANAY,"anticoncepcion, prevencion de its y de cancer de cuello uterino",umero de diu insertados,2015-03-01,0,1,0,0,0,1
GUAYARAMERIN,"anticoncepcion, prevencion de its y de cancer de cuello uterino",umero de diu insertados,2015-03-01,0,0,1,0,0,1
HUACARETA,"anticoncepcion, prevencion de its y de cancer de cuello uterino",umero de diu insertados,2015-03-01,0,0,1,0,0,1
HUANUNI,"anticoncepcion, prevencion de its y de cancer de cuello uterino",umero de diu insertados,2015-03-01,0,0,1,0,0,1
INCAHUASI,"anticoncepcion, prevencion de its y de cancer de cuello uterino",umero de diu insertados,2015-03-01,0,1,0,0,0,1
INQUISIVI,"anticoncepcion, prevencion de its y de cancer de cuello uterino",umero de diu insertados,2015-03-01,0,0,0,1,0,1
IRUPANA (VILLA DE LANZA),"anticoncepcion, prevencion de its y de cancer de cuello uterino",umero de diu insertados,2015-03-01,0,0,2,1,0,3
IXIAMAS,"anticoncepcion, prevencion de its y de cancer de cuello uterino",umero de diu insertados,2015-03-01,0,0,1,0,0,1
LA ASUNTA,"anticoncepcion, prevencion de its y de cancer de cuello uterino",umero de diu insertados,2015-03-01,0,0,1,1,0,2
LA GUARDIA,"anticoncepcion, prevencion de its y de cancer de cuello uterino",umero de diu insertados,2015-03-01,0,2,5,3,0,10
LA PAZ,"anticoncepcion, prevencion de its y de cancer de cuello uterino",umero de diu insertados,2015-03-01,0,37,164,24,0,225
LAS CARRERAS,"anticoncepcion, prevencion de its y de cancer de cuello uterino",umero de diu insertados,2015-03-01,0,0,0,1,0,1
LLALLAGUA,"anticoncepcion, prevencion de its y de cancer de cuello uterino",umero de diu insertados,2015-03-01,0,0,3,0,0,3
MACHARETI,"anticoncepcion, prevencion de its y de cancer de cuello uterino",umero de diu insertados,2015-03-01,0,0,1,0,0,1
MAIRANA,"anticoncepcion, prevencion de its y de cancer de cuello uterino",umero de diu insertados,2015-03-01,0,2,5,1,0,8
MAPIRI,"anticoncepcion, prevencion de its y de cancer de cuello uterino",umero de diu insertados,2015-03-01,0,0,11,0,0,11
MINEROS,"anticoncepcion, prevencion de its y de cancer de cuello uterino",umero de diu insertados,2015-03-01,0,1,1,0,0,2
MIZQUE,"anticoncepcion, prevencion de its y de cancer de cuello uterino",umero de diu insertados,2015-03-01,0,0,3,2,0,5
MONTEAGUDO,"anticoncepcion, prevencion de its y de cancer de cuello uterino",umero de diu insertados,2015-03-01,0,0,6,1,0,7
MONTERO,"anticoncepcion, prevencion de its y de cancer de cuello uterino",umero de diu insertados,2015-03-01,0,2,4,1,0,7
ORURO,"anticoncepcion, prevencion de its y de cancer de cuello uterino",umero de diu insertados,2015-03-01,0,3,12,7,0,22
PADCAYA,"anticoncepcion, prevencion de its y de cancer de cuello uterino",umero de diu insertados,2015-03-01,0,1,2,0,0,3
PADILLA,"anticoncepcion, prevencion de its y de cancer de cuello uterino",umero de diu insertados,2015-03-01,0,0,1,0,0,1
PAILON,"anticoncepcion, prevencion de its y de cancer de cuello uterino",umero de diu insertados,2015-03-01,0,2,7,0,0,9
PATACAMAYA,"anticoncepcion, prevencion de its y de cancer de cuello uterino",umero de diu insertados,2015-03-01,0,0,0,1,0,1
PORONGO,"anticoncepcion, prevencion de its y de cancer de cuello uterino",umero de diu insertados,2015-03-01,0,0,1,0,0,1
PORTACHUELO,"anticoncepcion, prevencion de its y de cancer de cuello uterino",umero de diu insertados,2015-03-01,0,0,3,0,0,3
POSTRER VALLE,"anticoncepcion, prevencion de its y de cancer de cuello uterino",umero de diu insertados,2015-03-01,0,0,1,0,0,1
POTOSI,"anticoncepcion, prevencion de its y de cancer de cuello uterino",umero de diu insertados,2015-03-01,0,0,11,1,0,12
PUERTO RICO,"anticoncepcion, prevencion de its y de cancer de cuello uterino",umero de diu insertados,2015-03-01,0,0,1,0,0,1
PUERTO SUAREZ,"anticoncepcion, prevencion de its y de cancer de cuello uterino",umero de diu insertados,2015-03-01,0,0,1,0,0,1
PUERTO VILLARROEL,"anticoncepcion, prevencion de its y de cancer de cuello uterino",umero de diu insertados,2015-03-01,0,1,5,0,0,6
QUILLACOLLO,"anticoncepcion, prevencion de its y de cancer de cuello uterino",umero de diu insertados,2015-03-01,0,0,11,5,0,16
RIBERALTA,"anticoncepcion, prevencion de its y de cancer de cuello uterino",umero de diu insertados,2015-03-01,0,1,8,3,0,12
SABAYA,"anticoncepcion, prevencion de its y de cancer de cuello uterino",umero de diu insertados,2015-03-01,0,0,0,1,0,1
SACABA,"anticoncepcion, prevencion de its y de cancer de cuello uterino",umero de diu insertados,2015-03-01,0,1,13,6,0,20
SAIPINA,"anticoncepcion, prevencion de its y de cancer de cuello uterino",umero de diu insertados,2015-03-01,0,0,0,1,0,1
SALINAS DE GARCI MENDOZA,"anticoncepcion, prevencion de its y de cancer de cuello uterino",umero de diu insertados,2015-03-01,0,0,1,0,0,1
SAMAIPATA,"anticoncepcion, prevencion de its y de cancer de cuello uterino",umero de diu insertados,2015-03-01,0,0,1,0,0,1
SAN BENITO,"anticoncepcion, prevencion de its y de cancer de cuello uterino",umero de diu insertados,2015-03-01,0,0,1,0,0,1
SAN BORJA,"anticoncepcion, prevencion de its y de cancer de cuello uterino",umero de diu insertados,2015-03-01,1,0,2,0,0,3
SAN BUENA VENTURA,"anticoncepcion, prevencion de its y de cancer de cuello uterino",umero de diu insertados,2015-03-01,0,1,3,0,0,4
SAN CARLOS,"anticoncepcion, prevencion de its y de cancer de cuello uterino",umero de diu insertados,2015-03-01,0,1,6,1,0,8
SAN IGNACIO,"anticoncepcion, prevencion de its y de cancer de cuello uterino",umero de diu insertados,2015-03-01,0,1,5,0,0,6
SAN IGNACIO DE VELASCO,"anticoncepcion, prevencion de its y de cancer de cuello uterino",umero de diu insertados,2015-03-01,0,0,3,0,0,3
SAN JOSE DE CHIQUITOS,"anticoncepcion, prevencion de its y de cancer de cuello uterino",umero de diu insertados,2015-03-01,0,1,3,0,0,4
SAN JULIAN,"anticoncepcion, prevencion de its y de cancer de cuello uterino",umero de diu insertados,2015-03-01,0,0,2,0,0,2
SAN LORENZO(TJA),"anticoncepcion, prevencion de its y de cancer de cuello uterino",umero de diu insertados,2015-03-01,0,0,2,0,0,2
SAN LUCAS,"anticoncepcion, prevencion de its y de cancer de cuello uterino",umero de diu insertados,2015-03-01,0,0,1,0,0,1
SAN MIGUEL DE VELASCO,"anticoncepcion, prevencion de its y de cancer de cuello uterino",umero de diu insertados,2015-03-01,0,0,1,0,0,1
SANTA ANA,"anticoncepcion, prevencion de its y de cancer de cuello uterino",umero de diu insertados,2015-03-01,0,2,1,0,0,3
SANTA CRUZ DE LA SIERRA,"anticoncepcion, prevencion de its y de cancer de cuello uterino",umero de diu insertados,2015-03-01,0,36,189,67,0,292
SANTA ROSA DEL SARA,"anticoncepcion, prevencion de its y de cancer de cuello uterino",umero de diu insertados,2015-03-01,0,0,1,0,0,1
SANTIVAÑES,"anticoncepcion, prevencion de its y de cancer de cuello uterino",umero de diu insertados,2015-03-01,0,1,0,0,0,1
SIPE SIPE,"anticoncepcion, prevencion de its y de cancer de cuello uterino",umero de diu insertados,2015-03-01,0,3,7,2,0,12
SUCRE,"anticoncepcion, prevencion de its y de cancer de cuello uterino",umero de diu insertados,2015-03-01,0,7,74,10,0,91
TACACOMA,"anticoncepcion, prevencion de its y de cancer de cuello uterino",umero de diu insertados,2015-03-01,0,0,1,0,0,1
TARIJA,"anticoncepcion, prevencion de its y de cancer de cuello uterino",umero de diu insertados,2015-03-01,0,4,33,20,1,58
TEOPONTE,"anticoncepcion, prevencion de its y de cancer de cuello uterino",umero de diu insertados,2015-03-01,0,0,1,1,0,2
TIQUIPAYA,"anticoncepcion, prevencion de its y de cancer de cuello uterino",umero de diu insertados,2015-03-01,0,2,7,1,0,10
TOLATA,"anticoncepcion, prevencion de its y de cancer de cuello uterino",umero de diu insertados,2015-03-01,0,0,0,2,0,2
TORO TORO,"anticoncepcion, prevencion de its y de cancer de cuello uterino",umero de diu insertados,2015-03-01,0,1,1,0,0,2
TOTORA(CBBA),"anticoncepcion, prevencion de its y de cancer de cuello uterino",umero de diu insertados,2015-03-01,0,0,3,2,0,5
TRINIDAD,"anticoncepcion, prevencion de its y de cancer de cuello uterino",umero de diu insertados,2015-03-01,0,2,17,1,0,20
TUPIZA,"anticoncepcion, prevencion de its y de cancer de cuello uterino",umero de diu insertados,2015-03-01,0,1,6,2,0,9
URIONDO (A. CONCEPCION),"anticoncepcion, prevencion de its y de cancer de cuello uterino",umero de diu insertados,2015-03-01,0,0,1,0,0,1
UYUNI,"anticoncepcion, prevencion de its y de cancer de cuello uterino",umero de diu insertados,2015-03-01,0,0,2,0,0,2
VALLEGRANDE,"anticoncepcion, prevencion de its y de cancer de cuello uterino",umero de diu insertados,2015-03-01,0,1,0,0,0,1
VIACHA,"anticoncepcion, prevencion de its y de cancer de cuello uterino",umero de diu insertados,2015-03-01,0,1,0,0,0,1
VILLA CHARCAS,"anticoncepcion, prevencion de its y de cancer de cuello uterino",umero de diu insertados,2015-03-01,0,0,1,0,0,1
VILLA MONTES,"anticoncepcion, prevencion de its y de cancer de cuello uterino",umero de diu insertados,2015-03-01,0,0,1,2,0,3
VILLA VACA GUZMAN (MUYUPAMPA),"anticoncepcion, prevencion de its y de cancer de cuello uterino",umero de diu insertados,2015-03-01,0,0,1,0,0,1
VILLAZON,"anticoncepcion, prevencion de its y de cancer de cuello uterino",umero de diu insertados,2015-03-01,0,1,0,2,0,3
VINTO,"anticoncepcion, prevencion de its y de cancer de cuello uterino",umero de diu insertados,2015-03-01,0,0,7,2,0,9
WARNES,"anticoncepcion, prevencion de its y de cancer de cuello uterino",umero de diu insertados,2015-03-01,0,0,6,0,0,6
YACUIBA,"anticoncepcion, prevencion de its y de cancer de cuello uterino",umero de diu insertados,2015-03-01,0,1,10,4,0,15
ZUDAÑEZ,"anticoncepcion, prevencion de its y de cancer de cuello uterino",umero de diu insertados,2015-03-01,0,0,1,0,0,1
AIQUILE,"anticoncepcion, prevencion de its y de cancer de cuello uterino",umero de diu insertados,2015-04-01,0,1,2,0,0,3
ANZALDO,"anticoncepcion, prevencion de its y de cancer de cuello uterino",umero de diu insertados,2015-04-01,0,0,1,0,0,1
ASCENCION DE GUARAYOS,"anticoncepcion, prevencion de its y de cancer de cuello uterino",umero de diu insertados,2015-04-01,0,0,2,0,0,2
ATOCHA,"anticoncepcion, prevencion de its y de cancer de cuello uterino",umero de diu insertados,2015-04-01,0,0,1,0,0,1
AYOPAYA (V. DE INDEPENDENCIA),"anticoncepcion, prevencion de its y de cancer de cuello uterino",umero de diu insertados,2015-04-01,0,0,2,0,0,2
BERMEJO,"anticoncepcion, prevencion de its y de cancer de cuello uterino",umero de diu insertados,2015-04-01,0,4,8,1,0,13
BETANZOS,"anticoncepcion, prevencion de its y de cancer de cuello uterino",umero de diu insertados,2015-04-01,0,0,1,0,0,1
BUENA VISTA,"anticoncepcion, prevencion de its y de cancer de cuello uterino",umero de diu insertados,2015-04-01,0,0,1,0,0,1
CAMARGO,"anticoncepcion, prevencion de its y de cancer de cuello uterino",umero de diu insertados,2015-04-01,0,0,1,0,0,1
CAMIRI,"anticoncepcion, prevencion de its y de cancer de cuello uterino",umero de diu insertados,2015-04-01,0,0,3,1,0,4
CAPINOTA,"anticoncepcion, prevencion de its y de cancer de cuello uterino",umero de diu insertados,2015-04-01,0,2,2,1,0,5
CHARAGUA,"anticoncepcion, prevencion de its y de cancer de cuello uterino",umero de diu insertados,2015-04-01,0,0,1,0,0,1
CHIMORE,"anticoncepcion, prevencion de its y de cancer de cuello uterino",umero de diu insertados,2015-04-01,0,0,1,1,0,2
CHIPAYA,"anticoncepcion, prevencion de its y de cancer de cuello uterino",umero de diu insertados,2015-04-01,0,1,0,0,0,1
CHUQUIHUTA AYLLU JUCUMANI,"anticoncepcion, prevencion de its y de cancer de cuello uterino",umero de diu insertados,2015-04-01,0,0,2,0,0,2
COBIJA,"anticoncepcion, prevencion de its y de cancer de cuello uterino",umero de diu insertados,2015-04-01,0,1,5,0,0,6
COCHABAMBA,"anticoncepcion, prevencion de its y de cancer de cuello uterino",umero de diu insertados,2015-04-01,1,8,150,67,0,226
COLCAPIRHUA,"anticoncepcion, prevencion de its y de cancer de cuello uterino",umero de diu insertados,2015-04-01,0,0,2,0,0,2
COLPA BELGICA,"anticoncepcion, prevencion de its y de cancer de cuello uterino",umero de diu insertados,2015-04-01,0,0,1,0,0,1
COTOCA,"anticoncepcion, prevencion de its y de cancer de cuello uterino",umero de diu insertados,2015-04-01,0,0,4,0,0,4
CULPINA,"anticoncepcion, prevencion de its y de cancer de cuello uterino",umero de diu insertados,2015-04-01,0,0,0,1,0,1
EL ALTO,"anticoncepcion, prevencion de its y de cancer de cuello uterino",umero de diu insertados,2015-04-01,0,3,48,32,3,86
EL PUENTE(TJA),"anticoncepcion, prevencion de its y de cancer de cuello uterino",umero de diu insertados,2015-04-01,0,0,1,0,0,1
EL TORNO,"anticoncepcion, prevencion de its y de cancer de cuello uterino",umero de diu insertados,2015-04-01,0,1,2,1,0,4
ENTRE RIOS TRJ,"anticoncepcion, prevencion de its y de cancer de cuello uterino",umero de diu insertados,2015-04-01,0,0,3,0,0,3
GENERAL SAAVEDRA,"anticoncepcion, prevencion de its y de cancer de cuello uterino",umero de diu insertados,2015-04-01,0,0,1,0,0,1
GUAQUI,"anticoncepcion, prevencion de its y de cancer de cuello uterino",umero de diu insertados,2015-04-01,0,0,1,0,0,1
GUAYARAMERIN,"anticoncepcion, prevencion de its y de cancer de cuello uterino",umero de diu insertados,2015-04-01,0,1,0,0,0,1
HUACHACALLA,"anticoncepcion, prevencion de its y de cancer de cuello uterino",umero de diu insertados,2015-04-01,0,0,1,0,0,1
HUANUNI,"anticoncepcion, prevencion de its y de cancer de cuello uterino",umero de diu insertados,2015-04-01,0,0,1,0,0,1
LA GUARDIA,"anticoncepcion, prevencion de its y de cancer de cuello uterino",umero de diu insertados,2015-04-01,0,2,5,3,0,10
LA PAZ,"anticoncepcion, prevencion de its y de cancer de cuello uterino",umero de diu insertados,2015-04-01,0,28,136,25,0,189
LLALLAGUA,"anticoncepcion, prevencion de its y de cancer de cuello uterino",umero de diu insertados,2015-04-01,0,0,4,1,0,5
MAIRANA,"anticoncepcion, prevencion de its y de cancer de cuello uterino",umero de diu insertados,2015-04-01,0,0,1,0,0,1
MAPIRI,"anticoncepcion, prevencion de its y de cancer de cuello uterino",umero de diu insertados,2015-04-01,0,0,2,1,0,3
MINEROS,"anticoncepcion, prevencion de its y de cancer de cuello uterino",umero de diu insertados,2015-04-01,0,1,0,0,0,1
MIZQUE,"anticoncepcion, prevencion de its y de cancer de cuello uterino",umero de diu insertados,2015-04-01,0,0,0,2,0,2
MONTEAGUDO,"anticoncepcion, prevencion de its y de cancer de cuello uterino",umero de diu insertados,2015-04-01,0,2,6,0,0,8
MONTERO,"anticoncepcion, prevencion de its y de cancer de cuello uterino",umero de diu insertados,2015-04-01,0,0,8,1,0,9
ORURO,"anticoncepcion, prevencion de its y de cancer de cuello uterino",umero de diu insertados,2015-04-01,0,0,19,9,0,28
PADCAYA,"anticoncepcion, prevencion de its y de cancer de cuello uterino",umero de diu insertados,2015-04-01,0,0,2,1,0,3
PAILON,"anticoncepcion, prevencion de its y de cancer de cuello uterino",umero de diu insertados,2015-04-01,0,0,2,0,0,2
PAMPA GRANDE,"anticoncepcion, prevencion de its y de cancer de cuello uterino",umero de diu insertados,2015-04-01,0,0,2,1,0,3
PATACAMAYA,"anticoncepcion, prevencion de its y de cancer de cuello uterino",umero de diu insertados,2015-04-01,0,0,0,2,0,2
POJO (CBBA),"anticoncepcion, prevencion de its y de cancer de cuello uterino",umero de diu insertados,2015-04-01,0,0,1,1,0,2
PORTACHUELO,"anticoncepcion, prevencion de its y de cancer de cuello uterino",umero de diu insertados,2015-04-01,0,0,3,0,0,3
POTOSI,"anticoncepcion, prevencion de its y de cancer de cuello uterino",umero de diu insertados,2015-04-01,0,1,5,1,0,7
PUERTO SUAREZ,"anticoncepcion, prevencion de its y de cancer de cuello uterino",umero de diu insertados,2015-04-01,0,1,2,0,0,3
PUERTO VILLARROEL,"anticoncepcion, prevencion de its y de cancer de cuello uterino",umero de diu insertados,2015-04-01,0,0,2,0,0,2
PUNATA,"anticoncepcion, prevencion de its y de cancer de cuello uterino",umero de diu insertados,2015-04-01,0,0,5,0,0,5
QUIABAYA,"anticoncepcion, prevencion de its y de cancer de cuello uterino",umero de diu insertados,2015-04-01,0,0,2,0,0,2
QUILLACOLLO,"anticoncepcion, prevencion de its y de cancer de cuello uterino",umero de diu insertados,2015-04-01,0,2,4,0,0,6
REYES,"anticoncepcion, prevencion de its y de cancer de cuello uterino",umero de diu insertados,2015-04-01,0,0,1,1,0,2
RIBERALTA,"anticoncepcion, prevencion de its y de cancer de cuello uterino",umero de diu insertados,2015-04-01,0,7,2,4,0,13
RURRENABAQUE,"anticoncepcion, prevencion de its y de cancer de cuello uterino",umero de diu insertados,2015-04-01,0,0,1,0,0,1
SACABA,"anticoncepcion, prevencion de its y de cancer de cuello uterino",umero de diu insertados,2015-04-01,0,1,16,1,0,18
SAIPINA,"anticoncepcion, prevencion de its y de cancer de cuello uterino",umero de diu insertados,2015-04-01,0,0,1,0,0,1
SAMAIPATA,"anticoncepcion, prevencion de its y de cancer de cuello uterino",umero de diu insertados,2015-04-01,0,1,1,0,0,2
SAN BENITO,"anticoncepcion, prevencion de its y de cancer de cuello uterino",umero de diu insertados,2015-04-01,0,0,1,0,0,1
SAN BORJA,"anticoncepcion, prevencion de its y de cancer de cuello uterino",umero de diu insertados,2015-04-01,0,1,3,2,0,6
SAN CARLOS,"anticoncepcion, prevencion de its y de cancer de cuello uterino",umero de diu insertados,2015-04-01,0,1,1,0,0,2
SAN IGNACIO,"anticoncepcion, prevencion de its y de cancer de cuello uterino",umero de diu insertados,2015-04-01,1,2,4,2,0,9
SAN JAVIER(STC),"anticoncepcion, prevencion de its y de cancer de cuello uterino",umero de diu insertados,2015-04-01,0,0,1,1,0,2
SAN JOSE DE CHIQUITOS,"anticoncepcion, prevencion de its y de cancer de cuello uterino",umero de diu insertados,2015-04-01,0,1,1,0,0,2
SAN JULIAN,"anticoncepcion, prevencion de its y de cancer de cuello uterino",umero de diu insertados,2015-04-01,0,0,0,1,0,1
SAN LORENZO(TJA),"anticoncepcion, prevencion de its y de cancer de cuello uterino",umero de diu insertados,2015-04-01,0,0,3,0,0,3
SAN RAFAEL,"anticoncepcion, prevencion de its y de cancer de cuello uterino",umero de diu insertados,2015-04-01,0,0,0,1,0,1
SANTA ANA,"anticoncepcion, prevencion de its y de cancer de cuello uterino",umero de diu insertados,2015-04-01,0,0,2,0,0,2
SANTA CRUZ DE LA SIERRA,"anticoncepcion, prevencion de its y de cancer de cuello uterino",umero de diu insertados,2015-04-01,0,14,234,83,0,331
SANTA ROSA DEL SARA,"anticoncepcion, prevencion de its y de cancer de cuello uterino",umero de diu insertados,2015-04-01,0,0,1,0,0,1
SANTIVAÑES,"anticoncepcion, prevencion de its y de cancer de cuello uterino",umero de diu insertados,2015-04-01,0,0,2,0,0,2
SIPE SIPE,"anticoncepcion, prevencion de its y de cancer de cuello uterino",umero de diu insertados,2015-04-01,0,2,7,1,0,10
SUCRE,"anticoncepcion, prevencion de its y de cancer de cuello uterino",umero de diu insertados,2015-04-01,0,2,53,17,0,72
TARIJA,"anticoncepcion, prevencion de its y de cancer de cuello uterino",umero de diu insertados,2015-04-01,0,6,35,10,0,51
TIPUANI,"anticoncepcion, prevencion de its y de cancer de cuello uterino",umero de diu insertados,2015-04-01,0,0,1,0,0,1
TIQUIPAYA,"anticoncepcion, prevencion de its y de cancer de cuello uterino",umero de diu insertados,2015-04-01,0,1,7,3,0,11
TOTORA(CBBA),"anticoncepcion, prevencion de its y de cancer de cuello uterino",umero de diu insertados,2015-04-01,0,0,1,0,0,1
TRINIDAD,"anticoncepcion, prevencion de its y de cancer de cuello uterino",umero de diu insertados,2015-04-01,0,4,10,1,0,15
TUPIZA,"anticoncepcion, prevencion de its y de cancer de cuello uterino",umero de diu insertados,2015-04-01,0,1,5,1,0,7
URIONDO (A. CONCEPCION),"anticoncepcion, prevencion de its y de cancer de cuello uterino",umero de diu insertados,2015-04-01,0,1,2,0,0,3
UYUNI,"anticoncepcion, prevencion de its y de cancer de cuello uterino",umero de diu insertados,2015-04-01,0,0,1,0,0,1
VILLA MONTES,"anticoncepcion, prevencion de its y de cancer de cuello uterino",umero de diu insertados,2015-04-01,0,1,6,1,0,8
VILLA RIVERO,"anticoncepcion, prevencion de its y de cancer de cuello uterino",umero de diu insertados,2015-04-01,0,0,1,0,0,1
VILLA TUNARI,"anticoncepcion, prevencion de its y de cancer de cuello uterino",umero de diu insertados,2015-04-01,0,0,3,1,0,4
VILLA VACA GUZMAN (MUYUPAMPA),"anticoncepcion, prevencion de its y de cancer de cuello uterino",umero de diu insertados,2015-04-01,0,0,1,0,0,1
VILLAZON,"anticoncepcion, prevencion de its y de cancer de cuello uterino",umero de diu insertados,2015-04-01,0,0,4,0,0,4
VINTO,"anticoncepcion, prevencion de its y de cancer de cuello uterino",umero de diu insertados,2015-04-01,0,0,0,2,0,2
WARNES,"anticoncepcion, prevencion de its y de cancer de cuello uterino",umero de diu insertados,2015-04-01,0,5,4,3,0,12
YACUIBA,"anticoncepcion, prevencion de its y de cancer de cuello uterino",umero de diu insertados,2015-04-01,1,2,12,4,0,19
ACHACACHI,"anticoncepcion, prevencion de its y de cancer de cuello uterino",umero de diu insertados,2015-05-01,0,0,1,0,0,1
AIQUILE,"anticoncepcion, prevencion de its y de cancer de cuello uterino",umero de diu insertados,2015-05-01,0,1,2,0,0,3
ATOCHA,"anticoncepcion, prevencion de its y de cancer de cuello uterino",umero de diu insertados,2015-05-01,0,0,0,1,0,1
BAURES,"anticoncepcion, prevencion de its y de cancer de cuello uterino",umero de diu insertados,2015-05-01,0,1,0,0,0,1
BERMEJO,"anticoncepcion, prevencion de its y de cancer de cuello uterino",umero de diu insertados,2015-05-01,0,1,2,0,0,3
BETANZOS,"anticoncepcion, prevencion de its y de cancer de cuello uterino",umero de diu insertados,2015-05-01,0,0,1,0,0,1
BUENA VISTA,"anticoncepcion, prevencion de its y de cancer de cuello uterino",umero de diu insertados,2015-05-01,0,1,1,0,0,2
CAMARGO,"anticoncepcion, prevencion de its y de cancer de cuello uterino",umero de diu insertados,2015-05-01,0,0,2,0,0,2
CAPINOTA,"anticoncepcion, prevencion de its y de cancer de cuello uterino",umero de diu insertados,2015-05-01,0,0,1,0,0,1
CHIMORE,"anticoncepcion, prevencion de its y de cancer de cuello uterino",umero de diu insertados,2015-05-01,0,0,1,0,0,1
CHUQUIHUTA AYLLU JUCUMANI,"anticoncepcion, prevencion de its y de cancer de cuello uterino",umero de diu insertados,2015-05-01,0,0,1,0,0,1
CKOCHAS,"anticoncepcion, prevencion de its y de cancer de cuello uterino",umero de diu insertados,2015-05-01,0,0,0,1,0,1
CLIZA,"anticoncepcion, prevencion de its y de cancer de cuello uterino",umero de diu insertados,2015-05-01,0,0,1,1,0,2
COBIJA,"anticoncepcion, prevencion de its y de cancer de cuello uterino",umero de diu insertados,2015-05-01,0,1,1,2,0,4
COCHABAMBA,"anticoncepcion, prevencion de its y de cancer de cuello uterino",umero de diu insertados,2015-05-01,0,16,172,29,0,217
COLCAPIRHUA,"anticoncepcion, prevencion de its y de cancer de cuello uterino",umero de diu insertados,2015-05-01,0,1,3,2,0,6
COLPA BELGICA,"anticoncepcion, prevencion de its y de cancer de cuello uterino",umero de diu insertados,2015-05-01,0,1,1,0,0,2
CONCEPCION,"anticoncepcion, prevencion de its y de cancer de cuello uterino",umero de diu insertados,2015-05-01,0,1,4,0,0,5
CORIPATA,"anticoncepcion, prevencion de its y de cancer de cuello uterino",umero de diu insertados,2015-05-01,0,0,1,0,0,1
CORQUE,"anticoncepcion, prevencion de its y de cancer de cuello uterino",umero de diu insertados,2015-05-01,0,0,1,0,0,1
COTOCA,"anticoncepcion, prevencion de its y de cancer de cuello uterino",umero de diu insertados,2015-05-01,0,0,4,0,0,4
EL ALTO,"anticoncepcion, prevencion de its y de cancer de cuello uterino",umero de diu insertados,2015-05-01,0,5,55,39,0,99
EL TORNO,"anticoncepcion, prevencion de its y de cancer de cuello uterino",umero de diu insertados,2015-05-01,0,2,12,0,0,14
ENTRE RIOS TRJ,"anticoncepcion, prevencion de its y de cancer de cuello uterino",umero de diu insertados,2015-05-01,0,0,0,1,0,1
GENERAL SAAVEDRA,"anticoncepcion, prevencion de its y de cancer de cuello uterino",umero de diu insertados,2015-05-01,0,1,1,2,0,4
GUAYARAMERIN,"anticoncepcion, prevencion de its y de cancer de cuello uterino",umero de diu insertados,2015-05-01,0,1,4,2,0,7
HUACARETA,"anticoncepcion, prevencion de its y de cancer de cuello uterino",umero de diu insertados,2015-05-01,0,0,1,0,0,1
HUANUNI,"anticoncepcion, prevencion de its y de cancer de cuello uterino",umero de diu insertados,2015-05-01,0,0,1,0,0,1
IRUPANA (VILLA DE LANZA),"anticoncepcion, prevencion de its y de cancer de cuello uterino",umero de diu insertados,2015-05-01,0,0,3,0,0,3
LA GUARDIA,"anticoncepcion, prevencion de its y de cancer de cuello uterino",umero de diu insertados,2015-05-01,0,0,7,0,0,7
LA PAZ,"anticoncepcion, prevencion de its y de cancer de cuello uterino",umero de diu insertados,2015-05-01,0,41,135,26,0,202
LAGUNILLAS,"anticoncepcion, prevencion de its y de cancer de cuello uterino",umero de diu insertados,2015-05-01,0,0,1,0,0,1
LLALLAGUA,"anticoncepcion, prevencion de its y de cancer de cuello uterino",umero de diu insertados,2015-05-01,0,0,1,1,0,2
MAIRANA,"anticoncepcion, prevencion de its y de cancer de cuello uterino",umero de diu insertados,2015-05-01,0,1,1,0,0,2
MIZQUE,"anticoncepcion, prevencion de its y de cancer de cuello uterino",umero de diu insertados,2015-05-01,0,1,0,2,0,3
MONTEAGUDO,"anticoncepcion, prevencion de its y de cancer de cuello uterino",umero de diu insertados,2015-05-01,0,1,9,3,0,13
MONTERO,"anticoncepcion, prevencion de its y de cancer de cuello uterino",umero de diu insertados,2015-05-01,0,3,4,2,0,9
ORURO,"anticoncepcion, prevencion de its y de cancer de cuello uterino",umero de diu insertados,2015-05-01,0,1,19,7,0,27
PADCAYA,"anticoncepcion, prevencion de its y de cancer de cuello uterino",umero de diu insertados,2015-05-01,0,1,1,1,0,3
PADILLA,"anticoncepcion, prevencion de its y de cancer de cuello uterino",umero de diu insertados,2015-05-01,0,0,0,1,0,1
PAILON,"anticoncepcion, prevencion de its y de cancer de cuello uterino",umero de diu insertados,2015-05-01,0,0,1,0,0,1
PAMPA GRANDE,"anticoncepcion, prevencion de its y de cancer de cuello uterino",umero de diu insertados,2015-05-01,0,0,2,0,0,2
PORTACHUELO,"anticoncepcion, prevencion de its y de cancer de cuello uterino",umero de diu insertados,2015-05-01,0,1,1,0,0,2
POTOSI,"anticoncepcion, prevencion de its y de cancer de cuello uterino",umero de diu insertados,2015-05-01,0,2,4,18,0,24
PUERTO SUAREZ,"anticoncepcion, prevencion de its y de cancer de cuello uterino",umero de diu insertados,2015-05-01,0,1,6,0,0,7
PUERTO VILLARROEL,"anticoncepcion, prevencion de its y de cancer de cuello uterino",umero de diu insertados,2015-05-01,0,2,2,1,0,5
PUNA,"anticoncepcion, prevencion de its y de cancer de cuello uterino",umero de diu insertados,2015-05-01,0,0,1,0,0,1
PUNATA,"anticoncepcion, prevencion de its y de cancer de cuello uterino",umero de diu insertados,2015-05-01,0,0,2,2,0,4
QUIABAYA,"anticoncepcion, prevencion de its y de cancer de cuello uterino",umero de diu insertados,2015-05-01,0,0,1,0,0,1
QUILLACOLLO,"anticoncepcion, prevencion de its y de cancer de cuello uterino",umero de diu insertados,2015-05-01,0,2,17,10,0,29
REYES,"anticoncepcion, prevencion de its y de cancer de cuello uterino",umero de diu insertados,2015-05-01,0,0,1,0,0,1
RIBERALTA,"anticoncepcion, prevencion de its y de cancer de cuello uterino",umero de diu insertados,2015-05-01,0,0,4,2,0,6
ROBORE,"anticoncepcion, prevencion de its y de cancer de cuello uterino",umero de diu insertados,2015-05-01,0,0,2,0,0,2
RURRENABAQUE,"anticoncepcion, prevencion de its y de cancer de cuello uterino",umero de diu insertados,2015-05-01,0,0,1,0,0,1
SACABA,"anticoncepcion, prevencion de its y de cancer de cuello uterino",umero de diu insertados,2015-05-01,0,3,11,3,0,17
SACACA,"anticoncepcion, prevencion de its y de cancer de cuello uterino",umero de diu insertados,2015-05-01,0,0,0,1,0,1
SAMAIPATA,"anticoncepcion, prevencion de its y de cancer de cuello uterino",umero de diu insertados,2015-05-01,0,0,1,0,0,1
SAN BORJA,"anticoncepcion, prevencion de its y de cancer de cuello uterino",umero de diu insertados,2015-05-01,0,1,3,3,0,7
SAN CARLOS,"anticoncepcion, prevencion de its y de cancer de cuello uterino",umero de diu insertados,2015-05-01,0,0,2,1,0,3
SAN IGNACIO,"anticoncepcion, prevencion de its y de cancer de cuello uterino",umero de diu insertados,2015-05-01,0,1,4,0,0,5
SAN IGNACIO DE VELASCO,"anticoncepcion, prevencion de its y de cancer de cuello uterino",umero de diu insertados,2015-05-01,0,0,1,0,0,1
SAN LORENZO(TJA),"anticoncepcion, prevencion de its y de cancer de cuello uterino",umero de diu insertados,2015-05-01,0,0,2,1,0,3
SAN LUCAS,"anticoncepcion, prevencion de its y de cancer de cuello uterino",umero de diu insertados,2015-05-01,0,0,1,1,0,2
SAN RAMON SCZ,"anticoncepcion, prevencion de its y de cancer de cuello uterino",umero de diu insertados,2015-05-01,0,0,0,2,0,2
SANTA ANA,"anticoncepcion, prevencion de its y de cancer de cuello uterino",umero de diu insertados,2015-05-01,0,2,3,1,0,6
SANTA CRUZ DE LA SIERRA,"anticoncepcion, prevencion de its y de cancer de cuello uterino",umero de diu insertados,2015-05-01,0,16,180,61,0,257
SANTIVAÑES,"anticoncepcion, prevencion de its y de cancer de cuello uterino",umero de diu insertados,2015-05-01,0,0,1,0,0,1
SIPE SIPE,"anticoncepcion, prevencion de its y de cancer de cuello uterino",umero de diu insertados,2015-05-01,0,0,3,1,0,4
SUCRE,"anticoncepcion, prevencion de its y de cancer de cuello uterino",umero de diu insertados,2015-05-01,0,5,58,19,0,82
TARATA,"anticoncepcion, prevencion de its y de cancer de cuello uterino",umero de diu insertados,2015-05-01,0,0,1,0,0,1
TARIJA,"anticoncepcion, prevencion de its y de cancer de cuello uterino",umero de diu insertados,2015-05-01,0,4,38,16,1,59
TARVITA,"anticoncepcion, prevencion de its y de cancer de cuello uterino",umero de diu insertados,2015-05-01,0,0,1,0,0,1
TEOPONTE,"anticoncepcion, prevencion de its y de cancer de cuello uterino",umero de diu insertados,2015-05-01,0,0,0,1,0,1
TIQUIPAYA,"anticoncepcion, prevencion de its y de cancer de cuello uterino",umero de diu insertados,2015-05-01,0,0,3,1,0,4
TOMAVE,"anticoncepcion, prevencion de its y de cancer de cuello uterino",umero de diu insertados,2015-05-01,0,1,0,0,0,1
TORO TORO,"anticoncepcion, prevencion de its y de cancer de cuello uterino",umero de diu insertados,2015-05-01,0,0,1,0,0,1
TRINIDAD,"anticoncepcion, prevencion de its y de cancer de cuello uterino",umero de diu insertados,2015-05-01,1,4,6,0,0,11
TUPIZA,"anticoncepcion, prevencion de its y de cancer de cuello uterino",umero de diu insertados,2015-05-01,0,2,3,2,0,7
UNCIA,"anticoncepcion, prevencion de its y de cancer de cuello uterino",umero de diu insertados,2015-05-01,0,0,1,0,0,1
URIONDO (A. CONCEPCION),"anticoncepcion, prevencion de its y de cancer de cuello uterino",umero de diu insertados,2015-05-01,0,1,0,0,0,1
UYUNI,"anticoncepcion, prevencion de its y de cancer de cuello uterino",umero de diu insertados,2015-05-01,0,1,2,1,0,4
VALLEGRANDE,"anticoncepcion, prevencion de its y de cancer de cuello uterino",umero de diu insertados,2015-05-01,0,1,3,0,0,4
VILLA MONTES,"anticoncepcion, prevencion de its y de cancer de cuello uterino",umero de diu insertados,2015-05-01,0,3,9,0,0,12
VILLA TUNARI,"anticoncepcion, prevencion de its y de cancer de cuello uterino",umero de diu insertados,2015-05-01,0,0,1,3,0,4
VILLAZON,"anticoncepcion, prevencion de its y de cancer de cuello uterino",umero de diu insertados,2015-05-01,0,1,9,0,0,10
VINTO,"anticoncepcion, prevencion de its y de cancer de cuello uterino",umero de diu insertados,2015-05-01,0,1,0,0,0,1
WARNES,"anticoncepcion, prevencion de its y de cancer de cuello uterino",umero de diu insertados,2015-05-01,0,1,1,0,0,2
YACUIBA,"anticoncepcion, prevencion de its y de cancer de cuello uterino",umero de diu insertados,2015-05-01,0,1,10,1,0,12
ACHACACHI,"anticoncepcion, prevencion de its y de cancer de cuello uterino",umero de diu insertados,2015-06-01,0,0,0,1,0,1
AIQUILE,"anticoncepcion, prevencion de its y de cancer de cuello uterino",umero de diu insertados,2015-06-01,0,1,0,0,0,1
APOLO,"anticoncepcion, prevencion de its y de cancer de cuello uterino",umero de diu insertados,2015-06-01,0,0,0,2,0,2
AYOPAYA (V. DE INDEPENDENCIA),"anticoncepcion, prevencion de its y de cancer de cuello uterino",umero de diu insertados,2015-06-01,0,0,1,0,0,1
AZURDUY,"anticoncepcion, prevencion de its y de cancer de cuello uterino",umero de diu insertados,2015-06-01,0,2,0,0,0,2
BELLA FLOR,"anticoncepcion, prevencion de its y de cancer de cuello uterino",umero de diu insertados,2015-06-01,0,0,2,0,0,2
BERMEJO,"anticoncepcion, prevencion de its y de cancer de cuello uterino",umero de diu insertados,2015-06-01,0,0,9,2,0,11
BOYUIBE,"anticoncepcion, prevencion de its y de cancer de cuello uterino",umero de diu insertados,2015-06-01,0,0,2,0,0,2
CAJUATA,"anticoncepcion, prevencion de its y de cancer de cuello uterino",umero de diu insertados,2015-06-01,0,0,1,0,0,1
CAMARGO,"anticoncepcion, prevencion de its y de cancer de cuello uterino",umero de diu insertados,2015-06-01,0,0,3,2,0,5
CARANAVI,"anticoncepcion, prevencion de its y de cancer de cuello uterino",umero de diu insertados,2015-06-01,0,0,2,1,0,3
CARAPARI,"anticoncepcion, prevencion de its y de cancer de cuello uterino",umero de diu insertados,2015-06-01,0,0,1,0,0,1
CHULUMANI (V. DE LA LIBERTAD),"anticoncepcion, prevencion de its y de cancer de cuello uterino",umero de diu insertados,2015-06-01,0,0,1,0,0,1
CHUQUIHUTA AYLLU JUCUMANI,"anticoncepcion, prevencion de its y de cancer de cuello uterino",umero de diu insertados,2015-06-01,0,0,1,0,0,1
CKOCHAS,"anticoncepcion, prevencion de its y de cancer de cuello uterino",umero de diu insertados,2015-06-01,0,0,1,0,0,1
CLIZA,"anticoncepcion, prevencion de its y de cancer de cuello uterino",umero de diu insertados,2015-06-01,0,0,5,1,0,6
COBIJA,"anticoncepcion, prevencion de its y de cancer de cuello uterino",umero de diu insertados,2015-06-01,0,0,3,0,0,3
COCHABAMBA,"anticoncepcion, prevencion de its y de cancer de cuello uterino",umero de diu insertados,2015-06-01,0,18,212,41,0,271
COLCAPIRHUA,"anticoncepcion, prevencion de its y de cancer de cuello uterino",umero de diu insertados,2015-06-01,0,0,5,0,0,5
COMARAPA,"anticoncepcion, prevencion de its y de cancer de cuello uterino",umero de diu insertados,2015-06-01,0,0,1,0,0,1
COTOCA,"anticoncepcion, prevencion de its y de cancer de cuello uterino",umero de diu insertados,2015-06-01,0,0,4,0,0,4
CUATRO CAÑADAS,"anticoncepcion, prevencion de its y de cancer de cuello uterino",umero de diu insertados,2015-06-01,0,0,0,1,0,1
CULPINA,"anticoncepcion, prevencion de its y de cancer de cuello uterino",umero de diu insertados,2015-06-01,0,0,0,1,0,1
EL ALTO,"anticoncepcion, prevencion de its y de cancer de cuello uterino",umero de diu insertados,2015-06-01,0,8,34,32,0,74
EL TORNO,"anticoncepcion, prevencion de its y de cancer de cuello uterino",umero de diu insertados,2015-06-01,0,8,23,15,0,46
ENTRE RIOS TRJ,"anticoncepcion, prevencion de its y de cancer de cuello uterino",umero de diu insertados,2015-06-01,0,1,2,0,0,3
ENTRE RIOS CBBA,"anticoncepcion, prevencion de its y de cancer de cuello uterino",umero de diu insertados,2015-06-01,0,0,2,0,0,2
GRAL. J.J. PEREZ (CHARAZANI),"anticoncepcion, prevencion de its y de cancer de cuello uterino",umero de diu insertados,2015-06-01,0,0,1,0,0,1
GUAQUI,"anticoncepcion, prevencion de its y de cancer de cuello uterino",umero de diu insertados,2015-06-01,0,0,1,0,0,1
GUAYARAMERIN,"anticoncepcion, prevencion de its y de cancer de cuello uterino",umero de diu insertados,2015-06-01,0,1,1,1,0,3
GUTIERREZ,"anticoncepcion, prevencion de its y de cancer de cuello uterino",umero de diu insertados,2015-06-01,0,0,2,0,0,2
HUACARETA,"anticoncepcion, prevencion de its y de cancer de cuello uterino",umero de diu insertados,2015-06-01,0,1,1,1,0,3
INCAHUASI,"anticoncepcion, prevencion de its y de cancer de cuello uterino",umero de diu insertados,2015-06-01,0,0,0,1,0,1
IXIAMAS,"anticoncepcion, prevencion de its y de cancer de cuello uterino",umero de diu insertados,2015-06-01,0,0,1,0,0,1
LA GUARDIA,"anticoncepcion, prevencion de its y de cancer de cuello uterino",umero de diu insertados,2015-06-01,0,2,10,6,0,18
LA PAZ,"anticoncepcion, prevencion de its y de cancer de cuello uterino",umero de diu insertados,2015-06-01,0,24,142,37,0,203
LAGUNILLAS,"anticoncepcion, prevencion de its y de cancer de cuello uterino",umero de diu insertados,2015-06-01,0,0,1,0,0,1
LLALLAGUA,"anticoncepcion, prevencion de its y de cancer de cuello uterino",umero de diu insertados,2015-06-01,0,0,2,0,0,2
MAIRANA,"anticoncepcion, prevencion de its y de cancer de cuello uterino",umero de diu insertados,2015-06-01,0,0,1,1,0,2
MINEROS,"anticoncepcion, prevencion de its y de cancer de cuello uterino",umero de diu insertados,2015-06-01,0,0,2,0,0,2
MIZQUE,"anticoncepcion, prevencion de its y de cancer de cuello uterino",umero de diu insertados,2015-06-01,0,0,2,0,0,2
MONTEAGUDO,"anticoncepcion, prevencion de its y de cancer de cuello uterino",umero de diu insertados,2015-06-01,0,2,4,0,0,6
MONTERO,"anticoncepcion, prevencion de its y de cancer de cuello uterino",umero de diu insertados,2015-06-01,0,0,2,2,0,4
MOROCHATA,"anticoncepcion, prevencion de its y de cancer de cuello uterino",umero de diu insertados,2015-06-01,0,0,1,0,0,1
ORURO,"anticoncepcion, prevencion de its y de cancer de cuello uterino",umero de diu insertados,2015-06-01,0,0,15,9,0,24
PADCAYA,"anticoncepcion, prevencion de its y de cancer de cuello uterino",umero de diu insertados,2015-06-01,0,0,3,0,0,3
PAILON,"anticoncepcion, prevencion de its y de cancer de cuello uterino",umero de diu insertados,2015-06-01,0,1,2,1,0,4
PALOS BLANCOS,"anticoncepcion, prevencion de its y de cancer de cuello uterino",umero de diu insertados,2015-06-01,0,0,1,0,0,1
PAMPA GRANDE,"anticoncepcion, prevencion de its y de cancer de cuello uterino",umero de diu insertados,2015-06-01,0,1,2,0,0,3
POOPO,"anticoncepcion, prevencion de its y de cancer de cuello uterino",umero de diu insertados,2015-06-01,0,0,4,0,0,4
PORONGO,"anticoncepcion, prevencion de its y de cancer de cuello uterino",umero de diu insertados,2015-06-01,0,1,2,0,0,3
PORTACHUELO,"anticoncepcion, prevencion de its y de cancer de cuello uterino",umero de diu insertados,2015-06-01,0,0,1,0,0,1
PORVENIR,"anticoncepcion, prevencion de its y de cancer de cuello uterino",umero de diu insertados,2015-06-01,0,0,1,0,0,1
POTOSI,"anticoncepcion, prevencion de its y de cancer de cuello uterino",umero de diu insertados,2015-06-01,0,1,3,7,0,11
PUERTO RICO,"anticoncepcion, prevencion de its y de cancer de cuello uterino",umero de diu insertados,2015-06-01,0,0,1,0,0,1
PUERTO SUAREZ,"anticoncepcion, prevencion de its y de cancer de cuello uterino",umero de diu insertados,2015-06-01,0,0,2,0,0,2
PUERTO VILLARROEL,"anticoncepcion, prevencion de its y de cancer de cuello uterino",umero de diu insertados,2015-06-01,0,1,2,0,0,3
PUNATA,"anticoncepcion, prevencion de its y de cancer de cuello uterino",umero de diu insertados,2015-06-01,0,0,2,1,0,3
QUILLACOLLO,"anticoncepcion, prevencion de its y de cancer de cuello uterino",umero de diu insertados,2015-06-01,0,2,5,7,0,14
REYES,"anticoncepcion, prevencion de its y de cancer de cuello uterino",umero de diu insertados,2015-06-01,0,0,2,0,0,2
RIBERALTA,"anticoncepcion, prevencion de its y de cancer de cuello uterino",umero de diu insertados,2015-06-01,0,0,3,2,0,5
ROBORE,"anticoncepcion, prevencion de its y de cancer de cuello uterino",umero de diu insertados,2015-06-01,0,2,3,0,0,5
RURRENABAQUE,"anticoncepcion, prevencion de its y de cancer de cuello uterino",umero de diu insertados,2015-06-01,0,0,4,0,0,4
SACABA,"anticoncepcion, prevencion de its y de cancer de cuello uterino",umero de diu insertados,2015-06-01,0,1,12,4,0,17
SAIPINA,"anticoncepcion, prevencion de its y de cancer de cuello uterino",umero de diu insertados,2015-06-01,0,0,1,0,0,1
SAN ANDRES,"anticoncepcion, prevencion de its y de cancer de cuello uterino",umero de diu insertados,2015-06-01,0,0,1,0,0,1
SAN BENITO,"anticoncepcion, prevencion de its y de cancer de cuello uterino",umero de diu insertados,2015-06-01,0,0,1,0,0,1
SAN BORJA,"anticoncepcion, prevencion de its y de cancer de cuello uterino",umero de diu insertados,2015-06-01,0,0,6,5,0,11
SAN CARLOS,"anticoncepcion, prevencion de its y de cancer de cuello uterino",umero de diu insertados,2015-06-01,0,1,0,0,0,1
SAN IGNACIO,"anticoncepcion, prevencion de its y de cancer de cuello uterino",umero de diu insertados,2015-06-01,0,0,9,0,0,9
SAN IGNACIO DE VELASCO,"anticoncepcion, prevencion de its y de cancer de cuello uterino",umero de diu insertados,2015-06-01,0,0,2,0,0,2
SAN JAVIER(STC),"anticoncepcion, prevencion de its y de cancer de cuello uterino",umero de diu insertados,2015-06-01,0,0,1,1,0,2
SAN JULIAN,"anticoncepcion, prevencion de its y de cancer de cuello uterino",umero de diu insertados,2015-06-01,0,1,0,0,0,1
SAN LORENZO(TJA),"anticoncepcion, prevencion de its y de cancer de cuello uterino",umero de diu insertados,2015-06-01,0,0,3,1,0,4
SAN LUCAS,"anticoncepcion, prevencion de its y de cancer de cuello uterino",umero de diu insertados,2015-06-01,0,0,2,0,0,2
SAN MIGUEL DE VELASCO,"anticoncepcion, prevencion de its y de cancer de cuello uterino",umero de diu insertados,2015-06-01,0,0,1,0,0,1
SAN PEDRO,"anticoncepcion, prevencion de its y de cancer de cuello uterino",umero de diu insertados,2015-06-01,0,0,1,0,0,1
SAN RAMON SCZ,"anticoncepcion, prevencion de its y de cancer de cuello uterino",umero de diu insertados,2015-06-01,0,0,2,0,0,2
SANTA ANA,"anticoncepcion, prevencion de its y de cancer de cuello uterino",umero de diu insertados,2015-06-01,0,2,3,0,0,5
SANTA CRUZ DE LA SIERRA,"anticoncepcion, prevencion de its y de cancer de cuello uterino",umero de diu insertados,2015-06-01,2,25,208,64,0,299
SANTA ROSA DEL SARA,"anticoncepcion, prevencion de its y de cancer de cuello uterino",umero de diu insertados,2015-06-01,1,2,0,0,0,3
SANTIVAÑES,"anticoncepcion, prevencion de its y de cancer de cuello uterino",umero de diu insertados,2015-06-01,0,0,1,0,0,1
SIPE SIPE,"anticoncepcion, prevencion de its y de cancer de cuello uterino",umero de diu insertados,2015-06-01,0,2,6,1,0,9
SUCRE,"anticoncepcion, prevencion de its y de cancer de cuello uterino",umero de diu insertados,2015-06-01,0,4,55,22,0,81
TARIJA,"anticoncepcion, prevencion de its y de cancer de cuello uterino",umero de diu insertados,2015-06-01,0,12,60,19,0,91
TIPUANI,"anticoncepcion, prevencion de its y de cancer de cuello uterino",umero de diu insertados,2015-06-01,0,0,1,0,0,1
TIQUIPAYA,"anticoncepcion, prevencion de its y de cancer de cuello uterino",umero de diu insertados,2015-06-01,0,0,8,1,0,9
TOMAVE,"anticoncepcion, prevencion de its y de cancer de cuello uterino",umero de diu insertados,2015-06-01,0,0,1,0,0,1
TORO TORO,"anticoncepcion, prevencion de its y de cancer de cuello uterino",umero de diu insertados,2015-06-01,0,2,1,0,0,3
TRINIDAD,"anticoncepcion, prevencion de its y de cancer de cuello uterino",umero de diu insertados,2015-06-01,0,2,17,1,0,20
TUPIZA,"anticoncepcion, prevencion de its y de cancer de cuello uterino",umero de diu insertados,2015-06-01,0,1,0,0,0,1
URIONDO (A. CONCEPCION),"anticoncepcion, prevencion de its y de cancer de cuello uterino",umero de diu insertados,2015-06-01,0,2,0,1,0,3
VALLEGRANDE,"anticoncepcion, prevencion de its y de cancer de cuello uterino",umero de diu insertados,2015-06-01,0,1,2,0,0,3
VILLA MONTES,"anticoncepcion, prevencion de its y de cancer de cuello uterino",umero de diu insertados,2015-06-01,0,0,11,0,0,11
VILLA SERRANO,"anticoncepcion, prevencion de its y de cancer de cuello uterino",umero de diu insertados,2015-06-01,0,0,1,0,0,1
VILLA TUNARI,"anticoncepcion, prevencion de its y de cancer de cuello uterino",umero de diu insertados,2015-06-01,0,1,4,0,0,5
VILLAZON,"anticoncepcion, prevencion de its y de cancer de cuello uterino",umero de diu insertados,2015-06-01,0,0,2,1,0,3
VINTO,"anticoncepcion, prevencion de its y de cancer de cuello uterino",umero de diu insertados,2015-06-01,0,0,6,4,0,10
WARNES,"anticoncepcion, prevencion de its y de cancer de cuello uterino",umero de diu insertados,2015-06-01,1,2,4,1,0,8
YACUIBA,"anticoncepcion, prevencion de its y de cancer de cuello uterino",umero de diu insertados,2015-06-01,0,2,22,2,0,26
ACHACACHI,"anticoncepcion, prevencion de its y de cancer de cuello uterino",umero de diu insertados,2015-07-01,0,0,2,0,0,2
ACHOCALLA,"anticoncepcion, prevencion de its y de cancer de cuello uterino",umero de diu insertados,2015-07-01,0,0,1,0,0,1
AIQUILE,"anticoncepcion, prevencion de its y de cancer de cuello uterino",umero de diu insertados,2015-07-01,0,0,2,1,0,3
ARANI,"anticoncepcion, prevencion de its y de cancer de cuello uterino",umero de diu insertados,2015-07-01,0,0,1,0,0,1
ATOCHA,"anticoncepcion, prevencion de its y de cancer de cuello uterino",umero de diu insertados,2015-07-01,0,0,1,0,0,1
AYOPAYA (V. DE INDEPENDENCIA),"anticoncepcion, prevencion de its y de cancer de cuello uterino",umero de diu insertados,2015-07-01,0,0,3,1,0,4
AZURDUY,"anticoncepcion, prevencion de its y de cancer de cuello uterino",umero de diu insertados,2015-07-01,0,0,1,0,0,1
BERMEJO,"anticoncepcion, prevencion de its y de cancer de cuello uterino",umero de diu insertados,2015-07-01,0,0,2,0,0,2
BETANZOS,"anticoncepcion, prevencion de its y de cancer de cuello uterino",umero de diu insertados,2015-07-01,0,1,1,0,0,2
BUENA VISTA,"anticoncepcion, prevencion de its y de cancer de cuello uterino",umero de diu insertados,2015-07-01,0,0,1,0,0,1
CAMARGO,"anticoncepcion, prevencion de its y de cancer de cuello uterino",umero de diu insertados,2015-07-01,0,2,3,0,0,5
CAMIRI,"anticoncepcion, prevencion de its y de cancer de cuello uterino",umero de diu insertados,2015-07-01,0,7,47,12,0,66
CAPINOTA,"anticoncepcion, prevencion de its y de cancer de cuello uterino",umero de diu insertados,2015-07-01,0,0,4,0,0,4
CARACOLLO,"anticoncepcion, prevencion de its y de cancer de cuello uterino",umero de diu insertados,2015-07-01,0,0,1,0,0,1
CHIMORE,"anticoncepcion, prevencion de its y de cancer de cuello uterino",umero de diu insertados,2015-07-01,0,0,1,0,0,1
CHIPAYA,"anticoncepcion, prevencion de its y de cancer de cuello uterino",umero de diu insertados,2015-07-01,0,1,0,0,0,1
CHULUMANI (V. DE LA LIBERTAD),"anticoncepcion, prevencion de its y de cancer de cuello uterino",umero de diu insertados,2015-07-01,0,0,0,1,0,1
CHUQUIHUTA AYLLU JUCUMANI,"anticoncepcion, prevencion de its y de cancer de cuello uterino",umero de diu insertados,2015-07-01,0,0,1,1,0,2
CKOCHAS,"anticoncepcion, prevencion de its y de cancer de cuello uterino",umero de diu insertados,2015-07-01,0,0,0,1,0,1
CLIZA,"anticoncepcion, prevencion de its y de cancer de cuello uterino",umero de diu insertados,2015-07-01,0,0,1,0,0,1
COBIJA,"anticoncepcion, prevencion de its y de cancer de cuello uterino",umero de diu insertados,2015-07-01,0,1,1,0,0,2
COCHABAMBA,"anticoncepcion, prevencion de its y de cancer de cuello uterino",umero de diu insertados,2015-07-01,0,17,253,67,0,337
COLCAPIRHUA,"anticoncepcion, prevencion de its y de cancer de cuello uterino",umero de diu insertados,2015-07-01,0,1,4,0,0,5
COMARAPA,"anticoncepcion, prevencion de its y de cancer de cuello uterino",umero de diu insertados,2015-07-01,0,0,1,0,0,1
CONCEPCION,"anticoncepcion, prevencion de its y de cancer de cuello uterino",umero de diu insertados,2015-07-01,0,0,0,1,0,1
COTOCA,"anticoncepcion, prevencion de its y de cancer de cuello uterino",umero de diu insertados,2015-07-01,0,2,3,1,0,6
CULPINA,"anticoncepcion, prevencion de its y de cancer de cuello uterino",umero de diu insertados,2015-07-01,0,0,2,1,0,3
EL ALTO,"anticoncepcion, prevencion de its y de cancer de cuello uterino",umero de diu insertados,2015-07-01,0,5,41,60,0,106
EL PUENTE(TJA),"anticoncepcion, prevencion de its y de cancer de cuello uterino",umero de diu insertados,2015-07-01,0,0,1,0,0,1
EL TORNO,"anticoncepcion, prevencion de its y de cancer de cuello uterino",umero de diu insertados,2015-07-01,1,2,9,8,0,20
ENTRE RIOS TRJ,"anticoncepcion, prevencion de its y de cancer de cuello uterino",umero de diu insertados,2015-07-01,0,0,4,0,0,4
GUANAY,"anticoncepcion, prevencion de its y de cancer de cuello uterino",umero de diu insertados,2015-07-01,0,1,0,0,0,1
GUAYARAMERIN,"anticoncepcion, prevencion de its y de cancer de cuello uterino",umero de diu insertados,2015-07-01,0,1,3,0,0,4
GUTIERREZ,"anticoncepcion, prevencion de its y de cancer de cuello uterino",umero de diu insertados,2015-07-01,0,0,1,1,0,2
IRUPANA (VILLA DE LANZA),"anticoncepcion, prevencion de its y de cancer de cuello uterino",umero de diu insertados,2015-07-01,0,0,4,0,0,4
LA GUARDIA,"anticoncepcion, prevencion de its y de cancer de cuello uterino",umero de diu insertados,2015-07-01,0,1,8,0,0,9
LA PAZ,"anticoncepcion, prevencion de its y de cancer de cuello uterino",umero de diu insertados,2015-07-01,0,18,188,29,0,235
LLALLAGUA,"anticoncepcion, prevencion de its y de cancer de cuello uterino",umero de diu insertados,2015-07-01,0,0,1,0,0,1
MAIRANA,"anticoncepcion, prevencion de its y de cancer de cuello uterino",umero de diu insertados,2015-07-01,0,0,5,0,0,5
MAPIRI,"anticoncepcion, prevencion de its y de cancer de cuello uterino",umero de diu insertados,2015-07-01,0,0,0,1,0,1
MINEROS,"anticoncepcion, prevencion de its y de cancer de cuello uterino",umero de diu insertados,2015-07-01,0,0,1,0,0,1
MIZQUE,"anticoncepcion, prevencion de its y de cancer de cuello uterino",umero de diu insertados,2015-07-01,0,0,1,0,0,1
MONTEAGUDO,"anticoncepcion, prevencion de its y de cancer de cuello uterino",umero de diu insertados,2015-07-01,0,2,6,4,0,12
MONTERO,"anticoncepcion, prevencion de its y de cancer de cuello uterino",umero de diu insertados,2015-07-01,0,1,7,0,0,8
OCURI,"anticoncepcion, prevencion de its y de cancer de cuello uterino",umero de diu insertados,2015-07-01,0,0,2,0,0,2
ORURO,"anticoncepcion, prevencion de its y de cancer de cuello uterino",umero de diu insertados,2015-07-01,0,9,26,11,0,46
PADCAYA,"anticoncepcion, prevencion de its y de cancer de cuello uterino",umero de diu insertados,2015-07-01,0,1,5,0,0,6
PAILON,"anticoncepcion, prevencion de its y de cancer de cuello uterino",umero de diu insertados,2015-07-01,0,1,1,2,0,4
PORONGO,"anticoncepcion, prevencion de its y de cancer de cuello uterino",umero de diu insertados,2015-07-01,0,0,6,1,0,7
PORTACHUELO,"anticoncepcion, prevencion de its y de cancer de cuello uterino",umero de diu insertados,2015-07-01,0,0,1,2,0,3
POSTRER VALLE,"anticoncepcion, prevencion de its y de cancer de cuello uterino",umero de diu insertados,2015-07-01,0,1,0,0,0,1
POTOSI,"anticoncepcion, prevencion de its y de cancer de cuello uterino",umero de diu insertados,2015-07-01,0,0,0,4,0,4
PUERTO RICO,"anticoncepcion, prevencion de its y de cancer de cuello uterino",umero de diu insertados,2015-07-01,0,0,0,1,0,1
PUERTO SUAREZ,"anticoncepcion, prevencion de its y de cancer de cuello uterino",umero de diu insertados,2015-07-01,0,0,2,1,0,3
PUERTO VILLARROEL,"anticoncepcion, prevencion de its y de cancer de cuello uterino",umero de diu insertados,2015-07-01,0,1,2,0,0,3
PUNA,"anticoncepcion, prevencion de its y de cancer de cuello uterino",umero de diu insertados,2015-07-01,0,0,1,0,0,1
PUNATA,"anticoncepcion, prevencion de its y de cancer de cuello uterino",umero de diu insertados,2015-07-01,0,0,3,1,0,4
QUILLACOLLO,"anticoncepcion, prevencion de its y de cancer de cuello uterino",umero de diu insertados,2015-07-01,0,2,8,4,0,14
RIBERALTA,"anticoncepcion, prevencion de its y de cancer de cuello uterino",umero de diu insertados,2015-07-01,0,0,3,0,0,3
ROBORE,"anticoncepcion, prevencion de its y de cancer de cuello uterino",umero de diu insertados,2015-07-01,0,0,3,0,0,3
RURRENABAQUE,"anticoncepcion, prevencion de its y de cancer de cuello uterino",umero de diu insertados,2015-07-01,0,0,0,2,0,2
SACABA,"anticoncepcion, prevencion de its y de cancer de cuello uterino",umero de diu insertados,2015-07-01,0,1,11,3,0,15
SAMAIPATA,"anticoncepcion, prevencion de its y de cancer de cuello uterino",umero de diu insertados,2015-07-01,0,0,0,1,0,1
SAN ANDRES,"anticoncepcion, prevencion de its y de cancer de cuello uterino",umero de diu insertados,2015-07-01,0,0,1,0,0,1
SAN BORJA,"anticoncepcion, prevencion de its y de cancer de cuello uterino",umero de diu insertados,2015-07-01,0,3,6,1,0,10
SAN BUENA VENTURA,"anticoncepcion, prevencion de its y de cancer de cuello uterino",umero de diu insertados,2015-07-01,0,1,0,0,0,1
SAN CARLOS,"anticoncepcion, prevencion de its y de cancer de cuello uterino",umero de diu insertados,2015-07-01,0,0,1,0,0,1
SAN IGNACIO,"anticoncepcion, prevencion de its y de cancer de cuello uterino",umero de diu insertados,2015-07-01,0,1,3,1,0,5
SAN IGNACIO DE VELASCO,"anticoncepcion, prevencion de its y de cancer de cuello uterino",umero de diu insertados,2015-07-01,0,0,0,1,0,1
SAN JULIAN,"anticoncepcion, prevencion de its y de cancer de cuello uterino",umero de diu insertados,2015-07-01,0,0,2,0,0,2
SAN LORENZO(TJA),"anticoncepcion, prevencion de its y de cancer de cuello uterino",umero de diu insertados,2015-07-01,0,0,2,0,0,2
SAN MATIAS,"anticoncepcion, prevencion de its y de cancer de cuello uterino",umero de diu insertados,2015-07-01,0,0,1,0,0,1
SAN RAMON BENI,"anticoncepcion, prevencion de its y de cancer de cuello uterino",umero de diu insertados,2015-07-01,0,0,1,0,0,1
SANTA ANA,"anticoncepcion, prevencion de its y de cancer de cuello uterino",umero de diu insertados,2015-07-01,0,1,1,0,0,2
SANTA CRUZ DE LA SIERRA,"anticoncepcion, prevencion de its y de cancer de cuello uterino",umero de diu insertados,2015-07-01,0,37,186,76,0,299
SANTA ROSA DEL SARA,"anticoncepcion, prevencion de its y de cancer de cuello uterino",umero de diu insertados,2015-07-01,0,0,1,0,0,1
SANTIVAÑES,"anticoncepcion, prevencion de its y de cancer de cuello uterino",umero de diu insertados,2015-07-01,0,0,1,0,0,1
SIPE SIPE,"anticoncepcion, prevencion de its y de cancer de cuello uterino",umero de diu insertados,2015-07-01,0,0,6,0,0,6
SUCRE,"anticoncepcion, prevencion de its y de cancer de cuello uterino",umero de diu insertados,2015-07-01,0,4,56,12,0,72
TARIJA,"anticoncepcion, prevencion de its y de cancer de cuello uterino",umero de diu insertados,2015-07-01,0,10,45,28,4,87
TIQUIPAYA,"anticoncepcion, prevencion de its y de cancer de cuello uterino",umero de diu insertados,2015-07-01,0,1,2,1,0,4
TORO TORO,"anticoncepcion, prevencion de its y de cancer de cuello uterino",umero de diu insertados,2015-07-01,0,1,1,0,0,2
TRINIDAD,"anticoncepcion, prevencion de its y de cancer de cuello uterino",umero de diu insertados,2015-07-01,0,0,23,1,0,24
TUPIZA,"anticoncepcion, prevencion de its y de cancer de cuello uterino",umero de diu insertados,2015-07-01,0,0,3,0,0,3
UYUNI,"anticoncepcion, prevencion de its y de cancer de cuello uterino",umero de diu insertados,2015-07-01,0,0,1,0,0,1
VALLEGRANDE,"anticoncepcion, prevencion de its y de cancer de cuello uterino",umero de diu insertados,2015-07-01,0,3,5,0,0,8
VIACHA,"anticoncepcion, prevencion de its y de cancer de cuello uterino",umero de diu insertados,2015-07-01,0,0,11,2,0,13
VILLA MONTES,"anticoncepcion, prevencion de its y de cancer de cuello uterino",umero de diu insertados,2015-07-01,0,2,3,1,0,6
VILLA TUNARI,"anticoncepcion, prevencion de its y de cancer de cuello uterino",umero de diu insertados,2015-07-01,0,1,4,3,0,8
VILLAZON,"anticoncepcion, prevencion de its y de cancer de cuello uterino",umero de diu insertados,2015-07-01,0,1,1,1,0,3
VINTO,"anticoncepcion, prevencion de its y de cancer de cuello uterino",umero de diu insertados,2015-07-01,0,0,3,0,0,3
WARNES,"anticoncepcion, prevencion de its y de cancer de cuello uterino",umero de diu insertados,2015-07-01,0,0,2,1,0,3
YACUIBA,"anticoncepcion, prevencion de its y de cancer de cuello uterino",umero de diu insertados,2015-07-01,0,1,13,2,0,16
YOTALA,"anticoncepcion, prevencion de its y de cancer de cuello uterino",umero de diu insertados,2015-07-01,0,0,1,0,0,1
ACHACACHI,"anticoncepcion, prevencion de its y de cancer de cuello uterino",umero de diu insertados,2015-08-01,0,0,1,1,0,2
AIQUILE,"anticoncepcion, prevencion de its y de cancer de cuello uterino",umero de diu insertados,2015-08-01,0,0,2,1,0,3
ASCENCION DE GUARAYOS,"anticoncepcion, prevencion de its y de cancer de cuello uterino",umero de diu insertados,2015-08-01,0,0,1,0,0,1
BELEN DE URMIRI,"anticoncepcion, prevencion de its y de cancer de cuello uterino",umero de diu insertados,2015-08-01,0,0,2,0,0,2
BERMEJO,"anticoncepcion, prevencion de its y de cancer de cuello uterino",umero de diu insertados,2015-08-01,0,0,6,2,0,8
CAMARGO,"anticoncepcion, prevencion de its y de cancer de cuello uterino",umero de diu insertados,2015-08-01,0,0,1,0,0,1
CAPINOTA,"anticoncepcion, prevencion de its y de cancer de cuello uterino",umero de diu insertados,2015-08-01,0,0,0,2,0,2
CARANAVI,"anticoncepcion, prevencion de its y de cancer de cuello uterino",umero de diu insertados,2015-08-01,0,1,3,0,0,4
CARAPARI,"anticoncepcion, prevencion de its y de cancer de cuello uterino",umero de diu insertados,2015-08-01,0,2,0,0,0,2
CHIMORE,"anticoncepcion, prevencion de its y de cancer de cuello uterino",umero de diu insertados,2015-08-01,0,0,3,0,0,3
CHULUMANI (V. DE LA LIBERTAD),"anticoncepcion, prevencion de its y de cancer de cuello uterino",umero de diu insertados,2015-08-01,0,0,0,1,0,1
CLIZA,"anticoncepcion, prevencion de its y de cancer de cuello uterino",umero de diu insertados,2015-08-01,0,0,1,0,0,1
COBIJA,"anticoncepcion, prevencion de its y de cancer de cuello uterino",umero de diu insertados,2015-08-01,0,0,2,0,0,2
COCHABAMBA,"anticoncepcion, prevencion de its y de cancer de cuello uterino",umero de diu insertados,2015-08-01,0,8,190,47,0,245
COLCAPIRHUA,"anticoncepcion, prevencion de its y de cancer de cuello uterino",umero de diu insertados,2015-08-01,0,0,3,1,0,4
COMARAPA,"anticoncepcion, prevencion de its y de cancer de cuello uterino",umero de diu insertados,2015-08-01,0,0,1,1,0,2
COPACABANA,"anticoncepcion, prevencion de its y de cancer de cuello uterino",umero de diu insertados,2015-08-01,0,1,0,0,0,1
COTAGAITA,"anticoncepcion, prevencion de its y de cancer de cuello uterino",umero de diu insertados,2015-08-01,0,1,1,0,0,2
COTOCA,"anticoncepcion, prevencion de its y de cancer de cuello uterino",umero de diu insertados,2015-08-01,0,1,5,1,0,7
CULPINA,"anticoncepcion, prevencion de its y de cancer de cuello uterino",umero de diu insertados,2015-08-01,0,0,0,1,0,1
EL ALTO,"anticoncepcion, prevencion de its y de cancer de cuello uterino",umero de diu insertados,2015-08-01,1,5,39,30,0,75
EL TORNO,"anticoncepcion, prevencion de its y de cancer de cuello uterino",umero de diu insertados,2015-08-01,0,3,9,0,0,12
ENTRE RIOS TRJ,"anticoncepcion, prevencion de its y de cancer de cuello uterino",umero de diu insertados,2015-08-01,0,0,2,1,0,3
GUANAY,"anticoncepcion, prevencion de its y de cancer de cuello uterino",umero de diu insertados,2015-08-01,0,1,2,0,0,3
GUAYARAMERIN,"anticoncepcion, prevencion de its y de cancer de cuello uterino",umero de diu insertados,2015-08-01,1,0,0,1,0,2
HUACARETA,"anticoncepcion, prevencion de its y de cancer de cuello uterino",umero de diu insertados,2015-08-01,0,0,2,0,0,2
HUANUNI,"anticoncepcion, prevencion de its y de cancer de cuello uterino",umero de diu insertados,2015-08-01,0,0,1,0,0,1
IRUPANA (VILLA DE LANZA),"anticoncepcion, prevencion de its y de cancer de cuello uterino",umero de diu insertados,2015-08-01,0,0,1,0,0,1
LA GUARDIA,"anticoncepcion, prevencion de its y de cancer de cuello uterino",umero de diu insertados,2015-08-01,0,0,9,2,0,11
LA PAZ,"anticoncepcion, prevencion de its y de cancer de cuello uterino",umero de diu insertados,2015-08-01,1,17,130,26,1,175
LLALLAGUA,"anticoncepcion, prevencion de its y de cancer de cuello uterino",umero de diu insertados,2015-08-01,0,1,1,0,0,2
MACHARETI,"anticoncepcion, prevencion de its y de cancer de cuello uterino",umero de diu insertados,2015-08-01,0,1,0,0,0,1
MAIRANA,"anticoncepcion, prevencion de its y de cancer de cuello uterino",umero de diu insertados,2015-08-01,0,0,3,0,0,3
MAPIRI,"anticoncepcion, prevencion de its y de cancer de cuello uterino",umero de diu insertados,2015-08-01,0,0,1,0,0,1
MINEROS,"anticoncepcion, prevencion de its y de cancer de cuello uterino",umero de diu insertados,2015-08-01,0,0,1,0,0,1
MONTEAGUDO,"anticoncepcion, prevencion de its y de cancer de cuello uterino",umero de diu insertados,2015-08-01,0,0,4,2,0,6
MONTERO,"anticoncepcion, prevencion de its y de cancer de cuello uterino",umero de diu insertados,2015-08-01,0,1,6,1,0,8
ORURO,"anticoncepcion, prevencion de its y de cancer de cuello uterino",umero de diu insertados,2015-08-01,0,0,24,4,0,28
PADCAYA,"anticoncepcion, prevencion de its y de cancer de cuello uterino",umero de diu insertados,2015-08-01,0,0,2,1,0,3
PADILLA,"anticoncepcion, prevencion de its y de cancer de cuello uterino",umero de diu insertados,2015-08-01,0,1,1,1,0,3
PORONGO,"anticoncepcion, prevencion de its y de cancer de cuello uterino",umero de diu insertados,2015-08-01,0,0,4,0,0,4
POTOSI,"anticoncepcion, prevencion de its y de cancer de cuello uterino",umero de diu insertados,2015-08-01,0,0,3,5,0,8
PUERTO QUIJARRO,"anticoncepcion, prevencion de its y de cancer de cuello uterino",umero de diu insertados,2015-08-01,0,0,5,0,0,5
PUERTO SUAREZ,"anticoncepcion, prevencion de its y de cancer de cuello uterino",umero de diu insertados,2015-08-01,0,0,4,0,0,4
PUERTO VILLARROEL,"anticoncepcion, prevencion de its y de cancer de cuello uterino",umero de diu insertados,2015-08-01,0,0,2,0,0,2
PUNATA,"anticoncepcion, prevencion de its y de cancer de cuello uterino",umero de diu insertados,2015-08-01,0,0,2,3,0,5
QUILLACOLLO,"anticoncepcion, prevencion de its y de cancer de cuello uterino",umero de diu insertados,2015-08-01,0,0,10,9,0,19
RIBERALTA,"anticoncepcion, prevencion de its y de cancer de cuello uterino",umero de diu insertados,2015-08-01,0,0,1,0,0,1
RURRENABAQUE,"anticoncepcion, prevencion de its y de cancer de cuello uterino",umero de diu insertados,2015-08-01,0,0,1,0,0,1
SACABA,"anticoncepcion, prevencion de its y de cancer de cuello uterino",umero de diu insertados,2015-08-01,0,2,14,6,0,22
SACACA,"anticoncepcion, prevencion de its y de cancer de cuello uterino",umero de diu insertados,2015-08-01,0,0,1,0,0,1
SAN BORJA,"anticoncepcion, prevencion de its y de cancer de cuello uterino",umero de diu insertados,2015-08-01,0,0,3,0,0,3
SAN CARLOS,"anticoncepcion, prevencion de its y de cancer de cuello uterino",umero de diu insertados,2015-08-01,0,1,5,0,0,6
SAN IGNACIO,"anticoncepcion, prevencion de its y de cancer de cuello uterino",umero de diu insertados,2015-08-01,0,0,1,1,0,2
SAN IGNACIO DE VELASCO,"anticoncepcion, prevencion de its y de cancer de cuello uterino",umero de diu insertados,2015-08-01,0,0,2,0,0,2
SAN JOSE DE CHIQUITOS,"anticoncepcion, prevencion de its y de cancer de cuello uterino",umero de diu insertados,2015-08-01,0,1,0,1,0,2
SAN LORENZO(TJA),"anticoncepcion, prevencion de its y de cancer de cuello uterino",umero de diu insertados,2015-08-01,0,0,1,0,0,1
SAN MATIAS,"anticoncepcion, prevencion de its y de cancer de cuello uterino",umero de diu insertados,2015-08-01,0,0,3,0,0,3
SAN PEDRO,"anticoncepcion, prevencion de its y de cancer de cuello uterino",umero de diu insertados,2015-08-01,0,0,1,0,0,1
SANTA ANA,"anticoncepcion, prevencion de its y de cancer de cuello uterino",umero de diu insertados,2015-08-01,0,0,0,1,0,1
SANTA CRUZ DE LA SIERRA,"anticoncepcion, prevencion de its y de cancer de cuello uterino",umero de diu insertados,2015-08-01,1,23,184,85,0,293
SANTA ROSA DEL SARA,"anticoncepcion, prevencion de its y de cancer de cuello uterino",umero de diu insertados,2015-08-01,0,0,2,0,0,2
SHINAOTA,"anticoncepcion, prevencion de its y de cancer de cuello uterino",umero de diu insertados,2015-08-01,0,0,1,0,0,1
SIPE SIPE,"anticoncepcion, prevencion de its y de cancer de cuello uterino",umero de diu insertados,2015-08-01,0,1,2,0,0,3
SUCRE,"anticoncepcion, prevencion de its y de cancer de cuello uterino",umero de diu insertados,2015-08-01,0,4,40,15,0,59
TARIJA,"anticoncepcion, prevencion de its y de cancer de cuello uterino",umero de diu insertados,2015-08-01,0,9,106,25,0,140
TIPUANI,"anticoncepcion, prevencion de its y de cancer de cuello uterino",umero de diu insertados,2015-08-01,0,0,0,1,0,1
TIQUIPAYA,"anticoncepcion, prevencion de its y de cancer de cuello uterino",umero de diu insertados,2015-08-01,0,0,5,1,0,6
TOMINA,"anticoncepcion, prevencion de its y de cancer de cuello uterino",umero de diu insertados,2015-08-01,0,0,0,1,0,1
TORO TORO,"anticoncepcion, prevencion de its y de cancer de cuello uterino",umero de diu insertados,2015-08-01,0,0,1,0,0,1
TRINIDAD,"anticoncepcion, prevencion de its y de cancer de cuello uterino",umero de diu insertados,2015-08-01,0,8,7,1,0,16
TUPIZA,"anticoncepcion, prevencion de its y de cancer de cuello uterino",umero de diu insertados,2015-08-01,0,0,3,0,0,3
URIONDO (A. CONCEPCION),"anticoncepcion, prevencion de its y de cancer de cuello uterino",umero de diu insertados,2015-08-01,0,2,0,1,0,3
VALLEGRANDE,"anticoncepcion, prevencion de its y de cancer de cuello uterino",umero de diu insertados,2015-08-01,0,3,2,1,0,6
VIACHA,"anticoncepcion, prevencion de its y de cancer de cuello uterino",umero de diu insertados,2015-08-01,0,0,3,3,0,6
VILLA MONTES,"anticoncepcion, prevencion de its y de cancer de cuello uterino",umero de diu insertados,2015-08-01,0,0,5,0,0,5
VILLAZON,"anticoncepcion, prevencion de its y de cancer de cuello uterino",umero de diu insertados,2015-08-01,0,0,9,2,0,11
VINTO,"anticoncepcion, prevencion de its y de cancer de cuello uterino",umero de diu insertados,2015-08-01,0,1,5,1,0,7
WARNES,"anticoncepcion, prevencion de its y de cancer de cuello uterino",umero de diu insertados,2015-08-01,0,2,5,0,0,7
YACUIBA,"anticoncepcion, prevencion de its y de cancer de cuello uterino",umero de diu insertados,2015-08-01,0,2,11,2,0,15
ZUDAÑEZ,"anticoncepcion, prevencion de its y de cancer de cuello uterino",umero de diu insertados,2015-08-01,0,0,1,0,0,1
ACHACACHI,"anticoncepcion, prevencion de its y de cancer de cuello uterino",umero de diu insertados,2015-09-01,0,0,0,0,0,0
ACHOCALLA,"anticoncepcion, prevencion de its y de cancer de cuello uterino",umero de diu insertados,2015-09-01,0,0,1,0,0,1
AIQUILE,"anticoncepcion, prevencion de its y de cancer de cuello uterino",umero de diu insertados,2015-09-01,0,0,3,2,0,5
APOLO,"anticoncepcion, prevencion de its y de cancer de cuello uterino",umero de diu insertados,2015-09-01,0,0,0,1,0,1
ASCENCION DE GUARAYOS,"anticoncepcion, prevencion de its y de cancer de cuello uterino",umero de diu insertados,2015-09-01,0,1,3,0,0,4
ATOCHA,"anticoncepcion, prevencion de its y de cancer de cuello uterino",umero de diu insertados,2015-09-01,0,0,1,0,0,1
AYOPAYA (V. DE INDEPENDENCIA),"anticoncepcion, prevencion de its y de cancer de cuello uterino",umero de diu insertados,2015-09-01,0,0,1,0,0,1
BERMEJO,"anticoncepcion, prevencion de its y de cancer de cuello uterino",umero de diu insertados,2015-09-01,0,0,2,3,0,5
CAMIRI,"anticoncepcion, prevencion de its y de cancer de cuello uterino",umero de diu insertados,2015-09-01,0,2,2,0,0,4
CAPINOTA,"anticoncepcion, prevencion de its y de cancer de cuello uterino",umero de diu insertados,2015-09-01,0,0,0,1,0,1
CARACOLLO,"anticoncepcion, prevencion de its y de cancer de cuello uterino",umero de diu insertados,2015-09-01,0,0,1,0,0,1
CARANAVI,"anticoncepcion, prevencion de its y de cancer de cuello uterino",umero de diu insertados,2015-09-01,0,0,1,1,0,2
CARAPARI,"anticoncepcion, prevencion de its y de cancer de cuello uterino",umero de diu insertados,2015-09-01,0,0,1,0,0,1
CHARAGUA,"anticoncepcion, prevencion de its y de cancer de cuello uterino",umero de diu insertados,2015-09-01,0,0,0,1,0,1
CHIMORE,"anticoncepcion, prevencion de its y de cancer de cuello uterino",umero de diu insertados,2015-09-01,0,1,0,0,0,1
CHULUMANI (V. DE LA LIBERTAD),"anticoncepcion, prevencion de its y de cancer de cuello uterino",umero de diu insertados,2015-09-01,0,0,1,0,0,1
CHUQUIHUTA AYLLU JUCUMANI,"anticoncepcion, prevencion de its y de cancer de cuello uterino",umero de diu insertados,2015-09-01,0,0,1,0,0,1
CKOCHAS,"anticoncepcion, prevencion de its y de cancer de cuello uterino",umero de diu insertados,2015-09-01,0,0,2,1,0,3
CLIZA,"anticoncepcion, prevencion de its y de cancer de cuello uterino",umero de diu insertados,2015-09-01,0,0,2,0,0,2
COCHABAMBA,"anticoncepcion, prevencion de its y de cancer de cuello uterino",umero de diu insertados,2015-09-01,0,17,165,33,0,215
COLCAPIRHUA,"anticoncepcion, prevencion de its y de cancer de cuello uterino",umero de diu insertados,2015-09-01,0,0,3,0,0,3
COLOMI,"anticoncepcion, prevencion de its y de cancer de cuello uterino",umero de diu insertados,2015-09-01,0,0,1,0,0,1
COLQUIRI,"anticoncepcion, prevencion de its y de cancer de cuello uterino",umero de diu insertados,2015-09-01,0,0,0,1,0,1
COMARAPA,"anticoncepcion, prevencion de its y de cancer de cuello uterino",umero de diu insertados,2015-09-01,0,1,2,0,0,3
COTOCA,"anticoncepcion, prevencion de its y de cancer de cuello uterino",umero de diu insertados,2015-09-01,0,1,2,0,0,3
EL ALTO,"anticoncepcion, prevencion de its y de cancer de cuello uterino",umero de diu insertados,2015-09-01,0,3,36,15,0,54
EL TORNO,"anticoncepcion, prevencion de its y de cancer de cuello uterino",umero de diu insertados,2015-09-01,0,2,9,3,0,14
ENTRE RIOS TRJ,"anticoncepcion, prevencion de its y de cancer de cuello uterino",umero de diu insertados,2015-09-01,0,1,0,0,0,1
FERNANDEZ ALONSO,"anticoncepcion, prevencion de its y de cancer de cuello uterino",umero de diu insertados,2015-09-01,0,0,2,0,0,2
GENERAL SAAVEDRA,"anticoncepcion, prevencion de its y de cancer de cuello uterino",umero de diu insertados,2015-09-01,0,0,1,0,0,1
GUAYARAMERIN,"anticoncepcion, prevencion de its y de cancer de cuello uterino",umero de diu insertados,2015-09-01,0,0,3,2,0,5
HUACARETA,"anticoncepcion, prevencion de its y de cancer de cuello uterino",umero de diu insertados,2015-09-01,0,0,0,1,0,1
HUAYLLAMARCA,"anticoncepcion, prevencion de its y de cancer de cuello uterino",umero de diu insertados,2015-09-01,0,0,1,0,0,1
IRUPANA (VILLA DE LANZA),"anticoncepcion, prevencion de its y de cancer de cuello uterino",umero de diu insertados,2015-09-01,0,0,3,2,0,5
LA GUARDIA,"anticoncepcion, prevencion de its y de cancer de cuello uterino",umero de diu insertados,2015-09-01,0,1,8,3,0,12
LA PAZ,"anticoncepcion, prevencion de its y de cancer de cuello uterino",umero de diu insertados,2015-09-01,1,7,132,44,0,184
LLALLAGUA,"anticoncepcion, prevencion de its y de cancer de cuello uterino",umero de diu insertados,2015-09-01,0,0,10,0,0,10
MACHARETI,"anticoncepcion, prevencion de its y de cancer de cuello uterino",umero de diu insertados,2015-09-01,0,1,1,0,0,2
MAIRANA,"anticoncepcion, prevencion de its y de cancer de cuello uterino",umero de diu insertados,2015-09-01,0,0,1,0,0,1
MINEROS,"anticoncepcion, prevencion de its y de cancer de cuello uterino",umero de diu insertados,2015-09-01,0,1,1,0,0,2
MONTEAGUDO,"anticoncepcion, prevencion de its y de cancer de cuello uterino",umero de diu insertados,2015-09-01,0,1,12,0,0,13
MONTERO,"anticoncepcion, prevencion de its y de cancer de cuello uterino",umero de diu insertados,2015-09-01,0,2,10,2,0,14
MOROCHATA,"anticoncepcion, prevencion de its y de cancer de cuello uterino",umero de diu insertados,2015-09-01,0,0,1,0,0,1
ORURO,"anticoncepcion, prevencion de its y de cancer de cuello uterino",umero de diu insertados,2015-09-01,0,0,25,8,0,33
PADCAYA,"anticoncepcion, prevencion de its y de cancer de cuello uterino",umero de diu insertados,2015-09-01,0,0,1,0,0,1
PAILON,"anticoncepcion, prevencion de its y de cancer de cuello uterino",umero de diu insertados,2015-09-01,0,0,3,2,0,5
PALOS BLANCOS,"anticoncepcion, prevencion de its y de cancer de cuello uterino",umero de diu insertados,2015-09-01,0,0,1,0,0,1
PAMPA GRANDE,"anticoncepcion, prevencion de its y de cancer de cuello uterino",umero de diu insertados,2015-09-01,0,0,1,0,0,1
POJO (CBBA),"anticoncepcion, prevencion de its y de cancer de cuello uterino",umero de diu insertados,2015-09-01,0,0,1,0,0,1
PORTACHUELO,"anticoncepcion, prevencion de its y de cancer de cuello uterino",umero de diu insertados,2015-09-01,0,1,2,0,0,3
POSTRER VALLE,"anticoncepcion, prevencion de its y de cancer de cuello uterino",umero de diu insertados,2015-09-01,0,0,1,0,0,1
POTOSI,"anticoncepcion, prevencion de its y de cancer de cuello uterino",umero de diu insertados,2015-09-01,0,0,4,5,0,9
PUERTO SUAREZ,"anticoncepcion, prevencion de its y de cancer de cuello uterino",umero de diu insertados,2015-09-01,0,0,2,0,0,2
PUNA,"anticoncepcion, prevencion de its y de cancer de cuello uterino",umero de diu insertados,2015-09-01,0,0,1,0,0,1
PUNATA,"anticoncepcion, prevencion de its y de cancer de cuello uterino",umero de diu insertados,2015-09-01,0,1,0,5,0,6
QUILLACOLLO,"anticoncepcion, prevencion de its y de cancer de cuello uterino",umero de diu insertados,2015-09-01,0,2,8,0,0,10
REYES,"anticoncepcion, prevencion de its y de cancer de cuello uterino",umero de diu insertados,2015-09-01,0,2,0,0,0,2
RIBERALTA,"anticoncepcion, prevencion de its y de cancer de cuello uterino",umero de diu insertados,2015-09-01,0,2,1,0,0,3
RURRENABAQUE,"anticoncepcion, prevencion de its y de cancer de cuello uterino",umero de diu insertados,2015-09-01,0,0,3,0,0,3
SACABA,"anticoncepcion, prevencion de its y de cancer de cuello uterino",umero de diu insertados,2015-09-01,0,1,15,7,0,23
SACACA,"anticoncepcion, prevencion de its y de cancer de cuello uterino",umero de diu insertados,2015-09-01,0,0,2,1,0,3
SAMAIPATA,"anticoncepcion, prevencion de its y de cancer de cuello uterino",umero de diu insertados,2015-09-01,0,0,1,0,0,1
SAN BORJA,"anticoncepcion, prevencion de its y de cancer de cuello uterino",umero de diu insertados,2015-09-01,0,0,1,0,0,1
SAN BUENA VENTURA,"anticoncepcion, prevencion de its y de cancer de cuello uterino",umero de diu insertados,2015-09-01,0,0,1,0,0,1
SAN CARLOS,"anticoncepcion, prevencion de its y de cancer de cuello uterino",umero de diu insertados,2015-09-01,2,2,0,0,0,4
SAN IGNACIO,"anticoncepcion, prevencion de its y de cancer de cuello uterino",umero de diu insertados,2015-09-01,0,1,9,2,0,12
SAN IGNACIO DE VELASCO,"anticoncepcion, prevencion de its y de cancer de cuello uterino",umero de diu insertados,2015-09-01,0,0,1,0,0,1
SAN JAVIER(STC),"anticoncepcion, prevencion de its y de cancer de cuello uterino",umero de diu insertados,2015-09-01,0,0,1,0,0,1
SAN JOSE DE CHIQUITOS,"anticoncepcion, prevencion de its y de cancer de cuello uterino",umero de diu insertados,2015-09-01,0,0,1,1,0,2
SAN RAMON BENI,"anticoncepcion, prevencion de its y de cancer de cuello uterino",umero de diu insertados,2015-09-01,0,0,1,1,0,2
SAN RAMON SCZ,"anticoncepcion, prevencion de its y de cancer de cuello uterino",umero de diu insertados,2015-09-01,0,1,1,0,0,2
SANTA ANA,"anticoncepcion, prevencion de its y de cancer de cuello uterino",umero de diu insertados,2015-09-01,0,0,3,1,0,4
SANTA CRUZ DE LA SIERRA,"anticoncepcion, prevencion de its y de cancer de cuello uterino",umero de diu insertados,2015-09-01,1,33,292,125,0,451
SANTA ROSA DEL SARA,"anticoncepcion, prevencion de its y de cancer de cuello uterino",umero de diu insertados,2015-09-01,0,0,2,1,0,3
SICA SICA (VILLA AROMA),"anticoncepcion, prevencion de its y de cancer de cuello uterino",umero de diu insertados,2015-09-01,0,0,1,0,0,1
SIPE SIPE,"anticoncepcion, prevencion de its y de cancer de cuello uterino",umero de diu insertados,2015-09-01,0,0,8,1,0,9
SUCRE,"anticoncepcion, prevencion de its y de cancer de cuello uterino",umero de diu insertados,2015-09-01,0,9,54,14,0,77
TARIJA,"anticoncepcion, prevencion de its y de cancer de cuello uterino",umero de diu insertados,2015-09-01,0,14,31,12,0,57
TIQUIPAYA,"anticoncepcion, prevencion de its y de cancer de cuello uterino",umero de diu insertados,2015-09-01,0,0,6,0,0,6
TORO TORO,"anticoncepcion, prevencion de its y de cancer de cuello uterino",umero de diu insertados,2015-09-01,0,0,0,1,0,1
TRINIDAD,"anticoncepcion, prevencion de its y de cancer de cuello uterino",umero de diu insertados,2015-09-01,0,0,26,0,0,26
TUPIZA,"anticoncepcion, prevencion de its y de cancer de cuello uterino",umero de diu insertados,2015-09-01,0,0,6,1,0,7
UYUNI,"anticoncepcion, prevencion de its y de cancer de cuello uterino",umero de diu insertados,2015-09-01,0,0,1,0,0,1
VALLEGRANDE,"anticoncepcion, prevencion de its y de cancer de cuello uterino",umero de diu insertados,2015-09-01,0,0,4,2,0,6
VIACHA,"anticoncepcion, prevencion de its y de cancer de cuello uterino",umero de diu insertados,2015-09-01,0,0,6,1,0,7
VILLA CHARCAS,"anticoncepcion, prevencion de its y de cancer de cuello uterino",umero de diu insertados,2015-09-01,0,0,0,1,0,1
VILLA MONTES,"anticoncepcion, prevencion de its y de cancer de cuello uterino",umero de diu insertados,2015-09-01,0,0,1,0,0,1
VILLA SERRANO,"anticoncepcion, prevencion de its y de cancer de cuello uterino",umero de diu insertados,2015-09-01,0,0,1,0,0,1
VILLAZON,"anticoncepcion, prevencion de its y de cancer de cuello uterino",umero de diu insertados,2015-09-01,0,1,7,3,0,11
VINTO,"anticoncepcion, prevencion de its y de cancer de cuello uterino",umero de diu insertados,2015-09-01,0,2,4,0,0,6
WARNES,"anticoncepcion, prevencion de its y de cancer de cuello uterino",umero de diu insertados,2015-09-01,0,3,5,1,0,9
YACUIBA,"anticoncepcion, prevencion de its y de cancer de cuello uterino",umero de diu insertados,2015-09-01,0,2,10,2,0,14
YOCALLA,"anticoncepcion, prevencion de its y de cancer de cuello uterino",umero de diu insertados,2015-09-01,0,0,1,0,0,1
AIQUILE,"anticoncepcion, prevencion de its y de cancer de cuello uterino",umero de diu insertados,2015-10-01,1,1,2,1,0,5
APOLO,"anticoncepcion, prevencion de its y de cancer de cuello uterino",umero de diu insertados,2015-10-01,0,1,0,0,0,1
ARQUE,"anticoncepcion, prevencion de its y de cancer de cuello uterino",umero de diu insertados,2015-10-01,0,0,0,1,0,1
ASCENCION DE GUARAYOS,"anticoncepcion, prevencion de its y de cancer de cuello uterino",umero de diu insertados,2015-10-01,0,1,0,0,0,1
AYOPAYA (V. DE INDEPENDENCIA),"anticoncepcion, prevencion de its y de cancer de cuello uterino",umero de diu insertados,2015-10-01,0,0,2,0,0,2
BERMEJO,"anticoncepcion, prevencion de its y de cancer de cuello uterino",umero de diu insertados,2015-10-01,0,0,3,0,0,3
CAMARGO,"anticoncepcion, prevencion de its y de cancer de cuello uterino",umero de diu insertados,2015-10-01,0,0,2,0,0,2
CARACOLLO,"anticoncepcion, prevencion de its y de cancer de cuello uterino",umero de diu insertados,2015-10-01,0,0,3,0,0,3
CARANAVI,"anticoncepcion, prevencion de its y de cancer de cuello uterino",umero de diu insertados,2015-10-01,0,0,2,0,0,2
CARAPARI,"anticoncepcion, prevencion de its y de cancer de cuello uterino",umero de diu insertados,2015-10-01,0,0,2,0,0,2
CHIMORE,"anticoncepcion, prevencion de its y de cancer de cuello uterino",umero de diu insertados,2015-10-01,0,0,1,0,0,1
CHUQUIHUTA AYLLU JUCUMANI,"anticoncepcion, prevencion de its y de cancer de cuello uterino",umero de diu insertados,2015-10-01,0,1,3,0,0,4
CKOCHAS,"anticoncepcion, prevencion de its y de cancer de cuello uterino",umero de diu insertados,2015-10-01,0,0,3,0,0,3
CLIZA,"anticoncepcion, prevencion de its y de cancer de cuello uterino",umero de diu insertados,2015-10-01,0,0,1,0,0,1
COBIJA,"anticoncepcion, prevencion de its y de cancer de cuello uterino",umero de diu insertados,2015-10-01,0,2,2,0,0,4
COCHABAMBA,"anticoncepcion, prevencion de its y de cancer de cuello uterino",umero de diu insertados,2015-10-01,0,12,217,49,1,279
COLCAPIRHUA,"anticoncepcion, prevencion de its y de cancer de cuello uterino",umero de diu insertados,2015-10-01,0,0,1,0,0,1
COTOCA,"anticoncepcion, prevencion de its y de cancer de cuello uterino",umero de diu insertados,2015-10-01,0,1,1,1,0,3
CUATRO CAÑADAS,"anticoncepcion, prevencion de its y de cancer de cuello uterino",umero de diu insertados,2015-10-01,0,0,1,0,0,1
CULPINA,"anticoncepcion, prevencion de its y de cancer de cuello uterino",umero de diu insertados,2015-10-01,0,0,0,1,0,1
EL ALTO,"anticoncepcion, prevencion de its y de cancer de cuello uterino",umero de diu insertados,2015-10-01,0,4,50,29,0,83
EL PUENTE(STC),"anticoncepcion, prevencion de its y de cancer de cuello uterino",umero de diu insertados,2015-10-01,0,0,0,1,0,1
EL PUENTE(TJA),"anticoncepcion, prevencion de its y de cancer de cuello uterino",umero de diu insertados,2015-10-01,0,1,2,0,0,3
EL TORNO,"anticoncepcion, prevencion de its y de cancer de cuello uterino",umero de diu insertados,2015-10-01,1,3,7,1,0,12
ENTRE RIOS TRJ,"anticoncepcion, prevencion de its y de cancer de cuello uterino",umero de diu insertados,2015-10-01,0,1,4,2,0,7
ENTRE RIOS CBBA,"anticoncepcion, prevencion de its y de cancer de cuello uterino",umero de diu insertados,2015-10-01,0,1,0,0,0,1
GENERAL SAAVEDRA,"anticoncepcion, prevencion de its y de cancer de cuello uterino",umero de diu insertados,2015-10-01,0,0,1,0,0,1
GUAYARAMERIN,"anticoncepcion, prevencion de its y de cancer de cuello uterino",umero de diu insertados,2015-10-01,0,0,4,1,0,5
HUACARETA,"anticoncepcion, prevencion de its y de cancer de cuello uterino",umero de diu insertados,2015-10-01,0,0,1,0,0,1
HUACAYA (VILLA DE HUACAYA),"anticoncepcion, prevencion de its y de cancer de cuello uterino",umero de diu insertados,2015-10-01,0,0,1,1,0,2
IRUPANA (VILLA DE LANZA),"anticoncepcion, prevencion de its y de cancer de cuello uterino",umero de diu insertados,2015-10-01,0,0,1,2,0,3
LA GUARDIA,"anticoncepcion, prevencion de its y de cancer de cuello uterino",umero de diu insertados,2015-10-01,0,2,6,2,0,10
LA PAZ,"anticoncepcion, prevencion de its y de cancer de cuello uterino",umero de diu insertados,2015-10-01,0,10,260,28,1,299
LAS CARRERAS,"anticoncepcion, prevencion de its y de cancer de cuello uterino",umero de diu insertados,2015-10-01,0,0,1,0,0,1
LLALLAGUA,"anticoncepcion, prevencion de its y de cancer de cuello uterino",umero de diu insertados,2015-10-01,0,0,3,0,0,3
MACHARETI,"anticoncepcion, prevencion de its y de cancer de cuello uterino",umero de diu insertados,2015-10-01,0,0,0,1,0,1
MAIRANA,"anticoncepcion, prevencion de its y de cancer de cuello uterino",umero de diu insertados,2015-10-01,0,1,1,1,0,3
MINEROS,"anticoncepcion, prevencion de its y de cancer de cuello uterino",umero de diu insertados,2015-10-01,0,0,1,0,0,1
MIZQUE,"anticoncepcion, prevencion de its y de cancer de cuello uterino",umero de diu insertados,2015-10-01,0,0,2,0,0,2
MONTEAGUDO,"anticoncepcion, prevencion de its y de cancer de cuello uterino",umero de diu insertados,2015-10-01,0,2,5,0,0,7
MONTERO,"anticoncepcion, prevencion de its y de cancer de cuello uterino",umero de diu insertados,2015-10-01,0,0,3,0,0,3
ORURO,"anticoncepcion, prevencion de its y de cancer de cuello uterino",umero de diu insertados,2015-10-01,0,1,11,11,0,23
PADCAYA,"anticoncepcion, prevencion de its y de cancer de cuello uterino",umero de diu insertados,2015-10-01,0,1,4,4,0,9
PADILLA,"anticoncepcion, prevencion de its y de cancer de cuello uterino",umero de diu insertados,2015-10-01,0,0,0,1,0,1
PAILON,"anticoncepcion, prevencion de its y de cancer de cuello uterino",umero de diu insertados,2015-10-01,1,2,4,3,0,10
PALOS BLANCOS,"anticoncepcion, prevencion de its y de cancer de cuello uterino",umero de diu insertados,2015-10-01,0,0,1,0,0,1
POCONA,"anticoncepcion, prevencion de its y de cancer de cuello uterino",umero de diu insertados,2015-10-01,0,0,1,0,0,1
POJO (CBBA),"anticoncepcion, prevencion de its y de cancer de cuello uterino",umero de diu insertados,2015-10-01,0,1,2,0,0,3
PORCO,"anticoncepcion, prevencion de its y de cancer de cuello uterino",umero de diu insertados,2015-10-01,0,0,3,0,0,3
PORTACHUELO,"anticoncepcion, prevencion de its y de cancer de cuello uterino",umero de diu insertados,2015-10-01,0,0,5,2,0,7
POTOSI,"anticoncepcion, prevencion de its y de cancer de cuello uterino",umero de diu insertados,2015-10-01,0,1,9,1,0,11
PUERTO SUAREZ,"anticoncepcion, prevencion de its y de cancer de cuello uterino",umero de diu insertados,2015-10-01,0,1,0,0,0,1
PUERTO VILLARROEL,"anticoncepcion, prevencion de its y de cancer de cuello uterino",umero de diu insertados,2015-10-01,0,0,1,1,0,2
PUNATA,"anticoncepcion, prevencion de its y de cancer de cuello uterino",umero de diu insertados,2015-10-01,0,1,1,1,0,3
QUILLACOLLO,"anticoncepcion, prevencion de its y de cancer de cuello uterino",umero de diu insertados,2015-10-01,0,4,6,3,0,13
QUIRUSILLAS,"anticoncepcion, prevencion de its y de cancer de cuello uterino",umero de diu insertados,2015-10-01,0,0,0,1,0,1
REYES,"anticoncepcion, prevencion de its y de cancer de cuello uterino",umero de diu insertados,2015-10-01,0,1,2,1,0,4
RIBERALTA,"anticoncepcion, prevencion de its y de cancer de cuello uterino",umero de diu insertados,2015-10-01,0,0,1,1,0,2
ROBORE,"anticoncepcion, prevencion de its y de cancer de cuello uterino",umero de diu insertados,2015-10-01,0,1,2,0,0,3
RURRENABAQUE,"anticoncepcion, prevencion de its y de cancer de cuello uterino",umero de diu insertados,2015-10-01,0,0,1,1,0,2
SACABA,"anticoncepcion, prevencion de its y de cancer de cuello uterino",umero de diu insertados,2015-10-01,0,2,10,7,0,19
SAMAIPATA,"anticoncepcion, prevencion de its y de cancer de cuello uterino",umero de diu insertados,2015-10-01,0,0,0,1,0,1
SAN ANDRES,"anticoncepcion, prevencion de its y de cancer de cuello uterino",umero de diu insertados,2015-10-01,0,0,1,0,0,1
SAN BORJA,"anticoncepcion, prevencion de its y de cancer de cuello uterino",umero de diu insertados,2015-10-01,0,0,2,0,0,2
SAN BUENA VENTURA,"anticoncepcion, prevencion de its y de cancer de cuello uterino",umero de diu insertados,2015-10-01,0,0,1,0,0,1
SAN CARLOS,"anticoncepcion, prevencion de its y de cancer de cuello uterino",umero de diu insertados,2015-10-01,1,1,3,1,0,6
SAN IGNACIO,"anticoncepcion, prevencion de its y de cancer de cuello uterino",umero de diu insertados,2015-10-01,0,3,4,1,0,8
SAN IGNACIO DE VELASCO,"anticoncepcion, prevencion de its y de cancer de cuello uterino",umero de diu insertados,2015-10-01,0,0,1,0,0,1
SAN JOSE DE CHIQUITOS,"anticoncepcion, prevencion de its y de cancer de cuello uterino",umero de diu insertados,2015-10-01,0,0,4,0,0,4
SAN LORENZO(TJA),"anticoncepcion, prevencion de its y de cancer de cuello uterino",umero de diu insertados,2015-10-01,0,0,6,0,0,6
SAN RAMON BENI,"anticoncepcion, prevencion de its y de cancer de cuello uterino",umero de diu insertados,2015-10-01,0,1,1,0,0,2
SAN RAMON SCZ,"anticoncepcion, prevencion de its y de cancer de cuello uterino",umero de diu insertados,2015-10-01,0,1,1,1,0,3
SANTA ANA,"anticoncepcion, prevencion de its y de cancer de cuello uterino",umero de diu insertados,2015-10-01,0,0,5,0,0,5
SANTA CRUZ DE LA SIERRA,"anticoncepcion, prevencion de its y de cancer de cuello uterino",umero de diu insertados,2015-10-01,0,57,294,106,0,457
SANTA ROSA,"anticoncepcion, prevencion de its y de cancer de cuello uterino",umero de diu insertados,2015-10-01,0,0,2,0,0,2
SANTA ROSA DEL SARA,"anticoncepcion, prevencion de its y de cancer de cuello uterino",umero de diu insertados,2015-10-01,0,1,2,0,0,3
SANTIVAÑES,"anticoncepcion, prevencion de its y de cancer de cuello uterino",umero de diu insertados,2015-10-01,0,0,0,1,0,1
SIPE SIPE,"anticoncepcion, prevencion de its y de cancer de cuello uterino",umero de diu insertados,2015-10-01,0,1,7,0,0,8
SOPACHUY,"anticoncepcion, prevencion de its y de cancer de cuello uterino",umero de diu insertados,2015-10-01,0,0,1,0,0,1
SUCRE,"anticoncepcion, prevencion de its y de cancer de cuello uterino",umero de diu insertados,2015-10-01,0,4,96,12,0,112
TARATA,"anticoncepcion, prevencion de its y de cancer de cuello uterino",umero de diu insertados,2015-10-01,0,0,1,0,0,1
TARIJA,"anticoncepcion, prevencion de its y de cancer de cuello uterino",umero de diu insertados,2015-10-01,0,16,55,15,0,86
TEOPONTE,"anticoncepcion, prevencion de its y de cancer de cuello uterino",umero de diu insertados,2015-10-01,0,1,0,0,0,1
TIPUANI,"anticoncepcion, prevencion de its y de cancer de cuello uterino",umero de diu insertados,2015-10-01,0,0,2,0,0,2
TIQUIPAYA,"anticoncepcion, prevencion de its y de cancer de cuello uterino",umero de diu insertados,2015-10-01,0,0,2,0,0,2
TOMINA,"anticoncepcion, prevencion de its y de cancer de cuello uterino",umero de diu insertados,2015-10-01,0,0,1,0,0,1
TORO TORO,"anticoncepcion, prevencion de its y de cancer de cuello uterino",umero de diu insertados,2015-10-01,0,2,3,0,0,5
TOTORA(CBBA),"anticoncepcion, prevencion de its y de cancer de cuello uterino",umero de diu insertados,2015-10-01,0,1,1,2,0,4
TRINIDAD,"anticoncepcion, prevencion de its y de cancer de cuello uterino",umero de diu insertados,2015-10-01,0,1,3,0,0,4
TUPIZA,"anticoncepcion, prevencion de its y de cancer de cuello uterino",umero de diu insertados,2015-10-01,0,0,3,0,0,3
URIONDO (A. CONCEPCION),"anticoncepcion, prevencion de its y de cancer de cuello uterino",umero de diu insertados,2015-10-01,0,0,0,1,0,1
UYUNI,"anticoncepcion, prevencion de its y de cancer de cuello uterino",umero de diu insertados,2015-10-01,0,0,1,0,0,1
VALLEGRANDE,"anticoncepcion, prevencion de its y de cancer de cuello uterino",umero de diu insertados,2015-10-01,0,0,6,1,0,7
VIACHA,"anticoncepcion, prevencion de its y de cancer de cuello uterino",umero de diu insertados,2015-10-01,0,2,6,1,0,9
VILLA CHARCAS,"anticoncepcion, prevencion de its y de cancer de cuello uterino",umero de diu insertados,2015-10-01,0,0,1,0,0,1
VILLA MONTES,"anticoncepcion, prevencion de its y de cancer de cuello uterino",umero de diu insertados,2015-10-01,0,0,4,0,0,4
VILLA RIVERO,"anticoncepcion, prevencion de its y de cancer de cuello uterino",umero de diu insertados,2015-10-01,0,1,5,0,0,6
VILLA TUNARI,"anticoncepcion, prevencion de its y de cancer de cuello uterino",umero de diu insertados,2015-10-01,0,0,8,1,0,9
VILLA VACA GUZMAN (MUYUPAMPA),"anticoncepcion, prevencion de its y de cancer de cuello uterino",umero de diu insertados,2015-10-01,0,1,0,1,0,2
VILLAZON,"anticoncepcion, prevencion de its y de cancer de cuello uterino",umero de diu insertados,2015-10-01,0,1,5,1,0,7
VINTO,"anticoncepcion, prevencion de its y de cancer de cuello uterino",umero de diu insertados,2015-10-01,0,0,4,1,0,5
WARNES,"anticoncepcion, prevencion de its y de cancer de cuello uterino",umero de diu insertados,2015-10-01,0,1,9,0,0,10
YACUIBA,"anticoncepcion, prevencion de its y de cancer de cuello uterino",umero de diu insertados,2015-10-01,0,6,12,5,0,23
YUNCHARA,"anticoncepcion, prevencion de its y de cancer de cuello uterino",umero de diu insertados,2015-10-01,0,0,1,0,0,1
ZUDAÑEZ,"anticoncepcion, prevencion de its y de cancer de cuello uterino",umero de diu insertados,2015-10-01,0,0,1,0,0,1
AIQUILE,"anticoncepcion, prevencion de its y de cancer de cuello uterino",umero de diu insertados,2015-11-01,0,1,2,1,0,4
ARANI,"anticoncepcion, prevencion de its y de cancer de cuello uterino",umero de diu insertados,2015-11-01,0,0,0,1,0,1
ARBIETO,"anticoncepcion, prevencion de its y de cancer de cuello uterino",umero de diu insertados,2015-11-01,0,0,1,0,0,1
ARQUE,"anticoncepcion, prevencion de its y de cancer de cuello uterino",umero de diu insertados,2015-11-01,0,0,3,0,0,3
ASCENCION DE GUARAYOS,"anticoncepcion, prevencion de its y de cancer de cuello uterino",umero de diu insertados,2015-11-01,0,0,1,0,0,1
ATOCHA,"anticoncepcion, prevencion de its y de cancer de cuello uterino",umero de diu insertados,2015-11-01,0,0,1,1,0,2
AZURDUY,"anticoncepcion, prevencion de its y de cancer de cuello uterino",umero de diu insertados,2015-11-01,0,0,1,0,0,1
BAURES,"anticoncepcion, prevencion de its y de cancer de cuello uterino",umero de diu insertados,2015-11-01,0,0,1,0,0,1
BERMEJO,"anticoncepcion, prevencion de its y de cancer de cuello uterino",umero de diu insertados,2015-11-01,0,0,2,0,0,2
CAMARGO,"anticoncepcion, prevencion de its y de cancer de cuello uterino",umero de diu insertados,2015-11-01,1,1,3,3,0,8
CARACOLLO,"anticoncepcion, prevencion de its y de cancer de cuello uterino",umero de diu insertados,2015-11-01,0,0,1,0,0,1
CARANAVI,"anticoncepcion, prevencion de its y de cancer de cuello uterino",umero de diu insertados,2015-11-01,0,3,6,3,0,12
CARAPARI,"anticoncepcion, prevencion de its y de cancer de cuello uterino",umero de diu insertados,2015-11-01,0,1,0,0,0,1
CHARAGUA,"anticoncepcion, prevencion de its y de cancer de cuello uterino",umero de diu insertados,2015-11-01,0,0,2,0,0,2
CHUQUIHUTA AYLLU JUCUMANI,"anticoncepcion, prevencion de its y de cancer de cuello uterino",umero de diu insertados,2015-11-01,0,0,3,0,0,3
CLIZA,"anticoncepcion, prevencion de its y de cancer de cuello uterino",umero de diu insertados,2015-11-01,0,0,2,0,0,2
COBIJA,"anticoncepcion, prevencion de its y de cancer de cuello uterino",umero de diu insertados,2015-11-01,0,0,3,0,0,3
COCHABAMBA,"anticoncepcion, prevencion de its y de cancer de cuello uterino",umero de diu insertados,2015-11-01,0,13,188,33,1,235
COLCAPIRHUA,"anticoncepcion, prevencion de its y de cancer de cuello uterino",umero de diu insertados,2015-11-01,0,0,7,0,0,7
COMARAPA,"anticoncepcion, prevencion de its y de cancer de cuello uterino",umero de diu insertados,2015-11-01,0,0,0,1,0,1
COTOCA,"anticoncepcion, prevencion de its y de cancer de cuello uterino",umero de diu insertados,2015-11-01,0,0,5,0,0,5
CUATRO CAÑADAS,"anticoncepcion, prevencion de its y de cancer de cuello uterino",umero de diu insertados,2015-11-01,0,0,0,1,0,1
EL ALTO,"anticoncepcion, prevencion de its y de cancer de cuello uterino",umero de diu insertados,2015-11-01,0,10,43,55,0,108
EL PUENTE(TJA),"anticoncepcion, prevencion de its y de cancer de cuello uterino",umero de diu insertados,2015-11-01,0,0,0,1,0,1
EL TORNO,"anticoncepcion, prevencion de its y de cancer de cuello uterino",umero de diu insertados,2015-11-01,0,2,6,4,0,12
ENTRE RIOS TRJ,"anticoncepcion, prevencion de its y de cancer de cuello uterino",umero de diu insertados,2015-11-01,0,0,1,0,0,1
GENERAL SAAVEDRA,"anticoncepcion, prevencion de its y de cancer de cuello uterino",umero de diu insertados,2015-11-01,0,0,0,1,0,1
GUANAY,"anticoncepcion, prevencion de its y de cancer de cuello uterino",umero de diu insertados,2015-11-01,0,0,1,0,0,1
GUAYARAMERIN,"anticoncepcion, prevencion de its y de cancer de cuello uterino",umero de diu insertados,2015-11-01,0,1,3,2,0,6
GUTIERREZ,"anticoncepcion, prevencion de its y de cancer de cuello uterino",umero de diu insertados,2015-11-01,0,1,2,1,0,4
HUARACAJE,"anticoncepcion, prevencion de its y de cancer de cuello uterino",umero de diu insertados,2015-11-01,0,1,0,0,0,1
INCAHUASI,"anticoncepcion, prevencion de its y de cancer de cuello uterino",umero de diu insertados,2015-11-01,0,0,1,0,0,1
IRUPANA (VILLA DE LANZA),"anticoncepcion, prevencion de its y de cancer de cuello uterino",umero de diu insertados,2015-11-01,0,1,1,0,0,2
LA ASUNTA,"anticoncepcion, prevencion de its y de cancer de cuello uterino",umero de diu insertados,2015-11-01,0,1,0,0,0,1
LA GUARDIA,"anticoncepcion, prevencion de its y de cancer de cuello uterino",umero de diu insertados,2015-11-01,0,4,11,3,0,18
LA PAZ,"anticoncepcion, prevencion de its y de cancer de cuello uterino",umero de diu insertados,2015-11-01,0,5,164,30,0,199
LLALLAGUA,"anticoncepcion, prevencion de its y de cancer de cuello uterino",umero de diu insertados,2015-11-01,0,0,1,0,0,1
MAIRANA,"anticoncepcion, prevencion de its y de cancer de cuello uterino",umero de diu insertados,2015-11-01,0,1,1,0,0,2
MIZQUE,"anticoncepcion, prevencion de its y de cancer de cuello uterino",umero de diu insertados,2015-11-01,0,1,3,1,0,5
MONTEAGUDO,"anticoncepcion, prevencion de its y de cancer de cuello uterino",umero de diu insertados,2015-11-01,0,0,5,2,0,7
MONTERO,"anticoncepcion, prevencion de its y de cancer de cuello uterino",umero de diu insertados,2015-11-01,2,5,8,1,0,16
ORURO,"anticoncepcion, prevencion de its y de cancer de cuello uterino",umero de diu insertados,2015-11-01,0,4,18,3,0,25
PADCAYA,"anticoncepcion, prevencion de its y de cancer de cuello uterino",umero de diu insertados,2015-11-01,0,2,2,3,0,7
PADILLA,"anticoncepcion, prevencion de its y de cancer de cuello uterino",umero de diu insertados,2015-11-01,0,0,2,0,0,2
PAILON,"anticoncepcion, prevencion de its y de cancer de cuello uterino",umero de diu insertados,2015-11-01,0,1,1,0,0,2
PASORAPA,"anticoncepcion, prevencion de its y de cancer de cuello uterino",umero de diu insertados,2015-11-01,0,0,1,0,0,1
PORTACHUELO,"anticoncepcion, prevencion de its y de cancer de cuello uterino",umero de diu insertados,2015-11-01,0,2,3,0,0,5
POTOSI,"anticoncepcion, prevencion de its y de cancer de cuello uterino",umero de diu insertados,2015-11-01,0,2,3,2,0,7
PUERTO SUAREZ,"anticoncepcion, prevencion de its y de cancer de cuello uterino",umero de diu insertados,2015-11-01,0,0,1,0,0,1
PUERTO VILLARROEL,"anticoncepcion, prevencion de its y de cancer de cuello uterino",umero de diu insertados,2015-11-01,0,1,1,0,0,2
PUNA,"anticoncepcion, prevencion de its y de cancer de cuello uterino",umero de diu insertados,2015-11-01,0,0,0,1,0,1
QUILLACOLLO,"anticoncepcion, prevencion de its y de cancer de cuello uterino",umero de diu insertados,2015-11-01,0,0,13,0,0,13
QUIRUSILLAS,"anticoncepcion, prevencion de its y de cancer de cuello uterino",umero de diu insertados,2015-11-01,0,0,2,0,0,2
RIBERALTA,"anticoncepcion, prevencion de its y de cancer de cuello uterino",umero de diu insertados,2015-11-01,0,0,0,1,0,1
ROBORE,"anticoncepcion, prevencion de its y de cancer de cuello uterino",umero de diu insertados,2015-11-01,1,1,0,0,0,2
SACABA,"anticoncepcion, prevencion de its y de cancer de cuello uterino",umero de diu insertados,2015-11-01,0,1,13,15,0,29
SAMAIPATA,"anticoncepcion, prevencion de its y de cancer de cuello uterino",umero de diu insertados,2015-11-01,0,0,1,0,0,1
SAN ANDRES,"anticoncepcion, prevencion de its y de cancer de cuello uterino",umero de diu insertados,2015-11-01,0,0,1,0,0,1
SAN BORJA,"anticoncepcion, prevencion de its y de cancer de cuello uterino",umero de diu insertados,2015-11-01,0,1,7,0,0,8
SAN CARLOS,"anticoncepcion, prevencion de its y de cancer de cuello uterino",umero de diu insertados,2015-11-01,0,2,2,0,0,4
SAN IGNACIO,"anticoncepcion, prevencion de its y de cancer de cuello uterino",umero de diu insertados,2015-11-01,0,0,2,0,0,2
SAN IGNACIO DE VELASCO,"anticoncepcion, prevencion de its y de cancer de cuello uterino",umero de diu insertados,2015-11-01,0,0,1,0,0,1
SAN JAVIER(STC),"anticoncepcion, prevencion de its y de cancer de cuello uterino",umero de diu insertados,2015-11-01,0,0,3,0,0,3
SAN JOSE DE CHIQUITOS,"anticoncepcion, prevencion de its y de cancer de cuello uterino",umero de diu insertados,2015-11-01,0,0,3,0,0,3
SAN LORENZO(TJA),"anticoncepcion, prevencion de its y de cancer de cuello uterino",umero de diu insertados,2015-11-01,0,0,1,0,0,1
SAN RAMON SCZ,"anticoncepcion, prevencion de its y de cancer de cuello uterino",umero de diu insertados,2015-11-01,0,2,0,0,0,2
SANTA ANA,"anticoncepcion, prevencion de its y de cancer de cuello uterino",umero de diu insertados,2015-11-01,0,0,4,0,0,4
SANTA CRUZ DE LA SIERRA,"anticoncepcion, prevencion de its y de cancer de cuello uterino",umero de diu insertados,2015-11-01,0,20,187,66,0,273
SANTA ROSA DEL SARA,"anticoncepcion, prevencion de its y de cancer de cuello uterino",umero de diu insertados,2015-11-01,0,1,6,0,0,7
SIPE SIPE,"anticoncepcion, prevencion de its y de cancer de cuello uterino",umero de diu insertados,2015-11-01,0,1,6,0,0,7
SUCRE,"anticoncepcion, prevencion de its y de cancer de cuello uterino",umero de diu insertados,2015-11-01,0,2,47,19,1,69
TARIJA,"anticoncepcion, prevencion de its y de cancer de cuello uterino",umero de diu insertados,2015-11-01,0,7,31,7,0,45
TIPUANI,"anticoncepcion, prevencion de its y de cancer de cuello uterino",umero de diu insertados,2015-11-01,0,0,1,0,0,1
TIQUIPAYA,"anticoncepcion, prevencion de its y de cancer de cuello uterino",umero de diu insertados,2015-11-01,0,1,2,0,0,3
TORO TORO,"anticoncepcion, prevencion de its y de cancer de cuello uterino",umero de diu insertados,2015-11-01,0,1,2,1,0,4
TOTORA(CBBA),"anticoncepcion, prevencion de its y de cancer de cuello uterino",umero de diu insertados,2015-11-01,0,1,1,0,0,2
TRINIDAD,"anticoncepcion, prevencion de its y de cancer de cuello uterino",umero de diu insertados,2015-11-01,0,0,3,1,0,4
TUPIZA,"anticoncepcion, prevencion de its y de cancer de cuello uterino",umero de diu insertados,2015-11-01,0,0,3,2,0,5
UYUNI,"anticoncepcion, prevencion de its y de cancer de cuello uterino",umero de diu insertados,2015-11-01,0,0,2,0,0,2
VALLEGRANDE,"anticoncepcion, prevencion de its y de cancer de cuello uterino",umero de diu insertados,2015-11-01,0,1,7,0,0,8
VIACHA,"anticoncepcion, prevencion de its y de cancer de cuello uterino",umero de diu insertados,2015-11-01,0,0,3,4,0,7
VILLAZON,"anticoncepcion, prevencion de its y de cancer de cuello uterino",umero de diu insertados,2015-11-01,0,0,3,0,0,3
WARNES,"anticoncepcion, prevencion de its y de cancer de cuello uterino",umero de diu insertados,2015-11-01,0,0,5,1,0,6
YACUIBA,"anticoncepcion, prevencion de its y de cancer de cuello uterino",umero de diu insertados,2015-11-01,0,0,8,2,0,10
ZUDAÑEZ,"anticoncepcion, prevencion de its y de cancer de cuello uterino",umero de diu insertados,2015-11-01,0,0,0,1,0,1
ACHACACHI,"anticoncepcion, prevencion de its y de cancer de cuello uterino",umero de diu insertados,2015-12-01,0,0,1,0,0,1
AIQUILE,"anticoncepcion, prevencion de its y de cancer de cuello uterino",umero de diu insertados,2015-12-01,0,0,2,1,0,3
ALCALA,"anticoncepcion, prevencion de its y de cancer de cuello uterino",umero de diu insertados,2015-12-01,0,0,1,0,0,1
APOLO,"anticoncepcion, prevencion de its y de cancer de cuello uterino",umero de diu insertados,2015-12-01,0,0,1,0,0,1
ARANI,"anticoncepcion, prevencion de its y de cancer de cuello uterino",umero de diu insertados,2015-12-01,0,0,1,0,0,1
AYOPAYA (V. DE INDEPENDENCIA),"anticoncepcion, prevencion de its y de cancer de cuello uterino",umero de diu insertados,2015-12-01,0,1,1,2,0,4
BAURES,"anticoncepcion, prevencion de its y de cancer de cuello uterino",umero de diu insertados,2015-12-01,0,0,1,0,0,1
BERMEJO,"anticoncepcion, prevencion de its y de cancer de cuello uterino",umero de diu insertados,2015-12-01,0,0,0,1,0,1
CAMARGO,"anticoncepcion, prevencion de its y de cancer de cuello uterino",umero de diu insertados,2015-12-01,0,1,1,2,0,4
CAMATAQUI (C. VILLA ABECIA),"anticoncepcion, prevencion de its y de cancer de cuello uterino",umero de diu insertados,2015-12-01,0,0,1,0,0,1
CAMIRI,"anticoncepcion, prevencion de its y de cancer de cuello uterino",umero de diu insertados,2015-12-01,0,0,0,1,0,1
CAPINOTA,"anticoncepcion, prevencion de its y de cancer de cuello uterino",umero de diu insertados,2015-12-01,0,0,1,0,0,1
CARACOLLO,"anticoncepcion, prevencion de its y de cancer de cuello uterino",umero de diu insertados,2015-12-01,0,0,0,1,0,1
CARANAVI,"anticoncepcion, prevencion de its y de cancer de cuello uterino",umero de diu insertados,2015-12-01,0,0,0,1,0,1
CHARAGUA,"anticoncepcion, prevencion de its y de cancer de cuello uterino",umero de diu insertados,2015-12-01,0,0,1,0,0,1
CHUQUIHUTA AYLLU JUCUMANI,"anticoncepcion, prevencion de its y de cancer de cuello uterino",umero de diu insertados,2015-12-01,0,0,2,0,0,2
CLIZA,"anticoncepcion, prevencion de its y de cancer de cuello uterino",umero de diu insertados,2015-12-01,0,1,2,0,0,3
COBIJA,"anticoncepcion, prevencion de its y de cancer de cuello uterino",umero de diu insertados,2015-12-01,0,0,2,1,0,3
COCHABAMBA,"anticoncepcion, prevencion de its y de cancer de cuello uterino",umero de diu insertados,2015-12-01,0,10,171,96,0,277
COLCAPIRHUA,"anticoncepcion, prevencion de its y de cancer de cuello uterino",umero de diu insertados,2015-12-01,0,0,5,0,0,5
COLQUIRI,"anticoncepcion, prevencion de its y de cancer de cuello uterino",umero de diu insertados,2015-12-01,0,0,1,0,0,1
COMARAPA,"anticoncepcion, prevencion de its y de cancer de cuello uterino",umero de diu insertados,2015-12-01,0,0,1,0,0,1
COTOCA,"anticoncepcion, prevencion de its y de cancer de cuello uterino",umero de diu insertados,2015-12-01,0,1,0,1,0,2
CUATRO CAÑADAS,"anticoncepcion, prevencion de its y de cancer de cuello uterino",umero de diu insertados,2015-12-01,0,1,2,0,0,3
EL ALTO,"anticoncepcion, prevencion de its y de cancer de cuello uterino",umero de diu insertados,2015-12-01,0,5,50,40,0,95
EL PUENTE(TJA),"anticoncepcion, prevencion de its y de cancer de cuello uterino",umero de diu insertados,2015-12-01,0,0,2,0,0,2
EL TORNO,"anticoncepcion, prevencion de its y de cancer de cuello uterino",umero de diu insertados,2015-12-01,0,0,2,2,0,4
ENTRE RIOS TRJ,"anticoncepcion, prevencion de its y de cancer de cuello uterino",umero de diu insertados,2015-12-01,0,0,1,0,0,1
FERNANDEZ ALONSO,"anticoncepcion, prevencion de its y de cancer de cuello uterino",umero de diu insertados,2015-12-01,0,0,1,0,0,1
GENERAL SAAVEDRA,"anticoncepcion, prevencion de its y de cancer de cuello uterino",umero de diu insertados,2015-12-01,0,1,0,0,0,1
GUAYARAMERIN,"anticoncepcion, prevencion de its y de cancer de cuello uterino",umero de diu insertados,2015-12-01,0,0,1,0,0,1
HUACAYA (VILLA DE HUACAYA),"anticoncepcion, prevencion de its y de cancer de cuello uterino",umero de diu insertados,2015-12-01,0,0,1,1,0,2
INCAHUASI,"anticoncepcion, prevencion de its y de cancer de cuello uterino",umero de diu insertados,2015-12-01,0,0,1,0,0,1
IRUPANA (VILLA DE LANZA),"anticoncepcion, prevencion de its y de cancer de cuello uterino",umero de diu insertados,2015-12-01,0,0,1,0,0,1
IXIAMAS,"anticoncepcion, prevencion de its y de cancer de cuello uterino",umero de diu insertados,2015-12-01,0,0,1,0,0,1
LA GUARDIA,"anticoncepcion, prevencion de its y de cancer de cuello uterino",umero de diu insertados,2015-12-01,0,3,15,2,0,20
LA PAZ,"anticoncepcion, prevencion de its y de cancer de cuello uterino",umero de diu insertados,2015-12-01,0,8,102,21,0,131
LAS CARRERAS,"anticoncepcion, prevencion de its y de cancer de cuello uterino",umero de diu insertados,2015-12-01,0,0,0,1,0,1
LLALLAGUA,"anticoncepcion, prevencion de its y de cancer de cuello uterino",umero de diu insertados,2015-12-01,0,3,4,0,0,7
MACHARETI,"anticoncepcion, prevencion de its y de cancer de cuello uterino",umero de diu insertados,2015-12-01,0,0,3,0,0,3
MAIRANA,"anticoncepcion, prevencion de its y de cancer de cuello uterino",umero de diu insertados,2015-12-01,0,1,3,1,0,5
MONTEAGUDO,"anticoncepcion, prevencion de its y de cancer de cuello uterino",umero de diu insertados,2015-12-01,0,1,6,4,0,11
MONTERO,"anticoncepcion, prevencion de its y de cancer de cuello uterino",umero de diu insertados,2015-12-01,0,0,8,4,0,12
MOROCHATA,"anticoncepcion, prevencion de its y de cancer de cuello uterino",umero de diu insertados,2015-12-01,0,0,1,0,0,1
ORURO,"anticoncepcion, prevencion de its y de cancer de cuello uterino",umero de diu insertados,2015-12-01,0,0,8,4,0,12
PADCAYA,"anticoncepcion, prevencion de its y de cancer de cuello uterino",umero de diu insertados,2015-12-01,0,0,2,0,0,2
PADILLA,"anticoncepcion, prevencion de its y de cancer de cuello uterino",umero de diu insertados,2015-12-01,0,0,3,0,0,3
PAILON,"anticoncepcion, prevencion de its y de cancer de cuello uterino",umero de diu insertados,2015-12-01,0,1,3,1,0,5
PALCA,"anticoncepcion, prevencion de its y de cancer de cuello uterino",umero de diu insertados,2015-12-01,0,1,2,0,0,3
PAMPA GRANDE,"anticoncepcion, prevencion de its y de cancer de cuello uterino",umero de diu insertados,2015-12-01,0,0,1,0,0,1
POCONA,"anticoncepcion, prevencion de its y de cancer de cuello uterino",umero de diu insertados,2015-12-01,0,0,1,0,0,1
PORTACHUELO,"anticoncepcion, prevencion de its y de cancer de cuello uterino",umero de diu insertados,2015-12-01,0,0,4,0,0,4
POTOSI,"anticoncepcion, prevencion de its y de cancer de cuello uterino",umero de diu insertados,2015-12-01,0,0,8,7,0,15
PUERTO SUAREZ,"anticoncepcion, prevencion de its y de cancer de cuello uterino",umero de diu insertados,2015-12-01,0,0,1,0,0,1
PUERTO VILLARROEL,"anticoncepcion, prevencion de its y de cancer de cuello uterino",umero de diu insertados,2015-12-01,0,0,1,2,0,3
QUILLACOLLO,"anticoncepcion, prevencion de its y de cancer de cuello uterino",umero de diu insertados,2015-12-01,0,0,12,4,0,16
RIBERALTA,"anticoncepcion, prevencion de its y de cancer de cuello uterino",umero de diu insertados,2015-12-01,0,0,1,0,0,1
ROBORE,"anticoncepcion, prevencion de its y de cancer de cuello uterino",umero de diu insertados,2015-12-01,0,0,2,0,0,2
RURRENABAQUE,"anticoncepcion, prevencion de its y de cancer de cuello uterino",umero de diu insertados,2015-12-01,0,0,1,0,0,1
SACABA,"anticoncepcion, prevencion de its y de cancer de cuello uterino",umero de diu insertados,2015-12-01,0,1,17,1,0,19
SAIPINA,"anticoncepcion, prevencion de its y de cancer de cuello uterino",umero de diu insertados,2015-12-01,0,0,2,0,0,2
SAMAIPATA,"anticoncepcion, prevencion de its y de cancer de cuello uterino",umero de diu insertados,2015-12-01,0,1,1,0,0,2
SAN BORJA,"anticoncepcion, prevencion de its y de cancer de cuello uterino",umero de diu insertados,2015-12-01,0,1,1,0,0,2
SAN BUENA VENTURA,"anticoncepcion, prevencion de its y de cancer de cuello uterino",umero de diu insertados,2015-12-01,0,0,1,0,0,1
SAN CARLOS,"anticoncepcion, prevencion de its y de cancer de cuello uterino",umero de diu insertados,2015-12-01,0,1,1,0,0,2
SAN IGNACIO,"anticoncepcion, prevencion de its y de cancer de cuello uterino",umero de diu insertados,2015-12-01,0,3,12,0,0,15
SAN IGNACIO DE VELASCO,"anticoncepcion, prevencion de its y de cancer de cuello uterino",umero de diu insertados,2015-12-01,0,0,0,2,0,2
SAN JOSE DE CHIQUITOS,"anticoncepcion, prevencion de its y de cancer de cuello uterino",umero de diu insertados,2015-12-01,0,0,1,0,0,1
SAN JULIAN,"anticoncepcion, prevencion de its y de cancer de cuello uterino",umero de diu insertados,2015-12-01,0,0,2,0,0,2
SAN LORENZO(TJA),"anticoncepcion, prevencion de its y de cancer de cuello uterino",umero de diu insertados,2015-12-01,0,0,1,1,0,2
SAN LUCAS,"anticoncepcion, prevencion de its y de cancer de cuello uterino",umero de diu insertados,2015-12-01,0,0,1,0,0,1
SAN RAMON SCZ,"anticoncepcion, prevencion de its y de cancer de cuello uterino",umero de diu insertados,2015-12-01,0,1,1,1,0,3
SANTA ANA,"anticoncepcion, prevencion de its y de cancer de cuello uterino",umero de diu insertados,2015-12-01,0,0,2,0,0,2
SANTA CRUZ DE LA SIERRA,"anticoncepcion, prevencion de its y de cancer de cuello uterino",umero de diu insertados,2015-12-01,0,17,139,76,0,232
SANTA ROSA,"anticoncepcion, prevencion de its y de cancer de cuello uterino",umero de diu insertados,2015-12-01,0,0,1,0,0,1
SANTA ROSA DEL SARA,"anticoncepcion, prevencion de its y de cancer de cuello uterino",umero de diu insertados,2015-12-01,0,0,4,1,0,5
SANTIVAÑES,"anticoncepcion, prevencion de its y de cancer de cuello uterino",umero de diu insertados,2015-12-01,0,0,1,0,0,1
SHINAOTA,"anticoncepcion, prevencion de its y de cancer de cuello uterino",umero de diu insertados,2015-12-01,0,0,0,1,0,1
SIPE SIPE,"anticoncepcion, prevencion de its y de cancer de cuello uterino",umero de diu insertados,2015-12-01,0,0,1,1,0,2
SOPACHUY,"anticoncepcion, prevencion de its y de cancer de cuello uterino",umero de diu insertados,2015-12-01,0,0,1,0,0,1
SUCRE,"anticoncepcion, prevencion de its y de cancer de cuello uterino",umero de diu insertados,2015-12-01,0,4,54,22,0,80
TARATA,"anticoncepcion, prevencion de its y de cancer de cuello uterino",umero de diu insertados,2015-12-01,0,0,1,0,0,1
TARIJA,"anticoncepcion, prevencion de its y de cancer de cuello uterino",umero de diu insertados,2015-12-01,0,8,25,9,0,42
TEOPONTE,"anticoncepcion, prevencion de its y de cancer de cuello uterino",umero de diu insertados,2015-12-01,0,0,1,2,0,3
TIQUIPAYA,"anticoncepcion, prevencion de its y de cancer de cuello uterino",umero de diu insertados,2015-12-01,0,0,3,1,0,4
TIRAQUE (CBBA),"anticoncepcion, prevencion de its y de cancer de cuello uterino",umero de diu insertados,2015-12-01,0,1,0,1,0,2
TORO TORO,"anticoncepcion, prevencion de its y de cancer de cuello uterino",umero de diu insertados,2015-12-01,0,0,2,0,0,2
TRINIDAD,"anticoncepcion, prevencion de its y de cancer de cuello uterino",umero de diu insertados,2015-12-01,0,0,10,1,0,11
TUPIZA,"anticoncepcion, prevencion de its y de cancer de cuello uterino",umero de diu insertados,2015-12-01,0,2,3,0,0,5
URIONDO (A. CONCEPCION),"anticoncepcion, prevencion de its y de cancer de cuello uterino",umero de diu insertados,2015-12-01,0,0,0,1,0,1
URUBICHA,"anticoncepcion, prevencion de its y de cancer de cuello uterino",umero de diu insertados,2015-12-01,1,0,0,0,0,1
VALLEGRANDE,"anticoncepcion, prevencion de its y de cancer de cuello uterino",umero de diu insertados,2015-12-01,0,1,1,0,0,2
VIACHA,"anticoncepcion, prevencion de its y de cancer de cuello uterino",umero de diu insertados,2015-12-01,0,1,2,2,0,5
VILLA MONTES,"anticoncepcion, prevencion de its y de cancer de cuello uterino",umero de diu insertados,2015-12-01,0,0,3,0,0,3
VILLA TUNARI,"anticoncepcion, prevencion de its y de cancer de cuello uterino",umero de diu insertados,2015-12-01,0,0,1,0,0,1
VILLA VACA GUZMAN (MUYUPAMPA),"anticoncepcion, prevencion de its y de cancer de cuello uterino",umero de diu insertados,2015-12-01,0,0,1,0,0,1
VILLAZON,"anticoncepcion, prevencion de its y de cancer de cuello uterino",umero de diu insertados,2015-12-01,0,0,2,2,0,4
VINTO,"anticoncepcion, prevencion de its y de cancer de cuello uterino",umero de diu insertados,2015-12-01,1,0,2,0,0,3
WARNES,"anticoncepcion, prevencion de its y de cancer de cuello uterino",umero de diu insertados,2015-12-01,0,0,4,1,0,5
YACUIBA,"anticoncepcion, prevencion de its y de cancer de cuello uterino",umero de diu insertados,2015-12-01,0,1,25,2,0,28
