municipality,group,variable,month,Controles repetidos en niños de 2 años de < 5 NUEVO,TOTAL-NUEVO,TOTAL-REPETIDO,TOTAL
ACACIO,nutricion y desarrollo infantil,controles repetidos en ninos de 2 anos de < 5,2006-01-01,73,73,75,148
ACHACACHI,nutricion y desarrollo infantil,controles repetidos en ninos de 2 anos de < 5,2006-01-01,409,409,389,798
ACHOCALLA,nutricion y desarrollo infantil,controles repetidos en ninos de 2 anos de < 5,2006-01-01,27,27,31,58
AIQUILE,nutricion y desarrollo infantil,controles repetidos en ninos de 2 anos de < 5,2006-01-01,56,56,62,118
ALALAY,nutricion y desarrollo infantil,controles repetidos en ninos de 2 anos de < 5,2006-01-01,1,1,7,8
ANCORAIMES,nutricion y desarrollo infantil,controles repetidos en ninos de 2 anos de < 5,2006-01-01,173,173,202,375
ANDAMARCA,nutricion y desarrollo infantil,controles repetidos en ninos de 2 anos de < 5,2006-01-01,9,9,7,16
ANTEQUERA,nutricion y desarrollo infantil,controles repetidos en ninos de 2 anos de < 5,2006-01-01,16,16,15,31
ANZALDO,nutricion y desarrollo infantil,controles repetidos en ninos de 2 anos de < 5,2006-01-01,7,7,5,12
APOLO,nutricion y desarrollo infantil,controles repetidos en ninos de 2 anos de < 5,2006-01-01,56,56,56,112
ARAMPAMPA,nutricion y desarrollo infantil,controles repetidos en ninos de 2 anos de < 5,2006-01-01,66,66,73,139
ARANI,nutricion y desarrollo infantil,controles repetidos en ninos de 2 anos de < 5,2006-01-01,28,28,32,60
ARBIETO,nutricion y desarrollo infantil,controles repetidos en ninos de 2 anos de < 5,2006-01-01,5,5,6,11
ARQUE,nutricion y desarrollo infantil,controles repetidos en ninos de 2 anos de < 5,2006-01-01,47,47,54,101
ATOCHA,nutricion y desarrollo infantil,controles repetidos en ninos de 2 anos de < 5,2006-01-01,112,112,109,221
AUCAPATA,nutricion y desarrollo infantil,controles repetidos en ninos de 2 anos de < 5,2006-01-01,16,16,12,28
AYATA,nutricion y desarrollo infantil,controles repetidos en ninos de 2 anos de < 5,2006-01-01,62,62,69,131
AYO AYO,nutricion y desarrollo infantil,controles repetidos en ninos de 2 anos de < 5,2006-01-01,22,22,20,42
AYOPAYA (V. DE INDEPENDENCIA),nutricion y desarrollo infantil,controles repetidos en ninos de 2 anos de < 5,2006-01-01,131,131,128,259
BATALLAS,nutricion y desarrollo infantil,controles repetidos en ninos de 2 anos de < 5,2006-01-01,34,34,37,71
BAURES,nutricion y desarrollo infantil,controles repetidos en ninos de 2 anos de < 5,2006-01-01,20,20,26,46
BELEN DE ANDAMARCA,nutricion y desarrollo infantil,controles repetidos en ninos de 2 anos de < 5,2006-01-01,1,1,0,1
BELEN DE URMIRI,nutricion y desarrollo infantil,controles repetidos en ninos de 2 anos de < 5,2006-01-01,19,19,14,33
BELLA FLOR,nutricion y desarrollo infantil,controles repetidos en ninos de 2 anos de < 5,2006-01-01,57,57,68,125
BERMEJO,nutricion y desarrollo infantil,controles repetidos en ninos de 2 anos de < 5,2006-01-01,19,19,27,46
BETANZOS,nutricion y desarrollo infantil,controles repetidos en ninos de 2 anos de < 5,2006-01-01,366,366,373,739
BOLIVAR,nutricion y desarrollo infantil,controles repetidos en ninos de 2 anos de < 5,2006-01-01,97,97,95,192
BOLPEBRA,nutricion y desarrollo infantil,controles repetidos en ninos de 2 anos de < 5,2006-01-01,20,20,16,36
BOYUIBE,nutricion y desarrollo infantil,controles repetidos en ninos de 2 anos de < 5,2006-01-01,32,32,49,81
BUENA VISTA,nutricion y desarrollo infantil,controles repetidos en ninos de 2 anos de < 5,2006-01-01,169,169,177,346
CABEZAS,nutricion y desarrollo infantil,controles repetidos en ninos de 2 anos de < 5,2006-01-01,74,74,51,125
CAIROMA,nutricion y desarrollo infantil,controles repetidos en ninos de 2 anos de < 5,2006-01-01,72,72,119,191
"CAIZA ""D""",nutricion y desarrollo infantil,controles repetidos en ninos de 2 anos de < 5,2006-01-01,57,57,52,109
CAJUATA,nutricion y desarrollo infantil,controles repetidos en ninos de 2 anos de < 5,2006-01-01,33,33,47,80
CALACOTO,nutricion y desarrollo infantil,controles repetidos en ninos de 2 anos de < 5,2006-01-01,17,17,11,28
CALAMARCA,nutricion y desarrollo infantil,controles repetidos en ninos de 2 anos de < 5,2006-01-01,146,146,135,281
CAMIRI,nutricion y desarrollo infantil,controles repetidos en ninos de 2 anos de < 5,2006-01-01,166,166,172,338
CAPINOTA,nutricion y desarrollo infantil,controles repetidos en ninos de 2 anos de < 5,2006-01-01,58,58,53,111
CAQUIAVIRI,nutricion y desarrollo infantil,controles repetidos en ninos de 2 anos de < 5,2006-01-01,24,24,15,39
CARACOLLO,nutricion y desarrollo infantil,controles repetidos en ninos de 2 anos de < 5,2006-01-01,20,20,31,51
CARANAVI,nutricion y desarrollo infantil,controles repetidos en ninos de 2 anos de < 5,2006-01-01,199,199,231,430
CARAPARI,nutricion y desarrollo infantil,controles repetidos en ninos de 2 anos de < 5,2006-01-01,69,69,73,142
CARIPUYO,nutricion y desarrollo infantil,controles repetidos en ninos de 2 anos de < 5,2006-01-01,128,128,109,237
CARMEN RIVERO TORREZ,nutricion y desarrollo infantil,controles repetidos en ninos de 2 anos de < 5,2006-01-01,19,19,13,32
CHACARILLA,nutricion y desarrollo infantil,controles repetidos en ninos de 2 anos de < 5,2006-01-01,3,3,9,12
CHALLAPATA,nutricion y desarrollo infantil,controles repetidos en ninos de 2 anos de < 5,2006-01-01,52,52,50,102
CHAQUI,nutricion y desarrollo infantil,controles repetidos en ninos de 2 anos de < 5,2006-01-01,45,45,55,100
CHARAGUA,nutricion y desarrollo infantil,controles repetidos en ninos de 2 anos de < 5,2006-01-01,185,185,233,418
CHARAÑA,nutricion y desarrollo infantil,controles repetidos en ninos de 2 anos de < 5,2006-01-01,14,14,19,33
CHAYANTA,nutricion y desarrollo infantil,controles repetidos en ninos de 2 anos de < 5,2006-01-01,109,109,122,231
CHIMORE,nutricion y desarrollo infantil,controles repetidos en ninos de 2 anos de < 5,2006-01-01,35,35,27,62
CHIPAYA,nutricion y desarrollo infantil,controles repetidos en ninos de 2 anos de < 5,2006-01-01,10,10,13,23
CHOQUE COTA,nutricion y desarrollo infantil,controles repetidos en ninos de 2 anos de < 5,2006-01-01,5,5,8,13
CHULUMANI (V. DE LA LIBERTAD),nutricion y desarrollo infantil,controles repetidos en ninos de 2 anos de < 5,2006-01-01,16,16,12,28
CHUMA,nutricion y desarrollo infantil,controles repetidos en ninos de 2 anos de < 5,2006-01-01,58,58,56,114
CLIZA,nutricion y desarrollo infantil,controles repetidos en ninos de 2 anos de < 5,2006-01-01,59,59,46,105
COBIJA,nutricion y desarrollo infantil,controles repetidos en ninos de 2 anos de < 5,2006-01-01,193,193,189,382
COCHABAMBA,nutricion y desarrollo infantil,controles repetidos en ninos de 2 anos de < 5,2006-01-01,1284,1284,889,2173
COLCAPIRHUA,nutricion y desarrollo infantil,controles repetidos en ninos de 2 anos de < 5,2006-01-01,69,69,67,136
"COLCHA ""K""",nutricion y desarrollo infantil,controles repetidos en ninos de 2 anos de < 5,2006-01-01,40,40,61,101
COLLANA,nutricion y desarrollo infantil,controles repetidos en ninos de 2 anos de < 5,2006-01-01,9,9,7,16
COLOMI,nutricion y desarrollo infantil,controles repetidos en ninos de 2 anos de < 5,2006-01-01,19,19,17,36
COLPA BELGICA,nutricion y desarrollo infantil,controles repetidos en ninos de 2 anos de < 5,2006-01-01,57,57,43,100
COLQUECHACA,nutricion y desarrollo infantil,controles repetidos en ninos de 2 anos de < 5,2006-01-01,271,271,237,508
COLQUENCHA,nutricion y desarrollo infantil,controles repetidos en ninos de 2 anos de < 5,2006-01-01,84,84,51,135
COMANCHE,nutricion y desarrollo infantil,controles repetidos en ninos de 2 anos de < 5,2006-01-01,2,2,2,4
COMARAPA,nutricion y desarrollo infantil,controles repetidos en ninos de 2 anos de < 5,2006-01-01,115,115,91,206
CONCEPCION,nutricion y desarrollo infantil,controles repetidos en ninos de 2 anos de < 5,2006-01-01,33,33,32,65
COPACABANA,nutricion y desarrollo infantil,controles repetidos en ninos de 2 anos de < 5,2006-01-01,69,69,85,154
CORIPATA,nutricion y desarrollo infantil,controles repetidos en ninos de 2 anos de < 5,2006-01-01,53,53,38,91
CORO CORO,nutricion y desarrollo infantil,controles repetidos en ninos de 2 anos de < 5,2006-01-01,48,48,47,95
COROICO,nutricion y desarrollo infantil,controles repetidos en ninos de 2 anos de < 5,2006-01-01,15,15,19,34
CORQUE,nutricion y desarrollo infantil,controles repetidos en ninos de 2 anos de < 5,2006-01-01,7,7,7,14
COTAGAITA,nutricion y desarrollo infantil,controles repetidos en ninos de 2 anos de < 5,2006-01-01,192,192,186,378
COTOCA,nutricion y desarrollo infantil,controles repetidos en ninos de 2 anos de < 5,2006-01-01,157,157,107,264
CUATRO CAÑADAS,nutricion y desarrollo infantil,controles repetidos en ninos de 2 anos de < 5,2006-01-01,51,51,57,108
CUCHUMUELA (V. G. VILLARROEL),nutricion y desarrollo infantil,controles repetidos en ninos de 2 anos de < 5,2006-01-01,17,17,7,24
CUEVO,nutricion y desarrollo infantil,controles repetidos en ninos de 2 anos de < 5,2006-01-01,39,39,35,74
CURAHUARA DE CARANGAS,nutricion y desarrollo infantil,controles repetidos en ninos de 2 anos de < 5,2006-01-01,22,22,16,38
CURVA,nutricion y desarrollo infantil,controles repetidos en ninos de 2 anos de < 5,2006-01-01,17,17,11,28
DESAGUADERO,nutricion y desarrollo infantil,controles repetidos en ninos de 2 anos de < 5,2006-01-01,47,47,32,79
EL ALTO,nutricion y desarrollo infantil,controles repetidos en ninos de 2 anos de < 5,2006-01-01,1488,1488,1444,2932
EL CHORO,nutricion y desarrollo infantil,controles repetidos en ninos de 2 anos de < 5,2006-01-01,9,9,16,25
EL PUENTE(TJA),nutricion y desarrollo infantil,controles repetidos en ninos de 2 anos de < 5,2006-01-01,100,100,74,174
EL TORNO,nutricion y desarrollo infantil,controles repetidos en ninos de 2 anos de < 5,2006-01-01,110,110,118,228
ENTRE RIOS,nutricion y desarrollo infantil,controles repetidos en ninos de 2 anos de < 5,2006-01-01,157,157,136,293
ENTRE RIOS,nutricion y desarrollo infantil,controles repetidos en ninos de 2 anos de < 5,2006-01-01,123,123,129,252
ESCARA,nutricion y desarrollo infantil,controles repetidos en ninos de 2 anos de < 5,2006-01-01,0,0,2,2
EUCALIPTUS,nutricion y desarrollo infantil,controles repetidos en ninos de 2 anos de < 5,2006-01-01,40,40,44,84
EUREKA (SANTOS MERCADO),nutricion y desarrollo infantil,controles repetidos en ninos de 2 anos de < 5,2006-01-01,34,34,33,67
EXALTACION,nutricion y desarrollo infantil,controles repetidos en ninos de 2 anos de < 5,2006-01-01,19,19,9,28
FERNANDEZ ALONSO,nutricion y desarrollo infantil,controles repetidos en ninos de 2 anos de < 5,2006-01-01,141,141,130,271
FILADELFIA,nutricion y desarrollo infantil,controles repetidos en ninos de 2 anos de < 5,2006-01-01,15,15,15,30
GENERAL SAAVEDRA,nutricion y desarrollo infantil,controles repetidos en ninos de 2 anos de < 5,2006-01-01,98,98,108,206
GRAL. J.J. PEREZ (CHARAZANI),nutricion y desarrollo infantil,controles repetidos en ninos de 2 anos de < 5,2006-01-01,60,60,55,115
GUANAY,nutricion y desarrollo infantil,controles repetidos en ninos de 2 anos de < 5,2006-01-01,48,48,39,87
GUAQUI,nutricion y desarrollo infantil,controles repetidos en ninos de 2 anos de < 5,2006-01-01,24,24,18,42
GUAYARAMERIN,nutricion y desarrollo infantil,controles repetidos en ninos de 2 anos de < 5,2006-01-01,210,210,220,430
GUTIERREZ,nutricion y desarrollo infantil,controles repetidos en ninos de 2 anos de < 5,2006-01-01,209,209,204,413
HUACHACALLA,nutricion y desarrollo infantil,controles repetidos en ninos de 2 anos de < 5,2006-01-01,4,4,3,7
HUANUNI,nutricion y desarrollo infantil,controles repetidos en ninos de 2 anos de < 5,2006-01-01,40,40,28,68
HUARACAJE,nutricion y desarrollo infantil,controles repetidos en ninos de 2 anos de < 5,2006-01-01,23,23,28,51
HUAYLLAMARCA,nutricion y desarrollo infantil,controles repetidos en ninos de 2 anos de < 5,2006-01-01,6,6,9,15
INGAVI (HUMAITA),nutricion y desarrollo infantil,controles repetidos en ninos de 2 anos de < 5,2006-01-01,13,13,5,18
IRUPANA (VILLA DE LANZA),nutricion y desarrollo infantil,controles repetidos en ninos de 2 anos de < 5,2006-01-01,136,136,138,274
IXIAMAS,nutricion y desarrollo infantil,controles repetidos en ninos de 2 anos de < 5,2006-01-01,70,70,44,114
JESUS DE MACHACA,nutricion y desarrollo infantil,controles repetidos en ninos de 2 anos de < 5,2006-01-01,37,37,50,87
LA ASUNTA,nutricion y desarrollo infantil,controles repetidos en ninos de 2 anos de < 5,2006-01-01,48,48,35,83
LA GUARDIA,nutricion y desarrollo infantil,controles repetidos en ninos de 2 anos de < 5,2006-01-01,206,206,185,391
LA PAZ,nutricion y desarrollo infantil,controles repetidos en ninos de 2 anos de < 5,2006-01-01,1489,1489,1448,2937
LA RIVERA,nutricion y desarrollo infantil,controles repetidos en ninos de 2 anos de < 5,2006-01-01,0,0,1,1
LAGUNILLAS,nutricion y desarrollo infantil,controles repetidos en ninos de 2 anos de < 5,2006-01-01,68,68,77,145
LAJA,nutricion y desarrollo infantil,controles repetidos en ninos de 2 anos de < 5,2006-01-01,56,56,53,109
LLALLAGUA,nutricion y desarrollo infantil,controles repetidos en ninos de 2 anos de < 5,2006-01-01,259,259,287,546
LLICA,nutricion y desarrollo infantil,controles repetidos en ninos de 2 anos de < 5,2006-01-01,17,17,14,31
LORETO,nutricion y desarrollo infantil,controles repetidos en ninos de 2 anos de < 5,2006-01-01,3,3,3,6
LURIBAY,nutricion y desarrollo infantil,controles repetidos en ninos de 2 anos de < 5,2006-01-01,74,74,59,133
MACHACAMARCA,nutricion y desarrollo infantil,controles repetidos en ninos de 2 anos de < 5,2006-01-01,9,9,14,23
MAGDALENA,nutricion y desarrollo infantil,controles repetidos en ninos de 2 anos de < 5,2006-01-01,55,55,46,101
MAIRANA,nutricion y desarrollo infantil,controles repetidos en ninos de 2 anos de < 5,2006-01-01,39,39,39,78
MALLA,nutricion y desarrollo infantil,controles repetidos en ninos de 2 anos de < 5,2006-01-01,52,52,42,94
MAPIRI,nutricion y desarrollo infantil,controles repetidos en ninos de 2 anos de < 5,2006-01-01,65,65,50,115
MECAPACA,nutricion y desarrollo infantil,controles repetidos en ninos de 2 anos de < 5,2006-01-01,29,29,36,65
MINEROS,nutricion y desarrollo infantil,controles repetidos en ninos de 2 anos de < 5,2006-01-01,126,126,132,258
MIZQUE,nutricion y desarrollo infantil,controles repetidos en ninos de 2 anos de < 5,2006-01-01,107,107,131,238
MOCOMOCO,nutricion y desarrollo infantil,controles repetidos en ninos de 2 anos de < 5,2006-01-01,72,72,64,136
MOJINETE,nutricion y desarrollo infantil,controles repetidos en ninos de 2 anos de < 5,2006-01-01,5,5,4,9
MONTERO,nutricion y desarrollo infantil,controles repetidos en ninos de 2 anos de < 5,2006-01-01,573,573,607,1180
MORO MORO,nutricion y desarrollo infantil,controles repetidos en ninos de 2 anos de < 5,2006-01-01,43,43,23,66
MOROCHATA,nutricion y desarrollo infantil,controles repetidos en ninos de 2 anos de < 5,2006-01-01,45,45,33,78
NACEBE (SANTA ROSA DEL ABUNA),nutricion y desarrollo infantil,controles repetidos en ninos de 2 anos de < 5,2006-01-01,24,24,13,37
NAZACARA DE PACAJES,nutricion y desarrollo infantil,controles repetidos en ninos de 2 anos de < 5,2006-01-01,7,7,1,8
NUEVO MANOA (NUEVA ESPERANZA),nutricion y desarrollo infantil,controles repetidos en ninos de 2 anos de < 5,2006-01-01,15,15,21,36
OCURI,nutricion y desarrollo infantil,controles repetidos en ninos de 2 anos de < 5,2006-01-01,215,215,220,435
OKINAWA,nutricion y desarrollo infantil,controles repetidos en ninos de 2 anos de < 5,2006-01-01,30,30,29,59
OMEREQUE,nutricion y desarrollo infantil,controles repetidos en ninos de 2 anos de < 5,2006-01-01,46,46,41,87
ORURO,nutricion y desarrollo infantil,controles repetidos en ninos de 2 anos de < 5,2006-01-01,565,565,590,1155
PADCAYA,nutricion y desarrollo infantil,controles repetidos en ninos de 2 anos de < 5,2006-01-01,131,131,134,265
PAILON,nutricion y desarrollo infantil,controles repetidos en ninos de 2 anos de < 5,2006-01-01,41,41,53,94
PALCA,nutricion y desarrollo infantil,controles repetidos en ninos de 2 anos de < 5,2006-01-01,20,20,10,30
PALOS BLANCOS,nutricion y desarrollo infantil,controles repetidos en ninos de 2 anos de < 5,2006-01-01,174,174,162,336
PAMPA AULLAGAS,nutricion y desarrollo infantil,controles repetidos en ninos de 2 anos de < 5,2006-01-01,14,14,15,29
PAMPA GRANDE,nutricion y desarrollo infantil,controles repetidos en ninos de 2 anos de < 5,2006-01-01,51,51,57,108
PAPEL PAMPA,nutricion y desarrollo infantil,controles repetidos en ninos de 2 anos de < 5,2006-01-01,6,6,13,19
PASORAPA,nutricion y desarrollo infantil,controles repetidos en ninos de 2 anos de < 5,2006-01-01,48,48,34,82
PATACAMAYA,nutricion y desarrollo infantil,controles repetidos en ninos de 2 anos de < 5,2006-01-01,66,66,61,127
PAZÑA,nutricion y desarrollo infantil,controles repetidos en ninos de 2 anos de < 5,2006-01-01,22,22,12,34
PELECHUCO,nutricion y desarrollo infantil,controles repetidos en ninos de 2 anos de < 5,2006-01-01,21,21,15,36
POCOATA,nutricion y desarrollo infantil,controles repetidos en ninos de 2 anos de < 5,2006-01-01,149,149,161,310
POCONA,nutricion y desarrollo infantil,controles repetidos en ninos de 2 anos de < 5,2006-01-01,23,23,12,35
POJO (CBBA),nutricion y desarrollo infantil,controles repetidos en ninos de 2 anos de < 5,2006-01-01,33,33,36,69
POOPO,nutricion y desarrollo infantil,controles repetidos en ninos de 2 anos de < 5,2006-01-01,12,12,6,18
PORCO,nutricion y desarrollo infantil,controles repetidos en ninos de 2 anos de < 5,2006-01-01,13,13,14,27
POROMA,nutricion y desarrollo infantil,controles repetidos en ninos de 2 anos de < 5,2006-01-01,55,55,32,87
PORONGO,nutricion y desarrollo infantil,controles repetidos en ninos de 2 anos de < 5,2006-01-01,39,39,24,63
PORTACHUELO,nutricion y desarrollo infantil,controles repetidos en ninos de 2 anos de < 5,2006-01-01,103,103,92,195
PORVENIR,nutricion y desarrollo infantil,controles repetidos en ninos de 2 anos de < 5,2006-01-01,25,25,25,50
POSTRER VALLE,nutricion y desarrollo infantil,controles repetidos en ninos de 2 anos de < 5,2006-01-01,10,10,10,20
POTOSI,nutricion y desarrollo infantil,controles repetidos en ninos de 2 anos de < 5,2006-01-01,554,554,533,1087
PUCARA,nutricion y desarrollo infantil,controles repetidos en ninos de 2 anos de < 5,2006-01-01,6,6,1,7
PUCARANI,nutricion y desarrollo infantil,controles repetidos en ninos de 2 anos de < 5,2006-01-01,75,75,101,176
PUERTO ACOSTA,nutricion y desarrollo infantil,controles repetidos en ninos de 2 anos de < 5,2006-01-01,88,88,75,163
PUERTO CARABUCO,nutricion y desarrollo infantil,controles repetidos en ninos de 2 anos de < 5,2006-01-01,102,102,128,230
PUERTO GONZALO MORENO,nutricion y desarrollo infantil,controles repetidos en ninos de 2 anos de < 5,2006-01-01,24,24,23,47
PUERTO PEREZ,nutricion y desarrollo infantil,controles repetidos en ninos de 2 anos de < 5,2006-01-01,66,66,69,135
PUERTO QUIJARRO,nutricion y desarrollo infantil,controles repetidos en ninos de 2 anos de < 5,2006-01-01,46,46,32,78
PUERTO RICO,nutricion y desarrollo infantil,controles repetidos en ninos de 2 anos de < 5,2006-01-01,6,6,15,21
PUERTO SILES,nutricion y desarrollo infantil,controles repetidos en ninos de 2 anos de < 5,2006-01-01,2,2,1,3
PUERTO SUAREZ,nutricion y desarrollo infantil,controles repetidos en ninos de 2 anos de < 5,2006-01-01,34,34,33,67
PUERTO VILLARROEL,nutricion y desarrollo infantil,controles repetidos en ninos de 2 anos de < 5,2006-01-01,92,92,136,228
PUNA,nutricion y desarrollo infantil,controles repetidos en ninos de 2 anos de < 5,2006-01-01,240,240,208,448
PUNATA,nutricion y desarrollo infantil,controles repetidos en ninos de 2 anos de < 5,2006-01-01,44,44,49,93
QUIABAYA,nutricion y desarrollo infantil,controles repetidos en ninos de 2 anos de < 5,2006-01-01,6,6,4,10
QUILLACOLLO,nutricion y desarrollo infantil,controles repetidos en ninos de 2 anos de < 5,2006-01-01,114,114,107,221
QUIRUSILLAS,nutricion y desarrollo infantil,controles repetidos en ninos de 2 anos de < 5,2006-01-01,7,7,5,12
RAVELO,nutricion y desarrollo infantil,controles repetidos en ninos de 2 anos de < 5,2006-01-01,140,140,132,272
REYES,nutricion y desarrollo infantil,controles repetidos en ninos de 2 anos de < 5,2006-01-01,89,89,85,174
RIBERALTA,nutricion y desarrollo infantil,controles repetidos en ninos de 2 anos de < 5,2006-01-01,368,368,378,746
ROBORE,nutricion y desarrollo infantil,controles repetidos en ninos de 2 anos de < 5,2006-01-01,75,75,59,134
RURRENABAQUE,nutricion y desarrollo infantil,controles repetidos en ninos de 2 anos de < 5,2006-01-01,53,53,43,96
SABAYA,nutricion y desarrollo infantil,controles repetidos en ninos de 2 anos de < 5,2006-01-01,3,3,4,7
SACABA,nutricion y desarrollo infantil,controles repetidos en ninos de 2 anos de < 5,2006-01-01,156,156,155,311
SACABAMBA,nutricion y desarrollo infantil,controles repetidos en ninos de 2 anos de < 5,2006-01-01,5,5,9,14
SACACA,nutricion y desarrollo infantil,controles repetidos en ninos de 2 anos de < 5,2006-01-01,207,207,177,384
SAIPINA,nutricion y desarrollo infantil,controles repetidos en ninos de 2 anos de < 5,2006-01-01,51,51,42,93
SALINAS DE GARCI MENDOZA,nutricion y desarrollo infantil,controles repetidos en ninos de 2 anos de < 5,2006-01-01,46,46,66,112
SAMAIPATA,nutricion y desarrollo infantil,controles repetidos en ninos de 2 anos de < 5,2006-01-01,59,59,51,110
SAN AGUSTIN,nutricion y desarrollo infantil,controles repetidos en ninos de 2 anos de < 5,2006-01-01,17,17,12,29
SAN ANDRES,nutricion y desarrollo infantil,controles repetidos en ninos de 2 anos de < 5,2006-01-01,75,75,70,145
SAN ANDRES DE MACHACA,nutricion y desarrollo infantil,controles repetidos en ninos de 2 anos de < 5,2006-01-01,15,15,14,29
SAN ANTONIO DE ESMORUCO,nutricion y desarrollo infantil,controles repetidos en ninos de 2 anos de < 5,2006-01-01,4,4,4,8
SAN ANTONIO DE LOMERIO,nutricion y desarrollo infantil,controles repetidos en ninos de 2 anos de < 5,2006-01-01,123,123,133,256
SAN BENITO,nutricion y desarrollo infantil,controles repetidos en ninos de 2 anos de < 5,2006-01-01,59,59,52,111
SAN BORJA,nutricion y desarrollo infantil,controles repetidos en ninos de 2 anos de < 5,2006-01-01,175,175,154,329
SAN BUENA VENTURA,nutricion y desarrollo infantil,controles repetidos en ninos de 2 anos de < 5,2006-01-01,43,43,47,90
SAN CARLOS,nutricion y desarrollo infantil,controles repetidos en ninos de 2 anos de < 5,2006-01-01,119,119,115,234
SAN IGNACIO,nutricion y desarrollo infantil,controles repetidos en ninos de 2 anos de < 5,2006-01-01,149,149,120,269
SAN IGNACIO DE VELASCO,nutricion y desarrollo infantil,controles repetidos en ninos de 2 anos de < 5,2006-01-01,470,470,453,923
SAN JAVIER(BNI),nutricion y desarrollo infantil,controles repetidos en ninos de 2 anos de < 5,2006-01-01,14,14,17,31
SAN JAVIER(STC),nutricion y desarrollo infantil,controles repetidos en ninos de 2 anos de < 5,2006-01-01,98,98,157,255
SAN JOAQUIN,nutricion y desarrollo infantil,controles repetidos en ninos de 2 anos de < 5,2006-01-01,41,41,52,93
SAN JOSE DE CHIQUITOS,nutricion y desarrollo infantil,controles repetidos en ninos de 2 anos de < 5,2006-01-01,90,90,64,154
SAN JUAN DE YAPACANI,nutricion y desarrollo infantil,controles repetidos en ninos de 2 anos de < 5,2006-01-01,89,89,75,164
SAN JULIAN,nutricion y desarrollo infantil,controles repetidos en ninos de 2 anos de < 5,2006-01-01,83,83,91,174
SAN LORENZO(PND),nutricion y desarrollo infantil,controles repetidos en ninos de 2 anos de < 5,2006-01-01,38,38,26,64
SAN LORENZO(TJA),nutricion y desarrollo infantil,controles repetidos en ninos de 2 anos de < 5,2006-01-01,154,154,168,322
SAN MATIAS,nutricion y desarrollo infantil,controles repetidos en ninos de 2 anos de < 5,2006-01-01,57,57,52,109
SAN MIGUEL DE VELASCO,nutricion y desarrollo infantil,controles repetidos en ninos de 2 anos de < 5,2006-01-01,44,44,47,91
SAN PABLO DE LIPEZ,nutricion y desarrollo infantil,controles repetidos en ninos de 2 anos de < 5,2006-01-01,18,18,10,28
SAN PEDRO,nutricion y desarrollo infantil,controles repetidos en ninos de 2 anos de < 5,2006-01-01,133,133,111,244
SAN PEDRO DE BUENA VISTA,nutricion y desarrollo infantil,controles repetidos en ninos de 2 anos de < 5,2006-01-01,108,108,100,208
SAN PEDRO DE CURAHUARA,nutricion y desarrollo infantil,controles repetidos en ninos de 2 anos de < 5,2006-01-01,42,42,47,89
SAN PEDRO DE QUEMES,nutricion y desarrollo infantil,controles repetidos en ninos de 2 anos de < 5,2006-01-01,1,1,1,2
SAN PEDRO DE TIQUINA,nutricion y desarrollo infantil,controles repetidos en ninos de 2 anos de < 5,2006-01-01,18,18,18,36
SAN PEDRO(PND),nutricion y desarrollo infantil,controles repetidos en ninos de 2 anos de < 5,2006-01-01,0,0,1,1
SAN RAFAEL,nutricion y desarrollo infantil,controles repetidos en ninos de 2 anos de < 5,2006-01-01,59,59,54,113
SAN RAMON,nutricion y desarrollo infantil,controles repetidos en ninos de 2 anos de < 5,2006-01-01,5,5,3,8
SAN RAMON,nutricion y desarrollo infantil,controles repetidos en ninos de 2 anos de < 5,2006-01-01,58,58,46,104
SANTA ANA,nutricion y desarrollo infantil,controles repetidos en ninos de 2 anos de < 5,2006-01-01,112,112,73,185
SANTA CRUZ DE LA SIERRA,nutricion y desarrollo infantil,controles repetidos en ninos de 2 anos de < 5,2006-01-01,2160,2160,2001,4161
SANTA ROSA,nutricion y desarrollo infantil,controles repetidos en ninos de 2 anos de < 5,2006-01-01,25,25,46,71
SANTA ROSA DEL SARA,nutricion y desarrollo infantil,controles repetidos en ninos de 2 anos de < 5,2006-01-01,99,99,100,199
SANTIAGO DE CALLAPA,nutricion y desarrollo infantil,controles repetidos en ninos de 2 anos de < 5,2006-01-01,24,24,15,39
SANTIAGO DE HUARI,nutricion y desarrollo infantil,controles repetidos en ninos de 2 anos de < 5,2006-01-01,42,42,50,92
SANTIAGO DE MACHACA,nutricion y desarrollo infantil,controles repetidos en ninos de 2 anos de < 5,2006-01-01,11,11,12,23
SANTIVAÑES,nutricion y desarrollo infantil,controles repetidos en ninos de 2 anos de < 5,2006-01-01,58,58,41,99
SANTUARIO DE QUILLACAS,nutricion y desarrollo infantil,controles repetidos en ninos de 2 anos de < 5,2006-01-01,5,5,4,9
SAPAHAQUI,nutricion y desarrollo infantil,controles repetidos en ninos de 2 anos de < 5,2006-01-01,68,68,65,133
SENA,nutricion y desarrollo infantil,controles repetidos en ninos de 2 anos de < 5,2006-01-01,77,77,67,144
SICA SICA (VILLA AROMA),nutricion y desarrollo infantil,controles repetidos en ninos de 2 anos de < 5,2006-01-01,139,139,145,284
SICAYA,nutricion y desarrollo infantil,controles repetidos en ninos de 2 anos de < 5,2006-01-01,9,9,11,20
SIPE SIPE,nutricion y desarrollo infantil,controles repetidos en ninos de 2 anos de < 5,2006-01-01,50,50,49,99
SORACACHI,nutricion y desarrollo infantil,controles repetidos en ninos de 2 anos de < 5,2006-01-01,34,34,30,64
SORATA,nutricion y desarrollo infantil,controles repetidos en ninos de 2 anos de < 5,2006-01-01,107,107,111,218
TACACOMA,nutricion y desarrollo infantil,controles repetidos en ninos de 2 anos de < 5,2006-01-01,30,30,26,56
TACOBAMBA,nutricion y desarrollo infantil,controles repetidos en ninos de 2 anos de < 5,2006-01-01,44,44,33,77
TACOPAYA,nutricion y desarrollo infantil,controles repetidos en ninos de 2 anos de < 5,2006-01-01,67,67,69,136
TAHUA,nutricion y desarrollo infantil,controles repetidos en ninos de 2 anos de < 5,2006-01-01,7,7,11,18
TAPACARI,nutricion y desarrollo infantil,controles repetidos en ninos de 2 anos de < 5,2006-01-01,126,126,104,230
TARACO,nutricion y desarrollo infantil,controles repetidos en ninos de 2 anos de < 5,2006-01-01,41,41,34,75
TARATA,nutricion y desarrollo infantil,controles repetidos en ninos de 2 anos de < 5,2006-01-01,15,15,12,27
TARIJA,nutricion y desarrollo infantil,controles repetidos en ninos de 2 anos de < 5,2006-01-01,417,417,398,815
TEOPONTE,nutricion y desarrollo infantil,controles repetidos en ninos de 2 anos de < 5,2006-01-01,48,48,43,91
TIAWANACU,nutricion y desarrollo infantil,controles repetidos en ninos de 2 anos de < 5,2006-01-01,47,47,45,92
TINGUIPAYA,nutricion y desarrollo infantil,controles repetidos en ninos de 2 anos de < 5,2006-01-01,138,138,143,281
TIPUANI,nutricion y desarrollo infantil,controles repetidos en ninos de 2 anos de < 5,2006-01-01,40,40,50,90
TIQUIPAYA,nutricion y desarrollo infantil,controles repetidos en ninos de 2 anos de < 5,2006-01-01,23,23,32,55
TIRAQUE (CBBA),nutricion y desarrollo infantil,controles repetidos en ninos de 2 anos de < 5,2006-01-01,45,45,48,93
TITO YUPANQUI (PARQUIPUJIO),nutricion y desarrollo infantil,controles repetidos en ninos de 2 anos de < 5,2006-01-01,12,12,10,22
TOCO,nutricion y desarrollo infantil,controles repetidos en ninos de 2 anos de < 5,2006-01-01,2,2,0,2
TODOS SANTOS,nutricion y desarrollo infantil,controles repetidos en ninos de 2 anos de < 5,2006-01-01,1,1,1,2
TOLATA,nutricion y desarrollo infantil,controles repetidos en ninos de 2 anos de < 5,2006-01-01,3,3,4,7
TOLEDO,nutricion y desarrollo infantil,controles repetidos en ninos de 2 anos de < 5,2006-01-01,14,14,11,25
TOMAVE,nutricion y desarrollo infantil,controles repetidos en ninos de 2 anos de < 5,2006-01-01,57,57,57,114
TORO TORO,nutricion y desarrollo infantil,controles repetidos en ninos de 2 anos de < 5,2006-01-01,134,134,148,282
TOTORA(CBBA),nutricion y desarrollo infantil,controles repetidos en ninos de 2 anos de < 5,2006-01-01,27,27,26,53
TOTORA(ORR),nutricion y desarrollo infantil,controles repetidos en ninos de 2 anos de < 5,2006-01-01,12,12,13,25
TRIGAL,nutricion y desarrollo infantil,controles repetidos en ninos de 2 anos de < 5,2006-01-01,25,25,13,38
TRINIDAD,nutricion y desarrollo infantil,controles repetidos en ninos de 2 anos de < 5,2006-01-01,232,232,201,433
TUPIZA,nutricion y desarrollo infantil,controles repetidos en ninos de 2 anos de < 5,2006-01-01,330,330,329,659
TURCO,nutricion y desarrollo infantil,controles repetidos en ninos de 2 anos de < 5,2006-01-01,18,18,20,38
UMALA,nutricion y desarrollo infantil,controles repetidos en ninos de 2 anos de < 5,2006-01-01,8,8,16,24
UNCIA,nutricion y desarrollo infantil,controles repetidos en ninos de 2 anos de < 5,2006-01-01,80,80,68,148
URIONDO (A. CONCEPCION),nutricion y desarrollo infantil,controles repetidos en ninos de 2 anos de < 5,2006-01-01,139,139,150,289
UYUNI,nutricion y desarrollo infantil,controles repetidos en ninos de 2 anos de < 5,2006-01-01,45,45,68,113
VACAS,nutricion y desarrollo infantil,controles repetidos en ninos de 2 anos de < 5,2006-01-01,14,14,14,28
VALLEGRANDE,nutricion y desarrollo infantil,controles repetidos en ninos de 2 anos de < 5,2006-01-01,92,92,120,212
VIACHA,nutricion y desarrollo infantil,controles repetidos en ninos de 2 anos de < 5,2006-01-01,93,93,93,186
VILA VILA,nutricion y desarrollo infantil,controles repetidos en ninos de 2 anos de < 5,2006-01-01,5,5,5,10
VILLA MONTES,nutricion y desarrollo infantil,controles repetidos en ninos de 2 anos de < 5,2006-01-01,139,139,138,277
VILLA NUEVA (LOMA ALTA),nutricion y desarrollo infantil,controles repetidos en ninos de 2 anos de < 5,2006-01-01,29,29,28,57
VILLA RIVERO,nutricion y desarrollo infantil,controles repetidos en ninos de 2 anos de < 5,2006-01-01,10,10,9,19
VILLA TUNARI,nutricion y desarrollo infantil,controles repetidos en ninos de 2 anos de < 5,2006-01-01,198,198,191,389
VILLAZON,nutricion y desarrollo infantil,controles repetidos en ninos de 2 anos de < 5,2006-01-01,270,270,264,534
VINTO,nutricion y desarrollo infantil,controles repetidos en ninos de 2 anos de < 5,2006-01-01,47,47,40,87
VITICHI,nutricion y desarrollo infantil,controles repetidos en ninos de 2 anos de < 5,2006-01-01,151,151,151,302
WALDO BALLIVIAN,nutricion y desarrollo infantil,controles repetidos en ninos de 2 anos de < 5,2006-01-01,5,5,2,7
WARNES,nutricion y desarrollo infantil,controles repetidos en ninos de 2 anos de < 5,2006-01-01,194,194,208,402
YACO,nutricion y desarrollo infantil,controles repetidos en ninos de 2 anos de < 5,2006-01-01,40,40,35,75
YACUIBA,nutricion y desarrollo infantil,controles repetidos en ninos de 2 anos de < 5,2006-01-01,194,194,189,383
YANACACHI,nutricion y desarrollo infantil,controles repetidos en ninos de 2 anos de < 5,2006-01-01,23,23,22,45
YAPACANI,nutricion y desarrollo infantil,controles repetidos en ninos de 2 anos de < 5,2006-01-01,246,246,304,550
YOCALLA,nutricion y desarrollo infantil,controles repetidos en ninos de 2 anos de < 5,2006-01-01,31,31,43,74
YUNCHARA,nutricion y desarrollo infantil,controles repetidos en ninos de 2 anos de < 5,2006-01-01,90,90,72,162
ACACIO,nutricion y desarrollo infantil,controles repetidos en ninos de 2 anos de < 5,2006-02-01,152,152,143,295
ACHACACHI,nutricion y desarrollo infantil,controles repetidos en ninos de 2 anos de < 5,2006-02-01,324,324,368,692
ACHOCALLA,nutricion y desarrollo infantil,controles repetidos en ninos de 2 anos de < 5,2006-02-01,36,36,35,71
AIQUILE,nutricion y desarrollo infantil,controles repetidos en ninos de 2 anos de < 5,2006-02-01,68,68,66,134
ALALAY,nutricion y desarrollo infantil,controles repetidos en ninos de 2 anos de < 5,2006-02-01,14,14,15,29
ALCALA,nutricion y desarrollo infantil,controles repetidos en ninos de 2 anos de < 5,2006-02-01,84,84,82,166
ANCORAIMES,nutricion y desarrollo infantil,controles repetidos en ninos de 2 anos de < 5,2006-02-01,104,104,130,234
ANDAMARCA,nutricion y desarrollo infantil,controles repetidos en ninos de 2 anos de < 5,2006-02-01,30,30,49,79
ANTEQUERA,nutricion y desarrollo infantil,controles repetidos en ninos de 2 anos de < 5,2006-02-01,8,8,13,21
ANZALDO,nutricion y desarrollo infantil,controles repetidos en ninos de 2 anos de < 5,2006-02-01,5,5,7,12
APOLO,nutricion y desarrollo infantil,controles repetidos en ninos de 2 anos de < 5,2006-02-01,104,104,104,208
ARAMPAMPA,nutricion y desarrollo infantil,controles repetidos en ninos de 2 anos de < 5,2006-02-01,66,66,71,137
ARANI,nutricion y desarrollo infantil,controles repetidos en ninos de 2 anos de < 5,2006-02-01,13,13,16,29
ARBIETO,nutricion y desarrollo infantil,controles repetidos en ninos de 2 anos de < 5,2006-02-01,20,20,22,42
ARQUE,nutricion y desarrollo infantil,controles repetidos en ninos de 2 anos de < 5,2006-02-01,88,88,90,178
ASCENCION DE GUARAYOS,nutricion y desarrollo infantil,controles repetidos en ninos de 2 anos de < 5,2006-02-01,65,65,170,235
ATOCHA,nutricion y desarrollo infantil,controles repetidos en ninos de 2 anos de < 5,2006-02-01,105,105,118,223
AUCAPATA,nutricion y desarrollo infantil,controles repetidos en ninos de 2 anos de < 5,2006-02-01,18,18,24,42
AYATA,nutricion y desarrollo infantil,controles repetidos en ninos de 2 anos de < 5,2006-02-01,78,78,76,154
AYO AYO,nutricion y desarrollo infantil,controles repetidos en ninos de 2 anos de < 5,2006-02-01,31,31,30,61
AYOPAYA (V. DE INDEPENDENCIA),nutricion y desarrollo infantil,controles repetidos en ninos de 2 anos de < 5,2006-02-01,158,158,165,323
AZURDUY,nutricion y desarrollo infantil,controles repetidos en ninos de 2 anos de < 5,2006-02-01,190,190,190,380
BATALLAS,nutricion y desarrollo infantil,controles repetidos en ninos de 2 anos de < 5,2006-02-01,49,49,65,114
BAURES,nutricion y desarrollo infantil,controles repetidos en ninos de 2 anos de < 5,2006-02-01,28,28,26,54
BELEN DE ANDAMARCA,nutricion y desarrollo infantil,controles repetidos en ninos de 2 anos de < 5,2006-02-01,6,6,1,7
BELEN DE URMIRI,nutricion y desarrollo infantil,controles repetidos en ninos de 2 anos de < 5,2006-02-01,13,13,10,23
BELLA FLOR,nutricion y desarrollo infantil,controles repetidos en ninos de 2 anos de < 5,2006-02-01,47,47,50,97
BERMEJO,nutricion y desarrollo infantil,controles repetidos en ninos de 2 anos de < 5,2006-02-01,41,41,55,96
BETANZOS,nutricion y desarrollo infantil,controles repetidos en ninos de 2 anos de < 5,2006-02-01,328,328,339,667
BOLIVAR,nutricion y desarrollo infantil,controles repetidos en ninos de 2 anos de < 5,2006-02-01,57,57,83,140
BOLPEBRA,nutricion y desarrollo infantil,controles repetidos en ninos de 2 anos de < 5,2006-02-01,27,27,22,49
BOYUIBE,nutricion y desarrollo infantil,controles repetidos en ninos de 2 anos de < 5,2006-02-01,31,31,33,64
BUENA VISTA,nutricion y desarrollo infantil,controles repetidos en ninos de 2 anos de < 5,2006-02-01,145,145,156,301
CABEZAS,nutricion y desarrollo infantil,controles repetidos en ninos de 2 anos de < 5,2006-02-01,134,134,104,238
CAIROMA,nutricion y desarrollo infantil,controles repetidos en ninos de 2 anos de < 5,2006-02-01,132,132,157,289
"CAIZA ""D""",nutricion y desarrollo infantil,controles repetidos en ninos de 2 anos de < 5,2006-02-01,84,84,89,173
CAJUATA,nutricion y desarrollo infantil,controles repetidos en ninos de 2 anos de < 5,2006-02-01,10,10,0,10
CALACOTO,nutricion y desarrollo infantil,controles repetidos en ninos de 2 anos de < 5,2006-02-01,40,40,18,58
CALAMARCA,nutricion y desarrollo infantil,controles repetidos en ninos de 2 anos de < 5,2006-02-01,106,106,115,221
CAMARGO,nutricion y desarrollo infantil,controles repetidos en ninos de 2 anos de < 5,2006-02-01,144,144,154,298
CAMATAQUI (C. VILLA ABECIA),nutricion y desarrollo infantil,controles repetidos en ninos de 2 anos de < 5,2006-02-01,31,31,30,61
CAMIRI,nutricion y desarrollo infantil,controles repetidos en ninos de 2 anos de < 5,2006-02-01,214,214,196,410
CAPINOTA,nutricion y desarrollo infantil,controles repetidos en ninos de 2 anos de < 5,2006-02-01,44,44,40,84
CAQUIAVIRI,nutricion y desarrollo infantil,controles repetidos en ninos de 2 anos de < 5,2006-02-01,31,31,37,68
CARACOLLO,nutricion y desarrollo infantil,controles repetidos en ninos de 2 anos de < 5,2006-02-01,85,85,105,190
CARANAVI,nutricion y desarrollo infantil,controles repetidos en ninos de 2 anos de < 5,2006-02-01,300,300,332,632
CARAPARI,nutricion y desarrollo infantil,controles repetidos en ninos de 2 anos de < 5,2006-02-01,98,98,89,187
CARIPUYO,nutricion y desarrollo infantil,controles repetidos en ninos de 2 anos de < 5,2006-02-01,118,118,99,217
CARMEN RIVERO TORREZ,nutricion y desarrollo infantil,controles repetidos en ninos de 2 anos de < 5,2006-02-01,29,29,14,43
CATACORA,nutricion y desarrollo infantil,controles repetidos en ninos de 2 anos de < 5,2006-02-01,5,5,2,7
CHACARILLA,nutricion y desarrollo infantil,controles repetidos en ninos de 2 anos de < 5,2006-02-01,19,19,24,43
CHALLAPATA,nutricion y desarrollo infantil,controles repetidos en ninos de 2 anos de < 5,2006-02-01,181,181,172,353
CHAQUI,nutricion y desarrollo infantil,controles repetidos en ninos de 2 anos de < 5,2006-02-01,68,68,67,135
CHARAGUA,nutricion y desarrollo infantil,controles repetidos en ninos de 2 anos de < 5,2006-02-01,202,202,193,395
CHARAÑA,nutricion y desarrollo infantil,controles repetidos en ninos de 2 anos de < 5,2006-02-01,8,8,7,15
CHAYANTA,nutricion y desarrollo infantil,controles repetidos en ninos de 2 anos de < 5,2006-02-01,135,135,141,276
CHIMORE,nutricion y desarrollo infantil,controles repetidos en ninos de 2 anos de < 5,2006-02-01,15,15,22,37
CHIPAYA,nutricion y desarrollo infantil,controles repetidos en ninos de 2 anos de < 5,2006-02-01,11,11,7,18
CHOQUE COTA,nutricion y desarrollo infantil,controles repetidos en ninos de 2 anos de < 5,2006-02-01,3,3,4,7
CHULUMANI (V. DE LA LIBERTAD),nutricion y desarrollo infantil,controles repetidos en ninos de 2 anos de < 5,2006-02-01,29,29,48,77
CHUMA,nutricion y desarrollo infantil,controles repetidos en ninos de 2 anos de < 5,2006-02-01,53,53,64,117
CLIZA,nutricion y desarrollo infantil,controles repetidos en ninos de 2 anos de < 5,2006-02-01,25,25,17,42
COBIJA,nutricion y desarrollo infantil,controles repetidos en ninos de 2 anos de < 5,2006-02-01,136,136,170,306
COCHABAMBA,nutricion y desarrollo infantil,controles repetidos en ninos de 2 anos de < 5,2006-02-01,878,878,719,1597
COIPASA,nutricion y desarrollo infantil,controles repetidos en ninos de 2 anos de < 5,2006-02-01,2,2,0,2
COLCAPIRHUA,nutricion y desarrollo infantil,controles repetidos en ninos de 2 anos de < 5,2006-02-01,47,47,64,111
"COLCHA ""K""",nutricion y desarrollo infantil,controles repetidos en ninos de 2 anos de < 5,2006-02-01,75,75,95,170
COLLANA,nutricion y desarrollo infantil,controles repetidos en ninos de 2 anos de < 5,2006-02-01,16,16,15,31
COLOMI,nutricion y desarrollo infantil,controles repetidos en ninos de 2 anos de < 5,2006-02-01,28,28,23,51
COLPA BELGICA,nutricion y desarrollo infantil,controles repetidos en ninos de 2 anos de < 5,2006-02-01,38,38,35,73
COLQUECHACA,nutricion y desarrollo infantil,controles repetidos en ninos de 2 anos de < 5,2006-02-01,362,362,352,714
COLQUENCHA,nutricion y desarrollo infantil,controles repetidos en ninos de 2 anos de < 5,2006-02-01,78,78,70,148
COLQUIRI,nutricion y desarrollo infantil,controles repetidos en ninos de 2 anos de < 5,2006-02-01,79,79,85,164
COMANCHE,nutricion y desarrollo infantil,controles repetidos en ninos de 2 anos de < 5,2006-02-01,5,5,9,14
COMARAPA,nutricion y desarrollo infantil,controles repetidos en ninos de 2 anos de < 5,2006-02-01,127,127,116,243
COMBAYA,nutricion y desarrollo infantil,controles repetidos en ninos de 2 anos de < 5,2006-02-01,20,20,11,31
CONCEPCION,nutricion y desarrollo infantil,controles repetidos en ninos de 2 anos de < 5,2006-02-01,11,11,56,67
COPACABANA,nutricion y desarrollo infantil,controles repetidos en ninos de 2 anos de < 5,2006-02-01,90,90,85,175
CORIPATA,nutricion y desarrollo infantil,controles repetidos en ninos de 2 anos de < 5,2006-02-01,102,102,72,174
CORO CORO,nutricion y desarrollo infantil,controles repetidos en ninos de 2 anos de < 5,2006-02-01,49,49,59,108
COROICO,nutricion y desarrollo infantil,controles repetidos en ninos de 2 anos de < 5,2006-02-01,45,45,48,93
CORQUE,nutricion y desarrollo infantil,controles repetidos en ninos de 2 anos de < 5,2006-02-01,28,28,14,42
COTAGAITA,nutricion y desarrollo infantil,controles repetidos en ninos de 2 anos de < 5,2006-02-01,265,265,267,532
COTOCA,nutricion y desarrollo infantil,controles repetidos en ninos de 2 anos de < 5,2006-02-01,92,92,84,176
CUATRO CAÑADAS,nutricion y desarrollo infantil,controles repetidos en ninos de 2 anos de < 5,2006-02-01,58,58,43,101
CUCHUMUELA (V. G. VILLARROEL),nutricion y desarrollo infantil,controles repetidos en ninos de 2 anos de < 5,2006-02-01,27,27,18,45
CUEVO,nutricion y desarrollo infantil,controles repetidos en ninos de 2 anos de < 5,2006-02-01,55,55,51,106
CULPINA,nutricion y desarrollo infantil,controles repetidos en ninos de 2 anos de < 5,2006-02-01,170,170,193,363
CURAHUARA DE CARANGAS,nutricion y desarrollo infantil,controles repetidos en ninos de 2 anos de < 5,2006-02-01,34,34,28,62
CURVA,nutricion y desarrollo infantil,controles repetidos en ninos de 2 anos de < 5,2006-02-01,29,29,20,49
DESAGUADERO,nutricion y desarrollo infantil,controles repetidos en ninos de 2 anos de < 5,2006-02-01,23,23,13,36
EL ALTO,nutricion y desarrollo infantil,controles repetidos en ninos de 2 anos de < 5,2006-02-01,1461,1461,1576,3037
EL CHORO,nutricion y desarrollo infantil,controles repetidos en ninos de 2 anos de < 5,2006-02-01,12,12,14,26
EL PUENTE(TJA),nutricion y desarrollo infantil,controles repetidos en ninos de 2 anos de < 5,2006-02-01,102,102,89,191
EL TORNO,nutricion y desarrollo infantil,controles repetidos en ninos de 2 anos de < 5,2006-02-01,115,115,132,247
EL VILLAR,nutricion y desarrollo infantil,controles repetidos en ninos de 2 anos de < 5,2006-02-01,112,112,90,202
ENTRE RIOS,nutricion y desarrollo infantil,controles repetidos en ninos de 2 anos de < 5,2006-02-01,196,196,177,373
ENTRE RIOS,nutricion y desarrollo infantil,controles repetidos en ninos de 2 anos de < 5,2006-02-01,77,77,90,167
ESCARA,nutricion y desarrollo infantil,controles repetidos en ninos de 2 anos de < 5,2006-02-01,3,3,2,5
EUCALIPTUS,nutricion y desarrollo infantil,controles repetidos en ninos de 2 anos de < 5,2006-02-01,35,35,42,77
EUREKA (SANTOS MERCADO),nutricion y desarrollo infantil,controles repetidos en ninos de 2 anos de < 5,2006-02-01,2,2,6,8
EXALTACION,nutricion y desarrollo infantil,controles repetidos en ninos de 2 anos de < 5,2006-02-01,41,41,46,87
FERNANDEZ ALONSO,nutricion y desarrollo infantil,controles repetidos en ninos de 2 anos de < 5,2006-02-01,164,164,151,315
FILADELFIA,nutricion y desarrollo infantil,controles repetidos en ninos de 2 anos de < 5,2006-02-01,32,32,36,68
GENERAL SAAVEDRA,nutricion y desarrollo infantil,controles repetidos en ninos de 2 anos de < 5,2006-02-01,140,140,124,264
GRAL. J.J. PEREZ (CHARAZANI),nutricion y desarrollo infantil,controles repetidos en ninos de 2 anos de < 5,2006-02-01,95,95,95,190
GUANAY,nutricion y desarrollo infantil,controles repetidos en ninos de 2 anos de < 5,2006-02-01,92,92,84,176
GUAQUI,nutricion y desarrollo infantil,controles repetidos en ninos de 2 anos de < 5,2006-02-01,40,40,20,60
GUAYARAMERIN,nutricion y desarrollo infantil,controles repetidos en ninos de 2 anos de < 5,2006-02-01,215,215,227,442
GUTIERREZ,nutricion y desarrollo infantil,controles repetidos en ninos de 2 anos de < 5,2006-02-01,235,235,227,462
HUACARETA,nutricion y desarrollo infantil,controles repetidos en ninos de 2 anos de < 5,2006-02-01,80,80,73,153
HUACAYA (VILLA DE HUACAYA),nutricion y desarrollo infantil,controles repetidos en ninos de 2 anos de < 5,2006-02-01,28,28,38,66
HUACHACALLA,nutricion y desarrollo infantil,controles repetidos en ninos de 2 anos de < 5,2006-02-01,7,7,5,12
HUANUNI,nutricion y desarrollo infantil,controles repetidos en ninos de 2 anos de < 5,2006-02-01,75,75,57,132
HUARACAJE,nutricion y desarrollo infantil,controles repetidos en ninos de 2 anos de < 5,2006-02-01,40,40,26,66
HUAYLLAMARCA,nutricion y desarrollo infantil,controles repetidos en ninos de 2 anos de < 5,2006-02-01,10,10,9,19
ICHOCA,nutricion y desarrollo infantil,controles repetidos en ninos de 2 anos de < 5,2006-02-01,29,29,20,49
ICLA,nutricion y desarrollo infantil,controles repetidos en ninos de 2 anos de < 5,2006-02-01,261,261,250,511
INCAHUASI,nutricion y desarrollo infantil,controles repetidos en ninos de 2 anos de < 5,2006-02-01,172,172,237,409
INGAVI (HUMAITA),nutricion y desarrollo infantil,controles repetidos en ninos de 2 anos de < 5,2006-02-01,25,25,18,43
INQUISIVI,nutricion y desarrollo infantil,controles repetidos en ninos de 2 anos de < 5,2006-02-01,46,46,48,94
IRUPANA (VILLA DE LANZA),nutricion y desarrollo infantil,controles repetidos en ninos de 2 anos de < 5,2006-02-01,146,146,126,272
IXIAMAS,nutricion y desarrollo infantil,controles repetidos en ninos de 2 anos de < 5,2006-02-01,85,85,55,140
JESUS DE MACHACA,nutricion y desarrollo infantil,controles repetidos en ninos de 2 anos de < 5,2006-02-01,59,59,60,119
LA ASUNTA,nutricion y desarrollo infantil,controles repetidos en ninos de 2 anos de < 5,2006-02-01,72,72,70,142
LA GUARDIA,nutricion y desarrollo infantil,controles repetidos en ninos de 2 anos de < 5,2006-02-01,185,185,196,381
LA PAZ,nutricion y desarrollo infantil,controles repetidos en ninos de 2 anos de < 5,2006-02-01,1478,1478,1401,2879
LA RIVERA,nutricion y desarrollo infantil,controles repetidos en ninos de 2 anos de < 5,2006-02-01,2,2,1,3
LAGUNILLAS,nutricion y desarrollo infantil,controles repetidos en ninos de 2 anos de < 5,2006-02-01,92,92,87,179
LAJA,nutricion y desarrollo infantil,controles repetidos en ninos de 2 anos de < 5,2006-02-01,68,68,67,135
LAS CARRERAS,nutricion y desarrollo infantil,controles repetidos en ninos de 2 anos de < 5,2006-02-01,46,46,57,103
LICOMA PAMPA,nutricion y desarrollo infantil,controles repetidos en ninos de 2 anos de < 5,2006-02-01,5,5,10,15
LLALLAGUA,nutricion y desarrollo infantil,controles repetidos en ninos de 2 anos de < 5,2006-02-01,192,192,185,377
LLICA,nutricion y desarrollo infantil,controles repetidos en ninos de 2 anos de < 5,2006-02-01,23,23,21,44
LORETO,nutricion y desarrollo infantil,controles repetidos en ninos de 2 anos de < 5,2006-02-01,16,16,12,28
LURIBAY,nutricion y desarrollo infantil,controles repetidos en ninos de 2 anos de < 5,2006-02-01,100,100,92,192
MACHACAMARCA,nutricion y desarrollo infantil,controles repetidos en ninos de 2 anos de < 5,2006-02-01,10,10,13,23
MACHARETI,nutricion y desarrollo infantil,controles repetidos en ninos de 2 anos de < 5,2006-02-01,118,118,137,255
MAGDALENA,nutricion y desarrollo infantil,controles repetidos en ninos de 2 anos de < 5,2006-02-01,34,34,40,74
MAIRANA,nutricion y desarrollo infantil,controles repetidos en ninos de 2 anos de < 5,2006-02-01,61,61,48,109
MALLA,nutricion y desarrollo infantil,controles repetidos en ninos de 2 anos de < 5,2006-02-01,39,39,46,85
MAPIRI,nutricion y desarrollo infantil,controles repetidos en ninos de 2 anos de < 5,2006-02-01,73,73,53,126
MECAPACA,nutricion y desarrollo infantil,controles repetidos en ninos de 2 anos de < 5,2006-02-01,56,56,57,113
MINEROS,nutricion y desarrollo infantil,controles repetidos en ninos de 2 anos de < 5,2006-02-01,88,88,94,182
MIZQUE,nutricion y desarrollo infantil,controles repetidos en ninos de 2 anos de < 5,2006-02-01,158,158,157,315
MOCOMOCO,nutricion y desarrollo infantil,controles repetidos en ninos de 2 anos de < 5,2006-02-01,104,104,111,215
MOJINETE,nutricion y desarrollo infantil,controles repetidos en ninos de 2 anos de < 5,2006-02-01,27,27,14,41
MOJOCOYA,nutricion y desarrollo infantil,controles repetidos en ninos de 2 anos de < 5,2006-02-01,117,117,92,209
MONTEAGUDO,nutricion y desarrollo infantil,controles repetidos en ninos de 2 anos de < 5,2006-02-01,95,95,79,174
MONTERO,nutricion y desarrollo infantil,controles repetidos en ninos de 2 anos de < 5,2006-02-01,489,489,468,957
MORO MORO,nutricion y desarrollo infantil,controles repetidos en ninos de 2 anos de < 5,2006-02-01,23,23,23,46
MOROCHATA,nutricion y desarrollo infantil,controles repetidos en ninos de 2 anos de < 5,2006-02-01,50,50,64,114
NACEBE (SANTA ROSA DEL ABUNA),nutricion y desarrollo infantil,controles repetidos en ninos de 2 anos de < 5,2006-02-01,21,21,7,28
NUEVO MANOA (NUEVA ESPERANZA),nutricion y desarrollo infantil,controles repetidos en ninos de 2 anos de < 5,2006-02-01,18,18,12,30
OCURI,nutricion y desarrollo infantil,controles repetidos en ninos de 2 anos de < 5,2006-02-01,206,206,226,432
OKINAWA,nutricion y desarrollo infantil,controles repetidos en ninos de 2 anos de < 5,2006-02-01,38,38,28,66
OMEREQUE,nutricion y desarrollo infantil,controles repetidos en ninos de 2 anos de < 5,2006-02-01,38,38,45,83
ORURO,nutricion y desarrollo infantil,controles repetidos en ninos de 2 anos de < 5,2006-02-01,524,524,509,1033
PADCAYA,nutricion y desarrollo infantil,controles repetidos en ninos de 2 anos de < 5,2006-02-01,139,139,136,275
PADILLA,nutricion y desarrollo infantil,controles repetidos en ninos de 2 anos de < 5,2006-02-01,179,179,174,353
PAILON,nutricion y desarrollo infantil,controles repetidos en ninos de 2 anos de < 5,2006-02-01,75,75,96,171
PALCA,nutricion y desarrollo infantil,controles repetidos en ninos de 2 anos de < 5,2006-02-01,36,36,34,70
PALOS BLANCOS,nutricion y desarrollo infantil,controles repetidos en ninos de 2 anos de < 5,2006-02-01,176,176,169,345
PAMPA AULLAGAS,nutricion y desarrollo infantil,controles repetidos en ninos de 2 anos de < 5,2006-02-01,15,15,24,39
PAMPA GRANDE,nutricion y desarrollo infantil,controles repetidos en ninos de 2 anos de < 5,2006-02-01,48,48,36,84
PAPEL PAMPA,nutricion y desarrollo infantil,controles repetidos en ninos de 2 anos de < 5,2006-02-01,8,8,10,18
PASORAPA,nutricion y desarrollo infantil,controles repetidos en ninos de 2 anos de < 5,2006-02-01,69,69,59,128
PATACAMAYA,nutricion y desarrollo infantil,controles repetidos en ninos de 2 anos de < 5,2006-02-01,139,139,131,270
PAZÑA,nutricion y desarrollo infantil,controles repetidos en ninos de 2 anos de < 5,2006-02-01,24,24,22,46
PELECHUCO,nutricion y desarrollo infantil,controles repetidos en ninos de 2 anos de < 5,2006-02-01,39,39,44,83
POCOATA,nutricion y desarrollo infantil,controles repetidos en ninos de 2 anos de < 5,2006-02-01,180,180,183,363
POCONA,nutricion y desarrollo infantil,controles repetidos en ninos de 2 anos de < 5,2006-02-01,69,69,81,150
POJO (CBBA),nutricion y desarrollo infantil,controles repetidos en ninos de 2 anos de < 5,2006-02-01,46,46,36,82
POOPO,nutricion y desarrollo infantil,controles repetidos en ninos de 2 anos de < 5,2006-02-01,12,12,15,27
PORCO,nutricion y desarrollo infantil,controles repetidos en ninos de 2 anos de < 5,2006-02-01,28,28,25,53
POROMA,nutricion y desarrollo infantil,controles repetidos en ninos de 2 anos de < 5,2006-02-01,86,86,75,161
PORONGO,nutricion y desarrollo infantil,controles repetidos en ninos de 2 anos de < 5,2006-02-01,28,28,20,48
PORTACHUELO,nutricion y desarrollo infantil,controles repetidos en ninos de 2 anos de < 5,2006-02-01,140,140,100,240
PORVENIR,nutricion y desarrollo infantil,controles repetidos en ninos de 2 anos de < 5,2006-02-01,31,31,34,65
POSTRER VALLE,nutricion y desarrollo infantil,controles repetidos en ninos de 2 anos de < 5,2006-02-01,18,18,15,33
POTOSI,nutricion y desarrollo infantil,controles repetidos en ninos de 2 anos de < 5,2006-02-01,534,534,539,1073
PRESTO,nutricion y desarrollo infantil,controles repetidos en ninos de 2 anos de < 5,2006-02-01,161,161,132,293
PUCARA,nutricion y desarrollo infantil,controles repetidos en ninos de 2 anos de < 5,2006-02-01,32,32,27,59
PUCARANI,nutricion y desarrollo infantil,controles repetidos en ninos de 2 anos de < 5,2006-02-01,129,129,105,234
PUERTO ACOSTA,nutricion y desarrollo infantil,controles repetidos en ninos de 2 anos de < 5,2006-02-01,154,154,149,303
PUERTO CARABUCO,nutricion y desarrollo infantil,controles repetidos en ninos de 2 anos de < 5,2006-02-01,74,74,85,159
PUERTO GONZALO MORENO,nutricion y desarrollo infantil,controles repetidos en ninos de 2 anos de < 5,2006-02-01,22,22,30,52
PUERTO PEREZ,nutricion y desarrollo infantil,controles repetidos en ninos de 2 anos de < 5,2006-02-01,61,61,63,124
PUERTO QUIJARRO,nutricion y desarrollo infantil,controles repetidos en ninos de 2 anos de < 5,2006-02-01,35,35,37,72
PUERTO RICO,nutricion y desarrollo infantil,controles repetidos en ninos de 2 anos de < 5,2006-02-01,43,43,80,123
PUERTO SILES,nutricion y desarrollo infantil,controles repetidos en ninos de 2 anos de < 5,2006-02-01,1,1,1,2
PUERTO SUAREZ,nutricion y desarrollo infantil,controles repetidos en ninos de 2 anos de < 5,2006-02-01,32,32,49,81
PUERTO VILLARROEL,nutricion y desarrollo infantil,controles repetidos en ninos de 2 anos de < 5,2006-02-01,150,150,141,291
PUNA,nutricion y desarrollo infantil,controles repetidos en ninos de 2 anos de < 5,2006-02-01,216,216,194,410
PUNATA,nutricion y desarrollo infantil,controles repetidos en ninos de 2 anos de < 5,2006-02-01,67,67,58,125
QUIABAYA,nutricion y desarrollo infantil,controles repetidos en ninos de 2 anos de < 5,2006-02-01,35,35,36,71
QUILLACOLLO,nutricion y desarrollo infantil,controles repetidos en ninos de 2 anos de < 5,2006-02-01,87,87,70,157
QUIME,nutricion y desarrollo infantil,controles repetidos en ninos de 2 anos de < 5,2006-02-01,74,74,69,143
QUIRUSILLAS,nutricion y desarrollo infantil,controles repetidos en ninos de 2 anos de < 5,2006-02-01,14,14,13,27
RAVELO,nutricion y desarrollo infantil,controles repetidos en ninos de 2 anos de < 5,2006-02-01,250,250,268,518
REYES,nutricion y desarrollo infantil,controles repetidos en ninos de 2 anos de < 5,2006-02-01,70,70,48,118
RIBERALTA,nutricion y desarrollo infantil,controles repetidos en ninos de 2 anos de < 5,2006-02-01,370,370,301,671
ROBORE,nutricion y desarrollo infantil,controles repetidos en ninos de 2 anos de < 5,2006-02-01,49,49,64,113
RURRENABAQUE,nutricion y desarrollo infantil,controles repetidos en ninos de 2 anos de < 5,2006-02-01,42,42,32,74
SABAYA,nutricion y desarrollo infantil,controles repetidos en ninos de 2 anos de < 5,2006-02-01,4,4,7,11
SACABA,nutricion y desarrollo infantil,controles repetidos en ninos de 2 anos de < 5,2006-02-01,71,71,79,150
SACABAMBA,nutricion y desarrollo infantil,controles repetidos en ninos de 2 anos de < 5,2006-02-01,19,19,24,43
SACACA,nutricion y desarrollo infantil,controles repetidos en ninos de 2 anos de < 5,2006-02-01,516,516,446,962
SAIPINA,nutricion y desarrollo infantil,controles repetidos en ninos de 2 anos de < 5,2006-02-01,44,44,36,80
SALINAS DE GARCI MENDOZA,nutricion y desarrollo infantil,controles repetidos en ninos de 2 anos de < 5,2006-02-01,74,74,68,142
SAMAIPATA,nutricion y desarrollo infantil,controles repetidos en ninos de 2 anos de < 5,2006-02-01,101,101,64,165
SAN AGUSTIN,nutricion y desarrollo infantil,controles repetidos en ninos de 2 anos de < 5,2006-02-01,16,16,19,35
SAN ANDRES,nutricion y desarrollo infantil,controles repetidos en ninos de 2 anos de < 5,2006-02-01,55,55,60,115
SAN ANDRES DE MACHACA,nutricion y desarrollo infantil,controles repetidos en ninos de 2 anos de < 5,2006-02-01,7,7,2,9
SAN ANTONIO DE ESMORUCO,nutricion y desarrollo infantil,controles repetidos en ninos de 2 anos de < 5,2006-02-01,6,6,9,15
SAN ANTONIO DE LOMERIO,nutricion y desarrollo infantil,controles repetidos en ninos de 2 anos de < 5,2006-02-01,107,107,107,214
SAN BENITO,nutricion y desarrollo infantil,controles repetidos en ninos de 2 anos de < 5,2006-02-01,37,37,18,55
SAN BORJA,nutricion y desarrollo infantil,controles repetidos en ninos de 2 anos de < 5,2006-02-01,172,172,161,333
SAN BUENA VENTURA,nutricion y desarrollo infantil,controles repetidos en ninos de 2 anos de < 5,2006-02-01,52,52,39,91
SAN CARLOS,nutricion y desarrollo infantil,controles repetidos en ninos de 2 anos de < 5,2006-02-01,83,83,93,176
SAN IGNACIO,nutricion y desarrollo infantil,controles repetidos en ninos de 2 anos de < 5,2006-02-01,160,160,167,327
SAN IGNACIO DE VELASCO,nutricion y desarrollo infantil,controles repetidos en ninos de 2 anos de < 5,2006-02-01,380,380,433,813
SAN JAVIER(BNI),nutricion y desarrollo infantil,controles repetidos en ninos de 2 anos de < 5,2006-02-01,4,4,9,13
SAN JAVIER(STC),nutricion y desarrollo infantil,controles repetidos en ninos de 2 anos de < 5,2006-02-01,62,62,69,131
SAN JOAQUIN,nutricion y desarrollo infantil,controles repetidos en ninos de 2 anos de < 5,2006-02-01,36,36,46,82
SAN JOSE DE CHIQUITOS,nutricion y desarrollo infantil,controles repetidos en ninos de 2 anos de < 5,2006-02-01,69,69,68,137
SAN JUAN DE YAPACANI,nutricion y desarrollo infantil,controles repetidos en ninos de 2 anos de < 5,2006-02-01,72,72,68,140
SAN JULIAN,nutricion y desarrollo infantil,controles repetidos en ninos de 2 anos de < 5,2006-02-01,77,77,80,157
SAN LORENZO(PND),nutricion y desarrollo infantil,controles repetidos en ninos de 2 anos de < 5,2006-02-01,41,41,41,82
SAN LORENZO(TJA),nutricion y desarrollo infantil,controles repetidos en ninos de 2 anos de < 5,2006-02-01,170,170,248,418
SAN LUCAS,nutricion y desarrollo infantil,controles repetidos en ninos de 2 anos de < 5,2006-02-01,351,351,369,720
SAN MATIAS,nutricion y desarrollo infantil,controles repetidos en ninos de 2 anos de < 5,2006-02-01,113,113,77,190
SAN MIGUEL DE VELASCO,nutricion y desarrollo infantil,controles repetidos en ninos de 2 anos de < 5,2006-02-01,121,121,88,209
SAN PABLO DE LIPEZ,nutricion y desarrollo infantil,controles repetidos en ninos de 2 anos de < 5,2006-02-01,20,20,23,43
SAN PEDRO,nutricion y desarrollo infantil,controles repetidos en ninos de 2 anos de < 5,2006-02-01,81,81,97,178
SAN PEDRO DE BUENA VISTA,nutricion y desarrollo infantil,controles repetidos en ninos de 2 anos de < 5,2006-02-01,117,117,106,223
SAN PEDRO DE CURAHUARA,nutricion y desarrollo infantil,controles repetidos en ninos de 2 anos de < 5,2006-02-01,24,24,24,48
SAN PEDRO DE QUEMES,nutricion y desarrollo infantil,controles repetidos en ninos de 2 anos de < 5,2006-02-01,4,4,3,7
SAN PEDRO DE TIQUINA,nutricion y desarrollo infantil,controles repetidos en ninos de 2 anos de < 5,2006-02-01,32,32,30,62
SAN PEDRO(PND),nutricion y desarrollo infantil,controles repetidos en ninos de 2 anos de < 5,2006-02-01,12,12,4,16
SAN RAFAEL,nutricion y desarrollo infantil,controles repetidos en ninos de 2 anos de < 5,2006-02-01,37,37,45,82
SAN RAMON,nutricion y desarrollo infantil,controles repetidos en ninos de 2 anos de < 5,2006-02-01,14,14,6,20
SAN RAMON,nutricion y desarrollo infantil,controles repetidos en ninos de 2 anos de < 5,2006-02-01,24,24,27,51
SANTA ANA,nutricion y desarrollo infantil,controles repetidos en ninos de 2 anos de < 5,2006-02-01,81,81,63,144
SANTA CRUZ DE LA SIERRA,nutricion y desarrollo infantil,controles repetidos en ninos de 2 anos de < 5,2006-02-01,2068,2068,1698,3766
SANTA ROSA,nutricion y desarrollo infantil,controles repetidos en ninos de 2 anos de < 5,2006-02-01,19,19,30,49
SANTA ROSA DEL SARA,nutricion y desarrollo infantil,controles repetidos en ninos de 2 anos de < 5,2006-02-01,140,140,135,275
SANTIAGO DE CALLAPA,nutricion y desarrollo infantil,controles repetidos en ninos de 2 anos de < 5,2006-02-01,24,24,30,54
SANTIAGO DE HUARI,nutricion y desarrollo infantil,controles repetidos en ninos de 2 anos de < 5,2006-02-01,76,76,90,166
SANTIAGO DE MACHACA,nutricion y desarrollo infantil,controles repetidos en ninos de 2 anos de < 5,2006-02-01,13,13,15,28
SANTIVAÑES,nutricion y desarrollo infantil,controles repetidos en ninos de 2 anos de < 5,2006-02-01,43,43,37,80
SANTUARIO DE QUILLACAS,nutricion y desarrollo infantil,controles repetidos en ninos de 2 anos de < 5,2006-02-01,19,19,17,36
SAPAHAQUI,nutricion y desarrollo infantil,controles repetidos en ninos de 2 anos de < 5,2006-02-01,81,81,77,158
SENA,nutricion y desarrollo infantil,controles repetidos en ninos de 2 anos de < 5,2006-02-01,19,19,31,50
SICA SICA (VILLA AROMA),nutricion y desarrollo infantil,controles repetidos en ninos de 2 anos de < 5,2006-02-01,99,99,117,216
SICAYA,nutricion y desarrollo infantil,controles repetidos en ninos de 2 anos de < 5,2006-02-01,8,8,7,15
SIPE SIPE,nutricion y desarrollo infantil,controles repetidos en ninos de 2 anos de < 5,2006-02-01,49,49,41,90
SOPACHUY,nutricion y desarrollo infantil,controles repetidos en ninos de 2 anos de < 5,2006-02-01,80,80,97,177
SORACACHI,nutricion y desarrollo infantil,controles repetidos en ninos de 2 anos de < 5,2006-02-01,23,23,28,51
SORATA,nutricion y desarrollo infantil,controles repetidos en ninos de 2 anos de < 5,2006-02-01,139,139,109,248
SUCRE,nutricion y desarrollo infantil,controles repetidos en ninos de 2 anos de < 5,2006-02-01,269,269,253,522
TACACHI,nutricion y desarrollo infantil,controles repetidos en ninos de 2 anos de < 5,2006-02-01,2,2,1,3
TACACOMA,nutricion y desarrollo infantil,controles repetidos en ninos de 2 anos de < 5,2006-02-01,38,38,32,70
TACOBAMBA,nutricion y desarrollo infantil,controles repetidos en ninos de 2 anos de < 5,2006-02-01,76,76,59,135
TACOPAYA,nutricion y desarrollo infantil,controles repetidos en ninos de 2 anos de < 5,2006-02-01,125,125,126,251
TAHUA,nutricion y desarrollo infantil,controles repetidos en ninos de 2 anos de < 5,2006-02-01,7,7,8,15
TAPACARI,nutricion y desarrollo infantil,controles repetidos en ninos de 2 anos de < 5,2006-02-01,96,96,80,176
TARABUCO,nutricion y desarrollo infantil,controles repetidos en ninos de 2 anos de < 5,2006-02-01,456,456,491,947
TARACO,nutricion y desarrollo infantil,controles repetidos en ninos de 2 anos de < 5,2006-02-01,33,33,36,69
TARATA,nutricion y desarrollo infantil,controles repetidos en ninos de 2 anos de < 5,2006-02-01,17,17,14,31
TARIJA,nutricion y desarrollo infantil,controles repetidos en ninos de 2 anos de < 5,2006-02-01,396,396,383,779
TARVITA,nutricion y desarrollo infantil,controles repetidos en ninos de 2 anos de < 5,2006-02-01,10,10,28,38
TEOPONTE,nutricion y desarrollo infantil,controles repetidos en ninos de 2 anos de < 5,2006-02-01,73,73,66,139
TIAWANACU,nutricion y desarrollo infantil,controles repetidos en ninos de 2 anos de < 5,2006-02-01,31,31,38,69
TINGUIPAYA,nutricion y desarrollo infantil,controles repetidos en ninos de 2 anos de < 5,2006-02-01,193,193,203,396
TIPUANI,nutricion y desarrollo infantil,controles repetidos en ninos de 2 anos de < 5,2006-02-01,39,39,33,72
TIQUIPAYA,nutricion y desarrollo infantil,controles repetidos en ninos de 2 anos de < 5,2006-02-01,41,41,25,66
TIRAQUE (CBBA),nutricion y desarrollo infantil,controles repetidos en ninos de 2 anos de < 5,2006-02-01,62,62,62,124
TITO YUPANQUI (PARQUIPUJIO),nutricion y desarrollo infantil,controles repetidos en ninos de 2 anos de < 5,2006-02-01,21,21,12,33
TOCO,nutricion y desarrollo infantil,controles repetidos en ninos de 2 anos de < 5,2006-02-01,21,21,13,34
TODOS SANTOS,nutricion y desarrollo infantil,controles repetidos en ninos de 2 anos de < 5,2006-02-01,0,0,2,2
TOLATA,nutricion y desarrollo infantil,controles repetidos en ninos de 2 anos de < 5,2006-02-01,4,4,9,13
TOLEDO,nutricion y desarrollo infantil,controles repetidos en ninos de 2 anos de < 5,2006-02-01,27,27,25,52
TOMAVE,nutricion y desarrollo infantil,controles repetidos en ninos de 2 anos de < 5,2006-02-01,96,96,109,205
TOMINA,nutricion y desarrollo infantil,controles repetidos en ninos de 2 anos de < 5,2006-02-01,189,189,231,420
TORO TORO,nutricion y desarrollo infantil,controles repetidos en ninos de 2 anos de < 5,2006-02-01,149,149,162,311
TOTORA(CBBA),nutricion y desarrollo infantil,controles repetidos en ninos de 2 anos de < 5,2006-02-01,40,40,44,84
TOTORA(ORR),nutricion y desarrollo infantil,controles repetidos en ninos de 2 anos de < 5,2006-02-01,10,10,10,20
TRIGAL,nutricion y desarrollo infantil,controles repetidos en ninos de 2 anos de < 5,2006-02-01,13,13,14,27
TRINIDAD,nutricion y desarrollo infantil,controles repetidos en ninos de 2 anos de < 5,2006-02-01,203,203,186,389
TUPIZA,nutricion y desarrollo infantil,controles repetidos en ninos de 2 anos de < 5,2006-02-01,330,330,326,656
TURCO,nutricion y desarrollo infantil,controles repetidos en ninos de 2 anos de < 5,2006-02-01,23,23,27,50
UMALA,nutricion y desarrollo infantil,controles repetidos en ninos de 2 anos de < 5,2006-02-01,47,47,51,98
UNCIA,nutricion y desarrollo infantil,controles repetidos en ninos de 2 anos de < 5,2006-02-01,79,79,78,157
URIONDO (A. CONCEPCION),nutricion y desarrollo infantil,controles repetidos en ninos de 2 anos de < 5,2006-02-01,141,141,163,304
URUBICHA,nutricion y desarrollo infantil,controles repetidos en ninos de 2 anos de < 5,2006-02-01,228,228,247,475
UYUNI,nutricion y desarrollo infantil,controles repetidos en ninos de 2 anos de < 5,2006-02-01,127,127,136,263
VACAS,nutricion y desarrollo infantil,controles repetidos en ninos de 2 anos de < 5,2006-02-01,18,18,27,45
VALLEGRANDE,nutricion y desarrollo infantil,controles repetidos en ninos de 2 anos de < 5,2006-02-01,97,97,110,207
VIACHA,nutricion y desarrollo infantil,controles repetidos en ninos de 2 anos de < 5,2006-02-01,93,93,111,204
VILA VILA,nutricion y desarrollo infantil,controles repetidos en ninos de 2 anos de < 5,2006-02-01,18,18,8,26
VILLA MONTES,nutricion y desarrollo infantil,controles repetidos en ninos de 2 anos de < 5,2006-02-01,154,154,149,303
VILLA NUEVA (LOMA ALTA),nutricion y desarrollo infantil,controles repetidos en ninos de 2 anos de < 5,2006-02-01,1,1,0,1
VILLA RIVERO,nutricion y desarrollo infantil,controles repetidos en ninos de 2 anos de < 5,2006-02-01,29,29,22,51
VILLA SERRANO,nutricion y desarrollo infantil,controles repetidos en ninos de 2 anos de < 5,2006-02-01,239,239,224,463
VILLA TUNARI,nutricion y desarrollo infantil,controles repetidos en ninos de 2 anos de < 5,2006-02-01,185,185,141,326
VILLA VACA GUZMAN (MUYUPAMPA),nutricion y desarrollo infantil,controles repetidos en ninos de 2 anos de < 5,2006-02-01,51,51,62,113
VILLAZON,nutricion y desarrollo infantil,controles repetidos en ninos de 2 anos de < 5,2006-02-01,223,223,221,444
VINTO,nutricion y desarrollo infantil,controles repetidos en ninos de 2 anos de < 5,2006-02-01,25,25,35,60
VITICHI,nutricion y desarrollo infantil,controles repetidos en ninos de 2 anos de < 5,2006-02-01,171,171,205,376
WALDO BALLIVIAN,nutricion y desarrollo infantil,controles repetidos en ninos de 2 anos de < 5,2006-02-01,10,10,18,28
WARNES,nutricion y desarrollo infantil,controles repetidos en ninos de 2 anos de < 5,2006-02-01,141,141,152,293
YACO,nutricion y desarrollo infantil,controles repetidos en ninos de 2 anos de < 5,2006-02-01,44,44,39,83
YACUIBA,nutricion y desarrollo infantil,controles repetidos en ninos de 2 anos de < 5,2006-02-01,239,239,176,415
YAMPARAEZ,nutricion y desarrollo infantil,controles repetidos en ninos de 2 anos de < 5,2006-02-01,230,230,214,444
YANACACHI,nutricion y desarrollo infantil,controles repetidos en ninos de 2 anos de < 5,2006-02-01,27,27,13,40
YAPACANI,nutricion y desarrollo infantil,controles repetidos en ninos de 2 anos de < 5,2006-02-01,217,217,207,424
YOCALLA,nutricion y desarrollo infantil,controles repetidos en ninos de 2 anos de < 5,2006-02-01,51,51,59,110
YOTALA,nutricion y desarrollo infantil,controles repetidos en ninos de 2 anos de < 5,2006-02-01,99,99,127,226
YUNCHARA,nutricion y desarrollo infantil,controles repetidos en ninos de 2 anos de < 5,2006-02-01,145,145,126,271
ZUDAÑEZ,nutricion y desarrollo infantil,controles repetidos en ninos de 2 anos de < 5,2006-02-01,99,99,110,209
ACACIO,nutricion y desarrollo infantil,controles repetidos en ninos de 2 anos de < 5,2006-03-01,101,101,107,208
ACHACACHI,nutricion y desarrollo infantil,controles repetidos en ninos de 2 anos de < 5,2006-03-01,333,333,301,634
ACHOCALLA,nutricion y desarrollo infantil,controles repetidos en ninos de 2 anos de < 5,2006-03-01,36,36,27,63
AIQUILE,nutricion y desarrollo infantil,controles repetidos en ninos de 2 anos de < 5,2006-03-01,81,81,79,160
ALALAY,nutricion y desarrollo infantil,controles repetidos en ninos de 2 anos de < 5,2006-03-01,6,6,13,19
ALCALA,nutricion y desarrollo infantil,controles repetidos en ninos de 2 anos de < 5,2006-03-01,56,56,66,122
ANCORAIMES,nutricion y desarrollo infantil,controles repetidos en ninos de 2 anos de < 5,2006-03-01,85,85,78,163
ANDAMARCA,nutricion y desarrollo infantil,controles repetidos en ninos de 2 anos de < 5,2006-03-01,33,33,26,59
ANTEQUERA,nutricion y desarrollo infantil,controles repetidos en ninos de 2 anos de < 5,2006-03-01,21,21,17,38
ANZALDO,nutricion y desarrollo infantil,controles repetidos en ninos de 2 anos de < 5,2006-03-01,7,7,4,11
APOLO,nutricion y desarrollo infantil,controles repetidos en ninos de 2 anos de < 5,2006-03-01,103,103,118,221
ARAMPAMPA,nutricion y desarrollo infantil,controles repetidos en ninos de 2 anos de < 5,2006-03-01,83,83,88,171
ARANI,nutricion y desarrollo infantil,controles repetidos en ninos de 2 anos de < 5,2006-03-01,13,13,16,29
ARBIETO,nutricion y desarrollo infantil,controles repetidos en ninos de 2 anos de < 5,2006-03-01,21,21,29,50
ARQUE,nutricion y desarrollo infantil,controles repetidos en ninos de 2 anos de < 5,2006-03-01,85,85,104,189
ATOCHA,nutricion y desarrollo infantil,controles repetidos en ninos de 2 anos de < 5,2006-03-01,154,154,130,284
AUCAPATA,nutricion y desarrollo infantil,controles repetidos en ninos de 2 anos de < 5,2006-03-01,22,22,24,46
AYATA,nutricion y desarrollo infantil,controles repetidos en ninos de 2 anos de < 5,2006-03-01,46,46,41,87
AYO AYO,nutricion y desarrollo infantil,controles repetidos en ninos de 2 anos de < 5,2006-03-01,27,27,19,46
AYOPAYA (V. DE INDEPENDENCIA),nutricion y desarrollo infantil,controles repetidos en ninos de 2 anos de < 5,2006-03-01,211,211,205,416
AZURDUY,nutricion y desarrollo infantil,controles repetidos en ninos de 2 anos de < 5,2006-03-01,316,316,310,626
BATALLAS,nutricion y desarrollo infantil,controles repetidos en ninos de 2 anos de < 5,2006-03-01,41,41,50,91
BAURES,nutricion y desarrollo infantil,controles repetidos en ninos de 2 anos de < 5,2006-03-01,22,22,34,56
BELEN DE ANDAMARCA,nutricion y desarrollo infantil,controles repetidos en ninos de 2 anos de < 5,2006-03-01,7,7,11,18
BELEN DE URMIRI,nutricion y desarrollo infantil,controles repetidos en ninos de 2 anos de < 5,2006-03-01,20,20,17,37
BELLA FLOR,nutricion y desarrollo infantil,controles repetidos en ninos de 2 anos de < 5,2006-03-01,63,63,51,114
BERMEJO,nutricion y desarrollo infantil,controles repetidos en ninos de 2 anos de < 5,2006-03-01,96,96,128,224
BETANZOS,nutricion y desarrollo infantil,controles repetidos en ninos de 2 anos de < 5,2006-03-01,367,367,439,806
BOLIVAR,nutricion y desarrollo infantil,controles repetidos en ninos de 2 anos de < 5,2006-03-01,111,111,88,199
BOLPEBRA,nutricion y desarrollo infantil,controles repetidos en ninos de 2 anos de < 5,2006-03-01,13,13,14,27
BOYUIBE,nutricion y desarrollo infantil,controles repetidos en ninos de 2 anos de < 5,2006-03-01,21,21,30,51
BUENA VISTA,nutricion y desarrollo infantil,controles repetidos en ninos de 2 anos de < 5,2006-03-01,154,154,184,338
CABEZAS,nutricion y desarrollo infantil,controles repetidos en ninos de 2 anos de < 5,2006-03-01,162,162,138,300
CAIROMA,nutricion y desarrollo infantil,controles repetidos en ninos de 2 anos de < 5,2006-03-01,56,56,80,136
"CAIZA ""D""",nutricion y desarrollo infantil,controles repetidos en ninos de 2 anos de < 5,2006-03-01,111,111,110,221
CAJUATA,nutricion y desarrollo infantil,controles repetidos en ninos de 2 anos de < 5,2006-03-01,63,63,64,127
CALACOTO,nutricion y desarrollo infantil,controles repetidos en ninos de 2 anos de < 5,2006-03-01,70,70,69,139
CALAMARCA,nutricion y desarrollo infantil,controles repetidos en ninos de 2 anos de < 5,2006-03-01,131,131,128,259
CAMARGO,nutricion y desarrollo infantil,controles repetidos en ninos de 2 anos de < 5,2006-03-01,162,162,186,348
CAMATAQUI (C. VILLA ABECIA),nutricion y desarrollo infantil,controles repetidos en ninos de 2 anos de < 5,2006-03-01,42,42,38,80
CAMIRI,nutricion y desarrollo infantil,controles repetidos en ninos de 2 anos de < 5,2006-03-01,265,265,249,514
CAPINOTA,nutricion y desarrollo infantil,controles repetidos en ninos de 2 anos de < 5,2006-03-01,70,70,67,137
CAQUIAVIRI,nutricion y desarrollo infantil,controles repetidos en ninos de 2 anos de < 5,2006-03-01,62,62,52,114
CARACOLLO,nutricion y desarrollo infantil,controles repetidos en ninos de 2 anos de < 5,2006-03-01,49,49,64,113
CARANAVI,nutricion y desarrollo infantil,controles repetidos en ninos de 2 anos de < 5,2006-03-01,368,368,353,721
CARAPARI,nutricion y desarrollo infantil,controles repetidos en ninos de 2 anos de < 5,2006-03-01,70,70,74,144
CARIPUYO,nutricion y desarrollo infantil,controles repetidos en ninos de 2 anos de < 5,2006-03-01,196,196,194,390
CARMEN RIVERO TORREZ,nutricion y desarrollo infantil,controles repetidos en ninos de 2 anos de < 5,2006-03-01,15,15,10,25
CATACORA,nutricion y desarrollo infantil,controles repetidos en ninos de 2 anos de < 5,2006-03-01,18,18,15,33
CHACARILLA,nutricion y desarrollo infantil,controles repetidos en ninos de 2 anos de < 5,2006-03-01,2,2,12,14
CHALLAPATA,nutricion y desarrollo infantil,controles repetidos en ninos de 2 anos de < 5,2006-03-01,124,124,138,262
CHAQUI,nutricion y desarrollo infantil,controles repetidos en ninos de 2 anos de < 5,2006-03-01,86,86,92,178
CHARAGUA,nutricion y desarrollo infantil,controles repetidos en ninos de 2 anos de < 5,2006-03-01,232,232,257,489
CHARAÑA,nutricion y desarrollo infantil,controles repetidos en ninos de 2 anos de < 5,2006-03-01,27,27,26,53
CHAYANTA,nutricion y desarrollo infantil,controles repetidos en ninos de 2 anos de < 5,2006-03-01,96,96,103,199
CHIMORE,nutricion y desarrollo infantil,controles repetidos en ninos de 2 anos de < 5,2006-03-01,44,44,28,72
CHIPAYA,nutricion y desarrollo infantil,controles repetidos en ninos de 2 anos de < 5,2006-03-01,12,12,16,28
CHOQUE COTA,nutricion y desarrollo infantil,controles repetidos en ninos de 2 anos de < 5,2006-03-01,8,8,5,13
CHULUMANI (V. DE LA LIBERTAD),nutricion y desarrollo infantil,controles repetidos en ninos de 2 anos de < 5,2006-03-01,43,43,61,104
CHUMA,nutricion y desarrollo infantil,controles repetidos en ninos de 2 anos de < 5,2006-03-01,76,76,90,166
CLIZA,nutricion y desarrollo infantil,controles repetidos en ninos de 2 anos de < 5,2006-03-01,34,34,55,89
COBIJA,nutricion y desarrollo infantil,controles repetidos en ninos de 2 anos de < 5,2006-03-01,138,138,145,283
COCHABAMBA,nutricion y desarrollo infantil,controles repetidos en ninos de 2 anos de < 5,2006-03-01,1422,1422,1206,2628
COIPASA,nutricion y desarrollo infantil,controles repetidos en ninos de 2 anos de < 5,2006-03-01,3,3,5,8
COLCAPIRHUA,nutricion y desarrollo infantil,controles repetidos en ninos de 2 anos de < 5,2006-03-01,63,63,72,135
"COLCHA ""K""",nutricion y desarrollo infantil,controles repetidos en ninos de 2 anos de < 5,2006-03-01,87,87,86,173
COLLANA,nutricion y desarrollo infantil,controles repetidos en ninos de 2 anos de < 5,2006-03-01,24,24,8,32
COLOMI,nutricion y desarrollo infantil,controles repetidos en ninos de 2 anos de < 5,2006-03-01,41,41,46,87
COLPA BELGICA,nutricion y desarrollo infantil,controles repetidos en ninos de 2 anos de < 5,2006-03-01,38,38,42,80
COLQUECHACA,nutricion y desarrollo infantil,controles repetidos en ninos de 2 anos de < 5,2006-03-01,253,253,240,493
COLQUENCHA,nutricion y desarrollo infantil,controles repetidos en ninos de 2 anos de < 5,2006-03-01,58,58,56,114
COLQUIRI,nutricion y desarrollo infantil,controles repetidos en ninos de 2 anos de < 5,2006-03-01,103,103,103,206
COMANCHE,nutricion y desarrollo infantil,controles repetidos en ninos de 2 anos de < 5,2006-03-01,22,22,21,43
COMARAPA,nutricion y desarrollo infantil,controles repetidos en ninos de 2 anos de < 5,2006-03-01,163,163,163,326
COMBAYA,nutricion y desarrollo infantil,controles repetidos en ninos de 2 anos de < 5,2006-03-01,22,22,16,38
CONCEPCION,nutricion y desarrollo infantil,controles repetidos en ninos de 2 anos de < 5,2006-03-01,136,136,107,243
COPACABANA,nutricion y desarrollo infantil,controles repetidos en ninos de 2 anos de < 5,2006-03-01,85,85,70,155
CORIPATA,nutricion y desarrollo infantil,controles repetidos en ninos de 2 anos de < 5,2006-03-01,73,73,66,139
CORO CORO,nutricion y desarrollo infantil,controles repetidos en ninos de 2 anos de < 5,2006-03-01,42,42,47,89
COROICO,nutricion y desarrollo infantil,controles repetidos en ninos de 2 anos de < 5,2006-03-01,92,92,85,177
CORQUE,nutricion y desarrollo infantil,controles repetidos en ninos de 2 anos de < 5,2006-03-01,32,32,24,56
COTAGAITA,nutricion y desarrollo infantil,controles repetidos en ninos de 2 anos de < 5,2006-03-01,300,300,294,594
COTOCA,nutricion y desarrollo infantil,controles repetidos en ninos de 2 anos de < 5,2006-03-01,129,129,122,251
CUATRO CAÑADAS,nutricion y desarrollo infantil,controles repetidos en ninos de 2 anos de < 5,2006-03-01,93,93,87,180
CUCHUMUELA (V. G. VILLARROEL),nutricion y desarrollo infantil,controles repetidos en ninos de 2 anos de < 5,2006-03-01,18,18,11,29
CUEVO,nutricion y desarrollo infantil,controles repetidos en ninos de 2 anos de < 5,2006-03-01,41,41,56,97
CULPINA,nutricion y desarrollo infantil,controles repetidos en ninos de 2 anos de < 5,2006-03-01,241,241,257,498
CURAHUARA DE CARANGAS,nutricion y desarrollo infantil,controles repetidos en ninos de 2 anos de < 5,2006-03-01,20,20,24,44
CURVA,nutricion y desarrollo infantil,controles repetidos en ninos de 2 anos de < 5,2006-03-01,28,28,21,49
DESAGUADERO,nutricion y desarrollo infantil,controles repetidos en ninos de 2 anos de < 5,2006-03-01,44,44,29,73
EL ALTO,nutricion y desarrollo infantil,controles repetidos en ninos de 2 anos de < 5,2006-03-01,2021,2021,2037,4058
EL CHORO,nutricion y desarrollo infantil,controles repetidos en ninos de 2 anos de < 5,2006-03-01,19,19,19,38
EL PUENTE(STC),nutricion y desarrollo infantil,controles repetidos en ninos de 2 anos de < 5,2006-03-01,49,49,38,87
EL PUENTE(TJA),nutricion y desarrollo infantil,controles repetidos en ninos de 2 anos de < 5,2006-03-01,142,142,126,268
EL TORNO,nutricion y desarrollo infantil,controles repetidos en ninos de 2 anos de < 5,2006-03-01,162,162,150,312
EL VILLAR,nutricion y desarrollo infantil,controles repetidos en ninos de 2 anos de < 5,2006-03-01,110,110,107,217
ENTRE RIOS,nutricion y desarrollo infantil,controles repetidos en ninos de 2 anos de < 5,2006-03-01,233,233,215,448
ENTRE RIOS,nutricion y desarrollo infantil,controles repetidos en ninos de 2 anos de < 5,2006-03-01,141,141,126,267
ESCARA,nutricion y desarrollo infantil,controles repetidos en ninos de 2 anos de < 5,2006-03-01,2,2,2,4
EUCALIPTUS,nutricion y desarrollo infantil,controles repetidos en ninos de 2 anos de < 5,2006-03-01,63,63,49,112
EUREKA (SANTOS MERCADO),nutricion y desarrollo infantil,controles repetidos en ninos de 2 anos de < 5,2006-03-01,26,26,24,50
EXALTACION,nutricion y desarrollo infantil,controles repetidos en ninos de 2 anos de < 5,2006-03-01,18,18,22,40
FERNANDEZ ALONSO,nutricion y desarrollo infantil,controles repetidos en ninos de 2 anos de < 5,2006-03-01,139,139,171,310
FILADELFIA,nutricion y desarrollo infantil,controles repetidos en ninos de 2 anos de < 5,2006-03-01,46,46,55,101
GENERAL SAAVEDRA,nutricion y desarrollo infantil,controles repetidos en ninos de 2 anos de < 5,2006-03-01,142,142,153,295
GRAL. J.J. PEREZ (CHARAZANI),nutricion y desarrollo infantil,controles repetidos en ninos de 2 anos de < 5,2006-03-01,82,82,80,162
GUANAY,nutricion y desarrollo infantil,controles repetidos en ninos de 2 anos de < 5,2006-03-01,118,118,95,213
GUAQUI,nutricion y desarrollo infantil,controles repetidos en ninos de 2 anos de < 5,2006-03-01,21,21,18,39
GUAYARAMERIN,nutricion y desarrollo infantil,controles repetidos en ninos de 2 anos de < 5,2006-03-01,257,257,275,532
GUTIERREZ,nutricion y desarrollo infantil,controles repetidos en ninos de 2 anos de < 5,2006-03-01,250,250,271,521
HUACARETA,nutricion y desarrollo infantil,controles repetidos en ninos de 2 anos de < 5,2006-03-01,126,126,125,251
HUACAYA (VILLA DE HUACAYA),nutricion y desarrollo infantil,controles repetidos en ninos de 2 anos de < 5,2006-03-01,38,38,36,74
HUACHACALLA,nutricion y desarrollo infantil,controles repetidos en ninos de 2 anos de < 5,2006-03-01,15,15,9,24
HUANUNI,nutricion y desarrollo infantil,controles repetidos en ninos de 2 anos de < 5,2006-03-01,101,101,118,219
HUARACAJE,nutricion y desarrollo infantil,controles repetidos en ninos de 2 anos de < 5,2006-03-01,25,25,35,60
HUAYLLAMARCA,nutricion y desarrollo infantil,controles repetidos en ninos de 2 anos de < 5,2006-03-01,16,16,18,34
ICHOCA,nutricion y desarrollo infantil,controles repetidos en ninos de 2 anos de < 5,2006-03-01,31,31,22,53
ICLA,nutricion y desarrollo infantil,controles repetidos en ninos de 2 anos de < 5,2006-03-01,276,276,245,521
INCAHUASI,nutricion y desarrollo infantil,controles repetidos en ninos de 2 anos de < 5,2006-03-01,233,233,283,516
INGAVI (HUMAITA),nutricion y desarrollo infantil,controles repetidos en ninos de 2 anos de < 5,2006-03-01,18,18,15,33
INQUISIVI,nutricion y desarrollo infantil,controles repetidos en ninos de 2 anos de < 5,2006-03-01,82,82,101,183
IRUPANA (VILLA DE LANZA),nutricion y desarrollo infantil,controles repetidos en ninos de 2 anos de < 5,2006-03-01,119,119,137,256
IXIAMAS,nutricion y desarrollo infantil,controles repetidos en ninos de 2 anos de < 5,2006-03-01,90,90,48,138
JESUS DE MACHACA,nutricion y desarrollo infantil,controles repetidos en ninos de 2 anos de < 5,2006-03-01,40,40,43,83
LA ASUNTA,nutricion y desarrollo infantil,controles repetidos en ninos de 2 anos de < 5,2006-03-01,95,95,88,183
LA GUARDIA,nutricion y desarrollo infantil,controles repetidos en ninos de 2 anos de < 5,2006-03-01,218,218,196,414
LA PAZ,nutricion y desarrollo infantil,controles repetidos en ninos de 2 anos de < 5,2006-03-01,7978,7978,2320,10298
LA RIVERA,nutricion y desarrollo infantil,controles repetidos en ninos de 2 anos de < 5,2006-03-01,1,1,1,2
LAGUNILLAS,nutricion y desarrollo infantil,controles repetidos en ninos de 2 anos de < 5,2006-03-01,136,136,143,279
LAJA,nutricion y desarrollo infantil,controles repetidos en ninos de 2 anos de < 5,2006-03-01,73,73,51,124
LAS CARRERAS,nutricion y desarrollo infantil,controles repetidos en ninos de 2 anos de < 5,2006-03-01,52,52,63,115
LICOMA PAMPA,nutricion y desarrollo infantil,controles repetidos en ninos de 2 anos de < 5,2006-03-01,29,29,41,70
LLALLAGUA,nutricion y desarrollo infantil,controles repetidos en ninos de 2 anos de < 5,2006-03-01,258,258,311,569
LLICA,nutricion y desarrollo infantil,controles repetidos en ninos de 2 anos de < 5,2006-03-01,30,30,32,62
LORETO,nutricion y desarrollo infantil,controles repetidos en ninos de 2 anos de < 5,2006-03-01,45,45,41,86
LURIBAY,nutricion y desarrollo infantil,controles repetidos en ninos de 2 anos de < 5,2006-03-01,159,159,151,310
MACHACAMARCA,nutricion y desarrollo infantil,controles repetidos en ninos de 2 anos de < 5,2006-03-01,52,52,40,92
MACHARETI,nutricion y desarrollo infantil,controles repetidos en ninos de 2 anos de < 5,2006-03-01,152,152,124,276
MAGDALENA,nutricion y desarrollo infantil,controles repetidos en ninos de 2 anos de < 5,2006-03-01,42,42,43,85
MAIRANA,nutricion y desarrollo infantil,controles repetidos en ninos de 2 anos de < 5,2006-03-01,38,38,30,68
MALLA,nutricion y desarrollo infantil,controles repetidos en ninos de 2 anos de < 5,2006-03-01,48,48,58,106
MAPIRI,nutricion y desarrollo infantil,controles repetidos en ninos de 2 anos de < 5,2006-03-01,78,78,64,142
MECAPACA,nutricion y desarrollo infantil,controles repetidos en ninos de 2 anos de < 5,2006-03-01,43,43,35,78
MINEROS,nutricion y desarrollo infantil,controles repetidos en ninos de 2 anos de < 5,2006-03-01,165,165,143,308
MIZQUE,nutricion y desarrollo infantil,controles repetidos en ninos de 2 anos de < 5,2006-03-01,129,129,116,245
MOCOMOCO,nutricion y desarrollo infantil,controles repetidos en ninos de 2 anos de < 5,2006-03-01,80,80,66,146
MOJOCOYA,nutricion y desarrollo infantil,controles repetidos en ninos de 2 anos de < 5,2006-03-01,136,136,114,250
MONTEAGUDO,nutricion y desarrollo infantil,controles repetidos en ninos de 2 anos de < 5,2006-03-01,220,220,238,458
MONTERO,nutricion y desarrollo infantil,controles repetidos en ninos de 2 anos de < 5,2006-03-01,771,771,778,1549
MORO MORO,nutricion y desarrollo infantil,controles repetidos en ninos de 2 anos de < 5,2006-03-01,33,33,23,56
MOROCHATA,nutricion y desarrollo infantil,controles repetidos en ninos de 2 anos de < 5,2006-03-01,72,72,67,139
NACEBE (SANTA ROSA DEL ABUNA),nutricion y desarrollo infantil,controles repetidos en ninos de 2 anos de < 5,2006-03-01,19,19,13,32
NAZACARA DE PACAJES,nutricion y desarrollo infantil,controles repetidos en ninos de 2 anos de < 5,2006-03-01,11,11,2,13
NUEVO MANOA (NUEVA ESPERANZA),nutricion y desarrollo infantil,controles repetidos en ninos de 2 anos de < 5,2006-03-01,9,9,18,27
OCURI,nutricion y desarrollo infantil,controles repetidos en ninos de 2 anos de < 5,2006-03-01,214,214,200,414
OKINAWA,nutricion y desarrollo infantil,controles repetidos en ninos de 2 anos de < 5,2006-03-01,19,19,13,32
OMEREQUE,nutricion y desarrollo infantil,controles repetidos en ninos de 2 anos de < 5,2006-03-01,12,12,11,23
ORURO,nutricion y desarrollo infantil,controles repetidos en ninos de 2 anos de < 5,2006-03-01,959,959,877,1836
PADCAYA,nutricion y desarrollo infantil,controles repetidos en ninos de 2 anos de < 5,2006-03-01,219,219,203,422
PADILLA,nutricion y desarrollo infantil,controles repetidos en ninos de 2 anos de < 5,2006-03-01,279,279,269,548
PAILON,nutricion y desarrollo infantil,controles repetidos en ninos de 2 anos de < 5,2006-03-01,120,120,119,239
PALCA,nutricion y desarrollo infantil,controles repetidos en ninos de 2 anos de < 5,2006-03-01,28,28,19,47
PALOS BLANCOS,nutricion y desarrollo infantil,controles repetidos en ninos de 2 anos de < 5,2006-03-01,252,252,242,494
PAMPA AULLAGAS,nutricion y desarrollo infantil,controles repetidos en ninos de 2 anos de < 5,2006-03-01,27,27,27,54
PAMPA GRANDE,nutricion y desarrollo infantil,controles repetidos en ninos de 2 anos de < 5,2006-03-01,72,72,59,131
PAPEL PAMPA,nutricion y desarrollo infantil,controles repetidos en ninos de 2 anos de < 5,2006-03-01,14,14,8,22
PASORAPA,nutricion y desarrollo infantil,controles repetidos en ninos de 2 anos de < 5,2006-03-01,73,73,47,120
PATACAMAYA,nutricion y desarrollo infantil,controles repetidos en ninos de 2 anos de < 5,2006-03-01,109,109,89,198
PAZÑA,nutricion y desarrollo infantil,controles repetidos en ninos de 2 anos de < 5,2006-03-01,32,32,36,68
PELECHUCO,nutricion y desarrollo infantil,controles repetidos en ninos de 2 anos de < 5,2006-03-01,39,39,27,66
POCOATA,nutricion y desarrollo infantil,controles repetidos en ninos de 2 anos de < 5,2006-03-01,191,191,205,396
POCONA,nutricion y desarrollo infantil,controles repetidos en ninos de 2 anos de < 5,2006-03-01,39,39,32,71
POJO (CBBA),nutricion y desarrollo infantil,controles repetidos en ninos de 2 anos de < 5,2006-03-01,157,157,138,295
POOPO,nutricion y desarrollo infantil,controles repetidos en ninos de 2 anos de < 5,2006-03-01,38,38,41,79
PORCO,nutricion y desarrollo infantil,controles repetidos en ninos de 2 anos de < 5,2006-03-01,25,25,26,51
POROMA,nutricion y desarrollo infantil,controles repetidos en ninos de 2 anos de < 5,2006-03-01,123,123,131,254
PORONGO,nutricion y desarrollo infantil,controles repetidos en ninos de 2 anos de < 5,2006-03-01,42,42,34,76
PORTACHUELO,nutricion y desarrollo infantil,controles repetidos en ninos de 2 anos de < 5,2006-03-01,266,266,254,520
PORVENIR,nutricion y desarrollo infantil,controles repetidos en ninos de 2 anos de < 5,2006-03-01,21,21,26,47
POSTRER VALLE,nutricion y desarrollo infantil,controles repetidos en ninos de 2 anos de < 5,2006-03-01,17,17,27,44
POTOSI,nutricion y desarrollo infantil,controles repetidos en ninos de 2 anos de < 5,2006-03-01,805,805,803,1608
PRESTO,nutricion y desarrollo infantil,controles repetidos en ninos de 2 anos de < 5,2006-03-01,196,196,175,371
PUCARA,nutricion y desarrollo infantil,controles repetidos en ninos de 2 anos de < 5,2006-03-01,8,8,5,13
PUCARANI,nutricion y desarrollo infantil,controles repetidos en ninos de 2 anos de < 5,2006-03-01,171,171,148,319
PUERTO ACOSTA,nutricion y desarrollo infantil,controles repetidos en ninos de 2 anos de < 5,2006-03-01,180,180,161,341
PUERTO CARABUCO,nutricion y desarrollo infantil,controles repetidos en ninos de 2 anos de < 5,2006-03-01,113,113,152,265
PUERTO GONZALO MORENO,nutricion y desarrollo infantil,controles repetidos en ninos de 2 anos de < 5,2006-03-01,72,72,74,146
PUERTO PEREZ,nutricion y desarrollo infantil,controles repetidos en ninos de 2 anos de < 5,2006-03-01,47,47,43,90
PUERTO QUIJARRO,nutricion y desarrollo infantil,controles repetidos en ninos de 2 anos de < 5,2006-03-01,27,27,47,74
PUERTO RICO,nutricion y desarrollo infantil,controles repetidos en ninos de 2 anos de < 5,2006-03-01,70,70,82,152
PUERTO SILES,nutricion y desarrollo infantil,controles repetidos en ninos de 2 anos de < 5,2006-03-01,1,1,0,1
PUERTO SUAREZ,nutricion y desarrollo infantil,controles repetidos en ninos de 2 anos de < 5,2006-03-01,40,40,51,91
PUERTO VILLARROEL,nutricion y desarrollo infantil,controles repetidos en ninos de 2 anos de < 5,2006-03-01,133,133,140,273
PUNA,nutricion y desarrollo infantil,controles repetidos en ninos de 2 anos de < 5,2006-03-01,246,246,301,547
PUNATA,nutricion y desarrollo infantil,controles repetidos en ninos de 2 anos de < 5,2006-03-01,65,65,44,109
QUIABAYA,nutricion y desarrollo infantil,controles repetidos en ninos de 2 anos de < 5,2006-03-01,15,15,7,22
QUILLACOLLO,nutricion y desarrollo infantil,controles repetidos en ninos de 2 anos de < 5,2006-03-01,146,146,112,258
QUIME,nutricion y desarrollo infantil,controles repetidos en ninos de 2 anos de < 5,2006-03-01,76,76,82,158
QUIRUSILLAS,nutricion y desarrollo infantil,controles repetidos en ninos de 2 anos de < 5,2006-03-01,9,9,9,18
RAVELO,nutricion y desarrollo infantil,controles repetidos en ninos de 2 anos de < 5,2006-03-01,366,366,376,742
REYES,nutricion y desarrollo infantil,controles repetidos en ninos de 2 anos de < 5,2006-03-01,94,94,86,180
RIBERALTA,nutricion y desarrollo infantil,controles repetidos en ninos de 2 anos de < 5,2006-03-01,527,527,614,1141
ROBORE,nutricion y desarrollo infantil,controles repetidos en ninos de 2 anos de < 5,2006-03-01,88,88,98,186
RURRENABAQUE,nutricion y desarrollo infantil,controles repetidos en ninos de 2 anos de < 5,2006-03-01,84,84,61,145
SABAYA,nutricion y desarrollo infantil,controles repetidos en ninos de 2 anos de < 5,2006-03-01,20,20,25,45
SACABA,nutricion y desarrollo infantil,controles repetidos en ninos de 2 anos de < 5,2006-03-01,88,88,99,187
SACABAMBA,nutricion y desarrollo infantil,controles repetidos en ninos de 2 anos de < 5,2006-03-01,24,24,18,42
SACACA,nutricion y desarrollo infantil,controles repetidos en ninos de 2 anos de < 5,2006-03-01,380,380,328,708
SAIPINA,nutricion y desarrollo infantil,controles repetidos en ninos de 2 anos de < 5,2006-03-01,76,76,67,143
SALINAS DE GARCI MENDOZA,nutricion y desarrollo infantil,controles repetidos en ninos de 2 anos de < 5,2006-03-01,120,120,104,224
SAMAIPATA,nutricion y desarrollo infantil,controles repetidos en ninos de 2 anos de < 5,2006-03-01,75,75,63,138
SAN AGUSTIN,nutricion y desarrollo infantil,controles repetidos en ninos de 2 anos de < 5,2006-03-01,21,21,29,50
SAN ANDRES,nutricion y desarrollo infantil,controles repetidos en ninos de 2 anos de < 5,2006-03-01,92,92,97,189
SAN ANDRES DE MACHACA,nutricion y desarrollo infantil,controles repetidos en ninos de 2 anos de < 5,2006-03-01,26,26,17,43
SAN ANTONIO DE ESMORUCO,nutricion y desarrollo infantil,controles repetidos en ninos de 2 anos de < 5,2006-03-01,26,26,22,48
SAN ANTONIO DE LOMERIO,nutricion y desarrollo infantil,controles repetidos en ninos de 2 anos de < 5,2006-03-01,140,140,146,286
SAN BENITO,nutricion y desarrollo infantil,controles repetidos en ninos de 2 anos de < 5,2006-03-01,39,39,21,60
SAN BORJA,nutricion y desarrollo infantil,controles repetidos en ninos de 2 anos de < 5,2006-03-01,216,216,231,447
SAN BUENA VENTURA,nutricion y desarrollo infantil,controles repetidos en ninos de 2 anos de < 5,2006-03-01,68,68,81,149
SAN CARLOS,nutricion y desarrollo infantil,controles repetidos en ninos de 2 anos de < 5,2006-03-01,138,138,112,250
SAN IGNACIO,nutricion y desarrollo infantil,controles repetidos en ninos de 2 anos de < 5,2006-03-01,201,201,192,393
SAN IGNACIO DE VELASCO,nutricion y desarrollo infantil,controles repetidos en ninos de 2 anos de < 5,2006-03-01,429,429,436,865
SAN JAVIER(BNI),nutricion y desarrollo infantil,controles repetidos en ninos de 2 anos de < 5,2006-03-01,15,15,19,34
SAN JAVIER(STC),nutricion y desarrollo infantil,controles repetidos en ninos de 2 anos de < 5,2006-03-01,111,111,101,212
SAN JOAQUIN,nutricion y desarrollo infantil,controles repetidos en ninos de 2 anos de < 5,2006-03-01,35,35,45,80
SAN JOSE DE CHIQUITOS,nutricion y desarrollo infantil,controles repetidos en ninos de 2 anos de < 5,2006-03-01,124,124,101,225
SAN JUAN DE YAPACANI,nutricion y desarrollo infantil,controles repetidos en ninos de 2 anos de < 5,2006-03-01,108,108,106,214
SAN JULIAN,nutricion y desarrollo infantil,controles repetidos en ninos de 2 anos de < 5,2006-03-01,108,108,120,228
SAN LORENZO(PND),nutricion y desarrollo infantil,controles repetidos en ninos de 2 anos de < 5,2006-03-01,145,145,116,261
SAN LORENZO(TJA),nutricion y desarrollo infantil,controles repetidos en ninos de 2 anos de < 5,2006-03-01,197,197,205,402
SAN LUCAS,nutricion y desarrollo infantil,controles repetidos en ninos de 2 anos de < 5,2006-03-01,484,484,546,1030
SAN MATIAS,nutricion y desarrollo infantil,controles repetidos en ninos de 2 anos de < 5,2006-03-01,72,72,90,162
SAN MIGUEL DE VELASCO,nutricion y desarrollo infantil,controles repetidos en ninos de 2 anos de < 5,2006-03-01,69,69,56,125
SAN PABLO DE LIPEZ,nutricion y desarrollo infantil,controles repetidos en ninos de 2 anos de < 5,2006-03-01,29,29,19,48
SAN PEDRO,nutricion y desarrollo infantil,controles repetidos en ninos de 2 anos de < 5,2006-03-01,100,100,96,196
SAN PEDRO DE BUENA VISTA,nutricion y desarrollo infantil,controles repetidos en ninos de 2 anos de < 5,2006-03-01,203,203,231,434
SAN PEDRO DE CURAHUARA,nutricion y desarrollo infantil,controles repetidos en ninos de 2 anos de < 5,2006-03-01,42,42,38,80
SAN PEDRO DE QUEMES,nutricion y desarrollo infantil,controles repetidos en ninos de 2 anos de < 5,2006-03-01,5,5,5,10
SAN PEDRO DE TIQUINA,nutricion y desarrollo infantil,controles repetidos en ninos de 2 anos de < 5,2006-03-01,27,27,35,62
SAN RAFAEL,nutricion y desarrollo infantil,controles repetidos en ninos de 2 anos de < 5,2006-03-01,64,64,54,118
SAN RAMON,nutricion y desarrollo infantil,controles repetidos en ninos de 2 anos de < 5,2006-03-01,26,26,24,50
SAN RAMON,nutricion y desarrollo infantil,controles repetidos en ninos de 2 anos de < 5,2006-03-01,42,42,35,77
SANTA ANA,nutricion y desarrollo infantil,controles repetidos en ninos de 2 anos de < 5,2006-03-01,88,88,65,153
SANTA CRUZ DE LA SIERRA,nutricion y desarrollo infantil,controles repetidos en ninos de 2 anos de < 5,2006-03-01,2401,2401,2243,4644
SANTA ROSA,nutricion y desarrollo infantil,controles repetidos en ninos de 2 anos de < 5,2006-03-01,79,79,76,155
SANTA ROSA DEL SARA,nutricion y desarrollo infantil,controles repetidos en ninos de 2 anos de < 5,2006-03-01,214,214,182,396
SANTIAGO DE CALLAPA,nutricion y desarrollo infantil,controles repetidos en ninos de 2 anos de < 5,2006-03-01,37,37,29,66
SANTIAGO DE HUARI,nutricion y desarrollo infantil,controles repetidos en ninos de 2 anos de < 5,2006-03-01,36,36,39,75
SANTIAGO DE MACHACA,nutricion y desarrollo infantil,controles repetidos en ninos de 2 anos de < 5,2006-03-01,23,23,10,33
SANTIVAÑES,nutricion y desarrollo infantil,controles repetidos en ninos de 2 anos de < 5,2006-03-01,33,33,33,66
SANTUARIO DE QUILLACAS,nutricion y desarrollo infantil,controles repetidos en ninos de 2 anos de < 5,2006-03-01,19,19,15,34
SAPAHAQUI,nutricion y desarrollo infantil,controles repetidos en ninos de 2 anos de < 5,2006-03-01,84,84,87,171
SENA,nutricion y desarrollo infantil,controles repetidos en ninos de 2 anos de < 5,2006-03-01,75,75,66,141
SICA SICA (VILLA AROMA),nutricion y desarrollo infantil,controles repetidos en ninos de 2 anos de < 5,2006-03-01,158,158,165,323
SICAYA,nutricion y desarrollo infantil,controles repetidos en ninos de 2 anos de < 5,2006-03-01,31,31,23,54
SIPE SIPE,nutricion y desarrollo infantil,controles repetidos en ninos de 2 anos de < 5,2006-03-01,67,67,77,144
SOPACHUY,nutricion y desarrollo infantil,controles repetidos en ninos de 2 anos de < 5,2006-03-01,130,130,160,290
SORACACHI,nutricion y desarrollo infantil,controles repetidos en ninos de 2 anos de < 5,2006-03-01,73,73,75,148
SORATA,nutricion y desarrollo infantil,controles repetidos en ninos de 2 anos de < 5,2006-03-01,114,114,125,239
SUCRE,nutricion y desarrollo infantil,controles repetidos en ninos de 2 anos de < 5,2006-03-01,751,751,748,1499
TACACHI,nutricion y desarrollo infantil,controles repetidos en ninos de 2 anos de < 5,2006-03-01,3,3,3,6
TACACOMA,nutricion y desarrollo infantil,controles repetidos en ninos de 2 anos de < 5,2006-03-01,48,48,67,115
TACOBAMBA,nutricion y desarrollo infantil,controles repetidos en ninos de 2 anos de < 5,2006-03-01,100,100,73,173
TACOPAYA,nutricion y desarrollo infantil,controles repetidos en ninos de 2 anos de < 5,2006-03-01,82,82,104,186
TAHUA,nutricion y desarrollo infantil,controles repetidos en ninos de 2 anos de < 5,2006-03-01,8,8,12,20
TAPACARI,nutricion y desarrollo infantil,controles repetidos en ninos de 2 anos de < 5,2006-03-01,246,246,254,500
TARABUCO,nutricion y desarrollo infantil,controles repetidos en ninos de 2 anos de < 5,2006-03-01,381,381,431,812
TARACO,nutricion y desarrollo infantil,controles repetidos en ninos de 2 anos de < 5,2006-03-01,36,36,41,77
TARATA,nutricion y desarrollo infantil,controles repetidos en ninos de 2 anos de < 5,2006-03-01,33,33,31,64
TARIJA,nutricion y desarrollo infantil,controles repetidos en ninos de 2 anos de < 5,2006-03-01,630,630,630,1260
TARVITA,nutricion y desarrollo infantil,controles repetidos en ninos de 2 anos de < 5,2006-03-01,289,289,292,581
TEOPONTE,nutricion y desarrollo infantil,controles repetidos en ninos de 2 anos de < 5,2006-03-01,91,91,81,172
TIAWANACU,nutricion y desarrollo infantil,controles repetidos en ninos de 2 anos de < 5,2006-03-01,61,61,77,138
TINGUIPAYA,nutricion y desarrollo infantil,controles repetidos en ninos de 2 anos de < 5,2006-03-01,198,198,206,404
TIPUANI,nutricion y desarrollo infantil,controles repetidos en ninos de 2 anos de < 5,2006-03-01,36,36,43,79
TIQUIPAYA,nutricion y desarrollo infantil,controles repetidos en ninos de 2 anos de < 5,2006-03-01,44,44,44,88
TIRAQUE (CBBA),nutricion y desarrollo infantil,controles repetidos en ninos de 2 anos de < 5,2006-03-01,116,116,148,264
TITO YUPANQUI (PARQUIPUJIO),nutricion y desarrollo infantil,controles repetidos en ninos de 2 anos de < 5,2006-03-01,12,12,14,26
TOCO,nutricion y desarrollo infantil,controles repetidos en ninos de 2 anos de < 5,2006-03-01,31,31,15,46
TOLATA,nutricion y desarrollo infantil,controles repetidos en ninos de 2 anos de < 5,2006-03-01,9,9,3,12
TOLEDO,nutricion y desarrollo infantil,controles repetidos en ninos de 2 anos de < 5,2006-03-01,54,54,61,115
TOMAVE,nutricion y desarrollo infantil,controles repetidos en ninos de 2 anos de < 5,2006-03-01,74,74,93,167
TOMINA,nutricion y desarrollo infantil,controles repetidos en ninos de 2 anos de < 5,2006-03-01,210,210,236,446
TORO TORO,nutricion y desarrollo infantil,controles repetidos en ninos de 2 anos de < 5,2006-03-01,222,222,240,462
TOTORA(CBBA),nutricion y desarrollo infantil,controles repetidos en ninos de 2 anos de < 5,2006-03-01,44,44,45,89
TOTORA(ORR),nutricion y desarrollo infantil,controles repetidos en ninos de 2 anos de < 5,2006-03-01,32,32,21,53
TRIGAL,nutricion y desarrollo infantil,controles repetidos en ninos de 2 anos de < 5,2006-03-01,25,25,20,45
TRINIDAD,nutricion y desarrollo infantil,controles repetidos en ninos de 2 anos de < 5,2006-03-01,396,396,321,717
TUPIZA,nutricion y desarrollo infantil,controles repetidos en ninos de 2 anos de < 5,2006-03-01,504,504,504,1008
TURCO,nutricion y desarrollo infantil,controles repetidos en ninos de 2 anos de < 5,2006-03-01,43,43,41,84
UMALA,nutricion y desarrollo infantil,controles repetidos en ninos de 2 anos de < 5,2006-03-01,51,51,52,103
UNCIA,nutricion y desarrollo infantil,controles repetidos en ninos de 2 anos de < 5,2006-03-01,127,127,123,250
URIONDO (A. CONCEPCION),nutricion y desarrollo infantil,controles repetidos en ninos de 2 anos de < 5,2006-03-01,184,184,194,378
UYUNI,nutricion y desarrollo infantil,controles repetidos en ninos de 2 anos de < 5,2006-03-01,169,169,153,322
VACAS,nutricion y desarrollo infantil,controles repetidos en ninos de 2 anos de < 5,2006-03-01,31,31,35,66
VALLEGRANDE,nutricion y desarrollo infantil,controles repetidos en ninos de 2 anos de < 5,2006-03-01,126,126,142,268
VIACHA,nutricion y desarrollo infantil,controles repetidos en ninos de 2 anos de < 5,2006-03-01,147,147,135,282
VILA VILA,nutricion y desarrollo infantil,controles repetidos en ninos de 2 anos de < 5,2006-03-01,45,45,65,110
VILLA MONTES,nutricion y desarrollo infantil,controles repetidos en ninos de 2 anos de < 5,2006-03-01,177,177,233,410
VILLA NUEVA (LOMA ALTA),nutricion y desarrollo infantil,controles repetidos en ninos de 2 anos de < 5,2006-03-01,13,13,12,25
VILLA RIVERO,nutricion y desarrollo infantil,controles repetidos en ninos de 2 anos de < 5,2006-03-01,19,19,18,37
VILLA SERRANO,nutricion y desarrollo infantil,controles repetidos en ninos de 2 anos de < 5,2006-03-01,298,298,275,573
VILLA TUNARI,nutricion y desarrollo infantil,controles repetidos en ninos de 2 anos de < 5,2006-03-01,221,221,198,419
VILLA VACA GUZMAN (MUYUPAMPA),nutricion y desarrollo infantil,controles repetidos en ninos de 2 anos de < 5,2006-03-01,152,152,174,326
VILLAZON,nutricion y desarrollo infantil,controles repetidos en ninos de 2 anos de < 5,2006-03-01,317,317,340,657
VINTO,nutricion y desarrollo infantil,controles repetidos en ninos de 2 anos de < 5,2006-03-01,45,45,41,86
VITICHI,nutricion y desarrollo infantil,controles repetidos en ninos de 2 anos de < 5,2006-03-01,173,173,177,350
WALDO BALLIVIAN,nutricion y desarrollo infantil,controles repetidos en ninos de 2 anos de < 5,2006-03-01,8,8,8,16
WARNES,nutricion y desarrollo infantil,controles repetidos en ninos de 2 anos de < 5,2006-03-01,260,260,271,531
YACO,nutricion y desarrollo infantil,controles repetidos en ninos de 2 anos de < 5,2006-03-01,51,51,32,83
YACUIBA,nutricion y desarrollo infantil,controles repetidos en ninos de 2 anos de < 5,2006-03-01,381,381,329,710
YAMPARAEZ,nutricion y desarrollo infantil,controles repetidos en ninos de 2 anos de < 5,2006-03-01,244,244,240,484
YANACACHI,nutricion y desarrollo infantil,controles repetidos en ninos de 2 anos de < 5,2006-03-01,20,20,20,40
YAPACANI,nutricion y desarrollo infantil,controles repetidos en ninos de 2 anos de < 5,2006-03-01,326,326,329,655
YOCALLA,nutricion y desarrollo infantil,controles repetidos en ninos de 2 anos de < 5,2006-03-01,17,17,19,36
YOTALA,nutricion y desarrollo infantil,controles repetidos en ninos de 2 anos de < 5,2006-03-01,155,155,180,335
YUNCHARA,nutricion y desarrollo infantil,controles repetidos en ninos de 2 anos de < 5,2006-03-01,71,71,52,123
ZUDAÑEZ,nutricion y desarrollo infantil,controles repetidos en ninos de 2 anos de < 5,2006-03-01,107,107,126,233
ACACIO,nutricion y desarrollo infantil,controles repetidos en ninos de 2 anos de < 5,2006-04-01,91,91,111,202
ACHACACHI,nutricion y desarrollo infantil,controles repetidos en ninos de 2 anos de < 5,2006-04-01,199,199,223,422
ACHOCALLA,nutricion y desarrollo infantil,controles repetidos en ninos de 2 anos de < 5,2006-04-01,34,34,25,59
AIQUILE,nutricion y desarrollo infantil,controles repetidos en ninos de 2 anos de < 5,2006-04-01,75,75,64,139
ALALAY,nutricion y desarrollo infantil,controles repetidos en ninos de 2 anos de < 5,2006-04-01,8,8,14,22
ALCALA,nutricion y desarrollo infantil,controles repetidos en ninos de 2 anos de < 5,2006-04-01,66,66,75,141
ANCORAIMES,nutricion y desarrollo infantil,controles repetidos en ninos de 2 anos de < 5,2006-04-01,171,171,169,340
ANDAMARCA,nutricion y desarrollo infantil,controles repetidos en ninos de 2 anos de < 5,2006-04-01,63,63,63,126
ANTEQUERA,nutricion y desarrollo infantil,controles repetidos en ninos de 2 anos de < 5,2006-04-01,22,22,24,46
ANZALDO,nutricion y desarrollo infantil,controles repetidos en ninos de 2 anos de < 5,2006-04-01,26,26,21,47
APOLO,nutricion y desarrollo infantil,controles repetidos en ninos de 2 anos de < 5,2006-04-01,136,136,132,268
ARAMPAMPA,nutricion y desarrollo infantil,controles repetidos en ninos de 2 anos de < 5,2006-04-01,33,33,44,77
ARANI,nutricion y desarrollo infantil,controles repetidos en ninos de 2 anos de < 5,2006-04-01,19,19,20,39
ARBIETO,nutricion y desarrollo infantil,controles repetidos en ninos de 2 anos de < 5,2006-04-01,16,16,16,32
ARQUE,nutricion y desarrollo infantil,controles repetidos en ninos de 2 anos de < 5,2006-04-01,64,64,89,153
ASCENCION DE GUARAYOS,nutricion y desarrollo infantil,controles repetidos en ninos de 2 anos de < 5,2006-04-01,384,384,391,775
ATOCHA,nutricion y desarrollo infantil,controles repetidos en ninos de 2 anos de < 5,2006-04-01,167,167,143,310
AUCAPATA,nutricion y desarrollo infantil,controles repetidos en ninos de 2 anos de < 5,2006-04-01,55,55,70,125
AYATA,nutricion y desarrollo infantil,controles repetidos en ninos de 2 anos de < 5,2006-04-01,56,56,31,87
AYO AYO,nutricion y desarrollo infantil,controles repetidos en ninos de 2 anos de < 5,2006-04-01,16,16,32,48
AYOPAYA (V. DE INDEPENDENCIA),nutricion y desarrollo infantil,controles repetidos en ninos de 2 anos de < 5,2006-04-01,187,187,200,387
AZURDUY,nutricion y desarrollo infantil,controles repetidos en ninos de 2 anos de < 5,2006-04-01,310,310,293,603
BATALLAS,nutricion y desarrollo infantil,controles repetidos en ninos de 2 anos de < 5,2006-04-01,45,45,45,90
BAURES,nutricion y desarrollo infantil,controles repetidos en ninos de 2 anos de < 5,2006-04-01,28,28,45,73
BELEN DE ANDAMARCA,nutricion y desarrollo infantil,controles repetidos en ninos de 2 anos de < 5,2006-04-01,2,2,0,2
BELEN DE URMIRI,nutricion y desarrollo infantil,controles repetidos en ninos de 2 anos de < 5,2006-04-01,12,12,10,22
BELLA FLOR,nutricion y desarrollo infantil,controles repetidos en ninos de 2 anos de < 5,2006-04-01,48,48,46,94
BERMEJO,nutricion y desarrollo infantil,controles repetidos en ninos de 2 anos de < 5,2006-04-01,78,78,100,178
BETANZOS,nutricion y desarrollo infantil,controles repetidos en ninos de 2 anos de < 5,2006-04-01,243,243,274,517
BOLIVAR,nutricion y desarrollo infantil,controles repetidos en ninos de 2 anos de < 5,2006-04-01,53,53,47,100
BOLPEBRA,nutricion y desarrollo infantil,controles repetidos en ninos de 2 anos de < 5,2006-04-01,19,19,14,33
BOYUIBE,nutricion y desarrollo infantil,controles repetidos en ninos de 2 anos de < 5,2006-04-01,52,52,44,96
BUENA VISTA,nutricion y desarrollo infantil,controles repetidos en ninos de 2 anos de < 5,2006-04-01,181,181,177,358
CABEZAS,nutricion y desarrollo infantil,controles repetidos en ninos de 2 anos de < 5,2006-04-01,151,151,112,263
CAIROMA,nutricion y desarrollo infantil,controles repetidos en ninos de 2 anos de < 5,2006-04-01,119,119,157,276
"CAIZA ""D""",nutricion y desarrollo infantil,controles repetidos en ninos de 2 anos de < 5,2006-04-01,94,94,99,193
CAJUATA,nutricion y desarrollo infantil,controles repetidos en ninos de 2 anos de < 5,2006-04-01,25,25,29,54
CALACOTO,nutricion y desarrollo infantil,controles repetidos en ninos de 2 anos de < 5,2006-04-01,36,36,27,63
CALAMARCA,nutricion y desarrollo infantil,controles repetidos en ninos de 2 anos de < 5,2006-04-01,122,122,120,242
CAMARGO,nutricion y desarrollo infantil,controles repetidos en ninos de 2 anos de < 5,2006-04-01,208,208,195,403
CAMATAQUI (C. VILLA ABECIA),nutricion y desarrollo infantil,controles repetidos en ninos de 2 anos de < 5,2006-04-01,62,62,49,111
CAMIRI,nutricion y desarrollo infantil,controles repetidos en ninos de 2 anos de < 5,2006-04-01,294,294,298,592
CAPINOTA,nutricion y desarrollo infantil,controles repetidos en ninos de 2 anos de < 5,2006-04-01,96,96,104,200
CAQUIAVIRI,nutricion y desarrollo infantil,controles repetidos en ninos de 2 anos de < 5,2006-04-01,29,29,38,67
CARACOLLO,nutricion y desarrollo infantil,controles repetidos en ninos de 2 anos de < 5,2006-04-01,83,83,99,182
CARANAVI,nutricion y desarrollo infantil,controles repetidos en ninos de 2 anos de < 5,2006-04-01,315,315,294,609
CARAPARI,nutricion y desarrollo infantil,controles repetidos en ninos de 2 anos de < 5,2006-04-01,62,62,62,124
CARIPUYO,nutricion y desarrollo infantil,controles repetidos en ninos de 2 anos de < 5,2006-04-01,93,93,97,190
CARMEN RIVERO TORREZ,nutricion y desarrollo infantil,controles repetidos en ninos de 2 anos de < 5,2006-04-01,19,19,21,40
CATACORA,nutricion y desarrollo infantil,controles repetidos en ninos de 2 anos de < 5,2006-04-01,2,2,1,3
CHACARILLA,nutricion y desarrollo infantil,controles repetidos en ninos de 2 anos de < 5,2006-04-01,10,10,21,31
CHALLAPATA,nutricion y desarrollo infantil,controles repetidos en ninos de 2 anos de < 5,2006-04-01,200,200,232,432
CHAQUI,nutricion y desarrollo infantil,controles repetidos en ninos de 2 anos de < 5,2006-04-01,46,46,50,96
CHARAGUA,nutricion y desarrollo infantil,controles repetidos en ninos de 2 anos de < 5,2006-04-01,162,162,184,346
CHARAÑA,nutricion y desarrollo infantil,controles repetidos en ninos de 2 anos de < 5,2006-04-01,19,19,10,29
CHAYANTA,nutricion y desarrollo infantil,controles repetidos en ninos de 2 anos de < 5,2006-04-01,127,127,138,265
CHIMORE,nutricion y desarrollo infantil,controles repetidos en ninos de 2 anos de < 5,2006-04-01,31,31,35,66
CHIPAYA,nutricion y desarrollo infantil,controles repetidos en ninos de 2 anos de < 5,2006-04-01,34,34,8,42
CHOQUE COTA,nutricion y desarrollo infantil,controles repetidos en ninos de 2 anos de < 5,2006-04-01,0,0,3,3
CHULUMANI (V. DE LA LIBERTAD),nutricion y desarrollo infantil,controles repetidos en ninos de 2 anos de < 5,2006-04-01,79,79,82,161
CHUMA,nutricion y desarrollo infantil,controles repetidos en ninos de 2 anos de < 5,2006-04-01,47,47,58,105
CLIZA,nutricion y desarrollo infantil,controles repetidos en ninos de 2 anos de < 5,2006-04-01,29,29,40,69
COBIJA,nutricion y desarrollo infantil,controles repetidos en ninos de 2 anos de < 5,2006-04-01,201,201,188,389
COCHABAMBA,nutricion y desarrollo infantil,controles repetidos en ninos de 2 anos de < 5,2006-04-01,1193,1193,979,2172
COIPASA,nutricion y desarrollo infantil,controles repetidos en ninos de 2 anos de < 5,2006-04-01,5,5,2,7
COLCAPIRHUA,nutricion y desarrollo infantil,controles repetidos en ninos de 2 anos de < 5,2006-04-01,42,42,65,107
"COLCHA ""K""",nutricion y desarrollo infantil,controles repetidos en ninos de 2 anos de < 5,2006-04-01,88,88,88,176
COLLANA,nutricion y desarrollo infantil,controles repetidos en ninos de 2 anos de < 5,2006-04-01,9,9,5,14
COLOMI,nutricion y desarrollo infantil,controles repetidos en ninos de 2 anos de < 5,2006-04-01,32,32,33,65
COLPA BELGICA,nutricion y desarrollo infantil,controles repetidos en ninos de 2 anos de < 5,2006-04-01,40,40,33,73
COLQUECHACA,nutricion y desarrollo infantil,controles repetidos en ninos de 2 anos de < 5,2006-04-01,221,221,198,419
COLQUENCHA,nutricion y desarrollo infantil,controles repetidos en ninos de 2 anos de < 5,2006-04-01,40,40,36,76
COLQUIRI,nutricion y desarrollo infantil,controles repetidos en ninos de 2 anos de < 5,2006-04-01,86,86,86,172
COMANCHE,nutricion y desarrollo infantil,controles repetidos en ninos de 2 anos de < 5,2006-04-01,8,8,16,24
COMARAPA,nutricion y desarrollo infantil,controles repetidos en ninos de 2 anos de < 5,2006-04-01,90,90,92,182
COMBAYA,nutricion y desarrollo infantil,controles repetidos en ninos de 2 anos de < 5,2006-04-01,15,15,14,29
CONCEPCION,nutricion y desarrollo infantil,controles repetidos en ninos de 2 anos de < 5,2006-04-01,119,119,92,211
COPACABANA,nutricion y desarrollo infantil,controles repetidos en ninos de 2 anos de < 5,2006-04-01,62,62,56,118
CORIPATA,nutricion y desarrollo infantil,controles repetidos en ninos de 2 anos de < 5,2006-04-01,103,103,95,198
CORO CORO,nutricion y desarrollo infantil,controles repetidos en ninos de 2 anos de < 5,2006-04-01,61,61,72,133
COROICO,nutricion y desarrollo infantil,controles repetidos en ninos de 2 anos de < 5,2006-04-01,146,146,118,264
CORQUE,nutricion y desarrollo infantil,controles repetidos en ninos de 2 anos de < 5,2006-04-01,51,51,50,101
COTAGAITA,nutricion y desarrollo infantil,controles repetidos en ninos de 2 anos de < 5,2006-04-01,285,285,318,603
COTOCA,nutricion y desarrollo infantil,controles repetidos en ninos de 2 anos de < 5,2006-04-01,107,107,87,194
CUATRO CAÑADAS,nutricion y desarrollo infantil,controles repetidos en ninos de 2 anos de < 5,2006-04-01,66,66,75,141
CUCHUMUELA (V. G. VILLARROEL),nutricion y desarrollo infantil,controles repetidos en ninos de 2 anos de < 5,2006-04-01,17,17,13,30
CUEVO,nutricion y desarrollo infantil,controles repetidos en ninos de 2 anos de < 5,2006-04-01,51,51,52,103
CULPINA,nutricion y desarrollo infantil,controles repetidos en ninos de 2 anos de < 5,2006-04-01,230,230,241,471
CURAHUARA DE CARANGAS,nutricion y desarrollo infantil,controles repetidos en ninos de 2 anos de < 5,2006-04-01,45,45,31,76
CURVA,nutricion y desarrollo infantil,controles repetidos en ninos de 2 anos de < 5,2006-04-01,31,31,22,53
DESAGUADERO,nutricion y desarrollo infantil,controles repetidos en ninos de 2 anos de < 5,2006-04-01,34,34,20,54
EL ALTO,nutricion y desarrollo infantil,controles repetidos en ninos de 2 anos de < 5,2006-04-01,2145,2145,2020,4165
EL CHORO,nutricion y desarrollo infantil,controles repetidos en ninos de 2 anos de < 5,2006-04-01,8,8,12,20
EL PUENTE(STC),nutricion y desarrollo infantil,controles repetidos en ninos de 2 anos de < 5,2006-04-01,65,65,55,120
EL PUENTE(TJA),nutricion y desarrollo infantil,controles repetidos en ninos de 2 anos de < 5,2006-04-01,115,115,109,224
EL TORNO,nutricion y desarrollo infantil,controles repetidos en ninos de 2 anos de < 5,2006-04-01,80,80,86,166
EL VILLAR,nutricion y desarrollo infantil,controles repetidos en ninos de 2 anos de < 5,2006-04-01,110,110,102,212
ENTRE RIOS,nutricion y desarrollo infantil,controles repetidos en ninos de 2 anos de < 5,2006-04-01,162,162,168,330
ENTRE RIOS,nutricion y desarrollo infantil,controles repetidos en ninos de 2 anos de < 5,2006-04-01,144,144,132,276
ESCARA,nutricion y desarrollo infantil,controles repetidos en ninos de 2 anos de < 5,2006-04-01,1,1,0,1
EUCALIPTUS,nutricion y desarrollo infantil,controles repetidos en ninos de 2 anos de < 5,2006-04-01,65,65,39,104
EUREKA (SANTOS MERCADO),nutricion y desarrollo infantil,controles repetidos en ninos de 2 anos de < 5,2006-04-01,1,1,4,5
EXALTACION,nutricion y desarrollo infantil,controles repetidos en ninos de 2 anos de < 5,2006-04-01,25,25,31,56
FERNANDEZ ALONSO,nutricion y desarrollo infantil,controles repetidos en ninos de 2 anos de < 5,2006-04-01,106,106,125,231
FILADELFIA,nutricion y desarrollo infantil,controles repetidos en ninos de 2 anos de < 5,2006-04-01,18,18,30,48
GENERAL SAAVEDRA,nutricion y desarrollo infantil,controles repetidos en ninos de 2 anos de < 5,2006-04-01,151,151,134,285
GRAL. J.J. PEREZ (CHARAZANI),nutricion y desarrollo infantil,controles repetidos en ninos de 2 anos de < 5,2006-04-01,52,52,71,123
GUANAY,nutricion y desarrollo infantil,controles repetidos en ninos de 2 anos de < 5,2006-04-01,86,86,57,143
GUAQUI,nutricion y desarrollo infantil,controles repetidos en ninos de 2 anos de < 5,2006-04-01,37,37,27,64
GUAYARAMERIN,nutricion y desarrollo infantil,controles repetidos en ninos de 2 anos de < 5,2006-04-01,270,270,260,530
GUTIERREZ,nutricion y desarrollo infantil,controles repetidos en ninos de 2 anos de < 5,2006-04-01,210,210,202,412
HUACARETA,nutricion y desarrollo infantil,controles repetidos en ninos de 2 anos de < 5,2006-04-01,136,136,164,300
HUACAYA (VILLA DE HUACAYA),nutricion y desarrollo infantil,controles repetidos en ninos de 2 anos de < 5,2006-04-01,47,47,54,101
HUACHACALLA,nutricion y desarrollo infantil,controles repetidos en ninos de 2 anos de < 5,2006-04-01,7,7,3,10
HUANUNI,nutricion y desarrollo infantil,controles repetidos en ninos de 2 anos de < 5,2006-04-01,98,98,79,177
HUARACAJE,nutricion y desarrollo infantil,controles repetidos en ninos de 2 anos de < 5,2006-04-01,25,25,27,52
HUAYLLAMARCA,nutricion y desarrollo infantil,controles repetidos en ninos de 2 anos de < 5,2006-04-01,8,8,7,15
ICHOCA,nutricion y desarrollo infantil,controles repetidos en ninos de 2 anos de < 5,2006-04-01,28,28,29,57
ICLA,nutricion y desarrollo infantil,controles repetidos en ninos de 2 anos de < 5,2006-04-01,318,318,292,610
INCAHUASI,nutricion y desarrollo infantil,controles repetidos en ninos de 2 anos de < 5,2006-04-01,244,244,255,499
INGAVI (HUMAITA),nutricion y desarrollo infantil,controles repetidos en ninos de 2 anos de < 5,2006-04-01,30,30,14,44
INQUISIVI,nutricion y desarrollo infantil,controles repetidos en ninos de 2 anos de < 5,2006-04-01,123,123,116,239
IRUPANA (VILLA DE LANZA),nutricion y desarrollo infantil,controles repetidos en ninos de 2 anos de < 5,2006-04-01,195,195,149,344
IXIAMAS,nutricion y desarrollo infantil,controles repetidos en ninos de 2 anos de < 5,2006-04-01,86,86,61,147
JESUS DE MACHACA,nutricion y desarrollo infantil,controles repetidos en ninos de 2 anos de < 5,2006-04-01,43,43,48,91
LA ASUNTA,nutricion y desarrollo infantil,controles repetidos en ninos de 2 anos de < 5,2006-04-01,69,69,64,133
LA GUARDIA,nutricion y desarrollo infantil,controles repetidos en ninos de 2 anos de < 5,2006-04-01,186,186,175,361
LA PAZ,nutricion y desarrollo infantil,controles repetidos en ninos de 2 anos de < 5,2006-04-01,2336,2336,2055,4391
LA RIVERA,nutricion y desarrollo infantil,controles repetidos en ninos de 2 anos de < 5,2006-04-01,3,3,3,6
LAGUNILLAS,nutricion y desarrollo infantil,controles repetidos en ninos de 2 anos de < 5,2006-04-01,121,121,143,264
LAJA,nutricion y desarrollo infantil,controles repetidos en ninos de 2 anos de < 5,2006-04-01,62,62,40,102
LAS CARRERAS,nutricion y desarrollo infantil,controles repetidos en ninos de 2 anos de < 5,2006-04-01,57,57,60,117
LICOMA PAMPA,nutricion y desarrollo infantil,controles repetidos en ninos de 2 anos de < 5,2006-04-01,7,7,8,15
LLALLAGUA,nutricion y desarrollo infantil,controles repetidos en ninos de 2 anos de < 5,2006-04-01,150,150,155,305
LLICA,nutricion y desarrollo infantil,controles repetidos en ninos de 2 anos de < 5,2006-04-01,32,32,27,59
LORETO,nutricion y desarrollo infantil,controles repetidos en ninos de 2 anos de < 5,2006-04-01,18,18,26,44
LURIBAY,nutricion y desarrollo infantil,controles repetidos en ninos de 2 anos de < 5,2006-04-01,121,121,118,239
MACHACAMARCA,nutricion y desarrollo infantil,controles repetidos en ninos de 2 anos de < 5,2006-04-01,34,34,36,70
MACHARETI,nutricion y desarrollo infantil,controles repetidos en ninos de 2 anos de < 5,2006-04-01,144,144,159,303
MAGDALENA,nutricion y desarrollo infantil,controles repetidos en ninos de 2 anos de < 5,2006-04-01,67,67,47,114
MAIRANA,nutricion y desarrollo infantil,controles repetidos en ninos de 2 anos de < 5,2006-04-01,38,38,31,69
MALLA,nutricion y desarrollo infantil,controles repetidos en ninos de 2 anos de < 5,2006-04-01,48,48,55,103
MAPIRI,nutricion y desarrollo infantil,controles repetidos en ninos de 2 anos de < 5,2006-04-01,107,107,98,205
MECAPACA,nutricion y desarrollo infantil,controles repetidos en ninos de 2 anos de < 5,2006-04-01,51,51,49,100
MINEROS,nutricion y desarrollo infantil,controles repetidos en ninos de 2 anos de < 5,2006-04-01,120,120,117,237
MIZQUE,nutricion y desarrollo infantil,controles repetidos en ninos de 2 anos de < 5,2006-04-01,95,95,134,229
MOCOMOCO,nutricion y desarrollo infantil,controles repetidos en ninos de 2 anos de < 5,2006-04-01,115,115,112,227
MOJINETE,nutricion y desarrollo infantil,controles repetidos en ninos de 2 anos de < 5,2006-04-01,11,11,7,18
MOJOCOYA,nutricion y desarrollo infantil,controles repetidos en ninos de 2 anos de < 5,2006-04-01,133,133,114,247
MONTEAGUDO,nutricion y desarrollo infantil,controles repetidos en ninos de 2 anos de < 5,2006-04-01,255,255,258,513
MONTERO,nutricion y desarrollo infantil,controles repetidos en ninos de 2 anos de < 5,2006-04-01,672,672,640,1312
MORO MORO,nutricion y desarrollo infantil,controles repetidos en ninos de 2 anos de < 5,2006-04-01,34,34,26,60
MOROCHATA,nutricion y desarrollo infantil,controles repetidos en ninos de 2 anos de < 5,2006-04-01,33,33,35,68
NACEBE (SANTA ROSA DEL ABUNA),nutricion y desarrollo infantil,controles repetidos en ninos de 2 anos de < 5,2006-04-01,41,41,29,70
NAZACARA DE PACAJES,nutricion y desarrollo infantil,controles repetidos en ninos de 2 anos de < 5,2006-04-01,4,4,3,7
NUEVO MANOA (NUEVA ESPERANZA),nutricion y desarrollo infantil,controles repetidos en ninos de 2 anos de < 5,2006-04-01,1,1,2,3
OCURI,nutricion y desarrollo infantil,controles repetidos en ninos de 2 anos de < 5,2006-04-01,177,177,156,333
OKINAWA,nutricion y desarrollo infantil,controles repetidos en ninos de 2 anos de < 5,2006-04-01,72,72,65,137
OMEREQUE,nutricion y desarrollo infantil,controles repetidos en ninos de 2 anos de < 5,2006-04-01,39,39,37,76
ORURO,nutricion y desarrollo infantil,controles repetidos en ninos de 2 anos de < 5,2006-04-01,751,751,752,1503
PADCAYA,nutricion y desarrollo infantil,controles repetidos en ninos de 2 anos de < 5,2006-04-01,190,190,219,409
PADILLA,nutricion y desarrollo infantil,controles repetidos en ninos de 2 anos de < 5,2006-04-01,266,266,250,516
PAILON,nutricion y desarrollo infantil,controles repetidos en ninos de 2 anos de < 5,2006-04-01,113,113,111,224
PALCA,nutricion y desarrollo infantil,controles repetidos en ninos de 2 anos de < 5,2006-04-01,22,22,20,42
PALOS BLANCOS,nutricion y desarrollo infantil,controles repetidos en ninos de 2 anos de < 5,2006-04-01,239,239,216,455
PAMPA AULLAGAS,nutricion y desarrollo infantil,controles repetidos en ninos de 2 anos de < 5,2006-04-01,20,20,17,37
PAMPA GRANDE,nutricion y desarrollo infantil,controles repetidos en ninos de 2 anos de < 5,2006-04-01,42,42,41,83
PAPEL PAMPA,nutricion y desarrollo infantil,controles repetidos en ninos de 2 anos de < 5,2006-04-01,5,5,10,15
PASORAPA,nutricion y desarrollo infantil,controles repetidos en ninos de 2 anos de < 5,2006-04-01,58,58,40,98
PATACAMAYA,nutricion y desarrollo infantil,controles repetidos en ninos de 2 anos de < 5,2006-04-01,119,119,113,232
PAZÑA,nutricion y desarrollo infantil,controles repetidos en ninos de 2 anos de < 5,2006-04-01,48,48,46,94
PELECHUCO,nutricion y desarrollo infantil,controles repetidos en ninos de 2 anos de < 5,2006-04-01,21,21,18,39
POCOATA,nutricion y desarrollo infantil,controles repetidos en ninos de 2 anos de < 5,2006-04-01,197,197,200,397
POCONA,nutricion y desarrollo infantil,controles repetidos en ninos de 2 anos de < 5,2006-04-01,72,72,79,151
POJO (CBBA),nutricion y desarrollo infantil,controles repetidos en ninos de 2 anos de < 5,2006-04-01,119,119,117,236
POOPO,nutricion y desarrollo infantil,controles repetidos en ninos de 2 anos de < 5,2006-04-01,64,64,61,125
PORCO,nutricion y desarrollo infantil,controles repetidos en ninos de 2 anos de < 5,2006-04-01,38,38,40,78
POROMA,nutricion y desarrollo infantil,controles repetidos en ninos de 2 anos de < 5,2006-04-01,152,152,134,286
PORONGO,nutricion y desarrollo infantil,controles repetidos en ninos de 2 anos de < 5,2006-04-01,44,44,22,66
PORTACHUELO,nutricion y desarrollo infantil,controles repetidos en ninos de 2 anos de < 5,2006-04-01,155,155,131,286
PORVENIR,nutricion y desarrollo infantil,controles repetidos en ninos de 2 anos de < 5,2006-04-01,27,27,23,50
POSTRER VALLE,nutricion y desarrollo infantil,controles repetidos en ninos de 2 anos de < 5,2006-04-01,13,13,23,36
POTOSI,nutricion y desarrollo infantil,controles repetidos en ninos de 2 anos de < 5,2006-04-01,701,701,640,1341
PRESTO,nutricion y desarrollo infantil,controles repetidos en ninos de 2 anos de < 5,2006-04-01,168,168,150,318
PUCARA,nutricion y desarrollo infantil,controles repetidos en ninos de 2 anos de < 5,2006-04-01,26,26,29,55
PUCARANI,nutricion y desarrollo infantil,controles repetidos en ninos de 2 anos de < 5,2006-04-01,120,120,107,227
PUERTO ACOSTA,nutricion y desarrollo infantil,controles repetidos en ninos de 2 anos de < 5,2006-04-01,116,116,112,228
PUERTO CARABUCO,nutricion y desarrollo infantil,controles repetidos en ninos de 2 anos de < 5,2006-04-01,50,50,60,110
PUERTO GONZALO MORENO,nutricion y desarrollo infantil,controles repetidos en ninos de 2 anos de < 5,2006-04-01,38,38,48,86
PUERTO PEREZ,nutricion y desarrollo infantil,controles repetidos en ninos de 2 anos de < 5,2006-04-01,58,58,61,119
PUERTO QUIJARRO,nutricion y desarrollo infantil,controles repetidos en ninos de 2 anos de < 5,2006-04-01,25,25,30,55
PUERTO RICO,nutricion y desarrollo infantil,controles repetidos en ninos de 2 anos de < 5,2006-04-01,33,33,45,78
PUERTO SILES,nutricion y desarrollo infantil,controles repetidos en ninos de 2 anos de < 5,2006-04-01,26,26,43,69
PUERTO SUAREZ,nutricion y desarrollo infantil,controles repetidos en ninos de 2 anos de < 5,2006-04-01,42,42,34,76
PUERTO VILLARROEL,nutricion y desarrollo infantil,controles repetidos en ninos de 2 anos de < 5,2006-04-01,119,119,99,218
PUNA,nutricion y desarrollo infantil,controles repetidos en ninos de 2 anos de < 5,2006-04-01,228,228,252,480
PUNATA,nutricion y desarrollo infantil,controles repetidos en ninos de 2 anos de < 5,2006-04-01,77,77,58,135
QUIABAYA,nutricion y desarrollo infantil,controles repetidos en ninos de 2 anos de < 5,2006-04-01,23,23,16,39
QUILLACOLLO,nutricion y desarrollo infantil,controles repetidos en ninos de 2 anos de < 5,2006-04-01,94,94,89,183
QUIME,nutricion y desarrollo infantil,controles repetidos en ninos de 2 anos de < 5,2006-04-01,72,72,72,144
QUIRUSILLAS,nutricion y desarrollo infantil,controles repetidos en ninos de 2 anos de < 5,2006-04-01,10,10,15,25
RAVELO,nutricion y desarrollo infantil,controles repetidos en ninos de 2 anos de < 5,2006-04-01,351,351,330,681
REYES,nutricion y desarrollo infantil,controles repetidos en ninos de 2 anos de < 5,2006-04-01,107,107,115,222
RIBERALTA,nutricion y desarrollo infantil,controles repetidos en ninos de 2 anos de < 5,2006-04-01,337,337,352,689
ROBORE,nutricion y desarrollo infantil,controles repetidos en ninos de 2 anos de < 5,2006-04-01,89,89,105,194
RURRENABAQUE,nutricion y desarrollo infantil,controles repetidos en ninos de 2 anos de < 5,2006-04-01,57,57,57,114
SABAYA,nutricion y desarrollo infantil,controles repetidos en ninos de 2 anos de < 5,2006-04-01,11,11,8,19
SACABA,nutricion y desarrollo infantil,controles repetidos en ninos de 2 anos de < 5,2006-04-01,78,78,58,136
SACABAMBA,nutricion y desarrollo infantil,controles repetidos en ninos de 2 anos de < 5,2006-04-01,22,22,21,43
SACACA,nutricion y desarrollo infantil,controles repetidos en ninos de 2 anos de < 5,2006-04-01,394,394,364,758
SAIPINA,nutricion y desarrollo infantil,controles repetidos en ninos de 2 anos de < 5,2006-04-01,61,61,58,119
SALINAS DE GARCI MENDOZA,nutricion y desarrollo infantil,controles repetidos en ninos de 2 anos de < 5,2006-04-01,47,47,57,104
SAMAIPATA,nutricion y desarrollo infantil,controles repetidos en ninos de 2 anos de < 5,2006-04-01,100,100,89,189
SAN AGUSTIN,nutricion y desarrollo infantil,controles repetidos en ninos de 2 anos de < 5,2006-04-01,16,16,10,26
SAN ANDRES,nutricion y desarrollo infantil,controles repetidos en ninos de 2 anos de < 5,2006-04-01,84,84,84,168
SAN ANDRES DE MACHACA,nutricion y desarrollo infantil,controles repetidos en ninos de 2 anos de < 5,2006-04-01,12,12,10,22
SAN ANTONIO DE ESMORUCO,nutricion y desarrollo infantil,controles repetidos en ninos de 2 anos de < 5,2006-04-01,0,0,2,2
SAN ANTONIO DE LOMERIO,nutricion y desarrollo infantil,controles repetidos en ninos de 2 anos de < 5,2006-04-01,120,120,109,229
SAN BENITO,nutricion y desarrollo infantil,controles repetidos en ninos de 2 anos de < 5,2006-04-01,21,21,16,37
SAN BORJA,nutricion y desarrollo infantil,controles repetidos en ninos de 2 anos de < 5,2006-04-01,144,144,162,306
SAN BUENA VENTURA,nutricion y desarrollo infantil,controles repetidos en ninos de 2 anos de < 5,2006-04-01,48,48,59,107
SAN CARLOS,nutricion y desarrollo infantil,controles repetidos en ninos de 2 anos de < 5,2006-04-01,104,104,117,221
SAN IGNACIO,nutricion y desarrollo infantil,controles repetidos en ninos de 2 anos de < 5,2006-04-01,178,178,138,316
SAN IGNACIO DE VELASCO,nutricion y desarrollo infantil,controles repetidos en ninos de 2 anos de < 5,2006-04-01,348,348,352,700
SAN JAVIER(BNI),nutricion y desarrollo infantil,controles repetidos en ninos de 2 anos de < 5,2006-04-01,45,45,28,73
SAN JAVIER(STC),nutricion y desarrollo infantil,controles repetidos en ninos de 2 anos de < 5,2006-04-01,101,101,97,198
SAN JOAQUIN,nutricion y desarrollo infantil,controles repetidos en ninos de 2 anos de < 5,2006-04-01,15,15,24,39
SAN JOSE DE CHIQUITOS,nutricion y desarrollo infantil,controles repetidos en ninos de 2 anos de < 5,2006-04-01,77,77,61,138
SAN JUAN DE YAPACANI,nutricion y desarrollo infantil,controles repetidos en ninos de 2 anos de < 5,2006-04-01,79,79,68,147
SAN JULIAN,nutricion y desarrollo infantil,controles repetidos en ninos de 2 anos de < 5,2006-04-01,80,80,92,172
SAN LORENZO(PND),nutricion y desarrollo infantil,controles repetidos en ninos de 2 anos de < 5,2006-04-01,48,48,52,100
SAN LORENZO(TJA),nutricion y desarrollo infantil,controles repetidos en ninos de 2 anos de < 5,2006-04-01,187,187,222,409
SAN LUCAS,nutricion y desarrollo infantil,controles repetidos en ninos de 2 anos de < 5,2006-04-01,553,553,624,1177
SAN MATIAS,nutricion y desarrollo infantil,controles repetidos en ninos de 2 anos de < 5,2006-04-01,69,69,48,117
SAN MIGUEL DE VELASCO,nutricion y desarrollo infantil,controles repetidos en ninos de 2 anos de < 5,2006-04-01,25,25,30,55
SAN PABLO DE LIPEZ,nutricion y desarrollo infantil,controles repetidos en ninos de 2 anos de < 5,2006-04-01,24,24,19,43
SAN PEDRO,nutricion y desarrollo infantil,controles repetidos en ninos de 2 anos de < 5,2006-04-01,83,83,65,148
SAN PEDRO DE BUENA VISTA,nutricion y desarrollo infantil,controles repetidos en ninos de 2 anos de < 5,2006-04-01,245,245,241,486
SAN PEDRO DE CURAHUARA,nutricion y desarrollo infantil,controles repetidos en ninos de 2 anos de < 5,2006-04-01,26,26,50,76
SAN PEDRO DE QUEMES,nutricion y desarrollo infantil,controles repetidos en ninos de 2 anos de < 5,2006-04-01,7,7,10,17
SAN PEDRO DE TIQUINA,nutricion y desarrollo infantil,controles repetidos en ninos de 2 anos de < 5,2006-04-01,18,18,22,40
SAN PEDRO(PND),nutricion y desarrollo infantil,controles repetidos en ninos de 2 anos de < 5,2006-04-01,39,39,26,65
SAN RAFAEL,nutricion y desarrollo infantil,controles repetidos en ninos de 2 anos de < 5,2006-04-01,61,61,53,114
SAN RAMON,nutricion y desarrollo infantil,controles repetidos en ninos de 2 anos de < 5,2006-04-01,28,28,25,53
SAN RAMON,nutricion y desarrollo infantil,controles repetidos en ninos de 2 anos de < 5,2006-04-01,40,40,37,77
SANTA ANA,nutricion y desarrollo infantil,controles repetidos en ninos de 2 anos de < 5,2006-04-01,74,74,68,142
SANTA CRUZ DE LA SIERRA,nutricion y desarrollo infantil,controles repetidos en ninos de 2 anos de < 5,2006-04-01,2402,2402,2191,4593
SANTA ROSA,nutricion y desarrollo infantil,controles repetidos en ninos de 2 anos de < 5,2006-04-01,10,10,19,29
SANTA ROSA DEL SARA,nutricion y desarrollo infantil,controles repetidos en ninos de 2 anos de < 5,2006-04-01,83,83,81,164
SANTIAGO DE CALLAPA,nutricion y desarrollo infantil,controles repetidos en ninos de 2 anos de < 5,2006-04-01,23,23,24,47
SANTIAGO DE HUARI,nutricion y desarrollo infantil,controles repetidos en ninos de 2 anos de < 5,2006-04-01,72,72,99,171
SANTIAGO DE MACHACA,nutricion y desarrollo infantil,controles repetidos en ninos de 2 anos de < 5,2006-04-01,8,8,7,15
SANTIVAÑES,nutricion y desarrollo infantil,controles repetidos en ninos de 2 anos de < 5,2006-04-01,89,89,77,166
SANTUARIO DE QUILLACAS,nutricion y desarrollo infantil,controles repetidos en ninos de 2 anos de < 5,2006-04-01,12,12,22,34
SAPAHAQUI,nutricion y desarrollo infantil,controles repetidos en ninos de 2 anos de < 5,2006-04-01,49,49,67,116
SENA,nutricion y desarrollo infantil,controles repetidos en ninos de 2 anos de < 5,2006-04-01,33,33,24,57
SICA SICA (VILLA AROMA),nutricion y desarrollo infantil,controles repetidos en ninos de 2 anos de < 5,2006-04-01,54,54,76,130
SICAYA,nutricion y desarrollo infantil,controles repetidos en ninos de 2 anos de < 5,2006-04-01,13,13,15,28
SIPE SIPE,nutricion y desarrollo infantil,controles repetidos en ninos de 2 anos de < 5,2006-04-01,79,79,83,162
SOPACHUY,nutricion y desarrollo infantil,controles repetidos en ninos de 2 anos de < 5,2006-04-01,79,79,94,173
SORACACHI,nutricion y desarrollo infantil,controles repetidos en ninos de 2 anos de < 5,2006-04-01,55,55,52,107
SORATA,nutricion y desarrollo infantil,controles repetidos en ninos de 2 anos de < 5,2006-04-01,64,64,61,125
SUCRE,nutricion y desarrollo infantil,controles repetidos en ninos de 2 anos de < 5,2006-04-01,910,910,960,1870
TACACHI,nutricion y desarrollo infantil,controles repetidos en ninos de 2 anos de < 5,2006-04-01,3,3,1,4
TACACOMA,nutricion y desarrollo infantil,controles repetidos en ninos de 2 anos de < 5,2006-04-01,30,30,29,59
TACOBAMBA,nutricion y desarrollo infantil,controles repetidos en ninos de 2 anos de < 5,2006-04-01,67,67,64,131
TACOPAYA,nutricion y desarrollo infantil,controles repetidos en ninos de 2 anos de < 5,2006-04-01,166,166,164,330
TAHUA,nutricion y desarrollo infantil,controles repetidos en ninos de 2 anos de < 5,2006-04-01,11,11,11,22
TAPACARI,nutricion y desarrollo infantil,controles repetidos en ninos de 2 anos de < 5,2006-04-01,121,121,126,247
TARABUCO,nutricion y desarrollo infantil,controles repetidos en ninos de 2 anos de < 5,2006-04-01,494,494,514,1008
TARACO,nutricion y desarrollo infantil,controles repetidos en ninos de 2 anos de < 5,2006-04-01,42,42,46,88
TARATA,nutricion y desarrollo infantil,controles repetidos en ninos de 2 anos de < 5,2006-04-01,33,33,32,65
TARIJA,nutricion y desarrollo infantil,controles repetidos en ninos de 2 anos de < 5,2006-04-01,589,589,564,1153
TARVITA,nutricion y desarrollo infantil,controles repetidos en ninos de 2 anos de < 5,2006-04-01,77,77,80,157
TEOPONTE,nutricion y desarrollo infantil,controles repetidos en ninos de 2 anos de < 5,2006-04-01,58,58,55,113
TIAWANACU,nutricion y desarrollo infantil,controles repetidos en ninos de 2 anos de < 5,2006-04-01,60,60,50,110
TINGUIPAYA,nutricion y desarrollo infantil,controles repetidos en ninos de 2 anos de < 5,2006-04-01,206,206,190,396
TIPUANI,nutricion y desarrollo infantil,controles repetidos en ninos de 2 anos de < 5,2006-04-01,29,29,44,73
TIQUIPAYA,nutricion y desarrollo infantil,controles repetidos en ninos de 2 anos de < 5,2006-04-01,136,136,51,187
TIRAQUE (CBBA),nutricion y desarrollo infantil,controles repetidos en ninos de 2 anos de < 5,2006-04-01,84,84,91,175
TITO YUPANQUI (PARQUIPUJIO),nutricion y desarrollo infantil,controles repetidos en ninos de 2 anos de < 5,2006-04-01,16,16,12,28
TOCO,nutricion y desarrollo infantil,controles repetidos en ninos de 2 anos de < 5,2006-04-01,15,15,19,34
TOLATA,nutricion y desarrollo infantil,controles repetidos en ninos de 2 anos de < 5,2006-04-01,14,14,5,19
TOLEDO,nutricion y desarrollo infantil,controles repetidos en ninos de 2 anos de < 5,2006-04-01,44,44,21,65
TOMAVE,nutricion y desarrollo infantil,controles repetidos en ninos de 2 anos de < 5,2006-04-01,59,59,61,120
TOMINA,nutricion y desarrollo infantil,controles repetidos en ninos de 2 anos de < 5,2006-04-01,203,203,239,442
TORO TORO,nutricion y desarrollo infantil,controles repetidos en ninos de 2 anos de < 5,2006-04-01,178,178,197,375
TOTORA(CBBA),nutricion y desarrollo infantil,controles repetidos en ninos de 2 anos de < 5,2006-04-01,55,55,50,105
TOTORA(ORR),nutricion y desarrollo infantil,controles repetidos en ninos de 2 anos de < 5,2006-04-01,17,17,16,33
TRIGAL,nutricion y desarrollo infantil,controles repetidos en ninos de 2 anos de < 5,2006-04-01,16,16,17,33
TRINIDAD,nutricion y desarrollo infantil,controles repetidos en ninos de 2 anos de < 5,2006-04-01,296,296,256,552
TUPIZA,nutricion y desarrollo infantil,controles repetidos en ninos de 2 anos de < 5,2006-04-01,331,331,347,678
TURCO,nutricion y desarrollo infantil,controles repetidos en ninos de 2 anos de < 5,2006-04-01,17,17,10,27
UMALA,nutricion y desarrollo infantil,controles repetidos en ninos de 2 anos de < 5,2006-04-01,42,42,42,84
UNCIA,nutricion y desarrollo infantil,controles repetidos en ninos de 2 anos de < 5,2006-04-01,96,96,99,195
URIONDO (A. CONCEPCION),nutricion y desarrollo infantil,controles repetidos en ninos de 2 anos de < 5,2006-04-01,166,166,163,329
URUBICHA,nutricion y desarrollo infantil,controles repetidos en ninos de 2 anos de < 5,2006-04-01,184,184,208,392
UYUNI,nutricion y desarrollo infantil,controles repetidos en ninos de 2 anos de < 5,2006-04-01,145,145,161,306
VACAS,nutricion y desarrollo infantil,controles repetidos en ninos de 2 anos de < 5,2006-04-01,51,51,40,91
VALLEGRANDE,nutricion y desarrollo infantil,controles repetidos en ninos de 2 anos de < 5,2006-04-01,84,84,100,184
VIACHA,nutricion y desarrollo infantil,controles repetidos en ninos de 2 anos de < 5,2006-04-01,131,131,106,237
VILA VILA,nutricion y desarrollo infantil,controles repetidos en ninos de 2 anos de < 5,2006-04-01,30,30,31,61
VILLA MONTES,nutricion y desarrollo infantil,controles repetidos en ninos de 2 anos de < 5,2006-04-01,125,125,128,253
VILLA NUEVA (LOMA ALTA),nutricion y desarrollo infantil,controles repetidos en ninos de 2 anos de < 5,2006-04-01,6,6,7,13
VILLA RIVERO,nutricion y desarrollo infantil,controles repetidos en ninos de 2 anos de < 5,2006-04-01,38,38,34,72
VILLA SERRANO,nutricion y desarrollo infantil,controles repetidos en ninos de 2 anos de < 5,2006-04-01,275,275,283,558
VILLA TUNARI,nutricion y desarrollo infantil,controles repetidos en ninos de 2 anos de < 5,2006-04-01,264,264,224,488
VILLA VACA GUZMAN (MUYUPAMPA),nutricion y desarrollo infantil,controles repetidos en ninos de 2 anos de < 5,2006-04-01,167,167,234,401
VILLAZON,nutricion y desarrollo infantil,controles repetidos en ninos de 2 anos de < 5,2006-04-01,226,226,234,460
VINTO,nutricion y desarrollo infantil,controles repetidos en ninos de 2 anos de < 5,2006-04-01,34,34,32,66
VITICHI,nutricion y desarrollo infantil,controles repetidos en ninos de 2 anos de < 5,2006-04-01,219,219,218,437
WALDO BALLIVIAN,nutricion y desarrollo infantil,controles repetidos en ninos de 2 anos de < 5,2006-04-01,16,16,13,29
WARNES,nutricion y desarrollo infantil,controles repetidos en ninos de 2 anos de < 5,2006-04-01,217,217,205,422
YACO,nutricion y desarrollo infantil,controles repetidos en ninos de 2 anos de < 5,2006-04-01,48,48,52,100
YACUIBA,nutricion y desarrollo infantil,controles repetidos en ninos de 2 anos de < 5,2006-04-01,254,254,208,462
YAMPARAEZ,nutricion y desarrollo infantil,controles repetidos en ninos de 2 anos de < 5,2006-04-01,261,261,250,511
YANACACHI,nutricion y desarrollo infantil,controles repetidos en ninos de 2 anos de < 5,2006-04-01,57,57,59,116
YAPACANI,nutricion y desarrollo infantil,controles repetidos en ninos de 2 anos de < 5,2006-04-01,284,284,282,566
YOCALLA,nutricion y desarrollo infantil,controles repetidos en ninos de 2 anos de < 5,2006-04-01,47,47,40,87
YOTALA,nutricion y desarrollo infantil,controles repetidos en ninos de 2 anos de < 5,2006-04-01,169,169,188,357
YUNCHARA,nutricion y desarrollo infantil,controles repetidos en ninos de 2 anos de < 5,2006-04-01,94,94,113,207
ZUDAÑEZ,nutricion y desarrollo infantil,controles repetidos en ninos de 2 anos de < 5,2006-04-01,131,131,141,272
ACACIO,nutricion y desarrollo infantil,controles repetidos en ninos de 2 anos de < 5,2006-05-01,112,112,99,211
ACHACACHI,nutricion y desarrollo infantil,controles repetidos en ninos de 2 anos de < 5,2006-05-01,155,155,165,320
ACHOCALLA,nutricion y desarrollo infantil,controles repetidos en ninos de 2 anos de < 5,2006-05-01,57,57,41,98
AIQUILE,nutricion y desarrollo infantil,controles repetidos en ninos de 2 anos de < 5,2006-05-01,55,55,56,111
ALALAY,nutricion y desarrollo infantil,controles repetidos en ninos de 2 anos de < 5,2006-05-01,23,23,22,45
ALCALA,nutricion y desarrollo infantil,controles repetidos en ninos de 2 anos de < 5,2006-05-01,87,87,77,164
ANCORAIMES,nutricion y desarrollo infantil,controles repetidos en ninos de 2 anos de < 5,2006-05-01,33,33,42,75
ANDAMARCA,nutricion y desarrollo infantil,controles repetidos en ninos de 2 anos de < 5,2006-05-01,24,24,34,58
ANTEQUERA,nutricion y desarrollo infantil,controles repetidos en ninos de 2 anos de < 5,2006-05-01,27,27,31,58
ANZALDO,nutricion y desarrollo infantil,controles repetidos en ninos de 2 anos de < 5,2006-05-01,21,21,23,44
APOLO,nutricion y desarrollo infantil,controles repetidos en ninos de 2 anos de < 5,2006-05-01,158,158,172,330
ARAMPAMPA,nutricion y desarrollo infantil,controles repetidos en ninos de 2 anos de < 5,2006-05-01,73,73,72,145
ARANI,nutricion y desarrollo infantil,controles repetidos en ninos de 2 anos de < 5,2006-05-01,42,42,44,86
ARBIETO,nutricion y desarrollo infantil,controles repetidos en ninos de 2 anos de < 5,2006-05-01,20,20,22,42
ARQUE,nutricion y desarrollo infantil,controles repetidos en ninos de 2 anos de < 5,2006-05-01,72,72,76,148
ATOCHA,nutricion y desarrollo infantil,controles repetidos en ninos de 2 anos de < 5,2006-05-01,166,166,149,315
AUCAPATA,nutricion y desarrollo infantil,controles repetidos en ninos de 2 anos de < 5,2006-05-01,32,32,38,70
AYATA,nutricion y desarrollo infantil,controles repetidos en ninos de 2 anos de < 5,2006-05-01,123,123,91,214
AYO AYO,nutricion y desarrollo infantil,controles repetidos en ninos de 2 anos de < 5,2006-05-01,20,20,15,35
AYOPAYA (V. DE INDEPENDENCIA),nutricion y desarrollo infantil,controles repetidos en ninos de 2 anos de < 5,2006-05-01,122,122,117,239
AZURDUY,nutricion y desarrollo infantil,controles repetidos en ninos de 2 anos de < 5,2006-05-01,355,355,323,678
BATALLAS,nutricion y desarrollo infantil,controles repetidos en ninos de 2 anos de < 5,2006-05-01,53,53,42,95
BAURES,nutricion y desarrollo infantil,controles repetidos en ninos de 2 anos de < 5,2006-05-01,46,46,43,89
BELEN DE ANDAMARCA,nutricion y desarrollo infantil,controles repetidos en ninos de 2 anos de < 5,2006-05-01,7,7,8,15
BELEN DE URMIRI,nutricion y desarrollo infantil,controles repetidos en ninos de 2 anos de < 5,2006-05-01,25,25,26,51
BELLA FLOR,nutricion y desarrollo infantil,controles repetidos en ninos de 2 anos de < 5,2006-05-01,43,43,49,92
BERMEJO,nutricion y desarrollo infantil,controles repetidos en ninos de 2 anos de < 5,2006-05-01,129,129,129,258
BETANZOS,nutricion y desarrollo infantil,controles repetidos en ninos de 2 anos de < 5,2006-05-01,415,415,433,848
BOLIVAR,nutricion y desarrollo infantil,controles repetidos en ninos de 2 anos de < 5,2006-05-01,145,145,129,274
BOLPEBRA,nutricion y desarrollo infantil,controles repetidos en ninos de 2 anos de < 5,2006-05-01,14,14,23,37
BOYUIBE,nutricion y desarrollo infantil,controles repetidos en ninos de 2 anos de < 5,2006-05-01,37,37,31,68
BUENA VISTA,nutricion y desarrollo infantil,controles repetidos en ninos de 2 anos de < 5,2006-05-01,149,149,169,318
CABEZAS,nutricion y desarrollo infantil,controles repetidos en ninos de 2 anos de < 5,2006-05-01,84,84,76,160
CAIROMA,nutricion y desarrollo infantil,controles repetidos en ninos de 2 anos de < 5,2006-05-01,109,109,123,232
"CAIZA ""D""",nutricion y desarrollo infantil,controles repetidos en ninos de 2 anos de < 5,2006-05-01,89,89,121,210
CAJUATA,nutricion y desarrollo infantil,controles repetidos en ninos de 2 anos de < 5,2006-05-01,77,77,65,142
CALACOTO,nutricion y desarrollo infantil,controles repetidos en ninos de 2 anos de < 5,2006-05-01,56,56,55,111
CALAMARCA,nutricion y desarrollo infantil,controles repetidos en ninos de 2 anos de < 5,2006-05-01,117,117,121,238
CAMARGO,nutricion y desarrollo infantil,controles repetidos en ninos de 2 anos de < 5,2006-05-01,227,227,259,486
CAMATAQUI (C. VILLA ABECIA),nutricion y desarrollo infantil,controles repetidos en ninos de 2 anos de < 5,2006-05-01,50,50,39,89
CAMIRI,nutricion y desarrollo infantil,controles repetidos en ninos de 2 anos de < 5,2006-05-01,280,280,277,557
CAPINOTA,nutricion y desarrollo infantil,controles repetidos en ninos de 2 anos de < 5,2006-05-01,94,94,72,166
CAQUIAVIRI,nutricion y desarrollo infantil,controles repetidos en ninos de 2 anos de < 5,2006-05-01,69,69,68,137
CARACOLLO,nutricion y desarrollo infantil,controles repetidos en ninos de 2 anos de < 5,2006-05-01,25,25,18,43
CARANAVI,nutricion y desarrollo infantil,controles repetidos en ninos de 2 anos de < 5,2006-05-01,374,374,370,744
CARAPARI,nutricion y desarrollo infantil,controles repetidos en ninos de 2 anos de < 5,2006-05-01,116,116,128,244
CARIPUYO,nutricion y desarrollo infantil,controles repetidos en ninos de 2 anos de < 5,2006-05-01,225,225,212,437
CARMEN RIVERO TORREZ,nutricion y desarrollo infantil,controles repetidos en ninos de 2 anos de < 5,2006-05-01,11,11,7,18
CATACORA,nutricion y desarrollo infantil,controles repetidos en ninos de 2 anos de < 5,2006-05-01,9,9,6,15
CHACARILLA,nutricion y desarrollo infantil,controles repetidos en ninos de 2 anos de < 5,2006-05-01,15,15,16,31
CHALLAPATA,nutricion y desarrollo infantil,controles repetidos en ninos de 2 anos de < 5,2006-05-01,168,168,144,312
CHAQUI,nutricion y desarrollo infantil,controles repetidos en ninos de 2 anos de < 5,2006-05-01,66,66,78,144
CHARAGUA,nutricion y desarrollo infantil,controles repetidos en ninos de 2 anos de < 5,2006-05-01,138,138,132,270
CHARAÑA,nutricion y desarrollo infantil,controles repetidos en ninos de 2 anos de < 5,2006-05-01,37,37,27,64
CHAYANTA,nutricion y desarrollo infantil,controles repetidos en ninos de 2 anos de < 5,2006-05-01,158,158,159,317
CHIMORE,nutricion y desarrollo infantil,controles repetidos en ninos de 2 anos de < 5,2006-05-01,59,59,42,101
CHIPAYA,nutricion y desarrollo infantil,controles repetidos en ninos de 2 anos de < 5,2006-05-01,27,27,19,46
CHOQUE COTA,nutricion y desarrollo infantil,controles repetidos en ninos de 2 anos de < 5,2006-05-01,10,10,10,20
CHULUMANI (V. DE LA LIBERTAD),nutricion y desarrollo infantil,controles repetidos en ninos de 2 anos de < 5,2006-05-01,32,32,54,86
CHUMA,nutricion y desarrollo infantil,controles repetidos en ninos de 2 anos de < 5,2006-05-01,89,89,95,184
CLIZA,nutricion y desarrollo infantil,controles repetidos en ninos de 2 anos de < 5,2006-05-01,55,55,67,122
COBIJA,nutricion y desarrollo infantil,controles repetidos en ninos de 2 anos de < 5,2006-05-01,167,167,193,360
COCHABAMBA,nutricion y desarrollo infantil,controles repetidos en ninos de 2 anos de < 5,2006-05-01,1460,1460,1224,2684
COIPASA,nutricion y desarrollo infantil,controles repetidos en ninos de 2 anos de < 5,2006-05-01,4,4,4,8
COLCAPIRHUA,nutricion y desarrollo infantil,controles repetidos en ninos de 2 anos de < 5,2006-05-01,69,69,45,114
"COLCHA ""K""",nutricion y desarrollo infantil,controles repetidos en ninos de 2 anos de < 5,2006-05-01,103,103,132,235
COLLANA,nutricion y desarrollo infantil,controles repetidos en ninos de 2 anos de < 5,2006-05-01,8,8,4,12
COLOMI,nutricion y desarrollo infantil,controles repetidos en ninos de 2 anos de < 5,2006-05-01,46,46,40,86
COLPA BELGICA,nutricion y desarrollo infantil,controles repetidos en ninos de 2 anos de < 5,2006-05-01,34,34,42,76
COLQUECHACA,nutricion y desarrollo infantil,controles repetidos en ninos de 2 anos de < 5,2006-05-01,340,340,275,615
COLQUENCHA,nutricion y desarrollo infantil,controles repetidos en ninos de 2 anos de < 5,2006-05-01,45,45,48,93
COLQUIRI,nutricion y desarrollo infantil,controles repetidos en ninos de 2 anos de < 5,2006-05-01,86,86,102,188
COMANCHE,nutricion y desarrollo infantil,controles repetidos en ninos de 2 anos de < 5,2006-05-01,32,32,29,61
COMARAPA,nutricion y desarrollo infantil,controles repetidos en ninos de 2 anos de < 5,2006-05-01,102,102,118,220
COMBAYA,nutricion y desarrollo infantil,controles repetidos en ninos de 2 anos de < 5,2006-05-01,23,23,18,41
CONCEPCION,nutricion y desarrollo infantil,controles repetidos en ninos de 2 anos de < 5,2006-05-01,30,30,40,70
COPACABANA,nutricion y desarrollo infantil,controles repetidos en ninos de 2 anos de < 5,2006-05-01,90,90,81,171
CORIPATA,nutricion y desarrollo infantil,controles repetidos en ninos de 2 anos de < 5,2006-05-01,109,109,110,219
CORO CORO,nutricion y desarrollo infantil,controles repetidos en ninos de 2 anos de < 5,2006-05-01,78,78,96,174
COROICO,nutricion y desarrollo infantil,controles repetidos en ninos de 2 anos de < 5,2006-05-01,100,100,109,209
CORQUE,nutricion y desarrollo infantil,controles repetidos en ninos de 2 anos de < 5,2006-05-01,32,32,33,65
COTAGAITA,nutricion y desarrollo infantil,controles repetidos en ninos de 2 anos de < 5,2006-05-01,249,249,240,489
COTOCA,nutricion y desarrollo infantil,controles repetidos en ninos de 2 anos de < 5,2006-05-01,83,83,76,159
CUATRO CAÑADAS,nutricion y desarrollo infantil,controles repetidos en ninos de 2 anos de < 5,2006-05-01,38,38,43,81
CUCHUMUELA (V. G. VILLARROEL),nutricion y desarrollo infantil,controles repetidos en ninos de 2 anos de < 5,2006-05-01,7,7,3,10
CUEVO,nutricion y desarrollo infantil,controles repetidos en ninos de 2 anos de < 5,2006-05-01,36,36,36,72
CULPINA,nutricion y desarrollo infantil,controles repetidos en ninos de 2 anos de < 5,2006-05-01,303,303,303,606
CURAHUARA DE CARANGAS,nutricion y desarrollo infantil,controles repetidos en ninos de 2 anos de < 5,2006-05-01,19,19,10,29
CURVA,nutricion y desarrollo infantil,controles repetidos en ninos de 2 anos de < 5,2006-05-01,28,28,22,50
DESAGUADERO,nutricion y desarrollo infantil,controles repetidos en ninos de 2 anos de < 5,2006-05-01,24,24,23,47
EL ALTO,nutricion y desarrollo infantil,controles repetidos en ninos de 2 anos de < 5,2006-05-01,2692,2692,2643,5335
EL CHORO,nutricion y desarrollo infantil,controles repetidos en ninos de 2 anos de < 5,2006-05-01,6,6,6,12
EL PUENTE(STC),nutricion y desarrollo infantil,controles repetidos en ninos de 2 anos de < 5,2006-05-01,73,73,92,165
EL PUENTE(TJA),nutricion y desarrollo infantil,controles repetidos en ninos de 2 anos de < 5,2006-05-01,105,105,126,231
EL TORNO,nutricion y desarrollo infantil,controles repetidos en ninos de 2 anos de < 5,2006-05-01,106,106,117,223
EL VILLAR,nutricion y desarrollo infantil,controles repetidos en ninos de 2 anos de < 5,2006-05-01,122,122,112,234
ENTRE RIOS,nutricion y desarrollo infantil,controles repetidos en ninos de 2 anos de < 5,2006-05-01,201,201,193,394
ENTRE RIOS,nutricion y desarrollo infantil,controles repetidos en ninos de 2 anos de < 5,2006-05-01,67,67,52,119
ESCARA,nutricion y desarrollo infantil,controles repetidos en ninos de 2 anos de < 5,2006-05-01,2,2,1,3
EUCALIPTUS,nutricion y desarrollo infantil,controles repetidos en ninos de 2 anos de < 5,2006-05-01,43,43,47,90
EUREKA (SANTOS MERCADO),nutricion y desarrollo infantil,controles repetidos en ninos de 2 anos de < 5,2006-05-01,17,17,23,40
EXALTACION,nutricion y desarrollo infantil,controles repetidos en ninos de 2 anos de < 5,2006-05-01,78,78,64,142
FERNANDEZ ALONSO,nutricion y desarrollo infantil,controles repetidos en ninos de 2 anos de < 5,2006-05-01,143,143,149,292
FILADELFIA,nutricion y desarrollo infantil,controles repetidos en ninos de 2 anos de < 5,2006-05-01,54,54,68,122
GENERAL SAAVEDRA,nutricion y desarrollo infantil,controles repetidos en ninos de 2 anos de < 5,2006-05-01,34,34,26,60
GRAL. J.J. PEREZ (CHARAZANI),nutricion y desarrollo infantil,controles repetidos en ninos de 2 anos de < 5,2006-05-01,120,120,115,235
GUANAY,nutricion y desarrollo infantil,controles repetidos en ninos de 2 anos de < 5,2006-05-01,129,129,104,233
GUAQUI,nutricion y desarrollo infantil,controles repetidos en ninos de 2 anos de < 5,2006-05-01,26,26,20,46
GUAYARAMERIN,nutricion y desarrollo infantil,controles repetidos en ninos de 2 anos de < 5,2006-05-01,289,289,294,583
GUTIERREZ,nutricion y desarrollo infantil,controles repetidos en ninos de 2 anos de < 5,2006-05-01,187,187,183,370
HUACARETA,nutricion y desarrollo infantil,controles repetidos en ninos de 2 anos de < 5,2006-05-01,170,170,167,337
HUACAYA (VILLA DE HUACAYA),nutricion y desarrollo infantil,controles repetidos en ninos de 2 anos de < 5,2006-05-01,48,48,37,85
HUACHACALLA,nutricion y desarrollo infantil,controles repetidos en ninos de 2 anos de < 5,2006-05-01,4,4,8,12
HUANUNI,nutricion y desarrollo infantil,controles repetidos en ninos de 2 anos de < 5,2006-05-01,116,116,135,251
HUARACAJE,nutricion y desarrollo infantil,controles repetidos en ninos de 2 anos de < 5,2006-05-01,30,30,24,54
HUAYLLAMARCA,nutricion y desarrollo infantil,controles repetidos en ninos de 2 anos de < 5,2006-05-01,22,22,28,50
ICHOCA,nutricion y desarrollo infantil,controles repetidos en ninos de 2 anos de < 5,2006-05-01,39,39,35,74
ICLA,nutricion y desarrollo infantil,controles repetidos en ninos de 2 anos de < 5,2006-05-01,319,319,277,596
INCAHUASI,nutricion y desarrollo infantil,controles repetidos en ninos de 2 anos de < 5,2006-05-01,248,248,296,544
INGAVI (HUMAITA),nutricion y desarrollo infantil,controles repetidos en ninos de 2 anos de < 5,2006-05-01,7,7,3,10
INQUISIVI,nutricion y desarrollo infantil,controles repetidos en ninos de 2 anos de < 5,2006-05-01,184,184,216,400
IRUPANA (VILLA DE LANZA),nutricion y desarrollo infantil,controles repetidos en ninos de 2 anos de < 5,2006-05-01,131,131,144,275
IXIAMAS,nutricion y desarrollo infantil,controles repetidos en ninos de 2 anos de < 5,2006-05-01,70,70,38,108
JESUS DE MACHACA,nutricion y desarrollo infantil,controles repetidos en ninos de 2 anos de < 5,2006-05-01,52,52,60,112
LA ASUNTA,nutricion y desarrollo infantil,controles repetidos en ninos de 2 anos de < 5,2006-05-01,67,67,72,139
LA GUARDIA,nutricion y desarrollo infantil,controles repetidos en ninos de 2 anos de < 5,2006-05-01,177,177,218,395
LA PAZ,nutricion y desarrollo infantil,controles repetidos en ninos de 2 anos de < 5,2006-05-01,2710,2710,3387,6097
LA RIVERA,nutricion y desarrollo infantil,controles repetidos en ninos de 2 anos de < 5,2006-05-01,4,4,3,7
LAGUNILLAS,nutricion y desarrollo infantil,controles repetidos en ninos de 2 anos de < 5,2006-05-01,105,105,134,239
LAJA,nutricion y desarrollo infantil,controles repetidos en ninos de 2 anos de < 5,2006-05-01,86,86,76,162
LAS CARRERAS,nutricion y desarrollo infantil,controles repetidos en ninos de 2 anos de < 5,2006-05-01,59,59,77,136
LICOMA PAMPA,nutricion y desarrollo infantil,controles repetidos en ninos de 2 anos de < 5,2006-05-01,17,17,20,37
LLALLAGUA,nutricion y desarrollo infantil,controles repetidos en ninos de 2 anos de < 5,2006-05-01,447,447,458,905
LLICA,nutricion y desarrollo infantil,controles repetidos en ninos de 2 anos de < 5,2006-05-01,46,46,68,114
LORETO,nutricion y desarrollo infantil,controles repetidos en ninos de 2 anos de < 5,2006-05-01,29,29,44,73
LURIBAY,nutricion y desarrollo infantil,controles repetidos en ninos de 2 anos de < 5,2006-05-01,145,145,170,315
MACHACAMARCA,nutricion y desarrollo infantil,controles repetidos en ninos de 2 anos de < 5,2006-05-01,9,9,7,16
MACHARETI,nutricion y desarrollo infantil,controles repetidos en ninos de 2 anos de < 5,2006-05-01,140,140,183,323
MAGDALENA,nutricion y desarrollo infantil,controles repetidos en ninos de 2 anos de < 5,2006-05-01,45,45,54,99
MAIRANA,nutricion y desarrollo infantil,controles repetidos en ninos de 2 anos de < 5,2006-05-01,37,37,29,66
MALLA,nutricion y desarrollo infantil,controles repetidos en ninos de 2 anos de < 5,2006-05-01,28,28,33,61
MAPIRI,nutricion y desarrollo infantil,controles repetidos en ninos de 2 anos de < 5,2006-05-01,125,125,93,218
MECAPACA,nutricion y desarrollo infantil,controles repetidos en ninos de 2 anos de < 5,2006-05-01,47,47,50,97
MINEROS,nutricion y desarrollo infantil,controles repetidos en ninos de 2 anos de < 5,2006-05-01,143,143,118,261
MIZQUE,nutricion y desarrollo infantil,controles repetidos en ninos de 2 anos de < 5,2006-05-01,116,116,136,252
MOCOMOCO,nutricion y desarrollo infantil,controles repetidos en ninos de 2 anos de < 5,2006-05-01,133,133,126,259
MOJINETE,nutricion y desarrollo infantil,controles repetidos en ninos de 2 anos de < 5,2006-05-01,15,15,12,27
MOJOCOYA,nutricion y desarrollo infantil,controles repetidos en ninos de 2 anos de < 5,2006-05-01,150,150,142,292
MONTEAGUDO,nutricion y desarrollo infantil,controles repetidos en ninos de 2 anos de < 5,2006-05-01,395,395,355,750
MONTERO,nutricion y desarrollo infantil,controles repetidos en ninos de 2 anos de < 5,2006-05-01,551,551,563,1114
MORO MORO,nutricion y desarrollo infantil,controles repetidos en ninos de 2 anos de < 5,2006-05-01,32,32,30,62
MOROCHATA,nutricion y desarrollo infantil,controles repetidos en ninos de 2 anos de < 5,2006-05-01,75,75,81,156
NACEBE (SANTA ROSA DEL ABUNA),nutricion y desarrollo infantil,controles repetidos en ninos de 2 anos de < 5,2006-05-01,18,18,15,33
NAZACARA DE PACAJES,nutricion y desarrollo infantil,controles repetidos en ninos de 2 anos de < 5,2006-05-01,12,12,1,13
NUEVO MANOA (NUEVA ESPERANZA),nutricion y desarrollo infantil,controles repetidos en ninos de 2 anos de < 5,2006-05-01,19,19,16,35
OCURI,nutricion y desarrollo infantil,controles repetidos en ninos de 2 anos de < 5,2006-05-01,212,212,217,429
OKINAWA,nutricion y desarrollo infantil,controles repetidos en ninos de 2 anos de < 5,2006-05-01,45,45,45,90
OMEREQUE,nutricion y desarrollo infantil,controles repetidos en ninos de 2 anos de < 5,2006-05-01,28,28,37,65
ORURO,nutricion y desarrollo infantil,controles repetidos en ninos de 2 anos de < 5,2006-05-01,916,916,843,1759
PADCAYA,nutricion y desarrollo infantil,controles repetidos en ninos de 2 anos de < 5,2006-05-01,215,215,239,454
PADILLA,nutricion y desarrollo infantil,controles repetidos en ninos de 2 anos de < 5,2006-05-01,332,332,301,633
PAILON,nutricion y desarrollo infantil,controles repetidos en ninos de 2 anos de < 5,2006-05-01,100,100,110,210
PALCA,nutricion y desarrollo infantil,controles repetidos en ninos de 2 anos de < 5,2006-05-01,38,38,30,68
PALOS BLANCOS,nutricion y desarrollo infantil,controles repetidos en ninos de 2 anos de < 5,2006-05-01,236,236,230,466
PAMPA AULLAGAS,nutricion y desarrollo infantil,controles repetidos en ninos de 2 anos de < 5,2006-05-01,29,29,28,57
PAMPA GRANDE,nutricion y desarrollo infantil,controles repetidos en ninos de 2 anos de < 5,2006-05-01,38,38,49,87
PAPEL PAMPA,nutricion y desarrollo infantil,controles repetidos en ninos de 2 anos de < 5,2006-05-01,30,30,28,58
PASORAPA,nutricion y desarrollo infantil,controles repetidos en ninos de 2 anos de < 5,2006-05-01,73,73,65,138
PATACAMAYA,nutricion y desarrollo infantil,controles repetidos en ninos de 2 anos de < 5,2006-05-01,134,134,150,284
PAZÑA,nutricion y desarrollo infantil,controles repetidos en ninos de 2 anos de < 5,2006-05-01,30,30,38,68
PELECHUCO,nutricion y desarrollo infantil,controles repetidos en ninos de 2 anos de < 5,2006-05-01,44,44,61,105
POCOATA,nutricion y desarrollo infantil,controles repetidos en ninos de 2 anos de < 5,2006-05-01,242,242,265,507
POCONA,nutricion y desarrollo infantil,controles repetidos en ninos de 2 anos de < 5,2006-05-01,48,48,46,94
POJO (CBBA),nutricion y desarrollo infantil,controles repetidos en ninos de 2 anos de < 5,2006-05-01,67,67,72,139
POOPO,nutricion y desarrollo infantil,controles repetidos en ninos de 2 anos de < 5,2006-05-01,30,30,28,58
PORCO,nutricion y desarrollo infantil,controles repetidos en ninos de 2 anos de < 5,2006-05-01,90,90,80,170
POROMA,nutricion y desarrollo infantil,controles repetidos en ninos de 2 anos de < 5,2006-05-01,207,207,196,403
PORONGO,nutricion y desarrollo infantil,controles repetidos en ninos de 2 anos de < 5,2006-05-01,18,18,22,40
PORTACHUELO,nutricion y desarrollo infantil,controles repetidos en ninos de 2 anos de < 5,2006-05-01,95,95,96,191
PORVENIR,nutricion y desarrollo infantil,controles repetidos en ninos de 2 anos de < 5,2006-05-01,26,26,26,52
POSTRER VALLE,nutricion y desarrollo infantil,controles repetidos en ninos de 2 anos de < 5,2006-05-01,14,14,29,43
POTOSI,nutricion y desarrollo infantil,controles repetidos en ninos de 2 anos de < 5,2006-05-01,831,831,802,1633
PRESTO,nutricion y desarrollo infantil,controles repetidos en ninos de 2 anos de < 5,2006-05-01,190,190,176,366
PUCARA,nutricion y desarrollo infantil,controles repetidos en ninos de 2 anos de < 5,2006-05-01,1,1,0,1
PUCARANI,nutricion y desarrollo infantil,controles repetidos en ninos de 2 anos de < 5,2006-05-01,106,106,74,180
PUERTO ACOSTA,nutricion y desarrollo infantil,controles repetidos en ninos de 2 anos de < 5,2006-05-01,122,122,119,241
PUERTO CARABUCO,nutricion y desarrollo infantil,controles repetidos en ninos de 2 anos de < 5,2006-05-01,90,90,105,195
PUERTO GONZALO MORENO,nutricion y desarrollo infantil,controles repetidos en ninos de 2 anos de < 5,2006-05-01,45,45,40,85
PUERTO PEREZ,nutricion y desarrollo infantil,controles repetidos en ninos de 2 anos de < 5,2006-05-01,69,69,56,125
PUERTO QUIJARRO,nutricion y desarrollo infantil,controles repetidos en ninos de 2 anos de < 5,2006-05-01,22,22,20,42
PUERTO RICO,nutricion y desarrollo infantil,controles repetidos en ninos de 2 anos de < 5,2006-05-01,50,50,45,95
PUERTO SILES,nutricion y desarrollo infantil,controles repetidos en ninos de 2 anos de < 5,2006-05-01,4,4,2,6
PUERTO SUAREZ,nutricion y desarrollo infantil,controles repetidos en ninos de 2 anos de < 5,2006-05-01,30,30,38,68
PUERTO VILLARROEL,nutricion y desarrollo infantil,controles repetidos en ninos de 2 anos de < 5,2006-05-01,121,121,109,230
PUNA,nutricion y desarrollo infantil,controles repetidos en ninos de 2 anos de < 5,2006-05-01,353,353,353,706
PUNATA,nutricion y desarrollo infantil,controles repetidos en ninos de 2 anos de < 5,2006-05-01,56,56,54,110
QUIABAYA,nutricion y desarrollo infantil,controles repetidos en ninos de 2 anos de < 5,2006-05-01,19,19,7,26
QUILLACOLLO,nutricion y desarrollo infantil,controles repetidos en ninos de 2 anos de < 5,2006-05-01,70,70,82,152
QUIME,nutricion y desarrollo infantil,controles repetidos en ninos de 2 anos de < 5,2006-05-01,97,97,106,203
QUIRUSILLAS,nutricion y desarrollo infantil,controles repetidos en ninos de 2 anos de < 5,2006-05-01,4,4,5,9
RAVELO,nutricion y desarrollo infantil,controles repetidos en ninos de 2 anos de < 5,2006-05-01,414,414,434,848
REYES,nutricion y desarrollo infantil,controles repetidos en ninos de 2 anos de < 5,2006-05-01,160,160,180,340
RIBERALTA,nutricion y desarrollo infantil,controles repetidos en ninos de 2 anos de < 5,2006-05-01,326,326,309,635
ROBORE,nutricion y desarrollo infantil,controles repetidos en ninos de 2 anos de < 5,2006-05-01,75,75,77,152
RURRENABAQUE,nutricion y desarrollo infantil,controles repetidos en ninos de 2 anos de < 5,2006-05-01,37,37,31,68
SABAYA,nutricion y desarrollo infantil,controles repetidos en ninos de 2 anos de < 5,2006-05-01,16,16,11,27
SACABA,nutricion y desarrollo infantil,controles repetidos en ninos de 2 anos de < 5,2006-05-01,223,223,203,426
SACABAMBA,nutricion y desarrollo infantil,controles repetidos en ninos de 2 anos de < 5,2006-05-01,20,20,28,48
SACACA,nutricion y desarrollo infantil,controles repetidos en ninos de 2 anos de < 5,2006-05-01,514,514,404,918
SAIPINA,nutricion y desarrollo infantil,controles repetidos en ninos de 2 anos de < 5,2006-05-01,55,55,69,124
SALINAS DE GARCI MENDOZA,nutricion y desarrollo infantil,controles repetidos en ninos de 2 anos de < 5,2006-05-01,131,131,97,228
SAMAIPATA,nutricion y desarrollo infantil,controles repetidos en ninos de 2 anos de < 5,2006-05-01,64,64,62,126
SAN AGUSTIN,nutricion y desarrollo infantil,controles repetidos en ninos de 2 anos de < 5,2006-05-01,43,43,44,87
SAN ANDRES,nutricion y desarrollo infantil,controles repetidos en ninos de 2 anos de < 5,2006-05-01,84,84,86,170
SAN ANDRES DE MACHACA,nutricion y desarrollo infantil,controles repetidos en ninos de 2 anos de < 5,2006-05-01,24,24,25,49
SAN ANTONIO DE ESMORUCO,nutricion y desarrollo infantil,controles repetidos en ninos de 2 anos de < 5,2006-05-01,5,5,11,16
SAN ANTONIO DE LOMERIO,nutricion y desarrollo infantil,controles repetidos en ninos de 2 anos de < 5,2006-05-01,78,78,81,159
SAN BENITO,nutricion y desarrollo infantil,controles repetidos en ninos de 2 anos de < 5,2006-05-01,48,48,51,99
SAN BORJA,nutricion y desarrollo infantil,controles repetidos en ninos de 2 anos de < 5,2006-05-01,236,236,213,449
SAN BUENA VENTURA,nutricion y desarrollo infantil,controles repetidos en ninos de 2 anos de < 5,2006-05-01,38,38,51,89
SAN CARLOS,nutricion y desarrollo infantil,controles repetidos en ninos de 2 anos de < 5,2006-05-01,93,93,116,209
SAN IGNACIO,nutricion y desarrollo infantil,controles repetidos en ninos de 2 anos de < 5,2006-05-01,268,268,227,495
SAN IGNACIO DE VELASCO,nutricion y desarrollo infantil,controles repetidos en ninos de 2 anos de < 5,2006-05-01,418,418,404,822
SAN JAVIER(BNI),nutricion y desarrollo infantil,controles repetidos en ninos de 2 anos de < 5,2006-05-01,33,33,26,59
SAN JAVIER(STC),nutricion y desarrollo infantil,controles repetidos en ninos de 2 anos de < 5,2006-05-01,15,15,18,33
SAN JOAQUIN,nutricion y desarrollo infantil,controles repetidos en ninos de 2 anos de < 5,2006-05-01,40,40,40,80
SAN JOSE DE CHIQUITOS,nutricion y desarrollo infantil,controles repetidos en ninos de 2 anos de < 5,2006-05-01,75,75,73,148
SAN JUAN DE YAPACANI,nutricion y desarrollo infantil,controles repetidos en ninos de 2 anos de < 5,2006-05-01,92,92,63,155
SAN JULIAN,nutricion y desarrollo infantil,controles repetidos en ninos de 2 anos de < 5,2006-05-01,95,95,79,174
SAN LORENZO(PND),nutricion y desarrollo infantil,controles repetidos en ninos de 2 anos de < 5,2006-05-01,50,50,42,92
SAN LORENZO(TJA),nutricion y desarrollo infantil,controles repetidos en ninos de 2 anos de < 5,2006-05-01,198,198,199,397
SAN LUCAS,nutricion y desarrollo infantil,controles repetidos en ninos de 2 anos de < 5,2006-05-01,635,635,718,1353
SAN MATIAS,nutricion y desarrollo infantil,controles repetidos en ninos de 2 anos de < 5,2006-05-01,110,110,104,214
SAN MIGUEL DE VELASCO,nutricion y desarrollo infantil,controles repetidos en ninos de 2 anos de < 5,2006-05-01,54,54,58,112
SAN PABLO DE LIPEZ,nutricion y desarrollo infantil,controles repetidos en ninos de 2 anos de < 5,2006-05-01,32,32,45,77
SAN PEDRO,nutricion y desarrollo infantil,controles repetidos en ninos de 2 anos de < 5,2006-05-01,70,70,67,137
SAN PEDRO DE BUENA VISTA,nutricion y desarrollo infantil,controles repetidos en ninos de 2 anos de < 5,2006-05-01,356,356,355,711
SAN PEDRO DE CURAHUARA,nutricion y desarrollo infantil,controles repetidos en ninos de 2 anos de < 5,2006-05-01,51,51,54,105
SAN PEDRO DE QUEMES,nutricion y desarrollo infantil,controles repetidos en ninos de 2 anos de < 5,2006-05-01,1,1,3,4
SAN PEDRO DE TIQUINA,nutricion y desarrollo infantil,controles repetidos en ninos de 2 anos de < 5,2006-05-01,16,16,14,30
SAN PEDRO(PND),nutricion y desarrollo infantil,controles repetidos en ninos de 2 anos de < 5,2006-05-01,7,7,8,15
SAN RAFAEL,nutricion y desarrollo infantil,controles repetidos en ninos de 2 anos de < 5,2006-05-01,23,23,27,50
SAN RAMON,nutricion y desarrollo infantil,controles repetidos en ninos de 2 anos de < 5,2006-05-01,44,44,34,78
SAN RAMON,nutricion y desarrollo infantil,controles repetidos en ninos de 2 anos de < 5,2006-05-01,31,31,35,66
SANTA ANA,nutricion y desarrollo infantil,controles repetidos en ninos de 2 anos de < 5,2006-05-01,98,98,108,206
SANTA CRUZ DE LA SIERRA,nutricion y desarrollo infantil,controles repetidos en ninos de 2 anos de < 5,2006-05-01,1975,1975,1775,3750
SANTA ROSA,nutricion y desarrollo infantil,controles repetidos en ninos de 2 anos de < 5,2006-05-01,40,40,51,91
SANTA ROSA DEL SARA,nutricion y desarrollo infantil,controles repetidos en ninos de 2 anos de < 5,2006-05-01,86,86,100,186
SANTIAGO DE CALLAPA,nutricion y desarrollo infantil,controles repetidos en ninos de 2 anos de < 5,2006-05-01,42,42,42,84
SANTIAGO DE HUARI,nutricion y desarrollo infantil,controles repetidos en ninos de 2 anos de < 5,2006-05-01,75,75,90,165
SANTIAGO DE MACHACA,nutricion y desarrollo infantil,controles repetidos en ninos de 2 anos de < 5,2006-05-01,39,39,43,82
SANTIVAÑES,nutricion y desarrollo infantil,controles repetidos en ninos de 2 anos de < 5,2006-05-01,53,53,50,103
SANTUARIO DE QUILLACAS,nutricion y desarrollo infantil,controles repetidos en ninos de 2 anos de < 5,2006-05-01,20,20,17,37
SAPAHAQUI,nutricion y desarrollo infantil,controles repetidos en ninos de 2 anos de < 5,2006-05-01,110,110,104,214
SENA,nutricion y desarrollo infantil,controles repetidos en ninos de 2 anos de < 5,2006-05-01,82,82,79,161
SICA SICA (VILLA AROMA),nutricion y desarrollo infantil,controles repetidos en ninos de 2 anos de < 5,2006-05-01,65,65,62,127
SICAYA,nutricion y desarrollo infantil,controles repetidos en ninos de 2 anos de < 5,2006-05-01,22,22,16,38
SIPE SIPE,nutricion y desarrollo infantil,controles repetidos en ninos de 2 anos de < 5,2006-05-01,175,175,103,278
SOPACHUY,nutricion y desarrollo infantil,controles repetidos en ninos de 2 anos de < 5,2006-05-01,199,199,216,415
SORACACHI,nutricion y desarrollo infantil,controles repetidos en ninos de 2 anos de < 5,2006-05-01,62,62,77,139
SORATA,nutricion y desarrollo infantil,controles repetidos en ninos de 2 anos de < 5,2006-05-01,84,84,82,166
SUCRE,nutricion y desarrollo infantil,controles repetidos en ninos de 2 anos de < 5,2006-05-01,1107,1107,1077,2184
TACACHI,nutricion y desarrollo infantil,controles repetidos en ninos de 2 anos de < 5,2006-05-01,4,4,4,8
TACACOMA,nutricion y desarrollo infantil,controles repetidos en ninos de 2 anos de < 5,2006-05-01,11,11,8,19
TACOBAMBA,nutricion y desarrollo infantil,controles repetidos en ninos de 2 anos de < 5,2006-05-01,137,137,96,233
TACOPAYA,nutricion y desarrollo infantil,controles repetidos en ninos de 2 anos de < 5,2006-05-01,64,64,91,155
TAHUA,nutricion y desarrollo infantil,controles repetidos en ninos de 2 anos de < 5,2006-05-01,10,10,12,22
TAPACARI,nutricion y desarrollo infantil,controles repetidos en ninos de 2 anos de < 5,2006-05-01,154,154,120,274
TARABUCO,nutricion y desarrollo infantil,controles repetidos en ninos de 2 anos de < 5,2006-05-01,479,479,475,954
TARACO,nutricion y desarrollo infantil,controles repetidos en ninos de 2 anos de < 5,2006-05-01,27,27,33,60
TARATA,nutricion y desarrollo infantil,controles repetidos en ninos de 2 anos de < 5,2006-05-01,20,20,9,29
TARIJA,nutricion y desarrollo infantil,controles repetidos en ninos de 2 anos de < 5,2006-05-01,769,769,938,1707
TARVITA,nutricion y desarrollo infantil,controles repetidos en ninos de 2 anos de < 5,2006-05-01,443,443,387,830
TEOPONTE,nutricion y desarrollo infantil,controles repetidos en ninos de 2 anos de < 5,2006-05-01,94,94,86,180
TIAWANACU,nutricion y desarrollo infantil,controles repetidos en ninos de 2 anos de < 5,2006-05-01,76,76,73,149
TINGUIPAYA,nutricion y desarrollo infantil,controles repetidos en ninos de 2 anos de < 5,2006-05-01,260,260,245,505
TIPUANI,nutricion y desarrollo infantil,controles repetidos en ninos de 2 anos de < 5,2006-05-01,63,63,55,118
TIQUIPAYA,nutricion y desarrollo infantil,controles repetidos en ninos de 2 anos de < 5,2006-05-01,97,97,97,194
TIRAQUE (CBBA),nutricion y desarrollo infantil,controles repetidos en ninos de 2 anos de < 5,2006-05-01,108,108,101,209
TITO YUPANQUI (PARQUIPUJIO),nutricion y desarrollo infantil,controles repetidos en ninos de 2 anos de < 5,2006-05-01,9,9,14,23
TOCO,nutricion y desarrollo infantil,controles repetidos en ninos de 2 anos de < 5,2006-05-01,17,17,5,22
TOLATA,nutricion y desarrollo infantil,controles repetidos en ninos de 2 anos de < 5,2006-05-01,4,4,3,7
TOLEDO,nutricion y desarrollo infantil,controles repetidos en ninos de 2 anos de < 5,2006-05-01,26,26,27,53
TOMAVE,nutricion y desarrollo infantil,controles repetidos en ninos de 2 anos de < 5,2006-05-01,117,117,84,201
TOMINA,nutricion y desarrollo infantil,controles repetidos en ninos de 2 anos de < 5,2006-05-01,237,237,249,486
TORO TORO,nutricion y desarrollo infantil,controles repetidos en ninos de 2 anos de < 5,2006-05-01,190,190,227,417
TOTORA(CBBA),nutricion y desarrollo infantil,controles repetidos en ninos de 2 anos de < 5,2006-05-01,63,63,76,139
TOTORA(ORR),nutricion y desarrollo infantil,controles repetidos en ninos de 2 anos de < 5,2006-05-01,21,21,26,47
TRIGAL,nutricion y desarrollo infantil,controles repetidos en ninos de 2 anos de < 5,2006-05-01,9,9,9,18
TRINIDAD,nutricion y desarrollo infantil,controles repetidos en ninos de 2 anos de < 5,2006-05-01,260,260,255,515
TUPIZA,nutricion y desarrollo infantil,controles repetidos en ninos de 2 anos de < 5,2006-05-01,357,357,379,736
TURCO,nutricion y desarrollo infantil,controles repetidos en ninos de 2 anos de < 5,2006-05-01,34,34,21,55
UMALA,nutricion y desarrollo infantil,controles repetidos en ninos de 2 anos de < 5,2006-05-01,22,22,22,44
UNCIA,nutricion y desarrollo infantil,controles repetidos en ninos de 2 anos de < 5,2006-05-01,88,88,72,160
URIONDO (A. CONCEPCION),nutricion y desarrollo infantil,controles repetidos en ninos de 2 anos de < 5,2006-05-01,167,167,179,346
UYUNI,nutricion y desarrollo infantil,controles repetidos en ninos de 2 anos de < 5,2006-05-01,155,155,148,303
VACAS,nutricion y desarrollo infantil,controles repetidos en ninos de 2 anos de < 5,2006-05-01,35,35,25,60
VALLEGRANDE,nutricion y desarrollo infantil,controles repetidos en ninos de 2 anos de < 5,2006-05-01,101,101,101,202
VIACHA,nutricion y desarrollo infantil,controles repetidos en ninos de 2 anos de < 5,2006-05-01,203,203,187,390
VILA VILA,nutricion y desarrollo infantil,controles repetidos en ninos de 2 anos de < 5,2006-05-01,10,10,11,21
VILLA MONTES,nutricion y desarrollo infantil,controles repetidos en ninos de 2 anos de < 5,2006-05-01,164,164,215,379
VILLA NUEVA (LOMA ALTA),nutricion y desarrollo infantil,controles repetidos en ninos de 2 anos de < 5,2006-05-01,27,27,34,61
VILLA RIVERO,nutricion y desarrollo infantil,controles repetidos en ninos de 2 anos de < 5,2006-05-01,37,37,16,53
VILLA SERRANO,nutricion y desarrollo infantil,controles repetidos en ninos de 2 anos de < 5,2006-05-01,298,298,306,604
VILLA TUNARI,nutricion y desarrollo infantil,controles repetidos en ninos de 2 anos de < 5,2006-05-01,250,250,198,448
VILLA VACA GUZMAN (MUYUPAMPA),nutricion y desarrollo infantil,controles repetidos en ninos de 2 anos de < 5,2006-05-01,161,161,215,376
VILLAZON,nutricion y desarrollo infantil,controles repetidos en ninos de 2 anos de < 5,2006-05-01,297,297,324,621
VINTO,nutricion y desarrollo infantil,controles repetidos en ninos de 2 anos de < 5,2006-05-01,59,59,54,113
VITICHI,nutricion y desarrollo infantil,controles repetidos en ninos de 2 anos de < 5,2006-05-01,118,118,124,242
WALDO BALLIVIAN,nutricion y desarrollo infantil,controles repetidos en ninos de 2 anos de < 5,2006-05-01,7,7,12,19
WARNES,nutricion y desarrollo infantil,controles repetidos en ninos de 2 anos de < 5,2006-05-01,141,141,144,285
YACO,nutricion y desarrollo infantil,controles repetidos en ninos de 2 anos de < 5,2006-05-01,44,44,48,92
YACUIBA,nutricion y desarrollo infantil,controles repetidos en ninos de 2 anos de < 5,2006-05-01,281,281,242,523
YAMPARAEZ,nutricion y desarrollo infantil,controles repetidos en ninos de 2 anos de < 5,2006-05-01,277,277,261,538
YANACACHI,nutricion y desarrollo infantil,controles repetidos en ninos de 2 anos de < 5,2006-05-01,34,34,17,51
YAPACANI,nutricion y desarrollo infantil,controles repetidos en ninos de 2 anos de < 5,2006-05-01,229,229,250,479
YOCALLA,nutricion y desarrollo infantil,controles repetidos en ninos de 2 anos de < 5,2006-05-01,54,54,58,112
YOTALA,nutricion y desarrollo infantil,controles repetidos en ninos de 2 anos de < 5,2006-05-01,161,161,187,348
YUNCHARA,nutricion y desarrollo infantil,controles repetidos en ninos de 2 anos de < 5,2006-05-01,102,102,97,199
ZUDAÑEZ,nutricion y desarrollo infantil,controles repetidos en ninos de 2 anos de < 5,2006-05-01,171,171,172,343
ACACIO,nutricion y desarrollo infantil,controles repetidos en ninos de 2 anos de < 5,2006-06-01,100,100,120,220
ACHACACHI,nutricion y desarrollo infantil,controles repetidos en ninos de 2 anos de < 5,2006-06-01,272,272,252,524
ACHOCALLA,nutricion y desarrollo infantil,controles repetidos en ninos de 2 anos de < 5,2006-06-01,28,28,15,43
AIQUILE,nutricion y desarrollo infantil,controles repetidos en ninos de 2 anos de < 5,2006-06-01,93,93,82,175
ALALAY,nutricion y desarrollo infantil,controles repetidos en ninos de 2 anos de < 5,2006-06-01,29,29,25,54
ALCALA,nutricion y desarrollo infantil,controles repetidos en ninos de 2 anos de < 5,2006-06-01,82,82,76,158
ANCORAIMES,nutricion y desarrollo infantil,controles repetidos en ninos de 2 anos de < 5,2006-06-01,97,97,98,195
ANDAMARCA,nutricion y desarrollo infantil,controles repetidos en ninos de 2 anos de < 5,2006-06-01,35,35,22,57
ANTEQUERA,nutricion y desarrollo infantil,controles repetidos en ninos de 2 anos de < 5,2006-06-01,20,20,20,40
ANZALDO,nutricion y desarrollo infantil,controles repetidos en ninos de 2 anos de < 5,2006-06-01,13,13,18,31
APOLO,nutricion y desarrollo infantil,controles repetidos en ninos de 2 anos de < 5,2006-06-01,103,103,106,209
ARAMPAMPA,nutricion y desarrollo infantil,controles repetidos en ninos de 2 anos de < 5,2006-06-01,100,100,89,189
ARANI,nutricion y desarrollo infantil,controles repetidos en ninos de 2 anos de < 5,2006-06-01,13,13,12,25
ARBIETO,nutricion y desarrollo infantil,controles repetidos en ninos de 2 anos de < 5,2006-06-01,15,15,15,30
ARQUE,nutricion y desarrollo infantil,controles repetidos en ninos de 2 anos de < 5,2006-06-01,50,50,55,105
ASCENCION DE GUARAYOS,nutricion y desarrollo infantil,controles repetidos en ninos de 2 anos de < 5,2006-06-01,377,377,387,764
ATOCHA,nutricion y desarrollo infantil,controles repetidos en ninos de 2 anos de < 5,2006-06-01,147,147,139,286
AUCAPATA,nutricion y desarrollo infantil,controles repetidos en ninos de 2 anos de < 5,2006-06-01,54,54,51,105
AYATA,nutricion y desarrollo infantil,controles repetidos en ninos de 2 anos de < 5,2006-06-01,70,70,49,119
AYO AYO,nutricion y desarrollo infantil,controles repetidos en ninos de 2 anos de < 5,2006-06-01,30,30,23,53
AYOPAYA (V. DE INDEPENDENCIA),nutricion y desarrollo infantil,controles repetidos en ninos de 2 anos de < 5,2006-06-01,144,144,179,323
AZURDUY,nutricion y desarrollo infantil,controles repetidos en ninos de 2 anos de < 5,2006-06-01,341,341,318,659
BATALLAS,nutricion y desarrollo infantil,controles repetidos en ninos de 2 anos de < 5,2006-06-01,79,79,77,156
BAURES,nutricion y desarrollo infantil,controles repetidos en ninos de 2 anos de < 5,2006-06-01,42,42,47,89
BELEN DE ANDAMARCA,nutricion y desarrollo infantil,controles repetidos en ninos de 2 anos de < 5,2006-06-01,9,9,8,17
BELEN DE URMIRI,nutricion y desarrollo infantil,controles repetidos en ninos de 2 anos de < 5,2006-06-01,11,11,13,24
BELLA FLOR,nutricion y desarrollo infantil,controles repetidos en ninos de 2 anos de < 5,2006-06-01,20,20,29,49
BERMEJO,nutricion y desarrollo infantil,controles repetidos en ninos de 2 anos de < 5,2006-06-01,79,79,87,166
BETANZOS,nutricion y desarrollo infantil,controles repetidos en ninos de 2 anos de < 5,2006-06-01,259,259,278,537
BOLIVAR,nutricion y desarrollo infantil,controles repetidos en ninos de 2 anos de < 5,2006-06-01,61,61,64,125
BOLPEBRA,nutricion y desarrollo infantil,controles repetidos en ninos de 2 anos de < 5,2006-06-01,10,10,7,17
BOYUIBE,nutricion y desarrollo infantil,controles repetidos en ninos de 2 anos de < 5,2006-06-01,43,43,38,81
BUENA VISTA,nutricion y desarrollo infantil,controles repetidos en ninos de 2 anos de < 5,2006-06-01,129,129,151,280
CABEZAS,nutricion y desarrollo infantil,controles repetidos en ninos de 2 anos de < 5,2006-06-01,102,102,85,187
CAIROMA,nutricion y desarrollo infantil,controles repetidos en ninos de 2 anos de < 5,2006-06-01,116,116,137,253
"CAIZA ""D""",nutricion y desarrollo infantil,controles repetidos en ninos de 2 anos de < 5,2006-06-01,115,115,120,235
CAJUATA,nutricion y desarrollo infantil,controles repetidos en ninos de 2 anos de < 5,2006-06-01,31,31,41,72
CALACOTO,nutricion y desarrollo infantil,controles repetidos en ninos de 2 anos de < 5,2006-06-01,37,37,29,66
CALAMARCA,nutricion y desarrollo infantil,controles repetidos en ninos de 2 anos de < 5,2006-06-01,134,134,131,265
CAMARGO,nutricion y desarrollo infantil,controles repetidos en ninos de 2 anos de < 5,2006-06-01,224,224,183,407
CAMATAQUI (C. VILLA ABECIA),nutricion y desarrollo infantil,controles repetidos en ninos de 2 anos de < 5,2006-06-01,50,50,43,93
CAMIRI,nutricion y desarrollo infantil,controles repetidos en ninos de 2 anos de < 5,2006-06-01,193,193,186,379
CAPINOTA,nutricion y desarrollo infantil,controles repetidos en ninos de 2 anos de < 5,2006-06-01,96,96,105,201
CAQUIAVIRI,nutricion y desarrollo infantil,controles repetidos en ninos de 2 anos de < 5,2006-06-01,30,30,25,55
CARACOLLO,nutricion y desarrollo infantil,controles repetidos en ninos de 2 anos de < 5,2006-06-01,41,41,41,82
CARANAVI,nutricion y desarrollo infantil,controles repetidos en ninos de 2 anos de < 5,2006-06-01,321,321,336,657
CARAPARI,nutricion y desarrollo infantil,controles repetidos en ninos de 2 anos de < 5,2006-06-01,114,114,100,214
CARIPUYO,nutricion y desarrollo infantil,controles repetidos en ninos de 2 anos de < 5,2006-06-01,94,94,99,193
CARMEN RIVERO TORREZ,nutricion y desarrollo infantil,controles repetidos en ninos de 2 anos de < 5,2006-06-01,28,28,25,53
CATACORA,nutricion y desarrollo infantil,controles repetidos en ninos de 2 anos de < 5,2006-06-01,1,1,0,1
CHACARILLA,nutricion y desarrollo infantil,controles repetidos en ninos de 2 anos de < 5,2006-06-01,10,10,22,32
CHALLAPATA,nutricion y desarrollo infantil,controles repetidos en ninos de 2 anos de < 5,2006-06-01,139,139,139,278
CHAQUI,nutricion y desarrollo infantil,controles repetidos en ninos de 2 anos de < 5,2006-06-01,58,58,72,130
CHARAGUA,nutricion y desarrollo infantil,controles repetidos en ninos de 2 anos de < 5,2006-06-01,185,185,205,390
CHARAÑA,nutricion y desarrollo infantil,controles repetidos en ninos de 2 anos de < 5,2006-06-01,12,12,14,26
CHAYANTA,nutricion y desarrollo infantil,controles repetidos en ninos de 2 anos de < 5,2006-06-01,187,187,198,385
CHIMORE,nutricion y desarrollo infantil,controles repetidos en ninos de 2 anos de < 5,2006-06-01,35,35,21,56
CHIPAYA,nutricion y desarrollo infantil,controles repetidos en ninos de 2 anos de < 5,2006-06-01,20,20,23,43
CHOQUE COTA,nutricion y desarrollo infantil,controles repetidos en ninos de 2 anos de < 5,2006-06-01,10,10,6,16
CHULUMANI (V. DE LA LIBERTAD),nutricion y desarrollo infantil,controles repetidos en ninos de 2 anos de < 5,2006-06-01,18,18,21,39
CHUMA,nutricion y desarrollo infantil,controles repetidos en ninos de 2 anos de < 5,2006-06-01,40,40,34,74
CLIZA,nutricion y desarrollo infantil,controles repetidos en ninos de 2 anos de < 5,2006-06-01,49,49,41,90
COBIJA,nutricion y desarrollo infantil,controles repetidos en ninos de 2 anos de < 5,2006-06-01,204,204,215,419
COCHABAMBA,nutricion y desarrollo infantil,controles repetidos en ninos de 2 anos de < 5,2006-06-01,1194,1194,1012,2206
COIPASA,nutricion y desarrollo infantil,controles repetidos en ninos de 2 anos de < 5,2006-06-01,3,3,3,6
COLCAPIRHUA,nutricion y desarrollo infantil,controles repetidos en ninos de 2 anos de < 5,2006-06-01,36,36,56,92
"COLCHA ""K""",nutricion y desarrollo infantil,controles repetidos en ninos de 2 anos de < 5,2006-06-01,133,133,147,280
COLLANA,nutricion y desarrollo infantil,controles repetidos en ninos de 2 anos de < 5,2006-06-01,12,12,13,25
COLOMI,nutricion y desarrollo infantil,controles repetidos en ninos de 2 anos de < 5,2006-06-01,44,44,59,103
COLPA BELGICA,nutricion y desarrollo infantil,controles repetidos en ninos de 2 anos de < 5,2006-06-01,54,54,46,100
COLQUECHACA,nutricion y desarrollo infantil,controles repetidos en ninos de 2 anos de < 5,2006-06-01,531,531,430,961
COLQUENCHA,nutricion y desarrollo infantil,controles repetidos en ninos de 2 anos de < 5,2006-06-01,41,41,32,73
COLQUIRI,nutricion y desarrollo infantil,controles repetidos en ninos de 2 anos de < 5,2006-06-01,87,87,117,204
COMANCHE,nutricion y desarrollo infantil,controles repetidos en ninos de 2 anos de < 5,2006-06-01,21,21,17,38
COMARAPA,nutricion y desarrollo infantil,controles repetidos en ninos de 2 anos de < 5,2006-06-01,71,71,83,154
COMBAYA,nutricion y desarrollo infantil,controles repetidos en ninos de 2 anos de < 5,2006-06-01,4,4,4,8
CONCEPCION,nutricion y desarrollo infantil,controles repetidos en ninos de 2 anos de < 5,2006-06-01,39,39,35,74
COPACABANA,nutricion y desarrollo infantil,controles repetidos en ninos de 2 anos de < 5,2006-06-01,103,103,101,204
CORIPATA,nutricion y desarrollo infantil,controles repetidos en ninos de 2 anos de < 5,2006-06-01,68,68,62,130
CORO CORO,nutricion y desarrollo infantil,controles repetidos en ninos de 2 anos de < 5,2006-06-01,60,60,49,109
COROICO,nutricion y desarrollo infantil,controles repetidos en ninos de 2 anos de < 5,2006-06-01,59,59,49,108
CORQUE,nutricion y desarrollo infantil,controles repetidos en ninos de 2 anos de < 5,2006-06-01,30,30,25,55
COTAGAITA,nutricion y desarrollo infantil,controles repetidos en ninos de 2 anos de < 5,2006-06-01,344,344,280,624
COTOCA,nutricion y desarrollo infantil,controles repetidos en ninos de 2 anos de < 5,2006-06-01,197,197,200,397
CUATRO CAÑADAS,nutricion y desarrollo infantil,controles repetidos en ninos de 2 anos de < 5,2006-06-01,61,61,44,105
CUCHUMUELA (V. G. VILLARROEL),nutricion y desarrollo infantil,controles repetidos en ninos de 2 anos de < 5,2006-06-01,6,6,5,11
CUEVO,nutricion y desarrollo infantil,controles repetidos en ninos de 2 anos de < 5,2006-06-01,60,60,76,136
CULPINA,nutricion y desarrollo infantil,controles repetidos en ninos de 2 anos de < 5,2006-06-01,266,266,291,557
CURAHUARA DE CARANGAS,nutricion y desarrollo infantil,controles repetidos en ninos de 2 anos de < 5,2006-06-01,46,46,30,76
CURVA,nutricion y desarrollo infantil,controles repetidos en ninos de 2 anos de < 5,2006-06-01,20,20,10,30
DESAGUADERO,nutricion y desarrollo infantil,controles repetidos en ninos de 2 anos de < 5,2006-06-01,28,28,16,44
EL ALTO,nutricion y desarrollo infantil,controles repetidos en ninos de 2 anos de < 5,2006-06-01,2153,2153,1945,4098
EL CHORO,nutricion y desarrollo infantil,controles repetidos en ninos de 2 anos de < 5,2006-06-01,16,16,19,35
EL PUENTE(STC),nutricion y desarrollo infantil,controles repetidos en ninos de 2 anos de < 5,2006-06-01,103,103,103,206
EL PUENTE(TJA),nutricion y desarrollo infantil,controles repetidos en ninos de 2 anos de < 5,2006-06-01,124,124,116,240
EL TORNO,nutricion y desarrollo infantil,controles repetidos en ninos de 2 anos de < 5,2006-06-01,106,106,92,198
EL VILLAR,nutricion y desarrollo infantil,controles repetidos en ninos de 2 anos de < 5,2006-06-01,113,113,111,224
ENTRE RIOS,nutricion y desarrollo infantil,controles repetidos en ninos de 2 anos de < 5,2006-06-01,239,239,224,463
ENTRE RIOS,nutricion y desarrollo infantil,controles repetidos en ninos de 2 anos de < 5,2006-06-01,156,156,153,309
ESCARA,nutricion y desarrollo infantil,controles repetidos en ninos de 2 anos de < 5,2006-06-01,1,1,1,2
EUCALIPTUS,nutricion y desarrollo infantil,controles repetidos en ninos de 2 anos de < 5,2006-06-01,43,43,37,80
EUREKA (SANTOS MERCADO),nutricion y desarrollo infantil,controles repetidos en ninos de 2 anos de < 5,2006-06-01,6,6,3,9
EXALTACION,nutricion y desarrollo infantil,controles repetidos en ninos de 2 anos de < 5,2006-06-01,36,36,35,71
FERNANDEZ ALONSO,nutricion y desarrollo infantil,controles repetidos en ninos de 2 anos de < 5,2006-06-01,133,133,143,276
FILADELFIA,nutricion y desarrollo infantil,controles repetidos en ninos de 2 anos de < 5,2006-06-01,13,13,13,26
GENERAL SAAVEDRA,nutricion y desarrollo infantil,controles repetidos en ninos de 2 anos de < 5,2006-06-01,170,170,135,305
GRAL. J.J. PEREZ (CHARAZANI),nutricion y desarrollo infantil,controles repetidos en ninos de 2 anos de < 5,2006-06-01,69,69,64,133
GUANAY,nutricion y desarrollo infantil,controles repetidos en ninos de 2 anos de < 5,2006-06-01,106,106,104,210
GUAQUI,nutricion y desarrollo infantil,controles repetidos en ninos de 2 anos de < 5,2006-06-01,23,23,16,39
GUAYARAMERIN,nutricion y desarrollo infantil,controles repetidos en ninos de 2 anos de < 5,2006-06-01,227,227,234,461
GUTIERREZ,nutricion y desarrollo infantil,controles repetidos en ninos de 2 anos de < 5,2006-06-01,245,245,253,498
HUACARETA,nutricion y desarrollo infantil,controles repetidos en ninos de 2 anos de < 5,2006-06-01,152,152,131,283
HUACAYA (VILLA DE HUACAYA),nutricion y desarrollo infantil,controles repetidos en ninos de 2 anos de < 5,2006-06-01,55,55,55,110
HUACHACALLA,nutricion y desarrollo infantil,controles repetidos en ninos de 2 anos de < 5,2006-06-01,9,9,9,18
HUANUNI,nutricion y desarrollo infantil,controles repetidos en ninos de 2 anos de < 5,2006-06-01,75,75,64,139
HUARACAJE,nutricion y desarrollo infantil,controles repetidos en ninos de 2 anos de < 5,2006-06-01,26,26,19,45
HUAYLLAMARCA,nutricion y desarrollo infantil,controles repetidos en ninos de 2 anos de < 5,2006-06-01,13,13,10,23
ICHOCA,nutricion y desarrollo infantil,controles repetidos en ninos de 2 anos de < 5,2006-06-01,45,45,32,77
ICLA,nutricion y desarrollo infantil,controles repetidos en ninos de 2 anos de < 5,2006-06-01,318,318,319,637
INCAHUASI,nutricion y desarrollo infantil,controles repetidos en ninos de 2 anos de < 5,2006-06-01,286,286,324,610
INGAVI (HUMAITA),nutricion y desarrollo infantil,controles repetidos en ninos de 2 anos de < 5,2006-06-01,33,33,14,47
INQUISIVI,nutricion y desarrollo infantil,controles repetidos en ninos de 2 anos de < 5,2006-06-01,104,104,104,208
IRUPANA (VILLA DE LANZA),nutricion y desarrollo infantil,controles repetidos en ninos de 2 anos de < 5,2006-06-01,122,122,139,261
IXIAMAS,nutricion y desarrollo infantil,controles repetidos en ninos de 2 anos de < 5,2006-06-01,74,74,52,126
JESUS DE MACHACA,nutricion y desarrollo infantil,controles repetidos en ninos de 2 anos de < 5,2006-06-01,64,64,57,121
LA ASUNTA,nutricion y desarrollo infantil,controles repetidos en ninos de 2 anos de < 5,2006-06-01,75,75,68,143
LA GUARDIA,nutricion y desarrollo infantil,controles repetidos en ninos de 2 anos de < 5,2006-06-01,199,199,199,398
LA PAZ,nutricion y desarrollo infantil,controles repetidos en ninos de 2 anos de < 5,2006-06-01,2096,2096,1999,4095
LA RIVERA,nutricion y desarrollo infantil,controles repetidos en ninos de 2 anos de < 5,2006-06-01,4,4,6,10
LAGUNILLAS,nutricion y desarrollo infantil,controles repetidos en ninos de 2 anos de < 5,2006-06-01,142,142,160,302
LAJA,nutricion y desarrollo infantil,controles repetidos en ninos de 2 anos de < 5,2006-06-01,58,58,55,113
LAS CARRERAS,nutricion y desarrollo infantil,controles repetidos en ninos de 2 anos de < 5,2006-06-01,88,88,102,190
LICOMA PAMPA,nutricion y desarrollo infantil,controles repetidos en ninos de 2 anos de < 5,2006-06-01,49,49,56,105
LLALLAGUA,nutricion y desarrollo infantil,controles repetidos en ninos de 2 anos de < 5,2006-06-01,811,811,915,1726
LLICA,nutricion y desarrollo infantil,controles repetidos en ninos de 2 anos de < 5,2006-06-01,38,38,34,72
LORETO,nutricion y desarrollo infantil,controles repetidos en ninos de 2 anos de < 5,2006-06-01,27,27,21,48
LURIBAY,nutricion y desarrollo infantil,controles repetidos en ninos de 2 anos de < 5,2006-06-01,102,102,96,198
MACHACAMARCA,nutricion y desarrollo infantil,controles repetidos en ninos de 2 anos de < 5,2006-06-01,6,6,6,12
MACHARETI,nutricion y desarrollo infantil,controles repetidos en ninos de 2 anos de < 5,2006-06-01,190,190,225,415
MAGDALENA,nutricion y desarrollo infantil,controles repetidos en ninos de 2 anos de < 5,2006-06-01,52,52,50,102
MAIRANA,nutricion y desarrollo infantil,controles repetidos en ninos de 2 anos de < 5,2006-06-01,72,72,62,134
MALLA,nutricion y desarrollo infantil,controles repetidos en ninos de 2 anos de < 5,2006-06-01,49,49,54,103
MAPIRI,nutricion y desarrollo infantil,controles repetidos en ninos de 2 anos de < 5,2006-06-01,92,92,74,166
MECAPACA,nutricion y desarrollo infantil,controles repetidos en ninos de 2 anos de < 5,2006-06-01,53,53,70,123
MINEROS,nutricion y desarrollo infantil,controles repetidos en ninos de 2 anos de < 5,2006-06-01,182,182,190,372
MIZQUE,nutricion y desarrollo infantil,controles repetidos en ninos de 2 anos de < 5,2006-06-01,75,75,75,150
MOCOMOCO,nutricion y desarrollo infantil,controles repetidos en ninos de 2 anos de < 5,2006-06-01,98,98,98,196
MOJINETE,nutricion y desarrollo infantil,controles repetidos en ninos de 2 anos de < 5,2006-06-01,7,7,0,7
MOJOCOYA,nutricion y desarrollo infantil,controles repetidos en ninos de 2 anos de < 5,2006-06-01,175,175,157,332
MONTEAGUDO,nutricion y desarrollo infantil,controles repetidos en ninos de 2 anos de < 5,2006-06-01,382,382,321,703
MONTERO,nutricion y desarrollo infantil,controles repetidos en ninos de 2 anos de < 5,2006-06-01,544,544,586,1130
MORO MORO,nutricion y desarrollo infantil,controles repetidos en ninos de 2 anos de < 5,2006-06-01,10,10,8,18
MOROCHATA,nutricion y desarrollo infantil,controles repetidos en ninos de 2 anos de < 5,2006-06-01,79,79,69,148
NACEBE (SANTA ROSA DEL ABUNA),nutricion y desarrollo infantil,controles repetidos en ninos de 2 anos de < 5,2006-06-01,36,36,28,64
OCURI,nutricion y desarrollo infantil,controles repetidos en ninos de 2 anos de < 5,2006-06-01,251,251,231,482
OKINAWA,nutricion y desarrollo infantil,controles repetidos en ninos de 2 anos de < 5,2006-06-01,52,52,53,105
OMEREQUE,nutricion y desarrollo infantil,controles repetidos en ninos de 2 anos de < 5,2006-06-01,41,41,51,92
ORURO,nutricion y desarrollo infantil,controles repetidos en ninos de 2 anos de < 5,2006-06-01,748,748,688,1436
PADCAYA,nutricion y desarrollo infantil,controles repetidos en ninos de 2 anos de < 5,2006-06-01,184,184,226,410
PADILLA,nutricion y desarrollo infantil,controles repetidos en ninos de 2 anos de < 5,2006-06-01,278,278,280,558
PAILON,nutricion y desarrollo infantil,controles repetidos en ninos de 2 anos de < 5,2006-06-01,71,71,73,144
PALCA,nutricion y desarrollo infantil,controles repetidos en ninos de 2 anos de < 5,2006-06-01,33,33,32,65
PALOS BLANCOS,nutricion y desarrollo infantil,controles repetidos en ninos de 2 anos de < 5,2006-06-01,169,169,161,330
PAMPA AULLAGAS,nutricion y desarrollo infantil,controles repetidos en ninos de 2 anos de < 5,2006-06-01,18,18,32,50
PAMPA GRANDE,nutricion y desarrollo infantil,controles repetidos en ninos de 2 anos de < 5,2006-06-01,38,38,27,65
PAPEL PAMPA,nutricion y desarrollo infantil,controles repetidos en ninos de 2 anos de < 5,2006-06-01,5,5,11,16
PASORAPA,nutricion y desarrollo infantil,controles repetidos en ninos de 2 anos de < 5,2006-06-01,73,73,49,122
PATACAMAYA,nutricion y desarrollo infantil,controles repetidos en ninos de 2 anos de < 5,2006-06-01,179,179,208,387
PAZÑA,nutricion y desarrollo infantil,controles repetidos en ninos de 2 anos de < 5,2006-06-01,47,47,58,105
PELECHUCO,nutricion y desarrollo infantil,controles repetidos en ninos de 2 anos de < 5,2006-06-01,37,37,31,68
POCOATA,nutricion y desarrollo infantil,controles repetidos en ninos de 2 anos de < 5,2006-06-01,300,300,363,663
POCONA,nutricion y desarrollo infantil,controles repetidos en ninos de 2 anos de < 5,2006-06-01,63,63,60,123
POJO (CBBA),nutricion y desarrollo infantil,controles repetidos en ninos de 2 anos de < 5,2006-06-01,63,63,46,109
POOPO,nutricion y desarrollo infantil,controles repetidos en ninos de 2 anos de < 5,2006-06-01,27,27,31,58
PORCO,nutricion y desarrollo infantil,controles repetidos en ninos de 2 anos de < 5,2006-06-01,57,57,68,125
POROMA,nutricion y desarrollo infantil,controles repetidos en ninos de 2 anos de < 5,2006-06-01,155,155,211,366
PORONGO,nutricion y desarrollo infantil,controles repetidos en ninos de 2 anos de < 5,2006-06-01,28,28,17,45
PORTACHUELO,nutricion y desarrollo infantil,controles repetidos en ninos de 2 anos de < 5,2006-06-01,161,161,122,283
PORVENIR,nutricion y desarrollo infantil,controles repetidos en ninos de 2 anos de < 5,2006-06-01,21,21,26,47
POSTRER VALLE,nutricion y desarrollo infantil,controles repetidos en ninos de 2 anos de < 5,2006-06-01,20,20,36,56
POTOSI,nutricion y desarrollo infantil,controles repetidos en ninos de 2 anos de < 5,2006-06-01,667,667,607,1274
PRESTO,nutricion y desarrollo infantil,controles repetidos en ninos de 2 anos de < 5,2006-06-01,163,163,140,303
PUCARA,nutricion y desarrollo infantil,controles repetidos en ninos de 2 anos de < 5,2006-06-01,22,22,28,50
PUCARANI,nutricion y desarrollo infantil,controles repetidos en ninos de 2 anos de < 5,2006-06-01,93,93,90,183
PUERTO ACOSTA,nutricion y desarrollo infantil,controles repetidos en ninos de 2 anos de < 5,2006-06-01,94,94,110,204
PUERTO CARABUCO,nutricion y desarrollo infantil,controles repetidos en ninos de 2 anos de < 5,2006-06-01,65,65,82,147
PUERTO GONZALO MORENO,nutricion y desarrollo infantil,controles repetidos en ninos de 2 anos de < 5,2006-06-01,60,60,44,104
PUERTO PEREZ,nutricion y desarrollo infantil,controles repetidos en ninos de 2 anos de < 5,2006-06-01,31,31,29,60
PUERTO QUIJARRO,nutricion y desarrollo infantil,controles repetidos en ninos de 2 anos de < 5,2006-06-01,36,36,35,71
PUERTO RICO,nutricion y desarrollo infantil,controles repetidos en ninos de 2 anos de < 5,2006-06-01,45,45,55,100
PUERTO SILES,nutricion y desarrollo infantil,controles repetidos en ninos de 2 anos de < 5,2006-06-01,3,3,5,8
PUERTO SUAREZ,nutricion y desarrollo infantil,controles repetidos en ninos de 2 anos de < 5,2006-06-01,36,36,42,78
PUERTO VILLARROEL,nutricion y desarrollo infantil,controles repetidos en ninos de 2 anos de < 5,2006-06-01,176,176,159,335
PUNA,nutricion y desarrollo infantil,controles repetidos en ninos de 2 anos de < 5,2006-06-01,230,230,279,509
PUNATA,nutricion y desarrollo infantil,controles repetidos en ninos de 2 anos de < 5,2006-06-01,76,76,66,142
QUIABAYA,nutricion y desarrollo infantil,controles repetidos en ninos de 2 anos de < 5,2006-06-01,3,3,4,7
QUILLACOLLO,nutricion y desarrollo infantil,controles repetidos en ninos de 2 anos de < 5,2006-06-01,68,68,51,119
QUIME,nutricion y desarrollo infantil,controles repetidos en ninos de 2 anos de < 5,2006-06-01,86,86,91,177
QUIRUSILLAS,nutricion y desarrollo infantil,controles repetidos en ninos de 2 anos de < 5,2006-06-01,15,15,15,30
RAVELO,nutricion y desarrollo infantil,controles repetidos en ninos de 2 anos de < 5,2006-06-01,333,333,318,651
REYES,nutricion y desarrollo infantil,controles repetidos en ninos de 2 anos de < 5,2006-06-01,114,114,110,224
RIBERALTA,nutricion y desarrollo infantil,controles repetidos en ninos de 2 anos de < 5,2006-06-01,485,485,441,926
ROBORE,nutricion y desarrollo infantil,controles repetidos en ninos de 2 anos de < 5,2006-06-01,95,95,112,207
RURRENABAQUE,nutricion y desarrollo infantil,controles repetidos en ninos de 2 anos de < 5,2006-06-01,49,49,38,87
SABAYA,nutricion y desarrollo infantil,controles repetidos en ninos de 2 anos de < 5,2006-06-01,15,15,12,27
SACABA,nutricion y desarrollo infantil,controles repetidos en ninos de 2 anos de < 5,2006-06-01,58,58,49,107
SACABAMBA,nutricion y desarrollo infantil,controles repetidos en ninos de 2 anos de < 5,2006-06-01,22,22,21,43
SACACA,nutricion y desarrollo infantil,controles repetidos en ninos de 2 anos de < 5,2006-06-01,458,458,436,894
SAIPINA,nutricion y desarrollo infantil,controles repetidos en ninos de 2 anos de < 5,2006-06-01,49,49,43,92
SALINAS DE GARCI MENDOZA,nutricion y desarrollo infantil,controles repetidos en ninos de 2 anos de < 5,2006-06-01,49,49,47,96
SAMAIPATA,nutricion y desarrollo infantil,controles repetidos en ninos de 2 anos de < 5,2006-06-01,84,84,56,140
SAN AGUSTIN,nutricion y desarrollo infantil,controles repetidos en ninos de 2 anos de < 5,2006-06-01,18,18,18,36
SAN ANDRES,nutricion y desarrollo infantil,controles repetidos en ninos de 2 anos de < 5,2006-06-01,75,75,75,150
SAN ANDRES DE MACHACA,nutricion y desarrollo infantil,controles repetidos en ninos de 2 anos de < 5,2006-06-01,29,29,25,54
SAN ANTONIO DE ESMORUCO,nutricion y desarrollo infantil,controles repetidos en ninos de 2 anos de < 5,2006-06-01,15,15,8,23
SAN ANTONIO DE LOMERIO,nutricion y desarrollo infantil,controles repetidos en ninos de 2 anos de < 5,2006-06-01,122,122,126,248
SAN BENITO,nutricion y desarrollo infantil,controles repetidos en ninos de 2 anos de < 5,2006-06-01,36,36,46,82
SAN BORJA,nutricion y desarrollo infantil,controles repetidos en ninos de 2 anos de < 5,2006-06-01,184,184,180,364
SAN BUENA VENTURA,nutricion y desarrollo infantil,controles repetidos en ninos de 2 anos de < 5,2006-06-01,36,36,49,85
SAN CARLOS,nutricion y desarrollo infantil,controles repetidos en ninos de 2 anos de < 5,2006-06-01,88,88,87,175
SAN IGNACIO,nutricion y desarrollo infantil,controles repetidos en ninos de 2 anos de < 5,2006-06-01,192,192,161,353
SAN IGNACIO DE VELASCO,nutricion y desarrollo infantil,controles repetidos en ninos de 2 anos de < 5,2006-06-01,345,345,370,715
SAN JAVIER(BNI),nutricion y desarrollo infantil,controles repetidos en ninos de 2 anos de < 5,2006-06-01,27,27,27,54
SAN JAVIER(STC),nutricion y desarrollo infantil,controles repetidos en ninos de 2 anos de < 5,2006-06-01,101,101,97,198
SAN JOAQUIN,nutricion y desarrollo infantil,controles repetidos en ninos de 2 anos de < 5,2006-06-01,28,28,24,52
SAN JOSE DE CHIQUITOS,nutricion y desarrollo infantil,controles repetidos en ninos de 2 anos de < 5,2006-06-01,60,60,62,122
SAN JUAN DE YAPACANI,nutricion y desarrollo infantil,controles repetidos en ninos de 2 anos de < 5,2006-06-01,80,80,80,160
SAN JULIAN,nutricion y desarrollo infantil,controles repetidos en ninos de 2 anos de < 5,2006-06-01,257,257,277,534
SAN LORENZO(PND),nutricion y desarrollo infantil,controles repetidos en ninos de 2 anos de < 5,2006-06-01,55,55,62,117
SAN LORENZO(TJA),nutricion y desarrollo infantil,controles repetidos en ninos de 2 anos de < 5,2006-06-01,241,241,237,478
SAN LUCAS,nutricion y desarrollo infantil,controles repetidos en ninos de 2 anos de < 5,2006-06-01,594,594,656,1250
SAN MATIAS,nutricion y desarrollo infantil,controles repetidos en ninos de 2 anos de < 5,2006-06-01,65,65,56,121
SAN MIGUEL DE VELASCO,nutricion y desarrollo infantil,controles repetidos en ninos de 2 anos de < 5,2006-06-01,127,127,128,255
SAN PABLO DE LIPEZ,nutricion y desarrollo infantil,controles repetidos en ninos de 2 anos de < 5,2006-06-01,32,32,29,61
SAN PEDRO,nutricion y desarrollo infantil,controles repetidos en ninos de 2 anos de < 5,2006-06-01,91,91,102,193
SAN PEDRO DE BUENA VISTA,nutricion y desarrollo infantil,controles repetidos en ninos de 2 anos de < 5,2006-06-01,308,308,299,607
SAN PEDRO DE CURAHUARA,nutricion y desarrollo infantil,controles repetidos en ninos de 2 anos de < 5,2006-06-01,45,45,58,103
SAN PEDRO DE QUEMES,nutricion y desarrollo infantil,controles repetidos en ninos de 2 anos de < 5,2006-06-01,2,2,2,4
SAN PEDRO DE TIQUINA,nutricion y desarrollo infantil,controles repetidos en ninos de 2 anos de < 5,2006-06-01,33,33,24,57
SAN PEDRO(PND),nutricion y desarrollo infantil,controles repetidos en ninos de 2 anos de < 5,2006-06-01,33,33,37,70
SAN RAFAEL,nutricion y desarrollo infantil,controles repetidos en ninos de 2 anos de < 5,2006-06-01,36,36,41,77
SAN RAMON,nutricion y desarrollo infantil,controles repetidos en ninos de 2 anos de < 5,2006-06-01,35,35,28,63
SAN RAMON,nutricion y desarrollo infantil,controles repetidos en ninos de 2 anos de < 5,2006-06-01,35,35,32,67
SANTA ANA,nutricion y desarrollo infantil,controles repetidos en ninos de 2 anos de < 5,2006-06-01,143,143,101,244
SANTA CRUZ DE LA SIERRA,nutricion y desarrollo infantil,controles repetidos en ninos de 2 anos de < 5,2006-06-01,2106,2106,1866,3972
SANTA ROSA,nutricion y desarrollo infantil,controles repetidos en ninos de 2 anos de < 5,2006-06-01,24,24,24,48
SANTA ROSA DEL SARA,nutricion y desarrollo infantil,controles repetidos en ninos de 2 anos de < 5,2006-06-01,80,80,85,165
SANTIAGO DE CALLAPA,nutricion y desarrollo infantil,controles repetidos en ninos de 2 anos de < 5,2006-06-01,28,28,29,57
SANTIAGO DE HUARI,nutricion y desarrollo infantil,controles repetidos en ninos de 2 anos de < 5,2006-06-01,75,75,57,132
SANTIAGO DE MACHACA,nutricion y desarrollo infantil,controles repetidos en ninos de 2 anos de < 5,2006-06-01,11,11,9,20
SANTIVAÑES,nutricion y desarrollo infantil,controles repetidos en ninos de 2 anos de < 5,2006-06-01,76,76,65,141
SANTUARIO DE QUILLACAS,nutricion y desarrollo infantil,controles repetidos en ninos de 2 anos de < 5,2006-06-01,23,23,26,49
SAPAHAQUI,nutricion y desarrollo infantil,controles repetidos en ninos de 2 anos de < 5,2006-06-01,52,52,78,130
SENA,nutricion y desarrollo infantil,controles repetidos en ninos de 2 anos de < 5,2006-06-01,33,33,41,74
SICA SICA (VILLA AROMA),nutricion y desarrollo infantil,controles repetidos en ninos de 2 anos de < 5,2006-06-01,85,85,79,164
SICAYA,nutricion y desarrollo infantil,controles repetidos en ninos de 2 anos de < 5,2006-06-01,11,11,19,30
SIPE SIPE,nutricion y desarrollo infantil,controles repetidos en ninos de 2 anos de < 5,2006-06-01,67,67,80,147
SOPACHUY,nutricion y desarrollo infantil,controles repetidos en ninos de 2 anos de < 5,2006-06-01,128,128,139,267
SORACACHI,nutricion y desarrollo infantil,controles repetidos en ninos de 2 anos de < 5,2006-06-01,44,44,33,77
SORATA,nutricion y desarrollo infantil,controles repetidos en ninos de 2 anos de < 5,2006-06-01,112,112,111,223
SUCRE,nutricion y desarrollo infantil,controles repetidos en ninos de 2 anos de < 5,2006-06-01,1150,1150,1203,2353
TACACHI,nutricion y desarrollo infantil,controles repetidos en ninos de 2 anos de < 5,2006-06-01,1,1,0,1
TACACOMA,nutricion y desarrollo infantil,controles repetidos en ninos de 2 anos de < 5,2006-06-01,41,41,24,65
TACOBAMBA,nutricion y desarrollo infantil,controles repetidos en ninos de 2 anos de < 5,2006-06-01,68,68,64,132
TACOPAYA,nutricion y desarrollo infantil,controles repetidos en ninos de 2 anos de < 5,2006-06-01,124,124,137,261
TAHUA,nutricion y desarrollo infantil,controles repetidos en ninos de 2 anos de < 5,2006-06-01,5,5,8,13
TAPACARI,nutricion y desarrollo infantil,controles repetidos en ninos de 2 anos de < 5,2006-06-01,155,155,122,277
TARABUCO,nutricion y desarrollo infantil,controles repetidos en ninos de 2 anos de < 5,2006-06-01,550,550,566,1116
TARACO,nutricion y desarrollo infantil,controles repetidos en ninos de 2 anos de < 5,2006-06-01,53,53,53,106
TARATA,nutricion y desarrollo infantil,controles repetidos en ninos de 2 anos de < 5,2006-06-01,36,36,15,51
TARIJA,nutricion y desarrollo infantil,controles repetidos en ninos de 2 anos de < 5,2006-06-01,633,633,617,1250
TARVITA,nutricion y desarrollo infantil,controles repetidos en ninos de 2 anos de < 5,2006-06-01,142,142,133,275
TEOPONTE,nutricion y desarrollo infantil,controles repetidos en ninos de 2 anos de < 5,2006-06-01,76,76,72,148
TIAWANACU,nutricion y desarrollo infantil,controles repetidos en ninos de 2 anos de < 5,2006-06-01,39,39,39,78
TINGUIPAYA,nutricion y desarrollo infantil,controles repetidos en ninos de 2 anos de < 5,2006-06-01,332,332,319,651
TIPUANI,nutricion y desarrollo infantil,controles repetidos en ninos de 2 anos de < 5,2006-06-01,17,17,22,39
TIQUIPAYA,nutricion y desarrollo infantil,controles repetidos en ninos de 2 anos de < 5,2006-06-01,35,35,29,64
TIRAQUE (CBBA),nutricion y desarrollo infantil,controles repetidos en ninos de 2 anos de < 5,2006-06-01,112,112,102,214
TITO YUPANQUI (PARQUIPUJIO),nutricion y desarrollo infantil,controles repetidos en ninos de 2 anos de < 5,2006-06-01,9,9,9,18
TOCO,nutricion y desarrollo infantil,controles repetidos en ninos de 2 anos de < 5,2006-06-01,19,19,15,34
TODOS SANTOS,nutricion y desarrollo infantil,controles repetidos en ninos de 2 anos de < 5,2006-06-01,3,3,0,3
TOLATA,nutricion y desarrollo infantil,controles repetidos en ninos de 2 anos de < 5,2006-06-01,10,10,3,13
TOLEDO,nutricion y desarrollo infantil,controles repetidos en ninos de 2 anos de < 5,2006-06-01,15,15,14,29
TOMAVE,nutricion y desarrollo infantil,controles repetidos en ninos de 2 anos de < 5,2006-06-01,73,73,68,141
TOMINA,nutricion y desarrollo infantil,controles repetidos en ninos de 2 anos de < 5,2006-06-01,215,215,236,451
TORO TORO,nutricion y desarrollo infantil,controles repetidos en ninos de 2 anos de < 5,2006-06-01,246,246,245,491
TOTORA(CBBA),nutricion y desarrollo infantil,controles repetidos en ninos de 2 anos de < 5,2006-06-01,59,59,59,118
TOTORA(ORR),nutricion y desarrollo infantil,controles repetidos en ninos de 2 anos de < 5,2006-06-01,18,18,18,36
TRIGAL,nutricion y desarrollo infantil,controles repetidos en ninos de 2 anos de < 5,2006-06-01,10,10,11,21
TRINIDAD,nutricion y desarrollo infantil,controles repetidos en ninos de 2 anos de < 5,2006-06-01,238,238,244,482
TUPIZA,nutricion y desarrollo infantil,controles repetidos en ninos de 2 anos de < 5,2006-06-01,377,377,374,751
TURCO,nutricion y desarrollo infantil,controles repetidos en ninos de 2 anos de < 5,2006-06-01,31,31,27,58
UMALA,nutricion y desarrollo infantil,controles repetidos en ninos de 2 anos de < 5,2006-06-01,44,44,48,92
UNCIA,nutricion y desarrollo infantil,controles repetidos en ninos de 2 anos de < 5,2006-06-01,136,136,116,252
URIONDO (A. CONCEPCION),nutricion y desarrollo infantil,controles repetidos en ninos de 2 anos de < 5,2006-06-01,167,167,230,397
URUBICHA,nutricion y desarrollo infantil,controles repetidos en ninos de 2 anos de < 5,2006-06-01,214,214,217,431
UYUNI,nutricion y desarrollo infantil,controles repetidos en ninos de 2 anos de < 5,2006-06-01,197,197,197,394
VACAS,nutricion y desarrollo infantil,controles repetidos en ninos de 2 anos de < 5,2006-06-01,44,44,37,81
VALLEGRANDE,nutricion y desarrollo infantil,controles repetidos en ninos de 2 anos de < 5,2006-06-01,76,76,71,147
VIACHA,nutricion y desarrollo infantil,controles repetidos en ninos de 2 anos de < 5,2006-06-01,125,125,123,248
VILA VILA,nutricion y desarrollo infantil,controles repetidos en ninos de 2 anos de < 5,2006-06-01,33,33,28,61
VILLA MONTES,nutricion y desarrollo infantil,controles repetidos en ninos de 2 anos de < 5,2006-06-01,142,142,131,273
VILLA NUEVA (LOMA ALTA),nutricion y desarrollo infantil,controles repetidos en ninos de 2 anos de < 5,2006-06-01,5,5,1,6
VILLA RIVERO,nutricion y desarrollo infantil,controles repetidos en ninos de 2 anos de < 5,2006-06-01,41,41,36,77
VILLA SERRANO,nutricion y desarrollo infantil,controles repetidos en ninos de 2 anos de < 5,2006-06-01,261,261,279,540
VILLA TUNARI,nutricion y desarrollo infantil,controles repetidos en ninos de 2 anos de < 5,2006-06-01,180,180,155,335
VILLA VACA GUZMAN (MUYUPAMPA),nutricion y desarrollo infantil,controles repetidos en ninos de 2 anos de < 5,2006-06-01,125,125,170,295
VILLAZON,nutricion y desarrollo infantil,controles repetidos en ninos de 2 anos de < 5,2006-06-01,263,263,287,550
VINTO,nutricion y desarrollo infantil,controles repetidos en ninos de 2 anos de < 5,2006-06-01,36,36,30,66
VITICHI,nutricion y desarrollo infantil,controles repetidos en ninos de 2 anos de < 5,2006-06-01,226,226,226,452
WALDO BALLIVIAN,nutricion y desarrollo infantil,controles repetidos en ninos de 2 anos de < 5,2006-06-01,11,11,13,24
WARNES,nutricion y desarrollo infantil,controles repetidos en ninos de 2 anos de < 5,2006-06-01,256,256,266,522
YACO,nutricion y desarrollo infantil,controles repetidos en ninos de 2 anos de < 5,2006-06-01,46,46,52,98
YACUIBA,nutricion y desarrollo infantil,controles repetidos en ninos de 2 anos de < 5,2006-06-01,303,303,267,570
YAMPARAEZ,nutricion y desarrollo infantil,controles repetidos en ninos de 2 anos de < 5,2006-06-01,278,278,279,557
YANACACHI,nutricion y desarrollo infantil,controles repetidos en ninos de 2 anos de < 5,2006-06-01,13,13,18,31
YAPACANI,nutricion y desarrollo infantil,controles repetidos en ninos de 2 anos de < 5,2006-06-01,233,233,217,450
YOCALLA,nutricion y desarrollo infantil,controles repetidos en ninos de 2 anos de < 5,2006-06-01,74,74,61,135
YOTALA,nutricion y desarrollo infantil,controles repetidos en ninos de 2 anos de < 5,2006-06-01,183,183,199,382
YUNCHARA,nutricion y desarrollo infantil,controles repetidos en ninos de 2 anos de < 5,2006-06-01,119,119,118,237
ZUDAÑEZ,nutricion y desarrollo infantil,controles repetidos en ninos de 2 anos de < 5,2006-06-01,191,191,181,372
ACACIO,nutricion y desarrollo infantil,controles repetidos en ninos de 2 anos de < 5,2006-07-01,102,102,93,195
ACHACACHI,nutricion y desarrollo infantil,controles repetidos en ninos de 2 anos de < 5,2006-07-01,252,252,261,513
ACHOCALLA,nutricion y desarrollo infantil,controles repetidos en ninos de 2 anos de < 5,2006-07-01,24,24,17,41
AIQUILE,nutricion y desarrollo infantil,controles repetidos en ninos de 2 anos de < 5,2006-07-01,62,62,82,144
ALALAY,nutricion y desarrollo infantil,controles repetidos en ninos de 2 anos de < 5,2006-07-01,5,5,4,9
ALCALA,nutricion y desarrollo infantil,controles repetidos en ninos de 2 anos de < 5,2006-07-01,76,76,74,150
ANCORAIMES,nutricion y desarrollo infantil,controles repetidos en ninos de 2 anos de < 5,2006-07-01,113,113,131,244
ANDAMARCA,nutricion y desarrollo infantil,controles repetidos en ninos de 2 anos de < 5,2006-07-01,41,41,40,81
ANTEQUERA,nutricion y desarrollo infantil,controles repetidos en ninos de 2 anos de < 5,2006-07-01,59,59,35,94
ANZALDO,nutricion y desarrollo infantil,controles repetidos en ninos de 2 anos de < 5,2006-07-01,7,7,6,13
APOLO,nutricion y desarrollo infantil,controles repetidos en ninos de 2 anos de < 5,2006-07-01,91,91,89,180
ARAMPAMPA,nutricion y desarrollo infantil,controles repetidos en ninos de 2 anos de < 5,2006-07-01,78,78,80,158
ARANI,nutricion y desarrollo infantil,controles repetidos en ninos de 2 anos de < 5,2006-07-01,41,41,47,88
ARBIETO,nutricion y desarrollo infantil,controles repetidos en ninos de 2 anos de < 5,2006-07-01,10,10,12,22
ARQUE,nutricion y desarrollo infantil,controles repetidos en ninos de 2 anos de < 5,2006-07-01,90,90,88,178
ATOCHA,nutricion y desarrollo infantil,controles repetidos en ninos de 2 anos de < 5,2006-07-01,140,140,128,268
AUCAPATA,nutricion y desarrollo infantil,controles repetidos en ninos de 2 anos de < 5,2006-07-01,12,12,6,18
AYATA,nutricion y desarrollo infantil,controles repetidos en ninos de 2 anos de < 5,2006-07-01,45,45,36,81
AYO AYO,nutricion y desarrollo infantil,controles repetidos en ninos de 2 anos de < 5,2006-07-01,10,10,11,21
AYOPAYA (V. DE INDEPENDENCIA),nutricion y desarrollo infantil,controles repetidos en ninos de 2 anos de < 5,2006-07-01,100,100,109,209
AZURDUY,nutricion y desarrollo infantil,controles repetidos en ninos de 2 anos de < 5,2006-07-01,321,321,279,600
BATALLAS,nutricion y desarrollo infantil,controles repetidos en ninos de 2 anos de < 5,2006-07-01,73,73,59,132
BAURES,nutricion y desarrollo infantil,controles repetidos en ninos de 2 anos de < 5,2006-07-01,79,79,97,176
BELEN DE ANDAMARCA,nutricion y desarrollo infantil,controles repetidos en ninos de 2 anos de < 5,2006-07-01,6,6,3,9
BELEN DE URMIRI,nutricion y desarrollo infantil,controles repetidos en ninos de 2 anos de < 5,2006-07-01,24,24,12,36
BELLA FLOR,nutricion y desarrollo infantil,controles repetidos en ninos de 2 anos de < 5,2006-07-01,46,46,57,103
BERMEJO,nutricion y desarrollo infantil,controles repetidos en ninos de 2 anos de < 5,2006-07-01,70,70,80,150
BETANZOS,nutricion y desarrollo infantil,controles repetidos en ninos de 2 anos de < 5,2006-07-01,415,415,421,836
BOLIVAR,nutricion y desarrollo infantil,controles repetidos en ninos de 2 anos de < 5,2006-07-01,74,74,77,151
BOLPEBRA,nutricion y desarrollo infantil,controles repetidos en ninos de 2 anos de < 5,2006-07-01,21,21,21,42
BOYUIBE,nutricion y desarrollo infantil,controles repetidos en ninos de 2 anos de < 5,2006-07-01,24,24,25,49
BUENA VISTA,nutricion y desarrollo infantil,controles repetidos en ninos de 2 anos de < 5,2006-07-01,132,132,136,268
CABEZAS,nutricion y desarrollo infantil,controles repetidos en ninos de 2 anos de < 5,2006-07-01,97,97,71,168
CAIROMA,nutricion y desarrollo infantil,controles repetidos en ninos de 2 anos de < 5,2006-07-01,98,98,112,210
"CAIZA ""D""",nutricion y desarrollo infantil,controles repetidos en ninos de 2 anos de < 5,2006-07-01,89,89,100,189
CAJUATA,nutricion y desarrollo infantil,controles repetidos en ninos de 2 anos de < 5,2006-07-01,48,48,54,102
CALACOTO,nutricion y desarrollo infantil,controles repetidos en ninos de 2 anos de < 5,2006-07-01,43,43,37,80
CALAMARCA,nutricion y desarrollo infantil,controles repetidos en ninos de 2 anos de < 5,2006-07-01,141,141,137,278
CAMARGO,nutricion y desarrollo infantil,controles repetidos en ninos de 2 anos de < 5,2006-07-01,232,232,228,460
CAMATAQUI (C. VILLA ABECIA),nutricion y desarrollo infantil,controles repetidos en ninos de 2 anos de < 5,2006-07-01,34,34,26,60
CAMIRI,nutricion y desarrollo infantil,controles repetidos en ninos de 2 anos de < 5,2006-07-01,261,261,228,489
CAPINOTA,nutricion y desarrollo infantil,controles repetidos en ninos de 2 anos de < 5,2006-07-01,69,69,76,145
CAQUIAVIRI,nutricion y desarrollo infantil,controles repetidos en ninos de 2 anos de < 5,2006-07-01,17,17,18,35
CARACOLLO,nutricion y desarrollo infantil,controles repetidos en ninos de 2 anos de < 5,2006-07-01,21,21,15,36
CARANAVI,nutricion y desarrollo infantil,controles repetidos en ninos de 2 anos de < 5,2006-07-01,343,343,343,686
CARAPARI,nutricion y desarrollo infantil,controles repetidos en ninos de 2 anos de < 5,2006-07-01,107,107,110,217
CARIPUYO,nutricion y desarrollo infantil,controles repetidos en ninos de 2 anos de < 5,2006-07-01,150,150,153,303
CARMEN RIVERO TORREZ,nutricion y desarrollo infantil,controles repetidos en ninos de 2 anos de < 5,2006-07-01,19,19,28,47
CATACORA,nutricion y desarrollo infantil,controles repetidos en ninos de 2 anos de < 5,2006-07-01,22,22,13,35
CHACARILLA,nutricion y desarrollo infantil,controles repetidos en ninos de 2 anos de < 5,2006-07-01,14,14,18,32
CHALLAPATA,nutricion y desarrollo infantil,controles repetidos en ninos de 2 anos de < 5,2006-07-01,124,124,129,253
CHAQUI,nutricion y desarrollo infantil,controles repetidos en ninos de 2 anos de < 5,2006-07-01,65,65,73,138
CHARAGUA,nutricion y desarrollo infantil,controles repetidos en ninos de 2 anos de < 5,2006-07-01,237,237,222,459
CHARAÑA,nutricion y desarrollo infantil,controles repetidos en ninos de 2 anos de < 5,2006-07-01,23,23,16,39
CHAYANTA,nutricion y desarrollo infantil,controles repetidos en ninos de 2 anos de < 5,2006-07-01,170,170,193,363
CHIMORE,nutricion y desarrollo infantil,controles repetidos en ninos de 2 anos de < 5,2006-07-01,53,53,57,110
CHIPAYA,nutricion y desarrollo infantil,controles repetidos en ninos de 2 anos de < 5,2006-07-01,8,8,4,12
CHOQUE COTA,nutricion y desarrollo infantil,controles repetidos en ninos de 2 anos de < 5,2006-07-01,6,6,6,12
CHULUMANI (V. DE LA LIBERTAD),nutricion y desarrollo infantil,controles repetidos en ninos de 2 anos de < 5,2006-07-01,20,20,24,44
CHUMA,nutricion y desarrollo infantil,controles repetidos en ninos de 2 anos de < 5,2006-07-01,71,71,76,147
CLIZA,nutricion y desarrollo infantil,controles repetidos en ninos de 2 anos de < 5,2006-07-01,36,36,45,81
COBIJA,nutricion y desarrollo infantil,controles repetidos en ninos de 2 anos de < 5,2006-07-01,179,179,203,382
COCHABAMBA,nutricion y desarrollo infantil,controles repetidos en ninos de 2 anos de < 5,2006-07-01,1091,1091,833,1924
COIPASA,nutricion y desarrollo infantil,controles repetidos en ninos de 2 anos de < 5,2006-07-01,4,4,3,7
COLCAPIRHUA,nutricion y desarrollo infantil,controles repetidos en ninos de 2 anos de < 5,2006-07-01,54,54,40,94
"COLCHA ""K""",nutricion y desarrollo infantil,controles repetidos en ninos de 2 anos de < 5,2006-07-01,64,64,60,124
COLLANA,nutricion y desarrollo infantil,controles repetidos en ninos de 2 anos de < 5,2006-07-01,6,6,4,10
COLOMI,nutricion y desarrollo infantil,controles repetidos en ninos de 2 anos de < 5,2006-07-01,52,52,54,106
COLPA BELGICA,nutricion y desarrollo infantil,controles repetidos en ninos de 2 anos de < 5,2006-07-01,35,35,41,76
COLQUECHACA,nutricion y desarrollo infantil,controles repetidos en ninos de 2 anos de < 5,2006-07-01,106,106,89,195
COLQUENCHA,nutricion y desarrollo infantil,controles repetidos en ninos de 2 anos de < 5,2006-07-01,47,47,42,89
COLQUIRI,nutricion y desarrollo infantil,controles repetidos en ninos de 2 anos de < 5,2006-07-01,107,107,158,265
COMANCHE,nutricion y desarrollo infantil,controles repetidos en ninos de 2 anos de < 5,2006-07-01,12,12,10,22
COMARAPA,nutricion y desarrollo infantil,controles repetidos en ninos de 2 anos de < 5,2006-07-01,86,86,84,170
COMBAYA,nutricion y desarrollo infantil,controles repetidos en ninos de 2 anos de < 5,2006-07-01,18,18,7,25
CONCEPCION,nutricion y desarrollo infantil,controles repetidos en ninos de 2 anos de < 5,2006-07-01,37,37,36,73
COPACABANA,nutricion y desarrollo infantil,controles repetidos en ninos de 2 anos de < 5,2006-07-01,77,77,81,158
CORIPATA,nutricion y desarrollo infantil,controles repetidos en ninos de 2 anos de < 5,2006-07-01,77,77,51,128
CORO CORO,nutricion y desarrollo infantil,controles repetidos en ninos de 2 anos de < 5,2006-07-01,64,64,47,111
COROICO,nutricion y desarrollo infantil,controles repetidos en ninos de 2 anos de < 5,2006-07-01,42,42,49,91
CORQUE,nutricion y desarrollo infantil,controles repetidos en ninos de 2 anos de < 5,2006-07-01,19,19,25,44
COTAGAITA,nutricion y desarrollo infantil,controles repetidos en ninos de 2 anos de < 5,2006-07-01,184,184,177,361
COTOCA,nutricion y desarrollo infantil,controles repetidos en ninos de 2 anos de < 5,2006-07-01,113,113,137,250
CUATRO CAÑADAS,nutricion y desarrollo infantil,controles repetidos en ninos de 2 anos de < 5,2006-07-01,54,54,55,109
CUCHUMUELA (V. G. VILLARROEL),nutricion y desarrollo infantil,controles repetidos en ninos de 2 anos de < 5,2006-07-01,13,13,14,27
CUEVO,nutricion y desarrollo infantil,controles repetidos en ninos de 2 anos de < 5,2006-07-01,48,48,59,107
CULPINA,nutricion y desarrollo infantil,controles repetidos en ninos de 2 anos de < 5,2006-07-01,324,324,323,647
CURAHUARA DE CARANGAS,nutricion y desarrollo infantil,controles repetidos en ninos de 2 anos de < 5,2006-07-01,20,20,20,40
CURVA,nutricion y desarrollo infantil,controles repetidos en ninos de 2 anos de < 5,2006-07-01,18,18,16,34
DESAGUADERO,nutricion y desarrollo infantil,controles repetidos en ninos de 2 anos de < 5,2006-07-01,11,11,6,17
EL ALTO,nutricion y desarrollo infantil,controles repetidos en ninos de 2 anos de < 5,2006-07-01,1676,1676,1637,3313
EL CHORO,nutricion y desarrollo infantil,controles repetidos en ninos de 2 anos de < 5,2006-07-01,12,12,6,18
EL PUENTE(STC),nutricion y desarrollo infantil,controles repetidos en ninos de 2 anos de < 5,2006-07-01,122,122,141,263
EL PUENTE(TJA),nutricion y desarrollo infantil,controles repetidos en ninos de 2 anos de < 5,2006-07-01,114,114,119,233
EL TORNO,nutricion y desarrollo infantil,controles repetidos en ninos de 2 anos de < 5,2006-07-01,134,134,127,261
EL VILLAR,nutricion y desarrollo infantil,controles repetidos en ninos de 2 anos de < 5,2006-07-01,98,98,104,202
ENTRE RIOS,nutricion y desarrollo infantil,controles repetidos en ninos de 2 anos de < 5,2006-07-01,128,128,116,244
ENTRE RIOS,nutricion y desarrollo infantil,controles repetidos en ninos de 2 anos de < 5,2006-07-01,199,199,193,392
ESCARA,nutricion y desarrollo infantil,controles repetidos en ninos de 2 anos de < 5,2006-07-01,3,3,2,5
ESMERALDA,nutricion y desarrollo infantil,controles repetidos en ninos de 2 anos de < 5,2006-07-01,1,1,0,1
EUCALIPTUS,nutricion y desarrollo infantil,controles repetidos en ninos de 2 anos de < 5,2006-07-01,46,46,37,83
EUREKA (SANTOS MERCADO),nutricion y desarrollo infantil,controles repetidos en ninos de 2 anos de < 5,2006-07-01,18,18,17,35
EXALTACION,nutricion y desarrollo infantil,controles repetidos en ninos de 2 anos de < 5,2006-07-01,22,22,20,42
FERNANDEZ ALONSO,nutricion y desarrollo infantil,controles repetidos en ninos de 2 anos de < 5,2006-07-01,146,146,124,270
FILADELFIA,nutricion y desarrollo infantil,controles repetidos en ninos de 2 anos de < 5,2006-07-01,31,31,46,77
GENERAL SAAVEDRA,nutricion y desarrollo infantil,controles repetidos en ninos de 2 anos de < 5,2006-07-01,131,131,117,248
GRAL. J.J. PEREZ (CHARAZANI),nutricion y desarrollo infantil,controles repetidos en ninos de 2 anos de < 5,2006-07-01,87,87,65,152
GUANAY,nutricion y desarrollo infantil,controles repetidos en ninos de 2 anos de < 5,2006-07-01,70,70,70,140
GUAQUI,nutricion y desarrollo infantil,controles repetidos en ninos de 2 anos de < 5,2006-07-01,18,18,19,37
GUAYARAMERIN,nutricion y desarrollo infantil,controles repetidos en ninos de 2 anos de < 5,2006-07-01,255,255,243,498
GUTIERREZ,nutricion y desarrollo infantil,controles repetidos en ninos de 2 anos de < 5,2006-07-01,230,230,233,463
HUACARETA,nutricion y desarrollo infantil,controles repetidos en ninos de 2 anos de < 5,2006-07-01,107,107,115,222
HUACAYA (VILLA DE HUACAYA),nutricion y desarrollo infantil,controles repetidos en ninos de 2 anos de < 5,2006-07-01,52,52,59,111
HUACHACALLA,nutricion y desarrollo infantil,controles repetidos en ninos de 2 anos de < 5,2006-07-01,0,0,5,5
HUANUNI,nutricion y desarrollo infantil,controles repetidos en ninos de 2 anos de < 5,2006-07-01,125,125,128,253
HUARACAJE,nutricion y desarrollo infantil,controles repetidos en ninos de 2 anos de < 5,2006-07-01,23,23,26,49
HUAYLLAMARCA,nutricion y desarrollo infantil,controles repetidos en ninos de 2 anos de < 5,2006-07-01,9,9,19,28
ICHOCA,nutricion y desarrollo infantil,controles repetidos en ninos de 2 anos de < 5,2006-07-01,44,44,52,96
ICLA,nutricion y desarrollo infantil,controles repetidos en ninos de 2 anos de < 5,2006-07-01,315,315,303,618
INCAHUASI,nutricion y desarrollo infantil,controles repetidos en ninos de 2 anos de < 5,2006-07-01,197,197,182,379
INGAVI (HUMAITA),nutricion y desarrollo infantil,controles repetidos en ninos de 2 anos de < 5,2006-07-01,11,11,7,18
INQUISIVI,nutricion y desarrollo infantil,controles repetidos en ninos de 2 anos de < 5,2006-07-01,112,112,126,238
IRUPANA (VILLA DE LANZA),nutricion y desarrollo infantil,controles repetidos en ninos de 2 anos de < 5,2006-07-01,127,127,117,244
IXIAMAS,nutricion y desarrollo infantil,controles repetidos en ninos de 2 anos de < 5,2006-07-01,78,78,64,142
JESUS DE MACHACA,nutricion y desarrollo infantil,controles repetidos en ninos de 2 anos de < 5,2006-07-01,38,38,52,90
LA ASUNTA,nutricion y desarrollo infantil,controles repetidos en ninos de 2 anos de < 5,2006-07-01,44,44,43,87
LA GUARDIA,nutricion y desarrollo infantil,controles repetidos en ninos de 2 anos de < 5,2006-07-01,201,201,175,376
LA PAZ,nutricion y desarrollo infantil,controles repetidos en ninos de 2 anos de < 5,2006-07-01,1697,1697,1724,3421
LA RIVERA,nutricion y desarrollo infantil,controles repetidos en ninos de 2 anos de < 5,2006-07-01,0,0,5,5
LAGUNILLAS,nutricion y desarrollo infantil,controles repetidos en ninos de 2 anos de < 5,2006-07-01,126,126,140,266
LAJA,nutricion y desarrollo infantil,controles repetidos en ninos de 2 anos de < 5,2006-07-01,62,62,50,112
LAS CARRERAS,nutricion y desarrollo infantil,controles repetidos en ninos de 2 anos de < 5,2006-07-01,59,59,54,113
LICOMA PAMPA,nutricion y desarrollo infantil,controles repetidos en ninos de 2 anos de < 5,2006-07-01,4,4,9,13
LLALLAGUA,nutricion y desarrollo infantil,controles repetidos en ninos de 2 anos de < 5,2006-07-01,555,555,533,1088
LLICA,nutricion y desarrollo infantil,controles repetidos en ninos de 2 anos de < 5,2006-07-01,39,39,30,69
LORETO,nutricion y desarrollo infantil,controles repetidos en ninos de 2 anos de < 5,2006-07-01,27,27,30,57
LURIBAY,nutricion y desarrollo infantil,controles repetidos en ninos de 2 anos de < 5,2006-07-01,110,110,112,222
MACHACAMARCA,nutricion y desarrollo infantil,controles repetidos en ninos de 2 anos de < 5,2006-07-01,9,9,5,14
MACHARETI,nutricion y desarrollo infantil,controles repetidos en ninos de 2 anos de < 5,2006-07-01,151,151,171,322
MAGDALENA,nutricion y desarrollo infantil,controles repetidos en ninos de 2 anos de < 5,2006-07-01,107,107,89,196
MAIRANA,nutricion y desarrollo infantil,controles repetidos en ninos de 2 anos de < 5,2006-07-01,30,30,25,55
MALLA,nutricion y desarrollo infantil,controles repetidos en ninos de 2 anos de < 5,2006-07-01,46,46,46,92
MAPIRI,nutricion y desarrollo infantil,controles repetidos en ninos de 2 anos de < 5,2006-07-01,83,83,83,166
MECAPACA,nutricion y desarrollo infantil,controles repetidos en ninos de 2 anos de < 5,2006-07-01,43,43,40,83
MINEROS,nutricion y desarrollo infantil,controles repetidos en ninos de 2 anos de < 5,2006-07-01,140,140,131,271
MIZQUE,nutricion y desarrollo infantil,controles repetidos en ninos de 2 anos de < 5,2006-07-01,139,139,194,333
MOCOMOCO,nutricion y desarrollo infantil,controles repetidos en ninos de 2 anos de < 5,2006-07-01,62,62,64,126
MOJINETE,nutricion y desarrollo infantil,controles repetidos en ninos de 2 anos de < 5,2006-07-01,6,6,4,10
MOJOCOYA,nutricion y desarrollo infantil,controles repetidos en ninos de 2 anos de < 5,2006-07-01,123,123,100,223
MONTEAGUDO,nutricion y desarrollo infantil,controles repetidos en ninos de 2 anos de < 5,2006-07-01,212,212,194,406
MONTERO,nutricion y desarrollo infantil,controles repetidos en ninos de 2 anos de < 5,2006-07-01,786,786,714,1500
MORO MORO,nutricion y desarrollo infantil,controles repetidos en ninos de 2 anos de < 5,2006-07-01,14,14,12,26
MOROCHATA,nutricion y desarrollo infantil,controles repetidos en ninos de 2 anos de < 5,2006-07-01,88,88,81,169
NACEBE (SANTA ROSA DEL ABUNA),nutricion y desarrollo infantil,controles repetidos en ninos de 2 anos de < 5,2006-07-01,23,23,24,47
NUEVO MANOA (NUEVA ESPERANZA),nutricion y desarrollo infantil,controles repetidos en ninos de 2 anos de < 5,2006-07-01,9,9,15,24
OCURI,nutricion y desarrollo infantil,controles repetidos en ninos de 2 anos de < 5,2006-07-01,189,189,221,410
OKINAWA,nutricion y desarrollo infantil,controles repetidos en ninos de 2 anos de < 5,2006-07-01,90,90,89,179
OMEREQUE,nutricion y desarrollo infantil,controles repetidos en ninos de 2 anos de < 5,2006-07-01,24,24,25,49
ORURO,nutricion y desarrollo infantil,controles repetidos en ninos de 2 anos de < 5,2006-07-01,701,701,697,1398
PADCAYA,nutricion y desarrollo infantil,controles repetidos en ninos de 2 anos de < 5,2006-07-01,156,156,192,348
PADILLA,nutricion y desarrollo infantil,controles repetidos en ninos de 2 anos de < 5,2006-07-01,273,273,275,548
PAILON,nutricion y desarrollo infantil,controles repetidos en ninos de 2 anos de < 5,2006-07-01,37,37,37,74
PALCA,nutricion y desarrollo infantil,controles repetidos en ninos de 2 anos de < 5,2006-07-01,24,24,33,57
PALOS BLANCOS,nutricion y desarrollo infantil,controles repetidos en ninos de 2 anos de < 5,2006-07-01,167,167,161,328
PAMPA AULLAGAS,nutricion y desarrollo infantil,controles repetidos en ninos de 2 anos de < 5,2006-07-01,18,18,28,46
PAMPA GRANDE,nutricion y desarrollo infantil,controles repetidos en ninos de 2 anos de < 5,2006-07-01,45,45,60,105
PAPEL PAMPA,nutricion y desarrollo infantil,controles repetidos en ninos de 2 anos de < 5,2006-07-01,7,7,17,24
PASORAPA,nutricion y desarrollo infantil,controles repetidos en ninos de 2 anos de < 5,2006-07-01,72,72,70,142
PATACAMAYA,nutricion y desarrollo infantil,controles repetidos en ninos de 2 anos de < 5,2006-07-01,117,117,115,232
PAZÑA,nutricion y desarrollo infantil,controles repetidos en ninos de 2 anos de < 5,2006-07-01,31,31,28,59
PELECHUCO,nutricion y desarrollo infantil,controles repetidos en ninos de 2 anos de < 5,2006-07-01,24,24,19,43
POCOATA,nutricion y desarrollo infantil,controles repetidos en ninos de 2 anos de < 5,2006-07-01,116,116,127,243
POCONA,nutricion y desarrollo infantil,controles repetidos en ninos de 2 anos de < 5,2006-07-01,97,97,88,185
POJO (CBBA),nutricion y desarrollo infantil,controles repetidos en ninos de 2 anos de < 5,2006-07-01,114,114,95,209
POOPO,nutricion y desarrollo infantil,controles repetidos en ninos de 2 anos de < 5,2006-07-01,50,50,28,78
PORCO,nutricion y desarrollo infantil,controles repetidos en ninos de 2 anos de < 5,2006-07-01,13,13,23,36
POROMA,nutricion y desarrollo infantil,controles repetidos en ninos de 2 anos de < 5,2006-07-01,216,216,182,398
PORONGO,nutricion y desarrollo infantil,controles repetidos en ninos de 2 anos de < 5,2006-07-01,20,20,12,32
PORTACHUELO,nutricion y desarrollo infantil,controles repetidos en ninos de 2 anos de < 5,2006-07-01,164,164,149,313
PORVENIR,nutricion y desarrollo infantil,controles repetidos en ninos de 2 anos de < 5,2006-07-01,17,17,26,43
POSTRER VALLE,nutricion y desarrollo infantil,controles repetidos en ninos de 2 anos de < 5,2006-07-01,34,34,40,74
POTOSI,nutricion y desarrollo infantil,controles repetidos en ninos de 2 anos de < 5,2006-07-01,570,570,522,1092
PRESTO,nutricion y desarrollo infantil,controles repetidos en ninos de 2 anos de < 5,2006-07-01,144,144,122,266
PUCARA,nutricion y desarrollo infantil,controles repetidos en ninos de 2 anos de < 5,2006-07-01,0,0,1,1
PUCARANI,nutricion y desarrollo infantil,controles repetidos en ninos de 2 anos de < 5,2006-07-01,58,58,62,120
PUERTO ACOSTA,nutricion y desarrollo infantil,controles repetidos en ninos de 2 anos de < 5,2006-07-01,118,118,102,220
PUERTO CARABUCO,nutricion y desarrollo infantil,controles repetidos en ninos de 2 anos de < 5,2006-07-01,94,94,98,192
PUERTO GONZALO MORENO,nutricion y desarrollo infantil,controles repetidos en ninos de 2 anos de < 5,2006-07-01,27,27,29,56
PUERTO PEREZ,nutricion y desarrollo infantil,controles repetidos en ninos de 2 anos de < 5,2006-07-01,50,50,48,98
PUERTO QUIJARRO,nutricion y desarrollo infantil,controles repetidos en ninos de 2 anos de < 5,2006-07-01,27,27,21,48
PUERTO RICO,nutricion y desarrollo infantil,controles repetidos en ninos de 2 anos de < 5,2006-07-01,42,42,57,99
PUERTO SILES,nutricion y desarrollo infantil,controles repetidos en ninos de 2 anos de < 5,2006-07-01,30,30,32,62
PUERTO SUAREZ,nutricion y desarrollo infantil,controles repetidos en ninos de 2 anos de < 5,2006-07-01,17,17,16,33
PUERTO VILLARROEL,nutricion y desarrollo infantil,controles repetidos en ninos de 2 anos de < 5,2006-07-01,102,102,98,200
PUNA,nutricion y desarrollo infantil,controles repetidos en ninos de 2 anos de < 5,2006-07-01,380,380,371,751
PUNATA,nutricion y desarrollo infantil,controles repetidos en ninos de 2 anos de < 5,2006-07-01,109,109,109,218
QUIABAYA,nutricion y desarrollo infantil,controles repetidos en ninos de 2 anos de < 5,2006-07-01,22,22,22,44
QUILLACOLLO,nutricion y desarrollo infantil,controles repetidos en ninos de 2 anos de < 5,2006-07-01,113,113,107,220
QUIME,nutricion y desarrollo infantil,controles repetidos en ninos de 2 anos de < 5,2006-07-01,91,91,104,195
QUIRUSILLAS,nutricion y desarrollo infantil,controles repetidos en ninos de 2 anos de < 5,2006-07-01,30,30,25,55
RAVELO,nutricion y desarrollo infantil,controles repetidos en ninos de 2 anos de < 5,2006-07-01,336,336,354,690
REYES,nutricion y desarrollo infantil,controles repetidos en ninos de 2 anos de < 5,2006-07-01,98,98,88,186
RIBERALTA,nutricion y desarrollo infantil,controles repetidos en ninos de 2 anos de < 5,2006-07-01,424,424,404,828
ROBORE,nutricion y desarrollo infantil,controles repetidos en ninos de 2 anos de < 5,2006-07-01,66,66,83,149
RURRENABAQUE,nutricion y desarrollo infantil,controles repetidos en ninos de 2 anos de < 5,2006-07-01,37,37,43,80
SABAYA,nutricion y desarrollo infantil,controles repetidos en ninos de 2 anos de < 5,2006-07-01,12,12,13,25
SACABA,nutricion y desarrollo infantil,controles repetidos en ninos de 2 anos de < 5,2006-07-01,189,189,197,386
SACABAMBA,nutricion y desarrollo infantil,controles repetidos en ninos de 2 anos de < 5,2006-07-01,8,8,15,23
SACACA,nutricion y desarrollo infantil,controles repetidos en ninos de 2 anos de < 5,2006-07-01,326,326,311,637
SAIPINA,nutricion y desarrollo infantil,controles repetidos en ninos de 2 anos de < 5,2006-07-01,68,68,70,138
SALINAS DE GARCI MENDOZA,nutricion y desarrollo infantil,controles repetidos en ninos de 2 anos de < 5,2006-07-01,84,84,71,155
SAMAIPATA,nutricion y desarrollo infantil,controles repetidos en ninos de 2 anos de < 5,2006-07-01,43,43,30,73
SAN AGUSTIN,nutricion y desarrollo infantil,controles repetidos en ninos de 2 anos de < 5,2006-07-01,11,11,19,30
SAN ANDRES,nutricion y desarrollo infantil,controles repetidos en ninos de 2 anos de < 5,2006-07-01,96,96,74,170
SAN ANDRES DE MACHACA,nutricion y desarrollo infantil,controles repetidos en ninos de 2 anos de < 5,2006-07-01,24,24,31,55
SAN ANTONIO DE ESMORUCO,nutricion y desarrollo infantil,controles repetidos en ninos de 2 anos de < 5,2006-07-01,13,13,10,23
SAN ANTONIO DE LOMERIO,nutricion y desarrollo infantil,controles repetidos en ninos de 2 anos de < 5,2006-07-01,119,119,122,241
SAN BENITO,nutricion y desarrollo infantil,controles repetidos en ninos de 2 anos de < 5,2006-07-01,17,17,13,30
SAN BORJA,nutricion y desarrollo infantil,controles repetidos en ninos de 2 anos de < 5,2006-07-01,210,210,184,394
SAN BUENA VENTURA,nutricion y desarrollo infantil,controles repetidos en ninos de 2 anos de < 5,2006-07-01,48,48,51,99
SAN CARLOS,nutricion y desarrollo infantil,controles repetidos en ninos de 2 anos de < 5,2006-07-01,97,97,103,200
SAN IGNACIO,nutricion y desarrollo infantil,controles repetidos en ninos de 2 anos de < 5,2006-07-01,163,163,193,356
SAN IGNACIO DE VELASCO,nutricion y desarrollo infantil,controles repetidos en ninos de 2 anos de < 5,2006-07-01,280,280,304,584
SAN JAVIER(BNI),nutricion y desarrollo infantil,controles repetidos en ninos de 2 anos de < 5,2006-07-01,50,50,52,102
SAN JAVIER(STC),nutricion y desarrollo infantil,controles repetidos en ninos de 2 anos de < 5,2006-07-01,121,121,99,220
SAN JOAQUIN,nutricion y desarrollo infantil,controles repetidos en ninos de 2 anos de < 5,2006-07-01,27,27,25,52
SAN JOSE DE CHIQUITOS,nutricion y desarrollo infantil,controles repetidos en ninos de 2 anos de < 5,2006-07-01,72,72,57,129
SAN JUAN DE YAPACANI,nutricion y desarrollo infantil,controles repetidos en ninos de 2 anos de < 5,2006-07-01,80,80,64,144
SAN JULIAN,nutricion y desarrollo infantil,controles repetidos en ninos de 2 anos de < 5,2006-07-01,192,192,219,411
SAN LORENZO(PND),nutricion y desarrollo infantil,controles repetidos en ninos de 2 anos de < 5,2006-07-01,33,33,23,56
SAN LORENZO(TJA),nutricion y desarrollo infantil,controles repetidos en ninos de 2 anos de < 5,2006-07-01,193,193,194,387
SAN LUCAS,nutricion y desarrollo infantil,controles repetidos en ninos de 2 anos de < 5,2006-07-01,503,503,553,1056
SAN MATIAS,nutricion y desarrollo infantil,controles repetidos en ninos de 2 anos de < 5,2006-07-01,80,80,80,160
SAN MIGUEL DE VELASCO,nutricion y desarrollo infantil,controles repetidos en ninos de 2 anos de < 5,2006-07-01,48,48,41,89
SAN PABLO DE LIPEZ,nutricion y desarrollo infantil,controles repetidos en ninos de 2 anos de < 5,2006-07-01,9,9,13,22
SAN PEDRO,nutricion y desarrollo infantil,controles repetidos en ninos de 2 anos de < 5,2006-07-01,105,105,117,222
SAN PEDRO DE BUENA VISTA,nutricion y desarrollo infantil,controles repetidos en ninos de 2 anos de < 5,2006-07-01,164,164,166,330
SAN PEDRO DE CURAHUARA,nutricion y desarrollo infantil,controles repetidos en ninos de 2 anos de < 5,2006-07-01,50,50,55,105
SAN PEDRO DE QUEMES,nutricion y desarrollo infantil,controles repetidos en ninos de 2 anos de < 5,2006-07-01,9,9,9,18
SAN PEDRO DE TIQUINA,nutricion y desarrollo infantil,controles repetidos en ninos de 2 anos de < 5,2006-07-01,42,42,25,67
SAN PEDRO(PND),nutricion y desarrollo infantil,controles repetidos en ninos de 2 anos de < 5,2006-07-01,9,9,10,19
SAN RAFAEL,nutricion y desarrollo infantil,controles repetidos en ninos de 2 anos de < 5,2006-07-01,47,47,42,89
SAN RAMON,nutricion y desarrollo infantil,controles repetidos en ninos de 2 anos de < 5,2006-07-01,38,38,36,74
SAN RAMON,nutricion y desarrollo infantil,controles repetidos en ninos de 2 anos de < 5,2006-07-01,47,47,48,95
SANTA ANA,nutricion y desarrollo infantil,controles repetidos en ninos de 2 anos de < 5,2006-07-01,87,87,65,152
SANTA CRUZ DE LA SIERRA,nutricion y desarrollo infantil,controles repetidos en ninos de 2 anos de < 5,2006-07-01,2399,2399,2135,4534
SANTA ROSA,nutricion y desarrollo infantil,controles repetidos en ninos de 2 anos de < 5,2006-07-01,25,25,9,34
SANTA ROSA DEL SARA,nutricion y desarrollo infantil,controles repetidos en ninos de 2 anos de < 5,2006-07-01,110,110,83,193
SANTIAGO DE CALLAPA,nutricion y desarrollo infantil,controles repetidos en ninos de 2 anos de < 5,2006-07-01,17,17,18,35
SANTIAGO DE HUARI,nutricion y desarrollo infantil,controles repetidos en ninos de 2 anos de < 5,2006-07-01,57,57,49,106
SANTIAGO DE MACHACA,nutricion y desarrollo infantil,controles repetidos en ninos de 2 anos de < 5,2006-07-01,7,7,15,22
SANTIVAÑES,nutricion y desarrollo infantil,controles repetidos en ninos de 2 anos de < 5,2006-07-01,25,25,23,48
SANTUARIO DE QUILLACAS,nutricion y desarrollo infantil,controles repetidos en ninos de 2 anos de < 5,2006-07-01,31,31,26,57
SAPAHAQUI,nutricion y desarrollo infantil,controles repetidos en ninos de 2 anos de < 5,2006-07-01,83,83,86,169
SENA,nutricion y desarrollo infantil,controles repetidos en ninos de 2 anos de < 5,2006-07-01,68,68,57,125
SICA SICA (VILLA AROMA),nutricion y desarrollo infantil,controles repetidos en ninos de 2 anos de < 5,2006-07-01,135,135,135,270
SICAYA,nutricion y desarrollo infantil,controles repetidos en ninos de 2 anos de < 5,2006-07-01,12,12,6,18
SIPE SIPE,nutricion y desarrollo infantil,controles repetidos en ninos de 2 anos de < 5,2006-07-01,62,62,45,107
SOPACHUY,nutricion y desarrollo infantil,controles repetidos en ninos de 2 anos de < 5,2006-07-01,162,162,185,347
SORACACHI,nutricion y desarrollo infantil,controles repetidos en ninos de 2 anos de < 5,2006-07-01,43,43,28,71
SORATA,nutricion y desarrollo infantil,controles repetidos en ninos de 2 anos de < 5,2006-07-01,113,113,128,241
SUCRE,nutricion y desarrollo infantil,controles repetidos en ninos de 2 anos de < 5,2006-07-01,1030,1030,1069,2099
TACACOMA,nutricion y desarrollo infantil,controles repetidos en ninos de 2 anos de < 5,2006-07-01,9,9,39,48
TACOBAMBA,nutricion y desarrollo infantil,controles repetidos en ninos de 2 anos de < 5,2006-07-01,84,84,67,151
TACOPAYA,nutricion y desarrollo infantil,controles repetidos en ninos de 2 anos de < 5,2006-07-01,107,107,111,218
TAHUA,nutricion y desarrollo infantil,controles repetidos en ninos de 2 anos de < 5,2006-07-01,3,3,5,8
TAPACARI,nutricion y desarrollo infantil,controles repetidos en ninos de 2 anos de < 5,2006-07-01,256,256,232,488
TARABUCO,nutricion y desarrollo infantil,controles repetidos en ninos de 2 anos de < 5,2006-07-01,461,461,473,934
TARACO,nutricion y desarrollo infantil,controles repetidos en ninos de 2 anos de < 5,2006-07-01,16,16,11,27
TARATA,nutricion y desarrollo infantil,controles repetidos en ninos de 2 anos de < 5,2006-07-01,14,14,19,33
TARIJA,nutricion y desarrollo infantil,controles repetidos en ninos de 2 anos de < 5,2006-07-01,490,490,560,1050
TARVITA,nutricion y desarrollo infantil,controles repetidos en ninos de 2 anos de < 5,2006-07-01,413,413,432,845
TEOPONTE,nutricion y desarrollo infantil,controles repetidos en ninos de 2 anos de < 5,2006-07-01,79,79,71,150
TIAWANACU,nutricion y desarrollo infantil,controles repetidos en ninos de 2 anos de < 5,2006-07-01,56,56,53,109
TINGUIPAYA,nutricion y desarrollo infantil,controles repetidos en ninos de 2 anos de < 5,2006-07-01,227,227,273,500
TIPUANI,nutricion y desarrollo infantil,controles repetidos en ninos de 2 anos de < 5,2006-07-01,36,36,22,58
TIQUIPAYA,nutricion y desarrollo infantil,controles repetidos en ninos de 2 anos de < 5,2006-07-01,56,56,57,113
TIRAQUE (CBBA),nutricion y desarrollo infantil,controles repetidos en ninos de 2 anos de < 5,2006-07-01,102,102,113,215
TITO YUPANQUI (PARQUIPUJIO),nutricion y desarrollo infantil,controles repetidos en ninos de 2 anos de < 5,2006-07-01,10,10,18,28
TOCO,nutricion y desarrollo infantil,controles repetidos en ninos de 2 anos de < 5,2006-07-01,18,18,15,33
TOLATA,nutricion y desarrollo infantil,controles repetidos en ninos de 2 anos de < 5,2006-07-01,6,6,7,13
TOLEDO,nutricion y desarrollo infantil,controles repetidos en ninos de 2 anos de < 5,2006-07-01,23,23,44,67
TOMAVE,nutricion y desarrollo infantil,controles repetidos en ninos de 2 anos de < 5,2006-07-01,39,39,48,87
TOMINA,nutricion y desarrollo infantil,controles repetidos en ninos de 2 anos de < 5,2006-07-01,217,217,251,468
TORO TORO,nutricion y desarrollo infantil,controles repetidos en ninos de 2 anos de < 5,2006-07-01,117,117,96,213
TOTORA(CBBA),nutricion y desarrollo infantil,controles repetidos en ninos de 2 anos de < 5,2006-07-01,41,41,35,76
TOTORA(ORR),nutricion y desarrollo infantil,controles repetidos en ninos de 2 anos de < 5,2006-07-01,30,30,46,76
TRIGAL,nutricion y desarrollo infantil,controles repetidos en ninos de 2 anos de < 5,2006-07-01,11,11,13,24
TRINIDAD,nutricion y desarrollo infantil,controles repetidos en ninos de 2 anos de < 5,2006-07-01,263,263,266,529
TUPIZA,nutricion y desarrollo infantil,controles repetidos en ninos de 2 anos de < 5,2006-07-01,379,379,393,772
TURCO,nutricion y desarrollo infantil,controles repetidos en ninos de 2 anos de < 5,2006-07-01,13,13,16,29
UMALA,nutricion y desarrollo infantil,controles repetidos en ninos de 2 anos de < 5,2006-07-01,32,32,35,67
UNCIA,nutricion y desarrollo infantil,controles repetidos en ninos de 2 anos de < 5,2006-07-01,143,143,158,301
URIONDO (A. CONCEPCION),nutricion y desarrollo infantil,controles repetidos en ninos de 2 anos de < 5,2006-07-01,169,169,191,360
URUBICHA,nutricion y desarrollo infantil,controles repetidos en ninos de 2 anos de < 5,2006-07-01,17,17,10,27
UYUNI,nutricion y desarrollo infantil,controles repetidos en ninos de 2 anos de < 5,2006-07-01,97,97,102,199
VACAS,nutricion y desarrollo infantil,controles repetidos en ninos de 2 anos de < 5,2006-07-01,24,24,13,37
VALLEGRANDE,nutricion y desarrollo infantil,controles repetidos en ninos de 2 anos de < 5,2006-07-01,74,74,105,179
VIACHA,nutricion y desarrollo infantil,controles repetidos en ninos de 2 anos de < 5,2006-07-01,75,75,86,161
VILA VILA,nutricion y desarrollo infantil,controles repetidos en ninos de 2 anos de < 5,2006-07-01,6,6,7,13
VILLA MONTES,nutricion y desarrollo infantil,controles repetidos en ninos de 2 anos de < 5,2006-07-01,111,111,127,238
VILLA NUEVA (LOMA ALTA),nutricion y desarrollo infantil,controles repetidos en ninos de 2 anos de < 5,2006-07-01,25,25,33,58
VILLA RIVERO,nutricion y desarrollo infantil,controles repetidos en ninos de 2 anos de < 5,2006-07-01,33,33,21,54
VILLA SERRANO,nutricion y desarrollo infantil,controles repetidos en ninos de 2 anos de < 5,2006-07-01,268,268,275,543
VILLA TUNARI,nutricion y desarrollo infantil,controles repetidos en ninos de 2 anos de < 5,2006-07-01,205,205,172,377
VILLA VACA GUZMAN (MUYUPAMPA),nutricion y desarrollo infantil,controles repetidos en ninos de 2 anos de < 5,2006-07-01,172,172,185,357
VILLAZON,nutricion y desarrollo infantil,controles repetidos en ninos de 2 anos de < 5,2006-07-01,210,210,209,419
VINTO,nutricion y desarrollo infantil,controles repetidos en ninos de 2 anos de < 5,2006-07-01,33,33,40,73
VITICHI,nutricion y desarrollo infantil,controles repetidos en ninos de 2 anos de < 5,2006-07-01,127,127,137,264
WALDO BALLIVIAN,nutricion y desarrollo infantil,controles repetidos en ninos de 2 anos de < 5,2006-07-01,8,8,4,12
WARNES,nutricion y desarrollo infantil,controles repetidos en ninos de 2 anos de < 5,2006-07-01,266,266,229,495
YACO,nutricion y desarrollo infantil,controles repetidos en ninos de 2 anos de < 5,2006-07-01,47,47,41,88
YACUIBA,nutricion y desarrollo infantil,controles repetidos en ninos de 2 anos de < 5,2006-07-01,184,184,210,394
YAMPARAEZ,nutricion y desarrollo infantil,controles repetidos en ninos de 2 anos de < 5,2006-07-01,281,281,261,542
YANACACHI,nutricion y desarrollo infantil,controles repetidos en ninos de 2 anos de < 5,2006-07-01,29,29,22,51
YAPACANI,nutricion y desarrollo infantil,controles repetidos en ninos de 2 anos de < 5,2006-07-01,184,184,205,389
YOCALLA,nutricion y desarrollo infantil,controles repetidos en ninos de 2 anos de < 5,2006-07-01,40,40,44,84
YOTALA,nutricion y desarrollo infantil,controles repetidos en ninos de 2 anos de < 5,2006-07-01,192,192,192,384
YUNCHARA,nutricion y desarrollo infantil,controles repetidos en ninos de 2 anos de < 5,2006-07-01,118,118,95,213
ZUDAÑEZ,nutricion y desarrollo infantil,controles repetidos en ninos de 2 anos de < 5,2006-07-01,157,157,165,322
ACACIO,nutricion y desarrollo infantil,controles repetidos en ninos de 2 anos de < 5,2006-08-01,112,112,117,229
ACHACACHI,nutricion y desarrollo infantil,controles repetidos en ninos de 2 anos de < 5,2006-08-01,248,248,245,493
ACHOCALLA,nutricion y desarrollo infantil,controles repetidos en ninos de 2 anos de < 5,2006-08-01,24,24,19,43
AIQUILE,nutricion y desarrollo infantil,controles repetidos en ninos de 2 anos de < 5,2006-08-01,69,69,95,164
ALCALA,nutricion y desarrollo infantil,controles repetidos en ninos de 2 anos de < 5,2006-08-01,68,68,63,131
ANCORAIMES,nutricion y desarrollo infantil,controles repetidos en ninos de 2 anos de < 5,2006-08-01,164,164,159,323
ANDAMARCA,nutricion y desarrollo infantil,controles repetidos en ninos de 2 anos de < 5,2006-08-01,52,52,57,109
ANTEQUERA,nutricion y desarrollo infantil,controles repetidos en ninos de 2 anos de < 5,2006-08-01,30,30,32,62
ANZALDO,nutricion y desarrollo infantil,controles repetidos en ninos de 2 anos de < 5,2006-08-01,14,14,19,33
APOLO,nutricion y desarrollo infantil,controles repetidos en ninos de 2 anos de < 5,2006-08-01,126,126,141,267
ARAMPAMPA,nutricion y desarrollo infantil,controles repetidos en ninos de 2 anos de < 5,2006-08-01,85,85,75,160
ARANI,nutricion y desarrollo infantil,controles repetidos en ninos de 2 anos de < 5,2006-08-01,37,37,28,65
ARBIETO,nutricion y desarrollo infantil,controles repetidos en ninos de 2 anos de < 5,2006-08-01,28,28,23,51
ARQUE,nutricion y desarrollo infantil,controles repetidos en ninos de 2 anos de < 5,2006-08-01,86,86,94,180
ASCENCION DE GUARAYOS,nutricion y desarrollo infantil,controles repetidos en ninos de 2 anos de < 5,2006-08-01,373,373,392,765
ATOCHA,nutricion y desarrollo infantil,controles repetidos en ninos de 2 anos de < 5,2006-08-01,88,88,61,149
AUCAPATA,nutricion y desarrollo infantil,controles repetidos en ninos de 2 anos de < 5,2006-08-01,30,30,30,60
AYATA,nutricion y desarrollo infantil,controles repetidos en ninos de 2 anos de < 5,2006-08-01,67,67,67,134
AYO AYO,nutricion y desarrollo infantil,controles repetidos en ninos de 2 anos de < 5,2006-08-01,26,26,21,47
AYOPAYA (V. DE INDEPENDENCIA),nutricion y desarrollo infantil,controles repetidos en ninos de 2 anos de < 5,2006-08-01,163,163,169,332
AZURDUY,nutricion y desarrollo infantil,controles repetidos en ninos de 2 anos de < 5,2006-08-01,303,303,278,581
BATALLAS,nutricion y desarrollo infantil,controles repetidos en ninos de 2 anos de < 5,2006-08-01,85,85,82,167
BAURES,nutricion y desarrollo infantil,controles repetidos en ninos de 2 anos de < 5,2006-08-01,46,46,70,116
BELEN DE ANDAMARCA,nutricion y desarrollo infantil,controles repetidos en ninos de 2 anos de < 5,2006-08-01,14,14,12,26
BELEN DE URMIRI,nutricion y desarrollo infantil,controles repetidos en ninos de 2 anos de < 5,2006-08-01,21,21,18,39
BELLA FLOR,nutricion y desarrollo infantil,controles repetidos en ninos de 2 anos de < 5,2006-08-01,21,21,30,51
BERMEJO,nutricion y desarrollo infantil,controles repetidos en ninos de 2 anos de < 5,2006-08-01,136,136,119,255
BETANZOS,nutricion y desarrollo infantil,controles repetidos en ninos de 2 anos de < 5,2006-08-01,330,330,377,707
BOLIVAR,nutricion y desarrollo infantil,controles repetidos en ninos de 2 anos de < 5,2006-08-01,75,75,92,167
BOLPEBRA,nutricion y desarrollo infantil,controles repetidos en ninos de 2 anos de < 5,2006-08-01,19,19,23,42
BOYUIBE,nutricion y desarrollo infantil,controles repetidos en ninos de 2 anos de < 5,2006-08-01,51,51,62,113
BUENA VISTA,nutricion y desarrollo infantil,controles repetidos en ninos de 2 anos de < 5,2006-08-01,100,100,141,241
CABEZAS,nutricion y desarrollo infantil,controles repetidos en ninos de 2 anos de < 5,2006-08-01,124,124,88,212
CAIROMA,nutricion y desarrollo infantil,controles repetidos en ninos de 2 anos de < 5,2006-08-01,120,120,174,294
"CAIZA ""D""",nutricion y desarrollo infantil,controles repetidos en ninos de 2 anos de < 5,2006-08-01,76,76,85,161
CAJUATA,nutricion y desarrollo infantil,controles repetidos en ninos de 2 anos de < 5,2006-08-01,22,22,34,56
CALACOTO,nutricion y desarrollo infantil,controles repetidos en ninos de 2 anos de < 5,2006-08-01,66,66,58,124
CALAMARCA,nutricion y desarrollo infantil,controles repetidos en ninos de 2 anos de < 5,2006-08-01,130,130,126,256
CAMARGO,nutricion y desarrollo infantil,controles repetidos en ninos de 2 anos de < 5,2006-08-01,217,217,210,427
CAMATAQUI (C. VILLA ABECIA),nutricion y desarrollo infantil,controles repetidos en ninos de 2 anos de < 5,2006-08-01,51,51,49,100
CAMIRI,nutricion y desarrollo infantil,controles repetidos en ninos de 2 anos de < 5,2006-08-01,228,228,232,460
CAPINOTA,nutricion y desarrollo infantil,controles repetidos en ninos de 2 anos de < 5,2006-08-01,88,88,84,172
CAQUIAVIRI,nutricion y desarrollo infantil,controles repetidos en ninos de 2 anos de < 5,2006-08-01,36,36,40,76
CARACOLLO,nutricion y desarrollo infantil,controles repetidos en ninos de 2 anos de < 5,2006-08-01,65,65,56,121
CARANAVI,nutricion y desarrollo infantil,controles repetidos en ninos de 2 anos de < 5,2006-08-01,298,298,299,597
CARAPARI,nutricion y desarrollo infantil,controles repetidos en ninos de 2 anos de < 5,2006-08-01,76,76,106,182
CARIPUYO,nutricion y desarrollo infantil,controles repetidos en ninos de 2 anos de < 5,2006-08-01,184,184,200,384
CARMEN RIVERO TORREZ,nutricion y desarrollo infantil,controles repetidos en ninos de 2 anos de < 5,2006-08-01,21,21,7,28
CATACORA,nutricion y desarrollo infantil,controles repetidos en ninos de 2 anos de < 5,2006-08-01,2,2,3,5
CHACARILLA,nutricion y desarrollo infantil,controles repetidos en ninos de 2 anos de < 5,2006-08-01,13,13,24,37
CHALLAPATA,nutricion y desarrollo infantil,controles repetidos en ninos de 2 anos de < 5,2006-08-01,174,174,180,354
CHAQUI,nutricion y desarrollo infantil,controles repetidos en ninos de 2 anos de < 5,2006-08-01,58,58,68,126
CHARAGUA,nutricion y desarrollo infantil,controles repetidos en ninos de 2 anos de < 5,2006-08-01,154,154,169,323
CHARAÑA,nutricion y desarrollo infantil,controles repetidos en ninos de 2 anos de < 5,2006-08-01,2,2,7,9
CHAYANTA,nutricion y desarrollo infantil,controles repetidos en ninos de 2 anos de < 5,2006-08-01,175,175,178,353
CHIMORE,nutricion y desarrollo infantil,controles repetidos en ninos de 2 anos de < 5,2006-08-01,41,41,25,66
CHIPAYA,nutricion y desarrollo infantil,controles repetidos en ninos de 2 anos de < 5,2006-08-01,13,13,18,31
CHOQUE COTA,nutricion y desarrollo infantil,controles repetidos en ninos de 2 anos de < 5,2006-08-01,10,10,7,17
CHULUMANI (V. DE LA LIBERTAD),nutricion y desarrollo infantil,controles repetidos en ninos de 2 anos de < 5,2006-08-01,7,7,19,26
CHUMA,nutricion y desarrollo infantil,controles repetidos en ninos de 2 anos de < 5,2006-08-01,30,30,33,63
CLIZA,nutricion y desarrollo infantil,controles repetidos en ninos de 2 anos de < 5,2006-08-01,60,60,67,127
COBIJA,nutricion y desarrollo infantil,controles repetidos en ninos de 2 anos de < 5,2006-08-01,219,219,204,423
COCHABAMBA,nutricion y desarrollo infantil,controles repetidos en ninos de 2 anos de < 5,2006-08-01,1271,1271,1058,2329
COIPASA,nutricion y desarrollo infantil,controles repetidos en ninos de 2 anos de < 5,2006-08-01,2,2,2,4
COLCAPIRHUA,nutricion y desarrollo infantil,controles repetidos en ninos de 2 anos de < 5,2006-08-01,24,24,23,47
"COLCHA ""K""",nutricion y desarrollo infantil,controles repetidos en ninos de 2 anos de < 5,2006-08-01,77,77,81,158
COLLANA,nutricion y desarrollo infantil,controles repetidos en ninos de 2 anos de < 5,2006-08-01,15,15,6,21
COLOMI,nutricion y desarrollo infantil,controles repetidos en ninos de 2 anos de < 5,2006-08-01,77,77,66,143
COLPA BELGICA,nutricion y desarrollo infantil,controles repetidos en ninos de 2 anos de < 5,2006-08-01,28,28,32,60
COLQUECHACA,nutricion y desarrollo infantil,controles repetidos en ninos de 2 anos de < 5,2006-08-01,174,174,170,344
COLQUENCHA,nutricion y desarrollo infantil,controles repetidos en ninos de 2 anos de < 5,2006-08-01,91,91,81,172
COLQUIRI,nutricion y desarrollo infantil,controles repetidos en ninos de 2 anos de < 5,2006-08-01,86,86,110,196
COMANCHE,nutricion y desarrollo infantil,controles repetidos en ninos de 2 anos de < 5,2006-08-01,16,16,21,37
COMARAPA,nutricion y desarrollo infantil,controles repetidos en ninos de 2 anos de < 5,2006-08-01,103,103,104,207
COMBAYA,nutricion y desarrollo infantil,controles repetidos en ninos de 2 anos de < 5,2006-08-01,32,32,27,59
CONCEPCION,nutricion y desarrollo infantil,controles repetidos en ninos de 2 anos de < 5,2006-08-01,59,59,62,121
COPACABANA,nutricion y desarrollo infantil,controles repetidos en ninos de 2 anos de < 5,2006-08-01,50,50,37,87
CORIPATA,nutricion y desarrollo infantil,controles repetidos en ninos de 2 anos de < 5,2006-08-01,85,85,73,158
CORO CORO,nutricion y desarrollo infantil,controles repetidos en ninos de 2 anos de < 5,2006-08-01,70,70,51,121
COROICO,nutricion y desarrollo infantil,controles repetidos en ninos de 2 anos de < 5,2006-08-01,100,100,103,203
CORQUE,nutricion y desarrollo infantil,controles repetidos en ninos de 2 anos de < 5,2006-08-01,58,58,47,105
COTAGAITA,nutricion y desarrollo infantil,controles repetidos en ninos de 2 anos de < 5,2006-08-01,267,267,266,533
COTOCA,nutricion y desarrollo infantil,controles repetidos en ninos de 2 anos de < 5,2006-08-01,112,112,84,196
CUATRO CAÑADAS,nutricion y desarrollo infantil,controles repetidos en ninos de 2 anos de < 5,2006-08-01,53,53,32,85
CUCHUMUELA (V. G. VILLARROEL),nutricion y desarrollo infantil,controles repetidos en ninos de 2 anos de < 5,2006-08-01,15,15,9,24
CUEVO,nutricion y desarrollo infantil,controles repetidos en ninos de 2 anos de < 5,2006-08-01,51,51,46,97
CULPINA,nutricion y desarrollo infantil,controles repetidos en ninos de 2 anos de < 5,2006-08-01,291,291,336,627
CURAHUARA DE CARANGAS,nutricion y desarrollo infantil,controles repetidos en ninos de 2 anos de < 5,2006-08-01,52,52,48,100
CURVA,nutricion y desarrollo infantil,controles repetidos en ninos de 2 anos de < 5,2006-08-01,32,32,26,58
DESAGUADERO,nutricion y desarrollo infantil,controles repetidos en ninos de 2 anos de < 5,2006-08-01,52,52,43,95
EL ALTO,nutricion y desarrollo infantil,controles repetidos en ninos de 2 anos de < 5,2006-08-01,2010,2010,1935,3945
EL CHORO,nutricion y desarrollo infantil,controles repetidos en ninos de 2 anos de < 5,2006-08-01,14,14,15,29
EL PUENTE(STC),nutricion y desarrollo infantil,controles repetidos en ninos de 2 anos de < 5,2006-08-01,125,125,121,246
EL PUENTE(TJA),nutricion y desarrollo infantil,controles repetidos en ninos de 2 anos de < 5,2006-08-01,145,145,133,278
EL TORNO,nutricion y desarrollo infantil,controles repetidos en ninos de 2 anos de < 5,2006-08-01,133,133,118,251
EL VILLAR,nutricion y desarrollo infantil,controles repetidos en ninos de 2 anos de < 5,2006-08-01,98,98,115,213
ENTRE RIOS,nutricion y desarrollo infantil,controles repetidos en ninos de 2 anos de < 5,2006-08-01,223,223,197,420
ENTRE RIOS,nutricion y desarrollo infantil,controles repetidos en ninos de 2 anos de < 5,2006-08-01,112,112,118,230
ESCARA,nutricion y desarrollo infantil,controles repetidos en ninos de 2 anos de < 5,2006-08-01,5,5,2,7
ESMERALDA,nutricion y desarrollo infantil,controles repetidos en ninos de 2 anos de < 5,2006-08-01,4,4,0,4
EUCALIPTUS,nutricion y desarrollo infantil,controles repetidos en ninos de 2 anos de < 5,2006-08-01,37,37,23,60
EUREKA (SANTOS MERCADO),nutricion y desarrollo infantil,controles repetidos en ninos de 2 anos de < 5,2006-08-01,14,14,8,22
EXALTACION,nutricion y desarrollo infantil,controles repetidos en ninos de 2 anos de < 5,2006-08-01,11,11,15,26
FERNANDEZ ALONSO,nutricion y desarrollo infantil,controles repetidos en ninos de 2 anos de < 5,2006-08-01,122,122,151,273
FILADELFIA,nutricion y desarrollo infantil,controles repetidos en ninos de 2 anos de < 5,2006-08-01,31,31,43,74
GENERAL SAAVEDRA,nutricion y desarrollo infantil,controles repetidos en ninos de 2 anos de < 5,2006-08-01,142,142,171,313
GRAL. J.J. PEREZ (CHARAZANI),nutricion y desarrollo infantil,controles repetidos en ninos de 2 anos de < 5,2006-08-01,73,73,99,172
GUANAY,nutricion y desarrollo infantil,controles repetidos en ninos de 2 anos de < 5,2006-08-01,91,91,119,210
GUAQUI,nutricion y desarrollo infantil,controles repetidos en ninos de 2 anos de < 5,2006-08-01,32,32,27,59
GUAYARAMERIN,nutricion y desarrollo infantil,controles repetidos en ninos de 2 anos de < 5,2006-08-01,231,231,253,484
GUTIERREZ,nutricion y desarrollo infantil,controles repetidos en ninos de 2 anos de < 5,2006-08-01,231,231,242,473
HUACARETA,nutricion y desarrollo infantil,controles repetidos en ninos de 2 anos de < 5,2006-08-01,157,157,140,297
HUACAYA (VILLA DE HUACAYA),nutricion y desarrollo infantil,controles repetidos en ninos de 2 anos de < 5,2006-08-01,48,48,49,97
HUACHACALLA,nutricion y desarrollo infantil,controles repetidos en ninos de 2 anos de < 5,2006-08-01,8,8,2,10
HUANUNI,nutricion y desarrollo infantil,controles repetidos en ninos de 2 anos de < 5,2006-08-01,102,102,86,188
HUARACAJE,nutricion y desarrollo infantil,controles repetidos en ninos de 2 anos de < 5,2006-08-01,37,37,36,73
HUAYLLAMARCA,nutricion y desarrollo infantil,controles repetidos en ninos de 2 anos de < 5,2006-08-01,16,16,22,38
ICHOCA,nutricion y desarrollo infantil,controles repetidos en ninos de 2 anos de < 5,2006-08-01,37,37,32,69
ICLA,nutricion y desarrollo infantil,controles repetidos en ninos de 2 anos de < 5,2006-08-01,329,329,311,640
INCAHUASI,nutricion y desarrollo infantil,controles repetidos en ninos de 2 anos de < 5,2006-08-01,296,296,353,649
INGAVI (HUMAITA),nutricion y desarrollo infantil,controles repetidos en ninos de 2 anos de < 5,2006-08-01,24,24,15,39
INQUISIVI,nutricion y desarrollo infantil,controles repetidos en ninos de 2 anos de < 5,2006-08-01,122,122,126,248
IRUPANA (VILLA DE LANZA),nutricion y desarrollo infantil,controles repetidos en ninos de 2 anos de < 5,2006-08-01,129,129,116,245
IXIAMAS,nutricion y desarrollo infantil,controles repetidos en ninos de 2 anos de < 5,2006-08-01,123,123,95,218
JESUS DE MACHACA,nutricion y desarrollo infantil,controles repetidos en ninos de 2 anos de < 5,2006-08-01,76,76,75,151
LA ASUNTA,nutricion y desarrollo infantil,controles repetidos en ninos de 2 anos de < 5,2006-08-01,48,48,41,89
LA GUARDIA,nutricion y desarrollo infantil,controles repetidos en ninos de 2 anos de < 5,2006-08-01,144,144,152,296
LA PAZ,nutricion y desarrollo infantil,controles repetidos en ninos de 2 anos de < 5,2006-08-01,1950,1950,1870,3820
LA RIVERA,nutricion y desarrollo infantil,controles repetidos en ninos de 2 anos de < 5,2006-08-01,2,2,5,7
LAGUNILLAS,nutricion y desarrollo infantil,controles repetidos en ninos de 2 anos de < 5,2006-08-01,124,124,117,241
LAJA,nutricion y desarrollo infantil,controles repetidos en ninos de 2 anos de < 5,2006-08-01,61,61,83,144
LAS CARRERAS,nutricion y desarrollo infantil,controles repetidos en ninos de 2 anos de < 5,2006-08-01,69,69,73,142
LICOMA PAMPA,nutricion y desarrollo infantil,controles repetidos en ninos de 2 anos de < 5,2006-08-01,29,29,33,62
LLALLAGUA,nutricion y desarrollo infantil,controles repetidos en ninos de 2 anos de < 5,2006-08-01,365,365,360,725
LLICA,nutricion y desarrollo infantil,controles repetidos en ninos de 2 anos de < 5,2006-08-01,40,40,39,79
LORETO,nutricion y desarrollo infantil,controles repetidos en ninos de 2 anos de < 5,2006-08-01,27,27,48,75
LURIBAY,nutricion y desarrollo infantil,controles repetidos en ninos de 2 anos de < 5,2006-08-01,119,119,123,242
MACHACAMARCA,nutricion y desarrollo infantil,controles repetidos en ninos de 2 anos de < 5,2006-08-01,14,14,6,20
MACHARETI,nutricion y desarrollo infantil,controles repetidos en ninos de 2 anos de < 5,2006-08-01,171,171,199,370
MAGDALENA,nutricion y desarrollo infantil,controles repetidos en ninos de 2 anos de < 5,2006-08-01,97,97,78,175
MAIRANA,nutricion y desarrollo infantil,controles repetidos en ninos de 2 anos de < 5,2006-08-01,67,67,48,115
MALLA,nutricion y desarrollo infantil,controles repetidos en ninos de 2 anos de < 5,2006-08-01,29,29,100,129
MAPIRI,nutricion y desarrollo infantil,controles repetidos en ninos de 2 anos de < 5,2006-08-01,95,95,81,176
MECAPACA,nutricion y desarrollo infantil,controles repetidos en ninos de 2 anos de < 5,2006-08-01,49,49,40,89
MINEROS,nutricion y desarrollo infantil,controles repetidos en ninos de 2 anos de < 5,2006-08-01,171,171,173,344
MIZQUE,nutricion y desarrollo infantil,controles repetidos en ninos de 2 anos de < 5,2006-08-01,110,110,128,238
MOCOMOCO,nutricion y desarrollo infantil,controles repetidos en ninos de 2 anos de < 5,2006-08-01,135,135,141,276
MOJINETE,nutricion y desarrollo infantil,controles repetidos en ninos de 2 anos de < 5,2006-08-01,13,13,17,30
MOJOCOYA,nutricion y desarrollo infantil,controles repetidos en ninos de 2 anos de < 5,2006-08-01,146,146,132,278
MONTEAGUDO,nutricion y desarrollo infantil,controles repetidos en ninos de 2 anos de < 5,2006-08-01,316,316,253,569
MONTERO,nutricion y desarrollo infantil,controles repetidos en ninos de 2 anos de < 5,2006-08-01,636,636,610,1246
MORO MORO,nutricion y desarrollo infantil,controles repetidos en ninos de 2 anos de < 5,2006-08-01,22,22,25,47
MOROCHATA,nutricion y desarrollo infantil,controles repetidos en ninos de 2 anos de < 5,2006-08-01,48,48,63,111
NACEBE (SANTA ROSA DEL ABUNA),nutricion y desarrollo infantil,controles repetidos en ninos de 2 anos de < 5,2006-08-01,22,22,16,38
NUEVO MANOA (NUEVA ESPERANZA),nutricion y desarrollo infantil,controles repetidos en ninos de 2 anos de < 5,2006-08-01,1,1,2,3
OCURI,nutricion y desarrollo infantil,controles repetidos en ninos de 2 anos de < 5,2006-08-01,173,173,182,355
OKINAWA,nutricion y desarrollo infantil,controles repetidos en ninos de 2 anos de < 5,2006-08-01,86,86,68,154
OMEREQUE,nutricion y desarrollo infantil,controles repetidos en ninos de 2 anos de < 5,2006-08-01,41,41,51,92
ORURO,nutricion y desarrollo infantil,controles repetidos en ninos de 2 anos de < 5,2006-08-01,776,776,771,1547
PADCAYA,nutricion y desarrollo infantil,controles repetidos en ninos de 2 anos de < 5,2006-08-01,181,181,202,383
PADILLA,nutricion y desarrollo infantil,controles repetidos en ninos de 2 anos de < 5,2006-08-01,253,253,254,507
PAILON,nutricion y desarrollo infantil,controles repetidos en ninos de 2 anos de < 5,2006-08-01,98,98,110,208
PALCA,nutricion y desarrollo infantil,controles repetidos en ninos de 2 anos de < 5,2006-08-01,72,72,60,132
PALOS BLANCOS,nutricion y desarrollo infantil,controles repetidos en ninos de 2 anos de < 5,2006-08-01,206,206,160,366
PAMPA AULLAGAS,nutricion y desarrollo infantil,controles repetidos en ninos de 2 anos de < 5,2006-08-01,33,33,34,67
PAMPA GRANDE,nutricion y desarrollo infantil,controles repetidos en ninos de 2 anos de < 5,2006-08-01,60,60,55,115
PAPEL PAMPA,nutricion y desarrollo infantil,controles repetidos en ninos de 2 anos de < 5,2006-08-01,21,21,25,46
PASORAPA,nutricion y desarrollo infantil,controles repetidos en ninos de 2 anos de < 5,2006-08-01,76,76,75,151
PATACAMAYA,nutricion y desarrollo infantil,controles repetidos en ninos de 2 anos de < 5,2006-08-01,117,117,101,218
PAZÑA,nutricion y desarrollo infantil,controles repetidos en ninos de 2 anos de < 5,2006-08-01,32,32,37,69
PELECHUCO,nutricion y desarrollo infantil,controles repetidos en ninos de 2 anos de < 5,2006-08-01,31,31,27,58
POCOATA,nutricion y desarrollo infantil,controles repetidos en ninos de 2 anos de < 5,2006-08-01,168,168,179,347
POCONA,nutricion y desarrollo infantil,controles repetidos en ninos de 2 anos de < 5,2006-08-01,56,56,34,90
POJO (CBBA),nutricion y desarrollo infantil,controles repetidos en ninos de 2 anos de < 5,2006-08-01,37,37,39,76
POOPO,nutricion y desarrollo infantil,controles repetidos en ninos de 2 anos de < 5,2006-08-01,22,22,32,54
PORCO,nutricion y desarrollo infantil,controles repetidos en ninos de 2 anos de < 5,2006-08-01,24,24,28,52
POROMA,nutricion y desarrollo infantil,controles repetidos en ninos de 2 anos de < 5,2006-08-01,195,195,181,376
PORONGO,nutricion y desarrollo infantil,controles repetidos en ninos de 2 anos de < 5,2006-08-01,44,44,21,65
PORTACHUELO,nutricion y desarrollo infantil,controles repetidos en ninos de 2 anos de < 5,2006-08-01,120,120,125,245
PORVENIR,nutricion y desarrollo infantil,controles repetidos en ninos de 2 anos de < 5,2006-08-01,200,200,153,353
POSTRER VALLE,nutricion y desarrollo infantil,controles repetidos en ninos de 2 anos de < 5,2006-08-01,26,26,30,56
POTOSI,nutricion y desarrollo infantil,controles repetidos en ninos de 2 anos de < 5,2006-08-01,658,658,625,1283
PRESTO,nutricion y desarrollo infantil,controles repetidos en ninos de 2 anos de < 5,2006-08-01,179,179,130,309
PUCARA,nutricion y desarrollo infantil,controles repetidos en ninos de 2 anos de < 5,2006-08-01,28,28,33,61
PUCARANI,nutricion y desarrollo infantil,controles repetidos en ninos de 2 anos de < 5,2006-08-01,63,63,73,136
PUERTO ACOSTA,nutricion y desarrollo infantil,controles repetidos en ninos de 2 anos de < 5,2006-08-01,136,136,166,302
PUERTO CARABUCO,nutricion y desarrollo infantil,controles repetidos en ninos de 2 anos de < 5,2006-08-01,100,100,125,225
PUERTO GONZALO MORENO,nutricion y desarrollo infantil,controles repetidos en ninos de 2 anos de < 5,2006-08-01,46,46,43,89
PUERTO PEREZ,nutricion y desarrollo infantil,controles repetidos en ninos de 2 anos de < 5,2006-08-01,37,37,24,61
PUERTO QUIJARRO,nutricion y desarrollo infantil,controles repetidos en ninos de 2 anos de < 5,2006-08-01,31,31,30,61
PUERTO RICO,nutricion y desarrollo infantil,controles repetidos en ninos de 2 anos de < 5,2006-08-01,42,42,32,74
PUERTO SILES,nutricion y desarrollo infantil,controles repetidos en ninos de 2 anos de < 5,2006-08-01,8,8,12,20
PUERTO SUAREZ,nutricion y desarrollo infantil,controles repetidos en ninos de 2 anos de < 5,2006-08-01,34,34,49,83
PUERTO VILLARROEL,nutricion y desarrollo infantil,controles repetidos en ninos de 2 anos de < 5,2006-08-01,151,151,170,321
PUNA,nutricion y desarrollo infantil,controles repetidos en ninos de 2 anos de < 5,2006-08-01,255,255,276,531
PUNATA,nutricion y desarrollo infantil,controles repetidos en ninos de 2 anos de < 5,2006-08-01,63,63,56,119
QUIABAYA,nutricion y desarrollo infantil,controles repetidos en ninos de 2 anos de < 5,2006-08-01,11,11,9,20
QUILLACOLLO,nutricion y desarrollo infantil,controles repetidos en ninos de 2 anos de < 5,2006-08-01,114,114,81,195
QUIME,nutricion y desarrollo infantil,controles repetidos en ninos de 2 anos de < 5,2006-08-01,72,72,89,161
QUIRUSILLAS,nutricion y desarrollo infantil,controles repetidos en ninos de 2 anos de < 5,2006-08-01,28,28,42,70
RAVELO,nutricion y desarrollo infantil,controles repetidos en ninos de 2 anos de < 5,2006-08-01,408,408,400,808
REYES,nutricion y desarrollo infantil,controles repetidos en ninos de 2 anos de < 5,2006-08-01,93,93,97,190
RIBERALTA,nutricion y desarrollo infantil,controles repetidos en ninos de 2 anos de < 5,2006-08-01,369,369,361,730
ROBORE,nutricion y desarrollo infantil,controles repetidos en ninos de 2 anos de < 5,2006-08-01,84,84,96,180
RURRENABAQUE,nutricion y desarrollo infantil,controles repetidos en ninos de 2 anos de < 5,2006-08-01,41,41,52,93
SABAYA,nutricion y desarrollo infantil,controles repetidos en ninos de 2 anos de < 5,2006-08-01,17,17,20,37
SACABA,nutricion y desarrollo infantil,controles repetidos en ninos de 2 anos de < 5,2006-08-01,73,73,88,161
SACABAMBA,nutricion y desarrollo infantil,controles repetidos en ninos de 2 anos de < 5,2006-08-01,14,14,11,25
SACACA,nutricion y desarrollo infantil,controles repetidos en ninos de 2 anos de < 5,2006-08-01,625,625,531,1156
SAIPINA,nutricion y desarrollo infantil,controles repetidos en ninos de 2 anos de < 5,2006-08-01,93,93,79,172
SALINAS DE GARCI MENDOZA,nutricion y desarrollo infantil,controles repetidos en ninos de 2 anos de < 5,2006-08-01,80,80,88,168
SAMAIPATA,nutricion y desarrollo infantil,controles repetidos en ninos de 2 anos de < 5,2006-08-01,78,78,62,140
SAN AGUSTIN,nutricion y desarrollo infantil,controles repetidos en ninos de 2 anos de < 5,2006-08-01,29,29,37,66
SAN ANDRES,nutricion y desarrollo infantil,controles repetidos en ninos de 2 anos de < 5,2006-08-01,117,117,116,233
SAN ANDRES DE MACHACA,nutricion y desarrollo infantil,controles repetidos en ninos de 2 anos de < 5,2006-08-01,31,31,33,64
SAN ANTONIO DE ESMORUCO,nutricion y desarrollo infantil,controles repetidos en ninos de 2 anos de < 5,2006-08-01,10,10,6,16
SAN ANTONIO DE LOMERIO,nutricion y desarrollo infantil,controles repetidos en ninos de 2 anos de < 5,2006-08-01,135,135,113,248
SAN BENITO,nutricion y desarrollo infantil,controles repetidos en ninos de 2 anos de < 5,2006-08-01,29,29,39,68
SAN BORJA,nutricion y desarrollo infantil,controles repetidos en ninos de 2 anos de < 5,2006-08-01,284,284,284,568
SAN BUENA VENTURA,nutricion y desarrollo infantil,controles repetidos en ninos de 2 anos de < 5,2006-08-01,50,50,50,100
SAN CARLOS,nutricion y desarrollo infantil,controles repetidos en ninos de 2 anos de < 5,2006-08-01,114,114,135,249
SAN IGNACIO,nutricion y desarrollo infantil,controles repetidos en ninos de 2 anos de < 5,2006-08-01,198,198,189,387
SAN IGNACIO DE VELASCO,nutricion y desarrollo infantil,controles repetidos en ninos de 2 anos de < 5,2006-08-01,317,317,289,606
SAN JAVIER(BNI),nutricion y desarrollo infantil,controles repetidos en ninos de 2 anos de < 5,2006-08-01,53,53,52,105
SAN JAVIER(STC),nutricion y desarrollo infantil,controles repetidos en ninos de 2 anos de < 5,2006-08-01,22,22,28,50
SAN JOAQUIN,nutricion y desarrollo infantil,controles repetidos en ninos de 2 anos de < 5,2006-08-01,42,42,61,103
SAN JOSE DE CHIQUITOS,nutricion y desarrollo infantil,controles repetidos en ninos de 2 anos de < 5,2006-08-01,41,41,52,93
SAN JUAN DE YAPACANI,nutricion y desarrollo infantil,controles repetidos en ninos de 2 anos de < 5,2006-08-01,116,116,103,219
SAN JULIAN,nutricion y desarrollo infantil,controles repetidos en ninos de 2 anos de < 5,2006-08-01,151,151,248,399
SAN LORENZO(PND),nutricion y desarrollo infantil,controles repetidos en ninos de 2 anos de < 5,2006-08-01,84,84,80,164
SAN LORENZO(TJA),nutricion y desarrollo infantil,controles repetidos en ninos de 2 anos de < 5,2006-08-01,203,203,197,400
SAN LUCAS,nutricion y desarrollo infantil,controles repetidos en ninos de 2 anos de < 5,2006-08-01,615,615,745,1360
SAN MATIAS,nutricion y desarrollo infantil,controles repetidos en ninos de 2 anos de < 5,2006-08-01,85,85,68,153
SAN MIGUEL DE VELASCO,nutricion y desarrollo infantil,controles repetidos en ninos de 2 anos de < 5,2006-08-01,105,105,105,210
SAN PABLO DE LIPEZ,nutricion y desarrollo infantil,controles repetidos en ninos de 2 anos de < 5,2006-08-01,15,15,26,41
SAN PEDRO,nutricion y desarrollo infantil,controles repetidos en ninos de 2 anos de < 5,2006-08-01,90,90,89,179
SAN PEDRO DE BUENA VISTA,nutricion y desarrollo infantil,controles repetidos en ninos de 2 anos de < 5,2006-08-01,330,330,293,623
SAN PEDRO DE CURAHUARA,nutricion y desarrollo infantil,controles repetidos en ninos de 2 anos de < 5,2006-08-01,39,39,43,82
SAN PEDRO DE QUEMES,nutricion y desarrollo infantil,controles repetidos en ninos de 2 anos de < 5,2006-08-01,4,4,5,9
SAN PEDRO DE TIQUINA,nutricion y desarrollo infantil,controles repetidos en ninos de 2 anos de < 5,2006-08-01,23,23,27,50
SAN PEDRO(PND),nutricion y desarrollo infantil,controles repetidos en ninos de 2 anos de < 5,2006-08-01,31,31,38,69
SAN RAFAEL,nutricion y desarrollo infantil,controles repetidos en ninos de 2 anos de < 5,2006-08-01,39,39,34,73
SAN RAMON,nutricion y desarrollo infantil,controles repetidos en ninos de 2 anos de < 5,2006-08-01,33,33,23,56
SAN RAMON,nutricion y desarrollo infantil,controles repetidos en ninos de 2 anos de < 5,2006-08-01,33,33,28,61
SANTA ANA,nutricion y desarrollo infantil,controles repetidos en ninos de 2 anos de < 5,2006-08-01,78,78,79,157
SANTA CRUZ DE LA SIERRA,nutricion y desarrollo infantil,controles repetidos en ninos de 2 anos de < 5,2006-08-01,2715,2715,2353,5068
SANTA ROSA,nutricion y desarrollo infantil,controles repetidos en ninos de 2 anos de < 5,2006-08-01,42,42,56,98
SANTA ROSA DEL SARA,nutricion y desarrollo infantil,controles repetidos en ninos de 2 anos de < 5,2006-08-01,71,71,88,159
SANTIAGO DE CALLAPA,nutricion y desarrollo infantil,controles repetidos en ninos de 2 anos de < 5,2006-08-01,27,27,39,66
SANTIAGO DE HUARI,nutricion y desarrollo infantil,controles repetidos en ninos de 2 anos de < 5,2006-08-01,69,69,62,131
SANTIAGO DE MACHACA,nutricion y desarrollo infantil,controles repetidos en ninos de 2 anos de < 5,2006-08-01,21,21,17,38
SANTIVAÑES,nutricion y desarrollo infantil,controles repetidos en ninos de 2 anos de < 5,2006-08-01,94,94,74,168
SANTUARIO DE QUILLACAS,nutricion y desarrollo infantil,controles repetidos en ninos de 2 anos de < 5,2006-08-01,34,34,59,93
SAPAHAQUI,nutricion y desarrollo infantil,controles repetidos en ninos de 2 anos de < 5,2006-08-01,69,69,76,145
SENA,nutricion y desarrollo infantil,controles repetidos en ninos de 2 anos de < 5,2006-08-01,65,65,64,129
SICA SICA (VILLA AROMA),nutricion y desarrollo infantil,controles repetidos en ninos de 2 anos de < 5,2006-08-01,110,110,123,233
SICAYA,nutricion y desarrollo infantil,controles repetidos en ninos de 2 anos de < 5,2006-08-01,19,19,15,34
SIPE SIPE,nutricion y desarrollo infantil,controles repetidos en ninos de 2 anos de < 5,2006-08-01,62,62,116,178
SOPACHUY,nutricion y desarrollo infantil,controles repetidos en ninos de 2 anos de < 5,2006-08-01,129,129,162,291
SORACACHI,nutricion y desarrollo infantil,controles repetidos en ninos de 2 anos de < 5,2006-08-01,65,65,54,119
SORATA,nutricion y desarrollo infantil,controles repetidos en ninos de 2 anos de < 5,2006-08-01,101,101,76,177
SUCRE,nutricion y desarrollo infantil,controles repetidos en ninos de 2 anos de < 5,2006-08-01,1036,1036,1013,2049
TACACHI,nutricion y desarrollo infantil,controles repetidos en ninos de 2 anos de < 5,2006-08-01,3,3,3,6
TACACOMA,nutricion y desarrollo infantil,controles repetidos en ninos de 2 anos de < 5,2006-08-01,28,28,34,62
TACOBAMBA,nutricion y desarrollo infantil,controles repetidos en ninos de 2 anos de < 5,2006-08-01,73,73,60,133
TACOPAYA,nutricion y desarrollo infantil,controles repetidos en ninos de 2 anos de < 5,2006-08-01,88,88,97,185
TAHUA,nutricion y desarrollo infantil,controles repetidos en ninos de 2 anos de < 5,2006-08-01,0,0,2,2
TAPACARI,nutricion y desarrollo infantil,controles repetidos en ninos de 2 anos de < 5,2006-08-01,144,144,116,260
TARABUCO,nutricion y desarrollo infantil,controles repetidos en ninos de 2 anos de < 5,2006-08-01,584,584,569,1153
TARACO,nutricion y desarrollo infantil,controles repetidos en ninos de 2 anos de < 5,2006-08-01,17,17,12,29
TARATA,nutricion y desarrollo infantil,controles repetidos en ninos de 2 anos de < 5,2006-08-01,16,16,22,38
TARIJA,nutricion y desarrollo infantil,controles repetidos en ninos de 2 anos de < 5,2006-08-01,542,542,548,1090
TARVITA,nutricion y desarrollo infantil,controles repetidos en ninos de 2 anos de < 5,2006-08-01,114,114,112,226
TEOPONTE,nutricion y desarrollo infantil,controles repetidos en ninos de 2 anos de < 5,2006-08-01,78,78,82,160
TIAWANACU,nutricion y desarrollo infantil,controles repetidos en ninos de 2 anos de < 5,2006-08-01,35,35,42,77
TINGUIPAYA,nutricion y desarrollo infantil,controles repetidos en ninos de 2 anos de < 5,2006-08-01,202,202,204,406
TIPUANI,nutricion y desarrollo infantil,controles repetidos en ninos de 2 anos de < 5,2006-08-01,40,40,35,75
TIQUIPAYA,nutricion y desarrollo infantil,controles repetidos en ninos de 2 anos de < 5,2006-08-01,62,62,56,118
TIRAQUE (CBBA),nutricion y desarrollo infantil,controles repetidos en ninos de 2 anos de < 5,2006-08-01,168,168,171,339
TITO YUPANQUI (PARQUIPUJIO),nutricion y desarrollo infantil,controles repetidos en ninos de 2 anos de < 5,2006-08-01,17,17,9,26
TOCO,nutricion y desarrollo infantil,controles repetidos en ninos de 2 anos de < 5,2006-08-01,17,17,18,35
TOLATA,nutricion y desarrollo infantil,controles repetidos en ninos de 2 anos de < 5,2006-08-01,17,17,9,26
TOLEDO,nutricion y desarrollo infantil,controles repetidos en ninos de 2 anos de < 5,2006-08-01,20,20,16,36
TOMAVE,nutricion y desarrollo infantil,controles repetidos en ninos de 2 anos de < 5,2006-08-01,75,75,63,138
TOMINA,nutricion y desarrollo infantil,controles repetidos en ninos de 2 anos de < 5,2006-08-01,221,221,249,470
TORO TORO,nutricion y desarrollo infantil,controles repetidos en ninos de 2 anos de < 5,2006-08-01,126,126,147,273
TOTORA(CBBA),nutricion y desarrollo infantil,controles repetidos en ninos de 2 anos de < 5,2006-08-01,58,58,66,124
TOTORA(ORR),nutricion y desarrollo infantil,controles repetidos en ninos de 2 anos de < 5,2006-08-01,33,33,48,81
TRIGAL,nutricion y desarrollo infantil,controles repetidos en ninos de 2 anos de < 5,2006-08-01,25,25,23,48
TRINIDAD,nutricion y desarrollo infantil,controles repetidos en ninos de 2 anos de < 5,2006-08-01,230,230,238,468
TUPIZA,nutricion y desarrollo infantil,controles repetidos en ninos de 2 anos de < 5,2006-08-01,446,446,446,892
TURCO,nutricion y desarrollo infantil,controles repetidos en ninos de 2 anos de < 5,2006-08-01,38,38,27,65
UMALA,nutricion y desarrollo infantil,controles repetidos en ninos de 2 anos de < 5,2006-08-01,28,28,45,73
UNCIA,nutricion y desarrollo infantil,controles repetidos en ninos de 2 anos de < 5,2006-08-01,131,131,126,257
URIONDO (A. CONCEPCION),nutricion y desarrollo infantil,controles repetidos en ninos de 2 anos de < 5,2006-08-01,186,186,171,357
URUBICHA,nutricion y desarrollo infantil,controles repetidos en ninos de 2 anos de < 5,2006-08-01,196,196,202,398
UYUNI,nutricion y desarrollo infantil,controles repetidos en ninos de 2 anos de < 5,2006-08-01,147,147,154,301
VACAS,nutricion y desarrollo infantil,controles repetidos en ninos de 2 anos de < 5,2006-08-01,36,36,35,71
VALLEGRANDE,nutricion y desarrollo infantil,controles repetidos en ninos de 2 anos de < 5,2006-08-01,79,79,82,161
VIACHA,nutricion y desarrollo infantil,controles repetidos en ninos de 2 anos de < 5,2006-08-01,91,91,118,209
VILA VILA,nutricion y desarrollo infantil,controles repetidos en ninos de 2 anos de < 5,2006-08-01,41,41,41,82
VILLA MONTES,nutricion y desarrollo infantil,controles repetidos en ninos de 2 anos de < 5,2006-08-01,115,115,106,221
VILLA NUEVA (LOMA ALTA),nutricion y desarrollo infantil,controles repetidos en ninos de 2 anos de < 5,2006-08-01,2,2,2,4
VILLA RIVERO,nutricion y desarrollo infantil,controles repetidos en ninos de 2 anos de < 5,2006-08-01,61,61,52,113
VILLA SERRANO,nutricion y desarrollo infantil,controles repetidos en ninos de 2 anos de < 5,2006-08-01,287,287,276,563
VILLA TUNARI,nutricion y desarrollo infantil,controles repetidos en ninos de 2 anos de < 5,2006-08-01,253,253,214,467
VILLA VACA GUZMAN (MUYUPAMPA),nutricion y desarrollo infantil,controles repetidos en ninos de 2 anos de < 5,2006-08-01,141,141,193,334
VILLAZON,nutricion y desarrollo infantil,controles repetidos en ninos de 2 anos de < 5,2006-08-01,226,226,283,509
VINTO,nutricion y desarrollo infantil,controles repetidos en ninos de 2 anos de < 5,2006-08-01,39,39,27,66
VITICHI,nutricion y desarrollo infantil,controles repetidos en ninos de 2 anos de < 5,2006-08-01,178,178,165,343
WALDO BALLIVIAN,nutricion y desarrollo infantil,controles repetidos en ninos de 2 anos de < 5,2006-08-01,8,8,9,17
WARNES,nutricion y desarrollo infantil,controles repetidos en ninos de 2 anos de < 5,2006-08-01,258,258,248,506
YACO,nutricion y desarrollo infantil,controles repetidos en ninos de 2 anos de < 5,2006-08-01,75,75,70,145
YACUIBA,nutricion y desarrollo infantil,controles repetidos en ninos de 2 anos de < 5,2006-08-01,262,262,252,514
YAMPARAEZ,nutricion y desarrollo infantil,controles repetidos en ninos de 2 anos de < 5,2006-08-01,273,273,267,540
YANACACHI,nutricion y desarrollo infantil,controles repetidos en ninos de 2 anos de < 5,2006-08-01,25,25,23,48
YAPACANI,nutricion y desarrollo infantil,controles repetidos en ninos de 2 anos de < 5,2006-08-01,258,258,232,490
YOCALLA,nutricion y desarrollo infantil,controles repetidos en ninos de 2 anos de < 5,2006-08-01,37,37,35,72
YOTALA,nutricion y desarrollo infantil,controles repetidos en ninos de 2 anos de < 5,2006-08-01,178,178,193,371
YUNCHARA,nutricion y desarrollo infantil,controles repetidos en ninos de 2 anos de < 5,2006-08-01,119,119,93,212
ZUDAÑEZ,nutricion y desarrollo infantil,controles repetidos en ninos de 2 anos de < 5,2006-08-01,147,147,172,319
ACACIO,nutricion y desarrollo infantil,controles repetidos en ninos de 2 anos de < 5,2006-09-01,71,71,67,138
ACHACACHI,nutricion y desarrollo infantil,controles repetidos en ninos de 2 anos de < 5,2006-09-01,310,310,319,629
ACHOCALLA,nutricion y desarrollo infantil,controles repetidos en ninos de 2 anos de < 5,2006-09-01,16,16,15,31
AIQUILE,nutricion y desarrollo infantil,controles repetidos en ninos de 2 anos de < 5,2006-09-01,96,96,102,198
ALCALA,nutricion y desarrollo infantil,controles repetidos en ninos de 2 anos de < 5,2006-09-01,75,75,64,139
ANCORAIMES,nutricion y desarrollo infantil,controles repetidos en ninos de 2 anos de < 5,2006-09-01,88,88,110,198
ANDAMARCA,nutricion y desarrollo infantil,controles repetidos en ninos de 2 anos de < 5,2006-09-01,52,52,49,101
ANTEQUERA,nutricion y desarrollo infantil,controles repetidos en ninos de 2 anos de < 5,2006-09-01,16,16,14,30
ANZALDO,nutricion y desarrollo infantil,controles repetidos en ninos de 2 anos de < 5,2006-09-01,10,10,10,20
APOLO,nutricion y desarrollo infantil,controles repetidos en ninos de 2 anos de < 5,2006-09-01,146,146,152,298
ARAMPAMPA,nutricion y desarrollo infantil,controles repetidos en ninos de 2 anos de < 5,2006-09-01,97,97,103,200
ARANI,nutricion y desarrollo infantil,controles repetidos en ninos de 2 anos de < 5,2006-09-01,8,8,13,21
ARBIETO,nutricion y desarrollo infantil,controles repetidos en ninos de 2 anos de < 5,2006-09-01,16,16,21,37
ARQUE,nutricion y desarrollo infantil,controles repetidos en ninos de 2 anos de < 5,2006-09-01,71,71,105,176
ATOCHA,nutricion y desarrollo infantil,controles repetidos en ninos de 2 anos de < 5,2006-09-01,109,109,113,222
AUCAPATA,nutricion y desarrollo infantil,controles repetidos en ninos de 2 anos de < 5,2006-09-01,29,29,41,70
AYATA,nutricion y desarrollo infantil,controles repetidos en ninos de 2 anos de < 5,2006-09-01,62,62,66,128
AYO AYO,nutricion y desarrollo infantil,controles repetidos en ninos de 2 anos de < 5,2006-09-01,30,30,18,48
AYOPAYA (V. DE INDEPENDENCIA),nutricion y desarrollo infantil,controles repetidos en ninos de 2 anos de < 5,2006-09-01,130,130,134,264
AZURDUY,nutricion y desarrollo infantil,controles repetidos en ninos de 2 anos de < 5,2006-09-01,336,336,267,603
BATALLAS,nutricion y desarrollo infantil,controles repetidos en ninos de 2 anos de < 5,2006-09-01,71,71,81,152
BAURES,nutricion y desarrollo infantil,controles repetidos en ninos de 2 anos de < 5,2006-09-01,44,44,55,99
BELEN DE ANDAMARCA,nutricion y desarrollo infantil,controles repetidos en ninos de 2 anos de < 5,2006-09-01,0,0,7,7
BELEN DE URMIRI,nutricion y desarrollo infantil,controles repetidos en ninos de 2 anos de < 5,2006-09-01,16,16,11,27
BELLA FLOR,nutricion y desarrollo infantil,controles repetidos en ninos de 2 anos de < 5,2006-09-01,38,38,28,66
BERMEJO,nutricion y desarrollo infantil,controles repetidos en ninos de 2 anos de < 5,2006-09-01,71,71,119,190
BETANZOS,nutricion y desarrollo infantil,controles repetidos en ninos de 2 anos de < 5,2006-09-01,351,351,354,705
BOLIVAR,nutricion y desarrollo infantil,controles repetidos en ninos de 2 anos de < 5,2006-09-01,159,159,179,338
BOLPEBRA,nutricion y desarrollo infantil,controles repetidos en ninos de 2 anos de < 5,2006-09-01,11,11,22,33
BOYUIBE,nutricion y desarrollo infantil,controles repetidos en ninos de 2 anos de < 5,2006-09-01,37,37,28,65
BUENA VISTA,nutricion y desarrollo infantil,controles repetidos en ninos de 2 anos de < 5,2006-09-01,126,126,131,257
CABEZAS,nutricion y desarrollo infantil,controles repetidos en ninos de 2 anos de < 5,2006-09-01,121,121,116,237
CAIROMA,nutricion y desarrollo infantil,controles repetidos en ninos de 2 anos de < 5,2006-09-01,101,101,143,244
"CAIZA ""D""",nutricion y desarrollo infantil,controles repetidos en ninos de 2 anos de < 5,2006-09-01,98,98,94,192
CAJUATA,nutricion y desarrollo infantil,controles repetidos en ninos de 2 anos de < 5,2006-09-01,33,33,52,85
CALACOTO,nutricion y desarrollo infantil,controles repetidos en ninos de 2 anos de < 5,2006-09-01,33,33,33,66
CALAMARCA,nutricion y desarrollo infantil,controles repetidos en ninos de 2 anos de < 5,2006-09-01,121,121,122,243
CAMARGO,nutricion y desarrollo infantil,controles repetidos en ninos de 2 anos de < 5,2006-09-01,216,216,217,433
CAMATAQUI (C. VILLA ABECIA),nutricion y desarrollo infantil,controles repetidos en ninos de 2 anos de < 5,2006-09-01,67,67,48,115
CAMIRI,nutricion y desarrollo infantil,controles repetidos en ninos de 2 anos de < 5,2006-09-01,303,303,279,582
CAPINOTA,nutricion y desarrollo infantil,controles repetidos en ninos de 2 anos de < 5,2006-09-01,137,137,162,299
CAQUIAVIRI,nutricion y desarrollo infantil,controles repetidos en ninos de 2 anos de < 5,2006-09-01,23,23,34,57
CARACOLLO,nutricion y desarrollo infantil,controles repetidos en ninos de 2 anos de < 5,2006-09-01,82,82,49,131
CARANAVI,nutricion y desarrollo infantil,controles repetidos en ninos de 2 anos de < 5,2006-09-01,370,370,323,693
CARAPARI,nutricion y desarrollo infantil,controles repetidos en ninos de 2 anos de < 5,2006-09-01,99,99,79,178
CARIPUYO,nutricion y desarrollo infantil,controles repetidos en ninos de 2 anos de < 5,2006-09-01,100,100,122,222
CARMEN RIVERO TORREZ,nutricion y desarrollo infantil,controles repetidos en ninos de 2 anos de < 5,2006-09-01,17,17,15,32
CATACORA,nutricion y desarrollo infantil,controles repetidos en ninos de 2 anos de < 5,2006-09-01,11,11,6,17
CHACARILLA,nutricion y desarrollo infantil,controles repetidos en ninos de 2 anos de < 5,2006-09-01,12,12,11,23
CHALLAPATA,nutricion y desarrollo infantil,controles repetidos en ninos de 2 anos de < 5,2006-09-01,135,135,157,292
CHAQUI,nutricion y desarrollo infantil,controles repetidos en ninos de 2 anos de < 5,2006-09-01,59,59,86,145
CHARAGUA,nutricion y desarrollo infantil,controles repetidos en ninos de 2 anos de < 5,2006-09-01,238,238,210,448
CHARAÑA,nutricion y desarrollo infantil,controles repetidos en ninos de 2 anos de < 5,2006-09-01,5,5,7,12
CHAYANTA,nutricion y desarrollo infantil,controles repetidos en ninos de 2 anos de < 5,2006-09-01,122,122,124,246
CHIMORE,nutricion y desarrollo infantil,controles repetidos en ninos de 2 anos de < 5,2006-09-01,40,40,36,76
CHIPAYA,nutricion y desarrollo infantil,controles repetidos en ninos de 2 anos de < 5,2006-09-01,26,26,15,41
CHOQUE COTA,nutricion y desarrollo infantil,controles repetidos en ninos de 2 anos de < 5,2006-09-01,12,12,20,32
CHULUMANI (V. DE LA LIBERTAD),nutricion y desarrollo infantil,controles repetidos en ninos de 2 anos de < 5,2006-09-01,22,22,30,52
CHUMA,nutricion y desarrollo infantil,controles repetidos en ninos de 2 anos de < 5,2006-09-01,98,98,107,205
CLIZA,nutricion y desarrollo infantil,controles repetidos en ninos de 2 anos de < 5,2006-09-01,36,36,44,80
COBIJA,nutricion y desarrollo infantil,controles repetidos en ninos de 2 anos de < 5,2006-09-01,134,134,125,259
COCHABAMBA,nutricion y desarrollo infantil,controles repetidos en ninos de 2 anos de < 5,2006-09-01,1118,1118,985,2103
COIPASA,nutricion y desarrollo infantil,controles repetidos en ninos de 2 anos de < 5,2006-09-01,3,3,4,7
COLCAPIRHUA,nutricion y desarrollo infantil,controles repetidos en ninos de 2 anos de < 5,2006-09-01,50,50,49,99
"COLCHA ""K""",nutricion y desarrollo infantil,controles repetidos en ninos de 2 anos de < 5,2006-09-01,48,48,52,100
COLLANA,nutricion y desarrollo infantil,controles repetidos en ninos de 2 anos de < 5,2006-09-01,8,8,7,15
COLOMI,nutricion y desarrollo infantil,controles repetidos en ninos de 2 anos de < 5,2006-09-01,66,66,70,136
COLPA BELGICA,nutricion y desarrollo infantil,controles repetidos en ninos de 2 anos de < 5,2006-09-01,27,27,35,62
COLQUECHACA,nutricion y desarrollo infantil,controles repetidos en ninos de 2 anos de < 5,2006-09-01,222,222,251,473
COLQUENCHA,nutricion y desarrollo infantil,controles repetidos en ninos de 2 anos de < 5,2006-09-01,52,52,42,94
COLQUIRI,nutricion y desarrollo infantil,controles repetidos en ninos de 2 anos de < 5,2006-09-01,126,126,132,258
COMANCHE,nutricion y desarrollo infantil,controles repetidos en ninos de 2 anos de < 5,2006-09-01,7,7,11,18
COMARAPA,nutricion y desarrollo infantil,controles repetidos en ninos de 2 anos de < 5,2006-09-01,75,75,125,200
COMBAYA,nutricion y desarrollo infantil,controles repetidos en ninos de 2 anos de < 5,2006-09-01,17,17,12,29
CONCEPCION,nutricion y desarrollo infantil,controles repetidos en ninos de 2 anos de < 5,2006-09-01,39,39,36,75
COPACABANA,nutricion y desarrollo infantil,controles repetidos en ninos de 2 anos de < 5,2006-09-01,73,73,67,140
CORIPATA,nutricion y desarrollo infantil,controles repetidos en ninos de 2 anos de < 5,2006-09-01,42,42,42,84
CORO CORO,nutricion y desarrollo infantil,controles repetidos en ninos de 2 anos de < 5,2006-09-01,45,45,56,101
COROICO,nutricion y desarrollo infantil,controles repetidos en ninos de 2 anos de < 5,2006-09-01,93,93,87,180
CORQUE,nutricion y desarrollo infantil,controles repetidos en ninos de 2 anos de < 5,2006-09-01,45,45,47,92
COTAGAITA,nutricion y desarrollo infantil,controles repetidos en ninos de 2 anos de < 5,2006-09-01,151,151,135,286
COTOCA,nutricion y desarrollo infantil,controles repetidos en ninos de 2 anos de < 5,2006-09-01,93,93,81,174
CUATRO CAÑADAS,nutricion y desarrollo infantil,controles repetidos en ninos de 2 anos de < 5,2006-09-01,77,77,56,133
CUCHUMUELA (V. G. VILLARROEL),nutricion y desarrollo infantil,controles repetidos en ninos de 2 anos de < 5,2006-09-01,6,6,2,8
CUEVO,nutricion y desarrollo infantil,controles repetidos en ninos de 2 anos de < 5,2006-09-01,60,60,76,136
CULPINA,nutricion y desarrollo infantil,controles repetidos en ninos de 2 anos de < 5,2006-09-01,331,331,355,686
CURAHUARA DE CARANGAS,nutricion y desarrollo infantil,controles repetidos en ninos de 2 anos de < 5,2006-09-01,30,30,19,49
CURVA,nutricion y desarrollo infantil,controles repetidos en ninos de 2 anos de < 5,2006-09-01,30,30,23,53
DESAGUADERO,nutricion y desarrollo infantil,controles repetidos en ninos de 2 anos de < 5,2006-09-01,25,25,16,41
EL ALTO,nutricion y desarrollo infantil,controles repetidos en ninos de 2 anos de < 5,2006-09-01,2133,2133,2076,4209
EL CHORO,nutricion y desarrollo infantil,controles repetidos en ninos de 2 anos de < 5,2006-09-01,13,13,13,26
EL PUENTE(STC),nutricion y desarrollo infantil,controles repetidos en ninos de 2 anos de < 5,2006-09-01,100,100,103,203
EL PUENTE(TJA),nutricion y desarrollo infantil,controles repetidos en ninos de 2 anos de < 5,2006-09-01,144,144,124,268
EL TORNO,nutricion y desarrollo infantil,controles repetidos en ninos de 2 anos de < 5,2006-09-01,130,130,141,271
EL VILLAR,nutricion y desarrollo infantil,controles repetidos en ninos de 2 anos de < 5,2006-09-01,118,118,99,217
ENTRE RIOS,nutricion y desarrollo infantil,controles repetidos en ninos de 2 anos de < 5,2006-09-01,217,217,209,426
ENTRE RIOS,nutricion y desarrollo infantil,controles repetidos en ninos de 2 anos de < 5,2006-09-01,76,76,71,147
ESCARA,nutricion y desarrollo infantil,controles repetidos en ninos de 2 anos de < 5,2006-09-01,1,1,3,4
ESMERALDA,nutricion y desarrollo infantil,controles repetidos en ninos de 2 anos de < 5,2006-09-01,5,5,1,6
EUCALIPTUS,nutricion y desarrollo infantil,controles repetidos en ninos de 2 anos de < 5,2006-09-01,62,62,39,101
EUREKA (SANTOS MERCADO),nutricion y desarrollo infantil,controles repetidos en ninos de 2 anos de < 5,2006-09-01,13,13,20,33
EXALTACION,nutricion y desarrollo infantil,controles repetidos en ninos de 2 anos de < 5,2006-09-01,46,46,45,91
FERNANDEZ ALONSO,nutricion y desarrollo infantil,controles repetidos en ninos de 2 anos de < 5,2006-09-01,116,116,135,251
FILADELFIA,nutricion y desarrollo infantil,controles repetidos en ninos de 2 anos de < 5,2006-09-01,21,21,27,48
GENERAL SAAVEDRA,nutricion y desarrollo infantil,controles repetidos en ninos de 2 anos de < 5,2006-09-01,123,123,117,240
GRAL. J.J. PEREZ (CHARAZANI),nutricion y desarrollo infantil,controles repetidos en ninos de 2 anos de < 5,2006-09-01,136,136,126,262
GUANAY,nutricion y desarrollo infantil,controles repetidos en ninos de 2 anos de < 5,2006-09-01,70,70,80,150
GUAQUI,nutricion y desarrollo infantil,controles repetidos en ninos de 2 anos de < 5,2006-09-01,23,23,28,51
GUAYARAMERIN,nutricion y desarrollo infantil,controles repetidos en ninos de 2 anos de < 5,2006-09-01,211,211,233,444
GUTIERREZ,nutricion y desarrollo infantil,controles repetidos en ninos de 2 anos de < 5,2006-09-01,209,209,198,407
HUACARETA,nutricion y desarrollo infantil,controles repetidos en ninos de 2 anos de < 5,2006-09-01,142,142,130,272
HUACAYA (VILLA DE HUACAYA),nutricion y desarrollo infantil,controles repetidos en ninos de 2 anos de < 5,2006-09-01,42,42,35,77
HUACHACALLA,nutricion y desarrollo infantil,controles repetidos en ninos de 2 anos de < 5,2006-09-01,4,4,8,12
HUANUNI,nutricion y desarrollo infantil,controles repetidos en ninos de 2 anos de < 5,2006-09-01,92,92,76,168
HUARACAJE,nutricion y desarrollo infantil,controles repetidos en ninos de 2 anos de < 5,2006-09-01,50,50,36,86
HUAYLLAMARCA,nutricion y desarrollo infantil,controles repetidos en ninos de 2 anos de < 5,2006-09-01,16,16,31,47
ICHOCA,nutricion y desarrollo infantil,controles repetidos en ninos de 2 anos de < 5,2006-09-01,37,37,52,89
ICLA,nutricion y desarrollo infantil,controles repetidos en ninos de 2 anos de < 5,2006-09-01,313,313,305,618
INCAHUASI,nutricion y desarrollo infantil,controles repetidos en ninos de 2 anos de < 5,2006-09-01,287,287,321,608
INGAVI (HUMAITA),nutricion y desarrollo infantil,controles repetidos en ninos de 2 anos de < 5,2006-09-01,6,6,3,9
INQUISIVI,nutricion y desarrollo infantil,controles repetidos en ninos de 2 anos de < 5,2006-09-01,86,86,99,185
IRUPANA (VILLA DE LANZA),nutricion y desarrollo infantil,controles repetidos en ninos de 2 anos de < 5,2006-09-01,141,141,136,277
IXIAMAS,nutricion y desarrollo infantil,controles repetidos en ninos de 2 anos de < 5,2006-09-01,57,57,42,99
JESUS DE MACHACA,nutricion y desarrollo infantil,controles repetidos en ninos de 2 anos de < 5,2006-09-01,105,105,94,199
LA ASUNTA,nutricion y desarrollo infantil,controles repetidos en ninos de 2 anos de < 5,2006-09-01,78,78,63,141
LA GUARDIA,nutricion y desarrollo infantil,controles repetidos en ninos de 2 anos de < 5,2006-09-01,195,195,187,382
LA PAZ,nutricion y desarrollo infantil,controles repetidos en ninos de 2 anos de < 5,2006-09-01,2047,2047,1886,3933
LA RIVERA,nutricion y desarrollo infantil,controles repetidos en ninos de 2 anos de < 5,2006-09-01,1,1,5,6
LAGUNILLAS,nutricion y desarrollo infantil,controles repetidos en ninos de 2 anos de < 5,2006-09-01,122,122,151,273
LAJA,nutricion y desarrollo infantil,controles repetidos en ninos de 2 anos de < 5,2006-09-01,78,78,56,134
LAS CARRERAS,nutricion y desarrollo infantil,controles repetidos en ninos de 2 anos de < 5,2006-09-01,83,83,62,145
LICOMA PAMPA,nutricion y desarrollo infantil,controles repetidos en ninos de 2 anos de < 5,2006-09-01,34,34,26,60
LLALLAGUA,nutricion y desarrollo infantil,controles repetidos en ninos de 2 anos de < 5,2006-09-01,347,347,321,668
LLICA,nutricion y desarrollo infantil,controles repetidos en ninos de 2 anos de < 5,2006-09-01,28,28,25,53
LORETO,nutricion y desarrollo infantil,controles repetidos en ninos de 2 anos de < 5,2006-09-01,26,26,35,61
LURIBAY,nutricion y desarrollo infantil,controles repetidos en ninos de 2 anos de < 5,2006-09-01,104,104,103,207
MACHACAMARCA,nutricion y desarrollo infantil,controles repetidos en ninos de 2 anos de < 5,2006-09-01,8,8,8,16
MACHARETI,nutricion y desarrollo infantil,controles repetidos en ninos de 2 anos de < 5,2006-09-01,170,170,196,366
MAGDALENA,nutricion y desarrollo infantil,controles repetidos en ninos de 2 anos de < 5,2006-09-01,56,56,55,111
MAIRANA,nutricion y desarrollo infantil,controles repetidos en ninos de 2 anos de < 5,2006-09-01,52,52,43,95
MALLA,nutricion y desarrollo infantil,controles repetidos en ninos de 2 anos de < 5,2006-09-01,59,59,50,109
MAPIRI,nutricion y desarrollo infantil,controles repetidos en ninos de 2 anos de < 5,2006-09-01,51,51,41,92
MECAPACA,nutricion y desarrollo infantil,controles repetidos en ninos de 2 anos de < 5,2006-09-01,45,45,54,99
MINEROS,nutricion y desarrollo infantil,controles repetidos en ninos de 2 anos de < 5,2006-09-01,79,79,97,176
MIZQUE,nutricion y desarrollo infantil,controles repetidos en ninos de 2 anos de < 5,2006-09-01,141,141,175,316
MOCOMOCO,nutricion y desarrollo infantil,controles repetidos en ninos de 2 anos de < 5,2006-09-01,71,71,60,131
MOJINETE,nutricion y desarrollo infantil,controles repetidos en ninos de 2 anos de < 5,2006-09-01,8,8,7,15
MOJOCOYA,nutricion y desarrollo infantil,controles repetidos en ninos de 2 anos de < 5,2006-09-01,142,142,123,265
MONTEAGUDO,nutricion y desarrollo infantil,controles repetidos en ninos de 2 anos de < 5,2006-09-01,290,290,278,568
MONTERO,nutricion y desarrollo infantil,controles repetidos en ninos de 2 anos de < 5,2006-09-01,651,651,603,1254
MORO MORO,nutricion y desarrollo infantil,controles repetidos en ninos de 2 anos de < 5,2006-09-01,18,18,13,31
MOROCHATA,nutricion y desarrollo infantil,controles repetidos en ninos de 2 anos de < 5,2006-09-01,141,141,115,256
NACEBE (SANTA ROSA DEL ABUNA),nutricion y desarrollo infantil,controles repetidos en ninos de 2 anos de < 5,2006-09-01,22,22,12,34
NUEVO MANOA (NUEVA ESPERANZA),nutricion y desarrollo infantil,controles repetidos en ninos de 2 anos de < 5,2006-09-01,11,11,12,23
OCURI,nutricion y desarrollo infantil,controles repetidos en ninos de 2 anos de < 5,2006-09-01,226,226,227,453
OKINAWA,nutricion y desarrollo infantil,controles repetidos en ninos de 2 anos de < 5,2006-09-01,84,84,71,155
OMEREQUE,nutricion y desarrollo infantil,controles repetidos en ninos de 2 anos de < 5,2006-09-01,21,21,21,42
ORURO,nutricion y desarrollo infantil,controles repetidos en ninos de 2 anos de < 5,2006-09-01,724,724,677,1401
PADCAYA,nutricion y desarrollo infantil,controles repetidos en ninos de 2 anos de < 5,2006-09-01,164,164,211,375
PADILLA,nutricion y desarrollo infantil,controles repetidos en ninos de 2 anos de < 5,2006-09-01,242,242,246,488
PAILON,nutricion y desarrollo infantil,controles repetidos en ninos de 2 anos de < 5,2006-09-01,73,73,70,143
PALCA,nutricion y desarrollo infantil,controles repetidos en ninos de 2 anos de < 5,2006-09-01,25,25,33,58
PALOS BLANCOS,nutricion y desarrollo infantil,controles repetidos en ninos de 2 anos de < 5,2006-09-01,221,221,209,430
PAMPA AULLAGAS,nutricion y desarrollo infantil,controles repetidos en ninos de 2 anos de < 5,2006-09-01,28,28,25,53
PAMPA GRANDE,nutricion y desarrollo infantil,controles repetidos en ninos de 2 anos de < 5,2006-09-01,41,41,47,88
PAPEL PAMPA,nutricion y desarrollo infantil,controles repetidos en ninos de 2 anos de < 5,2006-09-01,17,17,20,37
PASORAPA,nutricion y desarrollo infantil,controles repetidos en ninos de 2 anos de < 5,2006-09-01,37,37,41,78
PATACAMAYA,nutricion y desarrollo infantil,controles repetidos en ninos de 2 anos de < 5,2006-09-01,77,77,57,134
PAZÑA,nutricion y desarrollo infantil,controles repetidos en ninos de 2 anos de < 5,2006-09-01,38,38,49,87
PELECHUCO,nutricion y desarrollo infantil,controles repetidos en ninos de 2 anos de < 5,2006-09-01,22,22,26,48
POCOATA,nutricion y desarrollo infantil,controles repetidos en ninos de 2 anos de < 5,2006-09-01,279,279,255,534
POCONA,nutricion y desarrollo infantil,controles repetidos en ninos de 2 anos de < 5,2006-09-01,67,67,81,148
POJO (CBBA),nutricion y desarrollo infantil,controles repetidos en ninos de 2 anos de < 5,2006-09-01,88,88,91,179
POOPO,nutricion y desarrollo infantil,controles repetidos en ninos de 2 anos de < 5,2006-09-01,10,10,17,27
PORCO,nutricion y desarrollo infantil,controles repetidos en ninos de 2 anos de < 5,2006-09-01,33,33,34,67
POROMA,nutricion y desarrollo infantil,controles repetidos en ninos de 2 anos de < 5,2006-09-01,201,201,195,396
PORONGO,nutricion y desarrollo infantil,controles repetidos en ninos de 2 anos de < 5,2006-09-01,16,16,15,31
PORTACHUELO,nutricion y desarrollo infantil,controles repetidos en ninos de 2 anos de < 5,2006-09-01,128,128,125,253
PORVENIR,nutricion y desarrollo infantil,controles repetidos en ninos de 2 anos de < 5,2006-09-01,22,22,23,45
POSTRER VALLE,nutricion y desarrollo infantil,controles repetidos en ninos de 2 anos de < 5,2006-09-01,21,21,25,46
POTOSI,nutricion y desarrollo infantil,controles repetidos en ninos de 2 anos de < 5,2006-09-01,754,754,687,1441
PRESTO,nutricion y desarrollo infantil,controles repetidos en ninos de 2 anos de < 5,2006-09-01,106,106,95,201
PUCARA,nutricion y desarrollo infantil,controles repetidos en ninos de 2 anos de < 5,2006-09-01,7,7,1,8
PUCARANI,nutricion y desarrollo infantil,controles repetidos en ninos de 2 anos de < 5,2006-09-01,78,78,80,158
PUERTO ACOSTA,nutricion y desarrollo infantil,controles repetidos en ninos de 2 anos de < 5,2006-09-01,186,186,185,371
PUERTO CARABUCO,nutricion y desarrollo infantil,controles repetidos en ninos de 2 anos de < 5,2006-09-01,112,112,143,255
PUERTO GONZALO MORENO,nutricion y desarrollo infantil,controles repetidos en ninos de 2 anos de < 5,2006-09-01,31,31,27,58
PUERTO PEREZ,nutricion y desarrollo infantil,controles repetidos en ninos de 2 anos de < 5,2006-09-01,60,60,47,107
PUERTO QUIJARRO,nutricion y desarrollo infantil,controles repetidos en ninos de 2 anos de < 5,2006-09-01,25,25,36,61
PUERTO RICO,nutricion y desarrollo infantil,controles repetidos en ninos de 2 anos de < 5,2006-09-01,30,30,39,69
PUERTO SILES,nutricion y desarrollo infantil,controles repetidos en ninos de 2 anos de < 5,2006-09-01,35,35,37,72
PUERTO SUAREZ,nutricion y desarrollo infantil,controles repetidos en ninos de 2 anos de < 5,2006-09-01,27,27,45,72
PUERTO VILLARROEL,nutricion y desarrollo infantil,controles repetidos en ninos de 2 anos de < 5,2006-09-01,190,190,197,387
PUNA,nutricion y desarrollo infantil,controles repetidos en ninos de 2 anos de < 5,2006-09-01,289,289,305,594
PUNATA,nutricion y desarrollo infantil,controles repetidos en ninos de 2 anos de < 5,2006-09-01,46,46,49,95
QUIABAYA,nutricion y desarrollo infantil,controles repetidos en ninos de 2 anos de < 5,2006-09-01,11,11,7,18
QUILLACOLLO,nutricion y desarrollo infantil,controles repetidos en ninos de 2 anos de < 5,2006-09-01,145,145,131,276
QUIME,nutricion y desarrollo infantil,controles repetidos en ninos de 2 anos de < 5,2006-09-01,46,46,59,105
QUIRUSILLAS,nutricion y desarrollo infantil,controles repetidos en ninos de 2 anos de < 5,2006-09-01,19,19,10,29
RAVELO,nutricion y desarrollo infantil,controles repetidos en ninos de 2 anos de < 5,2006-09-01,412,412,380,792
REYES,nutricion y desarrollo infantil,controles repetidos en ninos de 2 anos de < 5,2006-09-01,98,98,80,178
RIBERALTA,nutricion y desarrollo infantil,controles repetidos en ninos de 2 anos de < 5,2006-09-01,430,430,411,841
ROBORE,nutricion y desarrollo infantil,controles repetidos en ninos de 2 anos de < 5,2006-09-01,71,71,66,137
RURRENABAQUE,nutricion y desarrollo infantil,controles repetidos en ninos de 2 anos de < 5,2006-09-01,41,41,51,92
SABAYA,nutricion y desarrollo infantil,controles repetidos en ninos de 2 anos de < 5,2006-09-01,29,29,24,53
SACABA,nutricion y desarrollo infantil,controles repetidos en ninos de 2 anos de < 5,2006-09-01,213,213,216,429
SACABAMBA,nutricion y desarrollo infantil,controles repetidos en ninos de 2 anos de < 5,2006-09-01,34,34,30,64
SACACA,nutricion y desarrollo infantil,controles repetidos en ninos de 2 anos de < 5,2006-09-01,433,433,402,835
SAIPINA,nutricion y desarrollo infantil,controles repetidos en ninos de 2 anos de < 5,2006-09-01,79,79,48,127
SALINAS DE GARCI MENDOZA,nutricion y desarrollo infantil,controles repetidos en ninos de 2 anos de < 5,2006-09-01,104,104,77,181
SAMAIPATA,nutricion y desarrollo infantil,controles repetidos en ninos de 2 anos de < 5,2006-09-01,34,34,37,71
SAN AGUSTIN,nutricion y desarrollo infantil,controles repetidos en ninos de 2 anos de < 5,2006-09-01,21,21,19,40
SAN ANDRES,nutricion y desarrollo infantil,controles repetidos en ninos de 2 anos de < 5,2006-09-01,77,77,64,141
SAN ANDRES DE MACHACA,nutricion y desarrollo infantil,controles repetidos en ninos de 2 anos de < 5,2006-09-01,23,23,35,58
SAN ANTONIO DE ESMORUCO,nutricion y desarrollo infantil,controles repetidos en ninos de 2 anos de < 5,2006-09-01,9,9,9,18
SAN ANTONIO DE LOMERIO,nutricion y desarrollo infantil,controles repetidos en ninos de 2 anos de < 5,2006-09-01,116,116,114,230
SAN BENITO,nutricion y desarrollo infantil,controles repetidos en ninos de 2 anos de < 5,2006-09-01,19,19,27,46
SAN BORJA,nutricion y desarrollo infantil,controles repetidos en ninos de 2 anos de < 5,2006-09-01,169,169,160,329
SAN BUENA VENTURA,nutricion y desarrollo infantil,controles repetidos en ninos de 2 anos de < 5,2006-09-01,56,56,56,112
SAN CARLOS,nutricion y desarrollo infantil,controles repetidos en ninos de 2 anos de < 5,2006-09-01,92,92,85,177
SAN IGNACIO,nutricion y desarrollo infantil,controles repetidos en ninos de 2 anos de < 5,2006-09-01,293,293,351,644
SAN IGNACIO DE VELASCO,nutricion y desarrollo infantil,controles repetidos en ninos de 2 anos de < 5,2006-09-01,380,380,423,803
SAN JAVIER(BNI),nutricion y desarrollo infantil,controles repetidos en ninos de 2 anos de < 5,2006-09-01,35,35,31,66
SAN JAVIER(STC),nutricion y desarrollo infantil,controles repetidos en ninos de 2 anos de < 5,2006-09-01,102,102,104,206
SAN JOAQUIN,nutricion y desarrollo infantil,controles repetidos en ninos de 2 anos de < 5,2006-09-01,32,32,23,55
SAN JOSE DE CHIQUITOS,nutricion y desarrollo infantil,controles repetidos en ninos de 2 anos de < 5,2006-09-01,75,75,51,126
SAN JUAN DE YAPACANI,nutricion y desarrollo infantil,controles repetidos en ninos de 2 anos de < 5,2006-09-01,63,63,60,123
SAN JULIAN,nutricion y desarrollo infantil,controles repetidos en ninos de 2 anos de < 5,2006-09-01,253,253,264,517
SAN LORENZO(PND),nutricion y desarrollo infantil,controles repetidos en ninos de 2 anos de < 5,2006-09-01,24,24,13,37
SAN LORENZO(TJA),nutricion y desarrollo infantil,controles repetidos en ninos de 2 anos de < 5,2006-09-01,212,212,200,412
SAN LUCAS,nutricion y desarrollo infantil,controles repetidos en ninos de 2 anos de < 5,2006-09-01,734,734,781,1515
SAN MATIAS,nutricion y desarrollo infantil,controles repetidos en ninos de 2 anos de < 5,2006-09-01,85,85,58,143
SAN MIGUEL DE VELASCO,nutricion y desarrollo infantil,controles repetidos en ninos de 2 anos de < 5,2006-09-01,38,38,43,81
SAN PABLO DE LIPEZ,nutricion y desarrollo infantil,controles repetidos en ninos de 2 anos de < 5,2006-09-01,41,41,46,87
SAN PEDRO,nutricion y desarrollo infantil,controles repetidos en ninos de 2 anos de < 5,2006-09-01,76,76,69,145
SAN PEDRO DE BUENA VISTA,nutricion y desarrollo infantil,controles repetidos en ninos de 2 anos de < 5,2006-09-01,302,302,296,598
SAN PEDRO DE CURAHUARA,nutricion y desarrollo infantil,controles repetidos en ninos de 2 anos de < 5,2006-09-01,22,22,30,52
SAN PEDRO DE QUEMES,nutricion y desarrollo infantil,controles repetidos en ninos de 2 anos de < 5,2006-09-01,5,5,6,11
SAN PEDRO DE TIQUINA,nutricion y desarrollo infantil,controles repetidos en ninos de 2 anos de < 5,2006-09-01,15,15,25,40
SAN PEDRO(PND),nutricion y desarrollo infantil,controles repetidos en ninos de 2 anos de < 5,2006-09-01,8,8,9,17
SAN RAFAEL,nutricion y desarrollo infantil,controles repetidos en ninos de 2 anos de < 5,2006-09-01,44,44,52,96
SAN RAMON,nutricion y desarrollo infantil,controles repetidos en ninos de 2 anos de < 5,2006-09-01,35,35,26,61
SAN RAMON,nutricion y desarrollo infantil,controles repetidos en ninos de 2 anos de < 5,2006-09-01,24,24,24,48
SANTA ANA,nutricion y desarrollo infantil,controles repetidos en ninos de 2 anos de < 5,2006-09-01,106,106,88,194
SANTA CRUZ DE LA SIERRA,nutricion y desarrollo infantil,controles repetidos en ninos de 2 anos de < 5,2006-09-01,2199,2199,2107,4306
SANTA ROSA,nutricion y desarrollo infantil,controles repetidos en ninos de 2 anos de < 5,2006-09-01,64,64,52,116
SANTA ROSA DEL SARA,nutricion y desarrollo infantil,controles repetidos en ninos de 2 anos de < 5,2006-09-01,101,101,99,200
SANTIAGO DE CALLAPA,nutricion y desarrollo infantil,controles repetidos en ninos de 2 anos de < 5,2006-09-01,23,23,29,52
SANTIAGO DE HUARI,nutricion y desarrollo infantil,controles repetidos en ninos de 2 anos de < 5,2006-09-01,61,61,58,119
SANTIAGO DE MACHACA,nutricion y desarrollo infantil,controles repetidos en ninos de 2 anos de < 5,2006-09-01,12,12,12,24
SANTIVAÑES,nutricion y desarrollo infantil,controles repetidos en ninos de 2 anos de < 5,2006-09-01,269,269,212,481
SANTUARIO DE QUILLACAS,nutricion y desarrollo infantil,controles repetidos en ninos de 2 anos de < 5,2006-09-01,35,35,31,66
SAPAHAQUI,nutricion y desarrollo infantil,controles repetidos en ninos de 2 anos de < 5,2006-09-01,83,83,86,169
SENA,nutricion y desarrollo infantil,controles repetidos en ninos de 2 anos de < 5,2006-09-01,59,59,45,104
SICA SICA (VILLA AROMA),nutricion y desarrollo infantil,controles repetidos en ninos de 2 anos de < 5,2006-09-01,128,128,157,285
SICAYA,nutricion y desarrollo infantil,controles repetidos en ninos de 2 anos de < 5,2006-09-01,21,21,16,37
SIPE SIPE,nutricion y desarrollo infantil,controles repetidos en ninos de 2 anos de < 5,2006-09-01,74,74,76,150
SOPACHUY,nutricion y desarrollo infantil,controles repetidos en ninos de 2 anos de < 5,2006-09-01,186,186,202,388
SORACACHI,nutricion y desarrollo infantil,controles repetidos en ninos de 2 anos de < 5,2006-09-01,39,39,54,93
SORATA,nutricion y desarrollo infantil,controles repetidos en ninos de 2 anos de < 5,2006-09-01,54,54,65,119
SUCRE,nutricion y desarrollo infantil,controles repetidos en ninos de 2 anos de < 5,2006-09-01,1174,1174,1271,2445
TACACHI,nutricion y desarrollo infantil,controles repetidos en ninos de 2 anos de < 5,2006-09-01,3,3,4,7
TACACOMA,nutricion y desarrollo infantil,controles repetidos en ninos de 2 anos de < 5,2006-09-01,62,62,46,108
TACOBAMBA,nutricion y desarrollo infantil,controles repetidos en ninos de 2 anos de < 5,2006-09-01,98,98,100,198
TACOPAYA,nutricion y desarrollo infantil,controles repetidos en ninos de 2 anos de < 5,2006-09-01,141,141,157,298
TAHUA,nutricion y desarrollo infantil,controles repetidos en ninos de 2 anos de < 5,2006-09-01,12,12,19,31
TAPACARI,nutricion y desarrollo infantil,controles repetidos en ninos de 2 anos de < 5,2006-09-01,237,237,242,479
TARABUCO,nutricion y desarrollo infantil,controles repetidos en ninos de 2 anos de < 5,2006-09-01,433,433,451,884
TARACO,nutricion y desarrollo infantil,controles repetidos en ninos de 2 anos de < 5,2006-09-01,25,25,19,44
TARATA,nutricion y desarrollo infantil,controles repetidos en ninos de 2 anos de < 5,2006-09-01,19,19,14,33
TARIJA,nutricion y desarrollo infantil,controles repetidos en ninos de 2 anos de < 5,2006-09-01,551,551,587,1138
TARVITA,nutricion y desarrollo infantil,controles repetidos en ninos de 2 anos de < 5,2006-09-01,361,361,450,811
TEOPONTE,nutricion y desarrollo infantil,controles repetidos en ninos de 2 anos de < 5,2006-09-01,51,51,51,102
TIAWANACU,nutricion y desarrollo infantil,controles repetidos en ninos de 2 anos de < 5,2006-09-01,70,70,65,135
TINGUIPAYA,nutricion y desarrollo infantil,controles repetidos en ninos de 2 anos de < 5,2006-09-01,176,176,207,383
TIPUANI,nutricion y desarrollo infantil,controles repetidos en ninos de 2 anos de < 5,2006-09-01,25,25,33,58
TIQUIPAYA,nutricion y desarrollo infantil,controles repetidos en ninos de 2 anos de < 5,2006-09-01,43,43,42,85
TIRAQUE (CBBA),nutricion y desarrollo infantil,controles repetidos en ninos de 2 anos de < 5,2006-09-01,180,180,169,349
TITO YUPANQUI (PARQUIPUJIO),nutricion y desarrollo infantil,controles repetidos en ninos de 2 anos de < 5,2006-09-01,12,12,19,31
TOCO,nutricion y desarrollo infantil,controles repetidos en ninos de 2 anos de < 5,2006-09-01,15,15,21,36
TODOS SANTOS,nutricion y desarrollo infantil,controles repetidos en ninos de 2 anos de < 5,2006-09-01,4,4,3,7
TOLATA,nutricion y desarrollo infantil,controles repetidos en ninos de 2 anos de < 5,2006-09-01,12,12,10,22
TOLEDO,nutricion y desarrollo infantil,controles repetidos en ninos de 2 anos de < 5,2006-09-01,14,14,18,32
TOMAVE,nutricion y desarrollo infantil,controles repetidos en ninos de 2 anos de < 5,2006-09-01,46,46,56,102
TOMINA,nutricion y desarrollo infantil,controles repetidos en ninos de 2 anos de < 5,2006-09-01,228,228,248,476
TORO TORO,nutricion y desarrollo infantil,controles repetidos en ninos de 2 anos de < 5,2006-09-01,217,217,232,449
TOTORA(CBBA),nutricion y desarrollo infantil,controles repetidos en ninos de 2 anos de < 5,2006-09-01,69,69,52,121
TOTORA(ORR),nutricion y desarrollo infantil,controles repetidos en ninos de 2 anos de < 5,2006-09-01,14,14,12,26
TRIGAL,nutricion y desarrollo infantil,controles repetidos en ninos de 2 anos de < 5,2006-09-01,13,13,13,26
TRINIDAD,nutricion y desarrollo infantil,controles repetidos en ninos de 2 anos de < 5,2006-09-01,210,210,209,419
TUPIZA,nutricion y desarrollo infantil,controles repetidos en ninos de 2 anos de < 5,2006-09-01,390,390,380,770
TURCO,nutricion y desarrollo infantil,controles repetidos en ninos de 2 anos de < 5,2006-09-01,31,31,24,55
UMALA,nutricion y desarrollo infantil,controles repetidos en ninos de 2 anos de < 5,2006-09-01,40,40,50,90
UNCIA,nutricion y desarrollo infantil,controles repetidos en ninos de 2 anos de < 5,2006-09-01,190,190,187,377
URIONDO (A. CONCEPCION),nutricion y desarrollo infantil,controles repetidos en ninos de 2 anos de < 5,2006-09-01,198,198,204,402
URUBICHA,nutricion y desarrollo infantil,controles repetidos en ninos de 2 anos de < 5,2006-09-01,12,12,12,24
UYUNI,nutricion y desarrollo infantil,controles repetidos en ninos de 2 anos de < 5,2006-09-01,178,178,181,359
VACAS,nutricion y desarrollo infantil,controles repetidos en ninos de 2 anos de < 5,2006-09-01,19,19,25,44
VALLEGRANDE,nutricion y desarrollo infantil,controles repetidos en ninos de 2 anos de < 5,2006-09-01,76,76,70,146
VIACHA,nutricion y desarrollo infantil,controles repetidos en ninos de 2 anos de < 5,2006-09-01,128,128,114,242
VILA VILA,nutricion y desarrollo infantil,controles repetidos en ninos de 2 anos de < 5,2006-09-01,8,8,20,28
VILLA MONTES,nutricion y desarrollo infantil,controles repetidos en ninos de 2 anos de < 5,2006-09-01,123,123,132,255
VILLA NUEVA (LOMA ALTA),nutricion y desarrollo infantil,controles repetidos en ninos de 2 anos de < 5,2006-09-01,35,35,38,73
VILLA RIVERO,nutricion y desarrollo infantil,controles repetidos en ninos de 2 anos de < 5,2006-09-01,16,16,15,31
VILLA SERRANO,nutricion y desarrollo infantil,controles repetidos en ninos de 2 anos de < 5,2006-09-01,292,292,286,578
VILLA TUNARI,nutricion y desarrollo infantil,controles repetidos en ninos de 2 anos de < 5,2006-09-01,225,225,188,413
VILLA VACA GUZMAN (MUYUPAMPA),nutricion y desarrollo infantil,controles repetidos en ninos de 2 anos de < 5,2006-09-01,208,208,238,446
VILLAZON,nutricion y desarrollo infantil,controles repetidos en ninos de 2 anos de < 5,2006-09-01,220,220,238,458
VINTO,nutricion y desarrollo infantil,controles repetidos en ninos de 2 anos de < 5,2006-09-01,40,40,34,74
VITICHI,nutricion y desarrollo infantil,controles repetidos en ninos de 2 anos de < 5,2006-09-01,100,100,115,215
WALDO BALLIVIAN,nutricion y desarrollo infantil,controles repetidos en ninos de 2 anos de < 5,2006-09-01,1,1,8,9
WARNES,nutricion y desarrollo infantil,controles repetidos en ninos de 2 anos de < 5,2006-09-01,193,193,203,396
YACO,nutricion y desarrollo infantil,controles repetidos en ninos de 2 anos de < 5,2006-09-01,58,58,49,107
YACUIBA,nutricion y desarrollo infantil,controles repetidos en ninos de 2 anos de < 5,2006-09-01,238,238,226,464
YAMPARAEZ,nutricion y desarrollo infantil,controles repetidos en ninos de 2 anos de < 5,2006-09-01,265,265,265,530
YANACACHI,nutricion y desarrollo infantil,controles repetidos en ninos de 2 anos de < 5,2006-09-01,31,31,22,53
YAPACANI,nutricion y desarrollo infantil,controles repetidos en ninos de 2 anos de < 5,2006-09-01,217,217,205,422
YOCALLA,nutricion y desarrollo infantil,controles repetidos en ninos de 2 anos de < 5,2006-09-01,28,28,28,56
YOTALA,nutricion y desarrollo infantil,controles repetidos en ninos de 2 anos de < 5,2006-09-01,176,176,188,364
YUNCHARA,nutricion y desarrollo infantil,controles repetidos en ninos de 2 anos de < 5,2006-09-01,77,77,63,140
ZUDAÑEZ,nutricion y desarrollo infantil,controles repetidos en ninos de 2 anos de < 5,2006-09-01,167,167,197,364
ACACIO,nutricion y desarrollo infantil,controles repetidos en ninos de 2 anos de < 5,2006-10-01,136,136,137,273
ACHACACHI,nutricion y desarrollo infantil,controles repetidos en ninos de 2 anos de < 5,2006-10-01,301,301,298,599
ACHOCALLA,nutricion y desarrollo infantil,controles repetidos en ninos de 2 anos de < 5,2006-10-01,17,17,15,32
AIQUILE,nutricion y desarrollo infantil,controles repetidos en ninos de 2 anos de < 5,2006-10-01,46,46,50,96
ALCALA,nutricion y desarrollo infantil,controles repetidos en ninos de 2 anos de < 5,2006-10-01,70,70,64,134
ANCORAIMES,nutricion y desarrollo infantil,controles repetidos en ninos de 2 anos de < 5,2006-10-01,99,99,97,196
ANDAMARCA,nutricion y desarrollo infantil,controles repetidos en ninos de 2 anos de < 5,2006-10-01,14,14,29,43
ANTEQUERA,nutricion y desarrollo infantil,controles repetidos en ninos de 2 anos de < 5,2006-10-01,15,15,20,35
ANZALDO,nutricion y desarrollo infantil,controles repetidos en ninos de 2 anos de < 5,2006-10-01,12,12,16,28
APOLO,nutricion y desarrollo infantil,controles repetidos en ninos de 2 anos de < 5,2006-10-01,107,107,102,209
ARAMPAMPA,nutricion y desarrollo infantil,controles repetidos en ninos de 2 anos de < 5,2006-10-01,99,99,101,200
ARANI,nutricion y desarrollo infantil,controles repetidos en ninos de 2 anos de < 5,2006-10-01,112,112,120,232
ARBIETO,nutricion y desarrollo infantil,controles repetidos en ninos de 2 anos de < 5,2006-10-01,13,13,21,34
ARQUE,nutricion y desarrollo infantil,controles repetidos en ninos de 2 anos de < 5,2006-10-01,157,157,168,325
ASCENCION DE GUARAYOS,nutricion y desarrollo infantil,controles repetidos en ninos de 2 anos de < 5,2006-10-01,359,359,366,725
ATOCHA,nutricion y desarrollo infantil,controles repetidos en ninos de 2 anos de < 5,2006-10-01,116,116,107,223
AUCAPATA,nutricion y desarrollo infantil,controles repetidos en ninos de 2 anos de < 5,2006-10-01,55,55,42,97
AYATA,nutricion y desarrollo infantil,controles repetidos en ninos de 2 anos de < 5,2006-10-01,49,49,35,84
AYO AYO,nutricion y desarrollo infantil,controles repetidos en ninos de 2 anos de < 5,2006-10-01,29,29,18,47
AYOPAYA (V. DE INDEPENDENCIA),nutricion y desarrollo infantil,controles repetidos en ninos de 2 anos de < 5,2006-10-01,220,220,218,438
AZURDUY,nutricion y desarrollo infantil,controles repetidos en ninos de 2 anos de < 5,2006-10-01,290,290,288,578
BATALLAS,nutricion y desarrollo infantil,controles repetidos en ninos de 2 anos de < 5,2006-10-01,77,77,69,146
BAURES,nutricion y desarrollo infantil,controles repetidos en ninos de 2 anos de < 5,2006-10-01,60,60,66,126
BELEN DE ANDAMARCA,nutricion y desarrollo infantil,controles repetidos en ninos de 2 anos de < 5,2006-10-01,9,9,6,15
BELEN DE URMIRI,nutricion y desarrollo infantil,controles repetidos en ninos de 2 anos de < 5,2006-10-01,10,10,11,21
BELLA FLOR,nutricion y desarrollo infantil,controles repetidos en ninos de 2 anos de < 5,2006-10-01,19,19,29,48
BERMEJO,nutricion y desarrollo infantil,controles repetidos en ninos de 2 anos de < 5,2006-10-01,97,97,100,197
BETANZOS,nutricion y desarrollo infantil,controles repetidos en ninos de 2 anos de < 5,2006-10-01,357,357,332,689
BOLIVAR,nutricion y desarrollo infantil,controles repetidos en ninos de 2 anos de < 5,2006-10-01,129,129,142,271
BOLPEBRA,nutricion y desarrollo infantil,controles repetidos en ninos de 2 anos de < 5,2006-10-01,20,20,22,42
BOYUIBE,nutricion y desarrollo infantil,controles repetidos en ninos de 2 anos de < 5,2006-10-01,38,38,31,69
BUENA VISTA,nutricion y desarrollo infantil,controles repetidos en ninos de 2 anos de < 5,2006-10-01,68,68,105,173
CABEZAS,nutricion y desarrollo infantil,controles repetidos en ninos de 2 anos de < 5,2006-10-01,158,158,121,279
CAIROMA,nutricion y desarrollo infantil,controles repetidos en ninos de 2 anos de < 5,2006-10-01,109,109,140,249
"CAIZA ""D""",nutricion y desarrollo infantil,controles repetidos en ninos de 2 anos de < 5,2006-10-01,96,96,99,195
CAJUATA,nutricion y desarrollo infantil,controles repetidos en ninos de 2 anos de < 5,2006-10-01,66,66,61,127
CALACOTO,nutricion y desarrollo infantil,controles repetidos en ninos de 2 anos de < 5,2006-10-01,65,65,60,125
CALAMARCA,nutricion y desarrollo infantil,controles repetidos en ninos de 2 anos de < 5,2006-10-01,119,119,131,250
CAMARGO,nutricion y desarrollo infantil,controles repetidos en ninos de 2 anos de < 5,2006-10-01,230,230,214,444
CAMATAQUI (C. VILLA ABECIA),nutricion y desarrollo infantil,controles repetidos en ninos de 2 anos de < 5,2006-10-01,47,47,42,89
CAMIRI,nutricion y desarrollo infantil,controles repetidos en ninos de 2 anos de < 5,2006-10-01,277,277,277,554
CAPINOTA,nutricion y desarrollo infantil,controles repetidos en ninos de 2 anos de < 5,2006-10-01,243,243,213,456
CAQUIAVIRI,nutricion y desarrollo infantil,controles repetidos en ninos de 2 anos de < 5,2006-10-01,37,37,36,73
CARACOLLO,nutricion y desarrollo infantil,controles repetidos en ninos de 2 anos de < 5,2006-10-01,69,69,57,126
CARANAVI,nutricion y desarrollo infantil,controles repetidos en ninos de 2 anos de < 5,2006-10-01,334,334,368,702
CARANGAS,nutricion y desarrollo infantil,controles repetidos en ninos de 2 anos de < 5,2006-10-01,0,0,1,1
CARAPARI,nutricion y desarrollo infantil,controles repetidos en ninos de 2 anos de < 5,2006-10-01,108,108,109,217
CARIPUYO,nutricion y desarrollo infantil,controles repetidos en ninos de 2 anos de < 5,2006-10-01,161,161,178,339
CARMEN RIVERO TORREZ,nutricion y desarrollo infantil,controles repetidos en ninos de 2 anos de < 5,2006-10-01,21,21,19,40
CATACORA,nutricion y desarrollo infantil,controles repetidos en ninos de 2 anos de < 5,2006-10-01,2,2,0,2
CHACARILLA,nutricion y desarrollo infantil,controles repetidos en ninos de 2 anos de < 5,2006-10-01,9,9,21,30
CHALLAPATA,nutricion y desarrollo infantil,controles repetidos en ninos de 2 anos de < 5,2006-10-01,143,143,142,285
CHAQUI,nutricion y desarrollo infantil,controles repetidos en ninos de 2 anos de < 5,2006-10-01,71,71,90,161
CHARAGUA,nutricion y desarrollo infantil,controles repetidos en ninos de 2 anos de < 5,2006-10-01,286,286,274,560
CHARAÑA,nutricion y desarrollo infantil,controles repetidos en ninos de 2 anos de < 5,2006-10-01,5,5,12,17
CHAYANTA,nutricion y desarrollo infantil,controles repetidos en ninos de 2 anos de < 5,2006-10-01,205,205,202,407
CHIMORE,nutricion y desarrollo infantil,controles repetidos en ninos de 2 anos de < 5,2006-10-01,25,25,21,46
CHIPAYA,nutricion y desarrollo infantil,controles repetidos en ninos de 2 anos de < 5,2006-10-01,4,4,15,19
CHOQUE COTA,nutricion y desarrollo infantil,controles repetidos en ninos de 2 anos de < 5,2006-10-01,1,1,0,1
CHULUMANI (V. DE LA LIBERTAD),nutricion y desarrollo infantil,controles repetidos en ninos de 2 anos de < 5,2006-10-01,48,48,43,91
CHUMA,nutricion y desarrollo infantil,controles repetidos en ninos de 2 anos de < 5,2006-10-01,36,36,37,73
CLIZA,nutricion y desarrollo infantil,controles repetidos en ninos de 2 anos de < 5,2006-10-01,61,61,59,120
COBIJA,nutricion y desarrollo infantil,controles repetidos en ninos de 2 anos de < 5,2006-10-01,190,190,185,375
COCHABAMBA,nutricion y desarrollo infantil,controles repetidos en ninos de 2 anos de < 5,2006-10-01,1298,1298,1129,2427
COIPASA,nutricion y desarrollo infantil,controles repetidos en ninos de 2 anos de < 5,2006-10-01,0,0,2,2
COLCAPIRHUA,nutricion y desarrollo infantil,controles repetidos en ninos de 2 anos de < 5,2006-10-01,40,40,47,87
"COLCHA ""K""",nutricion y desarrollo infantil,controles repetidos en ninos de 2 anos de < 5,2006-10-01,65,65,68,133
COLLANA,nutricion y desarrollo infantil,controles repetidos en ninos de 2 anos de < 5,2006-10-01,11,11,1,12
COLOMI,nutricion y desarrollo infantil,controles repetidos en ninos de 2 anos de < 5,2006-10-01,73,73,54,127
COLPA BELGICA,nutricion y desarrollo infantil,controles repetidos en ninos de 2 anos de < 5,2006-10-01,47,47,35,82
COLQUECHACA,nutricion y desarrollo infantil,controles repetidos en ninos de 2 anos de < 5,2006-10-01,191,191,197,388
COLQUENCHA,nutricion y desarrollo infantil,controles repetidos en ninos de 2 anos de < 5,2006-10-01,58,58,56,114
COLQUIRI,nutricion y desarrollo infantil,controles repetidos en ninos de 2 anos de < 5,2006-10-01,113,113,114,227
COMANCHE,nutricion y desarrollo infantil,controles repetidos en ninos de 2 anos de < 5,2006-10-01,9,9,7,16
COMARAPA,nutricion y desarrollo infantil,controles repetidos en ninos de 2 anos de < 5,2006-10-01,95,95,99,194
COMBAYA,nutricion y desarrollo infantil,controles repetidos en ninos de 2 anos de < 5,2006-10-01,17,17,13,30
CONCEPCION,nutricion y desarrollo infantil,controles repetidos en ninos de 2 anos de < 5,2006-10-01,42,42,27,69
COPACABANA,nutricion y desarrollo infantil,controles repetidos en ninos de 2 anos de < 5,2006-10-01,94,94,88,182
CORIPATA,nutricion y desarrollo infantil,controles repetidos en ninos de 2 anos de < 5,2006-10-01,70,70,67,137
CORO CORO,nutricion y desarrollo infantil,controles repetidos en ninos de 2 anos de < 5,2006-10-01,91,91,84,175
COROICO,nutricion y desarrollo infantil,controles repetidos en ninos de 2 anos de < 5,2006-10-01,91,91,70,161
CORQUE,nutricion y desarrollo infantil,controles repetidos en ninos de 2 anos de < 5,2006-10-01,37,37,41,78
COTAGAITA,nutricion y desarrollo infantil,controles repetidos en ninos de 2 anos de < 5,2006-10-01,291,291,267,558
COTOCA,nutricion y desarrollo infantil,controles repetidos en ninos de 2 anos de < 5,2006-10-01,92,92,96,188
CUATRO CAÑADAS,nutricion y desarrollo infantil,controles repetidos en ninos de 2 anos de < 5,2006-10-01,72,72,58,130
CUCHUMUELA (V. G. VILLARROEL),nutricion y desarrollo infantil,controles repetidos en ninos de 2 anos de < 5,2006-10-01,8,8,3,11
CUEVO,nutricion y desarrollo infantil,controles repetidos en ninos de 2 anos de < 5,2006-10-01,54,54,71,125
CULPINA,nutricion y desarrollo infantil,controles repetidos en ninos de 2 anos de < 5,2006-10-01,287,287,305,592
CURAHUARA DE CARANGAS,nutricion y desarrollo infantil,controles repetidos en ninos de 2 anos de < 5,2006-10-01,55,55,42,97
CURVA,nutricion y desarrollo infantil,controles repetidos en ninos de 2 anos de < 5,2006-10-01,28,28,19,47
DESAGUADERO,nutricion y desarrollo infantil,controles repetidos en ninos de 2 anos de < 5,2006-10-01,25,25,19,44
EL ALTO,nutricion y desarrollo infantil,controles repetidos en ninos de 2 anos de < 5,2006-10-01,2242,2242,2180,4422
EL CHORO,nutricion y desarrollo infantil,controles repetidos en ninos de 2 anos de < 5,2006-10-01,15,15,20,35
EL PUENTE(STC),nutricion y desarrollo infantil,controles repetidos en ninos de 2 anos de < 5,2006-10-01,104,104,87,191
EL PUENTE(TJA),nutricion y desarrollo infantil,controles repetidos en ninos de 2 anos de < 5,2006-10-01,106,106,110,216
EL TORNO,nutricion y desarrollo infantil,controles repetidos en ninos de 2 anos de < 5,2006-10-01,132,132,135,267
EL VILLAR,nutricion y desarrollo infantil,controles repetidos en ninos de 2 anos de < 5,2006-10-01,113,113,114,227
ENTRE RIOS,nutricion y desarrollo infantil,controles repetidos en ninos de 2 anos de < 5,2006-10-01,206,206,206,412
ENTRE RIOS,nutricion y desarrollo infantil,controles repetidos en ninos de 2 anos de < 5,2006-10-01,78,78,73,151
ESCARA,nutricion y desarrollo infantil,controles repetidos en ninos de 2 anos de < 5,2006-10-01,5,5,2,7
ESMERALDA,nutricion y desarrollo infantil,controles repetidos en ninos de 2 anos de < 5,2006-10-01,5,5,3,8
EUCALIPTUS,nutricion y desarrollo infantil,controles repetidos en ninos de 2 anos de < 5,2006-10-01,21,21,20,41
EUREKA (SANTOS MERCADO),nutricion y desarrollo infantil,controles repetidos en ninos de 2 anos de < 5,2006-10-01,4,4,7,11
EXALTACION,nutricion y desarrollo infantil,controles repetidos en ninos de 2 anos de < 5,2006-10-01,8,8,10,18
FERNANDEZ ALONSO,nutricion y desarrollo infantil,controles repetidos en ninos de 2 anos de < 5,2006-10-01,148,148,152,300
FILADELFIA,nutricion y desarrollo infantil,controles repetidos en ninos de 2 anos de < 5,2006-10-01,16,16,33,49
GENERAL SAAVEDRA,nutricion y desarrollo infantil,controles repetidos en ninos de 2 anos de < 5,2006-10-01,137,137,157,294
GRAL. J.J. PEREZ (CHARAZANI),nutricion y desarrollo infantil,controles repetidos en ninos de 2 anos de < 5,2006-10-01,50,50,55,105
GUANAY,nutricion y desarrollo infantil,controles repetidos en ninos de 2 anos de < 5,2006-10-01,122,122,160,282
GUAQUI,nutricion y desarrollo infantil,controles repetidos en ninos de 2 anos de < 5,2006-10-01,33,33,25,58
GUAYARAMERIN,nutricion y desarrollo infantil,controles repetidos en ninos de 2 anos de < 5,2006-10-01,308,308,306,614
GUTIERREZ,nutricion y desarrollo infantil,controles repetidos en ninos de 2 anos de < 5,2006-10-01,214,214,197,411
HUACARETA,nutricion y desarrollo infantil,controles repetidos en ninos de 2 anos de < 5,2006-10-01,169,169,168,337
HUACAYA (VILLA DE HUACAYA),nutricion y desarrollo infantil,controles repetidos en ninos de 2 anos de < 5,2006-10-01,64,64,54,118
HUACHACALLA,nutricion y desarrollo infantil,controles repetidos en ninos de 2 anos de < 5,2006-10-01,5,5,6,11
HUANUNI,nutricion y desarrollo infantil,controles repetidos en ninos de 2 anos de < 5,2006-10-01,100,100,75,175
HUARACAJE,nutricion y desarrollo infantil,controles repetidos en ninos de 2 anos de < 5,2006-10-01,44,44,46,90
HUAYLLAMARCA,nutricion y desarrollo infantil,controles repetidos en ninos de 2 anos de < 5,2006-10-01,9,9,13,22
ICHOCA,nutricion y desarrollo infantil,controles repetidos en ninos de 2 anos de < 5,2006-10-01,41,41,64,105
ICLA,nutricion y desarrollo infantil,controles repetidos en ninos de 2 anos de < 5,2006-10-01,308,308,291,599
INCAHUASI,nutricion y desarrollo infantil,controles repetidos en ninos de 2 anos de < 5,2006-10-01,320,320,342,662
INGAVI (HUMAITA),nutricion y desarrollo infantil,controles repetidos en ninos de 2 anos de < 5,2006-10-01,23,23,12,35
INQUISIVI,nutricion y desarrollo infantil,controles repetidos en ninos de 2 anos de < 5,2006-10-01,155,155,132,287
IRUPANA (VILLA DE LANZA),nutricion y desarrollo infantil,controles repetidos en ninos de 2 anos de < 5,2006-10-01,113,113,106,219
IXIAMAS,nutricion y desarrollo infantil,controles repetidos en ninos de 2 anos de < 5,2006-10-01,89,89,76,165
JESUS DE MACHACA,nutricion y desarrollo infantil,controles repetidos en ninos de 2 anos de < 5,2006-10-01,93,93,100,193
LA ASUNTA,nutricion y desarrollo infantil,controles repetidos en ninos de 2 anos de < 5,2006-10-01,66,66,50,116
LA GUARDIA,nutricion y desarrollo infantil,controles repetidos en ninos de 2 anos de < 5,2006-10-01,163,163,165,328
LA PAZ,nutricion y desarrollo infantil,controles repetidos en ninos de 2 anos de < 5,2006-10-01,2286,2286,2203,4489
LA RIVERA,nutricion y desarrollo infantil,controles repetidos en ninos de 2 anos de < 5,2006-10-01,1,1,1,2
LAGUNILLAS,nutricion y desarrollo infantil,controles repetidos en ninos de 2 anos de < 5,2006-10-01,141,141,130,271
LAJA,nutricion y desarrollo infantil,controles repetidos en ninos de 2 anos de < 5,2006-10-01,63,63,54,117
LAS CARRERAS,nutricion y desarrollo infantil,controles repetidos en ninos de 2 anos de < 5,2006-10-01,68,68,76,144
LICOMA PAMPA,nutricion y desarrollo infantil,controles repetidos en ninos de 2 anos de < 5,2006-10-01,22,22,26,48
LLALLAGUA,nutricion y desarrollo infantil,controles repetidos en ninos de 2 anos de < 5,2006-10-01,368,368,360,728
LLICA,nutricion y desarrollo infantil,controles repetidos en ninos de 2 anos de < 5,2006-10-01,44,44,34,78
LORETO,nutricion y desarrollo infantil,controles repetidos en ninos de 2 anos de < 5,2006-10-01,40,40,48,88
LURIBAY,nutricion y desarrollo infantil,controles repetidos en ninos de 2 anos de < 5,2006-10-01,50,50,67,117
MACHACAMARCA,nutricion y desarrollo infantil,controles repetidos en ninos de 2 anos de < 5,2006-10-01,15,15,20,35
MACHARETI,nutricion y desarrollo infantil,controles repetidos en ninos de 2 anos de < 5,2006-10-01,203,203,226,429
MAGDALENA,nutricion y desarrollo infantil,controles repetidos en ninos de 2 anos de < 5,2006-10-01,42,42,48,90
MAIRANA,nutricion y desarrollo infantil,controles repetidos en ninos de 2 anos de < 5,2006-10-01,66,66,58,124
MALLA,nutricion y desarrollo infantil,controles repetidos en ninos de 2 anos de < 5,2006-10-01,55,55,48,103
MAPIRI,nutricion y desarrollo infantil,controles repetidos en ninos de 2 anos de < 5,2006-10-01,123,123,146,269
MECAPACA,nutricion y desarrollo infantil,controles repetidos en ninos de 2 anos de < 5,2006-10-01,52,52,52,104
MINEROS,nutricion y desarrollo infantil,controles repetidos en ninos de 2 anos de < 5,2006-10-01,159,159,138,297
MIZQUE,nutricion y desarrollo infantil,controles repetidos en ninos de 2 anos de < 5,2006-10-01,132,132,167,299
MOCOMOCO,nutricion y desarrollo infantil,controles repetidos en ninos de 2 anos de < 5,2006-10-01,122,122,127,249
MOJINETE,nutricion y desarrollo infantil,controles repetidos en ninos de 2 anos de < 5,2006-10-01,4,4,6,10
MOJOCOYA,nutricion y desarrollo infantil,controles repetidos en ninos de 2 anos de < 5,2006-10-01,147,147,131,278
MONTEAGUDO,nutricion y desarrollo infantil,controles repetidos en ninos de 2 anos de < 5,2006-10-01,352,352,338,690
MONTERO,nutricion y desarrollo infantil,controles repetidos en ninos de 2 anos de < 5,2006-10-01,592,592,616,1208
MORO MORO,nutricion y desarrollo infantil,controles repetidos en ninos de 2 anos de < 5,2006-10-01,46,46,35,81
MOROCHATA,nutricion y desarrollo infantil,controles repetidos en ninos de 2 anos de < 5,2006-10-01,128,128,129,257
NACEBE (SANTA ROSA DEL ABUNA),nutricion y desarrollo infantil,controles repetidos en ninos de 2 anos de < 5,2006-10-01,15,15,18,33
NUEVO MANOA (NUEVA ESPERANZA),nutricion y desarrollo infantil,controles repetidos en ninos de 2 anos de < 5,2006-10-01,9,9,6,15
OCURI,nutricion y desarrollo infantil,controles repetidos en ninos de 2 anos de < 5,2006-10-01,122,122,146,268
OKINAWA,nutricion y desarrollo infantil,controles repetidos en ninos de 2 anos de < 5,2006-10-01,113,113,113,226
OMEREQUE,nutricion y desarrollo infantil,controles repetidos en ninos de 2 anos de < 5,2006-10-01,37,37,43,80
ORURO,nutricion y desarrollo infantil,controles repetidos en ninos de 2 anos de < 5,2006-10-01,824,824,759,1583
PADCAYA,nutricion y desarrollo infantil,controles repetidos en ninos de 2 anos de < 5,2006-10-01,251,251,288,539
PADILLA,nutricion y desarrollo infantil,controles repetidos en ninos de 2 anos de < 5,2006-10-01,269,269,273,542
PAILON,nutricion y desarrollo infantil,controles repetidos en ninos de 2 anos de < 5,2006-10-01,118,118,78,196
PALCA,nutricion y desarrollo infantil,controles repetidos en ninos de 2 anos de < 5,2006-10-01,30,30,24,54
PALOS BLANCOS,nutricion y desarrollo infantil,controles repetidos en ninos de 2 anos de < 5,2006-10-01,260,260,282,542
PAMPA AULLAGAS,nutricion y desarrollo infantil,controles repetidos en ninos de 2 anos de < 5,2006-10-01,27,27,36,63
PAMPA GRANDE,nutricion y desarrollo infantil,controles repetidos en ninos de 2 anos de < 5,2006-10-01,68,68,64,132
PAPEL PAMPA,nutricion y desarrollo infantil,controles repetidos en ninos de 2 anos de < 5,2006-10-01,23,23,28,51
PASORAPA,nutricion y desarrollo infantil,controles repetidos en ninos de 2 anos de < 5,2006-10-01,61,61,60,121
PATACAMAYA,nutricion y desarrollo infantil,controles repetidos en ninos de 2 anos de < 5,2006-10-01,109,109,117,226
PAZÑA,nutricion y desarrollo infantil,controles repetidos en ninos de 2 anos de < 5,2006-10-01,40,40,47,87
PELECHUCO,nutricion y desarrollo infantil,controles repetidos en ninos de 2 anos de < 5,2006-10-01,34,34,25,59
POCOATA,nutricion y desarrollo infantil,controles repetidos en ninos de 2 anos de < 5,2006-10-01,193,193,221,414
POCONA,nutricion y desarrollo infantil,controles repetidos en ninos de 2 anos de < 5,2006-10-01,65,65,52,117
POJO (CBBA),nutricion y desarrollo infantil,controles repetidos en ninos de 2 anos de < 5,2006-10-01,35,35,29,64
POOPO,nutricion y desarrollo infantil,controles repetidos en ninos de 2 anos de < 5,2006-10-01,17,17,13,30
PORCO,nutricion y desarrollo infantil,controles repetidos en ninos de 2 anos de < 5,2006-10-01,28,28,31,59
POROMA,nutricion y desarrollo infantil,controles repetidos en ninos de 2 anos de < 5,2006-10-01,187,187,165,352
PORONGO,nutricion y desarrollo infantil,controles repetidos en ninos de 2 anos de < 5,2006-10-01,30,30,11,41
PORTACHUELO,nutricion y desarrollo infantil,controles repetidos en ninos de 2 anos de < 5,2006-10-01,178,178,147,325
PORVENIR,nutricion y desarrollo infantil,controles repetidos en ninos de 2 anos de < 5,2006-10-01,52,52,52,104
POSTRER VALLE,nutricion y desarrollo infantil,controles repetidos en ninos de 2 anos de < 5,2006-10-01,19,19,27,46
POTOSI,nutricion y desarrollo infantil,controles repetidos en ninos de 2 anos de < 5,2006-10-01,751,751,682,1433
PRESTO,nutricion y desarrollo infantil,controles repetidos en ninos de 2 anos de < 5,2006-10-01,178,178,147,325
PUCARA,nutricion y desarrollo infantil,controles repetidos en ninos de 2 anos de < 5,2006-10-01,28,28,24,52
PUCARANI,nutricion y desarrollo infantil,controles repetidos en ninos de 2 anos de < 5,2006-10-01,110,110,111,221
PUERTO ACOSTA,nutricion y desarrollo infantil,controles repetidos en ninos de 2 anos de < 5,2006-10-01,137,137,150,287
PUERTO CARABUCO,nutricion y desarrollo infantil,controles repetidos en ninos de 2 anos de < 5,2006-10-01,79,79,88,167
PUERTO GONZALO MORENO,nutricion y desarrollo infantil,controles repetidos en ninos de 2 anos de < 5,2006-10-01,113,113,114,227
PUERTO PEREZ,nutricion y desarrollo infantil,controles repetidos en ninos de 2 anos de < 5,2006-10-01,59,59,34,93
PUERTO QUIJARRO,nutricion y desarrollo infantil,controles repetidos en ninos de 2 anos de < 5,2006-10-01,27,27,30,57
PUERTO RICO,nutricion y desarrollo infantil,controles repetidos en ninos de 2 anos de < 5,2006-10-01,44,44,45,89
PUERTO SILES,nutricion y desarrollo infantil,controles repetidos en ninos de 2 anos de < 5,2006-10-01,7,7,5,12
PUERTO SUAREZ,nutricion y desarrollo infantil,controles repetidos en ninos de 2 anos de < 5,2006-10-01,23,23,23,46
PUERTO VILLARROEL,nutricion y desarrollo infantil,controles repetidos en ninos de 2 anos de < 5,2006-10-01,156,156,164,320
PUNA,nutricion y desarrollo infantil,controles repetidos en ninos de 2 anos de < 5,2006-10-01,278,278,267,545
PUNATA,nutricion y desarrollo infantil,controles repetidos en ninos de 2 anos de < 5,2006-10-01,83,83,62,145
QUIABAYA,nutricion y desarrollo infantil,controles repetidos en ninos de 2 anos de < 5,2006-10-01,23,23,16,39
QUILLACOLLO,nutricion y desarrollo infantil,controles repetidos en ninos de 2 anos de < 5,2006-10-01,189,189,198,387
QUIME,nutricion y desarrollo infantil,controles repetidos en ninos de 2 anos de < 5,2006-10-01,93,93,105,198
QUIRUSILLAS,nutricion y desarrollo infantil,controles repetidos en ninos de 2 anos de < 5,2006-10-01,32,32,28,60
RAVELO,nutricion y desarrollo infantil,controles repetidos en ninos de 2 anos de < 5,2006-10-01,436,436,409,845
REYES,nutricion y desarrollo infantil,controles repetidos en ninos de 2 anos de < 5,2006-10-01,140,140,133,273
RIBERALTA,nutricion y desarrollo infantil,controles repetidos en ninos de 2 anos de < 5,2006-10-01,452,452,423,875
ROBORE,nutricion y desarrollo infantil,controles repetidos en ninos de 2 anos de < 5,2006-10-01,56,56,47,103
RURRENABAQUE,nutricion y desarrollo infantil,controles repetidos en ninos de 2 anos de < 5,2006-10-01,36,36,37,73
SABAYA,nutricion y desarrollo infantil,controles repetidos en ninos de 2 anos de < 5,2006-10-01,31,31,23,54
SACABA,nutricion y desarrollo infantil,controles repetidos en ninos de 2 anos de < 5,2006-10-01,118,118,76,194
SACABAMBA,nutricion y desarrollo infantil,controles repetidos en ninos de 2 anos de < 5,2006-10-01,27,27,44,71
SACACA,nutricion y desarrollo infantil,controles repetidos en ninos de 2 anos de < 5,2006-10-01,418,418,361,779
SAIPINA,nutricion y desarrollo infantil,controles repetidos en ninos de 2 anos de < 5,2006-10-01,76,76,66,142
SALINAS DE GARCI MENDOZA,nutricion y desarrollo infantil,controles repetidos en ninos de 2 anos de < 5,2006-10-01,57,57,59,116
SAMAIPATA,nutricion y desarrollo infantil,controles repetidos en ninos de 2 anos de < 5,2006-10-01,44,44,44,88
SAN AGUSTIN,nutricion y desarrollo infantil,controles repetidos en ninos de 2 anos de < 5,2006-10-01,32,32,35,67
SAN ANDRES,nutricion y desarrollo infantil,controles repetidos en ninos de 2 anos de < 5,2006-10-01,78,78,80,158
SAN ANDRES DE MACHACA,nutricion y desarrollo infantil,controles repetidos en ninos de 2 anos de < 5,2006-10-01,31,31,42,73
SAN ANTONIO DE ESMORUCO,nutricion y desarrollo infantil,controles repetidos en ninos de 2 anos de < 5,2006-10-01,10,10,10,20
SAN ANTONIO DE LOMERIO,nutricion y desarrollo infantil,controles repetidos en ninos de 2 anos de < 5,2006-10-01,141,141,122,263
SAN BENITO,nutricion y desarrollo infantil,controles repetidos en ninos de 2 anos de < 5,2006-10-01,37,37,25,62
SAN BORJA,nutricion y desarrollo infantil,controles repetidos en ninos de 2 anos de < 5,2006-10-01,223,223,217,440
SAN BUENA VENTURA,nutricion y desarrollo infantil,controles repetidos en ninos de 2 anos de < 5,2006-10-01,63,63,56,119
SAN CARLOS,nutricion y desarrollo infantil,controles repetidos en ninos de 2 anos de < 5,2006-10-01,127,127,143,270
SAN IGNACIO,nutricion y desarrollo infantil,controles repetidos en ninos de 2 anos de < 5,2006-10-01,176,176,184,360
SAN IGNACIO DE VELASCO,nutricion y desarrollo infantil,controles repetidos en ninos de 2 anos de < 5,2006-10-01,262,262,241,503
SAN JAVIER(BNI),nutricion y desarrollo infantil,controles repetidos en ninos de 2 anos de < 5,2006-10-01,12,12,26,38
SAN JAVIER(STC),nutricion y desarrollo infantil,controles repetidos en ninos de 2 anos de < 5,2006-10-01,153,153,134,287
SAN JOAQUIN,nutricion y desarrollo infantil,controles repetidos en ninos de 2 anos de < 5,2006-10-01,34,34,33,67
SAN JOSE DE CHIQUITOS,nutricion y desarrollo infantil,controles repetidos en ninos de 2 anos de < 5,2006-10-01,75,75,62,137
SAN JUAN DE YAPACANI,nutricion y desarrollo infantil,controles repetidos en ninos de 2 anos de < 5,2006-10-01,104,104,89,193
SAN JULIAN,nutricion y desarrollo infantil,controles repetidos en ninos de 2 anos de < 5,2006-10-01,173,173,174,347
SAN LORENZO(PND),nutricion y desarrollo infantil,controles repetidos en ninos de 2 anos de < 5,2006-10-01,62,62,57,119
SAN LORENZO(TJA),nutricion y desarrollo infantil,controles repetidos en ninos de 2 anos de < 5,2006-10-01,192,192,171,363
SAN LUCAS,nutricion y desarrollo infantil,controles repetidos en ninos de 2 anos de < 5,2006-10-01,582,582,643,1225
SAN MATIAS,nutricion y desarrollo infantil,controles repetidos en ninos de 2 anos de < 5,2006-10-01,67,67,60,127
SAN MIGUEL DE VELASCO,nutricion y desarrollo infantil,controles repetidos en ninos de 2 anos de < 5,2006-10-01,97,97,99,196
SAN PABLO DE LIPEZ,nutricion y desarrollo infantil,controles repetidos en ninos de 2 anos de < 5,2006-10-01,13,13,13,26
SAN PEDRO,nutricion y desarrollo infantil,controles repetidos en ninos de 2 anos de < 5,2006-10-01,93,93,107,200
SAN PEDRO DE BUENA VISTA,nutricion y desarrollo infantil,controles repetidos en ninos de 2 anos de < 5,2006-10-01,307,307,255,562
SAN PEDRO DE CURAHUARA,nutricion y desarrollo infantil,controles repetidos en ninos de 2 anos de < 5,2006-10-01,61,61,54,115
SAN PEDRO DE QUEMES,nutricion y desarrollo infantil,controles repetidos en ninos de 2 anos de < 5,2006-10-01,6,6,7,13
SAN PEDRO DE TIQUINA,nutricion y desarrollo infantil,controles repetidos en ninos de 2 anos de < 5,2006-10-01,41,41,26,67
SAN PEDRO(PND),nutricion y desarrollo infantil,controles repetidos en ninos de 2 anos de < 5,2006-10-01,30,30,39,69
SAN RAFAEL,nutricion y desarrollo infantil,controles repetidos en ninos de 2 anos de < 5,2006-10-01,35,35,34,69
SAN RAMON,nutricion y desarrollo infantil,controles repetidos en ninos de 2 anos de < 5,2006-10-01,32,32,21,53
SAN RAMON,nutricion y desarrollo infantil,controles repetidos en ninos de 2 anos de < 5,2006-10-01,34,34,32,66
SANTA ANA,nutricion y desarrollo infantil,controles repetidos en ninos de 2 anos de < 5,2006-10-01,53,53,78,131
SANTA CRUZ DE LA SIERRA,nutricion y desarrollo infantil,controles repetidos en ninos de 2 anos de < 5,2006-10-01,2790,2790,2628,5418
SANTA ROSA,nutricion y desarrollo infantil,controles repetidos en ninos de 2 anos de < 5,2006-10-01,66,66,71,137
SANTA ROSA DEL SARA,nutricion y desarrollo infantil,controles repetidos en ninos de 2 anos de < 5,2006-10-01,169,169,157,326
SANTIAGO DE CALLAPA,nutricion y desarrollo infantil,controles repetidos en ninos de 2 anos de < 5,2006-10-01,29,29,21,50
SANTIAGO DE HUARI,nutricion y desarrollo infantil,controles repetidos en ninos de 2 anos de < 5,2006-10-01,55,55,41,96
SANTIAGO DE MACHACA,nutricion y desarrollo infantil,controles repetidos en ninos de 2 anos de < 5,2006-10-01,28,28,20,48
SANTIVAÑES,nutricion y desarrollo infantil,controles repetidos en ninos de 2 anos de < 5,2006-10-01,28,28,27,55
SANTUARIO DE QUILLACAS,nutricion y desarrollo infantil,controles repetidos en ninos de 2 anos de < 5,2006-10-01,18,18,16,34
SAPAHAQUI,nutricion y desarrollo infantil,controles repetidos en ninos de 2 anos de < 5,2006-10-01,76,76,82,158
SENA,nutricion y desarrollo infantil,controles repetidos en ninos de 2 anos de < 5,2006-10-01,61,61,50,111
SICA SICA (VILLA AROMA),nutricion y desarrollo infantil,controles repetidos en ninos de 2 anos de < 5,2006-10-01,132,132,136,268
SICAYA,nutricion y desarrollo infantil,controles repetidos en ninos de 2 anos de < 5,2006-10-01,16,16,8,24
SIPE SIPE,nutricion y desarrollo infantil,controles repetidos en ninos de 2 anos de < 5,2006-10-01,250,250,219,469
SOPACHUY,nutricion y desarrollo infantil,controles repetidos en ninos de 2 anos de < 5,2006-10-01,204,204,238,442
SORACACHI,nutricion y desarrollo infantil,controles repetidos en ninos de 2 anos de < 5,2006-10-01,43,43,48,91
SORATA,nutricion y desarrollo infantil,controles repetidos en ninos de 2 anos de < 5,2006-10-01,60,60,55,115
SUCRE,nutricion y desarrollo infantil,controles repetidos en ninos de 2 anos de < 5,2006-10-01,1928,1928,1802,3730
TACACHI,nutricion y desarrollo infantil,controles repetidos en ninos de 2 anos de < 5,2006-10-01,4,4,3,7
TACACOMA,nutricion y desarrollo infantil,controles repetidos en ninos de 2 anos de < 5,2006-10-01,32,32,26,58
TACOBAMBA,nutricion y desarrollo infantil,controles repetidos en ninos de 2 anos de < 5,2006-10-01,67,67,61,128
TACOPAYA,nutricion y desarrollo infantil,controles repetidos en ninos de 2 anos de < 5,2006-10-01,164,164,213,377
TAHUA,nutricion y desarrollo infantil,controles repetidos en ninos de 2 anos de < 5,2006-10-01,13,13,29,42
TAPACARI,nutricion y desarrollo infantil,controles repetidos en ninos de 2 anos de < 5,2006-10-01,159,159,150,309
TARABUCO,nutricion y desarrollo infantil,controles repetidos en ninos de 2 anos de < 5,2006-10-01,568,568,515,1083
TARACO,nutricion y desarrollo infantil,controles repetidos en ninos de 2 anos de < 5,2006-10-01,37,37,40,77
TARATA,nutricion y desarrollo infantil,controles repetidos en ninos de 2 anos de < 5,2006-10-01,29,29,17,46
TARIJA,nutricion y desarrollo infantil,controles repetidos en ninos de 2 anos de < 5,2006-10-01,592,592,674,1266
TARVITA,nutricion y desarrollo infantil,controles repetidos en ninos de 2 anos de < 5,2006-10-01,236,236,220,456
TEOPONTE,nutricion y desarrollo infantil,controles repetidos en ninos de 2 anos de < 5,2006-10-01,70,70,65,135
TIAWANACU,nutricion y desarrollo infantil,controles repetidos en ninos de 2 anos de < 5,2006-10-01,51,51,51,102
TINGUIPAYA,nutricion y desarrollo infantil,controles repetidos en ninos de 2 anos de < 5,2006-10-01,151,151,137,288
TIPUANI,nutricion y desarrollo infantil,controles repetidos en ninos de 2 anos de < 5,2006-10-01,39,39,59,98
TIQUIPAYA,nutricion y desarrollo infantil,controles repetidos en ninos de 2 anos de < 5,2006-10-01,81,81,66,147
TIRAQUE (CBBA),nutricion y desarrollo infantil,controles repetidos en ninos de 2 anos de < 5,2006-10-01,90,90,101,191
TITO YUPANQUI (PARQUIPUJIO),nutricion y desarrollo infantil,controles repetidos en ninos de 2 anos de < 5,2006-10-01,4,4,15,19
TOCO,nutricion y desarrollo infantil,controles repetidos en ninos de 2 anos de < 5,2006-10-01,47,47,44,91
TODOS SANTOS,nutricion y desarrollo infantil,controles repetidos en ninos de 2 anos de < 5,2006-10-01,1,1,0,1
TOLATA,nutricion y desarrollo infantil,controles repetidos en ninos de 2 anos de < 5,2006-10-01,24,24,19,43
TOLEDO,nutricion y desarrollo infantil,controles repetidos en ninos de 2 anos de < 5,2006-10-01,20,20,17,37
TOMAVE,nutricion y desarrollo infantil,controles repetidos en ninos de 2 anos de < 5,2006-10-01,47,47,50,97
TOMINA,nutricion y desarrollo infantil,controles repetidos en ninos de 2 anos de < 5,2006-10-01,217,217,250,467
TORO TORO,nutricion y desarrollo infantil,controles repetidos en ninos de 2 anos de < 5,2006-10-01,144,144,141,285
TOTORA(CBBA),nutricion y desarrollo infantil,controles repetidos en ninos de 2 anos de < 5,2006-10-01,54,54,54,108
TOTORA(ORR),nutricion y desarrollo infantil,controles repetidos en ninos de 2 anos de < 5,2006-10-01,19,19,22,41
TRIGAL,nutricion y desarrollo infantil,controles repetidos en ninos de 2 anos de < 5,2006-10-01,16,16,18,34
TRINIDAD,nutricion y desarrollo infantil,controles repetidos en ninos de 2 anos de < 5,2006-10-01,242,242,228,470
TUPIZA,nutricion y desarrollo infantil,controles repetidos en ninos de 2 anos de < 5,2006-10-01,345,345,370,715
TURCO,nutricion y desarrollo infantil,controles repetidos en ninos de 2 anos de < 5,2006-10-01,25,25,12,37
UMALA,nutricion y desarrollo infantil,controles repetidos en ninos de 2 anos de < 5,2006-10-01,44,44,36,80
UNCIA,nutricion y desarrollo infantil,controles repetidos en ninos de 2 anos de < 5,2006-10-01,162,162,158,320
URIONDO (A. CONCEPCION),nutricion y desarrollo infantil,controles repetidos en ninos de 2 anos de < 5,2006-10-01,161,161,162,323
URUBICHA,nutricion y desarrollo infantil,controles repetidos en ninos de 2 anos de < 5,2006-10-01,187,187,206,393
UYUNI,nutricion y desarrollo infantil,controles repetidos en ninos de 2 anos de < 5,2006-10-01,211,211,218,429
VACAS,nutricion y desarrollo infantil,controles repetidos en ninos de 2 anos de < 5,2006-10-01,52,52,52,104
VALLEGRANDE,nutricion y desarrollo infantil,controles repetidos en ninos de 2 anos de < 5,2006-10-01,89,89,83,172
VIACHA,nutricion y desarrollo infantil,controles repetidos en ninos de 2 anos de < 5,2006-10-01,123,123,102,225
VILA VILA,nutricion y desarrollo infantil,controles repetidos en ninos de 2 anos de < 5,2006-10-01,51,51,44,95
VILLA MONTES,nutricion y desarrollo infantil,controles repetidos en ninos de 2 anos de < 5,2006-10-01,132,132,127,259
VILLA NUEVA (LOMA ALTA),nutricion y desarrollo infantil,controles repetidos en ninos de 2 anos de < 5,2006-10-01,3,3,4,7
VILLA RIVERO,nutricion y desarrollo infantil,controles repetidos en ninos de 2 anos de < 5,2006-10-01,49,49,41,90
VILLA SERRANO,nutricion y desarrollo infantil,controles repetidos en ninos de 2 anos de < 5,2006-10-01,272,272,277,549
VILLA TUNARI,nutricion y desarrollo infantil,controles repetidos en ninos de 2 anos de < 5,2006-10-01,324,324,309,633
VILLA VACA GUZMAN (MUYUPAMPA),nutricion y desarrollo infantil,controles repetidos en ninos de 2 anos de < 5,2006-10-01,173,173,201,374
VILLAZON,nutricion y desarrollo infantil,controles repetidos en ninos de 2 anos de < 5,2006-10-01,225,225,279,504
VINTO,nutricion y desarrollo infantil,controles repetidos en ninos de 2 anos de < 5,2006-10-01,57,57,36,93
VITICHI,nutricion y desarrollo infantil,controles repetidos en ninos de 2 anos de < 5,2006-10-01,237,237,270,507
WALDO BALLIVIAN,nutricion y desarrollo infantil,controles repetidos en ninos de 2 anos de < 5,2006-10-01,26,26,26,52
WARNES,nutricion y desarrollo infantil,controles repetidos en ninos de 2 anos de < 5,2006-10-01,275,275,250,525
YACO,nutricion y desarrollo infantil,controles repetidos en ninos de 2 anos de < 5,2006-10-01,62,62,73,135
YACUIBA,nutricion y desarrollo infantil,controles repetidos en ninos de 2 anos de < 5,2006-10-01,289,289,261,550
YAMPARAEZ,nutricion y desarrollo infantil,controles repetidos en ninos de 2 anos de < 5,2006-10-01,272,272,277,549
YANACACHI,nutricion y desarrollo infantil,controles repetidos en ninos de 2 anos de < 5,2006-10-01,24,24,19,43
YAPACANI,nutricion y desarrollo infantil,controles repetidos en ninos de 2 anos de < 5,2006-10-01,267,267,244,511
YOCALLA,nutricion y desarrollo infantil,controles repetidos en ninos de 2 anos de < 5,2006-10-01,73,73,82,155
YOTALA,nutricion y desarrollo infantil,controles repetidos en ninos de 2 anos de < 5,2006-10-01,163,163,170,333
YUNCHARA,nutricion y desarrollo infantil,controles repetidos en ninos de 2 anos de < 5,2006-10-01,116,116,104,220
ZUDAÑEZ,nutricion y desarrollo infantil,controles repetidos en ninos de 2 anos de < 5,2006-10-01,164,164,182,346
ACACIO,nutricion y desarrollo infantil,controles repetidos en ninos de 2 anos de < 5,2006-11-01,90,90,111,201
ACHACACHI,nutricion y desarrollo infantil,controles repetidos en ninos de 2 anos de < 5,2006-11-01,309,309,332,641
ACHOCALLA,nutricion y desarrollo infantil,controles repetidos en ninos de 2 anos de < 5,2006-11-01,29,29,31,60
AIQUILE,nutricion y desarrollo infantil,controles repetidos en ninos de 2 anos de < 5,2006-11-01,85,85,87,172
ALCALA,nutricion y desarrollo infantil,controles repetidos en ninos de 2 anos de < 5,2006-11-01,79,79,62,141
ANCORAIMES,nutricion y desarrollo infantil,controles repetidos en ninos de 2 anos de < 5,2006-11-01,126,126,132,258
ANDAMARCA,nutricion y desarrollo infantil,controles repetidos en ninos de 2 anos de < 5,2006-11-01,45,45,36,81
ANTEQUERA,nutricion y desarrollo infantil,controles repetidos en ninos de 2 anos de < 5,2006-11-01,65,65,60,125
ANZALDO,nutricion y desarrollo infantil,controles repetidos en ninos de 2 anos de < 5,2006-11-01,11,11,27,38
APOLO,nutricion y desarrollo infantil,controles repetidos en ninos de 2 anos de < 5,2006-11-01,70,70,117,187
ARAMPAMPA,nutricion y desarrollo infantil,controles repetidos en ninos de 2 anos de < 5,2006-11-01,98,98,94,192
ARANI,nutricion y desarrollo infantil,controles repetidos en ninos de 2 anos de < 5,2006-11-01,28,28,26,54
ARBIETO,nutricion y desarrollo infantil,controles repetidos en ninos de 2 anos de < 5,2006-11-01,9,9,11,20
ARQUE,nutricion y desarrollo infantil,controles repetidos en ninos de 2 anos de < 5,2006-11-01,138,138,192,330
ATOCHA,nutricion y desarrollo infantil,controles repetidos en ninos de 2 anos de < 5,2006-11-01,131,131,229,360
AUCAPATA,nutricion y desarrollo infantil,controles repetidos en ninos de 2 anos de < 5,2006-11-01,30,30,27,57
AYATA,nutricion y desarrollo infantil,controles repetidos en ninos de 2 anos de < 5,2006-11-01,29,29,39,68
AYO AYO,nutricion y desarrollo infantil,controles repetidos en ninos de 2 anos de < 5,2006-11-01,27,27,21,48
AYOPAYA (V. DE INDEPENDENCIA),nutricion y desarrollo infantil,controles repetidos en ninos de 2 anos de < 5,2006-11-01,168,168,144,312
AZURDUY,nutricion y desarrollo infantil,controles repetidos en ninos de 2 anos de < 5,2006-11-01,301,301,256,557
BATALLAS,nutricion y desarrollo infantil,controles repetidos en ninos de 2 anos de < 5,2006-11-01,71,71,78,149
BAURES,nutricion y desarrollo infantil,controles repetidos en ninos de 2 anos de < 5,2006-11-01,48,48,44,92
BELEN DE ANDAMARCA,nutricion y desarrollo infantil,controles repetidos en ninos de 2 anos de < 5,2006-11-01,8,8,8,16
BELEN DE URMIRI,nutricion y desarrollo infantil,controles repetidos en ninos de 2 anos de < 5,2006-11-01,16,16,23,39
BELLA FLOR,nutricion y desarrollo infantil,controles repetidos en ninos de 2 anos de < 5,2006-11-01,41,41,66,107
BERMEJO,nutricion y desarrollo infantil,controles repetidos en ninos de 2 anos de < 5,2006-11-01,90,90,76,166
BETANZOS,nutricion y desarrollo infantil,controles repetidos en ninos de 2 anos de < 5,2006-11-01,495,495,442,937
BOLIVAR,nutricion y desarrollo infantil,controles repetidos en ninos de 2 anos de < 5,2006-11-01,62,62,67,129
BOLPEBRA,nutricion y desarrollo infantil,controles repetidos en ninos de 2 anos de < 5,2006-11-01,17,17,16,33
BOYUIBE,nutricion y desarrollo infantil,controles repetidos en ninos de 2 anos de < 5,2006-11-01,38,38,35,73
BUENA VISTA,nutricion y desarrollo infantil,controles repetidos en ninos de 2 anos de < 5,2006-11-01,112,112,127,239
CABEZAS,nutricion y desarrollo infantil,controles repetidos en ninos de 2 anos de < 5,2006-11-01,117,117,126,243
CAIROMA,nutricion y desarrollo infantil,controles repetidos en ninos de 2 anos de < 5,2006-11-01,92,92,134,226
"CAIZA ""D""",nutricion y desarrollo infantil,controles repetidos en ninos de 2 anos de < 5,2006-11-01,122,122,129,251
CAJUATA,nutricion y desarrollo infantil,controles repetidos en ninos de 2 anos de < 5,2006-11-01,74,74,56,130
CALACOTO,nutricion y desarrollo infantil,controles repetidos en ninos de 2 anos de < 5,2006-11-01,45,45,33,78
CALAMARCA,nutricion y desarrollo infantil,controles repetidos en ninos de 2 anos de < 5,2006-11-01,123,123,130,253
CAMARGO,nutricion y desarrollo infantil,controles repetidos en ninos de 2 anos de < 5,2006-11-01,239,239,227,466
CAMATAQUI (C. VILLA ABECIA),nutricion y desarrollo infantil,controles repetidos en ninos de 2 anos de < 5,2006-11-01,73,73,61,134
CAMIRI,nutricion y desarrollo infantil,controles repetidos en ninos de 2 anos de < 5,2006-11-01,252,252,229,481
CAPINOTA,nutricion y desarrollo infantil,controles repetidos en ninos de 2 anos de < 5,2006-11-01,141,141,138,279
CAQUIAVIRI,nutricion y desarrollo infantil,controles repetidos en ninos de 2 anos de < 5,2006-11-01,41,41,39,80
CARACOLLO,nutricion y desarrollo infantil,controles repetidos en ninos de 2 anos de < 5,2006-11-01,57,57,51,108
CARANAVI,nutricion y desarrollo infantil,controles repetidos en ninos de 2 anos de < 5,2006-11-01,318,318,334,652
CARAPARI,nutricion y desarrollo infantil,controles repetidos en ninos de 2 anos de < 5,2006-11-01,120,120,120,240
CARIPUYO,nutricion y desarrollo infantil,controles repetidos en ninos de 2 anos de < 5,2006-11-01,141,141,125,266
CARMEN RIVERO TORREZ,nutricion y desarrollo infantil,controles repetidos en ninos de 2 anos de < 5,2006-11-01,10,10,13,23
CATACORA,nutricion y desarrollo infantil,controles repetidos en ninos de 2 anos de < 5,2006-11-01,2,2,3,5
CHACARILLA,nutricion y desarrollo infantil,controles repetidos en ninos de 2 anos de < 5,2006-11-01,10,10,11,21
CHALLAPATA,nutricion y desarrollo infantil,controles repetidos en ninos de 2 anos de < 5,2006-11-01,122,122,141,263
CHAQUI,nutricion y desarrollo infantil,controles repetidos en ninos de 2 anos de < 5,2006-11-01,73,73,75,148
CHARAGUA,nutricion y desarrollo infantil,controles repetidos en ninos de 2 anos de < 5,2006-11-01,231,231,228,459
CHARAÑA,nutricion y desarrollo infantil,controles repetidos en ninos de 2 anos de < 5,2006-11-01,19,19,20,39
CHAYANTA,nutricion y desarrollo infantil,controles repetidos en ninos de 2 anos de < 5,2006-11-01,161,161,133,294
CHIMORE,nutricion y desarrollo infantil,controles repetidos en ninos de 2 anos de < 5,2006-11-01,9,9,11,20
CHIPAYA,nutricion y desarrollo infantil,controles repetidos en ninos de 2 anos de < 5,2006-11-01,8,8,12,20
CHOQUE COTA,nutricion y desarrollo infantil,controles repetidos en ninos de 2 anos de < 5,2006-11-01,16,16,17,33
CHULUMANI (V. DE LA LIBERTAD),nutricion y desarrollo infantil,controles repetidos en ninos de 2 anos de < 5,2006-11-01,48,48,51,99
CHUMA,nutricion y desarrollo infantil,controles repetidos en ninos de 2 anos de < 5,2006-11-01,132,132,156,288
CLIZA,nutricion y desarrollo infantil,controles repetidos en ninos de 2 anos de < 5,2006-11-01,80,80,67,147
COBIJA,nutricion y desarrollo infantil,controles repetidos en ninos de 2 anos de < 5,2006-11-01,209,209,236,445
COCHABAMBA,nutricion y desarrollo infantil,controles repetidos en ninos de 2 anos de < 5,2006-11-01,1220,1220,1105,2325
COIPASA,nutricion y desarrollo infantil,controles repetidos en ninos de 2 anos de < 5,2006-11-01,4,4,6,10
COLCAPIRHUA,nutricion y desarrollo infantil,controles repetidos en ninos de 2 anos de < 5,2006-11-01,80,80,48,128
"COLCHA ""K""",nutricion y desarrollo infantil,controles repetidos en ninos de 2 anos de < 5,2006-11-01,95,95,98,193
COLLANA,nutricion y desarrollo infantil,controles repetidos en ninos de 2 anos de < 5,2006-11-01,11,11,4,15
COLOMI,nutricion y desarrollo infantil,controles repetidos en ninos de 2 anos de < 5,2006-11-01,69,69,64,133
COLPA BELGICA,nutricion y desarrollo infantil,controles repetidos en ninos de 2 anos de < 5,2006-11-01,49,49,41,90
COLQUECHACA,nutricion y desarrollo infantil,controles repetidos en ninos de 2 anos de < 5,2006-11-01,210,210,215,425
COLQUENCHA,nutricion y desarrollo infantil,controles repetidos en ninos de 2 anos de < 5,2006-11-01,48,48,28,76
COLQUIRI,nutricion y desarrollo infantil,controles repetidos en ninos de 2 anos de < 5,2006-11-01,119,119,139,258
COMANCHE,nutricion y desarrollo infantil,controles repetidos en ninos de 2 anos de < 5,2006-11-01,17,17,12,29
COMARAPA,nutricion y desarrollo infantil,controles repetidos en ninos de 2 anos de < 5,2006-11-01,127,127,145,272
COMBAYA,nutricion y desarrollo infantil,controles repetidos en ninos de 2 anos de < 5,2006-11-01,34,34,16,50
CONCEPCION,nutricion y desarrollo infantil,controles repetidos en ninos de 2 anos de < 5,2006-11-01,73,73,61,134
COPACABANA,nutricion y desarrollo infantil,controles repetidos en ninos de 2 anos de < 5,2006-11-01,109,109,83,192
CORIPATA,nutricion y desarrollo infantil,controles repetidos en ninos de 2 anos de < 5,2006-11-01,91,91,93,184
CORO CORO,nutricion y desarrollo infantil,controles repetidos en ninos de 2 anos de < 5,2006-11-01,90,90,78,168
COROICO,nutricion y desarrollo infantil,controles repetidos en ninos de 2 anos de < 5,2006-11-01,163,163,150,313
CORQUE,nutricion y desarrollo infantil,controles repetidos en ninos de 2 anos de < 5,2006-11-01,48,48,46,94
COTAGAITA,nutricion y desarrollo infantil,controles repetidos en ninos de 2 anos de < 5,2006-11-01,291,291,265,556
COTOCA,nutricion y desarrollo infantil,controles repetidos en ninos de 2 anos de < 5,2006-11-01,205,205,181,386
CUATRO CAÑADAS,nutricion y desarrollo infantil,controles repetidos en ninos de 2 anos de < 5,2006-11-01,121,121,95,216
CUCHUMUELA (V. G. VILLARROEL),nutricion y desarrollo infantil,controles repetidos en ninos de 2 anos de < 5,2006-11-01,16,16,13,29
CUEVO,nutricion y desarrollo infantil,controles repetidos en ninos de 2 anos de < 5,2006-11-01,45,45,53,98
CULPINA,nutricion y desarrollo infantil,controles repetidos en ninos de 2 anos de < 5,2006-11-01,342,342,380,722
CURAHUARA DE CARANGAS,nutricion y desarrollo infantil,controles repetidos en ninos de 2 anos de < 5,2006-11-01,48,48,37,85
CURVA,nutricion y desarrollo infantil,controles repetidos en ninos de 2 anos de < 5,2006-11-01,16,16,8,24
DESAGUADERO,nutricion y desarrollo infantil,controles repetidos en ninos de 2 anos de < 5,2006-11-01,20,20,9,29
EL ALTO,nutricion y desarrollo infantil,controles repetidos en ninos de 2 anos de < 5,2006-11-01,2510,2510,2371,4881
EL CHORO,nutricion y desarrollo infantil,controles repetidos en ninos de 2 anos de < 5,2006-11-01,9,9,9,18
EL PUENTE(STC),nutricion y desarrollo infantil,controles repetidos en ninos de 2 anos de < 5,2006-11-01,174,174,143,317
EL PUENTE(TJA),nutricion y desarrollo infantil,controles repetidos en ninos de 2 anos de < 5,2006-11-01,144,144,130,274
EL TORNO,nutricion y desarrollo infantil,controles repetidos en ninos de 2 anos de < 5,2006-11-01,128,128,136,264
EL VILLAR,nutricion y desarrollo infantil,controles repetidos en ninos de 2 anos de < 5,2006-11-01,121,121,127,248
ENTRE RIOS,nutricion y desarrollo infantil,controles repetidos en ninos de 2 anos de < 5,2006-11-01,120,120,116,236
ENTRE RIOS,nutricion y desarrollo infantil,controles repetidos en ninos de 2 anos de < 5,2006-11-01,229,229,200,429
ESCARA,nutricion y desarrollo infantil,controles repetidos en ninos de 2 anos de < 5,2006-11-01,3,3,1,4
ESMERALDA,nutricion y desarrollo infantil,controles repetidos en ninos de 2 anos de < 5,2006-11-01,9,9,5,14
EUCALIPTUS,nutricion y desarrollo infantil,controles repetidos en ninos de 2 anos de < 5,2006-11-01,103,103,77,180
EUREKA (SANTOS MERCADO),nutricion y desarrollo infantil,controles repetidos en ninos de 2 anos de < 5,2006-11-01,20,20,27,47
EXALTACION,nutricion y desarrollo infantil,controles repetidos en ninos de 2 anos de < 5,2006-11-01,63,63,60,123
FERNANDEZ ALONSO,nutricion y desarrollo infantil,controles repetidos en ninos de 2 anos de < 5,2006-11-01,137,137,131,268
FILADELFIA,nutricion y desarrollo infantil,controles repetidos en ninos de 2 anos de < 5,2006-11-01,30,30,32,62
GENERAL SAAVEDRA,nutricion y desarrollo infantil,controles repetidos en ninos de 2 anos de < 5,2006-11-01,157,157,183,340
GRAL. J.J. PEREZ (CHARAZANI),nutricion y desarrollo infantil,controles repetidos en ninos de 2 anos de < 5,2006-11-01,81,81,91,172
GUANAY,nutricion y desarrollo infantil,controles repetidos en ninos de 2 anos de < 5,2006-11-01,125,125,146,271
GUAQUI,nutricion y desarrollo infantil,controles repetidos en ninos de 2 anos de < 5,2006-11-01,25,25,17,42
GUAYARAMERIN,nutricion y desarrollo infantil,controles repetidos en ninos de 2 anos de < 5,2006-11-01,230,230,283,513
GUTIERREZ,nutricion y desarrollo infantil,controles repetidos en ninos de 2 anos de < 5,2006-11-01,174,174,195,369
HUACARETA,nutricion y desarrollo infantil,controles repetidos en ninos de 2 anos de < 5,2006-11-01,137,137,129,266
HUACAYA (VILLA DE HUACAYA),nutricion y desarrollo infantil,controles repetidos en ninos de 2 anos de < 5,2006-11-01,64,64,53,117
HUACHACALLA,nutricion y desarrollo infantil,controles repetidos en ninos de 2 anos de < 5,2006-11-01,18,18,12,30
HUANUNI,nutricion y desarrollo infantil,controles repetidos en ninos de 2 anos de < 5,2006-11-01,134,134,126,260
HUARACAJE,nutricion y desarrollo infantil,controles repetidos en ninos de 2 anos de < 5,2006-11-01,20,20,13,33
HUAYLLAMARCA,nutricion y desarrollo infantil,controles repetidos en ninos de 2 anos de < 5,2006-11-01,21,21,38,59
ICHOCA,nutricion y desarrollo infantil,controles repetidos en ninos de 2 anos de < 5,2006-11-01,51,51,62,113
ICLA,nutricion y desarrollo infantil,controles repetidos en ninos de 2 anos de < 5,2006-11-01,295,295,295,590
INCAHUASI,nutricion y desarrollo infantil,controles repetidos en ninos de 2 anos de < 5,2006-11-01,270,270,314,584
INGAVI (HUMAITA),nutricion y desarrollo infantil,controles repetidos en ninos de 2 anos de < 5,2006-11-01,12,12,5,17
INQUISIVI,nutricion y desarrollo infantil,controles repetidos en ninos de 2 anos de < 5,2006-11-01,128,128,128,256
IRUPANA (VILLA DE LANZA),nutricion y desarrollo infantil,controles repetidos en ninos de 2 anos de < 5,2006-11-01,146,146,88,234
IXIAMAS,nutricion y desarrollo infantil,controles repetidos en ninos de 2 anos de < 5,2006-11-01,112,112,83,195
JESUS DE MACHACA,nutricion y desarrollo infantil,controles repetidos en ninos de 2 anos de < 5,2006-11-01,51,51,76,127
LA ASUNTA,nutricion y desarrollo infantil,controles repetidos en ninos de 2 anos de < 5,2006-11-01,115,115,132,247
LA GUARDIA,nutricion y desarrollo infantil,controles repetidos en ninos de 2 anos de < 5,2006-11-01,233,233,226,459
LA PAZ,nutricion y desarrollo infantil,controles repetidos en ninos de 2 anos de < 5,2006-11-01,1998,1998,1820,3818
LAGUNILLAS,nutricion y desarrollo infantil,controles repetidos en ninos de 2 anos de < 5,2006-11-01,125,125,162,287
LAJA,nutricion y desarrollo infantil,controles repetidos en ninos de 2 anos de < 5,2006-11-01,61,61,63,124
LAS CARRERAS,nutricion y desarrollo infantil,controles repetidos en ninos de 2 anos de < 5,2006-11-01,70,70,73,143
LICOMA PAMPA,nutricion y desarrollo infantil,controles repetidos en ninos de 2 anos de < 5,2006-11-01,25,25,22,47
LLALLAGUA,nutricion y desarrollo infantil,controles repetidos en ninos de 2 anos de < 5,2006-11-01,279,279,289,568
LLICA,nutricion y desarrollo infantil,controles repetidos en ninos de 2 anos de < 5,2006-11-01,31,31,27,58
LORETO,nutricion y desarrollo infantil,controles repetidos en ninos de 2 anos de < 5,2006-11-01,28,28,35,63
LURIBAY,nutricion y desarrollo infantil,controles repetidos en ninos de 2 anos de < 5,2006-11-01,78,78,91,169
MACHACAMARCA,nutricion y desarrollo infantil,controles repetidos en ninos de 2 anos de < 5,2006-11-01,50,50,50,100
MACHARETI,nutricion y desarrollo infantil,controles repetidos en ninos de 2 anos de < 5,2006-11-01,170,170,181,351
MAGDALENA,nutricion y desarrollo infantil,controles repetidos en ninos de 2 anos de < 5,2006-11-01,37,37,41,78
MAIRANA,nutricion y desarrollo infantil,controles repetidos en ninos de 2 anos de < 5,2006-11-01,36,36,29,65
MALLA,nutricion y desarrollo infantil,controles repetidos en ninos de 2 anos de < 5,2006-11-01,61,61,51,112
MAPIRI,nutricion y desarrollo infantil,controles repetidos en ninos de 2 anos de < 5,2006-11-01,98,98,32,130
MECAPACA,nutricion y desarrollo infantil,controles repetidos en ninos de 2 anos de < 5,2006-11-01,44,44,53,97
MINEROS,nutricion y desarrollo infantil,controles repetidos en ninos de 2 anos de < 5,2006-11-01,180,180,126,306
MIZQUE,nutricion y desarrollo infantil,controles repetidos en ninos de 2 anos de < 5,2006-11-01,134,134,158,292
MOCOMOCO,nutricion y desarrollo infantil,controles repetidos en ninos de 2 anos de < 5,2006-11-01,104,104,74,178
MOJINETE,nutricion y desarrollo infantil,controles repetidos en ninos de 2 anos de < 5,2006-11-01,19,19,20,39
MOJOCOYA,nutricion y desarrollo infantil,controles repetidos en ninos de 2 anos de < 5,2006-11-01,109,109,98,207
MONTEAGUDO,nutricion y desarrollo infantil,controles repetidos en ninos de 2 anos de < 5,2006-11-01,358,358,342,700
MONTERO,nutricion y desarrollo infantil,controles repetidos en ninos de 2 anos de < 5,2006-11-01,680,680,670,1350
MORO MORO,nutricion y desarrollo infantil,controles repetidos en ninos de 2 anos de < 5,2006-11-01,40,40,25,65
MOROCHATA,nutricion y desarrollo infantil,controles repetidos en ninos de 2 anos de < 5,2006-11-01,135,135,147,282
NACEBE (SANTA ROSA DEL ABUNA),nutricion y desarrollo infantil,controles repetidos en ninos de 2 anos de < 5,2006-11-01,13,13,19,32
NUEVO MANOA (NUEVA ESPERANZA),nutricion y desarrollo infantil,controles repetidos en ninos de 2 anos de < 5,2006-11-01,8,8,13,21
OCURI,nutricion y desarrollo infantil,controles repetidos en ninos de 2 anos de < 5,2006-11-01,212,212,240,452
OKINAWA,nutricion y desarrollo infantil,controles repetidos en ninos de 2 anos de < 5,2006-11-01,88,88,91,179
OMEREQUE,nutricion y desarrollo infantil,controles repetidos en ninos de 2 anos de < 5,2006-11-01,42,42,41,83
ORURO,nutricion y desarrollo infantil,controles repetidos en ninos de 2 anos de < 5,2006-11-01,811,811,795,1606
PADCAYA,nutricion y desarrollo infantil,controles repetidos en ninos de 2 anos de < 5,2006-11-01,167,167,211,378
PADILLA,nutricion y desarrollo infantil,controles repetidos en ninos de 2 anos de < 5,2006-11-01,300,300,302,602
PAILON,nutricion y desarrollo infantil,controles repetidos en ninos de 2 anos de < 5,2006-11-01,122,122,117,239
PALCA,nutricion y desarrollo infantil,controles repetidos en ninos de 2 anos de < 5,2006-11-01,39,39,35,74
PALOS BLANCOS,nutricion y desarrollo infantil,controles repetidos en ninos de 2 anos de < 5,2006-11-01,232,232,241,473
PAMPA AULLAGAS,nutricion y desarrollo infantil,controles repetidos en ninos de 2 anos de < 5,2006-11-01,25,25,26,51
PAMPA GRANDE,nutricion y desarrollo infantil,controles repetidos en ninos de 2 anos de < 5,2006-11-01,26,26,35,61
PAPEL PAMPA,nutricion y desarrollo infantil,controles repetidos en ninos de 2 anos de < 5,2006-11-01,26,26,40,66
PASORAPA,nutricion y desarrollo infantil,controles repetidos en ninos de 2 anos de < 5,2006-11-01,34,34,28,62
PATACAMAYA,nutricion y desarrollo infantil,controles repetidos en ninos de 2 anos de < 5,2006-11-01,120,120,128,248
PAZÑA,nutricion y desarrollo infantil,controles repetidos en ninos de 2 anos de < 5,2006-11-01,28,28,44,72
PELECHUCO,nutricion y desarrollo infantil,controles repetidos en ninos de 2 anos de < 5,2006-11-01,28,28,28,56
POCOATA,nutricion y desarrollo infantil,controles repetidos en ninos de 2 anos de < 5,2006-11-01,288,288,286,574
POCONA,nutricion y desarrollo infantil,controles repetidos en ninos de 2 anos de < 5,2006-11-01,61,61,82,143
POJO (CBBA),nutricion y desarrollo infantil,controles repetidos en ninos de 2 anos de < 5,2006-11-01,98,98,115,213
POOPO,nutricion y desarrollo infantil,controles repetidos en ninos de 2 anos de < 5,2006-11-01,28,28,27,55
PORCO,nutricion y desarrollo infantil,controles repetidos en ninos de 2 anos de < 5,2006-11-01,56,56,34,90
POROMA,nutricion y desarrollo infantil,controles repetidos en ninos de 2 anos de < 5,2006-11-01,315,315,288,603
PORONGO,nutricion y desarrollo infantil,controles repetidos en ninos de 2 anos de < 5,2006-11-01,61,61,62,123
PORTACHUELO,nutricion y desarrollo infantil,controles repetidos en ninos de 2 anos de < 5,2006-11-01,182,182,191,373
PORVENIR,nutricion y desarrollo infantil,controles repetidos en ninos de 2 anos de < 5,2006-11-01,25,25,25,50
POSTRER VALLE,nutricion y desarrollo infantil,controles repetidos en ninos de 2 anos de < 5,2006-11-01,15,15,24,39
POTOSI,nutricion y desarrollo infantil,controles repetidos en ninos de 2 anos de < 5,2006-11-01,715,715,727,1442
PRESTO,nutricion y desarrollo infantil,controles repetidos en ninos de 2 anos de < 5,2006-11-01,187,187,153,340
PUCARA,nutricion y desarrollo infantil,controles repetidos en ninos de 2 anos de < 5,2006-11-01,8,8,5,13
PUCARANI,nutricion y desarrollo infantil,controles repetidos en ninos de 2 anos de < 5,2006-11-01,136,136,135,271
PUERTO ACOSTA,nutricion y desarrollo infantil,controles repetidos en ninos de 2 anos de < 5,2006-11-01,171,171,176,347
PUERTO CARABUCO,nutricion y desarrollo infantil,controles repetidos en ninos de 2 anos de < 5,2006-11-01,132,132,142,274
PUERTO GONZALO MORENO,nutricion y desarrollo infantil,controles repetidos en ninos de 2 anos de < 5,2006-11-01,54,54,67,121
PUERTO PEREZ,nutricion y desarrollo infantil,controles repetidos en ninos de 2 anos de < 5,2006-11-01,36,36,28,64
PUERTO QUIJARRO,nutricion y desarrollo infantil,controles repetidos en ninos de 2 anos de < 5,2006-11-01,45,45,49,94
PUERTO RICO,nutricion y desarrollo infantil,controles repetidos en ninos de 2 anos de < 5,2006-11-01,69,69,66,135
PUERTO SILES,nutricion y desarrollo infantil,controles repetidos en ninos de 2 anos de < 5,2006-11-01,32,32,38,70
PUERTO SUAREZ,nutricion y desarrollo infantil,controles repetidos en ninos de 2 anos de < 5,2006-11-01,18,18,23,41
PUERTO VILLARROEL,nutricion y desarrollo infantil,controles repetidos en ninos de 2 anos de < 5,2006-11-01,150,150,157,307
PUNA,nutricion y desarrollo infantil,controles repetidos en ninos de 2 anos de < 5,2006-11-01,322,322,326,648
PUNATA,nutricion y desarrollo infantil,controles repetidos en ninos de 2 anos de < 5,2006-11-01,102,102,85,187
QUIABAYA,nutricion y desarrollo infantil,controles repetidos en ninos de 2 anos de < 5,2006-11-01,9,9,13,22
QUILLACOLLO,nutricion y desarrollo infantil,controles repetidos en ninos de 2 anos de < 5,2006-11-01,217,217,170,387
QUIME,nutricion y desarrollo infantil,controles repetidos en ninos de 2 anos de < 5,2006-11-01,80,80,92,172
QUIRUSILLAS,nutricion y desarrollo infantil,controles repetidos en ninos de 2 anos de < 5,2006-11-01,15,15,11,26
RAVELO,nutricion y desarrollo infantil,controles repetidos en ninos de 2 anos de < 5,2006-11-01,405,405,385,790
REYES,nutricion y desarrollo infantil,controles repetidos en ninos de 2 anos de < 5,2006-11-01,81,81,77,158
RIBERALTA,nutricion y desarrollo infantil,controles repetidos en ninos de 2 anos de < 5,2006-11-01,454,454,444,898
ROBORE,nutricion y desarrollo infantil,controles repetidos en ninos de 2 anos de < 5,2006-11-01,104,104,100,204
RURRENABAQUE,nutricion y desarrollo infantil,controles repetidos en ninos de 2 anos de < 5,2006-11-01,28,28,28,56
SABAYA,nutricion y desarrollo infantil,controles repetidos en ninos de 2 anos de < 5,2006-11-01,19,19,13,32
SACABA,nutricion y desarrollo infantil,controles repetidos en ninos de 2 anos de < 5,2006-11-01,172,172,162,334
SACABAMBA,nutricion y desarrollo infantil,controles repetidos en ninos de 2 anos de < 5,2006-11-01,22,22,21,43
SACACA,nutricion y desarrollo infantil,controles repetidos en ninos de 2 anos de < 5,2006-11-01,531,531,435,966
SAIPINA,nutricion y desarrollo infantil,controles repetidos en ninos de 2 anos de < 5,2006-11-01,88,88,84,172
SALINAS DE GARCI MENDOZA,nutricion y desarrollo infantil,controles repetidos en ninos de 2 anos de < 5,2006-11-01,75,75,81,156
SAMAIPATA,nutricion y desarrollo infantil,controles repetidos en ninos de 2 anos de < 5,2006-11-01,49,49,38,87
SAN AGUSTIN,nutricion y desarrollo infantil,controles repetidos en ninos de 2 anos de < 5,2006-11-01,25,25,26,51
SAN ANDRES,nutricion y desarrollo infantil,controles repetidos en ninos de 2 anos de < 5,2006-11-01,90,90,86,176
SAN ANDRES DE MACHACA,nutricion y desarrollo infantil,controles repetidos en ninos de 2 anos de < 5,2006-11-01,42,42,48,90
SAN ANTONIO DE ESMORUCO,nutricion y desarrollo infantil,controles repetidos en ninos de 2 anos de < 5,2006-11-01,15,15,14,29
SAN ANTONIO DE LOMERIO,nutricion y desarrollo infantil,controles repetidos en ninos de 2 anos de < 5,2006-11-01,94,94,76,170
SAN BENITO,nutricion y desarrollo infantil,controles repetidos en ninos de 2 anos de < 5,2006-11-01,28,28,30,58
SAN BORJA,nutricion y desarrollo infantil,controles repetidos en ninos de 2 anos de < 5,2006-11-01,316,316,302,618
SAN BUENA VENTURA,nutricion y desarrollo infantil,controles repetidos en ninos de 2 anos de < 5,2006-11-01,88,88,130,218
SAN CARLOS,nutricion y desarrollo infantil,controles repetidos en ninos de 2 anos de < 5,2006-11-01,148,148,146,294
SAN IGNACIO,nutricion y desarrollo infantil,controles repetidos en ninos de 2 anos de < 5,2006-11-01,223,223,207,430
SAN IGNACIO DE VELASCO,nutricion y desarrollo infantil,controles repetidos en ninos de 2 anos de < 5,2006-11-01,380,380,393,773
SAN JAVIER(BNI),nutricion y desarrollo infantil,controles repetidos en ninos de 2 anos de < 5,2006-11-01,18,18,23,41
SAN JAVIER(STC),nutricion y desarrollo infantil,controles repetidos en ninos de 2 anos de < 5,2006-11-01,153,153,144,297
SAN JOAQUIN,nutricion y desarrollo infantil,controles repetidos en ninos de 2 anos de < 5,2006-11-01,54,54,71,125
SAN JOSE DE CHIQUITOS,nutricion y desarrollo infantil,controles repetidos en ninos de 2 anos de < 5,2006-11-01,77,77,85,162
SAN JUAN DE YAPACANI,nutricion y desarrollo infantil,controles repetidos en ninos de 2 anos de < 5,2006-11-01,77,77,77,154
SAN JULIAN,nutricion y desarrollo infantil,controles repetidos en ninos de 2 anos de < 5,2006-11-01,283,283,303,586
SAN LORENZO(PND),nutricion y desarrollo infantil,controles repetidos en ninos de 2 anos de < 5,2006-11-01,18,18,18,36
SAN LORENZO(TJA),nutricion y desarrollo infantil,controles repetidos en ninos de 2 anos de < 5,2006-11-01,154,154,167,321
SAN LUCAS,nutricion y desarrollo infantil,controles repetidos en ninos de 2 anos de < 5,2006-11-01,656,656,753,1409
SAN MATIAS,nutricion y desarrollo infantil,controles repetidos en ninos de 2 anos de < 5,2006-11-01,105,105,90,195
SAN MIGUEL DE VELASCO,nutricion y desarrollo infantil,controles repetidos en ninos de 2 anos de < 5,2006-11-01,55,55,62,117
SAN PABLO DE LIPEZ,nutricion y desarrollo infantil,controles repetidos en ninos de 2 anos de < 5,2006-11-01,22,22,13,35
SAN PEDRO,nutricion y desarrollo infantil,controles repetidos en ninos de 2 anos de < 5,2006-11-01,121,121,104,225
SAN PEDRO DE BUENA VISTA,nutricion y desarrollo infantil,controles repetidos en ninos de 2 anos de < 5,2006-11-01,298,298,273,571
SAN PEDRO DE CURAHUARA,nutricion y desarrollo infantil,controles repetidos en ninos de 2 anos de < 5,2006-11-01,21,21,25,46
SAN PEDRO DE QUEMES,nutricion y desarrollo infantil,controles repetidos en ninos de 2 anos de < 5,2006-11-01,4,4,9,13
SAN PEDRO DE TIQUINA,nutricion y desarrollo infantil,controles repetidos en ninos de 2 anos de < 5,2006-11-01,36,36,35,71
SAN PEDRO(PND),nutricion y desarrollo infantil,controles repetidos en ninos de 2 anos de < 5,2006-11-01,20,20,19,39
SAN RAFAEL,nutricion y desarrollo infantil,controles repetidos en ninos de 2 anos de < 5,2006-11-01,90,90,79,169
SAN RAMON,nutricion y desarrollo infantil,controles repetidos en ninos de 2 anos de < 5,2006-11-01,36,36,34,70
SAN RAMON,nutricion y desarrollo infantil,controles repetidos en ninos de 2 anos de < 5,2006-11-01,37,37,26,63
SANTA ANA,nutricion y desarrollo infantil,controles repetidos en ninos de 2 anos de < 5,2006-11-01,66,66,63,129
SANTA CRUZ DE LA SIERRA,nutricion y desarrollo infantil,controles repetidos en ninos de 2 anos de < 5,2006-11-01,3067,3067,2912,5979
SANTA ROSA,nutricion y desarrollo infantil,controles repetidos en ninos de 2 anos de < 5,2006-11-01,27,27,30,57
SANTA ROSA DEL SARA,nutricion y desarrollo infantil,controles repetidos en ninos de 2 anos de < 5,2006-11-01,218,218,277,495
SANTIAGO DE CALLAPA,nutricion y desarrollo infantil,controles repetidos en ninos de 2 anos de < 5,2006-11-01,22,22,21,43
SANTIAGO DE HUARI,nutricion y desarrollo infantil,controles repetidos en ninos de 2 anos de < 5,2006-11-01,102,102,90,192
SANTIAGO DE MACHACA,nutricion y desarrollo infantil,controles repetidos en ninos de 2 anos de < 5,2006-11-01,25,25,22,47
SANTIVAÑES,nutricion y desarrollo infantil,controles repetidos en ninos de 2 anos de < 5,2006-11-01,51,51,60,111
SANTUARIO DE QUILLACAS,nutricion y desarrollo infantil,controles repetidos en ninos de 2 anos de < 5,2006-11-01,38,38,29,67
SAPAHAQUI,nutricion y desarrollo infantil,controles repetidos en ninos de 2 anos de < 5,2006-11-01,117,117,113,230
SENA,nutricion y desarrollo infantil,controles repetidos en ninos de 2 anos de < 5,2006-11-01,53,53,48,101
SICA SICA (VILLA AROMA),nutricion y desarrollo infantil,controles repetidos en ninos de 2 anos de < 5,2006-11-01,134,134,135,269
SICAYA,nutricion y desarrollo infantil,controles repetidos en ninos de 2 anos de < 5,2006-11-01,33,33,26,59
SIPE SIPE,nutricion y desarrollo infantil,controles repetidos en ninos de 2 anos de < 5,2006-11-01,145,145,124,269
SOPACHUY,nutricion y desarrollo infantil,controles repetidos en ninos de 2 anos de < 5,2006-11-01,172,172,192,364
SORACACHI,nutricion y desarrollo infantil,controles repetidos en ninos de 2 anos de < 5,2006-11-01,95,95,89,184
SORATA,nutricion y desarrollo infantil,controles repetidos en ninos de 2 anos de < 5,2006-11-01,58,58,64,122
SUCRE,nutricion y desarrollo infantil,controles repetidos en ninos de 2 anos de < 5,2006-11-01,1557,1557,1581,3138
TACACHI,nutricion y desarrollo infantil,controles repetidos en ninos de 2 anos de < 5,2006-11-01,1,1,5,6
TACACOMA,nutricion y desarrollo infantil,controles repetidos en ninos de 2 anos de < 5,2006-11-01,36,36,36,72
TACOBAMBA,nutricion y desarrollo infantil,controles repetidos en ninos de 2 anos de < 5,2006-11-01,69,69,80,149
TACOPAYA,nutricion y desarrollo infantil,controles repetidos en ninos de 2 anos de < 5,2006-11-01,94,94,108,202
TAHUA,nutricion y desarrollo infantil,controles repetidos en ninos de 2 anos de < 5,2006-11-01,11,11,19,30
TAPACARI,nutricion y desarrollo infantil,controles repetidos en ninos de 2 anos de < 5,2006-11-01,266,266,235,501
TARABUCO,nutricion y desarrollo infantil,controles repetidos en ninos de 2 anos de < 5,2006-11-01,469,469,475,944
TARACO,nutricion y desarrollo infantil,controles repetidos en ninos de 2 anos de < 5,2006-11-01,42,42,49,91
TARATA,nutricion y desarrollo infantil,controles repetidos en ninos de 2 anos de < 5,2006-11-01,22,22,34,56
TARIJA,nutricion y desarrollo infantil,controles repetidos en ninos de 2 anos de < 5,2006-11-01,647,647,624,1271
TARVITA,nutricion y desarrollo infantil,controles repetidos en ninos de 2 anos de < 5,2006-11-01,351,351,382,733
TEOPONTE,nutricion y desarrollo infantil,controles repetidos en ninos de 2 anos de < 5,2006-11-01,81,81,76,157
TIAWANACU,nutricion y desarrollo infantil,controles repetidos en ninos de 2 anos de < 5,2006-11-01,61,61,64,125
TINGUIPAYA,nutricion y desarrollo infantil,controles repetidos en ninos de 2 anos de < 5,2006-11-01,229,229,241,470
TIPUANI,nutricion y desarrollo infantil,controles repetidos en ninos de 2 anos de < 5,2006-11-01,18,18,20,38
TIQUIPAYA,nutricion y desarrollo infantil,controles repetidos en ninos de 2 anos de < 5,2006-11-01,56,56,58,114
TIRAQUE (CBBA),nutricion y desarrollo infantil,controles repetidos en ninos de 2 anos de < 5,2006-11-01,138,138,163,301
TITO YUPANQUI (PARQUIPUJIO),nutricion y desarrollo infantil,controles repetidos en ninos de 2 anos de < 5,2006-11-01,13,13,13,26
TOCO,nutricion y desarrollo infantil,controles repetidos en ninos de 2 anos de < 5,2006-11-01,9,9,11,20
TOLATA,nutricion y desarrollo infantil,controles repetidos en ninos de 2 anos de < 5,2006-11-01,5,5,2,7
TOLEDO,nutricion y desarrollo infantil,controles repetidos en ninos de 2 anos de < 5,2006-11-01,45,45,59,104
TOMAVE,nutricion y desarrollo infantil,controles repetidos en ninos de 2 anos de < 5,2006-11-01,80,80,82,162
TOMINA,nutricion y desarrollo infantil,controles repetidos en ninos de 2 anos de < 5,2006-11-01,205,205,206,411
TORO TORO,nutricion y desarrollo infantil,controles repetidos en ninos de 2 anos de < 5,2006-11-01,173,173,200,373
TOTORA(CBBA),nutricion y desarrollo infantil,controles repetidos en ninos de 2 anos de < 5,2006-11-01,56,56,51,107
TOTORA(ORR),nutricion y desarrollo infantil,controles repetidos en ninos de 2 anos de < 5,2006-11-01,23,23,38,61
TRIGAL,nutricion y desarrollo infantil,controles repetidos en ninos de 2 anos de < 5,2006-11-01,19,19,17,36
TRINIDAD,nutricion y desarrollo infantil,controles repetidos en ninos de 2 anos de < 5,2006-11-01,259,259,268,527
TUPIZA,nutricion y desarrollo infantil,controles repetidos en ninos de 2 anos de < 5,2006-11-01,430,430,432,862
TURCO,nutricion y desarrollo infantil,controles repetidos en ninos de 2 anos de < 5,2006-11-01,53,53,34,87
UMALA,nutricion y desarrollo infantil,controles repetidos en ninos de 2 anos de < 5,2006-11-01,30,30,40,70
UNCIA,nutricion y desarrollo infantil,controles repetidos en ninos de 2 anos de < 5,2006-11-01,179,179,206,385
URIONDO (A. CONCEPCION),nutricion y desarrollo infantil,controles repetidos en ninos de 2 anos de < 5,2006-11-01,172,172,254,426
URUBICHA,nutricion y desarrollo infantil,controles repetidos en ninos de 2 anos de < 5,2006-11-01,9,9,8,17
UYUNI,nutricion y desarrollo infantil,controles repetidos en ninos de 2 anos de < 5,2006-11-01,206,206,224,430
VACAS,nutricion y desarrollo infantil,controles repetidos en ninos de 2 anos de < 5,2006-11-01,58,58,55,113
VALLEGRANDE,nutricion y desarrollo infantil,controles repetidos en ninos de 2 anos de < 5,2006-11-01,97,97,98,195
VIACHA,nutricion y desarrollo infantil,controles repetidos en ninos de 2 anos de < 5,2006-11-01,114,114,96,210
VILA VILA,nutricion y desarrollo infantil,controles repetidos en ninos de 2 anos de < 5,2006-11-01,19,19,29,48
VILLA MONTES,nutricion y desarrollo infantil,controles repetidos en ninos de 2 anos de < 5,2006-11-01,268,268,263,531
VILLA NUEVA (LOMA ALTA),nutricion y desarrollo infantil,controles repetidos en ninos de 2 anos de < 5,2006-11-01,1,1,1,2
VILLA RIVERO,nutricion y desarrollo infantil,controles repetidos en ninos de 2 anos de < 5,2006-11-01,16,16,19,35
VILLA SERRANO,nutricion y desarrollo infantil,controles repetidos en ninos de 2 anos de < 5,2006-11-01,320,320,294,614
VILLA TUNARI,nutricion y desarrollo infantil,controles repetidos en ninos de 2 anos de < 5,2006-11-01,256,256,227,483
VILLA VACA GUZMAN (MUYUPAMPA),nutricion y desarrollo infantil,controles repetidos en ninos de 2 anos de < 5,2006-11-01,183,183,218,401
VILLAZON,nutricion y desarrollo infantil,controles repetidos en ninos de 2 anos de < 5,2006-11-01,241,241,254,495
VINTO,nutricion y desarrollo infantil,controles repetidos en ninos de 2 anos de < 5,2006-11-01,53,53,38,91
VITICHI,nutricion y desarrollo infantil,controles repetidos en ninos de 2 anos de < 5,2006-11-01,146,146,180,326
WALDO BALLIVIAN,nutricion y desarrollo infantil,controles repetidos en ninos de 2 anos de < 5,2006-11-01,8,8,11,19
WARNES,nutricion y desarrollo infantil,controles repetidos en ninos de 2 anos de < 5,2006-11-01,280,280,260,540
YACO,nutricion y desarrollo infantil,controles repetidos en ninos de 2 anos de < 5,2006-11-01,40,40,42,82
YACUIBA,nutricion y desarrollo infantil,controles repetidos en ninos de 2 anos de < 5,2006-11-01,274,274,264,538
YAMPARAEZ,nutricion y desarrollo infantil,controles repetidos en ninos de 2 anos de < 5,2006-11-01,456,456,272,728
YANACACHI,nutricion y desarrollo infantil,controles repetidos en ninos de 2 anos de < 5,2006-11-01,27,27,28,55
YAPACANI,nutricion y desarrollo infantil,controles repetidos en ninos de 2 anos de < 5,2006-11-01,211,211,216,427
YOCALLA,nutricion y desarrollo infantil,controles repetidos en ninos de 2 anos de < 5,2006-11-01,45,45,35,80
YOTALA,nutricion y desarrollo infantil,controles repetidos en ninos de 2 anos de < 5,2006-11-01,171,171,174,345
YUNCHARA,nutricion y desarrollo infantil,controles repetidos en ninos de 2 anos de < 5,2006-11-01,93,93,102,195
ZUDAÑEZ,nutricion y desarrollo infantil,controles repetidos en ninos de 2 anos de < 5,2006-11-01,183,183,202,385
ACACIO,nutricion y desarrollo infantil,controles repetidos en ninos de 2 anos de < 5,2006-12-01,112,112,126,238
ACHACACHI,nutricion y desarrollo infantil,controles repetidos en ninos de 2 anos de < 5,2006-12-01,161,161,164,325
ACHOCALLA,nutricion y desarrollo infantil,controles repetidos en ninos de 2 anos de < 5,2006-12-01,16,16,13,29
AIQUILE,nutricion y desarrollo infantil,controles repetidos en ninos de 2 anos de < 5,2006-12-01,24,24,31,55
ALCALA,nutricion y desarrollo infantil,controles repetidos en ninos de 2 anos de < 5,2006-12-01,63,63,62,125
ANCORAIMES,nutricion y desarrollo infantil,controles repetidos en ninos de 2 anos de < 5,2006-12-01,56,56,57,113
ANDAMARCA,nutricion y desarrollo infantil,controles repetidos en ninos de 2 anos de < 5,2006-12-01,42,42,46,88
ANTEQUERA,nutricion y desarrollo infantil,controles repetidos en ninos de 2 anos de < 5,2006-12-01,29,29,38,67
ANZALDO,nutricion y desarrollo infantil,controles repetidos en ninos de 2 anos de < 5,2006-12-01,9,9,6,15
APOLO,nutricion y desarrollo infantil,controles repetidos en ninos de 2 anos de < 5,2006-12-01,105,105,120,225
ARAMPAMPA,nutricion y desarrollo infantil,controles repetidos en ninos de 2 anos de < 5,2006-12-01,119,119,111,230
ARANI,nutricion y desarrollo infantil,controles repetidos en ninos de 2 anos de < 5,2006-12-01,18,18,19,37
ARBIETO,nutricion y desarrollo infantil,controles repetidos en ninos de 2 anos de < 5,2006-12-01,17,17,13,30
ARQUE,nutricion y desarrollo infantil,controles repetidos en ninos de 2 anos de < 5,2006-12-01,63,63,77,140
ASCENCION DE GUARAYOS,nutricion y desarrollo infantil,controles repetidos en ninos de 2 anos de < 5,2006-12-01,274,274,168,442
ATOCHA,nutricion y desarrollo infantil,controles repetidos en ninos de 2 anos de < 5,2006-12-01,110,110,92,202
AUCAPATA,nutricion y desarrollo infantil,controles repetidos en ninos de 2 anos de < 5,2006-12-01,32,32,25,57
AYATA,nutricion y desarrollo infantil,controles repetidos en ninos de 2 anos de < 5,2006-12-01,50,50,27,77
AYO AYO,nutricion y desarrollo infantil,controles repetidos en ninos de 2 anos de < 5,2006-12-01,25,25,17,42
AYOPAYA (V. DE INDEPENDENCIA),nutricion y desarrollo infantil,controles repetidos en ninos de 2 anos de < 5,2006-12-01,149,149,139,288
AZURDUY,nutricion y desarrollo infantil,controles repetidos en ninos de 2 anos de < 5,2006-12-01,285,285,244,529
BATALLAS,nutricion y desarrollo infantil,controles repetidos en ninos de 2 anos de < 5,2006-12-01,62,62,74,136
BAURES,nutricion y desarrollo infantil,controles repetidos en ninos de 2 anos de < 5,2006-12-01,28,28,40,68
BELEN DE ANDAMARCA,nutricion y desarrollo infantil,controles repetidos en ninos de 2 anos de < 5,2006-12-01,3,3,4,7
BELEN DE URMIRI,nutricion y desarrollo infantil,controles repetidos en ninos de 2 anos de < 5,2006-12-01,16,16,13,29
BELLA FLOR,nutricion y desarrollo infantil,controles repetidos en ninos de 2 anos de < 5,2006-12-01,30,30,32,62
BERMEJO,nutricion y desarrollo infantil,controles repetidos en ninos de 2 anos de < 5,2006-12-01,84,84,93,177
BETANZOS,nutricion y desarrollo infantil,controles repetidos en ninos de 2 anos de < 5,2006-12-01,346,346,344,690
BOLIVAR,nutricion y desarrollo infantil,controles repetidos en ninos de 2 anos de < 5,2006-12-01,108,108,132,240
BOLPEBRA,nutricion y desarrollo infantil,controles repetidos en ninos de 2 anos de < 5,2006-12-01,13,13,17,30
BOYUIBE,nutricion y desarrollo infantil,controles repetidos en ninos de 2 anos de < 5,2006-12-01,58,58,41,99
BUENA VISTA,nutricion y desarrollo infantil,controles repetidos en ninos de 2 anos de < 5,2006-12-01,103,103,104,207
CABEZAS,nutricion y desarrollo infantil,controles repetidos en ninos de 2 anos de < 5,2006-12-01,98,98,77,175
CAIROMA,nutricion y desarrollo infantil,controles repetidos en ninos de 2 anos de < 5,2006-12-01,88,88,100,188
"CAIZA ""D""",nutricion y desarrollo infantil,controles repetidos en ninos de 2 anos de < 5,2006-12-01,129,129,120,249
CAJUATA,nutricion y desarrollo infantil,controles repetidos en ninos de 2 anos de < 5,2006-12-01,19,19,26,45
CALACOTO,nutricion y desarrollo infantil,controles repetidos en ninos de 2 anos de < 5,2006-12-01,37,37,23,60
CALAMARCA,nutricion y desarrollo infantil,controles repetidos en ninos de 2 anos de < 5,2006-12-01,99,99,131,230
CAMARGO,nutricion y desarrollo infantil,controles repetidos en ninos de 2 anos de < 5,2006-12-01,203,203,178,381
CAMATAQUI (C. VILLA ABECIA),nutricion y desarrollo infantil,controles repetidos en ninos de 2 anos de < 5,2006-12-01,51,51,44,95
CAMIRI,nutricion y desarrollo infantil,controles repetidos en ninos de 2 anos de < 5,2006-12-01,215,215,168,383
CAPINOTA,nutricion y desarrollo infantil,controles repetidos en ninos de 2 anos de < 5,2006-12-01,63,63,57,120
CAQUIAVIRI,nutricion y desarrollo infantil,controles repetidos en ninos de 2 anos de < 5,2006-12-01,27,27,25,52
CARACOLLO,nutricion y desarrollo infantil,controles repetidos en ninos de 2 anos de < 5,2006-12-01,58,58,65,123
CARANAVI,nutricion y desarrollo infantil,controles repetidos en ninos de 2 anos de < 5,2006-12-01,256,256,268,524
CARAPARI,nutricion y desarrollo infantil,controles repetidos en ninos de 2 anos de < 5,2006-12-01,86,86,105,191
CARIPUYO,nutricion y desarrollo infantil,controles repetidos en ninos de 2 anos de < 5,2006-12-01,171,171,176,347
CARMEN RIVERO TORREZ,nutricion y desarrollo infantil,controles repetidos en ninos de 2 anos de < 5,2006-12-01,8,8,7,15
CATACORA,nutricion y desarrollo infantil,controles repetidos en ninos de 2 anos de < 5,2006-12-01,2,2,0,2
CHACARILLA,nutricion y desarrollo infantil,controles repetidos en ninos de 2 anos de < 5,2006-12-01,6,6,24,30
CHALLAPATA,nutricion y desarrollo infantil,controles repetidos en ninos de 2 anos de < 5,2006-12-01,180,180,178,358
CHAQUI,nutricion y desarrollo infantil,controles repetidos en ninos de 2 anos de < 5,2006-12-01,77,77,90,167
CHARAGUA,nutricion y desarrollo infantil,controles repetidos en ninos de 2 anos de < 5,2006-12-01,202,202,218,420
CHARAÑA,nutricion y desarrollo infantil,controles repetidos en ninos de 2 anos de < 5,2006-12-01,10,10,17,27
CHAYANTA,nutricion y desarrollo infantil,controles repetidos en ninos de 2 anos de < 5,2006-12-01,209,209,238,447
CHIMORE,nutricion y desarrollo infantil,controles repetidos en ninos de 2 anos de < 5,2006-12-01,38,38,30,68
CHIPAYA,nutricion y desarrollo infantil,controles repetidos en ninos de 2 anos de < 5,2006-12-01,20,20,19,39
CHOQUE COTA,nutricion y desarrollo infantil,controles repetidos en ninos de 2 anos de < 5,2006-12-01,6,6,5,11
CHULUMANI (V. DE LA LIBERTAD),nutricion y desarrollo infantil,controles repetidos en ninos de 2 anos de < 5,2006-12-01,15,15,22,37
CHUMA,nutricion y desarrollo infantil,controles repetidos en ninos de 2 anos de < 5,2006-12-01,63,63,57,120
CLIZA,nutricion y desarrollo infantil,controles repetidos en ninos de 2 anos de < 5,2006-12-01,51,51,57,108
COBIJA,nutricion y desarrollo infantil,controles repetidos en ninos de 2 anos de < 5,2006-12-01,163,163,158,321
COCHABAMBA,nutricion y desarrollo infantil,controles repetidos en ninos de 2 anos de < 5,2006-12-01,1033,1033,961,1994
COLCAPIRHUA,nutricion y desarrollo infantil,controles repetidos en ninos de 2 anos de < 5,2006-12-01,25,25,32,57
"COLCHA ""K""",nutricion y desarrollo infantil,controles repetidos en ninos de 2 anos de < 5,2006-12-01,116,116,120,236
COLLANA,nutricion y desarrollo infantil,controles repetidos en ninos de 2 anos de < 5,2006-12-01,7,7,10,17
COLOMI,nutricion y desarrollo infantil,controles repetidos en ninos de 2 anos de < 5,2006-12-01,59,59,65,124
COLPA BELGICA,nutricion y desarrollo infantil,controles repetidos en ninos de 2 anos de < 5,2006-12-01,16,16,28,44
COLQUECHACA,nutricion y desarrollo infantil,controles repetidos en ninos de 2 anos de < 5,2006-12-01,337,337,270,607
COLQUENCHA,nutricion y desarrollo infantil,controles repetidos en ninos de 2 anos de < 5,2006-12-01,89,89,98,187
COLQUIRI,nutricion y desarrollo infantil,controles repetidos en ninos de 2 anos de < 5,2006-12-01,94,94,102,196
COMANCHE,nutricion y desarrollo infantil,controles repetidos en ninos de 2 anos de < 5,2006-12-01,11,11,9,20
COMARAPA,nutricion y desarrollo infantil,controles repetidos en ninos de 2 anos de < 5,2006-12-01,86,86,82,168
COMBAYA,nutricion y desarrollo infantil,controles repetidos en ninos de 2 anos de < 5,2006-12-01,9,9,6,15
CONCEPCION,nutricion y desarrollo infantil,controles repetidos en ninos de 2 anos de < 5,2006-12-01,53,53,62,115
COPACABANA,nutricion y desarrollo infantil,controles repetidos en ninos de 2 anos de < 5,2006-12-01,78,78,67,145
CORIPATA,nutricion y desarrollo infantil,controles repetidos en ninos de 2 anos de < 5,2006-12-01,74,74,88,162
CORO CORO,nutricion y desarrollo infantil,controles repetidos en ninos de 2 anos de < 5,2006-12-01,42,42,48,90
COROICO,nutricion y desarrollo infantil,controles repetidos en ninos de 2 anos de < 5,2006-12-01,62,62,63,125
CORQUE,nutricion y desarrollo infantil,controles repetidos en ninos de 2 anos de < 5,2006-12-01,30,30,27,57
COTAGAITA,nutricion y desarrollo infantil,controles repetidos en ninos de 2 anos de < 5,2006-12-01,298,298,254,552
COTOCA,nutricion y desarrollo infantil,controles repetidos en ninos de 2 anos de < 5,2006-12-01,100,100,97,197
CUATRO CAÑADAS,nutricion y desarrollo infantil,controles repetidos en ninos de 2 anos de < 5,2006-12-01,65,65,59,124
CUCHUMUELA (V. G. VILLARROEL),nutricion y desarrollo infantil,controles repetidos en ninos de 2 anos de < 5,2006-12-01,2,2,1,3
CUEVO,nutricion y desarrollo infantil,controles repetidos en ninos de 2 anos de < 5,2006-12-01,54,54,71,125
CULPINA,nutricion y desarrollo infantil,controles repetidos en ninos de 2 anos de < 5,2006-12-01,319,319,334,653
CURAHUARA DE CARANGAS,nutricion y desarrollo infantil,controles repetidos en ninos de 2 anos de < 5,2006-12-01,29,29,24,53
CURVA,nutricion y desarrollo infantil,controles repetidos en ninos de 2 anos de < 5,2006-12-01,17,17,10,27
DESAGUADERO,nutricion y desarrollo infantil,controles repetidos en ninos de 2 anos de < 5,2006-12-01,26,26,14,40
EL ALTO,nutricion y desarrollo infantil,controles repetidos en ninos de 2 anos de < 5,2006-12-01,1585,1585,1580,3165
EL CHORO,nutricion y desarrollo infantil,controles repetidos en ninos de 2 anos de < 5,2006-12-01,13,13,12,25
EL PUENTE(STC),nutricion y desarrollo infantil,controles repetidos en ninos de 2 anos de < 5,2006-12-01,87,87,94,181
EL PUENTE(TJA),nutricion y desarrollo infantil,controles repetidos en ninos de 2 anos de < 5,2006-12-01,144,144,135,279
EL TORNO,nutricion y desarrollo infantil,controles repetidos en ninos de 2 anos de < 5,2006-12-01,93,93,124,217
EL VILLAR,nutricion y desarrollo infantil,controles repetidos en ninos de 2 anos de < 5,2006-12-01,102,102,102,204
ENTRE RIOS,nutricion y desarrollo infantil,controles repetidos en ninos de 2 anos de < 5,2006-12-01,200,200,206,406
ENTRE RIOS,nutricion y desarrollo infantil,controles repetidos en ninos de 2 anos de < 5,2006-12-01,107,107,87,194
ESCARA,nutricion y desarrollo infantil,controles repetidos en ninos de 2 anos de < 5,2006-12-01,1,1,0,1
ESMERALDA,nutricion y desarrollo infantil,controles repetidos en ninos de 2 anos de < 5,2006-12-01,9,9,6,15
EUCALIPTUS,nutricion y desarrollo infantil,controles repetidos en ninos de 2 anos de < 5,2006-12-01,18,18,23,41
EUREKA (SANTOS MERCADO),nutricion y desarrollo infantil,controles repetidos en ninos de 2 anos de < 5,2006-12-01,5,5,7,12
EXALTACION,nutricion y desarrollo infantil,controles repetidos en ninos de 2 anos de < 5,2006-12-01,14,14,14,28
FERNANDEZ ALONSO,nutricion y desarrollo infantil,controles repetidos en ninos de 2 anos de < 5,2006-12-01,59,59,22,81
FILADELFIA,nutricion y desarrollo infantil,controles repetidos en ninos de 2 anos de < 5,2006-12-01,16,16,16,32
GENERAL SAAVEDRA,nutricion y desarrollo infantil,controles repetidos en ninos de 2 anos de < 5,2006-12-01,129,129,96,225
GRAL. J.J. PEREZ (CHARAZANI),nutricion y desarrollo infantil,controles repetidos en ninos de 2 anos de < 5,2006-12-01,36,36,37,73
GUANAY,nutricion y desarrollo infantil,controles repetidos en ninos de 2 anos de < 5,2006-12-01,116,116,77,193
GUAQUI,nutricion y desarrollo infantil,controles repetidos en ninos de 2 anos de < 5,2006-12-01,35,35,17,52
GUAYARAMERIN,nutricion y desarrollo infantil,controles repetidos en ninos de 2 anos de < 5,2006-12-01,194,194,217,411
GUTIERREZ,nutricion y desarrollo infantil,controles repetidos en ninos de 2 anos de < 5,2006-12-01,223,223,202,425
HUACARETA,nutricion y desarrollo infantil,controles repetidos en ninos de 2 anos de < 5,2006-12-01,116,116,95,211
HUACAYA (VILLA DE HUACAYA),nutricion y desarrollo infantil,controles repetidos en ninos de 2 anos de < 5,2006-12-01,51,51,39,90
HUACHACALLA,nutricion y desarrollo infantil,controles repetidos en ninos de 2 anos de < 5,2006-12-01,15,15,16,31
HUANUNI,nutricion y desarrollo infantil,controles repetidos en ninos de 2 anos de < 5,2006-12-01,200,200,84,284
HUARACAJE,nutricion y desarrollo infantil,controles repetidos en ninos de 2 anos de < 5,2006-12-01,57,57,49,106
HUAYLLAMARCA,nutricion y desarrollo infantil,controles repetidos en ninos de 2 anos de < 5,2006-12-01,4,4,9,13
ICHOCA,nutricion y desarrollo infantil,controles repetidos en ninos de 2 anos de < 5,2006-12-01,35,35,31,66
ICLA,nutricion y desarrollo infantil,controles repetidos en ninos de 2 anos de < 5,2006-12-01,282,282,295,577
INCAHUASI,nutricion y desarrollo infantil,controles repetidos en ninos de 2 anos de < 5,2006-12-01,308,308,322,630
INGAVI (HUMAITA),nutricion y desarrollo infantil,controles repetidos en ninos de 2 anos de < 5,2006-12-01,11,11,4,15
INQUISIVI,nutricion y desarrollo infantil,controles repetidos en ninos de 2 anos de < 5,2006-12-01,148,148,114,262
IRUPANA (VILLA DE LANZA),nutricion y desarrollo infantil,controles repetidos en ninos de 2 anos de < 5,2006-12-01,101,101,128,229
IXIAMAS,nutricion y desarrollo infantil,controles repetidos en ninos de 2 anos de < 5,2006-12-01,78,78,59,137
JESUS DE MACHACA,nutricion y desarrollo infantil,controles repetidos en ninos de 2 anos de < 5,2006-12-01,76,76,61,137
LA ASUNTA,nutricion y desarrollo infantil,controles repetidos en ninos de 2 anos de < 5,2006-12-01,39,39,36,75
LA GUARDIA,nutricion y desarrollo infantil,controles repetidos en ninos de 2 anos de < 5,2006-12-01,166,166,182,348
LA PAZ,nutricion y desarrollo infantil,controles repetidos en ninos de 2 anos de < 5,2006-12-01,1507,1507,1366,2873
LA RIVERA,nutricion y desarrollo infantil,controles repetidos en ninos de 2 anos de < 5,2006-12-01,2,2,4,6
LAGUNILLAS,nutricion y desarrollo infantil,controles repetidos en ninos de 2 anos de < 5,2006-12-01,93,93,95,188
LAJA,nutricion y desarrollo infantil,controles repetidos en ninos de 2 anos de < 5,2006-12-01,68,68,64,132
LAS CARRERAS,nutricion y desarrollo infantil,controles repetidos en ninos de 2 anos de < 5,2006-12-01,71,71,74,145
LICOMA PAMPA,nutricion y desarrollo infantil,controles repetidos en ninos de 2 anos de < 5,2006-12-01,9,9,13,22
LLALLAGUA,nutricion y desarrollo infantil,controles repetidos en ninos de 2 anos de < 5,2006-12-01,164,164,123,287
LLICA,nutricion y desarrollo infantil,controles repetidos en ninos de 2 anos de < 5,2006-12-01,64,64,47,111
LORETO,nutricion y desarrollo infantil,controles repetidos en ninos de 2 anos de < 5,2006-12-01,25,25,25,50
LURIBAY,nutricion y desarrollo infantil,controles repetidos en ninos de 2 anos de < 5,2006-12-01,84,84,63,147
MACHACAMARCA,nutricion y desarrollo infantil,controles repetidos en ninos de 2 anos de < 5,2006-12-01,16,16,18,34
MACHARETI,nutricion y desarrollo infantil,controles repetidos en ninos de 2 anos de < 5,2006-12-01,170,170,163,333
MAGDALENA,nutricion y desarrollo infantil,controles repetidos en ninos de 2 anos de < 5,2006-12-01,85,85,70,155
MAIRANA,nutricion y desarrollo infantil,controles repetidos en ninos de 2 anos de < 5,2006-12-01,62,62,51,113
MALLA,nutricion y desarrollo infantil,controles repetidos en ninos de 2 anos de < 5,2006-12-01,52,52,38,90
MAPIRI,nutricion y desarrollo infantil,controles repetidos en ninos de 2 anos de < 5,2006-12-01,56,56,37,93
MECAPACA,nutricion y desarrollo infantil,controles repetidos en ninos de 2 anos de < 5,2006-12-01,37,37,30,67
MINEROS,nutricion y desarrollo infantil,controles repetidos en ninos de 2 anos de < 5,2006-12-01,100,100,109,209
MIZQUE,nutricion y desarrollo infantil,controles repetidos en ninos de 2 anos de < 5,2006-12-01,80,80,80,160
MOCOMOCO,nutricion y desarrollo infantil,controles repetidos en ninos de 2 anos de < 5,2006-12-01,80,80,101,181
MOJINETE,nutricion y desarrollo infantil,controles repetidos en ninos de 2 anos de < 5,2006-12-01,3,3,4,7
MOJOCOYA,nutricion y desarrollo infantil,controles repetidos en ninos de 2 anos de < 5,2006-12-01,167,167,136,303
MONTEAGUDO,nutricion y desarrollo infantil,controles repetidos en ninos de 2 anos de < 5,2006-12-01,330,330,273,603
MONTERO,nutricion y desarrollo infantil,controles repetidos en ninos de 2 anos de < 5,2006-12-01,569,569,539,1108
MORO MORO,nutricion y desarrollo infantil,controles repetidos en ninos de 2 anos de < 5,2006-12-01,44,44,21,65
MOROCHATA,nutricion y desarrollo infantil,controles repetidos en ninos de 2 anos de < 5,2006-12-01,73,73,93,166
NACEBE (SANTA ROSA DEL ABUNA),nutricion y desarrollo infantil,controles repetidos en ninos de 2 anos de < 5,2006-12-01,9,9,4,13
NAZACARA DE PACAJES,nutricion y desarrollo infantil,controles repetidos en ninos de 2 anos de < 5,2006-12-01,2,2,2,4
NUEVO MANOA (NUEVA ESPERANZA),nutricion y desarrollo infantil,controles repetidos en ninos de 2 anos de < 5,2006-12-01,6,6,6,12
OCURI,nutricion y desarrollo infantil,controles repetidos en ninos de 2 anos de < 5,2006-12-01,235,235,278,513
OKINAWA,nutricion y desarrollo infantil,controles repetidos en ninos de 2 anos de < 5,2006-12-01,63,63,64,127
OMEREQUE,nutricion y desarrollo infantil,controles repetidos en ninos de 2 anos de < 5,2006-12-01,33,33,28,61
ORURO,nutricion y desarrollo infantil,controles repetidos en ninos de 2 anos de < 5,2006-12-01,651,651,625,1276
PADCAYA,nutricion y desarrollo infantil,controles repetidos en ninos de 2 anos de < 5,2006-12-01,139,139,144,283
PADILLA,nutricion y desarrollo infantil,controles repetidos en ninos de 2 anos de < 5,2006-12-01,285,285,288,573
PAILON,nutricion y desarrollo infantil,controles repetidos en ninos de 2 anos de < 5,2006-12-01,69,69,75,144
PALCA,nutricion y desarrollo infantil,controles repetidos en ninos de 2 anos de < 5,2006-12-01,41,41,36,77
PALOS BLANCOS,nutricion y desarrollo infantil,controles repetidos en ninos de 2 anos de < 5,2006-12-01,128,128,113,241
PAMPA AULLAGAS,nutricion y desarrollo infantil,controles repetidos en ninos de 2 anos de < 5,2006-12-01,27,27,41,68
PAMPA GRANDE,nutricion y desarrollo infantil,controles repetidos en ninos de 2 anos de < 5,2006-12-01,23,23,14,37
PAPEL PAMPA,nutricion y desarrollo infantil,controles repetidos en ninos de 2 anos de < 5,2006-12-01,19,19,15,34
PASORAPA,nutricion y desarrollo infantil,controles repetidos en ninos de 2 anos de < 5,2006-12-01,22,22,21,43
PATACAMAYA,nutricion y desarrollo infantil,controles repetidos en ninos de 2 anos de < 5,2006-12-01,71,71,64,135
PAZÑA,nutricion y desarrollo infantil,controles repetidos en ninos de 2 anos de < 5,2006-12-01,44,44,59,103
PELECHUCO,nutricion y desarrollo infantil,controles repetidos en ninos de 2 anos de < 5,2006-12-01,27,27,38,65
POCOATA,nutricion y desarrollo infantil,controles repetidos en ninos de 2 anos de < 5,2006-12-01,329,329,357,686
POCONA,nutricion y desarrollo infantil,controles repetidos en ninos de 2 anos de < 5,2006-12-01,15,15,15,30
POJO (CBBA),nutricion y desarrollo infantil,controles repetidos en ninos de 2 anos de < 5,2006-12-01,19,19,24,43
POOPO,nutricion y desarrollo infantil,controles repetidos en ninos de 2 anos de < 5,2006-12-01,26,26,23,49
PORCO,nutricion y desarrollo infantil,controles repetidos en ninos de 2 anos de < 5,2006-12-01,64,64,52,116
POROMA,nutricion y desarrollo infantil,controles repetidos en ninos de 2 anos de < 5,2006-12-01,128,128,127,255
PORONGO,nutricion y desarrollo infantil,controles repetidos en ninos de 2 anos de < 5,2006-12-01,17,17,20,37
PORTACHUELO,nutricion y desarrollo infantil,controles repetidos en ninos de 2 anos de < 5,2006-12-01,101,101,113,214
PORVENIR,nutricion y desarrollo infantil,controles repetidos en ninos de 2 anos de < 5,2006-12-01,30,30,27,57
POSTRER VALLE,nutricion y desarrollo infantil,controles repetidos en ninos de 2 anos de < 5,2006-12-01,6,6,12,18
POTOSI,nutricion y desarrollo infantil,controles repetidos en ninos de 2 anos de < 5,2006-12-01,589,589,550,1139
PRESTO,nutricion y desarrollo infantil,controles repetidos en ninos de 2 anos de < 5,2006-12-01,170,170,107,277
PUCARA,nutricion y desarrollo infantil,controles repetidos en ninos de 2 anos de < 5,2006-12-01,19,19,21,40
PUCARANI,nutricion y desarrollo infantil,controles repetidos en ninos de 2 anos de < 5,2006-12-01,171,171,153,324
PUERTO ACOSTA,nutricion y desarrollo infantil,controles repetidos en ninos de 2 anos de < 5,2006-12-01,129,129,148,277
PUERTO CARABUCO,nutricion y desarrollo infantil,controles repetidos en ninos de 2 anos de < 5,2006-12-01,47,47,38,85
PUERTO GONZALO MORENO,nutricion y desarrollo infantil,controles repetidos en ninos de 2 anos de < 5,2006-12-01,35,35,30,65
PUERTO PEREZ,nutricion y desarrollo infantil,controles repetidos en ninos de 2 anos de < 5,2006-12-01,5,5,2,7
PUERTO QUIJARRO,nutricion y desarrollo infantil,controles repetidos en ninos de 2 anos de < 5,2006-12-01,29,29,21,50
PUERTO RICO,nutricion y desarrollo infantil,controles repetidos en ninos de 2 anos de < 5,2006-12-01,19,19,15,34
PUERTO SILES,nutricion y desarrollo infantil,controles repetidos en ninos de 2 anos de < 5,2006-12-01,1,1,1,2
PUERTO SUAREZ,nutricion y desarrollo infantil,controles repetidos en ninos de 2 anos de < 5,2006-12-01,22,22,31,53
PUERTO VILLARROEL,nutricion y desarrollo infantil,controles repetidos en ninos de 2 anos de < 5,2006-12-01,148,148,151,299
PUNA,nutricion y desarrollo infantil,controles repetidos en ninos de 2 anos de < 5,2006-12-01,354,354,381,735
PUNATA,nutricion y desarrollo infantil,controles repetidos en ninos de 2 anos de < 5,2006-12-01,118,118,95,213
QUIABAYA,nutricion y desarrollo infantil,controles repetidos en ninos de 2 anos de < 5,2006-12-01,25,25,29,54
QUILLACOLLO,nutricion y desarrollo infantil,controles repetidos en ninos de 2 anos de < 5,2006-12-01,194,194,219,413
QUIME,nutricion y desarrollo infantil,controles repetidos en ninos de 2 anos de < 5,2006-12-01,89,89,85,174
QUIRUSILLAS,nutricion y desarrollo infantil,controles repetidos en ninos de 2 anos de < 5,2006-12-01,13,13,14,27
RAVELO,nutricion y desarrollo infantil,controles repetidos en ninos de 2 anos de < 5,2006-12-01,319,319,317,636
REYES,nutricion y desarrollo infantil,controles repetidos en ninos de 2 anos de < 5,2006-12-01,84,84,71,155
RIBERALTA,nutricion y desarrollo infantil,controles repetidos en ninos de 2 anos de < 5,2006-12-01,404,404,393,797
ROBORE,nutricion y desarrollo infantil,controles repetidos en ninos de 2 anos de < 5,2006-12-01,70,70,59,129
RURRENABAQUE,nutricion y desarrollo infantil,controles repetidos en ninos de 2 anos de < 5,2006-12-01,37,37,34,71
SABAYA,nutricion y desarrollo infantil,controles repetidos en ninos de 2 anos de < 5,2006-12-01,14,14,17,31
SACABA,nutricion y desarrollo infantil,controles repetidos en ninos de 2 anos de < 5,2006-12-01,88,88,77,165
SACABAMBA,nutricion y desarrollo infantil,controles repetidos en ninos de 2 anos de < 5,2006-12-01,14,14,5,19
SACACA,nutricion y desarrollo infantil,controles repetidos en ninos de 2 anos de < 5,2006-12-01,504,504,461,965
SAIPINA,nutricion y desarrollo infantil,controles repetidos en ninos de 2 anos de < 5,2006-12-01,59,59,63,122
SALINAS DE GARCI MENDOZA,nutricion y desarrollo infantil,controles repetidos en ninos de 2 anos de < 5,2006-12-01,62,62,77,139
SAMAIPATA,nutricion y desarrollo infantil,controles repetidos en ninos de 2 anos de < 5,2006-12-01,69,69,63,132
SAN AGUSTIN,nutricion y desarrollo infantil,controles repetidos en ninos de 2 anos de < 5,2006-12-01,45,45,34,79
SAN ANDRES,nutricion y desarrollo infantil,controles repetidos en ninos de 2 anos de < 5,2006-12-01,42,42,35,77
SAN ANDRES DE MACHACA,nutricion y desarrollo infantil,controles repetidos en ninos de 2 anos de < 5,2006-12-01,17,17,18,35
SAN ANTONIO DE ESMORUCO,nutricion y desarrollo infantil,controles repetidos en ninos de 2 anos de < 5,2006-12-01,35,35,36,71
SAN ANTONIO DE LOMERIO,nutricion y desarrollo infantil,controles repetidos en ninos de 2 anos de < 5,2006-12-01,100,100,90,190
SAN BENITO,nutricion y desarrollo infantil,controles repetidos en ninos de 2 anos de < 5,2006-12-01,21,21,13,34
SAN BORJA,nutricion y desarrollo infantil,controles repetidos en ninos de 2 anos de < 5,2006-12-01,314,314,293,607
SAN BUENA VENTURA,nutricion y desarrollo infantil,controles repetidos en ninos de 2 anos de < 5,2006-12-01,58,58,50,108
SAN CARLOS,nutricion y desarrollo infantil,controles repetidos en ninos de 2 anos de < 5,2006-12-01,120,120,126,246
SAN IGNACIO,nutricion y desarrollo infantil,controles repetidos en ninos de 2 anos de < 5,2006-12-01,112,112,122,234
SAN IGNACIO DE VELASCO,nutricion y desarrollo infantil,controles repetidos en ninos de 2 anos de < 5,2006-12-01,317,317,284,601
SAN JAVIER(BNI),nutricion y desarrollo infantil,controles repetidos en ninos de 2 anos de < 5,2006-12-01,15,15,21,36
SAN JAVIER(STC),nutricion y desarrollo infantil,controles repetidos en ninos de 2 anos de < 5,2006-12-01,150,150,152,302
SAN JOAQUIN,nutricion y desarrollo infantil,controles repetidos en ninos de 2 anos de < 5,2006-12-01,31,31,38,69
SAN JOSE DE CHIQUITOS,nutricion y desarrollo infantil,controles repetidos en ninos de 2 anos de < 5,2006-12-01,58,58,51,109
SAN JUAN DE YAPACANI,nutricion y desarrollo infantil,controles repetidos en ninos de 2 anos de < 5,2006-12-01,74,74,55,129
SAN JULIAN,nutricion y desarrollo infantil,controles repetidos en ninos de 2 anos de < 5,2006-12-01,103,103,99,202
SAN LORENZO(PND),nutricion y desarrollo infantil,controles repetidos en ninos de 2 anos de < 5,2006-12-01,19,19,17,36
SAN LORENZO(TJA),nutricion y desarrollo infantil,controles repetidos en ninos de 2 anos de < 5,2006-12-01,213,213,235,448
SAN LUCAS,nutricion y desarrollo infantil,controles repetidos en ninos de 2 anos de < 5,2006-12-01,585,585,616,1201
SAN MATIAS,nutricion y desarrollo infantil,controles repetidos en ninos de 2 anos de < 5,2006-12-01,32,32,22,54
SAN MIGUEL DE VELASCO,nutricion y desarrollo infantil,controles repetidos en ninos de 2 anos de < 5,2006-12-01,103,103,89,192
SAN PABLO DE LIPEZ,nutricion y desarrollo infantil,controles repetidos en ninos de 2 anos de < 5,2006-12-01,34,34,30,64
SAN PEDRO,nutricion y desarrollo infantil,controles repetidos en ninos de 2 anos de < 5,2006-12-01,118,118,134,252
SAN PEDRO DE BUENA VISTA,nutricion y desarrollo infantil,controles repetidos en ninos de 2 anos de < 5,2006-12-01,310,310,294,604
SAN PEDRO DE CURAHUARA,nutricion y desarrollo infantil,controles repetidos en ninos de 2 anos de < 5,2006-12-01,16,16,12,28
SAN PEDRO DE QUEMES,nutricion y desarrollo infantil,controles repetidos en ninos de 2 anos de < 5,2006-12-01,5,5,3,8
SAN PEDRO DE TIQUINA,nutricion y desarrollo infantil,controles repetidos en ninos de 2 anos de < 5,2006-12-01,38,38,44,82
SAN PEDRO(PND),nutricion y desarrollo infantil,controles repetidos en ninos de 2 anos de < 5,2006-12-01,15,15,11,26
SAN RAFAEL,nutricion y desarrollo infantil,controles repetidos en ninos de 2 anos de < 5,2006-12-01,48,48,40,88
SAN RAMON,nutricion y desarrollo infantil,controles repetidos en ninos de 2 anos de < 5,2006-12-01,37,37,14,51
SAN RAMON,nutricion y desarrollo infantil,controles repetidos en ninos de 2 anos de < 5,2006-12-01,30,30,25,55
SANTA ANA,nutricion y desarrollo infantil,controles repetidos en ninos de 2 anos de < 5,2006-12-01,55,55,50,105
SANTA CRUZ DE LA SIERRA,nutricion y desarrollo infantil,controles repetidos en ninos de 2 anos de < 5,2006-12-01,2172,2172,2057,4229
SANTA ROSA,nutricion y desarrollo infantil,controles repetidos en ninos de 2 anos de < 5,2006-12-01,31,31,46,77
SANTA ROSA DEL SARA,nutricion y desarrollo infantil,controles repetidos en ninos de 2 anos de < 5,2006-12-01,106,106,115,221
SANTIAGO DE CALLAPA,nutricion y desarrollo infantil,controles repetidos en ninos de 2 anos de < 5,2006-12-01,13,13,13,26
SANTIAGO DE HUARI,nutricion y desarrollo infantil,controles repetidos en ninos de 2 anos de < 5,2006-12-01,77,77,87,164
SANTIAGO DE MACHACA,nutricion y desarrollo infantil,controles repetidos en ninos de 2 anos de < 5,2006-12-01,16,16,13,29
SANTIVAÑES,nutricion y desarrollo infantil,controles repetidos en ninos de 2 anos de < 5,2006-12-01,29,29,34,63
SANTUARIO DE QUILLACAS,nutricion y desarrollo infantil,controles repetidos en ninos de 2 anos de < 5,2006-12-01,39,39,27,66
SAPAHAQUI,nutricion y desarrollo infantil,controles repetidos en ninos de 2 anos de < 5,2006-12-01,85,85,81,166
SENA,nutricion y desarrollo infantil,controles repetidos en ninos de 2 anos de < 5,2006-12-01,24,24,28,52
SICA SICA (VILLA AROMA),nutricion y desarrollo infantil,controles repetidos en ninos de 2 anos de < 5,2006-12-01,55,55,56,111
SICAYA,nutricion y desarrollo infantil,controles repetidos en ninos de 2 anos de < 5,2006-12-01,10,10,9,19
SIPE SIPE,nutricion y desarrollo infantil,controles repetidos en ninos de 2 anos de < 5,2006-12-01,155,155,134,289
SOPACHUY,nutricion y desarrollo infantil,controles repetidos en ninos de 2 anos de < 5,2006-12-01,138,138,168,306
SORACACHI,nutricion y desarrollo infantil,controles repetidos en ninos de 2 anos de < 5,2006-12-01,51,51,42,93
SORATA,nutricion y desarrollo infantil,controles repetidos en ninos de 2 anos de < 5,2006-12-01,52,52,64,116
SUCRE,nutricion y desarrollo infantil,controles repetidos en ninos de 2 anos de < 5,2006-12-01,766,766,796,1562
TACACHI,nutricion y desarrollo infantil,controles repetidos en ninos de 2 anos de < 5,2006-12-01,2,2,1,3
TACACOMA,nutricion y desarrollo infantil,controles repetidos en ninos de 2 anos de < 5,2006-12-01,17,17,19,36
TACOBAMBA,nutricion y desarrollo infantil,controles repetidos en ninos de 2 anos de < 5,2006-12-01,76,76,53,129
TACOPAYA,nutricion y desarrollo infantil,controles repetidos en ninos de 2 anos de < 5,2006-12-01,129,129,168,297
TAHUA,nutricion y desarrollo infantil,controles repetidos en ninos de 2 anos de < 5,2006-12-01,9,9,10,19
TAPACARI,nutricion y desarrollo infantil,controles repetidos en ninos de 2 anos de < 5,2006-12-01,134,134,110,244
TARABUCO,nutricion y desarrollo infantil,controles repetidos en ninos de 2 anos de < 5,2006-12-01,502,502,525,1027
TARACO,nutricion y desarrollo infantil,controles repetidos en ninos de 2 anos de < 5,2006-12-01,37,37,49,86
TARATA,nutricion y desarrollo infantil,controles repetidos en ninos de 2 anos de < 5,2006-12-01,12,12,18,30
TARIJA,nutricion y desarrollo infantil,controles repetidos en ninos de 2 anos de < 5,2006-12-01,489,489,507,996
TARVITA,nutricion y desarrollo infantil,controles repetidos en ninos de 2 anos de < 5,2006-12-01,113,113,92,205
TEOPONTE,nutricion y desarrollo infantil,controles repetidos en ninos de 2 anos de < 5,2006-12-01,56,56,57,113
TIAWANACU,nutricion y desarrollo infantil,controles repetidos en ninos de 2 anos de < 5,2006-12-01,19,19,28,47
TINGUIPAYA,nutricion y desarrollo infantil,controles repetidos en ninos de 2 anos de < 5,2006-12-01,232,232,222,454
TIPUANI,nutricion y desarrollo infantil,controles repetidos en ninos de 2 anos de < 5,2006-12-01,38,38,23,61
TIQUIPAYA,nutricion y desarrollo infantil,controles repetidos en ninos de 2 anos de < 5,2006-12-01,69,69,60,129
TIRAQUE (CBBA),nutricion y desarrollo infantil,controles repetidos en ninos de 2 anos de < 5,2006-12-01,88,88,96,184
TITO YUPANQUI (PARQUIPUJIO),nutricion y desarrollo infantil,controles repetidos en ninos de 2 anos de < 5,2006-12-01,5,5,5,10
TOCO,nutricion y desarrollo infantil,controles repetidos en ninos de 2 anos de < 5,2006-12-01,27,27,18,45
TODOS SANTOS,nutricion y desarrollo infantil,controles repetidos en ninos de 2 anos de < 5,2006-12-01,11,11,6,17
TOLATA,nutricion y desarrollo infantil,controles repetidos en ninos de 2 anos de < 5,2006-12-01,4,4,4,8
TOLEDO,nutricion y desarrollo infantil,controles repetidos en ninos de 2 anos de < 5,2006-12-01,41,41,46,87
TOMAVE,nutricion y desarrollo infantil,controles repetidos en ninos de 2 anos de < 5,2006-12-01,136,136,145,281
TOMINA,nutricion y desarrollo infantil,controles repetidos en ninos de 2 anos de < 5,2006-12-01,213,213,216,429
TORO TORO,nutricion y desarrollo infantil,controles repetidos en ninos de 2 anos de < 5,2006-12-01,207,207,209,416
TOTORA(CBBA),nutricion y desarrollo infantil,controles repetidos en ninos de 2 anos de < 5,2006-12-01,34,34,27,61
TOTORA(ORR),nutricion y desarrollo infantil,controles repetidos en ninos de 2 anos de < 5,2006-12-01,26,26,31,57
TRIGAL,nutricion y desarrollo infantil,controles repetidos en ninos de 2 anos de < 5,2006-12-01,16,16,20,36
TRINIDAD,nutricion y desarrollo infantil,controles repetidos en ninos de 2 anos de < 5,2006-12-01,229,229,211,440
TUPIZA,nutricion y desarrollo infantil,controles repetidos en ninos de 2 anos de < 5,2006-12-01,483,483,516,999
TURCO,nutricion y desarrollo infantil,controles repetidos en ninos de 2 anos de < 5,2006-12-01,5,5,22,27
UMALA,nutricion y desarrollo infantil,controles repetidos en ninos de 2 anos de < 5,2006-12-01,22,22,20,42
UNCIA,nutricion y desarrollo infantil,controles repetidos en ninos de 2 anos de < 5,2006-12-01,353,353,326,679
URIONDO (A. CONCEPCION),nutricion y desarrollo infantil,controles repetidos en ninos de 2 anos de < 5,2006-12-01,122,122,121,243
URUBICHA,nutricion y desarrollo infantil,controles repetidos en ninos de 2 anos de < 5,2006-12-01,162,162,202,364
UYUNI,nutricion y desarrollo infantil,controles repetidos en ninos de 2 anos de < 5,2006-12-01,196,196,207,403
VACAS,nutricion y desarrollo infantil,controles repetidos en ninos de 2 anos de < 5,2006-12-01,61,61,57,118
VALLEGRANDE,nutricion y desarrollo infantil,controles repetidos en ninos de 2 anos de < 5,2006-12-01,66,66,71,137
VIACHA,nutricion y desarrollo infantil,controles repetidos en ninos de 2 anos de < 5,2006-12-01,139,139,134,273
VILA VILA,nutricion y desarrollo infantil,controles repetidos en ninos de 2 anos de < 5,2006-12-01,30,30,38,68
VILLA MONTES,nutricion y desarrollo infantil,controles repetidos en ninos de 2 anos de < 5,2006-12-01,99,99,88,187
VILLA NUEVA (LOMA ALTA),nutricion y desarrollo infantil,controles repetidos en ninos de 2 anos de < 5,2006-12-01,0,0,3,3
VILLA RIVERO,nutricion y desarrollo infantil,controles repetidos en ninos de 2 anos de < 5,2006-12-01,5,5,5,10
VILLA SERRANO,nutricion y desarrollo infantil,controles repetidos en ninos de 2 anos de < 5,2006-12-01,250,250,276,526
VILLA TUNARI,nutricion y desarrollo infantil,controles repetidos en ninos de 2 anos de < 5,2006-12-01,295,295,254,549
VILLA VACA GUZMAN (MUYUPAMPA),nutricion y desarrollo infantil,controles repetidos en ninos de 2 anos de < 5,2006-12-01,175,175,183,358
VILLAZON,nutricion y desarrollo infantil,controles repetidos en ninos de 2 anos de < 5,2006-12-01,270,270,253,523
VINTO,nutricion y desarrollo infantil,controles repetidos en ninos de 2 anos de < 5,2006-12-01,29,29,27,56
VITICHI,nutricion y desarrollo infantil,controles repetidos en ninos de 2 anos de < 5,2006-12-01,138,138,143,281
WALDO BALLIVIAN,nutricion y desarrollo infantil,controles repetidos en ninos de 2 anos de < 5,2006-12-01,10,10,20,30
WARNES,nutricion y desarrollo infantil,controles repetidos en ninos de 2 anos de < 5,2006-12-01,181,181,165,346
YACO,nutricion y desarrollo infantil,controles repetidos en ninos de 2 anos de < 5,2006-12-01,32,32,40,72
YACUIBA,nutricion y desarrollo infantil,controles repetidos en ninos de 2 anos de < 5,2006-12-01,323,323,290,613
YAMPARAEZ,nutricion y desarrollo infantil,controles repetidos en ninos de 2 anos de < 5,2006-12-01,261,261,290,551
YANACACHI,nutricion y desarrollo infantil,controles repetidos en ninos de 2 anos de < 5,2006-12-01,9,9,14,23
YAPACANI,nutricion y desarrollo infantil,controles repetidos en ninos de 2 anos de < 5,2006-12-01,204,204,204,408
YOCALLA,nutricion y desarrollo infantil,controles repetidos en ninos de 2 anos de < 5,2006-12-01,54,54,47,101
YOTALA,nutricion y desarrollo infantil,controles repetidos en ninos de 2 anos de < 5,2006-12-01,126,126,136,262
YUNCHARA,nutricion y desarrollo infantil,controles repetidos en ninos de 2 anos de < 5,2006-12-01,132,132,137,269
ZUDAÑEZ,nutricion y desarrollo infantil,controles repetidos en ninos de 2 anos de < 5,2006-12-01,178,178,186,364
