municipality,group,variable,month,Controles nuevos en niños de 2 años a < de 5 a NUEVO,TOTAL-NUEVO,TOTAL-REPETIDO,TOTAL
ACHACACHI,nutricion y desarrollo infantil,controles nuevos en ninos de 2 anos a < de 5 a,2006-01-01,31,31,41,72
AIQUILE,nutricion y desarrollo infantil,controles nuevos en ninos de 2 anos a < de 5 a,2006-01-01,48,48,56,104
ALALAY,nutricion y desarrollo infantil,controles nuevos en ninos de 2 anos a < de 5 a,2006-01-01,0,0,3,3
ALCALA,nutricion y desarrollo infantil,controles nuevos en ninos de 2 anos a < de 5 a,2006-01-01,71,71,70,141
ANCORAIMES,nutricion y desarrollo infantil,controles nuevos en ninos de 2 anos a < de 5 a,2006-01-01,7,7,3,10
ANZALDO,nutricion y desarrollo infantil,controles nuevos en ninos de 2 anos a < de 5 a,2006-01-01,19,19,16,35
APOLO,nutricion y desarrollo infantil,controles nuevos en ninos de 2 anos a < de 5 a,2006-01-01,33,33,17,50
ARAMPAMPA,nutricion y desarrollo infantil,controles nuevos en ninos de 2 anos a < de 5 a,2006-01-01,2,2,0,2
ARANI,nutricion y desarrollo infantil,controles nuevos en ninos de 2 anos a < de 5 a,2006-01-01,42,42,36,78
ARBIETO,nutricion y desarrollo infantil,controles nuevos en ninos de 2 anos a < de 5 a,2006-01-01,7,7,15,22
AUCAPATA,nutricion y desarrollo infantil,controles nuevos en ninos de 2 anos a < de 5 a,2006-01-01,15,15,8,23
AYATA,nutricion y desarrollo infantil,controles nuevos en ninos de 2 anos a < de 5 a,2006-01-01,6,6,3,9
AYO AYO,nutricion y desarrollo infantil,controles nuevos en ninos de 2 anos a < de 5 a,2006-01-01,1,1,0,1
AYOPAYA (V. DE INDEPENDENCIA),nutricion y desarrollo infantil,controles nuevos en ninos de 2 anos a < de 5 a,2006-01-01,38,38,33,71
AZURDUY,nutricion y desarrollo infantil,controles nuevos en ninos de 2 anos a < de 5 a,2006-01-01,249,249,260,509
BATALLAS,nutricion y desarrollo infantil,controles nuevos en ninos de 2 anos a < de 5 a,2006-01-01,2,2,6,8
BAURES,nutricion y desarrollo infantil,controles nuevos en ninos de 2 anos a < de 5 a,2006-01-01,0,0,2,2
BELEN DE ANDAMARCA,nutricion y desarrollo infantil,controles nuevos en ninos de 2 anos a < de 5 a,2006-01-01,5,5,4,9
BERMEJO,nutricion y desarrollo infantil,controles nuevos en ninos de 2 anos a < de 5 a,2006-01-01,55,55,40,95
BETANZOS,nutricion y desarrollo infantil,controles nuevos en ninos de 2 anos a < de 5 a,2006-01-01,1,1,2,3
BOLIVAR,nutricion y desarrollo infantil,controles nuevos en ninos de 2 anos a < de 5 a,2006-01-01,1,1,4,5
CABEZAS,nutricion y desarrollo infantil,controles nuevos en ninos de 2 anos a < de 5 a,2006-01-01,22,22,29,51
CAIROMA,nutricion y desarrollo infantil,controles nuevos en ninos de 2 anos a < de 5 a,2006-01-01,6,6,2,8
"CAIZA ""D""",nutricion y desarrollo infantil,controles nuevos en ninos de 2 anos a < de 5 a,2006-01-01,14,14,21,35
CAJUATA,nutricion y desarrollo infantil,controles nuevos en ninos de 2 anos a < de 5 a,2006-01-01,36,36,34,70
CALACOTO,nutricion y desarrollo infantil,controles nuevos en ninos de 2 anos a < de 5 a,2006-01-01,3,3,2,5
CAMARGO,nutricion y desarrollo infantil,controles nuevos en ninos de 2 anos a < de 5 a,2006-01-01,198,198,176,374
CAMATAQUI (C. VILLA ABECIA),nutricion y desarrollo infantil,controles nuevos en ninos de 2 anos a < de 5 a,2006-01-01,58,58,42,100
CAMIRI,nutricion y desarrollo infantil,controles nuevos en ninos de 2 anos a < de 5 a,2006-01-01,34,34,27,61
CAPINOTA,nutricion y desarrollo infantil,controles nuevos en ninos de 2 anos a < de 5 a,2006-01-01,18,18,10,28
CARACOLLO,nutricion y desarrollo infantil,controles nuevos en ninos de 2 anos a < de 5 a,2006-01-01,14,14,15,29
CARANAVI,nutricion y desarrollo infantil,controles nuevos en ninos de 2 anos a < de 5 a,2006-01-01,17,17,14,31
CARANGAS,nutricion y desarrollo infantil,controles nuevos en ninos de 2 anos a < de 5 a,2006-01-01,0,0,1,1
CARAPARI,nutricion y desarrollo infantil,controles nuevos en ninos de 2 anos a < de 5 a,2006-01-01,1,1,3,4
CARIPUYO,nutricion y desarrollo infantil,controles nuevos en ninos de 2 anos a < de 5 a,2006-01-01,25,25,34,59
CARMEN RIVERO TORREZ,nutricion y desarrollo infantil,controles nuevos en ninos de 2 anos a < de 5 a,2006-01-01,7,7,10,17
CATACORA,nutricion y desarrollo infantil,controles nuevos en ninos de 2 anos a < de 5 a,2006-01-01,2,2,2,4
CHALLAPATA,nutricion y desarrollo infantil,controles nuevos en ninos de 2 anos a < de 5 a,2006-01-01,60,60,73,133
CHARAGUA,nutricion y desarrollo infantil,controles nuevos en ninos de 2 anos a < de 5 a,2006-01-01,4,4,8,12
CHAYANTA,nutricion y desarrollo infantil,controles nuevos en ninos de 2 anos a < de 5 a,2006-01-01,2,2,2,4
CHIMORE,nutricion y desarrollo infantil,controles nuevos en ninos de 2 anos a < de 5 a,2006-01-01,14,14,10,24
CHIPAYA,nutricion y desarrollo infantil,controles nuevos en ninos de 2 anos a < de 5 a,2006-01-01,0,0,2,2
CHULUMANI (V. DE LA LIBERTAD),nutricion y desarrollo infantil,controles nuevos en ninos de 2 anos a < de 5 a,2006-01-01,7,7,9,16
CHUMA,nutricion y desarrollo infantil,controles nuevos en ninos de 2 anos a < de 5 a,2006-01-01,5,5,3,8
CLIZA,nutricion y desarrollo infantil,controles nuevos en ninos de 2 anos a < de 5 a,2006-01-01,13,13,9,22
COBIJA,nutricion y desarrollo infantil,controles nuevos en ninos de 2 anos a < de 5 a,2006-01-01,4,4,14,18
COCHABAMBA,nutricion y desarrollo infantil,controles nuevos en ninos de 2 anos a < de 5 a,2006-01-01,858,858,834,1692
COLCAPIRHUA,nutricion y desarrollo infantil,controles nuevos en ninos de 2 anos a < de 5 a,2006-01-01,228,228,183,411
COLLANA,nutricion y desarrollo infantil,controles nuevos en ninos de 2 anos a < de 5 a,2006-01-01,1,1,8,9
COLOMI,nutricion y desarrollo infantil,controles nuevos en ninos de 2 anos a < de 5 a,2006-01-01,67,67,86,153
COLPA BELGICA,nutricion y desarrollo infantil,controles nuevos en ninos de 2 anos a < de 5 a,2006-01-01,4,4,2,6
COLQUECHACA,nutricion y desarrollo infantil,controles nuevos en ninos de 2 anos a < de 5 a,2006-01-01,1,1,0,1
COLQUIRI,nutricion y desarrollo infantil,controles nuevos en ninos de 2 anos a < de 5 a,2006-01-01,133,133,128,261
COMANCHE,nutricion y desarrollo infantil,controles nuevos en ninos de 2 anos a < de 5 a,2006-01-01,1,1,3,4
COMARAPA,nutricion y desarrollo infantil,controles nuevos en ninos de 2 anos a < de 5 a,2006-01-01,1,1,0,1
COMBAYA,nutricion y desarrollo infantil,controles nuevos en ninos de 2 anos a < de 5 a,2006-01-01,11,11,8,19
CONCEPCION,nutricion y desarrollo infantil,controles nuevos en ninos de 2 anos a < de 5 a,2006-01-01,8,8,2,10
COPACABANA,nutricion y desarrollo infantil,controles nuevos en ninos de 2 anos a < de 5 a,2006-01-01,6,6,7,13
CORIPATA,nutricion y desarrollo infantil,controles nuevos en ninos de 2 anos a < de 5 a,2006-01-01,7,7,4,11
CORO CORO,nutricion y desarrollo infantil,controles nuevos en ninos de 2 anos a < de 5 a,2006-01-01,4,4,5,9
COROICO,nutricion y desarrollo infantil,controles nuevos en ninos de 2 anos a < de 5 a,2006-01-01,60,60,52,112
CORQUE,nutricion y desarrollo infantil,controles nuevos en ninos de 2 anos a < de 5 a,2006-01-01,35,35,22,57
COTAGAITA,nutricion y desarrollo infantil,controles nuevos en ninos de 2 anos a < de 5 a,2006-01-01,10,10,3,13
COTOCA,nutricion y desarrollo infantil,controles nuevos en ninos de 2 anos a < de 5 a,2006-01-01,14,14,10,24
CUATRO CAÑADAS,nutricion y desarrollo infantil,controles nuevos en ninos de 2 anos a < de 5 a,2006-01-01,57,57,62,119
CULPINA,nutricion y desarrollo infantil,controles nuevos en ninos de 2 anos a < de 5 a,2006-01-01,243,243,266,509
CURVA,nutricion y desarrollo infantil,controles nuevos en ninos de 2 anos a < de 5 a,2006-01-01,2,2,0,2
DESAGUADERO,nutricion y desarrollo infantil,controles nuevos en ninos de 2 anos a < de 5 a,2006-01-01,1,1,1,2
EL ALTO,nutricion y desarrollo infantil,controles nuevos en ninos de 2 anos a < de 5 a,2006-01-01,1226,1226,1135,2361
EL CHORO,nutricion y desarrollo infantil,controles nuevos en ninos de 2 anos a < de 5 a,2006-01-01,1,1,1,2
EL PUENTE(STC),nutricion y desarrollo infantil,controles nuevos en ninos de 2 anos a < de 5 a,2006-01-01,61,61,79,140
EL PUENTE(TJA),nutricion y desarrollo infantil,controles nuevos en ninos de 2 anos a < de 5 a,2006-01-01,13,13,9,22
EL TORNO,nutricion y desarrollo infantil,controles nuevos en ninos de 2 anos a < de 5 a,2006-01-01,43,43,38,81
EL VILLAR,nutricion y desarrollo infantil,controles nuevos en ninos de 2 anos a < de 5 a,2006-01-01,104,104,93,197
ENTRE RIOS,nutricion y desarrollo infantil,controles nuevos en ninos de 2 anos a < de 5 a,2006-01-01,78,78,80,158
ESCARA,nutricion y desarrollo infantil,controles nuevos en ninos de 2 anos a < de 5 a,2006-01-01,1,1,1,2
FERNANDEZ ALONSO,nutricion y desarrollo infantil,controles nuevos en ninos de 2 anos a < de 5 a,2006-01-01,5,5,8,13
FILADELFIA,nutricion y desarrollo infantil,controles nuevos en ninos de 2 anos a < de 5 a,2006-01-01,23,23,43,66
GENERAL SAAVEDRA,nutricion y desarrollo infantil,controles nuevos en ninos de 2 anos a < de 5 a,2006-01-01,137,137,118,255
GRAL. J.J. PEREZ (CHARAZANI),nutricion y desarrollo infantil,controles nuevos en ninos de 2 anos a < de 5 a,2006-01-01,7,7,5,12
GUANAY,nutricion y desarrollo infantil,controles nuevos en ninos de 2 anos a < de 5 a,2006-01-01,15,15,12,27
GUAYARAMERIN,nutricion y desarrollo infantil,controles nuevos en ninos de 2 anos a < de 5 a,2006-01-01,27,27,27,54
GUTIERREZ,nutricion y desarrollo infantil,controles nuevos en ninos de 2 anos a < de 5 a,2006-01-01,135,135,158,293
HUACARETA,nutricion y desarrollo infantil,controles nuevos en ninos de 2 anos a < de 5 a,2006-01-01,135,135,139,274
HUACAYA (VILLA DE HUACAYA),nutricion y desarrollo infantil,controles nuevos en ninos de 2 anos a < de 5 a,2006-01-01,58,58,62,120
HUACHACALLA,nutricion y desarrollo infantil,controles nuevos en ninos de 2 anos a < de 5 a,2006-01-01,2,2,4,6
HUANUNI,nutricion y desarrollo infantil,controles nuevos en ninos de 2 anos a < de 5 a,2006-01-01,69,69,52,121
HUARACAJE,nutricion y desarrollo infantil,controles nuevos en ninos de 2 anos a < de 5 a,2006-01-01,12,12,8,20
HUAYLLAMARCA,nutricion y desarrollo infantil,controles nuevos en ninos de 2 anos a < de 5 a,2006-01-01,8,8,10,18
ICHOCA,nutricion y desarrollo infantil,controles nuevos en ninos de 2 anos a < de 5 a,2006-01-01,34,34,42,76
ICLA,nutricion y desarrollo infantil,controles nuevos en ninos de 2 anos a < de 5 a,2006-01-01,273,273,263,536
INCAHUASI,nutricion y desarrollo infantil,controles nuevos en ninos de 2 anos a < de 5 a,2006-01-01,258,258,321,579
INQUISIVI,nutricion y desarrollo infantil,controles nuevos en ninos de 2 anos a < de 5 a,2006-01-01,126,126,159,285
IRUPANA (VILLA DE LANZA),nutricion y desarrollo infantil,controles nuevos en ninos de 2 anos a < de 5 a,2006-01-01,10,10,6,16
IXIAMAS,nutricion y desarrollo infantil,controles nuevos en ninos de 2 anos a < de 5 a,2006-01-01,1,1,2,3
JESUS DE MACHACA,nutricion y desarrollo infantil,controles nuevos en ninos de 2 anos a < de 5 a,2006-01-01,1,1,0,1
LA ASUNTA,nutricion y desarrollo infantil,controles nuevos en ninos de 2 anos a < de 5 a,2006-01-01,9,9,7,16
LA GUARDIA,nutricion y desarrollo infantil,controles nuevos en ninos de 2 anos a < de 5 a,2006-01-01,69,69,59,128
LA PAZ,nutricion y desarrollo infantil,controles nuevos en ninos de 2 anos a < de 5 a,2006-01-01,761,761,662,1423
LA RIVERA,nutricion y desarrollo infantil,controles nuevos en ninos de 2 anos a < de 5 a,2006-01-01,1,1,0,1
LAGUNILLAS,nutricion y desarrollo infantil,controles nuevos en ninos de 2 anos a < de 5 a,2006-01-01,0,0,1,1
LAJA,nutricion y desarrollo infantil,controles nuevos en ninos de 2 anos a < de 5 a,2006-01-01,2,2,2,4
LAS CARRERAS,nutricion y desarrollo infantil,controles nuevos en ninos de 2 anos a < de 5 a,2006-01-01,72,72,76,148
LICOMA PAMPA,nutricion y desarrollo infantil,controles nuevos en ninos de 2 anos a < de 5 a,2006-01-01,83,83,87,170
LLALLAGUA,nutricion y desarrollo infantil,controles nuevos en ninos de 2 anos a < de 5 a,2006-01-01,2,2,3,5
LORETO,nutricion y desarrollo infantil,controles nuevos en ninos de 2 anos a < de 5 a,2006-01-01,21,21,40,61
LURIBAY,nutricion y desarrollo infantil,controles nuevos en ninos de 2 anos a < de 5 a,2006-01-01,6,6,3,9
MACHARETI,nutricion y desarrollo infantil,controles nuevos en ninos de 2 anos a < de 5 a,2006-01-01,111,111,140,251
MAGDALENA,nutricion y desarrollo infantil,controles nuevos en ninos de 2 anos a < de 5 a,2006-01-01,2,2,2,4
MALLA,nutricion y desarrollo infantil,controles nuevos en ninos de 2 anos a < de 5 a,2006-01-01,0,0,2,2
MAPIRI,nutricion y desarrollo infantil,controles nuevos en ninos de 2 anos a < de 5 a,2006-01-01,5,5,1,6
MECAPACA,nutricion y desarrollo infantil,controles nuevos en ninos de 2 anos a < de 5 a,2006-01-01,12,12,5,17
MINEROS,nutricion y desarrollo infantil,controles nuevos en ninos de 2 anos a < de 5 a,2006-01-01,12,12,14,26
MIZQUE,nutricion y desarrollo infantil,controles nuevos en ninos de 2 anos a < de 5 a,2006-01-01,49,49,36,85
MOCOMOCO,nutricion y desarrollo infantil,controles nuevos en ninos de 2 anos a < de 5 a,2006-01-01,10,10,6,16
MOJOCOYA,nutricion y desarrollo infantil,controles nuevos en ninos de 2 anos a < de 5 a,2006-01-01,133,133,119,252
MONTEAGUDO,nutricion y desarrollo infantil,controles nuevos en ninos de 2 anos a < de 5 a,2006-01-01,316,316,305,621
MONTERO,nutricion y desarrollo infantil,controles nuevos en ninos de 2 anos a < de 5 a,2006-01-01,71,71,71,142
MORO MORO,nutricion y desarrollo infantil,controles nuevos en ninos de 2 anos a < de 5 a,2006-01-01,1,1,2,3
MOROCHATA,nutricion y desarrollo infantil,controles nuevos en ninos de 2 anos a < de 5 a,2006-01-01,65,65,73,138
NUEVO MANOA (NUEVA ESPERANZA),nutricion y desarrollo infantil,controles nuevos en ninos de 2 anos a < de 5 a,2006-01-01,15,15,8,23
OCURI,nutricion y desarrollo infantil,controles nuevos en ninos de 2 anos a < de 5 a,2006-01-01,3,3,2,5
OKINAWA,nutricion y desarrollo infantil,controles nuevos en ninos de 2 anos a < de 5 a,2006-01-01,78,78,67,145
OMEREQUE,nutricion y desarrollo infantil,controles nuevos en ninos de 2 anos a < de 5 a,2006-01-01,6,6,9,15
ORURO,nutricion y desarrollo infantil,controles nuevos en ninos de 2 anos a < de 5 a,2006-01-01,222,222,218,440
PADCAYA,nutricion y desarrollo infantil,controles nuevos en ninos de 2 anos a < de 5 a,2006-01-01,25,25,18,43
PADILLA,nutricion y desarrollo infantil,controles nuevos en ninos de 2 anos a < de 5 a,2006-01-01,227,227,227,454
PALCA,nutricion y desarrollo infantil,controles nuevos en ninos de 2 anos a < de 5 a,2006-01-01,8,8,3,11
PALOS BLANCOS,nutricion y desarrollo infantil,controles nuevos en ninos de 2 anos a < de 5 a,2006-01-01,2,2,5,7
PAMPA AULLAGAS,nutricion y desarrollo infantil,controles nuevos en ninos de 2 anos a < de 5 a,2006-01-01,2,2,0,2
PASORAPA,nutricion y desarrollo infantil,controles nuevos en ninos de 2 anos a < de 5 a,2006-01-01,2,2,2,4
PATACAMAYA,nutricion y desarrollo infantil,controles nuevos en ninos de 2 anos a < de 5 a,2006-01-01,5,5,8,13
POCOATA,nutricion y desarrollo infantil,controles nuevos en ninos de 2 anos a < de 5 a,2006-01-01,2,2,1,3
POCONA,nutricion y desarrollo infantil,controles nuevos en ninos de 2 anos a < de 5 a,2006-01-01,29,29,24,53
POJO (CBBA),nutricion y desarrollo infantil,controles nuevos en ninos de 2 anos a < de 5 a,2006-01-01,10,10,8,18
POOPO,nutricion y desarrollo infantil,controles nuevos en ninos de 2 anos a < de 5 a,2006-01-01,16,16,16,32
PORCO,nutricion y desarrollo infantil,controles nuevos en ninos de 2 anos a < de 5 a,2006-01-01,7,7,5,12
POROMA,nutricion y desarrollo infantil,controles nuevos en ninos de 2 anos a < de 5 a,2006-01-01,115,115,96,211
PORONGO,nutricion y desarrollo infantil,controles nuevos en ninos de 2 anos a < de 5 a,2006-01-01,1,1,0,1
PORTACHUELO,nutricion y desarrollo infantil,controles nuevos en ninos de 2 anos a < de 5 a,2006-01-01,71,71,45,116
PORVENIR,nutricion y desarrollo infantil,controles nuevos en ninos de 2 anos a < de 5 a,2006-01-01,0,0,3,3
POSTRER VALLE,nutricion y desarrollo infantil,controles nuevos en ninos de 2 anos a < de 5 a,2006-01-01,1,1,1,2
POTOSI,nutricion y desarrollo infantil,controles nuevos en ninos de 2 anos a < de 5 a,2006-01-01,168,168,171,339
PRESTO,nutricion y desarrollo infantil,controles nuevos en ninos de 2 anos a < de 5 a,2006-01-01,140,140,139,279
PUCARA,nutricion y desarrollo infantil,controles nuevos en ninos de 2 anos a < de 5 a,2006-01-01,7,7,5,12
PUCARANI,nutricion y desarrollo infantil,controles nuevos en ninos de 2 anos a < de 5 a,2006-01-01,12,12,4,16
PUERTO ACOSTA,nutricion y desarrollo infantil,controles nuevos en ninos de 2 anos a < de 5 a,2006-01-01,41,41,46,87
PUERTO CARABUCO,nutricion y desarrollo infantil,controles nuevos en ninos de 2 anos a < de 5 a,2006-01-01,3,3,5,8
PUERTO PEREZ,nutricion y desarrollo infantil,controles nuevos en ninos de 2 anos a < de 5 a,2006-01-01,2,2,2,4
PUERTO QUIJARRO,nutricion y desarrollo infantil,controles nuevos en ninos de 2 anos a < de 5 a,2006-01-01,2,2,5,7
PUERTO RICO,nutricion y desarrollo infantil,controles nuevos en ninos de 2 anos a < de 5 a,2006-01-01,10,10,18,28
PUERTO SILES,nutricion y desarrollo infantil,controles nuevos en ninos de 2 anos a < de 5 a,2006-01-01,3,3,7,10
PUERTO SUAREZ,nutricion y desarrollo infantil,controles nuevos en ninos de 2 anos a < de 5 a,2006-01-01,0,0,1,1
PUERTO VILLARROEL,nutricion y desarrollo infantil,controles nuevos en ninos de 2 anos a < de 5 a,2006-01-01,41,41,39,80
PUNA,nutricion y desarrollo infantil,controles nuevos en ninos de 2 anos a < de 5 a,2006-01-01,8,8,6,14
PUNATA,nutricion y desarrollo infantil,controles nuevos en ninos de 2 anos a < de 5 a,2006-01-01,38,38,46,84
QUILLACOLLO,nutricion y desarrollo infantil,controles nuevos en ninos de 2 anos a < de 5 a,2006-01-01,190,190,183,373
QUIME,nutricion y desarrollo infantil,controles nuevos en ninos de 2 anos a < de 5 a,2006-01-01,107,107,105,212
REYES,nutricion y desarrollo infantil,controles nuevos en ninos de 2 anos a < de 5 a,2006-01-01,1,1,0,1
RIBERALTA,nutricion y desarrollo infantil,controles nuevos en ninos de 2 anos a < de 5 a,2006-01-01,41,41,38,79
ROBORE,nutricion y desarrollo infantil,controles nuevos en ninos de 2 anos a < de 5 a,2006-01-01,17,17,13,30
RURRENABAQUE,nutricion y desarrollo infantil,controles nuevos en ninos de 2 anos a < de 5 a,2006-01-01,2,2,4,6
SABAYA,nutricion y desarrollo infantil,controles nuevos en ninos de 2 anos a < de 5 a,2006-01-01,4,4,1,5
SACABA,nutricion y desarrollo infantil,controles nuevos en ninos de 2 anos a < de 5 a,2006-01-01,188,188,199,387
SACABAMBA,nutricion y desarrollo infantil,controles nuevos en ninos de 2 anos a < de 5 a,2006-01-01,17,17,14,31
SACACA,nutricion y desarrollo infantil,controles nuevos en ninos de 2 anos a < de 5 a,2006-01-01,33,33,44,77
SAIPINA,nutricion y desarrollo infantil,controles nuevos en ninos de 2 anos a < de 5 a,2006-01-01,2,2,3,5
SAN ANDRES,nutricion y desarrollo infantil,controles nuevos en ninos de 2 anos a < de 5 a,2006-01-01,63,63,69,132
SAN ANDRES DE MACHACA,nutricion y desarrollo infantil,controles nuevos en ninos de 2 anos a < de 5 a,2006-01-01,1,1,6,7
SAN BENITO,nutricion y desarrollo infantil,controles nuevos en ninos de 2 anos a < de 5 a,2006-01-01,29,29,36,65
SAN BORJA,nutricion y desarrollo infantil,controles nuevos en ninos de 2 anos a < de 5 a,2006-01-01,112,112,62,174
SAN BUENA VENTURA,nutricion y desarrollo infantil,controles nuevos en ninos de 2 anos a < de 5 a,2006-01-01,1,1,1,2
SAN IGNACIO,nutricion y desarrollo infantil,controles nuevos en ninos de 2 anos a < de 5 a,2006-01-01,28,28,46,74
SAN IGNACIO DE VELASCO,nutricion y desarrollo infantil,controles nuevos en ninos de 2 anos a < de 5 a,2006-01-01,40,40,27,67
SAN JAVIER(BNI),nutricion y desarrollo infantil,controles nuevos en ninos de 2 anos a < de 5 a,2006-01-01,5,5,4,9
SAN JAVIER(STC),nutricion y desarrollo infantil,controles nuevos en ninos de 2 anos a < de 5 a,2006-01-01,1,1,11,12
SAN JOAQUIN,nutricion y desarrollo infantil,controles nuevos en ninos de 2 anos a < de 5 a,2006-01-01,1,1,0,1
SAN JOSE DE CHIQUITOS,nutricion y desarrollo infantil,controles nuevos en ninos de 2 anos a < de 5 a,2006-01-01,0,0,1,1
SAN JULIAN,nutricion y desarrollo infantil,controles nuevos en ninos de 2 anos a < de 5 a,2006-01-01,99,99,114,213
SAN LORENZO(TJA),nutricion y desarrollo infantil,controles nuevos en ninos de 2 anos a < de 5 a,2006-01-01,4,4,8,12
SAN LUCAS,nutricion y desarrollo infantil,controles nuevos en ninos de 2 anos a < de 5 a,2006-01-01,484,484,549,1033
SAN MATIAS,nutricion y desarrollo infantil,controles nuevos en ninos de 2 anos a < de 5 a,2006-01-01,10,10,5,15
SAN MIGUEL DE VELASCO,nutricion y desarrollo infantil,controles nuevos en ninos de 2 anos a < de 5 a,2006-01-01,5,5,2,7
SAN PABLO DE LIPEZ,nutricion y desarrollo infantil,controles nuevos en ninos de 2 anos a < de 5 a,2006-01-01,0,0,1,1
SAN PEDRO,nutricion y desarrollo infantil,controles nuevos en ninos de 2 anos a < de 5 a,2006-01-01,6,6,4,10
SAN PEDRO DE BUENA VISTA,nutricion y desarrollo infantil,controles nuevos en ninos de 2 anos a < de 5 a,2006-01-01,12,12,12,24
SAN PEDRO DE TIQUINA,nutricion y desarrollo infantil,controles nuevos en ninos de 2 anos a < de 5 a,2006-01-01,2,2,1,3
SAN PEDRO(PND),nutricion y desarrollo infantil,controles nuevos en ninos de 2 anos a < de 5 a,2006-01-01,13,13,17,30
SAN RAFAEL,nutricion y desarrollo infantil,controles nuevos en ninos de 2 anos a < de 5 a,2006-01-01,3,3,1,4
SAN RAMON,nutricion y desarrollo infantil,controles nuevos en ninos de 2 anos a < de 5 a,2006-01-01,31,31,21,52
SANTA ANA,nutricion y desarrollo infantil,controles nuevos en ninos de 2 anos a < de 5 a,2006-01-01,0,0,5,5
SANTA CRUZ DE LA SIERRA,nutricion y desarrollo infantil,controles nuevos en ninos de 2 anos a < de 5 a,2006-01-01,2196,2196,1871,4067
SANTA ROSA,nutricion y desarrollo infantil,controles nuevos en ninos de 2 anos a < de 5 a,2006-01-01,2,2,4,6
SANTA ROSA DEL SARA,nutricion y desarrollo infantil,controles nuevos en ninos de 2 anos a < de 5 a,2006-01-01,8,8,14,22
SANTIAGO DE HUARI,nutricion y desarrollo infantil,controles nuevos en ninos de 2 anos a < de 5 a,2006-01-01,0,0,1,1
SANTIAGO DE MACHACA,nutricion y desarrollo infantil,controles nuevos en ninos de 2 anos a < de 5 a,2006-01-01,2,2,0,2
SANTIVAÑES,nutricion y desarrollo infantil,controles nuevos en ninos de 2 anos a < de 5 a,2006-01-01,7,7,4,11
SICA SICA (VILLA AROMA),nutricion y desarrollo infantil,controles nuevos en ninos de 2 anos a < de 5 a,2006-01-01,1,1,0,1
SICAYA,nutricion y desarrollo infantil,controles nuevos en ninos de 2 anos a < de 5 a,2006-01-01,3,3,2,5
SIPE SIPE,nutricion y desarrollo infantil,controles nuevos en ninos de 2 anos a < de 5 a,2006-01-01,108,108,78,186
SOPACHUY,nutricion y desarrollo infantil,controles nuevos en ninos de 2 anos a < de 5 a,2006-01-01,175,175,197,372
SORACACHI,nutricion y desarrollo infantil,controles nuevos en ninos de 2 anos a < de 5 a,2006-01-01,0,0,5,5
SORATA,nutricion y desarrollo infantil,controles nuevos en ninos de 2 anos a < de 5 a,2006-01-01,10,10,9,19
SUCRE,nutricion y desarrollo infantil,controles nuevos en ninos de 2 anos a < de 5 a,2006-01-01,847,847,919,1766
TACACOMA,nutricion y desarrollo infantil,controles nuevos en ninos de 2 anos a < de 5 a,2006-01-01,1,1,1,2
TACOPAYA,nutricion y desarrollo infantil,controles nuevos en ninos de 2 anos a < de 5 a,2006-01-01,4,4,8,12
TAPACARI,nutricion y desarrollo infantil,controles nuevos en ninos de 2 anos a < de 5 a,2006-01-01,23,23,22,45
TARABUCO,nutricion y desarrollo infantil,controles nuevos en ninos de 2 anos a < de 5 a,2006-01-01,525,525,548,1073
TARACO,nutricion y desarrollo infantil,controles nuevos en ninos de 2 anos a < de 5 a,2006-01-01,2,2,2,4
TARIJA,nutricion y desarrollo infantil,controles nuevos en ninos de 2 anos a < de 5 a,2006-01-01,254,254,241,495
TARVITA,nutricion y desarrollo infantil,controles nuevos en ninos de 2 anos a < de 5 a,2006-01-01,301,301,336,637
TINGUIPAYA,nutricion y desarrollo infantil,controles nuevos en ninos de 2 anos a < de 5 a,2006-01-01,60,60,62,122
TIPUANI,nutricion y desarrollo infantil,controles nuevos en ninos de 2 anos a < de 5 a,2006-01-01,1,1,4,5
TIQUIPAYA,nutricion y desarrollo infantil,controles nuevos en ninos de 2 anos a < de 5 a,2006-01-01,48,48,28,76
TIRAQUE (CBBA),nutricion y desarrollo infantil,controles nuevos en ninos de 2 anos a < de 5 a,2006-01-01,181,181,176,357
TOCO,nutricion y desarrollo infantil,controles nuevos en ninos de 2 anos a < de 5 a,2006-01-01,2,2,3,5
TODOS SANTOS,nutricion y desarrollo infantil,controles nuevos en ninos de 2 anos a < de 5 a,2006-01-01,0,0,1,1
TOLATA,nutricion y desarrollo infantil,controles nuevos en ninos de 2 anos a < de 5 a,2006-01-01,13,13,4,17
TOLEDO,nutricion y desarrollo infantil,controles nuevos en ninos de 2 anos a < de 5 a,2006-01-01,1,1,6,7
TOMAVE,nutricion y desarrollo infantil,controles nuevos en ninos de 2 anos a < de 5 a,2006-01-01,12,12,6,18
TOMINA,nutricion y desarrollo infantil,controles nuevos en ninos de 2 anos a < de 5 a,2006-01-01,167,167,198,365
TOTORA(CBBA),nutricion y desarrollo infantil,controles nuevos en ninos de 2 anos a < de 5 a,2006-01-01,9,9,7,16
TOTORA(ORR),nutricion y desarrollo infantil,controles nuevos en ninos de 2 anos a < de 5 a,2006-01-01,2,2,10,12
TRIGAL,nutricion y desarrollo infantil,controles nuevos en ninos de 2 anos a < de 5 a,2006-01-01,1,1,1,2
TRINIDAD,nutricion y desarrollo infantil,controles nuevos en ninos de 2 anos a < de 5 a,2006-01-01,321,321,316,637
TUPIZA,nutricion y desarrollo infantil,controles nuevos en ninos de 2 anos a < de 5 a,2006-01-01,3,3,5,8
TURCO,nutricion y desarrollo infantil,controles nuevos en ninos de 2 anos a < de 5 a,2006-01-01,6,6,1,7
UMALA,nutricion y desarrollo infantil,controles nuevos en ninos de 2 anos a < de 5 a,2006-01-01,1,1,1,2
UNCIA,nutricion y desarrollo infantil,controles nuevos en ninos de 2 anos a < de 5 a,2006-01-01,21,21,25,46
URIONDO (A. CONCEPCION),nutricion y desarrollo infantil,controles nuevos en ninos de 2 anos a < de 5 a,2006-01-01,7,7,14,21
VACAS,nutricion y desarrollo infantil,controles nuevos en ninos de 2 anos a < de 5 a,2006-01-01,16,16,22,38
VALLEGRANDE,nutricion y desarrollo infantil,controles nuevos en ninos de 2 anos a < de 5 a,2006-01-01,4,4,4,8
VIACHA,nutricion y desarrollo infantil,controles nuevos en ninos de 2 anos a < de 5 a,2006-01-01,8,8,8,16
VILA VILA,nutricion y desarrollo infantil,controles nuevos en ninos de 2 anos a < de 5 a,2006-01-01,2,2,2,4
VILLA MONTES,nutricion y desarrollo infantil,controles nuevos en ninos de 2 anos a < de 5 a,2006-01-01,45,45,83,128
VILLA NUEVA (LOMA ALTA),nutricion y desarrollo infantil,controles nuevos en ninos de 2 anos a < de 5 a,2006-01-01,3,3,3,6
VILLA RIVERO,nutricion y desarrollo infantil,controles nuevos en ninos de 2 anos a < de 5 a,2006-01-01,6,6,5,11
VILLA SERRANO,nutricion y desarrollo infantil,controles nuevos en ninos de 2 anos a < de 5 a,2006-01-01,245,245,221,466
VILLA TUNARI,nutricion y desarrollo infantil,controles nuevos en ninos de 2 anos a < de 5 a,2006-01-01,108,108,128,236
VILLA VACA GUZMAN (MUYUPAMPA),nutricion y desarrollo infantil,controles nuevos en ninos de 2 anos a < de 5 a,2006-01-01,164,164,176,340
VILLAZON,nutricion y desarrollo infantil,controles nuevos en ninos de 2 anos a < de 5 a,2006-01-01,3,3,2,5
VINTO,nutricion y desarrollo infantil,controles nuevos en ninos de 2 anos a < de 5 a,2006-01-01,18,18,14,32
WARNES,nutricion y desarrollo infantil,controles nuevos en ninos de 2 anos a < de 5 a,2006-01-01,130,130,132,262
YACO,nutricion y desarrollo infantil,controles nuevos en ninos de 2 anos a < de 5 a,2006-01-01,5,5,6,11
YACUIBA,nutricion y desarrollo infantil,controles nuevos en ninos de 2 anos a < de 5 a,2006-01-01,5,5,5,10
YAMPARAEZ,nutricion y desarrollo infantil,controles nuevos en ninos de 2 anos a < de 5 a,2006-01-01,258,258,235,493
YANACACHI,nutricion y desarrollo infantil,controles nuevos en ninos de 2 anos a < de 5 a,2006-01-01,1,1,2,3
YAPACANI,nutricion y desarrollo infantil,controles nuevos en ninos de 2 anos a < de 5 a,2006-01-01,2,2,2,4
YOCALLA,nutricion y desarrollo infantil,controles nuevos en ninos de 2 anos a < de 5 a,2006-01-01,0,0,1,1
YOTALA,nutricion y desarrollo infantil,controles nuevos en ninos de 2 anos a < de 5 a,2006-01-01,85,85,118,203
YUNCHARA,nutricion y desarrollo infantil,controles nuevos en ninos de 2 anos a < de 5 a,2006-01-01,7,7,6,13
ZUDAÑEZ,nutricion y desarrollo infantil,controles nuevos en ninos de 2 anos a < de 5 a,2006-01-01,133,133,156,289
ACACIO,nutricion y desarrollo infantil,controles nuevos en ninos de 2 anos a < de 5 a,2006-02-01,20,20,23,43
ACHACACHI,nutricion y desarrollo infantil,controles nuevos en ninos de 2 anos a < de 5 a,2006-02-01,65,65,66,131
ACHOCALLA,nutricion y desarrollo infantil,controles nuevos en ninos de 2 anos a < de 5 a,2006-02-01,0,0,1,1
AIQUILE,nutricion y desarrollo infantil,controles nuevos en ninos de 2 anos a < de 5 a,2006-02-01,11,11,17,28
ALALAY,nutricion y desarrollo infantil,controles nuevos en ninos de 2 anos a < de 5 a,2006-02-01,1,1,1,2
ANCORAIMES,nutricion y desarrollo infantil,controles nuevos en ninos de 2 anos a < de 5 a,2006-02-01,10,10,6,16
ANDAMARCA,nutricion y desarrollo infantil,controles nuevos en ninos de 2 anos a < de 5 a,2006-02-01,1,1,0,1
ANTEQUERA,nutricion y desarrollo infantil,controles nuevos en ninos de 2 anos a < de 5 a,2006-02-01,1,1,0,1
ANZALDO,nutricion y desarrollo infantil,controles nuevos en ninos de 2 anos a < de 5 a,2006-02-01,32,32,28,60
APOLO,nutricion y desarrollo infantil,controles nuevos en ninos de 2 anos a < de 5 a,2006-02-01,12,12,5,17
ARAMPAMPA,nutricion y desarrollo infantil,controles nuevos en ninos de 2 anos a < de 5 a,2006-02-01,1,1,3,4
ARANI,nutricion y desarrollo infantil,controles nuevos en ninos de 2 anos a < de 5 a,2006-02-01,18,18,21,39
ARBIETO,nutricion y desarrollo infantil,controles nuevos en ninos de 2 anos a < de 5 a,2006-02-01,8,8,16,24
ARQUE,nutricion y desarrollo infantil,controles nuevos en ninos de 2 anos a < de 5 a,2006-02-01,14,14,12,26
ASCENCION DE GUARAYOS,nutricion y desarrollo infantil,controles nuevos en ninos de 2 anos a < de 5 a,2006-02-01,352,352,351,703
AUCAPATA,nutricion y desarrollo infantil,controles nuevos en ninos de 2 anos a < de 5 a,2006-02-01,39,39,28,67
AYATA,nutricion y desarrollo infantil,controles nuevos en ninos de 2 anos a < de 5 a,2006-02-01,4,4,2,6
AYO AYO,nutricion y desarrollo infantil,controles nuevos en ninos de 2 anos a < de 5 a,2006-02-01,3,3,5,8
AYOPAYA (V. DE INDEPENDENCIA),nutricion y desarrollo infantil,controles nuevos en ninos de 2 anos a < de 5 a,2006-02-01,44,44,21,65
AZURDUY,nutricion y desarrollo infantil,controles nuevos en ninos de 2 anos a < de 5 a,2006-02-01,112,112,88,200
BATALLAS,nutricion y desarrollo infantil,controles nuevos en ninos de 2 anos a < de 5 a,2006-02-01,9,9,7,16
BELEN DE ANDAMARCA,nutricion y desarrollo infantil,controles nuevos en ninos de 2 anos a < de 5 a,2006-02-01,1,1,2,3
BERMEJO,nutricion y desarrollo infantil,controles nuevos en ninos de 2 anos a < de 5 a,2006-02-01,28,28,43,71
BETANZOS,nutricion y desarrollo infantil,controles nuevos en ninos de 2 anos a < de 5 a,2006-02-01,1,1,1,2
BOLIVAR,nutricion y desarrollo infantil,controles nuevos en ninos de 2 anos a < de 5 a,2006-02-01,1,1,2,3
BOLPEBRA,nutricion y desarrollo infantil,controles nuevos en ninos de 2 anos a < de 5 a,2006-02-01,1,1,1,2
BOYUIBE,nutricion y desarrollo infantil,controles nuevos en ninos de 2 anos a < de 5 a,2006-02-01,0,0,1,1
BUENA VISTA,nutricion y desarrollo infantil,controles nuevos en ninos de 2 anos a < de 5 a,2006-02-01,2,2,2,4
CABEZAS,nutricion y desarrollo infantil,controles nuevos en ninos de 2 anos a < de 5 a,2006-02-01,17,17,14,31
CAIROMA,nutricion y desarrollo infantil,controles nuevos en ninos de 2 anos a < de 5 a,2006-02-01,4,4,4,8
"CAIZA ""D""",nutricion y desarrollo infantil,controles nuevos en ninos de 2 anos a < de 5 a,2006-02-01,24,24,19,43
CAJUATA,nutricion y desarrollo infantil,controles nuevos en ninos de 2 anos a < de 5 a,2006-02-01,44,44,44,88
CALACOTO,nutricion y desarrollo infantil,controles nuevos en ninos de 2 anos a < de 5 a,2006-02-01,0,0,1,1
CALAMARCA,nutricion y desarrollo infantil,controles nuevos en ninos de 2 anos a < de 5 a,2006-02-01,8,8,3,11
CAMARGO,nutricion y desarrollo infantil,controles nuevos en ninos de 2 anos a < de 5 a,2006-02-01,91,91,80,171
CAMATAQUI (C. VILLA ABECIA),nutricion y desarrollo infantil,controles nuevos en ninos de 2 anos a < de 5 a,2006-02-01,22,22,18,40
CAMIRI,nutricion y desarrollo infantil,controles nuevos en ninos de 2 anos a < de 5 a,2006-02-01,51,51,46,97
CAPINOTA,nutricion y desarrollo infantil,controles nuevos en ninos de 2 anos a < de 5 a,2006-02-01,11,11,2,13
CAQUIAVIRI,nutricion y desarrollo infantil,controles nuevos en ninos de 2 anos a < de 5 a,2006-02-01,16,16,15,31
CARACOLLO,nutricion y desarrollo infantil,controles nuevos en ninos de 2 anos a < de 5 a,2006-02-01,5,5,4,9
CARANAVI,nutricion y desarrollo infantil,controles nuevos en ninos de 2 anos a < de 5 a,2006-02-01,14,14,16,30
CARANGAS,nutricion y desarrollo infantil,controles nuevos en ninos de 2 anos a < de 5 a,2006-02-01,2,2,0,2
CARAPARI,nutricion y desarrollo infantil,controles nuevos en ninos de 2 anos a < de 5 a,2006-02-01,1,1,3,4
CARIPUYO,nutricion y desarrollo infantil,controles nuevos en ninos de 2 anos a < de 5 a,2006-02-01,3,3,2,5
CARMEN RIVERO TORREZ,nutricion y desarrollo infantil,controles nuevos en ninos de 2 anos a < de 5 a,2006-02-01,3,3,5,8
CATACORA,nutricion y desarrollo infantil,controles nuevos en ninos de 2 anos a < de 5 a,2006-02-01,2,2,3,5
CHALLAPATA,nutricion y desarrollo infantil,controles nuevos en ninos de 2 anos a < de 5 a,2006-02-01,3,3,4,7
CHAQUI,nutricion y desarrollo infantil,controles nuevos en ninos de 2 anos a < de 5 a,2006-02-01,0,0,1,1
CHARAGUA,nutricion y desarrollo infantil,controles nuevos en ninos de 2 anos a < de 5 a,2006-02-01,1,1,5,6
CHAYANTA,nutricion y desarrollo infantil,controles nuevos en ninos de 2 anos a < de 5 a,2006-02-01,1,1,2,3
CHIMORE,nutricion y desarrollo infantil,controles nuevos en ninos de 2 anos a < de 5 a,2006-02-01,13,13,18,31
CHULUMANI (V. DE LA LIBERTAD),nutricion y desarrollo infantil,controles nuevos en ninos de 2 anos a < de 5 a,2006-02-01,6,6,11,17
CHUMA,nutricion y desarrollo infantil,controles nuevos en ninos de 2 anos a < de 5 a,2006-02-01,8,8,10,18
CLIZA,nutricion y desarrollo infantil,controles nuevos en ninos de 2 anos a < de 5 a,2006-02-01,27,27,23,50
COBIJA,nutricion y desarrollo infantil,controles nuevos en ninos de 2 anos a < de 5 a,2006-02-01,8,8,10,18
COCHABAMBA,nutricion y desarrollo infantil,controles nuevos en ninos de 2 anos a < de 5 a,2006-02-01,802,802,757,1559
COLCAPIRHUA,nutricion y desarrollo infantil,controles nuevos en ninos de 2 anos a < de 5 a,2006-02-01,165,165,170,335
COLLANA,nutricion y desarrollo infantil,controles nuevos en ninos de 2 anos a < de 5 a,2006-02-01,0,0,1,1
COLOMI,nutricion y desarrollo infantil,controles nuevos en ninos de 2 anos a < de 5 a,2006-02-01,90,90,82,172
COLPA BELGICA,nutricion y desarrollo infantil,controles nuevos en ninos de 2 anos a < de 5 a,2006-02-01,2,2,2,4
COLQUECHACA,nutricion y desarrollo infantil,controles nuevos en ninos de 2 anos a < de 5 a,2006-02-01,2,2,1,3
COLQUIRI,nutricion y desarrollo infantil,controles nuevos en ninos de 2 anos a < de 5 a,2006-02-01,47,47,48,95
COMANCHE,nutricion y desarrollo infantil,controles nuevos en ninos de 2 anos a < de 5 a,2006-02-01,2,2,1,3
CONCEPCION,nutricion y desarrollo infantil,controles nuevos en ninos de 2 anos a < de 5 a,2006-02-01,2,2,3,5
COPACABANA,nutricion y desarrollo infantil,controles nuevos en ninos de 2 anos a < de 5 a,2006-02-01,25,25,27,52
CORIPATA,nutricion y desarrollo infantil,controles nuevos en ninos de 2 anos a < de 5 a,2006-02-01,2,2,3,5
CORO CORO,nutricion y desarrollo infantil,controles nuevos en ninos de 2 anos a < de 5 a,2006-02-01,0,0,1,1
COROICO,nutricion y desarrollo infantil,controles nuevos en ninos de 2 anos a < de 5 a,2006-02-01,36,36,24,60
CORQUE,nutricion y desarrollo infantil,controles nuevos en ninos de 2 anos a < de 5 a,2006-02-01,1,1,3,4
COTAGAITA,nutricion y desarrollo infantil,controles nuevos en ninos de 2 anos a < de 5 a,2006-02-01,52,52,35,87
COTOCA,nutricion y desarrollo infantil,controles nuevos en ninos de 2 anos a < de 5 a,2006-02-01,1,1,2,3
CUATRO CAÑADAS,nutricion y desarrollo infantil,controles nuevos en ninos de 2 anos a < de 5 a,2006-02-01,51,51,31,82
CULPINA,nutricion y desarrollo infantil,controles nuevos en ninos de 2 anos a < de 5 a,2006-02-01,68,68,65,133
EL ALTO,nutricion y desarrollo infantil,controles nuevos en ninos de 2 anos a < de 5 a,2006-02-01,1451,1451,1535,2986
EL CHORO,nutricion y desarrollo infantil,controles nuevos en ninos de 2 anos a < de 5 a,2006-02-01,1,1,0,1
EL PUENTE(STC),nutricion y desarrollo infantil,controles nuevos en ninos de 2 anos a < de 5 a,2006-02-01,128,128,106,234
EL PUENTE(TJA),nutricion y desarrollo infantil,controles nuevos en ninos de 2 anos a < de 5 a,2006-02-01,1,1,0,1
EL TORNO,nutricion y desarrollo infantil,controles nuevos en ninos de 2 anos a < de 5 a,2006-02-01,32,32,25,57
ENTRE RIOS,nutricion y desarrollo infantil,controles nuevos en ninos de 2 anos a < de 5 a,2006-02-01,132,132,124,256
ESCARA,nutricion y desarrollo infantil,controles nuevos en ninos de 2 anos a < de 5 a,2006-02-01,1,1,0,1
EUREKA (SANTOS MERCADO),nutricion y desarrollo infantil,controles nuevos en ninos de 2 anos a < de 5 a,2006-02-01,1,1,0,1
EXALTACION,nutricion y desarrollo infantil,controles nuevos en ninos de 2 anos a < de 5 a,2006-02-01,1,1,3,4
FERNANDEZ ALONSO,nutricion y desarrollo infantil,controles nuevos en ninos de 2 anos a < de 5 a,2006-02-01,4,4,8,12
FILADELFIA,nutricion y desarrollo infantil,controles nuevos en ninos de 2 anos a < de 5 a,2006-02-01,7,7,7,14
GENERAL SAAVEDRA,nutricion y desarrollo infantil,controles nuevos en ninos de 2 anos a < de 5 a,2006-02-01,23,23,14,37
GRAL. J.J. PEREZ (CHARAZANI),nutricion y desarrollo infantil,controles nuevos en ninos de 2 anos a < de 5 a,2006-02-01,9,9,10,19
GUANAY,nutricion y desarrollo infantil,controles nuevos en ninos de 2 anos a < de 5 a,2006-02-01,15,15,9,24
GUAYARAMERIN,nutricion y desarrollo infantil,controles nuevos en ninos de 2 anos a < de 5 a,2006-02-01,8,8,6,14
GUTIERREZ,nutricion y desarrollo infantil,controles nuevos en ninos de 2 anos a < de 5 a,2006-02-01,23,23,19,42
HUACARETA,nutricion y desarrollo infantil,controles nuevos en ninos de 2 anos a < de 5 a,2006-02-01,62,62,65,127
HUACHACALLA,nutricion y desarrollo infantil,controles nuevos en ninos de 2 anos a < de 5 a,2006-02-01,1,1,1,2
HUANUNI,nutricion y desarrollo infantil,controles nuevos en ninos de 2 anos a < de 5 a,2006-02-01,30,30,35,65
HUAYLLAMARCA,nutricion y desarrollo infantil,controles nuevos en ninos de 2 anos a < de 5 a,2006-02-01,14,14,11,25
ICHOCA,nutricion y desarrollo infantil,controles nuevos en ninos de 2 anos a < de 5 a,2006-02-01,5,5,3,8
ICLA,nutricion y desarrollo infantil,controles nuevos en ninos de 2 anos a < de 5 a,2006-02-01,28,28,30,58
INCAHUASI,nutricion y desarrollo infantil,controles nuevos en ninos de 2 anos a < de 5 a,2006-02-01,119,119,132,251
INQUISIVI,nutricion y desarrollo infantil,controles nuevos en ninos de 2 anos a < de 5 a,2006-02-01,83,83,81,164
IRUPANA (VILLA DE LANZA),nutricion y desarrollo infantil,controles nuevos en ninos de 2 anos a < de 5 a,2006-02-01,8,8,8,16
IXIAMAS,nutricion y desarrollo infantil,controles nuevos en ninos de 2 anos a < de 5 a,2006-02-01,11,11,8,19
JESUS DE MACHACA,nutricion y desarrollo infantil,controles nuevos en ninos de 2 anos a < de 5 a,2006-02-01,2,2,0,2
LA ASUNTA,nutricion y desarrollo infantil,controles nuevos en ninos de 2 anos a < de 5 a,2006-02-01,9,9,9,18
LA GUARDIA,nutricion y desarrollo infantil,controles nuevos en ninos de 2 anos a < de 5 a,2006-02-01,42,42,37,79
LA PAZ,nutricion y desarrollo infantil,controles nuevos en ninos de 2 anos a < de 5 a,2006-02-01,927,927,858,1785
LAGUNILLAS,nutricion y desarrollo infantil,controles nuevos en ninos de 2 anos a < de 5 a,2006-02-01,2,2,2,4
LAJA,nutricion y desarrollo infantil,controles nuevos en ninos de 2 anos a < de 5 a,2006-02-01,1,1,5,6
LAS CARRERAS,nutricion y desarrollo infantil,controles nuevos en ninos de 2 anos a < de 5 a,2006-02-01,16,16,13,29
LICOMA PAMPA,nutricion y desarrollo infantil,controles nuevos en ninos de 2 anos a < de 5 a,2006-02-01,5,5,1,6
LLALLAGUA,nutricion y desarrollo infantil,controles nuevos en ninos de 2 anos a < de 5 a,2006-02-01,5,5,4,9
LORETO,nutricion y desarrollo infantil,controles nuevos en ninos de 2 anos a < de 5 a,2006-02-01,32,32,25,57
LURIBAY,nutricion y desarrollo infantil,controles nuevos en ninos de 2 anos a < de 5 a,2006-02-01,2,2,6,8
MACHARETI,nutricion y desarrollo infantil,controles nuevos en ninos de 2 anos a < de 5 a,2006-02-01,36,36,42,78
MAIRANA,nutricion y desarrollo infantil,controles nuevos en ninos de 2 anos a < de 5 a,2006-02-01,1,1,0,1
MAPIRI,nutricion y desarrollo infantil,controles nuevos en ninos de 2 anos a < de 5 a,2006-02-01,2,2,2,4
MECAPACA,nutricion y desarrollo infantil,controles nuevos en ninos de 2 anos a < de 5 a,2006-02-01,11,11,7,18
MINEROS,nutricion y desarrollo infantil,controles nuevos en ninos de 2 anos a < de 5 a,2006-02-01,20,20,15,35
MIZQUE,nutricion y desarrollo infantil,controles nuevos en ninos de 2 anos a < de 5 a,2006-02-01,58,58,47,105
MOCOMOCO,nutricion y desarrollo infantil,controles nuevos en ninos de 2 anos a < de 5 a,2006-02-01,6,6,8,14
MOJOCOYA,nutricion y desarrollo infantil,controles nuevos en ninos de 2 anos a < de 5 a,2006-02-01,13,13,15,28
MONTEAGUDO,nutricion y desarrollo infantil,controles nuevos en ninos de 2 anos a < de 5 a,2006-02-01,222,222,187,409
MONTERO,nutricion y desarrollo infantil,controles nuevos en ninos de 2 anos a < de 5 a,2006-02-01,46,46,35,81
MORO MORO,nutricion y desarrollo infantil,controles nuevos en ninos de 2 anos a < de 5 a,2006-02-01,3,3,0,3
MOROCHATA,nutricion y desarrollo infantil,controles nuevos en ninos de 2 anos a < de 5 a,2006-02-01,92,92,94,186
NACEBE (SANTA ROSA DEL ABUNA),nutricion y desarrollo infantil,controles nuevos en ninos de 2 anos a < de 5 a,2006-02-01,7,7,2,9
OKINAWA,nutricion y desarrollo infantil,controles nuevos en ninos de 2 anos a < de 5 a,2006-02-01,55,55,53,108
OMEREQUE,nutricion y desarrollo infantil,controles nuevos en ninos de 2 anos a < de 5 a,2006-02-01,21,21,14,35
ORURO,nutricion y desarrollo infantil,controles nuevos en ninos de 2 anos a < de 5 a,2006-02-01,398,398,395,793
PADCAYA,nutricion y desarrollo infantil,controles nuevos en ninos de 2 anos a < de 5 a,2006-02-01,59,59,58,117
PADILLA,nutricion y desarrollo infantil,controles nuevos en ninos de 2 anos a < de 5 a,2006-02-01,54,54,48,102
PAILON,nutricion y desarrollo infantil,controles nuevos en ninos de 2 anos a < de 5 a,2006-02-01,8,8,4,12
PALCA,nutricion y desarrollo infantil,controles nuevos en ninos de 2 anos a < de 5 a,2006-02-01,16,16,17,33
PALOS BLANCOS,nutricion y desarrollo infantil,controles nuevos en ninos de 2 anos a < de 5 a,2006-02-01,19,19,12,31
PAPEL PAMPA,nutricion y desarrollo infantil,controles nuevos en ninos de 2 anos a < de 5 a,2006-02-01,0,0,1,1
PASORAPA,nutricion y desarrollo infantil,controles nuevos en ninos de 2 anos a < de 5 a,2006-02-01,1,1,1,2
PATACAMAYA,nutricion y desarrollo infantil,controles nuevos en ninos de 2 anos a < de 5 a,2006-02-01,5,5,2,7
PAZÑA,nutricion y desarrollo infantil,controles nuevos en ninos de 2 anos a < de 5 a,2006-02-01,1,1,0,1
PELECHUCO,nutricion y desarrollo infantil,controles nuevos en ninos de 2 anos a < de 5 a,2006-02-01,0,0,1,1
POCOATA,nutricion y desarrollo infantil,controles nuevos en ninos de 2 anos a < de 5 a,2006-02-01,1,1,3,4
POCONA,nutricion y desarrollo infantil,controles nuevos en ninos de 2 anos a < de 5 a,2006-02-01,19,19,22,41
POJO (CBBA),nutricion y desarrollo infantil,controles nuevos en ninos de 2 anos a < de 5 a,2006-02-01,18,18,22,40
POOPO,nutricion y desarrollo infantil,controles nuevos en ninos de 2 anos a < de 5 a,2006-02-01,20,20,14,34
PORCO,nutricion y desarrollo infantil,controles nuevos en ninos de 2 anos a < de 5 a,2006-02-01,3,3,0,3
POROMA,nutricion y desarrollo infantil,controles nuevos en ninos de 2 anos a < de 5 a,2006-02-01,95,95,96,191
PORONGO,nutricion y desarrollo infantil,controles nuevos en ninos de 2 anos a < de 5 a,2006-02-01,19,19,16,35
PORTACHUELO,nutricion y desarrollo infantil,controles nuevos en ninos de 2 anos a < de 5 a,2006-02-01,53,53,55,108
PORVENIR,nutricion y desarrollo infantil,controles nuevos en ninos de 2 anos a < de 5 a,2006-02-01,0,0,2,2
POSTRER VALLE,nutricion y desarrollo infantil,controles nuevos en ninos de 2 anos a < de 5 a,2006-02-01,3,3,1,4
POTOSI,nutricion y desarrollo infantil,controles nuevos en ninos de 2 anos a < de 5 a,2006-02-01,89,89,83,172
PRESTO,nutricion y desarrollo infantil,controles nuevos en ninos de 2 anos a < de 5 a,2006-02-01,14,14,7,21
PUCARA,nutricion y desarrollo infantil,controles nuevos en ninos de 2 anos a < de 5 a,2006-02-01,1,1,0,1
PUCARANI,nutricion y desarrollo infantil,controles nuevos en ninos de 2 anos a < de 5 a,2006-02-01,35,35,41,76
PUERTO ACOSTA,nutricion y desarrollo infantil,controles nuevos en ninos de 2 anos a < de 5 a,2006-02-01,12,12,20,32
PUERTO CARABUCO,nutricion y desarrollo infantil,controles nuevos en ninos de 2 anos a < de 5 a,2006-02-01,3,3,1,4
PUERTO GONZALO MORENO,nutricion y desarrollo infantil,controles nuevos en ninos de 2 anos a < de 5 a,2006-02-01,1,1,3,4
PUERTO PEREZ,nutricion y desarrollo infantil,controles nuevos en ninos de 2 anos a < de 5 a,2006-02-01,0,0,1,1
PUERTO QUIJARRO,nutricion y desarrollo infantil,controles nuevos en ninos de 2 anos a < de 5 a,2006-02-01,2,2,1,3
PUERTO RICO,nutricion y desarrollo infantil,controles nuevos en ninos de 2 anos a < de 5 a,2006-02-01,1,1,3,4
PUERTO SILES,nutricion y desarrollo infantil,controles nuevos en ninos de 2 anos a < de 5 a,2006-02-01,1,1,7,8
PUERTO VILLARROEL,nutricion y desarrollo infantil,controles nuevos en ninos de 2 anos a < de 5 a,2006-02-01,56,56,34,90
PUNA,nutricion y desarrollo infantil,controles nuevos en ninos de 2 anos a < de 5 a,2006-02-01,30,30,39,69
PUNATA,nutricion y desarrollo infantil,controles nuevos en ninos de 2 anos a < de 5 a,2006-02-01,67,67,59,126
QUIABAYA,nutricion y desarrollo infantil,controles nuevos en ninos de 2 anos a < de 5 a,2006-02-01,4,4,2,6
QUILLACOLLO,nutricion y desarrollo infantil,controles nuevos en ninos de 2 anos a < de 5 a,2006-02-01,172,172,195,367
QUIME,nutricion y desarrollo infantil,controles nuevos en ninos de 2 anos a < de 5 a,2006-02-01,13,13,12,25
REYES,nutricion y desarrollo infantil,controles nuevos en ninos de 2 anos a < de 5 a,2006-02-01,1,1,1,2
RIBERALTA,nutricion y desarrollo infantil,controles nuevos en ninos de 2 anos a < de 5 a,2006-02-01,33,33,30,63
ROBORE,nutricion y desarrollo infantil,controles nuevos en ninos de 2 anos a < de 5 a,2006-02-01,10,10,12,22
RURRENABAQUE,nutricion y desarrollo infantil,controles nuevos en ninos de 2 anos a < de 5 a,2006-02-01,12,12,16,28
SABAYA,nutricion y desarrollo infantil,controles nuevos en ninos de 2 anos a < de 5 a,2006-02-01,9,9,9,18
SACABA,nutricion y desarrollo infantil,controles nuevos en ninos de 2 anos a < de 5 a,2006-02-01,221,221,186,407
SACABAMBA,nutricion y desarrollo infantil,controles nuevos en ninos de 2 anos a < de 5 a,2006-02-01,15,15,24,39
SACACA,nutricion y desarrollo infantil,controles nuevos en ninos de 2 anos a < de 5 a,2006-02-01,22,22,9,31
SAIPINA,nutricion y desarrollo infantil,controles nuevos en ninos de 2 anos a < de 5 a,2006-02-01,0,0,1,1
SALINAS DE GARCI MENDOZA,nutricion y desarrollo infantil,controles nuevos en ninos de 2 anos a < de 5 a,2006-02-01,2,2,5,7
SAN ANDRES,nutricion y desarrollo infantil,controles nuevos en ninos de 2 anos a < de 5 a,2006-02-01,13,13,20,33
SAN ANDRES DE MACHACA,nutricion y desarrollo infantil,controles nuevos en ninos de 2 anos a < de 5 a,2006-02-01,6,6,2,8
SAN ANTONIO DE ESMORUCO,nutricion y desarrollo infantil,controles nuevos en ninos de 2 anos a < de 5 a,2006-02-01,1,1,2,3
SAN BENITO,nutricion y desarrollo infantil,controles nuevos en ninos de 2 anos a < de 5 a,2006-02-01,8,8,12,20
SAN BORJA,nutricion y desarrollo infantil,controles nuevos en ninos de 2 anos a < de 5 a,2006-02-01,9,9,5,14
SAN BUENA VENTURA,nutricion y desarrollo infantil,controles nuevos en ninos de 2 anos a < de 5 a,2006-02-01,6,6,4,10
SAN CARLOS,nutricion y desarrollo infantil,controles nuevos en ninos de 2 anos a < de 5 a,2006-02-01,0,0,1,1
SAN IGNACIO,nutricion y desarrollo infantil,controles nuevos en ninos de 2 anos a < de 5 a,2006-02-01,71,71,74,145
SAN IGNACIO DE VELASCO,nutricion y desarrollo infantil,controles nuevos en ninos de 2 anos a < de 5 a,2006-02-01,67,67,43,110
SAN JAVIER(BNI),nutricion y desarrollo infantil,controles nuevos en ninos de 2 anos a < de 5 a,2006-02-01,9,9,2,11
SAN JAVIER(STC),nutricion y desarrollo infantil,controles nuevos en ninos de 2 anos a < de 5 a,2006-02-01,83,83,75,158
SAN JOAQUIN,nutricion y desarrollo infantil,controles nuevos en ninos de 2 anos a < de 5 a,2006-02-01,1,1,1,2
SAN JOSE DE CHIQUITOS,nutricion y desarrollo infantil,controles nuevos en ninos de 2 anos a < de 5 a,2006-02-01,11,11,19,30
SAN JULIAN,nutricion y desarrollo infantil,controles nuevos en ninos de 2 anos a < de 5 a,2006-02-01,144,144,158,302
SAN LORENZO(PND),nutricion y desarrollo infantil,controles nuevos en ninos de 2 anos a < de 5 a,2006-02-01,2,2,2,4
SAN LORENZO(TJA),nutricion y desarrollo infantil,controles nuevos en ninos de 2 anos a < de 5 a,2006-02-01,2,2,4,6
SAN LUCAS,nutricion y desarrollo infantil,controles nuevos en ninos de 2 anos a < de 5 a,2006-02-01,171,171,187,358
SAN MATIAS,nutricion y desarrollo infantil,controles nuevos en ninos de 2 anos a < de 5 a,2006-02-01,3,3,3,6
SAN MIGUEL DE VELASCO,nutricion y desarrollo infantil,controles nuevos en ninos de 2 anos a < de 5 a,2006-02-01,104,104,88,192
SAN PEDRO,nutricion y desarrollo infantil,controles nuevos en ninos de 2 anos a < de 5 a,2006-02-01,8,8,11,19
SAN PEDRO DE BUENA VISTA,nutricion y desarrollo infantil,controles nuevos en ninos de 2 anos a < de 5 a,2006-02-01,19,19,27,46
SAN PEDRO DE CURAHUARA,nutricion y desarrollo infantil,controles nuevos en ninos de 2 anos a < de 5 a,2006-02-01,0,0,3,3
SAN PEDRO DE TIQUINA,nutricion y desarrollo infantil,controles nuevos en ninos de 2 anos a < de 5 a,2006-02-01,3,3,0,3
SAN PEDRO(PND),nutricion y desarrollo infantil,controles nuevos en ninos de 2 anos a < de 5 a,2006-02-01,11,11,14,25
SAN RAFAEL,nutricion y desarrollo infantil,controles nuevos en ninos de 2 anos a < de 5 a,2006-02-01,3,3,1,4
SAN RAMON,nutricion y desarrollo infantil,controles nuevos en ninos de 2 anos a < de 5 a,2006-02-01,21,21,15,36
SANTA ANA,nutricion y desarrollo infantil,controles nuevos en ninos de 2 anos a < de 5 a,2006-02-01,1,1,1,2
SANTA CRUZ DE LA SIERRA,nutricion y desarrollo infantil,controles nuevos en ninos de 2 anos a < de 5 a,2006-02-01,1255,1255,1117,2372
SANTA ROSA DEL SARA,nutricion y desarrollo infantil,controles nuevos en ninos de 2 anos a < de 5 a,2006-02-01,6,6,9,15
SANTIAGO DE CALLAPA,nutricion y desarrollo infantil,controles nuevos en ninos de 2 anos a < de 5 a,2006-02-01,0,0,1,1
SANTIAGO DE HUARI,nutricion y desarrollo infantil,controles nuevos en ninos de 2 anos a < de 5 a,2006-02-01,2,2,2,4
SANTIVAÑES,nutricion y desarrollo infantil,controles nuevos en ninos de 2 anos a < de 5 a,2006-02-01,1,1,1,2
SANTUARIO DE QUILLACAS,nutricion y desarrollo infantil,controles nuevos en ninos de 2 anos a < de 5 a,2006-02-01,1,1,0,1
SAPAHAQUI,nutricion y desarrollo infantil,controles nuevos en ninos de 2 anos a < de 5 a,2006-02-01,8,8,8,16
SICA SICA (VILLA AROMA),nutricion y desarrollo infantil,controles nuevos en ninos de 2 anos a < de 5 a,2006-02-01,3,3,5,8
SICAYA,nutricion y desarrollo infantil,controles nuevos en ninos de 2 anos a < de 5 a,2006-02-01,1,1,0,1
SIPE SIPE,nutricion y desarrollo infantil,controles nuevos en ninos de 2 anos a < de 5 a,2006-02-01,77,77,63,140
SOPACHUY,nutricion y desarrollo infantil,controles nuevos en ninos de 2 anos a < de 5 a,2006-02-01,19,19,17,36
SORACACHI,nutricion y desarrollo infantil,controles nuevos en ninos de 2 anos a < de 5 a,2006-02-01,7,7,4,11
SORATA,nutricion y desarrollo infantil,controles nuevos en ninos de 2 anos a < de 5 a,2006-02-01,17,17,14,31
SUCRE,nutricion y desarrollo infantil,controles nuevos en ninos de 2 anos a < de 5 a,2006-02-01,856,856,852,1708
TACACOMA,nutricion y desarrollo infantil,controles nuevos en ninos de 2 anos a < de 5 a,2006-02-01,2,2,2,4
TACOBAMBA,nutricion y desarrollo infantil,controles nuevos en ninos de 2 anos a < de 5 a,2006-02-01,0,0,1,1
TACOPAYA,nutricion y desarrollo infantil,controles nuevos en ninos de 2 anos a < de 5 a,2006-02-01,2,2,1,3
TAPACARI,nutricion y desarrollo infantil,controles nuevos en ninos de 2 anos a < de 5 a,2006-02-01,39,39,31,70
TARABUCO,nutricion y desarrollo infantil,controles nuevos en ninos de 2 anos a < de 5 a,2006-02-01,86,86,85,171
TARACO,nutricion y desarrollo infantil,controles nuevos en ninos de 2 anos a < de 5 a,2006-02-01,7,7,4,11
TARATA,nutricion y desarrollo infantil,controles nuevos en ninos de 2 anos a < de 5 a,2006-02-01,5,5,10,15
TARIJA,nutricion y desarrollo infantil,controles nuevos en ninos de 2 anos a < de 5 a,2006-02-01,210,210,213,423
TARVITA,nutricion y desarrollo infantil,controles nuevos en ninos de 2 anos a < de 5 a,2006-02-01,136,136,136,272
TEOPONTE,nutricion y desarrollo infantil,controles nuevos en ninos de 2 anos a < de 5 a,2006-02-01,1,1,0,1
TINGUIPAYA,nutricion y desarrollo infantil,controles nuevos en ninos de 2 anos a < de 5 a,2006-02-01,19,19,17,36
TIPUANI,nutricion y desarrollo infantil,controles nuevos en ninos de 2 anos a < de 5 a,2006-02-01,2,2,5,7
TIQUIPAYA,nutricion y desarrollo infantil,controles nuevos en ninos de 2 anos a < de 5 a,2006-02-01,108,108,89,197
TIRAQUE (CBBA),nutricion y desarrollo infantil,controles nuevos en ninos de 2 anos a < de 5 a,2006-02-01,119,119,124,243
TOCO,nutricion y desarrollo infantil,controles nuevos en ninos de 2 anos a < de 5 a,2006-02-01,3,3,4,7
TODOS SANTOS,nutricion y desarrollo infantil,controles nuevos en ninos de 2 anos a < de 5 a,2006-02-01,0,0,2,2
TOLATA,nutricion y desarrollo infantil,controles nuevos en ninos de 2 anos a < de 5 a,2006-02-01,18,18,15,33
TOLEDO,nutricion y desarrollo infantil,controles nuevos en ninos de 2 anos a < de 5 a,2006-02-01,1,1,3,4
TOMAVE,nutricion y desarrollo infantil,controles nuevos en ninos de 2 anos a < de 5 a,2006-02-01,10,10,12,22
TOMINA,nutricion y desarrollo infantil,controles nuevos en ninos de 2 anos a < de 5 a,2006-02-01,12,12,7,19
TORO TORO,nutricion y desarrollo infantil,controles nuevos en ninos de 2 anos a < de 5 a,2006-02-01,3,3,2,5
TOTORA(CBBA),nutricion y desarrollo infantil,controles nuevos en ninos de 2 anos a < de 5 a,2006-02-01,11,11,23,34
TOTORA(ORR),nutricion y desarrollo infantil,controles nuevos en ninos de 2 anos a < de 5 a,2006-02-01,6,6,3,9
TRIGAL,nutricion y desarrollo infantil,controles nuevos en ninos de 2 anos a < de 5 a,2006-02-01,1,1,1,2
TRINIDAD,nutricion y desarrollo infantil,controles nuevos en ninos de 2 anos a < de 5 a,2006-02-01,243,243,179,422
TUPIZA,nutricion y desarrollo infantil,controles nuevos en ninos de 2 anos a < de 5 a,2006-02-01,15,15,9,24
TURCO,nutricion y desarrollo infantil,controles nuevos en ninos de 2 anos a < de 5 a,2006-02-01,10,10,5,15
UMALA,nutricion y desarrollo infantil,controles nuevos en ninos de 2 anos a < de 5 a,2006-02-01,1,1,3,4
UNCIA,nutricion y desarrollo infantil,controles nuevos en ninos de 2 anos a < de 5 a,2006-02-01,41,41,49,90
URIONDO (A. CONCEPCION),nutricion y desarrollo infantil,controles nuevos en ninos de 2 anos a < de 5 a,2006-02-01,4,4,10,14
URUBICHA,nutricion y desarrollo infantil,controles nuevos en ninos de 2 anos a < de 5 a,2006-02-01,2,2,2,4
UYUNI,nutricion y desarrollo infantil,controles nuevos en ninos de 2 anos a < de 5 a,2006-02-01,7,7,7,14
VACAS,nutricion y desarrollo infantil,controles nuevos en ninos de 2 anos a < de 5 a,2006-02-01,23,23,27,50
VALLEGRANDE,nutricion y desarrollo infantil,controles nuevos en ninos de 2 anos a < de 5 a,2006-02-01,4,4,3,7
VIACHA,nutricion y desarrollo infantil,controles nuevos en ninos de 2 anos a < de 5 a,2006-02-01,29,29,17,46
VILA VILA,nutricion y desarrollo infantil,controles nuevos en ninos de 2 anos a < de 5 a,2006-02-01,11,11,18,29
VILLA MONTES,nutricion y desarrollo infantil,controles nuevos en ninos de 2 anos a < de 5 a,2006-02-01,7,7,8,15
VILLA RIVERO,nutricion y desarrollo infantil,controles nuevos en ninos de 2 anos a < de 5 a,2006-02-01,4,4,7,11
VILLA SERRANO,nutricion y desarrollo infantil,controles nuevos en ninos de 2 anos a < de 5 a,2006-02-01,16,16,11,27
VILLA TUNARI,nutricion y desarrollo infantil,controles nuevos en ninos de 2 anos a < de 5 a,2006-02-01,236,236,169,405
VILLA VACA GUZMAN (MUYUPAMPA),nutricion y desarrollo infantil,controles nuevos en ninos de 2 anos a < de 5 a,2006-02-01,97,97,112,209
VILLAZON,nutricion y desarrollo infantil,controles nuevos en ninos de 2 anos a < de 5 a,2006-02-01,3,3,4,7
VINTO,nutricion y desarrollo infantil,controles nuevos en ninos de 2 anos a < de 5 a,2006-02-01,81,81,48,129
VITICHI,nutricion y desarrollo infantil,controles nuevos en ninos de 2 anos a < de 5 a,2006-02-01,34,34,70,104
WARNES,nutricion y desarrollo infantil,controles nuevos en ninos de 2 anos a < de 5 a,2006-02-01,176,176,139,315
YACO,nutricion y desarrollo infantil,controles nuevos en ninos de 2 anos a < de 5 a,2006-02-01,11,11,11,22
YACUIBA,nutricion y desarrollo infantil,controles nuevos en ninos de 2 anos a < de 5 a,2006-02-01,59,59,61,120
YAMPARAEZ,nutricion y desarrollo infantil,controles nuevos en ninos de 2 anos a < de 5 a,2006-02-01,49,49,50,99
YAPACANI,nutricion y desarrollo infantil,controles nuevos en ninos de 2 anos a < de 5 a,2006-02-01,3,3,1,4
YOCALLA,nutricion y desarrollo infantil,controles nuevos en ninos de 2 anos a < de 5 a,2006-02-01,8,8,6,14
YOTALA,nutricion y desarrollo infantil,controles nuevos en ninos de 2 anos a < de 5 a,2006-02-01,93,93,57,150
ZUDAÑEZ,nutricion y desarrollo infantil,controles nuevos en ninos de 2 anos a < de 5 a,2006-02-01,41,41,33,74
ACHACACHI,nutricion y desarrollo infantil,controles nuevos en ninos de 2 anos a < de 5 a,2006-03-01,51,51,52,103
AIQUILE,nutricion y desarrollo infantil,controles nuevos en ninos de 2 anos a < de 5 a,2006-03-01,44,44,50,94
ALALAY,nutricion y desarrollo infantil,controles nuevos en ninos de 2 anos a < de 5 a,2006-03-01,3,3,3,6
ANCORAIMES,nutricion y desarrollo infantil,controles nuevos en ninos de 2 anos a < de 5 a,2006-03-01,1,1,2,3
ANDAMARCA,nutricion y desarrollo infantil,controles nuevos en ninos de 2 anos a < de 5 a,2006-03-01,4,4,1,5
ANZALDO,nutricion y desarrollo infantil,controles nuevos en ninos de 2 anos a < de 5 a,2006-03-01,19,19,25,44
APOLO,nutricion y desarrollo infantil,controles nuevos en ninos de 2 anos a < de 5 a,2006-03-01,55,55,50,105
ARAMPAMPA,nutricion y desarrollo infantil,controles nuevos en ninos de 2 anos a < de 5 a,2006-03-01,0,0,2,2
ARANI,nutricion y desarrollo infantil,controles nuevos en ninos de 2 anos a < de 5 a,2006-03-01,101,101,92,193
ARBIETO,nutricion y desarrollo infantil,controles nuevos en ninos de 2 anos a < de 5 a,2006-03-01,9,9,5,14
AUCAPATA,nutricion y desarrollo infantil,controles nuevos en ninos de 2 anos a < de 5 a,2006-03-01,7,7,8,15
AYATA,nutricion y desarrollo infantil,controles nuevos en ninos de 2 anos a < de 5 a,2006-03-01,8,8,12,20
AYO AYO,nutricion y desarrollo infantil,controles nuevos en ninos de 2 anos a < de 5 a,2006-03-01,3,3,2,5
AYOPAYA (V. DE INDEPENDENCIA),nutricion y desarrollo infantil,controles nuevos en ninos de 2 anos a < de 5 a,2006-03-01,21,21,30,51
AZURDUY,nutricion y desarrollo infantil,controles nuevos en ninos de 2 anos a < de 5 a,2006-03-01,60,60,61,121
BATALLAS,nutricion y desarrollo infantil,controles nuevos en ninos de 2 anos a < de 5 a,2006-03-01,3,3,2,5
BAURES,nutricion y desarrollo infantil,controles nuevos en ninos de 2 anos a < de 5 a,2006-03-01,1,1,3,4
BELEN DE ANDAMARCA,nutricion y desarrollo infantil,controles nuevos en ninos de 2 anos a < de 5 a,2006-03-01,0,0,2,2
BERMEJO,nutricion y desarrollo infantil,controles nuevos en ninos de 2 anos a < de 5 a,2006-03-01,25,25,18,43
BETANZOS,nutricion y desarrollo infantil,controles nuevos en ninos de 2 anos a < de 5 a,2006-03-01,35,35,33,68
BOLIVAR,nutricion y desarrollo infantil,controles nuevos en ninos de 2 anos a < de 5 a,2006-03-01,4,4,5,9
BOLPEBRA,nutricion y desarrollo infantil,controles nuevos en ninos de 2 anos a < de 5 a,2006-03-01,0,0,1,1
BOYUIBE,nutricion y desarrollo infantil,controles nuevos en ninos de 2 anos a < de 5 a,2006-03-01,5,5,6,11
BUENA VISTA,nutricion y desarrollo infantil,controles nuevos en ninos de 2 anos a < de 5 a,2006-03-01,105,105,83,188
CABEZAS,nutricion y desarrollo infantil,controles nuevos en ninos de 2 anos a < de 5 a,2006-03-01,3,3,3,6
CAIROMA,nutricion y desarrollo infantil,controles nuevos en ninos de 2 anos a < de 5 a,2006-03-01,28,28,36,64
"CAIZA ""D""",nutricion y desarrollo infantil,controles nuevos en ninos de 2 anos a < de 5 a,2006-03-01,3,3,4,7
CAJUATA,nutricion y desarrollo infantil,controles nuevos en ninos de 2 anos a < de 5 a,2006-03-01,7,7,15,22
CALACOTO,nutricion y desarrollo infantil,controles nuevos en ninos de 2 anos a < de 5 a,2006-03-01,0,0,3,3
CALAMARCA,nutricion y desarrollo infantil,controles nuevos en ninos de 2 anos a < de 5 a,2006-03-01,15,15,10,25
CAMARGO,nutricion y desarrollo infantil,controles nuevos en ninos de 2 anos a < de 5 a,2006-03-01,16,16,18,34
CAMATAQUI (C. VILLA ABECIA),nutricion y desarrollo infantil,controles nuevos en ninos de 2 anos a < de 5 a,2006-03-01,4,4,3,7
CAMIRI,nutricion y desarrollo infantil,controles nuevos en ninos de 2 anos a < de 5 a,2006-03-01,52,52,63,115
CAPINOTA,nutricion y desarrollo infantil,controles nuevos en ninos de 2 anos a < de 5 a,2006-03-01,27,27,4,31
CARACOLLO,nutricion y desarrollo infantil,controles nuevos en ninos de 2 anos a < de 5 a,2006-03-01,10,10,3,13
CARANAVI,nutricion y desarrollo infantil,controles nuevos en ninos de 2 anos a < de 5 a,2006-03-01,31,31,25,56
CARANGAS,nutricion y desarrollo infantil,controles nuevos en ninos de 2 anos a < de 5 a,2006-03-01,0,0,3,3
CARAPARI,nutricion y desarrollo infantil,controles nuevos en ninos de 2 anos a < de 5 a,2006-03-01,47,47,33,80
CARIPUYO,nutricion y desarrollo infantil,controles nuevos en ninos de 2 anos a < de 5 a,2006-03-01,3,3,0,3
CARMEN RIVERO TORREZ,nutricion y desarrollo infantil,controles nuevos en ninos de 2 anos a < de 5 a,2006-03-01,2,2,2,4
CATACORA,nutricion y desarrollo infantil,controles nuevos en ninos de 2 anos a < de 5 a,2006-03-01,11,11,5,16
CHALLAPATA,nutricion y desarrollo infantil,controles nuevos en ninos de 2 anos a < de 5 a,2006-03-01,16,16,8,24
CHARAGUA,nutricion y desarrollo infantil,controles nuevos en ninos de 2 anos a < de 5 a,2006-03-01,4,4,5,9
CHIMORE,nutricion y desarrollo infantil,controles nuevos en ninos de 2 anos a < de 5 a,2006-03-01,24,24,36,60
CHOQUE COTA,nutricion y desarrollo infantil,controles nuevos en ninos de 2 anos a < de 5 a,2006-03-01,4,4,4,8
CHULUMANI (V. DE LA LIBERTAD),nutricion y desarrollo infantil,controles nuevos en ninos de 2 anos a < de 5 a,2006-03-01,5,5,4,9
CHUMA,nutricion y desarrollo infantil,controles nuevos en ninos de 2 anos a < de 5 a,2006-03-01,13,13,7,20
CLIZA,nutricion y desarrollo infantil,controles nuevos en ninos de 2 anos a < de 5 a,2006-03-01,55,55,49,104
COBIJA,nutricion y desarrollo infantil,controles nuevos en ninos de 2 anos a < de 5 a,2006-03-01,61,61,62,123
COCHABAMBA,nutricion y desarrollo infantil,controles nuevos en ninos de 2 anos a < de 5 a,2006-03-01,1244,1244,1014,2258
COLCAPIRHUA,nutricion y desarrollo infantil,controles nuevos en ninos de 2 anos a < de 5 a,2006-03-01,144,144,156,300
COLLANA,nutricion y desarrollo infantil,controles nuevos en ninos de 2 anos a < de 5 a,2006-03-01,1,1,0,1
COLOMI,nutricion y desarrollo infantil,controles nuevos en ninos de 2 anos a < de 5 a,2006-03-01,94,94,103,197
COLPA BELGICA,nutricion y desarrollo infantil,controles nuevos en ninos de 2 anos a < de 5 a,2006-03-01,6,6,4,10
COLQUIRI,nutricion y desarrollo infantil,controles nuevos en ninos de 2 anos a < de 5 a,2006-03-01,5,5,2,7
COMANCHE,nutricion y desarrollo infantil,controles nuevos en ninos de 2 anos a < de 5 a,2006-03-01,0,0,3,3
COMARAPA,nutricion y desarrollo infantil,controles nuevos en ninos de 2 anos a < de 5 a,2006-03-01,0,0,1,1
CONCEPCION,nutricion y desarrollo infantil,controles nuevos en ninos de 2 anos a < de 5 a,2006-03-01,3,3,1,4
COPACABANA,nutricion y desarrollo infantil,controles nuevos en ninos de 2 anos a < de 5 a,2006-03-01,7,7,2,9
CORIPATA,nutricion y desarrollo infantil,controles nuevos en ninos de 2 anos a < de 5 a,2006-03-01,10,10,7,17
CORO CORO,nutricion y desarrollo infantil,controles nuevos en ninos de 2 anos a < de 5 a,2006-03-01,0,0,1,1
COROICO,nutricion y desarrollo infantil,controles nuevos en ninos de 2 anos a < de 5 a,2006-03-01,44,44,25,69
CORQUE,nutricion y desarrollo infantil,controles nuevos en ninos de 2 anos a < de 5 a,2006-03-01,3,3,1,4
COTAGAITA,nutricion y desarrollo infantil,controles nuevos en ninos de 2 anos a < de 5 a,2006-03-01,24,24,6,30
CUATRO CAÑADAS,nutricion y desarrollo infantil,controles nuevos en ninos de 2 anos a < de 5 a,2006-03-01,48,48,57,105
CULPINA,nutricion y desarrollo infantil,controles nuevos en ninos de 2 anos a < de 5 a,2006-03-01,52,52,53,105
CURAHUARA DE CARANGAS,nutricion y desarrollo infantil,controles nuevos en ninos de 2 anos a < de 5 a,2006-03-01,2,2,1,3
DESAGUADERO,nutricion y desarrollo infantil,controles nuevos en ninos de 2 anos a < de 5 a,2006-03-01,2,2,1,3
EL ALTO,nutricion y desarrollo infantil,controles nuevos en ninos de 2 anos a < de 5 a,2006-03-01,1653,1653,1896,3549
EL CHORO,nutricion y desarrollo infantil,controles nuevos en ninos de 2 anos a < de 5 a,2006-03-01,1,1,2,3
EL PUENTE(STC),nutricion y desarrollo infantil,controles nuevos en ninos de 2 anos a < de 5 a,2006-03-01,101,101,141,242
EL PUENTE(TJA),nutricion y desarrollo infantil,controles nuevos en ninos de 2 anos a < de 5 a,2006-03-01,13,13,18,31
EL VILLAR,nutricion y desarrollo infantil,controles nuevos en ninos de 2 anos a < de 5 a,2006-03-01,0,0,1,1
ENTRE RIOS,nutricion y desarrollo infantil,controles nuevos en ninos de 2 anos a < de 5 a,2006-03-01,2,2,0,2
ENTRE RIOS,nutricion y desarrollo infantil,controles nuevos en ninos de 2 anos a < de 5 a,2006-03-01,114,114,132,246
EUREKA (SANTOS MERCADO),nutricion y desarrollo infantil,controles nuevos en ninos de 2 anos a < de 5 a,2006-03-01,2,2,8,10
FERNANDEZ ALONSO,nutricion y desarrollo infantil,controles nuevos en ninos de 2 anos a < de 5 a,2006-03-01,11,11,9,20
FILADELFIA,nutricion y desarrollo infantil,controles nuevos en ninos de 2 anos a < de 5 a,2006-03-01,7,7,6,13
GENERAL SAAVEDRA,nutricion y desarrollo infantil,controles nuevos en ninos de 2 anos a < de 5 a,2006-03-01,34,34,42,76
GRAL. J.J. PEREZ (CHARAZANI),nutricion y desarrollo infantil,controles nuevos en ninos de 2 anos a < de 5 a,2006-03-01,15,15,11,26
GUANAY,nutricion y desarrollo infantil,controles nuevos en ninos de 2 anos a < de 5 a,2006-03-01,0,0,3,3
GUAQUI,nutricion y desarrollo infantil,controles nuevos en ninos de 2 anos a < de 5 a,2006-03-01,2,2,1,3
GUAYARAMERIN,nutricion y desarrollo infantil,controles nuevos en ninos de 2 anos a < de 5 a,2006-03-01,9,9,9,18
GUTIERREZ,nutricion y desarrollo infantil,controles nuevos en ninos de 2 anos a < de 5 a,2006-03-01,15,15,13,28
HUACARETA,nutricion y desarrollo infantil,controles nuevos en ninos de 2 anos a < de 5 a,2006-03-01,16,16,28,44
HUACAYA (VILLA DE HUACAYA),nutricion y desarrollo infantil,controles nuevos en ninos de 2 anos a < de 5 a,2006-03-01,28,28,19,47
HUANUNI,nutricion y desarrollo infantil,controles nuevos en ninos de 2 anos a < de 5 a,2006-03-01,3,3,1,4
HUARACAJE,nutricion y desarrollo infantil,controles nuevos en ninos de 2 anos a < de 5 a,2006-03-01,0,0,2,2
HUAYLLAMARCA,nutricion y desarrollo infantil,controles nuevos en ninos de 2 anos a < de 5 a,2006-03-01,11,11,8,19
ICHOCA,nutricion y desarrollo infantil,controles nuevos en ninos de 2 anos a < de 5 a,2006-03-01,20,20,24,44
ICLA,nutricion y desarrollo infantil,controles nuevos en ninos de 2 anos a < de 5 a,2006-03-01,16,16,16,32
INCAHUASI,nutricion y desarrollo infantil,controles nuevos en ninos de 2 anos a < de 5 a,2006-03-01,76,76,76,152
INQUISIVI,nutricion y desarrollo infantil,controles nuevos en ninos de 2 anos a < de 5 a,2006-03-01,25,25,37,62
IRUPANA (VILLA DE LANZA),nutricion y desarrollo infantil,controles nuevos en ninos de 2 anos a < de 5 a,2006-03-01,10,10,5,15
IXIAMAS,nutricion y desarrollo infantil,controles nuevos en ninos de 2 anos a < de 5 a,2006-03-01,2,2,4,6
JESUS DE MACHACA,nutricion y desarrollo infantil,controles nuevos en ninos de 2 anos a < de 5 a,2006-03-01,1,1,0,1
LA ASUNTA,nutricion y desarrollo infantil,controles nuevos en ninos de 2 anos a < de 5 a,2006-03-01,22,22,20,42
LA GUARDIA,nutricion y desarrollo infantil,controles nuevos en ninos de 2 anos a < de 5 a,2006-03-01,207,207,207,414
LA PAZ,nutricion y desarrollo infantil,controles nuevos en ninos de 2 anos a < de 5 a,2006-03-01,1086,1086,1021,2107
LAGUNILLAS,nutricion y desarrollo infantil,controles nuevos en ninos de 2 anos a < de 5 a,2006-03-01,0,0,5,5
LAJA,nutricion y desarrollo infantil,controles nuevos en ninos de 2 anos a < de 5 a,2006-03-01,3,3,1,4
LAS CARRERAS,nutricion y desarrollo infantil,controles nuevos en ninos de 2 anos a < de 5 a,2006-03-01,2,2,2,4
LICOMA PAMPA,nutricion y desarrollo infantil,controles nuevos en ninos de 2 anos a < de 5 a,2006-03-01,1,1,5,6
LLALLAGUA,nutricion y desarrollo infantil,controles nuevos en ninos de 2 anos a < de 5 a,2006-03-01,8,8,8,16
LORETO,nutricion y desarrollo infantil,controles nuevos en ninos de 2 anos a < de 5 a,2006-03-01,22,22,20,42
LURIBAY,nutricion y desarrollo infantil,controles nuevos en ninos de 2 anos a < de 5 a,2006-03-01,2,2,8,10
MACHACAMARCA,nutricion y desarrollo infantil,controles nuevos en ninos de 2 anos a < de 5 a,2006-03-01,2,2,0,2
MACHARETI,nutricion y desarrollo infantil,controles nuevos en ninos de 2 anos a < de 5 a,2006-03-01,14,14,13,27
MALLA,nutricion y desarrollo infantil,controles nuevos en ninos de 2 anos a < de 5 a,2006-03-01,4,4,1,5
MAPIRI,nutricion y desarrollo infantil,controles nuevos en ninos de 2 anos a < de 5 a,2006-03-01,1,1,4,5
MECAPACA,nutricion y desarrollo infantil,controles nuevos en ninos de 2 anos a < de 5 a,2006-03-01,12,12,10,22
MINEROS,nutricion y desarrollo infantil,controles nuevos en ninos de 2 anos a < de 5 a,2006-03-01,22,22,16,38
MIZQUE,nutricion y desarrollo infantil,controles nuevos en ninos de 2 anos a < de 5 a,2006-03-01,60,60,33,93
MOCOMOCO,nutricion y desarrollo infantil,controles nuevos en ninos de 2 anos a < de 5 a,2006-03-01,0,0,3,3
MOJINETE,nutricion y desarrollo infantil,controles nuevos en ninos de 2 anos a < de 5 a,2006-03-01,0,0,2,2
MOJOCOYA,nutricion y desarrollo infantil,controles nuevos en ninos de 2 anos a < de 5 a,2006-03-01,6,6,5,11
MONTEAGUDO,nutricion y desarrollo infantil,controles nuevos en ninos de 2 anos a < de 5 a,2006-03-01,159,159,125,284
MONTERO,nutricion y desarrollo infantil,controles nuevos en ninos de 2 anos a < de 5 a,2006-03-01,84,84,86,170
MORO MORO,nutricion y desarrollo infantil,controles nuevos en ninos de 2 anos a < de 5 a,2006-03-01,0,0,3,3
MOROCHATA,nutricion y desarrollo infantil,controles nuevos en ninos de 2 anos a < de 5 a,2006-03-01,107,107,111,218
NACEBE (SANTA ROSA DEL ABUNA),nutricion y desarrollo infantil,controles nuevos en ninos de 2 anos a < de 5 a,2006-03-01,2,2,0,2
OCURI,nutricion y desarrollo infantil,controles nuevos en ninos de 2 anos a < de 5 a,2006-03-01,16,16,94,110
OKINAWA,nutricion y desarrollo infantil,controles nuevos en ninos de 2 anos a < de 5 a,2006-03-01,22,22,26,48
ORURO,nutricion y desarrollo infantil,controles nuevos en ninos de 2 anos a < de 5 a,2006-03-01,188,188,182,370
PADCAYA,nutricion y desarrollo infantil,controles nuevos en ninos de 2 anos a < de 5 a,2006-03-01,8,8,8,16
PADILLA,nutricion y desarrollo infantil,controles nuevos en ninos de 2 anos a < de 5 a,2006-03-01,11,11,24,35
PAILON,nutricion y desarrollo infantil,controles nuevos en ninos de 2 anos a < de 5 a,2006-03-01,2,2,0,2
PALCA,nutricion y desarrollo infantil,controles nuevos en ninos de 2 anos a < de 5 a,2006-03-01,4,4,6,10
PALOS BLANCOS,nutricion y desarrollo infantil,controles nuevos en ninos de 2 anos a < de 5 a,2006-03-01,10,10,13,23
PAPEL PAMPA,nutricion y desarrollo infantil,controles nuevos en ninos de 2 anos a < de 5 a,2006-03-01,1,1,7,8
PASORAPA,nutricion y desarrollo infantil,controles nuevos en ninos de 2 anos a < de 5 a,2006-03-01,3,3,5,8
PATACAMAYA,nutricion y desarrollo infantil,controles nuevos en ninos de 2 anos a < de 5 a,2006-03-01,12,12,5,17
PAZÑA,nutricion y desarrollo infantil,controles nuevos en ninos de 2 anos a < de 5 a,2006-03-01,4,4,0,4
PELECHUCO,nutricion y desarrollo infantil,controles nuevos en ninos de 2 anos a < de 5 a,2006-03-01,0,0,3,3
POCOATA,nutricion y desarrollo infantil,controles nuevos en ninos de 2 anos a < de 5 a,2006-03-01,4,4,1,5
POCONA,nutricion y desarrollo infantil,controles nuevos en ninos de 2 anos a < de 5 a,2006-03-01,27,27,29,56
POJO (CBBA),nutricion y desarrollo infantil,controles nuevos en ninos de 2 anos a < de 5 a,2006-03-01,21,21,19,40
POOPO,nutricion y desarrollo infantil,controles nuevos en ninos de 2 anos a < de 5 a,2006-03-01,4,4,3,7
POROMA,nutricion y desarrollo infantil,controles nuevos en ninos de 2 anos a < de 5 a,2006-03-01,101,101,86,187
PORTACHUELO,nutricion y desarrollo infantil,controles nuevos en ninos de 2 anos a < de 5 a,2006-03-01,54,54,42,96
PORVENIR,nutricion y desarrollo infantil,controles nuevos en ninos de 2 anos a < de 5 a,2006-03-01,1,1,0,1
POSTRER VALLE,nutricion y desarrollo infantil,controles nuevos en ninos de 2 anos a < de 5 a,2006-03-01,1,1,0,1
POTOSI,nutricion y desarrollo infantil,controles nuevos en ninos de 2 anos a < de 5 a,2006-03-01,95,95,107,202
PRESTO,nutricion y desarrollo infantil,controles nuevos en ninos de 2 anos a < de 5 a,2006-03-01,3,3,0,3
PUCARA,nutricion y desarrollo infantil,controles nuevos en ninos de 2 anos a < de 5 a,2006-03-01,1,1,0,1
PUCARANI,nutricion y desarrollo infantil,controles nuevos en ninos de 2 anos a < de 5 a,2006-03-01,8,8,16,24
PUERTO ACOSTA,nutricion y desarrollo infantil,controles nuevos en ninos de 2 anos a < de 5 a,2006-03-01,13,13,13,26
PUERTO CARABUCO,nutricion y desarrollo infantil,controles nuevos en ninos de 2 anos a < de 5 a,2006-03-01,6,6,25,31
PUERTO GONZALO MORENO,nutricion y desarrollo infantil,controles nuevos en ninos de 2 anos a < de 5 a,2006-03-01,4,4,5,9
PUERTO PEREZ,nutricion y desarrollo infantil,controles nuevos en ninos de 2 anos a < de 5 a,2006-03-01,1,1,0,1
PUERTO QUIJARRO,nutricion y desarrollo infantil,controles nuevos en ninos de 2 anos a < de 5 a,2006-03-01,8,8,9,17
PUERTO RICO,nutricion y desarrollo infantil,controles nuevos en ninos de 2 anos a < de 5 a,2006-03-01,6,6,10,16
PUERTO SUAREZ,nutricion y desarrollo infantil,controles nuevos en ninos de 2 anos a < de 5 a,2006-03-01,9,9,7,16
PUERTO VILLARROEL,nutricion y desarrollo infantil,controles nuevos en ninos de 2 anos a < de 5 a,2006-03-01,92,92,81,173
PUNA,nutricion y desarrollo infantil,controles nuevos en ninos de 2 anos a < de 5 a,2006-03-01,51,51,55,106
PUNATA,nutricion y desarrollo infantil,controles nuevos en ninos de 2 anos a < de 5 a,2006-03-01,53,53,42,95
QUIABAYA,nutricion y desarrollo infantil,controles nuevos en ninos de 2 anos a < de 5 a,2006-03-01,3,3,3,6
QUILLACOLLO,nutricion y desarrollo infantil,controles nuevos en ninos de 2 anos a < de 5 a,2006-03-01,282,282,258,540
QUIME,nutricion y desarrollo infantil,controles nuevos en ninos de 2 anos a < de 5 a,2006-03-01,12,12,10,22
REYES,nutricion y desarrollo infantil,controles nuevos en ninos de 2 anos a < de 5 a,2006-03-01,2,2,0,2
RIBERALTA,nutricion y desarrollo infantil,controles nuevos en ninos de 2 anos a < de 5 a,2006-03-01,50,50,59,109
ROBORE,nutricion y desarrollo infantil,controles nuevos en ninos de 2 anos a < de 5 a,2006-03-01,36,36,31,67
RURRENABAQUE,nutricion y desarrollo infantil,controles nuevos en ninos de 2 anos a < de 5 a,2006-03-01,10,10,8,18
SABAYA,nutricion y desarrollo infantil,controles nuevos en ninos de 2 anos a < de 5 a,2006-03-01,5,5,7,12
SACABA,nutricion y desarrollo infantil,controles nuevos en ninos de 2 anos a < de 5 a,2006-03-01,290,290,232,522
SACABAMBA,nutricion y desarrollo infantil,controles nuevos en ninos de 2 anos a < de 5 a,2006-03-01,17,17,11,28
SACACA,nutricion y desarrollo infantil,controles nuevos en ninos de 2 anos a < de 5 a,2006-03-01,15,15,8,23
SAIPINA,nutricion y desarrollo infantil,controles nuevos en ninos de 2 anos a < de 5 a,2006-03-01,3,3,3,6
SALINAS DE GARCI MENDOZA,nutricion y desarrollo infantil,controles nuevos en ninos de 2 anos a < de 5 a,2006-03-01,1,1,3,4
SAN ANDRES,nutricion y desarrollo infantil,controles nuevos en ninos de 2 anos a < de 5 a,2006-03-01,38,38,44,82
SAN ANDRES DE MACHACA,nutricion y desarrollo infantil,controles nuevos en ninos de 2 anos a < de 5 a,2006-03-01,17,17,18,35
SAN ANTONIO DE ESMORUCO,nutricion y desarrollo infantil,controles nuevos en ninos de 2 anos a < de 5 a,2006-03-01,1,1,2,3
SAN BENITO,nutricion y desarrollo infantil,controles nuevos en ninos de 2 anos a < de 5 a,2006-03-01,18,18,17,35
SAN BORJA,nutricion y desarrollo infantil,controles nuevos en ninos de 2 anos a < de 5 a,2006-03-01,16,16,7,23
SAN BUENA VENTURA,nutricion y desarrollo infantil,controles nuevos en ninos de 2 anos a < de 5 a,2006-03-01,4,4,8,12
SAN CARLOS,nutricion y desarrollo infantil,controles nuevos en ninos de 2 anos a < de 5 a,2006-03-01,3,3,2,5
SAN IGNACIO,nutricion y desarrollo infantil,controles nuevos en ninos de 2 anos a < de 5 a,2006-03-01,52,52,46,98
SAN IGNACIO DE VELASCO,nutricion y desarrollo infantil,controles nuevos en ninos de 2 anos a < de 5 a,2006-03-01,53,53,44,97
SAN JAVIER(BNI),nutricion y desarrollo infantil,controles nuevos en ninos de 2 anos a < de 5 a,2006-03-01,7,7,4,11
SAN JAVIER(STC),nutricion y desarrollo infantil,controles nuevos en ninos de 2 anos a < de 5 a,2006-03-01,3,3,8,11
SAN JOAQUIN,nutricion y desarrollo infantil,controles nuevos en ninos de 2 anos a < de 5 a,2006-03-01,9,9,5,14
SAN JOSE DE CHIQUITOS,nutricion y desarrollo infantil,controles nuevos en ninos de 2 anos a < de 5 a,2006-03-01,15,15,11,26
SAN JULIAN,nutricion y desarrollo infantil,controles nuevos en ninos de 2 anos a < de 5 a,2006-03-01,260,260,261,521
SAN LORENZO(PND),nutricion y desarrollo infantil,controles nuevos en ninos de 2 anos a < de 5 a,2006-03-01,18,18,8,26
SAN LORENZO(TJA),nutricion y desarrollo infantil,controles nuevos en ninos de 2 anos a < de 5 a,2006-03-01,16,16,10,26
SAN LUCAS,nutricion y desarrollo infantil,controles nuevos en ninos de 2 anos a < de 5 a,2006-03-01,117,117,145,262
SAN MIGUEL DE VELASCO,nutricion y desarrollo infantil,controles nuevos en ninos de 2 anos a < de 5 a,2006-03-01,4,4,5,9
SAN PEDRO,nutricion y desarrollo infantil,controles nuevos en ninos de 2 anos a < de 5 a,2006-03-01,16,16,20,36
SAN PEDRO DE BUENA VISTA,nutricion y desarrollo infantil,controles nuevos en ninos de 2 anos a < de 5 a,2006-03-01,3,3,4,7
SAN PEDRO DE CURAHUARA,nutricion y desarrollo infantil,controles nuevos en ninos de 2 anos a < de 5 a,2006-03-01,0,0,3,3
SAN PEDRO DE TIQUINA,nutricion y desarrollo infantil,controles nuevos en ninos de 2 anos a < de 5 a,2006-03-01,3,3,2,5
SAN RAFAEL,nutricion y desarrollo infantil,controles nuevos en ninos de 2 anos a < de 5 a,2006-03-01,5,5,3,8
SAN RAMON,nutricion y desarrollo infantil,controles nuevos en ninos de 2 anos a < de 5 a,2006-03-01,8,8,9,17
SANTA ANA,nutricion y desarrollo infantil,controles nuevos en ninos de 2 anos a < de 5 a,2006-03-01,11,11,24,35
SANTA CRUZ DE LA SIERRA,nutricion y desarrollo infantil,controles nuevos en ninos de 2 anos a < de 5 a,2006-03-01,1447,1447,1375,2822
SANTA ROSA,nutricion y desarrollo infantil,controles nuevos en ninos de 2 anos a < de 5 a,2006-03-01,1,1,5,6
SANTA ROSA DEL SARA,nutricion y desarrollo infantil,controles nuevos en ninos de 2 anos a < de 5 a,2006-03-01,32,32,29,61
SANTIAGO DE CALLAPA,nutricion y desarrollo infantil,controles nuevos en ninos de 2 anos a < de 5 a,2006-03-01,0,0,2,2
SANTIAGO DE HUARI,nutricion y desarrollo infantil,controles nuevos en ninos de 2 anos a < de 5 a,2006-03-01,1,1,0,1
SANTIAGO DE MACHACA,nutricion y desarrollo infantil,controles nuevos en ninos de 2 anos a < de 5 a,2006-03-01,1,1,2,3
SANTIVAÑES,nutricion y desarrollo infantil,controles nuevos en ninos de 2 anos a < de 5 a,2006-03-01,5,5,12,17
SAPAHAQUI,nutricion y desarrollo infantil,controles nuevos en ninos de 2 anos a < de 5 a,2006-03-01,9,9,10,19
SENA,nutricion y desarrollo infantil,controles nuevos en ninos de 2 anos a < de 5 a,2006-03-01,0,0,2,2
SICA SICA (VILLA AROMA),nutricion y desarrollo infantil,controles nuevos en ninos de 2 anos a < de 5 a,2006-03-01,5,5,3,8
SICAYA,nutricion y desarrollo infantil,controles nuevos en ninos de 2 anos a < de 5 a,2006-03-01,2,2,1,3
SIPE SIPE,nutricion y desarrollo infantil,controles nuevos en ninos de 2 anos a < de 5 a,2006-03-01,119,119,99,218
SOPACHUY,nutricion y desarrollo infantil,controles nuevos en ninos de 2 anos a < de 5 a,2006-03-01,10,10,11,21
SORACACHI,nutricion y desarrollo infantil,controles nuevos en ninos de 2 anos a < de 5 a,2006-03-01,4,4,3,7
SORATA,nutricion y desarrollo infantil,controles nuevos en ninos de 2 anos a < de 5 a,2006-03-01,9,9,9,18
SUCRE,nutricion y desarrollo infantil,controles nuevos en ninos de 2 anos a < de 5 a,2006-03-01,841,841,774,1615
TACOBAMBA,nutricion y desarrollo infantil,controles nuevos en ninos de 2 anos a < de 5 a,2006-03-01,12,12,12,24
TACOPAYA,nutricion y desarrollo infantil,controles nuevos en ninos de 2 anos a < de 5 a,2006-03-01,2,2,3,5
TAPACARI,nutricion y desarrollo infantil,controles nuevos en ninos de 2 anos a < de 5 a,2006-03-01,48,48,53,101
TARABUCO,nutricion y desarrollo infantil,controles nuevos en ninos de 2 anos a < de 5 a,2006-03-01,37,37,33,70
TARACO,nutricion y desarrollo infantil,controles nuevos en ninos de 2 anos a < de 5 a,2006-03-01,3,3,7,10
TARATA,nutricion y desarrollo infantil,controles nuevos en ninos de 2 anos a < de 5 a,2006-03-01,10,10,1,11
TARIJA,nutricion y desarrollo infantil,controles nuevos en ninos de 2 anos a < de 5 a,2006-03-01,336,336,351,687
TARVITA,nutricion y desarrollo infantil,controles nuevos en ninos de 2 anos a < de 5 a,2006-03-01,110,110,101,211
TEOPONTE,nutricion y desarrollo infantil,controles nuevos en ninos de 2 anos a < de 5 a,2006-03-01,8,8,10,18
TIAWANACU,nutricion y desarrollo infantil,controles nuevos en ninos de 2 anos a < de 5 a,2006-03-01,1,1,0,1
TINGUIPAYA,nutricion y desarrollo infantil,controles nuevos en ninos de 2 anos a < de 5 a,2006-03-01,0,0,2,2
TIQUIPAYA,nutricion y desarrollo infantil,controles nuevos en ninos de 2 anos a < de 5 a,2006-03-01,28,28,28,56
TIRAQUE (CBBA),nutricion y desarrollo infantil,controles nuevos en ninos de 2 anos a < de 5 a,2006-03-01,196,196,229,425
TOCO,nutricion y desarrollo infantil,controles nuevos en ninos de 2 anos a < de 5 a,2006-03-01,4,4,6,10
TODOS SANTOS,nutricion y desarrollo infantil,controles nuevos en ninos de 2 anos a < de 5 a,2006-03-01,1,1,0,1
TOLATA,nutricion y desarrollo infantil,controles nuevos en ninos de 2 anos a < de 5 a,2006-03-01,18,18,19,37
TOLEDO,nutricion y desarrollo infantil,controles nuevos en ninos de 2 anos a < de 5 a,2006-03-01,4,4,7,11
TOMINA,nutricion y desarrollo infantil,controles nuevos en ninos de 2 anos a < de 5 a,2006-03-01,1,1,4,5
TORO TORO,nutricion y desarrollo infantil,controles nuevos en ninos de 2 anos a < de 5 a,2006-03-01,1,1,6,7
TOTORA(CBBA),nutricion y desarrollo infantil,controles nuevos en ninos de 2 anos a < de 5 a,2006-03-01,36,36,47,83
TOTORA(ORR),nutricion y desarrollo infantil,controles nuevos en ninos de 2 anos a < de 5 a,2006-03-01,10,10,12,22
TRIGAL,nutricion y desarrollo infantil,controles nuevos en ninos de 2 anos a < de 5 a,2006-03-01,2,2,0,2
TRINIDAD,nutricion y desarrollo infantil,controles nuevos en ninos de 2 anos a < de 5 a,2006-03-01,336,336,273,609
TUPIZA,nutricion y desarrollo infantil,controles nuevos en ninos de 2 anos a < de 5 a,2006-03-01,53,53,66,119
TURCO,nutricion y desarrollo infantil,controles nuevos en ninos de 2 anos a < de 5 a,2006-03-01,0,0,4,4
UMALA,nutricion y desarrollo infantil,controles nuevos en ninos de 2 anos a < de 5 a,2006-03-01,1,1,1,2
UNCIA,nutricion y desarrollo infantil,controles nuevos en ninos de 2 anos a < de 5 a,2006-03-01,0,0,1,1
URIONDO (A. CONCEPCION),nutricion y desarrollo infantil,controles nuevos en ninos de 2 anos a < de 5 a,2006-03-01,9,9,15,24
UYUNI,nutricion y desarrollo infantil,controles nuevos en ninos de 2 anos a < de 5 a,2006-03-01,1,1,4,5
VACAS,nutricion y desarrollo infantil,controles nuevos en ninos de 2 anos a < de 5 a,2006-03-01,21,21,22,43
VALLEGRANDE,nutricion y desarrollo infantil,controles nuevos en ninos de 2 anos a < de 5 a,2006-03-01,8,8,4,12
VIACHA,nutricion y desarrollo infantil,controles nuevos en ninos de 2 anos a < de 5 a,2006-03-01,19,19,13,32
VILA VILA,nutricion y desarrollo infantil,controles nuevos en ninos de 2 anos a < de 5 a,2006-03-01,4,4,10,14
VILLA MONTES,nutricion y desarrollo infantil,controles nuevos en ninos de 2 anos a < de 5 a,2006-03-01,8,8,5,13
VILLA NUEVA (LOMA ALTA),nutricion y desarrollo infantil,controles nuevos en ninos de 2 anos a < de 5 a,2006-03-01,23,23,15,38
VILLA RIVERO,nutricion y desarrollo infantil,controles nuevos en ninos de 2 anos a < de 5 a,2006-03-01,13,13,5,18
VILLA TUNARI,nutricion y desarrollo infantil,controles nuevos en ninos de 2 anos a < de 5 a,2006-03-01,217,217,223,440
VILLA VACA GUZMAN (MUYUPAMPA),nutricion y desarrollo infantil,controles nuevos en ninos de 2 anos a < de 5 a,2006-03-01,59,59,64,123
VILLAZON,nutricion y desarrollo infantil,controles nuevos en ninos de 2 anos a < de 5 a,2006-03-01,15,15,20,35
VINTO,nutricion y desarrollo infantil,controles nuevos en ninos de 2 anos a < de 5 a,2006-03-01,5,5,5,10
WARNES,nutricion y desarrollo infantil,controles nuevos en ninos de 2 anos a < de 5 a,2006-03-01,123,123,99,222
YACO,nutricion y desarrollo infantil,controles nuevos en ninos de 2 anos a < de 5 a,2006-03-01,1,1,0,1
YACUIBA,nutricion y desarrollo infantil,controles nuevos en ninos de 2 anos a < de 5 a,2006-03-01,91,91,80,171
YAMPARAEZ,nutricion y desarrollo infantil,controles nuevos en ninos de 2 anos a < de 5 a,2006-03-01,6,6,7,13
YANACACHI,nutricion y desarrollo infantil,controles nuevos en ninos de 2 anos a < de 5 a,2006-03-01,0,0,1,1
YAPACANI,nutricion y desarrollo infantil,controles nuevos en ninos de 2 anos a < de 5 a,2006-03-01,3,3,1,4
YOCALLA,nutricion y desarrollo infantil,controles nuevos en ninos de 2 anos a < de 5 a,2006-03-01,0,0,1,1
YOTALA,nutricion y desarrollo infantil,controles nuevos en ninos de 2 anos a < de 5 a,2006-03-01,82,82,71,153
YUNCHARA,nutricion y desarrollo infantil,controles nuevos en ninos de 2 anos a < de 5 a,2006-03-01,6,6,7,13
ZUDAÑEZ,nutricion y desarrollo infantil,controles nuevos en ninos de 2 anos a < de 5 a,2006-03-01,7,7,5,12
ACHACACHI,nutricion y desarrollo infantil,controles nuevos en ninos de 2 anos a < de 5 a,2006-04-01,18,18,23,41
ACHOCALLA,nutricion y desarrollo infantil,controles nuevos en ninos de 2 anos a < de 5 a,2006-04-01,1,1,1,2
AIQUILE,nutricion y desarrollo infantil,controles nuevos en ninos de 2 anos a < de 5 a,2006-04-01,15,15,19,34
ALALAY,nutricion y desarrollo infantil,controles nuevos en ninos de 2 anos a < de 5 a,2006-04-01,0,0,3,3
ANCORAIMES,nutricion y desarrollo infantil,controles nuevos en ninos de 2 anos a < de 5 a,2006-04-01,1,1,6,7
ANDAMARCA,nutricion y desarrollo infantil,controles nuevos en ninos de 2 anos a < de 5 a,2006-04-01,6,6,2,8
ANTEQUERA,nutricion y desarrollo infantil,controles nuevos en ninos de 2 anos a < de 5 a,2006-04-01,3,3,1,4
ANZALDO,nutricion y desarrollo infantil,controles nuevos en ninos de 2 anos a < de 5 a,2006-04-01,22,22,21,43
APOLO,nutricion y desarrollo infantil,controles nuevos en ninos de 2 anos a < de 5 a,2006-04-01,17,17,12,29
ARAMPAMPA,nutricion y desarrollo infantil,controles nuevos en ninos de 2 anos a < de 5 a,2006-04-01,0,0,1,1
ARANI,nutricion y desarrollo infantil,controles nuevos en ninos de 2 anos a < de 5 a,2006-04-01,19,19,16,35
ARBIETO,nutricion y desarrollo infantil,controles nuevos en ninos de 2 anos a < de 5 a,2006-04-01,25,25,27,52
ARQUE,nutricion y desarrollo infantil,controles nuevos en ninos de 2 anos a < de 5 a,2006-04-01,0,0,1,1
ASCENCION DE GUARAYOS,nutricion y desarrollo infantil,controles nuevos en ninos de 2 anos a < de 5 a,2006-04-01,3,3,10,13
AUCAPATA,nutricion y desarrollo infantil,controles nuevos en ninos de 2 anos a < de 5 a,2006-04-01,10,10,12,22
AYATA,nutricion y desarrollo infantil,controles nuevos en ninos de 2 anos a < de 5 a,2006-04-01,9,9,8,17
AYO AYO,nutricion y desarrollo infantil,controles nuevos en ninos de 2 anos a < de 5 a,2006-04-01,3,3,0,3
AYOPAYA (V. DE INDEPENDENCIA),nutricion y desarrollo infantil,controles nuevos en ninos de 2 anos a < de 5 a,2006-04-01,51,51,29,80
AZURDUY,nutricion y desarrollo infantil,controles nuevos en ninos de 2 anos a < de 5 a,2006-04-01,8,8,14,22
BATALLAS,nutricion y desarrollo infantil,controles nuevos en ninos de 2 anos a < de 5 a,2006-04-01,7,7,2,9
BAURES,nutricion y desarrollo infantil,controles nuevos en ninos de 2 anos a < de 5 a,2006-04-01,1,1,2,3
BELEN DE ANDAMARCA,nutricion y desarrollo infantil,controles nuevos en ninos de 2 anos a < de 5 a,2006-04-01,2,2,1,3
BERMEJO,nutricion y desarrollo infantil,controles nuevos en ninos de 2 anos a < de 5 a,2006-04-01,11,11,11,22
BETANZOS,nutricion y desarrollo infantil,controles nuevos en ninos de 2 anos a < de 5 a,2006-04-01,1,1,1,2
BOLIVAR,nutricion y desarrollo infantil,controles nuevos en ninos de 2 anos a < de 5 a,2006-04-01,3,3,2,5
BOLPEBRA,nutricion y desarrollo infantil,controles nuevos en ninos de 2 anos a < de 5 a,2006-04-01,3,3,4,7
BOYUIBE,nutricion y desarrollo infantil,controles nuevos en ninos de 2 anos a < de 5 a,2006-04-01,3,3,8,11
BUENA VISTA,nutricion y desarrollo infantil,controles nuevos en ninos de 2 anos a < de 5 a,2006-04-01,1,1,0,1
CABEZAS,nutricion y desarrollo infantil,controles nuevos en ninos de 2 anos a < de 5 a,2006-04-01,12,12,13,25
CAIROMA,nutricion y desarrollo infantil,controles nuevos en ninos de 2 anos a < de 5 a,2006-04-01,7,7,7,14
"CAIZA ""D""",nutricion y desarrollo infantil,controles nuevos en ninos de 2 anos a < de 5 a,2006-04-01,7,7,6,13
CAJUATA,nutricion y desarrollo infantil,controles nuevos en ninos de 2 anos a < de 5 a,2006-04-01,27,27,17,44
CALACOTO,nutricion y desarrollo infantil,controles nuevos en ninos de 2 anos a < de 5 a,2006-04-01,10,10,7,17
CALAMARCA,nutricion y desarrollo infantil,controles nuevos en ninos de 2 anos a < de 5 a,2006-04-01,9,9,8,17
CAMARGO,nutricion y desarrollo infantil,controles nuevos en ninos de 2 anos a < de 5 a,2006-04-01,7,7,8,15
CAMATAQUI (C. VILLA ABECIA),nutricion y desarrollo infantil,controles nuevos en ninos de 2 anos a < de 5 a,2006-04-01,0,0,3,3
CAMIRI,nutricion y desarrollo infantil,controles nuevos en ninos de 2 anos a < de 5 a,2006-04-01,48,48,62,110
CAPINOTA,nutricion y desarrollo infantil,controles nuevos en ninos de 2 anos a < de 5 a,2006-04-01,0,0,2,2
CARACOLLO,nutricion y desarrollo infantil,controles nuevos en ninos de 2 anos a < de 5 a,2006-04-01,0,0,4,4
CARANAVI,nutricion y desarrollo infantil,controles nuevos en ninos de 2 anos a < de 5 a,2006-04-01,12,12,16,28
CARAPARI,nutricion y desarrollo infantil,controles nuevos en ninos de 2 anos a < de 5 a,2006-04-01,26,26,9,35
CARIPUYO,nutricion y desarrollo infantil,controles nuevos en ninos de 2 anos a < de 5 a,2006-04-01,0,0,1,1
CARMEN RIVERO TORREZ,nutricion y desarrollo infantil,controles nuevos en ninos de 2 anos a < de 5 a,2006-04-01,7,7,2,9
CHACARILLA,nutricion y desarrollo infantil,controles nuevos en ninos de 2 anos a < de 5 a,2006-04-01,0,0,1,1
CHALLAPATA,nutricion y desarrollo infantil,controles nuevos en ninos de 2 anos a < de 5 a,2006-04-01,3,3,1,4
CHAQUI,nutricion y desarrollo infantil,controles nuevos en ninos de 2 anos a < de 5 a,2006-04-01,1,1,0,1
CHARAGUA,nutricion y desarrollo infantil,controles nuevos en ninos de 2 anos a < de 5 a,2006-04-01,7,7,8,15
CHAYANTA,nutricion y desarrollo infantil,controles nuevos en ninos de 2 anos a < de 5 a,2006-04-01,4,4,6,10
CHIMORE,nutricion y desarrollo infantil,controles nuevos en ninos de 2 anos a < de 5 a,2006-04-01,14,14,22,36
CHIPAYA,nutricion y desarrollo infantil,controles nuevos en ninos de 2 anos a < de 5 a,2006-04-01,2,2,1,3
CHULUMANI (V. DE LA LIBERTAD),nutricion y desarrollo infantil,controles nuevos en ninos de 2 anos a < de 5 a,2006-04-01,9,9,12,21
CHUMA,nutricion y desarrollo infantil,controles nuevos en ninos de 2 anos a < de 5 a,2006-04-01,3,3,8,11
CLIZA,nutricion y desarrollo infantil,controles nuevos en ninos de 2 anos a < de 5 a,2006-04-01,7,7,11,18
COBIJA,nutricion y desarrollo infantil,controles nuevos en ninos de 2 anos a < de 5 a,2006-04-01,13,13,14,27
COCHABAMBA,nutricion y desarrollo infantil,controles nuevos en ninos de 2 anos a < de 5 a,2006-04-01,935,935,768,1703
COLCAPIRHUA,nutricion y desarrollo infantil,controles nuevos en ninos de 2 anos a < de 5 a,2006-04-01,270,270,268,538
COLOMI,nutricion y desarrollo infantil,controles nuevos en ninos de 2 anos a < de 5 a,2006-04-01,63,63,67,130
COLPA BELGICA,nutricion y desarrollo infantil,controles nuevos en ninos de 2 anos a < de 5 a,2006-04-01,6,6,3,9
COLQUECHACA,nutricion y desarrollo infantil,controles nuevos en ninos de 2 anos a < de 5 a,2006-04-01,46,46,57,103
COLQUENCHA,nutricion y desarrollo infantil,controles nuevos en ninos de 2 anos a < de 5 a,2006-04-01,22,22,14,36
COLQUIRI,nutricion y desarrollo infantil,controles nuevos en ninos de 2 anos a < de 5 a,2006-04-01,1,1,0,1
CONCEPCION,nutricion y desarrollo infantil,controles nuevos en ninos de 2 anos a < de 5 a,2006-04-01,2,2,0,2
COPACABANA,nutricion y desarrollo infantil,controles nuevos en ninos de 2 anos a < de 5 a,2006-04-01,11,11,15,26
CORIPATA,nutricion y desarrollo infantil,controles nuevos en ninos de 2 anos a < de 5 a,2006-04-01,6,6,4,10
CORO CORO,nutricion y desarrollo infantil,controles nuevos en ninos de 2 anos a < de 5 a,2006-04-01,3,3,1,4
COROICO,nutricion y desarrollo infantil,controles nuevos en ninos de 2 anos a < de 5 a,2006-04-01,61,61,60,121
CORQUE,nutricion y desarrollo infantil,controles nuevos en ninos de 2 anos a < de 5 a,2006-04-01,21,21,28,49
COTAGAITA,nutricion y desarrollo infantil,controles nuevos en ninos de 2 anos a < de 5 a,2006-04-01,18,18,10,28
CUATRO CAÑADAS,nutricion y desarrollo infantil,controles nuevos en ninos de 2 anos a < de 5 a,2006-04-01,31,31,22,53
CULPINA,nutricion y desarrollo infantil,controles nuevos en ninos de 2 anos a < de 5 a,2006-04-01,24,24,16,40
CURAHUARA DE CARANGAS,nutricion y desarrollo infantil,controles nuevos en ninos de 2 anos a < de 5 a,2006-04-01,2,2,4,6
DESAGUADERO,nutricion y desarrollo infantil,controles nuevos en ninos de 2 anos a < de 5 a,2006-04-01,2,2,5,7
EL ALTO,nutricion y desarrollo infantil,controles nuevos en ninos de 2 anos a < de 5 a,2006-04-01,1347,1347,1223,2570
EL CHORO,nutricion y desarrollo infantil,controles nuevos en ninos de 2 anos a < de 5 a,2006-04-01,0,0,1,1
EL PUENTE(STC),nutricion y desarrollo infantil,controles nuevos en ninos de 2 anos a < de 5 a,2006-04-01,90,90,91,181
EL PUENTE(TJA),nutricion y desarrollo infantil,controles nuevos en ninos de 2 anos a < de 5 a,2006-04-01,2,2,0,2
EL TORNO,nutricion y desarrollo infantil,controles nuevos en ninos de 2 anos a < de 5 a,2006-04-01,2,2,1,3
ENTRE RIOS,nutricion y desarrollo infantil,controles nuevos en ninos de 2 anos a < de 5 a,2006-04-01,1,1,2,3
ENTRE RIOS,nutricion y desarrollo infantil,controles nuevos en ninos de 2 anos a < de 5 a,2006-04-01,128,128,111,239
EUCALIPTUS,nutricion y desarrollo infantil,controles nuevos en ninos de 2 anos a < de 5 a,2006-04-01,4,4,0,4
EUREKA (SANTOS MERCADO),nutricion y desarrollo infantil,controles nuevos en ninos de 2 anos a < de 5 a,2006-04-01,4,4,5,9
FERNANDEZ ALONSO,nutricion y desarrollo infantil,controles nuevos en ninos de 2 anos a < de 5 a,2006-04-01,16,16,18,34
FILADELFIA,nutricion y desarrollo infantil,controles nuevos en ninos de 2 anos a < de 5 a,2006-04-01,0,0,1,1
GENERAL SAAVEDRA,nutricion y desarrollo infantil,controles nuevos en ninos de 2 anos a < de 5 a,2006-04-01,75,75,66,141
GRAL. J.J. PEREZ (CHARAZANI),nutricion y desarrollo infantil,controles nuevos en ninos de 2 anos a < de 5 a,2006-04-01,0,0,8,8
GUANAY,nutricion y desarrollo infantil,controles nuevos en ninos de 2 anos a < de 5 a,2006-04-01,23,23,28,51
GUAQUI,nutricion y desarrollo infantil,controles nuevos en ninos de 2 anos a < de 5 a,2006-04-01,1,1,0,1
GUAYARAMERIN,nutricion y desarrollo infantil,controles nuevos en ninos de 2 anos a < de 5 a,2006-04-01,12,12,10,22
GUTIERREZ,nutricion y desarrollo infantil,controles nuevos en ninos de 2 anos a < de 5 a,2006-04-01,17,17,28,45
HUACARETA,nutricion y desarrollo infantil,controles nuevos en ninos de 2 anos a < de 5 a,2006-04-01,18,18,22,40
HUACAYA (VILLA DE HUACAYA),nutricion y desarrollo infantil,controles nuevos en ninos de 2 anos a < de 5 a,2006-04-01,9,9,3,12
HUACHACALLA,nutricion y desarrollo infantil,controles nuevos en ninos de 2 anos a < de 5 a,2006-04-01,1,1,0,1
HUANUNI,nutricion y desarrollo infantil,controles nuevos en ninos de 2 anos a < de 5 a,2006-04-01,13,13,18,31
ICHOCA,nutricion y desarrollo infantil,controles nuevos en ninos de 2 anos a < de 5 a,2006-04-01,16,16,17,33
ICLA,nutricion y desarrollo infantil,controles nuevos en ninos de 2 anos a < de 5 a,2006-04-01,18,18,11,29
INCAHUASI,nutricion y desarrollo infantil,controles nuevos en ninos de 2 anos a < de 5 a,2006-04-01,40,40,53,93
INGAVI (HUMAITA),nutricion y desarrollo infantil,controles nuevos en ninos de 2 anos a < de 5 a,2006-04-01,0,0,1,1
INQUISIVI,nutricion y desarrollo infantil,controles nuevos en ninos de 2 anos a < de 5 a,2006-04-01,22,22,40,62
IRUPANA (VILLA DE LANZA),nutricion y desarrollo infantil,controles nuevos en ninos de 2 anos a < de 5 a,2006-04-01,20,20,13,33
IXIAMAS,nutricion y desarrollo infantil,controles nuevos en ninos de 2 anos a < de 5 a,2006-04-01,7,7,7,14
JESUS DE MACHACA,nutricion y desarrollo infantil,controles nuevos en ninos de 2 anos a < de 5 a,2006-04-01,13,13,14,27
LA ASUNTA,nutricion y desarrollo infantil,controles nuevos en ninos de 2 anos a < de 5 a,2006-04-01,15,15,7,22
LA GUARDIA,nutricion y desarrollo infantil,controles nuevos en ninos de 2 anos a < de 5 a,2006-04-01,56,56,55,111
LA PAZ,nutricion y desarrollo infantil,controles nuevos en ninos de 2 anos a < de 5 a,2006-04-01,939,939,948,1887
LAGUNILLAS,nutricion y desarrollo infantil,controles nuevos en ninos de 2 anos a < de 5 a,2006-04-01,6,6,3,9
LAJA,nutricion y desarrollo infantil,controles nuevos en ninos de 2 anos a < de 5 a,2006-04-01,3,3,3,6
LAS CARRERAS,nutricion y desarrollo infantil,controles nuevos en ninos de 2 anos a < de 5 a,2006-04-01,3,3,3,6
LLALLAGUA,nutricion y desarrollo infantil,controles nuevos en ninos de 2 anos a < de 5 a,2006-04-01,191,191,172,363
LLICA,nutricion y desarrollo infantil,controles nuevos en ninos de 2 anos a < de 5 a,2006-04-01,3,3,1,4
LORETO,nutricion y desarrollo infantil,controles nuevos en ninos de 2 anos a < de 5 a,2006-04-01,18,18,14,32
LURIBAY,nutricion y desarrollo infantil,controles nuevos en ninos de 2 anos a < de 5 a,2006-04-01,1,1,1,2
MACHACAMARCA,nutricion y desarrollo infantil,controles nuevos en ninos de 2 anos a < de 5 a,2006-04-01,3,3,5,8
MACHARETI,nutricion y desarrollo infantil,controles nuevos en ninos de 2 anos a < de 5 a,2006-04-01,10,10,5,15
MAPIRI,nutricion y desarrollo infantil,controles nuevos en ninos de 2 anos a < de 5 a,2006-04-01,3,3,2,5
MECAPACA,nutricion y desarrollo infantil,controles nuevos en ninos de 2 anos a < de 5 a,2006-04-01,12,12,7,19
MINEROS,nutricion y desarrollo infantil,controles nuevos en ninos de 2 anos a < de 5 a,2006-04-01,37,37,38,75
MIZQUE,nutricion y desarrollo infantil,controles nuevos en ninos de 2 anos a < de 5 a,2006-04-01,48,48,100,148
MOCOMOCO,nutricion y desarrollo infantil,controles nuevos en ninos de 2 anos a < de 5 a,2006-04-01,4,4,4,8
MOJINETE,nutricion y desarrollo infantil,controles nuevos en ninos de 2 anos a < de 5 a,2006-04-01,2,2,2,4
MOJOCOYA,nutricion y desarrollo infantil,controles nuevos en ninos de 2 anos a < de 5 a,2006-04-01,3,3,3,6
MONTEAGUDO,nutricion y desarrollo infantil,controles nuevos en ninos de 2 anos a < de 5 a,2006-04-01,70,70,67,137
MONTERO,nutricion y desarrollo infantil,controles nuevos en ninos de 2 anos a < de 5 a,2006-04-01,60,60,40,100
MORO MORO,nutricion y desarrollo infantil,controles nuevos en ninos de 2 anos a < de 5 a,2006-04-01,1,1,1,2
MOROCHATA,nutricion y desarrollo infantil,controles nuevos en ninos de 2 anos a < de 5 a,2006-04-01,100,100,99,199
OKINAWA,nutricion y desarrollo infantil,controles nuevos en ninos de 2 anos a < de 5 a,2006-04-01,34,34,28,62
OMEREQUE,nutricion y desarrollo infantil,controles nuevos en ninos de 2 anos a < de 5 a,2006-04-01,1,1,1,2
ORURO,nutricion y desarrollo infantil,controles nuevos en ninos de 2 anos a < de 5 a,2006-04-01,234,234,235,469
PADCAYA,nutricion y desarrollo infantil,controles nuevos en ninos de 2 anos a < de 5 a,2006-04-01,33,33,35,68
PADILLA,nutricion y desarrollo infantil,controles nuevos en ninos de 2 anos a < de 5 a,2006-04-01,4,4,3,7
PALCA,nutricion y desarrollo infantil,controles nuevos en ninos de 2 anos a < de 5 a,2006-04-01,7,7,8,15
PALOS BLANCOS,nutricion y desarrollo infantil,controles nuevos en ninos de 2 anos a < de 5 a,2006-04-01,5,5,6,11
PAPEL PAMPA,nutricion y desarrollo infantil,controles nuevos en ninos de 2 anos a < de 5 a,2006-04-01,1,1,0,1
PASORAPA,nutricion y desarrollo infantil,controles nuevos en ninos de 2 anos a < de 5 a,2006-04-01,2,2,3,5
PATACAMAYA,nutricion y desarrollo infantil,controles nuevos en ninos de 2 anos a < de 5 a,2006-04-01,3,3,6,9
PAZÑA,nutricion y desarrollo infantil,controles nuevos en ninos de 2 anos a < de 5 a,2006-04-01,0,0,1,1
PELECHUCO,nutricion y desarrollo infantil,controles nuevos en ninos de 2 anos a < de 5 a,2006-04-01,15,15,9,24
POCOATA,nutricion y desarrollo infantil,controles nuevos en ninos de 2 anos a < de 5 a,2006-04-01,4,4,6,10
POCONA,nutricion y desarrollo infantil,controles nuevos en ninos de 2 anos a < de 5 a,2006-04-01,24,24,22,46
POJO (CBBA),nutricion y desarrollo infantil,controles nuevos en ninos de 2 anos a < de 5 a,2006-04-01,11,11,8,19
POOPO,nutricion y desarrollo infantil,controles nuevos en ninos de 2 anos a < de 5 a,2006-04-01,2,2,1,3
POROMA,nutricion y desarrollo infantil,controles nuevos en ninos de 2 anos a < de 5 a,2006-04-01,46,46,50,96
PORONGO,nutricion y desarrollo infantil,controles nuevos en ninos de 2 anos a < de 5 a,2006-04-01,15,15,15,30
PORTACHUELO,nutricion y desarrollo infantil,controles nuevos en ninos de 2 anos a < de 5 a,2006-04-01,91,91,59,150
PORVENIR,nutricion y desarrollo infantil,controles nuevos en ninos de 2 anos a < de 5 a,2006-04-01,0,0,1,1
POSTRER VALLE,nutricion y desarrollo infantil,controles nuevos en ninos de 2 anos a < de 5 a,2006-04-01,2,2,0,2
POTOSI,nutricion y desarrollo infantil,controles nuevos en ninos de 2 anos a < de 5 a,2006-04-01,178,178,190,368
PUCARA,nutricion y desarrollo infantil,controles nuevos en ninos de 2 anos a < de 5 a,2006-04-01,0,0,1,1
PUCARANI,nutricion y desarrollo infantil,controles nuevos en ninos de 2 anos a < de 5 a,2006-04-01,6,6,6,12
PUERTO ACOSTA,nutricion y desarrollo infantil,controles nuevos en ninos de 2 anos a < de 5 a,2006-04-01,2,2,4,6
PUERTO CARABUCO,nutricion y desarrollo infantil,controles nuevos en ninos de 2 anos a < de 5 a,2006-04-01,3,3,3,6
PUERTO PEREZ,nutricion y desarrollo infantil,controles nuevos en ninos de 2 anos a < de 5 a,2006-04-01,1,1,2,3
PUERTO QUIJARRO,nutricion y desarrollo infantil,controles nuevos en ninos de 2 anos a < de 5 a,2006-04-01,0,0,3,3
PUERTO RICO,nutricion y desarrollo infantil,controles nuevos en ninos de 2 anos a < de 5 a,2006-04-01,3,3,4,7
PUERTO SILES,nutricion y desarrollo infantil,controles nuevos en ninos de 2 anos a < de 5 a,2006-04-01,4,4,1,5
PUERTO VILLARROEL,nutricion y desarrollo infantil,controles nuevos en ninos de 2 anos a < de 5 a,2006-04-01,76,76,76,152
PUNA,nutricion y desarrollo infantil,controles nuevos en ninos de 2 anos a < de 5 a,2006-04-01,42,42,39,81
PUNATA,nutricion y desarrollo infantil,controles nuevos en ninos de 2 anos a < de 5 a,2006-04-01,112,112,110,222
QUIABAYA,nutricion y desarrollo infantil,controles nuevos en ninos de 2 anos a < de 5 a,2006-04-01,0,0,1,1
QUILLACOLLO,nutricion y desarrollo infantil,controles nuevos en ninos de 2 anos a < de 5 a,2006-04-01,260,260,253,513
QUIME,nutricion y desarrollo infantil,controles nuevos en ninos de 2 anos a < de 5 a,2006-04-01,4,4,2,6
REYES,nutricion y desarrollo infantil,controles nuevos en ninos de 2 anos a < de 5 a,2006-04-01,0,0,1,1
RIBERALTA,nutricion y desarrollo infantil,controles nuevos en ninos de 2 anos a < de 5 a,2006-04-01,35,35,40,75
ROBORE,nutricion y desarrollo infantil,controles nuevos en ninos de 2 anos a < de 5 a,2006-04-01,10,10,7,17
RURRENABAQUE,nutricion y desarrollo infantil,controles nuevos en ninos de 2 anos a < de 5 a,2006-04-01,8,8,7,15
SABAYA,nutricion y desarrollo infantil,controles nuevos en ninos de 2 anos a < de 5 a,2006-04-01,7,7,10,17
SACABA,nutricion y desarrollo infantil,controles nuevos en ninos de 2 anos a < de 5 a,2006-04-01,254,254,224,478
SACABAMBA,nutricion y desarrollo infantil,controles nuevos en ninos de 2 anos a < de 5 a,2006-04-01,9,9,13,22
SACACA,nutricion y desarrollo infantil,controles nuevos en ninos de 2 anos a < de 5 a,2006-04-01,21,21,14,35
SAIPINA,nutricion y desarrollo infantil,controles nuevos en ninos de 2 anos a < de 5 a,2006-04-01,1,1,1,2
SALINAS DE GARCI MENDOZA,nutricion y desarrollo infantil,controles nuevos en ninos de 2 anos a < de 5 a,2006-04-01,4,4,1,5
SAN ANDRES,nutricion y desarrollo infantil,controles nuevos en ninos de 2 anos a < de 5 a,2006-04-01,12,12,17,29
SAN ANDRES DE MACHACA,nutricion y desarrollo infantil,controles nuevos en ninos de 2 anos a < de 5 a,2006-04-01,14,14,4,18
SAN ANTONIO DE ESMORUCO,nutricion y desarrollo infantil,controles nuevos en ninos de 2 anos a < de 5 a,2006-04-01,6,6,2,8
SAN BENITO,nutricion y desarrollo infantil,controles nuevos en ninos de 2 anos a < de 5 a,2006-04-01,47,47,26,73
SAN BORJA,nutricion y desarrollo infantil,controles nuevos en ninos de 2 anos a < de 5 a,2006-04-01,8,8,5,13
SAN BUENA VENTURA,nutricion y desarrollo infantil,controles nuevos en ninos de 2 anos a < de 5 a,2006-04-01,5,5,7,12
SAN CARLOS,nutricion y desarrollo infantil,controles nuevos en ninos de 2 anos a < de 5 a,2006-04-01,0,0,3,3
SAN IGNACIO,nutricion y desarrollo infantil,controles nuevos en ninos de 2 anos a < de 5 a,2006-04-01,34,34,119,153
SAN IGNACIO DE VELASCO,nutricion y desarrollo infantil,controles nuevos en ninos de 2 anos a < de 5 a,2006-04-01,35,35,34,69
SAN JAVIER(BNI),nutricion y desarrollo infantil,controles nuevos en ninos de 2 anos a < de 5 a,2006-04-01,4,4,2,6
SAN JAVIER(STC),nutricion y desarrollo infantil,controles nuevos en ninos de 2 anos a < de 5 a,2006-04-01,108,108,93,201
SAN JOAQUIN,nutricion y desarrollo infantil,controles nuevos en ninos de 2 anos a < de 5 a,2006-04-01,29,29,23,52
SAN JOSE DE CHIQUITOS,nutricion y desarrollo infantil,controles nuevos en ninos de 2 anos a < de 5 a,2006-04-01,2,2,6,8
SAN JUAN DE YAPACANI,nutricion y desarrollo infantil,controles nuevos en ninos de 2 anos a < de 5 a,2006-04-01,1,1,1,2
SAN JULIAN,nutricion y desarrollo infantil,controles nuevos en ninos de 2 anos a < de 5 a,2006-04-01,169,169,183,352
SAN LORENZO(TJA),nutricion y desarrollo infantil,controles nuevos en ninos de 2 anos a < de 5 a,2006-04-01,3,3,6,9
SAN LUCAS,nutricion y desarrollo infantil,controles nuevos en ninos de 2 anos a < de 5 a,2006-04-01,74,74,92,166
SAN MATIAS,nutricion y desarrollo infantil,controles nuevos en ninos de 2 anos a < de 5 a,2006-04-01,1,1,0,1
SAN MIGUEL DE VELASCO,nutricion y desarrollo infantil,controles nuevos en ninos de 2 anos a < de 5 a,2006-04-01,2,2,2,4
SAN PEDRO,nutricion y desarrollo infantil,controles nuevos en ninos de 2 anos a < de 5 a,2006-04-01,35,35,22,57
SAN PEDRO DE BUENA VISTA,nutricion y desarrollo infantil,controles nuevos en ninos de 2 anos a < de 5 a,2006-04-01,26,26,19,45
SAN PEDRO DE CURAHUARA,nutricion y desarrollo infantil,controles nuevos en ninos de 2 anos a < de 5 a,2006-04-01,0,0,5,5
SAN PEDRO DE TIQUINA,nutricion y desarrollo infantil,controles nuevos en ninos de 2 anos a < de 5 a,2006-04-01,4,4,1,5
SAN PEDRO(PND),nutricion y desarrollo infantil,controles nuevos en ninos de 2 anos a < de 5 a,2006-04-01,0,0,1,1
SAN RAFAEL,nutricion y desarrollo infantil,controles nuevos en ninos de 2 anos a < de 5 a,2006-04-01,6,6,1,7
SAN RAMON,nutricion y desarrollo infantil,controles nuevos en ninos de 2 anos a < de 5 a,2006-04-01,1,1,1,2
SANTA ANA,nutricion y desarrollo infantil,controles nuevos en ninos de 2 anos a < de 5 a,2006-04-01,1,1,5,6
SANTA CRUZ DE LA SIERRA,nutricion y desarrollo infantil,controles nuevos en ninos de 2 anos a < de 5 a,2006-04-01,1045,1045,1101,2146
SANTA ROSA DEL SARA,nutricion y desarrollo infantil,controles nuevos en ninos de 2 anos a < de 5 a,2006-04-01,18,18,20,38
SANTIAGO DE HUARI,nutricion y desarrollo infantil,controles nuevos en ninos de 2 anos a < de 5 a,2006-04-01,2,2,0,2
SANTIVAÑES,nutricion y desarrollo infantil,controles nuevos en ninos de 2 anos a < de 5 a,2006-04-01,3,3,0,3
SAPAHAQUI,nutricion y desarrollo infantil,controles nuevos en ninos de 2 anos a < de 5 a,2006-04-01,65,65,50,115
SICA SICA (VILLA AROMA),nutricion y desarrollo infantil,controles nuevos en ninos de 2 anos a < de 5 a,2006-04-01,1,1,0,1
SICAYA,nutricion y desarrollo infantil,controles nuevos en ninos de 2 anos a < de 5 a,2006-04-01,2,2,1,3
SIPE SIPE,nutricion y desarrollo infantil,controles nuevos en ninos de 2 anos a < de 5 a,2006-04-01,93,93,80,173
SOPACHUY,nutricion y desarrollo infantil,controles nuevos en ninos de 2 anos a < de 5 a,2006-04-01,1,1,1,2
SORATA,nutricion y desarrollo infantil,controles nuevos en ninos de 2 anos a < de 5 a,2006-04-01,44,44,36,80
SUCRE,nutricion y desarrollo infantil,controles nuevos en ninos de 2 anos a < de 5 a,2006-04-01,516,516,483,999
TACACOMA,nutricion y desarrollo infantil,controles nuevos en ninos de 2 anos a < de 5 a,2006-04-01,3,3,5,8
TACOBAMBA,nutricion y desarrollo infantil,controles nuevos en ninos de 2 anos a < de 5 a,2006-04-01,9,9,10,19
TACOPAYA,nutricion y desarrollo infantil,controles nuevos en ninos de 2 anos a < de 5 a,2006-04-01,19,19,22,41
TAPACARI,nutricion y desarrollo infantil,controles nuevos en ninos de 2 anos a < de 5 a,2006-04-01,18,18,33,51
TARABUCO,nutricion y desarrollo infantil,controles nuevos en ninos de 2 anos a < de 5 a,2006-04-01,26,26,22,48
TARACO,nutricion y desarrollo infantil,controles nuevos en ninos de 2 anos a < de 5 a,2006-04-01,1,1,6,7
TARATA,nutricion y desarrollo infantil,controles nuevos en ninos de 2 anos a < de 5 a,2006-04-01,11,11,5,16
TARIJA,nutricion y desarrollo infantil,controles nuevos en ninos de 2 anos a < de 5 a,2006-04-01,257,257,244,501
TARVITA,nutricion y desarrollo infantil,controles nuevos en ninos de 2 anos a < de 5 a,2006-04-01,57,57,54,111
TIAWANACU,nutricion y desarrollo infantil,controles nuevos en ninos de 2 anos a < de 5 a,2006-04-01,28,28,24,52
TINGUIPAYA,nutricion y desarrollo infantil,controles nuevos en ninos de 2 anos a < de 5 a,2006-04-01,19,19,14,33
TIPUANI,nutricion y desarrollo infantil,controles nuevos en ninos de 2 anos a < de 5 a,2006-04-01,4,4,4,8
TIQUIPAYA,nutricion y desarrollo infantil,controles nuevos en ninos de 2 anos a < de 5 a,2006-04-01,92,92,81,173
TIRAQUE (CBBA),nutricion y desarrollo infantil,controles nuevos en ninos de 2 anos a < de 5 a,2006-04-01,149,149,120,269
TOCO,nutricion y desarrollo infantil,controles nuevos en ninos de 2 anos a < de 5 a,2006-04-01,5,5,2,7
TOLATA,nutricion y desarrollo infantil,controles nuevos en ninos de 2 anos a < de 5 a,2006-04-01,11,11,8,19
TOLEDO,nutricion y desarrollo infantil,controles nuevos en ninos de 2 anos a < de 5 a,2006-04-01,2,2,3,5
TOMAVE,nutricion y desarrollo infantil,controles nuevos en ninos de 2 anos a < de 5 a,2006-04-01,5,5,2,7
TORO TORO,nutricion y desarrollo infantil,controles nuevos en ninos de 2 anos a < de 5 a,2006-04-01,1,1,2,3
TOTORA(CBBA),nutricion y desarrollo infantil,controles nuevos en ninos de 2 anos a < de 5 a,2006-04-01,58,58,42,100
TOTORA(ORR),nutricion y desarrollo infantil,controles nuevos en ninos de 2 anos a < de 5 a,2006-04-01,9,9,5,14
TRIGAL,nutricion y desarrollo infantil,controles nuevos en ninos de 2 anos a < de 5 a,2006-04-01,1,1,3,4
TRINIDAD,nutricion y desarrollo infantil,controles nuevos en ninos de 2 anos a < de 5 a,2006-04-01,254,254,216,470
TUPIZA,nutricion y desarrollo infantil,controles nuevos en ninos de 2 anos a < de 5 a,2006-04-01,0,0,1,1
TURCO,nutricion y desarrollo infantil,controles nuevos en ninos de 2 anos a < de 5 a,2006-04-01,1,1,8,9
UNCIA,nutricion y desarrollo infantil,controles nuevos en ninos de 2 anos a < de 5 a,2006-04-01,5,5,5,10
URIONDO (A. CONCEPCION),nutricion y desarrollo infantil,controles nuevos en ninos de 2 anos a < de 5 a,2006-04-01,13,13,9,22
VACAS,nutricion y desarrollo infantil,controles nuevos en ninos de 2 anos a < de 5 a,2006-04-01,16,16,14,30
VALLEGRANDE,nutricion y desarrollo infantil,controles nuevos en ninos de 2 anos a < de 5 a,2006-04-01,2,2,3,5
VIACHA,nutricion y desarrollo infantil,controles nuevos en ninos de 2 anos a < de 5 a,2006-04-01,17,17,20,37
VILA VILA,nutricion y desarrollo infantil,controles nuevos en ninos de 2 anos a < de 5 a,2006-04-01,9,9,8,17
VILLA MONTES,nutricion y desarrollo infantil,controles nuevos en ninos de 2 anos a < de 5 a,2006-04-01,30,30,29,59
VILLA NUEVA (LOMA ALTA),nutricion y desarrollo infantil,controles nuevos en ninos de 2 anos a < de 5 a,2006-04-01,0,0,1,1
VILLA RIVERO,nutricion y desarrollo infantil,controles nuevos en ninos de 2 anos a < de 5 a,2006-04-01,5,5,3,8
VILLA SERRANO,nutricion y desarrollo infantil,controles nuevos en ninos de 2 anos a < de 5 a,2006-04-01,0,0,1,1
VILLA TUNARI,nutricion y desarrollo infantil,controles nuevos en ninos de 2 anos a < de 5 a,2006-04-01,235,235,206,441
VILLA VACA GUZMAN (MUYUPAMPA),nutricion y desarrollo infantil,controles nuevos en ninos de 2 anos a < de 5 a,2006-04-01,16,16,28,44
VILLAZON,nutricion y desarrollo infantil,controles nuevos en ninos de 2 anos a < de 5 a,2006-04-01,1,1,2,3
VINTO,nutricion y desarrollo infantil,controles nuevos en ninos de 2 anos a < de 5 a,2006-04-01,12,12,14,26
VITICHI,nutricion y desarrollo infantil,controles nuevos en ninos de 2 anos a < de 5 a,2006-04-01,0,0,1,1
WARNES,nutricion y desarrollo infantil,controles nuevos en ninos de 2 anos a < de 5 a,2006-04-01,85,85,94,179
YACO,nutricion y desarrollo infantil,controles nuevos en ninos de 2 anos a < de 5 a,2006-04-01,1,1,1,2
YACUIBA,nutricion y desarrollo infantil,controles nuevos en ninos de 2 anos a < de 5 a,2006-04-01,63,63,57,120
YAMPARAEZ,nutricion y desarrollo infantil,controles nuevos en ninos de 2 anos a < de 5 a,2006-04-01,7,7,5,12
YANACACHI,nutricion y desarrollo infantil,controles nuevos en ninos de 2 anos a < de 5 a,2006-04-01,3,3,3,6
YAPACANI,nutricion y desarrollo infantil,controles nuevos en ninos de 2 anos a < de 5 a,2006-04-01,0,0,1,1
YOTALA,nutricion y desarrollo infantil,controles nuevos en ninos de 2 anos a < de 5 a,2006-04-01,6,6,7,13
YUNCHARA,nutricion y desarrollo infantil,controles nuevos en ninos de 2 anos a < de 5 a,2006-04-01,5,5,10,15
ZUDAÑEZ,nutricion y desarrollo infantil,controles nuevos en ninos de 2 anos a < de 5 a,2006-04-01,3,3,5,8
ACACIO,nutricion y desarrollo infantil,controles nuevos en ninos de 2 anos a < de 5 a,2006-05-01,19,19,12,31
ACHACACHI,nutricion y desarrollo infantil,controles nuevos en ninos de 2 anos a < de 5 a,2006-05-01,17,17,16,33
ACHOCALLA,nutricion y desarrollo infantil,controles nuevos en ninos de 2 anos a < de 5 a,2006-05-01,0,0,1,1
AIQUILE,nutricion y desarrollo infantil,controles nuevos en ninos de 2 anos a < de 5 a,2006-05-01,10,10,15,25
ALALAY,nutricion y desarrollo infantil,controles nuevos en ninos de 2 anos a < de 5 a,2006-05-01,3,3,4,7
ANDAMARCA,nutricion y desarrollo infantil,controles nuevos en ninos de 2 anos a < de 5 a,2006-05-01,2,2,1,3
ANZALDO,nutricion y desarrollo infantil,controles nuevos en ninos de 2 anos a < de 5 a,2006-05-01,62,62,80,142
APOLO,nutricion y desarrollo infantil,controles nuevos en ninos de 2 anos a < de 5 a,2006-05-01,8,8,12,20
ARAMPAMPA,nutricion y desarrollo infantil,controles nuevos en ninos de 2 anos a < de 5 a,2006-05-01,2,2,0,2
ARANI,nutricion y desarrollo infantil,controles nuevos en ninos de 2 anos a < de 5 a,2006-05-01,15,15,13,28
ARBIETO,nutricion y desarrollo infantil,controles nuevos en ninos de 2 anos a < de 5 a,2006-05-01,24,24,12,36
ASCENCION DE GUARAYOS,nutricion y desarrollo infantil,controles nuevos en ninos de 2 anos a < de 5 a,2006-05-01,2,2,4,6
AUCAPATA,nutricion y desarrollo infantil,controles nuevos en ninos de 2 anos a < de 5 a,2006-05-01,8,8,8,16
AYATA,nutricion y desarrollo infantil,controles nuevos en ninos de 2 anos a < de 5 a,2006-05-01,37,37,30,67
AYO AYO,nutricion y desarrollo infantil,controles nuevos en ninos de 2 anos a < de 5 a,2006-05-01,4,4,3,7
AYOPAYA (V. DE INDEPENDENCIA),nutricion y desarrollo infantil,controles nuevos en ninos de 2 anos a < de 5 a,2006-05-01,33,33,31,64
AZURDUY,nutricion y desarrollo infantil,controles nuevos en ninos de 2 anos a < de 5 a,2006-05-01,15,15,14,29
BATALLAS,nutricion y desarrollo infantil,controles nuevos en ninos de 2 anos a < de 5 a,2006-05-01,6,6,7,13
BAURES,nutricion y desarrollo infantil,controles nuevos en ninos de 2 anos a < de 5 a,2006-05-01,1,1,1,2
BELEN DE ANDAMARCA,nutricion y desarrollo infantil,controles nuevos en ninos de 2 anos a < de 5 a,2006-05-01,0,0,1,1
BERMEJO,nutricion y desarrollo infantil,controles nuevos en ninos de 2 anos a < de 5 a,2006-05-01,11,11,8,19
BETANZOS,nutricion y desarrollo infantil,controles nuevos en ninos de 2 anos a < de 5 a,2006-05-01,10,10,13,23
BOLIVAR,nutricion y desarrollo infantil,controles nuevos en ninos de 2 anos a < de 5 a,2006-05-01,2,2,5,7
BOYUIBE,nutricion y desarrollo infantil,controles nuevos en ninos de 2 anos a < de 5 a,2006-05-01,2,2,3,5
BUENA VISTA,nutricion y desarrollo infantil,controles nuevos en ninos de 2 anos a < de 5 a,2006-05-01,1,1,2,3
CABEZAS,nutricion y desarrollo infantil,controles nuevos en ninos de 2 anos a < de 5 a,2006-05-01,86,86,62,148
CAIROMA,nutricion y desarrollo infantil,controles nuevos en ninos de 2 anos a < de 5 a,2006-05-01,5,5,2,7
"CAIZA ""D""",nutricion y desarrollo infantil,controles nuevos en ninos de 2 anos a < de 5 a,2006-05-01,5,5,7,12
CAJUATA,nutricion y desarrollo infantil,controles nuevos en ninos de 2 anos a < de 5 a,2006-05-01,7,7,2,9
CALACOTO,nutricion y desarrollo infantil,controles nuevos en ninos de 2 anos a < de 5 a,2006-05-01,2,2,2,4
CALAMARCA,nutricion y desarrollo infantil,controles nuevos en ninos de 2 anos a < de 5 a,2006-05-01,14,14,8,22
CAMARGO,nutricion y desarrollo infantil,controles nuevos en ninos de 2 anos a < de 5 a,2006-05-01,3,3,4,7
CAMATAQUI (C. VILLA ABECIA),nutricion y desarrollo infantil,controles nuevos en ninos de 2 anos a < de 5 a,2006-05-01,2,2,1,3
CAMIRI,nutricion y desarrollo infantil,controles nuevos en ninos de 2 anos a < de 5 a,2006-05-01,51,51,52,103
CAQUIAVIRI,nutricion y desarrollo infantil,controles nuevos en ninos de 2 anos a < de 5 a,2006-05-01,0,0,1,1
CARACOLLO,nutricion y desarrollo infantil,controles nuevos en ninos de 2 anos a < de 5 a,2006-05-01,0,0,2,2
CARANAVI,nutricion y desarrollo infantil,controles nuevos en ninos de 2 anos a < de 5 a,2006-05-01,12,12,13,25
CARANGAS,nutricion y desarrollo infantil,controles nuevos en ninos de 2 anos a < de 5 a,2006-05-01,1,1,1,2
CARAPARI,nutricion y desarrollo infantil,controles nuevos en ninos de 2 anos a < de 5 a,2006-05-01,4,4,5,9
CARIPUYO,nutricion y desarrollo infantil,controles nuevos en ninos de 2 anos a < de 5 a,2006-05-01,0,0,6,6
CARMEN RIVERO TORREZ,nutricion y desarrollo infantil,controles nuevos en ninos de 2 anos a < de 5 a,2006-05-01,13,13,18,31
CATACORA,nutricion y desarrollo infantil,controles nuevos en ninos de 2 anos a < de 5 a,2006-05-01,5,5,2,7
CHACARILLA,nutricion y desarrollo infantil,controles nuevos en ninos de 2 anos a < de 5 a,2006-05-01,1,1,0,1
CHALLAPATA,nutricion y desarrollo infantil,controles nuevos en ninos de 2 anos a < de 5 a,2006-05-01,4,4,6,10
CHAQUI,nutricion y desarrollo infantil,controles nuevos en ninos de 2 anos a < de 5 a,2006-05-01,2,2,0,2
CHARAGUA,nutricion y desarrollo infantil,controles nuevos en ninos de 2 anos a < de 5 a,2006-05-01,0,0,1,1
CHAYANTA,nutricion y desarrollo infantil,controles nuevos en ninos de 2 anos a < de 5 a,2006-05-01,8,8,3,11
CHIMORE,nutricion y desarrollo infantil,controles nuevos en ninos de 2 anos a < de 5 a,2006-05-01,57,57,48,105
CHOQUE COTA,nutricion y desarrollo infantil,controles nuevos en ninos de 2 anos a < de 5 a,2006-05-01,1,1,2,3
CHULUMANI (V. DE LA LIBERTAD),nutricion y desarrollo infantil,controles nuevos en ninos de 2 anos a < de 5 a,2006-05-01,7,7,10,17
CHUMA,nutricion y desarrollo infantil,controles nuevos en ninos de 2 anos a < de 5 a,2006-05-01,25,25,16,41
CLIZA,nutricion y desarrollo infantil,controles nuevos en ninos de 2 anos a < de 5 a,2006-05-01,28,28,31,59
COBIJA,nutricion y desarrollo infantil,controles nuevos en ninos de 2 anos a < de 5 a,2006-05-01,12,12,16,28
COCHABAMBA,nutricion y desarrollo infantil,controles nuevos en ninos de 2 anos a < de 5 a,2006-05-01,1440,1440,1239,2679
COLCAPIRHUA,nutricion y desarrollo infantil,controles nuevos en ninos de 2 anos a < de 5 a,2006-05-01,380,380,320,700
COLOMI,nutricion y desarrollo infantil,controles nuevos en ninos de 2 anos a < de 5 a,2006-05-01,56,56,68,124
COLPA BELGICA,nutricion y desarrollo infantil,controles nuevos en ninos de 2 anos a < de 5 a,2006-05-01,4,4,2,6
COLQUECHACA,nutricion y desarrollo infantil,controles nuevos en ninos de 2 anos a < de 5 a,2006-05-01,1,1,0,1
COLQUENCHA,nutricion y desarrollo infantil,controles nuevos en ninos de 2 anos a < de 5 a,2006-05-01,2,2,5,7
COLQUIRI,nutricion y desarrollo infantil,controles nuevos en ninos de 2 anos a < de 5 a,2006-05-01,4,4,4,8
COMANCHE,nutricion y desarrollo infantil,controles nuevos en ninos de 2 anos a < de 5 a,2006-05-01,1,1,1,2
COMARAPA,nutricion y desarrollo infantil,controles nuevos en ninos de 2 anos a < de 5 a,2006-05-01,2,2,2,4
COPACABANA,nutricion y desarrollo infantil,controles nuevos en ninos de 2 anos a < de 5 a,2006-05-01,18,18,11,29
CORIPATA,nutricion y desarrollo infantil,controles nuevos en ninos de 2 anos a < de 5 a,2006-05-01,13,13,12,25
CORO CORO,nutricion y desarrollo infantil,controles nuevos en ninos de 2 anos a < de 5 a,2006-05-01,3,3,6,9
COROICO,nutricion y desarrollo infantil,controles nuevos en ninos de 2 anos a < de 5 a,2006-05-01,53,53,52,105
CORQUE,nutricion y desarrollo infantil,controles nuevos en ninos de 2 anos a < de 5 a,2006-05-01,1,1,1,2
COTAGAITA,nutricion y desarrollo infantil,controles nuevos en ninos de 2 anos a < de 5 a,2006-05-01,6,6,5,11
CUATRO CAÑADAS,nutricion y desarrollo infantil,controles nuevos en ninos de 2 anos a < de 5 a,2006-05-01,28,28,11,39
CULPINA,nutricion y desarrollo infantil,controles nuevos en ninos de 2 anos a < de 5 a,2006-05-01,40,40,44,84
CURAHUARA DE CARANGAS,nutricion y desarrollo infantil,controles nuevos en ninos de 2 anos a < de 5 a,2006-05-01,6,6,3,9
CURVA,nutricion y desarrollo infantil,controles nuevos en ninos de 2 anos a < de 5 a,2006-05-01,3,3,2,5
DESAGUADERO,nutricion y desarrollo infantil,controles nuevos en ninos de 2 anos a < de 5 a,2006-05-01,3,3,2,5
EL ALTO,nutricion y desarrollo infantil,controles nuevos en ninos de 2 anos a < de 5 a,2006-05-01,1562,1562,1651,3213
EL CHORO,nutricion y desarrollo infantil,controles nuevos en ninos de 2 anos a < de 5 a,2006-05-01,3,3,4,7
EL PUENTE(STC),nutricion y desarrollo infantil,controles nuevos en ninos de 2 anos a < de 5 a,2006-05-01,78,78,75,153
EL TORNO,nutricion y desarrollo infantil,controles nuevos en ninos de 2 anos a < de 5 a,2006-05-01,2,2,1,3
ENTRE RIOS,nutricion y desarrollo infantil,controles nuevos en ninos de 2 anos a < de 5 a,2006-05-01,0,0,2,2
ENTRE RIOS,nutricion y desarrollo infantil,controles nuevos en ninos de 2 anos a < de 5 a,2006-05-01,107,107,96,203
ESCARA,nutricion y desarrollo infantil,controles nuevos en ninos de 2 anos a < de 5 a,2006-05-01,1,1,0,1
EUREKA (SANTOS MERCADO),nutricion y desarrollo infantil,controles nuevos en ninos de 2 anos a < de 5 a,2006-05-01,0,0,2,2
EXALTACION,nutricion y desarrollo infantil,controles nuevos en ninos de 2 anos a < de 5 a,2006-05-01,4,4,5,9
FERNANDEZ ALONSO,nutricion y desarrollo infantil,controles nuevos en ninos de 2 anos a < de 5 a,2006-05-01,6,6,6,12
FILADELFIA,nutricion y desarrollo infantil,controles nuevos en ninos de 2 anos a < de 5 a,2006-05-01,2,2,0,2
GENERAL SAAVEDRA,nutricion y desarrollo infantil,controles nuevos en ninos de 2 anos a < de 5 a,2006-05-01,16,16,7,23
GRAL. J.J. PEREZ (CHARAZANI),nutricion y desarrollo infantil,controles nuevos en ninos de 2 anos a < de 5 a,2006-05-01,14,14,14,28
GUANAY,nutricion y desarrollo infantil,controles nuevos en ninos de 2 anos a < de 5 a,2006-05-01,0,0,1,1
GUAYARAMERIN,nutricion y desarrollo infantil,controles nuevos en ninos de 2 anos a < de 5 a,2006-05-01,3,3,4,7
HUACARETA,nutricion y desarrollo infantil,controles nuevos en ninos de 2 anos a < de 5 a,2006-05-01,11,11,13,24
HUACAYA (VILLA DE HUACAYA),nutricion y desarrollo infantil,controles nuevos en ninos de 2 anos a < de 5 a,2006-05-01,3,3,1,4
HUACHACALLA,nutricion y desarrollo infantil,controles nuevos en ninos de 2 anos a < de 5 a,2006-05-01,1,1,1,2
HUANUNI,nutricion y desarrollo infantil,controles nuevos en ninos de 2 anos a < de 5 a,2006-05-01,11,11,5,16
HUARACAJE,nutricion y desarrollo infantil,controles nuevos en ninos de 2 anos a < de 5 a,2006-05-01,0,0,1,1
HUAYLLAMARCA,nutricion y desarrollo infantil,controles nuevos en ninos de 2 anos a < de 5 a,2006-05-01,8,8,8,16
ICHOCA,nutricion y desarrollo infantil,controles nuevos en ninos de 2 anos a < de 5 a,2006-05-01,13,13,7,20
ICLA,nutricion y desarrollo infantil,controles nuevos en ninos de 2 anos a < de 5 a,2006-05-01,3,3,7,10
INCAHUASI,nutricion y desarrollo infantil,controles nuevos en ninos de 2 anos a < de 5 a,2006-05-01,26,26,21,47
INQUISIVI,nutricion y desarrollo infantil,controles nuevos en ninos de 2 anos a < de 5 a,2006-05-01,26,26,24,50
IRUPANA (VILLA DE LANZA),nutricion y desarrollo infantil,controles nuevos en ninos de 2 anos a < de 5 a,2006-05-01,11,11,8,19
IXIAMAS,nutricion y desarrollo infantil,controles nuevos en ninos de 2 anos a < de 5 a,2006-05-01,4,4,2,6
JESUS DE MACHACA,nutricion y desarrollo infantil,controles nuevos en ninos de 2 anos a < de 5 a,2006-05-01,1,1,2,3
LA ASUNTA,nutricion y desarrollo infantil,controles nuevos en ninos de 2 anos a < de 5 a,2006-05-01,12,12,11,23
LA GUARDIA,nutricion y desarrollo infantil,controles nuevos en ninos de 2 anos a < de 5 a,2006-05-01,11,11,12,23
LA PAZ,nutricion y desarrollo infantil,controles nuevos en ninos de 2 anos a < de 5 a,2006-05-01,1275,1275,1013,2288
LAGUNILLAS,nutricion y desarrollo infantil,controles nuevos en ninos de 2 anos a < de 5 a,2006-05-01,1,1,1,2
LAJA,nutricion y desarrollo infantil,controles nuevos en ninos de 2 anos a < de 5 a,2006-05-01,2,2,2,4
LAS CARRERAS,nutricion y desarrollo infantil,controles nuevos en ninos de 2 anos a < de 5 a,2006-05-01,5,5,3,8
LICOMA PAMPA,nutricion y desarrollo infantil,controles nuevos en ninos de 2 anos a < de 5 a,2006-05-01,1,1,4,5
LLALLAGUA,nutricion y desarrollo infantil,controles nuevos en ninos de 2 anos a < de 5 a,2006-05-01,7,7,12,19
LORETO,nutricion y desarrollo infantil,controles nuevos en ninos de 2 anos a < de 5 a,2006-05-01,7,7,9,16
LURIBAY,nutricion y desarrollo infantil,controles nuevos en ninos de 2 anos a < de 5 a,2006-05-01,1,1,5,6
MACHARETI,nutricion y desarrollo infantil,controles nuevos en ninos de 2 anos a < de 5 a,2006-05-01,15,15,6,21
MAGDALENA,nutricion y desarrollo infantil,controles nuevos en ninos de 2 anos a < de 5 a,2006-05-01,1,1,1,2
MALLA,nutricion y desarrollo infantil,controles nuevos en ninos de 2 anos a < de 5 a,2006-05-01,1,1,0,1
MAPIRI,nutricion y desarrollo infantil,controles nuevos en ninos de 2 anos a < de 5 a,2006-05-01,9,9,1,10
MECAPACA,nutricion y desarrollo infantil,controles nuevos en ninos de 2 anos a < de 5 a,2006-05-01,13,13,9,22
MINEROS,nutricion y desarrollo infantil,controles nuevos en ninos de 2 anos a < de 5 a,2006-05-01,10,10,4,14
MIZQUE,nutricion y desarrollo infantil,controles nuevos en ninos de 2 anos a < de 5 a,2006-05-01,5,5,10,15
MOJOCOYA,nutricion y desarrollo infantil,controles nuevos en ninos de 2 anos a < de 5 a,2006-05-01,2,2,3,5
MONTEAGUDO,nutricion y desarrollo infantil,controles nuevos en ninos de 2 anos a < de 5 a,2006-05-01,75,75,65,140
MONTERO,nutricion y desarrollo infantil,controles nuevos en ninos de 2 anos a < de 5 a,2006-05-01,55,55,41,96
MORO MORO,nutricion y desarrollo infantil,controles nuevos en ninos de 2 anos a < de 5 a,2006-05-01,1,1,1,2
MOROCHATA,nutricion y desarrollo infantil,controles nuevos en ninos de 2 anos a < de 5 a,2006-05-01,67,67,69,136
OCURI,nutricion y desarrollo infantil,controles nuevos en ninos de 2 anos a < de 5 a,2006-05-01,1,1,2,3
OKINAWA,nutricion y desarrollo infantil,controles nuevos en ninos de 2 anos a < de 5 a,2006-05-01,7,7,5,12
OMEREQUE,nutricion y desarrollo infantil,controles nuevos en ninos de 2 anos a < de 5 a,2006-05-01,0,0,1,1
ORURO,nutricion y desarrollo infantil,controles nuevos en ninos de 2 anos a < de 5 a,2006-05-01,196,196,178,374
PADCAYA,nutricion y desarrollo infantil,controles nuevos en ninos de 2 anos a < de 5 a,2006-05-01,6,6,13,19
PADILLA,nutricion y desarrollo infantil,controles nuevos en ninos de 2 anos a < de 5 a,2006-05-01,3,3,3,6
PAILON,nutricion y desarrollo infantil,controles nuevos en ninos de 2 anos a < de 5 a,2006-05-01,3,3,1,4
PALCA,nutricion y desarrollo infantil,controles nuevos en ninos de 2 anos a < de 5 a,2006-05-01,19,19,11,30
PALOS BLANCOS,nutricion y desarrollo infantil,controles nuevos en ninos de 2 anos a < de 5 a,2006-05-01,16,16,9,25
PASORAPA,nutricion y desarrollo infantil,controles nuevos en ninos de 2 anos a < de 5 a,2006-05-01,1,1,6,7
PATACAMAYA,nutricion y desarrollo infantil,controles nuevos en ninos de 2 anos a < de 5 a,2006-05-01,17,17,12,29
PELECHUCO,nutricion y desarrollo infantil,controles nuevos en ninos de 2 anos a < de 5 a,2006-05-01,4,4,4,8
POCOATA,nutricion y desarrollo infantil,controles nuevos en ninos de 2 anos a < de 5 a,2006-05-01,6,6,5,11
POCONA,nutricion y desarrollo infantil,controles nuevos en ninos de 2 anos a < de 5 a,2006-05-01,28,28,22,50
POJO (CBBA),nutricion y desarrollo infantil,controles nuevos en ninos de 2 anos a < de 5 a,2006-05-01,23,23,20,43
POOPO,nutricion y desarrollo infantil,controles nuevos en ninos de 2 anos a < de 5 a,2006-05-01,11,11,1,12
PORCO,nutricion y desarrollo infantil,controles nuevos en ninos de 2 anos a < de 5 a,2006-05-01,1,1,0,1
POROMA,nutricion y desarrollo infantil,controles nuevos en ninos de 2 anos a < de 5 a,2006-05-01,116,116,95,211
PORONGO,nutricion y desarrollo infantil,controles nuevos en ninos de 2 anos a < de 5 a,2006-05-01,11,11,9,20
PORTACHUELO,nutricion y desarrollo infantil,controles nuevos en ninos de 2 anos a < de 5 a,2006-05-01,49,49,39,88
PORVENIR,nutricion y desarrollo infantil,controles nuevos en ninos de 2 anos a < de 5 a,2006-05-01,1,1,2,3
POSTRER VALLE,nutricion y desarrollo infantil,controles nuevos en ninos de 2 anos a < de 5 a,2006-05-01,2,2,2,4
POTOSI,nutricion y desarrollo infantil,controles nuevos en ninos de 2 anos a < de 5 a,2006-05-01,203,203,226,429
PRESTO,nutricion y desarrollo infantil,controles nuevos en ninos de 2 anos a < de 5 a,2006-05-01,2,2,0,2
PUCARANI,nutricion y desarrollo infantil,controles nuevos en ninos de 2 anos a < de 5 a,2006-05-01,4,4,8,12
PUERTO ACOSTA,nutricion y desarrollo infantil,controles nuevos en ninos de 2 anos a < de 5 a,2006-05-01,6,6,6,12
PUERTO CARABUCO,nutricion y desarrollo infantil,controles nuevos en ninos de 2 anos a < de 5 a,2006-05-01,15,15,7,22
PUERTO GONZALO MORENO,nutricion y desarrollo infantil,controles nuevos en ninos de 2 anos a < de 5 a,2006-05-01,2,2,0,2
PUERTO QUIJARRO,nutricion y desarrollo infantil,controles nuevos en ninos de 2 anos a < de 5 a,2006-05-01,8,8,9,17
PUERTO RICO,nutricion y desarrollo infantil,controles nuevos en ninos de 2 anos a < de 5 a,2006-05-01,1,1,3,4
PUERTO SILES,nutricion y desarrollo infantil,controles nuevos en ninos de 2 anos a < de 5 a,2006-05-01,6,6,6,12
PUERTO VILLARROEL,nutricion y desarrollo infantil,controles nuevos en ninos de 2 anos a < de 5 a,2006-05-01,82,82,50,132
PUNA,nutricion y desarrollo infantil,controles nuevos en ninos de 2 anos a < de 5 a,2006-05-01,53,53,51,104
PUNATA,nutricion y desarrollo infantil,controles nuevos en ninos de 2 anos a < de 5 a,2006-05-01,105,105,106,211
QUIABAYA,nutricion y desarrollo infantil,controles nuevos en ninos de 2 anos a < de 5 a,2006-05-01,2,2,0,2
QUILLACOLLO,nutricion y desarrollo infantil,controles nuevos en ninos de 2 anos a < de 5 a,2006-05-01,218,218,241,459
QUIME,nutricion y desarrollo infantil,controles nuevos en ninos de 2 anos a < de 5 a,2006-05-01,1,1,4,5
REYES,nutricion y desarrollo infantil,controles nuevos en ninos de 2 anos a < de 5 a,2006-05-01,2,2,0,2
RIBERALTA,nutricion y desarrollo infantil,controles nuevos en ninos de 2 anos a < de 5 a,2006-05-01,39,39,25,64
ROBORE,nutricion y desarrollo infantil,controles nuevos en ninos de 2 anos a < de 5 a,2006-05-01,13,13,14,27
RURRENABAQUE,nutricion y desarrollo infantil,controles nuevos en ninos de 2 anos a < de 5 a,2006-05-01,2,2,0,2
SABAYA,nutricion y desarrollo infantil,controles nuevos en ninos de 2 anos a < de 5 a,2006-05-01,4,4,5,9
SACABA,nutricion y desarrollo infantil,controles nuevos en ninos de 2 anos a < de 5 a,2006-05-01,305,305,393,698
SACABAMBA,nutricion y desarrollo infantil,controles nuevos en ninos de 2 anos a < de 5 a,2006-05-01,7,7,6,13
SACACA,nutricion y desarrollo infantil,controles nuevos en ninos de 2 anos a < de 5 a,2006-05-01,10,10,5,15
SAIPINA,nutricion y desarrollo infantil,controles nuevos en ninos de 2 anos a < de 5 a,2006-05-01,3,3,3,6
SALINAS DE GARCI MENDOZA,nutricion y desarrollo infantil,controles nuevos en ninos de 2 anos a < de 5 a,2006-05-01,2,2,0,2
SAN ANDRES,nutricion y desarrollo infantil,controles nuevos en ninos de 2 anos a < de 5 a,2006-05-01,29,29,32,61
SAN ANDRES DE MACHACA,nutricion y desarrollo infantil,controles nuevos en ninos de 2 anos a < de 5 a,2006-05-01,11,11,15,26
SAN BENITO,nutricion y desarrollo infantil,controles nuevos en ninos de 2 anos a < de 5 a,2006-05-01,17,17,11,28
SAN BORJA,nutricion y desarrollo infantil,controles nuevos en ninos de 2 anos a < de 5 a,2006-05-01,6,6,7,13
SAN BUENA VENTURA,nutricion y desarrollo infantil,controles nuevos en ninos de 2 anos a < de 5 a,2006-05-01,6,6,5,11
SAN IGNACIO,nutricion y desarrollo infantil,controles nuevos en ninos de 2 anos a < de 5 a,2006-05-01,27,27,33,60
SAN IGNACIO DE VELASCO,nutricion y desarrollo infantil,controles nuevos en ninos de 2 anos a < de 5 a,2006-05-01,26,26,25,51
SAN JAVIER(BNI),nutricion y desarrollo infantil,controles nuevos en ninos de 2 anos a < de 5 a,2006-05-01,12,12,11,23
SAN JAVIER(STC),nutricion y desarrollo infantil,controles nuevos en ninos de 2 anos a < de 5 a,2006-05-01,2,2,2,4
SAN JOAQUIN,nutricion y desarrollo infantil,controles nuevos en ninos de 2 anos a < de 5 a,2006-05-01,4,4,3,7
SAN JOSE DE CHIQUITOS,nutricion y desarrollo infantil,controles nuevos en ninos de 2 anos a < de 5 a,2006-05-01,1,1,4,5
SAN JUAN DE YAPACANI,nutricion y desarrollo infantil,controles nuevos en ninos de 2 anos a < de 5 a,2006-05-01,1,1,0,1
SAN JULIAN,nutricion y desarrollo infantil,controles nuevos en ninos de 2 anos a < de 5 a,2006-05-01,32,32,40,72
SAN LORENZO(TJA),nutricion y desarrollo infantil,controles nuevos en ninos de 2 anos a < de 5 a,2006-05-01,29,29,26,55
SAN LUCAS,nutricion y desarrollo infantil,controles nuevos en ninos de 2 anos a < de 5 a,2006-05-01,76,76,112,188
SAN MATIAS,nutricion y desarrollo infantil,controles nuevos en ninos de 2 anos a < de 5 a,2006-05-01,1,1,1,2
SAN MIGUEL DE VELASCO,nutricion y desarrollo infantil,controles nuevos en ninos de 2 anos a < de 5 a,2006-05-01,0,0,1,1
SAN PABLO DE LIPEZ,nutricion y desarrollo infantil,controles nuevos en ninos de 2 anos a < de 5 a,2006-05-01,0,0,1,1
SAN PEDRO,nutricion y desarrollo infantil,controles nuevos en ninos de 2 anos a < de 5 a,2006-05-01,24,24,24,48
SAN PEDRO DE BUENA VISTA,nutricion y desarrollo infantil,controles nuevos en ninos de 2 anos a < de 5 a,2006-05-01,12,12,15,27
SAN PEDRO DE CURAHUARA,nutricion y desarrollo infantil,controles nuevos en ninos de 2 anos a < de 5 a,2006-05-01,1,1,2,3
SAN PEDRO DE TIQUINA,nutricion y desarrollo infantil,controles nuevos en ninos de 2 anos a < de 5 a,2006-05-01,4,4,3,7
SAN RAFAEL,nutricion y desarrollo infantil,controles nuevos en ninos de 2 anos a < de 5 a,2006-05-01,1,1,3,4
SAN RAMON,nutricion y desarrollo infantil,controles nuevos en ninos de 2 anos a < de 5 a,2006-05-01,1,1,0,1
SANTA ANA,nutricion y desarrollo infantil,controles nuevos en ninos de 2 anos a < de 5 a,2006-05-01,9,9,6,15
SANTA CRUZ DE LA SIERRA,nutricion y desarrollo infantil,controles nuevos en ninos de 2 anos a < de 5 a,2006-05-01,947,947,1020,1967
SANTA ROSA,nutricion y desarrollo infantil,controles nuevos en ninos de 2 anos a < de 5 a,2006-05-01,58,58,53,111
SANTA ROSA DEL SARA,nutricion y desarrollo infantil,controles nuevos en ninos de 2 anos a < de 5 a,2006-05-01,9,9,2,11
SANTIAGO DE CALLAPA,nutricion y desarrollo infantil,controles nuevos en ninos de 2 anos a < de 5 a,2006-05-01,5,5,4,9
SANTIAGO DE HUARI,nutricion y desarrollo infantil,controles nuevos en ninos de 2 anos a < de 5 a,2006-05-01,1,1,1,2
SANTIAGO DE MACHACA,nutricion y desarrollo infantil,controles nuevos en ninos de 2 anos a < de 5 a,2006-05-01,2,2,2,4
SANTIVAÑES,nutricion y desarrollo infantil,controles nuevos en ninos de 2 anos a < de 5 a,2006-05-01,4,4,2,6
SAPAHAQUI,nutricion y desarrollo infantil,controles nuevos en ninos de 2 anos a < de 5 a,2006-05-01,1,1,1,2
SIPE SIPE,nutricion y desarrollo infantil,controles nuevos en ninos de 2 anos a < de 5 a,2006-05-01,196,196,178,374
SORATA,nutricion y desarrollo infantil,controles nuevos en ninos de 2 anos a < de 5 a,2006-05-01,19,19,8,27
SUCRE,nutricion y desarrollo infantil,controles nuevos en ninos de 2 anos a < de 5 a,2006-05-01,378,378,428,806
TACACOMA,nutricion y desarrollo infantil,controles nuevos en ninos de 2 anos a < de 5 a,2006-05-01,0,0,1,1
TACOBAMBA,nutricion y desarrollo infantil,controles nuevos en ninos de 2 anos a < de 5 a,2006-05-01,8,8,10,18
TACOPAYA,nutricion y desarrollo infantil,controles nuevos en ninos de 2 anos a < de 5 a,2006-05-01,1,1,3,4
TAPACARI,nutricion y desarrollo infantil,controles nuevos en ninos de 2 anos a < de 5 a,2006-05-01,39,39,30,69
TARABUCO,nutricion y desarrollo infantil,controles nuevos en ninos de 2 anos a < de 5 a,2006-05-01,13,13,13,26
TARACO,nutricion y desarrollo infantil,controles nuevos en ninos de 2 anos a < de 5 a,2006-05-01,5,5,6,11
TARATA,nutricion y desarrollo infantil,controles nuevos en ninos de 2 anos a < de 5 a,2006-05-01,36,36,32,68
TARIJA,nutricion y desarrollo infantil,controles nuevos en ninos de 2 anos a < de 5 a,2006-05-01,382,382,354,736
TARVITA,nutricion y desarrollo infantil,controles nuevos en ninos de 2 anos a < de 5 a,2006-05-01,7,7,9,16
TEOPONTE,nutricion y desarrollo infantil,controles nuevos en ninos de 2 anos a < de 5 a,2006-05-01,1,1,2,3
TIAWANACU,nutricion y desarrollo infantil,controles nuevos en ninos de 2 anos a < de 5 a,2006-05-01,1,1,2,3
TINGUIPAYA,nutricion y desarrollo infantil,controles nuevos en ninos de 2 anos a < de 5 a,2006-05-01,61,61,40,101
TIQUIPAYA,nutricion y desarrollo infantil,controles nuevos en ninos de 2 anos a < de 5 a,2006-05-01,118,118,98,216
TIRAQUE (CBBA),nutricion y desarrollo infantil,controles nuevos en ninos de 2 anos a < de 5 a,2006-05-01,132,132,143,275
TITO YUPANQUI (PARQUIPUJIO),nutricion y desarrollo infantil,controles nuevos en ninos de 2 anos a < de 5 a,2006-05-01,0,0,1,1
TOCO,nutricion y desarrollo infantil,controles nuevos en ninos de 2 anos a < de 5 a,2006-05-01,3,3,0,3
TODOS SANTOS,nutricion y desarrollo infantil,controles nuevos en ninos de 2 anos a < de 5 a,2006-05-01,2,2,2,4
TOLATA,nutricion y desarrollo infantil,controles nuevos en ninos de 2 anos a < de 5 a,2006-05-01,46,46,34,80
TOLEDO,nutricion y desarrollo infantil,controles nuevos en ninos de 2 anos a < de 5 a,2006-05-01,5,5,9,14
TOMAVE,nutricion y desarrollo infantil,controles nuevos en ninos de 2 anos a < de 5 a,2006-05-01,0,0,4,4
TOTORA(CBBA),nutricion y desarrollo infantil,controles nuevos en ninos de 2 anos a < de 5 a,2006-05-01,16,16,9,25
TOTORA(ORR),nutricion y desarrollo infantil,controles nuevos en ninos de 2 anos a < de 5 a,2006-05-01,6,6,3,9
TRINIDAD,nutricion y desarrollo infantil,controles nuevos en ninos de 2 anos a < de 5 a,2006-05-01,291,291,232,523
TUPIZA,nutricion y desarrollo infantil,controles nuevos en ninos de 2 anos a < de 5 a,2006-05-01,112,112,5,117
TURCO,nutricion y desarrollo infantil,controles nuevos en ninos de 2 anos a < de 5 a,2006-05-01,2,2,3,5
UMALA,nutricion y desarrollo infantil,controles nuevos en ninos de 2 anos a < de 5 a,2006-05-01,1,1,1,2
UNCIA,nutricion y desarrollo infantil,controles nuevos en ninos de 2 anos a < de 5 a,2006-05-01,7,7,10,17
URIONDO (A. CONCEPCION),nutricion y desarrollo infantil,controles nuevos en ninos de 2 anos a < de 5 a,2006-05-01,1,1,1,2
UYUNI,nutricion y desarrollo infantil,controles nuevos en ninos de 2 anos a < de 5 a,2006-05-01,0,0,1,1
VACAS,nutricion y desarrollo infantil,controles nuevos en ninos de 2 anos a < de 5 a,2006-05-01,16,16,12,28
VALLEGRANDE,nutricion y desarrollo infantil,controles nuevos en ninos de 2 anos a < de 5 a,2006-05-01,3,3,5,8
VIACHA,nutricion y desarrollo infantil,controles nuevos en ninos de 2 anos a < de 5 a,2006-05-01,31,31,30,61
VILA VILA,nutricion y desarrollo infantil,controles nuevos en ninos de 2 anos a < de 5 a,2006-05-01,11,11,12,23
VILLA MONTES,nutricion y desarrollo infantil,controles nuevos en ninos de 2 anos a < de 5 a,2006-05-01,24,24,29,53
VILLA NUEVA (LOMA ALTA),nutricion y desarrollo infantil,controles nuevos en ninos de 2 anos a < de 5 a,2006-05-01,2,2,2,4
VILLA RIVERO,nutricion y desarrollo infantil,controles nuevos en ninos de 2 anos a < de 5 a,2006-05-01,4,4,6,10
VILLA SERRANO,nutricion y desarrollo infantil,controles nuevos en ninos de 2 anos a < de 5 a,2006-05-01,9,9,6,15
VILLA TUNARI,nutricion y desarrollo infantil,controles nuevos en ninos de 2 anos a < de 5 a,2006-05-01,238,238,198,436
VILLA VACA GUZMAN (MUYUPAMPA),nutricion y desarrollo infantil,controles nuevos en ninos de 2 anos a < de 5 a,2006-05-01,7,7,17,24
VILLAZON,nutricion y desarrollo infantil,controles nuevos en ninos de 2 anos a < de 5 a,2006-05-01,2,2,2,4
VINTO,nutricion y desarrollo infantil,controles nuevos en ninos de 2 anos a < de 5 a,2006-05-01,194,194,145,339
WARNES,nutricion y desarrollo infantil,controles nuevos en ninos de 2 anos a < de 5 a,2006-05-01,27,27,35,62
YACO,nutricion y desarrollo infantil,controles nuevos en ninos de 2 anos a < de 5 a,2006-05-01,12,12,13,25
YACUIBA,nutricion y desarrollo infantil,controles nuevos en ninos de 2 anos a < de 5 a,2006-05-01,167,167,162,329
YAMPARAEZ,nutricion y desarrollo infantil,controles nuevos en ninos de 2 anos a < de 5 a,2006-05-01,1,1,4,5
YANACACHI,nutricion y desarrollo infantil,controles nuevos en ninos de 2 anos a < de 5 a,2006-05-01,2,2,0,2
YAPACANI,nutricion y desarrollo infantil,controles nuevos en ninos de 2 anos a < de 5 a,2006-05-01,1,1,1,2
YOCALLA,nutricion y desarrollo infantil,controles nuevos en ninos de 2 anos a < de 5 a,2006-05-01,0,0,1,1
YOTALA,nutricion y desarrollo infantil,controles nuevos en ninos de 2 anos a < de 5 a,2006-05-01,5,5,2,7
YUNCHARA,nutricion y desarrollo infantil,controles nuevos en ninos de 2 anos a < de 5 a,2006-05-01,31,31,17,48
ZUDAÑEZ,nutricion y desarrollo infantil,controles nuevos en ninos de 2 anos a < de 5 a,2006-05-01,6,6,1,7
ACACIO,nutricion y desarrollo infantil,controles nuevos en ninos de 2 anos a < de 5 a,2006-06-01,0,0,1,1
ACHACACHI,nutricion y desarrollo infantil,controles nuevos en ninos de 2 anos a < de 5 a,2006-06-01,34,34,35,69
AIQUILE,nutricion y desarrollo infantil,controles nuevos en ninos de 2 anos a < de 5 a,2006-06-01,14,14,8,22
ANCORAIMES,nutricion y desarrollo infantil,controles nuevos en ninos de 2 anos a < de 5 a,2006-06-01,8,8,2,10
ANDAMARCA,nutricion y desarrollo infantil,controles nuevos en ninos de 2 anos a < de 5 a,2006-06-01,7,7,10,17
ANTEQUERA,nutricion y desarrollo infantil,controles nuevos en ninos de 2 anos a < de 5 a,2006-06-01,5,5,6,11
ANZALDO,nutricion y desarrollo infantil,controles nuevos en ninos de 2 anos a < de 5 a,2006-06-01,42,42,24,66
APOLO,nutricion y desarrollo infantil,controles nuevos en ninos de 2 anos a < de 5 a,2006-06-01,6,6,7,13
ARAMPAMPA,nutricion y desarrollo infantil,controles nuevos en ninos de 2 anos a < de 5 a,2006-06-01,1,1,0,1
ARANI,nutricion y desarrollo infantil,controles nuevos en ninos de 2 anos a < de 5 a,2006-06-01,5,5,14,19
ARBIETO,nutricion y desarrollo infantil,controles nuevos en ninos de 2 anos a < de 5 a,2006-06-01,21,21,13,34
ARQUE,nutricion y desarrollo infantil,controles nuevos en ninos de 2 anos a < de 5 a,2006-06-01,3,3,3,6
ASCENCION DE GUARAYOS,nutricion y desarrollo infantil,controles nuevos en ninos de 2 anos a < de 5 a,2006-06-01,21,21,13,34
AUCAPATA,nutricion y desarrollo infantil,controles nuevos en ninos de 2 anos a < de 5 a,2006-06-01,16,16,10,26
AYATA,nutricion y desarrollo infantil,controles nuevos en ninos de 2 anos a < de 5 a,2006-06-01,33,33,38,71
AYO AYO,nutricion y desarrollo infantil,controles nuevos en ninos de 2 anos a < de 5 a,2006-06-01,1,1,2,3
AYOPAYA (V. DE INDEPENDENCIA),nutricion y desarrollo infantil,controles nuevos en ninos de 2 anos a < de 5 a,2006-06-01,113,113,97,210
AZURDUY,nutricion y desarrollo infantil,controles nuevos en ninos de 2 anos a < de 5 a,2006-06-01,9,9,5,14
BATALLAS,nutricion y desarrollo infantil,controles nuevos en ninos de 2 anos a < de 5 a,2006-06-01,2,2,3,5
BELLA FLOR,nutricion y desarrollo infantil,controles nuevos en ninos de 2 anos a < de 5 a,2006-06-01,18,18,20,38
BERMEJO,nutricion y desarrollo infantil,controles nuevos en ninos de 2 anos a < de 5 a,2006-06-01,12,12,16,28
BETANZOS,nutricion y desarrollo infantil,controles nuevos en ninos de 2 anos a < de 5 a,2006-06-01,6,6,8,14
BOLIVAR,nutricion y desarrollo infantil,controles nuevos en ninos de 2 anos a < de 5 a,2006-06-01,3,3,4,7
BOYUIBE,nutricion y desarrollo infantil,controles nuevos en ninos de 2 anos a < de 5 a,2006-06-01,1,1,0,1
BUENA VISTA,nutricion y desarrollo infantil,controles nuevos en ninos de 2 anos a < de 5 a,2006-06-01,1,1,26,27
CABEZAS,nutricion y desarrollo infantil,controles nuevos en ninos de 2 anos a < de 5 a,2006-06-01,0,0,9,9
CAIROMA,nutricion y desarrollo infantil,controles nuevos en ninos de 2 anos a < de 5 a,2006-06-01,3,3,5,8
"CAIZA ""D""",nutricion y desarrollo infantil,controles nuevos en ninos de 2 anos a < de 5 a,2006-06-01,6,6,3,9
CAJUATA,nutricion y desarrollo infantil,controles nuevos en ninos de 2 anos a < de 5 a,2006-06-01,4,4,2,6
CALACOTO,nutricion y desarrollo infantil,controles nuevos en ninos de 2 anos a < de 5 a,2006-06-01,5,5,1,6
CALAMARCA,nutricion y desarrollo infantil,controles nuevos en ninos de 2 anos a < de 5 a,2006-06-01,6,6,11,17
CAMARGO,nutricion y desarrollo infantil,controles nuevos en ninos de 2 anos a < de 5 a,2006-06-01,1,1,8,9
CAMATAQUI (C. VILLA ABECIA),nutricion y desarrollo infantil,controles nuevos en ninos de 2 anos a < de 5 a,2006-06-01,1,1,1,2
CAMIRI,nutricion y desarrollo infantil,controles nuevos en ninos de 2 anos a < de 5 a,2006-06-01,47,47,29,76
CARACOLLO,nutricion y desarrollo infantil,controles nuevos en ninos de 2 anos a < de 5 a,2006-06-01,10,10,8,18
CARANAVI,nutricion y desarrollo infantil,controles nuevos en ninos de 2 anos a < de 5 a,2006-06-01,52,52,56,108
CARANGAS,nutricion y desarrollo infantil,controles nuevos en ninos de 2 anos a < de 5 a,2006-06-01,0,0,1,1
CARAPARI,nutricion y desarrollo infantil,controles nuevos en ninos de 2 anos a < de 5 a,2006-06-01,0,0,1,1
CARIPUYO,nutricion y desarrollo infantil,controles nuevos en ninos de 2 anos a < de 5 a,2006-06-01,37,37,40,77
CARMEN RIVERO TORREZ,nutricion y desarrollo infantil,controles nuevos en ninos de 2 anos a < de 5 a,2006-06-01,3,3,4,7
CHACARILLA,nutricion y desarrollo infantil,controles nuevos en ninos de 2 anos a < de 5 a,2006-06-01,1,1,2,3
CHALLAPATA,nutricion y desarrollo infantil,controles nuevos en ninos de 2 anos a < de 5 a,2006-06-01,8,8,6,14
CHARAGUA,nutricion y desarrollo infantil,controles nuevos en ninos de 2 anos a < de 5 a,2006-06-01,11,11,9,20
CHAYANTA,nutricion y desarrollo infantil,controles nuevos en ninos de 2 anos a < de 5 a,2006-06-01,3,3,6,9
CHIMORE,nutricion y desarrollo infantil,controles nuevos en ninos de 2 anos a < de 5 a,2006-06-01,52,52,39,91
CHOQUE COTA,nutricion y desarrollo infantil,controles nuevos en ninos de 2 anos a < de 5 a,2006-06-01,0,0,1,1
CHULUMANI (V. DE LA LIBERTAD),nutricion y desarrollo infantil,controles nuevos en ninos de 2 anos a < de 5 a,2006-06-01,4,4,3,7
CHUMA,nutricion y desarrollo infantil,controles nuevos en ninos de 2 anos a < de 5 a,2006-06-01,27,27,23,50
CLIZA,nutricion y desarrollo infantil,controles nuevos en ninos de 2 anos a < de 5 a,2006-06-01,16,16,12,28
COBIJA,nutricion y desarrollo infantil,controles nuevos en ninos de 2 anos a < de 5 a,2006-06-01,31,31,40,71
COCHABAMBA,nutricion y desarrollo infantil,controles nuevos en ninos de 2 anos a < de 5 a,2006-06-01,1046,1046,884,1930
COLCAPIRHUA,nutricion y desarrollo infantil,controles nuevos en ninos de 2 anos a < de 5 a,2006-06-01,290,290,235,525
COLOMI,nutricion y desarrollo infantil,controles nuevos en ninos de 2 anos a < de 5 a,2006-06-01,69,69,79,148
COLPA BELGICA,nutricion y desarrollo infantil,controles nuevos en ninos de 2 anos a < de 5 a,2006-06-01,1,1,5,6
COLQUECHACA,nutricion y desarrollo infantil,controles nuevos en ninos de 2 anos a < de 5 a,2006-06-01,1,1,1,2
COLQUENCHA,nutricion y desarrollo infantil,controles nuevos en ninos de 2 anos a < de 5 a,2006-06-01,2,2,3,5
COLQUIRI,nutricion y desarrollo infantil,controles nuevos en ninos de 2 anos a < de 5 a,2006-06-01,2,2,2,4
CONCEPCION,nutricion y desarrollo infantil,controles nuevos en ninos de 2 anos a < de 5 a,2006-06-01,3,3,0,3
COPACABANA,nutricion y desarrollo infantil,controles nuevos en ninos de 2 anos a < de 5 a,2006-06-01,4,4,3,7
CORIPATA,nutricion y desarrollo infantil,controles nuevos en ninos de 2 anos a < de 5 a,2006-06-01,29,29,15,44
CORO CORO,nutricion y desarrollo infantil,controles nuevos en ninos de 2 anos a < de 5 a,2006-06-01,3,3,2,5
COROICO,nutricion y desarrollo infantil,controles nuevos en ninos de 2 anos a < de 5 a,2006-06-01,29,29,30,59
CORQUE,nutricion y desarrollo infantil,controles nuevos en ninos de 2 anos a < de 5 a,2006-06-01,1,1,1,2
COTAGAITA,nutricion y desarrollo infantil,controles nuevos en ninos de 2 anos a < de 5 a,2006-06-01,3,3,9,12
COTOCA,nutricion y desarrollo infantil,controles nuevos en ninos de 2 anos a < de 5 a,2006-06-01,2,2,2,4
CUATRO CAÑADAS,nutricion y desarrollo infantil,controles nuevos en ninos de 2 anos a < de 5 a,2006-06-01,63,63,56,119
CUCHUMUELA (V. G. VILLARROEL),nutricion y desarrollo infantil,controles nuevos en ninos de 2 anos a < de 5 a,2006-06-01,2,2,1,3
CULPINA,nutricion y desarrollo infantil,controles nuevos en ninos de 2 anos a < de 5 a,2006-06-01,18,18,14,32
CURAHUARA DE CARANGAS,nutricion y desarrollo infantil,controles nuevos en ninos de 2 anos a < de 5 a,2006-06-01,1,1,4,5
CURVA,nutricion y desarrollo infantil,controles nuevos en ninos de 2 anos a < de 5 a,2006-06-01,1,1,0,1
DESAGUADERO,nutricion y desarrollo infantil,controles nuevos en ninos de 2 anos a < de 5 a,2006-06-01,3,3,0,3
EL ALTO,nutricion y desarrollo infantil,controles nuevos en ninos de 2 anos a < de 5 a,2006-06-01,1694,1694,1609,3303
EL CHORO,nutricion y desarrollo infantil,controles nuevos en ninos de 2 anos a < de 5 a,2006-06-01,3,3,0,3
EL PUENTE(STC),nutricion y desarrollo infantil,controles nuevos en ninos de 2 anos a < de 5 a,2006-06-01,10,10,14,24
EL TORNO,nutricion y desarrollo infantil,controles nuevos en ninos de 2 anos a < de 5 a,2006-06-01,1,1,2,3
ENTRE RIOS,nutricion y desarrollo infantil,controles nuevos en ninos de 2 anos a < de 5 a,2006-06-01,105,105,111,216
ENTRE RIOS,nutricion y desarrollo infantil,controles nuevos en ninos de 2 anos a < de 5 a,2006-06-01,2,2,0,2
EUREKA (SANTOS MERCADO),nutricion y desarrollo infantil,controles nuevos en ninos de 2 anos a < de 5 a,2006-06-01,2,2,1,3
EXALTACION,nutricion y desarrollo infantil,controles nuevos en ninos de 2 anos a < de 5 a,2006-06-01,0,0,3,3
FERNANDEZ ALONSO,nutricion y desarrollo infantil,controles nuevos en ninos de 2 anos a < de 5 a,2006-06-01,3,3,2,5
GENERAL SAAVEDRA,nutricion y desarrollo infantil,controles nuevos en ninos de 2 anos a < de 5 a,2006-06-01,9,9,8,17
GRAL. J.J. PEREZ (CHARAZANI),nutricion y desarrollo infantil,controles nuevos en ninos de 2 anos a < de 5 a,2006-06-01,4,4,2,6
GUANAY,nutricion y desarrollo infantil,controles nuevos en ninos de 2 anos a < de 5 a,2006-06-01,6,6,4,10
GUAQUI,nutricion y desarrollo infantil,controles nuevos en ninos de 2 anos a < de 5 a,2006-06-01,1,1,3,4
GUAYARAMERIN,nutricion y desarrollo infantil,controles nuevos en ninos de 2 anos a < de 5 a,2006-06-01,72,72,43,115
GUTIERREZ,nutricion y desarrollo infantil,controles nuevos en ninos de 2 anos a < de 5 a,2006-06-01,12,12,19,31
HUACARETA,nutricion y desarrollo infantil,controles nuevos en ninos de 2 anos a < de 5 a,2006-06-01,15,15,17,32
HUACHACALLA,nutricion y desarrollo infantil,controles nuevos en ninos de 2 anos a < de 5 a,2006-06-01,2,2,0,2
HUANUNI,nutricion y desarrollo infantil,controles nuevos en ninos de 2 anos a < de 5 a,2006-06-01,8,8,4,12
HUARACAJE,nutricion y desarrollo infantil,controles nuevos en ninos de 2 anos a < de 5 a,2006-06-01,0,0,1,1
HUAYLLAMARCA,nutricion y desarrollo infantil,controles nuevos en ninos de 2 anos a < de 5 a,2006-06-01,2,2,2,4
ICHOCA,nutricion y desarrollo infantil,controles nuevos en ninos de 2 anos a < de 5 a,2006-06-01,5,5,5,10
ICLA,nutricion y desarrollo infantil,controles nuevos en ninos de 2 anos a < de 5 a,2006-06-01,0,0,1,1
INCAHUASI,nutricion y desarrollo infantil,controles nuevos en ninos de 2 anos a < de 5 a,2006-06-01,3,3,1,4
INGAVI (HUMAITA),nutricion y desarrollo infantil,controles nuevos en ninos de 2 anos a < de 5 a,2006-06-01,1,1,1,2
INQUISIVI,nutricion y desarrollo infantil,controles nuevos en ninos de 2 anos a < de 5 a,2006-06-01,9,9,12,21
IRUPANA (VILLA DE LANZA),nutricion y desarrollo infantil,controles nuevos en ninos de 2 anos a < de 5 a,2006-06-01,11,11,6,17
IXIAMAS,nutricion y desarrollo infantil,controles nuevos en ninos de 2 anos a < de 5 a,2006-06-01,3,3,12,15
JESUS DE MACHACA,nutricion y desarrollo infantil,controles nuevos en ninos de 2 anos a < de 5 a,2006-06-01,0,0,1,1
LA ASUNTA,nutricion y desarrollo infantil,controles nuevos en ninos de 2 anos a < de 5 a,2006-06-01,12,12,7,19
LA GUARDIA,nutricion y desarrollo infantil,controles nuevos en ninos de 2 anos a < de 5 a,2006-06-01,19,19,20,39
LA PAZ,nutricion y desarrollo infantil,controles nuevos en ninos de 2 anos a < de 5 a,2006-06-01,689,689,587,1276
LAGUNILLAS,nutricion y desarrollo infantil,controles nuevos en ninos de 2 anos a < de 5 a,2006-06-01,1,1,0,1
LAJA,nutricion y desarrollo infantil,controles nuevos en ninos de 2 anos a < de 5 a,2006-06-01,19,19,20,39
LAS CARRERAS,nutricion y desarrollo infantil,controles nuevos en ninos de 2 anos a < de 5 a,2006-06-01,4,4,1,5
LICOMA PAMPA,nutricion y desarrollo infantil,controles nuevos en ninos de 2 anos a < de 5 a,2006-06-01,2,2,2,4
LLALLAGUA,nutricion y desarrollo infantil,controles nuevos en ninos de 2 anos a < de 5 a,2006-06-01,83,83,56,139
LORETO,nutricion y desarrollo infantil,controles nuevos en ninos de 2 anos a < de 5 a,2006-06-01,9,9,5,14
LURIBAY,nutricion y desarrollo infantil,controles nuevos en ninos de 2 anos a < de 5 a,2006-06-01,0,0,2,2
MACHACAMARCA,nutricion y desarrollo infantil,controles nuevos en ninos de 2 anos a < de 5 a,2006-06-01,2,2,1,3
MACHARETI,nutricion y desarrollo infantil,controles nuevos en ninos de 2 anos a < de 5 a,2006-06-01,5,5,4,9
MAGDALENA,nutricion y desarrollo infantil,controles nuevos en ninos de 2 anos a < de 5 a,2006-06-01,0,0,1,1
MALLA,nutricion y desarrollo infantil,controles nuevos en ninos de 2 anos a < de 5 a,2006-06-01,2,2,0,2
MAPIRI,nutricion y desarrollo infantil,controles nuevos en ninos de 2 anos a < de 5 a,2006-06-01,0,0,3,3
MECAPACA,nutricion y desarrollo infantil,controles nuevos en ninos de 2 anos a < de 5 a,2006-06-01,13,13,8,21
MINEROS,nutricion y desarrollo infantil,controles nuevos en ninos de 2 anos a < de 5 a,2006-06-01,15,15,15,30
MIZQUE,nutricion y desarrollo infantil,controles nuevos en ninos de 2 anos a < de 5 a,2006-06-01,8,8,16,24
MOCOMOCO,nutricion y desarrollo infantil,controles nuevos en ninos de 2 anos a < de 5 a,2006-06-01,1,1,2,3
MOJOCOYA,nutricion y desarrollo infantil,controles nuevos en ninos de 2 anos a < de 5 a,2006-06-01,1,1,1,2
MONTEAGUDO,nutricion y desarrollo infantil,controles nuevos en ninos de 2 anos a < de 5 a,2006-06-01,19,19,22,41
MONTERO,nutricion y desarrollo infantil,controles nuevos en ninos de 2 anos a < de 5 a,2006-06-01,150,150,168,318
MORO MORO,nutricion y desarrollo infantil,controles nuevos en ninos de 2 anos a < de 5 a,2006-06-01,1,1,0,1
MOROCHATA,nutricion y desarrollo infantil,controles nuevos en ninos de 2 anos a < de 5 a,2006-06-01,48,48,45,93
NACEBE (SANTA ROSA DEL ABUNA),nutricion y desarrollo infantil,controles nuevos en ninos de 2 anos a < de 5 a,2006-06-01,1,1,1,2
NAZACARA DE PACAJES,nutricion y desarrollo infantil,controles nuevos en ninos de 2 anos a < de 5 a,2006-06-01,8,8,1,9
OCURI,nutricion y desarrollo infantil,controles nuevos en ninos de 2 anos a < de 5 a,2006-06-01,3,3,2,5
OKINAWA,nutricion y desarrollo infantil,controles nuevos en ninos de 2 anos a < de 5 a,2006-06-01,16,16,9,25
ORURO,nutricion y desarrollo infantil,controles nuevos en ninos de 2 anos a < de 5 a,2006-06-01,296,296,251,547
PADCAYA,nutricion y desarrollo infantil,controles nuevos en ninos de 2 anos a < de 5 a,2006-06-01,3,3,2,5
PADILLA,nutricion y desarrollo infantil,controles nuevos en ninos de 2 anos a < de 5 a,2006-06-01,1,1,2,3
PALCA,nutricion y desarrollo infantil,controles nuevos en ninos de 2 anos a < de 5 a,2006-06-01,10,10,6,16
PALOS BLANCOS,nutricion y desarrollo infantil,controles nuevos en ninos de 2 anos a < de 5 a,2006-06-01,4,4,2,6
PASORAPA,nutricion y desarrollo infantil,controles nuevos en ninos de 2 anos a < de 5 a,2006-06-01,3,3,0,3
PATACAMAYA,nutricion y desarrollo infantil,controles nuevos en ninos de 2 anos a < de 5 a,2006-06-01,51,51,15,66
PELECHUCO,nutricion y desarrollo infantil,controles nuevos en ninos de 2 anos a < de 5 a,2006-06-01,0,0,2,2
POCOATA,nutricion y desarrollo infantil,controles nuevos en ninos de 2 anos a < de 5 a,2006-06-01,8,8,7,15
POCONA,nutricion y desarrollo infantil,controles nuevos en ninos de 2 anos a < de 5 a,2006-06-01,10,10,15,25
POJO (CBBA),nutricion y desarrollo infantil,controles nuevos en ninos de 2 anos a < de 5 a,2006-06-01,9,9,7,16
POOPO,nutricion y desarrollo infantil,controles nuevos en ninos de 2 anos a < de 5 a,2006-06-01,5,5,8,13
PORCO,nutricion y desarrollo infantil,controles nuevos en ninos de 2 anos a < de 5 a,2006-06-01,1,1,0,1
POROMA,nutricion y desarrollo infantil,controles nuevos en ninos de 2 anos a < de 5 a,2006-06-01,48,48,48,96
PORONGO,nutricion y desarrollo infantil,controles nuevos en ninos de 2 anos a < de 5 a,2006-06-01,0,0,1,1
PORTACHUELO,nutricion y desarrollo infantil,controles nuevos en ninos de 2 anos a < de 5 a,2006-06-01,2,2,0,2
POSTRER VALLE,nutricion y desarrollo infantil,controles nuevos en ninos de 2 anos a < de 5 a,2006-06-01,1,1,2,3
POTOSI,nutricion y desarrollo infantil,controles nuevos en ninos de 2 anos a < de 5 a,2006-06-01,193,193,206,399
PRESTO,nutricion y desarrollo infantil,controles nuevos en ninos de 2 anos a < de 5 a,2006-06-01,2,2,2,4
PUCARA,nutricion y desarrollo infantil,controles nuevos en ninos de 2 anos a < de 5 a,2006-06-01,3,3,1,4
PUCARANI,nutricion y desarrollo infantil,controles nuevos en ninos de 2 anos a < de 5 a,2006-06-01,16,16,6,22
PUERTO ACOSTA,nutricion y desarrollo infantil,controles nuevos en ninos de 2 anos a < de 5 a,2006-06-01,3,3,5,8
PUERTO CARABUCO,nutricion y desarrollo infantil,controles nuevos en ninos de 2 anos a < de 5 a,2006-06-01,10,10,4,14
PUERTO GONZALO MORENO,nutricion y desarrollo infantil,controles nuevos en ninos de 2 anos a < de 5 a,2006-06-01,1,1,0,1
PUERTO QUIJARRO,nutricion y desarrollo infantil,controles nuevos en ninos de 2 anos a < de 5 a,2006-06-01,4,4,5,9
PUERTO RICO,nutricion y desarrollo infantil,controles nuevos en ninos de 2 anos a < de 5 a,2006-06-01,0,0,1,1
PUERTO SILES,nutricion y desarrollo infantil,controles nuevos en ninos de 2 anos a < de 5 a,2006-06-01,0,0,3,3
PUERTO SUAREZ,nutricion y desarrollo infantil,controles nuevos en ninos de 2 anos a < de 5 a,2006-06-01,7,7,15,22
PUERTO VILLARROEL,nutricion y desarrollo infantil,controles nuevos en ninos de 2 anos a < de 5 a,2006-06-01,75,75,68,143
PUNA,nutricion y desarrollo infantil,controles nuevos en ninos de 2 anos a < de 5 a,2006-06-01,18,18,23,41
PUNATA,nutricion y desarrollo infantil,controles nuevos en ninos de 2 anos a < de 5 a,2006-06-01,114,114,110,224
QUILLACOLLO,nutricion y desarrollo infantil,controles nuevos en ninos de 2 anos a < de 5 a,2006-06-01,215,215,221,436
QUIME,nutricion y desarrollo infantil,controles nuevos en ninos de 2 anos a < de 5 a,2006-06-01,1,1,3,4
RAVELO,nutricion y desarrollo infantil,controles nuevos en ninos de 2 anos a < de 5 a,2006-06-01,24,24,22,46
REYES,nutricion y desarrollo infantil,controles nuevos en ninos de 2 anos a < de 5 a,2006-06-01,0,0,4,4
RIBERALTA,nutricion y desarrollo infantil,controles nuevos en ninos de 2 anos a < de 5 a,2006-06-01,57,57,67,124
ROBORE,nutricion y desarrollo infantil,controles nuevos en ninos de 2 anos a < de 5 a,2006-06-01,6,6,9,15
RURRENABAQUE,nutricion y desarrollo infantil,controles nuevos en ninos de 2 anos a < de 5 a,2006-06-01,1,1,4,5
SABAYA,nutricion y desarrollo infantil,controles nuevos en ninos de 2 anos a < de 5 a,2006-06-01,3,3,4,7
SACABA,nutricion y desarrollo infantil,controles nuevos en ninos de 2 anos a < de 5 a,2006-06-01,221,221,190,411
SACABAMBA,nutricion y desarrollo infantil,controles nuevos en ninos de 2 anos a < de 5 a,2006-06-01,11,11,5,16
SACACA,nutricion y desarrollo infantil,controles nuevos en ninos de 2 anos a < de 5 a,2006-06-01,15,15,13,28
SAIPINA,nutricion y desarrollo infantil,controles nuevos en ninos de 2 anos a < de 5 a,2006-06-01,4,4,7,11
SAN AGUSTIN,nutricion y desarrollo infantil,controles nuevos en ninos de 2 anos a < de 5 a,2006-06-01,27,27,15,42
SAN ANDRES,nutricion y desarrollo infantil,controles nuevos en ninos de 2 anos a < de 5 a,2006-06-01,25,25,26,51
SAN ANDRES DE MACHACA,nutricion y desarrollo infantil,controles nuevos en ninos de 2 anos a < de 5 a,2006-06-01,2,2,2,4
SAN BENITO,nutricion y desarrollo infantil,controles nuevos en ninos de 2 anos a < de 5 a,2006-06-01,22,22,14,36
SAN BORJA,nutricion y desarrollo infantil,controles nuevos en ninos de 2 anos a < de 5 a,2006-06-01,5,5,5,10
SAN BUENA VENTURA,nutricion y desarrollo infantil,controles nuevos en ninos de 2 anos a < de 5 a,2006-06-01,8,8,8,16
SAN IGNACIO,nutricion y desarrollo infantil,controles nuevos en ninos de 2 anos a < de 5 a,2006-06-01,34,34,32,66
SAN IGNACIO DE VELASCO,nutricion y desarrollo infantil,controles nuevos en ninos de 2 anos a < de 5 a,2006-06-01,26,26,27,53
SAN JAVIER(BNI),nutricion y desarrollo infantil,controles nuevos en ninos de 2 anos a < de 5 a,2006-06-01,3,3,4,7
SAN JAVIER(STC),nutricion y desarrollo infantil,controles nuevos en ninos de 2 anos a < de 5 a,2006-06-01,3,3,5,8
SAN JOAQUIN,nutricion y desarrollo infantil,controles nuevos en ninos de 2 anos a < de 5 a,2006-06-01,3,3,0,3
SAN JOSE DE CHIQUITOS,nutricion y desarrollo infantil,controles nuevos en ninos de 2 anos a < de 5 a,2006-06-01,1,1,2,3
SAN JUAN DE YAPACANI,nutricion y desarrollo infantil,controles nuevos en ninos de 2 anos a < de 5 a,2006-06-01,4,4,0,4
SAN JULIAN,nutricion y desarrollo infantil,controles nuevos en ninos de 2 anos a < de 5 a,2006-06-01,50,50,53,103
SAN LORENZO(PND),nutricion y desarrollo infantil,controles nuevos en ninos de 2 anos a < de 5 a,2006-06-01,9,9,10,19
SAN LORENZO(TJA),nutricion y desarrollo infantil,controles nuevos en ninos de 2 anos a < de 5 a,2006-06-01,41,41,32,73
SAN LUCAS,nutricion y desarrollo infantil,controles nuevos en ninos de 2 anos a < de 5 a,2006-06-01,28,28,23,51
SAN MATIAS,nutricion y desarrollo infantil,controles nuevos en ninos de 2 anos a < de 5 a,2006-06-01,2,2,1,3
SAN MIGUEL DE VELASCO,nutricion y desarrollo infantil,controles nuevos en ninos de 2 anos a < de 5 a,2006-06-01,1,1,3,4
SAN PABLO DE LIPEZ,nutricion y desarrollo infantil,controles nuevos en ninos de 2 anos a < de 5 a,2006-06-01,1,1,0,1
SAN PEDRO,nutricion y desarrollo infantil,controles nuevos en ninos de 2 anos a < de 5 a,2006-06-01,22,22,26,48
SAN PEDRO DE BUENA VISTA,nutricion y desarrollo infantil,controles nuevos en ninos de 2 anos a < de 5 a,2006-06-01,6,6,6,12
SAN PEDRO DE CURAHUARA,nutricion y desarrollo infantil,controles nuevos en ninos de 2 anos a < de 5 a,2006-06-01,1,1,3,4
SAN PEDRO DE TIQUINA,nutricion y desarrollo infantil,controles nuevos en ninos de 2 anos a < de 5 a,2006-06-01,2,2,2,4
SAN PEDRO(PND),nutricion y desarrollo infantil,controles nuevos en ninos de 2 anos a < de 5 a,2006-06-01,7,7,6,13
SAN RAFAEL,nutricion y desarrollo infantil,controles nuevos en ninos de 2 anos a < de 5 a,2006-06-01,3,3,0,3
SAN RAMON,nutricion y desarrollo infantil,controles nuevos en ninos de 2 anos a < de 5 a,2006-06-01,2,2,5,7
SANTA ANA,nutricion y desarrollo infantil,controles nuevos en ninos de 2 anos a < de 5 a,2006-06-01,1,1,3,4
SANTA CRUZ DE LA SIERRA,nutricion y desarrollo infantil,controles nuevos en ninos de 2 anos a < de 5 a,2006-06-01,1273,1273,1236,2509
SANTA ROSA,nutricion y desarrollo infantil,controles nuevos en ninos de 2 anos a < de 5 a,2006-06-01,59,59,56,115
SANTA ROSA DEL SARA,nutricion y desarrollo infantil,controles nuevos en ninos de 2 anos a < de 5 a,2006-06-01,6,6,9,15
SANTIAGO DE HUARI,nutricion y desarrollo infantil,controles nuevos en ninos de 2 anos a < de 5 a,2006-06-01,0,0,2,2
SANTIAGO DE MACHACA,nutricion y desarrollo infantil,controles nuevos en ninos de 2 anos a < de 5 a,2006-06-01,1,1,1,2
SANTIVAÑES,nutricion y desarrollo infantil,controles nuevos en ninos de 2 anos a < de 5 a,2006-06-01,3,3,0,3
SAPAHAQUI,nutricion y desarrollo infantil,controles nuevos en ninos de 2 anos a < de 5 a,2006-06-01,1,1,0,1
SENA,nutricion y desarrollo infantil,controles nuevos en ninos de 2 anos a < de 5 a,2006-06-01,0,0,2,2
SICA SICA (VILLA AROMA),nutricion y desarrollo infantil,controles nuevos en ninos de 2 anos a < de 5 a,2006-06-01,12,12,10,22
SIPE SIPE,nutricion y desarrollo infantil,controles nuevos en ninos de 2 anos a < de 5 a,2006-06-01,66,66,75,141
SORACACHI,nutricion y desarrollo infantil,controles nuevos en ninos de 2 anos a < de 5 a,2006-06-01,1,1,0,1
SORATA,nutricion y desarrollo infantil,controles nuevos en ninos de 2 anos a < de 5 a,2006-06-01,7,7,9,16
SUCRE,nutricion y desarrollo infantil,controles nuevos en ninos de 2 anos a < de 5 a,2006-06-01,278,278,236,514
TACOBAMBA,nutricion y desarrollo infantil,controles nuevos en ninos de 2 anos a < de 5 a,2006-06-01,9,9,7,16
TACOPAYA,nutricion y desarrollo infantil,controles nuevos en ninos de 2 anos a < de 5 a,2006-06-01,3,3,0,3
TAPACARI,nutricion y desarrollo infantil,controles nuevos en ninos de 2 anos a < de 5 a,2006-06-01,98,98,43,141
TARABUCO,nutricion y desarrollo infantil,controles nuevos en ninos de 2 anos a < de 5 a,2006-06-01,1,1,6,7
TARACO,nutricion y desarrollo infantil,controles nuevos en ninos de 2 anos a < de 5 a,2006-06-01,1,1,4,5
TARATA,nutricion y desarrollo infantil,controles nuevos en ninos de 2 anos a < de 5 a,2006-06-01,1,1,0,1
TARIJA,nutricion y desarrollo infantil,controles nuevos en ninos de 2 anos a < de 5 a,2006-06-01,379,379,373,752
TARVITA,nutricion y desarrollo infantil,controles nuevos en ninos de 2 anos a < de 5 a,2006-06-01,7,7,16,23
TEOPONTE,nutricion y desarrollo infantil,controles nuevos en ninos de 2 anos a < de 5 a,2006-06-01,3,3,1,4
TINGUIPAYA,nutricion y desarrollo infantil,controles nuevos en ninos de 2 anos a < de 5 a,2006-06-01,10,10,10,20
TIQUIPAYA,nutricion y desarrollo infantil,controles nuevos en ninos de 2 anos a < de 5 a,2006-06-01,78,78,59,137
TIRAQUE (CBBA),nutricion y desarrollo infantil,controles nuevos en ninos de 2 anos a < de 5 a,2006-06-01,95,95,83,178
TITO YUPANQUI (PARQUIPUJIO),nutricion y desarrollo infantil,controles nuevos en ninos de 2 anos a < de 5 a,2006-06-01,0,0,2,2
TOCO,nutricion y desarrollo infantil,controles nuevos en ninos de 2 anos a < de 5 a,2006-06-01,5,5,3,8
TOLATA,nutricion y desarrollo infantil,controles nuevos en ninos de 2 anos a < de 5 a,2006-06-01,24,24,16,40
TOLEDO,nutricion y desarrollo infantil,controles nuevos en ninos de 2 anos a < de 5 a,2006-06-01,5,5,6,11
TOMAVE,nutricion y desarrollo infantil,controles nuevos en ninos de 2 anos a < de 5 a,2006-06-01,1,1,0,1
TOTORA(CBBA),nutricion y desarrollo infantil,controles nuevos en ninos de 2 anos a < de 5 a,2006-06-01,3,3,4,7
TOTORA(ORR),nutricion y desarrollo infantil,controles nuevos en ninos de 2 anos a < de 5 a,2006-06-01,4,4,3,7
TRIGAL,nutricion y desarrollo infantil,controles nuevos en ninos de 2 anos a < de 5 a,2006-06-01,2,2,0,2
TRINIDAD,nutricion y desarrollo infantil,controles nuevos en ninos de 2 anos a < de 5 a,2006-06-01,252,252,212,464
TUPIZA,nutricion y desarrollo infantil,controles nuevos en ninos de 2 anos a < de 5 a,2006-06-01,2,2,2,4
TURCO,nutricion y desarrollo infantil,controles nuevos en ninos de 2 anos a < de 5 a,2006-06-01,1,1,1,2
UMALA,nutricion y desarrollo infantil,controles nuevos en ninos de 2 anos a < de 5 a,2006-06-01,6,6,11,17
UNCIA,nutricion y desarrollo infantil,controles nuevos en ninos de 2 anos a < de 5 a,2006-06-01,40,40,26,66
URIONDO (A. CONCEPCION),nutricion y desarrollo infantil,controles nuevos en ninos de 2 anos a < de 5 a,2006-06-01,3,3,0,3
VACAS,nutricion y desarrollo infantil,controles nuevos en ninos de 2 anos a < de 5 a,2006-06-01,17,17,28,45
VALLEGRANDE,nutricion y desarrollo infantil,controles nuevos en ninos de 2 anos a < de 5 a,2006-06-01,4,4,4,8
VIACHA,nutricion y desarrollo infantil,controles nuevos en ninos de 2 anos a < de 5 a,2006-06-01,28,28,30,58
VILA VILA,nutricion y desarrollo infantil,controles nuevos en ninos de 2 anos a < de 5 a,2006-06-01,21,21,17,38
VILLA MONTES,nutricion y desarrollo infantil,controles nuevos en ninos de 2 anos a < de 5 a,2006-06-01,5,5,8,13
VILLA NUEVA (LOMA ALTA),nutricion y desarrollo infantil,controles nuevos en ninos de 2 anos a < de 5 a,2006-06-01,3,3,4,7
VILLA RIVERO,nutricion y desarrollo infantil,controles nuevos en ninos de 2 anos a < de 5 a,2006-06-01,3,3,6,9
VILLA TUNARI,nutricion y desarrollo infantil,controles nuevos en ninos de 2 anos a < de 5 a,2006-06-01,243,243,229,472
VILLA VACA GUZMAN (MUYUPAMPA),nutricion y desarrollo infantil,controles nuevos en ninos de 2 anos a < de 5 a,2006-06-01,4,4,4,8
VILLAZON,nutricion y desarrollo infantil,controles nuevos en ninos de 2 anos a < de 5 a,2006-06-01,3,3,2,5
VINTO,nutricion y desarrollo infantil,controles nuevos en ninos de 2 anos a < de 5 a,2006-06-01,9,9,10,19
WARNES,nutricion y desarrollo infantil,controles nuevos en ninos de 2 anos a < de 5 a,2006-06-01,70,70,57,127
YACO,nutricion y desarrollo infantil,controles nuevos en ninos de 2 anos a < de 5 a,2006-06-01,6,6,9,15
YACUIBA,nutricion y desarrollo infantil,controles nuevos en ninos de 2 anos a < de 5 a,2006-06-01,620,620,12,632
YAMPARAEZ,nutricion y desarrollo infantil,controles nuevos en ninos de 2 anos a < de 5 a,2006-06-01,4,4,6,10
YANACACHI,nutricion y desarrollo infantil,controles nuevos en ninos de 2 anos a < de 5 a,2006-06-01,6,6,3,9
YAPACANI,nutricion y desarrollo infantil,controles nuevos en ninos de 2 anos a < de 5 a,2006-06-01,2,2,1,3
YOCALLA,nutricion y desarrollo infantil,controles nuevos en ninos de 2 anos a < de 5 a,2006-06-01,2,2,1,3
YOTALA,nutricion y desarrollo infantil,controles nuevos en ninos de 2 anos a < de 5 a,2006-06-01,0,0,3,3
YUNCHARA,nutricion y desarrollo infantil,controles nuevos en ninos de 2 anos a < de 5 a,2006-06-01,3,3,4,7
ZUDAÑEZ,nutricion y desarrollo infantil,controles nuevos en ninos de 2 anos a < de 5 a,2006-06-01,0,0,1,1
ACACIO,nutricion y desarrollo infantil,controles nuevos en ninos de 2 anos a < de 5 a,2006-07-01,1,1,1,2
ACHACACHI,nutricion y desarrollo infantil,controles nuevos en ninos de 2 anos a < de 5 a,2006-07-01,25,25,32,57
AIQUILE,nutricion y desarrollo infantil,controles nuevos en ninos de 2 anos a < de 5 a,2006-07-01,26,26,31,57
ALCALA,nutricion y desarrollo infantil,controles nuevos en ninos de 2 anos a < de 5 a,2006-07-01,1,1,0,1
ANCORAIMES,nutricion y desarrollo infantil,controles nuevos en ninos de 2 anos a < de 5 a,2006-07-01,7,7,16,23
ANDAMARCA,nutricion y desarrollo infantil,controles nuevos en ninos de 2 anos a < de 5 a,2006-07-01,2,2,2,4
ANZALDO,nutricion y desarrollo infantil,controles nuevos en ninos de 2 anos a < de 5 a,2006-07-01,28,28,16,44
APOLO,nutricion y desarrollo infantil,controles nuevos en ninos de 2 anos a < de 5 a,2006-07-01,4,4,2,6
ARAMPAMPA,nutricion y desarrollo infantil,controles nuevos en ninos de 2 anos a < de 5 a,2006-07-01,2,2,0,2
ARANI,nutricion y desarrollo infantil,controles nuevos en ninos de 2 anos a < de 5 a,2006-07-01,16,16,10,26
ARBIETO,nutricion y desarrollo infantil,controles nuevos en ninos de 2 anos a < de 5 a,2006-07-01,18,18,13,31
ARQUE,nutricion y desarrollo infantil,controles nuevos en ninos de 2 anos a < de 5 a,2006-07-01,0,0,2,2
AUCAPATA,nutricion y desarrollo infantil,controles nuevos en ninos de 2 anos a < de 5 a,2006-07-01,9,9,6,15
AYO AYO,nutricion y desarrollo infantil,controles nuevos en ninos de 2 anos a < de 5 a,2006-07-01,2,2,1,3
AYOPAYA (V. DE INDEPENDENCIA),nutricion y desarrollo infantil,controles nuevos en ninos de 2 anos a < de 5 a,2006-07-01,34,34,28,62
AZURDUY,nutricion y desarrollo infantil,controles nuevos en ninos de 2 anos a < de 5 a,2006-07-01,1,1,6,7
BATALLAS,nutricion y desarrollo infantil,controles nuevos en ninos de 2 anos a < de 5 a,2006-07-01,5,5,3,8
BAURES,nutricion y desarrollo infantil,controles nuevos en ninos de 2 anos a < de 5 a,2006-07-01,0,0,1,1
BERMEJO,nutricion y desarrollo infantil,controles nuevos en ninos de 2 anos a < de 5 a,2006-07-01,25,25,18,43
BETANZOS,nutricion y desarrollo infantil,controles nuevos en ninos de 2 anos a < de 5 a,2006-07-01,1,1,0,1
BOLIVAR,nutricion y desarrollo infantil,controles nuevos en ninos de 2 anos a < de 5 a,2006-07-01,8,8,14,22
BOYUIBE,nutricion y desarrollo infantil,controles nuevos en ninos de 2 anos a < de 5 a,2006-07-01,2,2,2,4
BUENA VISTA,nutricion y desarrollo infantil,controles nuevos en ninos de 2 anos a < de 5 a,2006-07-01,8,8,10,18
CABEZAS,nutricion y desarrollo infantil,controles nuevos en ninos de 2 anos a < de 5 a,2006-07-01,0,0,6,6
CAIROMA,nutricion y desarrollo infantil,controles nuevos en ninos de 2 anos a < de 5 a,2006-07-01,3,3,1,4
"CAIZA ""D""",nutricion y desarrollo infantil,controles nuevos en ninos de 2 anos a < de 5 a,2006-07-01,2,2,0,2
CAJUATA,nutricion y desarrollo infantil,controles nuevos en ninos de 2 anos a < de 5 a,2006-07-01,26,26,12,38
CALACOTO,nutricion y desarrollo infantil,controles nuevos en ninos de 2 anos a < de 5 a,2006-07-01,1,1,1,2
CALAMARCA,nutricion y desarrollo infantil,controles nuevos en ninos de 2 anos a < de 5 a,2006-07-01,13,13,7,20
CAMARGO,nutricion y desarrollo infantil,controles nuevos en ninos de 2 anos a < de 5 a,2006-07-01,2,2,1,3
CAMATAQUI (C. VILLA ABECIA),nutricion y desarrollo infantil,controles nuevos en ninos de 2 anos a < de 5 a,2006-07-01,0,0,2,2
CAMIRI,nutricion y desarrollo infantil,controles nuevos en ninos de 2 anos a < de 5 a,2006-07-01,75,75,68,143
CAPINOTA,nutricion y desarrollo infantil,controles nuevos en ninos de 2 anos a < de 5 a,2006-07-01,3,3,4,7
CARACOLLO,nutricion y desarrollo infantil,controles nuevos en ninos de 2 anos a < de 5 a,2006-07-01,1,1,3,4
CARANAVI,nutricion y desarrollo infantil,controles nuevos en ninos de 2 anos a < de 5 a,2006-07-01,12,12,13,25
CARAPARI,nutricion y desarrollo infantil,controles nuevos en ninos de 2 anos a < de 5 a,2006-07-01,0,0,1,1
CARIPUYO,nutricion y desarrollo infantil,controles nuevos en ninos de 2 anos a < de 5 a,2006-07-01,14,14,13,27
CARMEN RIVERO TORREZ,nutricion y desarrollo infantil,controles nuevos en ninos de 2 anos a < de 5 a,2006-07-01,10,10,8,18
CATACORA,nutricion y desarrollo infantil,controles nuevos en ninos de 2 anos a < de 5 a,2006-07-01,3,3,1,4
CHACARILLA,nutricion y desarrollo infantil,controles nuevos en ninos de 2 anos a < de 5 a,2006-07-01,2,2,0,2
CHALLAPATA,nutricion y desarrollo infantil,controles nuevos en ninos de 2 anos a < de 5 a,2006-07-01,6,6,5,11
CHAQUI,nutricion y desarrollo infantil,controles nuevos en ninos de 2 anos a < de 5 a,2006-07-01,0,0,1,1
CHARAGUA,nutricion y desarrollo infantil,controles nuevos en ninos de 2 anos a < de 5 a,2006-07-01,2,2,1,3
CHARAÑA,nutricion y desarrollo infantil,controles nuevos en ninos de 2 anos a < de 5 a,2006-07-01,5,5,5,10
CHAYANTA,nutricion y desarrollo infantil,controles nuevos en ninos de 2 anos a < de 5 a,2006-07-01,3,3,4,7
CHIMORE,nutricion y desarrollo infantil,controles nuevos en ninos de 2 anos a < de 5 a,2006-07-01,17,17,17,34
CHOQUE COTA,nutricion y desarrollo infantil,controles nuevos en ninos de 2 anos a < de 5 a,2006-07-01,4,4,8,12
CHULUMANI (V. DE LA LIBERTAD),nutricion y desarrollo infantil,controles nuevos en ninos de 2 anos a < de 5 a,2006-07-01,35,35,36,71
CHUMA,nutricion y desarrollo infantil,controles nuevos en ninos de 2 anos a < de 5 a,2006-07-01,4,4,9,13
CLIZA,nutricion y desarrollo infantil,controles nuevos en ninos de 2 anos a < de 5 a,2006-07-01,14,14,21,35
COBIJA,nutricion y desarrollo infantil,controles nuevos en ninos de 2 anos a < de 5 a,2006-07-01,31,31,31,62
COCHABAMBA,nutricion y desarrollo infantil,controles nuevos en ninos de 2 anos a < de 5 a,2006-07-01,782,782,752,1534
COIPASA,nutricion y desarrollo infantil,controles nuevos en ninos de 2 anos a < de 5 a,2006-07-01,2,2,1,3
COLCAPIRHUA,nutricion y desarrollo infantil,controles nuevos en ninos de 2 anos a < de 5 a,2006-07-01,217,217,185,402
COLOMI,nutricion y desarrollo infantil,controles nuevos en ninos de 2 anos a < de 5 a,2006-07-01,51,51,49,100
COLPA BELGICA,nutricion y desarrollo infantil,controles nuevos en ninos de 2 anos a < de 5 a,2006-07-01,1,1,3,4
COLQUECHACA,nutricion y desarrollo infantil,controles nuevos en ninos de 2 anos a < de 5 a,2006-07-01,0,0,1,1
COLQUENCHA,nutricion y desarrollo infantil,controles nuevos en ninos de 2 anos a < de 5 a,2006-07-01,1,1,3,4
COLQUIRI,nutricion y desarrollo infantil,controles nuevos en ninos de 2 anos a < de 5 a,2006-07-01,8,8,2,10
COMARAPA,nutricion y desarrollo infantil,controles nuevos en ninos de 2 anos a < de 5 a,2006-07-01,1,1,2,3
COMBAYA,nutricion y desarrollo infantil,controles nuevos en ninos de 2 anos a < de 5 a,2006-07-01,14,14,13,27
CONCEPCION,nutricion y desarrollo infantil,controles nuevos en ninos de 2 anos a < de 5 a,2006-07-01,1,1,0,1
COPACABANA,nutricion y desarrollo infantil,controles nuevos en ninos de 2 anos a < de 5 a,2006-07-01,6,6,3,9
CORIPATA,nutricion y desarrollo infantil,controles nuevos en ninos de 2 anos a < de 5 a,2006-07-01,8,8,11,19
CORO CORO,nutricion y desarrollo infantil,controles nuevos en ninos de 2 anos a < de 5 a,2006-07-01,1,1,2,3
COROICO,nutricion y desarrollo infantil,controles nuevos en ninos de 2 anos a < de 5 a,2006-07-01,14,14,20,34
CORQUE,nutricion y desarrollo infantil,controles nuevos en ninos de 2 anos a < de 5 a,2006-07-01,3,3,6,9
COTAGAITA,nutricion y desarrollo infantil,controles nuevos en ninos de 2 anos a < de 5 a,2006-07-01,8,8,8,16
COTOCA,nutricion y desarrollo infantil,controles nuevos en ninos de 2 anos a < de 5 a,2006-07-01,5,5,3,8
CUATRO CAÑADAS,nutricion y desarrollo infantil,controles nuevos en ninos de 2 anos a < de 5 a,2006-07-01,25,25,34,59
CULPINA,nutricion y desarrollo infantil,controles nuevos en ninos de 2 anos a < de 5 a,2006-07-01,6,6,9,15
CURAHUARA DE CARANGAS,nutricion y desarrollo infantil,controles nuevos en ninos de 2 anos a < de 5 a,2006-07-01,2,2,2,4
CURVA,nutricion y desarrollo infantil,controles nuevos en ninos de 2 anos a < de 5 a,2006-07-01,1,1,1,2
EL ALTO,nutricion y desarrollo infantil,controles nuevos en ninos de 2 anos a < de 5 a,2006-07-01,1000,1000,929,1929
EL CHORO,nutricion y desarrollo infantil,controles nuevos en ninos de 2 anos a < de 5 a,2006-07-01,3,3,0,3
EL PUENTE(TJA),nutricion y desarrollo infantil,controles nuevos en ninos de 2 anos a < de 5 a,2006-07-01,1,1,2,3
EL TORNO,nutricion y desarrollo infantil,controles nuevos en ninos de 2 anos a < de 5 a,2006-07-01,2,2,0,2
ENTRE RIOS,nutricion y desarrollo infantil,controles nuevos en ninos de 2 anos a < de 5 a,2006-07-01,157,157,155,312
ENTRE RIOS,nutricion y desarrollo infantil,controles nuevos en ninos de 2 anos a < de 5 a,2006-07-01,9,9,12,21
EUCALIPTUS,nutricion y desarrollo infantil,controles nuevos en ninos de 2 anos a < de 5 a,2006-07-01,1,1,4,5
EXALTACION,nutricion y desarrollo infantil,controles nuevos en ninos de 2 anos a < de 5 a,2006-07-01,1,1,0,1
FERNANDEZ ALONSO,nutricion y desarrollo infantil,controles nuevos en ninos de 2 anos a < de 5 a,2006-07-01,2,2,70,72
GENERAL SAAVEDRA,nutricion y desarrollo infantil,controles nuevos en ninos de 2 anos a < de 5 a,2006-07-01,17,17,12,29
GRAL. J.J. PEREZ (CHARAZANI),nutricion y desarrollo infantil,controles nuevos en ninos de 2 anos a < de 5 a,2006-07-01,13,13,8,21
GUANAY,nutricion y desarrollo infantil,controles nuevos en ninos de 2 anos a < de 5 a,2006-07-01,15,15,15,30
GUAQUI,nutricion y desarrollo infantil,controles nuevos en ninos de 2 anos a < de 5 a,2006-07-01,1,1,1,2
GUAYARAMERIN,nutricion y desarrollo infantil,controles nuevos en ninos de 2 anos a < de 5 a,2006-07-01,8,8,10,18
HUACARETA,nutricion y desarrollo infantil,controles nuevos en ninos de 2 anos a < de 5 a,2006-07-01,2,2,4,6
HUACAYA (VILLA DE HUACAYA),nutricion y desarrollo infantil,controles nuevos en ninos de 2 anos a < de 5 a,2006-07-01,0,0,2,2
HUACHACALLA,nutricion y desarrollo infantil,controles nuevos en ninos de 2 anos a < de 5 a,2006-07-01,0,0,2,2
HUANUNI,nutricion y desarrollo infantil,controles nuevos en ninos de 2 anos a < de 5 a,2006-07-01,12,12,11,23
HUAYLLAMARCA,nutricion y desarrollo infantil,controles nuevos en ninos de 2 anos a < de 5 a,2006-07-01,6,6,5,11
ICHOCA,nutricion y desarrollo infantil,controles nuevos en ninos de 2 anos a < de 5 a,2006-07-01,6,6,7,13
INCAHUASI,nutricion y desarrollo infantil,controles nuevos en ninos de 2 anos a < de 5 a,2006-07-01,25,25,28,53
INQUISIVI,nutricion y desarrollo infantil,controles nuevos en ninos de 2 anos a < de 5 a,2006-07-01,8,8,2,10
IRUPANA (VILLA DE LANZA),nutricion y desarrollo infantil,controles nuevos en ninos de 2 anos a < de 5 a,2006-07-01,17,17,14,31
IXIAMAS,nutricion y desarrollo infantil,controles nuevos en ninos de 2 anos a < de 5 a,2006-07-01,29,29,14,43
JESUS DE MACHACA,nutricion y desarrollo infantil,controles nuevos en ninos de 2 anos a < de 5 a,2006-07-01,5,5,5,10
LA ASUNTA,nutricion y desarrollo infantil,controles nuevos en ninos de 2 anos a < de 5 a,2006-07-01,8,8,7,15
LA GUARDIA,nutricion y desarrollo infantil,controles nuevos en ninos de 2 anos a < de 5 a,2006-07-01,51,51,35,86
LA PAZ,nutricion y desarrollo infantil,controles nuevos en ninos de 2 anos a < de 5 a,2006-07-01,852,852,1001,1853
LAGUNILLAS,nutricion y desarrollo infantil,controles nuevos en ninos de 2 anos a < de 5 a,2006-07-01,2,2,0,2
LAJA,nutricion y desarrollo infantil,controles nuevos en ninos de 2 anos a < de 5 a,2006-07-01,5,5,8,13
LAS CARRERAS,nutricion y desarrollo infantil,controles nuevos en ninos de 2 anos a < de 5 a,2006-07-01,16,16,16,32
LICOMA PAMPA,nutricion y desarrollo infantil,controles nuevos en ninos de 2 anos a < de 5 a,2006-07-01,0,0,1,1
LLALLAGUA,nutricion y desarrollo infantil,controles nuevos en ninos de 2 anos a < de 5 a,2006-07-01,114,114,81,195
LLICA,nutricion y desarrollo infantil,controles nuevos en ninos de 2 anos a < de 5 a,2006-07-01,1,1,1,2
LORETO,nutricion y desarrollo infantil,controles nuevos en ninos de 2 anos a < de 5 a,2006-07-01,11,11,13,24
LURIBAY,nutricion y desarrollo infantil,controles nuevos en ninos de 2 anos a < de 5 a,2006-07-01,3,3,1,4
MACHACAMARCA,nutricion y desarrollo infantil,controles nuevos en ninos de 2 anos a < de 5 a,2006-07-01,2,2,2,4
MACHARETI,nutricion y desarrollo infantil,controles nuevos en ninos de 2 anos a < de 5 a,2006-07-01,3,3,2,5
MAGDALENA,nutricion y desarrollo infantil,controles nuevos en ninos de 2 anos a < de 5 a,2006-07-01,2,2,4,6
MALLA,nutricion y desarrollo infantil,controles nuevos en ninos de 2 anos a < de 5 a,2006-07-01,0,0,1,1
MAPIRI,nutricion y desarrollo infantil,controles nuevos en ninos de 2 anos a < de 5 a,2006-07-01,3,3,0,3
MECAPACA,nutricion y desarrollo infantil,controles nuevos en ninos de 2 anos a < de 5 a,2006-07-01,7,7,14,21
MINEROS,nutricion y desarrollo infantil,controles nuevos en ninos de 2 anos a < de 5 a,2006-07-01,14,14,12,26
MIZQUE,nutricion y desarrollo infantil,controles nuevos en ninos de 2 anos a < de 5 a,2006-07-01,33,33,36,69
MOCOMOCO,nutricion y desarrollo infantil,controles nuevos en ninos de 2 anos a < de 5 a,2006-07-01,16,16,15,31
MOJOCOYA,nutricion y desarrollo infantil,controles nuevos en ninos de 2 anos a < de 5 a,2006-07-01,1,1,1,2
MONTEAGUDO,nutricion y desarrollo infantil,controles nuevos en ninos de 2 anos a < de 5 a,2006-07-01,10,10,5,15
MONTERO,nutricion y desarrollo infantil,controles nuevos en ninos de 2 anos a < de 5 a,2006-07-01,51,51,51,102
MORO MORO,nutricion y desarrollo infantil,controles nuevos en ninos de 2 anos a < de 5 a,2006-07-01,1,1,1,2
MOROCHATA,nutricion y desarrollo infantil,controles nuevos en ninos de 2 anos a < de 5 a,2006-07-01,51,51,47,98
NACEBE (SANTA ROSA DEL ABUNA),nutricion y desarrollo infantil,controles nuevos en ninos de 2 anos a < de 5 a,2006-07-01,1,1,1,2
NUEVO MANOA (NUEVA ESPERANZA),nutricion y desarrollo infantil,controles nuevos en ninos de 2 anos a < de 5 a,2006-07-01,0,0,2,2
OCURI,nutricion y desarrollo infantil,controles nuevos en ninos de 2 anos a < de 5 a,2006-07-01,4,4,2,6
OKINAWA,nutricion y desarrollo infantil,controles nuevos en ninos de 2 anos a < de 5 a,2006-07-01,22,22,24,46
OMEREQUE,nutricion y desarrollo infantil,controles nuevos en ninos de 2 anos a < de 5 a,2006-07-01,3,3,1,4
ORURO,nutricion y desarrollo infantil,controles nuevos en ninos de 2 anos a < de 5 a,2006-07-01,180,180,149,329
PADCAYA,nutricion y desarrollo infantil,controles nuevos en ninos de 2 anos a < de 5 a,2006-07-01,1,1,1,2
PALCA,nutricion y desarrollo infantil,controles nuevos en ninos de 2 anos a < de 5 a,2006-07-01,4,4,4,8
PALOS BLANCOS,nutricion y desarrollo infantil,controles nuevos en ninos de 2 anos a < de 5 a,2006-07-01,2,2,3,5
PASORAPA,nutricion y desarrollo infantil,controles nuevos en ninos de 2 anos a < de 5 a,2006-07-01,3,3,1,4
PATACAMAYA,nutricion y desarrollo infantil,controles nuevos en ninos de 2 anos a < de 5 a,2006-07-01,10,10,17,27
PELECHUCO,nutricion y desarrollo infantil,controles nuevos en ninos de 2 anos a < de 5 a,2006-07-01,2,2,1,3
POCOATA,nutricion y desarrollo infantil,controles nuevos en ninos de 2 anos a < de 5 a,2006-07-01,44,44,34,78
POCONA,nutricion y desarrollo infantil,controles nuevos en ninos de 2 anos a < de 5 a,2006-07-01,14,14,14,28
POJO (CBBA),nutricion y desarrollo infantil,controles nuevos en ninos de 2 anos a < de 5 a,2006-07-01,19,19,18,37
POOPO,nutricion y desarrollo infantil,controles nuevos en ninos de 2 anos a < de 5 a,2006-07-01,1,1,2,3
POROMA,nutricion y desarrollo infantil,controles nuevos en ninos de 2 anos a < de 5 a,2006-07-01,17,17,9,26
PORONGO,nutricion y desarrollo infantil,controles nuevos en ninos de 2 anos a < de 5 a,2006-07-01,9,9,10,19
PORTACHUELO,nutricion y desarrollo infantil,controles nuevos en ninos de 2 anos a < de 5 a,2006-07-01,1,1,3,4
PORVENIR,nutricion y desarrollo infantil,controles nuevos en ninos de 2 anos a < de 5 a,2006-07-01,23,23,22,45
POSTRER VALLE,nutricion y desarrollo infantil,controles nuevos en ninos de 2 anos a < de 5 a,2006-07-01,0,0,1,1
POTOSI,nutricion y desarrollo infantil,controles nuevos en ninos de 2 anos a < de 5 a,2006-07-01,79,79,80,159
PUCARANI,nutricion y desarrollo infantil,controles nuevos en ninos de 2 anos a < de 5 a,2006-07-01,12,12,18,30
PUERTO ACOSTA,nutricion y desarrollo infantil,controles nuevos en ninos de 2 anos a < de 5 a,2006-07-01,3,3,7,10
PUERTO CARABUCO,nutricion y desarrollo infantil,controles nuevos en ninos de 2 anos a < de 5 a,2006-07-01,8,8,13,21
PUERTO GONZALO MORENO,nutricion y desarrollo infantil,controles nuevos en ninos de 2 anos a < de 5 a,2006-07-01,22,22,25,47
PUERTO PEREZ,nutricion y desarrollo infantil,controles nuevos en ninos de 2 anos a < de 5 a,2006-07-01,5,5,7,12
PUERTO QUIJARRO,nutricion y desarrollo infantil,controles nuevos en ninos de 2 anos a < de 5 a,2006-07-01,2,2,4,6
PUERTO RICO,nutricion y desarrollo infantil,controles nuevos en ninos de 2 anos a < de 5 a,2006-07-01,0,0,5,5
PUERTO SILES,nutricion y desarrollo infantil,controles nuevos en ninos de 2 anos a < de 5 a,2006-07-01,2,2,4,6
PUERTO SUAREZ,nutricion y desarrollo infantil,controles nuevos en ninos de 2 anos a < de 5 a,2006-07-01,25,25,28,53
PUERTO VILLARROEL,nutricion y desarrollo infantil,controles nuevos en ninos de 2 anos a < de 5 a,2006-07-01,61,61,52,113
PUNA,nutricion y desarrollo infantil,controles nuevos en ninos de 2 anos a < de 5 a,2006-07-01,25,25,24,49
PUNATA,nutricion y desarrollo infantil,controles nuevos en ninos de 2 anos a < de 5 a,2006-07-01,152,152,157,309
QUILLACOLLO,nutricion y desarrollo infantil,controles nuevos en ninos de 2 anos a < de 5 a,2006-07-01,155,155,168,323
QUIME,nutricion y desarrollo infantil,controles nuevos en ninos de 2 anos a < de 5 a,2006-07-01,2,2,0,2
RAVELO,nutricion y desarrollo infantil,controles nuevos en ninos de 2 anos a < de 5 a,2006-07-01,19,19,23,42
REYES,nutricion y desarrollo infantil,controles nuevos en ninos de 2 anos a < de 5 a,2006-07-01,15,15,12,27
RIBERALTA,nutricion y desarrollo infantil,controles nuevos en ninos de 2 anos a < de 5 a,2006-07-01,35,35,51,86
ROBORE,nutricion y desarrollo infantil,controles nuevos en ninos de 2 anos a < de 5 a,2006-07-01,92,92,89,181
RURRENABAQUE,nutricion y desarrollo infantil,controles nuevos en ninos de 2 anos a < de 5 a,2006-07-01,2,2,1,3
SABAYA,nutricion y desarrollo infantil,controles nuevos en ninos de 2 anos a < de 5 a,2006-07-01,1,1,1,2
SACABA,nutricion y desarrollo infantil,controles nuevos en ninos de 2 anos a < de 5 a,2006-07-01,173,173,187,360
SACABAMBA,nutricion y desarrollo infantil,controles nuevos en ninos de 2 anos a < de 5 a,2006-07-01,1,1,2,3
SACACA,nutricion y desarrollo infantil,controles nuevos en ninos de 2 anos a < de 5 a,2006-07-01,23,23,7,30
SAIPINA,nutricion y desarrollo infantil,controles nuevos en ninos de 2 anos a < de 5 a,2006-07-01,3,3,3,6
SALINAS DE GARCI MENDOZA,nutricion y desarrollo infantil,controles nuevos en ninos de 2 anos a < de 5 a,2006-07-01,0,0,1,1
SAN ANDRES,nutricion y desarrollo infantil,controles nuevos en ninos de 2 anos a < de 5 a,2006-07-01,13,13,17,30
SAN ANDRES DE MACHACA,nutricion y desarrollo infantil,controles nuevos en ninos de 2 anos a < de 5 a,2006-07-01,5,5,6,11
SAN BENITO,nutricion y desarrollo infantil,controles nuevos en ninos de 2 anos a < de 5 a,2006-07-01,6,6,15,21
SAN BORJA,nutricion y desarrollo infantil,controles nuevos en ninos de 2 anos a < de 5 a,2006-07-01,4,4,3,7
SAN BUENA VENTURA,nutricion y desarrollo infantil,controles nuevos en ninos de 2 anos a < de 5 a,2006-07-01,6,6,3,9
SAN IGNACIO,nutricion y desarrollo infantil,controles nuevos en ninos de 2 anos a < de 5 a,2006-07-01,33,33,31,64
SAN IGNACIO DE VELASCO,nutricion y desarrollo infantil,controles nuevos en ninos de 2 anos a < de 5 a,2006-07-01,35,35,34,69
SAN JAVIER(BNI),nutricion y desarrollo infantil,controles nuevos en ninos de 2 anos a < de 5 a,2006-07-01,6,6,7,13
SAN JAVIER(STC),nutricion y desarrollo infantil,controles nuevos en ninos de 2 anos a < de 5 a,2006-07-01,3,3,8,11
SAN JOAQUIN,nutricion y desarrollo infantil,controles nuevos en ninos de 2 anos a < de 5 a,2006-07-01,2,2,2,4
SAN JOSE DE CHIQUITOS,nutricion y desarrollo infantil,controles nuevos en ninos de 2 anos a < de 5 a,2006-07-01,0,0,1,1
SAN JUAN DE YAPACANI,nutricion y desarrollo infantil,controles nuevos en ninos de 2 anos a < de 5 a,2006-07-01,7,7,22,29
SAN JULIAN,nutricion y desarrollo infantil,controles nuevos en ninos de 2 anos a < de 5 a,2006-07-01,41,41,23,64
SAN LORENZO(PND),nutricion y desarrollo infantil,controles nuevos en ninos de 2 anos a < de 5 a,2006-07-01,49,49,41,90
SAN LORENZO(TJA),nutricion y desarrollo infantil,controles nuevos en ninos de 2 anos a < de 5 a,2006-07-01,28,28,32,60
SAN LUCAS,nutricion y desarrollo infantil,controles nuevos en ninos de 2 anos a < de 5 a,2006-07-01,47,47,64,111
SAN MATIAS,nutricion y desarrollo infantil,controles nuevos en ninos de 2 anos a < de 5 a,2006-07-01,6,6,3,9
SAN MIGUEL DE VELASCO,nutricion y desarrollo infantil,controles nuevos en ninos de 2 anos a < de 5 a,2006-07-01,6,6,6,12
SAN PEDRO,nutricion y desarrollo infantil,controles nuevos en ninos de 2 anos a < de 5 a,2006-07-01,15,15,19,34
SAN PEDRO DE BUENA VISTA,nutricion y desarrollo infantil,controles nuevos en ninos de 2 anos a < de 5 a,2006-07-01,17,17,10,27
SAN PEDRO DE CURAHUARA,nutricion y desarrollo infantil,controles nuevos en ninos de 2 anos a < de 5 a,2006-07-01,1,1,1,2
SAN PEDRO DE TIQUINA,nutricion y desarrollo infantil,controles nuevos en ninos de 2 anos a < de 5 a,2006-07-01,0,0,1,1
SAN RAFAEL,nutricion y desarrollo infantil,controles nuevos en ninos de 2 anos a < de 5 a,2006-07-01,3,3,11,14
SAN RAMON,nutricion y desarrollo infantil,controles nuevos en ninos de 2 anos a < de 5 a,2006-07-01,3,3,3,6
SANTA ANA,nutricion y desarrollo infantil,controles nuevos en ninos de 2 anos a < de 5 a,2006-07-01,3,3,2,5
SANTA CRUZ DE LA SIERRA,nutricion y desarrollo infantil,controles nuevos en ninos de 2 anos a < de 5 a,2006-07-01,879,879,848,1727
SANTA ROSA,nutricion y desarrollo infantil,controles nuevos en ninos de 2 anos a < de 5 a,2006-07-01,4,4,2,6
SANTA ROSA DEL SARA,nutricion y desarrollo infantil,controles nuevos en ninos de 2 anos a < de 5 a,2006-07-01,21,21,14,35
SANTIAGO DE HUARI,nutricion y desarrollo infantil,controles nuevos en ninos de 2 anos a < de 5 a,2006-07-01,1,1,0,1
SANTIVAÑES,nutricion y desarrollo infantil,controles nuevos en ninos de 2 anos a < de 5 a,2006-07-01,1,1,0,1
SANTUARIO DE QUILLACAS,nutricion y desarrollo infantil,controles nuevos en ninos de 2 anos a < de 5 a,2006-07-01,0,0,1,1
SAPAHAQUI,nutricion y desarrollo infantil,controles nuevos en ninos de 2 anos a < de 5 a,2006-07-01,2,2,0,2
SICA SICA (VILLA AROMA),nutricion y desarrollo infantil,controles nuevos en ninos de 2 anos a < de 5 a,2006-07-01,2,2,5,7
SICAYA,nutricion y desarrollo infantil,controles nuevos en ninos de 2 anos a < de 5 a,2006-07-01,1,1,1,2
SIPE SIPE,nutricion y desarrollo infantil,controles nuevos en ninos de 2 anos a < de 5 a,2006-07-01,55,55,61,116
SORACACHI,nutricion y desarrollo infantil,controles nuevos en ninos de 2 anos a < de 5 a,2006-07-01,1,1,0,1
SORATA,nutricion y desarrollo infantil,controles nuevos en ninos de 2 anos a < de 5 a,2006-07-01,10,10,6,16
SUCRE,nutricion y desarrollo infantil,controles nuevos en ninos de 2 anos a < de 5 a,2006-07-01,244,244,256,500
TACACOMA,nutricion y desarrollo infantil,controles nuevos en ninos de 2 anos a < de 5 a,2006-07-01,1,1,30,31
TACOBAMBA,nutricion y desarrollo infantil,controles nuevos en ninos de 2 anos a < de 5 a,2006-07-01,0,0,1,1
TACOPAYA,nutricion y desarrollo infantil,controles nuevos en ninos de 2 anos a < de 5 a,2006-07-01,1,1,2,3
TAPACARI,nutricion y desarrollo infantil,controles nuevos en ninos de 2 anos a < de 5 a,2006-07-01,45,45,33,78
TARABUCO,nutricion y desarrollo infantil,controles nuevos en ninos de 2 anos a < de 5 a,2006-07-01,3,3,3,6
TARACO,nutricion y desarrollo infantil,controles nuevos en ninos de 2 anos a < de 5 a,2006-07-01,9,9,0,9
TARATA,nutricion y desarrollo infantil,controles nuevos en ninos de 2 anos a < de 5 a,2006-07-01,5,5,6,11
TARIJA,nutricion y desarrollo infantil,controles nuevos en ninos de 2 anos a < de 5 a,2006-07-01,312,312,290,602
TARVITA,nutricion y desarrollo infantil,controles nuevos en ninos de 2 anos a < de 5 a,2006-07-01,29,29,32,61
TINGUIPAYA,nutricion y desarrollo infantil,controles nuevos en ninos de 2 anos a < de 5 a,2006-07-01,2,2,3,5
TIPUANI,nutricion y desarrollo infantil,controles nuevos en ninos de 2 anos a < de 5 a,2006-07-01,6,6,3,9
TIQUIPAYA,nutricion y desarrollo infantil,controles nuevos en ninos de 2 anos a < de 5 a,2006-07-01,89,89,75,164
TIRAQUE (CBBA),nutricion y desarrollo infantil,controles nuevos en ninos de 2 anos a < de 5 a,2006-07-01,71,71,82,153
TITO YUPANQUI (PARQUIPUJIO),nutricion y desarrollo infantil,controles nuevos en ninos de 2 anos a < de 5 a,2006-07-01,1,1,1,2
TOCO,nutricion y desarrollo infantil,controles nuevos en ninos de 2 anos a < de 5 a,2006-07-01,1,1,5,6
TOLATA,nutricion y desarrollo infantil,controles nuevos en ninos de 2 anos a < de 5 a,2006-07-01,15,15,12,27
TOLEDO,nutricion y desarrollo infantil,controles nuevos en ninos de 2 anos a < de 5 a,2006-07-01,2,2,3,5
TOMINA,nutricion y desarrollo infantil,controles nuevos en ninos de 2 anos a < de 5 a,2006-07-01,1,1,0,1
TORO TORO,nutricion y desarrollo infantil,controles nuevos en ninos de 2 anos a < de 5 a,2006-07-01,1,1,1,2
TOTORA(CBBA),nutricion y desarrollo infantil,controles nuevos en ninos de 2 anos a < de 5 a,2006-07-01,73,73,83,156
TOTORA(ORR),nutricion y desarrollo infantil,controles nuevos en ninos de 2 anos a < de 5 a,2006-07-01,9,9,16,25
TRIGAL,nutricion y desarrollo infantil,controles nuevos en ninos de 2 anos a < de 5 a,2006-07-01,1,1,0,1
TRINIDAD,nutricion y desarrollo infantil,controles nuevos en ninos de 2 anos a < de 5 a,2006-07-01,262,262,218,480
TURCO,nutricion y desarrollo infantil,controles nuevos en ninos de 2 anos a < de 5 a,2006-07-01,1,1,0,1
UNCIA,nutricion y desarrollo infantil,controles nuevos en ninos de 2 anos a < de 5 a,2006-07-01,17,17,22,39
URIONDO (A. CONCEPCION),nutricion y desarrollo infantil,controles nuevos en ninos de 2 anos a < de 5 a,2006-07-01,3,3,0,3
VACAS,nutricion y desarrollo infantil,controles nuevos en ninos de 2 anos a < de 5 a,2006-07-01,9,9,9,18
VALLEGRANDE,nutricion y desarrollo infantil,controles nuevos en ninos de 2 anos a < de 5 a,2006-07-01,17,17,15,32
VIACHA,nutricion y desarrollo infantil,controles nuevos en ninos de 2 anos a < de 5 a,2006-07-01,20,20,17,37
VILA VILA,nutricion y desarrollo infantil,controles nuevos en ninos de 2 anos a < de 5 a,2006-07-01,18,18,10,28
VILLA MONTES,nutricion y desarrollo infantil,controles nuevos en ninos de 2 anos a < de 5 a,2006-07-01,7,7,11,18
VILLA RIVERO,nutricion y desarrollo infantil,controles nuevos en ninos de 2 anos a < de 5 a,2006-07-01,2,2,4,6
VILLA TUNARI,nutricion y desarrollo infantil,controles nuevos en ninos de 2 anos a < de 5 a,2006-07-01,146,146,124,270
VILLA VACA GUZMAN (MUYUPAMPA),nutricion y desarrollo infantil,controles nuevos en ninos de 2 anos a < de 5 a,2006-07-01,3,3,2,5
VINTO,nutricion y desarrollo infantil,controles nuevos en ninos de 2 anos a < de 5 a,2006-07-01,15,15,7,22
WARNES,nutricion y desarrollo infantil,controles nuevos en ninos de 2 anos a < de 5 a,2006-07-01,79,79,58,137
YACO,nutricion y desarrollo infantil,controles nuevos en ninos de 2 anos a < de 5 a,2006-07-01,4,4,14,18
YACUIBA,nutricion y desarrollo infantil,controles nuevos en ninos de 2 anos a < de 5 a,2006-07-01,144,144,139,283
YAMPARAEZ,nutricion y desarrollo infantil,controles nuevos en ninos de 2 anos a < de 5 a,2006-07-01,2,2,2,4
YANACACHI,nutricion y desarrollo infantil,controles nuevos en ninos de 2 anos a < de 5 a,2006-07-01,2,2,1,3
YAPACANI,nutricion y desarrollo infantil,controles nuevos en ninos de 2 anos a < de 5 a,2006-07-01,1,1,1,2
YOTALA,nutricion y desarrollo infantil,controles nuevos en ninos de 2 anos a < de 5 a,2006-07-01,1,1,2,3
ZUDAÑEZ,nutricion y desarrollo infantil,controles nuevos en ninos de 2 anos a < de 5 a,2006-07-01,0,0,1,1
ACACIO,nutricion y desarrollo infantil,controles nuevos en ninos de 2 anos a < de 5 a,2006-08-01,9,9,11,20
ACHACACHI,nutricion y desarrollo infantil,controles nuevos en ninos de 2 anos a < de 5 a,2006-08-01,29,29,20,49
AIQUILE,nutricion y desarrollo infantil,controles nuevos en ninos de 2 anos a < de 5 a,2006-08-01,32,32,19,51
ALCALA,nutricion y desarrollo infantil,controles nuevos en ninos de 2 anos a < de 5 a,2006-08-01,2,2,0,2
ANCORAIMES,nutricion y desarrollo infantil,controles nuevos en ninos de 2 anos a < de 5 a,2006-08-01,6,6,4,10
ANDAMARCA,nutricion y desarrollo infantil,controles nuevos en ninos de 2 anos a < de 5 a,2006-08-01,0,0,1,1
ANTEQUERA,nutricion y desarrollo infantil,controles nuevos en ninos de 2 anos a < de 5 a,2006-08-01,1,1,0,1
ANZALDO,nutricion y desarrollo infantil,controles nuevos en ninos de 2 anos a < de 5 a,2006-08-01,43,43,41,84
APOLO,nutricion y desarrollo infantil,controles nuevos en ninos de 2 anos a < de 5 a,2006-08-01,10,10,7,17
ARAMPAMPA,nutricion y desarrollo infantil,controles nuevos en ninos de 2 anos a < de 5 a,2006-08-01,2,2,4,6
ARANI,nutricion y desarrollo infantil,controles nuevos en ninos de 2 anos a < de 5 a,2006-08-01,13,13,9,22
ARBIETO,nutricion y desarrollo infantil,controles nuevos en ninos de 2 anos a < de 5 a,2006-08-01,14,14,11,25
ARQUE,nutricion y desarrollo infantil,controles nuevos en ninos de 2 anos a < de 5 a,2006-08-01,1,1,1,2
ASCENCION DE GUARAYOS,nutricion y desarrollo infantil,controles nuevos en ninos de 2 anos a < de 5 a,2006-08-01,2,2,1,3
AUCAPATA,nutricion y desarrollo infantil,controles nuevos en ninos de 2 anos a < de 5 a,2006-08-01,9,9,8,17
AYATA,nutricion y desarrollo infantil,controles nuevos en ninos de 2 anos a < de 5 a,2006-08-01,8,8,4,12
AYO AYO,nutricion y desarrollo infantil,controles nuevos en ninos de 2 anos a < de 5 a,2006-08-01,0,0,1,1
AYOPAYA (V. DE INDEPENDENCIA),nutricion y desarrollo infantil,controles nuevos en ninos de 2 anos a < de 5 a,2006-08-01,16,16,21,37
AZURDUY,nutricion y desarrollo infantil,controles nuevos en ninos de 2 anos a < de 5 a,2006-08-01,7,7,6,13
BATALLAS,nutricion y desarrollo infantil,controles nuevos en ninos de 2 anos a < de 5 a,2006-08-01,14,14,7,21
BAURES,nutricion y desarrollo infantil,controles nuevos en ninos de 2 anos a < de 5 a,2006-08-01,0,0,3,3
BELLA FLOR,nutricion y desarrollo infantil,controles nuevos en ninos de 2 anos a < de 5 a,2006-08-01,11,11,14,25
BERMEJO,nutricion y desarrollo infantil,controles nuevos en ninos de 2 anos a < de 5 a,2006-08-01,5,5,5,10
BOLIVAR,nutricion y desarrollo infantil,controles nuevos en ninos de 2 anos a < de 5 a,2006-08-01,2,2,1,3
BOLPEBRA,nutricion y desarrollo infantil,controles nuevos en ninos de 2 anos a < de 5 a,2006-08-01,1,1,1,2
BOYUIBE,nutricion y desarrollo infantil,controles nuevos en ninos de 2 anos a < de 5 a,2006-08-01,11,11,3,14
BUENA VISTA,nutricion y desarrollo infantil,controles nuevos en ninos de 2 anos a < de 5 a,2006-08-01,13,13,51,64
CABEZAS,nutricion y desarrollo infantil,controles nuevos en ninos de 2 anos a < de 5 a,2006-08-01,21,21,12,33
CAIROMA,nutricion y desarrollo infantil,controles nuevos en ninos de 2 anos a < de 5 a,2006-08-01,2,2,1,3
"CAIZA ""D""",nutricion y desarrollo infantil,controles nuevos en ninos de 2 anos a < de 5 a,2006-08-01,1,1,4,5
CAJUATA,nutricion y desarrollo infantil,controles nuevos en ninos de 2 anos a < de 5 a,2006-08-01,13,13,9,22
CALACOTO,nutricion y desarrollo infantil,controles nuevos en ninos de 2 anos a < de 5 a,2006-08-01,2,2,0,2
CALAMARCA,nutricion y desarrollo infantil,controles nuevos en ninos de 2 anos a < de 5 a,2006-08-01,8,8,7,15
CAMARGO,nutricion y desarrollo infantil,controles nuevos en ninos de 2 anos a < de 5 a,2006-08-01,190,190,200,390
CAMATAQUI (C. VILLA ABECIA),nutricion y desarrollo infantil,controles nuevos en ninos de 2 anos a < de 5 a,2006-08-01,0,0,2,2
CAMIRI,nutricion y desarrollo infantil,controles nuevos en ninos de 2 anos a < de 5 a,2006-08-01,54,54,41,95
CAPINOTA,nutricion y desarrollo infantil,controles nuevos en ninos de 2 anos a < de 5 a,2006-08-01,12,12,18,30
CARACOLLO,nutricion y desarrollo infantil,controles nuevos en ninos de 2 anos a < de 5 a,2006-08-01,2,2,3,5
CARANAVI,nutricion y desarrollo infantil,controles nuevos en ninos de 2 anos a < de 5 a,2006-08-01,17,17,21,38
CARANGAS,nutricion y desarrollo infantil,controles nuevos en ninos de 2 anos a < de 5 a,2006-08-01,2,2,2,4
CARAPARI,nutricion y desarrollo infantil,controles nuevos en ninos de 2 anos a < de 5 a,2006-08-01,2,2,2,4
CARIPUYO,nutricion y desarrollo infantil,controles nuevos en ninos de 2 anos a < de 5 a,2006-08-01,0,0,3,3
CARMEN RIVERO TORREZ,nutricion y desarrollo infantil,controles nuevos en ninos de 2 anos a < de 5 a,2006-08-01,9,9,6,15
CHACARILLA,nutricion y desarrollo infantil,controles nuevos en ninos de 2 anos a < de 5 a,2006-08-01,1,1,0,1
CHALLAPATA,nutricion y desarrollo infantil,controles nuevos en ninos de 2 anos a < de 5 a,2006-08-01,1,1,3,4
CHAQUI,nutricion y desarrollo infantil,controles nuevos en ninos de 2 anos a < de 5 a,2006-08-01,0,0,1,1
CHARAGUA,nutricion y desarrollo infantil,controles nuevos en ninos de 2 anos a < de 5 a,2006-08-01,1,1,3,4
CHAYANTA,nutricion y desarrollo infantil,controles nuevos en ninos de 2 anos a < de 5 a,2006-08-01,4,4,5,9
CHIMORE,nutricion y desarrollo infantil,controles nuevos en ninos de 2 anos a < de 5 a,2006-08-01,11,11,16,27
CHULUMANI (V. DE LA LIBERTAD),nutricion y desarrollo infantil,controles nuevos en ninos de 2 anos a < de 5 a,2006-08-01,1,1,3,4
CHUMA,nutricion y desarrollo infantil,controles nuevos en ninos de 2 anos a < de 5 a,2006-08-01,20,20,32,52
CLIZA,nutricion y desarrollo infantil,controles nuevos en ninos de 2 anos a < de 5 a,2006-08-01,19,19,34,53
COBIJA,nutricion y desarrollo infantil,controles nuevos en ninos de 2 anos a < de 5 a,2006-08-01,36,36,35,71
COCHABAMBA,nutricion y desarrollo infantil,controles nuevos en ninos de 2 anos a < de 5 a,2006-08-01,974,974,868,1842
COIPASA,nutricion y desarrollo infantil,controles nuevos en ninos de 2 anos a < de 5 a,2006-08-01,0,0,1,1
COLCAPIRHUA,nutricion y desarrollo infantil,controles nuevos en ninos de 2 anos a < de 5 a,2006-08-01,181,181,185,366
COLOMI,nutricion y desarrollo infantil,controles nuevos en ninos de 2 anos a < de 5 a,2006-08-01,41,41,30,71
COLPA BELGICA,nutricion y desarrollo infantil,controles nuevos en ninos de 2 anos a < de 5 a,2006-08-01,0,0,1,1
COLQUECHACA,nutricion y desarrollo infantil,controles nuevos en ninos de 2 anos a < de 5 a,2006-08-01,1,1,2,3
COLQUENCHA,nutricion y desarrollo infantil,controles nuevos en ninos de 2 anos a < de 5 a,2006-08-01,1,1,1,2
COMANCHE,nutricion y desarrollo infantil,controles nuevos en ninos de 2 anos a < de 5 a,2006-08-01,2,2,0,2
COMARAPA,nutricion y desarrollo infantil,controles nuevos en ninos de 2 anos a < de 5 a,2006-08-01,1,1,1,2
COMBAYA,nutricion y desarrollo infantil,controles nuevos en ninos de 2 anos a < de 5 a,2006-08-01,2,2,0,2
CONCEPCION,nutricion y desarrollo infantil,controles nuevos en ninos de 2 anos a < de 5 a,2006-08-01,16,16,21,37
COPACABANA,nutricion y desarrollo infantil,controles nuevos en ninos de 2 anos a < de 5 a,2006-08-01,12,12,8,20
CORIPATA,nutricion y desarrollo infantil,controles nuevos en ninos de 2 anos a < de 5 a,2006-08-01,21,21,22,43
CORO CORO,nutricion y desarrollo infantil,controles nuevos en ninos de 2 anos a < de 5 a,2006-08-01,4,4,4,8
COROICO,nutricion y desarrollo infantil,controles nuevos en ninos de 2 anos a < de 5 a,2006-08-01,25,25,15,40
CORQUE,nutricion y desarrollo infantil,controles nuevos en ninos de 2 anos a < de 5 a,2006-08-01,3,3,5,8
COTAGAITA,nutricion y desarrollo infantil,controles nuevos en ninos de 2 anos a < de 5 a,2006-08-01,5,5,1,6
COTOCA,nutricion y desarrollo infantil,controles nuevos en ninos de 2 anos a < de 5 a,2006-08-01,12,12,14,26
CUATRO CAÑADAS,nutricion y desarrollo infantil,controles nuevos en ninos de 2 anos a < de 5 a,2006-08-01,17,17,22,39
CUCHUMUELA (V. G. VILLARROEL),nutricion y desarrollo infantil,controles nuevos en ninos de 2 anos a < de 5 a,2006-08-01,0,0,1,1
CULPINA,nutricion y desarrollo infantil,controles nuevos en ninos de 2 anos a < de 5 a,2006-08-01,7,7,10,17
DESAGUADERO,nutricion y desarrollo infantil,controles nuevos en ninos de 2 anos a < de 5 a,2006-08-01,1,1,0,1
EL ALTO,nutricion y desarrollo infantil,controles nuevos en ninos de 2 anos a < de 5 a,2006-08-01,1244,1244,1167,2411
EL CHORO,nutricion y desarrollo infantil,controles nuevos en ninos de 2 anos a < de 5 a,2006-08-01,2,2,2,4
EL PUENTE(TJA),nutricion y desarrollo infantil,controles nuevos en ninos de 2 anos a < de 5 a,2006-08-01,12,12,10,22
EL TORNO,nutricion y desarrollo infantil,controles nuevos en ninos de 2 anos a < de 5 a,2006-08-01,3,3,1,4
ENTRE RIOS,nutricion y desarrollo infantil,controles nuevos en ninos de 2 anos a < de 5 a,2006-08-01,3,3,3,6
ENTRE RIOS,nutricion y desarrollo infantil,controles nuevos en ninos de 2 anos a < de 5 a,2006-08-01,48,48,48,96
ESCARA,nutricion y desarrollo infantil,controles nuevos en ninos de 2 anos a < de 5 a,2006-08-01,1,1,1,2
EUCALIPTUS,nutricion y desarrollo infantil,controles nuevos en ninos de 2 anos a < de 5 a,2006-08-01,1,1,0,1
EUREKA (SANTOS MERCADO),nutricion y desarrollo infantil,controles nuevos en ninos de 2 anos a < de 5 a,2006-08-01,13,13,7,20
EXALTACION,nutricion y desarrollo infantil,controles nuevos en ninos de 2 anos a < de 5 a,2006-08-01,2,2,3,5
FERNANDEZ ALONSO,nutricion y desarrollo infantil,controles nuevos en ninos de 2 anos a < de 5 a,2006-08-01,3,3,2,5
FILADELFIA,nutricion y desarrollo infantil,controles nuevos en ninos de 2 anos a < de 5 a,2006-08-01,6,6,6,12
GENERAL SAAVEDRA,nutricion y desarrollo infantil,controles nuevos en ninos de 2 anos a < de 5 a,2006-08-01,9,9,8,17
GRAL. J.J. PEREZ (CHARAZANI),nutricion y desarrollo infantil,controles nuevos en ninos de 2 anos a < de 5 a,2006-08-01,4,4,3,7
GUANAY,nutricion y desarrollo infantil,controles nuevos en ninos de 2 anos a < de 5 a,2006-08-01,2,2,4,6
GUAQUI,nutricion y desarrollo infantil,controles nuevos en ninos de 2 anos a < de 5 a,2006-08-01,1,1,1,2
GUAYARAMERIN,nutricion y desarrollo infantil,controles nuevos en ninos de 2 anos a < de 5 a,2006-08-01,4,4,4,8
HUACARETA,nutricion y desarrollo infantil,controles nuevos en ninos de 2 anos a < de 5 a,2006-08-01,14,14,10,24
HUACHACALLA,nutricion y desarrollo infantil,controles nuevos en ninos de 2 anos a < de 5 a,2006-08-01,0,0,1,1
HUANUNI,nutricion y desarrollo infantil,controles nuevos en ninos de 2 anos a < de 5 a,2006-08-01,17,17,17,34
HUARACAJE,nutricion y desarrollo infantil,controles nuevos en ninos de 2 anos a < de 5 a,2006-08-01,17,17,11,28
HUAYLLAMARCA,nutricion y desarrollo infantil,controles nuevos en ninos de 2 anos a < de 5 a,2006-08-01,0,0,2,2
ICHOCA,nutricion y desarrollo infantil,controles nuevos en ninos de 2 anos a < de 5 a,2006-08-01,2,2,1,3
ICLA,nutricion y desarrollo infantil,controles nuevos en ninos de 2 anos a < de 5 a,2006-08-01,1,1,0,1
INCAHUASI,nutricion y desarrollo infantil,controles nuevos en ninos de 2 anos a < de 5 a,2006-08-01,72,72,71,143
INQUISIVI,nutricion y desarrollo infantil,controles nuevos en ninos de 2 anos a < de 5 a,2006-08-01,4,4,1,5
IRUPANA (VILLA DE LANZA),nutricion y desarrollo infantil,controles nuevos en ninos de 2 anos a < de 5 a,2006-08-01,10,10,10,20
IXIAMAS,nutricion y desarrollo infantil,controles nuevos en ninos de 2 anos a < de 5 a,2006-08-01,3,3,8,11
LA ASUNTA,nutricion y desarrollo infantil,controles nuevos en ninos de 2 anos a < de 5 a,2006-08-01,18,18,15,33
LA GUARDIA,nutricion y desarrollo infantil,controles nuevos en ninos de 2 anos a < de 5 a,2006-08-01,128,128,161,289
LA PAZ,nutricion y desarrollo infantil,controles nuevos en ninos de 2 anos a < de 5 a,2006-08-01,750,750,696,1446
LAGUNILLAS,nutricion y desarrollo infantil,controles nuevos en ninos de 2 anos a < de 5 a,2006-08-01,1,1,0,1
LAJA,nutricion y desarrollo infantil,controles nuevos en ninos de 2 anos a < de 5 a,2006-08-01,3,3,5,8
LICOMA PAMPA,nutricion y desarrollo infantil,controles nuevos en ninos de 2 anos a < de 5 a,2006-08-01,1,1,0,1
LLALLAGUA,nutricion y desarrollo infantil,controles nuevos en ninos de 2 anos a < de 5 a,2006-08-01,75,75,76,151
LORETO,nutricion y desarrollo infantil,controles nuevos en ninos de 2 anos a < de 5 a,2006-08-01,9,9,5,14
LURIBAY,nutricion y desarrollo infantil,controles nuevos en ninos de 2 anos a < de 5 a,2006-08-01,1,1,1,2
MACHACAMARCA,nutricion y desarrollo infantil,controles nuevos en ninos de 2 anos a < de 5 a,2006-08-01,5,5,4,9
MACHARETI,nutricion y desarrollo infantil,controles nuevos en ninos de 2 anos a < de 5 a,2006-08-01,7,7,11,18
MAGDALENA,nutricion y desarrollo infantil,controles nuevos en ninos de 2 anos a < de 5 a,2006-08-01,6,6,5,11
MAIRANA,nutricion y desarrollo infantil,controles nuevos en ninos de 2 anos a < de 5 a,2006-08-01,0,0,1,1
MALLA,nutricion y desarrollo infantil,controles nuevos en ninos de 2 anos a < de 5 a,2006-08-01,0,0,1,1
MAPIRI,nutricion y desarrollo infantil,controles nuevos en ninos de 2 anos a < de 5 a,2006-08-01,2,2,3,5
MECAPACA,nutricion y desarrollo infantil,controles nuevos en ninos de 2 anos a < de 5 a,2006-08-01,2,2,6,8
MINEROS,nutricion y desarrollo infantil,controles nuevos en ninos de 2 anos a < de 5 a,2006-08-01,21,21,16,37
MIZQUE,nutricion y desarrollo infantil,controles nuevos en ninos de 2 anos a < de 5 a,2006-08-01,41,41,36,77
MOCOMOCO,nutricion y desarrollo infantil,controles nuevos en ninos de 2 anos a < de 5 a,2006-08-01,1,1,2,3
MONTEAGUDO,nutricion y desarrollo infantil,controles nuevos en ninos de 2 anos a < de 5 a,2006-08-01,30,30,36,66
MONTERO,nutricion y desarrollo infantil,controles nuevos en ninos de 2 anos a < de 5 a,2006-08-01,31,31,26,57
MORO MORO,nutricion y desarrollo infantil,controles nuevos en ninos de 2 anos a < de 5 a,2006-08-01,2,2,1,3
MOROCHATA,nutricion y desarrollo infantil,controles nuevos en ninos de 2 anos a < de 5 a,2006-08-01,78,78,74,152
NACEBE (SANTA ROSA DEL ABUNA),nutricion y desarrollo infantil,controles nuevos en ninos de 2 anos a < de 5 a,2006-08-01,1,1,2,3
OCURI,nutricion y desarrollo infantil,controles nuevos en ninos de 2 anos a < de 5 a,2006-08-01,27,27,22,49
OKINAWA,nutricion y desarrollo infantil,controles nuevos en ninos de 2 anos a < de 5 a,2006-08-01,14,14,13,27
OMEREQUE,nutricion y desarrollo infantil,controles nuevos en ninos de 2 anos a < de 5 a,2006-08-01,6,6,3,9
ORURO,nutricion y desarrollo infantil,controles nuevos en ninos de 2 anos a < de 5 a,2006-08-01,247,247,250,497
PADCAYA,nutricion y desarrollo infantil,controles nuevos en ninos de 2 anos a < de 5 a,2006-08-01,19,19,11,30
PAILON,nutricion y desarrollo infantil,controles nuevos en ninos de 2 anos a < de 5 a,2006-08-01,2,2,1,3
PALCA,nutricion y desarrollo infantil,controles nuevos en ninos de 2 anos a < de 5 a,2006-08-01,14,14,14,28
PALOS BLANCOS,nutricion y desarrollo infantil,controles nuevos en ninos de 2 anos a < de 5 a,2006-08-01,9,9,12,21
PAMPA AULLAGAS,nutricion y desarrollo infantil,controles nuevos en ninos de 2 anos a < de 5 a,2006-08-01,1,1,0,1
PASORAPA,nutricion y desarrollo infantil,controles nuevos en ninos de 2 anos a < de 5 a,2006-08-01,3,3,1,4
PATACAMAYA,nutricion y desarrollo infantil,controles nuevos en ninos de 2 anos a < de 5 a,2006-08-01,3,3,0,3
PAZÑA,nutricion y desarrollo infantil,controles nuevos en ninos de 2 anos a < de 5 a,2006-08-01,10,10,15,25
PELECHUCO,nutricion y desarrollo infantil,controles nuevos en ninos de 2 anos a < de 5 a,2006-08-01,42,42,18,60
POCOATA,nutricion y desarrollo infantil,controles nuevos en ninos de 2 anos a < de 5 a,2006-08-01,1,1,1,2
POCONA,nutricion y desarrollo infantil,controles nuevos en ninos de 2 anos a < de 5 a,2006-08-01,9,9,13,22
POJO (CBBA),nutricion y desarrollo infantil,controles nuevos en ninos de 2 anos a < de 5 a,2006-08-01,3,3,5,8
POOPO,nutricion y desarrollo infantil,controles nuevos en ninos de 2 anos a < de 5 a,2006-08-01,1,1,2,3
POROMA,nutricion y desarrollo infantil,controles nuevos en ninos de 2 anos a < de 5 a,2006-08-01,6,6,3,9
PORONGO,nutricion y desarrollo infantil,controles nuevos en ninos de 2 anos a < de 5 a,2006-08-01,9,9,9,18
PORTACHUELO,nutricion y desarrollo infantil,controles nuevos en ninos de 2 anos a < de 5 a,2006-08-01,6,6,10,16
PORVENIR,nutricion y desarrollo infantil,controles nuevos en ninos de 2 anos a < de 5 a,2006-08-01,2,2,3,5
POSTRER VALLE,nutricion y desarrollo infantil,controles nuevos en ninos de 2 anos a < de 5 a,2006-08-01,0,0,3,3
POTOSI,nutricion y desarrollo infantil,controles nuevos en ninos de 2 anos a < de 5 a,2006-08-01,88,88,67,155
PUCARA,nutricion y desarrollo infantil,controles nuevos en ninos de 2 anos a < de 5 a,2006-08-01,5,5,1,6
PUCARANI,nutricion y desarrollo infantil,controles nuevos en ninos de 2 anos a < de 5 a,2006-08-01,44,44,31,75
PUERTO ACOSTA,nutricion y desarrollo infantil,controles nuevos en ninos de 2 anos a < de 5 a,2006-08-01,37,37,10,47
PUERTO CARABUCO,nutricion y desarrollo infantil,controles nuevos en ninos de 2 anos a < de 5 a,2006-08-01,6,6,4,10
PUERTO GONZALO MORENO,nutricion y desarrollo infantil,controles nuevos en ninos de 2 anos a < de 5 a,2006-08-01,19,19,14,33
PUERTO PEREZ,nutricion y desarrollo infantil,controles nuevos en ninos de 2 anos a < de 5 a,2006-08-01,5,5,4,9
PUERTO QUIJARRO,nutricion y desarrollo infantil,controles nuevos en ninos de 2 anos a < de 5 a,2006-08-01,3,3,1,4
PUERTO RICO,nutricion y desarrollo infantil,controles nuevos en ninos de 2 anos a < de 5 a,2006-08-01,2,2,0,2
PUERTO SUAREZ,nutricion y desarrollo infantil,controles nuevos en ninos de 2 anos a < de 5 a,2006-08-01,5,5,5,10
PUERTO VILLARROEL,nutricion y desarrollo infantil,controles nuevos en ninos de 2 anos a < de 5 a,2006-08-01,23,23,15,38
PUNA,nutricion y desarrollo infantil,controles nuevos en ninos de 2 anos a < de 5 a,2006-08-01,51,51,54,105
PUNATA,nutricion y desarrollo infantil,controles nuevos en ninos de 2 anos a < de 5 a,2006-08-01,71,71,51,122
QUILLACOLLO,nutricion y desarrollo infantil,controles nuevos en ninos de 2 anos a < de 5 a,2006-08-01,199,199,212,411
QUIME,nutricion y desarrollo infantil,controles nuevos en ninos de 2 anos a < de 5 a,2006-08-01,2,2,2,4
REYES,nutricion y desarrollo infantil,controles nuevos en ninos de 2 anos a < de 5 a,2006-08-01,7,7,9,16
RIBERALTA,nutricion y desarrollo infantil,controles nuevos en ninos de 2 anos a < de 5 a,2006-08-01,30,30,29,59
ROBORE,nutricion y desarrollo infantil,controles nuevos en ninos de 2 anos a < de 5 a,2006-08-01,11,11,10,21
RURRENABAQUE,nutricion y desarrollo infantil,controles nuevos en ninos de 2 anos a < de 5 a,2006-08-01,0,0,3,3
SABAYA,nutricion y desarrollo infantil,controles nuevos en ninos de 2 anos a < de 5 a,2006-08-01,8,8,5,13
SACABA,nutricion y desarrollo infantil,controles nuevos en ninos de 2 anos a < de 5 a,2006-08-01,276,276,242,518
SACABAMBA,nutricion y desarrollo infantil,controles nuevos en ninos de 2 anos a < de 5 a,2006-08-01,6,6,5,11
SACACA,nutricion y desarrollo infantil,controles nuevos en ninos de 2 anos a < de 5 a,2006-08-01,46,46,44,90
SAIPINA,nutricion y desarrollo infantil,controles nuevos en ninos de 2 anos a < de 5 a,2006-08-01,2,2,2,4
SALINAS DE GARCI MENDOZA,nutricion y desarrollo infantil,controles nuevos en ninos de 2 anos a < de 5 a,2006-08-01,3,3,1,4
SAN ANDRES,nutricion y desarrollo infantil,controles nuevos en ninos de 2 anos a < de 5 a,2006-08-01,24,24,15,39
SAN ANDRES DE MACHACA,nutricion y desarrollo infantil,controles nuevos en ninos de 2 anos a < de 5 a,2006-08-01,2,2,1,3
SAN ANTONIO DE ESMORUCO,nutricion y desarrollo infantil,controles nuevos en ninos de 2 anos a < de 5 a,2006-08-01,1,1,0,1
SAN BENITO,nutricion y desarrollo infantil,controles nuevos en ninos de 2 anos a < de 5 a,2006-08-01,16,16,22,38
SAN BORJA,nutricion y desarrollo infantil,controles nuevos en ninos de 2 anos a < de 5 a,2006-08-01,12,12,12,24
SAN BUENA VENTURA,nutricion y desarrollo infantil,controles nuevos en ninos de 2 anos a < de 5 a,2006-08-01,10,10,5,15
SAN IGNACIO,nutricion y desarrollo infantil,controles nuevos en ninos de 2 anos a < de 5 a,2006-08-01,44,44,34,78
SAN IGNACIO DE VELASCO,nutricion y desarrollo infantil,controles nuevos en ninos de 2 anos a < de 5 a,2006-08-01,41,41,39,80
SAN JAVIER(BNI),nutricion y desarrollo infantil,controles nuevos en ninos de 2 anos a < de 5 a,2006-08-01,4,4,7,11
SAN JAVIER(STC),nutricion y desarrollo infantil,controles nuevos en ninos de 2 anos a < de 5 a,2006-08-01,3,3,0,3
SAN JOAQUIN,nutricion y desarrollo infantil,controles nuevos en ninos de 2 anos a < de 5 a,2006-08-01,3,3,3,6
SAN JOSE DE CHIQUITOS,nutricion y desarrollo infantil,controles nuevos en ninos de 2 anos a < de 5 a,2006-08-01,2,2,0,2
SAN JUAN DE YAPACANI,nutricion y desarrollo infantil,controles nuevos en ninos de 2 anos a < de 5 a,2006-08-01,2,2,5,7
SAN JULIAN,nutricion y desarrollo infantil,controles nuevos en ninos de 2 anos a < de 5 a,2006-08-01,4,4,8,12
SAN LORENZO(TJA),nutricion y desarrollo infantil,controles nuevos en ninos de 2 anos a < de 5 a,2006-08-01,90,90,84,174
SAN LUCAS,nutricion y desarrollo infantil,controles nuevos en ninos de 2 anos a < de 5 a,2006-08-01,16,16,40,56
SAN MATIAS,nutricion y desarrollo infantil,controles nuevos en ninos de 2 anos a < de 5 a,2006-08-01,10,10,4,14
SAN MIGUEL DE VELASCO,nutricion y desarrollo infantil,controles nuevos en ninos de 2 anos a < de 5 a,2006-08-01,5,5,6,11
SAN PABLO DE LIPEZ,nutricion y desarrollo infantil,controles nuevos en ninos de 2 anos a < de 5 a,2006-08-01,1,1,1,2
SAN PEDRO,nutricion y desarrollo infantil,controles nuevos en ninos de 2 anos a < de 5 a,2006-08-01,26,26,40,66
SAN PEDRO DE BUENA VISTA,nutricion y desarrollo infantil,controles nuevos en ninos de 2 anos a < de 5 a,2006-08-01,124,124,111,235
SAN PEDRO DE CURAHUARA,nutricion y desarrollo infantil,controles nuevos en ninos de 2 anos a < de 5 a,2006-08-01,0,0,1,1
SAN PEDRO DE TIQUINA,nutricion y desarrollo infantil,controles nuevos en ninos de 2 anos a < de 5 a,2006-08-01,6,6,3,9
SAN PEDRO(PND),nutricion y desarrollo infantil,controles nuevos en ninos de 2 anos a < de 5 a,2006-08-01,2,2,11,13
SAN RAFAEL,nutricion y desarrollo infantil,controles nuevos en ninos de 2 anos a < de 5 a,2006-08-01,1,1,5,6
SAN RAMON,nutricion y desarrollo infantil,controles nuevos en ninos de 2 anos a < de 5 a,2006-08-01,1,1,3,4
SANTA ANA,nutricion y desarrollo infantil,controles nuevos en ninos de 2 anos a < de 5 a,2006-08-01,2,2,3,5
SANTA CRUZ DE LA SIERRA,nutricion y desarrollo infantil,controles nuevos en ninos de 2 anos a < de 5 a,2006-08-01,1337,1337,1095,2432
SANTA ROSA,nutricion y desarrollo infantil,controles nuevos en ninos de 2 anos a < de 5 a,2006-08-01,82,82,70,152
SANTA ROSA DEL SARA,nutricion y desarrollo infantil,controles nuevos en ninos de 2 anos a < de 5 a,2006-08-01,0,0,1,1
SANTIAGO DE HUARI,nutricion y desarrollo infantil,controles nuevos en ninos de 2 anos a < de 5 a,2006-08-01,4,4,3,7
SANTIVAÑES,nutricion y desarrollo infantil,controles nuevos en ninos de 2 anos a < de 5 a,2006-08-01,3,3,3,6
SICA SICA (VILLA AROMA),nutricion y desarrollo infantil,controles nuevos en ninos de 2 anos a < de 5 a,2006-08-01,1,1,2,3
SICAYA,nutricion y desarrollo infantil,controles nuevos en ninos de 2 anos a < de 5 a,2006-08-01,1,1,0,1
SIPE SIPE,nutricion y desarrollo infantil,controles nuevos en ninos de 2 anos a < de 5 a,2006-08-01,64,64,52,116
SORACACHI,nutricion y desarrollo infantil,controles nuevos en ninos de 2 anos a < de 5 a,2006-08-01,10,10,4,14
SORATA,nutricion y desarrollo infantil,controles nuevos en ninos de 2 anos a < de 5 a,2006-08-01,54,54,49,103
SUCRE,nutricion y desarrollo infantil,controles nuevos en ninos de 2 anos a < de 5 a,2006-08-01,152,152,163,315
TACACHI,nutricion y desarrollo infantil,controles nuevos en ninos de 2 anos a < de 5 a,2006-08-01,7,7,9,16
TACOBAMBA,nutricion y desarrollo infantil,controles nuevos en ninos de 2 anos a < de 5 a,2006-08-01,44,44,43,87
TACOPAYA,nutricion y desarrollo infantil,controles nuevos en ninos de 2 anos a < de 5 a,2006-08-01,3,3,5,8
TAPACARI,nutricion y desarrollo infantil,controles nuevos en ninos de 2 anos a < de 5 a,2006-08-01,65,65,48,113
TARABUCO,nutricion y desarrollo infantil,controles nuevos en ninos de 2 anos a < de 5 a,2006-08-01,10,10,8,18
TARACO,nutricion y desarrollo infantil,controles nuevos en ninos de 2 anos a < de 5 a,2006-08-01,0,0,2,2
TARATA,nutricion y desarrollo infantil,controles nuevos en ninos de 2 anos a < de 5 a,2006-08-01,4,4,2,6
TARIJA,nutricion y desarrollo infantil,controles nuevos en ninos de 2 anos a < de 5 a,2006-08-01,217,217,209,426
TARVITA,nutricion y desarrollo infantil,controles nuevos en ninos de 2 anos a < de 5 a,2006-08-01,58,58,27,85
TINGUIPAYA,nutricion y desarrollo infantil,controles nuevos en ninos de 2 anos a < de 5 a,2006-08-01,7,7,5,12
TIQUIPAYA,nutricion y desarrollo infantil,controles nuevos en ninos de 2 anos a < de 5 a,2006-08-01,94,94,82,176
TIRAQUE (CBBA),nutricion y desarrollo infantil,controles nuevos en ninos de 2 anos a < de 5 a,2006-08-01,130,130,128,258
TITO YUPANQUI (PARQUIPUJIO),nutricion y desarrollo infantil,controles nuevos en ninos de 2 anos a < de 5 a,2006-08-01,1,1,3,4
TOCO,nutricion y desarrollo infantil,controles nuevos en ninos de 2 anos a < de 5 a,2006-08-01,0,0,3,3
TOLATA,nutricion y desarrollo infantil,controles nuevos en ninos de 2 anos a < de 5 a,2006-08-01,1,1,1,2
TOLEDO,nutricion y desarrollo infantil,controles nuevos en ninos de 2 anos a < de 5 a,2006-08-01,5,5,5,10
TOMAVE,nutricion y desarrollo infantil,controles nuevos en ninos de 2 anos a < de 5 a,2006-08-01,2,2,6,8
TORO TORO,nutricion y desarrollo infantil,controles nuevos en ninos de 2 anos a < de 5 a,2006-08-01,1,1,2,3
TOTORA(CBBA),nutricion y desarrollo infantil,controles nuevos en ninos de 2 anos a < de 5 a,2006-08-01,15,15,10,25
TOTORA(ORR),nutricion y desarrollo infantil,controles nuevos en ninos de 2 anos a < de 5 a,2006-08-01,5,5,8,13
TRINIDAD,nutricion y desarrollo infantil,controles nuevos en ninos de 2 anos a < de 5 a,2006-08-01,254,254,230,484
TUPIZA,nutricion y desarrollo infantil,controles nuevos en ninos de 2 anos a < de 5 a,2006-08-01,47,47,46,93
TURCO,nutricion y desarrollo infantil,controles nuevos en ninos de 2 anos a < de 5 a,2006-08-01,1,1,1,2
UMALA,nutricion y desarrollo infantil,controles nuevos en ninos de 2 anos a < de 5 a,2006-08-01,3,3,3,6
UNCIA,nutricion y desarrollo infantil,controles nuevos en ninos de 2 anos a < de 5 a,2006-08-01,5,5,8,13
URIONDO (A. CONCEPCION),nutricion y desarrollo infantil,controles nuevos en ninos de 2 anos a < de 5 a,2006-08-01,22,22,16,38
URUBICHA,nutricion y desarrollo infantil,controles nuevos en ninos de 2 anos a < de 5 a,2006-08-01,1,1,2,3
VACAS,nutricion y desarrollo infantil,controles nuevos en ninos de 2 anos a < de 5 a,2006-08-01,10,10,12,22
VALLEGRANDE,nutricion y desarrollo infantil,controles nuevos en ninos de 2 anos a < de 5 a,2006-08-01,28,28,25,53
VIACHA,nutricion y desarrollo infantil,controles nuevos en ninos de 2 anos a < de 5 a,2006-08-01,9,9,44,53
VILA VILA,nutricion y desarrollo infantil,controles nuevos en ninos de 2 anos a < de 5 a,2006-08-01,13,13,9,22
VILLA MONTES,nutricion y desarrollo infantil,controles nuevos en ninos de 2 anos a < de 5 a,2006-08-01,26,26,26,52
VILLA NUEVA (LOMA ALTA),nutricion y desarrollo infantil,controles nuevos en ninos de 2 anos a < de 5 a,2006-08-01,12,12,9,21
VILLA RIVERO,nutricion y desarrollo infantil,controles nuevos en ninos de 2 anos a < de 5 a,2006-08-01,6,6,5,11
VILLA TUNARI,nutricion y desarrollo infantil,controles nuevos en ninos de 2 anos a < de 5 a,2006-08-01,273,273,261,534
VILLA VACA GUZMAN (MUYUPAMPA),nutricion y desarrollo infantil,controles nuevos en ninos de 2 anos a < de 5 a,2006-08-01,5,5,8,13
VILLAZON,nutricion y desarrollo infantil,controles nuevos en ninos de 2 anos a < de 5 a,2006-08-01,3,3,1,4
VINTO,nutricion y desarrollo infantil,controles nuevos en ninos de 2 anos a < de 5 a,2006-08-01,8,8,2,10
VITICHI,nutricion y desarrollo infantil,controles nuevos en ninos de 2 anos a < de 5 a,2006-08-01,32,32,36,68
WARNES,nutricion y desarrollo infantil,controles nuevos en ninos de 2 anos a < de 5 a,2006-08-01,51,51,57,108
YACO,nutricion y desarrollo infantil,controles nuevos en ninos de 2 anos a < de 5 a,2006-08-01,10,10,13,23
YACUIBA,nutricion y desarrollo infantil,controles nuevos en ninos de 2 anos a < de 5 a,2006-08-01,17,17,11,28
YANACACHI,nutricion y desarrollo infantil,controles nuevos en ninos de 2 anos a < de 5 a,2006-08-01,2,2,0,2
YOTALA,nutricion y desarrollo infantil,controles nuevos en ninos de 2 anos a < de 5 a,2006-08-01,1,1,0,1
YUNCHARA,nutricion y desarrollo infantil,controles nuevos en ninos de 2 anos a < de 5 a,2006-08-01,9,9,9,18
ZUDAÑEZ,nutricion y desarrollo infantil,controles nuevos en ninos de 2 anos a < de 5 a,2006-08-01,2,2,0,2
ACACIO,nutricion y desarrollo infantil,controles nuevos en ninos de 2 anos a < de 5 a,2006-09-01,1,1,0,1
ACHACACHI,nutricion y desarrollo infantil,controles nuevos en ninos de 2 anos a < de 5 a,2006-09-01,146,146,134,280
AIQUILE,nutricion y desarrollo infantil,controles nuevos en ninos de 2 anos a < de 5 a,2006-09-01,28,28,22,50
ANCORAIMES,nutricion y desarrollo infantil,controles nuevos en ninos de 2 anos a < de 5 a,2006-09-01,3,3,5,8
ANDAMARCA,nutricion y desarrollo infantil,controles nuevos en ninos de 2 anos a < de 5 a,2006-09-01,2,2,6,8
ANZALDO,nutricion y desarrollo infantil,controles nuevos en ninos de 2 anos a < de 5 a,2006-09-01,39,39,32,71
APOLO,nutricion y desarrollo infantil,controles nuevos en ninos de 2 anos a < de 5 a,2006-09-01,9,9,12,21
ARAMPAMPA,nutricion y desarrollo infantil,controles nuevos en ninos de 2 anos a < de 5 a,2006-09-01,4,4,4,8
ARANI,nutricion y desarrollo infantil,controles nuevos en ninos de 2 anos a < de 5 a,2006-09-01,33,33,18,51
ARBIETO,nutricion y desarrollo infantil,controles nuevos en ninos de 2 anos a < de 5 a,2006-09-01,7,7,16,23
ATOCHA,nutricion y desarrollo infantil,controles nuevos en ninos de 2 anos a < de 5 a,2006-09-01,20,20,0,20
AUCAPATA,nutricion y desarrollo infantil,controles nuevos en ninos de 2 anos a < de 5 a,2006-09-01,14,14,7,21
AYATA,nutricion y desarrollo infantil,controles nuevos en ninos de 2 anos a < de 5 a,2006-09-01,2,2,2,4
AYO AYO,nutricion y desarrollo infantil,controles nuevos en ninos de 2 anos a < de 5 a,2006-09-01,1,1,0,1
AYOPAYA (V. DE INDEPENDENCIA),nutricion y desarrollo infantil,controles nuevos en ninos de 2 anos a < de 5 a,2006-09-01,33,33,39,72
AZURDUY,nutricion y desarrollo infantil,controles nuevos en ninos de 2 anos a < de 5 a,2006-09-01,10,10,31,41
BATALLAS,nutricion y desarrollo infantil,controles nuevos en ninos de 2 anos a < de 5 a,2006-09-01,5,5,5,10
BERMEJO,nutricion y desarrollo infantil,controles nuevos en ninos de 2 anos a < de 5 a,2006-09-01,26,26,26,52
BETANZOS,nutricion y desarrollo infantil,controles nuevos en ninos de 2 anos a < de 5 a,2006-09-01,4,4,7,11
BOLIVAR,nutricion y desarrollo infantil,controles nuevos en ninos de 2 anos a < de 5 a,2006-09-01,6,6,7,13
BOYUIBE,nutricion y desarrollo infantil,controles nuevos en ninos de 2 anos a < de 5 a,2006-09-01,1,1,1,2
BUENA VISTA,nutricion y desarrollo infantil,controles nuevos en ninos de 2 anos a < de 5 a,2006-09-01,16,16,9,25
CABEZAS,nutricion y desarrollo infantil,controles nuevos en ninos de 2 anos a < de 5 a,2006-09-01,3,3,3,6
CAIROMA,nutricion y desarrollo infantil,controles nuevos en ninos de 2 anos a < de 5 a,2006-09-01,16,16,26,42
"CAIZA ""D""",nutricion y desarrollo infantil,controles nuevos en ninos de 2 anos a < de 5 a,2006-09-01,5,5,0,5
CAJUATA,nutricion y desarrollo infantil,controles nuevos en ninos de 2 anos a < de 5 a,2006-09-01,32,32,25,57
CALACOTO,nutricion y desarrollo infantil,controles nuevos en ninos de 2 anos a < de 5 a,2006-09-01,2,2,6,8
CALAMARCA,nutricion y desarrollo infantil,controles nuevos en ninos de 2 anos a < de 5 a,2006-09-01,4,4,6,10
CAMARGO,nutricion y desarrollo infantil,controles nuevos en ninos de 2 anos a < de 5 a,2006-09-01,172,172,181,353
CAMATAQUI (C. VILLA ABECIA),nutricion y desarrollo infantil,controles nuevos en ninos de 2 anos a < de 5 a,2006-09-01,2,2,1,3
CAMIRI,nutricion y desarrollo infantil,controles nuevos en ninos de 2 anos a < de 5 a,2006-09-01,162,162,126,288
CAPINOTA,nutricion y desarrollo infantil,controles nuevos en ninos de 2 anos a < de 5 a,2006-09-01,15,15,11,26
CARACOLLO,nutricion y desarrollo infantil,controles nuevos en ninos de 2 anos a < de 5 a,2006-09-01,1,1,1,2
CARANAVI,nutricion y desarrollo infantil,controles nuevos en ninos de 2 anos a < de 5 a,2006-09-01,43,43,35,78
CARANGAS,nutricion y desarrollo infantil,controles nuevos en ninos de 2 anos a < de 5 a,2006-09-01,2,2,1,3
CARAPARI,nutricion y desarrollo infantil,controles nuevos en ninos de 2 anos a < de 5 a,2006-09-01,1,1,0,1
CARIPUYO,nutricion y desarrollo infantil,controles nuevos en ninos de 2 anos a < de 5 a,2006-09-01,52,52,47,99
CARMEN RIVERO TORREZ,nutricion y desarrollo infantil,controles nuevos en ninos de 2 anos a < de 5 a,2006-09-01,13,13,8,21
CATACORA,nutricion y desarrollo infantil,controles nuevos en ninos de 2 anos a < de 5 a,2006-09-01,2,2,4,6
CHALLAPATA,nutricion y desarrollo infantil,controles nuevos en ninos de 2 anos a < de 5 a,2006-09-01,6,6,3,9
CHARAGUA,nutricion y desarrollo infantil,controles nuevos en ninos de 2 anos a < de 5 a,2006-09-01,3,3,5,8
CHARAÑA,nutricion y desarrollo infantil,controles nuevos en ninos de 2 anos a < de 5 a,2006-09-01,1,1,0,1
CHAYANTA,nutricion y desarrollo infantil,controles nuevos en ninos de 2 anos a < de 5 a,2006-09-01,14,14,6,20
CHIMORE,nutricion y desarrollo infantil,controles nuevos en ninos de 2 anos a < de 5 a,2006-09-01,14,14,22,36
CHOQUE COTA,nutricion y desarrollo infantil,controles nuevos en ninos de 2 anos a < de 5 a,2006-09-01,5,5,2,7
CHUMA,nutricion y desarrollo infantil,controles nuevos en ninos de 2 anos a < de 5 a,2006-09-01,6,6,7,13
CLIZA,nutricion y desarrollo infantil,controles nuevos en ninos de 2 anos a < de 5 a,2006-09-01,15,15,13,28
COBIJA,nutricion y desarrollo infantil,controles nuevos en ninos de 2 anos a < de 5 a,2006-09-01,11,11,11,22
COCHABAMBA,nutricion y desarrollo infantil,controles nuevos en ninos de 2 anos a < de 5 a,2006-09-01,930,930,886,1816
COLCAPIRHUA,nutricion y desarrollo infantil,controles nuevos en ninos de 2 anos a < de 5 a,2006-09-01,238,238,229,467
COLOMI,nutricion y desarrollo infantil,controles nuevos en ninos de 2 anos a < de 5 a,2006-09-01,34,34,33,67
COLPA BELGICA,nutricion y desarrollo infantil,controles nuevos en ninos de 2 anos a < de 5 a,2006-09-01,2,2,2,4
COLQUENCHA,nutricion y desarrollo infantil,controles nuevos en ninos de 2 anos a < de 5 a,2006-09-01,1,1,4,5
COLQUIRI,nutricion y desarrollo infantil,controles nuevos en ninos de 2 anos a < de 5 a,2006-09-01,2,2,0,2
COMANCHE,nutricion y desarrollo infantil,controles nuevos en ninos de 2 anos a < de 5 a,2006-09-01,1,1,0,1
COMARAPA,nutricion y desarrollo infantil,controles nuevos en ninos de 2 anos a < de 5 a,2006-09-01,3,3,3,6
CONCEPCION,nutricion y desarrollo infantil,controles nuevos en ninos de 2 anos a < de 5 a,2006-09-01,2,2,2,4
COPACABANA,nutricion y desarrollo infantil,controles nuevos en ninos de 2 anos a < de 5 a,2006-09-01,3,3,3,6
CORIPATA,nutricion y desarrollo infantil,controles nuevos en ninos de 2 anos a < de 5 a,2006-09-01,5,5,2,7
CORO CORO,nutricion y desarrollo infantil,controles nuevos en ninos de 2 anos a < de 5 a,2006-09-01,3,3,7,10
COROICO,nutricion y desarrollo infantil,controles nuevos en ninos de 2 anos a < de 5 a,2006-09-01,14,14,17,31
CORQUE,nutricion y desarrollo infantil,controles nuevos en ninos de 2 anos a < de 5 a,2006-09-01,1,1,0,1
COTAGAITA,nutricion y desarrollo infantil,controles nuevos en ninos de 2 anos a < de 5 a,2006-09-01,1,1,1,2
COTOCA,nutricion y desarrollo infantil,controles nuevos en ninos de 2 anos a < de 5 a,2006-09-01,10,10,12,22
CUATRO CAÑADAS,nutricion y desarrollo infantil,controles nuevos en ninos de 2 anos a < de 5 a,2006-09-01,9,9,11,20
CUCHUMUELA (V. G. VILLARROEL),nutricion y desarrollo infantil,controles nuevos en ninos de 2 anos a < de 5 a,2006-09-01,3,3,1,4
CULPINA,nutricion y desarrollo infantil,controles nuevos en ninos de 2 anos a < de 5 a,2006-09-01,6,6,9,15
CURAHUARA DE CARANGAS,nutricion y desarrollo infantil,controles nuevos en ninos de 2 anos a < de 5 a,2006-09-01,9,9,4,13
DESAGUADERO,nutricion y desarrollo infantil,controles nuevos en ninos de 2 anos a < de 5 a,2006-09-01,3,3,1,4
EL ALTO,nutricion y desarrollo infantil,controles nuevos en ninos de 2 anos a < de 5 a,2006-09-01,1119,1119,1083,2202
EL CHORO,nutricion y desarrollo infantil,controles nuevos en ninos de 2 anos a < de 5 a,2006-09-01,1,1,0,1
EL PUENTE(STC),nutricion y desarrollo infantil,controles nuevos en ninos de 2 anos a < de 5 a,2006-09-01,1,1,2,3
EL TORNO,nutricion y desarrollo infantil,controles nuevos en ninos de 2 anos a < de 5 a,2006-09-01,25,25,17,42
ENTRE RIOS,nutricion y desarrollo infantil,controles nuevos en ninos de 2 anos a < de 5 a,2006-09-01,18,18,11,29
ENTRE RIOS,nutricion y desarrollo infantil,controles nuevos en ninos de 2 anos a < de 5 a,2006-09-01,54,54,57,111
EUCALIPTUS,nutricion y desarrollo infantil,controles nuevos en ninos de 2 anos a < de 5 a,2006-09-01,1,1,1,2
EUREKA (SANTOS MERCADO),nutricion y desarrollo infantil,controles nuevos en ninos de 2 anos a < de 5 a,2006-09-01,0,0,1,1
EXALTACION,nutricion y desarrollo infantil,controles nuevos en ninos de 2 anos a < de 5 a,2006-09-01,4,4,2,6
FERNANDEZ ALONSO,nutricion y desarrollo infantil,controles nuevos en ninos de 2 anos a < de 5 a,2006-09-01,1,1,7,8
FILADELFIA,nutricion y desarrollo infantil,controles nuevos en ninos de 2 anos a < de 5 a,2006-09-01,3,3,4,7
GENERAL SAAVEDRA,nutricion y desarrollo infantil,controles nuevos en ninos de 2 anos a < de 5 a,2006-09-01,4,4,5,9
GRAL. J.J. PEREZ (CHARAZANI),nutricion y desarrollo infantil,controles nuevos en ninos de 2 anos a < de 5 a,2006-09-01,5,5,9,14
GUANAY,nutricion y desarrollo infantil,controles nuevos en ninos de 2 anos a < de 5 a,2006-09-01,11,11,8,19
GUAQUI,nutricion y desarrollo infantil,controles nuevos en ninos de 2 anos a < de 5 a,2006-09-01,0,0,2,2
GUAYARAMERIN,nutricion y desarrollo infantil,controles nuevos en ninos de 2 anos a < de 5 a,2006-09-01,8,8,8,16
GUTIERREZ,nutricion y desarrollo infantil,controles nuevos en ninos de 2 anos a < de 5 a,2006-09-01,40,40,29,69
HUACARETA,nutricion y desarrollo infantil,controles nuevos en ninos de 2 anos a < de 5 a,2006-09-01,4,4,7,11
HUACHACALLA,nutricion y desarrollo infantil,controles nuevos en ninos de 2 anos a < de 5 a,2006-09-01,2,2,2,4
HUANUNI,nutricion y desarrollo infantil,controles nuevos en ninos de 2 anos a < de 5 a,2006-09-01,20,20,15,35
HUAYLLAMARCA,nutricion y desarrollo infantil,controles nuevos en ninos de 2 anos a < de 5 a,2006-09-01,3,3,3,6
ICHOCA,nutricion y desarrollo infantil,controles nuevos en ninos de 2 anos a < de 5 a,2006-09-01,1,1,1,2
INCAHUASI,nutricion y desarrollo infantil,controles nuevos en ninos de 2 anos a < de 5 a,2006-09-01,45,45,47,92
INQUISIVI,nutricion y desarrollo infantil,controles nuevos en ninos de 2 anos a < de 5 a,2006-09-01,5,5,4,9
IRUPANA (VILLA DE LANZA),nutricion y desarrollo infantil,controles nuevos en ninos de 2 anos a < de 5 a,2006-09-01,18,18,12,30
IXIAMAS,nutricion y desarrollo infantil,controles nuevos en ninos de 2 anos a < de 5 a,2006-09-01,5,5,6,11
JESUS DE MACHACA,nutricion y desarrollo infantil,controles nuevos en ninos de 2 anos a < de 5 a,2006-09-01,10,10,6,16
LA ASUNTA,nutricion y desarrollo infantil,controles nuevos en ninos de 2 anos a < de 5 a,2006-09-01,13,13,13,26
LA GUARDIA,nutricion y desarrollo infantil,controles nuevos en ninos de 2 anos a < de 5 a,2006-09-01,7,7,5,12
LA PAZ,nutricion y desarrollo infantil,controles nuevos en ninos de 2 anos a < de 5 a,2006-09-01,915,915,786,1701
LAGUNILLAS,nutricion y desarrollo infantil,controles nuevos en ninos de 2 anos a < de 5 a,2006-09-01,0,0,1,1
LAJA,nutricion y desarrollo infantil,controles nuevos en ninos de 2 anos a < de 5 a,2006-09-01,6,6,2,8
LAS CARRERAS,nutricion y desarrollo infantil,controles nuevos en ninos de 2 anos a < de 5 a,2006-09-01,0,0,1,1
LICOMA PAMPA,nutricion y desarrollo infantil,controles nuevos en ninos de 2 anos a < de 5 a,2006-09-01,0,0,1,1
LLALLAGUA,nutricion y desarrollo infantil,controles nuevos en ninos de 2 anos a < de 5 a,2006-09-01,86,86,57,143
LORETO,nutricion y desarrollo infantil,controles nuevos en ninos de 2 anos a < de 5 a,2006-09-01,7,7,11,18
LURIBAY,nutricion y desarrollo infantil,controles nuevos en ninos de 2 anos a < de 5 a,2006-09-01,0,0,3,3
MACHACAMARCA,nutricion y desarrollo infantil,controles nuevos en ninos de 2 anos a < de 5 a,2006-09-01,2,2,2,4
MACHARETI,nutricion y desarrollo infantil,controles nuevos en ninos de 2 anos a < de 5 a,2006-09-01,3,3,0,3
MAPIRI,nutricion y desarrollo infantil,controles nuevos en ninos de 2 anos a < de 5 a,2006-09-01,3,3,4,7
MECAPACA,nutricion y desarrollo infantil,controles nuevos en ninos de 2 anos a < de 5 a,2006-09-01,9,9,6,15
MINEROS,nutricion y desarrollo infantil,controles nuevos en ninos de 2 anos a < de 5 a,2006-09-01,11,11,16,27
MIZQUE,nutricion y desarrollo infantil,controles nuevos en ninos de 2 anos a < de 5 a,2006-09-01,7,7,5,12
MOCOMOCO,nutricion y desarrollo infantil,controles nuevos en ninos de 2 anos a < de 5 a,2006-09-01,0,0,4,4
MONTEAGUDO,nutricion y desarrollo infantil,controles nuevos en ninos de 2 anos a < de 5 a,2006-09-01,43,43,47,90
MONTERO,nutricion y desarrollo infantil,controles nuevos en ninos de 2 anos a < de 5 a,2006-09-01,130,130,152,282
MORO MORO,nutricion y desarrollo infantil,controles nuevos en ninos de 2 anos a < de 5 a,2006-09-01,0,0,1,1
MOROCHATA,nutricion y desarrollo infantil,controles nuevos en ninos de 2 anos a < de 5 a,2006-09-01,135,135,103,238
NACEBE (SANTA ROSA DEL ABUNA),nutricion y desarrollo infantil,controles nuevos en ninos de 2 anos a < de 5 a,2006-09-01,2,2,1,3
OKINAWA,nutricion y desarrollo infantil,controles nuevos en ninos de 2 anos a < de 5 a,2006-09-01,28,28,26,54
OMEREQUE,nutricion y desarrollo infantil,controles nuevos en ninos de 2 anos a < de 5 a,2006-09-01,1,1,2,3
ORURO,nutricion y desarrollo infantil,controles nuevos en ninos de 2 anos a < de 5 a,2006-09-01,183,183,205,388
PADCAYA,nutricion y desarrollo infantil,controles nuevos en ninos de 2 anos a < de 5 a,2006-09-01,11,11,13,24
PADILLA,nutricion y desarrollo infantil,controles nuevos en ninos de 2 anos a < de 5 a,2006-09-01,0,0,1,1
PAILON,nutricion y desarrollo infantil,controles nuevos en ninos de 2 anos a < de 5 a,2006-09-01,3,3,0,3
PALCA,nutricion y desarrollo infantil,controles nuevos en ninos de 2 anos a < de 5 a,2006-09-01,8,8,12,20
PALOS BLANCOS,nutricion y desarrollo infantil,controles nuevos en ninos de 2 anos a < de 5 a,2006-09-01,5,5,5,10
PAPEL PAMPA,nutricion y desarrollo infantil,controles nuevos en ninos de 2 anos a < de 5 a,2006-09-01,0,0,1,1
PASORAPA,nutricion y desarrollo infantil,controles nuevos en ninos de 2 anos a < de 5 a,2006-09-01,0,0,2,2
PATACAMAYA,nutricion y desarrollo infantil,controles nuevos en ninos de 2 anos a < de 5 a,2006-09-01,2,2,5,7
PAZÑA,nutricion y desarrollo infantil,controles nuevos en ninos de 2 anos a < de 5 a,2006-09-01,1,1,3,4
PELECHUCO,nutricion y desarrollo infantil,controles nuevos en ninos de 2 anos a < de 5 a,2006-09-01,1,1,2,3
POCOATA,nutricion y desarrollo infantil,controles nuevos en ninos de 2 anos a < de 5 a,2006-09-01,1,1,1,2
POCONA,nutricion y desarrollo infantil,controles nuevos en ninos de 2 anos a < de 5 a,2006-09-01,47,47,47,94
POJO (CBBA),nutricion y desarrollo infantil,controles nuevos en ninos de 2 anos a < de 5 a,2006-09-01,5,5,17,22
POOPO,nutricion y desarrollo infantil,controles nuevos en ninos de 2 anos a < de 5 a,2006-09-01,2,2,0,2
PORCO,nutricion y desarrollo infantil,controles nuevos en ninos de 2 anos a < de 5 a,2006-09-01,1,1,1,2
POROMA,nutricion y desarrollo infantil,controles nuevos en ninos de 2 anos a < de 5 a,2006-09-01,20,20,19,39
PORONGO,nutricion y desarrollo infantil,controles nuevos en ninos de 2 anos a < de 5 a,2006-09-01,0,0,1,1
PORTACHUELO,nutricion y desarrollo infantil,controles nuevos en ninos de 2 anos a < de 5 a,2006-09-01,3,3,2,5
PORVENIR,nutricion y desarrollo infantil,controles nuevos en ninos de 2 anos a < de 5 a,2006-09-01,25,25,23,48
POTOSI,nutricion y desarrollo infantil,controles nuevos en ninos de 2 anos a < de 5 a,2006-09-01,231,231,167,398
PRESTO,nutricion y desarrollo infantil,controles nuevos en ninos de 2 anos a < de 5 a,2006-09-01,21,21,11,32
PUCARANI,nutricion y desarrollo infantil,controles nuevos en ninos de 2 anos a < de 5 a,2006-09-01,21,21,23,44
PUERTO ACOSTA,nutricion y desarrollo infantil,controles nuevos en ninos de 2 anos a < de 5 a,2006-09-01,6,6,7,13
PUERTO CARABUCO,nutricion y desarrollo infantil,controles nuevos en ninos de 2 anos a < de 5 a,2006-09-01,2,2,3,5
PUERTO GONZALO MORENO,nutricion y desarrollo infantil,controles nuevos en ninos de 2 anos a < de 5 a,2006-09-01,0,0,1,1
PUERTO PEREZ,nutricion y desarrollo infantil,controles nuevos en ninos de 2 anos a < de 5 a,2006-09-01,11,11,7,18
PUERTO QUIJARRO,nutricion y desarrollo infantil,controles nuevos en ninos de 2 anos a < de 5 a,2006-09-01,6,6,6,12
PUERTO RICO,nutricion y desarrollo infantil,controles nuevos en ninos de 2 anos a < de 5 a,2006-09-01,7,7,6,13
PUERTO SILES,nutricion y desarrollo infantil,controles nuevos en ninos de 2 anos a < de 5 a,2006-09-01,4,4,3,7
PUERTO SUAREZ,nutricion y desarrollo infantil,controles nuevos en ninos de 2 anos a < de 5 a,2006-09-01,7,7,6,13
PUERTO VILLARROEL,nutricion y desarrollo infantil,controles nuevos en ninos de 2 anos a < de 5 a,2006-09-01,48,48,54,102
PUNA,nutricion y desarrollo infantil,controles nuevos en ninos de 2 anos a < de 5 a,2006-09-01,21,21,40,61
PUNATA,nutricion y desarrollo infantil,controles nuevos en ninos de 2 anos a < de 5 a,2006-09-01,57,57,52,109
QUILLACOLLO,nutricion y desarrollo infantil,controles nuevos en ninos de 2 anos a < de 5 a,2006-09-01,181,181,177,358
REYES,nutricion y desarrollo infantil,controles nuevos en ninos de 2 anos a < de 5 a,2006-09-01,16,16,23,39
RIBERALTA,nutricion y desarrollo infantil,controles nuevos en ninos de 2 anos a < de 5 a,2006-09-01,46,46,25,71
ROBORE,nutricion y desarrollo infantil,controles nuevos en ninos de 2 anos a < de 5 a,2006-09-01,13,13,18,31
RURRENABAQUE,nutricion y desarrollo infantil,controles nuevos en ninos de 2 anos a < de 5 a,2006-09-01,4,4,3,7
SABAYA,nutricion y desarrollo infantil,controles nuevos en ninos de 2 anos a < de 5 a,2006-09-01,2,2,3,5
SACABA,nutricion y desarrollo infantil,controles nuevos en ninos de 2 anos a < de 5 a,2006-09-01,209,209,147,356
SACABAMBA,nutricion y desarrollo infantil,controles nuevos en ninos de 2 anos a < de 5 a,2006-09-01,2,2,2,4
SACACA,nutricion y desarrollo infantil,controles nuevos en ninos de 2 anos a < de 5 a,2006-09-01,47,47,44,91
SAIPINA,nutricion y desarrollo infantil,controles nuevos en ninos de 2 anos a < de 5 a,2006-09-01,6,6,1,7
SALINAS DE GARCI MENDOZA,nutricion y desarrollo infantil,controles nuevos en ninos de 2 anos a < de 5 a,2006-09-01,14,14,12,26
SAN ANDRES,nutricion y desarrollo infantil,controles nuevos en ninos de 2 anos a < de 5 a,2006-09-01,27,27,26,53
SAN ANDRES DE MACHACA,nutricion y desarrollo infantil,controles nuevos en ninos de 2 anos a < de 5 a,2006-09-01,2,2,2,4
SAN BENITO,nutricion y desarrollo infantil,controles nuevos en ninos de 2 anos a < de 5 a,2006-09-01,20,20,18,38
SAN BORJA,nutricion y desarrollo infantil,controles nuevos en ninos de 2 anos a < de 5 a,2006-09-01,6,6,6,12
SAN BUENA VENTURA,nutricion y desarrollo infantil,controles nuevos en ninos de 2 anos a < de 5 a,2006-09-01,37,37,33,70
SAN IGNACIO,nutricion y desarrollo infantil,controles nuevos en ninos de 2 anos a < de 5 a,2006-09-01,20,20,17,37
SAN IGNACIO DE VELASCO,nutricion y desarrollo infantil,controles nuevos en ninos de 2 anos a < de 5 a,2006-09-01,44,44,38,82
SAN JAVIER(BNI),nutricion y desarrollo infantil,controles nuevos en ninos de 2 anos a < de 5 a,2006-09-01,7,7,7,14
SAN JAVIER(STC),nutricion y desarrollo infantil,controles nuevos en ninos de 2 anos a < de 5 a,2006-09-01,3,3,1,4
SAN JOAQUIN,nutricion y desarrollo infantil,controles nuevos en ninos de 2 anos a < de 5 a,2006-09-01,1,1,1,2
SAN JULIAN,nutricion y desarrollo infantil,controles nuevos en ninos de 2 anos a < de 5 a,2006-09-01,49,49,40,89
SAN LORENZO(TJA),nutricion y desarrollo infantil,controles nuevos en ninos de 2 anos a < de 5 a,2006-09-01,17,17,19,36
SAN LUCAS,nutricion y desarrollo infantil,controles nuevos en ninos de 2 anos a < de 5 a,2006-09-01,8,8,7,15
SAN MATIAS,nutricion y desarrollo infantil,controles nuevos en ninos de 2 anos a < de 5 a,2006-09-01,11,11,8,19
SAN MIGUEL DE VELASCO,nutricion y desarrollo infantil,controles nuevos en ninos de 2 anos a < de 5 a,2006-09-01,3,3,4,7
SAN PEDRO,nutricion y desarrollo infantil,controles nuevos en ninos de 2 anos a < de 5 a,2006-09-01,16,16,26,42
SAN PEDRO DE BUENA VISTA,nutricion y desarrollo infantil,controles nuevos en ninos de 2 anos a < de 5 a,2006-09-01,9,9,2,11
SAN PEDRO DE TIQUINA,nutricion y desarrollo infantil,controles nuevos en ninos de 2 anos a < de 5 a,2006-09-01,2,2,1,3
SAN PEDRO(PND),nutricion y desarrollo infantil,controles nuevos en ninos de 2 anos a < de 5 a,2006-09-01,6,6,4,10
SAN RAFAEL,nutricion y desarrollo infantil,controles nuevos en ninos de 2 anos a < de 5 a,2006-09-01,3,3,1,4
SAN RAMON,nutricion y desarrollo infantil,controles nuevos en ninos de 2 anos a < de 5 a,2006-09-01,0,0,2,2
SANTA ANA,nutricion y desarrollo infantil,controles nuevos en ninos de 2 anos a < de 5 a,2006-09-01,13,13,9,22
SANTA CRUZ DE LA SIERRA,nutricion y desarrollo infantil,controles nuevos en ninos de 2 anos a < de 5 a,2006-09-01,1029,1029,895,1924
SANTA ROSA DEL SARA,nutricion y desarrollo infantil,controles nuevos en ninos de 2 anos a < de 5 a,2006-09-01,1,1,5,6
SANTIAGO DE CALLAPA,nutricion y desarrollo infantil,controles nuevos en ninos de 2 anos a < de 5 a,2006-09-01,0,0,2,2
SANTIAGO DE HUARI,nutricion y desarrollo infantil,controles nuevos en ninos de 2 anos a < de 5 a,2006-09-01,2,2,0,2
SANTIVAÑES,nutricion y desarrollo infantil,controles nuevos en ninos de 2 anos a < de 5 a,2006-09-01,0,0,1,1
SICA SICA (VILLA AROMA),nutricion y desarrollo infantil,controles nuevos en ninos de 2 anos a < de 5 a,2006-09-01,11,11,15,26
SIPE SIPE,nutricion y desarrollo infantil,controles nuevos en ninos de 2 anos a < de 5 a,2006-09-01,80,80,55,135
SORACACHI,nutricion y desarrollo infantil,controles nuevos en ninos de 2 anos a < de 5 a,2006-09-01,45,45,36,81
SORATA,nutricion y desarrollo infantil,controles nuevos en ninos de 2 anos a < de 5 a,2006-09-01,18,18,20,38
SUCRE,nutricion y desarrollo infantil,controles nuevos en ninos de 2 anos a < de 5 a,2006-09-01,129,129,118,247
TACACHI,nutricion y desarrollo infantil,controles nuevos en ninos de 2 anos a < de 5 a,2006-09-01,2,2,2,4
TACOBAMBA,nutricion y desarrollo infantil,controles nuevos en ninos de 2 anos a < de 5 a,2006-09-01,1,1,0,1
TACOPAYA,nutricion y desarrollo infantil,controles nuevos en ninos de 2 anos a < de 5 a,2006-09-01,1,1,2,3
TAPACARI,nutricion y desarrollo infantil,controles nuevos en ninos de 2 anos a < de 5 a,2006-09-01,139,139,110,249
TARABUCO,nutricion y desarrollo infantil,controles nuevos en ninos de 2 anos a < de 5 a,2006-09-01,4,4,3,7
TARATA,nutricion y desarrollo infantil,controles nuevos en ninos de 2 anos a < de 5 a,2006-09-01,12,12,15,27
TARIJA,nutricion y desarrollo infantil,controles nuevos en ninos de 2 anos a < de 5 a,2006-09-01,218,218,234,452
TARVITA,nutricion y desarrollo infantil,controles nuevos en ninos de 2 anos a < de 5 a,2006-09-01,2,2,1,3
TINGUIPAYA,nutricion y desarrollo infantil,controles nuevos en ninos de 2 anos a < de 5 a,2006-09-01,16,16,12,28
TIQUIPAYA,nutricion y desarrollo infantil,controles nuevos en ninos de 2 anos a < de 5 a,2006-09-01,188,188,183,371
TIRAQUE (CBBA),nutricion y desarrollo infantil,controles nuevos en ninos de 2 anos a < de 5 a,2006-09-01,83,83,71,154
TITO YUPANQUI (PARQUIPUJIO),nutricion y desarrollo infantil,controles nuevos en ninos de 2 anos a < de 5 a,2006-09-01,1,1,0,1
TOLATA,nutricion y desarrollo infantil,controles nuevos en ninos de 2 anos a < de 5 a,2006-09-01,5,5,4,9
TOLEDO,nutricion y desarrollo infantil,controles nuevos en ninos de 2 anos a < de 5 a,2006-09-01,5,5,2,7
TOMAVE,nutricion y desarrollo infantil,controles nuevos en ninos de 2 anos a < de 5 a,2006-09-01,0,0,2,2
TOMINA,nutricion y desarrollo infantil,controles nuevos en ninos de 2 anos a < de 5 a,2006-09-01,0,0,1,1
TORO TORO,nutricion y desarrollo infantil,controles nuevos en ninos de 2 anos a < de 5 a,2006-09-01,2,2,5,7
TOTORA(CBBA),nutricion y desarrollo infantil,controles nuevos en ninos de 2 anos a < de 5 a,2006-09-01,13,13,23,36
TOTORA(ORR),nutricion y desarrollo infantil,controles nuevos en ninos de 2 anos a < de 5 a,2006-09-01,8,8,7,15
TRIGAL,nutricion y desarrollo infantil,controles nuevos en ninos de 2 anos a < de 5 a,2006-09-01,1,1,0,1
TRINIDAD,nutricion y desarrollo infantil,controles nuevos en ninos de 2 anos a < de 5 a,2006-09-01,265,265,277,542
TUPIZA,nutricion y desarrollo infantil,controles nuevos en ninos de 2 anos a < de 5 a,2006-09-01,30,30,46,76
TURCO,nutricion y desarrollo infantil,controles nuevos en ninos de 2 anos a < de 5 a,2006-09-01,3,3,1,4
UMALA,nutricion y desarrollo infantil,controles nuevos en ninos de 2 anos a < de 5 a,2006-09-01,0,0,1,1
UNCIA,nutricion y desarrollo infantil,controles nuevos en ninos de 2 anos a < de 5 a,2006-09-01,4,4,2,6
UYUNI,nutricion y desarrollo infantil,controles nuevos en ninos de 2 anos a < de 5 a,2006-09-01,4,4,1,5
VACAS,nutricion y desarrollo infantil,controles nuevos en ninos de 2 anos a < de 5 a,2006-09-01,8,8,12,20
VALLEGRANDE,nutricion y desarrollo infantil,controles nuevos en ninos de 2 anos a < de 5 a,2006-09-01,29,29,22,51
VIACHA,nutricion y desarrollo infantil,controles nuevos en ninos de 2 anos a < de 5 a,2006-09-01,17,17,22,39
VILA VILA,nutricion y desarrollo infantil,controles nuevos en ninos de 2 anos a < de 5 a,2006-09-01,4,4,4,8
VILLA MONTES,nutricion y desarrollo infantil,controles nuevos en ninos de 2 anos a < de 5 a,2006-09-01,20,20,18,38
VILLA NUEVA (LOMA ALTA),nutricion y desarrollo infantil,controles nuevos en ninos de 2 anos a < de 5 a,2006-09-01,5,5,6,11
VILLA RIVERO,nutricion y desarrollo infantil,controles nuevos en ninos de 2 anos a < de 5 a,2006-09-01,7,7,1,8
VILLA SERRANO,nutricion y desarrollo infantil,controles nuevos en ninos de 2 anos a < de 5 a,2006-09-01,1,1,1,2
VILLA TUNARI,nutricion y desarrollo infantil,controles nuevos en ninos de 2 anos a < de 5 a,2006-09-01,133,133,126,259
VILLA VACA GUZMAN (MUYUPAMPA),nutricion y desarrollo infantil,controles nuevos en ninos de 2 anos a < de 5 a,2006-09-01,1,1,1,2
VILLAZON,nutricion y desarrollo infantil,controles nuevos en ninos de 2 anos a < de 5 a,2006-09-01,3,3,6,9
VINTO,nutricion y desarrollo infantil,controles nuevos en ninos de 2 anos a < de 5 a,2006-09-01,13,13,14,27
WARNES,nutricion y desarrollo infantil,controles nuevos en ninos de 2 anos a < de 5 a,2006-09-01,60,60,48,108
YACO,nutricion y desarrollo infantil,controles nuevos en ninos de 2 anos a < de 5 a,2006-09-01,2,2,5,7
YACUIBA,nutricion y desarrollo infantil,controles nuevos en ninos de 2 anos a < de 5 a,2006-09-01,210,210,22,232
YANACACHI,nutricion y desarrollo infantil,controles nuevos en ninos de 2 anos a < de 5 a,2006-09-01,2,2,1,3
YOTALA,nutricion y desarrollo infantil,controles nuevos en ninos de 2 anos a < de 5 a,2006-09-01,5,5,1,6
ACACIO,nutricion y desarrollo infantil,controles nuevos en ninos de 2 anos a < de 5 a,2006-10-01,0,0,2,2
ACHACACHI,nutricion y desarrollo infantil,controles nuevos en ninos de 2 anos a < de 5 a,2006-10-01,44,44,33,77
ACHOCALLA,nutricion y desarrollo infantil,controles nuevos en ninos de 2 anos a < de 5 a,2006-10-01,1,1,2,3
AIQUILE,nutricion y desarrollo infantil,controles nuevos en ninos de 2 anos a < de 5 a,2006-10-01,22,22,8,30
ANCORAIMES,nutricion y desarrollo infantil,controles nuevos en ninos de 2 anos a < de 5 a,2006-10-01,5,5,4,9
ANDAMARCA,nutricion y desarrollo infantil,controles nuevos en ninos de 2 anos a < de 5 a,2006-10-01,1,1,0,1
ANZALDO,nutricion y desarrollo infantil,controles nuevos en ninos de 2 anos a < de 5 a,2006-10-01,36,36,41,77
APOLO,nutricion y desarrollo infantil,controles nuevos en ninos de 2 anos a < de 5 a,2006-10-01,16,16,7,23
ARAMPAMPA,nutricion y desarrollo infantil,controles nuevos en ninos de 2 anos a < de 5 a,2006-10-01,1,1,3,4
ARANI,nutricion y desarrollo infantil,controles nuevos en ninos de 2 anos a < de 5 a,2006-10-01,15,15,16,31
ARBIETO,nutricion y desarrollo infantil,controles nuevos en ninos de 2 anos a < de 5 a,2006-10-01,40,40,16,56
ASCENCION DE GUARAYOS,nutricion y desarrollo infantil,controles nuevos en ninos de 2 anos a < de 5 a,2006-10-01,7,7,3,10
AUCAPATA,nutricion y desarrollo infantil,controles nuevos en ninos de 2 anos a < de 5 a,2006-10-01,8,8,13,21
AYATA,nutricion y desarrollo infantil,controles nuevos en ninos de 2 anos a < de 5 a,2006-10-01,4,4,7,11
AYO AYO,nutricion y desarrollo infantil,controles nuevos en ninos de 2 anos a < de 5 a,2006-10-01,1,1,0,1
AYOPAYA (V. DE INDEPENDENCIA),nutricion y desarrollo infantil,controles nuevos en ninos de 2 anos a < de 5 a,2006-10-01,32,32,47,79
AZURDUY,nutricion y desarrollo infantil,controles nuevos en ninos de 2 anos a < de 5 a,2006-10-01,5,5,4,9
BATALLAS,nutricion y desarrollo infantil,controles nuevos en ninos de 2 anos a < de 5 a,2006-10-01,10,10,3,13
BELEN DE ANDAMARCA,nutricion y desarrollo infantil,controles nuevos en ninos de 2 anos a < de 5 a,2006-10-01,1,1,3,4
BELEN DE URMIRI,nutricion y desarrollo infantil,controles nuevos en ninos de 2 anos a < de 5 a,2006-10-01,8,8,3,11
BELLA FLOR,nutricion y desarrollo infantil,controles nuevos en ninos de 2 anos a < de 5 a,2006-10-01,24,24,20,44
BERMEJO,nutricion y desarrollo infantil,controles nuevos en ninos de 2 anos a < de 5 a,2006-10-01,44,44,26,70
BETANZOS,nutricion y desarrollo infantil,controles nuevos en ninos de 2 anos a < de 5 a,2006-10-01,4,4,1,5
BOLIVAR,nutricion y desarrollo infantil,controles nuevos en ninos de 2 anos a < de 5 a,2006-10-01,15,15,12,27
BOLPEBRA,nutricion y desarrollo infantil,controles nuevos en ninos de 2 anos a < de 5 a,2006-10-01,14,14,15,29
BOYUIBE,nutricion y desarrollo infantil,controles nuevos en ninos de 2 anos a < de 5 a,2006-10-01,2,2,1,3
BUENA VISTA,nutricion y desarrollo infantil,controles nuevos en ninos de 2 anos a < de 5 a,2006-10-01,1,1,24,25
CABEZAS,nutricion y desarrollo infantil,controles nuevos en ninos de 2 anos a < de 5 a,2006-10-01,5,5,6,11
CAIROMA,nutricion y desarrollo infantil,controles nuevos en ninos de 2 anos a < de 5 a,2006-10-01,5,5,0,5
"CAIZA ""D""",nutricion y desarrollo infantil,controles nuevos en ninos de 2 anos a < de 5 a,2006-10-01,1,1,7,8
CAJUATA,nutricion y desarrollo infantil,controles nuevos en ninos de 2 anos a < de 5 a,2006-10-01,11,11,5,16
CALACOTO,nutricion y desarrollo infantil,controles nuevos en ninos de 2 anos a < de 5 a,2006-10-01,3,3,1,4
CALAMARCA,nutricion y desarrollo infantil,controles nuevos en ninos de 2 anos a < de 5 a,2006-10-01,7,7,4,11
CAMARGO,nutricion y desarrollo infantil,controles nuevos en ninos de 2 anos a < de 5 a,2006-10-01,0,0,1,1
CAMATAQUI (C. VILLA ABECIA),nutricion y desarrollo infantil,controles nuevos en ninos de 2 anos a < de 5 a,2006-10-01,2,2,3,5
CAMIRI,nutricion y desarrollo infantil,controles nuevos en ninos de 2 anos a < de 5 a,2006-10-01,163,163,117,280
CAPINOTA,nutricion y desarrollo infantil,controles nuevos en ninos de 2 anos a < de 5 a,2006-10-01,9,9,22,31
CAQUIAVIRI,nutricion y desarrollo infantil,controles nuevos en ninos de 2 anos a < de 5 a,2006-10-01,1,1,0,1
CARACOLLO,nutricion y desarrollo infantil,controles nuevos en ninos de 2 anos a < de 5 a,2006-10-01,12,12,31,43
CARANAVI,nutricion y desarrollo infantil,controles nuevos en ninos de 2 anos a < de 5 a,2006-10-01,19,19,25,44
CARANGAS,nutricion y desarrollo infantil,controles nuevos en ninos de 2 anos a < de 5 a,2006-10-01,1,1,4,5
CARAPARI,nutricion y desarrollo infantil,controles nuevos en ninos de 2 anos a < de 5 a,2006-10-01,0,0,1,1
CARIPUYO,nutricion y desarrollo infantil,controles nuevos en ninos de 2 anos a < de 5 a,2006-10-01,0,0,1,1
CARMEN RIVERO TORREZ,nutricion y desarrollo infantil,controles nuevos en ninos de 2 anos a < de 5 a,2006-10-01,5,5,6,11
CHALLAPATA,nutricion y desarrollo infantil,controles nuevos en ninos de 2 anos a < de 5 a,2006-10-01,10,10,11,21
CHAQUI,nutricion y desarrollo infantil,controles nuevos en ninos de 2 anos a < de 5 a,2006-10-01,0,0,1,1
CHARAGUA,nutricion y desarrollo infantil,controles nuevos en ninos de 2 anos a < de 5 a,2006-10-01,6,6,7,13
CHAYANTA,nutricion y desarrollo infantil,controles nuevos en ninos de 2 anos a < de 5 a,2006-10-01,10,10,7,17
CHIMORE,nutricion y desarrollo infantil,controles nuevos en ninos de 2 anos a < de 5 a,2006-10-01,23,23,23,46
CHULUMANI (V. DE LA LIBERTAD),nutricion y desarrollo infantil,controles nuevos en ninos de 2 anos a < de 5 a,2006-10-01,15,15,17,32
CHUMA,nutricion y desarrollo infantil,controles nuevos en ninos de 2 anos a < de 5 a,2006-10-01,17,17,15,32
CLIZA,nutricion y desarrollo infantil,controles nuevos en ninos de 2 anos a < de 5 a,2006-10-01,24,24,21,45
COBIJA,nutricion y desarrollo infantil,controles nuevos en ninos de 2 anos a < de 5 a,2006-10-01,34,34,27,61
COCHABAMBA,nutricion y desarrollo infantil,controles nuevos en ninos de 2 anos a < de 5 a,2006-10-01,679,679,648,1327
COLCAPIRHUA,nutricion y desarrollo infantil,controles nuevos en ninos de 2 anos a < de 5 a,2006-10-01,307,307,260,567
COLOMI,nutricion y desarrollo infantil,controles nuevos en ninos de 2 anos a < de 5 a,2006-10-01,58,58,44,102
COLPA BELGICA,nutricion y desarrollo infantil,controles nuevos en ninos de 2 anos a < de 5 a,2006-10-01,5,5,9,14
COLQUENCHA,nutricion y desarrollo infantil,controles nuevos en ninos de 2 anos a < de 5 a,2006-10-01,0,0,6,6
COLQUIRI,nutricion y desarrollo infantil,controles nuevos en ninos de 2 anos a < de 5 a,2006-10-01,1,1,0,1
COMARAPA,nutricion y desarrollo infantil,controles nuevos en ninos de 2 anos a < de 5 a,2006-10-01,8,8,11,19
COMBAYA,nutricion y desarrollo infantil,controles nuevos en ninos de 2 anos a < de 5 a,2006-10-01,1,1,2,3
COPACABANA,nutricion y desarrollo infantil,controles nuevos en ninos de 2 anos a < de 5 a,2006-10-01,12,12,8,20
CORIPATA,nutricion y desarrollo infantil,controles nuevos en ninos de 2 anos a < de 5 a,2006-10-01,31,31,14,45
CORO CORO,nutricion y desarrollo infantil,controles nuevos en ninos de 2 anos a < de 5 a,2006-10-01,7,7,1,8
COROICO,nutricion y desarrollo infantil,controles nuevos en ninos de 2 anos a < de 5 a,2006-10-01,27,27,27,54
CORQUE,nutricion y desarrollo infantil,controles nuevos en ninos de 2 anos a < de 5 a,2006-10-01,0,0,2,2
COTAGAITA,nutricion y desarrollo infantil,controles nuevos en ninos de 2 anos a < de 5 a,2006-10-01,3,3,4,7
COTOCA,nutricion y desarrollo infantil,controles nuevos en ninos de 2 anos a < de 5 a,2006-10-01,4,4,6,10
CUATRO CAÑADAS,nutricion y desarrollo infantil,controles nuevos en ninos de 2 anos a < de 5 a,2006-10-01,2,2,4,6
CUCHUMUELA (V. G. VILLARROEL),nutricion y desarrollo infantil,controles nuevos en ninos de 2 anos a < de 5 a,2006-10-01,4,4,4,8
CULPINA,nutricion y desarrollo infantil,controles nuevos en ninos de 2 anos a < de 5 a,2006-10-01,3,3,2,5
CURAHUARA DE CARANGAS,nutricion y desarrollo infantil,controles nuevos en ninos de 2 anos a < de 5 a,2006-10-01,0,0,5,5
CURVA,nutricion y desarrollo infantil,controles nuevos en ninos de 2 anos a < de 5 a,2006-10-01,4,4,2,6
DESAGUADERO,nutricion y desarrollo infantil,controles nuevos en ninos de 2 anos a < de 5 a,2006-10-01,1,1,1,2
EL ALTO,nutricion y desarrollo infantil,controles nuevos en ninos de 2 anos a < de 5 a,2006-10-01,1539,1539,1477,3016
EL CHORO,nutricion y desarrollo infantil,controles nuevos en ninos de 2 anos a < de 5 a,2006-10-01,0,0,1,1
EL PUENTE(STC),nutricion y desarrollo infantil,controles nuevos en ninos de 2 anos a < de 5 a,2006-10-01,2,2,0,2
EL PUENTE(TJA),nutricion y desarrollo infantil,controles nuevos en ninos de 2 anos a < de 5 a,2006-10-01,21,21,13,34
EL TORNO,nutricion y desarrollo infantil,controles nuevos en ninos de 2 anos a < de 5 a,2006-10-01,1,1,1,2
ENTRE RIOS,nutricion y desarrollo infantil,controles nuevos en ninos de 2 anos a < de 5 a,2006-10-01,86,86,87,173
ENTRE RIOS,nutricion y desarrollo infantil,controles nuevos en ninos de 2 anos a < de 5 a,2006-10-01,97,97,103,200
EUCALIPTUS,nutricion y desarrollo infantil,controles nuevos en ninos de 2 anos a < de 5 a,2006-10-01,1,1,1,2
EUREKA (SANTOS MERCADO),nutricion y desarrollo infantil,controles nuevos en ninos de 2 anos a < de 5 a,2006-10-01,1,1,0,1
FERNANDEZ ALONSO,nutricion y desarrollo infantil,controles nuevos en ninos de 2 anos a < de 5 a,2006-10-01,10,10,2,12
FILADELFIA,nutricion y desarrollo infantil,controles nuevos en ninos de 2 anos a < de 5 a,2006-10-01,8,8,16,24
GENERAL SAAVEDRA,nutricion y desarrollo infantil,controles nuevos en ninos de 2 anos a < de 5 a,2006-10-01,17,17,31,48
GRAL. J.J. PEREZ (CHARAZANI),nutricion y desarrollo infantil,controles nuevos en ninos de 2 anos a < de 5 a,2006-10-01,2,2,5,7
GUANAY,nutricion y desarrollo infantil,controles nuevos en ninos de 2 anos a < de 5 a,2006-10-01,13,13,27,40
GUAQUI,nutricion y desarrollo infantil,controles nuevos en ninos de 2 anos a < de 5 a,2006-10-01,0,0,1,1
GUAYARAMERIN,nutricion y desarrollo infantil,controles nuevos en ninos de 2 anos a < de 5 a,2006-10-01,145,145,119,264
GUTIERREZ,nutricion y desarrollo infantil,controles nuevos en ninos de 2 anos a < de 5 a,2006-10-01,2,2,0,2
HUACARETA,nutricion y desarrollo infantil,controles nuevos en ninos de 2 anos a < de 5 a,2006-10-01,7,7,9,16
HUANUNI,nutricion y desarrollo infantil,controles nuevos en ninos de 2 anos a < de 5 a,2006-10-01,20,20,19,39
HUARACAJE,nutricion y desarrollo infantil,controles nuevos en ninos de 2 anos a < de 5 a,2006-10-01,0,0,2,2
HUAYLLAMARCA,nutricion y desarrollo infantil,controles nuevos en ninos de 2 anos a < de 5 a,2006-10-01,2,2,2,4
ICHOCA,nutricion y desarrollo infantil,controles nuevos en ninos de 2 anos a < de 5 a,2006-10-01,0,0,1,1
ICLA,nutricion y desarrollo infantil,controles nuevos en ninos de 2 anos a < de 5 a,2006-10-01,0,0,1,1
INCAHUASI,nutricion y desarrollo infantil,controles nuevos en ninos de 2 anos a < de 5 a,2006-10-01,107,107,118,225
INGAVI (HUMAITA),nutricion y desarrollo infantil,controles nuevos en ninos de 2 anos a < de 5 a,2006-10-01,2,2,2,4
INQUISIVI,nutricion y desarrollo infantil,controles nuevos en ninos de 2 anos a < de 5 a,2006-10-01,3,3,7,10
IRUPANA (VILLA DE LANZA),nutricion y desarrollo infantil,controles nuevos en ninos de 2 anos a < de 5 a,2006-10-01,6,6,7,13
IXIAMAS,nutricion y desarrollo infantil,controles nuevos en ninos de 2 anos a < de 5 a,2006-10-01,7,7,4,11
JESUS DE MACHACA,nutricion y desarrollo infantil,controles nuevos en ninos de 2 anos a < de 5 a,2006-10-01,5,5,3,8
LA ASUNTA,nutricion y desarrollo infantil,controles nuevos en ninos de 2 anos a < de 5 a,2006-10-01,19,19,16,35
LA GUARDIA,nutricion y desarrollo infantil,controles nuevos en ninos de 2 anos a < de 5 a,2006-10-01,21,21,21,42
LA PAZ,nutricion y desarrollo infantil,controles nuevos en ninos de 2 anos a < de 5 a,2006-10-01,973,973,933,1906
LAGUNILLAS,nutricion y desarrollo infantil,controles nuevos en ninos de 2 anos a < de 5 a,2006-10-01,0,0,1,1
LAJA,nutricion y desarrollo infantil,controles nuevos en ninos de 2 anos a < de 5 a,2006-10-01,2,2,4,6
LLALLAGUA,nutricion y desarrollo infantil,controles nuevos en ninos de 2 anos a < de 5 a,2006-10-01,61,61,42,103
LORETO,nutricion y desarrollo infantil,controles nuevos en ninos de 2 anos a < de 5 a,2006-10-01,11,11,9,20
LURIBAY,nutricion y desarrollo infantil,controles nuevos en ninos de 2 anos a < de 5 a,2006-10-01,8,8,15,23
MACHACAMARCA,nutricion y desarrollo infantil,controles nuevos en ninos de 2 anos a < de 5 a,2006-10-01,1,1,0,1
MACHARETI,nutricion y desarrollo infantil,controles nuevos en ninos de 2 anos a < de 5 a,2006-10-01,2,2,1,3
MALLA,nutricion y desarrollo infantil,controles nuevos en ninos de 2 anos a < de 5 a,2006-10-01,1,1,3,4
MAPIRI,nutricion y desarrollo infantil,controles nuevos en ninos de 2 anos a < de 5 a,2006-10-01,3,3,5,8
MECAPACA,nutricion y desarrollo infantil,controles nuevos en ninos de 2 anos a < de 5 a,2006-10-01,16,16,14,30
MINEROS,nutricion y desarrollo infantil,controles nuevos en ninos de 2 anos a < de 5 a,2006-10-01,19,19,9,28
MIZQUE,nutricion y desarrollo infantil,controles nuevos en ninos de 2 anos a < de 5 a,2006-10-01,12,12,21,33
MOCOMOCO,nutricion y desarrollo infantil,controles nuevos en ninos de 2 anos a < de 5 a,2006-10-01,5,5,4,9
MOJOCOYA,nutricion y desarrollo infantil,controles nuevos en ninos de 2 anos a < de 5 a,2006-10-01,1,1,0,1
MONTEAGUDO,nutricion y desarrollo infantil,controles nuevos en ninos de 2 anos a < de 5 a,2006-10-01,37,37,36,73
MONTERO,nutricion y desarrollo infantil,controles nuevos en ninos de 2 anos a < de 5 a,2006-10-01,67,67,57,124
MORO MORO,nutricion y desarrollo infantil,controles nuevos en ninos de 2 anos a < de 5 a,2006-10-01,4,4,0,4
MOROCHATA,nutricion y desarrollo infantil,controles nuevos en ninos de 2 anos a < de 5 a,2006-10-01,76,76,73,149
NUEVO MANOA (NUEVA ESPERANZA),nutricion y desarrollo infantil,controles nuevos en ninos de 2 anos a < de 5 a,2006-10-01,17,17,15,32
OCURI,nutricion y desarrollo infantil,controles nuevos en ninos de 2 anos a < de 5 a,2006-10-01,28,28,33,61
OKINAWA,nutricion y desarrollo infantil,controles nuevos en ninos de 2 anos a < de 5 a,2006-10-01,4,4,2,6
OMEREQUE,nutricion y desarrollo infantil,controles nuevos en ninos de 2 anos a < de 5 a,2006-10-01,6,6,5,11
ORURO,nutricion y desarrollo infantil,controles nuevos en ninos de 2 anos a < de 5 a,2006-10-01,164,164,143,307
PADCAYA,nutricion y desarrollo infantil,controles nuevos en ninos de 2 anos a < de 5 a,2006-10-01,8,8,15,23
PADILLA,nutricion y desarrollo infantil,controles nuevos en ninos de 2 anos a < de 5 a,2006-10-01,0,0,1,1
PAILON,nutricion y desarrollo infantil,controles nuevos en ninos de 2 anos a < de 5 a,2006-10-01,2,2,0,2
PALCA,nutricion y desarrollo infantil,controles nuevos en ninos de 2 anos a < de 5 a,2006-10-01,5,5,8,13
PALOS BLANCOS,nutricion y desarrollo infantil,controles nuevos en ninos de 2 anos a < de 5 a,2006-10-01,7,7,6,13
PASORAPA,nutricion y desarrollo infantil,controles nuevos en ninos de 2 anos a < de 5 a,2006-10-01,4,4,2,6
PATACAMAYA,nutricion y desarrollo infantil,controles nuevos en ninos de 2 anos a < de 5 a,2006-10-01,8,8,6,14
PAZÑA,nutricion y desarrollo infantil,controles nuevos en ninos de 2 anos a < de 5 a,2006-10-01,1,1,0,1
PELECHUCO,nutricion y desarrollo infantil,controles nuevos en ninos de 2 anos a < de 5 a,2006-10-01,1,1,2,3
POCOATA,nutricion y desarrollo infantil,controles nuevos en ninos de 2 anos a < de 5 a,2006-10-01,7,7,9,16
POCONA,nutricion y desarrollo infantil,controles nuevos en ninos de 2 anos a < de 5 a,2006-10-01,49,49,35,84
POJO (CBBA),nutricion y desarrollo infantil,controles nuevos en ninos de 2 anos a < de 5 a,2006-10-01,1,1,7,8
POOPO,nutricion y desarrollo infantil,controles nuevos en ninos de 2 anos a < de 5 a,2006-10-01,0,0,2,2
PORCO,nutricion y desarrollo infantil,controles nuevos en ninos de 2 anos a < de 5 a,2006-10-01,0,0,1,1
POROMA,nutricion y desarrollo infantil,controles nuevos en ninos de 2 anos a < de 5 a,2006-10-01,2,2,1,3
PORONGO,nutricion y desarrollo infantil,controles nuevos en ninos de 2 anos a < de 5 a,2006-10-01,4,4,2,6
PORTACHUELO,nutricion y desarrollo infantil,controles nuevos en ninos de 2 anos a < de 5 a,2006-10-01,9,9,8,17
PORVENIR,nutricion y desarrollo infantil,controles nuevos en ninos de 2 anos a < de 5 a,2006-10-01,26,26,23,49
POTOSI,nutricion y desarrollo infantil,controles nuevos en ninos de 2 anos a < de 5 a,2006-10-01,86,86,69,155
PUCARA,nutricion y desarrollo infantil,controles nuevos en ninos de 2 anos a < de 5 a,2006-10-01,2,2,0,2
PUCARANI,nutricion y desarrollo infantil,controles nuevos en ninos de 2 anos a < de 5 a,2006-10-01,26,26,35,61
PUERTO ACOSTA,nutricion y desarrollo infantil,controles nuevos en ninos de 2 anos a < de 5 a,2006-10-01,2,2,2,4
PUERTO CARABUCO,nutricion y desarrollo infantil,controles nuevos en ninos de 2 anos a < de 5 a,2006-10-01,1,1,3,4
PUERTO GONZALO MORENO,nutricion y desarrollo infantil,controles nuevos en ninos de 2 anos a < de 5 a,2006-10-01,4,4,3,7
PUERTO PEREZ,nutricion y desarrollo infantil,controles nuevos en ninos de 2 anos a < de 5 a,2006-10-01,20,20,21,41
PUERTO QUIJARRO,nutricion y desarrollo infantil,controles nuevos en ninos de 2 anos a < de 5 a,2006-10-01,76,76,79,155
PUERTO RICO,nutricion y desarrollo infantil,controles nuevos en ninos de 2 anos a < de 5 a,2006-10-01,9,9,9,18
PUERTO SILES,nutricion y desarrollo infantil,controles nuevos en ninos de 2 anos a < de 5 a,2006-10-01,9,9,9,18
PUERTO SUAREZ,nutricion y desarrollo infantil,controles nuevos en ninos de 2 anos a < de 5 a,2006-10-01,30,30,31,61
PUERTO VILLARROEL,nutricion y desarrollo infantil,controles nuevos en ninos de 2 anos a < de 5 a,2006-10-01,36,36,30,66
PUNA,nutricion y desarrollo infantil,controles nuevos en ninos de 2 anos a < de 5 a,2006-10-01,33,33,27,60
PUNATA,nutricion y desarrollo infantil,controles nuevos en ninos de 2 anos a < de 5 a,2006-10-01,52,52,55,107
QUILLACOLLO,nutricion y desarrollo infantil,controles nuevos en ninos de 2 anos a < de 5 a,2006-10-01,308,308,274,582
QUIME,nutricion y desarrollo infantil,controles nuevos en ninos de 2 anos a < de 5 a,2006-10-01,1,1,0,1
QUIRUSILLAS,nutricion y desarrollo infantil,controles nuevos en ninos de 2 anos a < de 5 a,2006-10-01,1,1,0,1
REYES,nutricion y desarrollo infantil,controles nuevos en ninos de 2 anos a < de 5 a,2006-10-01,6,6,8,14
RIBERALTA,nutricion y desarrollo infantil,controles nuevos en ninos de 2 anos a < de 5 a,2006-10-01,330,330,287,617
ROBORE,nutricion y desarrollo infantil,controles nuevos en ninos de 2 anos a < de 5 a,2006-10-01,35,35,40,75
RURRENABAQUE,nutricion y desarrollo infantil,controles nuevos en ninos de 2 anos a < de 5 a,2006-10-01,2,2,0,2
SABAYA,nutricion y desarrollo infantil,controles nuevos en ninos de 2 anos a < de 5 a,2006-10-01,2,2,1,3
SACABA,nutricion y desarrollo infantil,controles nuevos en ninos de 2 anos a < de 5 a,2006-10-01,143,143,164,307
SACABAMBA,nutricion y desarrollo infantil,controles nuevos en ninos de 2 anos a < de 5 a,2006-10-01,22,22,12,34
SACACA,nutricion y desarrollo infantil,controles nuevos en ninos de 2 anos a < de 5 a,2006-10-01,7,7,14,21
SAIPINA,nutricion y desarrollo infantil,controles nuevos en ninos de 2 anos a < de 5 a,2006-10-01,7,7,1,8
SALINAS DE GARCI MENDOZA,nutricion y desarrollo infantil,controles nuevos en ninos de 2 anos a < de 5 a,2006-10-01,2,2,0,2
SAMAIPATA,nutricion y desarrollo infantil,controles nuevos en ninos de 2 anos a < de 5 a,2006-10-01,6,6,2,8
SAN ANDRES,nutricion y desarrollo infantil,controles nuevos en ninos de 2 anos a < de 5 a,2006-10-01,14,14,11,25
SAN ANDRES DE MACHACA,nutricion y desarrollo infantil,controles nuevos en ninos de 2 anos a < de 5 a,2006-10-01,1,1,0,1
SAN BENITO,nutricion y desarrollo infantil,controles nuevos en ninos de 2 anos a < de 5 a,2006-10-01,21,21,33,54
SAN BORJA,nutricion y desarrollo infantil,controles nuevos en ninos de 2 anos a < de 5 a,2006-10-01,2,2,1,3
SAN BUENA VENTURA,nutricion y desarrollo infantil,controles nuevos en ninos de 2 anos a < de 5 a,2006-10-01,52,52,61,113
SAN IGNACIO,nutricion y desarrollo infantil,controles nuevos en ninos de 2 anos a < de 5 a,2006-10-01,23,23,25,48
SAN IGNACIO DE VELASCO,nutricion y desarrollo infantil,controles nuevos en ninos de 2 anos a < de 5 a,2006-10-01,50,50,35,85
SAN JAVIER(BNI),nutricion y desarrollo infantil,controles nuevos en ninos de 2 anos a < de 5 a,2006-10-01,7,7,9,16
SAN JAVIER(STC),nutricion y desarrollo infantil,controles nuevos en ninos de 2 anos a < de 5 a,2006-10-01,3,3,2,5
SAN JOAQUIN,nutricion y desarrollo infantil,controles nuevos en ninos de 2 anos a < de 5 a,2006-10-01,22,22,26,48
SAN JUAN DE YAPACANI,nutricion y desarrollo infantil,controles nuevos en ninos de 2 anos a < de 5 a,2006-10-01,9,9,15,24
SAN JULIAN,nutricion y desarrollo infantil,controles nuevos en ninos de 2 anos a < de 5 a,2006-10-01,66,66,66,132
SAN LORENZO(TJA),nutricion y desarrollo infantil,controles nuevos en ninos de 2 anos a < de 5 a,2006-10-01,18,18,23,41
SAN LUCAS,nutricion y desarrollo infantil,controles nuevos en ninos de 2 anos a < de 5 a,2006-10-01,6,6,5,11
SAN MATIAS,nutricion y desarrollo infantil,controles nuevos en ninos de 2 anos a < de 5 a,2006-10-01,4,4,11,15
SAN MIGUEL DE VELASCO,nutricion y desarrollo infantil,controles nuevos en ninos de 2 anos a < de 5 a,2006-10-01,4,4,9,13
SAN PEDRO,nutricion y desarrollo infantil,controles nuevos en ninos de 2 anos a < de 5 a,2006-10-01,19,19,18,37
SAN PEDRO DE BUENA VISTA,nutricion y desarrollo infantil,controles nuevos en ninos de 2 anos a < de 5 a,2006-10-01,2,2,2,4
SAN PEDRO DE TIQUINA,nutricion y desarrollo infantil,controles nuevos en ninos de 2 anos a < de 5 a,2006-10-01,2,2,1,3
SAN PEDRO(PND),nutricion y desarrollo infantil,controles nuevos en ninos de 2 anos a < de 5 a,2006-10-01,3,3,7,10
SAN RAFAEL,nutricion y desarrollo infantil,controles nuevos en ninos de 2 anos a < de 5 a,2006-10-01,2,2,0,2
SAN RAMON,nutricion y desarrollo infantil,controles nuevos en ninos de 2 anos a < de 5 a,2006-10-01,4,4,1,5
SANTA ANA,nutricion y desarrollo infantil,controles nuevos en ninos de 2 anos a < de 5 a,2006-10-01,7,7,7,14
SANTA CRUZ DE LA SIERRA,nutricion y desarrollo infantil,controles nuevos en ninos de 2 anos a < de 5 a,2006-10-01,1057,1057,1077,2134
SANTA ROSA,nutricion y desarrollo infantil,controles nuevos en ninos de 2 anos a < de 5 a,2006-10-01,2,2,2,4
SANTA ROSA DEL SARA,nutricion y desarrollo infantil,controles nuevos en ninos de 2 anos a < de 5 a,2006-10-01,0,0,2,2
SANTIAGO DE HUARI,nutricion y desarrollo infantil,controles nuevos en ninos de 2 anos a < de 5 a,2006-10-01,2,2,1,3
SANTIAGO DE MACHACA,nutricion y desarrollo infantil,controles nuevos en ninos de 2 anos a < de 5 a,2006-10-01,0,0,1,1
SANTIVAÑES,nutricion y desarrollo infantil,controles nuevos en ninos de 2 anos a < de 5 a,2006-10-01,1,1,1,2
SANTUARIO DE QUILLACAS,nutricion y desarrollo infantil,controles nuevos en ninos de 2 anos a < de 5 a,2006-10-01,0,0,3,3
SAPAHAQUI,nutricion y desarrollo infantil,controles nuevos en ninos de 2 anos a < de 5 a,2006-10-01,0,0,1,1
SENA,nutricion y desarrollo infantil,controles nuevos en ninos de 2 anos a < de 5 a,2006-10-01,34,34,38,72
SICA SICA (VILLA AROMA),nutricion y desarrollo infantil,controles nuevos en ninos de 2 anos a < de 5 a,2006-10-01,2,2,2,4
SICAYA,nutricion y desarrollo infantil,controles nuevos en ninos de 2 anos a < de 5 a,2006-10-01,2,2,1,3
SIPE SIPE,nutricion y desarrollo infantil,controles nuevos en ninos de 2 anos a < de 5 a,2006-10-01,211,211,190,401
SORACACHI,nutricion y desarrollo infantil,controles nuevos en ninos de 2 anos a < de 5 a,2006-10-01,8,8,3,11
SORATA,nutricion y desarrollo infantil,controles nuevos en ninos de 2 anos a < de 5 a,2006-10-01,27,27,13,40
SUCRE,nutricion y desarrollo infantil,controles nuevos en ninos de 2 anos a < de 5 a,2006-10-01,174,174,174,348
TACACHI,nutricion y desarrollo infantil,controles nuevos en ninos de 2 anos a < de 5 a,2006-10-01,1,1,5,6
TACOBAMBA,nutricion y desarrollo infantil,controles nuevos en ninos de 2 anos a < de 5 a,2006-10-01,0,0,1,1
TACOPAYA,nutricion y desarrollo infantil,controles nuevos en ninos de 2 anos a < de 5 a,2006-10-01,1,1,1,2
TAPACARI,nutricion y desarrollo infantil,controles nuevos en ninos de 2 anos a < de 5 a,2006-10-01,50,50,48,98
TARABUCO,nutricion y desarrollo infantil,controles nuevos en ninos de 2 anos a < de 5 a,2006-10-01,2,2,0,2
TARACO,nutricion y desarrollo infantil,controles nuevos en ninos de 2 anos a < de 5 a,2006-10-01,1,1,1,2
TARATA,nutricion y desarrollo infantil,controles nuevos en ninos de 2 anos a < de 5 a,2006-10-01,13,13,16,29
TARIJA,nutricion y desarrollo infantil,controles nuevos en ninos de 2 anos a < de 5 a,2006-10-01,269,269,316,585
TARVITA,nutricion y desarrollo infantil,controles nuevos en ninos de 2 anos a < de 5 a,2006-10-01,21,21,16,37
TEOPONTE,nutricion y desarrollo infantil,controles nuevos en ninos de 2 anos a < de 5 a,2006-10-01,5,5,1,6
TINGUIPAYA,nutricion y desarrollo infantil,controles nuevos en ninos de 2 anos a < de 5 a,2006-10-01,43,43,34,77
TIPUANI,nutricion y desarrollo infantil,controles nuevos en ninos de 2 anos a < de 5 a,2006-10-01,6,6,6,12
TIQUIPAYA,nutricion y desarrollo infantil,controles nuevos en ninos de 2 anos a < de 5 a,2006-10-01,164,164,106,270
TIRAQUE (CBBA),nutricion y desarrollo infantil,controles nuevos en ninos de 2 anos a < de 5 a,2006-10-01,94,94,84,178
TITO YUPANQUI (PARQUIPUJIO),nutricion y desarrollo infantil,controles nuevos en ninos de 2 anos a < de 5 a,2006-10-01,1,1,0,1
TOCO,nutricion y desarrollo infantil,controles nuevos en ninos de 2 anos a < de 5 a,2006-10-01,8,8,20,28
TOLATA,nutricion y desarrollo infantil,controles nuevos en ninos de 2 anos a < de 5 a,2006-10-01,11,11,14,25
TOMINA,nutricion y desarrollo infantil,controles nuevos en ninos de 2 anos a < de 5 a,2006-10-01,0,0,1,1
TORO TORO,nutricion y desarrollo infantil,controles nuevos en ninos de 2 anos a < de 5 a,2006-10-01,2,2,2,4
TOTORA(CBBA),nutricion y desarrollo infantil,controles nuevos en ninos de 2 anos a < de 5 a,2006-10-01,11,11,13,24
TOTORA(ORR),nutricion y desarrollo infantil,controles nuevos en ninos de 2 anos a < de 5 a,2006-10-01,7,7,8,15
TRIGAL,nutricion y desarrollo infantil,controles nuevos en ninos de 2 anos a < de 5 a,2006-10-01,1,1,1,2
TRINIDAD,nutricion y desarrollo infantil,controles nuevos en ninos de 2 anos a < de 5 a,2006-10-01,341,341,239,580
TUPIZA,nutricion y desarrollo infantil,controles nuevos en ninos de 2 anos a < de 5 a,2006-10-01,10,10,11,21
TURCO,nutricion y desarrollo infantil,controles nuevos en ninos de 2 anos a < de 5 a,2006-10-01,5,5,8,13
UNCIA,nutricion y desarrollo infantil,controles nuevos en ninos de 2 anos a < de 5 a,2006-10-01,6,6,9,15
URUBICHA,nutricion y desarrollo infantil,controles nuevos en ninos de 2 anos a < de 5 a,2006-10-01,2,2,1,3
VACAS,nutricion y desarrollo infantil,controles nuevos en ninos de 2 anos a < de 5 a,2006-10-01,4,4,5,9
VALLEGRANDE,nutricion y desarrollo infantil,controles nuevos en ninos de 2 anos a < de 5 a,2006-10-01,18,18,22,40
VIACHA,nutricion y desarrollo infantil,controles nuevos en ninos de 2 anos a < de 5 a,2006-10-01,61,61,62,123
VILA VILA,nutricion y desarrollo infantil,controles nuevos en ninos de 2 anos a < de 5 a,2006-10-01,3,3,1,4
VILLA MONTES,nutricion y desarrollo infantil,controles nuevos en ninos de 2 anos a < de 5 a,2006-10-01,17,17,28,45
VILLA NUEVA (LOMA ALTA),nutricion y desarrollo infantil,controles nuevos en ninos de 2 anos a < de 5 a,2006-10-01,3,3,2,5
VILLA RIVERO,nutricion y desarrollo infantil,controles nuevos en ninos de 2 anos a < de 5 a,2006-10-01,3,3,4,7
VILLA TUNARI,nutricion y desarrollo infantil,controles nuevos en ninos de 2 anos a < de 5 a,2006-10-01,235,235,211,446
VILLA VACA GUZMAN (MUYUPAMPA),nutricion y desarrollo infantil,controles nuevos en ninos de 2 anos a < de 5 a,2006-10-01,22,22,28,50
VILLAZON,nutricion y desarrollo infantil,controles nuevos en ninos de 2 anos a < de 5 a,2006-10-01,1,1,1,2
VINTO,nutricion y desarrollo infantil,controles nuevos en ninos de 2 anos a < de 5 a,2006-10-01,19,19,27,46
WARNES,nutricion y desarrollo infantil,controles nuevos en ninos de 2 anos a < de 5 a,2006-10-01,54,54,54,108
YACO,nutricion y desarrollo infantil,controles nuevos en ninos de 2 anos a < de 5 a,2006-10-01,1,1,4,5
YACUIBA,nutricion y desarrollo infantil,controles nuevos en ninos de 2 anos a < de 5 a,2006-10-01,187,187,142,329
YANACACHI,nutricion y desarrollo infantil,controles nuevos en ninos de 2 anos a < de 5 a,2006-10-01,1,1,4,5
YOTALA,nutricion y desarrollo infantil,controles nuevos en ninos de 2 anos a < de 5 a,2006-10-01,1,1,0,1
YUNCHARA,nutricion y desarrollo infantil,controles nuevos en ninos de 2 anos a < de 5 a,2006-10-01,23,23,15,38
ACACIO,nutricion y desarrollo infantil,controles nuevos en ninos de 2 anos a < de 5 a,2006-11-01,0,0,1,1
ACHACACHI,nutricion y desarrollo infantil,controles nuevos en ninos de 2 anos a < de 5 a,2006-11-01,95,95,114,209
ACHOCALLA,nutricion y desarrollo infantil,controles nuevos en ninos de 2 anos a < de 5 a,2006-11-01,21,21,15,36
AIQUILE,nutricion y desarrollo infantil,controles nuevos en ninos de 2 anos a < de 5 a,2006-11-01,45,45,33,78
ALCALA,nutricion y desarrollo infantil,controles nuevos en ninos de 2 anos a < de 5 a,2006-11-01,0,0,1,1
ANCORAIMES,nutricion y desarrollo infantil,controles nuevos en ninos de 2 anos a < de 5 a,2006-11-01,1,1,3,4
ANDAMARCA,nutricion y desarrollo infantil,controles nuevos en ninos de 2 anos a < de 5 a,2006-11-01,1,1,2,3
ANZALDO,nutricion y desarrollo infantil,controles nuevos en ninos de 2 anos a < de 5 a,2006-11-01,53,53,54,107
APOLO,nutricion y desarrollo infantil,controles nuevos en ninos de 2 anos a < de 5 a,2006-11-01,11,11,37,48
ARAMPAMPA,nutricion y desarrollo infantil,controles nuevos en ninos de 2 anos a < de 5 a,2006-11-01,0,0,3,3
ARANI,nutricion y desarrollo infantil,controles nuevos en ninos de 2 anos a < de 5 a,2006-11-01,10,10,9,19
ARBIETO,nutricion y desarrollo infantil,controles nuevos en ninos de 2 anos a < de 5 a,2006-11-01,6,6,8,14
ATOCHA,nutricion y desarrollo infantil,controles nuevos en ninos de 2 anos a < de 5 a,2006-11-01,1,1,2,3
AUCAPATA,nutricion y desarrollo infantil,controles nuevos en ninos de 2 anos a < de 5 a,2006-11-01,13,13,8,21
AYATA,nutricion y desarrollo infantil,controles nuevos en ninos de 2 anos a < de 5 a,2006-11-01,12,12,10,22
AYO AYO,nutricion y desarrollo infantil,controles nuevos en ninos de 2 anos a < de 5 a,2006-11-01,1,1,0,1
AYOPAYA (V. DE INDEPENDENCIA),nutricion y desarrollo infantil,controles nuevos en ninos de 2 anos a < de 5 a,2006-11-01,35,35,32,67
AZURDUY,nutricion y desarrollo infantil,controles nuevos en ninos de 2 anos a < de 5 a,2006-11-01,3,3,8,11
BATALLAS,nutricion y desarrollo infantil,controles nuevos en ninos de 2 anos a < de 5 a,2006-11-01,5,5,4,9
BELEN DE ANDAMARCA,nutricion y desarrollo infantil,controles nuevos en ninos de 2 anos a < de 5 a,2006-11-01,4,4,1,5
BELLA FLOR,nutricion y desarrollo infantil,controles nuevos en ninos de 2 anos a < de 5 a,2006-11-01,4,4,4,8
BERMEJO,nutricion y desarrollo infantil,controles nuevos en ninos de 2 anos a < de 5 a,2006-11-01,30,30,19,49
BETANZOS,nutricion y desarrollo infantil,controles nuevos en ninos de 2 anos a < de 5 a,2006-11-01,1,1,1,2
BOLIVAR,nutricion y desarrollo infantil,controles nuevos en ninos de 2 anos a < de 5 a,2006-11-01,42,42,50,92
BOLPEBRA,nutricion y desarrollo infantil,controles nuevos en ninos de 2 anos a < de 5 a,2006-11-01,13,13,4,17
BOYUIBE,nutricion y desarrollo infantil,controles nuevos en ninos de 2 anos a < de 5 a,2006-11-01,3,3,0,3
BUENA VISTA,nutricion y desarrollo infantil,controles nuevos en ninos de 2 anos a < de 5 a,2006-11-01,30,30,18,48
CABEZAS,nutricion y desarrollo infantil,controles nuevos en ninos de 2 anos a < de 5 a,2006-11-01,7,7,7,14
CAIROMA,nutricion y desarrollo infantil,controles nuevos en ninos de 2 anos a < de 5 a,2006-11-01,3,3,1,4
"CAIZA ""D""",nutricion y desarrollo infantil,controles nuevos en ninos de 2 anos a < de 5 a,2006-11-01,6,6,2,8
CAJUATA,nutricion y desarrollo infantil,controles nuevos en ninos de 2 anos a < de 5 a,2006-11-01,14,14,8,22
CALACOTO,nutricion y desarrollo infantil,controles nuevos en ninos de 2 anos a < de 5 a,2006-11-01,1,1,2,3
CALAMARCA,nutricion y desarrollo infantil,controles nuevos en ninos de 2 anos a < de 5 a,2006-11-01,8,8,0,8
CAMARGO,nutricion y desarrollo infantil,controles nuevos en ninos de 2 anos a < de 5 a,2006-11-01,0,0,1,1
CAMATAQUI (C. VILLA ABECIA),nutricion y desarrollo infantil,controles nuevos en ninos de 2 anos a < de 5 a,2006-11-01,1,1,0,1
CAMIRI,nutricion y desarrollo infantil,controles nuevos en ninos de 2 anos a < de 5 a,2006-11-01,172,172,153,325
CAPINOTA,nutricion y desarrollo infantil,controles nuevos en ninos de 2 anos a < de 5 a,2006-11-01,45,45,47,92
CAQUIAVIRI,nutricion y desarrollo infantil,controles nuevos en ninos de 2 anos a < de 5 a,2006-11-01,0,0,1,1
CARACOLLO,nutricion y desarrollo infantil,controles nuevos en ninos de 2 anos a < de 5 a,2006-11-01,1,1,4,5
CARANAVI,nutricion y desarrollo infantil,controles nuevos en ninos de 2 anos a < de 5 a,2006-11-01,16,16,18,34
CARANGAS,nutricion y desarrollo infantil,controles nuevos en ninos de 2 anos a < de 5 a,2006-11-01,3,3,1,4
CARAPARI,nutricion y desarrollo infantil,controles nuevos en ninos de 2 anos a < de 5 a,2006-11-01,0,0,2,2
CARIPUYO,nutricion y desarrollo infantil,controles nuevos en ninos de 2 anos a < de 5 a,2006-11-01,8,8,8,16
CARMEN RIVERO TORREZ,nutricion y desarrollo infantil,controles nuevos en ninos de 2 anos a < de 5 a,2006-11-01,21,21,16,37
CATACORA,nutricion y desarrollo infantil,controles nuevos en ninos de 2 anos a < de 5 a,2006-11-01,2,2,0,2
CHALLAPATA,nutricion y desarrollo infantil,controles nuevos en ninos de 2 anos a < de 5 a,2006-11-01,12,12,12,24
CHARAGUA,nutricion y desarrollo infantil,controles nuevos en ninos de 2 anos a < de 5 a,2006-11-01,1,1,3,4
CHAYANTA,nutricion y desarrollo infantil,controles nuevos en ninos de 2 anos a < de 5 a,2006-11-01,28,28,3,31
CHIMORE,nutricion y desarrollo infantil,controles nuevos en ninos de 2 anos a < de 5 a,2006-11-01,27,27,27,54
CHOQUE COTA,nutricion y desarrollo infantil,controles nuevos en ninos de 2 anos a < de 5 a,2006-11-01,0,0,2,2
CHULUMANI (V. DE LA LIBERTAD),nutricion y desarrollo infantil,controles nuevos en ninos de 2 anos a < de 5 a,2006-11-01,2,2,3,5
CHUMA,nutricion y desarrollo infantil,controles nuevos en ninos de 2 anos a < de 5 a,2006-11-01,8,8,11,19
CLIZA,nutricion y desarrollo infantil,controles nuevos en ninos de 2 anos a < de 5 a,2006-11-01,19,19,17,36
COBIJA,nutricion y desarrollo infantil,controles nuevos en ninos de 2 anos a < de 5 a,2006-11-01,15,15,17,32
COCHABAMBA,nutricion y desarrollo infantil,controles nuevos en ninos de 2 anos a < de 5 a,2006-11-01,770,770,859,1629
COLCAPIRHUA,nutricion y desarrollo infantil,controles nuevos en ninos de 2 anos a < de 5 a,2006-11-01,278,278,309,587
COLLANA,nutricion y desarrollo infantil,controles nuevos en ninos de 2 anos a < de 5 a,2006-11-01,2,2,0,2
COLOMI,nutricion y desarrollo infantil,controles nuevos en ninos de 2 anos a < de 5 a,2006-11-01,56,56,59,115
COLPA BELGICA,nutricion y desarrollo infantil,controles nuevos en ninos de 2 anos a < de 5 a,2006-11-01,4,4,2,6
COLQUECHACA,nutricion y desarrollo infantil,controles nuevos en ninos de 2 anos a < de 5 a,2006-11-01,14,14,8,22
COLQUENCHA,nutricion y desarrollo infantil,controles nuevos en ninos de 2 anos a < de 5 a,2006-11-01,1,1,1,2
COLQUIRI,nutricion y desarrollo infantil,controles nuevos en ninos de 2 anos a < de 5 a,2006-11-01,3,3,1,4
COMANCHE,nutricion y desarrollo infantil,controles nuevos en ninos de 2 anos a < de 5 a,2006-11-01,0,0,1,1
COMARAPA,nutricion y desarrollo infantil,controles nuevos en ninos de 2 anos a < de 5 a,2006-11-01,0,0,2,2
COMBAYA,nutricion y desarrollo infantil,controles nuevos en ninos de 2 anos a < de 5 a,2006-11-01,3,3,2,5
CONCEPCION,nutricion y desarrollo infantil,controles nuevos en ninos de 2 anos a < de 5 a,2006-11-01,22,22,22,44
COPACABANA,nutricion y desarrollo infantil,controles nuevos en ninos de 2 anos a < de 5 a,2006-11-01,13,13,12,25
CORIPATA,nutricion y desarrollo infantil,controles nuevos en ninos de 2 anos a < de 5 a,2006-11-01,5,5,4,9
CORO CORO,nutricion y desarrollo infantil,controles nuevos en ninos de 2 anos a < de 5 a,2006-11-01,2,2,2,4
COROICO,nutricion y desarrollo infantil,controles nuevos en ninos de 2 anos a < de 5 a,2006-11-01,11,11,11,22
CORQUE,nutricion y desarrollo infantil,controles nuevos en ninos de 2 anos a < de 5 a,2006-11-01,0,0,1,1
COTAGAITA,nutricion y desarrollo infantil,controles nuevos en ninos de 2 anos a < de 5 a,2006-11-01,1,1,4,5
COTOCA,nutricion y desarrollo infantil,controles nuevos en ninos de 2 anos a < de 5 a,2006-11-01,2,2,1,3
CUATRO CAÑADAS,nutricion y desarrollo infantil,controles nuevos en ninos de 2 anos a < de 5 a,2006-11-01,15,15,14,29
CUCHUMUELA (V. G. VILLARROEL),nutricion y desarrollo infantil,controles nuevos en ninos de 2 anos a < de 5 a,2006-11-01,1,1,1,2
CULPINA,nutricion y desarrollo infantil,controles nuevos en ninos de 2 anos a < de 5 a,2006-11-01,3,3,4,7
CURAHUARA DE CARANGAS,nutricion y desarrollo infantil,controles nuevos en ninos de 2 anos a < de 5 a,2006-11-01,3,3,3,6
CURVA,nutricion y desarrollo infantil,controles nuevos en ninos de 2 anos a < de 5 a,2006-11-01,6,6,0,6
EL ALTO,nutricion y desarrollo infantil,controles nuevos en ninos de 2 anos a < de 5 a,2006-11-01,1542,1542,1478,3020
EL CHORO,nutricion y desarrollo infantil,controles nuevos en ninos de 2 anos a < de 5 a,2006-11-01,3,3,3,6
EL PUENTE(TJA),nutricion y desarrollo infantil,controles nuevos en ninos de 2 anos a < de 5 a,2006-11-01,1,1,2,3
EL TORNO,nutricion y desarrollo infantil,controles nuevos en ninos de 2 anos a < de 5 a,2006-11-01,15,15,8,23
ENTRE RIOS,nutricion y desarrollo infantil,controles nuevos en ninos de 2 anos a < de 5 a,2006-11-01,95,95,85,180
ENTRE RIOS,nutricion y desarrollo infantil,controles nuevos en ninos de 2 anos a < de 5 a,2006-11-01,7,7,14,21
EUCALIPTUS,nutricion y desarrollo infantil,controles nuevos en ninos de 2 anos a < de 5 a,2006-11-01,1,1,1,2
EUREKA (SANTOS MERCADO),nutricion y desarrollo infantil,controles nuevos en ninos de 2 anos a < de 5 a,2006-11-01,1,1,0,1
EXALTACION,nutricion y desarrollo infantil,controles nuevos en ninos de 2 anos a < de 5 a,2006-11-01,2,2,2,4
FERNANDEZ ALONSO,nutricion y desarrollo infantil,controles nuevos en ninos de 2 anos a < de 5 a,2006-11-01,7,7,7,14
FILADELFIA,nutricion y desarrollo infantil,controles nuevos en ninos de 2 anos a < de 5 a,2006-11-01,10,10,3,13
GENERAL SAAVEDRA,nutricion y desarrollo infantil,controles nuevos en ninos de 2 anos a < de 5 a,2006-11-01,5,5,6,11
GRAL. J.J. PEREZ (CHARAZANI),nutricion y desarrollo infantil,controles nuevos en ninos de 2 anos a < de 5 a,2006-11-01,8,8,3,11
GUANAY,nutricion y desarrollo infantil,controles nuevos en ninos de 2 anos a < de 5 a,2006-11-01,21,21,15,36
GUAYARAMERIN,nutricion y desarrollo infantil,controles nuevos en ninos de 2 anos a < de 5 a,2006-11-01,2,2,2,4
GUTIERREZ,nutricion y desarrollo infantil,controles nuevos en ninos de 2 anos a < de 5 a,2006-11-01,2,2,6,8
HUACARETA,nutricion y desarrollo infantil,controles nuevos en ninos de 2 anos a < de 5 a,2006-11-01,3,3,1,4
HUACHACALLA,nutricion y desarrollo infantil,controles nuevos en ninos de 2 anos a < de 5 a,2006-11-01,2,2,1,3
HUARACAJE,nutricion y desarrollo infantil,controles nuevos en ninos de 2 anos a < de 5 a,2006-11-01,22,22,16,38
ICLA,nutricion y desarrollo infantil,controles nuevos en ninos de 2 anos a < de 5 a,2006-11-01,0,0,1,1
INCAHUASI,nutricion y desarrollo infantil,controles nuevos en ninos de 2 anos a < de 5 a,2006-11-01,31,31,42,73
INQUISIVI,nutricion y desarrollo infantil,controles nuevos en ninos de 2 anos a < de 5 a,2006-11-01,3,3,4,7
IRUPANA (VILLA DE LANZA),nutricion y desarrollo infantil,controles nuevos en ninos de 2 anos a < de 5 a,2006-11-01,8,8,10,18
IXIAMAS,nutricion y desarrollo infantil,controles nuevos en ninos de 2 anos a < de 5 a,2006-11-01,8,8,5,13
JESUS DE MACHACA,nutricion y desarrollo infantil,controles nuevos en ninos de 2 anos a < de 5 a,2006-11-01,1,1,1,2
LA ASUNTA,nutricion y desarrollo infantil,controles nuevos en ninos de 2 anos a < de 5 a,2006-11-01,4,4,7,11
LA GUARDIA,nutricion y desarrollo infantil,controles nuevos en ninos de 2 anos a < de 5 a,2006-11-01,23,23,25,48
LA PAZ,nutricion y desarrollo infantil,controles nuevos en ninos de 2 anos a < de 5 a,2006-11-01,865,865,799,1664
LA RIVERA,nutricion y desarrollo infantil,controles nuevos en ninos de 2 anos a < de 5 a,2006-11-01,3,3,1,4
LAGUNILLAS,nutricion y desarrollo infantil,controles nuevos en ninos de 2 anos a < de 5 a,2006-11-01,2,2,1,3
LAJA,nutricion y desarrollo infantil,controles nuevos en ninos de 2 anos a < de 5 a,2006-11-01,1,1,0,1
LAS CARRERAS,nutricion y desarrollo infantil,controles nuevos en ninos de 2 anos a < de 5 a,2006-11-01,1,1,0,1
LICOMA PAMPA,nutricion y desarrollo infantil,controles nuevos en ninos de 2 anos a < de 5 a,2006-11-01,0,0,1,1
LLALLAGUA,nutricion y desarrollo infantil,controles nuevos en ninos de 2 anos a < de 5 a,2006-11-01,51,51,35,86
LORETO,nutricion y desarrollo infantil,controles nuevos en ninos de 2 anos a < de 5 a,2006-11-01,9,9,15,24
LURIBAY,nutricion y desarrollo infantil,controles nuevos en ninos de 2 anos a < de 5 a,2006-11-01,27,27,28,55
MACHACAMARCA,nutricion y desarrollo infantil,controles nuevos en ninos de 2 anos a < de 5 a,2006-11-01,4,4,1,5
MACHARETI,nutricion y desarrollo infantil,controles nuevos en ninos de 2 anos a < de 5 a,2006-11-01,1,1,9,10
MAGDALENA,nutricion y desarrollo infantil,controles nuevos en ninos de 2 anos a < de 5 a,2006-11-01,12,12,14,26
MAPIRI,nutricion y desarrollo infantil,controles nuevos en ninos de 2 anos a < de 5 a,2006-11-01,3,3,36,39
MECAPACA,nutricion y desarrollo infantil,controles nuevos en ninos de 2 anos a < de 5 a,2006-11-01,15,15,12,27
MINEROS,nutricion y desarrollo infantil,controles nuevos en ninos de 2 anos a < de 5 a,2006-11-01,11,11,28,39
MIZQUE,nutricion y desarrollo infantil,controles nuevos en ninos de 2 anos a < de 5 a,2006-11-01,35,35,33,68
MOCOMOCO,nutricion y desarrollo infantil,controles nuevos en ninos de 2 anos a < de 5 a,2006-11-01,0,0,1,1
MONTEAGUDO,nutricion y desarrollo infantil,controles nuevos en ninos de 2 anos a < de 5 a,2006-11-01,49,49,54,103
MONTERO,nutricion y desarrollo infantil,controles nuevos en ninos de 2 anos a < de 5 a,2006-11-01,39,39,31,70
MOROCHATA,nutricion y desarrollo infantil,controles nuevos en ninos de 2 anos a < de 5 a,2006-11-01,89,89,80,169
NACEBE (SANTA ROSA DEL ABUNA),nutricion y desarrollo infantil,controles nuevos en ninos de 2 anos a < de 5 a,2006-11-01,0,0,2,2
OCURI,nutricion y desarrollo infantil,controles nuevos en ninos de 2 anos a < de 5 a,2006-11-01,1,1,2,3
OKINAWA,nutricion y desarrollo infantil,controles nuevos en ninos de 2 anos a < de 5 a,2006-11-01,36,36,27,63
OMEREQUE,nutricion y desarrollo infantil,controles nuevos en ninos de 2 anos a < de 5 a,2006-11-01,7,7,4,11
ORURO,nutricion y desarrollo infantil,controles nuevos en ninos de 2 anos a < de 5 a,2006-11-01,183,183,192,375
PADCAYA,nutricion y desarrollo infantil,controles nuevos en ninos de 2 anos a < de 5 a,2006-11-01,1,1,0,1
PAILON,nutricion y desarrollo infantil,controles nuevos en ninos de 2 anos a < de 5 a,2006-11-01,0,0,3,3
PALCA,nutricion y desarrollo infantil,controles nuevos en ninos de 2 anos a < de 5 a,2006-11-01,12,12,10,22
PALOS BLANCOS,nutricion y desarrollo infantil,controles nuevos en ninos de 2 anos a < de 5 a,2006-11-01,8,8,5,13
PASORAPA,nutricion y desarrollo infantil,controles nuevos en ninos de 2 anos a < de 5 a,2006-11-01,1,1,0,1
PATACAMAYA,nutricion y desarrollo infantil,controles nuevos en ninos de 2 anos a < de 5 a,2006-11-01,3,3,4,7
PELECHUCO,nutricion y desarrollo infantil,controles nuevos en ninos de 2 anos a < de 5 a,2006-11-01,1,1,0,1
POCOATA,nutricion y desarrollo infantil,controles nuevos en ninos de 2 anos a < de 5 a,2006-11-01,2,2,5,7
POCONA,nutricion y desarrollo infantil,controles nuevos en ninos de 2 anos a < de 5 a,2006-11-01,35,35,32,67
POJO (CBBA),nutricion y desarrollo infantil,controles nuevos en ninos de 2 anos a < de 5 a,2006-11-01,7,7,16,23
POOPO,nutricion y desarrollo infantil,controles nuevos en ninos de 2 anos a < de 5 a,2006-11-01,1,1,0,1
PORCO,nutricion y desarrollo infantil,controles nuevos en ninos de 2 anos a < de 5 a,2006-11-01,1,1,0,1
POROMA,nutricion y desarrollo infantil,controles nuevos en ninos de 2 anos a < de 5 a,2006-11-01,2,2,5,7
PORONGO,nutricion y desarrollo infantil,controles nuevos en ninos de 2 anos a < de 5 a,2006-11-01,14,14,12,26
PORTACHUELO,nutricion y desarrollo infantil,controles nuevos en ninos de 2 anos a < de 5 a,2006-11-01,14,14,14,28
PORVENIR,nutricion y desarrollo infantil,controles nuevos en ninos de 2 anos a < de 5 a,2006-11-01,18,18,25,43
POSTRER VALLE,nutricion y desarrollo infantil,controles nuevos en ninos de 2 anos a < de 5 a,2006-11-01,1,1,1,2
POTOSI,nutricion y desarrollo infantil,controles nuevos en ninos de 2 anos a < de 5 a,2006-11-01,96,96,110,206
PUCARA,nutricion y desarrollo infantil,controles nuevos en ninos de 2 anos a < de 5 a,2006-11-01,2,2,1,3
PUCARANI,nutricion y desarrollo infantil,controles nuevos en ninos de 2 anos a < de 5 a,2006-11-01,22,22,23,45
PUERTO ACOSTA,nutricion y desarrollo infantil,controles nuevos en ninos de 2 anos a < de 5 a,2006-11-01,21,21,25,46
PUERTO CARABUCO,nutricion y desarrollo infantil,controles nuevos en ninos de 2 anos a < de 5 a,2006-11-01,46,46,48,94
PUERTO GONZALO MORENO,nutricion y desarrollo infantil,controles nuevos en ninos de 2 anos a < de 5 a,2006-11-01,15,15,11,26
PUERTO PEREZ,nutricion y desarrollo infantil,controles nuevos en ninos de 2 anos a < de 5 a,2006-11-01,11,11,6,17
PUERTO QUIJARRO,nutricion y desarrollo infantil,controles nuevos en ninos de 2 anos a < de 5 a,2006-11-01,2,2,1,3
PUERTO RICO,nutricion y desarrollo infantil,controles nuevos en ninos de 2 anos a < de 5 a,2006-11-01,1,1,1,2
PUERTO SILES,nutricion y desarrollo infantil,controles nuevos en ninos de 2 anos a < de 5 a,2006-11-01,11,11,15,26
PUERTO SUAREZ,nutricion y desarrollo infantil,controles nuevos en ninos de 2 anos a < de 5 a,2006-11-01,15,15,21,36
PUERTO VILLARROEL,nutricion y desarrollo infantil,controles nuevos en ninos de 2 anos a < de 5 a,2006-11-01,34,34,33,67
PUNA,nutricion y desarrollo infantil,controles nuevos en ninos de 2 anos a < de 5 a,2006-11-01,24,24,45,69
PUNATA,nutricion y desarrollo infantil,controles nuevos en ninos de 2 anos a < de 5 a,2006-11-01,50,50,47,97
QUILLACOLLO,nutricion y desarrollo infantil,controles nuevos en ninos de 2 anos a < de 5 a,2006-11-01,192,192,184,376
QUIME,nutricion y desarrollo infantil,controles nuevos en ninos de 2 anos a < de 5 a,2006-11-01,3,3,2,5
REYES,nutricion y desarrollo infantil,controles nuevos en ninos de 2 anos a < de 5 a,2006-11-01,7,7,6,13
RIBERALTA,nutricion y desarrollo infantil,controles nuevos en ninos de 2 anos a < de 5 a,2006-11-01,35,35,44,79
ROBORE,nutricion y desarrollo infantil,controles nuevos en ninos de 2 anos a < de 5 a,2006-11-01,13,13,5,18
RURRENABAQUE,nutricion y desarrollo infantil,controles nuevos en ninos de 2 anos a < de 5 a,2006-11-01,4,4,5,9
SACABA,nutricion y desarrollo infantil,controles nuevos en ninos de 2 anos a < de 5 a,2006-11-01,110,110,108,218
SACABAMBA,nutricion y desarrollo infantil,controles nuevos en ninos de 2 anos a < de 5 a,2006-11-01,2,2,1,3
SACACA,nutricion y desarrollo infantil,controles nuevos en ninos de 2 anos a < de 5 a,2006-11-01,16,16,16,32
SAIPINA,nutricion y desarrollo infantil,controles nuevos en ninos de 2 anos a < de 5 a,2006-11-01,4,4,5,9
SAMAIPATA,nutricion y desarrollo infantil,controles nuevos en ninos de 2 anos a < de 5 a,2006-11-01,1,1,0,1
SAN ANDRES,nutricion y desarrollo infantil,controles nuevos en ninos de 2 anos a < de 5 a,2006-11-01,28,28,23,51
SAN ANDRES DE MACHACA,nutricion y desarrollo infantil,controles nuevos en ninos de 2 anos a < de 5 a,2006-11-01,1,1,1,2
SAN BENITO,nutricion y desarrollo infantil,controles nuevos en ninos de 2 anos a < de 5 a,2006-11-01,35,35,31,66
SAN BORJA,nutricion y desarrollo infantil,controles nuevos en ninos de 2 anos a < de 5 a,2006-11-01,3,3,5,8
SAN BUENA VENTURA,nutricion y desarrollo infantil,controles nuevos en ninos de 2 anos a < de 5 a,2006-11-01,19,19,16,35
SAN IGNACIO,nutricion y desarrollo infantil,controles nuevos en ninos de 2 anos a < de 5 a,2006-11-01,24,24,27,51
SAN IGNACIO DE VELASCO,nutricion y desarrollo infantil,controles nuevos en ninos de 2 anos a < de 5 a,2006-11-01,90,90,80,170
SAN JAVIER(BNI),nutricion y desarrollo infantil,controles nuevos en ninos de 2 anos a < de 5 a,2006-11-01,2,2,3,5
SAN JAVIER(STC),nutricion y desarrollo infantil,controles nuevos en ninos de 2 anos a < de 5 a,2006-11-01,5,5,3,8
SAN JOSE DE CHIQUITOS,nutricion y desarrollo infantil,controles nuevos en ninos de 2 anos a < de 5 a,2006-11-01,2,2,2,4
SAN JUAN DE YAPACANI,nutricion y desarrollo infantil,controles nuevos en ninos de 2 anos a < de 5 a,2006-11-01,9,9,6,15
SAN JULIAN,nutricion y desarrollo infantil,controles nuevos en ninos de 2 anos a < de 5 a,2006-11-01,13,13,13,26
SAN LORENZO(PND),nutricion y desarrollo infantil,controles nuevos en ninos de 2 anos a < de 5 a,2006-11-01,17,17,39,56
SAN LORENZO(TJA),nutricion y desarrollo infantil,controles nuevos en ninos de 2 anos a < de 5 a,2006-11-01,9,9,7,16
SAN LUCAS,nutricion y desarrollo infantil,controles nuevos en ninos de 2 anos a < de 5 a,2006-11-01,8,8,8,16
SAN MATIAS,nutricion y desarrollo infantil,controles nuevos en ninos de 2 anos a < de 5 a,2006-11-01,7,7,8,15
SAN MIGUEL DE VELASCO,nutricion y desarrollo infantil,controles nuevos en ninos de 2 anos a < de 5 a,2006-11-01,3,3,2,5
SAN PEDRO,nutricion y desarrollo infantil,controles nuevos en ninos de 2 anos a < de 5 a,2006-11-01,9,9,8,17
SAN PEDRO DE BUENA VISTA,nutricion y desarrollo infantil,controles nuevos en ninos de 2 anos a < de 5 a,2006-11-01,5,5,24,29
SAN PEDRO DE TIQUINA,nutricion y desarrollo infantil,controles nuevos en ninos de 2 anos a < de 5 a,2006-11-01,3,3,5,8
SAN RAFAEL,nutricion y desarrollo infantil,controles nuevos en ninos de 2 anos a < de 5 a,2006-11-01,2,2,3,5
SAN RAMON,nutricion y desarrollo infantil,controles nuevos en ninos de 2 anos a < de 5 a,2006-11-01,2,2,3,5
SANTA ANA,nutricion y desarrollo infantil,controles nuevos en ninos de 2 anos a < de 5 a,2006-11-01,2,2,4,6
SANTA CRUZ DE LA SIERRA,nutricion y desarrollo infantil,controles nuevos en ninos de 2 anos a < de 5 a,2006-11-01,924,924,886,1810
SANTA ROSA,nutricion y desarrollo infantil,controles nuevos en ninos de 2 anos a < de 5 a,2006-11-01,3,3,0,3
SANTIAGO DE HUARI,nutricion y desarrollo infantil,controles nuevos en ninos de 2 anos a < de 5 a,2006-11-01,3,3,1,4
SANTIVAÑES,nutricion y desarrollo infantil,controles nuevos en ninos de 2 anos a < de 5 a,2006-11-01,1,1,0,1
SANTUARIO DE QUILLACAS,nutricion y desarrollo infantil,controles nuevos en ninos de 2 anos a < de 5 a,2006-11-01,2,2,0,2
SAPAHAQUI,nutricion y desarrollo infantil,controles nuevos en ninos de 2 anos a < de 5 a,2006-11-01,2,2,0,2
SENA,nutricion y desarrollo infantil,controles nuevos en ninos de 2 anos a < de 5 a,2006-11-01,11,11,13,24
SICA SICA (VILLA AROMA),nutricion y desarrollo infantil,controles nuevos en ninos de 2 anos a < de 5 a,2006-11-01,25,25,19,44
SICAYA,nutricion y desarrollo infantil,controles nuevos en ninos de 2 anos a < de 5 a,2006-11-01,4,4,2,6
SIPE SIPE,nutricion y desarrollo infantil,controles nuevos en ninos de 2 anos a < de 5 a,2006-11-01,41,41,48,89
SORACACHI,nutricion y desarrollo infantil,controles nuevos en ninos de 2 anos a < de 5 a,2006-11-01,16,16,11,27
SORATA,nutricion y desarrollo infantil,controles nuevos en ninos de 2 anos a < de 5 a,2006-11-01,35,35,21,56
SUCRE,nutricion y desarrollo infantil,controles nuevos en ninos de 2 anos a < de 5 a,2006-11-01,101,101,106,207
TACACOMA,nutricion y desarrollo infantil,controles nuevos en ninos de 2 anos a < de 5 a,2006-11-01,1,1,0,1
TACOBAMBA,nutricion y desarrollo infantil,controles nuevos en ninos de 2 anos a < de 5 a,2006-11-01,1,1,1,2
TACOPAYA,nutricion y desarrollo infantil,controles nuevos en ninos de 2 anos a < de 5 a,2006-11-01,8,8,1,9
TAPACARI,nutricion y desarrollo infantil,controles nuevos en ninos de 2 anos a < de 5 a,2006-11-01,131,131,122,253
TARABUCO,nutricion y desarrollo infantil,controles nuevos en ninos de 2 anos a < de 5 a,2006-11-01,0,0,1,1
TARATA,nutricion y desarrollo infantil,controles nuevos en ninos de 2 anos a < de 5 a,2006-11-01,9,9,9,18
TARIJA,nutricion y desarrollo infantil,controles nuevos en ninos de 2 anos a < de 5 a,2006-11-01,237,237,207,444
TARVITA,nutricion y desarrollo infantil,controles nuevos en ninos de 2 anos a < de 5 a,2006-11-01,2,2,1,3
TEOPONTE,nutricion y desarrollo infantil,controles nuevos en ninos de 2 anos a < de 5 a,2006-11-01,0,0,1,1
TIAWANACU,nutricion y desarrollo infantil,controles nuevos en ninos de 2 anos a < de 5 a,2006-11-01,1,1,1,2
TINGUIPAYA,nutricion y desarrollo infantil,controles nuevos en ninos de 2 anos a < de 5 a,2006-11-01,0,0,7,7
TIPUANI,nutricion y desarrollo infantil,controles nuevos en ninos de 2 anos a < de 5 a,2006-11-01,30,30,30,60
TIQUIPAYA,nutricion y desarrollo infantil,controles nuevos en ninos de 2 anos a < de 5 a,2006-11-01,204,204,208,412
TIRAQUE (CBBA),nutricion y desarrollo infantil,controles nuevos en ninos de 2 anos a < de 5 a,2006-11-01,146,146,32,178
TOCO,nutricion y desarrollo infantil,controles nuevos en ninos de 2 anos a < de 5 a,2006-11-01,8,8,2,10
TOLATA,nutricion y desarrollo infantil,controles nuevos en ninos de 2 anos a < de 5 a,2006-11-01,15,15,12,27
TOLEDO,nutricion y desarrollo infantil,controles nuevos en ninos de 2 anos a < de 5 a,2006-11-01,25,25,21,46
TOMAVE,nutricion y desarrollo infantil,controles nuevos en ninos de 2 anos a < de 5 a,2006-11-01,1,1,3,4
TOMINA,nutricion y desarrollo infantil,controles nuevos en ninos de 2 anos a < de 5 a,2006-11-01,2,2,1,3
TORO TORO,nutricion y desarrollo infantil,controles nuevos en ninos de 2 anos a < de 5 a,2006-11-01,1,1,0,1
TOTORA(CBBA),nutricion y desarrollo infantil,controles nuevos en ninos de 2 anos a < de 5 a,2006-11-01,35,35,30,65
TOTORA(ORR),nutricion y desarrollo infantil,controles nuevos en ninos de 2 anos a < de 5 a,2006-11-01,8,8,6,14
TRIGAL,nutricion y desarrollo infantil,controles nuevos en ninos de 2 anos a < de 5 a,2006-11-01,1,1,0,1
TRINIDAD,nutricion y desarrollo infantil,controles nuevos en ninos de 2 anos a < de 5 a,2006-11-01,165,165,173,338
TUPIZA,nutricion y desarrollo infantil,controles nuevos en ninos de 2 anos a < de 5 a,2006-11-01,3,3,6,9
TURCO,nutricion y desarrollo infantil,controles nuevos en ninos de 2 anos a < de 5 a,2006-11-01,3,3,1,4
UMALA,nutricion y desarrollo infantil,controles nuevos en ninos de 2 anos a < de 5 a,2006-11-01,0,0,1,1
UNCIA,nutricion y desarrollo infantil,controles nuevos en ninos de 2 anos a < de 5 a,2006-11-01,30,30,31,61
URIONDO (A. CONCEPCION),nutricion y desarrollo infantil,controles nuevos en ninos de 2 anos a < de 5 a,2006-11-01,1,1,2,3
VACAS,nutricion y desarrollo infantil,controles nuevos en ninos de 2 anos a < de 5 a,2006-11-01,13,13,11,24
VALLEGRANDE,nutricion y desarrollo infantil,controles nuevos en ninos de 2 anos a < de 5 a,2006-11-01,4,4,1,5
VIACHA,nutricion y desarrollo infantil,controles nuevos en ninos de 2 anos a < de 5 a,2006-11-01,8,8,4,12
VILA VILA,nutricion y desarrollo infantil,controles nuevos en ninos de 2 anos a < de 5 a,2006-11-01,3,3,2,5
VILLA MONTES,nutricion y desarrollo infantil,controles nuevos en ninos de 2 anos a < de 5 a,2006-11-01,17,17,24,41
VILLA NUEVA (LOMA ALTA),nutricion y desarrollo infantil,controles nuevos en ninos de 2 anos a < de 5 a,2006-11-01,4,4,2,6
VILLA RIVERO,nutricion y desarrollo infantil,controles nuevos en ninos de 2 anos a < de 5 a,2006-11-01,18,18,26,44
VILLA TUNARI,nutricion y desarrollo infantil,controles nuevos en ninos de 2 anos a < de 5 a,2006-11-01,238,238,189,427
VILLA VACA GUZMAN (MUYUPAMPA),nutricion y desarrollo infantil,controles nuevos en ninos de 2 anos a < de 5 a,2006-11-01,14,14,10,24
VINTO,nutricion y desarrollo infantil,controles nuevos en ninos de 2 anos a < de 5 a,2006-11-01,112,112,107,219
VITICHI,nutricion y desarrollo infantil,controles nuevos en ninos de 2 anos a < de 5 a,2006-11-01,23,23,30,53
WARNES,nutricion y desarrollo infantil,controles nuevos en ninos de 2 anos a < de 5 a,2006-11-01,96,96,123,219
YACO,nutricion y desarrollo infantil,controles nuevos en ninos de 2 anos a < de 5 a,2006-11-01,15,15,27,42
YACUIBA,nutricion y desarrollo infantil,controles nuevos en ninos de 2 anos a < de 5 a,2006-11-01,58,58,53,111
YOTALA,nutricion y desarrollo infantil,controles nuevos en ninos de 2 anos a < de 5 a,2006-11-01,2,2,1,3
ACACIO,nutricion y desarrollo infantil,controles nuevos en ninos de 2 anos a < de 5 a,2006-12-01,1,1,1,2
ACHACACHI,nutricion y desarrollo infantil,controles nuevos en ninos de 2 anos a < de 5 a,2006-12-01,19,19,20,39
AIQUILE,nutricion y desarrollo infantil,controles nuevos en ninos de 2 anos a < de 5 a,2006-12-01,24,24,16,40
ALALAY,nutricion y desarrollo infantil,controles nuevos en ninos de 2 anos a < de 5 a,2006-12-01,1,1,1,2
ANDAMARCA,nutricion y desarrollo infantil,controles nuevos en ninos de 2 anos a < de 5 a,2006-12-01,3,3,1,4
ANTEQUERA,nutricion y desarrollo infantil,controles nuevos en ninos de 2 anos a < de 5 a,2006-12-01,1,1,0,1
ANZALDO,nutricion y desarrollo infantil,controles nuevos en ninos de 2 anos a < de 5 a,2006-12-01,25,25,34,59
APOLO,nutricion y desarrollo infantil,controles nuevos en ninos de 2 anos a < de 5 a,2006-12-01,3,3,14,17
ARAMPAMPA,nutricion y desarrollo infantil,controles nuevos en ninos de 2 anos a < de 5 a,2006-12-01,6,6,2,8
ARANI,nutricion y desarrollo infantil,controles nuevos en ninos de 2 anos a < de 5 a,2006-12-01,3,3,5,8
ARBIETO,nutricion y desarrollo infantil,controles nuevos en ninos de 2 anos a < de 5 a,2006-12-01,11,11,8,19
ARQUE,nutricion y desarrollo infantil,controles nuevos en ninos de 2 anos a < de 5 a,2006-12-01,5,5,6,11
ASCENCION DE GUARAYOS,nutricion y desarrollo infantil,controles nuevos en ninos de 2 anos a < de 5 a,2006-12-01,27,27,29,56
AUCAPATA,nutricion y desarrollo infantil,controles nuevos en ninos de 2 anos a < de 5 a,2006-12-01,14,14,11,25
AYATA,nutricion y desarrollo infantil,controles nuevos en ninos de 2 anos a < de 5 a,2006-12-01,12,12,13,25
AYO AYO,nutricion y desarrollo infantil,controles nuevos en ninos de 2 anos a < de 5 a,2006-12-01,4,4,0,4
AYOPAYA (V. DE INDEPENDENCIA),nutricion y desarrollo infantil,controles nuevos en ninos de 2 anos a < de 5 a,2006-12-01,17,17,41,58
AZURDUY,nutricion y desarrollo infantil,controles nuevos en ninos de 2 anos a < de 5 a,2006-12-01,0,0,1,1
BATALLAS,nutricion y desarrollo infantil,controles nuevos en ninos de 2 anos a < de 5 a,2006-12-01,5,5,7,12
BELEN DE ANDAMARCA,nutricion y desarrollo infantil,controles nuevos en ninos de 2 anos a < de 5 a,2006-12-01,2,2,1,3
BELLA FLOR,nutricion y desarrollo infantil,controles nuevos en ninos de 2 anos a < de 5 a,2006-12-01,1,1,0,1
BERMEJO,nutricion y desarrollo infantil,controles nuevos en ninos de 2 anos a < de 5 a,2006-12-01,12,12,12,24
BETANZOS,nutricion y desarrollo infantil,controles nuevos en ninos de 2 anos a < de 5 a,2006-12-01,1,1,0,1
BOLIVAR,nutricion y desarrollo infantil,controles nuevos en ninos de 2 anos a < de 5 a,2006-12-01,0,0,1,1
BOYUIBE,nutricion y desarrollo infantil,controles nuevos en ninos de 2 anos a < de 5 a,2006-12-01,2,2,0,2
BUENA VISTA,nutricion y desarrollo infantil,controles nuevos en ninos de 2 anos a < de 5 a,2006-12-01,13,13,10,23
CABEZAS,nutricion y desarrollo infantil,controles nuevos en ninos de 2 anos a < de 5 a,2006-12-01,4,4,5,9
"CAIZA ""D""",nutricion y desarrollo infantil,controles nuevos en ninos de 2 anos a < de 5 a,2006-12-01,15,15,27,42
CAJUATA,nutricion y desarrollo infantil,controles nuevos en ninos de 2 anos a < de 5 a,2006-12-01,23,23,17,40
CALAMARCA,nutricion y desarrollo infantil,controles nuevos en ninos de 2 anos a < de 5 a,2006-12-01,3,3,5,8
CAMARGO,nutricion y desarrollo infantil,controles nuevos en ninos de 2 anos a < de 5 a,2006-12-01,1,1,0,1
CAMIRI,nutricion y desarrollo infantil,controles nuevos en ninos de 2 anos a < de 5 a,2006-12-01,29,29,31,60
CAPINOTA,nutricion y desarrollo infantil,controles nuevos en ninos de 2 anos a < de 5 a,2006-12-01,11,11,4,15
CARACOLLO,nutricion y desarrollo infantil,controles nuevos en ninos de 2 anos a < de 5 a,2006-12-01,1,1,2,3
CARANAVI,nutricion y desarrollo infantil,controles nuevos en ninos de 2 anos a < de 5 a,2006-12-01,33,33,29,62
CARANGAS,nutricion y desarrollo infantil,controles nuevos en ninos de 2 anos a < de 5 a,2006-12-01,3,3,4,7
CARAPARI,nutricion y desarrollo infantil,controles nuevos en ninos de 2 anos a < de 5 a,2006-12-01,1,1,1,2
CARIPUYO,nutricion y desarrollo infantil,controles nuevos en ninos de 2 anos a < de 5 a,2006-12-01,1,1,1,2
CARMEN RIVERO TORREZ,nutricion y desarrollo infantil,controles nuevos en ninos de 2 anos a < de 5 a,2006-12-01,4,4,8,12
CHALLAPATA,nutricion y desarrollo infantil,controles nuevos en ninos de 2 anos a < de 5 a,2006-12-01,21,21,20,41
CHARAGUA,nutricion y desarrollo infantil,controles nuevos en ninos de 2 anos a < de 5 a,2006-12-01,2,2,1,3
CHAYANTA,nutricion y desarrollo infantil,controles nuevos en ninos de 2 anos a < de 5 a,2006-12-01,10,10,5,15
CHIMORE,nutricion y desarrollo infantil,controles nuevos en ninos de 2 anos a < de 5 a,2006-12-01,41,41,39,80
CHOQUE COTA,nutricion y desarrollo infantil,controles nuevos en ninos de 2 anos a < de 5 a,2006-12-01,3,3,1,4
CHULUMANI (V. DE LA LIBERTAD),nutricion y desarrollo infantil,controles nuevos en ninos de 2 anos a < de 5 a,2006-12-01,2,2,5,7
CHUMA,nutricion y desarrollo infantil,controles nuevos en ninos de 2 anos a < de 5 a,2006-12-01,3,3,6,9
CLIZA,nutricion y desarrollo infantil,controles nuevos en ninos de 2 anos a < de 5 a,2006-12-01,8,8,8,16
COBIJA,nutricion y desarrollo infantil,controles nuevos en ninos de 2 anos a < de 5 a,2006-12-01,19,19,15,34
COCHABAMBA,nutricion y desarrollo infantil,controles nuevos en ninos de 2 anos a < de 5 a,2006-12-01,913,913,808,1721
COLCAPIRHUA,nutricion y desarrollo infantil,controles nuevos en ninos de 2 anos a < de 5 a,2006-12-01,222,222,217,439
COLOMI,nutricion y desarrollo infantil,controles nuevos en ninos de 2 anos a < de 5 a,2006-12-01,27,27,33,60
COLPA BELGICA,nutricion y desarrollo infantil,controles nuevos en ninos de 2 anos a < de 5 a,2006-12-01,2,2,6,8
COLQUECHACA,nutricion y desarrollo infantil,controles nuevos en ninos de 2 anos a < de 5 a,2006-12-01,1,1,0,1
COLQUENCHA,nutricion y desarrollo infantil,controles nuevos en ninos de 2 anos a < de 5 a,2006-12-01,0,0,1,1
COLQUIRI,nutricion y desarrollo infantil,controles nuevos en ninos de 2 anos a < de 5 a,2006-12-01,3,3,5,8
COMANCHE,nutricion y desarrollo infantil,controles nuevos en ninos de 2 anos a < de 5 a,2006-12-01,0,0,2,2
COMARAPA,nutricion y desarrollo infantil,controles nuevos en ninos de 2 anos a < de 5 a,2006-12-01,1,1,1,2
CONCEPCION,nutricion y desarrollo infantil,controles nuevos en ninos de 2 anos a < de 5 a,2006-12-01,2,2,0,2
COPACABANA,nutricion y desarrollo infantil,controles nuevos en ninos de 2 anos a < de 5 a,2006-12-01,5,5,5,10
CORIPATA,nutricion y desarrollo infantil,controles nuevos en ninos de 2 anos a < de 5 a,2006-12-01,2,2,2,4
COROICO,nutricion y desarrollo infantil,controles nuevos en ninos de 2 anos a < de 5 a,2006-12-01,1,1,2,3
CORQUE,nutricion y desarrollo infantil,controles nuevos en ninos de 2 anos a < de 5 a,2006-12-01,10,10,8,18
CUATRO CAÑADAS,nutricion y desarrollo infantil,controles nuevos en ninos de 2 anos a < de 5 a,2006-12-01,11,11,8,19
CULPINA,nutricion y desarrollo infantil,controles nuevos en ninos de 2 anos a < de 5 a,2006-12-01,1,1,3,4
CURAHUARA DE CARANGAS,nutricion y desarrollo infantil,controles nuevos en ninos de 2 anos a < de 5 a,2006-12-01,1,1,1,2
EL ALTO,nutricion y desarrollo infantil,controles nuevos en ninos de 2 anos a < de 5 a,2006-12-01,786,786,814,1600
EL CHORO,nutricion y desarrollo infantil,controles nuevos en ninos de 2 anos a < de 5 a,2006-12-01,2,2,3,5
EL PUENTE(TJA),nutricion y desarrollo infantil,controles nuevos en ninos de 2 anos a < de 5 a,2006-12-01,2,2,1,3
EL TORNO,nutricion y desarrollo infantil,controles nuevos en ninos de 2 anos a < de 5 a,2006-12-01,1,1,2,3
ENTRE RIOS,nutricion y desarrollo infantil,controles nuevos en ninos de 2 anos a < de 5 a,2006-12-01,21,21,18,39
ENTRE RIOS,nutricion y desarrollo infantil,controles nuevos en ninos de 2 anos a < de 5 a,2006-12-01,127,127,105,232
EUREKA (SANTOS MERCADO),nutricion y desarrollo infantil,controles nuevos en ninos de 2 anos a < de 5 a,2006-12-01,0,0,2,2
EXALTACION,nutricion y desarrollo infantil,controles nuevos en ninos de 2 anos a < de 5 a,2006-12-01,1,1,0,1
FERNANDEZ ALONSO,nutricion y desarrollo infantil,controles nuevos en ninos de 2 anos a < de 5 a,2006-12-01,8,8,63,71
FILADELFIA,nutricion y desarrollo infantil,controles nuevos en ninos de 2 anos a < de 5 a,2006-12-01,2,2,1,3
GENERAL SAAVEDRA,nutricion y desarrollo infantil,controles nuevos en ninos de 2 anos a < de 5 a,2006-12-01,6,6,5,11
GRAL. J.J. PEREZ (CHARAZANI),nutricion y desarrollo infantil,controles nuevos en ninos de 2 anos a < de 5 a,2006-12-01,8,8,9,17
GUANAY,nutricion y desarrollo infantil,controles nuevos en ninos de 2 anos a < de 5 a,2006-12-01,7,7,5,12
GUAQUI,nutricion y desarrollo infantil,controles nuevos en ninos de 2 anos a < de 5 a,2006-12-01,1,1,0,1
GUAYARAMERIN,nutricion y desarrollo infantil,controles nuevos en ninos de 2 anos a < de 5 a,2006-12-01,2,2,3,5
HUACARETA,nutricion y desarrollo infantil,controles nuevos en ninos de 2 anos a < de 5 a,2006-12-01,11,11,14,25
HUACAYA (VILLA DE HUACAYA),nutricion y desarrollo infantil,controles nuevos en ninos de 2 anos a < de 5 a,2006-12-01,2,2,1,3
HUANUNI,nutricion y desarrollo infantil,controles nuevos en ninos de 2 anos a < de 5 a,2006-12-01,14,14,9,23
HUAYLLAMARCA,nutricion y desarrollo infantil,controles nuevos en ninos de 2 anos a < de 5 a,2006-12-01,1,1,0,1
ICHOCA,nutricion y desarrollo infantil,controles nuevos en ninos de 2 anos a < de 5 a,2006-12-01,1,1,1,2
INCAHUASI,nutricion y desarrollo infantil,controles nuevos en ninos de 2 anos a < de 5 a,2006-12-01,22,22,39,61
INQUISIVI,nutricion y desarrollo infantil,controles nuevos en ninos de 2 anos a < de 5 a,2006-12-01,1,1,2,3
IRUPANA (VILLA DE LANZA),nutricion y desarrollo infantil,controles nuevos en ninos de 2 anos a < de 5 a,2006-12-01,6,6,3,9
IXIAMAS,nutricion y desarrollo infantil,controles nuevos en ninos de 2 anos a < de 5 a,2006-12-01,3,3,8,11
JESUS DE MACHACA,nutricion y desarrollo infantil,controles nuevos en ninos de 2 anos a < de 5 a,2006-12-01,3,3,0,3
LA ASUNTA,nutricion y desarrollo infantil,controles nuevos en ninos de 2 anos a < de 5 a,2006-12-01,6,6,7,13
LA GUARDIA,nutricion y desarrollo infantil,controles nuevos en ninos de 2 anos a < de 5 a,2006-12-01,27,27,32,59
LA PAZ,nutricion y desarrollo infantil,controles nuevos en ninos de 2 anos a < de 5 a,2006-12-01,778,778,776,1554
LAGUNILLAS,nutricion y desarrollo infantil,controles nuevos en ninos de 2 anos a < de 5 a,2006-12-01,1,1,0,1
LAJA,nutricion y desarrollo infantil,controles nuevos en ninos de 2 anos a < de 5 a,2006-12-01,2,2,4,6
LAS CARRERAS,nutricion y desarrollo infantil,controles nuevos en ninos de 2 anos a < de 5 a,2006-12-01,0,0,1,1
LICOMA PAMPA,nutricion y desarrollo infantil,controles nuevos en ninos de 2 anos a < de 5 a,2006-12-01,0,0,1,1
LLALLAGUA,nutricion y desarrollo infantil,controles nuevos en ninos de 2 anos a < de 5 a,2006-12-01,59,59,49,108
LURIBAY,nutricion y desarrollo infantil,controles nuevos en ninos de 2 anos a < de 5 a,2006-12-01,1,1,0,1
MACHACAMARCA,nutricion y desarrollo infantil,controles nuevos en ninos de 2 anos a < de 5 a,2006-12-01,1,1,1,2
MACHARETI,nutricion y desarrollo infantil,controles nuevos en ninos de 2 anos a < de 5 a,2006-12-01,2,2,2,4
MAGDALENA,nutricion y desarrollo infantil,controles nuevos en ninos de 2 anos a < de 5 a,2006-12-01,73,73,72,145
MAPIRI,nutricion y desarrollo infantil,controles nuevos en ninos de 2 anos a < de 5 a,2006-12-01,1,1,2,3
MECAPACA,nutricion y desarrollo infantil,controles nuevos en ninos de 2 anos a < de 5 a,2006-12-01,8,8,8,16
MINEROS,nutricion y desarrollo infantil,controles nuevos en ninos de 2 anos a < de 5 a,2006-12-01,3,3,2,5
MIZQUE,nutricion y desarrollo infantil,controles nuevos en ninos de 2 anos a < de 5 a,2006-12-01,30,30,48,78
MOCOMOCO,nutricion y desarrollo infantil,controles nuevos en ninos de 2 anos a < de 5 a,2006-12-01,2,2,1,3
MONTEAGUDO,nutricion y desarrollo infantil,controles nuevos en ninos de 2 anos a < de 5 a,2006-12-01,13,13,21,34
MONTERO,nutricion y desarrollo infantil,controles nuevos en ninos de 2 anos a < de 5 a,2006-12-01,44,44,41,85
MORO MORO,nutricion y desarrollo infantil,controles nuevos en ninos de 2 anos a < de 5 a,2006-12-01,1,1,0,1
MOROCHATA,nutricion y desarrollo infantil,controles nuevos en ninos de 2 anos a < de 5 a,2006-12-01,69,69,69,138
OCURI,nutricion y desarrollo infantil,controles nuevos en ninos de 2 anos a < de 5 a,2006-12-01,1,1,2,3
OKINAWA,nutricion y desarrollo infantil,controles nuevos en ninos de 2 anos a < de 5 a,2006-12-01,11,11,5,16
OMEREQUE,nutricion y desarrollo infantil,controles nuevos en ninos de 2 anos a < de 5 a,2006-12-01,0,0,1,1
ORURO,nutricion y desarrollo infantil,controles nuevos en ninos de 2 anos a < de 5 a,2006-12-01,130,130,142,272
PADCAYA,nutricion y desarrollo infantil,controles nuevos en ninos de 2 anos a < de 5 a,2006-12-01,3,3,0,3
PAILON,nutricion y desarrollo infantil,controles nuevos en ninos de 2 anos a < de 5 a,2006-12-01,12,12,11,23
PALCA,nutricion y desarrollo infantil,controles nuevos en ninos de 2 anos a < de 5 a,2006-12-01,7,7,5,12
PALOS BLANCOS,nutricion y desarrollo infantil,controles nuevos en ninos de 2 anos a < de 5 a,2006-12-01,7,7,10,17
PASORAPA,nutricion y desarrollo infantil,controles nuevos en ninos de 2 anos a < de 5 a,2006-12-01,1,1,1,2
PATACAMAYA,nutricion y desarrollo infantil,controles nuevos en ninos de 2 anos a < de 5 a,2006-12-01,11,11,9,20
PELECHUCO,nutricion y desarrollo infantil,controles nuevos en ninos de 2 anos a < de 5 a,2006-12-01,1,1,1,2
POCOATA,nutricion y desarrollo infantil,controles nuevos en ninos de 2 anos a < de 5 a,2006-12-01,5,5,6,11
POCONA,nutricion y desarrollo infantil,controles nuevos en ninos de 2 anos a < de 5 a,2006-12-01,16,16,9,25
POJO (CBBA),nutricion y desarrollo infantil,controles nuevos en ninos de 2 anos a < de 5 a,2006-12-01,25,25,13,38
POOPO,nutricion y desarrollo infantil,controles nuevos en ninos de 2 anos a < de 5 a,2006-12-01,1,1,0,1
PORCO,nutricion y desarrollo infantil,controles nuevos en ninos de 2 anos a < de 5 a,2006-12-01,1,1,1,2
POROMA,nutricion y desarrollo infantil,controles nuevos en ninos de 2 anos a < de 5 a,2006-12-01,0,0,6,6
PORONGO,nutricion y desarrollo infantil,controles nuevos en ninos de 2 anos a < de 5 a,2006-12-01,12,12,19,31
PORTACHUELO,nutricion y desarrollo infantil,controles nuevos en ninos de 2 anos a < de 5 a,2006-12-01,6,6,3,9
PORVENIR,nutricion y desarrollo infantil,controles nuevos en ninos de 2 anos a < de 5 a,2006-12-01,19,19,23,42
POTOSI,nutricion y desarrollo infantil,controles nuevos en ninos de 2 anos a < de 5 a,2006-12-01,51,51,53,104
PUCARANI,nutricion y desarrollo infantil,controles nuevos en ninos de 2 anos a < de 5 a,2006-12-01,14,14,12,26
PUERTO ACOSTA,nutricion y desarrollo infantil,controles nuevos en ninos de 2 anos a < de 5 a,2006-12-01,3,3,2,5
PUERTO CARABUCO,nutricion y desarrollo infantil,controles nuevos en ninos de 2 anos a < de 5 a,2006-12-01,2,2,1,3
PUERTO GONZALO MORENO,nutricion y desarrollo infantil,controles nuevos en ninos de 2 anos a < de 5 a,2006-12-01,1,1,0,1
PUERTO PEREZ,nutricion y desarrollo infantil,controles nuevos en ninos de 2 anos a < de 5 a,2006-12-01,22,22,19,41
PUERTO QUIJARRO,nutricion y desarrollo infantil,controles nuevos en ninos de 2 anos a < de 5 a,2006-12-01,3,3,4,7
PUERTO SILES,nutricion y desarrollo infantil,controles nuevos en ninos de 2 anos a < de 5 a,2006-12-01,3,3,5,8
PUERTO SUAREZ,nutricion y desarrollo infantil,controles nuevos en ninos de 2 anos a < de 5 a,2006-12-01,7,7,6,13
PUERTO VILLARROEL,nutricion y desarrollo infantil,controles nuevos en ninos de 2 anos a < de 5 a,2006-12-01,80,80,66,146
PUNA,nutricion y desarrollo infantil,controles nuevos en ninos de 2 anos a < de 5 a,2006-12-01,30,30,36,66
PUNATA,nutricion y desarrollo infantil,controles nuevos en ninos de 2 anos a < de 5 a,2006-12-01,59,59,48,107
QUILLACOLLO,nutricion y desarrollo infantil,controles nuevos en ninos de 2 anos a < de 5 a,2006-12-01,205,205,175,380
QUIME,nutricion y desarrollo infantil,controles nuevos en ninos de 2 anos a < de 5 a,2006-12-01,7,7,3,10
REYES,nutricion y desarrollo infantil,controles nuevos en ninos de 2 anos a < de 5 a,2006-12-01,7,7,7,14
RIBERALTA,nutricion y desarrollo infantil,controles nuevos en ninos de 2 anos a < de 5 a,2006-12-01,34,34,37,71
ROBORE,nutricion y desarrollo infantil,controles nuevos en ninos de 2 anos a < de 5 a,2006-12-01,9,9,10,19
RURRENABAQUE,nutricion y desarrollo infantil,controles nuevos en ninos de 2 anos a < de 5 a,2006-12-01,0,0,2,2
SABAYA,nutricion y desarrollo infantil,controles nuevos en ninos de 2 anos a < de 5 a,2006-12-01,4,4,2,6
SACABA,nutricion y desarrollo infantil,controles nuevos en ninos de 2 anos a < de 5 a,2006-12-01,141,141,166,307
SACABAMBA,nutricion y desarrollo infantil,controles nuevos en ninos de 2 anos a < de 5 a,2006-12-01,3,3,3,6
SACACA,nutricion y desarrollo infantil,controles nuevos en ninos de 2 anos a < de 5 a,2006-12-01,10,10,12,22
SAIPINA,nutricion y desarrollo infantil,controles nuevos en ninos de 2 anos a < de 5 a,2006-12-01,1,1,3,4
SALINAS DE GARCI MENDOZA,nutricion y desarrollo infantil,controles nuevos en ninos de 2 anos a < de 5 a,2006-12-01,1,1,1,2
SAN ANDRES,nutricion y desarrollo infantil,controles nuevos en ninos de 2 anos a < de 5 a,2006-12-01,16,16,14,30
SAN BENITO,nutricion y desarrollo infantil,controles nuevos en ninos de 2 anos a < de 5 a,2006-12-01,15,15,11,26
SAN BORJA,nutricion y desarrollo infantil,controles nuevos en ninos de 2 anos a < de 5 a,2006-12-01,6,6,7,13
SAN BUENA VENTURA,nutricion y desarrollo infantil,controles nuevos en ninos de 2 anos a < de 5 a,2006-12-01,6,6,8,14
SAN CARLOS,nutricion y desarrollo infantil,controles nuevos en ninos de 2 anos a < de 5 a,2006-12-01,0,0,1,1
SAN IGNACIO,nutricion y desarrollo infantil,controles nuevos en ninos de 2 anos a < de 5 a,2006-12-01,30,30,25,55
SAN IGNACIO DE VELASCO,nutricion y desarrollo infantil,controles nuevos en ninos de 2 anos a < de 5 a,2006-12-01,59,59,81,140
SAN JAVIER(BNI),nutricion y desarrollo infantil,controles nuevos en ninos de 2 anos a < de 5 a,2006-12-01,5,5,11,16
SAN JAVIER(STC),nutricion y desarrollo infantil,controles nuevos en ninos de 2 anos a < de 5 a,2006-12-01,1,1,2,3
SAN JOSE DE CHIQUITOS,nutricion y desarrollo infantil,controles nuevos en ninos de 2 anos a < de 5 a,2006-12-01,2,2,2,4
SAN JUAN DE YAPACANI,nutricion y desarrollo infantil,controles nuevos en ninos de 2 anos a < de 5 a,2006-12-01,0,0,1,1
SAN JULIAN,nutricion y desarrollo infantil,controles nuevos en ninos de 2 anos a < de 5 a,2006-12-01,29,29,28,57
SAN LORENZO(TJA),nutricion y desarrollo infantil,controles nuevos en ninos de 2 anos a < de 5 a,2006-12-01,11,11,11,22
SAN LUCAS,nutricion y desarrollo infantil,controles nuevos en ninos de 2 anos a < de 5 a,2006-12-01,8,8,1,9
SAN MATIAS,nutricion y desarrollo infantil,controles nuevos en ninos de 2 anos a < de 5 a,2006-12-01,6,6,9,15
SAN MIGUEL DE VELASCO,nutricion y desarrollo infantil,controles nuevos en ninos de 2 anos a < de 5 a,2006-12-01,4,4,6,10
SAN PEDRO,nutricion y desarrollo infantil,controles nuevos en ninos de 2 anos a < de 5 a,2006-12-01,50,50,38,88
SAN PEDRO DE BUENA VISTA,nutricion y desarrollo infantil,controles nuevos en ninos de 2 anos a < de 5 a,2006-12-01,0,0,3,3
SAN PEDRO DE TIQUINA,nutricion y desarrollo infantil,controles nuevos en ninos de 2 anos a < de 5 a,2006-12-01,0,0,1,1
SAN RAFAEL,nutricion y desarrollo infantil,controles nuevos en ninos de 2 anos a < de 5 a,2006-12-01,2,2,2,4
SAN RAMON,nutricion y desarrollo infantil,controles nuevos en ninos de 2 anos a < de 5 a,2006-12-01,0,0,1,1
SANTA ANA,nutricion y desarrollo infantil,controles nuevos en ninos de 2 anos a < de 5 a,2006-12-01,5,5,15,20
SANTA CRUZ DE LA SIERRA,nutricion y desarrollo infantil,controles nuevos en ninos de 2 anos a < de 5 a,2006-12-01,895,895,785,1680
SANTA ROSA,nutricion y desarrollo infantil,controles nuevos en ninos de 2 anos a < de 5 a,2006-12-01,0,0,1,1
SANTA ROSA DEL SARA,nutricion y desarrollo infantil,controles nuevos en ninos de 2 anos a < de 5 a,2006-12-01,1,1,0,1
SANTIVAÑES,nutricion y desarrollo infantil,controles nuevos en ninos de 2 anos a < de 5 a,2006-12-01,8,8,2,10
SANTUARIO DE QUILLACAS,nutricion y desarrollo infantil,controles nuevos en ninos de 2 anos a < de 5 a,2006-12-01,3,3,3,6
SENA,nutricion y desarrollo infantil,controles nuevos en ninos de 2 anos a < de 5 a,2006-12-01,3,3,3,6
SICAYA,nutricion y desarrollo infantil,controles nuevos en ninos de 2 anos a < de 5 a,2006-12-01,1,1,2,3
SIPE SIPE,nutricion y desarrollo infantil,controles nuevos en ninos de 2 anos a < de 5 a,2006-12-01,56,56,50,106
SORACACHI,nutricion y desarrollo infantil,controles nuevos en ninos de 2 anos a < de 5 a,2006-12-01,9,9,10,19
SORATA,nutricion y desarrollo infantil,controles nuevos en ninos de 2 anos a < de 5 a,2006-12-01,14,14,9,23
SUCRE,nutricion y desarrollo infantil,controles nuevos en ninos de 2 anos a < de 5 a,2006-12-01,132,132,114,246
TACACHI,nutricion y desarrollo infantil,controles nuevos en ninos de 2 anos a < de 5 a,2006-12-01,7,7,7,14
TACOBAMBA,nutricion y desarrollo infantil,controles nuevos en ninos de 2 anos a < de 5 a,2006-12-01,1,1,0,1
TACOPAYA,nutricion y desarrollo infantil,controles nuevos en ninos de 2 anos a < de 5 a,2006-12-01,2,2,1,3
TAPACARI,nutricion y desarrollo infantil,controles nuevos en ninos de 2 anos a < de 5 a,2006-12-01,78,78,51,129
TARACO,nutricion y desarrollo infantil,controles nuevos en ninos de 2 anos a < de 5 a,2006-12-01,0,0,1,1
TARATA,nutricion y desarrollo infantil,controles nuevos en ninos de 2 anos a < de 5 a,2006-12-01,3,3,6,9
TARIJA,nutricion y desarrollo infantil,controles nuevos en ninos de 2 anos a < de 5 a,2006-12-01,203,203,157,360
TARVITA,nutricion y desarrollo infantil,controles nuevos en ninos de 2 anos a < de 5 a,2006-12-01,15,15,30,45
TINGUIPAYA,nutricion y desarrollo infantil,controles nuevos en ninos de 2 anos a < de 5 a,2006-12-01,3,3,3,6
TIQUIPAYA,nutricion y desarrollo infantil,controles nuevos en ninos de 2 anos a < de 5 a,2006-12-01,138,138,120,258
TIRAQUE (CBBA),nutricion y desarrollo infantil,controles nuevos en ninos de 2 anos a < de 5 a,2006-12-01,40,40,39,79
TOCO,nutricion y desarrollo infantil,controles nuevos en ninos de 2 anos a < de 5 a,2006-12-01,7,7,3,10
TOLATA,nutricion y desarrollo infantil,controles nuevos en ninos de 2 anos a < de 5 a,2006-12-01,6,6,8,14
TOLEDO,nutricion y desarrollo infantil,controles nuevos en ninos de 2 anos a < de 5 a,2006-12-01,10,10,2,12
TOMAVE,nutricion y desarrollo infantil,controles nuevos en ninos de 2 anos a < de 5 a,2006-12-01,2,2,1,3
TORO TORO,nutricion y desarrollo infantil,controles nuevos en ninos de 2 anos a < de 5 a,2006-12-01,12,12,4,16
TOTORA(CBBA),nutricion y desarrollo infantil,controles nuevos en ninos de 2 anos a < de 5 a,2006-12-01,34,34,39,73
TOTORA(ORR),nutricion y desarrollo infantil,controles nuevos en ninos de 2 anos a < de 5 a,2006-12-01,17,17,7,24
TRIGAL,nutricion y desarrollo infantil,controles nuevos en ninos de 2 anos a < de 5 a,2006-12-01,1,1,0,1
TRINIDAD,nutricion y desarrollo infantil,controles nuevos en ninos de 2 anos a < de 5 a,2006-12-01,206,206,187,393
TUPIZA,nutricion y desarrollo infantil,controles nuevos en ninos de 2 anos a < de 5 a,2006-12-01,81,81,113,194
TURCO,nutricion y desarrollo infantil,controles nuevos en ninos de 2 anos a < de 5 a,2006-12-01,0,0,1,1
URIONDO (A. CONCEPCION),nutricion y desarrollo infantil,controles nuevos en ninos de 2 anos a < de 5 a,2006-12-01,4,4,3,7
URUBICHA,nutricion y desarrollo infantil,controles nuevos en ninos de 2 anos a < de 5 a,2006-12-01,8,8,3,11
UYUNI,nutricion y desarrollo infantil,controles nuevos en ninos de 2 anos a < de 5 a,2006-12-01,3,3,2,5
VACAS,nutricion y desarrollo infantil,controles nuevos en ninos de 2 anos a < de 5 a,2006-12-01,17,17,21,38
VALLEGRANDE,nutricion y desarrollo infantil,controles nuevos en ninos de 2 anos a < de 5 a,2006-12-01,1,1,3,4
VIACHA,nutricion y desarrollo infantil,controles nuevos en ninos de 2 anos a < de 5 a,2006-12-01,15,15,26,41
VILA VILA,nutricion y desarrollo infantil,controles nuevos en ninos de 2 anos a < de 5 a,2006-12-01,1,1,1,2
VILLA MONTES,nutricion y desarrollo infantil,controles nuevos en ninos de 2 anos a < de 5 a,2006-12-01,22,22,19,41
VILLA NUEVA (LOMA ALTA),nutricion y desarrollo infantil,controles nuevos en ninos de 2 anos a < de 5 a,2006-12-01,7,7,10,17
VILLA RIVERO,nutricion y desarrollo infantil,controles nuevos en ninos de 2 anos a < de 5 a,2006-12-01,18,18,23,41
VILLA TUNARI,nutricion y desarrollo infantil,controles nuevos en ninos de 2 anos a < de 5 a,2006-12-01,201,201,251,452
VILLAZON,nutricion y desarrollo infantil,controles nuevos en ninos de 2 anos a < de 5 a,2006-12-01,1,1,2,3
VINTO,nutricion y desarrollo infantil,controles nuevos en ninos de 2 anos a < de 5 a,2006-12-01,56,56,41,97
WARNES,nutricion y desarrollo infantil,controles nuevos en ninos de 2 anos a < de 5 a,2006-12-01,73,73,80,153
YACO,nutricion y desarrollo infantil,controles nuevos en ninos de 2 anos a < de 5 a,2006-12-01,7,7,3,10
YACUIBA,nutricion y desarrollo infantil,controles nuevos en ninos de 2 anos a < de 5 a,2006-12-01,90,90,91,181
YOCALLA,nutricion y desarrollo infantil,controles nuevos en ninos de 2 anos a < de 5 a,2006-12-01,9,9,8,17
YUNCHARA,nutricion y desarrollo infantil,controles nuevos en ninos de 2 anos a < de 5 a,2006-12-01,2,2,4,6
