municipality,group,variable,month,Controles nuevos en niños menores de 2 años NUEVO,TOTAL-NUEVO,TOTAL-REPETIDO,TOTAL
ACACIO,nutricion y desarrollo infantil,controles nuevos en ninos menores de 2 anos,2006-01-01,9,9,4,13
ACHACACHI,nutricion y desarrollo infantil,controles nuevos en ninos menores de 2 anos,2006-01-01,53,53,40,93
ACHOCALLA,nutricion y desarrollo infantil,controles nuevos en ninos menores de 2 anos,2006-01-01,4,4,14,18
AIQUILE,nutricion y desarrollo infantil,controles nuevos en ninos menores de 2 anos,2006-01-01,73,73,75,148
ALALAY,nutricion y desarrollo infantil,controles nuevos en ninos menores de 2 anos,2006-01-01,2,2,0,2
ALCALA,nutricion y desarrollo infantil,controles nuevos en ninos menores de 2 anos,2006-01-01,62,62,53,115
ANCORAIMES,nutricion y desarrollo infantil,controles nuevos en ninos menores de 2 anos,2006-01-01,12,12,13,25
ANDAMARCA,nutricion y desarrollo infantil,controles nuevos en ninos menores de 2 anos,2006-01-01,2,2,0,2
ANTEQUERA,nutricion y desarrollo infantil,controles nuevos en ninos menores de 2 anos,2006-01-01,2,2,2,4
ANZALDO,nutricion y desarrollo infantil,controles nuevos en ninos menores de 2 anos,2006-01-01,18,18,30,48
APOLO,nutricion y desarrollo infantil,controles nuevos en ninos menores de 2 anos,2006-01-01,28,28,25,53
ARAMPAMPA,nutricion y desarrollo infantil,controles nuevos en ninos menores de 2 anos,2006-01-01,15,15,6,21
ARANI,nutricion y desarrollo infantil,controles nuevos en ninos menores de 2 anos,2006-01-01,36,36,60,96
ARBIETO,nutricion y desarrollo infantil,controles nuevos en ninos menores de 2 anos,2006-01-01,10,10,8,18
ARQUE,nutricion y desarrollo infantil,controles nuevos en ninos menores de 2 anos,2006-01-01,15,15,12,27
ATOCHA,nutricion y desarrollo infantil,controles nuevos en ninos menores de 2 anos,2006-01-01,6,6,2,8
AUCAPATA,nutricion y desarrollo infantil,controles nuevos en ninos menores de 2 anos,2006-01-01,13,13,9,22
AYATA,nutricion y desarrollo infantil,controles nuevos en ninos menores de 2 anos,2006-01-01,5,5,7,12
AYO AYO,nutricion y desarrollo infantil,controles nuevos en ninos menores de 2 anos,2006-01-01,5,5,6,11
AYOPAYA (V. DE INDEPENDENCIA),nutricion y desarrollo infantil,controles nuevos en ninos menores de 2 anos,2006-01-01,67,67,56,123
AZURDUY,nutricion y desarrollo infantil,controles nuevos en ninos menores de 2 anos,2006-01-01,262,262,243,505
BATALLAS,nutricion y desarrollo infantil,controles nuevos en ninos menores de 2 anos,2006-01-01,29,29,13,42
BAURES,nutricion y desarrollo infantil,controles nuevos en ninos menores de 2 anos,2006-01-01,2,2,6,8
BELEN DE ANDAMARCA,nutricion y desarrollo infantil,controles nuevos en ninos menores de 2 anos,2006-01-01,7,7,4,11
BELLA FLOR,nutricion y desarrollo infantil,controles nuevos en ninos menores de 2 anos,2006-01-01,1,1,3,4
BERMEJO,nutricion y desarrollo infantil,controles nuevos en ninos menores de 2 anos,2006-01-01,59,59,42,101
BETANZOS,nutricion y desarrollo infantil,controles nuevos en ninos menores de 2 anos,2006-01-01,17,17,23,40
BOLIVAR,nutricion y desarrollo infantil,controles nuevos en ninos menores de 2 anos,2006-01-01,14,14,11,25
BOLPEBRA,nutricion y desarrollo infantil,controles nuevos en ninos menores de 2 anos,2006-01-01,2,2,0,2
BOYUIBE,nutricion y desarrollo infantil,controles nuevos en ninos menores de 2 anos,2006-01-01,4,4,4,8
BUENA VISTA,nutricion y desarrollo infantil,controles nuevos en ninos menores de 2 anos,2006-01-01,17,17,9,26
CABEZAS,nutricion y desarrollo infantil,controles nuevos en ninos menores de 2 anos,2006-01-01,48,48,40,88
CAIROMA,nutricion y desarrollo infantil,controles nuevos en ninos menores de 2 anos,2006-01-01,6,6,12,18
"CAIZA ""D""",nutricion y desarrollo infantil,controles nuevos en ninos menores de 2 anos,2006-01-01,26,26,25,51
CAJUATA,nutricion y desarrollo infantil,controles nuevos en ninos menores de 2 anos,2006-01-01,52,52,56,108
CALACOTO,nutricion y desarrollo infantil,controles nuevos en ninos menores de 2 anos,2006-01-01,10,10,8,18
CALAMARCA,nutricion y desarrollo infantil,controles nuevos en ninos menores de 2 anos,2006-01-01,11,11,14,25
CAMARGO,nutricion y desarrollo infantil,controles nuevos en ninos menores de 2 anos,2006-01-01,244,244,243,487
CAMATAQUI (C. VILLA ABECIA),nutricion y desarrollo infantil,controles nuevos en ninos menores de 2 anos,2006-01-01,49,49,40,89
CAMIRI,nutricion y desarrollo infantil,controles nuevos en ninos menores de 2 anos,2006-01-01,48,48,54,102
CAPINOTA,nutricion y desarrollo infantil,controles nuevos en ninos menores de 2 anos,2006-01-01,25,25,28,53
CAQUIAVIRI,nutricion y desarrollo infantil,controles nuevos en ninos menores de 2 anos,2006-01-01,4,4,9,13
CARACOLLO,nutricion y desarrollo infantil,controles nuevos en ninos menores de 2 anos,2006-01-01,15,15,19,34
CARANAVI,nutricion y desarrollo infantil,controles nuevos en ninos menores de 2 anos,2006-01-01,102,102,102,204
CARANGAS,nutricion y desarrollo infantil,controles nuevos en ninos menores de 2 anos,2006-01-01,4,4,2,6
CARAPARI,nutricion y desarrollo infantil,controles nuevos en ninos menores de 2 anos,2006-01-01,9,9,4,13
CARIPUYO,nutricion y desarrollo infantil,controles nuevos en ninos menores de 2 anos,2006-01-01,17,17,17,34
CARMEN RIVERO TORREZ,nutricion y desarrollo infantil,controles nuevos en ninos menores de 2 anos,2006-01-01,9,9,6,15
CATACORA,nutricion y desarrollo infantil,controles nuevos en ninos menores de 2 anos,2006-01-01,1,1,0,1
CHALLAPATA,nutricion y desarrollo infantil,controles nuevos en ninos menores de 2 anos,2006-01-01,104,104,97,201
CHAQUI,nutricion y desarrollo infantil,controles nuevos en ninos menores de 2 anos,2006-01-01,6,6,3,9
CHARAGUA,nutricion y desarrollo infantil,controles nuevos en ninos menores de 2 anos,2006-01-01,32,32,33,65
CHARAÑA,nutricion y desarrollo infantil,controles nuevos en ninos menores de 2 anos,2006-01-01,1,1,1,2
CHAYANTA,nutricion y desarrollo infantil,controles nuevos en ninos menores de 2 anos,2006-01-01,17,17,13,30
CHIMORE,nutricion y desarrollo infantil,controles nuevos en ninos menores de 2 anos,2006-01-01,15,15,14,29
CHIPAYA,nutricion y desarrollo infantil,controles nuevos en ninos menores de 2 anos,2006-01-01,4,4,4,8
CHOQUE COTA,nutricion y desarrollo infantil,controles nuevos en ninos menores de 2 anos,2006-01-01,1,1,4,5
CHULUMANI (V. DE LA LIBERTAD),nutricion y desarrollo infantil,controles nuevos en ninos menores de 2 anos,2006-01-01,27,27,20,47
CHUMA,nutricion y desarrollo infantil,controles nuevos en ninos menores de 2 anos,2006-01-01,11,11,11,22
CLIZA,nutricion y desarrollo infantil,controles nuevos en ninos menores de 2 anos,2006-01-01,60,60,48,108
COBIJA,nutricion y desarrollo infantil,controles nuevos en ninos menores de 2 anos,2006-01-01,33,33,32,65
COCHABAMBA,nutricion y desarrollo infantil,controles nuevos en ninos menores de 2 anos,2006-01-01,2036,2036,1757,3793
COLCAPIRHUA,nutricion y desarrollo infantil,controles nuevos en ninos menores de 2 anos,2006-01-01,199,199,231,430
"COLCHA ""K""",nutricion y desarrollo infantil,controles nuevos en ninos menores de 2 anos,2006-01-01,4,4,5,9
COLLANA,nutricion y desarrollo infantil,controles nuevos en ninos menores de 2 anos,2006-01-01,2,2,1,3
COLOMI,nutricion y desarrollo infantil,controles nuevos en ninos menores de 2 anos,2006-01-01,129,129,98,227
COLPA BELGICA,nutricion y desarrollo infantil,controles nuevos en ninos menores de 2 anos,2006-01-01,6,6,13,19
COLQUECHACA,nutricion y desarrollo infantil,controles nuevos en ninos menores de 2 anos,2006-01-01,31,31,34,65
COLQUENCHA,nutricion y desarrollo infantil,controles nuevos en ninos menores de 2 anos,2006-01-01,6,6,12,18
COLQUIRI,nutricion y desarrollo infantil,controles nuevos en ninos menores de 2 anos,2006-01-01,171,171,158,329
COMANCHE,nutricion y desarrollo infantil,controles nuevos en ninos menores de 2 anos,2006-01-01,10,10,3,13
COMARAPA,nutricion y desarrollo infantil,controles nuevos en ninos menores de 2 anos,2006-01-01,27,27,26,53
COMBAYA,nutricion y desarrollo infantil,controles nuevos en ninos menores de 2 anos,2006-01-01,5,5,6,11
CONCEPCION,nutricion y desarrollo infantil,controles nuevos en ninos menores de 2 anos,2006-01-01,25,25,20,45
COPACABANA,nutricion y desarrollo infantil,controles nuevos en ninos menores de 2 anos,2006-01-01,20,20,27,47
CORIPATA,nutricion y desarrollo infantil,controles nuevos en ninos menores de 2 anos,2006-01-01,39,39,25,64
CORO CORO,nutricion y desarrollo infantil,controles nuevos en ninos menores de 2 anos,2006-01-01,4,4,4,8
COROICO,nutricion y desarrollo infantil,controles nuevos en ninos menores de 2 anos,2006-01-01,62,62,62,124
CORQUE,nutricion y desarrollo infantil,controles nuevos en ninos menores de 2 anos,2006-01-01,20,20,13,33
COTAGAITA,nutricion y desarrollo infantil,controles nuevos en ninos menores de 2 anos,2006-01-01,43,43,46,89
COTOCA,nutricion y desarrollo infantil,controles nuevos en ninos menores de 2 anos,2006-01-01,81,81,57,138
CUATRO CAÑADAS,nutricion y desarrollo infantil,controles nuevos en ninos menores de 2 anos,2006-01-01,50,50,48,98
CUCHUMUELA (V. G. VILLARROEL),nutricion y desarrollo infantil,controles nuevos en ninos menores de 2 anos,2006-01-01,2,2,0,2
CUEVO,nutricion y desarrollo infantil,controles nuevos en ninos menores de 2 anos,2006-01-01,1,1,3,4
CULPINA,nutricion y desarrollo infantil,controles nuevos en ninos menores de 2 anos,2006-01-01,289,289,249,538
CURAHUARA DE CARANGAS,nutricion y desarrollo infantil,controles nuevos en ninos menores de 2 anos,2006-01-01,3,3,4,7
CURVA,nutricion y desarrollo infantil,controles nuevos en ninos menores de 2 anos,2006-01-01,6,6,5,11
DESAGUADERO,nutricion y desarrollo infantil,controles nuevos en ninos menores de 2 anos,2006-01-01,8,8,8,16
EL ALTO,nutricion y desarrollo infantil,controles nuevos en ninos menores de 2 anos,2006-01-01,2271,2271,2152,4423
EL CHORO,nutricion y desarrollo infantil,controles nuevos en ninos menores de 2 anos,2006-01-01,3,3,1,4
EL PUENTE(STC),nutricion y desarrollo infantil,controles nuevos en ninos menores de 2 anos,2006-01-01,110,110,107,217
EL PUENTE(TJA),nutricion y desarrollo infantil,controles nuevos en ninos menores de 2 anos,2006-01-01,11,11,14,25
EL TORNO,nutricion y desarrollo infantil,controles nuevos en ninos menores de 2 anos,2006-01-01,59,59,48,107
EL VILLAR,nutricion y desarrollo infantil,controles nuevos en ninos menores de 2 anos,2006-01-01,87,87,70,157
ENTRE RIOS,nutricion y desarrollo infantil,controles nuevos en ninos menores de 2 anos,2006-01-01,109,109,110,219
ENTRE RIOS,nutricion y desarrollo infantil,controles nuevos en ninos menores de 2 anos,2006-01-01,13,13,19,32
EUCALIPTUS,nutricion y desarrollo infantil,controles nuevos en ninos menores de 2 anos,2006-01-01,6,6,6,12
EUREKA (SANTOS MERCADO),nutricion y desarrollo infantil,controles nuevos en ninos menores de 2 anos,2006-01-01,4,4,2,6
EXALTACION,nutricion y desarrollo infantil,controles nuevos en ninos menores de 2 anos,2006-01-01,0,0,1,1
FERNANDEZ ALONSO,nutricion y desarrollo infantil,controles nuevos en ninos menores de 2 anos,2006-01-01,15,15,15,30
FILADELFIA,nutricion y desarrollo infantil,controles nuevos en ninos menores de 2 anos,2006-01-01,22,22,22,44
GENERAL SAAVEDRA,nutricion y desarrollo infantil,controles nuevos en ninos menores de 2 anos,2006-01-01,77,77,67,144
GRAL. J.J. PEREZ (CHARAZANI),nutricion y desarrollo infantil,controles nuevos en ninos menores de 2 anos,2006-01-01,9,9,17,26
GUANAY,nutricion y desarrollo infantil,controles nuevos en ninos menores de 2 anos,2006-01-01,19,19,22,41
GUAQUI,nutricion y desarrollo infantil,controles nuevos en ninos menores de 2 anos,2006-01-01,9,9,5,14
GUAYARAMERIN,nutricion y desarrollo infantil,controles nuevos en ninos menores de 2 anos,2006-01-01,86,86,75,161
GUTIERREZ,nutricion y desarrollo infantil,controles nuevos en ninos menores de 2 anos,2006-01-01,118,118,142,260
HUACARETA,nutricion y desarrollo infantil,controles nuevos en ninos menores de 2 anos,2006-01-01,142,142,114,256
HUACAYA (VILLA DE HUACAYA),nutricion y desarrollo infantil,controles nuevos en ninos menores de 2 anos,2006-01-01,56,56,42,98
HUACHACALLA,nutricion y desarrollo infantil,controles nuevos en ninos menores de 2 anos,2006-01-01,5,5,0,5
HUANUNI,nutricion y desarrollo infantil,controles nuevos en ninos menores de 2 anos,2006-01-01,206,206,182,388
HUARACAJE,nutricion y desarrollo infantil,controles nuevos en ninos menores de 2 anos,2006-01-01,2,2,3,5
HUAYLLAMARCA,nutricion y desarrollo infantil,controles nuevos en ninos menores de 2 anos,2006-01-01,24,24,19,43
ICHOCA,nutricion y desarrollo infantil,controles nuevos en ninos menores de 2 anos,2006-01-01,38,38,31,69
ICLA,nutricion y desarrollo infantil,controles nuevos en ninos menores de 2 anos,2006-01-01,195,195,186,381
INCAHUASI,nutricion y desarrollo infantil,controles nuevos en ninos menores de 2 anos,2006-01-01,328,328,294,622
INGAVI (HUMAITA),nutricion y desarrollo infantil,controles nuevos en ninos menores de 2 anos,2006-01-01,0,0,1,1
INQUISIVI,nutricion y desarrollo infantil,controles nuevos en ninos menores de 2 anos,2006-01-01,168,168,193,361
IRUPANA (VILLA DE LANZA),nutricion y desarrollo infantil,controles nuevos en ninos menores de 2 anos,2006-01-01,11,11,8,19
IXIAMAS,nutricion y desarrollo infantil,controles nuevos en ninos menores de 2 anos,2006-01-01,10,10,1,11
JESUS DE MACHACA,nutricion y desarrollo infantil,controles nuevos en ninos menores de 2 anos,2006-01-01,6,6,5,11
LA ASUNTA,nutricion y desarrollo infantil,controles nuevos en ninos menores de 2 anos,2006-01-01,43,43,49,92
LA GUARDIA,nutricion y desarrollo infantil,controles nuevos en ninos menores de 2 anos,2006-01-01,240,240,220,460
LA PAZ,nutricion y desarrollo infantil,controles nuevos en ninos menores de 2 anos,2006-01-01,1401,1401,1213,2614
LA RIVERA,nutricion y desarrollo infantil,controles nuevos en ninos menores de 2 anos,2006-01-01,0,0,1,1
LAGUNILLAS,nutricion y desarrollo infantil,controles nuevos en ninos menores de 2 anos,2006-01-01,8,8,12,20
LAJA,nutricion y desarrollo infantil,controles nuevos en ninos menores de 2 anos,2006-01-01,11,11,15,26
LAS CARRERAS,nutricion y desarrollo infantil,controles nuevos en ninos menores de 2 anos,2006-01-01,63,63,62,125
LICOMA PAMPA,nutricion y desarrollo infantil,controles nuevos en ninos menores de 2 anos,2006-01-01,38,38,26,64
LLALLAGUA,nutricion y desarrollo infantil,controles nuevos en ninos menores de 2 anos,2006-01-01,62,62,56,118
LLICA,nutricion y desarrollo infantil,controles nuevos en ninos menores de 2 anos,2006-01-01,5,5,3,8
LORETO,nutricion y desarrollo infantil,controles nuevos en ninos menores de 2 anos,2006-01-01,41,41,42,83
LURIBAY,nutricion y desarrollo infantil,controles nuevos en ninos menores de 2 anos,2006-01-01,8,8,6,14
MACHACAMARCA,nutricion y desarrollo infantil,controles nuevos en ninos menores de 2 anos,2006-01-01,0,0,3,3
MACHARETI,nutricion y desarrollo infantil,controles nuevos en ninos menores de 2 anos,2006-01-01,89,89,95,184
MAGDALENA,nutricion y desarrollo infantil,controles nuevos en ninos menores de 2 anos,2006-01-01,9,9,7,16
MAIRANA,nutricion y desarrollo infantil,controles nuevos en ninos menores de 2 anos,2006-01-01,11,11,7,18
MALLA,nutricion y desarrollo infantil,controles nuevos en ninos menores de 2 anos,2006-01-01,3,3,1,4
MAPIRI,nutricion y desarrollo infantil,controles nuevos en ninos menores de 2 anos,2006-01-01,15,15,6,21
MECAPACA,nutricion y desarrollo infantil,controles nuevos en ninos menores de 2 anos,2006-01-01,16,16,15,31
MINEROS,nutricion y desarrollo infantil,controles nuevos en ninos menores de 2 anos,2006-01-01,25,25,23,48
MIZQUE,nutricion y desarrollo infantil,controles nuevos en ninos menores de 2 anos,2006-01-01,60,60,110,170
MOCOMOCO,nutricion y desarrollo infantil,controles nuevos en ninos menores de 2 anos,2006-01-01,11,11,12,23
MOJINETE,nutricion y desarrollo infantil,controles nuevos en ninos menores de 2 anos,2006-01-01,2,2,1,3
MOJOCOYA,nutricion y desarrollo infantil,controles nuevos en ninos menores de 2 anos,2006-01-01,110,110,88,198
MONTEAGUDO,nutricion y desarrollo infantil,controles nuevos en ninos menores de 2 anos,2006-01-01,342,342,346,688
MONTERO,nutricion y desarrollo infantil,controles nuevos en ninos menores de 2 anos,2006-01-01,114,114,90,204
MORO MORO,nutricion y desarrollo infantil,controles nuevos en ninos menores de 2 anos,2006-01-01,3,3,1,4
MOROCHATA,nutricion y desarrollo infantil,controles nuevos en ninos menores de 2 anos,2006-01-01,112,112,106,218
NACEBE (SANTA ROSA DEL ABUNA),nutricion y desarrollo infantil,controles nuevos en ninos menores de 2 anos,2006-01-01,1,1,1,2
NUEVO MANOA (NUEVA ESPERANZA),nutricion y desarrollo infantil,controles nuevos en ninos menores de 2 anos,2006-01-01,19,19,6,25
OCURI,nutricion y desarrollo infantil,controles nuevos en ninos menores de 2 anos,2006-01-01,11,11,20,31
OKINAWA,nutricion y desarrollo infantil,controles nuevos en ninos menores de 2 anos,2006-01-01,111,111,131,242
OMEREQUE,nutricion y desarrollo infantil,controles nuevos en ninos menores de 2 anos,2006-01-01,9,9,4,13
ORURO,nutricion y desarrollo infantil,controles nuevos en ninos menores de 2 anos,2006-01-01,761,761,790,1551
PADCAYA,nutricion y desarrollo infantil,controles nuevos en ninos menores de 2 anos,2006-01-01,29,29,24,53
PADILLA,nutricion y desarrollo infantil,controles nuevos en ninos menores de 2 anos,2006-01-01,170,170,177,347
PAILON,nutricion y desarrollo infantil,controles nuevos en ninos menores de 2 anos,2006-01-01,4,4,10,14
PALCA,nutricion y desarrollo infantil,controles nuevos en ninos menores de 2 anos,2006-01-01,11,11,20,31
PALOS BLANCOS,nutricion y desarrollo infantil,controles nuevos en ninos menores de 2 anos,2006-01-01,50,50,35,85
PAMPA AULLAGAS,nutricion y desarrollo infantil,controles nuevos en ninos menores de 2 anos,2006-01-01,6,6,1,7
PAMPA GRANDE,nutricion y desarrollo infantil,controles nuevos en ninos menores de 2 anos,2006-01-01,6,6,9,15
PAPEL PAMPA,nutricion y desarrollo infantil,controles nuevos en ninos menores de 2 anos,2006-01-01,8,8,5,13
PASORAPA,nutricion y desarrollo infantil,controles nuevos en ninos menores de 2 anos,2006-01-01,4,4,1,5
PATACAMAYA,nutricion y desarrollo infantil,controles nuevos en ninos menores de 2 anos,2006-01-01,39,39,50,89
PAZÑA,nutricion y desarrollo infantil,controles nuevos en ninos menores de 2 anos,2006-01-01,7,7,2,9
PELECHUCO,nutricion y desarrollo infantil,controles nuevos en ninos menores de 2 anos,2006-01-01,10,10,3,13
POCOATA,nutricion y desarrollo infantil,controles nuevos en ninos menores de 2 anos,2006-01-01,12,12,22,34
POCONA,nutricion y desarrollo infantil,controles nuevos en ninos menores de 2 anos,2006-01-01,54,54,38,92
POJO (CBBA),nutricion y desarrollo infantil,controles nuevos en ninos menores de 2 anos,2006-01-01,11,11,19,30
POOPO,nutricion y desarrollo infantil,controles nuevos en ninos menores de 2 anos,2006-01-01,28,28,34,62
PORCO,nutricion y desarrollo infantil,controles nuevos en ninos menores de 2 anos,2006-01-01,9,9,12,21
POROMA,nutricion y desarrollo infantil,controles nuevos en ninos menores de 2 anos,2006-01-01,104,104,115,219
PORONGO,nutricion y desarrollo infantil,controles nuevos en ninos menores de 2 anos,2006-01-01,15,15,15,30
PORTACHUELO,nutricion y desarrollo infantil,controles nuevos en ninos menores de 2 anos,2006-01-01,102,102,79,181
PORVENIR,nutricion y desarrollo infantil,controles nuevos en ninos menores de 2 anos,2006-01-01,5,5,7,12
POSTRER VALLE,nutricion y desarrollo infantil,controles nuevos en ninos menores de 2 anos,2006-01-01,1,1,1,2
POTOSI,nutricion y desarrollo infantil,controles nuevos en ninos menores de 2 anos,2006-01-01,456,456,404,860
PRESTO,nutricion y desarrollo infantil,controles nuevos en ninos menores de 2 anos,2006-01-01,121,121,97,218
PUCARA,nutricion y desarrollo infantil,controles nuevos en ninos menores de 2 anos,2006-01-01,0,0,1,1
PUCARANI,nutricion y desarrollo infantil,controles nuevos en ninos menores de 2 anos,2006-01-01,35,35,40,75
PUERTO ACOSTA,nutricion y desarrollo infantil,controles nuevos en ninos menores de 2 anos,2006-01-01,45,45,38,83
PUERTO CARABUCO,nutricion y desarrollo infantil,controles nuevos en ninos menores de 2 anos,2006-01-01,19,19,15,34
PUERTO GONZALO MORENO,nutricion y desarrollo infantil,controles nuevos en ninos menores de 2 anos,2006-01-01,1,1,3,4
PUERTO PEREZ,nutricion y desarrollo infantil,controles nuevos en ninos menores de 2 anos,2006-01-01,18,18,8,26
PUERTO QUIJARRO,nutricion y desarrollo infantil,controles nuevos en ninos menores de 2 anos,2006-01-01,25,25,21,46
PUERTO RICO,nutricion y desarrollo infantil,controles nuevos en ninos menores de 2 anos,2006-01-01,10,10,13,23
PUERTO SILES,nutricion y desarrollo infantil,controles nuevos en ninos menores de 2 anos,2006-01-01,11,11,10,21
PUERTO SUAREZ,nutricion y desarrollo infantil,controles nuevos en ninos menores de 2 anos,2006-01-01,23,23,29,52
PUERTO VILLARROEL,nutricion y desarrollo infantil,controles nuevos en ninos menores de 2 anos,2006-01-01,79,79,74,153
PUNA,nutricion y desarrollo infantil,controles nuevos en ninos menores de 2 anos,2006-01-01,41,41,40,81
PUNATA,nutricion y desarrollo infantil,controles nuevos en ninos menores de 2 anos,2006-01-01,163,163,183,346
QUIABAYA,nutricion y desarrollo infantil,controles nuevos en ninos menores de 2 anos,2006-01-01,1,1,2,3
QUILLACOLLO,nutricion y desarrollo infantil,controles nuevos en ninos menores de 2 anos,2006-01-01,622,622,459,1081
QUIME,nutricion y desarrollo infantil,controles nuevos en ninos menores de 2 anos,2006-01-01,109,109,120,229
QUIRUSILLAS,nutricion y desarrollo infantil,controles nuevos en ninos menores de 2 anos,2006-01-01,0,0,2,2
RAVELO,nutricion y desarrollo infantil,controles nuevos en ninos menores de 2 anos,2006-01-01,15,15,14,29
REYES,nutricion y desarrollo infantil,controles nuevos en ninos menores de 2 anos,2006-01-01,13,13,18,31
RIBERALTA,nutricion y desarrollo infantil,controles nuevos en ninos menores de 2 anos,2006-01-01,145,145,127,272
ROBORE,nutricion y desarrollo infantil,controles nuevos en ninos menores de 2 anos,2006-01-01,43,43,45,88
RURRENABAQUE,nutricion y desarrollo infantil,controles nuevos en ninos menores de 2 anos,2006-01-01,20,20,20,40
SABAYA,nutricion y desarrollo infantil,controles nuevos en ninos menores de 2 anos,2006-01-01,7,7,5,12
SACABA,nutricion y desarrollo infantil,controles nuevos en ninos menores de 2 anos,2006-01-01,624,624,504,1128
SACABAMBA,nutricion y desarrollo infantil,controles nuevos en ninos menores de 2 anos,2006-01-01,35,35,22,57
SACACA,nutricion y desarrollo infantil,controles nuevos en ninos menores de 2 anos,2006-01-01,16,16,12,28
SAIPINA,nutricion y desarrollo infantil,controles nuevos en ninos menores de 2 anos,2006-01-01,14,14,3,17
SALINAS DE GARCI MENDOZA,nutricion y desarrollo infantil,controles nuevos en ninos menores de 2 anos,2006-01-01,14,14,4,18
SAMAIPATA,nutricion y desarrollo infantil,controles nuevos en ninos menores de 2 anos,2006-01-01,8,8,2,10
SAN AGUSTIN,nutricion y desarrollo infantil,controles nuevos en ninos menores de 2 anos,2006-01-01,1,1,1,2
SAN ANDRES,nutricion y desarrollo infantil,controles nuevos en ninos menores de 2 anos,2006-01-01,55,55,57,112
SAN ANDRES DE MACHACA,nutricion y desarrollo infantil,controles nuevos en ninos menores de 2 anos,2006-01-01,5,5,3,8
SAN ANTONIO DE ESMORUCO,nutricion y desarrollo infantil,controles nuevos en ninos menores de 2 anos,2006-01-01,0,0,3,3
SAN ANTONIO DE LOMERIO,nutricion y desarrollo infantil,controles nuevos en ninos menores de 2 anos,2006-01-01,8,8,4,12
SAN BENITO,nutricion y desarrollo infantil,controles nuevos en ninos menores de 2 anos,2006-01-01,31,31,36,67
SAN BORJA,nutricion y desarrollo infantil,controles nuevos en ninos menores de 2 anos,2006-01-01,62,62,58,120
SAN BUENA VENTURA,nutricion y desarrollo infantil,controles nuevos en ninos menores de 2 anos,2006-01-01,5,5,7,12
SAN CARLOS,nutricion y desarrollo infantil,controles nuevos en ninos menores de 2 anos,2006-01-01,22,22,23,45
SAN IGNACIO,nutricion y desarrollo infantil,controles nuevos en ninos menores de 2 anos,2006-01-01,48,48,34,82
SAN IGNACIO DE VELASCO,nutricion y desarrollo infantil,controles nuevos en ninos menores de 2 anos,2006-01-01,50,50,48,98
SAN JAVIER(BNI),nutricion y desarrollo infantil,controles nuevos en ninos menores de 2 anos,2006-01-01,11,11,4,15
SAN JAVIER(STC),nutricion y desarrollo infantil,controles nuevos en ninos menores de 2 anos,2006-01-01,22,22,15,37
SAN JOSE DE CHIQUITOS,nutricion y desarrollo infantil,controles nuevos en ninos menores de 2 anos,2006-01-01,7,7,17,24
SAN JUAN DE YAPACANI,nutricion y desarrollo infantil,controles nuevos en ninos menores de 2 anos,2006-01-01,15,15,13,28
SAN JULIAN,nutricion y desarrollo infantil,controles nuevos en ninos menores de 2 anos,2006-01-01,76,76,89,165
SAN LORENZO(PND),nutricion y desarrollo infantil,controles nuevos en ninos menores de 2 anos,2006-01-01,7,7,5,12
SAN LORENZO(TJA),nutricion y desarrollo infantil,controles nuevos en ninos menores de 2 anos,2006-01-01,27,27,27,54
SAN LUCAS,nutricion y desarrollo infantil,controles nuevos en ninos menores de 2 anos,2006-01-01,493,493,495,988
SAN MATIAS,nutricion y desarrollo infantil,controles nuevos en ninos menores de 2 anos,2006-01-01,15,15,15,30
SAN MIGUEL DE VELASCO,nutricion y desarrollo infantil,controles nuevos en ninos menores de 2 anos,2006-01-01,9,9,6,15
SAN PABLO DE LIPEZ,nutricion y desarrollo infantil,controles nuevos en ninos menores de 2 anos,2006-01-01,6,6,1,7
SAN PEDRO,nutricion y desarrollo infantil,controles nuevos en ninos menores de 2 anos,2006-01-01,25,25,34,59
SAN PEDRO DE BUENA VISTA,nutricion y desarrollo infantil,controles nuevos en ninos menores de 2 anos,2006-01-01,20,20,17,37
SAN PEDRO DE CURAHUARA,nutricion y desarrollo infantil,controles nuevos en ninos menores de 2 anos,2006-01-01,6,6,5,11
SAN PEDRO DE TIQUINA,nutricion y desarrollo infantil,controles nuevos en ninos menores de 2 anos,2006-01-01,1,1,1,2
SAN PEDRO(PND),nutricion y desarrollo infantil,controles nuevos en ninos menores de 2 anos,2006-01-01,16,16,9,25
SAN RAFAEL,nutricion y desarrollo infantil,controles nuevos en ninos menores de 2 anos,2006-01-01,7,7,8,15
SAN RAMON,nutricion y desarrollo infantil,controles nuevos en ninos menores de 2 anos,2006-01-01,42,42,39,81
SAN RAMON,nutricion y desarrollo infantil,controles nuevos en ninos menores de 2 anos,2006-01-01,4,4,8,12
SANTA ANA,nutricion y desarrollo infantil,controles nuevos en ninos menores de 2 anos,2006-01-01,40,40,26,66
SANTA CRUZ DE LA SIERRA,nutricion y desarrollo infantil,controles nuevos en ninos menores de 2 anos,2006-01-01,3448,3448,2915,6363
SANTA ROSA,nutricion y desarrollo infantil,controles nuevos en ninos menores de 2 anos,2006-01-01,10,10,11,21
SANTA ROSA DEL SARA,nutricion y desarrollo infantil,controles nuevos en ninos menores de 2 anos,2006-01-01,13,13,22,35
SANTIAGO DE CALLAPA,nutricion y desarrollo infantil,controles nuevos en ninos menores de 2 anos,2006-01-01,3,3,3,6
SANTIAGO DE HUARI,nutricion y desarrollo infantil,controles nuevos en ninos menores de 2 anos,2006-01-01,6,6,7,13
SANTIVAÑES,nutricion y desarrollo infantil,controles nuevos en ninos menores de 2 anos,2006-01-01,5,5,3,8
SANTUARIO DE QUILLACAS,nutricion y desarrollo infantil,controles nuevos en ninos menores de 2 anos,2006-01-01,3,3,0,3
SAPAHAQUI,nutricion y desarrollo infantil,controles nuevos en ninos menores de 2 anos,2006-01-01,8,8,16,24
SENA,nutricion y desarrollo infantil,controles nuevos en ninos menores de 2 anos,2006-01-01,3,3,1,4
SICA SICA (VILLA AROMA),nutricion y desarrollo infantil,controles nuevos en ninos menores de 2 anos,2006-01-01,19,19,16,35
SICAYA,nutricion y desarrollo infantil,controles nuevos en ninos menores de 2 anos,2006-01-01,3,3,2,5
SIPE SIPE,nutricion y desarrollo infantil,controles nuevos en ninos menores de 2 anos,2006-01-01,210,210,178,388
SOPACHUY,nutricion y desarrollo infantil,controles nuevos en ninos menores de 2 anos,2006-01-01,147,147,152,299
SORACACHI,nutricion y desarrollo infantil,controles nuevos en ninos menores de 2 anos,2006-01-01,6,6,14,20
SORATA,nutricion y desarrollo infantil,controles nuevos en ninos menores de 2 anos,2006-01-01,32,32,32,64
SUCRE,nutricion y desarrollo infantil,controles nuevos en ninos menores de 2 anos,2006-01-01,1457,1457,1472,2929
TACACOMA,nutricion y desarrollo infantil,controles nuevos en ninos menores de 2 anos,2006-01-01,9,9,6,15
TACOBAMBA,nutricion y desarrollo infantil,controles nuevos en ninos menores de 2 anos,2006-01-01,8,8,9,17
TACOPAYA,nutricion y desarrollo infantil,controles nuevos en ninos menores de 2 anos,2006-01-01,11,11,14,25
TAHUA,nutricion y desarrollo infantil,controles nuevos en ninos menores de 2 anos,2006-01-01,0,0,1,1
TAPACARI,nutricion y desarrollo infantil,controles nuevos en ninos menores de 2 anos,2006-01-01,24,24,36,60
TARABUCO,nutricion y desarrollo infantil,controles nuevos en ninos menores de 2 anos,2006-01-01,394,394,384,778
TARACO,nutricion y desarrollo infantil,controles nuevos en ninos menores de 2 anos,2006-01-01,11,11,12,23
TARATA,nutricion y desarrollo infantil,controles nuevos en ninos menores de 2 anos,2006-01-01,19,19,9,28
TARIJA,nutricion y desarrollo infantil,controles nuevos en ninos menores de 2 anos,2006-01-01,587,587,591,1178
TARVITA,nutricion y desarrollo infantil,controles nuevos en ninos menores de 2 anos,2006-01-01,269,269,263,532
TEOPONTE,nutricion y desarrollo infantil,controles nuevos en ninos menores de 2 anos,2006-01-01,4,4,8,12
TIAWANACU,nutricion y desarrollo infantil,controles nuevos en ninos menores de 2 anos,2006-01-01,12,12,8,20
TINGUIPAYA,nutricion y desarrollo infantil,controles nuevos en ninos menores de 2 anos,2006-01-01,37,37,38,75
TIPUANI,nutricion y desarrollo infantil,controles nuevos en ninos menores de 2 anos,2006-01-01,10,10,12,22
TIQUIPAYA,nutricion y desarrollo infantil,controles nuevos en ninos menores de 2 anos,2006-01-01,66,66,49,115
TIRAQUE (CBBA),nutricion y desarrollo infantil,controles nuevos en ninos menores de 2 anos,2006-01-01,466,466,363,829
TITO YUPANQUI (PARQUIPUJIO),nutricion y desarrollo infantil,controles nuevos en ninos menores de 2 anos,2006-01-01,1,1,2,3
TOCO,nutricion y desarrollo infantil,controles nuevos en ninos menores de 2 anos,2006-01-01,9,9,5,14
TODOS SANTOS,nutricion y desarrollo infantil,controles nuevos en ninos menores de 2 anos,2006-01-01,1,1,1,2
TOLATA,nutricion y desarrollo infantil,controles nuevos en ninos menores de 2 anos,2006-01-01,26,26,24,50
TOLEDO,nutricion y desarrollo infantil,controles nuevos en ninos menores de 2 anos,2006-01-01,6,6,1,7
TOMAVE,nutricion y desarrollo infantil,controles nuevos en ninos menores de 2 anos,2006-01-01,7,7,13,20
TOMINA,nutricion y desarrollo infantil,controles nuevos en ninos menores de 2 anos,2006-01-01,169,169,172,341
TORO TORO,nutricion y desarrollo infantil,controles nuevos en ninos menores de 2 anos,2006-01-01,7,7,13,20
TOTORA(CBBA),nutricion y desarrollo infantil,controles nuevos en ninos menores de 2 anos,2006-01-01,32,32,38,70
TOTORA(ORR),nutricion y desarrollo infantil,controles nuevos en ninos menores de 2 anos,2006-01-01,6,6,6,12
TRIGAL,nutricion y desarrollo infantil,controles nuevos en ninos menores de 2 anos,2006-01-01,1,1,3,4
TRINIDAD,nutricion y desarrollo infantil,controles nuevos en ninos menores de 2 anos,2006-01-01,561,561,535,1096
TUPIZA,nutricion y desarrollo infantil,controles nuevos en ninos menores de 2 anos,2006-01-01,32,32,30,62
TURCO,nutricion y desarrollo infantil,controles nuevos en ninos menores de 2 anos,2006-01-01,7,7,2,9
UMALA,nutricion y desarrollo infantil,controles nuevos en ninos menores de 2 anos,2006-01-01,5,5,6,11
UNCIA,nutricion y desarrollo infantil,controles nuevos en ninos menores de 2 anos,2006-01-01,27,27,21,48
URIONDO (A. CONCEPCION),nutricion y desarrollo infantil,controles nuevos en ninos menores de 2 anos,2006-01-01,23,23,21,44
UYUNI,nutricion y desarrollo infantil,controles nuevos en ninos menores de 2 anos,2006-01-01,15,15,11,26
VACAS,nutricion y desarrollo infantil,controles nuevos en ninos menores de 2 anos,2006-01-01,20,20,20,40
VALLEGRANDE,nutricion y desarrollo infantil,controles nuevos en ninos menores de 2 anos,2006-01-01,8,8,11,19
VIACHA,nutricion y desarrollo infantil,controles nuevos en ninos menores de 2 anos,2006-01-01,45,45,39,84
VILA VILA,nutricion y desarrollo infantil,controles nuevos en ninos menores de 2 anos,2006-01-01,4,4,0,4
VILLA MONTES,nutricion y desarrollo infantil,controles nuevos en ninos menores de 2 anos,2006-01-01,76,76,51,127
VILLA NUEVA (LOMA ALTA),nutricion y desarrollo infantil,controles nuevos en ninos menores de 2 anos,2006-01-01,8,8,10,18
VILLA RIVERO,nutricion y desarrollo infantil,controles nuevos en ninos menores de 2 anos,2006-01-01,7,7,7,14
VILLA SERRANO,nutricion y desarrollo infantil,controles nuevos en ninos menores de 2 anos,2006-01-01,183,183,147,330
VILLA TUNARI,nutricion y desarrollo infantil,controles nuevos en ninos menores de 2 anos,2006-01-01,246,246,216,462
VILLA VACA GUZMAN (MUYUPAMPA),nutricion y desarrollo infantil,controles nuevos en ninos menores de 2 anos,2006-01-01,153,153,125,278
VILLAZON,nutricion y desarrollo infantil,controles nuevos en ninos menores de 2 anos,2006-01-01,60,60,71,131
VINTO,nutricion y desarrollo infantil,controles nuevos en ninos menores de 2 anos,2006-01-01,79,79,60,139
VITICHI,nutricion y desarrollo infantil,controles nuevos en ninos menores de 2 anos,2006-01-01,6,6,9,15
WARNES,nutricion y desarrollo infantil,controles nuevos en ninos menores de 2 anos,2006-01-01,229,229,227,456
YACO,nutricion y desarrollo infantil,controles nuevos en ninos menores de 2 anos,2006-01-01,10,10,8,18
YACUIBA,nutricion y desarrollo infantil,controles nuevos en ninos menores de 2 anos,2006-01-01,89,89,82,171
YAMPARAEZ,nutricion y desarrollo infantil,controles nuevos en ninos menores de 2 anos,2006-01-01,151,151,144,295
YANACACHI,nutricion y desarrollo infantil,controles nuevos en ninos menores de 2 anos,2006-01-01,8,8,1,9
YAPACANI,nutricion y desarrollo infantil,controles nuevos en ninos menores de 2 anos,2006-01-01,46,46,45,91
YOCALLA,nutricion y desarrollo infantil,controles nuevos en ninos menores de 2 anos,2006-01-01,1,1,2,3
YOTALA,nutricion y desarrollo infantil,controles nuevos en ninos menores de 2 anos,2006-01-01,81,81,83,164
YUNCHARA,nutricion y desarrollo infantil,controles nuevos en ninos menores de 2 anos,2006-01-01,19,19,8,27
ZUDAÑEZ,nutricion y desarrollo infantil,controles nuevos en ninos menores de 2 anos,2006-01-01,133,133,83,216
ACACIO,nutricion y desarrollo infantil,controles nuevos en ninos menores de 2 anos,2006-02-01,10,10,11,21
ACHACACHI,nutricion y desarrollo infantil,controles nuevos en ninos menores de 2 anos,2006-02-01,108,108,113,221
ACHOCALLA,nutricion y desarrollo infantil,controles nuevos en ninos menores de 2 anos,2006-02-01,9,9,14,23
AIQUILE,nutricion y desarrollo infantil,controles nuevos en ninos menores de 2 anos,2006-02-01,28,28,27,55
ALALAY,nutricion y desarrollo infantil,controles nuevos en ninos menores de 2 anos,2006-02-01,8,8,8,16
ALCALA,nutricion y desarrollo infantil,controles nuevos en ninos menores de 2 anos,2006-02-01,1,1,5,6
ANCORAIMES,nutricion y desarrollo infantil,controles nuevos en ninos menores de 2 anos,2006-02-01,15,15,20,35
ANDAMARCA,nutricion y desarrollo infantil,controles nuevos en ninos menores de 2 anos,2006-02-01,1,1,3,4
ANTEQUERA,nutricion y desarrollo infantil,controles nuevos en ninos menores de 2 anos,2006-02-01,4,4,4,8
ANZALDO,nutricion y desarrollo infantil,controles nuevos en ninos menores de 2 anos,2006-02-01,2,2,6,8
APOLO,nutricion y desarrollo infantil,controles nuevos en ninos menores de 2 anos,2006-02-01,21,21,21,42
ARAMPAMPA,nutricion y desarrollo infantil,controles nuevos en ninos menores de 2 anos,2006-02-01,5,5,4,9
ARANI,nutricion y desarrollo infantil,controles nuevos en ninos menores de 2 anos,2006-02-01,41,41,49,90
ARBIETO,nutricion y desarrollo infantil,controles nuevos en ninos menores de 2 anos,2006-02-01,22,22,17,39
ARQUE,nutricion y desarrollo infantil,controles nuevos en ninos menores de 2 anos,2006-02-01,14,14,21,35
ASCENCION DE GUARAYOS,nutricion y desarrollo infantil,controles nuevos en ninos menores de 2 anos,2006-02-01,310,310,327,637
ATOCHA,nutricion y desarrollo infantil,controles nuevos en ninos menores de 2 anos,2006-02-01,11,11,12,23
AUCAPATA,nutricion y desarrollo infantil,controles nuevos en ninos menores de 2 anos,2006-02-01,25,25,21,46
AYATA,nutricion y desarrollo infantil,controles nuevos en ninos menores de 2 anos,2006-02-01,14,14,13,27
AYO AYO,nutricion y desarrollo infantil,controles nuevos en ninos menores de 2 anos,2006-02-01,5,5,5,10
AYOPAYA (V. DE INDEPENDENCIA),nutricion y desarrollo infantil,controles nuevos en ninos menores de 2 anos,2006-02-01,69,69,49,118
AZURDUY,nutricion y desarrollo infantil,controles nuevos en ninos menores de 2 anos,2006-02-01,72,72,83,155
BATALLAS,nutricion y desarrollo infantil,controles nuevos en ninos menores de 2 anos,2006-02-01,21,21,23,44
BAURES,nutricion y desarrollo infantil,controles nuevos en ninos menores de 2 anos,2006-02-01,5,5,3,8
BELEN DE ANDAMARCA,nutricion y desarrollo infantil,controles nuevos en ninos menores de 2 anos,2006-02-01,3,3,1,4
BELEN DE URMIRI,nutricion y desarrollo infantil,controles nuevos en ninos menores de 2 anos,2006-02-01,1,1,1,2
BELLA FLOR,nutricion y desarrollo infantil,controles nuevos en ninos menores de 2 anos,2006-02-01,2,2,0,2
BERMEJO,nutricion y desarrollo infantil,controles nuevos en ninos menores de 2 anos,2006-02-01,38,38,45,83
BETANZOS,nutricion y desarrollo infantil,controles nuevos en ninos menores de 2 anos,2006-02-01,34,34,30,64
BOLIVAR,nutricion y desarrollo infantil,controles nuevos en ninos menores de 2 anos,2006-02-01,11,11,2,13
BOLPEBRA,nutricion y desarrollo infantil,controles nuevos en ninos menores de 2 anos,2006-02-01,3,3,3,6
BOYUIBE,nutricion y desarrollo infantil,controles nuevos en ninos menores de 2 anos,2006-02-01,6,6,4,10
BUENA VISTA,nutricion y desarrollo infantil,controles nuevos en ninos menores de 2 anos,2006-02-01,8,8,14,22
CABEZAS,nutricion y desarrollo infantil,controles nuevos en ninos menores de 2 anos,2006-02-01,20,20,22,42
CAIROMA,nutricion y desarrollo infantil,controles nuevos en ninos menores de 2 anos,2006-02-01,14,14,11,25
"CAIZA ""D""",nutricion y desarrollo infantil,controles nuevos en ninos menores de 2 anos,2006-02-01,20,20,22,42
CAJUATA,nutricion y desarrollo infantil,controles nuevos en ninos menores de 2 anos,2006-02-01,113,113,76,189
CALACOTO,nutricion y desarrollo infantil,controles nuevos en ninos menores de 2 anos,2006-02-01,5,5,1,6
CALAMARCA,nutricion y desarrollo infantil,controles nuevos en ninos menores de 2 anos,2006-02-01,14,14,11,25
CAMARGO,nutricion y desarrollo infantil,controles nuevos en ninos menores de 2 anos,2006-02-01,88,88,68,156
CAMATAQUI (C. VILLA ABECIA),nutricion y desarrollo infantil,controles nuevos en ninos menores de 2 anos,2006-02-01,11,11,6,17
CAMIRI,nutricion y desarrollo infantil,controles nuevos en ninos menores de 2 anos,2006-02-01,94,94,68,162
CAPINOTA,nutricion y desarrollo infantil,controles nuevos en ninos menores de 2 anos,2006-02-01,41,41,19,60
CAQUIAVIRI,nutricion y desarrollo infantil,controles nuevos en ninos menores de 2 anos,2006-02-01,6,6,8,14
CARACOLLO,nutricion y desarrollo infantil,controles nuevos en ninos menores de 2 anos,2006-02-01,22,22,10,32
CARANAVI,nutricion y desarrollo infantil,controles nuevos en ninos menores de 2 anos,2006-02-01,80,80,69,149
CARANGAS,nutricion y desarrollo infantil,controles nuevos en ninos menores de 2 anos,2006-02-01,2,2,1,3
CARAPARI,nutricion y desarrollo infantil,controles nuevos en ninos menores de 2 anos,2006-02-01,10,10,10,20
CARIPUYO,nutricion y desarrollo infantil,controles nuevos en ninos menores de 2 anos,2006-02-01,9,9,3,12
CARMEN RIVERO TORREZ,nutricion y desarrollo infantil,controles nuevos en ninos menores de 2 anos,2006-02-01,11,11,6,17
CATACORA,nutricion y desarrollo infantil,controles nuevos en ninos menores de 2 anos,2006-02-01,1,1,2,3
CHACARILLA,nutricion y desarrollo infantil,controles nuevos en ninos menores de 2 anos,2006-02-01,1,1,0,1
CHALLAPATA,nutricion y desarrollo infantil,controles nuevos en ninos menores de 2 anos,2006-02-01,23,23,21,44
CHAQUI,nutricion y desarrollo infantil,controles nuevos en ninos menores de 2 anos,2006-02-01,4,4,7,11
CHARAGUA,nutricion y desarrollo infantil,controles nuevos en ninos menores de 2 anos,2006-02-01,29,29,51,80
CHARAÑA,nutricion y desarrollo infantil,controles nuevos en ninos menores de 2 anos,2006-02-01,3,3,0,3
CHAYANTA,nutricion y desarrollo infantil,controles nuevos en ninos menores de 2 anos,2006-02-01,8,8,10,18
CHIMORE,nutricion y desarrollo infantil,controles nuevos en ninos menores de 2 anos,2006-02-01,18,18,19,37
CHIPAYA,nutricion y desarrollo infantil,controles nuevos en ninos menores de 2 anos,2006-02-01,0,0,1,1
CHULUMANI (V. DE LA LIBERTAD),nutricion y desarrollo infantil,controles nuevos en ninos menores de 2 anos,2006-02-01,21,21,14,35
CHUMA,nutricion y desarrollo infantil,controles nuevos en ninos menores de 2 anos,2006-02-01,13,13,13,26
CLIZA,nutricion y desarrollo infantil,controles nuevos en ninos menores de 2 anos,2006-02-01,114,114,66,180
COBIJA,nutricion y desarrollo infantil,controles nuevos en ninos menores de 2 anos,2006-02-01,28,28,30,58
COCHABAMBA,nutricion y desarrollo infantil,controles nuevos en ninos menores de 2 anos,2006-02-01,1547,1547,1323,2870
COIPASA,nutricion y desarrollo infantil,controles nuevos en ninos menores de 2 anos,2006-02-01,1,1,2,3
COLCAPIRHUA,nutricion y desarrollo infantil,controles nuevos en ninos menores de 2 anos,2006-02-01,168,168,176,344
"COLCHA ""K""",nutricion y desarrollo infantil,controles nuevos en ninos menores de 2 anos,2006-02-01,14,14,12,26
COLLANA,nutricion y desarrollo infantil,controles nuevos en ninos menores de 2 anos,2006-02-01,0,0,2,2
COLOMI,nutricion y desarrollo infantil,controles nuevos en ninos menores de 2 anos,2006-02-01,130,130,103,233
COLPA BELGICA,nutricion y desarrollo infantil,controles nuevos en ninos menores de 2 anos,2006-02-01,6,6,8,14
COLQUECHACA,nutricion y desarrollo infantil,controles nuevos en ninos menores de 2 anos,2006-02-01,43,43,47,90
COLQUENCHA,nutricion y desarrollo infantil,controles nuevos en ninos menores de 2 anos,2006-02-01,5,5,7,12
COLQUIRI,nutricion y desarrollo infantil,controles nuevos en ninos menores de 2 anos,2006-02-01,74,74,74,148
COMANCHE,nutricion y desarrollo infantil,controles nuevos en ninos menores de 2 anos,2006-02-01,6,6,2,8
COMARAPA,nutricion y desarrollo infantil,controles nuevos en ninos menores de 2 anos,2006-02-01,23,23,8,31
CONCEPCION,nutricion y desarrollo infantil,controles nuevos en ninos menores de 2 anos,2006-02-01,13,13,14,27
COPACABANA,nutricion y desarrollo infantil,controles nuevos en ninos menores de 2 anos,2006-02-01,19,19,13,32
CORIPATA,nutricion y desarrollo infantil,controles nuevos en ninos menores de 2 anos,2006-02-01,33,33,29,62
CORO CORO,nutricion y desarrollo infantil,controles nuevos en ninos menores de 2 anos,2006-02-01,9,9,14,23
COROICO,nutricion y desarrollo infantil,controles nuevos en ninos menores de 2 anos,2006-02-01,35,35,24,59
CORQUE,nutricion y desarrollo infantil,controles nuevos en ninos menores de 2 anos,2006-02-01,4,4,0,4
COTAGAITA,nutricion y desarrollo infantil,controles nuevos en ninos menores de 2 anos,2006-02-01,30,30,26,56
COTOCA,nutricion y desarrollo infantil,controles nuevos en ninos menores de 2 anos,2006-02-01,36,36,44,80
CUATRO CAÑADAS,nutricion y desarrollo infantil,controles nuevos en ninos menores de 2 anos,2006-02-01,59,59,33,92
CUCHUMUELA (V. G. VILLARROEL),nutricion y desarrollo infantil,controles nuevos en ninos menores de 2 anos,2006-02-01,2,2,5,7
CUEVO,nutricion y desarrollo infantil,controles nuevos en ninos menores de 2 anos,2006-02-01,2,2,5,7
CULPINA,nutricion y desarrollo infantil,controles nuevos en ninos menores de 2 anos,2006-02-01,78,78,90,168
CURAHUARA DE CARANGAS,nutricion y desarrollo infantil,controles nuevos en ninos menores de 2 anos,2006-02-01,5,5,7,12
CURVA,nutricion y desarrollo infantil,controles nuevos en ninos menores de 2 anos,2006-02-01,4,4,1,5
DESAGUADERO,nutricion y desarrollo infantil,controles nuevos en ninos menores de 2 anos,2006-02-01,4,4,8,12
EL ALTO,nutricion y desarrollo infantil,controles nuevos en ninos menores de 2 anos,2006-02-01,2238,2238,2187,4425
EL CHORO,nutricion y desarrollo infantil,controles nuevos en ninos menores de 2 anos,2006-02-01,7,7,0,7
EL PUENTE(STC),nutricion y desarrollo infantil,controles nuevos en ninos menores de 2 anos,2006-02-01,142,142,130,272
EL PUENTE(TJA),nutricion y desarrollo infantil,controles nuevos en ninos menores de 2 anos,2006-02-01,4,4,4,8
EL TORNO,nutricion y desarrollo infantil,controles nuevos en ninos menores de 2 anos,2006-02-01,40,40,34,74
EL VILLAR,nutricion y desarrollo infantil,controles nuevos en ninos menores de 2 anos,2006-02-01,5,5,6,11
ENTRE RIOS,nutricion y desarrollo infantil,controles nuevos en ninos menores de 2 anos,2006-02-01,23,23,17,40
ENTRE RIOS,nutricion y desarrollo infantil,controles nuevos en ninos menores de 2 anos,2006-02-01,147,147,137,284
ESCARA,nutricion y desarrollo infantil,controles nuevos en ninos menores de 2 anos,2006-02-01,0,0,1,1
EUCALIPTUS,nutricion y desarrollo infantil,controles nuevos en ninos menores de 2 anos,2006-02-01,3,3,1,4
EUREKA (SANTOS MERCADO),nutricion y desarrollo infantil,controles nuevos en ninos menores de 2 anos,2006-02-01,3,3,1,4
EXALTACION,nutricion y desarrollo infantil,controles nuevos en ninos menores de 2 anos,2006-02-01,1,1,1,2
FERNANDEZ ALONSO,nutricion y desarrollo infantil,controles nuevos en ninos menores de 2 anos,2006-02-01,14,14,21,35
FILADELFIA,nutricion y desarrollo infantil,controles nuevos en ninos menores de 2 anos,2006-02-01,1,1,3,4
GENERAL SAAVEDRA,nutricion y desarrollo infantil,controles nuevos en ninos menores de 2 anos,2006-02-01,50,50,56,106
GRAL. J.J. PEREZ (CHARAZANI),nutricion y desarrollo infantil,controles nuevos en ninos menores de 2 anos,2006-02-01,13,13,12,25
GUANAY,nutricion y desarrollo infantil,controles nuevos en ninos menores de 2 anos,2006-02-01,30,30,21,51
GUAQUI,nutricion y desarrollo infantil,controles nuevos en ninos menores de 2 anos,2006-02-01,8,8,7,15
GUAYARAMERIN,nutricion y desarrollo infantil,controles nuevos en ninos menores de 2 anos,2006-02-01,47,47,53,100
GUTIERREZ,nutricion y desarrollo infantil,controles nuevos en ninos menores de 2 anos,2006-02-01,34,34,39,73
HUACARETA,nutricion y desarrollo infantil,controles nuevos en ninos menores de 2 anos,2006-02-01,54,54,48,102
HUACAYA (VILLA DE HUACAYA),nutricion y desarrollo infantil,controles nuevos en ninos menores de 2 anos,2006-02-01,1,1,0,1
HUACHACALLA,nutricion y desarrollo infantil,controles nuevos en ninos menores de 2 anos,2006-02-01,0,0,3,3
HUANUNI,nutricion y desarrollo infantil,controles nuevos en ninos menores de 2 anos,2006-02-01,116,116,101,217
HUARACAJE,nutricion y desarrollo infantil,controles nuevos en ninos menores de 2 anos,2006-02-01,4,4,2,6
HUAYLLAMARCA,nutricion y desarrollo infantil,controles nuevos en ninos menores de 2 anos,2006-02-01,23,23,31,54
ICHOCA,nutricion y desarrollo infantil,controles nuevos en ninos menores de 2 anos,2006-02-01,15,15,9,24
ICLA,nutricion y desarrollo infantil,controles nuevos en ninos menores de 2 anos,2006-02-01,25,25,31,56
INCAHUASI,nutricion y desarrollo infantil,controles nuevos en ninos menores de 2 anos,2006-02-01,118,118,149,267
INGAVI (HUMAITA),nutricion y desarrollo infantil,controles nuevos en ninos menores de 2 anos,2006-02-01,1,1,2,3
INQUISIVI,nutricion y desarrollo infantil,controles nuevos en ninos menores de 2 anos,2006-02-01,84,84,105,189
IRUPANA (VILLA DE LANZA),nutricion y desarrollo infantil,controles nuevos en ninos menores de 2 anos,2006-02-01,18,18,18,36
IXIAMAS,nutricion y desarrollo infantil,controles nuevos en ninos menores de 2 anos,2006-02-01,18,18,9,27
JESUS DE MACHACA,nutricion y desarrollo infantil,controles nuevos en ninos menores de 2 anos,2006-02-01,10,10,8,18
LA ASUNTA,nutricion y desarrollo infantil,controles nuevos en ninos menores de 2 anos,2006-02-01,31,31,26,57
LA GUARDIA,nutricion y desarrollo infantil,controles nuevos en ninos menores de 2 anos,2006-02-01,162,162,132,294
LA PAZ,nutricion y desarrollo infantil,controles nuevos en ninos menores de 2 anos,2006-02-01,1172,1172,1129,2301
LAGUNILLAS,nutricion y desarrollo infantil,controles nuevos en ninos menores de 2 anos,2006-02-01,6,6,8,14
LAJA,nutricion y desarrollo infantil,controles nuevos en ninos menores de 2 anos,2006-02-01,18,18,6,24
LAS CARRERAS,nutricion y desarrollo infantil,controles nuevos en ninos menores de 2 anos,2006-02-01,11,11,8,19
LICOMA PAMPA,nutricion y desarrollo infantil,controles nuevos en ninos menores de 2 anos,2006-02-01,3,3,0,3
LLALLAGUA,nutricion y desarrollo infantil,controles nuevos en ninos menores de 2 anos,2006-02-01,74,74,71,145
LLICA,nutricion y desarrollo infantil,controles nuevos en ninos menores de 2 anos,2006-02-01,5,5,1,6
LORETO,nutricion y desarrollo infantil,controles nuevos en ninos menores de 2 anos,2006-02-01,18,18,17,35
LURIBAY,nutricion y desarrollo infantil,controles nuevos en ninos menores de 2 anos,2006-02-01,8,8,6,14
MACHACAMARCA,nutricion y desarrollo infantil,controles nuevos en ninos menores de 2 anos,2006-02-01,2,2,4,6
MACHARETI,nutricion y desarrollo infantil,controles nuevos en ninos menores de 2 anos,2006-02-01,29,29,29,58
MAGDALENA,nutricion y desarrollo infantil,controles nuevos en ninos menores de 2 anos,2006-02-01,9,9,8,17
MAIRANA,nutricion y desarrollo infantil,controles nuevos en ninos menores de 2 anos,2006-02-01,10,10,5,15
MALLA,nutricion y desarrollo infantil,controles nuevos en ninos menores de 2 anos,2006-02-01,5,5,2,7
MAPIRI,nutricion y desarrollo infantil,controles nuevos en ninos menores de 2 anos,2006-02-01,9,9,15,24
MECAPACA,nutricion y desarrollo infantil,controles nuevos en ninos menores de 2 anos,2006-02-01,21,21,14,35
MINEROS,nutricion y desarrollo infantil,controles nuevos en ninos menores de 2 anos,2006-02-01,19,19,12,31
MIZQUE,nutricion y desarrollo infantil,controles nuevos en ninos menores de 2 anos,2006-02-01,93,93,84,177
MOCOMOCO,nutricion y desarrollo infantil,controles nuevos en ninos menores de 2 anos,2006-02-01,28,28,32,60
MOJINETE,nutricion y desarrollo infantil,controles nuevos en ninos menores de 2 anos,2006-02-01,0,0,1,1
MOJOCOYA,nutricion y desarrollo infantil,controles nuevos en ninos menores de 2 anos,2006-02-01,26,26,14,40
MONTEAGUDO,nutricion y desarrollo infantil,controles nuevos en ninos menores de 2 anos,2006-02-01,151,151,118,269
MONTERO,nutricion y desarrollo infantil,controles nuevos en ninos menores de 2 anos,2006-02-01,101,101,97,198
MORO MORO,nutricion y desarrollo infantil,controles nuevos en ninos menores de 2 anos,2006-02-01,2,2,1,3
MOROCHATA,nutricion y desarrollo infantil,controles nuevos en ninos menores de 2 anos,2006-02-01,111,111,116,227
NACEBE (SANTA ROSA DEL ABUNA),nutricion y desarrollo infantil,controles nuevos en ninos menores de 2 anos,2006-02-01,2,2,11,13
NUEVO MANOA (NUEVA ESPERANZA),nutricion y desarrollo infantil,controles nuevos en ninos menores de 2 anos,2006-02-01,0,0,1,1
OCURI,nutricion y desarrollo infantil,controles nuevos en ninos menores de 2 anos,2006-02-01,13,13,15,28
OKINAWA,nutricion y desarrollo infantil,controles nuevos en ninos menores de 2 anos,2006-02-01,66,66,59,125
OMEREQUE,nutricion y desarrollo infantil,controles nuevos en ninos menores de 2 anos,2006-02-01,13,13,13,26
ORURO,nutricion y desarrollo infantil,controles nuevos en ninos menores de 2 anos,2006-02-01,485,485,485,970
PADCAYA,nutricion y desarrollo infantil,controles nuevos en ninos menores de 2 anos,2006-02-01,34,34,38,72
PADILLA,nutricion y desarrollo infantil,controles nuevos en ninos menores de 2 anos,2006-02-01,44,44,38,82
PAILON,nutricion y desarrollo infantil,controles nuevos en ninos menores de 2 anos,2006-02-01,12,12,14,26
PALCA,nutricion y desarrollo infantil,controles nuevos en ninos menores de 2 anos,2006-02-01,12,12,13,25
PALOS BLANCOS,nutricion y desarrollo infantil,controles nuevos en ninos menores de 2 anos,2006-02-01,32,32,26,58
PAMPA AULLAGAS,nutricion y desarrollo infantil,controles nuevos en ninos menores de 2 anos,2006-02-01,2,2,4,6
PAMPA GRANDE,nutricion y desarrollo infantil,controles nuevos en ninos menores de 2 anos,2006-02-01,4,4,6,10
PAPEL PAMPA,nutricion y desarrollo infantil,controles nuevos en ninos menores de 2 anos,2006-02-01,9,9,2,11
PASORAPA,nutricion y desarrollo infantil,controles nuevos en ninos menores de 2 anos,2006-02-01,5,5,2,7
PATACAMAYA,nutricion y desarrollo infantil,controles nuevos en ninos menores de 2 anos,2006-02-01,35,35,26,61
PAZÑA,nutricion y desarrollo infantil,controles nuevos en ninos menores de 2 anos,2006-02-01,4,4,7,11
PELECHUCO,nutricion y desarrollo infantil,controles nuevos en ninos menores de 2 anos,2006-02-01,11,11,11,22
POCOATA,nutricion y desarrollo infantil,controles nuevos en ninos menores de 2 anos,2006-02-01,23,23,27,50
POCONA,nutricion y desarrollo infantil,controles nuevos en ninos menores de 2 anos,2006-02-01,42,42,36,78
POJO (CBBA),nutricion y desarrollo infantil,controles nuevos en ninos menores de 2 anos,2006-02-01,24,24,23,47
POOPO,nutricion y desarrollo infantil,controles nuevos en ninos menores de 2 anos,2006-02-01,18,18,14,32
PORCO,nutricion y desarrollo infantil,controles nuevos en ninos menores de 2 anos,2006-02-01,9,9,6,15
POROMA,nutricion y desarrollo infantil,controles nuevos en ninos menores de 2 anos,2006-02-01,110,110,115,225
PORONGO,nutricion y desarrollo infantil,controles nuevos en ninos menores de 2 anos,2006-02-01,19,19,28,47
PORTACHUELO,nutricion y desarrollo infantil,controles nuevos en ninos menores de 2 anos,2006-02-01,97,97,58,155
PORVENIR,nutricion y desarrollo infantil,controles nuevos en ninos menores de 2 anos,2006-02-01,4,4,3,7
POSTRER VALLE,nutricion y desarrollo infantil,controles nuevos en ninos menores de 2 anos,2006-02-01,1,1,0,1
POTOSI,nutricion y desarrollo infantil,controles nuevos en ninos menores de 2 anos,2006-02-01,208,208,196,404
PRESTO,nutricion y desarrollo infantil,controles nuevos en ninos menores de 2 anos,2006-02-01,24,24,13,37
PUCARA,nutricion y desarrollo infantil,controles nuevos en ninos menores de 2 anos,2006-02-01,0,0,2,2
PUCARANI,nutricion y desarrollo infantil,controles nuevos en ninos menores de 2 anos,2006-02-01,36,36,41,77
PUERTO ACOSTA,nutricion y desarrollo infantil,controles nuevos en ninos menores de 2 anos,2006-02-01,30,30,30,60
PUERTO CARABUCO,nutricion y desarrollo infantil,controles nuevos en ninos menores de 2 anos,2006-02-01,16,16,17,33
PUERTO GONZALO MORENO,nutricion y desarrollo infantil,controles nuevos en ninos menores de 2 anos,2006-02-01,7,7,5,12
PUERTO PEREZ,nutricion y desarrollo infantil,controles nuevos en ninos menores de 2 anos,2006-02-01,5,5,4,9
PUERTO QUIJARRO,nutricion y desarrollo infantil,controles nuevos en ninos menores de 2 anos,2006-02-01,27,27,15,42
PUERTO RICO,nutricion y desarrollo infantil,controles nuevos en ninos menores de 2 anos,2006-02-01,3,3,7,10
PUERTO SILES,nutricion y desarrollo infantil,controles nuevos en ninos menores de 2 anos,2006-02-01,17,17,19,36
PUERTO SUAREZ,nutricion y desarrollo infantil,controles nuevos en ninos menores de 2 anos,2006-02-01,22,22,20,42
PUERTO VILLARROEL,nutricion y desarrollo infantil,controles nuevos en ninos menores de 2 anos,2006-02-01,108,108,85,193
PUNA,nutricion y desarrollo infantil,controles nuevos en ninos menores de 2 anos,2006-02-01,49,49,56,105
PUNATA,nutricion y desarrollo infantil,controles nuevos en ninos menores de 2 anos,2006-02-01,169,169,98,267
QUIABAYA,nutricion y desarrollo infantil,controles nuevos en ninos menores de 2 anos,2006-02-01,4,4,7,11
QUILLACOLLO,nutricion y desarrollo infantil,controles nuevos en ninos menores de 2 anos,2006-02-01,459,459,374,833
QUIME,nutricion y desarrollo infantil,controles nuevos en ninos menores de 2 anos,2006-02-01,20,20,19,39
QUIRUSILLAS,nutricion y desarrollo infantil,controles nuevos en ninos menores de 2 anos,2006-02-01,0,0,2,2
RAVELO,nutricion y desarrollo infantil,controles nuevos en ninos menores de 2 anos,2006-02-01,24,24,24,48
REYES,nutricion y desarrollo infantil,controles nuevos en ninos menores de 2 anos,2006-02-01,9,9,9,18
RIBERALTA,nutricion y desarrollo infantil,controles nuevos en ninos menores de 2 anos,2006-02-01,107,107,97,204
ROBORE,nutricion y desarrollo infantil,controles nuevos en ninos menores de 2 anos,2006-02-01,21,21,17,38
RURRENABAQUE,nutricion y desarrollo infantil,controles nuevos en ninos menores de 2 anos,2006-02-01,47,47,64,111
SABAYA,nutricion y desarrollo infantil,controles nuevos en ninos menores de 2 anos,2006-02-01,6,6,7,13
SACABA,nutricion y desarrollo infantil,controles nuevos en ninos menores de 2 anos,2006-02-01,569,569,460,1029
SACABAMBA,nutricion y desarrollo infantil,controles nuevos en ninos menores de 2 anos,2006-02-01,29,29,31,60
SACACA,nutricion y desarrollo infantil,controles nuevos en ninos menores de 2 anos,2006-02-01,34,34,41,75
SAIPINA,nutricion y desarrollo infantil,controles nuevos en ninos menores de 2 anos,2006-02-01,9,9,6,15
SALINAS DE GARCI MENDOZA,nutricion y desarrollo infantil,controles nuevos en ninos menores de 2 anos,2006-02-01,11,11,11,22
SAMAIPATA,nutricion y desarrollo infantil,controles nuevos en ninos menores de 2 anos,2006-02-01,8,8,5,13
SAN AGUSTIN,nutricion y desarrollo infantil,controles nuevos en ninos menores de 2 anos,2006-02-01,4,4,3,7
SAN ANDRES,nutricion y desarrollo infantil,controles nuevos en ninos menores de 2 anos,2006-02-01,18,18,26,44
SAN ANDRES DE MACHACA,nutricion y desarrollo infantil,controles nuevos en ninos menores de 2 anos,2006-02-01,2,2,1,3
SAN ANTONIO DE ESMORUCO,nutricion y desarrollo infantil,controles nuevos en ninos menores de 2 anos,2006-02-01,3,3,1,4
SAN ANTONIO DE LOMERIO,nutricion y desarrollo infantil,controles nuevos en ninos menores de 2 anos,2006-02-01,5,5,5,10
SAN BENITO,nutricion y desarrollo infantil,controles nuevos en ninos menores de 2 anos,2006-02-01,17,17,10,27
SAN BORJA,nutricion y desarrollo infantil,controles nuevos en ninos menores de 2 anos,2006-02-01,54,54,50,104
SAN BUENA VENTURA,nutricion y desarrollo infantil,controles nuevos en ninos menores de 2 anos,2006-02-01,11,11,8,19
SAN CARLOS,nutricion y desarrollo infantil,controles nuevos en ninos menores de 2 anos,2006-02-01,23,23,17,40
SAN IGNACIO,nutricion y desarrollo infantil,controles nuevos en ninos menores de 2 anos,2006-02-01,45,45,33,78
SAN IGNACIO DE VELASCO,nutricion y desarrollo infantil,controles nuevos en ninos menores de 2 anos,2006-02-01,119,119,96,215
SAN JAVIER(BNI),nutricion y desarrollo infantil,controles nuevos en ninos menores de 2 anos,2006-02-01,4,4,2,6
SAN JAVIER(STC),nutricion y desarrollo infantil,controles nuevos en ninos menores de 2 anos,2006-02-01,22,22,21,43
SAN JOAQUIN,nutricion y desarrollo infantil,controles nuevos en ninos menores de 2 anos,2006-02-01,7,7,8,15
SAN JOSE DE CHIQUITOS,nutricion y desarrollo infantil,controles nuevos en ninos menores de 2 anos,2006-02-01,21,21,23,44
SAN JUAN DE YAPACANI,nutricion y desarrollo infantil,controles nuevos en ninos menores de 2 anos,2006-02-01,11,11,10,21
SAN JULIAN,nutricion y desarrollo infantil,controles nuevos en ninos menores de 2 anos,2006-02-01,97,97,100,197
SAN LORENZO(PND),nutricion y desarrollo infantil,controles nuevos en ninos menores de 2 anos,2006-02-01,6,6,3,9
SAN LORENZO(TJA),nutricion y desarrollo infantil,controles nuevos en ninos menores de 2 anos,2006-02-01,6,6,13,19
SAN LUCAS,nutricion y desarrollo infantil,controles nuevos en ninos menores de 2 anos,2006-02-01,186,186,162,348
SAN MATIAS,nutricion y desarrollo infantil,controles nuevos en ninos menores de 2 anos,2006-02-01,16,16,13,29
SAN MIGUEL DE VELASCO,nutricion y desarrollo infantil,controles nuevos en ninos menores de 2 anos,2006-02-01,17,17,10,27
SAN PABLO DE LIPEZ,nutricion y desarrollo infantil,controles nuevos en ninos menores de 2 anos,2006-02-01,7,7,1,8
SAN PEDRO,nutricion y desarrollo infantil,controles nuevos en ninos menores de 2 anos,2006-02-01,16,16,15,31
SAN PEDRO DE BUENA VISTA,nutricion y desarrollo infantil,controles nuevos en ninos menores de 2 anos,2006-02-01,16,16,23,39
SAN PEDRO DE CURAHUARA,nutricion y desarrollo infantil,controles nuevos en ninos menores de 2 anos,2006-02-01,7,7,3,10
SAN PEDRO DE QUEMES,nutricion y desarrollo infantil,controles nuevos en ninos menores de 2 anos,2006-02-01,1,1,1,2
SAN PEDRO DE TIQUINA,nutricion y desarrollo infantil,controles nuevos en ninos menores de 2 anos,2006-02-01,2,2,2,4
SAN PEDRO(PND),nutricion y desarrollo infantil,controles nuevos en ninos menores de 2 anos,2006-02-01,1,1,12,13
SAN RAFAEL,nutricion y desarrollo infantil,controles nuevos en ninos menores de 2 anos,2006-02-01,3,3,5,8
SAN RAMON,nutricion y desarrollo infantil,controles nuevos en ninos menores de 2 anos,2006-02-01,29,29,15,44
SAN RAMON,nutricion y desarrollo infantil,controles nuevos en ninos menores de 2 anos,2006-02-01,1,1,4,5
SANTA ANA,nutricion y desarrollo infantil,controles nuevos en ninos menores de 2 anos,2006-02-01,23,23,34,57
SANTA CRUZ DE LA SIERRA,nutricion y desarrollo infantil,controles nuevos en ninos menores de 2 anos,2006-02-01,2121,2121,2024,4145
SANTA ROSA,nutricion y desarrollo infantil,controles nuevos en ninos menores de 2 anos,2006-02-01,10,10,15,25
SANTA ROSA DEL SARA,nutricion y desarrollo infantil,controles nuevos en ninos menores de 2 anos,2006-02-01,28,28,13,41
SANTIAGO DE CALLAPA,nutricion y desarrollo infantil,controles nuevos en ninos menores de 2 anos,2006-02-01,2,2,5,7
SANTIAGO DE HUARI,nutricion y desarrollo infantil,controles nuevos en ninos menores de 2 anos,2006-02-01,12,12,15,27
SANTIAGO DE MACHACA,nutricion y desarrollo infantil,controles nuevos en ninos menores de 2 anos,2006-02-01,2,2,4,6
SANTIVAÑES,nutricion y desarrollo infantil,controles nuevos en ninos menores de 2 anos,2006-02-01,1,1,2,3
SANTUARIO DE QUILLACAS,nutricion y desarrollo infantil,controles nuevos en ninos menores de 2 anos,2006-02-01,1,1,1,2
SAPAHAQUI,nutricion y desarrollo infantil,controles nuevos en ninos menores de 2 anos,2006-02-01,9,9,4,13
SENA,nutricion y desarrollo infantil,controles nuevos en ninos menores de 2 anos,2006-02-01,1,1,2,3
SICA SICA (VILLA AROMA),nutricion y desarrollo infantil,controles nuevos en ninos menores de 2 anos,2006-02-01,11,11,13,24
SICAYA,nutricion y desarrollo infantil,controles nuevos en ninos menores de 2 anos,2006-02-01,1,1,2,3
SIPE SIPE,nutricion y desarrollo infantil,controles nuevos en ninos menores de 2 anos,2006-02-01,142,142,148,290
SOPACHUY,nutricion y desarrollo infantil,controles nuevos en ninos menores de 2 anos,2006-02-01,18,18,25,43
SORACACHI,nutricion y desarrollo infantil,controles nuevos en ninos menores de 2 anos,2006-02-01,9,9,6,15
SORATA,nutricion y desarrollo infantil,controles nuevos en ninos menores de 2 anos,2006-02-01,21,21,40,61
SUCRE,nutricion y desarrollo infantil,controles nuevos en ninos menores de 2 anos,2006-02-01,1262,1262,1257,2519
TACACHI,nutricion y desarrollo infantil,controles nuevos en ninos menores de 2 anos,2006-02-01,1,1,0,1
TACACOMA,nutricion y desarrollo infantil,controles nuevos en ninos menores de 2 anos,2006-02-01,11,11,5,16
TACOBAMBA,nutricion y desarrollo infantil,controles nuevos en ninos menores de 2 anos,2006-02-01,13,13,11,24
TACOPAYA,nutricion y desarrollo infantil,controles nuevos en ninos menores de 2 anos,2006-02-01,14,14,17,31
TAHUA,nutricion y desarrollo infantil,controles nuevos en ninos menores de 2 anos,2006-02-01,3,3,0,3
TAPACARI,nutricion y desarrollo infantil,controles nuevos en ninos menores de 2 anos,2006-02-01,57,57,43,100
TARABUCO,nutricion y desarrollo infantil,controles nuevos en ninos menores de 2 anos,2006-02-01,92,92,73,165
TARACO,nutricion y desarrollo infantil,controles nuevos en ninos menores de 2 anos,2006-02-01,10,10,8,18
TARATA,nutricion y desarrollo infantil,controles nuevos en ninos menores de 2 anos,2006-02-01,10,10,14,24
TARIJA,nutricion y desarrollo infantil,controles nuevos en ninos menores de 2 anos,2006-02-01,537,537,460,997
TARVITA,nutricion y desarrollo infantil,controles nuevos en ninos menores de 2 anos,2006-02-01,86,86,79,165
TEOPONTE,nutricion y desarrollo infantil,controles nuevos en ninos menores de 2 anos,2006-02-01,7,7,9,16
TIAWANACU,nutricion y desarrollo infantil,controles nuevos en ninos menores de 2 anos,2006-02-01,8,8,5,13
TINGUIPAYA,nutricion y desarrollo infantil,controles nuevos en ninos menores de 2 anos,2006-02-01,34,34,27,61
TIPUANI,nutricion y desarrollo infantil,controles nuevos en ninos menores de 2 anos,2006-02-01,17,17,19,36
TIQUIPAYA,nutricion y desarrollo infantil,controles nuevos en ninos menores de 2 anos,2006-02-01,152,152,129,281
TIRAQUE (CBBA),nutricion y desarrollo infantil,controles nuevos en ninos menores de 2 anos,2006-02-01,275,275,267,542
TITO YUPANQUI (PARQUIPUJIO),nutricion y desarrollo infantil,controles nuevos en ninos menores de 2 anos,2006-02-01,1,1,2,3
TOCO,nutricion y desarrollo infantil,controles nuevos en ninos menores de 2 anos,2006-02-01,8,8,2,10
TOLATA,nutricion y desarrollo infantil,controles nuevos en ninos menores de 2 anos,2006-02-01,42,42,35,77
TOLEDO,nutricion y desarrollo infantil,controles nuevos en ninos menores de 2 anos,2006-02-01,13,13,6,19
TOMAVE,nutricion y desarrollo infantil,controles nuevos en ninos menores de 2 anos,2006-02-01,13,13,8,21
TOMINA,nutricion y desarrollo infantil,controles nuevos en ninos menores de 2 anos,2006-02-01,26,26,17,43
TORO TORO,nutricion y desarrollo infantil,controles nuevos en ninos menores de 2 anos,2006-02-01,21,21,8,29
TOTORA(CBBA),nutricion y desarrollo infantil,controles nuevos en ninos menores de 2 anos,2006-02-01,30,30,30,60
TOTORA(ORR),nutricion y desarrollo infantil,controles nuevos en ninos menores de 2 anos,2006-02-01,6,6,9,15
TRIGAL,nutricion y desarrollo infantil,controles nuevos en ninos menores de 2 anos,2006-02-01,1,1,0,1
TRINIDAD,nutricion y desarrollo infantil,controles nuevos en ninos menores de 2 anos,2006-02-01,384,384,371,755
TUPIZA,nutricion y desarrollo infantil,controles nuevos en ninos menores de 2 anos,2006-02-01,27,27,25,52
TURCO,nutricion y desarrollo infantil,controles nuevos en ninos menores de 2 anos,2006-02-01,6,6,5,11
UMALA,nutricion y desarrollo infantil,controles nuevos en ninos menores de 2 anos,2006-02-01,3,3,5,8
UNCIA,nutricion y desarrollo infantil,controles nuevos en ninos menores de 2 anos,2006-02-01,60,60,43,103
URIONDO (A. CONCEPCION),nutricion y desarrollo infantil,controles nuevos en ninos menores de 2 anos,2006-02-01,14,14,17,31
URUBICHA,nutricion y desarrollo infantil,controles nuevos en ninos menores de 2 anos,2006-02-01,15,15,15,30
UYUNI,nutricion y desarrollo infantil,controles nuevos en ninos menores de 2 anos,2006-02-01,28,28,25,53
VACAS,nutricion y desarrollo infantil,controles nuevos en ninos menores de 2 anos,2006-02-01,15,15,18,33
VALLEGRANDE,nutricion y desarrollo infantil,controles nuevos en ninos menores de 2 anos,2006-02-01,10,10,7,17
VIACHA,nutricion y desarrollo infantil,controles nuevos en ninos menores de 2 anos,2006-02-01,48,48,63,111
VILA VILA,nutricion y desarrollo infantil,controles nuevos en ninos menores de 2 anos,2006-02-01,7,7,16,23
VILLA MONTES,nutricion y desarrollo infantil,controles nuevos en ninos menores de 2 anos,2006-02-01,24,24,30,54
VILLA RIVERO,nutricion y desarrollo infantil,controles nuevos en ninos menores de 2 anos,2006-02-01,12,12,15,27
VILLA SERRANO,nutricion y desarrollo infantil,controles nuevos en ninos menores de 2 anos,2006-02-01,22,22,11,33
VILLA TUNARI,nutricion y desarrollo infantil,controles nuevos en ninos menores de 2 anos,2006-02-01,390,390,361,751
VILLA VACA GUZMAN (MUYUPAMPA),nutricion y desarrollo infantil,controles nuevos en ninos menores de 2 anos,2006-02-01,52,52,52,104
VILLAZON,nutricion y desarrollo infantil,controles nuevos en ninos menores de 2 anos,2006-02-01,52,52,54,106
VINTO,nutricion y desarrollo infantil,controles nuevos en ninos menores de 2 anos,2006-02-01,29,29,28,57
VITICHI,nutricion y desarrollo infantil,controles nuevos en ninos menores de 2 anos,2006-02-01,13,13,12,25
WALDO BALLIVIAN,nutricion y desarrollo infantil,controles nuevos en ninos menores de 2 anos,2006-02-01,3,3,2,5
WARNES,nutricion y desarrollo infantil,controles nuevos en ninos menores de 2 anos,2006-02-01,197,197,152,349
YACO,nutricion y desarrollo infantil,controles nuevos en ninos menores de 2 anos,2006-02-01,20,20,10,30
YACUIBA,nutricion y desarrollo infantil,controles nuevos en ninos menores de 2 anos,2006-02-01,48,48,39,87
YAMPARAEZ,nutricion y desarrollo infantil,controles nuevos en ninos menores de 2 anos,2006-02-01,29,29,40,69
YANACACHI,nutricion y desarrollo infantil,controles nuevos en ninos menores de 2 anos,2006-02-01,4,4,3,7
YAPACANI,nutricion y desarrollo infantil,controles nuevos en ninos menores de 2 anos,2006-02-01,43,43,42,85
YOCALLA,nutricion y desarrollo infantil,controles nuevos en ninos menores de 2 anos,2006-02-01,7,7,10,17
YOTALA,nutricion y desarrollo infantil,controles nuevos en ninos menores de 2 anos,2006-02-01,46,46,42,88
YUNCHARA,nutricion y desarrollo infantil,controles nuevos en ninos menores de 2 anos,2006-02-01,2,2,4,6
ZUDAÑEZ,nutricion y desarrollo infantil,controles nuevos en ninos menores de 2 anos,2006-02-01,33,33,32,65
ACACIO,nutricion y desarrollo infantil,controles nuevos en ninos menores de 2 anos,2006-03-01,5,5,10,15
ACHACACHI,nutricion y desarrollo infantil,controles nuevos en ninos menores de 2 anos,2006-03-01,75,75,54,129
ACHOCALLA,nutricion y desarrollo infantil,controles nuevos en ninos menores de 2 anos,2006-03-01,13,13,15,28
AIQUILE,nutricion y desarrollo infantil,controles nuevos en ninos menores de 2 anos,2006-03-01,80,80,81,161
ALALAY,nutricion y desarrollo infantil,controles nuevos en ninos menores de 2 anos,2006-03-01,8,8,6,14
ALCALA,nutricion y desarrollo infantil,controles nuevos en ninos menores de 2 anos,2006-03-01,2,2,0,2
ANCORAIMES,nutricion y desarrollo infantil,controles nuevos en ninos menores de 2 anos,2006-03-01,17,17,9,26
ANDAMARCA,nutricion y desarrollo infantil,controles nuevos en ninos menores de 2 anos,2006-03-01,3,3,2,5
ANTEQUERA,nutricion y desarrollo infantil,controles nuevos en ninos menores de 2 anos,2006-03-01,2,2,3,5
ANZALDO,nutricion y desarrollo infantil,controles nuevos en ninos menores de 2 anos,2006-03-01,19,19,23,42
APOLO,nutricion y desarrollo infantil,controles nuevos en ninos menores de 2 anos,2006-03-01,46,46,52,98
ARAMPAMPA,nutricion y desarrollo infantil,controles nuevos en ninos menores de 2 anos,2006-03-01,4,4,2,6
ARANI,nutricion y desarrollo infantil,controles nuevos en ninos menores de 2 anos,2006-03-01,56,56,59,115
ARBIETO,nutricion y desarrollo infantil,controles nuevos en ninos menores de 2 anos,2006-03-01,10,10,10,20
ARQUE,nutricion y desarrollo infantil,controles nuevos en ninos menores de 2 anos,2006-03-01,16,16,6,22
ASCENCION DE GUARAYOS,nutricion y desarrollo infantil,controles nuevos en ninos menores de 2 anos,2006-03-01,0,0,4,4
ATOCHA,nutricion y desarrollo infantil,controles nuevos en ninos menores de 2 anos,2006-03-01,2,2,6,8
AUCAPATA,nutricion y desarrollo infantil,controles nuevos en ninos menores de 2 anos,2006-03-01,10,10,11,21
AYATA,nutricion y desarrollo infantil,controles nuevos en ninos menores de 2 anos,2006-03-01,15,15,11,26
AYO AYO,nutricion y desarrollo infantil,controles nuevos en ninos menores de 2 anos,2006-03-01,6,6,3,9
AYOPAYA (V. DE INDEPENDENCIA),nutricion y desarrollo infantil,controles nuevos en ninos menores de 2 anos,2006-03-01,72,72,61,133
AZURDUY,nutricion y desarrollo infantil,controles nuevos en ninos menores de 2 anos,2006-03-01,32,32,38,70
BATALLAS,nutricion y desarrollo infantil,controles nuevos en ninos menores de 2 anos,2006-03-01,26,26,18,44
BAURES,nutricion y desarrollo infantil,controles nuevos en ninos menores de 2 anos,2006-03-01,2,2,6,8
BELEN DE ANDAMARCA,nutricion y desarrollo infantil,controles nuevos en ninos menores de 2 anos,2006-03-01,1,1,0,1
BELEN DE URMIRI,nutricion y desarrollo infantil,controles nuevos en ninos menores de 2 anos,2006-03-01,2,2,2,4
BELLA FLOR,nutricion y desarrollo infantil,controles nuevos en ninos menores de 2 anos,2006-03-01,3,3,6,9
BERMEJO,nutricion y desarrollo infantil,controles nuevos en ninos menores de 2 anos,2006-03-01,68,68,58,126
BETANZOS,nutricion y desarrollo infantil,controles nuevos en ninos menores de 2 anos,2006-03-01,26,26,20,46
BOLIVAR,nutricion y desarrollo infantil,controles nuevos en ninos menores de 2 anos,2006-03-01,14,14,14,28
BOLPEBRA,nutricion y desarrollo infantil,controles nuevos en ninos menores de 2 anos,2006-03-01,3,3,2,5
BOYUIBE,nutricion y desarrollo infantil,controles nuevos en ninos menores de 2 anos,2006-03-01,11,11,6,17
BUENA VISTA,nutricion y desarrollo infantil,controles nuevos en ninos menores de 2 anos,2006-03-01,18,18,12,30
CABEZAS,nutricion y desarrollo infantil,controles nuevos en ninos menores de 2 anos,2006-03-01,14,14,14,28
CAIROMA,nutricion y desarrollo infantil,controles nuevos en ninos menores de 2 anos,2006-03-01,13,13,10,23
"CAIZA ""D""",nutricion y desarrollo infantil,controles nuevos en ninos menores de 2 anos,2006-03-01,9,9,7,16
CAJUATA,nutricion y desarrollo infantil,controles nuevos en ninos menores de 2 anos,2006-03-01,29,29,24,53
CALACOTO,nutricion y desarrollo infantil,controles nuevos en ninos menores de 2 anos,2006-03-01,8,8,14,22
CALAMARCA,nutricion y desarrollo infantil,controles nuevos en ninos menores de 2 anos,2006-03-01,7,7,9,16
CAMARGO,nutricion y desarrollo infantil,controles nuevos en ninos menores de 2 anos,2006-03-01,31,31,36,67
CAMATAQUI (C. VILLA ABECIA),nutricion y desarrollo infantil,controles nuevos en ninos menores de 2 anos,2006-03-01,6,6,4,10
CAMIRI,nutricion y desarrollo infantil,controles nuevos en ninos menores de 2 anos,2006-03-01,67,67,57,124
CAPINOTA,nutricion y desarrollo infantil,controles nuevos en ninos menores de 2 anos,2006-03-01,40,40,32,72
CAQUIAVIRI,nutricion y desarrollo infantil,controles nuevos en ninos menores de 2 anos,2006-03-01,1,1,6,7
CARACOLLO,nutricion y desarrollo infantil,controles nuevos en ninos menores de 2 anos,2006-03-01,24,24,29,53
CARANAVI,nutricion y desarrollo infantil,controles nuevos en ninos menores de 2 anos,2006-03-01,116,116,106,222
CARAPARI,nutricion y desarrollo infantil,controles nuevos en ninos menores de 2 anos,2006-03-01,25,25,21,46
CARIPUYO,nutricion y desarrollo infantil,controles nuevos en ninos menores de 2 anos,2006-03-01,11,11,14,25
CARMEN RIVERO TORREZ,nutricion y desarrollo infantil,controles nuevos en ninos menores de 2 anos,2006-03-01,6,6,3,9
CATACORA,nutricion y desarrollo infantil,controles nuevos en ninos menores de 2 anos,2006-03-01,7,7,4,11
CHACARILLA,nutricion y desarrollo infantil,controles nuevos en ninos menores de 2 anos,2006-03-01,0,0,2,2
CHALLAPATA,nutricion y desarrollo infantil,controles nuevos en ninos menores de 2 anos,2006-03-01,39,39,36,75
CHAQUI,nutricion y desarrollo infantil,controles nuevos en ninos menores de 2 anos,2006-03-01,10,10,11,21
CHARAGUA,nutricion y desarrollo infantil,controles nuevos en ninos menores de 2 anos,2006-03-01,30,30,19,49
CHARAÑA,nutricion y desarrollo infantil,controles nuevos en ninos menores de 2 anos,2006-03-01,5,5,7,12
CHAYANTA,nutricion y desarrollo infantil,controles nuevos en ninos menores de 2 anos,2006-03-01,7,7,11,18
CHIMORE,nutricion y desarrollo infantil,controles nuevos en ninos menores de 2 anos,2006-03-01,37,37,34,71
CHIPAYA,nutricion y desarrollo infantil,controles nuevos en ninos menores de 2 anos,2006-03-01,1,1,3,4
CHOQUE COTA,nutricion y desarrollo infantil,controles nuevos en ninos menores de 2 anos,2006-03-01,0,0,1,1
CHULUMANI (V. DE LA LIBERTAD),nutricion y desarrollo infantil,controles nuevos en ninos menores de 2 anos,2006-03-01,33,33,19,52
CHUMA,nutricion y desarrollo infantil,controles nuevos en ninos menores de 2 anos,2006-03-01,15,15,15,30
CLIZA,nutricion y desarrollo infantil,controles nuevos en ninos menores de 2 anos,2006-03-01,136,136,131,267
COBIJA,nutricion y desarrollo infantil,controles nuevos en ninos menores de 2 anos,2006-03-01,42,42,53,95
COCHABAMBA,nutricion y desarrollo infantil,controles nuevos en ninos menores de 2 anos,2006-03-01,1945,1945,1792,3737
COIPASA,nutricion y desarrollo infantil,controles nuevos en ninos menores de 2 anos,2006-03-01,0,0,1,1
COLCAPIRHUA,nutricion y desarrollo infantil,controles nuevos en ninos menores de 2 anos,2006-03-01,319,319,267,586
"COLCHA ""K""",nutricion y desarrollo infantil,controles nuevos en ninos menores de 2 anos,2006-03-01,10,10,10,20
COLLANA,nutricion y desarrollo infantil,controles nuevos en ninos menores de 2 anos,2006-03-01,2,2,6,8
COLOMI,nutricion y desarrollo infantil,controles nuevos en ninos menores de 2 anos,2006-03-01,146,146,117,263
COLPA BELGICA,nutricion y desarrollo infantil,controles nuevos en ninos menores de 2 anos,2006-03-01,7,7,14,21
COLQUECHACA,nutricion y desarrollo infantil,controles nuevos en ninos menores de 2 anos,2006-03-01,31,31,39,70
COLQUENCHA,nutricion y desarrollo infantil,controles nuevos en ninos menores de 2 anos,2006-03-01,8,8,4,12
COLQUIRI,nutricion y desarrollo infantil,controles nuevos en ninos menores de 2 anos,2006-03-01,27,27,17,44
COMANCHE,nutricion y desarrollo infantil,controles nuevos en ninos menores de 2 anos,2006-03-01,8,8,8,16
COMARAPA,nutricion y desarrollo infantil,controles nuevos en ninos menores de 2 anos,2006-03-01,31,31,24,55
COMBAYA,nutricion y desarrollo infantil,controles nuevos en ninos menores de 2 anos,2006-03-01,2,2,4,6
CONCEPCION,nutricion y desarrollo infantil,controles nuevos en ninos menores de 2 anos,2006-03-01,29,29,18,47
COPACABANA,nutricion y desarrollo infantil,controles nuevos en ninos menores de 2 anos,2006-03-01,12,12,18,30
CORIPATA,nutricion y desarrollo infantil,controles nuevos en ninos menores de 2 anos,2006-03-01,33,33,31,64
CORO CORO,nutricion y desarrollo infantil,controles nuevos en ninos menores de 2 anos,2006-03-01,7,7,5,12
COROICO,nutricion y desarrollo infantil,controles nuevos en ninos menores de 2 anos,2006-03-01,20,20,29,49
CORQUE,nutricion y desarrollo infantil,controles nuevos en ninos menores de 2 anos,2006-03-01,7,7,5,12
COTAGAITA,nutricion y desarrollo infantil,controles nuevos en ninos menores de 2 anos,2006-03-01,31,31,33,64
COTOCA,nutricion y desarrollo infantil,controles nuevos en ninos menores de 2 anos,2006-03-01,53,53,37,90
CUATRO CAÑADAS,nutricion y desarrollo infantil,controles nuevos en ninos menores de 2 anos,2006-03-01,48,48,47,95
CUCHUMUELA (V. G. VILLARROEL),nutricion y desarrollo infantil,controles nuevos en ninos menores de 2 anos,2006-03-01,2,2,2,4
CUEVO,nutricion y desarrollo infantil,controles nuevos en ninos menores de 2 anos,2006-03-01,6,6,1,7
CULPINA,nutricion y desarrollo infantil,controles nuevos en ninos menores de 2 anos,2006-03-01,55,55,60,115
CURAHUARA DE CARANGAS,nutricion y desarrollo infantil,controles nuevos en ninos menores de 2 anos,2006-03-01,5,5,3,8
CURVA,nutricion y desarrollo infantil,controles nuevos en ninos menores de 2 anos,2006-03-01,5,5,2,7
DESAGUADERO,nutricion y desarrollo infantil,controles nuevos en ninos menores de 2 anos,2006-03-01,7,7,5,12
EL ALTO,nutricion y desarrollo infantil,controles nuevos en ninos menores de 2 anos,2006-03-01,2736,2736,2608,5344
EL CHORO,nutricion y desarrollo infantil,controles nuevos en ninos menores de 2 anos,2006-03-01,10,10,3,13
EL PUENTE(STC),nutricion y desarrollo infantil,controles nuevos en ninos menores de 2 anos,2006-03-01,151,151,125,276
EL PUENTE(TJA),nutricion y desarrollo infantil,controles nuevos en ninos menores de 2 anos,2006-03-01,11,11,17,28
EL TORNO,nutricion y desarrollo infantil,controles nuevos en ninos menores de 2 anos,2006-03-01,58,58,42,100
EL VILLAR,nutricion y desarrollo infantil,controles nuevos en ninos menores de 2 anos,2006-03-01,5,5,4,9
ENTRE RIOS,nutricion y desarrollo infantil,controles nuevos en ninos menores de 2 anos,2006-03-01,19,19,11,30
ENTRE RIOS,nutricion y desarrollo infantil,controles nuevos en ninos menores de 2 anos,2006-03-01,119,119,132,251
ESCARA,nutricion y desarrollo infantil,controles nuevos en ninos menores de 2 anos,2006-03-01,1,1,0,1
EUCALIPTUS,nutricion y desarrollo infantil,controles nuevos en ninos menores de 2 anos,2006-03-01,4,4,9,13
EUREKA (SANTOS MERCADO),nutricion y desarrollo infantil,controles nuevos en ninos menores de 2 anos,2006-03-01,4,4,1,5
EXALTACION,nutricion y desarrollo infantil,controles nuevos en ninos menores de 2 anos,2006-03-01,2,2,1,3
FERNANDEZ ALONSO,nutricion y desarrollo infantil,controles nuevos en ninos menores de 2 anos,2006-03-01,13,13,16,29
FILADELFIA,nutricion y desarrollo infantil,controles nuevos en ninos menores de 2 anos,2006-03-01,15,15,8,23
GENERAL SAAVEDRA,nutricion y desarrollo infantil,controles nuevos en ninos menores de 2 anos,2006-03-01,53,53,50,103
GRAL. J.J. PEREZ (CHARAZANI),nutricion y desarrollo infantil,controles nuevos en ninos menores de 2 anos,2006-03-01,23,23,16,39
GUANAY,nutricion y desarrollo infantil,controles nuevos en ninos menores de 2 anos,2006-03-01,16,16,18,34
GUAQUI,nutricion y desarrollo infantil,controles nuevos en ninos menores de 2 anos,2006-03-01,6,6,12,18
GUAYARAMERIN,nutricion y desarrollo infantil,controles nuevos en ninos menores de 2 anos,2006-03-01,44,44,42,86
GUTIERREZ,nutricion y desarrollo infantil,controles nuevos en ninos menores de 2 anos,2006-03-01,29,29,27,56
HUACARETA,nutricion y desarrollo infantil,controles nuevos en ninos menores de 2 anos,2006-03-01,38,38,30,68
HUACAYA (VILLA DE HUACAYA),nutricion y desarrollo infantil,controles nuevos en ninos menores de 2 anos,2006-03-01,24,24,17,41
HUACHACALLA,nutricion y desarrollo infantil,controles nuevos en ninos menores de 2 anos,2006-03-01,1,1,0,1
HUANUNI,nutricion y desarrollo infantil,controles nuevos en ninos menores de 2 anos,2006-03-01,42,42,28,70
HUARACAJE,nutricion y desarrollo infantil,controles nuevos en ninos menores de 2 anos,2006-03-01,2,2,5,7
HUAYLLAMARCA,nutricion y desarrollo infantil,controles nuevos en ninos menores de 2 anos,2006-03-01,13,13,15,28
ICHOCA,nutricion y desarrollo infantil,controles nuevos en ninos menores de 2 anos,2006-03-01,27,27,23,50
ICLA,nutricion y desarrollo infantil,controles nuevos en ninos menores de 2 anos,2006-03-01,21,21,26,47
INCAHUASI,nutricion y desarrollo infantil,controles nuevos en ninos menores de 2 anos,2006-03-01,91,91,100,191
INGAVI (HUMAITA),nutricion y desarrollo infantil,controles nuevos en ninos menores de 2 anos,2006-03-01,1,1,0,1
INQUISIVI,nutricion y desarrollo infantil,controles nuevos en ninos menores de 2 anos,2006-03-01,42,42,33,75
IRUPANA (VILLA DE LANZA),nutricion y desarrollo infantil,controles nuevos en ninos menores de 2 anos,2006-03-01,13,13,16,29
IXIAMAS,nutricion y desarrollo infantil,controles nuevos en ninos menores de 2 anos,2006-03-01,9,9,11,20
JESUS DE MACHACA,nutricion y desarrollo infantil,controles nuevos en ninos menores de 2 anos,2006-03-01,8,8,4,12
LA ASUNTA,nutricion y desarrollo infantil,controles nuevos en ninos menores de 2 anos,2006-03-01,28,28,25,53
LA GUARDIA,nutricion y desarrollo infantil,controles nuevos en ninos menores de 2 anos,2006-03-01,131,131,131,262
LA PAZ,nutricion y desarrollo infantil,controles nuevos en ninos menores de 2 anos,2006-03-01,1468,1468,1507,2975
LA RIVERA,nutricion y desarrollo infantil,controles nuevos en ninos menores de 2 anos,2006-03-01,1,1,1,2
LAGUNILLAS,nutricion y desarrollo infantil,controles nuevos en ninos menores de 2 anos,2006-03-01,12,12,5,17
LAJA,nutricion y desarrollo infantil,controles nuevos en ninos menores de 2 anos,2006-03-01,23,23,26,49
LAS CARRERAS,nutricion y desarrollo infantil,controles nuevos en ninos menores de 2 anos,2006-03-01,6,6,3,9
LICOMA PAMPA,nutricion y desarrollo infantil,controles nuevos en ninos menores de 2 anos,2006-03-01,3,3,4,7
LLALLAGUA,nutricion y desarrollo infantil,controles nuevos en ninos menores de 2 anos,2006-03-01,72,72,69,141
LLICA,nutricion y desarrollo infantil,controles nuevos en ninos menores de 2 anos,2006-03-01,4,4,8,12
LORETO,nutricion y desarrollo infantil,controles nuevos en ninos menores de 2 anos,2006-03-01,21,21,48,69
LURIBAY,nutricion y desarrollo infantil,controles nuevos en ninos menores de 2 anos,2006-03-01,9,9,11,20
MACHACAMARCA,nutricion y desarrollo infantil,controles nuevos en ninos menores de 2 anos,2006-03-01,7,7,5,12
MACHARETI,nutricion y desarrollo infantil,controles nuevos en ninos menores de 2 anos,2006-03-01,11,11,19,30
MAGDALENA,nutricion y desarrollo infantil,controles nuevos en ninos menores de 2 anos,2006-03-01,15,15,6,21
MAIRANA,nutricion y desarrollo infantil,controles nuevos en ninos menores de 2 anos,2006-03-01,11,11,5,16
MALLA,nutricion y desarrollo infantil,controles nuevos en ninos menores de 2 anos,2006-03-01,3,3,1,4
MAPIRI,nutricion y desarrollo infantil,controles nuevos en ninos menores de 2 anos,2006-03-01,15,15,9,24
MECAPACA,nutricion y desarrollo infantil,controles nuevos en ninos menores de 2 anos,2006-03-01,23,23,11,34
MINEROS,nutricion y desarrollo infantil,controles nuevos en ninos menores de 2 anos,2006-03-01,25,25,35,60
MIZQUE,nutricion y desarrollo infantil,controles nuevos en ninos menores de 2 anos,2006-03-01,41,41,37,78
MOCOMOCO,nutricion y desarrollo infantil,controles nuevos en ninos menores de 2 anos,2006-03-01,18,18,15,33
MOJOCOYA,nutricion y desarrollo infantil,controles nuevos en ninos menores de 2 anos,2006-03-01,8,8,7,15
MONTEAGUDO,nutricion y desarrollo infantil,controles nuevos en ninos menores de 2 anos,2006-03-01,108,108,85,193
MONTERO,nutricion y desarrollo infantil,controles nuevos en ninos menores de 2 anos,2006-03-01,186,186,203,389
MORO MORO,nutricion y desarrollo infantil,controles nuevos en ninos menores de 2 anos,2006-03-01,0,0,2,2
MOROCHATA,nutricion y desarrollo infantil,controles nuevos en ninos menores de 2 anos,2006-03-01,136,136,125,261
NACEBE (SANTA ROSA DEL ABUNA),nutricion y desarrollo infantil,controles nuevos en ninos menores de 2 anos,2006-03-01,4,4,1,5
OCURI,nutricion y desarrollo infantil,controles nuevos en ninos menores de 2 anos,2006-03-01,36,36,30,66
OKINAWA,nutricion y desarrollo infantil,controles nuevos en ninos menores de 2 anos,2006-03-01,81,81,77,158
OMEREQUE,nutricion y desarrollo infantil,controles nuevos en ninos menores de 2 anos,2006-03-01,2,2,4,6
ORURO,nutricion y desarrollo infantil,controles nuevos en ninos menores de 2 anos,2006-03-01,628,628,679,1307
PADCAYA,nutricion y desarrollo infantil,controles nuevos en ninos menores de 2 anos,2006-03-01,24,24,19,43
PADILLA,nutricion y desarrollo infantil,controles nuevos en ninos menores de 2 anos,2006-03-01,23,23,24,47
PAILON,nutricion y desarrollo infantil,controles nuevos en ninos menores de 2 anos,2006-03-01,13,13,13,26
PALCA,nutricion y desarrollo infantil,controles nuevos en ninos menores de 2 anos,2006-03-01,14,14,13,27
PALOS BLANCOS,nutricion y desarrollo infantil,controles nuevos en ninos menores de 2 anos,2006-03-01,49,49,34,83
PAMPA AULLAGAS,nutricion y desarrollo infantil,controles nuevos en ninos menores de 2 anos,2006-03-01,4,4,3,7
PAMPA GRANDE,nutricion y desarrollo infantil,controles nuevos en ninos menores de 2 anos,2006-03-01,6,6,16,22
PAPEL PAMPA,nutricion y desarrollo infantil,controles nuevos en ninos menores de 2 anos,2006-03-01,3,3,5,8
PASORAPA,nutricion y desarrollo infantil,controles nuevos en ninos menores de 2 anos,2006-03-01,0,0,4,4
PATACAMAYA,nutricion y desarrollo infantil,controles nuevos en ninos menores de 2 anos,2006-03-01,43,43,47,90
PAZÑA,nutricion y desarrollo infantil,controles nuevos en ninos menores de 2 anos,2006-03-01,5,5,9,14
PELECHUCO,nutricion y desarrollo infantil,controles nuevos en ninos menores de 2 anos,2006-03-01,18,18,6,24
POCOATA,nutricion y desarrollo infantil,controles nuevos en ninos menores de 2 anos,2006-03-01,26,26,34,60
POCONA,nutricion y desarrollo infantil,controles nuevos en ninos menores de 2 anos,2006-03-01,45,45,32,77
POJO (CBBA),nutricion y desarrollo infantil,controles nuevos en ninos menores de 2 anos,2006-03-01,26,26,24,50
POOPO,nutricion y desarrollo infantil,controles nuevos en ninos menores de 2 anos,2006-03-01,6,6,8,14
PORCO,nutricion y desarrollo infantil,controles nuevos en ninos menores de 2 anos,2006-03-01,9,9,12,21
POROMA,nutricion y desarrollo infantil,controles nuevos en ninos menores de 2 anos,2006-03-01,112,112,94,206
PORONGO,nutricion y desarrollo infantil,controles nuevos en ninos menores de 2 anos,2006-03-01,24,24,12,36
PORTACHUELO,nutricion y desarrollo infantil,controles nuevos en ninos menores de 2 anos,2006-03-01,98,98,91,189
PORVENIR,nutricion y desarrollo infantil,controles nuevos en ninos menores de 2 anos,2006-03-01,3,3,1,4
POSTRER VALLE,nutricion y desarrollo infantil,controles nuevos en ninos menores de 2 anos,2006-03-01,1,1,2,3
POTOSI,nutricion y desarrollo infantil,controles nuevos en ninos menores de 2 anos,2006-03-01,220,220,224,444
PRESTO,nutricion y desarrollo infantil,controles nuevos en ninos menores de 2 anos,2006-03-01,11,11,10,21
PUCARA,nutricion y desarrollo infantil,controles nuevos en ninos menores de 2 anos,2006-03-01,1,1,0,1
PUCARANI,nutricion y desarrollo infantil,controles nuevos en ninos menores de 2 anos,2006-03-01,36,36,25,61
PUERTO ACOSTA,nutricion y desarrollo infantil,controles nuevos en ninos menores de 2 anos,2006-03-01,41,41,30,71
PUERTO CARABUCO,nutricion y desarrollo infantil,controles nuevos en ninos menores de 2 anos,2006-03-01,23,23,15,38
PUERTO GONZALO MORENO,nutricion y desarrollo infantil,controles nuevos en ninos menores de 2 anos,2006-03-01,16,16,25,41
PUERTO PEREZ,nutricion y desarrollo infantil,controles nuevos en ninos menores de 2 anos,2006-03-01,10,10,8,18
PUERTO QUIJARRO,nutricion y desarrollo infantil,controles nuevos en ninos menores de 2 anos,2006-03-01,32,32,37,69
PUERTO RICO,nutricion y desarrollo infantil,controles nuevos en ninos menores de 2 anos,2006-03-01,12,12,13,25
PUERTO SILES,nutricion y desarrollo infantil,controles nuevos en ninos menores de 2 anos,2006-03-01,10,10,13,23
PUERTO SUAREZ,nutricion y desarrollo infantil,controles nuevos en ninos menores de 2 anos,2006-03-01,30,30,28,58
PUERTO VILLARROEL,nutricion y desarrollo infantil,controles nuevos en ninos menores de 2 anos,2006-03-01,124,124,126,250
PUNA,nutricion y desarrollo infantil,controles nuevos en ninos menores de 2 anos,2006-03-01,49,49,55,104
PUNATA,nutricion y desarrollo infantil,controles nuevos en ninos menores de 2 anos,2006-03-01,148,148,169,317
QUIABAYA,nutricion y desarrollo infantil,controles nuevos en ninos menores de 2 anos,2006-03-01,2,2,2,4
QUILLACOLLO,nutricion y desarrollo infantil,controles nuevos en ninos menores de 2 anos,2006-03-01,888,888,629,1517
QUIME,nutricion y desarrollo infantil,controles nuevos en ninos menores de 2 anos,2006-03-01,16,16,17,33
QUIRUSILLAS,nutricion y desarrollo infantil,controles nuevos en ninos menores de 2 anos,2006-03-01,1,1,1,2
RAVELO,nutricion y desarrollo infantil,controles nuevos en ninos menores de 2 anos,2006-03-01,21,21,24,45
REYES,nutricion y desarrollo infantil,controles nuevos en ninos menores de 2 anos,2006-03-01,7,7,14,21
RIBERALTA,nutricion y desarrollo infantil,controles nuevos en ninos menores de 2 anos,2006-03-01,176,176,164,340
ROBORE,nutricion y desarrollo infantil,controles nuevos en ninos menores de 2 anos,2006-03-01,46,46,42,88
RURRENABAQUE,nutricion y desarrollo infantil,controles nuevos en ninos menores de 2 anos,2006-03-01,39,39,21,60
SABAYA,nutricion y desarrollo infantil,controles nuevos en ninos menores de 2 anos,2006-03-01,9,9,6,15
SACABA,nutricion y desarrollo infantil,controles nuevos en ninos menores de 2 anos,2006-03-01,698,698,620,1318
SACABAMBA,nutricion y desarrollo infantil,controles nuevos en ninos menores de 2 anos,2006-03-01,14,14,18,32
SACACA,nutricion y desarrollo infantil,controles nuevos en ninos menores de 2 anos,2006-03-01,25,25,18,43
SAIPINA,nutricion y desarrollo infantil,controles nuevos en ninos menores de 2 anos,2006-03-01,11,11,14,25
SALINAS DE GARCI MENDOZA,nutricion y desarrollo infantil,controles nuevos en ninos menores de 2 anos,2006-03-01,6,6,3,9
SAMAIPATA,nutricion y desarrollo infantil,controles nuevos en ninos menores de 2 anos,2006-03-01,9,9,4,13
SAN AGUSTIN,nutricion y desarrollo infantil,controles nuevos en ninos menores de 2 anos,2006-03-01,0,0,1,1
SAN ANDRES,nutricion y desarrollo infantil,controles nuevos en ninos menores de 2 anos,2006-03-01,52,52,67,119
SAN ANDRES DE MACHACA,nutricion y desarrollo infantil,controles nuevos en ninos menores de 2 anos,2006-03-01,3,3,4,7
SAN ANTONIO DE ESMORUCO,nutricion y desarrollo infantil,controles nuevos en ninos menores de 2 anos,2006-03-01,4,4,9,13
SAN ANTONIO DE LOMERIO,nutricion y desarrollo infantil,controles nuevos en ninos menores de 2 anos,2006-03-01,4,4,7,11
SAN BENITO,nutricion y desarrollo infantil,controles nuevos en ninos menores de 2 anos,2006-03-01,29,29,40,69
SAN BORJA,nutricion y desarrollo infantil,controles nuevos en ninos menores de 2 anos,2006-03-01,72,72,69,141
SAN BUENA VENTURA,nutricion y desarrollo infantil,controles nuevos en ninos menores de 2 anos,2006-03-01,10,10,14,24
SAN CARLOS,nutricion y desarrollo infantil,controles nuevos en ninos menores de 2 anos,2006-03-01,18,18,33,51
SAN IGNACIO,nutricion y desarrollo infantil,controles nuevos en ninos menores de 2 anos,2006-03-01,60,60,44,104
SAN IGNACIO DE VELASCO,nutricion y desarrollo infantil,controles nuevos en ninos menores de 2 anos,2006-03-01,91,91,80,171
SAN JAVIER(BNI),nutricion y desarrollo infantil,controles nuevos en ninos menores de 2 anos,2006-03-01,5,5,9,14
SAN JAVIER(STC),nutricion y desarrollo infantil,controles nuevos en ninos menores de 2 anos,2006-03-01,28,28,19,47
SAN JOAQUIN,nutricion y desarrollo infantil,controles nuevos en ninos menores de 2 anos,2006-03-01,14,14,11,25
SAN JOSE DE CHIQUITOS,nutricion y desarrollo infantil,controles nuevos en ninos menores de 2 anos,2006-03-01,23,23,20,43
SAN JUAN DE YAPACANI,nutricion y desarrollo infantil,controles nuevos en ninos menores de 2 anos,2006-03-01,6,6,16,22
SAN JULIAN,nutricion y desarrollo infantil,controles nuevos en ninos menores de 2 anos,2006-03-01,190,190,162,352
SAN LORENZO(PND),nutricion y desarrollo infantil,controles nuevos en ninos menores de 2 anos,2006-03-01,40,40,15,55
SAN LORENZO(TJA),nutricion y desarrollo infantil,controles nuevos en ninos menores de 2 anos,2006-03-01,32,32,23,55
SAN LUCAS,nutricion y desarrollo infantil,controles nuevos en ninos menores de 2 anos,2006-03-01,132,132,117,249
SAN MATIAS,nutricion y desarrollo infantil,controles nuevos en ninos menores de 2 anos,2006-03-01,15,15,9,24
SAN MIGUEL DE VELASCO,nutricion y desarrollo infantil,controles nuevos en ninos menores de 2 anos,2006-03-01,9,9,9,18
SAN PABLO DE LIPEZ,nutricion y desarrollo infantil,controles nuevos en ninos menores de 2 anos,2006-03-01,2,2,3,5
SAN PEDRO,nutricion y desarrollo infantil,controles nuevos en ninos menores de 2 anos,2006-03-01,29,29,20,49
SAN PEDRO DE BUENA VISTA,nutricion y desarrollo infantil,controles nuevos en ninos menores de 2 anos,2006-03-01,54,54,47,101
SAN PEDRO DE CURAHUARA,nutricion y desarrollo infantil,controles nuevos en ninos menores de 2 anos,2006-03-01,6,6,1,7
SAN PEDRO DE TIQUINA,nutricion y desarrollo infantil,controles nuevos en ninos menores de 2 anos,2006-03-01,2,2,3,5
SAN RAFAEL,nutricion y desarrollo infantil,controles nuevos en ninos menores de 2 anos,2006-03-01,7,7,4,11
SAN RAMON,nutricion y desarrollo infantil,controles nuevos en ninos menores de 2 anos,2006-03-01,12,12,10,22
SAN RAMON,nutricion y desarrollo infantil,controles nuevos en ninos menores de 2 anos,2006-03-01,6,6,13,19
SANTA ANA,nutricion y desarrollo infantil,controles nuevos en ninos menores de 2 anos,2006-03-01,41,41,49,90
SANTA CRUZ DE LA SIERRA,nutricion y desarrollo infantil,controles nuevos en ninos menores de 2 anos,2006-03-01,3253,3253,2738,5991
SANTA ROSA,nutricion y desarrollo infantil,controles nuevos en ninos menores de 2 anos,2006-03-01,14,14,17,31
SANTA ROSA DEL SARA,nutricion y desarrollo infantil,controles nuevos en ninos menores de 2 anos,2006-03-01,30,30,31,61
SANTIAGO DE CALLAPA,nutricion y desarrollo infantil,controles nuevos en ninos menores de 2 anos,2006-03-01,8,8,5,13
SANTIAGO DE HUARI,nutricion y desarrollo infantil,controles nuevos en ninos menores de 2 anos,2006-03-01,4,4,6,10
SANTIAGO DE MACHACA,nutricion y desarrollo infantil,controles nuevos en ninos menores de 2 anos,2006-03-01,2,2,2,4
SANTIVAÑES,nutricion y desarrollo infantil,controles nuevos en ninos menores de 2 anos,2006-03-01,5,5,7,12
SANTUARIO DE QUILLACAS,nutricion y desarrollo infantil,controles nuevos en ninos menores de 2 anos,2006-03-01,0,0,1,1
SAPAHAQUI,nutricion y desarrollo infantil,controles nuevos en ninos menores de 2 anos,2006-03-01,10,10,13,23
SENA,nutricion y desarrollo infantil,controles nuevos en ninos menores de 2 anos,2006-03-01,5,5,7,12
SICA SICA (VILLA AROMA),nutricion y desarrollo infantil,controles nuevos en ninos menores de 2 anos,2006-03-01,21,21,16,37
SICAYA,nutricion y desarrollo infantil,controles nuevos en ninos menores de 2 anos,2006-03-01,5,5,2,7
SIPE SIPE,nutricion y desarrollo infantil,controles nuevos en ninos menores de 2 anos,2006-03-01,255,255,248,503
SOPACHUY,nutricion y desarrollo infantil,controles nuevos en ninos menores de 2 anos,2006-03-01,21,21,15,36
SORACACHI,nutricion y desarrollo infantil,controles nuevos en ninos menores de 2 anos,2006-03-01,9,9,9,18
SORATA,nutricion y desarrollo infantil,controles nuevos en ninos menores de 2 anos,2006-03-01,32,32,19,51
SUCRE,nutricion y desarrollo infantil,controles nuevos en ninos menores de 2 anos,2006-03-01,956,956,947,1903
TACACHI,nutricion y desarrollo infantil,controles nuevos en ninos menores de 2 anos,2006-03-01,2,2,1,3
TACACOMA,nutricion y desarrollo infantil,controles nuevos en ninos menores de 2 anos,2006-03-01,6,6,4,10
TACOBAMBA,nutricion y desarrollo infantil,controles nuevos en ninos menores de 2 anos,2006-03-01,51,51,32,83
TACOPAYA,nutricion y desarrollo infantil,controles nuevos en ninos menores de 2 anos,2006-03-01,9,9,10,19
TAHUA,nutricion y desarrollo infantil,controles nuevos en ninos menores de 2 anos,2006-03-01,0,0,1,1
TAPACARI,nutricion y desarrollo infantil,controles nuevos en ninos menores de 2 anos,2006-03-01,85,85,102,187
TARABUCO,nutricion y desarrollo infantil,controles nuevos en ninos menores de 2 anos,2006-03-01,44,44,31,75
TARACO,nutricion y desarrollo infantil,controles nuevos en ninos menores de 2 anos,2006-03-01,8,8,8,16
TARATA,nutricion y desarrollo infantil,controles nuevos en ninos menores de 2 anos,2006-03-01,11,11,22,33
TARIJA,nutricion y desarrollo infantil,controles nuevos en ninos menores de 2 anos,2006-03-01,681,681,631,1312
TARVITA,nutricion y desarrollo infantil,controles nuevos en ninos menores de 2 anos,2006-03-01,62,62,80,142
TEOPONTE,nutricion y desarrollo infantil,controles nuevos en ninos menores de 2 anos,2006-03-01,20,20,26,46
TIAWANACU,nutricion y desarrollo infantil,controles nuevos en ninos menores de 2 anos,2006-03-01,13,13,11,24
TINGUIPAYA,nutricion y desarrollo infantil,controles nuevos en ninos menores de 2 anos,2006-03-01,45,45,35,80
TIPUANI,nutricion y desarrollo infantil,controles nuevos en ninos menores de 2 anos,2006-03-01,18,18,14,32
TIQUIPAYA,nutricion y desarrollo infantil,controles nuevos en ninos menores de 2 anos,2006-03-01,79,79,66,145
TIRAQUE (CBBA),nutricion y desarrollo infantil,controles nuevos en ninos menores de 2 anos,2006-03-01,353,353,263,616
TITO YUPANQUI (PARQUIPUJIO),nutricion y desarrollo infantil,controles nuevos en ninos menores de 2 anos,2006-03-01,1,1,4,5
TOCO,nutricion y desarrollo infantil,controles nuevos en ninos menores de 2 anos,2006-03-01,11,11,4,15
TOLATA,nutricion y desarrollo infantil,controles nuevos en ninos menores de 2 anos,2006-03-01,41,41,36,77
TOLEDO,nutricion y desarrollo infantil,controles nuevos en ninos menores de 2 anos,2006-03-01,10,10,12,22
TOMAVE,nutricion y desarrollo infantil,controles nuevos en ninos menores de 2 anos,2006-03-01,16,16,10,26
TOMINA,nutricion y desarrollo infantil,controles nuevos en ninos menores de 2 anos,2006-03-01,9,9,5,14
TORO TORO,nutricion y desarrollo infantil,controles nuevos en ninos menores de 2 anos,2006-03-01,23,23,11,34
TOTORA(CBBA),nutricion y desarrollo infantil,controles nuevos en ninos menores de 2 anos,2006-03-01,86,86,55,141
TOTORA(ORR),nutricion y desarrollo infantil,controles nuevos en ninos menores de 2 anos,2006-03-01,21,21,11,32
TRIGAL,nutricion y desarrollo infantil,controles nuevos en ninos menores de 2 anos,2006-03-01,2,2,0,2
TRINIDAD,nutricion y desarrollo infantil,controles nuevos en ninos menores de 2 anos,2006-03-01,550,550,568,1118
TUPIZA,nutricion y desarrollo infantil,controles nuevos en ninos menores de 2 anos,2006-03-01,38,38,38,76
TURCO,nutricion y desarrollo infantil,controles nuevos en ninos menores de 2 anos,2006-03-01,7,7,7,14
UMALA,nutricion y desarrollo infantil,controles nuevos en ninos menores de 2 anos,2006-03-01,3,3,5,8
UNCIA,nutricion y desarrollo infantil,controles nuevos en ninos menores de 2 anos,2006-03-01,27,27,13,40
URIONDO (A. CONCEPCION),nutricion y desarrollo infantil,controles nuevos en ninos menores de 2 anos,2006-03-01,23,23,24,47
UYUNI,nutricion y desarrollo infantil,controles nuevos en ninos menores de 2 anos,2006-03-01,37,37,29,66
VACAS,nutricion y desarrollo infantil,controles nuevos en ninos menores de 2 anos,2006-03-01,22,22,17,39
VALLEGRANDE,nutricion y desarrollo infantil,controles nuevos en ninos menores de 2 anos,2006-03-01,22,22,17,39
VIACHA,nutricion y desarrollo infantil,controles nuevos en ninos menores de 2 anos,2006-03-01,76,76,82,158
VILA VILA,nutricion y desarrollo infantil,controles nuevos en ninos menores de 2 anos,2006-03-01,13,13,17,30
VILLA MONTES,nutricion y desarrollo infantil,controles nuevos en ninos menores de 2 anos,2006-03-01,20,20,17,37
VILLA NUEVA (LOMA ALTA),nutricion y desarrollo infantil,controles nuevos en ninos menores de 2 anos,2006-03-01,4,4,12,16
VILLA RIVERO,nutricion y desarrollo infantil,controles nuevos en ninos menores de 2 anos,2006-03-01,10,10,9,19
VILLA SERRANO,nutricion y desarrollo infantil,controles nuevos en ninos menores de 2 anos,2006-03-01,11,11,9,20
VILLA TUNARI,nutricion y desarrollo infantil,controles nuevos en ninos menores de 2 anos,2006-03-01,371,371,361,732
VILLA VACA GUZMAN (MUYUPAMPA),nutricion y desarrollo infantil,controles nuevos en ninos menores de 2 anos,2006-03-01,37,37,27,64
VILLAZON,nutricion y desarrollo infantil,controles nuevos en ninos menores de 2 anos,2006-03-01,45,45,42,87
VINTO,nutricion y desarrollo infantil,controles nuevos en ninos menores de 2 anos,2006-03-01,20,20,20,40
VITICHI,nutricion y desarrollo infantil,controles nuevos en ninos menores de 2 anos,2006-03-01,8,8,3,11
WALDO BALLIVIAN,nutricion y desarrollo infantil,controles nuevos en ninos menores de 2 anos,2006-03-01,1,1,1,2
WARNES,nutricion y desarrollo infantil,controles nuevos en ninos menores de 2 anos,2006-03-01,188,188,152,340
YACO,nutricion y desarrollo infantil,controles nuevos en ninos menores de 2 anos,2006-03-01,6,6,5,11
YACUIBA,nutricion y desarrollo infantil,controles nuevos en ninos menores de 2 anos,2006-03-01,73,73,67,140
YAMPARAEZ,nutricion y desarrollo infantil,controles nuevos en ninos menores de 2 anos,2006-03-01,12,12,15,27
YANACACHI,nutricion y desarrollo infantil,controles nuevos en ninos menores de 2 anos,2006-03-01,2,2,4,6
YAPACANI,nutricion y desarrollo infantil,controles nuevos en ninos menores de 2 anos,2006-03-01,61,61,58,119
YOCALLA,nutricion y desarrollo infantil,controles nuevos en ninos menores de 2 anos,2006-03-01,3,3,1,4
YOTALA,nutricion y desarrollo infantil,controles nuevos en ninos menores de 2 anos,2006-03-01,36,36,12,48
YUNCHARA,nutricion y desarrollo infantil,controles nuevos en ninos menores de 2 anos,2006-03-01,3,3,3,6
ZUDAÑEZ,nutricion y desarrollo infantil,controles nuevos en ninos menores de 2 anos,2006-03-01,21,21,21,42
ACACIO,nutricion y desarrollo infantil,controles nuevos en ninos menores de 2 anos,2006-04-01,3,3,2,5
ACHACACHI,nutricion y desarrollo infantil,controles nuevos en ninos menores de 2 anos,2006-04-01,60,60,62,122
ACHOCALLA,nutricion y desarrollo infantil,controles nuevos en ninos menores de 2 anos,2006-04-01,10,10,8,18
AIQUILE,nutricion y desarrollo infantil,controles nuevos en ninos menores de 2 anos,2006-04-01,32,32,24,56
ALALAY,nutricion y desarrollo infantil,controles nuevos en ninos menores de 2 anos,2006-04-01,5,5,3,8
ALCALA,nutricion y desarrollo infantil,controles nuevos en ninos menores de 2 anos,2006-04-01,1,1,3,4
ANCORAIMES,nutricion y desarrollo infantil,controles nuevos en ninos menores de 2 anos,2006-04-01,9,9,8,17
ANDAMARCA,nutricion y desarrollo infantil,controles nuevos en ninos menores de 2 anos,2006-04-01,5,5,2,7
ANTEQUERA,nutricion y desarrollo infantil,controles nuevos en ninos menores de 2 anos,2006-04-01,4,4,6,10
ANZALDO,nutricion y desarrollo infantil,controles nuevos en ninos menores de 2 anos,2006-04-01,13,13,22,35
APOLO,nutricion y desarrollo infantil,controles nuevos en ninos menores de 2 anos,2006-04-01,22,22,11,33
ARAMPAMPA,nutricion y desarrollo infantil,controles nuevos en ninos menores de 2 anos,2006-04-01,7,7,5,12
ARANI,nutricion y desarrollo infantil,controles nuevos en ninos menores de 2 anos,2006-04-01,47,47,28,75
ARBIETO,nutricion y desarrollo infantil,controles nuevos en ninos menores de 2 anos,2006-04-01,14,14,23,37
ARQUE,nutricion y desarrollo infantil,controles nuevos en ninos menores de 2 anos,2006-04-01,20,20,30,50
ASCENCION DE GUARAYOS,nutricion y desarrollo infantil,controles nuevos en ninos menores de 2 anos,2006-04-01,46,46,68,114
ATOCHA,nutricion y desarrollo infantil,controles nuevos en ninos menores de 2 anos,2006-04-01,6,6,3,9
AUCAPATA,nutricion y desarrollo infantil,controles nuevos en ninos menores de 2 anos,2006-04-01,23,23,17,40
AYATA,nutricion y desarrollo infantil,controles nuevos en ninos menores de 2 anos,2006-04-01,9,9,10,19
AYO AYO,nutricion y desarrollo infantil,controles nuevos en ninos menores de 2 anos,2006-04-01,12,12,2,14
AYOPAYA (V. DE INDEPENDENCIA),nutricion y desarrollo infantil,controles nuevos en ninos menores de 2 anos,2006-04-01,68,68,67,135
AZURDUY,nutricion y desarrollo infantil,controles nuevos en ninos menores de 2 anos,2006-04-01,23,23,19,42
BATALLAS,nutricion y desarrollo infantil,controles nuevos en ninos menores de 2 anos,2006-04-01,23,23,19,42
BAURES,nutricion y desarrollo infantil,controles nuevos en ninos menores de 2 anos,2006-04-01,8,8,6,14
BELEN DE ANDAMARCA,nutricion y desarrollo infantil,controles nuevos en ninos menores de 2 anos,2006-04-01,2,2,3,5
BELEN DE URMIRI,nutricion y desarrollo infantil,controles nuevos en ninos menores de 2 anos,2006-04-01,1,1,0,1
BELLA FLOR,nutricion y desarrollo infantil,controles nuevos en ninos menores de 2 anos,2006-04-01,4,4,5,9
BERMEJO,nutricion y desarrollo infantil,controles nuevos en ninos menores de 2 anos,2006-04-01,43,43,48,91
BETANZOS,nutricion y desarrollo infantil,controles nuevos en ninos menores de 2 anos,2006-04-01,29,29,29,58
BOLIVAR,nutricion y desarrollo infantil,controles nuevos en ninos menores de 2 anos,2006-04-01,7,7,12,19
BOLPEBRA,nutricion y desarrollo infantil,controles nuevos en ninos menores de 2 anos,2006-04-01,4,4,3,7
BOYUIBE,nutricion y desarrollo infantil,controles nuevos en ninos menores de 2 anos,2006-04-01,11,11,1,12
BUENA VISTA,nutricion y desarrollo infantil,controles nuevos en ninos menores de 2 anos,2006-04-01,16,16,21,37
CABEZAS,nutricion y desarrollo infantil,controles nuevos en ninos menores de 2 anos,2006-04-01,22,22,28,50
CAIROMA,nutricion y desarrollo infantil,controles nuevos en ninos menores de 2 anos,2006-04-01,11,11,12,23
"CAIZA ""D""",nutricion y desarrollo infantil,controles nuevos en ninos menores de 2 anos,2006-04-01,10,10,12,22
CAJUATA,nutricion y desarrollo infantil,controles nuevos en ninos menores de 2 anos,2006-04-01,19,19,22,41
CALACOTO,nutricion y desarrollo infantil,controles nuevos en ninos menores de 2 anos,2006-04-01,9,9,9,18
CALAMARCA,nutricion y desarrollo infantil,controles nuevos en ninos menores de 2 anos,2006-04-01,11,11,15,26
CAMARGO,nutricion y desarrollo infantil,controles nuevos en ninos menores de 2 anos,2006-04-01,13,13,19,32
CAMATAQUI (C. VILLA ABECIA),nutricion y desarrollo infantil,controles nuevos en ninos menores de 2 anos,2006-04-01,4,4,7,11
CAMIRI,nutricion y desarrollo infantil,controles nuevos en ninos menores de 2 anos,2006-04-01,62,62,53,115
CAPINOTA,nutricion y desarrollo infantil,controles nuevos en ninos menores de 2 anos,2006-04-01,16,16,8,24
CAQUIAVIRI,nutricion y desarrollo infantil,controles nuevos en ninos menores de 2 anos,2006-04-01,8,8,6,14
CARACOLLO,nutricion y desarrollo infantil,controles nuevos en ninos menores de 2 anos,2006-04-01,24,24,16,40
CARANAVI,nutricion y desarrollo infantil,controles nuevos en ninos menores de 2 anos,2006-04-01,94,94,295,389
CARANGAS,nutricion y desarrollo infantil,controles nuevos en ninos menores de 2 anos,2006-04-01,0,0,3,3
CARAPARI,nutricion y desarrollo infantil,controles nuevos en ninos menores de 2 anos,2006-04-01,20,20,19,39
CARIPUYO,nutricion y desarrollo infantil,controles nuevos en ninos menores de 2 anos,2006-04-01,10,10,4,14
CARMEN RIVERO TORREZ,nutricion y desarrollo infantil,controles nuevos en ninos menores de 2 anos,2006-04-01,16,16,5,21
CATACORA,nutricion y desarrollo infantil,controles nuevos en ninos menores de 2 anos,2006-04-01,1,1,2,3
CHACARILLA,nutricion y desarrollo infantil,controles nuevos en ninos menores de 2 anos,2006-04-01,7,7,9,16
CHALLAPATA,nutricion y desarrollo infantil,controles nuevos en ninos menores de 2 anos,2006-04-01,31,31,32,63
CHAQUI,nutricion y desarrollo infantil,controles nuevos en ninos menores de 2 anos,2006-04-01,14,14,8,22
CHARAGUA,nutricion y desarrollo infantil,controles nuevos en ninos menores de 2 anos,2006-04-01,29,29,37,66
CHARAÑA,nutricion y desarrollo infantil,controles nuevos en ninos menores de 2 anos,2006-04-01,1,1,2,3
CHAYANTA,nutricion y desarrollo infantil,controles nuevos en ninos menores de 2 anos,2006-04-01,18,18,17,35
CHIMORE,nutricion y desarrollo infantil,controles nuevos en ninos menores de 2 anos,2006-04-01,31,31,18,49
CHIPAYA,nutricion y desarrollo infantil,controles nuevos en ninos menores de 2 anos,2006-04-01,2,2,1,3
CHOQUE COTA,nutricion y desarrollo infantil,controles nuevos en ninos menores de 2 anos,2006-04-01,2,2,0,2
CHULUMANI (V. DE LA LIBERTAD),nutricion y desarrollo infantil,controles nuevos en ninos menores de 2 anos,2006-04-01,58,58,40,98
CHUMA,nutricion y desarrollo infantil,controles nuevos en ninos menores de 2 anos,2006-04-01,9,9,8,17
CLIZA,nutricion y desarrollo infantil,controles nuevos en ninos menores de 2 anos,2006-04-01,34,34,26,60
COBIJA,nutricion y desarrollo infantil,controles nuevos en ninos menores de 2 anos,2006-04-01,38,38,32,70
COCHABAMBA,nutricion y desarrollo infantil,controles nuevos en ninos menores de 2 anos,2006-04-01,1649,1649,1406,3055
COLCAPIRHUA,nutricion y desarrollo infantil,controles nuevos en ninos menores de 2 anos,2006-04-01,248,248,280,528
"COLCHA ""K""",nutricion y desarrollo infantil,controles nuevos en ninos menores de 2 anos,2006-04-01,17,17,12,29
COLLANA,nutricion y desarrollo infantil,controles nuevos en ninos menores de 2 anos,2006-04-01,4,4,1,5
COLOMI,nutricion y desarrollo infantil,controles nuevos en ninos menores de 2 anos,2006-04-01,112,112,93,205
COLPA BELGICA,nutricion y desarrollo infantil,controles nuevos en ninos menores de 2 anos,2006-04-01,9,9,5,14
COLQUECHACA,nutricion y desarrollo infantil,controles nuevos en ninos menores de 2 anos,2006-04-01,33,33,34,67
COLQUENCHA,nutricion y desarrollo infantil,controles nuevos en ninos menores de 2 anos,2006-04-01,9,9,7,16
COLQUIRI,nutricion y desarrollo infantil,controles nuevos en ninos menores de 2 anos,2006-04-01,13,13,17,30
COMANCHE,nutricion y desarrollo infantil,controles nuevos en ninos menores de 2 anos,2006-04-01,1,1,2,3
COMARAPA,nutricion y desarrollo infantil,controles nuevos en ninos menores de 2 anos,2006-04-01,29,29,9,38
COMBAYA,nutricion y desarrollo infantil,controles nuevos en ninos menores de 2 anos,2006-04-01,1,1,2,3
CONCEPCION,nutricion y desarrollo infantil,controles nuevos en ninos menores de 2 anos,2006-04-01,15,15,14,29
COPACABANA,nutricion y desarrollo infantil,controles nuevos en ninos menores de 2 anos,2006-04-01,8,8,13,21
CORIPATA,nutricion y desarrollo infantil,controles nuevos en ninos menores de 2 anos,2006-04-01,42,42,57,99
CORO CORO,nutricion y desarrollo infantil,controles nuevos en ninos menores de 2 anos,2006-04-01,13,13,14,27
COROICO,nutricion y desarrollo infantil,controles nuevos en ninos menores de 2 anos,2006-04-01,57,57,59,116
CORQUE,nutricion y desarrollo infantil,controles nuevos en ninos menores de 2 anos,2006-04-01,8,8,15,23
COTAGAITA,nutricion y desarrollo infantil,controles nuevos en ninos menores de 2 anos,2006-04-01,40,40,20,60
COTOCA,nutricion y desarrollo infantil,controles nuevos en ninos menores de 2 anos,2006-04-01,39,39,32,71
CUATRO CAÑADAS,nutricion y desarrollo infantil,controles nuevos en ninos menores de 2 anos,2006-04-01,31,31,30,61
CUCHUMUELA (V. G. VILLARROEL),nutricion y desarrollo infantil,controles nuevos en ninos menores de 2 anos,2006-04-01,5,5,3,8
CUEVO,nutricion y desarrollo infantil,controles nuevos en ninos menores de 2 anos,2006-04-01,2,2,2,4
CULPINA,nutricion y desarrollo infantil,controles nuevos en ninos menores de 2 anos,2006-04-01,29,29,23,52
CURAHUARA DE CARANGAS,nutricion y desarrollo infantil,controles nuevos en ninos menores de 2 anos,2006-04-01,10,10,6,16
CURVA,nutricion y desarrollo infantil,controles nuevos en ninos menores de 2 anos,2006-04-01,5,5,3,8
DESAGUADERO,nutricion y desarrollo infantil,controles nuevos en ninos menores de 2 anos,2006-04-01,9,9,5,14
EL ALTO,nutricion y desarrollo infantil,controles nuevos en ninos menores de 2 anos,2006-04-01,2013,2013,1895,3908
EL CHORO,nutricion y desarrollo infantil,controles nuevos en ninos menores de 2 anos,2006-04-01,4,4,2,6
EL PUENTE(STC),nutricion y desarrollo infantil,controles nuevos en ninos menores de 2 anos,2006-04-01,101,101,72,173
EL PUENTE(TJA),nutricion y desarrollo infantil,controles nuevos en ninos menores de 2 anos,2006-04-01,9,9,4,13
EL TORNO,nutricion y desarrollo infantil,controles nuevos en ninos menores de 2 anos,2006-04-01,45,45,43,88
EL VILLAR,nutricion y desarrollo infantil,controles nuevos en ninos menores de 2 anos,2006-04-01,5,5,2,7
ENTRE RIOS,nutricion y desarrollo infantil,controles nuevos en ninos menores de 2 anos,2006-04-01,9,9,11,20
ENTRE RIOS,nutricion y desarrollo infantil,controles nuevos en ninos menores de 2 anos,2006-04-01,84,84,91,175
EUCALIPTUS,nutricion y desarrollo infantil,controles nuevos en ninos menores de 2 anos,2006-04-01,6,6,3,9
EUREKA (SANTOS MERCADO),nutricion y desarrollo infantil,controles nuevos en ninos menores de 2 anos,2006-04-01,3,3,7,10
EXALTACION,nutricion y desarrollo infantil,controles nuevos en ninos menores de 2 anos,2006-04-01,1,1,1,2
FERNANDEZ ALONSO,nutricion y desarrollo infantil,controles nuevos en ninos menores de 2 anos,2006-04-01,14,14,18,32
FILADELFIA,nutricion y desarrollo infantil,controles nuevos en ninos menores de 2 anos,2006-04-01,0,0,4,4
GENERAL SAAVEDRA,nutricion y desarrollo infantil,controles nuevos en ninos menores de 2 anos,2006-04-01,29,29,42,71
GRAL. J.J. PEREZ (CHARAZANI),nutricion y desarrollo infantil,controles nuevos en ninos menores de 2 anos,2006-04-01,15,15,6,21
GUANAY,nutricion y desarrollo infantil,controles nuevos en ninos menores de 2 anos,2006-04-01,15,15,21,36
GUAQUI,nutricion y desarrollo infantil,controles nuevos en ninos menores de 2 anos,2006-04-01,14,14,9,23
GUAYARAMERIN,nutricion y desarrollo infantil,controles nuevos en ninos menores de 2 anos,2006-04-01,53,53,55,108
GUTIERREZ,nutricion y desarrollo infantil,controles nuevos en ninos menores de 2 anos,2006-04-01,28,28,25,53
HUACARETA,nutricion y desarrollo infantil,controles nuevos en ninos menores de 2 anos,2006-04-01,14,14,14,28
HUACAYA (VILLA DE HUACAYA),nutricion y desarrollo infantil,controles nuevos en ninos menores de 2 anos,2006-04-01,4,4,4,8
HUACHACALLA,nutricion y desarrollo infantil,controles nuevos en ninos menores de 2 anos,2006-04-01,0,0,1,1
HUANUNI,nutricion y desarrollo infantil,controles nuevos en ninos menores de 2 anos,2006-04-01,33,33,41,74
HUARACAJE,nutricion y desarrollo infantil,controles nuevos en ninos menores de 2 anos,2006-04-01,2,2,3,5
HUAYLLAMARCA,nutricion y desarrollo infantil,controles nuevos en ninos menores de 2 anos,2006-04-01,2,2,9,11
ICHOCA,nutricion y desarrollo infantil,controles nuevos en ninos menores de 2 anos,2006-04-01,26,26,21,47
ICLA,nutricion y desarrollo infantil,controles nuevos en ninos menores de 2 anos,2006-04-01,16,16,13,29
INCAHUASI,nutricion y desarrollo infantil,controles nuevos en ninos menores de 2 anos,2006-04-01,66,66,38,104
INGAVI (HUMAITA),nutricion y desarrollo infantil,controles nuevos en ninos menores de 2 anos,2006-04-01,6,6,2,8
INQUISIVI,nutricion y desarrollo infantil,controles nuevos en ninos menores de 2 anos,2006-04-01,35,35,30,65
IRUPANA (VILLA DE LANZA),nutricion y desarrollo infantil,controles nuevos en ninos menores de 2 anos,2006-04-01,13,13,17,30
IXIAMAS,nutricion y desarrollo infantil,controles nuevos en ninos menores de 2 anos,2006-04-01,19,19,18,37
JESUS DE MACHACA,nutricion y desarrollo infantil,controles nuevos en ninos menores de 2 anos,2006-04-01,6,6,7,13
LA ASUNTA,nutricion y desarrollo infantil,controles nuevos en ninos menores de 2 anos,2006-04-01,33,33,42,75
LA GUARDIA,nutricion y desarrollo infantil,controles nuevos en ninos menores de 2 anos,2006-04-01,115,115,128,243
LA PAZ,nutricion y desarrollo infantil,controles nuevos en ninos menores de 2 anos,2006-04-01,1012,1012,1188,2200
LA RIVERA,nutricion y desarrollo infantil,controles nuevos en ninos menores de 2 anos,2006-04-01,2,2,1,3
LAGUNILLAS,nutricion y desarrollo infantil,controles nuevos en ninos menores de 2 anos,2006-04-01,11,11,8,19
LAJA,nutricion y desarrollo infantil,controles nuevos en ninos menores de 2 anos,2006-04-01,19,19,18,37
LAS CARRERAS,nutricion y desarrollo infantil,controles nuevos en ninos menores de 2 anos,2006-04-01,7,7,7,14
LICOMA PAMPA,nutricion y desarrollo infantil,controles nuevos en ninos menores de 2 anos,2006-04-01,0,0,1,1
LLALLAGUA,nutricion y desarrollo infantil,controles nuevos en ninos menores de 2 anos,2006-04-01,71,71,51,122
LLICA,nutricion y desarrollo infantil,controles nuevos en ninos menores de 2 anos,2006-04-01,4,4,7,11
LORETO,nutricion y desarrollo infantil,controles nuevos en ninos menores de 2 anos,2006-04-01,14,14,17,31
LURIBAY,nutricion y desarrollo infantil,controles nuevos en ninos menores de 2 anos,2006-04-01,11,11,5,16
MACHACAMARCA,nutricion y desarrollo infantil,controles nuevos en ninos menores de 2 anos,2006-04-01,3,3,2,5
MACHARETI,nutricion y desarrollo infantil,controles nuevos en ninos menores de 2 anos,2006-04-01,6,6,8,14
MAGDALENA,nutricion y desarrollo infantil,controles nuevos en ninos menores de 2 anos,2006-04-01,15,15,6,21
MAIRANA,nutricion y desarrollo infantil,controles nuevos en ninos menores de 2 anos,2006-04-01,12,12,2,14
MALLA,nutricion y desarrollo infantil,controles nuevos en ninos menores de 2 anos,2006-04-01,2,2,2,4
MAPIRI,nutricion y desarrollo infantil,controles nuevos en ninos menores de 2 anos,2006-04-01,14,14,17,31
MECAPACA,nutricion y desarrollo infantil,controles nuevos en ninos menores de 2 anos,2006-04-01,11,11,21,32
MINEROS,nutricion y desarrollo infantil,controles nuevos en ninos menores de 2 anos,2006-04-01,30,30,20,50
MIZQUE,nutricion y desarrollo infantil,controles nuevos en ninos menores de 2 anos,2006-04-01,60,60,121,181
MOCOMOCO,nutricion y desarrollo infantil,controles nuevos en ninos menores de 2 anos,2006-04-01,11,11,14,25
MOJINETE,nutricion y desarrollo infantil,controles nuevos en ninos menores de 2 anos,2006-04-01,2,2,1,3
MOJOCOYA,nutricion y desarrollo infantil,controles nuevos en ninos menores de 2 anos,2006-04-01,10,10,5,15
MONTEAGUDO,nutricion y desarrollo infantil,controles nuevos en ninos menores de 2 anos,2006-04-01,54,54,40,94
MONTERO,nutricion y desarrollo infantil,controles nuevos en ninos menores de 2 anos,2006-04-01,122,122,116,238
MORO MORO,nutricion y desarrollo infantil,controles nuevos en ninos menores de 2 anos,2006-04-01,0,0,1,1
MOROCHATA,nutricion y desarrollo infantil,controles nuevos en ninos menores de 2 anos,2006-04-01,113,113,95,208
NACEBE (SANTA ROSA DEL ABUNA),nutricion y desarrollo infantil,controles nuevos en ninos menores de 2 anos,2006-04-01,3,3,5,8
NAZACARA DE PACAJES,nutricion y desarrollo infantil,controles nuevos en ninos menores de 2 anos,2006-04-01,1,1,0,1
NUEVO MANOA (NUEVA ESPERANZA),nutricion y desarrollo infantil,controles nuevos en ninos menores de 2 anos,2006-04-01,0,0,1,1
OCURI,nutricion y desarrollo infantil,controles nuevos en ninos menores de 2 anos,2006-04-01,23,23,20,43
OKINAWA,nutricion y desarrollo infantil,controles nuevos en ninos menores de 2 anos,2006-04-01,32,32,25,57
OMEREQUE,nutricion y desarrollo infantil,controles nuevos en ninos menores de 2 anos,2006-04-01,5,5,11,16
ORURO,nutricion y desarrollo infantil,controles nuevos en ninos menores de 2 anos,2006-04-01,498,498,507,1005
PADCAYA,nutricion y desarrollo infantil,controles nuevos en ninos menores de 2 anos,2006-04-01,20,20,21,41
PADILLA,nutricion y desarrollo infantil,controles nuevos en ninos menores de 2 anos,2006-04-01,18,18,27,45
PAILON,nutricion y desarrollo infantil,controles nuevos en ninos menores de 2 anos,2006-04-01,17,17,22,39
PALCA,nutricion y desarrollo infantil,controles nuevos en ninos menores de 2 anos,2006-04-01,14,14,20,34
PALOS BLANCOS,nutricion y desarrollo infantil,controles nuevos en ninos menores de 2 anos,2006-04-01,43,43,149,192
PAMPA AULLAGAS,nutricion y desarrollo infantil,controles nuevos en ninos menores de 2 anos,2006-04-01,1,1,3,4
PAMPA GRANDE,nutricion y desarrollo infantil,controles nuevos en ninos menores de 2 anos,2006-04-01,7,7,12,19
PAPEL PAMPA,nutricion y desarrollo infantil,controles nuevos en ninos menores de 2 anos,2006-04-01,6,6,3,9
PASORAPA,nutricion y desarrollo infantil,controles nuevos en ninos menores de 2 anos,2006-04-01,3,3,3,6
PATACAMAYA,nutricion y desarrollo infantil,controles nuevos en ninos menores de 2 anos,2006-04-01,36,36,32,68
PAZÑA,nutricion y desarrollo infantil,controles nuevos en ninos menores de 2 anos,2006-04-01,5,5,7,12
PELECHUCO,nutricion y desarrollo infantil,controles nuevos en ninos menores de 2 anos,2006-04-01,7,7,4,11
POCOATA,nutricion y desarrollo infantil,controles nuevos en ninos menores de 2 anos,2006-04-01,20,20,31,51
POCONA,nutricion y desarrollo infantil,controles nuevos en ninos menores de 2 anos,2006-04-01,34,34,24,58
POJO (CBBA),nutricion y desarrollo infantil,controles nuevos en ninos menores de 2 anos,2006-04-01,25,25,11,36
POOPO,nutricion y desarrollo infantil,controles nuevos en ninos menores de 2 anos,2006-04-01,7,7,5,12
PORCO,nutricion y desarrollo infantil,controles nuevos en ninos menores de 2 anos,2006-04-01,9,9,12,21
POROMA,nutricion y desarrollo infantil,controles nuevos en ninos menores de 2 anos,2006-04-01,29,29,39,68
PORONGO,nutricion y desarrollo infantil,controles nuevos en ninos menores de 2 anos,2006-04-01,16,16,10,26
PORTACHUELO,nutricion y desarrollo infantil,controles nuevos en ninos menores de 2 anos,2006-04-01,119,119,112,231
PORVENIR,nutricion y desarrollo infantil,controles nuevos en ninos menores de 2 anos,2006-04-01,6,6,11,17
POSTRER VALLE,nutricion y desarrollo infantil,controles nuevos en ninos menores de 2 anos,2006-04-01,0,0,1,1
POTOSI,nutricion y desarrollo infantil,controles nuevos en ninos menores de 2 anos,2006-04-01,226,226,208,434
PRESTO,nutricion y desarrollo infantil,controles nuevos en ninos menores de 2 anos,2006-04-01,6,6,6,12
PUCARA,nutricion y desarrollo infantil,controles nuevos en ninos menores de 2 anos,2006-04-01,1,1,1,2
PUCARANI,nutricion y desarrollo infantil,controles nuevos en ninos menores de 2 anos,2006-04-01,26,26,25,51
PUERTO ACOSTA,nutricion y desarrollo infantil,controles nuevos en ninos menores de 2 anos,2006-04-01,23,23,19,42
PUERTO CARABUCO,nutricion y desarrollo infantil,controles nuevos en ninos menores de 2 anos,2006-04-01,16,16,8,24
PUERTO GONZALO MORENO,nutricion y desarrollo infantil,controles nuevos en ninos menores de 2 anos,2006-04-01,6,6,3,9
PUERTO PEREZ,nutricion y desarrollo infantil,controles nuevos en ninos menores de 2 anos,2006-04-01,6,6,5,11
PUERTO QUIJARRO,nutricion y desarrollo infantil,controles nuevos en ninos menores de 2 anos,2006-04-01,24,24,23,47
PUERTO RICO,nutricion y desarrollo infantil,controles nuevos en ninos menores de 2 anos,2006-04-01,6,6,10,16
PUERTO SILES,nutricion y desarrollo infantil,controles nuevos en ninos menores de 2 anos,2006-04-01,19,19,21,40
PUERTO SUAREZ,nutricion y desarrollo infantil,controles nuevos en ninos menores de 2 anos,2006-04-01,17,17,14,31
PUERTO VILLARROEL,nutricion y desarrollo infantil,controles nuevos en ninos menores de 2 anos,2006-04-01,117,117,90,207
PUNA,nutricion y desarrollo infantil,controles nuevos en ninos menores de 2 anos,2006-04-01,52,52,56,108
PUNATA,nutricion y desarrollo infantil,controles nuevos en ninos menores de 2 anos,2006-04-01,92,92,84,176
QUIABAYA,nutricion y desarrollo infantil,controles nuevos en ninos menores de 2 anos,2006-04-01,5,5,1,6
QUILLACOLLO,nutricion y desarrollo infantil,controles nuevos en ninos menores de 2 anos,2006-04-01,610,610,552,1162
QUIME,nutricion y desarrollo infantil,controles nuevos en ninos menores de 2 anos,2006-04-01,4,4,8,12
QUIRUSILLAS,nutricion y desarrollo infantil,controles nuevos en ninos menores de 2 anos,2006-04-01,1,1,1,2
RAVELO,nutricion y desarrollo infantil,controles nuevos en ninos menores de 2 anos,2006-04-01,11,11,21,32
REYES,nutricion y desarrollo infantil,controles nuevos en ninos menores de 2 anos,2006-04-01,14,14,28,42
RIBERALTA,nutricion y desarrollo infantil,controles nuevos en ninos menores de 2 anos,2006-04-01,152,152,159,311
ROBORE,nutricion y desarrollo infantil,controles nuevos en ninos menores de 2 anos,2006-04-01,33,33,24,57
RURRENABAQUE,nutricion y desarrollo infantil,controles nuevos en ninos menores de 2 anos,2006-04-01,33,33,20,53
SABAYA,nutricion y desarrollo infantil,controles nuevos en ninos menores de 2 anos,2006-04-01,4,4,3,7
SACABA,nutricion y desarrollo infantil,controles nuevos en ninos menores de 2 anos,2006-04-01,680,680,488,1168
SACABAMBA,nutricion y desarrollo infantil,controles nuevos en ninos menores de 2 anos,2006-04-01,30,30,14,44
SACACA,nutricion y desarrollo infantil,controles nuevos en ninos menores de 2 anos,2006-04-01,27,27,23,50
SAIPINA,nutricion y desarrollo infantil,controles nuevos en ninos menores de 2 anos,2006-04-01,8,8,6,14
SALINAS DE GARCI MENDOZA,nutricion y desarrollo infantil,controles nuevos en ninos menores de 2 anos,2006-04-01,7,7,5,12
SAMAIPATA,nutricion y desarrollo infantil,controles nuevos en ninos menores de 2 anos,2006-04-01,13,13,6,19
SAN AGUSTIN,nutricion y desarrollo infantil,controles nuevos en ninos menores de 2 anos,2006-04-01,4,4,2,6
SAN ANDRES,nutricion y desarrollo infantil,controles nuevos en ninos menores de 2 anos,2006-04-01,31,31,23,54
SAN ANDRES DE MACHACA,nutricion y desarrollo infantil,controles nuevos en ninos menores de 2 anos,2006-04-01,2,2,2,4
SAN ANTONIO DE ESMORUCO,nutricion y desarrollo infantil,controles nuevos en ninos menores de 2 anos,2006-04-01,5,5,2,7
SAN ANTONIO DE LOMERIO,nutricion y desarrollo infantil,controles nuevos en ninos menores de 2 anos,2006-04-01,6,6,14,20
SAN BENITO,nutricion y desarrollo infantil,controles nuevos en ninos menores de 2 anos,2006-04-01,39,39,45,84
SAN BORJA,nutricion y desarrollo infantil,controles nuevos en ninos menores de 2 anos,2006-04-01,57,57,56,113
SAN BUENA VENTURA,nutricion y desarrollo infantil,controles nuevos en ninos menores de 2 anos,2006-04-01,14,14,13,27
SAN CARLOS,nutricion y desarrollo infantil,controles nuevos en ninos menores de 2 anos,2006-04-01,22,22,24,46
SAN IGNACIO,nutricion y desarrollo infantil,controles nuevos en ninos menores de 2 anos,2006-04-01,55,55,39,94
SAN IGNACIO DE VELASCO,nutricion y desarrollo infantil,controles nuevos en ninos menores de 2 anos,2006-04-01,75,75,69,144
SAN JAVIER(BNI),nutricion y desarrollo infantil,controles nuevos en ninos menores de 2 anos,2006-04-01,8,8,5,13
SAN JAVIER(STC),nutricion y desarrollo infantil,controles nuevos en ninos menores de 2 anos,2006-04-01,14,14,25,39
SAN JOAQUIN,nutricion y desarrollo infantil,controles nuevos en ninos menores de 2 anos,2006-04-01,6,6,2,8
SAN JOSE DE CHIQUITOS,nutricion y desarrollo infantil,controles nuevos en ninos menores de 2 anos,2006-04-01,19,19,17,36
SAN JUAN DE YAPACANI,nutricion y desarrollo infantil,controles nuevos en ninos menores de 2 anos,2006-04-01,24,24,8,32
SAN JULIAN,nutricion y desarrollo infantil,controles nuevos en ninos menores de 2 anos,2006-04-01,106,106,120,226
SAN LORENZO(PND),nutricion y desarrollo infantil,controles nuevos en ninos menores de 2 anos,2006-04-01,6,6,2,8
SAN LORENZO(TJA),nutricion y desarrollo infantil,controles nuevos en ninos menores de 2 anos,2006-04-01,21,21,18,39
SAN LUCAS,nutricion y desarrollo infantil,controles nuevos en ninos menores de 2 anos,2006-04-01,87,87,91,178
SAN MATIAS,nutricion y desarrollo infantil,controles nuevos en ninos menores de 2 anos,2006-04-01,9,9,12,21
SAN MIGUEL DE VELASCO,nutricion y desarrollo infantil,controles nuevos en ninos menores de 2 anos,2006-04-01,10,10,2,12
SAN PABLO DE LIPEZ,nutricion y desarrollo infantil,controles nuevos en ninos menores de 2 anos,2006-04-01,5,5,3,8
SAN PEDRO,nutricion y desarrollo infantil,controles nuevos en ninos menores de 2 anos,2006-04-01,17,17,18,35
SAN PEDRO DE BUENA VISTA,nutricion y desarrollo infantil,controles nuevos en ninos menores de 2 anos,2006-04-01,44,44,40,84
SAN PEDRO DE CURAHUARA,nutricion y desarrollo infantil,controles nuevos en ninos menores de 2 anos,2006-04-01,4,4,12,16
SAN PEDRO DE TIQUINA,nutricion y desarrollo infantil,controles nuevos en ninos menores de 2 anos,2006-04-01,2,2,4,6
SAN PEDRO(PND),nutricion y desarrollo infantil,controles nuevos en ninos menores de 2 anos,2006-04-01,7,7,2,9
SAN RAFAEL,nutricion y desarrollo infantil,controles nuevos en ninos menores de 2 anos,2006-04-01,7,7,11,18
SAN RAMON,nutricion y desarrollo infantil,controles nuevos en ninos menores de 2 anos,2006-04-01,12,12,16,28
SAN RAMON,nutricion y desarrollo infantil,controles nuevos en ninos menores de 2 anos,2006-04-01,11,11,2,13
SANTA ANA,nutricion y desarrollo infantil,controles nuevos en ninos menores de 2 anos,2006-04-01,36,36,25,61
SANTA CRUZ DE LA SIERRA,nutricion y desarrollo infantil,controles nuevos en ninos menores de 2 anos,2006-04-01,2355,2355,2111,4466
SANTA ROSA,nutricion y desarrollo infantil,controles nuevos en ninos menores de 2 anos,2006-04-01,15,15,18,33
SANTA ROSA DEL SARA,nutricion y desarrollo infantil,controles nuevos en ninos menores de 2 anos,2006-04-01,20,20,32,52
SANTIAGO DE CALLAPA,nutricion y desarrollo infantil,controles nuevos en ninos menores de 2 anos,2006-04-01,4,4,5,9
SANTIAGO DE HUARI,nutricion y desarrollo infantil,controles nuevos en ninos menores de 2 anos,2006-04-01,5,5,2,7
SANTIAGO DE MACHACA,nutricion y desarrollo infantil,controles nuevos en ninos menores de 2 anos,2006-04-01,1,1,0,1
SANTIVAÑES,nutricion y desarrollo infantil,controles nuevos en ninos menores de 2 anos,2006-04-01,2,2,3,5
SAPAHAQUI,nutricion y desarrollo infantil,controles nuevos en ninos menores de 2 anos,2006-04-01,13,13,8,21
SENA,nutricion y desarrollo infantil,controles nuevos en ninos menores de 2 anos,2006-04-01,2,2,2,4
SICA SICA (VILLA AROMA),nutricion y desarrollo infantil,controles nuevos en ninos menores de 2 anos,2006-04-01,23,23,18,41
SICAYA,nutricion y desarrollo infantil,controles nuevos en ninos menores de 2 anos,2006-04-01,6,6,3,9
SIPE SIPE,nutricion y desarrollo infantil,controles nuevos en ninos menores de 2 anos,2006-04-01,176,176,182,358
SOPACHUY,nutricion y desarrollo infantil,controles nuevos en ninos menores de 2 anos,2006-04-01,12,12,7,19
SORACACHI,nutricion y desarrollo infantil,controles nuevos en ninos menores de 2 anos,2006-04-01,14,14,12,26
SORATA,nutricion y desarrollo infantil,controles nuevos en ninos menores de 2 anos,2006-04-01,34,34,42,76
SUCRE,nutricion y desarrollo infantil,controles nuevos en ninos menores de 2 anos,2006-04-01,574,574,539,1113
TACACOMA,nutricion y desarrollo infantil,controles nuevos en ninos menores de 2 anos,2006-04-01,14,14,9,23
TACOBAMBA,nutricion y desarrollo infantil,controles nuevos en ninos menores de 2 anos,2006-04-01,13,13,15,28
TACOPAYA,nutricion y desarrollo infantil,controles nuevos en ninos menores de 2 anos,2006-04-01,17,17,14,31
TAHUA,nutricion y desarrollo infantil,controles nuevos en ninos menores de 2 anos,2006-04-01,2,2,1,3
TAPACARI,nutricion y desarrollo infantil,controles nuevos en ninos menores de 2 anos,2006-04-01,78,78,80,158
TARABUCO,nutricion y desarrollo infantil,controles nuevos en ninos menores de 2 anos,2006-04-01,38,38,40,78
TARACO,nutricion y desarrollo infantil,controles nuevos en ninos menores de 2 anos,2006-04-01,17,17,14,31
TARATA,nutricion y desarrollo infantil,controles nuevos en ninos menores de 2 anos,2006-04-01,21,21,15,36
TARIJA,nutricion y desarrollo infantil,controles nuevos en ninos menores de 2 anos,2006-04-01,567,567,415,982
TARVITA,nutricion y desarrollo infantil,controles nuevos en ninos menores de 2 anos,2006-04-01,31,31,38,69
TEOPONTE,nutricion y desarrollo infantil,controles nuevos en ninos menores de 2 anos,2006-04-01,7,7,1,8
TIAWANACU,nutricion y desarrollo infantil,controles nuevos en ninos menores de 2 anos,2006-04-01,19,19,10,29
TINGUIPAYA,nutricion y desarrollo infantil,controles nuevos en ninos menores de 2 anos,2006-04-01,50,50,42,92
TIPUANI,nutricion y desarrollo infantil,controles nuevos en ninos menores de 2 anos,2006-04-01,16,16,24,40
TIQUIPAYA,nutricion y desarrollo infantil,controles nuevos en ninos menores de 2 anos,2006-04-01,146,146,115,261
TIRAQUE (CBBA),nutricion y desarrollo infantil,controles nuevos en ninos menores de 2 anos,2006-04-01,280,280,283,563
TITO YUPANQUI (PARQUIPUJIO),nutricion y desarrollo infantil,controles nuevos en ninos menores de 2 anos,2006-04-01,1,1,2,3
TOCO,nutricion y desarrollo infantil,controles nuevos en ninos menores de 2 anos,2006-04-01,3,3,2,5
TOLATA,nutricion y desarrollo infantil,controles nuevos en ninos menores de 2 anos,2006-04-01,23,23,28,51
TOLEDO,nutricion y desarrollo infantil,controles nuevos en ninos menores de 2 anos,2006-04-01,3,3,3,6
TOMAVE,nutricion y desarrollo infantil,controles nuevos en ninos menores de 2 anos,2006-04-01,13,13,9,22
TOMINA,nutricion y desarrollo infantil,controles nuevos en ninos menores de 2 anos,2006-04-01,11,11,8,19
TORO TORO,nutricion y desarrollo infantil,controles nuevos en ninos menores de 2 anos,2006-04-01,15,15,10,25
TOTORA(CBBA),nutricion y desarrollo infantil,controles nuevos en ninos menores de 2 anos,2006-04-01,56,56,61,117
TOTORA(ORR),nutricion y desarrollo infantil,controles nuevos en ninos menores de 2 anos,2006-04-01,18,18,21,39
TRIGAL,nutricion y desarrollo infantil,controles nuevos en ninos menores de 2 anos,2006-04-01,2,2,1,3
TRINIDAD,nutricion y desarrollo infantil,controles nuevos en ninos menores de 2 anos,2006-04-01,487,487,447,934
TUPIZA,nutricion y desarrollo infantil,controles nuevos en ninos menores de 2 anos,2006-04-01,28,28,35,63
TURCO,nutricion y desarrollo infantil,controles nuevos en ninos menores de 2 anos,2006-04-01,1,1,2,3
UMALA,nutricion y desarrollo infantil,controles nuevos en ninos menores de 2 anos,2006-04-01,6,6,4,10
UNCIA,nutricion y desarrollo infantil,controles nuevos en ninos menores de 2 anos,2006-04-01,20,20,20,40
URIONDO (A. CONCEPCION),nutricion y desarrollo infantil,controles nuevos en ninos menores de 2 anos,2006-04-01,10,10,8,18
URUBICHA,nutricion y desarrollo infantil,controles nuevos en ninos menores de 2 anos,2006-04-01,10,10,12,22
UYUNI,nutricion y desarrollo infantil,controles nuevos en ninos menores de 2 anos,2006-04-01,37,37,18,55
VACAS,nutricion y desarrollo infantil,controles nuevos en ninos menores de 2 anos,2006-04-01,23,23,12,35
VALLEGRANDE,nutricion y desarrollo infantil,controles nuevos en ninos menores de 2 anos,2006-04-01,11,11,12,23
VIACHA,nutricion y desarrollo infantil,controles nuevos en ninos menores de 2 anos,2006-04-01,58,58,47,105
VILA VILA,nutricion y desarrollo infantil,controles nuevos en ninos menores de 2 anos,2006-04-01,9,9,11,20
VILLA MONTES,nutricion y desarrollo infantil,controles nuevos en ninos menores de 2 anos,2006-04-01,90,90,88,178
VILLA NUEVA (LOMA ALTA),nutricion y desarrollo infantil,controles nuevos en ninos menores de 2 anos,2006-04-01,4,4,4,8
VILLA RIVERO,nutricion y desarrollo infantil,controles nuevos en ninos menores de 2 anos,2006-04-01,13,13,13,26
VILLA SERRANO,nutricion y desarrollo infantil,controles nuevos en ninos menores de 2 anos,2006-04-01,10,10,10,20
VILLA TUNARI,nutricion y desarrollo infantil,controles nuevos en ninos menores de 2 anos,2006-04-01,279,279,298,577
VILLA VACA GUZMAN (MUYUPAMPA),nutricion y desarrollo infantil,controles nuevos en ninos menores de 2 anos,2006-04-01,15,15,21,36
VILLAZON,nutricion y desarrollo infantil,controles nuevos en ninos menores de 2 anos,2006-04-01,35,35,33,68
VINTO,nutricion y desarrollo infantil,controles nuevos en ninos menores de 2 anos,2006-04-01,52,52,40,92
VITICHI,nutricion y desarrollo infantil,controles nuevos en ninos menores de 2 anos,2006-04-01,7,7,7,14
WALDO BALLIVIAN,nutricion y desarrollo infantil,controles nuevos en ninos menores de 2 anos,2006-04-01,2,2,0,2
WARNES,nutricion y desarrollo infantil,controles nuevos en ninos menores de 2 anos,2006-04-01,142,142,128,270
YACO,nutricion y desarrollo infantil,controles nuevos en ninos menores de 2 anos,2006-04-01,10,10,10,20
YACUIBA,nutricion y desarrollo infantil,controles nuevos en ninos menores de 2 anos,2006-04-01,52,52,63,115
YAMPARAEZ,nutricion y desarrollo infantil,controles nuevos en ninos menores de 2 anos,2006-04-01,16,16,8,24
YANACACHI,nutricion y desarrollo infantil,controles nuevos en ninos menores de 2 anos,2006-04-01,4,4,3,7
YAPACANI,nutricion y desarrollo infantil,controles nuevos en ninos menores de 2 anos,2006-04-01,41,41,51,92
YOCALLA,nutricion y desarrollo infantil,controles nuevos en ninos menores de 2 anos,2006-04-01,3,3,6,9
YOTALA,nutricion y desarrollo infantil,controles nuevos en ninos menores de 2 anos,2006-04-01,9,9,11,20
YUNCHARA,nutricion y desarrollo infantil,controles nuevos en ninos menores de 2 anos,2006-04-01,11,11,15,26
ZUDAÑEZ,nutricion y desarrollo infantil,controles nuevos en ninos menores de 2 anos,2006-04-01,6,6,6,12
ACACIO,nutricion y desarrollo infantil,controles nuevos en ninos menores de 2 anos,2006-05-01,23,23,26,49
ACHACACHI,nutricion y desarrollo infantil,controles nuevos en ninos menores de 2 anos,2006-05-01,64,64,65,129
ACHOCALLA,nutricion y desarrollo infantil,controles nuevos en ninos menores de 2 anos,2006-05-01,18,18,11,29
AIQUILE,nutricion y desarrollo infantil,controles nuevos en ninos menores de 2 anos,2006-05-01,35,35,36,71
ALALAY,nutricion y desarrollo infantil,controles nuevos en ninos menores de 2 anos,2006-05-01,3,3,1,4
ALCALA,nutricion y desarrollo infantil,controles nuevos en ninos menores de 2 anos,2006-05-01,2,2,2,4
ANCORAIMES,nutricion y desarrollo infantil,controles nuevos en ninos menores de 2 anos,2006-05-01,12,12,5,17
ANDAMARCA,nutricion y desarrollo infantil,controles nuevos en ninos menores de 2 anos,2006-05-01,2,2,2,4
ANTEQUERA,nutricion y desarrollo infantil,controles nuevos en ninos menores de 2 anos,2006-05-01,2,2,1,3
ANZALDO,nutricion y desarrollo infantil,controles nuevos en ninos menores de 2 anos,2006-05-01,31,31,31,62
APOLO,nutricion y desarrollo infantil,controles nuevos en ninos menores de 2 anos,2006-05-01,18,18,16,34
ARAMPAMPA,nutricion y desarrollo infantil,controles nuevos en ninos menores de 2 anos,2006-05-01,10,10,5,15
ARANI,nutricion y desarrollo infantil,controles nuevos en ninos menores de 2 anos,2006-05-01,22,22,40,62
ARBIETO,nutricion y desarrollo infantil,controles nuevos en ninos menores de 2 anos,2006-05-01,7,7,5,12
ARQUE,nutricion y desarrollo infantil,controles nuevos en ninos menores de 2 anos,2006-05-01,13,13,12,25
ASCENCION DE GUARAYOS,nutricion y desarrollo infantil,controles nuevos en ninos menores de 2 anos,2006-05-01,8,8,6,14
ATOCHA,nutricion y desarrollo infantil,controles nuevos en ninos menores de 2 anos,2006-05-01,5,5,4,9
AUCAPATA,nutricion y desarrollo infantil,controles nuevos en ninos menores de 2 anos,2006-05-01,10,10,10,20
AYATA,nutricion y desarrollo infantil,controles nuevos en ninos menores de 2 anos,2006-05-01,48,48,48,96
AYO AYO,nutricion y desarrollo infantil,controles nuevos en ninos menores de 2 anos,2006-05-01,17,17,19,36
AYOPAYA (V. DE INDEPENDENCIA),nutricion y desarrollo infantil,controles nuevos en ninos menores de 2 anos,2006-05-01,69,69,71,140
AZURDUY,nutricion y desarrollo infantil,controles nuevos en ninos menores de 2 anos,2006-05-01,22,22,6,28
BATALLAS,nutricion y desarrollo infantil,controles nuevos en ninos menores de 2 anos,2006-05-01,14,14,22,36
BAURES,nutricion y desarrollo infantil,controles nuevos en ninos menores de 2 anos,2006-05-01,4,4,6,10
BELEN DE ANDAMARCA,nutricion y desarrollo infantil,controles nuevos en ninos menores de 2 anos,2006-05-01,0,0,2,2
BELEN DE URMIRI,nutricion y desarrollo infantil,controles nuevos en ninos menores de 2 anos,2006-05-01,4,4,7,11
BELLA FLOR,nutricion y desarrollo infantil,controles nuevos en ninos menores de 2 anos,2006-05-01,2,2,4,6
BERMEJO,nutricion y desarrollo infantil,controles nuevos en ninos menores de 2 anos,2006-05-01,65,65,51,116
BETANZOS,nutricion y desarrollo infantil,controles nuevos en ninos menores de 2 anos,2006-05-01,36,36,34,70
BOLIVAR,nutricion y desarrollo infantil,controles nuevos en ninos menores de 2 anos,2006-05-01,13,13,12,25
BOLPEBRA,nutricion y desarrollo infantil,controles nuevos en ninos menores de 2 anos,2006-05-01,3,3,2,5
BOYUIBE,nutricion y desarrollo infantil,controles nuevos en ninos menores de 2 anos,2006-05-01,4,4,3,7
BUENA VISTA,nutricion y desarrollo infantil,controles nuevos en ninos menores de 2 anos,2006-05-01,13,13,18,31
CABEZAS,nutricion y desarrollo infantil,controles nuevos en ninos menores de 2 anos,2006-05-01,42,42,34,76
CAIROMA,nutricion y desarrollo infantil,controles nuevos en ninos menores de 2 anos,2006-05-01,11,11,10,21
"CAIZA ""D""",nutricion y desarrollo infantil,controles nuevos en ninos menores de 2 anos,2006-05-01,15,15,18,33
CAJUATA,nutricion y desarrollo infantil,controles nuevos en ninos menores de 2 anos,2006-05-01,13,13,10,23
CALACOTO,nutricion y desarrollo infantil,controles nuevos en ninos menores de 2 anos,2006-05-01,14,14,11,25
CALAMARCA,nutricion y desarrollo infantil,controles nuevos en ninos menores de 2 anos,2006-05-01,12,12,6,18
CAMARGO,nutricion y desarrollo infantil,controles nuevos en ninos menores de 2 anos,2006-05-01,30,30,25,55
CAMATAQUI (C. VILLA ABECIA),nutricion y desarrollo infantil,controles nuevos en ninos menores de 2 anos,2006-05-01,4,4,4,8
CAMIRI,nutricion y desarrollo infantil,controles nuevos en ninos menores de 2 anos,2006-05-01,74,74,67,141
CAPINOTA,nutricion y desarrollo infantil,controles nuevos en ninos menores de 2 anos,2006-05-01,18,18,23,41
CAQUIAVIRI,nutricion y desarrollo infantil,controles nuevos en ninos menores de 2 anos,2006-05-01,17,17,6,23
CARACOLLO,nutricion y desarrollo infantil,controles nuevos en ninos menores de 2 anos,2006-05-01,4,4,4,8
CARANAVI,nutricion y desarrollo infantil,controles nuevos en ninos menores de 2 anos,2006-05-01,87,87,125,212
CARANGAS,nutricion y desarrollo infantil,controles nuevos en ninos menores de 2 anos,2006-05-01,1,1,3,4
CARAPARI,nutricion y desarrollo infantil,controles nuevos en ninos menores de 2 anos,2006-05-01,19,19,9,28
CARIPUYO,nutricion y desarrollo infantil,controles nuevos en ninos menores de 2 anos,2006-05-01,18,18,9,27
CARMEN RIVERO TORREZ,nutricion y desarrollo infantil,controles nuevos en ninos menores de 2 anos,2006-05-01,6,6,6,12
CATACORA,nutricion y desarrollo infantil,controles nuevos en ninos menores de 2 anos,2006-05-01,2,2,3,5
CHACARILLA,nutricion y desarrollo infantil,controles nuevos en ninos menores de 2 anos,2006-05-01,3,3,9,12
CHALLAPATA,nutricion y desarrollo infantil,controles nuevos en ninos menores de 2 anos,2006-05-01,42,42,23,65
CHAQUI,nutricion y desarrollo infantil,controles nuevos en ninos menores de 2 anos,2006-05-01,11,11,10,21
CHARAGUA,nutricion y desarrollo infantil,controles nuevos en ninos menores de 2 anos,2006-05-01,22,22,25,47
CHARAÑA,nutricion y desarrollo infantil,controles nuevos en ninos menores de 2 anos,2006-05-01,4,4,3,7
CHAYANTA,nutricion y desarrollo infantil,controles nuevos en ninos menores de 2 anos,2006-05-01,14,14,10,24
CHIMORE,nutricion y desarrollo infantil,controles nuevos en ninos menores de 2 anos,2006-05-01,32,32,34,66
CHIPAYA,nutricion y desarrollo infantil,controles nuevos en ninos menores de 2 anos,2006-05-01,1,1,4,5
CHOQUE COTA,nutricion y desarrollo infantil,controles nuevos en ninos menores de 2 anos,2006-05-01,2,2,2,4
CHULUMANI (V. DE LA LIBERTAD),nutricion y desarrollo infantil,controles nuevos en ninos menores de 2 anos,2006-05-01,29,29,47,76
CHUMA,nutricion y desarrollo infantil,controles nuevos en ninos menores de 2 anos,2006-05-01,9,9,19,28
CLIZA,nutricion y desarrollo infantil,controles nuevos en ninos menores de 2 anos,2006-05-01,60,60,58,118
COBIJA,nutricion y desarrollo infantil,controles nuevos en ninos menores de 2 anos,2006-05-01,38,38,46,84
COCHABAMBA,nutricion y desarrollo infantil,controles nuevos en ninos menores de 2 anos,2006-05-01,2178,2178,1616,3794
COIPASA,nutricion y desarrollo infantil,controles nuevos en ninos menores de 2 anos,2006-05-01,1,1,0,1
COLCAPIRHUA,nutricion y desarrollo infantil,controles nuevos en ninos menores de 2 anos,2006-05-01,330,330,331,661
"COLCHA ""K""",nutricion y desarrollo infantil,controles nuevos en ninos menores de 2 anos,2006-05-01,24,24,14,38
COLLANA,nutricion y desarrollo infantil,controles nuevos en ninos menores de 2 anos,2006-05-01,2,2,0,2
COLOMI,nutricion y desarrollo infantil,controles nuevos en ninos menores de 2 anos,2006-05-01,121,121,96,217
COLPA BELGICA,nutricion y desarrollo infantil,controles nuevos en ninos menores de 2 anos,2006-05-01,10,10,8,18
COLQUECHACA,nutricion y desarrollo infantil,controles nuevos en ninos menores de 2 anos,2006-05-01,36,36,45,81
COLQUENCHA,nutricion y desarrollo infantil,controles nuevos en ninos menores de 2 anos,2006-05-01,7,7,11,18
COLQUIRI,nutricion y desarrollo infantil,controles nuevos en ninos menores de 2 anos,2006-05-01,19,19,16,35
COMANCHE,nutricion y desarrollo infantil,controles nuevos en ninos menores de 2 anos,2006-05-01,5,5,4,9
COMARAPA,nutricion y desarrollo infantil,controles nuevos en ninos menores de 2 anos,2006-05-01,26,26,30,56
COMBAYA,nutricion y desarrollo infantil,controles nuevos en ninos menores de 2 anos,2006-05-01,1,1,2,3
CONCEPCION,nutricion y desarrollo infantil,controles nuevos en ninos menores de 2 anos,2006-05-01,11,11,11,22
COPACABANA,nutricion y desarrollo infantil,controles nuevos en ninos menores de 2 anos,2006-05-01,13,13,9,22
CORIPATA,nutricion y desarrollo infantil,controles nuevos en ninos menores de 2 anos,2006-05-01,41,41,48,89
CORO CORO,nutricion y desarrollo infantil,controles nuevos en ninos menores de 2 anos,2006-05-01,11,11,9,20
COROICO,nutricion y desarrollo infantil,controles nuevos en ninos menores de 2 anos,2006-05-01,47,47,44,91
CORQUE,nutricion y desarrollo infantil,controles nuevos en ninos menores de 2 anos,2006-05-01,5,5,10,15
COTAGAITA,nutricion y desarrollo infantil,controles nuevos en ninos menores de 2 anos,2006-05-01,40,40,36,76
COTOCA,nutricion y desarrollo infantil,controles nuevos en ninos menores de 2 anos,2006-05-01,50,50,48,98
CUATRO CAÑADAS,nutricion y desarrollo infantil,controles nuevos en ninos menores de 2 anos,2006-05-01,29,29,26,55
CUEVO,nutricion y desarrollo infantil,controles nuevos en ninos menores de 2 anos,2006-05-01,4,4,1,5
CULPINA,nutricion y desarrollo infantil,controles nuevos en ninos menores de 2 anos,2006-05-01,24,24,31,55
CURAHUARA DE CARANGAS,nutricion y desarrollo infantil,controles nuevos en ninos menores de 2 anos,2006-05-01,2,2,3,5
CURVA,nutricion y desarrollo infantil,controles nuevos en ninos menores de 2 anos,2006-05-01,6,6,5,11
DESAGUADERO,nutricion y desarrollo infantil,controles nuevos en ninos menores de 2 anos,2006-05-01,12,12,4,16
EL ALTO,nutricion y desarrollo infantil,controles nuevos en ninos menores de 2 anos,2006-05-01,2307,2307,2134,4441
EL CHORO,nutricion y desarrollo infantil,controles nuevos en ninos menores de 2 anos,2006-05-01,2,2,3,5
EL PUENTE(STC),nutricion y desarrollo infantil,controles nuevos en ninos menores de 2 anos,2006-05-01,76,76,107,183
EL PUENTE(TJA),nutricion y desarrollo infantil,controles nuevos en ninos menores de 2 anos,2006-05-01,4,4,7,11
EL TORNO,nutricion y desarrollo infantil,controles nuevos en ninos menores de 2 anos,2006-05-01,77,77,46,123
EL VILLAR,nutricion y desarrollo infantil,controles nuevos en ninos menores de 2 anos,2006-05-01,5,5,6,11
ENTRE RIOS,nutricion y desarrollo infantil,controles nuevos en ninos menores de 2 anos,2006-05-01,14,14,6,20
ENTRE RIOS,nutricion y desarrollo infantil,controles nuevos en ninos menores de 2 anos,2006-05-01,144,144,133,277
ESCARA,nutricion y desarrollo infantil,controles nuevos en ninos menores de 2 anos,2006-05-01,1,1,0,1
EUCALIPTUS,nutricion y desarrollo infantil,controles nuevos en ninos menores de 2 anos,2006-05-01,2,2,5,7
EUREKA (SANTOS MERCADO),nutricion y desarrollo infantil,controles nuevos en ninos menores de 2 anos,2006-05-01,5,5,8,13
EXALTACION,nutricion y desarrollo infantil,controles nuevos en ninos menores de 2 anos,2006-05-01,12,12,11,23
FERNANDEZ ALONSO,nutricion y desarrollo infantil,controles nuevos en ninos menores de 2 anos,2006-05-01,21,21,24,45
FILADELFIA,nutricion y desarrollo infantil,controles nuevos en ninos menores de 2 anos,2006-05-01,7,7,10,17
GENERAL SAAVEDRA,nutricion y desarrollo infantil,controles nuevos en ninos menores de 2 anos,2006-05-01,34,34,27,61
GRAL. J.J. PEREZ (CHARAZANI),nutricion y desarrollo infantil,controles nuevos en ninos menores de 2 anos,2006-05-01,21,21,16,37
GUANAY,nutricion y desarrollo infantil,controles nuevos en ninos menores de 2 anos,2006-05-01,17,17,18,35
GUAQUI,nutricion y desarrollo infantil,controles nuevos en ninos menores de 2 anos,2006-05-01,5,5,4,9
GUAYARAMERIN,nutricion y desarrollo infantil,controles nuevos en ninos menores de 2 anos,2006-05-01,89,89,58,147
GUTIERREZ,nutricion y desarrollo infantil,controles nuevos en ninos menores de 2 anos,2006-05-01,12,12,8,20
HUACARETA,nutricion y desarrollo infantil,controles nuevos en ninos menores de 2 anos,2006-05-01,7,7,7,14
HUACAYA (VILLA DE HUACAYA),nutricion y desarrollo infantil,controles nuevos en ninos menores de 2 anos,2006-05-01,5,5,3,8
HUACHACALLA,nutricion y desarrollo infantil,controles nuevos en ninos menores de 2 anos,2006-05-01,2,2,0,2
HUANUNI,nutricion y desarrollo infantil,controles nuevos en ninos menores de 2 anos,2006-05-01,29,29,38,67
HUARACAJE,nutricion y desarrollo infantil,controles nuevos en ninos menores de 2 anos,2006-05-01,5,5,1,6
HUAYLLAMARCA,nutricion y desarrollo infantil,controles nuevos en ninos menores de 2 anos,2006-05-01,8,8,7,15
ICHOCA,nutricion y desarrollo infantil,controles nuevos en ninos menores de 2 anos,2006-05-01,12,12,18,30
ICLA,nutricion y desarrollo infantil,controles nuevos en ninos menores de 2 anos,2006-05-01,14,14,14,28
INCAHUASI,nutricion y desarrollo infantil,controles nuevos en ninos menores de 2 anos,2006-05-01,44,44,38,82
INQUISIVI,nutricion y desarrollo infantil,controles nuevos en ninos menores de 2 anos,2006-05-01,25,25,35,60
IRUPANA (VILLA DE LANZA),nutricion y desarrollo infantil,controles nuevos en ninos menores de 2 anos,2006-05-01,28,28,19,47
IXIAMAS,nutricion y desarrollo infantil,controles nuevos en ninos menores de 2 anos,2006-05-01,9,9,16,25
JESUS DE MACHACA,nutricion y desarrollo infantil,controles nuevos en ninos menores de 2 anos,2006-05-01,16,16,25,41
LA ASUNTA,nutricion y desarrollo infantil,controles nuevos en ninos menores de 2 anos,2006-05-01,31,31,30,61
LA GUARDIA,nutricion y desarrollo infantil,controles nuevos en ninos menores de 2 anos,2006-05-01,78,78,74,152
LA PAZ,nutricion y desarrollo infantil,controles nuevos en ninos menores de 2 anos,2006-05-01,1246,1246,1181,2427
LAGUNILLAS,nutricion y desarrollo infantil,controles nuevos en ninos menores de 2 anos,2006-05-01,4,4,7,11
LAJA,nutricion y desarrollo infantil,controles nuevos en ninos menores de 2 anos,2006-05-01,17,17,21,38
LAS CARRERAS,nutricion y desarrollo infantil,controles nuevos en ninos menores de 2 anos,2006-05-01,4,4,4,8
LICOMA PAMPA,nutricion y desarrollo infantil,controles nuevos en ninos menores de 2 anos,2006-05-01,13,13,2,15
LLALLAGUA,nutricion y desarrollo infantil,controles nuevos en ninos menores de 2 anos,2006-05-01,73,73,61,134
LLICA,nutricion y desarrollo infantil,controles nuevos en ninos menores de 2 anos,2006-05-01,3,3,9,12
LORETO,nutricion y desarrollo infantil,controles nuevos en ninos menores de 2 anos,2006-05-01,12,12,11,23
LURIBAY,nutricion y desarrollo infantil,controles nuevos en ninos menores de 2 anos,2006-05-01,8,8,14,22
MACHACAMARCA,nutricion y desarrollo infantil,controles nuevos en ninos menores de 2 anos,2006-05-01,3,3,1,4
MACHARETI,nutricion y desarrollo infantil,controles nuevos en ninos menores de 2 anos,2006-05-01,7,7,4,11
MAGDALENA,nutricion y desarrollo infantil,controles nuevos en ninos menores de 2 anos,2006-05-01,13,13,12,25
MAIRANA,nutricion y desarrollo infantil,controles nuevos en ninos menores de 2 anos,2006-05-01,8,8,6,14
MALLA,nutricion y desarrollo infantil,controles nuevos en ninos menores de 2 anos,2006-05-01,4,4,6,10
MAPIRI,nutricion y desarrollo infantil,controles nuevos en ninos menores de 2 anos,2006-05-01,15,15,18,33
MECAPACA,nutricion y desarrollo infantil,controles nuevos en ninos menores de 2 anos,2006-05-01,26,26,18,44
MINEROS,nutricion y desarrollo infantil,controles nuevos en ninos menores de 2 anos,2006-05-01,33,33,23,56
MIZQUE,nutricion y desarrollo infantil,controles nuevos en ninos menores de 2 anos,2006-05-01,44,44,30,74
MOCOMOCO,nutricion y desarrollo infantil,controles nuevos en ninos menores de 2 anos,2006-05-01,28,28,24,52
MOJINETE,nutricion y desarrollo infantil,controles nuevos en ninos menores de 2 anos,2006-05-01,0,0,1,1
MOJOCOYA,nutricion y desarrollo infantil,controles nuevos en ninos menores de 2 anos,2006-05-01,8,8,8,16
MONTEAGUDO,nutricion y desarrollo infantil,controles nuevos en ninos menores de 2 anos,2006-05-01,44,44,41,85
MONTERO,nutricion y desarrollo infantil,controles nuevos en ninos menores de 2 anos,2006-05-01,134,134,143,277
MORO MORO,nutricion y desarrollo infantil,controles nuevos en ninos menores de 2 anos,2006-05-01,2,2,2,4
MOROCHATA,nutricion y desarrollo infantil,controles nuevos en ninos menores de 2 anos,2006-05-01,146,146,121,267
NACEBE (SANTA ROSA DEL ABUNA),nutricion y desarrollo infantil,controles nuevos en ninos menores de 2 anos,2006-05-01,1,1,1,2
NAZACARA DE PACAJES,nutricion y desarrollo infantil,controles nuevos en ninos menores de 2 anos,2006-05-01,2,2,1,3
NUEVO MANOA (NUEVA ESPERANZA),nutricion y desarrollo infantil,controles nuevos en ninos menores de 2 anos,2006-05-01,1,1,1,2
OCURI,nutricion y desarrollo infantil,controles nuevos en ninos menores de 2 anos,2006-05-01,31,31,32,63
OKINAWA,nutricion y desarrollo infantil,controles nuevos en ninos menores de 2 anos,2006-05-01,18,18,18,36
OMEREQUE,nutricion y desarrollo infantil,controles nuevos en ninos menores de 2 anos,2006-05-01,9,9,8,17
ORURO,nutricion y desarrollo infantil,controles nuevos en ninos menores de 2 anos,2006-05-01,585,585,555,1140
PADCAYA,nutricion y desarrollo infantil,controles nuevos en ninos menores de 2 anos,2006-05-01,16,16,15,31
PADILLA,nutricion y desarrollo infantil,controles nuevos en ninos menores de 2 anos,2006-05-01,13,13,10,23
PAILON,nutricion y desarrollo infantil,controles nuevos en ninos menores de 2 anos,2006-05-01,20,20,14,34
PALCA,nutricion y desarrollo infantil,controles nuevos en ninos menores de 2 anos,2006-05-01,32,32,39,71
PALOS BLANCOS,nutricion y desarrollo infantil,controles nuevos en ninos menores de 2 anos,2006-05-01,40,40,30,70
PAMPA AULLAGAS,nutricion y desarrollo infantil,controles nuevos en ninos menores de 2 anos,2006-05-01,3,3,3,6
PAMPA GRANDE,nutricion y desarrollo infantil,controles nuevos en ninos menores de 2 anos,2006-05-01,6,6,13,19
PAPEL PAMPA,nutricion y desarrollo infantil,controles nuevos en ninos menores de 2 anos,2006-05-01,8,8,7,15
PASORAPA,nutricion y desarrollo infantil,controles nuevos en ninos menores de 2 anos,2006-05-01,2,2,0,2
PATACAMAYA,nutricion y desarrollo infantil,controles nuevos en ninos menores de 2 anos,2006-05-01,36,36,43,79
PAZÑA,nutricion y desarrollo infantil,controles nuevos en ninos menores de 2 anos,2006-05-01,3,3,1,4
PELECHUCO,nutricion y desarrollo infantil,controles nuevos en ninos menores de 2 anos,2006-05-01,13,13,15,28
POCOATA,nutricion y desarrollo infantil,controles nuevos en ninos menores de 2 anos,2006-05-01,40,40,27,67
POCONA,nutricion y desarrollo infantil,controles nuevos en ninos menores de 2 anos,2006-05-01,51,51,31,82
POJO (CBBA),nutricion y desarrollo infantil,controles nuevos en ninos menores de 2 anos,2006-05-01,33,33,24,57
POOPO,nutricion y desarrollo infantil,controles nuevos en ninos menores de 2 anos,2006-05-01,0,0,1,1
PORCO,nutricion y desarrollo infantil,controles nuevos en ninos menores de 2 anos,2006-05-01,14,14,9,23
POROMA,nutricion y desarrollo infantil,controles nuevos en ninos menores de 2 anos,2006-05-01,83,83,78,161
PORONGO,nutricion y desarrollo infantil,controles nuevos en ninos menores de 2 anos,2006-05-01,16,16,16,32
PORTACHUELO,nutricion y desarrollo infantil,controles nuevos en ninos menores de 2 anos,2006-05-01,119,119,104,223
PORVENIR,nutricion y desarrollo infantil,controles nuevos en ninos menores de 2 anos,2006-05-01,5,5,4,9
POSTRER VALLE,nutricion y desarrollo infantil,controles nuevos en ninos menores de 2 anos,2006-05-01,1,1,2,3
POTOSI,nutricion y desarrollo infantil,controles nuevos en ninos menores de 2 anos,2006-05-01,221,221,208,429
PRESTO,nutricion y desarrollo infantil,controles nuevos en ninos menores de 2 anos,2006-05-01,11,11,11,22
PUCARA,nutricion y desarrollo infantil,controles nuevos en ninos menores de 2 anos,2006-05-01,0,0,1,1
PUCARANI,nutricion y desarrollo infantil,controles nuevos en ninos menores de 2 anos,2006-05-01,29,29,30,59
PUERTO ACOSTA,nutricion y desarrollo infantil,controles nuevos en ninos menores de 2 anos,2006-05-01,38,38,30,68
PUERTO CARABUCO,nutricion y desarrollo infantil,controles nuevos en ninos menores de 2 anos,2006-05-01,24,24,20,44
PUERTO GONZALO MORENO,nutricion y desarrollo infantil,controles nuevos en ninos menores de 2 anos,2006-05-01,13,13,3,16
PUERTO PEREZ,nutricion y desarrollo infantil,controles nuevos en ninos menores de 2 anos,2006-05-01,19,19,5,24
PUERTO QUIJARRO,nutricion y desarrollo infantil,controles nuevos en ninos menores de 2 anos,2006-05-01,22,22,19,41
PUERTO RICO,nutricion y desarrollo infantil,controles nuevos en ninos menores de 2 anos,2006-05-01,6,6,6,12
PUERTO SILES,nutricion y desarrollo infantil,controles nuevos en ninos menores de 2 anos,2006-05-01,11,11,19,30
PUERTO SUAREZ,nutricion y desarrollo infantil,controles nuevos en ninos menores de 2 anos,2006-05-01,20,20,17,37
PUERTO VILLARROEL,nutricion y desarrollo infantil,controles nuevos en ninos menores de 2 anos,2006-05-01,88,88,99,187
PUNA,nutricion y desarrollo infantil,controles nuevos en ninos menores de 2 anos,2006-05-01,75,75,58,133
PUNATA,nutricion y desarrollo infantil,controles nuevos en ninos menores de 2 anos,2006-05-01,88,88,82,170
QUIABAYA,nutricion y desarrollo infantil,controles nuevos en ninos menores de 2 anos,2006-05-01,1,1,2,3
QUILLACOLLO,nutricion y desarrollo infantil,controles nuevos en ninos menores de 2 anos,2006-05-01,605,605,511,1116
QUIME,nutricion y desarrollo infantil,controles nuevos en ninos menores de 2 anos,2006-05-01,5,5,8,13
QUIRUSILLAS,nutricion y desarrollo infantil,controles nuevos en ninos menores de 2 anos,2006-05-01,1,1,1,2
RAVELO,nutricion y desarrollo infantil,controles nuevos en ninos menores de 2 anos,2006-05-01,42,42,29,71
REYES,nutricion y desarrollo infantil,controles nuevos en ninos menores de 2 anos,2006-05-01,25,25,18,43
RIBERALTA,nutricion y desarrollo infantil,controles nuevos en ninos menores de 2 anos,2006-05-01,151,151,122,273
ROBORE,nutricion y desarrollo infantil,controles nuevos en ninos menores de 2 anos,2006-05-01,28,28,16,44
RURRENABAQUE,nutricion y desarrollo infantil,controles nuevos en ninos menores de 2 anos,2006-05-01,12,12,9,21
SABAYA,nutricion y desarrollo infantil,controles nuevos en ninos menores de 2 anos,2006-05-01,6,6,4,10
SACABA,nutricion y desarrollo infantil,controles nuevos en ninos menores de 2 anos,2006-05-01,738,738,614,1352
SACABAMBA,nutricion y desarrollo infantil,controles nuevos en ninos menores de 2 anos,2006-05-01,11,11,3,14
SACACA,nutricion y desarrollo infantil,controles nuevos en ninos menores de 2 anos,2006-05-01,30,30,33,63
SAIPINA,nutricion y desarrollo infantil,controles nuevos en ninos menores de 2 anos,2006-05-01,6,6,9,15
SALINAS DE GARCI MENDOZA,nutricion y desarrollo infantil,controles nuevos en ninos menores de 2 anos,2006-05-01,11,11,10,21
SAMAIPATA,nutricion y desarrollo infantil,controles nuevos en ninos menores de 2 anos,2006-05-01,12,12,10,22
SAN ANDRES,nutricion y desarrollo infantil,controles nuevos en ninos menores de 2 anos,2006-05-01,34,34,35,69
SAN ANDRES DE MACHACA,nutricion y desarrollo infantil,controles nuevos en ninos menores de 2 anos,2006-05-01,7,7,2,9
SAN ANTONIO DE ESMORUCO,nutricion y desarrollo infantil,controles nuevos en ninos menores de 2 anos,2006-05-01,1,1,2,3
SAN ANTONIO DE LOMERIO,nutricion y desarrollo infantil,controles nuevos en ninos menores de 2 anos,2006-05-01,9,9,11,20
SAN BENITO,nutricion y desarrollo infantil,controles nuevos en ninos menores de 2 anos,2006-05-01,28,28,36,64
SAN BORJA,nutricion y desarrollo infantil,controles nuevos en ninos menores de 2 anos,2006-05-01,102,102,83,185
SAN BUENA VENTURA,nutricion y desarrollo infantil,controles nuevos en ninos menores de 2 anos,2006-05-01,9,9,10,19
SAN CARLOS,nutricion y desarrollo infantil,controles nuevos en ninos menores de 2 anos,2006-05-01,19,19,27,46
SAN IGNACIO,nutricion y desarrollo infantil,controles nuevos en ninos menores de 2 anos,2006-05-01,57,57,56,113
SAN IGNACIO DE VELASCO,nutricion y desarrollo infantil,controles nuevos en ninos menores de 2 anos,2006-05-01,111,111,91,202
SAN JAVIER(BNI),nutricion y desarrollo infantil,controles nuevos en ninos menores de 2 anos,2006-05-01,4,4,4,8
SAN JAVIER(STC),nutricion y desarrollo infantil,controles nuevos en ninos menores de 2 anos,2006-05-01,10,10,21,31
SAN JOAQUIN,nutricion y desarrollo infantil,controles nuevos en ninos menores de 2 anos,2006-05-01,9,9,8,17
SAN JOSE DE CHIQUITOS,nutricion y desarrollo infantil,controles nuevos en ninos menores de 2 anos,2006-05-01,9,9,17,26
SAN JUAN DE YAPACANI,nutricion y desarrollo infantil,controles nuevos en ninos menores de 2 anos,2006-05-01,14,14,18,32
SAN JULIAN,nutricion y desarrollo infantil,controles nuevos en ninos menores de 2 anos,2006-05-01,30,30,13,43
SAN LORENZO(PND),nutricion y desarrollo infantil,controles nuevos en ninos menores de 2 anos,2006-05-01,8,8,9,17
SAN LORENZO(TJA),nutricion y desarrollo infantil,controles nuevos en ninos menores de 2 anos,2006-05-01,41,41,31,72
SAN LUCAS,nutricion y desarrollo infantil,controles nuevos en ninos menores de 2 anos,2006-05-01,73,73,89,162
SAN MATIAS,nutricion y desarrollo infantil,controles nuevos en ninos menores de 2 anos,2006-05-01,18,18,16,34
SAN MIGUEL DE VELASCO,nutricion y desarrollo infantil,controles nuevos en ninos menores de 2 anos,2006-05-01,10,10,10,20
SAN PABLO DE LIPEZ,nutricion y desarrollo infantil,controles nuevos en ninos menores de 2 anos,2006-05-01,2,2,3,5
SAN PEDRO,nutricion y desarrollo infantil,controles nuevos en ninos menores de 2 anos,2006-05-01,28,28,25,53
SAN PEDRO DE BUENA VISTA,nutricion y desarrollo infantil,controles nuevos en ninos menores de 2 anos,2006-05-01,53,53,39,92
SAN PEDRO DE CURAHUARA,nutricion y desarrollo infantil,controles nuevos en ninos menores de 2 anos,2006-05-01,8,8,8,16
SAN PEDRO DE QUEMES,nutricion y desarrollo infantil,controles nuevos en ninos menores de 2 anos,2006-05-01,1,1,2,3
SAN PEDRO DE TIQUINA,nutricion y desarrollo infantil,controles nuevos en ninos menores de 2 anos,2006-05-01,2,2,3,5
SAN PEDRO(PND),nutricion y desarrollo infantil,controles nuevos en ninos menores de 2 anos,2006-05-01,0,0,1,1
SAN RAFAEL,nutricion y desarrollo infantil,controles nuevos en ninos menores de 2 anos,2006-05-01,8,8,6,14
SAN RAMON,nutricion y desarrollo infantil,controles nuevos en ninos menores de 2 anos,2006-05-01,8,8,6,14
SAN RAMON,nutricion y desarrollo infantil,controles nuevos en ninos menores de 2 anos,2006-05-01,1,1,2,3
SANTA ANA,nutricion y desarrollo infantil,controles nuevos en ninos menores de 2 anos,2006-05-01,21,21,21,42
SANTA CRUZ DE LA SIERRA,nutricion y desarrollo infantil,controles nuevos en ninos menores de 2 anos,2006-05-01,1934,1934,1971,3905
SANTA ROSA,nutricion y desarrollo infantil,controles nuevos en ninos menores de 2 anos,2006-05-01,57,57,64,121
SANTA ROSA DEL SARA,nutricion y desarrollo infantil,controles nuevos en ninos menores de 2 anos,2006-05-01,16,16,16,32
SANTIAGO DE CALLAPA,nutricion y desarrollo infantil,controles nuevos en ninos menores de 2 anos,2006-05-01,4,4,15,19
SANTIAGO DE HUARI,nutricion y desarrollo infantil,controles nuevos en ninos menores de 2 anos,2006-05-01,9,9,6,15
SANTIAGO DE MACHACA,nutricion y desarrollo infantil,controles nuevos en ninos menores de 2 anos,2006-05-01,5,5,0,5
SANTIVAÑES,nutricion y desarrollo infantil,controles nuevos en ninos menores de 2 anos,2006-05-01,1,1,6,7
SANTUARIO DE QUILLACAS,nutricion y desarrollo infantil,controles nuevos en ninos menores de 2 anos,2006-05-01,3,3,0,3
SAPAHAQUI,nutricion y desarrollo infantil,controles nuevos en ninos menores de 2 anos,2006-05-01,14,14,15,29
SENA,nutricion y desarrollo infantil,controles nuevos en ninos menores de 2 anos,2006-05-01,5,5,6,11
SICA SICA (VILLA AROMA),nutricion y desarrollo infantil,controles nuevos en ninos menores de 2 anos,2006-05-01,18,18,21,39
SICAYA,nutricion y desarrollo infantil,controles nuevos en ninos menores de 2 anos,2006-05-01,8,8,1,9
SIPE SIPE,nutricion y desarrollo infantil,controles nuevos en ninos menores de 2 anos,2006-05-01,211,211,208,419
SOPACHUY,nutricion y desarrollo infantil,controles nuevos en ninos menores de 2 anos,2006-05-01,10,10,8,18
SORACACHI,nutricion y desarrollo infantil,controles nuevos en ninos menores de 2 anos,2006-05-01,15,15,11,26
SORATA,nutricion y desarrollo infantil,controles nuevos en ninos menores de 2 anos,2006-05-01,28,28,18,46
SUCRE,nutricion y desarrollo infantil,controles nuevos en ninos menores de 2 anos,2006-05-01,489,489,486,975
TACACHI,nutricion y desarrollo infantil,controles nuevos en ninos menores de 2 anos,2006-05-01,1,1,0,1
TACACOMA,nutricion y desarrollo infantil,controles nuevos en ninos menores de 2 anos,2006-05-01,5,5,0,5
TACOBAMBA,nutricion y desarrollo infantil,controles nuevos en ninos menores de 2 anos,2006-05-01,19,19,17,36
TACOPAYA,nutricion y desarrollo infantil,controles nuevos en ninos menores de 2 anos,2006-05-01,14,14,9,23
TAHUA,nutricion y desarrollo infantil,controles nuevos en ninos menores de 2 anos,2006-05-01,1,1,4,5
TAPACARI,nutricion y desarrollo infantil,controles nuevos en ninos menores de 2 anos,2006-05-01,91,91,88,179
TARABUCO,nutricion y desarrollo infantil,controles nuevos en ninos menores de 2 anos,2006-05-01,21,21,26,47
TARACO,nutricion y desarrollo infantil,controles nuevos en ninos menores de 2 anos,2006-05-01,21,21,11,32
TARATA,nutricion y desarrollo infantil,controles nuevos en ninos menores de 2 anos,2006-05-01,6,6,6,12
TARIJA,nutricion y desarrollo infantil,controles nuevos en ninos menores de 2 anos,2006-05-01,754,754,652,1406
TARVITA,nutricion y desarrollo infantil,controles nuevos en ninos menores de 2 anos,2006-05-01,25,25,26,51
TEOPONTE,nutricion y desarrollo infantil,controles nuevos en ninos menores de 2 anos,2006-05-01,9,9,15,24
TIAWANACU,nutricion y desarrollo infantil,controles nuevos en ninos menores de 2 anos,2006-05-01,21,21,19,40
TINGUIPAYA,nutricion y desarrollo infantil,controles nuevos en ninos menores de 2 anos,2006-05-01,64,64,65,129
TIPUANI,nutricion y desarrollo infantil,controles nuevos en ninos menores de 2 anos,2006-05-01,13,13,11,24
TIQUIPAYA,nutricion y desarrollo infantil,controles nuevos en ninos menores de 2 anos,2006-05-01,223,223,192,415
TIRAQUE (CBBA),nutricion y desarrollo infantil,controles nuevos en ninos menores de 2 anos,2006-05-01,247,247,192,439
TOCO,nutricion y desarrollo infantil,controles nuevos en ninos menores de 2 anos,2006-05-01,6,6,5,11
TODOS SANTOS,nutricion y desarrollo infantil,controles nuevos en ninos menores de 2 anos,2006-05-01,1,1,2,3
TOLATA,nutricion y desarrollo infantil,controles nuevos en ninos menores de 2 anos,2006-05-01,78,78,75,153
TOLEDO,nutricion y desarrollo infantil,controles nuevos en ninos menores de 2 anos,2006-05-01,12,12,13,25
TOMAVE,nutricion y desarrollo infantil,controles nuevos en ninos menores de 2 anos,2006-05-01,26,26,24,50
TOMINA,nutricion y desarrollo infantil,controles nuevos en ninos menores de 2 anos,2006-05-01,13,13,4,17
TORO TORO,nutricion y desarrollo infantil,controles nuevos en ninos menores de 2 anos,2006-05-01,18,18,20,38
TOTORA(CBBA),nutricion y desarrollo infantil,controles nuevos en ninos menores de 2 anos,2006-05-01,43,43,37,80
TOTORA(ORR),nutricion y desarrollo infantil,controles nuevos en ninos menores de 2 anos,2006-05-01,3,3,10,13
TRIGAL,nutricion y desarrollo infantil,controles nuevos en ninos menores de 2 anos,2006-05-01,2,2,0,2
TRINIDAD,nutricion y desarrollo infantil,controles nuevos en ninos menores de 2 anos,2006-05-01,494,494,467,961
TUPIZA,nutricion y desarrollo infantil,controles nuevos en ninos menores de 2 anos,2006-05-01,106,106,92,198
TURCO,nutricion y desarrollo infantil,controles nuevos en ninos menores de 2 anos,2006-05-01,2,2,6,8
UMALA,nutricion y desarrollo infantil,controles nuevos en ninos menores de 2 anos,2006-05-01,5,5,5,10
UNCIA,nutricion y desarrollo infantil,controles nuevos en ninos menores de 2 anos,2006-05-01,24,24,19,43
URIONDO (A. CONCEPCION),nutricion y desarrollo infantil,controles nuevos en ninos menores de 2 anos,2006-05-01,8,8,8,16
UYUNI,nutricion y desarrollo infantil,controles nuevos en ninos menores de 2 anos,2006-05-01,30,30,21,51
VACAS,nutricion y desarrollo infantil,controles nuevos en ninos menores de 2 anos,2006-05-01,7,7,10,17
VALLEGRANDE,nutricion y desarrollo infantil,controles nuevos en ninos menores de 2 anos,2006-05-01,8,8,16,24
VIACHA,nutricion y desarrollo infantil,controles nuevos en ninos menores de 2 anos,2006-05-01,68,68,72,140
VILA VILA,nutricion y desarrollo infantil,controles nuevos en ninos menores de 2 anos,2006-05-01,6,6,6,12
VILLA MONTES,nutricion y desarrollo infantil,controles nuevos en ninos menores de 2 anos,2006-05-01,38,38,29,67
VILLA NUEVA (LOMA ALTA),nutricion y desarrollo infantil,controles nuevos en ninos menores de 2 anos,2006-05-01,7,7,10,17
VILLA RIVERO,nutricion y desarrollo infantil,controles nuevos en ninos menores de 2 anos,2006-05-01,8,8,13,21
VILLA SERRANO,nutricion y desarrollo infantil,controles nuevos en ninos menores de 2 anos,2006-05-01,5,5,14,19
VILLA TUNARI,nutricion y desarrollo infantil,controles nuevos en ninos menores de 2 anos,2006-05-01,222,222,224,446
VILLA VACA GUZMAN (MUYUPAMPA),nutricion y desarrollo infantil,controles nuevos en ninos menores de 2 anos,2006-05-01,8,8,8,16
VILLAZON,nutricion y desarrollo infantil,controles nuevos en ninos menores de 2 anos,2006-05-01,49,49,42,91
VINTO,nutricion y desarrollo infantil,controles nuevos en ninos menores de 2 anos,2006-05-01,47,47,66,113
VITICHI,nutricion y desarrollo infantil,controles nuevos en ninos menores de 2 anos,2006-05-01,11,11,4,15
WALDO BALLIVIAN,nutricion y desarrollo infantil,controles nuevos en ninos menores de 2 anos,2006-05-01,3,3,2,5
WARNES,nutricion y desarrollo infantil,controles nuevos en ninos menores de 2 anos,2006-05-01,105,105,96,201
YACO,nutricion y desarrollo infantil,controles nuevos en ninos menores de 2 anos,2006-05-01,21,21,12,33
YACUIBA,nutricion y desarrollo infantil,controles nuevos en ninos menores de 2 anos,2006-05-01,42,42,28,70
YAMPARAEZ,nutricion y desarrollo infantil,controles nuevos en ninos menores de 2 anos,2006-05-01,4,4,9,13
YANACACHI,nutricion y desarrollo infantil,controles nuevos en ninos menores de 2 anos,2006-05-01,8,8,6,14
YAPACANI,nutricion y desarrollo infantil,controles nuevos en ninos menores de 2 anos,2006-05-01,51,51,57,108
YOCALLA,nutricion y desarrollo infantil,controles nuevos en ninos menores de 2 anos,2006-05-01,9,9,5,14
YOTALA,nutricion y desarrollo infantil,controles nuevos en ninos menores de 2 anos,2006-05-01,14,14,10,24
YUNCHARA,nutricion y desarrollo infantil,controles nuevos en ninos menores de 2 anos,2006-05-01,9,9,8,17
ZUDAÑEZ,nutricion y desarrollo infantil,controles nuevos en ninos menores de 2 anos,2006-05-01,6,6,10,16
ACACIO,nutricion y desarrollo infantil,controles nuevos en ninos menores de 2 anos,2006-06-01,8,8,6,14
ACHACACHI,nutricion y desarrollo infantil,controles nuevos en ninos menores de 2 anos,2006-06-01,80,80,72,152
ACHOCALLA,nutricion y desarrollo infantil,controles nuevos en ninos menores de 2 anos,2006-06-01,11,11,11,22
AIQUILE,nutricion y desarrollo infantil,controles nuevos en ninos menores de 2 anos,2006-06-01,45,45,29,74
ALALAY,nutricion y desarrollo infantil,controles nuevos en ninos menores de 2 anos,2006-06-01,1,1,0,1
ALCALA,nutricion y desarrollo infantil,controles nuevos en ninos menores de 2 anos,2006-06-01,3,3,0,3
ANCORAIMES,nutricion y desarrollo infantil,controles nuevos en ninos menores de 2 anos,2006-06-01,9,9,15,24
ANDAMARCA,nutricion y desarrollo infantil,controles nuevos en ninos menores de 2 anos,2006-06-01,0,0,3,3
ANTEQUERA,nutricion y desarrollo infantil,controles nuevos en ninos menores de 2 anos,2006-06-01,1,1,3,4
ANZALDO,nutricion y desarrollo infantil,controles nuevos en ninos menores de 2 anos,2006-06-01,23,23,17,40
APOLO,nutricion y desarrollo infantil,controles nuevos en ninos menores de 2 anos,2006-06-01,15,15,13,28
ARAMPAMPA,nutricion y desarrollo infantil,controles nuevos en ninos menores de 2 anos,2006-06-01,9,9,11,20
ARANI,nutricion y desarrollo infantil,controles nuevos en ninos menores de 2 anos,2006-06-01,33,33,24,57
ARBIETO,nutricion y desarrollo infantil,controles nuevos en ninos menores de 2 anos,2006-06-01,17,17,17,34
ARQUE,nutricion y desarrollo infantil,controles nuevos en ninos menores de 2 anos,2006-06-01,12,12,12,24
ASCENCION DE GUARAYOS,nutricion y desarrollo infantil,controles nuevos en ninos menores de 2 anos,2006-06-01,69,69,70,139
ATOCHA,nutricion y desarrollo infantil,controles nuevos en ninos menores de 2 anos,2006-06-01,4,4,3,7
AUCAPATA,nutricion y desarrollo infantil,controles nuevos en ninos menores de 2 anos,2006-06-01,17,17,21,38
AYATA,nutricion y desarrollo infantil,controles nuevos en ninos menores de 2 anos,2006-06-01,13,13,15,28
AYO AYO,nutricion y desarrollo infantil,controles nuevos en ninos menores de 2 anos,2006-06-01,6,6,8,14
AYOPAYA (V. DE INDEPENDENCIA),nutricion y desarrollo infantil,controles nuevos en ninos menores de 2 anos,2006-06-01,81,81,89,170
AZURDUY,nutricion y desarrollo infantil,controles nuevos en ninos menores de 2 anos,2006-06-01,15,15,21,36
BATALLAS,nutricion y desarrollo infantil,controles nuevos en ninos menores de 2 anos,2006-06-01,22,22,21,43
BAURES,nutricion y desarrollo infantil,controles nuevos en ninos menores de 2 anos,2006-06-01,10,10,4,14
BELEN DE URMIRI,nutricion y desarrollo infantil,controles nuevos en ninos menores de 2 anos,2006-06-01,1,1,2,3
BELLA FLOR,nutricion y desarrollo infantil,controles nuevos en ninos menores de 2 anos,2006-06-01,16,16,16,32
BERMEJO,nutricion y desarrollo infantil,controles nuevos en ninos menores de 2 anos,2006-06-01,11,11,7,18
BETANZOS,nutricion y desarrollo infantil,controles nuevos en ninos menores de 2 anos,2006-06-01,35,35,47,82
BOLIVAR,nutricion y desarrollo infantil,controles nuevos en ninos menores de 2 anos,2006-06-01,7,7,15,22
BOYUIBE,nutricion y desarrollo infantil,controles nuevos en ninos menores de 2 anos,2006-06-01,2,2,2,4
BUENA VISTA,nutricion y desarrollo infantil,controles nuevos en ninos menores de 2 anos,2006-06-01,15,15,14,29
CABEZAS,nutricion y desarrollo infantil,controles nuevos en ninos menores de 2 anos,2006-06-01,10,10,9,19
CAIROMA,nutricion y desarrollo infantil,controles nuevos en ninos menores de 2 anos,2006-06-01,9,9,10,19
"CAIZA ""D""",nutricion y desarrollo infantil,controles nuevos en ninos menores de 2 anos,2006-06-01,10,10,7,17
CAJUATA,nutricion y desarrollo infantil,controles nuevos en ninos menores de 2 anos,2006-06-01,5,5,8,13
CALACOTO,nutricion y desarrollo infantil,controles nuevos en ninos menores de 2 anos,2006-06-01,3,3,2,5
CALAMARCA,nutricion y desarrollo infantil,controles nuevos en ninos menores de 2 anos,2006-06-01,11,11,13,24
CAMARGO,nutricion y desarrollo infantil,controles nuevos en ninos menores de 2 anos,2006-06-01,18,18,14,32
CAMATAQUI (C. VILLA ABECIA),nutricion y desarrollo infantil,controles nuevos en ninos menores de 2 anos,2006-06-01,4,4,2,6
CAMIRI,nutricion y desarrollo infantil,controles nuevos en ninos menores de 2 anos,2006-06-01,67,67,59,126
CAPINOTA,nutricion y desarrollo infantil,controles nuevos en ninos menores de 2 anos,2006-06-01,17,17,19,36
CAQUIAVIRI,nutricion y desarrollo infantil,controles nuevos en ninos menores de 2 anos,2006-06-01,7,7,5,12
CARACOLLO,nutricion y desarrollo infantil,controles nuevos en ninos menores de 2 anos,2006-06-01,35,35,19,54
CARANAVI,nutricion y desarrollo infantil,controles nuevos en ninos menores de 2 anos,2006-06-01,105,105,96,201
CARANGAS,nutricion y desarrollo infantil,controles nuevos en ninos menores de 2 anos,2006-06-01,0,0,4,4
CARAPARI,nutricion y desarrollo infantil,controles nuevos en ninos menores de 2 anos,2006-06-01,6,6,11,17
CARIPUYO,nutricion y desarrollo infantil,controles nuevos en ninos menores de 2 anos,2006-06-01,11,11,4,15
CARMEN RIVERO TORREZ,nutricion y desarrollo infantil,controles nuevos en ninos menores de 2 anos,2006-06-01,20,20,16,36
CHACARILLA,nutricion y desarrollo infantil,controles nuevos en ninos menores de 2 anos,2006-06-01,2,2,2,4
CHALLAPATA,nutricion y desarrollo infantil,controles nuevos en ninos menores de 2 anos,2006-06-01,37,37,41,78
CHAQUI,nutricion y desarrollo infantil,controles nuevos en ninos menores de 2 anos,2006-06-01,7,7,14,21
CHARAGUA,nutricion y desarrollo infantil,controles nuevos en ninos menores de 2 anos,2006-06-01,45,45,42,87
CHARAÑA,nutricion y desarrollo infantil,controles nuevos en ninos menores de 2 anos,2006-06-01,3,3,2,5
CHAYANTA,nutricion y desarrollo infantil,controles nuevos en ninos menores de 2 anos,2006-06-01,20,20,19,39
CHIMORE,nutricion y desarrollo infantil,controles nuevos en ninos menores de 2 anos,2006-06-01,22,22,28,50
CHULUMANI (V. DE LA LIBERTAD),nutricion y desarrollo infantil,controles nuevos en ninos menores de 2 anos,2006-06-01,16,16,10,26
CHUMA,nutricion y desarrollo infantil,controles nuevos en ninos menores de 2 anos,2006-06-01,4,4,7,11
CLIZA,nutricion y desarrollo infantil,controles nuevos en ninos menores de 2 anos,2006-06-01,37,37,46,83
COBIJA,nutricion y desarrollo infantil,controles nuevos en ninos menores de 2 anos,2006-06-01,47,47,45,92
COCHABAMBA,nutricion y desarrollo infantil,controles nuevos en ninos menores de 2 anos,2006-06-01,1462,1462,1300,2762
COLCAPIRHUA,nutricion y desarrollo infantil,controles nuevos en ninos menores de 2 anos,2006-06-01,308,308,259,567
"COLCHA ""K""",nutricion y desarrollo infantil,controles nuevos en ninos menores de 2 anos,2006-06-01,12,12,13,25
COLLANA,nutricion y desarrollo infantil,controles nuevos en ninos menores de 2 anos,2006-06-01,2,2,1,3
COLOMI,nutricion y desarrollo infantil,controles nuevos en ninos menores de 2 anos,2006-06-01,130,130,118,248
COLPA BELGICA,nutricion y desarrollo infantil,controles nuevos en ninos menores de 2 anos,2006-06-01,10,10,10,20
COLQUECHACA,nutricion y desarrollo infantil,controles nuevos en ninos menores de 2 anos,2006-06-01,75,75,66,141
COLQUENCHA,nutricion y desarrollo infantil,controles nuevos en ninos menores de 2 anos,2006-06-01,5,5,3,8
COLQUIRI,nutricion y desarrollo infantil,controles nuevos en ninos menores de 2 anos,2006-06-01,29,29,17,46
COMARAPA,nutricion y desarrollo infantil,controles nuevos en ninos menores de 2 anos,2006-06-01,17,17,18,35
COMBAYA,nutricion y desarrollo infantil,controles nuevos en ninos menores de 2 anos,2006-06-01,0,0,2,2
CONCEPCION,nutricion y desarrollo infantil,controles nuevos en ninos menores de 2 anos,2006-06-01,22,22,18,40
COPACABANA,nutricion y desarrollo infantil,controles nuevos en ninos menores de 2 anos,2006-06-01,15,15,14,29
CORIPATA,nutricion y desarrollo infantil,controles nuevos en ninos menores de 2 anos,2006-06-01,25,25,30,55
CORO CORO,nutricion y desarrollo infantil,controles nuevos en ninos menores de 2 anos,2006-06-01,6,6,9,15
COROICO,nutricion y desarrollo infantil,controles nuevos en ninos menores de 2 anos,2006-06-01,53,53,44,97
CORQUE,nutricion y desarrollo infantil,controles nuevos en ninos menores de 2 anos,2006-06-01,3,3,5,8
COTAGAITA,nutricion y desarrollo infantil,controles nuevos en ninos menores de 2 anos,2006-06-01,30,30,31,61
COTOCA,nutricion y desarrollo infantil,controles nuevos en ninos menores de 2 anos,2006-06-01,60,60,45,105
CUATRO CAÑADAS,nutricion y desarrollo infantil,controles nuevos en ninos menores de 2 anos,2006-06-01,45,45,64,109
CUCHUMUELA (V. G. VILLARROEL),nutricion y desarrollo infantil,controles nuevos en ninos menores de 2 anos,2006-06-01,3,3,1,4
CUEVO,nutricion y desarrollo infantil,controles nuevos en ninos menores de 2 anos,2006-06-01,0,0,2,2
CULPINA,nutricion y desarrollo infantil,controles nuevos en ninos menores de 2 anos,2006-06-01,28,28,23,51
CURAHUARA DE CARANGAS,nutricion y desarrollo infantil,controles nuevos en ninos menores de 2 anos,2006-06-01,2,2,1,3
CURVA,nutricion y desarrollo infantil,controles nuevos en ninos menores de 2 anos,2006-06-01,0,0,2,2
DESAGUADERO,nutricion y desarrollo infantil,controles nuevos en ninos menores de 2 anos,2006-06-01,9,9,8,17
EL ALTO,nutricion y desarrollo infantil,controles nuevos en ninos menores de 2 anos,2006-06-01,2276,2276,2253,4529
EL CHORO,nutricion y desarrollo infantil,controles nuevos en ninos menores de 2 anos,2006-06-01,2,2,2,4
EL PUENTE(STC),nutricion y desarrollo infantil,controles nuevos en ninos menores de 2 anos,2006-06-01,43,43,43,86
EL PUENTE(TJA),nutricion y desarrollo infantil,controles nuevos en ninos menores de 2 anos,2006-06-01,10,10,6,16
EL TORNO,nutricion y desarrollo infantil,controles nuevos en ninos menores de 2 anos,2006-06-01,37,37,32,69
EL VILLAR,nutricion y desarrollo infantil,controles nuevos en ninos menores de 2 anos,2006-06-01,0,0,3,3
ENTRE RIOS,nutricion y desarrollo infantil,controles nuevos en ninos menores de 2 anos,2006-06-01,140,140,139,279
ENTRE RIOS,nutricion y desarrollo infantil,controles nuevos en ninos menores de 2 anos,2006-06-01,12,12,14,26
ESCARA,nutricion y desarrollo infantil,controles nuevos en ninos menores de 2 anos,2006-06-01,0,0,2,2
EUCALIPTUS,nutricion y desarrollo infantil,controles nuevos en ninos menores de 2 anos,2006-06-01,3,3,3,6
EUREKA (SANTOS MERCADO),nutricion y desarrollo infantil,controles nuevos en ninos menores de 2 anos,2006-06-01,2,2,5,7
EXALTACION,nutricion y desarrollo infantil,controles nuevos en ninos menores de 2 anos,2006-06-01,4,4,2,6
FERNANDEZ ALONSO,nutricion y desarrollo infantil,controles nuevos en ninos menores de 2 anos,2006-06-01,20,20,16,36
FILADELFIA,nutricion y desarrollo infantil,controles nuevos en ninos menores de 2 anos,2006-06-01,6,6,8,14
GENERAL SAAVEDRA,nutricion y desarrollo infantil,controles nuevos en ninos menores de 2 anos,2006-06-01,65,65,50,115
GRAL. J.J. PEREZ (CHARAZANI),nutricion y desarrollo infantil,controles nuevos en ninos menores de 2 anos,2006-06-01,8,8,10,18
GUANAY,nutricion y desarrollo infantil,controles nuevos en ninos menores de 2 anos,2006-06-01,32,32,20,52
GUAQUI,nutricion y desarrollo infantil,controles nuevos en ninos menores de 2 anos,2006-06-01,6,6,2,8
GUAYARAMERIN,nutricion y desarrollo infantil,controles nuevos en ninos menores de 2 anos,2006-06-01,77,77,73,150
GUTIERREZ,nutricion y desarrollo infantil,controles nuevos en ninos menores de 2 anos,2006-06-01,14,14,11,25
HUACARETA,nutricion y desarrollo infantil,controles nuevos en ninos menores de 2 anos,2006-06-01,9,9,7,16
HUACAYA (VILLA DE HUACAYA),nutricion y desarrollo infantil,controles nuevos en ninos menores de 2 anos,2006-06-01,6,6,3,9
HUACHACALLA,nutricion y desarrollo infantil,controles nuevos en ninos menores de 2 anos,2006-06-01,3,3,1,4
HUANUNI,nutricion y desarrollo infantil,controles nuevos en ninos menores de 2 anos,2006-06-01,24,24,26,50
HUARACAJE,nutricion y desarrollo infantil,controles nuevos en ninos menores de 2 anos,2006-06-01,4,4,3,7
HUAYLLAMARCA,nutricion y desarrollo infantil,controles nuevos en ninos menores de 2 anos,2006-06-01,9,9,3,12
ICHOCA,nutricion y desarrollo infantil,controles nuevos en ninos menores de 2 anos,2006-06-01,9,9,11,20
ICLA,nutricion y desarrollo infantil,controles nuevos en ninos menores de 2 anos,2006-06-01,15,15,13,28
INCAHUASI,nutricion y desarrollo infantil,controles nuevos en ninos menores de 2 anos,2006-06-01,25,25,27,52
INGAVI (HUMAITA),nutricion y desarrollo infantil,controles nuevos en ninos menores de 2 anos,2006-06-01,3,3,4,7
INQUISIVI,nutricion y desarrollo infantil,controles nuevos en ninos menores de 2 anos,2006-06-01,34,34,28,62
IRUPANA (VILLA DE LANZA),nutricion y desarrollo infantil,controles nuevos en ninos menores de 2 anos,2006-06-01,26,26,19,45
IXIAMAS,nutricion y desarrollo infantil,controles nuevos en ninos menores de 2 anos,2006-06-01,12,12,8,20
JESUS DE MACHACA,nutricion y desarrollo infantil,controles nuevos en ninos menores de 2 anos,2006-06-01,8,8,11,19
LA ASUNTA,nutricion y desarrollo infantil,controles nuevos en ninos menores de 2 anos,2006-06-01,38,38,30,68
LA GUARDIA,nutricion y desarrollo infantil,controles nuevos en ninos menores de 2 anos,2006-06-01,100,100,81,181
LA PAZ,nutricion y desarrollo infantil,controles nuevos en ninos menores de 2 anos,2006-06-01,1347,1347,1195,2542
LA RIVERA,nutricion y desarrollo infantil,controles nuevos en ninos menores de 2 anos,2006-06-01,1,1,0,1
LAGUNILLAS,nutricion y desarrollo infantil,controles nuevos en ninos menores de 2 anos,2006-06-01,1,1,4,5
LAJA,nutricion y desarrollo infantil,controles nuevos en ninos menores de 2 anos,2006-06-01,18,18,30,48
LAS CARRERAS,nutricion y desarrollo infantil,controles nuevos en ninos menores de 2 anos,2006-06-01,5,5,3,8
LICOMA PAMPA,nutricion y desarrollo infantil,controles nuevos en ninos menores de 2 anos,2006-06-01,2,2,2,4
LLALLAGUA,nutricion y desarrollo infantil,controles nuevos en ninos menores de 2 anos,2006-06-01,112,112,84,196
LLICA,nutricion y desarrollo infantil,controles nuevos en ninos menores de 2 anos,2006-06-01,8,8,3,11
LORETO,nutricion y desarrollo infantil,controles nuevos en ninos menores de 2 anos,2006-06-01,12,12,11,23
LURIBAY,nutricion y desarrollo infantil,controles nuevos en ninos menores de 2 anos,2006-06-01,3,3,4,7
MACHACAMARCA,nutricion y desarrollo infantil,controles nuevos en ninos menores de 2 anos,2006-06-01,5,5,2,7
MACHARETI,nutricion y desarrollo infantil,controles nuevos en ninos menores de 2 anos,2006-06-01,8,8,5,13
MAGDALENA,nutricion y desarrollo infantil,controles nuevos en ninos menores de 2 anos,2006-06-01,11,11,10,21
MAIRANA,nutricion y desarrollo infantil,controles nuevos en ninos menores de 2 anos,2006-06-01,11,11,8,19
MALLA,nutricion y desarrollo infantil,controles nuevos en ninos menores de 2 anos,2006-06-01,1,1,1,2
MAPIRI,nutricion y desarrollo infantil,controles nuevos en ninos menores de 2 anos,2006-06-01,16,16,6,22
MECAPACA,nutricion y desarrollo infantil,controles nuevos en ninos menores de 2 anos,2006-06-01,14,14,9,23
MINEROS,nutricion y desarrollo infantil,controles nuevos en ninos menores de 2 anos,2006-06-01,31,31,31,62
MIZQUE,nutricion y desarrollo infantil,controles nuevos en ninos menores de 2 anos,2006-06-01,39,39,32,71
MOCOMOCO,nutricion y desarrollo infantil,controles nuevos en ninos menores de 2 anos,2006-06-01,19,19,13,32
MOJOCOYA,nutricion y desarrollo infantil,controles nuevos en ninos menores de 2 anos,2006-06-01,4,4,7,11
MONTEAGUDO,nutricion y desarrollo infantil,controles nuevos en ninos menores de 2 anos,2006-06-01,18,18,17,35
MONTERO,nutricion y desarrollo infantil,controles nuevos en ninos menores de 2 anos,2006-06-01,151,151,143,294
MORO MORO,nutricion y desarrollo infantil,controles nuevos en ninos menores de 2 anos,2006-06-01,3,3,2,5
MOROCHATA,nutricion y desarrollo infantil,controles nuevos en ninos menores de 2 anos,2006-06-01,80,80,78,158
NACEBE (SANTA ROSA DEL ABUNA),nutricion y desarrollo infantil,controles nuevos en ninos menores de 2 anos,2006-06-01,2,2,2,4
NAZACARA DE PACAJES,nutricion y desarrollo infantil,controles nuevos en ninos menores de 2 anos,2006-06-01,2,2,0,2
NUEVO MANOA (NUEVA ESPERANZA),nutricion y desarrollo infantil,controles nuevos en ninos menores de 2 anos,2006-06-01,2,2,1,3
OCURI,nutricion y desarrollo infantil,controles nuevos en ninos menores de 2 anos,2006-06-01,32,32,28,60
OKINAWA,nutricion y desarrollo infantil,controles nuevos en ninos menores de 2 anos,2006-06-01,24,24,25,49
OMEREQUE,nutricion y desarrollo infantil,controles nuevos en ninos menores de 2 anos,2006-06-01,4,4,5,9
ORURO,nutricion y desarrollo infantil,controles nuevos en ninos menores de 2 anos,2006-06-01,557,557,522,1079
PADCAYA,nutricion y desarrollo infantil,controles nuevos en ninos menores de 2 anos,2006-06-01,14,14,10,24
PADILLA,nutricion y desarrollo infantil,controles nuevos en ninos menores de 2 anos,2006-06-01,21,21,10,31
PAILON,nutricion y desarrollo infantil,controles nuevos en ninos menores de 2 anos,2006-06-01,11,11,8,19
PALCA,nutricion y desarrollo infantil,controles nuevos en ninos menores de 2 anos,2006-06-01,12,12,15,27
PALOS BLANCOS,nutricion y desarrollo infantil,controles nuevos en ninos menores de 2 anos,2006-06-01,33,33,32,65
PAMPA AULLAGAS,nutricion y desarrollo infantil,controles nuevos en ninos menores de 2 anos,2006-06-01,3,3,3,6
PAMPA GRANDE,nutricion y desarrollo infantil,controles nuevos en ninos menores de 2 anos,2006-06-01,6,6,6,12
PAPEL PAMPA,nutricion y desarrollo infantil,controles nuevos en ninos menores de 2 anos,2006-06-01,5,5,3,8
PASORAPA,nutricion y desarrollo infantil,controles nuevos en ninos menores de 2 anos,2006-06-01,1,1,3,4
PATACAMAYA,nutricion y desarrollo infantil,controles nuevos en ninos menores de 2 anos,2006-06-01,21,21,16,37
PAZÑA,nutricion y desarrollo infantil,controles nuevos en ninos menores de 2 anos,2006-06-01,3,3,3,6
PELECHUCO,nutricion y desarrollo infantil,controles nuevos en ninos menores de 2 anos,2006-06-01,15,15,11,26
POCOATA,nutricion y desarrollo infantil,controles nuevos en ninos menores de 2 anos,2006-06-01,35,35,30,65
POCONA,nutricion y desarrollo infantil,controles nuevos en ninos menores de 2 anos,2006-06-01,24,24,22,46
POJO (CBBA),nutricion y desarrollo infantil,controles nuevos en ninos menores de 2 anos,2006-06-01,28,28,19,47
POOPO,nutricion y desarrollo infantil,controles nuevos en ninos menores de 2 anos,2006-06-01,6,6,6,12
PORCO,nutricion y desarrollo infantil,controles nuevos en ninos menores de 2 anos,2006-06-01,9,9,7,16
POROMA,nutricion y desarrollo infantil,controles nuevos en ninos menores de 2 anos,2006-06-01,25,25,25,50
PORONGO,nutricion y desarrollo infantil,controles nuevos en ninos menores de 2 anos,2006-06-01,14,14,15,29
PORTACHUELO,nutricion y desarrollo infantil,controles nuevos en ninos menores de 2 anos,2006-06-01,19,19,18,37
PORVENIR,nutricion y desarrollo infantil,controles nuevos en ninos menores de 2 anos,2006-06-01,4,4,8,12
POSTRER VALLE,nutricion y desarrollo infantil,controles nuevos en ninos menores de 2 anos,2006-06-01,4,4,3,7
POTOSI,nutricion y desarrollo infantil,controles nuevos en ninos menores de 2 anos,2006-06-01,200,200,216,416
PRESTO,nutricion y desarrollo infantil,controles nuevos en ninos menores de 2 anos,2006-06-01,3,3,4,7
PUCARANI,nutricion y desarrollo infantil,controles nuevos en ninos menores de 2 anos,2006-06-01,38,38,37,75
PUERTO ACOSTA,nutricion y desarrollo infantil,controles nuevos en ninos menores de 2 anos,2006-06-01,21,21,20,41
PUERTO CARABUCO,nutricion y desarrollo infantil,controles nuevos en ninos menores de 2 anos,2006-06-01,15,15,18,33
PUERTO GONZALO MORENO,nutricion y desarrollo infantil,controles nuevos en ninos menores de 2 anos,2006-06-01,3,3,3,6
PUERTO PEREZ,nutricion y desarrollo infantil,controles nuevos en ninos menores de 2 anos,2006-06-01,7,7,8,15
PUERTO QUIJARRO,nutricion y desarrollo infantil,controles nuevos en ninos menores de 2 anos,2006-06-01,31,31,19,50
PUERTO RICO,nutricion y desarrollo infantil,controles nuevos en ninos menores de 2 anos,2006-06-01,8,8,11,19
PUERTO SILES,nutricion y desarrollo infantil,controles nuevos en ninos menores de 2 anos,2006-06-01,8,8,6,14
PUERTO SUAREZ,nutricion y desarrollo infantil,controles nuevos en ninos menores de 2 anos,2006-06-01,36,36,35,71
PUERTO VILLARROEL,nutricion y desarrollo infantil,controles nuevos en ninos menores de 2 anos,2006-06-01,122,122,126,248
PUNA,nutricion y desarrollo infantil,controles nuevos en ninos menores de 2 anos,2006-06-01,34,34,49,83
PUNATA,nutricion y desarrollo infantil,controles nuevos en ninos menores de 2 anos,2006-06-01,70,70,73,143
QUIABAYA,nutricion y desarrollo infantil,controles nuevos en ninos menores de 2 anos,2006-06-01,0,0,2,2
QUILLACOLLO,nutricion y desarrollo infantil,controles nuevos en ninos menores de 2 anos,2006-06-01,691,691,680,1371
QUIME,nutricion y desarrollo infantil,controles nuevos en ninos menores de 2 anos,2006-06-01,6,6,8,14
QUIRUSILLAS,nutricion y desarrollo infantil,controles nuevos en ninos menores de 2 anos,2006-06-01,1,1,0,1
RAVELO,nutricion y desarrollo infantil,controles nuevos en ninos menores de 2 anos,2006-06-01,43,43,45,88
REYES,nutricion y desarrollo infantil,controles nuevos en ninos menores de 2 anos,2006-06-01,11,11,6,17
RIBERALTA,nutricion y desarrollo infantil,controles nuevos en ninos menores de 2 anos,2006-06-01,235,235,215,450
ROBORE,nutricion y desarrollo infantil,controles nuevos en ninos menores de 2 anos,2006-06-01,39,39,36,75
RURRENABAQUE,nutricion y desarrollo infantil,controles nuevos en ninos menores de 2 anos,2006-06-01,22,22,15,37
SABAYA,nutricion y desarrollo infantil,controles nuevos en ninos menores de 2 anos,2006-06-01,6,6,8,14
SACABA,nutricion y desarrollo infantil,controles nuevos en ninos menores de 2 anos,2006-06-01,583,583,470,1053
SACABAMBA,nutricion y desarrollo infantil,controles nuevos en ninos menores de 2 anos,2006-06-01,3,3,5,8
SACACA,nutricion y desarrollo infantil,controles nuevos en ninos menores de 2 anos,2006-06-01,18,18,16,34
SAIPINA,nutricion y desarrollo infantil,controles nuevos en ninos menores de 2 anos,2006-06-01,12,12,18,30
SALINAS DE GARCI MENDOZA,nutricion y desarrollo infantil,controles nuevos en ninos menores de 2 anos,2006-06-01,3,3,9,12
SAMAIPATA,nutricion y desarrollo infantil,controles nuevos en ninos menores de 2 anos,2006-06-01,12,12,8,20
SAN ANDRES,nutricion y desarrollo infantil,controles nuevos en ninos menores de 2 anos,2006-06-01,25,25,13,38
SAN ANDRES DE MACHACA,nutricion y desarrollo infantil,controles nuevos en ninos menores de 2 anos,2006-06-01,5,5,2,7
SAN ANTONIO DE ESMORUCO,nutricion y desarrollo infantil,controles nuevos en ninos menores de 2 anos,2006-06-01,1,1,3,4
SAN ANTONIO DE LOMERIO,nutricion y desarrollo infantil,controles nuevos en ninos menores de 2 anos,2006-06-01,4,4,12,16
SAN BENITO,nutricion y desarrollo infantil,controles nuevos en ninos menores de 2 anos,2006-06-01,28,28,26,54
SAN BORJA,nutricion y desarrollo infantil,controles nuevos en ninos menores de 2 anos,2006-06-01,51,51,35,86
SAN BUENA VENTURA,nutricion y desarrollo infantil,controles nuevos en ninos menores de 2 anos,2006-06-01,8,8,11,19
SAN CARLOS,nutricion y desarrollo infantil,controles nuevos en ninos menores de 2 anos,2006-06-01,26,26,21,47
SAN IGNACIO,nutricion y desarrollo infantil,controles nuevos en ninos menores de 2 anos,2006-06-01,55,55,42,97
SAN IGNACIO DE VELASCO,nutricion y desarrollo infantil,controles nuevos en ninos menores de 2 anos,2006-06-01,62,62,62,124
SAN JAVIER(BNI),nutricion y desarrollo infantil,controles nuevos en ninos menores de 2 anos,2006-06-01,7,7,11,18
SAN JAVIER(STC),nutricion y desarrollo infantil,controles nuevos en ninos menores de 2 anos,2006-06-01,20,20,19,39
SAN JOAQUIN,nutricion y desarrollo infantil,controles nuevos en ninos menores de 2 anos,2006-06-01,4,4,5,9
SAN JOSE DE CHIQUITOS,nutricion y desarrollo infantil,controles nuevos en ninos menores de 2 anos,2006-06-01,18,18,23,41
SAN JUAN DE YAPACANI,nutricion y desarrollo infantil,controles nuevos en ninos menores de 2 anos,2006-06-01,12,12,27,39
SAN JULIAN,nutricion y desarrollo infantil,controles nuevos en ninos menores de 2 anos,2006-06-01,30,30,42,72
SAN LORENZO(PND),nutricion y desarrollo infantil,controles nuevos en ninos menores de 2 anos,2006-06-01,4,4,8,12
SAN LORENZO(TJA),nutricion y desarrollo infantil,controles nuevos en ninos menores de 2 anos,2006-06-01,49,49,66,115
SAN LUCAS,nutricion y desarrollo infantil,controles nuevos en ninos menores de 2 anos,2006-06-01,42,42,38,80
SAN MATIAS,nutricion y desarrollo infantil,controles nuevos en ninos menores de 2 anos,2006-06-01,12,12,23,35
SAN MIGUEL DE VELASCO,nutricion y desarrollo infantil,controles nuevos en ninos menores de 2 anos,2006-06-01,8,8,9,17
SAN PABLO DE LIPEZ,nutricion y desarrollo infantil,controles nuevos en ninos menores de 2 anos,2006-06-01,3,3,5,8
SAN PEDRO,nutricion y desarrollo infantil,controles nuevos en ninos menores de 2 anos,2006-06-01,35,35,34,69
SAN PEDRO DE BUENA VISTA,nutricion y desarrollo infantil,controles nuevos en ninos menores de 2 anos,2006-06-01,30,30,30,60
SAN PEDRO DE CURAHUARA,nutricion y desarrollo infantil,controles nuevos en ninos menores de 2 anos,2006-06-01,6,6,4,10
SAN PEDRO DE QUEMES,nutricion y desarrollo infantil,controles nuevos en ninos menores de 2 anos,2006-06-01,1,1,0,1
SAN PEDRO DE TIQUINA,nutricion y desarrollo infantil,controles nuevos en ninos menores de 2 anos,2006-06-01,2,2,3,5
SAN PEDRO(PND),nutricion y desarrollo infantil,controles nuevos en ninos menores de 2 anos,2006-06-01,3,3,11,14
SAN RAFAEL,nutricion y desarrollo infantil,controles nuevos en ninos menores de 2 anos,2006-06-01,14,14,8,22
SAN RAMON,nutricion y desarrollo infantil,controles nuevos en ninos menores de 2 anos,2006-06-01,8,8,6,14
SAN RAMON,nutricion y desarrollo infantil,controles nuevos en ninos menores de 2 anos,2006-06-01,3,3,6,9
SANTA ANA,nutricion y desarrollo infantil,controles nuevos en ninos menores de 2 anos,2006-06-01,42,42,38,80
SANTA CRUZ DE LA SIERRA,nutricion y desarrollo infantil,controles nuevos en ninos menores de 2 anos,2006-06-01,2043,2043,2071,4114
SANTA ROSA,nutricion y desarrollo infantil,controles nuevos en ninos menores de 2 anos,2006-06-01,13,13,11,24
SANTA ROSA DEL SARA,nutricion y desarrollo infantil,controles nuevos en ninos menores de 2 anos,2006-06-01,30,30,19,49
SANTIAGO DE CALLAPA,nutricion y desarrollo infantil,controles nuevos en ninos menores de 2 anos,2006-06-01,4,4,3,7
SANTIAGO DE HUARI,nutricion y desarrollo infantil,controles nuevos en ninos menores de 2 anos,2006-06-01,3,3,4,7
SANTIAGO DE MACHACA,nutricion y desarrollo infantil,controles nuevos en ninos menores de 2 anos,2006-06-01,2,2,3,5
SANTIVAÑES,nutricion y desarrollo infantil,controles nuevos en ninos menores de 2 anos,2006-06-01,6,6,4,10
SAPAHAQUI,nutricion y desarrollo infantil,controles nuevos en ninos menores de 2 anos,2006-06-01,16,16,7,23
SENA,nutricion y desarrollo infantil,controles nuevos en ninos menores de 2 anos,2006-06-01,6,6,3,9
SICA SICA (VILLA AROMA),nutricion y desarrollo infantil,controles nuevos en ninos menores de 2 anos,2006-06-01,13,13,10,23
SICAYA,nutricion y desarrollo infantil,controles nuevos en ninos menores de 2 anos,2006-06-01,0,0,3,3
SIPE SIPE,nutricion y desarrollo infantil,controles nuevos en ninos menores de 2 anos,2006-06-01,181,181,171,352
SOPACHUY,nutricion y desarrollo infantil,controles nuevos en ninos menores de 2 anos,2006-06-01,10,10,11,21
SORACACHI,nutricion y desarrollo infantil,controles nuevos en ninos menores de 2 anos,2006-06-01,12,12,11,23
SORATA,nutricion y desarrollo infantil,controles nuevos en ninos menores de 2 anos,2006-06-01,19,19,23,42
SUCRE,nutricion y desarrollo infantil,controles nuevos en ninos menores de 2 anos,2006-06-01,372,372,376,748
TACACOMA,nutricion y desarrollo infantil,controles nuevos en ninos menores de 2 anos,2006-06-01,7,7,6,13
TACOBAMBA,nutricion y desarrollo infantil,controles nuevos en ninos menores de 2 anos,2006-06-01,9,9,9,18
TACOPAYA,nutricion y desarrollo infantil,controles nuevos en ninos menores de 2 anos,2006-06-01,3,3,3,6
TAPACARI,nutricion y desarrollo infantil,controles nuevos en ninos menores de 2 anos,2006-06-01,79,79,93,172
TARABUCO,nutricion y desarrollo infantil,controles nuevos en ninos menores de 2 anos,2006-06-01,33,33,19,52
TARACO,nutricion y desarrollo infantil,controles nuevos en ninos menores de 2 anos,2006-06-01,7,7,7,14
TARATA,nutricion y desarrollo infantil,controles nuevos en ninos menores de 2 anos,2006-06-01,9,9,3,12
TARIJA,nutricion y desarrollo infantil,controles nuevos en ninos menores de 2 anos,2006-06-01,745,745,672,1417
TARVITA,nutricion y desarrollo infantil,controles nuevos en ninos menores de 2 anos,2006-06-01,16,16,19,35
TEOPONTE,nutricion y desarrollo infantil,controles nuevos en ninos menores de 2 anos,2006-06-01,9,9,4,13
TIAWANACU,nutricion y desarrollo infantil,controles nuevos en ninos menores de 2 anos,2006-06-01,19,19,15,34
TINGUIPAYA,nutricion y desarrollo infantil,controles nuevos en ninos menores de 2 anos,2006-06-01,51,51,51,102
TIPUANI,nutricion y desarrollo infantil,controles nuevos en ninos menores de 2 anos,2006-06-01,9,9,8,17
TIQUIPAYA,nutricion y desarrollo infantil,controles nuevos en ninos menores de 2 anos,2006-06-01,70,70,72,142
TIRAQUE (CBBA),nutricion y desarrollo infantil,controles nuevos en ninos menores de 2 anos,2006-06-01,181,181,135,316
TITO YUPANQUI (PARQUIPUJIO),nutricion y desarrollo infantil,controles nuevos en ninos menores de 2 anos,2006-06-01,2,2,2,4
TOCO,nutricion y desarrollo infantil,controles nuevos en ninos menores de 2 anos,2006-06-01,3,3,2,5
TODOS SANTOS,nutricion y desarrollo infantil,controles nuevos en ninos menores de 2 anos,2006-06-01,2,2,0,2
TOLATA,nutricion y desarrollo infantil,controles nuevos en ninos menores de 2 anos,2006-06-01,50,50,42,92
TOLEDO,nutricion y desarrollo infantil,controles nuevos en ninos menores de 2 anos,2006-06-01,4,4,6,10
TOMAVE,nutricion y desarrollo infantil,controles nuevos en ninos menores de 2 anos,2006-06-01,9,9,9,18
TOMINA,nutricion y desarrollo infantil,controles nuevos en ninos menores de 2 anos,2006-06-01,12,12,5,17
TORO TORO,nutricion y desarrollo infantil,controles nuevos en ninos menores de 2 anos,2006-06-01,10,10,5,15
TOTORA(CBBA),nutricion y desarrollo infantil,controles nuevos en ninos menores de 2 anos,2006-06-01,21,21,28,49
TOTORA(ORR),nutricion y desarrollo infantil,controles nuevos en ninos menores de 2 anos,2006-06-01,12,12,15,27
TRIGAL,nutricion y desarrollo infantil,controles nuevos en ninos menores de 2 anos,2006-06-01,4,4,0,4
TRINIDAD,nutricion y desarrollo infantil,controles nuevos en ninos menores de 2 anos,2006-06-01,468,468,467,935
TUPIZA,nutricion y desarrollo infantil,controles nuevos en ninos menores de 2 anos,2006-06-01,33,33,28,61
TURCO,nutricion y desarrollo infantil,controles nuevos en ninos menores de 2 anos,2006-06-01,6,6,4,10
UMALA,nutricion y desarrollo infantil,controles nuevos en ninos menores de 2 anos,2006-06-01,18,18,12,30
UNCIA,nutricion y desarrollo infantil,controles nuevos en ninos menores de 2 anos,2006-06-01,49,49,47,96
URIONDO (A. CONCEPCION),nutricion y desarrollo infantil,controles nuevos en ninos menores de 2 anos,2006-06-01,11,11,5,16
URUBICHA,nutricion y desarrollo infantil,controles nuevos en ninos menores de 2 anos,2006-06-01,23,23,22,45
UYUNI,nutricion y desarrollo infantil,controles nuevos en ninos menores de 2 anos,2006-06-01,29,29,21,50
VACAS,nutricion y desarrollo infantil,controles nuevos en ninos menores de 2 anos,2006-06-01,11,11,11,22
VALLEGRANDE,nutricion y desarrollo infantil,controles nuevos en ninos menores de 2 anos,2006-06-01,11,11,11,22
VIACHA,nutricion y desarrollo infantil,controles nuevos en ninos menores de 2 anos,2006-06-01,56,56,78,134
VILA VILA,nutricion y desarrollo infantil,controles nuevos en ninos menores de 2 anos,2006-06-01,15,15,16,31
VILLA MONTES,nutricion y desarrollo infantil,controles nuevos en ninos menores de 2 anos,2006-06-01,16,16,17,33
VILLA NUEVA (LOMA ALTA),nutricion y desarrollo infantil,controles nuevos en ninos menores de 2 anos,2006-06-01,4,4,10,14
VILLA RIVERO,nutricion y desarrollo infantil,controles nuevos en ninos menores de 2 anos,2006-06-01,8,8,9,17
VILLA SERRANO,nutricion y desarrollo infantil,controles nuevos en ninos menores de 2 anos,2006-06-01,7,7,15,22
VILLA TUNARI,nutricion y desarrollo infantil,controles nuevos en ninos menores de 2 anos,2006-06-01,342,342,350,692
VILLA VACA GUZMAN (MUYUPAMPA),nutricion y desarrollo infantil,controles nuevos en ninos menores de 2 anos,2006-06-01,7,7,9,16
VILLAZON,nutricion y desarrollo infantil,controles nuevos en ninos menores de 2 anos,2006-06-01,39,39,24,63
VINTO,nutricion y desarrollo infantil,controles nuevos en ninos menores de 2 anos,2006-06-01,33,33,31,64
VITICHI,nutricion y desarrollo infantil,controles nuevos en ninos menores de 2 anos,2006-06-01,7,7,9,16
WALDO BALLIVIAN,nutricion y desarrollo infantil,controles nuevos en ninos menores de 2 anos,2006-06-01,0,0,1,1
WARNES,nutricion y desarrollo infantil,controles nuevos en ninos menores de 2 anos,2006-06-01,134,134,121,255
YACO,nutricion y desarrollo infantil,controles nuevos en ninos menores de 2 anos,2006-06-01,12,12,12,24
YACUIBA,nutricion y desarrollo infantil,controles nuevos en ninos menores de 2 anos,2006-06-01,539,539,62,601
YAMPARAEZ,nutricion y desarrollo infantil,controles nuevos en ninos menores de 2 anos,2006-06-01,8,8,5,13
YANACACHI,nutricion y desarrollo infantil,controles nuevos en ninos menores de 2 anos,2006-06-01,4,4,3,7
YAPACANI,nutricion y desarrollo infantil,controles nuevos en ninos menores de 2 anos,2006-06-01,40,40,34,74
YOCALLA,nutricion y desarrollo infantil,controles nuevos en ninos menores de 2 anos,2006-06-01,12,12,4,16
YOTALA,nutricion y desarrollo infantil,controles nuevos en ninos menores de 2 anos,2006-06-01,8,8,5,13
YUNCHARA,nutricion y desarrollo infantil,controles nuevos en ninos menores de 2 anos,2006-06-01,13,13,9,22
ZUDAÑEZ,nutricion y desarrollo infantil,controles nuevos en ninos menores de 2 anos,2006-06-01,10,10,12,22
ACACIO,nutricion y desarrollo infantil,controles nuevos en ninos menores de 2 anos,2006-07-01,12,12,14,26
ACHACACHI,nutricion y desarrollo infantil,controles nuevos en ninos menores de 2 anos,2006-07-01,52,52,40,92
ACHOCALLA,nutricion y desarrollo infantil,controles nuevos en ninos menores de 2 anos,2006-07-01,5,5,5,10
AIQUILE,nutricion y desarrollo infantil,controles nuevos en ninos menores de 2 anos,2006-07-01,54,54,65,119
ALCALA,nutricion y desarrollo infantil,controles nuevos en ninos menores de 2 anos,2006-07-01,5,5,2,7
ANCORAIMES,nutricion y desarrollo infantil,controles nuevos en ninos menores de 2 anos,2006-07-01,13,13,14,27
ANDAMARCA,nutricion y desarrollo infantil,controles nuevos en ninos menores de 2 anos,2006-07-01,1,1,2,3
ANTEQUERA,nutricion y desarrollo infantil,controles nuevos en ninos menores de 2 anos,2006-07-01,1,1,2,3
ANZALDO,nutricion y desarrollo infantil,controles nuevos en ninos menores de 2 anos,2006-07-01,39,39,31,70
APOLO,nutricion y desarrollo infantil,controles nuevos en ninos menores de 2 anos,2006-07-01,22,22,25,47
ARAMPAMPA,nutricion y desarrollo infantil,controles nuevos en ninos menores de 2 anos,2006-07-01,7,7,3,10
ARANI,nutricion y desarrollo infantil,controles nuevos en ninos menores de 2 anos,2006-07-01,31,31,24,55
ARBIETO,nutricion y desarrollo infantil,controles nuevos en ninos menores de 2 anos,2006-07-01,17,17,13,30
ARQUE,nutricion y desarrollo infantil,controles nuevos en ninos menores de 2 anos,2006-07-01,12,12,10,22
ASCENCION DE GUARAYOS,nutricion y desarrollo infantil,controles nuevos en ninos menores de 2 anos,2006-07-01,5,5,3,8
ATOCHA,nutricion y desarrollo infantil,controles nuevos en ninos menores de 2 anos,2006-07-01,4,4,8,12
AUCAPATA,nutricion y desarrollo infantil,controles nuevos en ninos menores de 2 anos,2006-07-01,11,11,4,15
AYATA,nutricion y desarrollo infantil,controles nuevos en ninos menores de 2 anos,2006-07-01,7,7,13,20
AYO AYO,nutricion y desarrollo infantil,controles nuevos en ninos menores de 2 anos,2006-07-01,3,3,4,7
AYOPAYA (V. DE INDEPENDENCIA),nutricion y desarrollo infantil,controles nuevos en ninos menores de 2 anos,2006-07-01,68,68,65,133
AZURDUY,nutricion y desarrollo infantil,controles nuevos en ninos menores de 2 anos,2006-07-01,12,12,10,22
BATALLAS,nutricion y desarrollo infantil,controles nuevos en ninos menores de 2 anos,2006-07-01,26,26,31,57
BAURES,nutricion y desarrollo infantil,controles nuevos en ninos menores de 2 anos,2006-07-01,12,12,9,21
BELEN DE ANDAMARCA,nutricion y desarrollo infantil,controles nuevos en ninos menores de 2 anos,2006-07-01,1,1,4,5
BELEN DE URMIRI,nutricion y desarrollo infantil,controles nuevos en ninos menores de 2 anos,2006-07-01,4,4,1,5
BELLA FLOR,nutricion y desarrollo infantil,controles nuevos en ninos menores de 2 anos,2006-07-01,1,1,0,1
BERMEJO,nutricion y desarrollo infantil,controles nuevos en ninos menores de 2 anos,2006-07-01,37,37,38,75
BETANZOS,nutricion y desarrollo infantil,controles nuevos en ninos menores de 2 anos,2006-07-01,29,29,37,66
BOLIVAR,nutricion y desarrollo infantil,controles nuevos en ninos menores de 2 anos,2006-07-01,20,20,14,34
BOLPEBRA,nutricion y desarrollo infantil,controles nuevos en ninos menores de 2 anos,2006-07-01,0,0,1,1
BOYUIBE,nutricion y desarrollo infantil,controles nuevos en ninos menores de 2 anos,2006-07-01,6,6,6,12
BUENA VISTA,nutricion y desarrollo infantil,controles nuevos en ninos menores de 2 anos,2006-07-01,14,14,12,26
CABEZAS,nutricion y desarrollo infantil,controles nuevos en ninos menores de 2 anos,2006-07-01,12,12,39,51
CAIROMA,nutricion y desarrollo infantil,controles nuevos en ninos menores de 2 anos,2006-07-01,19,19,9,28
"CAIZA ""D""",nutricion y desarrollo infantil,controles nuevos en ninos menores de 2 anos,2006-07-01,9,9,15,24
CAJUATA,nutricion y desarrollo infantil,controles nuevos en ninos menores de 2 anos,2006-07-01,17,17,8,25
CALACOTO,nutricion y desarrollo infantil,controles nuevos en ninos menores de 2 anos,2006-07-01,5,5,7,12
CALAMARCA,nutricion y desarrollo infantil,controles nuevos en ninos menores de 2 anos,2006-07-01,11,11,15,26
CAMARGO,nutricion y desarrollo infantil,controles nuevos en ninos menores de 2 anos,2006-07-01,21,21,20,41
CAMATAQUI (C. VILLA ABECIA),nutricion y desarrollo infantil,controles nuevos en ninos menores de 2 anos,2006-07-01,2,2,1,3
CAMIRI,nutricion y desarrollo infantil,controles nuevos en ninos menores de 2 anos,2006-07-01,72,72,91,163
CAPINOTA,nutricion y desarrollo infantil,controles nuevos en ninos menores de 2 anos,2006-07-01,13,13,26,39
CAQUIAVIRI,nutricion y desarrollo infantil,controles nuevos en ninos menores de 2 anos,2006-07-01,8,8,3,11
CARACOLLO,nutricion y desarrollo infantil,controles nuevos en ninos menores de 2 anos,2006-07-01,18,18,22,40
CARANAVI,nutricion y desarrollo infantil,controles nuevos en ninos menores de 2 anos,2006-07-01,77,77,70,147
CARANGAS,nutricion y desarrollo infantil,controles nuevos en ninos menores de 2 anos,2006-07-01,4,4,4,8
CARAPARI,nutricion y desarrollo infantil,controles nuevos en ninos menores de 2 anos,2006-07-01,7,7,8,15
CARIPUYO,nutricion y desarrollo infantil,controles nuevos en ninos menores de 2 anos,2006-07-01,26,26,22,48
CARMEN RIVERO TORREZ,nutricion y desarrollo infantil,controles nuevos en ninos menores de 2 anos,2006-07-01,16,16,13,29
CATACORA,nutricion y desarrollo infantil,controles nuevos en ninos menores de 2 anos,2006-07-01,1,1,1,2
CHACARILLA,nutricion y desarrollo infantil,controles nuevos en ninos menores de 2 anos,2006-07-01,3,3,1,4
CHALLAPATA,nutricion y desarrollo infantil,controles nuevos en ninos menores de 2 anos,2006-07-01,33,33,27,60
CHAQUI,nutricion y desarrollo infantil,controles nuevos en ninos menores de 2 anos,2006-07-01,12,12,3,15
CHARAGUA,nutricion y desarrollo infantil,controles nuevos en ninos menores de 2 anos,2006-07-01,29,29,26,55
CHARAÑA,nutricion y desarrollo infantil,controles nuevos en ninos menores de 2 anos,2006-07-01,4,4,2,6
CHAYANTA,nutricion y desarrollo infantil,controles nuevos en ninos menores de 2 anos,2006-07-01,17,17,17,34
CHIMORE,nutricion y desarrollo infantil,controles nuevos en ninos menores de 2 anos,2006-07-01,21,21,25,46
CHIPAYA,nutricion y desarrollo infantil,controles nuevos en ninos menores de 2 anos,2006-07-01,2,2,0,2
CHOQUE COTA,nutricion y desarrollo infantil,controles nuevos en ninos menores de 2 anos,2006-07-01,2,2,1,3
CHULUMANI (V. DE LA LIBERTAD),nutricion y desarrollo infantil,controles nuevos en ninos menores de 2 anos,2006-07-01,23,23,14,37
CHUMA,nutricion y desarrollo infantil,controles nuevos en ninos menores de 2 anos,2006-07-01,12,12,7,19
CLIZA,nutricion y desarrollo infantil,controles nuevos en ninos menores de 2 anos,2006-07-01,45,45,40,85
COBIJA,nutricion y desarrollo infantil,controles nuevos en ninos menores de 2 anos,2006-07-01,81,81,70,151
COCHABAMBA,nutricion y desarrollo infantil,controles nuevos en ninos menores de 2 anos,2006-07-01,1467,1467,1302,2769
COIPASA,nutricion y desarrollo infantil,controles nuevos en ninos menores de 2 anos,2006-07-01,0,0,3,3
COLCAPIRHUA,nutricion y desarrollo infantil,controles nuevos en ninos menores de 2 anos,2006-07-01,203,203,253,456
"COLCHA ""K""",nutricion y desarrollo infantil,controles nuevos en ninos menores de 2 anos,2006-07-01,9,9,11,20
COLLANA,nutricion y desarrollo infantil,controles nuevos en ninos menores de 2 anos,2006-07-01,2,2,1,3
COLOMI,nutricion y desarrollo infantil,controles nuevos en ninos menores de 2 anos,2006-07-01,95,95,111,206
COLPA BELGICA,nutricion y desarrollo infantil,controles nuevos en ninos menores de 2 anos,2006-07-01,16,16,14,30
COLQUECHACA,nutricion y desarrollo infantil,controles nuevos en ninos menores de 2 anos,2006-07-01,30,30,41,71
COLQUENCHA,nutricion y desarrollo infantil,controles nuevos en ninos menores de 2 anos,2006-07-01,9,9,6,15
COLQUIRI,nutricion y desarrollo infantil,controles nuevos en ninos menores de 2 anos,2006-07-01,25,25,25,50
COMANCHE,nutricion y desarrollo infantil,controles nuevos en ninos menores de 2 anos,2006-07-01,5,5,2,7
COMARAPA,nutricion y desarrollo infantil,controles nuevos en ninos menores de 2 anos,2006-07-01,18,18,18,36
COMBAYA,nutricion y desarrollo infantil,controles nuevos en ninos menores de 2 anos,2006-07-01,2,2,4,6
CONCEPCION,nutricion y desarrollo infantil,controles nuevos en ninos menores de 2 anos,2006-07-01,19,19,10,29
COPACABANA,nutricion y desarrollo infantil,controles nuevos en ninos menores de 2 anos,2006-07-01,9,9,8,17
CORIPATA,nutricion y desarrollo infantil,controles nuevos en ninos menores de 2 anos,2006-07-01,21,21,21,42
CORO CORO,nutricion y desarrollo infantil,controles nuevos en ninos menores de 2 anos,2006-07-01,8,8,8,16
COROICO,nutricion y desarrollo infantil,controles nuevos en ninos menores de 2 anos,2006-07-01,31,31,39,70
CORQUE,nutricion y desarrollo infantil,controles nuevos en ninos menores de 2 anos,2006-07-01,8,8,10,18
COTAGAITA,nutricion y desarrollo infantil,controles nuevos en ninos menores de 2 anos,2006-07-01,38,38,27,65
COTOCA,nutricion y desarrollo infantil,controles nuevos en ninos menores de 2 anos,2006-07-01,67,67,69,136
CUATRO CAÑADAS,nutricion y desarrollo infantil,controles nuevos en ninos menores de 2 anos,2006-07-01,55,55,43,98
CUCHUMUELA (V. G. VILLARROEL),nutricion y desarrollo infantil,controles nuevos en ninos menores de 2 anos,2006-07-01,0,0,1,1
CUEVO,nutricion y desarrollo infantil,controles nuevos en ninos menores de 2 anos,2006-07-01,1,1,9,10
CULPINA,nutricion y desarrollo infantil,controles nuevos en ninos menores de 2 anos,2006-07-01,26,26,31,57
CURAHUARA DE CARANGAS,nutricion y desarrollo infantil,controles nuevos en ninos menores de 2 anos,2006-07-01,3,3,4,7
CURVA,nutricion y desarrollo infantil,controles nuevos en ninos menores de 2 anos,2006-07-01,1,1,6,7
DESAGUADERO,nutricion y desarrollo infantil,controles nuevos en ninos menores de 2 anos,2006-07-01,3,3,3,6
EL ALTO,nutricion y desarrollo infantil,controles nuevos en ninos menores de 2 anos,2006-07-01,1981,1981,1993,3974
EL CHORO,nutricion y desarrollo infantil,controles nuevos en ninos menores de 2 anos,2006-07-01,1,1,4,5
EL PUENTE(STC),nutricion y desarrollo infantil,controles nuevos en ninos menores de 2 anos,2006-07-01,12,12,11,23
EL PUENTE(TJA),nutricion y desarrollo infantil,controles nuevos en ninos menores de 2 anos,2006-07-01,5,5,10,15
EL TORNO,nutricion y desarrollo infantil,controles nuevos en ninos menores de 2 anos,2006-07-01,54,54,36,90
EL VILLAR,nutricion y desarrollo infantil,controles nuevos en ninos menores de 2 anos,2006-07-01,5,5,6,11
ENTRE RIOS,nutricion y desarrollo infantil,controles nuevos en ninos menores de 2 anos,2006-07-01,113,113,125,238
ENTRE RIOS,nutricion y desarrollo infantil,controles nuevos en ninos menores de 2 anos,2006-07-01,16,16,22,38
EUCALIPTUS,nutricion y desarrollo infantil,controles nuevos en ninos menores de 2 anos,2006-07-01,4,4,4,8
EXALTACION,nutricion y desarrollo infantil,controles nuevos en ninos menores de 2 anos,2006-07-01,4,4,4,8
FERNANDEZ ALONSO,nutricion y desarrollo infantil,controles nuevos en ninos menores de 2 anos,2006-07-01,20,20,18,38
FILADELFIA,nutricion y desarrollo infantil,controles nuevos en ninos menores de 2 anos,2006-07-01,1,1,0,1
GENERAL SAAVEDRA,nutricion y desarrollo infantil,controles nuevos en ninos menores de 2 anos,2006-07-01,31,31,31,62
GRAL. J.J. PEREZ (CHARAZANI),nutricion y desarrollo infantil,controles nuevos en ninos menores de 2 anos,2006-07-01,16,16,14,30
GUANAY,nutricion y desarrollo infantil,controles nuevos en ninos menores de 2 anos,2006-07-01,29,29,13,42
GUAQUI,nutricion y desarrollo infantil,controles nuevos en ninos menores de 2 anos,2006-07-01,5,5,7,12
GUAYARAMERIN,nutricion y desarrollo infantil,controles nuevos en ninos menores de 2 anos,2006-07-01,76,76,62,138
GUTIERREZ,nutricion y desarrollo infantil,controles nuevos en ninos menores de 2 anos,2006-07-01,8,8,6,14
HUACARETA,nutricion y desarrollo infantil,controles nuevos en ninos menores de 2 anos,2006-07-01,14,14,7,21
HUACAYA (VILLA DE HUACAYA),nutricion y desarrollo infantil,controles nuevos en ninos menores de 2 anos,2006-07-01,3,3,2,5
HUACHACALLA,nutricion y desarrollo infantil,controles nuevos en ninos menores de 2 anos,2006-07-01,0,0,4,4
HUANUNI,nutricion y desarrollo infantil,controles nuevos en ninos menores de 2 anos,2006-07-01,38,38,40,78
HUARACAJE,nutricion y desarrollo infantil,controles nuevos en ninos menores de 2 anos,2006-07-01,5,5,2,7
HUAYLLAMARCA,nutricion y desarrollo infantil,controles nuevos en ninos menores de 2 anos,2006-07-01,5,5,2,7
ICHOCA,nutricion y desarrollo infantil,controles nuevos en ninos menores de 2 anos,2006-07-01,6,6,10,16
ICLA,nutricion y desarrollo infantil,controles nuevos en ninos menores de 2 anos,2006-07-01,14,14,14,28
INCAHUASI,nutricion y desarrollo infantil,controles nuevos en ninos menores de 2 anos,2006-07-01,44,44,31,75
INQUISIVI,nutricion y desarrollo infantil,controles nuevos en ninos menores de 2 anos,2006-07-01,22,22,17,39
IRUPANA (VILLA DE LANZA),nutricion y desarrollo infantil,controles nuevos en ninos menores de 2 anos,2006-07-01,13,13,18,31
IXIAMAS,nutricion y desarrollo infantil,controles nuevos en ninos menores de 2 anos,2006-07-01,21,21,27,48
JESUS DE MACHACA,nutricion y desarrollo infantil,controles nuevos en ninos menores de 2 anos,2006-07-01,10,10,8,18
LA ASUNTA,nutricion y desarrollo infantil,controles nuevos en ninos menores de 2 anos,2006-07-01,39,39,30,69
LA GUARDIA,nutricion y desarrollo infantil,controles nuevos en ninos menores de 2 anos,2006-07-01,103,103,86,189
LA PAZ,nutricion y desarrollo infantil,controles nuevos en ninos menores de 2 anos,2006-07-01,1034,1034,1373,2407
LAGUNILLAS,nutricion y desarrollo infantil,controles nuevos en ninos menores de 2 anos,2006-07-01,9,9,2,11
LAJA,nutricion y desarrollo infantil,controles nuevos en ninos menores de 2 anos,2006-07-01,15,15,28,43
LAS CARRERAS,nutricion y desarrollo infantil,controles nuevos en ninos menores de 2 anos,2006-07-01,2,2,2,4
LICOMA PAMPA,nutricion y desarrollo infantil,controles nuevos en ninos menores de 2 anos,2006-07-01,1,1,2,3
LLALLAGUA,nutricion y desarrollo infantil,controles nuevos en ninos menores de 2 anos,2006-07-01,108,108,88,196
LLICA,nutricion y desarrollo infantil,controles nuevos en ninos menores de 2 anos,2006-07-01,7,7,7,14
LORETO,nutricion y desarrollo infantil,controles nuevos en ninos menores de 2 anos,2006-07-01,15,15,13,28
LURIBAY,nutricion y desarrollo infantil,controles nuevos en ninos menores de 2 anos,2006-07-01,10,10,8,18
MACHACAMARCA,nutricion y desarrollo infantil,controles nuevos en ninos menores de 2 anos,2006-07-01,1,1,2,3
MACHARETI,nutricion y desarrollo infantil,controles nuevos en ninos menores de 2 anos,2006-07-01,4,4,5,9
MAGDALENA,nutricion y desarrollo infantil,controles nuevos en ninos menores de 2 anos,2006-07-01,12,12,12,24
MAIRANA,nutricion y desarrollo infantil,controles nuevos en ninos menores de 2 anos,2006-07-01,9,9,11,20
MALLA,nutricion y desarrollo infantil,controles nuevos en ninos menores de 2 anos,2006-07-01,3,3,1,4
MAPIRI,nutricion y desarrollo infantil,controles nuevos en ninos menores de 2 anos,2006-07-01,22,22,9,31
MECAPACA,nutricion y desarrollo infantil,controles nuevos en ninos menores de 2 anos,2006-07-01,14,14,14,28
MINEROS,nutricion y desarrollo infantil,controles nuevos en ninos menores de 2 anos,2006-07-01,35,35,39,74
MIZQUE,nutricion y desarrollo infantil,controles nuevos en ninos menores de 2 anos,2006-07-01,51,51,51,102
MOCOMOCO,nutricion y desarrollo infantil,controles nuevos en ninos menores de 2 anos,2006-07-01,12,12,20,32
MOJINETE,nutricion y desarrollo infantil,controles nuevos en ninos menores de 2 anos,2006-07-01,1,1,4,5
MOJOCOYA,nutricion y desarrollo infantil,controles nuevos en ninos menores de 2 anos,2006-07-01,6,6,6,12
MONTEAGUDO,nutricion y desarrollo infantil,controles nuevos en ninos menores de 2 anos,2006-07-01,15,15,12,27
MONTERO,nutricion y desarrollo infantil,controles nuevos en ninos menores de 2 anos,2006-07-01,178,178,153,331
MORO MORO,nutricion y desarrollo infantil,controles nuevos en ninos menores de 2 anos,2006-07-01,3,3,0,3
MOROCHATA,nutricion y desarrollo infantil,controles nuevos en ninos menores de 2 anos,2006-07-01,134,134,125,259
NACEBE (SANTA ROSA DEL ABUNA),nutricion y desarrollo infantil,controles nuevos en ninos menores de 2 anos,2006-07-01,2,2,2,4
NUEVO MANOA (NUEVA ESPERANZA),nutricion y desarrollo infantil,controles nuevos en ninos menores de 2 anos,2006-07-01,1,1,3,4
OCURI,nutricion y desarrollo infantil,controles nuevos en ninos menores de 2 anos,2006-07-01,31,31,20,51
OKINAWA,nutricion y desarrollo infantil,controles nuevos en ninos menores de 2 anos,2006-07-01,58,58,44,102
OMEREQUE,nutricion y desarrollo infantil,controles nuevos en ninos menores de 2 anos,2006-07-01,7,7,7,14
ORURO,nutricion y desarrollo infantil,controles nuevos en ninos menores de 2 anos,2006-07-01,580,580,552,1132
PADCAYA,nutricion y desarrollo infantil,controles nuevos en ninos menores de 2 anos,2006-07-01,9,9,15,24
PADILLA,nutricion y desarrollo infantil,controles nuevos en ninos menores de 2 anos,2006-07-01,23,23,17,40
PAILON,nutricion y desarrollo infantil,controles nuevos en ninos menores de 2 anos,2006-07-01,7,7,12,19
PALCA,nutricion y desarrollo infantil,controles nuevos en ninos menores de 2 anos,2006-07-01,21,21,18,39
PALOS BLANCOS,nutricion y desarrollo infantil,controles nuevos en ninos menores de 2 anos,2006-07-01,31,31,30,61
PAMPA AULLAGAS,nutricion y desarrollo infantil,controles nuevos en ninos menores de 2 anos,2006-07-01,2,2,3,5
PAMPA GRANDE,nutricion y desarrollo infantil,controles nuevos en ninos menores de 2 anos,2006-07-01,7,7,6,13
PAPEL PAMPA,nutricion y desarrollo infantil,controles nuevos en ninos menores de 2 anos,2006-07-01,8,8,9,17
PASORAPA,nutricion y desarrollo infantil,controles nuevos en ninos menores de 2 anos,2006-07-01,4,4,3,7
PATACAMAYA,nutricion y desarrollo infantil,controles nuevos en ninos menores de 2 anos,2006-07-01,32,32,30,62
PAZÑA,nutricion y desarrollo infantil,controles nuevos en ninos menores de 2 anos,2006-07-01,6,6,7,13
PELECHUCO,nutricion y desarrollo infantil,controles nuevos en ninos menores de 2 anos,2006-07-01,5,5,3,8
POCOATA,nutricion y desarrollo infantil,controles nuevos en ninos menores de 2 anos,2006-07-01,43,43,36,79
POCONA,nutricion y desarrollo infantil,controles nuevos en ninos menores de 2 anos,2006-07-01,36,36,22,58
POJO (CBBA),nutricion y desarrollo infantil,controles nuevos en ninos menores de 2 anos,2006-07-01,31,31,21,52
POOPO,nutricion y desarrollo infantil,controles nuevos en ninos menores de 2 anos,2006-07-01,6,6,7,13
PORCO,nutricion y desarrollo infantil,controles nuevos en ninos menores de 2 anos,2006-07-01,4,4,8,12
POROMA,nutricion y desarrollo infantil,controles nuevos en ninos menores de 2 anos,2006-07-01,40,40,24,64
PORONGO,nutricion y desarrollo infantil,controles nuevos en ninos menores de 2 anos,2006-07-01,29,29,19,48
PORTACHUELO,nutricion y desarrollo infantil,controles nuevos en ninos menores de 2 anos,2006-07-01,31,31,24,55
PORVENIR,nutricion y desarrollo infantil,controles nuevos en ninos menores de 2 anos,2006-07-01,20,20,11,31
POSTRER VALLE,nutricion y desarrollo infantil,controles nuevos en ninos menores de 2 anos,2006-07-01,1,1,4,5
POTOSI,nutricion y desarrollo infantil,controles nuevos en ninos menores de 2 anos,2006-07-01,218,218,202,420
PRESTO,nutricion y desarrollo infantil,controles nuevos en ninos menores de 2 anos,2006-07-01,8,8,13,21
PUCARA,nutricion y desarrollo infantil,controles nuevos en ninos menores de 2 anos,2006-07-01,0,0,1,1
PUCARANI,nutricion y desarrollo infantil,controles nuevos en ninos menores de 2 anos,2006-07-01,31,31,33,64
PUERTO ACOSTA,nutricion y desarrollo infantil,controles nuevos en ninos menores de 2 anos,2006-07-01,30,30,25,55
PUERTO CARABUCO,nutricion y desarrollo infantil,controles nuevos en ninos menores de 2 anos,2006-07-01,17,17,19,36
PUERTO GONZALO MORENO,nutricion y desarrollo infantil,controles nuevos en ninos menores de 2 anos,2006-07-01,30,30,21,51
PUERTO PEREZ,nutricion y desarrollo infantil,controles nuevos en ninos menores de 2 anos,2006-07-01,6,6,1,7
PUERTO QUIJARRO,nutricion y desarrollo infantil,controles nuevos en ninos menores de 2 anos,2006-07-01,26,26,31,57
PUERTO RICO,nutricion y desarrollo infantil,controles nuevos en ninos menores de 2 anos,2006-07-01,1,1,6,7
PUERTO SILES,nutricion y desarrollo infantil,controles nuevos en ninos menores de 2 anos,2006-07-01,19,19,14,33
PUERTO SUAREZ,nutricion y desarrollo infantil,controles nuevos en ninos menores de 2 anos,2006-07-01,30,30,36,66
PUERTO VILLARROEL,nutricion y desarrollo infantil,controles nuevos en ninos menores de 2 anos,2006-07-01,111,111,109,220
PUNA,nutricion y desarrollo infantil,controles nuevos en ninos menores de 2 anos,2006-07-01,39,39,41,80
PUNATA,nutricion y desarrollo infantil,controles nuevos en ninos menores de 2 anos,2006-07-01,164,164,176,340
QUIABAYA,nutricion y desarrollo infantil,controles nuevos en ninos menores de 2 anos,2006-07-01,3,3,1,4
QUILLACOLLO,nutricion y desarrollo infantil,controles nuevos en ninos menores de 2 anos,2006-07-01,465,465,372,837
QUIME,nutricion y desarrollo infantil,controles nuevos en ninos menores de 2 anos,2006-07-01,10,10,1,11
QUIRUSILLAS,nutricion y desarrollo infantil,controles nuevos en ninos menores de 2 anos,2006-07-01,3,3,1,4
RAVELO,nutricion y desarrollo infantil,controles nuevos en ninos menores de 2 anos,2006-07-01,25,25,31,56
REYES,nutricion y desarrollo infantil,controles nuevos en ninos menores de 2 anos,2006-07-01,24,24,30,54
RIBERALTA,nutricion y desarrollo infantil,controles nuevos en ninos menores de 2 anos,2006-07-01,145,145,147,292
ROBORE,nutricion y desarrollo infantil,controles nuevos en ninos menores de 2 anos,2006-07-01,16,16,20,36
RURRENABAQUE,nutricion y desarrollo infantil,controles nuevos en ninos menores de 2 anos,2006-07-01,15,15,17,32
SABAYA,nutricion y desarrollo infantil,controles nuevos en ninos menores de 2 anos,2006-07-01,4,4,2,6
SACABA,nutricion y desarrollo infantil,controles nuevos en ninos menores de 2 anos,2006-07-01,572,572,418,990
SACABAMBA,nutricion y desarrollo infantil,controles nuevos en ninos menores de 2 anos,2006-07-01,5,5,0,5
SACACA,nutricion y desarrollo infantil,controles nuevos en ninos menores de 2 anos,2006-07-01,25,25,23,48
SAIPINA,nutricion y desarrollo infantil,controles nuevos en ninos menores de 2 anos,2006-07-01,9,9,8,17
SALINAS DE GARCI MENDOZA,nutricion y desarrollo infantil,controles nuevos en ninos menores de 2 anos,2006-07-01,9,9,8,17
SAMAIPATA,nutricion y desarrollo infantil,controles nuevos en ninos menores de 2 anos,2006-07-01,13,13,4,17
SAN AGUSTIN,nutricion y desarrollo infantil,controles nuevos en ninos menores de 2 anos,2006-07-01,3,3,5,8
SAN ANDRES,nutricion y desarrollo infantil,controles nuevos en ninos menores de 2 anos,2006-07-01,33,33,38,71
SAN ANDRES DE MACHACA,nutricion y desarrollo infantil,controles nuevos en ninos menores de 2 anos,2006-07-01,1,1,4,5
SAN ANTONIO DE ESMORUCO,nutricion y desarrollo infantil,controles nuevos en ninos menores de 2 anos,2006-07-01,0,0,1,1
SAN ANTONIO DE LOMERIO,nutricion y desarrollo infantil,controles nuevos en ninos menores de 2 anos,2006-07-01,6,6,7,13
SAN BENITO,nutricion y desarrollo infantil,controles nuevos en ninos menores de 2 anos,2006-07-01,43,43,31,74
SAN BORJA,nutricion y desarrollo infantil,controles nuevos en ninos menores de 2 anos,2006-07-01,52,52,48,100
SAN BUENA VENTURA,nutricion y desarrollo infantil,controles nuevos en ninos menores de 2 anos,2006-07-01,4,4,10,14
SAN CARLOS,nutricion y desarrollo infantil,controles nuevos en ninos menores de 2 anos,2006-07-01,20,20,32,52
SAN IGNACIO,nutricion y desarrollo infantil,controles nuevos en ninos menores de 2 anos,2006-07-01,62,62,32,94
SAN IGNACIO DE VELASCO,nutricion y desarrollo infantil,controles nuevos en ninos menores de 2 anos,2006-07-01,75,75,68,143
SAN JAVIER(BNI),nutricion y desarrollo infantil,controles nuevos en ninos menores de 2 anos,2006-07-01,8,8,8,16
SAN JAVIER(STC),nutricion y desarrollo infantil,controles nuevos en ninos menores de 2 anos,2006-07-01,20,20,12,32
SAN JOAQUIN,nutricion y desarrollo infantil,controles nuevos en ninos menores de 2 anos,2006-07-01,6,6,9,15
SAN JOSE DE CHIQUITOS,nutricion y desarrollo infantil,controles nuevos en ninos menores de 2 anos,2006-07-01,11,11,16,27
SAN JUAN DE YAPACANI,nutricion y desarrollo infantil,controles nuevos en ninos menores de 2 anos,2006-07-01,14,14,18,32
SAN JULIAN,nutricion y desarrollo infantil,controles nuevos en ninos menores de 2 anos,2006-07-01,47,47,48,95
SAN LORENZO(PND),nutricion y desarrollo infantil,controles nuevos en ninos menores de 2 anos,2006-07-01,37,37,32,69
SAN LORENZO(TJA),nutricion y desarrollo infantil,controles nuevos en ninos menores de 2 anos,2006-07-01,60,60,62,122
SAN LUCAS,nutricion y desarrollo infantil,controles nuevos en ninos menores de 2 anos,2006-07-01,41,41,39,80
SAN MATIAS,nutricion y desarrollo infantil,controles nuevos en ninos menores de 2 anos,2006-07-01,27,27,12,39
SAN MIGUEL DE VELASCO,nutricion y desarrollo infantil,controles nuevos en ninos menores de 2 anos,2006-07-01,8,8,10,18
SAN PABLO DE LIPEZ,nutricion y desarrollo infantil,controles nuevos en ninos menores de 2 anos,2006-07-01,2,2,2,4
SAN PEDRO,nutricion y desarrollo infantil,controles nuevos en ninos menores de 2 anos,2006-07-01,29,29,35,64
SAN PEDRO DE BUENA VISTA,nutricion y desarrollo infantil,controles nuevos en ninos menores de 2 anos,2006-07-01,31,31,30,61
SAN PEDRO DE CURAHUARA,nutricion y desarrollo infantil,controles nuevos en ninos menores de 2 anos,2006-07-01,2,2,6,8
SAN PEDRO DE QUEMES,nutricion y desarrollo infantil,controles nuevos en ninos menores de 2 anos,2006-07-01,1,1,0,1
SAN PEDRO DE TIQUINA,nutricion y desarrollo infantil,controles nuevos en ninos menores de 2 anos,2006-07-01,5,5,2,7
SAN PEDRO(PND),nutricion y desarrollo infantil,controles nuevos en ninos menores de 2 anos,2006-07-01,3,3,1,4
SAN RAFAEL,nutricion y desarrollo infantil,controles nuevos en ninos menores de 2 anos,2006-07-01,9,9,15,24
SAN RAMON,nutricion y desarrollo infantil,controles nuevos en ninos menores de 2 anos,2006-07-01,12,12,7,19
SAN RAMON,nutricion y desarrollo infantil,controles nuevos en ninos menores de 2 anos,2006-07-01,6,6,11,17
SANTA ANA,nutricion y desarrollo infantil,controles nuevos en ninos menores de 2 anos,2006-07-01,31,31,41,72
SANTA CRUZ DE LA SIERRA,nutricion y desarrollo infantil,controles nuevos en ninos menores de 2 anos,2006-07-01,1816,1816,1974,3790
SANTA ROSA,nutricion y desarrollo infantil,controles nuevos en ninos menores de 2 anos,2006-07-01,18,18,16,34
SANTA ROSA DEL SARA,nutricion y desarrollo infantil,controles nuevos en ninos menores de 2 anos,2006-07-01,32,32,30,62
SANTIAGO DE CALLAPA,nutricion y desarrollo infantil,controles nuevos en ninos menores de 2 anos,2006-07-01,1,1,5,6
SANTIAGO DE HUARI,nutricion y desarrollo infantil,controles nuevos en ninos menores de 2 anos,2006-07-01,5,5,5,10
SANTIAGO DE MACHACA,nutricion y desarrollo infantil,controles nuevos en ninos menores de 2 anos,2006-07-01,5,5,1,6
SANTIVAÑES,nutricion y desarrollo infantil,controles nuevos en ninos menores de 2 anos,2006-07-01,2,2,5,7
SANTUARIO DE QUILLACAS,nutricion y desarrollo infantil,controles nuevos en ninos menores de 2 anos,2006-07-01,2,2,2,4
SAPAHAQUI,nutricion y desarrollo infantil,controles nuevos en ninos menores de 2 anos,2006-07-01,4,4,7,11
SENA,nutricion y desarrollo infantil,controles nuevos en ninos menores de 2 anos,2006-07-01,8,8,7,15
SICA SICA (VILLA AROMA),nutricion y desarrollo infantil,controles nuevos en ninos menores de 2 anos,2006-07-01,17,17,17,34
SICAYA,nutricion y desarrollo infantil,controles nuevos en ninos menores de 2 anos,2006-07-01,7,7,9,16
SIPE SIPE,nutricion y desarrollo infantil,controles nuevos en ninos menores de 2 anos,2006-07-01,141,141,112,253
SOPACHUY,nutricion y desarrollo infantil,controles nuevos en ninos menores de 2 anos,2006-07-01,11,11,10,21
SORACACHI,nutricion y desarrollo infantil,controles nuevos en ninos menores de 2 anos,2006-07-01,7,7,16,23
SORATA,nutricion y desarrollo infantil,controles nuevos en ninos menores de 2 anos,2006-07-01,35,35,21,56
SUCRE,nutricion y desarrollo infantil,controles nuevos en ninos menores de 2 anos,2006-07-01,385,385,332,717
TACACHI,nutricion y desarrollo infantil,controles nuevos en ninos menores de 2 anos,2006-07-01,1,1,0,1
TACACOMA,nutricion y desarrollo infantil,controles nuevos en ninos menores de 2 anos,2006-07-01,5,5,7,12
TACOBAMBA,nutricion y desarrollo infantil,controles nuevos en ninos menores de 2 anos,2006-07-01,17,17,13,30
TACOPAYA,nutricion y desarrollo infantil,controles nuevos en ninos menores de 2 anos,2006-07-01,13,13,13,26
TAHUA,nutricion y desarrollo infantil,controles nuevos en ninos menores de 2 anos,2006-07-01,3,3,2,5
TAPACARI,nutricion y desarrollo infantil,controles nuevos en ninos menores de 2 anos,2006-07-01,50,50,37,87
TARABUCO,nutricion y desarrollo infantil,controles nuevos en ninos menores de 2 anos,2006-07-01,23,23,32,55
TARACO,nutricion y desarrollo infantil,controles nuevos en ninos menores de 2 anos,2006-07-01,4,4,7,11
TARATA,nutricion y desarrollo infantil,controles nuevos en ninos menores de 2 anos,2006-07-01,16,16,11,27
TARIJA,nutricion y desarrollo infantil,controles nuevos en ninos menores de 2 anos,2006-07-01,828,828,1605,2433
TARVITA,nutricion y desarrollo infantil,controles nuevos en ninos menores de 2 anos,2006-07-01,16,16,18,34
TEOPONTE,nutricion y desarrollo infantil,controles nuevos en ninos menores de 2 anos,2006-07-01,7,7,8,15
TIAWANACU,nutricion y desarrollo infantil,controles nuevos en ninos menores de 2 anos,2006-07-01,8,8,22,30
TINGUIPAYA,nutricion y desarrollo infantil,controles nuevos en ninos menores de 2 anos,2006-07-01,37,37,34,71
TIPUANI,nutricion y desarrollo infantil,controles nuevos en ninos menores de 2 anos,2006-07-01,7,7,14,21
TIQUIPAYA,nutricion y desarrollo infantil,controles nuevos en ninos menores de 2 anos,2006-07-01,138,138,84,222
TIRAQUE (CBBA),nutricion y desarrollo infantil,controles nuevos en ninos menores de 2 anos,2006-07-01,55,55,77,132
TITO YUPANQUI (PARQUIPUJIO),nutricion y desarrollo infantil,controles nuevos en ninos menores de 2 anos,2006-07-01,1,1,6,7
TOCO,nutricion y desarrollo infantil,controles nuevos en ninos menores de 2 anos,2006-07-01,5,5,5,10
TOLATA,nutricion y desarrollo infantil,controles nuevos en ninos menores de 2 anos,2006-07-01,35,35,21,56
TOLEDO,nutricion y desarrollo infantil,controles nuevos en ninos menores de 2 anos,2006-07-01,5,5,5,10
TOMAVE,nutricion y desarrollo infantil,controles nuevos en ninos menores de 2 anos,2006-07-01,7,7,2,9
TOMINA,nutricion y desarrollo infantil,controles nuevos en ninos menores de 2 anos,2006-07-01,8,8,9,17
TORO TORO,nutricion y desarrollo infantil,controles nuevos en ninos menores de 2 anos,2006-07-01,3,3,5,8
TOTORA(CBBA),nutricion y desarrollo infantil,controles nuevos en ninos menores de 2 anos,2006-07-01,39,39,31,70
TOTORA(ORR),nutricion y desarrollo infantil,controles nuevos en ninos menores de 2 anos,2006-07-01,8,8,15,23
TRIGAL,nutricion y desarrollo infantil,controles nuevos en ninos menores de 2 anos,2006-07-01,0,0,1,1
TRINIDAD,nutricion y desarrollo infantil,controles nuevos en ninos menores de 2 anos,2006-07-01,553,553,536,1089
TUPIZA,nutricion y desarrollo infantil,controles nuevos en ninos menores de 2 anos,2006-07-01,49,49,21,70
TURCO,nutricion y desarrollo infantil,controles nuevos en ninos menores de 2 anos,2006-07-01,5,5,4,9
UMALA,nutricion y desarrollo infantil,controles nuevos en ninos menores de 2 anos,2006-07-01,4,4,3,7
UNCIA,nutricion y desarrollo infantil,controles nuevos en ninos menores de 2 anos,2006-07-01,76,76,57,133
URIONDO (A. CONCEPCION),nutricion y desarrollo infantil,controles nuevos en ninos menores de 2 anos,2006-07-01,10,10,9,19
UYUNI,nutricion y desarrollo infantil,controles nuevos en ninos menores de 2 anos,2006-07-01,28,28,27,55
VACAS,nutricion y desarrollo infantil,controles nuevos en ninos menores de 2 anos,2006-07-01,13,13,6,19
VALLEGRANDE,nutricion y desarrollo infantil,controles nuevos en ninos menores de 2 anos,2006-07-01,14,14,18,32
VIACHA,nutricion y desarrollo infantil,controles nuevos en ninos menores de 2 anos,2006-07-01,66,66,67,133
VILA VILA,nutricion y desarrollo infantil,controles nuevos en ninos menores de 2 anos,2006-07-01,2,2,9,11
VILLA MONTES,nutricion y desarrollo infantil,controles nuevos en ninos menores de 2 anos,2006-07-01,16,16,14,30
VILLA NUEVA (LOMA ALTA),nutricion y desarrollo infantil,controles nuevos en ninos menores de 2 anos,2006-07-01,1,1,3,4
VILLA RIVERO,nutricion y desarrollo infantil,controles nuevos en ninos menores de 2 anos,2006-07-01,9,9,10,19
VILLA SERRANO,nutricion y desarrollo infantil,controles nuevos en ninos menores de 2 anos,2006-07-01,7,7,7,14
VILLA TUNARI,nutricion y desarrollo infantil,controles nuevos en ninos menores de 2 anos,2006-07-01,265,265,257,522
VILLA VACA GUZMAN (MUYUPAMPA),nutricion y desarrollo infantil,controles nuevos en ninos menores de 2 anos,2006-07-01,3,3,12,15
VILLAZON,nutricion y desarrollo infantil,controles nuevos en ninos menores de 2 anos,2006-07-01,34,34,109,143
VINTO,nutricion y desarrollo infantil,controles nuevos en ninos menores de 2 anos,2006-07-01,59,59,55,114
VITICHI,nutricion y desarrollo infantil,controles nuevos en ninos menores de 2 anos,2006-07-01,7,7,4,11
WALDO BALLIVIAN,nutricion y desarrollo infantil,controles nuevos en ninos menores de 2 anos,2006-07-01,1,1,1,2
WARNES,nutricion y desarrollo infantil,controles nuevos en ninos menores de 2 anos,2006-07-01,142,142,114,256
YACO,nutricion y desarrollo infantil,controles nuevos en ninos menores de 2 anos,2006-07-01,17,17,18,35
YACUIBA,nutricion y desarrollo infantil,controles nuevos en ninos menores de 2 anos,2006-07-01,70,70,85,155
YAMPARAEZ,nutricion y desarrollo infantil,controles nuevos en ninos menores de 2 anos,2006-07-01,10,10,7,17
YANACACHI,nutricion y desarrollo infantil,controles nuevos en ninos menores de 2 anos,2006-07-01,7,7,4,11
YAPACANI,nutricion y desarrollo infantil,controles nuevos en ninos menores de 2 anos,2006-07-01,50,50,74,124
YOCALLA,nutricion y desarrollo infantil,controles nuevos en ninos menores de 2 anos,2006-07-01,4,4,2,6
YOTALA,nutricion y desarrollo infantil,controles nuevos en ninos menores de 2 anos,2006-07-01,6,6,7,13
YUNCHARA,nutricion y desarrollo infantil,controles nuevos en ninos menores de 2 anos,2006-07-01,3,3,3,6
ZUDAÑEZ,nutricion y desarrollo infantil,controles nuevos en ninos menores de 2 anos,2006-07-01,13,13,16,29
ACACIO,nutricion y desarrollo infantil,controles nuevos en ninos menores de 2 anos,2006-08-01,17,17,14,31
ACHACACHI,nutricion y desarrollo infantil,controles nuevos en ninos menores de 2 anos,2006-08-01,68,68,53,121
ACHOCALLA,nutricion y desarrollo infantil,controles nuevos en ninos menores de 2 anos,2006-08-01,14,14,8,22
AIQUILE,nutricion y desarrollo infantil,controles nuevos en ninos menores de 2 anos,2006-08-01,38,38,44,82
ALCALA,nutricion y desarrollo infantil,controles nuevos en ninos menores de 2 anos,2006-08-01,5,5,2,7
ANCORAIMES,nutricion y desarrollo infantil,controles nuevos en ninos menores de 2 anos,2006-08-01,15,15,17,32
ANDAMARCA,nutricion y desarrollo infantil,controles nuevos en ninos menores de 2 anos,2006-08-01,5,5,2,7
ANTEQUERA,nutricion y desarrollo infantil,controles nuevos en ninos menores de 2 anos,2006-08-01,4,4,2,6
ANZALDO,nutricion y desarrollo infantil,controles nuevos en ninos menores de 2 anos,2006-08-01,46,46,32,78
APOLO,nutricion y desarrollo infantil,controles nuevos en ninos menores de 2 anos,2006-08-01,24,24,18,42
ARAMPAMPA,nutricion y desarrollo infantil,controles nuevos en ninos menores de 2 anos,2006-08-01,4,4,6,10
ARANI,nutricion y desarrollo infantil,controles nuevos en ninos menores de 2 anos,2006-08-01,19,19,17,36
ARBIETO,nutricion y desarrollo infantil,controles nuevos en ninos menores de 2 anos,2006-08-01,23,23,17,40
ARQUE,nutricion y desarrollo infantil,controles nuevos en ninos menores de 2 anos,2006-08-01,12,12,16,28
ASCENCION DE GUARAYOS,nutricion y desarrollo infantil,controles nuevos en ninos menores de 2 anos,2006-08-01,34,34,38,72
ATOCHA,nutricion y desarrollo infantil,controles nuevos en ninos menores de 2 anos,2006-08-01,5,5,5,10
AUCAPATA,nutricion y desarrollo infantil,controles nuevos en ninos menores de 2 anos,2006-08-01,31,31,21,52
AYATA,nutricion y desarrollo infantil,controles nuevos en ninos menores de 2 anos,2006-08-01,19,19,6,25
AYO AYO,nutricion y desarrollo infantil,controles nuevos en ninos menores de 2 anos,2006-08-01,4,4,4,8
AYOPAYA (V. DE INDEPENDENCIA),nutricion y desarrollo infantil,controles nuevos en ninos menores de 2 anos,2006-08-01,72,72,59,131
AZURDUY,nutricion y desarrollo infantil,controles nuevos en ninos menores de 2 anos,2006-08-01,17,17,19,36
BATALLAS,nutricion y desarrollo infantil,controles nuevos en ninos menores de 2 anos,2006-08-01,33,33,32,65
BAURES,nutricion y desarrollo infantil,controles nuevos en ninos menores de 2 anos,2006-08-01,6,6,6,12
BELEN DE ANDAMARCA,nutricion y desarrollo infantil,controles nuevos en ninos menores de 2 anos,2006-08-01,4,4,1,5
BELEN DE URMIRI,nutricion y desarrollo infantil,controles nuevos en ninos menores de 2 anos,2006-08-01,0,0,1,1
BELLA FLOR,nutricion y desarrollo infantil,controles nuevos en ninos menores de 2 anos,2006-08-01,21,21,29,50
BERMEJO,nutricion y desarrollo infantil,controles nuevos en ninos menores de 2 anos,2006-08-01,33,33,30,63
BETANZOS,nutricion y desarrollo infantil,controles nuevos en ninos menores de 2 anos,2006-08-01,56,56,29,85
BOLIVAR,nutricion y desarrollo infantil,controles nuevos en ninos menores de 2 anos,2006-08-01,11,11,7,18
BOLPEBRA,nutricion y desarrollo infantil,controles nuevos en ninos menores de 2 anos,2006-08-01,2,2,0,2
BOYUIBE,nutricion y desarrollo infantil,controles nuevos en ninos menores de 2 anos,2006-08-01,5,5,6,11
BUENA VISTA,nutricion y desarrollo infantil,controles nuevos en ninos menores de 2 anos,2006-08-01,11,11,7,18
CABEZAS,nutricion y desarrollo infantil,controles nuevos en ninos menores de 2 anos,2006-08-01,25,25,26,51
CAIROMA,nutricion y desarrollo infantil,controles nuevos en ninos menores de 2 anos,2006-08-01,13,13,7,20
"CAIZA ""D""",nutricion y desarrollo infantil,controles nuevos en ninos menores de 2 anos,2006-08-01,7,7,18,25
CAJUATA,nutricion y desarrollo infantil,controles nuevos en ninos menores de 2 anos,2006-08-01,7,7,7,14
CALACOTO,nutricion y desarrollo infantil,controles nuevos en ninos menores de 2 anos,2006-08-01,7,7,8,15
CALAMARCA,nutricion y desarrollo infantil,controles nuevos en ninos menores de 2 anos,2006-08-01,18,18,12,30
CAMARGO,nutricion y desarrollo infantil,controles nuevos en ninos menores de 2 anos,2006-08-01,31,31,44,75
CAMATAQUI (C. VILLA ABECIA),nutricion y desarrollo infantil,controles nuevos en ninos menores de 2 anos,2006-08-01,6,6,4,10
CAMIRI,nutricion y desarrollo infantil,controles nuevos en ninos menores de 2 anos,2006-08-01,66,66,45,111
CAPINOTA,nutricion y desarrollo infantil,controles nuevos en ninos menores de 2 anos,2006-08-01,42,42,41,83
CAQUIAVIRI,nutricion y desarrollo infantil,controles nuevos en ninos menores de 2 anos,2006-08-01,10,10,9,19
CARACOLLO,nutricion y desarrollo infantil,controles nuevos en ninos menores de 2 anos,2006-08-01,17,17,14,31
CARANAVI,nutricion y desarrollo infantil,controles nuevos en ninos menores de 2 anos,2006-08-01,73,73,107,180
CARANGAS,nutricion y desarrollo infantil,controles nuevos en ninos menores de 2 anos,2006-08-01,8,8,3,11
CARAPARI,nutricion y desarrollo infantil,controles nuevos en ninos menores de 2 anos,2006-08-01,7,7,6,13
CARIPUYO,nutricion y desarrollo infantil,controles nuevos en ninos menores de 2 anos,2006-08-01,16,16,18,34
CARMEN RIVERO TORREZ,nutricion y desarrollo infantil,controles nuevos en ninos menores de 2 anos,2006-08-01,9,9,14,23
CATACORA,nutricion y desarrollo infantil,controles nuevos en ninos menores de 2 anos,2006-08-01,1,1,0,1
CHACARILLA,nutricion y desarrollo infantil,controles nuevos en ninos menores de 2 anos,2006-08-01,7,7,3,10
CHALLAPATA,nutricion y desarrollo infantil,controles nuevos en ninos menores de 2 anos,2006-08-01,51,51,39,90
CHAQUI,nutricion y desarrollo infantil,controles nuevos en ninos menores de 2 anos,2006-08-01,10,10,12,22
CHARAGUA,nutricion y desarrollo infantil,controles nuevos en ninos menores de 2 anos,2006-08-01,16,16,15,31
CHARAÑA,nutricion y desarrollo infantil,controles nuevos en ninos menores de 2 anos,2006-08-01,3,3,1,4
CHAYANTA,nutricion y desarrollo infantil,controles nuevos en ninos menores de 2 anos,2006-08-01,11,11,17,28
CHIMORE,nutricion y desarrollo infantil,controles nuevos en ninos menores de 2 anos,2006-08-01,27,27,23,50
CHIPAYA,nutricion y desarrollo infantil,controles nuevos en ninos menores de 2 anos,2006-08-01,0,0,1,1
CHOQUE COTA,nutricion y desarrollo infantil,controles nuevos en ninos menores de 2 anos,2006-08-01,2,2,2,4
CHULUMANI (V. DE LA LIBERTAD),nutricion y desarrollo infantil,controles nuevos en ninos menores de 2 anos,2006-08-01,11,11,7,18
CHUMA,nutricion y desarrollo infantil,controles nuevos en ninos menores de 2 anos,2006-08-01,12,12,11,23
CLIZA,nutricion y desarrollo infantil,controles nuevos en ninos menores de 2 anos,2006-08-01,52,52,42,94
COBIJA,nutricion y desarrollo infantil,controles nuevos en ninos menores de 2 anos,2006-08-01,81,81,73,154
COCHABAMBA,nutricion y desarrollo infantil,controles nuevos en ninos menores de 2 anos,2006-08-01,1703,1703,1533,3236
COIPASA,nutricion y desarrollo infantil,controles nuevos en ninos menores de 2 anos,2006-08-01,0,0,2,2
COLCAPIRHUA,nutricion y desarrollo infantil,controles nuevos en ninos menores de 2 anos,2006-08-01,233,233,243,476
"COLCHA ""K""",nutricion y desarrollo infantil,controles nuevos en ninos menores de 2 anos,2006-08-01,13,13,2,15
COLOMI,nutricion y desarrollo infantil,controles nuevos en ninos menores de 2 anos,2006-08-01,109,109,74,183
COLPA BELGICA,nutricion y desarrollo infantil,controles nuevos en ninos menores de 2 anos,2006-08-01,6,6,3,9
COLQUECHACA,nutricion y desarrollo infantil,controles nuevos en ninos menores de 2 anos,2006-08-01,33,33,35,68
COLQUENCHA,nutricion y desarrollo infantil,controles nuevos en ninos menores de 2 anos,2006-08-01,10,10,2,12
COLQUIRI,nutricion y desarrollo infantil,controles nuevos en ninos menores de 2 anos,2006-08-01,22,22,16,38
COMANCHE,nutricion y desarrollo infantil,controles nuevos en ninos menores de 2 anos,2006-08-01,3,3,1,4
COMARAPA,nutricion y desarrollo infantil,controles nuevos en ninos menores de 2 anos,2006-08-01,22,22,27,49
COMBAYA,nutricion y desarrollo infantil,controles nuevos en ninos menores de 2 anos,2006-08-01,6,6,1,7
CONCEPCION,nutricion y desarrollo infantil,controles nuevos en ninos menores de 2 anos,2006-08-01,15,15,23,38
COPACABANA,nutricion y desarrollo infantil,controles nuevos en ninos menores de 2 anos,2006-08-01,17,17,10,27
CORIPATA,nutricion y desarrollo infantil,controles nuevos en ninos menores de 2 anos,2006-08-01,54,54,53,107
CORO CORO,nutricion y desarrollo infantil,controles nuevos en ninos menores de 2 anos,2006-08-01,8,8,7,15
COROICO,nutricion y desarrollo infantil,controles nuevos en ninos menores de 2 anos,2006-08-01,46,46,20,66
CORQUE,nutricion y desarrollo infantil,controles nuevos en ninos menores de 2 anos,2006-08-01,10,10,6,16
COTAGAITA,nutricion y desarrollo infantil,controles nuevos en ninos menores de 2 anos,2006-08-01,19,19,32,51
COTOCA,nutricion y desarrollo infantil,controles nuevos en ninos menores de 2 anos,2006-08-01,47,47,50,97
CUATRO CAÑADAS,nutricion y desarrollo infantil,controles nuevos en ninos menores de 2 anos,2006-08-01,38,38,28,66
CUCHUMUELA (V. G. VILLARROEL),nutricion y desarrollo infantil,controles nuevos en ninos menores de 2 anos,2006-08-01,14,14,10,24
CUEVO,nutricion y desarrollo infantil,controles nuevos en ninos menores de 2 anos,2006-08-01,1,1,4,5
CULPINA,nutricion y desarrollo infantil,controles nuevos en ninos menores de 2 anos,2006-08-01,26,26,25,51
CURAHUARA DE CARANGAS,nutricion y desarrollo infantil,controles nuevos en ninos menores de 2 anos,2006-08-01,3,3,7,10
CURVA,nutricion y desarrollo infantil,controles nuevos en ninos menores de 2 anos,2006-08-01,6,6,1,7
DESAGUADERO,nutricion y desarrollo infantil,controles nuevos en ninos menores de 2 anos,2006-08-01,10,10,7,17
EL ALTO,nutricion y desarrollo infantil,controles nuevos en ninos menores de 2 anos,2006-08-01,2028,2028,1909,3937
EL CHORO,nutricion y desarrollo infantil,controles nuevos en ninos menores de 2 anos,2006-08-01,1,1,5,6
EL PUENTE(STC),nutricion y desarrollo infantil,controles nuevos en ninos menores de 2 anos,2006-08-01,4,4,5,9
EL PUENTE(TJA),nutricion y desarrollo infantil,controles nuevos en ninos menores de 2 anos,2006-08-01,12,12,14,26
EL TORNO,nutricion y desarrollo infantil,controles nuevos en ninos menores de 2 anos,2006-08-01,66,66,51,117
EL VILLAR,nutricion y desarrollo infantil,controles nuevos en ninos menores de 2 anos,2006-08-01,2,2,2,4
ENTRE RIOS,nutricion y desarrollo infantil,controles nuevos en ninos menores de 2 anos,2006-08-01,142,142,111,253
ENTRE RIOS,nutricion y desarrollo infantil,controles nuevos en ninos menores de 2 anos,2006-08-01,21,21,25,46
EUCALIPTUS,nutricion y desarrollo infantil,controles nuevos en ninos menores de 2 anos,2006-08-01,7,7,1,8
EUREKA (SANTOS MERCADO),nutricion y desarrollo infantil,controles nuevos en ninos menores de 2 anos,2006-08-01,16,16,7,23
EXALTACION,nutricion y desarrollo infantil,controles nuevos en ninos menores de 2 anos,2006-08-01,8,8,2,10
FERNANDEZ ALONSO,nutricion y desarrollo infantil,controles nuevos en ninos menores de 2 anos,2006-08-01,13,13,9,22
FILADELFIA,nutricion y desarrollo infantil,controles nuevos en ninos menores de 2 anos,2006-08-01,8,8,14,22
GENERAL SAAVEDRA,nutricion y desarrollo infantil,controles nuevos en ninos menores de 2 anos,2006-08-01,22,22,27,49
GRAL. J.J. PEREZ (CHARAZANI),nutricion y desarrollo infantil,controles nuevos en ninos menores de 2 anos,2006-08-01,11,11,10,21
GUANAY,nutricion y desarrollo infantil,controles nuevos en ninos menores de 2 anos,2006-08-01,13,13,13,26
GUAQUI,nutricion y desarrollo infantil,controles nuevos en ninos menores de 2 anos,2006-08-01,18,18,12,30
GUAYARAMERIN,nutricion y desarrollo infantil,controles nuevos en ninos menores de 2 anos,2006-08-01,52,52,59,111
GUTIERREZ,nutricion y desarrollo infantil,controles nuevos en ninos menores de 2 anos,2006-08-01,14,14,4,18
HUACARETA,nutricion y desarrollo infantil,controles nuevos en ninos menores de 2 anos,2006-08-01,15,15,13,28
HUACAYA (VILLA DE HUACAYA),nutricion y desarrollo infantil,controles nuevos en ninos menores de 2 anos,2006-08-01,3,3,7,10
HUACHACALLA,nutricion y desarrollo infantil,controles nuevos en ninos menores de 2 anos,2006-08-01,1,1,1,2
HUANUNI,nutricion y desarrollo infantil,controles nuevos en ninos menores de 2 anos,2006-08-01,29,29,34,63
HUARACAJE,nutricion y desarrollo infantil,controles nuevos en ninos menores de 2 anos,2006-08-01,5,5,4,9
HUAYLLAMARCA,nutricion y desarrollo infantil,controles nuevos en ninos menores de 2 anos,2006-08-01,7,7,7,14
ICHOCA,nutricion y desarrollo infantil,controles nuevos en ninos menores de 2 anos,2006-08-01,3,3,8,11
ICLA,nutricion y desarrollo infantil,controles nuevos en ninos menores de 2 anos,2006-08-01,10,10,13,23
INCAHUASI,nutricion y desarrollo infantil,controles nuevos en ninos menores de 2 anos,2006-08-01,41,41,55,96
INGAVI (HUMAITA),nutricion y desarrollo infantil,controles nuevos en ninos menores de 2 anos,2006-08-01,4,4,1,5
INQUISIVI,nutricion y desarrollo infantil,controles nuevos en ninos menores de 2 anos,2006-08-01,19,19,15,34
IRUPANA (VILLA DE LANZA),nutricion y desarrollo infantil,controles nuevos en ninos menores de 2 anos,2006-08-01,11,11,15,26
IXIAMAS,nutricion y desarrollo infantil,controles nuevos en ninos menores de 2 anos,2006-08-01,14,14,11,25
JESUS DE MACHACA,nutricion y desarrollo infantil,controles nuevos en ninos menores de 2 anos,2006-08-01,16,16,10,26
LA ASUNTA,nutricion y desarrollo infantil,controles nuevos en ninos menores de 2 anos,2006-08-01,32,32,26,58
LA GUARDIA,nutricion y desarrollo infantil,controles nuevos en ninos menores de 2 anos,2006-08-01,77,77,81,158
LA PAZ,nutricion y desarrollo infantil,controles nuevos en ninos menores de 2 anos,2006-08-01,1181,1181,1078,2259
LAGUNILLAS,nutricion y desarrollo infantil,controles nuevos en ninos menores de 2 anos,2006-08-01,3,3,7,10
LAJA,nutricion y desarrollo infantil,controles nuevos en ninos menores de 2 anos,2006-08-01,26,26,21,47
LAS CARRERAS,nutricion y desarrollo infantil,controles nuevos en ninos menores de 2 anos,2006-08-01,6,6,8,14
LICOMA PAMPA,nutricion y desarrollo infantil,controles nuevos en ninos menores de 2 anos,2006-08-01,2,2,2,4
LLALLAGUA,nutricion y desarrollo infantil,controles nuevos en ninos menores de 2 anos,2006-08-01,117,117,121,238
LLICA,nutricion y desarrollo infantil,controles nuevos en ninos menores de 2 anos,2006-08-01,5,5,5,10
LORETO,nutricion y desarrollo infantil,controles nuevos en ninos menores de 2 anos,2006-08-01,21,21,11,32
LURIBAY,nutricion y desarrollo infantil,controles nuevos en ninos menores de 2 anos,2006-08-01,13,13,8,21
MACHACAMARCA,nutricion y desarrollo infantil,controles nuevos en ninos menores de 2 anos,2006-08-01,8,8,9,17
MACHARETI,nutricion y desarrollo infantil,controles nuevos en ninos menores de 2 anos,2006-08-01,3,3,7,10
MAGDALENA,nutricion y desarrollo infantil,controles nuevos en ninos menores de 2 anos,2006-08-01,29,29,16,45
MAIRANA,nutricion y desarrollo infantil,controles nuevos en ninos menores de 2 anos,2006-08-01,13,13,16,29
MALLA,nutricion y desarrollo infantil,controles nuevos en ninos menores de 2 anos,2006-08-01,2,2,2,4
MAPIRI,nutricion y desarrollo infantil,controles nuevos en ninos menores de 2 anos,2006-08-01,19,19,18,37
MECAPACA,nutricion y desarrollo infantil,controles nuevos en ninos menores de 2 anos,2006-08-01,18,18,12,30
MINEROS,nutricion y desarrollo infantil,controles nuevos en ninos menores de 2 anos,2006-08-01,36,36,19,55
MIZQUE,nutricion y desarrollo infantil,controles nuevos en ninos menores de 2 anos,2006-08-01,81,81,75,156
MOCOMOCO,nutricion y desarrollo infantil,controles nuevos en ninos menores de 2 anos,2006-08-01,26,26,22,48
MOJOCOYA,nutricion y desarrollo infantil,controles nuevos en ninos menores de 2 anos,2006-08-01,11,11,7,18
MONTEAGUDO,nutricion y desarrollo infantil,controles nuevos en ninos menores de 2 anos,2006-08-01,32,32,28,60
MONTERO,nutricion y desarrollo infantil,controles nuevos en ninos menores de 2 anos,2006-08-01,158,158,127,285
MORO MORO,nutricion y desarrollo infantil,controles nuevos en ninos menores de 2 anos,2006-08-01,4,4,0,4
MOROCHATA,nutricion y desarrollo infantil,controles nuevos en ninos menores de 2 anos,2006-08-01,96,96,86,182
NACEBE (SANTA ROSA DEL ABUNA),nutricion y desarrollo infantil,controles nuevos en ninos menores de 2 anos,2006-08-01,5,5,7,12
NUEVO MANOA (NUEVA ESPERANZA),nutricion y desarrollo infantil,controles nuevos en ninos menores de 2 anos,2006-08-01,0,0,1,1
OCURI,nutricion y desarrollo infantil,controles nuevos en ninos menores de 2 anos,2006-08-01,32,32,18,50
OKINAWA,nutricion y desarrollo infantil,controles nuevos en ninos menores de 2 anos,2006-08-01,22,22,22,44
OMEREQUE,nutricion y desarrollo infantil,controles nuevos en ninos menores de 2 anos,2006-08-01,4,4,6,10
ORURO,nutricion y desarrollo infantil,controles nuevos en ninos menores de 2 anos,2006-08-01,658,658,586,1244
PADCAYA,nutricion y desarrollo infantil,controles nuevos en ninos menores de 2 anos,2006-08-01,14,14,16,30
PADILLA,nutricion y desarrollo infantil,controles nuevos en ninos menores de 2 anos,2006-08-01,23,23,12,35
PAILON,nutricion y desarrollo infantil,controles nuevos en ninos menores de 2 anos,2006-08-01,18,18,15,33
PALCA,nutricion y desarrollo infantil,controles nuevos en ninos menores de 2 anos,2006-08-01,19,19,16,35
PALOS BLANCOS,nutricion y desarrollo infantil,controles nuevos en ninos menores de 2 anos,2006-08-01,30,30,20,50
PAMPA AULLAGAS,nutricion y desarrollo infantil,controles nuevos en ninos menores de 2 anos,2006-08-01,4,4,3,7
PAMPA GRANDE,nutricion y desarrollo infantil,controles nuevos en ninos menores de 2 anos,2006-08-01,13,13,9,22
PAPEL PAMPA,nutricion y desarrollo infantil,controles nuevos en ninos menores de 2 anos,2006-08-01,3,3,5,8
PASORAPA,nutricion y desarrollo infantil,controles nuevos en ninos menores de 2 anos,2006-08-01,6,6,3,9
PATACAMAYA,nutricion y desarrollo infantil,controles nuevos en ninos menores de 2 anos,2006-08-01,27,27,21,48
PAZÑA,nutricion y desarrollo infantil,controles nuevos en ninos menores de 2 anos,2006-08-01,3,3,3,6
PELECHUCO,nutricion y desarrollo infantil,controles nuevos en ninos menores de 2 anos,2006-08-01,15,15,8,23
POCOATA,nutricion y desarrollo infantil,controles nuevos en ninos menores de 2 anos,2006-08-01,21,21,32,53
POCONA,nutricion y desarrollo infantil,controles nuevos en ninos menores de 2 anos,2006-08-01,43,43,22,65
POJO (CBBA),nutricion y desarrollo infantil,controles nuevos en ninos menores de 2 anos,2006-08-01,19,19,13,32
PORCO,nutricion y desarrollo infantil,controles nuevos en ninos menores de 2 anos,2006-08-01,6,6,10,16
POROMA,nutricion y desarrollo infantil,controles nuevos en ninos menores de 2 anos,2006-08-01,25,25,21,46
PORONGO,nutricion y desarrollo infantil,controles nuevos en ninos menores de 2 anos,2006-08-01,16,16,22,38
PORTACHUELO,nutricion y desarrollo infantil,controles nuevos en ninos menores de 2 anos,2006-08-01,26,26,31,57
PORVENIR,nutricion y desarrollo infantil,controles nuevos en ninos menores de 2 anos,2006-08-01,7,7,8,15
POSTRER VALLE,nutricion y desarrollo infantil,controles nuevos en ninos menores de 2 anos,2006-08-01,2,2,1,3
POTOSI,nutricion y desarrollo infantil,controles nuevos en ninos menores de 2 anos,2006-08-01,225,225,205,430
PRESTO,nutricion y desarrollo infantil,controles nuevos en ninos menores de 2 anos,2006-08-01,26,26,26,52
PUCARA,nutricion y desarrollo infantil,controles nuevos en ninos menores de 2 anos,2006-08-01,6,6,3,9
PUCARANI,nutricion y desarrollo infantil,controles nuevos en ninos menores de 2 anos,2006-08-01,35,35,32,67
PUERTO ACOSTA,nutricion y desarrollo infantil,controles nuevos en ninos menores de 2 anos,2006-08-01,31,31,27,58
PUERTO CARABUCO,nutricion y desarrollo infantil,controles nuevos en ninos menores de 2 anos,2006-08-01,19,19,18,37
PUERTO GONZALO MORENO,nutricion y desarrollo infantil,controles nuevos en ninos menores de 2 anos,2006-08-01,21,21,24,45
PUERTO PEREZ,nutricion y desarrollo infantil,controles nuevos en ninos menores de 2 anos,2006-08-01,12,12,9,21
PUERTO QUIJARRO,nutricion y desarrollo infantil,controles nuevos en ninos menores de 2 anos,2006-08-01,15,15,22,37
PUERTO RICO,nutricion y desarrollo infantil,controles nuevos en ninos menores de 2 anos,2006-08-01,9,9,4,13
PUERTO SILES,nutricion y desarrollo infantil,controles nuevos en ninos menores de 2 anos,2006-08-01,8,8,12,20
PUERTO SUAREZ,nutricion y desarrollo infantil,controles nuevos en ninos menores de 2 anos,2006-08-01,22,22,27,49
PUERTO VILLARROEL,nutricion y desarrollo infantil,controles nuevos en ninos menores de 2 anos,2006-08-01,128,128,87,215
PUNA,nutricion y desarrollo infantil,controles nuevos en ninos menores de 2 anos,2006-08-01,61,61,73,134
PUNATA,nutricion y desarrollo infantil,controles nuevos en ninos menores de 2 anos,2006-08-01,148,148,141,289
QUIABAYA,nutricion y desarrollo infantil,controles nuevos en ninos menores de 2 anos,2006-08-01,1,1,1,2
QUILLACOLLO,nutricion y desarrollo infantil,controles nuevos en ninos menores de 2 anos,2006-08-01,512,512,375,887
QUIME,nutricion y desarrollo infantil,controles nuevos en ninos menores de 2 anos,2006-08-01,5,5,6,11
QUIRUSILLAS,nutricion y desarrollo infantil,controles nuevos en ninos menores de 2 anos,2006-08-01,1,1,0,1
RAVELO,nutricion y desarrollo infantil,controles nuevos en ninos menores de 2 anos,2006-08-01,35,35,31,66
REYES,nutricion y desarrollo infantil,controles nuevos en ninos menores de 2 anos,2006-08-01,26,26,39,65
RIBERALTA,nutricion y desarrollo infantil,controles nuevos en ninos menores de 2 anos,2006-08-01,201,201,186,387
ROBORE,nutricion y desarrollo infantil,controles nuevos en ninos menores de 2 anos,2006-08-01,27,27,37,64
RURRENABAQUE,nutricion y desarrollo infantil,controles nuevos en ninos menores de 2 anos,2006-08-01,29,29,37,66
SABAYA,nutricion y desarrollo infantil,controles nuevos en ninos menores de 2 anos,2006-08-01,5,5,5,10
SACABA,nutricion y desarrollo infantil,controles nuevos en ninos menores de 2 anos,2006-08-01,600,600,463,1063
SACABAMBA,nutricion y desarrollo infantil,controles nuevos en ninos menores de 2 anos,2006-08-01,22,22,8,30
SACACA,nutricion y desarrollo infantil,controles nuevos en ninos menores de 2 anos,2006-08-01,26,26,26,52
SAIPINA,nutricion y desarrollo infantil,controles nuevos en ninos menores de 2 anos,2006-08-01,11,11,14,25
SALINAS DE GARCI MENDOZA,nutricion y desarrollo infantil,controles nuevos en ninos menores de 2 anos,2006-08-01,8,8,12,20
SAMAIPATA,nutricion y desarrollo infantil,controles nuevos en ninos menores de 2 anos,2006-08-01,10,10,9,19
SAN AGUSTIN,nutricion y desarrollo infantil,controles nuevos en ninos menores de 2 anos,2006-08-01,1,1,3,4
SAN ANDRES,nutricion y desarrollo infantil,controles nuevos en ninos menores de 2 anos,2006-08-01,29,29,28,57
SAN ANDRES DE MACHACA,nutricion y desarrollo infantil,controles nuevos en ninos menores de 2 anos,2006-08-01,1,1,3,4
SAN ANTONIO DE ESMORUCO,nutricion y desarrollo infantil,controles nuevos en ninos menores de 2 anos,2006-08-01,1,1,0,1
SAN ANTONIO DE LOMERIO,nutricion y desarrollo infantil,controles nuevos en ninos menores de 2 anos,2006-08-01,2,2,6,8
SAN BENITO,nutricion y desarrollo infantil,controles nuevos en ninos menores de 2 anos,2006-08-01,41,41,28,69
SAN BORJA,nutricion y desarrollo infantil,controles nuevos en ninos menores de 2 anos,2006-08-01,101,101,95,196
SAN BUENA VENTURA,nutricion y desarrollo infantil,controles nuevos en ninos menores de 2 anos,2006-08-01,6,6,14,20
SAN CARLOS,nutricion y desarrollo infantil,controles nuevos en ninos menores de 2 anos,2006-08-01,16,16,25,41
SAN IGNACIO,nutricion y desarrollo infantil,controles nuevos en ninos menores de 2 anos,2006-08-01,48,48,35,83
SAN IGNACIO DE VELASCO,nutricion y desarrollo infantil,controles nuevos en ninos menores de 2 anos,2006-08-01,92,92,71,163
SAN JAVIER(BNI),nutricion y desarrollo infantil,controles nuevos en ninos menores de 2 anos,2006-08-01,8,8,7,15
SAN JAVIER(STC),nutricion y desarrollo infantil,controles nuevos en ninos menores de 2 anos,2006-08-01,16,16,9,25
SAN JOAQUIN,nutricion y desarrollo infantil,controles nuevos en ninos menores de 2 anos,2006-08-01,12,12,4,16
SAN JOSE DE CHIQUITOS,nutricion y desarrollo infantil,controles nuevos en ninos menores de 2 anos,2006-08-01,17,17,21,38
SAN JUAN DE YAPACANI,nutricion y desarrollo infantil,controles nuevos en ninos menores de 2 anos,2006-08-01,20,20,18,38
SAN JULIAN,nutricion y desarrollo infantil,controles nuevos en ninos menores de 2 anos,2006-08-01,76,76,67,143
SAN LORENZO(PND),nutricion y desarrollo infantil,controles nuevos en ninos menores de 2 anos,2006-08-01,7,7,4,11
SAN LORENZO(TJA),nutricion y desarrollo infantil,controles nuevos en ninos menores de 2 anos,2006-08-01,27,27,18,45
SAN LUCAS,nutricion y desarrollo infantil,controles nuevos en ninos menores de 2 anos,2006-08-01,50,50,50,100
SAN MATIAS,nutricion y desarrollo infantil,controles nuevos en ninos menores de 2 anos,2006-08-01,26,26,20,46
SAN MIGUEL DE VELASCO,nutricion y desarrollo infantil,controles nuevos en ninos menores de 2 anos,2006-08-01,10,10,9,19
SAN PABLO DE LIPEZ,nutricion y desarrollo infantil,controles nuevos en ninos menores de 2 anos,2006-08-01,10,10,3,13
SAN PEDRO,nutricion y desarrollo infantil,controles nuevos en ninos menores de 2 anos,2006-08-01,44,44,30,74
SAN PEDRO DE BUENA VISTA,nutricion y desarrollo infantil,controles nuevos en ninos menores de 2 anos,2006-08-01,97,97,118,215
SAN PEDRO DE CURAHUARA,nutricion y desarrollo infantil,controles nuevos en ninos menores de 2 anos,2006-08-01,7,7,4,11
SAN PEDRO DE TIQUINA,nutricion y desarrollo infantil,controles nuevos en ninos menores de 2 anos,2006-08-01,2,2,2,4
SAN PEDRO(PND),nutricion y desarrollo infantil,controles nuevos en ninos menores de 2 anos,2006-08-01,8,8,19,27
SAN RAFAEL,nutricion y desarrollo infantil,controles nuevos en ninos menores de 2 anos,2006-08-01,8,8,4,12
SAN RAMON,nutricion y desarrollo infantil,controles nuevos en ninos menores de 2 anos,2006-08-01,11,11,2,13
SAN RAMON,nutricion y desarrollo infantil,controles nuevos en ninos menores de 2 anos,2006-08-01,3,3,9,12
SANTA ANA,nutricion y desarrollo infantil,controles nuevos en ninos menores de 2 anos,2006-08-01,42,42,23,65
SANTA CRUZ DE LA SIERRA,nutricion y desarrollo infantil,controles nuevos en ninos menores de 2 anos,2006-08-01,2417,2417,2101,4518
SANTA ROSA,nutricion y desarrollo infantil,controles nuevos en ninos menores de 2 anos,2006-08-01,21,21,16,37
SANTA ROSA DEL SARA,nutricion y desarrollo infantil,controles nuevos en ninos menores de 2 anos,2006-08-01,15,15,19,34
SANTIAGO DE CALLAPA,nutricion y desarrollo infantil,controles nuevos en ninos menores de 2 anos,2006-08-01,6,6,6,12
SANTIAGO DE HUARI,nutricion y desarrollo infantil,controles nuevos en ninos menores de 2 anos,2006-08-01,3,3,8,11
SANTIAGO DE MACHACA,nutricion y desarrollo infantil,controles nuevos en ninos menores de 2 anos,2006-08-01,3,3,0,3
SANTIVAÑES,nutricion y desarrollo infantil,controles nuevos en ninos menores de 2 anos,2006-08-01,6,6,4,10
SANTUARIO DE QUILLACAS,nutricion y desarrollo infantil,controles nuevos en ninos menores de 2 anos,2006-08-01,1,1,1,2
SAPAHAQUI,nutricion y desarrollo infantil,controles nuevos en ninos menores de 2 anos,2006-08-01,12,12,8,20
SENA,nutricion y desarrollo infantil,controles nuevos en ninos menores de 2 anos,2006-08-01,7,7,3,10
SICA SICA (VILLA AROMA),nutricion y desarrollo infantil,controles nuevos en ninos menores de 2 anos,2006-08-01,29,29,31,60
SICAYA,nutricion y desarrollo infantil,controles nuevos en ninos menores de 2 anos,2006-08-01,4,4,4,8
SIPE SIPE,nutricion y desarrollo infantil,controles nuevos en ninos menores de 2 anos,2006-08-01,175,175,142,317
SOPACHUY,nutricion y desarrollo infantil,controles nuevos en ninos menores de 2 anos,2006-08-01,14,14,4,18
SORACACHI,nutricion y desarrollo infantil,controles nuevos en ninos menores de 2 anos,2006-08-01,27,27,20,47
SORATA,nutricion y desarrollo infantil,controles nuevos en ninos menores de 2 anos,2006-08-01,27,27,19,46
SUCRE,nutricion y desarrollo infantil,controles nuevos en ninos menores de 2 anos,2006-08-01,321,321,336,657
TACACHI,nutricion y desarrollo infantil,controles nuevos en ninos menores de 2 anos,2006-08-01,3,3,1,4
TACACOMA,nutricion y desarrollo infantil,controles nuevos en ninos menores de 2 anos,2006-08-01,8,8,6,14
TACOBAMBA,nutricion y desarrollo infantil,controles nuevos en ninos menores de 2 anos,2006-08-01,15,15,15,30
TACOPAYA,nutricion y desarrollo infantil,controles nuevos en ninos menores de 2 anos,2006-08-01,9,9,6,15
TAHUA,nutricion y desarrollo infantil,controles nuevos en ninos menores de 2 anos,2006-08-01,2,2,5,7
TAPACARI,nutricion y desarrollo infantil,controles nuevos en ninos menores de 2 anos,2006-08-01,60,60,44,104
TARABUCO,nutricion y desarrollo infantil,controles nuevos en ninos menores de 2 anos,2006-08-01,25,25,39,64
TARACO,nutricion y desarrollo infantil,controles nuevos en ninos menores de 2 anos,2006-08-01,6,6,3,9
TARATA,nutricion y desarrollo infantil,controles nuevos en ninos menores de 2 anos,2006-08-01,16,16,8,24
TARIJA,nutricion y desarrollo infantil,controles nuevos en ninos menores de 2 anos,2006-08-01,695,695,557,1252
TARVITA,nutricion y desarrollo infantil,controles nuevos en ninos menores de 2 anos,2006-08-01,19,19,20,39
TEOPONTE,nutricion y desarrollo infantil,controles nuevos en ninos menores de 2 anos,2006-08-01,7,7,5,12
TIAWANACU,nutricion y desarrollo infantil,controles nuevos en ninos menores de 2 anos,2006-08-01,16,16,6,22
TINGUIPAYA,nutricion y desarrollo infantil,controles nuevos en ninos menores de 2 anos,2006-08-01,34,34,30,64
TIPUANI,nutricion y desarrollo infantil,controles nuevos en ninos menores de 2 anos,2006-08-01,9,9,23,32
TIQUIPAYA,nutricion y desarrollo infantil,controles nuevos en ninos menores de 2 anos,2006-08-01,110,110,99,209
TIRAQUE (CBBA),nutricion y desarrollo infantil,controles nuevos en ninos menores de 2 anos,2006-08-01,158,158,153,311
TITO YUPANQUI (PARQUIPUJIO),nutricion y desarrollo infantil,controles nuevos en ninos menores de 2 anos,2006-08-01,1,1,0,1
TOCO,nutricion y desarrollo infantil,controles nuevos en ninos menores de 2 anos,2006-08-01,2,2,2,4
TOLATA,nutricion y desarrollo infantil,controles nuevos en ninos menores de 2 anos,2006-08-01,23,23,31,54
TOLEDO,nutricion y desarrollo infantil,controles nuevos en ninos menores de 2 anos,2006-08-01,7,7,11,18
TOMAVE,nutricion y desarrollo infantil,controles nuevos en ninos menores de 2 anos,2006-08-01,6,6,4,10
TOMINA,nutricion y desarrollo infantil,controles nuevos en ninos menores de 2 anos,2006-08-01,7,7,10,17
TORO TORO,nutricion y desarrollo infantil,controles nuevos en ninos menores de 2 anos,2006-08-01,9,9,12,21
TOTORA(CBBA),nutricion y desarrollo infantil,controles nuevos en ninos menores de 2 anos,2006-08-01,52,52,27,79
TOTORA(ORR),nutricion y desarrollo infantil,controles nuevos en ninos menores de 2 anos,2006-08-01,8,8,14,22
TRIGAL,nutricion y desarrollo infantil,controles nuevos en ninos menores de 2 anos,2006-08-01,2,2,0,2
TRINIDAD,nutricion y desarrollo infantil,controles nuevos en ninos menores de 2 anos,2006-08-01,487,487,467,954
TUPIZA,nutricion y desarrollo infantil,controles nuevos en ninos menores de 2 anos,2006-08-01,82,82,69,151
TURCO,nutricion y desarrollo infantil,controles nuevos en ninos menores de 2 anos,2006-08-01,8,8,10,18
UMALA,nutricion y desarrollo infantil,controles nuevos en ninos menores de 2 anos,2006-08-01,11,11,12,23
UNCIA,nutricion y desarrollo infantil,controles nuevos en ninos menores de 2 anos,2006-08-01,45,45,43,88
URIONDO (A. CONCEPCION),nutricion y desarrollo infantil,controles nuevos en ninos menores de 2 anos,2006-08-01,31,31,18,49
URUBICHA,nutricion y desarrollo infantil,controles nuevos en ninos menores de 2 anos,2006-08-01,17,17,9,26
UYUNI,nutricion y desarrollo infantil,controles nuevos en ninos menores de 2 anos,2006-08-01,26,26,31,57
VACAS,nutricion y desarrollo infantil,controles nuevos en ninos menores de 2 anos,2006-08-01,11,11,11,22
VALLEGRANDE,nutricion y desarrollo infantil,controles nuevos en ninos menores de 2 anos,2006-08-01,18,18,16,34
VIACHA,nutricion y desarrollo infantil,controles nuevos en ninos menores de 2 anos,2006-08-01,50,50,80,130
VILA VILA,nutricion y desarrollo infantil,controles nuevos en ninos menores de 2 anos,2006-08-01,17,17,14,31
VILLA MONTES,nutricion y desarrollo infantil,controles nuevos en ninos menores de 2 anos,2006-08-01,31,31,23,54
VILLA NUEVA (LOMA ALTA),nutricion y desarrollo infantil,controles nuevos en ninos menores de 2 anos,2006-08-01,8,8,9,17
VILLA RIVERO,nutricion y desarrollo infantil,controles nuevos en ninos menores de 2 anos,2006-08-01,10,10,17,27
VILLA SERRANO,nutricion y desarrollo infantil,controles nuevos en ninos menores de 2 anos,2006-08-01,7,7,5,12
VILLA TUNARI,nutricion y desarrollo infantil,controles nuevos en ninos menores de 2 anos,2006-08-01,344,344,311,655
VILLA VACA GUZMAN (MUYUPAMPA),nutricion y desarrollo infantil,controles nuevos en ninos menores de 2 anos,2006-08-01,11,11,5,16
VILLAZON,nutricion y desarrollo infantil,controles nuevos en ninos menores de 2 anos,2006-08-01,27,27,38,65
VINTO,nutricion y desarrollo infantil,controles nuevos en ninos menores de 2 anos,2006-08-01,57,57,40,97
VITICHI,nutricion y desarrollo infantil,controles nuevos en ninos menores de 2 anos,2006-08-01,36,36,37,73
WALDO BALLIVIAN,nutricion y desarrollo infantil,controles nuevos en ninos menores de 2 anos,2006-08-01,3,3,6,9
WARNES,nutricion y desarrollo infantil,controles nuevos en ninos menores de 2 anos,2006-08-01,135,135,127,262
YACO,nutricion y desarrollo infantil,controles nuevos en ninos menores de 2 anos,2006-08-01,30,30,18,48
YACUIBA,nutricion y desarrollo infantil,controles nuevos en ninos menores de 2 anos,2006-08-01,48,48,54,102
YAMPARAEZ,nutricion y desarrollo infantil,controles nuevos en ninos menores de 2 anos,2006-08-01,7,7,9,16
YANACACHI,nutricion y desarrollo infantil,controles nuevos en ninos menores de 2 anos,2006-08-01,1,1,7,8
YAPACANI,nutricion y desarrollo infantil,controles nuevos en ninos menores de 2 anos,2006-08-01,44,44,45,89
YOCALLA,nutricion y desarrollo infantil,controles nuevos en ninos menores de 2 anos,2006-08-01,5,5,4,9
YOTALA,nutricion y desarrollo infantil,controles nuevos en ninos menores de 2 anos,2006-08-01,8,8,5,13
YUNCHARA,nutricion y desarrollo infantil,controles nuevos en ninos menores de 2 anos,2006-08-01,10,10,9,19
ZUDAÑEZ,nutricion y desarrollo infantil,controles nuevos en ninos menores de 2 anos,2006-08-01,8,8,4,12
ACACIO,nutricion y desarrollo infantil,controles nuevos en ninos menores de 2 anos,2006-09-01,2,2,9,11
ACHACACHI,nutricion y desarrollo infantil,controles nuevos en ninos menores de 2 anos,2006-09-01,54,54,51,105
ACHOCALLA,nutricion y desarrollo infantil,controles nuevos en ninos menores de 2 anos,2006-09-01,12,12,11,23
AIQUILE,nutricion y desarrollo infantil,controles nuevos en ninos menores de 2 anos,2006-09-01,41,41,38,79
ALCALA,nutricion y desarrollo infantil,controles nuevos en ninos menores de 2 anos,2006-09-01,3,3,3,6
ANCORAIMES,nutricion y desarrollo infantil,controles nuevos en ninos menores de 2 anos,2006-09-01,12,12,5,17
ANDAMARCA,nutricion y desarrollo infantil,controles nuevos en ninos menores de 2 anos,2006-09-01,6,6,4,10
ANTEQUERA,nutricion y desarrollo infantil,controles nuevos en ninos menores de 2 anos,2006-09-01,2,2,4,6
ANZALDO,nutricion y desarrollo infantil,controles nuevos en ninos menores de 2 anos,2006-09-01,55,55,54,109
APOLO,nutricion y desarrollo infantil,controles nuevos en ninos menores de 2 anos,2006-09-01,31,31,34,65
ARAMPAMPA,nutricion y desarrollo infantil,controles nuevos en ninos menores de 2 anos,2006-09-01,10,10,4,14
ARANI,nutricion y desarrollo infantil,controles nuevos en ninos menores de 2 anos,2006-09-01,29,29,13,42
ARBIETO,nutricion y desarrollo infantil,controles nuevos en ninos menores de 2 anos,2006-09-01,18,18,19,37
ARQUE,nutricion y desarrollo infantil,controles nuevos en ninos menores de 2 anos,2006-09-01,18,18,18,36
ATOCHA,nutricion y desarrollo infantil,controles nuevos en ninos menores de 2 anos,2006-09-01,5,5,9,14
AUCAPATA,nutricion y desarrollo infantil,controles nuevos en ninos menores de 2 anos,2006-09-01,8,8,14,22
AYATA,nutricion y desarrollo infantil,controles nuevos en ninos menores de 2 anos,2006-09-01,18,18,16,34
AYO AYO,nutricion y desarrollo infantil,controles nuevos en ninos menores de 2 anos,2006-09-01,9,9,7,16
AYOPAYA (V. DE INDEPENDENCIA),nutricion y desarrollo infantil,controles nuevos en ninos menores de 2 anos,2006-09-01,82,82,80,162
AZURDUY,nutricion y desarrollo infantil,controles nuevos en ninos menores de 2 anos,2006-09-01,22,22,16,38
BATALLAS,nutricion y desarrollo infantil,controles nuevos en ninos menores de 2 anos,2006-09-01,32,32,30,62
BAURES,nutricion y desarrollo infantil,controles nuevos en ninos menores de 2 anos,2006-09-01,5,5,2,7
BELEN DE ANDAMARCA,nutricion y desarrollo infantil,controles nuevos en ninos menores de 2 anos,2006-09-01,1,1,0,1
BELEN DE URMIRI,nutricion y desarrollo infantil,controles nuevos en ninos menores de 2 anos,2006-09-01,2,2,2,4
BELLA FLOR,nutricion y desarrollo infantil,controles nuevos en ninos menores de 2 anos,2006-09-01,1,1,5,6
BERMEJO,nutricion y desarrollo infantil,controles nuevos en ninos menores de 2 anos,2006-09-01,53,53,52,105
BETANZOS,nutricion y desarrollo infantil,controles nuevos en ninos menores de 2 anos,2006-09-01,41,41,39,80
BOLIVAR,nutricion y desarrollo infantil,controles nuevos en ninos menores de 2 anos,2006-09-01,18,18,19,37
BOLPEBRA,nutricion y desarrollo infantil,controles nuevos en ninos menores de 2 anos,2006-09-01,1,1,1,2
BOYUIBE,nutricion y desarrollo infantil,controles nuevos en ninos menores de 2 anos,2006-09-01,5,5,5,10
BUENA VISTA,nutricion y desarrollo infantil,controles nuevos en ninos menores de 2 anos,2006-09-01,14,14,8,22
CABEZAS,nutricion y desarrollo infantil,controles nuevos en ninos menores de 2 anos,2006-09-01,21,21,7,28
CAIROMA,nutricion y desarrollo infantil,controles nuevos en ninos menores de 2 anos,2006-09-01,8,8,18,26
"CAIZA ""D""",nutricion y desarrollo infantil,controles nuevos en ninos menores de 2 anos,2006-09-01,12,12,11,23
CAJUATA,nutricion y desarrollo infantil,controles nuevos en ninos menores de 2 anos,2006-09-01,10,10,10,20
CALACOTO,nutricion y desarrollo infantil,controles nuevos en ninos menores de 2 anos,2006-09-01,1,1,5,6
CALAMARCA,nutricion y desarrollo infantil,controles nuevos en ninos menores de 2 anos,2006-09-01,9,9,9,18
CAMARGO,nutricion y desarrollo infantil,controles nuevos en ninos menores de 2 anos,2006-09-01,20,20,18,38
CAMATAQUI (C. VILLA ABECIA),nutricion y desarrollo infantil,controles nuevos en ninos menores de 2 anos,2006-09-01,3,3,10,13
CAMIRI,nutricion y desarrollo infantil,controles nuevos en ninos menores de 2 anos,2006-09-01,55,55,47,102
CAPINOTA,nutricion y desarrollo infantil,controles nuevos en ninos menores de 2 anos,2006-09-01,27,27,32,59
CAQUIAVIRI,nutricion y desarrollo infantil,controles nuevos en ninos menores de 2 anos,2006-09-01,12,12,10,22
CARACOLLO,nutricion y desarrollo infantil,controles nuevos en ninos menores de 2 anos,2006-09-01,17,17,20,37
CARANAVI,nutricion y desarrollo infantil,controles nuevos en ninos menores de 2 anos,2006-09-01,97,97,92,189
CARANGAS,nutricion y desarrollo infantil,controles nuevos en ninos menores de 2 anos,2006-09-01,3,3,3,6
CARAPARI,nutricion y desarrollo infantil,controles nuevos en ninos menores de 2 anos,2006-09-01,6,6,7,13
CARIPUYO,nutricion y desarrollo infantil,controles nuevos en ninos menores de 2 anos,2006-09-01,11,11,7,18
CARMEN RIVERO TORREZ,nutricion y desarrollo infantil,controles nuevos en ninos menores de 2 anos,2006-09-01,14,14,11,25
CATACORA,nutricion y desarrollo infantil,controles nuevos en ninos menores de 2 anos,2006-09-01,0,0,2,2
CHACARILLA,nutricion y desarrollo infantil,controles nuevos en ninos menores de 2 anos,2006-09-01,3,3,1,4
CHALLAPATA,nutricion y desarrollo infantil,controles nuevos en ninos menores de 2 anos,2006-09-01,22,22,30,52
CHAQUI,nutricion y desarrollo infantil,controles nuevos en ninos menores de 2 anos,2006-09-01,7,7,7,14
CHARAGUA,nutricion y desarrollo infantil,controles nuevos en ninos menores de 2 anos,2006-09-01,38,38,47,85
CHARAÑA,nutricion y desarrollo infantil,controles nuevos en ninos menores de 2 anos,2006-09-01,1,1,2,3
CHAYANTA,nutricion y desarrollo infantil,controles nuevos en ninos menores de 2 anos,2006-09-01,12,12,9,21
CHIMORE,nutricion y desarrollo infantil,controles nuevos en ninos menores de 2 anos,2006-09-01,31,31,40,71
CHIPAYA,nutricion y desarrollo infantil,controles nuevos en ninos menores de 2 anos,2006-09-01,0,0,2,2
CHOQUE COTA,nutricion y desarrollo infantil,controles nuevos en ninos menores de 2 anos,2006-09-01,4,4,0,4
CHULUMANI (V. DE LA LIBERTAD),nutricion y desarrollo infantil,controles nuevos en ninos menores de 2 anos,2006-09-01,26,26,20,46
CHUMA,nutricion y desarrollo infantil,controles nuevos en ninos menores de 2 anos,2006-09-01,26,26,35,61
CLIZA,nutricion y desarrollo infantil,controles nuevos en ninos menores de 2 anos,2006-09-01,32,32,32,64
COBIJA,nutricion y desarrollo infantil,controles nuevos en ninos menores de 2 anos,2006-09-01,34,34,42,76
COCHABAMBA,nutricion y desarrollo infantil,controles nuevos en ninos menores de 2 anos,2006-09-01,1565,1565,1393,2958
COIPASA,nutricion y desarrollo infantil,controles nuevos en ninos menores de 2 anos,2006-09-01,0,0,2,2
COLCAPIRHUA,nutricion y desarrollo infantil,controles nuevos en ninos menores de 2 anos,2006-09-01,236,236,239,475
"COLCHA ""K""",nutricion y desarrollo infantil,controles nuevos en ninos menores de 2 anos,2006-09-01,13,13,9,22
COLLANA,nutricion y desarrollo infantil,controles nuevos en ninos menores de 2 anos,2006-09-01,1,1,2,3
COLOMI,nutricion y desarrollo infantil,controles nuevos en ninos menores de 2 anos,2006-09-01,79,79,65,144
COLPA BELGICA,nutricion y desarrollo infantil,controles nuevos en ninos menores de 2 anos,2006-09-01,7,7,7,14
COLQUECHACA,nutricion y desarrollo infantil,controles nuevos en ninos menores de 2 anos,2006-09-01,44,44,49,93
COLQUENCHA,nutricion y desarrollo infantil,controles nuevos en ninos menores de 2 anos,2006-09-01,6,6,9,15
COLQUIRI,nutricion y desarrollo infantil,controles nuevos en ninos menores de 2 anos,2006-09-01,33,33,36,69
COMANCHE,nutricion y desarrollo infantil,controles nuevos en ninos menores de 2 anos,2006-09-01,2,2,3,5
COMARAPA,nutricion y desarrollo infantil,controles nuevos en ninos menores de 2 anos,2006-09-01,14,14,19,33
COMBAYA,nutricion y desarrollo infantil,controles nuevos en ninos menores de 2 anos,2006-09-01,1,1,2,3
CONCEPCION,nutricion y desarrollo infantil,controles nuevos en ninos menores de 2 anos,2006-09-01,13,13,15,28
COPACABANA,nutricion y desarrollo infantil,controles nuevos en ninos menores de 2 anos,2006-09-01,14,14,17,31
CORIPATA,nutricion y desarrollo infantil,controles nuevos en ninos menores de 2 anos,2006-09-01,32,32,19,51
CORO CORO,nutricion y desarrollo infantil,controles nuevos en ninos menores de 2 anos,2006-09-01,4,4,8,12
COROICO,nutricion y desarrollo infantil,controles nuevos en ninos menores de 2 anos,2006-09-01,20,20,24,44
CORQUE,nutricion y desarrollo infantil,controles nuevos en ninos menores de 2 anos,2006-09-01,9,9,11,20
COTAGAITA,nutricion y desarrollo infantil,controles nuevos en ninos menores de 2 anos,2006-09-01,19,19,25,44
COTOCA,nutricion y desarrollo infantil,controles nuevos en ninos menores de 2 anos,2006-09-01,42,42,43,85
CUATRO CAÑADAS,nutricion y desarrollo infantil,controles nuevos en ninos menores de 2 anos,2006-09-01,8,8,11,19
CUCHUMUELA (V. G. VILLARROEL),nutricion y desarrollo infantil,controles nuevos en ninos menores de 2 anos,2006-09-01,6,6,4,10
CUEVO,nutricion y desarrollo infantil,controles nuevos en ninos menores de 2 anos,2006-09-01,6,6,2,8
CULPINA,nutricion y desarrollo infantil,controles nuevos en ninos menores de 2 anos,2006-09-01,30,30,29,59
CURAHUARA DE CARANGAS,nutricion y desarrollo infantil,controles nuevos en ninos menores de 2 anos,2006-09-01,3,3,4,7
CURVA,nutricion y desarrollo infantil,controles nuevos en ninos menores de 2 anos,2006-09-01,3,3,3,6
DESAGUADERO,nutricion y desarrollo infantil,controles nuevos en ninos menores de 2 anos,2006-09-01,14,14,5,19
EL ALTO,nutricion y desarrollo infantil,controles nuevos en ninos menores de 2 anos,2006-09-01,2265,2265,2057,4322
EL CHORO,nutricion y desarrollo infantil,controles nuevos en ninos menores de 2 anos,2006-09-01,1,1,3,4
EL PUENTE(STC),nutricion y desarrollo infantil,controles nuevos en ninos menores de 2 anos,2006-09-01,10,10,3,13
EL PUENTE(TJA),nutricion y desarrollo infantil,controles nuevos en ninos menores de 2 anos,2006-09-01,9,9,1,10
EL TORNO,nutricion y desarrollo infantil,controles nuevos en ninos menores de 2 anos,2006-09-01,57,57,34,91
EL VILLAR,nutricion y desarrollo infantil,controles nuevos en ninos menores de 2 anos,2006-09-01,5,5,7,12
ENTRE RIOS,nutricion y desarrollo infantil,controles nuevos en ninos menores de 2 anos,2006-09-01,87,87,91,178
ENTRE RIOS,nutricion y desarrollo infantil,controles nuevos en ninos menores de 2 anos,2006-09-01,17,17,15,32
ESCARA,nutricion y desarrollo infantil,controles nuevos en ninos menores de 2 anos,2006-09-01,2,2,3,5
EUCALIPTUS,nutricion y desarrollo infantil,controles nuevos en ninos menores de 2 anos,2006-09-01,5,5,6,11
EUREKA (SANTOS MERCADO),nutricion y desarrollo infantil,controles nuevos en ninos menores de 2 anos,2006-09-01,1,1,4,5
EXALTACION,nutricion y desarrollo infantil,controles nuevos en ninos menores de 2 anos,2006-09-01,5,5,3,8
FERNANDEZ ALONSO,nutricion y desarrollo infantil,controles nuevos en ninos menores de 2 anos,2006-09-01,21,21,18,39
FILADELFIA,nutricion y desarrollo infantil,controles nuevos en ninos menores de 2 anos,2006-09-01,5,5,2,7
GENERAL SAAVEDRA,nutricion y desarrollo infantil,controles nuevos en ninos menores de 2 anos,2006-09-01,37,37,44,81
GRAL. J.J. PEREZ (CHARAZANI),nutricion y desarrollo infantil,controles nuevos en ninos menores de 2 anos,2006-09-01,7,7,16,23
GUANAY,nutricion y desarrollo infantil,controles nuevos en ninos menores de 2 anos,2006-09-01,39,39,29,68
GUAQUI,nutricion y desarrollo infantil,controles nuevos en ninos menores de 2 anos,2006-09-01,3,3,12,15
GUAYARAMERIN,nutricion y desarrollo infantil,controles nuevos en ninos menores de 2 anos,2006-09-01,51,51,46,97
GUTIERREZ,nutricion y desarrollo infantil,controles nuevos en ninos menores de 2 anos,2006-09-01,18,18,10,28
HUACARETA,nutricion y desarrollo infantil,controles nuevos en ninos menores de 2 anos,2006-09-01,10,10,9,19
HUACAYA (VILLA DE HUACAYA),nutricion y desarrollo infantil,controles nuevos en ninos menores de 2 anos,2006-09-01,1,1,0,1
HUACHACALLA,nutricion y desarrollo infantil,controles nuevos en ninos menores de 2 anos,2006-09-01,3,3,1,4
HUANUNI,nutricion y desarrollo infantil,controles nuevos en ninos menores de 2 anos,2006-09-01,49,49,34,83
HUARACAJE,nutricion y desarrollo infantil,controles nuevos en ninos menores de 2 anos,2006-09-01,3,3,2,5
HUAYLLAMARCA,nutricion y desarrollo infantil,controles nuevos en ninos menores de 2 anos,2006-09-01,0,0,5,5
ICHOCA,nutricion y desarrollo infantil,controles nuevos en ninos menores de 2 anos,2006-09-01,7,7,6,13
ICLA,nutricion y desarrollo infantil,controles nuevos en ninos menores de 2 anos,2006-09-01,16,16,12,28
INCAHUASI,nutricion y desarrollo infantil,controles nuevos en ninos menores de 2 anos,2006-09-01,67,67,41,108
INGAVI (HUMAITA),nutricion y desarrollo infantil,controles nuevos en ninos menores de 2 anos,2006-09-01,0,0,3,3
INQUISIVI,nutricion y desarrollo infantil,controles nuevos en ninos menores de 2 anos,2006-09-01,17,17,13,30
IRUPANA (VILLA DE LANZA),nutricion y desarrollo infantil,controles nuevos en ninos menores de 2 anos,2006-09-01,17,17,18,35
IXIAMAS,nutricion y desarrollo infantil,controles nuevos en ninos menores de 2 anos,2006-09-01,16,16,14,30
JESUS DE MACHACA,nutricion y desarrollo infantil,controles nuevos en ninos menores de 2 anos,2006-09-01,8,8,11,19
LA ASUNTA,nutricion y desarrollo infantil,controles nuevos en ninos menores de 2 anos,2006-09-01,45,45,41,86
LA GUARDIA,nutricion y desarrollo infantil,controles nuevos en ninos menores de 2 anos,2006-09-01,67,67,47,114
LA PAZ,nutricion y desarrollo infantil,controles nuevos en ninos menores de 2 anos,2006-09-01,3667,3667,1147,4814
LAGUNILLAS,nutricion y desarrollo infantil,controles nuevos en ninos menores de 2 anos,2006-09-01,7,7,5,12
LAJA,nutricion y desarrollo infantil,controles nuevos en ninos menores de 2 anos,2006-09-01,12,12,17,29
LAS CARRERAS,nutricion y desarrollo infantil,controles nuevos en ninos menores de 2 anos,2006-09-01,6,6,2,8
LICOMA PAMPA,nutricion y desarrollo infantil,controles nuevos en ninos menores de 2 anos,2006-09-01,0,0,3,3
LLALLAGUA,nutricion y desarrollo infantil,controles nuevos en ninos menores de 2 anos,2006-09-01,113,113,91,204
LLICA,nutricion y desarrollo infantil,controles nuevos en ninos menores de 2 anos,2006-09-01,4,4,8,12
LORETO,nutricion y desarrollo infantil,controles nuevos en ninos menores de 2 anos,2006-09-01,12,12,13,25
LURIBAY,nutricion y desarrollo infantil,controles nuevos en ninos menores de 2 anos,2006-09-01,11,11,5,16
MACHACAMARCA,nutricion y desarrollo infantil,controles nuevos en ninos menores de 2 anos,2006-09-01,6,6,5,11
MACHARETI,nutricion y desarrollo infantil,controles nuevos en ninos menores de 2 anos,2006-09-01,5,5,4,9
MAGDALENA,nutricion y desarrollo infantil,controles nuevos en ninos menores de 2 anos,2006-09-01,17,17,21,38
MAIRANA,nutricion y desarrollo infantil,controles nuevos en ninos menores de 2 anos,2006-09-01,9,9,8,17
MALLA,nutricion y desarrollo infantil,controles nuevos en ninos menores de 2 anos,2006-09-01,2,2,2,4
MAPIRI,nutricion y desarrollo infantil,controles nuevos en ninos menores de 2 anos,2006-09-01,18,18,10,28
MECAPACA,nutricion y desarrollo infantil,controles nuevos en ninos menores de 2 anos,2006-09-01,18,18,16,34
MINEROS,nutricion y desarrollo infantil,controles nuevos en ninos menores de 2 anos,2006-09-01,23,23,24,47
MIZQUE,nutricion y desarrollo infantil,controles nuevos en ninos menores de 2 anos,2006-09-01,58,58,56,114
MOCOMOCO,nutricion y desarrollo infantil,controles nuevos en ninos menores de 2 anos,2006-09-01,20,20,16,36
MOJINETE,nutricion y desarrollo infantil,controles nuevos en ninos menores de 2 anos,2006-09-01,1,1,2,3
MOJOCOYA,nutricion y desarrollo infantil,controles nuevos en ninos menores de 2 anos,2006-09-01,3,3,12,15
MONTEAGUDO,nutricion y desarrollo infantil,controles nuevos en ninos menores de 2 anos,2006-09-01,43,43,46,89
MONTERO,nutricion y desarrollo infantil,controles nuevos en ninos menores de 2 anos,2006-09-01,125,125,113,238
MORO MORO,nutricion y desarrollo infantil,controles nuevos en ninos menores de 2 anos,2006-09-01,2,2,2,4
MOROCHATA,nutricion y desarrollo infantil,controles nuevos en ninos menores de 2 anos,2006-09-01,190,190,156,346
NACEBE (SANTA ROSA DEL ABUNA),nutricion y desarrollo infantil,controles nuevos en ninos menores de 2 anos,2006-09-01,4,4,0,4
NUEVO MANOA (NUEVA ESPERANZA),nutricion y desarrollo infantil,controles nuevos en ninos menores de 2 anos,2006-09-01,4,4,0,4
OCURI,nutricion y desarrollo infantil,controles nuevos en ninos menores de 2 anos,2006-09-01,34,34,23,57
OKINAWA,nutricion y desarrollo infantil,controles nuevos en ninos menores de 2 anos,2006-09-01,43,43,21,64
OMEREQUE,nutricion y desarrollo infantil,controles nuevos en ninos menores de 2 anos,2006-09-01,10,10,7,17
ORURO,nutricion y desarrollo infantil,controles nuevos en ninos menores de 2 anos,2006-09-01,541,541,548,1089
PADCAYA,nutricion y desarrollo infantil,controles nuevos en ninos menores de 2 anos,2006-09-01,25,25,27,52
PADILLA,nutricion y desarrollo infantil,controles nuevos en ninos menores de 2 anos,2006-09-01,20,20,34,54
PAILON,nutricion y desarrollo infantil,controles nuevos en ninos menores de 2 anos,2006-09-01,16,16,14,30
PALCA,nutricion y desarrollo infantil,controles nuevos en ninos menores de 2 anos,2006-09-01,29,29,19,48
PALOS BLANCOS,nutricion y desarrollo infantil,controles nuevos en ninos menores de 2 anos,2006-09-01,36,36,32,68
PAMPA AULLAGAS,nutricion y desarrollo infantil,controles nuevos en ninos menores de 2 anos,2006-09-01,4,4,3,7
PAMPA GRANDE,nutricion y desarrollo infantil,controles nuevos en ninos menores de 2 anos,2006-09-01,7,7,9,16
PAPEL PAMPA,nutricion y desarrollo infantil,controles nuevos en ninos menores de 2 anos,2006-09-01,3,3,5,8
PASORAPA,nutricion y desarrollo infantil,controles nuevos en ninos menores de 2 anos,2006-09-01,2,2,4,6
PATACAMAYA,nutricion y desarrollo infantil,controles nuevos en ninos menores de 2 anos,2006-09-01,36,36,38,74
PAZÑA,nutricion y desarrollo infantil,controles nuevos en ninos menores de 2 anos,2006-09-01,9,9,7,16
PELECHUCO,nutricion y desarrollo infantil,controles nuevos en ninos menores de 2 anos,2006-09-01,13,13,12,25
POCOATA,nutricion y desarrollo infantil,controles nuevos en ninos menores de 2 anos,2006-09-01,31,31,30,61
POCONA,nutricion y desarrollo infantil,controles nuevos en ninos menores de 2 anos,2006-09-01,87,87,66,153
POJO (CBBA),nutricion y desarrollo infantil,controles nuevos en ninos menores de 2 anos,2006-09-01,25,25,34,59
POOPO,nutricion y desarrollo infantil,controles nuevos en ninos menores de 2 anos,2006-09-01,2,2,1,3
PORCO,nutricion y desarrollo infantil,controles nuevos en ninos menores de 2 anos,2006-09-01,8,8,11,19
POROMA,nutricion y desarrollo infantil,controles nuevos en ninos menores de 2 anos,2006-09-01,23,23,31,54
PORONGO,nutricion y desarrollo infantil,controles nuevos en ninos menores de 2 anos,2006-09-01,9,9,8,17
PORTACHUELO,nutricion y desarrollo infantil,controles nuevos en ninos menores de 2 anos,2006-09-01,33,33,23,56
PORVENIR,nutricion y desarrollo infantil,controles nuevos en ninos menores de 2 anos,2006-09-01,17,17,18,35
POSTRER VALLE,nutricion y desarrollo infantil,controles nuevos en ninos menores de 2 anos,2006-09-01,2,2,1,3
POTOSI,nutricion y desarrollo infantil,controles nuevos en ninos menores de 2 anos,2006-09-01,207,207,218,425
PRESTO,nutricion y desarrollo infantil,controles nuevos en ninos menores de 2 anos,2006-09-01,26,26,18,44
PUCARA,nutricion y desarrollo infantil,controles nuevos en ninos menores de 2 anos,2006-09-01,1,1,2,3
PUCARANI,nutricion y desarrollo infantil,controles nuevos en ninos menores de 2 anos,2006-09-01,31,31,21,52
PUERTO ACOSTA,nutricion y desarrollo infantil,controles nuevos en ninos menores de 2 anos,2006-09-01,24,24,53,77
PUERTO CARABUCO,nutricion y desarrollo infantil,controles nuevos en ninos menores de 2 anos,2006-09-01,19,19,21,40
PUERTO GONZALO MORENO,nutricion y desarrollo infantil,controles nuevos en ninos menores de 2 anos,2006-09-01,2,2,4,6
PUERTO PEREZ,nutricion y desarrollo infantil,controles nuevos en ninos menores de 2 anos,2006-09-01,9,9,12,21
PUERTO QUIJARRO,nutricion y desarrollo infantil,controles nuevos en ninos menores de 2 anos,2006-09-01,28,28,24,52
PUERTO RICO,nutricion y desarrollo infantil,controles nuevos en ninos menores de 2 anos,2006-09-01,4,4,8,12
PUERTO SILES,nutricion y desarrollo infantil,controles nuevos en ninos menores de 2 anos,2006-09-01,3,3,0,3
PUERTO SUAREZ,nutricion y desarrollo infantil,controles nuevos en ninos menores de 2 anos,2006-09-01,28,28,23,51
PUERTO VILLARROEL,nutricion y desarrollo infantil,controles nuevos en ninos menores de 2 anos,2006-09-01,93,93,104,197
PUNA,nutricion y desarrollo infantil,controles nuevos en ninos menores de 2 anos,2006-09-01,50,50,43,93
PUNATA,nutricion y desarrollo infantil,controles nuevos en ninos menores de 2 anos,2006-09-01,160,160,141,301
QUIABAYA,nutricion y desarrollo infantil,controles nuevos en ninos menores de 2 anos,2006-09-01,2,2,1,3
QUILLACOLLO,nutricion y desarrollo infantil,controles nuevos en ninos menores de 2 anos,2006-09-01,399,399,368,767
QUIME,nutricion y desarrollo infantil,controles nuevos en ninos menores de 2 anos,2006-09-01,12,12,11,23
QUIRUSILLAS,nutricion y desarrollo infantil,controles nuevos en ninos menores de 2 anos,2006-09-01,0,0,1,1
RAVELO,nutricion y desarrollo infantil,controles nuevos en ninos menores de 2 anos,2006-09-01,12,12,26,38
REYES,nutricion y desarrollo infantil,controles nuevos en ninos menores de 2 anos,2006-09-01,22,22,16,38
RIBERALTA,nutricion y desarrollo infantil,controles nuevos en ninos menores de 2 anos,2006-09-01,269,269,158,427
ROBORE,nutricion y desarrollo infantil,controles nuevos en ninos menores de 2 anos,2006-09-01,37,37,23,60
RURRENABAQUE,nutricion y desarrollo infantil,controles nuevos en ninos menores de 2 anos,2006-09-01,10,10,14,24
SABAYA,nutricion y desarrollo infantil,controles nuevos en ninos menores de 2 anos,2006-09-01,3,3,3,6
SACABA,nutricion y desarrollo infantil,controles nuevos en ninos menores de 2 anos,2006-09-01,616,616,510,1126
SACABAMBA,nutricion y desarrollo infantil,controles nuevos en ninos menores de 2 anos,2006-09-01,6,6,3,9
SACACA,nutricion y desarrollo infantil,controles nuevos en ninos menores de 2 anos,2006-09-01,23,23,14,37
SAIPINA,nutricion y desarrollo infantil,controles nuevos en ninos menores de 2 anos,2006-09-01,6,6,7,13
SALINAS DE GARCI MENDOZA,nutricion y desarrollo infantil,controles nuevos en ninos menores de 2 anos,2006-09-01,25,25,19,44
SAMAIPATA,nutricion y desarrollo infantil,controles nuevos en ninos menores de 2 anos,2006-09-01,7,7,4,11
SAN AGUSTIN,nutricion y desarrollo infantil,controles nuevos en ninos menores de 2 anos,2006-09-01,0,0,1,1
SAN ANDRES,nutricion y desarrollo infantil,controles nuevos en ninos menores de 2 anos,2006-09-01,34,34,48,82
SAN ANDRES DE MACHACA,nutricion y desarrollo infantil,controles nuevos en ninos menores de 2 anos,2006-09-01,1,1,6,7
SAN ANTONIO DE ESMORUCO,nutricion y desarrollo infantil,controles nuevos en ninos menores de 2 anos,2006-09-01,0,0,2,2
SAN ANTONIO DE LOMERIO,nutricion y desarrollo infantil,controles nuevos en ninos menores de 2 anos,2006-09-01,4,4,9,13
SAN BENITO,nutricion y desarrollo infantil,controles nuevos en ninos menores de 2 anos,2006-09-01,53,53,51,104
SAN BORJA,nutricion y desarrollo infantil,controles nuevos en ninos menores de 2 anos,2006-09-01,59,59,49,108
SAN BUENA VENTURA,nutricion y desarrollo infantil,controles nuevos en ninos menores de 2 anos,2006-09-01,16,16,13,29
SAN CARLOS,nutricion y desarrollo infantil,controles nuevos en ninos menores de 2 anos,2006-09-01,28,28,25,53
SAN IGNACIO,nutricion y desarrollo infantil,controles nuevos en ninos menores de 2 anos,2006-09-01,45,45,47,92
SAN IGNACIO DE VELASCO,nutricion y desarrollo infantil,controles nuevos en ninos menores de 2 anos,2006-09-01,111,111,71,182
SAN JAVIER(BNI),nutricion y desarrollo infantil,controles nuevos en ninos menores de 2 anos,2006-09-01,14,14,7,21
SAN JAVIER(STC),nutricion y desarrollo infantil,controles nuevos en ninos menores de 2 anos,2006-09-01,13,13,19,32
SAN JOAQUIN,nutricion y desarrollo infantil,controles nuevos en ninos menores de 2 anos,2006-09-01,1,1,1,2
SAN JOSE DE CHIQUITOS,nutricion y desarrollo infantil,controles nuevos en ninos menores de 2 anos,2006-09-01,15,15,10,25
SAN JUAN DE YAPACANI,nutricion y desarrollo infantil,controles nuevos en ninos menores de 2 anos,2006-09-01,10,10,10,20
SAN JULIAN,nutricion y desarrollo infantil,controles nuevos en ninos menores de 2 anos,2006-09-01,78,78,69,147
SAN LORENZO(PND),nutricion y desarrollo infantil,controles nuevos en ninos menores de 2 anos,2006-09-01,3,3,3,6
SAN LORENZO(TJA),nutricion y desarrollo infantil,controles nuevos en ninos menores de 2 anos,2006-09-01,25,25,17,42
SAN LUCAS,nutricion y desarrollo infantil,controles nuevos en ninos menores de 2 anos,2006-09-01,34,34,47,81
SAN MATIAS,nutricion y desarrollo infantil,controles nuevos en ninos menores de 2 anos,2006-09-01,24,24,19,43
SAN MIGUEL DE VELASCO,nutricion y desarrollo infantil,controles nuevos en ninos menores de 2 anos,2006-09-01,6,6,17,23
SAN PABLO DE LIPEZ,nutricion y desarrollo infantil,controles nuevos en ninos menores de 2 anos,2006-09-01,6,6,3,9
SAN PEDRO,nutricion y desarrollo infantil,controles nuevos en ninos menores de 2 anos,2006-09-01,33,33,29,62
SAN PEDRO DE BUENA VISTA,nutricion y desarrollo infantil,controles nuevos en ninos menores de 2 anos,2006-09-01,37,37,39,76
SAN PEDRO DE CURAHUARA,nutricion y desarrollo infantil,controles nuevos en ninos menores de 2 anos,2006-09-01,5,5,4,9
SAN PEDRO DE QUEMES,nutricion y desarrollo infantil,controles nuevos en ninos menores de 2 anos,2006-09-01,0,0,2,2
SAN PEDRO DE TIQUINA,nutricion y desarrollo infantil,controles nuevos en ninos menores de 2 anos,2006-09-01,5,5,6,11
SAN PEDRO(PND),nutricion y desarrollo infantil,controles nuevos en ninos menores de 2 anos,2006-09-01,7,7,3,10
SAN RAFAEL,nutricion y desarrollo infantil,controles nuevos en ninos menores de 2 anos,2006-09-01,11,11,5,16
SAN RAMON,nutricion y desarrollo infantil,controles nuevos en ninos menores de 2 anos,2006-09-01,4,4,6,10
SAN RAMON,nutricion y desarrollo infantil,controles nuevos en ninos menores de 2 anos,2006-09-01,9,9,6,15
SANTA ANA,nutricion y desarrollo infantil,controles nuevos en ninos menores de 2 anos,2006-09-01,43,43,29,72
SANTA CRUZ DE LA SIERRA,nutricion y desarrollo infantil,controles nuevos en ninos menores de 2 anos,2006-09-01,1989,1989,1802,3791
SANTA ROSA,nutricion y desarrollo infantil,controles nuevos en ninos menores de 2 anos,2006-09-01,13,13,13,26
SANTA ROSA DEL SARA,nutricion y desarrollo infantil,controles nuevos en ninos menores de 2 anos,2006-09-01,20,20,13,33
SANTIAGO DE CALLAPA,nutricion y desarrollo infantil,controles nuevos en ninos menores de 2 anos,2006-09-01,6,6,4,10
SANTIAGO DE HUARI,nutricion y desarrollo infantil,controles nuevos en ninos menores de 2 anos,2006-09-01,6,6,3,9
SANTIAGO DE MACHACA,nutricion y desarrollo infantil,controles nuevos en ninos menores de 2 anos,2006-09-01,7,7,6,13
SANTIVAÑES,nutricion y desarrollo infantil,controles nuevos en ninos menores de 2 anos,2006-09-01,3,3,1,4
SANTUARIO DE QUILLACAS,nutricion y desarrollo infantil,controles nuevos en ninos menores de 2 anos,2006-09-01,1,1,1,2
SAPAHAQUI,nutricion y desarrollo infantil,controles nuevos en ninos menores de 2 anos,2006-09-01,12,12,11,23
SENA,nutricion y desarrollo infantil,controles nuevos en ninos menores de 2 anos,2006-09-01,1,1,3,4
SICA SICA (VILLA AROMA),nutricion y desarrollo infantil,controles nuevos en ninos menores de 2 anos,2006-09-01,26,26,21,47
SICAYA,nutricion y desarrollo infantil,controles nuevos en ninos menores de 2 anos,2006-09-01,5,5,2,7
SIPE SIPE,nutricion y desarrollo infantil,controles nuevos en ninos menores de 2 anos,2006-09-01,138,138,145,283
SOPACHUY,nutricion y desarrollo infantil,controles nuevos en ninos menores de 2 anos,2006-09-01,8,8,8,16
SORACACHI,nutricion y desarrollo infantil,controles nuevos en ninos menores de 2 anos,2006-09-01,14,14,29,43
SORATA,nutricion y desarrollo infantil,controles nuevos en ninos menores de 2 anos,2006-09-01,27,27,16,43
SUCRE,nutricion y desarrollo infantil,controles nuevos en ninos menores de 2 anos,2006-09-01,355,355,309,664
TACACHI,nutricion y desarrollo infantil,controles nuevos en ninos menores de 2 anos,2006-09-01,0,0,1,1
TACACOMA,nutricion y desarrollo infantil,controles nuevos en ninos menores de 2 anos,2006-09-01,6,6,2,8
TACOBAMBA,nutricion y desarrollo infantil,controles nuevos en ninos menores de 2 anos,2006-09-01,13,13,9,22
TACOPAYA,nutricion y desarrollo infantil,controles nuevos en ninos menores de 2 anos,2006-09-01,10,10,3,13
TAHUA,nutricion y desarrollo infantil,controles nuevos en ninos menores de 2 anos,2006-09-01,1,1,2,3
TAPACARI,nutricion y desarrollo infantil,controles nuevos en ninos menores de 2 anos,2006-09-01,60,60,54,114
TARABUCO,nutricion y desarrollo infantil,controles nuevos en ninos menores de 2 anos,2006-09-01,23,23,21,44
TARACO,nutricion y desarrollo infantil,controles nuevos en ninos menores de 2 anos,2006-09-01,8,8,8,16
TARATA,nutricion y desarrollo infantil,controles nuevos en ninos menores de 2 anos,2006-09-01,25,25,35,60
TARIJA,nutricion y desarrollo infantil,controles nuevos en ninos menores de 2 anos,2006-09-01,616,616,555,1171
TARVITA,nutricion y desarrollo infantil,controles nuevos en ninos menores de 2 anos,2006-09-01,32,32,18,50
TEOPONTE,nutricion y desarrollo infantil,controles nuevos en ninos menores de 2 anos,2006-09-01,7,7,3,10
TIAWANACU,nutricion y desarrollo infantil,controles nuevos en ninos menores de 2 anos,2006-09-01,20,20,20,40
TINGUIPAYA,nutricion y desarrollo infantil,controles nuevos en ninos menores de 2 anos,2006-09-01,39,39,40,79
TIPUANI,nutricion y desarrollo infantil,controles nuevos en ninos menores de 2 anos,2006-09-01,14,14,15,29
TIQUIPAYA,nutricion y desarrollo infantil,controles nuevos en ninos menores de 2 anos,2006-09-01,84,84,68,152
TIRAQUE (CBBA),nutricion y desarrollo infantil,controles nuevos en ninos menores de 2 anos,2006-09-01,113,113,93,206
TITO YUPANQUI (PARQUIPUJIO),nutricion y desarrollo infantil,controles nuevos en ninos menores de 2 anos,2006-09-01,1,1,1,2
TOCO,nutricion y desarrollo infantil,controles nuevos en ninos menores de 2 anos,2006-09-01,3,3,3,6
TODOS SANTOS,nutricion y desarrollo infantil,controles nuevos en ninos menores de 2 anos,2006-09-01,1,1,0,1
TOLATA,nutricion y desarrollo infantil,controles nuevos en ninos menores de 2 anos,2006-09-01,4,4,6,10
TOLEDO,nutricion y desarrollo infantil,controles nuevos en ninos menores de 2 anos,2006-09-01,8,8,8,16
TOMAVE,nutricion y desarrollo infantil,controles nuevos en ninos menores de 2 anos,2006-09-01,15,15,14,29
TOMINA,nutricion y desarrollo infantil,controles nuevos en ninos menores de 2 anos,2006-09-01,14,14,11,25
TORO TORO,nutricion y desarrollo infantil,controles nuevos en ninos menores de 2 anos,2006-09-01,15,15,17,32
TOTORA(CBBA),nutricion y desarrollo infantil,controles nuevos en ninos menores de 2 anos,2006-09-01,67,67,57,124
TOTORA(ORR),nutricion y desarrollo infantil,controles nuevos en ninos menores de 2 anos,2006-09-01,13,13,13,26
TRINIDAD,nutricion y desarrollo infantil,controles nuevos en ninos menores de 2 anos,2006-09-01,435,435,412,847
TUPIZA,nutricion y desarrollo infantil,controles nuevos en ninos menores de 2 anos,2006-09-01,53,53,62,115
TURCO,nutricion y desarrollo infantil,controles nuevos en ninos menores de 2 anos,2006-09-01,5,5,9,14
UMALA,nutricion y desarrollo infantil,controles nuevos en ninos menores de 2 anos,2006-09-01,7,7,6,13
UNCIA,nutricion y desarrollo infantil,controles nuevos en ninos menores de 2 anos,2006-09-01,33,33,26,59
URIONDO (A. CONCEPCION),nutricion y desarrollo infantil,controles nuevos en ninos menores de 2 anos,2006-09-01,10,10,12,22
URUBICHA,nutricion y desarrollo infantil,controles nuevos en ninos menores de 2 anos,2006-09-01,5,5,2,7
UYUNI,nutricion y desarrollo infantil,controles nuevos en ninos menores de 2 anos,2006-09-01,27,27,22,49
VACAS,nutricion y desarrollo infantil,controles nuevos en ninos menores de 2 anos,2006-09-01,14,14,14,28
VALLEGRANDE,nutricion y desarrollo infantil,controles nuevos en ninos menores de 2 anos,2006-09-01,36,36,32,68
VIACHA,nutricion y desarrollo infantil,controles nuevos en ninos menores de 2 anos,2006-09-01,74,74,82,156
VILA VILA,nutricion y desarrollo infantil,controles nuevos en ninos menores de 2 anos,2006-09-01,7,7,13,20
VILLA MONTES,nutricion y desarrollo infantil,controles nuevos en ninos menores de 2 anos,2006-09-01,31,31,48,79
VILLA NUEVA (LOMA ALTA),nutricion y desarrollo infantil,controles nuevos en ninos menores de 2 anos,2006-09-01,13,13,24,37
VILLA RIVERO,nutricion y desarrollo infantil,controles nuevos en ninos menores de 2 anos,2006-09-01,6,6,6,12
VILLA SERRANO,nutricion y desarrollo infantil,controles nuevos en ninos menores de 2 anos,2006-09-01,12,12,11,23
VILLA TUNARI,nutricion y desarrollo infantil,controles nuevos en ninos menores de 2 anos,2006-09-01,242,242,226,468
VILLA VACA GUZMAN (MUYUPAMPA),nutricion y desarrollo infantil,controles nuevos en ninos menores de 2 anos,2006-09-01,6,6,7,13
VILLAZON,nutricion y desarrollo infantil,controles nuevos en ninos menores de 2 anos,2006-09-01,38,38,35,73
VINTO,nutricion y desarrollo infantil,controles nuevos en ninos menores de 2 anos,2006-09-01,58,58,45,103
VITICHI,nutricion y desarrollo infantil,controles nuevos en ninos menores de 2 anos,2006-09-01,6,6,5,11
WALDO BALLIVIAN,nutricion y desarrollo infantil,controles nuevos en ninos menores de 2 anos,2006-09-01,1,1,2,3
WARNES,nutricion y desarrollo infantil,controles nuevos en ninos menores de 2 anos,2006-09-01,124,124,108,232
YACO,nutricion y desarrollo infantil,controles nuevos en ninos menores de 2 anos,2006-09-01,18,18,9,27
YACUIBA,nutricion y desarrollo infantil,controles nuevos en ninos menores de 2 anos,2006-09-01,76,76,63,139
YAMPARAEZ,nutricion y desarrollo infantil,controles nuevos en ninos menores de 2 anos,2006-09-01,7,7,10,17
YANACACHI,nutricion y desarrollo infantil,controles nuevos en ninos menores de 2 anos,2006-09-01,2,2,8,10
YAPACANI,nutricion y desarrollo infantil,controles nuevos en ninos menores de 2 anos,2006-09-01,37,37,39,76
YOCALLA,nutricion y desarrollo infantil,controles nuevos en ninos menores de 2 anos,2006-09-01,4,4,5,9
YOTALA,nutricion y desarrollo infantil,controles nuevos en ninos menores de 2 anos,2006-09-01,7,7,10,17
YUNCHARA,nutricion y desarrollo infantil,controles nuevos en ninos menores de 2 anos,2006-09-01,2,2,0,2
ZUDAÑEZ,nutricion y desarrollo infantil,controles nuevos en ninos menores de 2 anos,2006-09-01,9,9,9,18
ACACIO,nutricion y desarrollo infantil,controles nuevos en ninos menores de 2 anos,2006-10-01,4,4,8,12
ACHACACHI,nutricion y desarrollo infantil,controles nuevos en ninos menores de 2 anos,2006-10-01,69,69,78,147
ACHOCALLA,nutricion y desarrollo infantil,controles nuevos en ninos menores de 2 anos,2006-10-01,7,7,13,20
AIQUILE,nutricion y desarrollo infantil,controles nuevos en ninos menores de 2 anos,2006-10-01,37,37,24,61
ALCALA,nutricion y desarrollo infantil,controles nuevos en ninos menores de 2 anos,2006-10-01,7,7,1,8
ANCORAIMES,nutricion y desarrollo infantil,controles nuevos en ninos menores de 2 anos,2006-10-01,12,12,12,24
ANTEQUERA,nutricion y desarrollo infantil,controles nuevos en ninos menores de 2 anos,2006-10-01,6,6,2,8
ANZALDO,nutricion y desarrollo infantil,controles nuevos en ninos menores de 2 anos,2006-10-01,23,23,27,50
APOLO,nutricion y desarrollo infantil,controles nuevos en ninos menores de 2 anos,2006-10-01,29,29,27,56
ARAMPAMPA,nutricion y desarrollo infantil,controles nuevos en ninos menores de 2 anos,2006-10-01,3,3,5,8
ARANI,nutricion y desarrollo infantil,controles nuevos en ninos menores de 2 anos,2006-10-01,23,23,30,53
ARBIETO,nutricion y desarrollo infantil,controles nuevos en ninos menores de 2 anos,2006-10-01,7,7,17,24
ARQUE,nutricion y desarrollo infantil,controles nuevos en ninos menores de 2 anos,2006-10-01,14,14,15,29
ASCENCION DE GUARAYOS,nutricion y desarrollo infantil,controles nuevos en ninos menores de 2 anos,2006-10-01,46,46,61,107
ATOCHA,nutricion y desarrollo infantil,controles nuevos en ninos menores de 2 anos,2006-10-01,6,6,6,12
AUCAPATA,nutricion y desarrollo infantil,controles nuevos en ninos menores de 2 anos,2006-10-01,19,19,15,34
AYATA,nutricion y desarrollo infantil,controles nuevos en ninos menores de 2 anos,2006-10-01,19,19,10,29
AYO AYO,nutricion y desarrollo infantil,controles nuevos en ninos menores de 2 anos,2006-10-01,5,5,8,13
AYOPAYA (V. DE INDEPENDENCIA),nutricion y desarrollo infantil,controles nuevos en ninos menores de 2 anos,2006-10-01,64,64,61,125
AZURDUY,nutricion y desarrollo infantil,controles nuevos en ninos menores de 2 anos,2006-10-01,16,16,17,33
BATALLAS,nutricion y desarrollo infantil,controles nuevos en ninos menores de 2 anos,2006-10-01,20,20,14,34
BAURES,nutricion y desarrollo infantil,controles nuevos en ninos menores de 2 anos,2006-10-01,2,2,3,5
BELEN DE ANDAMARCA,nutricion y desarrollo infantil,controles nuevos en ninos menores de 2 anos,2006-10-01,1,1,0,1
BELEN DE URMIRI,nutricion y desarrollo infantil,controles nuevos en ninos menores de 2 anos,2006-10-01,4,4,0,4
BELLA FLOR,nutricion y desarrollo infantil,controles nuevos en ninos menores de 2 anos,2006-10-01,38,38,27,65
BERMEJO,nutricion y desarrollo infantil,controles nuevos en ninos menores de 2 anos,2006-10-01,60,60,47,107
BETANZOS,nutricion y desarrollo infantil,controles nuevos en ninos menores de 2 anos,2006-10-01,49,49,39,88
BOLIVAR,nutricion y desarrollo infantil,controles nuevos en ninos menores de 2 anos,2006-10-01,14,14,14,28
BOLPEBRA,nutricion y desarrollo infantil,controles nuevos en ninos menores de 2 anos,2006-10-01,11,11,13,24
BOYUIBE,nutricion y desarrollo infantil,controles nuevos en ninos menores de 2 anos,2006-10-01,6,6,4,10
BUENA VISTA,nutricion y desarrollo infantil,controles nuevos en ninos menores de 2 anos,2006-10-01,12,12,10,22
CABEZAS,nutricion y desarrollo infantil,controles nuevos en ninos menores de 2 anos,2006-10-01,16,16,10,26
CAIROMA,nutricion y desarrollo infantil,controles nuevos en ninos menores de 2 anos,2006-10-01,8,8,14,22
"CAIZA ""D""",nutricion y desarrollo infantil,controles nuevos en ninos menores de 2 anos,2006-10-01,18,18,13,31
CAJUATA,nutricion y desarrollo infantil,controles nuevos en ninos menores de 2 anos,2006-10-01,16,16,15,31
CALACOTO,nutricion y desarrollo infantil,controles nuevos en ninos menores de 2 anos,2006-10-01,3,3,3,6
CALAMARCA,nutricion y desarrollo infantil,controles nuevos en ninos menores de 2 anos,2006-10-01,11,11,9,20
CAMARGO,nutricion y desarrollo infantil,controles nuevos en ninos menores de 2 anos,2006-10-01,21,21,24,45
CAMATAQUI (C. VILLA ABECIA),nutricion y desarrollo infantil,controles nuevos en ninos menores de 2 anos,2006-10-01,2,2,9,11
CAMIRI,nutricion y desarrollo infantil,controles nuevos en ninos menores de 2 anos,2006-10-01,55,55,71,126
CAPINOTA,nutricion y desarrollo infantil,controles nuevos en ninos menores de 2 anos,2006-10-01,19,19,19,38
CAQUIAVIRI,nutricion y desarrollo infantil,controles nuevos en ninos menores de 2 anos,2006-10-01,10,10,5,15
CARACOLLO,nutricion y desarrollo infantil,controles nuevos en ninos menores de 2 anos,2006-10-01,13,13,17,30
CARANAVI,nutricion y desarrollo infantil,controles nuevos en ninos menores de 2 anos,2006-10-01,114,114,111,225
CARANGAS,nutricion y desarrollo infantil,controles nuevos en ninos menores de 2 anos,2006-10-01,2,2,5,7
CARAPARI,nutricion y desarrollo infantil,controles nuevos en ninos menores de 2 anos,2006-10-01,7,7,6,13
CARIPUYO,nutricion y desarrollo infantil,controles nuevos en ninos menores de 2 anos,2006-10-01,8,8,7,15
CARMEN RIVERO TORREZ,nutricion y desarrollo infantil,controles nuevos en ninos menores de 2 anos,2006-10-01,8,8,8,16
CHACARILLA,nutricion y desarrollo infantil,controles nuevos en ninos menores de 2 anos,2006-10-01,1,1,3,4
CHALLAPATA,nutricion y desarrollo infantil,controles nuevos en ninos menores de 2 anos,2006-10-01,49,49,37,86
CHAQUI,nutricion y desarrollo infantil,controles nuevos en ninos menores de 2 anos,2006-10-01,8,8,10,18
CHARAGUA,nutricion y desarrollo infantil,controles nuevos en ninos menores de 2 anos,2006-10-01,35,35,40,75
CHARAÑA,nutricion y desarrollo infantil,controles nuevos en ninos menores de 2 anos,2006-10-01,3,3,0,3
CHAYANTA,nutricion y desarrollo infantil,controles nuevos en ninos menores de 2 anos,2006-10-01,22,22,23,45
CHIMORE,nutricion y desarrollo infantil,controles nuevos en ninos menores de 2 anos,2006-10-01,29,29,35,64
CHIPAYA,nutricion y desarrollo infantil,controles nuevos en ninos menores de 2 anos,2006-10-01,1,1,2,3
CHOQUE COTA,nutricion y desarrollo infantil,controles nuevos en ninos menores de 2 anos,2006-10-01,0,0,1,1
CHULUMANI (V. DE LA LIBERTAD),nutricion y desarrollo infantil,controles nuevos en ninos menores de 2 anos,2006-10-01,21,21,25,46
CHUMA,nutricion y desarrollo infantil,controles nuevos en ninos menores de 2 anos,2006-10-01,8,8,5,13
CLIZA,nutricion y desarrollo infantil,controles nuevos en ninos menores de 2 anos,2006-10-01,54,54,40,94
COBIJA,nutricion y desarrollo infantil,controles nuevos en ninos menores de 2 anos,2006-10-01,84,84,75,159
COCHABAMBA,nutricion y desarrollo infantil,controles nuevos en ninos menores de 2 anos,2006-10-01,1417,1417,1340,2757
COLCAPIRHUA,nutricion y desarrollo infantil,controles nuevos en ninos menores de 2 anos,2006-10-01,266,266,269,535
"COLCHA ""K""",nutricion y desarrollo infantil,controles nuevos en ninos menores de 2 anos,2006-10-01,8,8,6,14
COLLANA,nutricion y desarrollo infantil,controles nuevos en ninos menores de 2 anos,2006-10-01,4,4,3,7
COLOMI,nutricion y desarrollo infantil,controles nuevos en ninos menores de 2 anos,2006-10-01,103,103,70,173
COLPA BELGICA,nutricion y desarrollo infantil,controles nuevos en ninos menores de 2 anos,2006-10-01,5,5,13,18
COLQUECHACA,nutricion y desarrollo infantil,controles nuevos en ninos menores de 2 anos,2006-10-01,41,41,51,92
COLQUENCHA,nutricion y desarrollo infantil,controles nuevos en ninos menores de 2 anos,2006-10-01,7,7,5,12
COLQUIRI,nutricion y desarrollo infantil,controles nuevos en ninos menores de 2 anos,2006-10-01,22,22,20,42
COMANCHE,nutricion y desarrollo infantil,controles nuevos en ninos menores de 2 anos,2006-10-01,2,2,2,4
COMARAPA,nutricion y desarrollo infantil,controles nuevos en ninos menores de 2 anos,2006-10-01,26,26,24,50
COMBAYA,nutricion y desarrollo infantil,controles nuevos en ninos menores de 2 anos,2006-10-01,1,1,0,1
CONCEPCION,nutricion y desarrollo infantil,controles nuevos en ninos menores de 2 anos,2006-10-01,16,16,19,35
COPACABANA,nutricion y desarrollo infantil,controles nuevos en ninos menores de 2 anos,2006-10-01,13,13,11,24
CORIPATA,nutricion y desarrollo infantil,controles nuevos en ninos menores de 2 anos,2006-10-01,32,32,17,49
CORO CORO,nutricion y desarrollo infantil,controles nuevos en ninos menores de 2 anos,2006-10-01,5,5,15,20
COROICO,nutricion y desarrollo infantil,controles nuevos en ninos menores de 2 anos,2006-10-01,22,22,16,38
CORQUE,nutricion y desarrollo infantil,controles nuevos en ninos menores de 2 anos,2006-10-01,6,6,5,11
COTAGAITA,nutricion y desarrollo infantil,controles nuevos en ninos menores de 2 anos,2006-10-01,21,21,21,42
COTOCA,nutricion y desarrollo infantil,controles nuevos en ninos menores de 2 anos,2006-10-01,61,61,48,109
CUATRO CAÑADAS,nutricion y desarrollo infantil,controles nuevos en ninos menores de 2 anos,2006-10-01,7,7,8,15
CUCHUMUELA (V. G. VILLARROEL),nutricion y desarrollo infantil,controles nuevos en ninos menores de 2 anos,2006-10-01,2,2,6,8
CUEVO,nutricion y desarrollo infantil,controles nuevos en ninos menores de 2 anos,2006-10-01,3,3,2,5
CULPINA,nutricion y desarrollo infantil,controles nuevos en ninos menores de 2 anos,2006-10-01,20,20,30,50
CURAHUARA DE CARANGAS,nutricion y desarrollo infantil,controles nuevos en ninos menores de 2 anos,2006-10-01,1,1,4,5
CURVA,nutricion y desarrollo infantil,controles nuevos en ninos menores de 2 anos,2006-10-01,2,2,1,3
DESAGUADERO,nutricion y desarrollo infantil,controles nuevos en ninos menores de 2 anos,2006-10-01,4,4,6,10
EL ALTO,nutricion y desarrollo infantil,controles nuevos en ninos menores de 2 anos,2006-10-01,2214,2214,2055,4269
EL CHORO,nutricion y desarrollo infantil,controles nuevos en ninos menores de 2 anos,2006-10-01,2,2,1,3
EL PUENTE(STC),nutricion y desarrollo infantil,controles nuevos en ninos menores de 2 anos,2006-10-01,10,10,3,13
EL PUENTE(TJA),nutricion y desarrollo infantil,controles nuevos en ninos menores de 2 anos,2006-10-01,7,7,2,9
EL TORNO,nutricion y desarrollo infantil,controles nuevos en ninos menores de 2 anos,2006-10-01,61,61,48,109
EL VILLAR,nutricion y desarrollo infantil,controles nuevos en ninos menores de 2 anos,2006-10-01,1,1,4,5
ENTRE RIOS,nutricion y desarrollo infantil,controles nuevos en ninos menores de 2 anos,2006-10-01,204,204,180,384
ENTRE RIOS,nutricion y desarrollo infantil,controles nuevos en ninos menores de 2 anos,2006-10-01,19,19,17,36
ESCARA,nutricion y desarrollo infantil,controles nuevos en ninos menores de 2 anos,2006-10-01,2,2,0,2
EUCALIPTUS,nutricion y desarrollo infantil,controles nuevos en ninos menores de 2 anos,2006-10-01,7,7,4,11
EUREKA (SANTOS MERCADO),nutricion y desarrollo infantil,controles nuevos en ninos menores de 2 anos,2006-10-01,2,2,1,3
EXALTACION,nutricion y desarrollo infantil,controles nuevos en ninos menores de 2 anos,2006-10-01,0,0,1,1
FERNANDEZ ALONSO,nutricion y desarrollo infantil,controles nuevos en ninos menores de 2 anos,2006-10-01,14,14,12,26
FILADELFIA,nutricion y desarrollo infantil,controles nuevos en ninos menores de 2 anos,2006-10-01,20,20,12,32
GENERAL SAAVEDRA,nutricion y desarrollo infantil,controles nuevos en ninos menores de 2 anos,2006-10-01,52,52,38,90
GRAL. J.J. PEREZ (CHARAZANI),nutricion y desarrollo infantil,controles nuevos en ninos menores de 2 anos,2006-10-01,5,5,10,15
GUANAY,nutricion y desarrollo infantil,controles nuevos en ninos menores de 2 anos,2006-10-01,34,34,30,64
GUAQUI,nutricion y desarrollo infantil,controles nuevos en ninos menores de 2 anos,2006-10-01,19,19,6,25
GUAYARAMERIN,nutricion y desarrollo infantil,controles nuevos en ninos menores de 2 anos,2006-10-01,55,55,57,112
GUTIERREZ,nutricion y desarrollo infantil,controles nuevos en ninos menores de 2 anos,2006-10-01,12,12,19,31
HUACARETA,nutricion y desarrollo infantil,controles nuevos en ninos menores de 2 anos,2006-10-01,12,12,8,20
HUACAYA (VILLA DE HUACAYA),nutricion y desarrollo infantil,controles nuevos en ninos menores de 2 anos,2006-10-01,1,1,3,4
HUACHACALLA,nutricion y desarrollo infantil,controles nuevos en ninos menores de 2 anos,2006-10-01,3,3,2,5
HUANUNI,nutricion y desarrollo infantil,controles nuevos en ninos menores de 2 anos,2006-10-01,59,59,54,113
HUARACAJE,nutricion y desarrollo infantil,controles nuevos en ninos menores de 2 anos,2006-10-01,8,8,2,10
HUAYLLAMARCA,nutricion y desarrollo infantil,controles nuevos en ninos menores de 2 anos,2006-10-01,4,4,5,9
ICHOCA,nutricion y desarrollo infantil,controles nuevos en ninos menores de 2 anos,2006-10-01,5,5,6,11
ICLA,nutricion y desarrollo infantil,controles nuevos en ninos menores de 2 anos,2006-10-01,16,16,9,25
INCAHUASI,nutricion y desarrollo infantil,controles nuevos en ninos menores de 2 anos,2006-10-01,62,62,58,120
INGAVI (HUMAITA),nutricion y desarrollo infantil,controles nuevos en ninos menores de 2 anos,2006-10-01,6,6,1,7
INQUISIVI,nutricion y desarrollo infantil,controles nuevos en ninos menores de 2 anos,2006-10-01,35,35,29,64
IRUPANA (VILLA DE LANZA),nutricion y desarrollo infantil,controles nuevos en ninos menores de 2 anos,2006-10-01,11,11,15,26
IXIAMAS,nutricion y desarrollo infantil,controles nuevos en ninos menores de 2 anos,2006-10-01,13,13,16,29
JESUS DE MACHACA,nutricion y desarrollo infantil,controles nuevos en ninos menores de 2 anos,2006-10-01,9,9,10,19
LA ASUNTA,nutricion y desarrollo infantil,controles nuevos en ninos menores de 2 anos,2006-10-01,25,25,27,52
LA GUARDIA,nutricion y desarrollo infantil,controles nuevos en ninos menores de 2 anos,2006-10-01,64,64,76,140
LA PAZ,nutricion y desarrollo infantil,controles nuevos en ninos menores de 2 anos,2006-10-01,1306,1306,1238,2544
LA RIVERA,nutricion y desarrollo infantil,controles nuevos en ninos menores de 2 anos,2006-10-01,2,2,0,2
LAGUNILLAS,nutricion y desarrollo infantil,controles nuevos en ninos menores de 2 anos,2006-10-01,5,5,6,11
LAJA,nutricion y desarrollo infantil,controles nuevos en ninos menores de 2 anos,2006-10-01,14,14,23,37
LAS CARRERAS,nutricion y desarrollo infantil,controles nuevos en ninos menores de 2 anos,2006-10-01,6,6,5,11
LICOMA PAMPA,nutricion y desarrollo infantil,controles nuevos en ninos menores de 2 anos,2006-10-01,1,1,3,4
LLALLAGUA,nutricion y desarrollo infantil,controles nuevos en ninos menores de 2 anos,2006-10-01,115,115,101,216
LLICA,nutricion y desarrollo infantil,controles nuevos en ninos menores de 2 anos,2006-10-01,7,7,3,10
LORETO,nutricion y desarrollo infantil,controles nuevos en ninos menores de 2 anos,2006-10-01,21,21,24,45
LURIBAY,nutricion y desarrollo infantil,controles nuevos en ninos menores de 2 anos,2006-10-01,10,10,10,20
MACHACAMARCA,nutricion y desarrollo infantil,controles nuevos en ninos menores de 2 anos,2006-10-01,7,7,2,9
MACHARETI,nutricion y desarrollo infantil,controles nuevos en ninos menores de 2 anos,2006-10-01,7,7,3,10
MAGDALENA,nutricion y desarrollo infantil,controles nuevos en ninos menores de 2 anos,2006-10-01,7,7,13,20
MAIRANA,nutricion y desarrollo infantil,controles nuevos en ninos menores de 2 anos,2006-10-01,10,10,7,17
MALLA,nutricion y desarrollo infantil,controles nuevos en ninos menores de 2 anos,2006-10-01,1,1,0,1
MAPIRI,nutricion y desarrollo infantil,controles nuevos en ninos menores de 2 anos,2006-10-01,28,28,31,59
MECAPACA,nutricion y desarrollo infantil,controles nuevos en ninos menores de 2 anos,2006-10-01,18,18,19,37
MINEROS,nutricion y desarrollo infantil,controles nuevos en ninos menores de 2 anos,2006-10-01,37,37,36,73
MIZQUE,nutricion y desarrollo infantil,controles nuevos en ninos menores de 2 anos,2006-10-01,80,80,60,140
MOCOMOCO,nutricion y desarrollo infantil,controles nuevos en ninos menores de 2 anos,2006-10-01,11,11,18,29
MOJINETE,nutricion y desarrollo infantil,controles nuevos en ninos menores de 2 anos,2006-10-01,0,0,2,2
MOJOCOYA,nutricion y desarrollo infantil,controles nuevos en ninos menores de 2 anos,2006-10-01,7,7,5,12
MONTEAGUDO,nutricion y desarrollo infantil,controles nuevos en ninos menores de 2 anos,2006-10-01,30,30,40,70
MONTERO,nutricion y desarrollo infantil,controles nuevos en ninos menores de 2 anos,2006-10-01,124,124,113,237
MORO MORO,nutricion y desarrollo infantil,controles nuevos en ninos menores de 2 anos,2006-10-01,6,6,1,7
MOROCHATA,nutricion y desarrollo infantil,controles nuevos en ninos menores de 2 anos,2006-10-01,95,95,95,190
NACEBE (SANTA ROSA DEL ABUNA),nutricion y desarrollo infantil,controles nuevos en ninos menores de 2 anos,2006-10-01,0,0,1,1
NUEVO MANOA (NUEVA ESPERANZA),nutricion y desarrollo infantil,controles nuevos en ninos menores de 2 anos,2006-10-01,16,16,13,29
OCURI,nutricion y desarrollo infantil,controles nuevos en ninos menores de 2 anos,2006-10-01,25,25,38,63
OKINAWA,nutricion y desarrollo infantil,controles nuevos en ninos menores de 2 anos,2006-10-01,30,30,18,48
OMEREQUE,nutricion y desarrollo infantil,controles nuevos en ninos menores de 2 anos,2006-10-01,5,5,4,9
ORURO,nutricion y desarrollo infantil,controles nuevos en ninos menores de 2 anos,2006-10-01,567,567,546,1113
PADCAYA,nutricion y desarrollo infantil,controles nuevos en ninos menores de 2 anos,2006-10-01,12,12,20,32
PADILLA,nutricion y desarrollo infantil,controles nuevos en ninos menores de 2 anos,2006-10-01,12,12,17,29
PAILON,nutricion y desarrollo infantil,controles nuevos en ninos menores de 2 anos,2006-10-01,14,14,13,27
PALCA,nutricion y desarrollo infantil,controles nuevos en ninos menores de 2 anos,2006-10-01,19,19,27,46
PALOS BLANCOS,nutricion y desarrollo infantil,controles nuevos en ninos menores de 2 anos,2006-10-01,18,18,33,51
PAMPA AULLAGAS,nutricion y desarrollo infantil,controles nuevos en ninos menores de 2 anos,2006-10-01,2,2,1,3
PAMPA GRANDE,nutricion y desarrollo infantil,controles nuevos en ninos menores de 2 anos,2006-10-01,7,7,7,14
PAPEL PAMPA,nutricion y desarrollo infantil,controles nuevos en ninos menores de 2 anos,2006-10-01,6,6,4,10
PASORAPA,nutricion y desarrollo infantil,controles nuevos en ninos menores de 2 anos,2006-10-01,4,4,2,6
PATACAMAYA,nutricion y desarrollo infantil,controles nuevos en ninos menores de 2 anos,2006-10-01,39,39,62,101
PAZÑA,nutricion y desarrollo infantil,controles nuevos en ninos menores de 2 anos,2006-10-01,7,7,4,11
PELECHUCO,nutricion y desarrollo infantil,controles nuevos en ninos menores de 2 anos,2006-10-01,11,11,3,14
POCOATA,nutricion y desarrollo infantil,controles nuevos en ninos menores de 2 anos,2006-10-01,38,38,42,80
POCONA,nutricion y desarrollo infantil,controles nuevos en ninos menores de 2 anos,2006-10-01,57,57,63,120
POJO (CBBA),nutricion y desarrollo infantil,controles nuevos en ninos menores de 2 anos,2006-10-01,19,19,18,37
POOPO,nutricion y desarrollo infantil,controles nuevos en ninos menores de 2 anos,2006-10-01,10,10,4,14
PORCO,nutricion y desarrollo infantil,controles nuevos en ninos menores de 2 anos,2006-10-01,9,9,14,23
POROMA,nutricion y desarrollo infantil,controles nuevos en ninos menores de 2 anos,2006-10-01,16,16,21,37
PORONGO,nutricion y desarrollo infantil,controles nuevos en ninos menores de 2 anos,2006-10-01,10,10,12,22
PORTACHUELO,nutricion y desarrollo infantil,controles nuevos en ninos menores de 2 anos,2006-10-01,38,38,34,72
PORVENIR,nutricion y desarrollo infantil,controles nuevos en ninos menores de 2 anos,2006-10-01,27,27,27,54
POSTRER VALLE,nutricion y desarrollo infantil,controles nuevos en ninos menores de 2 anos,2006-10-01,1,1,0,1
POTOSI,nutricion y desarrollo infantil,controles nuevos en ninos menores de 2 anos,2006-10-01,235,235,242,477
PRESTO,nutricion y desarrollo infantil,controles nuevos en ninos menores de 2 anos,2006-10-01,7,7,12,19
PUCARA,nutricion y desarrollo infantil,controles nuevos en ninos menores de 2 anos,2006-10-01,1,1,1,2
PUCARANI,nutricion y desarrollo infantil,controles nuevos en ninos menores de 2 anos,2006-10-01,25,25,20,45
PUERTO ACOSTA,nutricion y desarrollo infantil,controles nuevos en ninos menores de 2 anos,2006-10-01,23,23,15,38
PUERTO CARABUCO,nutricion y desarrollo infantil,controles nuevos en ninos menores de 2 anos,2006-10-01,16,16,13,29
PUERTO GONZALO MORENO,nutricion y desarrollo infantil,controles nuevos en ninos menores de 2 anos,2006-10-01,20,20,22,42
PUERTO PEREZ,nutricion y desarrollo infantil,controles nuevos en ninos menores de 2 anos,2006-10-01,28,28,21,49
PUERTO QUIJARRO,nutricion y desarrollo infantil,controles nuevos en ninos menores de 2 anos,2006-10-01,21,21,24,45
PUERTO RICO,nutricion y desarrollo infantil,controles nuevos en ninos menores de 2 anos,2006-10-01,22,22,13,35
PUERTO SILES,nutricion y desarrollo infantil,controles nuevos en ninos menores de 2 anos,2006-10-01,10,10,10,20
PUERTO SUAREZ,nutricion y desarrollo infantil,controles nuevos en ninos menores de 2 anos,2006-10-01,37,37,41,78
PUERTO VILLARROEL,nutricion y desarrollo infantil,controles nuevos en ninos menores de 2 anos,2006-10-01,143,143,134,277
PUNA,nutricion y desarrollo infantil,controles nuevos en ninos menores de 2 anos,2006-10-01,44,44,32,76
PUNATA,nutricion y desarrollo infantil,controles nuevos en ninos menores de 2 anos,2006-10-01,169,169,143,312
QUIABAYA,nutricion y desarrollo infantil,controles nuevos en ninos menores de 2 anos,2006-10-01,2,2,0,2
QUILLACOLLO,nutricion y desarrollo infantil,controles nuevos en ninos menores de 2 anos,2006-10-01,413,413,387,800
QUIME,nutricion y desarrollo infantil,controles nuevos en ninos menores de 2 anos,2006-10-01,6,6,4,10
RAVELO,nutricion y desarrollo infantil,controles nuevos en ninos menores de 2 anos,2006-10-01,25,25,21,46
REYES,nutricion y desarrollo infantil,controles nuevos en ninos menores de 2 anos,2006-10-01,32,32,30,62
RIBERALTA,nutricion y desarrollo infantil,controles nuevos en ninos menores de 2 anos,2006-10-01,210,210,223,433
ROBORE,nutricion y desarrollo infantil,controles nuevos en ninos menores de 2 anos,2006-10-01,43,43,35,78
RURRENABAQUE,nutricion y desarrollo infantil,controles nuevos en ninos menores de 2 anos,2006-10-01,18,18,16,34
SABAYA,nutricion y desarrollo infantil,controles nuevos en ninos menores de 2 anos,2006-10-01,3,3,4,7
SACABA,nutricion y desarrollo infantil,controles nuevos en ninos menores de 2 anos,2006-10-01,471,471,366,837
SACABAMBA,nutricion y desarrollo infantil,controles nuevos en ninos menores de 2 anos,2006-10-01,15,15,13,28
SACACA,nutricion y desarrollo infantil,controles nuevos en ninos menores de 2 anos,2006-10-01,24,24,31,55
SAIPINA,nutricion y desarrollo infantil,controles nuevos en ninos menores de 2 anos,2006-10-01,10,10,9,19
SALINAS DE GARCI MENDOZA,nutricion y desarrollo infantil,controles nuevos en ninos menores de 2 anos,2006-10-01,5,5,11,16
SAMAIPATA,nutricion y desarrollo infantil,controles nuevos en ninos menores de 2 anos,2006-10-01,10,10,5,15
SAN AGUSTIN,nutricion y desarrollo infantil,controles nuevos en ninos menores de 2 anos,2006-10-01,1,1,3,4
SAN ANDRES,nutricion y desarrollo infantil,controles nuevos en ninos menores de 2 anos,2006-10-01,30,30,28,58
SAN ANDRES DE MACHACA,nutricion y desarrollo infantil,controles nuevos en ninos menores de 2 anos,2006-10-01,4,4,5,9
SAN ANTONIO DE ESMORUCO,nutricion y desarrollo infantil,controles nuevos en ninos menores de 2 anos,2006-10-01,4,4,4,8
SAN ANTONIO DE LOMERIO,nutricion y desarrollo infantil,controles nuevos en ninos menores de 2 anos,2006-10-01,6,6,11,17
SAN BENITO,nutricion y desarrollo infantil,controles nuevos en ninos menores de 2 anos,2006-10-01,74,74,54,128
SAN BORJA,nutricion y desarrollo infantil,controles nuevos en ninos menores de 2 anos,2006-10-01,41,41,39,80
SAN BUENA VENTURA,nutricion y desarrollo infantil,controles nuevos en ninos menores de 2 anos,2006-10-01,17,17,14,31
SAN CARLOS,nutricion y desarrollo infantil,controles nuevos en ninos menores de 2 anos,2006-10-01,24,24,16,40
SAN IGNACIO,nutricion y desarrollo infantil,controles nuevos en ninos menores de 2 anos,2006-10-01,42,42,44,86
SAN IGNACIO DE VELASCO,nutricion y desarrollo infantil,controles nuevos en ninos menores de 2 anos,2006-10-01,79,79,56,135
SAN JAVIER(BNI),nutricion y desarrollo infantil,controles nuevos en ninos menores de 2 anos,2006-10-01,5,5,5,10
SAN JAVIER(STC),nutricion y desarrollo infantil,controles nuevos en ninos menores de 2 anos,2006-10-01,24,24,28,52
SAN JOAQUIN,nutricion y desarrollo infantil,controles nuevos en ninos menores de 2 anos,2006-10-01,1,1,4,5
SAN JOSE DE CHIQUITOS,nutricion y desarrollo infantil,controles nuevos en ninos menores de 2 anos,2006-10-01,36,36,20,56
SAN JUAN DE YAPACANI,nutricion y desarrollo infantil,controles nuevos en ninos menores de 2 anos,2006-10-01,8,8,6,14
SAN JULIAN,nutricion y desarrollo infantil,controles nuevos en ninos menores de 2 anos,2006-10-01,44,44,27,71
SAN LORENZO(PND),nutricion y desarrollo infantil,controles nuevos en ninos menores de 2 anos,2006-10-01,7,7,4,11
SAN LORENZO(TJA),nutricion y desarrollo infantil,controles nuevos en ninos menores de 2 anos,2006-10-01,43,43,36,79
SAN LUCAS,nutricion y desarrollo infantil,controles nuevos en ninos menores de 2 anos,2006-10-01,42,42,46,88
SAN MATIAS,nutricion y desarrollo infantil,controles nuevos en ninos menores de 2 anos,2006-10-01,31,31,17,48
SAN MIGUEL DE VELASCO,nutricion y desarrollo infantil,controles nuevos en ninos menores de 2 anos,2006-10-01,12,12,9,21
SAN PABLO DE LIPEZ,nutricion y desarrollo infantil,controles nuevos en ninos menores de 2 anos,2006-10-01,2,2,2,4
SAN PEDRO,nutricion y desarrollo infantil,controles nuevos en ninos menores de 2 anos,2006-10-01,34,34,30,64
SAN PEDRO DE BUENA VISTA,nutricion y desarrollo infantil,controles nuevos en ninos menores de 2 anos,2006-10-01,23,23,26,49
SAN PEDRO DE CURAHUARA,nutricion y desarrollo infantil,controles nuevos en ninos menores de 2 anos,2006-10-01,3,3,4,7
SAN PEDRO DE TIQUINA,nutricion y desarrollo infantil,controles nuevos en ninos menores de 2 anos,2006-10-01,1,1,3,4
SAN PEDRO(PND),nutricion y desarrollo infantil,controles nuevos en ninos menores de 2 anos,2006-10-01,4,4,1,5
SAN RAFAEL,nutricion y desarrollo infantil,controles nuevos en ninos menores de 2 anos,2006-10-01,10,10,5,15
SAN RAMON,nutricion y desarrollo infantil,controles nuevos en ninos menores de 2 anos,2006-10-01,6,6,8,14
SAN RAMON,nutricion y desarrollo infantil,controles nuevos en ninos menores de 2 anos,2006-10-01,2,2,4,6
SANTA ANA,nutricion y desarrollo infantil,controles nuevos en ninos menores de 2 anos,2006-10-01,77,77,55,132
SANTA CRUZ DE LA SIERRA,nutricion y desarrollo infantil,controles nuevos en ninos menores de 2 anos,2006-10-01,2138,2138,2124,4262
SANTA ROSA,nutricion y desarrollo infantil,controles nuevos en ninos menores de 2 anos,2006-10-01,24,24,20,44
SANTA ROSA DEL SARA,nutricion y desarrollo infantil,controles nuevos en ninos menores de 2 anos,2006-10-01,27,27,20,47
SANTIAGO DE CALLAPA,nutricion y desarrollo infantil,controles nuevos en ninos menores de 2 anos,2006-10-01,2,2,3,5
SANTIAGO DE HUARI,nutricion y desarrollo infantil,controles nuevos en ninos menores de 2 anos,2006-10-01,1,1,3,4
SANTIAGO DE MACHACA,nutricion y desarrollo infantil,controles nuevos en ninos menores de 2 anos,2006-10-01,1,1,1,2
SANTIVAÑES,nutricion y desarrollo infantil,controles nuevos en ninos menores de 2 anos,2006-10-01,6,6,1,7
SANTUARIO DE QUILLACAS,nutricion y desarrollo infantil,controles nuevos en ninos menores de 2 anos,2006-10-01,2,2,6,8
SAPAHAQUI,nutricion y desarrollo infantil,controles nuevos en ninos menores de 2 anos,2006-10-01,14,14,6,20
SENA,nutricion y desarrollo infantil,controles nuevos en ninos menores de 2 anos,2006-10-01,8,8,9,17
SICA SICA (VILLA AROMA),nutricion y desarrollo infantil,controles nuevos en ninos menores de 2 anos,2006-10-01,20,20,27,47
SICAYA,nutricion y desarrollo infantil,controles nuevos en ninos menores de 2 anos,2006-10-01,1,1,5,6
SIPE SIPE,nutricion y desarrollo infantil,controles nuevos en ninos menores de 2 anos,2006-10-01,162,162,115,277
SOPACHUY,nutricion y desarrollo infantil,controles nuevos en ninos menores de 2 anos,2006-10-01,9,9,7,16
SORACACHI,nutricion y desarrollo infantil,controles nuevos en ninos menores de 2 anos,2006-10-01,15,15,10,25
SORATA,nutricion y desarrollo infantil,controles nuevos en ninos menores de 2 anos,2006-10-01,47,47,47,94
SUCRE,nutricion y desarrollo infantil,controles nuevos en ninos menores de 2 anos,2006-10-01,304,304,357,661
TACACHI,nutricion y desarrollo infantil,controles nuevos en ninos menores de 2 anos,2006-10-01,2,2,0,2
TACACOMA,nutricion y desarrollo infantil,controles nuevos en ninos menores de 2 anos,2006-10-01,4,4,2,6
TACOBAMBA,nutricion y desarrollo infantil,controles nuevos en ninos menores de 2 anos,2006-10-01,11,11,15,26
TACOPAYA,nutricion y desarrollo infantil,controles nuevos en ninos menores de 2 anos,2006-10-01,9,9,15,24
TAHUA,nutricion y desarrollo infantil,controles nuevos en ninos menores de 2 anos,2006-10-01,2,2,0,2
TAPACARI,nutricion y desarrollo infantil,controles nuevos en ninos menores de 2 anos,2006-10-01,86,86,52,138
TARABUCO,nutricion y desarrollo infantil,controles nuevos en ninos menores de 2 anos,2006-10-01,15,15,18,33
TARACO,nutricion y desarrollo infantil,controles nuevos en ninos menores de 2 anos,2006-10-01,9,9,12,21
TARATA,nutricion y desarrollo infantil,controles nuevos en ninos menores de 2 anos,2006-10-01,25,25,26,51
TARIJA,nutricion y desarrollo infantil,controles nuevos en ninos menores de 2 anos,2006-10-01,700,700,624,1324
TARVITA,nutricion y desarrollo infantil,controles nuevos en ninos menores de 2 anos,2006-10-01,22,22,15,37
TEOPONTE,nutricion y desarrollo infantil,controles nuevos en ninos menores de 2 anos,2006-10-01,9,9,14,23
TIAWANACU,nutricion y desarrollo infantil,controles nuevos en ninos menores de 2 anos,2006-10-01,12,12,17,29
TINGUIPAYA,nutricion y desarrollo infantil,controles nuevos en ninos menores de 2 anos,2006-10-01,37,37,27,64
TIPUANI,nutricion y desarrollo infantil,controles nuevos en ninos menores de 2 anos,2006-10-01,12,12,14,26
TIQUIPAYA,nutricion y desarrollo infantil,controles nuevos en ninos menores de 2 anos,2006-10-01,174,174,141,315
TIRAQUE (CBBA),nutricion y desarrollo infantil,controles nuevos en ninos menores de 2 anos,2006-10-01,132,132,105,237
TITO YUPANQUI (PARQUIPUJIO),nutricion y desarrollo infantil,controles nuevos en ninos menores de 2 anos,2006-10-01,1,1,5,6
TOCO,nutricion y desarrollo infantil,controles nuevos en ninos menores de 2 anos,2006-10-01,22,22,9,31
TOLATA,nutricion y desarrollo infantil,controles nuevos en ninos menores de 2 anos,2006-10-01,25,25,20,45
TOLEDO,nutricion y desarrollo infantil,controles nuevos en ninos menores de 2 anos,2006-10-01,7,7,11,18
TOMAVE,nutricion y desarrollo infantil,controles nuevos en ninos menores de 2 anos,2006-10-01,16,16,10,26
TOMINA,nutricion y desarrollo infantil,controles nuevos en ninos menores de 2 anos,2006-10-01,11,11,15,26
TORO TORO,nutricion y desarrollo infantil,controles nuevos en ninos menores de 2 anos,2006-10-01,8,8,12,20
TOTORA(CBBA),nutricion y desarrollo infantil,controles nuevos en ninos menores de 2 anos,2006-10-01,52,52,38,90
TOTORA(ORR),nutricion y desarrollo infantil,controles nuevos en ninos menores de 2 anos,2006-10-01,12,12,11,23
TRIGAL,nutricion y desarrollo infantil,controles nuevos en ninos menores de 2 anos,2006-10-01,0,0,2,2
TRINIDAD,nutricion y desarrollo infantil,controles nuevos en ninos menores de 2 anos,2006-10-01,455,455,446,901
TUPIZA,nutricion y desarrollo infantil,controles nuevos en ninos menores de 2 anos,2006-10-01,39,39,33,72
TURCO,nutricion y desarrollo infantil,controles nuevos en ninos menores de 2 anos,2006-10-01,5,5,1,6
UMALA,nutricion y desarrollo infantil,controles nuevos en ninos menores de 2 anos,2006-10-01,9,9,7,16
UNCIA,nutricion y desarrollo infantil,controles nuevos en ninos menores de 2 anos,2006-10-01,33,33,28,61
URIONDO (A. CONCEPCION),nutricion y desarrollo infantil,controles nuevos en ninos menores de 2 anos,2006-10-01,14,14,5,19
URUBICHA,nutricion y desarrollo infantil,controles nuevos en ninos menores de 2 anos,2006-10-01,13,13,13,26
UYUNI,nutricion y desarrollo infantil,controles nuevos en ninos menores de 2 anos,2006-10-01,31,31,28,59
VACAS,nutricion y desarrollo infantil,controles nuevos en ninos menores de 2 anos,2006-10-01,7,7,8,15
VALLEGRANDE,nutricion y desarrollo infantil,controles nuevos en ninos menores de 2 anos,2006-10-01,31,31,18,49
VIACHA,nutricion y desarrollo infantil,controles nuevos en ninos menores de 2 anos,2006-10-01,69,69,80,149
VILA VILA,nutricion y desarrollo infantil,controles nuevos en ninos menores de 2 anos,2006-10-01,1,1,6,7
VILLA MONTES,nutricion y desarrollo infantil,controles nuevos en ninos menores de 2 anos,2006-10-01,32,32,28,60
VILLA NUEVA (LOMA ALTA),nutricion y desarrollo infantil,controles nuevos en ninos menores de 2 anos,2006-10-01,6,6,12,18
VILLA RIVERO,nutricion y desarrollo infantil,controles nuevos en ninos menores de 2 anos,2006-10-01,5,5,8,13
VILLA SERRANO,nutricion y desarrollo infantil,controles nuevos en ninos menores de 2 anos,2006-10-01,5,5,12,17
VILLA TUNARI,nutricion y desarrollo infantil,controles nuevos en ninos menores de 2 anos,2006-10-01,328,328,299,627
VILLA VACA GUZMAN (MUYUPAMPA),nutricion y desarrollo infantil,controles nuevos en ninos menores de 2 anos,2006-10-01,4,4,9,13
VILLAZON,nutricion y desarrollo infantil,controles nuevos en ninos menores de 2 anos,2006-10-01,43,43,36,79
VINTO,nutricion y desarrollo infantil,controles nuevos en ninos menores de 2 anos,2006-10-01,79,79,65,144
VITICHI,nutricion y desarrollo infantil,controles nuevos en ninos menores de 2 anos,2006-10-01,10,10,7,17
WALDO BALLIVIAN,nutricion y desarrollo infantil,controles nuevos en ninos menores de 2 anos,2006-10-01,1,1,1,2
WARNES,nutricion y desarrollo infantil,controles nuevos en ninos menores de 2 anos,2006-10-01,194,194,139,333
YACO,nutricion y desarrollo infantil,controles nuevos en ninos menores de 2 anos,2006-10-01,7,7,11,18
YACUIBA,nutricion y desarrollo infantil,controles nuevos en ninos menores de 2 anos,2006-10-01,89,89,100,189
YAMPARAEZ,nutricion y desarrollo infantil,controles nuevos en ninos menores de 2 anos,2006-10-01,10,10,8,18
YANACACHI,nutricion y desarrollo infantil,controles nuevos en ninos menores de 2 anos,2006-10-01,10,10,8,18
YAPACANI,nutricion y desarrollo infantil,controles nuevos en ninos menores de 2 anos,2006-10-01,34,34,45,79
YOCALLA,nutricion y desarrollo infantil,controles nuevos en ninos menores de 2 anos,2006-10-01,8,8,3,11
YOTALA,nutricion y desarrollo infantil,controles nuevos en ninos menores de 2 anos,2006-10-01,5,5,4,9
YUNCHARA,nutricion y desarrollo infantil,controles nuevos en ninos menores de 2 anos,2006-10-01,3,3,5,8
ZUDAÑEZ,nutricion y desarrollo infantil,controles nuevos en ninos menores de 2 anos,2006-10-01,8,8,6,14
ACACIO,nutricion y desarrollo infantil,controles nuevos en ninos menores de 2 anos,2006-11-01,5,5,4,9
ACHACACHI,nutricion y desarrollo infantil,controles nuevos en ninos menores de 2 anos,2006-11-01,68,68,56,124
ACHOCALLA,nutricion y desarrollo infantil,controles nuevos en ninos menores de 2 anos,2006-11-01,13,13,11,24
AIQUILE,nutricion y desarrollo infantil,controles nuevos en ninos menores de 2 anos,2006-11-01,58,58,47,105
ALCALA,nutricion y desarrollo infantil,controles nuevos en ninos menores de 2 anos,2006-11-01,2,2,5,7
ANCORAIMES,nutricion y desarrollo infantil,controles nuevos en ninos menores de 2 anos,2006-11-01,17,17,14,31
ANDAMARCA,nutricion y desarrollo infantil,controles nuevos en ninos menores de 2 anos,2006-11-01,1,1,0,1
ANTEQUERA,nutricion y desarrollo infantil,controles nuevos en ninos menores de 2 anos,2006-11-01,3,3,5,8
ANZALDO,nutricion y desarrollo infantil,controles nuevos en ninos menores de 2 anos,2006-11-01,32,32,34,66
APOLO,nutricion y desarrollo infantil,controles nuevos en ninos menores de 2 anos,2006-11-01,25,25,30,55
ARAMPAMPA,nutricion y desarrollo infantil,controles nuevos en ninos menores de 2 anos,2006-11-01,4,4,7,11
ARANI,nutricion y desarrollo infantil,controles nuevos en ninos menores de 2 anos,2006-11-01,11,11,10,21
ARBIETO,nutricion y desarrollo infantil,controles nuevos en ninos menores de 2 anos,2006-11-01,20,20,14,34
ARQUE,nutricion y desarrollo infantil,controles nuevos en ninos menores de 2 anos,2006-11-01,9,9,22,31
ATOCHA,nutricion y desarrollo infantil,controles nuevos en ninos menores de 2 anos,2006-11-01,13,13,7,20
AUCAPATA,nutricion y desarrollo infantil,controles nuevos en ninos menores de 2 anos,2006-11-01,13,13,12,25
AYATA,nutricion y desarrollo infantil,controles nuevos en ninos menores de 2 anos,2006-11-01,19,19,26,45
AYO AYO,nutricion y desarrollo infantil,controles nuevos en ninos menores de 2 anos,2006-11-01,7,7,2,9
AYOPAYA (V. DE INDEPENDENCIA),nutricion y desarrollo infantil,controles nuevos en ninos menores de 2 anos,2006-11-01,58,58,71,129
AZURDUY,nutricion y desarrollo infantil,controles nuevos en ninos menores de 2 anos,2006-11-01,13,13,9,22
BATALLAS,nutricion y desarrollo infantil,controles nuevos en ninos menores de 2 anos,2006-11-01,16,16,22,38
BAURES,nutricion y desarrollo infantil,controles nuevos en ninos menores de 2 anos,2006-11-01,2,2,1,3
BELEN DE ANDAMARCA,nutricion y desarrollo infantil,controles nuevos en ninos menores de 2 anos,2006-11-01,3,3,2,5
BELEN DE URMIRI,nutricion y desarrollo infantil,controles nuevos en ninos menores de 2 anos,2006-11-01,0,0,3,3
BELLA FLOR,nutricion y desarrollo infantil,controles nuevos en ninos menores de 2 anos,2006-11-01,8,8,10,18
BERMEJO,nutricion y desarrollo infantil,controles nuevos en ninos menores de 2 anos,2006-11-01,42,42,31,73
BETANZOS,nutricion y desarrollo infantil,controles nuevos en ninos menores de 2 anos,2006-11-01,57,57,46,103
BOLIVAR,nutricion y desarrollo infantil,controles nuevos en ninos menores de 2 anos,2006-11-01,12,12,14,26
BOLPEBRA,nutricion y desarrollo infantil,controles nuevos en ninos menores de 2 anos,2006-11-01,18,18,7,25
BOYUIBE,nutricion y desarrollo infantil,controles nuevos en ninos menores de 2 anos,2006-11-01,2,2,4,6
BUENA VISTA,nutricion y desarrollo infantil,controles nuevos en ninos menores de 2 anos,2006-11-01,19,19,10,29
CABEZAS,nutricion y desarrollo infantil,controles nuevos en ninos menores de 2 anos,2006-11-01,12,12,10,22
CAIROMA,nutricion y desarrollo infantil,controles nuevos en ninos menores de 2 anos,2006-11-01,12,12,9,21
"CAIZA ""D""",nutricion y desarrollo infantil,controles nuevos en ninos menores de 2 anos,2006-11-01,15,15,11,26
CAJUATA,nutricion y desarrollo infantil,controles nuevos en ninos menores de 2 anos,2006-11-01,7,7,6,13
CALACOTO,nutricion y desarrollo infantil,controles nuevos en ninos menores de 2 anos,2006-11-01,1,1,4,5
CALAMARCA,nutricion y desarrollo infantil,controles nuevos en ninos menores de 2 anos,2006-11-01,11,11,12,23
CAMARGO,nutricion y desarrollo infantil,controles nuevos en ninos menores de 2 anos,2006-11-01,25,25,24,49
CAMATAQUI (C. VILLA ABECIA),nutricion y desarrollo infantil,controles nuevos en ninos menores de 2 anos,2006-11-01,4,4,2,6
CAMIRI,nutricion y desarrollo infantil,controles nuevos en ninos menores de 2 anos,2006-11-01,88,88,64,152
CAPINOTA,nutricion y desarrollo infantil,controles nuevos en ninos menores de 2 anos,2006-11-01,43,43,48,91
CAQUIAVIRI,nutricion y desarrollo infantil,controles nuevos en ninos menores de 2 anos,2006-11-01,8,8,9,17
CARACOLLO,nutricion y desarrollo infantil,controles nuevos en ninos menores de 2 anos,2006-11-01,19,19,20,39
CARANAVI,nutricion y desarrollo infantil,controles nuevos en ninos menores de 2 anos,2006-11-01,136,136,89,225
CARANGAS,nutricion y desarrollo infantil,controles nuevos en ninos menores de 2 anos,2006-11-01,2,2,3,5
CARAPARI,nutricion y desarrollo infantil,controles nuevos en ninos menores de 2 anos,2006-11-01,11,11,10,21
CARIPUYO,nutricion y desarrollo infantil,controles nuevos en ninos menores de 2 anos,2006-11-01,9,9,5,14
CARMEN RIVERO TORREZ,nutricion y desarrollo infantil,controles nuevos en ninos menores de 2 anos,2006-11-01,29,29,24,53
CHACARILLA,nutricion y desarrollo infantil,controles nuevos en ninos menores de 2 anos,2006-11-01,0,0,2,2
CHALLAPATA,nutricion y desarrollo infantil,controles nuevos en ninos menores de 2 anos,2006-11-01,32,32,36,68
CHAQUI,nutricion y desarrollo infantil,controles nuevos en ninos menores de 2 anos,2006-11-01,4,4,7,11
CHARAGUA,nutricion y desarrollo infantil,controles nuevos en ninos menores de 2 anos,2006-11-01,14,14,20,34
CHARAÑA,nutricion y desarrollo infantil,controles nuevos en ninos menores de 2 anos,2006-11-01,3,3,7,10
CHAYANTA,nutricion y desarrollo infantil,controles nuevos en ninos menores de 2 anos,2006-11-01,13,13,7,20
CHIMORE,nutricion y desarrollo infantil,controles nuevos en ninos menores de 2 anos,2006-11-01,35,35,37,72
CHIPAYA,nutricion y desarrollo infantil,controles nuevos en ninos menores de 2 anos,2006-11-01,0,0,1,1
CHOQUE COTA,nutricion y desarrollo infantil,controles nuevos en ninos menores de 2 anos,2006-11-01,0,0,1,1
CHULUMANI (V. DE LA LIBERTAD),nutricion y desarrollo infantil,controles nuevos en ninos menores de 2 anos,2006-11-01,16,16,20,36
CHUMA,nutricion y desarrollo infantil,controles nuevos en ninos menores de 2 anos,2006-11-01,20,20,15,35
CLIZA,nutricion y desarrollo infantil,controles nuevos en ninos menores de 2 anos,2006-11-01,29,29,31,60
COBIJA,nutricion y desarrollo infantil,controles nuevos en ninos menores de 2 anos,2006-11-01,45,45,43,88
COCHABAMBA,nutricion y desarrollo infantil,controles nuevos en ninos menores de 2 anos,2006-11-01,1530,1530,1480,3010
COIPASA,nutricion y desarrollo infantil,controles nuevos en ninos menores de 2 anos,2006-11-01,0,0,1,1
COLCAPIRHUA,nutricion y desarrollo infantil,controles nuevos en ninos menores de 2 anos,2006-11-01,257,257,243,500
"COLCHA ""K""",nutricion y desarrollo infantil,controles nuevos en ninos menores de 2 anos,2006-11-01,7,7,11,18
COLLANA,nutricion y desarrollo infantil,controles nuevos en ninos menores de 2 anos,2006-11-01,2,2,2,4
COLOMI,nutricion y desarrollo infantil,controles nuevos en ninos menores de 2 anos,2006-11-01,126,126,99,225
COLPA BELGICA,nutricion y desarrollo infantil,controles nuevos en ninos menores de 2 anos,2006-11-01,5,5,8,13
COLQUECHACA,nutricion y desarrollo infantil,controles nuevos en ninos menores de 2 anos,2006-11-01,42,42,46,88
COLQUENCHA,nutricion y desarrollo infantil,controles nuevos en ninos menores de 2 anos,2006-11-01,11,11,11,22
COLQUIRI,nutricion y desarrollo infantil,controles nuevos en ninos menores de 2 anos,2006-11-01,12,12,18,30
COMANCHE,nutricion y desarrollo infantil,controles nuevos en ninos menores de 2 anos,2006-11-01,4,4,1,5
COMARAPA,nutricion y desarrollo infantil,controles nuevos en ninos menores de 2 anos,2006-11-01,27,27,20,47
COMBAYA,nutricion y desarrollo infantil,controles nuevos en ninos menores de 2 anos,2006-11-01,1,1,4,5
CONCEPCION,nutricion y desarrollo infantil,controles nuevos en ninos menores de 2 anos,2006-11-01,26,26,21,47
COPACABANA,nutricion y desarrollo infantil,controles nuevos en ninos menores de 2 anos,2006-11-01,20,20,13,33
CORIPATA,nutricion y desarrollo infantil,controles nuevos en ninos menores de 2 anos,2006-11-01,28,28,24,52
CORO CORO,nutricion y desarrollo infantil,controles nuevos en ninos menores de 2 anos,2006-11-01,10,10,18,28
COROICO,nutricion y desarrollo infantil,controles nuevos en ninos menores de 2 anos,2006-11-01,23,23,26,49
CORQUE,nutricion y desarrollo infantil,controles nuevos en ninos menores de 2 anos,2006-11-01,4,4,7,11
COTAGAITA,nutricion y desarrollo infantil,controles nuevos en ninos menores de 2 anos,2006-11-01,17,17,27,44
COTOCA,nutricion y desarrollo infantil,controles nuevos en ninos menores de 2 anos,2006-11-01,41,41,32,73
CUATRO CAÑADAS,nutricion y desarrollo infantil,controles nuevos en ninos menores de 2 anos,2006-11-01,30,30,23,53
CUCHUMUELA (V. G. VILLARROEL),nutricion y desarrollo infantil,controles nuevos en ninos menores de 2 anos,2006-11-01,4,4,1,5
CUEVO,nutricion y desarrollo infantil,controles nuevos en ninos menores de 2 anos,2006-11-01,2,2,2,4
CULPINA,nutricion y desarrollo infantil,controles nuevos en ninos menores de 2 anos,2006-11-01,18,18,18,36
CURAHUARA DE CARANGAS,nutricion y desarrollo infantil,controles nuevos en ninos menores de 2 anos,2006-11-01,8,8,9,17
CURVA,nutricion y desarrollo infantil,controles nuevos en ninos menores de 2 anos,2006-11-01,2,2,8,10
DESAGUADERO,nutricion y desarrollo infantil,controles nuevos en ninos menores de 2 anos,2006-11-01,13,13,11,24
EL ALTO,nutricion y desarrollo infantil,controles nuevos en ninos menores de 2 anos,2006-11-01,2177,2177,1976,4153
EL CHORO,nutricion y desarrollo infantil,controles nuevos en ninos menores de 2 anos,2006-11-01,2,2,4,6
EL PUENTE(STC),nutricion y desarrollo infantil,controles nuevos en ninos menores de 2 anos,2006-11-01,6,6,5,11
EL PUENTE(TJA),nutricion y desarrollo infantil,controles nuevos en ninos menores de 2 anos,2006-11-01,3,3,7,10
EL TORNO,nutricion y desarrollo infantil,controles nuevos en ninos menores de 2 anos,2006-11-01,54,54,41,95
EL VILLAR,nutricion y desarrollo infantil,controles nuevos en ninos menores de 2 anos,2006-11-01,5,5,7,12
ENTRE RIOS,nutricion y desarrollo infantil,controles nuevos en ninos menores de 2 anos,2006-11-01,23,23,19,42
ENTRE RIOS,nutricion y desarrollo infantil,controles nuevos en ninos menores de 2 anos,2006-11-01,170,170,139,309
EUCALIPTUS,nutricion y desarrollo infantil,controles nuevos en ninos menores de 2 anos,2006-11-01,5,5,4,9
EUREKA (SANTOS MERCADO),nutricion y desarrollo infantil,controles nuevos en ninos menores de 2 anos,2006-11-01,1,1,3,4
EXALTACION,nutricion y desarrollo infantil,controles nuevos en ninos menores de 2 anos,2006-11-01,5,5,5,10
FERNANDEZ ALONSO,nutricion y desarrollo infantil,controles nuevos en ninos menores de 2 anos,2006-11-01,18,18,14,32
FILADELFIA,nutricion y desarrollo infantil,controles nuevos en ninos menores de 2 anos,2006-11-01,10,10,22,32
GENERAL SAAVEDRA,nutricion y desarrollo infantil,controles nuevos en ninos menores de 2 anos,2006-11-01,33,33,31,64
GRAL. J.J. PEREZ (CHARAZANI),nutricion y desarrollo infantil,controles nuevos en ninos menores de 2 anos,2006-11-01,16,16,30,46
GUANAY,nutricion y desarrollo infantil,controles nuevos en ninos menores de 2 anos,2006-11-01,33,33,36,69
GUAQUI,nutricion y desarrollo infantil,controles nuevos en ninos menores de 2 anos,2006-11-01,7,7,5,12
GUAYARAMERIN,nutricion y desarrollo infantil,controles nuevos en ninos menores de 2 anos,2006-11-01,52,52,41,93
GUTIERREZ,nutricion y desarrollo infantil,controles nuevos en ninos menores de 2 anos,2006-11-01,7,7,16,23
HUACARETA,nutricion y desarrollo infantil,controles nuevos en ninos menores de 2 anos,2006-11-01,7,7,13,20
HUACAYA (VILLA DE HUACAYA),nutricion y desarrollo infantil,controles nuevos en ninos menores de 2 anos,2006-11-01,1,1,2,3
HUACHACALLA,nutricion y desarrollo infantil,controles nuevos en ninos menores de 2 anos,2006-11-01,5,5,7,12
HUANUNI,nutricion y desarrollo infantil,controles nuevos en ninos menores de 2 anos,2006-11-01,37,37,31,68
HUARACAJE,nutricion y desarrollo infantil,controles nuevos en ninos menores de 2 anos,2006-11-01,2,2,1,3
HUAYLLAMARCA,nutricion y desarrollo infantil,controles nuevos en ninos menores de 2 anos,2006-11-01,4,4,2,6
ICHOCA,nutricion y desarrollo infantil,controles nuevos en ninos menores de 2 anos,2006-11-01,10,10,2,12
ICLA,nutricion y desarrollo infantil,controles nuevos en ninos menores de 2 anos,2006-11-01,11,11,11,22
INCAHUASI,nutricion y desarrollo infantil,controles nuevos en ninos menores de 2 anos,2006-11-01,41,41,59,100
INQUISIVI,nutricion y desarrollo infantil,controles nuevos en ninos menores de 2 anos,2006-11-01,18,18,15,33
IRUPANA (VILLA DE LANZA),nutricion y desarrollo infantil,controles nuevos en ninos menores de 2 anos,2006-11-01,10,10,12,22
IXIAMAS,nutricion y desarrollo infantil,controles nuevos en ninos menores de 2 anos,2006-11-01,18,18,16,34
JESUS DE MACHACA,nutricion y desarrollo infantil,controles nuevos en ninos menores de 2 anos,2006-11-01,9,9,9,18
LA ASUNTA,nutricion y desarrollo infantil,controles nuevos en ninos menores de 2 anos,2006-11-01,33,33,51,84
LA GUARDIA,nutricion y desarrollo infantil,controles nuevos en ninos menores de 2 anos,2006-11-01,91,91,76,167
LA PAZ,nutricion y desarrollo infantil,controles nuevos en ninos menores de 2 anos,2006-11-01,1118,1118,1030,2148
LA RIVERA,nutricion y desarrollo infantil,controles nuevos en ninos menores de 2 anos,2006-11-01,2,2,2,4
LAGUNILLAS,nutricion y desarrollo infantil,controles nuevos en ninos menores de 2 anos,2006-11-01,7,7,5,12
LAJA,nutricion y desarrollo infantil,controles nuevos en ninos menores de 2 anos,2006-11-01,13,13,13,26
LAS CARRERAS,nutricion y desarrollo infantil,controles nuevos en ninos menores de 2 anos,2006-11-01,1,1,2,3
LLALLAGUA,nutricion y desarrollo infantil,controles nuevos en ninos menores de 2 anos,2006-11-01,54,54,44,98
LLICA,nutricion y desarrollo infantil,controles nuevos en ninos menores de 2 anos,2006-11-01,2,2,4,6
LORETO,nutricion y desarrollo infantil,controles nuevos en ninos menores de 2 anos,2006-11-01,18,18,15,33
LURIBAY,nutricion y desarrollo infantil,controles nuevos en ninos menores de 2 anos,2006-11-01,16,16,13,29
MACHACAMARCA,nutricion y desarrollo infantil,controles nuevos en ninos menores de 2 anos,2006-11-01,9,9,4,13
MACHARETI,nutricion y desarrollo infantil,controles nuevos en ninos menores de 2 anos,2006-11-01,10,10,9,19
MAGDALENA,nutricion y desarrollo infantil,controles nuevos en ninos menores de 2 anos,2006-11-01,11,11,7,18
MAIRANA,nutricion y desarrollo infantil,controles nuevos en ninos menores de 2 anos,2006-11-01,8,8,13,21
MALLA,nutricion y desarrollo infantil,controles nuevos en ninos menores de 2 anos,2006-11-01,4,4,5,9
MAPIRI,nutricion y desarrollo infantil,controles nuevos en ninos menores de 2 anos,2006-11-01,15,15,14,29
MECAPACA,nutricion y desarrollo infantil,controles nuevos en ninos menores de 2 anos,2006-11-01,20,20,18,38
MINEROS,nutricion y desarrollo infantil,controles nuevos en ninos menores de 2 anos,2006-11-01,33,33,18,51
MIZQUE,nutricion y desarrollo infantil,controles nuevos en ninos menores de 2 anos,2006-11-01,75,75,75,150
MOCOMOCO,nutricion y desarrollo infantil,controles nuevos en ninos menores de 2 anos,2006-11-01,16,16,9,25
MOJOCOYA,nutricion y desarrollo infantil,controles nuevos en ninos menores de 2 anos,2006-11-01,5,5,2,7
MONTEAGUDO,nutricion y desarrollo infantil,controles nuevos en ninos menores de 2 anos,2006-11-01,38,38,41,79
MONTERO,nutricion y desarrollo infantil,controles nuevos en ninos menores de 2 anos,2006-11-01,116,116,117,233
MORO MORO,nutricion y desarrollo infantil,controles nuevos en ninos menores de 2 anos,2006-11-01,3,3,3,6
MOROCHATA,nutricion y desarrollo infantil,controles nuevos en ninos menores de 2 anos,2006-11-01,79,79,86,165
NACEBE (SANTA ROSA DEL ABUNA),nutricion y desarrollo infantil,controles nuevos en ninos menores de 2 anos,2006-11-01,2,2,1,3
NUEVO MANOA (NUEVA ESPERANZA),nutricion y desarrollo infantil,controles nuevos en ninos menores de 2 anos,2006-11-01,0,0,1,1
OCURI,nutricion y desarrollo infantil,controles nuevos en ninos menores de 2 anos,2006-11-01,31,31,28,59
OKINAWA,nutricion y desarrollo infantil,controles nuevos en ninos menores de 2 anos,2006-11-01,47,47,38,85
OMEREQUE,nutricion y desarrollo infantil,controles nuevos en ninos menores de 2 anos,2006-11-01,1,1,4,5
ORURO,nutricion y desarrollo infantil,controles nuevos en ninos menores de 2 anos,2006-11-01,614,614,490,1104
PADCAYA,nutricion y desarrollo infantil,controles nuevos en ninos menores de 2 anos,2006-11-01,15,15,6,21
PADILLA,nutricion y desarrollo infantil,controles nuevos en ninos menores de 2 anos,2006-11-01,11,11,31,42
PAILON,nutricion y desarrollo infantil,controles nuevos en ninos menores de 2 anos,2006-11-01,13,13,21,34
PALCA,nutricion y desarrollo infantil,controles nuevos en ninos menores de 2 anos,2006-11-01,38,38,32,70
PALOS BLANCOS,nutricion y desarrollo infantil,controles nuevos en ninos menores de 2 anos,2006-11-01,27,27,24,51
PAMPA AULLAGAS,nutricion y desarrollo infantil,controles nuevos en ninos menores de 2 anos,2006-11-01,0,0,7,7
PAMPA GRANDE,nutricion y desarrollo infantil,controles nuevos en ninos menores de 2 anos,2006-11-01,7,7,4,11
PAPEL PAMPA,nutricion y desarrollo infantil,controles nuevos en ninos menores de 2 anos,2006-11-01,7,7,6,13
PASORAPA,nutricion y desarrollo infantil,controles nuevos en ninos menores de 2 anos,2006-11-01,2,2,0,2
PATACAMAYA,nutricion y desarrollo infantil,controles nuevos en ninos menores de 2 anos,2006-11-01,19,19,24,43
PAZÑA,nutricion y desarrollo infantil,controles nuevos en ninos menores de 2 anos,2006-11-01,7,7,2,9
PELECHUCO,nutricion y desarrollo infantil,controles nuevos en ninos menores de 2 anos,2006-11-01,13,13,12,25
POCOATA,nutricion y desarrollo infantil,controles nuevos en ninos menores de 2 anos,2006-11-01,28,28,21,49
POCONA,nutricion y desarrollo infantil,controles nuevos en ninos menores de 2 anos,2006-11-01,30,30,29,59
POJO (CBBA),nutricion y desarrollo infantil,controles nuevos en ninos menores de 2 anos,2006-11-01,22,22,17,39
POOPO,nutricion y desarrollo infantil,controles nuevos en ninos menores de 2 anos,2006-11-01,6,6,7,13
PORCO,nutricion y desarrollo infantil,controles nuevos en ninos menores de 2 anos,2006-11-01,7,7,14,21
POROMA,nutricion y desarrollo infantil,controles nuevos en ninos menores de 2 anos,2006-11-01,24,24,16,40
PORONGO,nutricion y desarrollo infantil,controles nuevos en ninos menores de 2 anos,2006-11-01,11,11,17,28
PORTACHUELO,nutricion y desarrollo infantil,controles nuevos en ninos menores de 2 anos,2006-11-01,29,29,25,54
PORVENIR,nutricion y desarrollo infantil,controles nuevos en ninos menores de 2 anos,2006-11-01,16,16,15,31
POSTRER VALLE,nutricion y desarrollo infantil,controles nuevos en ninos menores de 2 anos,2006-11-01,2,2,2,4
POTOSI,nutricion y desarrollo infantil,controles nuevos en ninos menores de 2 anos,2006-11-01,198,198,190,388
PRESTO,nutricion y desarrollo infantil,controles nuevos en ninos menores de 2 anos,2006-11-01,14,14,8,22
PUCARA,nutricion y desarrollo infantil,controles nuevos en ninos menores de 2 anos,2006-11-01,2,2,1,3
PUCARANI,nutricion y desarrollo infantil,controles nuevos en ninos menores de 2 anos,2006-11-01,25,25,46,71
PUERTO ACOSTA,nutricion y desarrollo infantil,controles nuevos en ninos menores de 2 anos,2006-11-01,42,42,34,76
PUERTO CARABUCO,nutricion y desarrollo infantil,controles nuevos en ninos menores de 2 anos,2006-11-01,14,14,21,35
PUERTO GONZALO MORENO,nutricion y desarrollo infantil,controles nuevos en ninos menores de 2 anos,2006-11-01,17,17,8,25
PUERTO PEREZ,nutricion y desarrollo infantil,controles nuevos en ninos menores de 2 anos,2006-11-01,12,12,9,21
PUERTO QUIJARRO,nutricion y desarrollo infantil,controles nuevos en ninos menores de 2 anos,2006-11-01,27,27,17,44
PUERTO RICO,nutricion y desarrollo infantil,controles nuevos en ninos menores de 2 anos,2006-11-01,4,4,5,9
PUERTO SILES,nutricion y desarrollo infantil,controles nuevos en ninos menores de 2 anos,2006-11-01,24,24,22,46
PUERTO SUAREZ,nutricion y desarrollo infantil,controles nuevos en ninos menores de 2 anos,2006-11-01,28,28,25,53
PUERTO VILLARROEL,nutricion y desarrollo infantil,controles nuevos en ninos menores de 2 anos,2006-11-01,110,110,124,234
PUNA,nutricion y desarrollo infantil,controles nuevos en ninos menores de 2 anos,2006-11-01,55,55,57,112
PUNATA,nutricion y desarrollo infantil,controles nuevos en ninos menores de 2 anos,2006-11-01,175,175,161,336
QUIABAYA,nutricion y desarrollo infantil,controles nuevos en ninos menores de 2 anos,2006-11-01,1,1,2,3
QUILLACOLLO,nutricion y desarrollo infantil,controles nuevos en ninos menores de 2 anos,2006-11-01,319,319,286,605
QUIME,nutricion y desarrollo infantil,controles nuevos en ninos menores de 2 anos,2006-11-01,19,19,12,31
QUIRUSILLAS,nutricion y desarrollo infantil,controles nuevos en ninos menores de 2 anos,2006-11-01,1,1,0,1
RAVELO,nutricion y desarrollo infantil,controles nuevos en ninos menores de 2 anos,2006-11-01,32,32,34,66
REYES,nutricion y desarrollo infantil,controles nuevos en ninos menores de 2 anos,2006-11-01,33,33,25,58
RIBERALTA,nutricion y desarrollo infantil,controles nuevos en ninos menores de 2 anos,2006-11-01,203,203,187,390
ROBORE,nutricion y desarrollo infantil,controles nuevos en ninos menores de 2 anos,2006-11-01,40,40,28,68
RURRENABAQUE,nutricion y desarrollo infantil,controles nuevos en ninos menores de 2 anos,2006-11-01,12,12,22,34
SABAYA,nutricion y desarrollo infantil,controles nuevos en ninos menores de 2 anos,2006-11-01,5,5,8,13
SACABA,nutricion y desarrollo infantil,controles nuevos en ninos menores de 2 anos,2006-11-01,316,316,331,647
SACABAMBA,nutricion y desarrollo infantil,controles nuevos en ninos menores de 2 anos,2006-11-01,13,13,4,17
SACACA,nutricion y desarrollo infantil,controles nuevos en ninos menores de 2 anos,2006-11-01,31,31,31,62
SAIPINA,nutricion y desarrollo infantil,controles nuevos en ninos menores de 2 anos,2006-11-01,12,12,6,18
SALINAS DE GARCI MENDOZA,nutricion y desarrollo infantil,controles nuevos en ninos menores de 2 anos,2006-11-01,3,3,8,11
SAMAIPATA,nutricion y desarrollo infantil,controles nuevos en ninos menores de 2 anos,2006-11-01,8,8,7,15
SAN AGUSTIN,nutricion y desarrollo infantil,controles nuevos en ninos menores de 2 anos,2006-11-01,2,2,3,5
SAN ANDRES,nutricion y desarrollo infantil,controles nuevos en ninos menores de 2 anos,2006-11-01,32,32,27,59
SAN ANDRES DE MACHACA,nutricion y desarrollo infantil,controles nuevos en ninos menores de 2 anos,2006-11-01,3,3,6,9
SAN ANTONIO DE ESMORUCO,nutricion y desarrollo infantil,controles nuevos en ninos menores de 2 anos,2006-11-01,3,3,2,5
SAN ANTONIO DE LOMERIO,nutricion y desarrollo infantil,controles nuevos en ninos menores de 2 anos,2006-11-01,11,11,6,17
SAN BENITO,nutricion y desarrollo infantil,controles nuevos en ninos menores de 2 anos,2006-11-01,86,86,63,149
SAN BORJA,nutricion y desarrollo infantil,controles nuevos en ninos menores de 2 anos,2006-11-01,68,68,60,128
SAN BUENA VENTURA,nutricion y desarrollo infantil,controles nuevos en ninos menores de 2 anos,2006-11-01,17,17,18,35
SAN CARLOS,nutricion y desarrollo infantil,controles nuevos en ninos menores de 2 anos,2006-11-01,23,23,17,40
SAN IGNACIO,nutricion y desarrollo infantil,controles nuevos en ninos menores de 2 anos,2006-11-01,38,38,48,86
SAN IGNACIO DE VELASCO,nutricion y desarrollo infantil,controles nuevos en ninos menores de 2 anos,2006-11-01,80,80,75,155
SAN JAVIER(BNI),nutricion y desarrollo infantil,controles nuevos en ninos menores de 2 anos,2006-11-01,6,6,4,10
SAN JAVIER(STC),nutricion y desarrollo infantil,controles nuevos en ninos menores de 2 anos,2006-11-01,19,19,8,27
SAN JOAQUIN,nutricion y desarrollo infantil,controles nuevos en ninos menores de 2 anos,2006-11-01,4,4,1,5
SAN JOSE DE CHIQUITOS,nutricion y desarrollo infantil,controles nuevos en ninos menores de 2 anos,2006-11-01,22,22,15,37
SAN JUAN DE YAPACANI,nutricion y desarrollo infantil,controles nuevos en ninos menores de 2 anos,2006-11-01,24,24,19,43
SAN JULIAN,nutricion y desarrollo infantil,controles nuevos en ninos menores de 2 anos,2006-11-01,42,42,38,80
SAN LORENZO(PND),nutricion y desarrollo infantil,controles nuevos en ninos menores de 2 anos,2006-11-01,20,20,24,44
SAN LORENZO(TJA),nutricion y desarrollo infantil,controles nuevos en ninos menores de 2 anos,2006-11-01,25,25,25,50
SAN LUCAS,nutricion y desarrollo infantil,controles nuevos en ninos menores de 2 anos,2006-11-01,49,49,39,88
SAN MATIAS,nutricion y desarrollo infantil,controles nuevos en ninos menores de 2 anos,2006-11-01,21,21,10,31
SAN MIGUEL DE VELASCO,nutricion y desarrollo infantil,controles nuevos en ninos menores de 2 anos,2006-11-01,11,11,10,21
SAN PABLO DE LIPEZ,nutricion y desarrollo infantil,controles nuevos en ninos menores de 2 anos,2006-11-01,5,5,2,7
SAN PEDRO,nutricion y desarrollo infantil,controles nuevos en ninos menores de 2 anos,2006-11-01,21,21,18,39
SAN PEDRO DE BUENA VISTA,nutricion y desarrollo infantil,controles nuevos en ninos menores de 2 anos,2006-11-01,35,35,28,63
SAN PEDRO DE CURAHUARA,nutricion y desarrollo infantil,controles nuevos en ninos menores de 2 anos,2006-11-01,3,3,2,5
SAN PEDRO DE QUEMES,nutricion y desarrollo infantil,controles nuevos en ninos menores de 2 anos,2006-11-01,2,2,0,2
SAN PEDRO DE TIQUINA,nutricion y desarrollo infantil,controles nuevos en ninos menores de 2 anos,2006-11-01,5,5,0,5
SAN RAFAEL,nutricion y desarrollo infantil,controles nuevos en ninos menores de 2 anos,2006-11-01,9,9,13,22
SAN RAMON,nutricion y desarrollo infantil,controles nuevos en ninos menores de 2 anos,2006-11-01,5,5,5,10
SAN RAMON,nutricion y desarrollo infantil,controles nuevos en ninos menores de 2 anos,2006-11-01,6,6,4,10
SANTA ANA,nutricion y desarrollo infantil,controles nuevos en ninos menores de 2 anos,2006-11-01,46,46,35,81
SANTA CRUZ DE LA SIERRA,nutricion y desarrollo infantil,controles nuevos en ninos menores de 2 anos,2006-11-01,2276,2276,2059,4335
SANTA ROSA,nutricion y desarrollo infantil,controles nuevos en ninos menores de 2 anos,2006-11-01,15,15,17,32
SANTA ROSA DEL SARA,nutricion y desarrollo infantil,controles nuevos en ninos menores de 2 anos,2006-11-01,8,8,10,18
SANTIAGO DE CALLAPA,nutricion y desarrollo infantil,controles nuevos en ninos menores de 2 anos,2006-11-01,3,3,3,6
SANTIAGO DE HUARI,nutricion y desarrollo infantil,controles nuevos en ninos menores de 2 anos,2006-11-01,10,10,7,17
SANTIAGO DE MACHACA,nutricion y desarrollo infantil,controles nuevos en ninos menores de 2 anos,2006-11-01,5,5,2,7
SANTIVAÑES,nutricion y desarrollo infantil,controles nuevos en ninos menores de 2 anos,2006-11-01,4,4,4,8
SANTUARIO DE QUILLACAS,nutricion y desarrollo infantil,controles nuevos en ninos menores de 2 anos,2006-11-01,7,7,3,10
SAPAHAQUI,nutricion y desarrollo infantil,controles nuevos en ninos menores de 2 anos,2006-11-01,15,15,18,33
SENA,nutricion y desarrollo infantil,controles nuevos en ninos menores de 2 anos,2006-11-01,27,27,39,66
SICA SICA (VILLA AROMA),nutricion y desarrollo infantil,controles nuevos en ninos menores de 2 anos,2006-11-01,27,27,38,65
SICAYA,nutricion y desarrollo infantil,controles nuevos en ninos menores de 2 anos,2006-11-01,1,1,3,4
SIPE SIPE,nutricion y desarrollo infantil,controles nuevos en ninos menores de 2 anos,2006-11-01,109,109,74,183
SOPACHUY,nutricion y desarrollo infantil,controles nuevos en ninos menores de 2 anos,2006-11-01,8,8,10,18
SORACACHI,nutricion y desarrollo infantil,controles nuevos en ninos menores de 2 anos,2006-11-01,15,15,29,44
SORATA,nutricion y desarrollo infantil,controles nuevos en ninos menores de 2 anos,2006-11-01,42,42,56,98
SUCRE,nutricion y desarrollo infantil,controles nuevos en ninos menores de 2 anos,2006-11-01,281,281,295,576
TACACHI,nutricion y desarrollo infantil,controles nuevos en ninos menores de 2 anos,2006-11-01,3,3,2,5
TACACOMA,nutricion y desarrollo infantil,controles nuevos en ninos menores de 2 anos,2006-11-01,6,6,7,13
TACOBAMBA,nutricion y desarrollo infantil,controles nuevos en ninos menores de 2 anos,2006-11-01,19,19,16,35
TACOPAYA,nutricion y desarrollo infantil,controles nuevos en ninos menores de 2 anos,2006-11-01,3,3,8,11
TAHUA,nutricion y desarrollo infantil,controles nuevos en ninos menores de 2 anos,2006-11-01,1,1,1,2
TAPACARI,nutricion y desarrollo infantil,controles nuevos en ninos menores de 2 anos,2006-11-01,73,73,75,148
TARABUCO,nutricion y desarrollo infantil,controles nuevos en ninos menores de 2 anos,2006-11-01,15,15,14,29
TARACO,nutricion y desarrollo infantil,controles nuevos en ninos menores de 2 anos,2006-11-01,6,6,4,10
TARATA,nutricion y desarrollo infantil,controles nuevos en ninos menores de 2 anos,2006-11-01,17,17,19,36
TARIJA,nutricion y desarrollo infantil,controles nuevos en ninos menores de 2 anos,2006-11-01,669,669,659,1328
TARVITA,nutricion y desarrollo infantil,controles nuevos en ninos menores de 2 anos,2006-11-01,15,15,17,32
TEOPONTE,nutricion y desarrollo infantil,controles nuevos en ninos menores de 2 anos,2006-11-01,5,5,6,11
TIAWANACU,nutricion y desarrollo infantil,controles nuevos en ninos menores de 2 anos,2006-11-01,12,12,13,25
TINGUIPAYA,nutricion y desarrollo infantil,controles nuevos en ninos menores de 2 anos,2006-11-01,45,45,56,101
TIPUANI,nutricion y desarrollo infantil,controles nuevos en ninos menores de 2 anos,2006-11-01,11,11,18,29
TIQUIPAYA,nutricion y desarrollo infantil,controles nuevos en ninos menores de 2 anos,2006-11-01,204,204,206,410
TIRAQUE (CBBA),nutricion y desarrollo infantil,controles nuevos en ninos menores de 2 anos,2006-11-01,326,326,302,628
TITO YUPANQUI (PARQUIPUJIO),nutricion y desarrollo infantil,controles nuevos en ninos menores de 2 anos,2006-11-01,1,1,0,1
TOCO,nutricion y desarrollo infantil,controles nuevos en ninos menores de 2 anos,2006-11-01,8,8,6,14
TOLATA,nutricion y desarrollo infantil,controles nuevos en ninos menores de 2 anos,2006-11-01,43,43,23,66
TOLEDO,nutricion y desarrollo infantil,controles nuevos en ninos menores de 2 anos,2006-11-01,35,35,30,65
TOMAVE,nutricion y desarrollo infantil,controles nuevos en ninos menores de 2 anos,2006-11-01,11,11,16,27
TOMINA,nutricion y desarrollo infantil,controles nuevos en ninos menores de 2 anos,2006-11-01,8,8,4,12
TORO TORO,nutricion y desarrollo infantil,controles nuevos en ninos menores de 2 anos,2006-11-01,16,16,14,30
TOTORA(CBBA),nutricion y desarrollo infantil,controles nuevos en ninos menores de 2 anos,2006-11-01,63,63,36,99
TOTORA(ORR),nutricion y desarrollo infantil,controles nuevos en ninos menores de 2 anos,2006-11-01,10,10,8,18
TRIGAL,nutricion y desarrollo infantil,controles nuevos en ninos menores de 2 anos,2006-11-01,1,1,3,4
TRINIDAD,nutricion y desarrollo infantil,controles nuevos en ninos menores de 2 anos,2006-11-01,446,446,406,852
TUPIZA,nutricion y desarrollo infantil,controles nuevos en ninos menores de 2 anos,2006-11-01,43,43,29,72
TURCO,nutricion y desarrollo infantil,controles nuevos en ninos menores de 2 anos,2006-11-01,4,4,2,6
UMALA,nutricion y desarrollo infantil,controles nuevos en ninos menores de 2 anos,2006-11-01,3,3,10,13
UNCIA,nutricion y desarrollo infantil,controles nuevos en ninos menores de 2 anos,2006-11-01,53,53,49,102
URIONDO (A. CONCEPCION),nutricion y desarrollo infantil,controles nuevos en ninos menores de 2 anos,2006-11-01,13,13,21,34
UYUNI,nutricion y desarrollo infantil,controles nuevos en ninos menores de 2 anos,2006-11-01,26,26,29,55
VACAS,nutricion y desarrollo infantil,controles nuevos en ninos menores de 2 anos,2006-11-01,6,6,7,13
VALLEGRANDE,nutricion y desarrollo infantil,controles nuevos en ninos menores de 2 anos,2006-11-01,12,12,10,22
VIACHA,nutricion y desarrollo infantil,controles nuevos en ninos menores de 2 anos,2006-11-01,62,62,54,116
VILA VILA,nutricion y desarrollo infantil,controles nuevos en ninos menores de 2 anos,2006-11-01,5,5,3,8
VILLA MONTES,nutricion y desarrollo infantil,controles nuevos en ninos menores de 2 anos,2006-11-01,48,48,52,100
VILLA NUEVA (LOMA ALTA),nutricion y desarrollo infantil,controles nuevos en ninos menores de 2 anos,2006-11-01,6,6,5,11
VILLA RIVERO,nutricion y desarrollo infantil,controles nuevos en ninos menores de 2 anos,2006-11-01,20,20,34,54
VILLA SERRANO,nutricion y desarrollo infantil,controles nuevos en ninos menores de 2 anos,2006-11-01,10,10,6,16
VILLA TUNARI,nutricion y desarrollo infantil,controles nuevos en ninos menores de 2 anos,2006-11-01,280,280,293,573
VILLA VACA GUZMAN (MUYUPAMPA),nutricion y desarrollo infantil,controles nuevos en ninos menores de 2 anos,2006-11-01,8,8,11,19
VILLAZON,nutricion y desarrollo infantil,controles nuevos en ninos menores de 2 anos,2006-11-01,25,25,27,52
VINTO,nutricion y desarrollo infantil,controles nuevos en ninos menores de 2 anos,2006-11-01,100,100,93,193
VITICHI,nutricion y desarrollo infantil,controles nuevos en ninos menores de 2 anos,2006-11-01,27,27,22,49
WALDO BALLIVIAN,nutricion y desarrollo infantil,controles nuevos en ninos menores de 2 anos,2006-11-01,0,0,3,3
WARNES,nutricion y desarrollo infantil,controles nuevos en ninos menores de 2 anos,2006-11-01,163,163,132,295
YACO,nutricion y desarrollo infantil,controles nuevos en ninos menores de 2 anos,2006-11-01,19,19,19,38
YACUIBA,nutricion y desarrollo infantil,controles nuevos en ninos menores de 2 anos,2006-11-01,112,112,90,202
YAMPARAEZ,nutricion y desarrollo infantil,controles nuevos en ninos menores de 2 anos,2006-11-01,13,13,3,16
YANACACHI,nutricion y desarrollo infantil,controles nuevos en ninos menores de 2 anos,2006-11-01,5,5,4,9
YAPACANI,nutricion y desarrollo infantil,controles nuevos en ninos menores de 2 anos,2006-11-01,35,35,29,64
YOCALLA,nutricion y desarrollo infantil,controles nuevos en ninos menores de 2 anos,2006-11-01,5,5,5,10
YOTALA,nutricion y desarrollo infantil,controles nuevos en ninos menores de 2 anos,2006-11-01,7,7,4,11
YUNCHARA,nutricion y desarrollo infantil,controles nuevos en ninos menores de 2 anos,2006-11-01,6,6,2,8
ZUDAÑEZ,nutricion y desarrollo infantil,controles nuevos en ninos menores de 2 anos,2006-11-01,13,13,7,20
ACACIO,nutricion y desarrollo infantil,controles nuevos en ninos menores de 2 anos,2006-12-01,1,1,10,11
ACHACACHI,nutricion y desarrollo infantil,controles nuevos en ninos menores de 2 anos,2006-12-01,26,26,17,43
ACHOCALLA,nutricion y desarrollo infantil,controles nuevos en ninos menores de 2 anos,2006-12-01,8,8,10,18
AIQUILE,nutricion y desarrollo infantil,controles nuevos en ninos menores de 2 anos,2006-12-01,35,35,31,66
ALALAY,nutricion y desarrollo infantil,controles nuevos en ninos menores de 2 anos,2006-12-01,3,3,0,3
ALCALA,nutricion y desarrollo infantil,controles nuevos en ninos menores de 2 anos,2006-12-01,2,2,5,7
ANCORAIMES,nutricion y desarrollo infantil,controles nuevos en ninos menores de 2 anos,2006-12-01,18,18,7,25
ANDAMARCA,nutricion y desarrollo infantil,controles nuevos en ninos menores de 2 anos,2006-12-01,2,2,0,2
ANTEQUERA,nutricion y desarrollo infantil,controles nuevos en ninos menores de 2 anos,2006-12-01,4,4,5,9
ANZALDO,nutricion y desarrollo infantil,controles nuevos en ninos menores de 2 anos,2006-12-01,36,36,42,78
APOLO,nutricion y desarrollo infantil,controles nuevos en ninos menores de 2 anos,2006-12-01,27,27,37,64
ARAMPAMPA,nutricion y desarrollo infantil,controles nuevos en ninos menores de 2 anos,2006-12-01,9,9,7,16
ARANI,nutricion y desarrollo infantil,controles nuevos en ninos menores de 2 anos,2006-12-01,26,26,11,37
ARBIETO,nutricion y desarrollo infantil,controles nuevos en ninos menores de 2 anos,2006-12-01,6,6,14,20
ARQUE,nutricion y desarrollo infantil,controles nuevos en ninos menores de 2 anos,2006-12-01,4,4,7,11
ASCENCION DE GUARAYOS,nutricion y desarrollo infantil,controles nuevos en ninos menores de 2 anos,2006-12-01,30,30,33,63
ATOCHA,nutricion y desarrollo infantil,controles nuevos en ninos menores de 2 anos,2006-12-01,4,4,2,6
AUCAPATA,nutricion y desarrollo infantil,controles nuevos en ninos menores de 2 anos,2006-12-01,11,11,12,23
AYATA,nutricion y desarrollo infantil,controles nuevos en ninos menores de 2 anos,2006-12-01,20,20,17,37
AYO AYO,nutricion y desarrollo infantil,controles nuevos en ninos menores de 2 anos,2006-12-01,5,5,6,11
AYOPAYA (V. DE INDEPENDENCIA),nutricion y desarrollo infantil,controles nuevos en ninos menores de 2 anos,2006-12-01,62,62,60,122
AZURDUY,nutricion y desarrollo infantil,controles nuevos en ninos menores de 2 anos,2006-12-01,16,16,9,25
BATALLAS,nutricion y desarrollo infantil,controles nuevos en ninos menores de 2 anos,2006-12-01,14,14,16,30
BAURES,nutricion y desarrollo infantil,controles nuevos en ninos menores de 2 anos,2006-12-01,8,8,5,13
BELEN DE ANDAMARCA,nutricion y desarrollo infantil,controles nuevos en ninos menores de 2 anos,2006-12-01,2,2,1,3
BELEN DE URMIRI,nutricion y desarrollo infantil,controles nuevos en ninos menores de 2 anos,2006-12-01,1,1,1,2
BELLA FLOR,nutricion y desarrollo infantil,controles nuevos en ninos menores de 2 anos,2006-12-01,2,2,1,3
BERMEJO,nutricion y desarrollo infantil,controles nuevos en ninos menores de 2 anos,2006-12-01,17,17,13,30
BETANZOS,nutricion y desarrollo infantil,controles nuevos en ninos menores de 2 anos,2006-12-01,26,26,25,51
BOLIVAR,nutricion y desarrollo infantil,controles nuevos en ninos menores de 2 anos,2006-12-01,12,12,9,21
BOLPEBRA,nutricion y desarrollo infantil,controles nuevos en ninos menores de 2 anos,2006-12-01,2,2,1,3
BOYUIBE,nutricion y desarrollo infantil,controles nuevos en ninos menores de 2 anos,2006-12-01,3,3,2,5
BUENA VISTA,nutricion y desarrollo infantil,controles nuevos en ninos menores de 2 anos,2006-12-01,16,16,20,36
CABEZAS,nutricion y desarrollo infantil,controles nuevos en ninos menores de 2 anos,2006-12-01,29,29,12,41
CAIROMA,nutricion y desarrollo infantil,controles nuevos en ninos menores de 2 anos,2006-12-01,8,8,12,20
"CAIZA ""D""",nutricion y desarrollo infantil,controles nuevos en ninos menores de 2 anos,2006-12-01,8,8,4,12
CAJUATA,nutricion y desarrollo infantil,controles nuevos en ninos menores de 2 anos,2006-12-01,30,30,32,62
CALACOTO,nutricion y desarrollo infantil,controles nuevos en ninos menores de 2 anos,2006-12-01,3,3,1,4
CALAMARCA,nutricion y desarrollo infantil,controles nuevos en ninos menores de 2 anos,2006-12-01,12,12,12,24
CAMARGO,nutricion y desarrollo infantil,controles nuevos en ninos menores de 2 anos,2006-12-01,14,14,15,29
CAMATAQUI (C. VILLA ABECIA),nutricion y desarrollo infantil,controles nuevos en ninos menores de 2 anos,2006-12-01,3,3,6,9
CAMIRI,nutricion y desarrollo infantil,controles nuevos en ninos menores de 2 anos,2006-12-01,41,41,41,82
CAPINOTA,nutricion y desarrollo infantil,controles nuevos en ninos menores de 2 anos,2006-12-01,17,17,9,26
CAQUIAVIRI,nutricion y desarrollo infantil,controles nuevos en ninos menores de 2 anos,2006-12-01,4,4,4,8
CARACOLLO,nutricion y desarrollo infantil,controles nuevos en ninos menores de 2 anos,2006-12-01,13,13,23,36
CARANAVI,nutricion y desarrollo infantil,controles nuevos en ninos menores de 2 anos,2006-12-01,252,252,250,502
CARANGAS,nutricion y desarrollo infantil,controles nuevos en ninos menores de 2 anos,2006-12-01,2,2,2,4
CARAPARI,nutricion y desarrollo infantil,controles nuevos en ninos menores de 2 anos,2006-12-01,4,4,6,10
CARIPUYO,nutricion y desarrollo infantil,controles nuevos en ninos menores de 2 anos,2006-12-01,5,5,5,10
CARMEN RIVERO TORREZ,nutricion y desarrollo infantil,controles nuevos en ninos menores de 2 anos,2006-12-01,6,6,8,14
CATACORA,nutricion y desarrollo infantil,controles nuevos en ninos menores de 2 anos,2006-12-01,1,1,2,3
CHACARILLA,nutricion y desarrollo infantil,controles nuevos en ninos menores de 2 anos,2006-12-01,3,3,3,6
CHALLAPATA,nutricion y desarrollo infantil,controles nuevos en ninos menores de 2 anos,2006-12-01,34,34,33,67
CHAQUI,nutricion y desarrollo infantil,controles nuevos en ninos menores de 2 anos,2006-12-01,5,5,3,8
CHARAGUA,nutricion y desarrollo infantil,controles nuevos en ninos menores de 2 anos,2006-12-01,29,29,29,58
CHARAÑA,nutricion y desarrollo infantil,controles nuevos en ninos menores de 2 anos,2006-12-01,2,2,2,4
CHAYANTA,nutricion y desarrollo infantil,controles nuevos en ninos menores de 2 anos,2006-12-01,13,13,18,31
CHIMORE,nutricion y desarrollo infantil,controles nuevos en ninos menores de 2 anos,2006-12-01,53,53,49,102
CHIPAYA,nutricion y desarrollo infantil,controles nuevos en ninos menores de 2 anos,2006-12-01,2,2,3,5
CHOQUE COTA,nutricion y desarrollo infantil,controles nuevos en ninos menores de 2 anos,2006-12-01,3,3,2,5
CHULUMANI (V. DE LA LIBERTAD),nutricion y desarrollo infantil,controles nuevos en ninos menores de 2 anos,2006-12-01,12,12,20,32
CHUMA,nutricion y desarrollo infantil,controles nuevos en ninos menores de 2 anos,2006-12-01,11,11,9,20
CLIZA,nutricion y desarrollo infantil,controles nuevos en ninos menores de 2 anos,2006-12-01,21,21,29,50
COBIJA,nutricion y desarrollo infantil,controles nuevos en ninos menores de 2 anos,2006-12-01,42,42,42,84
COCHABAMBA,nutricion y desarrollo infantil,controles nuevos en ninos menores de 2 anos,2006-12-01,1552,1552,1502,3054
COLCAPIRHUA,nutricion y desarrollo infantil,controles nuevos en ninos menores de 2 anos,2006-12-01,242,242,227,469
"COLCHA ""K""",nutricion y desarrollo infantil,controles nuevos en ninos menores de 2 anos,2006-12-01,11,11,6,17
COLLANA,nutricion y desarrollo infantil,controles nuevos en ninos menores de 2 anos,2006-12-01,0,0,3,3
COLOMI,nutricion y desarrollo infantil,controles nuevos en ninos menores de 2 anos,2006-12-01,88,88,56,144
COLPA BELGICA,nutricion y desarrollo infantil,controles nuevos en ninos menores de 2 anos,2006-12-01,13,13,8,21
COLQUECHACA,nutricion y desarrollo infantil,controles nuevos en ninos menores de 2 anos,2006-12-01,32,32,48,80
COLQUENCHA,nutricion y desarrollo infantil,controles nuevos en ninos menores de 2 anos,2006-12-01,13,13,4,17
COLQUIRI,nutricion y desarrollo infantil,controles nuevos en ninos menores de 2 anos,2006-12-01,19,19,23,42
COMANCHE,nutricion y desarrollo infantil,controles nuevos en ninos menores de 2 anos,2006-12-01,3,3,0,3
COMARAPA,nutricion y desarrollo infantil,controles nuevos en ninos menores de 2 anos,2006-12-01,16,16,17,33
COMBAYA,nutricion y desarrollo infantil,controles nuevos en ninos menores de 2 anos,2006-12-01,2,2,0,2
CONCEPCION,nutricion y desarrollo infantil,controles nuevos en ninos menores de 2 anos,2006-12-01,13,13,8,21
COPACABANA,nutricion y desarrollo infantil,controles nuevos en ninos menores de 2 anos,2006-12-01,12,12,18,30
CORIPATA,nutricion y desarrollo infantil,controles nuevos en ninos menores de 2 anos,2006-12-01,27,27,18,45
CORO CORO,nutricion y desarrollo infantil,controles nuevos en ninos menores de 2 anos,2006-12-01,1,1,5,6
COROICO,nutricion y desarrollo infantil,controles nuevos en ninos menores de 2 anos,2006-12-01,14,14,10,24
CORQUE,nutricion y desarrollo infantil,controles nuevos en ninos menores de 2 anos,2006-12-01,3,3,11,14
COTAGAITA,nutricion y desarrollo infantil,controles nuevos en ninos menores de 2 anos,2006-12-01,17,17,11,28
COTOCA,nutricion y desarrollo infantil,controles nuevos en ninos menores de 2 anos,2006-12-01,49,49,30,79
CUATRO CAÑADAS,nutricion y desarrollo infantil,controles nuevos en ninos menores de 2 anos,2006-12-01,13,13,65,78
CUCHUMUELA (V. G. VILLARROEL),nutricion y desarrollo infantil,controles nuevos en ninos menores de 2 anos,2006-12-01,0,0,1,1
CUEVO,nutricion y desarrollo infantil,controles nuevos en ninos menores de 2 anos,2006-12-01,4,4,2,6
CULPINA,nutricion y desarrollo infantil,controles nuevos en ninos menores de 2 anos,2006-12-01,16,16,10,26
CURAHUARA DE CARANGAS,nutricion y desarrollo infantil,controles nuevos en ninos menores de 2 anos,2006-12-01,5,5,3,8
CURVA,nutricion y desarrollo infantil,controles nuevos en ninos menores de 2 anos,2006-12-01,2,2,3,5
DESAGUADERO,nutricion y desarrollo infantil,controles nuevos en ninos menores de 2 anos,2006-12-01,3,3,3,6
EL ALTO,nutricion y desarrollo infantil,controles nuevos en ninos menores de 2 anos,2006-12-01,1513,1513,1444,2957
EL CHORO,nutricion y desarrollo infantil,controles nuevos en ninos menores de 2 anos,2006-12-01,5,5,3,8
EL PUENTE(STC),nutricion y desarrollo infantil,controles nuevos en ninos menores de 2 anos,2006-12-01,6,6,6,12
EL PUENTE(TJA),nutricion y desarrollo infantil,controles nuevos en ninos menores de 2 anos,2006-12-01,7,7,2,9
EL TORNO,nutricion y desarrollo infantil,controles nuevos en ninos menores de 2 anos,2006-12-01,41,41,43,84
EL VILLAR,nutricion y desarrollo infantil,controles nuevos en ninos menores de 2 anos,2006-12-01,3,3,1,4
ENTRE RIOS,nutricion y desarrollo infantil,controles nuevos en ninos menores de 2 anos,2006-12-01,20,20,20,40
ENTRE RIOS,nutricion y desarrollo infantil,controles nuevos en ninos menores de 2 anos,2006-12-01,195,195,191,386
ESMERALDA,nutricion y desarrollo infantil,controles nuevos en ninos menores de 2 anos,2006-12-01,0,0,1,1
EUCALIPTUS,nutricion y desarrollo infantil,controles nuevos en ninos menores de 2 anos,2006-12-01,3,3,5,8
EUREKA (SANTOS MERCADO),nutricion y desarrollo infantil,controles nuevos en ninos menores de 2 anos,2006-12-01,1,1,3,4
EXALTACION,nutricion y desarrollo infantil,controles nuevos en ninos menores de 2 anos,2006-12-01,1,1,0,1
FERNANDEZ ALONSO,nutricion y desarrollo infantil,controles nuevos en ninos menores de 2 anos,2006-12-01,22,22,20,42
FILADELFIA,nutricion y desarrollo infantil,controles nuevos en ninos menores de 2 anos,2006-12-01,2,2,0,2
GENERAL SAAVEDRA,nutricion y desarrollo infantil,controles nuevos en ninos menores de 2 anos,2006-12-01,30,30,28,58
GRAL. J.J. PEREZ (CHARAZANI),nutricion y desarrollo infantil,controles nuevos en ninos menores de 2 anos,2006-12-01,13,13,15,28
GUANAY,nutricion y desarrollo infantil,controles nuevos en ninos menores de 2 anos,2006-12-01,16,16,18,34
GUAQUI,nutricion y desarrollo infantil,controles nuevos en ninos menores de 2 anos,2006-12-01,3,3,3,6
GUAYARAMERIN,nutricion y desarrollo infantil,controles nuevos en ninos menores de 2 anos,2006-12-01,40,40,39,79
GUTIERREZ,nutricion y desarrollo infantil,controles nuevos en ninos menores de 2 anos,2006-12-01,15,15,13,28
HUACARETA,nutricion y desarrollo infantil,controles nuevos en ninos menores de 2 anos,2006-12-01,12,12,9,21
HUACAYA (VILLA DE HUACAYA),nutricion y desarrollo infantil,controles nuevos en ninos menores de 2 anos,2006-12-01,3,3,1,4
HUANUNI,nutricion y desarrollo infantil,controles nuevos en ninos menores de 2 anos,2006-12-01,27,27,12,39
HUARACAJE,nutricion y desarrollo infantil,controles nuevos en ninos menores de 2 anos,2006-12-01,2,2,3,5
HUAYLLAMARCA,nutricion y desarrollo infantil,controles nuevos en ninos menores de 2 anos,2006-12-01,4,4,5,9
ICHOCA,nutricion y desarrollo infantil,controles nuevos en ninos menores de 2 anos,2006-12-01,5,5,3,8
ICLA,nutricion y desarrollo infantil,controles nuevos en ninos menores de 2 anos,2006-12-01,12,12,6,18
INCAHUASI,nutricion y desarrollo infantil,controles nuevos en ninos menores de 2 anos,2006-12-01,47,47,47,94
INGAVI (HUMAITA),nutricion y desarrollo infantil,controles nuevos en ninos menores de 2 anos,2006-12-01,0,0,1,1
INQUISIVI,nutricion y desarrollo infantil,controles nuevos en ninos menores de 2 anos,2006-12-01,11,11,14,25
IRUPANA (VILLA DE LANZA),nutricion y desarrollo infantil,controles nuevos en ninos menores de 2 anos,2006-12-01,13,13,12,25
IXIAMAS,nutricion y desarrollo infantil,controles nuevos en ninos menores de 2 anos,2006-12-01,5,5,14,19
JESUS DE MACHACA,nutricion y desarrollo infantil,controles nuevos en ninos menores de 2 anos,2006-12-01,6,6,6,12
LA ASUNTA,nutricion y desarrollo infantil,controles nuevos en ninos menores de 2 anos,2006-12-01,31,31,26,57
LA GUARDIA,nutricion y desarrollo infantil,controles nuevos en ninos menores de 2 anos,2006-12-01,78,78,70,148
LA PAZ,nutricion y desarrollo infantil,controles nuevos en ninos menores de 2 anos,2006-12-01,1018,1018,940,1958
LAGUNILLAS,nutricion y desarrollo infantil,controles nuevos en ninos menores de 2 anos,2006-12-01,6,6,6,12
LAJA,nutricion y desarrollo infantil,controles nuevos en ninos menores de 2 anos,2006-12-01,23,23,29,52
LAS CARRERAS,nutricion y desarrollo infantil,controles nuevos en ninos menores de 2 anos,2006-12-01,5,5,2,7
LICOMA PAMPA,nutricion y desarrollo infantil,controles nuevos en ninos menores de 2 anos,2006-12-01,2,2,1,3
LLALLAGUA,nutricion y desarrollo infantil,controles nuevos en ninos menores de 2 anos,2006-12-01,71,71,81,152
LLICA,nutricion y desarrollo infantil,controles nuevos en ninos menores de 2 anos,2006-12-01,1,1,3,4
LORETO,nutricion y desarrollo infantil,controles nuevos en ninos menores de 2 anos,2006-12-01,5,5,1,6
LURIBAY,nutricion y desarrollo infantil,controles nuevos en ninos menores de 2 anos,2006-12-01,2,2,8,10
MACHACAMARCA,nutricion y desarrollo infantil,controles nuevos en ninos menores de 2 anos,2006-12-01,3,3,2,5
MACHARETI,nutricion y desarrollo infantil,controles nuevos en ninos menores de 2 anos,2006-12-01,3,3,6,9
MAGDALENA,nutricion y desarrollo infantil,controles nuevos en ninos menores de 2 anos,2006-12-01,19,19,14,33
MAIRANA,nutricion y desarrollo infantil,controles nuevos en ninos menores de 2 anos,2006-12-01,12,12,6,18
MALLA,nutricion y desarrollo infantil,controles nuevos en ninos menores de 2 anos,2006-12-01,0,0,1,1
MAPIRI,nutricion y desarrollo infantil,controles nuevos en ninos menores de 2 anos,2006-12-01,24,24,18,42
MECAPACA,nutricion y desarrollo infantil,controles nuevos en ninos menores de 2 anos,2006-12-01,8,8,5,13
MINEROS,nutricion y desarrollo infantil,controles nuevos en ninos menores de 2 anos,2006-12-01,32,32,21,53
MIZQUE,nutricion y desarrollo infantil,controles nuevos en ninos menores de 2 anos,2006-12-01,50,50,47,97
MOCOMOCO,nutricion y desarrollo infantil,controles nuevos en ninos menores de 2 anos,2006-12-01,15,15,12,27
MOJOCOYA,nutricion y desarrollo infantil,controles nuevos en ninos menores de 2 anos,2006-12-01,5,5,5,10
MONTEAGUDO,nutricion y desarrollo infantil,controles nuevos en ninos menores de 2 anos,2006-12-01,22,22,16,38
MONTERO,nutricion y desarrollo infantil,controles nuevos en ninos menores de 2 anos,2006-12-01,113,113,87,200
MORO MORO,nutricion y desarrollo infantil,controles nuevos en ninos menores de 2 anos,2006-12-01,2,2,0,2
MOROCHATA,nutricion y desarrollo infantil,controles nuevos en ninos menores de 2 anos,2006-12-01,85,85,76,161
NACEBE (SANTA ROSA DEL ABUNA),nutricion y desarrollo infantil,controles nuevos en ninos menores de 2 anos,2006-12-01,0,0,3,3
NAZACARA DE PACAJES,nutricion y desarrollo infantil,controles nuevos en ninos menores de 2 anos,2006-12-01,0,0,1,1
NUEVO MANOA (NUEVA ESPERANZA),nutricion y desarrollo infantil,controles nuevos en ninos menores de 2 anos,2006-12-01,1,1,4,5
OCURI,nutricion y desarrollo infantil,controles nuevos en ninos menores de 2 anos,2006-12-01,22,22,27,49
OKINAWA,nutricion y desarrollo infantil,controles nuevos en ninos menores de 2 anos,2006-12-01,37,37,23,60
OMEREQUE,nutricion y desarrollo infantil,controles nuevos en ninos menores de 2 anos,2006-12-01,3,3,5,8
ORURO,nutricion y desarrollo infantil,controles nuevos en ninos menores de 2 anos,2006-12-01,422,422,356,778
PADCAYA,nutricion y desarrollo infantil,controles nuevos en ninos menores de 2 anos,2006-12-01,17,17,14,31
PADILLA,nutricion y desarrollo infantil,controles nuevos en ninos menores de 2 anos,2006-12-01,13,13,19,32
PAILON,nutricion y desarrollo infantil,controles nuevos en ninos menores de 2 anos,2006-12-01,11,11,17,28
PALCA,nutricion y desarrollo infantil,controles nuevos en ninos menores de 2 anos,2006-12-01,9,9,10,19
PALOS BLANCOS,nutricion y desarrollo infantil,controles nuevos en ninos menores de 2 anos,2006-12-01,35,35,31,66
PAMPA AULLAGAS,nutricion y desarrollo infantil,controles nuevos en ninos menores de 2 anos,2006-12-01,3,3,2,5
PAMPA GRANDE,nutricion y desarrollo infantil,controles nuevos en ninos menores de 2 anos,2006-12-01,5,5,8,13
PAPEL PAMPA,nutricion y desarrollo infantil,controles nuevos en ninos menores de 2 anos,2006-12-01,1,1,5,6
PASORAPA,nutricion y desarrollo infantil,controles nuevos en ninos menores de 2 anos,2006-12-01,4,4,2,6
PATACAMAYA,nutricion y desarrollo infantil,controles nuevos en ninos menores de 2 anos,2006-12-01,37,37,33,70
PAZÑA,nutricion y desarrollo infantil,controles nuevos en ninos menores de 2 anos,2006-12-01,3,3,0,3
PELECHUCO,nutricion y desarrollo infantil,controles nuevos en ninos menores de 2 anos,2006-12-01,16,16,7,23
POCOATA,nutricion y desarrollo infantil,controles nuevos en ninos menores de 2 anos,2006-12-01,36,36,20,56
POCONA,nutricion y desarrollo infantil,controles nuevos en ninos menores de 2 anos,2006-12-01,29,29,24,53
POJO (CBBA),nutricion y desarrollo infantil,controles nuevos en ninos menores de 2 anos,2006-12-01,12,12,9,21
POOPO,nutricion y desarrollo infantil,controles nuevos en ninos menores de 2 anos,2006-12-01,7,7,2,9
PORCO,nutricion y desarrollo infantil,controles nuevos en ninos menores de 2 anos,2006-12-01,3,3,8,11
POROMA,nutricion y desarrollo infantil,controles nuevos en ninos menores de 2 anos,2006-12-01,11,11,13,24
PORONGO,nutricion y desarrollo infantil,controles nuevos en ninos menores de 2 anos,2006-12-01,15,15,12,27
PORTACHUELO,nutricion y desarrollo infantil,controles nuevos en ninos menores de 2 anos,2006-12-01,13,13,16,29
PORVENIR,nutricion y desarrollo infantil,controles nuevos en ninos menores de 2 anos,2006-12-01,20,20,15,35
POSTRER VALLE,nutricion y desarrollo infantil,controles nuevos en ninos menores de 2 anos,2006-12-01,0,0,1,1
POTOSI,nutricion y desarrollo infantil,controles nuevos en ninos menores de 2 anos,2006-12-01,172,172,148,320
PRESTO,nutricion y desarrollo infantil,controles nuevos en ninos menores de 2 anos,2006-12-01,8,8,6,14
PUCARA,nutricion y desarrollo infantil,controles nuevos en ninos menores de 2 anos,2006-12-01,1,1,2,3
PUCARANI,nutricion y desarrollo infantil,controles nuevos en ninos menores de 2 anos,2006-12-01,26,26,23,49
PUERTO ACOSTA,nutricion y desarrollo infantil,controles nuevos en ninos menores de 2 anos,2006-12-01,15,15,13,28
PUERTO CARABUCO,nutricion y desarrollo infantil,controles nuevos en ninos menores de 2 anos,2006-12-01,7,7,14,21
PUERTO GONZALO MORENO,nutricion y desarrollo infantil,controles nuevos en ninos menores de 2 anos,2006-12-01,6,6,6,12
PUERTO PEREZ,nutricion y desarrollo infantil,controles nuevos en ninos menores de 2 anos,2006-12-01,13,13,15,28
PUERTO QUIJARRO,nutricion y desarrollo infantil,controles nuevos en ninos menores de 2 anos,2006-12-01,16,16,19,35
PUERTO RICO,nutricion y desarrollo infantil,controles nuevos en ninos menores de 2 anos,2006-12-01,1,1,2,3
PUERTO SILES,nutricion y desarrollo infantil,controles nuevos en ninos menores de 2 anos,2006-12-01,9,9,3,12
PUERTO SUAREZ,nutricion y desarrollo infantil,controles nuevos en ninos menores de 2 anos,2006-12-01,31,31,40,71
PUERTO VILLARROEL,nutricion y desarrollo infantil,controles nuevos en ninos menores de 2 anos,2006-12-01,114,114,76,190
PUNA,nutricion y desarrollo infantil,controles nuevos en ninos menores de 2 anos,2006-12-01,34,34,22,56
PUNATA,nutricion y desarrollo infantil,controles nuevos en ninos menores de 2 anos,2006-12-01,180,180,151,331
QUIABAYA,nutricion y desarrollo infantil,controles nuevos en ninos menores de 2 anos,2006-12-01,1,1,0,1
QUILLACOLLO,nutricion y desarrollo infantil,controles nuevos en ninos menores de 2 anos,2006-12-01,363,363,351,714
QUIME,nutricion y desarrollo infantil,controles nuevos en ninos menores de 2 anos,2006-12-01,5,5,7,12
QUIRUSILLAS,nutricion y desarrollo infantil,controles nuevos en ninos menores de 2 anos,2006-12-01,2,2,0,2
RAVELO,nutricion y desarrollo infantil,controles nuevos en ninos menores de 2 anos,2006-12-01,22,22,25,47
REYES,nutricion y desarrollo infantil,controles nuevos en ninos menores de 2 anos,2006-12-01,13,13,18,31
RIBERALTA,nutricion y desarrollo infantil,controles nuevos en ninos menores de 2 anos,2006-12-01,137,137,144,281
ROBORE,nutricion y desarrollo infantil,controles nuevos en ninos menores de 2 anos,2006-12-01,15,15,22,37
RURRENABAQUE,nutricion y desarrollo infantil,controles nuevos en ninos menores de 2 anos,2006-12-01,17,17,14,31
SABAYA,nutricion y desarrollo infantil,controles nuevos en ninos menores de 2 anos,2006-12-01,22,22,12,34
SACABA,nutricion y desarrollo infantil,controles nuevos en ninos menores de 2 anos,2006-12-01,435,435,419,854
SACABAMBA,nutricion y desarrollo infantil,controles nuevos en ninos menores de 2 anos,2006-12-01,10,10,6,16
SACACA,nutricion y desarrollo infantil,controles nuevos en ninos menores de 2 anos,2006-12-01,25,25,19,44
SAIPINA,nutricion y desarrollo infantil,controles nuevos en ninos menores de 2 anos,2006-12-01,7,7,6,13
SALINAS DE GARCI MENDOZA,nutricion y desarrollo infantil,controles nuevos en ninos menores de 2 anos,2006-12-01,3,3,7,10
SAMAIPATA,nutricion y desarrollo infantil,controles nuevos en ninos menores de 2 anos,2006-12-01,8,8,9,17
SAN AGUSTIN,nutricion y desarrollo infantil,controles nuevos en ninos menores de 2 anos,2006-12-01,1,1,1,2
SAN ANDRES,nutricion y desarrollo infantil,controles nuevos en ninos menores de 2 anos,2006-12-01,18,18,24,42
SAN ANDRES DE MACHACA,nutricion y desarrollo infantil,controles nuevos en ninos menores de 2 anos,2006-12-01,2,2,1,3
SAN ANTONIO DE ESMORUCO,nutricion y desarrollo infantil,controles nuevos en ninos menores de 2 anos,2006-12-01,3,3,3,6
SAN ANTONIO DE LOMERIO,nutricion y desarrollo infantil,controles nuevos en ninos menores de 2 anos,2006-12-01,2,2,6,8
SAN BENITO,nutricion y desarrollo infantil,controles nuevos en ninos menores de 2 anos,2006-12-01,53,53,44,97
SAN BORJA,nutricion y desarrollo infantil,controles nuevos en ninos menores de 2 anos,2006-12-01,47,47,51,98
SAN BUENA VENTURA,nutricion y desarrollo infantil,controles nuevos en ninos menores de 2 anos,2006-12-01,16,16,19,35
SAN CARLOS,nutricion y desarrollo infantil,controles nuevos en ninos menores de 2 anos,2006-12-01,17,17,20,37
SAN IGNACIO,nutricion y desarrollo infantil,controles nuevos en ninos menores de 2 anos,2006-12-01,28,28,22,50
SAN IGNACIO DE VELASCO,nutricion y desarrollo infantil,controles nuevos en ninos menores de 2 anos,2006-12-01,53,53,54,107
SAN JAVIER(BNI),nutricion y desarrollo infantil,controles nuevos en ninos menores de 2 anos,2006-12-01,8,8,4,12
SAN JAVIER(STC),nutricion y desarrollo infantil,controles nuevos en ninos menores de 2 anos,2006-12-01,10,10,14,24
SAN JOAQUIN,nutricion y desarrollo infantil,controles nuevos en ninos menores de 2 anos,2006-12-01,7,7,3,10
SAN JOSE DE CHIQUITOS,nutricion y desarrollo infantil,controles nuevos en ninos menores de 2 anos,2006-12-01,19,19,25,44
SAN JUAN DE YAPACANI,nutricion y desarrollo infantil,controles nuevos en ninos menores de 2 anos,2006-12-01,13,13,11,24
SAN JULIAN,nutricion y desarrollo infantil,controles nuevos en ninos menores de 2 anos,2006-12-01,26,26,34,60
SAN LORENZO(PND),nutricion y desarrollo infantil,controles nuevos en ninos menores de 2 anos,2006-12-01,6,6,1,7
SAN LORENZO(TJA),nutricion y desarrollo infantil,controles nuevos en ninos menores de 2 anos,2006-12-01,24,24,38,62
SAN LUCAS,nutricion y desarrollo infantil,controles nuevos en ninos menores de 2 anos,2006-12-01,27,27,18,45
SAN MATIAS,nutricion y desarrollo infantil,controles nuevos en ninos menores de 2 anos,2006-12-01,16,16,18,34
SAN MIGUEL DE VELASCO,nutricion y desarrollo infantil,controles nuevos en ninos menores de 2 anos,2006-12-01,8,8,9,17
SAN PABLO DE LIPEZ,nutricion y desarrollo infantil,controles nuevos en ninos menores de 2 anos,2006-12-01,5,5,3,8
SAN PEDRO,nutricion y desarrollo infantil,controles nuevos en ninos menores de 2 anos,2006-12-01,10,10,16,26
SAN PEDRO DE BUENA VISTA,nutricion y desarrollo infantil,controles nuevos en ninos menores de 2 anos,2006-12-01,32,32,21,53
SAN PEDRO DE CURAHUARA,nutricion y desarrollo infantil,controles nuevos en ninos menores de 2 anos,2006-12-01,3,3,3,6
SAN PEDRO DE TIQUINA,nutricion y desarrollo infantil,controles nuevos en ninos menores de 2 anos,2006-12-01,9,9,4,13
SAN PEDRO(PND),nutricion y desarrollo infantil,controles nuevos en ninos menores de 2 anos,2006-12-01,2,2,0,2
SAN RAFAEL,nutricion y desarrollo infantil,controles nuevos en ninos menores de 2 anos,2006-12-01,9,9,4,13
SAN RAMON,nutricion y desarrollo infantil,controles nuevos en ninos menores de 2 anos,2006-12-01,3,3,4,7
SAN RAMON,nutricion y desarrollo infantil,controles nuevos en ninos menores de 2 anos,2006-12-01,1,1,5,6
SANTA ANA,nutricion y desarrollo infantil,controles nuevos en ninos menores de 2 anos,2006-12-01,63,63,40,103
SANTA CRUZ DE LA SIERRA,nutricion y desarrollo infantil,controles nuevos en ninos menores de 2 anos,2006-12-01,1667,1667,1518,3185
SANTA ROSA,nutricion y desarrollo infantil,controles nuevos en ninos menores de 2 anos,2006-12-01,18,18,13,31
SANTA ROSA DEL SARA,nutricion y desarrollo infantil,controles nuevos en ninos menores de 2 anos,2006-12-01,12,12,13,25
SANTIAGO DE CALLAPA,nutricion y desarrollo infantil,controles nuevos en ninos menores de 2 anos,2006-12-01,2,2,0,2
SANTIAGO DE HUARI,nutricion y desarrollo infantil,controles nuevos en ninos menores de 2 anos,2006-12-01,12,12,11,23
SANTIAGO DE MACHACA,nutricion y desarrollo infantil,controles nuevos en ninos menores de 2 anos,2006-12-01,2,2,3,5
SANTIVAÑES,nutricion y desarrollo infantil,controles nuevos en ninos menores de 2 anos,2006-12-01,4,4,4,8
SANTUARIO DE QUILLACAS,nutricion y desarrollo infantil,controles nuevos en ninos menores de 2 anos,2006-12-01,1,1,5,6
SAPAHAQUI,nutricion y desarrollo infantil,controles nuevos en ninos menores de 2 anos,2006-12-01,8,8,12,20
SENA,nutricion y desarrollo infantil,controles nuevos en ninos menores de 2 anos,2006-12-01,9,9,10,19
SICA SICA (VILLA AROMA),nutricion y desarrollo infantil,controles nuevos en ninos menores de 2 anos,2006-12-01,19,19,11,30
SICAYA,nutricion y desarrollo infantil,controles nuevos en ninos menores de 2 anos,2006-12-01,1,1,0,1
SIPE SIPE,nutricion y desarrollo infantil,controles nuevos en ninos menores de 2 anos,2006-12-01,89,89,53,142
SOPACHUY,nutricion y desarrollo infantil,controles nuevos en ninos menores de 2 anos,2006-12-01,5,5,5,10
SORACACHI,nutricion y desarrollo infantil,controles nuevos en ninos menores de 2 anos,2006-12-01,24,24,19,43
SORATA,nutricion y desarrollo infantil,controles nuevos en ninos menores de 2 anos,2006-12-01,43,43,24,67
SUCRE,nutricion y desarrollo infantil,controles nuevos en ninos menores de 2 anos,2006-12-01,231,231,216,447
TACACHI,nutricion y desarrollo infantil,controles nuevos en ninos menores de 2 anos,2006-12-01,2,2,0,2
TACACOMA,nutricion y desarrollo infantil,controles nuevos en ninos menores de 2 anos,2006-12-01,3,3,6,9
TACOBAMBA,nutricion y desarrollo infantil,controles nuevos en ninos menores de 2 anos,2006-12-01,11,11,11,22
TACOPAYA,nutricion y desarrollo infantil,controles nuevos en ninos menores de 2 anos,2006-12-01,20,20,14,34
TAPACARI,nutricion y desarrollo infantil,controles nuevos en ninos menores de 2 anos,2006-12-01,35,35,25,60
TARABUCO,nutricion y desarrollo infantil,controles nuevos en ninos menores de 2 anos,2006-12-01,18,18,14,32
TARACO,nutricion y desarrollo infantil,controles nuevos en ninos menores de 2 anos,2006-12-01,8,8,5,13
TARATA,nutricion y desarrollo infantil,controles nuevos en ninos menores de 2 anos,2006-12-01,28,28,25,53
TARIJA,nutricion y desarrollo infantil,controles nuevos en ninos menores de 2 anos,2006-12-01,538,538,451,989
TARVITA,nutricion y desarrollo infantil,controles nuevos en ninos menores de 2 anos,2006-12-01,4,4,4,8
TEOPONTE,nutricion y desarrollo infantil,controles nuevos en ninos menores de 2 anos,2006-12-01,6,6,5,11
TIAWANACU,nutricion y desarrollo infantil,controles nuevos en ninos menores de 2 anos,2006-12-01,16,16,11,27
TINGUIPAYA,nutricion y desarrollo infantil,controles nuevos en ninos menores de 2 anos,2006-12-01,22,22,16,38
TIPUANI,nutricion y desarrollo infantil,controles nuevos en ninos menores de 2 anos,2006-12-01,9,9,8,17
TIQUIPAYA,nutricion y desarrollo infantil,controles nuevos en ninos menores de 2 anos,2006-12-01,235,235,221,456
TIRAQUE (CBBA),nutricion y desarrollo infantil,controles nuevos en ninos menores de 2 anos,2006-12-01,115,115,102,217
TITO YUPANQUI (PARQUIPUJIO),nutricion y desarrollo infantil,controles nuevos en ninos menores de 2 anos,2006-12-01,3,3,0,3
TOCO,nutricion y desarrollo infantil,controles nuevos en ninos menores de 2 anos,2006-12-01,5,5,8,13
TOLATA,nutricion y desarrollo infantil,controles nuevos en ninos menores de 2 anos,2006-12-01,25,25,34,59
TOLEDO,nutricion y desarrollo infantil,controles nuevos en ninos menores de 2 anos,2006-12-01,13,13,9,22
TOMAVE,nutricion y desarrollo infantil,controles nuevos en ninos menores de 2 anos,2006-12-01,7,7,12,19
TOMINA,nutricion y desarrollo infantil,controles nuevos en ninos menores de 2 anos,2006-12-01,8,8,5,13
TORO TORO,nutricion y desarrollo infantil,controles nuevos en ninos menores de 2 anos,2006-12-01,17,17,10,27
TOTORA(CBBA),nutricion y desarrollo infantil,controles nuevos en ninos menores de 2 anos,2006-12-01,76,76,70,146
TOTORA(ORR),nutricion y desarrollo infantil,controles nuevos en ninos menores de 2 anos,2006-12-01,15,15,16,31
TRINIDAD,nutricion y desarrollo infantil,controles nuevos en ninos menores de 2 anos,2006-12-01,448,448,465,913
TUPIZA,nutricion y desarrollo infantil,controles nuevos en ninos menores de 2 anos,2006-12-01,68,68,72,140
TURCO,nutricion y desarrollo infantil,controles nuevos en ninos menores de 2 anos,2006-12-01,4,4,6,10
UMALA,nutricion y desarrollo infantil,controles nuevos en ninos menores de 2 anos,2006-12-01,3,3,5,8
UNCIA,nutricion y desarrollo infantil,controles nuevos en ninos menores de 2 anos,2006-12-01,29,29,20,49
URIONDO (A. CONCEPCION),nutricion y desarrollo infantil,controles nuevos en ninos menores de 2 anos,2006-12-01,15,15,6,21
URUBICHA,nutricion y desarrollo infantil,controles nuevos en ninos menores de 2 anos,2006-12-01,12,12,15,27
UYUNI,nutricion y desarrollo infantil,controles nuevos en ninos menores de 2 anos,2006-12-01,23,23,26,49
VACAS,nutricion y desarrollo infantil,controles nuevos en ninos menores de 2 anos,2006-12-01,18,18,12,30
VALLEGRANDE,nutricion y desarrollo infantil,controles nuevos en ninos menores de 2 anos,2006-12-01,15,15,8,23
VIACHA,nutricion y desarrollo infantil,controles nuevos en ninos menores de 2 anos,2006-12-01,45,45,55,100
VILA VILA,nutricion y desarrollo infantil,controles nuevos en ninos menores de 2 anos,2006-12-01,1,1,9,10
VILLA MONTES,nutricion y desarrollo infantil,controles nuevos en ninos menores de 2 anos,2006-12-01,45,45,38,83
VILLA NUEVA (LOMA ALTA),nutricion y desarrollo infantil,controles nuevos en ninos menores de 2 anos,2006-12-01,8,8,13,21
VILLA RIVERO,nutricion y desarrollo infantil,controles nuevos en ninos menores de 2 anos,2006-12-01,27,27,31,58
VILLA SERRANO,nutricion y desarrollo infantil,controles nuevos en ninos menores de 2 anos,2006-12-01,8,8,13,21
VILLA TUNARI,nutricion y desarrollo infantil,controles nuevos en ninos menores de 2 anos,2006-12-01,155,155,152,307
VILLA VACA GUZMAN (MUYUPAMPA),nutricion y desarrollo infantil,controles nuevos en ninos menores de 2 anos,2006-12-01,12,12,4,16
VILLAZON,nutricion y desarrollo infantil,controles nuevos en ninos menores de 2 anos,2006-12-01,34,34,30,64
VINTO,nutricion y desarrollo infantil,controles nuevos en ninos menores de 2 anos,2006-12-01,61,61,62,123
VITICHI,nutricion y desarrollo infantil,controles nuevos en ninos menores de 2 anos,2006-12-01,9,9,7,16
WALDO BALLIVIAN,nutricion y desarrollo infantil,controles nuevos en ninos menores de 2 anos,2006-12-01,1,1,3,4
WARNES,nutricion y desarrollo infantil,controles nuevos en ninos menores de 2 anos,2006-12-01,134,134,131,265
YACO,nutricion y desarrollo infantil,controles nuevos en ninos menores de 2 anos,2006-12-01,8,8,7,15
YACUIBA,nutricion y desarrollo infantil,controles nuevos en ninos menores de 2 anos,2006-12-01,97,97,57,154
YAMPARAEZ,nutricion y desarrollo infantil,controles nuevos en ninos menores de 2 anos,2006-12-01,5,5,7,12
YANACACHI,nutricion y desarrollo infantil,controles nuevos en ninos menores de 2 anos,2006-12-01,3,3,6,9
YAPACANI,nutricion y desarrollo infantil,controles nuevos en ninos menores de 2 anos,2006-12-01,31,31,29,60
YOCALLA,nutricion y desarrollo infantil,controles nuevos en ninos menores de 2 anos,2006-12-01,2,2,10,12
YOTALA,nutricion y desarrollo infantil,controles nuevos en ninos menores de 2 anos,2006-12-01,3,3,10,13
YUNCHARA,nutricion y desarrollo infantil,controles nuevos en ninos menores de 2 anos,2006-12-01,5,5,4,9
ZUDAÑEZ,nutricion y desarrollo infantil,controles nuevos en ninos menores de 2 anos,2006-12-01,9,9,14,23
