municipality,group,variable,month,Controles repetidos en niños menores de 2 años NUEVO,TOTAL-NUEVO,TOTAL-REPETIDO,TOTAL
ACACIO,nutricion y desarrollo infantil,controles repetidos en ninos menores de 2 anos,2006-01-01,62,62,65,127
ACHACACHI,nutricion y desarrollo infantil,controles repetidos en ninos menores de 2 anos,2006-01-01,322,322,368,690
ACHOCALLA,nutricion y desarrollo infantil,controles repetidos en ninos menores de 2 anos,2006-01-01,36,36,29,65
AIQUILE,nutricion y desarrollo infantil,controles repetidos en ninos menores de 2 anos,2006-01-01,80,80,53,133
ALALAY,nutricion y desarrollo infantil,controles repetidos en ninos menores de 2 anos,2006-01-01,12,12,9,21
ANCORAIMES,nutricion y desarrollo infantil,controles repetidos en ninos menores de 2 anos,2006-01-01,120,120,114,234
ANDAMARCA,nutricion y desarrollo infantil,controles repetidos en ninos menores de 2 anos,2006-01-01,10,10,4,14
ANTEQUERA,nutricion y desarrollo infantil,controles repetidos en ninos menores de 2 anos,2006-01-01,16,16,9,25
ANZALDO,nutricion y desarrollo infantil,controles repetidos en ninos menores de 2 anos,2006-01-01,2,2,2,4
APOLO,nutricion y desarrollo infantil,controles repetidos en ninos menores de 2 anos,2006-01-01,79,79,80,159
ARAMPAMPA,nutricion y desarrollo infantil,controles repetidos en ninos menores de 2 anos,2006-01-01,39,39,53,92
ARANI,nutricion y desarrollo infantil,controles repetidos en ninos menores de 2 anos,2006-01-01,20,20,36,56
ARBIETO,nutricion y desarrollo infantil,controles repetidos en ninos menores de 2 anos,2006-01-01,30,30,11,41
ARQUE,nutricion y desarrollo infantil,controles repetidos en ninos menores de 2 anos,2006-01-01,57,57,59,116
ATOCHA,nutricion y desarrollo infantil,controles repetidos en ninos menores de 2 anos,2006-01-01,120,120,121,241
AUCAPATA,nutricion y desarrollo infantil,controles repetidos en ninos menores de 2 anos,2006-01-01,27,27,26,53
AYATA,nutricion y desarrollo infantil,controles repetidos en ninos menores de 2 anos,2006-01-01,92,92,74,166
AYO AYO,nutricion y desarrollo infantil,controles repetidos en ninos menores de 2 anos,2006-01-01,40,40,32,72
AYOPAYA (V. DE INDEPENDENCIA),nutricion y desarrollo infantil,controles repetidos en ninos menores de 2 anos,2006-01-01,123,123,118,241
BATALLAS,nutricion y desarrollo infantil,controles repetidos en ninos menores de 2 anos,2006-01-01,84,84,82,166
BAURES,nutricion y desarrollo infantil,controles repetidos en ninos menores de 2 anos,2006-01-01,29,29,35,64
BELEN DE ANDAMARCA,nutricion y desarrollo infantil,controles repetidos en ninos menores de 2 anos,2006-01-01,3,3,0,3
BELEN DE URMIRI,nutricion y desarrollo infantil,controles repetidos en ninos menores de 2 anos,2006-01-01,18,18,17,35
BELLA FLOR,nutricion y desarrollo infantil,controles repetidos en ninos menores de 2 anos,2006-01-01,30,30,35,65
BERMEJO,nutricion y desarrollo infantil,controles repetidos en ninos menores de 2 anos,2006-01-01,34,34,46,80
BETANZOS,nutricion y desarrollo infantil,controles repetidos en ninos menores de 2 anos,2006-01-01,302,302,287,589
BOLIVAR,nutricion y desarrollo infantil,controles repetidos en ninos menores de 2 anos,2006-01-01,87,87,91,178
BOLPEBRA,nutricion y desarrollo infantil,controles repetidos en ninos menores de 2 anos,2006-01-01,16,16,19,35
BOYUIBE,nutricion y desarrollo infantil,controles repetidos en ninos menores de 2 anos,2006-01-01,42,42,35,77
BUENA VISTA,nutricion y desarrollo infantil,controles repetidos en ninos menores de 2 anos,2006-01-01,188,188,189,377
CABEZAS,nutricion y desarrollo infantil,controles repetidos en ninos menores de 2 anos,2006-01-01,102,102,105,207
CAIROMA,nutricion y desarrollo infantil,controles repetidos en ninos menores de 2 anos,2006-01-01,121,121,129,250
"CAIZA ""D""",nutricion y desarrollo infantil,controles repetidos en ninos menores de 2 anos,2006-01-01,41,41,52,93
CAJUATA,nutricion y desarrollo infantil,controles repetidos en ninos menores de 2 anos,2006-01-01,52,52,51,103
CALACOTO,nutricion y desarrollo infantil,controles repetidos en ninos menores de 2 anos,2006-01-01,12,12,9,21
CALAMARCA,nutricion y desarrollo infantil,controles repetidos en ninos menores de 2 anos,2006-01-01,193,193,195,388
CAMIRI,nutricion y desarrollo infantil,controles repetidos en ninos menores de 2 anos,2006-01-01,172,172,167,339
CAPINOTA,nutricion y desarrollo infantil,controles repetidos en ninos menores de 2 anos,2006-01-01,85,85,91,176
CAQUIAVIRI,nutricion y desarrollo infantil,controles repetidos en ninos menores de 2 anos,2006-01-01,26,26,36,62
CARACOLLO,nutricion y desarrollo infantil,controles repetidos en ninos menores de 2 anos,2006-01-01,66,66,54,120
CARANAVI,nutricion y desarrollo infantil,controles repetidos en ninos menores de 2 anos,2006-01-01,402,402,361,763
CARAPARI,nutricion y desarrollo infantil,controles repetidos en ninos menores de 2 anos,2006-01-01,92,92,103,195
CARIPUYO,nutricion y desarrollo infantil,controles repetidos en ninos menores de 2 anos,2006-01-01,94,94,87,181
CARMEN RIVERO TORREZ,nutricion y desarrollo infantil,controles repetidos en ninos menores de 2 anos,2006-01-01,25,25,18,43
CHACARILLA,nutricion y desarrollo infantil,controles repetidos en ninos menores de 2 anos,2006-01-01,7,7,3,10
CHALLAPATA,nutricion y desarrollo infantil,controles repetidos en ninos menores de 2 anos,2006-01-01,65,65,66,131
CHAQUI,nutricion y desarrollo infantil,controles repetidos en ninos menores de 2 anos,2006-01-01,60,60,49,109
CHARAGUA,nutricion y desarrollo infantil,controles repetidos en ninos menores de 2 anos,2006-01-01,228,228,240,468
CHARAÑA,nutricion y desarrollo infantil,controles repetidos en ninos menores de 2 anos,2006-01-01,17,17,17,34
CHAYANTA,nutricion y desarrollo infantil,controles repetidos en ninos menores de 2 anos,2006-01-01,114,114,93,207
CHIMORE,nutricion y desarrollo infantil,controles repetidos en ninos menores de 2 anos,2006-01-01,52,52,57,109
CHIPAYA,nutricion y desarrollo infantil,controles repetidos en ninos menores de 2 anos,2006-01-01,15,15,13,28
CHOQUE COTA,nutricion y desarrollo infantil,controles repetidos en ninos menores de 2 anos,2006-01-01,6,6,8,14
CHULUMANI (V. DE LA LIBERTAD),nutricion y desarrollo infantil,controles repetidos en ninos menores de 2 anos,2006-01-01,26,26,27,53
CHUMA,nutricion y desarrollo infantil,controles repetidos en ninos menores de 2 anos,2006-01-01,63,63,56,119
CLIZA,nutricion y desarrollo infantil,controles repetidos en ninos menores de 2 anos,2006-01-01,97,97,85,182
COBIJA,nutricion y desarrollo infantil,controles repetidos en ninos menores de 2 anos,2006-01-01,369,369,318,687
COCHABAMBA,nutricion y desarrollo infantil,controles repetidos en ninos menores de 2 anos,2006-01-01,1908,1908,1545,3453
COLCAPIRHUA,nutricion y desarrollo infantil,controles repetidos en ninos menores de 2 anos,2006-01-01,111,111,96,207
"COLCHA ""K""",nutricion y desarrollo infantil,controles repetidos en ninos menores de 2 anos,2006-01-01,57,57,60,117
COLLANA,nutricion y desarrollo infantil,controles repetidos en ninos menores de 2 anos,2006-01-01,13,13,0,13
COLOMI,nutricion y desarrollo infantil,controles repetidos en ninos menores de 2 anos,2006-01-01,60,60,43,103
COLPA BELGICA,nutricion y desarrollo infantil,controles repetidos en ninos menores de 2 anos,2006-01-01,60,60,44,104
COLQUECHACA,nutricion y desarrollo infantil,controles repetidos en ninos menores de 2 anos,2006-01-01,225,225,210,435
COLQUENCHA,nutricion y desarrollo infantil,controles repetidos en ninos menores de 2 anos,2006-01-01,51,51,54,105
COMANCHE,nutricion y desarrollo infantil,controles repetidos en ninos menores de 2 anos,2006-01-01,3,3,6,9
COMARAPA,nutricion y desarrollo infantil,controles repetidos en ninos menores de 2 anos,2006-01-01,165,165,164,329
CONCEPCION,nutricion y desarrollo infantil,controles repetidos en ninos menores de 2 anos,2006-01-01,76,76,76,152
COPACABANA,nutricion y desarrollo infantil,controles repetidos en ninos menores de 2 anos,2006-01-01,98,98,88,186
CORIPATA,nutricion y desarrollo infantil,controles repetidos en ninos menores de 2 anos,2006-01-01,113,113,83,196
CORO CORO,nutricion y desarrollo infantil,controles repetidos en ninos menores de 2 anos,2006-01-01,50,50,47,97
COROICO,nutricion y desarrollo infantil,controles repetidos en ninos menores de 2 anos,2006-01-01,39,39,20,59
CORQUE,nutricion y desarrollo infantil,controles repetidos en ninos menores de 2 anos,2006-01-01,14,14,10,24
COTAGAITA,nutricion y desarrollo infantil,controles repetidos en ninos menores de 2 anos,2006-01-01,223,223,213,436
COTOCA,nutricion y desarrollo infantil,controles repetidos en ninos menores de 2 anos,2006-01-01,307,307,280,587
CUATRO CAÑADAS,nutricion y desarrollo infantil,controles repetidos en ninos menores de 2 anos,2006-01-01,77,77,65,142
CUCHUMUELA (V. G. VILLARROEL),nutricion y desarrollo infantil,controles repetidos en ninos menores de 2 anos,2006-01-01,20,20,6,26
CUEVO,nutricion y desarrollo infantil,controles repetidos en ninos menores de 2 anos,2006-01-01,30,30,49,79
CURAHUARA DE CARANGAS,nutricion y desarrollo infantil,controles repetidos en ninos menores de 2 anos,2006-01-01,31,31,29,60
CURVA,nutricion y desarrollo infantil,controles repetidos en ninos menores de 2 anos,2006-01-01,18,18,11,29
DESAGUADERO,nutricion y desarrollo infantil,controles repetidos en ninos menores de 2 anos,2006-01-01,29,29,33,62
EL ALTO,nutricion y desarrollo infantil,controles repetidos en ninos menores de 2 anos,2006-01-01,3156,3156,2707,5863
EL CHORO,nutricion y desarrollo infantil,controles repetidos en ninos menores de 2 anos,2006-01-01,16,16,10,26
EL PUENTE(TJA),nutricion y desarrollo infantil,controles repetidos en ninos menores de 2 anos,2006-01-01,64,64,49,113
EL TORNO,nutricion y desarrollo infantil,controles repetidos en ninos menores de 2 anos,2006-01-01,190,190,185,375
ENTRE RIOS,nutricion y desarrollo infantil,controles repetidos en ninos menores de 2 anos,2006-01-01,209,209,151,360
ENTRE RIOS,nutricion y desarrollo infantil,controles repetidos en ninos menores de 2 anos,2006-01-01,132,132,144,276
ESCARA,nutricion y desarrollo infantil,controles repetidos en ninos menores de 2 anos,2006-01-01,0,0,1,1
EUCALIPTUS,nutricion y desarrollo infantil,controles repetidos en ninos menores de 2 anos,2006-01-01,52,52,36,88
EUREKA (SANTOS MERCADO),nutricion y desarrollo infantil,controles repetidos en ninos menores de 2 anos,2006-01-01,12,12,25,37
EXALTACION,nutricion y desarrollo infantil,controles repetidos en ninos menores de 2 anos,2006-01-01,15,15,16,31
FERNANDEZ ALONSO,nutricion y desarrollo infantil,controles repetidos en ninos menores de 2 anos,2006-01-01,175,175,157,332
FILADELFIA,nutricion y desarrollo infantil,controles repetidos en ninos menores de 2 anos,2006-01-01,15,15,17,32
GENERAL SAAVEDRA,nutricion y desarrollo infantil,controles repetidos en ninos menores de 2 anos,2006-01-01,116,116,102,218
GRAL. J.J. PEREZ (CHARAZANI),nutricion y desarrollo infantil,controles repetidos en ninos menores de 2 anos,2006-01-01,60,60,67,127
GUANAY,nutricion y desarrollo infantil,controles repetidos en ninos menores de 2 anos,2006-01-01,89,89,64,153
GUAQUI,nutricion y desarrollo infantil,controles repetidos en ninos menores de 2 anos,2006-01-01,40,40,32,72
GUAYARAMERIN,nutricion y desarrollo infantil,controles repetidos en ninos menores de 2 anos,2006-01-01,367,367,391,758
GUTIERREZ,nutricion y desarrollo infantil,controles repetidos en ninos menores de 2 anos,2006-01-01,118,118,140,258
HUACHACALLA,nutricion y desarrollo infantil,controles repetidos en ninos menores de 2 anos,2006-01-01,5,5,3,8
HUANUNI,nutricion y desarrollo infantil,controles repetidos en ninos menores de 2 anos,2006-01-01,29,29,24,53
HUARACAJE,nutricion y desarrollo infantil,controles repetidos en ninos menores de 2 anos,2006-01-01,32,32,39,71
HUAYLLAMARCA,nutricion y desarrollo infantil,controles repetidos en ninos menores de 2 anos,2006-01-01,17,17,10,27
INGAVI (HUMAITA),nutricion y desarrollo infantil,controles repetidos en ninos menores de 2 anos,2006-01-01,1,1,3,4
IRUPANA (VILLA DE LANZA),nutricion y desarrollo infantil,controles repetidos en ninos menores de 2 anos,2006-01-01,144,144,127,271
IXIAMAS,nutricion y desarrollo infantil,controles repetidos en ninos menores de 2 anos,2006-01-01,93,93,63,156
JESUS DE MACHACA,nutricion y desarrollo infantil,controles repetidos en ninos menores de 2 anos,2006-01-01,68,68,70,138
LA ASUNTA,nutricion y desarrollo infantil,controles repetidos en ninos menores de 2 anos,2006-01-01,49,49,55,104
LA GUARDIA,nutricion y desarrollo infantil,controles repetidos en ninos menores de 2 anos,2006-01-01,325,325,302,627
LA PAZ,nutricion y desarrollo infantil,controles repetidos en ninos menores de 2 anos,2006-01-01,3013,3013,2896,5909
LAGUNILLAS,nutricion y desarrollo infantil,controles repetidos en ninos menores de 2 anos,2006-01-01,70,70,64,134
LAJA,nutricion y desarrollo infantil,controles repetidos en ninos menores de 2 anos,2006-01-01,99,99,104,203
LLALLAGUA,nutricion y desarrollo infantil,controles repetidos en ninos menores de 2 anos,2006-01-01,219,219,223,442
LLICA,nutricion y desarrollo infantil,controles repetidos en ninos menores de 2 anos,2006-01-01,13,13,18,31
LORETO,nutricion y desarrollo infantil,controles repetidos en ninos menores de 2 anos,2006-01-01,1,1,0,1
LURIBAY,nutricion y desarrollo infantil,controles repetidos en ninos menores de 2 anos,2006-01-01,100,100,77,177
MACHACAMARCA,nutricion y desarrollo infantil,controles repetidos en ninos menores de 2 anos,2006-01-01,18,18,22,40
MAGDALENA,nutricion y desarrollo infantil,controles repetidos en ninos menores de 2 anos,2006-01-01,91,91,89,180
MAIRANA,nutricion y desarrollo infantil,controles repetidos en ninos menores de 2 anos,2006-01-01,71,71,100,171
MALLA,nutricion y desarrollo infantil,controles repetidos en ninos menores de 2 anos,2006-01-01,29,29,33,62
MAPIRI,nutricion y desarrollo infantil,controles repetidos en ninos menores de 2 anos,2006-01-01,140,140,101,241
MECAPACA,nutricion y desarrollo infantil,controles repetidos en ninos menores de 2 anos,2006-01-01,70,70,56,126
MINEROS,nutricion y desarrollo infantil,controles repetidos en ninos menores de 2 anos,2006-01-01,249,249,186,435
MIZQUE,nutricion y desarrollo infantil,controles repetidos en ninos menores de 2 anos,2006-01-01,134,134,109,243
MOCOMOCO,nutricion y desarrollo infantil,controles repetidos en ninos menores de 2 anos,2006-01-01,51,51,54,105
MOJINETE,nutricion y desarrollo infantil,controles repetidos en ninos menores de 2 anos,2006-01-01,6,6,7,13
MONTERO,nutricion y desarrollo infantil,controles repetidos en ninos menores de 2 anos,2006-01-01,908,908,820,1728
MORO MORO,nutricion y desarrollo infantil,controles repetidos en ninos menores de 2 anos,2006-01-01,29,29,18,47
MOROCHATA,nutricion y desarrollo infantil,controles repetidos en ninos menores de 2 anos,2006-01-01,49,49,47,96
NACEBE (SANTA ROSA DEL ABUNA),nutricion y desarrollo infantil,controles repetidos en ninos menores de 2 anos,2006-01-01,16,16,9,25
NAZACARA DE PACAJES,nutricion y desarrollo infantil,controles repetidos en ninos menores de 2 anos,2006-01-01,3,3,1,4
NUEVO MANOA (NUEVA ESPERANZA),nutricion y desarrollo infantil,controles repetidos en ninos menores de 2 anos,2006-01-01,10,10,10,20
OCURI,nutricion y desarrollo infantil,controles repetidos en ninos menores de 2 anos,2006-01-01,182,182,205,387
OKINAWA,nutricion y desarrollo infantil,controles repetidos en ninos menores de 2 anos,2006-01-01,37,37,35,72
OMEREQUE,nutricion y desarrollo infantil,controles repetidos en ninos menores de 2 anos,2006-01-01,61,61,76,137
ORURO,nutricion y desarrollo infantil,controles repetidos en ninos menores de 2 anos,2006-01-01,1024,1024,944,1968
PADCAYA,nutricion y desarrollo infantil,controles repetidos en ninos menores de 2 anos,2006-01-01,131,131,134,265
PAILON,nutricion y desarrollo infantil,controles repetidos en ninos menores de 2 anos,2006-01-01,81,81,51,132
PALCA,nutricion y desarrollo infantil,controles repetidos en ninos menores de 2 anos,2006-01-01,54,54,45,99
PALOS BLANCOS,nutricion y desarrollo infantil,controles repetidos en ninos menores de 2 anos,2006-01-01,262,262,258,520
PAMPA AULLAGAS,nutricion y desarrollo infantil,controles repetidos en ninos menores de 2 anos,2006-01-01,16,16,15,31
PAMPA GRANDE,nutricion y desarrollo infantil,controles repetidos en ninos menores de 2 anos,2006-01-01,73,73,60,133
PAPEL PAMPA,nutricion y desarrollo infantil,controles repetidos en ninos menores de 2 anos,2006-01-01,4,4,13,17
PASORAPA,nutricion y desarrollo infantil,controles repetidos en ninos menores de 2 anos,2006-01-01,41,41,47,88
PATACAMAYA,nutricion y desarrollo infantil,controles repetidos en ninos menores de 2 anos,2006-01-01,151,151,149,300
PAZÑA,nutricion y desarrollo infantil,controles repetidos en ninos menores de 2 anos,2006-01-01,38,38,33,71
PELECHUCO,nutricion y desarrollo infantil,controles repetidos en ninos menores de 2 anos,2006-01-01,18,18,28,46
POCOATA,nutricion y desarrollo infantil,controles repetidos en ninos menores de 2 anos,2006-01-01,132,132,147,279
POCONA,nutricion y desarrollo infantil,controles repetidos en ninos menores de 2 anos,2006-01-01,32,32,39,71
POJO (CBBA),nutricion y desarrollo infantil,controles repetidos en ninos menores de 2 anos,2006-01-01,47,47,53,100
POOPO,nutricion y desarrollo infantil,controles repetidos en ninos menores de 2 anos,2006-01-01,4,4,6,10
PORCO,nutricion y desarrollo infantil,controles repetidos en ninos menores de 2 anos,2006-01-01,48,48,35,83
POROMA,nutricion y desarrollo infantil,controles repetidos en ninos menores de 2 anos,2006-01-01,28,28,13,41
PORONGO,nutricion y desarrollo infantil,controles repetidos en ninos menores de 2 anos,2006-01-01,50,50,48,98
PORTACHUELO,nutricion y desarrollo infantil,controles repetidos en ninos menores de 2 anos,2006-01-01,144,144,115,259
PORVENIR,nutricion y desarrollo infantil,controles repetidos en ninos menores de 2 anos,2006-01-01,34,34,29,63
POSTRER VALLE,nutricion y desarrollo infantil,controles repetidos en ninos menores de 2 anos,2006-01-01,13,13,23,36
POTOSI,nutricion y desarrollo infantil,controles repetidos en ninos menores de 2 anos,2006-01-01,1064,1064,990,2054
PUCARA,nutricion y desarrollo infantil,controles repetidos en ninos menores de 2 anos,2006-01-01,11,11,4,15
PUCARANI,nutricion y desarrollo infantil,controles repetidos en ninos menores de 2 anos,2006-01-01,140,140,132,272
PUERTO ACOSTA,nutricion y desarrollo infantil,controles repetidos en ninos menores de 2 anos,2006-01-01,77,77,81,158
PUERTO CARABUCO,nutricion y desarrollo infantil,controles repetidos en ninos menores de 2 anos,2006-01-01,140,140,116,256
PUERTO GONZALO MORENO,nutricion y desarrollo infantil,controles repetidos en ninos menores de 2 anos,2006-01-01,31,31,24,55
PUERTO PEREZ,nutricion y desarrollo infantil,controles repetidos en ninos menores de 2 anos,2006-01-01,54,54,50,104
PUERTO QUIJARRO,nutricion y desarrollo infantil,controles repetidos en ninos menores de 2 anos,2006-01-01,90,90,107,197
PUERTO RICO,nutricion y desarrollo infantil,controles repetidos en ninos menores de 2 anos,2006-01-01,49,49,37,86
PUERTO SUAREZ,nutricion y desarrollo infantil,controles repetidos en ninos menores de 2 anos,2006-01-01,91,91,87,178
PUERTO VILLARROEL,nutricion y desarrollo infantil,controles repetidos en ninos menores de 2 anos,2006-01-01,143,143,150,293
PUNA,nutricion y desarrollo infantil,controles repetidos en ninos menores de 2 anos,2006-01-01,215,215,200,415
PUNATA,nutricion y desarrollo infantil,controles repetidos en ninos menores de 2 anos,2006-01-01,108,108,120,228
QUIABAYA,nutricion y desarrollo infantil,controles repetidos en ninos menores de 2 anos,2006-01-01,4,4,3,7
QUILLACOLLO,nutricion y desarrollo infantil,controles repetidos en ninos menores de 2 anos,2006-01-01,267,267,266,533
QUIRUSILLAS,nutricion y desarrollo infantil,controles repetidos en ninos menores de 2 anos,2006-01-01,11,11,9,20
RAVELO,nutricion y desarrollo infantil,controles repetidos en ninos menores de 2 anos,2006-01-01,142,142,115,257
REYES,nutricion y desarrollo infantil,controles repetidos en ninos menores de 2 anos,2006-01-01,140,140,140,280
RIBERALTA,nutricion y desarrollo infantil,controles repetidos en ninos menores de 2 anos,2006-01-01,822,822,792,1614
ROBORE,nutricion y desarrollo infantil,controles repetidos en ninos menores de 2 anos,2006-01-01,83,83,75,158
RURRENABAQUE,nutricion y desarrollo infantil,controles repetidos en ninos menores de 2 anos,2006-01-01,138,138,122,260
SABAYA,nutricion y desarrollo infantil,controles repetidos en ninos menores de 2 anos,2006-01-01,19,19,8,27
SACABA,nutricion y desarrollo infantil,controles repetidos en ninos menores de 2 anos,2006-01-01,247,247,218,465
SACABAMBA,nutricion y desarrollo infantil,controles repetidos en ninos menores de 2 anos,2006-01-01,14,14,12,26
SACACA,nutricion y desarrollo infantil,controles repetidos en ninos menores de 2 anos,2006-01-01,163,163,147,310
SAIPINA,nutricion y desarrollo infantil,controles repetidos en ninos menores de 2 anos,2006-01-01,57,57,66,123
SALINAS DE GARCI MENDOZA,nutricion y desarrollo infantil,controles repetidos en ninos menores de 2 anos,2006-01-01,49,49,47,96
SAMAIPATA,nutricion y desarrollo infantil,controles repetidos en ninos menores de 2 anos,2006-01-01,94,94,82,176
SAN AGUSTIN,nutricion y desarrollo infantil,controles repetidos en ninos menores de 2 anos,2006-01-01,15,15,14,29
SAN ANDRES,nutricion y desarrollo infantil,controles repetidos en ninos menores de 2 anos,2006-01-01,66,66,54,120
SAN ANDRES DE MACHACA,nutricion y desarrollo infantil,controles repetidos en ninos menores de 2 anos,2006-01-01,20,20,20,40
SAN ANTONIO DE ESMORUCO,nutricion y desarrollo infantil,controles repetidos en ninos menores de 2 anos,2006-01-01,9,9,8,17
SAN ANTONIO DE LOMERIO,nutricion y desarrollo infantil,controles repetidos en ninos menores de 2 anos,2006-01-01,111,111,113,224
SAN BENITO,nutricion y desarrollo infantil,controles repetidos en ninos menores de 2 anos,2006-01-01,67,67,63,130
SAN BORJA,nutricion y desarrollo infantil,controles repetidos en ninos menores de 2 anos,2006-01-01,286,286,287,573
SAN BUENA VENTURA,nutricion y desarrollo infantil,controles repetidos en ninos menores de 2 anos,2006-01-01,78,78,78,156
SAN CARLOS,nutricion y desarrollo infantil,controles repetidos en ninos menores de 2 anos,2006-01-01,236,236,203,439
SAN IGNACIO,nutricion y desarrollo infantil,controles repetidos en ninos menores de 2 anos,2006-01-01,190,190,156,346
SAN IGNACIO DE VELASCO,nutricion y desarrollo infantil,controles repetidos en ninos menores de 2 anos,2006-01-01,627,627,585,1212
SAN JAVIER(BNI),nutricion y desarrollo infantil,controles repetidos en ninos menores de 2 anos,2006-01-01,12,12,22,34
SAN JAVIER(STC),nutricion y desarrollo infantil,controles repetidos en ninos menores de 2 anos,2006-01-01,90,90,95,185
SAN JOAQUIN,nutricion y desarrollo infantil,controles repetidos en ninos menores de 2 anos,2006-01-01,5,5,4,9
SAN JOSE DE CHIQUITOS,nutricion y desarrollo infantil,controles repetidos en ninos menores de 2 anos,2006-01-01,97,97,93,190
SAN JUAN DE YAPACANI,nutricion y desarrollo infantil,controles repetidos en ninos menores de 2 anos,2006-01-01,134,134,108,242
SAN JULIAN,nutricion y desarrollo infantil,controles repetidos en ninos menores de 2 anos,2006-01-01,119,119,115,234
SAN LORENZO(PND),nutricion y desarrollo infantil,controles repetidos en ninos menores de 2 anos,2006-01-01,41,41,36,77
SAN LORENZO(TJA),nutricion y desarrollo infantil,controles repetidos en ninos menores de 2 anos,2006-01-01,165,165,170,335
SAN MATIAS,nutricion y desarrollo infantil,controles repetidos en ninos menores de 2 anos,2006-01-01,72,72,75,147
SAN MIGUEL DE VELASCO,nutricion y desarrollo infantil,controles repetidos en ninos menores de 2 anos,2006-01-01,96,96,88,184
SAN PABLO DE LIPEZ,nutricion y desarrollo infantil,controles repetidos en ninos menores de 2 anos,2006-01-01,14,14,13,27
SAN PEDRO,nutricion y desarrollo infantil,controles repetidos en ninos menores de 2 anos,2006-01-01,142,142,140,282
SAN PEDRO DE BUENA VISTA,nutricion y desarrollo infantil,controles repetidos en ninos menores de 2 anos,2006-01-01,107,107,90,197
SAN PEDRO DE CURAHUARA,nutricion y desarrollo infantil,controles repetidos en ninos menores de 2 anos,2006-01-01,34,34,35,69
SAN PEDRO DE QUEMES,nutricion y desarrollo infantil,controles repetidos en ninos menores de 2 anos,2006-01-01,0,0,2,2
SAN PEDRO DE TIQUINA,nutricion y desarrollo infantil,controles repetidos en ninos menores de 2 anos,2006-01-01,28,28,33,61
SAN RAFAEL,nutricion y desarrollo infantil,controles repetidos en ninos menores de 2 anos,2006-01-01,62,62,59,121
SAN RAMON,nutricion y desarrollo infantil,controles repetidos en ninos menores de 2 anos,2006-01-01,5,5,7,12
SAN RAMON,nutricion y desarrollo infantil,controles repetidos en ninos menores de 2 anos,2006-01-01,66,66,75,141
SANTA ANA,nutricion y desarrollo infantil,controles repetidos en ninos menores de 2 anos,2006-01-01,194,194,158,352
SANTA CRUZ DE LA SIERRA,nutricion y desarrollo infantil,controles repetidos en ninos menores de 2 anos,2006-01-01,3487,3487,3169,6656
SANTA ROSA,nutricion y desarrollo infantil,controles repetidos en ninos menores de 2 anos,2006-01-01,65,65,80,145
SANTA ROSA DEL SARA,nutricion y desarrollo infantil,controles repetidos en ninos menores de 2 anos,2006-01-01,111,111,105,216
SANTIAGO DE CALLAPA,nutricion y desarrollo infantil,controles repetidos en ninos menores de 2 anos,2006-01-01,20,20,30,50
SANTIAGO DE HUARI,nutricion y desarrollo infantil,controles repetidos en ninos menores de 2 anos,2006-01-01,45,45,54,99
SANTIAGO DE MACHACA,nutricion y desarrollo infantil,controles repetidos en ninos menores de 2 anos,2006-01-01,21,21,8,29
SANTIVAÑES,nutricion y desarrollo infantil,controles repetidos en ninos menores de 2 anos,2006-01-01,60,60,53,113
SANTUARIO DE QUILLACAS,nutricion y desarrollo infantil,controles repetidos en ninos menores de 2 anos,2006-01-01,13,13,10,23
SAPAHAQUI,nutricion y desarrollo infantil,controles repetidos en ninos menores de 2 anos,2006-01-01,81,81,61,142
SENA,nutricion y desarrollo infantil,controles repetidos en ninos menores de 2 anos,2006-01-01,51,51,64,115
SICA SICA (VILLA AROMA),nutricion y desarrollo infantil,controles repetidos en ninos menores de 2 anos,2006-01-01,159,159,145,304
SICAYA,nutricion y desarrollo infantil,controles repetidos en ninos menores de 2 anos,2006-01-01,27,27,12,39
SIPE SIPE,nutricion y desarrollo infantil,controles repetidos en ninos menores de 2 anos,2006-01-01,138,138,103,241
SORACACHI,nutricion y desarrollo infantil,controles repetidos en ninos menores de 2 anos,2006-01-01,23,23,29,52
SORATA,nutricion y desarrollo infantil,controles repetidos en ninos menores de 2 anos,2006-01-01,97,97,81,178
TACACOMA,nutricion y desarrollo infantil,controles repetidos en ninos menores de 2 anos,2006-01-01,32,32,27,59
TACOBAMBA,nutricion y desarrollo infantil,controles repetidos en ninos menores de 2 anos,2006-01-01,50,50,46,96
TACOPAYA,nutricion y desarrollo infantil,controles repetidos en ninos menores de 2 anos,2006-01-01,55,55,71,126
TAHUA,nutricion y desarrollo infantil,controles repetidos en ninos menores de 2 anos,2006-01-01,7,7,4,11
TAPACARI,nutricion y desarrollo infantil,controles repetidos en ninos menores de 2 anos,2006-01-01,137,137,154,291
TARACO,nutricion y desarrollo infantil,controles repetidos en ninos menores de 2 anos,2006-01-01,15,15,19,34
TARATA,nutricion y desarrollo infantil,controles repetidos en ninos menores de 2 anos,2006-01-01,44,44,34,78
TARIJA,nutricion y desarrollo infantil,controles repetidos en ninos menores de 2 anos,2006-01-01,881,881,840,1721
TEOPONTE,nutricion y desarrollo infantil,controles repetidos en ninos menores de 2 anos,2006-01-01,70,70,77,147
TIAWANACU,nutricion y desarrollo infantil,controles repetidos en ninos menores de 2 anos,2006-01-01,77,77,61,138
TINGUIPAYA,nutricion y desarrollo infantil,controles repetidos en ninos menores de 2 anos,2006-01-01,126,126,126,252
TIPUANI,nutricion y desarrollo infantil,controles repetidos en ninos menores de 2 anos,2006-01-01,123,123,83,206
TIQUIPAYA,nutricion y desarrollo infantil,controles repetidos en ninos menores de 2 anos,2006-01-01,32,32,27,59
TIRAQUE (CBBA),nutricion y desarrollo infantil,controles repetidos en ninos menores de 2 anos,2006-01-01,109,109,79,188
TITO YUPANQUI (PARQUIPUJIO),nutricion y desarrollo infantil,controles repetidos en ninos menores de 2 anos,2006-01-01,10,10,15,25
TOCO,nutricion y desarrollo infantil,controles repetidos en ninos menores de 2 anos,2006-01-01,13,13,6,19
TODOS SANTOS,nutricion y desarrollo infantil,controles repetidos en ninos menores de 2 anos,2006-01-01,1,1,0,1
TOLATA,nutricion y desarrollo infantil,controles repetidos en ninos menores de 2 anos,2006-01-01,12,12,7,19
TOLEDO,nutricion y desarrollo infantil,controles repetidos en ninos menores de 2 anos,2006-01-01,26,26,19,45
TOMAVE,nutricion y desarrollo infantil,controles repetidos en ninos menores de 2 anos,2006-01-01,54,54,40,94
TORO TORO,nutricion y desarrollo infantil,controles repetidos en ninos menores de 2 anos,2006-01-01,181,181,161,342
TOTORA(CBBA),nutricion y desarrollo infantil,controles repetidos en ninos menores de 2 anos,2006-01-01,61,61,63,124
TOTORA(ORR),nutricion y desarrollo infantil,controles repetidos en ninos menores de 2 anos,2006-01-01,19,19,13,32
TRIGAL,nutricion y desarrollo infantil,controles repetidos en ninos menores de 2 anos,2006-01-01,19,19,16,35
TRINIDAD,nutricion y desarrollo infantil,controles repetidos en ninos menores de 2 anos,2006-01-01,370,370,342,712
TUPIZA,nutricion y desarrollo infantil,controles repetidos en ninos menores de 2 anos,2006-01-01,342,342,358,700
TURCO,nutricion y desarrollo infantil,controles repetidos en ninos menores de 2 anos,2006-01-01,16,16,22,38
UMALA,nutricion y desarrollo infantil,controles repetidos en ninos menores de 2 anos,2006-01-01,20,20,20,40
UNCIA,nutricion y desarrollo infantil,controles repetidos en ninos menores de 2 anos,2006-01-01,82,82,55,137
URIONDO (A. CONCEPCION),nutricion y desarrollo infantil,controles repetidos en ninos menores de 2 anos,2006-01-01,167,167,153,320
UYUNI,nutricion y desarrollo infantil,controles repetidos en ninos menores de 2 anos,2006-01-01,110,110,108,218
VACAS,nutricion y desarrollo infantil,controles repetidos en ninos menores de 2 anos,2006-01-01,73,73,70,143
VALLEGRANDE,nutricion y desarrollo infantil,controles repetidos en ninos menores de 2 anos,2006-01-01,159,159,135,294
VIACHA,nutricion y desarrollo infantil,controles repetidos en ninos menores de 2 anos,2006-01-01,190,190,157,347
VILA VILA,nutricion y desarrollo infantil,controles repetidos en ninos menores de 2 anos,2006-01-01,5,5,6,11
VILLA MONTES,nutricion y desarrollo infantil,controles repetidos en ninos menores de 2 anos,2006-01-01,232,232,211,443
VILLA NUEVA (LOMA ALTA),nutricion y desarrollo infantil,controles repetidos en ninos menores de 2 anos,2006-01-01,19,19,21,40
VILLA RIVERO,nutricion y desarrollo infantil,controles repetidos en ninos menores de 2 anos,2006-01-01,12,12,32,44
VILLA TUNARI,nutricion y desarrollo infantil,controles repetidos en ninos menores de 2 anos,2006-01-01,267,267,209,476
VILLAZON,nutricion y desarrollo infantil,controles repetidos en ninos menores de 2 anos,2006-01-01,375,375,317,692
VINTO,nutricion y desarrollo infantil,controles repetidos en ninos menores de 2 anos,2006-01-01,128,128,80,208
VITICHI,nutricion y desarrollo infantil,controles repetidos en ninos menores de 2 anos,2006-01-01,118,118,127,245
WALDO BALLIVIAN,nutricion y desarrollo infantil,controles repetidos en ninos menores de 2 anos,2006-01-01,6,6,9,15
WARNES,nutricion y desarrollo infantil,controles repetidos en ninos menores de 2 anos,2006-01-01,367,367,355,722
YACO,nutricion y desarrollo infantil,controles repetidos en ninos menores de 2 anos,2006-01-01,49,49,63,112
YACUIBA,nutricion y desarrollo infantil,controles repetidos en ninos menores de 2 anos,2006-01-01,472,472,456,928
YANACACHI,nutricion y desarrollo infantil,controles repetidos en ninos menores de 2 anos,2006-01-01,22,22,36,58
YAPACANI,nutricion y desarrollo infantil,controles repetidos en ninos menores de 2 anos,2006-01-01,547,547,502,1049
YOCALLA,nutricion y desarrollo infantil,controles repetidos en ninos menores de 2 anos,2006-01-01,35,35,26,61
YUNCHARA,nutricion y desarrollo infantil,controles repetidos en ninos menores de 2 anos,2006-01-01,49,49,49,98
ACACIO,nutricion y desarrollo infantil,controles repetidos en ninos menores de 2 anos,2006-02-01,121,121,120,241
ACHACACHI,nutricion y desarrollo infantil,controles repetidos en ninos menores de 2 anos,2006-02-01,327,327,312,639
ACHOCALLA,nutricion y desarrollo infantil,controles repetidos en ninos menores de 2 anos,2006-02-01,57,57,63,120
AIQUILE,nutricion y desarrollo infantil,controles repetidos en ninos menores de 2 anos,2006-02-01,96,96,78,174
ALALAY,nutricion y desarrollo infantil,controles repetidos en ninos menores de 2 anos,2006-02-01,25,25,12,37
ALCALA,nutricion y desarrollo infantil,controles repetidos en ninos menores de 2 anos,2006-02-01,56,56,55,111
ANCORAIMES,nutricion y desarrollo infantil,controles repetidos en ninos menores de 2 anos,2006-02-01,84,84,71,155
ANDAMARCA,nutricion y desarrollo infantil,controles repetidos en ninos menores de 2 anos,2006-02-01,18,18,19,37
ANTEQUERA,nutricion y desarrollo infantil,controles repetidos en ninos menores de 2 anos,2006-02-01,18,18,16,34
ANZALDO,nutricion y desarrollo infantil,controles repetidos en ninos menores de 2 anos,2006-02-01,5,5,8,13
APOLO,nutricion y desarrollo infantil,controles repetidos en ninos menores de 2 anos,2006-02-01,125,125,107,232
ARAMPAMPA,nutricion y desarrollo infantil,controles repetidos en ninos menores de 2 anos,2006-02-01,64,64,51,115
ARANI,nutricion y desarrollo infantil,controles repetidos en ninos menores de 2 anos,2006-02-01,19,19,25,44
ARBIETO,nutricion y desarrollo infantil,controles repetidos en ninos menores de 2 anos,2006-02-01,28,28,16,44
ARQUE,nutricion y desarrollo infantil,controles repetidos en ninos menores de 2 anos,2006-02-01,82,82,97,179
ASCENCION DE GUARAYOS,nutricion y desarrollo infantil,controles repetidos en ninos menores de 2 anos,2006-02-01,98,98,82,180
ATOCHA,nutricion y desarrollo infantil,controles repetidos en ninos menores de 2 anos,2006-02-01,122,122,124,246
AUCAPATA,nutricion y desarrollo infantil,controles repetidos en ninos menores de 2 anos,2006-02-01,39,39,33,72
AYATA,nutricion y desarrollo infantil,controles repetidos en ninos menores de 2 anos,2006-02-01,91,91,66,157
AYO AYO,nutricion y desarrollo infantil,controles repetidos en ninos menores de 2 anos,2006-02-01,57,57,40,97
AYOPAYA (V. DE INDEPENDENCIA),nutricion y desarrollo infantil,controles repetidos en ninos menores de 2 anos,2006-02-01,195,195,161,356
AZURDUY,nutricion y desarrollo infantil,controles repetidos en ninos menores de 2 anos,2006-02-01,204,204,164,368
BATALLAS,nutricion y desarrollo infantil,controles repetidos en ninos menores de 2 anos,2006-02-01,104,104,99,203
BAURES,nutricion y desarrollo infantil,controles repetidos en ninos menores de 2 anos,2006-02-01,35,35,44,79
BELEN DE ANDAMARCA,nutricion y desarrollo infantil,controles repetidos en ninos menores de 2 anos,2006-02-01,6,6,6,12
BELEN DE URMIRI,nutricion y desarrollo infantil,controles repetidos en ninos menores de 2 anos,2006-02-01,14,14,9,23
BELLA FLOR,nutricion y desarrollo infantil,controles repetidos en ninos menores de 2 anos,2006-02-01,33,33,35,68
BERMEJO,nutricion y desarrollo infantil,controles repetidos en ninos menores de 2 anos,2006-02-01,40,40,43,83
BETANZOS,nutricion y desarrollo infantil,controles repetidos en ninos menores de 2 anos,2006-02-01,231,231,236,467
BOLIVAR,nutricion y desarrollo infantil,controles repetidos en ninos menores de 2 anos,2006-02-01,59,59,69,128
BOLPEBRA,nutricion y desarrollo infantil,controles repetidos en ninos menores de 2 anos,2006-02-01,19,19,17,36
BOYUIBE,nutricion y desarrollo infantil,controles repetidos en ninos menores de 2 anos,2006-02-01,38,38,20,58
BUENA VISTA,nutricion y desarrollo infantil,controles repetidos en ninos menores de 2 anos,2006-02-01,190,190,134,324
CABEZAS,nutricion y desarrollo infantil,controles repetidos en ninos menores de 2 anos,2006-02-01,167,167,157,324
CAIROMA,nutricion y desarrollo infantil,controles repetidos en ninos menores de 2 anos,2006-02-01,166,166,151,317
"CAIZA ""D""",nutricion y desarrollo infantil,controles repetidos en ninos menores de 2 anos,2006-02-01,71,71,58,129
CALACOTO,nutricion y desarrollo infantil,controles repetidos en ninos menores de 2 anos,2006-02-01,24,24,22,46
CALAMARCA,nutricion y desarrollo infantil,controles repetidos en ninos menores de 2 anos,2006-02-01,179,179,158,337
CAMARGO,nutricion y desarrollo infantil,controles repetidos en ninos menores de 2 anos,2006-02-01,155,155,203,358
CAMATAQUI (C. VILLA ABECIA),nutricion y desarrollo infantil,controles repetidos en ninos menores de 2 anos,2006-02-01,23,23,23,46
CAMIRI,nutricion y desarrollo infantil,controles repetidos en ninos menores de 2 anos,2006-02-01,313,313,280,593
CAPINOTA,nutricion y desarrollo infantil,controles repetidos en ninos menores de 2 anos,2006-02-01,52,52,60,112
CAQUIAVIRI,nutricion y desarrollo infantil,controles repetidos en ninos menores de 2 anos,2006-02-01,55,55,53,108
CARACOLLO,nutricion y desarrollo infantil,controles repetidos en ninos menores de 2 anos,2006-02-01,114,114,113,227
CARANAVI,nutricion y desarrollo infantil,controles repetidos en ninos menores de 2 anos,2006-02-01,504,504,439,943
CARAPARI,nutricion y desarrollo infantil,controles repetidos en ninos menores de 2 anos,2006-02-01,115,115,102,217
CARIPUYO,nutricion y desarrollo infantil,controles repetidos en ninos menores de 2 anos,2006-02-01,84,84,81,165
CARMEN RIVERO TORREZ,nutricion y desarrollo infantil,controles repetidos en ninos menores de 2 anos,2006-02-01,28,28,25,53
CATACORA,nutricion y desarrollo infantil,controles repetidos en ninos menores de 2 anos,2006-02-01,5,5,1,6
CHACARILLA,nutricion y desarrollo infantil,controles repetidos en ninos menores de 2 anos,2006-02-01,20,20,17,37
CHALLAPATA,nutricion y desarrollo infantil,controles repetidos en ninos menores de 2 anos,2006-02-01,181,181,185,366
CHAQUI,nutricion y desarrollo infantil,controles repetidos en ninos menores de 2 anos,2006-02-01,64,64,45,109
CHARAGUA,nutricion y desarrollo infantil,controles repetidos en ninos menores de 2 anos,2006-02-01,262,262,254,516
CHARAÑA,nutricion y desarrollo infantil,controles repetidos en ninos menores de 2 anos,2006-02-01,12,12,9,21
CHAYANTA,nutricion y desarrollo infantil,controles repetidos en ninos menores de 2 anos,2006-02-01,133,133,104,237
CHIMORE,nutricion y desarrollo infantil,controles repetidos en ninos menores de 2 anos,2006-02-01,36,36,28,64
CHIPAYA,nutricion y desarrollo infantil,controles repetidos en ninos menores de 2 anos,2006-02-01,13,13,12,25
CHOQUE COTA,nutricion y desarrollo infantil,controles repetidos en ninos menores de 2 anos,2006-02-01,3,3,9,12
CHULUMANI (V. DE LA LIBERTAD),nutricion y desarrollo infantil,controles repetidos en ninos menores de 2 anos,2006-02-01,62,62,60,122
CHUMA,nutricion y desarrollo infantil,controles repetidos en ninos menores de 2 anos,2006-02-01,73,73,63,136
CLIZA,nutricion y desarrollo infantil,controles repetidos en ninos menores de 2 anos,2006-02-01,32,32,18,50
COBIJA,nutricion y desarrollo infantil,controles repetidos en ninos menores de 2 anos,2006-02-01,310,310,276,586
COCHABAMBA,nutricion y desarrollo infantil,controles repetidos en ninos menores de 2 anos,2006-02-01,1473,1473,1338,2811
COIPASA,nutricion y desarrollo infantil,controles repetidos en ninos menores de 2 anos,2006-02-01,0,0,2,2
COLCAPIRHUA,nutricion y desarrollo infantil,controles repetidos en ninos menores de 2 anos,2006-02-01,75,75,102,177
"COLCHA ""K""",nutricion y desarrollo infantil,controles repetidos en ninos menores de 2 anos,2006-02-01,68,68,108,176
COLLANA,nutricion y desarrollo infantil,controles repetidos en ninos menores de 2 anos,2006-02-01,13,13,17,30
COLOMI,nutricion y desarrollo infantil,controles repetidos en ninos menores de 2 anos,2006-02-01,54,54,50,104
COLPA BELGICA,nutricion y desarrollo infantil,controles repetidos en ninos menores de 2 anos,2006-02-01,48,48,38,86
COLQUECHACA,nutricion y desarrollo infantil,controles repetidos en ninos menores de 2 anos,2006-02-01,292,292,296,588
COLQUENCHA,nutricion y desarrollo infantil,controles repetidos en ninos menores de 2 anos,2006-02-01,70,70,54,124
COLQUIRI,nutricion y desarrollo infantil,controles repetidos en ninos menores de 2 anos,2006-02-01,105,105,101,206
COMANCHE,nutricion y desarrollo infantil,controles repetidos en ninos menores de 2 anos,2006-02-01,19,19,14,33
COMARAPA,nutricion y desarrollo infantil,controles repetidos en ninos menores de 2 anos,2006-02-01,115,115,146,261
COMBAYA,nutricion y desarrollo infantil,controles repetidos en ninos menores de 2 anos,2006-02-01,15,15,5,20
CONCEPCION,nutricion y desarrollo infantil,controles repetidos en ninos menores de 2 anos,2006-02-01,114,114,100,214
COPACABANA,nutricion y desarrollo infantil,controles repetidos en ninos menores de 2 anos,2006-02-01,118,118,104,222
CORIPATA,nutricion y desarrollo infantil,controles repetidos en ninos menores de 2 anos,2006-02-01,116,116,80,196
CORO CORO,nutricion y desarrollo infantil,controles repetidos en ninos menores de 2 anos,2006-02-01,75,75,60,135
COROICO,nutricion y desarrollo infantil,controles repetidos en ninos menores de 2 anos,2006-02-01,67,67,48,115
CORQUE,nutricion y desarrollo infantil,controles repetidos en ninos menores de 2 anos,2006-02-01,36,36,23,59
COTAGAITA,nutricion y desarrollo infantil,controles repetidos en ninos menores de 2 anos,2006-02-01,225,225,213,438
COTOCA,nutricion y desarrollo infantil,controles repetidos en ninos menores de 2 anos,2006-02-01,213,213,185,398
CUATRO CAÑADAS,nutricion y desarrollo infantil,controles repetidos en ninos menores de 2 anos,2006-02-01,70,70,55,125
CUCHUMUELA (V. G. VILLARROEL),nutricion y desarrollo infantil,controles repetidos en ninos menores de 2 anos,2006-02-01,37,37,15,52
CUEVO,nutricion y desarrollo infantil,controles repetidos en ninos menores de 2 anos,2006-02-01,28,28,64,92
CULPINA,nutricion y desarrollo infantil,controles repetidos en ninos menores de 2 anos,2006-02-01,230,230,204,434
CURAHUARA DE CARANGAS,nutricion y desarrollo infantil,controles repetidos en ninos menores de 2 anos,2006-02-01,28,28,29,57
CURVA,nutricion y desarrollo infantil,controles repetidos en ninos menores de 2 anos,2006-02-01,20,20,20,40
DESAGUADERO,nutricion y desarrollo infantil,controles repetidos en ninos menores de 2 anos,2006-02-01,20,20,17,37
EL ALTO,nutricion y desarrollo infantil,controles repetidos en ninos menores de 2 anos,2006-02-01,3134,3134,2522,5656
EL CHORO,nutricion y desarrollo infantil,controles repetidos en ninos menores de 2 anos,2006-02-01,14,14,10,24
EL PUENTE(STC),nutricion y desarrollo infantil,controles repetidos en ninos menores de 2 anos,2006-02-01,4,4,4,8
EL PUENTE(TJA),nutricion y desarrollo infantil,controles repetidos en ninos menores de 2 anos,2006-02-01,67,67,75,142
EL TORNO,nutricion y desarrollo infantil,controles repetidos en ninos menores de 2 anos,2006-02-01,190,190,171,361
EL VILLAR,nutricion y desarrollo infantil,controles repetidos en ninos menores de 2 anos,2006-02-01,81,81,80,161
ENTRE RIOS,nutricion y desarrollo infantil,controles repetidos en ninos menores de 2 anos,2006-02-01,209,209,159,368
ENTRE RIOS,nutricion y desarrollo infantil,controles repetidos en ninos menores de 2 anos,2006-02-01,104,104,89,193
ESCARA,nutricion y desarrollo infantil,controles repetidos en ninos menores de 2 anos,2006-02-01,1,1,2,3
EUCALIPTUS,nutricion y desarrollo infantil,controles repetidos en ninos menores de 2 anos,2006-02-01,31,31,28,59
EUREKA (SANTOS MERCADO),nutricion y desarrollo infantil,controles repetidos en ninos menores de 2 anos,2006-02-01,1,1,3,4
EXALTACION,nutricion y desarrollo infantil,controles repetidos en ninos menores de 2 anos,2006-02-01,32,32,22,54
FERNANDEZ ALONSO,nutricion y desarrollo infantil,controles repetidos en ninos menores de 2 anos,2006-02-01,102,102,107,209
FILADELFIA,nutricion y desarrollo infantil,controles repetidos en ninos menores de 2 anos,2006-02-01,27,27,28,55
GENERAL SAAVEDRA,nutricion y desarrollo infantil,controles repetidos en ninos menores de 2 anos,2006-02-01,134,134,95,229
GRAL. J.J. PEREZ (CHARAZANI),nutricion y desarrollo infantil,controles repetidos en ninos menores de 2 anos,2006-02-01,97,97,96,193
GUANAY,nutricion y desarrollo infantil,controles repetidos en ninos menores de 2 anos,2006-02-01,108,108,91,199
GUAQUI,nutricion y desarrollo infantil,controles repetidos en ninos menores de 2 anos,2006-02-01,34,34,30,64
GUAYARAMERIN,nutricion y desarrollo infantil,controles repetidos en ninos menores de 2 anos,2006-02-01,390,390,310,700
GUTIERREZ,nutricion y desarrollo infantil,controles repetidos en ninos menores de 2 anos,2006-02-01,175,175,176,351
HUACARETA,nutricion y desarrollo infantil,controles repetidos en ninos menores de 2 anos,2006-02-01,85,85,70,155
HUACAYA (VILLA DE HUACAYA),nutricion y desarrollo infantil,controles repetidos en ninos menores de 2 anos,2006-02-01,17,17,19,36
HUACHACALLA,nutricion y desarrollo infantil,controles repetidos en ninos menores de 2 anos,2006-02-01,8,8,9,17
HUANUNI,nutricion y desarrollo infantil,controles repetidos en ninos menores de 2 anos,2006-02-01,92,92,73,165
HUARACAJE,nutricion y desarrollo infantil,controles repetidos en ninos menores de 2 anos,2006-02-01,29,29,19,48
HUAYLLAMARCA,nutricion y desarrollo infantil,controles repetidos en ninos menores de 2 anos,2006-02-01,18,18,8,26
ICHOCA,nutricion y desarrollo infantil,controles repetidos en ninos menores de 2 anos,2006-02-01,28,28,16,44
ICLA,nutricion y desarrollo infantil,controles repetidos en ninos menores de 2 anos,2006-02-01,165,165,177,342
INCAHUASI,nutricion y desarrollo infantil,controles repetidos en ninos menores de 2 anos,2006-02-01,210,210,191,401
INGAVI (HUMAITA),nutricion y desarrollo infantil,controles repetidos en ninos menores de 2 anos,2006-02-01,25,25,23,48
INQUISIVI,nutricion y desarrollo infantil,controles repetidos en ninos menores de 2 anos,2006-02-01,68,68,66,134
IRUPANA (VILLA DE LANZA),nutricion y desarrollo infantil,controles repetidos en ninos menores de 2 anos,2006-02-01,139,139,119,258
IXIAMAS,nutricion y desarrollo infantil,controles repetidos en ninos menores de 2 anos,2006-02-01,79,79,61,140
JESUS DE MACHACA,nutricion y desarrollo infantil,controles repetidos en ninos menores de 2 anos,2006-02-01,73,73,77,150
LA ASUNTA,nutricion y desarrollo infantil,controles repetidos en ninos menores de 2 anos,2006-02-01,140,140,144,284
LA GUARDIA,nutricion y desarrollo infantil,controles repetidos en ninos menores de 2 anos,2006-02-01,324,324,320,644
LA PAZ,nutricion y desarrollo infantil,controles repetidos en ninos menores de 2 anos,2006-02-01,2576,2576,2319,4895
LA RIVERA,nutricion y desarrollo infantil,controles repetidos en ninos menores de 2 anos,2006-02-01,0,0,1,1
LAGUNILLAS,nutricion y desarrollo infantil,controles repetidos en ninos menores de 2 anos,2006-02-01,79,79,72,151
LAJA,nutricion y desarrollo infantil,controles repetidos en ninos menores de 2 anos,2006-02-01,98,98,85,183
LAS CARRERAS,nutricion y desarrollo infantil,controles repetidos en ninos menores de 2 anos,2006-02-01,46,46,41,87
LICOMA PAMPA,nutricion y desarrollo infantil,controles repetidos en ninos menores de 2 anos,2006-02-01,12,12,4,16
LLALLAGUA,nutricion y desarrollo infantil,controles repetidos en ninos menores de 2 anos,2006-02-01,222,222,236,458
LLICA,nutricion y desarrollo infantil,controles repetidos en ninos menores de 2 anos,2006-02-01,9,9,14,23
LORETO,nutricion y desarrollo infantil,controles repetidos en ninos menores de 2 anos,2006-02-01,11,11,9,20
LURIBAY,nutricion y desarrollo infantil,controles repetidos en ninos menores de 2 anos,2006-02-01,103,103,94,197
MACHACAMARCA,nutricion y desarrollo infantil,controles repetidos en ninos menores de 2 anos,2006-02-01,17,17,22,39
MACHARETI,nutricion y desarrollo infantil,controles repetidos en ninos menores de 2 anos,2006-02-01,89,89,90,179
MAGDALENA,nutricion y desarrollo infantil,controles repetidos en ninos menores de 2 anos,2006-02-01,58,58,67,125
MAIRANA,nutricion y desarrollo infantil,controles repetidos en ninos menores de 2 anos,2006-02-01,71,71,94,165
MALLA,nutricion y desarrollo infantil,controles repetidos en ninos menores de 2 anos,2006-02-01,29,29,26,55
MAPIRI,nutricion y desarrollo infantil,controles repetidos en ninos menores de 2 anos,2006-02-01,135,135,124,259
MECAPACA,nutricion y desarrollo infantil,controles repetidos en ninos menores de 2 anos,2006-02-01,77,77,64,141
MINEROS,nutricion y desarrollo infantil,controles repetidos en ninos menores de 2 anos,2006-02-01,154,154,131,285
MIZQUE,nutricion y desarrollo infantil,controles repetidos en ninos menores de 2 anos,2006-02-01,176,176,146,322
MOCOMOCO,nutricion y desarrollo infantil,controles repetidos en ninos menores de 2 anos,2006-02-01,110,110,100,210
MOJINETE,nutricion y desarrollo infantil,controles repetidos en ninos menores de 2 anos,2006-02-01,15,15,18,33
MOJOCOYA,nutricion y desarrollo infantil,controles repetidos en ninos menores de 2 anos,2006-02-01,86,86,66,152
MONTEAGUDO,nutricion y desarrollo infantil,controles repetidos en ninos menores de 2 anos,2006-02-01,151,151,115,266
MONTERO,nutricion y desarrollo infantil,controles repetidos en ninos menores de 2 anos,2006-02-01,704,704,642,1346
MORO MORO,nutricion y desarrollo infantil,controles repetidos en ninos menores de 2 anos,2006-02-01,28,28,29,57
MOROCHATA,nutricion y desarrollo infantil,controles repetidos en ninos menores de 2 anos,2006-02-01,42,42,40,82
NACEBE (SANTA ROSA DEL ABUNA),nutricion y desarrollo infantil,controles repetidos en ninos menores de 2 anos,2006-02-01,17,17,8,25
NUEVO MANOA (NUEVA ESPERANZA),nutricion y desarrollo infantil,controles repetidos en ninos menores de 2 anos,2006-02-01,14,14,3,17
OCURI,nutricion y desarrollo infantil,controles repetidos en ninos menores de 2 anos,2006-02-01,200,200,210,410
OKINAWA,nutricion y desarrollo infantil,controles repetidos en ninos menores de 2 anos,2006-02-01,64,64,74,138
OMEREQUE,nutricion y desarrollo infantil,controles repetidos en ninos menores de 2 anos,2006-02-01,61,61,61,122
ORURO,nutricion y desarrollo infantil,controles repetidos en ninos menores de 2 anos,2006-02-01,734,734,742,1476
PADCAYA,nutricion y desarrollo infantil,controles repetidos en ninos menores de 2 anos,2006-02-01,90,90,87,177
PADILLA,nutricion y desarrollo infantil,controles repetidos en ninos menores de 2 anos,2006-02-01,137,137,124,261
PAILON,nutricion y desarrollo infantil,controles repetidos en ninos menores de 2 anos,2006-02-01,161,161,128,289
PALCA,nutricion y desarrollo infantil,controles repetidos en ninos menores de 2 anos,2006-02-01,42,42,28,70
PALOS BLANCOS,nutricion y desarrollo infantil,controles repetidos en ninos menores de 2 anos,2006-02-01,241,241,210,451
PAMPA AULLAGAS,nutricion y desarrollo infantil,controles repetidos en ninos menores de 2 anos,2006-02-01,12,12,20,32
PAMPA GRANDE,nutricion y desarrollo infantil,controles repetidos en ninos menores de 2 anos,2006-02-01,48,48,37,85
PAPEL PAMPA,nutricion y desarrollo infantil,controles repetidos en ninos menores de 2 anos,2006-02-01,18,18,17,35
PASORAPA,nutricion y desarrollo infantil,controles repetidos en ninos menores de 2 anos,2006-02-01,52,52,54,106
PATACAMAYA,nutricion y desarrollo infantil,controles repetidos en ninos menores de 2 anos,2006-02-01,203,203,212,415
PAZÑA,nutricion y desarrollo infantil,controles repetidos en ninos menores de 2 anos,2006-02-01,35,35,36,71
PELECHUCO,nutricion y desarrollo infantil,controles repetidos en ninos menores de 2 anos,2006-02-01,34,34,33,67
POCOATA,nutricion y desarrollo infantil,controles repetidos en ninos menores de 2 anos,2006-02-01,142,142,177,319
POCONA,nutricion y desarrollo infantil,controles repetidos en ninos menores de 2 anos,2006-02-01,64,64,49,113
POJO (CBBA),nutricion y desarrollo infantil,controles repetidos en ninos menores de 2 anos,2006-02-01,50,50,68,118
POOPO,nutricion y desarrollo infantil,controles repetidos en ninos menores de 2 anos,2006-02-01,20,20,20,40
PORCO,nutricion y desarrollo infantil,controles repetidos en ninos menores de 2 anos,2006-02-01,55,55,54,109
POROMA,nutricion y desarrollo infantil,controles repetidos en ninos menores de 2 anos,2006-02-01,89,89,76,165
PORONGO,nutricion y desarrollo infantil,controles repetidos en ninos menores de 2 anos,2006-02-01,56,56,43,99
PORTACHUELO,nutricion y desarrollo infantil,controles repetidos en ninos menores de 2 anos,2006-02-01,152,152,208,360
PORVENIR,nutricion y desarrollo infantil,controles repetidos en ninos menores de 2 anos,2006-02-01,48,48,42,90
POSTRER VALLE,nutricion y desarrollo infantil,controles repetidos en ninos menores de 2 anos,2006-02-01,27,27,16,43
POTOSI,nutricion y desarrollo infantil,controles repetidos en ninos menores de 2 anos,2006-02-01,1069,1069,962,2031
PRESTO,nutricion y desarrollo infantil,controles repetidos en ninos menores de 2 anos,2006-02-01,117,117,117,234
PUCARA,nutricion y desarrollo infantil,controles repetidos en ninos menores de 2 anos,2006-02-01,24,24,18,42
PUCARANI,nutricion y desarrollo infantil,controles repetidos en ninos menores de 2 anos,2006-02-01,160,160,205,365
PUERTO ACOSTA,nutricion y desarrollo infantil,controles repetidos en ninos menores de 2 anos,2006-02-01,127,127,126,253
PUERTO CARABUCO,nutricion y desarrollo infantil,controles repetidos en ninos menores de 2 anos,2006-02-01,93,93,73,166
PUERTO GONZALO MORENO,nutricion y desarrollo infantil,controles repetidos en ninos menores de 2 anos,2006-02-01,42,42,36,78
PUERTO PEREZ,nutricion y desarrollo infantil,controles repetidos en ninos menores de 2 anos,2006-02-01,46,46,52,98
PUERTO QUIJARRO,nutricion y desarrollo infantil,controles repetidos en ninos menores de 2 anos,2006-02-01,91,91,104,195
PUERTO RICO,nutricion y desarrollo infantil,controles repetidos en ninos menores de 2 anos,2006-02-01,67,67,68,135
PUERTO SILES,nutricion y desarrollo infantil,controles repetidos en ninos menores de 2 anos,2006-02-01,2,2,3,5
PUERTO SUAREZ,nutricion y desarrollo infantil,controles repetidos en ninos menores de 2 anos,2006-02-01,88,88,66,154
PUERTO VILLARROEL,nutricion y desarrollo infantil,controles repetidos en ninos menores de 2 anos,2006-02-01,149,149,163,312
PUNA,nutricion y desarrollo infantil,controles repetidos en ninos menores de 2 anos,2006-02-01,207,207,188,395
PUNATA,nutricion y desarrollo infantil,controles repetidos en ninos menores de 2 anos,2006-02-01,110,110,175,285
QUIABAYA,nutricion y desarrollo infantil,controles repetidos en ninos menores de 2 anos,2006-02-01,31,31,27,58
QUILLACOLLO,nutricion y desarrollo infantil,controles repetidos en ninos menores de 2 anos,2006-02-01,259,259,181,440
QUIME,nutricion y desarrollo infantil,controles repetidos en ninos menores de 2 anos,2006-02-01,80,80,68,148
QUIRUSILLAS,nutricion y desarrollo infantil,controles repetidos en ninos menores de 2 anos,2006-02-01,15,15,16,31
RAVELO,nutricion y desarrollo infantil,controles repetidos en ninos menores de 2 anos,2006-02-01,233,233,223,456
REYES,nutricion y desarrollo infantil,controles repetidos en ninos menores de 2 anos,2006-02-01,81,81,100,181
RIBERALTA,nutricion y desarrollo infantil,controles repetidos en ninos menores de 2 anos,2006-02-01,740,740,704,1444
ROBORE,nutricion y desarrollo infantil,controles repetidos en ninos menores de 2 anos,2006-02-01,50,50,54,104
RURRENABAQUE,nutricion y desarrollo infantil,controles repetidos en ninos menores de 2 anos,2006-02-01,94,94,85,179
SABAYA,nutricion y desarrollo infantil,controles repetidos en ninos menores de 2 anos,2006-02-01,21,21,9,30
SACABA,nutricion y desarrollo infantil,controles repetidos en ninos menores de 2 anos,2006-02-01,255,255,223,478
SACABAMBA,nutricion y desarrollo infantil,controles repetidos en ninos menores de 2 anos,2006-02-01,7,7,10,17
SACACA,nutricion y desarrollo infantil,controles repetidos en ninos menores de 2 anos,2006-02-01,275,275,296,571
SAIPINA,nutricion y desarrollo infantil,controles repetidos en ninos menores de 2 anos,2006-02-01,49,49,43,92
SALINAS DE GARCI MENDOZA,nutricion y desarrollo infantil,controles repetidos en ninos menores de 2 anos,2006-02-01,65,65,66,131
SAMAIPATA,nutricion y desarrollo infantil,controles repetidos en ninos menores de 2 anos,2006-02-01,99,99,67,166
SAN AGUSTIN,nutricion y desarrollo infantil,controles repetidos en ninos menores de 2 anos,2006-02-01,14,14,12,26
SAN ANDRES,nutricion y desarrollo infantil,controles repetidos en ninos menores de 2 anos,2006-02-01,45,45,36,81
SAN ANDRES DE MACHACA,nutricion y desarrollo infantil,controles repetidos en ninos menores de 2 anos,2006-02-01,17,17,9,26
SAN ANTONIO DE ESMORUCO,nutricion y desarrollo infantil,controles repetidos en ninos menores de 2 anos,2006-02-01,4,4,4,8
SAN ANTONIO DE LOMERIO,nutricion y desarrollo infantil,controles repetidos en ninos menores de 2 anos,2006-02-01,93,93,86,179
SAN BENITO,nutricion y desarrollo infantil,controles repetidos en ninos menores de 2 anos,2006-02-01,49,49,49,98
SAN BORJA,nutricion y desarrollo infantil,controles repetidos en ninos menores de 2 anos,2006-02-01,412,412,390,802
SAN BUENA VENTURA,nutricion y desarrollo infantil,controles repetidos en ninos menores de 2 anos,2006-02-01,71,71,75,146
SAN CARLOS,nutricion y desarrollo infantil,controles repetidos en ninos menores de 2 anos,2006-02-01,194,194,194,388
SAN IGNACIO,nutricion y desarrollo infantil,controles repetidos en ninos menores de 2 anos,2006-02-01,207,207,201,408
SAN IGNACIO DE VELASCO,nutricion y desarrollo infantil,controles repetidos en ninos menores de 2 anos,2006-02-01,514,514,501,1015
SAN JAVIER(BNI),nutricion y desarrollo infantil,controles repetidos en ninos menores de 2 anos,2006-02-01,18,18,13,31
SAN JAVIER(STC),nutricion y desarrollo infantil,controles repetidos en ninos menores de 2 anos,2006-02-01,2,2,8,10
SAN JOAQUIN,nutricion y desarrollo infantil,controles repetidos en ninos menores de 2 anos,2006-02-01,45,45,46,91
SAN JOSE DE CHIQUITOS,nutricion y desarrollo infantil,controles repetidos en ninos menores de 2 anos,2006-02-01,91,91,82,173
SAN JUAN DE YAPACANI,nutricion y desarrollo infantil,controles repetidos en ninos menores de 2 anos,2006-02-01,143,143,102,245
SAN JULIAN,nutricion y desarrollo infantil,controles repetidos en ninos menores de 2 anos,2006-02-01,103,103,95,198
SAN LORENZO(PND),nutricion y desarrollo infantil,controles repetidos en ninos menores de 2 anos,2006-02-01,52,52,34,86
SAN LORENZO(TJA),nutricion y desarrollo infantil,controles repetidos en ninos menores de 2 anos,2006-02-01,169,169,167,336
SAN LUCAS,nutricion y desarrollo infantil,controles repetidos en ninos menores de 2 anos,2006-02-01,378,378,333,711
SAN MATIAS,nutricion y desarrollo infantil,controles repetidos en ninos menores de 2 anos,2006-02-01,111,111,100,211
SAN MIGUEL DE VELASCO,nutricion y desarrollo infantil,controles repetidos en ninos menores de 2 anos,2006-02-01,36,36,39,75
SAN PABLO DE LIPEZ,nutricion y desarrollo infantil,controles repetidos en ninos menores de 2 anos,2006-02-01,24,24,25,49
SAN PEDRO,nutricion y desarrollo infantil,controles repetidos en ninos menores de 2 anos,2006-02-01,157,157,152,309
SAN PEDRO DE BUENA VISTA,nutricion y desarrollo infantil,controles repetidos en ninos menores de 2 anos,2006-02-01,111,111,98,209
SAN PEDRO DE CURAHUARA,nutricion y desarrollo infantil,controles repetidos en ninos menores de 2 anos,2006-02-01,39,39,22,61
SAN PEDRO DE QUEMES,nutricion y desarrollo infantil,controles repetidos en ninos menores de 2 anos,2006-02-01,1,1,7,8
SAN PEDRO DE TIQUINA,nutricion y desarrollo infantil,controles repetidos en ninos menores de 2 anos,2006-02-01,31,31,34,65
SAN PEDRO(PND),nutricion y desarrollo infantil,controles repetidos en ninos menores de 2 anos,2006-02-01,6,6,2,8
SAN RAFAEL,nutricion y desarrollo infantil,controles repetidos en ninos menores de 2 anos,2006-02-01,50,50,42,92
SAN RAMON,nutricion y desarrollo infantil,controles repetidos en ninos menores de 2 anos,2006-02-01,23,23,18,41
SAN RAMON,nutricion y desarrollo infantil,controles repetidos en ninos menores de 2 anos,2006-02-01,33,33,44,77
SANTA ANA,nutricion y desarrollo infantil,controles repetidos en ninos menores de 2 anos,2006-02-01,131,131,106,237
SANTA CRUZ DE LA SIERRA,nutricion y desarrollo infantil,controles repetidos en ninos menores de 2 anos,2006-02-01,3654,3654,3156,6810
SANTA ROSA,nutricion y desarrollo infantil,controles repetidos en ninos menores de 2 anos,2006-02-01,56,56,40,96
SANTA ROSA DEL SARA,nutricion y desarrollo infantil,controles repetidos en ninos menores de 2 anos,2006-02-01,118,118,150,268
SANTIAGO DE CALLAPA,nutricion y desarrollo infantil,controles repetidos en ninos menores de 2 anos,2006-02-01,25,25,31,56
SANTIAGO DE HUARI,nutricion y desarrollo infantil,controles repetidos en ninos menores de 2 anos,2006-02-01,57,57,57,114
SANTIAGO DE MACHACA,nutricion y desarrollo infantil,controles repetidos en ninos menores de 2 anos,2006-02-01,27,27,22,49
SANTIVAÑES,nutricion y desarrollo infantil,controles repetidos en ninos menores de 2 anos,2006-02-01,49,49,51,100
SANTUARIO DE QUILLACAS,nutricion y desarrollo infantil,controles repetidos en ninos menores de 2 anos,2006-02-01,17,17,14,31
SAPAHAQUI,nutricion y desarrollo infantil,controles repetidos en ninos menores de 2 anos,2006-02-01,65,65,53,118
SENA,nutricion y desarrollo infantil,controles repetidos en ninos menores de 2 anos,2006-02-01,26,26,31,57
SICA SICA (VILLA AROMA),nutricion y desarrollo infantil,controles repetidos en ninos menores de 2 anos,2006-02-01,190,190,143,333
SICAYA,nutricion y desarrollo infantil,controles repetidos en ninos menores de 2 anos,2006-02-01,19,19,13,32
SIPE SIPE,nutricion y desarrollo infantil,controles repetidos en ninos menores de 2 anos,2006-02-01,130,130,123,253
SOPACHUY,nutricion y desarrollo infantil,controles repetidos en ninos menores de 2 anos,2006-02-01,71,71,70,141
SORACACHI,nutricion y desarrollo infantil,controles repetidos en ninos menores de 2 anos,2006-02-01,29,29,26,55
SORATA,nutricion y desarrollo infantil,controles repetidos en ninos menores de 2 anos,2006-02-01,93,93,92,185
SUCRE,nutricion y desarrollo infantil,controles repetidos en ninos menores de 2 anos,2006-02-01,418,418,388,806
TACACHI,nutricion y desarrollo infantil,controles repetidos en ninos menores de 2 anos,2006-02-01,8,8,8,16
TACACOMA,nutricion y desarrollo infantil,controles repetidos en ninos menores de 2 anos,2006-02-01,48,48,41,89
TACOBAMBA,nutricion y desarrollo infantil,controles repetidos en ninos menores de 2 anos,2006-02-01,69,69,60,129
TACOPAYA,nutricion y desarrollo infantil,controles repetidos en ninos menores de 2 anos,2006-02-01,80,80,94,174
TAHUA,nutricion y desarrollo infantil,controles repetidos en ninos menores de 2 anos,2006-02-01,9,9,10,19
TAPACARI,nutricion y desarrollo infantil,controles repetidos en ninos menores de 2 anos,2006-02-01,147,147,154,301
TARABUCO,nutricion y desarrollo infantil,controles repetidos en ninos menores de 2 anos,2006-02-01,326,326,306,632
TARACO,nutricion y desarrollo infantil,controles repetidos en ninos menores de 2 anos,2006-02-01,21,21,27,48
TARATA,nutricion y desarrollo infantil,controles repetidos en ninos menores de 2 anos,2006-02-01,31,31,31,62
TARIJA,nutricion y desarrollo infantil,controles repetidos en ninos menores de 2 anos,2006-02-01,818,818,716,1534
TARVITA,nutricion y desarrollo infantil,controles repetidos en ninos menores de 2 anos,2006-02-01,52,52,39,91
TEOPONTE,nutricion y desarrollo infantil,controles repetidos en ninos menores de 2 anos,2006-02-01,45,45,81,126
TIAWANACU,nutricion y desarrollo infantil,controles repetidos en ninos menores de 2 anos,2006-02-01,61,61,63,124
TINGUIPAYA,nutricion y desarrollo infantil,controles repetidos en ninos menores de 2 anos,2006-02-01,157,157,152,309
TIPUANI,nutricion y desarrollo infantil,controles repetidos en ninos menores de 2 anos,2006-02-01,100,100,73,173
TIQUIPAYA,nutricion y desarrollo infantil,controles repetidos en ninos menores de 2 anos,2006-02-01,50,50,48,98
TIRAQUE (CBBA),nutricion y desarrollo infantil,controles repetidos en ninos menores de 2 anos,2006-02-01,149,149,103,252
TITO YUPANQUI (PARQUIPUJIO),nutricion y desarrollo infantil,controles repetidos en ninos menores de 2 anos,2006-02-01,6,6,9,15
TOCO,nutricion y desarrollo infantil,controles repetidos en ninos menores de 2 anos,2006-02-01,18,18,7,25
TOLATA,nutricion y desarrollo infantil,controles repetidos en ninos menores de 2 anos,2006-02-01,12,12,8,20
TOLEDO,nutricion y desarrollo infantil,controles repetidos en ninos menores de 2 anos,2006-02-01,14,14,16,30
TOMAVE,nutricion y desarrollo infantil,controles repetidos en ninos menores de 2 anos,2006-02-01,84,84,96,180
TOMINA,nutricion y desarrollo infantil,controles repetidos en ninos menores de 2 anos,2006-02-01,185,185,179,364
TORO TORO,nutricion y desarrollo infantil,controles repetidos en ninos menores de 2 anos,2006-02-01,223,223,172,395
TOTORA(CBBA),nutricion y desarrollo infantil,controles repetidos en ninos menores de 2 anos,2006-02-01,73,73,62,135
TOTORA(ORR),nutricion y desarrollo infantil,controles repetidos en ninos menores de 2 anos,2006-02-01,12,12,14,26
TRIGAL,nutricion y desarrollo infantil,controles repetidos en ninos menores de 2 anos,2006-02-01,17,17,11,28
TRINIDAD,nutricion y desarrollo infantil,controles repetidos en ninos menores de 2 anos,2006-02-01,355,355,303,658
TUPIZA,nutricion y desarrollo infantil,controles repetidos en ninos menores de 2 anos,2006-02-01,307,307,303,610
TURCO,nutricion y desarrollo infantil,controles repetidos en ninos menores de 2 anos,2006-02-01,12,12,23,35
UMALA,nutricion y desarrollo infantil,controles repetidos en ninos menores de 2 anos,2006-02-01,44,44,41,85
UNCIA,nutricion y desarrollo infantil,controles repetidos en ninos menores de 2 anos,2006-02-01,85,85,80,165
URIONDO (A. CONCEPCION),nutricion y desarrollo infantil,controles repetidos en ninos menores de 2 anos,2006-02-01,173,173,154,327
URUBICHA,nutricion y desarrollo infantil,controles repetidos en ninos menores de 2 anos,2006-02-01,151,151,149,300
UYUNI,nutricion y desarrollo infantil,controles repetidos en ninos menores de 2 anos,2006-02-01,262,262,210,472
VACAS,nutricion y desarrollo infantil,controles repetidos en ninos menores de 2 anos,2006-02-01,65,65,45,110
VALLEGRANDE,nutricion y desarrollo infantil,controles repetidos en ninos menores de 2 anos,2006-02-01,127,127,124,251
VIACHA,nutricion y desarrollo infantil,controles repetidos en ninos menores de 2 anos,2006-02-01,197,197,181,378
VILA VILA,nutricion y desarrollo infantil,controles repetidos en ninos menores de 2 anos,2006-02-01,9,9,11,20
VILLA MONTES,nutricion y desarrollo infantil,controles repetidos en ninos menores de 2 anos,2006-02-01,207,207,204,411
VILLA NUEVA (LOMA ALTA),nutricion y desarrollo infantil,controles repetidos en ninos menores de 2 anos,2006-02-01,30,30,16,46
VILLA RIVERO,nutricion y desarrollo infantil,controles repetidos en ninos menores de 2 anos,2006-02-01,35,35,32,67
VILLA SERRANO,nutricion y desarrollo infantil,controles repetidos en ninos menores de 2 anos,2006-02-01,184,184,155,339
VILLA TUNARI,nutricion y desarrollo infantil,controles repetidos en ninos menores de 2 anos,2006-02-01,198,198,170,368
VILLA VACA GUZMAN (MUYUPAMPA),nutricion y desarrollo infantil,controles repetidos en ninos menores de 2 anos,2006-02-01,69,69,65,134
VILLAZON,nutricion y desarrollo infantil,controles repetidos en ninos menores de 2 anos,2006-02-01,280,280,236,516
VINTO,nutricion y desarrollo infantil,controles repetidos en ninos menores de 2 anos,2006-02-01,3,3,5,8
VITICHI,nutricion y desarrollo infantil,controles repetidos en ninos menores de 2 anos,2006-02-01,138,138,191,329
WALDO BALLIVIAN,nutricion y desarrollo infantil,controles repetidos en ninos menores de 2 anos,2006-02-01,17,17,16,33
WARNES,nutricion y desarrollo infantil,controles repetidos en ninos menores de 2 anos,2006-02-01,311,311,281,592
YACO,nutricion y desarrollo infantil,controles repetidos en ninos menores de 2 anos,2006-02-01,62,62,62,124
YACUIBA,nutricion y desarrollo infantil,controles repetidos en ninos menores de 2 anos,2006-02-01,367,367,412,779
YAMPARAEZ,nutricion y desarrollo infantil,controles repetidos en ninos menores de 2 anos,2006-02-01,134,134,139,273
YANACACHI,nutricion y desarrollo infantil,controles repetidos en ninos menores de 2 anos,2006-02-01,34,34,38,72
YAPACANI,nutricion y desarrollo infantil,controles repetidos en ninos menores de 2 anos,2006-02-01,413,413,291,704
YOCALLA,nutricion y desarrollo infantil,controles repetidos en ninos menores de 2 anos,2006-02-01,17,17,21,38
YOTALA,nutricion y desarrollo infantil,controles repetidos en ninos menores de 2 anos,2006-02-01,76,76,70,146
YUNCHARA,nutricion y desarrollo infantil,controles repetidos en ninos menores de 2 anos,2006-02-01,83,83,82,165
ZUDAÑEZ,nutricion y desarrollo infantil,controles repetidos en ninos menores de 2 anos,2006-02-01,106,106,69,175
ACACIO,nutricion y desarrollo infantil,controles repetidos en ninos menores de 2 anos,2006-03-01,86,86,81,167
ACHACACHI,nutricion y desarrollo infantil,controles repetidos en ninos menores de 2 anos,2006-03-01,338,338,338,676
ACHOCALLA,nutricion y desarrollo infantil,controles repetidos en ninos menores de 2 anos,2006-03-01,55,55,56,111
AIQUILE,nutricion y desarrollo infantil,controles repetidos en ninos menores de 2 anos,2006-03-01,99,99,76,175
ALALAY,nutricion y desarrollo infantil,controles repetidos en ninos menores de 2 anos,2006-03-01,21,21,14,35
ALCALA,nutricion y desarrollo infantil,controles repetidos en ninos menores de 2 anos,2006-03-01,50,50,42,92
ANCORAIMES,nutricion y desarrollo infantil,controles repetidos en ninos menores de 2 anos,2006-03-01,106,106,101,207
ANDAMARCA,nutricion y desarrollo infantil,controles repetidos en ninos menores de 2 anos,2006-03-01,10,10,19,29
ANTEQUERA,nutricion y desarrollo infantil,controles repetidos en ninos menores de 2 anos,2006-03-01,17,17,17,34
ANZALDO,nutricion y desarrollo infantil,controles repetidos en ninos menores de 2 anos,2006-03-01,9,9,10,19
APOLO,nutricion y desarrollo infantil,controles repetidos en ninos menores de 2 anos,2006-03-01,107,107,96,203
ARAMPAMPA,nutricion y desarrollo infantil,controles repetidos en ninos menores de 2 anos,2006-03-01,82,82,66,148
ARANI,nutricion y desarrollo infantil,controles repetidos en ninos menores de 2 anos,2006-03-01,39,39,46,85
ARBIETO,nutricion y desarrollo infantil,controles repetidos en ninos menores de 2 anos,2006-03-01,21,21,17,38
ARQUE,nutricion y desarrollo infantil,controles repetidos en ninos menores de 2 anos,2006-03-01,106,106,102,208
ASCENCION DE GUARAYOS,nutricion y desarrollo infantil,controles repetidos en ninos menores de 2 anos,2006-03-01,4,4,6,10
ATOCHA,nutricion y desarrollo infantil,controles repetidos en ninos menores de 2 anos,2006-03-01,136,136,136,272
AUCAPATA,nutricion y desarrollo infantil,controles repetidos en ninos menores de 2 anos,2006-03-01,33,33,26,59
AYATA,nutricion y desarrollo infantil,controles repetidos en ninos menores de 2 anos,2006-03-01,87,87,78,165
AYO AYO,nutricion y desarrollo infantil,controles repetidos en ninos menores de 2 anos,2006-03-01,43,43,35,78
AYOPAYA (V. DE INDEPENDENCIA),nutricion y desarrollo infantil,controles repetidos en ninos menores de 2 anos,2006-03-01,221,221,208,429
AZURDUY,nutricion y desarrollo infantil,controles repetidos en ninos menores de 2 anos,2006-03-01,276,276,274,550
BATALLAS,nutricion y desarrollo infantil,controles repetidos en ninos menores de 2 anos,2006-03-01,105,105,78,183
BAURES,nutricion y desarrollo infantil,controles repetidos en ninos menores de 2 anos,2006-03-01,25,25,43,68
BELEN DE ANDAMARCA,nutricion y desarrollo infantil,controles repetidos en ninos menores de 2 anos,2006-03-01,13,13,8,21
BELEN DE URMIRI,nutricion y desarrollo infantil,controles repetidos en ninos menores de 2 anos,2006-03-01,21,21,15,36
BELLA FLOR,nutricion y desarrollo infantil,controles repetidos en ninos menores de 2 anos,2006-03-01,35,35,40,75
BERMEJO,nutricion y desarrollo infantil,controles repetidos en ninos menores de 2 anos,2006-03-01,88,88,89,177
BETANZOS,nutricion y desarrollo infantil,controles repetidos en ninos menores de 2 anos,2006-03-01,303,303,294,597
BOLIVAR,nutricion y desarrollo infantil,controles repetidos en ninos menores de 2 anos,2006-03-01,103,103,109,212
BOLPEBRA,nutricion y desarrollo infantil,controles repetidos en ninos menores de 2 anos,2006-03-01,9,9,9,18
BOYUIBE,nutricion y desarrollo infantil,controles repetidos en ninos menores de 2 anos,2006-03-01,27,27,20,47
BUENA VISTA,nutricion y desarrollo infantil,controles repetidos en ninos menores de 2 anos,2006-03-01,104,104,88,192
CABEZAS,nutricion y desarrollo infantil,controles repetidos en ninos menores de 2 anos,2006-03-01,173,173,162,335
CAIROMA,nutricion y desarrollo infantil,controles repetidos en ninos menores de 2 anos,2006-03-01,126,126,123,249
"CAIZA ""D""",nutricion y desarrollo infantil,controles repetidos en ninos menores de 2 anos,2006-03-01,97,97,87,184
CAJUATA,nutricion y desarrollo infantil,controles repetidos en ninos menores de 2 anos,2006-03-01,108,108,69,177
CALACOTO,nutricion y desarrollo infantil,controles repetidos en ninos menores de 2 anos,2006-03-01,52,52,43,95
CALAMARCA,nutricion y desarrollo infantil,controles repetidos en ninos menores de 2 anos,2006-03-01,180,180,174,354
CAMARGO,nutricion y desarrollo infantil,controles repetidos en ninos menores de 2 anos,2006-03-01,194,194,185,379
CAMATAQUI (C. VILLA ABECIA),nutricion y desarrollo infantil,controles repetidos en ninos menores de 2 anos,2006-03-01,36,36,30,66
CAMIRI,nutricion y desarrollo infantil,controles repetidos en ninos menores de 2 anos,2006-03-01,228,228,194,422
CAPINOTA,nutricion y desarrollo infantil,controles repetidos en ninos menores de 2 anos,2006-03-01,69,69,63,132
CAQUIAVIRI,nutricion y desarrollo infantil,controles repetidos en ninos menores de 2 anos,2006-03-01,64,64,81,145
CARACOLLO,nutricion y desarrollo infantil,controles repetidos en ninos menores de 2 anos,2006-03-01,106,106,107,213
CARANAVI,nutricion y desarrollo infantil,controles repetidos en ninos menores de 2 anos,2006-03-01,643,643,528,1171
CARAPARI,nutricion y desarrollo infantil,controles repetidos en ninos menores de 2 anos,2006-03-01,73,73,85,158
CARIPUYO,nutricion y desarrollo infantil,controles repetidos en ninos menores de 2 anos,2006-03-01,144,144,154,298
CARMEN RIVERO TORREZ,nutricion y desarrollo infantil,controles repetidos en ninos menores de 2 anos,2006-03-01,34,34,24,58
CATACORA,nutricion y desarrollo infantil,controles repetidos en ninos menores de 2 anos,2006-03-01,12,12,14,26
CHACARILLA,nutricion y desarrollo infantil,controles repetidos en ninos menores de 2 anos,2006-03-01,9,9,7,16
CHALLAPATA,nutricion y desarrollo infantil,controles repetidos en ninos menores de 2 anos,2006-03-01,195,195,168,363
CHAQUI,nutricion y desarrollo infantil,controles repetidos en ninos menores de 2 anos,2006-03-01,82,82,76,158
CHARAGUA,nutricion y desarrollo infantil,controles repetidos en ninos menores de 2 anos,2006-03-01,287,287,300,587
CHARAÑA,nutricion y desarrollo infantil,controles repetidos en ninos menores de 2 anos,2006-03-01,25,25,18,43
CHAYANTA,nutricion y desarrollo infantil,controles repetidos en ninos menores de 2 anos,2006-03-01,109,109,80,189
CHIMORE,nutricion y desarrollo infantil,controles repetidos en ninos menores de 2 anos,2006-03-01,82,82,58,140
CHIPAYA,nutricion y desarrollo infantil,controles repetidos en ninos menores de 2 anos,2006-03-01,13,13,18,31
CHOQUE COTA,nutricion y desarrollo infantil,controles repetidos en ninos menores de 2 anos,2006-03-01,9,9,11,20
CHULUMANI (V. DE LA LIBERTAD),nutricion y desarrollo infantil,controles repetidos en ninos menores de 2 anos,2006-03-01,78,78,69,147
CHUMA,nutricion y desarrollo infantil,controles repetidos en ninos menores de 2 anos,2006-03-01,92,92,84,176
CLIZA,nutricion y desarrollo infantil,controles repetidos en ninos menores de 2 anos,2006-03-01,49,49,57,106
COBIJA,nutricion y desarrollo infantil,controles repetidos en ninos menores de 2 anos,2006-03-01,377,377,329,706
COCHABAMBA,nutricion y desarrollo infantil,controles repetidos en ninos menores de 2 anos,2006-03-01,2303,2303,2075,4378
COIPASA,nutricion y desarrollo infantil,controles repetidos en ninos menores de 2 anos,2006-03-01,2,2,1,3
COLCAPIRHUA,nutricion y desarrollo infantil,controles repetidos en ninos menores de 2 anos,2006-03-01,137,137,134,271
"COLCHA ""K""",nutricion y desarrollo infantil,controles repetidos en ninos menores de 2 anos,2006-03-01,116,116,106,222
COLLANA,nutricion y desarrollo infantil,controles repetidos en ninos menores de 2 anos,2006-03-01,16,16,5,21
COLOMI,nutricion y desarrollo infantil,controles repetidos en ninos menores de 2 anos,2006-03-01,101,101,63,164
COLPA BELGICA,nutricion y desarrollo infantil,controles repetidos en ninos menores de 2 anos,2006-03-01,65,65,61,126
COLQUECHACA,nutricion y desarrollo infantil,controles repetidos en ninos menores de 2 anos,2006-03-01,270,270,286,556
COLQUENCHA,nutricion y desarrollo infantil,controles repetidos en ninos menores de 2 anos,2006-03-01,59,59,81,140
COLQUIRI,nutricion y desarrollo infantil,controles repetidos en ninos menores de 2 anos,2006-03-01,157,157,145,302
COMANCHE,nutricion y desarrollo infantil,controles repetidos en ninos menores de 2 anos,2006-03-01,20,20,13,33
COMARAPA,nutricion y desarrollo infantil,controles repetidos en ninos menores de 2 anos,2006-03-01,193,193,186,379
COMBAYA,nutricion y desarrollo infantil,controles repetidos en ninos menores de 2 anos,2006-03-01,12,12,13,25
CONCEPCION,nutricion y desarrollo infantil,controles repetidos en ninos menores de 2 anos,2006-03-01,238,238,233,471
COPACABANA,nutricion y desarrollo infantil,controles repetidos en ninos menores de 2 anos,2006-03-01,87,87,82,169
CORIPATA,nutricion y desarrollo infantil,controles repetidos en ninos menores de 2 anos,2006-03-01,107,107,104,211
CORO CORO,nutricion y desarrollo infantil,controles repetidos en ninos menores de 2 anos,2006-03-01,62,62,58,120
COROICO,nutricion y desarrollo infantil,controles repetidos en ninos menores de 2 anos,2006-03-01,83,83,82,165
CORQUE,nutricion y desarrollo infantil,controles repetidos en ninos menores de 2 anos,2006-03-01,29,29,27,56
COTAGAITA,nutricion y desarrollo infantil,controles repetidos en ninos menores de 2 anos,2006-03-01,325,325,275,600
COTOCA,nutricion y desarrollo infantil,controles repetidos en ninos menores de 2 anos,2006-03-01,283,283,300,583
CUATRO CAÑADAS,nutricion y desarrollo infantil,controles repetidos en ninos menores de 2 anos,2006-03-01,93,93,73,166
CUCHUMUELA (V. G. VILLARROEL),nutricion y desarrollo infantil,controles repetidos en ninos menores de 2 anos,2006-03-01,18,18,11,29
CUEVO,nutricion y desarrollo infantil,controles repetidos en ninos menores de 2 anos,2006-03-01,30,30,64,94
CULPINA,nutricion y desarrollo infantil,controles repetidos en ninos menores de 2 anos,2006-03-01,297,297,258,555
CURAHUARA DE CARANGAS,nutricion y desarrollo infantil,controles repetidos en ninos menores de 2 anos,2006-03-01,27,27,31,58
CURVA,nutricion y desarrollo infantil,controles repetidos en ninos menores de 2 anos,2006-03-01,26,26,20,46
DESAGUADERO,nutricion y desarrollo infantil,controles repetidos en ninos menores de 2 anos,2006-03-01,38,38,25,63
EL ALTO,nutricion y desarrollo infantil,controles repetidos en ninos menores de 2 anos,2006-03-01,4001,4001,3858,7859
EL CHORO,nutricion y desarrollo infantil,controles repetidos en ninos menores de 2 anos,2006-03-01,27,27,13,40
EL PUENTE(STC),nutricion y desarrollo infantil,controles repetidos en ninos menores de 2 anos,2006-03-01,57,57,53,110
EL PUENTE(TJA),nutricion y desarrollo infantil,controles repetidos en ninos menores de 2 anos,2006-03-01,67,67,71,138
EL TORNO,nutricion y desarrollo infantil,controles repetidos en ninos menores de 2 anos,2006-03-01,241,241,226,467
EL VILLAR,nutricion y desarrollo infantil,controles repetidos en ninos menores de 2 anos,2006-03-01,93,93,85,178
ENTRE RIOS,nutricion y desarrollo infantil,controles repetidos en ninos menores de 2 anos,2006-03-01,278,278,245,523
ENTRE RIOS,nutricion y desarrollo infantil,controles repetidos en ninos menores de 2 anos,2006-03-01,180,180,189,369
ESCARA,nutricion y desarrollo infantil,controles repetidos en ninos menores de 2 anos,2006-03-01,1,1,4,5
EUCALIPTUS,nutricion y desarrollo infantil,controles repetidos en ninos menores de 2 anos,2006-03-01,46,46,38,84
EUREKA (SANTOS MERCADO),nutricion y desarrollo infantil,controles repetidos en ninos menores de 2 anos,2006-03-01,19,19,32,51
EXALTACION,nutricion y desarrollo infantil,controles repetidos en ninos menores de 2 anos,2006-03-01,22,22,13,35
FERNANDEZ ALONSO,nutricion y desarrollo infantil,controles repetidos en ninos menores de 2 anos,2006-03-01,167,167,160,327
FILADELFIA,nutricion y desarrollo infantil,controles repetidos en ninos menores de 2 anos,2006-03-01,42,42,50,92
GENERAL SAAVEDRA,nutricion y desarrollo infantil,controles repetidos en ninos menores de 2 anos,2006-03-01,132,132,150,282
GRAL. J.J. PEREZ (CHARAZANI),nutricion y desarrollo infantil,controles repetidos en ninos menores de 2 anos,2006-03-01,108,108,101,209
GUANAY,nutricion y desarrollo infantil,controles repetidos en ninos menores de 2 anos,2006-03-01,121,121,133,254
GUAQUI,nutricion y desarrollo infantil,controles repetidos en ninos menores de 2 anos,2006-03-01,43,43,39,82
GUAYARAMERIN,nutricion y desarrollo infantil,controles repetidos en ninos menores de 2 anos,2006-03-01,383,383,350,733
GUTIERREZ,nutricion y desarrollo infantil,controles repetidos en ninos menores de 2 anos,2006-03-01,205,205,220,425
HUACARETA,nutricion y desarrollo infantil,controles repetidos en ninos menores de 2 anos,2006-03-01,118,118,111,229
HUACAYA (VILLA DE HUACAYA),nutricion y desarrollo infantil,controles repetidos en ninos menores de 2 anos,2006-03-01,35,35,34,69
HUACHACALLA,nutricion y desarrollo infantil,controles repetidos en ninos menores de 2 anos,2006-03-01,7,7,8,15
HUANUNI,nutricion y desarrollo infantil,controles repetidos en ninos menores de 2 anos,2006-03-01,248,248,219,467
HUARACAJE,nutricion y desarrollo infantil,controles repetidos en ninos menores de 2 anos,2006-03-01,36,36,25,61
HUAYLLAMARCA,nutricion y desarrollo infantil,controles repetidos en ninos menores de 2 anos,2006-03-01,15,15,25,40
ICHOCA,nutricion y desarrollo infantil,controles repetidos en ninos menores de 2 anos,2006-03-01,34,34,18,52
ICLA,nutricion y desarrollo infantil,controles repetidos en ninos menores de 2 anos,2006-03-01,182,182,178,360
INCAHUASI,nutricion y desarrollo infantil,controles repetidos en ninos menores de 2 anos,2006-03-01,268,268,290,558
INGAVI (HUMAITA),nutricion y desarrollo infantil,controles repetidos en ninos menores de 2 anos,2006-03-01,5,5,5,10
INQUISIVI,nutricion y desarrollo infantil,controles repetidos en ninos menores de 2 anos,2006-03-01,119,119,124,243
IRUPANA (VILLA DE LANZA),nutricion y desarrollo infantil,controles repetidos en ninos menores de 2 anos,2006-03-01,120,120,113,233
IXIAMAS,nutricion y desarrollo infantil,controles repetidos en ninos menores de 2 anos,2006-03-01,79,79,64,143
JESUS DE MACHACA,nutricion y desarrollo infantil,controles repetidos en ninos menores de 2 anos,2006-03-01,70,70,79,149
LA ASUNTA,nutricion y desarrollo infantil,controles repetidos en ninos menores de 2 anos,2006-03-01,140,140,130,270
LA GUARDIA,nutricion y desarrollo infantil,controles repetidos en ninos menores de 2 anos,2006-03-01,307,307,290,597
LA PAZ,nutricion y desarrollo infantil,controles repetidos en ninos menores de 2 anos,2006-03-01,3669,3669,3485,7154
LA RIVERA,nutricion y desarrollo infantil,controles repetidos en ninos menores de 2 anos,2006-03-01,0,0,3,3
LAGUNILLAS,nutricion y desarrollo infantil,controles repetidos en ninos menores de 2 anos,2006-03-01,102,102,110,212
LAJA,nutricion y desarrollo infantil,controles repetidos en ninos menores de 2 anos,2006-03-01,129,129,113,242
LAS CARRERAS,nutricion y desarrollo infantil,controles repetidos en ninos menores de 2 anos,2006-03-01,52,52,52,104
LICOMA PAMPA,nutricion y desarrollo infantil,controles repetidos en ninos menores de 2 anos,2006-03-01,19,19,16,35
LLALLAGUA,nutricion y desarrollo infantil,controles repetidos en ninos menores de 2 anos,2006-03-01,318,318,278,596
LLICA,nutricion y desarrollo infantil,controles repetidos en ninos menores de 2 anos,2006-03-01,38,38,30,68
LORETO,nutricion y desarrollo infantil,controles repetidos en ninos menores de 2 anos,2006-03-01,25,25,21,46
LURIBAY,nutricion y desarrollo infantil,controles repetidos en ninos menores de 2 anos,2006-03-01,109,109,106,215
MACHACAMARCA,nutricion y desarrollo infantil,controles repetidos en ninos menores de 2 anos,2006-03-01,45,45,42,87
MACHARETI,nutricion y desarrollo infantil,controles repetidos en ninos menores de 2 anos,2006-03-01,104,104,119,223
MAGDALENA,nutricion y desarrollo infantil,controles repetidos en ninos menores de 2 anos,2006-03-01,75,75,70,145
MAIRANA,nutricion y desarrollo infantil,controles repetidos en ninos menores de 2 anos,2006-03-01,86,86,83,169
MALLA,nutricion y desarrollo infantil,controles repetidos en ninos menores de 2 anos,2006-03-01,41,41,26,67
MAPIRI,nutricion y desarrollo infantil,controles repetidos en ninos menores de 2 anos,2006-03-01,137,137,121,258
MECAPACA,nutricion y desarrollo infantil,controles repetidos en ninos menores de 2 anos,2006-03-01,89,89,75,164
MINEROS,nutricion y desarrollo infantil,controles repetidos en ninos menores de 2 anos,2006-03-01,241,241,196,437
MIZQUE,nutricion y desarrollo infantil,controles repetidos en ninos menores de 2 anos,2006-03-01,156,156,136,292
MOCOMOCO,nutricion y desarrollo infantil,controles repetidos en ninos menores de 2 anos,2006-03-01,110,110,107,217
MOJOCOYA,nutricion y desarrollo infantil,controles repetidos en ninos menores de 2 anos,2006-03-01,102,102,83,185
MONTEAGUDO,nutricion y desarrollo infantil,controles repetidos en ninos menores de 2 anos,2006-03-01,268,268,256,524
MONTERO,nutricion y desarrollo infantil,controles repetidos en ninos menores de 2 anos,2006-03-01,1099,1099,1023,2122
MORO MORO,nutricion y desarrollo infantil,controles repetidos en ninos menores de 2 anos,2006-03-01,33,33,25,58
MOROCHATA,nutricion y desarrollo infantil,controles repetidos en ninos menores de 2 anos,2006-03-01,62,62,41,103
NACEBE (SANTA ROSA DEL ABUNA),nutricion y desarrollo infantil,controles repetidos en ninos menores de 2 anos,2006-03-01,11,11,13,24
NAZACARA DE PACAJES,nutricion y desarrollo infantil,controles repetidos en ninos menores de 2 anos,2006-03-01,3,3,1,4
NUEVO MANOA (NUEVA ESPERANZA),nutricion y desarrollo infantil,controles repetidos en ninos menores de 2 anos,2006-03-01,8,8,13,21
OCURI,nutricion y desarrollo infantil,controles repetidos en ninos menores de 2 anos,2006-03-01,325,325,240,565
OKINAWA,nutricion y desarrollo infantil,controles repetidos en ninos menores de 2 anos,2006-03-01,188,188,166,354
OMEREQUE,nutricion y desarrollo infantil,controles repetidos en ninos menores de 2 anos,2006-03-01,12,12,16,28
ORURO,nutricion y desarrollo infantil,controles repetidos en ninos menores de 2 anos,2006-03-01,1594,1594,1442,3036
PADCAYA,nutricion y desarrollo infantil,controles repetidos en ninos menores de 2 anos,2006-03-01,179,179,173,352
PADILLA,nutricion y desarrollo infantil,controles repetidos en ninos menores de 2 anos,2006-03-01,169,169,176,345
PAILON,nutricion y desarrollo infantil,controles repetidos en ninos menores de 2 anos,2006-03-01,174,174,136,310
PALCA,nutricion y desarrollo infantil,controles repetidos en ninos menores de 2 anos,2006-03-01,77,77,70,147
PALOS BLANCOS,nutricion y desarrollo infantil,controles repetidos en ninos menores de 2 anos,2006-03-01,314,314,280,594
PAMPA AULLAGAS,nutricion y desarrollo infantil,controles repetidos en ninos menores de 2 anos,2006-03-01,29,29,20,49
PAMPA GRANDE,nutricion y desarrollo infantil,controles repetidos en ninos menores de 2 anos,2006-03-01,79,79,83,162
PAPEL PAMPA,nutricion y desarrollo infantil,controles repetidos en ninos menores de 2 anos,2006-03-01,27,27,14,41
PASORAPA,nutricion y desarrollo infantil,controles repetidos en ninos menores de 2 anos,2006-03-01,46,46,44,90
PATACAMAYA,nutricion y desarrollo infantil,controles repetidos en ninos menores de 2 anos,2006-03-01,192,192,174,366
PAZÑA,nutricion y desarrollo infantil,controles repetidos en ninos menores de 2 anos,2006-03-01,39,39,56,95
PELECHUCO,nutricion y desarrollo infantil,controles repetidos en ninos menores de 2 anos,2006-03-01,37,37,26,63
POCOATA,nutricion y desarrollo infantil,controles repetidos en ninos menores de 2 anos,2006-03-01,174,174,195,369
POCONA,nutricion y desarrollo infantil,controles repetidos en ninos menores de 2 anos,2006-03-01,45,45,34,79
POJO (CBBA),nutricion y desarrollo infantil,controles repetidos en ninos menores de 2 anos,2006-03-01,156,156,161,317
POOPO,nutricion y desarrollo infantil,controles repetidos en ninos menores de 2 anos,2006-03-01,57,57,58,115
PORCO,nutricion y desarrollo infantil,controles repetidos en ninos menores de 2 anos,2006-03-01,64,64,61,125
POROMA,nutricion y desarrollo infantil,controles repetidos en ninos menores de 2 anos,2006-03-01,174,174,141,315
PORONGO,nutricion y desarrollo infantil,controles repetidos en ninos menores de 2 anos,2006-03-01,72,72,54,126
PORTACHUELO,nutricion y desarrollo infantil,controles repetidos en ninos menores de 2 anos,2006-03-01,164,164,128,292
PORVENIR,nutricion y desarrollo infantil,controles repetidos en ninos menores de 2 anos,2006-03-01,48,48,48,96
POSTRER VALLE,nutricion y desarrollo infantil,controles repetidos en ninos menores de 2 anos,2006-03-01,30,30,14,44
POTOSI,nutricion y desarrollo infantil,controles repetidos en ninos menores de 2 anos,2006-03-01,1402,1402,1183,2585
PRESTO,nutricion y desarrollo infantil,controles repetidos en ninos menores de 2 anos,2006-03-01,147,147,129,276
PUCARA,nutricion y desarrollo infantil,controles repetidos en ninos menores de 2 anos,2006-03-01,9,9,6,15
PUCARANI,nutricion y desarrollo infantil,controles repetidos en ninos menores de 2 anos,2006-03-01,210,210,214,424
PUERTO ACOSTA,nutricion y desarrollo infantil,controles repetidos en ninos menores de 2 anos,2006-03-01,127,127,118,245
PUERTO CARABUCO,nutricion y desarrollo infantil,controles repetidos en ninos menores de 2 anos,2006-03-01,141,141,136,277
PUERTO GONZALO MORENO,nutricion y desarrollo infantil,controles repetidos en ninos menores de 2 anos,2006-03-01,76,76,48,124
PUERTO PEREZ,nutricion y desarrollo infantil,controles repetidos en ninos menores de 2 anos,2006-03-01,58,58,52,110
PUERTO QUIJARRO,nutricion y desarrollo infantil,controles repetidos en ninos menores de 2 anos,2006-03-01,95,95,101,196
PUERTO RICO,nutricion y desarrollo infantil,controles repetidos en ninos menores de 2 anos,2006-03-01,103,103,109,212
PUERTO SILES,nutricion y desarrollo infantil,controles repetidos en ninos menores de 2 anos,2006-03-01,9,9,6,15
PUERTO SUAREZ,nutricion y desarrollo infantil,controles repetidos en ninos menores de 2 anos,2006-03-01,104,104,93,197
PUERTO VILLARROEL,nutricion y desarrollo infantil,controles repetidos en ninos menores de 2 anos,2006-03-01,126,126,125,251
PUNA,nutricion y desarrollo infantil,controles repetidos en ninos menores de 2 anos,2006-03-01,296,296,282,578
PUNATA,nutricion y desarrollo infantil,controles repetidos en ninos menores de 2 anos,2006-03-01,103,103,117,220
QUIABAYA,nutricion y desarrollo infantil,controles repetidos en ninos menores de 2 anos,2006-03-01,10,10,8,18
QUILLACOLLO,nutricion y desarrollo infantil,controles repetidos en ninos menores de 2 anos,2006-03-01,346,346,314,660
QUIME,nutricion y desarrollo infantil,controles repetidos en ninos menores de 2 anos,2006-03-01,97,97,89,186
QUIRUSILLAS,nutricion y desarrollo infantil,controles repetidos en ninos menores de 2 anos,2006-03-01,35,35,15,50
RAVELO,nutricion y desarrollo infantil,controles repetidos en ninos menores de 2 anos,2006-03-01,344,344,302,646
REYES,nutricion y desarrollo infantil,controles repetidos en ninos menores de 2 anos,2006-03-01,112,112,122,234
RIBERALTA,nutricion y desarrollo infantil,controles repetidos en ninos menores de 2 anos,2006-03-01,1009,1009,940,1949
ROBORE,nutricion y desarrollo infantil,controles repetidos en ninos menores de 2 anos,2006-03-01,107,107,102,209
RURRENABAQUE,nutricion y desarrollo infantil,controles repetidos en ninos menores de 2 anos,2006-03-01,207,207,157,364
SABAYA,nutricion y desarrollo infantil,controles repetidos en ninos menores de 2 anos,2006-03-01,29,29,17,46
SACABA,nutricion y desarrollo infantil,controles repetidos en ninos menores de 2 anos,2006-03-01,388,388,348,736
SACABAMBA,nutricion y desarrollo infantil,controles repetidos en ninos menores de 2 anos,2006-03-01,35,35,18,53
SACACA,nutricion y desarrollo infantil,controles repetidos en ninos menores de 2 anos,2006-03-01,272,272,265,537
SAIPINA,nutricion y desarrollo infantil,controles repetidos en ninos menores de 2 anos,2006-03-01,74,74,69,143
SALINAS DE GARCI MENDOZA,nutricion y desarrollo infantil,controles repetidos en ninos menores de 2 anos,2006-03-01,99,99,99,198
SAMAIPATA,nutricion y desarrollo infantil,controles repetidos en ninos menores de 2 anos,2006-03-01,104,104,75,179
SAN AGUSTIN,nutricion y desarrollo infantil,controles repetidos en ninos menores de 2 anos,2006-03-01,16,16,23,39
SAN ANDRES,nutricion y desarrollo infantil,controles repetidos en ninos menores de 2 anos,2006-03-01,94,94,81,175
SAN ANDRES DE MACHACA,nutricion y desarrollo infantil,controles repetidos en ninos menores de 2 anos,2006-03-01,29,29,23,52
SAN ANTONIO DE ESMORUCO,nutricion y desarrollo infantil,controles repetidos en ninos menores de 2 anos,2006-03-01,24,24,26,50
SAN ANTONIO DE LOMERIO,nutricion y desarrollo infantil,controles repetidos en ninos menores de 2 anos,2006-03-01,132,132,107,239
SAN BENITO,nutricion y desarrollo infantil,controles repetidos en ninos menores de 2 anos,2006-03-01,57,57,40,97
SAN BORJA,nutricion y desarrollo infantil,controles repetidos en ninos menores de 2 anos,2006-03-01,459,459,422,881
SAN BUENA VENTURA,nutricion y desarrollo infantil,controles repetidos en ninos menores de 2 anos,2006-03-01,84,84,73,157
SAN CARLOS,nutricion y desarrollo infantil,controles repetidos en ninos menores de 2 anos,2006-03-01,236,236,229,465
SAN IGNACIO,nutricion y desarrollo infantil,controles repetidos en ninos menores de 2 anos,2006-03-01,228,228,215,443
SAN IGNACIO DE VELASCO,nutricion y desarrollo infantil,controles repetidos en ninos menores de 2 anos,2006-03-01,665,665,604,1269
SAN JAVIER(BNI),nutricion y desarrollo infantil,controles repetidos en ninos menores de 2 anos,2006-03-01,22,22,27,49
SAN JAVIER(STC),nutricion y desarrollo infantil,controles repetidos en ninos menores de 2 anos,2006-03-01,125,125,122,247
SAN JOAQUIN,nutricion y desarrollo infantil,controles repetidos en ninos menores de 2 anos,2006-03-01,36,36,36,72
SAN JOSE DE CHIQUITOS,nutricion y desarrollo infantil,controles repetidos en ninos menores de 2 anos,2006-03-01,133,133,129,262
SAN JUAN DE YAPACANI,nutricion y desarrollo infantil,controles repetidos en ninos menores de 2 anos,2006-03-01,158,158,137,295
SAN JULIAN,nutricion y desarrollo infantil,controles repetidos en ninos menores de 2 anos,2006-03-01,148,148,140,288
SAN LORENZO(PND),nutricion y desarrollo infantil,controles repetidos en ninos menores de 2 anos,2006-03-01,74,74,65,139
SAN LORENZO(TJA),nutricion y desarrollo infantil,controles repetidos en ninos menores de 2 anos,2006-03-01,208,208,174,382
SAN LUCAS,nutricion y desarrollo infantil,controles repetidos en ninos menores de 2 anos,2006-03-01,554,554,478,1032
SAN MATIAS,nutricion y desarrollo infantil,controles repetidos en ninos menores de 2 anos,2006-03-01,111,111,111,222
SAN MIGUEL DE VELASCO,nutricion y desarrollo infantil,controles repetidos en ninos menores de 2 anos,2006-03-01,142,142,113,255
SAN PABLO DE LIPEZ,nutricion y desarrollo infantil,controles repetidos en ninos menores de 2 anos,2006-03-01,31,31,31,62
SAN PEDRO,nutricion y desarrollo infantil,controles repetidos en ninos menores de 2 anos,2006-03-01,166,166,144,310
SAN PEDRO DE BUENA VISTA,nutricion y desarrollo infantil,controles repetidos en ninos menores de 2 anos,2006-03-01,197,197,192,389
SAN PEDRO DE CURAHUARA,nutricion y desarrollo infantil,controles repetidos en ninos menores de 2 anos,2006-03-01,46,46,45,91
SAN PEDRO DE QUEMES,nutricion y desarrollo infantil,controles repetidos en ninos menores de 2 anos,2006-03-01,4,4,7,11
SAN PEDRO DE TIQUINA,nutricion y desarrollo infantil,controles repetidos en ninos menores de 2 anos,2006-03-01,32,32,33,65
SAN RAFAEL,nutricion y desarrollo infantil,controles repetidos en ninos menores de 2 anos,2006-03-01,58,58,58,116
SAN RAMON,nutricion y desarrollo infantil,controles repetidos en ninos menores de 2 anos,2006-03-01,52,52,21,73
SAN RAMON,nutricion y desarrollo infantil,controles repetidos en ninos menores de 2 anos,2006-03-01,45,45,47,92
SANTA ANA,nutricion y desarrollo infantil,controles repetidos en ninos menores de 2 anos,2006-03-01,153,153,138,291
SANTA CRUZ DE LA SIERRA,nutricion y desarrollo infantil,controles repetidos en ninos menores de 2 anos,2006-03-01,4925,4925,4722,9647
SANTA ROSA,nutricion y desarrollo infantil,controles repetidos en ninos menores de 2 anos,2006-03-01,72,72,82,154
SANTA ROSA DEL SARA,nutricion y desarrollo infantil,controles repetidos en ninos menores de 2 anos,2006-03-01,57,57,69,126
SANTIAGO DE CALLAPA,nutricion y desarrollo infantil,controles repetidos en ninos menores de 2 anos,2006-03-01,20,20,27,47
SANTIAGO DE HUARI,nutricion y desarrollo infantil,controles repetidos en ninos menores de 2 anos,2006-03-01,40,40,38,78
SANTIAGO DE MACHACA,nutricion y desarrollo infantil,controles repetidos en ninos menores de 2 anos,2006-03-01,30,30,29,59
SANTIVAÑES,nutricion y desarrollo infantil,controles repetidos en ninos menores de 2 anos,2006-03-01,60,60,61,121
SANTUARIO DE QUILLACAS,nutricion y desarrollo infantil,controles repetidos en ninos menores de 2 anos,2006-03-01,21,21,22,43
SAPAHAQUI,nutricion y desarrollo infantil,controles repetidos en ninos menores de 2 anos,2006-03-01,93,93,84,177
SENA,nutricion y desarrollo infantil,controles repetidos en ninos menores de 2 anos,2006-03-01,67,67,42,109
SICA SICA (VILLA AROMA),nutricion y desarrollo infantil,controles repetidos en ninos menores de 2 anos,2006-03-01,198,198,208,406
SICAYA,nutricion y desarrollo infantil,controles repetidos en ninos menores de 2 anos,2006-03-01,45,45,29,74
SIPE SIPE,nutricion y desarrollo infantil,controles repetidos en ninos menores de 2 anos,2006-03-01,177,177,146,323
SOPACHUY,nutricion y desarrollo infantil,controles repetidos en ninos menores de 2 anos,2006-03-01,135,135,134,269
SORACACHI,nutricion y desarrollo infantil,controles repetidos en ninos menores de 2 anos,2006-03-01,60,60,64,124
SORATA,nutricion y desarrollo infantil,controles repetidos en ninos menores de 2 anos,2006-03-01,126,126,91,217
SUCRE,nutricion y desarrollo infantil,controles repetidos en ninos menores de 2 anos,2006-03-01,1242,1242,1141,2383
TACACHI,nutricion y desarrollo infantil,controles repetidos en ninos menores de 2 anos,2006-03-01,3,3,9,12
TACACOMA,nutricion y desarrollo infantil,controles repetidos en ninos menores de 2 anos,2006-03-01,45,45,28,73
TACOBAMBA,nutricion y desarrollo infantil,controles repetidos en ninos menores de 2 anos,2006-03-01,97,97,92,189
TACOPAYA,nutricion y desarrollo infantil,controles repetidos en ninos menores de 2 anos,2006-03-01,88,88,69,157
TAHUA,nutricion y desarrollo infantil,controles repetidos en ninos menores de 2 anos,2006-03-01,8,8,9,17
TAPACARI,nutricion y desarrollo infantil,controles repetidos en ninos menores de 2 anos,2006-03-01,209,209,204,413
TARABUCO,nutricion y desarrollo infantil,controles repetidos en ninos menores de 2 anos,2006-03-01,273,273,292,565
TARACO,nutricion y desarrollo infantil,controles repetidos en ninos menores de 2 anos,2006-03-01,20,20,21,41
TARATA,nutricion y desarrollo infantil,controles repetidos en ninos menores de 2 anos,2006-03-01,47,47,59,106
TARIJA,nutricion y desarrollo infantil,controles repetidos en ninos menores de 2 anos,2006-03-01,1007,1007,921,1928
TARVITA,nutricion y desarrollo infantil,controles repetidos en ninos menores de 2 anos,2006-03-01,252,252,219,471
TEOPONTE,nutricion y desarrollo infantil,controles repetidos en ninos menores de 2 anos,2006-03-01,82,82,70,152
TIAWANACU,nutricion y desarrollo infantil,controles repetidos en ninos menores de 2 anos,2006-03-01,82,82,84,166
TINGUIPAYA,nutricion y desarrollo infantil,controles repetidos en ninos menores de 2 anos,2006-03-01,173,173,158,331
TIPUANI,nutricion y desarrollo infantil,controles repetidos en ninos menores de 2 anos,2006-03-01,93,93,66,159
TIQUIPAYA,nutricion y desarrollo infantil,controles repetidos en ninos menores de 2 anos,2006-03-01,66,66,52,118
TIRAQUE (CBBA),nutricion y desarrollo infantil,controles repetidos en ninos menores de 2 anos,2006-03-01,165,165,140,305
TITO YUPANQUI (PARQUIPUJIO),nutricion y desarrollo infantil,controles repetidos en ninos menores de 2 anos,2006-03-01,6,6,12,18
TOCO,nutricion y desarrollo infantil,controles repetidos en ninos menores de 2 anos,2006-03-01,30,30,16,46
TODOS SANTOS,nutricion y desarrollo infantil,controles repetidos en ninos menores de 2 anos,2006-03-01,2,2,1,3
TOLATA,nutricion y desarrollo infantil,controles repetidos en ninos menores de 2 anos,2006-03-01,11,11,20,31
TOLEDO,nutricion y desarrollo infantil,controles repetidos en ninos menores de 2 anos,2006-03-01,42,42,32,74
TOMAVE,nutricion y desarrollo infantil,controles repetidos en ninos menores de 2 anos,2006-03-01,103,103,99,202
TOMINA,nutricion y desarrollo infantil,controles repetidos en ninos menores de 2 anos,2006-03-01,222,222,185,407
TORO TORO,nutricion y desarrollo infantil,controles repetidos en ninos menores de 2 anos,2006-03-01,224,224,210,434
TOTORA(CBBA),nutricion y desarrollo infantil,controles repetidos en ninos menores de 2 anos,2006-03-01,99,99,88,187
TOTORA(ORR),nutricion y desarrollo infantil,controles repetidos en ninos menores de 2 anos,2006-03-01,16,16,18,34
TRIGAL,nutricion y desarrollo infantil,controles repetidos en ninos menores de 2 anos,2006-03-01,13,13,14,27
TRINIDAD,nutricion y desarrollo infantil,controles repetidos en ninos menores de 2 anos,2006-03-01,601,601,498,1099
TUPIZA,nutricion y desarrollo infantil,controles repetidos en ninos menores de 2 anos,2006-03-01,366,366,357,723
TURCO,nutricion y desarrollo infantil,controles repetidos en ninos menores de 2 anos,2006-03-01,31,31,31,62
UMALA,nutricion y desarrollo infantil,controles repetidos en ninos menores de 2 anos,2006-03-01,35,35,30,65
UNCIA,nutricion y desarrollo infantil,controles repetidos en ninos menores de 2 anos,2006-03-01,138,138,123,261
URIONDO (A. CONCEPCION),nutricion y desarrollo infantil,controles repetidos en ninos menores de 2 anos,2006-03-01,184,184,182,366
UYUNI,nutricion y desarrollo infantil,controles repetidos en ninos menores de 2 anos,2006-03-01,283,283,227,510
VACAS,nutricion y desarrollo infantil,controles repetidos en ninos menores de 2 anos,2006-03-01,67,67,49,116
VALLEGRANDE,nutricion y desarrollo infantil,controles repetidos en ninos menores de 2 anos,2006-03-01,132,132,150,282
VIACHA,nutricion y desarrollo infantil,controles repetidos en ninos menores de 2 anos,2006-03-01,214,214,182,396
VILA VILA,nutricion y desarrollo infantil,controles repetidos en ninos menores de 2 anos,2006-03-01,41,41,41,82
VILLA MONTES,nutricion y desarrollo infantil,controles repetidos en ninos menores de 2 anos,2006-03-01,253,253,222,475
VILLA NUEVA (LOMA ALTA),nutricion y desarrollo infantil,controles repetidos en ninos menores de 2 anos,2006-03-01,8,8,17,25
VILLA RIVERO,nutricion y desarrollo infantil,controles repetidos en ninos menores de 2 anos,2006-03-01,37,37,38,75
VILLA SERRANO,nutricion y desarrollo infantil,controles repetidos en ninos menores de 2 anos,2006-03-01,213,213,197,410
VILLA TUNARI,nutricion y desarrollo infantil,controles repetidos en ninos menores de 2 anos,2006-03-01,347,347,274,621
VILLA VACA GUZMAN (MUYUPAMPA),nutricion y desarrollo infantil,controles repetidos en ninos menores de 2 anos,2006-03-01,123,123,117,240
VILLAZON,nutricion y desarrollo infantil,controles repetidos en ninos menores de 2 anos,2006-03-01,401,401,364,765
VINTO,nutricion y desarrollo infantil,controles repetidos en ninos menores de 2 anos,2006-03-01,95,95,84,179
VITICHI,nutricion y desarrollo infantil,controles repetidos en ninos menores de 2 anos,2006-03-01,133,133,150,283
WALDO BALLIVIAN,nutricion y desarrollo infantil,controles repetidos en ninos menores de 2 anos,2006-03-01,15,15,16,31
WARNES,nutricion y desarrollo infantil,controles repetidos en ninos menores de 2 anos,2006-03-01,481,481,419,900
YACO,nutricion y desarrollo infantil,controles repetidos en ninos menores de 2 anos,2006-03-01,64,64,64,128
YACUIBA,nutricion y desarrollo infantil,controles repetidos en ninos menores de 2 anos,2006-03-01,406,406,363,769
YAMPARAEZ,nutricion y desarrollo infantil,controles repetidos en ninos menores de 2 anos,2006-03-01,148,148,140,288
YANACACHI,nutricion y desarrollo infantil,controles repetidos en ninos menores de 2 anos,2006-03-01,28,28,27,55
YAPACANI,nutricion y desarrollo infantil,controles repetidos en ninos menores de 2 anos,2006-03-01,571,571,545,1116
YOCALLA,nutricion y desarrollo infantil,controles repetidos en ninos menores de 2 anos,2006-03-01,15,15,16,31
YOTALA,nutricion y desarrollo infantil,controles repetidos en ninos menores de 2 anos,2006-03-01,85,85,70,155
YUNCHARA,nutricion y desarrollo infantil,controles repetidos en ninos menores de 2 anos,2006-03-01,46,46,49,95
ZUDAÑEZ,nutricion y desarrollo infantil,controles repetidos en ninos menores de 2 anos,2006-03-01,111,111,90,201
ACACIO,nutricion y desarrollo infantil,controles repetidos en ninos menores de 2 anos,2006-04-01,100,100,103,203
ACHACACHI,nutricion y desarrollo infantil,controles repetidos en ninos menores de 2 anos,2006-04-01,281,281,275,556
ACHOCALLA,nutricion y desarrollo infantil,controles repetidos en ninos menores de 2 anos,2006-04-01,51,51,48,99
AIQUILE,nutricion y desarrollo infantil,controles repetidos en ninos menores de 2 anos,2006-04-01,81,81,90,171
ALALAY,nutricion y desarrollo infantil,controles repetidos en ninos menores de 2 anos,2006-04-01,27,27,20,47
ALCALA,nutricion y desarrollo infantil,controles repetidos en ninos menores de 2 anos,2006-04-01,57,57,54,111
ANCORAIMES,nutricion y desarrollo infantil,controles repetidos en ninos menores de 2 anos,2006-04-01,111,111,110,221
ANDAMARCA,nutricion y desarrollo infantil,controles repetidos en ninos menores de 2 anos,2006-04-01,27,27,41,68
ANTEQUERA,nutricion y desarrollo infantil,controles repetidos en ninos menores de 2 anos,2006-04-01,25,25,27,52
ANZALDO,nutricion y desarrollo infantil,controles repetidos en ninos menores de 2 anos,2006-04-01,8,8,9,17
APOLO,nutricion y desarrollo infantil,controles repetidos en ninos menores de 2 anos,2006-04-01,143,143,124,267
ARAMPAMPA,nutricion y desarrollo infantil,controles repetidos en ninos menores de 2 anos,2006-04-01,50,50,40,90
ARANI,nutricion y desarrollo infantil,controles repetidos en ninos menores de 2 anos,2006-04-01,31,31,39,70
ARBIETO,nutricion y desarrollo infantil,controles repetidos en ninos menores de 2 anos,2006-04-01,21,21,12,33
ARQUE,nutricion y desarrollo infantil,controles repetidos en ninos menores de 2 anos,2006-04-01,72,72,74,146
ASCENCION DE GUARAYOS,nutricion y desarrollo infantil,controles repetidos en ninos menores de 2 anos,2006-04-01,319,319,324,643
ATOCHA,nutricion y desarrollo infantil,controles repetidos en ninos menores de 2 anos,2006-04-01,161,161,153,314
AUCAPATA,nutricion y desarrollo infantil,controles repetidos en ninos menores de 2 anos,2006-04-01,76,76,61,137
AYATA,nutricion y desarrollo infantil,controles repetidos en ninos menores de 2 anos,2006-04-01,76,76,67,143
AYO AYO,nutricion y desarrollo infantil,controles repetidos en ninos menores de 2 anos,2006-04-01,40,40,34,74
AYOPAYA (V. DE INDEPENDENCIA),nutricion y desarrollo infantil,controles repetidos en ninos menores de 2 anos,2006-04-01,212,212,193,405
AZURDUY,nutricion y desarrollo infantil,controles repetidos en ninos menores de 2 anos,2006-04-01,285,285,262,547
BATALLAS,nutricion y desarrollo infantil,controles repetidos en ninos menores de 2 anos,2006-04-01,96,96,78,174
BAURES,nutricion y desarrollo infantil,controles repetidos en ninos menores de 2 anos,2006-04-01,32,32,42,74
BELEN DE ANDAMARCA,nutricion y desarrollo infantil,controles repetidos en ninos menores de 2 anos,2006-04-01,5,5,3,8
BELEN DE URMIRI,nutricion y desarrollo infantil,controles repetidos en ninos menores de 2 anos,2006-04-01,17,17,7,24
BELLA FLOR,nutricion y desarrollo infantil,controles repetidos en ninos menores de 2 anos,2006-04-01,31,31,39,70
BERMEJO,nutricion y desarrollo infantil,controles repetidos en ninos menores de 2 anos,2006-04-01,74,74,62,136
BETANZOS,nutricion y desarrollo infantil,controles repetidos en ninos menores de 2 anos,2006-04-01,202,202,204,406
BOLIVAR,nutricion y desarrollo infantil,controles repetidos en ninos menores de 2 anos,2006-04-01,67,67,69,136
BOLPEBRA,nutricion y desarrollo infantil,controles repetidos en ninos menores de 2 anos,2006-04-01,18,18,19,37
BOYUIBE,nutricion y desarrollo infantil,controles repetidos en ninos menores de 2 anos,2006-04-01,42,42,24,66
BUENA VISTA,nutricion y desarrollo infantil,controles repetidos en ninos menores de 2 anos,2006-04-01,219,219,156,375
CABEZAS,nutricion y desarrollo infantil,controles repetidos en ninos menores de 2 anos,2006-04-01,147,147,139,286
CAIROMA,nutricion y desarrollo infantil,controles repetidos en ninos menores de 2 anos,2006-04-01,166,166,162,328
"CAIZA ""D""",nutricion y desarrollo infantil,controles repetidos en ninos menores de 2 anos,2006-04-01,91,91,68,159
CAJUATA,nutricion y desarrollo infantil,controles repetidos en ninos menores de 2 anos,2006-04-01,82,82,73,155
CALACOTO,nutricion y desarrollo infantil,controles repetidos en ninos menores de 2 anos,2006-04-01,33,33,45,78
CALAMARCA,nutricion y desarrollo infantil,controles repetidos en ninos menores de 2 anos,2006-04-01,176,176,186,362
CAMARGO,nutricion y desarrollo infantil,controles repetidos en ninos menores de 2 anos,2006-04-01,204,204,209,413
CAMATAQUI (C. VILLA ABECIA),nutricion y desarrollo infantil,controles repetidos en ninos menores de 2 anos,2006-04-01,43,43,32,75
CAMIRI,nutricion y desarrollo infantil,controles repetidos en ninos menores de 2 anos,2006-04-01,322,322,308,630
CAPINOTA,nutricion y desarrollo infantil,controles repetidos en ninos menores de 2 anos,2006-04-01,79,79,78,157
CAQUIAVIRI,nutricion y desarrollo infantil,controles repetidos en ninos menores de 2 anos,2006-04-01,54,54,54,108
CARACOLLO,nutricion y desarrollo infantil,controles repetidos en ninos menores de 2 anos,2006-04-01,119,119,101,220
CARANAVI,nutricion y desarrollo infantil,controles repetidos en ninos menores de 2 anos,2006-04-01,494,494,260,754
CARAPARI,nutricion y desarrollo infantil,controles repetidos en ninos menores de 2 anos,2006-04-01,93,93,108,201
CARIPUYO,nutricion y desarrollo infantil,controles repetidos en ninos menores de 2 anos,2006-04-01,94,94,115,209
CARMEN RIVERO TORREZ,nutricion y desarrollo infantil,controles repetidos en ninos menores de 2 anos,2006-04-01,25,25,29,54
CATACORA,nutricion y desarrollo infantil,controles repetidos en ninos menores de 2 anos,2006-04-01,2,2,2,4
CHACARILLA,nutricion y desarrollo infantil,controles repetidos en ninos menores de 2 anos,2006-04-01,9,9,6,15
CHALLAPATA,nutricion y desarrollo infantil,controles repetidos en ninos menores de 2 anos,2006-04-01,242,242,198,440
CHAQUI,nutricion y desarrollo infantil,controles repetidos en ninos menores de 2 anos,2006-04-01,45,45,38,83
CHARAGUA,nutricion y desarrollo infantil,controles repetidos en ninos menores de 2 anos,2006-04-01,274,274,231,505
CHARAÑA,nutricion y desarrollo infantil,controles repetidos en ninos menores de 2 anos,2006-04-01,19,19,16,35
CHAYANTA,nutricion y desarrollo infantil,controles repetidos en ninos menores de 2 anos,2006-04-01,142,142,122,264
CHIMORE,nutricion y desarrollo infantil,controles repetidos en ninos menores de 2 anos,2006-04-01,61,61,45,106
CHIPAYA,nutricion y desarrollo infantil,controles repetidos en ninos menores de 2 anos,2006-04-01,12,12,20,32
CHOQUE COTA,nutricion y desarrollo infantil,controles repetidos en ninos menores de 2 anos,2006-04-01,4,4,1,5
CHULUMANI (V. DE LA LIBERTAD),nutricion y desarrollo infantil,controles repetidos en ninos menores de 2 anos,2006-04-01,139,139,130,269
CHUMA,nutricion y desarrollo infantil,controles repetidos en ninos menores de 2 anos,2006-04-01,73,73,73,146
CLIZA,nutricion y desarrollo infantil,controles repetidos en ninos menores de 2 anos,2006-04-01,134,134,121,255
COBIJA,nutricion y desarrollo infantil,controles repetidos en ninos menores de 2 anos,2006-04-01,328,328,319,647
COCHABAMBA,nutricion y desarrollo infantil,controles repetidos en ninos menores de 2 anos,2006-04-01,1863,1863,1583,3446
COIPASA,nutricion y desarrollo infantil,controles repetidos en ninos menores de 2 anos,2006-04-01,3,3,3,6
COLCAPIRHUA,nutricion y desarrollo infantil,controles repetidos en ninos menores de 2 anos,2006-04-01,110,110,95,205
"COLCHA ""K""",nutricion y desarrollo infantil,controles repetidos en ninos menores de 2 anos,2006-04-01,98,98,112,210
COLLANA,nutricion y desarrollo infantil,controles repetidos en ninos menores de 2 anos,2006-04-01,14,14,11,25
COLOMI,nutricion y desarrollo infantil,controles repetidos en ninos menores de 2 anos,2006-04-01,66,66,46,112
COLPA BELGICA,nutricion y desarrollo infantil,controles repetidos en ninos menores de 2 anos,2006-04-01,50,50,50,100
COLQUECHACA,nutricion y desarrollo infantil,controles repetidos en ninos menores de 2 anos,2006-04-01,234,234,191,425
COLQUENCHA,nutricion y desarrollo infantil,controles repetidos en ninos menores de 2 anos,2006-04-01,28,28,38,66
COLQUIRI,nutricion y desarrollo infantil,controles repetidos en ninos menores de 2 anos,2006-04-01,143,143,136,279
COMANCHE,nutricion y desarrollo infantil,controles repetidos en ninos menores de 2 anos,2006-04-01,19,19,13,32
COMARAPA,nutricion y desarrollo infantil,controles repetidos en ninos menores de 2 anos,2006-04-01,156,156,158,314
COMBAYA,nutricion y desarrollo infantil,controles repetidos en ninos menores de 2 anos,2006-04-01,11,11,8,19
CONCEPCION,nutricion y desarrollo infantil,controles repetidos en ninos menores de 2 anos,2006-04-01,210,210,195,405
COPACABANA,nutricion y desarrollo infantil,controles repetidos en ninos menores de 2 anos,2006-04-01,106,106,91,197
CORIPATA,nutricion y desarrollo infantil,controles repetidos en ninos menores de 2 anos,2006-04-01,136,136,139,275
CORO CORO,nutricion y desarrollo infantil,controles repetidos en ninos menores de 2 anos,2006-04-01,76,76,69,145
COROICO,nutricion y desarrollo infantil,controles repetidos en ninos menores de 2 anos,2006-04-01,102,102,149,251
CORQUE,nutricion y desarrollo infantil,controles repetidos en ninos menores de 2 anos,2006-04-01,45,45,45,90
COTAGAITA,nutricion y desarrollo infantil,controles repetidos en ninos menores de 2 anos,2006-04-01,305,305,301,606
COTOCA,nutricion y desarrollo infantil,controles repetidos en ninos menores de 2 anos,2006-04-01,203,203,225,428
CUATRO CAÑADAS,nutricion y desarrollo infantil,controles repetidos en ninos menores de 2 anos,2006-04-01,72,72,57,129
CUCHUMUELA (V. G. VILLARROEL),nutricion y desarrollo infantil,controles repetidos en ninos menores de 2 anos,2006-04-01,25,25,12,37
CUEVO,nutricion y desarrollo infantil,controles repetidos en ninos menores de 2 anos,2006-04-01,39,39,56,95
CULPINA,nutricion y desarrollo infantil,controles repetidos en ninos menores de 2 anos,2006-04-01,280,280,242,522
CURAHUARA DE CARANGAS,nutricion y desarrollo infantil,controles repetidos en ninos menores de 2 anos,2006-04-01,33,33,38,71
CURVA,nutricion y desarrollo infantil,controles repetidos en ninos menores de 2 anos,2006-04-01,26,26,19,45
DESAGUADERO,nutricion y desarrollo infantil,controles repetidos en ninos menores de 2 anos,2006-04-01,35,35,30,65
EL ALTO,nutricion y desarrollo infantil,controles repetidos en ninos menores de 2 anos,2006-04-01,3764,3764,3294,7058
EL CHORO,nutricion y desarrollo infantil,controles repetidos en ninos menores de 2 anos,2006-04-01,9,9,6,15
EL PUENTE(STC),nutricion y desarrollo infantil,controles repetidos en ninos menores de 2 anos,2006-04-01,83,83,81,164
EL PUENTE(TJA),nutricion y desarrollo infantil,controles repetidos en ninos menores de 2 anos,2006-04-01,81,81,61,142
EL TORNO,nutricion y desarrollo infantil,controles repetidos en ninos menores de 2 anos,2006-04-01,136,136,150,286
EL VILLAR,nutricion y desarrollo infantil,controles repetidos en ninos menores de 2 anos,2006-04-01,94,94,88,182
ENTRE RIOS,nutricion y desarrollo infantil,controles repetidos en ninos menores de 2 anos,2006-04-01,212,212,182,394
ENTRE RIOS,nutricion y desarrollo infantil,controles repetidos en ninos menores de 2 anos,2006-04-01,161,161,97,258
ESCARA,nutricion y desarrollo infantil,controles repetidos en ninos menores de 2 anos,2006-04-01,0,0,2,2
EUCALIPTUS,nutricion y desarrollo infantil,controles repetidos en ninos menores de 2 anos,2006-04-01,42,42,37,79
EUREKA (SANTOS MERCADO),nutricion y desarrollo infantil,controles repetidos en ninos menores de 2 anos,2006-04-01,2,2,2,4
EXALTACION,nutricion y desarrollo infantil,controles repetidos en ninos menores de 2 anos,2006-04-01,26,26,26,52
FERNANDEZ ALONSO,nutricion y desarrollo infantil,controles repetidos en ninos menores de 2 anos,2006-04-01,124,124,91,215
FILADELFIA,nutricion y desarrollo infantil,controles repetidos en ninos menores de 2 anos,2006-04-01,28,28,23,51
GENERAL SAAVEDRA,nutricion y desarrollo infantil,controles repetidos en ninos menores de 2 anos,2006-04-01,97,97,102,199
GRAL. J.J. PEREZ (CHARAZANI),nutricion y desarrollo infantil,controles repetidos en ninos menores de 2 anos,2006-04-01,79,79,66,145
GUANAY,nutricion y desarrollo infantil,controles repetidos en ninos menores de 2 anos,2006-04-01,137,137,95,232
GUAQUI,nutricion y desarrollo infantil,controles repetidos en ninos menores de 2 anos,2006-04-01,32,32,33,65
GUAYARAMERIN,nutricion y desarrollo infantil,controles repetidos en ninos menores de 2 anos,2006-04-01,443,443,410,853
GUTIERREZ,nutricion y desarrollo infantil,controles repetidos en ninos menores de 2 anos,2006-04-01,189,189,181,370
HUACARETA,nutricion y desarrollo infantil,controles repetidos en ninos menores de 2 anos,2006-04-01,120,120,129,249
HUACAYA (VILLA DE HUACAYA),nutricion y desarrollo infantil,controles repetidos en ninos menores de 2 anos,2006-04-01,50,50,51,101
HUACHACALLA,nutricion y desarrollo infantil,controles repetidos en ninos menores de 2 anos,2006-04-01,3,3,5,8
HUANUNI,nutricion y desarrollo infantil,controles repetidos en ninos menores de 2 anos,2006-04-01,198,198,142,340
HUARACAJE,nutricion y desarrollo infantil,controles repetidos en ninos menores de 2 anos,2006-04-01,29,29,24,53
HUAYLLAMARCA,nutricion y desarrollo infantil,controles repetidos en ninos menores de 2 anos,2006-04-01,16,16,22,38
ICHOCA,nutricion y desarrollo infantil,controles repetidos en ninos menores de 2 anos,2006-04-01,41,41,27,68
ICLA,nutricion y desarrollo infantil,controles repetidos en ninos menores de 2 anos,2006-04-01,184,184,196,380
INCAHUASI,nutricion y desarrollo infantil,controles repetidos en ninos menores de 2 anos,2006-04-01,274,274,265,539
INGAVI (HUMAITA),nutricion y desarrollo infantil,controles repetidos en ninos menores de 2 anos,2006-04-01,12,12,12,24
INQUISIVI,nutricion y desarrollo infantil,controles repetidos en ninos menores de 2 anos,2006-04-01,139,139,150,289
IRUPANA (VILLA DE LANZA),nutricion y desarrollo infantil,controles repetidos en ninos menores de 2 anos,2006-04-01,185,185,166,351
IXIAMAS,nutricion y desarrollo infantil,controles repetidos en ninos menores de 2 anos,2006-04-01,81,81,98,179
JESUS DE MACHACA,nutricion y desarrollo infantil,controles repetidos en ninos menores de 2 anos,2006-04-01,76,76,68,144
LA ASUNTA,nutricion y desarrollo infantil,controles repetidos en ninos menores de 2 anos,2006-04-01,232,232,205,437
LA GUARDIA,nutricion y desarrollo infantil,controles repetidos en ninos menores de 2 anos,2006-04-01,338,338,331,669
LA PAZ,nutricion y desarrollo infantil,controles repetidos en ninos menores de 2 anos,2006-04-01,3081,3081,2896,5977
LA RIVERA,nutricion y desarrollo infantil,controles repetidos en ninos menores de 2 anos,2006-04-01,0,0,5,5
LAGUNILLAS,nutricion y desarrollo infantil,controles repetidos en ninos menores de 2 anos,2006-04-01,99,99,94,193
LAJA,nutricion y desarrollo infantil,controles repetidos en ninos menores de 2 anos,2006-04-01,116,116,72,188
LAS CARRERAS,nutricion y desarrollo infantil,controles repetidos en ninos menores de 2 anos,2006-04-01,52,52,40,92
LICOMA PAMPA,nutricion y desarrollo infantil,controles repetidos en ninos menores de 2 anos,2006-04-01,5,5,7,12
LLALLAGUA,nutricion y desarrollo infantil,controles repetidos en ninos menores de 2 anos,2006-04-01,77,77,67,144
LLICA,nutricion y desarrollo infantil,controles repetidos en ninos menores de 2 anos,2006-04-01,32,32,31,63
LORETO,nutricion y desarrollo infantil,controles repetidos en ninos menores de 2 anos,2006-04-01,31,31,17,48
LURIBAY,nutricion y desarrollo infantil,controles repetidos en ninos menores de 2 anos,2006-04-01,135,135,103,238
MACHACAMARCA,nutricion y desarrollo infantil,controles repetidos en ninos menores de 2 anos,2006-04-01,19,19,30,49
MACHARETI,nutricion y desarrollo infantil,controles repetidos en ninos menores de 2 anos,2006-04-01,113,113,92,205
MAGDALENA,nutricion y desarrollo infantil,controles repetidos en ninos menores de 2 anos,2006-04-01,87,87,69,156
MAIRANA,nutricion y desarrollo infantil,controles repetidos en ninos menores de 2 anos,2006-04-01,70,70,58,128
MALLA,nutricion y desarrollo infantil,controles repetidos en ninos menores de 2 anos,2006-04-01,35,35,27,62
MAPIRI,nutricion y desarrollo infantil,controles repetidos en ninos menores de 2 anos,2006-04-01,183,183,144,327
MECAPACA,nutricion y desarrollo infantil,controles repetidos en ninos menores de 2 anos,2006-04-01,85,85,74,159
MINEROS,nutricion y desarrollo infantil,controles repetidos en ninos menores de 2 anos,2006-04-01,216,216,175,391
MIZQUE,nutricion y desarrollo infantil,controles repetidos en ninos menores de 2 anos,2006-04-01,115,115,130,245
MOCOMOCO,nutricion y desarrollo infantil,controles repetidos en ninos menores de 2 anos,2006-04-01,99,99,100,199
MOJINETE,nutricion y desarrollo infantil,controles repetidos en ninos menores de 2 anos,2006-04-01,9,9,1,10
MOJOCOYA,nutricion y desarrollo infantil,controles repetidos en ninos menores de 2 anos,2006-04-01,97,97,79,176
MONTEAGUDO,nutricion y desarrollo infantil,controles repetidos en ninos menores de 2 anos,2006-04-01,288,288,272,560
MONTERO,nutricion y desarrollo infantil,controles repetidos en ninos menores de 2 anos,2006-04-01,911,911,795,1706
MORO MORO,nutricion y desarrollo infantil,controles repetidos en ninos menores de 2 anos,2006-04-01,26,26,34,60
MOROCHATA,nutricion y desarrollo infantil,controles repetidos en ninos menores de 2 anos,2006-04-01,42,42,41,83
NACEBE (SANTA ROSA DEL ABUNA),nutricion y desarrollo infantil,controles repetidos en ninos menores de 2 anos,2006-04-01,17,17,22,39
NAZACARA DE PACAJES,nutricion y desarrollo infantil,controles repetidos en ninos menores de 2 anos,2006-04-01,3,3,1,4
NUEVO MANOA (NUEVA ESPERANZA),nutricion y desarrollo infantil,controles repetidos en ninos menores de 2 anos,2006-04-01,3,3,5,8
OCURI,nutricion y desarrollo infantil,controles repetidos en ninos menores de 2 anos,2006-04-01,181,181,171,352
OKINAWA,nutricion y desarrollo infantil,controles repetidos en ninos menores de 2 anos,2006-04-01,88,88,109,197
OMEREQUE,nutricion y desarrollo infantil,controles repetidos en ninos menores de 2 anos,2006-04-01,46,46,49,95
ORURO,nutricion y desarrollo infantil,controles repetidos en ninos menores de 2 anos,2006-04-01,1266,1266,1184,2450
PADCAYA,nutricion y desarrollo infantil,controles repetidos en ninos menores de 2 anos,2006-04-01,146,146,107,253
PADILLA,nutricion y desarrollo infantil,controles repetidos en ninos menores de 2 anos,2006-04-01,153,153,159,312
PAILON,nutricion y desarrollo infantil,controles repetidos en ninos menores de 2 anos,2006-04-01,142,142,144,286
PALCA,nutricion y desarrollo infantil,controles repetidos en ninos menores de 2 anos,2006-04-01,60,60,72,132
PALOS BLANCOS,nutricion y desarrollo infantil,controles repetidos en ninos menores de 2 anos,2006-04-01,311,311,162,473
PAMPA AULLAGAS,nutricion y desarrollo infantil,controles repetidos en ninos menores de 2 anos,2006-04-01,14,14,21,35
PAMPA GRANDE,nutricion y desarrollo infantil,controles repetidos en ninos menores de 2 anos,2006-04-01,50,50,58,108
PAPEL PAMPA,nutricion y desarrollo infantil,controles repetidos en ninos menores de 2 anos,2006-04-01,23,23,19,42
PASORAPA,nutricion y desarrollo infantil,controles repetidos en ninos menores de 2 anos,2006-04-01,43,43,46,89
PATACAMAYA,nutricion y desarrollo infantil,controles repetidos en ninos menores de 2 anos,2006-04-01,201,201,219,420
PAZÑA,nutricion y desarrollo infantil,controles repetidos en ninos menores de 2 anos,2006-04-01,51,51,47,98
PELECHUCO,nutricion y desarrollo infantil,controles repetidos en ninos menores de 2 anos,2006-04-01,32,32,31,63
POCOATA,nutricion y desarrollo infantil,controles repetidos en ninos menores de 2 anos,2006-04-01,188,188,209,397
POCONA,nutricion y desarrollo infantil,controles repetidos en ninos menores de 2 anos,2006-04-01,77,77,49,126
POJO (CBBA),nutricion y desarrollo infantil,controles repetidos en ninos menores de 2 anos,2006-04-01,142,142,130,272
POOPO,nutricion y desarrollo infantil,controles repetidos en ninos menores de 2 anos,2006-04-01,58,58,48,106
PORCO,nutricion y desarrollo infantil,controles repetidos en ninos menores de 2 anos,2006-04-01,33,33,41,74
POROMA,nutricion y desarrollo infantil,controles repetidos en ninos menores de 2 anos,2006-04-01,157,157,132,289
PORONGO,nutricion y desarrollo infantil,controles repetidos en ninos menores de 2 anos,2006-04-01,45,45,41,86
PORTACHUELO,nutricion y desarrollo infantil,controles repetidos en ninos menores de 2 anos,2006-04-01,147,147,149,296
PORVENIR,nutricion y desarrollo infantil,controles repetidos en ninos menores de 2 anos,2006-04-01,41,41,49,90
POSTRER VALLE,nutricion y desarrollo infantil,controles repetidos en ninos menores de 2 anos,2006-04-01,16,16,18,34
POTOSI,nutricion y desarrollo infantil,controles repetidos en ninos menores de 2 anos,2006-04-01,1080,1080,1034,2114
PRESTO,nutricion y desarrollo infantil,controles repetidos en ninos menores de 2 anos,2006-04-01,133,133,103,236
PUCARA,nutricion y desarrollo infantil,controles repetidos en ninos menores de 2 anos,2006-04-01,24,24,15,39
PUCARANI,nutricion y desarrollo infantil,controles repetidos en ninos menores de 2 anos,2006-04-01,167,167,173,340
PUERTO ACOSTA,nutricion y desarrollo infantil,controles repetidos en ninos menores de 2 anos,2006-04-01,90,90,87,177
PUERTO CARABUCO,nutricion y desarrollo infantil,controles repetidos en ninos menores de 2 anos,2006-04-01,80,80,70,150
PUERTO GONZALO MORENO,nutricion y desarrollo infantil,controles repetidos en ninos menores de 2 anos,2006-04-01,56,56,45,101
PUERTO PEREZ,nutricion y desarrollo infantil,controles repetidos en ninos menores de 2 anos,2006-04-01,50,50,57,107
PUERTO QUIJARRO,nutricion y desarrollo infantil,controles repetidos en ninos menores de 2 anos,2006-04-01,80,80,80,160
PUERTO RICO,nutricion y desarrollo infantil,controles repetidos en ninos menores de 2 anos,2006-04-01,56,56,42,98
PUERTO SILES,nutricion y desarrollo infantil,controles repetidos en ninos menores de 2 anos,2006-04-01,25,25,28,53
PUERTO SUAREZ,nutricion y desarrollo infantil,controles repetidos en ninos menores de 2 anos,2006-04-01,90,90,97,187
PUERTO VILLARROEL,nutricion y desarrollo infantil,controles repetidos en ninos menores de 2 anos,2006-04-01,178,178,163,341
PUNA,nutricion y desarrollo infantil,controles repetidos en ninos menores de 2 anos,2006-04-01,269,269,252,521
PUNATA,nutricion y desarrollo infantil,controles repetidos en ninos menores de 2 anos,2006-04-01,99,99,118,217
QUIABAYA,nutricion y desarrollo infantil,controles repetidos en ninos menores de 2 anos,2006-04-01,19,19,24,43
QUILLACOLLO,nutricion y desarrollo infantil,controles repetidos en ninos menores de 2 anos,2006-04-01,242,242,176,418
QUIME,nutricion y desarrollo infantil,controles repetidos en ninos menores de 2 anos,2006-04-01,96,96,97,193
QUIRUSILLAS,nutricion y desarrollo infantil,controles repetidos en ninos menores de 2 anos,2006-04-01,13,13,11,24
RAVELO,nutricion y desarrollo infantil,controles repetidos en ninos menores de 2 anos,2006-04-01,330,330,330,660
REYES,nutricion y desarrollo infantil,controles repetidos en ninos menores de 2 anos,2006-04-01,114,114,126,240
RIBERALTA,nutricion y desarrollo infantil,controles repetidos en ninos menores de 2 anos,2006-04-01,893,893,786,1679
ROBORE,nutricion y desarrollo infantil,controles repetidos en ninos menores de 2 anos,2006-04-01,99,99,134,233
RURRENABAQUE,nutricion y desarrollo infantil,controles repetidos en ninos menores de 2 anos,2006-04-01,127,127,110,237
SABAYA,nutricion y desarrollo infantil,controles repetidos en ninos menores de 2 anos,2006-04-01,21,21,19,40
SACABA,nutricion y desarrollo infantil,controles repetidos en ninos menores de 2 anos,2006-04-01,246,246,192,438
SACABAMBA,nutricion y desarrollo infantil,controles repetidos en ninos menores de 2 anos,2006-04-01,34,34,24,58
SACACA,nutricion y desarrollo infantil,controles repetidos en ninos menores de 2 anos,2006-04-01,265,265,237,502
SAIPINA,nutricion y desarrollo infantil,controles repetidos en ninos menores de 2 anos,2006-04-01,69,69,70,139
SALINAS DE GARCI MENDOZA,nutricion y desarrollo infantil,controles repetidos en ninos menores de 2 anos,2006-04-01,57,57,41,98
SAMAIPATA,nutricion y desarrollo infantil,controles repetidos en ninos menores de 2 anos,2006-04-01,103,103,82,185
SAN AGUSTIN,nutricion y desarrollo infantil,controles repetidos en ninos menores de 2 anos,2006-04-01,13,13,15,28
SAN ANDRES,nutricion y desarrollo infantil,controles repetidos en ninos menores de 2 anos,2006-04-01,70,70,75,145
SAN ANDRES DE MACHACA,nutricion y desarrollo infantil,controles repetidos en ninos menores de 2 anos,2006-04-01,20,20,14,34
SAN ANTONIO DE ESMORUCO,nutricion y desarrollo infantil,controles repetidos en ninos menores de 2 anos,2006-04-01,8,8,2,10
SAN ANTONIO DE LOMERIO,nutricion y desarrollo infantil,controles repetidos en ninos menores de 2 anos,2006-04-01,110,110,100,210
SAN BENITO,nutricion y desarrollo infantil,controles repetidos en ninos menores de 2 anos,2006-04-01,50,50,45,95
SAN BORJA,nutricion y desarrollo infantil,controles repetidos en ninos menores de 2 anos,2006-04-01,357,357,327,684
SAN BUENA VENTURA,nutricion y desarrollo infantil,controles repetidos en ninos menores de 2 anos,2006-04-01,70,70,85,155
SAN CARLOS,nutricion y desarrollo infantil,controles repetidos en ninos menores de 2 anos,2006-04-01,219,219,193,412
SAN IGNACIO,nutricion y desarrollo infantil,controles repetidos en ninos menores de 2 anos,2006-04-01,88,88,86,174
SAN IGNACIO DE VELASCO,nutricion y desarrollo infantil,controles repetidos en ninos menores de 2 anos,2006-04-01,494,494,470,964
SAN JAVIER(BNI),nutricion y desarrollo infantil,controles repetidos en ninos menores de 2 anos,2006-04-01,29,29,24,53
SAN JAVIER(STC),nutricion y desarrollo infantil,controles repetidos en ninos menores de 2 anos,2006-04-01,2,2,2,4
SAN JOSE DE CHIQUITOS,nutricion y desarrollo infantil,controles repetidos en ninos menores de 2 anos,2006-04-01,67,67,71,138
SAN JUAN DE YAPACANI,nutricion y desarrollo infantil,controles repetidos en ninos menores de 2 anos,2006-04-01,106,106,108,214
SAN JULIAN,nutricion y desarrollo infantil,controles repetidos en ninos menores de 2 anos,2006-04-01,130,130,132,262
SAN LORENZO(PND),nutricion y desarrollo infantil,controles repetidos en ninos menores de 2 anos,2006-04-01,70,70,57,127
SAN LORENZO(TJA),nutricion y desarrollo infantil,controles repetidos en ninos menores de 2 anos,2006-04-01,193,193,166,359
SAN LUCAS,nutricion y desarrollo infantil,controles repetidos en ninos menores de 2 anos,2006-04-01,559,559,542,1101
SAN MATIAS,nutricion y desarrollo infantil,controles repetidos en ninos menores de 2 anos,2006-04-01,76,76,68,144
SAN MIGUEL DE VELASCO,nutricion y desarrollo infantil,controles repetidos en ninos menores de 2 anos,2006-04-01,84,84,62,146
SAN PABLO DE LIPEZ,nutricion y desarrollo infantil,controles repetidos en ninos menores de 2 anos,2006-04-01,14,14,24,38
SAN PEDRO,nutricion y desarrollo infantil,controles repetidos en ninos menores de 2 anos,2006-04-01,131,131,126,257
SAN PEDRO DE BUENA VISTA,nutricion y desarrollo infantil,controles repetidos en ninos menores de 2 anos,2006-04-01,172,172,176,348
SAN PEDRO DE CURAHUARA,nutricion y desarrollo infantil,controles repetidos en ninos menores de 2 anos,2006-04-01,45,45,33,78
SAN PEDRO DE QUEMES,nutricion y desarrollo infantil,controles repetidos en ninos menores de 2 anos,2006-04-01,5,5,8,13
SAN PEDRO DE TIQUINA,nutricion y desarrollo infantil,controles repetidos en ninos menores de 2 anos,2006-04-01,25,25,23,48
SAN PEDRO(PND),nutricion y desarrollo infantil,controles repetidos en ninos menores de 2 anos,2006-04-01,16,16,22,38
SAN RAFAEL,nutricion y desarrollo infantil,controles repetidos en ninos menores de 2 anos,2006-04-01,61,61,55,116
SAN RAMON,nutricion y desarrollo infantil,controles repetidos en ninos menores de 2 anos,2006-04-01,40,40,25,65
SAN RAMON,nutricion y desarrollo infantil,controles repetidos en ninos menores de 2 anos,2006-04-01,63,63,77,140
SANTA ANA,nutricion y desarrollo infantil,controles repetidos en ninos menores de 2 anos,2006-04-01,132,132,124,256
SANTA CRUZ DE LA SIERRA,nutricion y desarrollo infantil,controles repetidos en ninos menores de 2 anos,2006-04-01,4348,4348,4017,8365
SANTA ROSA,nutricion y desarrollo infantil,controles repetidos en ninos menores de 2 anos,2006-04-01,43,43,29,72
SANTA ROSA DEL SARA,nutricion y desarrollo infantil,controles repetidos en ninos menores de 2 anos,2006-04-01,112,112,119,231
SANTIAGO DE CALLAPA,nutricion y desarrollo infantil,controles repetidos en ninos menores de 2 anos,2006-04-01,27,27,24,51
SANTIAGO DE HUARI,nutricion y desarrollo infantil,controles repetidos en ninos menores de 2 anos,2006-04-01,59,59,55,114
SANTIAGO DE MACHACA,nutricion y desarrollo infantil,controles repetidos en ninos menores de 2 anos,2006-04-01,26,26,17,43
SANTIVAÑES,nutricion y desarrollo infantil,controles repetidos en ninos menores de 2 anos,2006-04-01,52,52,60,112
SANTUARIO DE QUILLACAS,nutricion y desarrollo infantil,controles repetidos en ninos menores de 2 anos,2006-04-01,11,11,15,26
SAPAHAQUI,nutricion y desarrollo infantil,controles repetidos en ninos menores de 2 anos,2006-04-01,31,31,22,53
SENA,nutricion y desarrollo infantil,controles repetidos en ninos menores de 2 anos,2006-04-01,30,30,33,63
SICA SICA (VILLA AROMA),nutricion y desarrollo infantil,controles repetidos en ninos menores de 2 anos,2006-04-01,106,106,109,215
SICAYA,nutricion y desarrollo infantil,controles repetidos en ninos menores de 2 anos,2006-04-01,33,33,26,59
SIPE SIPE,nutricion y desarrollo infantil,controles repetidos en ninos menores de 2 anos,2006-04-01,212,212,197,409
SOPACHUY,nutricion y desarrollo infantil,controles repetidos en ninos menores de 2 anos,2006-04-01,76,76,77,153
SORACACHI,nutricion y desarrollo infantil,controles repetidos en ninos menores de 2 anos,2006-04-01,48,48,50,98
SORATA,nutricion y desarrollo infantil,controles repetidos en ninos menores de 2 anos,2006-04-01,63,63,72,135
SUCRE,nutricion y desarrollo infantil,controles repetidos en ninos menores de 2 anos,2006-04-01,1266,1266,1198,2464
TACACHI,nutricion y desarrollo infantil,controles repetidos en ninos menores de 2 anos,2006-04-01,7,7,9,16
TACACOMA,nutricion y desarrollo infantil,controles repetidos en ninos menores de 2 anos,2006-04-01,34,34,32,66
TACOBAMBA,nutricion y desarrollo infantil,controles repetidos en ninos menores de 2 anos,2006-04-01,110,110,115,225
TACOPAYA,nutricion y desarrollo infantil,controles repetidos en ninos menores de 2 anos,2006-04-01,109,109,108,217
TAHUA,nutricion y desarrollo infantil,controles repetidos en ninos menores de 2 anos,2006-04-01,13,13,7,20
TAPACARI,nutricion y desarrollo infantil,controles repetidos en ninos menores de 2 anos,2006-04-01,186,186,178,364
TARABUCO,nutricion y desarrollo infantil,controles repetidos en ninos menores de 2 anos,2006-04-01,361,361,320,681
TARACO,nutricion y desarrollo infantil,controles repetidos en ninos menores de 2 anos,2006-04-01,26,26,18,44
TARATA,nutricion y desarrollo infantil,controles repetidos en ninos menores de 2 anos,2006-04-01,54,54,57,111
TARIJA,nutricion y desarrollo infantil,controles repetidos en ninos menores de 2 anos,2006-04-01,920,920,902,1822
TARVITA,nutricion y desarrollo infantil,controles repetidos en ninos menores de 2 anos,2006-04-01,108,108,121,229
TEOPONTE,nutricion y desarrollo infantil,controles repetidos en ninos menores de 2 anos,2006-04-01,67,67,62,129
TIAWANACU,nutricion y desarrollo infantil,controles repetidos en ninos menores de 2 anos,2006-04-01,48,48,43,91
TINGUIPAYA,nutricion y desarrollo infantil,controles repetidos en ninos menores de 2 anos,2006-04-01,175,175,161,336
TIPUANI,nutricion y desarrollo infantil,controles repetidos en ninos menores de 2 anos,2006-04-01,83,83,63,146
TIQUIPAYA,nutricion y desarrollo infantil,controles repetidos en ninos menores de 2 anos,2006-04-01,219,219,91,310
TIRAQUE (CBBA),nutricion y desarrollo infantil,controles repetidos en ninos menores de 2 anos,2006-04-01,155,155,106,261
TITO YUPANQUI (PARQUIPUJIO),nutricion y desarrollo infantil,controles repetidos en ninos menores de 2 anos,2006-04-01,5,5,16,21
TOCO,nutricion y desarrollo infantil,controles repetidos en ninos menores de 2 anos,2006-04-01,21,21,13,34
TOLATA,nutricion y desarrollo infantil,controles repetidos en ninos menores de 2 anos,2006-04-01,7,7,16,23
TOLEDO,nutricion y desarrollo infantil,controles repetidos en ninos menores de 2 anos,2006-04-01,38,38,38,76
TOMAVE,nutricion y desarrollo infantil,controles repetidos en ninos menores de 2 anos,2006-04-01,79,79,69,148
TOMINA,nutricion y desarrollo infantil,controles repetidos en ninos menores de 2 anos,2006-04-01,203,203,173,376
TORO TORO,nutricion y desarrollo infantil,controles repetidos en ninos menores de 2 anos,2006-04-01,221,221,191,412
TOTORA(CBBA),nutricion y desarrollo infantil,controles repetidos en ninos menores de 2 anos,2006-04-01,106,106,77,183
TOTORA(ORR),nutricion y desarrollo infantil,controles repetidos en ninos menores de 2 anos,2006-04-01,5,5,2,7
TRIGAL,nutricion y desarrollo infantil,controles repetidos en ninos menores de 2 anos,2006-04-01,12,12,18,30
TRINIDAD,nutricion y desarrollo infantil,controles repetidos en ninos menores de 2 anos,2006-04-01,468,468,342,810
TUPIZA,nutricion y desarrollo infantil,controles repetidos en ninos menores de 2 anos,2006-04-01,346,346,285,631
TURCO,nutricion y desarrollo infantil,controles repetidos en ninos menores de 2 anos,2006-04-01,16,16,9,25
UMALA,nutricion y desarrollo infantil,controles repetidos en ninos menores de 2 anos,2006-04-01,37,37,34,71
UNCIA,nutricion y desarrollo infantil,controles repetidos en ninos menores de 2 anos,2006-04-01,120,120,88,208
URIONDO (A. CONCEPCION),nutricion y desarrollo infantil,controles repetidos en ninos menores de 2 anos,2006-04-01,166,166,155,321
URUBICHA,nutricion y desarrollo infantil,controles repetidos en ninos menores de 2 anos,2006-04-01,121,121,139,260
UYUNI,nutricion y desarrollo infantil,controles repetidos en ninos menores de 2 anos,2006-04-01,231,231,195,426
VACAS,nutricion y desarrollo infantil,controles repetidos en ninos menores de 2 anos,2006-04-01,97,97,69,166
VALLEGRANDE,nutricion y desarrollo infantil,controles repetidos en ninos menores de 2 anos,2006-04-01,142,142,117,259
VIACHA,nutricion y desarrollo infantil,controles repetidos en ninos menores de 2 anos,2006-04-01,203,203,192,395
VILA VILA,nutricion y desarrollo infantil,controles repetidos en ninos menores de 2 anos,2006-04-01,14,14,14,28
VILLA MONTES,nutricion y desarrollo infantil,controles repetidos en ninos menores de 2 anos,2006-04-01,140,140,165,305
VILLA NUEVA (LOMA ALTA),nutricion y desarrollo infantil,controles repetidos en ninos menores de 2 anos,2006-04-01,10,10,8,18
VILLA RIVERO,nutricion y desarrollo infantil,controles repetidos en ninos menores de 2 anos,2006-04-01,35,35,47,82
VILLA SERRANO,nutricion y desarrollo infantil,controles repetidos en ninos menores de 2 anos,2006-04-01,202,202,184,386
VILLA TUNARI,nutricion y desarrollo infantil,controles repetidos en ninos menores de 2 anos,2006-04-01,402,402,319,721
VILLA VACA GUZMAN (MUYUPAMPA),nutricion y desarrollo infantil,controles repetidos en ninos menores de 2 anos,2006-04-01,138,138,133,271
VILLAZON,nutricion y desarrollo infantil,controles repetidos en ninos menores de 2 anos,2006-04-01,288,288,302,590
VINTO,nutricion y desarrollo infantil,controles repetidos en ninos menores de 2 anos,2006-04-01,117,117,122,239
VITICHI,nutricion y desarrollo infantil,controles repetidos en ninos menores de 2 anos,2006-04-01,157,157,164,321
WALDO BALLIVIAN,nutricion y desarrollo infantil,controles repetidos en ninos menores de 2 anos,2006-04-01,20,20,25,45
WARNES,nutricion y desarrollo infantil,controles repetidos en ninos menores de 2 anos,2006-04-01,352,352,350,702
YACO,nutricion y desarrollo infantil,controles repetidos en ninos menores de 2 anos,2006-04-01,68,68,64,132
YACUIBA,nutricion y desarrollo infantil,controles repetidos en ninos menores de 2 anos,2006-04-01,293,293,304,597
YAMPARAEZ,nutricion y desarrollo infantil,controles repetidos en ninos menores de 2 anos,2006-04-01,136,136,153,289
YANACACHI,nutricion y desarrollo infantil,controles repetidos en ninos menores de 2 anos,2006-04-01,59,59,54,113
YAPACANI,nutricion y desarrollo infantil,controles repetidos en ninos menores de 2 anos,2006-04-01,563,563,518,1081
YOCALLA,nutricion y desarrollo infantil,controles repetidos en ninos menores de 2 anos,2006-04-01,29,29,21,50
YOTALA,nutricion y desarrollo infantil,controles repetidos en ninos menores de 2 anos,2006-04-01,123,123,109,232
YUNCHARA,nutricion y desarrollo infantil,controles repetidos en ninos menores de 2 anos,2006-04-01,112,112,103,215
ZUDAÑEZ,nutricion y desarrollo infantil,controles repetidos en ninos menores de 2 anos,2006-04-01,111,111,84,195
ACACIO,nutricion y desarrollo infantil,controles repetidos en ninos menores de 2 anos,2006-05-01,91,91,90,181
ACHACACHI,nutricion y desarrollo infantil,controles repetidos en ninos menores de 2 anos,2006-05-01,262,262,252,514
ACHOCALLA,nutricion y desarrollo infantil,controles repetidos en ninos menores de 2 anos,2006-05-01,74,74,56,130
AIQUILE,nutricion y desarrollo infantil,controles repetidos en ninos menores de 2 anos,2006-05-01,76,76,69,145
ALALAY,nutricion y desarrollo infantil,controles repetidos en ninos menores de 2 anos,2006-05-01,18,18,15,33
ALCALA,nutricion y desarrollo infantil,controles repetidos en ninos menores de 2 anos,2006-05-01,60,60,63,123
ANCORAIMES,nutricion y desarrollo infantil,controles repetidos en ninos menores de 2 anos,2006-05-01,51,51,39,90
ANDAMARCA,nutricion y desarrollo infantil,controles repetidos en ninos menores de 2 anos,2006-05-01,20,20,14,34
ANTEQUERA,nutricion y desarrollo infantil,controles repetidos en ninos menores de 2 anos,2006-05-01,26,26,34,60
ANZALDO,nutricion y desarrollo infantil,controles repetidos en ninos menores de 2 anos,2006-05-01,10,10,15,25
APOLO,nutricion y desarrollo infantil,controles repetidos en ninos menores de 2 anos,2006-05-01,184,184,174,358
ARAMPAMPA,nutricion y desarrollo infantil,controles repetidos en ninos menores de 2 anos,2006-05-01,94,94,47,141
ARANI,nutricion y desarrollo infantil,controles repetidos en ninos menores de 2 anos,2006-05-01,24,24,22,46
ARBIETO,nutricion y desarrollo infantil,controles repetidos en ninos menores de 2 anos,2006-05-01,15,15,7,22
ARQUE,nutricion y desarrollo infantil,controles repetidos en ninos menores de 2 anos,2006-05-01,89,89,82,171
ATOCHA,nutricion y desarrollo infantil,controles repetidos en ninos menores de 2 anos,2006-05-01,179,179,151,330
AUCAPATA,nutricion y desarrollo infantil,controles repetidos en ninos menores de 2 anos,2006-05-01,32,32,30,62
AYATA,nutricion y desarrollo infantil,controles repetidos en ninos menores de 2 anos,2006-05-01,145,145,132,277
AYO AYO,nutricion y desarrollo infantil,controles repetidos en ninos menores de 2 anos,2006-05-01,37,37,36,73
AYOPAYA (V. DE INDEPENDENCIA),nutricion y desarrollo infantil,controles repetidos en ninos menores de 2 anos,2006-05-01,142,142,135,277
AZURDUY,nutricion y desarrollo infantil,controles repetidos en ninos menores de 2 anos,2006-05-01,281,281,260,541
BATALLAS,nutricion y desarrollo infantil,controles repetidos en ninos menores de 2 anos,2006-05-01,117,117,87,204
BAURES,nutricion y desarrollo infantil,controles repetidos en ninos menores de 2 anos,2006-05-01,52,52,72,124
BELEN DE ANDAMARCA,nutricion y desarrollo infantil,controles repetidos en ninos menores de 2 anos,2006-05-01,12,12,9,21
BELEN DE URMIRI,nutricion y desarrollo infantil,controles repetidos en ninos menores de 2 anos,2006-05-01,27,27,23,50
BELLA FLOR,nutricion y desarrollo infantil,controles repetidos en ninos menores de 2 anos,2006-05-01,37,37,47,84
BERMEJO,nutricion y desarrollo infantil,controles repetidos en ninos menores de 2 anos,2006-05-01,78,78,95,173
BETANZOS,nutricion y desarrollo infantil,controles repetidos en ninos menores de 2 anos,2006-05-01,334,334,330,664
BOLIVAR,nutricion y desarrollo infantil,controles repetidos en ninos menores de 2 anos,2006-05-01,137,137,123,260
BOLPEBRA,nutricion y desarrollo infantil,controles repetidos en ninos menores de 2 anos,2006-05-01,14,14,17,31
BOYUIBE,nutricion y desarrollo infantil,controles repetidos en ninos menores de 2 anos,2006-05-01,37,37,21,58
BUENA VISTA,nutricion y desarrollo infantil,controles repetidos en ninos menores de 2 anos,2006-05-01,204,204,168,372
CABEZAS,nutricion y desarrollo infantil,controles repetidos en ninos menores de 2 anos,2006-05-01,94,94,81,175
CAIROMA,nutricion y desarrollo infantil,controles repetidos en ninos menores de 2 anos,2006-05-01,133,133,135,268
"CAIZA ""D""",nutricion y desarrollo infantil,controles repetidos en ninos menores de 2 anos,2006-05-01,107,107,84,191
CAJUATA,nutricion y desarrollo infantil,controles repetidos en ninos menores de 2 anos,2006-05-01,95,95,74,169
CALACOTO,nutricion y desarrollo infantil,controles repetidos en ninos menores de 2 anos,2006-05-01,56,56,60,116
CALAMARCA,nutricion y desarrollo infantil,controles repetidos en ninos menores de 2 anos,2006-05-01,179,179,182,361
CAMARGO,nutricion y desarrollo infantil,controles repetidos en ninos menores de 2 anos,2006-05-01,237,237,257,494
CAMATAQUI (C. VILLA ABECIA),nutricion y desarrollo infantil,controles repetidos en ninos menores de 2 anos,2006-05-01,35,35,27,62
CAMIRI,nutricion y desarrollo infantil,controles repetidos en ninos menores de 2 anos,2006-05-01,367,367,318,685
CAPINOTA,nutricion y desarrollo infantil,controles repetidos en ninos menores de 2 anos,2006-05-01,92,92,72,164
CAQUIAVIRI,nutricion y desarrollo infantil,controles repetidos en ninos menores de 2 anos,2006-05-01,75,75,101,176
CARACOLLO,nutricion y desarrollo infantil,controles repetidos en ninos menores de 2 anos,2006-05-01,46,46,26,72
CARANAVI,nutricion y desarrollo infantil,controles repetidos en ninos menores de 2 anos,2006-05-01,537,537,478,1015
CARAPARI,nutricion y desarrollo infantil,controles repetidos en ninos menores de 2 anos,2006-05-01,130,130,123,253
CARIPUYO,nutricion y desarrollo infantil,controles repetidos en ninos menores de 2 anos,2006-05-01,156,156,189,345
CATACORA,nutricion y desarrollo infantil,controles repetidos en ninos menores de 2 anos,2006-05-01,10,10,15,25
CHACARILLA,nutricion y desarrollo infantil,controles repetidos en ninos menores de 2 anos,2006-05-01,15,15,13,28
CHALLAPATA,nutricion y desarrollo infantil,controles repetidos en ninos menores de 2 anos,2006-05-01,188,188,173,361
CHAQUI,nutricion y desarrollo infantil,controles repetidos en ninos menores de 2 anos,2006-05-01,62,62,58,120
CHARAGUA,nutricion y desarrollo infantil,controles repetidos en ninos menores de 2 anos,2006-05-01,179,179,163,342
CHARAÑA,nutricion y desarrollo infantil,controles repetidos en ninos menores de 2 anos,2006-05-01,29,29,31,60
CHAYANTA,nutricion y desarrollo infantil,controles repetidos en ninos menores de 2 anos,2006-05-01,174,174,157,331
CHIMORE,nutricion y desarrollo infantil,controles repetidos en ninos menores de 2 anos,2006-05-01,26,26,20,46
CHIPAYA,nutricion y desarrollo infantil,controles repetidos en ninos menores de 2 anos,2006-05-01,13,13,21,34
CHOQUE COTA,nutricion y desarrollo infantil,controles repetidos en ninos menores de 2 anos,2006-05-01,13,13,10,23
CHULUMANI (V. DE LA LIBERTAD),nutricion y desarrollo infantil,controles repetidos en ninos menores de 2 anos,2006-05-01,95,95,87,182
CHUMA,nutricion y desarrollo infantil,controles repetidos en ninos menores de 2 anos,2006-05-01,112,112,98,210
CLIZA,nutricion y desarrollo infantil,controles repetidos en ninos menores de 2 anos,2006-05-01,105,105,109,214
COBIJA,nutricion y desarrollo infantil,controles repetidos en ninos menores de 2 anos,2006-05-01,331,331,328,659
COCHABAMBA,nutricion y desarrollo infantil,controles repetidos en ninos menores de 2 anos,2006-05-01,1891,1891,1808,3699
COIPASA,nutricion y desarrollo infantil,controles repetidos en ninos menores de 2 anos,2006-05-01,1,1,5,6
COLCAPIRHUA,nutricion y desarrollo infantil,controles repetidos en ninos menores de 2 anos,2006-05-01,109,109,117,226
"COLCHA ""K""",nutricion y desarrollo infantil,controles repetidos en ninos menores de 2 anos,2006-05-01,115,115,110,225
COLLANA,nutricion y desarrollo infantil,controles repetidos en ninos menores de 2 anos,2006-05-01,10,10,8,18
COLOMI,nutricion y desarrollo infantil,controles repetidos en ninos menores de 2 anos,2006-05-01,89,89,72,161
COLPA BELGICA,nutricion y desarrollo infantil,controles repetidos en ninos menores de 2 anos,2006-05-01,47,47,47,94
COLQUECHACA,nutricion y desarrollo infantil,controles repetidos en ninos menores de 2 anos,2006-05-01,286,286,284,570
COLQUENCHA,nutricion y desarrollo infantil,controles repetidos en ninos menores de 2 anos,2006-05-01,47,47,63,110
COLQUIRI,nutricion y desarrollo infantil,controles repetidos en ninos menores de 2 anos,2006-05-01,140,140,138,278
COMANCHE,nutricion y desarrollo infantil,controles repetidos en ninos menores de 2 anos,2006-05-01,38,38,33,71
COMARAPA,nutricion y desarrollo infantil,controles repetidos en ninos menores de 2 anos,2006-05-01,173,173,170,343
COMBAYA,nutricion y desarrollo infantil,controles repetidos en ninos menores de 2 anos,2006-05-01,13,13,21,34
CONCEPCION,nutricion y desarrollo infantil,controles repetidos en ninos menores de 2 anos,2006-05-01,76,76,58,134
COPACABANA,nutricion y desarrollo infantil,controles repetidos en ninos menores de 2 anos,2006-05-01,103,103,116,219
CORIPATA,nutricion y desarrollo infantil,controles repetidos en ninos menores de 2 anos,2006-05-01,132,132,138,270
CORO CORO,nutricion y desarrollo infantil,controles repetidos en ninos menores de 2 anos,2006-05-01,87,87,96,183
COROICO,nutricion y desarrollo infantil,controles repetidos en ninos menores de 2 anos,2006-05-01,93,93,44,137
CORQUE,nutricion y desarrollo infantil,controles repetidos en ninos menores de 2 anos,2006-05-01,38,38,32,70
COTAGAITA,nutricion y desarrollo infantil,controles repetidos en ninos menores de 2 anos,2006-05-01,304,304,275,579
COTOCA,nutricion y desarrollo infantil,controles repetidos en ninos menores de 2 anos,2006-05-01,237,237,186,423
CUATRO CAÑADAS,nutricion y desarrollo infantil,controles repetidos en ninos menores de 2 anos,2006-05-01,43,43,42,85
CUCHUMUELA (V. G. VILLARROEL),nutricion y desarrollo infantil,controles repetidos en ninos menores de 2 anos,2006-05-01,18,18,4,22
CUEVO,nutricion y desarrollo infantil,controles repetidos en ninos menores de 2 anos,2006-05-01,33,33,43,76
CULPINA,nutricion y desarrollo infantil,controles repetidos en ninos menores de 2 anos,2006-05-01,307,307,267,574
CURAHUARA DE CARANGAS,nutricion y desarrollo infantil,controles repetidos en ninos menores de 2 anos,2006-05-01,28,28,30,58
CURVA,nutricion y desarrollo infantil,controles repetidos en ninos menores de 2 anos,2006-05-01,28,28,19,47
DESAGUADERO,nutricion y desarrollo infantil,controles repetidos en ninos menores de 2 anos,2006-05-01,29,29,30,59
EL ALTO,nutricion y desarrollo infantil,controles repetidos en ninos menores de 2 anos,2006-05-01,4512,4512,3969,8481
EL CHORO,nutricion y desarrollo infantil,controles repetidos en ninos menores de 2 anos,2006-05-01,14,14,6,20
EL PUENTE(STC),nutricion y desarrollo infantil,controles repetidos en ninos menores de 2 anos,2006-05-01,122,122,119,241
EL PUENTE(TJA),nutricion y desarrollo infantil,controles repetidos en ninos menores de 2 anos,2006-05-01,63,63,75,138
EL TORNO,nutricion y desarrollo infantil,controles repetidos en ninos menores de 2 anos,2006-05-01,208,208,212,420
EL VILLAR,nutricion y desarrollo infantil,controles repetidos en ninos menores de 2 anos,2006-05-01,101,101,87,188
ENTRE RIOS,nutricion y desarrollo infantil,controles repetidos en ninos menores de 2 anos,2006-05-01,211,211,168,379
ENTRE RIOS,nutricion y desarrollo infantil,controles repetidos en ninos menores de 2 anos,2006-05-01,94,94,89,183
ESCARA,nutricion y desarrollo infantil,controles repetidos en ninos menores de 2 anos,2006-05-01,0,0,2,2
EUCALIPTUS,nutricion y desarrollo infantil,controles repetidos en ninos menores de 2 anos,2006-05-01,41,41,36,77
EUREKA (SANTOS MERCADO),nutricion y desarrollo infantil,controles repetidos en ninos menores de 2 anos,2006-05-01,14,14,23,37
EXALTACION,nutricion y desarrollo infantil,controles repetidos en ninos menores de 2 anos,2006-05-01,43,43,43,86
FERNANDEZ ALONSO,nutricion y desarrollo infantil,controles repetidos en ninos menores de 2 anos,2006-05-01,164,164,155,319
FILADELFIA,nutricion y desarrollo infantil,controles repetidos en ninos menores de 2 anos,2006-05-01,55,55,65,120
GENERAL SAAVEDRA,nutricion y desarrollo infantil,controles repetidos en ninos menores de 2 anos,2006-05-01,53,53,36,89
GRAL. J.J. PEREZ (CHARAZANI),nutricion y desarrollo infantil,controles repetidos en ninos menores de 2 anos,2006-05-01,126,126,114,240
GUANAY,nutricion y desarrollo infantil,controles repetidos en ninos menores de 2 anos,2006-05-01,131,131,101,232
GUAQUI,nutricion y desarrollo infantil,controles repetidos en ninos menores de 2 anos,2006-05-01,31,31,30,61
GUAYARAMERIN,nutricion y desarrollo infantil,controles repetidos en ninos menores de 2 anos,2006-05-01,415,415,410,825
GUTIERREZ,nutricion y desarrollo infantil,controles repetidos en ninos menores de 2 anos,2006-05-01,149,149,148,297
HUACARETA,nutricion y desarrollo infantil,controles repetidos en ninos menores de 2 anos,2006-05-01,135,135,140,275
HUACAYA (VILLA DE HUACAYA),nutricion y desarrollo infantil,controles repetidos en ninos menores de 2 anos,2006-05-01,46,46,47,93
HUACHACALLA,nutricion y desarrollo infantil,controles repetidos en ninos menores de 2 anos,2006-05-01,6,6,4,10
HUANUNI,nutricion y desarrollo infantil,controles repetidos en ninos menores de 2 anos,2006-05-01,192,192,200,392
HUARACAJE,nutricion y desarrollo infantil,controles repetidos en ninos menores de 2 anos,2006-05-01,27,27,28,55
HUAYLLAMARCA,nutricion y desarrollo infantil,controles repetidos en ninos menores de 2 anos,2006-05-01,24,24,31,55
ICHOCA,nutricion y desarrollo infantil,controles repetidos en ninos menores de 2 anos,2006-05-01,37,37,40,77
ICLA,nutricion y desarrollo infantil,controles repetidos en ninos menores de 2 anos,2006-05-01,181,181,183,364
INCAHUASI,nutricion y desarrollo infantil,controles repetidos en ninos menores de 2 anos,2006-05-01,310,310,339,649
INGAVI (HUMAITA),nutricion y desarrollo infantil,controles repetidos en ninos menores de 2 anos,2006-05-01,1,1,1,2
INQUISIVI,nutricion y desarrollo infantil,controles repetidos en ninos menores de 2 anos,2006-05-01,191,191,182,373
IRUPANA (VILLA DE LANZA),nutricion y desarrollo infantil,controles repetidos en ninos menores de 2 anos,2006-05-01,119,119,106,225
IXIAMAS,nutricion y desarrollo infantil,controles repetidos en ninos menores de 2 anos,2006-05-01,60,60,59,119
JESUS DE MACHACA,nutricion y desarrollo infantil,controles repetidos en ninos menores de 2 anos,2006-05-01,95,95,89,184
LA ASUNTA,nutricion y desarrollo infantil,controles repetidos en ninos menores de 2 anos,2006-05-01,164,164,169,333
LA GUARDIA,nutricion y desarrollo infantil,controles repetidos en ninos menores de 2 anos,2006-05-01,445,445,370,815
LA PAZ,nutricion y desarrollo infantil,controles repetidos en ninos menores de 2 anos,2006-05-01,3780,3780,3785,7565
LA RIVERA,nutricion y desarrollo infantil,controles repetidos en ninos menores de 2 anos,2006-05-01,0,0,3,3
LAGUNILLAS,nutricion y desarrollo infantil,controles repetidos en ninos menores de 2 anos,2006-05-01,94,94,129,223
LAJA,nutricion y desarrollo infantil,controles repetidos en ninos menores de 2 anos,2006-05-01,139,139,126,265
LAS CARRERAS,nutricion y desarrollo infantil,controles repetidos en ninos menores de 2 anos,2006-05-01,68,68,61,129
LICOMA PAMPA,nutricion y desarrollo infantil,controles repetidos en ninos menores de 2 anos,2006-05-01,19,19,9,28
LLALLAGUA,nutricion y desarrollo infantil,controles repetidos en ninos menores de 2 anos,2006-05-01,397,397,343,740
LLICA,nutricion y desarrollo infantil,controles repetidos en ninos menores de 2 anos,2006-05-01,57,57,57,114
LORETO,nutricion y desarrollo infantil,controles repetidos en ninos menores de 2 anos,2006-05-01,28,28,20,48
LURIBAY,nutricion y desarrollo infantil,controles repetidos en ninos menores de 2 anos,2006-05-01,161,161,153,314
MACHACAMARCA,nutricion y desarrollo infantil,controles repetidos en ninos menores de 2 anos,2006-05-01,15,15,23,38
MACHARETI,nutricion y desarrollo infantil,controles repetidos en ninos menores de 2 anos,2006-05-01,132,132,117,249
MAGDALENA,nutricion y desarrollo infantil,controles repetidos en ninos menores de 2 anos,2006-05-01,83,83,87,170
MAIRANA,nutricion y desarrollo infantil,controles repetidos en ninos menores de 2 anos,2006-05-01,60,60,45,105
MALLA,nutricion y desarrollo infantil,controles repetidos en ninos menores de 2 anos,2006-05-01,28,28,21,49
MAPIRI,nutricion y desarrollo infantil,controles repetidos en ninos menores de 2 anos,2006-05-01,153,153,152,305
MECAPACA,nutricion y desarrollo infantil,controles repetidos en ninos menores de 2 anos,2006-05-01,80,80,59,139
MINEROS,nutricion y desarrollo infantil,controles repetidos en ninos menores de 2 anos,2006-05-01,214,214,210,424
MIZQUE,nutricion y desarrollo infantil,controles repetidos en ninos menores de 2 anos,2006-05-01,195,195,154,349
MOCOMOCO,nutricion y desarrollo infantil,controles repetidos en ninos menores de 2 anos,2006-05-01,135,135,126,261
MOJINETE,nutricion y desarrollo infantil,controles repetidos en ninos menores de 2 anos,2006-05-01,8,8,11,19
MOJOCOYA,nutricion y desarrollo infantil,controles repetidos en ninos menores de 2 anos,2006-05-01,111,111,88,199
MONTEAGUDO,nutricion y desarrollo infantil,controles repetidos en ninos menores de 2 anos,2006-05-01,363,363,312,675
MONTERO,nutricion y desarrollo infantil,controles repetidos en ninos menores de 2 anos,2006-05-01,820,820,783,1603
MORO MORO,nutricion y desarrollo infantil,controles repetidos en ninos menores de 2 anos,2006-05-01,27,27,27,54
MOROCHATA,nutricion y desarrollo infantil,controles repetidos en ninos menores de 2 anos,2006-05-01,112,112,97,209
NACEBE (SANTA ROSA DEL ABUNA),nutricion y desarrollo infantil,controles repetidos en ninos menores de 2 anos,2006-05-01,8,8,13,21
NAZACARA DE PACAJES,nutricion y desarrollo infantil,controles repetidos en ninos menores de 2 anos,2006-05-01,3,3,3,6
NUEVO MANOA (NUEVA ESPERANZA),nutricion y desarrollo infantil,controles repetidos en ninos menores de 2 anos,2006-05-01,22,22,16,38
OCURI,nutricion y desarrollo infantil,controles repetidos en ninos menores de 2 anos,2006-05-01,228,228,254,482
OKINAWA,nutricion y desarrollo infantil,controles repetidos en ninos menores de 2 anos,2006-05-01,74,74,86,160
OMEREQUE,nutricion y desarrollo infantil,controles repetidos en ninos menores de 2 anos,2006-05-01,49,49,43,92
ORURO,nutricion y desarrollo infantil,controles repetidos en ninos menores de 2 anos,2006-05-01,1440,1440,1285,2725
PADCAYA,nutricion y desarrollo infantil,controles repetidos en ninos menores de 2 anos,2006-05-01,186,186,174,360
PADILLA,nutricion y desarrollo infantil,controles repetidos en ninos menores de 2 anos,2006-05-01,190,190,184,374
PAILON,nutricion y desarrollo infantil,controles repetidos en ninos menores de 2 anos,2006-05-01,159,159,155,314
PALCA,nutricion y desarrollo infantil,controles repetidos en ninos menores de 2 anos,2006-05-01,71,71,66,137
PALOS BLANCOS,nutricion y desarrollo infantil,controles repetidos en ninos menores de 2 anos,2006-05-01,308,308,263,571
PAMPA AULLAGAS,nutricion y desarrollo infantil,controles repetidos en ninos menores de 2 anos,2006-05-01,18,18,17,35
PAMPA GRANDE,nutricion y desarrollo infantil,controles repetidos en ninos menores de 2 anos,2006-05-01,53,53,62,115
PAPEL PAMPA,nutricion y desarrollo infantil,controles repetidos en ninos menores de 2 anos,2006-05-01,32,32,28,60
PASORAPA,nutricion y desarrollo infantil,controles repetidos en ninos menores de 2 anos,2006-05-01,61,61,53,114
PATACAMAYA,nutricion y desarrollo infantil,controles repetidos en ninos menores de 2 anos,2006-05-01,253,253,282,535
PAZÑA,nutricion y desarrollo infantil,controles repetidos en ninos menores de 2 anos,2006-05-01,46,46,43,89
PELECHUCO,nutricion y desarrollo infantil,controles repetidos en ninos menores de 2 anos,2006-05-01,48,48,49,97
POCOATA,nutricion y desarrollo infantil,controles repetidos en ninos menores de 2 anos,2006-05-01,204,204,246,450
POCONA,nutricion y desarrollo infantil,controles repetidos en ninos menores de 2 anos,2006-05-01,57,57,39,96
POJO (CBBA),nutricion y desarrollo infantil,controles repetidos en ninos menores de 2 anos,2006-05-01,87,87,90,177
POOPO,nutricion y desarrollo infantil,controles repetidos en ninos menores de 2 anos,2006-05-01,44,44,48,92
PORCO,nutricion y desarrollo infantil,controles repetidos en ninos menores de 2 anos,2006-05-01,67,67,72,139
POROMA,nutricion y desarrollo infantil,controles repetidos en ninos menores de 2 anos,2006-05-01,231,231,234,465
PORONGO,nutricion y desarrollo infantil,controles repetidos en ninos menores de 2 anos,2006-05-01,32,32,37,69
PORTACHUELO,nutricion y desarrollo infantil,controles repetidos en ninos menores de 2 anos,2006-05-01,168,168,150,318
PORVENIR,nutricion y desarrollo infantil,controles repetidos en ninos menores de 2 anos,2006-05-01,52,52,54,106
POSTRER VALLE,nutricion y desarrollo infantil,controles repetidos en ninos menores de 2 anos,2006-05-01,14,14,25,39
POTOSI,nutricion y desarrollo infantil,controles repetidos en ninos menores de 2 anos,2006-05-01,1212,1212,1193,2405
PRESTO,nutricion y desarrollo infantil,controles repetidos en ninos menores de 2 anos,2006-05-01,136,136,124,260
PUCARA,nutricion y desarrollo infantil,controles repetidos en ninos menores de 2 anos,2006-05-01,7,7,7,14
PUCARANI,nutricion y desarrollo infantil,controles repetidos en ninos menores de 2 anos,2006-05-01,189,189,175,364
PUERTO ACOSTA,nutricion y desarrollo infantil,controles repetidos en ninos menores de 2 anos,2006-05-01,131,131,129,260
PUERTO CARABUCO,nutricion y desarrollo infantil,controles repetidos en ninos menores de 2 anos,2006-05-01,116,116,116,232
PUERTO GONZALO MORENO,nutricion y desarrollo infantil,controles repetidos en ninos menores de 2 anos,2006-05-01,60,60,54,114
PUERTO PEREZ,nutricion y desarrollo infantil,controles repetidos en ninos menores de 2 anos,2006-05-01,56,56,57,113
PUERTO QUIJARRO,nutricion y desarrollo infantil,controles repetidos en ninos menores de 2 anos,2006-05-01,64,64,64,128
PUERTO RICO,nutricion y desarrollo infantil,controles repetidos en ninos menores de 2 anos,2006-05-01,76,76,69,145
PUERTO SILES,nutricion y desarrollo infantil,controles repetidos en ninos menores de 2 anos,2006-05-01,4,4,6,10
PUERTO SUAREZ,nutricion y desarrollo infantil,controles repetidos en ninos menores de 2 anos,2006-05-01,104,104,100,204
PUERTO VILLARROEL,nutricion y desarrollo infantil,controles repetidos en ninos menores de 2 anos,2006-05-01,191,191,149,340
PUNA,nutricion y desarrollo infantil,controles repetidos en ninos menores de 2 anos,2006-05-01,328,328,321,649
PUNATA,nutricion y desarrollo infantil,controles repetidos en ninos menores de 2 anos,2006-05-01,127,127,123,250
QUIABAYA,nutricion y desarrollo infantil,controles repetidos en ninos menores de 2 anos,2006-05-01,14,14,7,21
QUILLACOLLO,nutricion y desarrollo infantil,controles repetidos en ninos menores de 2 anos,2006-05-01,184,184,121,305
QUIME,nutricion y desarrollo infantil,controles repetidos en ninos menores de 2 anos,2006-05-01,109,109,111,220
QUIRUSILLAS,nutricion y desarrollo infantil,controles repetidos en ninos menores de 2 anos,2006-05-01,9,9,6,15
RAVELO,nutricion y desarrollo infantil,controles repetidos en ninos menores de 2 anos,2006-05-01,448,448,431,879
REYES,nutricion y desarrollo infantil,controles repetidos en ninos menores de 2 anos,2006-05-01,136,136,181,317
RIBERALTA,nutricion y desarrollo infantil,controles repetidos en ninos menores de 2 anos,2006-05-01,782,782,747,1529
ROBORE,nutricion y desarrollo infantil,controles repetidos en ninos menores de 2 anos,2006-05-01,91,91,78,169
RURRENABAQUE,nutricion y desarrollo infantil,controles repetidos en ninos menores de 2 anos,2006-05-01,92,92,80,172
SABAYA,nutricion y desarrollo infantil,controles repetidos en ninos menores de 2 anos,2006-05-01,20,20,15,35
SACABA,nutricion y desarrollo infantil,controles repetidos en ninos menores de 2 anos,2006-05-01,383,383,312,695
SACABAMBA,nutricion y desarrollo infantil,controles repetidos en ninos menores de 2 anos,2006-05-01,43,43,20,63
SACACA,nutricion y desarrollo infantil,controles repetidos en ninos menores de 2 anos,2006-05-01,338,338,341,679
SAIPINA,nutricion y desarrollo infantil,controles repetidos en ninos menores de 2 anos,2006-05-01,72,72,67,139
SALINAS DE GARCI MENDOZA,nutricion y desarrollo infantil,controles repetidos en ninos menores de 2 anos,2006-05-01,92,92,84,176
SAMAIPATA,nutricion y desarrollo infantil,controles repetidos en ninos menores de 2 anos,2006-05-01,109,109,69,178
SAN AGUSTIN,nutricion y desarrollo infantil,controles repetidos en ninos menores de 2 anos,2006-05-01,21,21,27,48
SAN ANDRES,nutricion y desarrollo infantil,controles repetidos en ninos menores de 2 anos,2006-05-01,75,75,63,138
SAN ANDRES DE MACHACA,nutricion y desarrollo infantil,controles repetidos en ninos menores de 2 anos,2006-05-01,37,37,28,65
SAN ANTONIO DE ESMORUCO,nutricion y desarrollo infantil,controles repetidos en ninos menores de 2 anos,2006-05-01,17,17,21,38
SAN ANTONIO DE LOMERIO,nutricion y desarrollo infantil,controles repetidos en ninos menores de 2 anos,2006-05-01,97,97,95,192
SAN BENITO,nutricion y desarrollo infantil,controles repetidos en ninos menores de 2 anos,2006-05-01,94,94,91,185
SAN BORJA,nutricion y desarrollo infantil,controles repetidos en ninos menores de 2 anos,2006-05-01,460,460,400,860
SAN BUENA VENTURA,nutricion y desarrollo infantil,controles repetidos en ninos menores de 2 anos,2006-05-01,77,77,69,146
SAN CARLOS,nutricion y desarrollo infantil,controles repetidos en ninos menores de 2 anos,2006-05-01,197,197,182,379
SAN IGNACIO,nutricion y desarrollo infantil,controles repetidos en ninos menores de 2 anos,2006-05-01,278,278,244,522
SAN IGNACIO DE VELASCO,nutricion y desarrollo infantil,controles repetidos en ninos menores de 2 anos,2006-05-01,539,539,488,1027
SAN JAVIER(BNI),nutricion y desarrollo infantil,controles repetidos en ninos menores de 2 anos,2006-05-01,33,33,30,63
SAN JAVIER(STC),nutricion y desarrollo infantil,controles repetidos en ninos menores de 2 anos,2006-05-01,64,64,68,132
SAN JOAQUIN,nutricion y desarrollo infantil,controles repetidos en ninos menores de 2 anos,2006-05-01,27,27,26,53
SAN JOSE DE CHIQUITOS,nutricion y desarrollo infantil,controles repetidos en ninos menores de 2 anos,2006-05-01,79,79,71,150
SAN JUAN DE YAPACANI,nutricion y desarrollo infantil,controles repetidos en ninos menores de 2 anos,2006-05-01,112,112,105,217
SAN JULIAN,nutricion y desarrollo infantil,controles repetidos en ninos menores de 2 anos,2006-05-01,117,117,126,243
SAN LORENZO(PND),nutricion y desarrollo infantil,controles repetidos en ninos menores de 2 anos,2006-05-01,60,60,28,88
SAN LORENZO(TJA),nutricion y desarrollo infantil,controles repetidos en ninos menores de 2 anos,2006-05-01,186,186,155,341
SAN LUCAS,nutricion y desarrollo infantil,controles repetidos en ninos menores de 2 anos,2006-05-01,691,691,594,1285
SAN MATIAS,nutricion y desarrollo infantil,controles repetidos en ninos menores de 2 anos,2006-05-01,134,134,118,252
SAN MIGUEL DE VELASCO,nutricion y desarrollo infantil,controles repetidos en ninos menores de 2 anos,2006-05-01,112,112,77,189
SAN PABLO DE LIPEZ,nutricion y desarrollo infantil,controles repetidos en ninos menores de 2 anos,2006-05-01,25,25,31,56
SAN PEDRO,nutricion y desarrollo infantil,controles repetidos en ninos menores de 2 anos,2006-05-01,150,150,160,310
SAN PEDRO DE BUENA VISTA,nutricion y desarrollo infantil,controles repetidos en ninos menores de 2 anos,2006-05-01,337,337,286,623
SAN PEDRO DE CURAHUARA,nutricion y desarrollo infantil,controles repetidos en ninos menores de 2 anos,2006-05-01,54,54,39,93
SAN PEDRO DE QUEMES,nutricion y desarrollo infantil,controles repetidos en ninos menores de 2 anos,2006-05-01,3,3,3,6
SAN PEDRO DE TIQUINA,nutricion y desarrollo infantil,controles repetidos en ninos menores de 2 anos,2006-05-01,27,27,30,57
SAN PEDRO(PND),nutricion y desarrollo infantil,controles repetidos en ninos menores de 2 anos,2006-05-01,4,4,2,6
SAN RAFAEL,nutricion y desarrollo infantil,controles repetidos en ninos menores de 2 anos,2006-05-01,42,42,47,89
SAN RAMON,nutricion y desarrollo infantil,controles repetidos en ninos menores de 2 anos,2006-05-01,50,50,36,86
SAN RAMON,nutricion y desarrollo infantil,controles repetidos en ninos menores de 2 anos,2006-05-01,66,66,60,126
SANTA ANA,nutricion y desarrollo infantil,controles repetidos en ninos menores de 2 anos,2006-05-01,125,125,112,237
SANTA CRUZ DE LA SIERRA,nutricion y desarrollo infantil,controles repetidos en ninos menores de 2 anos,2006-05-01,3706,3706,3522,7228
SANTA ROSA,nutricion y desarrollo infantil,controles repetidos en ninos menores de 2 anos,2006-05-01,61,61,70,131
SANTA ROSA DEL SARA,nutricion y desarrollo infantil,controles repetidos en ninos menores de 2 anos,2006-05-01,136,136,131,267
SANTIAGO DE CALLAPA,nutricion y desarrollo infantil,controles repetidos en ninos menores de 2 anos,2006-05-01,41,41,54,95
SANTIAGO DE HUARI,nutricion y desarrollo infantil,controles repetidos en ninos menores de 2 anos,2006-05-01,65,65,83,148
SANTIAGO DE MACHACA,nutricion y desarrollo infantil,controles repetidos en ninos menores de 2 anos,2006-05-01,44,44,41,85
SANTIVAÑES,nutricion y desarrollo infantil,controles repetidos en ninos menores de 2 anos,2006-05-01,60,60,76,136
SANTUARIO DE QUILLACAS,nutricion y desarrollo infantil,controles repetidos en ninos menores de 2 anos,2006-05-01,15,15,8,23
SAPAHAQUI,nutricion y desarrollo infantil,controles repetidos en ninos menores de 2 anos,2006-05-01,104,104,107,211
SENA,nutricion y desarrollo infantil,controles repetidos en ninos menores de 2 anos,2006-05-01,67,67,65,132
SICA SICA (VILLA AROMA),nutricion y desarrollo infantil,controles repetidos en ninos menores de 2 anos,2006-05-01,139,139,134,273
SICAYA,nutricion y desarrollo infantil,controles repetidos en ninos menores de 2 anos,2006-05-01,43,43,22,65
SIPE SIPE,nutricion y desarrollo infantil,controles repetidos en ninos menores de 2 anos,2006-05-01,259,259,219,478
SOPACHUY,nutricion y desarrollo infantil,controles repetidos en ninos menores de 2 anos,2006-05-01,165,165,148,313
SORACACHI,nutricion y desarrollo infantil,controles repetidos en ninos menores de 2 anos,2006-05-01,63,63,66,129
SORATA,nutricion y desarrollo infantil,controles repetidos en ninos menores de 2 anos,2006-05-01,101,101,96,197
SUCRE,nutricion y desarrollo infantil,controles repetidos en ninos menores de 2 anos,2006-05-01,1352,1352,1248,2600
TACACHI,nutricion y desarrollo infantil,controles repetidos en ninos menores de 2 anos,2006-05-01,13,13,8,21
TACACOMA,nutricion y desarrollo infantil,controles repetidos en ninos menores de 2 anos,2006-05-01,19,19,26,45
TACOBAMBA,nutricion y desarrollo infantil,controles repetidos en ninos menores de 2 anos,2006-05-01,130,130,146,276
TACOPAYA,nutricion y desarrollo infantil,controles repetidos en ninos menores de 2 anos,2006-05-01,84,84,65,149
TAHUA,nutricion y desarrollo infantil,controles repetidos en ninos menores de 2 anos,2006-05-01,7,7,7,14
TAPACARI,nutricion y desarrollo infantil,controles repetidos en ninos menores de 2 anos,2006-05-01,204,204,171,375
TARABUCO,nutricion y desarrollo infantil,controles repetidos en ninos menores de 2 anos,2006-05-01,330,330,297,627
TARACO,nutricion y desarrollo infantil,controles repetidos en ninos menores de 2 anos,2006-05-01,10,10,21,31
TARIJA,nutricion y desarrollo infantil,controles repetidos en ninos menores de 2 anos,2006-05-01,1068,1068,1046,2114
TARVITA,nutricion y desarrollo infantil,controles repetidos en ninos menores de 2 anos,2006-05-01,287,287,309,596
TEOPONTE,nutricion y desarrollo infantil,controles repetidos en ninos menores de 2 anos,2006-05-01,75,75,74,149
TIAWANACU,nutricion y desarrollo infantil,controles repetidos en ninos menores de 2 anos,2006-05-01,115,115,89,204
TINGUIPAYA,nutricion y desarrollo infantil,controles repetidos en ninos menores de 2 anos,2006-05-01,199,199,223,422
TIPUANI,nutricion y desarrollo infantil,controles repetidos en ninos menores de 2 anos,2006-05-01,101,101,81,182
TIQUIPAYA,nutricion y desarrollo infantil,controles repetidos en ninos menores de 2 anos,2006-05-01,83,83,60,143
TIRAQUE (CBBA),nutricion y desarrollo infantil,controles repetidos en ninos menores de 2 anos,2006-05-01,140,140,140,280
TITO YUPANQUI (PARQUIPUJIO),nutricion y desarrollo infantil,controles repetidos en ninos menores de 2 anos,2006-05-01,15,15,10,25
TOCO,nutricion y desarrollo infantil,controles repetidos en ninos menores de 2 anos,2006-05-01,16,16,11,27
TODOS SANTOS,nutricion y desarrollo infantil,controles repetidos en ninos menores de 2 anos,2006-05-01,0,0,2,2
TOLATA,nutricion y desarrollo infantil,controles repetidos en ninos menores de 2 anos,2006-05-01,20,20,21,41
TOLEDO,nutricion y desarrollo infantil,controles repetidos en ninos menores de 2 anos,2006-05-01,33,33,46,79
TOMAVE,nutricion y desarrollo infantil,controles repetidos en ninos menores de 2 anos,2006-05-01,128,128,114,242
TOMINA,nutricion y desarrollo infantil,controles repetidos en ninos menores de 2 anos,2006-05-01,208,208,175,383
TORO TORO,nutricion y desarrollo infantil,controles repetidos en ninos menores de 2 anos,2006-05-01,229,229,212,441
TOTORA(CBBA),nutricion y desarrollo infantil,controles repetidos en ninos menores de 2 anos,2006-05-01,105,105,93,198
TOTORA(ORR),nutricion y desarrollo infantil,controles repetidos en ninos menores de 2 anos,2006-05-01,15,15,19,34
TRIGAL,nutricion y desarrollo infantil,controles repetidos en ninos menores de 2 anos,2006-05-01,19,19,14,33
TRINIDAD,nutricion y desarrollo infantil,controles repetidos en ninos menores de 2 anos,2006-05-01,489,489,425,914
TUPIZA,nutricion y desarrollo infantil,controles repetidos en ninos menores de 2 anos,2006-05-01,436,436,400,836
TURCO,nutricion y desarrollo infantil,controles repetidos en ninos menores de 2 anos,2006-05-01,31,31,21,52
UMALA,nutricion y desarrollo infantil,controles repetidos en ninos menores de 2 anos,2006-05-01,13,13,14,27
UNCIA,nutricion y desarrollo infantil,controles repetidos en ninos menores de 2 anos,2006-05-01,152,152,126,278
URIONDO (A. CONCEPCION),nutricion y desarrollo infantil,controles repetidos en ninos menores de 2 anos,2006-05-01,162,162,151,313
UYUNI,nutricion y desarrollo infantil,controles repetidos en ninos menores de 2 anos,2006-05-01,227,227,198,425
VACAS,nutricion y desarrollo infantil,controles repetidos en ninos menores de 2 anos,2006-05-01,65,65,50,115
VALLEGRANDE,nutricion y desarrollo infantil,controles repetidos en ninos menores de 2 anos,2006-05-01,174,174,153,327
VIACHA,nutricion y desarrollo infantil,controles repetidos en ninos menores de 2 anos,2006-05-01,315,315,280,595
VILA VILA,nutricion y desarrollo infantil,controles repetidos en ninos menores de 2 anos,2006-05-01,7,7,10,17
VILLA MONTES,nutricion y desarrollo infantil,controles repetidos en ninos menores de 2 anos,2006-05-01,218,218,197,415
VILLA NUEVA (LOMA ALTA),nutricion y desarrollo infantil,controles repetidos en ninos menores de 2 anos,2006-05-01,20,20,28,48
VILLA RIVERO,nutricion y desarrollo infantil,controles repetidos en ninos menores de 2 anos,2006-05-01,20,20,27,47
VILLA SERRANO,nutricion y desarrollo infantil,controles repetidos en ninos menores de 2 anos,2006-05-01,228,228,209,437
VILLA TUNARI,nutricion y desarrollo infantil,controles repetidos en ninos menores de 2 anos,2006-05-01,238,238,234,472
VILLA VACA GUZMAN (MUYUPAMPA),nutricion y desarrollo infantil,controles repetidos en ninos menores de 2 anos,2006-05-01,137,137,136,273
VILLAZON,nutricion y desarrollo infantil,controles repetidos en ninos menores de 2 anos,2006-05-01,389,389,343,732
VINTO,nutricion y desarrollo infantil,controles repetidos en ninos menores de 2 anos,2006-05-01,34,34,36,70
VITICHI,nutricion y desarrollo infantil,controles repetidos en ninos menores de 2 anos,2006-05-01,98,98,129,227
WALDO BALLIVIAN,nutricion y desarrollo infantil,controles repetidos en ninos menores de 2 anos,2006-05-01,10,10,9,19
WARNES,nutricion y desarrollo infantil,controles repetidos en ninos menores de 2 anos,2006-05-01,370,370,358,728
YACO,nutricion y desarrollo infantil,controles repetidos en ninos menores de 2 anos,2006-05-01,61,61,69,130
YACUIBA,nutricion y desarrollo infantil,controles repetidos en ninos menores de 2 anos,2006-05-01,209,209,192,401
YAMPARAEZ,nutricion y desarrollo infantil,controles repetidos en ninos menores de 2 anos,2006-05-01,155,155,143,298
YANACACHI,nutricion y desarrollo infantil,controles repetidos en ninos menores de 2 anos,2006-05-01,32,32,26,58
YAPACANI,nutricion y desarrollo infantil,controles repetidos en ninos menores de 2 anos,2006-05-01,519,519,507,1026
YOCALLA,nutricion y desarrollo infantil,controles repetidos en ninos menores de 2 anos,2006-05-01,44,44,27,71
YOTALA,nutricion y desarrollo infantil,controles repetidos en ninos menores de 2 anos,2006-05-01,133,133,117,250
YUNCHARA,nutricion y desarrollo infantil,controles repetidos en ninos menores de 2 anos,2006-05-01,84,84,87,171
ZUDAÑEZ,nutricion y desarrollo infantil,controles repetidos en ninos menores de 2 anos,2006-05-01,130,130,119,249
ACACIO,nutricion y desarrollo infantil,controles repetidos en ninos menores de 2 anos,2006-06-01,75,75,80,155
ACHACACHI,nutricion y desarrollo infantil,controles repetidos en ninos menores de 2 anos,2006-06-01,348,348,357,705
ACHOCALLA,nutricion y desarrollo infantil,controles repetidos en ninos menores de 2 anos,2006-06-01,48,48,48,96
AIQUILE,nutricion y desarrollo infantil,controles repetidos en ninos menores de 2 anos,2006-06-01,117,117,80,197
ALALAY,nutricion y desarrollo infantil,controles repetidos en ninos menores de 2 anos,2006-06-01,22,22,18,40
ALCALA,nutricion y desarrollo infantil,controles repetidos en ninos menores de 2 anos,2006-06-01,52,52,55,107
ANCORAIMES,nutricion y desarrollo infantil,controles repetidos en ninos menores de 2 anos,2006-06-01,104,104,94,198
ANDAMARCA,nutricion y desarrollo infantil,controles repetidos en ninos menores de 2 anos,2006-06-01,21,21,15,36
ANTEQUERA,nutricion y desarrollo infantil,controles repetidos en ninos menores de 2 anos,2006-06-01,45,45,36,81
ANZALDO,nutricion y desarrollo infantil,controles repetidos en ninos menores de 2 anos,2006-06-01,11,11,16,27
APOLO,nutricion y desarrollo infantil,controles repetidos en ninos menores de 2 anos,2006-06-01,113,113,107,220
ARAMPAMPA,nutricion y desarrollo infantil,controles repetidos en ninos menores de 2 anos,2006-06-01,96,96,74,170
ARANI,nutricion y desarrollo infantil,controles repetidos en ninos menores de 2 anos,2006-06-01,35,35,23,58
ARBIETO,nutricion y desarrollo infantil,controles repetidos en ninos menores de 2 anos,2006-06-01,41,41,32,73
ARQUE,nutricion y desarrollo infantil,controles repetidos en ninos menores de 2 anos,2006-06-01,56,56,52,108
ASCENCION DE GUARAYOS,nutricion y desarrollo infantil,controles repetidos en ninos menores de 2 anos,2006-06-01,336,336,354,690
ATOCHA,nutricion y desarrollo infantil,controles repetidos en ninos menores de 2 anos,2006-06-01,105,105,105,210
AUCAPATA,nutricion y desarrollo infantil,controles repetidos en ninos menores de 2 anos,2006-06-01,77,77,64,141
AYATA,nutricion y desarrollo infantil,controles repetidos en ninos menores de 2 anos,2006-06-01,63,63,38,101
AYO AYO,nutricion y desarrollo infantil,controles repetidos en ninos menores de 2 anos,2006-06-01,56,56,50,106
AYOPAYA (V. DE INDEPENDENCIA),nutricion y desarrollo infantil,controles repetidos en ninos menores de 2 anos,2006-06-01,142,142,120,262
AZURDUY,nutricion y desarrollo infantil,controles repetidos en ninos menores de 2 anos,2006-06-01,301,301,262,563
BATALLAS,nutricion y desarrollo infantil,controles repetidos en ninos menores de 2 anos,2006-06-01,122,122,107,229
BAURES,nutricion y desarrollo infantil,controles repetidos en ninos menores de 2 anos,2006-06-01,49,49,54,103
BELEN DE ANDAMARCA,nutricion y desarrollo infantil,controles repetidos en ninos menores de 2 anos,2006-06-01,10,10,10,20
BELEN DE URMIRI,nutricion y desarrollo infantil,controles repetidos en ninos menores de 2 anos,2006-06-01,18,18,14,32
BELLA FLOR,nutricion y desarrollo infantil,controles repetidos en ninos menores de 2 anos,2006-06-01,19,19,17,36
BERMEJO,nutricion y desarrollo infantil,controles repetidos en ninos menores de 2 anos,2006-06-01,48,48,53,101
BETANZOS,nutricion y desarrollo infantil,controles repetidos en ninos menores de 2 anos,2006-06-01,226,226,247,473
BOLIVAR,nutricion y desarrollo infantil,controles repetidos en ninos menores de 2 anos,2006-06-01,93,93,88,181
BOLPEBRA,nutricion y desarrollo infantil,controles repetidos en ninos menores de 2 anos,2006-06-01,15,15,14,29
BOYUIBE,nutricion y desarrollo infantil,controles repetidos en ninos menores de 2 anos,2006-06-01,46,46,24,70
BUENA VISTA,nutricion y desarrollo infantil,controles repetidos en ninos menores de 2 anos,2006-06-01,210,210,161,371
CABEZAS,nutricion y desarrollo infantil,controles repetidos en ninos menores de 2 anos,2006-06-01,165,165,131,296
CAIROMA,nutricion y desarrollo infantil,controles repetidos en ninos menores de 2 anos,2006-06-01,151,151,153,304
"CAIZA ""D""",nutricion y desarrollo infantil,controles repetidos en ninos menores de 2 anos,2006-06-01,100,100,91,191
CAJUATA,nutricion y desarrollo infantil,controles repetidos en ninos menores de 2 anos,2006-06-01,90,90,71,161
CALACOTO,nutricion y desarrollo infantil,controles repetidos en ninos menores de 2 anos,2006-06-01,36,36,41,77
CALAMARCA,nutricion y desarrollo infantil,controles repetidos en ninos menores de 2 anos,2006-06-01,174,174,174,348
CAMARGO,nutricion y desarrollo infantil,controles repetidos en ninos menores de 2 anos,2006-06-01,215,215,201,416
CAMATAQUI (C. VILLA ABECIA),nutricion y desarrollo infantil,controles repetidos en ninos menores de 2 anos,2006-06-01,42,42,33,75
CAMIRI,nutricion y desarrollo infantil,controles repetidos en ninos menores de 2 anos,2006-06-01,279,279,256,535
CAPINOTA,nutricion y desarrollo infantil,controles repetidos en ninos menores de 2 anos,2006-06-01,93,93,94,187
CAQUIAVIRI,nutricion y desarrollo infantil,controles repetidos en ninos menores de 2 anos,2006-06-01,56,56,59,115
CARACOLLO,nutricion y desarrollo infantil,controles repetidos en ninos menores de 2 anos,2006-06-01,54,54,55,109
CARANAVI,nutricion y desarrollo infantil,controles repetidos en ninos menores de 2 anos,2006-06-01,510,510,468,978
CARANGAS,nutricion y desarrollo infantil,controles repetidos en ninos menores de 2 anos,2006-06-01,0,0,1,1
CARAPARI,nutricion y desarrollo infantil,controles repetidos en ninos menores de 2 anos,2006-06-01,131,131,109,240
CARIPUYO,nutricion y desarrollo infantil,controles repetidos en ninos menores de 2 anos,2006-06-01,106,106,104,210
CARMEN RIVERO TORREZ,nutricion y desarrollo infantil,controles repetidos en ninos menores de 2 anos,2006-06-01,26,26,22,48
CATACORA,nutricion y desarrollo infantil,controles repetidos en ninos menores de 2 anos,2006-06-01,3,3,0,3
CHACARILLA,nutricion y desarrollo infantil,controles repetidos en ninos menores de 2 anos,2006-06-01,15,15,10,25
CHALLAPATA,nutricion y desarrollo infantil,controles repetidos en ninos menores de 2 anos,2006-06-01,166,166,158,324
CHAQUI,nutricion y desarrollo infantil,controles repetidos en ninos menores de 2 anos,2006-06-01,65,65,70,135
CHARAGUA,nutricion y desarrollo infantil,controles repetidos en ninos menores de 2 anos,2006-06-01,270,270,222,492
CHARAÑA,nutricion y desarrollo infantil,controles repetidos en ninos menores de 2 anos,2006-06-01,16,16,18,34
CHAYANTA,nutricion y desarrollo infantil,controles repetidos en ninos menores de 2 anos,2006-06-01,173,173,169,342
CHIMORE,nutricion y desarrollo infantil,controles repetidos en ninos menores de 2 anos,2006-06-01,11,11,17,28
CHIPAYA,nutricion y desarrollo infantil,controles repetidos en ninos menores de 2 anos,2006-06-01,18,18,22,40
CHOQUE COTA,nutricion y desarrollo infantil,controles repetidos en ninos menores de 2 anos,2006-06-01,5,5,10,15
CHULUMANI (V. DE LA LIBERTAD),nutricion y desarrollo infantil,controles repetidos en ninos menores de 2 anos,2006-06-01,44,44,52,96
CHUMA,nutricion y desarrollo infantil,controles repetidos en ninos menores de 2 anos,2006-06-01,83,83,78,161
CLIZA,nutricion y desarrollo infantil,controles repetidos en ninos menores de 2 anos,2006-06-01,139,139,93,232
COBIJA,nutricion y desarrollo infantil,controles repetidos en ninos menores de 2 anos,2006-06-01,368,368,369,737
COCHABAMBA,nutricion y desarrollo infantil,controles repetidos en ninos menores de 2 anos,2006-06-01,1620,1620,1510,3130
COIPASA,nutricion y desarrollo infantil,controles repetidos en ninos menores de 2 anos,2006-06-01,4,4,6,10
COLCAPIRHUA,nutricion y desarrollo infantil,controles repetidos en ninos menores de 2 anos,2006-06-01,76,76,84,160
"COLCHA ""K""",nutricion y desarrollo infantil,controles repetidos en ninos menores de 2 anos,2006-06-01,135,135,117,252
COLLANA,nutricion y desarrollo infantil,controles repetidos en ninos menores de 2 anos,2006-06-01,21,21,10,31
COLOMI,nutricion y desarrollo infantil,controles repetidos en ninos menores de 2 anos,2006-06-01,75,75,78,153
COLPA BELGICA,nutricion y desarrollo infantil,controles repetidos en ninos menores de 2 anos,2006-06-01,70,70,47,117
COLQUECHACA,nutricion y desarrollo infantil,controles repetidos en ninos menores de 2 anos,2006-06-01,254,254,225,479
COLQUENCHA,nutricion y desarrollo infantil,controles repetidos en ninos menores de 2 anos,2006-06-01,37,37,54,91
COLQUIRI,nutricion y desarrollo infantil,controles repetidos en ninos menores de 2 anos,2006-06-01,129,129,131,260
COMANCHE,nutricion y desarrollo infantil,controles repetidos en ninos menores de 2 anos,2006-06-01,16,16,13,29
COMARAPA,nutricion y desarrollo infantil,controles repetidos en ninos menores de 2 anos,2006-06-01,146,146,132,278
COMBAYA,nutricion y desarrollo infantil,controles repetidos en ninos menores de 2 anos,2006-06-01,9,9,6,15
CONCEPCION,nutricion y desarrollo infantil,controles repetidos en ninos menores de 2 anos,2006-06-01,99,99,80,179
COPACABANA,nutricion y desarrollo infantil,controles repetidos en ninos menores de 2 anos,2006-06-01,117,117,97,214
CORIPATA,nutricion y desarrollo infantil,controles repetidos en ninos menores de 2 anos,2006-06-01,114,114,123,237
CORO CORO,nutricion y desarrollo infantil,controles repetidos en ninos menores de 2 anos,2006-06-01,66,66,70,136
COROICO,nutricion y desarrollo infantil,controles repetidos en ninos menores de 2 anos,2006-06-01,72,72,51,123
CORQUE,nutricion y desarrollo infantil,controles repetidos en ninos menores de 2 anos,2006-06-01,35,35,37,72
COTAGAITA,nutricion y desarrollo infantil,controles repetidos en ninos menores de 2 anos,2006-06-01,290,290,295,585
COTOCA,nutricion y desarrollo infantil,controles repetidos en ninos menores de 2 anos,2006-06-01,321,321,294,615
CUATRO CAÑADAS,nutricion y desarrollo infantil,controles repetidos en ninos menores de 2 anos,2006-06-01,30,30,38,68
CUCHUMUELA (V. G. VILLARROEL),nutricion y desarrollo infantil,controles repetidos en ninos menores de 2 anos,2006-06-01,5,5,1,6
CUEVO,nutricion y desarrollo infantil,controles repetidos en ninos menores de 2 anos,2006-06-01,55,55,66,121
CULPINA,nutricion y desarrollo infantil,controles repetidos en ninos menores de 2 anos,2006-06-01,284,284,250,534
CURAHUARA DE CARANGAS,nutricion y desarrollo infantil,controles repetidos en ninos menores de 2 anos,2006-06-01,48,48,35,83
CURVA,nutricion y desarrollo infantil,controles repetidos en ninos menores de 2 anos,2006-06-01,16,16,17,33
DESAGUADERO,nutricion y desarrollo infantil,controles repetidos en ninos menores de 2 anos,2006-06-01,32,32,25,57
EL ALTO,nutricion y desarrollo infantil,controles repetidos en ninos menores de 2 anos,2006-06-01,3326,3326,3057,6383
EL CHORO,nutricion y desarrollo infantil,controles repetidos en ninos menores de 2 anos,2006-06-01,20,20,10,30
EL PUENTE(STC),nutricion y desarrollo infantil,controles repetidos en ninos menores de 2 anos,2006-06-01,134,134,108,242
EL PUENTE(TJA),nutricion y desarrollo infantil,controles repetidos en ninos menores de 2 anos,2006-06-01,64,64,61,125
EL TORNO,nutricion y desarrollo infantil,controles repetidos en ninos menores de 2 anos,2006-06-01,169,169,164,333
EL VILLAR,nutricion y desarrollo infantil,controles repetidos en ninos menores de 2 anos,2006-06-01,99,99,89,188
ENTRE RIOS,nutricion y desarrollo infantil,controles repetidos en ninos menores de 2 anos,2006-06-01,255,255,222,477
ENTRE RIOS,nutricion y desarrollo infantil,controles repetidos en ninos menores de 2 anos,2006-06-01,169,169,181,350
ESCARA,nutricion y desarrollo infantil,controles repetidos en ninos menores de 2 anos,2006-06-01,0,0,4,4
EUCALIPTUS,nutricion y desarrollo infantil,controles repetidos en ninos menores de 2 anos,2006-06-01,30,30,36,66
EUREKA (SANTOS MERCADO),nutricion y desarrollo infantil,controles repetidos en ninos menores de 2 anos,2006-06-01,3,3,5,8
EXALTACION,nutricion y desarrollo infantil,controles repetidos en ninos menores de 2 anos,2006-06-01,36,36,25,61
FERNANDEZ ALONSO,nutricion y desarrollo infantil,controles repetidos en ninos menores de 2 anos,2006-06-01,143,143,150,293
FILADELFIA,nutricion y desarrollo infantil,controles repetidos en ninos menores de 2 anos,2006-06-01,14,14,10,24
GENERAL SAAVEDRA,nutricion y desarrollo infantil,controles repetidos en ninos menores de 2 anos,2006-06-01,185,185,162,347
GRAL. J.J. PEREZ (CHARAZANI),nutricion y desarrollo infantil,controles repetidos en ninos menores de 2 anos,2006-06-01,77,77,75,152
GUANAY,nutricion y desarrollo infantil,controles repetidos en ninos menores de 2 anos,2006-06-01,93,93,84,177
GUAQUI,nutricion y desarrollo infantil,controles repetidos en ninos menores de 2 anos,2006-06-01,48,48,35,83
GUAYARAMERIN,nutricion y desarrollo infantil,controles repetidos en ninos menores de 2 anos,2006-06-01,458,458,418,876
GUTIERREZ,nutricion y desarrollo infantil,controles repetidos en ninos menores de 2 anos,2006-06-01,169,169,192,361
HUACARETA,nutricion y desarrollo infantil,controles repetidos en ninos menores de 2 anos,2006-06-01,125,125,108,233
HUACAYA (VILLA DE HUACAYA),nutricion y desarrollo infantil,controles repetidos en ninos menores de 2 anos,2006-06-01,46,46,37,83
HUACHACALLA,nutricion y desarrollo infantil,controles repetidos en ninos menores de 2 anos,2006-06-01,8,8,8,16
HUANUNI,nutricion y desarrollo infantil,controles repetidos en ninos menores de 2 anos,2006-06-01,118,118,109,227
HUARACAJE,nutricion y desarrollo infantil,controles repetidos en ninos menores de 2 anos,2006-06-01,37,37,31,68
HUAYLLAMARCA,nutricion y desarrollo infantil,controles repetidos en ninos menores de 2 anos,2006-06-01,27,27,24,51
ICHOCA,nutricion y desarrollo infantil,controles repetidos en ninos menores de 2 anos,2006-06-01,47,47,40,87
ICLA,nutricion y desarrollo infantil,controles repetidos en ninos menores de 2 anos,2006-06-01,203,203,212,415
INCAHUASI,nutricion y desarrollo infantil,controles repetidos en ninos menores de 2 anos,2006-06-01,331,331,313,644
INGAVI (HUMAITA),nutricion y desarrollo infantil,controles repetidos en ninos menores de 2 anos,2006-06-01,21,21,9,30
INQUISIVI,nutricion y desarrollo infantil,controles repetidos en ninos menores de 2 anos,2006-06-01,148,148,143,291
IRUPANA (VILLA DE LANZA),nutricion y desarrollo infantil,controles repetidos en ninos menores de 2 anos,2006-06-01,160,160,132,292
IXIAMAS,nutricion y desarrollo infantil,controles repetidos en ninos menores de 2 anos,2006-06-01,79,79,89,168
JESUS DE MACHACA,nutricion y desarrollo infantil,controles repetidos en ninos menores de 2 anos,2006-06-01,63,63,91,154
LA ASUNTA,nutricion y desarrollo infantil,controles repetidos en ninos menores de 2 anos,2006-06-01,202,202,178,380
LA GUARDIA,nutricion y desarrollo infantil,controles repetidos en ninos menores de 2 anos,2006-06-01,452,452,389,841
LA PAZ,nutricion y desarrollo infantil,controles repetidos en ninos menores de 2 anos,2006-06-01,3757,3757,3316,7073
LA RIVERA,nutricion y desarrollo infantil,controles repetidos en ninos menores de 2 anos,2006-06-01,0,0,2,2
LAGUNILLAS,nutricion y desarrollo infantil,controles repetidos en ninos menores de 2 anos,2006-06-01,108,108,121,229
LAJA,nutricion y desarrollo infantil,controles repetidos en ninos menores de 2 anos,2006-06-01,123,123,111,234
LAS CARRERAS,nutricion y desarrollo infantil,controles repetidos en ninos menores de 2 anos,2006-06-01,56,56,60,116
LICOMA PAMPA,nutricion y desarrollo infantil,controles repetidos en ninos menores de 2 anos,2006-06-01,42,42,30,72
LLALLAGUA,nutricion y desarrollo infantil,controles repetidos en ninos menores de 2 anos,2006-06-01,561,561,542,1103
LLICA,nutricion y desarrollo infantil,controles repetidos en ninos menores de 2 anos,2006-06-01,46,46,44,90
LORETO,nutricion y desarrollo infantil,controles repetidos en ninos menores de 2 anos,2006-06-01,36,36,19,55
LURIBAY,nutricion y desarrollo infantil,controles repetidos en ninos menores de 2 anos,2006-06-01,120,120,106,226
MACHACAMARCA,nutricion y desarrollo infantil,controles repetidos en ninos menores de 2 anos,2006-06-01,10,10,9,19
MACHARETI,nutricion y desarrollo infantil,controles repetidos en ninos menores de 2 anos,2006-06-01,107,107,120,227
MAGDALENA,nutricion y desarrollo infantil,controles repetidos en ninos menores de 2 anos,2006-06-01,105,105,79,184
MAIRANA,nutricion y desarrollo infantil,controles repetidos en ninos menores de 2 anos,2006-06-01,93,93,85,178
MALLA,nutricion y desarrollo infantil,controles repetidos en ninos menores de 2 anos,2006-06-01,40,40,25,65
MAPIRI,nutricion y desarrollo infantil,controles repetidos en ninos menores de 2 anos,2006-06-01,140,140,361,501
MECAPACA,nutricion y desarrollo infantil,controles repetidos en ninos menores de 2 anos,2006-06-01,80,80,79,159
MINEROS,nutricion y desarrollo infantil,controles repetidos en ninos menores de 2 anos,2006-06-01,273,273,247,520
MIZQUE,nutricion y desarrollo infantil,controles repetidos en ninos menores de 2 anos,2006-06-01,102,102,101,203
MOCOMOCO,nutricion y desarrollo infantil,controles repetidos en ninos menores de 2 anos,2006-06-01,115,115,100,215
MOJINETE,nutricion y desarrollo infantil,controles repetidos en ninos menores de 2 anos,2006-06-01,8,8,6,14
MOJOCOYA,nutricion y desarrollo infantil,controles repetidos en ninos menores de 2 anos,2006-06-01,121,121,94,215
MONTEAGUDO,nutricion y desarrollo infantil,controles repetidos en ninos menores de 2 anos,2006-06-01,353,353,297,650
MONTERO,nutricion y desarrollo infantil,controles repetidos en ninos menores de 2 anos,2006-06-01,745,745,754,1499
MORO MORO,nutricion y desarrollo infantil,controles repetidos en ninos menores de 2 anos,2006-06-01,16,16,18,34
MOROCHATA,nutricion y desarrollo infantil,controles repetidos en ninos menores de 2 anos,2006-06-01,83,83,58,141
NACEBE (SANTA ROSA DEL ABUNA),nutricion y desarrollo infantil,controles repetidos en ninos menores de 2 anos,2006-06-01,23,23,26,49
NAZACARA DE PACAJES,nutricion y desarrollo infantil,controles repetidos en ninos menores de 2 anos,2006-06-01,3,3,4,7
NUEVO MANOA (NUEVA ESPERANZA),nutricion y desarrollo infantil,controles repetidos en ninos menores de 2 anos,2006-06-01,2,2,0,2
OCURI,nutricion y desarrollo infantil,controles repetidos en ninos menores de 2 anos,2006-06-01,231,231,219,450
OKINAWA,nutricion y desarrollo infantil,controles repetidos en ninos menores de 2 anos,2006-06-01,113,113,116,229
OMEREQUE,nutricion y desarrollo infantil,controles repetidos en ninos menores de 2 anos,2006-06-01,55,55,45,100
ORURO,nutricion y desarrollo infantil,controles repetidos en ninos menores de 2 anos,2006-06-01,1202,1202,1120,2322
PADCAYA,nutricion y desarrollo infantil,controles repetidos en ninos menores de 2 anos,2006-06-01,153,153,129,282
PADILLA,nutricion y desarrollo infantil,controles repetidos en ninos menores de 2 anos,2006-06-01,172,172,159,331
PAILON,nutricion y desarrollo infantil,controles repetidos en ninos menores de 2 anos,2006-06-01,124,124,114,238
PALCA,nutricion y desarrollo infantil,controles repetidos en ninos menores de 2 anos,2006-06-01,46,46,53,99
PALOS BLANCOS,nutricion y desarrollo infantil,controles repetidos en ninos menores de 2 anos,2006-06-01,239,239,211,450
PAMPA AULLAGAS,nutricion y desarrollo infantil,controles repetidos en ninos menores de 2 anos,2006-06-01,26,26,17,43
PAMPA GRANDE,nutricion y desarrollo infantil,controles repetidos en ninos menores de 2 anos,2006-06-01,43,43,47,90
PAPEL PAMPA,nutricion y desarrollo infantil,controles repetidos en ninos menores de 2 anos,2006-06-01,13,13,15,28
PASORAPA,nutricion y desarrollo infantil,controles repetidos en ninos menores de 2 anos,2006-06-01,56,56,50,106
PATACAMAYA,nutricion y desarrollo infantil,controles repetidos en ninos menores de 2 anos,2006-06-01,90,90,82,172
PAZÑA,nutricion y desarrollo infantil,controles repetidos en ninos menores de 2 anos,2006-06-01,49,49,46,95
PELECHUCO,nutricion y desarrollo infantil,controles repetidos en ninos menores de 2 anos,2006-06-01,33,33,45,78
POCOATA,nutricion y desarrollo infantil,controles repetidos en ninos menores de 2 anos,2006-06-01,267,267,237,504
POCONA,nutricion y desarrollo infantil,controles repetidos en ninos menores de 2 anos,2006-06-01,79,79,61,140
POJO (CBBA),nutricion y desarrollo infantil,controles repetidos en ninos menores de 2 anos,2006-06-01,89,89,97,186
POOPO,nutricion y desarrollo infantil,controles repetidos en ninos menores de 2 anos,2006-06-01,24,24,27,51
PORCO,nutricion y desarrollo infantil,controles repetidos en ninos menores de 2 anos,2006-06-01,81,81,91,172
POROMA,nutricion y desarrollo infantil,controles repetidos en ninos menores de 2 anos,2006-06-01,165,165,175,340
PORONGO,nutricion y desarrollo infantil,controles repetidos en ninos menores de 2 anos,2006-06-01,50,50,57,107
PORTACHUELO,nutricion y desarrollo infantil,controles repetidos en ninos menores de 2 anos,2006-06-01,219,219,205,424
PORVENIR,nutricion y desarrollo infantil,controles repetidos en ninos menores de 2 anos,2006-06-01,43,43,42,85
POSTRER VALLE,nutricion y desarrollo infantil,controles repetidos en ninos menores de 2 anos,2006-06-01,20,20,25,45
POTOSI,nutricion y desarrollo infantil,controles repetidos en ninos menores de 2 anos,2006-06-01,1093,1093,994,2087
PRESTO,nutricion y desarrollo infantil,controles repetidos en ninos menores de 2 anos,2006-06-01,107,107,100,207
PUCARA,nutricion y desarrollo infantil,controles repetidos en ninos menores de 2 anos,2006-06-01,22,22,15,37
PUCARANI,nutricion y desarrollo infantil,controles repetidos en ninos menores de 2 anos,2006-06-01,204,204,205,409
PUERTO ACOSTA,nutricion y desarrollo infantil,controles repetidos en ninos menores de 2 anos,2006-06-01,133,133,139,272
PUERTO CARABUCO,nutricion y desarrollo infantil,controles repetidos en ninos menores de 2 anos,2006-06-01,97,97,66,163
PUERTO GONZALO MORENO,nutricion y desarrollo infantil,controles repetidos en ninos menores de 2 anos,2006-06-01,73,73,55,128
PUERTO PEREZ,nutricion y desarrollo infantil,controles repetidos en ninos menores de 2 anos,2006-06-01,47,47,36,83
PUERTO QUIJARRO,nutricion y desarrollo infantil,controles repetidos en ninos menores de 2 anos,2006-06-01,101,101,94,195
PUERTO RICO,nutricion y desarrollo infantil,controles repetidos en ninos menores de 2 anos,2006-06-01,85,85,78,163
PUERTO SILES,nutricion y desarrollo infantil,controles repetidos en ninos menores de 2 anos,2006-06-01,3,3,5,8
PUERTO SUAREZ,nutricion y desarrollo infantil,controles repetidos en ninos menores de 2 anos,2006-06-01,87,87,88,175
PUERTO VILLARROEL,nutricion y desarrollo infantil,controles repetidos en ninos menores de 2 anos,2006-06-01,170,170,168,338
PUNA,nutricion y desarrollo infantil,controles repetidos en ninos menores de 2 anos,2006-06-01,284,284,212,496
PUNATA,nutricion y desarrollo infantil,controles repetidos en ninos menores de 2 anos,2006-06-01,80,80,85,165
QUIABAYA,nutricion y desarrollo infantil,controles repetidos en ninos menores de 2 anos,2006-06-01,5,5,4,9
QUILLACOLLO,nutricion y desarrollo infantil,controles repetidos en ninos menores de 2 anos,2006-06-01,141,141,134,275
QUIME,nutricion y desarrollo infantil,controles repetidos en ninos menores de 2 anos,2006-06-01,114,114,82,196
QUIRUSILLAS,nutricion y desarrollo infantil,controles repetidos en ninos menores de 2 anos,2006-06-01,14,14,12,26
RAVELO,nutricion y desarrollo infantil,controles repetidos en ninos menores de 2 anos,2006-06-01,301,301,312,613
REYES,nutricion y desarrollo infantil,controles repetidos en ninos menores de 2 anos,2006-06-01,110,110,135,245
RIBERALTA,nutricion y desarrollo infantil,controles repetidos en ninos menores de 2 anos,2006-06-01,1016,1016,960,1976
ROBORE,nutricion y desarrollo infantil,controles repetidos en ninos menores de 2 anos,2006-06-01,122,122,111,233
RURRENABAQUE,nutricion y desarrollo infantil,controles repetidos en ninos menores de 2 anos,2006-06-01,102,102,104,206
SABAYA,nutricion y desarrollo infantil,controles repetidos en ninos menores de 2 anos,2006-06-01,21,21,20,41
SACABA,nutricion y desarrollo infantil,controles repetidos en ninos menores de 2 anos,2006-06-01,248,248,197,445
SACABAMBA,nutricion y desarrollo infantil,controles repetidos en ninos menores de 2 anos,2006-06-01,29,29,29,58
SACACA,nutricion y desarrollo infantil,controles repetidos en ninos menores de 2 anos,2006-06-01,336,336,326,662
SAIPINA,nutricion y desarrollo infantil,controles repetidos en ninos menores de 2 anos,2006-06-01,66,66,52,118
SALINAS DE GARCI MENDOZA,nutricion y desarrollo infantil,controles repetidos en ninos menores de 2 anos,2006-06-01,62,62,61,123
SAMAIPATA,nutricion y desarrollo infantil,controles repetidos en ninos menores de 2 anos,2006-06-01,108,108,83,191
SAN AGUSTIN,nutricion y desarrollo infantil,controles repetidos en ninos menores de 2 anos,2006-06-01,22,22,23,45
SAN ANDRES,nutricion y desarrollo infantil,controles repetidos en ninos menores de 2 anos,2006-06-01,41,41,37,78
SAN ANDRES DE MACHACA,nutricion y desarrollo infantil,controles repetidos en ninos menores de 2 anos,2006-06-01,29,29,17,46
SAN ANTONIO DE ESMORUCO,nutricion y desarrollo infantil,controles repetidos en ninos menores de 2 anos,2006-06-01,14,14,11,25
SAN ANTONIO DE LOMERIO,nutricion y desarrollo infantil,controles repetidos en ninos menores de 2 anos,2006-06-01,149,149,113,262
SAN BENITO,nutricion y desarrollo infantil,controles repetidos en ninos menores de 2 anos,2006-06-01,55,55,66,121
SAN BORJA,nutricion y desarrollo infantil,controles repetidos en ninos menores de 2 anos,2006-06-01,368,368,356,724
SAN BUENA VENTURA,nutricion y desarrollo infantil,controles repetidos en ninos menores de 2 anos,2006-06-01,66,66,58,124
SAN CARLOS,nutricion y desarrollo infantil,controles repetidos en ninos menores de 2 anos,2006-06-01,229,229,173,402
SAN IGNACIO,nutricion y desarrollo infantil,controles repetidos en ninos menores de 2 anos,2006-06-01,256,256,220,476
SAN IGNACIO DE VELASCO,nutricion y desarrollo infantil,controles repetidos en ninos menores de 2 anos,2006-06-01,591,591,514,1105
SAN JAVIER(BNI),nutricion y desarrollo infantil,controles repetidos en ninos menores de 2 anos,2006-06-01,43,43,29,72
SAN JAVIER(STC),nutricion y desarrollo infantil,controles repetidos en ninos menores de 2 anos,2006-06-01,68,68,89,157
SAN JOAQUIN,nutricion y desarrollo infantil,controles repetidos en ninos menores de 2 anos,2006-06-01,21,21,23,44
SAN JOSE DE CHIQUITOS,nutricion y desarrollo infantil,controles repetidos en ninos menores de 2 anos,2006-06-01,81,81,72,153
SAN JUAN DE YAPACANI,nutricion y desarrollo infantil,controles repetidos en ninos menores de 2 anos,2006-06-01,114,114,131,245
SAN JULIAN,nutricion y desarrollo infantil,controles repetidos en ninos menores de 2 anos,2006-06-01,203,203,193,396
SAN LORENZO(PND),nutricion y desarrollo infantil,controles repetidos en ninos menores de 2 anos,2006-06-01,67,67,46,113
SAN LORENZO(TJA),nutricion y desarrollo infantil,controles repetidos en ninos menores de 2 anos,2006-06-01,200,200,177,377
SAN LUCAS,nutricion y desarrollo infantil,controles repetidos en ninos menores de 2 anos,2006-06-01,592,592,577,1169
SAN MATIAS,nutricion y desarrollo infantil,controles repetidos en ninos menores de 2 anos,2006-06-01,109,109,100,209
SAN MIGUEL DE VELASCO,nutricion y desarrollo infantil,controles repetidos en ninos menores de 2 anos,2006-06-01,167,167,153,320
SAN PABLO DE LIPEZ,nutricion y desarrollo infantil,controles repetidos en ninos menores de 2 anos,2006-06-01,25,25,24,49
SAN PEDRO,nutricion y desarrollo infantil,controles repetidos en ninos menores de 2 anos,2006-06-01,187,187,150,337
SAN PEDRO DE BUENA VISTA,nutricion y desarrollo infantil,controles repetidos en ninos menores de 2 anos,2006-06-01,277,277,239,516
SAN PEDRO DE CURAHUARA,nutricion y desarrollo infantil,controles repetidos en ninos menores de 2 anos,2006-06-01,48,48,41,89
SAN PEDRO DE QUEMES,nutricion y desarrollo infantil,controles repetidos en ninos menores de 2 anos,2006-06-01,2,2,8,10
SAN PEDRO DE TIQUINA,nutricion y desarrollo infantil,controles repetidos en ninos menores de 2 anos,2006-06-01,27,27,36,63
SAN PEDRO(PND),nutricion y desarrollo infantil,controles repetidos en ninos menores de 2 anos,2006-06-01,15,15,28,43
SAN RAFAEL,nutricion y desarrollo infantil,controles repetidos en ninos menores de 2 anos,2006-06-01,51,51,61,112
SAN RAMON,nutricion y desarrollo infantil,controles repetidos en ninos menores de 2 anos,2006-06-01,42,42,33,75
SAN RAMON,nutricion y desarrollo infantil,controles repetidos en ninos menores de 2 anos,2006-06-01,52,52,60,112
SANTA ANA,nutricion y desarrollo infantil,controles repetidos en ninos menores de 2 anos,2006-06-01,168,168,145,313
SANTA CRUZ DE LA SIERRA,nutricion y desarrollo infantil,controles repetidos en ninos menores de 2 anos,2006-06-01,4168,4168,3798,7966
SANTA ROSA,nutricion y desarrollo infantil,controles repetidos en ninos menores de 2 anos,2006-06-01,5,5,5,10
SANTA ROSA DEL SARA,nutricion y desarrollo infantil,controles repetidos en ninos menores de 2 anos,2006-06-01,101,101,112,213
SANTIAGO DE CALLAPA,nutricion y desarrollo infantil,controles repetidos en ninos menores de 2 anos,2006-06-01,35,35,35,70
SANTIAGO DE HUARI,nutricion y desarrollo infantil,controles repetidos en ninos menores de 2 anos,2006-06-01,46,46,51,97
SANTIAGO DE MACHACA,nutricion y desarrollo infantil,controles repetidos en ninos menores de 2 anos,2006-06-01,26,26,22,48
SANTIVAÑES,nutricion y desarrollo infantil,controles repetidos en ninos menores de 2 anos,2006-06-01,59,59,80,139
SANTUARIO DE QUILLACAS,nutricion y desarrollo infantil,controles repetidos en ninos menores de 2 anos,2006-06-01,11,11,13,24
SAPAHAQUI,nutricion y desarrollo infantil,controles repetidos en ninos menores de 2 anos,2006-06-01,78,78,73,151
SENA,nutricion y desarrollo infantil,controles repetidos en ninos menores de 2 anos,2006-06-01,35,35,35,70
SICA SICA (VILLA AROMA),nutricion y desarrollo infantil,controles repetidos en ninos menores de 2 anos,2006-06-01,196,196,161,357
SICAYA,nutricion y desarrollo infantil,controles repetidos en ninos menores de 2 anos,2006-06-01,26,26,17,43
SIPE SIPE,nutricion y desarrollo infantil,controles repetidos en ninos menores de 2 anos,2006-06-01,172,172,172,344
SOPACHUY,nutricion y desarrollo infantil,controles repetidos en ninos menores de 2 anos,2006-06-01,109,109,102,211
SORACACHI,nutricion y desarrollo infantil,controles repetidos en ninos menores de 2 anos,2006-06-01,50,50,46,96
SORATA,nutricion y desarrollo infantil,controles repetidos en ninos menores de 2 anos,2006-06-01,101,101,102,203
SUCRE,nutricion y desarrollo infantil,controles repetidos en ninos menores de 2 anos,2006-06-01,1396,1396,1380,2776
TACACHI,nutricion y desarrollo infantil,controles repetidos en ninos menores de 2 anos,2006-06-01,3,3,4,7
TACACOMA,nutricion y desarrollo infantil,controles repetidos en ninos menores de 2 anos,2006-06-01,44,44,34,78
TACOBAMBA,nutricion y desarrollo infantil,controles repetidos en ninos menores de 2 anos,2006-06-01,71,71,64,135
TACOPAYA,nutricion y desarrollo infantil,controles repetidos en ninos menores de 2 anos,2006-06-01,89,89,109,198
TAHUA,nutricion y desarrollo infantil,controles repetidos en ninos menores de 2 anos,2006-06-01,14,14,7,21
TAPACARI,nutricion y desarrollo infantil,controles repetidos en ninos menores de 2 anos,2006-06-01,234,234,197,431
TARABUCO,nutricion y desarrollo infantil,controles repetidos en ninos menores de 2 anos,2006-06-01,364,364,334,698
TARACO,nutricion y desarrollo infantil,controles repetidos en ninos menores de 2 anos,2006-06-01,37,37,39,76
TARATA,nutricion y desarrollo infantil,controles repetidos en ninos menores de 2 anos,2006-06-01,49,49,45,94
TARIJA,nutricion y desarrollo infantil,controles repetidos en ninos menores de 2 anos,2006-06-01,1023,1023,926,1949
TARVITA,nutricion y desarrollo infantil,controles repetidos en ninos menores de 2 anos,2006-06-01,204,204,147,351
TEOPONTE,nutricion y desarrollo infantil,controles repetidos en ninos menores de 2 anos,2006-06-01,79,79,71,150
TIAWANACU,nutricion y desarrollo infantil,controles repetidos en ninos menores de 2 anos,2006-06-01,84,84,75,159
TINGUIPAYA,nutricion y desarrollo infantil,controles repetidos en ninos menores de 2 anos,2006-06-01,253,253,235,488
TIPUANI,nutricion y desarrollo infantil,controles repetidos en ninos menores de 2 anos,2006-06-01,89,89,75,164
TIQUIPAYA,nutricion y desarrollo infantil,controles repetidos en ninos menores de 2 anos,2006-06-01,49,49,36,85
TIRAQUE (CBBA),nutricion y desarrollo infantil,controles repetidos en ninos menores de 2 anos,2006-06-01,137,137,103,240
TITO YUPANQUI (PARQUIPUJIO),nutricion y desarrollo infantil,controles repetidos en ninos menores de 2 anos,2006-06-01,11,11,12,23
TOCO,nutricion y desarrollo infantil,controles repetidos en ninos menores de 2 anos,2006-06-01,15,15,14,29
TOLATA,nutricion y desarrollo infantil,controles repetidos en ninos menores de 2 anos,2006-06-01,18,18,20,38
TOLEDO,nutricion y desarrollo infantil,controles repetidos en ninos menores de 2 anos,2006-06-01,40,40,30,70
TOMAVE,nutricion y desarrollo infantil,controles repetidos en ninos menores de 2 anos,2006-06-01,100,100,73,173
TOMINA,nutricion y desarrollo infantil,controles repetidos en ninos menores de 2 anos,2006-06-01,211,211,199,410
TORO TORO,nutricion y desarrollo infantil,controles repetidos en ninos menores de 2 anos,2006-06-01,201,201,178,379
TOTORA(CBBA),nutricion y desarrollo infantil,controles repetidos en ninos menores de 2 anos,2006-06-01,82,82,79,161
TOTORA(ORR),nutricion y desarrollo infantil,controles repetidos en ninos menores de 2 anos,2006-06-01,11,11,12,23
TRIGAL,nutricion y desarrollo infantil,controles repetidos en ninos menores de 2 anos,2006-06-01,14,14,14,28
TRINIDAD,nutricion y desarrollo infantil,controles repetidos en ninos menores de 2 anos,2006-06-01,521,521,393,914
TUPIZA,nutricion y desarrollo infantil,controles repetidos en ninos menores de 2 anos,2006-06-01,380,380,373,753
TURCO,nutricion y desarrollo infantil,controles repetidos en ninos menores de 2 anos,2006-06-01,20,20,12,32
UMALA,nutricion y desarrollo infantil,controles repetidos en ninos menores de 2 anos,2006-06-01,40,40,43,83
UNCIA,nutricion y desarrollo infantil,controles repetidos en ninos menores de 2 anos,2006-06-01,120,120,94,214
URIONDO (A. CONCEPCION),nutricion y desarrollo infantil,controles repetidos en ninos menores de 2 anos,2006-06-01,161,161,184,345
URUBICHA,nutricion y desarrollo infantil,controles repetidos en ninos menores de 2 anos,2006-06-01,133,133,155,288
UYUNI,nutricion y desarrollo infantil,controles repetidos en ninos menores de 2 anos,2006-06-01,319,319,229,548
VACAS,nutricion y desarrollo infantil,controles repetidos en ninos menores de 2 anos,2006-06-01,69,69,59,128
VALLEGRANDE,nutricion y desarrollo infantil,controles repetidos en ninos menores de 2 anos,2006-06-01,107,107,97,204
VIACHA,nutricion y desarrollo infantil,controles repetidos en ninos menores de 2 anos,2006-06-01,216,216,179,395
VILA VILA,nutricion y desarrollo infantil,controles repetidos en ninos menores de 2 anos,2006-06-01,22,22,18,40
VILLA MONTES,nutricion y desarrollo infantil,controles repetidos en ninos menores de 2 anos,2006-06-01,168,168,173,341
VILLA NUEVA (LOMA ALTA),nutricion y desarrollo infantil,controles repetidos en ninos menores de 2 anos,2006-06-01,0,0,1,1
VILLA RIVERO,nutricion y desarrollo infantil,controles repetidos en ninos menores de 2 anos,2006-06-01,32,32,48,80
VILLA SERRANO,nutricion y desarrollo infantil,controles repetidos en ninos menores de 2 anos,2006-06-01,200,200,198,398
VILLA TUNARI,nutricion y desarrollo infantil,controles repetidos en ninos menores de 2 anos,2006-06-01,288,288,242,530
VILLA VACA GUZMAN (MUYUPAMPA),nutricion y desarrollo infantil,controles repetidos en ninos menores de 2 anos,2006-06-01,127,127,110,237
VILLAZON,nutricion y desarrollo infantil,controles repetidos en ninos menores de 2 anos,2006-06-01,330,330,329,659
VINTO,nutricion y desarrollo infantil,controles repetidos en ninos menores de 2 anos,2006-06-01,117,117,100,217
VITICHI,nutricion y desarrollo infantil,controles repetidos en ninos menores de 2 anos,2006-06-01,175,175,153,328
WALDO BALLIVIAN,nutricion y desarrollo infantil,controles repetidos en ninos menores de 2 anos,2006-06-01,15,15,12,27
WARNES,nutricion y desarrollo infantil,controles repetidos en ninos menores de 2 anos,2006-06-01,489,489,432,921
YACO,nutricion y desarrollo infantil,controles repetidos en ninos menores de 2 anos,2006-06-01,78,78,53,131
YACUIBA,nutricion y desarrollo infantil,controles repetidos en ninos menores de 2 anos,2006-06-01,3275,3275,404,3679
YAMPARAEZ,nutricion y desarrollo infantil,controles repetidos en ninos menores de 2 anos,2006-06-01,153,153,145,298
YANACACHI,nutricion y desarrollo infantil,controles repetidos en ninos menores de 2 anos,2006-06-01,26,26,25,51
YAPACANI,nutricion y desarrollo infantil,controles repetidos en ninos menores de 2 anos,2006-06-01,471,471,456,927
YOCALLA,nutricion y desarrollo infantil,controles repetidos en ninos menores de 2 anos,2006-06-01,46,46,46,92
YOTALA,nutricion y desarrollo infantil,controles repetidos en ninos menores de 2 anos,2006-06-01,132,132,120,252
YUNCHARA,nutricion y desarrollo infantil,controles repetidos en ninos menores de 2 anos,2006-06-01,77,77,84,161
ZUDAÑEZ,nutricion y desarrollo infantil,controles repetidos en ninos menores de 2 anos,2006-06-01,131,131,103,234
ACACIO,nutricion y desarrollo infantil,controles repetidos en ninos menores de 2 anos,2006-07-01,92,92,88,180
ACHACACHI,nutricion y desarrollo infantil,controles repetidos en ninos menores de 2 anos,2006-07-01,380,380,306,686
ACHOCALLA,nutricion y desarrollo infantil,controles repetidos en ninos menores de 2 anos,2006-07-01,53,53,43,96
AIQUILE,nutricion y desarrollo infantil,controles repetidos en ninos menores de 2 anos,2006-07-01,90,90,89,179
ALALAY,nutricion y desarrollo infantil,controles repetidos en ninos menores de 2 anos,2006-07-01,12,12,7,19
ALCALA,nutricion y desarrollo infantil,controles repetidos en ninos menores de 2 anos,2006-07-01,63,63,57,120
ANCORAIMES,nutricion y desarrollo infantil,controles repetidos en ninos menores de 2 anos,2006-07-01,88,88,86,174
ANDAMARCA,nutricion y desarrollo infantil,controles repetidos en ninos menores de 2 anos,2006-07-01,25,25,27,52
ANTEQUERA,nutricion y desarrollo infantil,controles repetidos en ninos menores de 2 anos,2006-07-01,49,49,43,92
ANZALDO,nutricion y desarrollo infantil,controles repetidos en ninos menores de 2 anos,2006-07-01,3,3,7,10
APOLO,nutricion y desarrollo infantil,controles repetidos en ninos menores de 2 anos,2006-07-01,119,119,107,226
ARAMPAMPA,nutricion y desarrollo infantil,controles repetidos en ninos menores de 2 anos,2006-07-01,66,66,65,131
ARANI,nutricion y desarrollo infantil,controles repetidos en ninos menores de 2 anos,2006-07-01,51,51,33,84
ARBIETO,nutricion y desarrollo infantil,controles repetidos en ninos menores de 2 anos,2006-07-01,39,39,20,59
ARQUE,nutricion y desarrollo infantil,controles repetidos en ninos menores de 2 anos,2006-07-01,140,140,118,258
ATOCHA,nutricion y desarrollo infantil,controles repetidos en ninos menores de 2 anos,2006-07-01,111,111,101,212
AUCAPATA,nutricion y desarrollo infantil,controles repetidos en ninos menores de 2 anos,2006-07-01,21,21,25,46
AYATA,nutricion y desarrollo infantil,controles repetidos en ninos menores de 2 anos,2006-07-01,75,75,74,149
AYO AYO,nutricion y desarrollo infantil,controles repetidos en ninos menores de 2 anos,2006-07-01,32,32,40,72
AYOPAYA (V. DE INDEPENDENCIA),nutricion y desarrollo infantil,controles repetidos en ninos menores de 2 anos,2006-07-01,147,147,157,304
AZURDUY,nutricion y desarrollo infantil,controles repetidos en ninos menores de 2 anos,2006-07-01,273,273,223,496
BATALLAS,nutricion y desarrollo infantil,controles repetidos en ninos menores de 2 anos,2006-07-01,108,108,101,209
BAURES,nutricion y desarrollo infantil,controles repetidos en ninos menores de 2 anos,2006-07-01,79,79,78,157
BELEN DE ANDAMARCA,nutricion y desarrollo infantil,controles repetidos en ninos menores de 2 anos,2006-07-01,6,6,5,11
BELEN DE URMIRI,nutricion y desarrollo infantil,controles repetidos en ninos menores de 2 anos,2006-07-01,21,21,14,35
BELLA FLOR,nutricion y desarrollo infantil,controles repetidos en ninos menores de 2 anos,2006-07-01,34,34,55,89
BERMEJO,nutricion y desarrollo infantil,controles repetidos en ninos menores de 2 anos,2006-07-01,83,83,81,164
BETANZOS,nutricion y desarrollo infantil,controles repetidos en ninos menores de 2 anos,2006-07-01,317,317,323,640
BOLIVAR,nutricion y desarrollo infantil,controles repetidos en ninos menores de 2 anos,2006-07-01,98,98,91,189
BOLPEBRA,nutricion y desarrollo infantil,controles repetidos en ninos menores de 2 anos,2006-07-01,20,20,17,37
BOYUIBE,nutricion y desarrollo infantil,controles repetidos en ninos menores de 2 anos,2006-07-01,28,28,28,56
BUENA VISTA,nutricion y desarrollo infantil,controles repetidos en ninos menores de 2 anos,2006-07-01,188,188,138,326
CABEZAS,nutricion y desarrollo infantil,controles repetidos en ninos menores de 2 anos,2006-07-01,139,139,103,242
CAIROMA,nutricion y desarrollo infantil,controles repetidos en ninos menores de 2 anos,2006-07-01,154,154,105,259
"CAIZA ""D""",nutricion y desarrollo infantil,controles repetidos en ninos menores de 2 anos,2006-07-01,78,78,74,152
CAJUATA,nutricion y desarrollo infantil,controles repetidos en ninos menores de 2 anos,2006-07-01,106,106,103,209
CALACOTO,nutricion y desarrollo infantil,controles repetidos en ninos menores de 2 anos,2006-07-01,57,57,49,106
CALAMARCA,nutricion y desarrollo infantil,controles repetidos en ninos menores de 2 anos,2006-07-01,184,184,190,374
CAMARGO,nutricion y desarrollo infantil,controles repetidos en ninos menores de 2 anos,2006-07-01,253,253,278,531
CAMATAQUI (C. VILLA ABECIA),nutricion y desarrollo infantil,controles repetidos en ninos menores de 2 anos,2006-07-01,36,36,35,71
CAMIRI,nutricion y desarrollo infantil,controles repetidos en ninos menores de 2 anos,2006-07-01,352,352,289,641
CAPINOTA,nutricion y desarrollo infantil,controles repetidos en ninos menores de 2 anos,2006-07-01,101,101,99,200
CAQUIAVIRI,nutricion y desarrollo infantil,controles repetidos en ninos menores de 2 anos,2006-07-01,36,36,47,83
CARACOLLO,nutricion y desarrollo infantil,controles repetidos en ninos menores de 2 anos,2006-07-01,66,66,59,125
CARANAVI,nutricion y desarrollo infantil,controles repetidos en ninos menores de 2 anos,2006-07-01,717,717,509,1226
CARANGAS,nutricion y desarrollo infantil,controles repetidos en ninos menores de 2 anos,2006-07-01,0,0,1,1
CARAPARI,nutricion y desarrollo infantil,controles repetidos en ninos menores de 2 anos,2006-07-01,102,102,112,214
CARIPUYO,nutricion y desarrollo infantil,controles repetidos en ninos menores de 2 anos,2006-07-01,105,105,105,210
CARMEN RIVERO TORREZ,nutricion y desarrollo infantil,controles repetidos en ninos menores de 2 anos,2006-07-01,45,45,31,76
CATACORA,nutricion y desarrollo infantil,controles repetidos en ninos menores de 2 anos,2006-07-01,11,11,14,25
CHACARILLA,nutricion y desarrollo infantil,controles repetidos en ninos menores de 2 anos,2006-07-01,11,11,17,28
CHALLAPATA,nutricion y desarrollo infantil,controles repetidos en ninos menores de 2 anos,2006-07-01,158,158,133,291
CHAQUI,nutricion y desarrollo infantil,controles repetidos en ninos menores de 2 anos,2006-07-01,61,61,62,123
CHARAGUA,nutricion y desarrollo infantil,controles repetidos en ninos menores de 2 anos,2006-07-01,262,262,262,524
CHARAÑA,nutricion y desarrollo infantil,controles repetidos en ninos menores de 2 anos,2006-07-01,13,13,22,35
CHAYANTA,nutricion y desarrollo infantil,controles repetidos en ninos menores de 2 anos,2006-07-01,177,177,158,335
CHIMORE,nutricion y desarrollo infantil,controles repetidos en ninos menores de 2 anos,2006-07-01,40,40,53,93
CHIPAYA,nutricion y desarrollo infantil,controles repetidos en ninos menores de 2 anos,2006-07-01,8,8,12,20
CHOQUE COTA,nutricion y desarrollo infantil,controles repetidos en ninos menores de 2 anos,2006-07-01,9,9,8,17
CHULUMANI (V. DE LA LIBERTAD),nutricion y desarrollo infantil,controles repetidos en ninos menores de 2 anos,2006-07-01,19,19,26,45
CHUMA,nutricion y desarrollo infantil,controles repetidos en ninos menores de 2 anos,2006-07-01,74,74,86,160
CLIZA,nutricion y desarrollo infantil,controles repetidos en ninos menores de 2 anos,2006-07-01,107,107,95,202
COBIJA,nutricion y desarrollo infantil,controles repetidos en ninos menores de 2 anos,2006-07-01,331,331,317,648
COCHABAMBA,nutricion y desarrollo infantil,controles repetidos en ninos menores de 2 anos,2006-07-01,1587,1587,1435,3022
COIPASA,nutricion y desarrollo infantil,controles repetidos en ninos menores de 2 anos,2006-07-01,4,4,2,6
COLCAPIRHUA,nutricion y desarrollo infantil,controles repetidos en ninos menores de 2 anos,2006-07-01,104,104,96,200
"COLCHA ""K""",nutricion y desarrollo infantil,controles repetidos en ninos menores de 2 anos,2006-07-01,90,90,92,182
COLLANA,nutricion y desarrollo infantil,controles repetidos en ninos menores de 2 anos,2006-07-01,12,12,4,16
COLOMI,nutricion y desarrollo infantil,controles repetidos en ninos menores de 2 anos,2006-07-01,84,84,80,164
COLPA BELGICA,nutricion y desarrollo infantil,controles repetidos en ninos menores de 2 anos,2006-07-01,75,75,52,127
COLQUECHACA,nutricion y desarrollo infantil,controles repetidos en ninos menores de 2 anos,2006-07-01,204,204,176,380
COLQUENCHA,nutricion y desarrollo infantil,controles repetidos en ninos menores de 2 anos,2006-07-01,66,66,50,116
COLQUIRI,nutricion y desarrollo infantil,controles repetidos en ninos menores de 2 anos,2006-07-01,137,137,134,271
COMANCHE,nutricion y desarrollo infantil,controles repetidos en ninos menores de 2 anos,2006-07-01,22,22,14,36
COMARAPA,nutricion y desarrollo infantil,controles repetidos en ninos menores de 2 anos,2006-07-01,123,123,137,260
COMBAYA,nutricion y desarrollo infantil,controles repetidos en ninos menores de 2 anos,2006-07-01,12,12,21,33
CONCEPCION,nutricion y desarrollo infantil,controles repetidos en ninos menores de 2 anos,2006-07-01,118,118,101,219
COPACABANA,nutricion y desarrollo infantil,controles repetidos en ninos menores de 2 anos,2006-07-01,88,88,82,170
CORIPATA,nutricion y desarrollo infantil,controles repetidos en ninos menores de 2 anos,2006-07-01,90,90,102,192
CORO CORO,nutricion y desarrollo infantil,controles repetidos en ninos menores de 2 anos,2006-07-01,63,63,57,120
COROICO,nutricion y desarrollo infantil,controles repetidos en ninos menores de 2 anos,2006-07-01,78,78,61,139
CORQUE,nutricion y desarrollo infantil,controles repetidos en ninos menores de 2 anos,2006-07-01,23,23,35,58
COTAGAITA,nutricion y desarrollo infantil,controles repetidos en ninos menores de 2 anos,2006-07-01,211,211,247,458
COTOCA,nutricion y desarrollo infantil,controles repetidos en ninos menores de 2 anos,2006-07-01,330,330,269,599
CUATRO CAÑADAS,nutricion y desarrollo infantil,controles repetidos en ninos menores de 2 anos,2006-07-01,48,48,55,103
CUCHUMUELA (V. G. VILLARROEL),nutricion y desarrollo infantil,controles repetidos en ninos menores de 2 anos,2006-07-01,16,16,4,20
CUEVO,nutricion y desarrollo infantil,controles repetidos en ninos menores de 2 anos,2006-07-01,52,52,68,120
CULPINA,nutricion y desarrollo infantil,controles repetidos en ninos menores de 2 anos,2006-07-01,290,290,288,578
CURAHUARA DE CARANGAS,nutricion y desarrollo infantil,controles repetidos en ninos menores de 2 anos,2006-07-01,30,30,26,56
CURVA,nutricion y desarrollo infantil,controles repetidos en ninos menores de 2 anos,2006-07-01,18,18,14,32
DESAGUADERO,nutricion y desarrollo infantil,controles repetidos en ninos menores de 2 anos,2006-07-01,22,22,13,35
EL ALTO,nutricion y desarrollo infantil,controles repetidos en ninos menores de 2 anos,2006-07-01,3534,3534,3178,6712
EL CHORO,nutricion y desarrollo infantil,controles repetidos en ninos menores de 2 anos,2006-07-01,15,15,14,29
EL PUENTE(STC),nutricion y desarrollo infantil,controles repetidos en ninos menores de 2 anos,2006-07-01,175,175,180,355
EL PUENTE(TJA),nutricion y desarrollo infantil,controles repetidos en ninos menores de 2 anos,2006-07-01,78,78,63,141
EL TORNO,nutricion y desarrollo infantil,controles repetidos en ninos menores de 2 anos,2006-07-01,239,239,178,417
EL VILLAR,nutricion y desarrollo infantil,controles repetidos en ninos menores de 2 anos,2006-07-01,92,92,91,183
ENTRE RIOS,nutricion y desarrollo infantil,controles repetidos en ninos menores de 2 anos,2006-07-01,210,210,172,382
ENTRE RIOS,nutricion y desarrollo infantil,controles repetidos en ninos menores de 2 anos,2006-07-01,150,150,129,279
ESCARA,nutricion y desarrollo infantil,controles repetidos en ninos menores de 2 anos,2006-07-01,0,0,1,1
ESMERALDA,nutricion y desarrollo infantil,controles repetidos en ninos menores de 2 anos,2006-07-01,0,0,1,1
EUCALIPTUS,nutricion y desarrollo infantil,controles repetidos en ninos menores de 2 anos,2006-07-01,38,38,26,64
EUREKA (SANTOS MERCADO),nutricion y desarrollo infantil,controles repetidos en ninos menores de 2 anos,2006-07-01,17,17,16,33
EXALTACION,nutricion y desarrollo infantil,controles repetidos en ninos menores de 2 anos,2006-07-01,18,18,16,34
FERNANDEZ ALONSO,nutricion y desarrollo infantil,controles repetidos en ninos menores de 2 anos,2006-07-01,165,165,95,260
FILADELFIA,nutricion y desarrollo infantil,controles repetidos en ninos menores de 2 anos,2006-07-01,32,32,35,67
GENERAL SAAVEDRA,nutricion y desarrollo infantil,controles repetidos en ninos menores de 2 anos,2006-07-01,197,197,175,372
GRAL. J.J. PEREZ (CHARAZANI),nutricion y desarrollo infantil,controles repetidos en ninos menores de 2 anos,2006-07-01,91,91,94,185
GUANAY,nutricion y desarrollo infantil,controles repetidos en ninos menores de 2 anos,2006-07-01,102,102,119,221
GUAQUI,nutricion y desarrollo infantil,controles repetidos en ninos menores de 2 anos,2006-07-01,26,26,35,61
GUAYARAMERIN,nutricion y desarrollo infantil,controles repetidos en ninos menores de 2 anos,2006-07-01,416,416,387,803
GUTIERREZ,nutricion y desarrollo infantil,controles repetidos en ninos menores de 2 anos,2006-07-01,180,180,183,363
HUACARETA,nutricion y desarrollo infantil,controles repetidos en ninos menores de 2 anos,2006-07-01,100,100,105,205
HUACAYA (VILLA DE HUACAYA),nutricion y desarrollo infantil,controles repetidos en ninos menores de 2 anos,2006-07-01,52,52,48,100
HUACHACALLA,nutricion y desarrollo infantil,controles repetidos en ninos menores de 2 anos,2006-07-01,0,0,4,4
HUANUNI,nutricion y desarrollo infantil,controles repetidos en ninos menores de 2 anos,2006-07-01,48,48,73,121
HUARACAJE,nutricion y desarrollo infantil,controles repetidos en ninos menores de 2 anos,2006-07-01,29,29,28,57
HUAYLLAMARCA,nutricion y desarrollo infantil,controles repetidos en ninos menores de 2 anos,2006-07-01,24,24,31,55
ICHOCA,nutricion y desarrollo infantil,controles repetidos en ninos menores de 2 anos,2006-07-01,40,40,33,73
ICLA,nutricion y desarrollo infantil,controles repetidos en ninos menores de 2 anos,2006-07-01,193,193,213,406
INCAHUASI,nutricion y desarrollo infantil,controles repetidos en ninos menores de 2 anos,2006-07-01,216,216,235,451
INGAVI (HUMAITA),nutricion y desarrollo infantil,controles repetidos en ninos menores de 2 anos,2006-07-01,4,4,2,6
INQUISIVI,nutricion y desarrollo infantil,controles repetidos en ninos menores de 2 anos,2006-07-01,137,137,134,271
IRUPANA (VILLA DE LANZA),nutricion y desarrollo infantil,controles repetidos en ninos menores de 2 anos,2006-07-01,159,159,129,288
IXIAMAS,nutricion y desarrollo infantil,controles repetidos en ninos menores de 2 anos,2006-07-01,77,77,79,156
JESUS DE MACHACA,nutricion y desarrollo infantil,controles repetidos en ninos menores de 2 anos,2006-07-01,77,77,64,141
LA ASUNTA,nutricion y desarrollo infantil,controles repetidos en ninos menores de 2 anos,2006-07-01,209,209,160,369
LA GUARDIA,nutricion y desarrollo infantil,controles repetidos en ninos menores de 2 anos,2006-07-01,431,431,386,817
LA PAZ,nutricion y desarrollo infantil,controles repetidos en ninos menores de 2 anos,2006-07-01,2955,2955,2878,5833
LA RIVERA,nutricion y desarrollo infantil,controles repetidos en ninos menores de 2 anos,2006-07-01,1,1,3,4
LAGUNILLAS,nutricion y desarrollo infantil,controles repetidos en ninos menores de 2 anos,2006-07-01,103,103,105,208
LAJA,nutricion y desarrollo infantil,controles repetidos en ninos menores de 2 anos,2006-07-01,135,135,96,231
LAS CARRERAS,nutricion y desarrollo infantil,controles repetidos en ninos menores de 2 anos,2006-07-01,29,29,27,56
LICOMA PAMPA,nutricion y desarrollo infantil,controles repetidos en ninos menores de 2 anos,2006-07-01,24,24,14,38
LLALLAGUA,nutricion y desarrollo infantil,controles repetidos en ninos menores de 2 anos,2006-07-01,430,430,380,810
LLICA,nutricion y desarrollo infantil,controles repetidos en ninos menores de 2 anos,2006-07-01,41,41,35,76
LORETO,nutricion y desarrollo infantil,controles repetidos en ninos menores de 2 anos,2006-07-01,14,14,21,35
LURIBAY,nutricion y desarrollo infantil,controles repetidos en ninos menores de 2 anos,2006-07-01,138,138,102,240
MACHACAMARCA,nutricion y desarrollo infantil,controles repetidos en ninos menores de 2 anos,2006-07-01,22,22,27,49
MACHARETI,nutricion y desarrollo infantil,controles repetidos en ninos menores de 2 anos,2006-07-01,108,108,108,216
MAGDALENA,nutricion y desarrollo infantil,controles repetidos en ninos menores de 2 anos,2006-07-01,101,101,88,189
MAIRANA,nutricion y desarrollo infantil,controles repetidos en ninos menores de 2 anos,2006-07-01,78,78,84,162
MALLA,nutricion y desarrollo infantil,controles repetidos en ninos menores de 2 anos,2006-07-01,29,29,28,57
MAPIRI,nutricion y desarrollo infantil,controles repetidos en ninos menores de 2 anos,2006-07-01,120,120,154,274
MECAPACA,nutricion y desarrollo infantil,controles repetidos en ninos menores de 2 anos,2006-07-01,92,92,59,151
MINEROS,nutricion y desarrollo infantil,controles repetidos en ninos menores de 2 anos,2006-07-01,211,211,211,422
MIZQUE,nutricion y desarrollo infantil,controles repetidos en ninos menores de 2 anos,2006-07-01,201,201,206,407
MOCOMOCO,nutricion y desarrollo infantil,controles repetidos en ninos menores de 2 anos,2006-07-01,107,107,97,204
MOJINETE,nutricion y desarrollo infantil,controles repetidos en ninos menores de 2 anos,2006-07-01,9,9,5,14
MOJOCOYA,nutricion y desarrollo infantil,controles repetidos en ninos menores de 2 anos,2006-07-01,102,102,88,190
MONTEAGUDO,nutricion y desarrollo infantil,controles repetidos en ninos menores de 2 anos,2006-07-01,165,165,128,293
MONTERO,nutricion y desarrollo infantil,controles repetidos en ninos menores de 2 anos,2006-07-01,965,965,932,1897
MORO MORO,nutricion y desarrollo infantil,controles repetidos en ninos menores de 2 anos,2006-07-01,14,14,18,32
MOROCHATA,nutricion y desarrollo infantil,controles repetidos en ninos menores de 2 anos,2006-07-01,96,96,80,176
NACEBE (SANTA ROSA DEL ABUNA),nutricion y desarrollo infantil,controles repetidos en ninos menores de 2 anos,2006-07-01,16,16,28,44
NUEVO MANOA (NUEVA ESPERANZA),nutricion y desarrollo infantil,controles repetidos en ninos menores de 2 anos,2006-07-01,21,21,8,29
OCURI,nutricion y desarrollo infantil,controles repetidos en ninos menores de 2 anos,2006-07-01,267,267,223,490
OKINAWA,nutricion y desarrollo infantil,controles repetidos en ninos menores de 2 anos,2006-07-01,137,137,142,279
OMEREQUE,nutricion y desarrollo infantil,controles repetidos en ninos menores de 2 anos,2006-07-01,33,33,40,73
ORURO,nutricion y desarrollo infantil,controles repetidos en ninos menores de 2 anos,2006-07-01,1311,1311,1185,2496
PADCAYA,nutricion y desarrollo infantil,controles repetidos en ninos menores de 2 anos,2006-07-01,162,162,139,301
PADILLA,nutricion y desarrollo infantil,controles repetidos en ninos menores de 2 anos,2006-07-01,182,182,154,336
PAILON,nutricion y desarrollo infantil,controles repetidos en ninos menores de 2 anos,2006-07-01,64,64,64,128
PALCA,nutricion y desarrollo infantil,controles repetidos en ninos menores de 2 anos,2006-07-01,67,67,79,146
PALOS BLANCOS,nutricion y desarrollo infantil,controles repetidos en ninos menores de 2 anos,2006-07-01,240,240,244,484
PAMPA AULLAGAS,nutricion y desarrollo infantil,controles repetidos en ninos menores de 2 anos,2006-07-01,18,18,30,48
PAMPA GRANDE,nutricion y desarrollo infantil,controles repetidos en ninos menores de 2 anos,2006-07-01,72,72,83,155
PAPEL PAMPA,nutricion y desarrollo infantil,controles repetidos en ninos menores de 2 anos,2006-07-01,26,26,22,48
PASORAPA,nutricion y desarrollo infantil,controles repetidos en ninos menores de 2 anos,2006-07-01,55,55,47,102
PATACAMAYA,nutricion y desarrollo infantil,controles repetidos en ninos menores de 2 anos,2006-07-01,284,284,241,525
PAZÑA,nutricion y desarrollo infantil,controles repetidos en ninos menores de 2 anos,2006-07-01,30,30,36,66
PELECHUCO,nutricion y desarrollo infantil,controles repetidos en ninos menores de 2 anos,2006-07-01,25,25,23,48
POCOATA,nutricion y desarrollo infantil,controles repetidos en ninos menores de 2 anos,2006-07-01,186,186,177,363
POCONA,nutricion y desarrollo infantil,controles repetidos en ninos menores de 2 anos,2006-07-01,72,72,61,133
POJO (CBBA),nutricion y desarrollo infantil,controles repetidos en ninos menores de 2 anos,2006-07-01,123,123,143,266
POOPO,nutricion y desarrollo infantil,controles repetidos en ninos menores de 2 anos,2006-07-01,47,47,43,90
PORCO,nutricion y desarrollo infantil,controles repetidos en ninos menores de 2 anos,2006-07-01,62,62,62,124
POROMA,nutricion y desarrollo infantil,controles repetidos en ninos menores de 2 anos,2006-07-01,234,234,205,439
PORONGO,nutricion y desarrollo infantil,controles repetidos en ninos menores de 2 anos,2006-07-01,34,34,41,75
PORTACHUELO,nutricion y desarrollo infantil,controles repetidos en ninos menores de 2 anos,2006-07-01,371,371,216,587
PORVENIR,nutricion y desarrollo infantil,controles repetidos en ninos menores de 2 anos,2006-07-01,41,41,52,93
POSTRER VALLE,nutricion y desarrollo infantil,controles repetidos en ninos menores de 2 anos,2006-07-01,25,25,24,49
POTOSI,nutricion y desarrollo infantil,controles repetidos en ninos menores de 2 anos,2006-07-01,1074,1074,885,1959
PRESTO,nutricion y desarrollo infantil,controles repetidos en ninos menores de 2 anos,2006-07-01,102,102,93,195
PUCARA,nutricion y desarrollo infantil,controles repetidos en ninos menores de 2 anos,2006-07-01,10,10,5,15
PUCARANI,nutricion y desarrollo infantil,controles repetidos en ninos menores de 2 anos,2006-07-01,168,168,176,344
PUERTO ACOSTA,nutricion y desarrollo infantil,controles repetidos en ninos menores de 2 anos,2006-07-01,126,126,136,262
PUERTO CARABUCO,nutricion y desarrollo infantil,controles repetidos en ninos menores de 2 anos,2006-07-01,115,115,90,205
PUERTO GONZALO MORENO,nutricion y desarrollo infantil,controles repetidos en ninos menores de 2 anos,2006-07-01,57,57,40,97
PUERTO PEREZ,nutricion y desarrollo infantil,controles repetidos en ninos menores de 2 anos,2006-07-01,56,56,55,111
PUERTO QUIJARRO,nutricion y desarrollo infantil,controles repetidos en ninos menores de 2 anos,2006-07-01,91,91,91,182
PUERTO RICO,nutricion y desarrollo infantil,controles repetidos en ninos menores de 2 anos,2006-07-01,82,82,62,144
PUERTO SILES,nutricion y desarrollo infantil,controles repetidos en ninos menores de 2 anos,2006-07-01,27,27,24,51
PUERTO SUAREZ,nutricion y desarrollo infantil,controles repetidos en ninos menores de 2 anos,2006-07-01,79,79,138,217
PUERTO VILLARROEL,nutricion y desarrollo infantil,controles repetidos en ninos menores de 2 anos,2006-07-01,144,144,101,245
PUNA,nutricion y desarrollo infantil,controles repetidos en ninos menores de 2 anos,2006-07-01,341,341,317,658
PUNATA,nutricion y desarrollo infantil,controles repetidos en ninos menores de 2 anos,2006-07-01,160,160,168,328
QUIABAYA,nutricion y desarrollo infantil,controles repetidos en ninos menores de 2 anos,2006-07-01,28,28,26,54
QUILLACOLLO,nutricion y desarrollo infantil,controles repetidos en ninos menores de 2 anos,2006-07-01,347,347,279,626
QUIME,nutricion y desarrollo infantil,controles repetidos en ninos menores de 2 anos,2006-07-01,79,79,84,163
QUIRUSILLAS,nutricion y desarrollo infantil,controles repetidos en ninos menores de 2 anos,2006-07-01,36,36,17,53
RAVELO,nutricion y desarrollo infantil,controles repetidos en ninos menores de 2 anos,2006-07-01,345,345,309,654
REYES,nutricion y desarrollo infantil,controles repetidos en ninos menores de 2 anos,2006-07-01,122,122,125,247
RIBERALTA,nutricion y desarrollo infantil,controles repetidos en ninos menores de 2 anos,2006-07-01,1036,1036,979,2015
ROBORE,nutricion y desarrollo infantil,controles repetidos en ninos menores de 2 anos,2006-07-01,32,32,33,65
RURRENABAQUE,nutricion y desarrollo infantil,controles repetidos en ninos menores de 2 anos,2006-07-01,106,106,86,192
SABAYA,nutricion y desarrollo infantil,controles repetidos en ninos menores de 2 anos,2006-07-01,25,25,19,44
SACABA,nutricion y desarrollo infantil,controles repetidos en ninos menores de 2 anos,2006-07-01,354,354,278,632
SACABAMBA,nutricion y desarrollo infantil,controles repetidos en ninos menores de 2 anos,2006-07-01,15,15,13,28
SACACA,nutricion y desarrollo infantil,controles repetidos en ninos menores de 2 anos,2006-07-01,237,237,233,470
SAIPINA,nutricion y desarrollo infantil,controles repetidos en ninos menores de 2 anos,2006-07-01,87,87,72,159
SALINAS DE GARCI MENDOZA,nutricion y desarrollo infantil,controles repetidos en ninos menores de 2 anos,2006-07-01,83,83,64,147
SAMAIPATA,nutricion y desarrollo infantil,controles repetidos en ninos menores de 2 anos,2006-07-01,67,67,62,129
SAN AGUSTIN,nutricion y desarrollo infantil,controles repetidos en ninos menores de 2 anos,2006-07-01,16,16,10,26
SAN ANDRES,nutricion y desarrollo infantil,controles repetidos en ninos menores de 2 anos,2006-07-01,131,131,104,235
SAN ANDRES DE MACHACA,nutricion y desarrollo infantil,controles repetidos en ninos menores de 2 anos,2006-07-01,38,38,24,62
SAN ANTONIO DE ESMORUCO,nutricion y desarrollo infantil,controles repetidos en ninos menores de 2 anos,2006-07-01,4,4,17,21
SAN ANTONIO DE LOMERIO,nutricion y desarrollo infantil,controles repetidos en ninos menores de 2 anos,2006-07-01,138,138,137,275
SAN BENITO,nutricion y desarrollo infantil,controles repetidos en ninos menores de 2 anos,2006-07-01,41,41,46,87
SAN BORJA,nutricion y desarrollo infantil,controles repetidos en ninos menores de 2 anos,2006-07-01,381,381,381,762
SAN BUENA VENTURA,nutricion y desarrollo infantil,controles repetidos en ninos menores de 2 anos,2006-07-01,85,85,86,171
SAN CARLOS,nutricion y desarrollo infantil,controles repetidos en ninos menores de 2 anos,2006-07-01,206,206,235,441
SAN IGNACIO,nutricion y desarrollo infantil,controles repetidos en ninos menores de 2 anos,2006-07-01,230,230,209,439
SAN IGNACIO DE VELASCO,nutricion y desarrollo infantil,controles repetidos en ninos menores de 2 anos,2006-07-01,438,438,409,847
SAN JAVIER(BNI),nutricion y desarrollo infantil,controles repetidos en ninos menores de 2 anos,2006-07-01,46,46,44,90
SAN JAVIER(STC),nutricion y desarrollo infantil,controles repetidos en ninos menores de 2 anos,2006-07-01,126,126,123,249
SAN JOAQUIN,nutricion y desarrollo infantil,controles repetidos en ninos menores de 2 anos,2006-07-01,23,23,23,46
SAN JOSE DE CHIQUITOS,nutricion y desarrollo infantil,controles repetidos en ninos menores de 2 anos,2006-07-01,83,83,80,163
SAN JUAN DE YAPACANI,nutricion y desarrollo infantil,controles repetidos en ninos menores de 2 anos,2006-07-01,126,126,102,228
SAN JULIAN,nutricion y desarrollo infantil,controles repetidos en ninos menores de 2 anos,2006-07-01,222,222,229,451
SAN LORENZO(PND),nutricion y desarrollo infantil,controles repetidos en ninos menores de 2 anos,2006-07-01,17,17,19,36
SAN LORENZO(TJA),nutricion y desarrollo infantil,controles repetidos en ninos menores de 2 anos,2006-07-01,193,193,169,362
SAN LUCAS,nutricion y desarrollo infantil,controles repetidos en ninos menores de 2 anos,2006-07-01,533,533,507,1040
SAN MATIAS,nutricion y desarrollo infantil,controles repetidos en ninos menores de 2 anos,2006-07-01,117,117,121,238
SAN MIGUEL DE VELASCO,nutricion y desarrollo infantil,controles repetidos en ninos menores de 2 anos,2006-07-01,127,127,105,232
SAN PABLO DE LIPEZ,nutricion y desarrollo infantil,controles repetidos en ninos menores de 2 anos,2006-07-01,12,12,15,27
SAN PEDRO,nutricion y desarrollo infantil,controles repetidos en ninos menores de 2 anos,2006-07-01,201,201,172,373
SAN PEDRO DE BUENA VISTA,nutricion y desarrollo infantil,controles repetidos en ninos menores de 2 anos,2006-07-01,197,197,188,385
SAN PEDRO DE CURAHUARA,nutricion y desarrollo infantil,controles repetidos en ninos menores de 2 anos,2006-07-01,31,31,41,72
SAN PEDRO DE QUEMES,nutricion y desarrollo infantil,controles repetidos en ninos menores de 2 anos,2006-07-01,7,7,9,16
SAN PEDRO DE TIQUINA,nutricion y desarrollo infantil,controles repetidos en ninos menores de 2 anos,2006-07-01,27,27,37,64
SAN PEDRO(PND),nutricion y desarrollo infantil,controles repetidos en ninos menores de 2 anos,2006-07-01,5,5,6,11
SAN RAFAEL,nutricion y desarrollo infantil,controles repetidos en ninos menores de 2 anos,2006-07-01,50,50,60,110
SAN RAMON,nutricion y desarrollo infantil,controles repetidos en ninos menores de 2 anos,2006-07-01,58,58,55,113
SAN RAMON,nutricion y desarrollo infantil,controles repetidos en ninos menores de 2 anos,2006-07-01,79,79,65,144
SANTA ANA,nutricion y desarrollo infantil,controles repetidos en ninos menores de 2 anos,2006-07-01,137,137,125,262
SANTA CRUZ DE LA SIERRA,nutricion y desarrollo infantil,controles repetidos en ninos menores de 2 anos,2006-07-01,4257,4257,3842,8099
SANTA ROSA,nutricion y desarrollo infantil,controles repetidos en ninos menores de 2 anos,2006-07-01,54,54,50,104
SANTA ROSA DEL SARA,nutricion y desarrollo infantil,controles repetidos en ninos menores de 2 anos,2006-07-01,136,136,119,255
SANTIAGO DE CALLAPA,nutricion y desarrollo infantil,controles repetidos en ninos menores de 2 anos,2006-07-01,20,20,22,42
SANTIAGO DE HUARI,nutricion y desarrollo infantil,controles repetidos en ninos menores de 2 anos,2006-07-01,56,56,45,101
SANTIAGO DE MACHACA,nutricion y desarrollo infantil,controles repetidos en ninos menores de 2 anos,2006-07-01,24,24,16,40
SANTIVAÑES,nutricion y desarrollo infantil,controles repetidos en ninos menores de 2 anos,2006-07-01,48,48,41,89
SANTUARIO DE QUILLACAS,nutricion y desarrollo infantil,controles repetidos en ninos menores de 2 anos,2006-07-01,10,10,17,27
SAPAHAQUI,nutricion y desarrollo infantil,controles repetidos en ninos menores de 2 anos,2006-07-01,100,100,95,195
SENA,nutricion y desarrollo infantil,controles repetidos en ninos menores de 2 anos,2006-07-01,60,60,57,117
SICA SICA (VILLA AROMA),nutricion y desarrollo infantil,controles repetidos en ninos menores de 2 anos,2006-07-01,182,182,158,340
SICAYA,nutricion y desarrollo infantil,controles repetidos en ninos menores de 2 anos,2006-07-01,24,24,20,44
SIPE SIPE,nutricion y desarrollo infantil,controles repetidos en ninos menores de 2 anos,2006-07-01,162,162,158,320
SOPACHUY,nutricion y desarrollo infantil,controles repetidos en ninos menores de 2 anos,2006-07-01,148,148,135,283
SORACACHI,nutricion y desarrollo infantil,controles repetidos en ninos menores de 2 anos,2006-07-01,53,53,59,112
SORATA,nutricion y desarrollo infantil,controles repetidos en ninos menores de 2 anos,2006-07-01,129,129,119,248
SUCRE,nutricion y desarrollo infantil,controles repetidos en ninos menores de 2 anos,2006-07-01,1477,1477,1401,2878
TACACHI,nutricion y desarrollo infantil,controles repetidos en ninos menores de 2 anos,2006-07-01,9,9,7,16
TACACOMA,nutricion y desarrollo infantil,controles repetidos en ninos menores de 2 anos,2006-07-01,59,59,35,94
TACOBAMBA,nutricion y desarrollo infantil,controles repetidos en ninos menores de 2 anos,2006-07-01,94,94,113,207
TACOPAYA,nutricion y desarrollo infantil,controles repetidos en ninos menores de 2 anos,2006-07-01,108,108,90,198
TAHUA,nutricion y desarrollo infantil,controles repetidos en ninos menores de 2 anos,2006-07-01,6,6,1,7
TAPACARI,nutricion y desarrollo infantil,controles repetidos en ninos menores de 2 anos,2006-07-01,310,310,309,619
TARABUCO,nutricion y desarrollo infantil,controles repetidos en ninos menores de 2 anos,2006-07-01,305,305,265,570
TARACO,nutricion y desarrollo infantil,controles repetidos en ninos menores de 2 anos,2006-07-01,11,11,6,17
TARATA,nutricion y desarrollo infantil,controles repetidos en ninos menores de 2 anos,2006-07-01,44,44,56,100
TARIJA,nutricion y desarrollo infantil,controles repetidos en ninos menores de 2 anos,2006-07-01,837,837,771,1608
TARVITA,nutricion y desarrollo infantil,controles repetidos en ninos menores de 2 anos,2006-07-01,318,318,319,637
TEOPONTE,nutricion y desarrollo infantil,controles repetidos en ninos menores de 2 anos,2006-07-01,92,92,90,182
TIAWANACU,nutricion y desarrollo infantil,controles repetidos en ninos menores de 2 anos,2006-07-01,83,83,64,147
TINGUIPAYA,nutricion y desarrollo infantil,controles repetidos en ninos menores de 2 anos,2006-07-01,169,169,168,337
TIPUANI,nutricion y desarrollo infantil,controles repetidos en ninos menores de 2 anos,2006-07-01,67,67,54,121
TIQUIPAYA,nutricion y desarrollo infantil,controles repetidos en ninos menores de 2 anos,2006-07-01,124,124,111,235
TIRAQUE (CBBA),nutricion y desarrollo infantil,controles repetidos en ninos menores de 2 anos,2006-07-01,150,150,153,303
TITO YUPANQUI (PARQUIPUJIO),nutricion y desarrollo infantil,controles repetidos en ninos menores de 2 anos,2006-07-01,13,13,16,29
TOCO,nutricion y desarrollo infantil,controles repetidos en ninos menores de 2 anos,2006-07-01,30,30,15,45
TOLATA,nutricion y desarrollo infantil,controles repetidos en ninos menores de 2 anos,2006-07-01,9,9,10,19
TOLEDO,nutricion y desarrollo infantil,controles repetidos en ninos menores de 2 anos,2006-07-01,30,30,24,54
TOMAVE,nutricion y desarrollo infantil,controles repetidos en ninos menores de 2 anos,2006-07-01,76,76,69,145
TOMINA,nutricion y desarrollo infantil,controles repetidos en ninos menores de 2 anos,2006-07-01,212,212,163,375
TORO TORO,nutricion y desarrollo infantil,controles repetidos en ninos menores de 2 anos,2006-07-01,158,158,131,289
TOTORA(CBBA),nutricion y desarrollo infantil,controles repetidos en ninos menores de 2 anos,2006-07-01,77,77,78,155
TOTORA(ORR),nutricion y desarrollo infantil,controles repetidos en ninos menores de 2 anos,2006-07-01,21,21,22,43
TRIGAL,nutricion y desarrollo infantil,controles repetidos en ninos menores de 2 anos,2006-07-01,15,15,9,24
TRINIDAD,nutricion y desarrollo infantil,controles repetidos en ninos menores de 2 anos,2006-07-01,498,498,408,906
TUPIZA,nutricion y desarrollo infantil,controles repetidos en ninos menores de 2 anos,2006-07-01,413,413,379,792
TURCO,nutricion y desarrollo infantil,controles repetidos en ninos menores de 2 anos,2006-07-01,14,14,19,33
UMALA,nutricion y desarrollo infantil,controles repetidos en ninos menores de 2 anos,2006-07-01,24,24,21,45
UNCIA,nutricion y desarrollo infantil,controles repetidos en ninos menores de 2 anos,2006-07-01,196,196,156,352
URIONDO (A. CONCEPCION),nutricion y desarrollo infantil,controles repetidos en ninos menores de 2 anos,2006-07-01,190,190,161,351
UYUNI,nutricion y desarrollo infantil,controles repetidos en ninos menores de 2 anos,2006-07-01,250,250,180,430
VACAS,nutricion y desarrollo infantil,controles repetidos en ninos menores de 2 anos,2006-07-01,56,56,59,115
VALLEGRANDE,nutricion y desarrollo infantil,controles repetidos en ninos menores de 2 anos,2006-07-01,135,135,144,279
VIACHA,nutricion y desarrollo infantil,controles repetidos en ninos menores de 2 anos,2006-07-01,178,178,163,341
VILA VILA,nutricion y desarrollo infantil,controles repetidos en ninos menores de 2 anos,2006-07-01,13,13,19,32
VILLA MONTES,nutricion y desarrollo infantil,controles repetidos en ninos menores de 2 anos,2006-07-01,122,122,118,240
VILLA NUEVA (LOMA ALTA),nutricion y desarrollo infantil,controles repetidos en ninos menores de 2 anos,2006-07-01,20,20,23,43
VILLA RIVERO,nutricion y desarrollo infantil,controles repetidos en ninos menores de 2 anos,2006-07-01,29,29,26,55
VILLA SERRANO,nutricion y desarrollo infantil,controles repetidos en ninos menores de 2 anos,2006-07-01,187,187,193,380
VILLA TUNARI,nutricion y desarrollo infantil,controles repetidos en ninos menores de 2 anos,2006-07-01,311,311,301,612
VILLA VACA GUZMAN (MUYUPAMPA),nutricion y desarrollo infantil,controles repetidos en ninos menores de 2 anos,2006-07-01,134,134,150,284
VILLAZON,nutricion y desarrollo infantil,controles repetidos en ninos menores de 2 anos,2006-07-01,302,302,203,505
VINTO,nutricion y desarrollo infantil,controles repetidos en ninos menores de 2 anos,2006-07-01,170,170,121,291
VITICHI,nutricion y desarrollo infantil,controles repetidos en ninos menores de 2 anos,2006-07-01,97,97,112,209
WALDO BALLIVIAN,nutricion y desarrollo infantil,controles repetidos en ninos menores de 2 anos,2006-07-01,10,10,16,26
WARNES,nutricion y desarrollo infantil,controles repetidos en ninos menores de 2 anos,2006-07-01,515,515,464,979
YACO,nutricion y desarrollo infantil,controles repetidos en ninos menores de 2 anos,2006-07-01,59,59,46,105
YACUIBA,nutricion y desarrollo infantil,controles repetidos en ninos menores de 2 anos,2006-07-01,247,247,219,466
YAMPARAEZ,nutricion y desarrollo infantil,controles repetidos en ninos menores de 2 anos,2006-07-01,148,148,149,297
YANACACHI,nutricion y desarrollo infantil,controles repetidos en ninos menores de 2 anos,2006-07-01,20,20,18,38
YAPACANI,nutricion y desarrollo infantil,controles repetidos en ninos menores de 2 anos,2006-07-01,458,458,419,877
YOCALLA,nutricion y desarrollo infantil,controles repetidos en ninos menores de 2 anos,2006-07-01,26,26,16,42
YOTALA,nutricion y desarrollo infantil,controles repetidos en ninos menores de 2 anos,2006-07-01,121,121,106,227
YUNCHARA,nutricion y desarrollo infantil,controles repetidos en ninos menores de 2 anos,2006-07-01,61,61,70,131
ZUDAÑEZ,nutricion y desarrollo infantil,controles repetidos en ninos menores de 2 anos,2006-07-01,115,115,86,201
ACACIO,nutricion y desarrollo infantil,controles repetidos en ninos menores de 2 anos,2006-08-01,101,101,81,182
ACHACACHI,nutricion y desarrollo infantil,controles repetidos en ninos menores de 2 anos,2006-08-01,364,364,369,733
ACHOCALLA,nutricion y desarrollo infantil,controles repetidos en ninos menores de 2 anos,2006-08-01,48,48,39,87
AIQUILE,nutricion y desarrollo infantil,controles repetidos en ninos menores de 2 anos,2006-08-01,135,135,99,234
ALCALA,nutricion y desarrollo infantil,controles repetidos en ninos menores de 2 anos,2006-08-01,55,55,51,106
ANCORAIMES,nutricion y desarrollo infantil,controles repetidos en ninos menores de 2 anos,2006-08-01,105,105,110,215
ANDAMARCA,nutricion y desarrollo infantil,controles repetidos en ninos menores de 2 anos,2006-08-01,26,26,31,57
ANTEQUERA,nutricion y desarrollo infantil,controles repetidos en ninos menores de 2 anos,2006-08-01,25,25,25,50
ANZALDO,nutricion y desarrollo infantil,controles repetidos en ninos menores de 2 anos,2006-08-01,13,13,10,23
APOLO,nutricion y desarrollo infantil,controles repetidos en ninos menores de 2 anos,2006-08-01,128,128,127,255
ARAMPAMPA,nutricion y desarrollo infantil,controles repetidos en ninos menores de 2 anos,2006-08-01,83,83,68,151
ARANI,nutricion y desarrollo infantil,controles repetidos en ninos menores de 2 anos,2006-08-01,52,52,28,80
ARBIETO,nutricion y desarrollo infantil,controles repetidos en ninos menores de 2 anos,2006-08-01,35,35,22,57
ARQUE,nutricion y desarrollo infantil,controles repetidos en ninos menores de 2 anos,2006-08-01,81,81,84,165
ASCENCION DE GUARAYOS,nutricion y desarrollo infantil,controles repetidos en ninos menores de 2 anos,2006-08-01,335,335,337,672
ATOCHA,nutricion y desarrollo infantil,controles repetidos en ninos menores de 2 anos,2006-08-01,85,85,81,166
AUCAPATA,nutricion y desarrollo infantil,controles repetidos en ninos menores de 2 anos,2006-08-01,47,47,27,74
AYATA,nutricion y desarrollo infantil,controles repetidos en ninos menores de 2 anos,2006-08-01,114,114,90,204
AYO AYO,nutricion y desarrollo infantil,controles repetidos en ninos menores de 2 anos,2006-08-01,42,42,51,93
AYOPAYA (V. DE INDEPENDENCIA),nutricion y desarrollo infantil,controles repetidos en ninos menores de 2 anos,2006-08-01,225,225,206,431
AZURDUY,nutricion y desarrollo infantil,controles repetidos en ninos menores de 2 anos,2006-08-01,290,290,247,537
BATALLAS,nutricion y desarrollo infantil,controles repetidos en ninos menores de 2 anos,2006-08-01,145,145,117,262
BAURES,nutricion y desarrollo infantil,controles repetidos en ninos menores de 2 anos,2006-08-01,60,60,59,119
BELEN DE ANDAMARCA,nutricion y desarrollo infantil,controles repetidos en ninos menores de 2 anos,2006-08-01,14,14,12,26
BELEN DE URMIRI,nutricion y desarrollo infantil,controles repetidos en ninos menores de 2 anos,2006-08-01,26,26,24,50
BELLA FLOR,nutricion y desarrollo infantil,controles repetidos en ninos menores de 2 anos,2006-08-01,21,21,21,42
BERMEJO,nutricion y desarrollo infantil,controles repetidos en ninos menores de 2 anos,2006-08-01,132,132,136,268
BETANZOS,nutricion y desarrollo infantil,controles repetidos en ninos menores de 2 anos,2006-08-01,284,284,276,560
BOLIVAR,nutricion y desarrollo infantil,controles repetidos en ninos menores de 2 anos,2006-08-01,105,105,84,189
BOLPEBRA,nutricion y desarrollo infantil,controles repetidos en ninos menores de 2 anos,2006-08-01,18,18,13,31
BOYUIBE,nutricion y desarrollo infantil,controles repetidos en ninos menores de 2 anos,2006-08-01,53,53,39,92
BUENA VISTA,nutricion y desarrollo infantil,controles repetidos en ninos menores de 2 anos,2006-08-01,216,216,152,368
CABEZAS,nutricion y desarrollo infantil,controles repetidos en ninos menores de 2 anos,2006-08-01,179,179,138,317
CAIROMA,nutricion y desarrollo infantil,controles repetidos en ninos menores de 2 anos,2006-08-01,150,150,129,279
"CAIZA ""D""",nutricion y desarrollo infantil,controles repetidos en ninos menores de 2 anos,2006-08-01,92,92,83,175
CAJUATA,nutricion y desarrollo infantil,controles repetidos en ninos menores de 2 anos,2006-08-01,101,101,89,190
CALACOTO,nutricion y desarrollo infantil,controles repetidos en ninos menores de 2 anos,2006-08-01,51,51,45,96
CALAMARCA,nutricion y desarrollo infantil,controles repetidos en ninos menores de 2 anos,2006-08-01,176,176,172,348
CAMARGO,nutricion y desarrollo infantil,controles repetidos en ninos menores de 2 anos,2006-08-01,67,67,86,153
CAMATAQUI (C. VILLA ABECIA),nutricion y desarrollo infantil,controles repetidos en ninos menores de 2 anos,2006-08-01,47,47,36,83
CAMIRI,nutricion y desarrollo infantil,controles repetidos en ninos menores de 2 anos,2006-08-01,231,231,288,519
CAPINOTA,nutricion y desarrollo infantil,controles repetidos en ninos menores de 2 anos,2006-08-01,108,108,124,232
CAQUIAVIRI,nutricion y desarrollo infantil,controles repetidos en ninos menores de 2 anos,2006-08-01,60,60,78,138
CARACOLLO,nutricion y desarrollo infantil,controles repetidos en ninos menores de 2 anos,2006-08-01,96,96,65,161
CARANAVI,nutricion y desarrollo infantil,controles repetidos en ninos menores de 2 anos,2006-08-01,559,559,481,1040
CARANGAS,nutricion y desarrollo infantil,controles repetidos en ninos menores de 2 anos,2006-08-01,1,1,1,2
CARAPARI,nutricion y desarrollo infantil,controles repetidos en ninos menores de 2 anos,2006-08-01,105,105,102,207
CARIPUYO,nutricion y desarrollo infantil,controles repetidos en ninos menores de 2 anos,2006-08-01,142,142,169,311
CARMEN RIVERO TORREZ,nutricion y desarrollo infantil,controles repetidos en ninos menores de 2 anos,2006-08-01,35,35,36,71
CATACORA,nutricion y desarrollo infantil,controles repetidos en ninos menores de 2 anos,2006-08-01,2,2,1,3
CHACARILLA,nutricion y desarrollo infantil,controles repetidos en ninos menores de 2 anos,2006-08-01,14,14,9,23
CHALLAPATA,nutricion y desarrollo infantil,controles repetidos en ninos menores de 2 anos,2006-08-01,206,206,192,398
CHAQUI,nutricion y desarrollo infantil,controles repetidos en ninos menores de 2 anos,2006-08-01,83,83,59,142
CHARAGUA,nutricion y desarrollo infantil,controles repetidos en ninos menores de 2 anos,2006-08-01,215,215,203,418
CHARAÑA,nutricion y desarrollo infantil,controles repetidos en ninos menores de 2 anos,2006-08-01,6,6,13,19
CHAYANTA,nutricion y desarrollo infantil,controles repetidos en ninos menores de 2 anos,2006-08-01,158,158,168,326
CHIMORE,nutricion y desarrollo infantil,controles repetidos en ninos menores de 2 anos,2006-08-01,40,40,54,94
CHIPAYA,nutricion y desarrollo infantil,controles repetidos en ninos menores de 2 anos,2006-08-01,11,11,13,24
CHOQUE COTA,nutricion y desarrollo infantil,controles repetidos en ninos menores de 2 anos,2006-08-01,10,10,8,18
CHULUMANI (V. DE LA LIBERTAD),nutricion y desarrollo infantil,controles repetidos en ninos menores de 2 anos,2006-08-01,46,46,58,104
CHUMA,nutricion y desarrollo infantil,controles repetidos en ninos menores de 2 anos,2006-08-01,98,98,83,181
CLIZA,nutricion y desarrollo infantil,controles repetidos en ninos menores de 2 anos,2006-08-01,145,145,123,268
COBIJA,nutricion y desarrollo infantil,controles repetidos en ninos menores de 2 anos,2006-08-01,352,352,324,676
COCHABAMBA,nutricion y desarrollo infantil,controles repetidos en ninos menores de 2 anos,2006-08-01,1995,1995,1786,3781
COIPASA,nutricion y desarrollo infantil,controles repetidos en ninos menores de 2 anos,2006-08-01,1,1,5,6
COLCAPIRHUA,nutricion y desarrollo infantil,controles repetidos en ninos menores de 2 anos,2006-08-01,95,95,81,176
"COLCHA ""K""",nutricion y desarrollo infantil,controles repetidos en ninos menores de 2 anos,2006-08-01,127,127,142,269
COLLANA,nutricion y desarrollo infantil,controles repetidos en ninos menores de 2 anos,2006-08-01,22,22,14,36
COLOMI,nutricion y desarrollo infantil,controles repetidos en ninos menores de 2 anos,2006-08-01,144,144,130,274
COLPA BELGICA,nutricion y desarrollo infantil,controles repetidos en ninos menores de 2 anos,2006-08-01,70,70,52,122
COLQUECHACA,nutricion y desarrollo infantil,controles repetidos en ninos menores de 2 anos,2006-08-01,245,245,224,469
COLQUENCHA,nutricion y desarrollo infantil,controles repetidos en ninos menores de 2 anos,2006-08-01,40,40,57,97
COLQUIRI,nutricion y desarrollo infantil,controles repetidos en ninos menores de 2 anos,2006-08-01,127,127,133,260
COMANCHE,nutricion y desarrollo infantil,controles repetidos en ninos menores de 2 anos,2006-08-01,15,15,12,27
COMARAPA,nutricion y desarrollo infantil,controles repetidos en ninos menores de 2 anos,2006-08-01,139,139,146,285
COMBAYA,nutricion y desarrollo infantil,controles repetidos en ninos menores de 2 anos,2006-08-01,21,21,30,51
CONCEPCION,nutricion y desarrollo infantil,controles repetidos en ninos menores de 2 anos,2006-08-01,105,105,91,196
COPACABANA,nutricion y desarrollo infantil,controles repetidos en ninos menores de 2 anos,2006-08-01,82,82,75,157
CORIPATA,nutricion y desarrollo infantil,controles repetidos en ninos menores de 2 anos,2006-08-01,112,112,94,206
CORO CORO,nutricion y desarrollo infantil,controles repetidos en ninos menores de 2 anos,2006-08-01,75,75,72,147
COROICO,nutricion y desarrollo infantil,controles repetidos en ninos menores de 2 anos,2006-08-01,49,49,109,158
CORQUE,nutricion y desarrollo infantil,controles repetidos en ninos menores de 2 anos,2006-08-01,49,49,53,102
COTAGAITA,nutricion y desarrollo infantil,controles repetidos en ninos menores de 2 anos,2006-08-01,241,241,255,496
COTOCA,nutricion y desarrollo infantil,controles repetidos en ninos menores de 2 anos,2006-08-01,286,286,246,532
CUATRO CAÑADAS,nutricion y desarrollo infantil,controles repetidos en ninos menores de 2 anos,2006-08-01,60,60,50,110
CUCHUMUELA (V. G. VILLARROEL),nutricion y desarrollo infantil,controles repetidos en ninos menores de 2 anos,2006-08-01,19,19,10,29
CUEVO,nutricion y desarrollo infantil,controles repetidos en ninos menores de 2 anos,2006-08-01,40,40,76,116
CULPINA,nutricion y desarrollo infantil,controles repetidos en ninos menores de 2 anos,2006-08-01,318,318,272,590
CURAHUARA DE CARANGAS,nutricion y desarrollo infantil,controles repetidos en ninos menores de 2 anos,2006-08-01,46,46,41,87
CURVA,nutricion y desarrollo infantil,controles repetidos en ninos menores de 2 anos,2006-08-01,18,18,30,48
DESAGUADERO,nutricion y desarrollo infantil,controles repetidos en ninos menores de 2 anos,2006-08-01,42,42,36,78
EL ALTO,nutricion y desarrollo infantil,controles repetidos en ninos menores de 2 anos,2006-08-01,3321,3321,3127,6448
EL CHORO,nutricion y desarrollo infantil,controles repetidos en ninos menores de 2 anos,2006-08-01,26,26,14,40
EL PUENTE(STC),nutricion y desarrollo infantil,controles repetidos en ninos menores de 2 anos,2006-08-01,156,156,147,303
EL PUENTE(TJA),nutricion y desarrollo infantil,controles repetidos en ninos menores de 2 anos,2006-08-01,77,77,80,157
EL TORNO,nutricion y desarrollo infantil,controles repetidos en ninos menores de 2 anos,2006-08-01,211,211,212,423
EL VILLAR,nutricion y desarrollo infantil,controles repetidos en ninos menores de 2 anos,2006-08-01,84,84,83,167
ENTRE RIOS,nutricion y desarrollo infantil,controles repetidos en ninos menores de 2 anos,2006-08-01,236,236,212,448
ENTRE RIOS,nutricion y desarrollo infantil,controles repetidos en ninos menores de 2 anos,2006-08-01,158,158,165,323
ESCARA,nutricion y desarrollo infantil,controles repetidos en ninos menores de 2 anos,2006-08-01,0,0,4,4
ESMERALDA,nutricion y desarrollo infantil,controles repetidos en ninos menores de 2 anos,2006-08-01,0,0,1,1
EUCALIPTUS,nutricion y desarrollo infantil,controles repetidos en ninos menores de 2 anos,2006-08-01,40,40,39,79
EUREKA (SANTOS MERCADO),nutricion y desarrollo infantil,controles repetidos en ninos menores de 2 anos,2006-08-01,3,3,8,11
EXALTACION,nutricion y desarrollo infantil,controles repetidos en ninos menores de 2 anos,2006-08-01,13,13,21,34
FERNANDEZ ALONSO,nutricion y desarrollo infantil,controles repetidos en ninos menores de 2 anos,2006-08-01,168,168,144,312
FILADELFIA,nutricion y desarrollo infantil,controles repetidos en ninos menores de 2 anos,2006-08-01,41,41,45,86
GENERAL SAAVEDRA,nutricion y desarrollo infantil,controles repetidos en ninos menores de 2 anos,2006-08-01,150,150,139,289
GRAL. J.J. PEREZ (CHARAZANI),nutricion y desarrollo infantil,controles repetidos en ninos menores de 2 anos,2006-08-01,110,110,94,204
GUANAY,nutricion y desarrollo infantil,controles repetidos en ninos menores de 2 anos,2006-08-01,124,124,114,238
GUAQUI,nutricion y desarrollo infantil,controles repetidos en ninos menores de 2 anos,2006-08-01,49,49,39,88
GUAYARAMERIN,nutricion y desarrollo infantil,controles repetidos en ninos menores de 2 anos,2006-08-01,463,463,411,874
GUTIERREZ,nutricion y desarrollo infantil,controles repetidos en ninos menores de 2 anos,2006-08-01,154,154,153,307
HUACARETA,nutricion y desarrollo infantil,controles repetidos en ninos menores de 2 anos,2006-08-01,155,155,152,307
HUACAYA (VILLA DE HUACAYA),nutricion y desarrollo infantil,controles repetidos en ninos menores de 2 anos,2006-08-01,52,52,39,91
HUACHACALLA,nutricion y desarrollo infantil,controles repetidos en ninos menores de 2 anos,2006-08-01,7,7,7,14
HUANUNI,nutricion y desarrollo infantil,controles repetidos en ninos menores de 2 anos,2006-08-01,234,234,172,406
HUARACAJE,nutricion y desarrollo infantil,controles repetidos en ninos menores de 2 anos,2006-08-01,26,26,23,49
HUAYLLAMARCA,nutricion y desarrollo infantil,controles repetidos en ninos menores de 2 anos,2006-08-01,44,44,38,82
ICHOCA,nutricion y desarrollo infantil,controles repetidos en ninos menores de 2 anos,2006-08-01,45,45,40,85
ICLA,nutricion y desarrollo infantil,controles repetidos en ninos menores de 2 anos,2006-08-01,202,202,213,415
INCAHUASI,nutricion y desarrollo infantil,controles repetidos en ninos menores de 2 anos,2006-08-01,358,358,341,699
INGAVI (HUMAITA),nutricion y desarrollo infantil,controles repetidos en ninos menores de 2 anos,2006-08-01,13,13,10,23
INQUISIVI,nutricion y desarrollo infantil,controles repetidos en ninos menores de 2 anos,2006-08-01,160,160,132,292
IRUPANA (VILLA DE LANZA),nutricion y desarrollo infantil,controles repetidos en ninos menores de 2 anos,2006-08-01,157,157,156,313
IXIAMAS,nutricion y desarrollo infantil,controles repetidos en ninos menores de 2 anos,2006-08-01,119,119,116,235
JESUS DE MACHACA,nutricion y desarrollo infantil,controles repetidos en ninos menores de 2 anos,2006-08-01,99,99,68,167
LA ASUNTA,nutricion y desarrollo infantil,controles repetidos en ninos menores de 2 anos,2006-08-01,189,189,158,347
LA GUARDIA,nutricion y desarrollo infantil,controles repetidos en ninos menores de 2 anos,2006-08-01,235,235,269,504
LA PAZ,nutricion y desarrollo infantil,controles repetidos en ninos menores de 2 anos,2006-08-01,3350,3350,3063,6413
LA RIVERA,nutricion y desarrollo infantil,controles repetidos en ninos menores de 2 anos,2006-08-01,3,3,3,6
LAGUNILLAS,nutricion y desarrollo infantil,controles repetidos en ninos menores de 2 anos,2006-08-01,98,98,111,209
LAJA,nutricion y desarrollo infantil,controles repetidos en ninos menores de 2 anos,2006-08-01,173,173,145,318
LAS CARRERAS,nutricion y desarrollo infantil,controles repetidos en ninos menores de 2 anos,2006-08-01,57,57,55,112
LICOMA PAMPA,nutricion y desarrollo infantil,controles repetidos en ninos menores de 2 anos,2006-08-01,29,29,25,54
LLALLAGUA,nutricion y desarrollo infantil,controles repetidos en ninos menores de 2 anos,2006-08-01,353,353,353,706
LLICA,nutricion y desarrollo infantil,controles repetidos en ninos menores de 2 anos,2006-08-01,52,52,37,89
LORETO,nutricion y desarrollo infantil,controles repetidos en ninos menores de 2 anos,2006-08-01,43,43,41,84
LURIBAY,nutricion y desarrollo infantil,controles repetidos en ninos menores de 2 anos,2006-08-01,134,134,136,270
MACHACAMARCA,nutricion y desarrollo infantil,controles repetidos en ninos menores de 2 anos,2006-08-01,8,8,11,19
MACHARETI,nutricion y desarrollo infantil,controles repetidos en ninos menores de 2 anos,2006-08-01,148,148,110,258
MAGDALENA,nutricion y desarrollo infantil,controles repetidos en ninos menores de 2 anos,2006-08-01,128,128,96,224
MAIRANA,nutricion y desarrollo infantil,controles repetidos en ninos menores de 2 anos,2006-08-01,101,101,100,201
MALLA,nutricion y desarrollo infantil,controles repetidos en ninos menores de 2 anos,2006-08-01,31,31,55,86
MAPIRI,nutricion y desarrollo infantil,controles repetidos en ninos menores de 2 anos,2006-08-01,135,135,132,267
MECAPACA,nutricion y desarrollo infantil,controles repetidos en ninos menores de 2 anos,2006-08-01,80,80,69,149
MINEROS,nutricion y desarrollo infantil,controles repetidos en ninos menores de 2 anos,2006-08-01,253,253,216,469
MIZQUE,nutricion y desarrollo infantil,controles repetidos en ninos menores de 2 anos,2006-08-01,167,167,150,317
MOCOMOCO,nutricion y desarrollo infantil,controles repetidos en ninos menores de 2 anos,2006-08-01,151,151,135,286
MOJINETE,nutricion y desarrollo infantil,controles repetidos en ninos menores de 2 anos,2006-08-01,6,6,9,15
MOJOCOYA,nutricion y desarrollo infantil,controles repetidos en ninos menores de 2 anos,2006-08-01,102,102,86,188
MONTEAGUDO,nutricion y desarrollo infantil,controles repetidos en ninos menores de 2 anos,2006-08-01,313,313,300,613
MONTERO,nutricion y desarrollo infantil,controles repetidos en ninos menores de 2 anos,2006-08-01,948,948,890,1838
MORO MORO,nutricion y desarrollo infantil,controles repetidos en ninos menores de 2 anos,2006-08-01,24,24,21,45
MOROCHATA,nutricion y desarrollo infantil,controles repetidos en ninos menores de 2 anos,2006-08-01,61,61,54,115
NACEBE (SANTA ROSA DEL ABUNA),nutricion y desarrollo infantil,controles repetidos en ninos menores de 2 anos,2006-08-01,15,15,17,32
OCURI,nutricion y desarrollo infantil,controles repetidos en ninos menores de 2 anos,2006-08-01,251,251,231,482
OKINAWA,nutricion y desarrollo infantil,controles repetidos en ninos menores de 2 anos,2006-08-01,96,96,97,193
OMEREQUE,nutricion y desarrollo infantil,controles repetidos en ninos menores de 2 anos,2006-08-01,68,68,55,123
ORURO,nutricion y desarrollo infantil,controles repetidos en ninos menores de 2 anos,2006-08-01,1411,1411,1201,2612
PADCAYA,nutricion y desarrollo infantil,controles repetidos en ninos menores de 2 anos,2006-08-01,138,138,139,277
PADILLA,nutricion y desarrollo infantil,controles repetidos en ninos menores de 2 anos,2006-08-01,165,165,163,328
PAILON,nutricion y desarrollo infantil,controles repetidos en ninos menores de 2 anos,2006-08-01,148,148,152,300
PALCA,nutricion y desarrollo infantil,controles repetidos en ninos menores de 2 anos,2006-08-01,64,64,67,131
PALOS BLANCOS,nutricion y desarrollo infantil,controles repetidos en ninos menores de 2 anos,2006-08-01,286,286,219,505
PAMPA AULLAGAS,nutricion y desarrollo infantil,controles repetidos en ninos menores de 2 anos,2006-08-01,25,25,37,62
PAMPA GRANDE,nutricion y desarrollo infantil,controles repetidos en ninos menores de 2 anos,2006-08-01,62,62,69,131
PAPEL PAMPA,nutricion y desarrollo infantil,controles repetidos en ninos menores de 2 anos,2006-08-01,37,37,46,83
PASORAPA,nutricion y desarrollo infantil,controles repetidos en ninos menores de 2 anos,2006-08-01,53,53,56,109
PATACAMAYA,nutricion y desarrollo infantil,controles repetidos en ninos menores de 2 anos,2006-08-01,254,254,221,475
PAZÑA,nutricion y desarrollo infantil,controles repetidos en ninos menores de 2 anos,2006-08-01,47,47,49,96
PELECHUCO,nutricion y desarrollo infantil,controles repetidos en ninos menores de 2 anos,2006-08-01,31,31,22,53
POCOATA,nutricion y desarrollo infantil,controles repetidos en ninos menores de 2 anos,2006-08-01,216,216,239,455
POCONA,nutricion y desarrollo infantil,controles repetidos en ninos menores de 2 anos,2006-08-01,50,50,55,105
POJO (CBBA),nutricion y desarrollo infantil,controles repetidos en ninos menores de 2 anos,2006-08-01,110,110,85,195
POOPO,nutricion y desarrollo infantil,controles repetidos en ninos menores de 2 anos,2006-08-01,60,60,49,109
PORCO,nutricion y desarrollo infantil,controles repetidos en ninos menores de 2 anos,2006-08-01,82,82,96,178
POROMA,nutricion y desarrollo infantil,controles repetidos en ninos menores de 2 anos,2006-08-01,202,202,214,416
PORONGO,nutricion y desarrollo infantil,controles repetidos en ninos menores de 2 anos,2006-08-01,55,55,45,100
PORTACHUELO,nutricion y desarrollo infantil,controles repetidos en ninos menores de 2 anos,2006-08-01,216,216,226,442
PORVENIR,nutricion y desarrollo infantil,controles repetidos en ninos menores de 2 anos,2006-08-01,100,100,94,194
POSTRER VALLE,nutricion y desarrollo infantil,controles repetidos en ninos menores de 2 anos,2006-08-01,21,21,18,39
POTOSI,nutricion y desarrollo infantil,controles repetidos en ninos menores de 2 anos,2006-08-01,1216,1216,1161,2377
PRESTO,nutricion y desarrollo infantil,controles repetidos en ninos menores de 2 anos,2006-08-01,90,90,72,162
PUCARA,nutricion y desarrollo infantil,controles repetidos en ninos menores de 2 anos,2006-08-01,26,26,11,37
PUCARANI,nutricion y desarrollo infantil,controles repetidos en ninos menores de 2 anos,2006-08-01,208,208,212,420
PUERTO ACOSTA,nutricion y desarrollo infantil,controles repetidos en ninos menores de 2 anos,2006-08-01,186,186,156,342
PUERTO CARABUCO,nutricion y desarrollo infantil,controles repetidos en ninos menores de 2 anos,2006-08-01,116,116,128,244
PUERTO GONZALO MORENO,nutricion y desarrollo infantil,controles repetidos en ninos menores de 2 anos,2006-08-01,64,64,48,112
PUERTO PEREZ,nutricion y desarrollo infantil,controles repetidos en ninos menores de 2 anos,2006-08-01,41,41,36,77
PUERTO QUIJARRO,nutricion y desarrollo infantil,controles repetidos en ninos menores de 2 anos,2006-08-01,110,110,97,207
PUERTO RICO,nutricion y desarrollo infantil,controles repetidos en ninos menores de 2 anos,2006-08-01,60,60,66,126
PUERTO SILES,nutricion y desarrollo infantil,controles repetidos en ninos menores de 2 anos,2006-08-01,1,1,6,7
PUERTO SUAREZ,nutricion y desarrollo infantil,controles repetidos en ninos menores de 2 anos,2006-08-01,89,89,95,184
PUERTO VILLARROEL,nutricion y desarrollo infantil,controles repetidos en ninos menores de 2 anos,2006-08-01,204,204,177,381
PUNA,nutricion y desarrollo infantil,controles repetidos en ninos menores de 2 anos,2006-08-01,290,290,261,551
PUNATA,nutricion y desarrollo infantil,controles repetidos en ninos menores de 2 anos,2006-08-01,61,61,70,131
QUIABAYA,nutricion y desarrollo infantil,controles repetidos en ninos menores de 2 anos,2006-08-01,16,16,10,26
QUILLACOLLO,nutricion y desarrollo infantil,controles repetidos en ninos menores de 2 anos,2006-08-01,261,261,257,518
QUIME,nutricion y desarrollo infantil,controles repetidos en ninos menores de 2 anos,2006-08-01,96,96,95,191
QUIRUSILLAS,nutricion y desarrollo infantil,controles repetidos en ninos menores de 2 anos,2006-08-01,32,32,24,56
RAVELO,nutricion y desarrollo infantil,controles repetidos en ninos menores de 2 anos,2006-08-01,376,376,377,753
REYES,nutricion y desarrollo infantil,controles repetidos en ninos menores de 2 anos,2006-08-01,105,105,127,232
RIBERALTA,nutricion y desarrollo infantil,controles repetidos en ninos menores de 2 anos,2006-08-01,1077,1077,980,2057
ROBORE,nutricion y desarrollo infantil,controles repetidos en ninos menores de 2 anos,2006-08-01,112,112,115,227
RURRENABAQUE,nutricion y desarrollo infantil,controles repetidos en ninos menores de 2 anos,2006-08-01,139,139,124,263
SABAYA,nutricion y desarrollo infantil,controles repetidos en ninos menores de 2 anos,2006-08-01,22,22,17,39
SACABA,nutricion y desarrollo infantil,controles repetidos en ninos menores de 2 anos,2006-08-01,195,195,173,368
SACABAMBA,nutricion y desarrollo infantil,controles repetidos en ninos menores de 2 anos,2006-08-01,21,21,17,38
SACACA,nutricion y desarrollo infantil,controles repetidos en ninos menores de 2 anos,2006-08-01,323,323,385,708
SAIPINA,nutricion y desarrollo infantil,controles repetidos en ninos menores de 2 anos,2006-08-01,79,79,74,153
SALINAS DE GARCI MENDOZA,nutricion y desarrollo infantil,controles repetidos en ninos menores de 2 anos,2006-08-01,85,85,91,176
SAMAIPATA,nutricion y desarrollo infantil,controles repetidos en ninos menores de 2 anos,2006-08-01,106,106,73,179
SAN AGUSTIN,nutricion y desarrollo infantil,controles repetidos en ninos menores de 2 anos,2006-08-01,20,20,40,60
SAN ANDRES,nutricion y desarrollo infantil,controles repetidos en ninos menores de 2 anos,2006-08-01,132,132,113,245
SAN ANDRES DE MACHACA,nutricion y desarrollo infantil,controles repetidos en ninos menores de 2 anos,2006-08-01,26,26,19,45
SAN ANTONIO DE ESMORUCO,nutricion y desarrollo infantil,controles repetidos en ninos menores de 2 anos,2006-08-01,13,13,12,25
SAN ANTONIO DE LOMERIO,nutricion y desarrollo infantil,controles repetidos en ninos menores de 2 anos,2006-08-01,142,142,122,264
SAN BENITO,nutricion y desarrollo infantil,controles repetidos en ninos menores de 2 anos,2006-08-01,52,52,60,112
SAN BORJA,nutricion y desarrollo infantil,controles repetidos en ninos menores de 2 anos,2006-08-01,494,494,405,899
SAN BUENA VENTURA,nutricion y desarrollo infantil,controles repetidos en ninos menores de 2 anos,2006-08-01,64,64,55,119
SAN CARLOS,nutricion y desarrollo infantil,controles repetidos en ninos menores de 2 anos,2006-08-01,348,348,286,634
SAN IGNACIO,nutricion y desarrollo infantil,controles repetidos en ninos menores de 2 anos,2006-08-01,263,263,226,489
SAN IGNACIO DE VELASCO,nutricion y desarrollo infantil,controles repetidos en ninos menores de 2 anos,2006-08-01,526,526,509,1035
SAN JAVIER(BNI),nutricion y desarrollo infantil,controles repetidos en ninos menores de 2 anos,2006-08-01,44,44,37,81
SAN JAVIER(STC),nutricion y desarrollo infantil,controles repetidos en ninos menores de 2 anos,2006-08-01,79,79,71,150
SAN JOAQUIN,nutricion y desarrollo infantil,controles repetidos en ninos menores de 2 anos,2006-08-01,11,11,9,20
SAN JOSE DE CHIQUITOS,nutricion y desarrollo infantil,controles repetidos en ninos menores de 2 anos,2006-08-01,77,77,86,163
SAN JUAN DE YAPACANI,nutricion y desarrollo infantil,controles repetidos en ninos menores de 2 anos,2006-08-01,139,139,113,252
SAN JULIAN,nutricion y desarrollo infantil,controles repetidos en ninos menores de 2 anos,2006-08-01,126,126,137,263
SAN LORENZO(PND),nutricion y desarrollo infantil,controles repetidos en ninos menores de 2 anos,2006-08-01,61,61,53,114
SAN LORENZO(TJA),nutricion y desarrollo infantil,controles repetidos en ninos menores de 2 anos,2006-08-01,107,107,85,192
SAN LUCAS,nutricion y desarrollo infantil,controles repetidos en ninos menores de 2 anos,2006-08-01,654,654,603,1257
SAN MATIAS,nutricion y desarrollo infantil,controles repetidos en ninos menores de 2 anos,2006-08-01,77,77,91,168
SAN MIGUEL DE VELASCO,nutricion y desarrollo infantil,controles repetidos en ninos menores de 2 anos,2006-08-01,164,164,136,300
SAN PABLO DE LIPEZ,nutricion y desarrollo infantil,controles repetidos en ninos menores de 2 anos,2006-08-01,30,30,26,56
SAN PEDRO,nutricion y desarrollo infantil,controles repetidos en ninos menores de 2 anos,2006-08-01,193,193,151,344
SAN PEDRO DE BUENA VISTA,nutricion y desarrollo infantil,controles repetidos en ninos menores de 2 anos,2006-08-01,216,216,195,411
SAN PEDRO DE CURAHUARA,nutricion y desarrollo infantil,controles repetidos en ninos menores de 2 anos,2006-08-01,41,41,25,66
SAN PEDRO DE QUEMES,nutricion y desarrollo infantil,controles repetidos en ninos menores de 2 anos,2006-08-01,8,8,6,14
SAN PEDRO DE TIQUINA,nutricion y desarrollo infantil,controles repetidos en ninos menores de 2 anos,2006-08-01,25,25,45,70
SAN PEDRO(PND),nutricion y desarrollo infantil,controles repetidos en ninos menores de 2 anos,2006-08-01,14,14,25,39
SAN RAFAEL,nutricion y desarrollo infantil,controles repetidos en ninos menores de 2 anos,2006-08-01,51,51,48,99
SAN RAMON,nutricion y desarrollo infantil,controles repetidos en ninos menores de 2 anos,2006-08-01,62,62,43,105
SAN RAMON,nutricion y desarrollo infantil,controles repetidos en ninos menores de 2 anos,2006-08-01,47,47,64,111
SANTA ANA,nutricion y desarrollo infantil,controles repetidos en ninos menores de 2 anos,2006-08-01,151,151,131,282
SANTA CRUZ DE LA SIERRA,nutricion y desarrollo infantil,controles repetidos en ninos menores de 2 anos,2006-08-01,4949,4949,4507,9456
SANTA ROSA,nutricion y desarrollo infantil,controles repetidos en ninos menores de 2 anos,2006-08-01,8,8,13,21
SANTA ROSA DEL SARA,nutricion y desarrollo infantil,controles repetidos en ninos menores de 2 anos,2006-08-01,74,74,111,185
SANTIAGO DE CALLAPA,nutricion y desarrollo infantil,controles repetidos en ninos menores de 2 anos,2006-08-01,20,20,33,53
SANTIAGO DE HUARI,nutricion y desarrollo infantil,controles repetidos en ninos menores de 2 anos,2006-08-01,80,80,58,138
SANTIAGO DE MACHACA,nutricion y desarrollo infantil,controles repetidos en ninos menores de 2 anos,2006-08-01,36,36,29,65
SANTIVAÑES,nutricion y desarrollo infantil,controles repetidos en ninos menores de 2 anos,2006-08-01,70,70,68,138
SANTUARIO DE QUILLACAS,nutricion y desarrollo infantil,controles repetidos en ninos menores de 2 anos,2006-08-01,3,3,10,13
SAPAHAQUI,nutricion y desarrollo infantil,controles repetidos en ninos menores de 2 anos,2006-08-01,111,111,100,211
SENA,nutricion y desarrollo infantil,controles repetidos en ninos menores de 2 anos,2006-08-01,47,47,54,101
SICA SICA (VILLA AROMA),nutricion y desarrollo infantil,controles repetidos en ninos menores de 2 anos,2006-08-01,206,206,167,373
SICAYA,nutricion y desarrollo infantil,controles repetidos en ninos menores de 2 anos,2006-08-01,41,41,30,71
SIPE SIPE,nutricion y desarrollo infantil,controles repetidos en ninos menores de 2 anos,2006-08-01,123,123,140,263
SOPACHUY,nutricion y desarrollo infantil,controles repetidos en ninos menores de 2 anos,2006-08-01,124,124,122,246
SORACACHI,nutricion y desarrollo infantil,controles repetidos en ninos menores de 2 anos,2006-08-01,87,87,71,158
SORATA,nutricion y desarrollo infantil,controles repetidos en ninos menores de 2 anos,2006-08-01,59,59,66,125
SUCRE,nutricion y desarrollo infantil,controles repetidos en ninos menores de 2 anos,2006-08-01,1527,1527,1441,2968
TACACHI,nutricion y desarrollo infantil,controles repetidos en ninos menores de 2 anos,2006-08-01,2,2,2,4
TACACOMA,nutricion y desarrollo infantil,controles repetidos en ninos menores de 2 anos,2006-08-01,42,42,31,73
TACOBAMBA,nutricion y desarrollo infantil,controles repetidos en ninos menores de 2 anos,2006-08-01,50,50,53,103
TACOPAYA,nutricion y desarrollo infantil,controles repetidos en ninos menores de 2 anos,2006-08-01,92,92,77,169
TAHUA,nutricion y desarrollo infantil,controles repetidos en ninos menores de 2 anos,2006-08-01,14,14,8,22
TAPACARI,nutricion y desarrollo infantil,controles repetidos en ninos menores de 2 anos,2006-08-01,255,255,259,514
TARABUCO,nutricion y desarrollo infantil,controles repetidos en ninos menores de 2 anos,2006-08-01,345,345,347,692
TARACO,nutricion y desarrollo infantil,controles repetidos en ninos menores de 2 anos,2006-08-01,14,14,11,25
TARATA,nutricion y desarrollo infantil,controles repetidos en ninos menores de 2 anos,2006-08-01,37,37,49,86
TARIJA,nutricion y desarrollo infantil,controles repetidos en ninos menores de 2 anos,2006-08-01,951,951,860,1811
TARVITA,nutricion y desarrollo infantil,controles repetidos en ninos menores de 2 anos,2006-08-01,194,194,190,384
TEOPONTE,nutricion y desarrollo infantil,controles repetidos en ninos menores de 2 anos,2006-08-01,83,83,65,148
TIAWANACU,nutricion y desarrollo infantil,controles repetidos en ninos menores de 2 anos,2006-08-01,56,56,63,119
TINGUIPAYA,nutricion y desarrollo infantil,controles repetidos en ninos menores de 2 anos,2006-08-01,174,174,181,355
TIPUANI,nutricion y desarrollo infantil,controles repetidos en ninos menores de 2 anos,2006-08-01,81,81,84,165
TIQUIPAYA,nutricion y desarrollo infantil,controles repetidos en ninos menores de 2 anos,2006-08-01,72,72,53,125
TIRAQUE (CBBA),nutricion y desarrollo infantil,controles repetidos en ninos menores de 2 anos,2006-08-01,210,210,157,367
TITO YUPANQUI (PARQUIPUJIO),nutricion y desarrollo infantil,controles repetidos en ninos menores de 2 anos,2006-08-01,13,13,11,24
TOCO,nutricion y desarrollo infantil,controles repetidos en ninos menores de 2 anos,2006-08-01,28,28,16,44
TOLATA,nutricion y desarrollo infantil,controles repetidos en ninos menores de 2 anos,2006-08-01,19,19,17,36
TOLEDO,nutricion y desarrollo infantil,controles repetidos en ninos menores de 2 anos,2006-08-01,38,38,25,63
TOMAVE,nutricion y desarrollo infantil,controles repetidos en ninos menores de 2 anos,2006-08-01,101,101,101,202
TOMINA,nutricion y desarrollo infantil,controles repetidos en ninos menores de 2 anos,2006-08-01,207,207,162,369
TORO TORO,nutricion y desarrollo infantil,controles repetidos en ninos menores de 2 anos,2006-08-01,188,188,177,365
TOTORA(CBBA),nutricion y desarrollo infantil,controles repetidos en ninos menores de 2 anos,2006-08-01,137,137,94,231
TOTORA(ORR),nutricion y desarrollo infantil,controles repetidos en ninos menores de 2 anos,2006-08-01,21,21,25,46
TRIGAL,nutricion y desarrollo infantil,controles repetidos en ninos menores de 2 anos,2006-08-01,16,16,16,32
TRINIDAD,nutricion y desarrollo infantil,controles repetidos en ninos menores de 2 anos,2006-08-01,438,438,384,822
TUPIZA,nutricion y desarrollo infantil,controles repetidos en ninos menores de 2 anos,2006-08-01,445,445,409,854
TURCO,nutricion y desarrollo infantil,controles repetidos en ninos menores de 2 anos,2006-08-01,29,29,23,52
UMALA,nutricion y desarrollo infantil,controles repetidos en ninos menores de 2 anos,2006-08-01,50,50,45,95
UNCIA,nutricion y desarrollo infantil,controles repetidos en ninos menores de 2 anos,2006-08-01,146,146,134,280
URIONDO (A. CONCEPCION),nutricion y desarrollo infantil,controles repetidos en ninos menores de 2 anos,2006-08-01,214,214,173,387
URUBICHA,nutricion y desarrollo infantil,controles repetidos en ninos menores de 2 anos,2006-08-01,143,143,173,316
UYUNI,nutricion y desarrollo infantil,controles repetidos en ninos menores de 2 anos,2006-08-01,280,280,208,488
VACAS,nutricion y desarrollo infantil,controles repetidos en ninos menores de 2 anos,2006-08-01,90,90,67,157
VALLEGRANDE,nutricion y desarrollo infantil,controles repetidos en ninos menores de 2 anos,2006-08-01,149,149,160,309
VIACHA,nutricion y desarrollo infantil,controles repetidos en ninos menores de 2 anos,2006-08-01,191,191,207,398
VILA VILA,nutricion y desarrollo infantil,controles repetidos en ninos menores de 2 anos,2006-08-01,32,32,31,63
VILLA MONTES,nutricion y desarrollo infantil,controles repetidos en ninos menores de 2 anos,2006-08-01,178,178,145,323
VILLA NUEVA (LOMA ALTA),nutricion y desarrollo infantil,controles repetidos en ninos menores de 2 anos,2006-08-01,4,4,5,9
VILLA RIVERO,nutricion y desarrollo infantil,controles repetidos en ninos menores de 2 anos,2006-08-01,43,43,62,105
VILLA SERRANO,nutricion y desarrollo infantil,controles repetidos en ninos menores de 2 anos,2006-08-01,204,204,192,396
VILLA TUNARI,nutricion y desarrollo infantil,controles repetidos en ninos menores de 2 anos,2006-08-01,396,396,285,681
VILLA VACA GUZMAN (MUYUPAMPA),nutricion y desarrollo infantil,controles repetidos en ninos menores de 2 anos,2006-08-01,129,129,133,262
VILLAZON,nutricion y desarrollo infantil,controles repetidos en ninos menores de 2 anos,2006-08-01,334,334,318,652
VINTO,nutricion y desarrollo infantil,controles repetidos en ninos menores de 2 anos,2006-08-01,127,127,117,244
VITICHI,nutricion y desarrollo infantil,controles repetidos en ninos menores de 2 anos,2006-08-01,164,164,143,307
WALDO BALLIVIAN,nutricion y desarrollo infantil,controles repetidos en ninos menores de 2 anos,2006-08-01,18,18,22,40
WARNES,nutricion y desarrollo infantil,controles repetidos en ninos menores de 2 anos,2006-08-01,552,552,474,1026
YACO,nutricion y desarrollo infantil,controles repetidos en ninos menores de 2 anos,2006-08-01,52,52,57,109
YACUIBA,nutricion y desarrollo infantil,controles repetidos en ninos menores de 2 anos,2006-08-01,519,519,439,958
YAMPARAEZ,nutricion y desarrollo infantil,controles repetidos en ninos menores de 2 anos,2006-08-01,150,150,146,296
YANACACHI,nutricion y desarrollo infantil,controles repetidos en ninos menores de 2 anos,2006-08-01,40,40,34,74
YAPACANI,nutricion y desarrollo infantil,controles repetidos en ninos menores de 2 anos,2006-08-01,460,460,460,920
YOCALLA,nutricion y desarrollo infantil,controles repetidos en ninos menores de 2 anos,2006-08-01,33,33,28,61
YOTALA,nutricion y desarrollo infantil,controles repetidos en ninos menores de 2 anos,2006-08-01,126,126,109,235
YUNCHARA,nutricion y desarrollo infantil,controles repetidos en ninos menores de 2 anos,2006-08-01,69,69,46,115
ZUDAÑEZ,nutricion y desarrollo infantil,controles repetidos en ninos menores de 2 anos,2006-08-01,110,110,109,219
ACACIO,nutricion y desarrollo infantil,controles repetidos en ninos menores de 2 anos,2006-09-01,54,54,68,122
ACHACACHI,nutricion y desarrollo infantil,controles repetidos en ninos menores de 2 anos,2006-09-01,265,265,236,501
ACHOCALLA,nutricion y desarrollo infantil,controles repetidos en ninos menores de 2 anos,2006-09-01,50,50,43,93
AIQUILE,nutricion y desarrollo infantil,controles repetidos en ninos menores de 2 anos,2006-09-01,108,108,97,205
ALCALA,nutricion y desarrollo infantil,controles repetidos en ninos menores de 2 anos,2006-09-01,51,51,45,96
ANCORAIMES,nutricion y desarrollo infantil,controles repetidos en ninos menores de 2 anos,2006-09-01,89,89,80,169
ANDAMARCA,nutricion y desarrollo infantil,controles repetidos en ninos menores de 2 anos,2006-09-01,29,29,26,55
ANTEQUERA,nutricion y desarrollo infantil,controles repetidos en ninos menores de 2 anos,2006-09-01,21,21,16,37
ANZALDO,nutricion y desarrollo infantil,controles repetidos en ninos menores de 2 anos,2006-09-01,8,8,6,14
APOLO,nutricion y desarrollo infantil,controles repetidos en ninos menores de 2 anos,2006-09-01,139,139,160,299
ARAMPAMPA,nutricion y desarrollo infantil,controles repetidos en ninos menores de 2 anos,2006-09-01,101,101,90,191
ARANI,nutricion y desarrollo infantil,controles repetidos en ninos menores de 2 anos,2006-09-01,18,18,25,43
ARBIETO,nutricion y desarrollo infantil,controles repetidos en ninos menores de 2 anos,2006-09-01,54,54,34,88
ARQUE,nutricion y desarrollo infantil,controles repetidos en ninos menores de 2 anos,2006-09-01,93,93,91,184
ATOCHA,nutricion y desarrollo infantil,controles repetidos en ninos menores de 2 anos,2006-09-01,124,124,131,255
AUCAPATA,nutricion y desarrollo infantil,controles repetidos en ninos menores de 2 anos,2006-09-01,48,48,41,89
AYATA,nutricion y desarrollo infantil,controles repetidos en ninos menores de 2 anos,2006-09-01,121,121,96,217
AYO AYO,nutricion y desarrollo infantil,controles repetidos en ninos menores de 2 anos,2006-09-01,36,36,51,87
AYOPAYA (V. DE INDEPENDENCIA),nutricion y desarrollo infantil,controles repetidos en ninos menores de 2 anos,2006-09-01,207,207,162,369
AZURDUY,nutricion y desarrollo infantil,controles repetidos en ninos menores de 2 anos,2006-09-01,279,279,261,540
BATALLAS,nutricion y desarrollo infantil,controles repetidos en ninos menores de 2 anos,2006-09-01,126,126,137,263
BAURES,nutricion y desarrollo infantil,controles repetidos en ninos menores de 2 anos,2006-09-01,58,58,59,117
BELEN DE ANDAMARCA,nutricion y desarrollo infantil,controles repetidos en ninos menores de 2 anos,2006-09-01,9,9,11,20
BELEN DE URMIRI,nutricion y desarrollo infantil,controles repetidos en ninos menores de 2 anos,2006-09-01,21,21,14,35
BELLA FLOR,nutricion y desarrollo infantil,controles repetidos en ninos menores de 2 anos,2006-09-01,32,32,34,66
BERMEJO,nutricion y desarrollo infantil,controles repetidos en ninos menores de 2 anos,2006-09-01,79,79,84,163
BETANZOS,nutricion y desarrollo infantil,controles repetidos en ninos menores de 2 anos,2006-09-01,321,321,327,648
BOLIVAR,nutricion y desarrollo infantil,controles repetidos en ninos menores de 2 anos,2006-09-01,167,167,140,307
BOLPEBRA,nutricion y desarrollo infantil,controles repetidos en ninos menores de 2 anos,2006-09-01,13,13,11,24
BOYUIBE,nutricion y desarrollo infantil,controles repetidos en ninos menores de 2 anos,2006-09-01,34,34,31,65
BUENA VISTA,nutricion y desarrollo infantil,controles repetidos en ninos menores de 2 anos,2006-09-01,176,176,139,315
CABEZAS,nutricion y desarrollo infantil,controles repetidos en ninos menores de 2 anos,2006-09-01,186,186,159,345
CAIROMA,nutricion y desarrollo infantil,controles repetidos en ninos menores de 2 anos,2006-09-01,174,174,153,327
"CAIZA ""D""",nutricion y desarrollo infantil,controles repetidos en ninos menores de 2 anos,2006-09-01,96,96,107,203
CAJUATA,nutricion y desarrollo infantil,controles repetidos en ninos menores de 2 anos,2006-09-01,100,100,111,211
CALACOTO,nutricion y desarrollo infantil,controles repetidos en ninos menores de 2 anos,2006-09-01,35,35,31,66
CALAMARCA,nutricion y desarrollo infantil,controles repetidos en ninos menores de 2 anos,2006-09-01,164,164,158,322
CAMARGO,nutricion y desarrollo infantil,controles repetidos en ninos menores de 2 anos,2006-09-01,65,65,96,161
CAMATAQUI (C. VILLA ABECIA),nutricion y desarrollo infantil,controles repetidos en ninos menores de 2 anos,2006-09-01,48,48,34,82
CAMIRI,nutricion y desarrollo infantil,controles repetidos en ninos menores de 2 anos,2006-09-01,236,236,246,482
CAPINOTA,nutricion y desarrollo infantil,controles repetidos en ninos menores de 2 anos,2006-09-01,108,108,139,247
CAQUIAVIRI,nutricion y desarrollo infantil,controles repetidos en ninos menores de 2 anos,2006-09-01,49,49,70,119
CARACOLLO,nutricion y desarrollo infantil,controles repetidos en ninos menores de 2 anos,2006-09-01,83,83,78,161
CARANAVI,nutricion y desarrollo infantil,controles repetidos en ninos menores de 2 anos,2006-09-01,574,574,506,1080
CARAPARI,nutricion y desarrollo infantil,controles repetidos en ninos menores de 2 anos,2006-09-01,110,110,99,209
CARIPUYO,nutricion y desarrollo infantil,controles repetidos en ninos menores de 2 anos,2006-09-01,133,133,119,252
CARMEN RIVERO TORREZ,nutricion y desarrollo infantil,controles repetidos en ninos menores de 2 anos,2006-09-01,31,31,22,53
CATACORA,nutricion y desarrollo infantil,controles repetidos en ninos menores de 2 anos,2006-09-01,10,10,9,19
CHACARILLA,nutricion y desarrollo infantil,controles repetidos en ninos menores de 2 anos,2006-09-01,9,9,10,19
CHALLAPATA,nutricion y desarrollo infantil,controles repetidos en ninos menores de 2 anos,2006-09-01,195,195,188,383
CHAQUI,nutricion y desarrollo infantil,controles repetidos en ninos menores de 2 anos,2006-09-01,68,68,62,130
CHARAGUA,nutricion y desarrollo infantil,controles repetidos en ninos menores de 2 anos,2006-09-01,331,331,302,633
CHARAÑA,nutricion y desarrollo infantil,controles repetidos en ninos menores de 2 anos,2006-09-01,21,21,18,39
CHAYANTA,nutricion y desarrollo infantil,controles repetidos en ninos menores de 2 anos,2006-09-01,150,150,126,276
CHIMORE,nutricion y desarrollo infantil,controles repetidos en ninos menores de 2 anos,2006-09-01,41,41,49,90
CHIPAYA,nutricion y desarrollo infantil,controles repetidos en ninos menores de 2 anos,2006-09-01,10,10,20,30
CHOQUE COTA,nutricion y desarrollo infantil,controles repetidos en ninos menores de 2 anos,2006-09-01,12,12,8,20
CHULUMANI (V. DE LA LIBERTAD),nutricion y desarrollo infantil,controles repetidos en ninos menores de 2 anos,2006-09-01,69,69,73,142
CHUMA,nutricion y desarrollo infantil,controles repetidos en ninos menores de 2 anos,2006-09-01,150,150,117,267
CLIZA,nutricion y desarrollo infantil,controles repetidos en ninos menores de 2 anos,2006-09-01,105,105,112,217
COBIJA,nutricion y desarrollo infantil,controles repetidos en ninos menores de 2 anos,2006-09-01,284,284,263,547
COCHABAMBA,nutricion y desarrollo infantil,controles repetidos en ninos menores de 2 anos,2006-09-01,1691,1691,1606,3297
COIPASA,nutricion y desarrollo infantil,controles repetidos en ninos menores de 2 anos,2006-09-01,4,4,8,12
COLCAPIRHUA,nutricion y desarrollo infantil,controles repetidos en ninos menores de 2 anos,2006-09-01,114,114,107,221
"COLCHA ""K""",nutricion y desarrollo infantil,controles repetidos en ninos menores de 2 anos,2006-09-01,96,96,77,173
COLLANA,nutricion y desarrollo infantil,controles repetidos en ninos menores de 2 anos,2006-09-01,14,14,9,23
COLOMI,nutricion y desarrollo infantil,controles repetidos en ninos menores de 2 anos,2006-09-01,139,139,121,260
COLPA BELGICA,nutricion y desarrollo infantil,controles repetidos en ninos menores de 2 anos,2006-09-01,58,58,49,107
COLQUECHACA,nutricion y desarrollo infantil,controles repetidos en ninos menores de 2 anos,2006-09-01,299,299,267,566
COLQUENCHA,nutricion y desarrollo infantil,controles repetidos en ninos menores de 2 anos,2006-09-01,52,52,40,92
COLQUIRI,nutricion y desarrollo infantil,controles repetidos en ninos menores de 2 anos,2006-09-01,189,189,192,381
COMANCHE,nutricion y desarrollo infantil,controles repetidos en ninos menores de 2 anos,2006-09-01,16,16,15,31
COMARAPA,nutricion y desarrollo infantil,controles repetidos en ninos menores de 2 anos,2006-09-01,169,169,149,318
COMBAYA,nutricion y desarrollo infantil,controles repetidos en ninos menores de 2 anos,2006-09-01,16,16,15,31
CONCEPCION,nutricion y desarrollo infantil,controles repetidos en ninos menores de 2 anos,2006-09-01,74,74,75,149
COPACABANA,nutricion y desarrollo infantil,controles repetidos en ninos menores de 2 anos,2006-09-01,71,71,75,146
CORIPATA,nutricion y desarrollo infantil,controles repetidos en ninos menores de 2 anos,2006-09-01,93,93,94,187
CORO CORO,nutricion y desarrollo infantil,controles repetidos en ninos menores de 2 anos,2006-09-01,55,55,64,119
COROICO,nutricion y desarrollo infantil,controles repetidos en ninos menores de 2 anos,2006-09-01,133,133,88,221
CORQUE,nutricion y desarrollo infantil,controles repetidos en ninos menores de 2 anos,2006-09-01,40,40,45,85
COTAGAITA,nutricion y desarrollo infantil,controles repetidos en ninos menores de 2 anos,2006-09-01,248,248,230,478
COTOCA,nutricion y desarrollo infantil,controles repetidos en ninos menores de 2 anos,2006-09-01,270,270,253,523
CUATRO CAÑADAS,nutricion y desarrollo infantil,controles repetidos en ninos menores de 2 anos,2006-09-01,90,90,88,178
CUCHUMUELA (V. G. VILLARROEL),nutricion y desarrollo infantil,controles repetidos en ninos menores de 2 anos,2006-09-01,10,10,13,23
CUEVO,nutricion y desarrollo infantil,controles repetidos en ninos menores de 2 anos,2006-09-01,60,60,56,116
CULPINA,nutricion y desarrollo infantil,controles repetidos en ninos menores de 2 anos,2006-09-01,336,336,330,666
CURAHUARA DE CARANGAS,nutricion y desarrollo infantil,controles repetidos en ninos menores de 2 anos,2006-09-01,24,24,37,61
CURVA,nutricion y desarrollo infantil,controles repetidos en ninos menores de 2 anos,2006-09-01,24,24,18,42
DESAGUADERO,nutricion y desarrollo infantil,controles repetidos en ninos menores de 2 anos,2006-09-01,33,33,32,65
EL ALTO,nutricion y desarrollo infantil,controles repetidos en ninos menores de 2 anos,2006-09-01,3677,3677,3156,6833
EL CHORO,nutricion y desarrollo infantil,controles repetidos en ninos menores de 2 anos,2006-09-01,25,25,12,37
EL PUENTE(STC),nutricion y desarrollo infantil,controles repetidos en ninos menores de 2 anos,2006-09-01,176,176,172,348
EL PUENTE(TJA),nutricion y desarrollo infantil,controles repetidos en ninos menores de 2 anos,2006-09-01,86,86,82,168
EL TORNO,nutricion y desarrollo infantil,controles repetidos en ninos menores de 2 anos,2006-09-01,194,194,173,367
EL VILLAR,nutricion y desarrollo infantil,controles repetidos en ninos menores de 2 anos,2006-09-01,77,77,85,162
ENTRE RIOS,nutricion y desarrollo infantil,controles repetidos en ninos menores de 2 anos,2006-09-01,259,259,233,492
ENTRE RIOS,nutricion y desarrollo infantil,controles repetidos en ninos menores de 2 anos,2006-09-01,109,109,128,237
ESMERALDA,nutricion y desarrollo infantil,controles repetidos en ninos menores de 2 anos,2006-09-01,0,0,1,1
EUCALIPTUS,nutricion y desarrollo infantil,controles repetidos en ninos menores de 2 anos,2006-09-01,34,34,50,84
EUREKA (SANTOS MERCADO),nutricion y desarrollo infantil,controles repetidos en ninos menores de 2 anos,2006-09-01,15,15,28,43
EXALTACION,nutricion y desarrollo infantil,controles repetidos en ninos menores de 2 anos,2006-09-01,51,51,51,102
FERNANDEZ ALONSO,nutricion y desarrollo infantil,controles repetidos en ninos menores de 2 anos,2006-09-01,162,162,115,277
FILADELFIA,nutricion y desarrollo infantil,controles repetidos en ninos menores de 2 anos,2006-09-01,17,17,23,40
GENERAL SAAVEDRA,nutricion y desarrollo infantil,controles repetidos en ninos menores de 2 anos,2006-09-01,165,165,156,321
GRAL. J.J. PEREZ (CHARAZANI),nutricion y desarrollo infantil,controles repetidos en ninos menores de 2 anos,2006-09-01,130,130,122,252
GUANAY,nutricion y desarrollo infantil,controles repetidos en ninos menores de 2 anos,2006-09-01,132,132,112,244
GUAQUI,nutricion y desarrollo infantil,controles repetidos en ninos menores de 2 anos,2006-09-01,35,35,44,79
GUAYARAMERIN,nutricion y desarrollo infantil,controles repetidos en ninos menores de 2 anos,2006-09-01,430,430,401,831
GUTIERREZ,nutricion y desarrollo infantil,controles repetidos en ninos menores de 2 anos,2006-09-01,158,158,170,328
HUACARETA,nutricion y desarrollo infantil,controles repetidos en ninos menores de 2 anos,2006-09-01,125,125,124,249
HUACAYA (VILLA DE HUACAYA),nutricion y desarrollo infantil,controles repetidos en ninos menores de 2 anos,2006-09-01,28,28,29,57
HUACHACALLA,nutricion y desarrollo infantil,controles repetidos en ninos menores de 2 anos,2006-09-01,7,7,2,9
HUANUNI,nutricion y desarrollo infantil,controles repetidos en ninos menores de 2 anos,2006-09-01,197,197,159,356
HUARACAJE,nutricion y desarrollo infantil,controles repetidos en ninos menores de 2 anos,2006-09-01,43,43,28,71
HUAYLLAMARCA,nutricion y desarrollo infantil,controles repetidos en ninos menores de 2 anos,2006-09-01,46,46,47,93
ICHOCA,nutricion y desarrollo infantil,controles repetidos en ninos menores de 2 anos,2006-09-01,60,60,41,101
ICLA,nutricion y desarrollo infantil,controles repetidos en ninos menores de 2 anos,2006-09-01,194,194,210,404
INCAHUASI,nutricion y desarrollo infantil,controles repetidos en ninos menores de 2 anos,2006-09-01,310,310,338,648
INGAVI (HUMAITA),nutricion y desarrollo infantil,controles repetidos en ninos menores de 2 anos,2006-09-01,2,2,0,2
INQUISIVI,nutricion y desarrollo infantil,controles repetidos en ninos menores de 2 anos,2006-09-01,116,116,119,235
IRUPANA (VILLA DE LANZA),nutricion y desarrollo infantil,controles repetidos en ninos menores de 2 anos,2006-09-01,159,159,127,286
IXIAMAS,nutricion y desarrollo infantil,controles repetidos en ninos menores de 2 anos,2006-09-01,64,64,85,149
JESUS DE MACHACA,nutricion y desarrollo infantil,controles repetidos en ninos menores de 2 anos,2006-09-01,121,121,93,214
LA ASUNTA,nutricion y desarrollo infantil,controles repetidos en ninos menores de 2 anos,2006-09-01,167,167,162,329
LA GUARDIA,nutricion y desarrollo infantil,controles repetidos en ninos menores de 2 anos,2006-09-01,394,394,341,735
LA PAZ,nutricion y desarrollo infantil,controles repetidos en ninos menores de 2 anos,2006-09-01,3585,3585,3198,6783
LA RIVERA,nutricion y desarrollo infantil,controles repetidos en ninos menores de 2 anos,2006-09-01,1,1,1,2
LAGUNILLAS,nutricion y desarrollo infantil,controles repetidos en ninos menores de 2 anos,2006-09-01,102,102,93,195
LAJA,nutricion y desarrollo infantil,controles repetidos en ninos menores de 2 anos,2006-09-01,145,145,132,277
LAS CARRERAS,nutricion y desarrollo infantil,controles repetidos en ninos menores de 2 anos,2006-09-01,51,51,53,104
LICOMA PAMPA,nutricion y desarrollo infantil,controles repetidos en ninos menores de 2 anos,2006-09-01,46,46,40,86
LLALLAGUA,nutricion y desarrollo infantil,controles repetidos en ninos menores de 2 anos,2006-09-01,308,308,330,638
LLICA,nutricion y desarrollo infantil,controles repetidos en ninos menores de 2 anos,2006-09-01,29,29,23,52
LORETO,nutricion y desarrollo infantil,controles repetidos en ninos menores de 2 anos,2006-09-01,42,42,37,79
LURIBAY,nutricion y desarrollo infantil,controles repetidos en ninos menores de 2 anos,2006-09-01,102,102,115,217
MACHACAMARCA,nutricion y desarrollo infantil,controles repetidos en ninos menores de 2 anos,2006-09-01,15,15,12,27
MACHARETI,nutricion y desarrollo infantil,controles repetidos en ninos menores de 2 anos,2006-09-01,116,116,102,218
MAGDALENA,nutricion y desarrollo infantil,controles repetidos en ninos menores de 2 anos,2006-09-01,106,106,96,202
MAIRANA,nutricion y desarrollo infantil,controles repetidos en ninos menores de 2 anos,2006-09-01,94,94,93,187
MALLA,nutricion y desarrollo infantil,controles repetidos en ninos menores de 2 anos,2006-09-01,33,33,21,54
MAPIRI,nutricion y desarrollo infantil,controles repetidos en ninos menores de 2 anos,2006-09-01,126,126,115,241
MECAPACA,nutricion y desarrollo infantil,controles repetidos en ninos menores de 2 anos,2006-09-01,90,90,62,152
MINEROS,nutricion y desarrollo infantil,controles repetidos en ninos menores de 2 anos,2006-09-01,161,161,139,300
MIZQUE,nutricion y desarrollo infantil,controles repetidos en ninos menores de 2 anos,2006-09-01,201,201,189,390
MOCOMOCO,nutricion y desarrollo infantil,controles repetidos en ninos menores de 2 anos,2006-09-01,92,92,93,185
MOJINETE,nutricion y desarrollo infantil,controles repetidos en ninos menores de 2 anos,2006-09-01,8,8,7,15
MOJOCOYA,nutricion y desarrollo infantil,controles repetidos en ninos menores de 2 anos,2006-09-01,109,109,80,189
MONTEAGUDO,nutricion y desarrollo infantil,controles repetidos en ninos menores de 2 anos,2006-09-01,301,301,278,579
MONTERO,nutricion y desarrollo infantil,controles repetidos en ninos menores de 2 anos,2006-09-01,830,830,709,1539
MORO MORO,nutricion y desarrollo infantil,controles repetidos en ninos menores de 2 anos,2006-09-01,19,19,17,36
MOROCHATA,nutricion y desarrollo infantil,controles repetidos en ninos menores de 2 anos,2006-09-01,138,138,117,255
NACEBE (SANTA ROSA DEL ABUNA),nutricion y desarrollo infantil,controles repetidos en ninos menores de 2 anos,2006-09-01,17,17,23,40
NUEVO MANOA (NUEVA ESPERANZA),nutricion y desarrollo infantil,controles repetidos en ninos menores de 2 anos,2006-09-01,15,15,15,30
OCURI,nutricion y desarrollo infantil,controles repetidos en ninos menores de 2 anos,2006-09-01,272,272,291,563
OKINAWA,nutricion y desarrollo infantil,controles repetidos en ninos menores de 2 anos,2006-09-01,108,108,119,227
OMEREQUE,nutricion y desarrollo infantil,controles repetidos en ninos menores de 2 anos,2006-09-01,40,40,41,81
ORURO,nutricion y desarrollo infantil,controles repetidos en ninos menores de 2 anos,2006-09-01,1211,1211,1100,2311
PADCAYA,nutricion y desarrollo infantil,controles repetidos en ninos menores de 2 anos,2006-09-01,173,173,158,331
PADILLA,nutricion y desarrollo infantil,controles repetidos en ninos menores de 2 anos,2006-09-01,165,165,122,287
PAILON,nutricion y desarrollo infantil,controles repetidos en ninos menores de 2 anos,2006-09-01,134,134,115,249
PALCA,nutricion y desarrollo infantil,controles repetidos en ninos menores de 2 anos,2006-09-01,61,61,71,132
PALOS BLANCOS,nutricion y desarrollo infantil,controles repetidos en ninos menores de 2 anos,2006-09-01,293,293,260,553
PAMPA AULLAGAS,nutricion y desarrollo infantil,controles repetidos en ninos menores de 2 anos,2006-09-01,24,24,27,51
PAMPA GRANDE,nutricion y desarrollo infantil,controles repetidos en ninos menores de 2 anos,2006-09-01,64,64,57,121
PAPEL PAMPA,nutricion y desarrollo infantil,controles repetidos en ninos menores de 2 anos,2006-09-01,41,41,40,81
PASORAPA,nutricion y desarrollo infantil,controles repetidos en ninos menores de 2 anos,2006-09-01,37,37,32,69
PATACAMAYA,nutricion y desarrollo infantil,controles repetidos en ninos menores de 2 anos,2006-09-01,142,142,151,293
PAZÑA,nutricion y desarrollo infantil,controles repetidos en ninos menores de 2 anos,2006-09-01,37,37,40,77
PELECHUCO,nutricion y desarrollo infantil,controles repetidos en ninos menores de 2 anos,2006-09-01,44,44,39,83
POCOATA,nutricion y desarrollo infantil,controles repetidos en ninos menores de 2 anos,2006-09-01,225,225,236,461
POCONA,nutricion y desarrollo infantil,controles repetidos en ninos menores de 2 anos,2006-09-01,93,93,71,164
POJO (CBBA),nutricion y desarrollo infantil,controles repetidos en ninos menores de 2 anos,2006-09-01,123,123,118,241
POOPO,nutricion y desarrollo infantil,controles repetidos en ninos menores de 2 anos,2006-09-01,37,37,38,75
PORCO,nutricion y desarrollo infantil,controles repetidos en ninos menores de 2 anos,2006-09-01,85,85,86,171
POROMA,nutricion y desarrollo infantil,controles repetidos en ninos menores de 2 anos,2006-09-01,268,268,225,493
PORONGO,nutricion y desarrollo infantil,controles repetidos en ninos menores de 2 anos,2006-09-01,49,49,38,87
PORTACHUELO,nutricion y desarrollo infantil,controles repetidos en ninos menores de 2 anos,2006-09-01,206,206,197,403
PORVENIR,nutricion y desarrollo infantil,controles repetidos en ninos menores de 2 anos,2006-09-01,39,39,49,88
POSTRER VALLE,nutricion y desarrollo infantil,controles repetidos en ninos menores de 2 anos,2006-09-01,14,14,15,29
POTOSI,nutricion y desarrollo infantil,controles repetidos en ninos menores de 2 anos,2006-09-01,1092,1092,1053,2145
PRESTO,nutricion y desarrollo infantil,controles repetidos en ninos menores de 2 anos,2006-09-01,81,81,73,154
PUCARA,nutricion y desarrollo infantil,controles repetidos en ninos menores de 2 anos,2006-09-01,12,12,4,16
PUCARANI,nutricion y desarrollo infantil,controles repetidos en ninos menores de 2 anos,2006-09-01,169,169,184,353
PUERTO ACOSTA,nutricion y desarrollo infantil,controles repetidos en ninos menores de 2 anos,2006-09-01,174,174,177,351
PUERTO CARABUCO,nutricion y desarrollo infantil,controles repetidos en ninos menores de 2 anos,2006-09-01,143,143,113,256
PUERTO GONZALO MORENO,nutricion y desarrollo infantil,controles repetidos en ninos menores de 2 anos,2006-09-01,69,69,53,122
PUERTO PEREZ,nutricion y desarrollo infantil,controles repetidos en ninos menores de 2 anos,2006-09-01,49,49,35,84
PUERTO QUIJARRO,nutricion y desarrollo infantil,controles repetidos en ninos menores de 2 anos,2006-09-01,104,104,80,184
PUERTO RICO,nutricion y desarrollo infantil,controles repetidos en ninos menores de 2 anos,2006-09-01,78,78,91,169
PUERTO SILES,nutricion y desarrollo infantil,controles repetidos en ninos menores de 2 anos,2006-09-01,23,23,39,62
PUERTO SUAREZ,nutricion y desarrollo infantil,controles repetidos en ninos menores de 2 anos,2006-09-01,83,83,100,183
PUERTO VILLARROEL,nutricion y desarrollo infantil,controles repetidos en ninos menores de 2 anos,2006-09-01,248,248,449,697
PUNA,nutricion y desarrollo infantil,controles repetidos en ninos menores de 2 anos,2006-09-01,365,365,328,693
PUNATA,nutricion y desarrollo infantil,controles repetidos en ninos menores de 2 anos,2006-09-01,119,119,119,238
QUIABAYA,nutricion y desarrollo infantil,controles repetidos en ninos menores de 2 anos,2006-09-01,19,19,20,39
QUILLACOLLO,nutricion y desarrollo infantil,controles repetidos en ninos menores de 2 anos,2006-09-01,366,366,269,635
QUIME,nutricion y desarrollo infantil,controles repetidos en ninos menores de 2 anos,2006-09-01,64,64,66,130
QUIRUSILLAS,nutricion y desarrollo infantil,controles repetidos en ninos menores de 2 anos,2006-09-01,17,17,15,32
RAVELO,nutricion y desarrollo infantil,controles repetidos en ninos menores de 2 anos,2006-09-01,353,353,301,654
REYES,nutricion y desarrollo infantil,controles repetidos en ninos menores de 2 anos,2006-09-01,122,122,128,250
RIBERALTA,nutricion y desarrollo infantil,controles repetidos en ninos menores de 2 anos,2006-09-01,1052,1052,943,1995
ROBORE,nutricion y desarrollo infantil,controles repetidos en ninos menores de 2 anos,2006-09-01,128,128,129,257
RURRENABAQUE,nutricion y desarrollo infantil,controles repetidos en ninos menores de 2 anos,2006-09-01,138,138,124,262
SABAYA,nutricion y desarrollo infantil,controles repetidos en ninos menores de 2 anos,2006-09-01,34,34,27,61
SACABA,nutricion y desarrollo infantil,controles repetidos en ninos menores de 2 anos,2006-09-01,331,331,249,580
SACABAMBA,nutricion y desarrollo infantil,controles repetidos en ninos menores de 2 anos,2006-09-01,27,27,26,53
SACACA,nutricion y desarrollo infantil,controles repetidos en ninos menores de 2 anos,2006-09-01,301,301,300,601
SAIPINA,nutricion y desarrollo infantil,controles repetidos en ninos menores de 2 anos,2006-09-01,80,80,63,143
SALINAS DE GARCI MENDOZA,nutricion y desarrollo infantil,controles repetidos en ninos menores de 2 anos,2006-09-01,113,113,94,207
SAMAIPATA,nutricion y desarrollo infantil,controles repetidos en ninos menores de 2 anos,2006-09-01,69,69,57,126
SAN AGUSTIN,nutricion y desarrollo infantil,controles repetidos en ninos menores de 2 anos,2006-09-01,18,18,13,31
SAN ANDRES,nutricion y desarrollo infantil,controles repetidos en ninos menores de 2 anos,2006-09-01,91,91,77,168
SAN ANDRES DE MACHACA,nutricion y desarrollo infantil,controles repetidos en ninos menores de 2 anos,2006-09-01,32,32,21,53
SAN ANTONIO DE ESMORUCO,nutricion y desarrollo infantil,controles repetidos en ninos menores de 2 anos,2006-09-01,15,15,16,31
SAN ANTONIO DE LOMERIO,nutricion y desarrollo infantil,controles repetidos en ninos menores de 2 anos,2006-09-01,104,104,97,201
SAN BENITO,nutricion y desarrollo infantil,controles repetidos en ninos menores de 2 anos,2006-09-01,66,66,51,117
SAN BORJA,nutricion y desarrollo infantil,controles repetidos en ninos menores de 2 anos,2006-09-01,338,338,331,669
SAN BUENA VENTURA,nutricion y desarrollo infantil,controles repetidos en ninos menores de 2 anos,2006-09-01,39,39,39,78
SAN CARLOS,nutricion y desarrollo infantil,controles repetidos en ninos menores de 2 anos,2006-09-01,261,261,240,501
SAN IGNACIO,nutricion y desarrollo infantil,controles repetidos en ninos menores de 2 anos,2006-09-01,293,293,292,585
SAN IGNACIO DE VELASCO,nutricion y desarrollo infantil,controles repetidos en ninos menores de 2 anos,2006-09-01,555,555,501,1056
SAN JAVIER(BNI),nutricion y desarrollo infantil,controles repetidos en ninos menores de 2 anos,2006-09-01,29,29,27,56
SAN JAVIER(STC),nutricion y desarrollo infantil,controles repetidos en ninos menores de 2 anos,2006-09-01,105,105,111,216
SAN JOAQUIN,nutricion y desarrollo infantil,controles repetidos en ninos menores de 2 anos,2006-09-01,4,4,8,12
SAN JOSE DE CHIQUITOS,nutricion y desarrollo infantil,controles repetidos en ninos menores de 2 anos,2006-09-01,63,63,68,131
SAN JUAN DE YAPACANI,nutricion y desarrollo infantil,controles repetidos en ninos menores de 2 anos,2006-09-01,94,94,103,197
SAN JULIAN,nutricion y desarrollo infantil,controles repetidos en ninos menores de 2 anos,2006-09-01,213,213,181,394
SAN LORENZO(PND),nutricion y desarrollo infantil,controles repetidos en ninos menores de 2 anos,2006-09-01,39,39,27,66
SAN LORENZO(TJA),nutricion y desarrollo infantil,controles repetidos en ninos menores de 2 anos,2006-09-01,162,162,190,352
SAN LUCAS,nutricion y desarrollo infantil,controles repetidos en ninos menores de 2 anos,2006-09-01,740,740,662,1402
SAN MATIAS,nutricion y desarrollo infantil,controles repetidos en ninos menores de 2 anos,2006-09-01,112,112,105,217
SAN MIGUEL DE VELASCO,nutricion y desarrollo infantil,controles repetidos en ninos menores de 2 anos,2006-09-01,85,85,78,163
SAN PABLO DE LIPEZ,nutricion y desarrollo infantil,controles repetidos en ninos menores de 2 anos,2006-09-01,39,39,37,76
SAN PEDRO,nutricion y desarrollo infantil,controles repetidos en ninos menores de 2 anos,2006-09-01,153,153,138,291
SAN PEDRO DE BUENA VISTA,nutricion y desarrollo infantil,controles repetidos en ninos menores de 2 anos,2006-09-01,304,304,279,583
SAN PEDRO DE CURAHUARA,nutricion y desarrollo infantil,controles repetidos en ninos menores de 2 anos,2006-09-01,18,18,19,37
SAN PEDRO DE QUEMES,nutricion y desarrollo infantil,controles repetidos en ninos menores de 2 anos,2006-09-01,4,4,7,11
SAN PEDRO DE TIQUINA,nutricion y desarrollo infantil,controles repetidos en ninos menores de 2 anos,2006-09-01,20,20,23,43
SAN PEDRO(PND),nutricion y desarrollo infantil,controles repetidos en ninos menores de 2 anos,2006-09-01,4,4,7,11
SAN RAFAEL,nutricion y desarrollo infantil,controles repetidos en ninos menores de 2 anos,2006-09-01,57,57,59,116
SAN RAMON,nutricion y desarrollo infantil,controles repetidos en ninos menores de 2 anos,2006-09-01,42,42,44,86
SAN RAMON,nutricion y desarrollo infantil,controles repetidos en ninos menores de 2 anos,2006-09-01,52,52,45,97
SANTA ANA,nutricion y desarrollo infantil,controles repetidos en ninos menores de 2 anos,2006-09-01,118,118,115,233
SANTA CRUZ DE LA SIERRA,nutricion y desarrollo infantil,controles repetidos en ninos menores de 2 anos,2006-09-01,4665,4665,4129,8794
SANTA ROSA,nutricion y desarrollo infantil,controles repetidos en ninos menores de 2 anos,2006-09-01,93,93,78,171
SANTA ROSA DEL SARA,nutricion y desarrollo infantil,controles repetidos en ninos menores de 2 anos,2006-09-01,136,136,103,239
SANTIAGO DE CALLAPA,nutricion y desarrollo infantil,controles repetidos en ninos menores de 2 anos,2006-09-01,22,22,20,42
SANTIAGO DE HUARI,nutricion y desarrollo infantil,controles repetidos en ninos menores de 2 anos,2006-09-01,69,69,58,127
SANTIAGO DE MACHACA,nutricion y desarrollo infantil,controles repetidos en ninos menores de 2 anos,2006-09-01,28,28,9,37
SANTIVAÑES,nutricion y desarrollo infantil,controles repetidos en ninos menores de 2 anos,2006-09-01,74,74,102,176
SANTUARIO DE QUILLACAS,nutricion y desarrollo infantil,controles repetidos en ninos menores de 2 anos,2006-09-01,26,26,19,45
SAPAHAQUI,nutricion y desarrollo infantil,controles repetidos en ninos menores de 2 anos,2006-09-01,120,120,99,219
SENA,nutricion y desarrollo infantil,controles repetidos en ninos menores de 2 anos,2006-09-01,59,59,53,112
SICA SICA (VILLA AROMA),nutricion y desarrollo infantil,controles repetidos en ninos menores de 2 anos,2006-09-01,260,260,234,494
SICAYA,nutricion y desarrollo infantil,controles repetidos en ninos menores de 2 anos,2006-09-01,42,42,37,79
SIPE SIPE,nutricion y desarrollo infantil,controles repetidos en ninos menores de 2 anos,2006-09-01,211,211,169,380
SOPACHUY,nutricion y desarrollo infantil,controles repetidos en ninos menores de 2 anos,2006-09-01,153,153,157,310
SORACACHI,nutricion y desarrollo infantil,controles repetidos en ninos menores de 2 anos,2006-09-01,76,76,86,162
SORATA,nutricion y desarrollo infantil,controles repetidos en ninos menores de 2 anos,2006-09-01,99,99,82,181
SUCRE,nutricion y desarrollo infantil,controles repetidos en ninos menores de 2 anos,2006-09-01,1584,1584,1548,3132
TACACHI,nutricion y desarrollo infantil,controles repetidos en ninos menores de 2 anos,2006-09-01,10,10,6,16
TACACOMA,nutricion y desarrollo infantil,controles repetidos en ninos menores de 2 anos,2006-09-01,64,64,42,106
TACOBAMBA,nutricion y desarrollo infantil,controles repetidos en ninos menores de 2 anos,2006-09-01,104,104,107,211
TACOPAYA,nutricion y desarrollo infantil,controles repetidos en ninos menores de 2 anos,2006-09-01,105,105,110,215
TAHUA,nutricion y desarrollo infantil,controles repetidos en ninos menores de 2 anos,2006-09-01,7,7,7,14
TAPACARI,nutricion y desarrollo infantil,controles repetidos en ninos menores de 2 anos,2006-09-01,247,247,222,469
TARABUCO,nutricion y desarrollo infantil,controles repetidos en ninos menores de 2 anos,2006-09-01,330,330,315,645
TARACO,nutricion y desarrollo infantil,controles repetidos en ninos menores de 2 anos,2006-09-01,17,17,20,37
TARATA,nutricion y desarrollo infantil,controles repetidos en ninos menores de 2 anos,2006-09-01,67,67,68,135
TARIJA,nutricion y desarrollo infantil,controles repetidos en ninos menores de 2 anos,2006-09-01,966,966,897,1863
TARVITA,nutricion y desarrollo infantil,controles repetidos en ninos menores de 2 anos,2006-09-01,297,297,312,609
TEOPONTE,nutricion y desarrollo infantil,controles repetidos en ninos menores de 2 anos,2006-09-01,76,76,60,136
TIAWANACU,nutricion y desarrollo infantil,controles repetidos en ninos menores de 2 anos,2006-09-01,96,96,104,200
TINGUIPAYA,nutricion y desarrollo infantil,controles repetidos en ninos menores de 2 anos,2006-09-01,196,196,170,366
TIPUANI,nutricion y desarrollo infantil,controles repetidos en ninos menores de 2 anos,2006-09-01,72,72,50,122
TIQUIPAYA,nutricion y desarrollo infantil,controles repetidos en ninos menores de 2 anos,2006-09-01,131,131,94,225
TIRAQUE (CBBA),nutricion y desarrollo infantil,controles repetidos en ninos menores de 2 anos,2006-09-01,167,167,178,345
TITO YUPANQUI (PARQUIPUJIO),nutricion y desarrollo infantil,controles repetidos en ninos menores de 2 anos,2006-09-01,9,9,12,21
TOCO,nutricion y desarrollo infantil,controles repetidos en ninos menores de 2 anos,2006-09-01,20,20,17,37
TODOS SANTOS,nutricion y desarrollo infantil,controles repetidos en ninos menores de 2 anos,2006-09-01,2,2,1,3
TOLATA,nutricion y desarrollo infantil,controles repetidos en ninos menores de 2 anos,2006-09-01,21,21,13,34
TOLEDO,nutricion y desarrollo infantil,controles repetidos en ninos menores de 2 anos,2006-09-01,29,29,23,52
TOMAVE,nutricion y desarrollo infantil,controles repetidos en ninos menores de 2 anos,2006-09-01,87,87,70,157
TOMINA,nutricion y desarrollo infantil,controles repetidos en ninos menores de 2 anos,2006-09-01,200,200,170,370
TORO TORO,nutricion y desarrollo infantil,controles repetidos en ninos menores de 2 anos,2006-09-01,227,227,214,441
TOTORA(CBBA),nutricion y desarrollo infantil,controles repetidos en ninos menores de 2 anos,2006-09-01,119,119,84,203
TOTORA(ORR),nutricion y desarrollo infantil,controles repetidos en ninos menores de 2 anos,2006-09-01,26,26,23,49
TRIGAL,nutricion y desarrollo infantil,controles repetidos en ninos menores de 2 anos,2006-09-01,13,13,8,21
TRINIDAD,nutricion y desarrollo infantil,controles repetidos en ninos menores de 2 anos,2006-09-01,371,371,348,719
TUPIZA,nutricion y desarrollo infantil,controles repetidos en ninos menores de 2 anos,2006-09-01,437,437,380,817
TURCO,nutricion y desarrollo infantil,controles repetidos en ninos menores de 2 anos,2006-09-01,21,21,18,39
UMALA,nutricion y desarrollo infantil,controles repetidos en ninos menores de 2 anos,2006-09-01,59,59,49,108
UNCIA,nutricion y desarrollo infantil,controles repetidos en ninos menores de 2 anos,2006-09-01,172,172,171,343
URIONDO (A. CONCEPCION),nutricion y desarrollo infantil,controles repetidos en ninos menores de 2 anos,2006-09-01,195,195,179,374
URUBICHA,nutricion y desarrollo infantil,controles repetidos en ninos menores de 2 anos,2006-09-01,9,9,8,17
UYUNI,nutricion y desarrollo infantil,controles repetidos en ninos menores de 2 anos,2006-09-01,303,303,228,531
VACAS,nutricion y desarrollo infantil,controles repetidos en ninos menores de 2 anos,2006-09-01,68,68,44,112
VALLEGRANDE,nutricion y desarrollo infantil,controles repetidos en ninos menores de 2 anos,2006-09-01,111,111,124,235
VIACHA,nutricion y desarrollo infantil,controles repetidos en ninos menores de 2 anos,2006-09-01,203,203,191,394
VILA VILA,nutricion y desarrollo infantil,controles repetidos en ninos menores de 2 anos,2006-09-01,15,15,28,43
VILLA MONTES,nutricion y desarrollo infantil,controles repetidos en ninos menores de 2 anos,2006-09-01,135,135,107,242
VILLA NUEVA (LOMA ALTA),nutricion y desarrollo infantil,controles repetidos en ninos menores de 2 anos,2006-09-01,20,20,31,51
VILLA RIVERO,nutricion y desarrollo infantil,controles repetidos en ninos menores de 2 anos,2006-09-01,24,24,37,61
VILLA SERRANO,nutricion y desarrollo infantil,controles repetidos en ninos menores de 2 anos,2006-09-01,202,202,184,386
VILLA TUNARI,nutricion y desarrollo infantil,controles repetidos en ninos menores de 2 anos,2006-09-01,447,447,314,761
VILLA VACA GUZMAN (MUYUPAMPA),nutricion y desarrollo infantil,controles repetidos en ninos menores de 2 anos,2006-09-01,174,174,176,350
VILLAZON,nutricion y desarrollo infantil,controles repetidos en ninos menores de 2 anos,2006-09-01,334,334,315,649
VINTO,nutricion y desarrollo infantil,controles repetidos en ninos menores de 2 anos,2006-09-01,112,112,112,224
VITICHI,nutricion y desarrollo infantil,controles repetidos en ninos menores de 2 anos,2006-09-01,121,121,135,256
WALDO BALLIVIAN,nutricion y desarrollo infantil,controles repetidos en ninos menores de 2 anos,2006-09-01,14,14,18,32
WARNES,nutricion y desarrollo infantil,controles repetidos en ninos menores de 2 anos,2006-09-01,383,383,332,715
YACO,nutricion y desarrollo infantil,controles repetidos en ninos menores de 2 anos,2006-09-01,68,68,71,139
YACUIBA,nutricion y desarrollo infantil,controles repetidos en ninos menores de 2 anos,2006-09-01,289,289,409,698
YAMPARAEZ,nutricion y desarrollo infantil,controles repetidos en ninos menores de 2 anos,2006-09-01,149,149,142,291
YANACACHI,nutricion y desarrollo infantil,controles repetidos en ninos menores de 2 anos,2006-09-01,27,27,33,60
YAPACANI,nutricion y desarrollo infantil,controles repetidos en ninos menores de 2 anos,2006-09-01,440,440,444,884
YOCALLA,nutricion y desarrollo infantil,controles repetidos en ninos menores de 2 anos,2006-09-01,35,35,29,64
YOTALA,nutricion y desarrollo infantil,controles repetidos en ninos menores de 2 anos,2006-09-01,119,119,113,232
YUNCHARA,nutricion y desarrollo infantil,controles repetidos en ninos menores de 2 anos,2006-09-01,35,35,36,71
ZUDAÑEZ,nutricion y desarrollo infantil,controles repetidos en ninos menores de 2 anos,2006-09-01,134,134,104,238
ACACIO,nutricion y desarrollo infantil,controles repetidos en ninos menores de 2 anos,2006-10-01,132,132,108,240
ACHACACHI,nutricion y desarrollo infantil,controles repetidos en ninos menores de 2 anos,2006-10-01,372,372,364,736
ACHOCALLA,nutricion y desarrollo infantil,controles repetidos en ninos menores de 2 anos,2006-10-01,50,50,46,96
AIQUILE,nutricion y desarrollo infantil,controles repetidos en ninos menores de 2 anos,2006-10-01,51,51,50,101
ALCALA,nutricion y desarrollo infantil,controles repetidos en ninos menores de 2 anos,2006-10-01,59,59,54,113
ANCORAIMES,nutricion y desarrollo infantil,controles repetidos en ninos menores de 2 anos,2006-10-01,100,100,88,188
ANDAMARCA,nutricion y desarrollo infantil,controles repetidos en ninos menores de 2 anos,2006-10-01,27,27,14,41
ANTEQUERA,nutricion y desarrollo infantil,controles repetidos en ninos menores de 2 anos,2006-10-01,17,17,10,27
ANZALDO,nutricion y desarrollo infantil,controles repetidos en ninos menores de 2 anos,2006-10-01,5,5,5,10
APOLO,nutricion y desarrollo infantil,controles repetidos en ninos menores de 2 anos,2006-10-01,135,135,156,291
ARAMPAMPA,nutricion y desarrollo infantil,controles repetidos en ninos menores de 2 anos,2006-10-01,99,99,74,173
ARANI,nutricion y desarrollo infantil,controles repetidos en ninos menores de 2 anos,2006-10-01,52,52,51,103
ARBIETO,nutricion y desarrollo infantil,controles repetidos en ninos menores de 2 anos,2006-10-01,40,40,24,64
ARQUE,nutricion y desarrollo infantil,controles repetidos en ninos menores de 2 anos,2006-10-01,115,115,109,224
ASCENCION DE GUARAYOS,nutricion y desarrollo infantil,controles repetidos en ninos menores de 2 anos,2006-10-01,351,351,297,648
ATOCHA,nutricion y desarrollo infantil,controles repetidos en ninos menores de 2 anos,2006-10-01,133,133,131,264
AUCAPATA,nutricion y desarrollo infantil,controles repetidos en ninos menores de 2 anos,2006-10-01,36,36,40,76
AYATA,nutricion y desarrollo infantil,controles repetidos en ninos menores de 2 anos,2006-10-01,117,117,84,201
AYO AYO,nutricion y desarrollo infantil,controles repetidos en ninos menores de 2 anos,2006-10-01,49,49,51,100
AYOPAYA (V. DE INDEPENDENCIA),nutricion y desarrollo infantil,controles repetidos en ninos menores de 2 anos,2006-10-01,255,255,229,484
AZURDUY,nutricion y desarrollo infantil,controles repetidos en ninos menores de 2 anos,2006-10-01,268,268,228,496
BATALLAS,nutricion y desarrollo infantil,controles repetidos en ninos menores de 2 anos,2006-10-01,101,101,121,222
BAURES,nutricion y desarrollo infantil,controles repetidos en ninos menores de 2 anos,2006-10-01,61,61,67,128
BELEN DE ANDAMARCA,nutricion y desarrollo infantil,controles repetidos en ninos menores de 2 anos,2006-10-01,11,11,13,24
BELEN DE URMIRI,nutricion y desarrollo infantil,controles repetidos en ninos menores de 2 anos,2006-10-01,9,9,11,20
BELLA FLOR,nutricion y desarrollo infantil,controles repetidos en ninos menores de 2 anos,2006-10-01,42,42,25,67
BERMEJO,nutricion y desarrollo infantil,controles repetidos en ninos menores de 2 anos,2006-10-01,83,83,96,179
BETANZOS,nutricion y desarrollo infantil,controles repetidos en ninos menores de 2 anos,2006-10-01,295,295,313,608
BOLIVAR,nutricion y desarrollo infantil,controles repetidos en ninos menores de 2 anos,2006-10-01,141,141,129,270
BOLPEBRA,nutricion y desarrollo infantil,controles repetidos en ninos menores de 2 anos,2006-10-01,21,21,12,33
BOYUIBE,nutricion y desarrollo infantil,controles repetidos en ninos menores de 2 anos,2006-10-01,45,45,33,78
BUENA VISTA,nutricion y desarrollo infantil,controles repetidos en ninos menores de 2 anos,2006-10-01,111,111,155,266
CABEZAS,nutricion y desarrollo infantil,controles repetidos en ninos menores de 2 anos,2006-10-01,160,160,161,321
CAIROMA,nutricion y desarrollo infantil,controles repetidos en ninos menores de 2 anos,2006-10-01,169,169,141,310
"CAIZA ""D""",nutricion y desarrollo infantil,controles repetidos en ninos menores de 2 anos,2006-10-01,107,107,95,202
CAJUATA,nutricion y desarrollo infantil,controles repetidos en ninos menores de 2 anos,2006-10-01,115,115,113,228
CALACOTO,nutricion y desarrollo infantil,controles repetidos en ninos menores de 2 anos,2006-10-01,56,56,41,97
CALAMARCA,nutricion y desarrollo infantil,controles repetidos en ninos menores de 2 anos,2006-10-01,177,177,166,343
CAMARGO,nutricion y desarrollo infantil,controles repetidos en ninos menores de 2 anos,2006-10-01,228,228,246,474
CAMATAQUI (C. VILLA ABECIA),nutricion y desarrollo infantil,controles repetidos en ninos menores de 2 anos,2006-10-01,34,34,41,75
CAMIRI,nutricion y desarrollo infantil,controles repetidos en ninos menores de 2 anos,2006-10-01,237,237,238,475
CAPINOTA,nutricion y desarrollo infantil,controles repetidos en ninos menores de 2 anos,2006-10-01,126,126,139,265
CAQUIAVIRI,nutricion y desarrollo infantil,controles repetidos en ninos menores de 2 anos,2006-10-01,74,74,82,156
CARACOLLO,nutricion y desarrollo infantil,controles repetidos en ninos menores de 2 anos,2006-10-01,103,103,134,237
CARANAVI,nutricion y desarrollo infantil,controles repetidos en ninos menores de 2 anos,2006-10-01,615,615,607,1222
CARANGAS,nutricion y desarrollo infantil,controles repetidos en ninos menores de 2 anos,2006-10-01,1,1,0,1
CARAPARI,nutricion y desarrollo infantil,controles repetidos en ninos menores de 2 anos,2006-10-01,124,124,114,238
CARIPUYO,nutricion y desarrollo infantil,controles repetidos en ninos menores de 2 anos,2006-10-01,120,120,99,219
CARMEN RIVERO TORREZ,nutricion y desarrollo infantil,controles repetidos en ninos menores de 2 anos,2006-10-01,36,36,24,60
CATACORA,nutricion y desarrollo infantil,controles repetidos en ninos menores de 2 anos,2006-10-01,1,1,0,1
CHACARILLA,nutricion y desarrollo infantil,controles repetidos en ninos menores de 2 anos,2006-10-01,14,14,11,25
CHALLAPATA,nutricion y desarrollo infantil,controles repetidos en ninos menores de 2 anos,2006-10-01,192,192,187,379
CHAQUI,nutricion y desarrollo infantil,controles repetidos en ninos menores de 2 anos,2006-10-01,61,61,63,124
CHARAGUA,nutricion y desarrollo infantil,controles repetidos en ninos menores de 2 anos,2006-10-01,345,345,299,644
CHARAÑA,nutricion y desarrollo infantil,controles repetidos en ninos menores de 2 anos,2006-10-01,14,14,25,39
CHAYANTA,nutricion y desarrollo infantil,controles repetidos en ninos menores de 2 anos,2006-10-01,181,181,182,363
CHIMORE,nutricion y desarrollo infantil,controles repetidos en ninos menores de 2 anos,2006-10-01,43,43,54,97
CHIPAYA,nutricion y desarrollo infantil,controles repetidos en ninos menores de 2 anos,2006-10-01,9,9,9,18
CHOQUE COTA,nutricion y desarrollo infantil,controles repetidos en ninos menores de 2 anos,2006-10-01,2,2,2,4
CHULUMANI (V. DE LA LIBERTAD),nutricion y desarrollo infantil,controles repetidos en ninos menores de 2 anos,2006-10-01,58,58,65,123
CHUMA,nutricion y desarrollo infantil,controles repetidos en ninos menores de 2 anos,2006-10-01,74,74,57,131
CLIZA,nutricion y desarrollo infantil,controles repetidos en ninos menores de 2 anos,2006-10-01,139,139,129,268
COBIJA,nutricion y desarrollo infantil,controles repetidos en ninos menores de 2 anos,2006-10-01,350,350,354,704
COCHABAMBA,nutricion y desarrollo infantil,controles repetidos en ninos menores de 2 anos,2006-10-01,1988,1988,1912,3900
COIPASA,nutricion y desarrollo infantil,controles repetidos en ninos menores de 2 anos,2006-10-01,2,2,1,3
COLCAPIRHUA,nutricion y desarrollo infantil,controles repetidos en ninos menores de 2 anos,2006-10-01,117,117,97,214
"COLCHA ""K""",nutricion y desarrollo infantil,controles repetidos en ninos menores de 2 anos,2006-10-01,96,96,82,178
COLLANA,nutricion y desarrollo infantil,controles repetidos en ninos menores de 2 anos,2006-10-01,17,17,19,36
COLOMI,nutricion y desarrollo infantil,controles repetidos en ninos menores de 2 anos,2006-10-01,126,126,109,235
COLPA BELGICA,nutricion y desarrollo infantil,controles repetidos en ninos menores de 2 anos,2006-10-01,72,72,55,127
COLQUECHACA,nutricion y desarrollo infantil,controles repetidos en ninos menores de 2 anos,2006-10-01,236,236,247,483
COLQUENCHA,nutricion y desarrollo infantil,controles repetidos en ninos menores de 2 anos,2006-10-01,72,72,70,142
COLQUIRI,nutricion y desarrollo infantil,controles repetidos en ninos menores de 2 anos,2006-10-01,161,161,157,318
COMANCHE,nutricion y desarrollo infantil,controles repetidos en ninos menores de 2 anos,2006-10-01,8,8,7,15
COMARAPA,nutricion y desarrollo infantil,controles repetidos en ninos menores de 2 anos,2006-10-01,159,159,155,314
COMBAYA,nutricion y desarrollo infantil,controles repetidos en ninos menores de 2 anos,2006-10-01,13,13,16,29
CONCEPCION,nutricion y desarrollo infantil,controles repetidos en ninos menores de 2 anos,2006-10-01,127,127,105,232
COPACABANA,nutricion y desarrollo infantil,controles repetidos en ninos menores de 2 anos,2006-10-01,120,120,128,248
CORIPATA,nutricion y desarrollo infantil,controles repetidos en ninos menores de 2 anos,2006-10-01,147,147,90,237
CORO CORO,nutricion y desarrollo infantil,controles repetidos en ninos menores de 2 anos,2006-10-01,67,67,79,146
COROICO,nutricion y desarrollo infantil,controles repetidos en ninos menores de 2 anos,2006-10-01,85,85,61,146
CORQUE,nutricion y desarrollo infantil,controles repetidos en ninos menores de 2 anos,2006-10-01,30,30,33,63
COTAGAITA,nutricion y desarrollo infantil,controles repetidos en ninos menores de 2 anos,2006-10-01,303,303,318,621
COTOCA,nutricion y desarrollo infantil,controles repetidos en ninos menores de 2 anos,2006-10-01,301,301,278,579
CUATRO CAÑADAS,nutricion y desarrollo infantil,controles repetidos en ninos menores de 2 anos,2006-10-01,98,98,72,170
CUCHUMUELA (V. G. VILLARROEL),nutricion y desarrollo infantil,controles repetidos en ninos menores de 2 anos,2006-10-01,25,25,11,36
CUEVO,nutricion y desarrollo infantil,controles repetidos en ninos menores de 2 anos,2006-10-01,52,52,77,129
CULPINA,nutricion y desarrollo infantil,controles repetidos en ninos menores de 2 anos,2006-10-01,333,333,270,603
CURAHUARA DE CARANGAS,nutricion y desarrollo infantil,controles repetidos en ninos menores de 2 anos,2006-10-01,46,46,40,86
CURVA,nutricion y desarrollo infantil,controles repetidos en ninos menores de 2 anos,2006-10-01,17,17,15,32
DESAGUADERO,nutricion y desarrollo infantil,controles repetidos en ninos menores de 2 anos,2006-10-01,21,21,12,33
EL ALTO,nutricion y desarrollo infantil,controles repetidos en ninos menores de 2 anos,2006-10-01,3495,3495,3074,6569
EL CHORO,nutricion y desarrollo infantil,controles repetidos en ninos menores de 2 anos,2006-10-01,17,17,13,30
EL PUENTE(STC),nutricion y desarrollo infantil,controles repetidos en ninos menores de 2 anos,2006-10-01,179,179,155,334
EL PUENTE(TJA),nutricion y desarrollo infantil,controles repetidos en ninos menores de 2 anos,2006-10-01,75,75,74,149
EL TORNO,nutricion y desarrollo infantil,controles repetidos en ninos menores de 2 anos,2006-10-01,259,259,258,517
EL VILLAR,nutricion y desarrollo infantil,controles repetidos en ninos menores de 2 anos,2006-10-01,90,90,82,172
ENTRE RIOS,nutricion y desarrollo infantil,controles repetidos en ninos menores de 2 anos,2006-10-01,167,167,156,323
ENTRE RIOS,nutricion y desarrollo infantil,controles repetidos en ninos menores de 2 anos,2006-10-01,142,142,122,264
ESCARA,nutricion y desarrollo infantil,controles repetidos en ninos menores de 2 anos,2006-10-01,0,0,2,2
ESMERALDA,nutricion y desarrollo infantil,controles repetidos en ninos menores de 2 anos,2006-10-01,0,0,1,1
EUCALIPTUS,nutricion y desarrollo infantil,controles repetidos en ninos menores de 2 anos,2006-10-01,19,19,24,43
EUREKA (SANTOS MERCADO),nutricion y desarrollo infantil,controles repetidos en ninos menores de 2 anos,2006-10-01,3,3,7,10
EXALTACION,nutricion y desarrollo infantil,controles repetidos en ninos menores de 2 anos,2006-10-01,13,13,14,27
FERNANDEZ ALONSO,nutricion y desarrollo infantil,controles repetidos en ninos menores de 2 anos,2006-10-01,177,177,152,329
FILADELFIA,nutricion y desarrollo infantil,controles repetidos en ninos menores de 2 anos,2006-10-01,31,31,40,71
GENERAL SAAVEDRA,nutricion y desarrollo infantil,controles repetidos en ninos menores de 2 anos,2006-10-01,165,165,179,344
GRAL. J.J. PEREZ (CHARAZANI),nutricion y desarrollo infantil,controles repetidos en ninos menores de 2 anos,2006-10-01,94,94,63,157
GUANAY,nutricion y desarrollo infantil,controles repetidos en ninos menores de 2 anos,2006-10-01,65,65,47,112
GUAQUI,nutricion y desarrollo infantil,controles repetidos en ninos menores de 2 anos,2006-10-01,48,48,54,102
GUAYARAMERIN,nutricion y desarrollo infantil,controles repetidos en ninos menores de 2 anos,2006-10-01,373,373,414,787
GUTIERREZ,nutricion y desarrollo infantil,controles repetidos en ninos menores de 2 anos,2006-10-01,141,141,157,298
HUACARETA,nutricion y desarrollo infantil,controles repetidos en ninos menores de 2 anos,2006-10-01,152,152,142,294
HUACAYA (VILLA DE HUACAYA),nutricion y desarrollo infantil,controles repetidos en ninos menores de 2 anos,2006-10-01,50,50,49,99
HUACHACALLA,nutricion y desarrollo infantil,controles repetidos en ninos menores de 2 anos,2006-10-01,3,3,1,4
HUANUNI,nutricion y desarrollo infantil,controles repetidos en ninos menores de 2 anos,2006-10-01,225,225,215,440
HUARACAJE,nutricion y desarrollo infantil,controles repetidos en ninos menores de 2 anos,2006-10-01,39,39,44,83
HUAYLLAMARCA,nutricion y desarrollo infantil,controles repetidos en ninos menores de 2 anos,2006-10-01,34,34,30,64
ICHOCA,nutricion y desarrollo infantil,controles repetidos en ninos menores de 2 anos,2006-10-01,50,50,39,89
ICLA,nutricion y desarrollo infantil,controles repetidos en ninos menores de 2 anos,2006-10-01,188,188,204,392
INCAHUASI,nutricion y desarrollo infantil,controles repetidos en ninos menores de 2 anos,2006-10-01,276,276,279,555
INGAVI (HUMAITA),nutricion y desarrollo infantil,controles repetidos en ninos menores de 2 anos,2006-10-01,16,16,12,28
INQUISIVI,nutricion y desarrollo infantil,controles repetidos en ninos menores de 2 anos,2006-10-01,164,164,139,303
IRUPANA (VILLA DE LANZA),nutricion y desarrollo infantil,controles repetidos en ninos menores de 2 anos,2006-10-01,146,146,153,299
IXIAMAS,nutricion y desarrollo infantil,controles repetidos en ninos menores de 2 anos,2006-10-01,105,105,104,209
JESUS DE MACHACA,nutricion y desarrollo infantil,controles repetidos en ninos menores de 2 anos,2006-10-01,102,102,100,202
LA ASUNTA,nutricion y desarrollo infantil,controles repetidos en ninos menores de 2 anos,2006-10-01,168,168,140,308
LA GUARDIA,nutricion y desarrollo infantil,controles repetidos en ninos menores de 2 anos,2006-10-01,367,367,335,702
LA PAZ,nutricion y desarrollo infantil,controles repetidos en ninos menores de 2 anos,2006-10-01,3347,3347,3150,6497
LA RIVERA,nutricion y desarrollo infantil,controles repetidos en ninos menores de 2 anos,2006-10-01,1,1,1,2
LAGUNILLAS,nutricion y desarrollo infantil,controles repetidos en ninos menores de 2 anos,2006-10-01,104,104,106,210
LAJA,nutricion y desarrollo infantil,controles repetidos en ninos menores de 2 anos,2006-10-01,140,140,142,282
LAS CARRERAS,nutricion y desarrollo infantil,controles repetidos en ninos menores de 2 anos,2006-10-01,56,56,51,107
LICOMA PAMPA,nutricion y desarrollo infantil,controles repetidos en ninos menores de 2 anos,2006-10-01,18,18,33,51
LLALLAGUA,nutricion y desarrollo infantil,controles repetidos en ninos menores de 2 anos,2006-10-01,362,362,372,734
LLICA,nutricion y desarrollo infantil,controles repetidos en ninos menores de 2 anos,2006-10-01,47,47,45,92
LORETO,nutricion y desarrollo infantil,controles repetidos en ninos menores de 2 anos,2006-10-01,34,34,22,56
LURIBAY,nutricion y desarrollo infantil,controles repetidos en ninos menores de 2 anos,2006-10-01,107,107,83,190
MACHACAMARCA,nutricion y desarrollo infantil,controles repetidos en ninos menores de 2 anos,2006-10-01,16,16,23,39
MACHARETI,nutricion y desarrollo infantil,controles repetidos en ninos menores de 2 anos,2006-10-01,149,149,128,277
MAGDALENA,nutricion y desarrollo infantil,controles repetidos en ninos menores de 2 anos,2006-10-01,108,108,92,200
MAIRANA,nutricion y desarrollo infantil,controles repetidos en ninos menores de 2 anos,2006-10-01,108,108,92,200
MALLA,nutricion y desarrollo infantil,controles repetidos en ninos menores de 2 anos,2006-10-01,34,34,24,58
MAPIRI,nutricion y desarrollo infantil,controles repetidos en ninos menores de 2 anos,2006-10-01,213,213,189,402
MECAPACA,nutricion y desarrollo infantil,controles repetidos en ninos menores de 2 anos,2006-10-01,90,90,60,150
MINEROS,nutricion y desarrollo infantil,controles repetidos en ninos menores de 2 anos,2006-10-01,277,277,231,508
MIZQUE,nutricion y desarrollo infantil,controles repetidos en ninos menores de 2 anos,2006-10-01,211,211,191,402
MOCOMOCO,nutricion y desarrollo infantil,controles repetidos en ninos menores de 2 anos,2006-10-01,129,129,119,248
MOJINETE,nutricion y desarrollo infantil,controles repetidos en ninos menores de 2 anos,2006-10-01,5,5,5,10
MOJOCOYA,nutricion y desarrollo infantil,controles repetidos en ninos menores de 2 anos,2006-10-01,101,101,94,195
MONTEAGUDO,nutricion y desarrollo infantil,controles repetidos en ninos menores de 2 anos,2006-10-01,337,337,326,663
MONTERO,nutricion y desarrollo infantil,controles repetidos en ninos menores de 2 anos,2006-10-01,947,947,900,1847
MORO MORO,nutricion y desarrollo infantil,controles repetidos en ninos menores de 2 anos,2006-10-01,26,26,22,48
MOROCHATA,nutricion y desarrollo infantil,controles repetidos en ninos menores de 2 anos,2006-10-01,135,135,98,233
NACEBE (SANTA ROSA DEL ABUNA),nutricion y desarrollo infantil,controles repetidos en ninos menores de 2 anos,2006-10-01,11,11,8,19
NUEVO MANOA (NUEVA ESPERANZA),nutricion y desarrollo infantil,controles repetidos en ninos menores de 2 anos,2006-10-01,4,4,2,6
OCURI,nutricion y desarrollo infantil,controles repetidos en ninos menores de 2 anos,2006-10-01,208,208,172,380
OKINAWA,nutricion y desarrollo infantil,controles repetidos en ninos menores de 2 anos,2006-10-01,138,138,188,326
OMEREQUE,nutricion y desarrollo infantil,controles repetidos en ninos menores de 2 anos,2006-10-01,44,44,53,97
ORURO,nutricion y desarrollo infantil,controles repetidos en ninos menores de 2 anos,2006-10-01,1489,1489,1294,2783
PADCAYA,nutricion y desarrollo infantil,controles repetidos en ninos menores de 2 anos,2006-10-01,198,198,191,389
PADILLA,nutricion y desarrollo infantil,controles repetidos en ninos menores de 2 anos,2006-10-01,188,188,181,369
PAILON,nutricion y desarrollo infantil,controles repetidos en ninos menores de 2 anos,2006-10-01,167,167,140,307
PALCA,nutricion y desarrollo infantil,controles repetidos en ninos menores de 2 anos,2006-10-01,105,105,86,191
PALOS BLANCOS,nutricion y desarrollo infantil,controles repetidos en ninos menores de 2 anos,2006-10-01,328,328,315,643
PAMPA AULLAGAS,nutricion y desarrollo infantil,controles repetidos en ninos menores de 2 anos,2006-10-01,35,35,27,62
PAMPA GRANDE,nutricion y desarrollo infantil,controles repetidos en ninos menores de 2 anos,2006-10-01,66,66,77,143
PAPEL PAMPA,nutricion y desarrollo infantil,controles repetidos en ninos menores de 2 anos,2006-10-01,32,32,26,58
PASORAPA,nutricion y desarrollo infantil,controles repetidos en ninos menores de 2 anos,2006-10-01,49,49,49,98
PATACAMAYA,nutricion y desarrollo infantil,controles repetidos en ninos menores de 2 anos,2006-10-01,257,257,212,469
PAZÑA,nutricion y desarrollo infantil,controles repetidos en ninos menores de 2 anos,2006-10-01,40,40,34,74
PELECHUCO,nutricion y desarrollo infantil,controles repetidos en ninos menores de 2 anos,2006-10-01,47,47,35,82
POCOATA,nutricion y desarrollo infantil,controles repetidos en ninos menores de 2 anos,2006-10-01,225,225,235,460
POCONA,nutricion y desarrollo infantil,controles repetidos en ninos menores de 2 anos,2006-10-01,74,74,47,121
POJO (CBBA),nutricion y desarrollo infantil,controles repetidos en ninos menores de 2 anos,2006-10-01,85,85,61,146
POOPO,nutricion y desarrollo infantil,controles repetidos en ninos menores de 2 anos,2006-10-01,26,26,29,55
PORCO,nutricion y desarrollo infantil,controles repetidos en ninos menores de 2 anos,2006-10-01,61,61,81,142
POROMA,nutricion y desarrollo infantil,controles repetidos en ninos menores de 2 anos,2006-10-01,203,203,199,402
PORONGO,nutricion y desarrollo infantil,controles repetidos en ninos menores de 2 anos,2006-10-01,49,49,57,106
PORTACHUELO,nutricion y desarrollo infantil,controles repetidos en ninos menores de 2 anos,2006-10-01,275,275,225,500
PORVENIR,nutricion y desarrollo infantil,controles repetidos en ninos menores de 2 anos,2006-10-01,69,69,58,127
POSTRER VALLE,nutricion y desarrollo infantil,controles repetidos en ninos menores de 2 anos,2006-10-01,20,20,23,43
POTOSI,nutricion y desarrollo infantil,controles repetidos en ninos menores de 2 anos,2006-10-01,1309,1309,1240,2549
PRESTO,nutricion y desarrollo infantil,controles repetidos en ninos menores de 2 anos,2006-10-01,121,121,101,222
PUCARA,nutricion y desarrollo infantil,controles repetidos en ninos menores de 2 anos,2006-10-01,27,27,21,48
PUCARANI,nutricion y desarrollo infantil,controles repetidos en ninos menores de 2 anos,2006-10-01,208,208,232,440
PUERTO ACOSTA,nutricion y desarrollo infantil,controles repetidos en ninos menores de 2 anos,2006-10-01,161,161,131,292
PUERTO CARABUCO,nutricion y desarrollo infantil,controles repetidos en ninos menores de 2 anos,2006-10-01,132,132,125,257
PUERTO GONZALO MORENO,nutricion y desarrollo infantil,controles repetidos en ninos menores de 2 anos,2006-10-01,100,100,89,189
PUERTO PEREZ,nutricion y desarrollo infantil,controles repetidos en ninos menores de 2 anos,2006-10-01,33,33,37,70
PUERTO QUIJARRO,nutricion y desarrollo infantil,controles repetidos en ninos menores de 2 anos,2006-10-01,24,24,21,45
PUERTO RICO,nutricion y desarrollo infantil,controles repetidos en ninos menores de 2 anos,2006-10-01,70,70,57,127
PUERTO SILES,nutricion y desarrollo infantil,controles repetidos en ninos menores de 2 anos,2006-10-01,1,1,6,7
PUERTO SUAREZ,nutricion y desarrollo infantil,controles repetidos en ninos menores de 2 anos,2006-10-01,76,76,66,142
PUERTO VILLARROEL,nutricion y desarrollo infantil,controles repetidos en ninos menores de 2 anos,2006-10-01,157,157,191,348
PUNA,nutricion y desarrollo infantil,controles repetidos en ninos menores de 2 anos,2006-10-01,257,257,255,512
PUNATA,nutricion y desarrollo infantil,controles repetidos en ninos menores de 2 anos,2006-10-01,177,177,127,304
QUIABAYA,nutricion y desarrollo infantil,controles repetidos en ninos menores de 2 anos,2006-10-01,16,16,22,38
QUILLACOLLO,nutricion y desarrollo infantil,controles repetidos en ninos menores de 2 anos,2006-10-01,372,372,321,693
QUIME,nutricion y desarrollo infantil,controles repetidos en ninos menores de 2 anos,2006-10-01,118,118,111,229
QUIRUSILLAS,nutricion y desarrollo infantil,controles repetidos en ninos menores de 2 anos,2006-10-01,27,27,19,46
RAVELO,nutricion y desarrollo infantil,controles repetidos en ninos menores de 2 anos,2006-10-01,379,379,362,741
REYES,nutricion y desarrollo infantil,controles repetidos en ninos menores de 2 anos,2006-10-01,131,131,167,298
RIBERALTA,nutricion y desarrollo infantil,controles repetidos en ninos menores de 2 anos,2006-10-01,908,908,858,1766
ROBORE,nutricion y desarrollo infantil,controles repetidos en ninos menores de 2 anos,2006-10-01,78,78,87,165
RURRENABAQUE,nutricion y desarrollo infantil,controles repetidos en ninos menores de 2 anos,2006-10-01,98,98,102,200
SABAYA,nutricion y desarrollo infantil,controles repetidos en ninos menores de 2 anos,2006-10-01,34,34,28,62
SACABA,nutricion y desarrollo infantil,controles repetidos en ninos menores de 2 anos,2006-10-01,302,302,237,539
SACABAMBA,nutricion y desarrollo infantil,controles repetidos en ninos menores de 2 anos,2006-10-01,22,22,23,45
SACACA,nutricion y desarrollo infantil,controles repetidos en ninos menores de 2 anos,2006-10-01,290,290,292,582
SAIPINA,nutricion y desarrollo infantil,controles repetidos en ninos menores de 2 anos,2006-10-01,72,72,60,132
SALINAS DE GARCI MENDOZA,nutricion y desarrollo infantil,controles repetidos en ninos menores de 2 anos,2006-10-01,55,55,54,109
SAMAIPATA,nutricion y desarrollo infantil,controles repetidos en ninos menores de 2 anos,2006-10-01,98,98,59,157
SAN AGUSTIN,nutricion y desarrollo infantil,controles repetidos en ninos menores de 2 anos,2006-10-01,31,31,16,47
SAN ANDRES,nutricion y desarrollo infantil,controles repetidos en ninos menores de 2 anos,2006-10-01,105,105,90,195
SAN ANDRES DE MACHACA,nutricion y desarrollo infantil,controles repetidos en ninos menores de 2 anos,2006-10-01,35,35,26,61
SAN ANTONIO DE ESMORUCO,nutricion y desarrollo infantil,controles repetidos en ninos menores de 2 anos,2006-10-01,11,11,16,27
SAN ANTONIO DE LOMERIO,nutricion y desarrollo infantil,controles repetidos en ninos menores de 2 anos,2006-10-01,113,113,124,237
SAN BENITO,nutricion y desarrollo infantil,controles repetidos en ninos menores de 2 anos,2006-10-01,72,72,58,130
SAN BORJA,nutricion y desarrollo infantil,controles repetidos en ninos menores de 2 anos,2006-10-01,411,411,396,807
SAN BUENA VENTURA,nutricion y desarrollo infantil,controles repetidos en ninos menores de 2 anos,2006-10-01,45,45,45,90
SAN CARLOS,nutricion y desarrollo infantil,controles repetidos en ninos menores de 2 anos,2006-10-01,259,259,247,506
SAN IGNACIO,nutricion y desarrollo infantil,controles repetidos en ninos menores de 2 anos,2006-10-01,245,245,206,451
SAN IGNACIO DE VELASCO,nutricion y desarrollo infantil,controles repetidos en ninos menores de 2 anos,2006-10-01,453,453,430,883
SAN JAVIER(BNI),nutricion y desarrollo infantil,controles repetidos en ninos menores de 2 anos,2006-10-01,26,26,16,42
SAN JAVIER(STC),nutricion y desarrollo infantil,controles repetidos en ninos menores de 2 anos,2006-10-01,129,129,140,269
SAN JOAQUIN,nutricion y desarrollo infantil,controles repetidos en ninos menores de 2 anos,2006-10-01,4,4,3,7
SAN JOSE DE CHIQUITOS,nutricion y desarrollo infantil,controles repetidos en ninos menores de 2 anos,2006-10-01,82,82,100,182
SAN JUAN DE YAPACANI,nutricion y desarrollo infantil,controles repetidos en ninos menores de 2 anos,2006-10-01,117,117,140,257
SAN JULIAN,nutricion y desarrollo infantil,controles repetidos en ninos menores de 2 anos,2006-10-01,140,140,166,306
SAN LORENZO(PND),nutricion y desarrollo infantil,controles repetidos en ninos menores de 2 anos,2006-10-01,72,72,56,128
SAN LORENZO(TJA),nutricion y desarrollo infantil,controles repetidos en ninos menores de 2 anos,2006-10-01,191,191,204,395
SAN LUCAS,nutricion y desarrollo infantil,controles repetidos en ninos menores de 2 anos,2006-10-01,616,616,547,1163
SAN MATIAS,nutricion y desarrollo infantil,controles repetidos en ninos menores de 2 anos,2006-10-01,96,96,78,174
SAN MIGUEL DE VELASCO,nutricion y desarrollo infantil,controles repetidos en ninos menores de 2 anos,2006-10-01,143,143,132,275
SAN PABLO DE LIPEZ,nutricion y desarrollo infantil,controles repetidos en ninos menores de 2 anos,2006-10-01,23,23,19,42
SAN PEDRO,nutricion y desarrollo infantil,controles repetidos en ninos menores de 2 anos,2006-10-01,187,187,162,349
SAN PEDRO DE BUENA VISTA,nutricion y desarrollo infantil,controles repetidos en ninos menores de 2 anos,2006-10-01,233,233,263,496
SAN PEDRO DE CURAHUARA,nutricion y desarrollo infantil,controles repetidos en ninos menores de 2 anos,2006-10-01,43,43,37,80
SAN PEDRO DE QUEMES,nutricion y desarrollo infantil,controles repetidos en ninos menores de 2 anos,2006-10-01,0,0,10,10
SAN PEDRO DE TIQUINA,nutricion y desarrollo infantil,controles repetidos en ninos menores de 2 anos,2006-10-01,16,16,21,37
SAN PEDRO(PND),nutricion y desarrollo infantil,controles repetidos en ninos menores de 2 anos,2006-10-01,16,16,26,42
SAN RAFAEL,nutricion y desarrollo infantil,controles repetidos en ninos menores de 2 anos,2006-10-01,63,63,61,124
SAN RAMON,nutricion y desarrollo infantil,controles repetidos en ninos menores de 2 anos,2006-10-01,52,52,46,98
SAN RAMON,nutricion y desarrollo infantil,controles repetidos en ninos menores de 2 anos,2006-10-01,48,48,60,108
SANTA ANA,nutricion y desarrollo infantil,controles repetidos en ninos menores de 2 anos,2006-10-01,106,106,69,175
SANTA CRUZ DE LA SIERRA,nutricion y desarrollo infantil,controles repetidos en ninos menores de 2 anos,2006-10-01,5245,5245,4897,10142
SANTA ROSA,nutricion y desarrollo infantil,controles repetidos en ninos menores de 2 anos,2006-10-01,117,117,100,217
SANTA ROSA DEL SARA,nutricion y desarrollo infantil,controles repetidos en ninos menores de 2 anos,2006-10-01,198,198,190,388
SANTIAGO DE CALLAPA,nutricion y desarrollo infantil,controles repetidos en ninos menores de 2 anos,2006-10-01,35,35,45,80
SANTIAGO DE HUARI,nutricion y desarrollo infantil,controles repetidos en ninos menores de 2 anos,2006-10-01,47,47,41,88
SANTIAGO DE MACHACA,nutricion y desarrollo infantil,controles repetidos en ninos menores de 2 anos,2006-10-01,22,22,21,43
SANTIVAÑES,nutricion y desarrollo infantil,controles repetidos en ninos menores de 2 anos,2006-10-01,48,48,53,101
SANTUARIO DE QUILLACAS,nutricion y desarrollo infantil,controles repetidos en ninos menores de 2 anos,2006-10-01,10,10,15,25
SAPAHAQUI,nutricion y desarrollo infantil,controles repetidos en ninos menores de 2 anos,2006-10-01,109,109,93,202
SENA,nutricion y desarrollo infantil,controles repetidos en ninos menores de 2 anos,2006-10-01,3,3,5,8
SICA SICA (VILLA AROMA),nutricion y desarrollo infantil,controles repetidos en ninos menores de 2 anos,2006-10-01,202,202,187,389
SICAYA,nutricion y desarrollo infantil,controles repetidos en ninos menores de 2 anos,2006-10-01,35,35,28,63
SIPE SIPE,nutricion y desarrollo infantil,controles repetidos en ninos menores de 2 anos,2006-10-01,147,147,133,280
SOPACHUY,nutricion y desarrollo infantil,controles repetidos en ninos menores de 2 anos,2006-10-01,173,173,174,347
SORACACHI,nutricion y desarrollo infantil,controles repetidos en ninos menores de 2 anos,2006-10-01,56,56,68,124
SORATA,nutricion y desarrollo infantil,controles repetidos en ninos menores de 2 anos,2006-10-01,96,96,89,185
SUCRE,nutricion y desarrollo infantil,controles repetidos en ninos menores de 2 anos,2006-10-01,1756,1756,1632,3388
TACACHI,nutricion y desarrollo infantil,controles repetidos en ninos menores de 2 anos,2006-10-01,6,6,6,12
TACACOMA,nutricion y desarrollo infantil,controles repetidos en ninos menores de 2 anos,2006-10-01,44,44,36,80
TACOBAMBA,nutricion y desarrollo infantil,controles repetidos en ninos menores de 2 anos,2006-10-01,84,84,79,163
TACOPAYA,nutricion y desarrollo infantil,controles repetidos en ninos menores de 2 anos,2006-10-01,134,134,126,260
TAHUA,nutricion y desarrollo infantil,controles repetidos en ninos menores de 2 anos,2006-10-01,14,14,10,24
TAPACARI,nutricion y desarrollo infantil,controles repetidos en ninos menores de 2 anos,2006-10-01,272,272,259,531
TARABUCO,nutricion y desarrollo infantil,controles repetidos en ninos menores de 2 anos,2006-10-01,370,370,354,724
TARACO,nutricion y desarrollo infantil,controles repetidos en ninos menores de 2 anos,2006-10-01,37,37,26,63
TARATA,nutricion y desarrollo infantil,controles repetidos en ninos menores de 2 anos,2006-10-01,57,57,56,113
TARIJA,nutricion y desarrollo infantil,controles repetidos en ninos menores de 2 anos,2006-10-01,1110,1110,951,2061
TARVITA,nutricion y desarrollo infantil,controles repetidos en ninos menores de 2 anos,2006-10-01,216,216,174,390
TEOPONTE,nutricion y desarrollo infantil,controles repetidos en ninos menores de 2 anos,2006-10-01,88,88,90,178
TIAWANACU,nutricion y desarrollo infantil,controles repetidos en ninos menores de 2 anos,2006-10-01,97,97,95,192
TINGUIPAYA,nutricion y desarrollo infantil,controles repetidos en ninos menores de 2 anos,2006-10-01,146,146,150,296
TIPUANI,nutricion y desarrollo infantil,controles repetidos en ninos menores de 2 anos,2006-10-01,81,81,73,154
TIQUIPAYA,nutricion y desarrollo infantil,controles repetidos en ninos menores de 2 anos,2006-10-01,80,80,61,141
TIRAQUE (CBBA),nutricion y desarrollo infantil,controles repetidos en ninos menores de 2 anos,2006-10-01,188,188,157,345
TITO YUPANQUI (PARQUIPUJIO),nutricion y desarrollo infantil,controles repetidos en ninos menores de 2 anos,2006-10-01,8,8,17,25
TOCO,nutricion y desarrollo infantil,controles repetidos en ninos menores de 2 anos,2006-10-01,28,28,20,48
TODOS SANTOS,nutricion y desarrollo infantil,controles repetidos en ninos menores de 2 anos,2006-10-01,2,2,0,2
TOLATA,nutricion y desarrollo infantil,controles repetidos en ninos menores de 2 anos,2006-10-01,27,27,23,50
TOLEDO,nutricion y desarrollo infantil,controles repetidos en ninos menores de 2 anos,2006-10-01,29,29,21,50
TOMAVE,nutricion y desarrollo infantil,controles repetidos en ninos menores de 2 anos,2006-10-01,77,77,67,144
TOMINA,nutricion y desarrollo infantil,controles repetidos en ninos menores de 2 anos,2006-10-01,205,205,179,384
TORO TORO,nutricion y desarrollo infantil,controles repetidos en ninos menores de 2 anos,2006-10-01,144,144,156,300
TOTORA(CBBA),nutricion y desarrollo infantil,controles repetidos en ninos menores de 2 anos,2006-10-01,116,116,101,217
TOTORA(ORR),nutricion y desarrollo infantil,controles repetidos en ninos menores de 2 anos,2006-10-01,19,19,35,54
TRIGAL,nutricion y desarrollo infantil,controles repetidos en ninos menores de 2 anos,2006-10-01,18,18,12,30
TRINIDAD,nutricion y desarrollo infantil,controles repetidos en ninos menores de 2 anos,2006-10-01,385,385,392,777
TUPIZA,nutricion y desarrollo infantil,controles repetidos en ninos menores de 2 anos,2006-10-01,361,361,315,676
TURCO,nutricion y desarrollo infantil,controles repetidos en ninos menores de 2 anos,2006-10-01,19,19,20,39
UMALA,nutricion y desarrollo infantil,controles repetidos en ninos menores de 2 anos,2006-10-01,48,48,39,87
UNCIA,nutricion y desarrollo infantil,controles repetidos en ninos menores de 2 anos,2006-10-01,143,143,124,267
URIONDO (A. CONCEPCION),nutricion y desarrollo infantil,controles repetidos en ninos menores de 2 anos,2006-10-01,189,189,157,346
URUBICHA,nutricion y desarrollo infantil,controles repetidos en ninos menores de 2 anos,2006-10-01,137,137,157,294
UYUNI,nutricion y desarrollo infantil,controles repetidos en ninos menores de 2 anos,2006-10-01,259,259,228,487
VACAS,nutricion y desarrollo infantil,controles repetidos en ninos menores de 2 anos,2006-10-01,76,76,75,151
VALLEGRANDE,nutricion y desarrollo infantil,controles repetidos en ninos menores de 2 anos,2006-10-01,156,156,140,296
VIACHA,nutricion y desarrollo infantil,controles repetidos en ninos menores de 2 anos,2006-10-01,185,185,207,392
VILA VILA,nutricion y desarrollo infantil,controles repetidos en ninos menores de 2 anos,2006-10-01,48,48,53,101
VILLA MONTES,nutricion y desarrollo infantil,controles repetidos en ninos menores de 2 anos,2006-10-01,123,123,119,242
VILLA NUEVA (LOMA ALTA),nutricion y desarrollo infantil,controles repetidos en ninos menores de 2 anos,2006-10-01,2,2,6,8
VILLA RIVERO,nutricion y desarrollo infantil,controles repetidos en ninos menores de 2 anos,2006-10-01,45,45,47,92
VILLA SERRANO,nutricion y desarrollo infantil,controles repetidos en ninos menores de 2 anos,2006-10-01,194,194,188,382
VILLA TUNARI,nutricion y desarrollo infantil,controles repetidos en ninos menores de 2 anos,2006-10-01,475,475,458,933
VILLA VACA GUZMAN (MUYUPAMPA),nutricion y desarrollo infantil,controles repetidos en ninos menores de 2 anos,2006-10-01,149,149,155,304
VILLAZON,nutricion y desarrollo infantil,controles repetidos en ninos menores de 2 anos,2006-10-01,357,357,332,689
VINTO,nutricion y desarrollo infantil,controles repetidos en ninos menores de 2 anos,2006-10-01,146,146,119,265
VITICHI,nutricion y desarrollo infantil,controles repetidos en ninos menores de 2 anos,2006-10-01,192,192,192,384
WALDO BALLIVIAN,nutricion y desarrollo infantil,controles repetidos en ninos menores de 2 anos,2006-10-01,20,20,23,43
WARNES,nutricion y desarrollo infantil,controles repetidos en ninos menores de 2 anos,2006-10-01,551,551,489,1040
YACO,nutricion y desarrollo infantil,controles repetidos en ninos menores de 2 anos,2006-10-01,89,89,78,167
YACUIBA,nutricion y desarrollo infantil,controles repetidos en ninos menores de 2 anos,2006-10-01,434,434,449,883
YAMPARAEZ,nutricion y desarrollo infantil,controles repetidos en ninos menores de 2 anos,2006-10-01,175,175,157,332
YANACACHI,nutricion y desarrollo infantil,controles repetidos en ninos menores de 2 anos,2006-10-01,41,41,37,78
YAPACANI,nutricion y desarrollo infantil,controles repetidos en ninos menores de 2 anos,2006-10-01,213,213,483,696
YOCALLA,nutricion y desarrollo infantil,controles repetidos en ninos menores de 2 anos,2006-10-01,62,62,43,105
YOTALA,nutricion y desarrollo infantil,controles repetidos en ninos menores de 2 anos,2006-10-01,110,110,104,214
YUNCHARA,nutricion y desarrollo infantil,controles repetidos en ninos menores de 2 anos,2006-10-01,72,72,70,142
ZUDAÑEZ,nutricion y desarrollo infantil,controles repetidos en ninos menores de 2 anos,2006-10-01,135,135,108,243
ACACIO,nutricion y desarrollo infantil,controles repetidos en ninos menores de 2 anos,2006-11-01,111,111,105,216
ACHACACHI,nutricion y desarrollo infantil,controles repetidos en ninos menores de 2 anos,2006-11-01,257,257,299,556
ACHOCALLA,nutricion y desarrollo infantil,controles repetidos en ninos menores de 2 anos,2006-11-01,31,31,33,64
AIQUILE,nutricion y desarrollo infantil,controles repetidos en ninos menores de 2 anos,2006-11-01,75,75,83,158
ALCALA,nutricion y desarrollo infantil,controles repetidos en ninos menores de 2 anos,2006-11-01,63,63,56,119
ANCORAIMES,nutricion y desarrollo infantil,controles repetidos en ninos menores de 2 anos,2006-11-01,103,103,96,199
ANDAMARCA,nutricion y desarrollo infantil,controles repetidos en ninos menores de 2 anos,2006-11-01,26,26,18,44
ANTEQUERA,nutricion y desarrollo infantil,controles repetidos en ninos menores de 2 anos,2006-11-01,56,56,52,108
ANZALDO,nutricion y desarrollo infantil,controles repetidos en ninos menores de 2 anos,2006-11-01,23,23,23,46
APOLO,nutricion y desarrollo infantil,controles repetidos en ninos menores de 2 anos,2006-11-01,141,141,123,264
ARAMPAMPA,nutricion y desarrollo infantil,controles repetidos en ninos menores de 2 anos,2006-11-01,105,105,75,180
ARANI,nutricion y desarrollo infantil,controles repetidos en ninos menores de 2 anos,2006-11-01,25,25,25,50
ARBIETO,nutricion y desarrollo infantil,controles repetidos en ninos menores de 2 anos,2006-11-01,22,22,19,41
ARQUE,nutricion y desarrollo infantil,controles repetidos en ninos menores de 2 anos,2006-11-01,156,156,132,288
ATOCHA,nutricion y desarrollo infantil,controles repetidos en ninos menores de 2 anos,2006-11-01,127,127,141,268
AUCAPATA,nutricion y desarrollo infantil,controles repetidos en ninos menores de 2 anos,2006-11-01,48,48,25,73
AYATA,nutricion y desarrollo infantil,controles repetidos en ninos menores de 2 anos,2006-11-01,106,106,84,190
AYO AYO,nutricion y desarrollo infantil,controles repetidos en ninos menores de 2 anos,2006-11-01,49,49,63,112
AYOPAYA (V. DE INDEPENDENCIA),nutricion y desarrollo infantil,controles repetidos en ninos menores de 2 anos,2006-11-01,231,231,219,450
AZURDUY,nutricion y desarrollo infantil,controles repetidos en ninos menores de 2 anos,2006-11-01,249,249,240,489
BATALLAS,nutricion y desarrollo infantil,controles repetidos en ninos menores de 2 anos,2006-11-01,140,140,120,260
BAURES,nutricion y desarrollo infantil,controles repetidos en ninos menores de 2 anos,2006-11-01,49,49,49,98
BELEN DE ANDAMARCA,nutricion y desarrollo infantil,controles repetidos en ninos menores de 2 anos,2006-11-01,7,7,8,15
BELEN DE URMIRI,nutricion y desarrollo infantil,controles repetidos en ninos menores de 2 anos,2006-11-01,20,20,15,35
BELLA FLOR,nutricion y desarrollo infantil,controles repetidos en ninos menores de 2 anos,2006-11-01,52,52,35,87
BERMEJO,nutricion y desarrollo infantil,controles repetidos en ninos menores de 2 anos,2006-11-01,63,63,54,117
BETANZOS,nutricion y desarrollo infantil,controles repetidos en ninos menores de 2 anos,2006-11-01,413,413,437,850
BOLIVAR,nutricion y desarrollo infantil,controles repetidos en ninos menores de 2 anos,2006-11-01,142,142,124,266
BOLPEBRA,nutricion y desarrollo infantil,controles repetidos en ninos menores de 2 anos,2006-11-01,16,16,15,31
BOYUIBE,nutricion y desarrollo infantil,controles repetidos en ninos menores de 2 anos,2006-11-01,41,41,28,69
BUENA VISTA,nutricion y desarrollo infantil,controles repetidos en ninos menores de 2 anos,2006-11-01,192,192,155,347
CABEZAS,nutricion y desarrollo infantil,controles repetidos en ninos menores de 2 anos,2006-11-01,187,187,143,330
CAIROMA,nutricion y desarrollo infantil,controles repetidos en ninos menores de 2 anos,2006-11-01,131,131,136,267
"CAIZA ""D""",nutricion y desarrollo infantil,controles repetidos en ninos menores de 2 anos,2006-11-01,116,116,103,219
CAJUATA,nutricion y desarrollo infantil,controles repetidos en ninos menores de 2 anos,2006-11-01,136,136,128,264
CALACOTO,nutricion y desarrollo infantil,controles repetidos en ninos menores de 2 anos,2006-11-01,49,49,44,93
CALAMARCA,nutricion y desarrollo infantil,controles repetidos en ninos menores de 2 anos,2006-11-01,167,167,163,330
CAMARGO,nutricion y desarrollo infantil,controles repetidos en ninos menores de 2 anos,2006-11-01,247,247,229,476
CAMATAQUI (C. VILLA ABECIA),nutricion y desarrollo infantil,controles repetidos en ninos menores de 2 anos,2006-11-01,41,41,51,92
CAMIRI,nutricion y desarrollo infantil,controles repetidos en ninos menores de 2 anos,2006-11-01,206,206,203,409
CAPINOTA,nutricion y desarrollo infantil,controles repetidos en ninos menores de 2 anos,2006-11-01,105,105,118,223
CAQUIAVIRI,nutricion y desarrollo infantil,controles repetidos en ninos menores de 2 anos,2006-11-01,69,69,84,153
CARACOLLO,nutricion y desarrollo infantil,controles repetidos en ninos menores de 2 anos,2006-11-01,75,75,74,149
CARANAVI,nutricion y desarrollo infantil,controles repetidos en ninos menores de 2 anos,2006-11-01,538,538,541,1079
CARAPARI,nutricion y desarrollo infantil,controles repetidos en ninos menores de 2 anos,2006-11-01,115,115,124,239
CARIPUYO,nutricion y desarrollo infantil,controles repetidos en ninos menores de 2 anos,2006-11-01,134,134,117,251
CARMEN RIVERO TORREZ,nutricion y desarrollo infantil,controles repetidos en ninos menores de 2 anos,2006-11-01,23,23,23,46
CATACORA,nutricion y desarrollo infantil,controles repetidos en ninos menores de 2 anos,2006-11-01,2,2,0,2
CHACARILLA,nutricion y desarrollo infantil,controles repetidos en ninos menores de 2 anos,2006-11-01,14,14,10,24
CHALLAPATA,nutricion y desarrollo infantil,controles repetidos en ninos menores de 2 anos,2006-11-01,214,214,196,410
CHAQUI,nutricion y desarrollo infantil,controles repetidos en ninos menores de 2 anos,2006-11-01,65,65,61,126
CHARAGUA,nutricion y desarrollo infantil,controles repetidos en ninos menores de 2 anos,2006-11-01,243,243,254,497
CHARAÑA,nutricion y desarrollo infantil,controles repetidos en ninos menores de 2 anos,2006-11-01,20,20,22,42
CHAYANTA,nutricion y desarrollo infantil,controles repetidos en ninos menores de 2 anos,2006-11-01,133,133,146,279
CHIMORE,nutricion y desarrollo infantil,controles repetidos en ninos menores de 2 anos,2006-11-01,12,12,14,26
CHIPAYA,nutricion y desarrollo infantil,controles repetidos en ninos menores de 2 anos,2006-11-01,2,2,17,19
CHOQUE COTA,nutricion y desarrollo infantil,controles repetidos en ninos menores de 2 anos,2006-11-01,11,11,8,19
CHULUMANI (V. DE LA LIBERTAD),nutricion y desarrollo infantil,controles repetidos en ninos menores de 2 anos,2006-11-01,93,93,135,228
CHUMA,nutricion y desarrollo infantil,controles repetidos en ninos menores de 2 anos,2006-11-01,125,125,116,241
CLIZA,nutricion y desarrollo infantil,controles repetidos en ninos menores de 2 anos,2006-11-01,184,184,127,311
COBIJA,nutricion y desarrollo infantil,controles repetidos en ninos menores de 2 anos,2006-11-01,319,319,328,647
COCHABAMBA,nutricion y desarrollo infantil,controles repetidos en ninos menores de 2 anos,2006-11-01,2105,2105,1950,4055
COIPASA,nutricion y desarrollo infantil,controles repetidos en ninos menores de 2 anos,2006-11-01,5,5,4,9
COLCAPIRHUA,nutricion y desarrollo infantil,controles repetidos en ninos menores de 2 anos,2006-11-01,103,103,110,213
"COLCHA ""K""",nutricion y desarrollo infantil,controles repetidos en ninos menores de 2 anos,2006-11-01,122,122,93,215
COLLANA,nutricion y desarrollo infantil,controles repetidos en ninos menores de 2 anos,2006-11-01,19,19,6,25
COLOMI,nutricion y desarrollo infantil,controles repetidos en ninos menores de 2 anos,2006-11-01,143,143,105,248
COLPA BELGICA,nutricion y desarrollo infantil,controles repetidos en ninos menores de 2 anos,2006-11-01,84,84,73,157
COLQUECHACA,nutricion y desarrollo infantil,controles repetidos en ninos menores de 2 anos,2006-11-01,188,188,177,365
COLQUENCHA,nutricion y desarrollo infantil,controles repetidos en ninos menores de 2 anos,2006-11-01,71,71,55,126
COLQUIRI,nutricion y desarrollo infantil,controles repetidos en ninos menores de 2 anos,2006-11-01,147,147,169,316
COMANCHE,nutricion y desarrollo infantil,controles repetidos en ninos menores de 2 anos,2006-11-01,11,11,18,29
COMARAPA,nutricion y desarrollo infantil,controles repetidos en ninos menores de 2 anos,2006-11-01,171,171,167,338
COMBAYA,nutricion y desarrollo infantil,controles repetidos en ninos menores de 2 anos,2006-11-01,17,17,19,36
CONCEPCION,nutricion y desarrollo infantil,controles repetidos en ninos menores de 2 anos,2006-11-01,134,134,127,261
COPACABANA,nutricion y desarrollo infantil,controles repetidos en ninos menores de 2 anos,2006-11-01,99,99,119,218
CORIPATA,nutricion y desarrollo infantil,controles repetidos en ninos menores de 2 anos,2006-11-01,126,126,116,242
CORO CORO,nutricion y desarrollo infantil,controles repetidos en ninos menores de 2 anos,2006-11-01,68,68,80,148
COROICO,nutricion y desarrollo infantil,controles repetidos en ninos menores de 2 anos,2006-11-01,154,154,161,315
CORQUE,nutricion y desarrollo infantil,controles repetidos en ninos menores de 2 anos,2006-11-01,51,51,42,93
COTAGAITA,nutricion y desarrollo infantil,controles repetidos en ninos menores de 2 anos,2006-11-01,276,276,299,575
COTOCA,nutricion y desarrollo infantil,controles repetidos en ninos menores de 2 anos,2006-11-01,324,324,279,603
CUATRO CAÑADAS,nutricion y desarrollo infantil,controles repetidos en ninos menores de 2 anos,2006-11-01,109,109,94,203
CUCHUMUELA (V. G. VILLARROEL),nutricion y desarrollo infantil,controles repetidos en ninos menores de 2 anos,2006-11-01,16,16,14,30
CUEVO,nutricion y desarrollo infantil,controles repetidos en ninos menores de 2 anos,2006-11-01,41,41,52,93
CULPINA,nutricion y desarrollo infantil,controles repetidos en ninos menores de 2 anos,2006-11-01,350,350,317,667
CURAHUARA DE CARANGAS,nutricion y desarrollo infantil,controles repetidos en ninos menores de 2 anos,2006-11-01,50,50,44,94
CURVA,nutricion y desarrollo infantil,controles repetidos en ninos menores de 2 anos,2006-11-01,16,16,7,23
DESAGUADERO,nutricion y desarrollo infantil,controles repetidos en ninos menores de 2 anos,2006-11-01,39,39,22,61
EL ALTO,nutricion y desarrollo infantil,controles repetidos en ninos menores de 2 anos,2006-11-01,3773,3773,3403,7176
EL CHORO,nutricion y desarrollo infantil,controles repetidos en ninos menores de 2 anos,2006-11-01,22,22,13,35
EL PUENTE(STC),nutricion y desarrollo infantil,controles repetidos en ninos menores de 2 anos,2006-11-01,231,231,189,420
EL PUENTE(TJA),nutricion y desarrollo infantil,controles repetidos en ninos menores de 2 anos,2006-11-01,96,96,82,178
EL TORNO,nutricion y desarrollo infantil,controles repetidos en ninos menores de 2 anos,2006-11-01,212,212,182,394
EL VILLAR,nutricion y desarrollo infantil,controles repetidos en ninos menores de 2 anos,2006-11-01,89,89,89,178
ENTRE RIOS,nutricion y desarrollo infantil,controles repetidos en ninos menores de 2 anos,2006-11-01,155,155,127,282
ENTRE RIOS,nutricion y desarrollo infantil,controles repetidos en ninos menores de 2 anos,2006-11-01,230,230,231,461
ESCARA,nutricion y desarrollo infantil,controles repetidos en ninos menores de 2 anos,2006-11-01,0,0,1,1
ESMERALDA,nutricion y desarrollo infantil,controles repetidos en ninos menores de 2 anos,2006-11-01,3,3,3,6
EUCALIPTUS,nutricion y desarrollo infantil,controles repetidos en ninos menores de 2 anos,2006-11-01,52,52,52,104
EUREKA (SANTOS MERCADO),nutricion y desarrollo infantil,controles repetidos en ninos menores de 2 anos,2006-11-01,20,20,26,46
EXALTACION,nutricion y desarrollo infantil,controles repetidos en ninos menores de 2 anos,2006-11-01,51,51,45,96
FERNANDEZ ALONSO,nutricion y desarrollo infantil,controles repetidos en ninos menores de 2 anos,2006-11-01,161,161,121,282
FILADELFIA,nutricion y desarrollo infantil,controles repetidos en ninos menores de 2 anos,2006-11-01,36,36,31,67
GENERAL SAAVEDRA,nutricion y desarrollo infantil,controles repetidos en ninos menores de 2 anos,2006-11-01,186,186,139,325
GRAL. J.J. PEREZ (CHARAZANI),nutricion y desarrollo infantil,controles repetidos en ninos menores de 2 anos,2006-11-01,116,116,91,207
GUANAY,nutricion y desarrollo infantil,controles repetidos en ninos menores de 2 anos,2006-11-01,146,146,121,267
GUAQUI,nutricion y desarrollo infantil,controles repetidos en ninos menores de 2 anos,2006-11-01,68,68,43,111
GUAYARAMERIN,nutricion y desarrollo infantil,controles repetidos en ninos menores de 2 anos,2006-11-01,467,467,437,904
GUTIERREZ,nutricion y desarrollo infantil,controles repetidos en ninos menores de 2 anos,2006-11-01,164,164,164,328
HUACARETA,nutricion y desarrollo infantil,controles repetidos en ninos menores de 2 anos,2006-11-01,129,129,136,265
HUACAYA (VILLA DE HUACAYA),nutricion y desarrollo infantil,controles repetidos en ninos menores de 2 anos,2006-11-01,57,57,57,114
HUACHACALLA,nutricion y desarrollo infantil,controles repetidos en ninos menores de 2 anos,2006-11-01,18,18,8,26
HUANUNI,nutricion y desarrollo infantil,controles repetidos en ninos menores de 2 anos,2006-11-01,233,233,189,422
HUARACAJE,nutricion y desarrollo infantil,controles repetidos en ninos menores de 2 anos,2006-11-01,14,14,10,24
HUAYLLAMARCA,nutricion y desarrollo infantil,controles repetidos en ninos menores de 2 anos,2006-11-01,33,33,34,67
ICHOCA,nutricion y desarrollo infantil,controles repetidos en ninos menores de 2 anos,2006-11-01,54,54,54,108
ICLA,nutricion y desarrollo infantil,controles repetidos en ninos menores de 2 anos,2006-11-01,197,197,201,398
INCAHUASI,nutricion y desarrollo infantil,controles repetidos en ninos menores de 2 anos,2006-11-01,279,279,330,609
INGAVI (HUMAITA),nutricion y desarrollo infantil,controles repetidos en ninos menores de 2 anos,2006-11-01,1,1,2,3
INQUISIVI,nutricion y desarrollo infantil,controles repetidos en ninos menores de 2 anos,2006-11-01,171,171,173,344
IRUPANA (VILLA DE LANZA),nutricion y desarrollo infantil,controles repetidos en ninos menores de 2 anos,2006-11-01,123,123,126,249
IXIAMAS,nutricion y desarrollo infantil,controles repetidos en ninos menores de 2 anos,2006-11-01,114,114,115,229
JESUS DE MACHACA,nutricion y desarrollo infantil,controles repetidos en ninos menores de 2 anos,2006-11-01,83,83,92,175
LA ASUNTA,nutricion y desarrollo infantil,controles repetidos en ninos menores de 2 anos,2006-11-01,215,215,170,385
LA GUARDIA,nutricion y desarrollo infantil,controles repetidos en ninos menores de 2 anos,2006-11-01,424,424,382,806
LA PAZ,nutricion y desarrollo infantil,controles repetidos en ninos menores de 2 anos,2006-11-01,3405,3405,3147,6552
LAGUNILLAS,nutricion y desarrollo infantil,controles repetidos en ninos menores de 2 anos,2006-11-01,110,110,114,224
LAJA,nutricion y desarrollo infantil,controles repetidos en ninos menores de 2 anos,2006-11-01,143,143,72,215
LAS CARRERAS,nutricion y desarrollo infantil,controles repetidos en ninos menores de 2 anos,2006-11-01,57,57,50,107
LICOMA PAMPA,nutricion y desarrollo infantil,controles repetidos en ninos menores de 2 anos,2006-11-01,29,29,36,65
LLALLAGUA,nutricion y desarrollo infantil,controles repetidos en ninos menores de 2 anos,2006-11-01,308,308,283,591
LLICA,nutricion y desarrollo infantil,controles repetidos en ninos menores de 2 anos,2006-11-01,40,40,34,74
LORETO,nutricion y desarrollo infantil,controles repetidos en ninos menores de 2 anos,2006-11-01,32,32,19,51
LURIBAY,nutricion y desarrollo infantil,controles repetidos en ninos menores de 2 anos,2006-11-01,85,85,74,159
MACHACAMARCA,nutricion y desarrollo infantil,controles repetidos en ninos menores de 2 anos,2006-11-01,28,28,31,59
MACHARETI,nutricion y desarrollo infantil,controles repetidos en ninos menores de 2 anos,2006-11-01,141,141,127,268
MAGDALENA,nutricion y desarrollo infantil,controles repetidos en ninos menores de 2 anos,2006-11-01,84,84,84,168
MAIRANA,nutricion y desarrollo infantil,controles repetidos en ninos menores de 2 anos,2006-11-01,80,80,80,160
MALLA,nutricion y desarrollo infantil,controles repetidos en ninos menores de 2 anos,2006-11-01,39,39,27,66
MAPIRI,nutricion y desarrollo infantil,controles repetidos en ninos menores de 2 anos,2006-11-01,167,167,167,334
MECAPACA,nutricion y desarrollo infantil,controles repetidos en ninos menores de 2 anos,2006-11-01,85,85,48,133
MINEROS,nutricion y desarrollo infantil,controles repetidos en ninos menores de 2 anos,2006-11-01,224,224,204,428
MIZQUE,nutricion y desarrollo infantil,controles repetidos en ninos menores de 2 anos,2006-11-01,184,184,179,363
MOCOMOCO,nutricion y desarrollo infantil,controles repetidos en ninos menores de 2 anos,2006-11-01,105,105,94,199
MOJINETE,nutricion y desarrollo infantil,controles repetidos en ninos menores de 2 anos,2006-11-01,5,5,11,16
MOJOCOYA,nutricion y desarrollo infantil,controles repetidos en ninos menores de 2 anos,2006-11-01,59,59,63,122
MONTEAGUDO,nutricion y desarrollo infantil,controles repetidos en ninos menores de 2 anos,2006-11-01,333,333,332,665
MONTERO,nutricion y desarrollo infantil,controles repetidos en ninos menores de 2 anos,2006-11-01,951,951,842,1793
MORO MORO,nutricion y desarrollo infantil,controles repetidos en ninos menores de 2 anos,2006-11-01,31,31,29,60
MOROCHATA,nutricion y desarrollo infantil,controles repetidos en ninos menores de 2 anos,2006-11-01,99,99,95,194
NACEBE (SANTA ROSA DEL ABUNA),nutricion y desarrollo infantil,controles repetidos en ninos menores de 2 anos,2006-11-01,13,13,11,24
NUEVO MANOA (NUEVA ESPERANZA),nutricion y desarrollo infantil,controles repetidos en ninos menores de 2 anos,2006-11-01,20,20,9,29
OCURI,nutricion y desarrollo infantil,controles repetidos en ninos menores de 2 anos,2006-11-01,233,233,246,479
OKINAWA,nutricion y desarrollo infantil,controles repetidos en ninos menores de 2 anos,2006-11-01,96,96,101,197
OMEREQUE,nutricion y desarrollo infantil,controles repetidos en ninos menores de 2 anos,2006-11-01,80,80,55,135
ORURO,nutricion y desarrollo infantil,controles repetidos en ninos menores de 2 anos,2006-11-01,1397,1397,1278,2675
PADCAYA,nutricion y desarrollo infantil,controles repetidos en ninos menores de 2 anos,2006-11-01,158,158,313,471
PADILLA,nutricion y desarrollo infantil,controles repetidos en ninos menores de 2 anos,2006-11-01,215,215,188,403
PAILON,nutricion y desarrollo infantil,controles repetidos en ninos menores de 2 anos,2006-11-01,183,183,174,357
PALCA,nutricion y desarrollo infantil,controles repetidos en ninos menores de 2 anos,2006-11-01,98,98,110,208
PALOS BLANCOS,nutricion y desarrollo infantil,controles repetidos en ninos menores de 2 anos,2006-11-01,303,303,285,588
PAMPA AULLAGAS,nutricion y desarrollo infantil,controles repetidos en ninos menores de 2 anos,2006-11-01,39,39,38,77
PAMPA GRANDE,nutricion y desarrollo infantil,controles repetidos en ninos menores de 2 anos,2006-11-01,54,54,55,109
PAPEL PAMPA,nutricion y desarrollo infantil,controles repetidos en ninos menores de 2 anos,2006-11-01,39,39,37,76
PASORAPA,nutricion y desarrollo infantil,controles repetidos en ninos menores de 2 anos,2006-11-01,29,29,28,57
PATACAMAYA,nutricion y desarrollo infantil,controles repetidos en ninos menores de 2 anos,2006-11-01,225,225,204,429
PAZÑA,nutricion y desarrollo infantil,controles repetidos en ninos menores de 2 anos,2006-11-01,60,60,37,97
PELECHUCO,nutricion y desarrollo infantil,controles repetidos en ninos menores de 2 anos,2006-11-01,39,39,41,80
POCOATA,nutricion y desarrollo infantil,controles repetidos en ninos menores de 2 anos,2006-11-01,252,252,232,484
POCONA,nutricion y desarrollo infantil,controles repetidos en ninos menores de 2 anos,2006-11-01,60,60,49,109
POJO (CBBA),nutricion y desarrollo infantil,controles repetidos en ninos menores de 2 anos,2006-11-01,200,200,161,361
POOPO,nutricion y desarrollo infantil,controles repetidos en ninos menores de 2 anos,2006-11-01,76,76,63,139
PORCO,nutricion y desarrollo infantil,controles repetidos en ninos menores de 2 anos,2006-11-01,68,68,63,131
POROMA,nutricion y desarrollo infantil,controles repetidos en ninos menores de 2 anos,2006-11-01,270,270,282,552
PORONGO,nutricion y desarrollo infantil,controles repetidos en ninos menores de 2 anos,2006-11-01,65,65,53,118
PORTACHUELO,nutricion y desarrollo infantil,controles repetidos en ninos menores de 2 anos,2006-11-01,306,306,239,545
PORVENIR,nutricion y desarrollo infantil,controles repetidos en ninos menores de 2 anos,2006-11-01,50,50,64,114
POSTRER VALLE,nutricion y desarrollo infantil,controles repetidos en ninos menores de 2 anos,2006-11-01,18,18,17,35
POTOSI,nutricion y desarrollo infantil,controles repetidos en ninos menores de 2 anos,2006-11-01,1185,1185,1239,2424
PRESTO,nutricion y desarrollo infantil,controles repetidos en ninos menores de 2 anos,2006-11-01,125,125,111,236
PUCARA,nutricion y desarrollo infantil,controles repetidos en ninos menores de 2 anos,2006-11-01,16,16,15,31
PUCARANI,nutricion y desarrollo infantil,controles repetidos en ninos menores de 2 anos,2006-11-01,214,214,218,432
PUERTO ACOSTA,nutricion y desarrollo infantil,controles repetidos en ninos menores de 2 anos,2006-11-01,164,164,166,330
PUERTO CARABUCO,nutricion y desarrollo infantil,controles repetidos en ninos menores de 2 anos,2006-11-01,117,117,118,235
PUERTO GONZALO MORENO,nutricion y desarrollo infantil,controles repetidos en ninos menores de 2 anos,2006-11-01,83,83,75,158
PUERTO PEREZ,nutricion y desarrollo infantil,controles repetidos en ninos menores de 2 anos,2006-11-01,51,51,39,90
PUERTO QUIJARRO,nutricion y desarrollo infantil,controles repetidos en ninos menores de 2 anos,2006-11-01,137,137,101,238
PUERTO RICO,nutricion y desarrollo infantil,controles repetidos en ninos menores de 2 anos,2006-11-01,42,42,112,154
PUERTO SILES,nutricion y desarrollo infantil,controles repetidos en ninos menores de 2 anos,2006-11-01,21,21,26,47
PUERTO SUAREZ,nutricion y desarrollo infantil,controles repetidos en ninos menores de 2 anos,2006-11-01,84,84,63,147
PUERTO VILLARROEL,nutricion y desarrollo infantil,controles repetidos en ninos menores de 2 anos,2006-11-01,178,178,185,363
PUNA,nutricion y desarrollo infantil,controles repetidos en ninos menores de 2 anos,2006-11-01,363,363,333,696
PUNATA,nutricion y desarrollo infantil,controles repetidos en ninos menores de 2 anos,2006-11-01,178,178,144,322
QUIABAYA,nutricion y desarrollo infantil,controles repetidos en ninos menores de 2 anos,2006-11-01,33,33,25,58
QUILLACOLLO,nutricion y desarrollo infantil,controles repetidos en ninos menores de 2 anos,2006-11-01,385,385,347,732
QUIME,nutricion y desarrollo infantil,controles repetidos en ninos menores de 2 anos,2006-11-01,98,98,110,208
QUIRUSILLAS,nutricion y desarrollo infantil,controles repetidos en ninos menores de 2 anos,2006-11-01,15,15,14,29
RAVELO,nutricion y desarrollo infantil,controles repetidos en ninos menores de 2 anos,2006-11-01,354,354,321,675
REYES,nutricion y desarrollo infantil,controles repetidos en ninos menores de 2 anos,2006-11-01,96,96,124,220
RIBERALTA,nutricion y desarrollo infantil,controles repetidos en ninos menores de 2 anos,2006-11-01,1118,1118,1156,2274
ROBORE,nutricion y desarrollo infantil,controles repetidos en ninos menores de 2 anos,2006-11-01,156,156,130,286
RURRENABAQUE,nutricion y desarrollo infantil,controles repetidos en ninos menores de 2 anos,2006-11-01,101,101,100,201
SABAYA,nutricion y desarrollo infantil,controles repetidos en ninos menores de 2 anos,2006-11-01,32,32,29,61
SACABA,nutricion y desarrollo infantil,controles repetidos en ninos menores de 2 anos,2006-11-01,283,283,237,520
SACABAMBA,nutricion y desarrollo infantil,controles repetidos en ninos menores de 2 anos,2006-11-01,29,29,27,56
SACACA,nutricion y desarrollo infantil,controles repetidos en ninos menores de 2 anos,2006-11-01,367,367,331,698
SAIPINA,nutricion y desarrollo infantil,controles repetidos en ninos menores de 2 anos,2006-11-01,97,97,78,175
SALINAS DE GARCI MENDOZA,nutricion y desarrollo infantil,controles repetidos en ninos menores de 2 anos,2006-11-01,106,106,94,200
SAMAIPATA,nutricion y desarrollo infantil,controles repetidos en ninos menores de 2 anos,2006-11-01,86,86,61,147
SAN AGUSTIN,nutricion y desarrollo infantil,controles repetidos en ninos menores de 2 anos,2006-11-01,20,20,20,40
SAN ANDRES,nutricion y desarrollo infantil,controles repetidos en ninos menores de 2 anos,2006-11-01,100,100,97,197
SAN ANDRES DE MACHACA,nutricion y desarrollo infantil,controles repetidos en ninos menores de 2 anos,2006-11-01,37,37,34,71
SAN ANTONIO DE ESMORUCO,nutricion y desarrollo infantil,controles repetidos en ninos menores de 2 anos,2006-11-01,17,17,16,33
SAN ANTONIO DE LOMERIO,nutricion y desarrollo infantil,controles repetidos en ninos menores de 2 anos,2006-11-01,94,94,100,194
SAN BENITO,nutricion y desarrollo infantil,controles repetidos en ninos menores de 2 anos,2006-11-01,69,69,46,115
SAN BORJA,nutricion y desarrollo infantil,controles repetidos en ninos menores de 2 anos,2006-11-01,486,486,445,931
SAN BUENA VENTURA,nutricion y desarrollo infantil,controles repetidos en ninos menores de 2 anos,2006-11-01,104,104,90,194
SAN CARLOS,nutricion y desarrollo infantil,controles repetidos en ninos menores de 2 anos,2006-11-01,321,321,328,649
SAN IGNACIO,nutricion y desarrollo infantil,controles repetidos en ninos menores de 2 anos,2006-11-01,282,282,180,462
SAN IGNACIO DE VELASCO,nutricion y desarrollo infantil,controles repetidos en ninos menores de 2 anos,2006-11-01,626,626,520,1146
SAN JAVIER(BNI),nutricion y desarrollo infantil,controles repetidos en ninos menores de 2 anos,2006-11-01,25,25,18,43
SAN JAVIER(STC),nutricion y desarrollo infantil,controles repetidos en ninos menores de 2 anos,2006-11-01,135,135,116,251
SAN JOAQUIN,nutricion y desarrollo infantil,controles repetidos en ninos menores de 2 anos,2006-11-01,9,9,16,25
SAN JOSE DE CHIQUITOS,nutricion y desarrollo infantil,controles repetidos en ninos menores de 2 anos,2006-11-01,107,107,88,195
SAN JUAN DE YAPACANI,nutricion y desarrollo infantil,controles repetidos en ninos menores de 2 anos,2006-11-01,126,126,131,257
SAN JULIAN,nutricion y desarrollo infantil,controles repetidos en ninos menores de 2 anos,2006-11-01,220,220,223,443
SAN LORENZO(PND),nutricion y desarrollo infantil,controles repetidos en ninos menores de 2 anos,2006-11-01,13,13,16,29
SAN LORENZO(TJA),nutricion y desarrollo infantil,controles repetidos en ninos menores de 2 anos,2006-11-01,165,165,175,340
SAN LUCAS,nutricion y desarrollo infantil,controles repetidos en ninos menores de 2 anos,2006-11-01,686,686,643,1329
SAN MATIAS,nutricion y desarrollo infantil,controles repetidos en ninos menores de 2 anos,2006-11-01,142,142,119,261
SAN MIGUEL DE VELASCO,nutricion y desarrollo infantil,controles repetidos en ninos menores de 2 anos,2006-11-01,132,132,113,245
SAN PABLO DE LIPEZ,nutricion y desarrollo infantil,controles repetidos en ninos menores de 2 anos,2006-11-01,27,27,25,52
SAN PEDRO,nutricion y desarrollo infantil,controles repetidos en ninos menores de 2 anos,2006-11-01,186,186,182,368
SAN PEDRO DE BUENA VISTA,nutricion y desarrollo infantil,controles repetidos en ninos menores de 2 anos,2006-11-01,323,323,324,647
SAN PEDRO DE CURAHUARA,nutricion y desarrollo infantil,controles repetidos en ninos menores de 2 anos,2006-11-01,36,36,24,60
SAN PEDRO DE QUEMES,nutricion y desarrollo infantil,controles repetidos en ninos menores de 2 anos,2006-11-01,2,2,10,12
SAN PEDRO DE TIQUINA,nutricion y desarrollo infantil,controles repetidos en ninos menores de 2 anos,2006-11-01,23,23,39,62
SAN PEDRO(PND),nutricion y desarrollo infantil,controles repetidos en ninos menores de 2 anos,2006-11-01,15,15,10,25
SAN RAFAEL,nutricion y desarrollo infantil,controles repetidos en ninos menores de 2 anos,2006-11-01,76,76,84,160
SAN RAMON,nutricion y desarrollo infantil,controles repetidos en ninos menores de 2 anos,2006-11-01,66,66,43,109
SAN RAMON,nutricion y desarrollo infantil,controles repetidos en ninos menores de 2 anos,2006-11-01,48,48,55,103
SANTA ANA,nutricion y desarrollo infantil,controles repetidos en ninos menores de 2 anos,2006-11-01,119,119,100,219
SANTA CRUZ DE LA SIERRA,nutricion y desarrollo infantil,controles repetidos en ninos menores de 2 anos,2006-11-01,5795,5795,5057,10852
SANTA ROSA,nutricion y desarrollo infantil,controles repetidos en ninos menores de 2 anos,2006-11-01,72,72,63,135
SANTA ROSA DEL SARA,nutricion y desarrollo infantil,controles repetidos en ninos menores de 2 anos,2006-11-01,220,220,236,456
SANTIAGO DE CALLAPA,nutricion y desarrollo infantil,controles repetidos en ninos menores de 2 anos,2006-11-01,35,35,50,85
SANTIAGO DE HUARI,nutricion y desarrollo infantil,controles repetidos en ninos menores de 2 anos,2006-11-01,83,83,58,141
SANTIAGO DE MACHACA,nutricion y desarrollo infantil,controles repetidos en ninos menores de 2 anos,2006-11-01,30,30,21,51
SANTIVAÑES,nutricion y desarrollo infantil,controles repetidos en ninos menores de 2 anos,2006-11-01,69,69,58,127
SANTUARIO DE QUILLACAS,nutricion y desarrollo infantil,controles repetidos en ninos menores de 2 anos,2006-11-01,39,39,37,76
SAPAHAQUI,nutricion y desarrollo infantil,controles repetidos en ninos menores de 2 anos,2006-11-01,118,118,107,225
SENA,nutricion y desarrollo infantil,controles repetidos en ninos menores de 2 anos,2006-11-01,58,58,32,90
SICA SICA (VILLA AROMA),nutricion y desarrollo infantil,controles repetidos en ninos menores de 2 anos,2006-11-01,180,180,139,319
SICAYA,nutricion y desarrollo infantil,controles repetidos en ninos menores de 2 anos,2006-11-01,28,28,33,61
SIPE SIPE,nutricion y desarrollo infantil,controles repetidos en ninos menores de 2 anos,2006-11-01,288,288,259,547
SOPACHUY,nutricion y desarrollo infantil,controles repetidos en ninos menores de 2 anos,2006-11-01,170,170,146,316
SORACACHI,nutricion y desarrollo infantil,controles repetidos en ninos menores de 2 anos,2006-11-01,89,89,75,164
SORATA,nutricion y desarrollo infantil,controles repetidos en ninos menores de 2 anos,2006-11-01,64,64,67,131
SUCRE,nutricion y desarrollo infantil,controles repetidos en ninos menores de 2 anos,2006-11-01,1727,1727,1690,3417
TACACHI,nutricion y desarrollo infantil,controles repetidos en ninos menores de 2 anos,2006-11-01,7,7,2,9
TACACOMA,nutricion y desarrollo infantil,controles repetidos en ninos menores de 2 anos,2006-11-01,50,50,47,97
TACOBAMBA,nutricion y desarrollo infantil,controles repetidos en ninos menores de 2 anos,2006-11-01,97,97,102,199
TACOPAYA,nutricion y desarrollo infantil,controles repetidos en ninos menores de 2 anos,2006-11-01,104,104,89,193
TAHUA,nutricion y desarrollo infantil,controles repetidos en ninos menores de 2 anos,2006-11-01,9,9,11,20
TAPACARI,nutricion y desarrollo infantil,controles repetidos en ninos menores de 2 anos,2006-11-01,189,189,170,359
TARABUCO,nutricion y desarrollo infantil,controles repetidos en ninos menores de 2 anos,2006-11-01,321,321,322,643
TARACO,nutricion y desarrollo infantil,controles repetidos en ninos menores de 2 anos,2006-11-01,39,39,36,75
TARATA,nutricion y desarrollo infantil,controles repetidos en ninos menores de 2 anos,2006-11-01,84,84,89,173
TARIJA,nutricion y desarrollo infantil,controles repetidos en ninos menores de 2 anos,2006-11-01,954,954,924,1878
TARVITA,nutricion y desarrollo infantil,controles repetidos en ninos menores de 2 anos,2006-11-01,321,321,255,576
TEOPONTE,nutricion y desarrollo infantil,controles repetidos en ninos menores de 2 anos,2006-11-01,89,89,104,193
TIAWANACU,nutricion y desarrollo infantil,controles repetidos en ninos menores de 2 anos,2006-11-01,93,93,108,201
TINGUIPAYA,nutricion y desarrollo infantil,controles repetidos en ninos menores de 2 anos,2006-11-01,152,152,192,344
TIPUANI,nutricion y desarrollo infantil,controles repetidos en ninos menores de 2 anos,2006-11-01,48,48,60,108
TIQUIPAYA,nutricion y desarrollo infantil,controles repetidos en ninos menores de 2 anos,2006-11-01,71,71,82,153
TIRAQUE (CBBA),nutricion y desarrollo infantil,controles repetidos en ninos menores de 2 anos,2006-11-01,171,171,177,348
TITO YUPANQUI (PARQUIPUJIO),nutricion y desarrollo infantil,controles repetidos en ninos menores de 2 anos,2006-11-01,3,3,9,12
TOCO,nutricion y desarrollo infantil,controles repetidos en ninos menores de 2 anos,2006-11-01,32,32,28,60
TOLATA,nutricion y desarrollo infantil,controles repetidos en ninos menores de 2 anos,2006-11-01,13,13,6,19
TOLEDO,nutricion y desarrollo infantil,controles repetidos en ninos menores de 2 anos,2006-11-01,44,44,38,82
TOMAVE,nutricion y desarrollo infantil,controles repetidos en ninos menores de 2 anos,2006-11-01,102,102,82,184
TOMINA,nutricion y desarrollo infantil,controles repetidos en ninos menores de 2 anos,2006-11-01,192,192,151,343
TORO TORO,nutricion y desarrollo infantil,controles repetidos en ninos menores de 2 anos,2006-11-01,216,216,206,422
TOTORA(CBBA),nutricion y desarrollo infantil,controles repetidos en ninos menores de 2 anos,2006-11-01,83,83,49,132
TOTORA(ORR),nutricion y desarrollo infantil,controles repetidos en ninos menores de 2 anos,2006-11-01,32,32,25,57
TRIGAL,nutricion y desarrollo infantil,controles repetidos en ninos menores de 2 anos,2006-11-01,23,23,10,33
TRINIDAD,nutricion y desarrollo infantil,controles repetidos en ninos menores de 2 anos,2006-11-01,497,497,444,941
TUPIZA,nutricion y desarrollo infantil,controles repetidos en ninos menores de 2 anos,2006-11-01,361,361,365,726
TURCO,nutricion y desarrollo infantil,controles repetidos en ninos menores de 2 anos,2006-11-01,34,34,30,64
UMALA,nutricion y desarrollo infantil,controles repetidos en ninos menores de 2 anos,2006-11-01,37,37,32,69
UNCIA,nutricion y desarrollo infantil,controles repetidos en ninos menores de 2 anos,2006-11-01,241,241,182,423
URIONDO (A. CONCEPCION),nutricion y desarrollo infantil,controles repetidos en ninos menores de 2 anos,2006-11-01,214,214,185,399
URUBICHA,nutricion y desarrollo infantil,controles repetidos en ninos menores de 2 anos,2006-11-01,4,4,4,8
UYUNI,nutricion y desarrollo infantil,controles repetidos en ninos menores de 2 anos,2006-11-01,299,299,256,555
VACAS,nutricion y desarrollo infantil,controles repetidos en ninos menores de 2 anos,2006-11-01,85,85,66,151
VALLEGRANDE,nutricion y desarrollo infantil,controles repetidos en ninos menores de 2 anos,2006-11-01,156,156,157,313
VIACHA,nutricion y desarrollo infantil,controles repetidos en ninos menores de 2 anos,2006-11-01,205,205,206,411
VILA VILA,nutricion y desarrollo infantil,controles repetidos en ninos menores de 2 anos,2006-11-01,29,29,27,56
VILLA MONTES,nutricion y desarrollo infantil,controles repetidos en ninos menores de 2 anos,2006-11-01,433,433,388,821
VILLA RIVERO,nutricion y desarrollo infantil,controles repetidos en ninos menores de 2 anos,2006-11-01,20,20,34,54
VILLA SERRANO,nutricion y desarrollo infantil,controles repetidos en ninos menores de 2 anos,2006-11-01,214,214,208,422
VILLA TUNARI,nutricion y desarrollo infantil,controles repetidos en ninos menores de 2 anos,2006-11-01,337,337,310,647
VILLA VACA GUZMAN (MUYUPAMPA),nutricion y desarrollo infantil,controles repetidos en ninos menores de 2 anos,2006-11-01,142,142,186,328
VILLAZON,nutricion y desarrollo infantil,controles repetidos en ninos menores de 2 anos,2006-11-01,322,322,318,640
VINTO,nutricion y desarrollo infantil,controles repetidos en ninos menores de 2 anos,2006-11-01,14,14,18,32
VITICHI,nutricion y desarrollo infantil,controles repetidos en ninos menores de 2 anos,2006-11-01,151,151,154,305
WALDO BALLIVIAN,nutricion y desarrollo infantil,controles repetidos en ninos menores de 2 anos,2006-11-01,9,9,14,23
WARNES,nutricion y desarrollo infantil,controles repetidos en ninos menores de 2 anos,2006-11-01,427,427,414,841
YACO,nutricion y desarrollo infantil,controles repetidos en ninos menores de 2 anos,2006-11-01,58,58,60,118
YACUIBA,nutricion y desarrollo infantil,controles repetidos en ninos menores de 2 anos,2006-11-01,562,562,493,1055
YAMPARAEZ,nutricion y desarrollo infantil,controles repetidos en ninos menores de 2 anos,2006-11-01,166,166,171,337
YANACACHI,nutricion y desarrollo infantil,controles repetidos en ninos menores de 2 anos,2006-11-01,13,13,16,29
YAPACANI,nutricion y desarrollo infantil,controles repetidos en ninos menores de 2 anos,2006-11-01,467,467,474,941
YOCALLA,nutricion y desarrollo infantil,controles repetidos en ninos menores de 2 anos,2006-11-01,43,43,33,76
YOTALA,nutricion y desarrollo infantil,controles repetidos en ninos menores de 2 anos,2006-11-01,134,134,116,250
YUNCHARA,nutricion y desarrollo infantil,controles repetidos en ninos menores de 2 anos,2006-11-01,56,56,51,107
ZUDAÑEZ,nutricion y desarrollo infantil,controles repetidos en ninos menores de 2 anos,2006-11-01,159,159,123,282
ACACIO,nutricion y desarrollo infantil,controles repetidos en ninos menores de 2 anos,2006-12-01,117,117,103,220
ACHACACHI,nutricion y desarrollo infantil,controles repetidos en ninos menores de 2 anos,2006-12-01,185,185,167,352
ACHOCALLA,nutricion y desarrollo infantil,controles repetidos en ninos menores de 2 anos,2006-12-01,37,37,42,79
AIQUILE,nutricion y desarrollo infantil,controles repetidos en ninos menores de 2 anos,2006-12-01,30,30,25,55
ALCALA,nutricion y desarrollo infantil,controles repetidos en ninos menores de 2 anos,2006-12-01,52,52,56,108
ANCORAIMES,nutricion y desarrollo infantil,controles repetidos en ninos menores de 2 anos,2006-12-01,74,74,56,130
ANDAMARCA,nutricion y desarrollo infantil,controles repetidos en ninos menores de 2 anos,2006-12-01,25,25,15,40
ANTEQUERA,nutricion y desarrollo infantil,controles repetidos en ninos menores de 2 anos,2006-12-01,44,44,37,81
ANZALDO,nutricion y desarrollo infantil,controles repetidos en ninos menores de 2 anos,2006-12-01,8,8,4,12
APOLO,nutricion y desarrollo infantil,controles repetidos en ninos menores de 2 anos,2006-12-01,122,122,114,236
ARAMPAMPA,nutricion y desarrollo infantil,controles repetidos en ninos menores de 2 anos,2006-12-01,114,114,91,205
ARANI,nutricion y desarrollo infantil,controles repetidos en ninos menores de 2 anos,2006-12-01,40,40,29,69
ARBIETO,nutricion y desarrollo infantil,controles repetidos en ninos menores de 2 anos,2006-12-01,34,34,23,57
ARQUE,nutricion y desarrollo infantil,controles repetidos en ninos menores de 2 anos,2006-12-01,66,66,51,117
ASCENCION DE GUARAYOS,nutricion y desarrollo infantil,controles repetidos en ninos menores de 2 anos,2006-12-01,466,466,429,895
ATOCHA,nutricion y desarrollo infantil,controles repetidos en ninos menores de 2 anos,2006-12-01,132,132,104,236
AUCAPATA,nutricion y desarrollo infantil,controles repetidos en ninos menores de 2 anos,2006-12-01,18,18,21,39
AYATA,nutricion y desarrollo infantil,controles repetidos en ninos menores de 2 anos,2006-12-01,84,84,61,145
AYO AYO,nutricion y desarrollo infantil,controles repetidos en ninos menores de 2 anos,2006-12-01,32,32,28,60
AYOPAYA (V. DE INDEPENDENCIA),nutricion y desarrollo infantil,controles repetidos en ninos menores de 2 anos,2006-12-01,194,194,202,396
AZURDUY,nutricion y desarrollo infantil,controles repetidos en ninos menores de 2 anos,2006-12-01,242,242,232,474
BATALLAS,nutricion y desarrollo infantil,controles repetidos en ninos menores de 2 anos,2006-12-01,123,123,125,248
BAURES,nutricion y desarrollo infantil,controles repetidos en ninos menores de 2 anos,2006-12-01,29,29,35,64
BELEN DE ANDAMARCA,nutricion y desarrollo infantil,controles repetidos en ninos menores de 2 anos,2006-12-01,4,4,8,12
BELEN DE URMIRI,nutricion y desarrollo infantil,controles repetidos en ninos menores de 2 anos,2006-12-01,18,18,25,43
BELLA FLOR,nutricion y desarrollo infantil,controles repetidos en ninos menores de 2 anos,2006-12-01,41,41,26,67
BERMEJO,nutricion y desarrollo infantil,controles repetidos en ninos menores de 2 anos,2006-12-01,99,99,71,170
BETANZOS,nutricion y desarrollo infantil,controles repetidos en ninos menores de 2 anos,2006-12-01,298,298,302,600
BOLIVAR,nutricion y desarrollo infantil,controles repetidos en ninos menores de 2 anos,2006-12-01,99,99,88,187
BOLPEBRA,nutricion y desarrollo infantil,controles repetidos en ninos menores de 2 anos,2006-12-01,15,15,9,24
BOYUIBE,nutricion y desarrollo infantil,controles repetidos en ninos menores de 2 anos,2006-12-01,46,46,34,80
BUENA VISTA,nutricion y desarrollo infantil,controles repetidos en ninos menores de 2 anos,2006-12-01,158,158,146,304
CABEZAS,nutricion y desarrollo infantil,controles repetidos en ninos menores de 2 anos,2006-12-01,137,137,111,248
CAIROMA,nutricion y desarrollo infantil,controles repetidos en ninos menores de 2 anos,2006-12-01,121,121,113,234
"CAIZA ""D""",nutricion y desarrollo infantil,controles repetidos en ninos menores de 2 anos,2006-12-01,73,73,67,140
CAJUATA,nutricion y desarrollo infantil,controles repetidos en ninos menores de 2 anos,2006-12-01,58,58,55,113
CALACOTO,nutricion y desarrollo infantil,controles repetidos en ninos menores de 2 anos,2006-12-01,31,31,33,64
CALAMARCA,nutricion y desarrollo infantil,controles repetidos en ninos menores de 2 anos,2006-12-01,154,154,137,291
CAMARGO,nutricion y desarrollo infantil,controles repetidos en ninos menores de 2 anos,2006-12-01,197,197,213,410
CAMATAQUI (C. VILLA ABECIA),nutricion y desarrollo infantil,controles repetidos en ninos menores de 2 anos,2006-12-01,43,43,42,85
CAMIRI,nutricion y desarrollo infantil,controles repetidos en ninos menores de 2 anos,2006-12-01,373,373,314,687
CAPINOTA,nutricion y desarrollo infantil,controles repetidos en ninos menores de 2 anos,2006-12-01,65,65,76,141
CAQUIAVIRI,nutricion y desarrollo infantil,controles repetidos en ninos menores de 2 anos,2006-12-01,43,43,54,97
CARACOLLO,nutricion y desarrollo infantil,controles repetidos en ninos menores de 2 anos,2006-12-01,106,106,84,190
CARANAVI,nutricion y desarrollo infantil,controles repetidos en ninos menores de 2 anos,2006-12-01,229,229,232,461
CARAPARI,nutricion y desarrollo infantil,controles repetidos en ninos menores de 2 anos,2006-12-01,102,102,98,200
CARIPUYO,nutricion y desarrollo infantil,controles repetidos en ninos menores de 2 anos,2006-12-01,131,131,115,246
CARMEN RIVERO TORREZ,nutricion y desarrollo infantil,controles repetidos en ninos menores de 2 anos,2006-12-01,23,23,29,52
CATACORA,nutricion y desarrollo infantil,controles repetidos en ninos menores de 2 anos,2006-12-01,0,0,1,1
CHACARILLA,nutricion y desarrollo infantil,controles repetidos en ninos menores de 2 anos,2006-12-01,10,10,11,21
CHALLAPATA,nutricion y desarrollo infantil,controles repetidos en ninos menores de 2 anos,2006-12-01,226,226,221,447
CHAQUI,nutricion y desarrollo infantil,controles repetidos en ninos menores de 2 anos,2006-12-01,73,73,60,133
CHARAGUA,nutricion y desarrollo infantil,controles repetidos en ninos menores de 2 anos,2006-12-01,275,275,254,529
CHARAÑA,nutricion y desarrollo infantil,controles repetidos en ninos menores de 2 anos,2006-12-01,19,19,18,37
CHAYANTA,nutricion y desarrollo infantil,controles repetidos en ninos menores de 2 anos,2006-12-01,173,173,174,347
CHIMORE,nutricion y desarrollo infantil,controles repetidos en ninos menores de 2 anos,2006-12-01,40,40,58,98
CHIPAYA,nutricion y desarrollo infantil,controles repetidos en ninos menores de 2 anos,2006-12-01,13,13,15,28
CHOQUE COTA,nutricion y desarrollo infantil,controles repetidos en ninos menores de 2 anos,2006-12-01,9,9,3,12
CHULUMANI (V. DE LA LIBERTAD),nutricion y desarrollo infantil,controles repetidos en ninos menores de 2 anos,2006-12-01,41,41,47,88
CHUMA,nutricion y desarrollo infantil,controles repetidos en ninos menores de 2 anos,2006-12-01,86,86,87,173
CLIZA,nutricion y desarrollo infantil,controles repetidos en ninos menores de 2 anos,2006-12-01,140,140,114,254
COBIJA,nutricion y desarrollo infantil,controles repetidos en ninos menores de 2 anos,2006-12-01,331,331,284,615
COCHABAMBA,nutricion y desarrollo infantil,controles repetidos en ninos menores de 2 anos,2006-12-01,1784,1784,1724,3508
COLCAPIRHUA,nutricion y desarrollo infantil,controles repetidos en ninos menores de 2 anos,2006-12-01,92,92,75,167
"COLCHA ""K""",nutricion y desarrollo infantil,controles repetidos en ninos menores de 2 anos,2006-12-01,104,104,89,193
COLLANA,nutricion y desarrollo infantil,controles repetidos en ninos menores de 2 anos,2006-12-01,15,15,25,40
COLOMI,nutricion y desarrollo infantil,controles repetidos en ninos menores de 2 anos,2006-12-01,136,136,102,238
COLPA BELGICA,nutricion y desarrollo infantil,controles repetidos en ninos menores de 2 anos,2006-12-01,45,45,42,87
COLQUECHACA,nutricion y desarrollo infantil,controles repetidos en ninos menores de 2 anos,2006-12-01,234,234,232,466
COLQUENCHA,nutricion y desarrollo infantil,controles repetidos en ninos menores de 2 anos,2006-12-01,79,79,74,153
COLQUIRI,nutricion y desarrollo infantil,controles repetidos en ninos menores de 2 anos,2006-12-01,115,115,122,237
COMANCHE,nutricion y desarrollo infantil,controles repetidos en ninos menores de 2 anos,2006-12-01,17,17,12,29
COMARAPA,nutricion y desarrollo infantil,controles repetidos en ninos menores de 2 anos,2006-12-01,144,144,140,284
COMBAYA,nutricion y desarrollo infantil,controles repetidos en ninos menores de 2 anos,2006-12-01,6,6,8,14
CONCEPCION,nutricion y desarrollo infantil,controles repetidos en ninos menores de 2 anos,2006-12-01,142,142,115,257
COPACABANA,nutricion y desarrollo infantil,controles repetidos en ninos menores de 2 anos,2006-12-01,79,79,87,166
CORIPATA,nutricion y desarrollo infantil,controles repetidos en ninos menores de 2 anos,2006-12-01,93,93,107,200
CORO CORO,nutricion y desarrollo infantil,controles repetidos en ninos menores de 2 anos,2006-12-01,38,38,57,95
COROICO,nutricion y desarrollo infantil,controles repetidos en ninos menores de 2 anos,2006-12-01,111,111,76,187
CORQUE,nutricion y desarrollo infantil,controles repetidos en ninos menores de 2 anos,2006-12-01,27,27,33,60
COTAGAITA,nutricion y desarrollo infantil,controles repetidos en ninos menores de 2 anos,2006-12-01,283,283,305,588
COTOCA,nutricion y desarrollo infantil,controles repetidos en ninos menores de 2 anos,2006-12-01,216,216,198,414
CUATRO CAÑADAS,nutricion y desarrollo infantil,controles repetidos en ninos menores de 2 anos,2006-12-01,82,82,73,155
CUCHUMUELA (V. G. VILLARROEL),nutricion y desarrollo infantil,controles repetidos en ninos menores de 2 anos,2006-12-01,4,4,7,11
CUEVO,nutricion y desarrollo infantil,controles repetidos en ninos menores de 2 anos,2006-12-01,43,43,67,110
CULPINA,nutricion y desarrollo infantil,controles repetidos en ninos menores de 2 anos,2006-12-01,319,319,284,603
CURAHUARA DE CARANGAS,nutricion y desarrollo infantil,controles repetidos en ninos menores de 2 anos,2006-12-01,38,38,47,85
CURVA,nutricion y desarrollo infantil,controles repetidos en ninos menores de 2 anos,2006-12-01,24,24,14,38
DESAGUADERO,nutricion y desarrollo infantil,controles repetidos en ninos menores de 2 anos,2006-12-01,61,61,45,106
EL ALTO,nutricion y desarrollo infantil,controles repetidos en ninos menores de 2 anos,2006-12-01,3098,3098,2781,5879
EL CHORO,nutricion y desarrollo infantil,controles repetidos en ninos menores de 2 anos,2006-12-01,25,25,17,42
EL PUENTE(STC),nutricion y desarrollo infantil,controles repetidos en ninos menores de 2 anos,2006-12-01,134,134,140,274
EL PUENTE(TJA),nutricion y desarrollo infantil,controles repetidos en ninos menores de 2 anos,2006-12-01,76,76,90,166
EL TORNO,nutricion y desarrollo infantil,controles repetidos en ninos menores de 2 anos,2006-12-01,176,176,206,382
EL VILLAR,nutricion y desarrollo infantil,controles repetidos en ninos menores de 2 anos,2006-12-01,89,89,78,167
ENTRE RIOS,nutricion y desarrollo infantil,controles repetidos en ninos menores de 2 anos,2006-12-01,232,232,220,452
ENTRE RIOS,nutricion y desarrollo infantil,controles repetidos en ninos menores de 2 anos,2006-12-01,106,106,62,168
ESMERALDA,nutricion y desarrollo infantil,controles repetidos en ninos menores de 2 anos,2006-12-01,3,3,5,8
EUCALIPTUS,nutricion y desarrollo infantil,controles repetidos en ninos menores de 2 anos,2006-12-01,29,29,32,61
EUREKA (SANTOS MERCADO),nutricion y desarrollo infantil,controles repetidos en ninos menores de 2 anos,2006-12-01,5,5,9,14
EXALTACION,nutricion y desarrollo infantil,controles repetidos en ninos menores de 2 anos,2006-12-01,14,14,13,27
FERNANDEZ ALONSO,nutricion y desarrollo infantil,controles repetidos en ninos menores de 2 anos,2006-12-01,87,87,70,157
FILADELFIA,nutricion y desarrollo infantil,controles repetidos en ninos menores de 2 anos,2006-12-01,12,12,16,28
GENERAL SAAVEDRA,nutricion y desarrollo infantil,controles repetidos en ninos menores de 2 anos,2006-12-01,162,162,157,319
GRAL. J.J. PEREZ (CHARAZANI),nutricion y desarrollo infantil,controles repetidos en ninos menores de 2 anos,2006-12-01,49,49,46,95
GUANAY,nutricion y desarrollo infantil,controles repetidos en ninos menores de 2 anos,2006-12-01,95,95,132,227
GUAQUI,nutricion y desarrollo infantil,controles repetidos en ninos menores de 2 anos,2006-12-01,51,51,52,103
GUAYARAMERIN,nutricion y desarrollo infantil,controles repetidos en ninos menores de 2 anos,2006-12-01,401,401,370,771
GUTIERREZ,nutricion y desarrollo infantil,controles repetidos en ninos menores de 2 anos,2006-12-01,177,177,203,380
HUACARETA,nutricion y desarrollo infantil,controles repetidos en ninos menores de 2 anos,2006-12-01,127,127,98,225
HUACAYA (VILLA DE HUACAYA),nutricion y desarrollo infantil,controles repetidos en ninos menores de 2 anos,2006-12-01,25,25,35,60
HUACHACALLA,nutricion y desarrollo infantil,controles repetidos en ninos menores de 2 anos,2006-12-01,9,9,7,16
HUANUNI,nutricion y desarrollo infantil,controles repetidos en ninos menores de 2 anos,2006-12-01,245,245,123,368
HUARACAJE,nutricion y desarrollo infantil,controles repetidos en ninos menores de 2 anos,2006-12-01,49,49,42,91
HUAYLLAMARCA,nutricion y desarrollo infantil,controles repetidos en ninos menores de 2 anos,2006-12-01,21,21,20,41
ICHOCA,nutricion y desarrollo infantil,controles repetidos en ninos menores de 2 anos,2006-12-01,40,40,34,74
ICLA,nutricion y desarrollo infantil,controles repetidos en ninos menores de 2 anos,2006-12-01,191,191,182,373
INCAHUASI,nutricion y desarrollo infantil,controles repetidos en ninos menores de 2 anos,2006-12-01,306,306,321,627
INGAVI (HUMAITA),nutricion y desarrollo infantil,controles repetidos en ninos menores de 2 anos,2006-12-01,5,5,4,9
INQUISIVI,nutricion y desarrollo infantil,controles repetidos en ninos menores de 2 anos,2006-12-01,122,122,121,243
IRUPANA (VILLA DE LANZA),nutricion y desarrollo infantil,controles repetidos en ninos menores de 2 anos,2006-12-01,142,142,156,298
IXIAMAS,nutricion y desarrollo infantil,controles repetidos en ninos menores de 2 anos,2006-12-01,90,90,92,182
JESUS DE MACHACA,nutricion y desarrollo infantil,controles repetidos en ninos menores de 2 anos,2006-12-01,80,80,79,159
LA ASUNTA,nutricion y desarrollo infantil,controles repetidos en ninos menores de 2 anos,2006-12-01,111,111,91,202
LA GUARDIA,nutricion y desarrollo infantil,controles repetidos en ninos menores de 2 anos,2006-12-01,348,348,343,691
LA PAZ,nutricion y desarrollo infantil,controles repetidos en ninos menores de 2 anos,2006-12-01,2798,2798,2445,5243
LA RIVERA,nutricion y desarrollo infantil,controles repetidos en ninos menores de 2 anos,2006-12-01,1,1,3,4
LAGUNILLAS,nutricion y desarrollo infantil,controles repetidos en ninos menores de 2 anos,2006-12-01,70,70,77,147
LAJA,nutricion y desarrollo infantil,controles repetidos en ninos menores de 2 anos,2006-12-01,116,116,124,240
LAS CARRERAS,nutricion y desarrollo infantil,controles repetidos en ninos menores de 2 anos,2006-12-01,60,60,56,116
LICOMA PAMPA,nutricion y desarrollo infantil,controles repetidos en ninos menores de 2 anos,2006-12-01,13,13,18,31
LLALLAGUA,nutricion y desarrollo infantil,controles repetidos en ninos menores de 2 anos,2006-12-01,251,251,258,509
LLICA,nutricion y desarrollo infantil,controles repetidos en ninos menores de 2 anos,2006-12-01,43,43,40,83
LORETO,nutricion y desarrollo infantil,controles repetidos en ninos menores de 2 anos,2006-12-01,33,33,20,53
LURIBAY,nutricion y desarrollo infantil,controles repetidos en ninos menores de 2 anos,2006-12-01,84,84,89,173
MACHACAMARCA,nutricion y desarrollo infantil,controles repetidos en ninos menores de 2 anos,2006-12-01,33,33,41,74
MACHARETI,nutricion y desarrollo infantil,controles repetidos en ninos menores de 2 anos,2006-12-01,125,125,123,248
MAGDALENA,nutricion y desarrollo infantil,controles repetidos en ninos menores de 2 anos,2006-12-01,35,35,16,51
MAIRANA,nutricion y desarrollo infantil,controles repetidos en ninos menores de 2 anos,2006-12-01,82,82,96,178
MALLA,nutricion y desarrollo infantil,controles repetidos en ninos menores de 2 anos,2006-12-01,26,26,23,49
MAPIRI,nutricion y desarrollo infantil,controles repetidos en ninos menores de 2 anos,2006-12-01,134,134,123,257
MECAPACA,nutricion y desarrollo infantil,controles repetidos en ninos menores de 2 anos,2006-12-01,61,61,49,110
MINEROS,nutricion y desarrollo infantil,controles repetidos en ninos menores de 2 anos,2006-12-01,192,192,188,380
MIZQUE,nutricion y desarrollo infantil,controles repetidos en ninos menores de 2 anos,2006-12-01,84,84,79,163
MOCOMOCO,nutricion y desarrollo infantil,controles repetidos en ninos menores de 2 anos,2006-12-01,84,84,61,145
MOJINETE,nutricion y desarrollo infantil,controles repetidos en ninos menores de 2 anos,2006-12-01,4,4,2,6
MOJOCOYA,nutricion y desarrollo infantil,controles repetidos en ninos menores de 2 anos,2006-12-01,111,111,83,194
MONTEAGUDO,nutricion y desarrollo infantil,controles repetidos en ninos menores de 2 anos,2006-12-01,276,276,295,571
MONTERO,nutricion y desarrollo infantil,controles repetidos en ninos menores de 2 anos,2006-12-01,842,842,777,1619
MORO MORO,nutricion y desarrollo infantil,controles repetidos en ninos menores de 2 anos,2006-12-01,40,40,22,62
MOROCHATA,nutricion y desarrollo infantil,controles repetidos en ninos menores de 2 anos,2006-12-01,73,73,78,151
NACEBE (SANTA ROSA DEL ABUNA),nutricion y desarrollo infantil,controles repetidos en ninos menores de 2 anos,2006-12-01,15,15,9,24
NAZACARA DE PACAJES,nutricion y desarrollo infantil,controles repetidos en ninos menores de 2 anos,2006-12-01,1,1,2,3
OCURI,nutricion y desarrollo infantil,controles repetidos en ninos menores de 2 anos,2006-12-01,263,263,264,527
OKINAWA,nutricion y desarrollo infantil,controles repetidos en ninos menores de 2 anos,2006-12-01,93,93,95,188
OMEREQUE,nutricion y desarrollo infantil,controles repetidos en ninos menores de 2 anos,2006-12-01,27,27,29,56
ORURO,nutricion y desarrollo infantil,controles repetidos en ninos menores de 2 anos,2006-12-01,1364,1364,1167,2531
PADCAYA,nutricion y desarrollo infantil,controles repetidos en ninos menores de 2 anos,2006-12-01,162,162,140,302
PADILLA,nutricion y desarrollo infantil,controles repetidos en ninos menores de 2 anos,2006-12-01,193,193,189,382
PAILON,nutricion y desarrollo infantil,controles repetidos en ninos menores de 2 anos,2006-12-01,116,116,113,229
PALCA,nutricion y desarrollo infantil,controles repetidos en ninos menores de 2 anos,2006-12-01,60,60,58,118
PALOS BLANCOS,nutricion y desarrollo infantil,controles repetidos en ninos menores de 2 anos,2006-12-01,192,192,155,347
PAMPA AULLAGAS,nutricion y desarrollo infantil,controles repetidos en ninos menores de 2 anos,2006-12-01,48,48,48,96
PAMPA GRANDE,nutricion y desarrollo infantil,controles repetidos en ninos menores de 2 anos,2006-12-01,44,44,49,93
PAPEL PAMPA,nutricion y desarrollo infantil,controles repetidos en ninos menores de 2 anos,2006-12-01,31,31,47,78
PASORAPA,nutricion y desarrollo infantil,controles repetidos en ninos menores de 2 anos,2006-12-01,28,28,29,57
PATACAMAYA,nutricion y desarrollo infantil,controles repetidos en ninos menores de 2 anos,2006-12-01,149,149,118,267
PAZÑA,nutricion y desarrollo infantil,controles repetidos en ninos menores de 2 anos,2006-12-01,33,33,28,61
PELECHUCO,nutricion y desarrollo infantil,controles repetidos en ninos menores de 2 anos,2006-12-01,48,48,38,86
POCOATA,nutricion y desarrollo infantil,controles repetidos en ninos menores de 2 anos,2006-12-01,252,252,249,501
POCONA,nutricion y desarrollo infantil,controles repetidos en ninos menores de 2 anos,2006-12-01,29,29,16,45
POJO (CBBA),nutricion y desarrollo infantil,controles repetidos en ninos menores de 2 anos,2006-12-01,34,34,34,68
POOPO,nutricion y desarrollo infantil,controles repetidos en ninos menores de 2 anos,2006-12-01,29,29,21,50
PORCO,nutricion y desarrollo infantil,controles repetidos en ninos menores de 2 anos,2006-12-01,65,65,81,146
POROMA,nutricion y desarrollo infantil,controles repetidos en ninos menores de 2 anos,2006-12-01,171,171,142,313
PORONGO,nutricion y desarrollo infantil,controles repetidos en ninos menores de 2 anos,2006-12-01,39,39,39,78
PORTACHUELO,nutricion y desarrollo infantil,controles repetidos en ninos menores de 2 anos,2006-12-01,188,188,162,350
PORVENIR,nutricion y desarrollo infantil,controles repetidos en ninos menores de 2 anos,2006-12-01,63,63,50,113
POSTRER VALLE,nutricion y desarrollo infantil,controles repetidos en ninos menores de 2 anos,2006-12-01,10,10,12,22
POTOSI,nutricion y desarrollo infantil,controles repetidos en ninos menores de 2 anos,2006-12-01,1044,1044,1058,2102
PRESTO,nutricion y desarrollo infantil,controles repetidos en ninos menores de 2 anos,2006-12-01,103,103,105,208
PUCARA,nutricion y desarrollo infantil,controles repetidos en ninos menores de 2 anos,2006-12-01,18,18,14,32
PUCARANI,nutricion y desarrollo infantil,controles repetidos en ninos menores de 2 anos,2006-12-01,185,185,185,370
PUERTO ACOSTA,nutricion y desarrollo infantil,controles repetidos en ninos menores de 2 anos,2006-12-01,100,100,100,200
PUERTO CARABUCO,nutricion y desarrollo infantil,controles repetidos en ninos menores de 2 anos,2006-12-01,69,69,76,145
PUERTO GONZALO MORENO,nutricion y desarrollo infantil,controles repetidos en ninos menores de 2 anos,2006-12-01,61,61,51,112
PUERTO PEREZ,nutricion y desarrollo infantil,controles repetidos en ninos menores de 2 anos,2006-12-01,15,15,16,31
PUERTO QUIJARRO,nutricion y desarrollo infantil,controles repetidos en ninos menores de 2 anos,2006-12-01,105,105,89,194
PUERTO RICO,nutricion y desarrollo infantil,controles repetidos en ninos menores de 2 anos,2006-12-01,26,26,20,46
PUERTO SILES,nutricion y desarrollo infantil,controles repetidos en ninos menores de 2 anos,2006-12-01,0,0,3,3
PUERTO SUAREZ,nutricion y desarrollo infantil,controles repetidos en ninos menores de 2 anos,2006-12-01,67,67,73,140
PUERTO VILLARROEL,nutricion y desarrollo infantil,controles repetidos en ninos menores de 2 anos,2006-12-01,165,165,156,321
PUNA,nutricion y desarrollo infantil,controles repetidos en ninos menores de 2 anos,2006-12-01,311,311,295,606
PUNATA,nutricion y desarrollo infantil,controles repetidos en ninos menores de 2 anos,2006-12-01,164,164,132,296
QUIABAYA,nutricion y desarrollo infantil,controles repetidos en ninos menores de 2 anos,2006-12-01,30,30,31,61
QUILLACOLLO,nutricion y desarrollo infantil,controles repetidos en ninos menores de 2 anos,2006-12-01,396,396,353,749
QUIME,nutricion y desarrollo infantil,controles repetidos en ninos menores de 2 anos,2006-12-01,69,69,78,147
QUIRUSILLAS,nutricion y desarrollo infantil,controles repetidos en ninos menores de 2 anos,2006-12-01,16,16,8,24
RAVELO,nutricion y desarrollo infantil,controles repetidos en ninos menores de 2 anos,2006-12-01,296,296,261,557
REYES,nutricion y desarrollo infantil,controles repetidos en ninos menores de 2 anos,2006-12-01,97,97,96,193
RIBERALTA,nutricion y desarrollo infantil,controles repetidos en ninos menores de 2 anos,2006-12-01,1061,1061,988,2049
ROBORE,nutricion y desarrollo infantil,controles repetidos en ninos menores de 2 anos,2006-12-01,107,107,89,196
RURRENABAQUE,nutricion y desarrollo infantil,controles repetidos en ninos menores de 2 anos,2006-12-01,78,78,69,147
SABAYA,nutricion y desarrollo infantil,controles repetidos en ninos menores de 2 anos,2006-12-01,26,26,19,45
SACABA,nutricion y desarrollo infantil,controles repetidos en ninos menores de 2 anos,2006-12-01,204,204,211,415
SACABAMBA,nutricion y desarrollo infantil,controles repetidos en ninos menores de 2 anos,2006-12-01,17,17,15,32
SACACA,nutricion y desarrollo infantil,controles repetidos en ninos menores de 2 anos,2006-12-01,336,336,351,687
SAIPINA,nutricion y desarrollo infantil,controles repetidos en ninos menores de 2 anos,2006-12-01,68,68,44,112
SALINAS DE GARCI MENDOZA,nutricion y desarrollo infantil,controles repetidos en ninos menores de 2 anos,2006-12-01,100,100,85,185
SAMAIPATA,nutricion y desarrollo infantil,controles repetidos en ninos menores de 2 anos,2006-12-01,101,101,72,173
SAN AGUSTIN,nutricion y desarrollo infantil,controles repetidos en ninos menores de 2 anos,2006-12-01,17,17,13,30
SAN ANDRES,nutricion y desarrollo infantil,controles repetidos en ninos menores de 2 anos,2006-12-01,54,54,53,107
SAN ANDRES DE MACHACA,nutricion y desarrollo infantil,controles repetidos en ninos menores de 2 anos,2006-12-01,20,20,18,38
SAN ANTONIO DE ESMORUCO,nutricion y desarrollo infantil,controles repetidos en ninos menores de 2 anos,2006-12-01,24,24,23,47
SAN ANTONIO DE LOMERIO,nutricion y desarrollo infantil,controles repetidos en ninos menores de 2 anos,2006-12-01,91,91,108,199
SAN BENITO,nutricion y desarrollo infantil,controles repetidos en ninos menores de 2 anos,2006-12-01,38,38,28,66
SAN BORJA,nutricion y desarrollo infantil,controles repetidos en ninos menores de 2 anos,2006-12-01,433,433,421,854
SAN BUENA VENTURA,nutricion y desarrollo infantil,controles repetidos en ninos menores de 2 anos,2006-12-01,57,57,68,125
SAN CARLOS,nutricion y desarrollo infantil,controles repetidos en ninos menores de 2 anos,2006-12-01,286,286,252,538
SAN IGNACIO,nutricion y desarrollo infantil,controles repetidos en ninos menores de 2 anos,2006-12-01,171,171,158,329
SAN IGNACIO DE VELASCO,nutricion y desarrollo infantil,controles repetidos en ninos menores de 2 anos,2006-12-01,460,460,489,949
SAN JAVIER(BNI),nutricion y desarrollo infantil,controles repetidos en ninos menores de 2 anos,2006-12-01,6,6,10,16
SAN JAVIER(STC),nutricion y desarrollo infantil,controles repetidos en ninos menores de 2 anos,2006-12-01,120,120,129,249
SAN JOAQUIN,nutricion y desarrollo infantil,controles repetidos en ninos menores de 2 anos,2006-12-01,19,19,17,36
SAN JOSE DE CHIQUITOS,nutricion y desarrollo infantil,controles repetidos en ninos menores de 2 anos,2006-12-01,75,75,71,146
SAN JUAN DE YAPACANI,nutricion y desarrollo infantil,controles repetidos en ninos menores de 2 anos,2006-12-01,100,100,117,217
SAN JULIAN,nutricion y desarrollo infantil,controles repetidos en ninos menores de 2 anos,2006-12-01,91,91,68,159
SAN LORENZO(PND),nutricion y desarrollo infantil,controles repetidos en ninos menores de 2 anos,2006-12-01,29,29,29,58
SAN LORENZO(TJA),nutricion y desarrollo infantil,controles repetidos en ninos menores de 2 anos,2006-12-01,200,200,200,400
SAN LUCAS,nutricion y desarrollo infantil,controles repetidos en ninos menores de 2 anos,2006-12-01,518,518,485,1003
SAN MATIAS,nutricion y desarrollo infantil,controles repetidos en ninos menores de 2 anos,2006-12-01,76,76,67,143
SAN MIGUEL DE VELASCO,nutricion y desarrollo infantil,controles repetidos en ninos menores de 2 anos,2006-12-01,144,144,118,262
SAN PABLO DE LIPEZ,nutricion y desarrollo infantil,controles repetidos en ninos menores de 2 anos,2006-12-01,36,36,25,61
SAN PEDRO,nutricion y desarrollo infantil,controles repetidos en ninos menores de 2 anos,2006-12-01,140,140,141,281
SAN PEDRO DE BUENA VISTA,nutricion y desarrollo infantil,controles repetidos en ninos menores de 2 anos,2006-12-01,236,236,227,463
SAN PEDRO DE CURAHUARA,nutricion y desarrollo infantil,controles repetidos en ninos menores de 2 anos,2006-12-01,16,16,22,38
SAN PEDRO DE QUEMES,nutricion y desarrollo infantil,controles repetidos en ninos menores de 2 anos,2006-12-01,3,3,10,13
SAN PEDRO DE TIQUINA,nutricion y desarrollo infantil,controles repetidos en ninos menores de 2 anos,2006-12-01,27,27,33,60
SAN PEDRO(PND),nutricion y desarrollo infantil,controles repetidos en ninos menores de 2 anos,2006-12-01,11,11,7,18
SAN RAFAEL,nutricion y desarrollo infantil,controles repetidos en ninos menores de 2 anos,2006-12-01,54,54,64,118
SAN RAMON,nutricion y desarrollo infantil,controles repetidos en ninos menores de 2 anos,2006-12-01,52,52,46,98
SAN RAMON,nutricion y desarrollo infantil,controles repetidos en ninos menores de 2 anos,2006-12-01,42,42,45,87
SANTA ANA,nutricion y desarrollo infantil,controles repetidos en ninos menores de 2 anos,2006-12-01,86,86,71,157
SANTA CRUZ DE LA SIERRA,nutricion y desarrollo infantil,controles repetidos en ninos menores de 2 anos,2006-12-01,4059,4059,3502,7561
SANTA ROSA,nutricion y desarrollo infantil,controles repetidos en ninos menores de 2 anos,2006-12-01,76,76,77,153
SANTA ROSA DEL SARA,nutricion y desarrollo infantil,controles repetidos en ninos menores de 2 anos,2006-12-01,126,126,131,257
SANTIAGO DE CALLAPA,nutricion y desarrollo infantil,controles repetidos en ninos menores de 2 anos,2006-12-01,9,9,20,29
SANTIAGO DE HUARI,nutricion y desarrollo infantil,controles repetidos en ninos menores de 2 anos,2006-12-01,75,75,63,138
SANTIAGO DE MACHACA,nutricion y desarrollo infantil,controles repetidos en ninos menores de 2 anos,2006-12-01,20,20,23,43
SANTIVAÑES,nutricion y desarrollo infantil,controles repetidos en ninos menores de 2 anos,2006-12-01,47,47,44,91
SANTUARIO DE QUILLACAS,nutricion y desarrollo infantil,controles repetidos en ninos menores de 2 anos,2006-12-01,22,22,16,38
SAPAHAQUI,nutricion y desarrollo infantil,controles repetidos en ninos menores de 2 anos,2006-12-01,90,90,77,167
SENA,nutricion y desarrollo infantil,controles repetidos en ninos menores de 2 anos,2006-12-01,42,42,36,78
SICA SICA (VILLA AROMA),nutricion y desarrollo infantil,controles repetidos en ninos menores de 2 anos,2006-12-01,115,115,99,214
SICAYA,nutricion y desarrollo infantil,controles repetidos en ninos menores de 2 anos,2006-12-01,19,19,20,39
SIPE SIPE,nutricion y desarrollo infantil,controles repetidos en ninos menores de 2 anos,2006-12-01,251,251,236,487
SOPACHUY,nutricion y desarrollo infantil,controles repetidos en ninos menores de 2 anos,2006-12-01,147,147,119,266
SORACACHI,nutricion y desarrollo infantil,controles repetidos en ninos menores de 2 anos,2006-12-01,91,91,92,183
SORATA,nutricion y desarrollo infantil,controles repetidos en ninos menores de 2 anos,2006-12-01,63,63,66,129
SUCRE,nutricion y desarrollo infantil,controles repetidos en ninos menores de 2 anos,2006-12-01,1116,1116,1041,2157
TACACHI,nutricion y desarrollo infantil,controles repetidos en ninos menores de 2 anos,2006-12-01,0,0,1,1
TACACOMA,nutricion y desarrollo infantil,controles repetidos en ninos menores de 2 anos,2006-12-01,38,38,31,69
TACOBAMBA,nutricion y desarrollo infantil,controles repetidos en ninos menores de 2 anos,2006-12-01,87,87,89,176
TACOPAYA,nutricion y desarrollo infantil,controles repetidos en ninos menores de 2 anos,2006-12-01,116,116,102,218
TAHUA,nutricion y desarrollo infantil,controles repetidos en ninos menores de 2 anos,2006-12-01,16,16,11,27
TAPACARI,nutricion y desarrollo infantil,controles repetidos en ninos menores de 2 anos,2006-12-01,272,272,218,490
TARABUCO,nutricion y desarrollo infantil,controles repetidos en ninos menores de 2 anos,2006-12-01,351,351,344,695
TARACO,nutricion y desarrollo infantil,controles repetidos en ninos menores de 2 anos,2006-12-01,27,27,34,61
TARATA,nutricion y desarrollo infantil,controles repetidos en ninos menores de 2 anos,2006-12-01,61,61,55,116
TARIJA,nutricion y desarrollo infantil,controles repetidos en ninos menores de 2 anos,2006-12-01,981,981,918,1899
TARVITA,nutricion y desarrollo infantil,controles repetidos en ninos menores de 2 anos,2006-12-01,164,164,147,311
TEOPONTE,nutricion y desarrollo infantil,controles repetidos en ninos menores de 2 anos,2006-12-01,74,74,76,150
TIAWANACU,nutricion y desarrollo infantil,controles repetidos en ninos menores de 2 anos,2006-12-01,70,70,68,138
TINGUIPAYA,nutricion y desarrollo infantil,controles repetidos en ninos menores de 2 anos,2006-12-01,138,138,137,275
TIPUANI,nutricion y desarrollo infantil,controles repetidos en ninos menores de 2 anos,2006-12-01,50,50,61,111
TIQUIPAYA,nutricion y desarrollo infantil,controles repetidos en ninos menores de 2 anos,2006-12-01,84,84,79,163
TIRAQUE (CBBA),nutricion y desarrollo infantil,controles repetidos en ninos menores de 2 anos,2006-12-01,196,196,196,392
TITO YUPANQUI (PARQUIPUJIO),nutricion y desarrollo infantil,controles repetidos en ninos menores de 2 anos,2006-12-01,7,7,11,18
TOCO,nutricion y desarrollo infantil,controles repetidos en ninos menores de 2 anos,2006-12-01,24,24,18,42
TODOS SANTOS,nutricion y desarrollo infantil,controles repetidos en ninos menores de 2 anos,2006-12-01,2,2,1,3
TOLATA,nutricion y desarrollo infantil,controles repetidos en ninos menores de 2 anos,2006-12-01,16,16,12,28
TOLEDO,nutricion y desarrollo infantil,controles repetidos en ninos menores de 2 anos,2006-12-01,42,42,38,80
TOMAVE,nutricion y desarrollo infantil,controles repetidos en ninos menores de 2 anos,2006-12-01,118,118,103,221
TOMINA,nutricion y desarrollo infantil,controles repetidos en ninos menores de 2 anos,2006-12-01,199,199,180,379
TORO TORO,nutricion y desarrollo infantil,controles repetidos en ninos menores de 2 anos,2006-12-01,207,207,188,395
TOTORA(CBBA),nutricion y desarrollo infantil,controles repetidos en ninos menores de 2 anos,2006-12-01,66,66,44,110
TOTORA(ORR),nutricion y desarrollo infantil,controles repetidos en ninos menores de 2 anos,2006-12-01,28,28,39,67
TRIGAL,nutricion y desarrollo infantil,controles repetidos en ninos menores de 2 anos,2006-12-01,17,17,15,32
TRINIDAD,nutricion y desarrollo infantil,controles repetidos en ninos menores de 2 anos,2006-12-01,484,484,388,872
TUPIZA,nutricion y desarrollo infantil,controles repetidos en ninos menores de 2 anos,2006-12-01,419,419,389,808
TURCO,nutricion y desarrollo infantil,controles repetidos en ninos menores de 2 anos,2006-12-01,23,23,12,35
UMALA,nutricion y desarrollo infantil,controles repetidos en ninos menores de 2 anos,2006-12-01,29,29,34,63
UNCIA,nutricion y desarrollo infantil,controles repetidos en ninos menores de 2 anos,2006-12-01,203,203,177,380
URIONDO (A. CONCEPCION),nutricion y desarrollo infantil,controles repetidos en ninos menores de 2 anos,2006-12-01,169,169,139,308
URUBICHA,nutricion y desarrollo infantil,controles repetidos en ninos menores de 2 anos,2006-12-01,131,131,155,286
UYUNI,nutricion y desarrollo infantil,controles repetidos en ninos menores de 2 anos,2006-12-01,308,308,246,554
VACAS,nutricion y desarrollo infantil,controles repetidos en ninos menores de 2 anos,2006-12-01,69,69,56,125
VALLEGRANDE,nutricion y desarrollo infantil,controles repetidos en ninos menores de 2 anos,2006-12-01,124,124,98,222
VIACHA,nutricion y desarrollo infantil,controles repetidos en ninos menores de 2 anos,2006-12-01,242,242,209,451
VILA VILA,nutricion y desarrollo infantil,controles repetidos en ninos menores de 2 anos,2006-12-01,11,11,21,32
VILLA MONTES,nutricion y desarrollo infantil,controles repetidos en ninos menores de 2 anos,2006-12-01,128,128,102,230
VILLA NUEVA (LOMA ALTA),nutricion y desarrollo infantil,controles repetidos en ninos menores de 2 anos,2006-12-01,1,1,3,4
VILLA RIVERO,nutricion y desarrollo infantil,controles repetidos en ninos menores de 2 anos,2006-12-01,2,2,6,8
VILLA SERRANO,nutricion y desarrollo infantil,controles repetidos en ninos menores de 2 anos,2006-12-01,177,177,192,369
VILLA TUNARI,nutricion y desarrollo infantil,controles repetidos en ninos menores de 2 anos,2006-12-01,289,289,245,534
VILLA VACA GUZMAN (MUYUPAMPA),nutricion y desarrollo infantil,controles repetidos en ninos menores de 2 anos,2006-12-01,130,130,149,279
VILLAZON,nutricion y desarrollo infantil,controles repetidos en ninos menores de 2 anos,2006-12-01,349,349,322,671
VINTO,nutricion y desarrollo infantil,controles repetidos en ninos menores de 2 anos,2006-12-01,66,66,70,136
VITICHI,nutricion y desarrollo infantil,controles repetidos en ninos menores de 2 anos,2006-12-01,116,116,113,229
WALDO BALLIVIAN,nutricion y desarrollo infantil,controles repetidos en ninos menores de 2 anos,2006-12-01,11,11,12,23
WARNES,nutricion y desarrollo infantil,controles repetidos en ninos menores de 2 anos,2006-12-01,327,327,291,618
YACO,nutricion y desarrollo infantil,controles repetidos en ninos menores de 2 anos,2006-12-01,27,27,29,56
YACUIBA,nutricion y desarrollo infantil,controles repetidos en ninos menores de 2 anos,2006-12-01,493,493,364,857
YAMPARAEZ,nutricion y desarrollo infantil,controles repetidos en ninos menores de 2 anos,2006-12-01,163,163,159,322
YANACACHI,nutricion y desarrollo infantil,controles repetidos en ninos menores de 2 anos,2006-12-01,25,25,16,41
YAPACANI,nutricion y desarrollo infantil,controles repetidos en ninos menores de 2 anos,2006-12-01,426,426,424,850
YOCALLA,nutricion y desarrollo infantil,controles repetidos en ninos menores de 2 anos,2006-12-01,50,50,30,80
YOTALA,nutricion y desarrollo infantil,controles repetidos en ninos menores de 2 anos,2006-12-01,87,87,93,180
YUNCHARA,nutricion y desarrollo infantil,controles repetidos en ninos menores de 2 anos,2006-12-01,61,61,59,120
ZUDAÑEZ,nutricion y desarrollo infantil,controles repetidos en ninos menores de 2 anos,2006-12-01,127,127,118,245
